{
"metadata": {
    "version": {
        "essentia": "2.1-beta5",
        "essentia_git_sha": "Undefined",
        "extractor": "music 2.0"
    },
    "audio_properties": {
        "analysis": {
            "equal_loudness": 0,
            "length": 29.0017242432,
            "sample_rate": 44100,
            "start_time": 0,
            "downmix": "mix"
        },
        "bit_rate": 192000,
        "length": 236.797103882,
        "lossless": 0,
        "number_channels": 2,
        "replay_gain": -6.82644844055,
        "sample_rate": 44100,
        "codec": "mp3",
        "md5_encoded": "aa2c961a14da04e75fdf17bb3b0fc9fa"
    },
    "tags": {
        "file_name": "Sweden_Absent Friend_Ingvar Wixell.mp3",
        "encoding": ["Lavf58.29.100"]
    }
},
"lowlevel": {
    "average_loudness": 0.94757270813,
    "barkbands_crest": {
        "max": 23.9097042084,
        "mean": 10.7888422012,
        "min": 3.41183400154,
        "stdev": 3.81827330589
    },
    "barkbands_flatness_db": {
        "max": 0.332220762968,
        "mean": 0.166000455618,
        "min": 0.0660542622209,
        "stdev": 0.0622095502913
    },
    "barkbands_kurtosis": {
        "max": 40.2071800232,
        "mean": 3.54366636276,
        "min": -1.82411015034,
        "stdev": 5.17281866074
    },
    "barkbands_skewness": {
        "max": 5.27471017838,
        "mean": 1.0850635767,
        "min": -3.58236813545,
        "stdev": 1.1725512743
    },
    "barkbands_spread": {
        "max": 60.9166526794,
        "mean": 18.2488422394,
        "min": 1.22003936768,
        "stdev": 13.209069252
    },
    "dissonance": {
        "max": 0.499953866005,
        "mean": 0.435322463512,
        "min": 0.129689663649,
        "stdev": 0.0692935138941
    },
    "dynamic_complexity": 8.14739322662,
    "erbbands_crest": {
        "max": 26.8950538635,
        "mean": 10.1594181061,
        "min": 2.85281467438,
        "stdev": 4.55961894989
    },
    "erbbands_flatness_db": {
        "max": 0.411796689034,
        "mean": 0.209068015218,
        "min": 0.0871777907014,
        "stdev": 0.0765100494027
    },
    "erbbands_kurtosis": {
        "max": 24.3595848083,
        "mean": 1.60968255997,
        "min": -1.81734585762,
        "stdev": 3.11677575111
    },
    "erbbands_skewness": {
        "max": 3.3122241497,
        "mean": 0.419766366482,
        "min": -3.94800448418,
        "stdev": 0.996796786785
    },
    "erbbands_spread": {
        "max": 66.3928146362,
        "mean": 23.7248840332,
        "min": 2.31738114357,
        "stdev": 13.9742288589
    },
    "hfc": {
        "max": 68.3416290283,
        "mean": 7.7611913681,
        "min": 1.12129003948e-16,
        "stdev": 13.3002758026
    },
    "loudness_ebu128": {
        "integrated": -20.5733604431,
        "loudness_range": 2.48557090759,
        "momentary": {
            "max": -15.4705085754,
            "mean": -23.1782093048,
            "min": -38.3424453735,
            "stdev": 5.3065700531
        },
        "short_term": {
            "max": -19.5246295929,
            "mean": -21.2491283417,
            "min": -26.0935878754,
            "stdev": 1.094217062
        }
    },
    "melbands_crest": {
        "max": 30.5852890015,
        "mean": 15.2163200378,
        "min": 1.67172157764,
        "stdev": 5.94058227539
    },
    "melbands_flatness_db": {
        "max": 0.388669967651,
        "mean": 0.221552982926,
        "min": 0.0051099602133,
        "stdev": 0.0677545666695
    },
    "melbands_kurtosis": {
        "max": 70.1267852783,
        "mean": 7.22000837326,
        "min": -1.81895399094,
        "stdev": 8.31530189514
    },
    "melbands_skewness": {
        "max": 6.54983139038,
        "mean": 1.71521365643,
        "min": -1.56051528454,
        "stdev": 1.31721282005
    },
    "melbands_spread": {
        "max": 146.598175049,
        "mean": 23.6667308807,
        "min": 1.63895535469,
        "stdev": 21.8617401123
    },
    "pitch_salience": {
        "max": 0.923499584198,
        "mean": 0.64300352335,
        "min": 0.270188570023,
        "stdev": 0.124011166394
    },
    "silence_rate_20dB": {
        "max": 1,
        "mean": 1,
        "min": 1,
        "stdev": 0
    },
    "silence_rate_30dB": {
        "max": 1,
        "mean": 1,
        "min": 1,
        "stdev": 0
    },
    "silence_rate_60dB": {
        "max": 1,
        "mean": 0.569599986076,
        "min": 0,
        "stdev": 0.495131105185
    },
    "spectral_centroid": {
        "max": 11535.8984375,
        "mean": 1305.92529297,
        "min": 359.249267578,
        "stdev": 953.572143555
    },
    "spectral_complexity": {
        "max": 29,
        "mean": 6.2624001503,
        "min": 0,
        "stdev": 6.16350221634
    },
    "spectral_decrease": {
        "max": 7.46766335909e-29,
        "mean": -2.81023404547e-09,
        "min": -2.18570193056e-08,
        "stdev": 4.72256722617e-09
    },
    "spectral_energy": {
        "max": 0.0873265266418,
        "mean": 0.0113104246557,
        "min": 1.00542971428e-20,
        "stdev": 0.0189932361245
    },
    "spectral_energyband_high": {
        "max": 7.57379166316e-05,
        "mean": 8.76214835444e-06,
        "min": 7.49510049401e-21,
        "stdev": 4.90556340083e-06
    },
    "spectral_energyband_low": {
        "max": 0.00260345102288,
        "mean": 0.000275074387901,
        "min": 3.31360076605e-23,
        "stdev": 0.000239455897827
    },
    "spectral_energyband_middle_high": {
        "max": 0.0677672922611,
        "mean": 0.00257046194747,
        "min": 1.35228924413e-21,
        "stdev": 0.006056222599
    },
    "spectral_energyband_middle_low": {
        "max": 0.0794440358877,
        "mean": 0.00864129699767,
        "min": 1.98897355434e-22,
        "stdev": 0.0152985686436
    },
    "spectral_entropy": {
        "max": 9.81551551819,
        "mean": 7.30580711365,
        "min": 5.57355308533,
        "stdev": 0.644171357155
    },
    "spectral_flux": {
        "max": 0.298604488373,
        "mean": 0.0574011355639,
        "min": 6.47627229622e-11,
        "stdev": 0.0579578988254
    },
    "spectral_kurtosis": {
        "max": 62.9747467041,
        "mean": 12.322016716,
        "min": -1.22001862526,
        "stdev": 10.3951091766
    },
    "spectral_rms": {
        "max": 0.0092302011326,
        "mean": 0.002383754123,
        "min": 3.13194348928e-12,
        "stdev": 0.00231350027025
    },
    "spectral_rolloff": {
        "max": 19164.5507812,
        "mean": 1310.95922852,
        "min": 215.33203125,
        "stdev": 1431.77294922
    },
    "spectral_skewness": {
        "max": 6.2120513916,
        "mean": 2.39998412132,
        "min": -0.0460793562233,
        "stdev": 0.955409407616
    },
    "spectral_spread": {
        "max": 41531852,
        "mean": 3406693,
        "min": 1067238.75,
        "stdev": 2852788.75
    },
    "spectral_strongpeak": {
        "max": 7.30617141724,
        "mean": 0.774928510189,
        "min": 0,
        "stdev": 1.1367431879
    },
    "zerocrossingrate": {
        "max": 0.51220703125,
        "mean": 0.0505632795393,
        "min": 0.0146484375,
        "stdev": 0.0366524495184
    },
    "barkbands": {
        "max": [0.00179481669329, 0.00091476761736, 0.000882970285602, 0.00288257026114, 0.0139963570982, 0.0556236058474, 0.0531077831984, 0.0570843778551, 0.0673477947712, 0.058867868036, 0.0166117679328, 0.0183520577848, 0.00782530661672, 0.0162335243076, 0.00800139456987, 0.00629136245698, 0.00553045561537, 0.00598694756627, 0.00139722914901, 4.38561764895e-05, 3.98688134737e-05, 1.25882852444e-05, 9.20943784877e-06, 7.0830092227e-06, 5.20684443472e-06, 8.74709348864e-06, 2.52784303711e-07],
        "mean": [3.81108402507e-05, 0.00015409142361, 4.97302935401e-05, 0.000107437779661, 0.000648800923955, 0.00142889446579, 0.00152919860557, 0.00227393070236, 0.00237119779922, 0.00104796269443, 0.000401199009502, 0.000302075903164, 0.000199019486899, 0.00025109841954, 0.000187473910046, 0.000113610389235, 0.000117400231829, 5.41296540177e-05, 2.47011121246e-05, 3.26491340275e-06, 2.11053747989e-06, 1.2591497125e-06, 1.10845849122e-06, 1.32502987071e-06, 9.14262898277e-07, 3.90792592952e-07, 5.91118265447e-10],
        "min": [6.29902198489e-24, 8.28513866369e-24, 1.05789146454e-24, 1.77142621129e-24, 1.44449361651e-23, 5.27133422948e-24, 3.89351355895e-23, 1.94579578912e-23, 4.93653976803e-23, 2.68623136327e-23, 2.63641669037e-23, 8.71610773348e-23, 1.04031006632e-22, 5.73042319287e-23, 5.16527629839e-23, 7.37962716092e-23, 1.1981137387e-22, 1.23088403044e-22, 1.63520313849e-22, 2.15763958894e-22, 3.45604052032e-22, 3.96780955185e-22, 5.20240817053e-22, 7.17876196987e-22, 1.0420832868e-21, 1.48171201091e-21, 2.22873314736e-21],
        "stdev": [9.06115965336e-05, 0.000110862034489, 9.53491835389e-05, 0.000258784799371, 0.00136661936995, 0.00439549284056, 0.00408788770437, 0.00611118180677, 0.00665473425761, 0.00376531388611, 0.00135901593603, 0.0012126370566, 0.000614131276961, 0.000898711965419, 0.000537226151209, 0.000371241185348, 0.000284548266791, 0.000245814095251, 7.87432654761e-05, 3.00176589008e-06, 1.9627589154e-06, 6.32872001916e-07, 4.72084224157e-07, 4.18360031063e-07, 2.87202169602e-07, 2.74340209216e-07, 7.19131421079e-09]
    },
    "erbbands": {
        "max": [0.0458569228649, 0.136712297797, 0.580240368843, 6.11177492142, 10.7158041, 66.425819397, 316.198486328, 684.561706543, 608.500305176, 833.161682129, 1136.07250977, 1925.94384766, 1556.29724121, 1118.00634766, 828.195861816, 464.538330078, 350.300415039, 560.571411133, 694.303649902, 235.010574341, 428.662200928, 181.052124023, 402.605102539, 167.864486694, 37.2590942383, 2.06709527969, 2.76918268204, 0.803214371204, 0.440837621689, 0.407569795847, 0.24342776835, 0.191879943013, 0.0908238068223, 0.059114228934, 0.0366976410151, 0.0265067312866, 0.018375063315, 0.00316033232957, 8.6173073214e-05, 9.96231538011e-05],
        "mean": [0.00790514051914, 0.0214728508145, 0.0430088490248, 0.239670783281, 0.703451275826, 2.5855050087, 5.44699430466, 14.5412750244, 19.1566963196, 33.3251724243, 54.5706825256, 53.1101799011, 37.8047714233, 27.5983219147, 16.5048713684, 11.0987300873, 9.29252147675, 11.8288793564, 11.8747472763, 7.66148805618, 6.7104344368, 6.40580463409, 3.63863778114, 1.71837675571, 0.812066435814, 0.17636449635, 0.111571066082, 0.0668430477381, 0.0467584766448, 0.0367953330278, 0.0321737155318, 0.0360564254224, 0.0160790383816, 0.010266317986, 0.00648619467393, 0.00295937317424, 0.000439116236521, 1.41185673783e-05, 6.22070410827e-06, 1.31046699607e-05],
        "min": [2.8264174366e-22, 1.58076345614e-21, 2.17317795259e-21, 8.09107523962e-21, 1.71019640113e-20, 3.68799736265e-20, 3.92494971146e-20, 4.31746177552e-20, 3.39442094661e-19, 3.7640478958e-19, 6.70123622852e-19, 9.39423955195e-19, 1.06706205962e-18, 1.02769012361e-18, 1.28002580877e-18, 3.72400351366e-18, 5.17990591184e-18, 3.21772637898e-18, 2.77323550015e-18, 3.48605508429e-18, 4.05227923874e-18, 6.96464817228e-18, 6.76344517367e-18, 9.82242732129e-18, 9.54632849489e-18, 9.69417627604e-18, 9.66922850877e-18, 1.50563100768e-17, 1.44011449814e-17, 1.67347637645e-17, 1.40858683996e-17, 1.42263732985e-17, 1.19674241093e-17, 1.15569580642e-17, 6.89621345225e-18, 4.71986445109e-18, 3.10409637144e-18, 1.08157845898e-18, 2.96107860128e-19, 3.18235607136e-20],
        "stdev": [0.00573262525722, 0.0160184726119, 0.0696910694242, 0.49444565177, 1.25972080231, 5.83095502853, 17.3279323578, 50.1731071472, 52.313621521, 87.5131378174, 144.297927856, 148.994644165, 116.754966736, 95.3823471069, 62.0614395142, 37.7217597961, 26.7612323761, 38.8423843384, 37.1705169678, 20.4332065582, 21.9113101959, 13.8378505707, 14.9495220184, 6.45979118347, 2.42008948326, 0.175244674087, 0.134852692485, 0.0435930676758, 0.0246754940599, 0.0177594348788, 0.013419225812, 0.0125250257552, 0.00528568727896, 0.00336955464445, 0.00219270889647, 0.00114204059355, 0.000557392602786, 8.93032774911e-05, 9.83937115961e-06, 2.18664372369e-05]
    },
    "gfcc": {
        "mean": [-143.422286987, 115.018409729, -134.543182373, 14.0184764862, -56.0640869141, 11.470126152, -47.1050796509, 21.5977306366, -14.4684610367, 4.78315734863, -9.73567676544, 1.25198602676, -3.57307505608],
        "cov": [[9387.49511719, 2238.62890625, -1227.4708252, -1593.11657715, -593.94140625, -807.85546875, -397.333007812, -143.5859375, 238.987091064, -360.104675293, -64.4915771484, -208.184661865, 93.3199157715], [2238.62890625, 1075.20397949, -128.093139648, -937.196044922, -379.632080078, -489.415771484, -112.761772156, -196.763565063, 120.774032593, -213.547607422, -7.78535175323, -98.6164627075, 73.9509429932], [-1227.4708252, -128.093139648, 540.367919922, 327.331329346, -125.747276306, -33.6336631775, -41.6076469421, -70.5216751099, -81.9124221802, 46.0678901672, 9.11449146271, 76.2169799805, 27.3085803986], [-1593.11657715, -937.196044922, 327.331329346, 1251.54663086, 311.9402771, 323.581359863, -106.411453247, 145.733963013, -159.858200073, 227.439544678, 4.75677442551, 150.38684082, -38.3715553284], [-593.94140625, -379.632080078, -125.747276306, 311.9402771, 328.409790039, 136.783966064, -28.5000247955, 66.7011642456, 8.3335018158, 56.825668335, -5.43145084381, 5.17554807663, -31.1791629791], [-807.85546875, -489.415771484, -33.6336631775, 323.581359863, 136.783966064, 468.986236572, 200.508804321, 87.9027786255, -97.7450180054, 122.105010986, -9.3726606369, 22.3130016327, -48.7547340393], [-397.333007812, -112.761772156, -41.6076469421, -106.411453247, -28.5000247955, 200.508804321, 254.488815308, 61.5902290344, -45.6924858093, -6.59594488144, 14.2828922272, -9.43668651581, -28.1909713745], [-143.5859375, -196.763565063, -70.5216751099, 145.733963013, 66.7011642456, 87.9027786255, 61.5902290344, 130.311981201, 13.103228569, 24.2383346558, -8.68780994415, 11.6483440399, -24.7410545349], [238.987091064, 120.774032593, -81.9124221802, -159.858200073, 8.3335018158, -97.7450180054, -45.6924858093, 13.103228569, 122.163658142, -2.05960035324, -29.3347434998, -45.8532714844, 12.598110199], [-360.104675293, -213.547607422, 46.0678901672, 227.439544678, 56.825668335, 122.105010986, -6.59594488144, 24.2383346558, -2.05960035324, 116.470039368, 7.1893029213, 8.69660377502, -19.5878734589], [-64.4915771484, -7.78535175323, 9.11449146271, 4.75677442551, -5.43145084381, -9.3726606369, 14.2828922272, -8.68780994415, -29.3347434998, 7.1893029213, 63.729434967, 24.7583141327, -17.8872375488], [-208.184661865, -98.6164627075, 76.2169799805, 150.38684082, 5.17554807663, 22.3130016327, -9.43668651581, 11.6483440399, -45.8532714844, 8.69660377502, 24.7583141327, 74.0141677856, 17.4950962067], [93.3199157715, 73.9509429932, 27.3085803986, -38.3715553284, -31.1791629791, -48.7547340393, -28.1909713745, -24.7410545349, 12.598110199, -19.5878734589, -17.8872375488, 17.4950962067, 63.100566864]],
        "icov": [[0.00122783565894, -0.00461223861203, 0.00380354025401, -0.00243040570058, 0.00123417994473, -7.18516821507e-05, -1.19079095384e-05, -0.000806296942756, 0.00123962888028, -0.0016094824532, 0.00189165852498, -0.00149859092198, 0.000902917876374], [-0.00461223861203, 0.0272671245039, -0.0115749211982, 0.0113673973829, 0.00298880110495, 0.00220559188165, 0.00361851928756, 0.00851655192673, -0.00686822924763, 0.0116715775803, -0.00903587695211, 0.00904043857008, -0.00514954421669], [0.00380354025401, -0.0115749211982, 0.0201254785061, -0.0135688139126, 0.0107060354203, 0.00441898405552, -0.00731611810625, 0.0109162610024, -0.00296408007853, -0.00254269759171, 0.00895753409714, -0.00841309316456, 0.00536932842806], [-0.00243040570058, 0.0113673973829, -0.0135688139126, 0.0171570815146, -0.00819839723408, -0.000972404144704, 0.0111533785239, -0.0134826041758, 0.0131439417601, -0.00690173450857, -0.00064839766128, 0.00195285805967, -0.00401986716315], [0.00123417994473, 0.00298880110495, 0.0107060354203, -0.00819839723408, 0.0171196721494, -0.00126960896887, 0.000268864474492, 0.0116253923625, -0.0122151542455, 0.0117308562621, -0.00403713667765, 0.00254135672003, 0.00144099141471], [-7.18516821507e-05, 0.00220559188165, 0.00441898405552, -0.000972404144704, -0.00126960896887, 0.0162585135549, -0.0131383873522, 0.00690812896937, 0.00729439407587, -0.0142010273412, 0.0146528715268, -0.00708286324516, 0.00404412625358], [-1.19079095384e-05, 0.00361851928756, -0.00731611810625, 0.0111533785239, 0.000268864474492, -0.0131383873522, 0.0264447722584, -0.0200346894562, 0.00972516741604, 0.00592186534777, -0.0125147532672, 0.011325831525, -0.0071249823086], [-0.000806296942756, 0.00851655192673, 0.0109162610024, -0.0134826041758, 0.0116253923625, 0.00690812896937, -0.0200346894562, 0.0432204417884, -0.0283563733101, 0.0140507603064, 0.00483094062656, -0.0106191784143, 0.0117024844512], [0.00123962888028, -0.00686822924763, -0.00296408007853, 0.0131439417601, -0.0122151542455, 0.00729439407587, 0.00972516741604, -0.0283563733101, 0.04646300897, -0.0300993956625, 0.0150649221614, 0.00400935206562, -0.00714259594679], [-0.0016094824532, 0.0116715775803, -0.00254269759171, -0.00690173450857, 0.0117308562621, -0.0142010273412, 0.00592186534777, 0.0140507603064, -0.0300993956625, 0.0455789007246, -0.0252259373665, 0.0146928597242, -0.00248241075315], [0.00189165852498, -0.00903587695211, 0.00895753409714, -0.00064839766128, -0.00403713667765, 0.0146528715268, -0.0125147532672, 0.00483094062656, 0.0150649221614, -0.0252259373665, 0.0472890213132, -0.0293296705931, 0.0198494233191], [-0.00149859092198, 0.00904043857008, -0.00841309316456, 0.00195285805967, 0.00254135672003, -0.00708286324516, 0.011325831525, -0.0106191784143, 0.00400935206562, 0.0146928597242, -0.0293296705931, 0.0474908836186, -0.024591518566], [0.000902917876374, -0.00514954421669, 0.00536932842806, -0.00401986716315, 0.00144099141471, 0.00404412625358, -0.0071249823086, 0.0117024844512, -0.00714259594679, -0.00248241075315, 0.0198494233191, -0.024591518566, 0.0341215208173]]
    },
    "melbands": {
        "max": [0.00040121236816, 0.000271460099611, 0.000991211156361, 0.00222055986524, 0.00849846284837, 0.013443781063, 0.0100560020655, 0.00877134222537, 0.00899860262871, 0.0104664936662, 0.00848430860788, 0.00558499619365, 0.0022480096668, 0.00263207452372, 0.00082899723202, 0.0010341439629, 0.00134084478486, 0.00123729323968, 0.000505034578964, 0.000347555265762, 0.000524592236616, 0.000286776368739, 0.000281375134364, 0.00025833203108, 0.000134168032673, 4.51923551736e-05, 3.89813112633e-06, 1.63765105299e-06, 2.0802299332e-06, 5.58839872156e-07, 4.23844653596e-07, 2.34637553831e-07, 2.48118169566e-07, 2.12521683807e-07, 1.35564377501e-07, 1.3493338713e-07, 1.08262327103e-07, 6.15637247847e-08, 5.49497585212e-08, 4.77685624389e-08],
        "mean": [5.47710733372e-05, 2.49311433436e-05, 5.16138898092e-05, 0.00011151561921, 0.000181955678272, 0.000314715900458, 0.000301315129036, 0.000395675480831, 0.000447129859822, 0.000328975118464, 0.000186604942428, 0.000117516246974, 5.53917961952e-05, 3.83736805816e-05, 2.26156480494e-05, 1.97612025659e-05, 2.23308106797e-05, 2.02427872864e-05, 1.30123617055e-05, 7.9597975855e-06, 7.86307191447e-06, 6.94442087479e-06, 4.68221651317e-06, 2.25997109737e-06, 1.29667432702e-06, 8.98780854186e-07, 1.87760306858e-07, 9.53593612962e-08, 7.65608803022e-08, 4.80290935911e-08, 3.5008824284e-08, 2.68861910513e-08, 2.23623324302e-08, 1.96095495397e-08, 1.81786070641e-08, 2.01063485861e-08, 2.13766302437e-08, 1.09880762267e-08, 9.40925026782e-09, 8.36210123367e-09],
        "min": [2.66655890779e-24, 1.83325752347e-24, 2.63554326358e-24, 1.56470185842e-24, 2.07433952978e-24, 9.11830219456e-25, 6.81884897814e-24, 4.19673567704e-24, 6.16042582916e-24, 6.34968578767e-24, 5.11911326262e-24, 4.1587098204e-24, 3.68183393686e-24, 8.91609407037e-24, 7.23386870037e-24, 9.77694089978e-24, 5.17013915256e-24, 3.20117684579e-24, 4.29586551611e-24, 4.71700798227e-24, 4.99253658608e-24, 7.19310983512e-24, 6.78477097589e-24, 5.51960532243e-24, 7.36940447022e-24, 6.17927487163e-24, 7.08768804147e-24, 5.46842363247e-24, 5.39711455094e-24, 6.61437859809e-24, 8.33091231771e-24, 8.14695311006e-24, 6.94003063495e-24, 8.97301432899e-24, 7.06413265484e-24, 7.44575279521e-24, 8.71292373309e-24, 7.22888783262e-24, 9.84386391467e-24, 8.88810213001e-24],
        "stdev": [3.94513954234e-05, 3.01240997942e-05, 9.58693199209e-05, 0.000209609483136, 0.000512264377903, 0.00101805280428, 0.000797398912255, 0.00102611526381, 0.00118141400162, 0.000940240395721, 0.000594846613239, 0.000424283673055, 0.000194582011318, 0.000157372356625, 7.1915324952e-05, 6.25955071882e-05, 7.86769232946e-05, 6.96883871569e-05, 3.65636733477e-05, 2.43511822191e-05, 2.72831366601e-05, 1.61994939845e-05, 1.38481245813e-05, 1.1130875464e-05, 5.09031724505e-06, 3.03751517094e-06, 2.96729524507e-07, 1.05643238157e-07, 1.10732656822e-07, 3.68846642118e-08, 2.32932055866e-08, 1.48257681687e-08, 1.23196040036e-08, 9.83695436219e-09, 8.3712121679e-09, 7.82408360323e-09, 7.59724461119e-09, 4.05585476315e-09, 3.42786310448e-09, 2.97545987848e-09]
    },
    "melbands128": {
        "max": [0.000799558300059, 0.000482403644128, 0.000395717681386, 0.000178284448339, 0.000221508642426, 0.000583538669161, 0.00153244356625, 0.00173799332697, 0.00138064206112, 0.00169935275335, 0.00512755289674, 0.00668037775904, 0.015878777951, 0.00847111642361, 0.0200832635164, 0.0221770294011, 0.0169014241546, 0.016359243542, 0.0130014335737, 0.0145260691643, 0.0179567113519, 0.0180386416614, 0.0171752180904, 0.0181371476501, 0.0237202029675, 0.0135330967605, 0.0154060171917, 0.0106151560321, 0.0188276600093, 0.0126441977918, 0.00640502292663, 0.00426051858813, 0.00343164801598, 0.00571629637852, 0.00547330407426, 0.00239349668846, 0.00190974120051, 0.00144962687045, 0.00102830957621, 0.001220191014, 0.00160500954371, 0.00145083281677, 0.00129842746537, 0.00352270971052, 0.00177845545113, 0.00215380219743, 0.000973249960225, 0.000716808252037, 0.0006568027311, 0.000436162896222, 0.000478082627524, 0.000621128710918, 0.00134279823396, 0.00039606296923, 0.00101911264937, 0.000153296467033, 0.000237919564825, 0.000276967592072, 0.00026112984051, 0.000909379043151, 0.00018328531587, 0.000296895712381, 0.000151697124238, 9.4454473583e-05, 9.10579838092e-05, 8.17664113129e-05, 2.21454920393e-05, 6.95271410223e-06, 9.71090685198e-07, 9.096810345e-07, 1.87760383596e-06, 3.42306611856e-06, 2.47133516496e-06, 3.96871200792e-06, 1.79185849447e-06, 5.56206032343e-07, 5.42551219951e-07, 5.4497434121e-07, 4.34370292623e-07, 2.83169782733e-07, 2.32041429626e-07, 2.80933221575e-07, 2.23923564135e-07, 2.64150486373e-07, 2.54943870459e-07, 2.44038375286e-07, 2.01637291752e-07, 1.42309716011e-07, 1.32707342004e-07, 1.24240017385e-07, 1.38719229881e-07, 1.30505284801e-07, 1.44647728462e-07, 1.18792492287e-07, 7.81320039778e-08, 6.2744653917e-08, 5.93679452265e-08, 5.97002767222e-08, 5.42028253392e-08, 5.313085083e-08, 5.26653316513e-08, 4.70535788111e-08, 4.31040092508e-08, 3.78703610693e-08, 3.90782446402e-08, 4.18146619552e-08, 4.38847180817e-08, 4.54979804942e-08, 4.28665600793e-08, 4.74042103349e-08, 4.64153480095e-08, 6.30681995517e-08, 6.39849062622e-08, 6.23938731792e-08, 6.64843469167e-08, 3.90683574381e-08, 1.00438324324e-08, 8.93694951376e-10, 2.43867870342e-10, 5.84746764898e-11, 5.58751517277e-11, 5.34572074107e-11, 5.3259119337e-11, 5.3232727254e-11, 5.30518511066e-11, 5.402206113e-11, 5.16564950537e-11, 4.90868873326e-11],
        "mean": [2.01762177312e-05, 7.57388406782e-05, 6.50645088172e-05, 2.39875171246e-05, 1.34759548018e-05, 2.89857034659e-05, 4.6809498599e-05, 5.52464480279e-05, 6.1329723394e-05, 9.87850580714e-05, 0.000154260662384, 0.000173694963451, 0.000176635978278, 0.000196080451133, 0.000345672393451, 0.000373907649191, 0.000298630795442, 0.000275446014712, 0.000314508011797, 0.000371129193809, 0.00042847925215, 0.000495602900628, 0.000461093528429, 0.000401780940592, 0.000325792789226, 0.00033959466964, 0.000232790276641, 0.000150863925228, 0.000165106946952, 0.000156938825967, 8.91593663255e-05, 6.14507589489e-05, 5.41290464753e-05, 5.05752759636e-05, 4.95360145578e-05, 3.2649593777e-05, 2.27367563639e-05, 2.41926900344e-05, 2.1006226234e-05, 1.90033078979e-05, 1.84151758731e-05, 2.25141066039e-05, 2.05275118788e-05, 2.45474420808e-05, 2.35526567849e-05, 1.92168627109e-05, 1.68299920915e-05, 1.39850944834e-05, 1.11411545731e-05, 9.08448237169e-06, 7.08293782736e-06, 7.05480715624e-06, 8.58241583046e-06, 7.6894493759e-06, 7.69064718043e-06, 6.77466550769e-06, 6.61065223539e-06, 5.57733710593e-06, 3.73786542696e-06, 3.3726505535e-06, 2.13213729694e-06, 1.58627335622e-06, 1.3481693486e-06, 1.18011985251e-06, 1.26157408431e-06, 1.09543111648e-06, 5.7562033362e-07, 2.15651468238e-07, 1.1523065524e-07, 1.0170689535e-07, 9.79703642656e-08, 9.06401069756e-08, 8.69028013994e-08, 7.83469289445e-08, 5.90744093643e-08, 4.86016880075e-08, 4.38418581439e-08, 3.91130754451e-08, 3.45733504048e-08, 3.01697902216e-08, 2.73243490057e-08, 2.60497152738e-08, 2.41316495675e-08, 2.19613980335e-08, 2.10549995217e-08, 1.98743066449e-08, 1.91158253671e-08, 1.88830195924e-08, 1.81977455327e-08, 1.77030994308e-08, 1.72270642196e-08, 1.60802127169e-08, 3.2945411732e-08, 2.49046312462e-08, 1.28902293284e-08, 1.16141753992e-08, 1.05860120669e-08, 1.00744514953e-08, 9.59556167857e-09, 8.96351881607e-09, 8.59677928844e-09, 8.28999535685e-09, 8.03141553263e-09, 7.89921905664e-09, 7.37895700098e-09, 7.20655313202e-09, 6.30846175298e-09, 5.80221515278e-09, 5.28274535228e-09, 4.69237582124e-09, 3.69180597204e-09, 1.6321358709e-09, 8.67512339742e-10, 1.71997610598e-10, 5.68094321585e-11, 3.33100838579e-11, 9.92158785684e-12, 2.50763776063e-12, 1.94322682945e-12, 1.71422804337e-12, 1.6806750219e-12, 1.65058255692e-12, 1.62099316175e-12, 1.58890218691e-12, 1.57455667428e-12, 1.56600242756e-12, 1.55467902007e-12, 1.54149739848e-12],
        "min": [1.45660740402e-24, 1.17621586716e-24, 1.814198644e-24, 1.52523317518e-24, 1.4988846293e-24, 4.44023179493e-25, 5.75088178768e-25, 7.19521609374e-25, 1.33369045043e-24, 4.65368572297e-25, 1.6714814789e-24, 2.32710969369e-24, 5.443463679e-25, 1.94745440862e-24, 7.91354642454e-25, 5.04661832594e-25, 8.49377383489e-25, 5.57058821944e-24, 4.61672048982e-24, 2.54803117627e-24, 2.74318885612e-24, 3.63647719582e-24, 5.07928525324e-24, 2.71815001656e-24, 2.06067152852e-24, 4.55864415554e-24, 5.31494443247e-24, 3.20302751347e-24, 2.90309352541e-24, 2.76921396903e-24, 2.47530727271e-24, 9.02397217967e-25, 1.23072319748e-24, 7.31681308582e-25, 2.03290204693e-24, 9.69122721812e-24, 3.93198370206e-24, 2.11667355304e-24, 6.30042655173e-24, 9.85586879993e-24, 4.63344473544e-24, 4.05115179141e-24, 3.1778784306e-24, 2.33596860165e-24, 1.26387685196e-24, 4.11084450168e-24, 2.64807668564e-24, 2.49634106546e-24, 2.54754819618e-24, 3.86356540132e-24, 1.9397864834e-24, 2.74739999285e-24, 3.89304040018e-24, 3.27058161709e-24, 6.13205917987e-24, 5.55717640076e-24, 4.28846876183e-24, 2.84794623167e-24, 5.87658026483e-24, 4.65239001894e-24, 5.16262564686e-24, 2.84862169382e-24, 2.40091157568e-24, 2.34905659293e-24, 5.73883844546e-24, 4.16512602057e-24, 3.67403210251e-24, 7.42978546163e-24, 6.65992663789e-24, 4.76514664128e-24, 4.92661384681e-24, 4.28315775579e-24, 3.86199714584e-24, 6.21949928362e-24, 2.50701336743e-24, 8.22224120599e-24, 2.5872523544e-24, 3.28869129968e-24, 7.73135199734e-24, 6.89688704319e-24, 7.80372998539e-24, 6.57439912741e-24, 5.30038718776e-24, 3.30887430594e-24, 5.8991310371e-24, 8.9610283764e-24, 5.90913773768e-24, 6.41858332141e-24, 5.65845115264e-24, 7.76696827835e-24, 4.66572334596e-24, 6.44029592897e-24, 7.2856716183e-24, 5.25042034359e-24, 4.97801286795e-24, 5.52519479637e-24, 5.5281664354e-24, 6.31464064196e-24, 1.04941503578e-23, 7.97343605421e-24, 9.5880102907e-24, 7.8335449833e-24, 6.44755423815e-24, 6.56443660304e-24, 6.57240291489e-24, 7.14387623717e-24, 6.20951546e-24, 5.33011777755e-24, 6.80171334155e-24, 8.5591660652e-24, 7.7668783482e-24, 8.32578393297e-24, 9.47079108221e-24, 6.7206405286e-24, 7.94817593916e-24, 6.1653767202e-24, 6.10768692777e-24, 7.72189355508e-24, 1.00117445594e-23, 7.24441419295e-24, 7.48406540279e-24, 8.04254421381e-24, 6.96264806597e-24, 6.74952940381e-24, 8.61202369015e-24, 7.72716551251e-24, 8.14545585206e-24, 6.46398068878e-24],
        "stdev": [3.55469564965e-05, 5.53884528927e-05, 4.90857673867e-05, 1.89643105841e-05, 2.31276590057e-05, 5.83956862101e-05, 0.000108961292426, 0.000145944170072, 0.000145722427987, 0.000215284628212, 0.000404688646086, 0.000547859468497, 0.000787461700384, 0.00065091974102, 0.00142887525726, 0.00150965806097, 0.00111106398981, 0.00102194608189, 0.00108530849684, 0.00129564083181, 0.001442741137, 0.00176543067209, 0.00158067245502, 0.00154717534315, 0.00124825374223, 0.00129116035532, 0.00100753095467, 0.000668638385832, 0.000832251855172, 0.000785716460086, 0.000383456441341, 0.000239040091401, 0.000232519436395, 0.000317176862154, 0.000285756745143, 0.000154630906763, 9.57114825724e-05, 9.51689144131e-05, 8.04584778962e-05, 7.49644314055e-05, 7.67248056945e-05, 0.000100111479696, 8.8164684712e-05, 0.000134947855258, 0.000110461369331, 8.42373992782e-05, 5.97081379965e-05, 4.91376340506e-05, 4.01775396313e-05, 3.175850361e-05, 2.67246414296e-05, 2.99148905469e-05, 5.0497277698e-05, 2.47748266702e-05, 3.40527367371e-05, 1.5609397451e-05, 1.65420242411e-05, 1.61966654559e-05, 1.37640499815e-05, 2.74169979093e-05, 9.79840660875e-06, 9.45264037e-06, 5.83048722547e-06, 4.20711239713e-06, 4.95094809594e-06, 4.25754888056e-06, 1.69607051248e-06, 4.13905638652e-07, 9.58497423653e-08, 8.37553244537e-08, 1.10645117957e-07, 1.58611527468e-07, 1.56479003977e-07, 1.5718883617e-07, 8.38109599499e-08, 3.99143971208e-08, 3.37821894902e-08, 3.47474582441e-08, 2.72630042986e-08, 2.06976302763e-08, 1.83619341954e-08, 1.84136421666e-08, 1.62303432916e-08, 1.5668460307e-08, 1.3337851712e-08, 1.26910979503e-08, 1.18716840802e-08, 1.07902700108e-08, 1.09704760831e-08, 9.73621094857e-09, 9.67136859487e-09, 8.84469031348e-09, 1.39487665862e-08, 1.02600195007e-08, 6.3687064511e-09, 5.59940760425e-09, 5.33381250278e-09, 4.87699347573e-09, 4.67333105547e-09, 4.19729051515e-09, 4.05617228694e-09, 3.77976627775e-09, 3.86474097169e-09, 3.64517416251e-09, 3.46230111248e-09, 3.37742078749e-09, 2.87278978384e-09, 2.74065570238e-09, 2.52035348147e-09, 2.37548580806e-09, 2.05652339602e-09, 2.1860182553e-09, 2.0839781012e-09, 1.77067105422e-09, 1.87972903909e-09, 1.10453513003e-09, 2.83951612223e-10, 2.55559410439e-11, 7.95172434842e-12, 3.93831538562e-12, 3.83137402013e-12, 3.73513980162e-12, 3.67103960078e-12, 3.61952243351e-12, 3.57568293551e-12, 3.55020591918e-12, 3.49435866527e-12, 3.45263791515e-12]
    },
    "mfcc": {
        "mean": [-778.431213379, 148.253173828, -18.5911235809, 6.91377353668, 8.90044784546, -9.28517723083, -9.40420627594, 4.53652334213, 0.667866289616, 5.08987855911, 1.5704472065, 3.55423855782, -1.65757632256],
        "cov": [[4242.15478516, 2371.25952148, -674.706726074, -814.762817383, -429.118591309, -699.564025879, -626.377258301, -163.420410156, -33.9077568054, -139.843734741, -80.8268890381, -70.4998474121, -164.979202271], [2371.25952148, 1798.33850098, -166.212966919, -725.092895508, -530.543273926, -526.357421875, -461.747650146, -170.615646362, -59.75025177, -182.622680664, -123.284042358, -16.0705966949, -93.8378677368], [-674.706726074, -166.212966919, 604.969299316, 242.623397827, -87.4012985229, 47.4173927307, 21.9255142212, -72.5454330444, -51.9597358704, -85.9540481567, -101.123001099, 38.6822471619, 73.1660003662], [-814.762817383, -725.092895508, 242.623397827, 639.224182129, 367.95904541, 99.5978088379, 38.7557945251, -11.3056573868, -39.8334503174, -1.14603233337, -14.5317802429, -12.8632993698, 65.9530105591], [-429.118591309, -530.543273926, -87.4012985229, 367.95904541, 404.856292725, 127.166671753, -0.0711011663079, -10.7315816879, 2.36291837692, 55.1410064697, 30.3685359955, -33.4641838074, 13.9918966293], [-699.564025879, -526.357421875, 47.4173927307, 99.5978088379, 127.166671753, 314.317901611, 227.6222229, 40.5573577881, 27.0110645294, 81.3470687866, 42.0711402893, 9.48274707794, 15.6039924622], [-626.377258301, -461.747650146, 21.9255142212, 38.7557945251, -0.0711011663079, 227.6222229, 324.935638428, 136.49697876, 3.39207458496, 50.4729995728, 63.287525177, 24.8091392517, 14.2356510162], [-163.420410156, -170.615646362, -72.5454330444, -11.3056573868, -10.7315816879, 40.5573577881, 136.49697876, 138.578781128, 38.7074050903, 17.5125293732, 32.0362663269, 12.2033996582, 1.09751737118], [-33.9077568054, -59.75025177, -51.9597358704, -39.8334503174, 2.36291837692, 27.0110645294, 3.39207458496, 38.7074050903, 105.956329346, 64.0309906006, 1.36522376537, -5.27687931061, -1.978972435], [-139.843734741, -182.622680664, -85.9540481567, -1.14603233337, 55.1410064697, 81.3470687866, 50.4729995728, 17.5125293732, 64.0309906006, 125.484336853, 63.3008041382, -13.9370059967, -11.7687587738], [-80.8268890381, -123.284042358, -101.123001099, -14.5317802429, 30.3685359955, 42.0711402893, 63.287525177, 32.0362663269, 1.36522376537, 63.3008041382, 99.9323730469, 20.5934200287, -17.9268817902], [-70.4998474121, -16.0705966949, 38.6822471619, -12.8632993698, -33.4641838074, 9.48274707794, 24.8091392517, 12.2033996582, -5.27687931061, -13.9370059967, 20.5934200287, 66.6364059448, 26.4142227173], [-164.979202271, -93.8378677368, 73.1660003662, 65.9530105591, 13.9918966293, 15.6039924622, 14.2356510162, 1.09751737118, -1.978972435, -11.7687587738, -17.9268817902, 26.4142227173, 65.455947876]],
        "icov": [[0.00351097248495, -0.00845608953387, 0.00417329790071, -0.00683873705566, 0.00119254924357, -0.00356474518776, -0.000864139175974, -0.00188051338773, -0.00106927403249, -0.00254002399743, -0.000460594397737, -0.000514874642249, -0.000640652375296], [-0.00845608953387, 0.0251097790897, -0.00926680024713, 0.0196822118014, -0.000634166935924, 0.0110750952736, 0.0053446860984, 0.00582753261551, 0.00514773931354, 0.00676409481093, 0.00415251078084, 0.00036630127579, 0.00380740989931], [0.00417329790071, -0.00926680024713, 0.0134821413085, -0.0164055600762, 0.0132030872628, -0.0106074921787, 0.00340193137527, -0.000308369228151, 0.00019371137023, -0.00239942665212, 0.00374554167502, -0.00338017963804, -0.000370313267922], [-0.00683873705566, 0.0196822118014, -0.0164055600762, 0.0296960603446, -0.0185606684536, 0.0193303562701, -0.00491229072213, 0.00577211985365, 0.00276051159017, 0.0047744079493, 0.00182958459482, 0.00197046296671, 0.000374864059268], [0.00119254924357, -0.000634166935924, 0.0132030872628, -0.0185606684536, 0.0286873541772, -0.019518096, 0.0189902354032, -0.00659218430519, 0.00604670261964, -0.000538709224202, 0.000454960099887, 0.00132165255491, 0.000218317625695], [-0.00356474518776, 0.0110750952736, -0.0106074921787, 0.0193303562701, -0.019518096, 0.0317450650036, -0.0243521351367, 0.0198988262564, -0.00831526890397, 0.00196289666928, 0.00461283931509, -0.00316131487489, 0.00347996526398], [-0.000864139175974, 0.0053446860984, 0.00340193137527, -0.00491229072213, 0.0189902354032, -0.0243521351367, 0.0386582240462, -0.0279745589942, 0.021110355854, -0.00617293966934, 0.000839956861455, 0.00146093359217, -0.000392635498429], [-0.00188051338773, 0.00582753261551, -0.000308369228151, 0.00577211985365, -0.00659218430519, 0.0198988262564, -0.0279745589942, 0.0395642668009, -0.0242737513036, 0.0176081974059, -0.00612189155072, 0.00118859531358, 0.000505193835124], [-0.00106927403249, 0.00514773931354, 0.00019371137023, 0.00276051159017, 0.00604670261964, -0.00831526890397, 0.021110355854, -0.0242737513036, 0.0395041443408, -0.0279614962637, 0.0222004354, -0.0100215915591, 0.00448359828442], [-0.00254002399743, 0.00676409481093, -0.00239942665212, 0.0047744079493, -0.000538709224202, 0.00196289666928, -0.00617293966934, 0.0176081974059, -0.0279614962637, 0.0430825352669, -0.0297960173339, 0.0185093507171, -0.00686814403161], [-0.000460594397737, 0.00415251078084, 0.00374554167502, 0.00182958459482, 0.000454960099887, 0.00461283931509, 0.000839956861455, -0.00612189155072, 0.0222004354, -0.0297960173339, 0.0446636229753, -0.0252340715379, 0.0152143277228], [-0.000514874642249, 0.00036630127579, -0.00338017963804, 0.00197046296671, 0.00132165255491, -0.00316131487489, 0.00146093359217, 0.00118859531358, -0.0100215915591, 0.0185093507171, -0.0252340715379, 0.0347651615739, -0.0167615469545], [-0.000640652375296, 0.00380740989931, -0.000370313267922, 0.000374864059268, 0.000218317625695, 0.00347996526398, -0.000392635498429, 0.000505193835124, 0.00448359828442, -0.00686814403161, 0.0152143277228, -0.0167615469545, 0.0281894449145]]
    },
    "spectral_contrast_coeffs": {
        "max": [-0.418237626553, -0.399839371443, -0.436471372843, -0.596726059914, -0.536784291267, -0.756422400475],
        "mean": [-0.737310945988, -0.764355003834, -0.800527215004, -0.823812305927, -0.800238311291, -0.830916404724],
        "min": [-0.966797173023, -0.97260850668, -0.963888704777, -0.966143965721, -0.968147337437, -0.96399885416],
        "stdev": [0.104883633554, 0.112001493573, 0.0854257568717, 0.0580294206738, 0.0655003711581, 0.0148621257395]
    },
    "spectral_contrast_valleys": {
        "max": [-6.52846908569, -4.66599178314, -5.16496229172, -6.03334331512, -7.43578958511, -10.2915678024],
        "mean": [-8.26984596252, -7.5745267868, -8.22948074341, -8.36146259308, -8.96903610229, -11.6853532791],
        "min": [-27.528131485, -27.5742530823, -27.455532074, -27.6702594757, -27.4885654449, -27.320766449],
        "stdev": [1.39965319633, 1.7224881649, 1.60557508469, 1.48815059662, 1.29780268669, 1.09003257751]
    }
},
"rhythm": {
    "beats_count": 49,
    "beats_loudness": {
        "max": 0.0735517293215,
        "mean": 0.0255893226713,
        "min": 0.000258698011748,
        "stdev": 0.0256336499006
    },
    "bpm": 75.0420837402,
    "bpm_histogram_first_peak_bpm": 152,
    "bpm_histogram_first_peak_weight": 0.285714268684,
    "bpm_histogram_second_peak_bpm": 75,
    "bpm_histogram_second_peak_spread": 0.111111104488,
    "bpm_histogram_second_peak_weight": 0.166666671634,
    "danceability": 1.65776658058,
    "onset_rate": 4.37729787827,
    "beats_loudness_band_ratio": {
        "max": [0.779924452305, 0.880423605442, 0.889930844307, 0.60983389616, 0.367827564478, 0.0649303123355],
        "mean": [0.164626061916, 0.225311234593, 0.47019174695, 0.125475764275, 0.05457617715, 0.010121518746],
        "min": [0.00532569503412, 0.0107585508376, 0.0213756281883, 0.004682790488, 0.00187263684347, 0.000147405429743],
        "stdev": [0.2050691396, 0.241601899266, 0.263006687164, 0.132504016161, 0.0671100914478, 0.0151654537767]
    },
    "beats_position": [0.383129239082, 0.766258478165, 1.14938771725, 1.52090704441, 1.90403628349, 2.27555561066, 2.67029476166, 3.06503391266, 3.45977306366, 3.85451245308, 4.2492518425, 4.65560102463, 5.06195020676, 5.47990942001, 6.03718805313, 6.59446716309, 7.11691617966, 7.63936471939, 8.17342376709, 8.68426322937, 9.22993183136, 9.77560043335, 10.3096599579, 10.8204984665, 11.3081178665, 11.8305664062, 12.3994560242, 12.9451246262, 13.5488433838, 14.1409521103, 14.756280899, 15.3716096878, 15.9869384766, 16.6254863739, 17.2756462097, 18.0070743561, 18.7501125336, 19.5512008667, 20.363899231, 21.1649875641, 21.9660758972, 22.7555541992, 23.5566444397, 24.369342804, 25.1820411682, 25.9250793457, 26.6681175232, 27.4227657318, 28.1890239716],
