{
"metadata": {
    "version": {
        "essentia": "2.1-beta5",
        "essentia_git_sha": "Undefined",
        "extractor": "music 2.0"
    },
    "audio_properties": {
        "analysis": {
            "equal_loudness": 0,
            "length": 29.0017242432,
            "sample_rate": 44100,
            "start_time": 0,
            "downmix": "mix"
        },
        "bit_rate": 192000,
        "length": 243.902404785,
        "lossless": 0,
        "number_channels": 2,
        "replay_gain": -6.66215515137,
        "sample_rate": 44100,
        "codec": "mp3",
        "md5_encoded": "f90881088e989e068715e6e2fecdd157"
    },
    "tags": {
        "file_name": "Austria_Sag Ihr, Ich Lass_ Sie Grüßen_Udo Jürgens.mp3",
        "encoding": ["Lavf58.29.100"]
    }
},
"lowlevel": {
    "average_loudness": 0.885395526886,
    "barkbands_crest": {
        "max": 23.5722389221,
        "mean": 10.9219646454,
        "min": 3.30900335312,
        "stdev": 3.93454909325
    },
    "barkbands_flatness_db": {
        "max": 0.348563373089,
        "mean": 0.168382897973,
        "min": 0.0544048734009,
        "stdev": 0.0657400265336
    },
    "barkbands_kurtosis": {
        "max": 58.7182235718,
        "mean": 3.96418976784,
        "min": -1.81373083591,
        "stdev": 5.70358133316
    },
    "barkbands_skewness": {
        "max": 5.94884109497,
        "mean": 1.08272027969,
        "min": -2.3852891922,
        "stdev": 1.1281427145
    },
    "barkbands_spread": {
        "max": 51.9552001953,
        "mean": 16.2650260925,
        "min": 1.09074437618,
        "stdev": 12.1561460495
    },
    "dissonance": {
        "max": 0.500000119209,
        "mean": 0.431362509727,
        "min": 0.0649886801839,
        "stdev": 0.0696639642119
    },
    "dynamic_complexity": 7.57274866104,
    "erbbands_crest": {
        "max": 26.1716575623,
        "mean": 10.6709737778,
        "min": 2.66934800148,
        "stdev": 4.87368249893
    },
    "erbbands_flatness_db": {
        "max": 0.394656181335,
        "mean": 0.213717997074,
        "min": 0.0831873938441,
        "stdev": 0.0794010236859
    },
    "erbbands_kurtosis": {
        "max": 38.21276474,
        "mean": 1.95026576519,
        "min": -1.82156836987,
        "stdev": 3.66255545616
    },
    "erbbands_skewness": {
        "max": 3.68310499191,
        "mean": 0.560294151306,
        "min": -4.23883295059,
        "stdev": 1.03172552586
    },
    "erbbands_spread": {
        "max": 68.1243896484,
        "mean": 22.8153800964,
        "min": 2.15621447563,
        "stdev": 14.7153282166
    },
    "hfc": {
        "max": 72.6029510498,
        "mean": 7.62387990952,
        "min": 1.09086799091e-16,
        "stdev": 12.9923191071
    },
    "loudness_ebu128": {
        "integrated": -20.8478965759,
        "loudness_range": 3.35378265381,
        "momentary": {
            "max": -15.0687170029,
            "mean": -23.3995342255,
            "min": -37.0924453735,
            "stdev": 5.09634780884
        },
        "short_term": {
            "max": -19.4346256256,
            "mean": -21.3912334442,
            "min": -27.3873672485,
            "stdev": 1.52952492237
        }
    },
    "melbands_crest": {
        "max": 29.3554992676,
        "mean": 14.3912191391,
        "min": 1.0009367466,
        "stdev": 5.59572076797
    },
    "melbands_flatness_db": {
        "max": 0.405718117952,
        "mean": 0.223086863756,
        "min": 1.1648695164e-07,
        "stdev": 0.0708684772253
    },
    "melbands_kurtosis": {
        "max": 97.9989700317,
        "mean": 7.31216621399,
        "min": -1.93739020824,
        "stdev": 8.69746208191
    },
    "melbands_skewness": {
        "max": 6.52060604095,
        "mean": 1.59410250187,
        "min": -2.05668520927,
        "stdev": 1.34678947926
    },
    "melbands_spread": {
        "max": 155.501464844,
        "mean": 20.517408371,
        "min": 1.73706746101,
        "stdev": 18.2734718323
    },
    "pitch_salience": {
        "max": 0.996091187,
        "mean": 0.652735710144,
        "min": 0.281382143497,
        "stdev": 0.120717450976
    },
    "silence_rate_20dB": {
        "max": 1,
        "mean": 1,
        "min": 1,
        "stdev": 0
    },
    "silence_rate_30dB": {
        "max": 1,
        "mean": 1,
        "min": 1,
        "stdev": 0
    },
    "silence_rate_60dB": {
        "max": 1,
        "mean": 0.575999975204,
        "min": 0,
        "stdev": 0.494191795588
    },
    "spectral_centroid": {
        "max": 11644.8642578,
        "mean": 1209.85925293,
        "min": 338.724182129,
        "stdev": 869.905822754
    },
    "spectral_complexity": {
        "max": 30,
        "mean": 6.22160005569,
        "min": 0,
        "stdev": 5.77038192749
    },
    "spectral_decrease": {
        "max": 1.28155326656e-28,
        "mean": -2.76561906709e-09,
        "min": -2.37368134037e-08,
        "stdev": 4.74687489316e-09
    },
    "spectral_energy": {
        "max": 0.0950197651982,
        "mean": 0.0111295878887,
        "min": 1.04910977817e-20,
        "stdev": 0.0190616212785
    },
    "spectral_energyband_high": {
        "max": 3.48237153958e-05,
        "mean": 8.55929920363e-06,
        "min": 7.55262024274e-21,
        "stdev": 3.74728006136e-06
    },
    "spectral_energyband_low": {
        "max": 0.00159998668823,
        "mean": 0.000214952320675,
        "min": 4.25433538155e-23,
        "stdev": 0.000181275623618
    },
    "spectral_energyband_middle_high": {
        "max": 0.0432157739997,
        "mean": 0.00240816059522,
        "min": 1.3172467553e-21,
        "stdev": 0.00508131319657
    },
    "spectral_energyband_middle_low": {
        "max": 0.0812779888511,
        "mean": 0.0087032970041,
        "min": 1.87220585828e-22,
        "stdev": 0.0161840002984
    },
    "spectral_entropy": {
        "max": 9.79430389404,
        "mean": 7.27449274063,
        "min": 5.4408993721,
        "stdev": 0.665437400341
    },
    "spectral_flux": {
        "max": 0.303504317999,
        "mean": 0.0559475272894,
        "min": 6.40915862049e-11,
        "stdev": 0.0558874085546
    },
    "spectral_kurtosis": {
        "max": 63.427772522,
        "mean": 12.5551958084,
        "min": -1.22482323647,
        "stdev": 10.6861114502
    },
    "spectral_rms": {
        "max": 0.00962819904089,
        "mean": 0.00236094510183,
        "min": 3.19925249487e-12,
        "stdev": 0.00229871086776
    },
    "spectral_rolloff": {
        "max": 18949.21875,
        "mean": 1261.81115723,
        "min": 215.33203125,
        "stdev": 1362.79626465
    },
    "spectral_skewness": {
        "max": 6.14348220825,
        "mean": 2.48066401482,
        "min": -0.0813679695129,
        "stdev": 0.995603740215
    },
    "spectral_spread": {
        "max": 41747612,
        "mean": 3489916.5,
        "min": 1117133.5,
        "stdev": 2694452.25
    },
    "spectral_strongpeak": {
        "max": 6.64587116241,
        "mean": 0.832276344299,
        "min": 0,
        "stdev": 1.15478372574
    },
    "zerocrossingrate": {
        "max": 0.51123046875,
        "mean": 0.0505898445845,
        "min": 0.0126953125,
        "stdev": 0.036141615361
    },
    "barkbands": {
        "max": [0.00110105366912, 0.000658751581796, 0.000665374216624, 0.00301618338563, 0.00606752838939, 0.0517431050539, 0.0700817555189, 0.05655631423, 0.0545464530587, 0.0318547263741, 0.0116744479164, 0.00569082377478, 0.00643856124952, 0.00712354201823, 0.0103033361956, 0.00654469337314, 0.0061798337847, 0.00110072386451, 0.000614041637164, 2.05359774554e-05, 1.1432051906e-05, 6.22836660114e-06, 2.91211244985e-06, 3.53933569386e-06, 2.26770089284e-06, 1.20322431485e-06, 1.61962674383e-08],
        "mean": [3.14946992148e-05, 0.000118909367302, 3.86994797736e-05, 7.94365769252e-05, 0.000451019324828, 0.000947919848841, 0.00203328882344, 0.00244433409534, 0.00238677300513, 0.00110333925113, 0.000393135735067, 0.000201167247724, 0.000190251987078, 0.000229618148296, 0.000205798365641, 0.000124755344586, 9.66216975939e-05, 3.06620386255e-05, 1.23994841488e-05, 2.91016499432e-06, 1.96707765099e-06, 1.26465317862e-06, 1.11993279006e-06, 1.37130598432e-06, 9.49529066929e-07, 3.95803056108e-07, 4.13827416779e-10],
        "min": [6.42196477368e-25, 9.94310656085e-24, 1.04515558133e-23, 5.07366383043e-24, 1.73904922981e-23, 1.78033331866e-23, 2.10005122825e-23, 1.24643044362e-23, 3.86975022859e-23, 3.64816014694e-23, 2.90629200139e-23, 5.92050396115e-23, 5.59072791724e-23, 6.58912037631e-23, 1.01892997942e-22, 1.23896234476e-22, 1.14086263182e-22, 1.46935049742e-22, 1.8910951011e-22, 2.57378201802e-22, 3.11500446518e-22, 4.44776742029e-22, 5.64014090216e-22, 7.33307830906e-22, 8.71380148285e-22, 1.44081695672e-21, 1.95396337725e-21],
        "stdev": [7.46966616134e-05, 0.000103320693597, 6.6311986302e-05, 0.000200427748496, 0.000757186731789, 0.00318246288225, 0.00648230034858, 0.00674572726712, 0.00643945997581, 0.00315397744998, 0.00124480633531, 0.000608733156696, 0.000588146911468, 0.000632388459053, 0.000722464406863, 0.000503137009218, 0.000343184336089, 7.39567258279e-05, 3.44884902006e-05, 2.08495907827e-06, 1.2949211623e-06, 6.07407173447e-07, 4.38549392356e-07, 4.52495953596e-07, 3.02843176314e-07, 1.53462295316e-07, 1.02946207114e-09]
    },
    "erbbands": {
        "max": [0.0334223881364, 0.108164526522, 0.454146653414, 4.18746137619, 19.1491146088, 33.2256393433, 156.2368927, 629.883850098, 1079.6385498, 1133.26708984, 1468.55810547, 1683.7208252, 1048.12207031, 733.158081055, 326.292877197, 241.960296631, 289.198699951, 282.52734375, 336.885437012, 443.096008301, 219.109237671, 371.851593018, 73.8884658813, 35.7007026672, 22.2279262543, 1.23699724674, 0.830985248089, 0.357223302126, 0.224962309003, 0.163483902812, 0.0859376788139, 0.0940080955625, 0.0401406213641, 0.0259152762592, 0.0174642633647, 0.00762684410438, 0.00208988320082, 9.53516719164e-05, 4.71062521683e-05, 0.000108602784167],
        "mean": [0.00566199235618, 0.0181834343821, 0.0360562242568, 0.182952910662, 0.526735007763, 1.74403989315, 4.28575372696, 8.98409938812, 21.7848892212, 39.5632247925, 62.6680488586, 54.0292625427, 38.0422401428, 27.9301528931, 13.0267496109, 8.04769134521, 8.47042942047, 11.1246538162, 12.1420545578, 9.55160140991, 5.96856498718, 5.23706960678, 2.2546954155, 0.906526982784, 0.428865492344, 0.148556783795, 0.0995796397328, 0.0648360997438, 0.0465759672225, 0.0372900478542, 0.0324237644672, 0.0372295677662, 0.0166558157653, 0.0107619650662, 0.00667292019352, 0.00303649320267, 0.000435116526205, 1.18281941468e-05, 6.08375330557e-06, 1.28863202917e-05],
        "min": [1.65654655914e-22, 2.06927873621e-21, 9.16301487958e-21, 1.88290105016e-20, 3.25766343443e-20, 7.66736909607e-20, 6.96476059129e-20, 1.88997289509e-19, 1.1741751247e-19, 6.86163999098e-19, 4.769565288e-19, 9.37293551528e-19, 1.11708921928e-18, 1.18963337259e-18, 1.61525274613e-18, 2.24837533941e-18, 2.86937063773e-18, 3.07660667814e-18, 4.32333102263e-18, 6.17836915947e-18, 6.73621314714e-18, 6.28945455266e-18, 7.97655475923e-18, 7.93658621921e-18, 1.14797341366e-17, 1.12646481521e-17, 1.33112236821e-17, 1.18703337849e-17, 1.32577034421e-17, 1.49750081488e-17, 1.51791430891e-17, 1.48073254037e-17, 1.29800875665e-17, 8.14171294905e-18, 6.46609442297e-18, 5.35784735085e-18, 2.73148707425e-18, 1.14953434483e-18, 2.72368681277e-19, 2.78464181673e-20],
        "stdev": [0.0051964991726, 0.015577306971, 0.048664405942, 0.365228265524, 1.27409863472, 3.13644003868, 11.0983886719, 32.2524414062, 69.6247787476, 117.163200378, 169.017807007, 145.277023315, 102.183044434, 78.5344085693, 37.1507453918, 24.4909725189, 24.5845069885, 28.074382782, 34.1774749756, 37.8703536987, 19.3666667938, 18.4992351532, 5.65920305252, 2.29838442802, 1.15165579319, 0.111723721027, 0.0786659568548, 0.0380099862814, 0.0224009938538, 0.0164533518255, 0.0126672945917, 0.0134527180344, 0.00551492394879, 0.00368329021148, 0.00222330656834, 0.00102119822986, 0.000246685172897, 7.74067484599e-06, 9.61149271461e-06, 2.19065150304e-05]
    },
    "gfcc": {
        "mean": [-146.517074585, 114.509689331, -133.467605591, 9.00128078461, -60.7788619995, 12.9780263901, -46.3519897461, 20.8938159943, -14.4883966446, 4.42679357529, -12.3205480576, -0.935353338718, -4.20226383209],
        "cov": [[9297.796875, 2132.66821289, -1299.35021973, -1677.24023438, -609.102844238, -673.582641602, -228.393615723, -29.2229213715, 271.480407715, -322.683685303, -32.5601501465, -248.525146484, 47.8431816101], [2132.66821289, 983.243103027, -205.211151123, -943.205078125, -328.301696777, -434.051177979, -45.4273681641, -131.711929321, 130.621261597, -184.253112793, 44.9482192993, -112.126251221, 29.5077495575], [-1299.35021973, -205.211151123, 547.555664062, 407.72052002, -90.705619812, -31.6161060333, -22.563533783, -41.7475395203, -96.2963104248, 57.8510627747, 40.5290374756, 91.7648162842, -4.25643205643], [-1677.24023438, -943.205078125, 407.72052002, 1293.7590332, 283.758087158, 341.863983154, -112.307235718, 118.469009399, -172.371917725, 218.206665039, -40.6590270996, 165.829620361, -24.9318656921], [-609.102844238, -328.301696777, -90.705619812, 283.758087158, 303.615844727, 156.250534058, -33.1468238831, 42.6459960938, 12.693236351, 47.7487792969, -39.238407135, 6.73970365524, -3.9954521656], [-673.582641602, -434.051177979, -31.6161060333, 341.863983154, 156.250534058, 416.2137146, 145.547592163, 58.5081672668, -111.563240051, 95.2274093628, -26.9979763031, 21.2833805084, -30.3435497284], [-228.393615723, -45.4273681641, -22.563533783, -112.307235718, -33.1468238831, 145.547592163, 242.148773193, 55.9628753662, -48.6016731262, -27.0369052887, 16.140296936, -17.8409118652, -24.444152832], [-29.2229213715, -131.711929321, -41.7475395203, 118.469009399, 42.6459960938, 58.5081672668, 55.9628753662, 118.214607239, 27.1935119629, 8.93190574646, -30.7893657684, 4.48938560486, -6.35864448547], [271.480407715, 130.621261597, -96.2963104248, -172.371917725, 12.693236351, -111.563240051, -48.6016731262, 27.1935119629, 148.878463745, 1.70751559734, -33.0195236206, -51.5303955078, 15.1534776688], [-322.683685303, -184.253112793, 57.8510627747, 218.206665039, 47.7487792969, 95.2274093628, -27.0369052887, 8.93190574646, 1.70751559734, 109.719512939, 0.985597491264, 5.56933021545, -20.0133895874], [-32.5601501465, 44.9482192993, 40.5290374756, -40.6590270996, -39.238407135, -26.9979763031, 16.140296936, -30.7893657684, -33.0195236206, 0.985597491264, 68.2648773193, 22.3065376282, -15.4025363922], [-248.525146484, -112.126251221, 91.7648162842, 165.829620361, 6.73970365524, 21.2833805084, -17.8409118652, 4.48938560486, -51.5303955078, 5.56933021545, 22.3065376282, 87.274017334, 26.9543857574], [47.8431816101, 29.5077495575, -4.25643205643, -24.9318656921, -3.9954521656, -30.3435497284, -24.444152832, -6.35864448547, 15.1534776688, -20.0133895874, -15.4025363922, 26.9543857574, 62.0241203308]],
        "icov": [[0.00111952237785, -0.00445778155699, 0.00351547589526, -0.00256053986959, 0.00126744864974, 0.000212351427763, -0.000551500765141, -0.000775203923695, 0.000962175545283, -0.00159182248171, 0.00159314251505, -0.00153824919835, 0.000673321657814], [-0.00445778155699, 0.025496063754, -0.0130600575358, 0.0125302067026, -0.000354561867425, 0.000147272949107, 0.00507168006152, 0.00500392541289, -0.00561283715069, 0.0114644793794, -0.00998291559517, 0.0104834856465, -0.00395398726687], [0.00351547589526, -0.0130600575358, 0.01875949651, -0.0145019209012, 0.00863428693265, 0.00516449473798, -0.00970584526658, 0.00934099871665, -0.00299763097428, -0.00298295915127, 0.00591327995062, -0.00756230670959, 0.00369959441014], [-0.00256053986959, 0.0125302067026, -0.0145019209012, 0.0185352172703, -0.00865522772074, -0.0010317604756, 0.011582897976, -0.0144049534574, 0.0130107197911, -0.00751037430018, 0.00133141549304, 0.00106932409108, -0.00124104740098], [0.00126744864974, -0.000354561867425, 0.00863428693265, -0.00865522772074, 0.0146384108812, -0.00379524030723, -0.000513307575602, 0.00908271502703, -0.0129006011412, 0.0121124852449, -0.00536820106208, 0.00248980964534, 0.000764571537729], [0.000212351427763, 0.000147272949107, 0.00516449473798, -0.0010317604756, -0.00379524030723, 0.017398096621, -0.0124754803255, 0.00420264806598, 0.0113442596048, -0.0164684280753, 0.0136566488072, -0.00549882184714, 0.00118261436], [-0.000551500765141, 0.00507168006152, -0.00970584526658, 0.011582897976, -0.000513307575602, -0.0124754803255, 0.0248226821423, -0.021057529375, 0.00772706279531, 0.00653702579439, -0.0124162277207, 0.0109799699858, -0.00414338847622], [-0.000775203923695, 0.00500392541289, 0.00934099871665, -0.0144049534574, 0.00908271502703, 0.00420264806598, -0.021057529375, 0.0436180010438, -0.0292324125767, 0.0160023458302, 0.00422738911584, -0.00864344183356, 0.00899337884039], [0.000962175545283, -0.00561283715069, -0.00299763097428, 0.0130107197911, -0.0129006011412, 0.0113442596048, 0.00772706279531, -0.0292324125767, 0.0461770929396, -0.0332425273955, 0.015869256109, 0.00296007376164, -0.00763419223949], [-0.00159182248171, 0.0114644793794, -0.00298295915127, -0.00751037430018, 0.0121124852449, -0.0164684280753, 0.00653702579439, 0.0160023458302, -0.0332425273955, 0.0496138781309, -0.0264692176133, 0.0150057449937, 0.0005267317174], [0.00159314251505, -0.00998291559517, 0.00591327995062, 0.00133141549304, -0.00536820106208, 0.0136566488072, -0.0124162277207, 0.00422738911584, 0.015869256109, -0.0264692176133, 0.0485349595547, -0.0299132075161, 0.018971266225], [-0.00153824919835, 0.0104834856465, -0.00756230670959, 0.00106932409108, 0.00248980964534, -0.00549882184714, 0.0109799699858, -0.00864344183356, 0.00296007376164, 0.0150057449937, -0.0299132075161, 0.0469887182117, -0.0267086215317], [0.000673321657814, -0.00395398726687, 0.00369959441014, -0.00124104740098, 0.000764571537729, 0.00118261436, -0.00414338847622, 0.00899337884039, -0.00763419223949, 0.0005267317174, 0.018971266225, -0.0267086215317, 0.0355096496642]]
    },
    "melbands": {
        "max": [0.000263949128566, 0.000214929605136, 0.00128017296083, 0.00151481060311, 0.00445769354701, 0.0124334041029, 0.0160422418267, 0.0119396792725, 0.0129569368437, 0.00944595783949, 0.00505669321865, 0.0031008485239, 0.00122128939256, 0.000764353899285, 0.000737451075111, 0.00077327794861, 0.000557282124646, 0.000588303839322, 0.000972813752014, 0.00053355115233, 0.000292963988613, 0.00041000690544, 0.000179827213287, 4.8848996812e-05, 2.90132302325e-05, 3.18870552292e-05, 3.87890850106e-06, 6.25308871349e-07, 7.88520026163e-07, 2.71274700481e-07, 2.10377507415e-07, 1.27178054754e-07, 1.41413437404e-07, 6.49195968094e-08, 4.81159041499e-08, 5.84527910519e-08, 5.32569508493e-08, 2.85595511684e-08, 2.98119111619e-08, 2.41235920129e-08],
        "mean": [4.10235916206e-05, 2.12161194213e-05, 3.88510998164e-05, 7.76665401645e-05, 0.000137862254633, 0.000201041504624, 0.000363970961189, 0.000447929487564, 0.000527359603439, 0.000318718928611, 0.00018598769384, 0.00011780046043, 4.77456051158e-05, 2.50211141974e-05, 1.89433121704e-05, 1.85890694411e-05, 2.11218721233e-05, 2.01957136596e-05, 1.50977175508e-05, 9.57392694545e-06, 6.74996226735e-06, 5.77881382924e-06, 3.26500799019e-06, 1.29030343032e-06, 6.6419175937e-07, 4.40064070517e-07, 1.35237456789e-07, 8.73300223247e-08, 6.65624213525e-08, 4.60279814263e-08, 3.45129507195e-08, 2.67924953334e-08, 2.26303296103e-08, 1.98918570504e-08, 1.82448882668e-08, 2.05562411537e-08, 2.20735394407e-08, 1.13869385032e-08, 9.77206049413e-09, 8.80527917246e-09],
        "min": [2.07271802619e-24, 5.29933248073e-24, 5.0215059251e-24, 4.05708402542e-24, 2.61222394357e-24, 3.84018908611e-24, 2.52587976484e-24, 6.24792194204e-24, 4.68511275815e-24, 5.41759456333e-24, 5.56466939607e-24, 5.12824551089e-24, 4.46193059742e-24, 5.0987468462e-24, 4.59203348222e-24, 5.14761086282e-24, 5.66947035619e-24, 6.7104224133e-24, 6.83541111284e-24, 9.4879630064e-24, 6.6462193908e-24, 5.91358691318e-24, 6.41124770385e-24, 8.11843026631e-24, 5.51921444185e-24, 7.82908555261e-24, 7.02569698496e-24, 7.92259002456e-24, 8.60566941556e-24, 7.86246067978e-24, 6.71319131507e-24, 6.97509944649e-24, 8.40205416073e-24, 8.72115155234e-24, 7.86287719834e-24, 9.17132212765e-24, 8.97119994891e-24, 7.7498318529e-24, 8.15113565058e-24, 6.06103684928e-24],
        "stdev": [3.57876924681e-05, 2.17482120206e-05, 8.020925452e-05, 0.000134684349177, 0.000320926774293, 0.000695186317898, 0.00112856540363, 0.00123731896747, 0.00142887467518, 0.000849663221743, 0.000512884114869, 0.000335734948749, 0.000140038042446, 7.60173861636e-05, 6.17840996711e-05, 5.54368634766e-05, 5.63943758607e-05, 5.82284301345e-05, 6.03520566074e-05, 4.19196148869e-05, 2.3502341719e-05, 2.06917648029e-05, 1.06666884676e-05, 3.57308545063e-06, 1.84200735021e-06, 1.47312607623e-06, 1.81141331268e-07, 6.65723547399e-08, 6.04872241183e-08, 3.08253369496e-08, 2.08596624418e-08, 1.35840805271e-08, 1.1850397108e-08, 8.98157814788e-09, 7.78594966278e-09, 7.98765942278e-09, 8.21716827915e-09, 4.24189527948e-09, 3.55095752802e-09, 3.31617000526e-09]
    },
    "melbands128": {
        "max": [0.00047395969159, 0.000365886080544, 0.000318969250657, 0.000149441722897, 0.000180057162652, 0.000427334278356, 0.0008937412058, 0.00215033092536, 0.00265940185636, 0.00243664789014, 0.00262998812832, 0.00289650424384, 0.00376054970548, 0.014755406417, 0.0162309631705, 0.0244302339852, 0.0147711886093, 0.0260879993439, 0.022801278159, 0.019577678293, 0.0207936018705, 0.0206846371293, 0.0240985788405, 0.0181637573987, 0.0217531044036, 0.0109416376799, 0.0069102300331, 0.00840605143458, 0.0110267726704, 0.00650194706395, 0.00480474391952, 0.00236514303833, 0.00201301905327, 0.00219873152673, 0.00119304889813, 0.0014455440687, 0.000906430359464, 0.0010166169377, 0.0011754562147, 0.000788298551925, 0.00151471863501, 0.000705221784301, 0.00115652184468, 0.00082337425556, 0.00190938008018, 0.000986158149317, 0.000947488239035, 0.00151018053293, 0.00134745927062, 0.00169142556842, 0.000862315064296, 0.000248330412433, 0.000403654121328, 0.000719746924005, 0.00037051612162, 0.000345092557836, 0.000679508200847, 0.000432122760685, 7.43040945963e-05, 7.53407002776e-05, 5.92919604969e-05, 4.49186445621e-05, 4.38248716819e-05, 2.87014536298e-05, 4.83219373564e-05, 5.14862622367e-05, 1.97776753339e-05, 7.58244004828e-06, 6.39079701159e-07, 8.74016564012e-07, 9.67057076195e-07, 1.01641364836e-06, 1.65390372331e-06, 9.06157708869e-07, 6.5965457452e-07, 4.14202588672e-07, 2.77167004015e-07, 2.9952065006e-07, 2.54044266512e-07, 2.35182355368e-07, 1.62877540788e-07, 1.53292859295e-07, 1.73342755261e-07, 1.84297292094e-07, 1.61860072012e-07, 8.77871073612e-08, 9.87957449183e-08, 9.05977799448e-08, 6.91744972414e-08, 8.14034493146e-08, 7.82712419323e-08, 8.10683928876e-08, 1.05533921158e-07, 7.1617776598e-08, 5.32974695489e-08, 5.68702596127e-08, 4.32622613289e-08, 3.85419092197e-08, 4.50045334333e-08, 3.65463961316e-08, 3.82523026587e-08, 3.19867012877e-08, 4.00044122273e-08, 4.37829292821e-08, 3.3867994631e-08, 2.62397481521e-08, 2.07454213808e-08, 2.17142321901e-08, 1.76484657999e-08, 2.02126582138e-08, 1.46245087151e-08, 1.19554819378e-08, 9.79521530553e-09, 4.55978721448e-09, 7.98229093935e-10, 1.51125459369e-10, 1.26183841154e-10, 7.58393209344e-11, 7.36293317982e-11, 7.1679710778e-11, 6.99790503322e-11, 6.85389869859e-11, 6.70919084178e-11, 6.58819526711e-11, 6.49847606282e-11, 6.41719039018e-11, 6.36044619751e-11, 6.32864594063e-11],
        "mean": [1.66725603776e-05, 5.32473277417e-05, 4.89386402478e-05, 2.28954068007e-05, 1.32004824991e-05, 2.20122547034e-05, 3.67591710528e-05, 3.91676767322e-05, 4.75394626847e-05, 7.27106598788e-05, 9.94908914436e-05, 0.000118855845358, 0.000143302604556, 0.000170470171724, 0.0001818191231, 0.000228926423006, 0.00026124480064, 0.000389864464523, 0.000491984945256, 0.000434605753981, 0.000415306800278, 0.000517366628628, 0.00058162357891, 0.000505642092321, 0.000348206143826, 0.000256222643657, 0.000201946895686, 0.000182695817784, 0.000170527317096, 0.000137701397762, 0.000106530991616, 6.11691648373e-05, 4.5460263209e-05, 3.66477870557e-05, 2.78748029814e-05, 2.29749130085e-05, 1.67395410244e-05, 2.02348328457e-05, 1.93370542547e-05, 1.66569661815e-05, 1.99405221792e-05, 1.87299392564e-05, 2.07753746508e-05, 2.1879293854e-05, 2.28530425375e-05, 2.11569658859e-05, 1.59531555255e-05, 1.5792740669e-05, 1.32925670187e-05, 1.43766428664e-05, 8.91564195626e-06, 5.44502063349e-06, 6.06016874372e-06, 8.28509746498e-06, 6.10752204011e-06, 5.46237197341e-06, 5.64282026971e-06, 4.19919069827e-06, 2.23017877943e-06, 1.74106503437e-06, 1.33926607759e-06, 8.84944768131e-07, 7.0283090281e-07, 5.98827512022e-07, 5.8610544329e-07, 5.25868301793e-07, 3.03491987097e-07, 1.49972777308e-07, 1.0176881915e-07, 9.65060777958e-08, 9.36393789175e-08, 7.88143452723e-08, 7.38190095717e-08, 6.68009718652e-08, 5.54966170796e-08, 4.6998909653e-08, 4.25891286682e-08, 3.69000972e-08, 3.45920732059e-08, 3.08477332567e-08, 2.73958917774e-08, 2.54360319474e-08, 2.38910651262e-08, 2.28426166871e-08, 2.10696242675e-08, 2.03268442078e-08, 1.94456948321e-08, 1.89213249513e-08, 1.82864248188e-08, 1.77763528342e-08, 1.71653873338e-08, 1.66286877601e-08, 3.42550876553e-08, 2.58533336961e-08, 1.29806299043e-08, 1.19484120376e-08, 1.11902229705e-08, 1.03107948846e-08, 9.96459270652e-09, 9.35108879219e-09, 9.09085517975e-09, 8.74982131194e-09, 8.45362979618e-09, 8.02372568387e-09, 7.52090745237e-09, 7.44256478669e-09, 6.53879617118e-09, 5.95582072549e-09, 5.40452571585e-09, 4.82941775459e-09, 3.75591557855e-09, 1.61142910127e-09, 8.27308499485e-10, 1.26693627811e-10, 3.26553888097e-12, 2.14804888286e-12, 2.05590774439e-12, 1.94972987408e-12, 1.85525488201e-12, 1.81187486889e-12, 1.77149863789e-12, 1.74183920326e-12, 1.70888780557e-12, 1.67391664765e-12, 1.66098721149e-12, 1.64664018098e-12, 1.63789478941e-12, 1.62624991598e-12],
        "min": [6.36700039707e-25, 9.98629275111e-25, 1.23641226511e-24, 2.71415206949e-24, 1.73611048628e-24, 5.83563325625e-24, 2.67028272569e-24, 2.25300350861e-24, 2.66505040852e-24, 2.95865043516e-24, 3.4301821805e-24, 1.90167641586e-24, 1.79377602124e-24, 3.10181133452e-24, 4.51582833548e-24, 3.63901338363e-24, 8.2007780757e-25, 6.31520822738e-25, 2.63248327212e-24, 8.85388607711e-24, 2.29951691694e-24, 1.85100433004e-24, 4.52839212869e-24, 5.14876969949e-24, 3.12730278303e-24, 5.37511755903e-24, 8.79395020047e-25, 1.67574527209e-24, 4.64930005077e-24, 2.25095621734e-24, 2.4553930708e-24, 9.76912624644e-25, 2.68280786471e-24, 4.65449824971e-24, 5.90243478657e-24, 1.34656623812e-24, 2.83240961615e-24, 4.43534874593e-24, 4.11808624479e-24, 1.64594023355e-24, 5.69158528281e-24, 2.33058186496e-24, 5.37317735563e-24, 5.65807723257e-24, 3.61164306566e-24, 4.91480933222e-24, 4.4498432762e-24, 6.62419754977e-24, 6.36637808442e-24, 6.23188676641e-24, 9.76171351772e-24, 7.13165047086e-24, 7.04879483226e-24, 2.12636056774e-24, 6.50109856653e-24, 5.24518072946e-24, 4.40900197499e-24, 8.05126033795e-24, 5.98414539356e-24, 4.43612853494e-24, 8.71656038187e-24, 6.60656414196e-24, 3.61393510102e-24, 4.06881951468e-24, 1.03518579943e-23, 7.1873898047e-24, 5.75653456772e-24, 6.07956640309e-24, 8.0616149262e-24, 3.61742265509e-24, 5.44466511415e-24, 3.65613837059e-24, 8.9246610998e-24, 6.09368464671e-24, 4.32213300653e-24, 4.82581635578e-24, 6.09171643875e-24, 3.66765021778e-24, 6.27442096313e-24, 6.50806302503e-24, 6.44642695592e-24, 4.81645178798e-24, 7.23840938374e-24, 7.48838047195e-24, 4.7960017523e-24, 8.26252044381e-24, 7.78577787777e-24, 5.68646242009e-24, 6.48764059948e-24, 6.8483460651e-24, 1.07437767138e-23, 5.79574805445e-24, 8.14309952454e-24, 8.17432579461e-24, 4.73917931244e-24, 6.58766264024e-24, 6.63729185194e-24, 7.89707431858e-24, 6.18679350492e-24, 6.57943205998e-24, 5.63989635528e-24, 6.46072427097e-24, 4.69842399706e-24, 6.47593035378e-24, 6.74807395544e-24, 4.65792032831e-24, 7.82870453279e-24, 6.67824951014e-24, 8.11084852415e-24, 9.29211014287e-24, 9.8430016897e-24, 6.04058523589e-24, 7.03717727771e-24, 5.20341882756e-24, 8.3122155254e-24, 9.69674372243e-24, 7.510617672e-24, 5.97055332016e-24, 6.8584332295e-24, 6.97005389214e-24, 9.07851500873e-24, 8.47098482663e-24, 6.18492390457e-24, 5.25615930667e-24, 7.27381346117e-24, 7.56412374062e-24, 7.83892264809e-24, 7.74482731932e-24],
        "stdev": [2.74545982393e-05, 5.00005735375e-05, 4.61735835415e-05, 1.96149467229e-05, 1.67270191014e-05, 4.06718318118e-05, 7.79241672717e-05, 0.000117703144497, 0.000155562360305, 0.000174305139808, 0.000216419255594, 0.000283595756628, 0.000394686561776, 0.000753377331421, 0.000756212917622, 0.00119776837528, 0.00106637517456, 0.00161295908038, 0.00199314602651, 0.00172845635097, 0.00155708857346, 0.00185730820522, 0.00206126156263, 0.0018635513261, 0.00133033376187, 0.00085695728194, 0.000683608988766, 0.000663514714688, 0.000662066915538, 0.000485976110213, 0.000402836332796, 0.000214633211726, 0.000164758253959, 0.000143411976751, 9.84597281786e-05, 9.36191645451e-05, 6.2008301029e-05, 7.6046489994e-05, 8.22723159217e-05, 5.75698613829e-05, 7.70432525314e-05, 5.91582720517e-05, 7.11057000444e-05, 6.86926869093e-05, 0.000104890357761, 7.70130936871e-05, 5.83052096772e-05, 8.32671430544e-05, 6.60917212372e-05, 9.10785820452e-05, 5.02007897012e-05, 1.79435555765e-05, 2.25779658649e-05, 3.78007862309e-05, 2.17929100472e-05, 2.02456267289e-05, 2.66816296062e-05, 1.81684208655e-05, 5.57209114049e-06, 4.95285939905e-06, 4.66453593617e-06, 2.88685396299e-06, 2.32134243561e-06, 1.7490551727e-06, 2.24971086027e-06, 2.18412856157e-06, 9.25614074276e-07, 2.73683156138e-07, 8.58078479382e-08, 8.09583227124e-08, 8.15144005628e-08, 7.80662716693e-08, 9.5649454579e-08, 6.78097862306e-08, 5.21533110032e-08, 3.86311498346e-08, 3.24123377027e-08, 2.80144583087e-08, 2.56803840415e-08, 2.16740136949e-08, 1.70911356179e-08, 1.61768571871e-08, 1.48378136444e-08, 1.52839092493e-08, 1.35182149918e-08, 1.18659491122e-08, 1.10058584468e-08, 1.07853148634e-08, 1.00961319305e-08, 9.80597203437e-09, 9.55723322704e-09, 9.26888255037e-09, 1.51092596212e-08, 1.11817790582e-08, 6.56271303967e-09, 6.04001826332e-09, 5.55110357681e-09, 4.98299934648e-09, 4.90857354762e-09, 4.45350067935e-09, 4.46418546574e-09, 4.21678914009e-09, 4.01158972707e-09, 3.81818754391e-09, 3.46050965661e-09, 3.42051209579e-09, 2.90985369134e-09, 2.68166600037e-09, 2.48350384702e-09, 2.2237611752e-09, 1.78560133346e-09, 1.39557687628e-09, 1.07506015201e-09, 2.32651037324e-10, 2.45464690241e-11, 6.60974270109e-12, 6.05126365683e-12, 5.18809214339e-12, 4.64780817999e-12, 4.52614638477e-12, 4.39364907304e-12, 4.29727694401e-12, 4.22171542516e-12, 4.16218882276e-12, 4.10516325794e-12, 4.04773740567e-12, 4.02179418241e-12, 4.00331200481e-12]
    },
    "mfcc": {
        "mean": [-782.211425781, 148.785095215, -15.6625986099, 1.40716052055, 4.70238208771, -9.11421298981, -10.229970932, 3.53663706779, 2.10418152809, 6.1082572937, 1.21174311638, 2.56229138374, -3.05704283714],
        "cov": [[4187.25, 2310.74951172, -724.744628906, -927.769042969, -511.628692627, -671.900817871, -513.620544434, -77.325553894, 16.8289737701, -21.7436008453, 18.0869541168, -64.2685394287, -167.742950439], [2310.74951172, 1749.31225586, -263.194030762, -766.401550293, -531.304199219, -531.56072998, -390.108032227, -120.935409546, -85.2237319946, -106.296165466, -13.4388666153, -29.743560791, -110.007415771], [-724.744628906, -263.194030762, 578.195800781, 318.565124512, -56.0783233643, 35.0627326965, 58.1016311646, -43.7691459656, -87.5332641602, -88.6997299194, -50.9502220154, 52.283996582, 71.0614242554], [-927.769042969, -766.401550293, 318.565124512, 638.783325195, 336.017883301, 139.142410278, 55.6846961975, -0.780492305756, -6.2364616394, -18.3574542999, -34.9670066833, 31.3891048431, 80.7536315918], [-511.628692627, -531.304199219, -56.0783233643, 336.017883301, 400.936553955, 169.334854126, -8.49978256226, -21.3858947754, 40.3806800842, 39.6415634155, -14.1647882462, -7.74731969833, 27.6926956177], [-671.900817871, -531.56072998, 35.0627326965, 139.142410278, 169.334854126, 306.33001709, 208.420410156, 24.8691883087, 17.232635498, 55.3069877625, 13.914768219, 4.92720460892, 21.0637722015], [-513.620544434, -390.108032227, 58.1016311646, 55.6846961975, -8.49978256226, 208.420410156, 307.845947266, 117.266563416, -11.4085493088, 18.9509162903, 32.65391922, 9.12501907349, 8.10221099854], [-77.325553894, -120.935409546, -43.7691459656, -0.780492305756, -21.3858947754, 24.8691883087, 117.266563416, 130.249130249, 48.3102531433, 4.31097221375, 7.19250965118, 1.14568781853, -0.0215570535511], [16.8289737701, -85.2237319946, -87.5332641602, -6.2364616394, 40.3806800842, 17.232635498, -11.4085493088, 48.3102531433, 125.616333008, 71.1816864014, -5.05053472519, -9.5877456665, 1.49884140491], [-21.7436008453, -106.296165466, -88.6997299194, -18.3574542999, 39.6415634155, 55.3069877625, 18.9509162903, 4.31097221375, 71.1816864014, 127.189826965, 55.8678016663, -18.6813755035, -22.1715507507], [18.0869541168, -13.4388666153, -50.9502220154, -34.9670066833, -14.1647882462, 13.914768219, 32.65391922, 7.19250965118, -5.05053472519, 55.8678016663, 90.5807113647, 14.9156827927, -31.0797519684], [-64.2685394287, -29.743560791, 52.283996582, 31.3891048431, -7.74731969833, 4.92720460892, 9.12501907349, 1.14568781853, -9.5877456665, -18.6813755035, 14.9156827927, 62.5203208923, 32.131061554], [-167.742950439, -110.007415771, 71.0614242554, 80.7536315918, 27.6926956177, 21.0637722015, 8.10221099854, -0.0215570535511, 1.49884140491, -22.1715507507, -31.0797519684, 32.131061554, 79.3708114624]],
        "icov": [[0.00253629009239, -0.00566200073808, 0.00365013955161, -0.00543508399278, 0.00224601267837, -0.0029022495728, -4.49943399872e-05, -0.00139162107371, -0.000468685582746, -0.00220154062845, 0.00091843563132, -0.000723023782484, -0.000188516263734], [-0.00566200073808, 0.0166360270232, -0.00805330276489, 0.0155100664124, -0.00421697646379, 0.00998189672828, 0.00157052255236, 0.00433271983638, 0.00262251985259, 0.00533617846668, -0.000456615030998, 0.000343722524121, 0.00230749044567], [0.00365013955161, -0.00805330276489, 0.0139997247607, -0.016797631979, 0.014414396137, -0.00982564128935, 0.00302408146672, 0.000267316499958, 0.00110349687748, -0.0023353905417, 0.00438788672909, -0.00317949289456, 0.000710449530743], [-0.00543508399278, 0.0155100664124, -0.016797631979, 0.0278312712908, -0.0202516131103, 0.0184513200074, -0.00578004075214, 0.00385431433097, 0.000509003002662, 0.00418630661443, -0.00250259554014, 0.000971425499301, -0.00071997003397], [0.00224601267837, -0.00421697646379, 0.014414396137, -0.0202516131103, 0.0272278953344, -0.0208084080368, 0.0162963569164, -0.00581245264038, 0.00434248428792, -0.000980014796369, 0.00264307297766, 7.41167532397e-05, 0.00160756043624], [-0.0029022495728, 0.00998189672828, -0.00982564128935, 0.0184513200074, -0.0208084080368, 0.0347450822592, -0.0264282412827, 0.0211143214256, -0.00855979509652, 0.00182093912736, 0.00226240744814, -0.00309199281037, 0.00127618084662], [-4.49943399872e-05, 0.00157052255236, 0.00302408146672, -0.00578004075214, 0.0162963569164, -0.0264282412827, 0.0363852605224, -0.0298858825117, 0.0200268533081, -0.00678937183693, 0.000916333170608, 0.000949226028752, 0.000560159620363], [-0.00139162107371, 0.00433271983638, 0.000267316499958, 0.00385431433097, -0.00581245264038, 0.0211143214256, -0.0298858825117, 0.0431184284389, -0.0280767045915, 0.0197294596583, -0.00869782269001, 0.00353177380748, -0.00040384096792], [-0.000468685582746, 0.00262251985259, 0.00110349687748, 0.000509003002662, 0.00434248428792, -0.00855979509652, 0.0200268533081, -0.0280767045915, 0.0398479253054, -0.0298686530441, 0.0224446747452, -0.0120442714542, 0.00441154045984], [-0.00220154062845, 0.00533617846668, -0.0023353905417, 0.00418630661443, -0.000980014796369, 0.00182093912736, -0.00678937183693, 0.0197294596583, -0.0298686530441, 0.0433190949261, -0.032055079937, 0.0200296379626, -0.00686369370669], [0.00091843563132, -0.000456615030998, 0.00438788672909, -0.00250259554014, 0.00264307297766, 0.00226240744814, 0.000916333170608, -0.00869782269001, 0.0224446747452, -0.032055079937, 0.0440295226872, -0.026924399659, 0.0170697271824], [-0.000723023782484, 0.000343722524121, -0.00317949289456, 0.000971425499301, 7.41167532397e-05, -0.00309199281037, 0.000949226028752, 0.00353177380748, -0.0120442714542, 0.0200296379626, -0.026924399659, 0.0376911982894, -0.0184732452035], [-0.000188516263734, 0.00230749044567, 0.000710449530743, -0.00071997003397, 0.00160756043624, 0.00127618084662, 0.000560159620363, -0.00040384096792, 0.00441154045984, -0.00686369370669, 0.0170697271824, -0.0184732452035, 0.0267002973706]]
    },
    "spectral_contrast_coeffs": {
        "max": [-0.41888576746, -0.411449968815, -0.462700724602, -0.597711980343, -0.576909661293, -0.769045591354],
        "mean": [-0.737202227116, -0.754178345203, -0.790227591991, -0.822522640228, -0.812281370163, -0.83231896162],
        "min": [-0.976156175137, -0.998372137547, -0.998712837696, -0.987040758133, -0.990081191063, -0.960241734982],
        "stdev": [0.100314863026, 0.11438331008, 0.0870145559311, 0.0603460147977, 0.0584427863359, 0.0150028523058]
    },
    "spectral_contrast_valleys": {
        "max": [-6.91100931168, -4.69349479675, -5.13634538651, -6.13943004608, -7.86999034882, -11.1346683502],
        "mean": [-8.29801940918, -7.61049509048, -8.22156429291, -8.40573692322, -9.03856658936, -11.6735181808],
        "min": [-27.6060237885, -27.6213474274, -27.4264354706, -27.53647995, -27.5097923279, -27.42045784],
        "stdev": [1.34469556808, 1.65223324299, 1.57023274899, 1.43332707882, 1.24395406246, 1.05425918102]
    }
},
"rhythm": {
    "beats_count": 59,
    "beats_loudness": {
        "max": 0.0750099122524,
        "mean": 0.0220809485763,
        "min": 0.000211941049201,
        "stdev": 0.0243816059083
    },
    "bpm": 111.381240845,
    "bpm_histogram_first_peak_bpm": 110,
    "bpm_histogram_first_peak_weight": 0.533333301544,
    "bpm_histogram_second_peak_bpm": 144,
    "bpm_histogram_second_peak_spread": 0.41666662693,
    "bpm_histogram_second_peak_weight": 0.12068965286,
    "danceability": 1.57207584381,
    "onset_rate": 4.30836391449,
    "beats_loudness_band_ratio": {
        "max": [0.7783228755, 0.642901301384, 0.93070268631, 0.83692908287, 0.636156022549, 0.0877909809351],
        "mean": [0.131125107408, 0.13696962595, 0.514187514782, 0.188063874841, 0.072931021452, 0.0105951540172],
        "min": [0.00249878549948, 0.00624580262229, 0.0235536396503, 0.00909247994423, 0.000661280588247, 0.000164557190146],
        "stdev": [0.197980508208, 0.175057098269, 0.277247935534, 0.194702625275, 0.118564888835, 0.0177579727024]
    },
    "beats_position": [0.46439909935, 0.940408170223, 1.4164172411, 1.91564619541, 2.41487526894, 2.92571425438, 3.47138309479, 4.00544214249, 4.55111122131, 5.10838985443, 5.64244890213, 6.15328788757, 6.66412687302, 7.19818592072, 7.74385452271, 8.27791404724, 8.82358264923, 9.4040813446, 9.94974994659, 10.4954195023, 11.0294780731, 11.5635375977, 12.1092061996, 12.6316547394, 13.1657142639, 13.6649427414, 14.1873922348, 14.6982307434, 15.1626300812, 15.6154193878, 16.0682086945, 16.4397277832, 16.8344669342, 17.2524261475, 17.6703853607, 18.088344574, 18.5295238495, 18.9590930939, 19.4118824005, 19.8762817383, 20.3406791687, 20.8166885376, 21.2926979065, 21.733877182, 22.1866664886, 22.6510658264, 23.1270751953, 23.5914726257, 24.0442619324, 24.497051239, 24.9382305145, 25.3561897278, 25.774148941, 26.1921081543, 26.6216773987, 27.0396366119, 27.4692058563, 27.8987751007, 28.3283443451],
