{
"metadata": {
    "version": {
        "essentia": "2.1-beta5",
        "essentia_git_sha": "Undefined",
        "extractor": "music 2.0"
    },
    "audio_properties": {
        "analysis": {
            "equal_loudness": 0,
            "length": 20.7470302582,
            "sample_rate": 44100,
            "start_time": 175.240997314,
            "downmix": "mix"
        },
        "bit_rate": 192000,
        "length": 196.011245728,
        "lossless": 0,
        "number_channels": 2,
        "replay_gain": 3.16205406189,
        "sample_rate": 48000,
        "codec": "mp3",
        "md5_encoded": "714f5e9e1e08705f667577011e05c13e"
    },
    "tags": {
        "file_name": "Belarus_Cheesecake_Teo.mp3",
        "encoding": ["Lavf58.29.100"]
    }
},
"lowlevel": {
    "average_loudness": 0.903288900852,
    "barkbands_crest": {
        "max": 25.498714447,
        "mean": 12.3530550003,
        "min": 2.8083012104,
        "stdev": 5.59552192688
    },
    "barkbands_flatness_db": {
        "max": 0.420409977436,
        "mean": 0.205868586898,
        "min": 0.0689022839069,
        "stdev": 0.0685373023152
    },
    "barkbands_kurtosis": {
        "max": 28.4927272797,
        "mean": 2.82775163651,
        "min": -1.75045835972,
        "stdev": 4.38390254974
    },
    "barkbands_skewness": {
        "max": 5.28190946579,
        "mean": 1.44472897053,
        "min": -3.7613735199,
        "stdev": 0.977691352367
    },
    "barkbands_spread": {
        "max": 84.8657913208,
        "mean": 19.4545040131,
        "min": 3.44335412979,
        "stdev": 12.1709470749
    },
    "dissonance": {
        "max": 0.500000059605,
        "mean": 0.463907212019,
        "min": 0.324626266956,
        "stdev": 0.0303538870066
    },
    "dynamic_complexity": 4.03636455536,
    "erbbands_crest": {
        "max": 30.4622535706,
        "mean": 11.0297260284,
        "min": 2.91276454926,
        "stdev": 5.94002866745
    },
    "erbbands_flatness_db": {
        "max": 0.436970978975,
        "mean": 0.251931667328,
        "min": 0.123409159482,
        "stdev": 0.0778678357601
    },
    "erbbands_kurtosis": {
        "max": 11.7389316559,
        "mean": 0.728167116642,
        "min": -1.83154690266,
        "stdev": 2.10327148438
    },
    "erbbands_skewness": {
        "max": 3.49534463882,
        "mean": 0.753097355366,
        "min": -2.56838130951,
        "stdev": 0.859993636608
    },
    "erbbands_spread": {
        "max": 105.932540894,
        "mean": 31.7670974731,
        "min": 8.03198623657,
        "stdev": 15.8877258301
    },
    "hfc": {
        "max": 108.012168884,
        "mean": 22.8633747101,
        "min": 0.0257874205709,
        "stdev": 16.8661880493
    },
    "loudness_ebu128": {
        "integrated": -26.0047969818,
        "loudness_range": 5.62365150452,
        "momentary": {
            "max": -21.9437236786,
            "mean": -27.1580753326,
            "min": -36.8675003052,
            "stdev": 3.63330602646
        },
        "short_term": {
            "max": -24.1100540161,
            "mean": -26.4240989685,
            "min": -33.0321426392,
            "stdev": 2.28855776787
        }
    },
    "melbands_crest": {
        "max": 34.028629303,
        "mean": 15.5611190796,
        "min": 3.41392278671,
        "stdev": 6.57051753998
    },
    "melbands_flatness_db": {
        "max": 0.384305775166,
        "mean": 0.206216007471,
        "min": 0.0414331108332,
        "stdev": 0.0653055980802
    },
    "melbands_kurtosis": {
        "max": 84.0200271606,
        "mean": 10.1173973083,
        "min": -1.24443507195,
        "stdev": 12.0060529709
    },
    "melbands_skewness": {
        "max": 8.10795021057,
        "mean": 2.37947940826,
        "min": -1.62721776962,
        "stdev": 1.43111693859
    },
    "melbands_spread": {
        "max": 145.316421509,
        "mean": 23.0643119812,
        "min": 3.05679178238,
        "stdev": 16.9580764771
    },
    "pitch_salience": {
        "max": 0.84793150425,
        "mean": 0.52372699976,
        "min": 0.14179725945,
        "stdev": 0.158382251859
    },
    "silence_rate_20dB": {
        "max": 1,
        "mean": 1,
        "min": 1,
        "stdev": 0
    },
    "silence_rate_30dB": {
        "max": 1,
        "mean": 0.996648073196,
        "min": 0,
        "stdev": 0.0577987506986
    },
    "silence_rate_60dB": {
        "max": 1,
        "mean": 0.116201117635,
        "min": 0,
        "stdev": 0.320466458797
    },
    "spectral_centroid": {
        "max": 4392.92626953,
        "mean": 1581.83825684,
        "min": 320.051330566,
        "stdev": 513.750793457
    },
    "spectral_complexity": {
        "max": 50,
        "mean": 19.206703186,
        "min": 0,
        "stdev": 9.64386463165
    },
    "spectral_decrease": {
        "max": -4.72593969167e-12,
        "mean": -6.78447431568e-09,
        "min": -3.2554456908e-08,
        "stdev": 6.20792883765e-09
    },
    "spectral_energy": {
        "max": 0.126901194453,
        "mean": 0.0276799555868,
        "min": 2.01758866751e-05,
        "stdev": 0.0244778804481
    },
    "spectral_energyband_high": {
        "max": 0.0130279893056,
        "mean": 0.00104729598388,
        "min": 6.02172008257e-07,
        "stdev": 0.00124842731748
    },
    "spectral_energyband_low": {
        "max": 0.106805466115,
        "mean": 0.00769815128297,
        "min": 4.13387057918e-09,
        "stdev": 0.0168417003006
    },
    "spectral_energyband_middle_high": {
        "max": 0.052364256233,
        "mean": 0.00638566492125,
        "min": 1.12107463792e-05,
        "stdev": 0.00820716843009
    },
    "spectral_energyband_middle_low": {
        "max": 0.0790721327066,
        "mean": 0.0137440375984,
        "min": 6.64271192363e-06,
        "stdev": 0.0140691027045
    },
    "spectral_entropy": {
        "max": 8.34125709534,
        "mean": 7.62708902359,
        "min": 6.68004560471,
        "stdev": 0.283186256886
    },
    "spectral_flux": {
        "max": 0.278934121132,
        "mean": 0.084005407989,
        "min": 0.00659090001136,
        "stdev": 0.0480434074998
    },
    "spectral_kurtosis": {
        "max": 21.0733089447,
        "mean": 2.19740343094,
        "min": -1.35565829277,
        "stdev": 2.64543533325
    },
    "spectral_rms": {
        "max": 0.0111268162727,
        "mean": 0.00464418902993,
        "min": 0.000140298943734,
        "stdev": 0.00233160029165
    },
    "spectral_rolloff": {
        "max": 7428.95507812,
        "mean": 1664.35986328,
        "min": 64.599609375,
        "stdev": 1302.66650391
    },
    "spectral_skewness": {
        "max": 3.19409608841,
        "mean": 0.938555300236,
        "min": -0.355915606022,
        "stdev": 0.382338821888
    },
    "spectral_spread": {
        "max": 9401544,
        "mean": 3559255.75,
        "min": 1970072.375,
        "stdev": 945691.9375
    },
    "spectral_strongpeak": {
        "max": 7.3324136734,
        "mean": 1.69428014755,
        "min": 0,
        "stdev": 1.84068357944
    },
    "zerocrossingrate": {
        "max": 0.2041015625,
        "mean": 0.0622855909169,
        "min": 0.01123046875,
        "stdev": 0.0275708511472
    },
    "barkbands": {
        "max": [0.0107527868822, 0.10125862807, 0.0282506905496, 0.0569237023592, 0.0429697856307, 0.0513561367989, 0.00781692564487, 0.0216218326241, 0.0571157261729, 0.0445818044245, 0.00919683277607, 0.027207640931, 0.00916461460292, 0.0080997236073, 0.00402359990403, 0.00760362530127, 0.00381012982689, 0.0016872738488, 0.00483477069065, 0.00377276656218, 0.0029353054706, 0.00695208040997, 0.0019762464799, 0.00232595554553, 8.70716758072e-05, 1.85996987057e-06, 1.93001733351e-06],
        "mean": [0.000455758330645, 0.00588100543246, 0.00093702954473, 0.000927870743908, 0.00158264709171, 0.00119227694813, 0.000436549133155, 0.00120509788394, 0.0070756082423, 0.00316850375384, 0.000435947469668, 0.000671453191899, 0.000423409830546, 0.000550580152776, 0.000401469296776, 0.000341500272043, 0.000268171395874, 0.000249601202086, 0.000298657338135, 0.000259968277533, 0.000314728240483, 0.000349042064045, 0.000190582708456, 6.1457438278e-05, 1.01689045096e-06, 3.58020724178e-09, 3.5128799869e-09],
        "min": [3.55330126434e-10, 3.36880578988e-10, 3.15469789181e-10, 3.84220377736e-10, 2.7070075248e-07, 1.62341990517e-07, 1.67714460986e-06, 3.87406942082e-07, 6.54830387248e-07, 7.28943803097e-07, 3.86502733818e-07, 1.16430317121e-06, 6.12259555055e-07, 1.9297272047e-06, 1.30412809085e-06, 1.06221375518e-06, 4.05582994745e-07, 4.19624228698e-07, 5.28533234956e-07, 4.55629617591e-07, 2.18506187366e-07, 4.19680148411e-08, 6.83938807811e-08, 2.21327262073e-10, 1.48050516291e-10, 2.26194910025e-10, 3.27526589183e-10],
        "stdev": [0.00130251678638, 0.0146363973618, 0.00270972214639, 0.00405030651018, 0.00330215506256, 0.00324529805221, 0.00078094471246, 0.00251272087917, 0.0110077261925, 0.00776957953349, 0.000754601380322, 0.00152618112043, 0.000842186098453, 0.00087678298587, 0.000532520469278, 0.000459246773971, 0.0003112021368, 0.000243911854341, 0.000488895224407, 0.000344175408827, 0.000384877785109, 0.000535740575287, 0.000278806663118, 0.000131059976411, 4.37548715126e-06, 6.21520328536e-08, 6.44550510742e-08]
    },
    "erbbands": {
        "max": [4.5390586853, 20.2937297821, 38.8878669739, 111.580635071, 106.011817932, 169.119979858, 184.290374756, 529.993225098, 189.601516724, 288.462921143, 668.687927246, 1445.58056641, 1567.55126953, 406.135345459, 811.454162598, 611.870849609, 293.430084229, 381.96206665, 271.814605713, 373.254730225, 230.435379028, 238.543869019, 116.515838623, 177.864135742, 205.708679199, 159.303787231, 199.170806885, 123.685913086, 272.626647949, 124.879753113, 46.484462738, 54.9724578857, 26.7495231628, 2.37899827957, 0.0897832885385, 0.00762654701248, 0.00344687560573, 0.00121408002451, 0.000282391672954, 0.00014359143097],
        "mean": [0.24001070857, 1.02205955982, 1.29444861412, 2.15574717522, 3.73694324493, 5.42321634293, 8.67717170715, 9.8300409317, 7.34294223785, 10.6549406052, 38.1260986328, 122.112846375, 195.492721558, 39.9126434326, 21.6117362976, 22.441318512, 19.0384101868, 28.4357147217, 21.4747848511, 20.0606231689, 18.2041072845, 15.8894844055, 14.2916412354, 12.9378528595, 16.726316452, 11.8215789795, 11.2271194458, 13.3846187592, 13.2062721252, 8.96778678894, 4.79549121857, 2.04784393311, 0.628618121147, 0.0523676089942, 0.0017632197123, 0.000180820468813, 4.51310006611e-05, 1.35808713821e-05, 1.79480884981e-05, 3.39015969075e-05],
        "min": [1.233850071e-07, 4.15083462713e-07, 1.69292729879e-06, 1.76054454641e-05, 0.000100580451544, 0.00101709074806, 0.00277812266722, 0.00524715520442, 0.0225661825389, 0.0206063892692, 0.00534406816587, 0.014163239859, 0.0203214213252, 0.0275690741837, 0.0178493484855, 0.0462465584278, 0.0337886437774, 0.135791346431, 0.0602222643793, 0.0506567619741, 0.0672520548105, 0.0236671883613, 0.0178618188947, 0.036748252809, 0.0212202463299, 0.0210607126355, 0.0100632635877, 0.00811234116554, 0.00246250559576, 0.00125181965996, 0.00153542507906, 0.00021371486946, 1.36103089972e-05, 4.44156557933e-06, 2.34864660342e-06, 1.28149417833e-06, 6.18716455847e-07, 2.37488904986e-07, 1.34716060529e-07, 1.00455942231e-07],
        "stdev": [0.666937112808, 2.60706138611, 3.70091223717, 8.14565944672, 10.7145080566, 11.8790502548, 20.2623844147, 31.9131145477, 13.1752309799, 23.5236873627, 68.6120452881, 193.412063599, 309.814819336, 67.4102249146, 42.1177444458, 37.3100700378, 32.0508613586, 47.5102157593, 24.0765666962, 24.5892810822, 22.0096817017, 17.8414936066, 14.6003351212, 17.5204353333, 24.1266803741, 15.8049478531, 14.2978944778, 17.1024665833, 19.8121395111, 13.9222583771, 6.98648357391, 3.68754601479, 1.4986256361, 0.141976460814, 0.00456471648067, 0.00040046471986, 0.000124126323499, 4.22466509917e-05, 1.63747608894e-05, 2.82726668956e-05]
    },
    "gfcc": {
        "mean": [-60.1332550049, 105.373748779, -205.798614502, 36.3016014099, -91.792137146, 3.01396894455, -8.84212684631, -16.0886116028, 10.4319105148, -27.5701828003, -5.26717376709, -17.7859153748, -0.634630441666],
        "cov": [[5885.52636719, 702.98236084, 2544.09399414, 1865.99291992, -133.575042725, 878.658630371, -464.340789795, 327.383514404, -35.8576049805, -31.6254634857, 254.64503479, -43.3600311279, 569.57800293], [702.98236084, 1559.88818359, 1579.40405273, 1119.92553711, 728.651977539, 514.795837402, 12.5389413834, 163.627716064, 99.0057601929, 56.8466453552, 99.5430450439, -32.1469421387, 116.484062195], [2544.09399414, 1579.40405273, 3029.95385742, 2178.47998047, 589.220275879, 1048.90673828, -243.27671814, 314.017547607, 0.696625232697, 92.9858093262, 230.90586853, -28.38048172, 320.711608887], [1865.99291992, 1119.92553711, 2178.47998047, 1698.04907227, 482.022644043, 780.694335938, -176.33934021, 232.417556763, 3.02266526222, 69.7947235107, 161.849258423, -40.3030700684, 224.769699097], [-133.575042725, 728.651977539, 589.220275879, 482.022644043, 579.207641602, 333.30581665, 154.53012085, 133.503585815, 141.576293945, 86.7977752686, 47.8693122864, -8.08992958069, 8.82763576508], [878.658630371, 514.795837402, 1048.90673828, 780.694335938, 333.30581665, 636.500915527, 51.1042900085, 193.090713501, 79.3470153809, 60.4386978149, 114.576797485, -11.2439785004, 101.092590332], [-464.340789795, 12.5389413834, -243.27671814, -176.33934021, 154.53012085, 51.1042900085, 321.025238037, 78.6058807373, 132.524353027, 33.5658683777, -37.0944213867, 5.22402238846, -43.0266151428], [327.383514404, 163.627716064, 314.017547607, 232.417556763, 133.503585815, 193.090713501, 78.6058807373, 163.067840576, 89.4952011108, 39.4238471985, 30.9387531281, -16.0225582123, 53.227230072], [-35.8576049805, 99.0057601929, 0.696625232697, 3.02266526222, 141.576293945, 79.3470153809, 132.524353027, 89.4952011108, 195.490402222, 87.2709960938, 8.40004062653, 23.3825912476, 15.4034509659], [-31.6254634857, 56.8466453552, 92.9858093262, 69.7947235107, 86.7977752686, 60.4386978149, 33.5658683777, 39.4238471985, 87.2709960938, 104.761924744, 49.2284431458, 36.1639022827, 19.0225830078], [254.64503479, 99.5430450439, 230.90586853, 161.849258423, 47.8693122864, 114.576797485, -37.0944213867, 30.9387531281, 8.40004062653, 49.2284431458, 121.094062805, 45.6121368408, 39.6902427673], [-43.3600311279, -32.1469421387, -28.38048172, -40.3030700684, -8.08992958069, -11.2439785004, 5.22402238846, -16.0225582123, 23.3825912476, 36.1639022827, 45.6121368408, 84.2180480957, 23.5491161346], [569.57800293, 116.484062195, 320.711608887, 224.769699097, 8.82763576508, 101.092590332, -43.0266151428, 53.227230072, 15.4034509659, 19.0225830078, 39.6902427673, 23.5491161346, 137.517089844]],
        "icov": [[0.000541084562428, -3.82338294003e-05, -1.4330706108e-05, -0.000447621394414, 0.000793042592704, -0.000222182861762, 0.000194252133952, -6.04445194767e-05, -0.000833523750771, 0.000948443019297, -0.000666925043333, 0.000586827925872, -0.00119290186558], [-3.82338294003e-05, 0.00611389568076, -0.00556536857039, 0.00331015605479, -0.00734695140272, 0.0037554083392, -0.000436183909187, 0.0034837515559, -0.00323355617002, 0.00550397718325, -0.00321862404235, 0.00313009950332, -0.00123169831932], [-1.4330706108e-05, -0.00556536857039, 0.00990571826696, -0.00847516767681, 0.00675865774974, -0.00451890286058, 0.00104549131356, -0.00397930294275, 0.00356958503835, -0.00505705177784, 0.00330688967369, -0.00433893594891, 0.000368088018149], [-0.000447621394414, 0.00331015605479, -0.00847516767681, 0.010938548483, -0.00613362481818, 0.00126124732196, 0.000836624822114, 0.00204783538356, -0.000351132854121, 0.00120941980276, -0.000880891981069, 0.00355447712354, -0.000610069488175], [0.000793042592704, -0.00734695140272, 0.00675865774974, -0.00613362481818, 0.0138000594452, -0.00512434216216, -0.00105803611223, -0.00364438118413, 0.00115575874224, -0.00598116172478, 0.00248716562055, -0.00258273491636, 0.00158469937742], [-0.000222182861762, 0.0037554083392, -0.00451890286058, 0.00126124732196, -0.00512434216216, 0.00824211910367, -0.00220451294445, 0.000414011563407, -0.00240172981285, 0.00450418842956, -0.00496485037729, 0.00256809126586, 0.000275619153399], [0.000194252133952, -0.000436183909187, 0.00104549131356, 0.000836624822114, -0.00105803611223, -0.00220451294445, 0.00762032950297, -0.00372587726451, -0.00171525380574, 0.000592844909988, 0.00321056391113, -0.00266397930682, 0.000913794268854], [-6.04445194767e-05, 0.0034837515559, -0.00397930294275, 0.00204783538356, -0.00364438118413, 0.000414011563407, -0.00372587726451, 0.0185069572181, -0.00745484000072, 0.00381841976196, -0.00563933327794, 0.0092248916626, -0.00481207109988], [-0.000833523750771, -0.00323355617002, 0.00356958503835, -0.000351132854121, 0.00115575874224, -0.00240172981285, -0.00171525380574, -0.00745484000072, 0.0180515069515, -0.0146264815703, 0.0075698364526, -0.00531878322363, 0.00120789767243], [0.000948443019297, 0.00550397718325, -0.00505705177784, 0.00120941980276, -0.00598116172478, 0.00450418842956, 0.000592844909988, 0.00381841976196, -0.0146264815703, 0.0290246941149, -0.011488808319, 0.000603315827902, -0.00215711537749], [-0.000666925043333, -0.00321862404235, 0.00330688967369, -0.000880891981069, 0.00248716562055, -0.00496485037729, 0.00321056391113, -0.00563933327794, 0.0075698364526, -0.011488808319, 0.021094257012, -0.0118902390823, 0.00258293282241], [0.000586827925872, 0.00313009950332, -0.00433893594891, 0.00355447712354, -0.00258273491636, 0.00256809126586, -0.00266397930682, 0.0092248916626, -0.00531878322363, 0.000603315827902, -0.0118902390823, 0.025320770219, -0.00729072885588], [-0.00119290186558, -0.00123169831932, 0.000368088018149, -0.000610069488175, 0.00158469937742, 0.000275619153399, 0.000913794268854, -0.00481207109988, 0.00120789767243, -0.00215711537749, 0.00258293282241, -0.00729072885588, 0.0159049220383]]
    },
    "melbands": {
        "max": [0.0333620458841, 0.0226185694337, 0.0192635823041, 0.0107342870906, 0.00612562103197, 0.0108574172482, 0.00258463807404, 0.00351588777266, 0.00727113103494, 0.0101328128949, 0.00763807352632, 0.00236713234335, 0.00177839654498, 0.00375825283118, 0.000923599407542, 0.00093331572134, 0.00071794888936, 0.000468469370389, 0.000397966185119, 0.000619660888333, 0.000302204978652, 0.000250989221968, 0.000143518846016, 8.46341936267e-05, 0.000165066798218, 0.000239694389165, 0.000101141326013, 0.000113747650175, 0.000182731891982, 8.4539220552e-05, 9.32783586904e-05, 0.000162016105605, 0.000166687954334, 5.9823923948e-05, 3.77639153157e-05, 2.68692092504e-05, 4.14484311477e-05, 2.55007271335e-05, 4.31390890299e-06, 6.93466688517e-07],
        "mean": [0.001841254998, 0.000875098223332, 0.000418490264565, 0.000327457382809, 0.000297880993458, 0.000219619469135, 0.000104919148725, 0.000147896411363, 0.000341118691722, 0.000927344604861, 0.00098815432284, 0.00017418320931, 6.53073948342e-05, 7.95166997705e-05, 4.21728873334e-05, 4.80525377498e-05, 5.24579372723e-05, 3.37719866366e-05, 3.42153216479e-05, 2.23089755309e-05, 2.02934461413e-05, 1.62657343026e-05, 1.40785714393e-05, 1.18320622278e-05, 9.88066949503e-06, 1.28064139062e-05, 1.03904103526e-05, 7.27147698854e-06, 6.77729440213e-06, 7.3678265835e-06, 7.91973343439e-06, 7.86199689173e-06, 6.0557172219e-06, 4.58858630736e-06, 3.01712270812e-06, 1.72542308974e-06, 1.04991204353e-06, 5.13199893248e-07, 1.42336972431e-07, 5.84623460753e-09],
        "min": [2.23641938302e-10, 3.13463893731e-10, 2.77385359126e-09, 2.79529022151e-08, 5.57389867595e-08, 9.71844755782e-08, 3.49238661101e-07, 1.97373182687e-07, 3.10469587816e-08, 1.0255692473e-07, 1.01808012687e-07, 1.13654785139e-07, 5.13282643055e-08, 9.02328025632e-08, 1.37349829288e-07, 8.20439183258e-08, 1.86972627603e-07, 9.98070177616e-08, 9.65703392808e-08, 3.71548907196e-08, 9.06427217728e-08, 1.990668963e-08, 1.94460305636e-08, 2.12751025686e-08, 3.22797752972e-08, 1.49044652176e-08, 1.54823656118e-08, 1.41349350002e-08, 6.54739640282e-09, 5.54671508723e-09, 4.36757430222e-09, 1.31520305757e-09, 6.07907224559e-10, 7.74999953101e-10, 9.47913525451e-10, 6.86226769853e-11, 2.99928484826e-12, 1.43152211005e-12, 1.22162512311e-12, 1.17145529388e-12],
        "stdev": [0.00475389603525, 0.00219779391773, 0.0014648034703, 0.000734250003006, 0.000666939129587, 0.000660996476654, 0.000189674523426, 0.000345402106177, 0.000666896405164, 0.00147445639595, 0.00159197242465, 0.000376989686629, 0.000111510176794, 0.000200165697606, 7.62124327593e-05, 9.42060214584e-05, 8.60820364323e-05, 4.15837748733e-05, 5.09877245349e-05, 3.16374243994e-05, 2.72969682555e-05, 1.94789445231e-05, 1.79187882168e-05, 1.12347897812e-05, 1.552581125e-05, 2.45160445047e-05, 1.39836656672e-05, 1.10098408186e-05, 9.96761718852e-06, 9.93474714051e-06, 1.06765828605e-05, 1.18142643259e-05, 1.06861425593e-05, 7.40453197068e-06, 4.63824517283e-06, 2.65641415353e-06, 2.26686415772e-06, 1.32306035994e-06, 3.72664317183e-07, 3.673711646e-08]
    },
    "melbands128": {
        "max": [0.0097163869068, 0.0423775017262, 0.0474254079163, 0.0390382371843, 0.0274591483176, 0.0129482857883, 0.0237052068114, 0.0279234647751, 0.00995571818203, 0.013671210967, 0.0101130809635, 0.009356347844, 0.00862293876708, 0.014137910679, 0.0188272148371, 0.00734937097877, 0.00588804390281, 0.00202987599187, 0.00279719103128, 0.00413925852627, 0.00760340504348, 0.00774833653122, 0.0102084521204, 0.0152297103778, 0.0145137822255, 0.0198621731251, 0.0224495809525, 0.0133343748748, 0.0137975569814, 0.0020403850358, 0.00175835285336, 0.00264162244275, 0.00135551788844, 0.00405464414507, 0.00860320031643, 0.00263056252152, 0.00131026410963, 0.00169764424209, 0.00190538645256, 0.000999010051601, 0.00176968728192, 0.00199669110589, 0.00140286306851, 0.000842585228384, 0.000799376342911, 0.000497110944707, 0.000709253130481, 0.000792678096332, 0.000287890288746, 0.00120061053894, 0.000781452807132, 0.000326260837028, 0.000644153042231, 0.000236075851717, 0.000254990998656, 0.000320013001328, 0.000402244535508, 0.000258735992247, 0.000159514616826, 0.000175292749191, 0.000118699426821, 9.78535390459e-05, 0.000185321827303, 0.000331036600983, 0.000741038762499, 0.000528955657501, 0.000251441786531, 0.000280002859654, 0.000103639264125, 0.000124945072457, 0.000197900008061, 0.000153069180669, 0.000349119742168, 0.000156911410159, 8.39360727696e-05, 8.92162497621e-05, 0.000184871008969, 8.47851770232e-05, 0.000135255773785, 0.000128726707771, 0.000156410271302, 0.000172722022398, 0.000216675980482, 0.000257590261754, 0.000104556296719, 7.53415079089e-05, 0.000105658611574, 3.96736577386e-05, 7.71314007579e-05, 7.23624470993e-05, 4.93178704346e-05, 3.18812381011e-05, 3.77379874408e-05, 4.38309252786e-05, 3.67325155821e-05, 5.52745586901e-05, 1.34006631924e-05, 1.2135165889e-05, 6.74101920595e-06, 5.23722110302e-06, 8.12091968783e-07, 4.02459761517e-07, 5.15888025632e-08, 1.68806888468e-08, 1.59076822825e-08, 1.50119152664e-08, 1.42853080476e-08, 1.3580635283e-08, 1.30602737514e-08, 1.23374794825e-08, 1.18013296913e-08, 1.12822124976e-08, 1.08757651773e-08, 1.03581072608e-08, 1.0018785801e-08, 9.63155777356e-09, 9.32898380768e-09, 9.13123976432e-09, 8.82078943221e-09, 8.57825721567e-09, 8.3095592629e-09, 8.13084266582e-09, 8.03365729496e-09, 7.82903075702e-09, 7.64043051049e-09, 7.59672058592e-09, 7.55294671251e-09, 7.51293693924e-09],
        "mean": [0.000414599257056, 0.00213008234277, 0.00236445199698, 0.00147100188769, 0.000775075342972, 0.000404877355322, 0.000425601290772, 0.000463021046016, 0.000354703923222, 0.000333952659275, 0.000286157708615, 0.000306903588353, 0.000304486078676, 0.00028594955802, 0.000238697117311, 0.000180165414349, 0.000126934144646, 9.87236417131e-05, 6.5433785494e-05, 7.60601105867e-05, 0.000214306855923, 0.000298367900541, 0.000309774826746, 0.000459613103885, 0.000504225201439, 0.00122263806406, 0.0017155763926, 0.000820090877824, 0.000697514973581, 0.000102096382761, 6.82150857756e-05, 8.40940556373e-05, 5.24090064573e-05, 4.92441467941e-05, 0.000121614364616, 7.43516138755e-05, 3.87204381695e-05, 5.01705362694e-05, 3.62616083294e-05, 3.20618928527e-05, 4.98414483445e-05, 7.31577601982e-05, 5.32114754606e-05, 4.0902163164e-05, 4.68527214252e-05, 2.45615992753e-05, 2.73168316198e-05, 5.06486539962e-05, 2.43954655161e-05, 2.32521560974e-05, 2.29238139582e-05, 1.94007097889e-05, 2.77621657006e-05, 1.6208154193e-05, 1.3557726561e-05, 1.90878618014e-05, 1.50170626512e-05, 1.55671114044e-05, 1.2720873201e-05, 1.31861925183e-05, 1.25549049699e-05, 9.99612984742e-06, 9.87179464573e-06, 8.00687121227e-06, 1.35877735374e-05, 1.26713994177e-05, 1.18592142826e-05, 1.49606812556e-05, 8.49839034345e-06, 6.81603978592e-06, 8.40205211716e-06, 6.51310847388e-06, 6.60549494569e-06, 7.87418866821e-06, 5.53806648895e-06, 6.87651618136e-06, 8.96305755305e-06, 6.66197456667e-06, 8.72621694725e-06, 7.32007993065e-06, 8.99739097804e-06, 7.25788368072e-06, 7.21011747373e-06, 5.90728541283e-06, 5.33027423444e-06, 4.76462764709e-06, 4.71809107694e-06, 3.36667721967e-06, 3.34477840624e-06, 2.25819530897e-06, 1.97402187041e-06, 1.57064232553e-06, 1.33595301577e-06, 1.09861150577e-06, 8.43761029046e-07, 6.61810133806e-07, 4.40775636434e-07, 3.04388379391e-07, 1.65502441973e-07, 4.45086740797e-08, 6.73344136004e-09, 1.59411706058e-09, 1.32267877206e-10, 4.78759948352e-11, 3.34278681124e-11, 3.70782467229e-11, 4.5242407043e-11, 3.60763363627e-11, 2.4890077846e-11, 2.17344146153e-11, 2.09241252797e-11, 2.01513528086e-11, 1.94280477123e-11, 1.85650123746e-11, 1.79637017067e-11, 1.73987352303e-11, 1.69652989573e-11, 1.66506912425e-11, 1.62342726068e-11, 1.57665495243e-11, 1.52812155291e-11, 1.50094780355e-11, 1.48408646483e-11, 1.44722263687e-11, 1.37252327559e-11, 1.27787459434e-11, 1.22487887888e-11, 1.21201130729e-11],
        "min": [2.67710090207e-11, 3.85063474162e-11, 9.69451879884e-11, 1.69190928628e-11, 8.65286228086e-12, 1.55439619509e-10, 1.28654517595e-10, 2.22834223296e-10, 2.49199172409e-09, 3.22689475141e-09, 6.51525500217e-09, 4.76051553733e-09, 1.23192034351e-09, 9.21205245419e-09, 1.50543293387e-08, 2.18317968148e-08, 1.21170231182e-07, 5.09913746782e-08, 9.27707830556e-08, 7.80723325988e-08, 1.11440286332e-07, 5.06667703348e-08, 8.88063134141e-09, 1.55441117755e-08, 7.88127110241e-08, 1.53534799097e-07, 1.31312873464e-07, 8.00066146667e-08, 8.69777707635e-08, 1.26966881453e-07, 7.74881101506e-08, 7.16688575153e-08, 1.38151570184e-08, 5.91194329047e-08, 9.64576543083e-08, 5.20664897863e-08, 1.35999229656e-07, 9.23384959606e-08, 4.93539111801e-08, 1.0426337127e-08, 3.22169597666e-08, 2.04496135581e-08, 1.06442044512e-07, 7.19090849088e-08, 4.8871967806e-08, 5.6478356214e-08, 4.05340614407e-08, 7.07296976543e-08, 3.97380226502e-08, 5.09322184428e-08, 1.782447967e-08, 3.8055990359e-08, 1.20904431355e-07, 5.30836743451e-08, 1.55478669939e-08, 3.91710575087e-09, 2.2473127359e-08, 3.7744186443e-08, 1.0036532494e-08, 1.94414551125e-09, 1.69060072608e-08, 4.77852921676e-08, 2.02866878851e-08, 3.47737341144e-08, 1.8419338943e-08, 1.17970637703e-08, 8.9847960183e-09, 2.25665512943e-08, 1.38521851767e-08, 1.10128741682e-08, 1.302951258e-08, 1.34471003221e-08, 1.04568940174e-08, 3.81943632277e-09, 3.22991500212e-09, 7.84833531497e-09, 5.01476904446e-09, 4.52880444257e-09, 6.60888943571e-09, 9.4531205086e-10, 1.30742705551e-09, 1.29179855701e-09, 1.26616883644e-09, 4.95201102346e-10, 1.60640833968e-10, 3.89694915226e-10, 1.0360901026e-09, 1.30484145711e-09, 5.66767022203e-10, 1.52484122551e-10, 7.55948637021e-11, 3.73161848644e-11, 1.12306539936e-12, 1.50237103574e-12, 1.73003744577e-12, 1.48455965403e-12, 7.60282028306e-13, 8.52882976916e-13, 7.09103348956e-13, 7.96012615632e-13, 8.48191092015e-13, 7.8626021709e-13, 7.77309531845e-13, 8.20579390028e-13, 7.01329239908e-13, 8.21401432115e-13, 8.14923757815e-13, 9.78260441403e-13, 9.2909133078e-13, 9.67632441187e-13, 9.49528650152e-13, 9.51671358905e-13, 6.51482448717e-13, 7.58445552456e-13, 8.00943567112e-13, 8.78563335364e-13, 8.8857285245e-13, 1.06578884173e-12, 1.01842004881e-12, 9.84082064968e-13, 8.27039283412e-13, 8.18951839936e-13, 8.9924275708e-13, 9.98817565115e-13, 7.16255342797e-13, 2.88565964743e-13, 3.48214228177e-14, 1.13133097979e-15],
        "stdev": [0.00124054495245, 0.00627899542451, 0.00631899340078, 0.00409148493782, 0.00246973545291, 0.00115785538219, 0.00170847645495, 0.00204510125332, 0.00104977854062, 0.000855609134305, 0.000701638695318, 0.000839105632622, 0.000824864080641, 0.000882278254721, 0.00102626648732, 0.000636400829535, 0.000306212110445, 0.000202080918825, 0.000184294927749, 0.00025339613785, 0.000609851034824, 0.000774487270974, 0.000781595357694, 0.0012744916603, 0.001427216921, 0.00246856547892, 0.00362196937203, 0.00196834770031, 0.00217245519161, 0.000205941571039, 0.000142135831993, 0.000188177757082, 0.000101172234281, 0.000152534805238, 0.000459617498564, 0.000158604816534, 7.08528677933e-05, 0.000121083619888, 0.00010503372323, 7.43042401155e-05, 0.000151247804752, 0.000181054361747, 0.000124735961435, 6.7939334258e-05, 8.72099772096e-05, 4.00319840992e-05, 5.14359489898e-05, 0.000101637728221, 3.76052739739e-05, 5.22043301316e-05, 4.13262387156e-05, 2.80316471617e-05, 5.14507482876e-05, 2.69902739092e-05, 1.94738913706e-05, 2.92011754937e-05, 2.22078833758e-05, 2.86177273665e-05, 1.83638094313e-05, 1.85742992471e-05, 1.46681795741e-05, 1.20723834698e-05, 1.74192718987e-05, 1.80664828804e-05, 4.55009867437e-05, 3.81912323064e-05, 2.62315425061e-05, 2.68545372819e-05, 1.33490539156e-05, 1.28300653159e-05, 1.51001568156e-05, 1.21957164083e-05, 1.56709120347e-05, 1.16875189633e-05, 9.51638867264e-06, 1.02012709249e-05, 1.50840087372e-05, 1.00077068055e-05, 1.3929884517e-05, 1.25274546008e-05, 1.61655934789e-05, 1.21502653201e-05, 1.42992275869e-05, 1.27529319798e-05, 9.80655659077e-06, 8.6550035121e-06, 8.48560648592e-06, 5.45310967937e-06, 6.29380974715e-06, 4.25984717367e-06, 3.11182134283e-06, 2.88202181764e-06, 2.68814528681e-06, 2.48859441854e-06, 2.03072841032e-06, 2.23337360694e-06, 1.10127450625e-06, 7.94940262949e-07, 4.82846019167e-07, 2.23582404146e-07, 4.73721470939e-08, 1.59404791589e-08, 1.9097730064e-09, 7.03118563372e-10, 5.45784750727e-10, 5.30339605564e-10, 5.34703614719e-10, 4.65472937972e-10, 4.36613384336e-10, 4.12043010822e-10, 3.94133725656e-10, 3.76793068968e-10, 3.63217872446e-10, 3.45930700751e-10, 3.34597655138e-10, 3.21662224634e-10, 3.11552728061e-10, 3.04945318996e-10, 2.94573809789e-10, 2.86474649558e-10, 2.77503214852e-10, 2.7153240767e-10, 2.68284866545e-10, 2.61452720585e-10, 2.5516883051e-10, 2.53737031386e-10, 2.52289134028e-10, 2.50955062286e-10]
    },
    "mfcc": {
        "mean": [-663.909057617, 108.322937012, -54.5017547607, 18.6408176422, -48.5232963562, 15.0224065781, -27.8443393707, 20.2750377655, -6.76838731766, 15.7235975266, -9.21762180328, 0.651651024818, -15.6934242249],
        "cov": [[5176.80810547, -317.48840332, 2449.82446289, 749.358276367, 887.430297852, 258.668792725, 217.796615601, 110.002357483, 95.013458252, 73.0985107422, -240.234741211, 82.5246276855, -150.407806396], [-317.48840332, 848.777709961, 339.497406006, 334.59677124, 460.693725586, 208.582107544, 206.446151733, 95.7569122314, 188.117950439, 64.6846084595, 83.1497802734, 99.4437561035, 71.5777587891], [2449.82446289, 339.497406006, 3283.40649414, 1230.09228516, 1615.65490723, 611.704284668, 642.549926758, 155.897964478, 272.771057129, 74.6648406982, -141.546401978, 292.016418457, 28.1707801819], [749.358276367, 334.59677124, 1230.09228516, 718.234436035, 692.507568359, 299.740325928, 258.727325439, 85.6460189819, 156.665649414, 72.598274231, -33.4227523804, 122.619277954, 20.1434650421], [887.430297852, 460.693725586, 1615.65490723, 692.507568359, 1135.33813477, 401.248321533, 447.603179932, 105.004394531, 242.308486938, 78.7748718262, 0.769874095917, 217.988952637, 79.7246246338], [258.668792725, 208.582107544, 611.704284668, 299.740325928, 401.248321533, 366.061584473, 203.785140991, 156.397033691, 126.506622314, 115.875083923, 46.8617515564, 129.293960571, 35.2190551758], [217.796615601, 206.446151733, 642.549926758, 258.727325439, 447.603179932, 203.785140991, 331.261779785, 106.94380188, 134.22605896, 55.9546051025, 21.3421230316, 99.1153335571, 41.989364624], [110.002357483, 95.7569122314, 155.897964478, 85.6460189819, 105.004394531, 156.397033691, 106.94380188, 179.458297729, 95.5646743774, 102.640808105, 45.5223197937, 62.4930648804, 4.35524606705], [95.013458252, 188.117950439, 272.771057129, 156.665649414, 242.308486938, 126.506622314, 134.22605896, 95.5646743774, 234.839080811, 106.284233093, 73.0738372803, 54.3707275391, 8.66864776611], [73.0985107422, 64.6846084595, 74.6648406982, 72.598274231, 78.7748718262, 115.875083923, 55.9546051025, 102.640808105, 106.284233093, 164.331481934, 64.6083450317, 63.7421569824, -6.87402820587], [-240.234741211, 83.1497802734, -141.546401978, -33.4227523804, 0.769874095917, 46.8617515564, 21.3421230316, 45.5223197937, 73.0738372803, 64.6083450317, 137.813796997, 34.9239883423, 39.825340271], [82.5246276855, 99.4437561035, 292.016418457, 122.619277954, 217.988952637, 129.293960571, 99.1153335571, 62.4930648804, 54.3707275391, 63.7421569824, 34.9239883423, 138.590255737, 43.3334236145], [-150.407806396, 71.5777587891, 28.1707801819, 20.1434650421, 79.7246246338, 35.2190551758, 41.989364624, 4.35524606705, 8.66864776611, -6.87402820587, 39.825340271, 43.3334236145, 103.262695312]],
        "icov": [[0.00040105523658, 0.000165817982634, -0.000433016510215, 0.000121030912851, -0.0001196849189, 0.000254727317952, 0.000420921191107, -0.000422973447712, 6.03780717938e-05, -0.000308745744405, 0.000148496124893, 0.000304536515614, 0.000205259668292], [0.000165817982634, 0.00230320892297, 0.000768464524299, -0.00120993831661, -0.00126710091718, -3.68841792806e-05, 2.316588143e-05, -0.000691748573445, -0.000659876735881, 0.000831752433442, -0.000385552673833, 1.67051493918e-05, -6.55349504086e-05], [-0.000433016510215, 0.000768464524299, 0.0024262345396, -0.00177624600474, -0.00176712137181, -0.000555557955522, -0.000852036639117, 9.41936377785e-05, -7.02305333107e-05, 0.00117427145597, 0.000669234199449, -0.000836593913846, 0.000594533456024], [0.000121030912851, -0.00120993831661, -0.00177624600474, 0.00547989970073, -0.000578080944251, -0.0010242984863, 0.00105985999107, 0.000421963399276, -0.000191099927179, -0.00161912105978, 0.00111850223038, 0.00122609373648, -0.000260158092715], [-0.0001196849189, -0.00126710091718, -0.00176712137181, -0.000578080944251, 0.00646764272824, -0.00118268374354, -0.00269067799672, 0.00298508023843, -0.00184000493027, 0.000422427838203, 0.000126374157844, -0.00241234572604, -0.00117681815755], [0.000254727317952, -3.68841792806e-05, -0.000555557955522, -0.0010242984863, -0.00118268374354, 0.00837653595954, -9.71421468421e-05, -0.00475633237511, 0.00137287843972, -0.00171769375447, -0.00116400548723, -0.00116664881352, -0.000246855081059], [0.000420921191107, 2.316588143e-05, -0.000852036639117, 0.00105985999107, -0.00269067799672, -9.71421468421e-05, 0.00862826872617, -0.0036369941663, -0.00106453185435, 0.000650975562166, 0.000363981642295, 0.000697259616572, -0.000922147999518], [-0.000422973447712, -0.000691748573445, 9.41936377785e-05, 0.000421963399276, 0.00298508023843, -0.00475633237511, -0.0036369941663, 0.0140493465587, -0.00194713310339, -0.00366465188563, 0.000448776729172, -0.00159682682715, 0.000375829957193], [6.03780717938e-05, -0.000659876735881, -7.02305333107e-05, -0.000191099927179, -0.00184000493027, 0.00137287843972, -0.00106453185435, -0.00194713310339, 0.00984936021268, -0.00401541125029, -0.00361715001054, 0.00248681614175, 0.00132644677069], [-0.000308745744405, 0.000831752433442, 0.00117427145597, -0.00161912105978, 0.000422427838203, -0.00171769375447, 0.000650975562166, -0.00366465188563, -0.00401541125029, 0.0152386138216, -0.00338392937556, -0.00513997627422, 0.00393233634531], [0.000148496124893, -0.000385552673833, 0.000669234199449, 0.00111850223038, 0.000126374157844, -0.00116400548723, 0.000363981642295, 0.000448776729172, -0.00361715001054, -0.00338392937556, 0.0139880143106, -0.000853494217154, -0.00474292552099], [0.000304536515614, 1.67051493918e-05, -0.000836593913846, 0.00122609373648, -0.00241234572604, -0.00116664881352, 0.000697259616572, -0.00159682682715, 0.00248681614175, -0.00513997627422, -0.000853494217154, 0.0157763529569, -0.00437694368884], [0.000205259668292, -6.55349504086e-05, 0.000594533456024, -0.000260158092715, -0.00117681815755, -0.000246855081059, -0.000922147999518, 0.000375829957193, 0.00132644677069, 0.00393233634531, -0.00474292552099, -0.00437694368884, 0.0150852492079]]
    },
    "spectral_contrast_coeffs": {
        "max": [-0.340761065483, -0.451085090637, -0.443419575691, -0.657108068466, -0.617000222206, -0.346494734287],
        "mean": [-0.701688051224, -0.745082259178, -0.717978179455, -0.800874054432, -0.78494811058, -0.590219557285],
        "min": [-0.917994916439, -0.9400421381, -0.921934366226, -0.900422275066, -0.883360743523, -0.846145570278],
        "stdev": [0.0965286642313, 0.0804169923067, 0.0944868996739, 0.0498077645898, 0.0456757470965, 0.0643859580159]
    },
    "spectral_contrast_valleys": {
        "max": [-5.34054517746, -5.10442352295, -5.55230903625, -5.65882873535, -5.63115739822, -8.62696647644],
        "mean": [-8.24910736084, -6.85405445099, -7.08664751053, -7.35222911835, -7.46554994583, -12.026591301],
        "min": [-12.7119779587, -9.56749153137, -9.44860267639, -9.52952957153, -9.99033164978, -15.7135381699],
        "stdev": [2.05129790306, 0.660383343697, 0.627047240734, 0.55583012104, 0.571825385094, 1.63665103912]
    }
},
"rhythm": {
    "beats_count": 30,
    "beats_loudness": {
        "max": 0.0937777459621,
        "mean": 0.0385826900601,
        "min": 0.00231661833823,
        "stdev": 0.0287474989891
    },
    "bpm": 84.3829879761,
    "bpm_histogram_first_peak_bpm": 85,
    "bpm_histogram_first_peak_weight": 0.384615361691,
    "bpm_histogram_second_peak_bpm": 94,
    "bpm_histogram_second_peak_spread": 0.600000023842,
    "bpm_histogram_second_peak_weight": 0.206896558404,
    "danceability": 0.915624856949,
    "onset_rate": 2.74584460258,
    "beats_loudness_band_ratio": {
        "max": [0.868934035301, 0.396421253681, 0.941918611526, 0.750685274601, 0.257394611835, 0.485085010529],
        "mean": [0.305548250675, 0.0775851756334, 0.326777249575, 0.169468387961, 0.0909180566669, 0.0661221519113],
        "min": [2.42406645157e-06, 0.000383460952435, 0.0175751969218, 0.0149824228138, 0.00666396366432, 0.00615801848471],
        "stdev": [0.336080908775, 0.101109445095, 0.259698629379, 0.1863052845, 0.0752247273922, 0.0943514853716]
    },
    "beats_position": [0.66176867485, 1.33514738083, 1.97369611263, 2.62385487556, 3.25079369545, 3.88934230804, 4.51628112793, 5.15482997894, 5.78176879883, 6.40870714188, 7.02403593063, 7.66258478165, 8.3011341095, 8.93968200684, 9.54340076447, 10.1935596466, 10.8437185287, 11.505487442, 12.2136955261, 12.9219045639, 13.6417226791, 14.361541748, 15.0813598633, 15.7895689011, 16.4861679077, 17.1943759918, 17.9025840759, 18.6107940674, 19.3190021515, 20.0388202667],
