{
"metadata": {
    "version": {
        "essentia": "2.1-beta5",
        "essentia_git_sha": "Undefined",
        "extractor": "music 2.0"
    },
    "audio_properties": {
        "analysis": {
            "equal_loudness": 0,
            "length": 35.9909286499,
            "sample_rate": 44100,
            "start_time": 158.987030029,
            "downmix": "mix"
        },
        "bit_rate": 192000,
        "length": 195.001190186,
        "lossless": 0,
        "number_channels": 2,
        "replay_gain": 0.60743522644,
        "sample_rate": 48000,
        "codec": "mp3",
        "md5_encoded": "c3edfcc14a32cc1921a37a65a4e9916b"
    },
    "tags": {
        "file_name": "Norway_Silent Storm_Carl Espen.mp3",
        "encoding": ["Lavf58.29.100"]
    }
},
"lowlevel": {
    "average_loudness": 0.1902474612,
    "barkbands_crest": {
        "max": 24.7497806549,
        "mean": 10.6441936493,
        "min": 3.0885424614,
        "stdev": 4.51535415649
    },
    "barkbands_flatness_db": {
        "max": 0.407229840755,
        "mean": 0.212772160769,
        "min": 0.0929994210601,
        "stdev": 0.0532450787723
    },
    "barkbands_kurtosis": {
        "max": 72.9677963257,
        "mean": 3.26321792603,
        "min": -1.93779599667,
        "stdev": 6.10685825348
    },
    "barkbands_skewness": {
        "max": 7.15266227722,
        "mean": 1.31248247623,
        "min": -2.77069568634,
        "stdev": 0.9560328722
    },
    "barkbands_spread": {
        "max": 56.2105331421,
        "mean": 14.7992420197,
        "min": 1.51492989063,
        "stdev": 9.18023300171
    },
    "dissonance": {
        "max": 0.499999970198,
        "mean": 0.461081922054,
        "min": 0.207295432687,
        "stdev": 0.0373367927969
    },
    "dynamic_complexity": 8.55373573303,
    "erbbands_crest": {
        "max": 30.7830448151,
        "mean": 11.0602416992,
        "min": 2.55435991287,
        "stdev": 5.38603830338
    },
    "erbbands_flatness_db": {
        "max": 0.420804828405,
        "mean": 0.268069624901,
        "min": 0.106637448072,
        "stdev": 0.0551193058491
    },
    "erbbands_kurtosis": {
        "max": 22.3957939148,
        "mean": 1.31389510632,
        "min": -1.79234802723,
        "stdev": 2.71057415009
    },
    "erbbands_skewness": {
        "max": 4.01938915253,
        "mean": 0.852952122688,
        "min": -2.76113152504,
        "stdev": 0.779899299145
    },
    "erbbands_spread": {
        "max": 87.3991928101,
        "mean": 23.8428440094,
        "min": 3.74161839485,
        "stdev": 11.4797420502
    },
    "hfc": {
        "max": 82.9819564819,
        "mean": 13.2628355026,
        "min": 0.0253822132945,
        "stdev": 16.7101745605
    },
    "loudness_ebu128": {
        "integrated": -24.4351806641,
        "loudness_range": 14.5454120636,
        "momentary": {
            "max": -19.9749126434,
            "mean": -31.1582336426,
            "min": -50.9001998901,
            "stdev": 8.72546672821
        },
        "short_term": {
            "max": -21.1008052826,
            "mean": -28.9448280334,
            "min": -41.7701797485,
            "stdev": 5.56023693085
        }
    },
    "melbands_crest": {
        "max": 32.0813713074,
        "mean": 14.034860611,
        "min": 3.77681994438,
        "stdev": 5.47841501236
    },
    "melbands_flatness_db": {
        "max": 0.411537081003,
        "mean": 0.22650770843,
        "min": 0.0585782565176,
        "stdev": 0.0571043901145
    },
    "melbands_kurtosis": {
        "max": 172.319580078,
        "mean": 6.98672533035,
        "min": -1.82725691795,
        "stdev": 11.1046876907
    },
    "melbands_skewness": {
        "max": 10.8444299698,
        "mean": 1.7935769558,
        "min": -1.19464147091,
        "stdev": 1.11737298965
    },
    "melbands_spread": {
        "max": 133.709747314,
        "mean": 20.0534286499,
        "min": 1.31961643696,
        "stdev": 14.4451284409
    },
    "pitch_salience": {
        "max": 0.85757124424,
        "mean": 0.582488656044,
        "min": 0.124451294541,
        "stdev": 0.132188349962
    },
    "silence_rate_20dB": {
        "max": 1,
        "mean": 1,
        "min": 1,
        "stdev": 0
    },
    "silence_rate_30dB": {
        "max": 1,
        "mean": 0.998710513115,
        "min": 0,
        "stdev": 0.0358864031732
    },
    "silence_rate_60dB": {
        "max": 1,
        "mean": 0.39393940568,
        "min": 0,
        "stdev": 0.488619685173
    },
    "spectral_centroid": {
        "max": 4990.05615234,
        "mean": 1348.66943359,
        "min": 304.875213623,
        "stdev": 585.270141602
    },
    "spectral_complexity": {
        "max": 41,
        "mean": 13.059961319,
        "min": 0,
        "stdev": 11.31757164
    },
    "spectral_decrease": {
        "max": -5.7277390296e-12,
        "mean": -4.00346378271e-09,
        "min": -3.0505301396e-08,
        "stdev": 5.57867929629e-09
    },
    "spectral_energy": {
        "max": 0.121564865112,
        "mean": 0.0163129679859,
        "min": 2.39200180658e-05,
        "stdev": 0.0224635824561
    },
    "spectral_energyband_high": {
        "max": 0.00640319054946,
        "mean": 0.000341459322954,
        "min": 3.90084835544e-07,
        "stdev": 0.000670065870509
    },
    "spectral_energyband_low": {
        "max": 0.0612365528941,
        "mean": 0.00318680261262,
        "min": 1.21782373075e-09,
        "stdev": 0.00733918091282
    },
    "spectral_energyband_middle_high": {
        "max": 0.0378262400627,
        "mean": 0.0042579988949,
        "min": 6.20272066953e-06,
        "stdev": 0.005814332515
    },
    "spectral_energyband_middle_low": {
        "max": 0.101732365787,
        "mean": 0.00870882999152,
        "min": 1.39472676892e-05,
        "stdev": 0.0128807229921
    },
    "spectral_entropy": {
        "max": 8.34854125977,
        "mean": 7.40935611725,
        "min": 5.6845035553,
        "stdev": 0.420243501663
    },
    "spectral_flux": {
        "max": 0.240372344851,
        "mean": 0.0515468344092,
        "min": 0.00226754858159,
        "stdev": 0.0438669100404
    },
    "spectral_kurtosis": {
        "max": 40.3344230652,
        "mean": 3.68225860596,
        "min": -0.954041957855,
        "stdev": 3.45992016792
    },
    "spectral_rms": {
        "max": 0.0108903571963,
        "mean": 0.00305728963576,
        "min": 0.000152763226652,
        "stdev": 0.00256282347254
    },
    "spectral_rolloff": {
        "max": 7450.48828125,
        "mean": 1450.67956543,
        "min": 86.1328125,
        "stdev": 955.397338867
    },
    "spectral_skewness": {
        "max": 4.71270656586,
        "mean": 1.21968781948,
        "min": -0.62811422348,
        "stdev": 0.515444397926
    },
    "spectral_spread": {
        "max": 19132708,
        "mean": 2996042.5,
        "min": 1479819.625,
        "stdev": 747853.3125
    },
    "spectral_strongpeak": {
        "max": 7.20572710037,
        "mean": 0.909822642803,
        "min": 0.00687969615683,
        "stdev": 1.16792404652
    },
    "zerocrossingrate": {
        "max": 0.26904296875,
        "mean": 0.0542199984193,
        "min": 0.0048828125,
        "stdev": 0.0270864460617
    },
    "barkbands": {
        "max": [0.00598485115916, 0.0544890984893, 0.0197504349053, 0.00823039747775, 0.023123299703, 0.0680603533983, 0.0418817810714, 0.0471355542541, 0.0415709130466, 0.02792558074, 0.0123550342396, 0.013866070658, 0.0154706705362, 0.0240789763629, 0.012547833845, 0.00979356467724, 0.00968357175589, 0.0021614653524, 0.00650053098798, 0.00194069196004, 0.00526239862666, 0.00211770134047, 0.00349654606543, 0.00129543000367, 5.67124552617e-05, 5.87347722103e-06, 6.154147286e-06],
        "mean": [0.000282677967334, 0.00224299891852, 0.000614041928202, 0.000158309165272, 0.00125424889848, 0.00126331765205, 0.00110627885442, 0.00183100637514, 0.00270709209144, 0.00119578023441, 0.000384094018955, 0.00065830629319, 0.000466340134153, 0.00039524488966, 0.000321651139529, 0.000378494762117, 0.00027272850275, 0.000125390040921, 0.000244637805736, 0.000114642418339, 0.000112846137199, 9.72165944404e-05, 6.3353763835e-05, 2.20527344936e-05, 1.9525953121e-07, 4.97291363644e-09, 5.17664222599e-09],
        "min": [1.80787343429e-10, 2.53577325804e-10, 2.91471846658e-11, 1.81064732652e-10, 1.41679104004e-08, 1.08422582912e-07, 1.49779054937e-07, 5.67204835988e-07, 5.61377419217e-07, 2.27518881957e-07, 2.55733169752e-07, 1.62811986115e-07, 1.51266121406e-07, 2.87302412971e-07, 1.50734209114e-07, 9.75998446506e-08, 1.1414553569e-07, 1.4045967589e-07, 1.5779571072e-07, 1.00784816937e-07, 1.11895612775e-08, 4.10934504202e-08, 1.18772769397e-10, 8.40578648353e-11, 8.4315963933e-11, 1.24178556327e-10, 1.60963548046e-10],
        "stdev": [0.000843857065775, 0.00559601187706, 0.0018152006669, 0.000473960710224, 0.00252105505206, 0.00385673996061, 0.00290222512558, 0.00521813612431, 0.00591230718419, 0.00273490720429, 0.000686282815877, 0.00142289511859, 0.00102064583916, 0.00104339409154, 0.000882507592905, 0.000909229973331, 0.000672314607073, 0.000188525256817, 0.000485341675812, 0.000189275742741, 0.000238427266595, 0.000189717888134, 0.00022954614542, 8.53289166116e-05, 1.97960730475e-06, 1.49710515984e-07, 1.56892312475e-07]
    },
    "erbbands": {
        "max": [2.69521689415, 8.09862327576, 25.1561107635, 15.0363941193, 65.0917816162, 61.6043205261, 258.532745361, 773.218200684, 739.564025879, 513.666259766, 1075.80114746, 1270.93786621, 1250.9432373, 925.562438965, 742.847106934, 503.545562744, 578.211730957, 1431.75927734, 520.19128418, 567.083068848, 666.529602051, 592.729675293, 92.152633667, 205.212646484, 297.516662598, 76.6510391235, 132.92326355, 159.839797974, 69.6900482178, 135.11907959, 79.3400802612, 36.9198379517, 19.1063785553, 1.45126521587, 0.0437868312001, 0.0236752443016, 0.0108635742217, 0.00383817660622, 0.000888568756636, 0.00013936193136],
        "mean": [0.102096445858, 0.355152785778, 0.771162569523, 0.52797293663, 2.22504544258, 3.59798169136, 8.0274848938, 11.6235542297, 17.6582145691, 16.7534770966, 46.5757522583, 63.8227157593, 52.3545799255, 27.2955207825, 21.5176124573, 23.8164691925, 21.5165081024, 21.7431907654, 18.1180534363, 15.4923372269, 23.3917884827, 15.4899635315, 7.7607126236, 9.47554206848, 11.8815793991, 5.22368812561, 4.08006954193, 4.66983413696, 3.7172729969, 2.5109744072, 1.68018376827, 0.773042321205, 0.2052090168, 0.0130168879405, 0.000511615653522, 7.61645278544e-05, 2.47119551204e-05, 7.93220351625e-06, 1.02939657154e-05, 1.96865512407e-05],
        "min": [3.67344448193e-08, 1.36409411766e-07, 5.19104332852e-07, 2.54716587733e-06, 1.76712437678e-05, 0.000123408608488, 0.00133922335226, 0.00208820728585, 0.00291423639283, 0.01171748247, 0.024311715737, 0.0148600302637, 0.015482342802, 0.0130493808538, 0.0202242136002, 0.00880346354097, 0.0157585348934, 0.0184098239988, 0.0130877317861, 0.00823925808072, 0.00949627999216, 0.0119256125763, 0.00950701534748, 0.00927523430437, 0.00833717081696, 0.0062366751954, 0.00448506092653, 0.000903612235561, 0.00172536168247, 8.09778357507e-05, 8.4414068624e-06, 4.38617280452e-06, 2.83545273305e-06, 1.9178862658e-06, 9.89262844087e-07, 6.22581808329e-07, 3.55050389089e-07, 1.25854228372e-07, 3.95619359495e-08, 3.23277546954e-08],
        "stdev": [0.27551227808, 0.880122244358, 2.33082723618, 1.18407154083, 5.94003868103, 7.17875909805, 20.7677955627, 42.3884048462, 45.2381668091, 42.2814407349, 120.000740051, 147.633804321, 123.786071777, 56.1229057312, 38.8645248413, 49.1859664917, 42.9207954407, 56.0234336853, 40.2010116577, 40.6394042969, 56.3364067078, 38.0421829224, 10.8692617416, 17.5883979797, 23.7051887512, 7.92854595184, 7.3271188736, 9.09955120087, 6.94125413895, 8.21824359894, 5.89963436127, 2.71228432655, 0.963418662548, 0.0790180265903, 0.00264700315893, 0.000632356735878, 0.000278790714219, 9.81825360213e-05, 2.58148884313e-05, 2.66385632131e-05]
    },
    "gfcc": {
        "mean": [-146.070327759, 126.268005371, -206.061157227, 22.5237998962, -86.4121017456, -8.88457107544, -7.83576869965, -22.2202968597, 6.56897974014, -25.6279296875, -4.25216960907, -13.2039117813, -7.24823379517],
        "cov": [[15436.8632812, 537.235473633, 546.829833984, 2029.99291992, 194.494842529, 1365.44934082, -88.1040725708, 485.176727295, 1054.56054688, 47.8830757141, 1166.12878418, -187.945724487, 789.867004395], [537.235473633, 1930.65466309, 1471.73303223, 677.33416748, 718.849609375, 19.6186408997, -2.74854755402, -80.0418167114, 27.6581687927, 148.332473755, 71.0795135498, 105.208305359, 57.4452819824], [546.829833984, 1471.73303223, 1971.08984375, 907.71105957, 402.919158936, 233.073944092, -258.938537598, -48.0924263, -48.968421936, 143.569824219, 109.012420654, 41.4514770508, 146.392974854], [2029.99291992, 677.33416748, 907.71105957, 977.328063965, 433.920166016, 450.139892578, 13.7844696045, 154.822738647, 173.736129761, 96.0068817139, 162.849700928, 1.59243452549, 160.598815918], [194.494842529, 718.849609375, 402.919158936, 433.920166016, 609.097595215, 183.691696167, 207.843429565, 111.416641235, 104.867279053, 113.14630127, -12.485622406, 72.8708572388, 2.84904432297], [1365.44934082, 19.6186408997, 233.073944092, 450.139892578, 183.691696167, 465.220367432, 111.956108093, 169.568634033, 140.041488647, 18.4489994049, 103.625198364, -31.3760643005, 87.1252593994], [-88.1040725708, -2.74854755402, -258.938537598, 13.7844696045, 207.843429565, 111.956108093, 352.608947754, 129.433319092, 85.9248275757, 37.9573554993, -36.8461875916, 60.8222389221, -24.3176612854], [485.176727295, -80.0418167114, -48.0924263, 154.822738647, 111.416641235, 169.568634033, 129.433319092, 196.536941528, 111.467788696, 45.1572418213, 50.6738243103, -5.82165575027, 24.8956508636], [1054.56054688, 27.6581687927, -48.968421936, 173.736129761, 104.867279053, 140.041488647, 85.9248275757, 111.467788696, 208.021774292, 73.0140075684, 97.3218612671, 10.5127649307, 53.4333381653], [47.8830757141, 148.332473755, 143.569824219, 96.0068817139, 113.14630127, 18.4489994049, 37.9573554993, 45.1572418213, 73.0140075684, 148.293243408, 43.1288375854, 43.5163421631, 24.7312984467], [1166.12878418, 71.0795135498, 109.012420654, 162.849700928, -12.485622406, 103.625198364, -36.8461875916, 50.6738243103, 97.3218612671, 43.1288375854, 188.314697266, 21.2493591309, 89.7197189331], [-187.945724487, 105.208305359, 41.4514770508, 1.59243452549, 72.8708572388, -31.3760643005, 60.8222389221, -5.82165575027, 10.5127649307, 43.5163421631, 21.2493591309, 119.645179749, 33.5758552551], [789.867004395, 57.4452819824, 146.392974854, 160.598815918, 2.84904432297, 87.1252593994, -24.3176612854, 24.8956508636, 53.4333381653, 24.7312984467, 89.7197189331, 33.5758552551, 132.973526001]],
        "icov": [[0.000287851144094, -0.000452941894764, 0.00051176303532, -0.000528391392436, 0.000501919887029, -0.000377664866392, 0.000148748629726, 0.000144992605783, -0.000584955560043, 0.000254626589594, -0.000720014097169, 0.000475765322335, -0.000649290217552], [-0.000452941894764, 0.00801862217486, -0.00676846131682, 0.00285119260661, -0.00911100115627, 0.00658918917179, -0.00490210577846, 0.00514973001555, -0.00243720388971, 0.00422330293804, -0.00560550903901, 0.00419013295323, 0.000169700171682], [0.00051176303532, -0.00676846131682, 0.00743220373988, -0.00413703033701, 0.00726437009871, -0.00571424840018, 0.00528430938721, -0.0036173176486, 0.00343933119439, -0.00474710389972, 0.00426539592445, -0.00374176702462, -0.000501922564581], [-0.000528391392436, 0.00285119260661, -0.00413703033701, 0.0068235816434, -0.00553312059492, 8.62627639435e-05, -0.000823039794341, 0.000628495530691, -0.00143701175693, 0.00189566111658, -0.00131602876354, 0.00189680454787, -0.00135199329816], [0.000501919887029, -0.00911100115627, 0.00726437009871, -0.00553312059492, 0.0151627585292, -0.0070892656222, 0.00343618774787, -0.00584604684263, 0.00188080570661, -0.00594794237986, 0.00814545433968, -0.00685339421034, 0.00226776790805], [-0.000377664866392, 0.00658918917179, -0.00571424840018, 8.62627639435e-05, -0.0070892656222, 0.0116500025615, -0.0061942958273, 0.00215360894799, -0.00243985513225, 0.00521028507501, -0.00566747458652, 0.00584518862888, -0.00107434403617], [0.000148748629726, -0.00490210577846, 0.00528430938721, -0.000823039794341, 0.00343618774787, -0.0061942958273, 0.0110956504941, -0.00635891593993, 0.00118259841111, -0.00294774048962, 0.00641306582838, -0.00746306031942, 0.00124562741257], [0.000144992605783, 0.00514973001555, -0.0036173176486, 0.000628495530691, -0.00584604684263, 0.00215360894799, -0.00635891593993, 0.0152230253443, -0.00434975372627, 0.00143033347558, -0.00660810386762, 0.0063068093732, -0.000813462305814], [-0.000584955560043, -0.00243720388971, 0.00343933119439, -0.00143701175693, 0.00188080570661, -0.00243985513225, 0.00118259841111, -0.00434975372627, 0.0147751513869, -0.00694759516045, 0.000599163526203, -0.00153766036965, 0.000404612481361], [0.000254626589594, 0.00422330293804, -0.00474710389972, 0.00189566111658, -0.00594794237986, 0.00521028507501, -0.00294774048962, 0.00143033347558, -0.00694759516045, 0.0148854944855, -0.00584207288921, 0.00134006526787, -0.000866864633281], [-0.000720014097169, -0.00560550903901, 0.00426539592445, -0.00131602876354, 0.00814545433968, -0.00566747458652, 0.00641306582838, -0.00660810386762, 0.000599163526203, -0.00584207288921, 0.0195395722985, -0.00893761403859, -0.000540248700418], [0.000475765322335, 0.00419013295323, -0.00374176702462, 0.00189680454787, -0.00685339421034, 0.00584518862888, -0.00746306031942, 0.0063068093732, -0.00153766036965, 0.00134006526787, -0.00893761403859, 0.01988379471, -0.00765791162848], [-0.000649290217552, 0.000169700171682, -0.000501922564581, -0.00135199329816, 0.00226776790805, -0.00107434403617, 0.00124562741257, -0.000813462305814, 0.000404612481361, -0.000866864633281, -0.000540248700418, -0.00765791162848, 0.016821436584]]
    },
    "melbands": {
        "max": [0.0187827385962, 0.0103266360238, 0.0036200536415, 0.00581045029685, 0.00788959860802, 0.0156147992238, 0.00998410116881, 0.00633534602821, 0.00722818542272, 0.00787844508886, 0.00616763951257, 0.00410736119375, 0.00218673981726, 0.00211036321707, 0.00319065782242, 0.00173059524968, 0.00293873785995, 0.00107415451203, 0.00134996080305, 0.000459930859506, 0.000890878902283, 0.000811249366961, 0.000242760113906, 0.000104745471617, 0.000180392307811, 0.000300826970488, 0.000135224108817, 3.79690245609e-05, 3.24641769112e-05, 0.000264625006821, 3.55485608452e-05, 4.88024088554e-05, 5.13382547069e-05, 7.80982591095e-05, 5.12108199473e-05, 3.28451278619e-05, 2.4449384e-05, 1.63242621056e-05, 4.81011556985e-06, 2.72468525964e-07],
        "mean": [0.00073705019895, 0.000392974645365, 0.000137795359478, 0.000232106322073, 0.000249313714448, 0.000250500743277, 0.000265229784418, 0.000233999511693, 0.000363674713299, 0.00041391706327, 0.000253547041211, 0.000115425333206, 6.1997488956e-05, 8.49005882628e-05, 4.05006940127e-05, 5.11182552145e-05, 3.77692595066e-05, 2.86831691483e-05, 2.40938152274e-05, 1.82451512956e-05, 2.97144815704e-05, 1.69997183548e-05, 9.09566097107e-06, 5.70020756641e-06, 7.58122314437e-06, 1.05843173515e-05, 5.9489011619e-06, 2.80705944533e-06, 2.46606759902e-06, 2.66761685452e-06, 2.71098656413e-06, 2.19913226829e-06, 1.63578374668e-06, 1.31737920128e-06, 1.05517165139e-06, 6.39463337393e-07, 4.18744178887e-07, 1.7530648222e-07, 3.13319432621e-08, 1.13273113111e-09],
        "min": [1.52932430608e-10, 1.17880705197e-10, 2.05581593415e-10, 2.68483635324e-09, 3.40732455584e-08, 5.36079305391e-08, 3.20881738958e-08, 1.02855949535e-07, 1.63738391734e-07, 7.92083127976e-08, 5.18271292549e-08, 3.59655700777e-08, 5.3046388615e-08, 1.42277620796e-08, 2.0769068243e-08, 2.78295679834e-08, 2.47214320126e-08, 2.12326032312e-08, 1.07623900902e-08, 6.22136742123e-09, 6.58652155039e-09, 7.26049131927e-09, 7.02111924156e-09, 5.7620370697e-09, 5.74477754256e-09, 5.72386094078e-09, 3.64597974034e-09, 3.51537421395e-09, 4.51787690592e-10, 2.95790614224e-10, 1.5621831953e-11, 9.84819226169e-10, 9.0681538667e-11, 1.65743601569e-12, 1.5792690506e-12, 9.39586082549e-13, 7.57656470115e-13, 7.51451093191e-13, 7.79281316126e-13, 6.55095064566e-13],
        "stdev": [0.0018809834728, 0.00106628565118, 0.000309090799419, 0.000532167439815, 0.000624587701168, 0.000861836539116, 0.00067039928399, 0.000619338359684, 0.000853529432788, 0.000963875791058, 0.000615627621301, 0.000263307301793, 0.00011071908375, 0.000191603510757, 0.000114571208542, 0.000109603861347, 0.000108530613943, 7.07396393409e-05, 8.22960064397e-05, 4.02756304538e-05, 7.60697512305e-05, 4.66385645268e-05, 1.58117582032e-05, 8.55000052979e-06, 1.504283955e-05, 2.22259714064e-05, 1.21077400763e-05, 4.19167326982e-06, 4.01185070587e-06, 9.07621142687e-06, 4.63148171548e-06, 4.35800029663e-06, 3.81197355637e-06, 5.05009620611e-06, 3.70424550056e-06, 2.33973128161e-06, 1.52222116867e-06, 8.17635793737e-07, 2.29202996138e-07, 1.15734177797e-08]
    },
    "melbands128": {
        "max": [0.00577148422599, 0.0257027689368, 0.0224847085774, 0.0143229756504, 0.015535838902, 0.00685285776854, 0.00337489880621, 0.0056318459101, 0.00752328382805, 0.00965357292444, 0.00249274680391, 0.00890807714313, 0.0126513764262, 0.00475057354197, 0.0171709805727, 0.028169658035, 0.0136959571391, 0.0147358579561, 0.00686486298218, 0.0097038121894, 0.0104283541441, 0.0186706967652, 0.0089275483042, 0.00697384262457, 0.0139874769375, 0.012107857503, 0.0188444666564, 0.00974980276078, 0.00978984683752, 0.0085569890216, 0.00313401361927, 0.00132754433434, 0.00175748742186, 0.00309173739515, 0.00393342738971, 0.00340705062263, 0.00236112019047, 0.00577823445201, 0.00297128804959, 0.00161311007105, 0.00349246920086, 0.0017471620813, 0.00669823447242, 0.00227232743055, 0.00125722738449, 0.00200149952434, 0.00126276398078, 0.00204737461172, 0.00224031205289, 0.000619357801042, 0.000704930804204, 0.00146186980419, 0.0020200938452, 0.00143996672705, 0.00136291480158, 0.00165765662678, 0.00142442900687, 0.000262345100055, 0.000179997325176, 0.000101930192614, 0.000118589348858, 0.000167260397575, 0.000414301001001, 0.000178574104211, 0.000562459346838, 0.000287973583909, 0.000391906360164, 0.000226082149311, 0.000270953110885, 0.000110475106339, 5.93225777266e-05, 4.63517972094e-05, 3.41336344718e-05, 4.47885140602e-05, 3.29006688844e-05, 0.000347161025275, 0.000369171844795, 5.22825175722e-05, 4.62714851892e-05, 5.805822002e-05, 6.22371444479e-05, 8.3462218754e-05, 7.5817501056e-05, 5.19417772011e-05, 8.38948690216e-05, 0.000140938383993, 0.000105441074993, 8.1920188677e-05, 6.42519880785e-05, 5.31885343662e-05, 6.54837203911e-05, 3.08372909785e-05, 2.70579039352e-05, 3.33693024004e-05, 2.34390881815e-05, 1.62183914654e-05, 1.94554158952e-05, 1.22496558106e-05, 5.59179670745e-06, 2.4075559395e-06, 3.56381775646e-07, 1.25464197254e-07, 5.45885256997e-08, 5.16530356265e-08, 4.91657417001e-08, 4.68406824439e-08, 4.45789645198e-08, 4.25151398531e-08, 4.06057907298e-08, 3.8916581957e-08, 3.73071671333e-08, 3.58157770108e-08, 3.43602017949e-08, 3.30486784605e-08, 3.17249515547e-08, 3.06459071453e-08, 2.97797750903e-08, 2.89127690678e-08, 2.80735434899e-08, 2.73357905201e-08, 2.66579043284e-08, 2.5975703366e-08, 2.53273721995e-08, 2.49621869841e-08, 2.46792382086e-08, 2.43126176969e-08, 2.41459794381e-08, 2.40001298835e-08],
        "mean": [0.000265797105385, 0.00097595306579, 0.000821102468763, 0.00050506653497, 0.000455832836451, 0.000238116044784, 8.38959094835e-05, 8.79358922248e-05, 0.000229578494327, 0.000320024177199, 0.000139317504363, 0.000241831628955, 0.000338312151143, 0.000171597464941, 0.000244536116952, 0.000319206592394, 0.000223730967264, 0.00035288836807, 0.000175576715264, 0.000103632708488, 0.00026932900073, 0.000581540283747, 0.000300796644296, 0.000240198161919, 0.000490951759275, 0.000411370274378, 0.000411765096942, 0.00019570470613, 0.000187597601325, 0.000161759759067, 7.4169744039e-05, 5.14494277013e-05, 6.488377403e-05, 5.37397972948e-05, 0.000108697262476, 9.87510720734e-05, 4.0639351937e-05, 3.42532839568e-05, 4.13555462728e-05, 4.9986254453e-05, 5.38941458217e-05, 5.00117857882e-05, 4.35017027485e-05, 2.54386977758e-05, 3.16552068398e-05, 3.01492254948e-05, 2.52957488556e-05, 2.55389550148e-05, 2.36294199567e-05, 1.74031192728e-05, 1.65137917065e-05, 1.57818758453e-05, 4.10656466556e-05, 2.93750545097e-05, 1.97956014745e-05, 1.76614503289e-05, 1.21298744489e-05, 1.19219266708e-05, 7.05511365595e-06, 5.75526246394e-06, 5.75523381485e-06, 5.28079544893e-06, 5.83690143685e-06, 6.79045069774e-06, 1.33358280436e-05, 1.10371474875e-05, 9.6308931461e-06, 7.1888371167e-06, 5.34370565219e-06, 3.47590594174e-06, 2.93204766422e-06, 2.28625663112e-06, 2.57190504271e-06, 2.67173663815e-06, 2.00025874619e-06, 2.75739716926e-06, 2.85740429717e-06, 2.67339987658e-06, 3.02085754811e-06, 2.40487361225e-06, 2.16718126467e-06, 2.17414662984e-06, 1.95677398551e-06, 1.60479419264e-06, 1.34577715016e-06, 1.39349504025e-06, 1.26296413328e-06, 1.24817302094e-06, 1.09439201879e-06, 9.01795203845e-07, 7.44485646464e-07, 5.59119257559e-07, 4.61291961074e-07, 4.3409872319e-07, 4.09639966392e-07, 2.46861588948e-07, 1.19558151823e-07, 6.95144422025e-08, 3.50908493374e-08, 8.77134631594e-09, 1.33743816022e-09, 2.09688835739e-10, 4.50531417728e-11, 4.27302117301e-11, 4.06585286272e-11, 3.91571948477e-11, 3.86062119773e-11, 3.78172909654e-11, 3.46956734176e-11, 3.25120798339e-11, 3.12713535622e-11, 3.00917103735e-11, 2.87579959846e-11, 2.76691326101e-11, 2.66072355121e-11, 2.58315764612e-11, 2.5438259138e-11, 2.44042858838e-11, 2.36495562717e-11, 2.3033444943e-11, 2.245198992e-11, 2.19265751389e-11, 2.14186671871e-11, 2.10510411186e-11, 2.05597188579e-11, 1.97929884288e-11, 1.93918856667e-11, 1.92422432155e-11],
        "min": [6.19380848693e-12, 4.79520242957e-11, 1.98220086178e-11, 3.50972445551e-11, 7.71108610992e-12, 1.99866755091e-11, 2.31009534418e-11, 1.03969888254e-10, 1.50729581594e-10, 1.02573960437e-09, 2.67969713086e-09, 2.3345516631e-09, 2.75726508292e-09, 8.67232596846e-09, 5.63437796419e-10, 1.16832472585e-08, 2.39165220961e-08, 1.27866606192e-08, 1.47050798205e-08, 4.39888481196e-08, 2.47159537281e-08, 3.11468184577e-08, 3.70363153479e-08, 4.21502903691e-08, 5.4192813792e-08, 6.44017461582e-09, 8.61231175264e-09, 2.80943552866e-08, 1.70483076545e-08, 1.36715279098e-08, 9.02551455795e-09, 1.81005326283e-08, 1.20384697766e-08, 1.48063152849e-08, 1.38174005571e-08, 2.97274005412e-09, 9.73328528886e-09, 8.97180463255e-09, 7.56460760698e-09, 4.94749086144e-09, 6.23328721971e-09, 1.4591110542e-08, 6.53449516719e-09, 8.60606430564e-09, 8.01693200714e-09, 9.51090406431e-09, 5.23312504441e-09, 3.16663761879e-09, 3.21237436651e-09, 2.15900453071e-09, 2.61410137981e-09, 2.46933717918e-09, 6.25486717976e-10, 1.87624382697e-09, 3.32268879077e-09, 2.84479462209e-09, 2.59626053989e-09, 8.11873790418e-10, 5.87657811302e-10, 3.36645489263e-09, 2.18301954291e-09, 2.50540099778e-09, 2.80040479694e-09, 2.25062435355e-09, 2.2450457049e-09, 1.86190174389e-09, 1.95843097295e-09, 1.22514498546e-09, 1.59000246303e-09, 1.71746639133e-09, 4.01228605895e-10, 6.03312622083e-10, 3.96583516027e-10, 1.10234252282e-10, 1.64364757915e-10, 1.43519141016e-10, 2.51524200773e-11, 6.5293126808e-12, 1.5599643105e-11, 1.53798154767e-11, 6.59671553493e-11, 9.08153066637e-11, 2.06599543029e-10, 2.7445922271e-11, 2.18693813059e-12, 1.17562231651e-12, 1.94287446374e-12, 1.17422651463e-12, 8.824139878e-13, 1.35426934424e-12, 7.25906314225e-13, 5.11341349037e-13, 6.44603456983e-13, 4.23526963283e-13, 5.09648150505e-13, 4.54464997536e-13, 3.92061220728e-13, 4.70018717957e-13, 4.49961140396e-13, 3.41845963429e-13, 5.28270135969e-13, 6.30536150636e-13, 4.6255956964e-13, 4.41861174386e-13, 3.5226698945e-13, 4.06819407805e-13, 5.50283668459e-13, 4.062428833e-13, 4.80039619166e-13, 3.99756914854e-13, 3.00672030676e-13, 4.21878677825e-13, 4.71515730106e-13, 4.11689074758e-13, 4.57615445103e-13, 5.13452670138e-13, 3.87299052421e-13, 5.42475569673e-13, 4.71063021489e-13, 4.63744060514e-13, 4.96712805435e-13, 5.22754148996e-13, 3.85186592908e-13, 4.24092428926e-13, 2.94031753155e-13, 1.41432628413e-13, 1.42472398625e-14, 3.61408153347e-16],
        "stdev": [0.000797049258836, 0.00271944631822, 0.00211667595431, 0.00140551233198, 0.00145845115185, 0.000665566534735, 0.000214193481952, 0.000282584660454, 0.000686153769493, 0.000858489715029, 0.000303238077322, 0.000682652927935, 0.000987417181022, 0.000424214231316, 0.000978322001174, 0.00149035512004, 0.000700363132637, 0.00103197735734, 0.000543010013644, 0.000504353898577, 0.000949759443756, 0.00186561082955, 0.000955468858592, 0.000588407507166, 0.0014899908565, 0.00117067282554, 0.00150756188668, 0.000620220787823, 0.000634371885099, 0.000463957694592, 0.000179035108886, 9.62097547017e-05, 0.000135363035952, 0.000146500693518, 0.000310765142785, 0.000273246114375, 0.00012151406554, 0.000185679135029, 0.000135638663778, 0.000124599027913, 0.000174596032593, 0.000146527236211, 0.000214052197407, 8.80768129718e-05, 9.00717495824e-05, 0.000109199783765, 6.86365383444e-05, 0.000124132100609, 0.000117523843073, 4.07919942518e-05, 5.18433553225e-05, 5.86878959439e-05, 0.000128125058836, 0.000105207342131, 6.7200504418e-05, 6.84267579345e-05, 5.24146380485e-05, 2.53137568507e-05, 1.24824737213e-05, 9.55425093707e-06, 9.59287626756e-06, 1.10139953904e-05, 1.63610784512e-05, 1.66203917615e-05, 3.49821675627e-05, 2.63410329353e-05, 2.94839428534e-05, 1.88309131772e-05, 1.39875319292e-05, 7.88318266132e-06, 4.88708110424e-06, 4.06415301768e-06, 4.58162912764e-06, 4.94087589686e-06, 3.57476233148e-06, 1.12096859084e-05, 1.35671061798e-05, 5.60277612749e-06, 5.64899301025e-06, 4.83100257043e-06, 5.16308728038e-06, 5.3678149925e-06, 4.16361081079e-06, 3.97809753849e-06, 4.57645182905e-06, 6.11743871559e-06, 5.35495564691e-06, 4.78980655316e-06, 3.72791305381e-06, 3.48190928889e-06, 3.22970186062e-06, 2.00624958779e-06, 1.65797132468e-06, 1.63667277775e-06, 1.68977840076e-06, 1.01694513432e-06, 7.45698400806e-07, 5.28016983026e-07, 2.62670113216e-07, 9.08221977625e-08, 1.50361874063e-08, 3.93322308057e-09, 1.39107569908e-09, 1.31635824463e-09, 1.25300958498e-09, 1.19375875851e-09, 1.13639819777e-09, 1.08379327735e-09, 1.03497177495e-09, 9.9189012559e-10, 9.5096186481e-10, 9.13001119152e-10, 8.75848893411e-10, 8.42449110472e-10, 8.08680900022e-10, 7.81234743563e-10, 7.59142970708e-10, 7.37000738216e-10, 7.15671688578e-10, 6.96822211044e-10, 6.79573730622e-10, 6.62206067759e-10, 6.45724362869e-10, 6.36429686729e-10, 6.29231944327e-10, 6.19893802956e-10, 6.156198884e-10, 6.11910522252e-10]
    },
    "mfcc": {
        "mean": [-752.15814209, 134.124252319, -59.8436737061, 15.9285125732, -50.2078666687, 9.56805324554, -27.0273990631, 15.0510883331, -12.8832263947, 10.287815094, -8.23647022247, -0.88566750288, -9.12426376343],
        "cov": [[14910.3251953, -81.3342819214, -204.079940796, 1312.7755127, 126.314170837, 1431.85107422, -609.751708984, 1227.71740723, -396.316345215, 1232.50939941, -480.89944458, 1309.15405273, -188.886230469], [-81.3342819214, 1465.4699707, 743.476867676, 562.793212891, 543.527893066, 153.853057861, 148.497375488, -102.129043579, 22.7680797577, -84.3311309814, 28.6623268127, 26.7991886139, 167.284332275], [-204.079940796, 743.476867676, 1761.16296387, 557.369445801, 763.262329102, 187.460586548, 156.643035889, -200.340301514, -27.8277435303, -53.2822113037, -119.047042847, 98.5429458618, 52.7232513428], [1312.7755127, 562.793212891, 557.369445801, 679.308166504, 467.369384766, 336.222961426, 114.743972778, 124.69127655, 93.1423492432, 128.062820435, -17.1053829193, 207.852203369, 51.5655899048], [126.314170837, 543.527893066, 763.262329102, 467.369384766, 654.876159668, 235.642593384, 177.431106567, 2.80832529068, 100.100021362, 52.0440788269, 11.3178691864, 132.625350952, 26.9212722778], [1431.85107422, 153.853057861, 187.460586548, 336.222961426, 235.642593384, 387.850006104, 90.2045059204, 206.554595947, 95.8963699341, 152.291595459, -1.91259586811, 195.450637817, -4.09629249573], [-609.751708984, 148.497375488, 156.643035889, 114.743972778, 177.431106567, 90.2045059204, 274.117431641, 64.2058181763, 170.358306885, -15.7875556946, 73.6114807129, 14.6468229294, 19.8987255096], [1227.71740723, -102.129043579, -200.340301514, 124.69127655, 2.80832529068, 206.554595947, 64.2058181763, 324.069702148, 81.1027908325, 166.655548096, 8.61417007446, 141.841018677, -14.098233223], [-396.316345215, 22.7680797577, -27.8277435303, 93.1423492432, 100.100021362, 95.8963699341, 170.358306885, 81.1027908325, 244.118469238, 24.9379634857, 94.6922607422, 35.1426734924, 21.0676841736], [1232.50939941, -84.3311309814, -53.2822113037, 128.062820435, 52.0440788269, 152.291595459, -15.7875556946, 166.655548096, 24.9379634857, 251.562805176, 7.27803564072, 171.503143311, -9.24359512329], [-480.89944458, 28.6623268127, -119.047042847, -17.1053829193, 11.3178691864, -1.91259586811, 73.6114807129, 8.61417007446, 94.6922607422, 7.27803564072, 138.987808228, -1.68285822868, 42.5318450928], [1309.15405273, 26.7991886139, 98.5429458618, 207.852203369, 132.625350952, 195.450637817, 14.6468229294, 141.841018677, 35.1426734924, 171.503143311, -1.68285822868, 252.17237854, 12.8308496475], [-188.886230469, 167.284332275, 52.7232513428, 51.5655899048, 26.9212722778, -4.09629249573, 19.8987255096, -14.098233223, 21.0676841736, -9.24359512329, 42.5318450928, 12.8308496475, 150.211486816]],
        "icov": [[0.000386192026781, -0.000101458244899, 8.38953783386e-05, -0.000380861514714, 0.000389421998989, -0.000720523530617, 0.000614309508819, -0.00048182575847, 0.000573958444875, -0.000439390219981, 0.000576764461584, -0.000916143530048, 0.000291277916403], [-0.000101458244899, 0.00159471714869, 6.96117349435e-05, -0.00112103577703, -0.000771769322455, 0.000161382646183, -0.000534651626367, 0.00042600906454, 0.00076018407708, 0.000721207528841, -0.000600236293394, 0.000789429119322, -0.00124933361076], [8.38953783386e-05, 6.96117349435e-05, 0.00180103129242, -0.00043005819316, -0.0015609653201, -0.00036613579141, -0.000816544401459, 0.00131973635871, 0.000808950280771, -2.37464591919e-05, 0.00185363984201, -0.000438290793682, -0.000557068386115], [-0.000380861514714, -0.00112103577703, -0.00043005819316, 0.00577931152657, -0.00192477193195, -0.00122196320444, 0.000269262265647, -0.000166947342223, -0.00183053920045, -6.30319991615e-05, 0.000742549833376, -0.000120371201774, -0.000750289706048], [0.000389421998989, -0.000771769322455, -0.0015609653201, -0.00192477193195, 0.00624866597354, -0.00132984644733, -0.00062671181513, 0.000294412398944, 4.89470330649e-05, -0.00118213403039, -0.00081594043877, -0.00142718874849, 0.00178562675137], [-0.000720523530617, 0.000161382646183, -0.00036613579141, -0.00122196320444, -0.00132984644733, 0.00902309454978, -0.00100373639725, -0.00222613080405, -0.00203282269649, 0.000939839810599, -0.000916334916838, -0.000498172244988, 0.00051562016597], [0.000614309508819, -0.000534651626367, -0.000816544401459, 0.000269262265647, -0.00062671181513, -0.00100373639725, 0.0100969336927, -0.00373907038011, -0.00392969232053, 0.00141598482151, -0.00122898665722, -0.000886471010745, 0.00102051522117], [-0.00048182575847, 0.00042600906454, 0.00131973635871, -0.000166947342223, 0.000294412398944, -0.00222613080405, -0.00373907038011, 0.00927151925862, -0.000673988251947, -0.00262493826449, 0.00155136792455, 0.000580441905186, -0.000790030171629], [0.000573958444875, 0.00076018407708, 0.000808950280771, -0.00183053920045, 4.89470330649e-05, -0.00203282269649, -0.00392969232053, -0.000673988251947, 0.0108314044774, -0.000326309149386, -0.00298893242143, -0.00101844675373, 6.79600088915e-06], [-0.000439390219981, 0.000721207528841, -2.37464591919e-05, -6.30319991615e-05, -0.00118213403039, 0.000939839810599, 0.00141598482151, -0.00262493826449, -0.000326309149386, 0.0104047795758, -0.00260129757226, -0.00350518408231, 0.000199828515179], [0.000576764461584, -0.000600236293394, 0.00185363984201, 0.000742549833376, -0.00081594043877, -0.000916334916838, -0.00122898665722, 0.00155136792455, -0.00298893242143, -0.00260129757226, 0.0146240349859, -0.00150120921899, -0.00283552496694], [-0.000916143530048, 0.000789429119322, -0.000438290793682, -0.000120371201774, -0.00142718874849, -0.000498172244988, -0.000886471010745, 0.000580441905186, -0.00101844675373, -0.00350518408231, -0.00150120921899, 0.0123941153288, -0.00212839245796], [0.000291277916403, -0.00124933361076, -0.000557068386115, -0.000750289706048, 0.00178562675137, 0.00051562016597, 0.00102051522117, -0.000790030171629, 6.79600088915e-06, 0.000199828515179, -0.00283552496694, -0.00212839245796, 0.00934869144112]]
    },
    "spectral_contrast_coeffs": {
        "max": [-0.272317647934, -0.426470547915, -0.454118579626, -0.576770186424, -0.538566350937, -0.366872340441],
        "mean": [-0.691783845425, -0.747480332851, -0.762411594391, -0.810702562332, -0.806749880314, -0.591454923153],
        "min": [-0.90913939476, -0.926023721695, -0.912507712841, -0.919845640659, -0.891575872898, -0.874111354351],
        "stdev": [0.11681471765, 0.0851115509868, 0.0714765042067, 0.0611301548779, 0.0518308803439, 0.0661555975676]
    },
    "spectral_contrast_valleys": {
        "max": [-5.30322933197, -4.40090847015, -5.52907276154, -5.63503932953, -6.38501739502, -8.98978710175],
        "mean": [-9.00880527496, -7.30463838577, -7.66592311859, -8.11093235016, -8.28341197968, -13.6235542297],
        "min": [-13.7735967636, -9.69898414612, -10.3838033676, -10.685918808, -10.903093338, -16.0120449066],
        "stdev": [1.97326493263, 1.05944359303, 1.17383348942, 1.18846178055, 1.21072733402, 1.51551115513]
    }
},
"rhythm": {
    "beats_count": 75,
    "beats_loudness": {
        "max": 0.0889662876725,
        "mean": 0.0151668544859,
        "min": 4.3329266191e-05,
        "stdev": 0.0212397519499
    },
    "bpm": 161.499023438,
    "bpm_histogram_first_peak_bpm": 161,
    "bpm_histogram_first_peak_weight": 0.458333313465,
    "bpm_histogram_second_peak_bpm": 133,
    "bpm_histogram_second_peak_spread": 0.5,
    "bpm_histogram_second_peak_weight": 0.121621623635,
    "danceability": 0.751104652882,
    "onset_rate": 1.61099743843,
    "beats_loudness_band_ratio": {
        "max": [0.756515860558, 0.804248213768, 0.890013873577, 0.799864053726, 0.429093152285, 0.830995798111],
        "mean": [0.125359773636, 0.178016662598, 0.377033084631, 0.237929105759, 0.0782272145152, 0.0718401223421],
        "min": [4.18549734604e-06, 0.00021438683325, 0.0168107617646, 0.00758654158562, 0.00233921781182, 0.00168363144621],
        "stdev": [0.168565347791, 0.226673468947, 0.193057253957, 0.186152800918, 0.0785817950964, 0.152905210853]
    },
