{
"metadata": {
    "version": {
        "essentia": "2.1-beta5",
        "essentia_git_sha": "Undefined",
        "extractor": "music 2.0"
    },
    "audio_properties": {
        "analysis": {
            "equal_loudness": 0,
            "length": 32.4963264465,
            "sample_rate": 44100,
            "start_time": 93.9943771362,
            "downmix": "mix"
        },
        "bit_rate": 192000,
        "length": 195.001190186,
        "lossless": 0,
        "number_channels": 2,
        "replay_gain": 0.92954826355,
        "sample_rate": 48000,
        "codec": "mp3",
        "md5_encoded": "c3edfcc14a32cc1921a37a65a4e9916b"
    },
    "tags": {
        "file_name": "Norway_Silent Storm_Carl Espen.mp3",
        "encoding": ["Lavf58.29.100"]
    }
},
"lowlevel": {
    "average_loudness": 0.352895617485,
    "barkbands_crest": {
        "max": 24.3287448883,
        "mean": 9.96647834778,
        "min": 3.10302829742,
        "stdev": 3.6797606945
    },
    "barkbands_flatness_db": {
        "max": 0.395923644304,
        "mean": 0.244486689568,
        "min": 0.115308880806,
        "stdev": 0.0503542535007
    },
    "barkbands_kurtosis": {
        "max": 23.160779953,
        "mean": 3.10471796989,
        "min": -1.70954692364,
        "stdev": 3.36779475212
    },
    "barkbands_skewness": {
        "max": 4.49622058868,
        "mean": 1.24839961529,
        "min": -1.63974535465,
        "stdev": 0.75664037466
    },
    "barkbands_spread": {
        "max": 69.2755584717,
        "mean": 11.2327775955,
        "min": 2.56633687019,
        "stdev": 6.61929512024
    },
    "dissonance": {
        "max": 0.499901860952,
        "mean": 0.44043686986,
        "min": 0.247945711017,
        "stdev": 0.0366149321198
    },
    "dynamic_complexity": 4.35938835144,
    "erbbands_crest": {
        "max": 25.9254016876,
        "mean": 10.9401483536,
        "min": 3.98354005814,
        "stdev": 4.20451641083
    },
    "erbbands_flatness_db": {
        "max": 0.384811729193,
        "mean": 0.272935092449,
        "min": 0.155767574906,
        "stdev": 0.039623491466
    },
    "erbbands_kurtosis": {
        "max": 18.9347362518,
        "mean": 1.52770781517,
        "min": -1.71353960037,
        "stdev": 1.91012573242
    },
    "erbbands_skewness": {
        "max": 3.48770022392,
        "mean": 0.899089753628,
        "min": -2.12247252464,
        "stdev": 0.628016114235
    },
    "erbbands_spread": {
        "max": 94.4999694824,
        "mean": 21.3870639801,
        "min": 5.50428915024,
        "stdev": 10.0670032501
    },
    "hfc": {
        "max": 67.314125061,
        "mean": 12.2153396606,
        "min": 0.171834051609,
        "stdev": 14.4781389236
    },
    "loudness_ebu128": {
        "integrated": -25.9349956512,
        "loudness_range": 8.42808914185,
        "momentary": {
            "max": -20.0266017914,
            "mean": -27.6527462006,
            "min": -36.9453582764,
            "stdev": 3.90792131424
        },
        "short_term": {
            "max": -21.6862850189,
            "mean": -26.7278499603,
            "min": -32.0209732056,
            "stdev": 2.79651761055
        }
    },
    "melbands_crest": {
        "max": 31.0244045258,
        "mean": 12.9800739288,
        "min": 3.84555864334,
        "stdev": 5.2353682518
    },
    "melbands_flatness_db": {
        "max": 0.537619829178,
        "mean": 0.300632655621,
        "min": 0.0740755647421,
        "stdev": 0.0898845344782
    },
    "melbands_kurtosis": {
        "max": 56.4138946533,
        "mean": 5.54137086868,
        "min": -1.7533018589,
        "stdev": 5.79223823547
    },
    "melbands_skewness": {
        "max": 6.39494514465,
        "mean": 1.57119655609,
        "min": -0.804850995541,
        "stdev": 0.869255423546
    },
    "melbands_spread": {
        "max": 149.227294922,
        "mean": 15.523141861,
        "min": 3.91127204895,
        "stdev": 13.6184568405
    },
    "pitch_salience": {
        "max": 0.88608366251,
        "mean": 0.576401293278,
        "min": 0.199185922742,
        "stdev": 0.109509907663
    },
    "silence_rate_20dB": {
        "max": 1,
        "mean": 1,
        "min": 1,
        "stdev": 0
    },
    "silence_rate_30dB": {
        "max": 1,
        "mean": 0.991434693336,
        "min": 0,
        "stdev": 0.0921520069242
    },
    "silence_rate_60dB": {
        "max": 1,
        "mean": 0.117059245706,
        "min": 0,
        "stdev": 0.32149040699
    },
    "spectral_centroid": {
        "max": 4584.41308594,
        "mean": 884.261047363,
        "min": 375.372802734,
        "stdev": 490.366424561
    },
    "spectral_complexity": {
        "max": 26,
        "mean": 12.8600997925,
        "min": 0,
        "stdev": 4.48716259003
    },
    "spectral_decrease": {
        "max": -4.16662364333e-11,
        "mean": -5.42144862337e-09,
        "min": -3.88573511145e-08,
        "stdev": 6.12213169049e-09
    },
    "spectral_energy": {
        "max": 0.151417478919,
        "mean": 0.0215697940439,
        "min": 0.000172843807377,
        "stdev": 0.0242294911295
    },
    "spectral_energyband_high": {
        "max": 0.0088094798848,
        "mean": 0.000220969261136,
        "min": 2.46916864732e-09,
        "stdev": 0.000623286468908
    },
    "spectral_energyband_low": {
        "max": 0.0923108756542,
        "mean": 0.00549886887893,
        "min": 1.02325941498e-06,
        "stdev": 0.0115685369819
    },
    "spectral_energyband_middle_high": {
        "max": 0.0236872397363,
        "mean": 0.00345392851159,
        "min": 9.43196064327e-05,
        "stdev": 0.00468175392598
    },
    "spectral_energyband_middle_low": {
        "max": 0.087143920362,
        "mean": 0.0128135234118,
        "min": 5.60635526199e-05,
        "stdev": 0.0137086203322
    },
    "spectral_entropy": {
        "max": 8.27592086792,
        "mean": 6.95974683762,
        "min": 5.9742064476,
        "stdev": 0.438105225563
    },
    "spectral_flux": {
        "max": 0.195880353451,
        "mean": 0.0482981242239,
        "min": 0.0102639570832,
        "stdev": 0.0284505076706
    },
    "spectral_kurtosis": {
        "max": 101.090774536,
        "mean": 10.2919254303,
        "min": -1.14177060127,
        "stdev": 12.8016042709
    },
    "spectral_rms": {
        "max": 0.0121541908011,
        "mean": 0.00397420069203,
        "min": 0.000410643522628,
        "stdev": 0.00229115807451
    },
    "spectral_rolloff": {
        "max": 7622.75390625,
        "mean": 979.70715332,
        "min": 193.798828125,
        "stdev": 846.509399414
    },
    "spectral_skewness": {
        "max": 6.97512817383,
        "mean": 1.90587794781,
        "min": -0.422283738852,
        "stdev": 1.01909983158
    },
    "spectral_spread": {
        "max": 7152485.5,
        "mean": 2581522.75,
        "min": 813399.8125,
        "stdev": 957419.5
    },
    "spectral_strongpeak": {
        "max": 6.62349367142,
        "mean": 1.03981506824,
        "min": 0.013631711714,
        "stdev": 1.12831950188
    },
    "zerocrossingrate": {
        "max": 0.25830078125,
        "mean": 0.0376074165106,
        "min": 0.00634765625,
        "stdev": 0.0255977828056
    },
    "barkbands": {
        "max": [0.00883194059134, 0.0808727368712, 0.00954677723348, 0.0152563918382, 0.0211324840784, 0.0198190622032, 0.0533578470349, 0.0712237507105, 0.0301869418472, 0.0150615358725, 0.0090942196548, 0.0187850669026, 0.0162503384054, 0.0114702507854, 0.00155230192468, 0.00447780732065, 0.00375903211534, 0.000656279618852, 0.0018635741435, 0.00174834998325, 0.00306223100051, 0.00327784614637, 0.00253473385237, 0.000609293056186, 1.34550109578e-05, 5.8938791625e-08, 6.49959233101e-08],
        "mean": [0.000469059450552, 0.00389791140333, 0.000839122629259, 0.000553980993573, 0.00249817478471, 0.0011585529428, 0.00324660935439, 0.00310069788247, 0.00193732976913, 0.000860363827087, 0.000519127992447, 0.000942168117035, 0.000485727068735, 0.000234489751165, 8.60049476614e-05, 0.000200902984943, 8.28661795822e-05, 5.21870715602e-05, 0.000132420245791, 6.10074348515e-05, 7.17320872354e-05, 7.89417681517e-05, 4.26147998951e-05, 1.77299698407e-05, 6.58834053979e-08, 8.88852214054e-10, 9.64077151444e-10],
        "min": [1.35732036721e-09, 8.99395331544e-08, 8.01161945674e-08, 2.04522251579e-07, 1.01164878288e-05, 2.73019691122e-06, 3.06722267851e-06, 1.63243282714e-06, 8.95240191312e-06, 5.03254705109e-06, 2.13026646634e-06, 7.31447698854e-07, 1.22028666283e-06, 4.51737946605e-07, 1.64102948474e-06, 2.90164621219e-07, 4.48555340427e-07, 6.75213357226e-07, 2.43492223717e-07, 2.95431656916e-09, 8.60170615291e-11, 7.95411445043e-11, 8.93146945291e-11, 8.75031783143e-11, 8.9399529446e-11, 1.38484848589e-10, 1.66111902011e-10],
        "stdev": [0.00122609140817, 0.00997687317431, 0.00117873458657, 0.000944122963119, 0.00284839072265, 0.00191144552082, 0.00601202389225, 0.00702744349837, 0.00425964314491, 0.00163407158107, 0.000938127108384, 0.00222704419866, 0.00133857189212, 0.000645023421384, 0.000114624541311, 0.000486519275, 0.00022744225862, 7.20786774764e-05, 0.000254838931141, 0.000138382820296, 0.000191677550902, 0.000222102404223, 0.000196146065718, 5.14270141139e-05, 6.67982362756e-07, 2.50980081162e-09, 2.74681255519e-09]
    },
    "erbbands": {
        "max": [4.25173568726, 12.8993015289, 10.6727170944, 33.2500457764, 55.6307563782, 89.0041656494, 111.281936646, 232.760772705, 379.062713623, 1293.84436035, 1073.30725098, 629.740966797, 669.899780273, 511.236236572, 536.318969727, 524.661010742, 610.565979004, 618.526733398, 165.855773926, 39.1572914124, 305.546203613, 89.806640625, 40.4781646729, 33.1381835938, 125.870307922, 65.5830001831, 53.0644950867, 168.122192383, 132.078552246, 60.9730415344, 86.8067398071, 23.9648132324, 7.56360864639, 0.65085041523, 0.0188945904374, 0.00158169399947, 0.00029683142202, 8.04197698017e-05, 7.40553150536e-05, 0.000169868319063],
        "mean": [0.209979474545, 0.483873516321, 0.838762819767, 1.66471731663, 4.875041008, 8.57077980042, 7.58811235428, 12.2398109436, 34.3610420227, 68.5013504028, 56.5122070312, 34.4152603149, 46.7622375488, 21.7579498291, 26.2661151886, 33.5170440674, 26.7555408478, 14.4400930405, 5.96158456802, 4.25514173508, 13.5094556808, 5.02578830719, 2.88114714622, 3.35157513618, 8.77437591553, 2.40131378174, 1.61639916897, 3.75338339806, 3.07942152023, 1.60838663578, 1.20746564865, 0.642807126045, 0.143522873521, 0.00636823894456, 0.000286571012111, 4.57283676951e-05, 1.53167457029e-05, 4.24890276918e-06, 1.14549602586e-05, 2.49119875662e-05],
        "min": [2.66462689069e-06, 4.49836406915e-05, 0.00032980859396, 0.00139596778899, 0.00580865703523, 0.0176490563899, 0.0294265002012, 0.0251254867762, 0.0167621914297, 0.0371756963432, 0.064019985497, 0.250393331051, 0.254701972008, 0.33537080884, 0.34787735343, 0.0897276252508, 0.0911322161555, 0.0833872780204, 0.0869837328792, 0.111948594451, 0.0366149134934, 0.0297733489424, 0.0489986725152, 0.0227332040668, 0.0038588847965, 0.000296909391182, 8.33719604998e-05, 1.88302528841e-05, 8.78325863596e-06, 6.19967750026e-06, 5.96075960857e-06, 5.38183439858e-06, 4.17725095758e-06, 3.91224875784e-06, 2.522932391e-06, 1.424189918e-06, 7.55202052005e-07, 2.27100585448e-07, 3.17001962458e-07, 3.30372785129e-07],
        "stdev": [0.550768375397, 1.19230186939, 1.14585280418, 2.18119049072, 7.15932512283, 10.2936611176, 12.4031219482, 21.2945308685, 42.4164466858, 158.083862305, 123.882408142, 64.7822952271, 99.5595855713, 25.3990917206, 47.2111816406, 74.8847427368, 61.8331184387, 36.6513824463, 9.65546989441, 5.33639383316, 32.5451393127, 8.605260849, 3.97094273567, 4.39651441574, 17.273683548, 4.56077289581, 3.63259387016, 10.6098136902, 8.98354434967, 4.88043212891, 6.08157777786, 2.0043797493, 0.490936696529, 0.0316258072853, 0.00105655530933, 0.000109490021714, 2.53410980804e-05, 7.45547322367e-06, 1.25925525936e-05, 2.77157887467e-05]
    },
    "gfcc": {
        "mean": [-109.082839966, 189.218154907, -170.634597778, 21.773519516, -61.9041748047, -22.2728176117, -2.56319618225, -24.0060806274, -0.166101887822, -18.8951835632, -4.7184343338, -12.608171463, -5.06225824356],
        "cov": [[5641.73583984, -2049.45605469, -295.420288086, 952.375915527, -1645.39941406, 1256.02807617, -380.250671387, -89.4169235229, 620.768249512, -325.950164795, 642.936523438, -135.509811401, -183.214706421], [-2049.45605469, 2299.64208984, 839.126708984, -587.04498291, 1606.66394043, -860.43963623, 308.595001221, 202.630783081, -287.759185791, 552.095397949, -176.03578186, 118.056343079, 250.730560303], [-295.420288086, 839.126708984, 886.477783203, -51.6697998047, 525.969665527, -97.4766616821, 12.0050725937, 215.953399658, -57.488658905, 296.156158447, 68.7820358276, -13.8605051041, 201.613220215], [952.375915527, -587.04498291, -51.6697998047, 480.533081055, -438.649139404, 364.947113037, -45.8079566956, -90.1120758057, 188.241516113, -127.479598999, 103.943191528, 15.8212823868, -60.5449485779], [-1645.39941406, 1606.66394043, 525.969665527, -438.649139404, 1296.88220215, -620.867431641, 246.88218689, 188.039779663, -229.248321533, 431.798736572, -162.870269775, 96.2659454346, 198.341186523], [1256.02807617, -860.43963623, -97.4766616821, 364.947113037, -620.867431641, 604.127441406, -81.3917999268, -11.1924772263, 190.414413452, -190.211380005, 160.060043335, -37.409538269, -47.2688941956], [-380.250671387, 308.595001221, 12.0050725937, -45.8079566956, 246.88218689, -81.3917999268, 229.593902588, 45.8173217773, -25.3891372681, 84.2820510864, -58.1409835815, 83.3044052124, 30.9066066742], [-89.4169235229, 202.630783081, 215.953399658, -90.1120758057, 188.039779663, -11.1924772263, 45.8173217773, 217.671981812, -29.1623973846, 101.601875305, 57.4543991089, -31.655248642, 91.1960372925], [620.768249512, -287.759185791, -57.488658905, 188.241516113, -229.248321533, 190.414413452, -25.3891372681, -29.1623973846, 174.631729126, -28.8557357788, 93.7851867676, 28.1102905273, -34.1850128174], [-325.950164795, 552.095397949, 296.156158447, -127.479598999, 431.798736572, -190.211380005, 84.2820510864, 101.601875305, -28.8557357788, 280.037231445, 19.820514679, 45.7299995422, 119.447113037], [642.936523438, -176.03578186, 68.7820358276, 103.943191528, -162.870269775, 160.060043335, -58.1409835815, 57.4543991089, 93.7851867676, 19.820514679, 204.504440308, 5.48838424683, 26.3609848022], [-135.509811401, 118.056343079, -13.8605051041, 15.8212823868, 96.2659454346, -37.409538269, 83.3044052124, -31.655248642, 28.1102905273, 45.7299995422, 5.48838424683, 131.394424438, 30.8274726868], [-183.214706421, 250.730560303, 201.613220215, -60.5449485779, 198.341186523, -47.2688941956, 30.9066066742, 91.1960372925, -34.1850128174, 119.447113037, 26.3609848022, 30.8274726868, 128.228485107]],
        "icov": [[0.000547426112462, -0.000406075210776, 0.000386274972698, -0.000389031803934, 0.000496991793625, -0.00073017476825, 0.000419975782279, -9.92711138679e-05, -0.000291150034172, -0.000686845509335, -0.000741998024751, 0.000409018568462, 0.000333030999172], [-0.000406075210776, 0.0121747944504, -0.00811361148953, 0.00534866843373, -0.0109596895054, 0.00743179069832, -0.00977631099522, 0.00976595655084, -0.00615200633183, 0.00824373867363, -0.00598752591759, 0.00532668130472, -0.00336998142302], [0.000386274972698, -0.00811361148953, 0.00835859589279, -0.00500774336979, 0.00623893877491, -0.00565963191912, 0.0080519253388, -0.0076232473366, 0.00503720948473, -0.00743901403621, 0.00374384154566, -0.00279001658782, 0.000828032323625], [-0.000389031803934, 0.00534866843373, -0.00500774336979, 0.0084116095677, -0.00445994595066, 0.00168844137806, -0.00590406171978, 0.00705682393163, -0.00633376836777, 0.0053226808086, -0.00272787222639, 0.0025138289202, -0.00193409284111], [0.000496991793625, -0.0109596895054, 0.00623893877491, -0.00445994595066, 0.0138486418873, -0.00505481427535, 0.00766771286726, -0.0100650507957, 0.0064888461493, -0.0102073578164, 0.00688534509391, -0.00628071045503, 0.00358343403786], [-0.00073017476825, 0.00743179069832, -0.00565963191912, 0.00168844137806, -0.00505481427535, 0.0112598519772, -0.00798506941646, 0.00497050164267, -0.006283310242, 0.00844677258283, -0.00414132885635, 0.00477344123647, -0.00535976095125], [0.000419975782279, -0.00977631099522, 0.0080519253388, -0.00590406171978, 0.00766771286726, -0.00798506941646, 0.01852173917, -0.013422514312, 0.00755244726315, -0.0103798452765, 0.00887423753738, -0.012184958905, 0.00733392639086], [-9.92711138679e-05, 0.00976595655084, -0.0076232473366, 0.00705682393163, -0.0100650507957, 0.00497050164267, -0.013422514312, 0.0212636776268, -0.00764630967751, 0.00921693071723, -0.0104454522952, 0.0131098860875, -0.0100350640714], [-0.000291150034172, -0.00615200633183, 0.00503720948473, -0.00633376836777, 0.0064888461493, -0.006283310242, 0.00755244726315, -0.00764630967751, 0.0208150669932, -0.0105611961335, 0.00207023741677, -0.0096881641075, 0.00925804581493], [-0.000686845509335, 0.00824373867363, -0.00743901403621, 0.0053226808086, -0.0102073578164, 0.00844677258283, -0.0103798452765, 0.00921693071723, -0.0105611961335, 0.0207999125123, -0.00724547589198, 0.00690781045705, -0.0104044089094], [-0.000741998024751, -0.00598752591759, 0.00374384154566, -0.00272787222639, 0.00688534509391, -0.00414132885635, 0.00887423753738, -0.0104454522952, 0.00207023741677, -0.00724547589198, 0.016020487994, -0.00822203233838, 0.00257058860734], [0.000409018568462, 0.00532668130472, -0.00279001658782, 0.0025138289202, -0.00628071045503, 0.00477344123647, -0.012184958905, 0.0131098860875, -0.0096881641075, 0.00690781045705, -0.00822203233838, 0.0222871992737, -0.0118550881743], [0.000333030999172, -0.00336998142302, 0.000828032323625, -0.00193409284111, 0.00358343403786, -0.00535976095125, 0.00733392639086, -0.0100350640714, 0.00925804581493, -0.0104044089094, 0.00257058860734, -0.0118550881743, 0.0249811317772]]
    },
    "melbands": {
        "max": [0.0277850367129, 0.00835826341063, 0.0057511231862, 0.00436820508912, 0.00404399493709, 0.00467401975766, 0.00534686679021, 0.0116692772135, 0.006985318847, 0.00393194099888, 0.00322979595512, 0.0021055014804, 0.00148842530325, 0.00247567682527, 0.00204010191374, 0.00099404680077, 0.00107594486326, 0.000400769815315, 6.97333380231e-05, 8.20749992272e-05, 0.000402581703383, 0.000144312187331, 4.00258722948e-05, 3.75547970179e-05, 2.56384300883e-05, 0.000106386461994, 0.000105550214357, 2.37719523284e-05, 2.31143658311e-05, 7.40613104426e-05, 0.000101163015643, 9.01324965525e-05, 4.29883875768e-05, 3.24019456457e-05, 5.68545729038e-05, 2.978356315e-05, 9.94295442069e-06, 6.30134718449e-06, 2.25929466069e-06, 4.70831906796e-08],
        "mean": [0.00137958547566, 0.000473344523925, 0.000356073927833, 0.000550279510207, 0.000275911821518, 0.000250253244303, 0.000568971969187, 0.000784132396802, 0.00039603683399, 0.000237285072217, 0.00023348024115, 8.64901230671e-05, 8.65012552822e-05, 8.2324280811e-05, 0.000104166043457, 3.89745546272e-05, 2.40285189648e-05, 9.26981010707e-06, 5.52189658265e-06, 6.38017445453e-06, 1.79869184649e-05, 5.28250711795e-06, 2.43740964834e-06, 2.55052009379e-06, 2.33409855355e-06, 6.17073646936e-06, 5.13368513566e-06, 7.97488553417e-07, 8.25621441436e-07, 1.3085482351e-06, 2.62981848209e-06, 1.84810915016e-06, 1.25138853946e-06, 7.65779248013e-07, 7.29031910396e-07, 5.16481577506e-07, 3.59254073601e-07, 1.24899770526e-07, 1.11301599048e-08, 2.33578240083e-10],
        "min": [2.54294683089e-08, 1.41355030792e-07, 3.85253400736e-07, 1.19760034067e-06, 9.19473677641e-07, 4.0343329033e-07, 3.48361282931e-07, 2.97911270764e-07, 5.07687161644e-07, 1.64757420862e-06, 7.20710488622e-07, 1.33350363285e-06, 7.26919665794e-07, 6.48272475701e-08, 4.82380819733e-08, 1.85789858165e-07, 1.30833200274e-07, 3.63110821411e-08, 1.20217563904e-07, 1.26933869637e-07, 1.34709932098e-08, 2.15513402679e-08, 3.96476806941e-08, 2.69817093113e-08, 7.85540787973e-09, 1.36044775445e-09, 1.30780580809e-10, 8.032853549e-11, 1.11346955961e-11, 1.85034279565e-12, 1.07628337666e-12, 1.7553675527e-12, 7.62891865565e-13, 1.26267139106e-12, 1.27438543659e-12, 1.31454634504e-12, 9.61697735335e-13, 8.29775376014e-13, 6.95567572723e-13, 6.46677318899e-13],
        "stdev": [0.00359166413546, 0.000723559991457, 0.000456754001789, 0.000632317736745, 0.000431178661529, 0.00043339288095, 0.000734312052373, 0.00166678288952, 0.000872771139257, 0.000493566971272, 0.000501615169924, 0.000111503861262, 0.000148583902046, 0.000214323503315, 0.000286438269541, 8.94206750672e-05, 6.30145441392e-05, 1.91121762327e-05, 6.77196612742e-06, 1.02073072412e-05, 4.59112598037e-05, 1.19228725453e-05, 3.5502632727e-06, 3.86290776078e-06, 3.16222781294e-06, 1.24225698528e-05, 1.06754305307e-05, 1.84299187822e-06, 1.74471506398e-06, 4.00498902309e-06, 7.21345395505e-06, 5.69885605728e-06, 3.36407333634e-06, 2.71940666607e-06, 3.98238262278e-06, 2.12918553189e-06, 1.00008207937e-06, 4.20045495275e-07, 9.40218001233e-08, 2.47200082626e-09]
    },
    "melbands128": {
        "max": [0.00824225693941, 0.0419372022152, 0.0334112942219, 0.017487231642, 0.00630473159254, 0.00468819355592, 0.00715524284169, 0.00734035950154, 0.00747298309579, 0.00596991553903, 0.00654520839453, 0.00754784513265, 0.0049473689869, 0.00213078060187, 0.0051679648459, 0.00854984112084, 0.00554884131998, 0.00939417537302, 0.0133659467101, 0.0245736781508, 0.0244579128921, 0.0206305999309, 0.0105678122491, 0.0110476473346, 0.00780117092654, 0.00603216327727, 0.00978528987616, 0.00434644334018, 0.00504624145105, 0.00233529647812, 0.00337152066641, 0.00139544066042, 0.00290926219895, 0.00235731643625, 0.00637679127976, 0.0024464474991, 0.00226231734268, 0.00456413114443, 0.00449675042182, 0.00277448864654, 0.000921286991797, 0.00343791558407, 0.00169752468355, 0.000378345430363, 0.00135143927764, 0.000167693346157, 0.000358673394658, 7.71716440795e-05, 0.000104896600533, 9.07367211767e-05, 0.000115628048661, 0.000207403631066, 0.00099074956961, 0.000662348873448, 0.000474776607007, 0.000137591792736, 3.78893892048e-05, 2.90951466013e-05, 8.7358050223e-05, 4.65673801955e-05, 7.06106657162e-05, 4.54947985418e-05, 3.50145746779e-05, 3.7734349462e-05, 9.22411927604e-05, 0.000162574928254, 0.000220562185859, 0.00015701931261, 0.000226942327572, 7.80900372774e-05, 3.0210991099e-05, 3.4016524296e-05, 1.61921816471e-05, 3.75210147467e-05, 5.42444140592e-05, 5.18011838722e-05, 0.000157644622959, 0.000118560768897, 0.000150064166519, 0.00010377066792, 0.000129927197122, 0.00010206168372, 8.55950420373e-05, 5.61550914426e-05, 2.66789957095e-05, 3.43543251802e-05, 6.07168149145e-05, 6.07871224929e-05, 7.57102025091e-05, 7.81024573371e-05, 4.92655090056e-05, 2.1010007913e-05, 1.67973248608e-05, 1.34909023473e-05, 9.28967983782e-06, 7.62108129493e-06, 7.23182711226e-06, 6.63715672999e-06, 1.83752649718e-06, 5.30920942765e-07, 9.82246461945e-08, 3.42001160725e-09, 4.46773174012e-10, 4.52388210226e-10, 4.45386061365e-10, 4.3095846336e-10, 4.19716317257e-10, 4.09626887965e-10, 3.92959387252e-10, 3.85445869666e-10, 3.7397138164e-10, 3.60409674327e-10, 3.50124013115e-10, 3.379889979e-10, 3.27594257277e-10, 3.14549275515e-10, 3.0697552833e-10, 3.01596303487e-10, 2.95197449818e-10, 2.85532986144e-10, 2.83208484442e-10, 2.77122519377e-10, 2.73191802513e-10, 2.68940009152e-10, 2.60843541211e-10, 2.56083237948e-10, 2.5557916894e-10, 2.5468835374e-10],
        "mean": [0.000458486465504, 0.00210051471367, 0.0014763220679, 0.000572370132431, 0.000384935643524, 0.000422619661549, 0.000335908902343, 0.000261753419181, 0.000444584118668, 0.000796585634816, 0.000419698975747, 0.000330603565089, 0.00029630100471, 0.000104592312709, 0.000241561603616, 0.000363608123735, 0.000295977020869, 0.000765545875765, 0.000590728013776, 0.00086860434385, 0.000824410526548, 0.000774585874751, 0.000212030310649, 0.00021291077428, 0.000173647917109, 0.000210991609492, 0.000481718365336, 0.000171953492099, 0.000127820487251, 9.60626566666e-05, 5.82994798606e-05, 8.40059146867e-05, 0.000106968036562, 5.24264323758e-05, 0.000126041632029, 5.22464324604e-05, 7.23177290638e-05, 0.000169538499904, 6.99768934282e-05, 4.46109843324e-05, 2.3669370421e-05, 4.35421752627e-05, 3.07299997075e-05, 8.92858133739e-06, 1.21838620544e-05, 8.65817855811e-06, 9.15787131817e-06, 3.65799269275e-06, 5.37563300895e-06, 5.56522172701e-06, 3.6505737171e-06, 6.8025760811e-06, 3.01989985019e-05, 1.5825529772e-05, 6.88326281306e-06, 5.75391504753e-06, 2.35961692852e-06, 2.24540235649e-06, 2.75174784292e-06, 2.14618034988e-06, 3.11648909701e-06, 2.30041177929e-06, 1.64914297329e-06, 2.42731516664e-06, 3.12259567181e-06, 5.74357000005e-06, 8.61819535203e-06, 8.10085293779e-06, 4.07586821893e-06, 1.3273672721e-06, 6.80584719248e-07, 5.56971372134e-07, 5.82735196986e-07, 9.73874875854e-07, 8.60979639583e-07, 1.24390373912e-06, 1.51142137383e-06, 1.76974288024e-06, 3.46689876096e-06, 2.64584355136e-06, 1.82291489637e-06, 1.61711579949e-06, 1.53599501118e-06, 1.37466940942e-06, 8.2602952034e-07, 7.32518628865e-07, 7.97070924818e-07, 7.19695037787e-07, 7.14248074019e-07, 7.66620644299e-07, 6.17428497662e-07, 4.14594978793e-07, 3.90875214862e-07, 4.08734848634e-07, 3.22710207001e-07, 1.86812400216e-07, 8.23383530246e-08, 2.47306921608e-08, 1.12177529488e-08, 2.74999290006e-09, 2.15840914586e-10, 1.34923010264e-11, 7.35148313752e-12, 7.06498574921e-12, 6.81423363916e-12, 6.52527814768e-12, 6.340606859e-12, 6.43162823347e-12, 6.14676278626e-12, 5.6901605823e-12, 5.57088663394e-12, 5.40961069342e-12, 5.20769235027e-12, 5.00927728117e-12, 4.8799861721e-12, 4.81072993941e-12, 4.92761994403e-12, 4.59561512109e-12, 4.46164199336e-12, 4.3467568954e-12, 4.21628270492e-12, 4.18028285598e-12, 4.13312960246e-12, 4.00386191216e-12, 3.66184513267e-12, 3.11183457474e-12, 2.82371890627e-12, 2.77110214116e-12],
        "min": [6.16277084919e-10, 6.62672139384e-10, 5.87122395146e-09, 2.75230362945e-08, 8.30387278938e-08, 3.85223763999e-08, 4.8478703718e-08, 1.30840760448e-07, 2.55430819607e-07, 1.44457956708e-07, 3.56558786052e-07, 3.79291478225e-08, 1.60099347113e-07, 3.11988372914e-08, 6.19470625907e-08, 1.39302547275e-09, 2.65920618858e-08, 7.5585106174e-08, 3.42600344538e-07, 2.69867513225e-07, 5.86350239473e-08, 2.14276184352e-07, 1.16567548503e-07, 4.27015777404e-07, 3.81535329552e-07, 1.80943089845e-07, 1.3746276295e-07, 1.69817738538e-07, 2.40364897763e-07, 1.3764032758e-07, 2.76934997601e-07, 1.02811789304e-07, 3.29033085222e-08, 4.34562750229e-08, 5.36693569586e-08, 6.2167591075e-09, 5.07086106438e-09, 7.93238452701e-09, 3.84523417551e-08, 4.90949574328e-08, 7.82397364674e-08, 5.98981557687e-08, 5.63805073739e-08, 9.59586987648e-09, 2.21749925089e-08, 1.84260180447e-08, 4.06571754041e-09, 1.70751697226e-08, 5.78143684038e-08, 4.56220838885e-08, 1.12230384985e-08, 3.08449301656e-08, 1.16404708095e-08, 8.87312978648e-09, 8.08486255721e-09, 3.98389721212e-09, 1.12855662593e-08, 6.81740264241e-09, 1.27525616733e-08, 1.0302299458e-08, 1.37996147842e-08, 5.91216053891e-09, 9.40760913615e-10, 2.85863688276e-09, 1.68093983177e-09, 1.86510418221e-10, 2.92235180499e-10, 1.15825946057e-10, 1.22796134372e-10, 8.36117564074e-11, 2.40323039247e-11, 1.24728239889e-11, 1.09756977812e-11, 2.40044182448e-12, 1.31165477785e-12, 2.00245505941e-12, 2.22028602101e-12, 4.44182939128e-13, 8.24576951858e-13, 1.04053300264e-12, 1.30936049763e-12, 1.46642604743e-12, 5.09599578247e-13, 3.33781423724e-13, 6.29418392406e-13, 7.57719462261e-13, 8.16403856411e-13, 9.18976483452e-13, 1.15717071342e-12, 1.03732539052e-12, 6.94733387572e-13, 9.05539640668e-13, 7.22579439859e-13, 6.62395106214e-13, 4.35506150457e-13, 6.2875637856e-13, 6.15459235225e-13, 5.13138956239e-13, 6.62417007097e-13, 4.95974626386e-13, 4.4898234978e-13, 4.84455899875e-13, 4.4140160819e-13, 5.28459925559e-13, 4.34652232826e-13, 5.13031186544e-13, 5.27660055406e-13, 3.67240743024e-13, 5.74397192137e-13, 5.50822408518e-13, 5.32268890421e-13, 6.08725309742e-13, 4.96939132639e-13, 5.05001856305e-13, 4.7606899976e-13, 4.3314215604e-13, 5.69668552781e-13, 5.67580054137e-13, 5.03349206933e-13, 6.2937562063e-13, 4.53812036777e-13, 4.12541826872e-13, 5.20481010721e-13, 5.29582345858e-13, 3.87599999839e-13, 1.53253183256e-13, 1.82746443575e-14, 5.33518101388e-16],
        "stdev": [0.00120260473341, 0.0055156624876, 0.00396424811333, 0.00138227350544, 0.00059760332806, 0.000611661060248, 0.000486080301926, 0.000555003702175, 0.000868978269864, 0.000968909822404, 0.000579308194574, 0.000663993763737, 0.000566027010791, 0.000180354036274, 0.000470691971714, 0.000766769924667, 0.000474757543998, 0.00106772722211, 0.0014019816881, 0.00286502437666, 0.0021215218585, 0.00220030057244, 0.000757451867685, 0.000816635380033, 0.000500169408042, 0.000632936891634, 0.00142055703327, 0.000477107270854, 0.000397330906708, 0.000137236478622, 0.00011849468865, 0.000173512598849, 0.000244595314143, 0.000164149882039, 0.000472813291708, 0.000188888094272, 0.000255756691331, 0.000553071557079, 0.000305111083435, 0.000163593722391, 6.48368149996e-05, 0.000178989270353, 8.82633903529e-05, 1.90711234609e-05, 5.60768421565e-05, 1.52029469973e-05, 2.06536296901e-05, 7.39972483643e-06, 9.75896455202e-06, 9.317972399e-06, 7.58527630751e-06, 1.72500222106e-05, 9.05667839106e-05, 5.32169397047e-05, 3.13911732519e-05, 1.2652219084e-05, 3.65469963981e-06, 3.41362056133e-06, 5.70498787056e-06, 4.62180332761e-06, 5.99726172368e-06, 4.31904072684e-06, 2.9011737297e-06, 4.48615674031e-06, 6.93264837537e-06, 1.40835290949e-05, 2.43157192017e-05, 1.89544152818e-05, 1.27994535433e-05, 4.55238568975e-06, 1.7700334638e-06, 1.79669109457e-06, 1.33297726279e-06, 2.22565472541e-06, 2.98416466649e-06, 3.4903202959e-06, 6.06212324783e-06, 6.49722369417e-06, 9.82053734333e-06, 7.91910952103e-06, 6.43184739602e-06, 5.80781943427e-06, 4.79681875731e-06, 4.02530758947e-06, 2.36931623476e-06, 2.39038968175e-06, 3.48578282683e-06, 3.88690841646e-06, 4.34220919487e-06, 4.6414766075e-06, 2.9355260267e-06, 1.45164801779e-06, 1.26287159219e-06, 1.22999676933e-06, 8.79050276126e-07, 5.91909554259e-07, 4.10156701491e-07, 2.46242507274e-07, 9.66042748018e-08, 2.73101079529e-08, 3.84146758847e-09, 1.14875310653e-10, 1.99309371091e-11, 1.9806675397e-11, 1.93996277376e-11, 1.86708773442e-11, 1.82122789072e-11, 1.8379100325e-11, 1.70487096662e-11, 1.64899430916e-11, 1.59136037681e-11, 1.53358489102e-11, 1.48817781015e-11, 1.43600339952e-11, 1.39062893145e-11, 1.33631179039e-11, 1.30189158065e-11, 1.27758628329e-11, 1.24840207616e-11, 1.20888602947e-11, 1.19582625052e-11, 1.16983601625e-11, 1.15300139228e-11, 1.13490163448e-11, 1.10426364233e-11, 1.08455007128e-11, 1.08275992339e-11, 1.07835797583e-11]
    },
    "mfcc": {
        "mean": [-731.677429199, 201.336502075, -42.6036567688, 34.588508606, -35.7744941711, 8.91736888885, -15.9930095673, 8.36319923401, -8.50841999054, 4.57088375092, -5.7958779335, -1.27021467686, -4.73325014114],
        "cov": [[5616.54492188, -2540.18725586, 356.310455322, -196.848571777, -1087.58227539, 1010.98651123, -984.917114258, 853.312133789, -822.752258301, 407.067932129, -141.66758728, 571.919494629, -170.918655396], [-2540.18725586, 2862.17480469, -191.814712524, 410.844726562, 1054.35852051, -633.634155273, 783.310791016, -675.190551758, 569.46685791, -185.64944458, 215.303909302, -113.541374207, 257.031829834], [356.310455322, -191.814712524, 723.705627441, -44.5265350342, 114.990470886, 75.3071289062, -28.2582473755, 81.6361694336, -63.2339744568, 191.778778076, -121.873939514, 174.116378784, 10.179104805], [-196.848571777, 410.844726562, -44.5265350342, 301.922271729, 133.756240845, 7.41416978836, 91.4681625366, -106.68875885, 106.563682556, -60.915271759, 98.5027084351, -41.0215492249, 80.0492095947], [-1087.58227539, 1054.35852051, 114.990470886, 133.756240845, 613.359619141, -265.745513916, 334.64440918, -273.576660156, 225.492752075, 12.3325443268, 26.5279350281, 13.2923898697, 71.4241485596], [1010.98651123, -633.634155273, 75.3071289062, 7.41416978836, -265.745513916, 394.065612793, -220.444122314, 210.044464111, -116.957099915, 26.4816131592, 21.2758331299, 47.9196052551, -25.0583724976], [-984.917114258, 783.310791016, -28.2582473755, 91.4681625366, 334.64440918, -220.444122314, 394.350524902, -178.497314453, 261.083374023, -62.7497673035, 64.5186462402, -26.383348465, 62.269493103], [853.312133789, -675.190551758, 81.6361694336, -106.68875885, -273.576660156, 210.044464111, -178.497314453, 328.854644775, -150.33026123, 80.6256790161, -44.0456733704, 56.2386932373, -20.169713974], [-822.752258301, 569.46685791, -63.2339744568, 106.563682556, 225.492752075, -116.957099915, 261.083374023, -150.33026123, 317.681427002, -107.521347046, 97.3993759155, -58.6221694946, 30.8477096558], [407.067932129, -185.64944458, 191.778778076, -60.915271759, 12.3325443268, 26.4816131592, -62.7497673035, 80.6256790161, -107.521347046, 196.428619385, -66.3589553833, 125.498641968, -11.4083843231], [-141.66758728, 215.303909302, -121.873939514, 98.5027084351, 26.5279350281, 21.2758331299, 64.5186462402, -44.0456733704, 97.3993759155, -66.3589553833, 160.077590942, -37.5898017883, 37.5773544312], [571.919494629, -113.541374207, 174.116378784, -41.0215492249, 13.2923898697, 47.9196052551, -26.383348465, 56.2386932373, -58.6221694946, 125.498641968, -37.5898017883, 233.193191528, -20.1823387146], [-170.918655396, 257.031829834, 10.179104805, 80.0492095947, 71.4241485596, -25.0583724976, 62.269493103, -20.169713974, 30.8477096558, -11.4083843231, 37.5773544312, -20.1823387146, 128.932617188]],
        "icov": [[0.000901073974092, -0.000153049142682, 0.000102468671685, -0.000485681579448, 0.000603144289926, -0.000995866488665, 0.000558122701477, -0.000663262675516, 0.00083360739518, -0.000148476086906, -7.23766279407e-05, -0.00173814827576, 0.000428515428212], [-0.000153049142682, 0.00221334700473, 0.000467860721983, -0.00039360646042, -0.00223465729505, 0.000965073006228, -0.00101967365481, 0.00123881595209, -0.000166975703905, 0.000636957469396, -0.000711319909897, -0.000124159647385, -0.0020119047258], [0.000102468671685, 0.000467860721983, 0.00253088283353, -8.42450754135e-05, -0.00116275181063, -0.000881022366229, 4.86783501401e-05, 3.26154113282e-05, -0.000557027407922, -0.00129252602346, 0.00156848877668, -0.000968110980466, -0.00107965257484], [-0.000485681579448, -0.00039360646042, -8.42450754135e-05, 0.00611944682896, -0.000752362771891, -0.00133709306829, 0.000150226507685, 0.0017477334477, -0.000860254862346, 0.000252814090345, -0.00151661061682, 0.0012450418435, -0.00242897868156], [0.000603144289926, -0.00223465729505, -0.00116275181063, -0.000752362771891, 0.00763018568978, -0.000684314349201, -0.00109713547863, 0.00101378862746, -0.000286993483314, -0.0028334101662, 0.00113857444376, -0.000727086735424, 0.00151425297372], [-0.000995866488665, 0.000965073006228, -0.000881022366229, -0.00133709306829, -0.000684314349201, 0.0076901963912, 0.00162159104366, -0.00177251675632, -0.00149248342495, 0.00156133226119, -0.00227589160204, 0.0008008662262, -0.000247218238655], [0.000558122701477, -0.00101967365481, 4.86783501401e-05, 0.000150226507685, -0.00109713547863, 0.00162159104366, 0.0100558120757, -0.00196149945259, -0.00473611243069, 0.000354284304194, -9.46208820096e-05, -0.00199092412367, -0.000684555212501], [-0.000663262675516, 0.00123881595209, 3.26154113282e-05, 0.0017477334477, 0.00101378862746, -0.00177251675632, -0.00196149945259, 0.00873197894543, -0.000437316251919, -0.00211258442141, 0.000363370665582, 0.00131656276062, -0.00301143527031], [0.00083360739518, -0.000166975703905, -0.000557027407922, -0.000860254862346, -0.000286993483314, -0.00149248342495, -0.00473611243069, -0.000437316251919, 0.0105741452426, 0.00294687924907, -0.0029735842254, -0.00115743489005, 0.00252018775791], [-0.000148476086906, 0.000636957469396, -0.00129252602346, 0.000252814090345, -0.0028334101662, 0.00156133226119, 0.000354284304194, -0.00211258442141, 0.00294687924907, 0.0123102655634, -0.00010576355271, -0.00385655555874, -0.000338732643286], [-7.23766279407e-05, -0.000711319909897, 0.00156848877668, -0.00151661061682, 0.00113857444376, -0.00227589160204, -9.46208820096e-05, 0.000363370665582, -0.0029735842254, -0.00010576355271, 0.0115864798427, -0.000259026244748, -0.00154597894289], [-0.00173814827576, -0.000124159647385, -0.000968110980466, 0.0012450418435, -0.000727086735424, 0.0008008662262, -0.00199092412367, 0.00131656276062, -0.00115743489005, -0.00385655555874, -0.000259026244748, 0.0105646857992, 0.0006376208039], [0.000428515428212, -0.0020119047258, -0.00107965257484, -0.00242897868156, 0.00151425297372, -0.000247218238655, -0.000684555212501, -0.00301143527031, 0.00252018775791, -0.000338732643286, -0.00154597894289, 0.0006376208039, 0.0128182200715]]
    },
    "spectral_contrast_coeffs": {
        "max": [-0.362551629543, -0.413791298866, -0.45550557971, -0.567696511745, -0.542863488197, -0.425625622272],
        "mean": [-0.686739146709, -0.711024165154, -0.726963579655, -0.785397768021, -0.772811710835, -0.619540631771],
        "min": [-0.881644189358, -0.924719691277, -0.876271426678, -0.890747070312, -0.886039614677, -0.959689378738],
        "stdev": [0.0780169516802, 0.0787820667028, 0.0756657868624, 0.0604749508202, 0.062089368701, 0.116010271013]
    },
    "spectral_contrast_valleys": {
        "max": [-5.16339349747, -5.304022789, -5.99820137024, -6.82250738144, -7.04452991486, -9.40326023102],
        "mean": [-7.28846168518, -6.68932676315, -7.52994585037, -8.17819976807, -8.67498111725, -13.9952945709],
        "min": [-10.2963094711, -8.88394355774, -9.75971317291, -9.97018718719, -12.1684951782, -16.0446987152],
        "stdev": [0.945451378822, 0.564760327339, 0.624340415001, 0.510622620583, 0.659646272659, 1.25116360188]
    }
},
"rhythm": {
    "beats_count": 81,
    "beats_loudness": {
        "max": 0.0899949148297,
        "mean": 0.0251755062491,
        "min": 0.00167509098537,
        "stdev": 0.0228549055755
    },
    "bpm": 146.382888794,
    "bpm_histogram_first_peak_bpm": 148,
    "bpm_histogram_first_peak_weight": 0.462962925434,
    "bpm_histogram_second_peak_bpm": 178,
    "bpm_histogram_second_peak_spread": 0,
    "bpm_histogram_second_peak_weight": 0.125,
    "danceability": 0.760580122471,
    "onset_rate": 1.69189441204,
    "beats_loudness_band_ratio": {
        "max": [0.743528187275, 0.808200895786, 0.881111383438, 0.479559540749, 0.148091107607, 0.321994394064],
        "mean": [0.232109963894, 0.245521739125, 0.387583851814, 0.134327724576, 0.0266610868275, 0.0167018789798],
        "min": [0.00129183067475, 0.0230664201081, 0.0690280795097, 0.00723435264081, 0.0025617221836, 0.000199351998162],
        "stdev": [0.186943173409, 0.19664247334, 0.191781714559, 0.0933881103992, 0.0301973614842, 0.0374350957572]
    },
