{
"metadata": {
    "version": {
        "essentia": "2.1-beta5",
        "essentia_git_sha": "Undefined",
        "extractor": "music 2.0"
    },
    "audio_properties": {
        "analysis": {
            "equal_loudness": 0,
            "length": 32.4963264465,
            "sample_rate": 44100,
            "start_time": 77.7404098511,
            "downmix": "mix"
        },
        "bit_rate": 192000,
        "length": 197.00970459,
        "lossless": 0,
        "number_channels": 2,
        "replay_gain": 3.6667766571,
        "sample_rate": 48000,
        "codec": "mp3",
        "md5_encoded": "319534756c63d6adc9606628fd9df764"
    },
    "tags": {
        "file_name": "Germany_Is It Right_Elaiza.mp3",
        "encoding": ["Lavf58.29.100"]
    }
},
"lowlevel": {
    "average_loudness": 0.947395086288,
    "barkbands_crest": {
        "max": 24.7124824524,
        "mean": 11.8371963501,
        "min": 3.21644926071,
        "stdev": 4.32911300659
    },
    "barkbands_flatness_db": {
        "max": 0.395339161158,
        "mean": 0.213716670871,
        "min": 0.0729102343321,
        "stdev": 0.0510275363922
    },
    "barkbands_kurtosis": {
        "max": 80.8355178833,
        "mean": 8.00929260254,
        "min": -1.87031924725,
        "stdev": 11.8336000443
    },
    "barkbands_skewness": {
        "max": 7.90864276886,
        "mean": 1.93402242661,
        "min": -2.41013789177,
        "stdev": 1.59598314762
    },
    "barkbands_spread": {
        "max": 90.1979064941,
        "mean": 17.2907066345,
        "min": 0.952627122402,
        "stdev": 13.7001399994
    },
    "dissonance": {
        "max": 0.499729752541,
        "mean": 0.446813762188,
        "min": 0.247249081731,
        "stdev": 0.041802059859
    },
    "dynamic_complexity": 3.12941384315,
    "erbbands_crest": {
        "max": 31.6949539185,
        "mean": 11.0244750977,
        "min": 2.32674431801,
        "stdev": 5.51606702805
    },
    "erbbands_flatness_db": {
        "max": 0.408799499273,
        "mean": 0.213627636433,
        "min": 0.0790996104479,
        "stdev": 0.0550611801445
    },
    "erbbands_kurtosis": {
        "max": 41.2098770142,
        "mean": 1.73513114452,
        "min": -1.80199766159,
        "stdev": 3.7663693428
    },
    "erbbands_skewness": {
        "max": 5.86340236664,
        "mean": 0.66060256958,
        "min": -3.50750899315,
        "stdev": 1.08403968811
    },
    "erbbands_spread": {
        "max": 133.207244873,
        "mean": 39.7110099792,
        "min": 3.02311182022,
        "stdev": 25.3985176086
    },
    "hfc": {
        "max": 75.3100585938,
        "mean": 17.4291133881,
        "min": 0.342239052057,
        "stdev": 13.4802970886
    },
    "loudness_ebu128": {
        "integrated": -26.9936389923,
        "loudness_range": 2.96483612061,
        "momentary": {
            "max": -23.1997756958,
            "mean": -27.4896392822,
            "min": -32.8307418823,
            "stdev": 2.11718559265
        },
        "short_term": {
            "max": -24.9246101379,
            "mean": -27.2380771637,
            "min": -28.8613834381,
            "stdev": 0.917945206165
        }
    },
    "melbands_crest": {
        "max": 35.6004905701,
        "mean": 16.1986865997,
        "min": 3.91546726227,
        "stdev": 5.74844789505
    },
    "melbands_flatness_db": {
        "max": 0.518716812134,
        "mean": 0.252220779657,
        "min": 0.0450548753142,
        "stdev": 0.0750346332788
    },
    "melbands_kurtosis": {
        "max": 252.861984253,
        "mean": 22.662694931,
        "min": -1.87071835995,
        "stdev": 30.9481906891
    },
    "melbands_skewness": {
        "max": 13.805893898,
        "mean": 3.08935070038,
        "min": -1.26058936119,
        "stdev": 2.32166600227
    },
    "melbands_spread": {
        "max": 211.541351318,
        "mean": 18.5039367676,
        "min": 0.850160241127,
        "stdev": 21.5074977875
    },
    "pitch_salience": {
        "max": 0.878799200058,
        "mean": 0.510641932487,
        "min": 0.101292416453,
        "stdev": 0.121652439237
    },
    "silence_rate_20dB": {
        "max": 1,
        "mean": 1,
        "min": 1,
        "stdev": 0
    },
    "silence_rate_30dB": {
        "max": 1,
        "mean": 0.980728030205,
        "min": 0,
        "stdev": 0.13747933507
    },
    "silence_rate_60dB": {
        "max": 1,
        "mean": 0.0285510346293,
        "min": 0,
        "stdev": 0.16654163599
    },
    "spectral_centroid": {
        "max": 4789.01123047,
        "mean": 1105.72998047,
        "min": 184.507217407,
        "stdev": 703.026794434
    },
    "spectral_complexity": {
        "max": 46,
        "mean": 13.7287654877,
        "min": 2,
        "stdev": 7.83733940125
    },
    "spectral_decrease": {
        "max": -1.65700245192e-10,
        "mean": -8.59343529669e-09,
        "min": -4.76543142724e-08,
        "stdev": 7.3926038624e-09
    },
    "spectral_energy": {
        "max": 0.184886798263,
        "mean": 0.034014519304,
        "min": 0.000709047017153,
        "stdev": 0.0286812987179
    },
    "spectral_energyband_high": {
        "max": 0.00719827180728,
        "mean": 0.000651788897812,
        "min": 2.29918373407e-06,
        "stdev": 0.000992122688331
    },
    "spectral_energyband_low": {
        "max": 0.114459060133,
        "mean": 0.0142575586215,
        "min": 1.18915586427e-05,
        "stdev": 0.019102782011
    },
    "spectral_energyband_middle_high": {
        "max": 0.0483558885753,
        "mean": 0.00486175250262,
        "min": 3.94336675527e-05,
        "stdev": 0.00728396512568
    },
    "spectral_energyband_middle_low": {
        "max": 0.10402674973,
        "mean": 0.0155541710556,
        "min": 0.000158989394549,
        "stdev": 0.0156018929556
    },
    "spectral_entropy": {
        "max": 8.46904754639,
        "mean": 7.37494850159,
        "min": 5.76125144958,
        "stdev": 0.471956014633
    },
    "spectral_flux": {
        "max": 0.360583752394,
        "mean": 0.101741522551,
        "min": 0.0156478453428,
        "stdev": 0.0559183470905
    },
    "spectral_kurtosis": {
        "max": 52.6168785095,
        "mean": 3.58290290833,
        "min": -1.16885221004,
        "stdev": 5.85009622574
    },
    "spectral_rms": {
        "max": 0.0134304640815,
        "mean": 0.00527337472886,
        "min": 0.000831717043184,
        "stdev": 0.00231870356947
    },
    "spectral_rolloff": {
        "max": 8720.94726562,
        "mean": 1071.40454102,
        "min": 64.599609375,
        "stdev": 1315.09191895
    },
    "spectral_skewness": {
        "max": 4.65266895294,
        "mean": 1.22049117088,
        "min": -0.546247541904,
        "stdev": 0.685083925724
    },
    "spectral_spread": {
        "max": 15629235,
        "mean": 3884779,
        "min": 935313.4375,
        "stdev": 1168903.625
    },
    "spectral_strongpeak": {
        "max": 8.1662273407,
        "mean": 1.08400201797,
        "min": 0,
        "stdev": 1.3451526165
    },
    "zerocrossingrate": {
        "max": 0.294921875,
        "mean": 0.046062938869,
        "min": 0.00537109375,
        "stdev": 0.0336776375771
    },
    "barkbands": {
        "max": [0.0143177211285, 0.0903940200806, 0.0774625390768, 0.0538498274982, 0.0473804809153, 0.0680478215218, 0.0433868579566, 0.0710311979055, 0.0765959396958, 0.0485475845635, 0.0234433412552, 0.0214738827199, 0.027424864471, 0.013930587098, 0.00967390276492, 0.009940052405, 0.00252047972754, 0.00190683850087, 0.00158573035151, 0.00327297928743, 0.00276249507442, 0.00334343430586, 0.00300423707813, 0.0023167883046, 3.58874203812e-05, 6.52743574392e-06, 6.82487598169e-06],
        "mean": [0.000470898317872, 0.00842368789017, 0.00439003435895, 0.00213826610707, 0.00412177434191, 0.00257984362543, 0.00121978158131, 0.00216561835259, 0.00265206303447, 0.00215110904537, 0.000476747227367, 0.000769969890825, 0.000437352748122, 0.000382949714549, 0.000335906923283, 0.000202056529815, 0.000149827741552, 0.000141499986057, 9.81704797596e-05, 0.0001558035583, 0.000173151813215, 0.000146031568875, 0.000152173015522, 7.89818295743e-05, 8.08257198059e-07, 1.10574029932e-08, 1.1326464211e-08],
        "min": [1.7573581701e-08, 5.09411535177e-08, 5.72676242427e-07, 8.21391608952e-07, 5.33916727363e-06, 4.00759017793e-06, 1.07312803266e-06, 1.50691255385e-06, 6.66332425681e-06, 2.32536513067e-06, 6.62896695758e-07, 9.11349900434e-07, 8.79435503975e-07, 1.88483920738e-06, 1.73623448063e-06, 7.15686837793e-07, 1.26070381157e-06, 1.63320407864e-06, 6.44480053325e-07, 1.14494548598e-06, 3.72472719334e-08, 1.02017150283e-09, 9.08624175899e-10, 2.04472050402e-10, 1.99451885563e-10, 2.72611488938e-10, 3.40604766613e-10],
        "stdev": [0.00115632440429, 0.0120313186198, 0.00861590355635, 0.00489575229585, 0.00594680616632, 0.00510883051902, 0.00310449441895, 0.00555162969977, 0.00707888230681, 0.00523984711617, 0.00117378996219, 0.00194949447177, 0.00129364593886, 0.000901203311514, 0.000695231021382, 0.000583005894441, 0.00026219317806, 0.000191404891666, 0.000128200510517, 0.000243554401095, 0.000250777200563, 0.000284999492578, 0.000327947898768, 0.00018234779418, 2.6027412332e-06, 2.46412355409e-07, 2.57665163872e-07]
    },
    "erbbands": {
        "max": [3.44690442085, 22.1387119293, 71.9921569824, 153.858581543, 183.565551758, 138.377304077, 458.54397583, 604.54498291, 571.113769531, 776.73840332, 1834.87353516, 1697.42321777, 1880.72607422, 1055.94946289, 383.591888428, 953.127197266, 1214.48864746, 594.65612793, 431.372436523, 353.1222229, 351.723205566, 124.750801086, 95.3234710693, 95.1061859131, 90.9642868042, 152.294723511, 130.213531494, 97.2333068848, 125.490661621, 116.093101501, 85.5777664185, 73.3755340576, 20.1197128296, 1.15646910667, 0.0507499314845, 0.0264849029481, 0.0120945544913, 0.0042668171227, 0.00100057700183, 0.000204713418498],
        "mean": [0.231887504458, 1.91112947464, 5.0594162941, 6.29551839828, 11.1086416245, 11.9154682159, 24.6420783997, 16.0519332886, 15.2591838837, 24.0660915375, 59.0260314941, 58.0598106384, 63.6703300476, 58.1263427734, 17.59308815, 35.0059509277, 20.3759593964, 22.5244617462, 20.5794696808, 12.5049781799, 10.0071868896, 7.71572542191, 7.96116876602, 6.09680461884, 4.89608192444, 7.58019781113, 7.78867864609, 6.15079641342, 5.50293588638, 4.76768350601, 4.24018859863, 2.61972308159, 0.705796778202, 0.0463587231934, 0.00173351727426, 0.000205862917937, 5.65424888919e-05, 1.63059285114e-05, 2.04461211979e-05, 3.96875584556e-05],
        "min": [8.73742737895e-06, 0.0002283306967, 0.00299587263726, 0.0165026150644, 0.0132924253121, 0.0200548842549, 0.0305022187531, 0.0232313368469, 0.071323916316, 0.111388787627, 0.166680008173, 0.225825875998, 0.147740364075, 0.0854555740952, 0.0949966609478, 0.0555656328797, 0.105581969023, 0.103093475103, 0.122874721885, 0.106055662036, 0.0858167782426, 0.0793786197901, 0.0791734158993, 0.0868092924356, 0.0563346557319, 0.0610374324024, 0.0331475175917, 0.00186372525059, 0.000303243665257, 7.72706771386e-05, 5.79588704568e-05, 4.36281479779e-05, 2.03514719033e-05, 1.1285191249e-05, 4.72873580293e-06, 1.90099694919e-06, 1.09680274818e-06, 3.68296753095e-07, 5.2884405477e-07, 1.03279148789e-06],
        "stdev": [0.413747370243, 2.69396924973, 8.79045009613, 12.8694849014, 19.6539764404, 17.986579895, 53.0287055969, 30.3561115265, 30.6738147736, 68.2476272583, 141.824371338, 153.793014526, 177.39024353, 131.013824463, 31.8169574738, 89.7290115356, 56.4046859741, 45.6194381714, 38.4920501709, 26.0906410217, 24.1940040588, 12.4901599884, 10.4769945145, 7.97389745712, 6.29784107208, 12.1939125061, 11.6445989609, 9.33695697784, 10.8381185532, 9.92091178894, 9.22612571716, 6.00447845459, 1.6686630249, 0.112653143704, 0.00427396735176, 0.00103845703416, 0.000457398913568, 0.00016110407887, 3.91416942875e-05, 3.20767539961e-05]
    },
    "gfcc": {
        "mean": [-46.7458343506, 149.461364746, -145.6171875, 60.7529716492, -75.0060348511, 12.2645893097, -12.5675010681, -16.4217910767, 8.41890144348, -22.9829730988, 6.08173513412, -17.1460266113, 1.9808075428],
        "cov": [[3017.68505859, -393.360900879, -156.030731201, 160.568008423, -416.256072998, 274.227752686, -163.875350952, 4.44268608093, -113.236183167, -106.546012878, 91.3389968872, -126.93586731, 93.443687439], [-393.360900879, 1323.77893066, -107.63117218, -586.659667969, 722.123046875, -177.490631104, 450.663299561, -24.7452907562, 77.2579650879, 16.368768692, -57.2631187439, 55.8464241028, -64.3660964966], [-156.030731201, -107.63117218, 875.128723145, 524.145507812, -140.974319458, 85.1487197876, -79.5327606201, -17.7535533905, -14.4182519913, -17.8302669525, 71.4964981079, 4.50462532043, -9.4462890625], [160.568008423, -586.659667969, 524.145507812, 805.076416016, -294.571380615, 130.383529663, -225.009933472, -20.2935295105, -6.9049949646, -40.4898223877, 60.9953727722, -37.4743461609, 11.9273881912], [-416.256072998, 722.123046875, -140.974319458, -294.571380615, 679.559082031, -34.6784057617, 331.507415771, 29.3266372681, 40.2166557312, 54.0091171265, -83.5698852539, 28.3085346222, -60.9549942017], [274.227752686, -177.490631104, 85.1487197876, 130.383529663, -34.6784057617, 277.505401611, 57.3081588745, 21.2666091919, -21.6829967499, -1.66259121895, 62.3646087646, -12.5175237656, -0.230197638273], [-163.875350952, 450.663299561, -79.5327606201, -225.009933472, 331.507415771, 57.3081588745, 409.348449707, 33.84375, 38.2610855103, 47.6524772644, -11.3193740845, 50.1540908813, -56.674156189], [4.44268608093, -24.7452907562, -17.7535533905, -20.2935295105, 29.3266372681, 21.2666091919, 33.84375, 155.915557861, 76.7542953491, 33.1470108032, 17.5336360931, -8.580327034, 17.7470626831], [-113.236183167, 77.2579650879, -14.4182519913, -6.9049949646, 40.2166557312, -21.6829967499, 38.2610855103, 76.7542953491, 150.131881714, 39.1787872314, 14.8312234879, 14.0293722153, -1.39886951447], [-106.546012878, 16.368768692, -17.8302669525, -40.4898223877, 54.0091171265, -1.66259121895, 47.6524772644, 33.1470108032, 39.1787872314, 109.521888733, 33.5083274841, 29.097284317, 14.1250085831], [91.3389968872, -57.2631187439, 71.4964981079, 60.9953727722, -83.5698852539, 62.3646087646, -11.3193740845, 17.5336360931, 14.8312234879, 33.5083274841, 131.767089844, 42.4459266663, 32.6708602905], [-126.93586731, 55.8464241028, 4.50462532043, -37.4743461609, 28.3085346222, -12.5175237656, 50.1540908813, -8.580327034, 14.0293722153, 29.097284317, 42.4459266663, 101.064888, 17.9467773438], [93.443687439, -64.3660964966, -9.4462890625, 11.9273881912, -60.9549942017, -0.230197638273, -56.674156189, 17.7470626831, -1.39886951447, 14.1250085831, 32.6708602905, 17.9467773438, 85.2991256714]],
        "icov": [[0.000505214789882, -0.000552493729629, 0.000422162585892, -0.000374351337086, 0.000676333089359, -0.000680611701682, 0.000134391098982, -0.000368009554222, 0.000533122918569, -6.06384382991e-05, 7.72586063249e-05, 0.000377324467991, -0.000314128352329], [-0.000552493729629, 0.00746344961226, -0.00312086148188, 0.0044286516495, -0.00637364946306, 0.00475863367319, -0.00359427416697, 0.00500955106691, -0.00485026044771, 0.00553749175742, -0.00533961830661, 0.00328431325033, -0.00234228861518], [0.000422162585892, -0.00312086148188, 0.00338795734569, -0.0033120342996, 0.00265142158605, -0.00180325517431, 0.00111809407827, -0.0022264495492, 0.0025247100275, -0.00205369875766, 0.00134059775155, -0.00138302089181, 0.00127581891138], [-0.000374351337086, 0.0044286516495, -0.0033120342996, 0.00548098282889, -0.00346388085745, 0.00160012021661, -0.000886196445208, 0.0033845177386, -0.00377522571944, 0.00336515903473, -0.00287469476461, 0.00211758119985, -0.00110886932816], [0.000676333089359, -0.00637364946306, 0.00265142158605, -0.00346388085745, 0.0084354383871, -0.00394968828186, 0.00101061351597, -0.00438331998885, 0.0041315164417, -0.0054654693231, 0.00610047020018, -0.00267905602232, 0.0020282366313], [-0.000680611701682, 0.00475863367319, -0.00180325517431, 0.00160012021661, -0.00394968828186, 0.00881743989885, -0.00430125184357, 0.00222268560901, -0.00151024956722, 0.00384432915598, -0.00624271063134, 0.00365686160512, -0.00124565407168], [0.000134391098982, -0.00359427416697, 0.00111809407827, -0.000886196445208, 0.00101061351597, -0.00430125184357, 0.00763046229258, -0.0030095174443, 0.00175156374462, -0.00335403857753, 0.00289055076428, -0.00431521423161, 0.00417975895107], [-0.000368009554222, 0.00500955106691, -0.0022264495492, 0.0033845177386, -0.00438331998885, 0.00222268560901, -0.0030095174443, 0.0133568802848, -0.00830016192049, 0.0026768411044, -0.00407427921891, 0.00515404343605, -0.00454467814416], [0.000533122918569, -0.00485026044771, 0.0025247100275, -0.00377522571944, 0.0041315164417, -0.00151024956722, 0.00175156374462, -0.00830016192049, 0.0135405566543, -0.00525717018172, 0.00250068865716, -0.00306210806593, 0.00318155181594], [-6.06384382991e-05, 0.00553749175742, -0.00205369875766, 0.00336515903473, -0.0054654693231, 0.00384432915598, -0.00335403857753, 0.0026768411044, -0.00525717018172, 0.0166568495333, -0.00723513355479, 0.00170813756995, -0.00356639293022], [7.72586063249e-05, -0.00533961830661, 0.00134059775155, -0.00287469476461, 0.00610047020018, -0.00624271063134, 0.00289055076428, -0.00407427921891, 0.00250068865716, -0.00723513355479, 0.0176257416606, -0.00795543938875, -0.000290677387966], [0.000377324467991, 0.00328431325033, -0.00138302089181, 0.00211758119985, -0.00267905602232, 0.00365686160512, -0.00431521423161, 0.00515404343605, -0.00306210806593, 0.00170813756995, -0.00795543938875, 0.0173754487187, -0.00517010362819], [-0.000314128352329, -0.00234228861518, 0.00127581891138, -0.00110886932816, 0.0020282366313, -0.00124565407168, 0.00417975895107, -0.00454467814416, 0.00318155181594, -0.00356639293022, -0.000290677387966, -0.00517010362819, 0.0176069773734]]
    },
    "melbands": {
        "max": [0.0274918507785, 0.0287391487509, 0.0250965207815, 0.0124982334673, 0.0126974536106, 0.0133381625637, 0.00800715014338, 0.0103229414672, 0.0124915493652, 0.0128467418253, 0.00936918240041, 0.0043696090579, 0.00226525566541, 0.00201654946432, 0.00303832790814, 0.00137412943877, 0.00135082565248, 0.000694893184118, 0.00082526775077, 0.000922167149838, 0.00040403805906, 0.00013995594054, 0.000101240948425, 0.000109806082037, 8.04805968073e-05, 8.05611052783e-05, 4.47569982498e-05, 0.000130545231514, 8.68876159075e-05, 9.97043462121e-05, 6.84704864398e-05, 7.60809343774e-05, 6.07664369454e-05, 6.48118220852e-05, 7.35725770937e-05, 4.68708349217e-05, 4.51855521533e-05, 1.91415947484e-05, 3.46216893377e-06, 3.98224756282e-07],
        "mean": [0.00221691653132, 0.00258753052913, 0.00125089660287, 0.00085223489441, 0.000768933619838, 0.000384318234865, 0.000242684633122, 0.000286136142677, 0.000489003548864, 0.000374278664822, 0.000318565376801, 0.000246547453571, 5.65526024729e-05, 7.85103547969e-05, 7.23611010471e-05, 4.14209935116e-05, 4.11797991546e-05, 3.25159635395e-05, 2.12082522921e-05, 1.646135388e-05, 1.0510843822e-05, 8.25369897939e-06, 6.93486254022e-06, 7.19599256627e-06, 4.66290748591e-06, 3.4670374589e-06, 3.70429961549e-06, 5.455747214e-06, 5.04018180436e-06, 4.15196018366e-06, 3.35698473464e-06, 3.22478490489e-06, 2.58155614574e-06, 2.7215692171e-06, 2.57490160038e-06, 2.02238516067e-06, 1.43449221923e-06, 5.97705650307e-07, 1.09534362025e-07, 5.43788614138e-09],
        "min": [8.56018118611e-08, 1.79613778073e-06, 2.49285858445e-06, 1.17999331906e-06, 9.18921784887e-07, 5.93949096128e-07, 3.11997638391e-07, 9.29155589802e-07, 1.04891319097e-06, 1.02108026567e-06, 5.9595527091e-07, 2.7022971949e-07, 2.37063261466e-07, 9.41839388702e-08, 1.11570876982e-07, 2.21154166979e-07, 1.93814798877e-07, 1.94659207864e-07, 1.56796758688e-07, 9.98497782234e-08, 6.2286297009e-08, 7.77742954483e-08, 3.10362260336e-08, 7.16539503287e-08, 6.5784213632e-08, 3.16016937063e-08, 3.18706341318e-08, 2.86485981604e-08, 2.88663635217e-08, 9.1951396497e-10, 3.21317937535e-11, 2.07175266526e-11, 1.91940994348e-11, 1.58978108455e-11, 1.07557443854e-11, 2.24057556363e-12, 2.29933975505e-12, 2.12535349563e-12, 1.94045495817e-12, 1.37347576888e-12],
        "stdev": [0.00338085414842, 0.00382717931643, 0.00226833950728, 0.00135413079988, 0.00152199761942, 0.000717091432307, 0.000506010605022, 0.000793738698121, 0.00116381351836, 0.00109643035103, 0.000897643971257, 0.000578480947297, 0.000126510902192, 0.000178628863068, 0.0002348414273, 9.18467994779e-05, 9.18508812902e-05, 6.64385661366e-05, 5.05041680299e-05, 5.01036374772e-05, 2.46714007517e-05, 1.41506152431e-05, 9.95024129224e-06, 1.0589464182e-05, 6.54160930935e-06, 5.03989485878e-06, 4.7719045142e-06, 9.83500103757e-06, 7.98810924607e-06, 6.4953906076e-06, 5.65788513995e-06, 6.62312640998e-06, 5.15897818332e-06, 6.05844525126e-06, 5.9394164964e-06, 4.52845733889e-06, 3.43151077686e-06, 1.48483593421e-06, 2.8326201118e-07, 2.3379561398e-08]
    },
    "melbands128": {
        "max": [0.0104128895327, 0.0314206518233, 0.0386524908245, 0.0437214225531, 0.0432889610529, 0.0379173308611, 0.0342452377081, 0.0237402785569, 0.0223284587264, 0.0225639808923, 0.00751187745482, 0.0127988243476, 0.0229832269251, 0.0250773858279, 0.0196789950132, 0.00601374404505, 0.00989514496177, 0.0115814656019, 0.0166107080877, 0.0126269105822, 0.0202022884041, 0.0275124404579, 0.0197740532458, 0.0148422475904, 0.0148931453004, 0.0307380110025, 0.0171714629978, 0.0187016967684, 0.0100623425096, 0.00920927990228, 0.00721420487389, 0.00601295335218, 0.0022803444881, 0.00154477113392, 0.00279725063592, 0.00411734869704, 0.00530506437644, 0.00575967784971, 0.00771683407947, 0.0016655420186, 0.0012190467678, 0.00339885568246, 0.00166068074759, 0.00279599241912, 0.00233893608674, 0.00127895467449, 0.00210725562647, 0.00152045651339, 0.00129101064522, 0.0006535811699, 0.0018334176857, 0.000976835843176, 0.00102250091732, 0.000522702815942, 0.000447297352366, 0.000187495403225, 0.000255481892964, 0.000283688073978, 0.000189277576283, 0.00018794213247, 0.000201744187507, 0.000285642396193, 0.000163468794199, 6.74917755532e-05, 9.48706292547e-05, 0.00010613269842, 9.57142110565e-05, 6.20667997282e-05, 5.55029182578e-05, 9.25720014493e-05, 0.000184292875929, 0.00020941751427, 0.000137894516229, 0.000174186876393, 9.08719594008e-05, 0.000120665834402, 0.00015041626466, 6.69403889333e-05, 7.28636878193e-05, 7.53754065954e-05, 9.82908095466e-05, 0.000114175476483, 6.68108477839e-05, 5.82405009482e-05, 8.42836016091e-05, 8.59750653035e-05, 7.29310922907e-05, 0.000155746223754, 8.6349537014e-05, 6.11843424849e-05, 7.21967735444e-05, 6.55853946228e-05, 7.48308812035e-05, 6.08677728451e-05, 5.29123281012e-05, 3.63421131624e-05, 1.71431547642e-05, 1.03197398857e-05, 3.64966649613e-06, 1.44599141549e-06, 8.92416721854e-07, 2.04592083719e-07, 6.14933242105e-08, 5.80426480212e-08, 5.48699965464e-08, 5.20581835417e-08, 4.96704402053e-08, 4.73205332696e-08, 4.52352892921e-08, 4.3207130318e-08, 4.13855936188e-08, 3.96596320229e-08, 3.81809819316e-08, 3.67494763509e-08, 3.536884563e-08, 3.41452945918e-08, 3.30122595926e-08, 3.20137871768e-08, 3.10775511991e-08, 3.03029175086e-08, 2.94621145258e-08, 2.88253154679e-08, 2.82025816034e-08, 2.77080509647e-08, 2.73123497152e-08, 2.70006861314e-08, 2.67573625479e-08, 2.65982347258e-08],
        "mean": [0.000420984171797, 0.00175272417255, 0.00289619830437, 0.00325947441161, 0.0028326085303, 0.0020142425783, 0.00121589913033, 0.00109588832129, 0.00116810051259, 0.000948617409449, 0.00051986577455, 0.000666521838866, 0.00104936189018, 0.000626005174126, 0.000339309975971, 0.00027718115598, 0.000220375455683, 0.000225900032092, 0.000290746451356, 0.000236301144469, 0.000272042118013, 0.000457668997115, 0.000637181161437, 0.000375320320018, 0.000268025672995, 0.000482732459204, 0.000348550092895, 0.000318802340189, 0.000226319112699, 0.000357770564733, 0.000226820469834, 8.65371548571e-05, 3.76876923838e-05, 4.26380865974e-05, 4.47622478532e-05, 9.65975195868e-05, 0.00012848796905, 6.87058782205e-05, 4.71543571621e-05, 2.96501511912e-05, 4.23857345595e-05, 5.35762883374e-05, 4.18424970121e-05, 3.68139699276e-05, 2.74393532891e-05, 3.33239186148e-05, 3.96104951506e-05, 2.07840203075e-05, 1.4405463844e-05, 1.16733754112e-05, 2.26355241466e-05, 1.39007515827e-05, 8.86585166882e-06, 1.03994698293e-05, 1.07560945253e-05, 7.10598123987e-06, 6.93657830197e-06, 7.54186066843e-06, 6.13152224105e-06, 7.52434925744e-06, 8.52416360431e-06, 5.68264658796e-06, 5.24454753759e-06, 4.46118110631e-06, 3.69132635569e-06, 3.38663062394e-06, 3.24901384374e-06, 3.38512063536e-06, 3.66114545614e-06, 4.44904435426e-06, 5.45421971765e-06, 6.24307722319e-06, 5.15288502356e-06, 4.88939576826e-06, 4.7924518185e-06, 4.29858437201e-06, 3.93923573938e-06, 3.39725261256e-06, 3.41615577781e-06, 3.08226799461e-06, 3.25773635268e-06, 3.41084160027e-06, 2.84695079245e-06, 2.37711356021e-06, 2.44838929575e-06, 2.65355629381e-06, 2.84614679913e-06, 2.82577639155e-06, 2.63744732365e-06, 2.39405312641e-06, 2.02095679924e-06, 2.00836416298e-06, 1.84053749308e-06, 1.50419100464e-06, 1.17682338896e-06, 8.2379409605e-07, 4.83620169689e-07, 2.44928855864e-07, 1.1298800473e-07, 3.29493232698e-08, 7.80641862264e-09, 2.07649297757e-09, 1.59645241471e-10, 1.00382334389e-10, 9.19188683501e-11, 9.58746207425e-11, 1.09833676876e-10, 9.25838919419e-11, 7.61160856566e-11, 7.06405142714e-11, 6.78275213772e-11, 6.52135845325e-11, 6.28167171057e-11, 6.04992930753e-11, 5.83678175237e-11, 5.65172075806e-11, 5.48148158808e-11, 5.31318600228e-11, 5.1713862359e-11, 5.04346078789e-11, 4.90518840823e-11, 4.80612667719e-11, 4.71494752963e-11, 4.62606723761e-11, 4.50823857412e-11, 4.36522450131e-11, 4.27615026721e-11, 4.24409639377e-11],
        "min": [9.50650136389e-09, 1.39138602862e-08, 4.77918682407e-09, 3.01085769649e-08, 4.85576492792e-07, 2.10741930573e-07, 5.85793259233e-07, 2.70085820375e-07, 3.81614853495e-07, 5.37663311206e-07, 1.72297063727e-07, 1.59550026524e-07, 3.95636504891e-07, 4.7685307436e-07, 1.30283751787e-07, 4.56722517583e-08, 2.12962625312e-08, 8.12989071619e-08, 4.03393052295e-08, 1.20094263423e-08, 1.88431727111e-07, 8.74967156506e-08, 2.30963678405e-07, 8.03664477189e-08, 1.69517974768e-07, 1.63246369311e-07, 9.03479460135e-08, 2.92377198008e-08, 1.13890351372e-07, 6.93543924513e-08, 9.15964690762e-08, 3.39587700182e-08, 1.98925782513e-08, 1.51874477439e-08, 3.57221487945e-08, 4.69889416266e-09, 2.52836471759e-08, 3.75933382202e-08, 1.60230761992e-08, 4.10903240322e-08, 6.23446041459e-08, 2.97071984789e-08, 1.87543847119e-08, 3.12546823977e-08, 3.69654742371e-08, 9.55048164997e-08, 4.55147031175e-08, 3.38669856603e-08, 4.50565806887e-08, 4.51172219584e-08, 9.11574105089e-09, 1.60722422038e-08, 7.35158423026e-09, 1.03201500679e-08, 8.1492622428e-08, 1.28301840263e-08, 2.30390657663e-08, 7.31792093589e-09, 1.62141606808e-08, 4.16997174568e-08, 8.46068637372e-09, 3.80333382566e-08, 1.05646211779e-08, 1.19235536999e-08, 2.45256543963e-08, 5.49254952631e-09, 3.1595295269e-09, 1.90572251313e-08, 2.47809452958e-08, 2.0683117441e-08, 1.9093807424e-08, 1.82950135041e-08, 2.3196932375e-08, 1.23839849486e-09, 1.1581822168e-09, 8.28915214246e-10, 1.2635449631e-10, 3.94823722327e-11, 2.93800851703e-11, 2.28471668667e-11, 2.0744655993e-11, 2.03605726029e-11, 1.93740214843e-11, 1.954411806e-11, 1.87448320754e-11, 1.63187848651e-11, 1.41978711773e-11, 1.08100845983e-11, 7.92412489792e-12, 7.20203237325e-12, 1.58755755937e-12, 1.36130082901e-12, 9.55611024339e-13, 2.61675056623e-12, 2.49967082623e-12, 2.2687819505e-12, 2.11906642407e-12, 1.53170629392e-12, 1.70956716665e-12, 1.10622058389e-12, 1.16745296156e-12, 1.06306500061e-12, 9.25898030121e-13, 1.09898917224e-12, 7.86773424188e-13, 9.50531754002e-13, 9.01854654324e-13, 1.17642733662e-12, 9.39493166423e-13, 1.02771025197e-12, 8.36775364711e-13, 1.02286180827e-12, 8.06957744983e-13, 1.14099214018e-12, 9.39383553583e-13, 1.00024144783e-12, 1.09318554643e-12, 1.10046141037e-12, 1.02843211378e-12, 1.1005500981e-12, 1.15875668436e-12, 9.22799488733e-13, 1.22087485521e-12, 9.19479878521e-13, 8.26283702918e-13, 3.01043044659e-13, 3.48471353498e-14, 1.09857240407e-15],
        "stdev": [0.00103757483885, 0.00375586282462, 0.00464479671791, 0.00480661913753, 0.00481003150344, 0.00416169827804, 0.00279070227407, 0.00258008670062, 0.00226242886856, 0.00197163037956, 0.000958260963671, 0.00143989513163, 0.00251387176104, 0.00158817425836, 0.000878578983247, 0.000542091263924, 0.000555796432309, 0.000617707089987, 0.000963106751442, 0.00095669151051, 0.00118913163897, 0.00155139097478, 0.00178408529609, 0.0012361566769, 0.000959258701187, 0.00217674532905, 0.00139431038406, 0.00138386921026, 0.000817050400656, 0.00108029088005, 0.000587203539908, 0.000292605400318, 0.000138907853398, 0.000111636793008, 0.000171581428731, 0.000269945623586, 0.000415275862906, 0.000330481561832, 0.000302209489746, 8.94269542187e-05, 0.000107218344056, 0.000166760597494, 0.000126688479213, 0.000126346305478, 0.000123365083709, 8.35544269648e-05, 0.00010628815653, 7.58417372708e-05, 5.8126548538e-05, 3.23659769492e-05, 9.45983556448e-05, 5.46114133613e-05, 3.63245744666e-05, 2.86736631097e-05, 2.8161533919e-05, 1.50606401803e-05, 1.82593921636e-05, 1.54895569722e-05, 1.11268182081e-05, 1.40276815728e-05, 1.73362059286e-05, 1.25933083837e-05, 1.00431861938e-05, 7.06403761797e-06, 7.11366510586e-06, 5.92882179262e-06, 5.25793075212e-06, 5.50531558474e-06, 5.28483860762e-06, 7.35693265597e-06, 1.17225808935e-05, 1.41967702803e-05, 9.60037687037e-06, 9.84520011116e-06, 8.55280813994e-06, 7.58451824368e-06, 8.59012379806e-06, 5.95959545535e-06, 6.37106177237e-06, 6.5632825681e-06, 7.25527252143e-06, 7.99007466412e-06, 6.23527557764e-06, 5.02047896589e-06, 5.35677963853e-06, 6.24149743089e-06, 6.86294970365e-06, 8.00541420176e-06, 6.54004588796e-06, 5.66095422982e-06, 4.55867439086e-06, 4.96754955748e-06, 4.82946143165e-06, 3.90571858588e-06, 3.05049366034e-06, 2.19016692427e-06, 1.34501135562e-06, 6.90614228915e-07, 2.89204052706e-07, 1.02946764002e-07, 4.32928075611e-08, 1.20506058465e-08, 2.43179965054e-09, 2.1920147919e-09, 2.07093986404e-09, 1.9652730554e-09, 1.88407911494e-09, 1.78811632168e-09, 1.70754421713e-09, 1.63109481477e-09, 1.56221036107e-09, 1.49711809616e-09, 1.44125167356e-09, 1.38725431142e-09, 1.3353278483e-09, 1.2890610801e-09, 1.24637999921e-09, 1.20861087805e-09, 1.17333665006e-09, 1.14388376549e-09, 1.11233933175e-09, 1.08820918943e-09, 1.06487274554e-09, 1.04616282304e-09, 1.0311996812e-09, 1.01950858866e-09, 1.01033115207e-09, 1.00436392536e-09]
    },
    "mfcc": {
        "mean": [-667.290893555, 145.147003174, -4.16585683823, 40.868724823, -21.0282917023, 25.8789863586, -15.3187065125, 19.038608551, -10.8635015488, 17.3285007477, -11.290189743, 9.92115688324, -12.7879991531],
        "cov": [[3399.43676758, -865.967956543, 129.533554077, -222.578109741, -151.230987549, 0.75642323494, -77.5463638306, 10.9299516678, -183.80569458, 74.1651229858, -260.820343018, 79.5177154541, -166.078567505], [-865.967956543, 2151.14282227, -972.27166748, -126.235794067, 5.04056835175, 83.1589355469, 289.117767334, 106.987724304, 212.721878052, 1.33169865608, 216.885620117, -83.3889541626, 115.544265747], [129.533554077, -972.27166748, 1273.3371582, 306.712127686, 87.8790512085, 23.0472049713, -116.810401917, -22.662147522, -171.013000488, -20.9838695526, -113.395271301, 84.6689300537, -4.26965856552], [-222.578109741, -126.235794067, 306.712127686, 421.828521729, 77.2251815796, 82.3048706055, -45.1901016235, 33.4737358093, -12.0232152939, 4.06872463226, -19.4868278503, 37.9469680786, 15.0418224335], [-151.230987549, 5.04056835175, 87.8790512085, 77.2251815796, 269.607269287, -20.134513855, 29.0239906311, -34.14793396, 65.6302719116, -8.65271472931, 29.2520618439, -14.3369836807, 20.873128891], [0.75642323494, 83.1589355469, 23.0472049713, 82.3048706055, -20.134513855, 275.990844727, 105.820777893, 96.9473114014, -28.2741146088, 34.6806983948, 19.3860588074, 3.33267784119, 5.61488485336], [-77.5463638306, 289.117767334, -116.810401917, -45.1901016235, 29.0239906311, 105.820777893, 259.241149902, 50.828742981, 52.6575508118, 15.6580305099, 65.657409668, -20.693977356, 30.8034095764], [10.9299516678, 106.987724304, -22.662147522, 33.4737358093, -34.14793396, 96.9473114014, 50.828742981, 178.195480347, 5.77875423431, 62.3112678528, 20.2164936066, 22.9653911591, 3.7552986145], [-183.80569458, 212.721878052, -171.013000488, -12.0232152939, 65.6302719116, -28.2741146088, 52.6575508118, 5.77875423431, 174.140991211, 16.8947200775, 74.9153137207, -20.735496521, 29.3103847504], [74.1651229858, 1.33169865608, -20.9838695526, 4.06872463226, -8.65271472931, 34.6806983948, 15.6580305099, 62.3112678528, 16.8947200775, 143.546539307, 17.5635070801, 39.2737693787, -14.8750934601], [-260.820343018, 216.885620117, -113.395271301, -19.4868278503, 29.2520618439, 19.3860588074, 65.657409668, 20.2164936066, 74.9153137207, 17.5635070801, 151.124053955, -18.0678195953, 59.0426330566], [79.5177154541, -83.3889541626, 84.6689300537, 37.9469680786, -14.3369836807, 3.33267784119, -20.693977356, 22.9653911591, -20.735496521, 39.2737693787, -18.0678195953, 111.893638611, 6.93760251999], [-166.078567505, 115.544265747, -4.26965856552, 15.0418224335, 20.873128891, 5.61488485336, 30.8034095764, 3.7552986145, 29.3103847504, -14.8750934601, 59.0426330566, 6.93760251999, 120.504623413]],
        "icov": [[0.000405233848142, 0.000157596950885, 7.55565633881e-05, 0.000248276075581, 2.3715541829e-05, -6.88051950419e-05, -0.000107285472041, -7.09840242052e-05, 8.99367005331e-05, -0.000167534148204, 0.000534396909643, -0.00015730119776, 0.000112467670988], [0.000157596950885, 0.000967169296928, 0.000681927194819, -0.000167421327205, -2.02631636057e-05, 6.30711001577e-05, -0.000619698956143, -0.000381298188586, -1.70566017914e-05, 0.000206409342354, -0.000172882530023, 2.88656246994e-05, -0.000381565827411], [7.55565633881e-05, 0.000681927194819, 0.00169925764203, -0.000857588718645, -0.000523998751305, 0.000167949314346, -0.000348909583408, -0.000179052032763, 0.0011536795646, 0.00019120615616, 0.000117237308586, -0.000444165460067, -0.00049364217557], [0.000248276075581, -0.000167421327205, -0.000857588718645, 0.00379957468249, -0.000882255320903, -0.00155739800539, 0.00128400290851, -0.000456438632682, -0.00080878980225, 0.000216378699406, 0.000746356323361, -0.000769979029428, -0.000188492631423], [2.3715541829e-05, -2.02631636057e-05, -0.000523998751305, -0.000882255320903, 0.00492702564225, 0.000412452296587, -0.000799504516181, 0.00113127648365, -0.00194004736841, -0.000187596000615, -0.000169943086803, 0.000585424015298, -6.15767712588e-05], [-6.88051950419e-05, 6.30711001577e-05, 0.000167949314346, -0.00155739800539, 0.000412452296587, 0.00613179290667, -0.00258143129759, -0.00216577900574, 0.00198569428176, -0.000481668394059, -0.000630507420283, 0.000760968250688, 0.000137931405334], [-0.000107285472041, -0.000619698956143, -0.000348909583408, 0.00128400290851, -0.000799504516181, -0.00258143129759, 0.00631772913039, -0.000409255881095, -0.00117881048936, 0.000169282968272, -0.000859089021105, 0.000275392114418, -0.00035703976755], [-7.09840242052e-05, -0.000381298188586, -0.000179052032763, -0.000456438632682, 0.00113127648365, -0.00216577900574, -0.000409255881095, 0.00851408578455, -0.000486009288579, -0.00276402733289, -0.000180624556378, -0.000704265374225, -3.12821830448e-05], [8.99367005331e-05, -1.70566017914e-05, 0.0011536795646, -0.00080878980225, -0.00194004736841, 0.00198569428176, -0.00117881048936, -0.000486009288579, 0.00985697843134, -0.00112982222345, -0.00291707506403, 0.000669725821353, -0.000304152694298], [-0.000167534148204, 0.000206409342354, 0.00019120615616, 0.000216378699406, -0.000187596000615, -0.000481668394059, 0.000169282968272, -0.00276402733289, -0.00112982222345, 0.00992435961962, -0.00192848406732, -0.00350271072239, 0.00229516811669], [0.000534396909643, -0.000172882530023, 0.000117237308586, 0.000746356323361, -0.000169943086803, -0.000630507420283, -0.000859089021105, -0.000180624556378, -0.00291707506403, -0.00192848406732, 0.0120409196243, 0.00137878523674, -0.00441019423306], [-0.00015730119776, 2.88656246994e-05, -0.000444165460067, -0.000769979029428, 0.000585424015298, 0.000760968250688, 0.000275392114418, -0.000704265374225, 0.000669725821353, -0.00350271072239, 0.00137878523674, 0.0116335563362, -0.00228998693638], [0.000112467670988, -0.000381565827411, -0.00049364217557, -0.000188492631423, -6.15767712588e-05, 0.000137931405334, -0.00035703976755, -3.12821830448e-05, -0.000304152694298, 0.00229516811669, -0.00441019423306, -0.00228998693638, 0.0115717742592]]
    },
    "spectral_contrast_coeffs": {
        "max": [-0.385359346867, -0.410032749176, -0.452841520309, -0.516059041023, -0.62523239851, -0.426817327738],
        "mean": [-0.696600973606, -0.732393980026, -0.744233489037, -0.795866966248, -0.805212259293, -0.645809471607],
        "min": [-0.905272781849, -0.922591984272, -0.929249405861, -0.905422449112, -0.891466021538, -0.897159337997],
        "stdev": [0.0851335078478, 0.0891717448831, 0.0994619205594, 0.0671305730939, 0.042374715209, 0.0562683232129]
    },
    "spectral_contrast_valleys": {
        "max": [-4.67566108704, -4.77021503448, -5.63558721542, -5.99842977524, -6.16187381744, -8.94663333893],
        "mean": [-6.61420536041, -6.7688369751, -7.55558109283, -7.89319515228, -7.75866794586, -11.7735433578],
        "min": [-9.00105667114, -8.45507907867, -9.37158298492, -9.32553863525, -9.49938964844, -15.6045513153],
        "stdev": [0.798919081688, 0.631431102753, 0.701437830925, 0.609522461891, 0.616837978363, 1.32670593262]
    }
},
"rhythm": {
    "beats_count": 70,
    "beats_loudness": {
        "max": 0.133112668991,
        "mean": 0.0455440580845,
        "min": 0.00793051626533,
        "stdev": 0.0294230040163
    },
    "bpm": 131.975494385,
    "bpm_histogram_first_peak_bpm": 133,
    "bpm_histogram_first_peak_weight": 0.446153879166,
    "bpm_histogram_second_peak_bpm": 120,
    "bpm_histogram_second_peak_spread": 0.333333313465,
    "bpm_histogram_second_peak_weight": 0.0289855077863,
    "danceability": 1.19021010399,
    "onset_rate": 3.87597632408,
    "beats_loudness_band_ratio": {
        "max": [0.924240350723, 0.71628588438, 0.771113753319, 0.671044588089, 0.229559466243, 0.113936245441],
        "mean": [0.430155962706, 0.169095292687, 0.217957913876, 0.132237419486, 0.0568921491504, 0.0321815423667],
        "min": [0.00840920396149, 0.0138054816052, 0.00927352439612, 0.00401240261272, 0.00315000046976, 0.000842416309752],
        "stdev": [0.288017481565, 0.156872615218, 0.19900727272, 0.143947705626, 0.0569198653102, 0.0266340170056]
    },
    "beats_position": [0.49922901392, 1.01006805897, 1.50929701328, 2.00852608681, 2.48453521729, 2.94893407822, 3.40172338486, 3.85451245308, 4.31891155243, 4.77170038223, 5.22448968887, 5.66566896439, 6.13006782532, 6.59446716309, 7.04725599289, 7.50004529953, 7.96444416046, 8.4172334671, 8.87002277374, 9.31120204926, 9.76399040222, 10.2167797089, 10.6811790466, 11.1339683533, 11.5867567062, 12.0395460129, 12.4923353195, 12.9451246262, 13.3979139328, 13.8623123169, 14.3151016235, 14.7678909302, 15.2206802368, 15.6734695435, 16.114648819, 16.5790481567, 17.0434455872, 17.5078449249, 17.9490242004, 18.390203476, 18.8546028137, 19.3073921204, 19.760181427, 20.2245807648, 20.6773700714, 21.1301574707, 21.5829467773, 22.035736084, 22.5001354218, 22.9413146973, 23.3824939728, 23.8468933105, 24.3112926483, 24.7756919861, 25.2400894165, 25.681268692, 26.1340579987, 26.5984573364, 27.0512466431, 27.4924259186, 27.9452152252, 28.3980045319, 28.8507938385, 29.3035831451, 29.7679805756, 30.2207698822, 30.6735591888, 31.1263484955, 31.5791378021, 32.0435371399],
