{
"metadata": {
    "version": {
        "essentia": "2.1-beta5",
        "essentia_git_sha": "Undefined",
        "extractor": "music 2.0"
    },
    "audio_properties": {
        "analysis": {
            "equal_loudness": 0,
            "length": 31.7300682068,
            "sample_rate": 44100,
            "start_time": 146.25088501,
            "downmix": "mix"
        },
        "bit_rate": 192000,
        "length": 178.004180908,
        "lossless": 0,
        "number_channels": 2,
        "replay_gain": 2.24675559998,
        "sample_rate": 48000,
        "codec": "mp3",
        "md5_encoded": "e5e5e6976f941875c6c1ddc134a4402c"
    },
    "tags": {
        "file_name": "Iceland_No Prejudice_Pollapönk.mp3",
        "encoding": ["Lavf58.29.100"]
    }
},
"lowlevel": {
    "average_loudness": 0.962758779526,
    "barkbands_crest": {
        "max": 20.7993602753,
        "mean": 8.43109416962,
        "min": 2.35458421707,
        "stdev": 3.32826924324
    },
    "barkbands_flatness_db": {
        "max": 0.29932102561,
        "mean": 0.166790693998,
        "min": 0.0716239511967,
        "stdev": 0.0387090742588
    },
    "barkbands_kurtosis": {
        "max": 29.3399848938,
        "mean": 1.36575937271,
        "min": -1.61318659782,
        "stdev": 2.50764155388
    },
    "barkbands_skewness": {
        "max": 5.03898620605,
        "mean": 1.13204813004,
        "min": -0.699095547199,
        "stdev": 0.685595154762
    },
    "barkbands_spread": {
        "max": 73.2531509399,
        "mean": 23.9205951691,
        "min": 4.31813716888,
        "stdev": 10.1773338318
    },
    "dissonance": {
        "max": 0.499975144863,
        "mean": 0.476779192686,
        "min": 0.326376497746,
        "stdev": 0.0188855417073
    },
    "dynamic_complexity": 1.79005777836,
    "erbbands_crest": {
        "max": 26.7175827026,
        "mean": 8.31367778778,
        "min": 2.38916015625,
        "stdev": 3.95978331566
    },
    "erbbands_flatness_db": {
        "max": 0.367120474577,
        "mean": 0.207662701607,
        "min": 0.125540614128,
        "stdev": 0.0494265332818
    },
    "erbbands_kurtosis": {
        "max": 10.9100170135,
        "mean": 0.0470576360822,
        "min": -1.56193125248,
        "stdev": 1.10240995884
    },
    "erbbands_skewness": {
        "max": 3.18289732933,
        "mean": 0.392242312431,
        "min": -1.04961705208,
        "stdev": 0.565811932087
    },
    "erbbands_spread": {
        "max": 102.023643494,
        "mean": 35.4502334595,
        "min": 9.53494930267,
        "stdev": 14.639544487
    },
    "hfc": {
        "max": 78.5417251587,
        "mean": 27.1888084412,
        "min": 0.135227486491,
        "stdev": 13.027557373
    },
    "loudness_ebu128": {
        "integrated": -23.6726856232,
        "loudness_range": 1.73705291748,
        "momentary": {
            "max": -21.4467658997,
            "mean": -23.9390945435,
            "min": -31.1540260315,
            "stdev": 1.72846901417
        },
        "short_term": {
            "max": -22.2182331085,
            "mean": -23.5462265015,
            "min": -26.8268489838,
            "stdev": 0.6049477458
        }
    },
    "melbands_crest": {
        "max": 26.4117355347,
        "mean": 12.5778799057,
        "min": 3.58306622505,
        "stdev": 4.15396404266
    },
    "melbands_flatness_db": {
        "max": 0.360855579376,
        "mean": 0.183904916048,
        "min": 0.0740933045745,
        "stdev": 0.043309494853
    },
    "melbands_kurtosis": {
        "max": 73.8499221802,
        "mean": 6.85311365128,
        "min": -1.03336954117,
        "stdev": 7.15548753738
    },
    "melbands_skewness": {
        "max": 7.34912014008,
        "mean": 2.05710220337,
        "min": -0.22754612565,
        "stdev": 1.07395195961
    },
    "melbands_spread": {
        "max": 112.4532547,
        "mean": 25.9974040985,
        "min": 3.26542305946,
        "stdev": 11.4422874451
    },
    "pitch_salience": {
        "max": 0.84914880991,
        "mean": 0.60685801506,
        "min": 0.303364276886,
        "stdev": 0.101200900972
    },
    "silence_rate_20dB": {
        "max": 1,
        "mean": 1,
        "min": 1,
        "stdev": 0
    },
    "silence_rate_30dB": {
        "max": 1,
        "mean": 0.997076034546,
        "min": 0,
        "stdev": 0.0539947897196
    },
    "silence_rate_60dB": {
        "max": 1,
        "mean": 0.000730994157493,
        "min": 0,
        "stdev": 0.0270270202309
    },
    "spectral_centroid": {
        "max": 3049.15991211,
        "mean": 1545.2052002,
        "min": 368.9246521,
        "stdev": 401.264129639
    },
    "spectral_complexity": {
        "max": 56,
        "mean": 29.3172512054,
        "min": 0,
        "stdev": 8.52833938599
    },
    "spectral_decrease": {
        "max": -2.53724905669e-11,
        "mean": -9.14420184017e-09,
        "min": -3.94615682353e-08,
        "stdev": 5.91165560948e-09
    },
    "spectral_energy": {
        "max": 0.153194874525,
        "mean": 0.0369784496725,
        "min": 0.000108027161332,
        "stdev": 0.0231074560434
    },
    "spectral_energyband_high": {
        "max": 0.00629784911871,
        "mean": 0.00110978470184,
        "min": 2.54076485362e-06,
        "stdev": 0.000869880605023
    },
    "spectral_energyband_low": {
        "max": 0.121213719249,
        "mean": 0.0141319213435,
        "min": 3.53408080578e-09,
        "stdev": 0.0171210244298
    },
    "spectral_energyband_middle_high": {
        "max": 0.0446896255016,
        "mean": 0.00840815156698,
        "min": 6.4932864916e-05,
        "stdev": 0.00534242531285
    },
    "spectral_energyband_middle_low": {
        "max": 0.0716382935643,
        "mean": 0.015165370889,
        "min": 4.49348663096e-05,
        "stdev": 0.0111273080111
    },
    "spectral_entropy": {
        "max": 8.30269050598,
        "mean": 7.76482200623,
        "min": 6.72337913513,
        "stdev": 0.182656630874
    },
    "spectral_flux": {
        "max": 0.316678524017,
        "mean": 0.115224547684,
        "min": 0.0326815620065,
        "stdev": 0.0484340116382
    },
    "spectral_kurtosis": {
        "max": 17.6105690002,
        "mean": 1.76299798489,
        "min": -1.05010223389,
        "stdev": 1.68711042404
    },
    "spectral_rms": {
        "max": 0.0122253187001,
        "mean": 0.00571889989078,
        "min": 0.000324641878251,
        "stdev": 0.00183595204726
    },
    "spectral_rolloff": {
        "max": 7407.421875,
        "mean": 1503.78210449,
        "min": 129.19921875,
        "stdev": 853.026916504
    },
    "spectral_skewness": {
        "max": 3.09384155273,
        "mean": 0.930657744408,
        "min": 0.217586055398,
        "stdev": 0.262822002172
    },
    "spectral_spread": {
        "max": 10810685,
        "mean": 3552602.25,
        "min": 2144202,
        "stdev": 733461.625
    },
    "spectral_strongpeak": {
        "max": 7.08234500885,
        "mean": 0.893097281456,
        "min": 0,
        "stdev": 1.04933226109
    },
    "zerocrossingrate": {
        "max": 0.1806640625,
        "mean": 0.0611040443182,
        "min": 0.01513671875,
        "stdev": 0.01797487773
    },
    "barkbands": {
        "max": [0.0189120545983, 0.101535014808, 0.046676337719, 0.0256594568491, 0.0351020209491, 0.0356341712177, 0.0281003639102, 0.0255797263235, 0.0604695491493, 0.0378148071468, 0.0121161807328, 0.0138112837449, 0.00983529631048, 0.0129005154595, 0.0108050275594, 0.0076520126313, 0.00532779470086, 0.00331914750859, 0.00287579814903, 0.00233630160801, 0.00218665669672, 0.00264903833158, 0.00225066114217, 0.00165083503816, 2.28272656386e-05, 4.49819754067e-06, 4.55674216937e-06],
        "mean": [0.000836321734823, 0.00754998112097, 0.00415099412203, 0.00269730808213, 0.00252447300591, 0.00246370094828, 0.00126241031103, 0.00168430281337, 0.00389539566822, 0.00220422307029, 0.000963962054811, 0.00101241155062, 0.000775978376623, 0.00086356542306, 0.000860480184201, 0.000599537510425, 0.000509506789967, 0.00044537204667, 0.000390279543353, 0.00036110682413, 0.00035410647979, 0.000275812926702, 0.000208877114346, 8.78082064446e-05, 5.38162112207e-07, 4.78931072578e-09, 4.86960827217e-09],
        "min": [3.8508713579e-11, 4.38107716771e-10, 2.31998031897e-10, 3.38682693002e-10, 6.09096559856e-07, 1.30903231366e-07, 5.49937681171e-07, 3.87681029679e-06, 3.00696701743e-05, 1.82344138011e-05, 2.12614713746e-06, 6.32769251752e-06, 4.4419475671e-06, 1.99134956347e-05, 4.07623292631e-06, 2.48434162131e-06, 1.37920551424e-06, 2.9218238069e-06, 1.12816337605e-06, 6.29354303783e-07, 6.4187179305e-07, 9.39060441851e-07, 4.41095380666e-07, 1.48880718864e-09, 1.28041313663e-10, 1.85083268156e-10, 2.23665155841e-10],
        "stdev": [0.00180548673961, 0.0119957430288, 0.00621420936659, 0.00335223670118, 0.00343582290225, 0.0044367518276, 0.00235352152959, 0.00258928141557, 0.00619783159345, 0.00301112816669, 0.00138214614708, 0.00133751996327, 0.000834615377244, 0.00106031459291, 0.00111225084402, 0.000651912763715, 0.0005356464535, 0.000372462905943, 0.000320308899973, 0.00029662324232, 0.000288298062515, 0.000261452485574, 0.000259954598732, 0.000163339092978, 1.43358829519e-06, 1.21549575738e-07, 1.23128145901e-07]
    },
    "erbbands": {
        "max": [2.91046404839, 23.0276260376, 50.0768165588, 79.3505477905, 99.1686172485, 104.741294861, 389.877960205, 330.627593994, 366.887573242, 437.790222168, 723.353515625, 1853.13208008, 1310.1907959, 1490.36193848, 461.462219238, 526.113708496, 491.27154541, 716.32019043, 492.875488281, 442.290344238, 509.963012695, 313.071929932, 177.477722168, 122.67124176, 185.777420044, 126.102119446, 121.181907654, 85.2075805664, 95.6372528076, 92.4565353394, 57.217716217, 60.5597267151, 17.1508598328, 1.1413911581, 0.0357998907566, 0.0184722747654, 0.00826337281615, 0.00287959654815, 0.000654325122014, 0.000171332387254],
        "mean": [0.21131709218, 1.72415339947, 4.57973814011, 8.11590862274, 6.71405506134, 7.78145980835, 20.1609020233, 16.9169635773, 16.5510730743, 22.0500011444, 50.4066619873, 86.2595291138, 75.8359985352, 69.4907226562, 37.2966308594, 42.9113540649, 37.0728416443, 44.632598877, 49.2436943054, 33.2175559998, 33.8329200745, 28.3994140625, 26.9187431335, 19.997379303, 19.0532131195, 17.2137184143, 16.3545436859, 11.7600622177, 9.99780750275, 8.48346233368, 5.50535440445, 2.98067116737, 0.78281390667, 0.0468228273094, 0.00172365724575, 0.000205396892852, 5.47986564925e-05, 1.62989945238e-05, 2.30623536481e-05, 4.46186750196e-05],
        "min": [4.55503048613e-08, 2.16881161919e-07, 9.6898531865e-07, 1.01860568975e-05, 0.000169542530784, 0.00198937603272, 0.00163685844745, 0.00105384201743, 0.00620200298727, 0.0186994485557, 0.184997916222, 0.695399045944, 0.8660120368, 0.336737364531, 0.193150803447, 0.239991590381, 0.209263890982, 0.618159532547, 0.798474192619, 0.103319123387, 0.137736290693, 0.0950760990381, 0.13837467134, 0.121385872364, 0.0293039157987, 0.0329020731151, 0.0293519496918, 0.0270954091102, 0.0306478627026, 0.0233365446329, 0.0140592902899, 0.00397847406566, 0.00053982634563, 7.50609033275e-05, 1.88347057701e-05, 7.89102159615e-06, 3.28388159687e-06, 1.31059368869e-06, 1.96762903215e-06, 3.85493990507e-07],
        "stdev": [0.381809562445, 2.68932199478, 6.67335796356, 9.45208263397, 8.74797058105, 10.5316848755, 40.8360710144, 34.1561660767, 30.7505760193, 39.6964797974, 72.3790054321, 142.707122803, 128.360519409, 103.663085938, 46.5619430542, 52.8750762939, 38.1134643555, 55.4415893555, 52.4133453369, 39.4138717651, 36.5116348267, 28.2678890228, 21.5637893677, 15.4788503647, 15.7806930542, 14.5281219482, 14.728055954, 9.12388420105, 9.28149604797, 9.88530063629, 6.87955188751, 5.46107006073, 1.4916973114, 0.0943002179265, 0.00317236967385, 0.000560780812521, 0.000227067357628, 7.84295407357e-05, 2.10306807276e-05, 2.62162084255e-05]
    },
    "gfcc": {
        "mean": [0.306680798531, 134.214508057, -182.35975647, 59.9039497375, -74.2220153809, 16.5513744354, -8.3292722702, -14.0702486038, 11.7580528259, -25.9944629669, 2.09183526039, -19.1095428467, -2.50491642952],
        "cov": [[2627.13769531, 759.490356445, 1460.05517578, 1074.39013672, 261.744903564, 364.739837646, -296.600128174, 42.1945343018, -116.047523499, 64.5530319214, 173.371109009, -35.7154884338, 175.963699341], [759.490356445, 760.426818848, 667.549316406, 431.648223877, 318.621856689, 98.4099197388, 98.9050750732, -23.7500457764, 11.8373346329, 7.0066485405, 41.7580184937, -7.07386875153, 32.3057060242], [1460.05517578, 667.549316406, 1344.01867676, 881.371826172, 224.664520264, 269.573150635, -246.571182251, -32.5841903687, -100.396911621, 28.2044315338, 99.0563278198, -18.6666259766, 120.674575806], [1074.39013672, 431.648223877, 881.371826172, 679.464904785, 194.124481201, 192.213485718, -174.983444214, -28.7118396759, -72.7576828003, 35.6151847839, 74.0537490845, -20.998254776, 89.7724227905], [261.744903564, 318.621856689, 224.664520264, 194.124481201, 263.945465088, 106.299629211, 136.681060791, 26.9276065826, 28.4758052826, 13.3974847794, 3.02341461182, -8.61295700073, -1.33500170708], [364.739837646, 98.4099197388, 269.573150635, 192.213485718, 106.299629211, 208.601043701, 50.8847999573, 51.2970962524, -23.1354808807, 12.8740539551, 20.0973930359, -19.3849964142, 15.2397842407], [-296.600128174, 98.9050750732, -246.571182251, -174.983444214, 136.681060791, 50.8847999573, 358.396636963, 81.8677444458, 75.8095932007, 2.47471213341, -36.5656204224, -1.83465969563, -67.2150421143], [42.1945343018, -23.7500457764, -32.5841903687, -28.7118396759, 26.9276065826, 51.2970962524, 81.8677444458, 101.633346558, 48.3610992432, 13.0236387253, 4.98777151108, -2.29423117638, -6.57689905167], [-116.047523499, 11.8373346329, -100.396911621, -72.7576828003, 28.4758052826, -23.1354808807, 75.8095932007, 48.3610992432, 99.307434082, 30.0407028198, -1.08444643021, 16.861656189, -16.1839427948], [64.5530319214, 7.0066485405, 28.2044315338, 35.6151847839, 13.3974847794, 12.8740539551, 2.47471213341, 13.0236387253, 30.0407028198, 59.286655426, 32.5610771179, 8.2050819397, 9.00391292572], [173.371109009, 41.7580184937, 99.0563278198, 74.0537490845, 3.02341461182, 20.0973930359, -36.5656204224, 4.98777151108, -1.08444643021, 32.5610771179, 59.5238304138, 23.2280902863, 26.0678863525], [-35.7154884338, -7.07386875153, -18.6666259766, -20.998254776, -8.61295700073, -19.3849964142, -1.83465969563, -2.29423117638, 16.861656189, 8.2050819397, 23.2280902863, 59.4935874939, 19.699924469], [175.963699341, 32.3057060242, 120.674575806, 89.7724227905, -1.33500170708, 15.2397842407, -67.2150421143, -6.57689905167, -16.1839427948, 9.00391292572, 26.0678863525, 19.699924469, 71.1422119141]],
        "icov": [[0.00173470482696, -0.00241799280047, 0.00139455683529, -0.00251405197196, 0.00186394609045, -0.00182284542825, 0.00180113851093, -0.0031225217972, 0.00134969234932, -0.00076064321911, -8.35100363474e-05, -0.000321878673276, -2.41752968577e-05], [-0.00241799280047, 0.0158264543861, -0.0111645692959, 0.00664877938107, -0.0113853914663, 0.0112440725788, -0.0111347660422, 0.0123217171058, -0.00786794535816, 0.0100057851523, -0.0120931742713, 0.00816753786057, -0.00354820280336], [0.00139455683529, -0.0111645692959, 0.0135341361165, -0.0116516388953, 0.00909241940826, -0.00945368595421, 0.00802571885288, -0.00793688651174, 0.00389480381273, -0.00390653731301, 0.00763408560306, -0.00666480604559, 0.00283961091191], [-0.00251405197196, 0.00664877938107, -0.0116516388953, 0.0196543242782, -0.0114728501067, 0.00371709698811, -0.00086217536591, 0.00686378683895, -0.000478084111819, -0.00188018928748, -0.00393265206367, 0.00524528743699, -0.00291202915832], [0.00186394609045, -0.0113853914663, 0.00909241940826, -0.0114728501067, 0.0197589192539, -0.00923088844866, 0.0015367763117, -0.00583834899589, 0.000741780619137, -0.0041111218743, 0.00883397366852, -0.00545706599951, 0.00183774204925], [-0.00182284542825, 0.0112440725788, -0.00945368595421, 0.00371709698811, -0.00923088844866, 0.0198426432908, -0.0105036031455, 0.00140301929787, 0.00161813537125, 0.00370459491387, -0.00761841144413, 0.00628703366965, -0.00252010766417], [0.00180113851093, -0.0111347660422, 0.00802571885288, -0.00086217536591, 0.0015367763117, -0.0105036031455, 0.0170546323061, -0.0117864720523, 0.00575678562745, -0.00859551038593, 0.0103356754407, -0.00766209000722, 0.00611013406888], [-0.0031225217972, 0.0123217171058, -0.00793688651174, 0.00686378683895, -0.00583834899589, 0.00140301929787, -0.0117864720523, 0.0320469141006, -0.0197812672704, 0.0134135605767, -0.0146441077814, 0.0113442437723, -0.00562672596425], [0.00134969234932, -0.00786794535816, 0.00389480381273, -0.000478084111819, 0.000741780619137, 0.00161813537125, 0.00575678562745, -0.0197812672704, 0.0314368829131, -0.0220633652061, 0.0156195303425, -0.0127275800332, 0.00525376666337], [-0.00076064321911, 0.0100057851523, -0.00390653731301, -0.00188018928748, -0.0041111218743, 0.00370459491387, -0.00859551038593, 0.0134135605767, -0.0220633652061, 0.0442573241889, -0.0314390510321, 0.0135446665809, -0.00426615448669], [-8.35100363474e-05, -0.0120931742713, 0.00763408560306, -0.00393265206367, 0.00883397366852, -0.00761841144413, 0.0103356754407, -0.0146441077814, 0.0156195303425, -0.0314390510321, 0.0529634989798, -0.0235496740788, 0.00256688240916], [-0.000321878673276, 0.00816753786057, -0.00666480604559, 0.00524528743699, -0.00545706599951, 0.00628703366965, -0.00766209000722, 0.0113442437723, -0.0127275800332, 0.0135446665809, -0.0235496740788, 0.0334154181182, -0.0110996412113], [-2.41752968577e-05, -0.00354820280336, 0.00283961091191, -0.00291202915832, 0.00183774204925, -0.00252010766417, 0.00611013406888, -0.00562672596425, 0.00525376666337, -0.00426615448669, 0.00256688240916, -0.0110996412113, 0.0242804605514]]
    },
    "melbands": {
        "max": [0.0265208333731, 0.0235164389014, 0.011728592217, 0.00740363076329, 0.0103464750573, 0.00720525486395, 0.0060245222412, 0.00429846113548, 0.00580029981211, 0.0112381847575, 0.00631324062124, 0.00646974006668, 0.00151328020729, 0.00193515629508, 0.000925620202906, 0.00115041632671, 0.00137505400926, 0.000895869277883, 0.00107050628867, 0.00056354951812, 0.000812127778772, 0.000279886357021, 0.000322226522258, 0.000142139469972, 0.000108175947389, 0.000133992842166, 9.61912664934e-05, 7.56371227908e-05, 0.000106444706034, 4.78227448184e-05, 5.04628624185e-05, 5.00970818393e-05, 5.50096192455e-05, 5.55640654056e-05, 3.78968870791e-05, 4.81174647575e-05, 3.42361126968e-05, 1.45816493387e-05, 3.90745981349e-06, 1.98549187758e-07],
        "mean": [0.00206588883884, 0.00237907539122, 0.00131389242597, 0.000499685877003, 0.000621696992312, 0.000396166462451, 0.00026237158454, 0.000247336225584, 0.000448199833045, 0.000559991574846, 0.000367806322174, 0.000285369576886, 0.000128942236188, 0.000115361057397, 9.1346919362e-05, 8.02701179055e-05, 8.12728976598e-05, 7.78258327045e-05, 5.83524015383e-05, 3.76077441615e-05, 3.93395494029e-05, 2.66809493041e-05, 3.19636092172e-05, 1.94770600501e-05, 1.55690104293e-05, 1.5011517462e-05, 1.25676424432e-05, 1.0809361811e-05, 1.10318878797e-05, 8.02184149507e-06, 6.32666706224e-06, 5.67912184124e-06, 5.19738432558e-06, 4.5204651542e-06, 3.33448110723e-06, 2.39881978814e-06, 1.58649424975e-06, 6.56174449887e-07, 1.21695833855e-07, 2.35526331771e-09],
        "min": [1.84166168427e-10, 2.08997374962e-10, 4.81371920102e-09, 1.04896251685e-07, 6.21613409635e-08, 2.68839634998e-08, 9.82077636991e-08, 2.50498260357e-07, 1.95055281438e-06, 4.56662883153e-06, 3.29190334014e-06, 1.53081100507e-06, 4.37798661324e-07, 8.09451535133e-07, 5.9754574977e-07, 2.91094011118e-07, 1.37321148941e-06, 1.70547627931e-06, 1.21380978158e-07, 1.11519078416e-07, 1.76327290546e-07, 9.6384859205e-08, 9.93508209035e-08, 1.37804988753e-07, 9.69458824329e-08, 2.55872318888e-08, 1.48647680831e-08, 2.17721822793e-08, 2.17925499868e-08, 1.27735262367e-08, 1.59106186004e-08, 1.80761183799e-08, 1.67340168389e-08, 1.02076365138e-08, 1.07215463174e-08, 2.36729857939e-09, 3.56240002775e-11, 1.81142221448e-12, 7.54661686874e-13, 9.78133481329e-13],
        "stdev": [0.00338680786081, 0.00319262268022, 0.00145518500358, 0.000631657603662, 0.00117975100875, 0.000760716036893, 0.000479556270875, 0.000407868472394, 0.000631776347291, 0.000939756515436, 0.000632402545307, 0.0004491674772, 0.000180125323823, 0.000158870476298, 0.000104131693661, 8.73789394973e-05, 0.000106049184978, 8.44647001941e-05, 8.73070821399e-05, 4.3856940465e-05, 4.65070697828e-05, 2.76543578366e-05, 3.41569066222e-05, 1.64640114235e-05, 1.31227661768e-05, 1.33853372972e-05, 1.10492164822e-05, 9.91647630144e-06, 1.12727921078e-05, 6.74358034303e-06, 5.30107172381e-06, 5.2849632084e-06, 5.61333899896e-06, 5.69382018512e-06, 4.04902084483e-06, 4.15759996031e-06, 3.03346496366e-06, 1.26547081436e-06, 2.83909798782e-07, 1.0023017083e-08]
    },
    "melbands128": {
        "max": [0.013406525366, 0.0229685083032, 0.0392421968281, 0.0385931804776, 0.0279478505254, 0.0219958033413, 0.0185800418258, 0.0128250978887, 0.0113556692377, 0.00932605750859, 0.00629523117095, 0.0126013401896, 0.0185565128922, 0.0125412223861, 0.00968687329441, 0.0146832671016, 0.00621669460088, 0.0110865253955, 0.00767284352332, 0.00798243749887, 0.00413841474801, 0.0102667473257, 0.00990047678351, 0.0160364005715, 0.020665962249, 0.0127650666982, 0.0180408265442, 0.00573854055256, 0.00582687743008, 0.0105586498976, 0.00736547494307, 0.00378368375823, 0.00285717356019, 0.00257563497871, 0.00404296535999, 0.00260325986892, 0.00207996112294, 0.00187397969421, 0.00223757559434, 0.0022848311346, 0.00144117209129, 0.00252941553481, 0.00317291473038, 0.00113095238339, 0.00182188418694, 0.00191451900173, 0.00147147395182, 0.00214362074621, 0.00142869644333, 0.000625745393336, 0.000859950436279, 0.000777811510488, 0.00106841383968, 0.00191672402434, 0.000440747622633, 0.000350866001099, 0.000854923215229, 0.000762603245676, 0.000471650710097, 0.000274968799204, 0.00025056686718, 0.000244548660703, 0.000229673678405, 0.000172085361555, 0.000193528074306, 0.000162868382176, 0.000239581160713, 0.000209242687561, 0.000114473419671, 0.000310918258037, 0.000144998004544, 0.000123996840557, 0.000159370451001, 0.000239597866312, 9.03849067981e-05, 9.8760065157e-05, 7.8753917478e-05, 7.58623937145e-05, 7.1723741712e-05, 5.15999636264e-05, 6.71343514114e-05, 6.37140183244e-05, 6.09725648246e-05, 6.07070214755e-05, 5.96309037064e-05, 0.000114047128591, 7.14100897312e-05, 6.39427671558e-05, 4.03689045925e-05, 3.66706626664e-05, 5.27258889633e-05, 6.73825197737e-05, 7.25321442587e-05, 4.70685299661e-05, 3.15078068525e-05, 1.58544753504e-05, 1.29026057039e-05, 1.23041309052e-05, 4.35639412899e-06, 1.07561118057e-06, 5.75680701331e-07, 7.25959949932e-08, 4.58394033842e-08, 4.25472990173e-08, 3.98132300461e-08, 3.74850479545e-08, 3.53002462816e-08, 3.3409154554e-08, 3.15554942176e-08, 2.99757445532e-08, 2.86056103249e-08, 2.72773839072e-08, 2.61189345707e-08, 2.49071838709e-08, 2.39681572367e-08, 2.30912249322e-08, 2.23001581645e-08, 2.15825597394e-08, 2.07955022091e-08, 2.0271334833e-08, 1.96589091672e-08, 1.91994136145e-08, 1.87639983551e-08, 1.84271069514e-08, 1.81058936732e-08, 1.78866343958e-08, 1.77501977561e-08, 1.76318142309e-08],
        "mean": [0.000627825676929, 0.00156460411381, 0.00277630449273, 0.00284587917849, 0.00241404445842, 0.00199600658379, 0.00182400655467, 0.00108593306504, 0.000575228943489, 0.000531015859451, 0.000344844796928, 0.00052513112314, 0.000833698199131, 0.000576304504648, 0.000349998823367, 0.000352601840859, 0.000237638683757, 0.000253328646068, 0.00027609418612, 0.000241860558162, 0.000195493688807, 0.000357438984793, 0.000505871081259, 0.0004881741188, 0.000604356697295, 0.000536099483725, 0.000584469002206, 0.000301345658954, 0.0002279751061, 0.000375336385332, 0.000288495939458, 0.000150829961058, 0.000135543145007, 8.6189043941e-05, 0.00010838414164, 0.000130312531837, 0.000126031663967, 7.62298877817e-05, 8.40993016027e-05, 8.08278055047e-05, 6.87810461386e-05, 9.60570250754e-05, 9.17332508834e-05, 6.52947128401e-05, 6.93317997502e-05, 8.29544151202e-05, 8.81992382347e-05, 6.40341313556e-05, 4.33694985986e-05, 3.64526640624e-05, 3.65138075722e-05, 3.5500535887e-05, 5.10512982146e-05, 3.57400567736e-05, 2.64302871074e-05, 2.0932244297e-05, 2.94872352242e-05, 4.18666859332e-05, 2.98893282888e-05, 2.03129602596e-05, 2.15154323087e-05, 1.58466027642e-05, 1.42880717249e-05, 1.59423179866e-05, 1.69865652424e-05, 1.54157933139e-05, 1.35402406158e-05, 1.28158617372e-05, 1.16719511425e-05, 1.34761312438e-05, 1.09237489596e-05, 8.90608589543e-06, 1.135952607e-05, 1.2802072888e-05, 8.77308775671e-06, 8.06338994153e-06, 7.92920491222e-06, 6.59201896269e-06, 6.30749582342e-06, 5.7388415371e-06, 5.75001968173e-06, 5.61542128708e-06, 5.52935216547e-06, 5.13573104399e-06, 4.93374136568e-06, 4.92857634526e-06, 4.3849913709e-06, 3.74107435164e-06, 3.35918207384e-06, 3.06046558762e-06, 2.43371073338e-06, 2.33108153225e-06, 2.08899496101e-06, 1.61683431088e-06, 1.33077821829e-06, 8.65700314989e-07, 5.19108823482e-07, 3.17282029982e-07, 1.18606244826e-07, 2.20062794654e-08, 2.77176037677e-09, 4.22271773104e-10, 5.77689875103e-11, 4.34472631483e-11, 4.09802677903e-11, 3.94600636888e-11, 3.91793368582e-11, 3.8217286974e-11, 3.3224270557e-11, 3.11118422691e-11, 2.98344127181e-11, 2.85937801214e-11, 2.74271473588e-11, 2.62332499473e-11, 2.53149098906e-11, 2.44669996069e-11, 2.37262293146e-11, 2.30501728815e-11, 2.23348197576e-11, 2.17622361104e-11, 2.11375691256e-11, 2.06947098347e-11, 2.031655226e-11, 1.99057801492e-11, 1.92034790847e-11, 1.82994331493e-11, 1.77903559939e-11, 1.762583135e-11],
        "min": [3.21564858075e-11, 2.51395543271e-10, 9.45648906403e-11, 1.98968896914e-11, 6.09275685459e-11, 1.19329643389e-10, 1.91844679032e-10, 1.27855726006e-10, 7.39098471314e-09, 1.46563987613e-08, 4.60716194084e-08, 2.88017858452e-08, 1.75925922719e-08, 2.1295818442e-08, 5.84448578422e-09, 3.37533094807e-08, 8.11787117527e-08, 1.10260359065e-07, 1.21266410247e-07, 1.20898761224e-07, 2.6332526204e-07, 6.55664621263e-07, 1.35993582262e-06, 2.84889711111e-06, 1.49382788095e-06, 1.9059900751e-06, 9.68315561067e-08, 7.63985667618e-07, 7.31405464194e-07, 2.24244740821e-06, 4.28397783026e-07, 7.16483228302e-08, 5.44682023929e-08, 2.47867632197e-07, 2.36505059092e-07, 3.69349322682e-07, 3.45264908219e-07, 2.5413783078e-07, 8.55987138948e-08, 1.90889508644e-07, 1.45002218233e-07, 8.55907487107e-08, 3.96770872158e-07, 2.53694651065e-07, 1.1609522943e-07, 9.21921696317e-07, 3.08456435505e-07, 2.01220125007e-08, 3.42229284911e-08, 1.78541100126e-07, 5.61790685083e-08, 4.82893796061e-08, 2.57434493278e-07, 1.79652900556e-07, 1.11095872057e-07, 1.18303795205e-07, 5.13106321876e-08, 6.70924862334e-08, 1.32338584535e-07, 1.18505354862e-07, 1.69221408441e-07, 8.50705319522e-08, 1.98483874669e-07, 4.33288178669e-08, 5.15778673105e-08, 2.14524433773e-08, 2.21680540591e-08, 3.02379854489e-09, 1.04144950441e-08, 3.39513235303e-08, 2.06767598598e-08, 1.64055631302e-08, 2.49688110188e-08, 2.78393024189e-08, 1.14519043137e-08, 7.7094872708e-09, 1.48643204412e-08, 2.03610834859e-08, 1.02968353843e-08, 1.93494908984e-08, 1.84814332727e-08, 2.25221103989e-08, 9.11479514087e-09, 1.8108043065e-08, 2.14415809552e-08, 8.63441940169e-09, 8.64170690562e-09, 7.38171124226e-09, 1.86432007609e-08, 4.46491066342e-09, 2.19751594699e-09, 1.77012315916e-09, 9.26308058036e-11, 7.9414625917e-12, 1.55660337051e-12, 1.7856188533e-12, 1.13889897947e-12, 8.11855899348e-13, 6.69356009422e-13, 4.31616737793e-13, 7.4958903017e-13, 8.18165684941e-13, 6.38835772476e-13, 6.37278803946e-13, 7.1161045806e-13, 6.48423101237e-13, 6.35446719115e-13, 5.53192257627e-13, 7.30480996872e-13, 7.24423179863e-13, 6.51978471211e-13, 7.96855745451e-13, 8.21738727411e-13, 6.85847212356e-13, 6.64747933348e-13, 6.12280788136e-13, 6.13501328732e-13, 7.04946029936e-13, 8.28819651799e-13, 7.99775772952e-13, 5.86617885344e-13, 7.19979089368e-13, 7.27040172857e-13, 7.13180924906e-13, 4.68334735142e-13, 2.51044953055e-13, 3.56458806428e-14, 9.26474790949e-16],
        "stdev": [0.00132225570269, 0.00304949027486, 0.00517092784867, 0.00442146509886, 0.00371471163817, 0.00293183117174, 0.00222380808555, 0.00143911177292, 0.000934934883844, 0.000804311304819, 0.000553427729756, 0.00111942330841, 0.00192811130546, 0.00123421789613, 0.00081880169455, 0.00112874794286, 0.000591084302869, 0.000631177215837, 0.00063196674455, 0.000627141213045, 0.000345063250279, 0.000680895056576, 0.000944336527027, 0.000933683943003, 0.00136018055491, 0.00118780008052, 0.00158342870418, 0.000588005350437, 0.000394455884816, 0.000758150476031, 0.000543216359802, 0.000269557407591, 0.000282294640783, 0.000154363413458, 0.000248098018346, 0.000218120825593, 0.000210278085433, 0.000142461474752, 0.000124510363094, 0.000129131556605, 9.91709457594e-05, 0.000175948051037, 0.000176288871444, 9.28479494178e-05, 0.000116788345622, 0.000118903742987, 0.0001387365337, 0.000154491630383, 8.65025212988e-05, 5.06499563926e-05, 6.1261576775e-05, 5.25743271282e-05, 7.79854744906e-05, 6.58322824165e-05, 3.39185498888e-05, 2.73939767794e-05, 5.57021703571e-05, 6.31696893834e-05, 4.07644511142e-05, 2.31565809372e-05, 2.56363800872e-05, 2.04373263841e-05, 1.54741592269e-05, 1.74345204869e-05, 2.05343603739e-05, 1.66535082826e-05, 1.63704735314e-05, 1.67372545548e-05, 1.27115117721e-05, 1.87984969671e-05, 1.38680134114e-05, 1.09719794636e-05, 1.48126819113e-05, 1.77696492756e-05, 1.01517789517e-05, 9.20146885619e-06, 8.4470029833e-06, 6.82616791892e-06, 7.02508395989e-06, 5.50401910004e-06, 6.00498560743e-06, 6.30017348158e-06, 6.42960594632e-06, 6.29437226962e-06, 5.95511437496e-06, 7.57255611461e-06, 6.28580392004e-06, 4.95709900861e-06, 4.30400041296e-06, 4.2258971007e-06, 4.03524563808e-06, 4.82864697915e-06, 4.52488939118e-06, 3.29577187586e-06, 2.63832680503e-06, 1.66165011706e-06, 1.14005661089e-06, 8.23067978217e-07, 3.03147771774e-07, 6.00362639602e-08, 2.07014601017e-08, 2.92484414466e-09, 1.25167953779e-09, 1.14971998588e-09, 1.075871503e-09, 1.01293484711e-09, 9.54161749611e-10, 9.03338848168e-10, 8.52682091601e-10, 8.09994182838e-10, 7.72968966611e-10, 7.37075289692e-10, 7.05771330267e-10, 6.73026523401e-10, 6.47652598218e-10, 6.23953333445e-10, 6.02576044617e-10, 5.83183445979e-10, 5.61913737762e-10, 5.47750012014e-10, 5.3120152721e-10, 5.18784515346e-10, 5.07017650087e-10, 4.97915320086e-10, 4.89245643998e-10, 4.83339201995e-10, 4.7966275396e-10, 4.76464978583e-10]
    },
    "mfcc": {
        "mean": [-607.766235352, 128.810501099, -37.9925041199, 36.0796890259, -29.2840118408, 29.4930324554, -19.3350086212, 27.2808265686, -9.64486503601, 22.1065864563, -9.95508575439, 10.7607307434, -14.038769722],
        "cov": [[2161.81079102, 131.528823853, 1210.70849609, 551.175170898, 701.70489502, 181.564407349, 209.00088501, -91.242477417, -39.8034515381, 4.78927898407, -104.996902466, 92.6453475952, 27.0890102386], [131.528823853, 619.605407715, 108.003807068, 307.36138916, 66.1294403076, 201.522949219, 100.403770447, 129.903167725, 42.981010437, 81.2594604492, 32.0849494934, 12.74330616, 25.3599662781], [1210.70849609, 108.003807068, 1325.27600098, 524.14642334, 655.374755859, 180.638320923, 121.990478516, -126.263168335, -78.2355499268, -63.7996635437, -128.170974731, 57.8310012817, -8.89391803741], [551.175170898, 307.36138916, 524.14642334, 455.371154785, 307.110229492, 194.089767456, 76.7326812744, -1.29016411304, -18.1394538879, 29.3566894531, -51.6309165955, 37.1921882629, 8.52896976471], [701.70489502, 66.1294403076, 655.374755859, 307.110229492, 457.883544922, 107.758392334, 83.3741989136, -73.6452026367, -14.7906827927, -30.1717147827, -57.5848617554, 17.0132198334, 14.4790458679], [181.564407349, 201.522949219, 180.638320923, 194.089767456, 107.758392334, 213.959747314, 108.732032776, 69.3987960815, 17.9172477722, 57.8369102478, -8.13270664215, 33.610042572, -10.1351575851], [209.00088501, 100.403770447, 121.990478516, 76.7326812744, 83.3741989136, 108.732032776, 184.113998413, 64.8101730347, 52.2186775208, 35.356552124, 21.6802787781, 17.8389110565, -1.24455070496], [-91.242477417, 129.903167725, -126.263168335, -1.29016411304, -73.6452026367, 69.3987960815, 64.8101730347, 157.946044922, 61.7205047607, 68.9128265381, 46.1123886108, 7.27964258194, 6.28962421417], [-39.8034515381, 42.981010437, -78.2355499268, -18.1394538879, -14.7906827927, 17.9172477722, 52.2186775208, 61.7205047607, 93.812286377, 45.2080154419, 42.9886703491, -3.28328037262, 22.2172203064], [4.78927898407, 81.2594604492, -63.7996635437, 29.3566894531, -30.1717147827, 57.8369102478, 35.356552124, 68.9128265381, 45.2080154419, 104.413543701, 31.1733646393, 24.7989845276, -3.19990205765], [-104.996902466, 32.0849494934, -128.170974731, -51.6309165955, -57.5848617554, -8.13270664215, 21.6802787781, 46.1123886108, 42.9886703491, 31.1733646393, 96.9202651978, 3.31068944931, 32.6469078064], [92.6453475952, 12.74330616, 57.8310012817, 37.1921882629, 17.0132198334, 33.610042572, 17.8389110565, 7.27964258194, -3.28328037262, 24.7989845276, 3.31068944931, 67.486114502, 9.3432598114], [27.0890102386, 25.3599662781, -8.89391803741, 8.52896976471, 14.4790458679, -10.1351575851, -1.24455070496, 6.28962421417, 22.2172203064, -3.19990205765, 32.6469078064, 9.3432598114, 78.6717529297]],
        "icov": [[0.00121726014186, 7.77321329224e-05, -0.000529055367224, -0.000360989099136, -0.000877160171513, 0.000995659735054, -0.00108810164966, -0.000100865356217, 0.000713672547136, -0.00105289719068, 0.000486131961225, -0.000533375947271, -0.000567072303966], [7.77321329224e-05, 0.00410256395116, 0.000335493561579, -0.00390026625246, 0.00127388583496, -0.000917854602449, -0.000435680442024, -0.00174477568362, 0.000159760602401, 0.000180613511475, -0.00120247504674, 0.00153518514708, -0.000829662370961], [-0.000529055367224, 0.000335493561579, 0.00363349006511, -0.00148489198182, -0.00324041163549, 8.49785283208e-05, -0.000340398721164, -0.000224346105824, 0.000971863861196, 0.00152270833496, 0.000361170503311, -0.00142202910502, 0.00107213167939], [-0.000360989099136, -0.00390026625246, -0.00148489198182, 0.0109051698819, -0.00310171605088, -0.00404918752611, 0.00222752569243, 0.00133468466811, 0.0010274873348, -0.00219130516052, 0.00209308462217, -0.000524245144334, -0.00117644562852], [-0.000877160171513, 0.00127388583496, -0.00324041163549, -0.00310171605088, 0.0108325853944, -0.00149725505617, -0.000722706841771, 0.00275175482966, -0.0035483755637, 0.0012677750783, -0.000531058874913, 0.00297282566316, -0.00163570570294], [0.000995659735054, -0.000917854602449, 8.49785283208e-05, -0.00404918752611, -0.00149725505617, 0.0143389748409, -0.00571408448741, -0.00343541358598, 0.00297013856471, -0.00353186693974, 0.00207525584847, -0.00274188374169, 0.00119072839152], [-0.00108810164966, -0.000435680442024, -0.000340398721164, 0.00222752569243, -0.000722706841771, -0.00571408448741, 0.0119463969022, -0.00173495430499, -0.00576348835602, 0.00316458963789, -0.00244040740654, -0.00102075154427, 0.00284998724237], [-0.000100865356217, -0.00174477568362, -0.000224346105824, 0.00133468466811, 0.00275175482966, -0.00343541358598, -0.00173495430499, 0.0145968338475, -0.00440497556701, -0.00346650602296, -0.0012163403444, 0.000976191076916, -0.000224544521188], [0.000713672547136, 0.000159760602401, 0.000971863861196, 0.0010274873348, -0.0035483755637, 0.00297013856471, -0.00576348835602, -0.00440497556701, 0.0231609027833, -0.00829747505486, -0.00176805397496, 0.00404666364193, -0.00562718929723], [-0.00105289719068, 0.000180613511475, 0.00152270833496, -0.00219130516052, 0.0012677750783, -0.00353186693974, 0.00316458963789, -0.00346650602296, -0.00829747505486, 0.021013379097, -0.0037991378922, -0.00646431837231, 0.00589511217549], [0.000486131961225, -0.00120247504674, 0.000361170503311, 0.00209308462217, -0.000531058874913, 0.00207525584847, -0.00244040740654, -0.0012163403444, -0.00176805397496, -0.0037991378922, 0.0180769450963, -0.000687315594405, -0.00661722337827], [-0.000533375947271, 0.00153518514708, -0.00142202910502, -0.000524245144334, 0.00297282566316, -0.00274188374169, -0.00102075154427, 0.000976191076916, 0.00404666364193, -0.00646431837231, -0.000687315594405, 0.0208474062383, -0.00500609073788], [-0.000567072303966, -0.000829662370961, 0.00107213167939, -0.00117644562852, -0.00163570570294, 0.00119072839152, 0.00284998724237, -0.000224544521188, -0.00562718929723, 0.00589511217549, -0.00661722337827, -0.00500609073788, 0.0191094167531]]
    },
    "spectral_contrast_coeffs": {
        "max": [-0.521907091141, -0.493091970682, -0.575117707253, -0.667645990849, -0.688580989838, -0.379529893398],
        "mean": [-0.724964976311, -0.759233176708, -0.759752869606, -0.80150437355, -0.797571122646, -0.594487190247],
        "min": [-0.8888027668, -0.928081095219, -0.898238182068, -0.8931016922, -0.874723434448, -0.805020749569],
        "stdev": [0.0641150102019, 0.0716053545475, 0.056933965534, 0.0395071133971, 0.0267022140324, 0.0534990355372]
    },
    "spectral_contrast_valleys": {
        "max": [-4.75490951538, -4.84399080276, -5.33817434311, -5.56997728348, -5.90044212341, -9.20012950897],
        "mean": [-6.6776008606, -6.24683952332, -6.59327030182, -6.80483293533, -6.89017248154, -11.489818573],
        "min": [-13.2362442017, -8.96837615967, -8.57440567017, -9.24842834473, -9.4830083847, -15.598613739],
        "stdev": [1.44975960255, 0.539175748825, 0.484046518803, 0.405225753784, 0.37523445487, 1.22263717651]
    }
},
"rhythm": {
    "beats_count": 57,
    "beats_loudness": {
        "max": 0.10563095659,
        "mean": 0.0492326878011,
        "min": 0.0045479782857,
        "stdev": 0.0222338419408
    },
    "bpm": 108.032836914,
    "bpm_histogram_first_peak_bpm": 108,
    "bpm_histogram_first_peak_weight": 0.39473682642,
    "bpm_histogram_second_peak_bpm": 115,
    "bpm_histogram_second_peak_spread": 0.125000059605,
    "bpm_histogram_second_peak_weight": 0.25,
    "danceability": 1.19338536263,
    "onset_rate": 2.39432835579,
    "beats_loudness_band_ratio": {
        "max": [0.77830016613, 0.455516338348, 0.652016997337, 0.456726163626, 0.256531774998, 0.0843972489238],
        "mean": [0.379835218191, 0.106720693409, 0.251033902168, 0.158975467086, 0.0998335629702, 0.0376579165459],
        "min": [2.09290483326e-05, 0.00123643409461, 0.0269112922251, 0.00634960876778, 0.0124299544841, 0.00858509819955],
        "stdev": [0.213332310319, 0.115347065032, 0.16708765924, 0.116116166115, 0.0572960972786, 0.0144876595587]
    },
    "beats_position": [0.510838985443, 1.02167797089, 1.54412698746, 2.06657600403, 2.58902478218, 3.12308382988, 3.66875267029, 4.22603178024, 4.78331041336, 5.34058952332, 5.88625860214, 6.43192720413, 6.97759628296, 7.53487491608, 8.08054447174, 8.63782310486, 9.19510173798, 9.77560043335, 10.321269989, 10.8785486221, 11.4358272552, 11.9814968109, 12.538775444, 13.0960540771, 13.6533327103, 14.2106122971, 14.756280899, 15.301949501, 15.8592290878, 16.4165077209, 16.9853973389, 17.5542850494, 18.1115646362, 18.6688423157, 19.2261219025, 19.7834014893, 20.3406791687, 20.8863487244, 21.43201828, 21.9892959595, 22.5465755463, 23.1038551331, 23.6611328125, 24.2300224304, 24.8105201721, 25.3329696655, 25.8554191589, 26.3778686523, 26.9003162384, 27.4227657318, 27.9452152252, 28.4676647186, 28.9901123047, 29.5125617981, 30.0234012604, 30.5458488464, 31.0682983398],
