{
"metadata": {
    "version": {
        "essentia": "2.1-beta5",
        "essentia_git_sha": "Undefined",
        "extractor": "music 2.0"
    },
    "audio_properties": {
        "analysis": {
            "equal_loudness": 0,
            "length": 35.9909286499,
            "sample_rate": 44100,
            "start_time": 77.7520217896,
            "downmix": "mix"
        },
        "bit_rate": 192000,
        "length": 222.029205322,
        "lossless": 0,
        "number_channels": 2,
        "replay_gain": 3.62532615662,
        "sample_rate": 48000,
        "codec": "mp3",
        "md5_encoded": "3c73f39f24b32ac10392839af57de1aa"
    },
    "tags": {
        "file_name": "Netherlands_Calm After The Storm_The Common Linnets.mp3",
        "encoding": ["Lavf58.29.100"]
    }
},
"lowlevel": {
    "average_loudness": 0.975970745087,
    "barkbands_crest": {
        "max": 24.0797595978,
        "mean": 12.8888483047,
        "min": 3.56218957901,
        "stdev": 4.11288070679
    },
    "barkbands_flatness_db": {
        "max": 0.501613378525,
        "mean": 0.292491048574,
        "min": 0.132710054517,
        "stdev": 0.0665573328733
    },
    "barkbands_kurtosis": {
        "max": 98.4247360229,
        "mean": 14.7643289566,
        "min": -1.77023363113,
        "stdev": 12.3869571686
    },
    "barkbands_skewness": {
        "max": 8.97330379486,
        "mean": 2.67643141747,
        "min": -0.0633811578155,
        "stdev": 1.26609134674
    },
    "barkbands_spread": {
        "max": 80.551612854,
        "mean": 8.61136054993,
        "min": 0.95380795002,
        "stdev": 10.1258096695
    },
    "dissonance": {
        "max": 0.499343127012,
        "mean": 0.435844957829,
        "min": 0.254543036222,
        "stdev": 0.0376909412444
    },
    "dynamic_complexity": 2.04685783386,
    "erbbands_crest": {
        "max": 28.3992385864,
        "mean": 10.0660028458,
        "min": 3.14795827866,
        "stdev": 3.74170899391
    },
    "erbbands_flatness_db": {
        "max": 0.421164691448,
        "mean": 0.233186841011,
        "min": 0.133327171206,
        "stdev": 0.045387301594
    },
    "erbbands_kurtosis": {
        "max": 26.0703449249,
        "mean": 3.50664401054,
        "min": -1.8901245594,
        "stdev": 4.20590543747
    },
    "erbbands_skewness": {
        "max": 4.45656251907,
        "mean": 1.38135659695,
        "min": -2.28416323662,
        "stdev": 1.01538860798
    },
    "erbbands_spread": {
        "max": 146.86390686,
        "mean": 34.2478942871,
        "min": 4.56916713715,
        "stdev": 25.2165966034
    },
    "hfc": {
        "max": 65.214012146,
        "mean": 12.3753271103,
        "min": 1.06632494926,
        "stdev": 8.97749042511
    },
    "loudness_ebu128": {
        "integrated": -26.2728977203,
        "loudness_range": 1.64823913574,
        "momentary": {
            "max": -24.0288028717,
            "mean": -26.4108009338,
            "min": -29.5877685547,
            "stdev": 1.10935950279
        },
        "short_term": {
            "max": -25.3480854034,
            "mean": -26.2882976532,
            "min": -27.7441635132,
            "stdev": 0.583264172077
        }
    },
    "melbands_crest": {
        "max": 30.7027378082,
        "mean": 15.6824035645,
        "min": 6.47480630875,
        "stdev": 4.07703733444
    },
    "melbands_flatness_db": {
        "max": 0.660536408424,
        "mean": 0.375369250774,
        "min": 0.143503978848,
        "stdev": 0.0963656753302
    },
    "melbands_kurtosis": {
        "max": 282.647064209,
        "mean": 29.9706344604,
        "min": -0.69015288353,
        "stdev": 28.0309123993
    },
    "melbands_skewness": {
        "max": 12.6839427948,
        "mean": 3.54527640343,
        "min": 0.346009790897,
        "stdev": 1.86180305481
    },
    "melbands_spread": {
        "max": 75.6926879883,
        "mean": 7.01952886581,
        "min": 0.91293156147,
        "stdev": 7.32016849518
    },
    "pitch_salience": {
        "max": 0.811209261417,
        "mean": 0.531815946102,
        "min": 0.199024319649,
        "stdev": 0.114290349185
    },
    "silence_rate_20dB": {
        "max": 1,
        "mean": 1,
        "min": 1,
        "stdev": 0
    },
    "silence_rate_30dB": {
        "max": 1,
        "mean": 0.959381043911,
        "min": 0,
        "stdev": 0.197407722473
    },
    "silence_rate_60dB": {
        "max": 0,
        "mean": 0,
        "min": 0,
        "stdev": 0
    },
    "spectral_centroid": {
        "max": 3469.19238281,
        "mean": 612.941589355,
        "min": 184.321105957,
        "stdev": 512.291015625
    },
    "spectral_complexity": {
        "max": 31,
        "mean": 10.7085752487,
        "min": 3,
        "stdev": 4.91082763672
    },
    "spectral_decrease": {
        "max": -1.25158650111e-09,
        "mean": -1.21633245698e-08,
        "min": -7.67324905837e-08,
        "stdev": 8.23541235206e-09
    },
    "spectral_energy": {
        "max": 0.295521259308,
        "mean": 0.0470296926796,
        "min": 0.00486282957718,
        "stdev": 0.0315751247108
    },
    "spectral_energyband_high": {
        "max": 0.00543475383893,
        "mean": 0.000346707500285,
        "min": 2.96863933436e-09,
        "stdev": 0.000714726629667
    },
    "spectral_energyband_low": {
        "max": 0.18724937737,
        "mean": 0.0256021432579,
        "min": 0.00034563135705,
        "stdev": 0.0236472915858
    },
    "spectral_energyband_middle_high": {
        "max": 0.0291013959795,
        "mean": 0.00178600358777,
        "min": 3.29616486852e-05,
        "stdev": 0.00353509001434
    },
    "spectral_energyband_middle_low": {
        "max": 0.283470571041,
        "mean": 0.0215620137751,
        "min": 0.00156894105021,
        "stdev": 0.022011840716
    },
    "spectral_entropy": {
        "max": 8.09214496613,
        "mean": 6.74618053436,
        "min": 5.03189992905,
        "stdev": 0.603567123413
    },
    "spectral_flux": {
        "max": 0.474944859743,
        "mean": 0.104331590235,
        "min": 0.0188456978649,
        "stdev": 0.0593226216733
    },
    "spectral_kurtosis": {
        "max": 190.450668335,
        "mean": 10.1459388733,
        "min": -1.37473893166,
        "stdev": 17.3496799469
    },
    "spectral_rms": {
        "max": 0.0169797949493,
        "mean": 0.0064722886309,
        "min": 0.00217812391929,
        "stdev": 0.00199801940471
    },
    "spectral_rolloff": {
        "max": 6330.76171875,
        "mean": 443.963897705,
        "min": 64.599609375,
        "stdev": 632.407409668
    },
    "spectral_skewness": {
        "max": 10.9658975601,
        "mean": 1.96799790859,
        "min": -0.527657628059,
        "stdev": 1.31842195988
    },
    "spectral_spread": {
        "max": 8139101,
        "mean": 3179895.25,
        "min": 594908.75,
        "stdev": 1230456.75
    },
    "spectral_strongpeak": {
        "max": 4.69629430771,
        "mean": 0.586727142334,
        "min": 0,
        "stdev": 0.518679440022
    },
    "zerocrossingrate": {
        "max": 0.1376953125,
        "mean": 0.0233150366694,
        "min": 0.00439453125,
        "stdev": 0.0190583039075
    },
    "barkbands": {
        "max": [0.0155888814479, 0.164710760117, 0.0591016411781, 0.0836344212294, 0.19046895206, 0.0377988964319, 0.0234739296138, 0.0165933258832, 0.0251158010215, 0.0226739905775, 0.0140314707533, 0.00966969877481, 0.00596541492268, 0.00794899556786, 0.00417154515162, 0.00183154689148, 0.00796499568969, 0.00236720009707, 0.00160559278447, 0.00120825215708, 0.0025118147023, 0.0019603073597, 0.00228097126819, 0.000816798012238, 9.76882802206e-06, 3.23741801367e-06, 3.47129980582e-06],
        "mean": [0.00027517505805, 0.0185862779617, 0.00464420719072, 0.00539751024917, 0.00924949999899, 0.00301842554472, 0.00177799584344, 0.000882659107447, 0.000961253652349, 0.000638770579826, 0.000291821837891, 0.000189486061572, 9.53889830271e-05, 0.000193104075151, 9.0300476586e-05, 7.64516444178e-05, 0.000114260394184, 8.74950928846e-05, 7.58208771003e-05, 8.6346117314e-05, 9.69515313045e-05, 9.17338256841e-05, 8.19140914246e-05, 2.67862706096e-05, 5.96052771584e-08, 4.70403627162e-09, 5.05263653139e-09],
        "min": [2.10290096447e-07, 1.28140773086e-05, 4.72866668133e-06, 1.30367898237e-05, 4.29442443419e-05, 2.72236793535e-05, 1.05008966784e-05, 4.35743822891e-06, 9.57355268838e-07, 1.16655735383e-06, 3.11346383342e-07, 1.7874417324e-07, 9.90146986624e-08, 7.21235096535e-07, 1.84347229037e-07, 1.50207381466e-06, 1.83506784879e-07, 1.21068893577e-07, 9.40110638226e-08, 4.59166260569e-10, 2.05815073318e-10, 1.83758078198e-10, 2.01531874522e-10, 1.52133319831e-10, 1.71238509483e-10, 2.57449866981e-10, 3.2461064392e-10],
        "stdev": [0.000579118030146, 0.0203798282892, 0.00489653926343, 0.0077027734369, 0.0138072231784, 0.00371364108287, 0.00234462786466, 0.00168402411509, 0.00220920564607, 0.0020176267717, 0.00108055013698, 0.000709869666025, 0.000350084679667, 0.000575138779823, 0.000289289251668, 0.000143862780533, 0.000496280554216, 0.00018977453874, 0.000138263276313, 0.000147285230923, 0.000204945754376, 0.000207120698178, 0.00023369032715, 8.29752607387e-05, 4.47422564775e-07, 9.32781389906e-08, 9.98789033702e-08]
    },
    "erbbands": {
        "max": [4.85374546051, 36.0337905884, 75.9465408325, 139.685150146, 743.114807129, 448.347442627, 361.592468262, 390.943511963, 397.630981445, 464.816009521, 458.725036621, 516.71685791, 800.398498535, 425.320678711, 362.769073486, 426.355010986, 309.489532471, 311.460662842, 173.005554199, 243.122909546, 138.141342163, 563.843261719, 165.933319092, 50.2640991211, 94.6170043945, 59.0279350281, 75.7788848877, 120.073997498, 59.3253669739, 74.9066085815, 66.9133834839, 29.0934886932, 5.71671390533, 0.368265330791, 0.0232778117061, 0.0129375578836, 0.00600842665881, 0.00215012370609, 0.000535433122423, 0.000323937216308],
        "mean": [0.486820101738, 4.28531551361, 6.72891378403, 11.1392784119, 30.8726921082, 25.0307636261, 27.550743103, 23.4635925293, 29.1997280121, 19.0304584503, 19.5891170502, 20.086397171, 24.164598465, 13.857298851, 8.42472553253, 7.72605419159, 4.99580907822, 9.43118190765, 5.61399269104, 5.19334936142, 4.36930656433, 6.68039512634, 4.92918205261, 3.95895028114, 4.06205224991, 3.96472883224, 4.30904817581, 3.55774688721, 3.32534074783, 2.81855916977, 2.2112839222, 1.07596373558, 0.176618292928, 0.00892379041761, 0.000436191970948, 8.44911337481e-05, 3.16186160489e-05, 7.8546390796e-06, 2.33276641666e-05, 5.23563358001e-05],
        "min": [0.000282567139948, 0.00446471804753, 0.0500091910362, 0.300929367542, 0.206628113985, 0.171696692705, 0.525937974453, 0.375939846039, 0.227930903435, 0.338521897793, 0.220732033253, 0.128605261445, 0.0563970431685, 0.0291830133647, 0.0216011628509, 0.0301288291812, 0.0385683886707, 0.0683397203684, 0.0939525738358, 0.0970135480165, 0.0754037350416, 0.0225532669574, 0.0214042253792, 0.00359791144729, 0.00303717795759, 0.000239004803007, 5.37353807886e-05, 2.40353292611e-05, 1.86372271855e-05, 1.59201808856e-05, 1.29731215566e-05, 1.42589642564e-05, 1.16646651804e-05, 6.75822911944e-06, 5.12552651344e-06, 3.63495382771e-06, 2.17247497858e-06, 5.56727798084e-07, 2.29819465858e-06, 5.36695097253e-06],
        "stdev": [0.589728236198, 4.67087650299, 6.44416999817, 13.1603498459, 56.6836700439, 32.3855819702, 32.5530395508, 32.4090538025, 39.3862800598, 32.6398963928, 37.3577575684, 47.0209121704, 68.4504699707, 38.8144073486, 26.1689243317, 29.2872142792, 16.0511455536, 26.8335475922, 14.3221721649, 15.7669801712, 10.6068372726, 30.0430984497, 12.0537014008, 6.57584571838, 7.64407205582, 6.69936418533, 8.21572971344, 8.48613548279, 7.25424766541, 7.76340436935, 6.30652761459, 3.13395929337, 0.587357759476, 0.0330597162247, 0.0013851383701, 0.000392072804971, 0.00017446099082, 6.22061998001e-05, 2.03491581487e-05, 3.44908803527e-05]
    },
    "gfcc": {
        "mean": [-77.1569671631, 190.027938843, -110.427253723, 67.0928115845, -54.0162658691, -12.5621500015, -9.5012216568, -24.3767032623, 10.9375638962, -19.8234920502, 1.39853489399, -10.339345932, -1.85391652584],
        "cov": [[3664.13256836, -1580.02648926, -1010.07196045, 930.168212891, -1343.1072998, 811.359619141, 12.0881347656, 47.3077201843, 262.36730957, -444.171478271, 322.984039307, -240.238708496, 9.84118938446], [-1580.02648926, 1430.72521973, 224.931152344, -915.920715332, 966.390991211, -552.569335938, 186.379959106, -23.1177902222, -148.77947998, 211.76725769, -226.013320923, 131.331893921, -14.7025985718], [-1010.07196045, 224.931152344, 723.52911377, -23.8751106262, 283.043304443, -148.363571167, -122.253707886, 22.2229595184, -40.4345207214, 137.87109375, -36.0683403015, 67.8972320557, 12.1186504364], [930.168212891, -915.920715332, -23.8751106262, 802.842956543, -574.469238281, 287.193756104, -102.560844421, -19.8233737946, 158.764755249, -119.002372742, 132.285583496, -45.8724098206, 8.10019111633], [-1343.1072998, 966.390991211, 283.043304443, -574.469238281, 943.062316895, -362.415405273, 111.676193237, 57.8678207397, -123.124488831, 233.520904541, -163.990753174, 99.7054672241, 14.1545801163], [811.359619141, -552.569335938, -148.363571167, 287.193756104, -362.415405273, 454.835083008, 30.2256946564, 18.1734046936, 75.9878845215, -94.4502792358, 128.914825439, -83.6808700562, 9.3114566803], [12.0881347656, 186.379959106, -122.253707886, -102.560844421, 111.676193237, 30.2256946564, 330.88458252, -10.9439239502, -38.5880241394, 73.7925109863, -81.3010101318, 17.8451347351, -7.57319974899], [47.3077201843, -23.1177902222, 22.2229595184, -19.8233737946, 57.8678207397, 18.1734046936, -10.9439239502, 180.872070312, 12.999341011, -0.931812703609, 49.0583572388, -37.7298049927, 30.4938087463], [262.36730957, -148.77947998, -40.4345207214, 158.764755249, -123.124488831, 75.9878845215, -38.5880241394, 12.999341011, 145.911636353, -38.4801750183, 41.8128089905, 7.21426486969, -4.92879533768], [-444.171478271, 211.76725769, 137.87109375, -119.002372742, 233.520904541, -94.4502792358, 73.7925109863, -0.931812703609, -38.4801750183, 170.278656006, -54.6925926208, 23.0017585754, 12.5154094696], [322.984039307, -226.013320923, -36.0683403015, 132.285583496, -163.990753174, 128.914825439, -81.3010101318, 49.0583572388, 41.8128089905, -54.6925926208, 153.476699829, -31.0381145477, -0.0510949902236], [-240.238708496, 131.331893921, 67.8972320557, -45.8724098206, 99.7054672241, -83.6808700562, 17.8451347351, -37.7298049927, 7.21426486969, 23.0017585754, -31.0381145477, 106.880523682, -0.521437108517], [9.84118938446, -14.7025985718, 12.1186504364, 8.10019111633, 14.1545801163, 9.3114566803, -7.57319974899, 30.4938087463, -4.92879533768, 12.5154094696, -0.0510949902236, -0.521437108517, 70.3487701416]],
        "icov": [[0.00128148391377, -0.000308041344397, 0.00123806600459, -0.00080766127212, 0.000795361760538, -0.000840568391141, -7.1445312642e-05, -0.00061820395058, -9.29304369492e-05, 0.00052583264187, -0.000161368763656, 0.000364447740139, -0.000249895470915], [-0.000308041344397, 0.0279006231576, -0.00756972888485, 0.0214241761714, -0.0145642021671, 0.019042942673, -0.0173157602549, 0.0169110577554, -0.0180792417377, 0.0148322675377, -0.0122491465881, 0.0108172865584, -0.00790736824274], [0.00123806600459, -0.00756972888485, 0.00554532324895, -0.00703303469345, 0.00401490880176, -0.00617176340893, 0.00624484242871, -0.00585328601301, 0.00575112039223, -0.00551003310829, 0.00388569338247, -0.00420430023223, 0.00267271511257], [-0.00080766127212, 0.0214241761714, -0.00703303469345, 0.0195881370455, -0.00991613138467, 0.0144822839648, -0.0132958544418, 0.0134866861627, -0.0155975418165, 0.0108647411689, -0.00962574966252, 0.00819106958807, -0.00662437872961], [0.000795361760538, -0.0145642021671, 0.00401490880176, -0.00991613138467, 0.0112931802869, -0.00965426675975, 0.00878148525953, -0.0105641987175, 0.00930669717491, -0.00965963862836, 0.00721287121996, -0.00684626726434, 0.00415023323148], [-0.000840568391141, 0.019042942673, -0.00617176340893, 0.0144822839648, -0.00965426675975, 0.0183250047266, -0.0141311464831, 0.012902260758, -0.0135586848482, 0.0111512811854, -0.0117116291076, 0.0101953353733, -0.006970603019], [-7.1445312642e-05, -0.0173157602549, 0.00624484242871, -0.0132958544418, 0.00878148525953, -0.0141311464831, 0.0167812649161, -0.0121409138665, 0.0129900416359, -0.0127963172272, 0.0115567594767, -0.00963254272938, 0.00714261783287], [-0.00061820395058, 0.0169110577554, -0.00585328601301, 0.0134866861627, -0.0105641987175, 0.012902260758, -0.0121409138665, 0.0194813776761, -0.0131113007665, 0.0109096765518, -0.0118473693728, 0.0112507706508, -0.00904216524214], [-9.29304369492e-05, -0.0180792417377, 0.00575112039223, -0.0155975418165, 0.00930669717491, -0.0135586848482, 0.0129900416359, -0.0131113007665, 0.0221885479987, -0.0105251586065, 0.00873515382409, -0.0110960509628, 0.00739470357075], [0.00052583264187, 0.0148322675377, -0.00551003310829, 0.0108647411689, -0.00965963862836, 0.0111512811854, -0.0127963172272, 0.0109096765518, -0.0105251586065, 0.0202779639512, -0.0079990606755, 0.00883786473423, -0.0071997162886], [-0.000161368763656, -0.0122491465881, 0.00388569338247, -0.00962574966252, 0.00721287121996, -0.0117116291076, 0.0115567594767, -0.0118473693728, 0.00873515382409, -0.0079990606755, 0.0187742859125, -0.00730594620109, 0.0063745258376], [0.000364447740139, 0.0108172865584, -0.00420430023223, 0.00819106958807, -0.00684626726434, 0.0101953353733, -0.00963254272938, 0.0112507706508, -0.0110960509628, 0.00883786473423, -0.00730594620109, 0.0197142604738, -0.00610375683755], [-0.000249895470915, -0.00790736824274, 0.00267271511257, -0.00662437872961, 0.00415023323148, -0.006970603019, 0.00714261783287, -0.00904216524214, 0.00739470357075, -0.0071997162886, 0.0063745258376, -0.00610375683755, 0.0194339007139]]
    },
    "melbands": {
        "max": [0.0468648634851, 0.0408496782184, 0.0420741587877, 0.0473656207323, 0.0104588521644, 0.00857168342918, 0.00509552750736, 0.00439258432016, 0.0039554964751, 0.00350482785143, 0.00410544173792, 0.00157712155487, 0.00114428822417, 0.00138501997571, 0.000932733586524, 0.000681219913531, 0.000720490235835, 0.000430401298217, 0.000392679678043, 0.000171750740265, 0.000206459415494, 0.000642334343866, 0.000196554057766, 8.43459929456e-05, 4.60668161395e-05, 6.86181738274e-05, 4.51484884252e-05, 4.05022947234e-05, 5.50471850147e-05, 8.1782527559e-05, 5.5616023019e-05, 3.17124358844e-05, 5.35753824806e-05, 4.35821493738e-05, 5.54351827304e-05, 2.92048534902e-05, 1.68882306752e-05, 5.30884335603e-06, 1.18884429412e-06, 6.34632186802e-08],
        "mean": [0.00488743977621, 0.00421646889299, 0.00260199257173, 0.00208238186315, 0.000999063253403, 0.000560958811548, 0.000398644158849, 0.000197199187824, 0.000169729741174, 0.000123046309454, 0.000119841832202, 5.74647237954e-05, 3.21384432027e-05, 2.09896570595e-05, 1.59042356245e-05, 9.99942403723e-06, 1.93918549485e-05, 9.69335451373e-06, 7.09843152435e-06, 6.42384884486e-06, 4.8123056331e-06, 7.83557152317e-06, 4.47705042461e-06, 3.96436144001e-06, 3.11065400638e-06, 2.8030563044e-06, 2.8826812013e-06, 2.58087925431e-06, 2.80311724055e-06, 2.37826316152e-06, 1.95496727429e-06, 1.93059986486e-06, 1.67441271515e-06, 1.5522546164e-06, 1.3635248024e-06, 9.91624460767e-07, 5.08742857619e-07, 1.34474092306e-07, 1.97804510549e-08, 3.21643822687e-10],
        "min": [3.48689286511e-06, 2.533928091e-05, 0.000121212156955, 1.81195355253e-05, 2.23612059926e-05, 8.63384775585e-06, 3.44953878084e-06, 1.68893586761e-06, 1.4226239955e-06, 1.27236688741e-07, 2.37351997612e-07, 9.47975280496e-08, 4.10332887668e-08, 2.44802560445e-08, 4.39261320651e-08, 1.40909417468e-08, 5.38660493987e-08, 1.19495837225e-07, 2.79300458317e-08, 9.94172921764e-08, 4.96524314997e-08, 1.11529256941e-08, 5.64716051699e-09, 2.79894529776e-09, 1.58901081182e-09, 2.14579953806e-09, 6.07940989217e-11, 5.16719913385e-12, 4.30077935071e-12, 5.29981700886e-12, 4.88610193972e-12, 3.84843198975e-12, 3.28742913967e-12, 2.63855408876e-12, 3.06151675192e-12, 2.0220945144e-12, 1.46674339341e-12, 2.17131412676e-12, 1.18911683885e-12, 1.41583392146e-12],
        "stdev": [0.00558301620185, 0.00390922930092, 0.00350572890602, 0.00330225401558, 0.0011442322284, 0.000707037514076, 0.000530374061782, 0.000368017499568, 0.000340892904205, 0.000302702566842, 0.000350872782292, 0.000162819298566, 0.000106478699308, 8.52158045745e-05, 5.38565400348e-05, 4.07048573834e-05, 5.75151861995e-05, 2.84915931843e-05, 2.31856556638e-05, 1.45887916005e-05, 1.45189924297e-05, 3.96695031668e-05, 1.07067044155e-05, 8.47278988658e-06, 5.53211566512e-06, 5.49799278815e-06, 5.55473070563e-06, 4.59207922177e-06, 5.61747447136e-06, 5.36782908966e-06, 4.93619290864e-06, 4.21477261625e-06, 4.15008980781e-06, 4.61004174213e-06, 4.07667130276e-06, 2.83214649244e-06, 1.57665613187e-06, 4.74672077644e-07, 9.32031838374e-08, 2.97299473928e-09]
    },
    "melbands128": {
        "max": [0.00864257384092, 0.0359749086201, 0.0804169923067, 0.0641556829214, 0.0522964820266, 0.0276868231595, 0.0258705355227, 0.0581957921386, 0.0901322886348, 0.0535419285297, 0.0174665581435, 0.0115396287292, 0.0157777443528, 0.0143689475954, 0.0117225926369, 0.0174971371889, 0.0105041116476, 0.00644415151328, 0.00890409946442, 0.00622184714302, 0.0064408602193, 0.00405420875177, 0.00718698604032, 0.00687653385103, 0.00456134881824, 0.00592071888968, 0.00761381117627, 0.00788978021592, 0.00479857763276, 0.00209341896698, 0.00250935554504, 0.00414745137095, 0.00129778787959, 0.00280804187059, 0.00245567178354, 0.0030610030517, 0.00256675598212, 0.0016915173037, 0.000465542485472, 0.00140926463064, 0.00142345507629, 0.000698404735886, 0.000784401374403, 0.00151111080777, 0.00100763258524, 0.000327465473674, 0.000442229822511, 0.000318160455208, 0.000970691966359, 0.00046089902753, 0.000207366014365, 0.000279036234133, 0.000233308441238, 0.000399485230446, 0.000935164571274, 0.00121333368588, 0.000836798804812, 6.5848507802e-05, 0.000243425296503, 0.000344914908055, 0.000176975489012, 0.000103532751382, 0.000110389919428, 9.7213225672e-05, 0.000102063910163, 0.000106721381599, 0.000138929171953, 9.7602554888e-05, 8.06619136711e-05, 6.77895586705e-05, 5.58964493393e-05, 8.09069533716e-05, 8.13706283225e-05, 7.50080871512e-05, 7.82225761213e-05, 6.78613869241e-05, 0.000146230653627, 0.000105947299744, 6.33411254967e-05, 5.93539261899e-05, 6.43245220999e-05, 4.57736969111e-05, 4.57862115582e-05, 7.16110225767e-05, 5.03949413542e-05, 5.25568866578e-05, 5.55705410079e-05, 9.31580871111e-05, 8.66677510203e-05, 3.93764894397e-05, 4.9029247748e-05, 4.57991736766e-05, 4.02397963626e-05, 1.92212246475e-05, 2.18381210288e-05, 1.06106263047e-05, 6.10995130046e-06, 3.83055703423e-06, 1.17460797355e-06, 3.66827094922e-07, 1.33975277095e-07, 3.0330731704e-08, 2.89659052299e-08, 2.73295164277e-08, 2.62407038321e-08, 2.51226541792e-08, 2.41267965606e-08, 2.3113610581e-08, 2.22682778883e-08, 2.13608348787e-08, 2.05143440013e-08, 1.97030765037e-08, 1.89112743243e-08, 1.82787456282e-08, 1.76837868793e-08, 1.73323755348e-08, 1.67349067937e-08, 1.62255489045e-08, 1.57088990704e-08, 1.53086414656e-08, 1.48675116662e-08, 1.46523078115e-08, 1.44443852435e-08, 1.42289717786e-08, 1.40121869663e-08, 1.37750593154e-08, 1.36575968313e-08, 1.35928983624e-08],
        "mean": [0.000243716509431, 0.00317813223228, 0.00753334257752, 0.00694815954193, 0.00422795023769, 0.00190082215704, 0.00190959975589, 0.00302872247994, 0.00348910456523, 0.00210959347896, 0.00108215445653, 0.00124425417744, 0.000931056041736, 0.000814632454421, 0.000508369761519, 0.00036932824878, 0.000659019395243, 0.000357217097189, 0.000164763609064, 0.000215513675357, 0.000225193609367, 0.000113504662295, 0.000184672215255, 0.000202270879527, 0.000114280446724, 0.000101639430795, 0.000100406236015, 0.000148815161083, 0.000122528217616, 3.30446528096e-05, 5.44699323655e-05, 5.75278681936e-05, 2.12868617382e-05, 2.62464491243e-05, 1.77406891453e-05, 2.11569131352e-05, 2.25034891628e-05, 1.94783769984e-05, 7.99661211204e-06, 9.19039939618e-06, 1.10419241537e-05, 9.74975318968e-06, 2.02789451578e-05, 2.63297151832e-05, 1.36372127599e-05, 5.42788529856e-06, 6.34703837932e-06, 6.84414726493e-06, 8.23574919195e-06, 6.2011731643e-06, 7.55810606279e-06, 4.88935893372e-06, 3.59705813935e-06, 4.36512755186e-06, 8.08232380223e-06, 1.05904155134e-05, 5.24462438989e-06, 3.50021696249e-06, 4.74219677926e-06, 5.25592486156e-06, 3.58970100933e-06, 3.34039327754e-06, 3.51347716787e-06, 2.99014573102e-06, 2.67125346909e-06, 2.4492785542e-06, 3.15856641464e-06, 3.30004809257e-06, 2.73245018434e-06, 2.40218378167e-06, 2.52503741649e-06, 2.6044592687e-06, 3.04856189359e-06, 2.88076148536e-06, 2.42761188929e-06, 2.54868223237e-06, 2.34699473367e-06, 1.93802543436e-06, 1.8004342337e-06, 2.08654773814e-06, 2.00403860617e-06, 1.82984524599e-06, 1.83674831078e-06, 1.70530233845e-06, 1.4739797507e-06, 1.54653741902e-06, 1.56236387738e-06, 1.60461718224e-06, 1.40803558679e-06, 1.14984334232e-06, 1.07699906948e-06, 9.68087647379e-07, 8.24935398214e-07, 5.25023096998e-07, 3.20418024558e-07, 1.71325737597e-07, 1.0737384315e-07, 5.2879350676e-08, 1.77413230773e-08, 2.45575360047e-09, 3.90990878563e-10, 1.11180668838e-10, 4.20098643372e-11, 3.94663746128e-11, 3.79571096776e-11, 3.64526013541e-11, 3.50350477796e-11, 3.36940059187e-11, 3.20281509647e-11, 3.0706485965e-11, 2.97054950082e-11, 2.86631066104e-11, 2.75656962534e-11, 2.6679604706e-11, 2.58025285166e-11, 2.53280452167e-11, 2.49254627355e-11, 2.38374493755e-11, 2.30494703185e-11, 2.25112758295e-11, 2.18908363658e-11, 2.15235902018e-11, 2.11887608154e-11, 2.07151969189e-11, 1.99101637954e-11, 1.87254135808e-11, 1.80673132705e-11, 1.79036906828e-11],
        "min": [7.52045181684e-08, 7.49563696445e-07, 4.01087663704e-06, 5.63903313378e-06, 6.72916394251e-06, 2.51337269219e-06, 9.4777878985e-06, 9.17465513339e-06, 4.81244933326e-06, 1.72058935277e-05, 2.238534762e-06, 3.68859969058e-06, 5.59066575079e-06, 1.12250540951e-06, 4.00129891887e-07, 6.12125347743e-07, 9.558190186e-07, 9.66882225839e-07, 8.85202553036e-07, 4.77644903185e-07, 8.98773066638e-07, 2.87385574893e-07, 2.52491361152e-07, 1.1693377644e-07, 2.95001214567e-08, 2.03070502636e-08, 3.76135744773e-08, 2.44678286521e-08, 1.09463570652e-07, 8.10127716022e-08, 2.14417124056e-08, 2.0078561036e-08, 2.58043737489e-08, 1.05154844832e-08, 9.80155157038e-09, 3.8987240103e-09, 1.30252111319e-08, 1.00130588265e-08, 8.23439361142e-09, 7.19032478003e-09, 1.02988444439e-08, 1.34003377283e-08, 1.89252382654e-08, 3.13399795004e-08, 3.33576331002e-08, 1.06677982004e-08, 1.38829179264e-08, 1.31876705112e-08, 1.84695707617e-08, 1.61156350487e-08, 7.70967716335e-08, 4.09202591811e-08, 5.82272052796e-09, 3.49633122454e-09, 1.01790904594e-08, 1.29594921461e-08, 9.55426315841e-09, 2.85089996055e-09, 2.21256946098e-09, 4.19148404873e-09, 2.58845472834e-10, 9.1737883956e-10, 7.42810812859e-10, 5.074513032e-10, 9.64703206208e-10, 7.71356450935e-11, 7.04562172493e-11, 6.00894195513e-11, 2.7246481113e-11, 7.34397265223e-12, 3.12459671852e-12, 4.94506562435e-12, 3.30793292064e-12, 3.97533221619e-12, 5.17071758674e-12, 6.30272743718e-12, 3.2074850588e-12, 3.5126608653e-12, 2.86203331e-12, 3.80741792261e-12, 3.51717700103e-12, 2.43618905431e-12, 2.3681946161e-12, 2.17180310194e-12, 1.87326087801e-12, 1.66452431265e-12, 1.26010681924e-12, 2.50346076335e-12, 1.86540236383e-12, 2.04257314187e-12, 1.24469542746e-12, 1.13965152419e-12, 1.08561250267e-12, 1.46902000113e-12, 9.76009854534e-13, 1.37740307441e-12, 1.00014614646e-12, 9.25504573153e-13, 9.76979456536e-13, 7.02917325041e-13, 1.17962714249e-12, 1.03131966942e-12, 1.00356019068e-12, 9.47046911379e-13, 9.77978223578e-13, 8.88885482147e-13, 6.06585365704e-13, 1.00943385595e-12, 9.14945961876e-13, 1.03001255528e-12, 1.06909316469e-12, 1.02587415559e-12, 9.3578855602e-13, 9.30421755266e-13, 8.54838498165e-13, 1.04856162815e-12, 9.92554888106e-13, 1.14502081861e-12, 1.12526090876e-12, 1.18343518579e-12, 1.02778527876e-12, 9.9383945084e-13, 8.40820577226e-13, 1.17403851398e-12, 7.81390468822e-13, 2.93054344897e-13, 4.27597342842e-14, 1.19100392153e-15],
        "stdev": [0.000458472233731, 0.00414691586047, 0.00926794391125, 0.00772242248058, 0.00427365256473, 0.00204965891317, 0.00238124560565, 0.00480379164219, 0.00723263295367, 0.00396973872557, 0.00156502472237, 0.00176871335134, 0.00129366852343, 0.0012500656303, 0.00095611467259, 0.000816354469862, 0.0010467764223, 0.000552720041014, 0.00038969781599, 0.000466667464934, 0.000510099052917, 0.000343152409187, 0.000471372011816, 0.00054333708249, 0.000383886275813, 0.00038035781472, 0.000407862389693, 0.000517584092449, 0.000511916354299, 0.000118400355859, 0.000201886534342, 0.000299340317724, 8.53789606481e-05, 0.00013727840269, 9.76311857812e-05, 0.000146876700455, 0.000108502506919, 8.45554604894e-05, 2.58621839748e-05, 5.89237861277e-05, 6.66057458147e-05, 4.17203336838e-05, 7.02703619027e-05, 9.75878283498e-05, 6.04048618698e-05, 1.82960338861e-05, 2.45597584581e-05, 1.92429251911e-05, 4.36712907685e-05, 2.7991938623e-05, 1.70688872458e-05, 1.46099418998e-05, 1.06936531665e-05, 1.44928217196e-05, 5.61911438126e-05, 7.15476708137e-05, 2.60930028162e-05, 6.85992745275e-06, 1.53737055371e-05, 1.9948794943e-05, 1.0418571037e-05, 7.93607614469e-06, 8.75035038916e-06, 6.98426811141e-06, 6.77647767588e-06, 5.56165468879e-06, 8.15743442217e-06, 8.03207421995e-06, 6.38663368591e-06, 5.49440937903e-06, 5.42395082448e-06, 6.02052023169e-06, 7.62337867855e-06, 7.31723275749e-06, 5.77436048843e-06, 6.23577261649e-06, 7.07160097591e-06, 5.8926566453e-06, 5.08765015184e-06, 5.33704678674e-06, 4.72473720947e-06, 4.38166853201e-06, 4.48720766144e-06, 4.66267874799e-06, 4.20097785536e-06, 5.18325850862e-06, 4.90460934088e-06, 5.22933032698e-06, 4.65205403088e-06, 3.54866892849e-06, 3.29624162987e-06, 2.99032149087e-06, 2.78191077996e-06, 1.68680730894e-06, 1.16430953767e-06, 6.24063432042e-07, 4.43950966655e-07, 2.67401162546e-07, 9.18616649415e-08, 1.82788877368e-08, 4.85761564306e-09, 1.26964605496e-09, 8.32224622549e-10, 7.87737042263e-10, 7.57977902666e-10, 7.2487821301e-10, 6.95449642318e-10, 6.66001032101e-10, 6.4074145989e-10, 6.15099693402e-10, 5.91200921551e-10, 5.67934643758e-10, 5.44979561479e-10, 5.27780319448e-10, 5.09841335816e-10, 4.98283136974e-10, 4.81103601402e-10, 4.66839233937e-10, 4.51856496664e-10, 4.41070985291e-10, 4.2921824428e-10, 4.22537893563e-10, 4.1553638308e-10, 4.08261841001e-10, 4.02375577302e-10, 3.96283839077e-10, 3.92973570351e-10, 3.91033760927e-10]
    },
    "mfcc": {
        "mean": [-715.605224609, 194.574005127, 7.87526464462, 73.6262207031, -14.0244016647, 27.0751171112, -21.8773975372, 16.0523948669, -10.1052761078, 10.3745231628, -7.69311761856, 6.05200481415, -5.54552936554],
        "cov": [[4885.84179688, -2597.01391602, -89.3980712891, 41.6096229553, -1100.1640625, 543.797485352, -500.67755127, 793.651428223, -612.498779297, 769.210632324, -514.94732666, 351.117736816, -437.217224121], [-2597.01391602, 2648.99707031, -695.366271973, -203.444458008, 516.892883301, -380.22064209, 419.320068359, -441.730438232, 468.862823486, -488.598144531, 386.876983643, -327.491943359, 255.459472656], [-89.3980712891, -695.366271973, 753.406188965, 61.4618759155, 101.203384399, 21.8816070557, -117.696090698, 8.43999958038, -114.31186676, 37.0822868347, -81.3909454346, 115.728942871, 2.98856186867], [41.6096229553, -203.444458008, 61.4618759155, 342.445068359, -26.7232379913, 31.3137645721, -74.6988525391, -21.0083694458, 32.1764564514, -27.8956508636, 23.0819587708, 1.36365425587, 34.7649841309], [-1100.1640625, 516.892883301, 101.203384399, -26.7232379913, 569.865112305, -218.337539673, 68.3509368896, -156.205871582, 92.7024993896, -132.555053711, 76.4080581665, 1.78983402252, 72.2680969238], [543.797485352, -380.22064209, 21.8816070557, 31.3137645721, -218.337539673, 336.118591309, -32.86536026, 98.5645294189, -47.7030906677, 84.0959854126, -14.2777643204, 8.85156822205, -26.7816963196], [-500.67755127, 419.320068359, -117.696090698, -74.6988525391, 68.3509368896, -32.86536026, 322.144042969, -102.844276428, 150.94140625, -50.6612892151, 81.4108123779, -47.2953109741, 32.1889877319], [793.651428223, -441.730438232, 8.43999958038, -21.0083694458, -156.205871582, 98.5645294189, -102.844276428, 275.050750732, -138.921203613, 165.172561646, -85.9146652222, 59.6566925049, -54.1669197083], [-612.498779297, 468.862823486, -114.31186676, 32.1764564514, 92.7024993896, -47.7030906677, 150.94140625, -138.921203613, 279.357147217, -133.777816772, 116.731803894, -62.8792457581, 47.8469696045], [769.210632324, -488.598144531, 37.0822868347, -27.8956508636, -132.555053711, 84.0959854126, -50.6612892151, 165.172561646, -133.777816772, 305.354522705, -119.545677185, 114.968864441, -87.4827957153], [-514.94732666, 386.876983643, -81.3909454346, 23.0819587708, 76.4080581665, -14.2777643204, 81.4108123779, -85.9146652222, 116.731803894, -119.545677185, 183.799072266, -86.1194534302, 69.0425567627], [351.117736816, -327.491943359, 115.728942871, 1.36365425587, 1.78983402252, 8.85156822205, -47.2953109741, 59.6566925049, -62.8792457581, 114.968864441, -86.1194534302, 160.67956543, -48.0288963318], [-437.217224121, 255.459472656, 2.98856186867, 34.7649841309, 72.2680969238, -26.7816963196, 32.1889877319, -54.1669197083, 47.8469696045, -87.4827957153, 69.0425567627, -48.0288963318, 153.268447876]],
        "icov": [[0.0014684391208, 0.000887229049113, 0.00115099071991, 9.32044131332e-05, 0.00113109650556, -0.000100837285572, 0.000434211193351, -0.00116042757872, 0.000328715104843, -0.000325488508679, 0.000380166253308, -0.000847683113534, 0.000889000832103], [0.000887229049113, 0.00225846120156, 0.00189998093992, 0.000995439011604, -8.3413986431e-05, 0.000619887956418, -2.43855556619e-05, 2.88914015982e-05, -0.000467888603453, 0.0002582736779, -0.000552271609195, 0.000370721914805, -0.000674771901686], [0.00115099071991, 0.00189998093992, 0.00351005559787, 0.000471453269711, -0.000118129362818, -4.36772788817e-05, 0.000404675636673, -2.5140496291e-05, 0.000441364973085, 0.000364067498595, 0.000152829190483, -0.00119094748516, -0.000476652698126], [9.32044131332e-05, 0.000995439011604, 0.000471453269711, 0.0040593794547, 2.49484746746e-05, 0.000112569076009, 0.00122810027096, 0.000760639435612, -0.00136626942549, 8.75466066645e-05, -0.000839122862089, 4.78104011563e-05, -0.00143495178781], [0.00113109650556, -8.3413986431e-05, -0.000118129362818, 2.49484746746e-05, 0.00416482752189, 0.00115962990094, 0.00038975829375, -0.000560204207432, 0.000409091939218, -8.25758615974e-05, -0.000327009998728, -0.00211153714918, 0.000632072333246], [-0.000100837285572, 0.000619887956418, -4.36772788817e-05, 0.000112569076009, 0.00115962990094, 0.00460886303335, -0.000278669089312, -0.000389614055166, -0.000319125712849, -0.000376184616471, -0.00140576215927, 0.000559677020647, -0.00047259934945], [0.000434211193351, -2.43855556619e-05, 0.000404675636673, 0.00122810027096, 0.00038975829375, -0.000278669089312, 0.00525405770168, 0.000722765631508, -0.00214363634586, -0.00145647628233, -0.000483884854475, -8.48007985041e-05, -5.83788350923e-05], [-0.00116042757872, 2.88914015982e-05, -2.5140496291e-05, 0.000760639435612, -0.000560204207432, -0.000389614055166, 0.000722765631508, 0.008125718683, 0.000824674381875, -0.00196926831268, -0.00062057323521, 0.000789967132732, -0.00146883225534], [0.000328715104843, -0.000467888603453, 0.000441364973085, -0.00136626942549, 0.000409091939218, -0.000319125712849, -0.00214363634586, 0.000824674381875, 0.00758389104158, 0.0012184852967, -0.00169008306693, -0.00136111839674, 0.00117461371701], [-0.000325488508679, 0.0002582736779, 0.000364067498595, 8.75466066645e-05, -8.25758615974e-05, -0.000376184616471, -0.00145647628233, -0.00196926831268, 0.0012184852967, 0.00758827850223, 0.000907964946236, -0.00292106787674, 0.000823691370897], [0.000380166253308, -0.000552271609195, 0.000152829190483, -0.000839122862089, -0.000327009998728, -0.00140576215927, -0.000483884854475, -0.00062057323521, -0.00169008306693, 0.000907964946236, 0.0109998965636, 0.00233753863722, -0.00119356845971], [-0.000847683113534, 0.000370721914805, -0.00119094748516, 4.78104011563e-05, -0.00211153714918, 0.000559677020647, -8.48007985041e-05, 0.000789967132732, -0.00136111839674, -0.00292106787674, 0.00233753863722, 0.0121360542253, -0.000125593622215], [0.000889000832103, -0.000674771901686, -0.000476652698126, -0.00143495178781, 0.000632072333246, -0.00047259934945, -5.83788350923e-05, -0.00146883225534, 0.00117461371701, 0.000823691370897, -0.00119356845971, -0.000125593622215, 0.0102342478931]]
    },
    "spectral_contrast_coeffs": {
        "max": [-0.426619470119, -0.476463615894, -0.484713643789, -0.578006207943, -0.552366554737, -0.354572415352],
        "mean": [-0.711215078831, -0.736063599586, -0.782126843929, -0.811352431774, -0.794431626797, -0.604936957359],
        "min": [-0.871850073338, -0.91360449791, -0.916084110737, -0.915089547634, -0.884632050991, -0.959376215935],
        "stdev": [0.0717080682516, 0.0651575997472, 0.0833996683359, 0.0561919808388, 0.0540725588799, 0.0901090577245]
    },
    "spectral_contrast_valleys": {
        "max": [-4.4724855423, -4.62006282806, -6.01437234879, -6.57126522064, -6.36508369446, -9.55452919006],
        "mean": [-5.7715754509, -6.64481210709, -8.02433872223, -8.40993499756, -8.44173908234, -13.3645067215],
        "min": [-8.11871242523, -8.25738334656, -10.1191959381, -9.99964618683, -13.2649688721, -15.6799249649],
        "stdev": [0.438775241375, 0.55460780859, 0.649535238743, 0.550826609135, 0.975380659103, 1.36320281029]
    }
},
"rhythm": {
    "beats_count": 69,
    "beats_loudness": {
        "max": 0.150734335184,
        "mean": 0.0704384595156,
        "min": 0.0280870571733,
        "stdev": 0.026908474043
    },
    "bpm": 116.168861389,
    "bpm_histogram_first_peak_bpm": 117,
    "bpm_histogram_first_peak_weight": 0.492307662964,
    "bpm_histogram_second_peak_bpm": 112,
    "bpm_histogram_second_peak_spread": 0,
    "bpm_histogram_second_peak_weight": 0.0441176481545,
    "danceability": 1.35647237301,
    "onset_rate": 3.33309817314,
    "beats_loudness_band_ratio": {
        "max": [0.964326679707, 0.813572525978, 0.353079527617, 0.239217504859, 0.126863032579, 0.0259132310748],
        "mean": [0.735441863537, 0.291819870472, 0.0879750847816, 0.0176091101021, 0.00866255816072, 0.00534936506301],
        "min": [0.431557148695, 0.0301600582898, 0.0092000272125, 0.000897253514268, 0.000443682511104, 1.86806646525e-05],
        "stdev": [0.127462550998, 0.209078356624, 0.079626493156, 0.0334409512579, 0.0173458140343, 0.00548755610362]
    },
    "beats_position": [0.53405892849, 1.05650794506, 1.57895684242, 2.10140585899, 2.62385487556, 3.13469386101, 3.64553284645, 4.1679816246, 4.67882061005, 5.20126962662, 5.71210861206, 6.23455762863, 6.7570066452, 7.26784563065, 7.79029464722, 8.31274318695, 8.82358264923, 9.34603118896, 9.86848068237, 10.379319191, 10.8901586533, 11.412607193, 11.9350566864, 12.445895195, 12.9567346573, 13.479183197, 14.0016326904, 14.512471199, 15.0233106613, 15.5341491699, 16.0449886322, 16.5790481567, 17.0898857117, 17.6239452362, 18.1347846985, 18.6572322845, 19.179681778, 19.6905212402, 20.2129707336, 20.7238082886, 21.246257782, 21.7570972443, 22.2679367065, 22.7903842926, 23.312833786, 23.8236732483, 24.3345127106, 24.8569602966, 25.37940979, 25.8902492523, 26.4126987457, 26.9351463318, 27.4459857941, 27.9568252563, 28.4676647186, 29.0017223358, 29.5125617981, 30.0234012604, 30.5458488464, 31.0682983398, 31.5791378021, 32.0899772644, 32.6008148193, 33.1232643127, 33.6457138062, 34.1681632996, 34.690612793, 35.2014503479, 35.7122879028],
