{
"metadata": {
    "version": {
        "essentia": "2.1-beta5",
        "essentia_git_sha": "Undefined",
        "extractor": "music 2.0"
    },
    "audio_properties": {
        "analysis": {
            "equal_loudness": 0,
            "length": 48.7502937317,
            "sample_rate": 44100,
            "start_time": 12.7477550507,
            "downmix": "mix"
        },
        "bit_rate": 192000,
        "length": 197.00970459,
        "lossless": 0,
        "number_channels": 2,
        "replay_gain": 5.53150367737,
        "sample_rate": 48000,
        "codec": "mp3",
        "md5_encoded": "47f4a201ae4d839aa944fa1de5f8485f"
    },
    "tags": {
        "file_name": "Hungary_Running_András Kállay-Saunders.mp3",
        "encoding": ["Lavf58.29.100"]
    }
},
"lowlevel": {
    "average_loudness": 0.982723355293,
    "barkbands_crest": {
        "max": 24.0344676971,
        "mean": 12.7882595062,
        "min": 3.19660949707,
        "stdev": 3.50562906265
    },
    "barkbands_flatness_db": {
        "max": 0.431807100773,
        "mean": 0.253048866987,
        "min": 0.12158998847,
        "stdev": 0.0510264858603
    },
    "barkbands_kurtosis": {
        "max": 57.3371963501,
        "mean": 6.81147575378,
        "min": -1.77883470058,
        "stdev": 7.46362352371
    },
    "barkbands_skewness": {
        "max": 6.20915031433,
        "mean": 2.06331968307,
        "min": -2.53040528297,
        "stdev": 1.06398284435
    },
    "barkbands_spread": {
        "max": 66.0093307495,
        "mean": 14.4431009293,
        "min": 1.57132363319,
        "stdev": 11.1053094864
    },
    "dissonance": {
        "max": 0.500000119209,
        "mean": 0.452266931534,
        "min": 0.246249690652,
        "stdev": 0.0375003777444
    },
    "dynamic_complexity": 1.70051932335,
    "erbbands_crest": {
        "max": 29.399471283,
        "mean": 10.2018852234,
        "min": 2.21552658081,
        "stdev": 4.93868780136
    },
    "erbbands_flatness_db": {
        "max": 0.345322668552,
        "mean": 0.222731098533,
        "min": 0.11286573112,
        "stdev": 0.0420009456575
    },
    "erbbands_kurtosis": {
        "max": 24.680355072,
        "mean": 1.2743537426,
        "min": -1.78432750702,
        "stdev": 2.68977308273
    },
    "erbbands_skewness": {
        "max": 3.76234960556,
        "mean": 0.576178491116,
        "min": -2.90720510483,
        "stdev": 0.853521823883
    },
    "erbbands_spread": {
        "max": 129.498733521,
        "mean": 34.1799736023,
        "min": 4.73083209991,
        "stdev": 19.6856536865
    },
    "hfc": {
        "max": 114.895828247,
        "mean": 21.4136009216,
        "min": 1.81841754913,
        "stdev": 14.1777801514
    },
    "loudness_ebu128": {
        "integrated": -27.4863395691,
        "loudness_range": 1.45749092102,
        "momentary": {
            "max": -23.3698921204,
            "mean": -27.6452178955,
            "min": -31.0962772369,
            "stdev": 1.17259252071
        },
        "short_term": {
            "max": -25.9825973511,
            "mean": -27.5923938751,
            "min": -28.6932468414,
            "stdev": 0.521879255772
        }
    },
    "melbands_crest": {
        "max": 31.4517707825,
        "mean": 20.5464191437,
        "min": 2.91746640205,
        "stdev": 4.96977615356
    },
    "melbands_flatness_db": {
        "max": 0.592839241028,
        "mean": 0.328384399414,
        "min": 0.0469716601074,
        "stdev": 0.0824404731393
    },
    "melbands_kurtosis": {
        "max": 126.176361084,
        "mean": 16.6945552826,
        "min": -1.6583006382,
        "stdev": 16.6685504913
    },
    "melbands_skewness": {
        "max": 9.55972290039,
        "mean": 3.03391456604,
        "min": -0.452537298203,
        "stdev": 1.57923400402
    },
    "melbands_spread": {
        "max": 183.588943481,
        "mean": 13.2154474258,
        "min": 1.42109382153,
        "stdev": 12.8058156967
    },
    "pitch_salience": {
        "max": 0.830037176609,
        "mean": 0.47455868125,
        "min": 0.175381109118,
        "stdev": 0.088562451303
    },
    "silence_rate_20dB": {
        "max": 1,
        "mean": 1,
        "min": 1,
        "stdev": 0
    },
    "silence_rate_30dB": {
        "max": 1,
        "mean": 0.971918106079,
        "min": 0,
        "stdev": 0.165206834674
    },
    "silence_rate_60dB": {
        "max": 0,
        "mean": 0,
        "min": 0,
        "stdev": 0
    },
    "spectral_centroid": {
        "max": 4838.25,
        "mean": 982.804931641,
        "min": 242.010848999,
        "stdev": 684.835754395
    },
    "spectral_complexity": {
        "max": 52,
        "mean": 17.7563056946,
        "min": 2,
        "stdev": 7.59509944916
    },
    "spectral_decrease": {
        "max": -7.57366724891e-10,
        "mean": -1.5900461392e-08,
        "min": -5.38157891583e-08,
        "stdev": 5.63741497928e-09
    },
    "spectral_energy": {
        "max": 0.210270732641,
        "mean": 0.0619543381035,
        "min": 0.00317370938137,
        "stdev": 0.0218441542238
    },
    "spectral_energyband_high": {
        "max": 0.0143850548193,
        "mean": 0.000781708338764,
        "min": 7.47618500441e-09,
        "stdev": 0.00169856485445
    },
    "spectral_energyband_low": {
        "max": 0.14059214294,
        "mean": 0.0387185961008,
        "min": 6.54315385873e-07,
        "stdev": 0.0139321824536
    },
    "spectral_energyband_middle_high": {
        "max": 0.0399844832718,
        "mean": 0.00497632985935,
        "min": 0.000165266101249,
        "stdev": 0.00514191715047
    },
    "spectral_energyband_middle_low": {
        "max": 0.155387476087,
        "mean": 0.0199659001082,
        "min": 0.000474441098049,
        "stdev": 0.0141504593194
    },
    "spectral_entropy": {
        "max": 8.39123916626,
        "mean": 7.148873806,
        "min": 5.50255680084,
        "stdev": 0.47970110178
    },
    "spectral_flux": {
        "max": 0.356340944767,
        "mean": 0.0895590409636,
        "min": 0.0196553897113,
        "stdev": 0.0454808361828
    },
    "spectral_kurtosis": {
        "max": 60.8450813293,
        "mean": 6.31253242493,
        "min": -1.43771588802,
        "stdev": 7.58297586441
    },
    "spectral_rms": {
        "max": 0.0143227856606,
        "mean": 0.00764337694272,
        "min": 0.00175963109359,
        "stdev": 0.00142198067624
    },
    "spectral_rolloff": {
        "max": 7450.48828125,
        "mean": 661.462280273,
        "min": 86.1328125,
        "stdev": 824.157531738
    },
    "spectral_skewness": {
        "max": 5.59238767624,
        "mean": 1.55572628975,
        "min": -0.425504714251,
        "stdev": 0.826538860798
    },
    "spectral_spread": {
        "max": 14045591,
        "mean": 3133730,
        "min": 918254.25,
        "stdev": 1297400.75
    },
    "spectral_strongpeak": {
        "max": 6.43934106827,
        "mean": 0.505297541618,
        "min": 0,
        "stdev": 0.605381906033
    },
    "zerocrossingrate": {
        "max": 0.2822265625,
        "mean": 0.0307531189173,
        "min": 0.00341796875,
        "stdev": 0.0243465155363
    },
    "barkbands": {
        "max": [0.0125807421282, 0.117536813021, 0.0934981256723, 0.0446092188358, 0.131618767977, 0.0478702150285, 0.0342831760645, 0.0467420518398, 0.0456229411066, 0.0400298200548, 0.0163258817047, 0.00891958456486, 0.022107405588, 0.00979568064213, 0.00773142185062, 0.00577441090718, 0.00816510245204, 0.00661095464602, 0.00715492246673, 0.00606393441558, 0.00569615140557, 0.00689735542983, 0.00546687375754, 0.00241391686723, 2.68411422439e-05, 6.1755877141e-06, 6.58804947307e-06],
        "mean": [0.0042753345333, 0.0270226430148, 0.00559728359804, 0.00300134182908, 0.00665640505031, 0.00207365956157, 0.00181751162745, 0.00344508653507, 0.00199511018582, 0.0018723931862, 0.000700356962625, 0.000481731432956, 0.000581800239161, 0.000311084120767, 0.00025827033096, 0.000200407303055, 0.000193908723304, 0.000325145956594, 0.000275710917776, 0.000168684331584, 0.000163856049767, 0.000281080574496, 0.000205438409466, 4.97664696013e-05, 2.74476349205e-07, 5.14047604483e-09, 5.41864331183e-09],
        "min": [8.0501676436e-09, 9.41890121453e-08, 1.80975192166e-07, 1.68486712937e-06, 6.22203078819e-05, 1.59118815191e-06, 9.82973779173e-06, 1.56371970661e-05, 9.33779574552e-06, 1.02391422843e-05, 9.5723053164e-06, 6.6358766162e-06, 7.85986230767e-06, 3.62206901627e-06, 1.48502897446e-06, 2.85544911094e-06, 3.47942062717e-07, 4.34230378232e-06, 5.52512688046e-07, 1.16693243957e-09, 3.96490451582e-10, 2.57790316871e-10, 3.4406960614e-10, 2.6955060406e-10, 2.67367517015e-10, 4.10124711969e-10, 5.11972408912e-10],
        "stdev": [0.00303616025485, 0.0118125239387, 0.00686549255624, 0.00413184519857, 0.00811359938234, 0.00372106255963, 0.003632273525, 0.00608548615128, 0.00435447972268, 0.00392586924136, 0.00131758092903, 0.000731796084438, 0.00136550643947, 0.000598477839958, 0.000568674644455, 0.000394050875911, 0.000403331883717, 0.000615597120486, 0.000515420571901, 0.000430414278526, 0.000492750725243, 0.000676351075526, 0.000526381307282, 0.00015242335212, 1.44697810356e-06, 1.34673754815e-07, 1.43664891539e-07]
    },
    "erbbands": {
        "max": [3.92650103569, 24.2859764099, 83.0001449585, 110.922554016, 163.924636841, 692.339233398, 399.313781738, 259.826660156, 369.245300293, 1009.0770874, 897.775024414, 880.901245117, 1380.98059082, 493.953674316, 661.988708496, 361.448608398, 630.344909668, 597.89263916, 290.618743896, 351.414367676, 377.138244629, 292.379821777, 368.266723633, 210.664352417, 335.818634033, 265.9765625, 286.522979736, 238.307373047, 227.965698242, 253.718612671, 189.954467773, 82.5053787231, 22.5545501709, 1.15008318424, 0.0443537831306, 0.024626923725, 0.0114121176302, 0.00407859496772, 0.000945102772675, 0.000239030196099],
        "mean": [1.44337654114, 3.44423627853, 5.09983301163, 10.5419187546, 8.21742534637, 25.3387985229, 34.0279464722, 15.9207077026, 17.4077911377, 56.3876647949, 63.9631347656, 45.7856788635, 68.5235671997, 30.3037223816, 29.3557052612, 17.700088501, 24.6288280487, 17.6991443634, 14.9200658798, 11.9871797562, 12.4578351974, 10.8907909393, 18.799200058, 13.4720144272, 13.3302736282, 7.96062994003, 6.17534923553, 7.48701047897, 9.54269313812, 9.0574054718, 5.38378095627, 1.91927909851, 0.444153994322, 0.0241422466934, 0.00103919778485, 0.000157366026542, 5.08006305608e-05, 1.35168929773e-05, 3.23454441968e-05, 7.01820827089e-05],
        "min": [7.17570355846e-06, 9.41011458053e-05, 0.00111132988241, 0.0142887374386, 0.0627009123564, 0.172579303384, 0.195723205805, 0.0861446112394, 0.225749284029, 0.162926316261, 0.443967044353, 0.378926813602, 0.622693777084, 0.440360367298, 0.571541845798, 0.437051862478, 0.387980937958, 0.279048830271, 0.269411146641, 0.216631904244, 0.198898747563, 0.0720768347383, 0.215722218156, 0.0626674741507, 0.0391393862665, 0.00181201100349, 0.000175047127414, 0.000119899115816, 3.66680251318e-05, 2.92932763841e-05, 2.3957069061e-05, 2.62783651124e-05, 2.42899004661e-05, 1.7777818357e-05, 9.32011244004e-06, 5.74965770284e-06, 2.97705355479e-06, 1.03926140582e-06, 2.39833707383e-06, 4.06751496485e-06],
        "stdev": [0.53749859333, 2.58615231514, 5.96423435211, 11.1257581711, 13.440290451, 33.7117500305, 46.3410491943, 22.6815624237, 26.53997612, 84.6357879639, 116.907493591, 91.0308532715, 135.514770508, 44.9569664001, 49.0697441101, 26.3341426849, 49.9723052979, 36.1107902527, 24.5134887695, 25.565448761, 24.0780220032, 18.9229049683, 35.3655090332, 22.3308200836, 25.548915863, 20.101518631, 19.484003067, 20.7701873779, 22.8268508911, 22.299369812, 14.4250993729, 5.64725017548, 1.42947280407, 0.0872898474336, 0.00324457953684, 0.00061089702649, 0.000254775193753, 9.03539912542e-05, 2.32521106227e-05, 2.43974955083e-05]
    },
    "gfcc": {
        "mean": [-31.7226200104, 184.429656982, -137.935638428, 54.1132545471, -51.8617019653, 1.88204956055, 0.418781816959, -13.9760293961, 14.344745636, -23.9215774536, 7.60171079636, -5.56967353821, -5.10544967651],
        "cov": [[2251.32104492, -1304.05749512, -240.565856934, 771.180725098, -992.250183105, 667.395874023, -296.089233398, 12.862452507, 313.544616699, -222.550048828, 171.643920898, -106.569358826, -19.4834423065], [-1304.05749512, 1592.6484375, 87.6633148193, -817.988037109, 1003.35357666, -596.826599121, 305.80291748, 69.440246582, -182.856185913, 145.554489136, -21.446100235, 74.0946044922, -79.7473297119], [-240.565856934, 87.6633148193, 652.472167969, 100.963127136, -32.886138916, 133.305984497, -88.1131591797, 24.2399044037, 48.2263412476, 18.2794456482, 70.5617752075, 47.7319335938, 63.745716095], [771.180725098, -817.988037109, 100.963127136, 730.027648926, -495.458068848, 282.332855225, -120.792457581, -87.5552139282, 161.278137207, -52.7252426147, 12.301404953, 23.6779289246, 73.0269927979], [-992.250183105, 1003.35357666, -32.886138916, -495.458068848, 901.557373047, -453.589538574, 220.325485229, 100.452064514, -211.017532349, 170.575546265, -34.3577270508, 32.6777610779, -19.2088069916], [667.395874023, -596.826599121, 133.305984497, 282.332855225, -453.589538574, 497.376251221, -144.16192627, 7.40299224854, 151.957763672, -99.3805236816, 91.8851242065, -62.6054458618, 28.8672332764], [-296.089233398, 305.80291748, -88.1131591797, -120.792457581, 220.325485229, -144.16192627, 248.550109863, -25.1069812775, -53.9660835266, 94.3183898926, -85.6721725464, 46.0927009583, -17.7966041565], [12.862452507, 69.440246582, 24.2399044037, -87.5552139282, 100.452064514, 7.40299224854, -25.1069812775, 171.403274536, 4.27104616165, -12.059091568, 95.8603668213, -30.1560764313, -22.934595108], [313.544616699, -182.856185913, 48.2263412476, 161.278137207, -211.017532349, 151.957763672, -53.9660835266, 4.27104616165, 193.516876221, -51.7437667847, 39.0622444153, 19.9408512115, -37.6377449036], [-222.550048828, 145.554489136, 18.2794456482, -52.7252426147, 170.575546265, -99.3805236816, 94.3183898926, -12.059091568, -51.7437667847, 164.102874756, -49.7900314331, 11.0658731461, 42.8122634888], [171.643920898, -21.446100235, 70.5617752075, 12.301404953, -34.3577270508, 91.8851242065, -85.6721725464, 95.8603668213, 39.0622444153, -49.7900314331, 178.662521362, -16.3360424042, -42.764995575], [-106.569358826, 74.0946044922, 47.7319335938, 23.6779289246, 32.6777610779, -62.6054458618, 46.0927009583, -30.1560764313, 19.9408512115, 11.0658731461, -16.3360424042, 100.735122681, -4.228703022], [-19.4834423065, -79.7473297119, 63.745716095, 73.0269927979, -19.2088069916, 28.8672332764, -17.7966041565, -22.934595108, -37.6377449036, 42.8122634888, -42.764995575, -4.228703022, 145.806762695]],
        "icov": [[0.00260785431601, -0.00461124582216, 0.0036712300498, -0.00480993604288, 0.0042913663201, -0.00445152120665, 0.00381931825541, -0.0044930614531, 0.00326122669503, -0.00278882612474, 0.00202898797579, -0.00163393910043, 0.00204494129866], [-0.00461124582216, 0.0235207024962, -0.0127682648599, 0.0192096568644, -0.0179073400795, 0.0177949778736, -0.0178452469409, 0.0193219706416, -0.018453957513, 0.0132054714486, -0.0141792008653, 0.00968527887017, -0.00933072902262], [0.0036712300498, -0.0127682648599, 0.00986899062991, -0.0111247403547, 0.0097686490044, -0.0113114770502, 0.0109917130321, -0.0110305137932, 0.00972813274711, -0.00809879507869, 0.00675597088411, -0.00706519093364, 0.00456301681697], [-0.00480993604288, 0.0192096568644, -0.0111247403547, 0.0189728885889, -0.0140470303595, 0.0148899238557, -0.0146108949557, 0.016897816211, -0.0159057918936, 0.0104002635926, -0.0115783335641, 0.00689670303836, -0.00905452761799], [0.0042913663201, -0.0179073400795, 0.0097686490044, -0.0140470303595, 0.0177092235535, -0.0118757346645, 0.0122744180262, -0.016634715721, 0.0148882195354, -0.0114646190777, 0.00972349196672, -0.007155562751, 0.00696351611987], [-0.00445152120665, 0.0177949778736, -0.0113114770502, 0.0148899238557, -0.0118757346645, 0.0199131555855, -0.0152370026335, 0.0152379497886, -0.0161389559507, 0.011204553768, -0.0126621704549, 0.0113482829183, -0.00918489415199], [0.00381931825541, -0.0178452469409, 0.0109917130321, -0.0146108949557, 0.0122744180262, -0.0152370026335, 0.0221571046859, -0.015325547196, 0.0148683022708, -0.0135584659874, 0.0141673842445, -0.0115286847576, 0.00982996635139], [-0.0044930614531, 0.0193219706416, -0.0110305137932, 0.016897816211, -0.016634715721, 0.0152379497886, -0.015325547196, 0.026992496103, -0.0170763898641, 0.0117560802028, -0.0171810928732, 0.0111701460555, -0.0090814717114], [0.00326122669503, -0.018453957513, 0.00972813274711, -0.0159057918936, 0.0148882195354, -0.0161389559507, 0.0148683022708, -0.0170763898641, 0.0246383305639, -0.0110312877223, 0.0125190941617, -0.0117842210457, 0.0112704057246], [-0.00278882612474, 0.0132054714486, -0.00809879507869, 0.0104002635926, -0.0114646190777, 0.011204553768, -0.0135584659874, 0.0117560802028, -0.0110312877223, 0.0180382337421, -0.00794743094593, 0.00768721615896, -0.00860472023487], [0.00202898797579, -0.0141792008653, 0.00675597088411, -0.0115783335641, 0.00972349196672, -0.0126621704549, 0.0141673842445, -0.0171810928732, 0.0125190941617, -0.00794743094593, 0.0210715960711, -0.00833494774997, 0.00967960711569], [-0.00163393910043, 0.00968527887017, -0.00706519093364, 0.00689670303836, -0.007155562751, 0.0113482829183, -0.0115286847576, 0.0111701460555, -0.0117842210457, 0.00768721615896, -0.00833494774997, 0.020709650591, -0.00526909111068], [0.00204494129866, -0.00933072902262, 0.00456301681697, -0.00905452761799, 0.00696351611987, -0.00918489415199, 0.00982996635139, -0.0090814717114, 0.0112704057246, -0.00860472023487, 0.00967960711569, -0.00526909111068, 0.015197542496]]
    },
    "melbands": {
        "max": [0.0351422280073, 0.0297510102391, 0.0167080070823, 0.0268226377666, 0.0161365214735, 0.00679983943701, 0.00625780690461, 0.0110234031454, 0.00790260080248, 0.00591468671337, 0.00714512029663, 0.00186586426571, 0.00229145796038, 0.0011456485372, 0.00151101732627, 0.0023927250877, 0.000877653015777, 0.000682318699546, 0.000837930594571, 0.000352665956598, 0.00056256580865, 0.000373372604372, 0.000394270289689, 0.000497354543768, 0.000164185257745, 0.000419427262386, 0.000262570742052, 0.000171699532075, 0.000189565573237, 0.000134759015054, 0.000187720550457, 0.000168540529558, 0.000194567619474, 0.000151835745783, 0.000130741900648, 6.58891585772e-05, 6.06160610914e-05, 2.23905335588e-05, 3.6071521663e-06, 3.00607638337e-07],
        "mean": [0.00975251477212, 0.00313198450021, 0.00169142580125, 0.00107127823867, 0.00134731468279, 0.000345666630892, 0.000299811887089, 0.000711832079105, 0.000482823263155, 0.000278386229184, 0.000345203181496, 0.000125847916934, 9.35133866733e-05, 6.48252680548e-05, 4.61667295895e-05, 5.52168567083e-05, 3.05160992866e-05, 2.48610976996e-05, 2.03500803764e-05, 1.33949733936e-05, 1.4680896129e-05, 1.08339636427e-05, 1.44799296322e-05, 1.61131538334e-05, 1.00356355688e-05, 1.1252238437e-05, 7.01811768522e-06, 4.8409883675e-06, 3.87648833566e-06, 3.55298880095e-06, 4.63415926788e-06, 5.25931045559e-06, 5.76781349082e-06, 4.70773738925e-06, 3.42718271895e-06, 1.81000928023e-06, 9.40797178828e-07, 3.78403143486e-07, 5.11691560234e-08, 2.0207073792e-09],
        "min": [2.94911757237e-08, 8.03160986607e-08, 4.54733662991e-06, 1.20258400784e-05, 1.03073780338e-05, 1.06600737126e-06, 3.52987899532e-06, 1.29767727231e-06, 3.05145886159e-06, 1.73184821506e-06, 1.92430456991e-06, 1.43025658872e-06, 1.75931700142e-06, 9.88929855339e-07, 5.06768799369e-07, 6.64839490128e-07, 4.20743504037e-07, 4.74067576306e-07, 5.85432964328e-08, 3.33022398991e-07, 1.83136549481e-07, 1.80716561715e-08, 1.17127122223e-07, 1.63527346331e-07, 2.3989489506e-08, 1.72655063579e-08, 8.58590976094e-10, 2.16621651172e-11, 6.96087631979e-12, 6.52678822446e-12, 2.91249121175e-12, 3.03471158793e-12, 3.45390990114e-12, 4.35458830453e-12, 4.0223020227e-12, 1.91649278912e-12, 2.3567820872e-12, 2.37177378432e-12, 2.01594145023e-12, 1.87119677392e-12],
        "stdev": [0.0037687656004, 0.00242828950286, 0.00178812060039, 0.00139128416777, 0.00170737924054, 0.000546226801816, 0.000517039617989, 0.00104922440369, 0.000906835892238, 0.000572580785956, 0.000698034011293, 0.000196985085495, 0.000158755516168, 9.85533115454e-05, 0.000115022943646, 0.00014078640379, 6.24890817562e-05, 4.44533943664e-05, 5.35453436896e-05, 2.57833053183e-05, 3.10967334372e-05, 2.02529754461e-05, 2.94122983178e-05, 3.44246109307e-05, 1.70924013219e-05, 2.38579250436e-05, 1.64792363648e-05, 1.36333519549e-05, 1.28364035845e-05, 1.10804403448e-05, 1.31767137646e-05, 1.30331964101e-05, 1.4949719116e-05, 1.18077623483e-05, 9.18460500543e-06, 5.39980055692e-06, 2.98062718684e-06, 1.25381245653e-06, 2.1634747327e-07, 1.28779849007e-08]
    },
    "melbands128": {
        "max": [0.0110786138102, 0.0294856484979, 0.0605427511036, 0.0459430888295, 0.037115778774, 0.0450792536139, 0.0260742902756, 0.0208275690675, 0.0178898498416, 0.0213109515607, 0.0501371622086, 0.0320170223713, 0.0186100471765, 0.0226733162999, 0.0072616757825, 0.00554095208645, 0.00633148243651, 0.0091153588146, 0.0140254423022, 0.0173458512872, 0.0132612818852, 0.0176939759403, 0.00856025051326, 0.0188371930271, 0.00674598291516, 0.0118112759665, 0.00545212579891, 0.0132443644106, 0.00890407525003, 0.00276100938208, 0.00387291703373, 0.0044288537465, 0.00378583394922, 0.00514731509611, 0.00206134165637, 0.00131175504066, 0.00164906482678, 0.00219995062798, 0.00408398034051, 0.00164028524887, 0.00454168068245, 0.00379853020422, 0.00160281709395, 0.00105357728899, 0.00216680159792, 0.000822709931526, 0.000607005727943, 0.00191939715296, 0.000844483380206, 0.000941328180488, 0.000372032431187, 0.000734174973331, 0.000860973552335, 0.00131863565184, 0.000803500763141, 0.000297031772789, 0.000280745822238, 0.000664032006171, 0.0010215943912, 0.000653541123029, 0.0011213296093, 0.000651440990623, 0.000224179544603, 0.000300999177853, 0.000217642475036, 0.000807869189885, 0.00037377118133, 0.000243679183768, 0.000476367393276, 0.000243032947765, 0.00020965540898, 0.000303508539218, 0.000169396938873, 0.00029972277116, 0.000214634215808, 0.000215908075916, 0.0001560577075, 0.000186760284123, 0.000294811587082, 0.000170150553458, 0.000251547578955, 0.000190855687833, 0.000251172139542, 0.000286767550278, 0.000225916868658, 0.000276848411886, 0.000169198829099, 0.000131845197757, 0.000158216935233, 0.000166374724358, 9.46631334955e-05, 6.5776403062e-05, 6.50185902487e-05, 9.7886302683e-05, 3.44179825333e-05, 2.83683311864e-05, 3.79256380256e-05, 1.01173645817e-05, 3.97943904318e-06, 1.14770966775e-06, 5.65432628719e-07, 1.0425064545e-07, 5.51827561424e-08, 5.20636866952e-08, 5.01789862994e-08, 4.8068987013e-08, 4.60056455154e-08, 4.41473346768e-08, 4.2536012046e-08, 4.08098443927e-08, 3.90472578715e-08, 3.74820032789e-08, 3.59750380596e-08, 3.50099078616e-08, 3.3940235511e-08, 3.27281028945e-08, 3.16437471781e-08, 3.0796595496e-08, 2.99312787888e-08, 2.90800734604e-08, 2.85037398129e-08, 2.7896465582e-08, 2.72795510625e-08, 2.6842791101e-08, 2.6534362263e-08, 2.61919215205e-08, 2.59734047603e-08, 2.58289230004e-08],
        "mean": [0.00411404762417, 0.0142969517037, 0.0106689007953, 0.00398809695616, 0.00208153319545, 0.00307760504074, 0.00237740925513, 0.00122092734091, 0.000672192720231, 0.000712787208613, 0.00149746902753, 0.00214499142021, 0.00121775362641, 0.000523622555193, 0.000386924453778, 0.000211467777262, 0.000174151777173, 0.000269096752163, 0.000536578590982, 0.000530147110112, 0.00100240204483, 0.000755569839384, 0.000302807835396, 0.000378520257073, 0.000242543304921, 0.000301041523926, 0.000208356344956, 0.000489807280246, 0.000319528975524, 9.81865887297e-05, 8.71829834068e-05, 9.88549873e-05, 6.80002049194e-05, 0.0001254293893, 8.95261691767e-05, 4.09438216593e-05, 2.92702206934e-05, 4.72844440083e-05, 5.78780964133e-05, 5.11790130986e-05, 6.98764706613e-05, 3.48345784005e-05, 2.33183873206e-05, 3.05034609482e-05, 3.64441730198e-05, 1.99034057005e-05, 1.71542615135e-05, 2.53734997386e-05, 2.03630625037e-05, 1.04457640191e-05, 1.11723302325e-05, 1.85025346582e-05, 1.43888591992e-05, 1.29238078443e-05, 1.5183006326e-05, 9.53369999479e-06, 7.98175642558e-06, 1.19786800497e-05, 1.55236139108e-05, 2.25378462346e-05, 1.84157652257e-05, 9.25425501919e-06, 1.05804001578e-05, 1.02777094071e-05, 8.69867926667e-06, 1.39171779665e-05, 1.10637311082e-05, 7.13749750503e-06, 6.9122147579e-06, 5.3310709518e-06, 5.00824717165e-06, 4.42369400844e-06, 4.12208009948e-06, 3.83432779927e-06, 3.55288580067e-06, 3.19583500641e-06, 3.7238510231e-06, 4.14060605181e-06, 4.79400341646e-06, 5.04413401359e-06, 5.20883213539e-06, 5.36521747563e-06, 5.37706409887e-06, 6.12349458606e-06, 5.87738986724e-06, 4.88705973112e-06, 4.43308681497e-06, 3.99999453293e-06, 3.51987796421e-06, 3.02092212223e-06, 2.13485031964e-06, 1.49203924593e-06, 1.12611428449e-06, 1.00096747246e-06, 8.0537103031e-07, 5.38748395229e-07, 2.94265277034e-07, 1.24888003938e-07, 4.73794976585e-08, 1.17274518985e-08, 3.22121507246e-09, 5.53317280882e-10, 5.00418317895e-11, 4.18535726909e-11, 4.01717686893e-11, 3.96824031967e-11, 4.42048272986e-11, 4.0940785484e-11, 3.51805008736e-11, 3.29750393657e-11, 3.17952712769e-11, 3.06524874927e-11, 2.93691737596e-11, 2.85005699596e-11, 2.77375622471e-11, 2.70670968278e-11, 2.71728872042e-11, 2.56977755048e-11, 2.48563513522e-11, 2.41224106662e-11, 2.35873803128e-11, 2.316260031e-11, 2.27594609825e-11, 2.21934692846e-11, 2.1129580724e-11, 1.94320219638e-11, 1.84981231721e-11, 1.82864313969e-11],
        "min": [4.75612571549e-09, 7.30271132454e-09, 9.08080721729e-09, 3.45564714621e-08, 4.18840251371e-08, 1.06961557833e-07, 1.29908741542e-07, 1.22704136629e-06, 2.00838690034e-06, 3.11935355057e-06, 1.05669005279e-06, 4.90072807224e-06, 1.35712775773e-06, 3.94969958961e-07, 2.38645725403e-07, 1.82160789564e-07, 1.61418461175e-06, 1.78520579652e-07, 6.68440122809e-07, 1.1082556739e-06, 9.19161834645e-07, 1.18617685985e-06, 8.13962799384e-07, 3.95581764678e-07, 5.8154813587e-07, 3.28874364186e-07, 1.06086439189e-07, 5.73602903842e-07, 7.95407459009e-07, 3.54313982598e-07, 6.80410323639e-07, 4.8937459951e-07, 5.34390267148e-07, 4.10044435739e-07, 4.03849639952e-07, 1.81632302088e-07, 1.42007806403e-07, 1.8304159255e-07, 4.31547135804e-08, 1.10635681949e-07, 3.09418908273e-07, 5.93287232675e-08, 9.28732006855e-08, 6.63648762611e-08, 9.414502955e-08, 9.9928463726e-08, 1.64702456118e-08, 4.09184224281e-08, 3.16383141907e-09, 1.30654358443e-08, 2.45446223346e-08, 1.64418541004e-08, 4.10785681026e-08, 6.67617925387e-08, 2.20934754935e-08, 1.0416490781e-08, 8.49513348555e-09, 3.44508555017e-09, 2.47180409474e-08, 6.41631103804e-08, 7.95050354441e-08, 5.13536413393e-08, 3.18513659892e-09, 4.68368510642e-10, 5.49866430166e-10, 4.00010885526e-10, 1.54975876576e-09, 5.1942455892e-10, 6.4501716468e-11, 4.56473643606e-11, 1.59830204627e-11, 1.30655364999e-11, 5.77047480979e-12, 4.24344717351e-12, 7.6333227933e-12, 4.8963350735e-12, 3.36288527407e-12, 3.26837797278e-12, 1.74000798579e-12, 2.35263197812e-12, 2.70433892294e-12, 2.52196223974e-12, 2.01362407651e-12, 2.30881394732e-12, 3.54580731096e-12, 1.60510992518e-12, 2.45227991559e-12, 1.96557895828e-12, 3.64231561578e-12, 2.26520299913e-12, 1.68843324738e-12, 9.66982245144e-13, 1.58389447391e-12, 1.4622171746e-12, 1.57999232187e-12, 1.24354335423e-12, 1.4233827875e-12, 1.77609901612e-12, 1.62192449141e-12, 1.3172119645e-12, 1.22511907303e-12, 1.77955220004e-12, 1.50580264403e-12, 1.48187516945e-12, 1.53784721502e-12, 1.12876667648e-12, 1.28418814211e-12, 9.42279132325e-13, 1.50138148441e-12, 1.26931603249e-12, 1.45490423095e-12, 1.56662573539e-12, 1.36439427464e-12, 1.36243728972e-12, 1.2852504434e-12, 1.72319114273e-12, 1.34582232511e-12, 1.49353587223e-12, 1.39154898542e-12, 1.3264257314e-12, 1.55517721097e-12, 1.74246641421e-12, 1.72756991004e-12, 1.58027269655e-12, 1.22885068007e-12, 3.91706415567e-13, 5.54780695125e-14, 2.19890388382e-15],
        "stdev": [0.00286647770554, 0.00567668909207, 0.00622306251898, 0.00371145945974, 0.00282481778413, 0.00356864091009, 0.00261764973402, 0.00199518422596, 0.0014002576936, 0.00135346583556, 0.00223380164243, 0.00311652175151, 0.0018871674547, 0.00152109621558, 0.000615448341705, 0.000351302907802, 0.000345702806953, 0.000532087753527, 0.00135363487061, 0.0011204861803, 0.00185884267557, 0.00188803812489, 0.00087737373542, 0.00144374475349, 0.000613539712504, 0.000896763813216, 0.000444756704383, 0.00127815385349, 0.000767826801166, 0.000196762310225, 0.000225052630412, 0.000276931212284, 0.000156737209181, 0.000317472236929, 0.000166064157384, 8.44162350404e-05, 7.79542388045e-05, 0.000169425533386, 0.000193191852304, 0.000124799262267, 0.000250154262176, 0.00016525691899, 6.2052240537e-05, 7.12290711817e-05, 0.000107287589344, 3.9713071601e-05, 3.72617978428e-05, 0.000101109879324, 5.93804943492e-05, 3.89650194847e-05, 2.38079101109e-05, 4.48086138931e-05, 3.99124182877e-05, 4.69709048048e-05, 4.18683885073e-05, 2.00333433895e-05, 1.79506350833e-05, 3.54581388819e-05, 4.7284484026e-05, 5.12860715389e-05, 6.16765610175e-05, 2.7926544135e-05, 2.0572784706e-05, 2.48429587373e-05, 2.03944982786e-05, 4.03602825827e-05, 2.92847871606e-05, 1.93674841285e-05, 2.4347244107e-05, 1.62623146025e-05, 1.55707057274e-05, 1.50793748617e-05, 1.31637652885e-05, 1.54781064339e-05, 1.31408824018e-05, 1.12017278298e-05, 1.26717650346e-05, 1.30289599838e-05, 1.54247081809e-05, 1.46511001731e-05, 1.43211655086e-05, 1.47331038534e-05, 1.40504880619e-05, 1.84117234312e-05, 1.63870063261e-05, 1.39299609145e-05, 1.19200094559e-05, 1.01524356069e-05, 1.00493680293e-05, 9.96047674562e-06, 6.85927852828e-06, 4.68103917228e-06, 3.75845070266e-06, 3.65371306543e-06, 2.50972493632e-06, 1.74120862084e-06, 1.32877232772e-06, 5.53401719117e-07, 2.15619721189e-07, 6.18097288907e-08, 2.44647839764e-08, 4.05349975807e-09, 1.204244926e-09, 1.13541531732e-09, 1.09431042006e-09, 1.04831299197e-09, 1.00482777654e-09, 9.63491841866e-10, 9.276273083e-10, 8.89962270545e-10, 8.51517745204e-10, 8.17380607643e-10, 7.84519782471e-10, 7.63472784993e-10, 7.40140615463e-10, 7.13699710442e-10, 6.90037249562e-10, 6.71573296973e-10, 6.52704890136e-10, 6.341446257e-10, 6.21575513282e-10, 6.08331218732e-10, 5.94876037319e-10, 5.85355486304e-10, 5.78646464078e-10, 5.71209246569e-10, 5.6645826918e-10, 5.63310453838e-10]
    },
    "mfcc": {
        "mean": [-665.591430664, 194.716262817, -18.5431861877, 54.0851707458, -17.9810905457, 28.1137542725, -16.4628486633, 34.7909240723, -14.0841760635, 16.2490539551, 0.575639009476, 2.76610088348, -1.48419296741],
        "cov": [[3110.84399414, -2382.89379883, 596.217956543, -75.1026229858, -466.25592041, 479.730712891, -596.486206055, 372.704071045, -261.714813232, 348.305206299, -292.9402771, 317.421081543, -295.827636719], [-2382.89379883, 3011.36865234, -1083.69799805, 4.31145524979, 479.853210449, -571.437255859, 594.200256348, -210.069824219, 96.0556335449, -177.996917725, 396.739990234, -383.609436035, 380.539611816], [596.217956543, -1083.69799805, 1180.84094238, -155.705078125, 3.09929203987, 258.338745117, -276.738922119, 159.478713989, -102.878730774, 93.6090164185, -158.168518066, 236.002075195, -148.193328857], [-75.1026229858, 4.31145524979, -155.705078125, 505.24005127, -131.593200684, 106.071861267, -18.8666496277, -91.1716918945, 140.590377808, -147.00579834, 21.6234207153, -3.18818116188, 50.5816078186], [-466.25592041, 479.853210449, 3.09929203987, -131.593200684, 460.265686035, -238.229125977, 165.720397949, 13.7998914719, -99.8530349731, 88.6504364014, 7.11957979202, 19.4178409576, 50.2363624573], [479.730712891, -571.437255859, 258.338745117, 106.071861267, -238.229125977, 370.97177124, -173.748901367, 29.2241954803, 78.9788360596, -20.5151309967, -45.9424514771, 60.1493186951, -68.2606582642], [-596.486206055, 594.200256348, -276.738922119, -18.8666496277, 165.720397949, -173.748901367, 401.011444092, -200.445449829, 122.33997345, -54.7669677734, 40.8594703674, -42.8590545654, 51.059299469], [372.704071045, -210.069824219, 159.478713989, -91.1716918945, 13.7998914719, 29.2241954803, -200.445449829, 366.857055664, -235.341140747, 150.251449585, 16.4120044708, 25.2243328094, 10.7017707825], [-261.714813232, 96.0556335449, -102.878730774, 140.590377808, -99.8530349731, 78.9788360596, 122.33997345, -235.341140747, 341.37411499, -169.278656006, 26.9251480103, -32.9014396667, -3.4008975029], [348.305206299, -177.996917725, 93.6090164185, -147.00579834, 88.6504364014, -20.5151309967, -54.7669677734, 150.251449585, -169.278656006, 263.851593018, -74.2946624756, 76.1288986206, -36.5428199768], [-292.9402771, 396.739990234, -158.168518066, 21.6234207153, 7.11957979202, -45.9424514771, 40.8594703674, 16.4120044708, 26.9251480103, -74.2946624756, 244.855621338, -93.1264266968, 112.931793213], [317.421081543, -383.609436035, 236.002075195, -3.18818116188, 19.4178409576, 60.1493186951, -42.8590545654, 25.2243328094, -32.9014396667, 76.1288986206, -93.1264266968, 193.26713562, -78.82447052], [-295.827636719, 380.539611816, -148.193328857, 50.5816078186, 50.2363624573, -68.2606582642, 51.059299469, 10.7017707825, -3.4008975029, -36.5428199768, 112.931793213, -78.82447052, 175.098770142]],
        "icov": [[0.00122588628437, 0.000884759065229, 0.000534837774467, 0.000153384244186, 0.000340557977324, -0.000329831294948, 0.000268478062935, -0.000210596073885, 0.000284149020445, -0.000828017829917, -0.000208014986129, -0.000469784863526, 2.03194958885e-05], [0.000884759065229, 0.00167191249784, 0.000830186181702, 0.000140513162478, -0.000505159725435, 6.06096193678e-07, -0.000355914467946, -0.000152847118443, 0.000182766045327, -0.000366923544789, -0.000721343734767, 0.000412347260863, -0.000640587008093], [0.000534837774467, 0.000830186181702, 0.00217772158794, 0.000879909028299, -0.000979213160463, -0.00124608678743, 0.000724997313228, -0.000314624368912, 0.000165767341969, 0.000650234462228, 5.62448767596e-05, -0.00150351482444, -0.000282927125227], [0.000153384244186, 0.000140513162478, 0.000879909028299, 0.00319857290015, 1.44565074152e-05, -0.000969977932982, 0.000661952595692, -1.1640878256e-05, -0.000436629634351, 0.00155305908993, 0.000594155746512, -0.00159195275046, -0.00158433639444], [0.000340557977324, -0.000505159725435, -0.000979213160463, 1.44565074152e-05, 0.00505050178617, 0.00215410790406, -0.00112558552064, -0.000212388200453, 0.000509877398144, -0.00138283602428, 0.000344160362147, -0.00115044624545, -0.000446299411124], [-0.000329831294948, 6.06096193678e-07, -0.00124608678743, -0.000969977932982, 0.00215410790406, 0.00650657853112, 0.000751481100451, -0.000636304204818, -0.00217388593592, -0.000771493359935, -0.000170958883245, 4.36348091171e-05, 0.000331962219207], [0.000268478062935, -0.000355914467946, 0.000724997313228, 0.000661952595692, -0.00112558552064, 0.000751481100451, 0.00604520086199, 0.00210620439611, -0.00136293342803, -0.000558793719392, -7.58749683882e-06, -0.00122040428687, -0.000313754106173], [-0.000210596073885, -0.000152847118443, -0.000314624368912, -1.1640878256e-05, -0.000212388200453, -0.000636304204818, 0.00210620439611, 0.00712266238406, 0.00325541570783, -0.00190298084635, -0.00163520383649, 0.000455557514215, -0.000597359379753], [0.000284149020445, 0.000182766045327, 0.000165767341969, -0.000436629634351, 0.000509877398144, -0.00217388593592, -0.00136293342803, 0.00325541570783, 0.00763058196753, 0.00170206872281, -0.000797096639872, 7.62427371228e-05, 0.000605849258136], [-0.000828017829917, -0.000366923544789, 0.000650234462228, 0.00155305908993, -0.00138283602428, -0.000771493359935, -0.000558793719392, -0.00190298084635, 0.00170206872281, 0.00880650989711, 0.00188681820873, -0.00206679594703, -0.000400957273087], [-0.000208014986129, -0.000721343734767, 5.62448767596e-05, 0.000594155746512, 0.000344160362147, -0.000170958883245, -7.58749683882e-06, -0.00163520383649, -0.000797096639872, 0.00188681820873, 0.00732784019783, 0.000465164106572, -0.00310949119739], [-0.000469784863526, 0.000412347260863, -0.00150351482444, -0.00159195275046, -0.00115044624545, 4.36348091171e-05, -0.00122040428687, 0.000455557514215, 7.62427371228e-05, -0.00206679594703, 0.000465164106572, 0.0102329039946, 0.00204934342764], [2.03194958885e-05, -0.000640587008093, -0.000282927125227, -0.00158433639444, -0.000446299411124, 0.000331962219207, -0.000313754106173, -0.000597359379753, 0.000605849258136, -0.000400957273087, -0.00310949119739, 0.00204934342764, 0.010597393848]]
    },
    "spectral_contrast_coeffs": {
        "max": [-0.323666274548, -0.436856806278, -0.503383457661, -0.57447385788, -0.450507223606, -0.296745479107],
        "mean": [-0.734523236752, -0.754780590534, -0.760506749153, -0.799236238003, -0.752698421478, -0.596569359303],
        "min": [-0.943151414394, -0.941027879715, -0.91613894701, -0.912586152554, -0.87917304039, -0.956497788429],
        "stdev": [0.0701101273298, 0.074467100203, 0.0663717016578, 0.049821998924, 0.0781617537141, 0.088241994381]
    },
    "spectral_contrast_valleys": {
        "max": [-4.51296854019, -4.59529209137, -5.46474599838, -6.04529237747, -5.63301420212, -9.12742233276],
        "mean": [-5.82413578033, -6.2341542244, -7.01616287231, -7.6466050148, -8.11843013763, -13.01242733],
        "min": [-10.4486789703, -8.03351402283, -8.55612182617, -9.47695827484, -12.6891222, -15.5588560104],
        "stdev": [0.539172053337, 0.439012169838, 0.456802368164, 0.495597034693, 0.887622416019, 1.47394442558]
    }
},
"rhythm": {
    "beats_count": 72,
    "beats_loudness": {
        "max": 0.138931244612,
        "mean": 0.0753790810704,
        "min": 0.0193634722382,
        "stdev": 0.0225686263293
    },
    "bpm": 90.0185317993,
    "bpm_histogram_first_peak_bpm": 91,
    "bpm_histogram_first_peak_weight": 0.446153819561,
    "bpm_histogram_second_peak_bpm": 83,
    "bpm_histogram_second_peak_spread": 0.16666662693,
    "bpm_histogram_second_peak_weight": 0.0704225301743,
    "danceability": 1.27218818665,
    "onset_rate": 2.4814453125,
    "beats_loudness_band_ratio": {
        "max": [0.917954981327, 0.841053366661, 0.413405656815, 0.254205912352, 0.166990593076, 0.171842873096],
        "mean": [0.68418431282, 0.116190515459, 0.129231616855, 0.0544334203005, 0.0222392231226, 0.0158850327134],
        "min": [0.00861144252121, 0.0107411928475, 0.00594070227817, 0.00339384167455, 0.000913753290661, 0.000193151514395],
        "stdev": [0.153650805354, 0.116851896048, 0.100691944361, 0.0595094114542, 0.0297993365675, 0.0292753409594]
    },
    "beats_position": [0.638548731804, 1.30031740665, 1.9620860815, 2.63546490669, 3.29723358154, 3.97061228752, 4.63238096237, 5.30575942993, 5.9675283432, 6.64090681076, 7.31428575516, 7.98766422272, 8.64943313599, 9.29959201813, 9.96135997772, 10.6695690155, 11.3893871307, 12.1092061996, 12.8290243149, 13.5604534149, 14.2918815613, 14.9536504745, 15.6270294189, 16.2771873474, 16.9505672455, 17.6239452362, 18.2973232269, 18.970703125, 19.6324710846, 20.2942390442, 20.9676189423, 21.6293869019, 22.2911567688, 22.9645347595, 23.6263027191, 24.2880725861, 24.9614505768, 25.6348285675, 26.3082084656, 26.9699764252, 27.6317462921, 28.2935142517, 28.9552822113, 29.6286621094, 30.3020401001, 30.9638080597, 31.6255779266, 32.2989578247, 32.9723358154, 33.6457138062, 34.3074836731, 34.9692497253, 35.6310195923, 36.2927894592, 36.96616745, 37.6395454407, 38.3013153076, 38.9630813599, 39.6248512268, 40.2866210938, 40.9599990845, 41.6333770752, 42.2951469421, 42.9569168091, 43.6302947998, 44.3036727905, 44.9654426575, 45.6272087097, 46.2889785767, 46.9507484436, 47.6241264343, 48.297504425],
