{
"metadata": {
    "version": {
        "essentia": "2.1-beta5",
        "essentia_git_sha": "Undefined",
        "extractor": "music 2.0"
    },
    "audio_properties": {
        "analysis": {
            "equal_loudness": 0,
            "length": 48.7502937317,
            "sample_rate": 44100,
            "start_time": 110.248344421,
            "downmix": "mix"
        },
        "bit_rate": 192000,
        "length": 198.008163452,
        "lossless": 0,
        "number_channels": 2,
        "replay_gain": 0.737497329712,
        "sample_rate": 48000,
        "codec": "mp3",
        "md5_encoded": "29c4996fb1f162d6275702626d20a7f9"
    },
    "tags": {
        "file_name": "Ireland_Heartbeat_Can-Linn feat. Kasey Smith.mp3",
        "encoding": ["Lavf58.29.100"]
    }
},
"lowlevel": {
    "average_loudness": 0.959996819496,
    "barkbands_crest": {
        "max": 24.5655632019,
        "mean": 10.412607193,
        "min": 2.58209395409,
        "stdev": 4.57381772995
    },
    "barkbands_flatness_db": {
        "max": 0.308232486248,
        "mean": 0.174583464861,
        "min": 0.062032751739,
        "stdev": 0.0324005447328
    },
    "barkbands_kurtosis": {
        "max": 48.3203353882,
        "mean": 2.40122866631,
        "min": -1.76206636429,
        "stdev": 4.16332054138
    },
    "barkbands_skewness": {
        "max": 6.72665405273,
        "mean": 1.37269306183,
        "min": -1.3509914875,
        "stdev": 0.897548258305
    },
    "barkbands_spread": {
        "max": 77.6981964111,
        "mean": 24.4451732635,
        "min": 3.55030488968,
        "stdev": 9.77708148956
    },
    "dissonance": {
        "max": 0.5,
        "mean": 0.471210628748,
        "min": 0.327199012041,
        "stdev": 0.0212688781321
    },
    "dynamic_complexity": 2.29879617691,
    "erbbands_crest": {
        "max": 26.6248989105,
        "mean": 8.98650360107,
        "min": 2.39102482796,
        "stdev": 4.33408594131
    },
    "erbbands_flatness_db": {
        "max": 0.34297439456,
        "mean": 0.19493368268,
        "min": 0.123640023172,
        "stdev": 0.0328139103949
    },
    "erbbands_kurtosis": {
        "max": 10.3435001373,
        "mean": 0.0355802029371,
        "min": -1.6945322752,
        "stdev": 1.39544856548
    },
    "erbbands_skewness": {
        "max": 3.06785464287,
        "mean": 0.323645591736,
        "min": -2.12172913551,
        "stdev": 0.638581991196
    },
    "erbbands_spread": {
        "max": 87.2181930542,
        "mean": 39.2430686951,
        "min": 7.94511127472,
        "stdev": 14.283905983
    },
    "hfc": {
        "max": 81.2244873047,
        "mean": 23.8165302277,
        "min": 0.401083618402,
        "stdev": 15.2017116547
    },
    "loudness_ebu128": {
        "integrated": -22.9311714172,
        "loudness_range": 3.87550163269,
        "momentary": {
            "max": -20.2433986664,
            "mean": -23.3680553436,
            "min": -32.6978912354,
            "stdev": 2.23456454277
        },
        "short_term": {
            "max": -21.4774589539,
            "mean": -23.1894416809,
            "min": -28.5482692719,
            "stdev": 1.57066178322
        }
    },
    "melbands_crest": {
        "max": 32.7601547241,
        "mean": 14.8522500992,
        "min": 4.06837844849,
        "stdev": 5.84046316147
    },
    "melbands_flatness_db": {
        "max": 0.363398581743,
        "mean": 0.200269713998,
        "min": 0.0618959777057,
        "stdev": 0.0459749661386
    },
    "melbands_kurtosis": {
        "max": 160.927307129,
        "mean": 10.4606456757,
        "min": -1.16326975822,
        "stdev": 12.9820098877
    },
    "melbands_skewness": {
        "max": 11.4074869156,
        "mean": 2.47404646873,
        "min": -0.418192952871,
        "stdev": 1.39192056656
    },
    "melbands_spread": {
        "max": 101.963890076,
        "mean": 24.9109363556,
        "min": 2.43161940575,
        "stdev": 12.3844709396
    },
    "pitch_salience": {
        "max": 0.88039380312,
        "mean": 0.52303314209,
        "min": 0.139425694942,
        "stdev": 0.118605680764
    },
    "silence_rate_20dB": {
        "max": 1,
        "mean": 1,
        "min": 1,
        "stdev": 0
    },
    "silence_rate_30dB": {
        "max": 1,
        "mean": 0.996668279171,
        "min": 0,
        "stdev": 0.0576250255108
    },
    "silence_rate_60dB": {
        "max": 1,
        "mean": 0.0190385524184,
        "min": 0,
        "stdev": 0.136660262942
    },
    "spectral_centroid": {
        "max": 3741.0769043,
        "mean": 1601.35253906,
        "min": 418.471954346,
        "stdev": 477.332336426
    },
    "spectral_complexity": {
        "max": 51,
        "mean": 23.3212757111,
        "min": 0,
        "stdev": 9.23703861237
    },
    "spectral_decrease": {
        "max": -1.06805862765e-10,
        "mean": -8.94694096587e-09,
        "min": -3.42814523435e-08,
        "stdev": 5.91573900977e-09
    },
    "spectral_energy": {
        "max": 0.133634343743,
        "mean": 0.0359280668199,
        "min": 0.000439489231212,
        "stdev": 0.0231902450323
    },
    "spectral_energyband_high": {
        "max": 0.00917447637767,
        "mean": 0.000993428518996,
        "min": 1.53343407874e-05,
        "stdev": 0.000850677373819
    },
    "spectral_energyband_low": {
        "max": 0.104335702956,
        "mean": 0.0164607297629,
        "min": 9.77189415607e-07,
        "stdev": 0.0178099088371
    },
    "spectral_energyband_middle_high": {
        "max": 0.0453251264989,
        "mean": 0.00795988738537,
        "min": 0.00014216802083,
        "stdev": 0.00766752846539
    },
    "spectral_energyband_middle_low": {
        "max": 0.0734068602324,
        "mean": 0.0116985645145,
        "min": 0.000205100004678,
        "stdev": 0.00924368575215
    },
    "spectral_entropy": {
        "max": 8.3200340271,
        "mean": 7.7121090889,
        "min": 6.55645370483,
        "stdev": 0.219430416822
    },
    "spectral_flux": {
        "max": 0.275771647692,
        "mean": 0.0996493473649,
        "min": 0.0177825894207,
        "stdev": 0.0465174131095
    },
    "spectral_kurtosis": {
        "max": 13.9317054749,
        "mean": 1.41971254349,
        "min": -0.881046772003,
        "stdev": 1.4475030899
    },
    "spectral_rms": {
        "max": 0.0114181861281,
        "mean": 0.00560147920623,
        "min": 0.000654805335216,
        "stdev": 0.00191707711201
    },
    "spectral_rolloff": {
        "max": 6826.02539062,
        "mean": 1313.91394043,
        "min": 64.599609375,
        "stdev": 907.330688477
    },
    "spectral_skewness": {
        "max": 2.76077151299,
        "mean": 0.837306797504,
        "min": -0.2216360569,
        "stdev": 0.264109283686
    },
    "spectral_spread": {
        "max": 12572293,
        "mean": 3702924.75,
        "min": 2230157,
        "stdev": 546349.75
    },
    "spectral_strongpeak": {
        "max": 10.5840291977,
        "mean": 0.928993523121,
        "min": 0,
        "stdev": 1.25765395164
    },
    "zerocrossingrate": {
        "max": 0.19677734375,
        "mean": 0.0550839826465,
        "min": 0.01220703125,
        "stdev": 0.0194866098464
    },
    "barkbands": {
        "max": [0.00361778819934, 0.0979195311666, 0.0555538088083, 0.0268746577203, 0.0361455082893, 0.0538412071764, 0.0282850973308, 0.0287296716124, 0.0337741076946, 0.0326886363328, 0.0366317890584, 0.0229508075863, 0.0300630703568, 0.00971973314881, 0.00639451853931, 0.013380503282, 0.00994870625436, 0.0122305676341, 0.00919223111123, 0.00385093828663, 0.00227716076188, 0.00463660573587, 0.00244439765811, 0.000723407836631, 2.20914444071e-05, 2.69486321258e-07, 2.90864193175e-07],
        "mean": [0.000352862465661, 0.012509515509, 0.00289493473247, 0.00134062173311, 0.00221423991024, 0.00238152197562, 0.00147980009206, 0.00169960735366, 0.00167535920627, 0.00253896904178, 0.00126514735166, 0.000888863636646, 0.000629885995295, 0.000418195937527, 0.000500176975038, 0.000560916727409, 0.000425215839641, 0.000553297984879, 0.000410120992456, 0.000419978692662, 0.000274160003755, 0.000263720954536, 0.000168995582499, 6.16776378592e-05, 2.90784356594e-07, 1.61234725571e-09, 1.64305025141e-09],
        "min": [4.5615575317e-08, 3.07482892481e-08, 2.3069246069e-08, 9.92783171228e-08, 3.74108662982e-06, 4.09997511497e-07, 9.39490018936e-06, 2.25598705583e-06, 1.48341996464e-05, 4.0501845433e-06, 3.0428793707e-06, 6.94739628671e-06, 1.01322202681e-05, 3.75520630769e-06, 1.43523857332e-05, 1.11815033961e-05, 4.16772627432e-06, 2.8331737667e-06, 6.02343106948e-06, 4.61490799353e-06, 3.96816858483e-06, 5.56565692023e-06, 2.25324953362e-07, 1.23971966026e-09, 9.29300178476e-11, 1.29626767653e-10, 1.7642286243e-10],
        "stdev": [0.000496777240187, 0.0155978640541, 0.00534471450374, 0.00236185779795, 0.00288412580267, 0.00367898703553, 0.00235053966753, 0.00286349467933, 0.00333312130533, 0.0042613572441, 0.00314134685323, 0.00179219560232, 0.00146409007721, 0.000738827162422, 0.000686556275468, 0.000968302018009, 0.000773140403908, 0.00095219782088, 0.000484190881252, 0.000421158125391, 0.000268991047051, 0.000305732042762, 0.000179366732482, 6.93135370966e-05, 1.18275875138e-06, 8.37971469991e-09, 8.96877949685e-09]
    },
    "erbbands": {
        "max": [3.41285586357, 24.1412601471, 59.0664558411, 83.6013641357, 113.324279785, 156.140090942, 309.278137207, 331.256713867, 485.7734375, 503.556304932, 697.447814941, 1033.51855469, 1466.14208984, 1168.09509277, 1482.79931641, 771.602661133, 1517.94018555, 510.661499023, 377.340606689, 404.047943115, 909.035583496, 677.519042969, 759.772583008, 640.396484375, 191.333190918, 256.763397217, 98.4407196045, 118.711662292, 167.095932007, 162.731658936, 53.5802268982, 18.5893440247, 12.0449352264, 1.05441236496, 0.0267232637852, 0.00171048124321, 0.000508855213411, 0.000181131312274, 7.20122770872e-05, 0.000155331144924],
        "mean": [0.382088750601, 2.66737174988, 3.88903903961, 4.036277771, 5.03782367706, 7.46461439133, 15.9103975296, 18.559419632, 21.8789138794, 31.6269454956, 32.9924736023, 40.5401763916, 63.3479499817, 67.1584625244, 53.8323898315, 40.790184021, 31.3016242981, 22.3471603394, 20.5609664917, 30.0029678345, 33.4380874634, 22.8937072754, 26.5750408173, 28.3707199097, 20.0387039185, 20.9750518799, 13.1388101578, 10.5907802582, 10.0755929947, 6.45355081558, 4.51370763779, 2.45688152313, 0.394081234932, 0.0239110253751, 0.00100074580405, 0.000135001275339, 3.92620022467e-05, 1.17656354632e-05, 2.11702190427e-05, 4.27958548244e-05],
        "min": [2.11050814869e-06, 1.16310138765e-05, 6.85955237714e-05, 0.00122804439161, 0.00500431191176, 0.00935696903616, 0.0244673602283, 0.0775538831949, 0.191395178437, 0.271143704653, 0.371938169003, 0.396668404341, 0.376814305782, 0.34896594286, 0.371278524399, 0.527970254421, 0.476352035999, 0.207494676113, 0.616858899593, 0.671136260033, 0.543960094452, 0.193055555224, 0.146703019738, 0.222002342343, 0.261547386646, 0.202844023705, 0.234177917242, 0.160431921482, 0.153966888785, 0.12088509649, 0.0175317618996, 0.00134047702886, 0.000187648736755, 4.71614439448e-05, 1.84835935215e-05, 5.8329355852e-06, 2.56286466538e-06, 9.59415729085e-07, 1.33470916808e-06, 2.12046552406e-06],
        "stdev": [0.513030350208, 3.51527094841, 6.29922008514, 7.19699192047, 7.78101158142, 10.2431306839, 26.82380867, 28.997800827, 40.4978752136, 47.5213050842, 58.2463264465, 84.0339660645, 120.417404175, 122.787796021, 122.830551147, 75.5261688232, 67.9220428467, 36.8223686218, 30.0308513641, 38.4176254272, 60.8868370056, 39.9493103027, 46.2655067444, 44.2147979736, 19.3891048431, 22.2065982819, 12.3458385468, 10.8504991531, 11.3068351746, 8.40593528748, 4.66314506531, 2.43053650856, 0.719378888607, 0.0557079650462, 0.00177496601827, 0.000145855519804, 3.20295075653e-05, 9.95162645268e-06, 1.23942618302e-05, 2.65240214503e-05]
    },
    "gfcc": {
        "mean": [-5.23489809036, 142.982498169, -167.802429199, 70.6911849976, -74.2965774536, 13.3393974304, -6.31129264832, -13.8187513351, 12.2985525131, -23.739238739, 9.99388217926, -11.7027378082, 1.81488716602],
        "cov": [[1623.69555664, 30.6406402588, 130.939682007, 117.015716553, 27.9895629883, 127.541770935, 8.50668430328, 129.134521484, 16.0519294739, -25.0311660767, 67.3204650879, 4.06090354919, 53.1066703796], [30.6406402588, 438.766387939, 188.385269165, 45.4834442139, 131.71762085, -18.4191932678, 124.14691925, -44.2846298218, 47.2061882019, 30.209236145, 37.7487487793, 12.6918210983, 2.51718497276], [130.939682007, 188.385269165, 446.187255859, 235.444793701, 57.4568367004, 69.3725662231, -45.0973739624, 10.8047103882, 42.4124908447, 44.9183540344, 44.4148788452, 2.1543366909, 12.3064851761], [117.015716553, 45.4834442139, 235.444793701, 277.155731201, 112.039512634, 40.9617881775, -31.1954956055, 26.8899841309, 47.9616699219, 23.712934494, -3.99971175194, 5.50754737854, 9.92204284668], [27.9895629883, 131.71762085, 57.4568367004, 112.039512634, 190.488494873, 56.5772972107, 93.5462036133, 14.5608520508, 49.5679092407, 15.64382267, -0.375591278076, 9.894739151, 9.40397453308], [127.541770935, -18.4191932678, 69.3725662231, 40.9617881775, 56.5772972107, 175.238967896, 52.3155021667, 16.8503398895, 0.822337806225, 15.9920835495, 4.68123531342, -16.9458141327, 11.780257225], [8.50668430328, 124.14691925, -45.0973739624, -31.1954956055, 93.5462036133, 52.3155021667, 207.539276123, 18.4063720703, 13.2854175568, 11.2346773148, 9.48370742798, 4.50198173523, 1.29289340973], [129.134521484, -44.2846298218, 10.8047103882, 26.8899841309, 14.5608520508, 16.8503398895, 18.4063720703, 114.707946777, 47.6594047546, 1.23141002655, 12.7876148224, 0.382631868124, 18.5546760559], [16.0519294739, 47.2061882019, 42.4124908447, 47.9616699219, 49.5679092407, 0.822337806225, 13.2854175568, 47.6594047546, 100.668945312, 37.2708091736, 0.755545020103, 13.2162876129, 12.778046608], [-25.0311660767, 30.209236145, 44.9183540344, 23.712934494, 15.64382267, 15.9920835495, 11.2346773148, 1.23141002655, 37.2708091736, 64.4916305542, 29.0164318085, 9.98689365387, 10.3239898682], [67.3204650879, 37.7487487793, 44.4148788452, -3.99971175194, -0.375591278076, 4.68123531342, 9.48370742798, 12.7876148224, 0.755545020103, 29.0164318085, 79.3670120239, 32.4204559326, 9.50084400177], [4.06090354919, 12.6918210983, 2.1543366909, 5.50754737854, 9.894739151, -16.9458141327, 4.50198173523, 0.382631868124, 13.2162876129, 9.98689365387, 32.4204559326, 62.2791862488, 27.9142951965], [53.1066703796, 2.51718497276, 12.3064851761, 9.92204284668, 9.40397453308, 11.780257225, 1.29289340973, 18.5546760559, 12.778046608, 10.3239898682, 9.50084400177, 27.9142951965, 68.4881668091]],
        "icov": [[0.000870252202731, -0.000789409095887, 0.000791365921032, -0.00111671898048, 0.000996569404379, -0.00111450138502, 0.000342623417964, -0.00087147083832, -0.000102412923297, 0.00118650461081, -0.00122176064178, 0.000380253361072, -0.000486962904688], [-0.000789409095887, 0.0110506275669, -0.00849677622318, 0.00687900930643, -0.00772711262107, 0.00750662246719, -0.00628618290648, 0.0082471948117, -0.00553798861802, 0.00320307677612, -0.00325384875759, 0.00463327206671, -0.00249630073085], [0.000791365921032, -0.00849677622318, 0.0124136181548, -0.0112924044952, 0.00874366890639, -0.00746719678864, 0.00440698536113, -0.00333737651818, 0.000711152504664, 3.4105785744e-05, -0.00379516463727, 0.000209535253816, 0.000312058138661], [-0.00111671898048, 0.00687900930643, -0.0112924044952, 0.0172775033861, -0.0133318640292, 0.00599987478927, 0.000428812694736, 8.07235264801e-05, 0.0015979349846, -0.00428479583934, 0.00681681139395, -0.00255306670442, 0.00135046232026], [0.000996569404379, -0.00772711262107, 0.00874366890639, -0.0133318640292, 0.0200929194689, -0.00799587368965, -0.00230956287123, -0.000488440564368, -0.00470108259469, 0.00463726045564, -0.00310680712573, -0.000751915911678, -0.000420617026975], [-0.00111450138502, 0.00750662246719, -0.00746719678864, 0.00599987478927, -0.00799587368965, 0.0135350394994, -0.00530432723463, 0.0037889580708, 5.68775758438e-05, -0.00186385179404, -5.54082325834e-05, 0.00521961133927, -0.00294506526552], [0.000342623417964, -0.00628618290648, 0.00440698536113, 0.000428812694736, -0.00230956287123, -0.00530432723463, 0.0124513255432, -0.00767565332353, 0.00615012319759, -0.00531670544297, 0.00372456409968, -0.00470457738265, 0.00324007263407], [-0.00087147083832, 0.0082471948117, -0.00333737651818, 8.07235264801e-05, -0.000488440564368, 0.0037889580708, -0.00767565332353, 0.0241040159017, -0.018309129402, 0.0141950789839, -0.0135537320748, 0.0121656386182, -0.00781137403101], [-0.000102412923297, -0.00553798861802, 0.000711152504664, 0.0015979349846, -0.00470108259469, 5.68775758438e-05, 0.00615012319759, -0.018309129402, 0.0308828148991, -0.0226579457521, 0.0172567758709, -0.0132154552266, 0.00604957481846], [0.00118650461081, 0.00320307677612, 3.4105785744e-05, -0.00428479583934, 0.00463726045564, -0.00186385179404, -0.00531670544297, 0.0141950789839, -0.0226579457521, 0.0384900160134, -0.0223101023585, 0.012577121146, -0.00809053517878], [-0.00122176064178, -0.00325384875759, -0.00379516463727, 0.00681681139395, -0.00310680712573, -5.54082325834e-05, 0.00372456409968, -0.0135537320748, 0.0172567758709, -0.0223101023585, 0.0352364219725, -0.0218862202018, 0.00897476729006], [0.000380253361072, 0.00463327206671, 0.000209535253816, -0.00255306670442, -0.000751915911678, 0.00521961133927, -0.00470457738265, 0.0121656386182, -0.0132154552266, 0.012577121146, -0.0218862202018, 0.0361292548478, -0.0152541911229], [-0.000486962904688, -0.00249630073085, 0.000312058138661, 0.00135046232026, -0.000420617026975, -0.00294506526552, 0.00324007263407, -0.00781137403101, 0.00604957481846, -0.00809053517878, 0.00897476729006, -0.0152541911229, 0.0225012525916]]
    },
    "melbands": {
        "max": [0.0286870729178, 0.0266382265836, 0.0121923619881, 0.00833489838988, 0.00856209453195, 0.00824583508074, 0.00673765782267, 0.00523322727531, 0.00586134940386, 0.00587383424863, 0.00727694714442, 0.00483665103093, 0.00608641048893, 0.00295353797264, 0.00270476238802, 0.00197926559485, 0.00116262980737, 0.000576527207159, 0.000496919557918, 0.000630480179098, 0.00104292132892, 0.00091724935919, 0.00123740779236, 0.000476495595649, 0.000639653357212, 0.000171893087099, 0.00010615640349, 0.000217617882299, 7.5147858297e-05, 6.24128661002e-05, 8.28191332403e-05, 0.000116640680062, 8.59242791194e-05, 8.68387069204e-05, 3.44083309756e-05, 1.65731980815e-05, 1.06316601887e-05, 1.16507781058e-05, 3.551177997e-06, 3.09688005018e-07],
        "mean": [0.00347139243968, 0.00250939000398, 0.000729614228476, 0.000436800066382, 0.000520471134223, 0.000436266040197, 0.000318733917084, 0.00035932569881, 0.000279010942904, 0.000241812274908, 0.000316769437632, 0.000276001519524, 0.000188562058611, 0.000109047308797, 9.28344888962e-05, 4.99321395182e-05, 4.15517970396e-05, 3.18139282172e-05, 3.56001364707e-05, 4.01153010898e-05, 3.73816656065e-05, 2.18002551264e-05, 2.75510101346e-05, 2.33801365539e-05, 2.31918311329e-05, 1.42654562296e-05, 1.33664370878e-05, 1.39952517202e-05, 9.33858700591e-06, 5.92943342781e-06, 6.14752116235e-06, 6.14477721683e-06, 4.26303131462e-06, 3.33421053256e-06, 2.68228905043e-06, 2.35608604271e-06, 1.08101562546e-06, 3.00888046922e-07, 5.43813420961e-08, 1.96862370849e-09],
        "min": [3.0484741842e-08, 2.65256048237e-08, 3.46687301089e-07, 7.59767374348e-07, 6.65586640025e-07, 7.29564078483e-07, 2.99650173474e-06, 2.10080679608e-06, 2.77317190012e-06, 2.07801008401e-06, 1.49693380536e-06, 1.21160837807e-06, 8.19822560061e-07, 6.77911430103e-07, 7.19225567991e-07, 6.76122795085e-07, 3.38766170671e-07, 7.03084879206e-07, 8.95534526535e-07, 7.97887082626e-07, 4.40885912667e-07, 2.18284242237e-07, 9.83559260703e-08, 1.77368463028e-07, 1.6243747325e-07, 2.99574281826e-07, 7.53775211138e-08, 1.58949276852e-07, 1.62754304256e-07, 8.83862583123e-08, 1.0458875721e-07, 8.0966380267e-08, 1.18194584786e-07, 3.73765125516e-08, 6.37745356524e-10, 2.44710418595e-10, 2.96387393794e-11, 2.21695578562e-12, 8.53010316462e-13, 6.4563475009e-13],
        "stdev": [0.00442392379045, 0.00327804335393, 0.00115414359607, 0.000603813852649, 0.000787084922194, 0.0006739043165, 0.000560056068935, 0.000567313982174, 0.000512443541083, 0.000488288525958, 0.000610676186625, 0.000530852470547, 0.000486087868921, 0.000215156265767, 0.000185665936442, 9.45894134929e-05, 7.70069236751e-05, 5.05194620928e-05, 4.99564703205e-05, 5.12345250172e-05, 7.04683334334e-05, 4.61889940198e-05, 6.13049414824e-05, 3.79057455575e-05, 3.90866953239e-05, 1.50157620737e-05, 1.31207852974e-05, 1.59468308993e-05, 9.59584485827e-06, 6.73555359754e-06, 6.63642504151e-06, 6.9800557867e-06, 5.9202347984e-06, 4.34107187175e-06, 2.93661901196e-06, 2.30951013691e-06, 1.17550473533e-06, 6.45111356334e-07, 1.58777538672e-07, 1.14093561265e-08]
    },
    "melbands128": {
        "max": [0.00322206737474, 0.0284953936934, 0.0478679612279, 0.0400114543736, 0.0363062620163, 0.0267204158008, 0.0198539998382, 0.0114801768214, 0.0143074830994, 0.00938562396914, 0.0115022696555, 0.00863127224147, 0.0123111438006, 0.0244561154395, 0.00983064249158, 0.00865224562585, 0.0126291560009, 0.0106512606144, 0.00469295447692, 0.00820803456008, 0.0110198333859, 0.00868959631771, 0.0087933074683, 0.0112081523985, 0.0132639622316, 0.00571162626147, 0.00930363312364, 0.011881458573, 0.00822923332453, 0.0102389659733, 0.00836601294577, 0.00549955666065, 0.012671048753, 0.00586705375463, 0.00645154900849, 0.00539605133235, 0.00399544881657, 0.0027779918164, 0.00786131713539, 0.00376390921883, 0.00114919606131, 0.00155188294593, 0.00161159574054, 0.00239512813278, 0.0010603396222, 0.00111111241858, 0.00142613251228, 0.000585068657529, 0.000867881579325, 0.0014133665245, 0.00137813657057, 0.00132424919866, 0.00278158765286, 0.000810789177194, 0.00145102536771, 0.00210343673825, 0.000784017844126, 0.0017427506391, 0.00184142182115, 0.00116227939725, 0.000996462884359, 0.00113433867227, 0.00137321511284, 0.000735740992241, 0.000249584059929, 0.000205559903407, 0.000312745105475, 0.000130268119392, 0.000166530415299, 0.000306116940919, 0.000453996966826, 0.000309317896608, 0.000246650917688, 0.000126133410959, 0.000194847976672, 6.97264331393e-05, 0.00012023760064, 0.000207529359614, 0.000125382008264, 0.000135500944452, 0.000163703603903, 0.000107905209006, 8.79302824615e-05, 9.51833353611e-05, 0.000110425506136, 0.000144981167978, 4.85679593112e-05, 4.4006803364e-05, 4.69659062219e-05, 2.96484904538e-05, 2.59823373199e-05, 2.63949459622e-05, 2.10469625017e-05, 1.40485990414e-05, 1.17222916742e-05, 1.10213150037e-05, 1.98882553377e-05, 5.34553601028e-06, 6.67447011438e-06, 8.48197942105e-07, 7.37640164061e-07, 1.54903460725e-07, 4.55592852333e-09, 2.31377161874e-09, 2.24217377998e-09, 2.10758877017e-09, 3.46774209348e-09, 1.92400584353e-09, 1.82399495507e-09, 1.75379077927e-09, 1.70459046878e-09, 1.65190072732e-09, 1.59362156804e-09, 1.53493528998e-09, 1.48050072202e-09, 1.43155121091e-09, 1.38517619597e-09, 1.36390787553e-09, 1.31696720196e-09, 1.2975396313e-09, 1.26941634981e-09, 1.22872301223e-09, 1.20675480719e-09, 1.17859244586e-09, 1.17323162296e-09, 1.15628406849e-09, 1.15087306352e-09, 1.14420395381e-09],
        "mean": [0.000333257514285, 0.00284598418511, 0.00507348403335, 0.00420643668622, 0.00238616275601, 0.00128699908964, 0.000811154372059, 0.000639839563519, 0.000473725463962, 0.000430885178503, 0.00038191062049, 0.000471691746498, 0.000566389528103, 0.000584237684961, 0.000410539418226, 0.000365869840607, 0.000412305205828, 0.000297737919027, 0.000208780504181, 0.000397740601329, 0.000434287911048, 0.000242050460656, 0.000246187555604, 0.000313351512887, 0.000321774103213, 0.000134412184707, 0.000248352764174, 0.000412152614444, 0.000254316168139, 0.00041078455979, 0.000218477260205, 0.000140114600072, 0.000267161638476, 0.000152588065248, 8.2773178292e-05, 0.00011645226914, 0.000122220109915, 6.83145335643e-05, 0.000110067026981, 6.20059072389e-05, 3.13701748382e-05, 3.61634411092e-05, 4.19050193159e-05, 4.95511667395e-05, 2.89379513561e-05, 2.9697732316e-05, 3.43624342349e-05, 2.2882133635e-05, 4.40361873189e-05, 5.11600264872e-05, 2.81881348201e-05, 3.81751924579e-05, 5.81718522881e-05, 2.32099864661e-05, 2.81786669802e-05, 1.81674131454e-05, 1.63483455253e-05, 3.63098006346e-05, 2.76207811112e-05, 2.14200281334e-05, 1.6135891201e-05, 3.03799315589e-05, 3.6114040995e-05, 1.74077631527e-05, 9.61994373938e-06, 1.42071194205e-05, 1.81141876965e-05, 1.15420962175e-05, 1.12043335321e-05, 1.7309694158e-05, 1.49081542986e-05, 1.15544962682e-05, 1.28644451252e-05, 8.74526449479e-06, 5.43202941117e-06, 5.8275804804e-06, 6.33737226963e-06, 5.81999438509e-06, 6.17844898443e-06, 6.35464402876e-06, 6.47995784675e-06, 6.28819316262e-06, 4.90574620926e-06, 4.02367777497e-06, 3.75976424039e-06, 3.34104720423e-06, 3.32067588715e-06, 3.02374701278e-06, 2.91369769911e-06, 2.07878338188e-06, 2.28634348787e-06, 2.73839827969e-06, 2.05046922019e-06, 9.17486943308e-07, 6.2577458948e-07, 3.75325015511e-07, 2.61151143377e-07, 1.24124483136e-07, 5.81165622293e-08, 1.19289920164e-08, 3.0981583965e-09, 7.07963465629e-10, 2.77429624412e-11, 1.31241449999e-11, 1.24490391953e-11, 1.48049784238e-11, 1.94721287705e-11, 1.55295273169e-11, 1.07775099609e-11, 9.88701308324e-12, 9.58138950125e-12, 9.27774870818e-12, 8.93862848322e-12, 8.60714711309e-12, 8.34932470384e-12, 8.12781612847e-12, 7.90741864348e-12, 7.72636468693e-12, 7.56005934938e-12, 7.37760113417e-12, 7.18264597105e-12, 7.06591859675e-12, 6.97087916904e-12, 6.810961517e-12, 6.45048250925e-12, 5.89763264267e-12, 5.59606137471e-12, 5.5291743406e-12],
        "min": [1.45437830668e-08, 1.39722482473e-08, 3.82730780402e-09, 1.52319152846e-08, 1.69327645239e-08, 1.34815252295e-08, 2.6197270131e-08, 4.11461726912e-08, 3.10595453357e-07, 7.15808027962e-07, 3.00423181443e-07, 1.07399287685e-07, 5.38351656587e-08, 8.84063950934e-08, 4.34659135351e-08, 5.69851756893e-08, 4.60816323766e-07, 1.01556133814e-06, 2.61379895505e-08, 5.94063124026e-07, 1.22749142406e-07, 4.31417817026e-07, 3.84895741945e-07, 3.03067025698e-07, 6.42712564058e-07, 3.18815523315e-07, 4.44747740858e-07, 2.77083501032e-07, 6.05541515597e-07, 6.71360794513e-07, 2.19734232587e-07, 4.07611139508e-07, 2.59114870005e-07, 3.33799022201e-07, 1.28381458353e-07, 1.84125369174e-07, 4.30286320352e-07, 5.97118003043e-07, 3.81865390864e-07, 2.54043385439e-07, 3.15769852932e-07, 1.17971310942e-07, 1.39208708561e-07, 5.02835746374e-07, 9.63838218127e-08, 2.76322595028e-07, 3.56181715233e-07, 2.95165818898e-07, 1.64191945373e-07, 1.86564193427e-07, 3.23349723885e-07, 2.84590413457e-07, 9.28157248836e-08, 3.39980260833e-07, 9.75028697781e-08, 5.21474916582e-08, 6.62230448256e-08, 1.10132447162e-07, 7.403495772e-08, 4.81420165954e-08, 5.1808974888e-08, 1.49078005052e-07, 1.30762728645e-07, 1.16331626998e-07, 7.03433471472e-08, 3.17825225693e-07, 1.39966417123e-07, 5.43528990704e-08, 7.75348567572e-08, 9.0524494567e-08, 9.3170704929e-08, 9.6846008546e-08, 1.49551155459e-07, 6.59950885051e-08, 7.65194059227e-08, 2.14646096452e-08, 2.13673896354e-08, 9.70580344983e-08, 1.00467172359e-08, 2.23742624428e-08, 7.63018803696e-08, 6.33603320921e-08, 5.39458682169e-08, 8.30565838328e-08, 8.59806021936e-08, 3.92640728819e-08, 3.71084163397e-09, 1.47322554156e-09, 2.84797935235e-10, 2.39387867168e-11, 2.20459234201e-10, 3.18760573492e-10, 3.30356957068e-11, 1.51178288638e-12, 1.85973480539e-12, 2.16732664801e-12, 8.5692705102e-13, 8.63617554206e-13, 6.59776270076e-13, 6.0209655187e-13, 4.31658967468e-13, 4.37398137458e-13, 4.60754915124e-13, 4.95403522892e-13, 3.73116088807e-13, 4.7322931164e-13, 4.01569538256e-13, 5.32044297941e-13, 4.58986906642e-13, 4.4670414286e-13, 4.87394467234e-13, 5.53459459252e-13, 5.25711202001e-13, 5.07114478448e-13, 4.39683933793e-13, 5.17464760277e-13, 5.57594335288e-13, 5.60648912278e-13, 5.50931045576e-13, 5.7536186102e-13, 5.35250337975e-13, 5.34018738518e-13, 6.19825805265e-13, 5.43368789633e-13, 3.63118389524e-13, 1.54229331129e-13, 2.29504762905e-14, 7.33801688744e-16],
        "stdev": [0.000485939788632, 0.0041048489511, 0.00721424678341, 0.005882083904, 0.00392328668386, 0.00241288822144, 0.00165054854006, 0.00104137265589, 0.000870743126143, 0.0007781322347, 0.000625937420409, 0.000791412894614, 0.00119087379426, 0.00123485329095, 0.000804860552307, 0.000818619329948, 0.00105795369018, 0.000655674026348, 0.000356437201845, 0.000702383287717, 0.000882625347003, 0.000603567692451, 0.000677512900438, 0.000872503151186, 0.000933522125706, 0.000334604090312, 0.000633788993582, 0.00102369347587, 0.000567870039959, 0.00095869298093, 0.000592521682847, 0.000402746751206, 0.000918248901144, 0.000399659009418, 0.000271533004707, 0.000322201958625, 0.000308805756504, 0.000194681124412, 0.000362539110938, 0.000166862693732, 6.73351969454e-05, 9.26913853618e-05, 0.000101356301457, 0.00013931671856, 6.79950753693e-05, 6.72126479913e-05, 8.27920084703e-05, 4.63132600999e-05, 7.72610655986e-05, 8.62082815729e-05, 5.77061800868e-05, 8.33730155136e-05, 0.000165084798937, 5.23561102455e-05, 8.5199761088e-05, 7.19564777683e-05, 4.02020014008e-05, 0.000105832223198, 8.59229476191e-05, 6.47138003842e-05, 3.95444876631e-05, 7.495644968e-05, 8.60431828187e-05, 3.52899405698e-05, 1.40156389534e-05, 1.81114646693e-05, 2.57761239482e-05, 1.46274805957e-05, 1.53032415255e-05, 2.54876031249e-05, 2.53858615906e-05, 1.6591122403e-05, 1.6454652723e-05, 1.19550795716e-05, 9.25199765334e-06, 7.5400625974e-06, 9.87618659565e-06, 8.54043719301e-06, 8.5226201918e-06, 7.92242462921e-06, 9.53061498876e-06, 8.04199316917e-06, 7.15938949725e-06, 6.60643127048e-06, 5.96660356678e-06, 5.67773668081e-06, 4.28891689808e-06, 3.93000118493e-06, 3.58489069185e-06, 2.63470769823e-06, 2.70884652309e-06, 2.97287579087e-06, 2.24770701607e-06, 1.18696789286e-06, 1.05145124962e-06, 7.85089923738e-07, 7.53226174766e-07, 3.45477161545e-07, 2.18059042822e-07, 4.56911237734e-08, 2.39040804928e-08, 6.48839737494e-09, 1.99657151922e-10, 7.15327103107e-11, 6.87659929e-11, 7.30321289555e-11, 1.1685186152e-10, 7.38975269865e-11, 5.70565088232e-11, 5.46529523027e-11, 5.28549252976e-11, 5.08411819589e-11, 4.9054978829e-11, 4.74095346314e-11, 4.58866174224e-11, 4.418907254e-11, 4.28421673138e-11, 4.20133580703e-11, 4.07114654488e-11, 3.98292128445e-11, 3.88735051093e-11, 3.79548788232e-11, 3.7158363192e-11, 3.64903871009e-11, 3.6110097551e-11, 3.56459688156e-11, 3.54397067248e-11, 3.52477873278e-11]
    },
    "mfcc": {
        "mean": [-618.22052002, 135.444778442, -25.4953327179, 50.3548583984, -29.5704917908, 31.1179428101, -18.9870414734, 29.6769618988, -14.5179071426, 21.6426925659, -14.1263914108, 14.2912883759, -7.26656007767],
        "cov": [[1595.98254395, -101.665756226, 79.0427093506, -3.72270202637, 82.308883667, -32.345867157, 46.5596313477, 106.865768433, 3.37536168098, 77.5457077026, -53.535949707, 43.8235321045, -26.5142040253], [-101.665756226, 507.402374268, -45.6931495667, 124.566177368, -93.8670654297, 128.014450073, 24.0087146759, 49.5655670166, -27.7968196869, 52.5957794189, 5.12635040283, 36.1063270569, 28.2512588501], [79.0427093506, -45.6931495667, 458.547027588, 73.4708328247, 183.127883911, -5.11639976501, 11.8915491104, -61.0485496521, 10.7375659943, -34.7946434021, 40.6279716492, 40.0549354553, 6.73432540894], [-3.72270202637, 124.566177368, 73.4708328247, 280.035247803, 72.0291137695, 77.6898651123, -26.0552921295, 42.4867248535, 16.4948596954, 27.32147789, 13.6885919571, 31.9705543518, 14.3296937943], [82.308883667, -93.8670654297, 183.127883911, 72.0291137695, 230.716964722, -1.74885165691, 1.75655770302, -18.376247406, 55.1299552917, -13.1909227371, 29.6105098724, 12.9462270737, 8.87466049194], [-32.345867157, 128.014450073, -5.11639976501, 77.6898651123, -1.74885165691, 227.077011108, 42.7808189392, 45.5153198242, 4.46920251846, 52.485332489, 3.63401842117, 9.13140106201, -1.65010285378], [46.5596313477, 24.0087146759, 11.8915491104, -26.0552921295, 1.75655770302, 42.7808189392, 147.114334106, 28.4315242767, 17.1284255981, 11.6644964218, 19.9754886627, -6.83226251602, 1.41107928753], [106.865768433, 49.5655670166, -61.0485496521, 42.4867248535, -18.376247406, 45.5153198242, 28.4315242767, 116.512496948, 18.7968101501, 48.5699119568, -4.21951293945, 18.299861908, -4.65627813339], [3.37536168098, -27.7968196869, 10.7375659943, 16.4948596954, 55.1299552917, 4.46920251846, 17.1284255981, 18.7968101501, 119.970062256, 31.5781650543, 13.927277565, -8.21020030975, 18.850358963], [77.5457077026, 52.5957794189, -34.7946434021, 27.32147789, -13.1909227371, 52.485332489, 11.6644964218, 48.5699119568, 31.5781650543, 103.250518799, 3.28414916992, 17.9236602783, -5.96613740921], [-53.535949707, 5.12635040283, 40.6279716492, 13.6885919571, 29.6105098724, 3.63401842117, 19.9754886627, -4.21951293945, 13.927277565, 3.28414916992, 77.76978302, 18.2472381592, 11.1441421509], [43.8235321045, 36.1063270569, 40.0549354553, 31.9705543518, 12.9462270737, 9.13140106201, -6.83226251602, 18.299861908, -8.21020030975, 17.9236602783, 18.2472381592, 73.1870880127, 12.8113012314], [-26.5142040253, 28.2512588501, 6.73432540894, 14.3296937943, 8.87466049194, -1.65010285378, 1.41107928753, -4.65627813339, 18.850358963, -5.96613740921, 11.1441421509, 12.8113012314, 71.2230148315]],
        "icov": [[0.000802287249826, 0.000150278254296, -0.000180036731763, 0.00012516163406, -0.000404678430641, 0.000344273255905, -0.000308205344481, -0.000756913912483, 0.000417326868046, -0.000709161395207, 0.000816881365608, -0.000305291556288, 3.16400496558e-06], [0.000150278254296, 0.00313931400888, -0.00013937712356, -0.00139044888783, 0.00165897374973, -0.000976136303507, -0.000576425343752, 3.220207509e-05, 0.000615258701146, -0.000765925156884, 4.55278386653e-05, -0.000730695843231, -0.00121485511772], [-0.000180036731763, -0.00013937712356, 0.00391667569056, -0.000573655765038, -0.00261973054148, -5.42572815903e-05, -0.000872496690135, 0.00229954440147, 0.000291142816423, 0.000705062702764, -0.000402734149247, -0.00205442891456, 0.000640702317469], [0.00012516163406, -0.00139044888783, -0.000573655765038, 0.0058082123287, -0.00214498140849, -0.00113859935664, 0.00209708046168, -0.0023883562535, 0.000102021353086, 5.57262028451e-05, -0.000265465932898, -0.000159384362632, -0.000425135134719], [-0.000404678430641, 0.00165897374973, -0.00261973054148, -0.00214498140849, 0.00910735689104, -0.00065267260652, 0.000113216759928, 0.000700313947164, -0.00364503148012, 0.00152616645209, -0.00141917320434, -0.000353234034264, 0.000142327218782], [0.000344273255905, -0.000976136303507, -5.42572815903e-05, -0.00113859935664, -0.00065267260652, 0.00645931204781, -0.00181813572999, -0.000817468389869, 0.00102274888195, -0.00270002847537, 0.000626086490229, 0.000724939978682, 0.000237897547777], [-0.000308205344481, -0.000576425343752, -0.000872496690135, 0.00209708046168, 0.000113216759928, -0.00181813572999, 0.00904499180615, -0.00287862704135, -0.000855733640492, 0.000890852941666, -0.00289700133726, 0.00226226821542, -0.000301670050249], [-0.000756913912483, 3.220207509e-05, 0.00229954440147, -0.0023883562535, 0.000700313947164, -0.000817468389869, -0.00287862704135, 0.0146573716775, -0.00195180380251, -0.00278009707108, 0.00113147892989, -0.00384708680212, 0.00167627306655], [0.000417326868046, 0.000615258701146, 0.000291142816423, 0.000102021353086, -0.00364503148012, 0.00102274888195, -0.000855733640492, -0.00195180380251, 0.0129326013848, -0.00537195568904, -0.000867890194058, 0.00388697115704, -0.00420570746064], [-0.000709161395207, -0.000765925156884, 0.000705062702764, 5.57262028451e-05, 0.00152616645209, -0.00270002847537, 0.000890852941666, -0.00278009707108, -0.00537195568904, 0.0160821788013, -0.000963306170888, -0.00360221625306, 0.0030774238985], [0.000816881365608, 4.55278386653e-05, -0.000402734149247, -0.000265465932898, -0.00141917320434, 0.000626086490229, -0.00289700133726, 0.00113147892989, -0.000867890194058, -0.000963306170888, 0.0163360182196, -0.00432753562927, -0.000928402529098], [-0.000305291556288, -0.000730695843231, -0.00205442891456, -0.000159384362632, -0.000353234034264, 0.000724939978682, 0.00226226821542, -0.00384708680212, 0.00388697115704, -0.00360221625306, -0.00432753562927, 0.0196470208466, -0.0040204138495], [3.16400496558e-06, -0.00121485511772, 0.000640702317469, -0.000425135134719, 0.000142327218782, 0.000237897547777, -0.000301670050249, 0.00167627306655, -0.00420570746064, 0.0030774238985, -0.000928402529098, -0.0040204138495, 0.0168911013752]]
    },
    "spectral_contrast_coeffs": {
        "max": [-0.515157997608, -0.489967733622, -0.496812433004, -0.617996394634, -0.563288748264, -0.338742911816],
        "mean": [-0.749015390873, -0.75894343853, -0.752467513084, -0.79846316576, -0.791034162045, -0.579337656498],
        "min": [-0.958496630192, -0.951497554779, -0.904471814632, -0.90303838253, -0.874156236649, -0.814696669579],
        "stdev": [0.0589850246906, 0.0642010942101, 0.0735848769546, 0.0452890507877, 0.0415940321982, 0.0635200813413]
    },
    "spectral_contrast_valleys": {
        "max": [-4.57578134537, -4.57497167587, -5.3100233078, -5.79988527298, -5.80633831024, -9.26473522186],
        "mean": [-6.33113956451, -6.33306789398, -6.90987539291, -7.2025551796, -7.05693864822, -11.8135786057],
        "min": [-10.8913793564, -8.33311843872, -8.66334247589, -8.41052341461, -8.74391937256, -15.6389131546],
        "stdev": [0.766614377499, 0.514022469521, 0.485879361629, 0.434470653534, 0.431859344244, 1.10333931446]
    }
},
"rhythm": {
    "beats_count": 98,
    "beats_loudness": {
        "max": 0.120856367052,
        "mean": 0.0550519302487,
        "min": 0.00324863404967,
        "stdev": 0.0243041031063
    },
    "bpm": 122.062240601,
    "bpm_histogram_first_peak_bpm": 123,
    "bpm_histogram_first_peak_weight": 0.344086050987,
    "bpm_histogram_second_peak_bpm": 117,
    "bpm_histogram_second_peak_spread": 0.333333313465,
    "bpm_histogram_second_peak_weight": 0.0206185560673,
    "danceability": 1.09393489361,
    "onset_rate": 3.19921875,
    "beats_loudness_band_ratio": {
        "max": [0.961470007896, 0.764712750912, 0.429717242718, 0.87083029747, 0.362093001604, 0.33102414012],
        "mean": [0.570171415806, 0.106997050345, 0.121863663197, 0.128440126777, 0.0632486119866, 0.0420228205621],
        "min": [0.00400695577264, 0.00553638767451, 0.00855486281216, 0.00399108789861, 0.00460670422763, 0.00516158668324],
        "stdev": [0.207727894187, 0.116144567728, 0.0953239426017, 0.149098902941, 0.0630224123597, 0.0392866544425]
    },
