{
"metadata": {
    "version": {
        "essentia": "2.1-beta5",
        "essentia_git_sha": "Undefined",
        "extractor": "music 2.0"
    },
    "audio_properties": {
        "analysis": {
            "equal_loudness": 0,
            "length": 12.7477550507,
            "sample_rate": 44100,
            "start_time": 0,
            "downmix": "mix"
        },
        "bit_rate": 192000,
        "length": 196.022872925,
        "lossless": 0,
        "number_channels": 2,
        "replay_gain": 9.59422874451,
        "sample_rate": 48000,
        "codec": "mp3",
        "md5_encoded": "35e43f6ae58174671422dcc90a6fdae0"
    },
    "tags": {
        "file_name": "Sweden_Undo_Sanna Nielsen.mp3",
        "encoding": ["Lavf58.29.100"]
    }
},
"lowlevel": {
    "average_loudness": 0.7609577775,
    "barkbands_crest": {
        "max": 24.750749588,
        "mean": 12.2979574203,
        "min": 3.88572096825,
        "stdev": 4.71502494812
    },
    "barkbands_flatness_db": {
        "max": 0.479126989841,
        "mean": 0.235809192061,
        "min": 0.06287124753,
        "stdev": 0.0579165779054
    },
    "barkbands_kurtosis": {
        "max": 100.846046448,
        "mean": 4.49841928482,
        "min": -1.39777851105,
        "stdev": 9.48037719727
    },
    "barkbands_skewness": {
        "max": 9.18624019623,
        "mean": 1.2314350605,
        "min": -2.23657059669,
        "stdev": 1.53094315529
    },
    "barkbands_spread": {
        "max": 43.3571662903,
        "mean": 11.9223766327,
        "min": 0.961205542088,
        "stdev": 6.60904788971
    },
    "dissonance": {
        "max": 0.499906808138,
        "mean": 0.475147366524,
        "min": 0.243846848607,
        "stdev": 0.0233128648251
    },
    "dynamic_complexity": 3.97633290291,
    "erbbands_crest": {
        "max": 31.321187973,
        "mean": 10.5154056549,
        "min": 3.48273682594,
        "stdev": 4.08424329758
    },
    "erbbands_flatness_db": {
        "max": 0.42247363925,
        "mean": 0.278444766998,
        "min": 0.0933955237269,
        "stdev": 0.0559529103339
    },
    "erbbands_kurtosis": {
        "max": 12.7280893326,
        "mean": 1.14162266254,
        "min": -1.52644658089,
        "stdev": 1.58225393295
    },
    "erbbands_skewness": {
        "max": 2.20497131348,
        "mean": 0.470170468092,
        "min": -2.84262728691,
        "stdev": 0.651332736015
    },
    "erbbands_spread": {
        "max": 68.8300552368,
        "mean": 18.5050239563,
        "min": 3.54211902618,
        "stdev": 9.81778144836
    },
    "hfc": {
        "max": 53.1677055359,
        "mean": 12.765171051,
        "min": 1.15201232152e-16,
        "stdev": 10.6628503799
    },
    "loudness_ebu128": {
        "integrated": -31.5195560455,
        "loudness_range": 8.71510124207,
        "momentary": {
            "max": -26.908706665,
            "mean": -33.5582275391,
            "min": -43.4177398682,
            "stdev": 4.39593505859
        },
        "short_term": {
            "max": -28.9061260223,
            "mean": -32.0242156982,
            "min": -39.6689300537,
            "stdev": 3.03325009346
        }
    },
    "melbands_crest": {
        "max": 36.7855796814,
        "mean": 16.3281059265,
        "min": 1.58839428425,
        "stdev": 7.44857692719
    },
    "melbands_flatness_db": {
        "max": 0.637586236,
        "mean": 0.296119898558,
        "min": 0.00416770530865,
        "stdev": 0.0840958580375
    },
    "melbands_kurtosis": {
        "max": 141.846374512,
        "mean": 8.9002494812,
        "min": -1.24363291264,
        "stdev": 16.6213531494
    },
    "melbands_skewness": {
        "max": 9.84709739685,
        "mean": 1.79895675182,
        "min": -1.6105864048,
        "stdev": 1.89340436459
    },
    "melbands_spread": {
        "max": 143.681427002,
        "mean": 16.790681839,
        "min": 0.856933891773,
        "stdev": 12.4454936981
    },
    "pitch_salience": {
        "max": 0.859104752541,
        "mean": 0.508825659752,
        "min": 0.101550512016,
        "stdev": 0.149110257626
    },
    "silence_rate_20dB": {
        "max": 1,
        "mean": 1,
        "min": 1,
        "stdev": 0
    },
    "silence_rate_30dB": {
        "max": 1,
        "mean": 0.914545476437,
        "min": 0,
        "stdev": 0.279556661844
    },
    "silence_rate_60dB": {
        "max": 1,
        "mean": 0.140000000596,
        "min": 0,
        "stdev": 0.346987009048
    },
    "spectral_centroid": {
        "max": 11483.9697266,
        "mean": 1106.79101562,
        "min": 286.930145264,
        "stdev": 688.199951172
    },
    "spectral_complexity": {
        "max": 44,
        "mean": 15.5363636017,
        "min": 0,
        "stdev": 8.41824245453
    },
    "spectral_decrease": {
        "max": 7.89220331897e-29,
        "mean": -9.34455446355e-09,
        "min": -6.69851090151e-08,
        "stdev": 1.16973017938e-08
    },
    "spectral_energy": {
        "max": 0.254456549883,
        "mean": 0.0364263802767,
        "min": 1.01926746042e-20,
        "stdev": 0.0447331257164
    },
    "spectral_energyband_high": {
        "max": 0.00330969295464,
        "mean": 0.000153611283167,
        "min": 7.39288552722e-21,
        "stdev": 0.000270331394859
    },
    "spectral_energyband_low": {
        "max": 0.250082343817,
        "mean": 0.0223962757736,
        "min": 6.30922432298e-23,
        "stdev": 0.039878744632
    },
    "spectral_energyband_middle_high": {
        "max": 0.0194752458483,
        "mean": 0.00415119947866,
        "min": 1.50973134053e-21,
        "stdev": 0.00365658965893
    },
    "spectral_energyband_middle_low": {
        "max": 0.111098386347,
        "mean": 0.0107281627133,
        "min": 2.76323813468e-22,
        "stdev": 0.0154004972428
    },
    "spectral_entropy": {
        "max": 9.80180263519,
        "mean": 7.26035356522,
        "min": 6.35011482239,
        "stdev": 0.345639288425
    },
    "spectral_flux": {
        "max": 0.391805022955,
        "mean": 0.0908004045486,
        "min": 6.79132999837e-11,
        "stdev": 0.0701742991805
    },
    "spectral_kurtosis": {
        "max": 36.0005836487,
        "mean": 7.34829092026,
        "min": -1.23518705368,
        "stdev": 6.00744724274
    },
    "spectral_rms": {
        "max": 0.0157559607178,
        "mean": 0.00500341132283,
        "min": 3.15342240167e-12,
        "stdev": 0.00324096507393
    },
    "spectral_rolloff": {
        "max": 19293.75,
        "mean": 1123.63964844,
        "min": 64.599609375,
        "stdev": 1312.09069824
    },
    "spectral_skewness": {
        "max": 3.95154380798,
        "mean": 1.63677251339,
        "min": -0.0348467864096,
        "stdev": 0.524699687958
    },
    "spectral_spread": {
        "max": 42314368,
        "mean": 2462930.25,
        "min": 1314806.125,
        "stdev": 2506951
    },
    "spectral_strongpeak": {
        "max": 5.53276348114,
        "mean": 0.876853764057,
        "min": 0,
        "stdev": 0.763187527657
    },
    "zerocrossingrate": {
        "max": 0.49853515625,
        "mean": 0.0408868975937,
        "min": 0.00390625,
        "stdev": 0.0341260619462
    },
    "barkbands": {
        "max": [0.0548411943018, 0.233258903027, 0.129367500544, 0.0506245791912, 0.0763632804155, 0.025575786829, 0.0169347878546, 0.00824018102139, 0.0341407731175, 0.00768634397537, 0.00846802443266, 0.0123574100435, 0.00956165976822, 0.00275711785071, 0.00319812633097, 0.0054248906672, 0.00241756299511, 0.0025537845213, 0.00117951491848, 0.00166068715043, 0.000685222214088, 0.00170838937629, 0.000458628433989, 0.000149798477651, 2.35302650253e-05, 5.51157029349e-07, 5.7861774394e-07],
        "mean": [0.00232784682885, 0.0159125532955, 0.00336072058417, 0.00167405675165, 0.00256870756857, 0.00113237090409, 0.000670101144351, 0.000835532380734, 0.00337765738368, 0.00100391102023, 0.000459163391497, 0.000816467509139, 0.000786287244409, 0.000498787208926, 0.000250980985584, 0.000212128914427, 0.000157146845595, 0.000123404737678, 8.16201863927e-05, 5.57260973437e-05, 4.97015716974e-05, 4.87944416818e-05, 1.74757078639e-05, 5.07164531882e-06, 1.43693753785e-07, 3.77782116701e-09, 3.80559228574e-09],
        "min": [5.52216517607e-24, 4.13740631611e-23, 6.90939601056e-24, 1.58733202953e-23, 4.75762927017e-23, 2.8161883088e-23, 4.60530496254e-23, 2.55352933957e-23, 2.75303431353e-23, 3.00072906471e-23, 6.20390571233e-23, 8.08238547606e-23, 5.43758918961e-23, 9.00883823819e-23, 1.11301167668e-22, 6.12487447141e-23, 1.94345893068e-22, 1.65863836583e-22, 2.79233132486e-22, 2.87089934667e-22, 3.51764285774e-22, 2.24335380703e-22, 5.69002518415e-22, 7.59170452668e-22, 1.04807984137e-21, 1.64000279543e-21, 2.54383605026e-21],
        "stdev": [0.00533186225221, 0.0326771363616, 0.00960945617408, 0.00485339481384, 0.00790091510862, 0.00331618846394, 0.00183687522076, 0.00121736875735, 0.00372995925136, 0.00103778147604, 0.000828576216009, 0.00159799424, 0.000954220653512, 0.000475889915833, 0.00028960822965, 0.00042461688281, 0.000252406782238, 0.000230193312746, 0.000119644129882, 0.000116473172966, 8.27052863315e-05, 0.000117159739602, 4.73855434393e-05, 1.67014568433e-05, 1.36084133828e-06, 2.35678179195e-08, 2.4603195925e-08]
    },
    "erbbands": {
        "max": [9.80489063263, 43.5757637024, 125.1639328, 151.429550171, 147.09072876, 281.061889648, 482.143035889, 263.317810059, 156.327529907, 271.321563721, 191.518554688, 1039.8939209, 429.649963379, 204.033630371, 323.184387207, 568.02923584, 414.36618042, 194.768692017, 78.5199737549, 349.897186279, 121.077957153, 166.002548218, 115.8592453, 55.9531173706, 96.075668335, 72.2465133667, 33.4405403137, 38.8923110962, 50.7464637756, 51.068572998, 10.029504776, 4.88711023331, 1.26296722889, 0.50033634901, 0.0376663021743, 0.0021890560165, 0.00102034106385, 0.000365474290447, 0.000114650938485, 0.000276959559415],
        "mean": [0.659843444824, 2.79245972633, 3.81567835808, 5.5376458168, 5.29061079025, 9.60933685303, 10.8454113007, 9.24241733551, 7.2140455246, 14.973031044, 22.4137935638, 70.4205932617, 63.9497299194, 22.0778675079, 17.2039337158, 35.7483177185, 37.6560821533, 33.256061554, 14.3505630493, 14.9363069534, 8.83993721008, 9.63943958282, 7.07578754425, 4.64198637009, 3.59445738792, 2.58843684196, 2.03778028488, 2.08160495758, 1.85716748238, 0.929072737694, 0.45706397295, 0.204590648413, 0.0352872461081, 0.00441758381203, 0.000313867261866, 5.04142808495e-05, 2.04287935048e-05, 5.27948532181e-06, 1.80206952791e-05, 4.07920524594e-05],
        "min": [2.25236171504e-21, 4.65370924049e-21, 6.29114517089e-21, 3.21682268416e-20, 1.25205236992e-19, 1.35553020885e-19, 3.16056845714e-19, 2.41951104654e-19, 6.23984056971e-19, 3.8526777135e-19, 7.88041062605e-19, 5.37283844849e-19, 1.23633464581e-18, 1.18366474748e-18, 2.68057638229e-18, 3.0296290232e-18, 2.87335247841e-18, 3.31568979251e-18, 5.72925806333e-18, 3.23707785582e-18, 5.61648149939e-18, 8.7378032867e-18, 1.0517177145e-17, 1.16540392896e-17, 1.41748498725e-17, 1.46664714347e-17, 1.39654309024e-17, 1.46927823956e-17, 9.91655137602e-18, 1.05807252955e-17, 1.47984481014e-17, 1.29865974779e-17, 9.99496809809e-18, 1.05258923199e-17, 7.70864584807e-18, 5.75069279455e-18, 2.62171607106e-18, 1.43672070016e-18, 3.33016038675e-19, 3.66739571863e-20],
        "stdev": [1.46278822422, 5.75276231766, 9.54804039001, 15.3684310913, 14.8103923798, 31.3200817108, 37.8588523865, 26.602394104, 16.8267841339, 34.1440582275, 25.4847335815, 94.6575469971, 56.8065605164, 24.0741443634, 29.5484161377, 68.691986084, 42.934627533, 30.1483860016, 12.3286237717, 27.1450405121, 12.316110611, 15.8755846024, 11.6307382584, 5.94926309586, 6.73711967468, 4.84353637695, 3.53153514862, 3.52400970459, 4.17047309875, 2.75308203697, 1.24035620689, 0.617704570293, 0.126921012998, 0.0298546869308, 0.00217664707452, 0.000139771203976, 4.58330832771e-05, 1.57782396855e-05, 2.05143223866e-05, 4.87804245495e-05]
    },
    "gfcc": {
        "mean": [-106.038825989, 168.552658081, -187.155685425, 21.2930221558, -37.3323669434, 2.68426299095, 19.3215961456, -10.2407236099, 12.3695774078, -9.99617671967, -11.7006616592, -13.7787427902, -9.25898742676],
        "cov": [[12444.8271484, 1798.54504395, 477.722503662, 2048.38305664, -735.014770508, 501.948944092, -331.371856689, -683.869934082, 192.677810669, -866.481506348, 477.199523926, -175.175857544, 80.7513961792], [1798.54504395, 1126.48571777, 599.382446289, 267.888031006, 386.175384521, -178.308746338, 83.4487228394, -100.272384644, -39.7639961243, 29.656791687, 36.3900260925, 8.81970882416, 85.7354812622], [477.722503662, 599.382446289, 1299.78369141, 600.473510742, 342.88381958, 138.785614014, -65.9328155518, 8.72225952148, -34.9618492126, -25.1760978699, 211.122314453, -28.7184467316, 177.928848267], [2048.38305664, 267.888031006, 600.473510742, 813.610595703, -107.879211426, 295.566864014, -88.6703491211, -128.986251831, 84.2150039673, -249.620132446, 225.405029297, -35.9600143433, 53.730014801], [-735.014770508, 386.175384521, 342.88381958, -107.879211426, 558.846862793, -64.9166717529, 208.367553711, 199.405792236, -11.4474105835, 173.906936646, -35.3517990112, 7.0156621933, 65.9323501587], [501.948944092, -178.308746338, 138.785614014, 295.566864014, -64.9166717529, 456.716033936, 60.5672111511, 118.768013, 129.999847412, -119.134384155, 154.355224609, -55.5928611755, -23.5527458191], [-331.371856689, 83.4487228394, -65.9328155518, -88.6703491211, 208.367553711, 60.5672111511, 278.043579102, 152.056518555, 82.6661224365, 62.5593566895, -26.0867023468, 27.3360328674, -46.714515686], [-683.869934082, -100.272384644, 8.72225952148, -128.986251831, 199.405792236, 118.768013, 152.056518555, 261.127105713, 51.0602302551, 97.4966430664, 13.791015625, -15.9681167603, 10.7410783768], [192.677810669, -39.7639961243, -34.9618492126, 84.2150039673, -11.4474105835, 129.999847412, 82.6661224365, 51.0602302551, 121.539276123, -18.5031089783, 39.6296806335, 9.90484905243, -30.5410366058], [-866.481506348, 29.656791687, -25.1760978699, -249.620132446, 173.906936646, -119.134384155, 62.5593566895, 97.4966430664, -18.5031089783, 214.489746094, -38.2750091553, 42.6887664795, 35.4598922729], [477.199523926, 36.3900260925, 211.122314453, 225.405029297, -35.3517990112, 154.355224609, -26.0867023468, 13.791015625, 39.6296806335, -38.2750091553, 173.722717285, 15.0985898972, 38.6268081665], [-175.175857544, 8.81970882416, -28.7184467316, -35.9600143433, 7.0156621933, -55.5928611755, 27.3360328674, -15.9681167603, 9.90484905243, 42.6887664795, 15.0985898972, 77.033164978, 10.2176303864], [80.7513961792, 85.7354812622, 177.928848267, 53.730014801, 65.9323501587, -23.5527458191, -46.714515686, 10.7410783768, -30.5410366058, 35.4598922729, 38.6268081665, 10.2176303864, 101.375289917]],
        "icov": [[0.000589646573644, -0.00168025738094, 0.00115335453302, -0.00142498966306, 0.00101656955667, -0.000415416812757, 0.000490501581226, -0.000817393651232, 0.000130140222609, 0.000362850376405, 0.000114286245662, 0.000446490710601, -0.000939004297834], [-0.00168025738094, 0.00737304519862, -0.00362333375961, 0.00355829834007, -0.00475925486535, 0.00294393347576, -0.00337346852757, 0.00531681533903, -0.00100795249455, -0.00114543247037, -0.00225861254148, 0.00143742898945, 0.00205056811683], [0.00115335453302, -0.00362333375961, 0.00507859932259, -0.00495401211083, -0.00015532875841, -0.00136541330721, 0.00250199646689, -0.00183975126129, 0.00190918706357, -0.000216678192373, -0.000491829647217, 0.000645658234134, -0.00223744707182], [-0.00142498966306, 0.00355829834007, -0.00495401211083, 0.0102757671848, -0.00189802178647, -0.000257715757471, -0.00195652060211, 0.00519932340831, -0.00440929317847, 0.00384035380557, -0.00307572679594, 0.000158224705956, -0.000419088464696], [0.00101656955667, -0.00475925486535, -0.00015532875841, -0.00189802178647, 0.0104929562658, -0.000230741366977, -0.00318539468572, -0.00594113301486, 0.00178593280725, -0.00138137873728, 0.00316643784754, 0.00107094622217, -0.00351573014632], [-0.000415416812757, 0.00294393347576, -0.00136541330721, -0.000257715757471, -0.000230741366977, 0.00971847120672, -0.00276804924943, -0.00186232372653, -0.00430057197809, 0.00179101433605, -0.00591158866882, 0.00625263061374, 0.00140419171657], [0.000490501581226, -0.00337346852757, 0.00250199646689, -0.00195652060211, -0.00318539468572, -0.00276804924943, 0.0147717120126, -0.00696269888431, -0.00307177333161, 0.0015861048596, 0.00393033400178, -0.00892215501517, 0.00600262871012], [-0.000817393651232, 0.00531681533903, -0.00183975126129, 0.00519932340831, -0.00594113301486, -0.00186232372653, -0.00696269888431, 0.0184855759144, -0.00306545151398, -0.00304762111045, -0.00530539033934, 0.00839909818023, -0.00379042467102], [0.000130140222609, -0.00100795249455, 0.00190918706357, -0.00440929317847, 0.00178593280725, -0.00430057197809, -0.00307177333161, -0.00306545151398, 0.0196817964315, -0.00332357222214, 0.00168371817563, -0.00522474106401, 0.0034605357796], [0.000362850376405, -0.00114543247037, -0.000216678192373, 0.00384035380557, -0.00138137873728, 0.00179101433605, 0.0015861048596, -0.00304762111045, -0.00332357222214, 0.0145474942401, -0.00175726262387, -0.00391607685015, -0.00363267213106], [0.000114286245662, -0.00225861254148, -0.000491829647217, -0.00307572679594, 0.00316643784754, -0.00591158866882, 0.00393033400178, -0.00530539033934, 0.00168371817563, -0.00175726262387, 0.0178736615926, -0.0107159065083, -0.00135543954093], [0.000446490710601, 0.00143742898945, 0.000645658234134, 0.000158224705956, 0.00107094622217, 0.00625263061374, -0.00892215501517, 0.00839909818023, -0.00522474106401, -0.00391607685015, -0.0107159065083, 0.0292200744152, -0.00609983922914], [-0.000939004297834, 0.00205056811683, -0.00223744707182, -0.000419088464696, -0.00351573014632, 0.00140419171657, 0.00600262871012, -0.00379042467102, 0.0034605357796, -0.00363267213106, -0.00135543954093, -0.00609983922914, 0.0222522094846]]
    },
    "melbands": {
        "max": [0.0745479315519, 0.0543280765414, 0.0210238527507, 0.00990514177829, 0.018370648846, 0.00541645707563, 0.0028972493019, 0.00289217592217, 0.00173984991852, 0.00608174921945, 0.00208260701038, 0.000758829875849, 0.000985007500276, 0.000676880881656, 0.00187943037599, 0.0012774518691, 0.000267706171144, 0.000147169615957, 0.000272313336609, 0.000571464828681, 0.000102563957626, 0.000166239100508, 0.000237497777562, 3.43376850651e-05, 4.80055459775e-05, 5.39105421922e-05, 7.52552296035e-05, 4.99050765939e-05, 2.83780173049e-05, 1.69971153809e-05, 2.2548592824e-05, 2.4846262022e-05, 4.1213374061e-05, 2.07312423299e-05, 6.8124027166e-06, 4.5624105951e-06, 2.81842199001e-06, 9.32401917453e-07, 3.77365296345e-07, 5.14915484473e-07],
        "mean": [0.00521809980273, 0.00248458213173, 0.000929997826461, 0.000500930415001, 0.000436726229964, 0.000204754309379, 0.00012329389574, 0.000171778985532, 0.000207642529858, 0.000485345284687, 0.000312139978632, 8.65892361617e-05, 5.73062425246e-05, 5.83477121836e-05, 0.000112192363304, 8.55662365211e-05, 5.57347193535e-05, 2.22305843636e-05, 1.99089299713e-05, 1.89881611732e-05, 8.30398585094e-06, 9.84084454103e-06, 9.13225812837e-06, 4.41577594756e-06, 3.65045298167e-06, 3.09942470267e-06, 1.85152384802e-06, 1.75875879904e-06, 1.36843095788e-06, 1.10268774733e-06, 1.24948951452e-06, 1.02434114524e-06, 9.60177317211e-07, 3.75988179258e-07, 2.81660078372e-07, 1.88729941897e-07, 9.68771942667e-08, 2.62213664115e-08, 5.19825160694e-09, 2.57075138954e-09],
        "min": [1.51071486075e-23, 4.20050012128e-24, 8.74194198149e-24, 1.03242533847e-23, 9.47100486352e-24, 5.76465707403e-24, 9.27806684104e-24, 3.88677921117e-24, 7.0296752105e-24, 3.16245343889e-24, 6.04249349042e-24, 4.07530276803e-24, 9.3777780706e-24, 7.76755913516e-24, 5.89256929209e-24, 5.96922132853e-24, 6.29223186465e-24, 9.80228857838e-24, 6.55838801205e-24, 3.12447984428e-24, 7.43366586842e-24, 7.44825585086e-24, 1.21512923176e-23, 8.8947309282e-24, 9.08675308317e-24, 9.66172382027e-24, 8.56935025948e-24, 9.76164646455e-24, 8.14152732475e-24, 9.15050645494e-24, 7.66978455913e-24, 5.42026130762e-24, 4.14632707077e-24, 7.55037862821e-24, 8.42844234687e-24, 6.9854366798e-24, 8.01455227345e-24, 6.51814979499e-24, 7.07920384243e-24, 9.29112406674e-24],
        "stdev": [0.0108730085194, 0.00495499512181, 0.0023764190264, 0.00143077003304, 0.00150325964205, 0.000581606058404, 0.0003123851493, 0.000356680160621, 0.000236401858274, 0.000606362998951, 0.00027631217381, 9.46974105318e-05, 9.74418289843e-05, 9.0104258561e-05, 0.000209723468288, 0.000106055442302, 5.14921121066e-05, 2.17226570385e-05, 2.54012702499e-05, 4.52619242424e-05, 1.09241700557e-05, 1.67108628375e-05, 2.09784575418e-05, 5.31189743924e-06, 4.91509672429e-06, 4.83664507556e-06, 4.79232767248e-06, 3.34643141287e-06, 2.50306652561e-06, 1.94588369595e-06, 2.3028042051e-06, 2.18936111196e-06, 2.92209915642e-06, 1.1627485037e-06, 7.78817025093e-07, 5.50964159629e-07, 3.14604363894e-07, 1.04306785431e-07, 2.57660612846e-08, 2.95167783548e-08]
    },
    "melbands128": {
        "max": [0.0543300360441, 0.106409393251, 0.111290037632, 0.0571612939239, 0.0610278248787, 0.0645546838641, 0.0385306924582, 0.0202393643558, 0.0190172512084, 0.00989078264683, 0.0180272385478, 0.0295699629933, 0.0184097457677, 0.00933402683586, 0.00913055241108, 0.00255317101255, 0.00139172933996, 0.00374193396419, 0.00547679373994, 0.00393599737436, 0.00320942723192, 0.00269322702661, 0.00190791813657, 0.00509732682258, 0.0125759225339, 0.00625923741609, 0.00402111699805, 0.00258746556938, 0.00133024575189, 0.000847275368869, 0.00160921982024, 0.000925634638406, 0.00105022161733, 0.00209816778079, 0.000291528966045, 0.000299253326375, 0.0028929610271, 0.00309669529088, 0.000965485465713, 0.00138603453524, 0.00200252537616, 0.000729482679162, 0.000592226162553, 0.000539490021765, 0.000290093623335, 0.000166603393154, 0.000124544501887, 0.00035002102959, 0.000422811513999, 0.00124391634017, 0.00127297907602, 0.0002445539576, 0.00015662041551, 0.000131484572194, 0.000169246966834, 0.000342094659572, 0.000434530316852, 0.000264450965915, 0.000375284784241, 6.77572752465e-05, 5.09512865392e-05, 5.02136754221e-05, 8.15866078483e-05, 7.55084474804e-05, 4.78771689814e-05, 4.19389398303e-05, 5.7832832681e-05, 0.000158644819749, 4.58182694274e-05, 5.48470707145e-05, 3.31060946337e-05, 7.32631524443e-05, 5.58778810955e-05, 2.37966105487e-05, 2.03021372727e-05, 1.6377232896e-05, 1.94074782485e-05, 3.68750297639e-05, 1.54138997459e-05, 4.05223800044e-05, 1.75163295353e-05, 3.00421870634e-05, 4.17175579059e-05, 5.39275897609e-05, 3.70837260562e-05, 3.59091936843e-05, 1.03404890979e-05, 9.96035396383e-06, 7.66913854022e-06, 7.5413408922e-06, 6.50022684567e-06, 1.07015675894e-05, 4.00593171435e-06, 3.53375435225e-06, 2.59974331129e-06, 1.60690683515e-06, 8.73979843163e-07, 1.50056007442e-06, 3.17980266118e-07, 1.20644585877e-07, 1.02163846805e-06, 6.47551303246e-07, 2.56160372913e-08, 1.34233513194e-08, 5.88355986153e-09, 4.33706270897e-09, 1.09535740478e-08, 3.9796548279e-09, 3.76340558716e-09, 3.53040952028e-09, 3.54366402888e-09, 3.2946103623e-09, 3.24817439612e-09, 3.14136450186e-09, 3.02248670536e-09, 2.94193114314e-09, 2.86348811329e-09, 2.69655053842e-09, 2.71533484586e-09, 2.56963272882e-09, 2.46324582953e-09, 2.452182013e-09, 2.42232056635e-09, 2.32109687026e-09, 2.26049756691e-09, 2.26660423763e-09, 2.25567142742e-09, 2.24123097858e-09],
        "mean": [0.00207398761995, 0.00582263013348, 0.00671701133251, 0.00384534755722, 0.00201974576339, 0.0016607005382, 0.00120269425679, 0.00071448716335, 0.000493951549288, 0.000408518157201, 0.000558047147933, 0.000636971788481, 0.000313520373311, 0.000334068347001, 0.000245468021603, 0.000115747112432, 8.16553801997e-05, 0.000104399827251, 0.000221821013838, 0.000142348799272, 0.000177532056114, 0.000158111331984, 0.000158812894369, 0.000301023799693, 0.000483227806399, 0.000525985844433, 0.000605754787102, 0.000240124194534, 0.000147910483065, 8.88384674909e-05, 7.43900018279e-05, 6.04232518526e-05, 5.45630246052e-05, 6.29430360277e-05, 3.14405733661e-05, 2.62996309175e-05, 0.000144859775901, 0.00015886843903, 5.69803523831e-05, 6.70558220008e-05, 0.00010424242646, 9.14834745345e-05, 6.38914789306e-05, 3.36419361702e-05, 2.49790191447e-05, 2.08145575016e-05, 1.656778295e-05, 2.31365102081e-05, 1.65013352671e-05, 2.30359837587e-05, 2.36447503994e-05, 1.0397193364e-05, 7.77638524596e-06, 7.74456566432e-06, 7.84864096204e-06, 1.15502680273e-05, 9.98832183541e-06, 9.45747797232e-06, 1.01839023046e-05, 5.20763296663e-06, 3.91329467675e-06, 3.73818738808e-06, 3.92237825508e-06, 3.51203425453e-06, 3.62096102435e-06, 3.2722468859e-06, 2.5929698495e-06, 2.28805811275e-06, 1.66623544828e-06, 1.3101798686e-06, 1.43816498621e-06, 2.62365119852e-06, 1.37906624786e-06, 1.23618872294e-06, 1.07760536139e-06, 9.79338437901e-07, 1.12781208372e-06, 1.35965035497e-06, 1.15555326374e-06, 1.39862913784e-06, 8.99037843283e-07, 7.72962835072e-07, 1.45055912526e-06, 1.13378609967e-06, 4.11088393548e-07, 3.87699685689e-07, 3.69500185116e-07, 3.39133606531e-07, 3.06684228235e-07, 2.16779113771e-07, 1.78415191954e-07, 2.26057522923e-07, 1.24969218973e-07, 1.11491559096e-07, 5.74708636236e-08, 3.4999580123e-08, 2.08737134244e-08, 1.17182459292e-08, 4.07326528062e-09, 1.72928671383e-09, 4.75869654792e-09, 3.05239922227e-09, 1.81753875839e-10, 5.53924787983e-11, 3.94302195061e-11, 4.97892907458e-11, 6.81713782646e-11, 3.35221260472e-11, 2.41443948168e-11, 2.33810210776e-11, 2.34915975561e-11, 2.25208011961e-11, 2.05162675043e-11, 1.97178297995e-11, 1.94402011849e-11, 1.9466279283e-11, 1.92368534296e-11, 1.81628895951e-11, 1.7908959038e-11, 1.75257273971e-11, 1.69135226658e-11, 1.69010846984e-11, 1.69516345405e-11, 1.63114313723e-11, 1.40329909151e-11, 1.02280120137e-11, 8.26310114083e-12, 7.93774768137e-12],
        "min": [4.93874771082e-24, 1.92074235563e-23, 1.63301480678e-23, 4.74981355187e-24, 1.8940779104e-24, 3.56311194835e-24, 4.42372251391e-24, 6.81900753918e-24, 1.41280286514e-23, 1.03568230849e-23, 4.19586438017e-24, 8.28474028893e-24, 1.22797251839e-23, 9.78824133225e-24, 4.79763903311e-24, 1.89421497498e-24, 1.02618907747e-23, 1.13833228158e-23, 8.60760922453e-24, 2.39431689572e-24, 2.36872605074e-24, 4.67430141944e-24, 9.89618353649e-24, 4.22285012845e-24, 2.12662385007e-24, 1.31820619554e-24, 4.1044567005e-24, 8.91560892092e-24, 2.76312120183e-24, 9.52728910303e-25, 2.90248551086e-24, 1.29072048694e-23, 7.65246748454e-24, 7.08430067274e-24, 1.12280568458e-23, 5.11614004587e-24, 7.70034266401e-24, 4.05863650368e-24, 2.81465886527e-24, 8.33119946308e-24, 5.18671627562e-24, 4.45581850313e-24, 4.52733860495e-24, 7.49683706085e-24, 1.14250212144e-23, 1.31892273762e-23, 3.75860233028e-24, 3.59174247161e-24, 4.15639411921e-24, 2.83758138824e-24, 2.55774974541e-24, 4.09038618296e-24, 4.77514900313e-24, 9.29524113181e-24, 7.744551218e-24, 4.42939047951e-24, 4.7144982213e-24, 1.51543098678e-23, 5.2628831626e-24, 5.92585606684e-24, 9.22628680008e-24, 1.13841416534e-23, 5.17723258981e-24, 1.11115018582e-23, 9.30913218349e-24, 8.02704940791e-24, 6.46027777569e-24, 5.99293803721e-24, 8.98211620611e-24, 1.01046116317e-23, 1.04649443605e-23, 3.18907769165e-24, 6.59999450834e-24, 6.64936063493e-24, 7.10836881896e-24, 1.00257681397e-23, 7.45190275483e-24, 5.56567322157e-24, 8.50789878383e-24, 5.25575935419e-24, 4.86565698694e-24, 5.66731834364e-24, 6.47066234065e-24, 4.51905477658e-24, 1.27188625534e-24, 2.78202960608e-24, 1.12050576061e-23, 6.23379502094e-24, 9.78647901698e-24, 8.93484292751e-24, 5.69885424162e-24, 5.9658248879e-24, 1.02760737049e-23, 8.50272385629e-24, 5.59264003719e-24, 5.86070365025e-24, 5.41398591912e-24, 7.83199171618e-24, 5.90373443491e-24, 7.59377228888e-24, 8.70952532031e-24, 6.80493347177e-24, 1.14488818902e-23, 9.58308937637e-24, 5.56468951202e-24, 8.29439200211e-24, 7.36901713952e-24, 9.60809863365e-24, 8.4153078128e-24, 9.0543340554e-24, 1.14295248213e-23, 6.32639072514e-24, 4.97798407453e-24, 9.21933693551e-24, 1.00443047932e-23, 1.2993865973e-23, 9.78015708569e-24, 8.47684448543e-24, 7.08989054112e-24, 9.8959634443e-24, 1.19618308052e-23, 1.06653710396e-23, 8.46866715329e-24, 9.4191049157e-24, 9.99651402186e-24, 1.33957969151e-23, 1.01768941676e-23, 6.10546825648e-24],
        "stdev": [0.00488073937595, 0.0136586427689, 0.0146125759929, 0.00796938873827, 0.00499809812754, 0.00484218122438, 0.00361838261597, 0.00200717500411, 0.00160593888722, 0.00125598884188, 0.00195789150894, 0.00247948197648, 0.00128499954008, 0.00112553196959, 0.000812043785118, 0.000311821844662, 0.000185529264854, 0.000301951571601, 0.000703990284819, 0.000373747374397, 0.000367891421774, 0.000309712631861, 0.000245482922764, 0.000491854152642, 0.000936284719501, 0.000716100330465, 0.00061487063067, 0.000300010229694, 0.000164352022693, 0.000117679555842, 0.000147475060658, 0.000106612031232, 0.000107773266791, 0.00017423654208, 4.16090078943e-05, 3.22217601934e-05, 0.00034615866025, 0.000339641352184, 0.000109247441287, 0.000112034489575, 0.000177639405592, 8.66130212671e-05, 8.60782311065e-05, 5.11393955094e-05, 3.12851589115e-05, 2.55394043052e-05, 1.88748435903e-05, 3.44630643667e-05, 2.75098573184e-05, 7.90586782387e-05, 8.14654194983e-05, 1.78119589691e-05, 1.20221666293e-05, 1.28250230773e-05, 1.32873492475e-05, 2.41787438426e-05, 2.71360840998e-05, 2.5672126867e-05, 3.21093721141e-05, 8.0940180851e-06, 5.45672764929e-06, 5.0180051403e-06, 6.64189519739e-06, 5.88960983805e-06, 5.58524379812e-06, 5.09360279466e-06, 4.92258368467e-06, 8.50008200359e-06, 3.75906961381e-06, 3.33660909746e-06, 2.45013234235e-06, 6.26770770396e-06, 3.26139570461e-06, 2.80156586996e-06, 2.17079900722e-06, 1.78044172117e-06, 2.14834130929e-06, 2.84689349428e-06, 2.30880527852e-06, 4.2112455958e-06, 2.00312319976e-06, 2.32912111642e-06, 4.68604957859e-06, 3.78877325602e-06, 1.73552291471e-06, 1.69786596871e-06, 1.00380316326e-06, 9.2307561772e-07, 8.97183156212e-07, 7.39622521451e-07, 5.41456245173e-07, 8.01453495569e-07, 4.48312675871e-07, 3.7525117591e-07, 2.27919770168e-07, 1.47586291632e-07, 8.33459594674e-08, 7.7288582645e-08, 2.49153444543e-08, 9.49480583046e-09, 6.02729102184e-08, 3.71121942067e-08, 1.73138225978e-09, 6.05671068854e-10, 3.14946180247e-10, 3.12439407679e-10, 5.79877257323e-10, 2.01557506796e-10, 1.60069360544e-10, 1.50144341404e-10, 1.50677456623e-10, 1.40086484079e-10, 1.38159803043e-10, 1.33620614573e-10, 1.28543994893e-10, 1.25101456971e-10, 1.21747251169e-10, 1.14663077644e-10, 1.15459766747e-10, 1.09259629122e-10, 1.04740861817e-10, 1.04254528621e-10, 1.02968508719e-10, 9.8681639249e-11, 9.61773855002e-11, 9.65859683899e-11, 9.61952462131e-11, 9.55912918266e-11]
    },
    "mfcc": {
        "mean": [-725.158569336, 190.0599823, -73.7387771606, 30.4107074738, -32.4705543518, 28.0686588287, -2.58131194115, 20.2653446198, 12.4576463699, 17.7408351898, 14.1146183014, 0.223733156919, -7.20191240311],
        "cov": [[7697.34814453, 105.804130554, 1357.63220215, 1207.66918945, -53.78465271, 958.045776367, -551.465698242, 678.930603027, -795.395568848, -31.8106384277, -601.906860352, 309.468505859, -210.561035156], [105.804130554, 1414.25268555, 0.32217630744, 489.660247803, 232.844024658, -50.719871521, 234.538879395, -230.297012329, 200.268890381, -120.430168152, 102.46156311, -29.2413139343, 18.2349357605], [1357.63220215, 0.32217630744, 1019.14990234, 401.943572998, 367.649993896, 263.788604736, 7.45841407776, 146.035797119, -245.938613892, 93.2777862549, -241.553527832, 180.443222046, -73.7370071411], [1207.66918945, 489.660247803, 401.943572998, 624.585571289, 156.020797729, 194.603164673, -0.625651478767, 29.1068286896, -69.956451416, -74.1069793701, -85.1607055664, 37.5517845154, -12.8888969421], [-53.78465271, 232.844024658, 367.649993896, 156.020797729, 389.578338623, 18.9723892212, 198.169952393, 9.50203800201, 39.9168052673, 102.518539429, -53.5097923279, 107.078277588, -20.6797866821], [958.045776367, -50.719871521, 263.788604736, 194.603164673, 18.9723892212, 276.361785889, -53.9052658081, 209.325454712, -103.052314758, 59.52135849, -49.4623374939, 59.0155525208, -3.78581786156], [-551.465698242, 234.538879395, 7.45841407776, -0.625651478767, 198.169952393, -53.9052658081, 277.785736084, 10.4814119339, 164.140090942, 71.4245681763, 86.981628418, 71.1588287354, 11.3538160324], [678.930603027, -230.297012329, 146.035797119, 29.1068286896, 9.50203800201, 209.325454712, 10.4814119339, 353.348510742, -50.4363441467, 152.635665894, -16.4732170105, 113.857795715, -0.950139641762], [-795.395568848, 200.268890381, -245.938613892, -69.956451416, 39.9168052673, -103.052314758, 164.140090942, -50.4363441467, 263.637512207, 12.4104003906, 168.406616211, -37.3091468811, 46.5160865784], [-31.8106384277, -120.430168152, 93.2777862549, -74.1069793701, 102.518539429, 59.52135849, 71.4245681763, 152.635665894, 12.4104003906, 202.062484741, -11.1571550369, 83.371887207, -4.92162561417], [-601.906860352, 102.46156311, -241.553527832, -85.1607055664, -53.5097923279, -49.4623374939, 86.981628418, -16.4732170105, 168.406616211, -11.1571550369, 226.314056396, -34.0698661804, 61.5318565369], [309.468505859, -29.2413139343, 180.443222046, 37.5517845154, 107.078277588, 59.0155525208, 71.1588287354, 113.857795715, -37.3091468811, 83.371887207, -34.0698661804, 156.420013428, -12.3121891022], [-210.561035156, 18.2349357605, -73.7370071411, -12.8888969421, -20.6797866821, -3.78581786156, 11.3538160324, -0.950139641762, 46.5160865784, -4.92162561417, 61.5318565369, -12.3121891022, 89.8030853271]],
        "icov": [[0.00047108437866, -0.000215753709199, -0.000131791981403, -0.000373024289729, 0.000355485855835, -0.000584199966397, 0.00064792309422, -0.000543598551303, 7.99492408987e-05, 0.000358500779839, 0.000447123136837, -0.000685355742462, 0.000534081715159], [-0.000215753709199, 0.0019274916267, 0.000749726663344, -0.0016541647492, -0.000581020838581, -5.07842451043e-05, -0.00141186686233, 0.00162297929637, -0.000141851574881, -0.000373950431822, -0.000655321637169, 0.000225796276936, 7.36150614102e-05], [-0.000131791981403, 0.000749726663344, 0.00408118404448, -0.00108339614235, -0.00395604176447, -0.00193220877554, 0.000327114830725, 0.000931690679863, 0.00215870700777, 0.000188147037989, -3.73616276192e-05, -0.000991632114165, 0.00049214734463], [-0.000373024289729, -0.0016541647492, -0.00108339614235, 0.00569939939305, -0.00121535442304, -0.00242999428883, 0.000723657780327, -0.000428988365456, -0.00120441627223, 0.00291076721624, 0.000956781266723, 0.000339865888236, -0.000914250034839], [0.000355485855835, -0.000581020838581, -0.00395604176447, -0.00121535442304, 0.0118160583079, 0.000805520161521, -0.00556646799669, 0.00192535074893, -0.0019158917712, -0.00396698666736, 0.00296984706074, -0.00094409979647, -0.000381502992241], [-0.000584199966397, -5.07842451043e-05, -0.00193220877554, -0.00242999428883, 0.000805520161521, 0.0140981404111, 0.000570161791984, -0.00643499614671, 0.00217445241287, -0.00166803656612, -0.0027129475493, 0.00320566329174, -0.00157445215154], [0.00064792309422, -0.00141186686233, 0.000327114830725, 0.000723657780327, -0.00556646799669, 0.000570161791984, 0.0149909108877, -0.0026374051813, -0.00563279818743, 0.0013546992559, -0.00132313440554, -0.0055875191465, 0.00212975847535], [-0.000543598551303, 0.00162297929637, 0.000931690679863, -0.000428988365456, 0.00192535074893, -0.00643499614671, -0.0026374051813, 0.0115596987307, -0.00100254756398, -0.00520532531664, -0.000385072635254, -0.00326360552572, -0.000222426810069], [7.99492408987e-05, -0.000141851574881, 0.00215870700777, -0.00120441627223, -0.0019158917712, 0.00217445241287, -0.00563279818743, -0.00100254756398, 0.0150652620941, -0.00153177208267, -0.00613332632929, 0.00439953338355, -0.000913845258765], [0.000358500779839, -0.000373950431822, 0.000188147037989, 0.00291076721624, -0.00396698666736, -0.00166803656612, 0.0013546992559, -0.00520532531664, -0.00153177208267, 0.0127132637426, 0.00157613353804, -0.00194236612879, 0.000422500976129], [0.000447123136837, -0.000655321637169, -3.73616276192e-05, 0.000956781266723, 0.00296984706074, -0.0027129475493, -0.00132313440554, -0.000385072635254, -0.00613332632929, 0.00157613353804, 0.0121418777853, -0.00123153417371, -0.00320417131297], [-0.000685355742462, 0.000225796276936, -0.000991632114165, 0.000339865888236, -0.00094409979647, 0.00320566329174, -0.0055875191465, -0.00326360552572, 0.00439953338355, -0.00194236612879, -0.00123153417371, 0.0149199673906, -0.00132453849073], [0.000534081715159, 7.36150614102e-05, 0.00049214734463, -0.000914250034839, -0.000381502992241, -0.00157445215154, 0.00212975847535, -0.000222426810069, -0.000913845258765, 0.000422500976129, -0.00320417131297, -0.00132453849073, 0.0147301908582]]
    },
    "spectral_contrast_coeffs": {
        "max": [-0.518495500088, -0.51535820961, -0.574245989323, -0.651180267334, -0.705394625664, -0.447391241789],
        "mean": [-0.760995805264, -0.73826533556, -0.731564223766, -0.802398264408, -0.809925079346, -0.601996243],
        "min": [-0.967637956142, -0.974300384521, -0.966419577599, -0.964159727097, -0.959795832634, -0.963905453682],
        "stdev": [0.0756237655878, 0.0717923790216, 0.0547260046005, 0.0387785620987, 0.0277920402586, 0.0763035044074]
    },
    "spectral_contrast_valleys": {
        "max": [-4.71262025833, -5.23658132553, -5.60248756409, -5.98184967041, -6.3311753273, -10.2472038269],
        "mean": [-7.52125692368, -7.0602440834, -7.14328813553, -7.44540166855, -8.13817596436, -13.9169158936],
        "min": [-27.2931404114, -27.0227184296, -27.2265853882, -27.3272018433, -27.3122882843, -27.2380142212],
        "stdev": [1.89764964581, 1.48340773582, 1.4284529686, 1.4008051157, 1.40339481831, 1.28694236279]
    }
},
"rhythm": {
    "beats_count": 36,
    "beats_loudness": {
        "max": 0.110463231802,
        "mean": 0.0342553369701,
        "min": 0.000986648374237,
        "stdev": 0.0326002836227
    },
    "bpm": 178.205841064,
    "bpm_histogram_first_peak_bpm": 178,
    "bpm_histogram_first_peak_weight": 0,
    "bpm_histogram_second_peak_bpm": 172,
    "bpm_histogram_second_peak_spread": 0,
    "bpm_histogram_second_peak_weight": 0.257142871618,
    "danceability": 0.792373597622,
    "onset_rate": 1.3323546648,
    "beats_loudness_band_ratio": {
        "max": [0.939439415932, 0.621125221252, 0.626454770565, 0.779211699963, 0.313005834818, 0.214804321527],
        "mean": [0.376485794783, 0.061067044735, 0.301947981119, 0.217114984989, 0.0599595755339, 0.013752238825],
        "min": [0.00249479385093, 0.000877067446709, 0.039004124701, 0.0111022517085, 0.007838123478, 0.000402561126975],
        "stdev": [0.328506827354, 0.133734807372, 0.199454396963, 0.194638863206, 0.0604355707765, 0.0347129888833]
    },
    "beats_position": [0.336689323187, 0.673378646374, 1.02167797089, 1.35836732388, 1.69505667686, 2.03174591064, 2.36843538284, 2.71673464775, 3.05342388153, 3.39011335373, 3.72680258751, 4.07510185242, 4.42340135574, 4.77170038223, 5.10838985443, 5.45668935776, 5.79337835312, 6.13006782532, 6.46675729752, 6.80344676971, 7.12852573395, 7.46521520615, 7.80190467834, 8.13859367371, 8.47528362274, 8.8119726181, 9.17188167572, 9.52018165588, 9.8800907135, 10.2399997711, 10.5999088287, 10.9482088089, 11.3081178665, 11.656416893, 12.0163259506, 12.3762359619],
