{
"metadata": {
    "version": {
        "essentia": "2.1-beta5",
        "essentia_git_sha": "Undefined",
        "extractor": "music 2.0"
    },
    "audio_properties": {
        "analysis": {
            "equal_loudness": 0,
            "length": 20.7470302582,
            "sample_rate": 44100,
            "start_time": 175.240997314,
            "downmix": "mix"
        },
        "bit_rate": 192000,
        "length": 196.011245728,
        "lossless": 0,
        "number_channels": 2,
        "replay_gain": -0.640573501587,
        "sample_rate": 48000,
        "codec": "mp3",
        "md5_encoded": "093bd72ec47f5ee2e0a36183dc85df10"
    },
    "tags": {
        "file_name": "Latvia_Cake To Bake_Aarzemnieki.mp3",
        "encoding": ["Lavf58.29.100"]
    }
},
"lowlevel": {
    "average_loudness": 0.955178558826,
    "barkbands_crest": {
        "max": 25.2086353302,
        "mean": 10.2726268768,
        "min": 3.25203633308,
        "stdev": 3.88112926483
    },
    "barkbands_flatness_db": {
        "max": 0.422713786364,
        "mean": 0.220628276467,
        "min": 0.0973724648356,
        "stdev": 0.0588897652924
    },
    "barkbands_kurtosis": {
        "max": 52.8896980286,
        "mean": 4.97363519669,
        "min": -1.80909609795,
        "stdev": 7.0182299614
    },
    "barkbands_skewness": {
        "max": 6.66471719742,
        "mean": 1.80715346336,
        "min": -1.07082056999,
        "stdev": 1.10932552814
    },
    "barkbands_spread": {
        "max": 77.1082839966,
        "mean": 16.2112731934,
        "min": 1.05002725124,
        "stdev": 11.2118492126
    },
    "dissonance": {
        "max": 0.5,
        "mean": 0.46980535984,
        "min": 0.308406233788,
        "stdev": 0.0276421364397
    },
    "dynamic_complexity": 2.28337073326,
    "erbbands_crest": {
        "max": 32.3837432861,
        "mean": 9.39162635803,
        "min": 2.52659797668,
        "stdev": 4.72279548645
    },
    "erbbands_flatness_db": {
        "max": 0.485485345125,
        "mean": 0.248931914568,
        "min": 0.126837939024,
        "stdev": 0.0798451080918
    },
    "erbbands_kurtosis": {
        "max": 42.763759613,
        "mean": 0.979026794434,
        "min": -1.79052126408,
        "stdev": 3.82421207428
    },
    "erbbands_skewness": {
        "max": 5.61026763916,
        "mean": 0.901977598667,
        "min": -1.64442932606,
        "stdev": 0.810825824738
    },
    "erbbands_spread": {
        "max": 107.2866745,
        "mean": 35.4348526001,
        "min": 1.89732217789,
        "stdev": 21.6783504486
    },
    "hfc": {
        "max": 84.9837722778,
        "mean": 23.0229530334,
        "min": 0.413530349731,
        "stdev": 14.1495513916
    },
    "loudness_ebu128": {
        "integrated": -22.344165802,
        "loudness_range": 2.93528556824,
        "momentary": {
            "max": -19.8070354462,
            "mean": -22.6665802002,
            "min": -28.2741718292,
            "stdev": 1.73435544968
        },
        "short_term": {
            "max": -20.9909591675,
            "mean": -22.3841266632,
            "min": -24.2697105408,
            "stdev": 1.01356863976
        }
    },
    "melbands_crest": {
        "max": 33.0135269165,
        "mean": 13.1743631363,
        "min": 3.16964912415,
        "stdev": 4.83619594574
    },
    "melbands_flatness_db": {
        "max": 0.439952105284,
        "mean": 0.215208157897,
        "min": 0.0487695783377,
        "stdev": 0.059443499893
    },
    "melbands_kurtosis": {
        "max": 120.985816956,
        "mean": 14.9940519333,
        "min": -1.29790270329,
        "stdev": 17.6369895935
    },
    "melbands_skewness": {
        "max": 9.26772689819,
        "mean": 2.77402544022,
        "min": -0.0861819908023,
        "stdev": 1.56534123421
    },
    "melbands_spread": {
        "max": 130.34161377,
        "mean": 18.5348815918,
        "min": 1.27180325985,
        "stdev": 14.9977779388
    },
    "pitch_salience": {
        "max": 0.917332112789,
        "mean": 0.622358858585,
        "min": 0.183028042316,
        "stdev": 0.12662011385
    },
    "silence_rate_20dB": {
        "max": 1,
        "mean": 1,
        "min": 1,
        "stdev": 0
    },
    "silence_rate_30dB": {
        "max": 1,
        "mean": 0.998882710934,
        "min": 0,
        "stdev": 0.0334076732397
    },
    "silence_rate_60dB": {
        "max": 1,
        "mean": 0.0122905028984,
        "min": 0,
        "stdev": 0.110178224742
    },
    "spectral_centroid": {
        "max": 3788.70776367,
        "mean": 1402.24121094,
        "min": 332.873718262,
        "stdev": 531.95501709
    },
    "spectral_complexity": {
        "max": 41,
        "mean": 20.8636875153,
        "min": 0,
        "stdev": 7.59854888916
    },
    "spectral_decrease": {
        "max": -9.37277477853e-11,
        "mean": -7.02021818455e-09,
        "min": -2.50419205372e-08,
        "stdev": 4.6652672836e-09
    },
    "spectral_energy": {
        "max": 0.0994829162955,
        "mean": 0.0285841654986,
        "min": 0.000391259120079,
        "stdev": 0.0184860602021
    },
    "spectral_energyband_high": {
        "max": 0.00680173002183,
        "mean": 0.000670407607686,
        "min": 6.33473609923e-06,
        "stdev": 0.00069419312058
    },
    "spectral_energyband_low": {
        "max": 0.0884504839778,
        "mean": 0.00720069464296,
        "min": 2.05462891145e-09,
        "stdev": 0.0113470917568
    },
    "spectral_energyband_middle_high": {
        "max": 0.0696276575327,
        "mean": 0.00870689656585,
        "min": 0.0001383300405,
        "stdev": 0.0088435234502
    },
    "spectral_energyband_middle_low": {
        "max": 0.066622145474,
        "mean": 0.0132919857278,
        "min": 0.0001909595303,
        "stdev": 0.0108719514683
    },
    "spectral_entropy": {
        "max": 8.39247703552,
        "mean": 7.61265039444,
        "min": 6.70756864548,
        "stdev": 0.257274746895
    },
    "spectral_flux": {
        "max": 0.284924834967,
        "mean": 0.0911589115858,
        "min": 0.0189063269645,
        "stdev": 0.0395583026111
    },
    "spectral_kurtosis": {
        "max": 18.3289661407,
        "mean": 2.20431232452,
        "min": -1.06303608418,
        "stdev": 2.25648093224
    },
    "spectral_rms": {
        "max": 0.00985172577202,
        "mean": 0.00501347426325,
        "min": 0.000617831887212,
        "stdev": 0.00165894709062
    },
    "spectral_rolloff": {
        "max": 7321.2890625,
        "mean": 1450.61450195,
        "min": 129.19921875,
        "stdev": 1121.20837402
    },
    "spectral_skewness": {
        "max": 3.39770436287,
        "mean": 1.0397233963,
        "min": -0.0786408856511,
        "stdev": 0.34340596199
    },
    "spectral_spread": {
        "max": 8234899,
        "mean": 3582414.75,
        "min": 2155935,
        "stdev": 904741.6875
    },
    "spectral_strongpeak": {
        "max": 12.5690860748,
        "mean": 1.3169567585,
        "min": 0.0118905175477,
        "stdev": 1.38975977898
    },
    "zerocrossingrate": {
        "max": 0.21484375,
        "mean": 0.0595413967967,
        "min": 0.00830078125,
        "stdev": 0.0249275434762
    },
    "barkbands": {
        "max": [0.00151840085164, 0.0477904602885, 0.041623365134, 0.0232509076595, 0.0214183628559, 0.0189446397126, 0.0355559103191, 0.0494813174009, 0.0431724339724, 0.0671516656876, 0.0150425620377, 0.0192060060799, 0.00916000269353, 0.00913123507053, 0.00778182409704, 0.00259223207831, 0.00284573133104, 0.0023034804035, 0.0070881168358, 0.0045083547011, 0.00201779557392, 0.00488933874294, 0.00212288508192, 0.000714560737833, 2.66424758593e-05, 1.59026694746e-06, 1.48246829212e-06],
        "mean": [6.32953015156e-05, 0.00408257637173, 0.00221133977175, 0.0014888412552, 0.00207356084138, 0.0008639342268, 0.00102233316284, 0.00236271461472, 0.00462298002094, 0.00353635032661, 0.00124259083532, 0.00110895943362, 0.000682783080265, 0.00062854407588, 0.000448623351986, 0.00027529799263, 0.00030323700048, 0.000268190458883, 0.000455598317785, 0.000263904774329, 0.00013689728803, 0.00024935224792, 0.000146434933413, 4.55272238469e-05, 3.13675087682e-07, 2.98474800431e-09, 2.8561699672e-09],
        "min": [2.63163310588e-11, 4.4790043896e-10, 2.78114864471e-10, 8.69351923782e-10, 5.41799010989e-07, 1.95630036615e-06, 5.23477001479e-06, 1.70412367879e-05, 2.25252188102e-05, 7.80739446782e-06, 3.08743437927e-06, 8.89557759365e-06, 1.18235027458e-06, 2.71564954346e-06, 5.99074019192e-06, 8.3643144535e-06, 7.10085760147e-06, 5.12801761943e-06, 4.31207126894e-06, 2.0994341412e-06, 1.34230344884e-06, 2.18133527596e-06, 2.69056759095e-08, 7.97256427543e-11, 7.05535421752e-11, 9.80315481569e-11, 1.3285378353e-10],
        "stdev": [0.000159987845109, 0.00674155820161, 0.00457729864866, 0.00303453416564, 0.00300909834914, 0.00182704441249, 0.00253988499753, 0.00549598503858, 0.0062828832306, 0.00669543864205, 0.00181834469549, 0.00207483489066, 0.000990628032014, 0.000908088521101, 0.000754509761464, 0.00029526828439, 0.000306907284539, 0.000270553602604, 0.000614475982729, 0.000368505890947, 0.00016518382472, 0.000363138213288, 0.000176826142706, 6.76345807733e-05, 1.59900253038e-06, 5.32546380327e-08, 4.96761174418e-08]
    },
    "erbbands": {
        "max": [1.14482927322, 12.4135694504, 47.4474525452, 54.3335151672, 83.3664398193, 102.108184814, 139.081924438, 170.860946655, 286.948822021, 873.489501953, 1431.39733887, 987.828613281, 1400.52563477, 2506.82641602, 507.186523438, 920.518493652, 498.855072021, 317.721954346, 576.893981934, 343.908111572, 160.262451172, 125.006629944, 120.49810791, 298.877471924, 277.831054688, 193.627059937, 58.1751060486, 123.729743958, 178.556838989, 86.2142333984, 52.6182594299, 24.8106765747, 6.86407518387, 0.673915088177, 0.021616326645, 0.00685136485845, 0.00290332827717, 0.000971195637248, 0.00022282563441, 0.000115144866868],
        "mean": [0.0946368947625, 0.998580873013, 2.41261696815, 4.32948493958, 5.84379386902, 6.53327178955, 7.54308891296, 7.28871297836, 11.4188966751, 24.3610134125, 66.2345046997, 107.638206482, 101.111175537, 110.564628601, 40.9478378296, 45.3238487244, 31.4573860168, 32.9121780396, 29.6755485535, 18.4603939056, 16.1685676575, 17.097661972, 15.589630127, 19.1998348236, 22.1166706085, 12.2341012955, 5.60665225983, 6.49131298065, 9.31797218323, 6.53913831711, 3.72816133499, 1.66574418545, 0.382032036781, 0.0221867412329, 0.000887915899511, 0.000120545249956, 3.53535506292e-05, 1.08843441922e-05, 1.74491196958e-05, 3.45198641298e-05],
        "min": [7.06503442416e-08, 5.95453741425e-07, 2.21222603614e-06, 1.98048492166e-05, 0.000261627486907, 0.00223568757065, 0.00423841085285, 0.0258598346263, 0.075165219605, 0.3552300632, 0.430670529604, 0.946871161461, 0.436159431934, 0.412175983191, 0.262893140316, 0.565057516098, 0.0973453745246, 0.142639100552, 0.251271784306, 0.429026126862, 0.5211327672, 0.399641036987, 0.316158771515, 0.21796014905, 0.171508863568, 0.0928985774517, 0.0608531981707, 0.0513293296099, 0.110284306109, 0.0172766614705, 0.00113593973219, 8.90012233867e-05, 2.12853210542e-05, 1.07664227471e-05, 8.64778576215e-06, 7.03986324879e-06, 4.01670922656e-06, 5.38421261354e-07, 1.60436411534e-06, 1.72558168288e-06],
        "stdev": [0.146017506719, 1.71067476273, 4.85923910141, 8.41303062439, 9.72387981415, 9.76117038727, 14.5905303955, 16.332824707, 25.258480072, 56.4244766235, 136.403869629, 153.168792725, 133.745635986, 238.035812378, 50.2276153564, 92.3563766479, 44.9312362671, 40.998840332, 50.0583305359, 24.9870986938, 17.3167877197, 16.534072876, 15.2606258392, 25.5868606567, 31.2933559418, 16.5856380463, 5.1243481636, 10.5599508286, 13.9859733582, 7.71374750137, 4.67394542694, 2.34390974045, 0.638548672199, 0.0575814172626, 0.00179126637522, 0.000264299946139, 9.95981463348e-05, 3.30402253894e-05, 1.2097065337e-05, 2.1310068405e-05]
    },
    "gfcc": {
        "mean": [-44.0622177124, 108.959747314, -203.844573975, 34.4580993652, -94.5929870605, 3.38202381134, -10.9972381592, -17.8596096039, 8.30815887451, -32.5808372498, 0.236213982105, -18.8804092407, -6.38554859161],
        "cov": [[2525.0769043, 1285.51916504, 1902.38525391, 1402.25646973, 395.312164307, 540.924682617, -66.8902511597, 189.540664673, 31.1140880585, 153.099411011, 283.643554688, -73.350730896, 1.20512878895], [1285.51916504, 2057.56982422, 2577.12304688, 1731.61193848, 861.369812012, 484.945251465, 24.7099475861, 34.97082901, 87.4333114624, 163.503097534, 227.443313599, 47.2263641357, 56.497013092], [1902.38525391, 2577.12304688, 4106.79589844, 2787.52880859, 1034.29797363, 850.882995605, -229.979446411, 91.4569091797, 85.8329086304, 271.373565674, 361.088409424, 76.127204895, 97.1917877197], [1402.25646973, 1731.61193848, 2787.52880859, 2052.0559082, 747.301879883, 587.275512695, -192.308181763, 73.5587081909, 69.1338577271, 204.673202515, 248.428726196, 44.7017402649, 82.0354766846], [395.312164307, 861.369812012, 1034.29797363, 747.301879883, 515.40057373, 234.203353882, 71.489402771, 31.5034141541, 63.0012283325, 83.3726348877, 56.8192634583, 25.3426132202, 44.9721336365], [540.924682617, 484.945251465, 850.882995605, 587.275512695, 234.203353882, 372.599731445, 38.1727638245, 59.2785491943, 8.66528892517, 53.8590545654, 72.5131759644, 2.74913430214, 22.3139057159], [-66.8902511597, 24.7099475861, -229.979446411, -192.308181763, 71.489402771, 38.1727638245, 267.892700195, 32.5095252991, 9.10059738159, -26.0573177338, -37.198589325, 7.94075298309, -16.1528053284], [189.540664673, 34.97082901, 91.4569091797, 73.5587081909, 31.5034141541, 59.2785491943, 32.5095252991, 107.829109192, 48.0201530457, 28.8074169159, 18.826505661, -20.8785648346, 6.47802495956], [31.1140880585, 87.4333114624, 85.8329086304, 69.1338577271, 63.0012283325, 8.66528892517, 9.10059738159, 48.0201530457, 96.6007080078, 48.7116966248, 4.69117689133, -3.93230319023, 8.90345954895], [153.099411011, 163.503097534, 271.373565674, 204.673202515, 83.3726348877, 53.8590545654, -26.0573177338, 28.8074169159, 48.7116966248, 90.2436676025, 44.8288764954, 3.50727748871, 7.80714273453], [283.643554688, 227.443313599, 361.088409424, 248.428726196, 56.8192634583, 72.5131759644, -37.198589325, 18.826505661, 4.69117689133, 44.8288764954, 97.2595443726, 16.4825325012, 1.10772824287], [-73.350730896, 47.2263641357, 76.127204895, 44.7017402649, 25.3426132202, 2.74913430214, 7.94075298309, -20.8785648346, -3.93230319023, 3.50727748871, 16.4825325012, 69.4406356812, 24.187789917], [1.20512878895, 56.497013092, 97.1917877197, 82.0354766846, 44.9721336365, 22.3139057159, -16.1528053284, 6.47802495956, 8.90345954895, 7.80714273453, 1.10772824287, 24.187789917, 58.749961853]],
        "icov": [[0.00123204546981, -0.00134000566322, 0.00101886887569, -0.00115654314868, 0.00142766092904, -0.000991320819594, 0.000216415413888, -0.00170315627474, 0.000922300212551, -0.000239585657255, -0.00108933693264, 0.00107744184788, 0.000192716310266], [-0.00134000566322, 0.00882562994957, -0.00583350239322, 0.00225580926053, -0.00659922743216, 0.00457431701943, -0.00471189664677, 0.00639057159424, -0.00405415473506, 0.00363390776329, -0.00553056178614, 0.00380000611767, -0.0019736981485], [0.00101886887569, -0.00583350239322, 0.00742465257645, -0.00581214996055, 0.00386280100793, -0.00419081002474, 0.00331503641792, -0.00376001303084, 0.00218990957364, -0.00142825662624, 0.00188857491594, -0.00324515765533, 0.00254107965156], [-0.00115654314868, 0.00225580926053, -0.00581214996055, 0.00936681870371, -0.0050134928897, 0.000318085047184, 0.00221153325401, 0.000880030158442, -0.000161779127666, -0.000604374799877, -0.000584619876463, 1.87494915735e-05, -0.00127364578657], [0.00142766092904, -0.00659922743216, 0.00386280100793, -0.0050134928897, 0.0130690708756, -0.00246529746801, -0.00190287875012, -0.00228955969214, 0.000606879068073, -0.00407326826826, 0.00562552083284, -0.000617327925283, -0.00181401288137], [-0.000991320819594, 0.00457431701943, -0.00419081002474, 0.000318085047184, -0.00246529746801, 0.00949087645859, -0.00537154776976, 0.00150410574861, 0.000269280833891, 0.000771983177401, -0.00191888539121, 0.00318287848495, -0.00266768201254], [0.000216415413888, -0.00471189664677, 0.00331503641792, 0.00221153325401, -0.00190287875012, -0.00537154776976, 0.01185690891, -0.00694697303697, 0.00275987293571, -0.000180565955816, 0.00451949238777, -0.00713733909652, 0.00593630829826], [-0.00170315627474, 0.00639057159424, -0.00376001303084, 0.000880030158442, -0.00228955969214, 0.00150410574861, -0.00694697303697, 0.022647516802, -0.0118917711079, 0.00284769549035, -0.00727301836014, 0.00895288493484, -0.00647006044164], [0.000922300212551, -0.00405415473506, 0.00218990957364, -0.000161779127666, 0.000606879068073, 0.000269280833891, 0.00275987293571, -0.0118917711079, 0.0227501261979, -0.0122683886439, 0.00690081389621, -0.00283898413181, 0.00120733398944], [-0.000239585657255, 0.00363390776329, -0.00142825662624, -0.000604374799877, -0.00407326826826, 0.000771983177401, -0.000180565955816, 0.00284769549035, -0.0122683886439, 0.0249322988093, -0.0110465493053, 0.0022255431395, 1.63234562933e-05], [-0.00108933693264, -0.00553056178614, 0.00188857491594, -0.000584619876463, 0.00562552083284, -0.00191888539121, 0.00451949238777, -0.00727301836014, 0.00690081389621, -0.0110465493053, 0.0288485065103, -0.0118410568684, 0.00625320570543], [0.00107744184788, 0.00380000611767, -0.00324515765533, 1.87494915735e-05, -0.000617327925283, 0.00318287848495, -0.00713733909652, 0.00895288493484, -0.00283898413181, 0.0022255431395, -0.0118410568684, 0.0271118320525, -0.0128242606297], [0.000192716310266, -0.0019736981485, 0.00254107965156, -0.00127364578657, -0.00181401288137, -0.00266768201254, 0.00593630829826, -0.00647006044164, 0.00120733398944, 1.63234562933e-05, 0.00625320570543, -0.0128242606297, 0.0262141842395]]
    },
    "melbands": {
        "max": [0.0121238213032, 0.0218853838742, 0.00903426669538, 0.00408314960077, 0.00451087253168, 0.00355758192018, 0.0040680244565, 0.00803825445473, 0.0120544442907, 0.00651581725106, 0.0071626920253, 0.0106292990968, 0.00223183305934, 0.00172174337786, 0.00195338740014, 0.00113923090976, 0.000748236489017, 0.000914000498597, 0.000439635303337, 0.000243315240368, 0.000167231264641, 0.00014798817574, 0.000197052970179, 0.000167889462318, 0.000278055435047, 0.000260099943262, 0.000223314695177, 9.97518873191e-05, 3.93579648517e-05, 3.88655244024e-05, 0.000102737853013, 0.000139025913086, 4.8963145673e-05, 5.16574655194e-05, 3.10699906549e-05, 2.28200879064e-05, 1.61093448696e-05, 5.71205919186e-06, 2.16904595618e-06, 2.58259007069e-07],
        "mean": [0.00102367356885, 0.00130570819601, 0.00078384479275, 0.000445577286882, 0.000274279649602, 0.000162875672686, 0.00018709115102, 0.000312479125569, 0.000568199902773, 0.000691887980793, 0.000498957233503, 0.000465001270641, 0.000145567348227, 0.000126728555188, 8.27798285172e-05, 7.26074067643e-05, 5.88255716139e-05, 5.08683733642e-05, 3.08010203298e-05, 1.95883039851e-05, 1.8749591618e-05, 1.79219259735e-05, 1.56192527356e-05, 1.23249237731e-05, 1.59172977874e-05, 1.70983603311e-05, 1.40313131851e-05, 6.63978380544e-06, 3.40319638781e-06, 3.05259914057e-06, 4.01824308938e-06, 5.59631689612e-06, 4.41513429905e-06, 3.36258131028e-06, 2.29748320635e-06, 1.42511180456e-06, 8.57352461026e-07, 3.20754367067e-07, 4.97112893072e-08, 1.53866730468e-09],
        "min": [1.12424319854e-10, 2.41223596653e-10, 3.81422271545e-09, 1.03571807131e-07, 1.29473690436e-07, 5.800000622e-07, 1.15190141514e-06, 3.80111464438e-06, 4.03637204727e-06, 3.2386874409e-06, 2.03060949389e-06, 1.38392022109e-06, 4.66060186e-07, 5.76224920223e-07, 5.37842197446e-07, 1.49867432242e-07, 2.72964001624e-07, 3.07291855961e-07, 3.94876536802e-07, 5.65658694995e-07, 5.43891644611e-07, 4.16451598539e-07, 3.45726647311e-07, 2.48980256856e-07, 1.58207612344e-07, 1.34440384159e-07, 8.34288513829e-08, 5.09198478937e-08, 3.64127359376e-08, 3.59090783775e-08, 1.19167395951e-08, 7.17927548521e-08, 2.90302821782e-08, 1.03270036966e-09, 1.9908227844e-10, 1.19594022185e-11, 1.27096705556e-12, 8.44877011234e-13, 7.70269807139e-13, 5.42148899559e-13],
        "stdev": [0.00160908594262, 0.00230933330022, 0.00138055742718, 0.000663842423819, 0.000489414087497, 0.000358601741027, 0.000410031556385, 0.000697034527548, 0.00108277599793, 0.000990743981674, 0.000700991717167, 0.0010254556546, 0.000197432629648, 0.000213481514947, 0.000181777766556, 0.000113874884846, 7.89438490756e-05, 9.06022687559e-05, 4.75064334751e-05, 2.27413293032e-05, 2.09020745388e-05, 1.80158913281e-05, 1.66935114976e-05, 1.43288780237e-05, 2.41835841734e-05, 2.5067196475e-05, 2.22005164687e-05, 9.16428234632e-06, 3.31064734382e-06, 3.55356496584e-06, 7.82509414421e-06, 9.39721667237e-06, 5.68182440475e-06, 4.16580542151e-06, 2.91947253572e-06, 2.01165698854e-06, 1.29766590362e-06, 5.41562712897e-07, 1.61931822618e-07, 1.1666319466e-08]
    },
    "melbands128": {
        "max": [0.00134273502044, 0.00670243706554, 0.0200467612594, 0.0244852639735, 0.0270983688533, 0.0186285190284, 0.0124026974663, 0.0123141463846, 0.00889354106039, 0.00696120690554, 0.00732563948259, 0.00866085384041, 0.00656575802714, 0.00910467468202, 0.00453720055521, 0.00725953560323, 0.00757430493832, 0.00668023340404, 0.0105687929317, 0.0152936223894, 0.0102779073641, 0.0154779143631, 0.0232983604074, 0.0178867932409, 0.0120796011761, 0.0129062598571, 0.0110008362681, 0.0133580444381, 0.0188149809837, 0.0205377135426, 0.016889333725, 0.00216973479837, 0.00438266480342, 0.00127287523355, 0.00379263516515, 0.00329503626563, 0.0055618933402, 0.00252672587521, 0.0011110373307, 0.0026858842466, 0.00212490628473, 0.00138225243427, 0.00111467274837, 0.00207726680674, 0.00208776514046, 0.00125117925927, 0.00164015323389, 0.00072835793253, 0.000989238498732, 0.000510795856826, 0.000313410797389, 0.000533179321792, 0.000349989248207, 0.000222050584853, 0.000187731318874, 0.000264877744485, 0.000288936949801, 0.00051745120436, 0.000181401119335, 0.000202515919227, 0.000365401036106, 0.000238470907789, 0.000234243561863, 0.00055389793124, 0.000710494234227, 0.00033793883631, 0.00038320090971, 0.000371630943846, 0.000451620609965, 0.000217518550926, 0.000172563697561, 6.5899490437e-05, 4.81768802274e-05, 4.22589509981e-05, 5.92686956224e-05, 4.13829402532e-05, 5.86900205235e-05, 8.63531822688e-05, 0.000139938681968, 0.000252458034083, 0.000183583833859, 0.000107335035864, 8.41045257403e-05, 6.37190751149e-05, 3.78408985853e-05, 9.04329353943e-05, 5.60615044378e-05, 3.34579672199e-05, 4.36083719251e-05, 3.39204852935e-05, 3.74584633391e-05, 2.10333855648e-05, 2.54080750892e-05, 2.21503960347e-05, 7.7529302871e-06, 7.6317037383e-06, 5.75401327296e-06, 5.46192541151e-06, 3.17851868203e-06, 1.1327692846e-06, 5.73331590203e-07, 2.36598420855e-08, 1.82953243666e-08, 1.68479399321e-08, 1.55296575599e-08, 1.43144145426e-08, 1.33175008799e-08, 1.24055992146e-08, 1.14809726171e-08, 1.08197850679e-08, 1.01689225929e-08, 9.5808179168e-09, 9.05115360439e-09, 8.57599591342e-09, 8.19334999846e-09, 7.77806530294e-09, 7.42517247687e-09, 7.11043002255e-09, 6.83704293181e-09, 6.58371490658e-09, 6.40852793055e-09, 6.1850724542e-09, 6.09141093122e-09, 5.92314419734e-09, 5.82132120286e-09, 5.7188924707e-09, 5.64721203133e-09, 5.60329738164e-09],
        "mean": [5.71640048292e-05, 0.000568420509808, 0.00155555154197, 0.00167187210172, 0.00126622908283, 0.00110118533485, 0.000914182339329, 0.000683606776875, 0.000596646452323, 0.000450433086371, 0.000334101147018, 0.000335578282829, 0.000274689431535, 0.000176410350832, 0.000154150344315, 0.000163099204656, 0.000149324914673, 0.000182184958248, 0.000249544886174, 0.000218938323087, 0.000351520109689, 0.000577334896661, 0.000582489534281, 0.000569251016714, 0.000723427627236, 0.000780313566793, 0.000543780857697, 0.000438252172899, 0.00047779965098, 0.000543106114492, 0.000515977735631, 0.00020060967654, 0.000113877453259, 9.48290035012e-05, 0.000121386350656, 0.00013747617777, 0.00014060275862, 7.74226136855e-05, 4.86676326545e-05, 6.57646014588e-05, 8.62745946506e-05, 7.03498153598e-05, 5.35668805242e-05, 5.69677104068e-05, 5.82615393796e-05, 5.32196645509e-05, 3.76456482627e-05, 3.25925757352e-05, 2.79405740002e-05, 2.07073153433e-05, 1.78850568773e-05, 1.90256905626e-05, 1.84619057109e-05, 1.89526181202e-05, 1.90625742107e-05, 1.75234908966e-05, 1.75262302946e-05, 1.59762203111e-05, 1.52053444253e-05, 1.45077774505e-05, 1.19452179206e-05, 1.10352339107e-05, 1.17294102893e-05, 1.87269433809e-05, 2.05657888728e-05, 1.50028390635e-05, 1.71847877937e-05, 1.67035050254e-05, 1.36803701025e-05, 9.86937629932e-06, 7.09378173269e-06, 4.71689554615e-06, 3.56370878762e-06, 3.25134533341e-06, 3.06308902509e-06, 2.94842516269e-06, 2.99266298498e-06, 3.47233276443e-06, 3.78361505682e-06, 4.87690158479e-06, 6.08722029938e-06, 5.64769288758e-06, 5.1754686865e-06, 4.41446127297e-06, 3.62179821423e-06, 3.72506610802e-06, 3.25681298818e-06, 2.63316519522e-06, 2.36170058088e-06, 2.00847262022e-06, 1.55714405992e-06, 1.30571584123e-06, 1.08796086806e-06, 9.13457597562e-07, 7.01598196429e-07, 4.49305105121e-07, 2.46857410957e-07, 1.06388419852e-07, 5.50852234937e-08, 1.29492798706e-08, 2.19685314384e-09, 1.96757790616e-10, 3.29698005008e-11, 2.86880449951e-11, 2.66295614032e-11, 2.61556401537e-11, 2.66056794651e-11, 2.56329679704e-11, 2.11630383357e-11, 1.93932821191e-11, 1.83925964736e-11, 1.75098165134e-11, 1.66567870608e-11, 1.58868144334e-11, 1.52620902028e-11, 1.46434461779e-11, 1.40894058573e-11, 1.35902504528e-11, 1.31633211276e-11, 1.2749727489e-11, 1.24093513243e-11, 1.20614360513e-11, 1.18825652443e-11, 1.1590502863e-11, 1.12089235463e-11, 1.06938633296e-11, 1.0392985951e-11, 1.02952759165e-11],
        "min": [9.33500499123e-12, 8.56394555965e-12, 4.62378781096e-11, 1.12765803639e-10, 5.58403809303e-11, 1.18183213216e-10, 3.70415115247e-10, 3.49950957101e-10, 2.02742178601e-09, 1.82120079018e-08, 4.01085529234e-08, 2.78005813925e-08, 5.83856234471e-08, 4.40630820719e-08, 3.36212231389e-08, 2.12244941622e-07, 2.83213580587e-07, 6.40458424073e-08, 4.59739510461e-07, 6.93039112321e-07, 8.60263071445e-07, 6.28832253824e-07, 1.17760066587e-06, 6.45963098123e-07, 4.74492850344e-07, 3.28294078145e-07, 5.45334557955e-07, 3.12037222727e-08, 4.47768570666e-07, 7.92761568391e-07, 5.52998017156e-07, 2.42004631446e-07, 9.50076710637e-08, 1.89371050396e-07, 3.07624247853e-07, 2.16860726709e-07, 5.6758460687e-07, 5.4153964868e-08, 6.81962006865e-08, 1.18272552641e-07, 1.49007036043e-07, 1.92555972944e-07, 2.34248659581e-07, 1.09833486306e-07, 1.4500666623e-07, 2.15970359818e-07, 3.07493138507e-07, 2.84720584887e-07, 3.30882414801e-07, 2.50603818586e-07, 1.06236051067e-07, 1.08382394615e-07, 8.09031561744e-08, 1.36124711503e-08, 2.02678748451e-07, 1.82948710403e-07, 1.43121383189e-07, 2.67402270993e-07, 7.03566840343e-08, 8.22357932861e-08, 9.43149558452e-08, 9.50013969714e-08, 1.11281067916e-07, 7.65467333963e-08, 9.67519682149e-08, 9.5201855288e-08, 2.90994446317e-08, 8.92043132694e-08, 8.51701145166e-08, 4.34755484946e-08, 3.75843143274e-08, 3.16938191247e-08, 3.88849024091e-08, 3.37116858873e-08, 3.49980844305e-08, 2.31323173949e-08, 2.94667366063e-08, 1.25807204654e-08, 7.43993811003e-10, 5.18530507421e-09, 7.12192118613e-08, 2.547431599e-08, 1.98779357419e-08, 2.91354540494e-09, 9.44867295516e-10, 1.87037008104e-09, 6.74878264384e-10, 2.42122460969e-10, 2.53446985621e-10, 3.70042364806e-11, 1.35375755744e-11, 1.5327455017e-12, 1.6917968762e-12, 9.89466755058e-13, 7.5466488527e-13, 7.52672772199e-13, 5.89371542022e-13, 5.26678147709e-13, 7.52026045603e-13, 4.72006060539e-13, 3.99474940974e-13, 4.22831962586e-13, 3.19751874717e-13, 3.74571277858e-13, 3.06699029238e-13, 3.89696548685e-13, 4.56993546737e-13, 3.77111400917e-13, 3.93725904744e-13, 3.81673344188e-13, 4.76655173665e-13, 4.74165466006e-13, 3.27879271043e-13, 3.92227401816e-13, 3.28994129032e-13, 3.77515672802e-13, 3.546998036e-13, 3.85617753007e-13, 4.47692881031e-13, 4.60137678827e-13, 4.18538034092e-13, 3.26948591898e-13, 3.57992417177e-13, 4.50452636346e-13, 3.09008027499e-13, 1.07994139347e-13, 1.53519859721e-14, 5.43408322778e-16],
        "stdev": [0.000144640696817, 0.000953653652687, 0.00252155330963, 0.00318382144906, 0.00274181272835, 0.00224228319712, 0.00194223644212, 0.00135254010092, 0.0010768029606, 0.000869356677867, 0.00059365388006, 0.000692253233865, 0.000619639235083, 0.000530168006662, 0.000392735004425, 0.000527613796294, 0.000484738411615, 0.000481919880258, 0.000802757625934, 0.000777124252636, 0.00103826413397, 0.00165981112514, 0.00158661825117, 0.00124840636272, 0.00134844752029, 0.00142211420462, 0.000907436420675, 0.000816137937363, 0.00120755319949, 0.00163023348432, 0.00144252588507, 0.00030187171069, 0.000258273124928, 0.000154196954099, 0.000274783436907, 0.000291635165922, 0.000494530657306, 0.000195812419406, 8.83525426616e-05, 0.000156719412189, 0.0001705163304, 0.000121795113955, 9.2430942459e-05, 0.000129316322273, 0.000133427369292, 0.000130126762087, 8.90522351256e-05, 6.50054280413e-05, 6.36361146462e-05, 3.50001828338e-05, 2.47012740147e-05, 3.20348044625e-05, 2.78188272205e-05, 2.40366189246e-05, 2.42591777351e-05, 2.34809303947e-05, 2.36934229179e-05, 2.85034093395e-05, 1.90274204215e-05, 2.17475444515e-05, 2.02795727091e-05, 1.81178329512e-05, 1.88935209735e-05, 4.1821916966e-05, 4.63289761683e-05, 2.87139009743e-05, 3.47770474036e-05, 3.14991484629e-05, 2.75279617199e-05, 1.76326320798e-05, 1.21677940115e-05, 6.66265077598e-06, 4.31052740169e-06, 3.60021044798e-06, 3.88290709452e-06, 3.55915472028e-06, 4.32050410382e-06, 5.93688810113e-06, 8.54425888974e-06, 1.32689810926e-05, 1.19763835755e-05, 9.13778421818e-06, 7.97372103989e-06, 6.34398656985e-06, 4.84099882669e-06, 5.58315468879e-06, 4.45005434813e-06, 3.25897190123e-06, 3.3674241422e-06, 3.0712840271e-06, 2.47356888394e-06, 2.01038437808e-06, 1.81777488706e-06, 1.58112266035e-06, 1.10165956357e-06, 7.58240389587e-07, 5.19965510648e-07, 3.59518850246e-07, 2.06833703942e-07, 6.96601603067e-08, 2.29215117997e-08, 1.50248480324e-09, 6.12590922433e-10, 5.63724955605e-10, 5.19653542419e-10, 4.79159933953e-10, 4.46329251336e-10, 4.17286427634e-10, 3.8437436567e-10, 3.62253865793e-10, 3.40489775263e-10, 3.20816651023e-10, 3.03111813427e-10, 2.87229212637e-10, 2.74428174629e-10, 2.60552912579e-10, 2.48753406762e-10, 2.38238928585e-10, 2.2907044317e-10, 2.20597276557e-10, 2.14749412697e-10, 2.07264400087e-10, 2.04126146541e-10, 1.98502408955e-10, 1.9509947824e-10, 1.91679033756e-10, 1.89293025699e-10, 1.87825227593e-10]
    },
    "mfcc": {
        "mean": [-649.08001709, 114.457443237, -53.9346313477, 17.4432277679, -51.6153373718, 15.4757289886, -29.8763923645, 26.690486908, -19.4855804443, 18.4933109283, -12.3638801575, 2.89836215973, -16.680973053],
        "cov": [[1919.70068359, 309.579223633, 1049.95898438, 539.819519043, 489.690063477, 253.210586548, 259.825561523, 127.834266663, -74.7399215698, 238.654495239, 79.0093002319, 122.136482239, 70.7155151367], [309.579223633, 1123.15136719, 1225.62976074, 944.287841797, 712.004455566, 476.766143799, 301.263122559, 152.799880981, 60.21692276, 118.716567993, 117.488044739, 73.3201446533, 140.526062012], [1049.95898438, 1225.62976074, 3544.80175781, 1934.92651367, 1822.37023926, 911.327514648, 562.451049805, 151.969360352, 33.401676178, 137.171569824, 195.710357666, 309.344024658, 269.550231934], [539.819519043, 944.287841797, 1934.92651367, 1383.17089844, 1114.19311523, 584.067871094, 310.234832764, 107.905990601, 45.4356765747, 116.753173828, 108.795806885, 161.538619995, 185.779998779], [489.690063477, 712.004455566, 1822.37023926, 1114.19311523, 1134.02185059, 507.075073242, 299.526611328, 48.9539604187, 81.618850708, 93.7087860107, 109.180145264, 156.815582275, 158.199829102], [253.210586548, 476.766143799, 911.327514648, 584.067871094, 507.075073242, 428.697052002, 233.643051147, 112.90422821, 54.1496200562, 56.3180618286, 65.5071105957, 82.6035003662, 62.0323600769], [259.825561523, 301.263122559, 562.451049805, 310.234832764, 299.526611328, 233.643051147, 268.986907959, 97.1529922485, 62.1811943054, 38.9453125, 71.4000473022, 32.1472473145, 41.5339279175], [127.834266663, 152.799880981, 151.969360352, 107.905990601, 48.9539604187, 112.90422821, 97.1529922485, 135.929656982, 34.9257278442, 42.2337417603, 10.1740808487, 22.0584621429, 8.01940536499], [-74.7399215698, 60.21692276, 33.401676178, 45.4356765747, 81.618850708, 54.1496200562, 62.1811943054, 34.9257278442, 151.306976318, 27.5658016205, 36.0390663147, -0.487152338028, 11.2658424377], [238.654495239, 118.716567993, 137.171569824, 116.753173828, 93.7087860107, 56.3180618286, 38.9453125, 42.2337417603, 27.5658016205, 134.665664673, 35.2890205383, 29.212097168, 18.3533802032], [79.0093002319, 117.488044739, 195.710357666, 108.795806885, 109.180145264, 65.5071105957, 71.4000473022, 10.1740808487, 36.0390663147, 35.2890205383, 103.238563538, 24.5876350403, 35.5096817017], [122.136482239, 73.3201446533, 309.344024658, 161.538619995, 156.815582275, 82.6035003662, 32.1472473145, 22.0584621429, -0.487152338028, 29.212097168, 24.5876350403, 99.5946502686, 28.2065792084], [70.7155151367, 140.526062012, 269.550231934, 185.779998779, 158.199829102, 62.0323600769, 41.5339279175, 8.01940536499, 11.2658424377, 18.3533802032, 35.5096817017, 28.2065792084, 93.2830429077]],
        "icov": [[0.0009649960557, 0.00030637125019, -0.000198408437427, -6.43201346975e-05, -7.23072880646e-05, 0.000342618033756, -0.000900689570699, -0.000351037539076, 0.0010737341363, -0.0016824362101, 7.25121353753e-05, -1.27664070533e-05, 1.19428477774e-05], [0.00030637125019, 0.0029432317242, 0.000350641115801, -0.00195833994076, 1.38440791488e-05, -0.000780066067819, -0.000768445490394, -0.00127990834881, 0.000875558587722, -0.000960609177127, -0.00111096329056, 0.00148078217171, -0.000773263978772], [-0.000198408437427, 0.000350641115801, 0.00263411924243, -0.00111038936302, -0.0028309088666, -0.000257331092143, -0.000891195726581, -0.000901540450286, 0.0017075764481, 0.00110808690079, -0.000856108032167, -0.00133523321711, -2.61365566985e-05], [-6.43201346975e-05, -0.00195833994076, -0.00111038936302, 0.00648221001029, -0.00304513424635, -0.001527199056, 0.00201231776737, -0.000765780743677, 0.000591615214944, -0.000438299000962, 0.000881403044332, 0.00046454675612, -0.00181381648872], [-7.23072880646e-05, 1.38440791488e-05, -0.0028309088666, -0.00304513424635, 0.00948534719646, -0.00112931220792, -0.0012633089209, 0.00556352827698, -0.00417702971026, -0.00122624041978, 0.00196847575717, -0.000965377141256, -0.000684090366121], [0.000342618033756, -0.000780066067819, -0.000257331092143, -0.001527199056, -0.00112931220792, 0.0094519648701, -0.00318935257383, -0.00311822909862, 1.86017532542e-05, 0.000475990469567, -0.000193020678125, -0.00171474285889, 0.00251444871537], [-0.000900689570699, -0.000768445490394, -0.000891195726581, 0.00201231776737, -0.0012633089209, -0.00318935257383, 0.0115558216348, -0.00456322543323, -0.00189779826906, 0.00245113461278, -0.00408947095275, 0.00330805336125, 0.000221772774239], [-0.000351037539076, -0.00127990834881, -0.000901540450286, -0.000765780743677, 0.00556352827698, -0.00311822909862, -0.00456322543323, 0.0166359674186, -0.00374072673731, -0.00293457647786, 0.0050600701943, -0.00328065082431, -0.000340707716532], [0.0010737341363, 0.000875558587722, 0.0017075764481, 0.000591615214944, -0.00417702971026, 1.86017532542e-05, -0.00189779826906, -0.00374072673731, 0.011243767105, -0.00205316278152, -0.00304979225621, 0.00123740208801, -0.000174492757651], [-0.0016824362101, -0.000960609177127, 0.00110808690079, -0.000438299000962, -0.00122624041978, 0.000475990469567, 0.00245113461278, -0.00293457647786, -0.00205316278152, 0.0129146715626, -0.00321107776836, -0.00179456942715, 0.000789482553955], [7.25121353753e-05, -0.00111096329056, -0.000856108032167, 0.000881403044332, 0.00196847575717, -0.000193020678125, -0.00408947095275, 0.0050600701943, -0.00304979225621, -0.00321107776836, 0.016075797379, -0.00275471061468, -0.00377357122488], [-1.27664070533e-05, 0.00148078217171, -0.00133523321711, 0.00046454675612, -0.000965377141256, -0.00171474285889, 0.00330805336125, -0.00328065082431, 0.00123740208801, -0.00179456942715, -0.00275471061468, 0.0165884867311, -0.00146502361167], [1.19428477774e-05, -0.000773263978772, -2.61365566985e-05, -0.00181381648872, -0.000684090366121, 0.00251444871537, 0.000221772774239, -0.000340707716532, -0.000174492757651, 0.000789482553955, -0.00377357122488, -0.00146502361167, 0.0167275834829]]
    },
    "spectral_contrast_coeffs": {
        "max": [-0.396115005016, -0.401762217283, -0.48024353385, -0.597220599651, -0.625128149986, -0.407516628504],
        "mean": [-0.697357296944, -0.714058697224, -0.742104589939, -0.813500344753, -0.795466482639, -0.591298341751],
        "min": [-0.970831871033, -0.894365251064, -0.911780238152, -0.898266851902, -0.870277047157, -0.787628352642],
        "stdev": [0.0736644715071, 0.0830711573362, 0.0758036673069, 0.0470659211278, 0.0421285368502, 0.0539525188506]
    },
    "spectral_contrast_valleys": {
        "max": [-5.21080827713, -5.12492465973, -5.26382160187, -5.91091060638, -5.98224973679, -9.29126167297],
        "mean": [-7.98481798172, -6.66847610474, -6.78336143494, -7.16234445572, -7.20921421051, -11.8677272797],
        "min": [-12.9458150864, -7.97947835922, -8.7819070816, -8.82209300995, -8.91870880127, -15.9715805054],
        "stdev": [2.07115483284, 0.485648304224, 0.743784368038, 0.5506965518, 0.425976276398, 1.04398691654]
    }
},
"rhythm": {
    "beats_count": 30,
    "beats_loudness": {
        "max": 0.0731496363878,
        "mean": 0.0364253520966,
        "min": 0.0117801018059,
        "stdev": 0.0195985566825
    },
    "bpm": 80.3554458618,
    "bpm_histogram_first_peak_bpm": 80,
    "bpm_histogram_first_peak_weight": 0.166666686535,
    "bpm_histogram_second_peak_bpm": 98,
    "bpm_histogram_second_peak_spread": 0.307692348957,
    "bpm_histogram_second_peak_weight": 0.310344815254,
    "danceability": 1.28985011578,
    "onset_rate": 2.45680832863,
    "beats_loudness_band_ratio": {
        "max": [0.817835867405, 0.453907430172, 0.645079612732, 0.950750470161, 0.33381664753, 0.149886056781],
        "mean": [0.210032403469, 0.0945946201682, 0.331573933363, 0.269324332476, 0.0862221419811, 0.0529256984591],
        "min": [2.22527364713e-06, 8.09129996924e-05, 0.00828185211867, 0.00787676591426, 0.0039777867496, 0.00222738855518],
        "stdev": [0.234484136105, 0.125709027052, 0.183258160949, 0.211933270097, 0.0847088396549, 0.0326183661819]
    },
    "beats_position": [0.650158703327, 1.28870749474, 1.93886613846, 2.60063481331, 3.22757363319, 3.83129239082, 4.43501138687, 5.06195020676, 5.67727899551, 6.28099775314, 6.8963265419, 7.51165533066, 8.12698364258, 8.73070240021, 9.35764122009, 9.97297000885, 10.623128891, 11.2848978043, 12.0047159195, 12.7245349884, 13.479183197, 14.2338323593, 14.9768705368, 15.7315187454, 16.4861679077, 17.2292060852, 17.9838542938, 18.7385025024, 19.4931507111, 20.247800827],
