{
"metadata": {
    "version": {
        "essentia": "2.1-beta5",
        "essentia_git_sha": "Undefined",
        "extractor": "music 2.0"
    },
    "audio_properties": {
        "analysis": {
            "equal_loudness": 0,
            "length": 29.0017242432,
            "sample_rate": 44100,
            "start_time": 0,
            "downmix": "mix"
        },
        "bit_rate": 192000,
        "length": 205.020599365,
        "lossless": 0,
        "number_channels": 2,
        "replay_gain": 6.32619667053,
        "sample_rate": 48000,
        "codec": "mp3",
        "md5_encoded": "a2ccd818a991bb24f086cc0ebc5925bc"
    },
    "tags": {
        "file_name": "Romania_Miracle_Paula Seling _ OVI.mp3",
        "encoding": ["Lavf58.29.100"]
    }
},
"lowlevel": {
    "average_loudness": 0.73046708107,
    "barkbands_crest": {
        "max": 25.2064399719,
        "mean": 10.6257753372,
        "min": 2.57763242722,
        "stdev": 5.062541008
    },
    "barkbands_flatness_db": {
        "max": 0.538560628891,
        "mean": 0.21205329895,
        "min": 0.0289468467236,
        "stdev": 0.0645051896572
    },
    "barkbands_kurtosis": {
        "max": 359.616912842,
        "mean": 5.69026947021,
        "min": -1.74350070953,
        "stdev": 22.5351333618
    },
    "barkbands_skewness": {
        "max": 14.6186904907,
        "mean": 1.1895506382,
        "min": -1.77346611023,
        "stdev": 1.757365942
    },
    "barkbands_spread": {
        "max": 73.8927459717,
        "mean": 16.8758182526,
        "min": 0.253322273493,
        "stdev": 11.8086709976
    },
    "dissonance": {
        "max": 0.499999791384,
        "mean": 0.469281882048,
        "min": 0.306772738695,
        "stdev": 0.0298559367657
    },
    "dynamic_complexity": 6.30670690536,
    "erbbands_crest": {
        "max": 29.4010429382,
        "mean": 10.18567276,
        "min": 2.79649233818,
        "stdev": 4.74734783173
    },
    "erbbands_flatness_db": {
        "max": 0.406313300133,
        "mean": 0.260733127594,
        "min": 0.0688524395227,
        "stdev": 0.0467755869031
    },
    "erbbands_kurtosis": {
        "max": 19.3615875244,
        "mean": 0.849654197693,
        "min": -1.62452530861,
        "stdev": 2.05717396736
    },
    "erbbands_skewness": {
        "max": 4.17742395401,
        "mean": 0.293558359146,
        "min": -2.56467604637,
        "stdev": 0.837760448456
    },
    "erbbands_spread": {
        "max": 81.707069397,
        "mean": 23.0568065643,
        "min": 4.59098434448,
        "stdev": 12.7273035049
    },
    "hfc": {
        "max": 76.0732269287,
        "mean": 11.3519392014,
        "min": 1.14739956538e-16,
        "stdev": 15.0307865143
    },
    "loudness_ebu128": {
        "integrated": -30.7731151581,
        "loudness_range": 12.2041473389,
        "momentary": {
            "max": -26.0883960724,
            "mean": -34.4544525146,
            "min": -48.2993545532,
            "stdev": 5.78717088699
        },
        "short_term": {
            "max": -28.6571159363,
            "mean": -33.3451347351,
            "min": -44.2491607666,
            "stdev": 4.53716278076
        }
    },
    "melbands_crest": {
        "max": 34.0503616333,
        "mean": 14.0824985504,
        "min": 2.64770126343,
        "stdev": 6.78921365738
    },
    "melbands_flatness_db": {
        "max": 0.707898020744,
        "mean": 0.252615720034,
        "min": 0.00575452297926,
        "stdev": 0.0993843227625
    },
    "melbands_kurtosis": {
        "max": 259.801361084,
        "mean": 10.5040931702,
        "min": -1.53815019131,
        "stdev": 27.6231365204
    },
    "melbands_skewness": {
        "max": 12.6496295929,
        "mean": 1.85236954689,
        "min": -0.908181428909,
        "stdev": 1.91663837433
    },
    "melbands_spread": {
        "max": 130.269973755,
        "mean": 23.6855964661,
        "min": 0.325653612614,
        "stdev": 17.1058330536
    },
    "pitch_salience": {
        "max": 0.857482135296,
        "mean": 0.563513159752,
        "min": 0.0819993540645,
        "stdev": 0.156047329307
    },
    "silence_rate_20dB": {
        "max": 1,
        "mean": 1,
        "min": 1,
        "stdev": 0
    },
    "silence_rate_30dB": {
        "max": 1,
        "mean": 1,
        "min": 1,
        "stdev": 0
    },
    "silence_rate_60dB": {
        "max": 1,
        "mean": 0.322400003672,
        "min": 0,
        "stdev": 0.467395186424
    },
    "spectral_centroid": {
        "max": 11201.1806641,
        "mean": 1342.5769043,
        "min": 149.215911865,
        "stdev": 668.8984375
    },
    "spectral_complexity": {
        "max": 35,
        "mean": 11.8439998627,
        "min": 0,
        "stdev": 8.06080436707
    },
    "spectral_decrease": {
        "max": -4.77967934782e-29,
        "mean": -4.34462732457e-09,
        "min": -3.30962812711e-08,
        "stdev": 5.15220976993e-09
    },
    "spectral_energy": {
        "max": 0.125767573714,
        "mean": 0.0174272656441,
        "min": 1.05876509234e-20,
        "stdev": 0.0203404072672
    },
    "spectral_energyband_high": {
        "max": 0.00748551962897,
        "mean": 0.000227322787396,
        "min": 7.85480289143e-21,
        "stdev": 0.000702093588188
    },
    "spectral_energyband_low": {
        "max": 0.119105145335,
        "mean": 0.00650373706594,
        "min": 3.45278612199e-23,
        "stdev": 0.0132497185841
    },
    "spectral_energyband_middle_high": {
        "max": 0.068747214973,
        "mean": 0.00432878313586,
        "min": 1.43082273276e-21,
        "stdev": 0.00732057495043
    },
    "spectral_energyband_middle_low": {
        "max": 0.0775375664234,
        "mean": 0.00678450567648,
        "min": 4.19714012603e-22,
        "stdev": 0.0110895875841
    },
    "spectral_entropy": {
        "max": 9.82152557373,
        "mean": 7.33358573914,
        "min": 5.8953371048,
        "stdev": 0.426201373339
    },
    "spectral_flux": {
        "max": 0.275493443012,
        "mean": 0.0589343123138,
        "min": 6.86194850941e-11,
        "stdev": 0.0474299564958
    },
    "spectral_kurtosis": {
        "max": 40.3218994141,
        "mean": 6.23835802078,
        "min": -1.20521473885,
        "stdev": 5.96518993378
    },
    "spectral_rms": {
        "max": 0.0110770063475,
        "mean": 0.00339391175658,
        "min": 3.21394083222e-12,
        "stdev": 0.00234170770273
    },
    "spectral_rolloff": {
        "max": 18540.0878906,
        "mean": 1519.45117188,
        "min": 64.599609375,
        "stdev": 1310.45605469
    },
    "spectral_skewness": {
        "max": 4.50768899918,
        "mean": 1.47332561016,
        "min": 0.00291994237341,
        "stdev": 0.580016553402
    },
    "spectral_spread": {
        "max": 40346600,
        "mean": 2638138.25,
        "min": 1106489.375,
        "stdev": 1748870.625
    },
    "spectral_strongpeak": {
        "max": 12.9753284454,
        "mean": 0.928383290768,
        "min": 0,
        "stdev": 1.63736319542
    },
    "zerocrossingrate": {
        "max": 0.49609375,
        "mean": 0.0519125014544,
        "min": 0.00244140625,
        "stdev": 0.0326878987253
    },
    "barkbands": {
        "max": [0.0103999115527, 0.109986998141, 0.0743326544762, 0.023353792727, 0.0475244633853, 0.0580690875649, 0.0687066614628, 0.0571468397975, 0.0349148623645, 0.0576870515943, 0.0269322991371, 0.0240993611515, 0.014984767884, 0.0103360703215, 0.00833446066827, 0.0155054638162, 0.0181445926428, 0.00267284968868, 0.00285686296411, 0.00301538291387, 0.00105844438076, 0.00344628002495, 0.00393609376624, 0.00312150269747, 0.000144641773659, 3.08166295326e-06, 3.29892350237e-06],
        "mean": [0.000404911086662, 0.00476502487436, 0.00101820018608, 0.000567157287151, 0.00192913413048, 0.00129570649005, 0.000645882973913, 0.00107922253665, 0.00108242372517, 0.00104838889092, 0.000392858142732, 0.000663119892124, 0.000391417561332, 0.000418864976382, 0.000265677197604, 0.000505765085109, 0.00045195320854, 9.31457034312e-05, 9.26635257201e-05, 0.000118916963402, 3.50486807292e-05, 6.82162572048e-05, 5.43527130503e-05, 3.85257080779e-05, 6.93069807767e-07, 4.35605240767e-09, 4.04332212156e-09],
        "min": [1.56788432052e-24, 9.15346310562e-24, 3.73928470443e-24, 1.11866455926e-23, 4.25431013801e-23, 3.82924821645e-23, 6.28679606081e-23, 6.70672754659e-23, 7.5912501428e-23, 4.1200763042e-23, 5.34923866149e-23, 4.08082353219e-23, 3.50316751256e-23, 1.25662311027e-22, 1.35559915302e-22, 8.99339991473e-23, 1.56224183513e-22, 1.24185979931e-22, 2.37128937537e-22, 3.01238363261e-22, 4.17895795501e-22, 7.20518237309e-22, 4.69617858338e-22, 6.95278171952e-22, 1.24580498736e-21, 1.57379886196e-21, 2.41282930127e-21],
        "stdev": [0.00116588908713, 0.0108100892976, 0.00350695569068, 0.00173825258389, 0.00523359375075, 0.00407854048535, 0.00329827726819, 0.00381333753467, 0.00258165341802, 0.00378070771694, 0.0013609189773, 0.0017400267534, 0.00101288559381, 0.000875609868672, 0.000619127007667, 0.00150447769556, 0.00153931416571, 0.000182968666195, 0.000236825217144, 0.000347987137502, 9.56015865086e-05, 0.000218232773477, 0.000257477717241, 0.00019756333495, 6.20141236141e-06, 8.72618812764e-08, 9.32392012487e-08]
    },
    "erbbands": {
        "max": [4.68859624863, 20.7948722839, 73.7507171631, 77.0672073364, 76.4105758667, 242.228347778, 368.594848633, 538.188232422, 357.186004639, 1499.1541748, 1013.63659668, 827.146118164, 1141.89416504, 1011.74707031, 1236.13012695, 990.081359863, 730.492492676, 665.081176758, 476.70690918, 537.115905762, 890.159851074, 761.774475098, 130.427734375, 126.05783844, 155.447463989, 163.999084473, 40.2051887512, 62.0104560852, 137.550704956, 73.6406555176, 129.931259155, 94.4420547485, 29.9232978821, 3.6354932785, 0.117793478072, 0.0122938733548, 0.00575141236186, 0.00205095624551, 0.000479411159176, 0.000135812559165],
        "mean": [0.170065507293, 0.937714576721, 1.20962095261, 1.8240609169, 2.38702297211, 7.61796474457, 12.843205452, 9.16970825195, 5.81394195557, 15.981344223, 25.4440402985, 25.9680995941, 27.8622722626, 27.2679901123, 21.4634571075, 23.5208320618, 19.7529182434, 20.6841468811, 15.1314401627, 19.18800354, 33.0307044983, 22.23254776, 7.63150548935, 4.26897287369, 5.38577699661, 5.96197032928, 1.51556396484, 1.80991816521, 2.65319633484, 1.68346226215, 1.58525133133, 1.21082270145, 0.364538222551, 0.0278577599674, 0.00105052744038, 0.000103588405182, 2.55829181697e-05, 7.36043148208e-06, 1.04355312942e-05, 2.06022268685e-05],
        "min": [3.38621030056e-22, 2.06812116803e-21, 5.6004497633e-21, 2.36915028752e-20, 7.65728201624e-20, 6.2357301283e-20, 1.25386893609e-19, 4.10229548996e-19, 6.16248108786e-19, 1.2707747242e-18, 1.43544942696e-18, 1.63781171919e-18, 2.11695329728e-18, 2.02537075499e-18, 1.97973147828e-18, 1.60548632804e-18, 2.18277164503e-18, 6.58009562782e-18, 5.13605665398e-18, 6.57766495759e-18, 5.53404467954e-18, 1.00938732567e-17, 8.24792542125e-18, 9.50686122633e-18, 1.1672726954e-17, 1.38529260673e-17, 1.58625845266e-17, 1.44028952956e-17, 2.53708403794e-17, 2.05204269753e-17, 1.48851316665e-17, 1.27274434464e-17, 1.37382465744e-17, 9.19659735909e-18, 8.24953511472e-18, 6.22161043959e-18, 2.95226964475e-18, 1.34433806742e-18, 3.40178802394e-19, 3.27570243413e-20],
        "stdev": [0.443191289902, 2.02968168259, 3.46937251091, 5.36828899384, 6.49970531464, 23.6376056671, 37.8924407959, 30.7665405273, 21.5387611389, 67.9378585815, 87.5965270996, 56.9263687134, 76.691619873, 92.0468292236, 69.5198745728, 64.9604797363, 45.34740448, 43.3958053589, 37.6357841492, 41.5858802795, 107.266372681, 67.5595626831, 15.2018604279, 8.78075313568, 14.0709590912, 18.2876911163, 3.37188315392, 5.16322660446, 8.88165473938, 6.35806369781, 7.709441185, 6.23786067963, 1.90820527077, 0.177218854427, 0.00613607373089, 0.000538314285222, 0.000172286905581, 5.95419078309e-05, 1.75435798155e-05, 2.34610706684e-05]
    },
    "gfcc": {
        "mean": [-129.468521118, 153.074432373, -191.026611328, 28.118062973, -50.5531005859, -2.44473576546, -1.99937093258, -14.4081201553, 10.4150867462, -15.238117218, -4.95419549942, -9.75343322754, -4.47392749786],
        "cov": [[12034.4863281, 1388.35876465, 1480.16540527, 2041.43737793, -311.536193848, 1235.53662109, -533.355529785, -34.3264122009, 284.341461182, -707.106506348, 926.077880859, -134.739685059, 547.328186035], [1388.35876465, 2068.56469727, 1255.51672363, 358.843536377, 1164.39855957, -144.977630615, 503.747711182, 164.33013916, -35.988899231, 179.976959229, 69.1611938477, 31.8335037231, 153.31149292], [1480.16540527, 1255.51672363, 1785.74658203, 677.045043945, 792.045959473, 254.517791748, 140.060028076, 257.491821289, -86.4095306396, 99.2908401489, 248.811569214, -60.5140380859, 250.668029785], [2041.43737793, 358.843536377, 677.045043945, 794.690551758, 201.749481201, 397.399108887, -8.53503894806, 64.7555999756, 105.35748291, -96.9857940674, 182.64881897, -37.4703330994, 129.440261841], [-311.536193848, 1164.39855957, 792.045959473, 201.749481201, 1073.99145508, -84.5365829468, 430.867797852, 243.524688721, -38.9602165222, 238.334869385, -24.1102428436, 22.6693706512, 101.297302246], [1235.53662109, -144.977630615, 254.517791748, 397.399108887, -84.5365829468, 563.512878418, 17.0814971924, 80.2368545532, 132.495925903, -93.2568359375, 144.603668213, -53.5453796387, 33.8024940491], [-533.355529785, 503.747711182, 140.060028076, -8.53503894806, 430.867797852, 17.0814971924, 483.573364258, 91.1201248169, 61.2576751709, 147.595748901, -105.930366516, 38.502910614, -59.3324050903], [-34.3264122009, 164.33013916, 257.491821289, 64.7555999756, 243.524688721, 80.2368545532, 91.1201248169, 251.071807861, 26.0434856415, 56.4954338074, 36.4178657532, -36.8780899048, 68.1910934448], [284.341461182, -35.988899231, -86.4095306396, 105.35748291, -38.9602165222, 132.495925903, 61.2576751709, 26.0434856415, 166.053695679, -20.2943553925, 8.60199832916, 1.46300113201, -21.5251159668], [-707.106506348, 179.976959229, 99.2908401489, -96.9857940674, 238.334869385, -93.2568359375, 147.595748901, 56.4954338074, -20.2943553925, 180.188491821, -59.4186019897, 24.4782371521, -6.45772600174], [926.077880859, 69.1611938477, 248.811569214, 182.64881897, -24.1102428436, 144.603668213, -105.930366516, 36.4178657532, 8.60199832916, -59.4186019897, 193.064254761, -5.04675006866, 84.8107376099], [-134.739685059, 31.8335037231, -60.5140380859, -37.4703330994, 22.6693706512, -53.5453796387, 38.502910614, -36.8780899048, 1.46300113201, 24.4782371521, -5.04675006866, 85.7520980835, 6.5566649437], [547.328186035, 153.31149292, 250.668029785, 129.440261841, 101.297302246, 33.8024940491, -59.3324050903, 68.1910934448, -21.5251159668, -6.45772600174, 84.8107376099, 6.5566649437, 129.860778809]],
        "icov": [[0.000520492263604, -0.00126178434584, 0.000715310918167, -0.000970248307567, 0.00106153264642, -0.00078196747927, 0.0004109578731, -0.000162541953614, 0.000477628229419, 5.21875881532e-05, -0.000634725787677, 0.000359108438715, -0.000990955973975], [-0.00126178434584, 0.00582040566951, -0.003107880475, 0.00271734781563, -0.00450624153018, 0.00373305403627, -0.00315566011705, 0.00243026507087, -0.00280516128987, 0.0018277252093, 4.49540966656e-05, 0.000276415055851, 0.00114516424946], [0.000715310918167, -0.003107880475, 0.00352782825939, -0.00263554882258, 0.00168326089624, -0.00210835691541, 0.00130982720293, -0.00129102519713, 0.00303931441158, -0.00183532258961, -0.00156652729493, 0.00121617258992, -0.00164206768386], [-0.000970248307567, 0.00271734781563, -0.00263554882258, 0.00593249313533, -0.00337604619563, -0.000185952609172, -0.000335729855578, 0.0023825254757, -0.00359355495311, 0.00210641371086, 0.00136380072217, -0.000306297821226, -3.33770221914e-05], [0.00106153264642, -0.00450624153018, 0.00168326089624, -0.00337604619563, 0.00720584625378, -0.00131630594842, -0.000238607535721, -0.00327440677211, 0.00292280060239, -0.00283905072138, -6.80818266119e-05, -4.08133746532e-05, -0.00231617409736], [-0.00078196747927, 0.00373305403627, -0.00210835691541, -0.000185952609172, -0.00131630594842, 0.00697393389419, -0.00376413669437, 0.000243691116339, -0.00289416033775, 0.00137451069895, -0.00224257563241, 0.00172634399496, 0.00147345266305], [0.0004109578731, -0.00315566011705, 0.00130982720293, -0.000335729855578, -0.000238607535721, -0.00376413669437, 0.00840892642736, -0.00239206827246, -0.000128886065795, -0.00223039533012, 0.0030344191473, -0.00399682903662, 0.00415151799098], [-0.000162541953614, 0.00243026507087, -0.00129102519713, 0.0023825254757, -0.00327440677211, 0.000243691116339, -0.00239206827246, 0.00999670568854, -0.00371577986516, 0.000315395009238, -0.00149966089521, 0.00569401076064, -0.00582665717229], [0.000477628229419, -0.00280516128987, 0.00303931441158, -0.00359355495311, 0.00292280060239, -0.00289416033775, -0.000128886065795, -0.00371577986516, 0.0121544497088, -0.00151017657481, -0.000431450025644, -0.00168414937798, 0.00168593984563], [5.21875881532e-05, 0.0018277252093, -0.00183532258961, 0.00210641371086, -0.00283905072138, 0.00137451069895, -0.00223039533012, 0.000315395009238, -0.00151017657481, 0.0126026729122, 0.000859601073898, -0.00171888899058, -0.00036072434159], [-0.000634725787677, 4.49540966656e-05, -0.00156652729493, 0.00136380072217, -6.80818266119e-05, -0.00224257563241, 0.0030344191473, -0.00149966089521, -0.000431450025644, 0.000859601073898, 0.0133624188602, -0.00425450084731, -0.00144350121263], [0.000359108438715, 0.000276415055851, 0.00121617258992, -0.000306297821226, -4.08133746532e-05, 0.00172634399496, -0.00399682903662, 0.00569401076064, -0.00168414937798, -0.00171888899058, -0.00425450084731, 0.0190345533192, -0.00766286998987], [-0.000990955973975, 0.00114516424946, -0.00164206768386, -3.33770221914e-05, -0.00231617409736, 0.00147345266305, 0.00415151799098, -0.00582665717229, 0.00168593984563, -0.00036072434159, -0.00144350121263, -0.00766286998987, 0.0216988902539]]
    },
    "melbands": {
        "max": [0.0358442738652, 0.0278864726424, 0.0108732506633, 0.009760546498, 0.0107233030722, 0.0115073155612, 0.00708478363231, 0.0132473986596, 0.00770005444065, 0.00461702607572, 0.00652429321781, 0.00529128592461, 0.00409236410633, 0.00330261304043, 0.0015278327046, 0.00129875086714, 0.00112118327525, 0.00104632065631, 0.000865091977175, 0.000508526398335, 0.00151896500029, 0.00111608079169, 0.000361492246157, 8.50381620694e-05, 0.000119614975119, 0.00010319188732, 0.000206460623303, 0.000100879384263, 2.33343234868e-05, 2.49779532169e-05, 5.50194781681e-05, 9.74048452917e-05, 5.52172314201e-05, 4.87287397846e-05, 9.29255329538e-05, 7.55563887651e-05, 6.63792015985e-05, 2.89731815428e-05, 7.66309221945e-06, 1.16793432881e-06],
        "mean": [0.00145201245323, 0.000824923685286, 0.000315666693496, 0.000336555065587, 0.000459478993434, 0.000209224337596, 0.000100700402982, 0.000191080325749, 0.00020849853172, 0.000156090420205, 0.000143444820424, 0.000120543125377, 6.41140286461e-05, 7.62514973758e-05, 4.61680974695e-05, 4.14001151512e-05, 3.83996739401e-05, 2.61870081886e-05, 2.05675041798e-05, 2.1643769287e-05, 4.7045701649e-05, 2.56915591308e-05, 1.28662659336e-05, 3.53481777893e-06, 3.33141952069e-06, 3.68799192074e-06, 5.00326177644e-06, 3.41557233696e-06, 8.68423853717e-07, 7.4766853686e-07, 1.15737964279e-06, 1.6308732711e-06, 1.12668931251e-06, 8.66589800808e-07, 9.4210605539e-07, 8.23154664431e-07, 7.13793440354e-07, 3.1355284591e-07, 5.53307053508e-08, 6.81596779017e-09],
        "min": [3.11681349679e-24, 5.10030129662e-24, 6.42184368353e-24, 7.40362210085e-24, 3.88458144469e-24, 8.65847182025e-24, 1.02415026646e-23, 1.58529329741e-23, 1.15391875311e-23, 1.07633207428e-23, 1.00243576564e-23, 7.44260129589e-24, 7.74831329566e-24, 4.07266521159e-24, 3.91968299396e-24, 5.443733075e-24, 1.24747773536e-23, 6.61629474122e-24, 1.05374249005e-23, 6.01667841172e-24, 6.35361707599e-24, 1.0225745168e-23, 7.09871710579e-24, 5.5607633513e-24, 7.79595812775e-24, 9.87324898339e-24, 8.42801951743e-24, 9.26863758664e-24, 1.03041200767e-23, 1.03998380923e-23, 7.02620580024e-24, 1.26612743268e-23, 1.51937339804e-23, 9.49575616328e-24, 9.30399591013e-24, 7.41924312449e-24, 7.72276603524e-24, 8.88813289559e-24, 9.78963288288e-24, 6.85811452969e-24],
        "stdev": [0.00344129907899, 0.00178247643635, 0.000859988213051, 0.000944290775806, 0.00126171822194, 0.000687305466272, 0.000422913872171, 0.000708635430783, 0.000693059817422, 0.000364465871826, 0.000430075509939, 0.000435278634541, 0.000203492658329, 0.000210382422665, 0.000120843244076, 0.00010490360728, 7.93949366198e-05, 7.51501574996e-05, 4.96179673064e-05, 4.54251785413e-05, 0.000172087165993, 8.4757215518e-05, 3.41325321642e-05, 6.14310147284e-06, 7.71585655457e-06, 9.68437871052e-06, 1.53833516379e-05, 1.09220636659e-05, 1.98401198759e-06, 2.15687100535e-06, 3.59952991857e-06, 5.96441213929e-06, 3.44819932252e-06, 3.7762415559e-06, 4.60341379949e-06, 4.51439473181e-06, 3.8095772652e-06, 1.7102562424e-06, 3.48810601736e-07, 6.2137324619e-08]
    },
    "melbands128": {
        "max": [0.00928667653352, 0.0408594384789, 0.0522048845887, 0.0286659523845, 0.0370574072003, 0.0337977260351, 0.0188515931368, 0.0112345423549, 0.010595834814, 0.0118584837765, 0.0190940722823, 0.0216433890164, 0.0170796252787, 0.0219295788556, 0.0189374033362, 0.00156603066716, 0.0055118012242, 0.0102785900235, 0.0209807530046, 0.0262712351978, 0.0181761067361, 0.0176262315363, 0.0132010569796, 0.0123891485855, 0.00985593348742, 0.00842004269361, 0.0107550220564, 0.00693351216614, 0.0197934992611, 0.0117858536541, 0.00584388524294, 0.00416233483702, 0.00618446059525, 0.00808109994978, 0.00605590455234, 0.00629298808053, 0.00600416492671, 0.00184018013533, 0.00430881045759, 0.00285603059456, 0.00236323243007, 0.0038131729234, 0.00145741505548, 0.00131701724604, 0.0018651712453, 0.00176517944783, 0.000974497641437, 0.000792331527919, 0.00173081352841, 0.00173218990676, 0.000745639263187, 0.000480145507026, 0.00232500769198, 0.00407029967755, 0.00217956956476, 0.00173494615592, 0.00139394798316, 0.00105806265492, 0.000385711551644, 0.00018445533351, 7.50712351874e-05, 0.000139969532029, 4.58443500975e-05, 9.50324974838e-05, 0.00047199826804, 0.000152666048962, 0.000317398022162, 0.000270623713732, 0.000347832450643, 0.000325856322888, 0.000188390898984, 3.38509671565e-05, 4.41486481577e-05, 2.9882088711e-05, 3.98685588152e-05, 3.39972721122e-05, 2.35592069657e-05, 3.65288360626e-05, 4.51149353466e-05, 0.000210533864447, 7.3541290476e-05, 0.000147510174429, 8.9142457e-05, 5.61204287806e-05, 4.76382265333e-05, 5.29551689397e-05, 4.27220184065e-05, 0.000108315616671, 0.000113493690151, 7.48248567106e-05, 9.46113505051e-05, 8.61917433213e-05, 6.37603006908e-05, 7.56964145694e-05, 6.72289170325e-05, 5.79388324695e-05, 2.56659968727e-05, 1.25591996039e-05, 7.48792126615e-06, 5.50845743419e-06, 1.96861537916e-06, 5.43873625247e-07, 2.67626560913e-08, 2.57393608649e-08, 2.43298874381e-08, 2.32300827463e-08, 2.25271890031e-08, 2.17067128716e-08, 2.11649204829e-08, 2.01908445518e-08, 1.94689668831e-08, 1.89333668743e-08, 1.81359958162e-08, 1.75740968444e-08, 1.69303078223e-08, 1.63475313286e-08, 1.58378323789e-08, 1.5527243491e-08, 1.49933292448e-08, 1.46155016978e-08, 1.42804390535e-08, 1.39534330756e-08, 1.35878499563e-08, 1.34345121694e-08, 1.32611619463e-08, 1.31000188475e-08, 1.29980755048e-08, 1.29253514558e-08],
        "mean": [0.000364815874491, 0.00136274134275, 0.0020712595433, 0.00135437236167, 0.000664542312734, 0.00050699809799, 0.000394749746192, 0.000241889123572, 0.0002075288794, 0.000286694034003, 0.000457165180705, 0.000520744884852, 0.000436540023657, 0.00043111181003, 0.000250526412856, 5.84300214541e-05, 5.20900321135e-05, 9.24396808841e-05, 0.00018251016445, 0.000167737147422, 0.000207099656109, 0.000245873117819, 0.000203513307497, 0.000168460363057, 0.000193949730601, 0.000130546395667, 0.000126278100652, 0.000111642446427, 0.000204881260288, 0.000162347816513, 7.83787181717e-05, 5.66758571949e-05, 6.23810192337e-05, 5.86305504839e-05, 0.000106530773337, 6.40176804154e-05, 6.2274892116e-05, 4.13818670495e-05, 4.1528375732e-05, 4.65721386718e-05, 3.81575700885e-05, 3.78501608793e-05, 4.50260122307e-05, 2.94748642773e-05, 3.85549246857e-05, 2.78009465546e-05, 1.09435686682e-05, 1.17498375403e-05, 2.73943715001e-05, 3.87903855881e-05, 1.45209078255e-05, 1.17019417303e-05, 3.07651243929e-05, 9.37197619351e-05, 2.57685569522e-05, 1.84166929103e-05, 1.65566871146e-05, 2.16492117033e-05, 7.99572808319e-06, 3.99848022425e-06, 3.17354124491e-06, 3.57867520506e-06, 2.02700857699e-06, 2.92252684631e-06, 6.25472148386e-06, 2.46214858635e-06, 3.39421217177e-06, 4.20640799348e-06, 4.55045847048e-06, 7.64341166359e-06, 3.81036807084e-06, 1.26083796204e-06, 1.01726959656e-06, 7.97096845417e-07, 6.96649181009e-07, 6.84995598021e-07, 7.77305501742e-07, 9.10887195005e-07, 1.104301532e-06, 1.61441903401e-06, 1.47192099575e-06, 1.94761219063e-06, 1.27990051624e-06, 1.12380939754e-06, 8.2468062601e-07, 9.27419193886e-07, 7.75098442318e-07, 9.63831098488e-07, 1.00453837604e-06, 9.30076112127e-07, 7.60853936299e-07, 8.4886175955e-07, 8.01512044291e-07, 8.17612260562e-07, 5.78239678362e-07, 4.39339771674e-07, 2.68547751148e-07, 1.18996460685e-07, 4.68148151356e-08, 2.6384304519e-08, 1.25440147158e-08, 3.01458591423e-09, 1.08928643883e-10, 3.69627869978e-11, 3.48723099008e-11, 3.8102767469e-11, 6.42418410135e-11, 5.17144382872e-11, 2.81630864463e-11, 2.49041412492e-11, 2.4319036368e-11, 2.35785731217e-11, 2.19628013692e-11, 2.11988811921e-11, 2.05861716562e-11, 2.00994065142e-11, 1.98179198746e-11, 1.92302250512e-11, 1.87159038267e-11, 1.82299765561e-11, 1.77321404088e-11, 1.74494845656e-11, 1.72028884193e-11, 1.68034405834e-11, 1.56683156033e-11, 1.37403656161e-11, 1.27158431354e-11, 1.25146715907e-11],
        "min": [1.00225399236e-24, 3.83903458818e-24, 8.29715419857e-25, 4.0050791591e-24, 2.40044535888e-24, 2.20182951004e-24, 2.89852148481e-24, 8.01131242171e-24, 8.83683879295e-24, 3.35269158492e-24, 8.03755979618e-25, 2.0421482856e-24, 3.6603232777e-24, 6.12016079084e-24, 4.65291342815e-24, 4.82353497005e-24, 8.63735953584e-24, 8.90307786544e-24, 6.58777465849e-24, 7.06107502997e-24, 1.58443407011e-23, 1.40270623441e-23, 9.18515480362e-24, 1.18701146809e-23, 9.5153869669e-24, 5.28392208294e-24, 2.4428684051e-23, 4.68582431068e-24, 2.77864657609e-24, 7.10563304934e-24, 3.88997646442e-24, 2.26094477412e-24, 7.6181331025e-24, 5.03121483069e-24, 4.34876140082e-24, 2.82508602872e-24, 5.78925494034e-24, 2.62890302691e-24, 4.16320790528e-24, 5.08678455944e-24, 3.48001176287e-24, 8.04014213235e-24, 1.4215126784e-23, 7.21345613559e-24, 4.61998440181e-24, 4.75257495947e-24, 9.08584510426e-24, 1.15597831117e-23, 5.88256180264e-24, 8.00764895167e-24, 5.60265265423e-24, 3.34283910664e-24, 4.82493480372e-24, 6.95341444907e-24, 4.73342812201e-24, 7.33014759613e-24, 1.18985823044e-23, 2.84114388409e-24, 4.41182491374e-24, 6.73990293419e-24, 3.66506117629e-24, 3.16684877464e-24, 6.95510734457e-24, 6.32850960553e-24, 7.10160039239e-24, 6.16234631104e-24, 6.24175265533e-24, 5.17313090754e-24, 6.46669279258e-24, 9.64982937554e-24, 6.93002314551e-24, 5.69207989859e-24, 1.2089926039e-23, 1.04806371705e-23, 9.11412576772e-24, 4.4052485748e-24, 5.88794262288e-24, 7.67527660875e-24, 6.00529672658e-24, 8.279811486e-24, 9.2983003344e-24, 8.47163405915e-24, 1.57878945479e-23, 9.66066359121e-24, 1.51126343462e-23, 1.10907942595e-23, 5.37025502041e-24, 9.98582495659e-24, 9.38891442e-24, 5.62873357904e-24, 6.8489716318e-24, 7.78198424568e-24, 9.23782941285e-24, 4.94975547589e-24, 8.03837035076e-24, 6.94708226258e-24, 7.8347921724e-24, 1.01415050785e-23, 1.17973540953e-23, 5.34260938999e-24, 8.10826421583e-24, 6.23307873524e-24, 6.64340000193e-24, 7.50165700098e-24, 7.33929838263e-24, 1.05955260839e-23, 1.32961700937e-23, 9.5807622367e-24, 1.01354939584e-23, 1.10173142327e-23, 6.39501176313e-24, 8.54846595588e-24, 8.75473336107e-24, 7.59044645131e-24, 7.58331988189e-24, 9.50542838684e-24, 1.27116785943e-23, 7.79821663652e-24, 1.05746015484e-23, 1.0089308519e-23, 1.06658743329e-23, 9.47506039743e-24, 7.98322897349e-24, 9.20464676773e-24, 7.66939091754e-24, 8.71424191967e-24, 7.19846935611e-24, 8.40151694645e-24],
        "stdev": [0.00107401015703, 0.00392960617319, 0.00490696309134, 0.00288113392889, 0.00179271853995, 0.00173709494993, 0.00123538216576, 0.000761687930208, 0.000695176306181, 0.000924612861127, 0.00164448528085, 0.00175776705146, 0.00161512754858, 0.0015259347856, 0.00101329956669, 0.000153847999172, 0.000259818742052, 0.000450589432148, 0.00107122934423, 0.00105026434176, 0.000919891579542, 0.000978110008873, 0.00107326905709, 0.000563682406209, 0.00049674930051, 0.000521069334354, 0.000484031828819, 0.000361875223462, 0.0010437509045, 0.000779158785008, 0.000376108655473, 0.000225490774028, 0.000230960504268, 0.000406554725487, 0.000349257752532, 0.000251327408478, 0.000301837775623, 0.000139346651849, 0.000160501382197, 0.000147212878801, 0.000129925902002, 0.000178326445166, 0.000118978889077, 7.08074512659e-05, 0.000126748869661, 0.000122781159007, 3.66938256775e-05, 4.35572910646e-05, 9.21375394682e-05, 0.000105517712655, 4.48532482551e-05, 3.46334163623e-05, 0.000114379632578, 0.000442502234364, 0.000119331838505, 0.000107170504634, 7.56445078878e-05, 8.20362474769e-05, 2.27657856158e-05, 9.83137942967e-06, 6.70317831464e-06, 8.45773683977e-06, 3.95882307203e-06, 6.98557323631e-06, 2.65254675469e-05, 7.84639178164e-06, 1.47351065607e-05, 1.75439909071e-05, 1.98227826331e-05, 3.26581357513e-05, 1.42599483297e-05, 3.01879640574e-06, 2.63642550635e-06, 2.23474285121e-06, 2.20728861677e-06, 2.4239452614e-06, 2.13989028452e-06, 2.84725456368e-06, 3.53541963705e-06, 8.15548446553e-06, 5.24021243109e-06, 9.61881596595e-06, 4.19438083554e-06, 3.50827917828e-06, 3.34431797455e-06, 4.44765419161e-06, 3.42225280292e-06, 4.98827239426e-06, 5.05636808157e-06, 4.98490044265e-06, 4.53498250863e-06, 5.10762492922e-06, 4.43307681053e-06, 4.63523883809e-06, 3.30630314238e-06, 2.77647359326e-06, 1.36926450978e-06, 6.97758423485e-07, 3.41116987101e-07, 2.40897634285e-07, 1.18327093901e-07, 2.8911395944e-08, 1.12703413269e-09, 7.35978167299e-10, 6.9804534375e-10, 6.66015742556e-10, 7.51232909213e-10, 6.60264287689e-10, 5.98693816745e-10, 5.70661351507e-10, 5.50249790177e-10, 5.35114341726e-10, 5.12596520785e-10, 4.96717722509e-10, 4.78517281355e-10, 4.6203943449e-10, 4.47627213074e-10, 4.38850622508e-10, 4.23756224555e-10, 4.13077377859e-10, 4.0361011755e-10, 3.94364485512e-10, 3.8402650504e-10, 3.79697773223e-10, 3.74823533322e-10, 3.70317720932e-10, 3.67461810979e-10, 3.65409563718e-10]
    },
    "mfcc": {
        "mean": [-742.91595459, 165.640960693, -64.2405700684, 27.0192165375, -24.5817756653, 18.6627922058, -14.725440979, 16.1744422913, 0.105269119143, 12.1862707138, 1.14603936672, 2.05070304871, -3.39762377739],
        "cov": [[9170.91992188, -88.1179046631, 1704.48681641, 704.786804199, 549.786499023, 882.525390625, -325.800445557, 886.738464355, -723.561828613, 309.559356689, -797.387390137, 478.924743652, -38.8496627808], [-88.1179046631, 2289.27319336, 291.68963623, 827.265258789, 573.380554199, 61.9400939941, 627.684082031, -31.8786849976, 330.368499756, -13.4055070877, 176.471221924, -5.9174284935, 154.354614258], [1704.48681641, 291.68963623, 1208.81970215, 362.413024902, 538.638000488, 204.824203491, 244.270889282, 161.090332031, -80.4872436523, 141.05166626, -166.791000366, 189.702194214, -9.18606567383], [704.786804199, 827.265258789, 362.413024902, 676.698303223, 393.500152588, 194.35899353, 258.350219727, 81.595993042, 129.324707031, 28.8490200043, 1.06375718117, 60.441116333, 82.6165237427], [549.786499023, 573.380554199, 538.638000488, 393.500152588, 662.562927246, 40.965473175, 332.220153809, 61.912109375, 108.669334412, 103.3959198, -78.3346328735, 142.910125732, 57.6051635742], [882.525390625, 61.9400939941, 204.824203491, 194.35899353, 40.965473175, 418.162445068, 49.4868125916, 201.150802612, 19.0208110809, 79.1964874268, 44.0008888245, 36.5128936768, 15.8581819534], [-325.800445557, 627.684082031, 244.270889282, 258.350219727, 332.220153809, 49.4868125916, 446.89932251, 17.1047878265, 217.734909058, 49.5533943176, 120.72845459, 35.6659965515, 34.8683509827], [886.738464355, -31.8786849976, 161.090332031, 81.595993042, 61.912109375, 201.150802612, 17.1047878265, 290.908813477, -18.2338752747, 131.485656738, -28.7699718475, 67.7147521973, 7.19072294235], [-723.561828613, 330.368499756, -80.4872436523, 129.324707031, 108.669334412, 19.0208110809, 217.734909058, -18.2338752747, 321.872131348, 25.7218532562, 175.345794678, -17.3373126984, 45.1953048706], [309.559356689, -13.4055070877, 141.05166626, 28.8490200043, 103.3959198, 79.1964874268, 49.5533943176, 131.485656738, 25.7218532562, 178.509552002, -3.18595910072, 66.8818664551, -7.86244869232], [-797.387390137, 176.471221924, -166.791000366, 1.06375718117, -78.3346328735, 44.0008888245, 120.72845459, -28.7699718475, 175.345794678, -3.18595910072, 238.438369751, -68.4189529419, 27.3230018616], [478.924743652, -5.9174284935, 189.702194214, 60.441116333, 142.910125732, 36.5128936768, 35.6659965515, 67.7147521973, -17.3373126984, 66.8818664551, -68.4189529419, 137.0390625, 1.30967116356], [-38.8496627808, 154.354614258, -9.18606567383, 82.6165237427, 57.6051635742, 15.8581819534, 34.8683509827, 7.19072294235, 45.1953048706, -7.86244869232, 27.3230018616, 1.30967116356, 105.78212738]],
        "icov": [[0.000360343081411, -0.000113904876343, -0.00025473794085, -0.000100456207292, 4.76770401292e-05, -0.000415658403654, 0.000361826911103, -0.000623081286903, 0.000211688893614, 0.000203790026717, 0.000693648238666, -0.00031954102451, 6.3813997258e-05], [-0.000113904876343, 0.00123243231792, 0.000227547323448, -0.00125826429576, -2.62020494119e-05, 0.00059308425989, -0.00125173630659, 0.000247121643042, 0.000303708366118, -4.44243814854e-05, -0.000596695404965, 0.000531222554855, -0.000502047478221], [-0.00025473794085, 0.000227547323448, 0.00202923826873, -0.000228798817261, -0.001069633523, -0.000383340666303, -0.00105229218025, 0.00062716944376, 0.000947082473431, -0.000478068424854, -0.000126612285385, -0.000341064092936, 0.00047025756794], [-0.000100456207292, -0.00125826429576, -0.000228798817261, 0.00457230629399, -0.00142026541289, -0.00182314997073, 0.000676630763337, 7.40649775253e-05, -0.00121284485795, 0.000995368347503, 0.000990473898128, 0.000212416562135, -0.000639358710032], [4.76770401292e-05, -2.62020494119e-05, -0.001069633523, -0.00142026541289, 0.00592523813248, 0.00075634586392, -0.0029455376789, 0.00070186634548, -0.001083635143, -0.00173263065517, 0.00333895697258, -0.00162822019774, -0.00185283238534], [-0.000415658403654, 0.00059308425989, -0.000383340666303, -0.00182314997073, 0.00075634586392, 0.00558008300141, -0.000270782125881, -0.00231902929954, 0.000287854578346, 7.69514299463e-05, -0.00318587129004, 0.000161416595802, 7.4651419709e-05], [0.000361826911103, -0.00125173630659, -0.00105229218025, 0.000676630763337, -0.0029455376789, -0.000270782125881, 0.00818433985114, -0.00128530315123, -0.00188817223534, 0.00108181627002, -0.00285365688615, -0.000722173310351, 0.00200695032254], [-0.000623081286903, 0.000247121643042, 0.00062716944376, 7.40649775253e-05, 0.00070186634548, -0.00231902929954, -0.00128530315123, 0.00890216045082, -4.72190185974e-06, -0.00497786467895, 0.000601921754424, -0.000148889012053, -0.00133044074755], [0.000211688893614, 0.000303708366118, 0.000947082473431, -0.00121284485795, -0.001083635143, 0.000287854578346, -0.00188817223534, -4.72190185974e-06, 0.00815771892667, -0.00088204437634, -0.00445369724184, -0.000711397617124, -0.000558031606488], [0.000203790026717, -4.44243814854e-05, -0.000478068424854, 0.000995368347503, -0.00173263065517, 7.69514299463e-05, 0.00108181627002, -0.00497786467895, -0.00088204437634, 0.0110432785004, -0.0015902024461, -0.00283998576924, 0.00187810859643], [0.000693648238666, -0.000596695404965, -0.000126612285385, 0.000990473898128, 0.00333895697258, -0.00318587129004, -0.00285365688615, 0.000601921754424, -0.00445369724184, -0.0015902024461, 0.0142537113279, 0.00244901771657, -0.00202742335387], [-0.00031954102451, 0.000531222554855, -0.000341064092936, 0.000212416562135, -0.00162822019774, 0.000161416595802, -0.000722173310351, -0.000148889012053, -0.000711397617124, -0.00283998576924, 0.00244901771657, 0.0132570751011, -0.000681225385051], [6.3813997258e-05, -0.000502047478221, 0.00047025756794, -0.000639358710032, -0.00185283238534, 7.4651419709e-05, 0.00200695032254, -0.00133044074755, -0.000558031606488, 0.00187810859643, -0.00202742335387, -0.000681225385051, 0.0120863988996]]
    },
    "spectral_contrast_coeffs": {
        "max": [-0.255237400532, -0.454549640417, -0.49886983633, -0.564003229141, -0.514023542404, -0.384759426117],
        "mean": [-0.739618062973, -0.769191324711, -0.761294126511, -0.798067092896, -0.787802815437, -0.622208178043],
        "min": [-0.952620148659, -0.976353704929, -0.968310892582, -0.968442499638, -0.965297698975, -0.963028669357],
        "stdev": [0.0910442247987, 0.0760395750403, 0.0694639384747, 0.067442394793, 0.0667202100158, 0.0754620730877]
    },
    "spectral_contrast_valleys": {
        "max": [-5.05176496506, -5.43328046799, -5.34804391861, -6.29001617432, -6.54620742798, -8.52245044708],
        "mean": [-8.02978801727, -7.22261810303, -7.62865066528, -7.7768702507, -8.4358921051, -13.7152576447],
        "min": [-28.0034828186, -27.4471378326, -27.2025489807, -27.194311142, -27.1832294464, -27.1598548889],
        "stdev": [2.13213586807, 1.11078965664, 1.06265902519, 1.02708935738, 1.06842517853, 1.54154908657]
    }
},
"rhythm": {
    "beats_count": 59,
    "beats_loudness": {
        "max": 0.0673163607717,
        "mean": 0.018536394462,
        "min": 0.000265409937128,
        "stdev": 0.0182819962502
    },
    "bpm": 133.254135132,
    "bpm_histogram_first_peak_bpm": 133,
    "bpm_histogram_first_peak_weight": 0.512820482254,
    "bpm_histogram_second_peak_bpm": 99,
    "bpm_histogram_second_peak_spread": 0.363636374474,
    "bpm_histogram_second_peak_weight": 0.120689660311,
    "danceability": 0.777837693691,
    "onset_rate": 2.24034929276,
    "beats_loudness_band_ratio": {
        "max": [0.995915472507, 0.55276542902, 0.845799326897, 0.828287541866, 0.554148316383, 0.172207295895],
        "mean": [0.269600510597, 0.107465393841, 0.293065875769, 0.18897087872, 0.145336195827, 0.0232406202704],
        "min": [0.000116944895126, 0.00153998832684, 0.00126642850228, 0.000579864485189, 0.000354701536708, 0.000122803205159],
        "stdev": [0.309764236212, 0.150312408805, 0.228404611349, 0.153174385428, 0.129055604339, 0.0264044739306]
    },
    "beats_position": [0.580498874187, 1.17260766029, 1.764716506, 2.35682535172, 2.94893407822, 3.55265307426, 4.1679816246, 4.78331041336, 5.38702917099, 5.99074840546, 6.59446716309, 7.19818592072, 7.73224496841, 8.26630401611, 8.8119726181, 9.26476192474, 9.71755123138, 10.1587295532, 10.6115188599, 11.0643081665, 11.5287075043, 11.9931058884, 12.445895195, 12.8986845016, 13.3514738083, 13.8158731461, 14.2570514679, 14.7098407745, 15.1626300812, 15.6154193878, 16.0682086945, 16.5209980011, 16.9737873077, 17.426574707, 17.8793640137, 18.3205432892, 18.7617225647, 19.2029018402, 19.6440811157, 20.0736503601, 20.5264396667, 20.9676189423, 21.4087982178, 21.8615875244, 22.3143768311, 22.7787742615, 23.2780036926, 23.7540130615, 24.2416324615, 24.7176418304, 25.1820411682, 25.6348285675, 26.0992279053, 26.5404071808, 26.9815864563, 27.4227657318, 27.8639450073, 28.3051242828, 28.7463035583],
