{
"metadata": {
    "version": {
        "essentia": "2.1-beta5",
        "essentia_git_sha": "Undefined",
        "extractor": "music 2.0"
    },
    "audio_properties": {
        "analysis": {
            "equal_loudness": 0,
            "length": 20.7702503204,
            "sample_rate": 44100,
            "start_time": 175.229385376,
            "downmix": "mix"
        },
        "bit_rate": 192000,
        "length": 196.022872925,
        "lossless": 0,
        "number_channels": 2,
        "replay_gain": 2.30920600891,
        "sample_rate": 48000,
        "codec": "mp3",
        "md5_encoded": "35e43f6ae58174671422dcc90a6fdae0"
    },
    "tags": {
        "file_name": "Sweden_Undo_Sanna Nielsen.mp3",
        "encoding": ["Lavf58.29.100"]
    }
},
"lowlevel": {
    "average_loudness": 0.649947404861,
    "barkbands_crest": {
        "max": 26.1319484711,
        "mean": 13.1266498566,
        "min": 3.98491454124,
        "stdev": 5.57103681564
    },
    "barkbands_flatness_db": {
        "max": 0.393876999617,
        "mean": 0.239611104131,
        "min": 0.10616671294,
        "stdev": 0.0644135400653
    },
    "barkbands_kurtosis": {
        "max": 93.8259277344,
        "mean": 5.663002491,
        "min": -1.57489871979,
        "stdev": 12.293056488
    },
    "barkbands_skewness": {
        "max": 8.91184711456,
        "mean": 1.47206914425,
        "min": -0.578313410282,
        "stdev": 1.54524755478
    },
    "barkbands_spread": {
        "max": 47.6728973389,
        "mean": 13.8104085922,
        "min": 1.03061020374,
        "stdev": 9.44763278961
    },
    "dissonance": {
        "max": 0.499993950129,
        "mean": 0.451401084661,
        "min": 0.30726736784,
        "stdev": 0.0382598787546
    },
    "dynamic_complexity": 2.75038552284,
    "erbbands_crest": {
        "max": 28.462146759,
        "mean": 14.2145681381,
        "min": 4.13213348389,
        "stdev": 5.71736621857
    },
    "erbbands_flatness_db": {
        "max": 0.410743117332,
        "mean": 0.289938479662,
        "min": 0.162872508168,
        "stdev": 0.0497403815389
    },
    "erbbands_kurtosis": {
        "max": 19.6999092102,
        "mean": 2.76770043373,
        "min": -1.77533710003,
        "stdev": 3.46467638016
    },
    "erbbands_skewness": {
        "max": 4.05610799789,
        "mean": 1.16248643398,
        "min": -0.561009049416,
        "stdev": 0.663301348686
    },
    "erbbands_spread": {
        "max": 66.4545669556,
        "mean": 18.6456031799,
        "min": 3.988322258,
        "stdev": 8.95739650726
    },
    "hfc": {
        "max": 99.0304718018,
        "mean": 19.8897895813,
        "min": 1.41072142124,
        "stdev": 18.3844146729
    },
    "loudness_ebu128": {
        "integrated": -25.6916904449,
        "loudness_range": 6.56128692627,
        "momentary": {
            "max": -21.4719161987,
            "mean": -26.5398960114,
            "min": -34.1257705688,
            "stdev": 2.79705309868
        },
        "short_term": {
            "max": -22.303024292,
            "mean": -26.6516284943,
            "min": -29.8253307343,
            "stdev": 1.9942470789
        }
    },
    "melbands_crest": {
        "max": 34.5643920898,
        "mean": 15.8587656021,
        "min": 4.99276018143,
        "stdev": 6.05707120895
    },
    "melbands_flatness_db": {
        "max": 0.467544078827,
        "mean": 0.25332814455,
        "min": 0.0779316276312,
        "stdev": 0.0817788615823
    },
    "melbands_kurtosis": {
        "max": 115.808731079,
        "mean": 9.33782672882,
        "min": -1.40786266327,
        "stdev": 16.0242557526
    },
    "melbands_skewness": {
        "max": 8.39400959015,
        "mean": 1.90513980389,
        "min": -0.953661262989,
        "stdev": 1.60844302177
    },
    "melbands_spread": {
        "max": 82.1062774658,
        "mean": 18.6155357361,
        "min": 1.17393004894,
        "stdev": 12.3504638672
    },
    "pitch_salience": {
        "max": 0.841165363789,
        "mean": 0.518717348576,
        "min": 0.113303497434,
        "stdev": 0.177380666137
    },
    "silence_rate_20dB": {
        "max": 1,
        "mean": 1,
        "min": 1,
        "stdev": 0
    },
    "silence_rate_30dB": {
        "max": 1,
        "mean": 0.997767865658,
        "min": 0,
        "stdev": 0.0471930466592
    },
    "silence_rate_60dB": {
        "max": 1,
        "mean": 0.0457589291036,
        "min": 0,
        "stdev": 0.208962246776
    },
    "spectral_centroid": {
        "max": 2873.58056641,
        "mean": 1271.81433105,
        "min": 372.154998779,
        "stdev": 496.96005249
    },
    "spectral_complexity": {
        "max": 55,
        "mean": 17.147321701,
        "min": 1,
        "stdev": 9.27557373047
    },
    "spectral_decrease": {
        "max": -2.07933503749e-10,
        "mean": -5.93669113869e-09,
        "min": -3.08068131005e-08,
        "stdev": 4.91664220448e-09
    },
    "spectral_energy": {
        "max": 0.121374487877,
        "mean": 0.0242105275393,
        "min": 0.000912747054826,
        "stdev": 0.0200605504215
    },
    "spectral_energyband_high": {
        "max": 0.00464156828821,
        "mean": 0.00062128942227,
        "min": 7.18310911907e-06,
        "stdev": 0.000972327834461
    },
    "spectral_energyband_low": {
        "max": 0.0885598883033,
        "mean": 0.00540473451838,
        "min": 2.43087718843e-08,
        "stdev": 0.00967956334352
    },
    "spectral_energyband_middle_high": {
        "max": 0.0668810978532,
        "mean": 0.00985061470419,
        "min": 0.000215512976865,
        "stdev": 0.0115882428363
    },
    "spectral_energyband_middle_low": {
        "max": 0.0441639684141,
        "mean": 0.00876729004085,
        "min": 0.000539984204806,
        "stdev": 0.0061418376863
    },
    "spectral_entropy": {
        "max": 8.2569475174,
        "mean": 7.29477214813,
        "min": 5.97743940353,
        "stdev": 0.436846554279
    },
    "spectral_flux": {
        "max": 0.248920455575,
        "mean": 0.0696295872331,
        "min": 0.0129223642871,
        "stdev": 0.0367376618087
    },
    "spectral_kurtosis": {
        "max": 25.5036888123,
        "mean": 4.61029720306,
        "min": -1.23574721813,
        "stdev": 4.57192516327
    },
    "spectral_rms": {
        "max": 0.0108818262815,
        "mean": 0.0045031872578,
        "min": 0.000943655089941,
        "stdev": 0.00182793487329
    },
    "spectral_rolloff": {
        "max": 6761.42578125,
        "mean": 1219.84484863,
        "min": 64.599609375,
        "stdev": 755.201904297
    },
    "spectral_skewness": {
        "max": 3.59636807442,
        "mean": 1.35376322269,
        "min": 0.350170254707,
        "stdev": 0.570675730705
    },
    "spectral_spread": {
        "max": 6312855.5,
        "mean": 2932722.75,
        "min": 1804246.875,
        "stdev": 675900
    },
    "spectral_strongpeak": {
        "max": 9.17333602905,
        "mean": 1.88409137726,
        "min": 0,
        "stdev": 1.88547050953
    },
    "zerocrossingrate": {
        "max": 0.1767578125,
        "mean": 0.0496384762228,
        "min": 0.0107421875,
        "stdev": 0.0225623808801
    },
    "barkbands": {
        "max": [0.00976721197367, 0.0780548304319, 0.0230243764818, 0.00702976807952, 0.0250618755817, 0.0289986599237, 0.0137849645689, 0.017799384892, 0.0161857493222, 0.017043877393, 0.0605630278587, 0.0261170975864, 0.0057650054805, 0.00533784274012, 0.00443289894611, 0.00317337247543, 0.00653964141384, 0.00659516081214, 0.0020106297452, 0.00160456902813, 0.00260096974671, 0.00323620252311, 0.00146382243838, 0.000440505304141, 1.54780736921e-05, 3.06567983444e-07, 3.07875609451e-07],
        "mean": [0.000489232537802, 0.00435959314927, 0.000480849965243, 0.000225402312935, 0.000696647795849, 0.00313880480826, 0.000821082096081, 0.00107808818575, 0.00207623117603, 0.00130314694252, 0.00587851461023, 0.000945881358348, 0.000411253597122, 0.000413700734498, 0.000320290157106, 0.000242331327172, 0.000180300368811, 0.000209439662285, 0.000222613060032, 0.0001904610981, 0.000278629770037, 0.000131739521748, 9.00855447981e-05, 2.58168493019e-05, 3.99796277861e-07, 1.87432336318e-09, 1.77259373846e-09],
        "min": [3.63145180593e-10, 2.68861732877e-09, 3.48974182884e-10, 3.4824751971e-09, 2.46425400974e-07, 1.78855202648e-07, 1.76114576789e-06, 4.70169698019e-06, 4.06340550398e-05, 1.30622465804e-05, 1.26756731333e-05, 6.76503486829e-06, 8.58790099301e-06, 7.68772770243e-06, 7.1312451837e-06, 2.55660029325e-06, 4.97760083817e-06, 5.14725161338e-06, 2.09504696613e-06, 1.36029393616e-06, 1.41717964652e-06, 3.61930204917e-07, 3.60369151187e-10, 1.39445024971e-10, 1.31035876594e-10, 1.7930006091e-10, 2.4952961919e-10],
        "stdev": [0.00111514620949, 0.00811092182994, 0.00162522098981, 0.000656762043945, 0.00174305099063, 0.00535880355164, 0.00169056328014, 0.00196833861992, 0.00235481048003, 0.00174243375659, 0.00992156565189, 0.00208049220964, 0.00050947238924, 0.000535332306754, 0.000469200371299, 0.000382927217288, 0.000315812794724, 0.000370583264157, 0.000305019726511, 0.000289476505714, 0.000505786563735, 0.000274113757769, 0.000170784594957, 4.87610304845e-05, 1.25487042624e-06, 1.53552388582e-08, 1.45886147607e-08]
    },
    "erbbands": {
        "max": [4.09796857834, 10.1030569077, 25.1161003113, 28.1346530914, 57.6961212158, 88.7840423584, 114.820137024, 242.104370117, 117.427558899, 491.528503418, 589.707397461, 350.342987061, 628.805175781, 670.015869141, 2737.83300781, 459.332336426, 235.244934082, 319.500457764, 281.148712158, 322.618164062, 128.594070435, 305.48348999, 409.255859375, 144.631774902, 103.182815552, 96.0799942017, 122.739700317, 100.733795166, 113.356506348, 141.129013062, 45.7447509766, 11.923874855, 5.09899330139, 0.525551378727, 0.0162436123937, 0.00135702558327, 0.000598264043219, 0.000207618795685, 6.79461518303e-05, 0.000140518910484],
        "mean": [0.176218494773, 0.76991468668, 0.693572163582, 0.738683402538, 1.25780594349, 2.88426661491, 13.4638242722, 26.0234737396, 8.32151985168, 25.4878749847, 21.4629821777, 43.5626869202, 61.0690956116, 67.6951217651, 234.792572021, 36.9714584351, 18.0070304871, 25.6263217926, 13.9467687607, 19.2239589691, 11.8092899323, 9.95287513733, 10.1395940781, 13.5505189896, 9.25292396545, 10.3360033035, 12.507352829, 7.55334758759, 4.84128475189, 3.71642279625, 2.47984480858, 0.948042273521, 0.229800790548, 0.0176561679691, 0.000654360919725, 8.25664101285e-05, 2.50089160545e-05, 7.79965739639e-06, 1.43608440339e-05, 2.91162104986e-05],
        "min": [2.50659297762e-07, 7.35457490464e-07, 2.44527041104e-06, 9.7654905403e-05, 0.000631759990938, 0.00206135376357, 0.00108994881157, 0.00712916627526, 0.0716609507799, 0.275422811508, 0.422816157341, 1.55505895615, 1.61781418324, 1.55151188374, 0.588800728321, 0.358341783285, 0.506928801537, 0.457726061344, 0.484170854092, 0.431940346956, 0.28679266572, 0.306830316782, 0.21192343533, 0.158689752221, 0.0733299478889, 0.0708552226424, 0.0703733563423, 0.079901702702, 0.0119918836281, 0.0124723184854, 0.000460903305793, 7.12582259439e-05, 1.40123893289e-05, 5.85162524658e-06, 3.68170503862e-06, 2.53823054663e-06, 1.40868735343e-06, 4.9698849125e-07, 9.40650750181e-07, 1.78312529897e-06],
        "stdev": [0.357070922852, 1.50051558018, 1.89758229256, 2.07353687286, 3.64321565628, 6.97882175446, 22.6051464081, 44.9905357361, 14.0174684525, 51.7476577759, 34.4949798584, 45.6635894775, 71.3377380371, 93.8955001831, 404.412872314, 54.3707351685, 19.2731361389, 33.0983734131, 18.5590324402, 30.0987567902, 15.9559001923, 15.4030332565, 18.4344501495, 20.5378379822, 12.0484247208, 16.1924610138, 21.3461894989, 15.2647809982, 9.46112537384, 8.87541484833, 4.58823728561, 1.68528473377, 0.467532426119, 0.0443298742175, 0.0014513656497, 0.000141342068673, 3.96700525016e-05, 1.28162537294e-05, 1.25226242744e-05, 2.43661179411e-05]
    },
    "gfcc": {
        "mean": [-81.1183013916, 128.787872314, -210.347991943, 18.5117816925, -82.9471054077, -4.22177934647, 1.71270632744, -19.7965831757, 8.87735843658, -22.2539863586, 5.9931230545, -4.64616298676, 3.22621417046],
        "cov": [[4855.81445312, -289.407440186, 1115.50842285, 1689.10083008, 67.3098831177, 1425.55236816, 36.036567688, 414.678131104, -173.899093628, -51.4885597229, 353.2628479, -217.151672363, 217.297409058], [-289.407440186, 1387.68005371, 980.56829834, 424.215148926, 635.769226074, -161.65675354, 394.170593262, -100.214164734, 48.5422973633, 243.274185181, 0.548118770123, 348.211700439, 201.752029419], [1115.50842285, 980.56829834, 1451.56176758, 914.429748535, 494.05355835, 425.124328613, 267.739562988, 83.4455184937, 17.3487873077, 211.378494263, 171.183410645, 253.024841309, 268.854309082], [1689.10083008, 424.215148926, 914.429748535, 1032.77819824, 387.122833252, 628.413757324, 279.658569336, 179.740341187, -28.8080978394, 67.4664993286, 70.0235214233, 23.578962326, 135.836151123], [67.3098831177, 635.769226074, 494.05355835, 387.122833252, 479.640167236, 148.944351196, 406.134887695, 85.5594100952, 45.0775222778, 125.993843079, -49.8384742737, 108.172225952, 46.0175552368], [1425.55236816, -161.65675354, 425.124328613, 628.413757324, 148.944351196, 917.342834473, 320.852386475, 430.274047852, 135.0052948, 46.7645072937, 175.122695923, -141.482299805, -33.8212547302], [36.036567688, 394.170593262, 267.739562988, 279.658569336, 406.134887695, 320.852386475, 576.519348145, 241.165557861, 131.600830078, 124.254699707, -36.1447715759, 27.1505393982, -40.5726928711], [414.678131104, -100.214164734, 83.4455184937, 179.740341187, 85.5594100952, 430.274047852, 241.165557861, 317.992279053, 155.29019165, 57.1072731018, 88.7559204102, -80.6385574341, -73.9209823608], [-173.899093628, 48.5422973633, 17.3487873077, -28.8080978394, 45.0775222778, 135.0052948, 131.600830078, 155.29019165, 188.080078125, 69.814491272, 47.1639900208, 4.30406951904, -71.4507751465], [-51.4885597229, 243.274185181, 211.378494263, 67.4664993286, 125.993843079, 46.7645072937, 124.254699707, 57.1072731018, 69.814491272, 126.992630005, 77.4560775757, 84.8674240112, 47.6770935059], [353.2628479, 0.548118770123, 171.183410645, 70.0235214233, -49.8384742737, 175.122695923, -36.1447715759, 88.7559204102, 47.1639900208, 77.4560775757, 232.930221558, 48.8251075745, 76.901550293], [-217.151672363, 348.211700439, 253.024841309, 23.578962326, 108.172225952, -141.482299805, 27.1505393982, -80.6385574341, 4.30406951904, 84.8674240112, 48.8251075745, 184.034683228, 112.421875], [217.297409058, 201.752029419, 268.854309082, 135.836151123, 46.0175552368, -33.8212547302, -40.5726928711, -73.9209823608, -71.4507751465, 47.6770935059, 76.901550293, 112.421875, 183.716369629]],
        "icov": [[0.00124360597692, -0.000599969527684, 0.000535392086022, -0.00228026951663, 0.0018864388112, -0.0008757574833, 0.000403328886023, -0.00101125217043, 0.00194752856623, -0.000429547741078, -0.000391080189729, 4.07383849961e-05, 0.000146546197357], [-0.000599969527684, 0.00996791571379, -0.00518624577671, 0.000923438230529, -0.00947677623481, 0.00682361563668, -0.00384629843757, 0.00595441414043, -0.00772660830989, 0.00308166537434, -0.0051455302164, 0.00230258097872, -0.00121351587586], [0.000535392086022, -0.00518624577671, 0.00626332126558, -0.00287338602357, 0.00337532814592, -0.00495662353933, 0.00367022608407, -0.00233443616889, 0.00367895979434, -0.00363345444202, 0.00273520685732, -0.00428401166573, -1.55635407282e-05], [-0.00228026951663, 0.000923438230529, -0.00287338602357, 0.0100866435096, -0.00673707434908, -0.00248072436079, 0.00114210951142, 0.00223472993821, -0.00188102421816, 0.00193863851018, 0.00250034732744, 0.000747172976844, -0.0019261847483], [0.0018864388112, -0.00947677623481, 0.00337532814592, -0.00673707434908, 0.0247783418745, -0.004070953466, -0.00434376765043, -0.0064150118269, 0.0107656102628, -0.00776885449886, 0.00693700648844, -0.00418012775481, 0.0035784530919], [-0.0008757574833, 0.00682361563668, -0.00495662353933, -0.00248072436079, -0.004070953466, 0.0148809384555, -0.00644684396684, -0.0020464786794, -0.00678542256355, 0.00648430595174, -0.00853519514203, 0.00708376895636, -0.00094161729794], [0.000403328886023, -0.00384629843757, 0.00367022608407, 0.00114210951142, -0.00434376765043, -0.00644684396684, 0.0122511144727, -0.00678695878014, 0.00446337740868, -0.0049452628009, 0.00625987164676, -0.00441999407485, 0.000510946963914], [-0.00101125217043, 0.00595441414043, -0.00233443616889, 0.00223472993821, -0.0064150118269, -0.0020464786794, -0.00678695878014, 0.0259388741106, -0.0146647896618, 0.000382911326597, -0.00659423274919, 0.00762906996533, -0.00112178537529], [0.00194752856623, -0.00772660830989, 0.00367895979434, -0.00188102421816, 0.0107656102628, -0.00678542256355, 0.00446337740868, -0.0146647896618, 0.0262722242624, -0.0104465456679, 0.00554104056209, -0.00990180671215, 0.00999653246254], [-0.000429547741078, 0.00308166537434, -0.00363345444202, 0.00193863851018, -0.00776885449886, 0.00648430595174, -0.0049452628009, 0.000382911326597, -0.0104465456679, 0.0307869277894, -0.0115185640752, 0.00066725583747, -0.00442992663011], [-0.000391080189729, -0.0051455302164, 0.00273520685732, 0.00250034732744, 0.00693700648844, -0.00853519514203, 0.00625987164676, -0.00659423274919, 0.00554104056209, -0.0115185640752, 0.0185830909759, -0.00760084716603, -0.00230115023442], [4.07383849961e-05, 0.00230258097872, -0.00428401166573, 0.000747172976844, -0.00418012775481, 0.00708376895636, -0.00441999407485, 0.00762906996533, -0.00990180671215, 0.00066725583747, -0.00760084716603, 0.0265718214214, -0.00951795466244], [0.000146546197357, -0.00121351587586, -1.55635407282e-05, -0.0019261847483, 0.0035784530919, -0.00094161729794, 0.000510946963914, -0.00112178537529, 0.00999653246254, -0.00442992663011, -0.00230115023442, -0.00951795466244, 0.0184662807733]]
    },
    "melbands": {
        "max": [0.0276258382946, 0.00967641733587, 0.00413914956152, 0.00603915378451, 0.00344558432698, 0.00540885236114, 0.00184746540617, 0.00481943879277, 0.00526732346043, 0.00231407606043, 0.00315371248871, 0.00231675454415, 0.00911523401737, 0.00434482563287, 0.000497466768138, 0.000764662283473, 0.000536836043466, 0.000515245425049, 0.00028628288419, 0.000304625224089, 0.00021579375607, 0.000449608283816, 0.000152548702317, 0.000425394595368, 0.000142093442264, 9.39206729527e-05, 5.05875395902e-05, 6.21287908871e-05, 0.000112492627522, 0.000108549727884, 6.84582846588e-05, 7.7288626926e-05, 9.79884134722e-05, 6.50057554594e-05, 2.88248975266e-05, 1.38343903018e-05, 8.36526032799e-06, 4.24163272328e-06, 1.47213461332e-06, 1.55717330586e-07],
        "mean": [0.0013957984047, 0.000561739783734, 0.000136682268931, 0.000139783805935, 0.000419231917476, 0.000585305795539, 0.000129914653371, 0.000272198900348, 0.000175866662175, 0.000300992251141, 0.000298760220176, 0.000213366452954, 0.000878723280039, 0.000200281981961, 3.58991492249e-05, 4.60499832116e-05, 4.57306050521e-05, 2.11931419472e-05, 2.2466198061e-05, 2.34938434005e-05, 1.22328428915e-05, 1.1108988474e-05, 7.09468440618e-06, 1.16728188004e-05, 1.1046254258e-05, 7.31024056222e-06, 5.95959818384e-06, 6.54388622934e-06, 7.93460276327e-06, 6.61423609927e-06, 3.81110362468e-06, 2.59744842879e-06, 2.62925823336e-06, 1.86753015896e-06, 1.6180839566e-06, 8.40045061068e-07, 4.73111725796e-07, 1.87132783935e-07, 4.20000318968e-08, 2.33862995636e-09],
        "min": [1.66944691404e-09, 3.84593634717e-10, 6.24830898133e-09, 3.13856887146e-08, 1.86420514581e-08, 6.0818798886e-08, 9.68285121417e-07, 9.655800568e-07, 1.21770233363e-06, 6.79735376252e-06, 4.65634093416e-06, 1.88328408512e-06, 1.80558026841e-06, 5.96435313582e-07, 3.02621288029e-07, 7.9903486494e-07, 7.40994380521e-07, 6.75511444115e-07, 5.38858159871e-07, 3.76176387817e-07, 2.68854591923e-07, 2.83757202624e-07, 1.01143776021e-07, 2.11293269103e-07, 9.32752612925e-08, 4.26248476515e-08, 3.50113005254e-08, 3.9310478428e-08, 3.32713874229e-08, 3.10325170005e-08, 3.53344731252e-08, 6.52184573013e-09, 2.45055892245e-10, 2.90865907748e-11, 3.2336054407e-12, 2.11160906469e-12, 1.21278063547e-12, 1.00369961908e-12, 1.12004828155e-12, 9.68911149229e-13],
        "stdev": [0.00264739734121, 0.00116758339573, 0.000354410993168, 0.000379705772502, 0.000670022214763, 0.00099810725078, 0.000240334018599, 0.000545354152564, 0.000279389380012, 0.000329598464305, 0.000360315287253, 0.000308445160044, 0.00149980490096, 0.000455246801721, 4.2361964006e-05, 6.14622113062e-05, 5.9158053773e-05, 3.08994749503e-05, 3.12951488013e-05, 3.96624927816e-05, 1.76135854417e-05, 2.09972640732e-05, 9.11512961466e-06, 2.30093974096e-05, 1.84831897059e-05, 1.00407787613e-05, 8.03328020993e-06, 1.07942805698e-05, 1.40232987178e-05, 1.52612537931e-05, 8.51617642184e-06, 5.20643652635e-06, 6.44853889753e-06, 4.42411328549e-06, 3.07988034365e-06, 1.45824526498e-06, 8.9687853233e-07, 3.86036703048e-07, 1.12792598372e-07, 9.80074510437e-09]
    },
    "melbands128": {
        "max": [0.00967399496585, 0.0393132567406, 0.0338132306933, 0.0157053247094, 0.0139075163752, 0.0117453420535, 0.00650401599705, 0.00375087023713, 0.00643523968756, 0.00818850658834, 0.00484153768048, 0.00317772408016, 0.00314793130383, 0.012280780822, 0.008419951424, 0.00384319084696, 0.00332982209511, 0.00291066989303, 0.00410550134256, 0.00963510945439, 0.00657962402329, 0.00354575575329, 0.00863285828382, 0.00423117447644, 0.00276909838431, 0.00448773242533, 0.00619723275304, 0.00603410834447, 0.00267560780048, 0.00217931345105, 0.00145069835708, 0.0116033954546, 0.0187406744808, 0.0212955120951, 0.0068614189513, 0.00274052866735, 0.00191377347801, 0.000419585820055, 0.000811376085039, 0.000697748851962, 0.0012958109146, 0.00195850548334, 0.000950222893152, 0.000647392473184, 0.000517652137205, 0.00107230176218, 0.00100350019056, 0.000384047714761, 0.000667241693009, 0.000935245072469, 0.000427678838605, 0.000426495593274, 0.000176569839823, 0.000336585449986, 0.0011249978561, 0.000441884592874, 0.00014905835269, 0.000102843630884, 8.95908015082e-05, 0.000581932603382, 0.000747138110455, 0.000529390468728, 0.000299462932162, 0.000144903722685, 0.000184452102985, 0.000134613874252, 0.000168466518517, 7.6524578617e-05, 6.41803417238e-05, 0.000168561309692, 0.00012016594701, 0.000126196318888, 8.65853944561e-05, 0.000197033776203, 0.000147910337546, 0.000272772158496, 8.87926871656e-05, 6.2031300331e-05, 0.000155863570399, 0.000119020063721, 8.26227333164e-05, 0.000124819387565, 0.000135153357405, 0.000120079079352, 0.000150649575517, 0.000106762789073, 3.09626666422e-05, 7.05012571416e-05, 3.22516534652e-05, 3.95354763896e-05, 1.85555709322e-05, 8.15947714727e-06, 8.84605469764e-06, 1.1019640624e-05, 8.49246316648e-06, 5.06175638293e-06, 3.53054883817e-06, 1.71774195223e-06, 2.64917503046e-06, 4.82359496345e-07, 3.89592571537e-07, 9.87298349742e-08, 5.60798785187e-09, 3.96079080645e-09, 3.17315484999e-09, 2.58937937758e-09, 2.4166801893e-09, 2.27825824872e-09, 2.14692463807e-09, 2.04002814641e-09, 1.94466376335e-09, 1.86555659809e-09, 1.7803128971e-09, 1.70728753357e-09, 1.63665214714e-09, 1.56636659199e-09, 1.51746870625e-09, 1.46365775056e-09, 1.41461831138e-09, 1.36657440919e-09, 1.33306887751e-09, 1.29503952007e-09, 1.2713492481e-09, 1.23492394088e-09, 1.2187548748e-09, 1.20296728134e-09, 1.19179055513e-09, 1.18512999414e-09],
        "mean": [0.000426515180152, 0.00152934133075, 0.00185437570326, 0.00107749539893, 0.000427468825364, 0.00022214173805, 0.000153114102432, 9.82048368314e-05, 0.000128256477183, 0.00013409195526, 0.000164340832271, 0.000134730653372, 0.000250873999903, 0.00112418725621, 0.000750728766434, 0.000228355725994, 0.000120717682876, 6.93697002134e-05, 0.000165721197845, 0.000398204225348, 0.000248351949267, 0.000129080814077, 0.000182807300007, 0.000184219708899, 0.00025830391678, 0.000343605381204, 0.000426044018241, 0.000335504824761, 0.000157347662025, 9.4678674941e-05, 8.98812213563e-05, 0.000682071142364, 0.001276955707, 0.000815060804598, 0.000209762147279, 7.07180588506e-05, 4.84070878883e-05, 2.59197749983e-05, 3.89361157431e-05, 3.04596196656e-05, 3.93741320295e-05, 8.44957103254e-05, 4.7047255066e-05, 3.14973040076e-05, 1.7764088625e-05, 2.22360704356e-05, 2.1145271603e-05, 1.42513790706e-05, 2.67821214948e-05, 3.5812958231e-05, 2.07404555113e-05, 1.57097401825e-05, 1.14218664748e-05, 1.0231376109e-05, 1.41926475408e-05, 1.18926645882e-05, 8.016274478e-06, 7.7041104305e-06, 6.31930242889e-06, 6.58401859255e-06, 1.37259476105e-05, 1.28552701426e-05, 1.44071364048e-05, 9.44191378949e-06, 7.17423017704e-06, 8.23629761726e-06, 6.72850046612e-06, 5.45434522792e-06, 3.94131211578e-06, 9.91449815047e-06, 6.68260827297e-06, 5.36690686204e-06, 5.16897534908e-06, 1.10858873086e-05, 6.17413707005e-06, 9.75987495622e-06, 4.60121736978e-06, 3.04375726046e-06, 4.58450404039e-06, 3.85921657653e-06, 1.87493276371e-06, 2.27742339121e-06, 3.36791345035e-06, 2.60137380792e-06, 2.17064211938e-06, 1.97381564249e-06, 1.57495480835e-06, 2.04975981433e-06, 1.6952402575e-06, 1.33308242312e-06, 9.89179852695e-07, 6.57063992549e-07, 6.53034078368e-07, 4.97079497563e-07, 3.75204393777e-07, 2.38094585825e-07, 1.5898831407e-07, 8.18100076572e-08, 4.73990624528e-08, 1.72190990355e-08, 2.92953594716e-09, 5.53544043935e-10, 3.03853019135e-11, 1.85664209701e-11, 1.69499414504e-11, 1.59329251181e-11, 1.57946277585e-11, 1.7018034551e-11, 1.32227059163e-11, 1.19544530525e-11, 1.13688164785e-11, 1.09087522002e-11, 1.03463982173e-11, 9.79824034408e-12, 9.43943707921e-12, 9.11944218057e-12, 8.81891261406e-12, 8.56255604614e-12, 8.33249962084e-12, 8.02286882762e-12, 7.76359272009e-12, 7.61045133163e-12, 7.5018402948e-12, 7.25253971462e-12, 6.75897402283e-12, 5.98368880486e-12, 5.55948603126e-12, 5.47170642129e-12],
        "min": [1.7595631896e-10, 1.93394203429e-10, 3.91085164253e-10, 6.3767449654e-11, 3.78027713299e-11, 2.43890102558e-10, 5.88312565331e-10, 2.03951544542e-09, 1.03894226555e-09, 3.53716789192e-09, 2.18999982593e-08, 8.10206124413e-09, 5.69985081356e-09, 1.90959035251e-08, 1.42580214302e-08, 1.75091603438e-08, 3.56535494461e-08, 7.80337927608e-08, 9.97907818601e-08, 1.27274930151e-07, 3.90426919239e-07, 3.6765572986e-07, 1.58613914891e-07, 2.6299423439e-07, 4.71808988323e-07, 7.46821001485e-07, 2.1601035769e-06, 6.85032887304e-07, 3.57787484973e-07, 3.17958239293e-07, 3.79465404876e-07, 2.71842395705e-07, 7.6402494642e-07, 4.91948583203e-07, 7.80639908271e-08, 2.35700611029e-07, 1.41683074162e-07, 2.38995596646e-08, 4.87694862272e-08, 5.67357467673e-08, 1.99843086079e-07, 1.53974980321e-07, 2.52085669672e-07, 1.54723963419e-07, 2.67816702149e-08, 7.70086998614e-08, 8.62795772605e-08, 9.98197293711e-08, 2.21963006197e-07, 1.21897642202e-07, 4.22160617575e-08, 1.45858507494e-08, 1.10579286172e-07, 9.99845255478e-08, 1.67581802657e-07, 1.42812226045e-07, 7.41135153248e-08, 1.29586092967e-08, 1.77440782068e-08, 1.5677958487e-08, 1.30526601083e-07, 1.02254027468e-07, 4.66566341117e-08, 1.71126703918e-08, 6.44681605877e-08, 2.29522587603e-08, 1.82737895926e-08, 1.33416220294e-08, 2.5505981327e-08, 2.46816931337e-08, 2.05926244945e-08, 2.11968025354e-08, 1.70049521131e-08, 1.71666574289e-08, 1.37326168215e-08, 2.36062369652e-08, 1.55067532148e-08, 2.53629721669e-08, 3.30527960557e-09, 3.4307947594e-09, 8.98531749005e-10, 2.95723723287e-10, 1.70080532991e-10, 9.77291719773e-11, 2.86816057016e-11, 1.90376187037e-11, 9.04637736249e-12, 3.7259184453e-12, 1.80016765383e-12, 2.09476858602e-12, 2.49328661016e-12, 1.58581264439e-12, 1.21804389491e-12, 1.17135804095e-12, 9.5577603991e-13, 7.26821326649e-13, 7.1053270689e-13, 6.15454518946e-13, 8.8761940506e-13, 5.56807312931e-13, 7.2349353071e-13, 7.36641487826e-13, 7.75024358926e-13, 8.44216515271e-13, 6.53851864145e-13, 6.66539685858e-13, 7.10310553865e-13, 7.32062631001e-13, 7.50037293558e-13, 8.11270918066e-13, 6.39678251774e-13, 9.09815734036e-13, 6.82950224151e-13, 5.82066892515e-13, 6.51344646621e-13, 6.29865408962e-13, 7.21537358941e-13, 7.6915719887e-13, 7.56913466366e-13, 7.14702982126e-13, 7.16023757213e-13, 7.20866183586e-13, 5.13412825708e-13, 8.84663761518e-13, 5.57310382739e-13, 1.90075020068e-13, 2.66846295088e-14, 8.80122289339e-16],
        "stdev": [0.000979292672127, 0.00333527475595, 0.0036381976679, 0.00224180822261, 0.00117085885722, 0.000761799805332, 0.000467508536531, 0.000300010025967, 0.000421656994149, 0.000465732562589, 0.000451739906566, 0.000319611630403, 0.000445181154646, 0.00229524029419, 0.00150119571481, 0.000421018194174, 0.000312873657094, 0.000253434176557, 0.000424491794547, 0.000913045194466, 0.00063463387778, 0.000277711340459, 0.000419804709964, 0.000270863791229, 0.000351704016794, 0.00050628290046, 0.00067192025017, 0.000544978189282, 0.000265803915681, 0.000151782325702, 0.000148605628056, 0.00156446557958, 0.00262136547826, 0.00225934176706, 0.000578330247663, 0.000146037695231, 0.000111493187433, 3.38636527886e-05, 6.59932557028e-05, 4.95041131217e-05, 7.56440203986e-05, 0.000178817412234, 7.65232834965e-05, 5.31668010808e-05, 3.28451569658e-05, 4.86393473693e-05, 4.62788193545e-05, 2.05402393476e-05, 5.2294049965e-05, 7.77397071943e-05, 5.03104311065e-05, 3.9716513129e-05, 1.6321288058e-05, 1.83493157238e-05, 4.78813744849e-05, 2.29808774748e-05, 1.06230481833e-05, 1.12168972919e-05, 8.61081480252e-06, 2.12327740883e-05, 3.48839894286e-05, 3.0139417504e-05, 3.45274165738e-05, 1.76932717295e-05, 1.25568258227e-05, 1.44331852425e-05, 1.44233326864e-05, 8.89158218342e-06, 6.6275079007e-06, 2.05890246434e-05, 1.35268737722e-05, 1.44705354614e-05, 1.03480369944e-05, 2.56086204899e-05, 1.59871215146e-05, 3.36908778991e-05, 1.03685079011e-05, 6.4367259256e-06, 1.43837405631e-05, 1.12625848487e-05, 4.36906657342e-06, 6.29317491985e-06, 8.01934766059e-06, 7.25432482795e-06, 6.8652570917e-06, 5.93399818172e-06, 3.4167683225e-06, 4.69775022793e-06, 3.513840511e-06, 2.83541021417e-06, 1.76395474227e-06, 1.23188090129e-06, 1.28274837152e-06, 1.02334672647e-06, 8.00760801667e-07, 4.9928826229e-07, 3.57719812882e-07, 2.10456121863e-07, 1.57616895535e-07, 5.31276072024e-08, 1.8080310582e-08, 4.52708803778e-09, 2.67625088757e-10, 1.90283289125e-10, 1.66582733718e-10, 1.49314852149e-10, 1.31312585805e-10, 1.2474651867e-10, 1.12360586113e-10, 1.04720961069e-10, 9.78714193023e-11, 9.2560667464e-11, 8.73820668601e-11, 8.28366750194e-11, 7.89632734199e-11, 7.52895593092e-11, 7.25120588574e-11, 6.9736487418e-11, 6.7225378042e-11, 6.48225362276e-11, 6.31283705865e-11, 6.12885645013e-11, 6.00814398233e-11, 5.83597059567e-11, 5.76045391942e-11, 5.68687909264e-11, 5.63514859775e-11, 5.60344340372e-11]
    },
    "mfcc": {
        "mean": [-689.812988281, 139.605438232, -68.5997390747, 14.5612850189, -54.8406257629, 13.611618042, -20.5065345764, 19.4873409271, -10.5618467331, 10.9871549606, -8.83844184875, 1.37683737278, -3.73229718208],
        "cov": [[5101.69140625, -1471.29089355, 1385.66992188, 331.656707764, 721.353210449, 643.643127441, 615.158752441, 469.172393799, 1.41391277313, 367.781585693, -426.900512695, 602.432678223, 116.840003967], [-1471.29089355, 1437.83813477, 143.162231445, 609.596862793, 61.4206237793, 123.606208801, 115.687454224, -157.606781006, 269.644561768, -250.763442993, 205.763519287, -203.471908569, 190.326446533], [1385.66992188, 143.162231445, 1318.01708984, 541.452575684, 600.241577148, 444.156463623, 413.137115479, 144.276000977, 156.232391357, 60.3677139282, -121.157516479, 244.801132202, 269.592132568], [331.656707764, 609.596862793, 541.452575684, 751.348144531, 285.980224609, 354.778656006, 307.631317139, 7.24941778183, 261.106414795, -136.791503906, -19.2020187378, -24.8544025421, 147.163116455], [721.353210449, 61.4206237793, 600.241577148, 285.980224609, 363.889709473, 225.671798706, 234.167251587, 73.1487045288, 102.753257751, 22.4176616669, -37.1952095032, 114.569900513, 121.36920929], [643.643127441, 123.606208801, 444.156463623, 354.778656006, 225.671798706, 380.072601318, 305.918334961, 212.731872559, 205.61289978, 107.084823608, 19.8736095428, 126.586387634, 127.619255066], [615.158752441, 115.687454224, 413.137115479, 307.631317139, 234.167251587, 305.918334961, 438.754699707, 192.967788696, 241.980941772, 119.971755981, 46.5455055237, 120.790359497, 147.634552002], [469.172393799, -157.606781006, 144.276000977, 7.24941778183, 73.1487045288, 212.731872559, 192.967788696, 335.612121582, 146.65536499, 251.06072998, 85.1284637451, 191.718399048, 82.2862167358], [1.41391277313, 269.644561768, 156.232391357, 261.106414795, 102.753257751, 205.61289978, 241.980941772, 146.65536499, 305.275970459, 49.3519134521, 130.250518799, 27.4716110229, 97.3797149658], [367.781585693, -250.763442993, 60.3677139282, -136.791503906, 22.4176616669, 107.084823608, 119.971755981, 251.06072998, 49.3519134521, 312.813446045, 58.2926597595, 203.338058472, 54.379650116], [-426.900512695, 205.763519287, -121.157516479, -19.2020187378, -37.1952095032, 19.8736095428, 46.5455055237, 85.1284637451, 130.250518799, 58.2926597595, 230.407928467, 5.07198476791, 57.6772079468], [602.432678223, -203.471908569, 244.801132202, -24.8544025421, 114.569900513, 126.586387634, 120.790359497, 191.718399048, 27.4716110229, 203.338058472, 5.07198476791, 263.788696289, 95.5646438599], [116.840003967, 190.326446533, 269.592132568, 147.163116455, 121.36920929, 127.619255066, 147.634552002, 82.2862167358, 97.3797149658, 54.379650116, 57.6772079468, 95.5646438599, 180.149581909]],
        "icov": [[0.000887395988684, 0.00121740531176, -0.000261821114691, -0.000886527705006, -0.00024551912793, -0.00030094885733, -0.000524926523212, -0.000133031950099, 0.000515102234203, 0.000374535215087, 9.67505475273e-05, -0.000713080575224, 7.96450549387e-05], [0.00121740531176, 0.00406590150669, -0.000551712524612, -0.00348970619962, 0.000617048353888, 0.000138942647027, -9.51442780206e-05, 0.000988811720163, 0.000425422127591, 9.3404254585e-05, -0.00197773519903, 0.000182271789527, -0.00201828707941], [-0.000261821114691, -0.000551712524612, 0.00449226237833, 0.000373815593775, -0.00533620873466, -0.00162231875584, 0.000551261939108, 0.000490170321427, 0.00012984269415, -0.000145061509102, 0.00202030944638, -0.000459342147224, -0.00263618398458], [-0.000886527705006, -0.00348970619962, 0.000373815593775, 0.00918576028198, -0.00116205553059, -0.00585280917585, -4.76179629914e-05, 0.00172662246041, -0.00335710681975, 0.00284356623888, 0.00321560213342, -0.000102590827737, 0.000359275058145], [-0.00024551912793, 0.000617048353888, -0.00533620873466, -0.00116205553059, 0.0132915657014, 0.000395841139834, -0.00205479213037, 0.00112619681749, 2.45356386586e-05, 0.00119654578157, -0.00246747094207, -0.00139331957325, 0.00153124611825], [-0.00030094885733, 0.000138942647027, -0.00162231875584, -0.00585280917585, 0.000395841139834, 0.0158688407391, -0.00230734120123, -0.0074822884053, 0.000227614669711, -0.00119715358596, -0.000138457209687, 0.00107986794319, 0.000767388381064], [-0.000524926523212, -9.51442780206e-05, 0.000551261939108, -4.76179629914e-05, -0.00205479213037, -0.00230734120123, 0.00815463624895, 0.000946894811932, -0.00410218816251, -0.0025817847345, 0.000834844482597, 0.0014957865933, -0.00250552641228], [-0.000133031950099, 0.000988811720163, 0.000490170321427, 0.00172662246041, 0.00112619681749, -0.0074822884053, 0.000946894811932, 0.0159384384751, -0.00414755288512, -0.00620856229216, -0.0018929321086, -0.00272482074797, -0.000449192681117], [0.000515102234203, 0.000425422127591, 0.00012984269415, -0.00335710681975, 2.45356386586e-05, 0.000227614669711, -0.00410218816251, -0.00414755288512, 0.0122718717903, 0.00112787610851, -0.00473335944116, 0.00115112762433, 0.0007738256827], [0.000374535215087, 9.3404254585e-05, -0.000145061509102, 0.00284356623888, 0.00119654578157, -0.00119715358596, -0.0025817847345, -0.00620856229216, 0.00112787610851, 0.0138927977532, -0.000375784409698, -0.00578919844702, 0.000934203155339], [9.67505475273e-05, -0.00197773519903, 0.00202030944638, 0.00321560213342, -0.00246747094207, -0.000138457209687, 0.000834844482597, -0.0018929321086, -0.00473335944116, -0.000375784409698, 0.0112276775762, 0.000400780671043, -0.00281779561192], [-0.000713080575224, 0.000182271789527, -0.000459342147224, -0.000102590827737, -0.00139331957325, 0.00107986794319, 0.0014957865933, -0.00272482074797, 0.00115112762433, -0.00578919844702, 0.000400780671043, 0.0134755847976, -0.00491785723716], [7.96450549387e-05, -0.00201828707941, -0.00263618398458, 0.000359275058145, 0.00153124611825, 0.000767388381064, -0.00250552641228, -0.000449192681117, 0.0007738256827, 0.000934203155339, -0.00281779561192, -0.00491785723716, 0.0147770224139]]
    },
    "spectral_contrast_coeffs": {
        "max": [-0.339381992817, -0.428198337555, -0.450097054243, -0.619193792343, -0.615837931633, -0.411029934883],
        "mean": [-0.692519724369, -0.707164168358, -0.706224560738, -0.806808769703, -0.788524210453, -0.589288771152],
        "min": [-0.94604998827, -0.875341951847, -0.863029956818, -0.886755108833, -0.884414970875, -0.752166688442],
        "stdev": [0.141382351518, 0.0728347674012, 0.0821317210793, 0.0472479462624, 0.04104090482, 0.0564974434674]
    },
    "spectral_contrast_valleys": {
        "max": [-5.38412761688, -5.02678585052, -5.75347185135, -6.10247898102, -5.97869062424, -9.61999797821],
        "mean": [-8.39280319214, -6.9452662468, -6.90518951416, -7.4421620369, -7.73713064194, -12.9704608917],
        "min": [-12.6794404984, -8.68794155121, -8.5552110672, -8.9198513031, -9.25492572784, -15.8309736252],
        "stdev": [1.58708512783, 0.541997432709, 0.568671584129, 0.56840056181, 0.680755019188, 1.59631550312]
    }
},
"rhythm": {
    "beats_count": 38,
    "beats_loudness": {
        "max": 0.097074598074,
        "mean": 0.026827968657,
        "min": 0.00233445689082,
        "stdev": 0.0227526947856
    },
    "bpm": 111.965911865,
    "bpm_histogram_first_peak_bpm": 112,
    "bpm_histogram_first_peak_weight": 0.25,
    "bpm_histogram_second_peak_bpm": 120,
    "bpm_histogram_second_peak_spread": 0.499999940395,
    "bpm_histogram_second_peak_weight": 0.189189195633,
    "danceability": 0.824061393738,
    "onset_rate": 0.9142588377,
    "beats_loudness_band_ratio": {
        "max": [0.88263630867, 0.949887812138, 0.856547355652, 0.661500573158, 0.16982601583, 0.10518682003],
        "mean": [0.18144787848, 0.189436897635, 0.265684515238, 0.312377303839, 0.0496625974774, 0.0271193832159],
        "min": [2.47841744567e-05, 0.000350790389348, 0.0233293138444, 0.0159608833492, 0.00198974483646, 0.000951520982198],
        "stdev": [0.2596976161, 0.294122815132, 0.200822234154, 0.186690896749, 0.0415258295834, 0.0262337066233]
    },
    "beats_position": [0.452789098024, 0.9287981987, 1.4164172411, 1.90403628349, 2.41487526894, 2.92571425438, 3.42494320869, 3.92417216301, 4.43501138687, 4.93424034119, 5.4334692955, 5.9675283432, 6.5015873909, 7.03564596176, 7.56970500946, 8.10376358032, 8.63782310486, 9.17188167572, 9.70594120026, 10.2399997711, 10.7392292023, 11.2384576797, 11.7376871109, 12.2601356506, 12.7709751129, 13.2818136215, 13.8274831772, 14.3847618103, 14.9768705368, 15.5689792633, 16.1610889435, 16.7415866852, 17.3220863342, 17.9025840759, 18.483083725, 19.0635814667, 19.6556911469, 20.247800827],
