{
"metadata": {
    "version": {
        "essentia": "2.1-beta5",
        "essentia_git_sha": "Undefined",
        "extractor": "music 2.0"
    },
    "audio_properties": {
        "analysis": {
            "equal_loudness": 0,
            "length": 12.7477550507,
            "sample_rate": 44100,
            "start_time": 0,
            "downmix": "mix"
        },
        "bit_rate": 192000,
        "length": 195.001190186,
        "lossless": 0,
        "number_channels": 2,
        "replay_gain": 9.74664115906,
        "sample_rate": 48000,
        "codec": "mp3",
        "md5_encoded": "5c0160779c1ba483daa6b1fb7a02b811"
    },
    "tags": {
        "file_name": "Armenia_Not Alone_Aram MP3.mp3",
        "encoding": ["Lavf58.29.100"]
    }
},
"lowlevel": {
    "average_loudness": 0.663797855377,
    "barkbands_crest": {
        "max": 24.751953125,
        "mean": 11.9912929535,
        "min": 2.99739050865,
        "stdev": 5.63902902603
    },
    "barkbands_flatness_db": {
        "max": 0.454601556063,
        "mean": 0.218365982175,
        "min": 0.0444716736674,
        "stdev": 0.0726474672556
    },
    "barkbands_kurtosis": {
        "max": 130.523590088,
        "mean": 8.63023662567,
        "min": -1.61190354824,
        "stdev": 17.5304069519
    },
    "barkbands_skewness": {
        "max": 10.4513092041,
        "mean": 1.91779410839,
        "min": -1.87721669674,
        "stdev": 1.94351017475
    },
    "barkbands_spread": {
        "max": 65.3773345947,
        "mean": 14.6214017868,
        "min": 0.886219978333,
        "stdev": 9.22927951813
    },
    "dissonance": {
        "max": 0.499715805054,
        "mean": 0.471027940512,
        "min": 0.339981466532,
        "stdev": 0.0282281879336
    },
    "dynamic_complexity": 4.63356971741,
    "erbbands_crest": {
        "max": 25.4360866547,
        "mean": 8.98396682739,
        "min": 2.94732809067,
        "stdev": 4.3356218338
    },
    "erbbands_flatness_db": {
        "max": 0.332246899605,
        "mean": 0.234138101339,
        "min": 0.0853139162064,
        "stdev": 0.0337238796055
    },
    "erbbands_kurtosis": {
        "max": 8.32718753815,
        "mean": 0.560479700565,
        "min": -1.49280774593,
        "stdev": 1.37795102596
    },
    "erbbands_skewness": {
        "max": 2.20377635956,
        "mean": 0.349379211664,
        "min": -1.14766871929,
        "stdev": 0.579633951187
    },
    "erbbands_spread": {
        "max": 73.2744216919,
        "mean": 26.214050293,
        "min": 7.18051052094,
        "stdev": 11.2644777298
    },
    "hfc": {
        "max": 53.8329086304,
        "mean": 11.9006795883,
        "min": 1.10794622653e-16,
        "stdev": 10.6115159988
    },
    "loudness_ebu128": {
        "integrated": -31.2325439453,
        "loudness_range": 4.66312599182,
        "momentary": {
            "max": -27.063085556,
            "mean": -34.5307388306,
            "min": -46.2977828979,
            "stdev": 5.55099582672
        },
        "short_term": {
            "max": -29.0614757538,
            "mean": -31.9494132996,
            "min": -40.1329421997,
            "stdev": 2.20779156685
        }
    },
    "melbands_crest": {
        "max": 37.1852760315,
        "mean": 17.6759223938,
        "min": 1.92294490337,
        "stdev": 8.91875362396
    },
    "melbands_flatness_db": {
        "max": 0.579423189163,
        "mean": 0.282450884581,
        "min": 0.00358331482857,
        "stdev": 0.100392542779
    },
    "melbands_kurtosis": {
        "max": 326.638458252,
        "mean": 18.749048233,
        "min": -1.34547793865,
        "stdev": 34.4342689514
    },
    "melbands_skewness": {
        "max": 15.8586502075,
        "mean": 2.82070350647,
        "min": -0.404396981001,
        "stdev": 2.52602052689
    },
    "melbands_spread": {
        "max": 133.569290161,
        "mean": 18.7197303772,
        "min": 0.647147476673,
        "stdev": 15.585893631
    },
    "pitch_salience": {
        "max": 0.911098778248,
        "mean": 0.508259892464,
        "min": 0.0735340863466,
        "stdev": 0.190723478794
    },
    "silence_rate_20dB": {
        "max": 1,
        "mean": 0.998181819916,
        "min": 0,
        "stdev": 0.0426010601223
    },
    "silence_rate_30dB": {
        "max": 1,
        "mean": 0.8490909338,
        "min": 0,
        "stdev": 0.357960402966
    },
    "silence_rate_60dB": {
        "max": 1,
        "mean": 0.205454543233,
        "min": 0,
        "stdev": 0.404034048319
    },
    "spectral_centroid": {
        "max": 11398.9873047,
        "mean": 1190.33874512,
        "min": 304.946746826,
        "stdev": 643.667724609
    },
    "spectral_complexity": {
        "max": 43,
        "mean": 16.3799991608,
        "min": 0,
        "stdev": 9.63889789581
    },
    "spectral_decrease": {
        "max": -1.55735510128e-29,
        "mean": -1.28595694093e-08,
        "min": -1.11442787443e-07,
        "stdev": 1.80998060983e-08
    },
    "spectral_energy": {
        "max": 0.422552615404,
        "mean": 0.0496144406497,
        "min": 1.01081777816e-20,
        "stdev": 0.0688752606511
    },
    "spectral_energyband_high": {
        "max": 0.00333290733397,
        "mean": 0.000174980581505,
        "min": 7.37574091656e-21,
        "stdev": 0.000289658171823
    },
    "spectral_energyband_low": {
        "max": 0.404064744711,
        "mean": 0.036711383611,
        "min": 2.92846246381e-23,
        "stdev": 0.0643879473209
    },
    "spectral_energyband_middle_high": {
        "max": 0.0198457408696,
        "mean": 0.00350118568167,
        "min": 1.38948086774e-21,
        "stdev": 0.00354699417949
    },
    "spectral_energyband_middle_low": {
        "max": 0.0952324196696,
        "mean": 0.00992338638753,
        "min": 3.7829348869e-22,
        "stdev": 0.0158047061414
    },
    "spectral_entropy": {
        "max": 9.79280376434,
        "mean": 7.41661310196,
        "min": 6.439037323,
        "stdev": 0.367136359215
    },
    "spectral_flux": {
        "max": 0.4650400877,
        "mean": 0.102423168719,
        "min": 1.00539430947e-10,
        "stdev": 0.082875944674
    },
    "spectral_kurtosis": {
        "max": 25.3925304413,
        "mean": 5.02804517746,
        "min": -1.19549560547,
        "stdev": 4.01748275757
    },
    "spectral_rms": {
        "max": 0.0203038528562,
        "mean": 0.00557381054386,
        "min": 3.14032437207e-12,
        "stdev": 0.00416377000511
    },
    "spectral_rolloff": {
        "max": 18755.4199219,
        "mean": 1011.19842529,
        "min": 43.06640625,
        "stdev": 1386.11474609
    },
    "spectral_skewness": {
        "max": 3.27777886391,
        "mean": 1.37412810326,
        "min": -0.0472046397626,
        "stdev": 0.454614400864
    },
    "spectral_spread": {
        "max": 40776728,
        "mean": 2664347,
        "min": 1723904.75,
        "stdev": 1792199.25
    },
    "spectral_strongpeak": {
        "max": 5.37106561661,
        "mean": 0.512949466705,
        "min": 0,
        "stdev": 0.500443458557
    },
    "zerocrossingrate": {
        "max": 0.58837890625,
        "mean": 0.0397185720503,
        "min": 0.0029296875,
        "stdev": 0.0433611758053
    },
    "barkbands": {
        "max": [0.130851462483, 0.31255659461, 0.160242110491, 0.052184022963, 0.0602553412318, 0.0287751182914, 0.0155542949215, 0.0069176084362, 0.0173742026091, 0.0109505606815, 0.0051753083244, 0.0129478573799, 0.00276741874404, 0.00210398738272, 0.00172250485048, 0.00517683429644, 0.00140440627001, 0.000712939770892, 0.00179893174209, 0.00194029533304, 0.000961342942901, 0.00167609890923, 0.00047990042367, 0.000138731324114, 2.5428882509e-05, 6.93428603427e-08, 3.21494617594e-08],
        "mean": [0.00568865798414, 0.0267264600843, 0.00374019844458, 0.0019365058979, 0.00299210986122, 0.00128925580066, 0.000731516222004, 0.000878558901604, 0.00179040455259, 0.000823590438813, 0.000408756313846, 0.000715173373464, 0.000385382270906, 0.000388176820707, 0.000247073767241, 0.000237630491029, 0.000166838508449, 0.000114342379675, 0.000148038496263, 7.24288474885e-05, 5.49949108972e-05, 5.13520863024e-05, 2.10065827559e-05, 5.84117879043e-06, 1.69408735928e-07, 3.36790817457e-09, 3.29994875869e-09],
        "min": [5.60968613806e-24, 1.32812196018e-23, 5.34291665131e-24, 2.07061803901e-23, 2.96181550289e-23, 9.32380894063e-23, 1.51667230675e-22, 4.96398234566e-23, 3.14618176277e-23, 1.63587837187e-23, 3.50940803341e-23, 5.11820212828e-23, 7.0494712016e-23, 1.21734528404e-22, 1.11268590868e-22, 1.97809055551e-22, 1.79220741077e-22, 2.74427972453e-22, 2.09776504624e-22, 3.39956716719e-22, 5.25708317323e-22, 5.27238934671e-22, 4.67550108755e-22, 8.71941867736e-22, 1.14020486066e-21, 1.66154382258e-21, 2.1139077152e-21],
        "stdev": [0.0139572992921, 0.052147321403, 0.0105625279248, 0.00532748922706, 0.00796451419592, 0.00366331171244, 0.00180869339965, 0.00117091124412, 0.0021334902849, 0.00108333514072, 0.000666353153065, 0.00172693398781, 0.000436138827354, 0.000373800750822, 0.000243159913225, 0.000414405396441, 0.000164795608725, 0.000131154680275, 0.000233065409702, 0.000134653892019, 9.63705970207e-05, 0.000116620205517, 4.99498419231e-05, 1.60532435984e-05, 1.55871020979e-06, 4.63106220039e-09, 3.4018923234e-09]
    },
    "erbbands": {
        "max": [20.4842414856, 44.7260398865, 158.211395264, 149.468170166, 114.690368652, 277.957366943, 304.284423828, 310.261108398, 160.270751953, 216.794250488, 137.727706909, 494.749938965, 359.265167236, 167.583190918, 190.285705566, 533.036865234, 155.553314209, 99.5969085693, 120.36315918, 190.673568726, 126.139907837, 92.8168411255, 35.5422935486, 67.3563690186, 79.0476837158, 93.2086486816, 41.9640617371, 56.5893669128, 49.4622955322, 53.8819580078, 11.1558504105, 4.83139657974, 1.13858103752, 0.541810810566, 0.0525116547942, 0.00200587254949, 0.000138239789521, 3.01153686451e-05, 0.000185153694474, 0.000455053435871],
        "mean": [1.28816103935, 3.96616601944, 4.37979221344, 6.29421901703, 6.36196327209, 11.2166194916, 11.9789266586, 10.6515436172, 8.38049507141, 17.4654865265, 19.7048854828, 43.0922889709, 30.5062103271, 21.7065410614, 15.6104774475, 29.8280754089, 22.1631774902, 18.832233429, 17.220457077, 14.1276874542, 10.6875648499, 9.95011615753, 6.67123174667, 6.78717947006, 6.01786661148, 3.58190107346, 2.35259199142, 2.30302500725, 1.92102003098, 1.04789364338, 0.535496473312, 0.236951872706, 0.0364937782288, 0.00485654454678, 0.000409268948715, 5.62730601814e-05, 2.30671921599e-05, 5.1102292673e-06, 2.36166815739e-05, 5.48367279407e-05],
        "min": [4.62468683322e-22, 2.45215067262e-21, 5.3251904703e-21, 3.89530562626e-20, 8.11520920335e-20, 8.76519157282e-20, 5.76363579299e-19, 6.83601548657e-19, 1.40497702377e-18, 1.89708145263e-18, 1.48169957655e-18, 7.29366091528e-19, 5.48117274235e-19, 9.33108948206e-19, 1.63242108654e-18, 2.04332760532e-18, 4.07763439247e-18, 6.38543066477e-18, 3.34962921984e-18, 9.44845483046e-18, 1.02982513881e-17, 1.15866753549e-17, 1.62987734072e-17, 8.38611173284e-18, 1.48007079588e-17, 1.36036824867e-17, 2.1937269905e-17, 1.99747193816e-17, 1.7576732712e-17, 1.64302719635e-17, 1.48954648067e-17, 1.83835464835e-17, 1.52933998927e-17, 1.33981735994e-17, 7.44439969267e-18, 5.48095953655e-18, 2.99240858397e-18, 1.33715390041e-18, 2.87394132761e-19, 3.22699635946e-20],
        "stdev": [2.82823324203, 7.33818244934, 10.3939619064, 16.7115364075, 13.9030590057, 33.2096710205, 36.3253364563, 29.7466011047, 17.2975063324, 33.6557312012, 21.0876522064, 55.4836845398, 38.384979248, 25.0587558746, 23.6465682983, 71.1216964722, 28.313993454, 18.3333358765, 16.8997993469, 17.8656425476, 12.9928026199, 10.1221094131, 7.06386852264, 8.68423461914, 9.73410415649, 6.46788263321, 4.18034648895, 4.12700080872, 4.0676202774, 2.89792013168, 1.32480168343, 0.621297240257, 0.104002766311, 0.0327467061579, 0.00319445924833, 0.000123986828839, 2.34599756368e-05, 4.28860221291e-06, 3.07420377794e-05, 7.45662910049e-05]
    },
    "gfcc": {
        "mean": [-90.5425262451, 168.683074951, -174.167984009, 41.1740188599, -41.0765838623, 1.52465391159, 11.5789432526, -12.216006279, 14.7762708664, -12.8226480484, -7.09944200516, -11.3209495544, -8.62093353271],
        "cov": [[10983.0566406, 1456.94189453, 52.7917747498, 1201.46118164, -275.748748779, 541.674438477, 16.0356521606, -306.846313477, 180.504333496, -608.20904541, 501.950775146, -243.330322266, 305.976135254], [1456.94189453, 842.143371582, 343.965667725, 80.1999740601, 270.858184814, -286.500640869, 96.8848648071, -158.374862671, -36.3767662048, 29.5952224731, -45.1154174805, 74.0884094238, 57.3824806213], [52.7917747498, 343.965667725, 971.467773438, 204.651535034, 321.254974365, -19.4755420685, 69.9531707764, 12.7141122818, -38.9373893738, 22.1723747253, 52.1436004639, 31.3285236359, 139.377426147], [1201.46118164, 80.1999740601, 204.651535034, 373.109863281, 95.5281295776, 236.497055054, 53.3623809814, 7.60058927536, 72.1061477661, -91.2380523682, 119.620475769, -19.691116333, 88.6061019897], [-275.748748779, 270.858184814, 321.254974365, 95.5281295776, 508.409667969, 11.6303930283, 268.593505859, 111.290847778, 60.5080604553, 136.157211304, -24.2759284973, 87.1924819946, 65.0321426392], [541.674438477, -286.500640869, -19.4755420685, 236.497055054, 11.6303930283, 477.684753418, 91.4208221436, 143.631027222, 111.09853363, -103.917373657, 137.937347412, -78.8082199097, 32.0620918274], [16.0356521606, 96.8848648071, 69.9531707764, 53.3623809814, 268.593505859, 91.4208221436, 279.045379639, 141.412307739, 91.6944732666, 64.7275772095, -4.722843647, 14.177942276, 10.0249795914], [-306.846313477, -158.374862671, 12.7141122818, 7.60058927536, 111.290847778, 143.631027222, 141.412307739, 227.682022095, 96.1443786621, 58.0199699402, 34.8108787537, -32.0717658997, 8.28824996948], [180.504333496, -36.3767662048, -38.9373893738, 72.1061477661, 60.5080604553, 111.09853363, 91.6944732666, 96.1443786621, 126.188949585, 17.131603241, 51.0789413452, -2.47999119759, 4.00842571259], [-608.20904541, 29.5952224731, 22.1723747253, -91.2380523682, 136.157211304, -103.917373657, 64.7275772095, 58.0199699402, 17.131603241, 154.11541748, -35.5587005615, 65.7712478638, 6.83068370819], [501.950775146, -45.1154174805, 52.1436004639, 119.620475769, -24.2759284973, 137.937347412, -4.722843647, 34.8108787537, 51.0789413452, -35.5587005615, 139.146514893, -8.78691959381, 46.9466934204], [-243.330322266, 74.0884094238, 31.3285236359, -19.691116333, 87.1924819946, -78.8082199097, 14.177942276, -32.0717658997, -2.47999119759, 65.7712478638, -8.78691959381, 102.921638489, 30.368938446], [305.976135254, 57.3824806213, 139.377426147, 88.6061019897, 65.0321426392, 32.0620918274, 10.0249795914, 8.28824996948, 4.00842571259, 6.83068370819, 46.9466934204, 30.368938446, 93.433921814]],
        "icov": [[0.000730286294129, -0.00239350926131, 0.000817295513116, -0.00158538366668, 0.00168868922628, -0.000896327139344, -0.000248946802458, -0.000659125042148, 0.000398203264922, -4.53279699286e-06, -0.000606936926488, 0.000999894109555, -0.00145666662138], [-0.00239350926131, 0.0116730770096, -0.0029799209442, 0.00466336356476, -0.00754747539759, 0.00643304456025, -0.00133908051066, 0.0058238375932, -0.00289089977741, 0.00160917127505, 0.00059480255004, -0.000992212560959, 0.00339479418471], [0.000817295513116, -0.0029799209442, 0.00295137171634, -0.00247190915979, 0.000209169214941, -0.000388793734601, 0.000702031480614, -0.00167219433933, 0.00199950463139, 0.000455089029856, -0.00155280786566, 0.00208190828562, -0.00285946531221], [-0.00158538366668, 0.00466336356476, -0.00247190915979, 0.0124651566148, -0.00582464411855, -0.00125649210531, 0.00118857063353, 0.00546244392172, -0.00566529389471, 0.00298180081882, -0.000200998154469, 1.86635606951e-05, -0.00181272928603], [0.00168868922628, -0.00754747539759, 0.000209169214941, -0.00582464411855, 0.0139665259048, -0.00437776837498, -0.00605777418241, -0.00364182703197, 0.0029773444403, -0.00524467555806, 0.00224281125702, -0.00276627461426, -0.00290101254359], [-0.000896327139344, 0.00643304456025, -0.000388793734601, -0.00125649210531, -0.00437776837498, 0.0106395427138, -0.0019650675822, -0.000218488101382, -0.00135449739173, 0.00537597155198, -0.00330491713248, 0.00103078759275, 0.0013728607446], [-0.000248946802458, -0.00133908051066, 0.000702031480614, 0.00118857063353, -0.00605777418241, -0.0019650675822, 0.013365354389, -0.0051691303961, -0.00284280348569, 0.00136729434598, 0.0022889142856, -0.000936149735935, 0.00255461782217], [-0.000659125042148, 0.0058238375932, -0.00167219433933, 0.00546244392172, -0.00364182703197, -0.000218488101382, -0.0051691303961, 0.0195249821991, -0.0083985934034, -0.00599332666025, -0.00158443383407, 0.0103173740208, -0.00443046865985], [0.000398203264922, -0.00289089977741, 0.00199950463139, -0.00566529389471, 0.0029773444403, -0.00135449739173, -0.00284280348569, -0.0083985934034, 0.0205530058593, -0.0024212510325, -0.00463251862675, -0.00438745832071, 0.00535277929157], [-4.53279699286e-06, 0.00160917127505, 0.000455089029856, 0.00298180081882, -0.00524467555806, 0.00537597155198, 0.00136729434598, -0.00599332666025, -0.0024212510325, 0.021192708984, -0.000784561736509, -0.00764977140352, -0.000854280311614], [-0.000606936926488, 0.00059480255004, -0.00155280786566, -0.000200998154469, 0.00224281125702, -0.00330491713248, 0.0022889142856, -0.00158443383407, -0.00463251862675, -0.000784561736509, 0.0168584603816, -0.00384600111283, -0.00336724868976], [0.000999894109555, -0.000992212560959, 0.00208190828562, 1.86635606951e-05, -0.00276627461426, 0.00103078759275, -0.000936149735935, 0.0103173740208, -0.00438745832071, -0.00764977140352, -0.00384600111283, 0.0263129062951, -0.0109040848911], [-0.00145666662138, 0.00339479418471, -0.00285946531221, -0.00181272928603, -0.00290101254359, 0.0013728607446, 0.00255461782217, -0.00443046865985, 0.00535277929157, -0.000854280311614, -0.00336724868976, -0.0109040848911, 0.0261085703969]]
    },
    "melbands": {
        "max": [0.128011703491, 0.0608392767608, 0.0237741824239, 0.0104644019157, 0.012677911669, 0.00628665834665, 0.0028598648496, 0.00227425992489, 0.00170645525213, 0.00267085805535, 0.00187380774878, 0.000775700027589, 0.000595433113631, 0.000665267638396, 0.00151481642388, 0.000306303438265, 0.000212494240259, 0.000225863739615, 0.000115899303637, 0.00053028552793, 6.70779481879e-05, 0.000121921599202, 5.18503329658e-05, 3.68542314391e-05, 5.91358839301e-05, 9.70265318756e-05, 6.72513706377e-05, 6.17260084255e-05, 3.26253248204e-05, 2.01488473976e-05, 3.28241258103e-05, 2.47179068538e-05, 3.86592764698e-05, 2.30271416513e-05, 7.6566448115e-06, 4.94399137096e-06, 2.72652368949e-06, 1.08244307739e-06, 2.90486326548e-07, 5.49968490304e-07],
        "mean": [0.00945195741951, 0.00310978060588, 0.00106683548074, 0.00059718999546, 0.000486275384901, 0.000236392588704, 0.000138491916005, 0.00020430063887, 0.000184008327778, 0.000265441311058, 0.000146878344822, 8.882763359e-05, 5.1284856454e-05, 5.43440291949e-05, 8.29406490084e-05, 4.01884462917e-05, 3.42066196026e-05, 2.98519662465e-05, 1.81001141755e-05, 1.95277389139e-05, 1.06259831227e-05, 1.06494917418e-05, 7.69342113927e-06, 4.72238707516e-06, 5.51207222088e-06, 6.24242011327e-06, 2.45820660894e-06, 2.39584551309e-06, 1.58740635925e-06, 1.2128095932e-06, 1.37154449931e-06, 1.08323524728e-06, 9.59375142884e-07, 4.72288235187e-07, 3.35076947522e-07, 2.18365173055e-07, 1.13296330539e-07, 2.63354955621e-08, 5.26171062276e-09, 2.95373103754e-09],
        "min": [3.91444574641e-24, 3.51645713669e-24, 8.44543598849e-24, 5.37433934775e-24, 1.72037689219e-23, 1.70586264039e-23, 2.42621302703e-23, 1.70699923118e-23, 1.14872505069e-23, 4.08984660211e-24, 2.72658944774e-24, 3.59991033742e-24, 5.42534038856e-24, 4.56433144824e-24, 8.40871845766e-24, 8.86325616694e-24, 1.16599566137e-23, 4.41021484863e-24, 9.21304734751e-24, 1.2920478243e-23, 1.21886835357e-23, 9.88245499016e-24, 1.52972546193e-23, 1.26251003211e-23, 5.7990734976e-24, 8.64394889099e-24, 1.05734931988e-23, 9.15410129409e-24, 1.28103359057e-23, 1.52509989713e-23, 1.00098363048e-23, 1.04775961117e-23, 9.85901083291e-24, 8.07660170567e-24, 7.86028736799e-24, 1.01957195442e-23, 1.08095724465e-23, 8.75215457477e-24, 1.28809799775e-23, 1.10224946823e-23],
        "stdev": [0.0192258283496, 0.00554782245308, 0.00257662893273, 0.00148561305832, 0.00148841901682, 0.000652327027638, 0.000315872282954, 0.000358948891517, 0.0002183085453, 0.000321907486068, 0.000196342036361, 0.000104679471406, 7.62626514188e-05, 9.29681191337e-05, 0.000200326088816, 4.63577416667e-05, 3.41500526702e-05, 3.07726986648e-05, 1.76437351911e-05, 3.94809030695e-05, 1.12399920909e-05, 1.16745504783e-05, 8.19005344965e-06, 5.44302292838e-06, 7.40139603295e-06, 1.14174954433e-05, 4.71701969218e-06, 4.56399720861e-06, 2.96123448607e-06, 2.1318569452e-06, 2.67720292868e-06, 2.17455317397e-06, 2.8411088806e-06, 1.28374767883e-06, 8.37976187995e-07, 6.03891464834e-07, 2.97921388892e-07, 8.37142835053e-08, 2.42806006412e-08, 3.18796544718e-08]
    },
    "melbands128": {
        "max": [0.104201480746, 0.221351861954, 0.136288076639, 0.0609348155558, 0.0790962129831, 0.073861785233, 0.0361137390137, 0.0210391506553, 0.0104145091027, 0.012635672465, 0.0183805339038, 0.0223669540137, 0.00990794226527, 0.0108088254929, 0.0102742817253, 0.00399492215365, 0.00133003329393, 0.00410499796271, 0.00484915450215, 0.00301184877753, 0.00277830660343, 0.00189132173546, 0.00110583682545, 0.00454053888097, 0.00602121185511, 0.00221891794354, 0.00197436800227, 0.00234557618387, 0.00231297872961, 0.00114826357458, 0.00134179834276, 0.000749825208914, 0.000620633247308, 0.00125920877326, 0.000390923116356, 0.000266352930339, 0.00282624759711, 0.00251231738366, 0.000476484710816, 0.000775686115958, 0.00050778122386, 0.000312027899781, 0.000297358841635, 0.000322515814332, 0.000380792596843, 0.000292391661787, 0.000251946679782, 0.000158462338732, 8.83609754965e-05, 0.000203432311537, 0.00114612292964, 0.00031332304934, 0.000103685037175, 8.29458513181e-05, 6.74611947034e-05, 0.000247826392297, 9.29139059735e-05, 5.88327020523e-05, 0.000113667345431, 6.1659491621e-05, 3.55781812686e-05, 7.35847279429e-05, 9.39696619753e-05, 7.50917533878e-05, 0.000180569215445, 0.000168370708707, 7.50277686166e-05, 9.94813599391e-05, 2.7982670872e-05, 0.000101816025563, 5.10222889716e-05, 7.2022266977e-05, 5.39161119377e-05, 3.4464905184e-05, 2.88538976747e-05, 1.72651070898e-05, 2.48011801887e-05, 7.00910168234e-05, 2.40921253862e-05, 4.27090853918e-05, 2.27239943342e-05, 3.22109444824e-05, 4.27211743954e-05, 4.424610961e-05, 4.98408262501e-05, 3.47332279489e-05, 1.7048083464e-05, 1.12010584417e-05, 9.34616673476e-06, 1.12795960376e-05, 6.56871952742e-06, 1.25193218992e-05, 4.29517967859e-06, 3.44123759533e-06, 1.65953440501e-06, 2.71815611086e-06, 4.78670472148e-07, 4.63451328869e-07, 3.62358036909e-07, 2.80845767975e-07, 1.13638020593e-06, 6.5336081434e-07, 1.59516446274e-07, 8.84049171646e-08, 4.40263931978e-08, 1.56969406362e-08, 2.85050227866e-09, 2.51242626703e-09, 2.02598146593e-10, 1.95118005086e-10, 1.87964782628e-10, 1.83763421147e-10, 1.77167877591e-10, 1.7314455425e-10, 1.60481322675e-10, 1.57554511104e-10, 1.52381635088e-10, 1.4647491553e-10, 1.49312243125e-10, 1.44213155306e-10, 1.38284328433e-10, 1.35283076408e-10, 1.34702166088e-10, 1.34644462246e-10, 1.28450847181e-10, 1.22325274909e-10, 1.19740092841e-10, 1.18760612455e-10],
        "mean": [0.0050498675555, 0.012311251834, 0.0107707325369, 0.00516190659255, 0.00233341311105, 0.00184886541683, 0.00135907484218, 0.000837273837533, 0.000598298909608, 0.000504642841406, 0.000654863368254, 0.00070105138002, 0.00033674313454, 0.000384420709452, 0.000281444808934, 0.000134862435516, 0.000103865088022, 0.000120955977764, 0.000224220246309, 0.000167914127815, 0.000247014104389, 0.000157011192641, 0.000104207756522, 0.000288483250188, 0.000361965125194, 0.000215158142964, 0.000172909072717, 0.000147094600834, 0.000121897821373, 9.06818531803e-05, 9.15938217076e-05, 5.37405248906e-05, 4.35095207649e-05, 5.88743641856e-05, 3.2885625842e-05, 2.68465537374e-05, 0.00012745836284, 0.000112409848953, 3.50281516148e-05, 4.40933035861e-05, 4.20847864007e-05, 3.38146710419e-05, 3.47374334524e-05, 3.1429779483e-05, 3.84752893297e-05, 2.96379184874e-05, 2.05466822081e-05, 1.79221697181e-05, 1.60784220498e-05, 1.97152094188e-05, 2.47547341132e-05, 1.32642826429e-05, 1.11618737719e-05, 9.47881653701e-06, 8.83482425706e-06, 1.30719390654e-05, 9.63991988101e-06, 7.85006250226e-06, 7.83279574534e-06, 5.56282702746e-06, 4.10491020375e-06, 4.28046996603e-06, 4.77130242871e-06, 4.07865718444e-06, 1.01342648122e-05, 7.1392105383e-06, 3.8396869968e-06, 2.61607738139e-06, 2.15272189052e-06, 2.09111976801e-06, 2.329192057e-06, 3.05793560074e-06, 1.59989099302e-06, 1.46592572037e-06, 1.21326695535e-06, 9.91361730485e-07, 1.2763008499e-06, 1.60405159022e-06, 1.14998499612e-06, 1.60280899308e-06, 9.39201470374e-07, 8.60478735376e-07, 1.3518074411e-06, 1.10667826902e-06, 5.12475196501e-07, 4.03412173e-07, 5.40430221463e-07, 4.581879125e-07, 3.21465932984e-07, 2.41591010308e-07, 2.18419941689e-07, 2.54212125128e-07, 1.46209899299e-07, 1.26552592405e-07, 7.53466977699e-08, 3.67606247664e-08, 1.59981343728e-08, 1.03201021062e-08, 4.48279457999e-09, 1.97924965306e-09, 5.49001599737e-09, 3.33610761238e-09, 4.26541441056e-10, 2.05860606339e-10, 1.43329736968e-10, 5.72970559887e-11, 3.98697359849e-11, 3.19070846133e-11, 2.14698207129e-11, 2.09930510475e-11, 2.11477675649e-11, 1.96716323786e-11, 1.75320730156e-11, 1.68834859288e-11, 1.6382308704e-11, 1.64528442953e-11, 1.65589660039e-11, 1.57955488966e-11, 1.57816017199e-11, 1.51985680985e-11, 1.46018960812e-11, 1.46143097624e-11, 1.48477653783e-11, 1.45662319012e-11, 1.21876944301e-11, 8.15438081642e-12, 6.07733178018e-12, 5.75739195902e-12],
        "min": [2.93514494399e-24, 4.56644244002e-24, 3.06194861526e-24, 4.9727795647e-24, 2.13684275424e-24, 3.55925915168e-24, 6.96232226641e-24, 1.187214442e-23, 8.36189561863e-24, 3.8576394782e-24, 3.39932549176e-24, 7.62015179755e-24, 1.56968899762e-23, 3.87699607377e-23, 1.54086796444e-23, 2.89676587487e-24, 1.95331284469e-23, 2.14782716902e-23, 4.18786249069e-23, 2.23500292548e-23, 1.51937686903e-24, 1.0784989963e-23, 1.78701418166e-23, 4.93223684734e-24, 4.42500046858e-24, 2.58393716645e-24, 5.55214189046e-24, 1.23471325594e-24, 1.70855360271e-24, 4.36530973046e-24, 2.34963837785e-24, 6.41346598072e-24, 5.32557354431e-24, 4.96166490898e-24, 6.07683339448e-24, 2.71555979178e-24, 4.71840308278e-24, 8.23158684114e-24, 1.21162345501e-23, 8.90865826748e-24, 3.77714608358e-24, 1.35155144461e-23, 1.97963839527e-23, 4.55419774105e-24, 5.95142738752e-24, 1.63432119989e-24, 6.32626135195e-24, 6.56395658118e-24, 9.52567450197e-24, 2.11307973942e-23, 1.01924079061e-23, 1.00689503856e-23, 1.34243599908e-23, 1.5169134142e-23, 3.32008954143e-24, 7.2319896337e-24, 1.81164510125e-23, 1.53859557172e-23, 8.82623334694e-24, 2.49640697478e-23, 9.76840858023e-24, 1.02446352312e-23, 5.2453613786e-24, 5.87276138919e-24, 3.95492377718e-24, 5.32130659567e-24, 1.33780822546e-23, 1.6505376163e-23, 8.30540371148e-24, 6.08463601769e-24, 5.43469194016e-24, 1.40036726183e-23, 1.37357249678e-23, 9.52911156893e-24, 1.39502036262e-23, 2.06633673311e-23, 1.23166541294e-23, 1.2030903466e-23, 9.65009916597e-24, 6.72942528364e-24, 1.5033480043e-23, 8.51121278849e-24, 7.21019735119e-24, 1.09643627333e-23, 1.1662739715e-23, 9.53237350878e-24, 6.57256897011e-24, 5.39053229555e-24, 8.08326363602e-24, 7.98952487237e-24, 1.22680894855e-23, 5.0180373037e-24, 1.78349175995e-23, 1.39229074611e-23, 4.42392919547e-24, 5.90735372874e-24, 8.30783261421e-24, 1.60626169359e-23, 1.2221190127e-23, 1.09437766191e-23, 1.37488768568e-23, 7.03400290143e-24, 1.44783081369e-23, 1.19282095534e-23, 5.09547386231e-24, 6.86835867741e-24, 6.97728695778e-24, 1.16478168332e-23, 1.30304990957e-23, 7.61629111228e-24, 3.65073585668e-24, 9.71820704994e-24, 1.12921462723e-23, 7.14219123027e-24, 1.57206441557e-23, 1.13053265603e-23, 1.0696272299e-23, 7.89140240868e-24, 1.02127439514e-23, 7.27764338086e-24, 9.81600923611e-24, 7.5379793125e-24, 1.23140303781e-23, 8.33457105459e-24, 9.88293935075e-24, 8.27217373471e-24, 9.47774094679e-24, 1.08686115855e-23],
        "stdev": [0.0124021684751, 0.0287471190095, 0.0213767699897, 0.00958196632564, 0.00537836784497, 0.00528241042048, 0.00389228155836, 0.00221875705756, 0.00135032564867, 0.00141363008879, 0.0021061305888, 0.00246086274274, 0.00109005067497, 0.00127403321676, 0.00088948442135, 0.000316864665365, 0.000184260628885, 0.00032642527367, 0.000692251836881, 0.000368498673197, 0.000422495300882, 0.000260091328528, 0.000143695899169, 0.000481077790027, 0.00060907372972, 0.00031357826083, 0.000255195714999, 0.000240498207859, 0.000217282620724, 0.000135735870572, 0.000142882869113, 8.97276986507e-05, 6.93208276061e-05, 0.000139793002745, 4.61025883851e-05, 3.52137285518e-05, 0.000363008351997, 0.000330263777869, 4.57372188976e-05, 6.91002060194e-05, 6.0421811213e-05, 4.21910735895e-05, 4.31206208305e-05, 4.00121134589e-05, 4.67583995487e-05, 3.95435381506e-05, 2.79024643532e-05, 2.144379323e-05, 1.70958519448e-05, 2.65599355771e-05, 7.727764023e-05, 2.1328442017e-05, 1.50782825585e-05, 1.13914020403e-05, 1.04923037725e-05, 1.97558183572e-05, 1.17103791126e-05, 9.57932024903e-06, 1.17694034998e-05, 7.84512121754e-06, 5.20108551427e-06, 6.87166493663e-06, 8.15425028122e-06, 6.12091525909e-06, 2.19943667616e-05, 1.81852592505e-05, 8.20637887955e-06, 6.99340853316e-06, 3.46656656802e-06, 5.56428449272e-06, 4.61595800516e-06, 6.86630664859e-06, 3.48682692675e-06, 3.39654866366e-06, 2.59525427282e-06, 1.83558404387e-06, 2.21725122174e-06, 3.88650960303e-06, 2.54143651546e-06, 4.61316085421e-06, 1.97640133592e-06, 2.4419480269e-06, 3.97122676077e-06, 3.78347090191e-06, 2.24029463425e-06, 1.62002345405e-06, 1.30619082483e-06, 1.10155019684e-06, 9.30566670831e-07, 8.14442330466e-07, 6.39698441773e-07, 8.71231009114e-07, 4.7662047109e-07, 3.69097477915e-07, 2.09533396855e-07, 1.59458664939e-07, 5.16567624231e-08, 4.7315143803e-08, 2.80130105779e-08, 1.40981066821e-08, 6.40859596501e-08, 3.8672489211e-08, 6.96046642545e-09, 3.77406861318e-09, 1.96286786824e-09, 6.70212552123e-10, 1.87269352803e-10, 1.29626503975e-10, 2.20690826724e-11, 2.08651759065e-11, 2.02610376393e-11, 1.98647400612e-11, 1.95379060153e-11, 1.84738301046e-11, 1.78051028782e-11, 1.71987441649e-11, 1.67471991136e-11, 1.58522240473e-11, 1.57236203224e-11, 1.54289012122e-11, 1.49347513523e-11, 1.44087354895e-11, 1.41417910368e-11, 1.40623372322e-11, 1.37522146448e-11, 1.34853543263e-11, 1.33790305223e-11, 1.33039404146e-11]
    },
    "mfcc": {
        "mean": [-710.282531738, 182.538070679, -57.8264732361, 45.315071106, -26.5830421448, 31.0500106812, -9.51714038849, 22.2294864655, 6.3677611351, 17.1177597046, 8.70371437073, 2.32884979248, -2.42122745514],
        "cov": [[6898.57373047, 150.441970825, 592.536071777, 451.653381348, 9.79265785217, 645.335327148, -114.077133179, 599.796569824, -509.57598877, 298.787322998, -528.10748291, 311.477844238, -340.551879883], [150.441970825, 1234.72290039, 55.1377182007, 516.088500977, 50.7785377502, 8.03279781342, 96.5234146118, -217.399169922, 189.498535156, -245.102264404, 151.491348267, -129.499389648, 101.670890808], [592.536071777, 55.1377182007, 632.155700684, 117.640396118, 169.695953369, 70.4252700806, 52.8902778625, 42.5989151001, -96.1996154785, 18.4681377411, -105.951698303, 70.3715515137, -103.613113403], [451.653381348, 516.088500977, 117.640396118, 430.458404541, 105.016471863, 118.372207642, 73.3616867065, -30.5365867615, 94.8351516724, -86.0396270752, 40.1679153442, -28.0732803345, 46.8997077942], [9.79265785217, 50.7785377502, 169.695953369, 105.016471863, 215.102371216, 83.2493209839, 125.270561218, 46.6327857971, 73.7628860474, 27.6317977905, 16.3888244629, 48.7806358337, 7.965051651], [645.335327148, 8.03279781342, 70.4252700806, 118.372207642, 83.2493209839, 248.235916138, 67.3420028687, 168.846130371, 4.31589126587, 65.8523101807, -27.9744205475, 49.1329231262, -7.9200925827], [-114.077133179, 96.5234146118, 52.8902778625, 73.3616867065, 125.270561218, 67.3420028687, 226.954498291, 71.9946975708, 153.968429565, 51.0937385559, 96.4201202393, 31.1155223846, 6.84383535385], [599.796569824, -217.399169922, 42.5989151001, -30.5365867615, 46.6327857971, 168.846130371, 71.9946975708, 288.835235596, -9.21777820587, 200.894180298, -22.394077301, 100.268768311, -47.8129310608], [-509.57598877, 189.498535156, -96.1996154785, 94.8351516724, 73.7628860474, 4.31589126587, 153.968429565, -9.21777820587, 260.370330811, -7.8086566925, 177.516540527, -22.9505748749, 65.4710159302], [298.787322998, -245.102264404, 18.4681377411, -86.0396270752, 27.6317977905, 65.8523101807, 51.0937385559, 200.894180298, -7.8086566925, 241.696044922, -5.36151123047, 109.079711914, -47.3321037292], [-528.10748291, 151.491348267, -105.951698303, 40.1679153442, 16.3888244629, -27.9744205475, 96.4201202393, -22.394077301, 177.516540527, -5.36151123047, 200.905014038, -24.6332969666, 68.1084594727], [311.477844238, -129.499389648, 70.3715515137, -28.0732803345, 48.7806358337, 49.1329231262, 31.1155223846, 100.268768311, -22.9505748749, 109.079711914, -24.6332969666, 121.963104248, -24.5658130646], [-340.551879883, 101.670890808, -103.613113403, 46.8997077942, 7.965051651, -7.9200925827, 6.84383535385, -47.8129310608, 65.4710159302, -47.3321037292, 68.1084594727, -24.5658130646, 107.791107178]],
        "icov": [[0.000377227872377, -0.000194255742826, 1.28524279717e-05, -0.000401802535634, 0.000400211109081, -0.000453878921689, 0.000127117222291, -0.000488044257509, 0.00031393347308, 0.000128332016175, 0.000408955471357, -0.000705823476892, 0.000721143733244], [-0.000194255742826, 0.00245753163472, -0.000181804774911, -0.00248601473868, 0.000771543825977, 0.000515016203281, -0.000906819070224, 0.00104921299499, -2.83367844531e-05, 0.00053583929548, -0.00114613829646, 0.000697174749803, -0.000385429739254], [1.28524279717e-05, -0.000181804774911, 0.00331116095185, -0.00079513899982, -0.00288334395736, 0.000580204708967, -0.000385609659133, -0.000172181375092, 0.00225956272334, 0.000706429884303, -0.000555146310944, -0.000867283088155, 0.00303555699065], [-0.000401802535634, -0.00248601473868, -0.00079513899982, 0.00761703541502, -0.00169797288254, -0.00274603953585, 0.00113256182522, 0.00101515813731, -0.00223468593322, -0.000153382134158, 0.000873891403899, 0.000794650928583, -0.00178207235876], [0.000400211109081, 0.000771543825977, -0.00288334395736, -0.00169797288254, 0.0122364750132, -0.00233321031556, -0.0042804768309, 0.00146839092486, -0.00290686869994, -0.000329220638378, 0.00332153192721, -0.00315416464582, -0.00284518161789], [-0.000453878921689, 0.000515016203281, 0.000580204708967, -0.00274603953585, -0.00233321031556, 0.0121258422732, -0.0011421131203, -0.00852524489164, 0.000913970754482, 0.00364828109741, 0.000855431484524, 0.000738804927096, -0.00213816645555], [0.000127117222291, -0.000906819070224, -0.000385609659133, 0.00113256182522, -0.0042804768309, -0.0011421131203, 0.0124323265627, -0.00195073673967, -0.00558202201501, -2.62432513409e-05, -0.00167065870482, -0.000920834892895, 0.00319593027234], [-0.000488044257509, 0.00104921299499, -0.000172181375092, 0.00101515813731, 0.00146839092486, -0.00852524489164, -0.00195073673967, 0.0174827128649, -0.000607822614256, -0.010130523704, -0.000600209692493, 0.000578055041842, 0.000436766131315], [0.00031393347308, -2.83367844531e-05, 0.00225956272334, -0.00223468593322, -0.00290686869994, 0.000913970754482, -0.00558202201501, -0.000607822614256, 0.0163062382489, 0.000332700903527, -0.00905219465494, 0.00116320955567, 0.000756264198571], [0.000128332016175, 0.00053583929548, 0.000706429884303, -0.000153382134158, -0.000329220638378, 0.00364828109741, -2.62432513409e-05, -0.010130523704, 0.000332700903527, 0.0154347615317, -0.00185742392205, -0.00678793806583, 0.00264838640578], [0.000408955471357, -0.00114613829646, -0.000555146310944, 0.000873891403899, 0.00332153192721, 0.000855431484524, -0.00167065870482, -0.000600209692493, -0.00905219465494, -0.00185742392205, 0.0165551137179, -0.000137025752338, -0.00469259731472], [-0.000705823476892, 0.000697174749803, -0.000867283088155, 0.000794650928583, -0.00315416464582, 0.000738804927096, -0.000920834892895, 0.000578055041842, 0.00116320955567, -0.00678793806583, -0.000137025752338, 0.0178053285927, -0.003007451538], [0.000721143733244, -0.000385429739254, 0.00303555699065, -0.00178207235876, -0.00284518161789, -0.00213816645555, 0.00319593027234, 0.000436766131315, 0.000756264198571, 0.00264838640578, -0.00469259731472, -0.003007451538, 0.0186395663768]]
    },
    "spectral_contrast_coeffs": {
        "max": [-0.529982089996, -0.558821320534, -0.623207211494, -0.680337488651, -0.593586564064, -0.431819021702],
        "mean": [-0.748763918877, -0.766245663166, -0.783403992653, -0.828149139881, -0.796883106232, -0.587147653103],
        "min": [-0.966608285904, -0.968801259995, -0.954376041889, -0.960766196251, -0.957076668739, -0.95680642128],
        "stdev": [0.0762650966644, 0.0710533708334, 0.0487711057067, 0.0381562486291, 0.050242446363, 0.0577947124839]
    },
    "spectral_contrast_valleys": {
        "max": [-4.67011642456, -5.24338102341, -5.62196493149, -5.9243721962, -6.28584337234, -9.53950309753],
        "mean": [-7.13480567932, -6.82684659958, -7.19155788422, -7.40584897995, -8.07559013367, -13.7306976318],
        "min": [-27.2371292114, -27.0260848999, -27.5089206696, -27.2517166138, -27.4101409912, -27.3751525879],
        "stdev": [1.62185716629, 1.22882771492, 1.24248898029, 1.23324584961, 1.28631711006, 1.18064200878]
    }
},
"rhythm": {
    "beats_count": 32,
    "beats_loudness": {
        "max": 0.246828347445,
        "mean": 0.0460623763502,
        "min": 0.000567898387089,
        "stdev": 0.053783159703
    },
    "bpm": 165.406295776,
    "bpm_histogram_first_peak_bpm": 167,
    "bpm_histogram_first_peak_weight": 0,
    "bpm_histogram_second_peak_bpm": 157,
    "bpm_histogram_second_peak_spread": 0.333333313465,
    "bpm_histogram_second_peak_weight": 0.193548381329,
    "danceability": 0.85750579834,
    "onset_rate": 1.09723329544,
    "beats_loudness_band_ratio": {
        "max": [0.968402445316, 0.676882624626, 0.655052185059, 0.606556713581, 0.415617465973, 0.0566682741046],
        "mean": [0.526258409023, 0.0756379663944, 0.188975155354, 0.145285010338, 0.0736169144511, 0.0156072331592],
        "min": [0.0147061739117, 0.0035823690705, 0.0138635318726, 0.00395541964099, 0.00195297517348, 0.000693151319865],
        "stdev": [0.346216827631, 0.145937353373, 0.179015815258, 0.146491020918, 0.089385330677, 0.0146602932364]
    },
    "beats_position": [0.383129239082, 0.766258478165, 1.14938771725, 1.53251695633, 1.91564619541, 2.29877543449, 2.68190479279, 3.08825397491, 3.48299312592, 3.87773227692, 4.27247142792, 4.69043064117, 5.10838985443, 5.53795909882, 5.94430828094, 6.35065746307, 6.7570066452, 7.16335582733, 7.51165533066, 7.87156438828, 8.2198638916, 8.57977294922, 8.93968200684, 9.29959201813, 9.65950107574, 10.0310201645, 10.4025392532, 10.7624483109, 11.1223583221, 11.4938774109, 11.8537864685, 12.2136955261],
