{
"metadata": {
    "version": {
        "essentia": "2.1-beta5",
        "essentia_git_sha": "Undefined",
        "extractor": "music 2.0"
    },
    "audio_properties": {
        "analysis": {
            "equal_loudness": 0,
            "length": 29.0017242432,
            "sample_rate": 44100,
            "start_time": 113.742950439,
            "downmix": "mix"
        },
        "bit_rate": 192000,
        "length": 222.029205322,
        "lossless": 0,
        "number_channels": 2,
        "replay_gain": 3.13265800476,
        "sample_rate": 48000,
        "codec": "mp3",
        "md5_encoded": "3c73f39f24b32ac10392839af57de1aa"
    },
    "tags": {
        "file_name": "Netherlands_Calm After The Storm_The Common Linnets.mp3",
        "encoding": ["Lavf58.29.100"]
    }
},
"lowlevel": {
    "average_loudness": 0.970810234547,
    "barkbands_crest": {
        "max": 25.1520862579,
        "mean": 12.9860887527,
        "min": 4.5278339386,
        "stdev": 4.21054410934
    },
    "barkbands_flatness_db": {
        "max": 0.470680713654,
        "mean": 0.283775806427,
        "min": 0.148061200976,
        "stdev": 0.0597751513124
    },
    "barkbands_kurtosis": {
        "max": 81.0165100098,
        "mean": 12.9799594879,
        "min": -1.23345923424,
        "stdev": 10.9042806625
    },
    "barkbands_skewness": {
        "max": 7.6770529747,
        "mean": 2.60477638245,
        "min": 0.00222168280743,
        "stdev": 1.12950122356
    },
    "barkbands_spread": {
        "max": 77.6215209961,
        "mean": 8.58461284637,
        "min": 0.871996045113,
        "stdev": 8.50447368622
    },
    "dissonance": {
        "max": 0.499891042709,
        "mean": 0.43757969141,
        "min": 0.299765527248,
        "stdev": 0.0339289046824
    },
    "dynamic_complexity": 2.13750958443,
    "erbbands_crest": {
        "max": 27.4723415375,
        "mean": 10.7256383896,
        "min": 2.67583751678,
        "stdev": 4.5455121994
    },
    "erbbands_flatness_db": {
        "max": 0.343223929405,
        "mean": 0.230898454785,
        "min": 0.133952379227,
        "stdev": 0.037257194519
    },
    "erbbands_kurtosis": {
        "max": 24.1374015808,
        "mean": 2.66287398338,
        "min": -1.84615015984,
        "stdev": 3.57878112793
    },
    "erbbands_skewness": {
        "max": 3.65647172928,
        "mean": 1.32411444187,
        "min": -2.01888585091,
        "stdev": 0.835055291653
    },
    "erbbands_spread": {
        "max": 123.37311554,
        "mean": 34.2706985474,
        "min": 5.23189544678,
        "stdev": 20.1827583313
    },
    "hfc": {
        "max": 46.327419281,
        "mean": 13.1950893402,
        "min": 0.836667478085,
        "stdev": 8.91621017456
    },
    "loudness_ebu128": {
        "integrated": -25.6721897125,
        "loudness_range": 2.50074195862,
        "momentary": {
            "max": -22.8351745605,
            "mean": -25.8370780945,
            "min": -30.0632801056,
            "stdev": 1.20235729218
        },
        "short_term": {
            "max": -24.1419353485,
            "mean": -25.8094463348,
            "min": -27.4953136444,
            "stdev": 0.823098123074
        }
    },
    "melbands_crest": {
        "max": 28.1443138123,
        "mean": 15.534784317,
        "min": 5.74753284454,
        "stdev": 4.27938985825
    },
    "melbands_flatness_db": {
        "max": 0.622827708721,
        "mean": 0.364339441061,
        "min": 0.160877019167,
        "stdev": 0.0887997373939
    },
    "melbands_kurtosis": {
        "max": 172.482116699,
        "mean": 25.5279788971,
        "min": -0.196826934814,
        "stdev": 21.0245704651
    },
    "melbands_skewness": {
        "max": 10.6829109192,
        "mean": 3.37510585785,
        "min": 0.0513872988522,
        "stdev": 1.51455676556
    },
    "melbands_spread": {
        "max": 48.3372383118,
        "mean": 7.23034906387,
        "min": 0.829315781593,
        "stdev": 6.05895996094
    },
    "pitch_salience": {
        "max": 0.812112987041,
        "mean": 0.516362667084,
        "min": 0.183880925179,
        "stdev": 0.114981271327
    },
    "silence_rate_20dB": {
        "max": 1,
        "mean": 1,
        "min": 1,
        "stdev": 0
    },
    "silence_rate_30dB": {
        "max": 1,
        "mean": 0.970399975777,
        "min": 0,
        "stdev": 0.169480383396
    },
    "silence_rate_60dB": {
        "max": 0,
        "mean": 0,
        "min": 0,
        "stdev": 0
    },
    "spectral_centroid": {
        "max": 3241.15844727,
        "mean": 611.036621094,
        "min": 195.965179443,
        "stdev": 432.194274902
    },
    "spectral_complexity": {
        "max": 36,
        "mean": 11.3903999329,
        "min": 3,
        "stdev": 4.75608873367
    },
    "spectral_decrease": {
        "max": -1.21612553361e-09,
        "mean": -1.22971455241e-08,
        "min": -5.96139457798e-08,
        "stdev": 7.26555748898e-09
    },
    "spectral_energy": {
        "max": 0.22733323276,
        "mean": 0.0476090870798,
        "min": 0.00468290504068,
        "stdev": 0.0278916750103
    },
    "spectral_energyband_high": {
        "max": 0.00548792909831,
        "mean": 0.00032698753057,
        "min": 2.36391727526e-07,
        "stdev": 0.000654385716189
    },
    "spectral_energyband_low": {
        "max": 0.188801452518,
        "mean": 0.0251991655678,
        "min": 0.000414569571149,
        "stdev": 0.0222929846495
    },
    "spectral_energyband_middle_high": {
        "max": 0.0318009145558,
        "mean": 0.001811072696,
        "min": 3.06440597342e-05,
        "stdev": 0.00329789286479
    },
    "spectral_energyband_middle_low": {
        "max": 0.164972350001,
        "mean": 0.0218743942678,
        "min": 0.00121241505258,
        "stdev": 0.0183986891061
    },
    "spectral_entropy": {
        "max": 8.08645153046,
        "mean": 6.77082014084,
        "min": 5.50227117538,
        "stdev": 0.489362031221
    },
    "spectral_flux": {
        "max": 0.37817299366,
        "mean": 0.10206413269,
        "min": 0.0182999204844,
        "stdev": 0.052498281002
    },
    "spectral_kurtosis": {
        "max": 80.545249939,
        "mean": 7.67694234848,
        "min": -1.23450303078,
        "stdev": 10.1607151031
    },
    "spectral_rms": {
        "max": 0.0148925660178,
        "mean": 0.00655565178022,
        "min": 0.00213744887151,
        "stdev": 0.00186315062456
    },
    "spectral_rolloff": {
        "max": 6524.56054688,
        "mean": 433.678161621,
        "min": 86.1328125,
        "stdev": 532.857727051
    },
    "spectral_skewness": {
        "max": 7.07829618454,
        "mean": 1.84219944477,
        "min": -0.355589866638,
        "stdev": 0.962010145187
    },
    "spectral_spread": {
        "max": 7200179,
        "mean": 3159540.75,
        "min": 675250.5625,
        "stdev": 1058168.5
    },
    "spectral_strongpeak": {
        "max": 5.88052940369,
        "mean": 0.742461204529,
        "min": 0.0405873395503,
        "stdev": 0.799966454506
    },
    "zerocrossingrate": {
        "max": 0.11181640625,
        "mean": 0.023391796276,
        "min": 0.00341796875,
        "stdev": 0.0162024199963
    },
    "barkbands": {
        "max": [0.0186627861112, 0.130219966173, 0.0553789660335, 0.0437064543366, 0.109766311944, 0.0392318554223, 0.0555352494121, 0.0115435319021, 0.0439484082162, 0.0261894650757, 0.00668659480289, 0.00867061130702, 0.0022990712896, 0.00453339749947, 0.00407661916688, 0.00533080101013, 0.00495836045593, 0.00250236759894, 0.00131178414449, 0.00103763479274, 0.00160608184524, 0.00329977320507, 0.0025577894412, 0.000790291116573, 5.57655948796e-06, 2.89459558189e-06, 3.09331744575e-06],
        "mean": [0.000301186140859, 0.0189319122583, 0.00446395855397, 0.00354250334203, 0.00752541329712, 0.00457456568256, 0.00454142829403, 0.000766812823713, 0.00078607845353, 0.000638287980109, 0.000201049406314, 0.000108748601633, 6.41103542875e-05, 0.000191607541637, 0.00011039191304, 0.00013210758334, 0.000130008163978, 0.000172884145286, 7.05543716322e-05, 6.97138675605e-05, 9.93549765553e-05, 9.22427789192e-05, 6.91877139616e-05, 2.49722234003e-05, 5.68151605762e-08, 3.96170163341e-09, 4.24603907589e-09],
        "min": [2.19089940856e-07, 4.74088737974e-05, 4.14970054408e-05, 5.86410715187e-06, 6.87860301696e-05, 2.56701132457e-05, 1.72054478753e-05, 8.53053188621e-06, 3.13597979584e-06, 1.77517620159e-06, 1.63324500591e-07, 1.73269631887e-06, 1.81846388614e-07, 5.44885210729e-07, 3.00506087569e-07, 1.50730727455e-06, 1.50506650698e-06, 1.17345116735e-07, 5.00765695577e-09, 7.49118367338e-09, 1.70866143456e-09, 7.41573968899e-10, 1.87464085921e-10, 1.57114724009e-10, 1.6112455814e-10, 2.37924929758e-10, 2.92488894216e-10],
        "stdev": [0.0006520965253, 0.0192528739572, 0.00506933126599, 0.00442207371816, 0.0106080872938, 0.0056787780486, 0.00666646333411, 0.00104786024895, 0.00269204424694, 0.00245201145299, 0.000609202950727, 0.000339819904184, 0.000169496619492, 0.000399038719479, 0.00032165684388, 0.000283498491626, 0.000418260227889, 0.000336194294505, 0.000129027495859, 0.000122664132505, 0.000163108183187, 0.000242892390816, 0.00020611200307, 7.17495349818e-05, 3.68458870526e-07, 8.18371148625e-08, 8.74439436416e-08]
    },
    "erbbands": {
        "max": [3.6505177021, 33.0728149414, 63.0593566895, 75.2171401978, 501.331390381, 260.286468506, 347.59576416, 280.357116699, 989.458862305, 263.962799072, 205.530761719, 1314.24609375, 882.92401123, 398.62701416, 152.524017334, 322.213775635, 125.992958069, 199.229568481, 213.274871826, 252.400405884, 331.335388184, 347.629089355, 185.030227661, 52.4420776367, 84.7943725586, 53.742931366, 56.3941688538, 79.8988494873, 120.067070007, 100.728279114, 44.7917366028, 28.7352848053, 6.01836681366, 0.346626937389, 0.0208326838911, 0.0115715758875, 0.00539109203964, 0.00191713671666, 0.000499621208292, 0.000246400362812],
        "mean": [0.495618253946, 4.36425113678, 6.53450775146, 8.25524711609, 24.5315818787, 19.3538894653, 35.8153800964, 32.6846618652, 76.8034057617, 24.7970638275, 15.7491769791, 17.4352912903, 19.5429725647, 12.8225898743, 5.59800243378, 4.29272508621, 3.46276164055, 6.96138525009, 8.5479516983, 6.61496257782, 6.73621416092, 7.69734764099, 10.3813934326, 4.52374410629, 3.71537804604, 3.30607295036, 4.51812696457, 3.47959303856, 3.38806629181, 2.60042119026, 1.80032515526, 0.989601552486, 0.152231693268, 0.00724944239482, 0.000374695169739, 7.65551594668e-05, 2.94581823255e-05, 7.18177852832e-06, 2.34615217778e-05, 5.30290126335e-05],
        "min": [0.00185066880658, 0.0140233887359, 0.0990105494857, 0.128585487604, 0.130081236362, 0.29983651638, 0.249584197998, 0.320533335209, 0.193513765931, 0.359708458185, 0.129909604788, 0.13401851058, 0.109181150794, 0.0523557439446, 0.0372185334563, 0.0961501300335, 0.0761739909649, 0.0716651752591, 0.0601983703673, 0.0785923823714, 0.104793377221, 0.117035575211, 0.025398036465, 0.0077581750229, 0.00204053800553, 0.00418152287602, 0.00107280246448, 0.000911412236746, 0.000282934197458, 5.95388082729e-05, 2.70545297099e-05, 1.6560754375e-05, 1.28949977807e-05, 9.79804372037e-06, 7.19200761523e-06, 4.20080868935e-06, 2.49543040809e-06, 5.42004670478e-07, 2.2158919819e-06, 5.14388921147e-06],
        "stdev": [0.536721348763, 4.49265146255, 6.48486566544, 8.52124881744, 40.8502845764, 23.8894042969, 45.2272186279, 37.5286750793, 119.609588623, 26.0889625549, 23.2212162018, 69.8232803345, 64.9198379517, 40.0341835022, 13.4792947769, 12.5721902847, 7.99639129639, 15.4370880127, 18.2413387299, 15.1706037521, 17.2719593048, 23.3458175659, 21.2300434113, 6.66583824158, 7.32908248901, 5.65437364578, 6.72606134415, 7.43152666092, 8.82507324219, 8.11765861511, 5.04007434845, 2.7986073494, 0.467349857092, 0.0254171974957, 0.00112282473128, 0.000342610204825, 0.000153637491167, 5.45121183677e-05, 1.85755980056e-05, 3.06387555611e-05]
    },
    "gfcc": {
        "mean": [-68.5348052979, 189.859176636, -117.094512939, 66.5433044434, -55.0622329712, -14.786362648, -11.3047199249, -24.7963619232, 16.6618614197, -15.5217857361, 1.90392065048, -7.4500412941, -0.243019625545],
        "cov": [[3216.38720703, -1349.20092773, -774.983764648, 685.64251709, -1109.94641113, 524.868103027, -372.158721924, 147.382095337, 103.121200562, -421.013153076, 506.404815674, -261.627410889, 72.7591705322], [-1349.20092773, 1111.72143555, 195.416671753, -592.388305664, 793.991516113, -397.745330811, 308.14730835, -94.6873703003, -56.6113510132, 243.856185913, -295.567016602, 143.674041748, -23.8034687042], [-774.983764648, 195.416671753, 538.251220703, -20.5886230469, 183.977294922, -46.3911933899, 35.1234130859, 9.95399284363, -18.7526359558, 95.7636642456, -61.4397315979, 54.8461265564, -9.64894676208], [685.64251709, -592.388305664, -20.5886230469, 468.529937744, -368.774688721, 181.019958496, -144.83531189, 54.6678352356, 71.8089675903, -124.32698822, 177.074645996, -53.6608161926, -1.78826522827], [-1109.94641113, 793.991516113, 183.977294922, -368.774688721, 794.580688477, -283.06628418, 238.225509644, -5.2054476738, -24.8963813782, 248.559173584, -238.909729004, 130.239990234, 8.07569217682], [524.868103027, -397.745330811, -46.3911933899, 181.019958496, -283.06628418, 335.355072021, -12.5068464279, 37.6741485596, 39.9325370789, -101.13949585, 97.0723800659, -63.746295929, 14.9020824432], [-372.158721924, 308.14730835, 35.1234130859, -144.83531189, 238.225509644, -12.5068464279, 320.12677002, -32.1436347961, -33.6951942444, 104.288459778, -151.030731201, 48.0851745605, -16.9659366608], [147.382095337, -94.6873703003, 9.95399284363, 54.6678352356, -5.2054476738, 37.6741485596, -32.1436347961, 165.779876709, 36.651599884, -26.9697875977, 61.517665863, -33.8197441101, 36.8293266296], [103.121200562, -56.6113510132, -18.7526359558, 71.8089675903, -24.8963813782, 39.9325370789, -33.6951942444, 36.651599884, 121.672462463, -20.1672058105, 36.6035842896, 22.4046993256, -6.04211711884], [-421.013153076, 243.856185913, 95.7636642456, -124.32698822, 248.559173584, -101.13949585, 104.288459778, -26.9697875977, -20.1672058105, 185.726593018, -63.8511505127, 46.9636802673, 14.9982328415], [506.404815674, -295.567016602, -61.4397315979, 177.074645996, -238.909729004, 97.0723800659, -151.030731201, 61.517665863, 36.6035842896, -63.8511505127, 256.221923828, -38.7283859253, 14.9507856369], [-261.627410889, 143.674041748, 54.8461265564, -53.6608161926, 130.239990234, -63.746295929, 48.0851745605, -33.8197441101, 22.4046993256, 46.9636802673, -38.7283859253, 108.385444641, -2.31509494781], [72.7591705322, -23.8034687042, -9.64894676208, -1.78826522827, 8.07569217682, 14.9020824432, -16.9659366608, 36.8293266296, -6.04211711884, 14.9982328415, 14.9507856369, -2.31509494781, 64.8335952759]],
        "icov": [[0.00139498512726, -0.000482873962028, 0.00159585976508, -0.00119002757128, 0.000849896518048, -0.000732342828996, 0.000161516902153, -0.000404542544857, 0.00020740609034, 0.000227071082918, -0.000673800066579, 0.000556087121367, -0.00106154487003], [-0.000482873962028, 0.0274141281843, -0.00777968671173, 0.0206552930176, -0.0151933776215, 0.0170737896115, -0.0159680601209, 0.0150405233726, -0.0147330239415, 0.0147203300148, -0.00955491699278, 0.00983816571534, -0.00695927813649], [0.00159585976508, -0.00777968671173, 0.00623455177993, -0.00731789181009, 0.004554127343, -0.00608623120934, 0.00543364556506, -0.00565077830106, 0.00554606318474, -0.00530241336673, 0.0027211913839, -0.0036615007557, 0.00252755894326], [-0.00119002757128, 0.0206552930176, -0.00731789181009, 0.0203013513237, -0.0103984922171, 0.0125555405393, -0.0118374703452, 0.0109828561544, -0.0126438010484, 0.0110538378358, -0.00780723709613, 0.00700370548293, -0.00422236602753], [0.000849896518048, -0.0151933776215, 0.004554127343, -0.0103984922171, 0.0131368124858, -0.00809182040393, 0.00791269354522, -0.010578840971, 0.00748187955469, -0.0108478851616, 0.00654302351177, -0.00704848952591, 0.0036088177003], [-0.000732342828996, 0.0170737896115, -0.00608623120934, 0.0125555405393, -0.00809182040393, 0.0170400887728, -0.0130751756951, 0.0104050822556, -0.0117933182046, 0.0111629972234, -0.00699264369905, 0.00863111205399, -0.00747078750283], [0.000161516902153, -0.0159680601209, 0.00543364556506, -0.0118374703452, 0.00791269354522, -0.0130751756951, 0.0162430070341, -0.0105857979506, 0.0111855557188, -0.0120146954432, 0.00883134547621, -0.00853630620986, 0.00820240750909], [-0.000404542544857, 0.0150405233726, -0.00565077830106, 0.0109828561544, -0.010578840971, 0.0104050822556, -0.0105857979506, 0.0195284392685, -0.0124769937247, 0.0120405321941, -0.00841800775379, 0.0111212478951, -0.0111091751605], [0.00020740609034, -0.0147330239415, 0.00554606318474, -0.0126438010484, 0.00748187955469, -0.0117933182046, 0.0111855557188, -0.0124769937247, 0.0209772754461, -0.00943973008543, 0.00605457182974, -0.011709542945, 0.0089525943622], [0.000227071082918, 0.0147203300148, -0.00530241336673, 0.0110538378358, -0.0108478851616, 0.0111629972234, -0.0120146954432, 0.0120405321941, -0.00943973008543, 0.0207524020225, -0.00844263564795, 0.00760798342526, -0.00999486725777], [-0.000673800066579, -0.00955491699278, 0.0027211913839, -0.00780723709613, 0.00654302351177, -0.00699264369905, 0.00883134547621, -0.00841800775379, 0.00605457182974, -0.00844263564795, 0.0120957735926, -0.00589053239673, 0.00484063709155], [0.000556087121367, 0.00983816571534, -0.0036615007557, 0.00700370548293, -0.00704848952591, 0.00863111205399, -0.00853630620986, 0.0111212478951, -0.011709542945, 0.00760798342526, -0.00589053239673, 0.0205039530993, -0.00778173375875], [-0.00106154487003, -0.00695927813649, 0.00252755894326, -0.00422236602753, 0.0036088177003, -0.00747078750283, 0.00820240750909, -0.0111091751605, 0.0089525943622, -0.00999486725777, 0.00484063709155, -0.00778173375875, 0.0257971584797]]
    },
    "melbands": {
        "max": [0.0366866476834, 0.0372046716511, 0.0264847446233, 0.027073379606, 0.0090709310025, 0.00617050938308, 0.0127522265539, 0.00248798797838, 0.00196101632901, 0.00874319951981, 0.00457838829607, 0.0021686644759, 0.000584899680689, 0.000296367710689, 0.00117833341938, 0.000231690704823, 0.000371776812244, 0.00043053724221, 0.000345287291566, 0.000277265440673, 0.000463478529127, 0.000413171655964, 9.394413064e-05, 0.000149302039063, 4.98402332596e-05, 6.68399225106e-05, 5.758100815e-05, 3.55238007614e-05, 5.68413997826e-05, 3.77705546271e-05, 6.14552991465e-05, 7.12838736945e-05, 6.32308147033e-05, 7.72619023337e-05, 2.64541013166e-05, 3.05226567434e-05, 1.49786319525e-05, 4.77908179164e-06, 1.20703020912e-06, 4.37267075881e-08],
        "mean": [0.00499054556713, 0.00416998518631, 0.00193250691518, 0.00170255510602, 0.00109290739056, 0.00087323790649, 0.00102711026557, 0.000216403699596, 0.000132519955514, 0.00010667929746, 0.000101694378827, 5.96553254582e-05, 2.09576046473e-05, 9.37413278734e-06, 1.35265554491e-05, 5.85955922361e-06, 1.47387427205e-05, 1.5677725969e-05, 8.54101290315e-06, 1.05373501356e-05, 6.89753687766e-06, 8.62043452798e-06, 6.22563948127e-06, 1.02703897937e-05, 2.74717353932e-06, 2.70042210104e-06, 2.33220544033e-06, 2.1546793505e-06, 2.88303954221e-06, 2.27350938076e-06, 1.95809479919e-06, 2.03861736736e-06, 1.59519538556e-06, 1.41794123465e-06, 1.08875485694e-06, 8.60659497448e-07, 4.81501444938e-07, 1.13664498258e-07, 1.44456553386e-08, 2.7828281346e-10],
        "min": [1.68294300238e-05, 5.34088612767e-05, 1.8197690224e-05, 2.62984831352e-05, 1.58879611263e-05, 9.69033408182e-06, 3.09176061819e-06, 4.52282392871e-07, 7.9795148622e-07, 4.18009278746e-07, 3.93924779019e-07, 7.85969405115e-08, 6.14951574107e-08, 2.02416416073e-07, 1.02229996912e-07, 1.06571825143e-07, 9.1461359375e-08, 7.47502397758e-08, 2.15882316468e-08, 1.25997601685e-07, 8.02830228963e-08, 7.72592230192e-08, 1.09465299047e-08, 6.39782316014e-09, 1.24528121148e-09, 2.09131809092e-10, 2.58305821177e-09, 1.45993009348e-10, 1.41122738495e-11, 3.89503256037e-11, 1.89945715406e-11, 1.45856399875e-11, 4.23445566805e-12, 4.39903669047e-12, 2.6407487308e-12, 2.77952075418e-12, 1.92625256024e-12, 1.31584478556e-12, 1.32015947653e-12, 1.20145267433e-12],
        "stdev": [0.00519925588742, 0.00382042559795, 0.00224658800289, 0.00251661427319, 0.0012568924576, 0.00102146621794, 0.00154337950516, 0.000268578442046, 0.00022326745966, 0.000475670123706, 0.000349707872374, 0.000203013842111, 5.41663212061e-05, 2.02040937438e-05, 4.839925532e-05, 1.74426131707e-05, 3.33112184308e-05, 3.55353658961e-05, 2.4564404157e-05, 2.14339161175e-05, 2.23851184273e-05, 3.0798593798e-05, 1.07533642222e-05, 2.25056919589e-05, 4.7623852879e-06, 5.36663401363e-06, 4.952267318e-06, 3.983417173e-06, 4.61431591248e-06, 3.82839061785e-06, 4.77295043311e-06, 5.49548758499e-06, 4.39589257439e-06, 4.93700144943e-06, 3.01356180898e-06, 2.60227943727e-06, 1.39667906751e-06, 3.68917113747e-07, 7.01847042706e-08, 2.28412444514e-09]
    },
    "melbands128": {
        "max": [0.0114839384332, 0.0235279873013, 0.0652583837509, 0.0606518760324, 0.0409282594919, 0.025475051254, 0.0147777115926, 0.0279354844242, 0.0660637542605, 0.0306535214186, 0.0147096859291, 0.0113856140524, 0.0147537756711, 0.0154943345115, 0.00885512307286, 0.00593233667314, 0.025027057156, 0.0135014597327, 0.00669250776991, 0.00274871056899, 0.0031047645025, 0.00183259835467, 0.00354467681609, 0.00568444421515, 0.0108660357073, 0.0142211625353, 0.00296210520901, 0.00813905429095, 0.00912466086447, 0.00292182015255, 0.00204169936478, 0.00167707633227, 0.00064111960819, 0.00111639476381, 0.000311304145725, 0.000162763943081, 0.0011712476844, 0.00247270334512, 0.000245043862378, 0.000245776085649, 0.000365351501387, 0.000584878318477, 0.000691619934514, 0.00077606231207, 0.00115153274965, 0.000720354961231, 0.000916978460737, 0.000734054599889, 0.000921297643799, 0.00025481270859, 0.000458985683508, 0.000359423836926, 0.000579817395192, 0.000597424863372, 0.000676513183862, 0.000774995831307, 0.000551557692233, 8.66324771778e-05, 0.000106251740362, 0.000388854939956, 0.000308488350129, 9.49297027546e-05, 0.000110050103103, 9.24060732359e-05, 5.8169294789e-05, 8.61163644004e-05, 0.000133985755383, 9.19565354707e-05, 0.00010413867858, 8.82062522578e-05, 8.43392481329e-05, 6.23881205684e-05, 0.000137170136441, 7.32632324798e-05, 5.07057484356e-05, 4.3054958951e-05, 6.52836170048e-05, 5.35304498044e-05, 8.39359199745e-05, 6.72761525493e-05, 8.42113222461e-05, 7.76565211709e-05, 7.33047054382e-05, 8.2790858869e-05, 6.49065550533e-05, 7.95640080469e-05, 0.000104701837699, 4.34600988228e-05, 3.08753405989e-05, 3.63551844202e-05, 3.93291629734e-05, 5.26384792465e-05, 2.13980620174e-05, 2.16477128561e-05, 8.99635233509e-06, 8.67125618242e-06, 4.92084654979e-06, 4.13719817516e-06, 8.36136962334e-07, 2.65818954404e-07, 8.11308566995e-08, 2.69875908288e-08, 2.58040593337e-08, 2.45577158609e-08, 2.35237802571e-08, 2.24579324026e-08, 2.1353653068e-08, 2.06376373768e-08, 1.98967597953e-08, 1.91461850818e-08, 1.82506134649e-08, 1.76293717402e-08, 1.7037542932e-08, 1.6305468975e-08, 1.58740416367e-08, 1.53895616251e-08, 1.49244545611e-08, 1.44010732228e-08, 1.40601956744e-08, 1.36088482705e-08, 1.33350770426e-08, 1.3077386285e-08, 1.27594308452e-08, 1.26831354308e-08, 1.2484562717e-08, 1.232576885e-08, 1.22042189687e-08, 1.21348930904e-08],
        "mean": [0.000264759437414, 0.00321571389213, 0.00773731153458, 0.00705718295649, 0.00417477777228, 0.00181440333836, 0.00145405030344, 0.00190577702597, 0.00282393139787, 0.00200795661658, 0.000711014785338, 0.000793605402578, 0.00138824514579, 0.00129995751195, 0.000519233581144, 0.000508235651068, 0.00182381516788, 0.00101643102244, 0.000302664499031, 0.000218343921006, 0.000213619656279, 7.48036472942e-05, 0.000148287028424, 0.0001579967211, 9.04527551029e-05, 0.00012624032388, 3.88903827115e-05, 9.32297552936e-05, 0.000181606563274, 4.62207899545e-05, 3.79544762836e-05, 3.23341701005e-05, 1.37248844112e-05, 2.13965122384e-05, 7.84718577052e-06, 3.99972032028e-06, 1.17014878924e-05, 2.39215914917e-05, 5.38319909538e-06, 4.83182611788e-06, 6.62983802613e-06, 6.40733014734e-06, 1.18971574921e-05, 1.81982522918e-05, 2.68650528596e-05, 1.2284942386e-05, 7.55543032938e-06, 1.10519722512e-05, 7.45364513932e-06, 5.84354302191e-06, 1.50877522174e-05, 1.02868771137e-05, 5.75282547288e-06, 5.55500173505e-06, 8.44827536639e-06, 1.10344963105e-05, 6.79438426232e-06, 4.29309602623e-06, 4.48053197033e-06, 1.22320534501e-05, 1.58441507665e-05, 3.88832449971e-06, 2.77750814348e-06, 2.65427024715e-06, 2.30978503168e-06, 2.62981393462e-06, 3.02387002193e-06, 2.80345352621e-06, 2.08665687751e-06, 1.74936508301e-06, 2.15315481e-06, 2.34137610278e-06, 2.35418383454e-06, 3.1856991427e-06, 3.45799548995e-06, 1.95275151782e-06, 2.01238049158e-06, 2.0304521513e-06, 1.73570606421e-06, 2.13446014641e-06, 2.31295052799e-06, 1.8930893475e-06, 1.67623534253e-06, 1.65891242432e-06, 1.45052752032e-06, 1.29328270759e-06, 1.572493602e-06, 1.31971478368e-06, 1.08342408112e-06, 8.71143470249e-07, 8.89994566933e-07, 8.76389151472e-07, 8.04173396318e-07, 5.11474070208e-07, 2.69212051762e-07, 1.53015292881e-07, 9.09552255735e-08, 3.69831276714e-08, 1.28053549986e-08, 2.20200391254e-09, 3.15076603696e-10, 9.48552139612e-11, 3.65311808581e-11, 3.37469531486e-11, 3.23044611894e-11, 3.15041603915e-11, 3.09014480671e-11, 2.85166144171e-11, 2.69961795973e-11, 2.59338522879e-11, 2.49784845585e-11, 2.41515349386e-11, 2.32836111502e-11, 2.23453564679e-11, 2.17619845755e-11, 2.12090605495e-11, 2.09104365767e-11, 2.00142558776e-11, 1.94105929247e-11, 1.88515852234e-11, 1.84318497964e-11, 1.81288265649e-11, 1.77791427414e-11, 1.74762183891e-11, 1.67305821974e-11, 1.57089549702e-11, 1.51199365528e-11, 1.49729360854e-11],
        "min": [1.4019414607e-07, 2.90444347684e-07, 1.55714842549e-05, 1.27253606479e-05, 7.26603548173e-06, 2.08298806683e-05, 6.218262115e-06, 2.28888143283e-06, 5.3382113947e-06, 4.74856324217e-06, 3.720692348e-06, 4.27200674835e-08, 9.36799324336e-07, 1.86494980881e-06, 1.04875607576e-06, 1.54693594823e-07, 1.19989977065e-06, 1.25338465295e-06, 9.16891281122e-07, 2.18984240519e-07, 2.55831025697e-07, 6.86609268996e-07, 5.01369697758e-07, 2.02699197871e-07, 1.35711744065e-07, 1.79257639843e-08, 4.61335005753e-08, 1.72366952711e-07, 6.52911751331e-08, 3.89080625496e-08, 9.27017662633e-09, 1.39681430866e-08, 1.34196884716e-08, 1.11332436603e-08, 2.67277844301e-08, 6.06796701774e-09, 7.76022019977e-08, 6.00402287887e-08, 1.25557013675e-08, 8.32266078277e-09, 4.00825106439e-09, 8.95643648136e-09, 2.34088393114e-08, 4.79136943454e-08, 3.2651140458e-08, 1.40322029551e-08, 5.07231501246e-09, 2.00282403995e-08, 2.22343636835e-08, 2.10184651905e-08, 6.34534984556e-08, 5.2787108018e-08, 1.83758466221e-08, 2.22146301354e-08, 1.34057982493e-08, 1.85121908913e-08, 2.74975011649e-08, 3.14360359965e-09, 1.41785871932e-09, 4.65379024206e-09, 1.1309897463e-09, 4.14708178909e-09, 6.51905252003e-10, 1.2342868394e-10, 3.2197522426e-11, 6.68374661172e-11, 1.9171200738e-10, 1.00523456226e-09, 1.11052424201e-10, 1.24406041024e-10, 3.60713577063e-11, 5.75851128934e-12, 9.92055222693e-12, 9.54058013147e-12, 3.21976690101e-12, 1.78372074056e-11, 4.5630631218e-11, 1.70450095011e-11, 1.59227787205e-11, 2.176324225e-11, 1.29294526474e-11, 1.23207347102e-11, 4.48387507679e-12, 4.39830680557e-12, 3.75008531173e-12, 2.67804680341e-12, 1.52191605672e-12, 1.84615495634e-12, 2.06594246918e-12, 2.61893610097e-12, 1.84841616839e-12, 1.86993562995e-12, 2.02888639049e-12, 1.36612238449e-12, 1.181917628e-12, 1.61465665057e-12, 7.57629798741e-13, 8.95022120653e-13, 1.05902320333e-12, 9.75834755883e-13, 8.99572950852e-13, 1.10741298943e-12, 6.87437465893e-13, 8.46906583491e-13, 6.39210852218e-13, 7.00559456366e-13, 8.5535999941e-13, 9.60740601658e-13, 7.94272471145e-13, 9.99406937416e-13, 8.76260273109e-13, 1.10722108565e-12, 8.70378367903e-13, 7.43977524986e-13, 9.29175356448e-13, 8.2424377653e-13, 8.68637356054e-13, 8.65313734295e-13, 9.72201269142e-13, 8.72162259948e-13, 9.42577071082e-13, 9.96438175027e-13, 8.59263723542e-13, 8.77973637802e-13, 8.34841256455e-13, 1.98529682819e-13, 2.54954985888e-14, 8.54731788531e-16],
        "stdev": [0.000483683339553, 0.00373096461408, 0.00871982239187, 0.00750208599493, 0.00424343673512, 0.00211895885877, 0.00166375690605, 0.00269315717742, 0.00534334825352, 0.00319623830728, 0.0010505480459, 0.0011108207982, 0.00195622281171, 0.00196043890901, 0.000875469937455, 0.000799630885012, 0.00315204588696, 0.00162528164219, 0.000506128766574, 0.000318654347211, 0.000330572976964, 0.000166002922924, 0.000322157546179, 0.000389149121474, 0.000489543133881, 0.0008544929442, 0.000166147277923, 0.00040974910371, 0.000803023634944, 0.000205020376598, 0.000155990841449, 0.000128796949866, 4.07266379625e-05, 7.08083753125e-05, 2.43825907091e-05, 1.05000162876e-05, 4.18991257902e-05, 0.000103370679426, 1.36446815304e-05, 1.66378067661e-05, 2.53729613178e-05, 3.31295486831e-05, 4.10575921705e-05, 5.25138384546e-05, 7.18589581084e-05, 4.60620103695e-05, 3.73559851141e-05, 3.76219541067e-05, 4.19601783506e-05, 1.97025128728e-05, 3.3417611121e-05, 3.1496721931e-05, 2.10798989428e-05, 2.57572191913e-05, 4.85994205519e-05, 5.11253674631e-05, 2.50106131716e-05, 9.08842775971e-06, 1.09729462565e-05, 3.79197081202e-05, 4.1878567572e-05, 9.23550123844e-06, 6.66495907353e-06, 6.57568944007e-06, 4.60906903754e-06, 6.17388423052e-06, 8.1402631622e-06, 7.10093354428e-06, 6.13530482951e-06, 4.87590386911e-06, 5.40541350347e-06, 5.03024284626e-06, 6.637799288e-06, 6.87465353622e-06, 6.56786778563e-06, 4.12180406784e-06, 4.74877424494e-06, 5.23042081113e-06, 5.33860929863e-06, 5.76089632887e-06, 6.84831229592e-06, 5.60797298021e-06, 4.50187144452e-06, 4.75466504213e-06, 5.05199659528e-06, 4.91475429953e-06, 6.26878863841e-06, 3.88325997847e-06, 2.98912527796e-06, 2.6994257496e-06, 2.81344728137e-06, 3.11283656629e-06, 2.32743650486e-06, 1.61927027875e-06, 8.62277545366e-07, 5.25389054928e-07, 3.24022721543e-07, 2.01647210929e-07, 6.4686503265e-08, 1.43193661373e-08, 3.63226937417e-09, 1.04967345926e-09, 7.30331961574e-10, 6.94624135988e-10, 6.6528782483e-10, 6.35271169003e-10, 6.0420263237e-10, 5.83588788405e-10, 5.62575874774e-10, 5.41335087867e-10, 5.15996356754e-10, 4.98415975159e-10, 4.81672868258e-10, 4.60973120786e-10, 4.48771020345e-10, 4.35047109448e-10, 4.2188605387e-10, 4.07106515166e-10, 3.97469696045e-10, 3.84707293799e-10, 3.7696626376e-10, 3.69675234868e-10, 3.6068442677e-10, 3.58525431565e-10, 3.52923801294e-10, 3.48458206734e-10, 3.45034584237e-10, 3.43076261844e-10]
    },
    "mfcc": {
        "mean": [-706.248413086, 194.665985107, 2.75404644012, 73.5554122925, -15.1688346863, 26.6780223846, -27.2646408081, 12.7935886383, -6.7765173912, 8.97225666046, -6.45534658432, 8.66234207153, -4.70917034149],
        "cov": [[4270.17138672, -2256.85058594, 78.518119812, -102.304496765, -596.917175293, 101.837104797, -495.339172363, 620.846252441, -845.119506836, 680.040771484, -616.157226562, 366.108123779, -515.887207031], [-2256.85058594, 2068.12182617, -561.479797363, 30.5839672089, 299.677825928, -86.9610366821, 362.827514648, -422.089935303, 613.723510742, -462.735076904, 406.361297607, -272.75378418, 294.454742432], [78.518119812, -561.479797363, 593.79095459, -45.1935653687, 13.0851316452, 5.22208309174, -70.1160736084, 89.2911682129, -170.656158447, 98.7203216553, -84.4985656738, 80.9474716187, -20.2756385803], [-102.304496765, 30.5839672089, -45.1935653687, 267.851043701, 22.4671554565, 6.74602508545, -18.3933639526, -18.5037155151, 17.4617195129, -29.4585227966, 47.7664108276, 8.966796875, 33.8996620178], [-596.917175293, 299.677825928, 13.0851316452, 22.4671554565, 351.049560547, -130.022796631, 41.9983177185, -87.6574630737, 113.854423523, -75.3893585205, 67.0685272217, 26.754327774, 49.3063163757], [101.837104797, -86.9610366821, 5.22208309174, 6.74602508545, -130.022796631, 250.617370605, 3.08565187454, 49.6514015198, 12.9682369232, 7.8963804245, 24.0369758606, -44.4037513733, 50.67162323], [-495.339172363, 362.827514648, -70.1160736084, -18.3933639526, 41.9983177185, 3.08565187454, 279.927093506, -127.532951355, 189.924362183, -70.5098724365, 89.9775085449, -47.0498809814, 31.8164539337], [620.846252441, -422.089935303, 89.2911682129, -18.5037155151, -87.6574630737, 49.6514015198, -127.532951355, 288.501342773, -166.198577881, 164.882400513, -100.14969635, 52.1352615356, -41.2365188599], [-845.119506836, 613.723510742, -170.656158447, 17.4617195129, 113.854423523, 12.9682369232, 189.924362183, -166.198577881, 422.501190186, -188.459075928, 181.991821289, -124.737129211, 128.282806396], [680.040771484, -462.735076904, 98.7203216553, -29.4585227966, -75.3893585205, 7.8963804245, -70.5098724365, 164.882400513, -188.459075928, 265.329833984, -124.904823303, 100.130378723, -107.566757202], [-616.157226562, 406.361297607, -84.4985656738, 47.7664108276, 67.0685272217, 24.0369758606, 89.9775085449, -100.14969635, 181.991821289, -124.904823303, 189.778366089, -86.5887680054, 108.563697815], [366.108123779, -272.75378418, 80.9474716187, 8.966796875, 26.754327774, -44.4037513733, -47.0498809814, 52.1352615356, -124.737129211, 100.130378723, -86.5887680054, 168.674499512, -84.598274231], [-515.887207031, 294.454742432, -20.2756385803, 33.8996620178, 49.3063163757, 50.67162323, 31.8164539337, -41.2365188599, 128.282806396, -107.566757202, 108.563697815, -84.598274231, 186.088928223]],
        "icov": [[0.00136729574297, 0.00106527947355, 0.00129671185277, 0.000268157367827, 0.000809464254417, -2.0189465431e-05, 0.000339665391948, -0.000521500071045, 0.000201144808671, -0.000426812213846, 0.000809770717751, -0.000598058570176, 0.000685016158968], [0.00106527947355, 0.00266569014639, 0.0021664830856, 0.000637048273347, -5.02300781591e-06, 0.000586559530348, -0.000608684960753, 7.80842965469e-05, 3.46633132722e-05, 0.000454720342532, -0.000556158076506, 5.97321195528e-05, -0.000591223943047], [0.00129671185277, 0.0021664830856, 0.00403894484043, 0.000883280299604, -6.22019579168e-05, 9.72643392743e-05, -0.000367489818018, -0.000262087269221, 0.000947128341068, -0.000127471372252, 0.000326087378198, -0.000748532998841, -0.000816489104182], [0.000268157367827, 0.000637048273347, 0.000883280299604, 0.00438789092004, 6.5789972723e-05, 2.27155032917e-05, 0.000508140365127, 0.000180117072887, 0.000263375957729, 0.000224297269597, -0.00166111555882, -0.00126853771508, -0.000697814335581], [0.000809464254417, -5.02300781591e-06, -6.22019579168e-05, 6.5789972723e-05, 0.00556071475148, 0.00229644728824, 0.000811404082924, -0.000204519034014, -0.00107631692663, -0.000258196843788, -0.0002220938768, -0.00277968635783, -0.00059089314891], [-2.0189465431e-05, 0.000586559530348, 9.72643392743e-05, 2.27155032917e-05, 0.00229644728824, 0.00618404848501, -0.000531878089532, -0.000744855147786, -0.000473582214909, -8.08213881101e-05, -0.00123103626538, 0.000231964571867, -0.0022407467477], [0.000339665391948, -0.000608684960753, -0.000367489818018, 0.000508140365127, 0.000811404082924, -0.000531878089532, 0.00652781734243, 0.0015763140982, -0.00239090365358, -0.00176088605076, -0.000397702329792, -0.000689927779604, 0.00148393656127], [-0.000521500071045, 7.80842965469e-05, -0.000262087269221, 0.000180117072887, -0.000204519034014, -0.000744855147786, 0.0015763140982, 0.00723862787709, 9.8719210655e-05, -0.00332888425328, 0.000337553850841, 0.000670826353598, -0.0019233484054], [0.000201144808671, 3.46633132722e-05, 0.000947128341068, 0.000263375957729, -0.00107631692663, -0.000473582214909, -0.00239090365358, 9.8719210655e-05, 0.00640076538548, 0.00115597364493, -0.00184999674093, 0.00124878983479, -0.000694463786203], [-0.000426812213846, 0.000454720342532, -0.000127471372252, 0.000224297269597, -0.000258196843788, -8.08213881101e-05, -0.00176088605076, -0.00332888425328, 0.00115597364493, 0.00937223993242, 0.000191104263649, -0.00160128669813, 0.0014775020536], [0.000809770717751, -0.000556158076506, 0.000326087378198, -0.00166111555882, -0.0002220938768, -0.00123103626538, -0.000397702329792, 0.000337553850841, -0.00184999674093, 0.000191104263649, 0.014032131061, 0.00140928290784, -0.00215992960148], [-0.000598058570176, 5.97321195528e-05, -0.000748532998841, -0.00126853771508, -0.00277968635783, 0.000231964571867, -0.000689927779604, 0.000670826353598, 0.00124878983479, -0.00160128669813, 0.00140928290784, 0.0114104030654, 0.00191565672867], [0.000685016158968, -0.000591223943047, -0.000816489104182, -0.000697814335581, -0.00059089314891, -0.0022407467477, 0.00148393656127, -0.0019233484054, -0.000694463786203, 0.0014775020536, -0.00215992960148, 0.00191565672867, 0.0117970528081]]
    },
    "spectral_contrast_coeffs": {
        "max": [-0.463653028011, -0.478245526552, -0.475366801023, -0.540922999382, -0.568944513798, -0.344662845135],
        "mean": [-0.713860809803, -0.710591197014, -0.770818650723, -0.790637791157, -0.790583491325, -0.591734290123],
        "min": [-0.876144111156, -0.926499068737, -0.906274557114, -0.904439210892, -0.902153849602, -0.929397702217],
        "stdev": [0.0725167170167, 0.0735333189368, 0.0743956416845, 0.0637272968888, 0.0546731837094, 0.0705102533102]
    },
    "spectral_contrast_valleys": {
        "max": [-4.64383506775, -5.03479290009, -6.05390644073, -6.33562994003, -6.26135444641, -9.66071987152],
        "mean": [-5.80790758133, -6.53474330902, -8.05427074432, -8.38820552826, -8.38359832764, -13.3985843658],
        "min": [-8.32747173309, -8.11913490295, -9.78728294373, -9.72917842865, -11.8513994217, -15.7455606461],
        "stdev": [0.432030946016, 0.481111049652, 0.560344278812, 0.518353939056, 0.832170128822, 1.34906280041]
    }
},
"rhythm": {
    "beats_count": 55,
    "beats_loudness": {
        "max": 0.115006074309,
        "mean": 0.0615427531302,
        "min": 0.0201674271375,
        "stdev": 0.0224809329957
    },
    "bpm": 116.208129883,
    "bpm_histogram_first_peak_bpm": 117,
    "bpm_histogram_first_peak_weight": 0.477272689342,
    "bpm_histogram_second_peak_bpm": 108,
    "bpm_histogram_second_peak_spread": 0.600000023842,
    "bpm_histogram_second_peak_weight": 0.074074074626,
    "danceability": 1.16957569122,
    "onset_rate": 3.23988962173,
    "beats_loudness_band_ratio": {
        "max": [0.959144115448, 0.670469522476, 0.334489434958, 0.199397161603, 0.0647624284029, 0.137101486325],
        "mean": [0.678114056587, 0.302318066359, 0.112267903984, 0.0144070610404, 0.0103464964777, 0.00994816888124],
        "min": [0.25292083621, 0.0232042651623, 0.013078414835, 0.000714049208909, 0.000573632190935, 0.00012116261496],
        "stdev": [0.180631145835, 0.187434211373, 0.0873689800501, 0.0283319018781, 0.0126748196781, 0.0220322422683]
    },
    "beats_position": [0.522448956966, 1.06811785698, 1.62539684772, 2.18267560005, 2.73995471001, 3.29723358154, 3.84290242195, 4.37696123123, 4.8994102478, 5.41024923325, 5.92108821869, 6.45514726639, 6.96598625183, 7.47682523727, 7.98766422272, 8.498503685, 9.03256225586, 9.55501079559, 10.077460289, 10.5882987976, 11.0991382599, 11.6099767685, 12.1324262619, 12.6548748016, 13.177324295, 13.6997728348, 14.2106122971, 14.7214508057, 15.2322902679, 15.7431287766, 16.2539672852, 16.7880268097, 17.3104763031, 17.8329238892, 18.3437633514, 18.8662128448, 19.3886623383, 19.8994998932, 20.4103393555, 20.9327888489, 21.4552383423, 21.9660758972, 22.4769153595, 22.9993648529, 23.5218143463, 24.0326519012, 24.5551013947, 25.0775508881, 25.6000003815, 26.1108379364, 26.6332874298, 27.1441268921, 27.6549663544, 28.1774139404, 28.6998634338],
