{
"metadata": {
    "version": {
        "essentia": "2.1-beta5",
        "essentia_git_sha": "Undefined",
        "extractor": "music 2.0"
    },
    "audio_properties": {
        "analysis": {
            "equal_loudness": 0,
            "length": 29.0017242432,
            "sample_rate": 44100,
            "start_time": 0,
            "downmix": "mix"
        },
        "bit_rate": 192000,
        "length": 198.008163452,
        "lossless": 0,
        "number_channels": 2,
        "replay_gain": 8.33326530457,
        "sample_rate": 48000,
        "codec": "mp3",
        "md5_encoded": "08a5f61a59dedef7527b50ff5e1c4367"
    },
    "tags": {
        "file_name": "Slovenia_Round and Round_Tinkara Kovač.mp3",
        "encoding": ["Lavf58.29.100"]
    }
},
"lowlevel": {
    "average_loudness": 0.48163318634,
    "barkbands_crest": {
        "max": 25.3048725128,
        "mean": 12.7603282928,
        "min": 3.27308058739,
        "stdev": 4.91072225571
    },
    "barkbands_flatness_db": {
        "max": 0.498905718327,
        "mean": 0.256935834885,
        "min": 0.07282102108,
        "stdev": 0.0703280419111
    },
    "barkbands_kurtosis": {
        "max": 270.514770508,
        "mean": 8.26554012299,
        "min": -1.70072090626,
        "stdev": 19.4451370239
    },
    "barkbands_skewness": {
        "max": 14.1139783859,
        "mean": 1.76219546795,
        "min": -2.15992426872,
        "stdev": 1.77089655399
    },
    "barkbands_spread": {
        "max": 55.0409584045,
        "mean": 11.3892393112,
        "min": 0.372519552708,
        "stdev": 7.92788314819
    },
    "dissonance": {
        "max": 0.5,
        "mean": 0.435931146145,
        "min": 0.223348245025,
        "stdev": 0.0499666556716
    },
    "dynamic_complexity": 4.73746490479,
    "erbbands_crest": {
        "max": 32.8450813293,
        "mean": 14.8200969696,
        "min": 3.15224432945,
        "stdev": 7.90667867661
    },
    "erbbands_flatness_db": {
        "max": 0.552602887154,
        "mean": 0.277549833059,
        "min": 0.0907788202167,
        "stdev": 0.0640315711498
    },
    "erbbands_kurtosis": {
        "max": 82.5504989624,
        "mean": 3.26328420639,
        "min": -1.61963677406,
        "stdev": 6.96248865128
    },
    "erbbands_skewness": {
        "max": 6.86377191544,
        "mean": 0.463869154453,
        "min": -2.98259186745,
        "stdev": 1.22532081604
    },
    "erbbands_spread": {
        "max": 79.4989318848,
        "mean": 21.3335704803,
        "min": 0.725319087505,
        "stdev": 13.4234437943
    },
    "hfc": {
        "max": 70.4073944092,
        "mean": 13.7176542282,
        "min": 1.18734722736e-16,
        "stdev": 13.660358429
    },
    "loudness_ebu128": {
        "integrated": -30.8262386322,
        "loudness_range": 9.71454620361,
        "momentary": {
            "max": -24.7555522919,
            "mean": -33.6439704895,
            "min": -49.4169082642,
            "stdev": 5.3314332962
        },
        "short_term": {
            "max": -27.3710689545,
            "mean": -32.8387184143,
            "min": -41.8983688354,
            "stdev": 3.67756342888
        }
    },
    "melbands_crest": {
        "max": 34.5493087769,
        "mean": 16.6982479095,
        "min": 1.96994793415,
        "stdev": 6.40695619583
    },
    "melbands_flatness_db": {
        "max": 0.648251712322,
        "mean": 0.32388406992,
        "min": 0.00559765240178,
        "stdev": 0.0958443656564
    },
    "melbands_kurtosis": {
        "max": 284.57723999,
        "mean": 15.3102245331,
        "min": -1.51837086678,
        "stdev": 29.5238456726
    },
    "melbands_skewness": {
        "max": 12.3040571213,
        "mean": 2.3963508606,
        "min": -1.68224859238,
        "stdev": 2.16215085983
    },
    "melbands_spread": {
        "max": 150.142364502,
        "mean": 14.0790090561,
        "min": 0.452705860138,
        "stdev": 11.4207115173
    },
    "pitch_salience": {
        "max": 0.90223890543,
        "mean": 0.471126765013,
        "min": 0.116032674909,
        "stdev": 0.13728582859
    },
    "silence_rate_20dB": {
        "max": 1,
        "mean": 1,
        "min": 1,
        "stdev": 0
    },
    "silence_rate_30dB": {
        "max": 1,
        "mean": 0.852800011635,
        "min": 0,
        "stdev": 0.354304373264
    },
    "silence_rate_60dB": {
        "max": 1,
        "mean": 0.129600003362,
        "min": 0,
        "stdev": 0.335866034031
    },
    "spectral_centroid": {
        "max": 11411.5263672,
        "mean": 928.777587891,
        "min": 193.981384277,
        "stdev": 568.770324707
    },
    "spectral_complexity": {
        "max": 37,
        "mean": 11.7656002045,
        "min": 0,
        "stdev": 6.07329463959
    },
    "spectral_decrease": {
        "max": 1.82823811092e-28,
        "mean": -1.05445474574e-08,
        "min": -8.03448543252e-08,
        "stdev": 1.29945076921e-08
    },
    "spectral_energy": {
        "max": 0.30775681138,
        "mean": 0.0410417951643,
        "min": 1.06147960184e-20,
        "stdev": 0.0500381104648
    },
    "spectral_energyband_high": {
        "max": 0.00417739758268,
        "mean": 0.000117993557069,
        "min": 7.89593493207e-21,
        "stdev": 0.00029085148708
    },
    "spectral_energyband_low": {
        "max": 0.276493549347,
        "mean": 0.0270971376449,
        "min": 9.0128898278e-23,
        "stdev": 0.0422255657613
    },
    "spectral_energyband_middle_high": {
        "max": 0.0537989214063,
        "mean": 0.00608953367919,
        "min": 1.37701893541e-21,
        "stdev": 0.00835582241416
    },
    "spectral_energyband_middle_low": {
        "max": 0.13221411407,
        "mean": 0.0107874553651,
        "min": 2.22839700426e-22,
        "stdev": 0.0138464625925
    },
    "spectral_entropy": {
        "max": 9.79687309265,
        "mean": 6.91253900528,
        "min": 5.39755392075,
        "stdev": 0.555065453053
    },
    "spectral_flux": {
        "max": 0.364809930325,
        "mean": 0.0665933191776,
        "min": 7.03166969096e-11,
        "stdev": 0.04997972399
    },
    "spectral_kurtosis": {
        "max": 89.2525177002,
        "mean": 9.73267936707,
        "min": -1.18151938915,
        "stdev": 9.92994499207
    },
    "spectral_rms": {
        "max": 0.0173277389258,
        "mean": 0.00524067366496,
        "min": 3.21805819839e-12,
        "stdev": 0.00354628218338
    },
    "spectral_rolloff": {
        "max": 18906.1523438,
        "mean": 886.548706055,
        "min": 64.599609375,
        "stdev": 978.188842773
    },
    "spectral_skewness": {
        "max": 6.95834493637,
        "mean": 1.88648200035,
        "min": -0.0258594173938,
        "stdev": 0.833593249321
    },
    "spectral_spread": {
        "max": 40022400,
        "mean": 2520161,
        "min": 677734.9375,
        "stdev": 1683606.875
    },
    "spectral_strongpeak": {
        "max": 9.23550987244,
        "mean": 1.10666310787,
        "min": 0,
        "stdev": 1.25899040699
    },
    "zerocrossingrate": {
        "max": 0.51806640625,
        "mean": 0.0344234369695,
        "min": 0.00244140625,
        "stdev": 0.0262718256563
    },
    "barkbands": {
        "max": [0.0161060988903, 0.217702805996, 0.196466401219, 0.123580530286, 0.0518285110593, 0.0207608155906, 0.0176785513759, 0.0202505979687, 0.0319860354066, 0.0225687008351, 0.0482203029096, 0.028727311641, 0.0121456813067, 0.0161935668439, 0.00186611583922, 0.00385246030055, 0.00174152071122, 0.00135830370709, 0.00237823370844, 0.00261096586473, 0.000944190542214, 0.00120126712136, 0.00210179132409, 0.00152005802374, 1.97660810954e-05, 1.67057658018e-06, 1.76685500719e-06],
        "mean": [0.000652982445899, 0.0152030177414, 0.00854787603021, 0.00386710395105, 0.00220742425881, 0.00104549038224, 0.00058575719595, 0.00114890700206, 0.00114505214151, 0.000958840246312, 0.00283540133387, 0.00141515338328, 0.000409629399655, 0.000395206880057, 0.000101387333416, 0.000105653867649, 9.25972490222e-05, 7.43407581467e-05, 9.99029580271e-05, 6.12464573351e-05, 3.36095436069e-05, 2.91059459414e-05, 1.89190322999e-05, 7.08795278115e-06, 1.0334782985e-07, 4.0633967302e-09, 4.22277768308e-09],
        "min": [5.70583329405e-24, 4.19106463488e-23, 3.29770995198e-23, 1.35614939928e-23, 5.38717971559e-23, 5.92021429142e-23, 1.00742854519e-23, 3.58583540226e-23, 2.06808547996e-23, 5.18958583605e-23, 5.24980179775e-23, 6.43706207257e-23, 8.33419492571e-23, 7.73633933375e-23, 1.04535461093e-22, 6.90575336644e-23, 1.82485779566e-22, 1.43849202586e-22, 2.55526663216e-22, 2.76173892031e-22, 3.36379453395e-22, 4.49437155552e-22, 4.63610550016e-22, 6.68059264791e-22, 1.19673193207e-21, 1.66633827935e-21, 2.45690756699e-21],
        "stdev": [0.00181254802737, 0.0252443309873, 0.0203456897289, 0.0103297792375, 0.00462355650961, 0.00204384117387, 0.00129737576935, 0.00236817658879, 0.00229613506235, 0.00241802632809, 0.00664276629686, 0.00374998501502, 0.00120119226631, 0.00122997001745, 0.000127352424897, 0.000207590157515, 0.000142238568515, 0.000135256035719, 0.00025103034568, 0.000138543313369, 8.09892517282e-05, 7.27330407244e-05, 8.67613780429e-05, 5.10910795128e-05, 8.5362654545e-07, 4.72493617565e-08, 4.99629528861e-08]
    },
    "erbbands": {
        "max": [9.22795200348, 36.7712631226, 140.236618042, 296.361419678, 154.767349243, 196.067474365, 213.109390259, 175.960189819, 135.861206055, 452.840454102, 232.332061768, 920.195861816, 907.268066406, 1242.53552246, 2424.59375, 1042.3626709, 598.559692383, 842.479614258, 154.568252563, 144.758972168, 85.8498840332, 122.8074646, 70.4388275146, 176.149154663, 88.5371551514, 137.291824341, 45.6015090942, 32.7020301819, 33.1177444458, 39.5240592957, 60.7523117065, 19.2979679108, 33.4204063416, 1.4426035881, 0.0455478839576, 0.00670461775735, 0.00310097727925, 0.00109954236541, 0.000269867159659, 0.000335180578986],
        "mean": [0.419958353043, 3.48737764359, 8.6281785965, 14.2831954956, 8.09642696381, 7.34244060516, 6.75974988937, 9.49819087982, 8.67197322845, 21.4317741394, 18.7710533142, 27.7747402191, 40.0679550171, 23.3370132446, 131.72706604, 61.0314865112, 30.1503944397, 22.7360038757, 7.54708051682, 6.40014457703, 4.95279216766, 5.06723690033, 3.98096680641, 7.18488740921, 3.20917963982, 2.64981007576, 1.54261088371, 1.33862197399, 1.05542361736, 0.686678469181, 0.548682808876, 0.247858837247, 0.0759370699525, 0.00501570990309, 0.000253746373346, 5.25619107066e-05, 2.25813510042e-05, 5.73704619455e-06, 2.01113489311e-05, 4.58091162727e-05],
        "min": [5.55529127563e-22, 9.72717790674e-21, 3.91844955819e-20, 3.76661247882e-20, 6.58850391874e-20, 2.02199066236e-19, 4.96198921197e-19, 3.89429497957e-19, 2.00763856175e-19, 1.74422780706e-19, 8.19137935457e-19, 4.41619114538e-19, 1.32849104465e-18, 1.57595122388e-18, 1.66194440337e-18, 2.48250695064e-18, 3.80092179805e-18, 5.87798348311e-18, 4.58070868382e-18, 4.62675906929e-18, 5.35178039465e-18, 9.90968577693e-18, 8.87915852721e-18, 1.13397462256e-17, 1.27426255193e-17, 1.13409332298e-17, 1.06989409856e-17, 1.91620806042e-17, 1.69474219738e-17, 1.33245123387e-17, 1.31898390631e-17, 1.0996345503e-17, 1.3939067002e-17, 9.66493295984e-18, 8.97583277976e-18, 6.38339455969e-18, 3.28371429875e-18, 1.44000284943e-18, 3.06802116377e-19, 3.25071317858e-20],
        "stdev": [0.792526960373, 5.82967376709, 18.1857757568, 32.9501266479, 16.2635402679, 17.5891399384, 18.8284473419, 18.5423698425, 14.8813295364, 48.3555641174, 29.2871208191, 61.4413032532, 95.0367355347, 63.4887962341, 327.854614258, 144.108047485, 81.2093887329, 64.4920883179, 12.8974218369, 9.47268199921, 6.56843852997, 8.74824333191, 6.31497764587, 19.9816436768, 6.7475476265, 6.38956642151, 3.50090622902, 3.07380270958, 2.65547084808, 2.25513410568, 2.48554348946, 1.08025658131, 0.988064825535, 0.0477579832077, 0.00176979100797, 0.000226618169108, 9.06823624973e-05, 3.14511962642e-05, 2.41507405008e-05, 5.49633914488e-05]
    },
    "gfcc": {
        "mean": [-110.646003723, 174.564437866, -168.110855103, 24.4862918854, -45.6124038696, -6.6412358284, 5.032807827, -18.104057312, -0.52356505394, -18.8999252319, -3.82577347755, -12.0578613281, -8.71019744873],
        "cov": [[8989.49414062, 1043.31542969, 867.918151855, 1961.42956543, -224.304748535, 936.573669434, -97.2423629761, -711.891540527, 141.401092529, -568.010620117, 687.828491211, -125.405174255, -132.96786499], [1043.31542969, 1742.99865723, 1109.76708984, 263.796508789, 1048.12512207, -189.696716309, 151.134414673, 26.7870769501, -124.20766449, 254.780395508, 6.64699792862, 4.87894248962, 51.9378967285], [867.918151855, 1109.76708984, 1482.31347656, 736.227416992, 959.828491211, 334.440063477, 158.73487854, 103.65713501, -6.62019872665, 212.083786011, 223.386062622, 14.9314422607, 53.2430686951], [1961.42956543, 263.796508789, 736.227416992, 1202.06945801, 320.736724854, 667.688903809, 99.27293396, -64.1673965454, 274.759735107, 21.3180713654, 257.265136719, 7.90442991257, -32.8228988647], [-224.304748535, 1048.12512207, 959.828491211, 320.736724854, 1215.83740234, 121.95916748, 319.454498291, 242.226303101, -6.85143661499, 349.402618408, 27.5803585052, 72.2453079224, 90.3620452881], [936.573669434, -189.696716309, 334.440063477, 667.688903809, 121.95916748, 699.140258789, 150.61328125, 49.9686355591, 234.640136719, -29.4124984741, 222.713027954, 30.9671993256, -29.2275753021], [-97.2423629761, 151.134414673, 158.73487854, 99.27293396, 319.454498291, 150.61328125, 318.638977051, 127.859260559, 73.5665969849, 102.792266846, -5.84863996506, 100.053199768, 37.4942092896], [-711.891540527, 26.7870769501, 103.65713501, -64.1673965454, 242.226303101, 49.9686355591, 127.859260559, 325.783233643, 68.2012176514, 130.478164673, -36.0643997192, -11.2589359283, 79.8844528198], [141.401092529, -124.20766449, -6.62019872665, 274.759735107, -6.85143661499, 234.640136719, 73.5665969849, 68.2012176514, 256.653778076, 53.1191139221, 31.0206718445, 16.3296966553, -22.8910312653], [-568.010620117, 254.780395508, 212.083786011, 21.3180713654, 349.402618408, -29.4124984741, 102.792266846, 130.478164673, 53.1191139221, 257.339324951, -23.787820816, 44.6785087585, 31.577703476], [687.828491211, 6.64699792862, 223.386062622, 257.265136719, 27.5803585052, 222.713027954, -5.84863996506, -36.0643997192, 31.0206718445, -23.787820816, 223.099853516, 20.3723564148, -33.2399597168], [-125.405174255, 4.87894248962, 14.9314422607, 7.90442991257, 72.2453079224, 30.9671993256, 100.053199768, -11.2589359283, 16.3296966553, 44.6785087585, 20.3723564148, 157.646469116, 32.1453781128], [-132.96786499, 51.9378967285, 53.2430686951, -32.8228988647, 90.3620452881, -29.2275753021, 37.4942092896, 79.8844528198, -22.8910312653, 31.577703476, -33.2399597168, 32.1453781128, 133.550018311]],
        "icov": [[0.000629905669484, -0.00127961242106, 0.000878875143826, -0.00107351189945, 0.000770947022829, -0.000440703559434, -0.000507874938194, 0.000333606294589, 0.000600685540121, 0.000685104168952, -0.00133710214868, 0.000652553688269, -0.000713368237484], [-0.00127961242106, 0.00520483311266, -0.00324691832066, 0.00211626291275, -0.00325966440141, 0.00320019060746, 0.000361373502528, 0.00065776129486, -0.00245587388054, -0.000510352896526, 0.00245893001556, -0.00049021653831, 0.00135711720213], [0.000878875143826, -0.00324691832066, 0.00466847606003, -0.00280036614276, 0.000317187601468, -0.00174549408257, 0.000185122451512, -0.00063603016315, 0.00294145848602, 0.000274658523267, -0.00308357691392, 0.000792880775407, -0.00119891948998], [-0.00107351189945, 0.00211626291275, -0.00280036614276, 0.00550968712196, -0.00157746730838, -0.00134502258152, 0.00113773043267, 0.00184328120667, -0.00401892280206, -0.000979795237072, 0.0020265285857, -0.000101991812699, 1.44859336615e-06], [0.000770947022829, -0.00325966440141, 0.000317187601468, -0.00157746730838, 0.00567179173231, -0.00201769452542, -0.00219462323003, -0.00107920286246, 0.00307918759063, -0.00238936720416, -0.000514095707331, 0.000430266576586, -0.000635168107692], [-0.000440703559434, 0.00320019060746, -0.00174549408257, -0.00134502258152, -0.00201769452542, 0.00792732462287, -0.00206110416912, -0.000590854615439, -0.00354238413274, 0.00254934607074, -0.00237551610917, 0.000191163038835, 0.000866926100571], [-0.000507874938194, 0.000361373502528, 0.000185122451512, 0.00113773043267, -0.00219462323003, -0.00206110416912, 0.00800886843354, -0.00230300938711, -0.000530692981556, 4.76744098705e-05, 0.00299226120114, -0.00499124778435, 0.00156645243987], [0.000333606294589, 0.00065776129486, -0.00063603016315, 0.00184328120667, -0.00107920286246, -0.000590854615439, -0.00230300938711, 0.00844696629792, -0.00324495392852, -0.00119392911438, -0.00132300867699, 0.00470398925245, -0.00475766975433], [0.000600685540121, -0.00245587388054, 0.00294145848602, -0.00401892280206, 0.00307918759063, -0.00354238413274, -0.000530692981556, -0.00324495392852, 0.011945983395, -0.00353417941369, 0.00085712299915, -0.000873745593708, 0.0019309388008], [0.000685104168952, -0.000510352896526, 0.000274658523267, -0.000979795237072, -0.00238936720416, 0.00254934607074, 4.76744098705e-05, -0.00119392911438, -0.00353417941369, 0.0106544848531, -0.00191064190585, -0.00137159251608, 0.000135258684168], [-0.00133710214868, 0.00245893001556, -0.00308357691392, 0.0020265285857, -0.000514095707331, -0.00237551610917, 0.00299226120114, -0.00132300867699, 0.00085712299915, -0.00191064190585, 0.0122125353664, -0.00415260298178, 0.00385696068406], [0.000652553688269, -0.00049021653831, 0.000792880775407, -0.000101991812699, 0.000430266576586, 0.000191163038835, -0.00499124778435, 0.00470398925245, -0.000873745593708, -0.00137159251608, -0.00415260298178, 0.0120984744281, -0.00493366038427], [-0.000713368237484, 0.00135711720213, -0.00119891948998, 1.44859336615e-06, -0.000635168107692, 0.000866926100571, 0.00156645243987, -0.00475766975433, 0.0019309388008, 0.000135258684168, 0.00385696068406, -0.00493366038427, 0.0122001832351]]
    },
    "melbands": {
        "max": [0.0704842358828, 0.0562566667795, 0.0418210588396, 0.013014790602, 0.00925817433745, 0.00352561287582, 0.00265621975996, 0.00479642627761, 0.00241338182241, 0.00625691376626, 0.00445729261264, 0.00458678603172, 0.0065383054316, 0.00331515748985, 0.00484381290153, 0.00163254665677, 0.00192229740787, 0.000307385460474, 0.000145173180499, 0.000405089173, 5.46049996046e-05, 0.000145841098856, 6.58251155983e-05, 5.46740193386e-05, 0.000167513935594, 4.8591340601e-05, 9.07343564904e-05, 8.89169750735e-05, 3.16013210977e-05, 4.08486448578e-05, 1.82198182301e-05, 2.24369759962e-05, 3.27168600052e-05, 2.73523583019e-05, 4.69417136628e-05, 1.59057381097e-05, 1.01860478026e-05, 3.33766729455e-05, 4.00840008297e-06, 4.21278144813e-07],
        "mean": [0.00409768987447, 0.00462005101144, 0.00221777847037, 0.000500351947267, 0.000275353348115, 0.000211707403651, 0.000130762666231, 0.000252998637734, 0.000157963324455, 0.00017609896895, 0.000192157298443, 6.41516089672e-05, 0.000366519176168, 0.000200796537683, 0.000171152045368, 3.05877256324e-05, 4.54869623354e-05, 1.2559685274e-05, 8.16820011096e-06, 9.69284155872e-06, 4.75275237477e-06, 5.71472537558e-06, 3.75208674086e-06, 3.57219869329e-06, 6.38540996079e-06, 1.98319185074e-06, 2.29489205594e-06, 1.68579197179e-06, 1.00002591807e-06, 9.06047432636e-07, 7.25479139874e-07, 6.13237034486e-07, 5.0005905905e-07, 3.36231551046e-07, 3.45526558476e-07, 2.35306117702e-07, 1.18837910179e-07, 6.77386964298e-08, 1.02867252494e-08, 1.03354491632e-09],
        "min": [8.43006661147e-24, 1.84289156616e-23, 1.01821598141e-23, 8.5872479357e-24, 1.65813639785e-23, 9.38854523309e-24, 2.8231493752e-24, 2.73382231616e-24, 5.64525035425e-24, 2.59725984385e-24, 6.76013563868e-24, 5.64646362232e-24, 6.03740612644e-24, 7.10323254561e-24, 5.56918680804e-24, 8.66394572607e-24, 9.70127415061e-24, 5.16664568204e-24, 5.79365520647e-24, 6.28010036722e-24, 6.27244762758e-24, 9.6832431569e-24, 8.38433003391e-24, 6.90623504491e-24, 8.52573729548e-24, 8.2919244452e-24, 9.14918195748e-24, 7.54771464493e-24, 5.87408628108e-24, 6.91672610609e-24, 1.22921150333e-23, 9.61453494978e-24, 8.31273301815e-24, 6.74865613479e-24, 6.55045838223e-24, 7.86633477569e-24, 6.01894678126e-24, 9.65914503397e-24, 8.01726043294e-24, 7.85558260155e-24],
        "stdev": [0.00693536968902, 0.00808750092983, 0.00479345908388, 0.000964524049778, 0.000766568584368, 0.000397163035814, 0.000242541806074, 0.000581516942475, 0.000261805224, 0.000410452339565, 0.000469994964078, 0.000230259436648, 0.000886464084033, 0.000419604708441, 0.000585597648751, 0.000120626267744, 0.000146096368553, 2.51400033449e-05, 1.0055004168e-05, 2.02406008611e-05, 5.88308603255e-06, 1.05988965515e-05, 5.99420809522e-06, 6.51161917631e-06, 1.87794175872e-05, 4.39030191046e-06, 5.76231559535e-06, 4.26428687206e-06, 2.29180523093e-06, 2.43720000981e-06, 1.71719261743e-06, 1.57559725267e-06, 1.55083762365e-06, 1.36799496886e-06, 1.78701793629e-06, 9.44054818319e-07, 5.50307390768e-07, 9.78907451099e-07, 1.25459905576e-07, 1.36624587199e-08]
    },
    "melbands128": {
        "max": [0.0148908859119, 0.0803854465485, 0.0967862457037, 0.0542136393487, 0.0777116417885, 0.115221194923, 0.0728126019239, 0.0505398735404, 0.0167341344059, 0.0194267556071, 0.0128810722381, 0.0162080768496, 0.00660132709891, 0.00837928801775, 0.0057769594714, 0.00393889425322, 0.00243962788954, 0.00251280330122, 0.00646684272215, 0.00549323204905, 0.00819617696106, 0.00203930353746, 0.00383173418231, 0.00405125459656, 0.0064399135299, 0.0110076926649, 0.00392618821934, 0.00869316328317, 0.00171615206636, 0.000504683761392, 0.00987276341766, 0.00636840797961, 0.00600777054206, 0.0177968386561, 0.00399296870455, 0.00384415592998, 0.00393931521103, 0.0110681727529, 0.00164211168885, 0.00205769669265, 0.00270048063248, 0.000647344393656, 0.00209645694122, 0.00357375782914, 0.000158830705914, 0.000152621010784, 0.000196760709514, 0.000186915000086, 0.000103737649624, 0.0001811907714, 0.000900208426174, 0.000130116663058, 6.72773021506e-05, 5.74663645239e-05, 0.000145222220453, 0.000282327178866, 0.000161450952874, 0.000139646086609, 0.000138069284731, 0.000160680981935, 6.3398911152e-05, 4.22748125857e-05, 0.000472429790534, 0.000174189655809, 6.09636626905e-05, 4.07033949159e-05, 8.71055599418e-05, 0.00011824574176, 0.000113617978059, 6.71704474371e-05, 0.000164964978467, 6.55609328533e-05, 4.44896322733e-05, 3.90280256397e-05, 4.45087353e-05, 5.17506305187e-05, 5.47502750123e-05, 3.33746102115e-05, 1.6473550204e-05, 3.5548080632e-05, 1.46056836456e-05, 3.95836032112e-05, 3.0919611163e-05, 4.34693247371e-05, 3.21040788549e-05, 2.53594844253e-05, 2.38490774791e-05, 8.41139553813e-05, 5.67730457988e-05, 1.59352894116e-05, 3.06422662106e-05, 2.02148548851e-05, 2.25059848162e-05, 6.68943039273e-06, 1.22909514175e-05, 4.56723137177e-05, 4.17491100961e-05, 1.51628901222e-05, 1.25868348277e-06, 5.64192873753e-07, 9.54793904384e-07, 4.418903643e-07, 1.78343224633e-08, 1.44956837644e-08, 1.35513751331e-08, 1.30171411428e-08, 1.24461747575e-08, 1.21139143161e-08, 1.15126947975e-08, 1.10050866198e-08, 1.05586011045e-08, 1.02596837692e-08, 9.72887370665e-09, 9.4324761335e-09, 9.09316089093e-09, 8.73770300558e-09, 8.5718561138e-09, 8.26664603437e-09, 7.94933541215e-09, 7.88647369632e-09, 7.64512275708e-09, 7.48892681202e-09, 7.3092816244e-09, 7.22256165986e-09, 7.08041314468e-09, 6.96018798152e-09, 6.92451695983e-09, 6.89014756361e-09],
        "mean": [0.00059005751973, 0.00292801111937, 0.00600986927748, 0.00558149209246, 0.0042384294793, 0.00444257259369, 0.0032637428958, 0.00145800318569, 0.000718333525583, 0.00040757926763, 0.000399942713557, 0.000397467258153, 0.000190206366824, 0.000196447712369, 0.000223472670768, 0.000230740042753, 0.000169890816323, 7.68937170506e-05, 0.00013674350339, 0.000251336052315, 0.000365940388292, 9.52249101829e-05, 0.000143625205965, 0.000187571466086, 0.000183113035746, 0.000166324418387, 0.000165982099134, 0.000321522733429, 6.81212331983e-05, 2.19806952373e-05, 0.000101022291346, 7.38546732464e-05, 0.000241738482146, 0.000918340112548, 9.76015071501e-05, 4.33866334788e-05, 0.000141549156979, 0.00033740355866, 3.93839800381e-05, 2.91884807666e-05, 4.13032430515e-05, 9.28963709157e-06, 5.07201475557e-05, 7.28331360733e-05, 8.63261630002e-06, 5.83705514146e-06, 6.29667920293e-06, 1.12054531201e-05, 6.51199979984e-06, 7.19192848919e-06, 1.37366878334e-05, 8.51096228871e-06, 2.8811532502e-06, 4.03227477364e-06, 5.9578710534e-06, 6.97142240824e-06, 4.17021283283e-06, 3.94817197957e-06, 3.4774143387e-06, 3.91861431126e-06, 1.95949382942e-06, 2.09608833757e-06, 1.36625067171e-05, 4.2741244215e-06, 1.82991755082e-06, 1.91725325749e-06, 1.91656181414e-06, 2.87037141788e-06, 2.2617043669e-06, 1.61002685672e-06, 1.3660529703e-06, 2.46840477303e-06, 1.06712275283e-06, 7.04789385964e-07, 7.09234996066e-07, 1.07086316348e-06, 8.78307105268e-07, 8.09131677215e-07, 5.96409620357e-07, 8.87556723228e-07, 4.52797536354e-07, 6.55893472867e-07, 5.95204710407e-07, 4.60170724637e-07, 4.75545959944e-07, 2.86083519541e-07, 2.78861136849e-07, 4.29015386771e-07, 3.63376216228e-07, 2.74267364375e-07, 2.93756329484e-07, 2.20084814373e-07, 1.5914842777e-07, 1.0621015889e-07, 1.01047753276e-07, 9.51245766601e-08, 6.31926297956e-08, 2.65206008265e-08, 7.21256210312e-09, 3.20586179825e-09, 1.77351611175e-09, 7.80770559317e-10, 6.73521030614e-11, 4.07014838499e-11, 4.0838957216e-11, 3.62926251551e-11, 3.98067794005e-11, 3.1745203688e-11, 2.70310700906e-11, 2.62167076243e-11, 2.57229376688e-11, 2.49235510702e-11, 2.31788199745e-11, 2.22619526979e-11, 2.17239143341e-11, 2.16886578142e-11, 2.39866269208e-11, 2.08338294533e-11, 1.93867699672e-11, 1.90429547131e-11, 1.86368802335e-11, 1.8380718822e-11, 1.78632508091e-11, 1.69903917324e-11, 1.52380903035e-11, 1.22519910883e-11, 1.07124621673e-11, 1.04515588892e-11],
        "min": [7.07182641525e-25, 2.23627413539e-24, 9.93038144559e-24, 1.85352115131e-23, 2.14781344284e-23, 1.45274904589e-23, 5.15239924852e-24, 8.87491631998e-24, 5.35128331007e-24, 6.85093668432e-24, 9.16278349721e-24, 9.27803686432e-24, 1.7251640157e-23, 1.70365477649e-23, 7.99399298054e-24, 6.10526433593e-24, 3.73129669891e-24, 1.78704013519e-24, 1.93719152545e-24, 7.18620828828e-25, 2.29688468532e-24, 1.05095197349e-23, 2.66446566537e-24, 2.50620044626e-24, 1.11548373404e-24, 2.10672266437e-24, 5.15456427727e-24, 6.86090157527e-24, 2.53203524648e-24, 6.1521147851e-24, 6.81135637726e-24, 4.21011988559e-24, 3.52276881279e-24, 3.2259689691e-24, 4.16258509959e-24, 1.00055654119e-23, 3.68226347162e-24, 6.68394035271e-24, 3.46571602554e-24, 9.08307699135e-24, 5.95533264343e-24, 5.77436085202e-24, 1.49390123719e-23, 8.46747755104e-24, 7.41801112097e-25, 1.67121484392e-24, 6.05478670433e-24, 4.68038748132e-24, 6.06073116568e-24, 5.97503128909e-24, 4.07842941822e-24, 5.25588004991e-24, 3.0232218557e-24, 4.85075698216e-24, 7.80787071628e-24, 9.74192415306e-24, 7.41815844075e-24, 6.39541053232e-24, 7.47709266125e-24, 3.71988385376e-24, 8.40255272082e-24, 4.49956123475e-24, 4.96753048424e-24, 1.0476998944e-23, 4.93772100835e-24, 7.29136877175e-24, 3.40849087219e-24, 1.30381628794e-23, 7.74220830111e-24, 5.53095781972e-24, 6.05689730168e-24, 7.07866741702e-24, 7.52751428373e-24, 4.2869490213e-24, 5.65536867865e-24, 5.58948341027e-24, 3.21272241678e-24, 7.90109514262e-24, 1.10459435727e-23, 8.74336350884e-24, 8.64461390073e-24, 1.03340352599e-23, 1.02388102823e-23, 6.42791357377e-24, 9.72604674962e-24, 6.50600173148e-24, 5.45289766656e-24, 3.21602399689e-24, 5.94235035951e-24, 9.0807190861e-24, 9.40854206818e-24, 8.02894977383e-24, 4.13522661454e-24, 8.74417603558e-24, 3.6328283197e-24, 7.48839703803e-24, 1.10733612223e-23, 9.35514644009e-24, 7.76167423281e-24, 6.339900757e-24, 8.42098524473e-24, 5.82901984085e-24, 8.235211657e-24, 6.43995553548e-24, 9.59142053639e-24, 1.1394726589e-23, 9.18063068633e-24, 8.79736577097e-24, 1.33372034825e-23, 1.15552850268e-23, 1.02442573669e-23, 7.3472169684e-24, 1.03458776398e-23, 9.61261249575e-24, 4.60369955171e-24, 6.22565713185e-24, 8.47251127248e-24, 1.26229719744e-23, 1.3452880468e-23, 7.02495230026e-24, 6.9364965381e-24, 5.35909224417e-24, 7.59908053391e-24, 9.60833608078e-24, 9.13664616884e-24, 8.86120118428e-24, 7.95517076881e-24, 8.59786521462e-24],
        "stdev": [0.00166388752405, 0.00664307363331, 0.0104154022411, 0.0101419091225, 0.00909000448883, 0.0109971640632, 0.00793872773647, 0.00406081601977, 0.00158539041877, 0.00102853996214, 0.00110159663018, 0.00127206998877, 0.00059025286464, 0.000629064394161, 0.000587368558627, 0.000398561183829, 0.000333948177285, 0.0002166612976, 0.000461538438685, 0.000601219362579, 0.000935243326239, 0.000176281653694, 0.00037221077946, 0.000417360512074, 0.000466411089292, 0.000703967234585, 0.000344512605807, 0.000928797875531, 0.000147005353938, 4.50690677098e-05, 0.000491645303555, 0.000330336624756, 0.000615050143097, 0.00241778790951, 0.000272991805105, 0.000267862516921, 0.000411668763263, 0.00131594005506, 0.000128670799313, 0.000119459269627, 0.000212786588236, 2.48459164141e-05, 0.000166179408552, 0.000267120543867, 1.57636441145e-05, 1.13898095151e-05, 1.20442628031e-05, 1.54943736561e-05, 1.04446135083e-05, 1.55776306201e-05, 4.03035228373e-05, 1.26670847749e-05, 5.73633997192e-06, 6.23588721282e-06, 1.04879536593e-05, 2.00027534447e-05, 9.59621502261e-06, 9.10208655114e-06, 7.71798931964e-06, 9.90180069493e-06, 4.35577067037e-06, 4.35923948316e-06, 4.79906775581e-05, 1.29926465888e-05, 4.47218826594e-06, 4.31868875239e-06, 6.28662246527e-06, 7.57489533498e-06, 7.11658958608e-06, 5.02764260091e-06, 5.70957172386e-06, 5.82866505283e-06, 2.86803287963e-06, 2.37389849644e-06, 2.10866028283e-06, 2.93742778013e-06, 2.92337313113e-06, 2.20459673983e-06, 1.64514028711e-06, 2.93226662507e-06, 1.09721702302e-06, 2.34542380895e-06, 2.35782476921e-06, 1.84204725429e-06, 1.53729104113e-06, 1.10935798148e-06, 1.26399208966e-06, 3.27870043293e-06, 1.99078499463e-06, 1.05256128791e-06, 1.34743618219e-06, 9.85713768387e-07, 8.05575552931e-07, 4.14957071371e-07, 5.76166371502e-07, 1.36245944304e-06, 1.19810567867e-06, 4.46044538194e-07, 6.0625765741e-08, 2.41845974358e-08, 3.08579330976e-08, 1.39083065065e-08, 7.30205118593e-10, 4.40935121748e-10, 4.38602903996e-10, 3.75311753897e-10, 3.75901254568e-10, 3.45784206823e-10, 3.25569515791e-10, 3.11201703296e-10, 2.98556096512e-10, 2.90107049494e-10, 2.75138328787e-10, 2.6675633924e-10, 2.57146581806e-10, 2.47089709804e-10, 2.42387582228e-10, 2.33762342816e-10, 2.24803023419e-10, 2.2301380187e-10, 2.16193146718e-10, 2.11766534863e-10, 2.06691427862e-10, 2.04249950286e-10, 2.00269426043e-10, 1.96946944864e-10, 1.95976707085e-10, 1.95009536297e-10]
    },
    "mfcc": {
        "mean": [-737.764160156, 192.470077515, -50.3349227905, 35.5202293396, -26.7537345886, 18.9847927094, -5.39030313492, 15.7817106247, -4.3776473999, 8.19191741943, -3.23259782791, 2.64491653442, -3.04913878441],
        "cov": [[6522.68554688, -443.163116455, 1175.58068848, 950.206970215, 22.0747127533, 1219.21386719, -272.91696167, 591.503234863, -731.680053711, 47.8494567871, -391.593261719, 427.166320801, 10.1627702713], [-443.163116455, 2226.73120117, 171.386077881, 629.578491211, 686.620666504, -12.3861618042, 519.140808105, -297.334228516, 250.105285645, -167.926651001, 174.018722534, 12.7202539444, 206.106658936], [1175.58068848, 171.386077881, 865.372375488, 443.510314941, 471.259613037, 427.746948242, 171.206787109, 184.877548218, -118.55884552, 110.535202026, 26.2167396545, 232.387664795, 45.5908279419], [950.206970215, 629.578491211, 443.510314941, 739.005493164, 467.522918701, 467.900878906, 233.517959595, 77.9976196289, 72.619178772, 19.8965835571, 127.049453735, 137.187789917, 119.042434692], [22.0747127533, 686.620666504, 471.259613037, 467.522918701, 800.364868164, 277.400421143, 392.771240234, 42.5951805115, 164.457839966, 127.091972351, 173.012832642, 178.295761108, 68.5490341187], [1219.21386719, -12.3861618042, 427.746948242, 467.900878906, 277.400421143, 743.617553711, 109.14377594, 316.051269531, -29.2300930023, 94.4526367188, 119.11051178, 199.446151733, 127.987838745], [-272.91696167, 519.140808105, 171.206787109, 233.517959595, 392.771240234, 109.14377594, 423.297485352, 43.8441238403, 189.009292603, 24.1426239014, 104.018638611, 107.52520752, 95.3101425171], [591.503234863, -297.334228516, 184.877548218, 77.9976196289, 42.5951805115, 316.051269531, 43.8441238403, 361.699890137, -5.08291435242, 128.97038269, 26.44880867, 115.633255005, 43.1131515503], [-731.680053711, 250.105285645, -118.55884552, 72.619178772, 164.457839966, -29.2300930023, 189.009292603, -5.08291435242, 406.947875977, 53.6090011597, 169.77911377, -30.2517585754, 26.9604988098], [47.8494567871, -167.926651001, 110.535202026, 19.8965835571, 127.091972351, 94.4526367188, 24.1426239014, 128.97038269, 53.6090011597, 250.330062866, 81.6616744995, 58.3497238159, -67.6078491211], [-391.593261719, 174.018722534, 26.2167396545, 127.049453735, 173.012832642, 119.11051178, 104.018638611, 26.44880867, 169.77911377, 81.6616744995, 286.14944458, 41.7270889282, 33.2724380493], [427.166320801, 12.7202539444, 232.387664795, 137.187789917, 178.295761108, 199.446151733, 107.52520752, 115.633255005, -30.2517585754, 58.3497238159, 41.7270889282, 210.250167847, 62.3409423828], [10.1627702713, 206.106658936, 45.5908279419, 119.042434692, 68.5490341187, 127.987838745, 95.3101425171, 43.1131515503, 26.9604988098, -67.6078491211, 33.2724380493, 62.3409423828, 217.180267334]],
        "icov": [[0.000532573380042, -8.51362638059e-05, -0.000244452909101, -0.000701894925442, 0.000452187756309, -0.000418430689024, 0.000394498696551, -0.000331487157382, 0.000251184217632, 5.99719933234e-05, 0.000767807767261, -0.000649050460197, 0.000544624344911], [-8.51362638059e-05, 0.00122819596436, 0.00023359277111, -0.000833496102132, -0.000634488998912, 0.000620655657258, -0.000864751986228, 0.000610332936049, 0.00022284995066, 0.000406130508054, -0.000393386668293, 0.000641001563054, -0.000685887236614], [-0.000244452909101, 0.00023359277111, 0.00312624592334, -0.000691547815222, -0.00164114683867, 8.92366660992e-05, -0.00011230243399, -0.000447684811661, 0.00108563213143, -0.000106442566903, 6.3192746893e-05, -0.000786437594797, 0.000164270531968], [-0.000701894925442, -0.000833496102132, -0.000691547815222, 0.00558936269954, -0.00115018396173, -0.00228824536316, -0.000218025728827, 0.00142363377381, -0.00110469898209, 0.000238738299231, -0.000793104059994, 0.0011704757344, -0.0005730848643], [0.000452187756309, -0.000634488998912, -0.00164114683867, -0.00115018396173, 0.00513358460739, -0.000798152352218, -0.00198708381504, 0.0011416238267, -0.000312034331728, -0.00189907767344, 0.00033854987123, -0.00135685270652, 0.000836557417642], [-0.000418430689024, 0.000620655657258, 8.92366660992e-05, -0.00228824536316, -0.000798152352218, 0.00546535244212, 0.000344401109032, -0.00293438020162, 0.000640762154944, 0.000606617366429, -0.001957510598, -0.000127900479129, -0.00142553518526], [0.000394498696551, -0.000864751986228, -0.00011230243399, -0.000218025728827, -0.00198708381504, 0.000344401109032, 0.00700419815257, -0.00189604784828, -0.00197326974012, 0.00118513207417, 0.00106858485378, -0.0024356385693, -0.000178591959411], [-0.000331487157382, 0.000610332936049, -0.000447684811661, 0.00142363377381, 0.0011416238267, -0.00293438020162, -0.00189604784828, 0.00765940127894, -0.000844891997986, -0.00306785828434, 0.000672193651553, -0.00019346283807, -0.00146710092667], [0.000251184217632, 0.00022284995066, 0.00108563213143, -0.00110469898209, -0.000312034331728, 0.000640762154944, -0.00197326974012, -0.000844891997986, 0.0053476691246, -0.000651589361951, -0.00187488785014, 0.0014781561913, -9.48054657783e-05], [5.99719933234e-05, 0.000406130508054, -0.000106442566903, 0.000238738299231, -0.00189907767344, 0.000606617366429, 0.00118513207417, -0.00306785828434, -0.000651589361951, 0.00822229124606, -0.00167696492281, -0.00100679975003, 0.00302047492005], [0.000767807767261, -0.000393386668293, 6.3192746893e-05, -0.000793104059994, 0.00033854987123, -0.001957510598, 0.00106858485378, 0.000672193651553, -0.00187488785014, -0.00167696492281, 0.00709792645648, -0.00174498884007, 0.000327388697769], [-0.000649050460197, 0.000641001563054, -0.000786437594797, 0.0011704757344, -0.00135685270652, -0.000127900479129, -0.0024356385693, -0.00019346283807, 0.0014781561913, -0.00100679975003, -0.00174498884007, 0.0103915538639, -0.00265593454242], [0.000544624344911, -0.000685887236614, 0.000164270531968, -0.0005730848643, 0.000836557417642, -0.00142553518526, -0.000178591959411, -0.00146710092667, -9.48054657783e-05, 0.00302047492005, 0.000327388697769, -0.00265593454242, 0.00811945926398]]
    },
    "spectral_contrast_coeffs": {
        "max": [-0.391535580158, -0.502892434597, -0.438302636147, -0.548635601997, -0.584719598293, -0.44279435277],
        "mean": [-0.689788222313, -0.744431972504, -0.699024677277, -0.781518161297, -0.784972310066, -0.642971217632],
        "min": [-0.964334845543, -0.967728197575, -0.968143880367, -0.958574593067, -0.959229946136, -0.96010351181],
        "stdev": [0.105236805975, 0.0750344991684, 0.0954313129187, 0.0717223882675, 0.0517919249833, 0.0782455652952]
    },
    "spectral_contrast_valleys": {
        "max": [-4.61801719666, -5.16918563843, -5.92177963257, -6.30596017838, -6.36230421066, -9.36405849457],
        "mean": [-7.50287342072, -7.08690071106, -7.68886566162, -8.22626018524, -8.58337879181, -13.7270784378],
        "min": [-27.2542953491, -27.4255275726, -27.4440422058, -27.4745368958, -27.3240337372, -27.312335968],
        "stdev": [1.9263021946, 1.10888910294, 1.02990603447, 1.05921387672, 1.10594892502, 1.18692886829]
    }
},
"rhythm": {
    "beats_count": 56,
    "beats_loudness": {
        "max": 0.228249043226,
        "mean": 0.0354426465929,
        "min": 0.000327881105477,
        "stdev": 0.047773513943
    },
    "bpm": 119.638374329,
    "bpm_histogram_first_peak_bpm": 120,
    "bpm_histogram_first_peak_weight": 0.410256385803,
    "bpm_histogram_second_peak_bpm": 115,
    "bpm_histogram_second_peak_spread": 0.0833333134651,
    "bpm_histogram_second_peak_weight": 0.20000000298,
    "danceability": 0.817994892597,
    "onset_rate": 2.37821674347,
    "beats_loudness_band_ratio": {
        "max": [0.990374922752, 0.490849077702, 0.892674863338, 0.935258507729, 0.174167573452, 0.220540344715],
        "mean": [0.458221971989, 0.106700919569, 0.264593571424, 0.181362435222, 0.0301411189139, 0.0145864235237],
        "min": [1.71649026015e-05, 0.000344236323144, 0.00252145226113, 0.00156651786529, 0.000546083785594, 0.000183652155101],
        "stdev": [0.340925216675, 0.127803489566, 0.260923981667, 0.202921658754, 0.0328111574054, 0.0338108576834]
    },
    "beats_position": [0.545668900013, 1.09133780003, 1.63700675964, 2.18267560005, 2.73995471001, 3.26240348816, 3.78485250473, 4.3073015213, 4.82975053787, 5.35219955444, 5.86303853989, 6.38548755646, 6.91954612732, 7.44199514389, 7.96444416046, 8.48689365387, 9.0093421936, 9.52018165588, 10.0310201645, 10.5302495956, 11.0294780731, 11.5403175354, 12.0395460129, 12.5503854752, 13.0496139526, 13.5488433838, 14.0480718613, 14.5473012924, 15.0465307236, 15.545759201, 16.0449886322, 16.5558280945, 17.0666656494, 17.5775051117, 18.0767345428, 18.575963974, 19.0751914978, 19.574420929, 20.0852603912, 20.5844898224, 21.0721092224, 21.5713367462, 22.0705661774, 22.5930156708, 23.0922451019, 23.5798625946, 24.0674819946, 24.5667114258, 25.0543308258, 25.5651702881, 26.0643978119, 26.563627243, 27.0628566742, 27.5620861053, 28.0729255676, 28.5837631226],
