{
"metadata": {
    "version": {
        "essentia": "2.1-beta5",
        "essentia_git_sha": "Undefined",
        "extractor": "music 2.0"
    },
    "audio_properties": {
        "analysis": {
            "equal_loudness": 0,
            "length": 31.5210876465,
            "sample_rate": 44100,
            "start_time": 162.481628418,
            "downmix": "mix"
        },
        "bit_rate": 192000,
        "length": 194.0259552,
        "lossless": 0,
        "number_channels": 2,
        "replay_gain": 2.33856773376,
        "sample_rate": 48000,
        "codec": "mp3",
        "md5_encoded": "fd4bbe5a95d053bbfc282de271268def"
    },
    "tags": {
        "file_name": "Poland_My Słowianie - We Are Slavic_Donatan _ Cleo.mp3",
        "encoding": ["Lavf58.29.100"]
    }
},
"lowlevel": {
    "average_loudness": 0.797146499157,
    "barkbands_crest": {
        "max": 25.0525245667,
        "mean": 9.84931659698,
        "min": 2.26108646393,
        "stdev": 4.77088594437
    },
    "barkbands_flatness_db": {
        "max": 0.354505717754,
        "mean": 0.182202070951,
        "min": 0.0706270262599,
        "stdev": 0.0567273795605
    },
    "barkbands_kurtosis": {
        "max": 39.5811271667,
        "mean": 1.54049551487,
        "min": -1.67553532124,
        "stdev": 3.68670344353
    },
    "barkbands_skewness": {
        "max": 5.94652271271,
        "mean": 0.928200900555,
        "min": -1.72079241276,
        "stdev": 0.914484262466
    },
    "barkbands_spread": {
        "max": 79.4313583374,
        "mean": 20.1900787354,
        "min": 3.34840536118,
        "stdev": 11.1403646469
    },
    "dissonance": {
        "max": 0.500000238419,
        "mean": 0.476686179638,
        "min": 0.355355381966,
        "stdev": 0.0205990187824
    },
    "dynamic_complexity": 2.62542247772,
    "erbbands_crest": {
        "max": 28.8860645294,
        "mean": 10.1599626541,
        "min": 2.83582758904,
        "stdev": 5.12671995163
    },
    "erbbands_flatness_db": {
        "max": 0.398595124483,
        "mean": 0.24516107142,
        "min": 0.105501294136,
        "stdev": 0.0597766079009
    },
    "erbbands_kurtosis": {
        "max": 14.8208770752,
        "mean": 0.451904803514,
        "min": -1.6603808403,
        "stdev": 1.63979840279
    },
    "erbbands_skewness": {
        "max": 3.46460270882,
        "mean": 0.63750231266,
        "min": -1.40289902687,
        "stdev": 0.63415324688
    },
    "erbbands_spread": {
        "max": 96.0851821899,
        "mean": 28.8806934357,
        "min": 6.54544210434,
        "stdev": 13.0039634705
    },
    "hfc": {
        "max": 87.6683807373,
        "mean": 25.74858284,
        "min": 0.251294642687,
        "stdev": 17.2225055695
    },
    "loudness_ebu128": {
        "integrated": -25.324092865,
        "loudness_range": 6.01321601868,
        "momentary": {
            "max": -20.6574401855,
            "mean": -26.0536880493,
            "min": -32.8396987915,
            "stdev": 2.60395979881
        },
        "short_term": {
            "max": -21.5940303802,
            "mean": -25.6345176697,
            "min": -29.3941516876,
            "stdev": 1.70944774151
        }
    },
    "melbands_crest": {
        "max": 35.1884155273,
        "mean": 12.8516073227,
        "min": 3.37437343597,
        "stdev": 6.26672649384
    },
    "melbands_flatness_db": {
        "max": 0.370297312737,
        "mean": 0.162088245153,
        "min": 0.0333002433181,
        "stdev": 0.0534746274352
    },
    "melbands_kurtosis": {
        "max": 142.153335571,
        "mean": 6.26972103119,
        "min": -1.31709837914,
        "stdev": 11.8737249374
    },
    "melbands_skewness": {
        "max": 10.6019306183,
        "mean": 1.65872621536,
        "min": -0.847714304924,
        "stdev": 1.32353210449
    },
    "melbands_spread": {
        "max": 136.286193848,
        "mean": 29.3294849396,
        "min": 2.73847794533,
        "stdev": 17.9085731506
    },
    "pitch_salience": {
        "max": 0.885122716427,
        "mean": 0.605058372021,
        "min": 0.0914638489485,
        "stdev": 0.127366900444
    },
    "silence_rate_20dB": {
        "max": 1,
        "mean": 1,
        "min": 1,
        "stdev": 0
    },
    "silence_rate_30dB": {
        "max": 1,
        "mean": 0.994113326073,
        "min": 0,
        "stdev": 0.0764994844794
    },
    "silence_rate_60dB": {
        "max": 1,
        "mean": 0.0191317144781,
        "min": 0,
        "stdev": 0.136988356709
    },
    "spectral_centroid": {
        "max": 3716.90478516,
        "mean": 1790.34680176,
        "min": 594.955749512,
        "stdev": 500.17678833
    },
    "spectral_complexity": {
        "max": 47,
        "mean": 23.0875644684,
        "min": 0,
        "stdev": 7.15375757217
    },
    "spectral_decrease": {
        "max": -5.00855815155e-11,
        "mean": -5.54401546893e-09,
        "min": -3.93339902871e-08,
        "stdev": 5.02413666226e-09
    },
    "spectral_energy": {
        "max": 0.155593052506,
        "mean": 0.0232599005103,
        "min": 0.000211828140891,
        "stdev": 0.0200018323958
    },
    "spectral_energyband_high": {
        "max": 0.00855145603418,
        "mean": 0.00104610749986,
        "min": 1.36523549372e-05,
        "stdev": 0.00106416689232
    },
    "spectral_energyband_low": {
        "max": 0.111600190401,
        "mean": 0.00327084423043,
        "min": 6.5403389371e-09,
        "stdev": 0.0128543293104
    },
    "spectral_energyband_middle_high": {
        "max": 0.0567798167467,
        "mean": 0.0100966254249,
        "min": 6.00869716436e-05,
        "stdev": 0.00944142788649
    },
    "spectral_energyband_middle_low": {
        "max": 0.0914580523968,
        "mean": 0.00924340356141,
        "min": 0.000133297537104,
        "stdev": 0.0113153606653
    },
    "spectral_entropy": {
        "max": 8.44294929504,
        "mean": 7.72681236267,
        "min": 6.94550418854,
        "stdev": 0.250391304493
    },
    "spectral_flux": {
        "max": 0.329885929823,
        "mean": 0.0939993038774,
        "min": 0.0237347893417,
        "stdev": 0.0434291251004
    },
    "spectral_kurtosis": {
        "max": 14.2392959595,
        "mean": 2.04987215996,
        "min": -0.877438783646,
        "stdev": 1.81073570251
    },
    "spectral_rms": {
        "max": 0.0123206367716,
        "mean": 0.00438767485321,
        "min": 0.000454600492958,
        "stdev": 0.00185496278573
    },
    "spectral_rolloff": {
        "max": 8268.75,
        "mean": 2146.09448242,
        "min": 64.599609375,
        "stdev": 1231.3059082
    },
    "spectral_skewness": {
        "max": 2.64080810547,
        "mean": 0.983096837997,
        "min": -0.0522830672562,
        "stdev": 0.290277779102
    },
    "spectral_spread": {
        "max": 11797173,
        "mean": 3560049,
        "min": 2024821,
        "stdev": 839757.9375
    },
    "spectral_strongpeak": {
        "max": 10.0724811554,
        "mean": 1.66693973541,
        "min": 0.0141460970044,
        "stdev": 1.66820168495
    },
    "zerocrossingrate": {
        "max": 0.2392578125,
        "mean": 0.0780028402805,
        "min": 0.0107421875,
        "stdev": 0.0265611447394
    },
    "barkbands": {
        "max": [0.0102200675756, 0.108859300613, 0.0445039346814, 0.0137726599351, 0.0144026409835, 0.0331144407392, 0.0766259655356, 0.0493524670601, 0.0409697964787, 0.0345754623413, 0.0337931439281, 0.0402447842062, 0.0229986980557, 0.0244336761534, 0.0239471979439, 0.0168620981276, 0.0152711682022, 0.0059857564047, 0.00625298777595, 0.00575106497854, 0.00696165580302, 0.00348705518991, 0.0029583631549, 0.00104968727101, 4.97674627695e-05, 2.14020974454e-06, 2.37594736063e-06],
        "mean": [0.000176435831236, 0.00261984835379, 0.000369296816643, 0.000196452107048, 0.000397828989662, 0.000936912314501, 0.00310389441438, 0.00156383449212, 0.0024165106006, 0.00228505744599, 0.00104945106432, 0.00184749695472, 0.00143846718129, 0.001035519992, 0.000955879222602, 0.000587030197494, 0.000396109477151, 0.000385372230085, 0.00033114827238, 0.000355556170689, 0.000312013959046, 0.000228394099395, 0.000201292539714, 6.87564825057e-05, 1.32769059746e-06, 3.17764969893e-09, 2.86143264638e-09],
        "min": [3.72600339471e-10, 6.62307597654e-10, 2.42467046441e-10, 1.48529089028e-09, 1.60463102361e-07, 1.30545913635e-07, 4.93757806908e-06, 7.59062402267e-07, 4.31622765973e-06, 1.57022295753e-05, 3.16805630973e-06, 3.61098614121e-06, 2.61107447841e-06, 5.54748066861e-06, 9.81238554232e-06, 3.53279915544e-06, 2.27929058383e-06, 8.47739647725e-06, 6.01022838964e-06, 3.00405122289e-06, 3.13678674502e-06, 5.08411812916e-06, 1.78735183454e-06, 7.87319322626e-07, 1.563490587e-10, 1.597617455e-10, 2.53490700652e-10],
        "stdev": [0.000865073234309, 0.0116155389696, 0.00182635197416, 0.000743989017792, 0.00088463362772, 0.0026794236619, 0.00774209666997, 0.0044211181812, 0.00484116235748, 0.00373149453662, 0.00243503996171, 0.00444716587663, 0.00268910848536, 0.00183402339462, 0.00178729346953, 0.00133417337202, 0.000836466555484, 0.000536819163244, 0.000449706538348, 0.000621940067504, 0.000455178349512, 0.000309425027808, 0.000260388565948, 0.000115502320114, 4.97682822242e-06, 5.80859591537e-08, 6.44176125775e-08]
    },
    "erbbands": {
        "max": [4.76570892334, 27.2499160767, 47.7629241943, 41.304397583, 49.5584793091, 42.5477218628, 132.491104126, 325.655944824, 1198.77539062, 1281.71838379, 1080.28942871, 1099.80895996, 1331.64916992, 1525.12536621, 1965.26208496, 1583.44689941, 1209.58654785, 1251.99072266, 1170.07617188, 849.563842773, 814.53326416, 528.393005371, 329.667053223, 409.320068359, 313.58001709, 328.149810791, 395.06350708, 170.399597168, 156.295608521, 84.0111465454, 96.7306594849, 37.9082794189, 14.2996139526, 1.54789233208, 0.0423060171306, 0.0084007717669, 0.00404050666839, 0.00146262312774, 0.000369867047993, 0.000178827278432],
        "mean": [0.108867295086, 0.45040050149, 0.483549624681, 0.586736857891, 0.707645535469, 1.63131999969, 3.07900571823, 10.000169754, 36.1769485474, 45.3332099915, 34.1170082092, 54.0282669067, 65.4185028076, 68.7271194458, 54.6431312561, 72.9193115234, 67.9002532959, 53.1306228638, 63.3318748474, 32.71484375, 31.9953689575, 21.119764328, 20.2910690308, 20.4231491089, 14.3409233093, 18.3470230103, 15.9005413055, 9.71580791473, 8.25236034393, 7.02696275711, 5.52871990204, 2.25037932396, 0.768246114254, 0.0630808398128, 0.00211511878297, 0.000199150890694, 4.56707566627e-05, 1.39375715662e-05, 1.63810836966e-05, 2.9580491173e-05],
        "min": [1.53492408117e-07, 7.05144032054e-07, 2.56804105447e-06, 1.66197241924e-05, 0.000184870601515, 0.000802397436928, 0.00313093047589, 0.0147245805711, 0.0929431989789, 0.313831299543, 0.22137992084, 0.406113028526, 0.46892285347, 0.294721454382, 0.153958633542, 0.152872249484, 0.131775170565, 0.215084031224, 0.441592812538, 0.331891059875, 0.244619145989, 0.152287900448, 0.396634459496, 0.511038959026, 0.158972382545, 0.148751407862, 0.0564056448638, 0.250102460384, 0.144525006413, 0.0876355618238, 0.0571260787547, 0.0405822917819, 0.00393089698628, 0.000130168118631, 1.46791144289e-05, 4.50820971309e-06, 2.0765512545e-06, 7.84277347066e-07, 1.15872774131e-06, 6.01402120992e-07],
        "stdev": [0.520549297333, 2.04568982124, 2.09534883499, 2.44149661064, 2.27155661583, 3.26668930054, 8.54401397705, 26.7314586639, 97.9258651733, 121.638458252, 83.1119918823, 107.29095459, 116.536376953, 133.940658569, 138.062637329, 161.605422974, 126.193534851, 86.1891860962, 113.21081543, 53.4804077148, 65.3556900024, 35.9170570374, 28.02293396, 28.0266151428, 19.1853084564, 33.932559967, 25.6489334106, 12.618309021, 12.3429851532, 8.2416639328, 7.58797883987, 3.36060976982, 1.4791841507, 0.15884205699, 0.00476404186338, 0.000371648347937, 0.000116000817798, 4.05874670832e-05, 1.4587246369e-05, 2.32953971135e-05]
    },
    "gfcc": {
        "mean": [-36.2992477417, 96.0054931641, -211.443130493, 35.450176239, -92.5621643066, 13.2121276855, -17.102853775, -14.5493583679, 10.8964004517, -18.660697937, 10.5062980652, -14.4209842682, 0.678483307362],
        "cov": [[1426.10461426, 498.000061035, 902.207397461, 690.363647461, 253.52406311, 230.401901245, 13.2788496017, -5.2696428299, 42.1049079895, 188.179885864, 148.240081787, 97.7327270508, 70.4622116089], [498.000061035, 960.916809082, 997.40222168, 773.223144531, 390.729370117, 206.84085083, 54.3635063171, -21.642490387, -6.44274091721, 125.314926147, 101.664779663, 51.3368759155, 96.9322738647], [902.207397461, 997.40222168, 1851.88623047, 1279.67932129, 414.095031738, 497.824920654, -137.142196655, 139.365814209, -27.1023674011, 248.580429077, 202.382232666, 136.868988037, 184.888214111], [690.363647461, 773.223144531, 1279.67932129, 1041.60412598, 414.457366943, 368.347351074, -11.2175512314, 73.4950714111, -23.0415248871, 186.286453247, 132.913146973, 99.5173950195, 127.161979675], [253.52406311, 390.729370117, 414.095031738, 414.457366943, 331.598480225, 194.618881226, 117.491233826, 27.4268608093, 6.9357790947, 59.9001502991, 38.5523643494, 19.3412494659, 34.264667511], [230.401901245, 206.84085083, 497.824920654, 368.347351074, 194.618881226, 339.290557861, 65.5894775391, 50.560043335, -48.0567398071, 71.0156402588, 54.0639228821, 38.1645584106, 58.0020523071], [13.2788496017, 54.3635063171, -137.142196655, -11.2175512314, 117.491233826, 65.5894775391, 255.669113159, -30.8228092194, 20.0946311951, 20.0983963013, -7.35357236862, -1.31714487076, -18.6917037964], [-5.2696428299, -21.642490387, 139.365814209, 73.4950714111, 27.4268608093, 50.560043335, -30.8228092194, 193.791183472, 71.0129013062, 11.9147939682, 15.9689912796, -6.34209299088, 20.7104606628], [42.1049079895, -6.44274091721, -27.1023674011, -23.0415248871, 6.9357790947, -48.0567398071, 20.0946311951, 71.0129013062, 155.102813721, 59.1349945068, 24.6102428436, 17.360168457, -15.7530860901], [188.179885864, 125.314926147, 248.580429077, 186.286453247, 59.9001502991, 71.0156402588, 20.0983963013, 11.9147939682, 59.1349945068, 150.31439209, 95.6073989868, 47.3424530029, 36.1725997925], [148.240081787, 101.664779663, 202.382232666, 132.913146973, 38.5523643494, 54.0639228821, -7.35357236862, 15.9689912796, 24.6102428436, 95.6073989868, 112.983406067, 59.8185539246, 39.4970092773], [97.7327270508, 51.3368759155, 136.868988037, 99.5173950195, 19.3412494659, 38.1645584106, -1.31714487076, -6.34209299088, 17.360168457, 47.3424530029, 59.8185539246, 88.3158721924, 52.3790779114], [70.4622116089, 96.9322738647, 184.888214111, 127.161979675, 34.264667511, 58.0020523071, -18.6917037964, 20.7104606628, -15.7530860901, 36.1725997925, 39.4970092773, 52.3790779114, 109.067939758]],
        "icov": [[0.00124902348034, 0.00082102639135, -0.000956029864028, -0.000494741310831, -0.000275223486824, 0.000450843857834, -0.000632087117992, 0.00140939315315, -0.0012530668173, 0.000968028733041, -0.00141407980118, 0.0010319998255, -0.000353948475095], [0.00082102639135, 0.00845206715167, -0.00697406986728, 0.000967328844126, -0.00575631018728, 0.00562875624746, -0.00413856189698, 0.00660732062533, -0.00405653659254, 0.0059077590704, -0.00564954569563, 0.00725026568398, -0.00447772629559], [-0.000956029864028, -0.00697406986728, 0.0124082583934, -0.00884556490928, 0.00785683933645, -0.00799247901887, 0.00595460785553, -0.00517283147201, 0.00117178808432, -0.00306707643904, 0.00142112944741, -0.00360153662041, 0.00228091864847], [-0.000494741310831, 0.000967328844126, -0.00884556490928, 0.0148449186236, -0.00986288208514, 0.00418721651658, -0.000619280734099, -0.00160675204825, 0.00580362230539, -0.00703135319054, 0.00690491404384, -0.00586809962988, 0.00170552905183], [-0.000275223486824, -0.00575631018728, 0.00785683933645, -0.00986288208514, 0.0170937348157, -0.00764876278117, -0.00113846675958, -0.00181475677527, -0.00364381633699, 0.00379969412461, -0.00267932075076, 0.00224332069047, 0.00042748649139], [0.000450843857834, 0.00562875624746, -0.00799247901887, 0.00418721651658, -0.00764876278117, 0.0128439348191, -0.00542395561934, 0.000200295340619, 0.00456417631358, -0.00120794051327, 6.48815912427e-05, 0.000344779313309, -0.00115126697347], [-0.000632087117992, -0.00413856189698, 0.00595460785553, -0.000619280734099, -0.00113846675958, -0.00542395561934, 0.010293636471, -0.00230895727873, 0.00130720855668, -0.00566876260564, 0.00473571522161, -0.00499784527346, 0.00291311903857], [0.00140939315315, 0.00660732062533, -0.00517283147201, -0.00160675204825, -0.00181475677527, 0.000200295340619, -0.00230895727873, 0.0168045610189, -0.0142015507445, 0.0132106356323, -0.0113542778417, 0.0143323550001, -0.0084673743695], [-0.0012530668173, -0.00405653659254, 0.00117178808432, 0.00580362230539, -0.00364381633699, 0.00456417631358, 0.00130720855668, -0.0142015507445, 0.0235880184919, -0.0192879233509, 0.0139115778729, -0.0164029654115, 0.00994348432869], [0.000968028733041, 0.0059077590704, -0.00306707643904, -0.00703135319054, 0.00379969412461, -0.00120794051327, -0.00566876260564, 0.0132106356323, -0.0192879233509, 0.0343556925654, -0.0267859045416, 0.0179393589497, -0.00960527174175], [-0.00141407980118, -0.00564954569563, 0.00142112944741, 0.00690491404384, -0.00267932075076, 6.48815912427e-05, 0.00473571522161, -0.0113542778417, 0.0139115778729, -0.0267859045416, 0.0373102277517, -0.023727633059, 0.00802654586732], [0.0010319998255, 0.00725026568398, -0.00360153662041, -0.00586809962988, 0.00224332069047, 0.000344779313309, -0.00499784527346, 0.0143323550001, -0.0164029654115, 0.0179393589497, -0.023727633059, 0.0380029976368, -0.0166064873338], [-0.000353948475095, -0.00447772629559, 0.00228091864847, 0.00170552905183, 0.00042748649139, -0.00115126697347, 0.00291311903857, -0.0084673743695, 0.00994348432869, -0.00960527174175, 0.00802654586732, -0.0166064873338, 0.019797032699]]
    },
    "melbands": {
        "max": [0.0309084933251, 0.0187718030065, 0.00671808747575, 0.00342851853929, 0.00394194386899, 0.00679752370343, 0.0172522068024, 0.0135028418154, 0.00851616915315, 0.00710422871634, 0.00650459714234, 0.00601376919076, 0.00590167101473, 0.00532209407538, 0.00240157032385, 0.00229296577163, 0.00285972724669, 0.0017218592111, 0.00152383593377, 0.00136309210211, 0.00138200854417, 0.000809939869214, 0.000749152270146, 0.000436329894001, 0.000401099503506, 0.000341852311976, 0.000348248169757, 0.000281183776679, 0.000247712479904, 0.000134752102895, 0.000113425398013, 0.000120075434097, 6.72690803185e-05, 5.20941066497e-05, 6.0910017055e-05, 4.18458621425e-05, 1.93089344975e-05, 1.28607834995e-05, 4.39556924903e-06, 4.5894225309e-07],
        "mean": [0.000831760407891, 0.000351958704414, 0.00010281617142, 8.08231998235e-05, 0.000105344333861, 0.000228999138926, 0.000582292792387, 0.000466340192361, 0.000274825521046, 0.000354536925443, 0.000325657136273, 0.000285393500235, 0.000156675334438, 0.000228884222452, 0.000156153619173, 0.000130687840283, 9.3862428912e-05, 0.000105703446025, 5.79059014854e-05, 3.97402654926e-05, 3.66923923139e-05, 2.2121341317e-05, 1.89814181795e-05, 1.84517375601e-05, 1.64907851286e-05, 1.17292465802e-05, 8.78027458384e-06, 1.3186599972e-05, 9.95592381514e-06, 7.96591666585e-06, 4.942311989e-06, 4.88461364512e-06, 4.05073751608e-06, 3.87370891985e-06, 3.5347584344e-06, 2.03452873393e-06, 1.14928457151e-06, 6.65271443268e-07, 1.55503784072e-07, 9.20326836962e-09],
        "min": [2.67678712529e-10, 2.12889844642e-10, 4.33581925918e-09, 3.81717732978e-08, 6.80450611412e-08, 2.02761242463e-07, 1.08332426407e-06, 2.59031276073e-06, 1.01225953131e-06, 4.48273056008e-07, 1.91627759705e-06, 1.32927095819e-06, 4.6844675694e-07, 3.64115521734e-07, 1.34834678533e-07, 2.17332342345e-07, 4.31799605849e-07, 6.47285276045e-07, 7.95698156253e-07, 2.18435374677e-07, 2.71857459211e-07, 1.61188481229e-07, 1.64565008731e-07, 4.23783376391e-07, 3.02765243987e-07, 1.30560252387e-07, 8.67756213552e-08, 1.06657331855e-07, 4.36444160812e-08, 1.60243640579e-08, 1.47819477547e-07, 9.54590717583e-08, 5.71368978797e-08, 3.97339228186e-08, 4.02942283984e-08, 1.85889579285e-08, 1.9884089042e-08, 1.71803862803e-10, 1.30907123249e-12, 1.32215169802e-12],
        "stdev": [0.00378399784677, 0.00138885946944, 0.000398183678044, 0.000191838669707, 0.000266562477918, 0.000614019285422, 0.00150413997471, 0.00124311144464, 0.000648851331789, 0.000732804182917, 0.00057994783856, 0.000568674702663, 0.000391856592614, 0.000590481387917, 0.000288575713057, 0.000248356547672, 0.000177551235538, 0.000196465640329, 0.000107219311758, 0.000102619356767, 8.17885884317e-05, 4.6757315431e-05, 4.12531771872e-05, 2.70981254289e-05, 2.56466610153e-05, 1.70526291186e-05, 1.69753438968e-05, 2.75874699582e-05, 1.73334228748e-05, 1.27812027131e-05, 7.52331470721e-06, 8.69877658261e-06, 5.56291934117e-06, 4.7812604862e-06, 5.05859406985e-06, 2.97234828395e-06, 1.91857157006e-06, 1.3208072005e-06, 4.06932770147e-07, 3.93042327573e-08]
    },
    "melbands128": {
        "max": [0.0102057177573, 0.0475576519966, 0.0499559603631, 0.0464218780398, 0.0257565323263, 0.0194071214646, 0.00912724435329, 0.00590512203053, 0.00514842383564, 0.00432534283027, 0.00230415537953, 0.00521930400282, 0.00392802525312, 0.0137679986656, 0.0108119398355, 0.0123413633555, 0.0210214406252, 0.0273719169199, 0.0251450762153, 0.0228095818311, 0.0169119760394, 0.0139049263671, 0.0132096484303, 0.00915305688977, 0.00944600719959, 0.011386398226, 0.0131883937865, 0.00768675468862, 0.00678468542174, 0.0121539169922, 0.0126456143335, 0.00356074748561, 0.00674293749034, 0.0102071585134, 0.0113393580541, 0.0114796552807, 0.00608664285392, 0.00432658521459, 0.00466547627002, 0.00550681818277, 0.00391860911623, 0.00232766056433, 0.00347381760366, 0.00466984231025, 0.00217889016494, 0.00340642384253, 0.00602814136073, 0.00197616848163, 0.00188701495063, 0.00254129152745, 0.00257973489352, 0.00335560529493, 0.00157488067634, 0.00357608986087, 0.00232130824588, 0.00142974127084, 0.0006415710086, 0.00123941944912, 0.000844861264341, 0.000339604157489, 0.000867387047037, 0.000586117093917, 0.000514197919983, 0.000730975240003, 0.000678584794514, 0.000481921335449, 0.000449827493867, 0.000351653929101, 0.000520518631674, 0.000436901231296, 0.000643391162157, 0.000509520294145, 0.000477648805827, 0.000402153877076, 0.000454335648101, 0.000299076928059, 0.000119841606647, 0.000175039327587, 0.000152742592036, 0.000190995851881, 0.000180324859684, 0.000159833696671, 0.000133029461722, 8.28379925224e-05, 8.91437084647e-05, 5.40694672964e-05, 6.65176630719e-05, 9.9321558082e-05, 6.79376753396e-05, 6.33288436802e-05, 5.96847639827e-05, 2.85413516394e-05, 3.32835006702e-05, 2.80663371086e-05, 2.07159991987e-05, 2.05279229704e-05, 1.11943327283e-05, 6.85903432895e-06, 8.1233038145e-06, 2.3156064799e-06, 7.59001977713e-07, 2.08043729799e-07, 1.64345497211e-08, 1.62760613875e-08, 1.60058952758e-08, 1.55986867867e-08, 1.52594115121e-08, 1.4716715846e-08, 1.43472052017e-08, 1.38758293744e-08, 1.35162787629e-08, 1.31769146705e-08, 1.28018360357e-08, 1.22674119751e-08, 1.19870930959e-08, 1.17037437519e-08, 1.13213847186e-08, 1.10071987081e-08, 1.07382112091e-08, 1.05030082409e-08, 1.02008606007e-08, 1.01009485221e-08, 9.89736914647e-09, 9.75140679316e-09, 9.61344603922e-09, 9.49718170773e-09, 9.40367339552e-09, 9.36819333219e-09],
        "mean": [0.00016962607333, 0.000956162868533, 0.00110851961654, 0.000617439567577, 0.000281449320028, 0.000170001760125, 0.000121813580336, 9.02234314708e-05, 5.87577742408e-05, 7.82805509516e-05, 9.7184725746e-05, 8.78175633261e-05, 7.10841050022e-05, 0.000173320426256, 0.000200226058951, 0.000230462756008, 0.000466985016828, 0.000701786484569, 0.000666899548378, 0.000521423644386, 0.000365606392734, 0.000280210777419, 0.000248235475738, 0.000278789404547, 0.000357820565114, 0.000375391187845, 0.000374025461497, 0.000305043853587, 0.000291637552436, 0.000363071274478, 0.000281228974927, 0.000139611889608, 0.000132945206133, 0.000160657567903, 0.000253278500168, 0.000274642050499, 0.000152672684635, 0.000126723418362, 0.000180763410754, 0.000162430675118, 0.00011432125757, 9.22507169889e-05, 9.55139112193e-05, 9.42201513681e-05, 8.96941492101e-05, 0.000124502941617, 0.000106261657493, 5.65757327422e-05, 3.88109110645e-05, 3.34376782121e-05, 4.09239364672e-05, 4.71273015137e-05, 3.41507948178e-05, 3.73722759832e-05, 2.99651255773e-05, 1.7794975065e-05, 1.72164145624e-05, 2.26604934142e-05, 1.70474449988e-05, 1.70508064912e-05, 1.89847432921e-05, 1.93146788661e-05, 1.8266702682e-05, 1.54604913405e-05, 1.40074234878e-05, 1.23268928292e-05, 1.01741752587e-05, 7.91481852502e-06, 7.58428541303e-06, 1.04261434899e-05, 1.71043720911e-05, 1.16862729556e-05, 9.85356018646e-06, 9.40338759392e-06, 1.06940224214e-05, 9.41389316722e-06, 6.03729768045e-06, 4.96902930536e-06, 4.68557072963e-06, 5.06574906467e-06, 5.38050881005e-06, 4.64568802272e-06, 3.98392603529e-06, 4.13797761212e-06, 4.00116914534e-06, 3.67122697753e-06, 3.87093041354e-06, 4.16757620769e-06, 3.59553632734e-06, 3.15823717756e-06, 2.46709441853e-06, 1.71054966813e-06, 1.2528590787e-06, 1.18672949156e-06, 1.04659045519e-06, 9.22830679428e-07, 5.80834523589e-07, 2.99135479054e-07, 1.85137082553e-07, 5.71687479578e-08, 1.36341204993e-08, 2.78817413601e-09, 5.64483633447e-11, 2.25534989989e-11, 2.18615126002e-11, 2.78940204268e-11, 4.42602447748e-11, 4.32756538937e-11, 2.24045920705e-11, 1.68282020263e-11, 1.63384410168e-11, 1.58987233101e-11, 1.54151604675e-11, 1.477705458e-11, 1.44009743366e-11, 1.41083577113e-11, 1.37105639342e-11, 1.33706708899e-11, 1.31137834966e-11, 1.28167953681e-11, 1.24356315176e-11, 1.22933737842e-11, 1.2100919225e-11, 1.18864649026e-11, 1.13252107345e-11, 1.05044263218e-11, 1.00337186476e-11, 9.93805385208e-12],
        "min": [1.37687070079e-10, 2.48000564529e-10, 1.59518828702e-10, 6.66241367631e-11, 1.42234987677e-10, 7.18767823038e-11, 5.62617348543e-11, 5.62197788323e-10, 4.43802194994e-09, 5.34453370449e-09, 1.6988320084e-08, 2.1746469514e-08, 5.29706545294e-09, 1.96174099187e-08, 1.46653720279e-08, 3.03289269254e-08, 2.02183187525e-07, 7.20127331988e-07, 3.04734044221e-07, 5.82500433666e-07, 1.18317714737e-07, 9.09596451493e-08, 1.70894111307e-07, 1.60432563234e-07, 1.07643074898e-07, 9.49601997036e-08, 7.80698456992e-08, 6.02567183705e-07, 6.90843933171e-07, 1.26740201267e-06, 1.87469581192e-07, 3.14215384378e-07, 2.60216609149e-07, 1.52447199753e-07, 3.97791488638e-08, 1.81677535238e-07, 1.01020006582e-07, 1.20966717532e-07, 5.45362155435e-08, 2.35528034409e-07, 1.21935414654e-07, 2.40226626147e-07, 2.19146016889e-07, 1.75251969381e-07, 4.67859649689e-07, 4.39068429614e-07, 8.8172021151e-07, 4.73711651239e-07, 1.42396061165e-07, 1.72894502271e-07, 2.50121416911e-08, 1.11911219847e-07, 2.74100528941e-07, 2.62776644888e-08, 6.06759655852e-08, 9.10393893605e-08, 5.03828196941e-08, 3.30670459903e-08, 1.15655794275e-07, 1.69284646745e-07, 1.64859400797e-07, 1.58219506829e-07, 1.16705642483e-07, 1.91040953723e-07, 5.0985892841e-08, 5.07811783734e-08, 1.34481766167e-07, 4.77820343292e-08, 5.85186228363e-08, 1.30840348334e-07, 6.27885725635e-08, 1.24321260841e-07, 7.02816151943e-08, 1.35164954784e-08, 1.8469238583e-08, 4.87805973393e-09, 3.68611163815e-09, 7.01081788179e-08, 4.43956054141e-08, 3.03846299232e-08, 3.95097075057e-08, 2.89003683207e-08, 3.53768463413e-08, 4.81357531612e-08, 4.3977440356e-08, 2.43640183584e-08, 1.15231122422e-08, 3.92073928879e-08, 4.66978811176e-08, 1.14532774376e-08, 2.09174100263e-08, 1.86019004644e-08, 5.37971134307e-09, 2.39809914149e-08, 3.64133834196e-09, 7.86256476593e-12, 9.3548931622e-13, 8.86728787185e-13, 1.06297587919e-12, 1.0097902332e-12, 8.00652133568e-13, 8.33511861961e-13, 7.46653769628e-13, 7.56438694235e-13, 6.99265461073e-13, 6.56359949031e-13, 5.08047488627e-13, 5.58850220874e-13, 8.1089366992e-13, 7.21983345504e-13, 7.65316195833e-13, 6.99951598418e-13, 6.21642657055e-13, 6.68370361227e-13, 7.62818139818e-13, 8.45128708769e-13, 7.64172525172e-13, 7.88095391897e-13, 7.86702951047e-13, 8.13969876744e-13, 7.2309893533e-13, 8.54323393713e-13, 7.15033067478e-13, 8.40541503587e-13, 5.6806095201e-13, 2.45992679351e-13, 2.99358756913e-14, 8.10348320886e-16],
        "stdev": [0.00084896502085, 0.00479554245248, 0.00528271635994, 0.00287724798545, 0.00124923698604, 0.00084142468404, 0.000538357708137, 0.000322938023601, 0.000220804911805, 0.000242570793489, 0.000191645056475, 0.000217952765524, 0.000226520554861, 0.000667379295919, 0.000659925513901, 0.000888989306986, 0.00155509007163, 0.00216344324872, 0.00194335798733, 0.00189861550462, 0.0012813671492, 0.00100006652065, 0.000820431741886, 0.000641673279461, 0.0008205914055, 0.000958075572271, 0.000987709034234, 0.000708572566509, 0.000580552092288, 0.000841671135277, 0.000819584529381, 0.000309657014441, 0.000467577774543, 0.000672509951983, 0.000872273056302, 0.00090309191728, 0.000493397936225, 0.000344927975675, 0.000454757129773, 0.00047550527961, 0.000295742618619, 0.000198556517716, 0.000232336053159, 0.000279902975308, 0.000196330322069, 0.000330930721248, 0.000321912084473, 0.000137109469506, 9.94496367639e-05, 9.49878740357e-05, 0.000148470455315, 0.000191489452845, 8.44259993755e-05, 0.000143349214341, 0.000113953305117, 5.02865768794e-05, 3.52315764758e-05, 7.24829733372e-05, 4.86769204144e-05, 3.00540632452e-05, 4.39200448454e-05, 3.86680585507e-05, 3.25861874444e-05, 3.63647886843e-05, 3.16204459523e-05, 2.4235165256e-05, 2.20204419747e-05, 1.68753576872e-05, 2.39137607423e-05, 2.61434106505e-05, 4.94670639455e-05, 3.35552576871e-05, 2.63978436124e-05, 2.10513644561e-05, 2.95950994769e-05, 2.07913381018e-05, 1.0254982044e-05, 1.01595151136e-05, 9.38093035074e-06, 1.10012197183e-05, 1.23536356114e-05, 1.04910459413e-05, 7.11479833626e-06, 6.83188500261e-06, 6.41524593448e-06, 5.34132641405e-06, 6.08128584645e-06, 6.84790848027e-06, 5.93039430896e-06, 5.30853913006e-06, 4.01135866923e-06, 2.71871158475e-06, 2.13755788536e-06, 2.18173181565e-06, 1.95954748961e-06, 1.83019528777e-06, 1.32616912651e-06, 7.57337545565e-07, 5.15578108207e-07, 2.12670769884e-07, 6.60647430095e-08, 1.53285721893e-08, 5.02069663622e-10, 4.42089670427e-10, 4.35323666004e-10, 4.30390140194e-10, 4.52354986802e-10, 4.17204076841e-10, 3.8969752425e-10, 3.76239206457e-10, 3.6648442614e-10, 3.57275431462e-10, 3.47102846465e-10, 3.32614158438e-10, 3.25008547852e-10, 3.17322390586e-10, 3.06954184293e-10, 2.98432778489e-10, 2.9113508826e-10, 2.84757245561e-10, 2.76567158064e-10, 2.73856409772e-10, 2.68334798825e-10, 2.6437818601e-10, 2.60647586847e-10, 2.57513455004e-10, 2.54988641313e-10, 2.54028104107e-10]
    },
    "mfcc": {
        "mean": [-637.842834473, 99.0430679321, -56.9621086121, 9.38878822327, -42.6938972473, 17.714761734, -26.2362346649, 17.4440097809, -17.893611908, 19.5233364105, -11.409327507, 12.8155040741, -10.3501214981],
        "cov": [[1052.36804199, 112.940345764, 506.151824951, 348.46572876, 249.034744263, 215.016815186, 97.8468933105, -14.1518802643, 5.50941896439, 21.7294387817, 6.80540752411, 81.7358398438, 100.829803467], [112.940345764, 506.975158691, 325.317840576, 398.464233398, 192.92199707, 229.833236694, 106.250137329, 19.0400085449, 17.2433834076, 32.6958312988, -20.972038269, 54.9466743469, 37.9379005432], [506.151824951, 325.317840576, 1769.46533203, 731.002685547, 919.525939941, 317.384094238, 376.048583984, -79.912651062, 137.437423706, -74.281867981, 52.2027397156, 82.8973922729, 207.467391968], [348.46572876, 398.464233398, 731.002685547, 689.790527344, 428.878143311, 330.572723389, 188.719650269, 14.7722845078, 62.2679672241, 26.4332866669, 0.615129053593, 108.875862122, 121.271812439], [249.034744263, 192.92199707, 919.525939941, 428.878143311, 654.848266602, 153.481750488, 247.536773682, -6.96054649353, 125.556175232, -22.9760303497, 40.2518386841, 41.4838981628, 119.685119629], [215.016815186, 229.833236694, 317.384094238, 330.572723389, 153.481750488, 418.444122314, 196.932510376, 47.2753067017, 6.93381977081, 38.7274208069, -1.88512182236, 39.2033996582, 58.9543151855], [97.8468933105, 106.250137329, 376.048583984, 188.719650269, 247.536773682, 196.932510376, 299.07723999, 29.5076885223, 76.5850372314, -5.74944353104, 21.6958427429, -6.79876470566, 33.8333358765], [-14.1518802643, 19.0400085449, -79.912651062, 14.7722845078, -6.96054649353, 47.2753067017, 29.5076885223, 134.694442749, 38.7796592712, 45.0269737244, 7.73019313812, 10.5471124649, -6.94576692581], [5.50941896439, 17.2433834076, 137.437423706, 62.2679672241, 125.556175232, 6.93381977081, 76.5850372314, 38.7796592712, 135.75769043, 21.4475364685, 34.1419563293, 17.1663246155, 16.2244510651], [21.7294387817, 32.6958312988, -74.281867981, 26.4332866669, -22.9760303497, 38.7274208069, -5.74944353104, 45.0269737244, 21.4475364685, 106.716148376, 31.7343864441, 40.4574584961, 13.6606683731], [6.80540752411, -20.972038269, 52.2027397156, 0.615129053593, 40.2518386841, -1.88512182236, 21.6958427429, 7.73019313812, 34.1419563293, 31.7343864441, 92.2360229492, 38.5288276672, 30.5566177368], [81.7358398438, 54.9466743469, 82.8973922729, 108.875862122, 41.4838981628, 39.2033996582, -6.79876470566, 10.5471124649, 17.1663246155, 40.4574584961, 38.5288276672, 119.016639709, 55.5947723389], [100.829803467, 37.9379005432, 207.467391968, 121.271812439, 119.685119629, 58.9543151855, 33.8333358765, -6.94576692581, 16.2244510651, 13.6606683731, 30.5566177368, 55.5947723389, 121.106040955]],
        "icov": [[0.00126542989165, 0.000408164371038, -0.000235196988797, -0.000442575343186, 1.33457833726e-05, -0.000349059322616, 0.000131436885567, 0.000118448566354, 0.000276967213722, -0.000345374923199, 0.000279443018371, -0.000337330508046, -0.000122321784147], [0.000408164371038, 0.00410300167277, 0.000138321425766, -0.00253768498078, -6.08608243056e-05, -0.000598140701186, -3.15378383675e-05, 0.000243323389441, 0.000373716058675, -0.000857110018842, 0.000762217270676, -0.000238984604948, 0.00101715116762], [-0.000235196988797, 0.000138321425766, 0.00283485627733, -0.000740567687899, -0.00305031612515, -0.00046419352293, -0.000270413031103, 0.00131522014271, 8.45482500154e-05, 0.00138160469942, -0.000534301158041, -0.000181263327249, -0.000520013738424], [-0.000442575343186, -0.00253768498078, -0.000740567687899, 0.00658929301426, -0.00189413782209, -0.00245581683703, 0.00103680242319, -8.656137652e-06, -0.000713076267857, -6.1008035118e-05, 0.00198172591627, -0.00278880959377, -0.000506325042807], [1.33457833726e-05, -6.08608243056e-05, -0.00305031612515, -0.00189413782209, 0.00787843856961, 0.00217438000254, -0.00210118130781, -0.00104108080268, -0.00180114526302, -0.000320148770697, -0.00048270681873, 0.00162823626306, -0.00153524696361], [-0.000349059322616, -0.000598140701186, -0.00046419352293, -0.00245581683703, 0.00217438000254, 0.00671295868233, -0.00411307439208, -0.00154778105207, 0.00234355754219, -0.00165851577185, 0.000242001275183, 0.000694494287018, -0.00113080767915], [0.000131436885567, -3.15378383675e-05, -0.000270413031103, 0.00103680242319, -0.00210118130781, -0.00411307439208, 0.00827448163182, -0.000414426758653, -0.00278835184872, 0.00140780431684, -0.00140971422661, 0.00175036909059, 0.000835756596643], [0.000118448566354, 0.000243323389441, 0.00131522014271, -8.656137652e-06, -0.00104108080268, -0.00154778105207, -0.000414426758653, 0.0106225656345, -0.00293192407116, -0.00298165087588, 0.000968056672718, -0.000431192776887, 0.000770856742747], [0.000276967213722, 0.000373716058675, 8.45482500154e-05, -0.000713076267857, -0.00180114526302, 0.00234355754219, -0.00278835184872, -0.00293192407116, 0.0123184183612, -0.00175761478022, -0.00220354530029, -0.000697184586897, 0.000895546225365], [-0.000345374923199, -0.000857110018842, 0.00138160469942, -6.1008035118e-05, -0.000320148770697, -0.00165851577185, 0.00140780431684, -0.00298165087588, -0.00175761478022, 0.0152195068076, -0.00428892858326, -0.00262266816571, -0.000385411665775], [0.000279443018371, 0.000762217270676, -0.000534301158041, 0.00198172591627, -0.00048270681873, 0.000242001275183, -0.00140971422661, 0.000968056672718, -0.00220354530029, -0.00428892858326, 0.0166860595345, -0.00476549658924, -0.00197543739341], [-0.000337330508046, -0.000238984604948, -0.000181263327249, -0.00278880959377, 0.00162823626306, 0.000694494287018, 0.00175036909059, -0.000431192776887, -0.000697184586897, -0.00262266816571, -0.00476549658924, 0.0153885399923, -0.00447468366474], [-0.000122321784147, 0.00101715116762, -0.000520013738424, -0.000506325042807, -0.00153524696361, -0.00113080767915, 0.000835756596643, 0.000770856742747, 0.000895546225365, -0.000385411665775, -0.00197543739341, -0.00447468366474, 0.0137927951291]]
    },
    "spectral_contrast_coeffs": {
        "max": [-0.387713670731, -0.376202702522, -0.455327779055, -0.546034216881, -0.604266762733, -0.388102531433],
        "mean": [-0.736082732677, -0.72677230835, -0.752032935619, -0.788469135761, -0.783915698528, -0.621283710003],
        "min": [-0.906153380871, -0.914258480072, -0.894170880318, -0.897249817848, -0.868237733841, -0.815271615982],
        "stdev": [0.074030585587, 0.0943458154798, 0.07187602669, 0.0574445091188, 0.0423180423677, 0.065172329545]
    },
    "spectral_contrast_valleys": {
        "max": [-5.07022762299, -4.80319213867, -5.30364561081, -5.64355325699, -5.78670787811, -9.13905334473],
        "mean": [-8.16306686401, -6.66936159134, -6.75906419754, -6.95539426804, -7.1766667366, -11.3310918808],
        "min": [-12.9193172455, -8.47536373138, -8.75829124451, -8.76051330566, -9.01749801636, -15.2225131989],
        "stdev": [1.50051116943, 0.457797795534, 0.539477050304, 0.443934440613, 0.37874647975, 0.915423631668]
    }
},
"rhythm": {
    "beats_count": 78,
    "beats_loudness": {
        "max": 0.120213419199,
        "mean": 0.0269837938249,
        "min": 0.00262400880456,
        "stdev": 0.020500311628
    },
    "bpm": 155.475296021,
    "bpm_histogram_first_peak_bpm": 157,
    "bpm_histogram_first_peak_weight": 0.0909091234207,
    "bpm_histogram_second_peak_bpm": 152,
    "bpm_histogram_second_peak_spread": 0.315789461136,
    "bpm_histogram_second_peak_weight": 0.168831169605,
    "danceability": 1.02207803726,
    "onset_rate": 2.91760635376,
    "beats_loudness_band_ratio": {
        "max": [0.837738871574, 0.646596133709, 0.847064673901, 0.802433729172, 0.583558142185, 0.462140351534],
        "mean": [0.0843397378922, 0.0782876163721, 0.328222751617, 0.308905392885, 0.147113531828, 0.0879812315106],
        "min": [1.98347993319e-06, 0.000538944907021, 0.0157985240221, 0.0221153385937, 0.0191692914814, 0.0142150484025],
        "stdev": [0.160389214754, 0.122563540936, 0.226862803102, 0.200540706515, 0.102285169065, 0.0735019594431]
    },
