{
"metadata": {
    "version": {
        "essentia": "2.1-beta5",
        "essentia_git_sha": "Undefined",
        "extractor": "music 2.0"
    },
    "audio_properties": {
        "analysis": {
            "equal_loudness": 0,
            "length": 32.4963264465,
            "sample_rate": 44100,
            "start_time": 12.7477550507,
            "downmix": "mix"
        },
        "bit_rate": 192000,
        "length": 202.001998901,
        "lossless": 0,
        "number_channels": 2,
        "replay_gain": 4.81691169739,
        "sample_rate": 48000,
        "codec": "mp3",
        "md5_encoded": "3ac0460a4a9d1e7dadbe0960a3b97673"
    },
    "tags": {
        "file_name": "Denmark_Cliche Love Song_Basim.mp3",
        "encoding": ["Lavf58.29.100"]
    }
},
"lowlevel": {
    "average_loudness": 0.955831348896,
    "barkbands_crest": {
        "max": 22.9236354828,
        "mean": 9.80946540833,
        "min": 2.42986154556,
        "stdev": 4.21916341782
    },
    "barkbands_flatness_db": {
        "max": 0.350110381842,
        "mean": 0.170942306519,
        "min": 0.0915178209543,
        "stdev": 0.0414455905557
    },
    "barkbands_kurtosis": {
        "max": 86.584854126,
        "mean": 2.22029328346,
        "min": -1.90431153774,
        "stdev": 6.07432603836
    },
    "barkbands_skewness": {
        "max": 8.05125141144,
        "mean": 1.25665867329,
        "min": -1.264975667,
        "stdev": 1.02715432644
    },
    "barkbands_spread": {
        "max": 99.6962127686,
        "mean": 29.8527202606,
        "min": 1.85238873959,
        "stdev": 15.6681747437
    },
    "dissonance": {
        "max": 0.499999910593,
        "mean": 0.468301802874,
        "min": 0.247372254729,
        "stdev": 0.0289934743196
    },
    "dynamic_complexity": 2.56304764748,
    "erbbands_crest": {
        "max": 27.2072906494,
        "mean": 8.69622325897,
        "min": 2.50235795975,
        "stdev": 4.63468742371
    },
    "erbbands_flatness_db": {
        "max": 0.357320338488,
        "mean": 0.201172396541,
        "min": 0.0976893752813,
        "stdev": 0.0389427542686
    },
    "erbbands_kurtosis": {
        "max": 17.6052799225,
        "mean": -0.127965152264,
        "min": -1.83506441116,
        "stdev": 1.95531582832
    },
    "erbbands_skewness": {
        "max": 3.09001159668,
        "mean": 0.140475317836,
        "min": -3.78317451477,
        "stdev": 0.812027215958
    },
    "erbbands_spread": {
        "max": 111.493721008,
        "mean": 46.630569458,
        "min": 5.02295446396,
        "stdev": 17.3789329529
    },
    "hfc": {
        "max": 104.526916504,
        "mean": 24.9828853607,
        "min": 0.386593610048,
        "stdev": 17.0194969177
    },
    "loudness_ebu128": {
        "integrated": -28.163312912,
        "loudness_range": 1.92251586914,
        "momentary": {
            "max": -24.4477539062,
            "mean": -28.4482097626,
            "min": -33.4521255493,
            "stdev": 1.66419947147
        },
        "short_term": {
            "max": -26.7267017365,
            "mean": -28.2267799377,
            "min": -31.7015285492,
            "stdev": 0.907112538815
        }
    },
    "melbands_crest": {
        "max": 35.4646110535,
        "mean": 15.0350265503,
        "min": 3.44056653976,
        "stdev": 6.03127002716
    },
    "melbands_flatness_db": {
        "max": 0.434040725231,
        "mean": 0.180852532387,
        "min": 0.0288182795048,
        "stdev": 0.0594571642578
    },
    "melbands_kurtosis": {
        "max": 209.643966675,
        "mean": 11.5296783447,
        "min": -1.46128225327,
        "stdev": 18.0421924591
    },
    "melbands_skewness": {
        "max": 12.3802118301,
        "mean": 2.53276610374,
        "min": -0.444019854069,
        "stdev": 1.61161589622
    },
    "melbands_spread": {
        "max": 168.25138855,
        "mean": 31.7805423737,
        "min": 1.21986675262,
        "stdev": 20.0847988129
    },
    "pitch_salience": {
        "max": 0.857127666473,
        "mean": 0.555176079273,
        "min": 0.161984756589,
        "stdev": 0.126392886043
    },
    "silence_rate_20dB": {
        "max": 1,
        "mean": 1,
        "min": 1,
        "stdev": 0
    },
    "silence_rate_30dB": {
        "max": 1,
        "mean": 0.999286234379,
        "min": 0,
        "stdev": 0.0267070773989
    },
    "silence_rate_60dB": {
        "max": 1,
        "mean": 0.0314061380923,
        "min": 0,
        "stdev": 0.174415692687
    },
    "spectral_centroid": {
        "max": 4802.93164062,
        "mean": 1910.83032227,
        "min": 407.242980957,
        "stdev": 687.564453125
    },
    "spectral_complexity": {
        "max": 58,
        "mean": 21.344039917,
        "min": 0,
        "stdev": 12.6020345688
    },
    "spectral_decrease": {
        "max": -1.1495813329e-10,
        "mean": -6.76265132782e-09,
        "min": -3.50212765454e-08,
        "stdev": 5.204175757e-09
    },
    "spectral_energy": {
        "max": 0.138099044561,
        "mean": 0.0277898330241,
        "min": 0.000496954424307,
        "stdev": 0.0206475816667
    },
    "spectral_energyband_high": {
        "max": 0.0118258977309,
        "mean": 0.00205847923644,
        "min": 1.81581290235e-05,
        "stdev": 0.00190783280414
    },
    "spectral_energyband_low": {
        "max": 0.0896991193295,
        "mean": 0.00902060233057,
        "min": 8.98162625163e-07,
        "stdev": 0.0128352949396
    },
    "spectral_energyband_middle_high": {
        "max": 0.0375035963953,
        "mean": 0.00492275506258,
        "min": 3.82585712941e-05,
        "stdev": 0.00491815246642
    },
    "spectral_energyband_middle_low": {
        "max": 0.0992316231132,
        "mean": 0.0125116445124,
        "min": 0.000161296731676,
        "stdev": 0.0115376394242
    },
    "spectral_entropy": {
        "max": 8.42447376251,
        "mean": 7.73931789398,
        "min": 6.2142033577,
        "stdev": 0.360810786486
    },
    "spectral_flux": {
        "max": 0.282734572887,
        "mean": 0.0942047983408,
        "min": 0.0157706178725,
        "stdev": 0.0447204448283
    },
    "spectral_kurtosis": {
        "max": 13.1937503815,
        "mean": 0.919155538082,
        "min": -1.16222453117,
        "stdev": 1.41166913509
    },
    "spectral_rms": {
        "max": 0.0116073582321,
        "mean": 0.00482489587739,
        "min": 0.000696299946867,
        "stdev": 0.00195765076205
    },
    "spectral_rolloff": {
        "max": 8031.88476562,
        "mean": 2160.55957031,
        "min": 64.599609375,
        "stdev": 1630.96350098
    },
    "spectral_skewness": {
        "max": 2.09395503998,
        "mean": 0.639515817165,
        "min": -0.654086053371,
        "stdev": 0.330060571432
    },
    "spectral_spread": {
        "max": 14225002,
        "mean": 4032991,
        "min": 1785384.25,
        "stdev": 761231.875
    },
    "spectral_strongpeak": {
        "max": 14.842423439,
        "mean": 0.946631491184,
        "min": 0.0133235361427,
        "stdev": 1.09505593777
    },
    "zerocrossingrate": {
        "max": 0.248046875,
        "mean": 0.0752085596323,
        "min": 0.0068359375,
        "stdev": 0.0323831774294
    },
    "barkbands": {
        "max": [0.00994172878563, 0.059858366847, 0.0397556312382, 0.0325769558549, 0.0239665601403, 0.0676172971725, 0.0187873300165, 0.0266218781471, 0.0485274381936, 0.0423026904464, 0.0181879065931, 0.0166795421392, 0.00586132332683, 0.0135166058317, 0.00815998669714, 0.00440204050392, 0.00420105084777, 0.00263852765784, 0.00275830179453, 0.00584152387455, 0.00996907334775, 0.00520258583128, 0.00398468319327, 0.00144844653551, 2.59011776507e-05, 5.14786222539e-07, 5.51533105408e-07],
        "mean": [0.00102901423816, 0.00564857944846, 0.00193484278861, 0.000998079893179, 0.00192219135351, 0.00506380386651, 0.000806477211881, 0.000573122466449, 0.00242946273647, 0.00104943243787, 0.000735583016649, 0.000676618539728, 0.000376040436095, 0.000526705873199, 0.000533471931703, 0.000356218108209, 0.000331594754243, 0.000315893674269, 0.000255283230217, 0.000693106558174, 0.00069808907574, 0.000408040068578, 0.000331211136654, 9.64233186096e-05, 5.50865024707e-07, 1.96039140477e-09, 2.08302952664e-09],
        "min": [8.43907665971e-10, 2.0238759646e-07, 4.75766768204e-08, 2.27790231122e-08, 9.43241616369e-07, 4.92640310767e-07, 8.61669036567e-07, 1.57718216087e-06, 3.44663908436e-06, 1.61314926572e-06, 4.65610128231e-07, 4.56980433228e-06, 1.71269266502e-06, 1.7642325929e-06, 2.64680784312e-06, 1.37117592658e-06, 1.20948004678e-06, 1.24957068692e-06, 8.95379002941e-07, 6.99230213286e-07, 4.19565367338e-06, 3.08718654196e-06, 1.83807594567e-06, 4.64431687552e-10, 2.27124638541e-10, 3.06785624682e-10, 4.35563529688e-10],
        "stdev": [0.00177882739808, 0.00868264678866, 0.00468432111666, 0.00217412644997, 0.00324352481402, 0.00726842880249, 0.00168552808464, 0.00158692640252, 0.00486941728741, 0.0029359140899, 0.00141233718023, 0.00154300348368, 0.000590983196162, 0.00106415140908, 0.000802491675131, 0.000487380952109, 0.000490880280267, 0.000364330597222, 0.00033993733814, 0.000859079591464, 0.00109214417171, 0.000439983734395, 0.000378977390938, 0.000156720998348, 1.6219509007e-06, 1.54048507284e-08, 1.65678635256e-08]
    },
    "erbbands": {
        "max": [2.01368546486, 14.9894075394, 44.7920188904, 94.9731521606, 90.1533966064, 110.453071594, 310.362487793, 747.253601074, 365.283721924, 208.857513428, 477.255096436, 1083.23364258, 1518.14318848, 436.539367676, 675.749084473, 859.205383301, 300.012268066, 731.021118164, 290.777893066, 338.614776611, 291.829101562, 145.819503784, 124.177780151, 134.571975708, 180.509536743, 350.410491943, 597.641174316, 204.230392456, 182.132629395, 223.194198608, 92.7245483398, 52.0806655884, 14.3497314453, 1.08399343491, 0.0318663157523, 0.00239052413963, 0.000953470531385, 0.000340298633091, 7.9485027527e-05, 0.000163530799909],
        "mean": [0.238931074739, 0.960919976234, 2.25427293777, 2.83527255058, 5.32627916336, 5.8938741684, 20.5892925262, 44.7969322205, 21.5351715088, 6.9902920723, 20.6181087494, 56.6047134399, 52.6378135681, 23.0486183167, 28.6407260895, 28.3074512482, 18.7349529266, 28.3843517303, 24.0488185883, 24.6556816101, 21.7835407257, 17.1593933105, 17.1145744324, 13.5589580536, 15.0633840561, 31.8901004791, 39.3917770386, 19.6195983887, 14.7434196472, 13.7914390564, 8.06697177887, 3.28774046898, 0.915718615055, 0.0519585311413, 0.00194514915347, 0.000226998148719, 5.69632393308e-05, 1.75348450284e-05, 1.98426114366e-05, 3.51554626832e-05],
        "min": [3.09165102408e-06, 4.06729741371e-05, 0.00016988866264, 0.000127461375087, 0.000718992261682, 0.00294389692135, 0.0019471476553, 0.0103092305362, 0.0341409184039, 0.0728559866548, 0.0888900533319, 0.0889014601707, 0.0437388829887, 0.0749155580997, 0.117124974728, 0.212143450975, 0.273934721947, 0.370520800352, 0.188229307532, 0.137942582369, 0.0674300864339, 0.0731374546885, 0.0590159147978, 0.0677381306887, 0.0459059029818, 0.0293633844703, 0.0803806707263, 0.146558195353, 0.110340327024, 0.091771133244, 0.035876750946, 0.00257875793613, 0.000120846380014, 1.73417829501e-05, 7.10684935257e-06, 3.76820617021e-06, 1.82633141321e-06, 6.79102811318e-07, 5.79850450322e-07, 7.41514327274e-07],
        "stdev": [0.381476998329, 1.77862823009, 5.0851559639, 6.15618610382, 10.382068634, 11.261797905, 36.6398506165, 75.6358337402, 38.692024231, 14.4090194702, 49.9837226868, 125.945457458, 127.798782349, 41.9871864319, 59.3687705994, 68.4633865356, 27.0669174194, 53.9681434631, 34.2054214478, 32.4305229187, 30.6662368774, 20.6822490692, 19.0252094269, 15.4923229218, 20.9934120178, 40.2451438904, 65.5356369019, 22.3726615906, 15.845366478, 15.8859033585, 9.3371629715, 5.14497470856, 1.46927833557, 0.0875580236316, 0.00288349366747, 0.000269135751296, 5.75991034566e-05, 1.74431861524e-05, 1.27022203742e-05, 2.43223021243e-05]
    },
    "gfcc": {
        "mean": [-20.5045623779, 118.397621155, -171.104400635, 70.6691131592, -83.3254089355, 13.1935281754, -14.3781461716, -20.6442489624, 8.70580482483, -19.0316543579, 5.97928190231, -11.5791883469, 6.43660068512],
        "cov": [[2573.63598633, -16.4031829834, 335.091125488, 343.996398926, -148.368041992, 46.511680603, -225.536270142, -20.7951431274, -25.924949646, 61.8907699585, 87.5624923706, -10.5968780518, 139.24458313], [-16.4031829834, 614.727783203, 172.192306519, 47.4673995972, 225.286804199, -77.4180984497, 178.25592041, -44.9546432495, 69.4270172119, -0.932102322578, 26.2751502991, 1.93071603775, 0.270483404398], [335.091125488, 172.192306519, 812.791809082, 470.393920898, 78.9096069336, 132.406417847, -56.9678955078, 79.6165313721, 112.173194885, 112.048835754, 105.590354919, 32.7337532043, 64.3033599854], [343.996398926, 47.4673995972, 470.393920898, 473.951782227, 121.194419861, 42.9123649597, -66.9898529053, 42.7703666687, 71.9689178467, 81.6494216919, 48.3743400574, 24.1719779968, 52.5338287354], [-148.368041992, 225.286804199, 78.9096069336, 121.194419861, 256.557189941, 31.2385520935, 125.527320862, 21.229757309, 60.9221763611, 22.8234214783, 13.5169534683, 18.3603477478, 3.61830401421], [46.511680603, -77.4180984497, 132.406417847, 42.9123649597, 31.2385520935, 256.338775635, 41.7995185852, 56.6075820923, -0.636296093464, -14.9505081177, 13.0296764374, -22.2524490356, -28.7098407745], [-225.536270142, 178.25592041, -56.9678955078, -66.9898529053, 125.527320862, 41.7995185852, 294.968383789, 43.9445152283, 73.3912124634, 34.0959129333, -0.891102790833, 31.3162918091, 3.10605931282], [-20.7951431274, -44.9546432495, 79.6165313721, 42.7703666687, 21.229757309, 56.6075820923, 43.9445152283, 157.471588135, 90.5758590698, 60.243850708, 48.0081977844, 23.2824630737, 47.5889549255], [-25.924949646, 69.4270172119, 112.173194885, 71.9689178467, 60.9221763611, -0.636296093464, 73.3912124634, 90.5758590698, 146.315231323, 105.980255127, 51.6313285828, 48.8174324036, 55.0931587219], [61.8907699585, -0.932102322578, 112.048835754, 81.6494216919, 22.8234214783, -14.9505081177, 34.0959129333, 60.243850708, 105.980255127, 166.251556396, 97.1940841675, 63.7514076233, 88.5544433594], [87.5624923706, 26.2751502991, 105.590354919, 48.3743400574, 13.5169534683, 13.0296764374, -0.891102790833, 48.0081977844, 51.6313285828, 97.1940841675, 133.945755005, 75.366897583, 68.3485946655], [-10.5968780518, 1.93071603775, 32.7337532043, 24.1719779968, 18.3603477478, -22.2524490356, 31.3162918091, 23.2824630737, 48.8174324036, 63.7514076233, 75.366897583, 107.051101685, 69.4787826538], [139.24458313, 0.270483404398, 64.3033599854, 52.5338287354, 3.61830401421, -28.7098407745, 3.10605931282, 47.5889549255, 55.0931587219, 88.5544433594, 68.3485946655, 69.4787826538, 131.945755005]],
        "icov": [[0.000617515936028, -0.000677917094436, 0.000620096630882, -0.00112697319128, 0.00122346554417, -0.000721939490177, 0.000260135100689, 0.000132603934617, 0.000101650861325, -6.67363856337e-05, -0.000225844371016, 0.000355519412551, -0.000816244166344], [-0.000677917094436, 0.00935835856944, -0.00522859860212, 0.00496630370617, -0.00752629106864, 0.00653133029118, -0.0050313482061, 0.00656896037981, -0.00688649620861, 0.00943761784583, -0.00893204659224, 0.00845517590642, -0.00264018098824], [0.000620096630882, -0.00522859860212, 0.00702465185896, -0.00709507986903, 0.0060262340121, -0.00521350791678, 0.00232959561981, -0.00204383581877, 0.000663258018903, -0.00314359273762, 0.0014843022218, -0.00258794846013, 0.000567143724766], [-0.00112697319128, 0.00496630370617, -0.00709507986903, 0.0111823454499, -0.00884845945984, 0.00433128559962, 0.00029328657547, 0.00131929141935, -0.000895664503332, 0.000619213737082, 0.00060353189474, 0.00115096836817, -7.32698536012e-05], [0.00122346554417, -0.00752629106864, 0.0060262340121, -0.00884845945984, 0.0144958766177, -0.00594906276092, 0.000154286695761, -0.00251996563748, 0.00132813735399, -0.00324399350211, 0.00282309250906, -0.00397255318239, 0.000775772146881], [-0.000721939490177, 0.00653133029118, -0.00521350791678, 0.00433128559962, -0.00594906276092, 0.0105273406953, -0.00467598810792, 0.00111547450069, -0.00172326527536, 0.00658562546596, -0.00693739345297, 0.00631941156462, 0.000291936972644], [0.000260135100689, -0.0050313482061, 0.00232959561981, 0.00029328657547, 0.000154286695761, -0.00467598810792, 0.00948117394, -0.00442880950868, 0.0025470177643, -0.00765196653083, 0.00862369034439, -0.0078010992147, 0.00254896073602], [0.000132603934617, 0.00656896037981, -0.00204383581877, 0.00131929141935, -0.00251996563748, 0.00111547450069, -0.00442880950868, 0.019040055573, -0.0163036808372, 0.0121755823493, -0.0123437019065, 0.0115929078311, -0.00720816850662], [0.000101650861325, -0.00688649620861, 0.000663258018903, -0.000895664503332, 0.00132813735399, -0.00172326527536, 0.0025470177643, -0.0163036808372, 0.030877429992, -0.0218557491899, 0.0153873860836, -0.013673869893, 0.00635428726673], [-6.67363856337e-05, 0.00943761784583, -0.00314359273762, 0.000619213737082, -0.00324399350211, 0.00658562546596, -0.00765196653083, 0.0121755823493, -0.0218557491899, 0.0335058867931, -0.0235047712922, 0.0157527308911, -0.0108335996047], [-0.000225844371016, -0.00893204659224, 0.0014843022218, 0.00060353189474, 0.00282309250906, -0.00693739345297, 0.00862369034439, -0.0123437019065, 0.0153873860836, -0.0235047712922, 0.0338699072599, -0.0228347349912, 0.00578453764319], [0.000355519412551, 0.00845517590642, -0.00258794846013, 0.00115096836817, -0.00397255318239, 0.00631941156462, -0.0078010992147, 0.0115929078311, -0.013673869893, 0.0157527308911, -0.0228347349912, 0.032337680459, -0.0121656125411], [-0.000816244166344, -0.00264018098824, 0.000567143724766, -7.32698536012e-05, 0.000775772146881, 0.000291936972644, 0.00254896073602, -0.00720816850662, 0.00635428726673, -0.0108335996047, 0.00578453764319, -0.0121656125411, 0.0188078097999]]
    },
    "melbands": {
        "max": [0.0165440440178, 0.0201620291919, 0.0141561580822, 0.0059156906791, 0.00828993599862, 0.0154929347336, 0.00472155259922, 0.00366589752957, 0.00448713265359, 0.00813864171505, 0.00778009090573, 0.00179273216054, 0.00222881184891, 0.00197344296612, 0.00114175269846, 0.000764057564083, 0.00164737575687, 0.000644912885036, 0.000707421451807, 0.000232157748542, 0.000453018670669, 0.000178417540155, 0.000160351788509, 0.00013235793449, 0.000117762239825, 0.000128624335048, 0.000158861934324, 0.000284565991024, 0.000389767403249, 0.000406736624427, 0.000119961594464, 0.000102959813375, 9.90480257315e-05, 0.000129836218548, 6.1772603658e-05, 4.25728721893e-05, 2.92051390716e-05, 1.28028268591e-05, 2.84495172309e-06, 1.16411733586e-07],
        "mean": [0.00183187157381, 0.00117474002764, 0.000572532590013, 0.000408874679124, 0.000603625841904, 0.000986212282442, 0.000295634818031, 7.11382381269e-05, 0.000190273916814, 0.000381274498068, 0.000250420736847, 8.27146577649e-05, 8.99236474652e-05, 8.35832106532e-05, 5.29029020981e-05, 4.10323846154e-05, 5.47267518414e-05, 3.55285883415e-05, 4.28517523687e-05, 2.53342550423e-05, 2.63477177214e-05, 1.86574652616e-05, 1.59373976203e-05, 1.41386854011e-05, 1.0488611224e-05, 9.62899775914e-06, 1.21467446661e-05, 2.44396269409e-05, 2.64282334683e-05, 1.81474079e-05, 9.37816730584e-06, 8.46276361699e-06, 7.43550208426e-06, 7.92363243818e-06, 5.15591909789e-06, 2.7942980978e-06, 1.68603708062e-06, 8.04953344868e-07, 1.25505422943e-07, 2.39056929807e-09],
        "min": [4.10271283613e-08, 6.49980052003e-08, 6.48175628726e-08, 1.89394285144e-07, 3.88203105217e-08, 2.62790877059e-07, 3.45968231841e-07, 5.65323375668e-07, 5.21651429608e-07, 4.07729601193e-07, 2.07383322959e-07, 2.02920034553e-07, 2.61015742353e-07, 3.06554852614e-07, 2.13863216914e-07, 2.26672952408e-07, 4.49267389513e-07, 2.50120109513e-07, 2.08020068726e-07, 1.21369808426e-07, 7.47801180978e-08, 8.00890660457e-08, 6.22071212319e-08, 4.95629102204e-08, 5.60201449673e-08, 3.54058791174e-08, 2.80871343961e-08, 1.62893680766e-08, 3.22810542741e-08, 9.57617771746e-08, 7.68439747389e-08, 6.71164599453e-08, 4.49086421384e-08, 3.75408646391e-08, 1.841750219e-08, 1.62160951334e-09, 6.16409831164e-12, 2.54633445405e-12, 2.28554154769e-12, 2.01986561157e-12],
        "stdev": [0.00278675276786, 0.00236597144976, 0.00106554746162, 0.000767968478613, 0.0010091959266, 0.00153653183952, 0.000532915408257, 0.000182496980415, 0.000478295696666, 0.000843548215926, 0.00063241092721, 0.000163635675563, 0.000180743329111, 0.000183731142897, 0.000105625491415, 7.36875517759e-05, 0.000115194699902, 5.70036972931e-05, 6.98494695826e-05, 3.12842348649e-05, 4.53639986517e-05, 2.51119035966e-05, 1.93032919924e-05, 1.6679356122e-05, 1.25486567413e-05, 1.38897821671e-05, 1.61735733855e-05, 3.47238892573e-05, 4.28212115366e-05, 3.43042192981e-05, 1.07974410639e-05, 9.6044059319e-06, 8.40710526973e-06, 9.94952642941e-06, 5.967809102e-06, 4.18455874751e-06, 2.89482454718e-06, 1.33409946557e-06, 2.32062049577e-07, 8.52475245949e-09]
    },
    "melbands128": {
        "max": [0.0086446646601, 0.0210412982851, 0.0272885207087, 0.0278839543462, 0.0260518975556, 0.016643030569, 0.0228189602494, 0.0120722102001, 0.00981880445033, 0.0087906550616, 0.00707893632352, 0.00583944842219, 0.0124495569617, 0.0179070085287, 0.0186992697418, 0.0229997932911, 0.0104952920228, 0.00537745188922, 0.00575347943231, 0.00268590310588, 0.00670559564605, 0.00859128125012, 0.00719998776913, 0.0105550866574, 0.0112343262881, 0.0180544536561, 0.0127843227237, 0.0154913021252, 0.0058361380361, 0.00264090206474, 0.00318964570761, 0.00348222162575, 0.00266240537167, 0.00520075066015, 0.00438478728756, 0.00446205213666, 0.00408239429817, 0.00147060782183, 0.000526994816028, 0.00156658887863, 0.00135130854324, 0.00258479057811, 0.00217368151061, 0.00243653939106, 0.00173027033452, 0.000872741860803, 0.00118086347356, 0.00132576399483, 0.00102054665331, 0.000539209228009, 0.000483532669023, 0.000415984599385, 0.000808098411653, 0.00105977407657, 0.00060494086938, 0.00034139334457, 0.000371315079974, 0.000249838078162, 0.000264416943537, 0.000299716077279, 0.000254355312791, 0.000191254745005, 0.000350835733116, 0.000106813226012, 9.99606054393e-05, 0.000210853802855, 0.000331209303113, 0.000420997501351, 0.000283931964077, 0.000282729801256, 0.000606397632509, 0.000742016010918, 0.000550597498659, 0.000795301224571, 0.000923926825635, 0.000980616779998, 0.000293977849651, 0.000239904984483, 0.000118203824968, 0.000159540097229, 0.000112858935609, 0.000171893188963, 0.000154210429173, 8.75100886333e-05, 0.000157777787535, 0.000147427679622, 0.000187572572031, 8.07373289717e-05, 6.66550258757e-05, 7.41511539673e-05, 5.08832054038e-05, 5.10600766574e-05, 5.99558516114e-05, 3.12420343107e-05, 2.6947211154e-05, 2.39080491156e-05, 1.23205336422e-05, 9.35578464123e-06, 4.13569796365e-06, 1.32675381792e-06, 2.47731264835e-07, 3.9073668745e-08, 4.56439819274e-09, 4.3719379228e-09, 4.23203383448e-09, 3.9439469468e-09, 3.79858677846e-09, 3.6852367824e-09, 3.52936768699e-09, 3.40565109447e-09, 3.29130922516e-09, 3.13883208314e-09, 3.00992120117e-09, 2.92814017477e-09, 2.7780995282e-09, 2.72529665502e-09, 2.63704968972e-09, 2.58474175396e-09, 2.53572340903e-09, 2.39572939265e-09, 2.37607400422e-09, 2.32882912954e-09, 2.2985187087e-09, 2.23036988878e-09, 2.23089147156e-09, 2.19880491592e-09, 2.15907403067e-09, 2.15076756405e-09],
        "mean": [0.000963548431173, 0.0022783826571, 0.00192448496819, 0.00150358618703, 0.00126018445008, 0.000872273871209, 0.00054280058248, 0.000513732957188, 0.000564400455914, 0.000454763736343, 0.000259410124272, 0.00028289531474, 0.000698881514836, 0.000984237878583, 0.00113585731015, 0.00100105942693, 0.00049328035675, 0.000134438654641, 8.29892815091e-05, 5.84075387451e-05, 6.45012914902e-05, 0.000105551691377, 0.000228411037824, 0.000239515356952, 0.000352903531166, 0.000489298487082, 0.0003151234705, 0.000308145390591, 9.80690820143e-05, 4.72821120638e-05, 0.000112467867439, 8.27600306366e-05, 6.90373635734e-05, 0.000126570885186, 6.45658292342e-05, 8.83106913534e-05, 7.92272912804e-05, 5.7843644754e-05, 2.8632055546e-05, 3.64925144822e-05, 4.86017015646e-05, 3.77896758437e-05, 6.30720169283e-05, 6.40646976535e-05, 2.80942949757e-05, 3.47756213159e-05, 3.26859335473e-05, 5.68146533624e-05, 4.00081698899e-05, 2.4059203497e-05, 2.46215149673e-05, 2.62376379396e-05, 1.94846434169e-05, 3.49473375536e-05, 2.45032551902e-05, 1.56650603458e-05, 1.38320065162e-05, 1.47553828356e-05, 1.75373406819e-05, 1.69504837686e-05, 1.34283855004e-05, 1.23176805573e-05, 1.29167710838e-05, 9.07075082068e-06, 8.29427426652e-06, 9.21246646612e-06, 1.04089795059e-05, 1.19256710605e-05, 1.12036777864e-05, 1.39862531796e-05, 2.11932820093e-05, 3.38236532116e-05, 3.02656335407e-05, 2.02825976885e-05, 2.92438398901e-05, 2.18484838115e-05, 1.1251304386e-05, 1.11095760076e-05, 8.33578997117e-06, 8.6756717792e-06, 8.9958175522e-06, 8.24647668196e-06, 7.70802216721e-06, 6.98674057276e-06, 7.67648543842e-06, 7.63375646784e-06, 9.30395708565e-06, 6.0934985413e-06, 5.37372579856e-06, 3.84703071177e-06, 3.0758160392e-06, 2.59152261606e-06, 2.13828661799e-06, 1.63466791037e-06, 1.4547366618e-06, 1.23669190089e-06, 6.14774592123e-07, 2.86053904119e-07, 1.3787759201e-07, 2.42570070697e-08, 2.44198239407e-09, 2.93513380267e-10, 2.77887678146e-11, 1.70393543025e-11, 1.62409721088e-11, 1.83103393558e-11, 1.89648869525e-11, 1.70045956482e-11, 1.36442541293e-11, 1.21413495577e-11, 1.18011806924e-11, 1.15050876812e-11, 1.11308930822e-11, 1.06744552433e-11, 1.03959289094e-11, 1.02410614711e-11, 1.00690254745e-11, 9.84374821239e-12, 9.69175087406e-12, 9.41951464745e-12, 9.18870361744e-12, 9.09136221167e-12, 9.03422302245e-12, 8.82086417797e-12, 8.02145763007e-12, 6.70377729023e-12, 5.98868394111e-12, 5.86412775977e-12],
        "min": [8.40378766576e-10, 4.96990359977e-09, 1.52441348433e-08, 2.02867624921e-08, 2.56663259535e-08, 2.97514120007e-08, 6.49779119399e-09, 9.81290781965e-09, 1.87154896025e-08, 1.12172436673e-07, 7.48624415792e-08, 4.02990210091e-08, 2.20563656228e-08, 1.7215507242e-08, 4.50377726224e-08, 5.76895544668e-08, 7.34256175861e-08, 6.83356802256e-08, 6.39637391942e-08, 4.99896586348e-08, 1.99258934686e-07, 1.14413623464e-07, 9.61460813187e-08, 2.14836219925e-07, 3.24584561895e-07, 8.37982057078e-08, 9.3563038206e-08, 2.36739381876e-07, 8.34631066482e-08, 3.10369152601e-08, 8.02531552324e-09, 7.73444419622e-09, 2.43227145091e-08, 7.83830245155e-08, 2.18343298997e-08, 1.69845257858e-08, 2.63415529389e-08, 6.00915939231e-08, 2.45574938162e-08, 2.60350390135e-08, 4.4623742923e-08, 1.55696270099e-07, 1.37328015626e-07, 7.79620492608e-08, 4.73498928955e-08, 1.08340096006e-07, 8.85127846573e-08, 3.97062649427e-08, 6.42130544293e-08, 1.0425679875e-07, 1.00372147926e-07, 2.84372063675e-08, 2.49799256835e-08, 4.60127154156e-08, 7.27993736405e-08, 7.44266372976e-08, 4.8188255164e-08, 5.88334607698e-08, 8.55626822727e-08, 3.2970824293e-08, 2.34472636862e-08, 5.05802795203e-08, 7.47733821527e-08, 4.13825702594e-08, 6.07043126877e-09, 9.54153112076e-09, 6.0092419929e-09, 1.60839856989e-08, 6.31509067262e-09, 8.78758488199e-09, 2.19807940738e-08, 8.83843487287e-09, 2.5598279052e-08, 2.46863400832e-08, 6.01192482463e-08, 6.05429733014e-08, 3.01894225174e-08, 1.6153141047e-08, 4.14827816542e-08, 3.13520764905e-08, 5.417885518e-08, 4.01992679144e-08, 3.07565031221e-08, 1.24310188809e-08, 5.74101211015e-09, 3.3351927442e-08, 2.80615886084e-08, 2.18626254878e-08, 1.60584718856e-08, 1.97075000763e-09, 1.69313907339e-09, 1.29119392955e-09, 1.09489882438e-11, 5.02185359269e-12, 2.56966605112e-12, 2.51878704526e-12, 1.8904634802e-12, 2.20364351766e-12, 1.55809295587e-12, 1.69967772495e-12, 1.25285469933e-12, 1.37376243194e-12, 1.22523107111e-12, 1.31215838976e-12, 9.58612638054e-13, 9.36213346431e-13, 9.61055345548e-13, 1.27241294758e-12, 1.14195339383e-12, 9.84348453442e-13, 1.09297499436e-12, 1.31352068979e-12, 1.25541927114e-12, 1.39650216304e-12, 1.18038304825e-12, 1.14253745354e-12, 1.41247365366e-12, 1.22468474164e-12, 1.33508861518e-12, 1.54521415194e-12, 1.16211575953e-12, 1.46313560226e-12, 1.16495983866e-12, 1.07959572272e-12, 1.04194517597e-12, 3.72155052001e-13, 5.4300880063e-14, 1.70459419641e-15],
        "stdev": [0.00166696787346, 0.00384158501402, 0.00342424144037, 0.00293050101027, 0.00286206835881, 0.00216932222247, 0.00138528097887, 0.00108312838711, 0.00120888929814, 0.00101789191831, 0.000661153113469, 0.000568957591895, 0.00149317190517, 0.0020017393399, 0.00246857735328, 0.00191864778753, 0.00111299240962, 0.000341400038451, 0.000257403124124, 0.000164576194948, 0.000263391411863, 0.000443063938292, 0.000693938287441, 0.000790316844359, 0.00107872381341, 0.00140402850229, 0.000934574636631, 0.00105957326014, 0.000319712446071, 0.000154268083861, 0.000266435497906, 0.000208050725632, 0.00019413359405, 0.000369692657841, 0.000170266095665, 0.000312209973345, 0.000259659544099, 0.000139353083796, 4.60244409624e-05, 8.37251354824e-05, 0.000114302820293, 0.000113910427899, 0.00016059227346, 0.000177623820491, 8.08832191979e-05, 8.21246940177e-05, 7.14119960321e-05, 0.000123799094581, 7.83476352808e-05, 4.0379800339e-05, 4.06827530242e-05, 4.38211318396e-05, 4.02438636229e-05, 9.76989758783e-05, 5.41326589882e-05, 2.60191027337e-05, 2.44407347054e-05, 2.38776883634e-05, 2.50944740401e-05, 2.51476922131e-05, 2.10433809116e-05, 2.00868798856e-05, 2.12618524529e-05, 1.29271138576e-05, 1.23392674141e-05, 1.54464069055e-05, 2.10885082197e-05, 2.95515055768e-05, 1.71961492015e-05, 2.42238565988e-05, 4.78967667732e-05, 7.17053990229e-05, 6.19255806669e-05, 5.32398735231e-05, 7.89324258221e-05, 6.53038805467e-05, 1.83988613571e-05, 1.6570351363e-05, 1.0732192095e-05, 1.20079866974e-05, 1.12003135655e-05, 1.11533154268e-05, 9.92070454231e-06, 9.05722754396e-06, 1.04686541818e-05, 1.06152210719e-05, 1.57136892085e-05, 7.70250426285e-06, 6.93400215823e-06, 5.54041253054e-06, 4.84799966216e-06, 4.36286109107e-06, 4.01490979129e-06, 3.14477483698e-06, 2.63555034508e-06, 2.29503780247e-06, 1.05512015125e-06, 5.61543402e-07, 2.86475994926e-07, 7.23463742247e-08, 1.4306595908e-08, 1.90099291864e-09, 1.91978474784e-10, 1.31008814908e-10, 1.26701940606e-10, 1.20204748932e-10, 1.17992671189e-10, 1.13462537976e-10, 1.05267725092e-10, 1.0161315539e-10, 9.79062733664e-11, 9.38019523167e-11, 9.0214044568e-11, 8.73897135212e-11, 8.35494173845e-11, 8.18303549921e-11, 7.92019019813e-11, 7.74252328917e-11, 7.56933335455e-11, 7.20234427654e-11, 7.14501166565e-11, 7.00965813172e-11, 6.89738266502e-11, 6.73433322995e-11, 6.70618213738e-11, 6.61968327376e-11, 6.52076725949e-11, 6.49319070734e-11]
    },
    "mfcc": {
        "mean": [-631.28527832, 109.275283813, -21.7374267578, 44.2951393127, -30.1121044159, 32.606136322, -22.4949302673, 17.9976234436, -12.9375305176, 16.4555416107, -16.6262664795, 11.4374456406, -11.3922348022],
        "cov": [[2561.35107422, -291.296051025, 311.398132324, 101.739875793, 120.74508667, -9.81872177124, -85.2659378052, -117.914375305, -113.638504028, -10.4704561234, -160.213745117, 25.0553131104, -42.2704811096], [-291.296051025, 667.2109375, -146.751541138, 156.901275635, -68.2051086426, 98.5122909546, 46.3472137451, 63.1300544739, 14.7691755295, 37.2816772461, 30.8293895721, 1.7331546545, 16.1672420502], [311.398132324, -146.751541138, 809.773376465, 222.950561523, 282.156829834, 60.3974952698, 3.12552046776, -25.9184875488, 9.16781520844, 55.8207092285, 39.9647445679, 81.0273513794, 24.1824684143], [101.739875793, 156.901275635, 222.950561523, 475.245300293, 137.825637817, 90.0473022461, -33.9824943542, -14.2439804077, 47.3390808105, 38.8624267578, 8.1258020401, 97.8887863159, 42.1687316895], [120.74508667, -68.2051086426, 282.156829834, 137.825637817, 291.116790771, 13.1227836609, 30.6430435181, -13.4687194824, 29.1482124329, 6.39702987671, 34.3837928772, 27.8996772766, 28.2538948059], [-9.81872177124, 98.5122909546, 60.3974952698, 90.0473022461, 13.1227836609, 203.598556519, 55.6631011963, 64.3124771118, -0.0242161396891, 41.2818450928, 6.50743150711, 16.6997127533, -11.4083080292], [-85.2659378052, 46.3472137451, 3.12552046776, -33.9824943542, 30.6430435181, 55.6631011963, 138.567382812, 58.2160491943, 32.9756813049, 16.5532283783, 26.7852039337, -0.379430502653, 14.2800235748], [-117.914375305, 63.1300544739, -25.9184875488, -14.2439804077, -13.4687194824, 64.3124771118, 58.2160491943, 148.490631104, 25.6959571838, 41.5649108887, 22.0050029755, -9.09011554718, 5.55401229858], [-113.638504028, 14.7691755295, 9.16781520844, 47.3390808105, 29.1482124329, -0.0242161396891, 32.9756813049, 25.6959571838, 153.826400757, 47.8614730835, 36.8762512207, 33.8975219727, 40.0072135925], [-10.4704561234, 37.2816772461, 55.8207092285, 38.8624267578, 6.39702987671, 41.2818450928, 16.5532283783, 41.5649108887, 47.8614730835, 120.939796448, 35.6062316895, 36.0905380249, 14.8755159378], [-160.213745117, 30.8293895721, 39.9647445679, 8.1258020401, 34.3837928772, 6.50743150711, 26.7852039337, 22.0050029755, 36.8762512207, 35.6062316895, 111.817749023, 19.9692401886, 31.3488922119], [25.0553131104, 1.7331546545, 81.0273513794, 97.8887863159, 27.8996772766, 16.6997127533, -0.379430502653, -9.09011554718, 33.8975219727, 36.0905380249, 19.9692401886, 123.353759766, 44.280166626], [-42.2704811096, 16.1672420502, 24.1824684143, 42.1687316895, 28.2538948059, -11.4083080292, 14.2800235748, 5.55401229858, 40.0072135925, 14.8755159378, 31.3488922119, 44.280166626, 102.471572876]],
        "icov": [[0.000497435336001, 0.000156668029376, -0.000103531521745, -7.17008661013e-05, -0.000128702653456, -9.59427961789e-06, 5.56384202355e-06, 0.000223672381253, 0.000307470298139, -0.000324100605212, 0.000720494543202, -2.87355996988e-05, -2.50592820521e-05], [0.000156668029376, 0.00222201412544, 0.000476424611406, -0.00132706621662, 0.000696234521456, -0.000341869745171, -0.000888028880581, -0.000141666809213, 0.000535891624168, -0.000460186070995, -0.000503607327119, 0.000709974148776, -0.000246016512392], [-0.000103531521745, 0.000476424611406, 0.00226555461995, -0.000486309349071, -0.00175057537854, -0.000427861144999, 9.65884901234e-05, 0.000216369066038, 0.000606641406193, -0.000870251329616, -0.000444004923338, -0.000534801452886, 0.000213869148865], [-7.17008661013e-05, -0.00132706621662, -0.000486309349071, 0.00443642213941, -0.00182028592099, -0.00183490582276, 0.0026343096979, 0.000293509947369, -0.00125884870067, 0.000417180184741, 0.000912836345378, -0.00222060037777, -0.000505269155838], [-0.000128702653456, 0.000696234521456, -0.00175057537854, -0.00182028592099, 0.00655853655189, 0.000777162320446, -0.00232919724658, 0.0003969752579, -0.000421482924139, 0.0010171943577, -0.00147256825585, 0.00128262734506, -0.000506350654177], [-9.59427961789e-06, -0.000341869745171, -0.000427861144999, -0.00183490582276, 0.000777162320446, 0.00797131098807, -0.00321778142825, -0.00222916947678, 0.00150994013529, -0.00149134534877, 0.000409603031585, -0.000381644582376, 0.00181504758075], [5.56384202355e-06, -0.000888028880581, 9.65884901234e-05, 0.0026343096979, -0.00232919724658, -0.00321778142825, 0.011665860191, -0.00262672989629, -0.00218704645522, 0.00127954548225, -0.000631416740362, -0.000640823505819, -0.00102560908999], [0.000223672381253, -0.000141666809213, 0.000216369066038, 0.000293509947369, 0.0003969752579, -0.00222916947678, -0.00262672989629, 0.0100559638813, -0.000426066719228, -0.00268779671751, -0.000189378755749, 0.00172000692692, -0.000722637283616], [0.000307470298139, 0.000535891624168, 0.000606641406193, -0.00125884870067, -0.000421482924139, 0.00150994013529, -0.00218704645522, -0.000426066719228, 0.00937194284052, -0.00320209865458, -0.000675042741932, -0.000524322909769, -0.00173174531665], [-0.000324100605212, -0.000460186070995, -0.000870251329616, 0.000417180184741, 0.0010171943577, -0.00149134534877, 0.00127954548225, -0.00268779671751, -0.00320209865458, 0.0126091204584, -0.00280716875568, -0.00258301780559, 0.000888183538336], [0.000720494543202, -0.000503607327119, -0.000444004923338, 0.000912836345378, -0.00147256825585, 0.000409603031585, -0.000631416740362, -0.000189378755749, -0.000675042741932, -0.00280716875568, 0.0126867732033, -0.000521148380358, -0.00232929363847], [-2.87355996988e-05, 0.000709974148776, -0.000534801452886, -0.00222060037777, 0.00128262734506, -0.000381644582376, -0.000640823505819, 0.00172000692692, -0.000524322909769, -0.00258301780559, -0.000521148380358, 0.012588808313, -0.00418469309807], [-2.50592820521e-05, -0.000246016512392, 0.000213869148865, -0.000505269155838, -0.000506350654177, 0.00181504758075, -0.00102560908999, -0.000722637283616, -0.00173174531665, 0.000888183538336, -0.00232929363847, -0.00418469309807, 0.0135365817696]]
    },
    "spectral_contrast_coeffs": {
        "max": [-0.395849555731, -0.374761939049, -0.446527808905, -0.546447992325, -0.488742172718, -0.402890831232],
        "mean": [-0.712915062904, -0.733450293541, -0.748491764069, -0.804789960384, -0.785990893841, -0.598373174667],
        "min": [-0.902202248573, -0.916024565697, -0.91052621603, -0.922437787056, -0.88693010807, -0.797353982925],
        "stdev": [0.0851411148906, 0.104387767613, 0.0893705561757, 0.053487546742, 0.0612649656832, 0.0526452250779]
    },
    "spectral_contrast_valleys": {
        "max": [-4.91390514374, -4.98564243317, -5.43451881409, -5.67702293396, -5.83556175232, -9.10933685303],
        "mean": [-6.97508144379, -6.83404159546, -7.31929349899, -7.30704402924, -7.17413568497, -11.3061752319],
        "min": [-10.7712097168, -8.86951160431, -9.44942569733, -9.68095397949, -10.1387224197, -15.311923027],
        "stdev": [0.887761294842, 0.59601277113, 0.678540825844, 0.593274831772, 0.600545167923, 1.11532616615]
    }
},
"rhythm": {
    "beats_count": 60,
    "beats_loudness": {
        "max": 0.0998886153102,
        "mean": 0.0445528514683,
        "min": 0.00362510187551,
        "stdev": 0.020676927641
    },
    "bpm": 111.856170654,
    "bpm_histogram_first_peak_bpm": 112,
    "bpm_histogram_first_peak_weight": 0.224137961864,
    "bpm_histogram_second_peak_bpm": 103,
    "bpm_histogram_second_peak_spread": 0,
    "bpm_histogram_second_peak_weight": 0.0169491525739,
    "danceability": 1.33984315395,
    "onset_rate": 4.61425733566,
    "beats_loudness_band_ratio": {
        "max": [0.879533171654, 0.650201618671, 0.745855093002, 0.558713257313, 0.239402577281, 0.238168358803],
        "mean": [0.336775392294, 0.246675938368, 0.173053830862, 0.121399670839, 0.094358548522, 0.0947241038084],
        "min": [0.000859322026372, 0.00142656790558, 0.0126685723662, 0.00831100065261, 0.00362847652286, 0.00728555256501],
        "stdev": [0.20901876688, 0.15882126987, 0.154863059521, 0.102364182472, 0.0555781275034, 0.0546310544014]
    },
    "beats_position": [0.568888902664, 1.14938771725, 1.70666658878, 2.2523355484, 2.7863945961, 3.32045340538, 3.85451245308, 4.38857126236, 4.92263031006, 5.46829938889, 6.01396799088, 6.54802703857, 7.08208608627, 7.61614513397, 8.15020370483, 8.68426322937, 9.21832180023, 9.75238037109, 10.2864398956, 10.8204984665, 11.354557991, 11.900226593, 12.445895195, 12.9915647507, 13.5256233215, 14.0596818924, 14.5937414169, 15.1277999878, 15.6618595123, 16.1959171295, 16.7299766541, 17.2640361786, 17.7980957031, 18.3321533203, 18.877822876, 19.4118824005, 19.9459400177, 20.4799995422, 21.0140590668, 21.548116684, 22.0821762085, 22.616235733, 23.1502952576, 23.6843528748, 24.2184123993, 24.7524719238, 25.2981395721, 25.8438091278, 26.3778686523, 26.9003162384, 27.4459857941, 27.9800453186, 28.5141029358, 29.0481624603, 29.5822219849, 30.1162815094, 30.6503391266, 31.1843986511, 31.7184581757, 32.264125824],
