{
"metadata": {
    "version": {
        "essentia": "2.1-beta5",
        "essentia_git_sha": "Undefined",
        "extractor": "music 2.0"
    },
    "audio_properties": {
        "analysis": {
            "equal_loudness": 0,
            "length": 21.7454872131,
            "sample_rate": 44100,
            "start_time": 175.240997314,
            "downmix": "mix"
        },
        "bit_rate": 192000,
        "length": 197.00970459,
        "lossless": 0,
        "number_channels": 2,
        "replay_gain": 3.0844745636,
        "sample_rate": 48000,
        "codec": "mp3",
        "md5_encoded": "47f4a201ae4d839aa944fa1de5f8485f"
    },
    "tags": {
        "file_name": "Hungary_Running_András Kállay-Saunders.mp3",
        "encoding": ["Lavf58.29.100"]
    }
},
"lowlevel": {
    "average_loudness": 0.947260737419,
    "barkbands_crest": {
        "max": 23.1437358856,
        "mean": 9.67646408081,
        "min": 2.93970751762,
        "stdev": 3.3677239418
    },
    "barkbands_flatness_db": {
        "max": 0.339269757271,
        "mean": 0.195894286036,
        "min": 0.0688597485423,
        "stdev": 0.0487920567393
    },
    "barkbands_kurtosis": {
        "max": 16.1766757965,
        "mean": 2.22141218185,
        "min": -1.45983839035,
        "stdev": 2.44872665405
    },
    "barkbands_skewness": {
        "max": 3.6813120842,
        "mean": 1.42470002174,
        "min": -0.125573173165,
        "stdev": 0.602838873863
    },
    "barkbands_spread": {
        "max": 48.4309043884,
        "mean": 18.9468154907,
        "min": 4.50996017456,
        "stdev": 8.8169927597
    },
    "dissonance": {
        "max": 0.500000059605,
        "mean": 0.475126624107,
        "min": 0.344056427479,
        "stdev": 0.0204997248948
    },
    "dynamic_complexity": 1.7049779892,
    "erbbands_crest": {
        "max": 23.338142395,
        "mean": 8.59837341309,
        "min": 2.7760207653,
        "stdev": 3.85767364502
    },
    "erbbands_flatness_db": {
        "max": 0.395160317421,
        "mean": 0.230075925589,
        "min": 0.133312910795,
        "stdev": 0.0720186382532
    },
    "erbbands_kurtosis": {
        "max": 5.15168476105,
        "mean": 0.147151619196,
        "min": -1.54571461678,
        "stdev": 1.13466536999
    },
    "erbbands_skewness": {
        "max": 2.33424186707,
        "mean": 0.650148689747,
        "min": -1.21420443058,
        "stdev": 0.572532176971
    },
    "erbbands_spread": {
        "max": 81.6313247681,
        "mean": 33.8531150818,
        "min": 9.96198177338,
        "stdev": 15.1379537582
    },
    "hfc": {
        "max": 69.8345031738,
        "mean": 24.039056778,
        "min": 0.249879002571,
        "stdev": 9.47307109833
    },
    "loudness_ebu128": {
        "integrated": -25.1029376984,
        "loudness_range": 2.95978927612,
        "momentary": {
            "max": -22.8974189758,
            "mean": -25.461391449,
            "min": -31.3232002258,
            "stdev": 1.97021484375
        },
        "short_term": {
            "max": -24.0646495819,
            "mean": -25.106678009,
            "min": -28.326581955,
            "stdev": 1.12240087986
        }
    },
    "melbands_crest": {
        "max": 30.3516597748,
        "mean": 14.2489233017,
        "min": 4.56802129745,
        "stdev": 4.69722938538
    },
    "melbands_flatness_db": {
        "max": 0.318176329136,
        "mean": 0.205609247088,
        "min": 0.0759698450565,
        "stdev": 0.0398153625429
    },
    "melbands_kurtosis": {
        "max": 41.0489425659,
        "mean": 8.15100479126,
        "min": -0.633818387985,
        "stdev": 6.4307808876
    },
    "melbands_skewness": {
        "max": 6.09307956696,
        "mean": 2.25993323326,
        "min": 0.376906394958,
        "stdev": 0.888926744461
    },
    "melbands_spread": {
        "max": 64.3564071655,
        "mean": 19.8531322479,
        "min": 5.33711767197,
        "stdev": 8.50180149078
    },
    "pitch_salience": {
        "max": 0.869356691837,
        "mean": 0.606603085995,
        "min": 0.252989113331,
        "stdev": 0.116008736193
    },
    "silence_rate_20dB": {
        "max": 1,
        "mean": 1,
        "min": 1,
        "stdev": 0
    },
    "silence_rate_30dB": {
        "max": 1,
        "mean": 0.996801733971,
        "min": 0,
        "stdev": 0.0564630739391
    },
    "silence_rate_60dB": {
        "max": 1,
        "mean": 0.00106609810609,
        "min": 0,
        "stdev": 0.0326337479055
    },
    "spectral_centroid": {
        "max": 3080.23022461,
        "mean": 1424.29125977,
        "min": 507.024536133,
        "stdev": 416.046051025
    },
    "spectral_complexity": {
        "max": 54,
        "mean": 25.6471214294,
        "min": 0,
        "stdev": 5.50926065445
    },
    "spectral_decrease": {
        "max": -4.33218703966e-11,
        "mean": -9.63745705462e-09,
        "min": -3.68831472031e-08,
        "stdev": 6.26852125762e-09
    },
    "spectral_energy": {
        "max": 0.142431259155,
        "mean": 0.0385544113815,
        "min": 0.000186171790119,
        "stdev": 0.0243057925254
    },
    "spectral_energyband_high": {
        "max": 0.00763675291091,
        "mean": 0.000806125521194,
        "min": 5.99318946115e-06,
        "stdev": 0.000712620909326
    },
    "spectral_energyband_low": {
        "max": 0.113922074437,
        "mean": 0.0148141458631,
        "min": 1.00475823217e-08,
        "stdev": 0.0154938362539
    },
    "spectral_energyband_middle_high": {
        "max": 0.0252275839448,
        "mean": 0.00724581396207,
        "min": 8.98342623259e-05,
        "stdev": 0.00383308366872
    },
    "spectral_energyband_middle_low": {
        "max": 0.108130224049,
        "mean": 0.0168294403702,
        "min": 8.99589285837e-05,
        "stdev": 0.013788767159
    },
    "spectral_entropy": {
        "max": 8.75334453583,
        "mean": 7.68383836746,
        "min": 6.9724445343,
        "stdev": 0.204068273306
    },
    "spectral_flux": {
        "max": 0.325302451849,
        "mean": 0.1048187837,
        "min": 0.0361643098295,
        "stdev": 0.04335430637
    },
    "spectral_kurtosis": {
        "max": 18.0689296722,
        "mean": 2.09686088562,
        "min": -0.975082159042,
        "stdev": 1.9929343462
    },
    "spectral_rms": {
        "max": 0.0117880161852,
        "mean": 0.00580263044685,
        "min": 0.000426181883086,
        "stdev": 0.00198583072051
    },
    "spectral_rolloff": {
        "max": 5404.83398438,
        "mean": 1279.91625977,
        "min": 129.19921875,
        "stdev": 712.903259277
    },
    "spectral_skewness": {
        "max": 3.49887990952,
        "mean": 1.0271037817,
        "min": 0.0445327796042,
        "stdev": 0.28380972147
    },
    "spectral_spread": {
        "max": 21947702,
        "mean": 3507785.75,
        "min": 2089117.875,
        "stdev": 1012496.8125
    },
    "spectral_strongpeak": {
        "max": 6.85610389709,
        "mean": 0.803909897804,
        "min": 0,
        "stdev": 0.859324455261
    },
    "zerocrossingrate": {
        "max": 0.125,
        "mean": 0.0554006621242,
        "min": 0.01953125,
        "stdev": 0.0160344429314
    },
    "barkbands": {
        "max": [0.0082980459556, 0.0708275958896, 0.0719096884131, 0.0288685299456, 0.0961686819792, 0.0378575287759, 0.0716134756804, 0.0279797688127, 0.0370047874749, 0.0222655162215, 0.0121378824115, 0.00828626565635, 0.0158223733306, 0.0105734104291, 0.00496750045568, 0.00761871319264, 0.00375216454268, 0.0046053766273, 0.00309650972486, 0.00351481302641, 0.00401894375682, 0.00183903344441, 0.00160304654855, 0.000640415761154, 1.93790383491e-05, 3.64703419109e-06, 3.85690282201e-06],
        "mean": [0.00114780722652, 0.0104152476415, 0.00247322465293, 0.0016514940653, 0.00335468491539, 0.00272829970345, 0.00263933860697, 0.00207626307383, 0.0036860187538, 0.00204064021818, 0.00106894853525, 0.000631261209492, 0.000956524163485, 0.000568848627154, 0.000517220469192, 0.000586815760471, 0.000315260607749, 0.000396462448407, 0.00036693905713, 0.000231064826949, 0.000218103945372, 0.000246674695518, 0.000187783400179, 4.91754763061e-05, 2.93985095823e-07, 5.7960409805e-09, 6.16050321867e-09],
        "min": [8.06575140011e-10, 9.4363983294e-10, 3.0727401179e-10, 7.79475151091e-10, 2.62329251655e-07, 8.01641760972e-07, 9.8852242445e-06, 2.33041864703e-05, 4.03625344916e-05, 1.05847884697e-05, 1.24473535834e-05, 6.62046386424e-06, 4.58208842247e-06, 8.61825537868e-06, 1.66911340784e-05, 5.61180968361e-06, 6.33798481431e-06, 6.88927866577e-06, 6.35175638308e-06, 3.46344586433e-06, 1.03462309653e-06, 1.37778988574e-06, 8.20022592052e-07, 1.41659706188e-09, 1.34325398027e-10, 2.31244204341e-10, 3.22936205555e-10],
        "stdev": [0.00165163050406, 0.0114749595523, 0.00544788641855, 0.00305238785222, 0.00797511078417, 0.00477141700685, 0.00617479812354, 0.00350534031168, 0.00429258914664, 0.00275191455148, 0.00104943453334, 0.000687856052537, 0.00136664439924, 0.000729986233637, 0.000519269146025, 0.000719024683349, 0.000299488718156, 0.000348948553437, 0.000306453817757, 0.000264770234935, 0.000244333379669, 0.000237472777371, 0.000201057584491, 6.29391288385e-05, 9.12061750569e-07, 1.1949808254e-07, 1.26362110109e-07]
    },
    "erbbands": {
        "max": [2.78439855576, 12.9181566238, 59.9436798096, 108.571937561, 66.8255233765, 438.229522705, 333.22265625, 407.436309814, 772.864257812, 1159.44421387, 540.788024902, 832.259521484, 757.120910645, 396.400024414, 334.278900146, 312.05657959, 456.68762207, 670.934753418, 246.585830688, 271.597808838, 452.235931396, 198.773269653, 185.626464844, 248.958114624, 126.963806152, 144.989868164, 200.036468506, 107.332435608, 59.8730888367, 70.5016098022, 55.2704620361, 25.4262447357, 6.58611917496, 0.489627659321, 0.0269876923412, 0.0146135119721, 0.00676161888987, 0.00240156659856, 0.000557315011974, 0.000157640635734],
        "mean": [0.425826340914, 1.80839240551, 2.95953297615, 4.48520612717, 5.62172651291, 13.4825801849, 21.9208889008, 22.2649993896, 29.4395275116, 42.5129814148, 54.4158439636, 80.9865188599, 74.8846664429, 57.2073402405, 36.8157806396, 24.1584434509, 40.4148712158, 34.7473258972, 28.0443477631, 28.0138072968, 30.3122062683, 18.420129776, 22.7754535675, 17.8435306549, 17.8763790131, 10.9173707962, 8.26934242249, 9.34655380249, 8.80808925629, 7.51297664642, 5.03504037857, 1.82342731953, 0.444658488035, 0.023634204641, 0.000994312693365, 0.000148143284605, 4.63572723675e-05, 1.40166557685e-05, 2.26721040235e-05, 4.55213157693e-05],
        "min": [1.56419162067e-07, 4.37659025465e-07, 2.27735631597e-06, 2.45212413574e-05, 0.00012907430937, 0.00072023854591, 0.00254344241694, 0.0174974612892, 0.122818909585, 0.330710172653, 0.730116307735, 1.02144634724, 0.239224076271, 0.509331941605, 0.421749711037, 0.468629539013, 0.245947524905, 0.308009177446, 0.940033793449, 0.444399952888, 0.373902231455, 0.411915063858, 0.391643822193, 0.411458641291, 0.185475468636, 0.179360225797, 0.0554359517992, 0.050482776016, 0.0465160086751, 0.0213947985321, 0.0299618765712, 0.00652261637151, 0.000454933120636, 9.51003894443e-05, 3.42542043654e-05, 1.46508200487e-05, 5.46161209058e-06, 1.98889119929e-06, 2.76167224911e-06, 3.84558143196e-06],
        "stdev": [0.488615691662, 2.33489060402, 5.54007482529, 8.66522789001, 8.8835849762, 37.4160003662, 38.5924835205, 41.1479797363, 59.4315795898, 89.8885421753, 74.5032119751, 94.5236816406, 98.766242981, 57.6379470825, 31.2064571381, 22.2634830475, 48.626865387, 49.1219444275, 27.5569190979, 25.226026535, 36.0604858398, 16.034734726, 18.5681152344, 16.2926616669, 16.1978683472, 12.5984992981, 10.5081939697, 9.21449184418, 8.1043138504, 8.27719497681, 5.52879905701, 2.27845859528, 0.584472715855, 0.0364769548178, 0.00149347737897, 0.00048997317208, 0.000221924317884, 7.86574382801e-05, 2.14384108403e-05, 2.73315345112e-05]
    },
    "gfcc": {
        "mean": [-18.1869525909, 124.166572571, -196.261383057, 43.5076751709, -85.2123260498, 6.33758163452, -9.92778682709, -15.1524419785, 14.9146223068, -26.2821140289, 4.47491407394, -14.4261417389, -2.54583215714],
        "cov": [[3376.34594727, 2006.04052734, 3130.65185547, 2076.85888672, 628.895019531, 794.619812012, -196.708679199, 168.445648193, 162.126403809, 317.69140625, 521.551757812, 238.046173096, 324.990509033], [2006.04052734, 1640.89855957, 2103.19897461, 1363.46691895, 562.021728516, 473.352478027, -42.4902534485, 76.6675567627, 112.80355835, 183.84375, 319.138183594, 148.188980103, 168.633575439], [3130.65185547, 2103.19897461, 3334.08398438, 2190.53759766, 671.028442383, 829.789245605, -222.438781738, 162.684997559, 124.354911804, 304.599395752, 488.419433594, 226.685379028, 320.210601807], [2076.85888672, 1363.46691895, 2190.53759766, 1549.14306641, 475.943023682, 558.904052734, -166.843338013, 105.350738525, 72.0527038574, 195.363296509, 312.650543213, 142.268844604, 227.379165649], [628.895019531, 562.021728516, 671.028442383, 475.943023682, 297.948638916, 192.298751831, 33.5436248779, 53.5270690918, 53.6972389221, 70.1471405029, 87.6324539185, 36.6919441223, 43.3992729187], [794.619812012, 473.352478027, 829.789245605, 558.904052734, 192.298751831, 340.704101562, -5.30148744583, 75.2547836304, 30.8141765594, 86.6557998657, 118.987861633, 33.16173172, 75.8251876831], [-196.708679199, -42.4902534485, -222.438781738, -166.843338013, 33.5436248779, -5.30148744583, 185.217926025, 41.468875885, 32.3441390991, -2.22040319443, -34.8340339661, -11.085111618, -49.9450302124], [168.445648193, 76.6675567627, 162.684997559, 105.350738525, 53.5270690918, 75.2547836304, 41.468875885, 98.9237213135, 54.0077514648, 40.6341094971, 39.4411621094, 11.6142129898, 21.6173362732], [162.126403809, 112.80355835, 124.354911804, 72.0527038574, 53.6972389221, 30.8141765594, 32.3441390991, 54.0077514648, 95.7911529541, 59.3421287537, 43.0902023315, 28.2629146576, 9.89764213562], [317.69140625, 183.84375, 304.599395752, 195.363296509, 70.1471405029, 86.6557998657, -2.22040319443, 40.6341094971, 59.3421287537, 94.3067626953, 81.9085464478, 36.7275238037, 34.917427063], [521.551757812, 319.138183594, 488.419433594, 312.650543213, 87.6324539185, 118.987861633, -34.8340339661, 39.4411621094, 43.0902023315, 81.9085464478, 146.511672974, 66.8977203369, 63.9306182861], [238.046173096, 148.188980103, 226.685379028, 142.268844604, 36.6919441223, 33.16173172, -11.085111618, 11.6142129898, 28.2629146576, 36.7275238037, 66.8977203369, 77.5871353149, 50.9963531494], [324.990509033, 168.633575439, 320.210601807, 227.379165649, 43.3992729187, 75.8251876831, -49.9450302124, 21.6173362732, 9.89764213562, 34.917427063, 63.9306182861, 50.9963531494, 99.6922836304]],
        "icov": [[0.00286583346315, -0.000265899085207, -0.00159848690964, -0.000926858745515, 0.000683579477482, -0.000563554698601, -0.000462621159386, 0.00101079174783, -0.00202653603628, 0.0011028398294, -0.0026995674707, 0.000909657392185, -0.000883462198544], [-0.000265899085207, 0.0148647250608, -0.0116066038609, 0.00379897211678, -0.0118437958881, 0.00771519774571, -0.00892170704901, 0.0129626942798, -0.00884808599949, 0.0110760834068, -0.011696160771, 0.00898990873247, -0.00375372427516], [-0.00159848690964, -0.0116066038609, 0.0153538053855, -0.00874122884125, 0.00919573567808, -0.00753685692325, 0.00768317235634, -0.0106051703915, 0.00780166313052, -0.0093847354874, 0.00884943082929, -0.0095641054213, 0.00507284235209], [-0.000926858745515, 0.00379897211678, -0.00874122884125, 0.0132504981011, -0.00754701625556, 0.000709912041202, 0.00115159270354, 0.00231433031149, -0.000445326877525, 0.00212829490192, -0.000973890535533, 0.00264000683092, -0.00415629614145], [0.000683579477482, -0.0118437958881, 0.00919573567808, -0.00754701625556, 0.0194106586277, -0.00600883830339, 0.00216609030031, -0.00850147288293, 0.00377909117378, -0.00806083902717, 0.00906949676573, -0.00554269738495, 0.00399873591959], [-0.000563554698601, 0.00771519774571, -0.00753685692325, 0.000709912041202, -0.00600883830339, 0.014714544639, -0.00796780735254, 0.00356375589035, -0.000727329344954, 0.00262171053328, -0.00644410261884, 0.00949714332819, -0.00353651354089], [-0.000462621159386, -0.00892170704901, 0.00768317235634, 0.00115159270354, 0.00216609030031, -0.00796780735254, 0.0176247656345, -0.0132600991055, 0.00589037826285, -0.00738065969199, 0.010479929857, -0.011783846654, 0.00742478948087], [0.00101079174783, 0.0129626942798, -0.0106051703915, 0.00231433031149, -0.00850147288293, 0.00356375589035, -0.0132600991055, 0.0328091196716, -0.0199629887938, 0.012848271057, -0.0152670666575, 0.015361408703, -0.00978969596326], [-0.00202653603628, -0.00884808599949, 0.00780166313052, -0.000445326877525, 0.00377909117378, -0.000727329344954, 0.00589037826285, -0.0199629887938, 0.0338775217533, -0.0232747774571, 0.0125152468681, -0.0134634561837, 0.0073678875342], [0.0011028398294, 0.0110760834068, -0.0093847354874, 0.00212829490192, -0.00806083902717, 0.00262171053328, -0.00738065969199, 0.012848271057, -0.0232747774571, 0.0410812981427, -0.0225462224334, 0.010425160639, -0.00496245920658], [-0.0026995674707, -0.011696160771, 0.00884943082929, -0.000973890535533, 0.00906949676573, -0.00644410261884, 0.010479929857, -0.0152670666575, 0.0125152468681, -0.0225462224334, 0.0367519669235, -0.0203023459762, 0.00536735448986], [0.000909657392185, 0.00898990873247, -0.0095641054213, 0.00264000683092, -0.00554269738495, 0.00949714332819, -0.011783846654, 0.015361408703, -0.0134634561837, 0.010425160639, -0.0203023459762, 0.0391537770629, -0.0168428048491], [-0.000883462198544, -0.00375372427516, 0.00507284235209, -0.00415629614145, 0.00399873591959, -0.00353651354089, 0.00742478948087, -0.00978969596326, 0.0073678875342, -0.00496245920658, 0.00536735448986, -0.0168428048491, 0.0254182759672]]
    },
    "melbands": {
        "max": [0.0223352760077, 0.0257965400815, 0.0151730403304, 0.0167438089848, 0.0161508042365, 0.00830303970724, 0.0110495034605, 0.0101240975782, 0.00387424789369, 0.00552735524252, 0.00377003988251, 0.00210473546758, 0.00106423266698, 0.00100126781035, 0.00134512106888, 0.00172064302024, 0.00125137285795, 0.000428504950833, 0.000477408524603, 0.000645087624434, 0.00053690810455, 0.000262150453636, 0.000150956242578, 0.000260008237092, 0.000219125911826, 0.000112077425001, 0.000134820089443, 8.31918659969e-05, 0.000133378925966, 8.83776374394e-05, 5.88164912187e-05, 3.54405165126e-05, 4.71865278087e-05, 3.62155915354e-05, 3.7689020246e-05, 2.24177074415e-05, 1.1828413335e-05, 6.45370482744e-06, 1.25599035528e-06, 5.58371553439e-08],
        "mean": [0.00328156840988, 0.00179832451977, 0.000809162156656, 0.000635539065115, 0.000780539412517, 0.000491730752401, 0.00049087498337, 0.000478394882521, 0.000460852257675, 0.000523165042978, 0.00037199005601, 0.000236827996559, 0.000129600550281, 7.92705250205e-05, 6.69922592351e-05, 9.8869233625e-05, 5.86939386267e-05, 4.47484453616e-05, 3.89664928662e-05, 4.1445644456e-05, 3.27507586917e-05, 1.85460667126e-05, 1.9082084691e-05, 1.88786216313e-05, 1.36575299621e-05, 1.51151398313e-05, 9.72308316705e-06, 6.59001625536e-06, 5.11107782586e-06, 4.91957234772e-06, 5.59906811759e-06, 5.01446584167e-06, 4.62686284664e-06, 4.01230772695e-06, 3.32534432346e-06, 1.61169009516e-06, 9.2907475846e-07, 3.83024087114e-07, 5.19654506093e-08, 1.25067523005e-09],
        "min": [3.16448589555e-10, 3.13555459375e-10, 8.02437316594e-09, 2.99767073386e-08, 5.54873267333e-08, 2.45120816089e-07, 2.0658098947e-06, 3.98433940063e-06, 6.81886649545e-06, 5.80503910896e-06, 9.97410097625e-07, 2.05446053769e-06, 1.56852422606e-06, 9.72628868112e-07, 1.25727478917e-06, 2.57558070871e-07, 5.91884202095e-07, 1.50540608956e-06, 9.98690552478e-07, 2.90051104912e-07, 4.68743422744e-07, 3.58363706709e-07, 5.19056300163e-07, 2.63102322151e-07, 3.57687639507e-07, 1.68806266743e-07, 1.16937087569e-07, 1.17957668522e-07, 3.00689499966e-08, 2.79132201797e-08, 3.216642952e-08, 3.01841431849e-08, 2.03042684888e-08, 7.61300089636e-09, 2.12749569073e-08, 1.0660503591e-09, 3.69023041291e-11, 4.19644353988e-12, 1.46316671886e-12, 1.28119444307e-12],
        "stdev": [0.00360750220716, 0.00264730956405, 0.00137162953615, 0.00152110180352, 0.00143446039874, 0.000878370192368, 0.00102120649535, 0.000876994105056, 0.000588315131608, 0.000624737294856, 0.000504727824591, 0.00025993026793, 0.000112737841846, 8.50616124808e-05, 8.37857151055e-05, 0.000158792332513, 8.59472420416e-05, 5.03090595885e-05, 4.10731190641e-05, 5.07100739924e-05, 4.14496644225e-05, 1.88170797628e-05, 1.52401953528e-05, 1.79478265636e-05, 1.38550540214e-05, 1.42940807564e-05, 1.25483229567e-05, 7.91007096268e-06, 6.71586758472e-06, 6.00918383498e-06, 5.55326232643e-06, 4.64884851681e-06, 4.99606130688e-06, 4.56948100691e-06, 3.69808276446e-06, 2.02419118978e-06, 1.19805724808e-06, 5.14296800702e-07, 9.75714442575e-08, 3.84312404123e-09]
    },
    "melbands128": {
        "max": [0.00702841440216, 0.0222717430443, 0.0346186235547, 0.0235281642526, 0.0303855296224, 0.0387507714331, 0.0264677125961, 0.0112337823957, 0.00555961159989, 0.0192023497075, 0.0296056605875, 0.0310721360147, 0.0153629779816, 0.0159108992666, 0.0146807152778, 0.00710744969547, 0.0111670605838, 0.0180498119444, 0.0303249228746, 0.013540500775, 0.00633030664176, 0.010037785396, 0.00700187357143, 0.00869674701244, 0.00848231557757, 0.00958386622369, 0.00794932525605, 0.00494557153434, 0.0076430849731, 0.00425541074947, 0.00215838104486, 0.00368399079889, 0.00123975821771, 0.00181766180322, 0.00178683130071, 0.00141022726893, 0.000768330355641, 0.00293140579015, 0.00131667510141, 0.00177003000863, 0.00329354777932, 0.0038768358063, 0.00204415153712, 0.00106651673559, 0.00100810953882, 0.000828200252727, 0.000508131575771, 0.000913748168387, 0.00110359198879, 0.000338877842296, 0.00101678841747, 0.00111648591701, 0.0014500109246, 0.000531958823558, 0.000404003454605, 0.000328318768879, 0.00030499388231, 0.000224360337597, 0.000356249278411, 0.000322534469888, 0.000268148578471, 0.000383910752134, 0.000367553177057, 0.000153080996824, 0.000180408067536, 0.00023877734202, 0.000225962648983, 0.000220072732191, 0.000213398176129, 0.000224004354095, 0.000153424654854, 0.000129390289658, 9.0661822469e-05, 0.000194219494006, 0.000128660947667, 8.24014568934e-05, 0.00010038788605, 5.7942015701e-05, 7.64690921642e-05, 6.96338393027e-05, 3.6432302295e-05, 4.87090037495e-05, 4.03057711083e-05, 4.8422076361e-05, 7.70268088672e-05, 6.16528996034e-05, 3.51412818418e-05, 4.20016331191e-05, 5.22438131156e-05, 4.51400264865e-05, 2.36126252275e-05, 2.92717359116e-05, 2.51248329732e-05, 1.11335384645e-05, 1.28359533846e-05, 1.23409045045e-05, 5.78392518946e-06, 2.26797965297e-06, 1.41874602377e-06, 7.76762760779e-07, 6.82921381667e-08, 3.49242021969e-08, 3.3570522362e-08, 3.17209760681e-08, 3.02421305776e-08, 2.87212991168e-08, 2.73224944891e-08, 2.60438284272e-08, 2.50884770736e-08, 2.4116822317e-08, 2.32323618121e-08, 2.21706155656e-08, 2.14444657587e-08, 2.05528998265e-08, 1.99140561818e-08, 1.92497573437e-08, 1.86311055472e-08, 1.80741785982e-08, 1.75352372622e-08, 1.70692633361e-08, 1.66834190907e-08, 1.63570597067e-08, 1.59797508559e-08, 1.57109152354e-08, 1.54142618669e-08, 1.5207181292e-08, 1.5114963503e-08, 1.50385410791e-08],
        "mean": [0.00107805849984, 0.00387003831565, 0.00393956527114, 0.00271141435951, 0.00165522273164, 0.00117429031525, 0.000910179049242, 0.000813113932963, 0.000473247520858, 0.000512746802997, 0.000816997140646, 0.000864139234181, 0.000736004556529, 0.000747740152292, 0.000576872727834, 0.000286640570266, 0.000283919798676, 0.000575691054109, 0.000715741422027, 0.000372427079128, 0.00044690881623, 0.000538164982572, 0.00036233526771, 0.0005478693638, 0.000506382493768, 0.000575062877033, 0.000431004620623, 0.000346033746609, 0.000329428236, 0.000254234182648, 0.000219261986786, 0.000175819790456, 0.000100271383417, 0.000123102756334, 0.000105124410766, 6.04666311119e-05, 4.17343399022e-05, 6.75724586472e-05, 8.15816965769e-05, 8.81879605004e-05, 0.000120070195408, 8.75464756973e-05, 5.27739757672e-05, 4.73847976536e-05, 4.76982640976e-05, 4.70993509225e-05, 3.69385888916e-05, 4.28510502388e-05, 3.97600597353e-05, 2.69849406322e-05, 4.78277543152e-05, 4.86502831336e-05, 3.79253542633e-05, 2.48277137871e-05, 2.12155100598e-05, 1.7795673557e-05, 1.66623049154e-05, 1.55371599249e-05, 1.9373574105e-05, 2.81154116237e-05, 1.71798237716e-05, 1.4724929315e-05, 1.41256205097e-05, 1.2268636965e-05, 1.45785261338e-05, 1.73452554009e-05, 1.43931238199e-05, 1.0358750842e-05, 8.99530186871e-06, 8.30256067275e-06, 6.08890195508e-06, 6.61045169181e-06, 5.00491569255e-06, 4.91086075272e-06, 4.97276096212e-06, 4.59372358819e-06, 4.99258248965e-06, 5.66988182982e-06, 5.87849308431e-06, 5.37092546438e-06, 4.90278853249e-06, 5.19669902133e-06, 4.4794810492e-06, 4.80444850837e-06, 4.46711965196e-06, 4.00037515647e-06, 3.81433596885e-06, 4.09454651162e-06, 3.62606488125e-06, 2.58905993178e-06, 1.8721214019e-06, 1.33698119953e-06, 1.09509551294e-06, 9.83400354926e-07, 8.16969134121e-07, 5.64826393656e-07, 2.87761565687e-07, 1.20243228707e-07, 5.17651663756e-08, 1.23560344178e-08, 1.07603326249e-09, 2.58140370191e-10, 5.43233964756e-11, 5.01997679536e-11, 4.88414690636e-11, 4.80712830653e-11, 4.76100270319e-11, 4.23060267374e-11, 3.96315827378e-11, 3.79797235328e-11, 3.66940644536e-11, 3.52083154298e-11, 3.40049516323e-11, 3.26145742358e-11, 3.1597002792e-11, 3.06613137657e-11, 2.97662762494e-11, 2.89364678052e-11, 2.81686219489e-11, 2.74430270175e-11, 2.67508723506e-11, 2.6308927259e-11, 2.58029240335e-11, 2.52597075201e-11, 2.44115144765e-11, 2.327940965e-11, 2.26813377108e-11, 2.24996132836e-11],
        "min": [2.67000005438e-10, 1.35842448401e-10, 8.080505709e-11, 5.01339386672e-11, 8.25330290222e-11, 1.50586168535e-10, 1.28553764855e-10, 3.1928121258e-10, 8.75121131116e-09, 9.60493684588e-10, 1.23679768649e-08, 1.3062676274e-08, 7.17779835568e-09, 2.1504163783e-08, 7.42378034602e-08, 4.6914497176e-08, 3.63739559361e-07, 6.39966856397e-07, 4.50000470664e-07, 1.5777122826e-06, 2.51726646638e-06, 2.10254438571e-06, 3.17637773151e-06, 4.87044098918e-06, 3.68743758372e-06, 1.663688181e-06, 4.00155698799e-07, 5.55039207484e-07, 9.70651967691e-07, 2.21753020924e-06, 1.1700504956e-06, 1.86108127309e-06, 1.46483512253e-06, 1.23249787976e-06, 4.7249960744e-07, 5.12397662078e-07, 3.39884536515e-07, 5.86731744079e-07, 6.68827283334e-07, 1.78561194275e-07, 9.8137149962e-08, 3.10857586783e-07, 4.76297202567e-07, 3.41920923574e-07, 5.93342690536e-07, 8.27567589567e-07, 1.10166388367e-06, 6.16095064743e-07, 2.0564587544e-07, 4.80686367155e-07, 6.38844852574e-08, 2.50878940733e-07, 6.51398011087e-07, 2.02229898605e-07, 1.16794907967e-07, 3.88148208685e-07, 4.55649114883e-07, 5.02790157952e-07, 6.379258366e-07, 1.53060682351e-07, 2.75977072306e-07, 2.74469812211e-07, 2.78740003523e-07, 2.62574104681e-07, 3.38658139754e-07, 1.22392464164e-07, 8.87673436978e-08, 8.95067984175e-08, 1.31365055722e-07, 1.3622492645e-07, 1.7677493247e-07, 6.15608257704e-08, 3.86164025201e-08, 1.79478831797e-08, 3.01549931692e-08, 3.68774983883e-08, 1.91771256652e-08, 2.7330219865e-08, 2.27414123088e-08, 5.42321707542e-08, 3.92630354895e-08, 1.2473466704e-08, 2.4015434974e-08, 2.81924066314e-08, 9.26107546206e-09, 9.3007903601e-09, 1.32101674044e-09, 1.07203179667e-08, 2.95270368156e-08, 1.93780169688e-09, 1.29848409802e-09, 5.32406396747e-10, 3.6133804282e-11, 1.17037057129e-11, 5.3405409435e-12, 1.83441976886e-12, 1.18452719421e-12, 1.3503285946e-12, 1.31769335027e-12, 9.56470146141e-13, 8.70136373978e-13, 7.48471814041e-13, 7.09300402701e-13, 1.09802043759e-12, 7.70052587234e-13, 7.648853881e-13, 7.00165132036e-13, 1.03463450914e-12, 1.00437496861e-12, 1.04351173969e-12, 1.07436488091e-12, 1.00782695991e-12, 9.24935475433e-13, 9.97185732425e-13, 8.93865331145e-13, 9.56059558778e-13, 1.1062565794e-12, 9.80515581922e-13, 7.86610360182e-13, 8.11398257611e-13, 1.02813016347e-12, 9.34290839139e-13, 9.68590008546e-13, 1.01311678231e-12, 6.68802632633e-13, 2.72253519642e-13, 4.24184613216e-14, 1.17024642625e-15],
        "stdev": [0.00154377776198, 0.00462969159707, 0.00511635513976, 0.00389974820428, 0.00303305522539, 0.00270520639606, 0.00198984658346, 0.00145387928933, 0.000774444488343, 0.00140813819598, 0.0025590560399, 0.00220734346658, 0.00146341847721, 0.00166094652377, 0.00130924279802, 0.000620816252194, 0.000751202867832, 0.00139523670077, 0.00224000704475, 0.00104624964297, 0.000835652754176, 0.00123841187451, 0.00060874648625, 0.000958294724114, 0.000814261031337, 0.000885959016159, 0.000778456858825, 0.000604956701864, 0.000614280230366, 0.000417223549448, 0.00025797955459, 0.000244414026383, 0.000123766687466, 0.000166577010532, 0.000154582608957, 9.51282127062e-05, 5.52601959498e-05, 0.000145294950926, 0.000119034513773, 0.00014345710224, 0.000281950720819, 0.000247786461841, 0.000105641905975, 7.78225585236e-05, 7.6811935287e-05, 7.33927299734e-05, 4.77970497741e-05, 6.05672212259e-05, 6.22406587354e-05, 3.59904879588e-05, 7.56877634558e-05, 9.32960101636e-05, 7.78448957135e-05, 4.07685765822e-05, 3.00005867757e-05, 2.3637776394e-05, 2.08407254831e-05, 1.91259932762e-05, 2.28669687203e-05, 3.32762865582e-05, 2.07745706575e-05, 2.49668282777e-05, 2.00628619496e-05, 1.41562750287e-05, 1.84448563232e-05, 2.35298466578e-05, 1.97315057449e-05, 1.77048477781e-05, 1.60584095283e-05, 1.83734464372e-05, 9.78555544862e-06, 8.40174925543e-06, 5.71379860048e-06, 8.96372239367e-06, 8.03138118499e-06, 6.1725145315e-06, 6.80922539686e-06, 6.52055905448e-06, 6.64878689349e-06, 6.39076733933e-06, 4.75796878163e-06, 5.72653743802e-06, 4.98094232171e-06, 5.71765122004e-06, 5.90833087699e-06, 5.65059235669e-06, 4.79904156236e-06, 4.74285070595e-06, 4.54842984254e-06, 3.41181385011e-06, 2.31687477026e-06, 2.01528359867e-06, 1.7147995095e-06, 1.34670119678e-06, 1.07450296127e-06, 8.13162614577e-07, 4.62439089688e-07, 2.34744334193e-07, 1.08422490541e-07, 3.7041438361e-08, 4.7243848833e-09, 1.54032731015e-09, 1.09999820364e-09, 1.0393980121e-09, 9.91555615393e-10, 9.41289712841e-10, 8.95561846903e-10, 8.53426829206e-10, 8.22085788332e-10, 7.90232157488e-10, 7.61227858526e-10, 7.26470439361e-10, 7.02612190651e-10, 6.73432531961e-10, 6.52458032047e-10, 6.30670238255e-10, 6.1039007182e-10, 5.92155435797e-10, 5.74500058637e-10, 5.59234769604e-10, 5.46546974345e-10, 5.35898880827e-10, 5.23537879715e-10, 5.14691178566e-10, 5.05039510212e-10, 4.98292185291e-10, 4.95262886258e-10, 4.92758278625e-10]
    },
    "mfcc": {
        "mean": [-624.098571777, 125.964157104, -49.286441803, 26.0477161407, -42.3660430908, 20.3235988617, -28.9314956665, 26.8126068115, -14.306312561, 19.7537002563, -9.6546831131, 8.35703659058, -11.0012578964],
        "cov": [[2235.02490234, 794.968078613, 2381.4597168, 1128.00915527, 1174.42700195, 579.097412109, 362.375640869, 93.3087387085, 36.7886428833, 61.4928512573, 29.3711261749, 349.221130371, 220.00843811], [794.968078613, 820.995666504, 968.661071777, 638.738525391, 500.565734863, 337.587005615, 168.510284424, 110.258544922, 10.4333467484, 59.3466262817, 53.1882514954, 138.072906494, 147.582595825], [2381.4597168, 968.661071777, 3153.33349609, 1425.671875, 1525.42858887, 722.567504883, 483.770233154, 88.3646697998, 68.226600647, 25.117105484, 1.65378725529, 441.369812012, 252.501602173], [1128.00915527, 638.738525391, 1425.671875, 865.966125488, 739.725036621, 392.938232422, 203.289291382, 77.7845916748, 28.1364479065, 29.9033641815, -2.94002866745, 203.617126465, 154.508361816], [1174.42700195, 500.565734863, 1525.42858887, 739.725036621, 877.324890137, 366.975189209, 261.451568604, 33.280544281, 60.84790802, 16.4201698303, 5.08090209961, 217.588012695, 124.585128784], [579.097412109, 337.587005615, 722.567504883, 392.938232422, 366.975189209, 296.934692383, 143.873580933, 67.163230896, 24.2653999329, 39.7884979248, 17.0861263275, 109.676315308, 63.9677619934], [362.375640869, 168.510284424, 483.770233154, 203.289291382, 261.451568604, 143.873580933, 201.22984314, 47.8473892212, 57.1390228271, 23.177022934, 38.534526825, 55.8888626099, 29.5048122406], [93.3087387085, 110.258544922, 88.3646697998, 77.7845916748, 33.280544281, 67.163230896, 47.8473892212, 97.7267532349, 25.5264453888, 39.7065620422, 23.57072258, 24.0693378448, 16.6332740784], [36.7886428833, 10.4333467484, 68.226600647, 28.1364479065, 60.84790802, 24.2653999329, 57.1390228271, 25.5264453888, 101.890388489, 26.1696815491, 34.0922660828, 9.43009662628, 16.6781635284], [61.4928512573, 59.3466262817, 25.117105484, 29.9033641815, 16.4201698303, 39.7884979248, 23.177022934, 39.7065620422, 26.1696815491, 83.7823486328, 32.2920570374, 25.9902114868, 11.8271818161], [29.3711261749, 53.1882514954, 1.65378725529, -2.94002866745, 5.08090209961, 17.0861263275, 38.534526825, 23.57072258, 34.0922660828, 32.2920570374, 91.7401123047, 17.7814369202, 29.815618515], [349.221130371, 138.072906494, 441.369812012, 203.617126465, 217.588012695, 109.676315308, 55.8888626099, 24.0693378448, 9.43009662628, 25.9902114868, 17.7814369202, 140.208190918, 57.160282135], [220.00843811, 147.582595825, 252.501602173, 154.508361816, 124.585128784, 63.9677619934, 29.5048122406, 16.6332740784, 16.6781635284, 11.8271818161, 29.815618515, 57.160282135, 94.0541610718]],
        "icov": [[0.00261989911087, 0.000291221542284, -0.00160309940111, -0.000307457958115, -0.000611579511315, -0.00021837031818, 0.000202234339667, -0.00047042829101, 0.00127176055685, -0.00127900193911, -0.000689666718245, 0.000402075093007, -0.000888556591235], [0.000291221542284, 0.00402999203652, 0.000148982129758, -0.00255757104605, -0.000303387496388, -0.00136981357355, -0.000203216768568, -0.00157587451395, 0.00214847014286, -0.000823113252409, -0.00186013767961, 0.00157465192024, -0.00217209383845], [-0.00160309940111, 0.000148982129758, 0.00392655376345, -0.00140571140219, -0.00232271524146, -0.000648088753223, -0.00171554542612, 0.000630739436019, 0.000143270939589, 0.00162623252254, 0.000903665088117, -0.00224181846716, 7.41683543311e-05], [-0.000307457958115, -0.00255757104605, -0.00140571140219, 0.00932059623301, -0.00303318421356, -0.00216623512097, 0.00235606567003, -0.00197270768695, -0.000351633701939, 0.000203641931876, 0.00289652962238, 0.000861033215187, -0.00310922786593], [-0.000611579511315, -0.000303387496388, -0.00232271524146, -0.00303318421356, 0.00990077387542, -0.000105939667264, -0.00275065097958, 0.00417544087395, -0.00319889956154, 0.000433169305325, 0.000741684401873, -0.00202113809064, 0.00171291106381], [-0.00021837031818, -0.00136981357355, -0.000648088753223, -0.00216623512097, -0.000105939667264, 0.0118425516412, -0.00247091264464, -0.00232448428869, 0.000657054770272, -0.00194659503177, 0.000263897905825, -0.00116084516048, 0.0019810248632], [0.000202234339667, -0.000203216768568, -0.00171554542612, 0.00235606567003, -0.00275065097958, -0.00247091264464, 0.0132547989488, -0.00375218433328, -0.00329426815733, 0.000959369819611, -0.00431308848783, 0.00279039447196, 0.00254552508704], [-0.00047042829101, -0.00157587451395, 0.000630739436019, -0.00197270768695, 0.00417544087395, -0.00232448428869, -0.00375218433328, 0.0181035771966, -0.00312847387977, -0.00403205538169, 0.000692944449838, -0.00238756742328, 0.00143922818825], [0.00127176055685, 0.00214847014286, 0.000143270939589, -0.000351633701939, -0.00319889956154, 0.000657054770272, -0.00329426815733, -0.00312847387977, 0.0159445442259, -0.00362743111327, -0.00338956015185, 0.00259457505308, -0.00364949693903], [-0.00127900193911, -0.000823113252409, 0.00162623252254, 0.000203641931876, 0.000433169305325, -0.00194659503177, 0.000959369819611, -0.00403205538169, -0.00362743111327, 0.018764320761, -0.0034795999527, -0.00412826240063, 0.00264081638306], [-0.000689666718245, -0.00186013767961, 0.000903665088117, 0.00289652962238, 0.000741684401873, 0.000263897905825, -0.00431308848783, 0.000692944449838, -0.00338956015185, -0.0034795999527, 0.0187271498144, -0.00227403175086, -0.00609971024096], [0.000402075093007, 0.00157465192024, -0.00224181846716, 0.000861033215187, -0.00202113809064, -0.00116084516048, 0.00279039447196, -0.00238756742328, 0.00259457505308, -0.00412826240063, -0.00227403175086, 0.0167173873633, -0.00517359096557], [-0.000888556591235, -0.00217209383845, 7.41683543311e-05, -0.00310922786593, 0.00171291106381, 0.0019810248632, 0.00254552508704, 0.00143922818825, -0.00364949693903, 0.00264081638306, -0.00609971024096, -0.00517359096557, 0.0217511057854]]
    },
    "spectral_contrast_coeffs": {
        "max": [-0.431616872549, -0.517476499081, -0.570593476295, -0.625633060932, -0.636910557747, -0.371446102858],
        "mean": [-0.724031984806, -0.740958452225, -0.760031938553, -0.796952188015, -0.792834877968, -0.583080410957],
        "min": [-0.942336916924, -0.916430175304, -0.920901358128, -0.880640745163, -0.86445915699, -0.915175795555],
        "stdev": [0.0804129093885, 0.069761633873, 0.0522115565836, 0.0412874147296, 0.0301558710635, 0.0571574531496]
    },
    "spectral_contrast_valleys": {
        "max": [-4.96196937561, -4.86825847626, -5.50651073456, -5.631939888, -5.94706630707, -9.41272258759],
        "mean": [-7.3757185936, -6.21142911911, -6.56569480896, -6.92445421219, -7.06335783005, -11.8062105179],
        "min": [-13.0406799316, -7.97476863861, -8.15792655945, -8.56141662598, -8.87514877319, -15.4942312241],
        "stdev": [2.21157622337, 0.597979784012, 0.389261871576, 0.371090263128, 0.274346739054, 1.2301659584]
    }
},
"rhythm": {
    "beats_count": 58,
    "beats_loudness": {
        "max": 0.137806504965,
        "mean": 0.0416235439479,
        "min": 0.00645354157314,
        "stdev": 0.0255938768387
    },
    "bpm": 178.205825806,
    "bpm_histogram_first_peak_bpm": 178,
    "bpm_histogram_first_peak_weight": 0,
    "bpm_histogram_second_peak_bpm": 185,
    "bpm_histogram_second_peak_spread": 0,
    "bpm_histogram_second_peak_weight": 0.192982450128,
    "danceability": 0.910983860493,
    "onset_rate": 1.65463244915,
    "beats_loudness_band_ratio": {
        "max": [0.775438725948, 0.582561075687, 0.69364631176, 0.507212162018, 0.247993290424, 0.130821302533],
        "mean": [0.307546108961, 0.163540109992, 0.275692462921, 0.160223960876, 0.0761173591018, 0.0416529998183],
        "min": [2.12630425267e-06, 0.000276428356301, 0.0443709231913, 0.00981887150556, 0.00962957646698, 0.00786314997822],
        "stdev": [0.22481149435, 0.160797148943, 0.173601478338, 0.142949059606, 0.0617966651917, 0.0232378952205]
    },
    "beats_position": [0.348299324512, 0.719818592072, 1.07972788811, 1.43963718414, 1.78793644905, 2.12462592125, 2.46131515503, 2.79800438881, 3.13469386101, 3.45977306366, 3.79646253586, 4.13315200806, 4.45823097229, 4.79492044449, 5.11999988556, 5.45668935776, 5.80498838425, 6.13006782532, 6.46675729752, 6.80344676971, 7.12852573395, 7.47682523727, 7.80190467834, 8.12698364258, 8.46367359161, 8.78875255585, 9.12544155121, 9.46213150024, 9.79882049561, 10.1239004135, 10.4605894089, 10.7972784042, 11.1223583221, 11.4706573486, 11.807346344, 12.144036293, 12.4691152573, 12.8058052063, 13.1424942017, 13.4907932281, 13.8390922546, 14.1873922348, 14.5356912613, 15.0000905991, 15.4644899368, 15.9172782898, 16.3700675964, 16.8344669342, 17.298866272, 17.7632656097, 18.2044448853, 18.6572322845, 19.1100215912, 19.5628108978, 20.0156002045, 20.4683895111, 20.9211788177, 21.3623580933],
