{
"metadata": {
    "version": {
        "essentia": "2.1-beta5",
        "essentia_git_sha": "Undefined",
        "extractor": "music 2.0"
    },
    "audio_properties": {
        "analysis": {
            "equal_loudness": 0,
            "length": 48.7502937317,
            "sample_rate": 44100,
            "start_time": 45.2440834045,
            "downmix": "mix"
        },
        "bit_rate": 192000,
        "length": 196.011245728,
        "lossless": 0,
        "number_channels": 2,
        "replay_gain": -0.978580474854,
        "sample_rate": 48000,
        "codec": "mp3",
        "md5_encoded": "093bd72ec47f5ee2e0a36183dc85df10"
    },
    "tags": {
        "file_name": "Latvia_Cake To Bake_Aarzemnieki.mp3",
        "encoding": ["Lavf58.29.100"]
    }
},
"lowlevel": {
    "average_loudness": 0.942206203938,
    "barkbands_crest": {
        "max": 22.332490921,
        "mean": 10.2653017044,
        "min": 2.46907067299,
        "stdev": 3.70881700516
    },
    "barkbands_flatness_db": {
        "max": 0.304679781199,
        "mean": 0.183573201299,
        "min": 0.0740443989635,
        "stdev": 0.0368318967521
    },
    "barkbands_kurtosis": {
        "max": 46.0335235596,
        "mean": 5.60058832169,
        "min": -1.87818479538,
        "stdev": 5.9260931015
    },
    "barkbands_skewness": {
        "max": 6.2517414093,
        "mean": 2.04505228996,
        "min": -1.85625052452,
        "stdev": 1.03811860085
    },
    "barkbands_spread": {
        "max": 85.3438262939,
        "mean": 20.649269104,
        "min": 3.62044835091,
        "stdev": 12.5569763184
    },
    "dissonance": {
        "max": 0.5,
        "mean": 0.457520753145,
        "min": 0.293127715588,
        "stdev": 0.0314966477454
    },
    "dynamic_complexity": 2.71084713936,
    "erbbands_crest": {
        "max": 26.6991424561,
        "mean": 9.04229927063,
        "min": 2.39258003235,
        "stdev": 4.66497659683
    },
    "erbbands_flatness_db": {
        "max": 0.327498346567,
        "mean": 0.193797290325,
        "min": 0.124402709305,
        "stdev": 0.0324412733316
    },
    "erbbands_kurtosis": {
        "max": 15.0682487488,
        "mean": 0.410595208406,
        "min": -1.77725708485,
        "stdev": 2.09001994133
    },
    "erbbands_skewness": {
        "max": 3.54145288467,
        "mean": 0.745451271534,
        "min": -2.4880797863,
        "stdev": 0.790126621723
    },
    "erbbands_spread": {
        "max": 129.630310059,
        "mean": 50.837059021,
        "min": 9.65282726288,
        "stdev": 20.6178283691
    },
    "hfc": {
        "max": 104.05506134,
        "mean": 18.7055683136,
        "min": 0.221780821681,
        "stdev": 12.5784187317
    },
    "loudness_ebu128": {
        "integrated": -22.7259140015,
        "loudness_range": 2.46974945068,
        "momentary": {
            "max": -19.7810192108,
            "mean": -23.2749557495,
            "min": -38.915802002,
            "stdev": 2.55934166908
        },
        "short_term": {
            "max": -20.9871921539,
            "mean": -22.8731918335,
            "min": -25.7407913208,
            "stdev": 0.863946259022
        }
    },
    "melbands_crest": {
        "max": 27.9003105164,
        "mean": 13.5838317871,
        "min": 3.26246857643,
        "stdev": 4.45677661896
    },
    "melbands_flatness_db": {
        "max": 0.347057253122,
        "mean": 0.193752110004,
        "min": 0.0288452263921,
        "stdev": 0.0490023009479
    },
    "melbands_kurtosis": {
        "max": 187.467147827,
        "mean": 18.8615322113,
        "min": -1.70900583267,
        "stdev": 16.8281764984
    },
    "melbands_skewness": {
        "max": 12.1825523376,
        "mean": 3.26570987701,
        "min": -0.260379582644,
        "stdev": 1.5216486454
    },
    "melbands_spread": {
        "max": 165.656311035,
        "mean": 20.3416595459,
        "min": 3.07346343994,
        "stdev": 16.8058128357
    },
    "pitch_salience": {
        "max": 0.851453244686,
        "mean": 0.591235995293,
        "min": 0.235472977161,
        "stdev": 0.102488167584
    },
    "silence_rate_20dB": {
        "max": 1,
        "mean": 1,
        "min": 1,
        "stdev": 0
    },
    "silence_rate_30dB": {
        "max": 1,
        "mean": 0.994764387608,
        "min": 0,
        "stdev": 0.0721675977111
    },
    "silence_rate_60dB": {
        "max": 1,
        "mean": 0.0442646369338,
        "min": 0,
        "stdev": 0.205685585737
    },
    "spectral_centroid": {
        "max": 4604.66064453,
        "mean": 1151.94140625,
        "min": 354.994842529,
        "stdev": 573.482177734
    },
    "spectral_complexity": {
        "max": 48,
        "mean": 15.7810564041,
        "min": 0,
        "stdev": 6.7095580101
    },
    "spectral_decrease": {
        "max": -3.078945085e-11,
        "mean": -6.70818289805e-09,
        "min": -5.30953450095e-08,
        "stdev": 5.37988675831e-09
    },
    "spectral_energy": {
        "max": 0.207250997424,
        "mean": 0.0270149167627,
        "min": 0.000144541685586,
        "stdev": 0.0211388431489
    },
    "spectral_energyband_high": {
        "max": 0.0116075444967,
        "mean": 0.000942222832236,
        "min": 1.81515724762e-06,
        "stdev": 0.000912613759283
    },
    "spectral_energyband_low": {
        "max": 0.147907540202,
        "mean": 0.00500575173646,
        "min": 1.19599508253e-06,
        "stdev": 0.0113481245935
    },
    "spectral_energyband_middle_high": {
        "max": 0.0424670912325,
        "mean": 0.00337905995548,
        "min": 4.15593021899e-05,
        "stdev": 0.00438913796097
    },
    "spectral_energyband_middle_low": {
        "max": 0.194243937731,
        "mean": 0.0193726755679,
        "min": 2.90868538286e-05,
        "stdev": 0.0153315225616
    },
    "spectral_entropy": {
        "max": 8.44720172882,
        "mean": 7.64994192123,
        "min": 6.79961776733,
        "stdev": 0.298830032349
    },
    "spectral_flux": {
        "max": 0.368842273951,
        "mean": 0.0916310176253,
        "min": 0.00583969336003,
        "stdev": 0.0499628260732
    },
    "spectral_kurtosis": {
        "max": 12.681678772,
        "mean": 1.08360624313,
        "min": -1.27739596367,
        "stdev": 1.35296058655
    },
    "spectral_rms": {
        "max": 0.0142195671797,
        "mean": 0.00476039014757,
        "min": 0.000375521340175,
        "stdev": 0.00192216911819
    },
    "spectral_rolloff": {
        "max": 8268.75,
        "mean": 1343.59936523,
        "min": 129.19921875,
        "stdev": 1434.76794434
    },
    "spectral_skewness": {
        "max": 2.59959983826,
        "mean": 0.933295965195,
        "min": -0.32515758276,
        "stdev": 0.320810109377
    },
    "spectral_spread": {
        "max": 15370956,
        "mean": 4569894.5,
        "min": 1823388.25,
        "stdev": 833941.4375
    },
    "spectral_strongpeak": {
        "max": 5.79233598709,
        "mean": 1.04471087456,
        "min": 0.00849044322968,
        "stdev": 0.991981565952
    },
    "zerocrossingrate": {
        "max": 0.2255859375,
        "mean": 0.0629006624222,
        "min": 0.0107421875,
        "stdev": 0.0278481245041
    },
    "barkbands": {
        "max": [0.00107327743899, 0.0927256643772, 0.0586765855551, 0.0404791533947, 0.0852695256472, 0.0584837496281, 0.0631161555648, 0.0492531657219, 0.0467733070254, 0.0289804302156, 0.0125464312732, 0.0116712227464, 0.0135277090594, 0.00871097110212, 0.00493026012555, 0.00679626176134, 0.00551507156342, 0.00923149473965, 0.00507178483531, 0.00268795900047, 0.0044154045172, 0.00455871829763, 0.00356770306826, 0.00429559219629, 4.60949995613e-05, 3.86869442082e-06, 4.10162010667e-06],
        "mean": [1.44182322401e-05, 0.0017011621967, 0.00176509027369, 0.00351015920751, 0.00458200229332, 0.00336787337437, 0.00280380062759, 0.00265231146477, 0.00213008630089, 0.000971441098955, 0.000437247683294, 0.000444759323727, 0.000256260827882, 0.000299797538901, 0.000249334872933, 0.000178369242349, 0.000213183346204, 0.000202126029762, 0.000182145580766, 0.000193548810785, 0.000181354946108, 0.000285405956674, 0.000271053373581, 0.00012058714492, 1.38011682793e-06, 3.38276451295e-09, 3.07796899079e-09],
        "min": [2.78640249762e-10, 4.06931697228e-08, 2.78811882026e-07, 5.10542406573e-07, 2.15375712287e-06, 9.62044964581e-07, 5.72239400753e-07, 8.17018644739e-07, 3.59824662155e-06, 2.3626573693e-06, 1.29139948513e-06, 1.71390945525e-06, 1.32459513225e-06, 9.32395323616e-07, 7.76692957061e-07, 8.6384898168e-07, 5.85644841067e-07, 1.08448477931e-06, 1.11401027425e-06, 5.82176141961e-07, 3.85838575312e-07, 4.5394003223e-07, 8.50006074415e-08, 1.02170404082e-10, 5.95374860524e-11, 8.82349054931e-11, 1.15535886414e-10],
        "stdev": [5.3996231145e-05, 0.00681848498061, 0.00462384335697, 0.00434646569192, 0.00495766289532, 0.00502098212019, 0.00590224703774, 0.00575838377699, 0.00442188978195, 0.00274768890813, 0.000869474024512, 0.000973296526354, 0.000694211106747, 0.0006559046451, 0.000460248935269, 0.000378167140298, 0.000409580214182, 0.000395968934754, 0.000284541252768, 0.000272911449429, 0.000296951096971, 0.00032557969098, 0.000269398937235, 0.000186327917618, 4.16926604885e-06, 8.44198950745e-08, 8.9477943277e-08]
    },
    "erbbands": {
        "max": [1.71098232269, 24.5850791931, 67.3449935913, 83.23097229, 268.715820312, 220.362350464, 449.043365479, 641.436279297, 1013.32678223, 1125.62487793, 1316.25317383, 1369.68066406, 895.394592285, 879.144226074, 261.195770264, 503.995819092, 505.336730957, 410.034545898, 348.205291748, 442.230651855, 181.241546631, 325.062347412, 582.937316895, 232.39201355, 306.843963623, 140.185928345, 149.121658325, 227.259216309, 213.928771973, 136.876846313, 108.598106384, 103.350471497, 48.3412513733, 1.90142548084, 0.0709601715207, 0.0154508212581, 0.00716276140884, 0.00255049113184, 0.000587575545069, 0.000234611725318],
        "mean": [0.026921434328, 0.470931231976, 1.73889994621, 7.3809800148, 14.7508878708, 13.1913366318, 21.2843017578, 29.6401443481, 41.8899612427, 40.1816825867, 63.7529144287, 47.4583702087, 38.3840103149, 25.0217037201, 15.8912811279, 16.9535560608, 12.3225784302, 13.4918441772, 15.7577753067, 11.1503725052, 10.1496038437, 12.1690645218, 11.9810934067, 8.26642990112, 10.6782073975, 9.12505531311, 6.47449111938, 8.48359584808, 10.3617391586, 9.31182479858, 7.45028495789, 3.87668347359, 1.22638082504, 0.0856740921736, 0.00291151809506, 0.000274303980405, 5.81942731515e-05, 1.57807571668e-05, 1.7892823962e-05, 3.28758578689e-05],
        "min": [2.48572087003e-06, 2.82008968497e-05, 0.000513820676133, 0.00467273965478, 0.00584668805823, 0.00941691081971, 0.0144550651312, 0.00875037256628, 0.0129415160045, 0.0385930687189, 0.0565844140947, 0.0786831527948, 0.0580733343959, 0.0790602862835, 0.0420728363097, 0.0879441350698, 0.0755107402802, 0.123518139124, 0.0351819135249, 0.0548020377755, 0.0597572252154, 0.0395768880844, 0.086183167994, 0.0798208415508, 0.0462269745767, 0.0306553319097, 0.0304659157991, 0.0174655020237, 0.0180812906474, 0.00567160034552, 0.00103506247979, 3.8208818296e-05, 4.65241737402e-06, 2.22106859837e-06, 1.38391681048e-06, 7.96634878952e-07, 4.36529973058e-07, 1.26577091919e-07, 2.09460850442e-07, 2.35651569369e-07],
        "stdev": [0.116176627576, 1.79837870598, 4.8503780365, 9.50000476837, 17.4445991516, 16.0351066589, 28.2875347137, 49.8319625854, 90.3964538574, 87.9060974121, 136.3568573, 101.766265869, 90.3870697021, 61.1051177979, 24.1194553375, 39.6304893494, 29.5497283936, 27.5034275055, 30.5184173584, 23.2227115631, 16.1877002716, 22.3222827911, 24.1956501007, 13.1763410568, 17.2737293243, 13.5266656876, 9.44241046906, 14.1479845047, 12.381939888, 9.82092475891, 7.75449752808, 5.03447389603, 2.29403758049, 0.180900394917, 0.00556686054915, 0.000511031597853, 0.000165657053003, 5.70679803786e-05, 1.70066596183e-05, 2.41203288169e-05]
    },
    "gfcc": {
        "mean": [-24.9936847687, 124.181060791, -156.644042969, 59.5286445618, -101.157669067, 5.19464111328, -35.0213279724, -26.4751625061, -0.562958419323, -34.9557876587, -1.35332322121, -22.423833847, -7.28654670715],
        "cov": [[2380.58447266, -42.1007537842, 265.387207031, -5.09802484512, -243.230361938, 128.697967529, -92.9414596558, 168.057250977, 121.106056213, 47.7218551636, 148.761276245, -33.3501625061, 38.3990325928], [-42.1007537842, 466.207824707, 80.9439620972, -43.4969215393, 109.660125732, -100.447319031, 112.835609436, -47.6838340759, 80.9994888306, -15.50431633, 18.4904956818, -10.1031761169, -18.7175865173], [265.387207031, 80.9439620972, 437.030487061, 201.041778564, 20.2694778442, 116.447975159, -24.1477279663, 17.4983615875, 29.5947551727, 47.5916748047, 42.2697601318, 33.5481987, 33.8828201294], [-5.09802484512, -43.4969215393, 201.041778564, 321.930938721, 134.842727661, 84.6343383789, -10.1316080093, 19.0740127563, 16.3554039001, 32.6825485229, 8.98375797272, 33.9798355103, 42.9685783386], [-243.230361938, 109.660125732, 20.2694778442, 134.842727661, 218.649429321, 52.2771911621, 63.8115615845, 17.0251102448, 36.2426986694, 0.16467089951, -20.6620483398, 3.01166415215, 13.2227420807], [128.697967529, -100.447319031, 116.447975159, 84.6343383789, 52.2771911621, 295.352813721, 82.5858459473, 64.8224563599, 4.17811870575, 30.0073413849, 10.3128490448, 22.2287693024, 29.520236969], [-92.9414596558, 112.835609436, -24.1477279663, -10.1316080093, 63.8115615845, 82.5858459473, 203.666885376, 35.6512718201, 25.4828529358, 6.4727845192, 0.360718220472, 15.0064649582, -11.1215114594], [168.057250977, -47.6838340759, 17.4983615875, 19.0740127563, 17.0251102448, 64.8224563599, 35.6512718201, 147.283050537, 72.8555145264, 28.9394187927, 12.2906484604, -10.4947910309, 4.55334091187], [121.106056213, 80.9994888306, 29.5947551727, 16.3554039001, 36.2426986694, 4.17811870575, 25.4828529358, 72.8555145264, 138.629058838, 58.6226539612, 24.0898513794, -0.672593653202, 0.287734210491], [47.7218551636, -15.50431633, 47.5916748047, 32.6825485229, 0.16467089951, 30.0073413849, 6.4727845192, 28.9394187927, 58.6226539612, 102.857124329, 51.8977165222, 18.4616641998, 18.2764797211], [148.761276245, 18.4904956818, 42.2697601318, 8.98375797272, -20.6620483398, 10.3128490448, 0.360718220472, 12.2906484604, 24.0898513794, 51.8977165222, 88.8095397949, 40.6147918701, 15.1068172455], [-33.3501625061, -10.1031761169, 33.5481987, 33.9798355103, 3.01166415215, 22.2287693024, 15.0064649582, -10.4947910309, -0.672593653202, 18.4616641998, 40.6147918701, 83.8865966797, 35.8173522949], [38.3990325928, -18.7175865173, 33.8828201294, 42.9685783386, 13.2227420807, 29.520236969, -11.1215114594, 4.55334091187, 0.287734210491, 18.2764797211, 15.1068172455, 35.8173522949, 63.6280593872]],
        "icov": [[0.000817066174932, -0.000285115354927, -3.52823772118e-05, -0.00049910240341, 0.0014793057926, -0.000619624159299, 0.000278111052467, -0.000445965852123, -0.000928590190597, 0.00140957557596, -0.00186302978545, 0.00151047634427, -0.00096918118652], [-0.000285115354927, 0.0153478495777, -0.00917106214911, 0.00907806679606, -0.0113106239587, 0.00856500025839, -0.0108597427607, 0.0104847662151, -0.0110810194165, 0.00989905651659, -0.00978535506874, 0.00808595586568, -0.00585326133296], [-3.52823772118e-05, -0.00917106214911, 0.00956327281892, -0.00824699178338, 0.00813651643693, -0.00640773028135, 0.0068021453917, -0.00517173297703, 0.00535011524335, -0.00565798906609, 0.00498230569065, -0.00478770397604, 0.0037543149665], [-0.00049910240341, 0.00907806679606, -0.00824699178338, 0.0129691027105, -0.0120777664706, 0.00530784158036, -0.00476372195408, 0.00497092632577, -0.00403006980196, 0.00302599440329, -0.00350457173772, 0.00201436132193, -0.00368863623589], [0.0014793057926, -0.0113106239587, 0.00813651643693, -0.0120777664706, 0.0192998293787, -0.00770887779072, 0.00541556626558, -0.00632623955607, 0.00274643138982, -0.00254782731645, 0.00483419280499, -0.00179530365858, 0.00115074589849], [-0.000619624159299, 0.00856500025839, -0.00640773028135, 0.00530784158036, -0.00770887779072, 0.0105272904038, -0.00813988037407, 0.00326483161189, -0.00283494382165, 0.00283687934279, -0.00335676781833, 0.00326014938764, -0.00405750097707], [0.000278111052467, -0.0108597427607, 0.0068021453917, -0.00476372195408, 0.00541556626558, -0.00813988037407, 0.0150458849967, -0.00843973644078, 0.0074631110765, -0.00731526874006, 0.00738563248888, -0.00884233321995, 0.00740863755345], [-0.000445965852123, 0.0104847662151, -0.00517173297703, 0.00497092632577, -0.00632623955607, 0.00326483161189, -0.00843973644078, 0.018777102232, -0.0140956770629, 0.00841356534511, -0.00799208227545, 0.00865528080612, -0.00559603702277], [-0.000928590190597, -0.0110810194165, 0.00535011524335, -0.00403006980196, 0.00274643138982, -0.00283494382165, 0.0074631110765, -0.0140956770629, 0.0246278494596, -0.0174329392612, 0.0110437106341, -0.00926647335291, 0.00772119220346], [0.00140957557596, 0.00989905651659, -0.00565798906609, 0.00302599440329, -0.00254782731645, 0.00283687934279, -0.00731526874006, 0.00841356534511, -0.0174329392612, 0.0292393360287, -0.020222838968, 0.011918858625, -0.00986439082772], [-0.00186302978545, -0.00978535506874, 0.00498230569065, -0.00350457173772, 0.00483419280499, -0.00335676781833, 0.00738563248888, -0.00799208227545, 0.0110437106341, -0.020222838968, 0.0331953465939, -0.0195931214839, 0.00928168930113], [0.00151047634427, 0.00808595586568, -0.00478770397604, 0.00201436132193, -0.00179530365858, 0.00326014938764, -0.00884233321995, 0.00865528080612, -0.00926647335291, 0.011918858625, -0.0195931214839, 0.0302540119737, -0.0164083912969], [-0.00096918118652, -0.00585326133296, 0.0037543149665, -0.00368863623589, 0.00115074589849, -0.00405750097707, 0.00740863755345, -0.00559603702277, 0.00772119220346, -0.00986439082772, 0.00928168930113, -0.0164083912969, 0.0282412618399]]
    },
    "melbands": {
        "max": [0.0208934098482, 0.0321284644306, 0.0172262303531, 0.018248103559, 0.0140339257196, 0.0125075485557, 0.01412172243, 0.0121061149985, 0.0103643434122, 0.00914454180747, 0.00464268354699, 0.00401545595378, 0.00124703662004, 0.00144674291369, 0.0030228139367, 0.00103987101465, 0.000807376112789, 0.000757424510084, 0.000382060970878, 0.000669509812724, 0.000178640417289, 0.000403934827773, 0.000529649783857, 0.000474482949357, 0.000183084601304, 0.000276749866316, 0.00016340847651, 9.78610623861e-05, 0.00010784076585, 0.000132208733703, 0.000144915335113, 0.000137815019116, 7.25129648345e-05, 6.94478512742e-05, 6.61976373522e-05, 4.39656723756e-05, 7.47098820284e-05, 4.68288781121e-05, 4.74712351206e-06, 4.17110214812e-07],
        "mean": [0.000377320684493, 0.000876318255905, 0.00153985270299, 0.000968258595094, 0.000723746663425, 0.000675895484164, 0.000626012624707, 0.000461889983853, 0.000507424410898, 0.000290443131234, 0.00018902606098, 0.000104456739791, 5.45003204024e-05, 4.99715279147e-05, 3.71255518985e-05, 2.45794562943e-05, 2.50318989856e-05, 2.69177198788e-05, 1.76610410563e-05, 1.26977220134e-05, 1.1358064512e-05, 1.18227126222e-05, 1.38309897011e-05, 8.48516083352e-06, 6.28413226877e-06, 7.33717251933e-06, 8.03444982012e-06, 5.48012940271e-06, 3.82659163733e-06, 4.05183300245e-06, 5.22240952705e-06, 5.96631025473e-06, 5.39802158528e-06, 5.11862526764e-06, 4.60252022094e-06, 3.11561029775e-06, 2.10721282201e-06, 1.0514557971e-06, 2.22675112127e-07, 7.99461030709e-09],
        "min": [1.89192910227e-08, 2.10773862364e-07, 1.13314604278e-06, 3.7098533312e-07, 4.32353090218e-07, 2.1639951342e-07, 9.16307740795e-08, 3.48520956095e-07, 6.3211041379e-07, 3.92020695017e-07, 2.89137062737e-07, 2.8335378488e-07, 1.51612255195e-07, 1.51221684064e-07, 7.88525156281e-08, 1.71156614215e-07, 1.470763209e-07, 3.90193157784e-08, 5.4862816512e-08, 5.77906114074e-08, 4.54397870442e-08, 3.49432873747e-08, 4.83188316025e-08, 8.78785044733e-08, 5.25201286905e-08, 1.89348412505e-08, 2.53658818394e-08, 1.50533843168e-08, 1.46050957994e-08, 1.09639035628e-08, 8.96052831934e-09, 1.16992850963e-08, 3.37889449753e-09, 2.62380162042e-09, 5.65410829267e-10, 5.03892554852e-13, 1.06569549192e-12, 1.0460000921e-12, 9.40833023468e-13, 4.06019266602e-13],
        "stdev": [0.00155160040595, 0.00238882284611, 0.00174727675039, 0.00101243774407, 0.000932459020987, 0.00110282166861, 0.00128189800307, 0.000980104901828, 0.00109082099516, 0.00064768694574, 0.000463861128082, 0.000273843877949, 9.34592681006e-05, 0.000100662095065, 0.000130331565742, 5.92568831053e-05, 5.66567359783e-05, 5.75838494115e-05, 3.27153975377e-05, 3.3042520954e-05, 1.75892018888e-05, 2.19512621698e-05, 2.98812828987e-05, 1.75442055479e-05, 1.06290308395e-05, 1.24513280753e-05, 1.26810400616e-05, 8.62275101099e-06, 5.73514080315e-06, 7.4205963756e-06, 9.21253013075e-06, 7.70146380091e-06, 5.96124164076e-06, 5.52486881134e-06, 4.81692768517e-06, 3.65383971257e-06, 3.17862054544e-06, 2.08074379771e-06, 5.15476813234e-07, 3.23280247017e-08]
    },
    "melbands128": {
        "max": [0.00084199255798, 0.00824546348304, 0.0334835536778, 0.0454821251333, 0.0387156195939, 0.0291613675654, 0.0185928232968, 0.0198380444199, 0.0327206403017, 0.0183379873633, 0.00981053803116, 0.0132188349962, 0.0166003033519, 0.0181697327644, 0.0228017307818, 0.023486783728, 0.0299444235861, 0.0221673492342, 0.0170337446034, 0.0195495225489, 0.0158291570842, 0.0160256884992, 0.0196597650647, 0.0127978092059, 0.0110348444432, 0.014249227941, 0.0111505025998, 0.00829862710088, 0.00782596319914, 0.00920438766479, 0.00407940847799, 0.00298406253569, 0.00204056035727, 0.000947965309024, 0.00186601886526, 0.00329656596296, 0.00225833943114, 0.00586844142526, 0.00229393993504, 0.00167057197541, 0.0015854826197, 0.000600333733018, 0.00178185978439, 0.00178928021342, 0.00184825249016, 0.00147944199853, 0.000788738776464, 0.000743099837564, 0.000655496201944, 0.00132507446688, 0.00114602420945, 0.000516783446074, 0.000329709408106, 0.000283021305222, 0.000358417455573, 0.000570053816773, 0.000491814804263, 0.00100503966678, 0.000616253411863, 0.000651544542052, 0.00067029800266, 0.000276362203294, 0.000193056010175, 0.000304208748275, 0.000191432802239, 0.000417660543462, 0.000337241799571, 0.000397898693336, 0.000152272681589, 0.000280045438558, 0.000191647850443, 6.8281966378e-05, 0.000193781030248, 0.000111062443466, 0.000131942710141, 0.000215086954995, 0.000199241098017, 0.000161775416927, 0.000233623839449, 0.000163083765074, 0.000132097004098, 0.000201839298825, 0.000119801217807, 9.82567944448e-05, 0.000145879937918, 7.27132210159e-05, 5.37218620593e-05, 6.21790022706e-05, 6.1069149524e-05, 8.73160242918e-05, 5.36104562343e-05, 4.92828658025e-05, 6.32173323538e-05, 8.82390449988e-05, 7.0660134952e-05, 6.78257929394e-05, 4.66746569145e-05, 1.24005737234e-05, 6.36069034954e-06, 2.15475483856e-06, 1.13878559205e-06, 3.87077705e-07, 9.43067846038e-08, 3.30257741155e-08, 3.14459605022e-08, 3.01969045324e-08, 2.89386825614e-08, 2.77383218616e-08, 2.65896229479e-08, 2.55269299032e-08, 2.44718858511e-08, 2.36096475703e-08, 2.26972325379e-08, 2.18346407621e-08, 2.11302921826e-08, 2.04672243598e-08, 1.98295584397e-08, 1.92210123373e-08, 1.86660411572e-08, 1.8139429514e-08, 1.76965357923e-08, 1.73028347206e-08, 1.70380687337e-08, 1.67229714521e-08, 1.64084532628e-08, 1.62244777613e-08, 1.61188893344e-08, 1.60296202978e-08],
        "mean": [1.01040141089e-05, 9.54225397436e-05, 0.000575730984565, 0.000833513680845, 0.000753824191634, 0.000957974116318, 0.00140730233397, 0.00188553938642, 0.00159609224647, 0.000785763317253, 0.000654248229694, 0.000795482192189, 0.0007783890469, 0.000595887657255, 0.000593678036239, 0.00078372185817, 0.000759734946769, 0.00059143913677, 0.000478383124573, 0.000390964007238, 0.000473856634926, 0.000615785480477, 0.000551429635379, 0.000368578737834, 0.000265261507593, 0.000296646350762, 0.000233854283579, 0.000169623031979, 0.000169857928995, 0.000105702885776, 9.24764754018e-05, 7.61401825002e-05, 4.60050177935e-05, 4.09963577113e-05, 5.78986655455e-05, 5.22914378962e-05, 3.63197323168e-05, 5.04627569171e-05, 2.3830727514e-05, 2.24437608267e-05, 2.75013026112e-05, 2.25551557378e-05, 2.37822841882e-05, 2.50831089943e-05, 3.24806496792e-05, 2.82817800326e-05, 1.96744240384e-05, 1.93114628928e-05, 1.55785419338e-05, 1.38803552545e-05, 1.14851645776e-05, 1.24268417494e-05, 1.29787467813e-05, 9.6645717349e-06, 1.08393469418e-05, 1.14280310299e-05, 1.27886069095e-05, 1.59936589625e-05, 1.38648483698e-05, 1.05530962173e-05, 8.08757704363e-06, 7.25370136934e-06, 6.13870406596e-06, 5.93595950704e-06, 6.51863047096e-06, 7.0481110015e-06, 8.07277865533e-06, 8.58436123963e-06, 7.98524342827e-06, 7.37137906981e-06, 5.87497743254e-06, 4.39481618741e-06, 3.66696394849e-06, 3.80975598091e-06, 3.80939877687e-06, 3.95183042201e-06, 3.95042843593e-06, 4.98751160194e-06, 5.36702918907e-06, 5.47247373106e-06, 6.00862631472e-06, 6.21429808234e-06, 5.78261597184e-06, 5.32018657395e-06, 4.9810546443e-06, 5.44121530766e-06, 4.97124210597e-06, 4.86348153572e-06, 4.80858534502e-06, 4.37019298261e-06, 3.45898183696e-06, 2.72521447187e-06, 2.55981490227e-06, 2.1114883566e-06, 1.93523078451e-06, 1.40954023209e-06, 8.8182929403e-07, 4.86543058287e-07, 2.50196421803e-07, 5.56302666155e-08, 1.15959268854e-08, 2.65103650143e-09, 1.32594449309e-10, 2.73136773615e-11, 2.54234758246e-11, 3.57112256433e-11, 5.67906728588e-11, 4.10395571693e-11, 2.40096033333e-11, 1.91129213151e-11, 1.82854287267e-11, 1.7645128414e-11, 1.69695594382e-11, 1.63229395278e-11, 1.5803539033e-11, 1.53298936045e-11, 1.48737740874e-11, 1.44405060826e-11, 1.40729147086e-11, 1.36836722509e-11, 1.33422682624e-11, 1.30747183913e-11, 1.28736708793e-11, 1.2621005803e-11, 1.22346698744e-11, 1.17653066109e-11, 1.15070557249e-11, 1.14183064046e-11],
        "min": [2.67460054104e-10, 2.4975677082e-09, 5.72466474225e-09, 8.48103454132e-09, 1.95408809134e-08, 8.73031353876e-08, 8.25909864943e-08, 2.46117224378e-07, 2.04731790632e-07, 1.44814222836e-07, 1.49316747411e-07, 8.97514809139e-08, 3.82970853252e-07, 1.10146849863e-07, 6.08884107578e-08, 1.24581589489e-08, 3.66722545664e-08, 3.53992604119e-08, 4.15868157688e-08, 7.49106021658e-08, 5.80744412559e-08, 3.94939796422e-08, 3.38053467885e-07, 2.98819713862e-07, 3.2653542803e-07, 8.44884624485e-08, 2.00472030087e-07, 2.04858494612e-07, 2.00441377274e-07, 6.91367887384e-08, 1.12743151703e-07, 1.58616643375e-07, 5.11561815131e-08, 7.9412757259e-08, 4.51115305111e-08, 3.46658559636e-08, 8.58669650938e-08, 3.13724655143e-08, 5.98628986381e-08, 9.56818126951e-08, 1.35377277388e-07, 1.5613605342e-07, 9.39930728805e-08, 2.19340279273e-08, 3.50651703229e-08, 4.18983390205e-08, 2.69351225768e-08, 1.57526969247e-08, 4.38349125886e-08, 2.58795953556e-08, 3.5745259197e-08, 3.34505010358e-08, 2.99804234771e-08, 2.45916709218e-08, 5.32328243708e-08, 2.89025496869e-08, 2.94053101868e-08, 1.14606351076e-08, 1.25260788408e-08, 4.72233629978e-08, 5.61976563063e-08, 2.68163447004e-08, 4.72185490707e-08, 4.67263845394e-08, 9.46492040299e-09, 1.42207783327e-08, 1.56534269991e-08, 1.1261088062e-08, 9.59138191092e-09, 2.28031584726e-08, 5.3958433277e-09, 1.04612603025e-08, 4.08369915661e-09, 3.60783380948e-09, 1.53481956033e-08, 5.03147479236e-09, 8.47703862661e-09, 4.35637126373e-09, 3.66788643902e-09, 7.5009616296e-09, 7.24890103498e-09, 5.73730218889e-09, 1.88885818098e-09, 1.51998102993e-09, 3.8497352528e-10, 1.13177167638e-09, 1.30064370385e-09, 1.16257670157e-09, 1.28319133097e-10, 1.00132770998e-12, 3.48712378417e-13, 3.86321589952e-13, 6.69878540659e-13, 1.38571391774e-12, 7.52689414702e-13, 6.57521292188e-13, 6.52973172494e-13, 6.79678373045e-13, 4.49702395548e-13, 3.3262653157e-13, 3.29177169463e-13, 3.69221065397e-13, 3.43443454015e-13, 3.61283621292e-13, 2.64586746609e-13, 3.79328919621e-13, 4.0746832991e-13, 3.54090292243e-13, 2.89135197989e-13, 2.81122943934e-13, 4.34577666821e-13, 3.38468375506e-13, 4.21405423577e-13, 2.75534450941e-13, 3.47364931957e-13, 3.77433896854e-13, 3.40581187384e-13, 3.90089002766e-13, 3.84439577611e-13, 3.56547229892e-13, 3.22419771003e-13, 3.42873624458e-13, 4.0885041663e-13, 3.49563504228e-13, 3.12704316651e-13, 1.06589711287e-13, 1.77392263612e-14, 5.02593140242e-16],
        "stdev": [4.04776656069e-05, 0.000477592664538, 0.00245402241126, 0.00326347281225, 0.00263798842207, 0.00228701904416, 0.00209867022932, 0.00239818845876, 0.00213575689122, 0.00105334119871, 0.00106067198794, 0.00133148161694, 0.00121019012295, 0.00104098208249, 0.00124083925039, 0.00183227320667, 0.0020838198252, 0.00166563293897, 0.00127421715297, 0.00134228996467, 0.00130200840067, 0.00164439005312, 0.00162788899615, 0.00110258162022, 0.000857120612636, 0.000936605094466, 0.000764042488299, 0.000592180353124, 0.000670985784382, 0.000431173684774, 0.00029743052437, 0.000194954161998, 0.000110401611892, 7.87611134001e-05, 0.00013577187201, 0.000169945909875, 0.000128856947413, 0.000241662026383, 0.00010587786528, 7.93763101683e-05, 8.97214849829e-05, 4.93505176564e-05, 7.93822327978e-05, 8.90951923793e-05, 9.97593742795e-05, 8.03185175755e-05, 5.255411088e-05, 4.86296703457e-05, 3.6766017729e-05, 5.2801817219e-05, 4.31674052379e-05, 2.9161463317e-05, 2.2986849217e-05, 1.81796604011e-05, 2.2858444936e-05, 2.51559522439e-05, 3.05352150463e-05, 4.4360593165e-05, 3.10644390993e-05, 2.66915503744e-05, 2.03604977287e-05, 1.57361610036e-05, 1.1887988876e-05, 1.23241461552e-05, 1.01131436168e-05, 1.51388767335e-05, 1.82638159458e-05, 1.84223517863e-05, 1.40388738146e-05, 1.64488810697e-05, 1.22924184325e-05, 6.31650664218e-06, 6.96831284586e-06, 6.33029912933e-06, 7.10017093297e-06, 8.54023983266e-06, 8.8241413323e-06, 9.4307024483e-06, 1.13088790386e-05, 1.01134073702e-05, 8.28802058095e-06, 9.28236750042e-06, 7.28000986783e-06, 6.35616379441e-06, 6.89729995429e-06, 6.89824673827e-06, 5.70871634409e-06, 5.39122356713e-06, 5.45529792362e-06, 5.86044143347e-06, 4.32669139627e-06, 3.6543974602e-06, 3.67867096429e-06, 3.5468256101e-06, 3.31890441885e-06, 2.98721647596e-06, 2.06506979339e-06, 1.16494459235e-06, 6.27941403764e-07, 1.67793544392e-07, 6.09290964348e-08, 1.61475792737e-08, 2.29466534662e-09, 7.21119497449e-10, 6.86639245462e-10, 6.80977108036e-10, 6.85262568911e-10, 6.13943285099e-10, 5.80233749936e-10, 5.56870327628e-10, 5.33862953844e-10, 5.15042508642e-10, 4.95141649903e-10, 4.76325812127e-10, 4.60956994797e-10, 4.46494757833e-10, 4.3258294169e-10, 4.19306867006e-10, 4.0720435357e-10, 3.95712906887e-10, 3.86052079193e-10, 3.77464781653e-10, 3.71686265099e-10, 3.64810903708e-10, 3.57956275732e-10, 3.53951451482e-10, 3.51651485708e-10, 3.49704765146e-10]
    },
    "mfcc": {
        "mean": [-637.503417969, 116.679244995, -0.576777994633, 31.9655513763, -29.4477958679, 16.8459129333, -32.9123687744, 15.0345182419, -25.391626358, 8.66881752014, -19.3207950592, 2.87572717667, -18.2003879547],
        "cov": [[2225.76513672, -94.9910888672, 275.394989014, -114.434692383, -41.1826324463, -85.1140365601, -93.1245269775, 53.198387146, -67.3479614258, 149.113174438, -17.8632202148, 109.484062195, 45.0701255798], [-94.9910888672, 558.618347168, -85.722076416, 61.9996185303, -101.644104004, 17.6054573059, -60.2416343689, 53.8288993835, -43.7558326721, 67.8210906982, 2.58481287956, 19.6486530304, 1.5264428854], [275.394989014, -85.722076416, 472.401153564, 35.578163147, 115.626670837, 57.9065818787, 43.8067054749, -28.9084320068, 33.1832733154, -32.1007003784, 31.7202301025, 45.1624526978, 49.2738685608], [-114.434692383, 61.9996185303, 35.578163147, 292.921112061, 87.9444961548, 51.3743400574, -25.5515365601, 15.7588834763, 6.06759166718, 6.59184360504, -26.4504718781, 43.8160972595, 21.6874313354], [-41.1826324463, -101.644104004, 115.626670837, 87.9444961548, 249.258255005, 31.1709728241, 29.3924694061, -20.4217796326, 78.0403747559, -7.30535984039, 18.2900352478, 6.76652097702, 24.0721244812], [-85.1140365601, 17.6054573059, 57.9065818787, 51.3743400574, 31.1709728241, 222.759094238, 78.4749069214, 69.4565353394, 23.527338028, 19.0146255493, -3.1146774292, 29.8651809692, -3.66613078117], [-93.1245269775, -60.2416343689, 43.8067054749, -25.5515365601, 29.3924694061, 78.4749069214, 173.410202026, 41.0941238403, 57.4709281921, -16.4883575439, 31.7664852142, -16.3730983734, 1.20822155476], [53.198387146, 53.8288993835, -28.9084320068, 15.7588834763, -20.4217796326, 69.4565353394, 41.0941238403, 160.482345581, 30.8798961639, 56.0925521851, -0.900432884693, 27.9686985016, -13.6376857758], [-67.3479614258, -43.7558326721, 33.1832733154, 6.06759166718, 78.0403747559, 23.527338028, 57.4709281921, 30.8798961639, 137.503616333, 35.5933761597, 48.8131256104, -3.78602147102, 14.7585935593], [149.113174438, 67.8210906982, -32.1007003784, 6.59184360504, -7.30535984039, 19.0146255493, -16.4883575439, 56.0925521851, 35.5933761597, 152.520401001, 32.8497009277, 37.1333656311, 7.17408561707], [-17.8632202148, 2.58481287956, 31.7202301025, -26.4504718781, 18.2900352478, -3.1146774292, 31.7664852142, -0.900432884693, 48.8131256104, 32.8497009277, 101.102210999, 18.5811500549, 19.030002594], [109.484062195, 19.6486530304, 45.1624526978, 43.8160972595, 6.76652097702, 29.8651809692, -16.3730983734, 27.9686985016, -3.78602147102, 37.1333656311, 18.5811500549, 105.211990356, 45.278011322], [45.0701255798, 1.5264428854, 49.2738685608, 21.6874313354, 24.0721244812, -3.66613078117, 1.20822155476, -13.6376857758, 14.7585935593, 7.17408561707, 19.030002594, 45.278011322, 92.2902526855]],
        "icov": [[0.000679895631038, 0.000191282175365, -0.000572390970774, 0.000352947186911, 1.91821181943e-05, 0.00046072085388, 0.000119780110253, -0.000375369359972, 0.000528667995241, -0.000927771208808, 0.000486397737404, -0.000357184850145, -9.3749462394e-05], [0.000191282175365, 0.00240252795629, -3.22413325193e-05, -0.000684967439156, 0.000934909679927, -0.000259105378063, 0.000843894551508, -0.000817590451334, 0.000853043282405, -0.000958949211054, -0.000773036386818, 0.000790882157162, -0.000631466973573], [-0.000572390970774, -3.22413325193e-05, 0.00323694059625, -0.00015673841699, -0.00101298792288, -0.00102009857073, -0.000355234456947, 0.000836046005134, -0.000371706817532, 0.0015040517319, -0.000949334178586, -0.000792897422798, -0.000532148987986], [0.000352947186911, -0.000684967439156, -0.00015673841699, 0.00500433007255, -0.00204953341745, -0.000551036675461, 0.00083684216952, -0.000296230718959, 4.43229473603e-05, -5.20885369042e-05, 0.00192855217028, -0.0019836560823, -0.000222874179599], [1.91821181943e-05, 0.000934909679927, -0.00101298792288, -0.00204953341745, 0.00685410993174, -0.000466486555524, 0.00026398076443, 0.00125404109713, -0.00358392833732, 0.000117568109999, 0.000103524231235, 0.000431770982686, -0.000296001962852], [0.00046072085388, -0.000259105378063, -0.00102009857073, -0.000551036675461, -0.000466486555524, 0.00726269232109, -0.00339400093071, -0.00167910277378, 0.000676523486618, -0.0012590381084, 0.0018710012082, -0.0023480548989, 0.00141575594898], [0.000119780110253, 0.000843894551508, -0.000355234456947, 0.00083684216952, 0.00026398076443, -0.00339400093071, 0.010291392915, -0.00271869380958, -0.00216851360165, 0.00244751758873, -0.00310321012512, 0.00305324024521, -0.00152112788055], [-0.000375369359972, -0.000817590451334, 0.000836046005134, -0.000296230718959, 0.00125404109713, -0.00167910277378, -0.00271869380958, 0.010616925545, -0.00309138419107, -0.0020964294672, 0.00257295044139, -0.00363243022002, 0.00293961120769], [0.000528667995241, 0.000853043282405, -0.000371706817532, 4.43229473603e-05, -0.00358392833732, 0.000676523486618, -0.00216851360165, -0.00309138419107, 0.0142138367519, -0.00342825171538, -0.00442127464339, 0.00346654932946, -0.00234656012617], [-0.000927771208808, -0.000958949211054, 0.0015040517319, -5.20885369042e-05, 0.000117568109999, -0.0012590381084, 0.00244751758873, -0.0020964294672, -0.00342825171538, 0.0113668004051, -0.00325096212327, -0.00199808296748, 0.000570906151552], [0.000486397737404, -0.000773036386818, -0.000949334178586, 0.00192855217028, 0.000103524231235, 0.0018710012082, -0.00310321012512, 0.00257295044139, -0.00442127464339, -0.00325096212327, 0.0157978814095, -0.00431353319436, 0.000115556314995], [-0.000357184850145, 0.000790882157162, -0.000792897422798, -0.0019836560823, 0.000431770982686, -0.0023480548989, 0.00305324024521, -0.00363243022002, 0.00346654932946, -0.00199808296748, -0.00431353319436, 0.0180509854108, -0.00809729471803], [-9.3749462394e-05, -0.000631466973573, -0.000532148987986, -0.000222874179599, -0.000296001962852, 0.00141575594898, -0.00152112788055, 0.00293961120769, -0.00234656012617, 0.000570906151552, 0.000115556314995, -0.00809729471803, 0.0160954538733]]
    },
    "spectral_contrast_coeffs": {
        "max": [-0.320003032684, -0.415335118771, -0.47585144639, -0.637825369835, -0.628076195717, -0.417845934629],
        "mean": [-0.621789515018, -0.732482910156, -0.773904919624, -0.817525148392, -0.813107252121, -0.637731313705],
        "min": [-0.893931686878, -0.920040309429, -0.910985529423, -0.903656303883, -0.878825306892, -0.849634051323],
        "stdev": [0.0840063095093, 0.0913548916578, 0.0667219310999, 0.0418682321906, 0.0342648550868, 0.0446151085198]
    },
    "spectral_contrast_valleys": {
        "max": [-4.88076400757, -4.67634296417, -5.46789836884, -6.04846477509, -5.75942134857, -8.83283901215],
        "mean": [-7.01672744751, -6.47640275955, -7.24418735504, -7.54542541504, -7.37283754349, -10.9891996384],
        "min": [-10.0567016602, -9.1879825592, -9.16495513916, -9.6916513443, -9.84979248047, -16.0205020905],
        "stdev": [0.826812744141, 0.602099835873, 0.51973938942, 0.427212297916, 0.45565238595, 0.950129270554]
    }
},
"rhythm": {
    "beats_count": 79,
    "beats_loudness": {
        "max": 0.0687454268336,
        "mean": 0.0310439616442,
        "min": 0.000934197509196,
        "stdev": 0.0156149724498
    },
    "bpm": 98.498085022,
    "bpm_histogram_first_peak_bpm": 99,
    "bpm_histogram_first_peak_weight": 0.0135135054588,
    "bpm_histogram_second_peak_bpm": 94,
    "bpm_histogram_second_peak_spread": 0,
    "bpm_histogram_second_peak_weight": 0.0512820519507,
    "danceability": 1.26330518723,
    "onset_rate": 4.5732421875,
    "beats_loudness_band_ratio": {
        "max": [0.92851793766, 0.636213898659, 0.776799440384, 0.451770812273, 0.327627718449, 0.24583633244],
        "mean": [0.41166716814, 0.237637892365, 0.250292509794, 0.0713838860393, 0.040107216686, 0.0509463399649],
        "min": [0.00926520116627, 0.00743254553527, 0.0135141229257, 0.00787080544978, 0.005941033829, 0.00598605209962],
        "stdev": [0.243424728513, 0.15540151298, 0.198747366667, 0.0842508152127, 0.0448202006519, 0.040685724467]
    },
