{
"metadata": {
    "version": {
        "essentia": "2.1-beta5",
        "essentia_git_sha": "Undefined",
        "extractor": "music 2.0"
    },
    "audio_properties": {
        "analysis": {
            "equal_loudness": 0,
            "length": 33.99401474,
            "sample_rate": 44100,
            "start_time": 158.987030029,
            "downmix": "mix"
        },
        "bit_rate": 192000,
        "length": 193.004272461,
        "lossless": 0,
        "number_channels": 2,
        "replay_gain": 0.143417358398,
        "sample_rate": 48000,
        "codec": "mp3",
        "md5_encoded": "45a3e37e8db8cd60def8b2536cf14bd7"
    },
    "tags": {
        "file_name": "Georgia_Three Minutes To Earth_The Shin and Mariko.mp3",
        "encoding": ["Lavf58.29.100"]
    }
},
"lowlevel": {
    "average_loudness": 0.929035365582,
    "barkbands_crest": {
        "max": 24.8180713654,
        "mean": 9.57035827637,
        "min": 3.1348567009,
        "stdev": 3.82183718681
    },
    "barkbands_flatness_db": {
        "max": 0.36420378089,
        "mean": 0.206148907542,
        "min": 0.103685446084,
        "stdev": 0.0486276522279
    },
    "barkbands_kurtosis": {
        "max": 115.809387207,
        "mean": 5.51752614975,
        "min": -1.8838891983,
        "stdev": 10.5509004593
    },
    "barkbands_skewness": {
        "max": 9.55016231537,
        "mean": 1.74950301647,
        "min": -0.826027929783,
        "stdev": 1.30045902729
    },
    "barkbands_spread": {
        "max": 72.6020965576,
        "mean": 20.3944225311,
        "min": 1.60732662678,
        "stdev": 11.8193702698
    },
    "dissonance": {
        "max": 0.500000059605,
        "mean": 0.466170400381,
        "min": 0.33780670166,
        "stdev": 0.0253640040755
    },
    "dynamic_complexity": 2.69128870964,
    "erbbands_crest": {
        "max": 25.2662410736,
        "mean": 8.90678405762,
        "min": 2.25382041931,
        "stdev": 4.32551717758
    },
    "erbbands_flatness_db": {
        "max": 0.394252568483,
        "mean": 0.214848414063,
        "min": 0.110640443861,
        "stdev": 0.0599030032754
    },
    "erbbands_kurtosis": {
        "max": 12.1331586838,
        "mean": -0.0666299238801,
        "min": -1.83525323868,
        "stdev": 1.48459899426
    },
    "erbbands_skewness": {
        "max": 3.09904575348,
        "mean": 0.486287415028,
        "min": -2.02931165695,
        "stdev": 0.667803704739
    },
    "erbbands_spread": {
        "max": 134.55291748,
        "mean": 43.9127426147,
        "min": 6.69630384445,
        "stdev": 19.6575508118
    },
    "hfc": {
        "max": 90.6951904297,
        "mean": 24.4491901398,
        "min": 0.275857418776,
        "stdev": 18.1327133179
    },
    "loudness_ebu128": {
        "integrated": -22.7325305939,
        "loudness_range": 4.1227684021,
        "momentary": {
            "max": -18.5410060883,
            "mean": -23.5814914703,
            "min": -40.4942398071,
            "stdev": 3.14690208435
        },
        "short_term": {
            "max": -20.385509491,
            "mean": -22.9591598511,
            "min": -28.9700775146,
            "stdev": 1.67343246937
        }
    },
    "melbands_crest": {
        "max": 31.6523666382,
        "mean": 13.0777225494,
        "min": 3.34343552589,
        "stdev": 4.84117364883
    },
    "melbands_flatness_db": {
        "max": 0.449620574713,
        "mean": 0.221344918013,
        "min": 0.0978536829352,
        "stdev": 0.05960585922
    },
    "melbands_kurtosis": {
        "max": 272.560302734,
        "mean": 17.6580276489,
        "min": -1.42331445217,
        "stdev": 25.7334518433
    },
    "melbands_skewness": {
        "max": 12.9397220612,
        "mean": 2.90319395065,
        "min": -0.266348332167,
        "stdev": 1.800360322
    },
    "melbands_spread": {
        "max": 83.3108978271,
        "mean": 20.9844741821,
        "min": 1.05387878418,
        "stdev": 12.6618833542
    },
    "pitch_salience": {
        "max": 0.835800290108,
        "mean": 0.552983701229,
        "min": 0.137740254402,
        "stdev": 0.125244140625
    },
    "silence_rate_20dB": {
        "max": 1,
        "mean": 1,
        "min": 1,
        "stdev": 0
    },
    "silence_rate_30dB": {
        "max": 1,
        "mean": 0.976791799068,
        "min": 0,
        "stdev": 0.150562509894
    },
    "silence_rate_60dB": {
        "max": 1,
        "mean": 0.0668941959739,
        "min": 0,
        "stdev": 0.249838665128
    },
    "spectral_centroid": {
        "max": 3671.3059082,
        "mean": 1455.98840332,
        "min": 226.645828247,
        "stdev": 635.61706543
    },
    "spectral_complexity": {
        "max": 51,
        "mean": 18.2327651978,
        "min": 0,
        "stdev": 8.63557338715
    },
    "spectral_decrease": {
        "max": -7.66272115205e-11,
        "mean": -8.80219985788e-09,
        "min": -9.95143096816e-08,
        "stdev": 8.52674908458e-09
    },
    "spectral_energy": {
        "max": 0.379734456539,
        "mean": 0.0354391634464,
        "min": 0.000314229400828,
        "stdev": 0.0329993441701
    },
    "spectral_energyband_high": {
        "max": 0.0130053972825,
        "mean": 0.00133530504536,
        "min": 8.07386095403e-06,
        "stdev": 0.00149962934665
    },
    "spectral_energyband_low": {
        "max": 0.343910217285,
        "mean": 0.0153746912256,
        "min": 5.66686297887e-09,
        "stdev": 0.0277402307838
    },
    "spectral_energyband_middle_high": {
        "max": 0.0316407121718,
        "mean": 0.00576869444922,
        "min": 5.27867268829e-05,
        "stdev": 0.00572499912232
    },
    "spectral_energyband_middle_low": {
        "max": 0.0702385082841,
        "mean": 0.0145513890311,
        "min": 0.000204001800739,
        "stdev": 0.0108382664621
    },
    "spectral_entropy": {
        "max": 8.24584579468,
        "mean": 7.48987770081,
        "min": 6.0451798439,
        "stdev": 0.327638477087
    },
    "spectral_flux": {
        "max": 0.454029619694,
        "mean": 0.0941223576665,
        "min": 0.0102223977447,
        "stdev": 0.0531270876527
    },
    "spectral_kurtosis": {
        "max": 14.81914711,
        "mean": 1.66122961044,
        "min": -1.13225603104,
        "stdev": 2.1051595211
    },
    "spectral_rms": {
        "max": 0.0192476660013,
        "mean": 0.00542715657502,
        "min": 0.000553683377802,
        "stdev": 0.00226291548461
    },
    "spectral_rolloff": {
        "max": 6158.49609375,
        "mean": 1358.3392334,
        "min": 64.599609375,
        "stdev": 1063.66552734
    },
    "spectral_skewness": {
        "max": 3.00357079506,
        "mean": 0.912764489651,
        "min": -0.407396018505,
        "stdev": 0.403195858002
    },
    "spectral_spread": {
        "max": 11567359,
        "mean": 3867463,
        "min": 1924121.625,
        "stdev": 813433.6875
    },
    "spectral_strongpeak": {
        "max": 12.0626840591,
        "mean": 1.07469058037,
        "min": 0.0107161756605,
        "stdev": 1.4172604084
    },
    "zerocrossingrate": {
        "max": 0.16552734375,
        "mean": 0.0563703216612,
        "min": 0.00390625,
        "stdev": 0.0246578119695
    },
    "barkbands": {
        "max": [0.0260469373316, 0.324847877026, 0.0315224938095, 0.0570833534002, 0.041562858969, 0.0265183784068, 0.0171472802758, 0.0350610874593, 0.0319551602006, 0.0275084655732, 0.0125015797094, 0.00701684318483, 0.0188602507114, 0.00865452457219, 0.00628568604589, 0.00794629007578, 0.00304678245448, 0.0129579333588, 0.00806521996856, 0.00336110568605, 0.00349276070483, 0.00556353712454, 0.00230825459585, 0.000708280305844, 1.25864416987e-05, 7.41504038615e-07, 7.07905144282e-07],
        "mean": [0.000366973225027, 0.0100681344047, 0.00353156612255, 0.00281345285475, 0.00424042809755, 0.00159134413116, 0.000798970519099, 0.00125969259534, 0.00335305696353, 0.00118220609147, 0.000653419818264, 0.000320866703987, 0.000857142789755, 0.00086572940927, 0.000382640137104, 0.000368021079339, 0.00025203320547, 0.000546368770301, 0.000493050378282, 0.00030262049404, 0.000434386718553, 0.000494029663969, 0.000217410342884, 4.532137973e-05, 3.02007208575e-07, 2.02248684467e-09, 2.03369010521e-09],
        "min": [3.3148928047e-11, 1.60466348542e-10, 7.13984557241e-12, 3.19753140632e-10, 3.19202797527e-07, 8.7901076995e-07, 1.09680706828e-06, 3.59281648343e-06, 5.82086568102e-06, 1.36792743888e-06, 7.24595849988e-07, 1.32083778226e-06, 3.89728165828e-06, 2.63046035798e-06, 1.53652365498e-06, 2.35132165471e-06, 2.12664372157e-06, 1.39662154197e-06, 3.29832914758e-06, 2.04669345294e-06, 2.18664354179e-06, 2.64801792582e-06, 7.13012241249e-07, 1.44970824234e-09, 8.26822568745e-11, 1.13378972877e-10, 1.41447270563e-10],
        "stdev": [0.00159315892961, 0.0248458702117, 0.00431008264422, 0.00453316885978, 0.00472352048382, 0.00254860776477, 0.00134990259539, 0.00314319739118, 0.00498689711094, 0.00243790447712, 0.00135406909976, 0.000637553632259, 0.00196405989118, 0.00132393662352, 0.00064028397901, 0.000759284826927, 0.000313033873681, 0.0011693527922, 0.000683136109728, 0.000370554247638, 0.000532534148078, 0.000668954337016, 0.000270074495347, 6.49716021144e-05, 9.25259087126e-07, 2.04211882959e-08, 1.96421883203e-08]
    },
    "erbbands": {
        "max": [14.3499803543, 69.0586624146, 53.4577026367, 116.813514709, 113.707550049, 157.584701538, 215.346221924, 234.507247925, 148.154937744, 786.929199219, 611.05279541, 825.560424805, 792.867431641, 504.389587402, 393.622741699, 267.985076904, 996.083435059, 514.960876465, 266.938049316, 499.859313965, 227.406600952, 167.62286377, 806.241149902, 496.421783447, 542.907165527, 167.993240356, 147.00390625, 156.313064575, 208.837371826, 130.489868164, 70.8098449707, 26.9239273071, 6.78153371811, 0.417054057121, 0.0139005035162, 0.00338118476793, 0.00138629833236, 0.000462809432065, 0.000182053059689, 0.000418163923314],
        "mean": [0.277288705111, 2.26967430115, 4.35120916367, 7.19787883759, 11.1353874207, 14.9566383362, 15.1507425308, 12.1082162857, 8.97498226166, 22.6557292938, 32.170539856, 75.5107955933, 57.8871574402, 25.0739040375, 24.4842319489, 14.8523159027, 35.7112960815, 48.3754425049, 24.0132713318, 26.4874095917, 15.8137397766, 15.74954319, 29.7958946228, 24.7048549652, 23.1066627502, 15.0273199081, 12.5455245972, 20.5494365692, 18.817861557, 11.3081560135, 5.99912881851, 1.81182491779, 0.373838454485, 0.0223875939846, 0.00095796585083, 0.000141526514199, 4.32760643889e-05, 1.35548261824e-05, 2.17638680624e-05, 4.2712668801e-05],
        "min": [3.82064726523e-08, 2.70902717148e-07, 2.14073475036e-06, 1.15919128802e-05, 0.000372674054233, 0.00109547947068, 0.00384510913864, 0.00722337514162, 0.0383393615484, 0.0990031734109, 0.203478142619, 0.295387774706, 0.124569579959, 0.175521358848, 0.0629046559334, 0.143942087889, 0.177638277411, 0.0946668162942, 0.126537531614, 0.16854904592, 0.157880008221, 0.133860066533, 0.133052334189, 0.113827906549, 0.143542304635, 0.102443903685, 0.0999660789967, 0.0681543052197, 0.0869665965438, 0.0540086515248, 0.0203559361398, 0.00170318281744, 0.000122229408589, 2.76391619991e-05, 4.12049575971e-06, 1.42258397773e-06, 6.28401096492e-07, 2.00645075665e-07, 2.25341324267e-07, 3.87490388221e-07],
        "stdev": [0.926153302193, 4.93922805786, 5.50406980515, 9.30005550385, 14.2237157822, 18.3212051392, 22.3488464355, 20.4957923889, 13.5071706772, 51.7050437927, 58.7946014404, 123.000328064, 101.151741028, 46.3884048462, 44.313079834, 24.3030967712, 78.2837982178, 73.7585067749, 33.721496582, 48.1214752197, 24.2262096405, 18.1516151428, 69.4267654419, 34.8269882202, 33.7287406921, 18.4990177155, 15.2383079529, 26.8997879028, 25.4893856049, 14.506986618, 7.99513816833, 2.39866685867, 0.553613960743, 0.0386899225414, 0.00130109570455, 0.000162315191119, 5.12960323249e-05, 1.69557715708e-05, 1.75493605639e-05, 3.72922804672e-05]
    },
    "gfcc": {
        "mean": [-31.3581104279, 127.776428223, -173.299911499, 63.7192192078, -81.3782653809, 6.88261318207, -12.308754921, -22.5901794434, 9.63013648987, -27.157377243, 0.564681768417, -18.8964519501, -6.73869848251],
        "cov": [[4574.015625, 1236.6105957, 1837.77868652, 1605.59375, 519.563964844, 651.965393066, 372.398223877, 126.98815155, -65.3469009399, 112.404342651, 76.8343658447, -13.824338913, 54.2750854492], [1236.6105957, 1953.26293945, 2167.97363281, 1278.75622559, 636.855834961, 221.379104614, 154.31980896, -116.275756836, -8.00018787384, 109.700752258, 161.370986938, 111.974365234, 144.407974243], [1837.77868652, 2167.97363281, 3150.85449219, 1905.17773438, 765.172119141, 486.876037598, 90.1250610352, -38.5163002014, -34.8936958313, 170.691970825, 278.930450439, 139.069580078, 218.278106689], [1605.59375, 1278.75622559, 1905.17773438, 1363.20715332, 516.945495605, 356.464111328, 114.719436646, -15.7796726227, -25.1394023895, 123.503234863, 137.32585144, 79.7556152344, 116.878448486], [519.563964844, 636.855834961, 765.172119141, 516.945495605, 375.587768555, 147.614730835, 47.2245407104, -0.750702381134, 26.2735042572, 33.9765129089, 79.6178512573, 44.5546722412, 33.0751647949], [651.965393066, 221.379104614, 486.876037598, 356.464111328, 147.614730835, 254.474487305, 73.5351638794, 60.1802101135, -16.1732368469, 25.6253795624, 59.6353416443, 2.80658936501, 17.9799633026], [372.398223877, 154.31980896, 90.1250610352, 114.719436646, 47.2245407104, 73.5351638794, 275.346038818, -20.0619277954, -24.6696281433, 25.2241668701, -30.7646999359, 22.1596088409, -32.0014266968], [126.98815155, -116.275756836, -38.5163002014, -15.7796726227, -0.750702381134, 60.1802101135, -20.0619277954, 137.902709961, 39.1757965088, -5.64425420761, 33.6766777039, -22.3473567963, -2.40660810471], [-65.3469009399, -8.00018787384, -34.8936958313, -25.1394023895, 26.2735042572, -16.1732368469, -24.6696281433, 39.1757965088, 90.0806427002, 19.1629333496, 1.89973902702, 9.38727283478, -9.57611083984], [112.404342651, 109.700752258, 170.691970825, 123.503234863, 33.9765129089, 25.6253795624, 25.2241668701, -5.64425420761, 19.1629333496, 77.459487915, 33.0868492126, 11.8227500916, 14.8711481094], [76.8343658447, 161.370986938, 278.930450439, 137.32585144, 79.6178512573, 59.6353416443, -30.7646999359, 33.6766777039, 1.89973902702, 33.0868492126, 106.917938232, 27.0310821533, 23.394952774], [-13.824338913, 111.974365234, 139.069580078, 79.7556152344, 44.5546722412, 2.80658936501, 22.1596088409, -22.3473567963, 9.38727283478, 11.8227500916, 27.0310821533, 71.141784668, 22.8334217072], [54.2750854492, 144.407974243, 218.278106689, 116.878448486, 33.0751647949, 17.9799633026, -32.0014266968, -2.40660810471, -9.57611083984, 14.8711481094, 23.394952774, 22.8334217072, 94.6403579712]],
        "icov": [[0.000594310462475, -0.000487609155243, 0.000718476425391, -0.00128028623294, 0.000579690502491, -0.000900912680663, -0.000147344864672, -0.000505448493641, 8.40850843815e-05, 0.000208682919038, 8.69340728968e-05, 0.000362526043318, 9.98756877379e-05], [-0.000487609155243, 0.00527029018849, -0.00404477445409, 0.00174850632902, -0.00352875236422, 0.00430929427966, -0.00305829546414, 0.00323665817268, -0.00229653250426, 0.00201639719307, -0.0018600714393, 0.00285286642611, -0.00190757587552], [0.000718476425391, -0.00404477445409, 0.00629417272285, -0.00594651885331, 0.00305363489315, -0.00352909951471, 0.00161721999757, -0.000473510357551, -0.000119880525745, 0.00104138895404, -0.00297155464068, -0.000385279621696, -0.000623501953669], [-0.00128028623294, 0.00174850632902, -0.00594651885331, 0.0105982292444, -0.00476782070473, 0.000353013107087, 0.00102707964834, -0.00142368767411, 0.0039526685141, -0.00646704016253, 0.00683260429651, -0.00347067834809, 0.00116750679445], [0.000579690502491, -0.00352875236422, 0.00305363489315, -0.00476782070473, 0.0104964729398, -0.00382812437601, 9.46284781094e-05, 0.00153360259719, -0.00534924119711, 0.00491661159322, -0.00480120582506, 0.000537896296009, 0.000770373386331], [-0.000900912680663, 0.00430929427966, -0.00352909951471, 0.000353013107087, -0.00382812437601, 0.0132669610903, -0.00414815125987, -0.00155136641115, 0.000645039021038, 0.00202460074797, -0.00363586843014, 0.00356749282219, -0.00119469151832], [-0.000147344864672, -0.00305829546414, 0.00161721999757, 0.00102707964834, 9.46284781094e-05, -0.00414815125987, 0.00888201035559, -0.00434796186164, 0.0069203148596, -0.00763586163521, 0.00850986875594, -0.00808561127633, 0.00514766713604], [-0.000505448493641, 0.00323665817268, -0.000473510357551, -0.00142368767411, 0.00153360259719, -0.00155136641115, -0.00434796186164, 0.0202933494002, -0.0153227923438, 0.0114234508947, -0.0143324723467, 0.0115173980594, -0.00557511392981], [8.40850843815e-05, -0.00229653250426, -0.000119880525745, 0.0039526685141, -0.00534924119711, 0.000645039021038, 0.0069203148596, -0.0153227923438, 0.0277259331197, -0.0170610565692, 0.0156259853393, -0.0133427092806, 0.00739100389183], [0.000208682919038, 0.00201639719307, 0.00104138895404, -0.00646704016253, 0.00491661159322, 0.00202460074797, -0.00763586163521, 0.0114234508947, -0.0170610565692, 0.0299513358623, -0.018581001088, 0.0113346977159, -0.00658016558737], [8.69340728968e-05, -0.0018600714393, -0.00297155464068, 0.00683260429651, -0.00480120582506, -0.00363586843014, 0.00850986875594, -0.0143324723467, 0.0156259853393, -0.018581001088, 0.0317255072296, -0.0160618424416, 0.00661903386936], [0.000362526043318, 0.00285286642611, -0.000385279621696, -0.00347067834809, 0.000537896296009, 0.00356749282219, -0.00808561127633, 0.0115173980594, -0.0133427092806, 0.0113346977159, -0.0160618424416, 0.0287397224456, -0.00878764875233], [9.98756877379e-05, -0.00190757587552, -0.000623501953669, 0.00116750679445, 0.000770373386331, -0.00119469151832, 0.00514766713604, -0.00557511392981, 0.00739100389183, -0.00658016558737, 0.00661903386936, -0.00878764875233, 0.0172382742167]]
    },
    "melbands": {
        "max": [0.105077162385, 0.0458305031061, 0.0190370827913, 0.0104824788868, 0.0058893924579, 0.00466156518087, 0.00245950487442, 0.0086116399616, 0.00423159869388, 0.00574856903404, 0.00383575586602, 0.00242455094121, 0.00177624844946, 0.00101042899769, 0.00127280293964, 0.00256862863898, 0.0010756503325, 0.00059227750171, 0.000622991996352, 0.000723144214135, 0.000253136706306, 0.000141922108014, 0.000390828179661, 0.00093004986411, 0.000458135240478, 0.000305296009174, 0.000258225598373, 0.000140233547427, 9.22177277971e-05, 9.89874461084e-05, 0.000107122548798, 0.000122871060739, 0.000104508762888, 6.24635067652e-05, 6.38693672954e-05, 2.44705133809e-05, 1.43901852425e-05, 6.81410438119e-06, 1.18127377391e-06, 8.15183369696e-08],
        "mean": [0.00268403813243, 0.00253745936789, 0.00135793467052, 0.000951500376686, 0.000570803880692, 0.000275353348115, 0.000138491479447, 0.000266278366325, 0.000307071750285, 0.000477465073345, 0.000279441213934, 0.000101513760455, 9.28697845666e-05, 4.04479178542e-05, 4.96118809679e-05, 9.60311153904e-05, 8.80290390342e-05, 4.09929925809e-05, 3.13753262162e-05, 3.21521911246e-05, 1.53575074364e-05, 1.44145988088e-05, 2.20685797103e-05, 2.83558056253e-05, 1.89103939192e-05, 1.85057197086e-05, 1.36635080707e-05, 9.18351361179e-06, 6.4277983256e-06, 1.10234086605e-05, 1.1683532648e-05, 1.09190550575e-05, 8.9755967565e-06, 5.17744547324e-06, 3.93213986172e-06, 1.74029594291e-06, 8.4040340198e-07, 3.04838039256e-07, 5.11883087029e-08, 1.48012468948e-09],
        "min": [7.97641466765e-11, 1.99693331315e-10, 4.87025797469e-09, 5.92212785477e-08, 1.32353420668e-07, 1.9739884749e-07, 5.17788407706e-07, 1.08844733404e-06, 1.68854990079e-06, 8.50669778174e-07, 3.59243472303e-07, 5.41847327895e-07, 1.54595539925e-07, 2.40914687311e-07, 3.03415646385e-07, 2.57581319829e-07, 1.57853776273e-07, 2.53415180396e-07, 1.46154064851e-07, 1.47645863535e-07, 1.45642019334e-07, 1.08612240979e-07, 1.49097317603e-07, 7.94871155563e-08, 8.22429484515e-08, 9.21699552237e-08, 1.02213810749e-07, 5.96198432845e-08, 6.3782891857e-08, 5.29597130594e-08, 3.15303587684e-08, 3.4398826898e-08, 4.81668038788e-08, 2.32857182425e-08, 1.17378631259e-08, 3.48949624751e-09, 2.36384870012e-11, 1.97671445185e-11, 6.56061522383e-13, 5.83002342149e-13],
        "stdev": [0.00755566731095, 0.00358836725354, 0.00166368554346, 0.00109987228643, 0.000742451404221, 0.000451134546893, 0.000209329315112, 0.000628012639936, 0.000532986945473, 0.000738953182008, 0.000507121440023, 0.000209996898775, 0.000188758654986, 8.15678431536e-05, 0.000111112145532, 0.000232043341384, 0.00013958341151, 6.97359500919e-05, 5.8091020037e-05, 6.78948781569e-05, 2.35548377532e-05, 1.84836117114e-05, 3.9213366108e-05, 7.41076946724e-05, 2.96251873806e-05, 2.61885616055e-05, 2.0639743525e-05, 1.29312611534e-05, 8.74350371305e-06, 1.45805752254e-05, 1.65296132764e-05, 1.55176676344e-05, 1.26758850456e-05, 6.67202129989e-06, 5.66103926758e-06, 2.38932716456e-06, 1.20456013519e-06, 4.82533891955e-07, 1.11591653251e-07, 5.53063816966e-09]
    },
    "melbands128": {
        "max": [0.0260231569409, 0.125254794955, 0.153572633862, 0.101508542895, 0.0414416082203, 0.0130365286022, 0.0259082745761, 0.0281950142235, 0.0118236467242, 0.0143687333912, 0.0101287541911, 0.00757131399587, 0.010837122798, 0.0100469067693, 0.00853776652366, 0.0051774000749, 0.00428207451478, 0.00371474400163, 0.00661536771804, 0.0134687833488, 0.0125380922109, 0.0111735966057, 0.00425624661148, 0.0125559326261, 0.00975847430527, 0.0112457973883, 0.00886427797377, 0.00538939330727, 0.00611349428073, 0.00507995299995, 0.00319502362981, 0.00283097848296, 0.00359221291728, 0.00158869416919, 0.00163004326168, 0.00208003306761, 0.00150592648424, 0.00219700974412, 0.00361835630611, 0.00516484538093, 0.00530231092125, 0.00324304797687, 0.00183269334957, 0.00237058987841, 0.00137751083821, 0.00116371223703, 0.000566294766031, 0.00111414853018, 0.00135777774267, 0.00152638880536, 0.00124850554857, 0.000583758635912, 0.000634592259303, 0.000337816716637, 0.000327164889313, 0.000255723978626, 0.000413548928918, 0.000406768202083, 0.000681103614625, 0.00146790384315, 0.00207242742181, 0.00110871682409, 0.00130021141376, 0.000484469230287, 0.00039209771785, 0.000241766043473, 0.00084627274191, 0.000563253823202, 0.000193655941985, 0.00014823859965, 0.000248991127592, 0.000148409264511, 0.000121382952784, 0.000157876856974, 9.75240836851e-05, 0.000177153531695, 0.00024482034496, 0.000218902117922, 0.000209232908674, 0.000171653839061, 0.000130833694129, 0.000204306154046, 0.000141102005728, 0.000162066644407, 0.00014811156143, 7.37454902264e-05, 6.57523196423e-05, 6.07431866229e-05, 0.000152066655573, 6.34244570392e-05, 3.10375617119e-05, 1.91725030163e-05, 4.11485925724e-05, 1.54182180268e-05, 1.39555804708e-05, 9.47467924561e-06, 8.32572914078e-06, 3.75917397832e-06, 1.41598638947e-06, 6.19355660092e-07, 1.22559114857e-07, 5.06696800073e-08, 9.89888881975e-09, 8.64277271972e-09, 7.77641506744e-09, 7.10460756892e-09, 6.51420339892e-09, 5.47024425757e-09, 5.48149392543e-09, 5.07684605466e-09, 4.76442441055e-09, 4.51815962421e-09, 4.26189483704e-09, 4.0329242168e-09, 3.84893272809e-09, 3.67113561772e-09, 3.52443807472e-09, 3.37355188229e-09, 3.23855431361e-09, 3.11201309167e-09, 3.08023473394e-09, 2.98909963448e-09, 2.90259882796e-09, 2.85645040954e-09, 2.78220113614e-09, 2.74369882369e-09, 2.71209055214e-09, 2.69505129324e-09],
        "mean": [0.000330487382598, 0.00197067903355, 0.00385955977254, 0.00373783055693, 0.00249917758629, 0.00164203997701, 0.00144997716416, 0.00138487585355, 0.00104652578011, 0.00101850531064, 0.000821101479232, 0.000665831146762, 0.000505782780237, 0.000450677238405, 0.000296332204016, 0.00016978016356, 0.00014332216233, 0.000112487148726, 0.000138478266308, 0.000296079175314, 0.000306977861328, 0.000265228503849, 0.00017283874331, 0.00050951220328, 0.000622091814876, 0.000357693264959, 0.000448912760476, 0.000247481075348, 0.000197565634153, 0.000102449681435, 5.81764506933e-05, 0.000104528146039, 0.000127378778416, 5.75667763769e-05, 4.25587641075e-05, 4.02277910325e-05, 2.61201766989e-05, 3.95121060137e-05, 7.6005118899e-05, 7.14690395398e-05, 0.000105282284494, 0.000123762496514, 9.5519288152e-05, 6.18770718575e-05, 6.79113727529e-05, 3.11832591251e-05, 2.06102995435e-05, 2.41624184127e-05, 4.05131031584e-05, 4.41581323685e-05, 3.12362353725e-05, 1.96198561753e-05, 1.74807082658e-05, 1.39498515637e-05, 9.77725449047e-06, 1.56449714268e-05, 1.54756489792e-05, 2.02298888325e-05, 2.06348067877e-05, 3.27763409587e-05, 3.39687940141e-05, 2.16255903069e-05, 1.6230978872e-05, 1.67347079696e-05, 2.6340047043e-05, 1.57252052304e-05, 1.60693689395e-05, 1.96103101189e-05, 1.03648253571e-05, 1.05368071672e-05, 1.04481568997e-05, 7.67228721088e-06, 6.31210696156e-06, 5.74770274397e-06, 7.02107763573e-06, 9.05003253138e-06, 1.51642698256e-05, 1.28420433612e-05, 1.16182627607e-05, 1.0143918189e-05, 9.38989069255e-06, 1.24385078379e-05, 1.05465041997e-05, 9.25416952668e-06, 7.3521377999e-06, 5.24766619492e-06, 4.77319645142e-06, 4.12089048041e-06, 4.51833784609e-06, 3.34409355673e-06, 1.9216806777e-06, 1.35474692797e-06, 1.19527476272e-06, 8.71908582667e-07, 6.26095584266e-07, 4.27763581001e-07, 2.3710921937e-07, 1.16224292412e-07, 5.48871526007e-08, 1.27052377508e-08, 1.74675762743e-09, 3.28822330475e-10, 3.60630761365e-11, 1.96962082061e-11, 1.82221807088e-11, 1.94852779745e-11, 2.02590756671e-11, 1.71780662611e-11, 1.43616715742e-11, 1.29484192465e-11, 1.24203997781e-11, 1.19372975046e-11, 1.14075025467e-11, 1.09357375586e-11, 1.05503201661e-11, 1.02106760547e-11, 9.90247120414e-12, 9.59172151427e-12, 9.36056180484e-12, 9.09534860621e-12, 8.86556019569e-12, 8.67718657344e-12, 8.52135029206e-12, 8.35949018341e-12, 7.99812039515e-12, 7.47587668853e-12, 7.17811313861e-12, 7.10407904378e-12],
        "min": [9.00684258079e-13, 1.11815938453e-11, 1.79234023456e-11, 2.38518232942e-11, 4.76506299696e-11, 5.03692313553e-12, 2.88563256623e-10, 1.89617821444e-10, 1.15838698633e-08, 3.02448412981e-08, 8.54259241123e-09, 2.78812120058e-08, 4.1685272123e-08, 5.36931104023e-08, 3.93386265785e-08, 4.44059971016e-08, 9.76178782253e-08, 1.16003171513e-07, 2.01439519287e-07, 2.41767509124e-07, 3.10870660769e-07, 1.93100262891e-07, 1.51996133013e-07, 7.00439500179e-07, 6.68550512728e-07, 1.86154906601e-07, 1.07199163324e-07, 8.55574100456e-08, 3.34642678013e-08, 2.44205704547e-08, 4.89560214589e-08, 1.9619342595e-08, 4.48537207376e-08, 5.50443139957e-08, 1.23924266404e-08, 1.21952403731e-08, 6.07467427471e-08, 1.03179530697e-07, 2.37498003486e-08, 5.17847560388e-08, 1.01886136861e-07, 4.05435542916e-08, 1.21240503859e-07, 9.10877844262e-08, 2.81705823113e-08, 6.99834501461e-08, 5.66271438629e-08, 2.84116303817e-08, 1.32324117885e-07, 1.10512594631e-07, 6.07152870202e-08, 3.74636179856e-08, 1.23122177342e-07, 8.62848352767e-08, 5.34057242874e-08, 6.74755140651e-09, 3.84319207569e-08, 7.79096325232e-08, 2.10981880855e-08, 4.31913562693e-08, 7.34743110797e-08, 4.8759240201e-08, 5.5051259551e-08, 3.27690976576e-08, 6.63170993676e-08, 7.46803365814e-08, 4.98189471898e-08, 3.81314535502e-08, 4.34049347575e-08, 1.39254314746e-08, 6.26794331993e-08, 1.49481529377e-08, 1.96361167326e-08, 1.94916900398e-08, 5.70497782348e-09, 3.53264706376e-09, 2.13330348942e-08, 1.66720379724e-08, 2.46033167173e-08, 9.55402246205e-09, 1.83172783608e-08, 3.89610370632e-08, 1.98450091915e-08, 1.89092297376e-08, 1.91369853297e-08, 1.54180419543e-08, 1.26299548597e-09, 8.77284245249e-10, 1.30648798446e-08, 1.13584008865e-09, 2.43366504726e-09, 9.08389308218e-10, 1.4841211593e-11, 1.02188093057e-11, 3.4188655379e-11, 1.49219005208e-12, 6.96876638426e-13, 8.2592049519e-13, 4.87283987032e-13, 3.40424899641e-13, 4.24511310436e-13, 4.29027663005e-13, 4.88560038779e-13, 4.17141690114e-13, 3.87333665575e-13, 4.44572899544e-13, 3.76999917829e-13, 4.01854954478e-13, 3.37228183746e-13, 4.31717975171e-13, 3.73889992317e-13, 3.88907059768e-13, 4.07596943393e-13, 3.8650273303e-13, 4.48066171839e-13, 3.56795024298e-13, 4.70283642758e-13, 4.19430088534e-13, 4.64262851253e-13, 4.436947771e-13, 4.66585158097e-13, 5.04227519113e-13, 4.38701185839e-13, 4.13592337462e-13, 3.22227623273e-13, 1.25537140362e-13, 1.31958763103e-14, 6.64642242695e-16],
        "stdev": [0.00149094208609, 0.00764680979773, 0.0115705253556, 0.00728842802346, 0.00358977587894, 0.00192798941862, 0.00202105008066, 0.00237300968729, 0.00152799463831, 0.00149916834198, 0.00117048458196, 0.0010414600838, 0.000961954181548, 0.000919294077903, 0.000641255872324, 0.000347428955138, 0.000298255938105, 0.00022200026433, 0.000324978755089, 0.000799646950327, 0.000930226990022, 0.000840630673338, 0.000411669898313, 0.00121359853074, 0.0013053357834, 0.000839971587993, 0.00106211751699, 0.000613010721281, 0.000567095004953, 0.000313815660775, 0.00020897120703, 0.000292425684165, 0.000311274518026, 0.000162158961757, 0.000112495028588, 0.000120622265968, 6.536442379e-05, 0.000138142160722, 0.000222947899601, 0.000254502665484, 0.000437784270616, 0.000283775792923, 0.0002151926019, 0.000178077345481, 0.000164913974004, 7.27687947801e-05, 4.61363888462e-05, 7.01355093042e-05, 9.91148626781e-05, 0.000115914226626, 9.7597920103e-05, 5.35078033863e-05, 3.9085654862e-05, 2.61212917394e-05, 2.00640552066e-05, 2.82751534542e-05, 2.89398740279e-05, 3.73713119188e-05, 5.24694150954e-05, 0.000138275921927, 0.000139495023177, 5.56506311113e-05, 5.28604759893e-05, 3.32772142428e-05, 5.15766623721e-05, 2.9171074857e-05, 3.88466651202e-05, 4.82920877403e-05, 1.79759754246e-05, 1.79810103873e-05, 2.0079100068e-05, 1.39442890941e-05, 1.15036700663e-05, 1.10472465167e-05, 1.19276937767e-05, 1.67421658261e-05, 2.7618230888e-05, 2.28097396757e-05, 2.17281958612e-05, 1.97997615032e-05, 1.51047752297e-05, 2.14635474549e-05, 1.7756183297e-05, 1.58706570801e-05, 1.23235968204e-05, 7.44358294469e-06, 7.34342665965e-06, 6.37938683212e-06, 8.60151885718e-06, 5.5189784689e-06, 2.97955853057e-06, 2.27399164032e-06, 2.13218550016e-06, 1.37827260005e-06, 1.04006016954e-06, 7.28041015918e-07, 4.86928058763e-07, 2.72397585377e-07, 1.34245112804e-07, 3.92817298689e-08, 8.97578189551e-09, 2.17055373675e-09, 3.5609135085e-10, 2.33739416711e-10, 2.11055492527e-10, 1.95329211139e-10, 1.82169654361e-10, 1.51611126431e-10, 1.50189694015e-10, 1.39342190564e-10, 1.31086891342e-10, 1.24341675845e-10, 1.17443152425e-10, 1.11371717404e-10, 1.06446317039e-10, 1.01523497942e-10, 9.75740044318e-11, 9.33514862633e-11, 8.980783478e-11, 8.65045812759e-11, 8.53301387882e-11, 8.28755536419e-11, 8.06074373916e-11, 7.93098711704e-11, 7.7411736743e-11, 7.63192356534e-11, 7.54492301969e-11, 7.49725975746e-11]
    },
    "mfcc": {
        "mean": [-644.785888672, 122.811317444, -27.3950557709, 45.3586883545, -34.6535072327, 29.3205013275, -27.164686203, 22.8887557983, -17.6478633881, 18.2839450836, -6.8819694519, 5.27391958237, -18.6072063446],
        "cov": [[3822.57714844, 292.943908691, 1052.05187988, 960.59954834, 352.945343018, 630.42199707, 409.944580078, 323.650421143, 86.7443084717, 259.083862305, 126.715934753, 41.4872741699, -86.5074005127], [292.943908691, 1183.265625, 1124.06445312, 895.901184082, 529.131225586, 419.815490723, 228.863174438, 63.5811576843, 24.4854507446, -27.9735641479, 33.815032959, 37.6416397095, 131.402496338], [1052.05187988, 1124.06445312, 2537.95898438, 1424.16101074, 1107.2512207, 640.978881836, 578.172912598, 67.0500640869, 107.137207031, -27.6436805725, 92.3053283691, 177.559921265, 163.277359009], [960.59954834, 895.901184082, 1424.16101074, 1213.54370117, 592.095336914, 600.995727539, 315.23727417, 116.4633255, 52.4535827637, 27.5936107635, 74.3999938965, 65.8656158447, 95.5078125], [352.945343018, 529.131225586, 1107.2512207, 592.095336914, 777.614135742, 210.384567261, 225.6277771, 25.6938495636, 49.7279014587, 8.31804943085, 19.7309150696, 87.0941696167, 105.717750549], [630.42199707, 419.815490723, 640.978881836, 600.995727539, 210.384567261, 454.440093994, 183.198379517, 118.808998108, 16.6499042511, 35.9468383789, 59.1725463867, 31.6487998962, 12.5836086273], [409.944580078, 228.863174438, 578.172912598, 315.23727417, 225.6277771, 183.198379517, 292.862457275, 49.5542068481, 36.4103736877, -0.223397493362, 76.3062210083, 32.3159561157, 5.05273389816], [323.650421143, 63.5811576843, 67.0500640869, 116.4633255, 25.6938495636, 118.808998108, 49.5542068481, 169.993835449, 0.248745113611, 55.6665878296, 28.5701198578, 22.3538513184, -19.1435489655], [86.7443084717, 24.4854507446, 107.137207031, 52.4535827637, 49.7279014587, 16.6499042511, 36.4103736877, 0.248745113611, 89.4733047485, 7.08745288849, 12.0627965927, -0.433034718037, 14.2279882431], [259.083862305, -27.9735641479, -27.6436805725, 27.5936107635, 8.31804943085, 35.9468383789, -0.223397493362, 55.6665878296, 7.08745288849, 108.601463318, 24.0799369812, 8.59734249115, -24.0767116547], [126.715934753, 33.815032959, 92.3053283691, 74.3999938965, 19.7309150696, 59.1725463867, 76.3062210083, 28.5701198578, 12.0627965927, 24.0799369812, 127.969207764, 35.1986961365, -11.4682378769], [41.4872741699, 37.6416397095, 177.559921265, 65.8656158447, 87.0941696167, 31.6487998962, 32.3159561157, 22.3538513184, -0.433034718037, 8.59734249115, 35.1986961365, 106.460075378, 19.3100070953], [-86.5074005127, 131.402496338, 163.277359009, 95.5078125, 105.717750549, 12.5836086273, 5.05273389816, -19.1435489655, 14.2279882431, -24.0767116547, -11.4682378769, 19.3100070953, 109.24936676]],
        "icov": [[0.00048460290418, 0.000266142335022, -4.6593377192e-05, -0.000405371712986, 7.97353422968e-05, -9.46734653553e-05, -0.000355340598617, -0.000332997529767, -0.000123631194583, -0.000797373009846, 0.000175062014023, 0.000153996763402, 0.000210996542592], [0.000266142335022, 0.0023499620147, -5.66377020732e-05, -0.00154304970056, -0.00035897170892, -0.000165798512171, -9.04308399186e-05, -0.000425531616202, 0.000487346027512, 0.000348571658833, -7.63742791605e-05, 0.000757401343435, -0.00101458409335], [-4.6593377192e-05, -5.66377020732e-05, 0.00305133895017, -0.00202674092725, -0.00182771857362, 8.64542835188e-06, -0.00246295705438, 0.00109792861622, -0.000638529541902, 0.000971132423729, 0.00104242330417, -0.00223443238065, 0.000118183168524], [-0.000405371712986, -0.00154304970056, -0.00202674092725, 0.00645668338984, -0.000133163950522, -0.00429170811549, 0.00167610112112, 0.000248856958933, -4.44288889412e-05, -0.00038743938785, -0.000927940418478, 0.00141752150375, -0.00091883452842], [7.97353422968e-05, -0.00035897170892, -0.00182771857362, -0.000133163950522, 0.00403999490663, 0.00132890371606, -6.9868612627e-05, -0.00037858937867, 3.86554347642e-05, -0.00161030550953, 0.000573772296775, -0.000243843969656, -0.00103925005533], [-9.46734653553e-05, -0.000165798512171, 8.64542835188e-06, -0.00429170811549, 0.00132890371606, 0.00866045616567, -0.0011800925713, -0.0025029797107, 0.000648134038784, -0.000155095971422, -0.000213632971281, -0.000152094595251, 0.00108179892413], [-0.000355340598617, -9.04308399186e-05, -0.00246295705438, 0.00167610112112, -6.9868612627e-05, -0.0011800925713, 0.00896773766726, -0.00133162620477, -0.000858310202602, 0.00195327796973, -0.00407456792891, 0.0021509216167, 0.00133289804216], [-0.000332997529767, -0.000425531616202, 0.00109792861622, 0.000248856958933, -0.00037858937867, -0.0025029797107, -0.00133162620477, 0.0094979070127, 0.00022103995434, -0.00295617082156, 0.000615205906797, -0.00230697286315, 0.00056228984613], [-0.000123631194583, 0.000487346027512, -0.000638529541902, -4.44288889412e-05, 3.86554347642e-05, 0.000648134038784, -0.000858310202602, 0.00022103995434, 0.0127403307706, -0.0012792153284, -0.00101415324025, 0.00182864919771, -0.00209536473267], [-0.000797373009846, 0.000348571658833, 0.000971132423729, -0.00038743938785, -0.00161030550953, -0.000155095971422, 0.00195327796973, -0.00295617082156, -0.0012792153284, 0.0142989046872, -0.00218835263513, -0.000600147235673, 0.00199863687158], [0.000175062014023, -7.63742791605e-05, 0.00104242330417, -0.000927940418478, 0.000573772296775, -0.000213632971281, -0.00407456792891, 0.000615205906797, -0.00101415324025, -0.00218835263513, 0.011518468149, -0.00429709535092, 0.000867841648869], [0.000153996763402, 0.000757401343435, -0.00223443238065, 0.00141752150375, -0.000243843969656, -0.000152094595251, 0.0021509216167, -0.00230697286315, 0.00182864919771, -0.000600147235673, -0.00429709535092, 0.0138691347092, -0.00221195491031], [0.000210996542592, -0.00101458409335, 0.000118183168524, -0.00091883452842, -0.00103925005533, 0.00108179892413, 0.00133289804216, 0.00056228984613, -0.00209536473267, 0.00199863687158, 0.000867841648869, -0.00221195491031, 0.013280749321]]
    },
    "spectral_contrast_coeffs": {
        "max": [-0.4349129498, -0.396740525961, -0.396865010262, -0.566121578217, -0.531741738319, -0.324537038803],
        "mean": [-0.712089061737, -0.742406070232, -0.737090706825, -0.773921430111, -0.770929932594, -0.571015715599],
        "min": [-0.903056144714, -0.894405126572, -0.916437625885, -0.90066075325, -0.881179273129, -0.817865967751],
        "stdev": [0.0621909052134, 0.0718649476767, 0.0893459022045, 0.0705035403371, 0.0649048760533, 0.0773858949542]
    },
    "spectral_contrast_valleys": {
        "max": [-4.5083065033, -4.85370016098, -5.75156879425, -6.03625917435, -5.82811355591, -9.35180664062],
        "mean": [-6.93633937836, -6.66567611694, -7.50800704956, -7.59388017654, -7.48088359833, -12.032664299],
        "min": [-13.1697311401, -8.34298801422, -9.46053504944, -9.27555370331, -9.28921031952, -15.7227201462],
        "stdev": [1.99181461334, 0.558144688606, 0.641268134117, 0.582210361958, 0.559631824493, 1.15639400482]
    }
},
"rhythm": {
    "beats_count": 83,
    "beats_loudness": {
        "max": 0.239463418722,
        "mean": 0.0514566004276,
        "min": 0.000550648837816,
        "stdev": 0.0474308691919
    },
    "bpm": 152.05796814,
    "bpm_histogram_first_peak_bpm": 152,
    "bpm_histogram_first_peak_weight": 0.288461565971,
    "bpm_histogram_second_peak_bpm": 157,
    "bpm_histogram_second_peak_spread": 0,
    "bpm_histogram_second_peak_weight": 0.18292683363,
    "danceability": 1.08492672443,
    "onset_rate": 2.70543503761,
    "beats_loudness_band_ratio": {
        "max": [0.95857578516, 0.70499587059, 0.614828884602, 0.631376743317, 0.332445830107, 0.21726898849],
        "mean": [0.437449663877, 0.166861534119, 0.172161236405, 0.132023364305, 0.0708175897598, 0.0552876144648],
        "min": [1.66207246366e-05, 0.000268028961727, 0.00137586588971, 0.000757289177272, 0.000426197802881, 0.00148226856254],
        "stdev": [0.282690733671, 0.145073249936, 0.136371865869, 0.16220420599, 0.0772454068065, 0.0464518070221]
    },
