{
"metadata": {
    "version": {
        "essentia": "2.1-beta5",
        "essentia_git_sha": "Undefined",
        "extractor": "music 2.0"
    },
    "audio_properties": {
        "analysis": {
            "equal_loudness": 0,
            "length": 32.4963264465,
            "sample_rate": 44100,
            "start_time": 12.7477550507,
            "downmix": "mix"
        },
        "bit_rate": 192000,
        "length": 198.008163452,
        "lossless": 0,
        "number_channels": 2,
        "replay_gain": 2.40511131287,
        "sample_rate": 48000,
        "codec": "mp3",
        "md5_encoded": "fd1672e27e3b0e6ebc70b62f84e39529"
    },
    "tags": {
        "file_name": "Portugal_Quero Ser Tua_Suzy.mp3",
        "encoding": ["Lavf58.29.100"]
    }
},
"lowlevel": {
    "average_loudness": 0.915373325348,
    "barkbands_crest": {
        "max": 25.2495212555,
        "mean": 10.3463058472,
        "min": 3.10554838181,
        "stdev": 4.79867935181
    },
    "barkbands_flatness_db": {
        "max": 0.392420470715,
        "mean": 0.197377413511,
        "min": 0.0840386152267,
        "stdev": 0.0476230308414
    },
    "barkbands_kurtosis": {
        "max": 51.2417640686,
        "mean": 4.12792158127,
        "min": -1.82936000824,
        "stdev": 6.63720369339
    },
    "barkbands_skewness": {
        "max": 6.67965602875,
        "mean": 1.62142086029,
        "min": -0.887256324291,
        "stdev": 1.10705792904
    },
    "barkbands_spread": {
        "max": 83.8316268921,
        "mean": 17.2335395813,
        "min": 1.86093485355,
        "stdev": 9.69774723053
    },
    "dissonance": {
        "max": 0.500000059605,
        "mean": 0.464812874794,
        "min": 0.305354386568,
        "stdev": 0.0250538885593
    },
    "dynamic_complexity": 2.99429655075,
    "erbbands_crest": {
        "max": 26.5860099792,
        "mean": 8.6240940094,
        "min": 2.64150118828,
        "stdev": 4.12876844406
    },
    "erbbands_flatness_db": {
        "max": 0.419551193714,
        "mean": 0.215861439705,
        "min": 0.102338694036,
        "stdev": 0.0520965345204
    },
    "erbbands_kurtosis": {
        "max": 10.7643499374,
        "mean": 0.257468670607,
        "min": -1.68229687214,
        "stdev": 1.43205618858
    },
    "erbbands_skewness": {
        "max": 2.76749134064,
        "mean": 0.458796054125,
        "min": -1.90346944332,
        "stdev": 0.535205423832
    },
    "erbbands_spread": {
        "max": 111.593734741,
        "mean": 35.4012565613,
        "min": 6.01694774628,
        "stdev": 16.8502006531
    },
    "hfc": {
        "max": 96.4752349854,
        "mean": 16.9955463409,
        "min": 0.865492343903,
        "stdev": 15.1392469406
    },
    "loudness_ebu128": {
        "integrated": -25.1927986145,
        "loudness_range": 5.42950820923,
        "momentary": {
            "max": -21.5228919983,
            "mean": -25.6929340363,
            "min": -32.57396698,
            "stdev": 2.19997787476
        },
        "short_term": {
            "max": -23.0348243713,
            "mean": -25.3663654327,
            "min": -29.1084041595,
            "stdev": 1.69179141521
        }
    },
    "melbands_crest": {
        "max": 36.5320930481,
        "mean": 14.1587467194,
        "min": 4.31478881836,
        "stdev": 6.34024190903
    },
    "melbands_flatness_db": {
        "max": 0.454763263464,
        "mean": 0.235062614083,
        "min": 0.0567499026656,
        "stdev": 0.0692308023572
    },
    "melbands_kurtosis": {
        "max": 182.696014404,
        "mean": 12.3717918396,
        "min": -1.59696888924,
        "stdev": 18.6154956818
    },
    "melbands_skewness": {
        "max": 11.8148031235,
        "mean": 2.52498197556,
        "min": -0.279519289732,
        "stdev": 1.6600805521
    },
    "melbands_spread": {
        "max": 92.1042251587,
        "mean": 18.5581550598,
        "min": 2.25712776184,
        "stdev": 10.9595451355
    },
    "pitch_salience": {
        "max": 0.833025336266,
        "mean": 0.564193248749,
        "min": 0.127421855927,
        "stdev": 0.141161412001
    },
    "silence_rate_20dB": {
        "max": 1,
        "mean": 1,
        "min": 1,
        "stdev": 0
    },
    "silence_rate_30dB": {
        "max": 1,
        "mean": 0.997858643532,
        "min": 0,
        "stdev": 0.0462247245014
    },
    "silence_rate_60dB": {
        "max": 1,
        "mean": 0.049964312464,
        "min": 0,
        "stdev": 0.217868372798
    },
    "spectral_centroid": {
        "max": 3208.80712891,
        "mean": 1134.45910645,
        "min": 312.056304932,
        "stdev": 499.859954834
    },
    "spectral_complexity": {
        "max": 47,
        "mean": 18.38829422,
        "min": 1,
        "stdev": 8.45261478424
    },
    "spectral_decrease": {
        "max": -2.06123909607e-10,
        "mean": -7.40010586142e-09,
        "min": -3.75221276272e-08,
        "stdev": 5.91318016774e-09
    },
    "spectral_energy": {
        "max": 0.146100774407,
        "mean": 0.0294712726027,
        "min": 0.000904385815375,
        "stdev": 0.0233514122665
    },
    "spectral_energyband_high": {
        "max": 0.00780637050048,
        "mean": 0.000620391801931,
        "min": 4.70561438703e-08,
        "stdev": 0.000822306319606
    },
    "spectral_energyband_low": {
        "max": 0.12107578665,
        "mean": 0.0108591215685,
        "min": 9.93275861561e-08,
        "stdev": 0.0142426174134
    },
    "spectral_energyband_middle_high": {
        "max": 0.0444807745516,
        "mean": 0.00528676388785,
        "min": 0.000187854573596,
        "stdev": 0.00660345843062
    },
    "spectral_energyband_middle_low": {
        "max": 0.101281285286,
        "mean": 0.0137428380549,
        "min": 0.000187441721209,
        "stdev": 0.0131149571389
    },
    "spectral_entropy": {
        "max": 8.84011077881,
        "mean": 7.49958944321,
        "min": 6.14392185211,
        "stdev": 0.364754885435
    },
    "spectral_flux": {
        "max": 0.293436914682,
        "mean": 0.0964958667755,
        "min": 0.0130786756054,
        "stdev": 0.0537004321814
    },
    "spectral_kurtosis": {
        "max": 82.3417205811,
        "mean": 4.22009658813,
        "min": -1.00761699677,
        "stdev": 6.79970693588
    },
    "spectral_rms": {
        "max": 0.0119388997555,
        "mean": 0.00491384929046,
        "min": 0.000939322984777,
        "stdev": 0.00214627804235
    },
    "spectral_rolloff": {
        "max": 8118.01757812,
        "mean": 1059.00146484,
        "min": 43.06640625,
        "stdev": 888.360351562
    },
    "spectral_skewness": {
        "max": 6.99225330353,
        "mean": 1.26985383034,
        "min": 0.0384806357324,
        "stdev": 0.650634467602
    },
    "spectral_spread": {
        "max": 24717158,
        "mean": 3399820,
        "min": 1044970.25,
        "stdev": 1202075
    },
    "spectral_strongpeak": {
        "max": 7.39494419098,
        "mean": 0.737690091133,
        "min": 0,
        "stdev": 0.892878234386
    },
    "zerocrossingrate": {
        "max": 0.193359375,
        "mean": 0.0450295694172,
        "min": 0.00341796875,
        "stdev": 0.0221130568534
    },
    "barkbands": {
        "max": [0.0153755936772, 0.115730464458, 0.0407443083823, 0.0420423224568, 0.0581813119352, 0.0355617403984, 0.0351435169578, 0.022124890238, 0.0599242895842, 0.0350036770105, 0.0319574773312, 0.0137830292806, 0.0207113083452, 0.00639825500548, 0.0160692613572, 0.00860752910376, 0.00552001455799, 0.00694245100021, 0.00484479963779, 0.00407770927995, 0.00499123893678, 0.00345979095437, 0.0027563017793, 0.00121440365911, 7.62052077334e-05, 5.42631255485e-07, 5.91639945924e-07],
        "mean": [0.00054989522323, 0.00746117765084, 0.002105983207, 0.00175580615178, 0.0038883483503, 0.00287543865852, 0.00191443436779, 0.000994579400867, 0.00168004655279, 0.00178455084097, 0.000672353780828, 0.000641744292807, 0.000727301056031, 0.000308524380671, 0.00036765213008, 0.0003207224363, 0.000262298097368, 0.000269287760602, 0.000183657204616, 0.000251836347161, 0.00019574543694, 0.000104246973933, 0.000110270528239, 4.44886354671e-05, 8.95376729204e-07, 2.83418066793e-09, 2.55534482463e-09],
        "min": [1.52650325713e-09, 4.76763730717e-08, 7.98831401028e-09, 2.74276823475e-09, 1.61951163591e-07, 4.89947524329e-07, 9.62270041782e-06, 2.94454844152e-06, 2.29345150728e-05, 1.59301926033e-05, 8.06447042123e-06, 4.63907235826e-06, 8.64762751007e-06, 6.29309124633e-06, 5.53028166905e-06, 4.46821604783e-06, 2.42882538259e-06, 3.22644132211e-06, 1.29063300847e-06, 3.20801412101e-08, 1.67656555305e-08, 7.62612994976e-09, 1.58394117267e-10, 1.11029074823e-10, 1.35287309133e-10, 1.88832324777e-10, 2.64203658951e-10],
        "stdev": [0.00166798464488, 0.0118150040507, 0.00447021983564, 0.00359256239608, 0.00582202337682, 0.00439930194989, 0.00333855114877, 0.00223823124543, 0.00344484648667, 0.00370780611411, 0.00172362744343, 0.00129380158614, 0.00180214887951, 0.000479261798318, 0.000885626825038, 0.000607055204455, 0.000518274086062, 0.000562457484193, 0.00034687409061, 0.000420355936512, 0.00035735644633, 0.000163590200827, 0.000177628229721, 8.68594652275e-05, 5.00890246258e-06, 2.34500596719e-08, 2.50351348541e-08]
    },
    "erbbands": {
        "max": [2.74473977089, 27.4333782196, 44.1480560303, 85.7729492188, 174.996994019, 203.602752686, 287.054504395, 420.747131348, 627.305236816, 248.597183228, 645.59185791, 956.111083984, 1179.69714355, 1126.72814941, 948.275512695, 496.553131104, 1099.45056152, 290.643127441, 382.555480957, 780.03112793, 557.035644531, 338.66116333, 401.660217285, 345.538146973, 118.80280304, 166.721084595, 320.506164551, 86.4388504028, 118.640861511, 154.285903931, 50.1215934753, 29.5374183655, 14.3249912262, 1.58473873138, 0.0479489378631, 0.00284989061765, 0.00102524564136, 0.000366624823073, 0.000112703739433, 0.000163584394613],
        "mean": [0.237334087491, 1.55570602417, 2.70018100739, 4.33000993729, 9.68715667725, 12.7836198807, 18.3582744598, 24.450428009, 31.1885585785, 19.3085689545, 25.9721355438, 39.9871559143, 53.4850883484, 44.6439933777, 28.8662014008, 29.5935688019, 33.8840789795, 19.211057663, 18.0592288971, 17.8920612335, 18.1608295441, 14.2814254761, 13.8342962265, 13.241607666, 7.85803031921, 11.6872291565, 12.3927927017, 4.62876987457, 3.62061142921, 3.5196428299, 3.15828609467, 1.52145338058, 0.438688367605, 0.0390801131725, 0.00135146267712, 0.000131605571369, 3.24354296026e-05, 8.96071469469e-06, 1.66927893588e-05, 3.44852560374e-05],
        "min": [2.15460363506e-06, 1.47649534483e-05, 3.07991685986e-05, 3.00507708744e-05, 0.000144115168951, 0.0012044046307, 0.00923718884587, 0.0809171497822, 0.163861185312, 0.316653937101, 0.295636445284, 0.549220323563, 0.476274222136, 0.411121279001, 0.59648090601, 0.31518882513, 0.522792994976, 0.462395220995, 0.458394795656, 0.30400288105, 0.222700595856, 0.18601411581, 0.13937959075, 0.138515070081, 0.0675735548139, 0.00590483983979, 0.00105476612225, 0.000605506298598, 0.000313815195113, 6.30371796433e-05, 1.64846387634e-05, 7.06854734744e-06, 5.93427785134e-06, 3.67329948858e-06, 2.38310599343e-06, 1.40643442137e-06, 9.61093974183e-07, 3.63094841305e-07, 6.0106822275e-07, 1.22976746297e-06],
        "stdev": [0.40665653348, 2.64362955093, 4.97693729401, 8.98634147644, 14.7375688553, 22.8425102234, 28.6832275391, 43.6816940308, 54.9075508118, 32.1884880066, 58.3502006531, 78.0557174683, 112.058441162, 99.228729248, 66.521697998, 53.0725402832, 81.9656982422, 29.0534992218, 28.3439483643, 41.2478637695, 35.8354682922, 27.4146404266, 29.1390800476, 28.3567066193, 10.0808506012, 18.3733215332, 25.2961578369, 6.04578113556, 5.64112663269, 6.27007007599, 4.91607141495, 2.5157520771, 1.11688923836, 0.142380535603, 0.00446096528322, 0.000283964473056, 5.50741060579e-05, 1.75538280018e-05, 1.28897218019e-05, 2.68375169981e-05]
    },
    "gfcc": {
        "mean": [-45.7975730896, 160.811264038, -165.721694946, 50.5297546387, -69.8766479492, 2.25705695152, -11.5401554108, -22.5568809509, 3.50375962257, -24.1484565735, 3.69928050041, -13.2054014206, 0.976583659649],
        "cov": [[5185.17919922, -1457.53271484, 512.903320312, 1495.59875488, -780.296691895, 1192.82336426, -447.941192627, 396.499298096, 332.45300293, -204.053146362, 631.29498291, -276.822662354, 275.191040039], [-1457.53271484, 1296.12719727, -46.9505195618, -565.678771973, 613.752441406, -534.114257812, 373.61932373, -223.786254883, -130.370330811, 38.5699501038, -288.42276001, 77.6933746338, -139.955596924], [512.903320312, -46.9505195618, 520.562927246, 383.585754395, 28.9192390442, 312.716796875, -49.356678009, 107.117530823, 78.6265640259, -14.7971220016, 85.1230392456, -44.3274612427, 46.2118835449], [1495.59875488, -565.678771973, 383.585754395, 818.05291748, -180.783660889, 536.930786133, -120.737915039, 176.972000122, 207.893264771, -58.6570320129, 224.959487915, -99.4570388794, 95.5964202881], [-780.296691895, 613.752441406, 28.9192390442, -180.783660889, 478.630889893, -186.375686646, 249.00920105, -48.9246826172, -38.1305961609, 54.2677230835, -146.736953735, 34.1848258972, -51.7719421387], [1192.82336426, -534.114257812, 312.716796875, 536.930786133, -186.375686646, 618.701721191, -87.5501708984, 164.042282104, 134.758712769, -37.9940376282, 206.980453491, -102.466751099, 81.6374435425], [-447.941192627, 373.61932373, -49.356678009, -120.737915039, 249.00920105, -87.5501708984, 284.11114502, -9.54766464233, 16.1326732635, 57.0954017639, -45.3879508972, 40.1317596436, -41.8327827454], [396.499298096, -223.786254883, 107.117530823, 176.972000122, -48.9246826172, 164.042282104, -9.54766464233, 204.804092407, 102.515655518, 27.8353347778, 97.5655136108, -14.2359161377, 65.1995391846], [332.45300293, -130.370330811, 78.6265640259, 207.893264771, -38.1305961609, 134.758712769, 16.1326732635, 102.515655518, 185.64793396, 28.6125926971, 93.2044448853, 9.83464622498, 30.4090938568], [-204.053146362, 38.5699501038, -14.7971220016, -58.6570320129, 54.2677230835, -37.9940376282, 57.0954017639, 27.8353347778, 28.6125926971, 97.5291976929, 21.6089515686, 34.5890655518, 7.58741283417], [631.29498291, -288.42276001, 85.1230392456, 224.959487915, -146.736953735, 206.980453491, -45.3879508972, 97.5655136108, 93.2044448853, 21.6089515686, 193.448455811, 3.93177175522, 59.9875068665], [-276.822662354, 77.6933746338, -44.3274612427, -99.4570388794, 34.1848258972, -102.466751099, 40.1317596436, -14.2359161377, 9.83464622498, 34.5890655518, 3.93177175522, 91.352180481, 6.07574796677], [275.191040039, -139.955596924, 46.2118835449, 95.5964202881, -51.7719421387, 81.6374435425, -41.8327827454, 65.1995391846, 30.4090938568, 7.58741283417, 59.9875068665, 6.07574796677, 90.4749526978]],
        "icov": [[0.000761881703511, -0.000778484041803, 0.000750499544665, -0.00116455357056, 0.00068492005812, -0.000542039051652, 0.000575120560825, -0.000583263288718, 0.00047257883125, 0.000472281331895, -0.00122055085376, 0.000718314084224, -0.000544613867532], [-0.000778484041803, 0.00809995643795, -0.00544246472418, 0.00516384840012, -0.00539119215682, 0.00500996503979, -0.00553757185116, 0.0054477378726, -0.00393053237349, 0.00423974171281, -0.000990804284811, 0.0035446183756, -0.000486026343424], [0.000750499544665, -0.00544246472418, 0.00771234882995, -0.00517151644453, 0.00174983229954, -0.00495095038787, 0.00542629649863, -0.00456220889464, 0.00351596414112, -0.00295823207125, 0.000669391301926, -0.00363876158372, 0.000955506809987], [-0.00116455357056, 0.00516384840012, -0.00517151644453, 0.00876675359905, -0.00401952071115, 0.00184125278611, -0.00306176044978, 0.0042538093403, -0.00605048052967, 0.00440694345161, -0.00163370696828, 0.00381425535306, -0.00104296964128], [0.00068492005812, -0.00539119215682, 0.00174983229954, -0.00401952071115, 0.0101323937997, -0.00223814859055, -0.00136107264552, -0.0034458511509, 0.00320169585757, -0.00449535809457, 0.0044042756781, -0.00188046426047, -0.000891192175914], [-0.000542039051652, 0.00500996503979, -0.00495095038787, 0.00184125278611, -0.00223814859055, 0.00884475465864, -0.00487899081782, 0.00293073640205, -0.00246652797796, 0.00329587655142, -0.00343031762168, 0.00630528992042, -0.00124392204452], [0.000575120560825, -0.00553757185116, 0.00542629649863, -0.00306176044978, -0.00136107264552, -0.00487899081782, 0.0125512564555, -0.00439161201939, 0.00151365541387, -0.00385012361221, -0.000888768059667, -0.00430468842387, 0.00343224871904], [-0.000583263288718, 0.0054477378726, -0.00456220889464, 0.0042538093403, -0.0034458511509, 0.00293073640205, -0.00439161201939, 0.0132817057893, -0.00638105208054, 0.00117024267092, -0.00194276613183, 0.00526596512645, -0.00520023750141], [0.00047257883125, -0.00393053237349, 0.00351596414112, -0.00605048052967, 0.00320169585757, -0.00246652797796, 0.00151365541387, -0.00638105208054, 0.0134452814236, -0.00453065615147, 5.12261394761e-05, -0.00564028322697, 0.00264128134586], [0.000472281331895, 0.00423974171281, -0.00295823207125, 0.00440694345161, -0.00449535809457, 0.00329587655142, -0.00385012361221, 0.00117024267092, -0.00453065615147, 0.0198362953961, -0.00697477115318, 0.00183980818838, -0.00183307798579], [-0.00122055085376, -0.000990804284811, 0.000669391301926, -0.00163370696828, 0.0044042756781, -0.00343031762168, -0.000888768059667, -0.00194276613183, 5.12261394761e-05, -0.00697477115318, 0.01823278144, -0.00781218986958, -0.000827904441394], [0.000718314084224, 0.0035446183756, -0.00363876158372, 0.00381425535306, -0.00188046426047, 0.00630528992042, -0.00430468842387, 0.00526596512645, -0.00564028322697, 0.00183980818838, -0.00781218986958, 0.0236354079098, -0.0060899797827], [-0.000544613867532, -0.000486026343424, 0.000955506809987, -0.00104296964128, -0.000891192175914, -0.00124392204452, 0.00343224871904, -0.00520023750141, 0.00264128134586, -0.00183307798579, -0.000827904441394, -0.0060899797827, 0.0187421925366]]
    },
    "melbands": {
        "max": [0.0302222929895, 0.0216078609228, 0.0157028511167, 0.0147565044463, 0.00967257283628, 0.00817189645022, 0.0084783481434, 0.00244490988553, 0.00603771302849, 0.00783790182322, 0.00609010830522, 0.00480610504746, 0.0037943571806, 0.00190457713325, 0.00190701661631, 0.00247248425148, 0.000567041686736, 0.000454953900771, 0.00168103014585, 0.000450501887826, 0.000838942767587, 0.000437625800259, 0.000510012032464, 0.000383252481697, 0.000308793067234, 0.000161893767654, 0.000101971090771, 0.00012621867063, 0.000267861207249, 7.27914957679e-05, 6.41426886432e-05, 6.48009954602e-05, 7.06523132976e-05, 9.76806913968e-05, 3.87495820178e-05, 2.10890775634e-05, 2.42936184804e-05, 1.38440100272e-05, 4.11507971876e-06, 5.8356675936e-07],
        "mean": [0.00211293110624, 0.00162613776047, 0.000908775662538, 0.000817650230601, 0.000626770313829, 0.000550434400793, 0.000461785995867, 0.00019448819512, 0.00021242404182, 0.000260987872025, 0.00026685296325, 0.000186853882042, 9.23091211007e-05, 8.26817704365e-05, 6.89053194947e-05, 6.99014926795e-05, 3.07673290081e-05, 2.7914180464e-05, 2.63781294052e-05, 2.27733398788e-05, 2.11002843571e-05, 1.49540646817e-05, 1.35390318974e-05, 1.20671429613e-05, 1.08228796307e-05, 5.66975768379e-06, 5.76382308282e-06, 8.28181146062e-06, 9.32901730266e-06, 4.06593062507e-06, 2.24639666158e-06, 2.01208877115e-06, 1.99884698304e-06, 1.91960361917e-06, 2.00326667255e-06, 1.33428136451e-06, 7.54847178541e-07, 3.56243305077e-07, 9.8622741973e-08, 6.70477362519e-09],
        "min": [1.51466874598e-08, 9.71733271626e-09, 6.98201585436e-09, 2.09610924173e-08, 7.00514917185e-08, 1.99382407118e-06, 2.34600042859e-06, 2.7943101486e-06, 1.74284809873e-06, 3.32274635184e-06, 1.93243022295e-06, 1.34118931783e-06, 1.16631520086e-06, 4.3155520757e-07, 7.7106341223e-07, 8.77882314398e-07, 7.66322784784e-07, 6.84538747464e-07, 3.25882751895e-07, 3.10388372782e-07, 1.91965114027e-07, 1.67504921933e-07, 9.84822605687e-08, 1.62902225043e-07, 8.50565911037e-08, 4.85707438713e-08, 9.50762757412e-09, 9.73346403477e-10, 5.72165981261e-10, 3.15411752272e-10, 1.93712670904e-10, 1.96581251277e-10, 4.31373209722e-12, 3.38751010749e-12, 1.77025180539e-12, 1.60203469414e-12, 1.10154073363e-12, 1.00318787565e-12, 1.01089514364e-12, 8.66664812832e-13],
        "stdev": [0.00337693002075, 0.00257632043213, 0.00156162143685, 0.00129499624018, 0.000975210918114, 0.000924503139686, 0.000794644001871, 0.000337764126016, 0.000475937325973, 0.000537031097338, 0.000572066463064, 0.000437532289652, 0.000227014010306, 0.00017317601305, 0.000137338720378, 0.000199880611035, 4.7813722631e-05, 4.45720252173e-05, 8.40488792164e-05, 4.11468972743e-05, 4.86221542815e-05, 3.06086512865e-05, 3.12897536787e-05, 2.6570931368e-05, 2.50834909821e-05, 8.61607441038e-06, 8.48613217386e-06, 1.40877255035e-05, 2.10273065022e-05, 6.63171476845e-06, 3.4043771393e-06, 3.27729071614e-06, 3.22730124935e-06, 3.82909456675e-06, 3.31293108502e-06, 2.13238695324e-06, 1.42488795518e-06, 9.63430579759e-07, 3.52539530013e-07, 4.11577296688e-08]
    },
    "melbands128": {
        "max": [0.0119776008651, 0.0223107654601, 0.0515480265021, 0.0440094172955, 0.0298886299133, 0.0223336964846, 0.0198467038572, 0.0212381221354, 0.0176928844303, 0.0249237921089, 0.0129178185016, 0.0144237363711, 0.0114797269925, 0.0118892295286, 0.0158847644925, 0.0144457295537, 0.0130802607164, 0.0123883495107, 0.00681832060218, 0.00436911033466, 0.00451499968767, 0.00670215720311, 0.0105773722753, 0.00637982133776, 0.00971094798297, 0.0147214671597, 0.0156121654436, 0.0107929790393, 0.0103273317218, 0.00829102937132, 0.00609918916598, 0.00967682432383, 0.00743200257421, 0.00548007152975, 0.00391018204391, 0.00322467833757, 0.00252121058293, 0.00343445991166, 0.0026484709233, 0.00579389650375, 0.00485527608544, 0.00112616980914, 0.00123782583978, 0.00113747525029, 0.000710316060577, 0.000995073351078, 0.000642841740046, 0.00398203916848, 0.00322501920164, 0.00113520096056, 0.000829347292893, 0.00109435885679, 0.00132665783167, 0.0012926873751, 0.000705786223989, 0.000787843833677, 0.000611350580584, 0.000901476189028, 0.000664942257572, 0.000785118085332, 0.000588454131503, 0.000468863378046, 0.000929344445467, 0.000663977582008, 0.00053295440739, 0.000134600006277, 8.69715586305e-05, 0.000162785130669, 0.000241657311562, 0.000183605108759, 0.000258393090917, 0.000287571514491, 0.000484697142383, 0.000624766922556, 0.000301107997075, 0.000189997124835, 7.45750585338e-05, 5.24429124198e-05, 6.71237285133e-05, 8.86950292625e-05, 9.85804654192e-05, 5.10254976689e-05, 7.82639399404e-05, 8.42065273901e-05, 3.67346983694e-05, 0.000136204340379, 0.00011330772395, 7.44927310734e-05, 4.96103639307e-05, 3.61689380952e-05, 3.37247547577e-05, 2.22213639063e-05, 1.86931174539e-05, 3.20402214129e-05, 2.64542468358e-05, 2.38739266933e-05, 1.65813635249e-05, 9.4583738246e-06, 6.16056604485e-06, 3.21431775774e-06, 1.01835109945e-06, 3.50989466824e-07, 3.03620062425e-08, 4.45236780777e-09, 5.84372861212e-09, 5.63168978118e-09, 8.73430483495e-09, 4.05772659917e-09, 3.69217656448e-09, 3.56231266707e-09, 3.42539308029e-09, 3.29835647683e-09, 3.18745585481e-09, 3.09516678954e-09, 3.00283642396e-09, 2.90175705686e-09, 2.82679057939e-09, 2.75148659412e-09, 2.6821813659e-09, 2.60610621972e-09, 2.54716492343e-09, 2.50880893837e-09, 2.45787479258e-09, 2.43341813366e-09, 2.38719688461e-09, 2.36325492509e-09, 2.34458719106e-09, 2.33199726196e-09],
        "mean": [0.000465417746454, 0.0018833350623, 0.00284440023825, 0.00250988034531, 0.00158978311811, 0.000957084237598, 0.000824827875476, 0.000907596200705, 0.00103560718708, 0.000833018682897, 0.000684373429976, 0.000621282844804, 0.000686659710482, 0.000511141202878, 0.000561014807317, 0.000574381905608, 0.000519318506122, 0.000508957309648, 0.000297298916848, 0.000192343781237, 0.000131361142849, 0.000200616850634, 0.00025783770252, 0.000163524615346, 0.000261053035501, 0.000293515447993, 0.000275487778708, 0.00029153705691, 0.000213638486457, 0.000261927751126, 0.000156086010975, 8.26767209219e-05, 9.56283765845e-05, 9.96229282464e-05, 6.34178722976e-05, 9.80299300863e-05, 8.01703936304e-05, 4.46709855169e-05, 8.33979793242e-05, 8.6647720309e-05, 6.96806382621e-05, 3.84968989238e-05, 3.00085503113e-05, 2.82693090412e-05, 2.37916265178e-05, 3.11912117468e-05, 2.82473320112e-05, 2.62802241195e-05, 2.75482816505e-05, 1.97973495233e-05, 2.39729724854e-05, 2.33161554206e-05, 2.00641406991e-05, 2.1589872631e-05, 1.99416917894e-05, 1.29575291794e-05, 1.18470334201e-05, 1.47537330122e-05, 1.39701760418e-05, 1.1372994777e-05, 1.13668538688e-05, 1.2680202417e-05, 1.38767318276e-05, 1.05621984403e-05, 5.98186443312e-06, 5.400430382e-06, 5.52633946427e-06, 4.43710860054e-06, 6.09442258792e-06, 7.15607393431e-06, 7.23196035324e-06, 9.40930476645e-06, 1.09313286885e-05, 9.82559959084e-06, 7.16036447557e-06, 4.04731963499e-06, 2.96161147162e-06, 2.20648325922e-06, 2.11128826777e-06, 2.34993672166e-06, 1.88148578673e-06, 1.97870986085e-06, 2.04621824196e-06, 1.92789684661e-06, 2.09106451621e-06, 1.89798765859e-06, 1.82805013083e-06, 1.94072867998e-06, 2.45364549301e-06, 1.58066177391e-06, 1.52003099174e-06, 1.25316148569e-06, 1.06178435999e-06, 7.69113569277e-07, 5.68381949506e-07, 4.53021471003e-07, 3.1778245102e-07, 2.08121676337e-07, 1.06924375132e-07, 3.75642947859e-08, 1.00363424238e-08, 2.48042852924e-09, 1.76625103432e-10, 3.53027919398e-11, 2.85618022289e-11, 3.78213189933e-11, 5.7272964149e-11, 3.81790120352e-11, 1.85962911736e-11, 1.53283063326e-11, 1.47636746578e-11, 1.43149121029e-11, 1.38077006426e-11, 1.3368822542e-11, 1.29372831892e-11, 1.26103355189e-11, 1.23017021916e-11, 1.20226112052e-11, 1.17319175208e-11, 1.14588720457e-11, 1.11516611917e-11, 1.09481703217e-11, 1.07878480454e-11, 1.0610544561e-11, 1.00925361818e-11, 9.25324400436e-12, 8.79372616391e-12, 8.69632144074e-12],
        "min": [2.1047098786e-10, 5.45454215128e-09, 4.07056299778e-09, 1.2214853129e-08, 2.20685336672e-09, 3.64710395218e-09, 2.9469149343e-09, 2.11552197982e-09, 6.96469371064e-09, 1.39145530653e-08, 2.74331473094e-08, 5.6518882019e-08, 2.59065231489e-08, 7.59308704801e-08, 1.96477628833e-07, 5.82148302897e-08, 3.94115033941e-07, 3.22894010196e-07, 7.83788181025e-08, 1.83564225154e-07, 1.90205525996e-07, 1.93102977164e-07, 3.46951537722e-07, 5.9934706087e-07, 7.56924180223e-07, 6.52529763556e-07, 5.47905528947e-07, 4.15944271026e-07, 3.10133344783e-07, 9.00935049231e-07, 2.97893080869e-07, 2.4090454076e-07, 1.91319742271e-07, 1.14719156841e-07, 1.90305598835e-07, 2.91576327527e-07, 2.28506749522e-07, 2.30918786315e-07, 1.40857181918e-07, 4.24313952863e-07, 3.80637089847e-07, 3.10007180815e-07, 2.4110039476e-07, 1.6827334548e-07, 3.10988497176e-07, 2.66599641918e-07, 2.55839495367e-07, 1.39567106316e-07, 9.33695218919e-08, 1.4289410899e-07, 1.37221817909e-07, 8.20797296797e-08, 4.28697966015e-08, 4.39889333848e-08, 9.94080551209e-08, 5.69620901558e-08, 1.19503482665e-07, 7.24846742628e-08, 8.91682034876e-08, 6.98776148056e-08, 8.26676114229e-08, 5.30561479195e-08, 5.5938329524e-08, 4.96886158885e-08, 2.92402759783e-08, 1.05934301331e-08, 3.30837472973e-08, 6.80361589289e-09, 8.19623258153e-10, 2.30169683313e-09, 8.35553182199e-10, 4.69265903913e-10, 4.22792134636e-10, 8.53279322199e-11, 1.55967960769e-10, 2.24153376416e-10, 3.03458341788e-10, 2.12057621463e-10, 1.63693628097e-10, 1.39639355634e-10, 1.2156030349e-10, 1.09467010109e-11, 3.68158108166e-12, 4.51769004151e-12, 2.48967708429e-12, 1.66261904418e-12, 1.68226890751e-12, 1.37815063181e-12, 1.62160324231e-12, 1.3281878852e-12, 9.19425668412e-13, 7.44732780219e-13, 1.36822725458e-12, 5.14754742737e-13, 4.94834750432e-13, 7.28140367012e-13, 5.86016641029e-13, 9.0753186216e-13, 7.27444580267e-13, 6.32221380283e-13, 6.78046215095e-13, 7.50097683619e-13, 6.17585193055e-13, 7.89463492409e-13, 6.66974396719e-13, 6.56318586718e-13, 6.21661088492e-13, 6.92208714393e-13, 7.60415547803e-13, 8.31996201534e-13, 8.08610448565e-13, 5.34434692681e-13, 7.79919206474e-13, 7.35102517052e-13, 6.75765975296e-13, 8.58068715907e-13, 8.19060910675e-13, 6.93719821171e-13, 7.63097538718e-13, 6.93207589855e-13, 6.11924139832e-13, 8.10827858848e-13, 8.13694164131e-13, 8.65946691523e-13, 5.33842880925e-13, 2.39701948611e-13, 3.30189705872e-14, 6.84485736489e-16],
        "stdev": [0.00136812427081, 0.00354792596772, 0.00515298964456, 0.00451807118952, 0.00302068539895, 0.00214531621896, 0.00200712843798, 0.00174452818464, 0.00165220396593, 0.00169926264789, 0.00143874471541, 0.00120784691535, 0.00119452015497, 0.000999630312435, 0.00135153182782, 0.00121244322509, 0.00111012719572, 0.00116930238437, 0.000598918821197, 0.000457279937109, 0.000323634943925, 0.000509299978148, 0.000774297106545, 0.000401931727538, 0.000639824895188, 0.000839051033836, 0.000864915782586, 0.000845225062221, 0.000679995981045, 0.000782660150435, 0.000472218118375, 0.000319061160553, 0.0003144031798, 0.000334739073878, 0.000204733500141, 0.00025109978742, 0.000181940078619, 0.000153114800924, 0.000239410175709, 0.000306570873363, 0.000299722101772, 8.50762444315e-05, 6.41335791443e-05, 6.28368652542e-05, 5.17907246831e-05, 7.23363482393e-05, 5.33929087396e-05, 0.000148327075294, 0.000120315926324, 6.14952368778e-05, 5.61476808798e-05, 6.22057632427e-05, 6.23010564595e-05, 7.68083700677e-05, 5.20159956068e-05, 3.7107951357e-05, 3.5887787817e-05, 4.260159767e-05, 4.23529527325e-05, 3.59254918294e-05, 3.59160367225e-05, 3.23813364957e-05, 4.94312989758e-05, 3.64658335457e-05, 1.88593839994e-05, 8.79666549736e-06, 7.69672351453e-06, 8.2023525465e-06, 1.31130973386e-05, 1.33531902975e-05, 1.57741251314e-05, 2.17035740206e-05, 3.16260229738e-05, 3.29174763465e-05, 1.84903510672e-05, 1.00146762634e-05, 5.62836157769e-06, 3.51374524143e-06, 3.50163554685e-06, 4.22315542892e-06, 3.85073917641e-06, 3.14788576361e-06, 3.52192478204e-06, 3.63106551049e-06, 3.43358988175e-06, 4.7215903578e-06, 4.31282296631e-06, 3.91700996261e-06, 4.73577165394e-06, 2.62129537987e-06, 2.67155201072e-06, 2.16637363337e-06, 1.89205150036e-06, 1.57778663379e-06, 1.41597593029e-06, 1.30935109155e-06, 9.51481865741e-07, 6.3468519329e-07, 4.45977036634e-07, 2.0827535252e-07, 6.86327936705e-08, 1.85390973684e-08, 1.48577772308e-09, 2.70227090704e-10, 2.68513405954e-10, 2.78596895553e-10, 4.20207840746e-10, 2.36932501396e-10, 1.59014912349e-10, 1.52350548843e-10, 1.45786743788e-10, 1.40957662209e-10, 1.35726388462e-10, 1.31726227148e-10, 1.2736744992e-10, 1.23073315428e-10, 1.19949924993e-10, 1.17135690036e-10, 1.13457750139e-10, 1.10839677714e-10, 1.07906385216e-10, 1.05790175231e-10, 1.03415734309e-10, 1.02630175192e-10, 1.01039267231e-10, 9.98301996624e-11, 9.90064627504e-11, 9.85306072843e-11]
    },
    "mfcc": {
        "mean": [-660.790100098, 158.804153442, -26.6539916992, 38.6558914185, -25.0566082001, 22.7505149841, -15.6763486862, 16.0356788635, -13.2318534851, 10.9290008545, -13.3315200806, 6.16190433502, -9.69753646851],
        "cov": [[5329.28320312, -2167.84936523, 1091.48059082, 295.744293213, 180.185195923, 498.477355957, -253.255126953, 577.552062988, -427.573913574, 717.407958984, -501.530670166, 635.36328125, -131.741256714], [-2167.84936523, 1932.76623535, -748.427307129, 49.5192565918, -125.275299072, -155.078598022, 201.627365112, -238.880401611, 218.016983032, -358.063476562, 244.213058472, -349.825164795, 48.8236885071], [1091.48059082, -748.427307129, 770.280822754, 52.0542259216, 243.210845947, 193.571380615, -23.746963501, 181.170776367, -71.3882369995, 195.245178223, -95.1810302734, 190.312606812, -24.6133155823], [295.744293213, 49.5192565918, 52.0542259216, 330.486480713, 52.229259491, 137.104064941, -19.5090847015, 115.103752136, 11.9799442291, 96.3460388184, -17.9855880737, 78.9851531982, 21.2828464508], [180.185195923, -125.275299072, 243.210845947, 52.229259491, 259.156158447, 58.2349662781, 59.965763092, 41.8911018372, 61.9042358398, 46.8190460205, -8.04838275909, 45.4105606079, -12.187289238], [498.477355957, -155.078598022, 193.571380615, 137.104064941, 58.2349662781, 320.180328369, 24.9543857574, 149.445205688, -32.0734558105, 142.821746826, -18.9086723328, 68.5627822876, -3.28616571426], [-253.255126953, 201.627365112, -23.746963501, -19.5090847015, 59.965763092, 24.9543857574, 205.810562134, -11.9121780396, 69.845703125, -14.2056932449, 51.9566688538, -34.6809120178, -7.91937732697], [577.552062988, -238.880401611, 181.170776367, 115.103752136, 41.8911018372, 149.445205688, -11.9121780396, 217.383880615, -22.8025779724, 167.576049805, -38.9108848572, 119.794052124, 4.40265607834], [-427.573913574, 218.016983032, -71.3882369995, 11.9799442291, 61.9042358398, -32.0734558105, 69.845703125, -22.8025779724, 159.811584473, -27.8337306976, 78.8174972534, -37.914516449, 18.7396144867], [717.407958984, -358.063476562, 195.245178223, 96.3460388184, 46.8190460205, 142.821746826, -14.2056932449, 167.576049805, -27.8337306976, 242.403701782, -51.7862663269, 153.938598633, -6.05694389343], [-501.530670166, 244.213058472, -95.1810302734, -17.9855880737, -8.04838275909, -18.9086723328, 51.9566688538, -38.9108848572, 78.8174972534, -51.7862663269, 140.513076782, -47.0376243591, 47.3362388611], [635.36328125, -349.825164795, 190.312606812, 78.9851531982, 45.4105606079, 68.5627822876, -34.6809120178, 119.794052124, -37.914516449, 153.938598633, -47.0376243591, 194.646011353, 14.5727863312], [-131.741256714, 48.8236885071, -24.6133155823, 21.2828464508, -12.187289238, -3.28616571426, -7.91937732697, 4.40265607834, 18.7396144867, -6.05694389343, 47.3362388611, 14.5727863312, 95.8823852539]],
        "icov": [[0.000618639984168, 0.000262421206571, -9.71845292952e-05, -0.000157325659529, -2.12017421291e-05, -0.000177369816811, -2.35528495978e-05, -0.000214660627535, 0.000567248906009, -0.00045206892537, 0.000838202831801, -0.000542017631233, 0.000254632701399], [0.000262421206571, 0.00158110458869, 0.000802698894404, -0.000981079530902, 1.49115585373e-05, -0.000102711230284, -0.000850095471833, -0.000350951042492, -0.000113880028948, 0.000912741408683, -0.000577337690629, 0.00079947791528, 0.000166991536389], [-9.71845292952e-05, 0.000802698894404, 0.00372272753157, 0.000547802716028, -0.00309335673228, -0.000946518965065, 0.00016689178301, -0.001055581728, 0.00124242436141, 0.000703075958882, -0.000570896896534, -0.000830124714412, 0.00013800454326], [-0.000157325659529, -0.000981079530902, 0.000547802716028, 0.00524794124067, -0.0011640295852, -0.00176132109482, 0.00146363279782, -0.00120868626982, -0.000850519456435, -6.75434421282e-05, 0.00117375666741, -0.00177793239709, -0.000920071091969], [-2.12017421291e-05, 1.49115585373e-05, -0.00309335673228, -0.0011640295852, 0.00834798067808, -5.59051295568e-05, -0.00173095974606, 0.00108581606764, -0.00449641002342, 0.000683384598233, 0.00153129082173, -0.000396911724238, 0.000520227244124], [-0.000177369816811, -0.000102711230284, -0.000946518965065, -0.00176132109482, -5.59051295568e-05, 0.0063334107399, -0.00120658101514, -0.0021084479522, 0.00195412081666, -0.00237986748107, -0.00167414662428, 0.00275461724959, 3.92840083805e-05], [-2.35528495978e-05, -0.000850095471833, 0.00016689178301, 0.00146363279782, -0.00173095974606, -0.00120658101514, 0.00721721816808, 6.21976214461e-05, -0.00138339505065, -0.000722473545466, -0.00122786569409, -0.000224857765716, 0.00131544878241], [-0.000214660627535, -0.000350951042492, -0.001055581728, -0.00120868626982, 0.00108581606764, -0.0021084479522, 6.21976214461e-05, 0.0122998980805, -0.00103516236413, -0.00513153197244, 0.000636511307675, -0.00140388333239, -0.000835519982502], [0.000567248906009, -0.000113880028948, 0.00124242436141, -0.000850519456435, -0.00449641002342, 0.00195412081666, -0.00138339505065, -0.00103516236413, 0.0133797386661, -0.00235420814715, -0.00491537712514, 0.00108523177914, 0.000271857017651], [-0.00045206892537, 0.000912741408683, 0.000703075958882, -6.75434421282e-05, 0.000683384598233, -0.00237986748107, -0.000722473545466, -0.00513153197244, -0.00235420814715, 0.0146021759138, 1.02501790025e-05, -0.00595790660009, 0.00157381792087], [0.000838202831801, -0.000577337690629, -0.000570896896534, 0.00117375666741, 0.00153129082173, -0.00167414662428, -0.00122786569409, 0.000636511307675, -0.00491537712514, 1.02501790025e-05, 0.015765670687, -0.000802131311502, -0.00565493153408], [-0.000542017631233, 0.00079947791528, -0.000830124714412, -0.00177793239709, -0.000396911724238, 0.00275461724959, -0.000224857765716, -0.00140388333239, 0.00108523177914, -0.00595790660009, -0.000802131311502, 0.0148011893034, -0.00332246115431], [0.000254632701399, 0.000166991536389, 0.00013800454326, -0.000920071091969, 0.000520227244124, 3.92840083805e-05, 0.00131544878241, -0.000835519982502, 0.000271857017651, 0.00157381792087, -0.00565493153408, -0.00332246115431, 0.0144914519042]]
    },
    "spectral_contrast_coeffs": {
        "max": [-0.410130977631, -0.462647467852, -0.502432107925, -0.599222004414, -0.578085303307, -0.392275154591],
        "mean": [-0.705978214741, -0.754407584667, -0.764796197414, -0.814254581928, -0.809241890907, -0.632582187653],
        "min": [-0.931282579899, -0.911447525024, -0.912767529488, -0.916090250015, -0.888744533062, -0.916916370392],
        "stdev": [0.0797223374248, 0.0794684663415, 0.0657369345427, 0.0473989583552, 0.0406862050295, 0.0607151053846]
    },
    "spectral_contrast_valleys": {
        "max": [-4.58499383926, -4.69290018082, -5.07656240463, -6.03202676773, -5.53924369812, -9.10686206818],
        "mean": [-6.63800811768, -6.47814702988, -6.99251031876, -7.35596370697, -7.54502773285, -12.2054824829],
        "min": [-11.4209003448, -8.090965271, -8.76578044891, -8.56365680695, -10.9708948135, -15.997136116],
        "stdev": [0.928390562534, 0.556798100471, 0.523141503334, 0.503327608109, 0.751554191113, 1.63362705708]
    }
},
"rhythm": {
    "beats_count": 34,
    "beats_loudness": {
        "max": 0.0718040689826,
        "mean": 0.0391075946391,
        "min": 0.00304232281633,
        "stdev": 0.0191081985831
    },
    "bpm": 64.5845108032,
    "bpm_histogram_first_peak_bpm": 65,
    "bpm_histogram_first_peak_weight": 0.151515126228,
    "bpm_histogram_second_peak_bpm": 0,
    "bpm_histogram_second_peak_spread": 0,
    "bpm_histogram_second_peak_weight": 0,
    "danceability": 1.08002793789,
    "onset_rate": 4.15283155441,
    "beats_loudness_band_ratio": {
        "max": [0.960040450096, 0.759301245213, 0.511919379234, 0.485082238913, 0.12041656673, 0.226692155004],
        "mean": [0.346138894558, 0.330270349979, 0.205458909273, 0.129515051842, 0.0457915402949, 0.0285157803446],
        "min": [0.013308855705, 0.00319083267823, 0.0146416826174, 0.0111306328326, 0.00453505245969, 0.000331761286361],
        "stdev": [0.206240102649, 0.188701570034, 0.133199229836, 0.107478223741, 0.0322810336947, 0.0394983142614]
    },
    "beats_position": [0.940408170223, 1.89242625237, 2.8444442749, 3.79646253586, 4.74848079681, 5.70049858093, 6.64090681076, 7.56970500946, 8.498503685, 9.42730140686, 10.3560991287, 11.2732877731, 12.202085495, 13.1192741394, 14.0480718613, 14.9768705368, 15.9056682587, 16.8228569031, 17.7400455475, 18.6688423157, 19.5976409912, 20.5264396667, 21.4436283112, 22.3608150482, 23.2896137238, 24.2068023682, 25.1356010437, 26.0527877808, 26.9815864563, 27.8987751007, 28.8159637451, 29.7447605133, 30.6735591888, 31.6023578644],
