{
"metadata": {
    "version": {
        "essentia": "2.1-beta5",
        "essentia_git_sha": "Undefined",
        "extractor": "music 2.0"
    },
    "audio_properties": {
        "analysis": {
            "equal_loudness": 0,
            "length": 24.7989120483,
            "sample_rate": 44100,
            "start_time": 175.240997314,
            "downmix": "mix"
        },
        "bit_rate": 192000,
        "length": 200.06312561,
        "lossless": 0,
        "number_channels": 2,
        "replay_gain": 2.63170814514,
        "sample_rate": 44100,
        "codec": "mp3",
        "md5_encoded": "4c3f6cea8e194e2f3c0722275537527c"
    },
    "tags": {
        "file_name": "United KingdomUK_Children of the Universe_Molly.mp3",
        "encoding": ["Lavf58.29.100"]
    }
},
"lowlevel": {
    "average_loudness": 0.907405376434,
    "barkbands_crest": {
        "max": 22.1163597107,
        "mean": 10.6307249069,
        "min": 3.10889434814,
        "stdev": 4.00724506378
    },
    "barkbands_flatness_db": {
        "max": 0.325332969427,
        "mean": 0.188182890415,
        "min": 0.094251640141,
        "stdev": 0.0497510507703
    },
    "barkbands_kurtosis": {
        "max": 20.2117347717,
        "mean": 1.59724533558,
        "min": -1.79073417187,
        "stdev": 2.42866134644
    },
    "barkbands_skewness": {
        "max": 4.3169798851,
        "mean": 1.25065052509,
        "min": -0.685705780983,
        "stdev": 0.706927239895
    },
    "barkbands_spread": {
        "max": 86.7640228271,
        "mean": 22.7657661438,
        "min": 4.4181265831,
        "stdev": 12.5056352615
    },
    "dissonance": {
        "max": 0.500000059605,
        "mean": 0.473943114281,
        "min": 0.34904050827,
        "stdev": 0.0242235790938
    },
    "dynamic_complexity": 2.50548171997,
    "erbbands_crest": {
        "max": 28.2524280548,
        "mean": 9.54940509796,
        "min": 2.89045166969,
        "stdev": 4.38320493698
    },
    "erbbands_flatness_db": {
        "max": 0.409076839685,
        "mean": 0.236177906394,
        "min": 0.130573928356,
        "stdev": 0.0694944113493
    },
    "erbbands_kurtosis": {
        "max": 20.2212715149,
        "mean": 0.40065446496,
        "min": -1.7127674818,
        "stdev": 1.89470124245
    },
    "erbbands_skewness": {
        "max": 4.06585359573,
        "mean": 0.651642739773,
        "min": -1.73693561554,
        "stdev": 0.72180891037
    },
    "erbbands_spread": {
        "max": 88.7659378052,
        "mean": 33.4785385132,
        "min": 7.17366123199,
        "stdev": 16.0734100342
    },
    "hfc": {
        "max": 102.715301514,
        "mean": 25.3532276154,
        "min": 0.526446640491,
        "stdev": 16.5483570099
    },
    "loudness_ebu128": {
        "integrated": -25.3549041748,
        "loudness_range": 4.26677894592,
        "momentary": {
            "max": -22.5198726654,
            "mean": -26.0072727203,
            "min": -37.0493011475,
            "stdev": 2.65150237083
        },
        "short_term": {
            "max": -23.5882663727,
            "mean": -25.5475788116,
            "min": -29.6840953827,
            "stdev": 1.5316195488
        }
    },
    "melbands_crest": {
        "max": 32.2244224548,
        "mean": 14.7112865448,
        "min": 4.48032474518,
        "stdev": 5.57887172699
    },
    "melbands_flatness_db": {
        "max": 0.308223575354,
        "mean": 0.186759516597,
        "min": 0.086513005197,
        "stdev": 0.0436289571226
    },
    "melbands_kurtosis": {
        "max": 69.9574737549,
        "mean": 7.60534572601,
        "min": -0.886457920074,
        "stdev": 7.24160242081
    },
    "melbands_skewness": {
        "max": 7.08879613876,
        "mean": 2.19244003296,
        "min": -0.476129621267,
        "stdev": 1.08085083961
    },
    "melbands_spread": {
        "max": 130.139556885,
        "mean": 25.0592346191,
        "min": 5.06843090057,
        "stdev": 13.0430574417
    },
    "pitch_salience": {
        "max": 0.846607267857,
        "mean": 0.578273355961,
        "min": 0.220492526889,
        "stdev": 0.138531833887
    },
    "silence_rate_20dB": {
        "max": 1,
        "mean": 1,
        "min": 1,
        "stdev": 0
    },
    "silence_rate_30dB": {
        "max": 1,
        "mean": 0.998129069805,
        "min": 0,
        "stdev": 0.0432132519782
    },
    "silence_rate_60dB": {
        "max": 1,
        "mean": 0.0318054258823,
        "min": 0,
        "stdev": 0.17548109591
    },
    "spectral_centroid": {
        "max": 3881.84643555,
        "mean": 1718.38049316,
        "min": 697.153686523,
        "stdev": 409.731842041
    },
    "spectral_complexity": {
        "max": 53,
        "mean": 23.2572498322,
        "min": 2,
        "stdev": 8.26820659637
    },
    "spectral_decrease": {
        "max": -1.19654425257e-10,
        "mean": -7.21826998173e-09,
        "min": -3.66486361258e-08,
        "stdev": 5.76374015182e-09
    },
    "spectral_energy": {
        "max": 0.143262207508,
        "mean": 0.0295430235565,
        "min": 0.000500128720887,
        "stdev": 0.0229123644531
    },
    "spectral_energyband_high": {
        "max": 0.0118166515604,
        "mean": 0.00128617172595,
        "min": 2.0563180442e-05,
        "stdev": 0.00131417799275
    },
    "spectral_energyband_low": {
        "max": 0.0942618697882,
        "mean": 0.0101557662711,
        "min": 1.44846463712e-08,
        "stdev": 0.0150459473953
    },
    "spectral_energyband_middle_high": {
        "max": 0.067676961422,
        "mean": 0.00909828208387,
        "min": 0.000123689460452,
        "stdev": 0.0098733631894
    },
    "spectral_energyband_middle_low": {
        "max": 0.0826921388507,
        "mean": 0.00962448026985,
        "min": 0.000208298690268,
        "stdev": 0.00869049970061
    },
    "spectral_entropy": {
        "max": 8.62034797668,
        "mean": 7.71450853348,
        "min": 6.77043485641,
        "stdev": 0.22117626667
    },
    "spectral_flux": {
        "max": 0.323175668716,
        "mean": 0.0942776054144,
        "min": 0.0143824769184,
        "stdev": 0.0449196994305
    },
    "spectral_kurtosis": {
        "max": 8.94212341309,
        "mean": 1.58030641079,
        "min": -1.05263197422,
        "stdev": 1.59745025635
    },
    "spectral_rms": {
        "max": 0.0118223521858,
        "mean": 0.00495775183663,
        "min": 0.000698520161677,
        "stdev": 0.00205988646485
    },
    "spectral_rolloff": {
        "max": 6761.42578125,
        "mean": 1711.33483887,
        "min": 86.1328125,
        "stdev": 1039.84484863
    },
    "spectral_skewness": {
        "max": 2.17854118347,
        "mean": 0.881881415844,
        "min": -0.196996614337,
        "stdev": 0.276401281357
    },
    "spectral_spread": {
        "max": 20196946,
        "mean": 3661775,
        "min": 2252949.75,
        "stdev": 942057.75
    },
    "spectral_strongpeak": {
        "max": 7.54120445251,
        "mean": 1.21816956997,
        "min": 0,
        "stdev": 1.41350340843
    },
    "zerocrossingrate": {
        "max": 0.18505859375,
        "mean": 0.0670265331864,
        "min": 0.01611328125,
        "stdev": 0.0193933006376
    },
    "barkbands": {
        "max": [0.00954965967685, 0.087185792625, 0.0437871441245, 0.0210861489177, 0.0197153594345, 0.0340375825763, 0.070917584002, 0.0490658096969, 0.0500356778502, 0.0541356950998, 0.0530816763639, 0.033995769918, 0.0176779404283, 0.0135069750249, 0.0106591889635, 0.0155346747488, 0.00801515672356, 0.00672529591247, 0.00605379464105, 0.00282991607673, 0.00466509256512, 0.0047999760136, 0.00450156722218, 0.00152648927178, 5.40506152902e-05, 4.09425683756e-06, 4.24457448389e-06],
        "mean": [0.000816278683487, 0.00768386106938, 0.00139903998934, 0.000609360984527, 0.00126049329992, 0.000936130236369, 0.00205583847128, 0.00126323010772, 0.00270327087492, 0.00342024746351, 0.00106316618621, 0.00141080864705, 0.00064876320539, 0.000836714403704, 0.000528992735781, 0.000386191735743, 0.000353296956746, 0.000374304538127, 0.000344984931871, 0.000395595707232, 0.000441703858087, 0.000259878666839, 0.000254335202044, 9.55981740844e-05, 9.07527237359e-07, 5.63222313232e-09, 6.0102460786e-09],
        "min": [3.68839070397e-10, 4.53429405134e-10, 1.25785548644e-10, 5.8238786016e-10, 1.1006608247e-07, 5.94422431277e-07, 3.31948808707e-06, 1.29760683194e-05, 2.14279207285e-05, 3.03480624098e-06, 1.84217458354e-06, 5.85627458349e-06, 3.06853644361e-06, 1.55350335262e-06, 3.32124318447e-06, 2.05957280741e-06, 4.22064977101e-06, 3.23135054714e-06, 4.34585126641e-06, 6.62590173306e-06, 5.05061871081e-06, 5.976392913e-06, 2.33037962971e-06, 1.21491927629e-09, 1.54302376432e-10, 2.14870579662e-10, 3.49263423738e-10],
        "stdev": [0.00143089448102, 0.0128491744399, 0.00338362297043, 0.00132170750294, 0.00197823299095, 0.00207898044027, 0.00562272127718, 0.00295141176321, 0.00357663817704, 0.00730396434665, 0.00360899744555, 0.00303143821657, 0.0011655180715, 0.00128693843726, 0.000862566172145, 0.000836817896925, 0.000691501016263, 0.000462621072074, 0.000470232072985, 0.000418077950599, 0.000543711474165, 0.000383479084121, 0.000407811021432, 0.00014006641868, 2.6005404834e-06, 1.26693905145e-07, 1.31581131768e-07]
    },
    "erbbands": {
        "max": [3.43234586716, 15.9581813812, 47.9015731812, 53.0398902893, 62.265537262, 83.5459136963, 133.001373291, 382.156982422, 1093.59741211, 1004.16046143, 567.40637207, 872.499816895, 1352.63171387, 2016.61315918, 2255.56518555, 1158.75830078, 830.581420898, 413.332122803, 631.279846191, 533.556091309, 1029.77209473, 329.537994385, 342.853149414, 235.867034912, 343.395019531, 187.358596802, 243.1875, 186.939727783, 150.654251099, 207.248321533, 109.437171936, 48.5865058899, 14.3278799057, 1.34373450279, 0.0361543856561, 0.0163709502667, 0.00757733685896, 0.00266095111147, 0.000602845510002, 0.000160802213941],
        "mean": [0.312129348516, 1.33704829216, 1.89598083496, 1.84823524952, 2.89116406441, 4.28135538101, 5.6814866066, 9.2313709259, 22.433631897, 30.4323043823, 32.7778358459, 56.7929344177, 98.0343704224, 84.2687759399, 49.6241874695, 45.2399787903, 29.4804019928, 30.7533874512, 44.5222015381, 22.6048374176, 23.3629989624, 20.3705310822, 21.2525539398, 18.0719871521, 15.8299045563, 18.5451469421, 20.8509349823, 14.3971576691, 9.36721992493, 8.81106090546, 6.88954639435, 3.4418964386, 0.838999867439, 0.0546957589686, 0.00197909446433, 0.000225578958634, 5.84203116887e-05, 1.77409310709e-05, 2.01678776648e-05, 3.66002932424e-05],
        "min": [1.42047014151e-07, 4.77439755286e-07, 9.49098136971e-07, 4.37540757048e-06, 3.17515768984e-05, 0.000470905244583, 0.00282756006345, 0.00552425673231, 0.0482549369335, 0.184170290828, 0.704386770725, 0.685750067234, 0.407971441746, 0.248073458672, 0.235951960087, 0.319636583328, 0.188306227326, 0.190483435988, 0.296965241432, 0.179324328899, 0.162356704473, 0.250013977289, 0.26770016551, 0.252931654453, 0.30697157979, 0.260335683823, 0.136360272765, 0.180705577135, 0.213000059128, 0.12551625073, 0.0554047748446, 0.0101806661114, 0.000680755067151, 3.98324555135e-05, 6.9360071393e-06, 2.87358670903e-06, 1.15013085633e-06, 4.60044674355e-07, 4.15886887595e-07, 6.52084281683e-07],
        "stdev": [0.555898010731, 2.32883095741, 3.96499538422, 3.95384955406, 4.90984344482, 7.22421073914, 12.2040452957, 21.2495689392, 61.1543312073, 79.0279006958, 52.6889190674, 73.5046234131, 148.833023071, 195.737075806, 126.555374146, 83.5275344849, 50.9296760559, 34.8721847534, 65.623374939, 34.7345619202, 52.9057846069, 28.0522041321, 26.2903804779, 20.7030830383, 20.5949687958, 20.2007255554, 25.7186985016, 18.6637229919, 12.9435606003, 15.7162284851, 10.4283046722, 4.91047096252, 1.26548111439, 0.0901936888695, 0.00298509653658, 0.000557622988708, 0.000238190492382, 8.31642610137e-05, 2.26961346925e-05, 2.69302672677e-05]
    },
    "gfcc": {
        "mean": [-32.4281921387, 104.424789429, -203.016769409, 42.2026329041, -90.8803100586, 11.6770944595, -8.84827899933, -12.6797494888, 10.5423107147, -24.1843528748, 4.10552787781, -17.3960533142, -0.813348770142],
        "cov": [[4878.11181641, 1611.0279541, 3042.66455078, 2246.54418945, 824.512939453, 1038.79980469, -210.91267395, 316.290313721, -76.740234375, 417.23348999, 612.256469727, 133.692443848, 433.61706543], [1611.0279541, 1108.87438965, 1487.36413574, 1107.41491699, 514.615539551, 408.221374512, -36.4933586121, 87.4212799072, -21.8309803009, 152.797515869, 252.229553223, 42.6556243896, 153.35597229], [3042.66455078, 1487.36413574, 2821.91870117, 2005.47375488, 646.455749512, 836.661560059, -220.625808716, 224.408004761, -81.3226394653, 303.149139404, 441.894927979, 79.788444519, 284.422210693], [2246.54418945, 1107.41491699, 2005.47375488, 1551.7512207, 562.061401367, 603.056945801, -128.805480957, 170.597122192, -20.6868419647, 251.029464722, 331.912506104, 71.0780792236, 211.252059937], [824.512939453, 514.615539551, 646.455749512, 562.061401367, 407.938232422, 276.098297119, 77.4891281128, 85.7315292358, 51.1085357666, 127.127632141, 153.253219604, 39.6372947693, 76.6158752441], [1038.79980469, 408.221374512, 836.661560059, 603.056945801, 276.098297119, 435.929412842, 54.8439712524, 105.39100647, -26.2048969269, 110.658187866, 169.64364624, 30.9419212341, 91.5451126099], [-210.91267395, -36.4933586121, -220.625808716, -128.805480957, 77.4891281128, 54.8439712524, 251.01109314, 39.5049362183, 54.9430847168, 16.763967514, 4.38076448441, 20.3027114868, -16.3248729706], [316.290313721, 87.4212799072, 224.408004761, 170.597122192, 85.7315292358, 105.39100647, 39.5049362183, 124.612464905, 67.8011016846, 82.3175582886, 80.4549942017, 16.9193096161, 33.5625915527], [-76.740234375, -21.8309803009, -81.3226394653, -20.6868419647, 51.1085357666, -26.2048969269, 54.9430847168, 67.8011016846, 142.925949097, 80.1847763062, 31.2877979279, 26.9369735718, -11.6664972305], [417.23348999, 152.797515869, 303.149139404, 251.029464722, 127.127632141, 110.658187866, 16.763967514, 82.3175582886, 80.1847763062, 162.611663818, 134.783370972, 34.9450187683, 39.4434547424], [612.256469727, 252.229553223, 441.894927979, 331.912506104, 153.253219604, 169.64364624, 4.38076448441, 80.4549942017, 31.2877979279, 134.783370972, 181.916290283, 54.4636688232, 67.0221328735], [133.692443848, 42.6556243896, 79.788444519, 71.0780792236, 39.6372947693, 30.9419212341, 20.3027114868, 16.9193096161, 26.9369735718, 34.9450187683, 54.4636688232, 80.4657058716, 44.3692588806], [433.61706543, 153.35597229, 284.422210693, 211.252059937, 76.6158752441, 91.5451126099, -16.3248729706, 33.5625915527, -11.6664972305, 39.4434547424, 67.0221328735, 44.3692588806, 104.554603577]],
        "icov": [[0.000869499635883, -0.000125559367007, -3.81552745239e-05, -0.000437212060206, -4.1927662096e-05, -0.000703521131072, 0.000530118122697, -0.00034787459299, 0.000207759439945, -5.54436846869e-05, -0.000666979583912, 0.000393104273826, -0.00128873472568], [-0.000125559367007, 0.0116318361834, -0.00867743603885, 0.00236910232343, -0.00949994195253, 0.008983544074, -0.0052892989479, 0.00689682178199, -0.00337121193297, 0.00882504880428, -0.00936119630933, 0.00646046968177, -0.00211204518564], [-3.81552745239e-05, -0.00867743603885, 0.0132429990917, -0.00979269854724, 0.00966451130807, -0.00953214429319, 0.00536067411304, -0.00576628791168, 0.00274301017635, -0.00487861922011, 0.00485219247639, -0.00383271672763, 0.00126151996665], [-0.000437212060206, 0.00236910232343, -0.00979269854724, 0.0137570183724, -0.00802693702281, 0.00333830853924, 9.73625210463e-05, 0.000976280367468, 0.000583126209676, -0.00234590587206, 0.00207805726677, -0.0010655359365, -8.73030803632e-05], [-4.1927662096e-05, -0.00949994195253, 0.00966451130807, -0.00802693702281, 0.0173714458942, -0.00955226551741, 0.000921565573663, -0.00160611374304, -0.00281270500273, -0.004043974448, 0.00343352206983, -0.00186443701386, 0.000131401990075], [-0.000703521131072, 0.008983544074, -0.00953214429319, 0.00333830853924, -0.00955226551741, 0.0172284971923, -0.00821513310075, 0.00189374270849, 0.00239777727984, 0.00602874998003, -0.00797468330711, 0.00457948120311, 0.000112660556624], [0.000530118122697, -0.0052892989479, 0.00536067411304, 9.73625210463e-05, 0.000921565573663, -0.00821513310075, 0.0112768430263, -0.00607254961506, 0.00189115689136, -0.00485659949481, 0.00607541250065, -0.00589140225202, 0.00165655999444], [-0.00034787459299, 0.00689682178199, -0.00576628791168, 0.000976280367468, -0.00160611374304, 0.00189374270849, -0.00607254961506, 0.0260152500123, -0.0161922909319, 0.00856058020145, -0.0125485258177, 0.0118196802214, -0.00674819527194], [0.000207759439945, -0.00337121193297, 0.00274301017635, 0.000583126209676, -0.00281270500273, 0.00239777727984, 0.00189115689136, -0.0161922909319, 0.0271174237132, -0.0185584481806, 0.0136118205264, -0.0128541076556, 0.00765416026115], [-5.54436846869e-05, 0.00882504880428, -0.00487861922011, -0.00234590587206, -0.004043974448, 0.00602874998003, -0.00485659949481, 0.00856058020145, -0.0185584481806, 0.0366230420768, -0.0282108131796, 0.0129283359274, -0.00381388515234], [-0.000666979583912, -0.00936119630933, 0.00485219247639, 0.00207805726677, 0.00343352206983, -0.00797468330711, 0.00607541250065, -0.0125485258177, 0.0136118205264, -0.0282108131796, 0.0374773442745, -0.0181935839355, 0.00439985003322], [0.000393104273826, 0.00646046968177, -0.00383271672763, -0.0010655359365, -0.00186443701386, 0.00457948120311, -0.00589140225202, 0.0118196802214, -0.0128541076556, 0.0129283359274, -0.0181935839355, 0.0294349342585, -0.0130247278139], [-0.00128873472568, -0.00211204518564, 0.00126151996665, -8.73030803632e-05, 0.000131401990075, 0.000112660556624, 0.00165655999444, -0.00674819527194, 0.00765416026115, -0.00381388515234, 0.00439985003322, -0.0130247278139, 0.0219812411815]]
    },
    "melbands": {
        "max": [0.0269693508744, 0.0183887761086, 0.00831203069538, 0.0041248742491, 0.00457036215812, 0.00770393712446, 0.0162963476032, 0.0122067034245, 0.00376902101561, 0.00583597458899, 0.00658721243963, 0.00858391262591, 0.00821716990322, 0.00463608978316, 0.00182714371476, 0.00143611151725, 0.00094802188687, 0.00123949209228, 0.00104789156467, 0.000742528180126, 0.00126957416069, 0.000511365535203, 0.000557945983019, 0.000246426730882, 0.000215848107473, 0.000419992546085, 0.000130935688503, 0.000174737870111, 0.000161860909429, 0.000110932560347, 0.000151843240019, 0.00011587231711, 0.000108949861897, 0.000120691103803, 7.50512481318e-05, 5.04416275362e-05, 2.65318849415e-05, 1.35201380544e-05, 3.31365663442e-06, 3.17818120266e-07],
        "mean": [0.0024100120645, 0.00121067359578, 0.000347490102286, 0.000262042653048, 0.000200737267733, 0.000201803151867, 0.000377189513529, 0.000325749861076, 0.000271583267022, 0.000384777697036, 0.000514267885592, 0.000375662028091, 0.000152865250129, 0.000176171044586, 7.64098149375e-05, 6.00117491558e-05, 5.72103817831e-05, 8.26585237519e-05, 3.69117769878e-05, 2.46166819124e-05, 2.7620642868e-05, 2.16424723476e-05, 1.88193953363e-05, 1.75035493157e-05, 1.43112729347e-05, 1.33400108098e-05, 1.05952049125e-05, 1.25069400383e-05, 1.48303161041e-05, 9.29748512135e-06, 7.64304513723e-06, 5.25082077729e-06, 4.88457499159e-06, 4.8992842494e-06, 4.16665398006e-06, 3.13212217407e-06, 1.6781850718e-06, 7.00499754203e-07, 1.33825054149e-07, 4.15341006033e-09],
        "min": [2.57968479911e-10, 1.44786738154e-10, 3.91171456338e-10, 1.09599449516e-08, 4.67242138313e-08, 9.07929376126e-08, 6.69097573791e-07, 2.27307486966e-06, 2.93305970445e-06, 2.78893026007e-06, 2.04849948204e-06, 1.05215531221e-06, 5.17621970175e-07, 4.96223833579e-07, 1.07384366288e-07, 3.094888541e-07, 3.82792308073e-07, 3.49273108213e-07, 1.80984656595e-07, 1.46941658841e-07, 1.75494477617e-07, 2.27999564117e-07, 3.15532332706e-07, 1.68766661091e-07, 1.54458689394e-07, 1.98411512997e-07, 2.76350164086e-07, 1.55367885668e-07, 8.5423508267e-08, 8.96546552553e-08, 7.04471503354e-08, 1.28288164092e-07, 9.66652322631e-08, 5.29945616279e-08, 3.41495898226e-08, 1.20109646673e-08, 1.79238447001e-11, 3.15454780353e-12, 1.42383826084e-12, 1.10140152207e-12],
        "stdev": [0.00409805728123, 0.00208642752841, 0.000652320450172, 0.000418986164732, 0.000407051877119, 0.000446684513008, 0.00101684289984, 0.000791596306954, 0.000395925104385, 0.000519375607837, 0.000819451757707, 0.000909740279894, 0.000476805929793, 0.000413112516981, 0.000138972958666, 0.000101152290881, 7.61005576351e-05, 0.00013539637439, 6.59967117826e-05, 4.58023459942e-05, 6.80210796418e-05, 4.02566438424e-05, 2.71691587841e-05, 2.04852967727e-05, 1.80525075848e-05, 2.42724618147e-05, 1.06555089587e-05, 1.55397538038e-05, 1.99089154194e-05, 1.20604381664e-05, 1.11264553198e-05, 7.6920941865e-06, 7.95894175099e-06, 9.50261437538e-06, 6.60117802909e-06, 4.4777475523e-06, 2.52717177318e-06, 1.11347287657e-06, 2.45978668545e-07, 1.76304268962e-08]
    },
    "melbands128": {
        "max": [0.00864456221461, 0.0319581776857, 0.0392673499882, 0.0237146578729, 0.0265217535198, 0.018264785409, 0.0127560198307, 0.0101797115058, 0.00625158846378, 0.0051026516594, 0.00559599790722, 0.0071845119819, 0.00597663596272, 0.00907051097602, 0.0136379720643, 0.00400803145021, 0.0138824377209, 0.0258079729974, 0.0159377772361, 0.0139439366758, 0.0188925843686, 0.0101246964186, 0.00573170511052, 0.00468943407759, 0.00613272422925, 0.00867326278239, 0.0181500390172, 0.0109054995701, 0.0182273034006, 0.0165416505188, 0.0107508227229, 0.0101563893259, 0.0129842441529, 0.00821456033736, 0.0115378368646, 0.00813073664904, 0.00213759276085, 0.00299858930521, 0.00497562624514, 0.00312184169888, 0.00192731653806, 0.000938692130148, 0.00113318080548, 0.00197034399025, 0.00328803388402, 0.00267217634246, 0.00111453922, 0.0013354762923, 0.00199386128224, 0.000696539063938, 0.00111037259921, 0.00230251299217, 0.0029337585438, 0.00170168990735, 0.00172383256722, 0.00063024967676, 0.000241042987909, 0.000355953001417, 0.00118608598132, 0.000722837052308, 0.000489410129376, 0.0003219700302, 0.000529038254172, 0.000449113722425, 0.000527627125848, 0.000871159310918, 0.000308604881866, 0.000118783493235, 0.000306334462948, 0.000287829810986, 0.000318126025377, 0.000204853917239, 0.000237762971665, 0.000332152994815, 0.000328304013237, 0.00016291096108, 0.000125358055811, 0.000241052563069, 0.000170774685103, 0.000227797281696, 0.000153540138854, 0.000127224062453, 0.000106055907963, 0.000111274253868, 0.00015255434846, 0.000104557126178, 0.000158751558047, 0.000114445843792, 8.62241795403e-05, 5.97468824708e-05, 7.11014145054e-05, 5.31959994987e-05, 4.43981734861e-05, 3.52958377334e-05, 2.85264286504e-05, 1.48751087181e-05, 1.63161421369e-05, 7.24323444956e-06, 5.81399945077e-06, 2.10999223782e-06, 6.69611836202e-07, 1.05313652909e-07, 3.8014299264e-08, 3.61015395356e-08, 3.40615251559e-08, 3.23793827306e-08, 3.04988780897e-08, 2.98976345903e-08, 2.81095129395e-08, 2.66864574883e-08, 2.58967247646e-08, 2.50946623481e-08, 2.39814941239e-08, 2.3293535989e-08, 2.21875087192e-08, 2.1371384662e-08, 2.07414299069e-08, 1.98035507992e-08, 1.92904696661e-08, 1.88046129779e-08, 1.84233268641e-08, 1.78785999339e-08, 1.75281655856e-08, 1.72060818926e-08, 1.69775162817e-08, 1.67670286544e-08, 1.66120326384e-08, 1.65755889014e-08],
        "mean": [0.000735890003853, 0.00281935487874, 0.00293466169387, 0.00200324133039, 0.00116212770808, 0.000598244194407, 0.000367665546946, 0.000286012858851, 0.000288648414426, 0.000281964661554, 0.000227759883273, 0.000221136491746, 0.000194521402591, 0.000169224513229, 0.000205469215871, 0.000202663999517, 0.000255434628343, 0.000418147625169, 0.000545256247278, 0.000288547482342, 0.000258297892287, 0.000310246832669, 0.000231586062, 0.000295780511806, 0.000321760424413, 0.000439936993644, 0.000495927524753, 0.000412445020629, 0.000684968545102, 0.000514014507644, 0.000219895184273, 0.000201853210456, 0.00011431476014, 0.00011712928972, 0.000281115848338, 0.000164081822732, 6.19400379946e-05, 9.24150372157e-05, 6.97943978594e-05, 5.13396298629e-05, 6.83769103489e-05, 5.39258071512e-05, 4.22282209911e-05, 5.04664421896e-05, 0.000123948804685, 8.91661620699e-05, 3.76596217393e-05, 4.27136728831e-05, 3.34565556841e-05, 2.36732030316e-05, 2.17921715375e-05, 2.59021962847e-05, 3.30948168994e-05, 2.34306189668e-05, 2.72715060419e-05, 2.13870571315e-05, 1.83722368092e-05, 1.48359176819e-05, 2.16508797166e-05, 2.19337598537e-05, 1.79760081664e-05, 1.35135833261e-05, 1.19140177048e-05, 1.33917874336e-05, 2.08354631468e-05, 1.3399193449e-05, 9.18559544516e-06, 9.47175885813e-06, 1.10884220703e-05, 1.20604408949e-05, 1.15843668027e-05, 1.29797972477e-05, 1.53693799803e-05, 1.76686880877e-05, 1.08509657366e-05, 8.26395898912e-06, 8.43189536681e-06, 1.1070113942e-05, 6.79829190631e-06, 5.47483978153e-06, 5.70666588828e-06, 4.85913642478e-06, 4.74229727843e-06, 4.99060979564e-06, 4.88076557303e-06, 5.00357054989e-06, 5.09658184455e-06, 4.39205450675e-06, 4.24364498031e-06, 3.92563970308e-06, 3.34546621161e-06, 3.10949258164e-06, 2.38634993366e-06, 1.68300005043e-06, 1.28033832425e-06, 8.80461527686e-07, 6.44362046387e-07, 2.86011783146e-07, 1.48827481894e-07, 3.71089434736e-08, 5.23273646635e-09, 5.82585313325e-10, 5.19526019427e-11, 4.84925329058e-11, 4.59693186294e-11, 4.3842509484e-11, 4.16186148045e-11, 4.05747900556e-11, 3.85011397763e-11, 3.66392367834e-11, 3.55067711344e-11, 3.44034557787e-11, 3.30983365715e-11, 3.2132744382e-11, 3.08620108636e-11, 2.98626678941e-11, 2.90193164637e-11, 2.78137807924e-11, 2.71511216288e-11, 2.66047045505e-11, 2.60607195546e-11, 2.54550321793e-11, 2.49229404475e-11, 2.44397366927e-11, 2.42096828695e-11, 2.39857387424e-11, 2.38124537449e-11, 2.37263247244e-11],
        "min": [1.57930668543e-10, 1.51384627056e-10, 5.3937302541e-11, 6.12539047262e-11, 4.75790830345e-11, 7.76230121846e-11, 7.02591040902e-11, 4.35480512762e-10, 5.95302918072e-10, 2.29597718615e-09, 1.73340852783e-09, 1.7355265669e-08, 1.81480892536e-08, 2.62558774722e-08, 5.57275825486e-08, 2.8915174255e-08, 5.51191838838e-08, 6.55695799878e-08, 5.37096468634e-07, 2.84270697648e-07, 1.00664522051e-06, 3.99524992645e-07, 1.3201135971e-06, 2.30495132314e-07, 4.93951290537e-07, 7.92703588104e-07, 8.71495785759e-07, 6.23349706075e-07, 1.77376531241e-08, 6.63115855559e-08, 3.97368836502e-07, 1.41425040567e-08, 3.38867351957e-08, 5.60752724255e-08, 1.94657943098e-08, 2.88637380663e-07, 3.91456325133e-08, 2.3597429788e-08, 3.77314641753e-08, 2.07623173765e-07, 1.18137251093e-07, 5.34007966735e-08, 2.51028779985e-08, 1.23725243384e-08, 2.55113459247e-08, 2.02898107204e-08, 1.30474205662e-07, 7.89488083797e-08, 4.53056259175e-08, 1.53822163895e-08, 1.74233560912e-09, 1.98656593398e-08, 6.0176155614e-08, 1.09882254407e-08, 2.3616749445e-08, 3.06205159006e-08, 6.83264422818e-09, 3.43085275745e-08, 1.19639594232e-07, 7.77391875317e-08, 1.21931464037e-07, 6.03287091394e-08, 1.57719597382e-08, 1.205182798e-07, 1.87654137562e-07, 3.64779957351e-08, 6.92591868301e-08, 1.71670478721e-07, 1.68063749584e-07, 3.13120480655e-08, 2.73674150009e-09, 7.72869626076e-08, 4.78665285186e-08, 4.5960447892e-08, 1.02549098102e-08, 1.39739411154e-08, 6.01023941726e-08, 6.5574305097e-08, 1.9527876205e-08, 6.47235065543e-09, 8.34754132484e-08, 7.99988271183e-08, 4.0409467772e-08, 4.65148239925e-08, 6.13243216208e-08, 6.60832029098e-08, 3.02896765447e-08, 3.88292242803e-08, 3.36750929364e-08, 2.06453893981e-08, 8.52105852545e-09, 3.86347887016e-09, 2.91876002534e-11, 7.92293227553e-12, 7.34818542819e-12, 2.13837845001e-12, 9.85478192106e-13, 1.13598746295e-12, 1.08339227346e-12, 9.35695314633e-13, 7.72350011637e-13, 7.21703512924e-13, 6.80590403913e-13, 7.26141477676e-13, 6.71453398524e-13, 7.93108580113e-13, 6.67378316239e-13, 8.93336240485e-13, 6.38627768289e-13, 7.43990210151e-13, 7.49113878568e-13, 8.1233630933e-13, 1.09849087292e-12, 9.71076409388e-13, 9.07836035079e-13, 7.67885754982e-13, 9.87313963224e-13, 9.46609002121e-13, 7.44880014874e-13, 9.99948713241e-13, 8.17682618663e-13, 9.34620436599e-13, 1.03122415121e-12, 1.03468806873e-12, 8.54866579001e-13, 1.07078083379e-12, 1.04198615881e-12, 7.90374601704e-13],
        "stdev": [0.00128298695199, 0.00511864060536, 0.00552474800497, 0.00360235222615, 0.002426401712, 0.00150332634803, 0.000887188827619, 0.000603768625297, 0.000539218948688, 0.000561649154406, 0.000446221238235, 0.000524694391061, 0.000484845746541, 0.000520238128956, 0.000656149641145, 0.000397740659537, 0.000707815110218, 0.00148220791016, 0.00185750226956, 0.000975729897618, 0.000908329966478, 0.000781171547715, 0.000446515041403, 0.000478501926409, 0.000554693338927, 0.000726921542082, 0.000981457415037, 0.000831426877994, 0.0018617217429, 0.00166819989681, 0.000761132396292, 0.000817987078335, 0.000692795496434, 0.000426832266385, 0.000816305400804, 0.000486454780912, 0.000138957359013, 0.000212889077375, 0.000231209953199, 0.000151071842993, 0.000146743681398, 6.93244292052e-05, 6.69555302011e-05, 0.000125474092783, 0.000265697337454, 0.0001968510187, 7.47723970562e-05, 0.000101589983387, 9.55264549702e-05, 5.61680499231e-05, 4.88856530865e-05, 9.50165485847e-05, 0.000119316340715, 8.54083773447e-05, 0.00012118487939, 3.61159909517e-05, 2.14708597923e-05, 1.96173878066e-05, 5.392670937e-05, 4.17028604716e-05, 2.78943371086e-05, 2.22033431783e-05, 2.38931643253e-05, 2.44531875069e-05, 3.9925937017e-05, 4.39628893218e-05, 1.88601716218e-05, 1.12000407171e-05, 1.65612127603e-05, 2.01946859306e-05, 2.26661322813e-05, 2.2656568035e-05, 2.70121636277e-05, 3.34010292136e-05, 2.16553926293e-05, 1.59050723596e-05, 1.4208918401e-05, 2.10440211958e-05, 1.32338773255e-05, 1.03281217889e-05, 9.07090452529e-06, 8.04133924248e-06, 7.48410047891e-06, 8.82951917447e-06, 9.52129539655e-06, 1.04048949652e-05, 1.11262761493e-05, 8.28207703307e-06, 7.28906252334e-06, 6.17405748926e-06, 5.42224097444e-06, 4.82164932691e-06, 4.11627206631e-06, 2.77633876067e-06, 2.15412637772e-06, 1.3922845028e-06, 1.2446718074e-06, 5.93779589053e-07, 3.21377513046e-07, 1.02990277639e-07, 3.84128213682e-08, 5.16392084648e-09, 1.17330456462e-09, 1.11481779363e-09, 1.05236719339e-09, 1.0007003004e-09, 9.43223277261e-10, 9.24253340528e-10, 8.69635363721e-10, 8.25615853461e-10, 8.01284871788e-10, 7.76427422355e-10, 7.42425843026e-10, 7.20863813086e-10, 6.87082890583e-10, 6.61927235246e-10, 6.42521758021e-10, 6.13805950511e-10, 5.97951244075e-10, 5.82994041931e-10, 5.7109211804e-10, 5.54291557098e-10, 5.43489364624e-10, 5.33484201259e-10, 5.26483134866e-10, 5.1985948879e-10, 5.15239684251e-10, 5.14188081002e-10]
    },
    "mfcc": {
        "mean": [-635.14263916, 105.491477966, -49.7137718201, 18.9508743286, -45.2528533936, 18.6536521912, -21.898859024, 23.7188930511, -11.9511480331, 21.4941005707, -10.4024734497, 10.3465051651, -13.5199966431],
        "cov": [[3654.94897461, 460.773925781, 2318.37426758, 1136.10900879, 1358.24060059, 567.188232422, 670.574035645, -19.4759807587, 56.7115516663, 77.8719863892, -151.493057251, 453.305297852, 208.017837524], [460.773925781, 439.333679199, 473.754241943, 392.475738525, 328.615234375, 195.428787231, 165.401107788, 26.2539806366, 4.24011468887, 47.7741546631, -27.3504753113, 79.4002456665, 64.2458572388], [2318.37426758, 473.754241943, 2642.91162109, 1172.24316406, 1345.11242676, 519.768798828, 609.666870117, -41.3269119263, 21.2656269073, 23.6650447845, -131.069259644, 390.984436035, 151.042129517], [1136.10900879, 392.475738525, 1172.24316406, 801.34552002, 702.748291016, 326.330596924, 272.761535645, 2.88962244987, 33.597492218, 61.8614807129, -53.4513015747, 233.210250854, 128.622070312], [1358.24060059, 328.615234375, 1345.11242676, 702.748291016, 879.973693848, 319.14956665, 354.658325195, -24.3788146973, 44.4169616699, 39.3261070251, -42.9186096191, 227.540145874, 134.736083984], [567.188232422, 195.428787231, 519.768798828, 326.330596924, 319.14956665, 307.997314453, 225.481399536, 72.386680603, 15.720041275, 64.1898193359, -13.3077201843, 98.529914856, 53.7758636475], [670.574035645, 165.401107788, 609.666870117, 272.761535645, 354.658325195, 225.481399536, 347.329833984, 46.2293968201, 47.0289382935, 42.3549346924, -5.46442747116, 110.695930481, 70.2664794922], [-19.4759807587, 26.2539806366, -41.3269119263, 2.88962244987, -24.3788146973, 72.386680603, 46.2293968201, 119.048362732, 31.0660629272, 40.1799163818, 10.1375551224, 1.85615003109, 5.84804964066], [56.7115516663, 4.24011468887, 21.2656269073, 33.597492218, 44.4169616699, 15.720041275, 47.0289382935, 31.0660629272, 106.297462463, 25.2797756195, 31.2626361847, 18.9440612793, 41.7783508301], [77.8719863892, 47.7741546631, 23.6650447845, 61.8614807129, 39.3261070251, 64.1898193359, 42.3549346924, 40.1799163818, 25.2797756195, 126.317207336, 44.0779266357, 65.3594970703, 26.6488876343], [-151.493057251, -27.3504753113, -131.069259644, -53.4513015747, -42.9186096191, -13.3077201843, -5.46442747116, 10.1375551224, 31.2626361847, 44.0779266357, 118.303451538, 29.3752937317, 45.6738395691], [453.305297852, 79.4002456665, 390.984436035, 233.210250854, 227.540145874, 98.529914856, 110.695930481, 1.85615003109, 18.9440612793, 65.3594970703, 29.3752937317, 201.720245361, 82.0023956299], [208.017837524, 64.2458572388, 151.042129517, 128.622070312, 134.736083984, 53.7758636475, 70.2664794922, 5.84804964066, 41.7783508301, 26.6488876343, 45.6738395691, 82.0023956299, 140.525909424]],
        "icov": [[0.000797897984739, 0.000186780584045, -0.000158124981681, 5.29612370883e-05, -0.000644104729872, -0.000172437910805, -0.000371354370145, 0.000156567402883, -6.20904174866e-05, -0.00014934547653, 0.000923034443986, -0.000617050332949, -0.000175448323716], [0.000186780584045, 0.00501547660679, 0.000838846142869, -0.00329750636593, -0.000600647297688, 0.000104875660327, -0.00153818307444, -0.000448627746664, 0.0016499995254, -0.000895646691788, 0.000285184301902, 0.0015401863493, -0.00044149599853], [-0.000158124981681, 0.000838846142869, 0.00260182516649, -0.00172507565003, -0.0023239494767, 0.000544362235814, -0.00151683250442, -0.00015031429939, 0.000981905497611, 0.000979933538474, 0.000328373978846, -0.000826435512863, 0.00131535087712], [5.29612370883e-05, -0.00329750636593, -0.00172507565003, 0.00868295412511, -0.00210224860348, -0.0034623532556, 0.00352840521373, 0.000842735753395, -0.00220499723218, -0.000324202497723, 0.00223296391778, -0.00280205416493, -0.00149648962542], [-0.000644104729872, -0.000600647297688, -0.0023239494767, -0.00210224860348, 0.00823524966836, -0.000840855995193, -0.000769900216255, 0.002321225591, -0.00142544915434, -9.19832382351e-05, -0.00112272938713, 0.0010560991941, -0.00144584686495], [-0.000172437910805, 0.000104875660327, 0.000544362235814, -0.0034623532556, -0.000840855995193, 0.0113800400868, -0.00458163255826, -0.00534948892891, 0.00356540968642, -0.00194881751668, -0.000683002406731, 0.00146818417124, 0.000430986488936], [-0.000371354370145, -0.00153818307444, -0.00151683250442, 0.00352840521373, -0.000769900216255, -0.00458163255826, 0.00886670965701, -0.000457602640381, -0.00288701429963, 0.000375569681637, -5.37291380169e-05, -0.000919906946365, -0.000927956891246], [0.000156567402883, -0.000448627746664, -0.00015031429939, 0.000842735753395, 0.002321225591, -0.00534948892891, -0.000457602640381, 0.0141639402136, -0.00426376936957, -0.00238643586636, 0.00127647817135, 0.000251991848927, -1.72934705915e-05], [-6.20904174866e-05, 0.0016499995254, 0.000981905497611, -0.00220499723218, -0.00142544915434, 0.00356540968642, -0.00288701429963, -0.00426376936957, 0.0140488008037, -0.00129621266387, -0.0022785179317, 0.00206261081621, -0.00247021671385], [-0.00014934547653, -0.000895646691788, 0.000979933538474, -0.000324202497723, -9.19832382351e-05, -0.00194881751668, 0.000375569681637, -0.00238643586636, -0.00129621266387, 0.0135005004704, -0.00396830542013, -0.00462992396206, 0.00243619270623], [0.000923034443986, 0.000285184301902, 0.000328373978846, 0.00223296391778, -0.00112272938713, -0.000683002406731, -5.37291380169e-05, 0.00127647817135, -0.0022785179317, -0.00396830542013, 0.0149382799864, -0.00264861178584, -0.004461647477], [-0.000617050332949, 0.0015401863493, -0.000826435512863, -0.00280205416493, 0.0010560991941, 0.00146818417124, -0.000919906946365, 0.000251991848927, 0.00206261081621, -0.00462992396206, -0.00264861178584, 0.0122921615839, -0.00351001229137], [-0.000175448323716, -0.00044149599853, 0.00131535087712, -0.00149648962542, -0.00144584686495, 0.000430986488936, -0.000927956891246, -1.72934705915e-05, -0.00247021671385, 0.00243619270623, -0.004461647477, -0.00351001229137, 0.0129904523492]]
    },
    "spectral_contrast_coeffs": {
        "max": [-0.303951054811, -0.488649129868, -0.434674531221, -0.53531473875, -0.546498775482, -0.402409404516],
        "mean": [-0.722785294056, -0.728139221668, -0.725247740746, -0.785336911678, -0.780512690544, -0.598538458347],
        "min": [-0.90662753582, -0.897774815559, -0.9050796628, -0.891977608204, -0.864670276642, -0.870878577232],
        "stdev": [0.0964379683137, 0.0725332349539, 0.0793656632304, 0.0643340423703, 0.0513787418604, 0.0581471882761]
    },
    "spectral_contrast_valleys": {
        "max": [-5.14255905151, -5.21197128296, -5.46672773361, -6.10326099396, -5.76253175735, -9.19004154205],
        "mean": [-7.96812677383, -6.6547164917, -6.84699249268, -7.2213435173, -7.17573356628, -11.5742712021],
        "min": [-13.194355011, -8.49460983276, -9.48843193054, -9.38453674316, -8.9151134491, -15.5739097595],
        "stdev": [2.14227676392, 0.575623750687, 0.563165903091, 0.533546328545, 0.43768286705, 1.33596289158]
    }
},
"rhythm": {
    "beats_count": 54,
    "beats_loudness": {
        "max": 0.0867902189493,
        "mean": 0.0314558781683,
        "min": 0.00197031209245,
        "stdev": 0.0211093146354
    },
    "bpm": 140.000457764,
    "bpm_histogram_first_peak_bpm": 140,
    "bpm_histogram_first_peak_weight": 0.189189195633,
    "bpm_histogram_second_peak_bpm": 117,
    "bpm_histogram_second_peak_spread": 0.5,
    "bpm_histogram_second_peak_weight": 0.0943396240473,
    "danceability": 0.902315974236,
    "onset_rate": 2.21680140495,
    "beats_loudness_band_ratio": {
        "max": [0.825998008251, 0.30588337779, 0.745332241058, 0.622641146183, 0.376341074705, 0.33102285862],
        "mean": [0.250091314316, 0.0774921774864, 0.291747361422, 0.229749694467, 0.0989919677377, 0.0800806432962],
        "min": [2.64738882834e-05, 0.000389050488593, 0.0119265504181, 0.0274059325457, 0.0133561426774, 0.0228245723993],
        "stdev": [0.257686346769, 0.0861222818494, 0.207446336746, 0.160772740841, 0.0673858895898, 0.0541328825057]
    },
    "beats_position": [0.394739210606, 0.824308395386, 1.25387752056, 1.67183673382, 2.10140585899, 2.53097510338, 2.94893407822, 3.3785033226, 3.80807256699, 4.2492518425, 4.67882061005, 5.10838985443, 5.53795909882, 5.95591831207, 6.38548755646, 6.81505680084, 7.24462556839, 7.67419481277, 8.10376358032, 8.53333282471, 8.96290206909, 9.39247131348, 9.82204055786, 10.2516098022, 10.6811790466, 11.110748291, 11.5403175354, 11.9582767487, 12.387845993, 12.8174142838, 13.2469835281, 13.6765527725, 14.0945119858, 14.5240812302, 14.9652605057, 15.3948297501, 15.8243989944, 16.2539672852, 16.7299766541, 17.2059860229, 17.6819953918, 18.181224823, 18.6804523468, 19.179681778, 19.667301178, 20.154920578, 20.642539978, 21.1417675018, 21.640996933, 22.1518363953, 22.6626758575, 23.1735134125, 23.6843528748, 24.195192337],
