{
"metadata": {
    "version": {
        "essentia": "2.1-beta5",
        "essentia_git_sha": "Undefined",
        "extractor": "music 2.0"
    },
    "audio_properties": {
        "analysis": {
            "equal_loudness": 0,
            "length": 12.7477550507,
            "sample_rate": 44100,
            "start_time": 0,
            "downmix": "mix"
        },
        "bit_rate": 192000,
        "length": 202.001998901,
        "lossless": 0,
        "number_channels": 2,
        "replay_gain": 7.83450889587,
        "sample_rate": 48000,
        "codec": "mp3",
        "md5_encoded": "e133afd4d83ade830192212896cd2a4e"
    },
    "tags": {
        "file_name": "Albania_One Night_s Anger_Hersi.mp3",
        "encoding": ["Lavf58.29.100"]
    }
},
"lowlevel": {
    "average_loudness": 0.607164144516,
    "barkbands_crest": {
        "max": 24.9417762756,
        "mean": 12.4981393814,
        "min": 2.70986390114,
        "stdev": 5.54366111755
    },
    "barkbands_flatness_db": {
        "max": 0.482792824507,
        "mean": 0.229806736112,
        "min": 0.0654786303639,
        "stdev": 0.0738932192326
    },
    "barkbands_kurtosis": {
        "max": 205.155044556,
        "mean": 15.789648056,
        "min": -1.68830859661,
        "stdev": 32.6409301758
    },
    "barkbands_skewness": {
        "max": 13.0242881775,
        "mean": 2.50520253181,
        "min": -1.97736632824,
        "stdev": 2.69164061546
    },
    "barkbands_spread": {
        "max": 56.1526756287,
        "mean": 15.0482702255,
        "min": 0.607435703278,
        "stdev": 10.9690923691
    },
    "dissonance": {
        "max": 0.499967843294,
        "mean": 0.467861562967,
        "min": 0.264279335737,
        "stdev": 0.0352925807238
    },
    "dynamic_complexity": 5.72601985931,
    "erbbands_crest": {
        "max": 28.7547416687,
        "mean": 9.98378181458,
        "min": 3.02313828468,
        "stdev": 5.37591218948
    },
    "erbbands_flatness_db": {
        "max": 0.394113838673,
        "mean": 0.231015026569,
        "min": 0.0898188874125,
        "stdev": 0.0451788641512
    },
    "erbbands_kurtosis": {
        "max": 16.0020923615,
        "mean": 1.01385116577,
        "min": -1.73919630051,
        "stdev": 2.43449687958
    },
    "erbbands_skewness": {
        "max": 3.96169662476,
        "mean": 0.272231787443,
        "min": -1.89975047112,
        "stdev": 0.886890769005
    },
    "erbbands_spread": {
        "max": 119.506629944,
        "mean": 31.3103523254,
        "min": 3.50722670555,
        "stdev": 17.0078582764
    },
    "hfc": {
        "max": 59.2181587219,
        "mean": 8.54972648621,
        "min": 1.16637998554e-16,
        "stdev": 10.1743059158
    },
    "loudness_ebu128": {
        "integrated": -29.9733142853,
        "loudness_range": 9.30875587463,
        "momentary": {
            "max": -25.0148544312,
            "mean": -34.0734100342,
            "min": -45.8645324707,
            "stdev": 5.93455982208
        },
        "short_term": {
            "max": -26.8484268188,
            "mean": -31.2301158905,
            "min": -37.3982086182,
            "stdev": 3.18350553513
        }
    },
    "melbands_crest": {
        "max": 34.7860145569,
        "mean": 17.8457050323,
        "min": 1.8147932291,
        "stdev": 7.39723443985
    },
    "melbands_flatness_db": {
        "max": 0.641372144222,
        "mean": 0.297565102577,
        "min": 0.00483369315043,
        "stdev": 0.104922883213
    },
    "melbands_kurtosis": {
        "max": 522.217651367,
        "mean": 38.7706375122,
        "min": -1.35510838032,
        "stdev": 76.4615631104
    },
    "melbands_skewness": {
        "max": 18.3595046997,
        "mean": 3.80241346359,
        "min": -0.926477015018,
        "stdev": 3.4572994709
    },
    "melbands_spread": {
        "max": 150.812103271,
        "mean": 18.2423553467,
        "min": 0.548149585724,
        "stdev": 18.2077121735
    },
    "pitch_salience": {
        "max": 0.891647875309,
        "mean": 0.486276686192,
        "min": 0.0668096765876,
        "stdev": 0.162265792489
    },
    "silence_rate_20dB": {
        "max": 1,
        "mean": 1,
        "min": 1,
        "stdev": 0
    },
    "silence_rate_30dB": {
        "max": 1,
        "mean": 0.89636361599,
        "min": 0,
        "stdev": 0.304789036512
    },
    "silence_rate_60dB": {
        "max": 1,
        "mean": 0.249090909958,
        "min": 0,
        "stdev": 0.432486981153
    },
    "spectral_centroid": {
        "max": 10812.8339844,
        "mean": 1126.12744141,
        "min": 191.736984253,
        "stdev": 856.270263672
    },
    "spectral_complexity": {
        "max": 44,
        "mean": 11.9454545975,
        "min": 0,
        "stdev": 9.05139636993
    },
    "spectral_decrease": {
        "max": 2.55699429351e-29,
        "mean": -8.65225135982e-09,
        "min": -8.28933579555e-08,
        "stdev": 1.30806325771e-08
    },
    "spectral_energy": {
        "max": 0.314721435308,
        "mean": 0.0334310792387,
        "min": 1.07616149226e-20,
        "stdev": 0.0500275045633
    },
    "spectral_energyband_high": {
        "max": 0.00342568010092,
        "mean": 0.000159468239872,
        "min": 7.81312962911e-21,
        "stdev": 0.000309736264171
    },
    "spectral_energyband_low": {
        "max": 0.310111194849,
        "mean": 0.0235425811261,
        "min": 7.11832866121e-23,
        "stdev": 0.0442407280207
    },
    "spectral_energyband_middle_high": {
        "max": 0.0178203638643,
        "mean": 0.00236026220955,
        "min": 1.53011217417e-21,
        "stdev": 0.0029373106081
    },
    "spectral_energyband_middle_low": {
        "max": 0.11414322257,
        "mean": 0.00853078626096,
        "min": 2.71364995952e-22,
        "stdev": 0.0170200336725
    },
    "spectral_entropy": {
        "max": 9.81360435486,
        "mean": 7.29488372803,
        "min": 5.56017208099,
        "stdev": 0.575944960117
    },
    "spectral_flux": {
        "max": 0.397943347692,
        "mean": 0.0793343931437,
        "min": 6.95542373697e-11,
        "stdev": 0.0765505507588
    },
    "spectral_kurtosis": {
        "max": 115.02306366,
        "mean": 8.12449455261,
        "min": -1.2259966135,
        "stdev": 15.5009050369
    },
    "spectral_rms": {
        "max": 0.0175227075815,
        "mean": 0.00441163545474,
        "min": 3.24023707171e-12,
        "stdev": 0.00362672377378
    },
    "spectral_rolloff": {
        "max": 18776.953125,
        "mean": 973.300231934,
        "min": 64.599609375,
        "stdev": 1486.25463867
    },
    "spectral_skewness": {
        "max": 8.33172893524,
        "mean": 1.60714614391,
        "min": 0.00903919897974,
        "stdev": 1.12641906738
    },
    "spectral_spread": {
        "max": 41073984,
        "mean": 2978493.25,
        "min": 736146.6875,
        "stdev": 2550570.25
    },
    "spectral_strongpeak": {
        "max": 3.24686717987,
        "mean": 0.465602636337,
        "min": 0,
        "stdev": 0.458041489124
    },
    "zerocrossingrate": {
        "max": 0.50341796875,
        "mean": 0.0384099781513,
        "min": 0.00341796875,
        "stdev": 0.0379104316235
    },
    "barkbands": {
        "max": [0.0250541996211, 0.274898707867, 0.169929176569, 0.0407600514591, 0.0764791071415, 0.0278109479696, 0.0174224954098, 0.00643395120278, 0.00492243794724, 0.00253852386959, 0.00611325353384, 0.0131731266156, 0.00266172480769, 0.00173913547769, 0.00121980649419, 0.00786998588592, 0.00180372782052, 0.00127403519582, 0.00134082022123, 0.00229805218987, 0.0010281666182, 0.00178658415098, 0.000470522878459, 0.000188748526853, 2.58019972534e-05, 7.08408975925e-08, 2.26972360906e-08],
        "mean": [0.00169525644742, 0.0166527051479, 0.00410997541621, 0.00217043561861, 0.00310255982913, 0.00144059793092, 0.000747272977605, 0.000351798604243, 0.000565413152799, 0.000324445019942, 0.00035982488771, 0.000639209931251, 0.000220069399802, 0.000212345723412, 0.000182558855158, 0.000220136687858, 0.000100747893157, 9.43146442296e-05, 6.11897921772e-05, 5.22213194927e-05, 4.85674972879e-05, 5.10083955305e-05, 2.00242357096e-05, 8.13627957541e-06, 2.79185570662e-07, 2.49656606499e-09, 2.21246465593e-09],
        "min": [1.32574291346e-23, 1.7232317798e-23, 3.46471054343e-23, 2.85304673019e-23, 4.42424750084e-23, 7.15820337115e-23, 3.42037845383e-23, 3.88854089535e-23, 2.18692185331e-23, 4.55262861782e-23, 2.7116730741e-23, 5.14574504901e-23, 9.24512984721e-23, 1.11373225378e-22, 1.01298379835e-22, 1.27143602481e-22, 1.00976385746e-22, 2.33559045329e-22, 2.26688811529e-22, 2.58780405216e-22, 3.68288309031e-22, 5.11150917992e-22, 6.30792162964e-22, 6.49057385254e-22, 1.12266786427e-21, 1.66679639928e-21, 2.24658114427e-21],
        "stdev": [0.0037963592913, 0.036794424057, 0.0117168547586, 0.00514964479953, 0.00880753993988, 0.00401503266767, 0.00227556074969, 0.000787240918726, 0.000770501501393, 0.000460930488771, 0.000788829347584, 0.00173521961551, 0.000309560244204, 0.000249295408139, 0.000183328564162, 0.000494854932185, 0.000142030708957, 0.000128186264192, 0.000122377809021, 0.000152634995175, 0.00010357053543, 0.000123933612485, 5.24915085407e-05, 2.18668665184e-05, 1.62860771979e-06, 4.30621671654e-09, 2.15862949737e-09]
    },
    "erbbands": {
        "max": [12.294342041, 46.1287841797, 165.788665771, 138.878219604, 149.347717285, 352.874725342, 350.961914062, 285.607055664, 174.64781189, 257.991516113, 57.6220817566, 133.444381714, 117.501022339, 229.625747681, 238.094284058, 538.445617676, 168.464019775, 83.3207702637, 69.063331604, 289.929992676, 175.437438965, 117.319900513, 76.3373718262, 53.2659454346, 111.754127502, 89.09009552, 43.8684883118, 44.8441848755, 51.6404724121, 56.396396637, 11.3682804108, 7.15272521973, 2.74771499634, 0.558932960033, 0.037504196167, 0.00137267133687, 0.000103940299596, 3.24447210005e-05, 0.000138148185215, 0.000339392805472],
        "mean": [0.634597182274, 3.14206290245, 4.63737678528, 6.81390237808, 6.79574728012, 11.690776825, 13.2522859573, 11.8660335541, 8.05043983459, 13.4284324646, 6.13856887817, 14.1608390808, 11.7014026642, 11.1279296875, 13.6770811081, 26.5424137115, 14.979886055, 11.0831069946, 10.2730760574, 12.3001661301, 8.64099502563, 6.08431148529, 5.0947675705, 3.98427700996, 2.88369393349, 2.48255729675, 2.01428771019, 2.01318693161, 1.94320690632, 1.00811040401, 0.536178708076, 0.287846595049, 0.0677440315485, 0.00989806093276, 0.000531614525244, 5.30146389792e-05, 1.7267639123e-05, 3.90509194403e-06, 1.60978452186e-05, 3.70615125576e-05],
        "min": [5.95748411955e-22, 4.1673541014e-21, 2.87956079202e-20, 7.93790239281e-20, 9.76982375252e-20, 1.61398821962e-19, 5.4731496074e-19, 4.169150812e-19, 3.69773101664e-19, 8.86340776758e-19, 5.89077552109e-19, 4.28098459685e-19, 1.32850458973e-18, 1.21573371265e-18, 1.24985894542e-18, 3.35633269152e-18, 4.37108912248e-18, 5.29663639911e-18, 5.08604035106e-18, 5.89126965811e-18, 7.38458129949e-18, 7.4569678749e-18, 1.3283029231e-17, 1.58753892825e-17, 8.33519049433e-18, 1.22402704615e-17, 1.26205336609e-17, 1.16595119165e-17, 1.65428363556e-17, 2.13715958257e-17, 1.60192078668e-17, 1.32131514944e-17, 1.30282327869e-17, 9.69459813815e-18, 9.59414697892e-18, 5.63499959176e-18, 2.72104929569e-18, 1.00053212974e-18, 3.20579274768e-19, 3.27966159197e-20],
        "stdev": [1.50902271271, 6.83858585358, 11.5221796036, 16.9644756317, 14.9135856628, 36.4560050964, 41.0239181519, 32.4366416931, 20.4102172852, 36.9268188477, 9.27000999451, 20.1149959564, 16.2489356995, 21.3937835693, 27.8751087189, 71.0207443237, 23.4133224487, 12.9768066406, 10.5790147781, 20.5220375061, 13.0124025345, 8.87714290619, 7.2171216011, 5.61772298813, 8.0629491806, 6.52218341827, 4.65473604202, 4.06346940994, 4.45353031158, 3.02038812637, 1.42118370533, 0.756499886513, 0.227577805519, 0.0446885600686, 0.00246111908928, 0.000102317877463, 1.85452081496e-05, 3.85568046113e-06, 2.26906176977e-05, 5.45454931853e-05]
    },
    "gfcc": {
        "mean": [-123.715209961, 162.486068726, -158.177810669, 46.8149414062, -38.150177002, 9.21175193787, -1.86065340042, -16.7384033203, 7.83655261993, -16.0285167694, -5.18389558792, -11.632648468, -5.05751132965],
        "cov": [[13251.7919922, 1314.77868652, -1209.8482666, 1513.01098633, -528.079040527, 171.696350098, 316.73538208, -706.458251953, 341.460876465, -468.294311523, 401.523834229, 63.2280578613, 198.978515625], [1314.77868652, 1587.3503418, 412.525726318, -328.694732666, 586.825195312, -665.114379883, 201.197631836, -84.5202865601, -105.249153137, 154.290924072, -29.1900787354, 116.081016541, 31.0944232941], [-1209.8482666, 412.525726318, 1634.19921875, -94.9768447876, 18.94231987, -216.768234253, -535.340209961, -128.200256348, -480.391448975, -69.4215240479, 31.7056827545, -101.758209229, 91.0736618042], [1513.01098633, -328.694732666, -94.9768447876, 711.329589844, -82.1312789917, 298.846221924, 81.874206543, -146.538543701, 127.092071533, -129.434005737, 74.1324996948, -1.90831029415, 30.8806705475], [-528.079040527, 586.825195312, 18.94231987, -82.1312789917, 938.797058105, -171.111999512, 498.966461182, 226.900863647, 148.300506592, 298.554992676, -39.7779655457, 101.169181824, 30.043296814], [171.696350098, -665.114379883, -216.768234253, 298.846221924, -171.111999512, 640.767700195, 92.4833450317, 135.275863647, 164.071395874, -108.935554504, 110.56703186, -61.4701957703, -11.1870603561], [316.73538208, 201.197631836, -535.340209961, 81.874206543, 498.966461182, 92.4833450317, 701.924682617, 197.710159302, 349.471618652, 185.884078979, 2.71675944328, 153.567825317, -20.1123180389], [-706.458251953, -84.5202865601, -128.200256348, -146.538543701, 226.900863647, 135.275863647, 197.710159302, 304.37588501, 107.527549744, 111.004760742, 25.3965835571, -10.4272994995, 1.62026131153], [341.460876465, -105.249153137, -480.391448975, 127.092071533, 148.300506592, 164.071395874, 349.471618652, 107.527549744, 321.306610107, 79.8108444214, 37.5596618652, 87.5809631348, -25.8466186523], [-468.294311523, 154.290924072, -69.4215240479, -129.434005737, 298.554992676, -108.935554504, 185.884078979, 111.004760742, 79.8108444214, 222.764480591, -29.9855308533, 74.058883667, 21.4994258881], [401.523834229, -29.1900787354, 31.7056827545, 74.1324996948, -39.7779655457, 110.56703186, 2.71675944328, 25.3965835571, 37.5596618652, -29.9855308533, 125.58014679, -1.4607282877, 22.6362075806], [63.2280578613, 116.081016541, -101.758209229, -1.90831029415, 101.169181824, -61.4701957703, 153.567825317, -10.4272994995, 87.5809631348, 74.058883667, -1.4607282877, 124.024162292, 5.42031574249], [198.978515625, 31.0944232941, 91.0736618042, 30.8806705475, 30.043296814, -11.1870603561, -20.1123180389, 1.62026131153, -25.8466186523, 21.4994258881, 22.6362075806, 5.42031574249, 76.5963821411]],
        "icov": [[0.000477167253848, -0.00138182763476, 0.000813381979242, -0.00123023893684, 0.000757551868446, -0.000550211290829, 0.000249229429755, 4.99470152135e-05, 0.000280636333628, -0.000243105794652, -0.000541525019798, 0.000495404819958, -0.00117493746802], [-0.00138182763476, 0.00620420090854, -0.00281979236752, 0.004531678278, -0.00325425574556, 0.0034774269443, -0.00220241001807, 0.00133144983556, -0.000818751868792, 0.00205916236155, -0.000242141235503, -0.00091701868223, 0.00305683258921], [0.000813381979242, -0.00281979236752, 0.00297074811533, -0.00251073040999, 0.000649907393381, -0.00155174429528, 0.00166281464044, -0.000302976608509, 0.00265946402214, -0.000639579317067, -0.00151861459017, -0.000187412326341, -0.00198782491498], [-0.00123023893684, 0.004531678278, -0.00251073040999, 0.0071595874615, -0.00319240079261, 0.000415408634581, -0.00184507586528, 0.00417230976745, -0.00262993690558, 0.00248346826993, 0.000516416388564, 0.000242303329287, 0.000440843345132], [0.000757551868446, -0.00325425574556, 0.000649907393381, -0.00319240079261, 0.00541686499491, -0.000442044634838, -0.00169143464882, -0.00204112194479, 0.000752194493543, -0.00362465251237, 0.000337625591783, 0.00214036274701, -0.00170275499113], [-0.000550211290829, 0.0034774269443, -0.00155174429528, 0.000415408634581, -0.000442044634838, 0.00653356313705, -0.00196948111989, -0.00222907098942, -0.00159461121075, 0.00252184551209, -0.00187773536891, 0.00113800785039, 0.00158130424097], [0.000249229429755, -0.00220241001807, 0.00166281464044, -0.00184507586528, -0.00169143464882, -0.00196948111989, 0.00792724266648, -0.00264160917141, -0.00267132325098, 0.000155276982696, 0.00162804895081, -0.00456955656409, 0.000423797755502], [4.99470152135e-05, 0.00133144983556, -0.000302976608509, 0.00417230976745, -0.00204112194479, -0.00222907098942, -0.00264160917141, 0.0115379318595, -0.00152932084166, -0.00187714467756, -0.00275743473321, 0.0056019728072, -0.00202548061498], [0.000280636333628, -0.000818751868792, 0.00265946402214, -0.00262993690558, 0.000752194493543, -0.00159461121075, -0.00267132325098, -0.00152932084166, 0.0138389524072, -0.00285155209713, -0.00362038728781, -0.00370824406855, 0.00310703506693], [-0.000243105794652, 0.00205916236155, -0.000639579317067, 0.00248346826993, -0.00362465251237, 0.00252184551209, 0.000155276982696, -0.00187714467756, -0.00285155209713, 0.013773823157, 0.00169564620592, -0.00446773460135, -0.00358794652857], [-0.000541525019798, -0.000242141235503, -0.00151861459017, 0.000516416388564, 0.000337625591783, -0.00187773536891, 0.00162804895081, -0.00275743473321, -0.00362038728781, 0.00169564620592, 0.0139022544026, -0.00237395288423, -0.00245645339601], [0.000495404819958, -0.00091701868223, -0.000187412326341, 0.000242303329287, 0.00214036274701, 0.00113800785039, -0.00456955656409, 0.0056019728072, -0.00370824406855, -0.00446773460135, -0.00237395288423, 0.0188734009862, -0.00341247022152], [-0.00117493746802, 0.00305683258921, -0.00198782491498, 0.000440843345132, -0.00170275499113, 0.00158130424097, 0.000423797755502, -0.00202548061498, 0.00310703506693, -0.00358794652857, -0.00245645339601, -0.00341247022152, 0.021128417924]]
    },
    "melbands": {
        "max": [0.0912068411708, 0.062190040946, 0.0199495851994, 0.0133850229904, 0.0142415706068, 0.00585481757298, 0.00313934823498, 0.00267841620371, 0.000568197341636, 0.000797481567133, 0.000565869093407, 0.000844279129524, 0.000673083472066, 0.000628848443739, 0.00154787825886, 0.000347567751305, 0.000138628791319, 0.000126292739878, 8.35033133626e-05, 0.00082620215835, 5.83959481446e-05, 0.000156403184519, 5.39586580999e-05, 6.30786307738e-05, 4.53074571851e-05, 5.4895037465e-05, 9.20267411857e-05, 6.42996383249e-05, 3.3995416743e-05, 3.09329698212e-05, 2.46753170359e-05, 2.44810817094e-05, 4.29951178376e-05, 2.39903802139e-05, 6.61391413814e-06, 8.20581408334e-06, 2.73925684269e-06, 2.97100018543e-06, 1.54630538418e-06, 5.51911796265e-07],
        "mean": [0.00521883787587, 0.00292965001427, 0.00116978096776, 0.000619943602942, 0.000531731056981, 0.00026103129494, 0.000139007519465, 0.000138211165904, 5.25739014847e-05, 8.87216519914e-05, 5.56226805202e-05, 4.18404088123e-05, 4.5166376367e-05, 4.53437642136e-05, 7.25780191715e-05, 2.36912183027e-05, 1.99054629775e-05, 1.65740366356e-05, 1.42645749293e-05, 1.90936207218e-05, 7.82165716373e-06, 6.59842999085e-06, 4.6578184083e-06, 4.26668657383e-06, 3.14155340675e-06, 2.12112263398e-06, 1.69923384874e-06, 1.7182924239e-06, 1.37899758101e-06, 1.02078251984e-06, 1.23616734982e-06, 1.0623698472e-06, 1.02149624581e-06, 4.12922247506e-07, 3.1910607845e-07, 2.53014690088e-07, 1.45337153867e-07, 5.48260778999e-08, 1.43205811654e-08, 4.99999552872e-09],
        "min": [5.6500576726e-24, 1.2112679154e-23, 1.41531617598e-23, 9.26976250229e-24, 1.5602468059e-23, 1.17523519472e-23, 5.79869444993e-24, 9.29656168496e-24, 3.80544765185e-24, 3.02889909042e-24, 7.06311186883e-24, 4.93365127494e-24, 3.94280490152e-24, 6.83341529475e-24, 1.24032095257e-23, 8.95635358667e-24, 9.62446039769e-24, 8.99917374547e-24, 6.76968795538e-24, 7.49578708699e-24, 6.27175382441e-24, 6.66042835343e-24, 1.21036530076e-23, 1.0510482934e-23, 1.34864275668e-23, 6.28483313822e-24, 7.0021684196e-24, 7.92438941629e-24, 8.0296021618e-24, 6.79587024883e-24, 5.6519020294e-24, 7.5696449781e-24, 1.26920296469e-23, 1.22090377248e-23, 9.20804833595e-24, 7.77591869418e-24, 8.41458837165e-24, 8.40052219285e-24, 1.04568822021e-23, 7.40171305746e-24],
        "stdev": [0.0117295021191, 0.00589670659974, 0.00262157712132, 0.00163128646091, 0.0016620811075, 0.000712242268492, 0.000387184350984, 0.000367442640709, 7.71423947299e-05, 0.000123434962006, 7.94138104538e-05, 7.95895248302e-05, 8.90075752977e-05, 9.16285498533e-05, 0.000200649854378, 3.63819781342e-05, 2.38208085648e-05, 1.80256138265e-05, 1.45308968058e-05, 5.00742098666e-05, 8.51097502164e-06, 1.0742071936e-05, 6.17586965745e-06, 5.981070899e-06, 4.60944966107e-06, 4.8025194701e-06, 5.90717672821e-06, 4.53424718216e-06, 3.28468672706e-06, 2.41899101638e-06, 2.60636988969e-06, 2.26567317441e-06, 3.14191333928e-06, 1.32704155931e-06, 8.75675198131e-07, 7.32145451821e-07, 3.75225823745e-07, 2.20995161726e-07, 8.11803602119e-08, 3.40736008297e-08]
    },
    "melbands128": {
        "max": [0.0223936978728, 0.109113760293, 0.124262362719, 0.0716960430145, 0.0821233466268, 0.0784255415201, 0.0340932235122, 0.0217334367335, 0.0149010196328, 0.0148421237245, 0.0234518591315, 0.0244530458003, 0.0114329019561, 0.0103549072519, 0.00937163643539, 0.00340621941723, 0.00169413757976, 0.00431831693277, 0.00671759294346, 0.00358568248339, 0.00237705092877, 0.000584209745284, 0.000721485936083, 0.00114831340034, 0.00135872454848, 0.000976139097475, 0.000876652426086, 0.00087267003255, 0.000496212625876, 0.000452776090242, 0.00184529041871, 0.00101798970718, 0.000511063670274, 0.00169988593552, 0.000413942907471, 0.000175762106664, 0.00274810288101, 0.00261246506125, 0.000186017539818, 0.000386317871744, 0.00055149779655, 0.000237576445215, 0.000204115451197, 0.000201095928787, 0.000262922694674, 0.000133604291477, 0.000169007995282, 0.000129728563479, 0.000123404359329, 0.000254251703154, 0.00183285097592, 0.000246813928243, 6.64586841594e-05, 6.13398151472e-05, 7.66594530432e-05, 0.000319242943078, 6.90416491125e-05, 3.96237810492e-05, 6.45211839583e-05, 0.000115335802548, 6.12781586824e-05, 4.99990528624e-05, 7.03996774973e-05, 5.79987863603e-05, 2.75166530628e-05, 3.32872732542e-05, 9.24774503801e-05, 0.000170690065715, 4.34553548985e-05, 6.90696251695e-05, 4.5135475375e-05, 9.27880901145e-05, 5.84807821724e-05, 3.17131016345e-05, 4.25636208092e-05, 2.43940921791e-05, 3.77898104489e-05, 4.89001758979e-05, 2.21328864427e-05, 4.41522679466e-05, 2.07454922929e-05, 3.81682366424e-05, 4.80833768961e-05, 5.19301720487e-05, 4.29607753176e-05, 3.77747128368e-05, 1.2332406186e-05, 1.01215928225e-05, 9.50061803451e-06, 9.10641301743e-06, 7.52254982217e-06, 1.93126925296e-05, 5.59212185181e-06, 3.03445426653e-06, 3.20059189107e-06, 6.74452803651e-06, 1.90087621377e-06, 1.21648849927e-06, 3.74937667402e-06, 2.57177077856e-07, 1.28964188661e-06, 5.55125666324e-07, 7.7085907435e-08, 5.74845415713e-09, 8.6159310797e-09, 6.16691586686e-09, 3.44376371864e-09, 2.45963849288e-09, 1.50399276366e-10, 1.42977935047e-10, 1.38100531011e-10, 1.33928104717e-10, 1.25229826509e-10, 1.19959250866e-10, 1.18756310341e-10, 1.14153381192e-10, 1.06954764489e-10, 1.08071204763e-10, 1.81832951474e-10, 1.00337634035e-10, 9.78372174942e-11, 9.61820206813e-11, 9.53852552499e-11, 9.14773048977e-11, 8.98368324176e-11, 8.58920989888e-11, 8.36408581284e-11, 8.294363113e-11],
        "mean": [0.0015248375712, 0.00530508114025, 0.00717675685883, 0.00442017707974, 0.00245536095463, 0.00202332134359, 0.00144546828233, 0.00098702928517, 0.000621642335318, 0.000497899367474, 0.000682877318468, 0.000757309258915, 0.000374864233891, 0.000436220376287, 0.000324215186993, 0.000136869071866, 8.20858622319e-05, 0.000121865137771, 0.000256820261711, 0.000134099522256, 0.000113500915177, 3.4480704926e-05, 3.12674164888e-05, 7.97202301328e-05, 0.000112658162834, 8.73832977959e-05, 5.33443271706e-05, 6.93337715347e-05, 3.71415007976e-05, 2.94546371151e-05, 5.76371821808e-05, 3.87572581531e-05, 4.3219915824e-05, 5.67773568037e-05, 2.18029235839e-05, 1.57287649927e-05, 0.000120331198559, 0.000108040985651, 1.83641805052e-05, 2.42783462454e-05, 2.76260598184e-05, 1.75757595571e-05, 2.10322341445e-05, 2.02933897526e-05, 1.75509412657e-05, 1.67137131939e-05, 1.40069760164e-05, 1.47365435623e-05, 1.32579361889e-05, 1.61441657838e-05, 2.78683000943e-05, 1.1664309568e-05, 7.83591804066e-06, 6.33913259662e-06, 6.18071408098e-06, 8.14973282104e-06, 5.43158103028e-06, 3.83029919249e-06, 4.87032366436e-06, 5.31795876668e-06, 3.6518140405e-06, 3.95661436414e-06, 4.36698746853e-06, 2.46807826443e-06, 2.14375108953e-06, 1.82530084203e-06, 2.36407595366e-06, 2.28834369409e-06, 1.2728147567e-06, 1.32111438234e-06, 1.39898088491e-06, 2.60068532043e-06, 1.33824823934e-06, 1.290788191e-06, 1.09807149329e-06, 8.60539898895e-07, 1.04619539343e-06, 1.23876452562e-06, 1.20177651297e-06, 1.43559520893e-06, 8.53522578836e-07, 8.9308986162e-07, 1.50452001435e-06, 1.19683966204e-06, 4.51309034588e-07, 4.34083801792e-07, 4.12802364735e-07, 3.49396742649e-07, 3.52236412482e-07, 2.5605021392e-07, 2.42238115788e-07, 3.10937878112e-07, 1.66567588167e-07, 1.59312648407e-07, 9.85954855537e-08, 9.73087068701e-08, 3.32253158319e-08, 1.78832770814e-08, 2.21760778629e-08, 4.23384571846e-09, 1.10594493563e-08, 4.0582563976e-09, 5.72388358933e-10, 5.08499839458e-11, 6.09355690906e-11, 5.08840955482e-11, 4.70130739894e-11, 3.38538051758e-11, 1.39589416415e-11, 1.36050944816e-11, 1.31866028513e-11, 1.25990363975e-11, 1.14377058172e-11, 1.0931149215e-11, 1.09022296399e-11, 1.08206230434e-11, 1.10320953761e-11, 1.12649620534e-11, 1.20299352077e-11, 1.01055249238e-11, 9.73797258108e-12, 9.88685262132e-12, 9.56336225488e-12, 9.16327690809e-12, 7.64533228392e-12, 5.15761001615e-12, 3.81712283309e-12, 3.61498634846e-12],
        "min": [4.15128861143e-24, 4.60889932837e-24, 7.56711983434e-24, 5.33414491247e-24, 1.06205739954e-23, 1.89373380928e-23, 1.67565542084e-23, 1.37522768473e-23, 6.05134135433e-24, 1.09836006842e-23, 8.44189794733e-24, 6.71863445532e-24, 1.08616372662e-23, 2.03991462595e-23, 3.44396160836e-24, 5.27335213567e-24, 2.42778431963e-24, 7.79110347774e-24, 2.99636725555e-24, 1.16424375907e-23, 1.00372231889e-23, 4.98570820608e-24, 4.27038885875e-24, 4.69914383264e-25, 1.38170910398e-24, 4.14218594544e-24, 6.56839905136e-24, 4.51371103281e-24, 5.25265558096e-24, 5.52653743763e-24, 2.06846429097e-24, 3.72377688233e-24, 5.05285446861e-24, 1.28292744839e-24, 3.60117251487e-24, 7.94144932222e-24, 7.56780535447e-24, 9.93561632656e-24, 6.57897136522e-24, 8.58912463579e-24, 9.11271291783e-24, 3.87170013497e-24, 6.78161868771e-24, 1.06293350846e-23, 8.41560600222e-24, 1.08166098746e-23, 3.99008212444e-24, 3.95637094251e-24, 1.06775258084e-23, 8.0891942923e-24, 6.36286923112e-24, 8.00785168892e-24, 6.60212798266e-24, 3.52265797783e-24, 3.34682048763e-24, 2.16708610362e-24, 5.56335397051e-24, 6.99059583012e-24, 1.26192730056e-23, 1.31771412383e-23, 7.5114128438e-24, 1.29199694277e-23, 8.59032843754e-24, 1.16172942271e-23, 1.21421778187e-23, 4.36371268156e-24, 2.97310276138e-24, 6.53356965911e-24, 6.15797483833e-24, 7.54920953635e-24, 7.73569862092e-24, 6.75065431946e-24, 7.73539964264e-24, 8.2949229055e-24, 6.33927558473e-24, 6.63933815713e-24, 6.05641057451e-24, 4.26826682291e-24, 4.50335447242e-24, 8.0181471126e-24, 4.74901443577e-24, 3.60752442288e-24, 1.21294250933e-23, 7.0479728392e-24, 9.07014203908e-24, 9.24237561824e-24, 1.40208382316e-23, 8.4990351427e-24, 1.1516695529e-23, 5.0353078355e-24, 7.8937043048e-24, 4.79319616849e-24, 7.58489681484e-24, 7.34261554274e-24, 9.29850070507e-24, 6.94206431837e-24, 7.42164362823e-24, 5.53973508058e-24, 8.52954276048e-24, 9.1223567424e-24, 6.97841897318e-24, 5.64128948364e-24, 8.96388089743e-24, 1.2661165464e-23, 1.18375276257e-23, 9.16719480739e-24, 1.29576083481e-23, 9.66724979091e-24, 6.93367714922e-24, 1.13273081695e-23, 1.01554111186e-23, 7.03269339232e-24, 6.37279941219e-24, 7.73506989878e-24, 7.91001952604e-24, 8.03985656471e-24, 5.30447900927e-24, 9.48212149139e-24, 1.03196874578e-23, 1.02038321898e-23, 8.52161076408e-24, 8.03369082787e-24, 7.81768335708e-24, 7.99010705172e-24, 1.1584117104e-23, 7.47689071286e-24, 8.50147035631e-24, 8.69078356293e-24],
        "stdev": [0.00351386819966, 0.0133024686947, 0.0167084466666, 0.00966802705079, 0.00597158074379, 0.00583612732589, 0.00394798163325, 0.00220344518311, 0.00147672125604, 0.0014949090546, 0.00229903752916, 0.00269497022964, 0.00127274286933, 0.00139670760836, 0.000961207784712, 0.000355530210072, 0.000198473760975, 0.000380785641028, 0.000906063709408, 0.000365154905012, 0.000297653110465, 6.0115049564e-05, 6.16835895926e-05, 0.000154142704559, 0.000188143909327, 0.000150011255755, 8.60794025357e-05, 0.000125451493659, 6.28399793641e-05, 5.3661151469e-05, 0.000154618537636, 9.01781677385e-05, 7.47726444388e-05, 0.000175422348548, 4.16727816628e-05, 2.30106234085e-05, 0.000364909210475, 0.000335268239724, 2.63842484856e-05, 3.99766904593e-05, 5.591280933e-05, 2.41941488639e-05, 2.87636830762e-05, 2.88099563477e-05, 2.57221126958e-05, 2.01993789233e-05, 1.75285222213e-05, 1.70718503796e-05, 1.63618278748e-05, 2.69672236755e-05, 0.00010388661758, 1.96035471163e-05, 9.43334816839e-06, 7.90782087279e-06, 8.87506030267e-06, 1.90062364709e-05, 7.96595577413e-06, 5.18700790053e-06, 7.74117233959e-06, 1.01911773527e-05, 6.48145214655e-06, 6.31794955552e-06, 7.67540313973e-06, 4.44404668087e-06, 3.76334924113e-06, 3.68559767594e-06, 7.16129125067e-06, 1.0549891158e-05, 3.57368185178e-06, 4.52608173873e-06, 3.28810642714e-06, 7.85176507634e-06, 3.99117516281e-06, 3.55956444764e-06, 3.1906224649e-06, 1.93491860045e-06, 2.73476553048e-06, 3.1829456475e-06, 2.9219188491e-06, 4.08833830079e-06, 1.8987632302e-06, 2.79321079688e-06, 4.91240461997e-06, 4.10323127653e-06, 1.98032785192e-06, 1.79365486019e-06, 1.23004838315e-06, 1.00872853181e-06, 1.03086063064e-06, 8.45899819524e-07, 7.12110420409e-07, 1.1445418977e-06, 5.65225775517e-07, 4.3877008693e-07, 3.03394301682e-07, 5.0424193887e-07, 1.28147021883e-07, 7.41980912267e-08, 1.89423744246e-07, 1.92846236757e-08, 7.87976262018e-08, 3.40019603584e-08, 4.51368808996e-09, 3.11953185506e-10, 4.61368582227e-10, 3.03228192555e-10, 2.16220027993e-10, 1.44557546489e-10, 1.42001150422e-11, 1.34469562221e-11, 1.29420484746e-11, 1.25266836834e-11, 1.20769002437e-11, 1.16104044781e-11, 1.13000390295e-11, 1.08040564342e-11, 1.06586467083e-11, 1.10258659841e-11, 1.42868937167e-11, 9.81933631627e-12, 9.43429882827e-12, 9.2332400406e-12, 8.99050799086e-12, 8.87068370148e-12, 8.86961250973e-12, 8.59487567922e-12, 8.49063267611e-12, 8.445782268e-12]
    },
    "mfcc": {
        "mean": [-745.454345703, 172.57510376, -40.5936584473, 41.7862205505, -9.45472335815, 33.3281402588, -7.55677127838, 18.2385559082, 2.47999095917, 10.1843662262, 1.47417807579, 2.76879405975, -3.96227669716],
        "cov": [[9046.06152344, -127.257270813, -733.622131348, 1096.10876465, -827.547729492, 1020.99066162, -382.533569336, 674.86907959, -360.963500977, 193.560897827, -391.840148926, 432.638336182, -117.760131836], [-127.257270813, 2322.86816406, -145.003829956, 510.580322266, 157.421340942, -284.384613037, 175.863113403, -353.942718506, 157.535934448, -242.794509888, 188.239700317, -105.508453369, 123.431892395], [-733.622131348, -145.003829956, 1613.83215332, -233.397598267, 317.118988037, -240.974380493, -56.5793113708, -252.492172241, -432.5105896, -299.416687012, -379.398895264, -60.6583862305, -177.020523071], [1096.10876465, 510.580322266, -233.397598267, 709.495361328, -0.717639148235, 222.001205444, 44.7538108826, -34.7585258484, 92.3644638062, -72.615447998, 48.2890396118, -33.4934654236, 88.0395431519], [-827.547729492, 157.421340942, 317.118988037, -0.717639148235, 415.244293213, -92.9086151123, 176.475708008, -130.207046509, 37.0410995483, -22.1637859344, 2.63669705391, -34.8197784424, -16.2580890656], [1020.99066162, -284.384613037, -240.974380493, 222.001205444, -92.9086151123, 414.066375732, 7.13922977448, 269.987121582, 60.6437835693, 137.457305908, 28.4015808105, 99.9626159668, 41.5216369629], [-382.533569336, 175.863113403, -56.5793113708, 44.7538108826, 176.475708008, 7.13922977448, 270.454040527, 18.4942073822, 173.161651611, 56.2292289734, 111.700035095, 20.7599086761, 36.7057151794], [674.86907959, -353.942718506, -252.492172241, -34.7585258484, -130.207046509, 269.987121582, 18.4942073822, 443.418334961, 37.776134491, 269.471130371, 47.0608444214, 138.745147705, 20.080904007], [-360.963500977, 157.535934448, -432.5105896, 92.3644638062, 37.0410995483, 60.6437835693, 173.161651611, 37.776134491, 338.898468018, 73.9406509399, 244.108642578, 5.07067775726, 93.0846099854], [193.560897827, -242.794509888, -299.416687012, -72.615447998, -22.1637859344, 137.457305908, 56.2292289734, 269.471130371, 73.9406509399, 321.963409424, 64.0137710571, 116.622589111, 8.96531391144], [-391.840148926, 188.239700317, -379.398895264, 48.2890396118, 2.63669705391, 28.4015808105, 111.700035095, 47.0608444214, 244.108642578, 64.0137710571, 274.364105225, -1.78272497654, 111.212837219], [432.638336182, -105.508453369, -60.6583862305, -33.4934654236, -34.8197784424, 99.9626159668, 20.7599086761, 138.745147705, 5.07067775726, 116.622589111, -1.78272497654, 166.568969727, -16.3202495575], [-117.760131836, 123.431892395, -177.020523071, 88.0395431519, -16.2580890656, 41.5216369629, 36.7057151794, 20.080904007, 93.0846099854, 8.96531391144, 111.212837219, -16.3202495575, 131.880783081]],
        "icov": [[0.000307702634018, -4.26698752563e-05, 0.00015883820015, -0.000416297116317, 0.000353254494257, -0.000333348551067, -6.20242426521e-05, -0.00016451186093, 0.000370912195649, 0.000187738711247, 0.000308506423607, -0.00053410086548, 0.000395803537685], [-4.26698752563e-05, 0.000848539464641, 8.25159440865e-05, -0.000828921562061, -0.000114289046905, 0.00120227714069, -0.000373837421648, -6.38154524495e-05, 0.000335329095833, 0.000364082603483, -0.000639326695818, -0.000427715829574, -0.00022223959968], [0.00015883820015, 8.25159440865e-05, 0.00197677384131, 0.000159782081028, -0.00131840805989, 1.03299562397e-05, -0.000572918856051, -0.000729371793568, 0.0019623900298, 0.00206815078855, 0.000856802274939, -0.000672040740028, 0.000384658225812], [-0.000416297116317, -0.000828921562061, 0.000159782081028, 0.00398240378127, -0.000641376478598, -0.00290675996803, -0.000145384779898, 0.00136306905188, -0.000621384417173, 0.000192769730347, 0.000675824354403, 0.00167123880237, -0.00130855827592], [0.000353254494257, -0.000114289046905, -0.00131840805989, -0.000641376478598, 0.00610961625353, -0.000902600411791, -0.00352880498394, 0.00235727080144, 0.000356238539098, -0.0024805222638, -0.000132798624691, 0.00050218537217, 0.000832795805763], [-0.000333348551067, 0.00120227714069, 1.03299562397e-05, -0.00290675996803, -0.000902600411791, 0.00861236546189, 0.000867625465617, -0.00428612343967, -0.00179318059236, 0.00109813653398, 0.000633106392343, -0.00169641978573, -0.00143304362427], [-6.20242426521e-05, -0.000373837421648, -0.000572918856051, -0.000145384779898, -0.00352880498394, 0.000867625465617, 0.0094649605453, -0.00161920918617, -0.00539312046021, -0.000223964801989, 0.000802163849585, -0.00111896696035, -0.000466538127512], [-0.00016451186093, -6.38154524495e-05, -0.000729371793568, 0.00136306905188, 0.00235727080144, -0.00428612343967, -0.00161920918617, 0.00895371939987, 0.00146084511653, -0.0054990244098, -0.00172752619255, -5.34466744284e-05, -0.000455848756246], [0.000370912195649, 0.000335329095833, 0.0019623900298, -0.000621384417173, 0.000356238539098, -0.00179318059236, -0.00539312046021, 0.00146084511653, 0.013809999451, 0.000721763877664, -0.00793914683163, -0.000389359105611, 0.00180360057857], [0.000187738711247, 0.000364082603483, 0.00206815078855, 0.000192769730347, -0.0024805222638, 0.00109813653398, -0.000223964801989, -0.0054990244098, 0.000721763877664, 0.010045084171, 0.000477471767226, -0.00301020080224, 0.000754871347453], [0.000308506423607, -0.000639326695818, 0.000856802274939, 0.000675824354403, -0.000132798624691, 0.000633106392343, 0.000802163849585, -0.00172752619255, -0.00793914683163, 0.000477471767226, 0.0146403992549, -0.00029348989483, -0.00541430991143], [-0.00053410086548, -0.000427715829574, -0.000672040740028, 0.00167123880237, 0.00050218537217, -0.00169641978573, -0.00111896696035, -5.34466744284e-05, -0.000389359105611, -0.00301020080224, -0.00029348989483, 0.0107201905921, 0.000874828721862], [0.000395803537685, -0.00022223959968, 0.000384658225812, -0.00130855827592, 0.000832795805763, -0.00143304362427, -0.000466538127512, -0.000455848756246, 0.00180360057857, 0.000754871347453, -0.00541430991143, 0.000874828721862, 0.0136367259547]]
    },
    "spectral_contrast_coeffs": {
        "max": [-0.469218879938, -0.562803506851, -0.636325240135, -0.714678168297, -0.63411539793, -0.425638079643],
        "mean": [-0.730608820915, -0.789872407913, -0.795191705227, -0.84148478508, -0.814503252506, -0.623561918736],
        "min": [-0.978666841984, -0.965588152409, -0.959843814373, -0.96690505743, -0.962304592133, -0.962018311024],
        "stdev": [0.096102014184, 0.071016445756, 0.0502006746829, 0.0320251882076, 0.0390270501375, 0.0951653122902]
    },
    "spectral_contrast_valleys": {
        "max": [-4.41203022003, -5.28346538544, -5.88827419281, -6.31135177612, -6.25431442261, -10.5792341232],
        "mean": [-7.3113360405, -7.39021062851, -7.75303792953, -7.74608469009, -8.49388408661, -13.6393909454],
        "min": [-27.5785694122, -27.1753349304, -27.4864864349, -27.1860809326, -27.2883739471, -27.2239189148],
        "stdev": [1.79015398026, 1.54970526695, 1.58467054367, 1.5913387537, 1.71369040012, 1.35537517071]
    }
},
"rhythm": {
    "beats_count": 19,
    "beats_loudness": {
        "max": 0.131778329611,
        "mean": 0.0338181555271,
        "min": 0.000412975234212,
        "stdev": 0.0445020385087
    },
    "bpm": 91.8109283447,
    "bpm_histogram_first_peak_bpm": 92,
    "bpm_histogram_first_peak_weight": 0.200000047684,
    "bpm_histogram_second_peak_bpm": 99,
    "bpm_histogram_second_peak_spread": 0.5,
    "bpm_histogram_second_peak_weight": 0.222222223878,
    "danceability": 0.771354496479,
    "onset_rate": 2.50796175003,
    "beats_loudness_band_ratio": {
        "max": [0.990057528019, 0.451981514692, 0.676285386086, 0.384337872267, 0.274765819311, 0.13147084415],
        "mean": [0.594791471958, 0.0846320986748, 0.126592725515, 0.120881155133, 0.0788481384516, 0.0211335662752],
        "min": [0.00924932863563, 0.00181160320062, 0.00208627083339, 0.00216499483213, 0.00420784950256, 0.000441093055997],
        "stdev": [0.285296708345, 0.129447415471, 0.168509036303, 0.109589062631, 0.0806208103895, 0.0317042991519]
    },
    "beats_position": [0.66176867485, 1.33514738083, 1.99691605568, 2.65868473053, 3.30884337425, 3.95900225639, 4.60916090012, 5.24770975113, 5.89786815643, 6.54802703857, 7.19818592072, 7.80190467834, 8.40562343597, 9.0093421936, 9.61306095123, 10.2051696777, 10.7972784042, 11.3893871307, 11.9814968109],
