{
"metadata": {
    "version": {
        "essentia": "2.1-beta5",
        "essentia_git_sha": "Undefined",
        "extractor": "music 2.0"
    },
    "audio_properties": {
        "analysis": {
            "equal_loudness": 0,
            "length": 12.7477550507,
            "sample_rate": 44100,
            "start_time": 0,
            "downmix": "mix"
        },
        "bit_rate": 192000,
        "length": 194.0259552,
        "lossless": 0,
        "number_channels": 2,
        "replay_gain": 9.855676651,
        "sample_rate": 48000,
        "codec": "mp3",
        "md5_encoded": "fd4bbe5a95d053bbfc282de271268def"
    },
    "tags": {
        "file_name": "Poland_My Słowianie - We Are Slavic_Donatan _ Cleo.mp3",
        "encoding": ["Lavf58.29.100"]
    }
},
"lowlevel": {
    "average_loudness": 0.611225306988,
    "barkbands_crest": {
        "max": 25.5692481995,
        "mean": 12.7112054825,
        "min": 3.29069590569,
        "stdev": 5.33778715134
    },
    "barkbands_flatness_db": {
        "max": 0.464908003807,
        "mean": 0.229074984789,
        "min": 0.0613218024373,
        "stdev": 0.0735152587295
    },
    "barkbands_kurtosis": {
        "max": 143.373153687,
        "mean": 10.3050069809,
        "min": -1.51310515404,
        "stdev": 20.5412273407
    },
    "barkbands_skewness": {
        "max": 11.0770454407,
        "mean": 2.06586790085,
        "min": -2.0619904995,
        "stdev": 2.11705350876
    },
    "barkbands_spread": {
        "max": 49.5829200745,
        "mean": 14.0100898743,
        "min": 0.720216572285,
        "stdev": 8.89478969574
    },
    "dissonance": {
        "max": 0.499767154455,
        "mean": 0.473457366228,
        "min": 0.373034894466,
        "stdev": 0.0235155131668
    },
    "dynamic_complexity": 4.21101999283,
    "erbbands_crest": {
        "max": 23.0271377563,
        "mean": 9.43190670013,
        "min": 3.10618114471,
        "stdev": 3.61946439743
    },
    "erbbands_flatness_db": {
        "max": 0.345138609409,
        "mean": 0.240606963634,
        "min": 0.0984543934464,
        "stdev": 0.0398012958467
    },
    "erbbands_kurtosis": {
        "max": 5.59747409821,
        "mean": 0.417210489511,
        "min": -1.65705633163,
        "stdev": 1.11777853966
    },
    "erbbands_skewness": {
        "max": 1.92551851273,
        "mean": 0.328664362431,
        "min": -1.21649634838,
        "stdev": 0.558551549911
    },
    "erbbands_spread": {
        "max": 65.2192153931,
        "mean": 26.5200424194,
        "min": 6.97382497787,
        "stdev": 11.1828155518
    },
    "hfc": {
        "max": 51.1053123474,
        "mean": 11.425951004,
        "min": 1.22748057484e-16,
        "stdev": 10.244178772
    },
    "loudness_ebu128": {
        "integrated": -31.2391490936,
        "loudness_range": 5.07956314087,
        "momentary": {
            "max": -27.2352085114,
            "mean": -34.3937530518,
            "min": -44.1183319092,
            "stdev": 5.10048389435
        },
        "short_term": {
            "max": -29.2467784882,
            "mean": -32.1851730347,
            "min": -41.1707000732,
            "stdev": 2.39362978935
        }
    },
    "melbands_crest": {
        "max": 37.1704902649,
        "mean": 18.4517154694,
        "min": 1.70375466347,
        "stdev": 8.66010475159
    },
    "melbands_flatness_db": {
        "max": 0.618521749973,
        "mean": 0.290761500597,
        "min": 0.00418985029683,
        "stdev": 0.107742905617
    },
    "melbands_kurtosis": {
        "max": 253.367156982,
        "mean": 20.7722530365,
        "min": -1.56066036224,
        "stdev": 35.37840271
    },
    "melbands_skewness": {
        "max": 13.8917598724,
        "mean": 2.97754406929,
        "min": -0.903825223446,
        "stdev": 2.55772900581
    },
    "melbands_spread": {
        "max": 138.267150879,
        "mean": 17.8211307526,
        "min": 0.659021794796,
        "stdev": 14.8519496918
    },
    "pitch_salience": {
        "max": 0.857930958271,
        "mean": 0.488158673048,
        "min": 0.0726573467255,
        "stdev": 0.180430293083
    },
    "silence_rate_20dB": {
        "max": 1,
        "mean": 0.998181819916,
        "min": 0,
        "stdev": 0.0426010638475
    },
    "silence_rate_30dB": {
        "max": 1,
        "mean": 0.832727253437,
        "min": 0,
        "stdev": 0.373218506575
    },
    "silence_rate_60dB": {
        "max": 1,
        "mean": 0.187272727489,
        "min": 0,
        "stdev": 0.390130251646
    },
    "spectral_centroid": {
        "max": 10825.1318359,
        "mean": 1216.51318359,
        "min": 277.13180542,
        "stdev": 757.731933594
    },
    "spectral_complexity": {
        "max": 39,
        "mean": 15.1927270889,
        "min": 0,
        "stdev": 8.34283638
    },
    "spectral_decrease": {
        "max": 1.06916231415e-28,
        "mean": -1.30530217746e-08,
        "min": -1.13870761709e-07,
        "stdev": 1.82758181921e-08
    },
    "spectral_energy": {
        "max": 0.433001309633,
        "mean": 0.0503015033901,
        "min": 1.09938442639e-20,
        "stdev": 0.0695248991251
    },
    "spectral_energyband_high": {
        "max": 0.00247226725332,
        "mean": 0.000168755810591,
        "min": 7.99642122062e-21,
        "stdev": 0.000266038812697
    },
    "spectral_energyband_low": {
        "max": 0.392867177725,
        "mean": 0.0377034209669,
        "min": 4.83666776862e-23,
        "stdev": 0.0646568834782
    },
    "spectral_energyband_middle_high": {
        "max": 0.0200469084084,
        "mean": 0.00307164830156,
        "min": 1.32723310327e-21,
        "stdev": 0.00317471241578
    },
    "spectral_energyband_middle_low": {
        "max": 0.11522551626,
        "mean": 0.00998928304762,
        "min": 2.47340028825e-22,
        "stdev": 0.0163062606007
    },
    "spectral_entropy": {
        "max": 9.80505847931,
        "mean": 7.41590452194,
        "min": 6.56124210358,
        "stdev": 0.347279191017
    },
    "spectral_flux": {
        "max": 0.484891623259,
        "mean": 0.0998885333538,
        "min": 7.28208951473e-11,
        "stdev": 0.0778808742762
    },
    "spectral_kurtosis": {
        "max": 22.9764156342,
        "mean": 4.7316403389,
        "min": -1.20950806141,
        "stdev": 3.78204846382
    },
    "spectral_rms": {
        "max": 0.0205533523113,
        "mean": 0.00563477398828,
        "min": 3.27501177219e-12,
        "stdev": 0.0041622039862
    },
    "spectral_rolloff": {
        "max": 18949.21875,
        "mean": 1073.05712891,
        "min": 43.06640625,
        "stdev": 1460.74865723
    },
    "spectral_skewness": {
        "max": 2.78020381927,
        "mean": 1.33612525463,
        "min": 0.0110329138115,
        "stdev": 0.403585642576
    },
    "spectral_spread": {
        "max": 40525244,
        "mean": 2703437.25,
        "min": 1436407.875,
        "stdev": 2330548.5
    },
    "spectral_strongpeak": {
        "max": 4.08942079544,
        "mean": 0.596066772938,
        "min": 0,
        "stdev": 0.524926245213
    },
    "zerocrossingrate": {
        "max": 0.52099609375,
        "mean": 0.0402183942497,
        "min": 0.0029296875,
        "stdev": 0.0381151773036
    },
    "barkbands": {
        "max": [0.14257606864, 0.31236666441, 0.0819226503372, 0.0466227307916, 0.0847622901201, 0.0405073948205, 0.0164921283722, 0.00775754312053, 0.019092336297, 0.0060254749842, 0.00575554277748, 0.0144710335881, 0.00355232530273, 0.00390017288737, 0.00156120676547, 0.00594650954008, 0.00161725224461, 0.000964159495197, 0.000968255975749, 0.00212009996176, 0.000867703638505, 0.00106952188071, 0.000484996126033, 0.000191952232854, 2.44942693826e-05, 1.12343109038e-07, 1.16877252765e-07],
        "mean": [0.00600907206535, 0.0277114789933, 0.00347162527032, 0.00183652027044, 0.00300582451746, 0.00129232089967, 0.000771486083977, 0.000741509138606, 0.00204861559905, 0.000628725567367, 0.000300546322251, 0.00066382199293, 0.000406126171583, 0.000401198281907, 0.000235212981352, 0.000230298421229, 0.000148327584611, 0.000106829684228, 9.97215684038e-05, 5.94615594309e-05, 5.34768114449e-05, 5.30400502612e-05, 2.03520212381e-05, 5.79796687816e-06, 1.42510060641e-07, 3.38522432308e-09, 3.4553837569e-09],
        "min": [1.10289396759e-23, 1.57961081677e-23, 3.48145537832e-24, 1.52517941431e-23, 2.03485424102e-23, 2.69944509898e-23, 1.59804160518e-23, 4.19187116627e-23, 5.40316077535e-23, 2.3161434227e-23, 7.54940517385e-23, 5.22812169127e-23, 6.30310970433e-23, 1.01409880591e-22, 1.07395914912e-22, 1.22578596951e-22, 1.19777143617e-22, 2.47817460066e-22, 1.86262618388e-22, 2.14137517034e-22, 4.00193176186e-22, 4.55648532723e-22, 6.57807455658e-22, 8.09341602343e-22, 1.03285767842e-21, 1.5646799833e-21, 2.53541863935e-21],
        "stdev": [0.0151238981634, 0.0517630428076, 0.00878390111029, 0.00497783115134, 0.00842335633934, 0.00398762803525, 0.00209193956107, 0.00104765314609, 0.00230178306811, 0.000711754197255, 0.00064117833972, 0.0016813618131, 0.000511377467774, 0.000461685092887, 0.000233638085774, 0.000411532499129, 0.000152837470523, 0.000126216677018, 0.000125076170661, 0.000127406121464, 8.45217291499e-05, 0.000103930105979, 4.78413894598e-05, 1.69912218553e-05, 1.30010846533e-06, 5.64088198374e-09, 5.64473134901e-09]
    },
    "erbbands": {
        "max": [19.5821666718, 56.5615005493, 77.0307006836, 146.651351929, 141.462280273, 354.385803223, 571.428100586, 193.230880737, 119.360481262, 255.408920288, 148.447235107, 530.208679199, 396.880493164, 156.979110718, 264.521759033, 599.713256836, 223.01399231, 229.407958984, 118.519233704, 220.872085571, 146.446166992, 105.142295837, 48.9675598145, 55.3658905029, 73.3307876587, 91.580657959, 43.1338577271, 34.7176971436, 41.9905357361, 27.7309570312, 11.5870199203, 6.69446992874, 1.32733869553, 0.517830729485, 0.0413412116468, 0.00129436689895, 0.000208436438697, 7.41645126254e-05, 0.000192050763872, 0.000468177313451],
        "mean": [1.36101388931, 4.01002979279, 4.11723327637, 5.9181189537, 6.48133993149, 10.9439840317, 12.6100273132, 10.0309734344, 8.27410507202, 16.1492786407, 18.3613815308, 48.2515602112, 30.7260723114, 15.2479887009, 12.7193202972, 27.3620281219, 21.5913124084, 21.8529319763, 15.7436361313, 13.8352956772, 10.0108013153, 8.83076000214, 6.19792127609, 5.74490976334, 3.89853549004, 2.88472628593, 2.10934853554, 2.37568902969, 2.01940369606, 1.0206335783, 0.512879610062, 0.232412144542, 0.0379226952791, 0.00437610782683, 0.000351705413777, 5.49860706087e-05, 2.3237304049e-05, 5.10524478159e-06, 2.38595057453e-05, 5.54979924345e-05],
        "min": [8.6291921749e-22, 2.82863013464e-21, 7.96902328621e-21, 4.04688647351e-20, 4.32325850216e-20, 7.64739009933e-20, 1.09992364476e-19, 2.20312266624e-19, 2.54507887298e-19, 4.02909698508e-19, 1.25602299195e-18, 1.06725510289e-18, 1.17544071104e-18, 1.53762639514e-18, 2.16661267176e-18, 1.82714643377e-18, 2.97339852593e-18, 5.41826338202e-18, 5.22624539694e-18, 5.13822924386e-18, 7.41623750154e-18, 7.54729599779e-18, 1.41052277347e-17, 1.0356616425e-17, 8.23422979184e-18, 1.02262949467e-17, 1.25374756284e-17, 1.964141688e-17, 1.77470458914e-17, 2.05345403309e-17, 1.89442243919e-17, 1.31221459105e-17, 1.58929503269e-17, 1.13628435898e-17, 8.24821907036e-18, 4.39659523667e-18, 3.43689718805e-18, 1.21527276625e-18, 3.31190657858e-19, 4.01294266471e-20],
        "stdev": [2.92668509483, 6.96782112122, 8.59352970123, 15.6294794083, 15.3661813736, 33.8301277161, 44.1386413574, 27.9295330048, 18.4970722198, 35.5764465332, 20.4828834534, 59.2569732666, 37.2781143188, 19.8746738434, 23.5894775391, 68.8585128784, 30.1397571564, 28.9115962982, 13.721663475, 18.2260856628, 12.1381607056, 9.52921581268, 6.94951534271, 6.82313919067, 5.87285852432, 5.66749763489, 3.84275197983, 3.58878469467, 4.10137176514, 2.15575671196, 1.24684560299, 0.63730275631, 0.114039316773, 0.0282582137734, 0.00248483195901, 0.00010046238458, 2.37756357819e-05, 4.90816273668e-06, 3.09212955472e-05, 7.52262130845e-05]
    },
    "gfcc": {
        "mean": [-94.0099411011, 163.666931152, -176.74710083, 39.1282463074, -40.198009491, 2.89810323715, 12.3009490967, -10.8016424179, 16.1376094818, -12.4341592789, -7.52650737762, -12.3834819794, -7.63927841187],
        "cov": [[11214.4013672, 1844.14099121, 335.335083008, 1256.85620117, -484.807647705, 285.46307373, -299.83782959, -466.603179932, 172.85925293, -604.631225586, 321.257446289, -259.484344482, 125.596565247], [1844.14099121, 1450.23632812, 914.934326172, 285.856445312, 746.806213379, -256.773864746, 113.820526123, -5.54039144516, 0.200473248959, 121.981445312, 16.1641597748, 57.3380775452, 99.7053222656], [335.335083008, 914.934326172, 1513.86621094, 415.677185059, 733.057739258, -6.83458852768, 68.9986419678, 140.048156738, -8.14998340607, 93.361328125, 127.256813049, 32.1111488342, 170.649520874], [1256.85620117, 285.856445312, 415.677185059, 427.467315674, 81.4139404297, 180.109634399, -28.9283256531, -28.8143806458, 63.6550178528, -107.675094604, 96.5027542114, -27.8098106384, 36.9057273865], [-484.807647705, 746.806213379, 733.057739258, 81.4139404297, 887.109741211, -48.9586524963, 234.08555603, 231.831130981, 37.1525611877, 229.796142578, -5.3489074707, 49.606464386, 60.4418830872], [285.46307373, -256.773864746, -6.83458852768, 180.109634399, -48.9586524963, 442.282867432, 15.5485877991, 93.0428543091, 127.718307495, -83.3091888428, 105.460456848, -67.3323822021, -33.8025054932], [-299.83782959, 113.820526123, 68.9986419678, -28.9283256531, 234.08555603, 15.5485877991, 212.065689087, 116.254150391, 70.1003265381, 94.3868789673, -25.3667869568, 28.5508575439, -26.6269397736], [-466.603179932, -5.54039144516, 140.048156738, -28.8143806458, 231.831130981, 93.0428543091, 116.254150391, 235.917114258, 69.2223358154, 96.1620330811, 15.0472822189, -26.7014274597, 11.624382019], [172.85925293, 0.200473248959, -8.14998340607, 63.6550178528, 37.1525611877, 127.718307495, 70.1003265381, 69.2223358154, 150.624725342, 16.692615509, 33.9489479065, 1.12694942951, -22.9779243469], [-604.631225586, 121.981445312, 93.361328125, -107.675094604, 229.796142578, -83.3091888428, 94.3868789673, 96.1620330811, 16.692615509, 198.358917236, -16.9684562683, 66.3076400757, 28.152141571], [321.257446289, 16.1641597748, 127.256813049, 96.5027542114, -5.3489074707, 105.460456848, -25.3667869568, 15.0472822189, 33.9489479065, -16.9684562683, 104.147071838, -3.08658099174, 29.7127094269], [-259.484344482, 57.3380775452, 32.1111488342, -27.8098106384, 49.606464386, -67.3323822021, 28.5508575439, -26.7014274597, 1.12694942951, 66.3076400757, -3.08658099174, 98.890335083, 16.4260540009], [125.596565247, 99.7053222656, 170.649520874, 36.9057273865, 60.4418830872, -33.8025054932, -26.6269397736, 11.624382019, -22.9779243469, 28.152141571, 29.7127094269, 16.4260540009, 84.5927505493]],
        "icov": [[0.000587314250879, -0.00180236285087, 0.000708669191226, -0.000991963897832, 0.00148644007277, -0.000568996998481, -0.0004864265793, -0.000380705401767, 0.000219292691327, 0.000248877477134, -0.000562768604141, 0.00098600180354, -0.00115175382234], [-0.00180236285087, 0.00836825743318, -0.00237619900145, 0.00156825059094, -0.00709051918238, 0.00419773347676, 0.00128758640494, 0.00358670926653, -0.00230483920313, -0.000839198124595, 0.000526736082975, -0.00129959278274, 0.00329864234664], [0.000708669191226, -0.00237619900145, 0.00315808528103, -0.00296396482736, 0.000380445009796, -3.35951226589e-05, -0.000246105104452, -0.00147215893958, 0.00133994047064, 0.000749317754526, -0.00223980192095, 0.000703108322341, -0.00272482284345], [-0.000991963897832, 0.00156825059094, -0.00296396482736, 0.00945059675723, -0.00184112554416, -0.00232260138728, 0.000700251257513, 0.0025740028359, -0.00267105828971, 0.00312673626468, 0.00105410639662, -0.00209095468745, 4.30439604315e-06], [0.00148644007277, -0.00709051918238, 0.000380445009796, -0.00184112554416, 0.0100419335067, -0.00362776382826, -0.00322800758295, -0.00428377976641, 0.00283304741606, -0.00216009910218, 0.00113095785491, 0.0014304749202, -0.00205256813206], [-0.000568996998481, 0.00419773347676, -3.35951226589e-05, -0.00232260138728, -0.00362776382826, 0.0084977215156, 0.000541246845387, -0.000628081907053, -0.00311854155734, 0.00118742859922, -0.00502768857405, 0.00120986707043, 0.00351130077615], [-0.0004864265793, 0.00128758640494, -0.000246105104452, 0.000700251257513, -0.00322800758295, 0.000541246845387, 0.0117252655327, -0.00334374862723, -0.00308730453253, -0.000526698247995, 0.00286548561417, -0.0044425111264, 0.00526129547507], [-0.000380705401767, 0.00358670926653, -0.00147215893958, 0.0025740028359, -0.00428377976641, -0.000628081907053, -0.00334374862723, 0.0150627261028, -0.00447947112843, -0.00427126698196, -0.000580295396503, 0.0083281211555, -0.0033365781419], [0.000219292691327, -0.00230483920313, 0.00133994047064, -0.00267105828971, 0.00283304741606, -0.00311854155734, -0.00308730453253, -0.00447947112843, 0.0141928568482, -0.00187381496653, -0.00213589775376, -0.00260088057257, 0.00296072266065], [0.000248877477134, -0.000839198124595, 0.000749317754526, 0.00312673626468, -0.00216009910218, 0.00118742859922, -0.000526698247995, -0.00427126698196, -0.00187381496653, 0.0160892028362, -0.00117817206774, -0.00750427832827, -0.00380949117243], [-0.000562768604141, 0.000526736082975, -0.00223980192095, 0.00105410639662, 0.00113095785491, -0.00502768857405, 0.00286548561417, -0.000580295396503, -0.00213589775376, -0.00117817206774, 0.0205673072487, -0.00356537243351, -0.00428210338578], [0.00098600180354, -0.00129959278274, 0.000703108322341, -0.00209095468745, 0.0014304749202, 0.00120986707043, -0.0044425111264, 0.0083281211555, -0.00260088057257, -0.00750427832827, -0.00356537243351, 0.0220133904368, -0.00475100334734], [-0.00115175382234, 0.00329864234664, -0.00272482284345, 4.30439604315e-06, -0.00205256813206, 0.00351130077615, 0.00526129547507, -0.0033365781419, 0.00296072266065, -0.00380949117243, -0.00428210338578, -0.00475100334734, 0.0246211923659]]
    },
    "melbands": {
        "max": [0.123983860016, 0.0389701239765, 0.0196164250374, 0.0182969924062, 0.0184057578444, 0.0049568223767, 0.0025026416406, 0.00240199128166, 0.00172792444937, 0.00288312113844, 0.00193809170742, 0.00059739354765, 0.000731453881599, 0.00067526375642, 0.00174623576459, 0.000450010236818, 0.000436282454757, 0.000237066793488, 0.00012128212984, 0.000613978190813, 6.01832834946e-05, 0.000145009966218, 4.32632514276e-05, 4.17094088334e-05, 4.99151901749e-05, 4.52445456176e-05, 5.43416717846e-05, 6.81870951666e-05, 3.84155682696e-05, 1.95767916011e-05, 1.96200890059e-05, 2.36675350607e-05, 2.21717291424e-05, 1.21050888993e-05, 7.50327581045e-06, 5.34053469892e-06, 3.50486698153e-06, 1.17317620152e-06, 6.36514187136e-07, 5.51911909952e-07],
        "mean": [0.00989617966115, 0.00302444491535, 0.00101845827885, 0.000593079137616, 0.000499974761624, 0.000226199612371, 0.000141143318615, 0.000184282675036, 0.000175293826032, 0.000305114750518, 0.000145762882312, 6.02096843068e-05, 3.84883314837e-05, 4.97744294989e-05, 7.77622117312e-05, 4.30698491982e-05, 3.99677337555e-05, 2.64157224592e-05, 1.74009692273e-05, 1.94755684788e-05, 9.72719226411e-06, 9.71288500295e-06, 6.06382491242e-06, 4.95061749461e-06, 4.68719281344e-06, 3.53876589543e-06, 1.85881276593e-06, 1.99430382963e-06, 1.43083093462e-06, 1.14599026801e-06, 1.48136393818e-06, 1.12496309157e-06, 9.89558543552e-07, 4.47900703193e-07, 3.19843337593e-07, 2.07943230635e-07, 1.13803096724e-07, 2.79488059363e-08, 5.24042587102e-09, 2.41439068738e-09],
        "min": [8.93127412077e-24, 6.54616855662e-24, 7.83978802851e-24, 3.59435833437e-24, 4.38196731733e-24, 5.08869951928e-24, 3.82921918636e-24, 6.32879911748e-24, 1.19451937287e-23, 7.1220326787e-24, 5.60447176747e-24, 4.82037439883e-24, 8.83297337451e-24, 5.18749882564e-24, 3.87583810485e-24, 8.89100434928e-24, 9.90836749317e-24, 7.92078905512e-24, 9.32961653461e-24, 5.65854542151e-24, 9.36061955705e-24, 7.6457266681e-24, 9.04379881801e-24, 1.03942845115e-23, 7.98165914029e-24, 6.14881419107e-24, 6.36749195602e-24, 6.76232709428e-24, 7.1616161412e-24, 8.50123922007e-24, 1.11789092337e-23, 9.22590420254e-24, 5.93529163213e-24, 1.06141006028e-23, 1.18578431606e-23, 9.77464846999e-24, 6.88551955754e-24, 1.1489138251e-23, 9.06111983691e-24, 1.02108017759e-23],
        "stdev": [0.0195382256061, 0.00493978569284, 0.002405987354, 0.00160111568402, 0.00165286811534, 0.000637795950752, 0.000350825837813, 0.000363553728675, 0.000212789367652, 0.000352427974576, 0.000184014337719, 7.82653223723e-05, 7.2027076385e-05, 8.98451398825e-05, 0.000194264022866, 5.81713356951e-05, 5.36873849342e-05, 2.41672805714e-05, 1.75257173396e-05, 4.0278184315e-05, 1.00939496406e-05, 1.15054845082e-05, 6.24617541689e-06, 5.99523218625e-06, 5.96086238147e-06, 4.8121596592e-06, 3.80111760023e-06, 4.14864871345e-06, 2.91144397124e-06, 1.92608968064e-06, 2.41557700065e-06, 2.17379852074e-06, 2.52229074249e-06, 1.01010118669e-06, 7.85207419085e-07, 5.78578692512e-07, 3.22714470258e-07, 9.28116037358e-08, 3.19936539483e-08, 2.78669691767e-08]
    },
    "melbands128": {
        "max": [0.117477327585, 0.205336079001, 0.129625812173, 0.0812020897865, 0.0368581525981, 0.0449976250529, 0.0383938029408, 0.0224781055003, 0.0147984316573, 0.0231494866312, 0.0213857013732, 0.0204757098109, 0.0235296338797, 0.0146669764072, 0.00559153780341, 0.00187969068065, 0.00140184012707, 0.00273881107569, 0.00646992819384, 0.00302698439918, 0.00317442999221, 0.00192677928135, 0.00074846635107, 0.00457836547866, 0.00624964712188, 0.00379267148674, 0.00394313037395, 0.00232170056552, 0.000749843020458, 0.000886175315827, 0.00131390080787, 0.000612214556895, 0.000358304823749, 0.00191948225256, 0.000377457152354, 0.000179928872967, 0.0030725908, 0.00294149876572, 0.000382514117518, 0.000637274060864, 0.000587818562053, 0.000719308038242, 0.000854645448271, 0.000296126847388, 0.000292185897706, 0.000386996543966, 0.000275912985671, 0.000132691508043, 0.000151907006511, 0.000271334894933, 0.00133647257462, 0.000168371683685, 7.57656380301e-05, 8.13447622932e-05, 9.05222768779e-05, 0.000321275525494, 6.97732393746e-05, 4.43525059381e-05, 6.52845192235e-05, 9.08123183763e-05, 6.59995275782e-05, 9.69111933955e-05, 5.99644008616e-05, 7.73561041569e-05, 8.43250672915e-05, 4.21615368396e-05, 7.42581614759e-05, 6.8887748057e-05, 3.59330770152e-05, 6.33016679785e-05, 4.61518247903e-05, 9.3768874649e-05, 8.97198042367e-05, 2.73473178822e-05, 2.17358629016e-05, 1.65482870216e-05, 2.19886042032e-05, 2.88910541713e-05, 1.95709289983e-05, 3.60375197488e-05, 1.63513341249e-05, 3.32353374688e-05, 5.64630245208e-05, 3.46171218553e-05, 1.53340843099e-05, 2.20649744733e-05, 1.31206916194e-05, 1.21439106806e-05, 7.87487624621e-06, 7.22016829968e-06, 7.48981574361e-06, 7.44182261769e-06, 5.45566717847e-06, 3.21983202412e-06, 3.27526208821e-06, 1.91584808817e-06, 6.91283446486e-07, 8.356868193e-07, 1.22970232042e-06, 1.67192766298e-07, 9.14624763482e-07, 8.16337887954e-07, 9.10349129413e-08, 5.81664281185e-08, 2.8855502876e-08, 1.05464446065e-08, 5.06274799861e-09, 1.40739697674e-09, 7.98822119563e-10, 6.81769196653e-10, 6.54204246331e-10, 6.80545064746e-10, 6.75645595027e-10, 6.35867247745e-10, 6.0847382688e-10, 5.99064131634e-10, 6.02586425202e-10, 4.98279029149e-10, 5.33032673555e-10, 5.30438581947e-10, 5.10248898689e-10, 4.53296317149e-10, 4.83284579023e-10, 4.95633589725e-10, 4.68957983557e-10, 4.66726712833e-10, 4.60041310602e-10, 4.57499677031e-10],
        "mean": [0.00540058594197, 0.0131043000147, 0.0111480653286, 0.00514629716054, 0.00219980627298, 0.00171793112531, 0.00127053819597, 0.000801790738478, 0.000635587901343, 0.000495951040648, 0.000624991953373, 0.000708523613866, 0.000368050386896, 0.000407496554544, 0.000256596395047, 0.000115397873742, 9.18300356716e-05, 0.000126732425997, 0.00025002687471, 0.000149245286593, 0.000198095280211, 0.000147938757436, 9.34468916967e-05, 0.000287199363811, 0.000396999297664, 0.000273278652458, 0.000227243974223, 0.000134757778142, 7.6021948189e-05, 6.37553166598e-05, 6.36241238681e-05, 3.49351103068e-05, 2.75833535852e-05, 5.4255262512e-05, 3.31004011969e-05, 2.12770373764e-05, 0.000116140938189, 0.000108598927909, 3.36656376021e-05, 3.6702320358e-05, 5.03470328113e-05, 4.37186099589e-05, 4.5077627874e-05, 3.18954480463e-05, 3.39736434398e-05, 2.45806295425e-05, 2.02767241717e-05, 1.68532988027e-05, 1.55740654009e-05, 1.92813386093e-05, 2.57645351667e-05, 1.22627325254e-05, 9.92618515738e-06, 8.73841963767e-06, 8.18060561869e-06, 1.23197833091e-05, 8.431862625e-06, 5.62055402042e-06, 5.42216912436e-06, 6.2484132286e-06, 4.76893274026e-06, 4.05593755204e-06, 4.85189548272e-06, 4.59610510006e-06, 5.27368092662e-06, 3.19328455589e-06, 3.07223285745e-06, 1.9927381345e-06, 1.55469240326e-06, 1.62123842529e-06, 1.74107481143e-06, 2.81213601738e-06, 1.51593803821e-06, 1.28115425468e-06, 1.01310672562e-06, 9.86359736999e-07, 1.24985285765e-06, 1.47518971971e-06, 1.44449086292e-06, 1.77201559382e-06, 8.48531158226e-07, 8.58384055391e-07, 1.61033051427e-06, 1.07470907551e-06, 4.3370451408e-07, 4.27582875773e-07, 5.0410261565e-07, 4.0117441813e-07, 3.36711195814e-07, 2.21575248815e-07, 2.13711331298e-07, 2.38318889956e-07, 1.4262526804e-07, 1.28330071902e-07, 8.0385269996e-08, 3.6142854043e-08, 1.88932851586e-08, 1.01774517702e-08, 5.13035214311e-09, 1.96489446935e-09, 3.95091159788e-09, 3.08413894423e-09, 3.04336500445e-10, 1.40941230908e-10, 8.97659516164e-11, 5.41115902086e-11, 4.81850982725e-11, 2.86694435553e-11, 2.26003868398e-11, 2.16780170204e-11, 2.15965422629e-11, 2.07889035847e-11, 1.84191811109e-11, 1.74409601345e-11, 1.74046384943e-11, 1.73115844576e-11, 1.74526591096e-11, 1.65280046593e-11, 1.65392803619e-11, 1.61133224819e-11, 1.5514244403e-11, 1.5478649612e-11, 1.53010416837e-11, 1.49408489053e-11, 1.25756020181e-11, 8.60139477005e-12, 6.47817953794e-12, 6.15035539858e-12],
        "min": [3.73989922708e-24, 6.35086710688e-24, 7.63936371604e-24, 2.171883364e-24, 5.53798893696e-24, 1.58940405159e-24, 6.3170995214e-24, 9.32216258792e-24, 3.53414339818e-24, 9.22535850801e-25, 2.79958728325e-24, 7.27768755708e-24, 2.68075840408e-24, 3.43045354865e-24, 4.46871046247e-24, 5.42463356919e-24, 4.44051420714e-24, 3.37081211434e-24, 3.60881421046e-24, 2.16305995477e-24, 7.20953707461e-24, 1.09248565792e-23, 5.97998454672e-24, 6.85072448073e-24, 5.41554313055e-24, 3.02671493179e-24, 1.11470779073e-23, 4.71926491332e-24, 2.78685861811e-24, 2.59641339609e-24, 6.43574932914e-24, 7.76907138152e-24, 8.98589563871e-24, 3.62716193182e-24, 6.27388611544e-24, 3.8173294748e-24, 6.82255968123e-25, 3.52206475443e-24, 2.13495165743e-24, 4.31372690473e-24, 4.63563421888e-24, 1.0207080719e-23, 5.94667410613e-24, 6.04595382878e-24, 1.42871734504e-23, 5.01276100753e-24, 5.68940211025e-24, 8.54422030649e-24, 7.59468578981e-24, 3.64121548885e-24, 6.01760256227e-24, 6.62491146889e-24, 1.01803880325e-23, 6.6357086081e-24, 5.50086553719e-24, 9.30382551618e-24, 6.80228211027e-24, 5.87065079184e-24, 4.83954016895e-24, 6.61366625669e-24, 1.18109177697e-23, 6.7399471104e-24, 4.48436895701e-24, 6.82845493738e-24, 1.36153211278e-23, 2.07946042034e-24, 5.54659304286e-24, 5.90881982673e-24, 6.19594547471e-24, 7.51318462539e-24, 5.32841659901e-24, 8.77251507474e-24, 6.35547563228e-24, 5.16927258885e-24, 9.67578605476e-24, 9.38908086965e-24, 6.0762598926e-24, 1.15913785686e-23, 7.99108050608e-24, 8.28813712399e-24, 8.76591309782e-24, 8.07350148231e-24, 5.88823884015e-24, 3.7448213247e-24, 7.42636811619e-24, 1.07213209993e-23, 6.94705623017e-24, 1.13855742248e-23, 1.64331953902e-23, 7.11839208562e-24, 8.27039879768e-24, 7.09046562072e-24, 6.6611533166e-24, 7.61789328878e-24, 5.54176994728e-24, 8.88140548979e-24, 1.38502754598e-23, 7.68331589024e-24, 9.13746973962e-24, 6.43431005242e-24, 8.289696702e-24, 1.07838571587e-23, 1.02871848107e-23, 6.83365668619e-24, 8.92145516909e-24, 8.65479888388e-24, 8.14388838544e-24, 6.64839112488e-24, 7.63838237307e-24, 5.66762915484e-24, 7.87686606877e-24, 1.33079351652e-23, 1.19243362463e-23, 7.13709755541e-24, 8.02450848694e-24, 7.23871309519e-24, 9.29697741466e-24, 6.90989220407e-24, 7.19376380081e-24, 8.34882419343e-24, 9.75415149709e-24, 1.20174210443e-23, 9.92476948911e-24, 1.21321963617e-23, 9.55115628693e-24, 9.13212047382e-24, 8.53346813235e-24, 8.93668334e-24],
        "stdev": [0.0135576082394, 0.0302895475179, 0.0208700988442, 0.00904085952789, 0.00451416196302, 0.00454975385219, 0.00372855644673, 0.00205377535895, 0.00159619725309, 0.00161837670021, 0.00209058867767, 0.0024732851889, 0.0015330829192, 0.00147320504766, 0.000782448798418, 0.000285880203592, 0.000195303538931, 0.000346576329321, 0.000818116124719, 0.000370033958461, 0.000360207050107, 0.000269816722721, 0.000119639043987, 0.000463446398498, 0.000646041240543, 0.000378197291866, 0.000366775580915, 0.000208019453567, 0.000105855069705, 9.09177106223e-05, 0.000130247382913, 7.35239082132e-05, 4.49283179478e-05, 0.00015557941515, 4.74509542983e-05, 2.83165863948e-05, 0.000353300303686, 0.000322672218317, 4.71252606076e-05, 5.76553793508e-05, 8.69708019309e-05, 7.51814804971e-05, 8.55965627125e-05, 4.31657026638e-05, 4.14884125348e-05, 3.04589211737e-05, 2.84989455395e-05, 2.17480337596e-05, 1.93800515262e-05, 2.79068626696e-05, 8.08732729638e-05, 1.71155370481e-05, 1.16452065413e-05, 1.08773656393e-05, 9.84645430435e-06, 2.11313381442e-05, 1.03800321085e-05, 6.76185982229e-06, 7.52167215978e-06, 9.54667939368e-06, 6.78786000208e-06, 6.49565618005e-06, 7.59804288464e-06, 7.91646016296e-06, 9.6563671832e-06, 4.85625469082e-06, 6.32088767816e-06, 5.1585698202e-06, 2.91653350359e-06, 4.19701154897e-06, 3.26540248352e-06, 6.97747100276e-06, 4.68509870188e-06, 2.88290857497e-06, 2.09477957469e-06, 1.70695545876e-06, 2.27585496759e-06, 2.90296065941e-06, 2.76782111541e-06, 4.34615230915e-06, 1.72743182247e-06, 2.65904327534e-06, 5.11131565872e-06, 3.00517353935e-06, 1.04800380996e-06, 1.26463623928e-06, 1.16145679385e-06, 9.47820808506e-07, 9.48588080973e-07, 6.86489158852e-07, 6.42167435672e-07, 7.39193865229e-07, 4.85980592657e-07, 3.9046949496e-07, 2.56712354485e-07, 1.45635681292e-07, 6.59033219108e-08, 5.20876781707e-08, 5.47233263148e-08, 1.30559305589e-08, 4.77663988363e-08, 3.96735906349e-08, 4.17261336594e-09, 2.47937492759e-09, 1.24057386586e-09, 4.65785965353e-10, 2.82532774953e-10, 8.50217535264e-11, 3.81205310374e-11, 3.36655842093e-11, 3.21985216267e-11, 3.28886050338e-11, 3.24564056187e-11, 3.07321529336e-11, 2.94305239901e-11, 2.88111756674e-11, 2.881473532e-11, 2.4787935593e-11, 2.57847770913e-11, 2.55803728894e-11, 2.46856562969e-11, 2.24532337167e-11, 2.34624177725e-11, 2.37538651943e-11, 2.27375687722e-11, 2.27141239845e-11, 2.24826737089e-11, 2.23716462022e-11]
    },
    "mfcc": {
        "mean": [-713.475341797, 179.271453857, -61.1516265869, 43.0231590271, -26.1420688629, 30.6356105804, -9.38834476471, 22.7580928802, 7.83034515381, 19.1065196991, 9.6357383728, 3.49230623245, -4.9739575386],
        "cov": [[6198.17382812, 270.137634277, 941.110412598, 490.034088135, -70.7491531372, 601.149047852, -445.568054199, 382.826904297, -587.13269043, 51.7460594177, -467.573303223, 252.441146851, -371.315887451], [270.137634277, 1905.14538574, 260.054840088, 813.753845215, 546.662353516, -13.3245944977, 351.713897705, -202.999542236, 302.279541016, -157.376525879, 167.880126953, -22.7028808594, 221.870239258], [941.110412598, 260.054840088, 782.75213623, 314.084136963, 336.909881592, 138.696853638, 94.5465393066, 85.7498397827, -58.8255119324, 16.5115852356, -91.51587677, 136.994415283, -48.0576133728], [490.034088135, 813.753845215, 314.084136963, 583.566589355, 270.067962646, 80.350944519, 126.772003174, -50.7518920898, 101.750137329, -101.952980042, 35.4562149048, -7.56480979919, 84.1420211792], [-70.7491531372, 546.662353516, 336.909881592, 270.067962646, 561.03503418, 51.1539573669, 277.990509033, 32.099445343, 140.277374268, 87.1063461304, 26.0655841827, 117.751991272, 65.3921432495], [601.149047852, -13.3245944977, 138.696853638, 80.350944519, 51.1539573669, 254.520004272, -28.0030078888, 148.738235474, -42.0081558228, 48.8329658508, 1.7258156538, 60.4194984436, -4.90402126312], [-445.568054199, 351.713897705, 94.5465393066, 126.772003174, 277.990509033, -28.0030078888, 282.059814453, -13.0668334961, 163.363632202, 39.6879844666, 89.9304428101, 45.408164978, 60.4701004028], [382.826904297, -202.999542236, 85.7498397827, -50.7518920898, 32.099445343, 148.738235474, -13.0668334961, 242.894836426, -35.2657089233, 149.19039917, -5.26052474976, 83.2014389038, -45.3058662415], [-587.13269043, 302.279541016, -58.8255119324, 101.750137329, 140.277374268, -42.0081558228, 163.363632202, -35.2657089233, 243.814468384, 9.04142284393, 166.321289062, -11.3509187698, 97.5009536743], [51.7460594177, -157.376525879, 16.5115852356, -101.952980042, 87.1063461304, 48.8329658508, 39.6879844666, 149.19039917, 9.04142284393, 220.683837891, 0.668144524097, 100.555717468, -38.0746688843], [-467.573303223, 167.880126953, -91.51587677, 35.4562149048, 26.0655841827, 1.7258156538, 89.9304428101, -5.26052474976, 166.321289062, 0.668144524097, 210.075622559, -24.794210434, 97.3651733398], [252.441146851, -22.7028808594, 136.994415283, -7.56480979919, 117.751991272, 60.4194984436, 45.408164978, 83.2014389038, -11.3509187698, 100.555717468, -24.794210434, 141.164199829, -22.7084007263], [-371.315887451, 221.870239258, -48.0576133728, 84.1420211792, 65.3921432495, -4.90402126312, 60.4701004028, -45.3058662415, 97.5009536743, -38.0746688843, 97.3651733398, -22.7084007263, 141.288070679]],
        "icov": [[0.000482147996081, -0.000412792403949, -0.000294220895739, -0.000129298408865, 0.000401708763093, -0.000622437160928, 0.000587211514357, -0.000261157256318, 0.000341909792041, -2.74407138932e-05, 0.000275962898741, -0.00052430893993, 0.000831895973533], [-0.000412792403949, 0.00239898613654, 0.000916383753065, -0.00248899729922, -0.00130909401923, 0.000859299383592, -0.000933525850996, 0.00111454841681, 6.5584659751e-05, 0.000154702545842, -0.00104512833059, 2.84969974018e-05, -0.000944206607528], [-0.000294220895739, 0.000916383753065, 0.00336089334451, -0.0019624941051, -0.00214467593469, 0.000564605812542, -0.000361052487278, -0.000429709209129, 0.00145430688281, 0.0015666364925, -0.000991529552266, -0.00179825990926, 0.000941435340792], [-0.000129298408865, -0.00248899729922, -0.0019624941051, 0.0070638130419, 8.8798275101e-05, -0.00175871758256, 0.000507167947944, -0.000595802499447, -0.0023566801101, 0.00135927577503, 0.00190023414325, 0.00202689575963, -0.000806878262665], [0.000401708763093, -0.00130909401923, -0.00214467593469, 8.8798275101e-05, 0.00755166262388, -0.00158476142678, -0.00383152416907, 0.000397937576054, -0.00183124246541, -0.00267915823497, 0.00384066649713, -0.00131473364308, -0.001769874827], [-0.000622437160928, 0.000859299383592, 0.000564605812542, -0.00175871758256, -0.00158476142678, 0.00948537979275, 0.000843383662868, -0.00538075342774, 0.00204011402093, 0.0021545868367, -0.0028243327979, -0.00139709736686, -0.00187490647659], [0.000587211514357, -0.000933525850996, -0.000361052487278, 0.000507167947944, -0.00383152416907, 0.000843383662868, 0.0113394130021, -0.000644098850898, -0.00315695488825, 0.000501853879541, -0.00136661995202, -0.00173626467586, 0.00230376957916], [-0.000261157256318, 0.00111454841681, -0.000429709209129, -0.000595802499447, 0.000397937576054, -0.00538075342774, -0.000644098850898, 0.0131003847346, 0.000261889217654, -0.00717894360423, -0.0014876362402, 0.000501518603414, 0.000868086353876], [0.000341909792041, 6.5584659751e-05, 0.00145430688281, -0.0023566801101, -0.00183124246541, 0.00204011402093, -0.00315695488825, 0.000261889217654, 0.0163355097175, -0.00108414539136, -0.00971207115799, -0.000220636095037, 0.000139521478559], [-2.74407138932e-05, 0.000154702545842, 0.0015666364925, 0.00135927577503, -0.00267915823497, 0.0021545868367, 0.000501853879541, -0.00717894360423, -0.00108414539136, 0.0133541356772, -0.000605683948379, -0.0053579332307, 0.00210939324461], [0.000275962898741, -0.00104512833059, -0.000991529552266, 0.00190023414325, 0.00384066649713, -0.0028243327979, -0.00136661995202, -0.0014876362402, -0.00971207115799, -0.000605683948379, 0.0156822502613, 0.00133699423168, -0.00492338649929], [-0.00052430893993, 2.84969974018e-05, -0.00179825990926, 0.00202689575963, -0.00131473364308, -0.00139709736686, -0.00173626467586, 0.000501518603414, -0.000220636095037, -0.0053579332307, 0.00133699423168, 0.0156334582716, -0.00147778599057], [0.000831895973533, -0.000944206607528, 0.000941435340792, -0.000806878262665, -0.001769874827, -0.00187490647659, 0.00230376957916, 0.000868086353876, 0.000139521478559, 0.00210939324461, -0.00492338649929, -0.00147778599057, 0.0152214113623]]
    },
    "spectral_contrast_coeffs": {
        "max": [-0.495877206326, -0.514243841171, -0.60130739212, -0.678211629391, -0.612034976482, -0.448966026306],
        "mean": [-0.749708175659, -0.768213391304, -0.765679240227, -0.825640082359, -0.80147510767, -0.585328221321],
        "min": [-0.97301864624, -0.966385900974, -0.975440621376, -0.96040481329, -0.959032833576, -0.960257053375],
        "stdev": [0.0761914849281, 0.068690687418, 0.0527150221169, 0.0360857918859, 0.0471280403435, 0.0708740055561]
    },
    "spectral_contrast_valleys": {
        "max": [-4.68116044998, -5.01789188385, -5.89361000061, -5.90664958954, -6.3956785202, -9.7461938858],
        "mean": [-7.29188346863, -6.8957324028, -7.29737329483, -7.39628219604, -8.05876922607, -13.8074998856],
        "min": [-27.5103912354, -27.2499637604, -26.9097900391, -27.3820552826, -27.3895950317, -27.236333847],
        "stdev": [1.91174244881, 1.46680033207, 1.34026837349, 1.3824788332, 1.38542807102, 1.26919090748]
    }
},
"rhythm": {
    "beats_count": 35,
    "beats_loudness": {
        "max": 0.215685680509,
        "mean": 0.0491969808936,
        "min": 0.00117965310346,
        "stdev": 0.055103354156
    },
    "bpm": 172.265686035,
    "bpm_histogram_first_peak_bpm": 172,
    "bpm_histogram_first_peak_weight": 0,
    "bpm_histogram_second_peak_bpm": 167,
    "bpm_histogram_second_peak_spread": 0,
    "bpm_histogram_second_peak_weight": 0.29411765933,
    "danceability": 0.857401490211,
    "onset_rate": 1.41072845459,
    "beats_loudness_band_ratio": {
        "max": [0.987385749817, 0.741158306599, 0.599933326244, 0.483245283365, 0.543118715286, 0.0859206691384],
        "mean": [0.516422271729, 0.0672834292054, 0.19821447134, 0.134137555957, 0.0880504399538, 0.015241199173],
        "min": [0.00113133364357, 0.000690391112585, 0.00634538847953, 0.00156312377658, 0.00112676119898, 0.000235600877204],
        "stdev": [0.369852930307, 0.143103525043, 0.177157863975, 0.144543096423, 0.12441496551, 0.0178016144782]
    },
    "beats_position": [0.348299324512, 0.696598649025, 1.04489791393, 1.40480720997, 1.764716506, 2.12462592125, 2.48453521729, 2.8444442749, 3.20435357094, 3.55265307426, 3.90095233917, 4.2492518425, 4.59755086899, 4.94585037231, 5.30575942993, 5.66566896439, 6.01396799088, 6.3622674942, 6.71056699753, 7.05886602402, 7.40716552734, 7.75546455383, 8.10376358032, 8.44045352936, 8.77714252472, 9.12544155121, 9.47374153137, 9.82204055786, 10.1703395844, 10.5302495956, 10.8901586533, 11.2384576797, 11.5867567062, 11.9350566864, 12.2833557129],
