{
"metadata": {
    "version": {
        "essentia": "2.1-beta5",
        "essentia_git_sha": "Undefined",
        "extractor": "music 2.0"
    },
    "audio_properties": {
        "analysis": {
            "equal_loudness": 0,
            "length": 32.4963264465,
            "sample_rate": 44100,
            "start_time": 45.2440834045,
            "downmix": "mix"
        },
        "bit_rate": 192000,
        "length": 196.022872925,
        "lossless": 0,
        "number_channels": 2,
        "replay_gain": 7.0819683075,
        "sample_rate": 48000,
        "codec": "mp3",
        "md5_encoded": "35e43f6ae58174671422dcc90a6fdae0"
    },
    "tags": {
        "file_name": "Sweden_Undo_Sanna Nielsen.mp3",
        "encoding": ["Lavf58.29.100"]
    }
},
"lowlevel": {
    "average_loudness": 0.859707355499,
    "barkbands_crest": {
        "max": 25.1724205017,
        "mean": 13.4001312256,
        "min": 3.04828882217,
        "stdev": 4.89035177231
    },
    "barkbands_flatness_db": {
        "max": 0.437472492456,
        "mean": 0.244436219335,
        "min": 0.0873959958553,
        "stdev": 0.0653292611241
    },
    "barkbands_kurtosis": {
        "max": 184.796722412,
        "mean": 7.4617767334,
        "min": -1.86992967129,
        "stdev": 13.4664621353
    },
    "barkbands_skewness": {
        "max": 11.1538953781,
        "mean": 1.5964204073,
        "min": -3.75230431557,
        "stdev": 1.59626793861
    },
    "barkbands_spread": {
        "max": 74.9395217896,
        "mean": 12.6396503448,
        "min": 0.693847835064,
        "stdev": 11.3392457962
    },
    "dissonance": {
        "max": 0.499875545502,
        "mean": 0.416297525167,
        "min": 0.192692503333,
        "stdev": 0.0570006109774
    },
    "dynamic_complexity": 3.86223697662,
    "erbbands_crest": {
        "max": 31.192741394,
        "mean": 14.4040803909,
        "min": 2.92131686211,
        "stdev": 6.1061372757
    },
    "erbbands_flatness_db": {
        "max": 0.435656428337,
        "mean": 0.292327523232,
        "min": 0.148868426681,
        "stdev": 0.0534952543676
    },
    "erbbands_kurtosis": {
        "max": 52.0144577026,
        "mean": 3.77600288391,
        "min": -1.87422382832,
        "stdev": 5.12514400482
    },
    "erbbands_skewness": {
        "max": 6.72801351547,
        "mean": 1.19364380836,
        "min": -3.85759019852,
        "stdev": 1.15082514286
    },
    "erbbands_spread": {
        "max": 91.8651428223,
        "mean": 22.2686042786,
        "min": 2.95047068596,
        "stdev": 14.3055124283
    },
    "hfc": {
        "max": 90.0008010864,
        "mean": 17.3500652313,
        "min": 0.158197075129,
        "stdev": 16.905796051
    },
    "loudness_ebu128": {
        "integrated": -31.8632926941,
        "loudness_range": 4.90648078918,
        "momentary": {
            "max": -27.5095348358,
            "mean": -32.9439315796,
            "min": -44.1879730225,
            "stdev": 3.31595802307
        },
        "short_term": {
            "max": -29.6091327667,
            "mean": -32.1191711426,
            "min": -35.4029998779,
            "stdev": 1.53710341454
        }
    },
    "melbands_crest": {
        "max": 31.5538196564,
        "mean": 15.7123680115,
        "min": 4.13001203537,
        "stdev": 6.00836658478
    },
    "melbands_flatness_db": {
        "max": 0.492135584354,
        "mean": 0.255554735661,
        "min": 0.0445848666131,
        "stdev": 0.0821334198117
    },
    "melbands_kurtosis": {
        "max": 320.111572266,
        "mean": 12.9869432449,
        "min": -1.91474843025,
        "stdev": 23.0701370239
    },
    "melbands_skewness": {
        "max": 12.0115175247,
        "mean": 2.01820707321,
        "min": -1.26390004158,
        "stdev": 1.77156794071
    },
    "melbands_spread": {
        "max": 171.337432861,
        "mean": 20.1658267975,
        "min": 0.583331346512,
        "stdev": 25.9242267609
    },
    "pitch_salience": {
        "max": 0.826045274734,
        "mean": 0.543267190456,
        "min": 0.124720945954,
        "stdev": 0.143732234836
    },
    "silence_rate_20dB": {
        "max": 1,
        "mean": 1,
        "min": 1,
        "stdev": 0
    },
    "silence_rate_30dB": {
        "max": 1,
        "mean": 0.998572468758,
        "min": 0,
        "stdev": 0.0377559661865
    },
    "silence_rate_60dB": {
        "max": 1,
        "mean": 0.163454681635,
        "min": 0,
        "stdev": 0.369780987501
    },
    "spectral_centroid": {
        "max": 4815.24462891,
        "mean": 1320.01208496,
        "min": 289.424591064,
        "stdev": 867.109558105
    },
    "spectral_complexity": {
        "max": 35,
        "mean": 9.68593883514,
        "min": 0,
        "stdev": 4.85859060287
    },
    "spectral_decrease": {
        "max": -3.55985275979e-11,
        "mean": -4.29470725649e-09,
        "min": -2.89315060797e-08,
        "stdev": 3.76611009045e-09
    },
    "spectral_energy": {
        "max": 0.115533955395,
        "mean": 0.017782907933,
        "min": 0.000150089224917,
        "stdev": 0.0154034895822
    },
    "spectral_energyband_high": {
        "max": 0.00991771835834,
        "mean": 0.000617497658823,
        "min": 5.5275467048e-07,
        "stdev": 0.00131840258837
    },
    "spectral_energyband_low": {
        "max": 0.0143966926262,
        "mean": 0.000240222012508,
        "min": 1.96499541971e-07,
        "stdev": 0.00083785894094
    },
    "spectral_energyband_middle_high": {
        "max": 0.0464313104749,
        "mean": 0.00673860684037,
        "min": 9.27922064875e-06,
        "stdev": 0.00852067954838
    },
    "spectral_energyband_middle_low": {
        "max": 0.103338003159,
        "mean": 0.0103429900482,
        "min": 5.43452515558e-05,
        "stdev": 0.0120568601415
    },
    "spectral_entropy": {
        "max": 8.2297296524,
        "mean": 6.85442399979,
        "min": 5.09400701523,
        "stdev": 0.637630939484
    },
    "spectral_flux": {
        "max": 0.202706575394,
        "mean": 0.0535573624074,
        "min": 0.00771173741668,
        "stdev": 0.0352528616786
    },
    "spectral_kurtosis": {
        "max": 43.3087043762,
        "mean": 4.85811138153,
        "min": -1.51844096184,
        "stdev": 5.44725227356
    },
    "spectral_rms": {
        "max": 0.0106167821214,
        "mean": 0.00374968536198,
        "min": 0.00038265978219,
        "stdev": 0.00181357795373
    },
    "spectral_rolloff": {
        "max": 7428.95507812,
        "mean": 1529.37939453,
        "min": 258.3984375,
        "stdev": 1475.12512207
    },
    "spectral_skewness": {
        "max": 4.82735776901,
        "mean": 1.4222869873,
        "min": -0.832964241505,
        "stdev": 0.76481628418
    },
    "spectral_spread": {
        "max": 16368015,
        "mean": 3356382.5,
        "min": 1292427.625,
        "stdev": 916044.0625
    },
    "spectral_strongpeak": {
        "max": 13.7125234604,
        "mean": 2.1218085289,
        "min": 0,
        "stdev": 1.85767388344
    },
    "zerocrossingrate": {
        "max": 0.26708984375,
        "mean": 0.0569138675928,
        "min": 0.0126953125,
        "stdev": 0.0417922139168
    },
    "barkbands": {
        "max": [0.00317874667235, 0.0116240531206, 0.000914487871341, 0.00123151345178, 0.0333233699203, 0.0430535636842, 0.0897441208363, 0.0210625529289, 0.0439517311752, 0.0329043492675, 0.0323676466942, 0.0200914833695, 0.0258282870054, 0.0151934837922, 0.0236146319658, 0.00649233581498, 0.00459780171514, 0.00478977710009, 0.00378697458655, 0.00729980645701, 0.00408984487876, 0.00818447396159, 0.00278275227174, 0.000649770197924, 2.2792517484e-05, 2.52416100466e-07, 2.64777156644e-07],
        "mean": [4.11981454818e-05, 0.000178782807779, 2.01953589567e-05, 1.58263683261e-05, 0.00114855542779, 0.00279030529782, 0.00295444671065, 0.000727888836991, 0.00231797993183, 0.0014301110059, 0.00183497113176, 0.000889772782102, 0.00122597976588, 0.000521157518961, 0.000355586671503, 8.37524785311e-05, 6.07963229413e-05, 6.9028690632e-05, 0.000313583557727, 0.000437392591266, 0.000107166088128, 0.00014078822278, 9.12508694455e-05, 2.60704691755e-05, 3.32653968371e-07, 1.99651895016e-09, 1.97169613969e-09],
        "min": [6.98000546251e-10, 2.0000973322e-08, 4.2320125182e-09, 2.06397476887e-09, 3.87568974247e-07, 5.37435653314e-07, 3.81595373256e-06, 1.98622205971e-06, 8.00852319571e-07, 6.39713505279e-07, 1.92934251686e-07, 2.80131359887e-07, 4.46031492629e-07, 1.92814553657e-07, 8.67675140626e-08, 6.37893204924e-09, 2.05724304259e-09, 8.16842771201e-09, 3.48238529568e-07, 4.46246133379e-07, 6.53914211668e-09, 1.2921763215e-08, 4.40345510055e-10, 5.41268641019e-10, 3.9245903749e-10, 5.77339953622e-10, 7.55019324838e-10],
        "stdev": [0.000184130462003, 0.000666513049509, 6.00386410952e-05, 6.16441102466e-05, 0.00334905879572, 0.00590618280694, 0.00766266742721, 0.00184466759674, 0.00531092379242, 0.00322780851275, 0.00401097442955, 0.00245123263448, 0.00342373689637, 0.00149230845273, 0.00130207987968, 0.000350893766154, 0.000202162933419, 0.000210624217289, 0.000581793603487, 0.000994169036858, 0.000338125450071, 0.000633855757769, 0.000221492853598, 6.00115017733e-05, 1.58136504069e-06, 8.23794810145e-09, 8.55543724754e-09]
    },
    "erbbands": {
        "max": [0.627709388733, 1.66079056263, 1.73289275169, 2.36933803558, 6.51352405548, 87.0718383789, 350.988098145, 390.411743164, 502.222381592, 2204.3972168, 619.686828613, 602.013061523, 1146.06677246, 1363.66320801, 1336.13635254, 664.064697266, 1203.12011719, 912.598876953, 665.635620117, 623.993774414, 354.277801514, 166.313247681, 322.589385986, 198.801177979, 302.001617432, 506.07321167, 150.101135254, 278.668487549, 268.012329102, 142.189743042, 94.4939498901, 25.9741802216, 10.020904541, 0.676220476627, 0.0212925747037, 0.00161464291159, 0.000462923810119, 0.000165480407304, 5.77474093006e-05, 0.000132135231979],
        "mean": [0.00834452454001, 0.0276341512799, 0.0276578180492, 0.0421176701784, 0.237930551171, 3.83725309372, 20.0410327911, 20.6004829407, 25.1398200989, 50.3120994568, 17.4795074463, 35.5715484619, 67.2761764526, 79.1540756226, 44.9842033386, 28.3780193329, 50.5775566101, 44.4245834351, 14.6140832901, 12.2932920456, 4.71581172943, 3.76879906654, 3.86481904984, 10.1320171356, 18.8924121857, 21.3192653656, 6.37401103973, 4.83223819733, 4.87261772156, 3.42835783958, 2.57115793228, 1.01744234562, 0.21499350667, 0.0174243208021, 0.00063503428828, 7.8919743828e-05, 2.31010944844e-05, 7.52631694922e-06, 1.13215201054e-05, 2.19128069148e-05],
        "min": [1.58016734986e-06, 1.08304020614e-05, 3.21042716678e-05, 9.4666829682e-05, 0.000259000749793, 0.00134901993442, 0.00385237461887, 0.01964805834, 0.0231572501361, 0.109769850969, 0.0810875818133, 0.0853185728192, 0.216254726052, 0.0811837166548, 0.0448510460556, 0.0298404432833, 0.0308966953307, 0.0159494969994, 0.0128502752632, 0.00190785282757, 0.000408595020417, 0.000894616066944, 0.00732022058219, 0.0113512715325, 0.015564635396, 0.0214208867401, 0.00764277251437, 0.000995059264824, 0.0007150216843, 9.25873391679e-05, 2.96549333143e-05, 1.47127102537e-05, 1.30266062115e-05, 9.53338803811e-06, 6.32474120721e-06, 3.41292434314e-06, 1.50910523189e-06, 5.65573657241e-07, 2.77886641697e-07, 2.04911216883e-07],
        "stdev": [0.0331721790135, 0.101620703936, 0.0850168466568, 0.130704134703, 0.533791661263, 8.94756889343, 51.7151679993, 39.3242301941, 48.6385002136, 168.069885254, 37.4858665466, 73.3592605591, 140.733581543, 156.79347229, 93.8914108276, 67.968460083, 141.06199646, 107.154594421, 38.6807975769, 38.4399719238, 17.1232872009, 10.7331151962, 12.9156646729, 19.5905513763, 36.8607711792, 50.3153305054, 14.1192312241, 21.7547187805, 20.9514312744, 11.8101024628, 6.6290397644, 2.24313879013, 0.649993360043, 0.0579588115215, 0.0018693957245, 0.000163581600646, 3.51676353603e-05, 1.12126499516e-05, 9.40789141168e-06, 1.84922555491e-05]
    },
    "gfcc": {
        "mean": [-106.677192688, 116.866355896, -190.044189453, 16.0074806213, -106.478408813, -10.4686765671, -14.7362289429, -22.7467575073, 3.00818157196, -17.3401966095, 19.4607982635, -7.18313503265, 4.12168884277],
        "cov": [[3540.16455078, -907.827209473, -939.378662109, 198.39125061, -28.0022201538, 623.700927734, 106.630691528, 172.353363037, 46.5354957581, 181.446685791, 569.540039062, -214.468978882, 183.253494263], [-907.827209473, 1315.78503418, 577.304260254, -143.365921021, 358.946746826, -367.412017822, 204.946136475, -62.5531082153, -39.3628730774, -87.3505096436, -150.81022644, 118.622947693, -32.5826187134], [-939.378662109, 577.304260254, 1220.87426758, 281.304504395, -209.304092407, -173.898193359, -92.0153198242, -102.418869019, -101.354553223, -119.166664124, -287.927154541, 78.4751052856, 29.3004055023], [198.39125061, -143.365921021, 281.304504395, 608.783813477, 48.6921195984, 189.078842163, -58.4069023132, 68.3158798218, 52.67552948, -34.0238723755, -141.488510132, 18.936132431, 69.6199035645], [-28.0022201538, 358.946746826, -209.304092407, 48.6921195984, 498.865631104, 39.3350067139, 166.524383545, 91.7376937866, 69.7944259644, 51.1729125977, -20.7699890137, 38.6597251892, -5.72333049774], [623.700927734, -367.412017822, -173.898193359, 189.078842163, 39.3350067139, 516.588317871, 83.5369949341, 111.81300354, 73.8057479858, 51.6712722778, 62.468547821, -39.2534751892, 71.5004653931], [106.630691528, 204.946136475, -92.0153198242, -58.4069023132, 166.524383545, 83.5369949341, 371.07119751, 72.4617767334, -2.34659099579, 65.0445861816, -5.37351942062, 15.1461925507, -9.31067276001], [172.353363037, -62.5531082153, -102.418869019, 68.3158798218, 91.7376937866, 111.81300354, 72.4617767334, 215.91178894, 94.3892288208, 19.8504295349, 31.3975086212, -7.82953214645, 28.2600917816], [46.5354957581, -39.3628730774, -101.354553223, 52.67552948, 69.7944259644, 73.8057479858, -2.34659099579, 94.3892288208, 226.554550171, 40.0005149841, -17.3516349792, 57.2906036377, -15.1885347366], [181.446685791, -87.3505096436, -119.166664124, -34.0238723755, 51.1729125977, 51.6712722778, 65.0445861816, 19.8504295349, 40.0005149841, 184.767913818, 86.5672683716, -34.0463294983, -3.11699962616], [569.540039062, -150.81022644, -287.927154541, -141.488510132, -20.7699890137, 62.468547821, -5.37351942062, 31.3975086212, -17.3516349792, 86.5672683716, 282.172515869, -45.1303405762, 24.436964035], [-214.468978882, 118.622947693, 78.4751052856, 18.936132431, 38.6597251892, -39.2534751892, 15.1461925507, -7.82953214645, 57.2906036377, -34.0463294983, -45.1303405762, 137.834625244, 28.8803596497], [183.253494263, -32.5826187134, 29.3004055023, 69.6199035645, -5.72333049774, 71.5004653931, -9.31067276001, 28.2600917816, -15.1885347366, -3.11699962616, 24.436964035, 28.8803596497, 134.538711548]],
        "icov": [[0.000802208494861, 0.000164561497513, 0.000252530589933, -0.000679276068695, 8.94586410141e-05, -7.56036024541e-05, -0.000751758750994, 0.00069922482362, -0.000807863369118, 0.000685370119754, -0.00165163911879, 0.00129839673173, -0.000965273880865], [0.000164561497513, 0.00643941061571, -0.0051251379773, 0.0025976463221, -0.00696389237419, 0.00322179030627, -0.00395004358143, 0.00348114338703, -0.00439279200509, 0.00533547764644, -0.00370488269255, 0.003188226372, -0.00228948588483], [0.000252530589933, -0.0051251379773, 0.00581102864817, -0.00308182393201, 0.00641335826367, -0.00220998330042, 0.00285746599548, -0.00267950980924, 0.00413433648646, -0.00440559489653, 0.00347441900522, -0.00291974609718, 0.00131228659302], [-0.000679276068695, 0.0025976463221, -0.00308182393201, 0.00469682971016, -0.00367739680223, 0.000169163744431, 5.78426806896e-05, 0.000107662512164, -0.00113316578791, 0.00140221079346, 0.00127574568614, 0.000312314456096, -0.000864123692736], [8.94586410141e-05, -0.00696389237419, 0.00641335826367, -0.00367739680223, 0.010604519397, -0.00311464583501, 0.00304736592807, -0.00436316849664, 0.00472836149856, -0.00628126552328, 0.00415678787977, -0.00412714900449, 0.00245082890615], [-7.56036024541e-05, 0.00322179030627, -0.00220998330042, 0.000169163744431, -0.00311464583501, 0.00495387194678, -0.00309375463985, 0.00173621356953, -0.00350154493935, 0.00292233028449, -0.00226856069639, 0.00305488193408, -0.0026383434888], [-0.000751758750994, -0.00395004358143, 0.00285746599548, 5.78426806896e-05, 0.00304736592807, -0.00309375463985, 0.00751883536577, -0.00480775116012, 0.00585661968216, -0.00588498916477, 0.00496790464967, -0.0052272384055, 0.00346369156614], [0.00069922482362, 0.00348114338703, -0.00267950980924, 0.000107662512164, -0.00436316849664, 0.00173621356953, -0.00480775116012, 0.0108129037544, -0.00785342045128, 0.00567177683115, -0.00503553031012, 0.00642580911517, -0.00451374892145], [-0.000807863369118, -0.00439279200509, 0.00413433648646, -0.00113316578791, 0.00472836149856, -0.00350154493935, 0.00585661968216, -0.00785342045128, 0.0138074159622, -0.00801971089095, 0.00619616545737, -0.0100890686736, 0.006252752617], [0.000685370119754, 0.00533547764644, -0.00440559489653, 0.00140221079346, -0.00628126552328, 0.00292233028449, -0.00588498916477, 0.00567177683115, -0.00801971089095, 0.0135300084949, -0.00731796724722, 0.00740317488089, -0.00367832160555], [-0.00165163911879, -0.00370488269255, 0.00347441900522, 0.00127574568614, 0.00415678787977, -0.00226856069639, 0.00496790464967, -0.00503553031012, 0.00619616545737, -0.00731796724722, 0.0121867805719, -0.00501410476863, 0.00211232434958], [0.00129839673173, 0.003188226372, -0.00291974609718, 0.000312314456096, -0.00412714900449, 0.00305488193408, -0.0052272384055, 0.00642580911517, -0.0100890686736, 0.00740317488089, -0.00501410476863, 0.0171254631132, -0.00776565028355], [-0.000965273880865, -0.00228948588483, 0.00131228659302, -0.000864123692736, 0.00245082890615, -0.0026383434888, 0.00346369156614, -0.00451374892145, 0.006252752617, -0.00367832160555, 0.00211232434958, -0.00776565028355, 0.0129527095705]]
    },
    "melbands": {
        "max": [0.00432405667379, 0.0013056693133, 0.000470624538139, 0.00242030154914, 0.0112164858729, 0.00764677627012, 0.00753338681534, 0.0197716280818, 0.00515322806314, 0.00543562881649, 0.00564122200012, 0.00505442125723, 0.00336976326071, 0.00286538223736, 0.00169971527066, 0.0034838092979, 0.0014814233873, 0.00062055408489, 0.00229330966249, 0.00066814722959, 0.000570478325244, 0.000248901546001, 0.000278325023828, 0.000152895052452, 0.000194886451936, 0.000254021404544, 0.00031149701681, 0.000460457114968, 0.000119205302326, 9.78906173259e-05, 0.000262999266852, 0.00022319459822, 0.000122506782645, 5.97114085394e-05, 5.9510126448e-05, 4.46236190328e-05, 1.22422534332e-05, 1.01296482171e-05, 1.72214868144e-06, 2.13648078784e-07],
        "mean": [6.25909960945e-05, 2.05599753826e-05, 9.27745441004e-06, 0.000112867106509, 0.000599755439907, 0.000481915223645, 0.000455131550552, 0.000471188162919, 0.000125039558043, 0.000285616872134, 0.00033664109651, 0.000308243237669, 0.000184089731192, 0.000116562448966, 5.06436008436e-05, 0.000154060486238, 6.63439495838e-05, 1.71267274709e-05, 3.2321386243e-05, 5.95791561864e-06, 5.20894673173e-06, 4.44208944828e-06, 2.19670255319e-06, 3.84432314604e-06, 8.14062877907e-06, 1.46288157339e-05, 1.35352747748e-05, 1.54420631588e-05, 4.22091443397e-06, 1.82780775049e-06, 3.29151771439e-06, 3.06122183247e-06, 2.15757086153e-06, 1.76423770881e-06, 1.58556804308e-06, 1.039316885e-06, 4.55356655493e-07, 1.67849137256e-07, 4.37798952646e-08, 2.04735783882e-09],
        "min": [6.8637335815e-09, 7.1651666822e-09, 6.68112098978e-09, 3.10571550699e-08, 9.71517124526e-08, 9.77662963919e-08, 4.28881605785e-07, 7.11732980108e-07, 4.7275349857e-07, 1.95694425997e-07, 7.6069301258e-07, 1.02322282203e-07, 1.24682884461e-07, 2.9478000485e-08, 2.25819096755e-08, 4.77251873576e-08, 2.09214174873e-08, 2.06665244917e-08, 1.83966075706e-09, 2.45651193831e-10, 1.17836310154e-10, 1.62027932737e-10, 5.80391734673e-10, 3.58927637611e-10, 7.64953433929e-09, 1.36517259719e-08, 4.15742640314e-09, 6.36062891246e-09, 4.37263203423e-09, 7.8426452832e-11, 8.00935845424e-11, 3.34201277763e-10, 7.14291542581e-11, 6.12541874861e-12, 6.38757840024e-12, 5.41624514336e-12, 6.08211658121e-12, 3.96148782181e-12, 2.85849100466e-12, 2.57284731714e-12],
        "stdev": [0.000238565320615, 6.62940801703e-05, 2.61692002823e-05, 0.000264254165813, 0.00148620724212, 0.000900851679035, 0.000876017962582, 0.00151081616059, 0.00031375643448, 0.000641093763988, 0.000720197509509, 0.000612257630564, 0.000362967606634, 0.000351171474904, 0.000169033242855, 0.0004283223534, 0.000177057416295, 4.25758262281e-05, 0.000127774386783, 2.76959399343e-05, 2.48044034379e-05, 1.42826265801e-05, 1.03822758319e-05, 1.03029096863e-05, 1.78607151611e-05, 2.94918227155e-05, 3.08526941808e-05, 4.09379354096e-05, 9.97594906949e-06, 6.77769230606e-06, 1.76127068698e-05, 1.41863110912e-05, 9.63594266068e-06, 5.14821385877e-06, 4.15039312429e-06, 2.58900240624e-06, 1.04119669686e-06, 5.69358178382e-07, 1.49636548485e-07, 1.20145244864e-08]
    },
    "melbands128": {
        "max": [0.00264908885583, 0.00625128112733, 0.00462720356882, 0.00262198131531, 0.00126305501908, 0.000382451311452, 0.000504810886923, 0.000598154554609, 0.000727147504222, 0.00190921360627, 0.00401472812518, 0.0158504936844, 0.0168770868331, 0.0183837786317, 0.00984697788954, 0.0125190224499, 0.0147044193, 0.00888134166598, 0.0253020375967, 0.0420147366822, 0.00464032031596, 0.00743844406679, 0.00927753094584, 0.00896512903273, 0.00316389463842, 0.0104234926403, 0.0179743766785, 0.00902422424406, 0.0118049895391, 0.00789326895028, 0.0112856412306, 0.00858680531383, 0.00567552773282, 0.0104419915006, 0.00687452731654, 0.00532946875319, 0.00184052414261, 0.00342727801763, 0.00337787647732, 0.00514769740403, 0.00664537586272, 0.00670422101393, 0.00224077305757, 0.00124532973859, 0.00100987125188, 0.000338372687111, 0.00189846067224, 0.00585086503997, 0.000646686763503, 0.000580042426009, 0.00129504338838, 0.000253708596574, 0.000645646068733, 0.00108363595791, 0.000718878291082, 0.0003376857494, 8.2309517893e-05, 4.97204491694e-05, 0.000571845739614, 0.000526766758412, 0.00014158769045, 0.000168454134837, 0.000166324476595, 0.000510531303007, 0.000439066498075, 0.000566897855606, 0.000206551005249, 0.000800069945399, 0.000444373901701, 0.000233513550484, 0.000942504033446, 0.000579411978833, 0.000199834539671, 0.000197977715288, 0.00012159954349, 7.46719524614e-05, 0.000204544907319, 0.000160532290465, 0.000379220524337, 0.000597747974098, 0.000305424182443, 0.000133281646413, 0.000100004595879, 0.000147950238897, 0.000189900223631, 6.8729481427e-05, 5.98478909524e-05, 5.71393757127e-05, 7.46677324059e-05, 9.39607562032e-05, 6.43873936497e-05, 3.20862600347e-05, 1.8021573851e-05, 1.93991054402e-05, 1.23301633721e-05, 1.8317181457e-05, 8.31531087897e-06, 3.96737050323e-06, 2.09037648347e-06, 8.95848643268e-07, 4.19194094547e-07, 6.12530115518e-08, 6.36376817909e-09, 2.21574536496e-09, 1.99611305263e-09, 1.97219307552e-09, 1.80538428651e-09, 1.82809523075e-09, 1.76394332474e-09, 1.68332292549e-09, 1.6223898891e-09, 1.4918988267e-09, 1.42860534513e-09, 1.42731793051e-09, 1.41411571342e-09, 1.31862187835e-09, 1.28977373226e-09, 1.22793697432e-09, 1.20318377483e-09, 1.16637266512e-09, 1.11954245874e-09, 1.11037057327e-09, 1.07873432409e-09, 1.10090481176e-09, 1.08129005749e-09, 1.06272823874e-09, 1.04409503265e-09, 1.03528574602e-09],
        "mean": [3.38696154358e-05, 7.85644660937e-05, 7.283611194e-05, 3.6682929931e-05, 1.61447533173e-05, 9.01836574485e-06, 7.40126642995e-06, 8.22455967864e-06, 1.11107601697e-05, 4.88353434775e-05, 0.000180416391231, 0.000474133034004, 0.000789101351984, 0.000704301928636, 0.000397034746129, 0.000441543583293, 0.000339712889399, 0.000303192151478, 0.000793886312749, 0.000732572749257, 0.000173434382305, 0.000142817851156, 0.000105842205812, 0.000144165271195, 9.31088870857e-05, 0.000380660843803, 0.000652224291116, 0.000220554720727, 0.000242701964453, 0.000157316346304, 0.000458437076304, 0.000377132324502, 9.57282900345e-05, 8.53187812027e-05, 0.000197624307475, 0.000102048477856, 2.4184349968e-05, 5.98599253863e-05, 3.55847514584e-05, 0.000131071588839, 0.000193380677956, 0.000171633670107, 6.33746094536e-05, 2.100589154e-05, 1.30541129693e-05, 1.06148499981e-05, 2.10114449146e-05, 6.64668696118e-05, 1.33863331939e-05, 7.1524887062e-06, 6.4627311076e-06, 2.8820411444e-06, 5.9074368437e-06, 6.51574464428e-06, 3.47024183611e-06, 6.60171235722e-06, 2.32494630836e-06, 9.78160869636e-07, 2.63901210928e-06, 3.57613316737e-06, 4.8396850616e-06, 3.05714775095e-06, 2.93127436635e-06, 8.89931925485e-06, 1.77747097041e-05, 1.82011935976e-05, 6.55338908473e-06, 1.89761231013e-05, 1.48817480294e-05, 6.73993235978e-06, 2.20282036025e-05, 1.67212147062e-05, 3.03169895233e-06, 4.10920574723e-06, 2.16001672015e-06, 1.42858982599e-06, 1.8838888991e-06, 2.12328109228e-06, 3.55007364305e-06, 4.47474758403e-06, 3.51622566086e-06, 2.3583577331e-06, 2.10575421988e-06, 2.23710981118e-06, 2.17815090764e-06, 1.73847547558e-06, 1.71698786744e-06, 1.53180531015e-06, 1.68804160694e-06, 1.54209419634e-06, 1.25569249576e-06, 8.92387106433e-07, 6.97777124969e-07, 4.61916499717e-07, 3.01218676668e-07, 2.18348503722e-07, 1.41706237855e-07, 8.47409395988e-08, 5.51108456648e-08, 1.44637750665e-08, 3.03863445517e-09, 3.34621025333e-10, 2.62728224593e-11, 1.61687156719e-11, 1.46417912517e-11, 1.47240709208e-11, 1.66834185356e-11, 1.85034730593e-11, 1.37998293348e-11, 1.2068357598e-11, 1.20016982463e-11, 1.15296158038e-11, 1.08922046729e-11, 1.05495091829e-11, 1.02855198317e-11, 1.03150864586e-11, 1.11975324846e-11, 9.66084070381e-12, 9.3003174606e-12, 9.02082662041e-12, 8.71694903759e-12, 8.66326975435e-12, 8.55507418379e-12, 8.19976031519e-12, 6.98866658988e-12, 4.84358907149e-12, 3.689897346e-12, 3.51142292326e-12],
        "min": [1.15022089076e-10, 1.63260771568e-09, 2.78765988071e-09, 8.85916340287e-10, 1.03533737139e-09, 1.56533763729e-09, 2.8676403474e-09, 9.36173805144e-10, 2.18251394735e-09, 3.52697493433e-09, 1.15518838939e-08, 5.36356878911e-08, 1.17895577745e-08, 3.94928321157e-08, 3.06067278188e-08, 8.75079138041e-08, 2.35259633996e-08, 5.34945137076e-08, 1.35348585673e-07, 3.88156792042e-07, 2.16608114556e-07, 1.04549911839e-07, 1.26526387589e-07, 4.96742131872e-08, 7.14448233907e-08, 6.24590601461e-09, 3.96600583485e-08, 1.48282921941e-07, 3.56747023034e-08, 1.34759403636e-08, 2.82795404871e-08, 5.16384668359e-09, 5.9524620788e-09, 2.66170765428e-08, 7.45209138842e-09, 1.15062634976e-08, 3.64462371394e-09, 3.63455554542e-09, 5.77957104397e-09, 4.704720169e-09, 1.53333683528e-08, 3.3902960439e-09, 9.44399225489e-10, 6.58640431084e-09, 5.5814610711e-09, 7.69463159855e-09, 8.32270918849e-10, 2.25864785208e-10, 1.97462102225e-10, 1.06815639667e-10, 3.45553204106e-11, 2.77911693658e-10, 6.53523207772e-11, 3.01317720774e-11, 3.26910651327e-11, 1.06537799416e-11, 5.62535261428e-12, 1.05783741142e-11, 1.82999379539e-10, 4.0502581844e-10, 6.89877460713e-11, 3.10555858807e-10, 9.97485288812e-11, 3.85816406601e-10, 1.36463507161e-08, 7.20708159818e-09, 2.05912087381e-09, 2.39998199092e-09, 8.21432866172e-10, 3.90885057655e-09, 3.39728106757e-10, 2.05538674969e-09, 1.96835236999e-09, 4.41143371832e-11, 2.6148229415e-11, 1.10120332991e-11, 1.07242591543e-11, 1.50038766134e-11, 3.32792508828e-11, 7.15454154254e-11, 3.25864141226e-10, 6.34326202675e-11, 1.22796800506e-10, 2.33426923624e-11, 7.04841393584e-12, 3.13559074538e-12, 2.99856168541e-12, 4.49679789932e-12, 4.54558959917e-12, 4.89421610878e-12, 3.9720835128e-12, 4.46338148732e-12, 3.85726216592e-12, 3.89667855275e-12, 4.12686204654e-12, 2.9774672311e-12, 1.623924736e-12, 1.71908711225e-12, 2.51984305817e-12, 1.51668770858e-12, 1.84905519715e-12, 1.98870780954e-12, 2.11389803231e-12, 2.2541855535e-12, 1.71174500355e-12, 1.87269297292e-12, 2.03069505655e-12, 1.94086348555e-12, 1.73230060938e-12, 2.11755439572e-12, 1.84861587843e-12, 1.91347176819e-12, 2.06511890921e-12, 2.20518893944e-12, 2.11504490137e-12, 2.41492264554e-12, 2.2095036304e-12, 1.84618878345e-12, 1.96773999005e-12, 2.24703849278e-12, 1.4790380292e-12, 2.13672222277e-12, 2.4105754285e-12, 2.01253705541e-12, 1.38436311026e-12, 5.76871775175e-13, 8.63591289408e-14, 2.39062492099e-15],
        "stdev": [0.000158147304319, 0.000325249624439, 0.000277896499028, 0.000136607675813, 5.57864077564e-05, 2.64182090177e-05, 2.67419618467e-05, 3.21954357787e-05, 3.3298299968e-05, 0.000155763293151, 0.000419664400397, 0.00156345136929, 0.00219408958219, 0.00228338944726, 0.00092954892898, 0.00115201366134, 0.00116013910156, 0.000663895858452, 0.00227255863138, 0.0030703493394, 0.00047916956828, 0.000509235716891, 0.000381896301406, 0.000537656072993, 0.000293710909318, 0.00102420803159, 0.00192626717035, 0.000621917715762, 0.000857051520143, 0.000490255537443, 0.00120359554421, 0.000909774447791, 0.000375084928237, 0.000525619485416, 0.000667715328746, 0.000401656754548, 8.54861209518e-05, 0.000302874337649, 0.000187770157936, 0.000537634477951, 0.000670140376315, 0.000591247109696, 0.000213966617594, 9.62130798143e-05, 5.49917167518e-05, 3.36282646458e-05, 9.29017187445e-05, 0.00031265130383, 4.12572444475e-05, 3.1632174796e-05, 5.23449380125e-05, 1.21841349028e-05, 3.04940022033e-05, 4.87537872687e-05, 2.20685014938e-05, 2.62210451183e-05, 5.74529076403e-06, 2.92183199235e-06, 2.22997914534e-05, 1.99263668037e-05, 1.43504521475e-05, 1.07559362732e-05, 1.07205805762e-05, 3.35783406626e-05, 4.95722197229e-05, 5.62050299777e-05, 1.98528578039e-05, 5.95246056037e-05, 4.33643435827e-05, 2.16706812353e-05, 7.33648339519e-05, 5.28223681613e-05, 9.76677438302e-06, 1.43583019963e-05, 7.38885228202e-06, 5.55143242309e-06, 1.07339701572e-05, 1.00423712865e-05, 2.22955150093e-05, 3.12823503918e-05, 1.81505056389e-05, 1.08136855488e-05, 8.97588324733e-06, 1.08806907519e-05, 1.13417345347e-05, 5.55128235646e-06, 4.85726422994e-06, 3.92210176869e-06, 4.70645500172e-06, 5.10503195983e-06, 3.53643395101e-06, 2.23619076678e-06, 1.38174505082e-06, 1.19248545616e-06, 9.50368814756e-07, 8.48198453696e-07, 5.0112697636e-07, 3.04134943008e-07, 1.89038004805e-07, 6.7333779441e-08, 2.21304947701e-08, 2.73138334173e-09, 2.24963395135e-10, 7.79756190172e-11, 6.73907527005e-11, 6.62073035285e-11, 6.44440750763e-11, 7.30683152872e-11, 5.78404546481e-11, 5.44465549035e-11, 5.26011872948e-11, 4.87912141245e-11, 4.66265255572e-11, 4.60815517689e-11, 4.53618774487e-11, 4.26368593209e-11, 4.18378214018e-11, 3.9743239949e-11, 3.91355732543e-11, 3.79355470648e-11, 3.6461861308e-11, 3.5954801636e-11, 3.5034398993e-11, 3.52444080864e-11, 3.46574817456e-11, 3.42056105662e-11, 3.36746845686e-11, 3.34384464562e-11]
    },
    "mfcc": {
        "mean": [-724.448242188, 129.050735474, -35.7525520325, 10.9490890503, -59.2659187317, 1.65662419796, -26.1189136505, 7.17631101608, -33.284324646, 18.082736969, -15.8576927185, -0.658812880516, -0.616903305054],
        "cov": [[3997.72680664, -1267.45544434, -799.48614502, -306.841064453, -12.6911659241, 311.544067383, 261.80090332, 175.9193573, -268.05847168, 683.442565918, -115.818748474, 305.257568359, 88.5250167847], [-1267.45544434, 1667.35791016, -8.15435314178, 274.311950684, -18.7541847229, -115.704978943, 99.6110153198, -1.19936561584, 7.12738370895, -156.836578369, 47.1682243347, -163.245010376, 50.2214889526], [-799.48614502, -8.15435314178, 1360.78710938, 153.971282959, 39.1908454895, -31.2065982819, -112.68611908, -112.771141052, 147.395477295, -350.300720215, -45.1416053772, -33.9166069031, -191.205291748], [-306.841064453, 274.311950684, 153.971282959, 472.303527832, 82.8199157715, 29.1822414398, -41.5945091248, 42.9905357361, 113.553123474, -102.7135849, -14.1941728592, -10.7744932175, -45.1042327881], [-12.6911659241, -18.7541847229, 39.1908454895, 82.8199157715, 354.642669678, 17.8954162598, -18.403421402, 50.8646697998, 110.71031189, -0.886151969433, 6.09135866165, 21.436580658, -30.5327644348], [311.544067383, -115.704978943, -31.2065982819, 29.1822414398, 17.8954162598, 325.540344238, 70.2139053345, 81.7909317017, 123.322753906, 15.3893051147, 32.1987953186, 52.6916923523, -10.5048398972], [261.80090332, 99.6110153198, -112.68611908, -41.5945091248, -18.403421402, 70.2139053345, 369.203918457, -8.13004875183, -8.45015239716, 142.500930786, 1.46674287319, -12.7868146896, 42.8495826721], [175.9193573, -1.19936561584, -112.771141052, 42.9905357361, 50.8646697998, 81.7909317017, -8.13004875183, 255.156967163, 117.099052429, 22.1888427734, 7.74894618988, 29.3613166809, 10.6146326065], [-268.05847168, 7.12738370895, 147.395477295, 113.553123474, 110.71031189, 123.322753906, -8.45015239716, 117.099052429, 373.206268311, -104.142486572, 98.4871444702, -0.813534557819, -43.187122345], [683.442565918, -156.836578369, -350.300720215, -102.7135849, -0.886151969433, 15.3893051147, 142.500930786, 22.1888427734, -104.142486572, 341.466003418, -12.4174041748, 38.2694854736, 71.0369949341], [-115.818748474, 47.1682243347, -45.1416053772, -14.1941728592, 6.09135866165, 32.1987953186, 1.46674287319, 7.74894618988, 98.4871444702, -12.4174041748, 226.946166992, 19.1902294159, 30.3282108307], [305.257568359, -163.245010376, -33.9166069031, -10.7744932175, 21.436580658, 52.6916923523, -12.7868146896, 29.3613166809, -0.813534557819, 38.2694854736, 19.1902294159, 138.986495972, 0.259402513504], [88.5250167847, 50.2214889526, -191.205291748, -45.1042327881, -30.5327644348, -10.5048398972, 42.8495826721, 10.6146326065, -43.187122345, 71.0369949341, 30.3282108307, 0.259402513504, 129.71824646]],
        "icov": [[0.000627583242022, 0.000332055642502, 0.000101083191112, -3.45674670825e-05, 8.67505968927e-06, -0.000382230675314, -0.000190612627193, -0.000335770164384, 0.000414201553212, -0.000723739503883, 0.000147235143231, -0.000588293070905, 0.00014265057689], [0.000332055642502, 0.00107433041558, 0.000155564644956, -0.000577141589019, -3.41664917869e-06, 8.90455630724e-05, -0.000598958868068, -0.000404953956604, 0.000526305229869, 0.000237319924054, -0.000275668542599, 0.000499275454786, -0.000267808500212], [0.000101083191112, 0.000155564644956, 0.00124856922776, -0.000137804920087, 7.29739667804e-06, 0.000128039755509, -0.000248292606557, 0.000475736829685, -0.000277360668406, 0.000901467341464, 0.000270271411864, -0.000207454504562, 0.00106966227759], [-3.45674670825e-05, -0.000577141589019, -0.000137804920087, 0.00283325463533, -0.000387363601476, -0.000217053922825, 0.000342263956554, -5.52116034669e-05, -0.000674820970744, 0.000164580051205, 0.000576808000915, -0.000360343197826, 0.000362829392543], [8.67505968927e-06, -3.41664917869e-06, 7.29739667804e-06, -0.000387363601476, 0.0033396538347, 0.000369224580936, 0.000162957294378, -0.000115530267067, -0.00112668552902, -0.000575869577006, 0.000278131919913, -0.00055438868003, 0.000519407796673], [-0.000382230675314, 8.90455630724e-05, 0.000128039755509, -0.000217053922825, 0.000369224580936, 0.00451370049268, -0.000958134711254, -0.000469796417747, -0.00148252956569, 0.000691431108862, -0.000105669234472, -0.000983586069196, 0.000301460037008], [-0.000190612627193, -0.000598958868068, -0.000248292606557, 0.000342263956554, 0.000162957294378, -0.000958134711254, 0.00396750401706, 0.000769308477174, -0.000674863636959, -0.00186137866694, 0.000287840288365, 0.000691587221809, -0.00057179160649], [-0.000335770164384, -0.000404953956604, 0.000475736829685, -5.52116034669e-05, -0.000115530267067, -0.000469796417747, 0.000769308477174, 0.0057697724551, -0.00242236582562, -0.000203222924029, 0.00105835031718, -0.000681655888911, -0.000664796913043], [0.000414201553212, 0.000526305229869, -0.000277360668406, -0.000674820970744, -0.00112668552902, -0.00148252956569, -0.000674863636959, -0.00242236582562, 0.00580843398347, 0.000817633001134, -0.00234561180696, 0.000904898275621, 0.000938628800213], [-0.000723739503883, 0.000237319924054, 0.000901467341464, 0.000164580051205, -0.000575869577006, 0.000691431108862, -0.00186137866694, -0.000203222924029, 0.000817633001134, 0.00667260261253, -0.000146911159391, -1.09165548565e-05, -0.00100753782317], [0.000147235143231, -0.000275668542599, 0.000270271411864, 0.000576808000915, 0.000278131919913, -0.000105669234472, 0.000287840288365, 0.00105835031718, -0.00234561180696, -0.000146911159391, 0.00595223344862, -0.00152854004409, -0.00160863739438], [-0.000588293070905, 0.000499275454786, -0.000207454504562, -0.000360343197826, -0.00055438868003, -0.000983586069196, 0.000691587221809, -0.000681655888911, 0.000904898275621, -1.09165548565e-05, -0.00152854004409, 0.00988018140197, 3.9139729779e-05], [0.00014265057689, -0.000267808500212, 0.00106966227759, 0.000362829392543, 0.000519407796673, 0.000301460037008, -0.00057179160649, -0.000664796913043, 0.000938628800213, -0.00100753782317, -0.00160863739438, 3.9139729779e-05, 0.0110484166071]]
    },
    "spectral_contrast_coeffs": {
        "max": [-0.272062510252, -0.31540542841, -0.380353718996, -0.436871558428, -0.466559290886, -0.444773614407],
        "mean": [-0.629998505116, -0.67803055048, -0.663815557957, -0.755606949329, -0.739410221577, -0.636104643345],
        "min": [-0.900532722473, -0.905813932419, -0.887671113014, -0.913090646267, -0.891113400459, -0.899733424187],
        "stdev": [0.128940135241, 0.0880928784609, 0.0957200825214, 0.0901164039969, 0.0919573605061, 0.0601546578109]
    },
    "spectral_contrast_valleys": {
        "max": [-6.44967031479, -5.0411567688, -5.62666702271, -6.06987953186, -6.21987009048, -9.2413482666],
        "mean": [-8.95744991302, -7.28695678711, -7.98691177368, -8.5863609314, -8.66846752167, -12.744228363],
        "min": [-11.5363492966, -8.97833061218, -10.2728910446, -11.8266372681, -11.3471727371, -15.2374744415],
        "stdev": [0.889531135559, 0.526478648186, 0.801391899586, 0.79609888792, 0.713394343853, 1.28862774372]
    }
},
"rhythm": {
    "beats_count": 66,
    "beats_loudness": {
        "max": 0.0629548281431,
        "mean": 0.0211455766112,
        "min": 0.000980145297945,
        "stdev": 0.0158257167786
    },
    "bpm": 118.149742126,
    "bpm_histogram_first_peak_bpm": 117,
    "bpm_histogram_first_peak_weight": 0.464285731316,
    "bpm_histogram_second_peak_bpm": 123,
    "bpm_histogram_second_peak_spread": 0.125,
    "bpm_histogram_second_peak_weight": 0.215384617448,
    "danceability": 1.03153598309,
    "onset_rate": 2.86083960533,
    "beats_loudness_band_ratio": {
        "max": [0.131046041846, 0.972154378891, 0.942223727703, 0.7928352952, 0.259534180164, 0.629964411259],
        "mean": [0.0181340985, 0.243574753404, 0.343976676464, 0.304753988981, 0.0428160168231, 0.0781200453639],
        "min": [8.64118774189e-05, 0.000928379246034, 0.0158839914948, 0.0105619775131, 5.39830907655e-05, 0.000295712263323],
        "stdev": [0.028128914535, 0.262560635805, 0.219193145633, 0.250125616789, 0.0564775466919, 0.131793573499]
    },
