{
"metadata": {
    "version": {
        "essentia": "2.1-beta5",
        "essentia_git_sha": "Undefined",
        "extractor": "music 2.0"
    },
    "audio_properties": {
        "analysis": {
            "equal_loudness": 0,
            "length": 48.7502937317,
            "sample_rate": 44100,
            "start_time": 45.2440834045,
            "downmix": "mix"
        },
        "bit_rate": 192000,
        "length": 196.011245728,
        "lossless": 0,
        "number_channels": 2,
        "replay_gain": 3.47207450867,
        "sample_rate": 48000,
        "codec": "mp3",
        "md5_encoded": "de248e4597653f5f9341eb4317a9763d"
    },
    "tags": {
        "file_name": "Switzerland_Hunter Of Stars_Sebalter.mp3",
        "encoding": ["Lavf58.29.100"]
    }
},
"lowlevel": {
    "average_loudness": 0.971413731575,
    "barkbands_crest": {
        "max": 22.6296825409,
        "mean": 8.7095708847,
        "min": 3.45287275314,
        "stdev": 3.21454000473
    },
    "barkbands_flatness_db": {
        "max": 0.285356402397,
        "mean": 0.18123228848,
        "min": 0.0880090296268,
        "stdev": 0.0298594702035
    },
    "barkbands_kurtosis": {
        "max": 29.6225357056,
        "mean": 3.18489313126,
        "min": -1.84843254089,
        "stdev": 3.5333776474
    },
    "barkbands_skewness": {
        "max": 4.94973039627,
        "mean": 1.54140090942,
        "min": -1.94668710232,
        "stdev": 0.749740660191
    },
    "barkbands_spread": {
        "max": 89.1268997192,
        "mean": 21.1146068573,
        "min": 5.21125078201,
        "stdev": 10.5982761383
    },
    "dissonance": {
        "max": 0.499911487103,
        "mean": 0.458364099264,
        "min": 0.326350659132,
        "stdev": 0.0267219375819
    },
    "dynamic_complexity": 1.70253896713,
    "erbbands_crest": {
        "max": 29.7926502228,
        "mean": 9.48379325867,
        "min": 2.70734548569,
        "stdev": 5.14848041534
    },
    "erbbands_flatness_db": {
        "max": 0.301036566496,
        "mean": 0.198330774903,
        "min": 0.122642539442,
        "stdev": 0.0313203819096
    },
    "erbbands_kurtosis": {
        "max": 14.9795150757,
        "mean": 0.69755589962,
        "min": -1.72757303715,
        "stdev": 1.94366121292
    },
    "erbbands_skewness": {
        "max": 3.048422575,
        "mean": 0.613903105259,
        "min": -3.37304902077,
        "stdev": 0.828292071819
    },
    "erbbands_spread": {
        "max": 123.049461365,
        "mean": 41.6478614807,
        "min": 9.02130031586,
        "stdev": 18.2254314423
    },
    "hfc": {
        "max": 121.075683594,
        "mean": 24.0005645752,
        "min": 0.774206578732,
        "stdev": 13.1007881165
    },
    "loudness_ebu128": {
        "integrated": -25.9598197937,
        "loudness_range": 2.06927490234,
        "momentary": {
            "max": -23.7016239166,
            "mean": -26.1078510284,
            "min": -30.8859119415,
            "stdev": 1.17624175549
        },
        "short_term": {
            "max": -24.6205043793,
            "mean": -26.0496826172,
            "min": -27.5643177032,
            "stdev": 0.709325551987
        }
    },
    "melbands_crest": {
        "max": 29.283908844,
        "mean": 11.5329942703,
        "min": 4.40563011169,
        "stdev": 3.9082403183
    },
    "melbands_flatness_db": {
        "max": 0.350193172693,
        "mean": 0.208416849375,
        "min": 0.0786537975073,
        "stdev": 0.0445429049432
    },
    "melbands_kurtosis": {
        "max": 67.7737045288,
        "mean": 10.661611557,
        "min": -1.84638345242,
        "stdev": 8.97960758209
    },
    "melbands_skewness": {
        "max": 7.41284704208,
        "mean": 2.45273423195,
        "min": 0.000898724945728,
        "stdev": 1.06446695328
    },
    "melbands_spread": {
        "max": 176.099700928,
        "mean": 21.0732517242,
        "min": 3.50080561638,
        "stdev": 12.5291910172
    },
    "pitch_salience": {
        "max": 0.838507294655,
        "mean": 0.5896525383,
        "min": 0.225493937731,
        "stdev": 0.100922398269
    },
    "silence_rate_20dB": {
        "max": 1,
        "mean": 1,
        "min": 1,
        "stdev": 0
    },
    "silence_rate_30dB": {
        "max": 1,
        "mean": 0.994764387608,
        "min": 0,
        "stdev": 0.0721667036414
    },
    "silence_rate_60dB": {
        "max": 0,
        "mean": 0,
        "min": 0,
        "stdev": 0
    },
    "spectral_centroid": {
        "max": 4688.625,
        "mean": 1177.13806152,
        "min": 396.054534912,
        "stdev": 460.380065918
    },
    "spectral_complexity": {
        "max": 45,
        "mean": 19.8572101593,
        "min": 2,
        "stdev": 6.18696069717
    },
    "spectral_decrease": {
        "max": -3.01184716056e-10,
        "mean": -9.25703780297e-09,
        "min": -4.68491663241e-08,
        "stdev": 5.38154276697e-09
    },
    "spectral_energy": {
        "max": 0.183479756117,
        "mean": 0.037115175277,
        "min": 0.00120696320664,
        "stdev": 0.0210780128837
    },
    "spectral_energyband_high": {
        "max": 0.0190633963794,
        "mean": 0.00117174966726,
        "min": 3.46600245393e-05,
        "stdev": 0.00132077664603
    },
    "spectral_energyband_low": {
        "max": 0.0844135507941,
        "mean": 0.0109822079539,
        "min": 1.74032829818e-05,
        "stdev": 0.0117792980745
    },
    "spectral_energyband_middle_high": {
        "max": 0.0293733663857,
        "mean": 0.0054673072882,
        "min": 0.000234593477217,
        "stdev": 0.00463115191087
    },
    "spectral_energyband_middle_low": {
        "max": 0.16536192596,
        "mean": 0.0210759099573,
        "min": 0.000664688879624,
        "stdev": 0.0154144018888
    },
    "spectral_entropy": {
        "max": 8.3499174118,
        "mean": 7.59635448456,
        "min": 6.75533390045,
        "stdev": 0.265633434057
    },
    "spectral_flux": {
        "max": 0.341835677624,
        "mean": 0.112026423216,
        "min": 0.0227305162698,
        "stdev": 0.0471143089235
    },
    "spectral_kurtosis": {
        "max": 13.7235660553,
        "mean": 1.34213113785,
        "min": -1.31930267811,
        "stdev": 1.8383756876
    },
    "spectral_rms": {
        "max": 0.013379261829,
        "mean": 0.00578635558486,
        "min": 0.00108513829764,
        "stdev": 0.0016516840551
    },
    "spectral_rolloff": {
        "max": 7988.81835938,
        "mean": 1179.91894531,
        "min": 86.1328125,
        "stdev": 1056.57507324
    },
    "spectral_skewness": {
        "max": 2.40609765053,
        "mean": 0.965835690498,
        "min": -0.531915903091,
        "stdev": 0.37087726593
    },
    "spectral_spread": {
        "max": 8109963,
        "mean": 4175037.5,
        "min": 2183928.25,
        "stdev": 755795.5625
    },
    "spectral_strongpeak": {
        "max": 10.9354839325,
        "mean": 0.97784537077,
        "min": 0,
        "stdev": 1.27326464653
    },
    "zerocrossingrate": {
        "max": 0.2685546875,
        "mean": 0.0549938082695,
        "min": 0.0126953125,
        "stdev": 0.0235848147422
    },
    "barkbands": {
        "max": [0.00183555600233, 0.0736772716045, 0.0438683070242, 0.0341810435057, 0.122754953802, 0.0393914580345, 0.0475212968886, 0.0410540886223, 0.0520665720105, 0.0203380193561, 0.0208296440542, 0.0141151864082, 0.0207813084126, 0.013618612662, 0.0184941440821, 0.0182431135327, 0.00778315169737, 0.00175414746627, 0.00245858007111, 0.00347659992985, 0.0027225157246, 0.0106542175636, 0.00528446026146, 0.00321875861846, 4.72974134027e-05, 3.36797626233e-07, 2.05322407965e-07],
        "mean": [0.000141761105624, 0.00701067177579, 0.00264098821208, 0.00305091869086, 0.00520373415202, 0.00371551606804, 0.00294436700642, 0.0024240789935, 0.00290068774484, 0.00166171905585, 0.000580650754273, 0.00078732217662, 0.000467545847641, 0.000534604652785, 0.000841772183776, 0.000396163988626, 0.000186464894796, 0.00013966212282, 0.000217467822949, 0.000218785207835, 0.000301722699078, 0.000388296466554, 0.000276559730992, 8.32815130707e-05, 4.27157658578e-07, 1.89056192923e-09, 1.89102156156e-09],
        "min": [6.3511942372e-09, 1.1225660046e-06, 2.27051623369e-06, 2.44430361818e-06, 3.31807823386e-05, 3.05919966195e-05, 1.85265762411e-05, 2.52155723501e-06, 1.53840919666e-05, 1.89495312952e-05, 3.98741622121e-06, 4.16089551436e-06, 1.06272473204e-05, 1.19265114336e-05, 5.05883190272e-06, 1.77139565949e-06, 1.86875081454e-06, 4.91671971758e-06, 7.91270394984e-06, 5.75520016355e-06, 1.38241039167e-05, 7.26226835468e-06, 3.47794320987e-06, 1.03635022786e-09, 1.84706513973e-10, 2.40184538924e-10, 3.24049426181e-10],
        "stdev": [0.000209565638215, 0.00950199179351, 0.00389593397267, 0.00437438348308, 0.00714616244659, 0.00382413365878, 0.00440819002688, 0.00371734658256, 0.00431723054498, 0.00213258503936, 0.00114238995593, 0.00128536159173, 0.00137509941123, 0.000959141878411, 0.00249719596468, 0.0014769063564, 0.000380093115382, 0.000149981322465, 0.000216951142647, 0.000228646007599, 0.000282165245153, 0.000570816162508, 0.000430055340985, 0.000209173493204, 1.9239332687e-06, 9.59245127774e-09, 7.74032304918e-09]
    },
    "erbbands": {
        "max": [1.7763787508, 17.9262657166, 44.397403717, 103.720283508, 231.845031738, 459.875457764, 557.535461426, 301.985198975, 872.446777344, 773.368286133, 990.170410156, 1551.57519531, 646.003967285, 546.477478027, 583.559997559, 598.613952637, 1022.00054932, 768.109863281, 1079.10595703, 1194.63830566, 881.47277832, 259.210205078, 94.3288650513, 212.208572388, 121.99394989, 198.030822754, 111.173248291, 239.440368652, 429.753204346, 289.799499512, 141.454620361, 85.0024337769, 26.0003204346, 2.13309574127, 0.0694899335504, 0.00519369263202, 0.000779802736361, 0.000192318926565, 9.52784612309e-05, 0.000208952769754],
        "mean": [0.157887548208, 1.71172749996, 3.2999985218, 6.61131238937, 14.7810049057, 17.6815052032, 21.4346809387, 31.7482185364, 43.3425102234, 40.285949707, 62.350605011, 68.765586853, 63.0370941162, 33.9140968323, 27.3709983826, 32.4742774963, 23.2457199097, 26.3815383911, 38.5699424744, 40.2521362305, 16.9830951691, 10.0364217758, 7.300822258, 10.3679027557, 10.8010177612, 10.5322523117, 10.3281545639, 14.3382816315, 14.1816606522, 9.79964065552, 7.81807231903, 3.25724291801, 0.726578116417, 0.0405257344246, 0.00159597257152, 0.00019715623057, 5.12495716976e-05, 1.47141327034e-05, 2.25606399908e-05, 4.43729040853e-05],
        "min": [3.87366526411e-05, 0.000544329406694, 0.00382556230761, 0.0319013819098, 0.0517374314368, 0.214664340019, 0.347340553999, 0.549230337143, 0.368906140327, 0.35373172164, 0.267856270075, 1.22617316246, 1.45926761627, 0.695215761662, 0.721681714058, 0.287516534328, 0.473005980253, 0.780649960041, 0.625604152679, 0.417244017124, 0.0834083780646, 0.114458292723, 0.193046838045, 0.347854018211, 0.472990453243, 0.347224146128, 0.484021186829, 0.377121716738, 0.27412751317, 0.130377531052, 0.0725934058428, 0.00638936366886, 0.000715635425877, 5.67058159504e-05, 1.40325582834e-05, 7.35364301363e-06, 3.37573123943e-06, 8.85162990016e-07, 2.28292174143e-06, 3.84546592613e-06],
        "stdev": [0.238456785679, 2.31534361839, 4.34463977814, 8.49020290375, 21.274980545, 27.8405838013, 27.0249328613, 34.3502006531, 63.9458312988, 65.4814300537, 91.3935852051, 108.987991333, 78.2474060059, 49.9810333252, 40.7136116028, 52.049949646, 62.7965393066, 41.8559684753, 113.033363342, 135.398040771, 49.6029472351, 15.9193344116, 7.60990428925, 10.717839241, 10.7385931015, 11.328540802, 9.58982086182, 15.2127494812, 20.2916641235, 17.2167053223, 11.9395494461, 6.79190063477, 1.92382669449, 0.117275238037, 0.00392645876855, 0.000353643961716, 6.56821794109e-05, 1.78331283678e-05, 1.19804763017e-05, 2.39463388425e-05]
    },
    "gfcc": {
        "mean": [-1.71568846703, 150.272369385, -154.335601807, 62.9399681091, -89.1367492676, 9.86774158478, -12.4710731506, -24.4797592163, 10.4655990601, -23.5942821503, 3.18829083443, -17.2492465973, -1.64309763908],
        "cov": [[1015.76330566, -175.097503662, 52.6793479919, 49.5740585327, -126.968986511, 97.1159591675, -88.0564727783, 56.4042243958, -30.5205535889, -25.4963054657, 3.50620627403, -38.7674751282, -29.1953105927], [-175.097503662, 568.218505859, 31.2484817505, -77.1951904297, 279.225463867, -41.5863380432, 225.182357788, -25.7228431702, 118.434791565, 41.2266616821, 37.0108451843, 35.997756958, 17.7066268921], [52.6793479919, 31.2484817505, 307.676086426, 138.718566895, 7.05401134491, 109.352508545, 45.1005859375, 75.286491394, 54.7704811096, 31.5389213562, 36.6707954407, 24.4055366516, -7.17279291153], [49.5740585327, -77.1951904297, 138.718566895, 203.312667847, 36.2217903137, 45.3422775269, -9.67658901215, 57.0811653137, 24.1143856049, 11.233250618, 11.5088386536, 8.07801055908, 9.27122020721], [-126.968986511, 279.225463867, 7.05401134491, 36.2217903137, 311.794311523, 37.3592147827, 92.4306640625, 3.54512834549, 96.8504257202, 40.2146186829, 7.71791648865, 7.1561999321, 47.9240455627], [97.1159591675, -41.5863380432, 109.352508545, 45.3422775269, 37.3592147827, 189.744613647, 56.1803703308, 64.8157653809, 13.8580665588, 19.6283683777, 17.1998081207, -6.63865804672, 8.67736721039], [-88.0564727783, 225.182357788, 45.1005859375, -9.67658901215, 92.4306640625, 56.1803703308, 257.557373047, 46.7103729248, 48.4678535461, 32.1702423096, 24.0515708923, 46.1716117859, -4.15622091293], [56.4042243958, -25.7228431702, 75.286491394, 57.0811653137, 3.54512834549, 64.8157653809, 46.7103729248, 117.702926636, 47.3258361816, 11.1351013184, 18.8392906189, 11.8299388885, 9.93187713623], [-30.5205535889, 118.434791565, 54.7704811096, 24.1143856049, 96.8504257202, 13.8580665588, 48.4678535461, 47.3258361816, 141.103424072, 53.3995285034, -3.42664217949, 17.2231731415, 5.65940475464], [-25.4963054657, 41.2266616821, 31.5389213562, 11.233250618, 40.2146186829, 19.6283683777, 32.1702423096, 11.1351013184, 53.3995285034, 64.674621582, 23.0086574554, 8.80741691589, 5.88829183578], [3.50620627403, 37.0108451843, 36.6707954407, 11.5088386536, 7.71791648865, 17.1998081207, 24.0515708923, 18.8392906189, -3.42664217949, 23.0086574554, 66.921875, 27.1345062256, 1.06180632114], [-38.7674751282, 35.997756958, 24.4055366516, 8.07801055908, 7.1561999321, -6.63865804672, 46.1716117859, 11.8299388885, 17.2231731415, 8.80741691589, 27.1345062256, 66.0818023682, 14.1156482697], [-29.1953105927, 17.7066268921, -7.17279291153, 9.27122020721, 47.9240455627, 8.67736721039, -4.15622091293, 9.93187713623, 5.65940475464, 5.88829183578, 1.06180632114, 14.1156482697, 67.9271774292]],
        "icov": [[0.0012725496199, -0.00124331819825, 0.000878677121364, -0.00104148278479, 0.00139281805605, -0.00164643279277, 0.00131784542464, -0.000807910284493, 0.000321700121276, -0.000317041849485, 0.000556332233828, -0.000259299442405, 0.000578267092351], [-0.00124331819825, 0.021447326988, -0.0110349729657, 0.0128020327538, -0.0144218839705, 0.0142296878621, -0.0170642957091, 0.0118360025808, -0.0142505485564, 0.0174424666911, -0.0192587133497, 0.0135344555601, -0.00629135686904], [0.000878677121364, -0.0110349729657, 0.0127807268873, -0.0110369864851, 0.00962255336344, -0.0108746597543, 0.00802312418818, -0.00430837506428, 0.00304723856971, -0.00699752895162, 0.00632125558332, -0.00702791986987, 0.00354560208507], [-0.00104148278479, 0.0128020327538, -0.0110369864851, 0.016963114962, -0.0119457487017, 0.0102773392573, -0.00769074494019, 0.00153367489111, -0.00362712494098, 0.00686872098595, -0.00754036195576, 0.00542790954933, -0.00214847852476], [0.00139281805605, -0.0144218839705, 0.00962255336344, -0.0119457487017, 0.0178622249514, -0.012026540935, 0.00808609370142, -0.00140206562355, 0.000328414025716, -0.00611638557166, 0.00679741287604, -0.00354720349424, -0.00222782348283], [-0.00164643279277, 0.0142296878621, -0.0108746597543, 0.0102773392573, -0.012026540935, 0.0192659720778, -0.0121597098187, 0.00242546899244, -0.00421319762245, 0.00718898884952, -0.0104244798422, 0.0106971506029, -0.0043748836033], [0.00131784542464, -0.0170642957091, 0.00802312418818, -0.00769074494019, 0.00808609370142, -0.0121597098187, 0.0207893904299, -0.013980791904, 0.0150329265743, -0.0180794578046, 0.018834175542, -0.0173905547708, 0.00971031095833], [-0.000807910284493, 0.0118360025808, -0.00430837506428, 0.00153367489111, -0.00140206562355, 0.00242546899244, -0.013980791904, 0.0277034919709, -0.0224329885095, 0.0216270126402, -0.0216803662479, 0.013876080513, -0.010873884894], [0.000321700121276, -0.0142505485564, 0.00304723856971, -0.00362712494098, 0.000328414025716, -0.00421319762245, 0.0150329265743, -0.0224329885095, 0.0363040193915, -0.0332506373525, 0.0298381783068, -0.0196622312069, 0.0126532837749], [-0.000317041849485, 0.0174424666911, -0.00699752895162, 0.00686872098595, -0.00611638557166, 0.00718898884952, -0.0180794578046, 0.0216270126402, -0.0332506373525, 0.0517251193523, -0.0356500893831, 0.0213524252176, -0.0128243053332], [0.000556332233828, -0.0192587133497, 0.00632125558332, -0.00754036195576, 0.00679741287604, -0.0104244798422, 0.018834175542, -0.0216803662479, 0.0298381783068, -0.0356500893831, 0.0495030805469, -0.0278799310327, 0.0134384240955], [-0.000259299442405, 0.0135344555601, -0.00702791986987, 0.00542790954933, -0.00354720349424, 0.0106971506029, -0.0173905547708, 0.013876080513, -0.0196622312069, 0.0213524252176, -0.0278799310327, 0.0375223793089, -0.0146535849199], [0.000578267092351, -0.00629135686904, 0.00354560208507, -0.00214847852476, -0.00222782348283, -0.0043748836033, 0.00971031095833, -0.010873884894, 0.0126532837749, -0.0128243053332, 0.0134384240955, -0.0146535849199, 0.0244849920273]]
    },
    "melbands": {
        "max": [0.0190225224942, 0.0197235606611, 0.015557599254, 0.0289391893893, 0.0185309574008, 0.00704182637855, 0.0111637227237, 0.00725555513054, 0.00709380256012, 0.00854841060936, 0.00316612585448, 0.00265807542019, 0.00260616699234, 0.00190208095592, 0.00222360529006, 0.00154537125491, 0.0014611085644, 0.00216546515003, 0.00197476148605, 0.0019206245197, 0.000971871195361, 0.000401258992497, 9.34679264901e-05, 9.53165799729e-05, 0.000197309724172, 9.91517299553e-05, 0.000104833045043, 0.000154305889737, 7.03412297298e-05, 7.63415519032e-05, 0.000188000209164, 0.000294469791697, 0.000182811258128, 0.000152169115609, 8.96382625797e-05, 5.89744340687e-05, 4.99618217873e-05, 2.37052172452e-05, 4.78714173369e-06, 3.87032201843e-07],
        "mean": [0.00174967490602, 0.00194246822502, 0.0014317027526, 0.00117924390361, 0.000764817930758, 0.000726091209799, 0.00065701326821, 0.000439771451056, 0.000530583318323, 0.000410973763792, 0.000306393951178, 0.000137229886604, 8.82991153048e-05, 9.40748359426e-05, 6.46439220873e-05, 4.28642924817e-05, 4.8964695452e-05, 5.94427801843e-05, 5.55136248295e-05, 4.23418096034e-05, 1.59804494615e-05, 1.0967284652e-05, 6.9268144216e-06, 6.81979418005e-06, 8.46967304824e-06, 8.35441187519e-06, 6.87774991093e-06, 7.02557008481e-06, 6.3337888605e-06, 6.47759361527e-06, 9.32485454541e-06, 8.53580968396e-06, 6.51720438327e-06, 4.98676217831e-06, 4.65952643935e-06, 3.40745577887e-06, 1.50526227571e-06, 6.07902052252e-07, 9.70519877797e-08, 1.97234073518e-09],
        "min": [3.60667058885e-07, 2.42929309024e-06, 8.37824700284e-06, 7.24487563275e-06, 1.61726784427e-05, 9.85967926681e-06, 4.67047721031e-06, 3.14830049319e-06, 2.00335216505e-06, 1.76153992015e-06, 4.04292723033e-06, 1.35240145482e-06, 1.3627163753e-06, 6.91193179136e-07, 4.01027079988e-07, 9.93900698631e-07, 1.37159247515e-06, 8.70826909249e-07, 3.76606180907e-07, 1.54809583819e-07, 7.64007808129e-08, 1.01219868043e-07, 4.4970761337e-08, 2.92568671512e-07, 2.29433823051e-07, 2.85710001435e-07, 2.95581742193e-07, 1.72078728156e-07, 2.82333218138e-07, 1.85519738238e-07, 2.31345381962e-07, 1.49298841734e-07, 7.06529590389e-08, 4.62730014306e-08, 4.73455727956e-08, 5.06304598247e-09, 1.77358579212e-11, 9.27145860086e-12, 1.3455857522e-12, 1.36901904743e-12],
        "stdev": [0.00246500386856, 0.00227583642118, 0.00176678039134, 0.00166723749135, 0.000955704541411, 0.000779049529228, 0.000931900867727, 0.000683640944771, 0.000761911971495, 0.00063273840351, 0.00039033399662, 0.000213977109524, 0.000148181308759, 0.000152759967023, 0.000160353942192, 0.000104081249447, 8.22910587885e-05, 0.000183668656973, 0.000181246155989, 0.000157355025294, 5.20539142599e-05, 2.20863039431e-05, 7.87254430179e-06, 7.52039295548e-06, 9.36741344049e-06, 8.82121912582e-06, 7.44732597013e-06, 8.5027586465e-06, 6.11814266449e-06, 6.86248631609e-06, 1.0551352716e-05, 1.22730743897e-05, 1.14726626634e-05, 9.26936991164e-06, 7.21951573723e-06, 5.92044398218e-06, 3.74365276912e-06, 1.68951407886e-06, 3.20735523474e-07, 1.25451879995e-08]
    },
    "melbands128": {
        "max": [0.00175482104532, 0.0131795508787, 0.0331926606596, 0.0285667218268, 0.0248162262142, 0.0234290510416, 0.0242299456149, 0.018754735589, 0.0275663677603, 0.0448355637491, 0.0250607728958, 0.0241653285921, 0.0243936181068, 0.01127109956, 0.00945949554443, 0.0167254023254, 0.024109011516, 0.0182671565562, 0.0111942123622, 0.014324198477, 0.00938040018082, 0.0135336890817, 0.0108357146382, 0.0128739262, 0.0192974023521, 0.00613483414054, 0.00687620649114, 0.00642258720472, 0.00444524781778, 0.00616940623149, 0.00350799132138, 0.00633222144097, 0.00318782683462, 0.00385450921021, 0.00404841871932, 0.00253709917888, 0.00250927289017, 0.00354538345709, 0.00585832213983, 0.00459125358611, 0.00208249036223, 0.00203165481798, 0.00331940432079, 0.00108775426634, 0.00247514946386, 0.00432629557326, 0.00374938640743, 0.00400909828022, 0.0038847879041, 0.0042876675725, 0.00403435155749, 0.0025406209752, 0.00182929669973, 0.00128391489852, 0.00136597082019, 0.000377165910322, 0.000195912216441, 0.000136602044222, 9.16185599635e-05, 0.000151400687173, 0.000101007892226, 0.000127211344079, 0.000338718062267, 0.000188445104868, 0.000243905335083, 0.000103810547444, 0.000123644567793, 0.000189291866263, 0.000105296239781, 0.000118010902952, 0.000241700952756, 0.000206658820389, 0.000130389991682, 0.000101281642856, 0.000113284870167, 9.57804440986e-05, 0.00010225387814, 0.000120146469271, 0.000154441833729, 0.000353338633431, 0.000384824292269, 0.000205945165362, 0.0002457172086, 0.000187511584954, 0.00027401643456, 0.000291092583211, 0.000165103585459, 0.000164679498994, 0.000120484983199, 7.91756392573e-05, 7.49569517211e-05, 8.55942198541e-05, 8.86159396032e-05, 6.91208333592e-05, 9.78732059593e-05, 3.28922615154e-05, 1.93625746761e-05, 1.29767804538e-05, 5.76089814786e-06, 2.51423307418e-06, 5.56114287065e-07, 7.83078206723e-08, 1.13212088593e-08, 6.58427579125e-09, 5.44492451127e-09, 4.55740645222e-09, 3.92876664534e-09, 3.35318173228e-09, 2.89488144567e-09, 2.51081444524e-09, 2.18201745561e-09, 1.9715105104e-09, 1.7145307396e-09, 1.51388490632e-09, 1.3512316821e-09, 1.23103138794e-09, 1.11303954942e-09, 1.03739572488e-09, 9.38521038663e-10, 9.04470054408e-10, 8.80331363362e-10, 8.60631288457e-10, 8.52091674997e-10, 8.37790281594e-10, 8.30951030206e-10, 8.18141332459e-10, 8.10887190728e-10, 8.05969013751e-10],
        "mean": [0.000127723425976, 0.000922889215872, 0.00266539654694, 0.00291343778372, 0.00190358189866, 0.00124377512839, 0.00118474394549, 0.00171196227893, 0.00150074553676, 0.00118510972243, 0.000961780548096, 0.000771738647018, 0.000669285829645, 0.000825393944979, 0.00067763926927, 0.000738004338928, 0.000702891382389, 0.00069733010605, 0.00052823475562, 0.000424606841989, 0.000368255190551, 0.000518948887475, 0.000559188541956, 0.00051778042689, 0.000537349667866, 0.000264946313109, 0.000381278776331, 0.00037227847497, 0.000176639819983, 0.00017910412862, 0.000101631587313, 9.05584965949e-05, 0.000100465920696, 6.72550813761e-05, 9.99391340883e-05, 0.000104569648101, 9.0497887868e-05, 4.82613468193e-05, 6.65812403895e-05, 4.95979256812e-05, 2.86244739982e-05, 4.61391282442e-05, 5.54504294996e-05, 4.48591817985e-05, 4.45150144515e-05, 7.05304992152e-05, 7.33883498469e-05, 3.29336180585e-05, 6.20949067525e-05, 7.11598695489e-05, 3.48423600371e-05, 2.13029525185e-05, 1.62741380336e-05, 1.39304020195e-05, 1.42299659274e-05, 1.0423889762e-05, 8.34015463624e-06, 8.59481224325e-06, 5.56393251827e-06, 5.58482133783e-06, 6.66646110403e-06, 7.13021972842e-06, 9.92646710074e-06, 7.50140316086e-06, 9.28119152377e-06, 7.86303917266e-06, 8.53828896652e-06, 7.52633104639e-06, 5.52183519176e-06, 7.59520025895e-06, 6.7499618126e-06, 7.34844479666e-06, 6.6749544203e-06, 6.12846179138e-06, 5.61883553019e-06, 6.8499793997e-06, 6.19430284132e-06, 7.48109141568e-06, 1.02041267382e-05, 1.09453558252e-05, 8.90505179996e-06, 7.43532291381e-06, 7.50986782805e-06, 6.51259369988e-06, 5.73316037844e-06, 5.09701430929e-06, 4.8979463827e-06, 4.43224416813e-06, 4.42647933596e-06, 5.00763235323e-06, 4.65774428449e-06, 2.61127161139e-06, 2.05421179089e-06, 1.47665377881e-06, 1.27115481519e-06, 7.94737673004e-07, 5.025362384e-07, 2.42559877961e-07, 9.34224146931e-08, 1.84681994142e-08, 2.12315476311e-09, 3.06919600845e-10, 3.6844170076e-11, 1.94931657621e-11, 1.83061552028e-11, 2.12097561736e-11, 2.61013832076e-11, 1.71527011344e-11, 1.36160648728e-11, 1.18755066544e-11, 1.13912906885e-11, 1.10136188364e-11, 1.0525836279e-11, 1.00710490294e-11, 9.7173024835e-12, 9.44855391843e-12, 9.22473816084e-12, 8.97748715645e-12, 8.81067961644e-12, 8.59694000016e-12, 8.31293627684e-12, 8.1703333335e-12, 8.084084617e-12, 7.89126836792e-12, 7.28979550335e-12, 6.29001755195e-12, 5.74543928059e-12, 5.64247433499e-12],
        "min": [6.33888275203e-09, 3.12486889698e-08, 3.18672341848e-08, 3.48719538579e-07, 2.03648028219e-07, 1.27008092932e-06, 2.5777785595e-06, 6.87027920776e-07, 2.48102855949e-06, 1.95662892111e-06, 7.81427161201e-07, 2.10777989196e-06, 4.70339898584e-07, 3.82332154913e-06, 4.68421330879e-06, 1.34722279199e-06, 1.01981584066e-06, 4.27315512752e-07, 1.33324391527e-07, 1.66685325098e-07, 2.85786455834e-07, 6.36857635072e-07, 4.98461076859e-07, 1.14006274998e-06, 6.90025387939e-07, 4.4235008545e-07, 1.15544389701e-06, 5.13458360274e-07, 1.02736157714e-06, 2.68723965746e-07, 3.40277885869e-08, 1.23229000337e-07, 1.18852803155e-07, 2.27625292837e-07, 1.46534532064e-07, 1.04096898212e-07, 3.23924069789e-08, 1.84020336746e-07, 3.61376137903e-08, 4.42865335515e-08, 2.01782299314e-07, 1.25751185465e-07, 1.48187439208e-07, 3.14780521649e-07, 2.27556764543e-08, 3.86045030609e-07, 1.28146893985e-07, 3.51790667708e-08, 4.87927742654e-08, 1.24834571125e-07, 2.59794425972e-08, 1.4606965415e-08, 3.65832164562e-08, 6.61956462977e-08, 8.20500218879e-08, 2.91455837242e-08, 3.69822821256e-08, 4.438647494e-08, 1.95108285084e-09, 5.86652966206e-08, 1.59990332094e-08, 7.67938672652e-08, 1.08700191959e-07, 1.1450848092e-07, 8.86617996798e-08, 1.22035004324e-07, 1.4935413617e-07, 7.26673263785e-08, 6.40600674728e-08, 1.64162905492e-08, 1.29827384399e-07, 9.77724425866e-08, 5.43852749502e-08, 6.59814887172e-08, 5.33678807813e-08, 3.99175164034e-08, 6.27420035926e-08, 1.07184106923e-07, 1.59508488196e-07, 1.21642344197e-07, 1.14022149944e-07, 1.01515290396e-07, 6.72673934332e-08, 4.14277003813e-08, 5.74600349523e-08, 3.69457033855e-08, 2.30336141271e-08, 2.94968032222e-08, 3.09742347326e-08, 6.05959415978e-09, 4.69478456111e-09, 1.47416001628e-09, 2.17950258535e-11, 1.30876047846e-11, 1.00851445251e-11, 1.94617911196e-12, 1.68988792144e-12, 1.25707820889e-12, 1.21507307254e-12, 8.11020738414e-13, 8.16194876442e-13, 8.78161367408e-13, 8.28764303278e-13, 8.50516868305e-13, 7.22257973915e-13, 7.88083574094e-13, 6.19334878521e-13, 9.6203438011e-13, 9.17435506904e-13, 7.95017805928e-13, 8.96012376708e-13, 1.07465913338e-12, 1.00748901409e-12, 8.02578489778e-13, 9.39310261516e-13, 1.01851675965e-12, 1.00928065818e-12, 1.05611743309e-12, 1.03836286357e-12, 1.09535427603e-12, 8.53417217537e-13, 8.97598889747e-13, 9.15166597018e-13, 9.40802665807e-13, 6.67370509983e-13, 2.69251472246e-13, 4.30218028899e-14, 1.20650536562e-15],
        "stdev": [0.000194366191863, 0.00155707309023, 0.00418079318479, 0.00397014757618, 0.00259568076581, 0.00183298450429, 0.00172765087336, 0.0025558269117, 0.00241477997042, 0.00215073581785, 0.00178664783016, 0.00136847619433, 0.00112669309601, 0.00106117036194, 0.000844208931085, 0.00127059500664, 0.00141295825597, 0.00130831915885, 0.00104596780147, 0.00105687545147, 0.000761613016948, 0.00103835645132, 0.00105720909778, 0.00108591874596, 0.00118879496586, 0.000575044890866, 0.000633320829365, 0.000642629340291, 0.000310941919452, 0.000373008049792, 0.000234311941313, 0.00027499627322, 0.000200813039555, 0.000178091402631, 0.00025114431628, 0.000203807867365, 0.000201326140086, 0.00019145749684, 0.000278893043287, 0.000215092819417, 9.86947561614e-05, 9.08526344574e-05, 0.000146925027366, 7.94158913777e-05, 0.000116197217721, 0.000324469816405, 0.000314882287057, 0.000202861017897, 0.000309553899569, 0.000340097700246, 0.000206150376471, 0.00012691153097, 7.28080922272e-05, 5.71863456571e-05, 6.09164599155e-05, 2.02391984203e-05, 1.33962057589e-05, 1.13956521091e-05, 8.21604407975e-06, 8.50295509736e-06, 9.33628325583e-06, 9.52418031375e-06, 1.41131604323e-05, 9.62360263657e-06, 1.34865231303e-05, 1.02595395219e-05, 9.56932672125e-06, 1.07099367597e-05, 7.88557463238e-06, 9.09170466912e-06, 1.08305957838e-05, 1.11599438242e-05, 7.72024031903e-06, 7.28138957129e-06, 6.83258667777e-06, 7.99260760687e-06, 8.14055692899e-06, 9.05246724869e-06, 1.18650114018e-05, 1.56566220539e-05, 1.42680200952e-05, 1.19820679174e-05, 1.39152634802e-05, 1.26195409393e-05, 1.23644986161e-05, 1.10362298074e-05, 9.9176158983e-06, 8.76537887962e-06, 7.49912805986e-06, 8.11782228993e-06, 8.0110212366e-06, 6.05668401477e-06, 5.01817112308e-06, 3.93342361349e-06, 4.15281556343e-06, 2.12473332795e-06, 1.50716471126e-06, 8.46000773436e-07, 3.47073324747e-07, 8.6607158778e-08, 2.0887410912e-08, 2.64101340797e-09, 3.53159251842e-10, 1.6102148781e-10, 1.41945288856e-10, 1.28086138917e-10, 1.40048236896e-10, 9.13380204803e-11, 7.65876320696e-11, 6.80377629236e-11, 6.14121184461e-11, 5.70292389701e-11, 5.19170297031e-11, 4.80580193696e-11, 4.47417866645e-11, 4.19834444987e-11, 3.97075809733e-11, 3.81085232815e-11, 3.61988980457e-11, 3.4607750693e-11, 3.3162691343e-11, 3.17715229126e-11, 3.1371759357e-11, 3.07482893314e-11, 3.02058968116e-11, 2.95601147726e-11, 2.91384902318e-11, 2.89038203094e-11]
    },
    "mfcc": {
        "mean": [-617.929382324, 143.459014893, -5.87990474701, 43.3257789612, -37.8911170959, 31.8423786163, -27.0349445343, 19.9593849182, -17.1552028656, 19.557384491, -12.9185028076, 8.37666034698, -14.4892473221],
        "cov": [[1100.1706543, -322.396942139, 111.627494812, -111.553459167, 11.9850263596, -76.506652832, -7.24517726898, -3.18291020393, -46.3386383057, -29.0971775055, -15.6148452759, 44.6478004456, -81.9074401855], [-322.396942139, 747.355285645, -234.461120605, 109.926002502, -44.2678756714, 147.292282104, 26.5522518158, 70.9332504272, 58.68151474, 71.1144714355, 56.1008987427, 7.75063419342, 88.6439819336], [111.627494812, -234.461120605, 385.906829834, -15.6439399719, 47.1872024536, -19.9280662537, 38.4531898499, 37.3342704773, 8.92841053009, -6.74117231369, 53.2535476685, 50.4343681335, -12.8705396652], [-111.553459167, 109.926002502, -15.6439399719, 220.541381836, 20.6822223663, 48.2541427612, -26.288351059, 44.5125846863, 11.5669279099, 40.4276771545, -0.212909117341, 17.8840351105, 34.8092155457], [11.9850263596, -44.2678756714, 47.1872024536, 20.6822223663, 244.493545532, 11.2198028564, 8.99197292328, -29.7298698425, 37.9916496277, 46.8117637634, -12.5980787277, -15.5299921036, 14.6240472794], [-76.506652832, 147.292282104, -19.9280662537, 48.2541427612, 11.2198028564, 155.517501831, 31.384311676, 48.6246604919, 27.861530304, 58.7010993958, 24.4781627655, 6.69608688354, 13.2433280945], [-7.24517726898, 26.5522518158, 38.4531898499, -26.288351059, 8.99197292328, 31.384311676, 173.732559204, 38.864440918, 32.0897827148, -6.57536220551, 29.959695816, 8.51090717316, 3.74167537689], [-3.18291020393, 70.9332504272, 37.3342704773, 44.5125846863, -29.7298698425, 48.6246604919, 38.864440918, 135.285766602, 37.3489341736, 32.8148612976, 31.0361976624, 44.6288795471, 10.373468399], [-46.3386383057, 58.68151474, 8.92841053009, 11.5669279099, 37.9916496277, 27.861530304, 32.0897827148, 37.3489341736, 116.148544312, 38.4054412842, 34.5175971985, 0.416498720646, 21.9429683685], [-29.0971775055, 71.1144714355, -6.74117231369, 40.4276771545, 46.8117637634, 58.7010993958, -6.57536220551, 32.8148612976, 38.4054412842, 113.032043457, 15.9498920441, 5.54430055618, 4.26344537735], [-15.6148452759, 56.1008987427, 53.2535476685, -0.212909117341, -12.5980787277, 24.4781627655, 29.959695816, 31.0361976624, 34.5175971985, 15.9498920441, 117.828361511, 34.3162689209, 9.9449596405], [44.6478004456, 7.75063419342, 50.4343681335, 17.8840351105, -15.5299921036, 6.69608688354, 8.51090717316, 44.6288795471, 0.416498720646, 5.54430055618, 34.3162689209, 90.380355835, 8.85903072357], [-81.9074401855, 88.6439819336, -12.8705396652, 34.8092155457, 14.6240472794, 13.2433280945, 3.74167537689, 10.373468399, 21.9429683685, 4.26344537735, 9.9449596405, 8.85903072357, 82.5561676025]],
        "icov": [[0.00114502618089, 0.000345001928508, 4.54347646155e-05, 0.000414333626395, -0.000186621720786, 0.000153568675159, 6.2784885813e-05, -0.000302434898913, 0.000218376633711, -5.34377031727e-05, 6.8817891588e-05, -0.000690357119311, 0.000652056012768], [0.000345001928508, 0.00276043685153, 0.00164914352354, -0.000347898865584, 0.000315170211252, -0.00141710415483, -0.00021005513554, -0.000570858537685, -3.53785871994e-05, -0.000407414947404, -0.00122907652985, -0.000132206769194, -0.00177247740794], [4.54347646155e-05, 0.00164914352354, 0.00428353901953, -8.91606323421e-05, -0.000935454852879, -0.000172862011823, -0.000464598997496, -0.00130319152959, 0.000340918020811, 0.00034090684494, -0.00208574300632, -0.00119139393792, -0.000371149770217], [0.000414333626395, -0.000347898865584, -8.91606323421e-05, 0.00610526418313, -0.000703437603079, -0.000798477442004, 0.00139696314, -0.00189841852989, 0.000722596538253, -0.000782056944445, 0.000726656056941, -0.000669029308483, -0.00154300185386], [-0.000186621720786, 0.000315170211252, -0.000935454852879, -0.000703437603079, 0.00573112722486, -0.000161869815201, -0.000811101519503, 0.00275376369245, -0.00185566197615, -0.00270763458684, 0.00131937128026, 0.000233231461607, -0.0012222204823], [0.000153568675159, -0.00141710415483, -0.000172862011823, -0.000798477442004, -0.000161869815201, 0.0102653717622, -0.00158232275862, -0.00169170927256, 0.000774614629336, -0.00391259277239, -0.000534369784873, 0.000875024008565, 0.000616560224444], [6.2784885813e-05, -0.00021005513554, -0.000464598997496, 0.00139696314, -0.000811101519503, -0.00158232275862, 0.00734734907746, -0.00214696861804, -0.00122792785987, 0.00233535445295, -0.000854875426739, 0.000481599621708, 0.000217738881474], [-0.000302434898913, -0.000570858537685, -0.00130319152959, -0.00189841852989, 0.00275376369245, -0.00169170927256, -0.00214696861804, 0.0132285347208, -0.00342023465782, -0.002131909132, 0.00116218184121, -0.00477595347911, 0.000520532834344], [0.000218376633711, -3.53785871994e-05, 0.000340918020811, 0.000722596538253, -0.00185566197615, 0.000774614629336, -0.00122792785987, -0.00342023465782, 0.012797517702, -0.00280697410926, -0.00315532064997, 0.00254220562056, -0.00245626131073], [-5.34377031727e-05, -0.000407414947404, 0.00034090684494, -0.000782056944445, -0.00270763458684, -0.00391259277239, 0.00233535445295, -0.002131909132, -0.00280697410926, 0.0142799699679, -0.000737265101634, -0.000110190121632, 0.00214590365067], [6.8817891588e-05, -0.00122907652985, -0.00208574300632, 0.000726656056941, 0.00131937128026, -0.000534369784873, -0.000854875426739, 0.00116218184121, -0.00315532064997, -0.000737265101634, 0.0122851077467, -0.00376995000988, 0.000302541448036], [-0.000690357119311, -0.000132206769194, -0.00119139393792, -0.000669029308483, 0.000233231461607, 0.000875024008565, 0.000481599621708, -0.00477595347911, 0.00254220562056, -0.000110190121632, -0.00376995000988, 0.0161242578179, -0.00199617305771], [0.000652056012768, -0.00177247740794, -0.000371149770217, -0.00154300185386, -0.0012222204823, 0.000616560224444, 0.000217738881474, 0.000520532834344, -0.00245626131073, 0.00214590365067, 0.000302541448036, -0.00199617305771, 0.0160179380327]]
    },
    "spectral_contrast_coeffs": {
        "max": [-0.372047305107, -0.494055002928, -0.45889955759, -0.556996524334, -0.629861474037, -0.33197671175],
        "mean": [-0.702488899231, -0.744899868965, -0.730822503567, -0.784844756126, -0.805494129658, -0.581206381321],
        "min": [-0.876055717468, -0.893480241299, -0.903236567974, -0.921234965324, -0.880452632904, -0.734641611576],
        "stdev": [0.0788222998381, 0.0631575807929, 0.0600849762559, 0.0554869361222, 0.02903117612, 0.0525076538324]
    },
    "spectral_contrast_valleys": {
        "max": [-4.85014772415, -4.5825881958, -5.30762529373, -6.07386684418, -6.19621992111, -8.63432502747],
        "mean": [-6.19416093826, -6.01391220093, -7.06918525696, -7.46769857407, -7.30972528458, -11.5779752731],
        "min": [-9.32019710541, -8.11168766022, -8.87636566162, -9.01984596252, -8.68402481079, -15.413983345],
        "stdev": [0.625308215618, 0.497512042522, 0.517600595951, 0.43386888504, 0.435899198055, 1.0245398283]
    }
},
"rhythm": {
    "beats_count": 71,
    "beats_loudness": {
        "max": 0.0791199207306,
        "mean": 0.0377234332263,
        "min": 0.0158632658422,
        "stdev": 0.0130845503882
    },
    "bpm": 88.7748031616,
    "bpm_histogram_first_peak_bpm": 89,
    "bpm_histogram_first_peak_weight": 0.0588235259056,
    "bpm_histogram_second_peak_bpm": 94,
    "bpm_histogram_second_peak_spread": 0,
    "bpm_histogram_second_peak_weight": 0.0285714287311,
    "danceability": 1.33525466919,
    "onset_rate": 4.4296875,
    "beats_loudness_band_ratio": {
        "max": [0.689857959747, 0.534538984299, 0.644748330116, 0.314132928848, 0.385054826736, 0.325095802546],
        "mean": [0.364880472422, 0.231534451246, 0.269962400198, 0.0794664472342, 0.0626725777984, 0.0686023235321],
        "min": [0.0972348824143, 0.0469851903617, 0.0854069665074, 0.0109468437731, 0.00922702625394, 0.0185800362378],
        "stdev": [0.137680068612, 0.107602886856, 0.141859486699, 0.0552219040692, 0.0903679728508, 0.0416867658496]
    },
    "beats_position": [0.696598649025, 1.38158726692, 2.06657600403, 2.73995471001, 3.42494320869, 4.1099319458, 4.78331041336, 5.45668935776, 6.13006782532, 6.81505680084, 7.50004529953, 8.17342376709, 8.85841274261, 9.54340076447, 10.2167797089, 10.8901586533, 11.5403175354, 12.1788663864, 12.8174142838, 13.4675731659, 14.117732048, 14.7911109924, 15.4644899368, 16.1378688812, 16.8228569031, 17.5078449249, 18.181224823, 18.8546028137, 19.5279808044, 20.2129707336, 20.8979587555, 21.5713367462, 22.2447166443, 22.9297046661, 23.614692688, 24.2880725861, 24.9614505768, 25.6348285675, 26.3082084656, 26.9815864563, 27.6665763855, 28.3399543762, 29.0249423981, 29.7099323273, 30.3949203491, 31.0682983398, 31.7416782379, 32.4150543213, 33.0884361267, 33.7734222412, 34.4584121704, 35.1317901611, 35.8051681519, 36.4785499573, 37.1635360718, 37.848526001, 38.5219039917, 39.1952819824, 39.8686599731, 40.5420417786, 41.2154197693, 41.9120178223, 42.585395813, 43.2587738037, 43.9437637329, 44.6287536621, 45.3021316528, 45.9755096436, 46.6488876343, 47.3338775635, 48.018863678],
