{
"metadata": {
    "version": {
        "essentia": "2.1-beta5",
        "essentia_git_sha": "Undefined",
        "extractor": "music 2.0"
    },
    "audio_properties": {
        "analysis": {
            "equal_loudness": 0,
            "length": 52.2448997498,
            "sample_rate": 44100,
            "start_time": 61.4980506897,
            "downmix": "mix"
        },
        "bit_rate": 192000,
        "length": 197.00970459,
        "lossless": 0,
        "number_channels": 2,
        "replay_gain": 3.91324806213,
        "sample_rate": 48000,
        "codec": "mp3",
        "md5_encoded": "47f4a201ae4d839aa944fa1de5f8485f"
    },
    "tags": {
        "file_name": "Hungary_Running_András Kállay-Saunders.mp3",
        "encoding": ["Lavf58.29.100"]
    }
},
"lowlevel": {
    "average_loudness": 0.961214661598,
    "barkbands_crest": {
        "max": 24.9737701416,
        "mean": 11.1560564041,
        "min": 2.79224061966,
        "stdev": 3.77582263947
    },
    "barkbands_flatness_db": {
        "max": 0.352836936712,
        "mean": 0.200006037951,
        "min": 0.110296875238,
        "stdev": 0.0371424406767
    },
    "barkbands_kurtosis": {
        "max": 54.4978904724,
        "mean": 4.4260468483,
        "min": -1.87099897861,
        "stdev": 5.2991809845
    },
    "barkbands_skewness": {
        "max": 6.3718328476,
        "mean": 1.78722810745,
        "min": -0.719420015812,
        "stdev": 0.897957623005
    },
    "barkbands_spread": {
        "max": 83.8428192139,
        "mean": 19.9220218658,
        "min": 1.8121792078,
        "stdev": 12.1124382019
    },
    "dissonance": {
        "max": 0.499677807093,
        "mean": 0.462496757507,
        "min": 0.31331294775,
        "stdev": 0.0262872222811
    },
    "dynamic_complexity": 1.89989042282,
    "erbbands_crest": {
        "max": 26.5130062103,
        "mean": 8.99654960632,
        "min": 2.75470757484,
        "stdev": 4.08659553528
    },
    "erbbands_flatness_db": {
        "max": 0.303195983171,
        "mean": 0.196625709534,
        "min": 0.12390268594,
        "stdev": 0.0303565543145
    },
    "erbbands_kurtosis": {
        "max": 15.878370285,
        "mean": 0.442515432835,
        "min": -1.71322143078,
        "stdev": 1.84537649155
    },
    "erbbands_skewness": {
        "max": 3.2268204689,
        "mean": 0.509798586369,
        "min": -2.42527723312,
        "stdev": 0.72143894434
    },
    "erbbands_spread": {
        "max": 105.606491089,
        "mean": 39.8187942505,
        "min": 7.32683515549,
        "stdev": 16.60131073
    },
    "hfc": {
        "max": 75.2948074341,
        "mean": 22.9266529083,
        "min": 1.10515356064,
        "stdev": 12.4256858826
    },
    "loudness_ebu128": {
        "integrated": -26.0249652863,
        "loudness_range": 4.75588607788,
        "momentary": {
            "max": -23.6737976074,
            "mean": -26.4184875488,
            "min": -34.2420425415,
            "stdev": 2.01603269577
        },
        "short_term": {
            "max": -24.3700618744,
            "mean": -26.3494529724,
            "min": -30.063129425,
            "stdev": 1.68997776508
        }
    },
    "melbands_crest": {
        "max": 30.602142334,
        "mean": 17.1322498322,
        "min": 3.70577478409,
        "stdev": 5.16673994064
    },
    "melbands_flatness_db": {
        "max": 0.456829458475,
        "mean": 0.245281428099,
        "min": 0.0686086565256,
        "stdev": 0.0569510757923
    },
    "melbands_kurtosis": {
        "max": 99.689743042,
        "mean": 13.1368589401,
        "min": -1.20803964138,
        "stdev": 11.7612514496
    },
    "melbands_skewness": {
        "max": 9.00604438782,
        "mean": 2.80002045631,
        "min": -0.0846900567412,
        "stdev": 1.21464586258
    },
    "melbands_spread": {
        "max": 144.605651855,
        "mean": 18.5694351196,
        "min": 1.70824289322,
        "stdev": 14.5124330521
    },
    "pitch_salience": {
        "max": 0.810801208019,
        "mean": 0.520700156689,
        "min": 0.155181154609,
        "stdev": 0.0987522155046
    },
    "silence_rate_20dB": {
        "max": 1,
        "mean": 1,
        "min": 1,
        "stdev": 0
    },
    "silence_rate_30dB": {
        "max": 1,
        "mean": 0.970235466957,
        "min": 0,
        "stdev": 0.169934734702
    },
    "silence_rate_60dB": {
        "max": 1,
        "mean": 0.000888494018,
        "min": 0,
        "stdev": 0.0297947973013
    },
    "spectral_centroid": {
        "max": 4090.62939453,
        "mean": 1190.42382812,
        "min": 328.982940674,
        "stdev": 591.743164062
    },
    "spectral_complexity": {
        "max": 52,
        "mean": 20.4775657654,
        "min": 5,
        "stdev": 6.98063182831
    },
    "spectral_decrease": {
        "max": -5.01022612287e-10,
        "mean": -1.26456205507e-08,
        "min": -4.72484735781e-08,
        "stdev": 6.88525725323e-09
    },
    "spectral_energy": {
        "max": 0.184099018574,
        "mean": 0.049807023257,
        "min": 0.00199121586047,
        "stdev": 0.0266635455191
    },
    "spectral_energyband_high": {
        "max": 0.00956704095006,
        "mean": 0.000942990824115,
        "min": 1.17725448945e-05,
        "stdev": 0.00125338067301
    },
    "spectral_energyband_low": {
        "max": 0.14236754179,
        "mean": 0.0265731960535,
        "min": 0.000192775463802,
        "stdev": 0.0193210504949
    },
    "spectral_energyband_middle_high": {
        "max": 0.0292987842113,
        "mean": 0.00510669220239,
        "min": 0.000248839322012,
        "stdev": 0.00382388127036
    },
    "spectral_energyband_middle_low": {
        "max": 0.141064494848,
        "mean": 0.0187679622322,
        "min": 0.000908067973796,
        "stdev": 0.0141587490216
    },
    "spectral_entropy": {
        "max": 8.38341808319,
        "mean": 7.51917982101,
        "min": 6.34393167496,
        "stdev": 0.330750316381
    },
    "spectral_flux": {
        "max": 0.343613952398,
        "mean": 0.102095842361,
        "min": 0.0186465345323,
        "stdev": 0.0519663020968
    },
    "spectral_kurtosis": {
        "max": 19.899974823,
        "mean": 2.3036544323,
        "min": -1.31733739376,
        "stdev": 2.56313300133
    },
    "spectral_rms": {
        "max": 0.0134018212557,
        "mean": 0.00669469824061,
        "min": 0.00139378965832,
        "stdev": 0.00194246182218
    },
    "spectral_rolloff": {
        "max": 7859.61914062,
        "mean": 920.524536133,
        "min": 86.1328125,
        "stdev": 1076.95593262
    },
    "spectral_skewness": {
        "max": 3.24283695221,
        "mean": 1.10629200935,
        "min": -0.4943549335,
        "stdev": 0.477949351072
    },
    "spectral_spread": {
        "max": 9003612,
        "mean": 3744681.75,
        "min": 1875519.375,
        "stdev": 910954.6875
    },
    "spectral_strongpeak": {
        "max": 5.24371004105,
        "mean": 0.568010032177,
        "min": 0.0341912358999,
        "stdev": 0.658214330673
    },
    "zerocrossingrate": {
        "max": 0.24658203125,
        "mean": 0.0435479208827,
        "min": 0.00439453125,
        "stdev": 0.0268262326717
    },
    "barkbands": {
        "max": [0.00971305184066, 0.112376920879, 0.0907929614186, 0.0377700403333, 0.11260086298, 0.0354166887701, 0.0346041209996, 0.0386118367314, 0.0369898714125, 0.0228591132909, 0.0189048014581, 0.00787575822324, 0.0120642334223, 0.00784802250564, 0.00899012479931, 0.00618160376325, 0.00889367423952, 0.00502828508615, 0.00505420658737, 0.00422365311533, 0.00534740043804, 0.00479558762163, 0.00348013848998, 0.00214229268022, 8.08485856396e-06, 7.68517679717e-07, 7.49156527036e-07],
        "mean": [0.0022661969997, 0.0185767449439, 0.00447208853438, 0.00229149591178, 0.00562092661858, 0.0028332544025, 0.00232390407473, 0.0021698626224, 0.00300896656699, 0.00120770209469, 0.000723818258848, 0.000492935650982, 0.000622848339844, 0.000388140440919, 0.000338279234711, 0.000375037576305, 0.000274385791272, 0.000413554371335, 0.000334002019372, 0.000221164576942, 0.000220953457756, 0.000320126971928, 0.000246082112426, 6.42974628136e-05, 2.51994322298e-07, 2.09888995073e-09, 2.22850582432e-09],
        "min": [2.22958256302e-08, 4.59653383587e-05, 2.94642359222e-06, 1.57002796186e-06, 3.2185089367e-05, 5.06070828123e-05, 3.900154843e-05, 1.10636083264e-05, 1.89592428796e-05, 1.53923829203e-05, 1.45946924022e-05, 1.51034109876e-05, 3.78670711143e-06, 3.91966614188e-06, 6.01850661042e-06, 4.0454219743e-06, 3.21437255479e-06, 4.64405275125e-06, 4.76419563711e-06, 4.08765572502e-06, 2.16329021896e-06, 2.12861459659e-06, 1.32672468567e-07, 3.09450409741e-10, 1.90469168215e-10, 2.69712224776e-10, 3.61912333435e-10],
        "stdev": [0.00213270727545, 0.0151490923017, 0.00734485639259, 0.00343102077022, 0.00912896450609, 0.00393309257925, 0.00343914330006, 0.00370633532293, 0.00468106660992, 0.00204256991856, 0.00112460448872, 0.000668293621857, 0.000983865698799, 0.000707741070073, 0.000654364062939, 0.000516403117217, 0.000552719749976, 0.000582239008509, 0.000467466597911, 0.000345207576174, 0.000397815572796, 0.000456810172182, 0.000381972669857, 0.000135187365231, 6.56322754367e-07, 1.65486824244e-08, 1.60953934625e-08]
    },
    "erbbands": {
        "max": [4.06396722794, 23.4527435303, 81.0642623901, 144.018478394, 131.04977417, 552.979309082, 411.777648926, 366.050354004, 585.986572266, 747.257751465, 819.824035645, 994.024353027, 803.842102051, 400.417816162, 776.069641113, 213.06137085, 572.986450195, 700.358520508, 519.14276123, 337.817474365, 373.093566895, 293.817077637, 354.711730957, 188.56137085, 276.573272705, 213.550537109, 277.86126709, 164.328643799, 150.575485229, 195.312423706, 103.846191406, 56.2050819397, 23.928894043, 1.22413039207, 0.0403455719352, 0.00351955438964, 0.00142398639582, 0.000481843453599, 0.000128902582219, 0.000208248806302],
        "mean": [0.836773991585, 2.94774127007, 4.80977964401, 7.49100828171, 7.65813875198, 22.4686851501, 30.3396549225, 22.9921894073, 24.9023647308, 45.5874824524, 49.8381118774, 68.9237670898, 49.9119148254, 31.1200580597, 28.587562561, 17.7054729462, 27.1882362366, 22.0708656311, 19.0115871429, 17.252243042, 21.6018066406, 16.0134906769, 24.8562374115, 14.513086319, 18.2660007477, 9.96113395691, 7.83842849731, 9.90525341034, 10.9053068161, 10.3421621323, 6.59742546082, 2.45208907127, 0.54518610239, 0.0266311671585, 0.00114812538959, 0.000162497744896, 4.77609646623e-05, 1.31628439703e-05, 2.74151825579e-05, 5.76100537728e-05],
        "min": [0.000613496813457, 0.0213103014976, 0.0668259188533, 0.0353678353131, 0.0599555112422, 0.104366019368, 0.420852184296, 0.746101856232, 0.767177820206, 0.455078363419, 0.404759466648, 0.819028317928, 0.755565285683, 0.97853988409, 0.879428446293, 0.664372801781, 0.391893953085, 0.456481039524, 0.407588928938, 0.421252906322, 0.252992033958, 0.345606178045, 0.338697046041, 0.322058945894, 0.285436242819, 0.201487362385, 0.0827350839972, 0.0745408013463, 0.0767112150788, 0.0254399217665, 0.00299411313608, 0.000137484807055, 4.03127705795e-05, 1.223336767e-05, 5.22326581631e-06, 3.12389556711e-06, 1.66200084095e-06, 5.40101780189e-07, 1.0987640735e-06, 2.30539649237e-06],
        "stdev": [0.646266579628, 3.11505031586, 7.17149209976, 10.7943258286, 10.100276947, 42.760635376, 44.232749939, 29.5141563416, 32.591506958, 63.9975814819, 81.3843688965, 109.599182129, 75.8887481689, 38.0324401855, 41.9923591614, 18.9994754791, 40.1040077209, 39.9123001099, 34.2107810974, 26.312664032, 30.9257793427, 25.5251636505, 36.4245796204, 18.1578922272, 26.0535793304, 15.6294736862, 15.1194467545, 16.3318347931, 15.4996986389, 15.4541196823, 10.6811704636, 4.86405563354, 1.19959723949, 0.0584584772587, 0.00217249803245, 0.000236687657889, 5.50588520127e-05, 1.6674735889e-05, 1.36787020892e-05, 2.9696178899e-05]
    },
    "gfcc": {
        "mean": [-6.09105825424, 161.201324463, -150.240692139, 66.215423584, -71.669631958, 10.1792287827, -7.41164255142, -17.0792388916, 17.3710327148, -24.1901340485, 8.85399532318, -8.15406703949, -1.76277947426],
        "cov": [[1898.60290527, -586.543518066, 38.764087677, 340.217681885, -286.029541016, 350.236694336, -88.7349853516, 272.374847412, 70.3042373657, -4.69828367233, 79.9270935059, -154.15246582, 41.6333580017], [-586.543518066, 719.596435547, -29.8136730194, -246.31930542, 370.744537354, -234.459838867, 182.761627197, -97.7431869507, 50.1152687073, -0.663789689541, -24.3153419495, 78.15965271, -47.4455604553], [38.764087677, -29.8136730194, 257.114807129, 42.2619781494, -91.3362045288, 72.6656799316, -28.3821716309, -27.8493766785, 5.15862989426, 22.7724914551, -3.14609503746, -7.80358409882, 20.8826580048], [340.217681885, -246.31930542, 42.2619781494, 267.295440674, -37.7625007629, 25.4270057678, -40.9861068726, 39.3365058899, 11.9337148666, 24.2137889862, 5.82028579712, -11.4434757233, 21.6313266754], [-286.029541016, 370.744537354, -91.3362045288, -37.7625007629, 366.460449219, -140.942825317, 134.484024048, -24.7066192627, 53.6175079346, 25.6996364594, -14.7283248901, 64.2024002075, -32.2884941101], [350.236694336, -234.459838867, 72.6656799316, 25.4270057678, -140.942825317, 272.858642578, -8.3937625885, 56.92004776, -4.60712099075, 9.240442276, 22.566740036, -69.3123855591, 24.6209373474], [-88.7349853516, 182.761627197, -28.3821716309, -40.9861068726, 134.484024048, -8.3937625885, 181.601303101, 9.80103492737, 21.915687561, 28.3546886444, -6.11263084412, 29.3511943817, -29.6420345306], [272.374847412, -97.7431869507, -27.8493766785, 39.3365058899, -24.7066192627, 56.92004776, 9.80103492737, 136.519821167, 38.9158973694, -6.5149936676, 40.6401901245, -34.7535171509, -4.49529266357], [70.3042373657, 50.1152687073, 5.15862989426, 11.9337148666, 53.6175079346, -4.60712099075, 21.915687561, 38.9158973694, 94.7599411011, 27.8312721252, -1.71995222569, 5.37473726273, -15.5444374084], [-4.69828367233, -0.663789689541, 22.7724914551, 24.2137889862, 25.6996364594, 9.240442276, 28.3546886444, -6.5149936676, 27.8312721252, 71.537940979, 9.80338859558, 10.6350412369, 7.04399490356], [79.9270935059, -24.3153419495, -3.14609503746, 5.82028579712, -14.7283248901, 22.566740036, -6.11263084412, 40.6401901245, -1.71995222569, 9.80338859558, 76.0278091431, 0.117787651718, 0.328522056341], [-154.15246582, 78.15965271, -7.80358409882, -11.4434757233, 64.2024002075, -69.3123855591, 29.3511943817, -34.7535171509, 5.37473726273, 10.6350412369, 0.117787651718, 84.0431213379, 8.72869491577], [41.6333580017, -47.4455604553, 20.8826580048, 21.6313266754, -32.2884941101, 24.6209373474, -29.6420345306, -4.49529266357, -15.5444374084, 7.04399490356, 0.328522056341, 8.72869491577, 72.3630599976]],
        "icov": [[0.00137955544051, -0.00170478108339, 0.00108075351454, -0.00264261290431, 0.00164031540044, -0.00210146536119, 0.000919611135032, -0.00204371078871, -0.000109063861601, -0.000239906221395, 0.000387045001844, -0.000290123076411, 0.000296416779747], [-0.00170478108339, 0.0228693038225, -0.00981802586466, 0.0175675489008, -0.0153397796676, 0.0158170256764, -0.0147706149146, 0.0149839734659, -0.012149469927, 0.0131983039901, -0.0114658856764, 0.0132848108187, -0.00923371780664], [0.00108075351454, -0.00981802586466, 0.0095046358183, -0.0087102977559, 0.00809125415981, -0.00816490035504, 0.005899714306, -0.00394892506301, 0.00288073602132, -0.00582508463413, 0.00417121779174, -0.00558421807364, 0.00320204626769], [-0.00264261290431, 0.0175675489008, -0.0087102977559, 0.0195552166551, -0.0126685723662, 0.0132308639586, -0.00942209828645, 0.00965918786824, -0.00699162762612, 0.00660399720073, -0.00675674993545, 0.0088802902028, -0.00689240870997], [0.00164031540044, -0.0153397796676, 0.00809125415981, -0.0126685723662, 0.0163713824004, -0.00878905318677, 0.00577100040391, -0.00828499346972, 0.00421502580866, -0.00785653013736, 0.00644628377631, -0.00872930977494, 0.0052891196683], [-0.00210146536119, 0.0158170256764, -0.00816490035504, 0.0132308639586, -0.00878905318677, 0.0183628518134, -0.0126164471731, 0.0101903295144, -0.00819016434252, 0.00813325215131, -0.00891408603638, 0.0133837386966, -0.00884869042784], [0.000919611135032, -0.0147706149146, 0.005899714306, -0.00942209828645, 0.00577100040391, -0.0126164471731, 0.0205571427941, -0.0141953788698, 0.0120333777741, -0.0139822652563, 0.0114274574444, -0.0133135486394, 0.0108070587739], [-0.00204371078871, 0.0149839734659, -0.00394892506301, 0.00965918786824, -0.00828499346972, 0.0101903295144, -0.0141953788698, 0.0282436143607, -0.0178314279765, 0.0158542227, -0.0172620601952, 0.0147327883169, -0.00904429797083], [-0.000109063861601, -0.012149469927, 0.00288073602132, -0.00699162762612, 0.00421502580866, -0.00819016434252, 0.0120333777741, -0.0178314279765, 0.027295248583, -0.0172823406756, 0.0134479841217, -0.0118309855461, 0.0107560791075], [-0.000239906221395, 0.0131983039901, -0.00582508463413, 0.00660399720073, -0.00785653013736, 0.00813325215131, -0.0139822652563, 0.0158542227, -0.0172823406756, 0.0306374318898, -0.0141207510605, 0.0101175364107, -0.0103680836037], [0.000387045001844, -0.0114658856764, 0.00417121779174, -0.00675674993545, 0.00644628377631, -0.00891408603638, 0.0114274574444, -0.0172620601952, 0.0134479841217, -0.0141207510605, 0.0259185880423, -0.0125312265009, 0.00825082976371], [-0.000290123076411, 0.0132848108187, -0.00558421807364, 0.0088802902028, -0.00872930977494, 0.0133837386966, -0.0133135486394, 0.0147327883169, -0.0118309855461, 0.0101175364107, -0.0125312265009, 0.0289021655917, -0.0121086537838], [0.000296416779747, -0.00923371780664, 0.00320204626769, -0.00689240870997, 0.0052891196683, -0.00884869042784, 0.0108070587739, -0.00904429797083, 0.0107560791075, -0.0103680836037, 0.00825082976371, -0.0121086537838, 0.0227094367146]]
    },
    "melbands": {
        "max": [0.0346370339394, 0.0312148630619, 0.0205189175904, 0.0224165171385, 0.018532499671, 0.00752224074677, 0.00844308640808, 0.00785375386477, 0.0063152438961, 0.00693407515064, 0.00405937619507, 0.00160567939747, 0.00250011542812, 0.00100182672031, 0.00100804190151, 0.0014322710922, 0.00114757486153, 0.000847062794492, 0.0005455306964, 0.000411982124206, 0.000447860482382, 0.000415207759943, 0.00025269028265, 0.000232624603086, 0.000166442885529, 0.000257054052781, 0.000199124609935, 0.000138847099151, 0.000204311319976, 0.000149880172103, 0.000104415426904, 0.000106239560409, 0.000138651754241, 8.85100089363e-05, 7.27210062905e-05, 6.3310850237e-05, 3.45861371898e-05, 2.21757418331e-05, 3.17768831337e-06, 5.798738556e-08],
        "mean": [0.00613511633128, 0.00289901765063, 0.00127026555128, 0.000992826768197, 0.00115781940985, 0.000502013543155, 0.000418704410549, 0.000520383997355, 0.000410037609981, 0.000440333562437, 0.000244328635745, 0.000125219434267, 9.38252414926e-05, 6.62375314278e-05, 4.48868049716e-05, 6.27553235972e-05, 3.81193167414e-05, 3.09126771754e-05, 2.52250483754e-05, 2.43698596023e-05, 2.48984397331e-05, 1.56651331054e-05, 2.07817665796e-05, 1.90452356037e-05, 1.03807833511e-05, 1.45229487316e-05, 1.05108674688e-05, 5.6520570979e-06, 4.64347067464e-06, 5.0618041314e-06, 6.01404872214e-06, 5.88427246839e-06, 6.66442156216e-06, 5.37772075404e-06, 4.30443515143e-06, 2.17595152208e-06, 1.24166740534e-06, 4.66064733473e-07, 5.48285967739e-08, 1.09309372665e-09],
        "min": [1.19533706311e-05, 4.09548920288e-05, 1.18242805911e-05, 9.32430521061e-06, 1.8500675651e-05, 1.05858835013e-05, 1.06796696855e-05, 5.28346072315e-06, 1.37306358283e-06, 3.26401732309e-06, 3.11207008963e-06, 2.92798790724e-06, 2.13909993363e-06, 1.76508797267e-06, 1.32446120915e-06, 4.78930815007e-07, 5.06705589487e-07, 5.12365829763e-07, 2.41436652004e-07, 4.16205296006e-07, 2.39191194851e-07, 2.37480392684e-07, 2.44002166028e-07, 1.92870075466e-07, 1.95896888044e-07, 1.28381373088e-07, 1.44426579141e-07, 6.08927663848e-08, 5.89506576887e-09, 4.1476194923e-08, 2.29826770948e-08, 3.30549667638e-08, 1.79847301496e-08, 1.00615089593e-08, 2.91204810265e-10, 2.47336092579e-12, 2.93713968078e-12, 1.75000031827e-12, 1.48785736336e-12, 1.35484050194e-12],
        "stdev": [0.00477785570547, 0.00329881068319, 0.00165069208015, 0.00167197803967, 0.00170004484244, 0.000656010583043, 0.000559968757443, 0.000704964215402, 0.000684904516675, 0.000721444084775, 0.000385427323636, 0.000158440685482, 0.000141759053804, 9.22090912354e-05, 6.94601112627e-05, 0.000107945561467, 7.43517593946e-05, 5.8668651036e-05, 4.84491174575e-05, 3.47095774487e-05, 3.98842639697e-05, 3.03175256704e-05, 3.20155340887e-05, 2.71320641332e-05, 1.38903360494e-05, 2.25306721404e-05, 1.66446643561e-05, 1.03505681182e-05, 9.28932695388e-06, 1.00542065411e-05, 9.94653510134e-06, 8.65053334564e-06, 1.03022684925e-05, 8.14820577943e-06, 6.87680130795e-06, 4.33148807133e-06, 2.63305810222e-06, 1.05995457034e-06, 1.4685718952e-07, 3.40967454271e-09]
    },
    "melbands128": {
        "max": [0.00869279075414, 0.036530867219, 0.0584220513701, 0.0424013249576, 0.035562787205, 0.0461872629821, 0.0346781201661, 0.014876248315, 0.0163566824049, 0.0224402658641, 0.0383757576346, 0.0308911856264, 0.0153087424114, 0.0164647791535, 0.0124016338959, 0.00659413915128, 0.00900679361075, 0.0116013530642, 0.0110324630514, 0.0135811101645, 0.0102320956066, 0.0152969192713, 0.0117061594501, 0.0103953089565, 0.011884639971, 0.0143176261336, 0.0056263380684, 0.0076825930737, 0.00308555806987, 0.0019711474888, 0.00258224457502, 0.00475393002853, 0.00335895689204, 0.00391722656786, 0.00228341249749, 0.00135254685301, 0.000598202692345, 0.00211270642467, 0.00253094662912, 0.00226153875701, 0.00323920627125, 0.00484270649031, 0.00160004233476, 0.00118918612134, 0.0012104131747, 0.00169546459801, 0.00151438079774, 0.00136735581327, 0.000861581298523, 0.000650293775834, 0.000547240371816, 0.00075657927664, 0.000861541077029, 0.00119581923354, 0.000992803601548, 0.000768404977862, 0.00031498548924, 0.000577515515033, 0.000502650334965, 0.000904057407752, 0.000448770064395, 0.000344503147062, 0.000340026948834, 0.000198260910111, 0.000250628538197, 0.000439026713138, 0.00051206961507, 0.000355931144441, 0.000274162535788, 0.000261393404799, 0.000168894170201, 0.000132993212901, 0.000162726908457, 0.00028689703322, 0.000168736398336, 0.00012931607489, 0.000227505224757, 0.000125893799122, 0.000151927233674, 0.000126912185806, 0.000138851988595, 9.21084938454e-05, 0.00015601789346, 0.000168461556314, 0.000249096076004, 0.000134957721457, 8.33201484056e-05, 0.000164784272783, 9.27020591917e-05, 8.87584392331e-05, 9.19787416933e-05, 0.000101825782622, 4.11429173255e-05, 3.50734080712e-05, 3.54751573468e-05, 3.40509795933e-05, 1.7868454961e-05, 9.18445130083e-06, 3.57559974873e-06, 3.8890345877e-07, 1.07338792077e-07, 1.1879727424e-08, 7.83043674346e-09, 7.3795778377e-09, 6.96103086284e-09, 6.51998766088e-09, 6.13861272925e-09, 5.75658631874e-09, 5.42641132029e-09, 5.15658404865e-09, 4.93795004886e-09, 4.65374361269e-09, 4.42262537703e-09, 4.26256363539e-09, 4.07337230612e-09, 3.84699161415e-09, 3.63724339536e-09, 3.57677731877e-09, 3.4404397109e-09, 3.36685834768e-09, 3.25613669361e-09, 3.18072568284e-09, 3.05190983596e-09, 2.98579050373e-09, 2.96361490904e-09, 2.94349433716e-09, 2.91362312055e-09, 2.88991430786e-09],
        "mean": [0.00215963926166, 0.00785032100976, 0.00719488784671, 0.00411336869001, 0.00245351623744, 0.00225985469297, 0.00160941726062, 0.00101916061249, 0.000638868892565, 0.000762098119594, 0.00137741630897, 0.00157688744366, 0.00104460935108, 0.000734184286557, 0.000594424782321, 0.000311200623401, 0.000250145181781, 0.000444714096375, 0.000642880273517, 0.000447018624982, 0.000552609853912, 0.000486444187118, 0.000307797803544, 0.000473122403491, 0.000402695062803, 0.000560030632187, 0.000230204095715, 0.000255499558989, 0.000188198318938, 0.000114762253361, 0.000119344120321, 0.000110476226837, 6.65078987367e-05, 0.000111271983769, 9.57521260716e-05, 4.57263704448e-05, 2.78304705716e-05, 3.86019892176e-05, 6.29032729194e-05, 6.09439302934e-05, 7.3823663115e-05, 4.54674191133e-05, 3.3351003367e-05, 3.77998949261e-05, 3.52851748175e-05, 2.95903628285e-05, 2.55812119576e-05, 2.84905399894e-05, 2.46397139563e-05, 1.63052081916e-05, 2.64488116954e-05, 2.87573948299e-05, 2.92756849376e-05, 2.13663115574e-05, 1.92862480617e-05, 1.40563506648e-05, 1.37504457598e-05, 1.48107019413e-05, 2.33278788073e-05, 3.37415985996e-05, 1.73985263245e-05, 1.03880502138e-05, 1.15113170978e-05, 9.0182893473e-06, 1.05985754999e-05, 1.7414928152e-05, 1.4819759599e-05, 1.24090447571e-05, 1.01512832771e-05, 6.87869032845e-06, 5.39425855095e-06, 5.30187799086e-06, 4.62056596007e-06, 4.41429074272e-06, 4.74992566524e-06, 4.877595984e-06, 5.23547578268e-06, 5.70282372792e-06, 6.40038797428e-06, 6.06011553828e-06, 5.49666083316e-06, 5.92221113038e-06, 6.44292094876e-06, 7.16488830221e-06, 6.52477456242e-06, 5.48241223441e-06, 4.8596830311e-06, 5.28047849002e-06, 4.63892456537e-06, 3.4513434457e-06, 2.51869710155e-06, 1.81340521976e-06, 1.51356005063e-06, 1.32761033456e-06, 1.05552726382e-06, 6.96270603839e-07, 3.3081124684e-07, 1.34582592182e-07, 5.20640419666e-08, 1.10939408771e-08, 9.15924169842e-10, 1.7039646083e-10, 2.37104346573e-11, 1.91758345314e-11, 1.81346205413e-11, 1.80723578463e-11, 1.78351240027e-11, 1.57810691598e-11, 1.44481180492e-11, 1.35754463226e-11, 1.31538946402e-11, 1.27266521974e-11, 1.22100662914e-11, 1.17533630398e-11, 1.1384029136e-11, 1.10907368359e-11, 1.08517205638e-11, 1.0552880618e-11, 1.03524905662e-11, 1.00847941109e-11, 9.77596822938e-12, 9.64260008646e-12, 9.5233465211e-12, 9.30274173666e-12, 8.60910214645e-12, 7.52721236036e-12, 6.92858227389e-12, 6.81186617529e-12],
        "min": [6.02826766283e-09, 1.82640818025e-07, 3.48176808984e-06, 2.27989767154e-05, 2.81141001324e-05, 1.35437880999e-06, 8.86110910869e-07, 7.78807077495e-07, 6.64411118123e-07, 1.97961617232e-06, 1.87748992175e-06, 2.62148614638e-06, 5.20737899024e-07, 4.33131390309e-06, 2.12237480923e-07, 3.59217608548e-07, 1.45725255152e-06, 4.81393226437e-06, 9.49073864831e-07, 7.25724476069e-07, 1.02112460354e-06, 2.88728983833e-07, 7.47888350361e-07, 6.51866912449e-07, 3.7725399693e-07, 9.97748998088e-07, 3.58771956144e-07, 4.36154607542e-07, 4.63123285499e-07, 2.24600384513e-07, 2.84301620468e-07, 7.73664623921e-07, 2.20105746962e-07, 5.59005854939e-07, 5.06466903971e-07, 5.41749898275e-08, 1.4477654986e-07, 9.44534264136e-08, 2.41589248162e-07, 3.94380521129e-07, 2.49029852739e-07, 5.89023620989e-08, 1.34198629098e-07, 6.44066275868e-08, 2.35632285239e-07, 1.05855178845e-07, 4.36521929714e-08, 5.83954076205e-08, 9.76897069904e-08, 1.02142891478e-07, 3.35701955123e-08, 9.37041733096e-08, 2.58126355845e-08, 1.01873325775e-07, 4.71760799314e-08, 1.09753088395e-07, 8.17523755359e-08, 1.05820717522e-07, 4.74231747205e-08, 1.4185928876e-07, 1.2805901406e-07, 1.08408777066e-07, 7.86049199064e-08, 2.83640257948e-08, 5.80173100673e-08, 3.19744586363e-08, 8.05407580629e-08, 4.60140192615e-08, 4.69149910032e-08, 3.77908939697e-08, 3.84617138138e-09, 1.08740447757e-08, 1.97353444698e-09, 2.89909940498e-09, 3.33326455326e-09, 1.00291659422e-08, 2.23695888479e-08, 1.69973368713e-08, 1.30634383311e-08, 2.71950124642e-08, 1.78495920267e-08, 1.0908011383e-08, 3.20388586772e-08, 1.00904964384e-08, 2.64919175486e-09, 6.91405022124e-09, 1.63927993402e-09, 7.62097773777e-10, 1.03611133562e-10, 6.05791328559e-12, 2.16681815719e-12, 1.93408028308e-12, 2.11895908805e-12, 3.42370858226e-12, 2.14545005026e-12, 1.53901067237e-12, 1.12322868021e-12, 1.07241450963e-12, 8.92509156858e-13, 7.02928438113e-13, 1.07286835666e-12, 9.94898824783e-13, 8.5200645367e-13, 9.40655647992e-13, 7.49023130846e-13, 8.063974293e-13, 7.03303084174e-13, 9.33420441634e-13, 1.10316508532e-12, 8.95632526476e-13, 7.2459106857e-13, 1.17219883973e-12, 7.21589454855e-13, 1.034754964e-12, 9.23801942061e-13, 9.84135949816e-13, 9.88856023974e-13, 1.18464103544e-12, 1.06208488185e-12, 1.12234071863e-12, 1.03739217737e-12, 1.05166689159e-12, 1.05354288661e-12, 1.08967641767e-12, 8.45358288579e-13, 3.16762919063e-13, 4.0753289415e-14, 9.90718851866e-16],
        "stdev": [0.00201383419335, 0.00611434224993, 0.00714572332799, 0.00499300146475, 0.00382669060491, 0.00368031603284, 0.00254392111674, 0.00157037039753, 0.000965206534602, 0.00154010788538, 0.00294645968825, 0.00287676253356, 0.00175506528467, 0.00150564557407, 0.000902567233425, 0.00048870453611, 0.000448054401204, 0.000740549119655, 0.00119601306506, 0.000907606678084, 0.000990519416519, 0.00119204900693, 0.000756371649913, 0.00120827439241, 0.000821486231871, 0.00127806630917, 0.00046267118887, 0.000651526032016, 0.000358040007995, 0.000193918109289, 0.000199958289159, 0.000233667713474, 0.00015908163914, 0.000236471925746, 0.000180479633855, 8.65440742928e-05, 3.79572011298e-05, 9.00299564819e-05, 0.000141717304359, 0.000126845261548, 0.000177388516022, 0.000177202076884, 9.67646701611e-05, 9.56319563556e-05, 7.4772266089e-05, 8.96787969396e-05, 7.49447935959e-05, 7.96330350568e-05, 5.48064163013e-05, 4.19781026721e-05, 4.65401935799e-05, 4.86312237626e-05, 6.26019973424e-05, 5.85388443142e-05, 6.19680577074e-05, 3.61264428648e-05, 2.61066434177e-05, 3.71760324924e-05, 5.19908571732e-05, 7.14693960617e-05, 3.42593011737e-05, 1.975773921e-05, 2.10115158552e-05, 1.46834781845e-05, 1.97245462914e-05, 3.68480032193e-05, 3.0821938708e-05, 2.68683033937e-05, 2.14928277273e-05, 1.64428838616e-05, 1.23695699585e-05, 1.01287687357e-05, 8.98660346138e-06, 1.09182965389e-05, 1.11005856525e-05, 1.07559826574e-05, 1.17333229355e-05, 1.03904603748e-05, 1.17256395242e-05, 1.08264312075e-05, 9.16331646295e-06, 8.92237585504e-06, 1.13748983495e-05, 1.19032465591e-05, 1.19146925499e-05, 9.65739218373e-06, 7.82481129136e-06, 8.60761792865e-06, 7.82583902037e-06, 6.92769162924e-06, 5.3460480558e-06, 4.18099352828e-06, 3.34302239935e-06, 3.03472370433e-06, 2.37666768044e-06, 1.63913477991e-06, 8.39026370159e-07, 4.13232527308e-07, 1.47576628251e-07, 2.9010822189e-08, 4.89347984356e-09, 8.84619988373e-10, 1.79852077675e-10, 1.60848431796e-10, 1.51343368393e-10, 1.41540210108e-10, 1.33120695023e-10, 1.24426316472e-10, 1.16965617747e-10, 1.11111217449e-10, 1.06252617815e-10, 1.00195282626e-10, 9.52222536932e-11, 9.16913003857e-11, 8.75567465752e-11, 8.27931542768e-11, 7.83152986905e-11, 7.68398053519e-11, 7.39039454634e-11, 7.22081283655e-11, 6.99269045445e-11, 6.82793543927e-11, 6.5615513023e-11, 6.41873845741e-11, 6.3675363593e-11, 6.32349797525e-11, 6.25980101088e-11, 6.2092504749e-11]
    },
    "mfcc": {
        "mean": [-626.223876953, 157.262466431, -12.4085483551, 50.6857414246, -26.2334194183, 32.5760307312, -24.7329998016, 31.4467277527, -15.1437139511, 18.1660461426, -6.39831399918, 9.85217475891, -5.86396694183],
        "cov": [[2196.68896484, -981.353210449, 352.31539917, -125.995162964, 59.1497421265, -61.0585403442, 41.35181427, 132.386871338, 3.6945104599, 263.891601562, -2.65791010857, 133.726623535, -214.584152222], [-981.353210449, 1135.42321777, -446.21975708, 147.840423584, -2.26193571091, 43.3109359741, 6.84192180634, 15.5811042786, 39.6639137268, -110.19317627, 129.719360352, -132.123535156, 176.080291748], [352.31539917, -446.21975708, 520.232971191, -185.761184692, -18.6041736603, 7.69262742996, 1.00957584381, -52.044128418, -16.0301742554, 35.5751266479, -82.4981689453, 83.8311004639, -108.458244324], [-125.995162964, 147.840423584, -185.761184692, 358.988708496, 15.6189041138, 27.7660369873, -56.102935791, 8.07836723328, 17.5295581818, -46.5032691956, 38.3961105347, -21.1776657104, 80.5331268311], [59.1497421265, -2.26193571091, -18.6041736603, 15.6189041138, 134.219497681, -31.1749782562, 3.75041699409, -12.3067302704, 19.6619472504, 6.43963527679, 2.92959856987, 6.78365182877, 4.91834259033], [-61.0585403442, 43.3109359741, 7.69262742996, 27.7660369873, -31.1749782562, 170.869171143, -0.864786863327, 4.84092569351, 18.2227554321, 12.961265564, -2.02775669098, 9.21639823914, -4.41574907303], [41.35181427, 6.84192180634, 1.00957584381, -56.102935791, 3.75041699409, -0.864786863327, 156.089477539, -3.53253793716, 29.854593277, 1.11731314659, 20.2081108093, 2.73111200333, 4.172519207], [132.386871338, 15.5811042786, -52.044128418, 8.07836723328, -12.3067302704, 4.84092569351, -3.53253793716, 132.279907227, -19.1015319824, 58.5050125122, 26.3423671722, 7.52482461929, -12.3706827164], [3.6945104599, 39.6639137268, -16.0301742554, 17.5295581818, 19.6619472504, 18.2227554321, 29.854593277, -19.1015319824, 118.50717926, -16.8124790192, 25.2016773224, -7.70468759537, 29.7553958893], [263.891601562, -110.19317627, 35.5751266479, -46.5032691956, 6.43963527679, 12.961265564, 1.11731314659, 58.5050125122, -16.8124790192, 148.373184204, 12.15629673, 33.0777587891, -54.4057312012], [-2.65791010857, 129.719360352, -82.4981689453, 38.3961105347, 2.92959856987, -2.02775669098, 20.2081108093, 26.3423671722, 25.2016773224, 12.15629673, 117.32623291, -11.7424621582, 38.3481025696], [133.726623535, -132.123535156, 83.8311004639, -21.1776657104, 6.78365182877, 9.21639823914, 2.73111200333, 7.52482461929, -7.70468759537, 33.0777587891, -11.7424621582, 88.8574295044, -19.6586151123], [-214.584152222, 176.080291748, -108.458244324, 80.5331268311, 4.91834259033, -4.41574907303, 4.172519207, -12.3706827164, 29.7553958893, -54.4057312012, 38.3481025696, -19.6586151123, 124.843017578]],
        "icov": [[0.0010409214301, 0.000808315700851, -0.00012660457287, -0.000195318993065, -0.000346755987266, 0.000272673845757, -0.000223851646297, -0.000754142238293, -0.00045390491141, -0.000777660286985, -0.000689217646141, 7.19635208952e-05, 0.00061350048054], [0.000808315700851, 0.00237177638337, 0.000912348274142, 0.000253128557233, -0.000403368583648, -0.000551360892132, -2.90942007268e-05, -0.000645174935926, -8.86389243533e-05, 0.000100508150354, -0.00154620676767, 0.00125892064534, -0.000654959178064], [-0.00012660457287, 0.000912348274142, 0.00401415396482, 0.00141778681427, 0.000523153750692, -0.000509769131895, 0.000498184585012, 0.00142276636325, -0.000258542218944, 0.00061434681993, 0.000366800435586, -0.00199377094395, 0.00105676241219], [-0.000195318993065, 0.000253128557233, 0.00141778681427, 0.0042849322781, -0.000471788458526, -0.00108449836262, 0.00170196464751, -3.80499550374e-05, -2.46719864663e-05, 0.00118863757234, -0.00059813488042, -0.000439087831182, -0.00166708556935], [-0.000346755987266, -0.000403368583648, 0.000523153750692, -0.000471788458526, 0.00863114651293, 0.00189266412053, 1.63709428307e-05, 0.00151665194426, -0.00160664506257, -0.000991369015537, 0.000706217426341, -0.00131511769723, 0.000135264897835], [0.000272673845757, -0.000551360892132, -0.000509769131895, -0.00108449836262, 0.00189266412053, 0.00703303236514, -0.000200112248422, -6.27592526143e-05, -0.00180051382631, -0.00140193069819, 0.000802188878879, -0.00116252759472, 0.00106643070467], [-0.000223851646297, -2.90942007268e-05, 0.000498184585012, 0.00170196464751, 1.63709428307e-05, -0.000200112248422, 0.00756203569472, 0.000293151213555, -0.00161489774473, 0.000561802415177, -0.00121418002527, -0.000591253687162, -0.000330650189426], [-0.000754142238293, -0.000645174935926, 0.00142276636325, -3.80499550374e-05, 0.00151665194426, -6.27592526143e-05, 0.000293151213555, 0.0110971415415, 0.00152897485532, -0.00338135752827, -0.00101817387622, -0.0009258754435, 0.000231116311625], [-0.00045390491141, -8.86389243533e-05, -0.000258542218944, -2.46719864663e-05, -0.00160664506257, -0.00180051382631, -0.00161489774473, 0.00152897485532, 0.0107364235446, 0.000767378893215, -0.00171105435584, 0.000949534529354, -0.00220819562674], [-0.000777660286985, 0.000100508150354, 0.00061434681993, 0.00118863757234, -0.000991369015537, -0.00140193069819, 0.000561802415177, -0.00338135752827, 0.000767378893215, 0.0118830325082, -0.00210167607293, -0.00241645658389, 0.0031848733779], [-0.000689217646141, -0.00154620676767, 0.000366800435586, -0.00059813488042, 0.000706217426341, 0.000802188878879, -0.00121418002527, -0.00101817387622, -0.00171105435584, -0.00210167607293, 0.0125791244209, -7.4521303759e-05, -0.00274286512285], [7.19635208952e-05, 0.00125892064534, -0.00199377094395, -0.000439087831182, -0.00131511769723, -0.00116252759472, -0.000591253687162, -0.0009258754435, 0.000949534529354, -0.00241645658389, -7.4521303759e-05, 0.0156512167305, -0.00195400952362], [0.00061350048054, -0.000654959178064, 0.00105676241219, -0.00166708556935, 0.000135264897835, 0.00106643070467, -0.000330650189426, 0.000231116311625, -0.00220819562674, 0.0031848733779, -0.00274286512285, -0.00195400952362, 0.0144972242415]]
    },
    "spectral_contrast_coeffs": {
        "max": [-0.445475697517, -0.542465090752, -0.528933525085, -0.592268526554, -0.549480021, -0.360158592463],
        "mean": [-0.733807444572, -0.754261314869, -0.763176083565, -0.795129239559, -0.786963522434, -0.583096504211],
        "min": [-0.88861811161, -0.920843303204, -0.888160765171, -0.888381302357, -0.878817617893, -0.803322076797],
        "stdev": [0.0718048810959, 0.0597115941346, 0.0593694522977, 0.0454668775201, 0.0548064261675, 0.0553825721145]
    },
    "spectral_contrast_valleys": {
        "max": [-4.77821683884, -4.63077926636, -5.60856580734, -5.79566478729, -5.95810699463, -9.06213283539],
        "mean": [-5.96749639511, -6.08641672134, -6.91861581802, -7.35781478882, -7.44327497482, -12.0082092285],
        "min": [-8.3325252533, -7.78848981857, -8.3320646286, -9.03128623962, -8.95031929016, -15.6630105972],
        "stdev": [0.494012594223, 0.443063288927, 0.424355298281, 0.428999096155, 0.550987243652, 1.38986063004]
    }
},
"rhythm": {
    "beats_count": 79,
    "beats_loudness": {
        "max": 0.119352839887,
        "mean": 0.0556448623538,
        "min": 0.0040099225007,
        "stdev": 0.0251632034779
    },
    "bpm": 90.059928894,
    "bpm_histogram_first_peak_bpm": 91,
    "bpm_histogram_first_peak_weight": 0.468750059605,
    "bpm_histogram_second_peak_bpm": 101,
    "bpm_histogram_second_peak_spread": 0.461538493633,
    "bpm_histogram_second_peak_weight": 0.089743591845,
    "danceability": 1.02966368198,
    "onset_rate": 2.85131955147,
    "beats_loudness_band_ratio": {
        "max": [0.931398749352, 0.745184779167, 0.616576969624, 0.217914476991, 0.436131745577, 0.539565622807],
        "mean": [0.493755280972, 0.221888765693, 0.154626622796, 0.0659966245294, 0.0382219329476, 0.0475246347487],
        "min": [0.0351279452443, 0.0126191694289, 0.0292304288596, 0.00829272158444, 0.00338262598962, 0.00142631214112],
        "stdev": [0.233242690563, 0.177320569754, 0.111298687756, 0.0575530603528, 0.0594668798149, 0.0928029567003]
    },
