{
"metadata": {
    "version": {
        "essentia": "2.1-beta5",
        "essentia_git_sha": "Undefined",
        "extractor": "music 2.0"
    },
    "audio_properties": {
        "analysis": {
            "equal_loudness": 0,
            "length": 25.7393188477,
            "sample_rate": 44100,
            "start_time": 175.240997314,
            "downmix": "mix"
        },
        "bit_rate": 192000,
        "length": 201.003540039,
        "lossless": 0,
        "number_channels": 2,
        "replay_gain": 3.71177482605,
        "sample_rate": 48000,
        "codec": "mp3",
        "md5_encoded": "4781592bb099e42ffbca34a5e2dcc46e"
    },
    "tags": {
        "file_name": "Russia_Shine_Tolmachevy Sisters.mp3",
        "encoding": ["Lavf58.29.100"]
    }
},
"lowlevel": {
    "average_loudness": 0.933434069157,
    "barkbands_crest": {
        "max": 22.6126861572,
        "mean": 8.72595977783,
        "min": 2.86930942535,
        "stdev": 3.44924068451
    },
    "barkbands_flatness_db": {
        "max": 0.347012400627,
        "mean": 0.178199604154,
        "min": 0.0807765945792,
        "stdev": 0.0475995019078
    },
    "barkbands_kurtosis": {
        "max": 17.3912372589,
        "mean": 1.19302082062,
        "min": -1.51032924652,
        "stdev": 2.25494241714
    },
    "barkbands_skewness": {
        "max": 3.95543074608,
        "mean": 1.02793121338,
        "min": -0.471878349781,
        "stdev": 0.632620632648
    },
    "barkbands_spread": {
        "max": 63.971534729,
        "mean": 22.1115074158,
        "min": 3.15013027191,
        "stdev": 9.07541179657
    },
    "dissonance": {
        "max": 0.500000059605,
        "mean": 0.470244199038,
        "min": 0.306851327419,
        "stdev": 0.0240507628769
    },
    "dynamic_complexity": 1.9787927866,
    "erbbands_crest": {
        "max": 27.605588913,
        "mean": 9.6000328064,
        "min": 2.85624480247,
        "stdev": 4.41667699814
    },
    "erbbands_flatness_db": {
        "max": 0.397192388773,
        "mean": 0.228139489889,
        "min": 0.118780918419,
        "stdev": 0.0584860220551
    },
    "erbbands_kurtosis": {
        "max": 15.4454059601,
        "mean": 0.838597416878,
        "min": -1.55127358437,
        "stdev": 1.96641671658
    },
    "erbbands_skewness": {
        "max": 3.48865389824,
        "mean": 0.719293892384,
        "min": -1.04934573174,
        "stdev": 0.578357994556
    },
    "erbbands_spread": {
        "max": 77.3021240234,
        "mean": 30.2658615112,
        "min": 5.95269346237,
        "stdev": 12.7023391724
    },
    "hfc": {
        "max": 111.700691223,
        "mean": 33.1554985046,
        "min": 0.341632425785,
        "stdev": 15.4039449692
    },
    "loudness_ebu128": {
        "integrated": -24.9549541473,
        "loudness_range": 2.3693523407,
        "momentary": {
            "max": -22.7632541656,
            "mean": -25.3864707947,
            "min": -32.9187088013,
            "stdev": 2.19150733948
        },
        "short_term": {
            "max": -23.4432544708,
            "mean": -24.9325332642,
            "min": -29.2534141541,
            "stdev": 0.912984907627
        }
    },
    "melbands_crest": {
        "max": 28.5710887909,
        "mean": 11.6432170868,
        "min": 4.21610116959,
        "stdev": 4.49854707718
    },
    "melbands_flatness_db": {
        "max": 0.296020686626,
        "mean": 0.177500531077,
        "min": 0.0860664620996,
        "stdev": 0.0346620231867
    },
    "melbands_kurtosis": {
        "max": 56.0942726135,
        "mean": 5.42518806458,
        "min": -1.09292554855,
        "stdev": 5.51716709137
    },
    "melbands_skewness": {
        "max": 6.49444484711,
        "mean": 1.78310751915,
        "min": -0.420470416546,
        "stdev": 0.864436864853
    },
    "melbands_spread": {
        "max": 78.6298141479,
        "mean": 26.6233215332,
        "min": 4.53764724731,
        "stdev": 10.2497653961
    },
    "pitch_salience": {
        "max": 0.904855728149,
        "mean": 0.590271890163,
        "min": 0.205796018243,
        "stdev": 0.105920575559
    },
    "silence_rate_20dB": {
        "max": 1,
        "mean": 1,
        "min": 1,
        "stdev": 0
    },
    "silence_rate_30dB": {
        "max": 1,
        "mean": 0.977477490902,
        "min": 0,
        "stdev": 0.14837564528
    },
    "silence_rate_60dB": {
        "max": 1,
        "mean": 0.000900900922716,
        "min": 0,
        "stdev": 0.0300014875829
    },
    "spectral_centroid": {
        "max": 3226.43725586,
        "mean": 1610.40405273,
        "min": 655.272583008,
        "stdev": 384.050079346
    },
    "spectral_complexity": {
        "max": 50,
        "mean": 27.9576568604,
        "min": 0,
        "stdev": 7.10214328766
    },
    "spectral_decrease": {
        "max": -5.20184034736e-11,
        "mean": -9.36185973188e-09,
        "min": -9.13185900231e-08,
        "stdev": 6.95111124216e-09
    },
    "spectral_energy": {
        "max": 0.352518051863,
        "mean": 0.0383411198854,
        "min": 0.000227316690143,
        "stdev": 0.0271580740809
    },
    "spectral_energyband_high": {
        "max": 0.00711463624611,
        "mean": 0.00130693172105,
        "min": 3.21962179441e-05,
        "stdev": 0.000824056332931
    },
    "spectral_energyband_low": {
        "max": 0.271275103092,
        "mean": 0.0110773928463,
        "min": 1.11073648057e-08,
        "stdev": 0.0204641539603
    },
    "spectral_energyband_middle_high": {
        "max": 0.0893469527364,
        "mean": 0.0144438687712,
        "min": 6.94289556122e-05,
        "stdev": 0.0105783576146
    },
    "spectral_energyband_middle_low": {
        "max": 0.0716770738363,
        "mean": 0.0123966177925,
        "min": 0.000129733190988,
        "stdev": 0.00895295292139
    },
    "spectral_entropy": {
        "max": 8.8448381424,
        "mean": 7.71214103699,
        "min": 7.03200817108,
        "stdev": 0.179843664169
    },
    "spectral_flux": {
        "max": 0.477213770151,
        "mean": 0.114244028926,
        "min": 0.0280036274344,
        "stdev": 0.0495382584631
    },
    "spectral_kurtosis": {
        "max": 13.3059864044,
        "mean": 1.55999910831,
        "min": -1.06407511234,
        "stdev": 1.39962875843
    },
    "spectral_rms": {
        "max": 0.018545081839,
        "mean": 0.00580267840996,
        "min": 0.000470927159768,
        "stdev": 0.00193259771913
    },
    "spectral_rolloff": {
        "max": 5943.1640625,
        "mean": 1624.7487793,
        "min": 107.666015625,
        "stdev": 869.912841797
    },
    "spectral_skewness": {
        "max": 2.93880462646,
        "mean": 0.954966843128,
        "min": 0.00490316608921,
        "stdev": 0.247303143144
    },
    "spectral_spread": {
        "max": 24205196,
        "mean": 3694282.5,
        "min": 2557739.75,
        "stdev": 869205.5
    },
    "spectral_strongpeak": {
        "max": 12.6023397446,
        "mean": 1.55244779587,
        "min": 0,
        "stdev": 1.76224327087
    },
    "zerocrossingrate": {
        "max": 0.15380859375,
        "mean": 0.0676300302148,
        "min": 0.025390625,
        "stdev": 0.0180794671178
    },
    "barkbands": {
        "max": [0.00669899815693, 0.205657422543, 0.101587943733, 0.0271825194359, 0.0307195670903, 0.0270057972521, 0.0509511269629, 0.0216645970941, 0.027947884053, 0.0312126167119, 0.034396905452, 0.070977807045, 0.0151337683201, 0.00916013121605, 0.00949587486684, 0.00453903805465, 0.00314844236709, 0.00309162726626, 0.00420420896262, 0.00219176127575, 0.00390464719385, 0.0035448349081, 0.00203067180701, 0.00107108661905, 1.4659698536e-05, 1.24258222058e-05, 1.27823122966e-05],
        "mean": [0.000437710172264, 0.00773309683427, 0.00225453614257, 0.00130828656256, 0.00224999641068, 0.00157461874187, 0.00237531587481, 0.00195530708879, 0.00248134415597, 0.00300807319582, 0.00240520853549, 0.00462369201705, 0.00101505231578, 0.00100194534753, 0.000716152600944, 0.000498036562931, 0.000391586218029, 0.000369042681996, 0.000489868805744, 0.000366510561435, 0.000370453868527, 0.000339939957485, 0.000284855777863, 9.0040412033e-05, 4.4518256459e-07, 1.33935635915e-08, 1.3796841003e-08],
        "min": [1.32214794668e-09, 1.32794442109e-09, 7.8942012649e-11, 1.33500011046e-09, 2.9937200452e-07, 2.64662253358e-06, 8.30733279145e-06, 5.6953335843e-06, 6.84807173457e-06, 2.6318430173e-05, 9.73457190412e-06, 5.00066926179e-06, 4.97890187034e-06, 4.14689384343e-06, 3.65005757885e-06, 3.95872575609e-06, 5.78210892854e-06, 2.8474728424e-06, 2.90672460324e-06, 2.07569955819e-05, 4.62134812551e-06, 2.91340347758e-06, 1.55878819896e-06, 2.01262309929e-07, 1.91477320111e-10, 2.60772015093e-10, 3.69990482696e-10],
        "stdev": [0.000774879124947, 0.0150440437719, 0.00616436637938, 0.00216964492574, 0.00305111682974, 0.00233626086265, 0.00461150379851, 0.00265097012743, 0.00338266836479, 0.00385522190481, 0.00398607132956, 0.00762299494818, 0.00119599490426, 0.000971040281001, 0.000946909072809, 0.000486113363877, 0.000389730819734, 0.000286255351966, 0.000441997050075, 0.000285777059617, 0.000315306650009, 0.00031645045965, 0.00025779203861, 0.000100551253126, 1.46681861679e-06, 3.72988210984e-07, 3.83700239581e-07]
    },
    "erbbands": {
        "max": [3.89094018936, 52.445514679, 120.908195496, 100.833816528, 114.859718323, 146.359069824, 215.980331421, 233.48449707, 892.395507812, 893.435852051, 448.107635498, 722.613830566, 752.874084473, 968.155761719, 2039.14880371, 2757.36962891, 731.534240723, 385.405181885, 468.771881104, 399.102050781, 310.063690186, 160.090103149, 170.251449585, 182.857772827, 219.465820312, 145.01234436, 195.518218994, 72.4051513672, 115.195373535, 90.1012039185, 69.6450500488, 36.2766799927, 11.3147659302, 0.932204544544, 0.0959809273481, 0.0505264997482, 0.0229101609439, 0.00802973750979, 0.00183067296166, 0.000390656437958],
        "mean": [0.248231545091, 1.62336826324, 2.72145366669, 3.83814454079, 5.90691566467, 6.93552780151, 9.77473831177, 15.2730064392, 30.3965091705, 37.4754371643, 43.3132972717, 58.2953491211, 71.4032211304, 100.252494812, 166.090270996, 141.522277832, 51.7048721313, 44.8678741455, 53.209651947, 29.0385608673, 30.1626968384, 21.4097290039, 19.3143291473, 24.2410793304, 21.4983081818, 17.5564250946, 17.894990921, 12.7142982483, 12.0861415863, 10.215464592, 7.64766788483, 3.51326179504, 0.705707073212, 0.0431007817388, 0.00175710278563, 0.000251543067861, 7.55383662181e-05, 2.39893106482e-05, 2.60828001046e-05, 4.71814673801e-05],
        "min": [2.16874511239e-07, 4.16914474499e-07, 1.65127880791e-06, 1.85382505151e-05, 0.000303206645185, 0.0019329439383, 0.00900874193758, 0.0387515090406, 0.109944052994, 0.332975536585, 0.891380012035, 1.38542401791, 0.978570818901, 0.667657017708, 0.396330684423, 0.176350578666, 0.22412635386, 0.182661250234, 0.224096953869, 0.298053979874, 0.192714691162, 0.279688805342, 0.155959367752, 0.146779462695, 0.198046460748, 1.29727196693, 0.382047444582, 0.182807147503, 0.0752931758761, 0.136592045426, 0.0357265807688, 0.0165702365339, 0.00543892057613, 0.000242607478867, 3.70720081264e-05, 1.06473271444e-05, 3.91666299038e-06, 1.44105661093e-06, 2.2371993964e-06, 4.26023962063e-06],
        "stdev": [0.447896778584, 3.51037359238, 7.57590532303, 6.72093772888, 10.1790714264, 10.0573472977, 14.8239431381, 24.1390132904, 58.8714027405, 71.4266281128, 51.9711418152, 83.4842224121, 78.0125274658, 130.393066406, 222.826889038, 241.466430664, 56.6392288208, 43.5830307007, 55.0981941223, 37.1769371033, 28.823381424, 17.3775997162, 14.361489296, 18.2968158722, 20.3068351746, 14.5985918045, 14.7860145569, 10.3579692841, 11.3589925766, 9.51323223114, 7.11240959167, 3.42781329155, 1.01751208305, 0.0836092233658, 0.00379008171149, 0.00152341648936, 0.000687052321155, 0.000240746652707, 5.59655782126e-05, 3.11270632665e-05]
    },
    "gfcc": {
        "mean": [-1.66630077362, 113.868392944, -198.33996582, 42.2456321716, -91.6023101807, 14.9964752197, -11.1250963211, -18.1570568085, 7.25878763199, -25.8524456024, 8.88432312012, -13.1670694351, -0.979711711407],
        "cov": [[2554.99145508, 1804.80163574, 2039.33605957, 1453.32702637, 955.801513672, 655.547424316, 61.4231376648, 117.499130249, -31.408908844, 88.1361694336, 267.079345703, 37.976978302, 86.461807251], [1804.80163574, 2058.66015625, 2013.88305664, 1454.22314453, 1000.87536621, 537.768127441, 171.030426025, 100.231147766, 2.92370176315, 75.6698150635, 271.837219238, 80.8619613647, 103.34513855], [2039.33605957, 2013.88305664, 2378.00244141, 1669.20776367, 983.567504883, 630.479858398, 38.9220199585, 175.908081055, 22.1342163086, 129.773681641, 272.853973389, 86.1182022095, 121.707435608], [1453.32702637, 1454.22314453, 1669.20776367, 1288.87609863, 758.961547852, 445.359191895, 54.4161605835, 113.055603027, 14.5216321945, 88.1601715088, 188.292373657, 67.0325241089, 89.7630996704], [955.801513672, 1000.87536621, 983.567504883, 758.961547852, 600.161437988, 331.945892334, 127.408798218, 65.7887573242, -2.55693554878, 35.7483901978, 133.230636597, 36.0130386353, 44.1440963745], [655.547424316, 537.768127441, 630.479858398, 445.359191895, 331.945892334, 290.225860596, 66.6816635132, 49.2850456238, -10.160161972, 21.8334445953, 76.9177627563, 17.4307613373, 20.3506336212], [61.4231376648, 171.030426025, 38.9220199585, 54.4161605835, 127.408798218, 66.6816635132, 164.591247559, 4.53319883347, -9.8709821701, -13.4545059204, 23.1612129211, 13.2911806107, -10.4002943039], [117.499130249, 100.231147766, 175.908081055, 113.055603027, 65.7887573242, 49.2850456238, 4.53319883347, 125.393218994, 57.7838973999, 28.0720462799, 26.9087715149, -13.1800804138, 7.57979297638], [-31.408908844, 2.92370176315, 22.1342163086, 14.5216321945, -2.55693554878, -10.160161972, -9.8709821701, 57.7838973999, 87.2011871338, 37.4405174255, -0.282787591219, -2.68887448311, -3.28530335426], [88.1361694336, 75.6698150635, 129.773681641, 88.1601715088, 35.7483901978, 21.8334445953, -13.4545059204, 28.0720462799, 37.4405174255, 67.3968658447, 42.234500885, 7.86634397507, 11.8811311722], [267.079345703, 271.837219238, 272.853973389, 188.292373657, 133.230636597, 76.9177627563, 23.1612129211, 26.9087715149, -0.282787591219, 42.234500885, 98.1793823242, 31.6075572968, 28.1011257172], [37.976978302, 80.8619613647, 86.1182022095, 67.0325241089, 36.0130386353, 17.4307613373, 13.2911806107, -13.1800804138, -2.68887448311, 7.86634397507, 31.6075572968, 58.4142417908, 28.9893856049], [86.461807251, 103.34513855, 121.707435608, 89.7630996704, 44.1440963745, 20.3506336212, -10.4002943039, 7.57979297638, -3.28530335426, 11.8811311722, 28.1011257172, 28.9893856049, 57.062664032]],
        "icov": [[0.00170450995211, 3.50488189724e-05, -0.000731144216843, -0.000208100958844, -0.000519916182384, -0.00140736566391, 0.000708254927304, 0.000896159093827, -0.000278540392173, 0.00108851026744, -0.00195965636522, 0.00188158696983, -7.87138415035e-05], [3.50488189724e-05, 0.0137078277767, -0.0119588859379, 0.00274950056337, -0.00930767692626, 0.00856254529208, -0.00759101798758, 0.0116888778284, -0.012017134577, 0.0148287136108, -0.0139968059957, 0.0103458724916, -0.00462937867269], [-0.000731144216843, -0.0119588859379, 0.0168955214322, -0.00914600770921, 0.00876306183636, -0.00993763003498, 0.0084537807852, -0.0117667717859, 0.0107648791745, -0.0131636792794, 0.0104844765738, -0.00989288557321, 0.0042096124962], [-0.000208100958844, 0.00274950056337, -0.00914600770921, 0.0128897316754, -0.0084013780579, 0.0045035360381, -0.000633466872387, 0.00198582373559, -0.00104118045419, -0.000315226061502, 0.0019606098067, -0.000915219483431, -0.00141419656575], [-0.000519916182384, -0.00930767692626, 0.00876306183636, -0.0084013780579, 0.0203147996217, -0.0101409172639, -0.00129045045469, -0.00524030579254, 0.00402542389929, -0.00464850850403, 0.00341382995248, -0.0020105636213, 0.00107183668297], [-0.00140736566391, 0.00856254529208, -0.00993763003498, 0.0045035360381, -0.0101409172639, 0.0183149073273, -0.00653575314209, 0.00445631379262, -0.00365802599117, 0.00664560357109, -0.00505643058568, 0.0039043771103, -0.000821219873615], [0.000708254927304, -0.00759101798758, 0.0084537807852, -0.000633466872387, -0.00129045045469, -0.00653575314209, 0.0160271320492, -0.00803742092103, 0.00766958110034, -0.00673136254773, 0.00627773813903, -0.00987968593836, 0.00672910688445], [0.000896159093827, 0.0116888778284, -0.0117667717859, 0.00198582373559, -0.00524030579254, 0.00445631379262, -0.00803742092103, 0.0276959966868, -0.0244840830564, 0.0195411089808, -0.0203488152474, 0.0199046824127, -0.00880281440914], [-0.000278540392173, -0.012017134577, 0.0107648791745, -0.00104118045419, 0.00402542389929, -0.00365802599117, 0.00766958110034, -0.0244840830564, 0.0398556403816, -0.0326055251062, 0.0259346272796, -0.0191669128835, 0.00975343678147], [0.00108851026744, 0.0148287136108, -0.0131636792794, -0.000315226061502, -0.00464850850403, 0.00664560357109, -0.00673136254773, 0.0195411089808, -0.0326055251062, 0.0536662787199, -0.0370669551194, 0.020537160337, -0.00776010192931], [-0.00195965636522, -0.0139968059957, 0.0104844765738, 0.0019606098067, 0.00341382995248, -0.00505643058568, 0.00627773813903, -0.0203488152474, 0.0259346272796, -0.0370669551194, 0.0477462597191, -0.0255973581225, 0.00458387145773], [0.00188158696983, 0.0103458724916, -0.00989288557321, -0.000915219483431, -0.0020105636213, 0.0039043771103, -0.00987968593836, 0.0199046824127, -0.0191669128835, 0.020537160337, -0.0255973581225, 0.0431778617203, -0.0180394034833], [-7.87138415035e-05, -0.00462937867269, 0.0042096124962, -0.00141419656575, 0.00107183668297, -0.000821219873615, 0.00672910688445, -0.00880281440914, 0.00975343678147, -0.00776010192931, 0.00458387145773, -0.0180394034833, 0.0302179604769]]
    },
    "melbands": {
        "max": [0.0480742454529, 0.059852220118, 0.0182905718684, 0.00696128513664, 0.00601821439341, 0.00494322646409, 0.0121097108349, 0.00796295236796, 0.00342013663612, 0.00470703607425, 0.0036787961144, 0.00428491504863, 0.00520461238921, 0.0106375776231, 0.00256922096014, 0.000915414595511, 0.000774667074438, 0.000720732670743, 0.000683984253556, 0.000368852546671, 0.000440152798546, 0.000226103918976, 0.000150146923261, 0.000175185021362, 0.00017194582324, 0.000276902253972, 7.90134363342e-05, 0.000137096692924, 9.27620640141e-05, 0.000135243259137, 4.45315381512e-05, 5.8997371525e-05, 8.08365730336e-05, 5.41863009857e-05, 4.18228773924e-05, 3.65856976714e-05, 1.60546696861e-05, 9.06127388589e-06, 3.1214685805e-06, 1.53377129664e-07],
        "mean": [0.00221430836245, 0.0016470142873, 0.000717925839126, 0.000465670425911, 0.000340640894137, 0.000341366656357, 0.000466319528641, 0.000420567695983, 0.000333602860337, 0.000376626645448, 0.000368300970877, 0.000416367896833, 0.000449933373602, 0.000610742135905, 0.000149507497554, 0.000102496356703, 7.94011139078e-05, 9.43875784287e-05, 4.35973852291e-05, 3.32708514179e-05, 3.57639582944e-05, 2.34379185713e-05, 1.55559755513e-05, 1.90073060367e-05, 1.9493218133e-05, 1.94900894712e-05, 1.09964548756e-05, 1.19072683447e-05, 1.1904114217e-05, 8.81592859514e-06, 7.02158376953e-06, 7.07017716195e-06, 6.20734954282e-06, 5.48941761735e-06, 4.74629860037e-06, 3.21742027154e-06, 1.71770557245e-06, 5.52293329292e-07, 1.08765199514e-07, 2.30529950684e-09],
        "min": [1.34178301803e-09, 3.10749981303e-10, 4.29401270097e-09, 5.05794837125e-08, 2.75054759413e-07, 6.6381517172e-07, 1.64796631452e-06, 4.56885072708e-06, 1.86728516383e-06, 1.08126300802e-06, 4.71826388093e-06, 2.81025472759e-06, 1.47200853462e-06, 7.08663719706e-07, 2.43291935931e-07, 5.96289282839e-07, 3.11581317192e-07, 4.16287036842e-07, 2.63123013156e-07, 4.06729725455e-07, 2.19899760623e-07, 3.35778764793e-07, 2.01275312861e-07, 1.1471224326e-07, 1.17729769045e-07, 1.04332869455e-07, 1.8413911107e-07, 6.05585398716e-07, 2.93592819389e-07, 5.71775480296e-08, 1.17554762369e-07, 3.02265590335e-08, 6.91051980084e-08, 6.71017161835e-08, 1.93259630521e-08, 1.22718786244e-08, 3.67064312279e-09, 2.5974458695e-10, 1.94092853768e-12, 1.60771407038e-12],
        "stdev": [0.00405031768605, 0.00394414830953, 0.00120042962953, 0.000675956427585, 0.000487877434352, 0.000523420691025, 0.000870266812854, 0.000714816502295, 0.000385903607821, 0.000552835641429, 0.000409423548263, 0.000576164515223, 0.000630259455647, 0.00102685566526, 0.000216061045649, 0.00011329465633, 8.04368100944e-05, 9.99921394396e-05, 6.04063170613e-05, 3.76047719328e-05, 3.88424414268e-05, 2.39433757088e-05, 1.27626535686e-05, 1.70310722751e-05, 1.62013675435e-05, 2.1998763259e-05, 9.64336413745e-06, 1.23439604067e-05, 1.01688247014e-05, 9.48473643803e-06, 6.08364643995e-06, 7.03547948433e-06, 6.50816309644e-06, 5.44516797163e-06, 4.66352639705e-06, 3.41228860634e-06, 1.76679986907e-06, 8.44211058393e-07, 2.67226766937e-07, 1.13934666146e-08]
    },
    "melbands128": {
        "max": [0.00635161017999, 0.0332396626472, 0.0737431570888, 0.093487650156, 0.071244224906, 0.04429820925, 0.0200312770903, 0.0126090506092, 0.0141977388412, 0.00756807532161, 0.00990158692002, 0.00989149324596, 0.00885616708547, 0.0105417249724, 0.00629636878148, 0.00775284506381, 0.0161994770169, 0.017975429073, 0.0142449717969, 0.0159742143005, 0.00742875272408, 0.00619580410421, 0.00558310374618, 0.00339904124849, 0.00660446472466, 0.0088020414114, 0.00684920046479, 0.00369957298972, 0.00702196545899, 0.00884344335645, 0.0057504628785, 0.00982343964279, 0.00921598263085, 0.0153304608539, 0.0130560398102, 0.0220281742513, 0.00544092478231, 0.00560229783878, 0.0042335903272, 0.00145939714275, 0.00118217989802, 0.00187865365297, 0.00119824393187, 0.000740071292967, 0.0015197172761, 0.00158614560496, 0.00204609823413, 0.000942257989664, 0.00122855114751, 0.000776447588578, 0.000618421763647, 0.0004890653654, 0.000817003485281, 0.000407564890338, 0.000563615933061, 0.000435583409853, 0.000134264162625, 0.000242840673309, 0.000175778797711, 0.00019651412731, 0.000327103974996, 0.000189384358237, 0.000261490145931, 0.000213595325476, 0.000304013723508, 0.000684315920807, 0.000234371691477, 0.000192951221834, 0.000159734103363, 0.000113255351607, 0.000256390339928, 0.000257157400483, 0.000152984692249, 0.000127358813188, 0.000258893676801, 0.000216014188481, 8.59739811858e-05, 7.00986565789e-05, 8.75753248692e-05, 8.79175859154e-05, 7.2804519732e-05, 0.000116731513117, 0.000106794286694, 7.68855315982e-05, 8.22466463433e-05, 6.16934485151e-05, 7.17541988706e-05, 9.01725506992e-05, 4.10429784097e-05, 8.52623779792e-05, 4.38305469288e-05, 6.4052081143e-05, 2.40254830715e-05, 1.95959364646e-05, 1.37840124808e-05, 1.18551843116e-05, 1.12697362056e-05, 7.77311379352e-06, 3.7612298911e-06, 7.009476235e-07, 3.77400880325e-07, 1.28009489231e-07, 1.2032009522e-07, 1.13325199891e-07, 1.0703350739e-07, 1.01038473588e-07, 9.55350429876e-08, 9.07497437197e-08, 8.6714749159e-08, 8.25496968559e-08, 7.89320324657e-08, 7.55818376774e-08, 7.24030968513e-08, 6.94719304306e-08, 6.68285764505e-08, 6.44819948548e-08, 6.22694429353e-08, 6.00740222012e-08, 5.8202306974e-08, 5.68330946749e-08, 5.51855166009e-08, 5.3964566149e-08, 5.26721386507e-08, 5.18102396541e-08, 5.10856565938e-08, 5.03322148404e-08, 4.98550001282e-08, 4.95829368674e-08],
        "mean": [0.000359088910045, 0.00189664983191, 0.00319900200702, 0.00248468737118, 0.00153808749747, 0.00105545541737, 0.000789184239693, 0.000609898532275, 0.000622094259597, 0.000477829220472, 0.000345214444678, 0.000382081256248, 0.000342980027199, 0.000278508261545, 0.000327293440932, 0.000355783005944, 0.000465612363769, 0.00052408274496, 0.000401914643589, 0.000432348751929, 0.000399649259634, 0.000482991192257, 0.000272438745014, 0.000246448733378, 0.000396719085984, 0.000436353613622, 0.000340838945704, 0.000259864464169, 0.000481062481413, 0.000580180843826, 0.000302162923617, 0.000278223131318, 0.000375897914637, 0.000562070403248, 0.000948579225224, 0.00056101946393, 0.000222916976782, 0.00012254108151, 0.000105000654003, 0.00010730001668, 9.69992324826e-05, 0.000103810270957, 6.90501256031e-05, 5.66731214349e-05, 0.000130305270432, 9.57844385994e-05, 7.41440599086e-05, 3.1944418879e-05, 3.71619389625e-05, 4.36850532424e-05, 2.61551595031e-05, 2.75534439425e-05, 4.93723382533e-05, 2.89767012873e-05, 3.03112028632e-05, 2.47431817115e-05, 1.59177689056e-05, 1.65522487805e-05, 1.42340522871e-05, 1.59370702022e-05, 2.13356597669e-05, 1.97248755285e-05, 1.62733485922e-05, 1.93344530999e-05, 2.50299144682e-05, 2.14027440961e-05, 1.56740734383e-05, 1.10979308374e-05, 1.01837740658e-05, 1.01549021565e-05, 1.19612668641e-05, 1.28100582515e-05, 1.21128732644e-05, 1.25000669868e-05, 1.0392990589e-05, 9.78708703769e-06, 7.86614145909e-06, 6.44663577987e-06, 6.49408275422e-06, 7.84010262578e-06, 8.14777376945e-06, 6.02251566306e-06, 6.40846519673e-06, 6.65539209876e-06, 5.48723619431e-06, 5.76567572352e-06, 5.33242928213e-06, 5.24757751919e-06, 5.11008192916e-06, 4.13200723415e-06, 3.39624443768e-06, 3.32050740326e-06, 2.20715651267e-06, 1.89910849713e-06, 1.2549286339e-06, 7.32460478048e-07, 4.05633841183e-07, 2.63826251512e-07, 1.22526515156e-07, 1.75152017334e-08, 3.087965883e-09, 8.20938039769e-10, 1.37254166366e-10, 1.2212376943e-10, 1.13500764343e-10, 1.15380364984e-10, 1.1144168921e-10, 1.01238829819e-10, 9.26661039569e-11, 8.80419001592e-11, 8.43648970128e-11, 8.09454794859e-11, 7.76007313963e-11, 7.45481176789e-11, 7.18310341763e-11, 6.93888835279e-11, 6.71063066227e-11, 6.49031453581e-11, 6.29873236901e-11, 6.14788497888e-11, 5.97307481254e-11, 5.84765014189e-11, 5.71712469033e-11, 5.62061196197e-11, 5.49259387972e-11, 5.31856989006e-11, 5.21779078277e-11, 5.18177792341e-11],
        "min": [8.52915446603e-11, 1.11652931345e-09, 1.33862365637e-10, 5.56348959957e-11, 7.02958247167e-11, 4.2656933541e-11, 6.48458994834e-11, 3.38150646373e-10, 5.01134955755e-09, 2.75016276419e-09, 2.47955824761e-08, 2.39921753575e-08, 1.90689153357e-08, 1.2547377537e-07, 1.89732702438e-07, 3.88531077533e-07, 1.43734825997e-06, 6.33336185274e-07, 1.30416356114e-06, 9.47099522364e-07, 5.26123244526e-07, 2.60791296114e-07, 1.27556944562e-07, 2.57685201177e-07, 5.93709501118e-07, 2.37191670749e-07, 2.11728888644e-07, 2.0037343802e-06, 2.36354958361e-06, 3.18301204061e-06, 7.06082801116e-07, 6.53119911931e-07, 1.84268770909e-07, 9.06847930082e-08, 7.97937900643e-07, 4.68088245498e-07, 3.11899327698e-07, 1.31459316322e-07, 3.8285392634e-08, 6.16735533754e-08, 2.18085574488e-07, 8.40351290776e-08, 3.73601771742e-08, 4.14216373201e-07, 3.54517112555e-07, 4.17784349338e-07, 1.29922781866e-07, 6.21767384246e-08, 1.07655154125e-07, 1.00643589462e-07, 4.69384922042e-08, 1.15860494532e-07, 4.92198957147e-08, 1.2980163433e-07, 8.96706922049e-08, 1.88817026014e-07, 8.12860960764e-08, 1.26734803985e-07, 1.88606875895e-07, 4.99091683537e-08, 1.1533656874e-07, 1.7232969185e-07, 5.18871701161e-08, 1.26049613414e-07, 1.89051732491e-07, 5.76549972209e-08, 8.69374332524e-08, 1.32203950898e-07, 1.06147112433e-07, 1.60592961151e-07, 1.9050636979e-07, 3.06006029405e-07, 1.55439565219e-07, 1.88367280884e-07, 4.84577142856e-08, 3.67736419093e-08, 4.38063629815e-08, 1.4379776303e-07, 2.9671809898e-08, 4.60725075868e-08, 3.29421787626e-08, 1.58030495356e-08, 3.46637847315e-08, 5.50849428294e-08, 1.08918165154e-07, 1.27171276176e-07, 2.66888484646e-08, 1.34665274487e-08, 2.30669368051e-08, 1.81765624774e-08, 1.41828442324e-08, 8.28239521411e-09, 4.62625626696e-09, 4.4066124083e-09, 1.17654375131e-09, 1.51339427101e-11, 1.83353679462e-12, 1.52359006488e-12, 1.26459053732e-12, 1.40914244249e-12, 1.05869566586e-12, 1.30172977432e-12, 9.17179960452e-13, 7.80605126979e-13, 7.28889117032e-13, 9.85399804289e-13, 9.84221059687e-13, 1.01355946205e-12, 9.93438404456e-13, 1.06546076215e-12, 8.40567632859e-13, 1.04208601383e-12, 1.08920305501e-12, 8.12563070215e-13, 1.02368276616e-12, 1.02018317839e-12, 1.09268952393e-12, 7.73256675704e-13, 9.5525692391e-13, 1.08757284862e-12, 9.32403459997e-13, 1.11851196707e-12, 1.21539703215e-12, 1.19350980921e-12, 7.75803466607e-13, 3.0052677469e-13, 4.00957038567e-14, 1.42852942999e-15],
        "stdev": [0.000662385078613, 0.0035681494046, 0.00609063403681, 0.00598039431497, 0.00463133770972, 0.0026539452374, 0.00144386547618, 0.00107104575727, 0.00122731912415, 0.000761531409808, 0.000609077862464, 0.000655964424368, 0.000625437416602, 0.000518918328453, 0.000589154311456, 0.000717742950656, 0.00110859284177, 0.00113818980753, 0.000972763111349, 0.00116305844858, 0.000710321590304, 0.000728131039068, 0.000475617387565, 0.000374768307665, 0.000726102618501, 0.000774159794673, 0.000580013846047, 0.000403210520744, 0.000722533557564, 0.00105280638672, 0.000553125573788, 0.000654147937894, 0.000836593681015, 0.00108889921103, 0.00187135802116, 0.00157561944798, 0.00049071572721, 0.000285937421722, 0.000234784354689, 0.000163748525665, 0.000150688938447, 0.000169920909684, 0.000109780012281, 7.67554374761e-05, 0.000183373413165, 0.000151768705109, 0.000137340306537, 6.4631960413e-05, 8.08539552963e-05, 7.65624063206e-05, 4.5194348786e-05, 3.21147854265e-05, 7.32787084416e-05, 4.15195427195e-05, 5.69684161746e-05, 3.45778171322e-05, 1.46148659042e-05, 2.16011358134e-05, 1.57646609296e-05, 1.80690949492e-05, 2.7291223887e-05, 2.13223429455e-05, 1.97426252271e-05, 2.23341357923e-05, 2.86257327389e-05, 4.06655090046e-05, 2.18400073209e-05, 1.32850782393e-05, 1.30524622364e-05, 1.20265394798e-05, 1.97690169443e-05, 1.92974330275e-05, 1.38887362482e-05, 1.43308989209e-05, 1.57883387146e-05, 1.64764442161e-05, 9.99270741886e-06, 7.41978419683e-06, 7.86609780334e-06, 9.57269548962e-06, 1.02062567748e-05, 8.47346746013e-06, 8.05180843599e-06, 8.39233325678e-06, 6.68880056764e-06, 6.60636987959e-06, 6.13721067566e-06, 7.62602439863e-06, 5.55779161004e-06, 5.29201406607e-06, 4.21759887104e-06, 4.52023414255e-06, 2.48795072366e-06, 2.16310058931e-06, 1.59942806022e-06, 1.1186014035e-06, 8.12951611806e-07, 6.76486706652e-07, 3.24386689954e-07, 5.44445235562e-08, 2.13929052251e-08, 6.56458887249e-09, 3.61249496983e-09, 3.40190209336e-09, 3.21273563308e-09, 3.03351255226e-09, 2.8681590436e-09, 2.72415223712e-09, 2.60293697707e-09, 2.47792208974e-09, 2.36933783704e-09, 2.2687600687e-09, 2.17333329111e-09, 2.08538386559e-09, 2.00603689215e-09, 1.93559657191e-09, 1.86918902578e-09, 1.80330206323e-09, 1.74710135248e-09, 1.70599923077e-09, 1.65655600348e-09, 1.6198834496e-09, 1.58109225712e-09, 1.55524682022e-09, 1.53350998566e-09, 1.51092371947e-09, 1.49661727455e-09, 1.48845058501e-09]
    },
    "mfcc": {
        "mean": [-607.136657715, 115.611961365, -46.4688568115, 18.6835670471, -46.4860153198, 24.8516044617, -23.5674095154, 26.0039157867, -20.876455307, 18.6242313385, -16.6101932526, 12.4089002609, -10.6648387909],
        "cov": [[1743.42199707, 842.828796387, 1288.37524414, 817.801635742, 957.451843262, 490.06237793, 508.133453369, 133.973556519, 70.5609664917, 62.0019721985, 43.8278236389, 109.986602783, 128.442581177], [842.828796387, 1077.28088379, 996.264343262, 824.274719238, 711.378173828, 481.552368164, 444.345214844, 192.925582886, 30.5639190674, 96.7182235718, 30.7632408142, 75.7375488281, 105.583595276], [1288.37524414, 996.264343262, 1849.12023926, 1078.09521484, 1195.39086914, 482.636199951, 529.98260498, 120.922309875, 142.15562439, 64.0433349609, 102.030136108, 88.3616485596, 192.869537354], [817.801635742, 824.274719238, 1078.09521484, 897.169616699, 751.909179688, 432.236114502, 385.544830322, 146.995193481, 61.8580932617, 70.409576416, 39.3700790405, 69.0114059448, 119.223754883], [957.451843262, 711.378173828, 1195.39086914, 751.909179688, 915.814880371, 353.46875, 407.972015381, 100.27129364, 116.491271973, 61.0761947632, 77.9828720093, 62.7959594727, 143.926742554], [490.06237793, 481.552368164, 482.636199951, 432.236114502, 353.46875, 382.993652344, 248.374237061, 122.777503967, 6.3782286644, 25.5543308258, -1.55985713005, 61.1648292542, 35.9124603271], [508.133453369, 444.345214844, 529.98260498, 385.544830322, 407.972015381, 248.374237061, 339.036437988, 105.615966797, 38.6310501099, 31.2263965607, 28.498506546, 37.4106445312, 63.8564033508], [133.973556519, 192.925582886, 120.922309875, 146.995193481, 100.27129364, 122.777503967, 105.615966797, 126.909492493, 22.6926422119, 34.92395401, 1.27818715572, 22.9917945862, 11.6168556213], [70.5609664917, 30.5639190674, 142.15562439, 61.8580932617, 116.491271973, 6.3782286644, 38.6310501099, 22.6926422119, 97.4658584595, 16.6814651489, 36.72706604, 7.39510011673, 26.0237808228], [62.0019721985, 96.7182235718, 64.0433349609, 70.409576416, 61.0761947632, 25.5543308258, 31.2263965607, 34.92395401, 16.6814651489, 95.0103607178, 18.2348594666, 13.1069498062, 11.3139352798], [43.8278236389, 30.7632408142, 102.030136108, 39.3700790405, 77.9828720093, -1.55985713005, 28.498506546, 1.27818715572, 36.72706604, 18.2348594666, 72.7420120239, 18.4990844727, 23.2491073608], [109.986602783, 75.7375488281, 88.3616485596, 69.0114059448, 62.7959594727, 61.1648292542, 37.4106445312, 22.9917945862, 7.39510011673, 13.1069498062, 18.4990844727, 95.3964767456, 29.8272266388], [128.442581177, 105.583595276, 192.869537354, 119.223754883, 143.926742554, 35.9124603271, 63.8564033508, 11.6168556213, 26.0237808228, 11.3139352798, 23.2491073608, 29.8272266388, 77.4422225952]],
        "icov": [[0.00162937969435, 3.04712702928e-05, -0.000315497571137, 0.000426361977588, -0.00133920519147, -0.000522972666658, -0.000666015141178, 0.000220146408537, 0.000523871101905, -0.00024432950886, 0.0007149928133, -0.000826076138765, 0.000596145400777], [3.04712702928e-05, 0.00441641081125, -0.000309047609335, -0.00217827851884, -0.000100716257293, -0.00117465050425, -0.00150436465628, -0.00137236493174, 0.00190530659165, -0.00163047574461, -0.000117004077765, 0.00023049164156, -0.000226111209486], [-0.000315497571137, -0.000309047609335, 0.00426931446418, -0.00192529091146, -0.00383897731081, 0.000559824926313, 0.000314042292302, 0.000985899590887, -0.000403492012993, 0.00114387075882, -0.000677525240462, -0.00012904961477, -3.41765626217e-05], [0.000426361977588, -0.00217827851884, -0.00192529091146, 0.00759900780395, -0.00170602428261, -0.00265125115402, 0.00101062108297, -0.000886760361027, 0.00051852222532, -0.000751744082663, 0.000912157585844, 0.000512161001097, -0.00147690216545], [-0.00133920519147, -0.000100716257293, -0.00383897731081, -0.00170602428261, 0.0110052777454, -0.000383527163649, -0.0025048116222, 0.00191096833441, -0.00368462898768, -0.00103903363924, -0.00105255667586, 0.00144580798224, -0.00280178058892], [-0.000522972666658, -0.00117465050425, 0.000559824926313, -0.00265125115402, -0.000383527163649, 0.00974219758064, -0.00200848281384, -0.00313729583286, 0.00137305399403, 0.0020832719747, 0.00140857021324, -0.00329340435565, 0.00355789531022], [-0.000666015141178, -0.00150436465628, 0.000314042292302, 0.00101062108297, -0.0025048116222, -0.00200848281384, 0.00993053801358, -0.0033701674547, 0.000539133849088, 0.00134606007487, -0.00155355269089, 0.00141129549593, -0.00173358828761], [0.000220146408537, -0.00137236493174, 0.000985899590887, -0.000886760361027, 0.00191096833441, -0.00313729583286, -0.0033701674547, 0.0161385200918, -0.00543464906514, -0.00335698644631, 0.00206350791268, -0.00100613909308, 0.000761844334193], [0.000523871101905, 0.00190530659165, -0.000403492012993, 0.00051852222532, -0.00368462898768, 0.00137305399403, 0.000539133849088, -0.00543464906514, 0.0172533672303, -0.000534752674866, -0.0053813396953, 0.000624823267572, -0.00102289312053], [-0.00024432950886, -0.00163047574461, 0.00114387075882, -0.000751744082663, -0.00103903363924, 0.0020832719747, 0.00134606007487, -0.00335698644631, -0.000534752674866, 0.0137024763972, -0.00283423112705, -0.000799225235824, 0.000631870585494], [0.0007149928133, -0.000117004077765, -0.000677525240462, 0.000912157585844, -0.00105255667586, 0.00140857021324, -0.00155355269089, 0.00206350791268, -0.0053813396953, -0.00283423112705, 0.0202049203217, -0.0036957829725, -0.000888692855369], [-0.000826076138765, 0.00023049164156, -0.00012904961477, 0.000512161001097, 0.00144580798224, -0.00329340435565, 0.00141129549593, -0.00100613909308, 0.000624823267572, -0.000799225235824, -0.0036957829725, 0.0145586580038, -0.0061748190783], [0.000596145400777, -0.000226111209486, -3.41765626217e-05, -0.00147690216545, -0.00280178058892, 0.00355789531022, -0.00173358828761, 0.000761844334193, -0.00102289312053, 0.000631870585494, -0.000888692855369, -0.0061748190783, 0.0223600901663]]
    },
    "spectral_contrast_coeffs": {
        "max": [-0.300508022308, -0.466231703758, -0.472634762526, -0.586413443089, -0.626663804054, -0.373088687658],
        "mean": [-0.723228991032, -0.738176465034, -0.712585151196, -0.765456199646, -0.7760617733, -0.586088597775],
        "min": [-0.91554069519, -0.88859641552, -0.878227412701, -0.887040257454, -0.857507109642, -0.88972645998],
        "stdev": [0.0798477753997, 0.06873524189, 0.0723663941026, 0.0567470900714, 0.0341875143349, 0.0613308474422]
    },
    "spectral_contrast_valleys": {
        "max": [-4.3423166275, -4.69673204422, -5.26770305634, -5.95998048782, -5.93196439743, -9.22625827789],
        "mean": [-7.39101839066, -6.28614616394, -6.50932216644, -7.0901350975, -7.03164052963, -11.4619092941],
        "min": [-13.2854175568, -8.19167518616, -8.24638175964, -8.90014266968, -8.92951011658, -14.8021373749],
        "stdev": [2.15499687195, 0.479441225529, 0.525617063046, 0.478336304426, 0.330004006624, 0.996514737606]
    }
},
"rhythm": {
    "beats_count": 45,
    "beats_loudness": {
        "max": 0.127052217722,
        "mean": 0.0463394373655,
        "min": 0.00738299218938,
        "stdev": 0.0243303533643
    },
    "bpm": 119.775093079,
    "bpm_histogram_first_peak_bpm": 120,
    "bpm_histogram_first_peak_weight": 0.307692348957,
    "bpm_histogram_second_peak_bpm": 112,
    "bpm_histogram_second_peak_spread": 0.5,
    "bpm_histogram_second_peak_weight": 0.0909090936184,
    "danceability": 0.972940146923,
    "onset_rate": 1.82517683506,
    "beats_loudness_band_ratio": {
        "max": [0.813835740089, 0.529208958149, 0.593733906746, 0.889270484447, 0.176905974746, 0.19653236866],
        "mean": [0.314582496881, 0.11153293401, 0.182500630617, 0.290266811848, 0.0748738870025, 0.0626423433423],
        "min": [2.80639815173e-05, 0.000690844957717, 0.033522695303, 0.0494894236326, 0.0175702665001, 0.0198950544],
        "stdev": [0.221704393625, 0.108060508966, 0.143337205052, 0.188239842653, 0.0371051169932, 0.0393666997552]
    },
    "beats_position": [0.49922901392, 1.02167797089, 1.54412698746, 2.07818579674, 2.62385487556, 3.15791368484, 3.69197273254, 4.22603178024, 4.74848079681, 5.25931978226, 5.75854873657, 6.26938772202, 6.78022670746, 7.27945566177, 7.77868461609, 8.27791404724, 8.77714252472, 9.27637195587, 9.77560043335, 10.2748298645, 10.774058342, 11.2732877731, 11.7725172043, 12.2717456818, 12.7709751129, 13.2702035904, 13.7694330215, 14.2802715302, 14.7795009613, 15.2787294388, 15.7663488388, 16.2539672852, 16.7648067474, 17.2640361786, 17.7748756409, 18.390203476, 19.0055332184, 19.7253513336, 20.45677948, 21.1998176575, 21.9544658661, 22.6858959198, 23.4173240662, 24.1603622437, 24.9034004211],
