{
"metadata": {
    "version": {
        "essentia": "2.1-beta5",
        "essentia_git_sha": "Undefined",
        "extractor": "music 2.0"
    },
    "audio_properties": {
        "analysis": {
            "equal_loudness": 0,
            "length": 32.4963264465,
            "sample_rate": 44100,
            "start_time": 142.733062744,
            "downmix": "mix"
        },
        "bit_rate": 192000,
        "length": 196.022872925,
        "lossless": 0,
        "number_channels": 2,
        "replay_gain": 1.87415122986,
        "sample_rate": 48000,
        "codec": "mp3",
        "md5_encoded": "35e43f6ae58174671422dcc90a6fdae0"
    },
    "tags": {
        "file_name": "Sweden_Undo_Sanna Nielsen.mp3",
        "encoding": ["Lavf58.29.100"]
    }
},
"lowlevel": {
    "average_loudness": 0.967074215412,
    "barkbands_crest": {
        "max": 21.9143791199,
        "mean": 10.1311006546,
        "min": 2.69857168198,
        "stdev": 3.55233693123
    },
    "barkbands_flatness_db": {
        "max": 0.312993407249,
        "mean": 0.16013738513,
        "min": 0.0758561268449,
        "stdev": 0.0320206396282
    },
    "barkbands_kurtosis": {
        "max": 41.4814605713,
        "mean": 1.15442848206,
        "min": -1.61244595051,
        "stdev": 3.66690015793
    },
    "barkbands_skewness": {
        "max": 6.23312044144,
        "mean": 1.00336587429,
        "min": -0.854082167149,
        "stdev": 0.802557229996
    },
    "barkbands_spread": {
        "max": 61.2691802979,
        "mean": 27.9009666443,
        "min": 4.33297586441,
        "stdev": 9.68272304535
    },
    "dissonance": {
        "max": 0.49990478158,
        "mean": 0.471337527037,
        "min": 0.382873743773,
        "stdev": 0.0211569406092
    },
    "dynamic_complexity": 2.47643995285,
    "erbbands_crest": {
        "max": 31.0179710388,
        "mean": 10.2586297989,
        "min": 2.36309075356,
        "stdev": 5.57628440857
    },
    "erbbands_flatness_db": {
        "max": 0.319356560707,
        "mean": 0.199419781566,
        "min": 0.133239477873,
        "stdev": 0.0343027189374
    },
    "erbbands_kurtosis": {
        "max": 11.8977394104,
        "mean": 0.329931408167,
        "min": -1.60187494755,
        "stdev": 1.46832406521
    },
    "erbbands_skewness": {
        "max": 2.89529204369,
        "mean": 0.383474171162,
        "min": -1.30143094063,
        "stdev": 0.580957770348
    },
    "erbbands_spread": {
        "max": 93.173210144,
        "mean": 33.4417572021,
        "min": 7.22153234482,
        "stdev": 13.4581050873
    },
    "hfc": {
        "max": 86.3041152954,
        "mean": 31.9591445923,
        "min": 0.948651254177,
        "stdev": 16.9376335144
    },
    "loudness_ebu128": {
        "integrated": -23.3559074402,
        "loudness_range": 5.32843589783,
        "momentary": {
            "max": -21.7550811768,
            "mean": -24.1092910767,
            "min": -33.9455871582,
            "stdev": 3.07385826111
        },
        "short_term": {
            "max": -22.2811851501,
            "mean": -23.7425479889,
            "min": -31.6712779999,
            "stdev": 2.46903705597
        }
    },
    "melbands_crest": {
        "max": 36.3347167969,
        "mean": 14.7543773651,
        "min": 4.74036073685,
        "stdev": 5.29024171829
    },
    "melbands_flatness_db": {
        "max": 0.422984331846,
        "mean": 0.179268613458,
        "min": 0.0496998466551,
        "stdev": 0.0438987277448
    },
    "melbands_kurtosis": {
        "max": 132.750686646,
        "mean": 6.57380962372,
        "min": -1.12986111641,
        "stdev": 10.5799503326
    },
    "melbands_skewness": {
        "max": 10.6451187134,
        "mean": 1.96195888519,
        "min": -0.581328570843,
        "stdev": 1.21789169312
    },
    "melbands_spread": {
        "max": 96.0570678711,
        "mean": 30.4303569794,
        "min": 2.81904697418,
        "stdev": 12.7746782303
    },
    "pitch_salience": {
        "max": 0.85825073719,
        "mean": 0.520921885967,
        "min": 0.141152247787,
        "stdev": 0.113002821803
    },
    "silence_rate_20dB": {
        "max": 1,
        "mean": 1,
        "min": 1,
        "stdev": 0
    },
    "silence_rate_30dB": {
        "max": 1,
        "mean": 0.999286234379,
        "min": 0,
        "stdev": 0.0267072170973
    },
    "silence_rate_60dB": {
        "max": 1,
        "mean": 0.0663811564445,
        "min": 0,
        "stdev": 0.248952969909
    },
    "spectral_centroid": {
        "max": 3364.15185547,
        "mean": 1773.39672852,
        "min": 401.498504639,
        "stdev": 439.050720215
    },
    "spectral_complexity": {
        "max": 52,
        "mean": 28.7516059875,
        "min": 0,
        "stdev": 10.1105051041
    },
    "spectral_decrease": {
        "max": -1.67559674469e-10,
        "mean": -1.05213651125e-08,
        "min": -3.63365906253e-08,
        "stdev": 5.66490632181e-09
    },
    "spectral_energy": {
        "max": 0.140428885818,
        "mean": 0.0426088348031,
        "min": 0.000718452967703,
        "stdev": 0.022534314543
    },
    "spectral_energyband_high": {
        "max": 0.00767643982545,
        "mean": 0.00134816172067,
        "min": 2.33256250795e-05,
        "stdev": 0.00092910224339
    },
    "spectral_energyband_low": {
        "max": 0.110058031976,
        "mean": 0.0179786588997,
        "min": 2.27703003475e-06,
        "stdev": 0.0138843255118
    },
    "spectral_energyband_middle_high": {
        "max": 0.0664293393493,
        "mean": 0.0123358312994,
        "min": 0.000288066774374,
        "stdev": 0.0100607099012
    },
    "spectral_energyband_middle_low": {
        "max": 0.0689941495657,
        "mean": 0.0116837099195,
        "min": 0.000161314979778,
        "stdev": 0.0101335411891
    },
    "spectral_entropy": {
        "max": 8.20523357391,
        "mean": 7.76087474823,
        "min": 6.92809677124,
        "stdev": 0.193567350507
    },
    "spectral_flux": {
        "max": 0.296804249287,
        "mean": 0.10754262656,
        "min": 0.0231522880495,
        "stdev": 0.0424578599632
    },
    "spectral_kurtosis": {
        "max": 14.1696014404,
        "mean": 1.50047934055,
        "min": -0.789687156677,
        "stdev": 1.40767657757
    },
    "spectral_rms": {
        "max": 0.0117048621178,
        "mean": 0.00611387891695,
        "min": 0.000837215455249,
        "stdev": 0.00204696785659
    },
    "spectral_rolloff": {
        "max": 5706.29882812,
        "mean": 1446.81030273,
        "min": 43.06640625,
        "stdev": 818.939453125
    },
    "spectral_skewness": {
        "max": 2.60348391533,
        "mean": 0.841079294682,
        "min": 0.135396435857,
        "stdev": 0.224597468972
    },
    "spectral_spread": {
        "max": 5984131.5,
        "mean": 3641503.25,
        "min": 2218145.5,
        "stdev": 560275.625
    },
    "spectral_strongpeak": {
        "max": 10.5818500519,
        "mean": 1.16461384296,
        "min": 0,
        "stdev": 1.74967384338
    },
    "zerocrossingrate": {
        "max": 0.1572265625,
        "mean": 0.0613226890564,
        "min": 0.0107421875,
        "stdev": 0.0188753195107
    },
    "barkbands": {
        "max": [0.0594110190868, 0.0890565216541, 0.0359223783016, 0.0130288656801, 0.0421964749694, 0.0667017400265, 0.0279015284032, 0.0461707152426, 0.0269130133092, 0.0422414988279, 0.0614789053798, 0.0293413829058, 0.0246587041765, 0.0231491234154, 0.0127418320626, 0.00975554808974, 0.00395378051326, 0.00383932772093, 0.00349142355844, 0.00375453778543, 0.00325777078979, 0.00245814071968, 0.00238891481422, 0.000716438225936, 2.07942412089e-05, 2.59299866912e-07, 2.7674528269e-07],
        "mean": [0.00171951355878, 0.0138149522245, 0.00220317905769, 0.00104424462188, 0.0019760269206, 0.00314341275953, 0.00162739132065, 0.00131364166737, 0.00157109065913, 0.00217559584416, 0.00353451678529, 0.00169297319371, 0.00109318690374, 0.00119508325588, 0.000652974646073, 0.0006641348009, 0.000430102227256, 0.000447983795311, 0.000671035028063, 0.00059341598535, 0.000399702781579, 0.000292890385026, 0.000258702755673, 9.19227022678e-05, 1.17132663036e-06, 1.85590254276e-09, 1.77342118768e-09],
        "min": [8.44182963533e-08, 2.58289645672e-07, 8.9771184264e-08, 3.58500301445e-07, 8.43892848934e-07, 1.68152655533e-06, 3.1445665627e-06, 7.38272865419e-06, 1.86135421245e-05, 1.94784734049e-05, 7.89518617239e-06, 4.31830585512e-06, 2.73675323115e-06, 6.59604393149e-06, 1.62904289027e-05, 1.36245162139e-05, 6.85345094098e-06, 1.4015621673e-05, 1.57680005941e-05, 1.09907268779e-05, 7.58957821745e-06, 7.21165406503e-06, 1.07291816676e-06, 5.28657340126e-10, 1.10711426138e-10, 1.68838124037e-10, 2.32407898482e-10],
        "stdev": [0.00384901138023, 0.0116079039872, 0.00320631661452, 0.00145221827552, 0.00255288486369, 0.006812795531, 0.00291016348638, 0.0031915679574, 0.00251878541894, 0.00417039915919, 0.00744006456807, 0.00344815081917, 0.00232766452245, 0.00217186240479, 0.00090456486214, 0.000916054239497, 0.000367836240912, 0.000371461152099, 0.000542569730897, 0.000525449577253, 0.000352463655872, 0.000262071174802, 0.000230283025303, 8.1672667875e-05, 1.78598804723e-06, 7.25682536284e-09, 7.66911867345e-09]
    },
    "erbbands": {
        "max": [4.4199848175, 14.8873434067, 29.9656791687, 46.7078208923, 49.0105552673, 110.782470703, 390.278594971, 516.23651123, 435.513793945, 680.040222168, 1144.18164062, 645.39666748, 1370.46972656, 1535.89562988, 2866.49365234, 1287.43774414, 1048.12438965, 1229.47473145, 826.726257324, 924.592834473, 491.85067749, 209.828231812, 181.97517395, 329.10067749, 151.776046753, 206.281326294, 202.990524292, 150.806411743, 104.251342773, 76.9732589722, 67.0408630371, 34.7275161743, 7.74188661575, 0.69372189045, 0.0199445318431, 0.00155948637985, 0.000488860358018, 0.000171297651832, 7.36623333069e-05, 0.000158057839144],
        "mean": [0.441129952669, 2.84777879715, 3.45566892624, 3.13072872162, 4.24059534073, 7.17638063431, 16.600643158, 25.3007888794, 22.930109024, 31.4895248413, 24.9677276611, 35.3949317932, 67.787322998, 71.9789047241, 151.151779175, 73.7149963379, 52.8459472656, 66.8612213135, 33.2795600891, 43.944190979, 31.6268844604, 22.0318279266, 21.8855762482, 39.5834960938, 27.0296878815, 30.2912597656, 20.0062446594, 13.1638460159, 10.667304039, 9.41013336182, 7.07702970505, 3.33332180977, 0.789063811302, 0.0561592318118, 0.00201357225887, 0.000219166613533, 5.59620348213e-05, 1.6533627786e-05, 2.6191737561e-05, 5.15127721883e-05],
        "min": [7.31521777197e-06, 0.000193680913071, 0.000298455706798, 0.00169348926283, 0.00387901207432, 0.00327587500215, 0.0181554034352, 0.013088779524, 0.0341907814145, 0.057916380465, 0.254406571388, 0.442238181829, 0.815958619118, 0.645761430264, 0.481791138649, 0.189970895648, 0.241650775075, 0.427306115627, 0.471923083067, 0.933428347111, 0.873711049557, 0.355194807053, 0.725997447968, 1.06904554367, 0.775311768055, 0.547370016575, 0.346522301435, 0.277272582054, 0.249835804105, 0.113717533648, 0.0149368448183, 0.000637274526525, 7.19325398677e-05, 2.04488223972e-05, 6.98477106198e-06, 3.86781630368e-06, 1.92493666873e-06, 6.95403002737e-07, 1.06449385839e-06, 1.00678312265e-06],
        "stdev": [0.517669856548, 2.38939666748, 3.98146152496, 4.31520462036, 5.04741764069, 9.4416437149, 39.0527954102, 55.4056015015, 42.8390159607, 56.1821136475, 63.791469574, 55.1643791199, 120.027801514, 135.454055786, 314.743713379, 137.942260742, 101.719520569, 114.389823914, 48.5618286133, 57.8064498901, 42.5276679993, 18.5300998688, 15.9485340118, 37.3261299133, 20.6257781982, 26.931055069, 18.3320808411, 11.29342556, 10.0226249695, 8.07243347168, 6.40301465988, 2.98162341118, 0.750321269035, 0.0586691237986, 0.00188074633479, 0.000169096383615, 3.68313631043e-05, 1.09209104266e-05, 1.28655274239e-05, 2.63804231508e-05]
    },
    "gfcc": {
        "mean": [8.47785663605, 134.230575562, -173.760879517, 68.0812835693, -71.183883667, 22.2105121613, -6.33120584488, -10.7265129089, 9.05782318115, -20.9689464569, 14.0307645798, -11.4904108047, 3.76760959625],
        "cov": [[3194.64794922, 70.4026412964, 720.762573242, 554.251831055, -30.1226654053, 297.924591064, -299.378112793, 77.0105056763, -64.5314712524, 111.700416565, 342.430480957, -29.778301239, 221.665313721], [70.4026412964, 346.608215332, 44.8683815002, -38.2163314819, 126.976852417, -103.409484863, 87.1534042358, -54.1301841736, 23.6174697876, -27.6923713684, 12.4186687469, 12.6621189117, -31.2352867126], [720.762573242, 44.8683815002, 378.699829102, 231.461624146, -20.8984527588, 59.9721870422, -121.958984375, 39.092918396, 13.3436117172, 23.613445282, 79.3073272705, 0.498978346586, 60.4553794861], [554.251831055, -38.2163314819, 231.461624146, 231.854888916, 29.3267822266, 76.8948364258, -91.5822677612, 29.2175140381, 4.32479095459, 23.5695953369, 59.4490013123, -12.7682352066, 43.2179222107], [-30.1226654053, 126.976852417, -20.8984527588, 29.3267822266, 189.757568359, 20.8673973083, 94.4415817261, -31.3019733429, -0.31378275156, -12.1255178452, 3.42334723473, -6.38242530823, -25.4054584503], [297.924591064, -103.409484863, 59.9721870422, 76.8948364258, 20.8673973083, 151.174621582, -0.382225602865, 22.3419742584, -35.5425491333, 10.6380290985, 30.1147956848, -16.7907981873, 27.6971740723], [-299.378112793, 87.1534042358, -121.958984375, -91.5822677612, 94.4415817261, -0.382225602865, 180.025787354, -2.17287063599, -4.50934457779, -33.9783744812, -47.1212158203, 9.80990695953, -29.0158481598], [77.0105056763, -54.1301841736, 39.092918396, 29.2175140381, -31.3019733429, 22.3419742584, -2.17287063599, 85.75415802, 37.3231544495, 5.65363502502, -4.56788635254, -11.4582576752, 17.0339012146], [-64.5314712524, 23.6174697876, 13.3436117172, 4.32479095459, -0.31378275156, -35.5425491333, -4.50934457779, 37.3231544495, 82.6175308228, 24.7849884033, -7.14419555664, -2.78853178024, -12.8174409866], [111.700416565, -27.6923713684, 23.613445282, 23.5695953369, -12.1255178452, 10.6380290985, -33.9783744812, 5.65363502502, 24.7849884033, 64.7434082031, 50.2180976868, -5.40103197098, 2.71235823631], [342.430480957, 12.4186687469, 79.3073272705, 59.4490013123, 3.42334723473, 30.1147956848, -47.1212158203, -4.56788635254, -7.14419555664, 50.2180976868, 115.84539032, 15.9585866928, 28.275428772], [-29.778301239, 12.6621189117, 0.498978346586, -12.7682352066, -6.38242530823, -16.7907981873, 9.80990695953, -11.4582576752, -2.78853178024, -5.40103197098, 15.9585866928, 66.0561599731, 37.934299469], [221.665313721, -31.2352867126, 60.4553794861, 43.2179222107, -25.4054584503, 27.6971740723, -29.0158481598, 17.0339012146, -12.8174409866, 2.71235823631, 28.275428772, 37.934299469, 95.2136917114]],
        "icov": [[0.00143015384674, -0.00390494451858, 0.00162797269877, -0.00344464695081, 0.0026627893094, -0.00358095159754, 0.00156004959717, -0.00177591340616, 0.00167115870863, -0.00134531629737, -0.000815508654341, 0.000351965776645, -0.00117012613919], [-0.00390494451858, 0.0295997671783, -0.0181438457221, 0.0214160401374, -0.0179562661797, 0.0231726858765, -0.0128906462342, 0.0156716704369, -0.0128048723564, 0.0154619608074, -0.00885608512908, 0.00892671383917, -0.000753951782826], [0.00162797269877, -0.0181438457221, 0.0200546942651, -0.0209344346076, 0.013499555178, -0.0133854383603, 0.00760254776105, -0.00894438009709, 0.00510090915486, -0.00607432099059, 0.00360448868014, -0.0063531990163, 0.000759665912483], [-0.00344464695081, 0.0214160401374, -0.0209344346076, 0.0348558053374, -0.0220004469156, 0.0132383229211, -0.000743528129533, 0.00609754864126, -0.00724901352078, 0.00856796745211, -0.00319438194856, 0.00534052075818, -0.000921670172829], [0.0026627893094, -0.0179562661797, 0.013499555178, -0.0220004469156, 0.0257610809058, -0.015084059909, -0.00319994962774, 0.000964392151218, 0.000139363430208, -0.00342539395206, -0.000407609855756, -0.000524488743395, -0.000114945149107], [-0.00358095159754, 0.0231726858765, -0.0133854383603, 0.0132383229211, -0.015084059909, 0.0309136603028, -0.012467212975, 0.00676422705874, -0.000919227604754, 0.0066873729229, -0.00567418290302, 0.00893402379006, -0.0017867796123], [0.00156004959717, -0.0128906462342, 0.00760254776105, -0.000743528129533, -0.00319994962774, -0.012467212975, 0.0228419452906, -0.0154792359099, 0.00956332590431, -0.00699188373983, 0.00821445137262, -0.0107304444537, 0.00347485858947], [-0.00177591340616, 0.0156716704369, -0.00894438009709, 0.00609754864126, 0.000964392151218, 0.00676422705874, -0.0154792359099, 0.036604590714, -0.0259318128228, 0.0172807835042, -0.00928525906056, 0.0150686418638, -0.00801834370941], [0.00167115870863, -0.0128048723564, 0.00510090915486, -0.00724901352078, 0.000139363430208, -0.000919227604754, 0.00956332590431, -0.0259318128228, 0.0382716543972, -0.0267410743982, 0.0138005968183, -0.0119472285733, 0.00639387732372], [-0.00134531629737, 0.0154619608074, -0.00607432099059, 0.00856796745211, -0.00342539395206, 0.0066873729229, -0.00699188373983, 0.0172807835042, -0.0267410743982, 0.0476884283125, -0.0252557564527, 0.0141294822097, -0.00299694552086], [-0.000815508654341, -0.00885608512908, 0.00360448868014, -0.00319438194856, -0.000407609855756, -0.00567418290302, 0.00821445137262, -0.00928525906056, 0.0138005968183, -0.0252557564527, 0.0284877996892, -0.014043954201, 0.00357345677912], [0.000351965776645, 0.00892671383917, -0.0063531990163, 0.00534052075818, -0.000524488743395, 0.00893402379006, -0.0107304444537, 0.0150686418638, -0.0119472285733, 0.0141294822097, -0.014043954201, 0.034700140357, -0.0166509449482], [-0.00117012613919, -0.000753951782826, 0.000759665912483, -0.000921670172829, -0.000114945149107, -0.0017867796123, 0.00347485858947, -0.00801834370941, 0.00639387732372, -0.00299694552086, 0.00357345677912, -0.0166509449482, 0.0224168840796]]
    },
    "melbands": {
        "max": [0.0328535363078, 0.0125423213467, 0.00707344245166, 0.00548233510926, 0.0105882175267, 0.0108738383278, 0.00619719177485, 0.00927395280451, 0.00888907723129, 0.00442351866513, 0.00697533413768, 0.00686407648027, 0.00993800163269, 0.00413122214377, 0.00289981765673, 0.00327059696428, 0.00280389352702, 0.00170111982152, 0.000831023382489, 0.00082893052604, 0.000506364740431, 0.000174192580744, 0.000237563479459, 0.000195158121642, 0.0002953131916, 0.000133923356771, 0.000159106697538, 0.000162011827342, 0.000148757782881, 5.40552537132e-05, 0.000106061495899, 5.7315442973e-05, 4.89031808684e-05, 4.31999251305e-05, 3.90311761294e-05, 4.37679700553e-05, 1.41912605613e-05, 7.44041426515e-06, 1.96490100279e-06, 1.27767307845e-07],
        "mean": [0.00400268891826, 0.00247378251515, 0.000563918205444, 0.000397297117161, 0.000536544655915, 0.000581028987654, 0.000347795343259, 0.000334818061674, 0.000199421905563, 0.000231340323808, 0.00033528089989, 0.000261863140622, 0.000524593400769, 0.000255516177276, 0.000127835781313, 0.000107541825855, 0.000128337167553, 5.36469560757e-05, 4.78476758872e-05, 5.91383759456e-05, 3.2775245927e-05, 2.27097079915e-05, 2.00071226573e-05, 2.32557304116e-05, 3.39926555171e-05, 2.00254798983e-05, 1.86813485925e-05, 2.01413440664e-05, 1.33460980578e-05, 9.14867177926e-06, 6.975584256e-06, 5.95815663473e-06, 5.60477974432e-06, 5.09357778355e-06, 4.45421028417e-06, 2.83941903945e-06, 1.702117288e-06, 6.50895572107e-07, 1.32884949267e-07, 6.33247987381e-09],
        "min": [9.88799726542e-08, 2.84965324227e-07, 6.15463306985e-07, 2.03986687097e-07, 4.64601185968e-07, 2.7778725098e-07, 6.10415668234e-07, 4.41215405544e-07, 1.56504097504e-06, 2.7536698326e-06, 2.903974746e-06, 2.35050424635e-06, 1.2927730495e-06, 9.64179548646e-07, 3.00305941892e-07, 2.02158631168e-07, 7.77362686222e-07, 3.83388083947e-07, 1.28178601244e-06, 6.07756305726e-07, 8.85514452875e-07, 3.68011598084e-07, 2.00545329676e-07, 6.12076235029e-07, 5.82918914915e-07, 2.83090798803e-07, 4.40726836359e-07, 2.50784751188e-07, 1.90723582705e-07, 1.801745384e-07, 1.46685636082e-07, 1.25241257365e-07, 7.625425269e-08, 5.08625781492e-08, 5.85207837744e-09, 1.49597070842e-11, 1.26147096241e-11, 1.39279180637e-12, 1.00970436439e-12, 8.61434567342e-13],
        "stdev": [0.00377031625248, 0.00216928310692, 0.00066822511144, 0.000512658094522, 0.00110763520934, 0.00123186910059, 0.00064284238033, 0.000632260285784, 0.000485336204292, 0.000379150063964, 0.000607613357715, 0.000566218805034, 0.00110297068022, 0.0004941294319, 0.000229632263654, 0.000244992319494, 0.000239129789406, 9.56228832365e-05, 6.1365775764e-05, 8.02178110462e-05, 4.4865792006e-05, 1.9160539523e-05, 2.08717465284e-05, 2.02121391339e-05, 3.53321083821e-05, 1.71233004949e-05, 1.77021993295e-05, 1.90374867088e-05, 1.38292371048e-05, 8.12784946902e-06, 6.80336006553e-06, 5.98531732976e-06, 5.06321612193e-06, 4.5228257477e-06, 4.07344668929e-06, 2.78382981378e-06, 1.53644930379e-06, 6.52118671951e-07, 1.55302444682e-07, 1.16352056878e-08]
    },
    "melbands128": {
        "max": [0.0381379462779, 0.0420853942633, 0.041090734303, 0.0249283853918, 0.0189427547157, 0.0187227763236, 0.011288148351, 0.00567315891385, 0.00585737498477, 0.0084517672658, 0.00514275673777, 0.0182599499822, 0.0196942649782, 0.0315936766565, 0.0192689523101, 0.0211334358901, 0.00754240015522, 0.0105383154005, 0.00842033047229, 0.011529346928, 0.0186088830233, 0.0128764118999, 0.0156650990248, 0.00509493425488, 0.00747551070526, 0.00831713806838, 0.0091973664239, 0.0137666389346, 0.00869165174663, 0.0146642513573, 0.00861679762602, 0.0166896209121, 0.0202411282808, 0.0190470721573, 0.00735944230109, 0.00935298204422, 0.00535405986011, 0.00622749375179, 0.00434758048505, 0.00400877185166, 0.00565361464396, 0.00387182715349, 0.00380873144604, 0.00561962509528, 0.00377988489345, 0.00289573194459, 0.00128280546051, 0.000792909006122, 0.0013058821205, 0.00277267675847, 0.00111680966802, 0.00169745553285, 0.000871674797963, 0.000616792123765, 0.000377159682103, 0.000283449102426, 0.000521888432559, 0.000445881014457, 0.000270586402621, 0.000192034756765, 0.000303876702674, 0.000311955373036, 0.000891733216122, 0.000306146132061, 0.000327973684762, 0.000254084094195, 0.000200787791982, 0.000209590230952, 0.000252718862612, 0.000475325126899, 0.000311880023219, 0.000279465748463, 0.000191759376321, 0.000326949870214, 0.000142536897329, 0.00013026050874, 7.02494653524e-05, 0.000106239080196, 0.000156018315465, 9.30776441237e-05, 6.4836574893e-05, 8.08507320471e-05, 8.36306062411e-05, 5.8061486925e-05, 5.96407917328e-05, 5.17070802744e-05, 5.31412333657e-05, 4.08187770518e-05, 5.33110542165e-05, 5.19443383382e-05, 7.21933975001e-05, 3.60233898391e-05, 2.35138832068e-05, 1.77062447619e-05, 1.38473687912e-05, 1.34266147143e-05, 6.47018669042e-06, 3.26474946633e-06, 3.389129688e-06, 1.02730734852e-06, 2.07568277233e-07, 5.55623991261e-08, 2.68576449969e-09, 2.25744734017e-09, 2.15112061497e-09, 2.0466384143e-09, 1.990942744e-09, 1.87880822011e-09, 1.77347680985e-09, 1.73092362665e-09, 1.64890401333e-09, 1.60732571697e-09, 1.53903445543e-09, 1.45880185709e-09, 1.36111488747e-09, 1.350748291e-09, 1.32745336945e-09, 1.3164118684e-09, 1.2586975906e-09, 1.21314625012e-09, 1.18359488877e-09, 1.17219711715e-09, 1.16857323817e-09, 1.12349896053e-09, 1.1020101498e-09, 1.09227327183e-09, 1.08764897089e-09, 1.08021758205e-09],
        "mean": [0.0013594966149, 0.00352810020559, 0.0052761961706, 0.0046596750617, 0.0023141996935, 0.000946923042648, 0.000633921008557, 0.000476503191749, 0.000411097280448, 0.000386709376471, 0.000392507092329, 0.000400888122385, 0.000510831421707, 0.000822600268293, 0.000578615872655, 0.00050450587878, 0.000381981022656, 0.000320582650602, 0.000269113195827, 0.000429824111052, 0.000322244159179, 0.000188200749108, 0.000184392047231, 0.000190597609617, 0.000236786785536, 0.000194026099052, 0.000355613359716, 0.000440843956312, 0.000200057082111, 0.000275541475276, 0.000205164338695, 0.00037274818169, 0.000709254120011, 0.000548002950381, 0.000202675932087, 0.000257379579125, 0.000171181818587, 7.97851971583e-05, 0.000149147745105, 0.000107499377918, 8.42322624521e-05, 0.000124051439343, 0.000145378013258, 0.000139434312587, 5.56702980248e-05, 4.12872141169e-05, 4.42383025074e-05, 2.97622300423e-05, 5.43642963748e-05, 8.46727270982e-05, 5.30149773112e-05, 4.79880072817e-05, 3.129812103e-05, 2.80805088551e-05, 3.06449146592e-05, 1.80285060196e-05, 1.84339205589e-05, 2.92875938612e-05, 1.61031748576e-05, 1.19886381071e-05, 2.27384189202e-05, 2.722651152e-05, 4.68427751912e-05, 3.29403665091e-05, 2.00246995519e-05, 1.96758919628e-05, 2.05668256967e-05, 1.64219654835e-05, 1.52420307131e-05, 2.71568696917e-05, 2.05603137147e-05, 1.84640721272e-05, 1.29742611534e-05, 1.40284300869e-05, 1.10934506665e-05, 9.50694084167e-06, 7.82879487815e-06, 8.27273652249e-06, 6.78521064401e-06, 5.90634999753e-06, 5.67417419006e-06, 6.29358419246e-06, 5.94104585616e-06, 5.32637386641e-06, 5.64337551623e-06, 5.07571394337e-06, 5.00338182974e-06, 4.89940202897e-06, 4.72856254419e-06, 3.98187694373e-06, 3.05957155433e-06, 2.50555785897e-06, 2.43623935603e-06, 1.7256229512e-06, 1.31985132157e-06, 9.13085330012e-07, 5.02498778587e-07, 2.61024524661e-07, 1.52979666268e-07, 4.99607750726e-08, 7.97615395953e-09, 1.31020438943e-09, 3.40027242474e-11, 1.69419426405e-11, 1.52686960297e-11, 1.68727202349e-11, 2.0593086264e-11, 2.10539797402e-11, 1.25593866904e-11, 1.08870438706e-11, 1.05011572354e-11, 1.01488643878e-11, 9.75708229489e-12, 9.35589626605e-12, 9.01140967402e-12, 8.81082533322e-12, 8.59541691295e-12, 8.38998315267e-12, 8.21055116257e-12, 7.96729782843e-12, 7.75485838739e-12, 7.63586156111e-12, 7.55282121567e-12, 7.37904789355e-12, 6.90288538135e-12, 6.19478773833e-12, 5.80812004394e-12, 5.72669559343e-12],
        "min": [4.48740848924e-08, 4.05077571486e-08, 8.13883289652e-08, 1.33746681286e-07, 1.21308101342e-08, 3.22764535099e-08, 9.18424731822e-08, 1.53488883825e-07, 2.36745293591e-07, 8.96701592978e-08, 7.87071243735e-08, 1.15850482985e-07, 1.53970574956e-07, 1.46647948895e-07, 8.194065515e-08, 1.29660563175e-07, 1.3681017208e-07, 2.17975411942e-07, 5.63794309016e-08, 1.74358248728e-07, 3.80694189062e-07, 4.7112493462e-07, 5.27557062924e-07, 4.3731859023e-07, 2.51514819638e-07, 4.32273225215e-07, 1.01111618278e-06, 6.16856141278e-07, 7.64779542806e-07, 4.73629341968e-07, 3.2179755749e-07, 3.14741612328e-07, 2.95634606573e-07, 5.20650473845e-07, 3.12177661499e-07, 1.22289108617e-07, 1.33697184879e-07, 2.14180857938e-07, 8.92779183914e-08, 9.22228267086e-08, 1.71145671857e-07, 1.15717071481e-07, 2.95991156918e-07, 2.04738284992e-07, 1.20135780435e-07, 2.31771181802e-07, 1.43687799437e-07, 3.51562732703e-07, 2.59753790033e-07, 2.24523461156e-07, 2.36887657934e-07, 1.84207337384e-07, 4.33030407976e-07, 1.66794933421e-07, 3.1728049521e-07, 2.39420359094e-07, 1.202811859e-07, 1.48751752249e-07, 1.89956708141e-07, 2.32513897913e-07, 1.37823576551e-07, 3.08545878624e-07, 2.60857348167e-07, 2.96914066666e-07, 1.96979783595e-07, 7.50258664084e-08, 1.05895125557e-07, 1.18117966963e-07, 1.41109012475e-07, 1.66922418998e-07, 8.14048064512e-08, 9.93059856569e-08, 9.98674920538e-08, 9.91748478896e-08, 6.60180816681e-08, 1.050743208e-07, 1.0322612809e-07, 8.09551536918e-08, 8.32906437154e-08, 8.35028188817e-08, 3.42064652159e-08, 5.10748918714e-08, 3.46973827448e-08, 4.90424980626e-08, 7.23873716524e-09, 3.25225002484e-08, 1.76614634029e-08, 6.9060099861e-09, 7.80982478688e-09, 3.42132953912e-11, 1.32376228035e-11, 1.33843483172e-11, 1.28462336255e-11, 3.1837982771e-12, 1.22982971463e-12, 1.15086727041e-12, 7.47220211053e-13, 8.91643800894e-13, 6.38443996021e-13, 6.71748247305e-13, 6.92260918728e-13, 5.22827115802e-13, 6.55804512258e-13, 7.85034851795e-13, 5.0946123405e-13, 5.56840110046e-13, 5.51140079755e-13, 6.7465526438e-13, 6.01968670223e-13, 6.63497468772e-13, 6.01101633746e-13, 7.57979020261e-13, 6.51283118148e-13, 5.59663047243e-13, 6.70980144276e-13, 6.86911410998e-13, 6.89075099064e-13, 6.17404564973e-13, 5.97620640041e-13, 6.2844223098e-13, 7.00795487179e-13, 7.67860601492e-13, 6.73647444251e-13, 7.63216150435e-13, 5.25588795576e-13, 2.14879058557e-13, 2.83241973035e-14, 8.92961191237e-16],
        "stdev": [0.00283430051059, 0.0051444764249, 0.00495473435149, 0.00435852678493, 0.00271622673608, 0.00143308064435, 0.00102887151297, 0.00063150585629, 0.000552091572899, 0.000770938233472, 0.000565553084016, 0.000773673818912, 0.00151518557686, 0.00260881497525, 0.00165156449657, 0.00115555373486, 0.000685462204274, 0.00104016961996, 0.000555583334062, 0.000865519512445, 0.000936791126151, 0.000649760302622, 0.000726901809685, 0.000358663935913, 0.000456868496258, 0.000577148748562, 0.000742968579289, 0.00103767565452, 0.000569604744669, 0.000946443877183, 0.000654479663353, 0.00099552096799, 0.0017924857093, 0.00173974724021, 0.000570438511204, 0.000771461229306, 0.000466066761874, 0.000280224485323, 0.000363245810149, 0.000323685555486, 0.000377598626073, 0.00029812118737, 0.000347928609699, 0.000400816032197, 0.000175865599886, 0.000114639820822, 9.3635491794e-05, 5.38785061508e-05, 9.62915510172e-05, 0.000165670877323, 0.000104081846075, 0.000122039324197, 7.71190461819e-05, 3.50046648236e-05, 3.5687815398e-05, 2.21869686357e-05, 2.96525104204e-05, 4.13442394347e-05, 1.78369737114e-05, 1.43659608511e-05, 2.75852253253e-05, 3.01501331705e-05, 7.3705916293e-05, 3.79468328902e-05, 2.93889515888e-05, 2.56872499449e-05, 2.30736677622e-05, 2.1420450139e-05, 2.331351061e-05, 4.03268204536e-05, 2.65456383204e-05, 2.66122133326e-05, 1.69013819686e-05, 2.47967564064e-05, 1.39825951919e-05, 1.33725070555e-05, 8.14174291008e-06, 9.42760016187e-06, 8.13103270048e-06, 6.6629995672e-06, 6.52461267237e-06, 7.55845894673e-06, 6.54782979836e-06, 5.43424766875e-06, 5.3730750551e-06, 5.38575068276e-06, 5.09771871293e-06, 4.74554371976e-06, 4.86688986712e-06, 4.48554374088e-06, 3.77482092517e-06, 2.59449029727e-06, 2.59101170741e-06, 1.69083853052e-06, 1.3418269873e-06, 9.71755525825e-07, 6.12803432887e-07, 3.20456990721e-07, 2.03855691439e-07, 7.67734320561e-08, 1.96967597788e-08, 3.79860232158e-09, 1.38328001831e-10, 7.48725942357e-11, 6.92908369571e-11, 6.68442523555e-11, 7.07294778302e-11, 6.07816089127e-11, 5.00745590826e-11, 4.83744953816e-11, 4.60171518946e-11, 4.47259104752e-11, 4.27887413001e-11, 4.05746061749e-11, 3.79399983652e-11, 3.75467955338e-11, 3.68391255001e-11, 3.64527123764e-11, 3.48867358613e-11, 3.3645360803e-11, 3.28230359559e-11, 3.24722991552e-11, 3.23273317837e-11, 3.11328254843e-11, 3.05538441769e-11, 3.02925184936e-11, 3.01624315802e-11, 2.99607387511e-11]
    },
    "mfcc": {
        "mean": [-599.99230957, 123.239250183, -26.3132362366, 38.6884803772, -21.8171348572, 29.0207748413, -8.29975605011, 26.1230564117, -11.8192491531, 19.7332172394, -9.53664398193, 11.4583091736, -3.56415271759],
        "cov": [[2982.61962891, -278.297821045, 818.770019531, 179.996826172, 436.55480957, 57.3889389038, 122.993690491, -105.498535156, -159.621749878, 107.598762512, -188.062194824, 226.540603638, 77.7437591553], [-278.297821045, 525.438598633, -226.321136475, 127.392341614, -105.164215088, 58.0322608948, -31.4726428986, 77.0344619751, -52.318107605, 32.3383827209, 3.07421422005, -18.6884994507, -11.227602005], [818.770019531, -226.321136475, 517.371643066, 59.1162338257, 192.877502441, -48.4228019714, -11.6613836288, -60.5415611267, -13.2616977692, -6.39116048813, -45.272605896, 76.5461959839, 21.9338817596], [179.996826172, 127.392341614, 59.1162338257, 193.129623413, 69.9974517822, 51.6971054077, -28.4469947815, 34.1843910217, -41.2356262207, 42.5307235718, -35.5429344177, 47.2592506409, 3.14863324165], [436.55480957, -105.164215088, 192.877502441, 69.9974517822, 179.644882202, 29.5627117157, 22.6888008118, -23.8523578644, -18.862569809, 24.6558876038, -20.51420784, 48.5037002563, 12.459695816], [57.3889389038, 58.0322608948, -48.4228019714, 51.6971054077, 29.5627117157, 130.103103638, 52.6997032166, 29.7367019653, -36.0873947144, 20.026309967, -17.4411029816, 19.0563755035, -5.5691986084], [122.993690491, -31.4726428986, -11.6613836288, -28.4469947815, 22.6888008118, 52.6997032166, 139.944458008, 15.4705343246, 11.9703626633, -5.86270856857, -7.59913730621, -6.63166570663, 13.6473455429], [-105.498535156, 77.0344619751, -60.5415611267, 34.1843910217, -23.8523578644, 29.7367019653, 15.4705343246, 93.8538360596, 29.8697509766, 12.0765218735, -9.77075195312, -2.08236932755, -8.7000246048], [-159.621749878, -52.318107605, -13.2616977692, -41.2356262207, -18.862569809, -36.0873947144, 11.9703626633, 29.8697509766, 134.201644897, -18.8989238739, 18.8695220947, -43.3223419189, 8.51685523987], [107.598762512, 32.3383827209, -6.39116048813, 42.5307235718, 24.6558876038, 20.026309967, -5.86270856857, 12.0765218735, -18.8989238739, 100.154472351, 12.1450595856, 28.4842834473, -15.0823411942], [-188.062194824, 3.07421422005, -45.272605896, -35.5429344177, -20.51420784, -17.4411029816, -7.59913730621, -9.77075195312, 18.8695220947, 12.1450595856, 99.6595230103, -15.9716625214, -6.48960638046], [226.540603638, -18.6884994507, 76.5461959839, 47.2592506409, 48.5037002563, 19.0563755035, -6.63166570663, -2.08236932755, -43.3223419189, 28.4842834473, -15.9716625214, 90.7379455566, 19.5793628693], [77.7437591553, -11.227602005, 21.9338817596, 3.14863324165, 12.459695816, -5.5691986084, 13.6473455429, -8.7000246048, 8.51685523987, -15.0823411942, -6.48960638046, 19.5793628693, 65.8722229004]],
        "icov": [[0.000949259789195, -0.000264061731286, -0.00119453959633, 0.000382578524295, -0.000692605739459, 2.29050128837e-05, -0.000848497671541, 0.000376237556338, 0.000511071702931, -0.00111372210085, 0.00116921262816, -0.00039297278272, -0.000516540138051], [-0.000264061731286, 0.00426980806515, 0.00121249456424, -0.00381956622005, 0.00268733804114, -0.000117675161164, 0.000274905498372, -0.00169908686075, 0.00184547936078, -2.09234294744e-05, -0.00114734296221, 0.00195872713812, -0.000919989135582], [-0.00119453959633, 0.00121249456424, 0.00616246974096, -0.00167069665622, -0.00303053623065, 0.00276927999221, 0.000831528392155, 0.000447075552074, -0.000900354934856, 0.0027880994603, -0.000461785006337, -0.00170910579618, 0.00155580346473], [0.000382578524295, -0.00381956622005, -0.00167069665622, 0.0135257188231, -0.00586765212938, -0.00280456477776, 0.00387769890949, -0.00342758721672, 0.000625913206022, -0.00240478827618, 0.00299694552086, -0.00155245221686, -0.00145093572792], [-0.000692605739459, 0.00268733804114, -0.00303053623065, -0.00586765212938, 0.0154216457158, -0.00342580443248, -0.00179435964674, 0.00279005267657, -0.00102117320057, -0.00138953060377, -0.00180332164746, -8.02505746833e-06, -0.000262743560597], [2.29050128837e-05, -0.000117675161164, 0.00276927999221, -0.00280456477776, -0.00342580443248, 0.0147548438981, -0.00560924317688, -0.00257050292566, 0.00326395453885, 0.000586465466768, 0.000686303246766, -0.00166375841945, 0.00215733330697], [-0.000848497671541, 0.000274905498372, 0.000831528392155, 0.00387769890949, -0.00179435964674, -0.00560924317688, 0.0119972974062, -0.0028016360011, -0.000735006353352, 0.00059177732328, -0.00029126307345, 0.00244796043262, -0.0029301866889], [0.000376237556338, -0.00169908686075, 0.000447075552074, -0.00342758721672, 0.00279005267657, -0.00257050292566, -0.0028016360011, 0.0191150475293, -0.00769729865715, -0.00094691751292, 0.00266001210548, -0.00436721788719, 0.00397985009477], [0.000511071702931, 0.00184547936078, -0.000900354934856, 0.000625913206022, -0.00102117320057, 0.00326395453885, -0.000735006353352, -0.00769729865715, 0.013983999379, -0.000794637831859, -0.00148390687536, 0.00682022515684, -0.00457734428346], [-0.00111372210085, -2.09234294744e-05, 0.0027880994603, -0.00240478827618, -0.00138953060377, 0.000586465466768, 0.00059177732328, -0.00094691751292, -0.000794637831859, 0.0151940882206, -0.00403536902741, -0.00464803073555, 0.0051278155297], [0.00116921262816, -0.00114734296221, -0.000461785006337, 0.00299694552086, -0.00180332164746, 0.000686303246766, -0.00029126307345, 0.00266001210548, -0.00148390687536, -0.00403536902741, 0.0138194030151, -0.000480270886328, 1.79283924808e-05], [-0.00039297278272, 0.00195872713812, -0.00170910579618, -0.00155245221686, -8.02505746833e-06, -0.00166375841945, 0.00244796043262, -0.00436721788719, 0.00682022515684, -0.00464803073555, -0.000480270886328, 0.0214796308428, -0.00815996155143], [-0.000516540138051, -0.000919989135582, 0.00155580346473, -0.00145093572792, -0.000262743560597, 0.00215733330697, -0.0029301866889, 0.00397985009477, -0.00457734428346, 0.0051278155297, 1.79283924808e-05, -0.00815996155143, 0.0207429137081]]
    },
    "spectral_contrast_coeffs": {
        "max": [-0.481816381216, -0.516575932503, -0.484711110592, -0.570282578468, -0.642051815987, -0.391522169113],
        "mean": [-0.758351564407, -0.757831156254, -0.720279812813, -0.767044782639, -0.775645375252, -0.620851635933],
        "min": [-0.910258173943, -0.915945053101, -0.889814853668, -0.896678864956, -0.871830821037, -0.730017602444],
        "stdev": [0.063779450953, 0.0663201734424, 0.0780501738191, 0.0589915849268, 0.0378914102912, 0.0438138321042]
    },
    "spectral_contrast_valleys": {
        "max": [-5.0641450882, -4.80209541321, -5.51458883286, -5.61264133453, -5.95014429092, -9.27720832825],
        "mean": [-6.40078926086, -6.41233301163, -6.83274698257, -7.15212011337, -6.94049596786, -11.0982713699],
        "min": [-10.0992259979, -8.50536441803, -8.28200340271, -8.38774776459, -8.25098609924, -15.7203464508],
        "stdev": [0.854229092598, 0.553317427635, 0.454864144325, 0.389060884714, 0.445933103561, 1.24644458294]
    }
},
"rhythm": {
    "beats_count": 65,
    "beats_loudness": {
        "max": 0.11381175369,
        "mean": 0.0487013086677,
        "min": 0.00172749126796,
        "stdev": 0.0253587625921
    },
    "bpm": 122.107948303,
    "bpm_histogram_first_peak_bpm": 123,
    "bpm_histogram_first_peak_weight": 0.328125,
    "bpm_histogram_second_peak_bpm": 0,
    "bpm_histogram_second_peak_spread": 0,
    "bpm_histogram_second_peak_weight": 0,
    "danceability": 0.896011531353,
    "onset_rate": 1.53808581829,
    "beats_loudness_band_ratio": {
        "max": [0.931460440159, 0.600925028324, 0.476633071899, 0.580725848675, 0.276481926441, 0.217451870441],
        "mean": [0.459273129702, 0.0954583883286, 0.145636498928, 0.196700081229, 0.0746486335993, 0.0552781410515],
        "min": [0.00411232793704, 0.00808199774474, 0.0131187876686, 0.0134892500937, 0.0115055320784, 0.00622933590785],
        "stdev": [0.220396086574, 0.1033103019, 0.107655227184, 0.148550152779, 0.0539904870093, 0.0338109694421]
    },
    "beats_position": [0.476009070873, 0.96362811327, 1.45124709606, 1.95047616959, 2.43809509277, 2.92571425438, 3.42494320869, 3.9125623703, 4.41179132462, 4.8994102478, 5.39863920212, 5.89786815643, 6.38548755646, 6.87310647964, 7.36072540283, 7.84834432602, 8.33596324921, 8.82358264923, 9.31120204926, 9.79882049561, 10.2864398956, 10.774058342, 11.2732877731, 11.7725172043, 12.2717456818, 12.7709751129, 13.2585935593, 13.7462129593, 14.2338323593, 14.7214508057, 15.2090702057, 15.7082986832, 16.1959171295, 16.6951465607, 17.1827659607, 17.6703853607, 18.1580047607, 18.6456241608, 19.1448516846, 19.6440811157, 20.1317005157, 20.6193199158, 21.1069393158, 21.6061668396, 22.1053962708, 22.5930156708, 23.0922451019, 23.5914726257, 24.0790920258, 24.5667114258, 25.0543308258, 25.5419502258, 26.0295696259, 26.5171871185, 27.0164165497, 27.5040359497, 28.0032653809, 28.4908847809, 28.9901123047, 29.4893417358, 29.9769611359, 30.4645805359, 30.9521980286, 31.4398174286, 31.9274368286],
