{
"metadata": {
    "version": {
        "essentia": "2.1-beta5",
        "essentia_git_sha": "Undefined",
        "extractor": "music 2.0"
    },
    "audio_properties": {
        "analysis": {
            "equal_loudness": 0,
            "length": 48.7502937317,
            "sample_rate": 44100,
            "start_time": 93.9943771362,
            "downmix": "mix"
        },
        "bit_rate": 192000,
        "length": 196.011245728,
        "lossless": 0,
        "number_channels": 2,
        "replay_gain": -1.48667907715,
        "sample_rate": 48000,
        "codec": "mp3",
        "md5_encoded": "093bd72ec47f5ee2e0a36183dc85df10"
    },
    "tags": {
        "file_name": "Latvia_Cake To Bake_Aarzemnieki.mp3",
        "encoding": ["Lavf58.29.100"]
    }
},
"lowlevel": {
    "average_loudness": 0.958393454552,
    "barkbands_crest": {
        "max": 22.8251457214,
        "mean": 9.51948642731,
        "min": 2.36492156982,
        "stdev": 3.22333455086
    },
    "barkbands_flatness_db": {
        "max": 0.282560884953,
        "mean": 0.179486840963,
        "min": 0.0759234428406,
        "stdev": 0.0301852244884
    },
    "barkbands_kurtosis": {
        "max": 38.3961181641,
        "mean": 4.71027183533,
        "min": -1.77923977375,
        "stdev": 4.76801395416
    },
    "barkbands_skewness": {
        "max": 5.67838144302,
        "mean": 1.89149987698,
        "min": -1.97408235073,
        "stdev": 0.890661180019
    },
    "barkbands_spread": {
        "max": 79.372718811,
        "mean": 20.9660224915,
        "min": 3.1160941124,
        "stdev": 9.94083690643
    },
    "dissonance": {
        "max": 0.500000059605,
        "mean": 0.458444058895,
        "min": 0.272743314505,
        "stdev": 0.0303551070392
    },
    "dynamic_complexity": 2.23913574219,
    "erbbands_crest": {
        "max": 28.9682254791,
        "mean": 8.76241016388,
        "min": 2.45045852661,
        "stdev": 4.68110895157
    },
    "erbbands_flatness_db": {
        "max": 0.310346901417,
        "mean": 0.184004887938,
        "min": 0.117447033525,
        "stdev": 0.0319616608322
    },
    "erbbands_kurtosis": {
        "max": 14.7062282562,
        "mean": 0.311115115881,
        "min": -1.73404335976,
        "stdev": 2.00000429153
    },
    "erbbands_skewness": {
        "max": 3.52563881874,
        "mean": 0.673821151257,
        "min": -2.07048726082,
        "stdev": 0.710913181305
    },
    "erbbands_spread": {
        "max": 120.16607666,
        "mean": 49.7867584229,
        "min": 9.95675945282,
        "stdev": 19.9599819183
    },
    "hfc": {
        "max": 90.2368240356,
        "mean": 20.8364143372,
        "min": 0.443837106228,
        "stdev": 12.8548870087
    },
    "loudness_ebu128": {
        "integrated": -21.7014522552,
        "loudness_range": 3.13856124878,
        "momentary": {
            "max": -18.7408161163,
            "mean": -22.0081539154,
            "min": -28.7851104736,
            "stdev": 1.76151335239
        },
        "short_term": {
            "max": -19.8626117706,
            "mean": -21.8740463257,
            "min": -25.2967147827,
            "stdev": 1.19039309025
        }
    },
    "melbands_crest": {
        "max": 27.6863899231,
        "mean": 13.0790271759,
        "min": 4.22581958771,
        "stdev": 4.13409280777
    },
    "melbands_flatness_db": {
        "max": 0.332898557186,
        "mean": 0.199819713831,
        "min": 0.0506931580603,
        "stdev": 0.0393405482173
    },
    "melbands_kurtosis": {
        "max": 126.170974731,
        "mean": 16.8489723206,
        "min": -1.28281736374,
        "stdev": 14.1943073273
    },
    "melbands_skewness": {
        "max": 9.14205265045,
        "mean": 3.08144521713,
        "min": -0.767904520035,
        "stdev": 1.4547919035
    },
    "melbands_spread": {
        "max": 112.71068573,
        "mean": 19.0672340393,
        "min": 2.89794874191,
        "stdev": 10.8745565414
    },
    "pitch_salience": {
        "max": 0.884748518467,
        "mean": 0.579617619514,
        "min": 0.248189777136,
        "stdev": 0.0929193869233
    },
    "silence_rate_20dB": {
        "max": 1,
        "mean": 1,
        "min": 1,
        "stdev": 0
    },
    "silence_rate_30dB": {
        "max": 1,
        "mean": 0.999524056911,
        "min": 0,
        "stdev": 0.0218114349991
    },
    "silence_rate_60dB": {
        "max": 1,
        "mean": 0.00999524071813,
        "min": 0,
        "stdev": 0.0994722470641
    },
    "spectral_centroid": {
        "max": 3634.46923828,
        "mean": 1168.80700684,
        "min": 381.070343018,
        "stdev": 454.458374023
    },
    "spectral_complexity": {
        "max": 46,
        "mean": 17.9324131012,
        "min": 0,
        "stdev": 6.64007759094
    },
    "spectral_decrease": {
        "max": -5.50091916462e-11,
        "mean": -8.12183920118e-09,
        "min": -3.51044704416e-08,
        "stdev": 5.06835418079e-09
    },
    "spectral_energy": {
        "max": 0.1361002177,
        "mean": 0.0325436219573,
        "min": 0.000259469496086,
        "stdev": 0.0200177934021
    },
    "spectral_energyband_high": {
        "max": 0.00904733221978,
        "mean": 0.00096525833942,
        "min": 3.55433039658e-05,
        "stdev": 0.000738383678254
    },
    "spectral_energyband_low": {
        "max": 0.0872228592634,
        "mean": 0.0105014573783,
        "min": 3.9724236558e-06,
        "stdev": 0.0113420234993
    },
    "spectral_energyband_middle_high": {
        "max": 0.0486856587231,
        "mean": 0.00462086219341,
        "min": 9.73954738583e-05,
        "stdev": 0.00546384323388
    },
    "spectral_energyband_middle_low": {
        "max": 0.123834684491,
        "mean": 0.0179892405868,
        "min": 7.1148009738e-05,
        "stdev": 0.0136783206835
    },
    "spectral_entropy": {
        "max": 8.89199256897,
        "mean": 7.67410230637,
        "min": 6.74826860428,
        "stdev": 0.256356090307
    },
    "spectral_flux": {
        "max": 0.300787985325,
        "mean": 0.0991280972958,
        "min": 0.0120739350095,
        "stdev": 0.0470769107342
    },
    "spectral_kurtosis": {
        "max": 9.71838951111,
        "mean": 1.05031192303,
        "min": -1.21398437023,
        "stdev": 1.17593073845
    },
    "spectral_rms": {
        "max": 0.0115230502561,
        "mean": 0.00536253862083,
        "min": 0.000503131188452,
        "stdev": 0.0017300399486
    },
    "spectral_rolloff": {
        "max": 7558.15429688,
        "mean": 1063.42822266,
        "min": 129.19921875,
        "stdev": 945.604492188
    },
    "spectral_skewness": {
        "max": 2.14537739754,
        "mean": 0.942950069904,
        "min": -0.0649189800024,
        "stdev": 0.268795132637
    },
    "spectral_spread": {
        "max": 23012436,
        "mean": 4499873.5,
        "min": 2145672.75,
        "stdev": 817995.4375
    },
    "spectral_strongpeak": {
        "max": 9.91301631927,
        "mean": 0.991901993752,
        "min": 0,
        "stdev": 1.12193703651
    },
    "zerocrossingrate": {
        "max": 0.181640625,
        "mean": 0.0575449094176,
        "min": 0.02001953125,
        "stdev": 0.0194829404354
    },
    "barkbands": {
        "max": [0.00198486819863, 0.0495349690318, 0.0437204763293, 0.0352645739913, 0.0642241761088, 0.0493036955595, 0.0553459264338, 0.0655059888959, 0.0491452589631, 0.0362254343927, 0.0128712914884, 0.0251986775547, 0.012176066637, 0.00855834316462, 0.00689768604934, 0.00528155034408, 0.00557085638866, 0.00763707840815, 0.00570112559944, 0.0030843380373, 0.00240421597846, 0.00301174679771, 0.00367023143917, 0.00277141807601, 4.48118262284e-05, 3.87964632864e-07, 4.15674918486e-07],
        "mean": [0.00011462684779, 0.00545836845413, 0.00361364637502, 0.00301969866268, 0.00409662397578, 0.00255879946053, 0.00246988795698, 0.00293756369501, 0.00253161368892, 0.00139495183248, 0.000623963191174, 0.00063143792795, 0.000304115499603, 0.000384638871765, 0.00032495096093, 0.000184266013093, 0.000273357873084, 0.000325963803334, 0.000216901447857, 0.00019934651209, 0.000163043034263, 0.000336879194947, 0.000275508442428, 0.00010261706484, 8.22310710191e-07, 1.44272083169e-09, 1.33816802084e-09],
        "min": [7.08490155432e-09, 1.06591400595e-07, 4.97406574596e-07, 1.88377396171e-06, 8.59357169247e-06, 3.33873185809e-06, 5.47531180928e-06, 1.11456702143e-05, 1.0705587556e-05, 9.86593113339e-06, 7.48966613173e-06, 6.25460097581e-06, 3.97064559365e-06, 2.53725147559e-06, 6.14335590399e-07, 2.61485047304e-06, 6.71650559525e-06, 4.81641109218e-06, 4.85791360916e-06, 2.96210487249e-06, 6.68821257932e-06, 7.71038230596e-06, 7.1070589911e-06, 2.03326908377e-06, 5.81295497848e-11, 8.60278168147e-11, 1.10337447512e-10],
        "stdev": [0.000202913957764, 0.00684667471796, 0.00493313465267, 0.00351928570308, 0.00385047751479, 0.00441666459665, 0.00517516769469, 0.00675882119685, 0.0046670306474, 0.00327296950854, 0.0011696430156, 0.00168404297438, 0.000672796566505, 0.000728500308469, 0.000597555947024, 0.000309839990223, 0.000417431787355, 0.000555866106879, 0.000337162578944, 0.000274845544482, 0.000179125665454, 0.00030123590841, 0.000263649708359, 0.000135037073051, 2.61664536083e-06, 8.63159499431e-09, 9.17314313398e-09]
    },
    "erbbands": {
        "max": [0.970453798771, 12.8149938583, 43.6143684387, 79.1046981812, 213.117340088, 232.060211182, 349.835418701, 564.659423828, 760.99987793, 964.118713379, 1658.1697998, 1077.95080566, 832.937927246, 697.847900391, 514.110595703, 1271.98620605, 385.263244629, 300.849914551, 634.977966309, 307.190002441, 176.351913452, 358.266204834, 274.248962402, 376.061401367, 333.355102539, 158.472412109, 130.51222229, 89.1025238037, 106.866752625, 105.542755127, 108.709114075, 101.921424866, 17.7976856232, 1.54149544239, 0.0421964526176, 0.00333225098439, 0.000728639191948, 0.000259873922914, 6.96766583133e-05, 0.000151801403263],
        "mean": [0.10542947799, 1.4027878046, 4.23358869553, 7.20854091644, 13.4359617233, 11.8444433212, 17.6656417847, 21.3334693909, 32.128162384, 42.4805488586, 72.4707336426, 58.4411087036, 46.0441169739, 39.8521690369, 21.7501735687, 24.2097511292, 14.611492157, 16.7471237183, 21.9916915894, 12.7900762558, 11.1924571991, 15.6922969818, 17.8890323639, 12.1688547134, 11.9890594482, 9.40909290314, 6.1799454689, 7.85853290558, 11.965429306, 10.3882846832, 7.51038742065, 3.58953976631, 0.942838966846, 0.0573536530137, 0.00209099589847, 0.00022266288579, 5.17650223628e-05, 1.42587969094e-05, 2.01441616809e-05, 3.90269706259e-05],
        "min": [3.98696329285e-06, 0.000101964957139, 0.00227904017083, 0.0056920000352, 0.0110320616513, 0.0279659442604, 0.0369421541691, 0.038108304143, 0.0457924716175, 0.146027743816, 0.415382862091, 0.295817196369, 0.349136888981, 0.363835662603, 0.407658606768, 0.347036600113, 0.225905060768, 0.139843717217, 0.0525147877634, 0.0635389313102, 0.256996333599, 0.307900518179, 0.30278852582, 0.167213961482, 0.28315025568, 0.148558676243, 0.209381207824, 0.390027076006, 0.254099816084, 0.26559484005, 0.181629553437, 0.0810853242874, 0.0137694263831, 0.000440197938588, 3.15514553222e-05, 6.96230335961e-06, 1.97283247871e-06, 6.18150977516e-07, 3.56744379815e-07, 4.20549923774e-07],
        "stdev": [0.127878546715, 1.79591572285, 5.50670909882, 7.83623504639, 14.1024656296, 13.9709005356, 25.4002304077, 41.01745224, 65.4914855957, 88.1461715698, 162.005996704, 110.200378418, 92.7913208008, 72.0011291504, 34.7572441101, 72.3415145874, 29.8447685242, 28.3067073822, 40.4675369263, 21.7081756592, 15.5809202194, 23.2171363831, 26.7140979767, 21.2172451019, 19.9950294495, 13.3126811981, 7.4726858139, 7.67896842957, 10.4889450073, 9.92517375946, 7.39954280853, 4.38399219513, 1.385186553, 0.115225791931, 0.00350097147748, 0.000262820423814, 4.53423381259e-05, 1.21557040984e-05, 1.09675629574e-05, 2.29763263633e-05]
    },
    "gfcc": {
        "mean": [-6.46302700043, 135.928833008, -149.991790771, 68.0529556274, -90.1911773682, 15.5209922791, -21.8189716339, -17.2065677643, 7.80910587311, -32.3885917664, 2.7546980381, -17.7074012756, -4.90788507462],
        "cov": [[1203.96813965, 93.7933349609, 57.8459205627, 27.7120819092, 93.8865814209, 106.294555664, 111.763671875, 185.972793579, 136.173828125, 61.0329971313, 52.729598999, -30.0885219574, -9.18407058716], [93.7933349609, 320.959564209, 50.9242286682, -29.0103645325, 93.9739761353, -17.734872818, 103.143379211, -12.4978923798, 76.0841369629, 7.32858514786, 37.8772354126, -0.0424134470522, -6.86787319183], [57.8459205627, 50.9242286682, 342.976379395, 172.210388184, 33.1539535522, 84.1386947632, -28.6881217957, 9.51327133179, 10.8310651779, 15.6713895798, 18.3591651917, 22.3983192444, 22.835269928], [27.7120819092, -29.0103645325, 172.210388184, 262.7237854, 136.623031616, 67.8911590576, -5.1847319603, 31.019317627, 20.5536956787, 11.9864654541, -8.82184505463, 26.5770359039, 32.5312156677], [93.8865814209, 93.9739761353, 33.1539535522, 136.623031616, 220.13142395, 104.422843933, 87.0704956055, 57.0248641968, 64.5814666748, 10.2927694321, 3.34181523323, 10.6415758133, 20.6186542511], [106.294555664, -17.734872818, 84.1386947632, 67.8911590576, 104.422843933, 229.241012573, 113.676696777, 58.9937896729, 0.0166532024741, 11.5650539398, 4.32482910156, 15.2557506561, 20.8507728577], [111.763671875, 103.143379211, -28.6881217957, -5.1847319603, 87.0704956055, 113.676696777, 220.846984863, 64.6395339966, 31.391494751, 8.7723865509, 24.6763744354, 9.33066558838, -13.2313241959], [185.972793579, -12.4978923798, 9.51327133179, 31.019317627, 57.0248641968, 58.9937896729, 64.6395339966, 141.791763306, 77.4371337891, 25.3032665253, 11.2490406036, -8.40500450134, 2.62241888046], [136.173828125, 76.0841369629, 10.8310651779, 20.5536956787, 64.5814666748, 0.0166532024741, 31.391494751, 77.4371337891, 128.313980103, 50.6344795227, 11.3892993927, -8.80932044983, -0.531153380871], [61.0329971313, 7.32858514786, 15.6713895798, 11.9864654541, 10.2927694321, 11.5650539398, 8.7723865509, 25.3032665253, 50.6344795227, 72.5050964355, 35.9525108337, -3.20265436172, 6.86998128891], [52.729598999, 37.8772354126, 18.3591651917, -8.82184505463, 3.34181523323, 4.32482910156, 24.6763744354, 11.2490406036, 11.3892993927, 35.9525108337, 69.4798126221, 32.7631797791, -1.51394152641], [-30.0885219574, -0.0424134470522, 22.3983192444, 26.5770359039, 10.6415758133, 15.2557506561, 9.33066558838, -8.40500450134, -8.80932044983, -3.20265436172, 32.7631797791, 73.7061309814, 26.3742218018], [-9.18407058716, -6.86787319183, 22.835269928, 32.5312156677, 20.6186542511, 20.8507728577, -13.2313241959, 2.62241888046, -0.531153380871, 6.86998128891, -1.51394152641, 26.3742218018, 60.0967674255]],
        "icov": [[0.00116586929653, -0.000573078170419, 0.000425854144851, -0.000657368742395, 0.000837524596136, -0.000898074125871, 0.000369708810467, -0.0011201929301, -0.00078856170876, 0.00088565988699, -0.00160738755949, 0.00121067790315, -0.000218799192226], [-0.000573078170419, 0.0203552413732, -0.011714424938, 0.0129120070487, -0.0146398600191, 0.0112203527242, -0.012723875232, 0.0148197859526, -0.0144739458337, 0.0132786687464, -0.0129868844524, 0.00953354965895, -0.00877479556948], [0.000425854144851, -0.011714424938, 0.0153136793524, -0.0166669860482, 0.0166120436043, -0.013105135411, 0.00872016325593, -0.00360919674858, -0.00128047878388, 0.0037269659806, -0.00534259388223, 0.00224078260362, 0.00129907159135], [-0.000657368742395, 0.0129120070487, -0.0166669860482, 0.0261634606868, -0.0247564632446, 0.0148740429431, -0.00698584225029, 0.00141568190884, 0.00617265934125, -0.0108492607251, 0.012342791073, -0.00853420421481, 0.000629883259535], [0.000837524596136, -0.0146398600191, 0.0166120436043, -0.0247564632446, 0.0321675911546, -0.01870069094, 0.00721998466179, -0.00201779720373, -0.00982753187418, 0.0125784901902, -0.0113385599107, 0.00758943054825, -0.00246781576425], [-0.000898074125871, 0.0112203527242, -0.013105135411, 0.0148740429431, -0.01870069094, 0.0208229217678, -0.0112117324024, 0.000330739072524, 0.00749790575355, -0.00938831549138, 0.00939395558089, -0.00499022891745, -0.00165214133449], [0.000369708810467, -0.012723875232, 0.00872016325593, -0.00698584225029, 0.00721998466179, -0.0112117324024, 0.0166439563036, -0.0105793811381, 0.00784701574594, -0.00625676335767, 0.00480904104188, -0.00648635393009, 0.00836179964244], [-0.0011201929301, 0.0148197859526, -0.00360919674858, 0.00141568190884, -0.00201779720373, 0.000330739072524, -0.0105793811381, 0.0293658655137, -0.0280737057328, 0.024621328339, -0.0238026548177, 0.0177682805806, -0.0123658068478], [-0.00078856170876, -0.0144739458337, -0.00128047878388, 0.00617265934125, -0.00982753187418, 0.00749790575355, 0.00784701574594, -0.0280737057328, 0.0495937056839, -0.0475060343742, 0.0411169417202, -0.0273497160524, 0.0180011820048], [0.00088565988699, 0.0132786687464, 0.0037269659806, -0.0108492607251, 0.0125784901902, -0.00938831549138, -0.00625676335767, 0.024621328339, -0.0475060343742, 0.0725754126906, -0.0616942159832, 0.0409506820142, -0.025642901659], [-0.00160738755949, -0.0129868844524, -0.00534259388223, 0.012342791073, -0.0113385599107, 0.00939395558089, 0.00480904104188, -0.0238026548177, 0.0411169417202, -0.0616942159832, 0.0764260664582, -0.0485138222575, 0.0269794967026], [0.00121067790315, 0.00953354965895, 0.00224078260362, -0.00853420421481, 0.00758943054825, -0.00499022891745, -0.00648635393009, 0.0177682805806, -0.0273497160524, 0.0409506820142, -0.0485138222575, 0.0484226755798, -0.0254292227328], [-0.000218799192226, -0.00877479556948, 0.00129907159135, 0.000629883259535, -0.00246781576425, -0.00165214133449, 0.00836179964244, -0.0123658068478, 0.0180011820048, -0.025642901659, 0.0269794967026, -0.0254292227328, 0.0334995947778]]
    },
    "melbands": {
        "max": [0.0120515618473, 0.0184591468424, 0.0148055376485, 0.0165196247399, 0.00919293798506, 0.0109914923087, 0.0101598063484, 0.00865942053497, 0.011373270303, 0.00663086865097, 0.00464906729758, 0.00361260958016, 0.00202541798353, 0.00250188703649, 0.00269652972929, 0.00138254929334, 0.000642701575998, 0.00120646972209, 0.000598221959081, 0.00045644378406, 0.000228384495131, 0.000487426208565, 0.000395222450607, 0.000407166284276, 0.000316172197927, 0.000278305000393, 0.000259206455667, 0.000102539357613, 9.34971685638e-05, 6.54987161397e-05, 6.74063485349e-05, 9.38399170991e-05, 0.000112216177513, 5.83056607866e-05, 6.34063835605e-05, 5.38432941539e-05, 6.04311135248e-05, 1.58205693879e-05, 5.26899430042e-06, 3.28965086283e-07],
        "mean": [0.00124816899188, 0.00211679050699, 0.00148050824646, 0.000897160265595, 0.000597166595981, 0.000488808727823, 0.000501839327626, 0.000501514587086, 0.000581881147809, 0.000351461087121, 0.000228578530368, 0.000168769154698, 7.44367425796e-05, 7.12548207957e-05, 4.68688012916e-05, 3.0449256883e-05, 3.08801900246e-05, 3.7956819142e-05, 2.24364157475e-05, 1.28477176986e-05, 1.31077085825e-05, 1.56114911078e-05, 1.80355364137e-05, 1.43954493979e-05, 9.19468766369e-06, 8.62440174387e-06, 8.42834288051e-06, 5.6641683841e-06, 3.72958515982e-06, 3.6229437228e-06, 4.86188855575e-06, 6.83039070282e-06, 6.7388809839e-06, 5.37741425433e-06, 4.62774232801e-06, 3.05827984448e-06, 1.88350838926e-06, 8.04365754448e-07, 1.397244489e-07, 3.86426135535e-09],
        "min": [3.7896334959e-08, 8.06604930403e-07, 2.12276472666e-06, 1.82476344435e-06, 1.05768651792e-06, 7.33297611077e-07, 9.07118874238e-07, 1.69917916537e-06, 2.47735511039e-06, 1.68274539192e-06, 1.72257796294e-06, 1.0832748103e-06, 1.53134544689e-06, 5.79236370868e-07, 7.90809963291e-07, 3.4489863765e-07, 2.59264226088e-07, 9.51577661112e-08, 5.64751410081e-08, 9.26975616267e-08, 4.02297814617e-07, 3.18467044735e-07, 2.40832520149e-07, 1.18494135393e-07, 1.12555120779e-07, 1.36952039043e-07, 1.99088731279e-07, 7.21465482911e-08, 1.13421393166e-07, 1.38799975957e-07, 1.89349478319e-07, 1.32605705971e-07, 1.65420473763e-07, 1.33475651865e-07, 8.63859597189e-08, 7.63524923286e-08, 4.11703204861e-08, 4.43186126686e-10, 2.2265780799e-12, 4.39887574066e-13],
        "stdev": [0.00153177056927, 0.00254646898247, 0.0014290943509, 0.000852430588566, 0.000790993217379, 0.000897486985195, 0.000986158149317, 0.00100197619759, 0.00124607735779, 0.00068568973802, 0.000487670797156, 0.000330621609464, 0.000132689616294, 0.00017421793018, 0.000156843787408, 7.01728931745e-05, 5.56865161343e-05, 7.58591049816e-05, 4.11633263866e-05, 2.44936254603e-05, 1.92605912162e-05, 2.58758755081e-05, 2.80286585621e-05, 2.82805849565e-05, 1.73503467522e-05, 1.52207576321e-05, 1.36236049002e-05, 8.71739030117e-06, 4.91787977808e-06, 4.34215507994e-06, 4.94791902383e-06, 6.56186375636e-06, 7.81250946602e-06, 5.34350419912e-06, 4.68319103675e-06, 3.40774568031e-06, 2.55995450971e-06, 1.1899466017e-06, 3.38993231708e-07, 1.57883501828e-08]
    },
    "melbands128": {
        "max": [0.00158099480905, 0.00711119081825, 0.0198200214654, 0.0240643396974, 0.0237207263708, 0.021114256233, 0.018359715119, 0.0227962136269, 0.0226837228984, 0.016518060118, 0.0143676828593, 0.0116792824119, 0.0170304998755, 0.01974241063, 0.0171204246581, 0.0209878645837, 0.0168950203806, 0.0163631029427, 0.0170604493469, 0.0175473801792, 0.0161116980016, 0.0247529353946, 0.0196411721408, 0.0205957721919, 0.011105206795, 0.0118522588164, 0.00770103931427, 0.00761524448171, 0.0122896265239, 0.00810203608125, 0.00385417765938, 0.00435193767771, 0.00334488856606, 0.00188141781837, 0.00425280025229, 0.00393651751801, 0.0061647077091, 0.00485284952447, 0.00187150435522, 0.00132608448621, 0.00289385998622, 0.00157716008835, 0.000825186318252, 0.00131914310623, 0.00180313992314, 0.0025496724993, 0.000734528177418, 0.0009248611168, 0.000712566659786, 0.00109244836494, 0.000454238703242, 0.000370048830518, 0.000307220761897, 0.000414242647821, 0.000439591065515, 0.0010220449185, 0.000391944136936, 0.000542666588444, 0.000526896910742, 0.000580598716624, 0.000769193109591, 0.000958005839493, 0.000644309155177, 0.000359964324161, 0.000423420162406, 0.000584157649428, 0.000689152686391, 0.000648462912068, 0.000175006396603, 0.000188754274859, 0.000231390658882, 0.000101066667412, 7.73511783336e-05, 0.000128702027723, 0.000111265209853, 9.77093368419e-05, 7.73935316829e-05, 8.25600800454e-05, 0.000115410293802, 0.000103018217487, 0.000208551806281, 9.51867405092e-05, 0.000119042008009, 0.000188564357813, 0.000160539144417, 7.93542349129e-05, 7.55250875955e-05, 5.92158285144e-05, 7.48218953959e-05, 7.69758044044e-05, 8.0770929344e-05, 4.01432844228e-05, 0.000109909909952, 7.88459001342e-05, 3.22280538967e-05, 1.98781144718e-05, 1.57991180458e-05, 8.66714799486e-06, 9.35646221478e-06, 1.77301672011e-06, 3.76711057015e-07, 3.63558513072e-07, 1.23155015075e-08, 3.12635539679e-09, 3.08304892727e-09, 3.01268721081e-09, 3.12374059952e-09, 2.77650835656e-09, 2.66212096811e-09, 2.54336574024e-09, 2.45551934341e-09, 2.35811459248e-09, 2.28060792473e-09, 2.20767937265e-09, 2.12342410322e-09, 2.05495398475e-09, 1.98983673982e-09, 1.93871430021e-09, 1.87830950793e-09, 1.85500304006e-09, 1.80710690856e-09, 1.76335934743e-09, 1.7177156364e-09, 1.69034897191e-09, 1.66659508416e-09, 1.65928770723e-09, 1.64216795717e-09, 1.63168523137e-09],
        "mean": [0.000102687576145, 0.000620902981609, 0.00165779783856, 0.00257359584793, 0.00237319385633, 0.00165275402833, 0.00135462626349, 0.0016156937927, 0.00144978775643, 0.000808482873254, 0.000579695624765, 0.000617847952526, 0.0006493878318, 0.000521035981365, 0.000423909106757, 0.000522455724422, 0.000504975556396, 0.000492379826028, 0.000513919105288, 0.000416882161517, 0.00050908466801, 0.000719320727512, 0.00060273258714, 0.000455477973446, 0.000362013175618, 0.000344776926795, 0.000229220619076, 0.000203989606234, 0.000248499971349, 0.000179668801138, 0.000157554022735, 0.00011110844207, 5.29872595507e-05, 6.0060305259e-05, 7.76399756433e-05, 7.17664224794e-05, 6.47729539196e-05, 5.73270954192e-05, 2.61510049313e-05, 2.40779736487e-05, 3.5555116483e-05, 3.3730892028e-05, 2.50348475674e-05, 2.96672042168e-05, 4.6186713007e-05, 3.95423594455e-05, 3.00785359286e-05, 2.4467237381e-05, 1.84212640306e-05, 1.447361592e-05, 1.17429435704e-05, 1.14039939945e-05, 1.27255907501e-05, 1.38515606523e-05, 1.45306412378e-05, 1.60199579113e-05, 1.54695844685e-05, 1.88751073438e-05, 1.88384765352e-05, 1.69669146999e-05, 1.34034207804e-05, 1.43144097819e-05, 9.76108731265e-06, 7.28069062461e-06, 8.69713585416e-06, 8.32625210023e-06, 8.93217747944e-06, 9.29812085815e-06, 8.33415560919e-06, 7.15682335795e-06, 6.2322951635e-06, 4.71094699606e-06, 3.53401401298e-06, 3.78106733478e-06, 3.53609607373e-06, 3.55782549377e-06, 3.46510296367e-06, 4.34073399447e-06, 4.67570271212e-06, 5.66290145798e-06, 7.31133013687e-06, 7.03937985236e-06, 6.47032902634e-06, 7.61131605032e-06, 5.83389737585e-06, 5.83074597671e-06, 5.00722626384e-06, 4.82436189486e-06, 4.8430829338e-06, 4.47192724096e-06, 3.42162798006e-06, 2.68020676231e-06, 2.33752575696e-06, 1.93399955606e-06, 1.65907681549e-06, 1.10049325031e-06, 6.42056249944e-07, 3.1040065096e-07, 1.52909180429e-07, 3.35309593424e-08, 4.25433421825e-09, 1.33028588145e-09, 5.15904645393e-11, 1.34484550232e-11, 1.19048581756e-11, 1.76652616146e-11, 2.58270228121e-11, 1.67271110157e-11, 1.07660035401e-11, 8.2200374979e-12, 7.87645382944e-12, 7.59833255343e-12, 7.32039168866e-12, 7.05570367757e-12, 6.83470424354e-12, 6.63586243246e-12, 6.44784746429e-12, 6.28748528936e-12, 6.14280327993e-12, 5.99861653405e-12, 5.83277306662e-12, 5.72553723183e-12, 5.63173596299e-12, 5.5175837857e-12, 5.28147534387e-12, 4.93398117501e-12, 4.73666505324e-12, 4.68800389133e-12],
        "min": [1.09766584711e-09, 8.03078670231e-09, 2.8006823527e-08, 2.37620376708e-08, 1.28290729151e-08, 2.69488140248e-07, 3.53034693035e-07, 4.42636206799e-07, 5.7871733361e-07, 1.05625917968e-06, 2.85712388859e-07, 1.25696590914e-08, 4.48932908625e-08, 2.01659275945e-07, 2.0561661529e-07, 1.36828674613e-07, 2.46414913363e-07, 1.80238188818e-07, 4.29328792961e-07, 3.5114186403e-07, 3.8221099885e-07, 4.68253659847e-07, 9.31047452468e-07, 2.32831666835e-07, 7.52698042561e-07, 7.91989975824e-08, 1.35129752721e-07, 1.57823905056e-07, 5.03072328684e-07, 3.05409344037e-07, 7.18906790098e-07, 3.48224830304e-07, 2.53337645972e-07, 1.95342380493e-07, 2.30509854759e-07, 1.37189559268e-07, 2.12820793877e-07, 1.83430586276e-07, 1.32047716761e-07, 1.19610646721e-07, 1.99471884343e-07, 1.30296001544e-07, 3.35362102533e-08, 1.14700171139e-07, 1.41688076383e-07, 5.48685967772e-08, 2.20034284126e-08, 4.74725680988e-08, 6.21968041514e-08, 7.84738176662e-08, 8.80170176742e-08, 7.38316074944e-08, 1.53009139581e-07, 2.03787408282e-07, 1.69148691498e-07, 1.19694007594e-07, 1.38495067858e-07, 1.74944716491e-07, 1.91367249158e-07, 1.83517130381e-07, 5.39033635505e-08, 4.63498608383e-08, 7.60604237371e-08, 1.32806050601e-07, 1.47692674091e-07, 1.13785013411e-07, 6.50299298854e-08, 2.12299624991e-07, 7.04389861994e-08, 4.89158686889e-08, 4.02802768917e-08, 1.77514305477e-08, 2.86380252845e-08, 1.11374845346e-07, 6.95126303185e-08, 8.25080377354e-08, 6.53064304856e-08, 9.48781959664e-08, 1.29829544449e-07, 9.42089641853e-08, 1.61410468991e-07, 1.29970658236e-07, 8.5312095166e-08, 1.09116847113e-07, 9.76347749315e-08, 1.10883448201e-07, 6.4049729076e-08, 9.68843778537e-08, 7.50928563775e-08, 3.89925638444e-08, 5.71813245642e-08, 3.98432007387e-08, 8.26243340413e-09, 1.97786587108e-08, 4.95466734307e-09, 6.80924552854e-11, 3.79638542825e-11, 2.29008782424e-12, 7.56112620431e-13, 3.86191187536e-13, 3.88560467439e-13, 4.04036152408e-13, 1.93041844445e-13, 3.15954673449e-13, 2.60622795047e-13, 2.82588595536e-13, 3.05365704511e-13, 3.03136286689e-13, 3.37493406702e-13, 2.73241065191e-13, 3.80821757592e-13, 3.36541937981e-13, 2.93835458352e-13, 2.77918150732e-13, 2.47136892114e-13, 2.74037140636e-13, 3.7506396643e-13, 3.57984204346e-13, 2.35932069237e-13, 2.67677617268e-13, 3.79370119303e-13, 3.11762334698e-13, 3.28137338265e-13, 3.28022846515e-13, 2.10720275864e-13, 9.17164090443e-14, 1.00703848743e-14, 4.002827834e-16],
        "stdev": [0.000181245559361, 0.000834666541778, 0.00226956792176, 0.00346727436408, 0.00323366117664, 0.00227655190974, 0.00173958158121, 0.00198305188678, 0.00168629549444, 0.000969387532678, 0.000951687106863, 0.00100368785206, 0.00108256784733, 0.00110589666292, 0.000961165234912, 0.00147947098594, 0.00132167653646, 0.00128620595206, 0.0014075897634, 0.00129301357083, 0.00138973421417, 0.00211044796742, 0.00175563478842, 0.00121322576888, 0.00103117397521, 0.000933524919674, 0.000655287236441, 0.000637547054794, 0.000848684052471, 0.000522274931427, 0.000331765651936, 0.000285932823317, 0.000161465097335, 0.000129290681798, 0.00021188466053, 0.000255824706983, 0.000343698571669, 0.000252120953519, 8.32065561553e-05, 7.25398349459e-05, 0.000116537921713, 8.70182775543e-05, 5.51048578927e-05, 8.30385179142e-05, 0.000124822530779, 0.000110656474135, 7.438963803e-05, 6.25579850748e-05, 4.46732337878e-05, 4.23397032137e-05, 2.70691398327e-05, 2.29320448852e-05, 2.21737500397e-05, 2.77845538221e-05, 2.77913113678e-05, 4.02663936256e-05, 2.8170814403e-05, 3.76493153453e-05, 3.69813387806e-05, 3.67137145076e-05, 3.86395367968e-05, 5.27414122189e-05, 2.8102660508e-05, 1.2388882169e-05, 1.61510943144e-05, 1.89458096429e-05, 2.56078765233e-05, 2.21058980969e-05, 1.49824782056e-05, 1.37629704113e-05, 1.30965654535e-05, 7.88655779616e-06, 5.42939915249e-06, 5.7622373788e-06, 5.60960370422e-06, 5.14347675562e-06, 4.62646266897e-06, 5.46982755623e-06, 5.92509059061e-06, 6.54541054246e-06, 9.77857689577e-06, 7.68741847423e-06, 7.42135625842e-06, 1.27370767586e-05, 8.80090465216e-06, 6.60709156364e-06, 5.89242154092e-06, 5.05094158143e-06, 5.75075864617e-06, 5.2263062571e-06, 4.36619802713e-06, 3.28605597133e-06, 3.55993574885e-06, 3.07090749629e-06, 2.31540752793e-06, 1.55919417466e-06, 1.17681963729e-06, 7.6200450394e-07, 4.29756823905e-07, 1.06491114593e-07, 2.09653840955e-08, 1.03839878918e-08, 3.69343305939e-10, 8.43020514507e-11, 7.06528585637e-11, 8.71674121772e-11, 1.48478437878e-10, 7.80056852445e-11, 5.9636857952e-11, 5.61644064589e-11, 5.42125754011e-11, 5.20623856526e-11, 5.03432018295e-11, 4.87282193762e-11, 4.68719819902e-11, 4.53586820881e-11, 4.39217620607e-11, 4.27874471964e-11, 4.14559289674e-11, 4.09258391065e-11, 3.98723068451e-11, 3.8909660216e-11, 3.79074237278e-11, 3.73021960542e-11, 3.67801900047e-11, 3.6618399285e-11, 3.62454233294e-11, 3.60153781798e-11]
    },
    "mfcc": {
        "mean": [-621.579406738, 126.270492554, 1.50448083878, 38.7702674866, -25.7095184326, 25.1425552368, -26.3402881622, 27.9290409088, -18.746629715, 15.7162656784, -13.2273101807, 7.75244665146, -15.6700811386],
        "cov": [[1127.20349121, 44.5885276794, -37.8230667114, -3.94220709801, 34.4263648987, -11.4095144272, 43.4791488647, 103.455627441, 65.0595779419, 170.134338379, 96.6197814941, 36.119846344, -1.93714678288], [44.5885276794, 403.690490723, -93.405418396, 28.1469230652, -84.0917053223, 50.087726593, -35.5391540527, 65.800239563, -39.9439201355, 75.9076080322, 22.8712520599, 38.8693313599, -5.58693695068], [-37.8230667114, -93.405418396, 377.514953613, 24.1794586182, 102.622932434, 11.2042312622, 38.7684936523, -46.2609100342, 21.0526180267, -66.5751495361, 4.67149686813, 7.64815330505, 28.6975860596], [-3.94220709801, 28.1469230652, 24.1794586182, 223.404083252, 80.1427536011, 41.0686531067, -34.455581665, 29.0093746185, 15.7509918213, 15.0540800095, -16.3812541962, 45.1067428589, 7.63139772415], [34.4263648987, -84.0917053223, 102.622932434, 80.1427536011, 227.057495117, 32.900970459, 18.1695251465, -1.89994597435, 79.4498214722, -2.06638026237, 10.3564758301, 5.99819087982, 15.7855510712], [-11.4095144272, 50.087726593, 11.2042312622, 41.0686531067, 32.900970459, 180.574081421, 80.8988800049, 71.0606155396, 21.1095085144, 21.5552749634, 6.07528400421, 13.0193605423, -19.4278831482], [43.4791488647, -35.5391540527, 38.7684936523, -34.455581665, 18.1695251465, 80.8988800049, 182.471313477, 66.7704544067, 45.0967788696, -3.14148163795, 43.1813316345, -13.5062932968, 3.44182753563], [103.455627441, 65.800239563, -46.2609100342, 29.0093746185, -1.89994597435, 71.0606155396, 66.7704544067, 160.529342651, 43.1330718994, 50.9959487915, 25.4240913391, 27.8441791534, -11.1997518539], [65.0595779419, -39.9439201355, 21.0526180267, 15.7509918213, 79.4498214722, 21.1095085144, 45.0967788696, 43.1330718994, 127.762054443, 44.6639099121, 28.4244537354, 4.22087621689, 7.15133523941], [170.134338379, 75.9076080322, -66.5751495361, 15.0540800095, -2.06638026237, 21.5552749634, -3.14148163795, 50.9959487915, 44.6639099121, 153.365905762, 44.4934921265, 29.0804977417, -4.50977516174], [96.6197814941, 22.8712520599, 4.67149686813, -16.3812541962, 10.3564758301, 6.07528400421, 43.1813316345, 25.4240913391, 28.4244537354, 44.4934921265, 101.884742737, 16.8086166382, 10.5651540756], [36.119846344, 38.8693313599, 7.64815330505, 45.1067428589, 5.99819087982, 13.0193605423, -13.5062932968, 27.8441791534, 4.22087621689, 29.0804977417, 16.8086166382, 78.1812667847, 22.8084774017], [-1.93714678288, -5.58693695068, 28.6975860596, 7.63139772415, 15.7855510712, -19.4278831482, 3.44182753563, -11.1997518539, 7.15133523941, -4.50977516174, 10.5651540756, 22.8084774017, 72.7813720703]],
        "icov": [[0.00116749096196, 7.36314541427e-05, -9.00601953617e-05, 0.000109580447315, -0.000347207882442, 0.000589560135268, -0.000248505122727, -0.000605589011684, 0.000358713732567, -0.00124310958199, -0.00041270343354, -4.84366173623e-05, 0.000174804154085], [7.36314541427e-05, 0.00366721907631, 0.000141684911796, -0.000262061919784, 0.00107569131069, -0.00135065871291, 0.00149910093751, -0.00130158441607, 0.00127642345615, -0.00122308428399, -0.00102632527705, -6.06612411502e-05, -0.000643158273306], [-9.00601953617e-05, 0.000141684911796, 0.00363129912876, -8.32253499539e-05, -0.00126956158783, -0.000232931866776, -0.000934898213018, 0.00133266462944, -0.000195601693122, 0.00152520067059, -0.000288393464871, -0.00120888685342, -0.000417712988565], [0.000109580447315, -0.000262061919784, -8.32253499539e-05, 0.00677949888632, -0.00259867543355, -0.00118488119915, 0.00183719350025, -0.00129630346783, 0.000470025726827, -5.93274271523e-05, 0.00131040019915, -0.00291518913582, -6.07675792708e-05], [-0.000347207882442, 0.00107569131069, -0.00126956158783, -0.00259867543355, 0.0082721747458, -0.00185539154336, 0.00114907464013, 0.00117640651297, -0.00470283394679, 0.000977081712335, -0.000974459922872, 0.00109316012822, -0.000994822592475], [0.000589560135268, -0.00135065871291, -0.000232931866776, -0.00118488119915, -0.00185539154336, 0.0099714724347, -0.00522595550865, -0.00163206493016, 0.0013282308355, -0.00153768854216, 0.00201540300623, -0.00159168068785, 0.00316868862137], [-0.000248505122727, 0.00149910093751, -0.000934898213018, 0.00183719350025, 0.00114907464013, -0.00522595550865, 0.0119677269831, -0.00404662359506, -0.002002928406, 0.00238570314832, -0.00443580979481, 0.00365550047718, -0.00270544341765], [-0.000605589011684, -0.00130158441607, 0.00133266462944, -0.00129630346783, 0.00117640651297, -0.00163206493016, -0.00404662359506, 0.0118230972439, -0.00326217734255, -0.000245269795414, 0.000743343262002, -0.00371081265621, 0.00217468244955], [0.000358713732567, 0.00127642345615, -0.000195601693122, 0.000470025726827, -0.00470283394679, 0.0013282308355, -0.002002928406, -0.00326217734255, 0.0142806693912, -0.00462465919554, -0.000555622740649, 0.00123211543541, -0.000892566866241], [-0.00124310958199, -0.00122308428399, 0.00152520067059, -5.93274271523e-05, 0.000977081712335, -0.00153768854216, 0.00238570314832, -0.000245269795414, -0.00462465919554, 0.012290132232, -0.00340514373966, -0.00209608278237, 0.00087204168085], [-0.00041270343354, -0.00102632527705, -0.000288393464871, 0.00131040019915, -0.000974459922872, 0.00201540300623, -0.00443580979481, 0.000743343262002, -0.000555622740649, -0.00340514373966, 0.0145140802488, -0.0030404496938, -0.000350446382072], [-4.84366173623e-05, -6.06612411502e-05, -0.00120888685342, -0.00291518913582, 0.00109316012822, -0.00159168068785, 0.00365550047718, -0.00371081265621, 0.00123211543541, -0.00209608278237, -0.0030404496938, 0.0201114360243, -0.00674165738747], [0.000174804154085, -0.000643158273306, -0.000417712988565, -6.07675792708e-05, -0.000994822592475, 0.00316868862137, -0.00270544341765, 0.00217468244955, -0.000892566866241, 0.00087204168085, -0.000350446382072, -0.00674165738747, 0.0176956541836]]
    },
    "spectral_contrast_coeffs": {
        "max": [-0.430342167616, -0.464876383543, -0.506893455982, -0.640490412712, -0.64273416996, -0.44106221199],
        "mean": [-0.686351954937, -0.73631465435, -0.758343696594, -0.812626779079, -0.803747296333, -0.627488672733],
        "min": [-0.865470230579, -0.90903621912, -0.9215528965, -0.908150613308, -0.880012631416, -0.84164583683],
        "stdev": [0.0707909613848, 0.0875315889716, 0.0690926760435, 0.0431137867272, 0.0360271409154, 0.0408639460802]
    },
    "spectral_contrast_valleys": {
        "max": [-4.82464790344, -4.81649541855, -5.43031024933, -6.13344335556, -5.77347946167, -8.728307724],
        "mean": [-6.39017105103, -6.36634635925, -7.09135103226, -7.46210813522, -7.29471254349, -10.9720964432],
        "min": [-9.84209156036, -8.11074447632, -8.46490955353, -9.07100105286, -8.92220306396, -14.4931592941],
        "stdev": [0.684649527073, 0.472010493279, 0.448060631752, 0.401773750782, 0.38125616312, 0.688398599625]
    }
},
"rhythm": {
    "beats_count": 79,
    "beats_loudness": {
        "max": 0.0829174518585,
        "mean": 0.0388997830451,
        "min": 0.00578024471179,
        "stdev": 0.0172687396407
    },
    "bpm": 98.1769714355,
    "bpm_histogram_first_peak_bpm": 99,
    "bpm_histogram_first_peak_weight": 0.112676024437,
    "bpm_histogram_second_peak_bpm": 94,
    "bpm_histogram_second_peak_spread": 0.428571462631,
    "bpm_histogram_second_peak_weight": 0.0512820519507,
    "danceability": 1.27526414394,
    "onset_rate": 4.388671875,
    "beats_loudness_band_ratio": {
        "max": [0.856385529041, 0.772117137909, 0.675919890404, 0.440601557493, 0.439774185419, 0.22339630127],
        "mean": [0.478687465191, 0.189913660288, 0.212494671345, 0.091494359076, 0.0471284724772, 0.0360213033855],
        "min": [0.0559341274202, 0.0218522828072, 0.0147827025503, 0.00635263929144, 0.00344634358771, 0.00816764310002],
        "stdev": [0.223846361041, 0.134903505445, 0.164117798209, 0.106660783291, 0.0570034347475, 0.0281788557768]
    },
    "beats_position": [0.626938760281, 1.25387752056, 1.89242625237, 2.53097510338, 3.15791368484, 3.7732424736, 4.38857126236, 4.99229001999, 5.59600877762, 6.21133756638, 6.82666635513, 7.4303855896, 8.03410434723, 8.63782310486, 9.25315189362, 9.85687065125, 10.47219944, 11.0875282288, 11.7028570175, 12.3065757751, 12.9102945328, 13.5140132904, 14.117732048, 14.7214508057, 15.3367795944, 15.9521083832, 16.5558280945, 17.1711559296, 17.786485672, 18.390203476, 18.9939231873, 19.6092510223, 20.2245807648, 20.8399085999, 21.4552383423, 22.0589561462, 22.6626758575, 23.2663936615, 23.8817234039, 24.497051239, 25.1007709503, 25.7044887543, 26.3082084656, 26.9235363007, 27.5388660431, 28.1658039093, 28.804353714, 29.4545116425, 30.0930614471, 30.7199993134, 31.3469390869, 31.9738769531, 32.6240348816, 33.2741928101, 33.901134491, 34.5164604187, 35.1317901611, 35.7355079651, 36.3508377075, 36.96616745, 37.5814971924, 38.1852149963, 38.8005447388, 39.4158706665, 40.0312004089, 40.6349182129, 41.2386398315, 41.8423576355, 42.4460754395, 43.0614051819, 43.6767349243, 44.2804527283, 44.8841705322, 45.5111083984, 46.1148300171, 46.718547821, 47.322265625, 47.9259872437, 48.5297050476],
