{
"metadata": {
    "version": {
        "essentia": "2.1-beta5",
        "essentia_git_sha": "Undefined",
        "extractor": "music 2.0"
    },
    "audio_properties": {
        "analysis": {
            "equal_loudness": 0,
            "length": 48.7502937317,
            "sample_rate": 44100,
            "start_time": 61.4980506897,
            "downmix": "mix"
        },
        "bit_rate": 192000,
        "length": 202.001998901,
        "lossless": 0,
        "number_channels": 2,
        "replay_gain": 1.40270805359,
        "sample_rate": 48000,
        "codec": "mp3",
        "md5_encoded": "e133afd4d83ade830192212896cd2a4e"
    },
    "tags": {
        "file_name": "Albania_One Night_s Anger_Hersi.mp3",
        "encoding": ["Lavf58.29.100"]
    }
},
"lowlevel": {
    "average_loudness": 0.976398169994,
    "barkbands_crest": {
        "max": 22.8428726196,
        "mean": 9.11667919159,
        "min": 3.24586987495,
        "stdev": 3.55739212036
    },
    "barkbands_flatness_db": {
        "max": 0.332524329424,
        "mean": 0.186386346817,
        "min": 0.0902774035931,
        "stdev": 0.0303898546845
    },
    "barkbands_kurtosis": {
        "max": 135.96685791,
        "mean": 2.16753482819,
        "min": -1.84993672371,
        "stdev": 6.013484478
    },
    "barkbands_skewness": {
        "max": 10.820514679,
        "mean": 1.17982363701,
        "min": -1.16930615902,
        "stdev": 1.11485421658
    },
    "barkbands_spread": {
        "max": 79.4352645874,
        "mean": 27.9471549988,
        "min": 1.97154486179,
        "stdev": 11.2563581467
    },
    "dissonance": {
        "max": 0.49963542819,
        "mean": 0.461175262928,
        "min": 0.28683501482,
        "stdev": 0.0275383386761
    },
    "dynamic_complexity": 1.46605098248,
    "erbbands_crest": {
        "max": 28.5142974854,
        "mean": 10.9254074097,
        "min": 2.63079833984,
        "stdev": 4.9306063652
    },
    "erbbands_flatness_db": {
        "max": 0.329106062651,
        "mean": 0.206973448396,
        "min": 0.117726586759,
        "stdev": 0.0364091061056
    },
    "erbbands_kurtosis": {
        "max": 9.98870658875,
        "mean": 0.272685468197,
        "min": -1.74600243568,
        "stdev": 1.59303915501
    },
    "erbbands_skewness": {
        "max": 2.3254737854,
        "mean": 0.00922819785774,
        "min": -2.87817358971,
        "stdev": 0.81564193964
    },
    "erbbands_spread": {
        "max": 126.995559692,
        "mean": 40.5012512207,
        "min": 9.81557750702,
        "stdev": 20.6433696747
    },
    "hfc": {
        "max": 86.4763031006,
        "mean": 28.8609962463,
        "min": 0.963166236877,
        "stdev": 13.3130903244
    },
    "loudness_ebu128": {
        "integrated": -23.1116695404,
        "loudness_range": 2.00243186951,
        "momentary": {
            "max": -20.366815567,
            "mean": -23.2698478699,
            "min": -28.1807422638,
            "stdev": 1.19686663151
        },
        "short_term": {
            "max": -21.455083847,
            "mean": -23.2615356445,
            "min": -24.7429542542,
            "stdev": 0.707190811634
        }
    },
    "melbands_crest": {
        "max": 28.3361701965,
        "mean": 12.1195297241,
        "min": 3.90965843201,
        "stdev": 4.14070320129
    },
    "melbands_flatness_db": {
        "max": 0.397391617298,
        "mean": 0.21071383357,
        "min": 0.0898084938526,
        "stdev": 0.0431785658002
    },
    "melbands_kurtosis": {
        "max": 363.742370605,
        "mean": 11.4010639191,
        "min": -1.75596690178,
        "stdev": 19.1802196503
    },
    "melbands_skewness": {
        "max": 14.8424863815,
        "mean": 2.43970274925,
        "min": -0.447212129831,
        "stdev": 1.75268304348
    },
    "melbands_spread": {
        "max": 101.145065308,
        "mean": 30.9857387543,
        "min": 1.06668937206,
        "stdev": 16.8459300995
    },
    "pitch_salience": {
        "max": 0.849651098251,
        "mean": 0.498690217733,
        "min": 0.144079312682,
        "stdev": 0.103552863002
    },
    "silence_rate_20dB": {
        "max": 1,
        "mean": 1,
        "min": 1,
        "stdev": 0
    },
    "silence_rate_30dB": {
        "max": 1,
        "mean": 0.958591163158,
        "min": 0,
        "stdev": 0.199233338237
    },
    "silence_rate_60dB": {
        "max": 1,
        "mean": 0.000475963839563,
        "min": 0,
        "stdev": 0.0218116007745
    },
    "spectral_centroid": {
        "max": 3500.60766602,
        "mean": 1759.25427246,
        "min": 368.712768555,
        "stdev": 600.132507324
    },
    "spectral_complexity": {
        "max": 44,
        "mean": 17.4792957306,
        "min": 3,
        "stdev": 5.50549077988
    },
    "spectral_decrease": {
        "max": -5.18078302481e-10,
        "mean": -9.23286425092e-09,
        "min": -1.13791564615e-07,
        "stdev": 8.45810710359e-09
    },
    "spectral_energy": {
        "max": 0.435860604048,
        "mean": 0.0374647416174,
        "min": 0.00204272917472,
        "stdev": 0.0324790552258
    },
    "spectral_energyband_high": {
        "max": 0.00602434854954,
        "mean": 0.000873556360602,
        "min": 1.76444882527e-05,
        "stdev": 0.000726695870981
    },
    "spectral_energyband_low": {
        "max": 0.41175609827,
        "mean": 0.0154017703608,
        "min": 0.000253431295278,
        "stdev": 0.0300623569638
    },
    "spectral_energyband_middle_high": {
        "max": 0.0361737832427,
        "mean": 0.0107738208026,
        "min": 0.000183076510439,
        "stdev": 0.00747537333518
    },
    "spectral_energyband_middle_low": {
        "max": 0.153247117996,
        "mean": 0.0117848711088,
        "min": 0.000738754228223,
        "stdev": 0.00966309290379
    },
    "spectral_entropy": {
        "max": 8.35748767853,
        "mean": 7.32659864426,
        "min": 6.24665927887,
        "stdev": 0.352357655764
    },
    "spectral_flux": {
        "max": 0.570506751537,
        "mean": 0.107438139617,
        "min": 0.0216953177005,
        "stdev": 0.0616461411119
    },
    "spectral_kurtosis": {
        "max": 13.4271202087,
        "mean": 2.11323857307,
        "min": -1.1208871603,
        "stdev": 1.95164573193
    },
    "spectral_rms": {
        "max": 0.0206211023033,
        "mean": 0.00576103711501,
        "min": 0.00141170341522,
        "stdev": 0.00183342036325
    },
    "spectral_rolloff": {
        "max": 6180.02929688,
        "mean": 1570.51184082,
        "min": 86.1328125,
        "stdev": 1028.72460938
    },
    "spectral_skewness": {
        "max": 2.8152616024,
        "mean": 0.901471376419,
        "min": -0.121196962893,
        "stdev": 0.302228957415
    },
    "spectral_spread": {
        "max": 21252426,
        "mean": 3809890.75,
        "min": 1777907.375,
        "stdev": 957058
    },
    "spectral_strongpeak": {
        "max": 12.464758873,
        "mean": 1.61305248737,
        "min": 0,
        "stdev": 1.88917958736
    },
    "zerocrossingrate": {
        "max": 0.1328125,
        "mean": 0.0614706799388,
        "min": 0.00634765625,
        "stdev": 0.0188487581909
    },
    "barkbands": {
        "max": [0.0115554984659, 0.3571844697, 0.0766086578369, 0.0476782619953, 0.0866522938013, 0.0390791296959, 0.0261521227658, 0.024890113622, 0.019478417933, 0.0223030336201, 0.0231320522726, 0.0268839597702, 0.015666814521, 0.013726930134, 0.0100628808141, 0.011757036671, 0.0173995960504, 0.00819800328463, 0.00867072306573, 0.00927633978426, 0.00251710461453, 0.00165775814094, 0.00222280109301, 0.00103079376277, 6.84034021106e-05, 3.09064347448e-07, 3.59505690994e-07],
        "mean": [0.000413380941609, 0.0103467907757, 0.00360492151231, 0.00238950480707, 0.00341586163267, 0.00232768966816, 0.00144074123818, 0.000523893279023, 0.00105616368819, 0.0016205071006, 0.00272401119582, 0.00125417835079, 0.000825020193588, 0.000503257964738, 0.000516771571711, 0.000526032003108, 0.000894631608389, 0.00060742162168, 0.00106649496593, 0.000809491320979, 0.000136380520416, 0.000144081990584, 0.000230425182963, 8.64446919877e-05, 6.46398405024e-07, 1.71640124336e-09, 1.69115177417e-09],
        "min": [2.26602111297e-07, 2.5522953365e-05, 3.96963105231e-06, 1.26307122628e-05, 1.96746204892e-05, 4.11138580603e-06, 1.25193503209e-06, 4.60420295667e-07, 1.02863555185e-06, 5.8150571931e-06, 2.67485063432e-07, 2.90352181764e-06, 9.32814089083e-07, 1.40338295296e-06, 4.85383395699e-07, 3.47362259845e-07, 4.37584458268e-06, 3.78292133973e-06, 4.72652391181e-06, 3.64088737115e-06, 1.48741025896e-06, 8.17704631118e-07, 2.20857077693e-06, 3.26476694568e-08, 1.11222114851e-10, 1.54859125523e-10, 1.82111270508e-10],
        "stdev": [0.000844167720061, 0.0253585930914, 0.0058977981098, 0.00287154340185, 0.00396683113649, 0.00379184843041, 0.00253560976125, 0.00130758259911, 0.00210449635051, 0.00327516533434, 0.00422542495653, 0.00306638632901, 0.00157300964929, 0.00116018229164, 0.00115637492854, 0.00123808882199, 0.00190223776735, 0.000756236084271, 0.00105595914647, 0.000959330354817, 0.000182259216672, 0.000159430637723, 0.000209418605664, 0.000103766098619, 2.67983182312e-06, 7.25431181792e-09, 8.23861867616e-09]
    },
    "erbbands": {
        "max": [8.75097465515, 84.9497070312, 100.590202332, 89.8253707886, 212.287719727, 376.296264648, 344.420715332, 299.795166016, 466.655059814, 419.99130249, 367.819396973, 520.202148438, 742.966125488, 781.809265137, 1032.32092285, 1119.84985352, 771.975158691, 725.155456543, 734.569946289, 514.800598145, 657.20135498, 910.932617188, 482.186828613, 343.936950684, 544.204650879, 375.430175781, 228.934768677, 61.6048202515, 63.1396560669, 67.8609085083, 82.1725845337, 34.3018989563, 14.1770954132, 1.4048101902, 0.03909631446, 0.00207524443977, 0.000589186325669, 0.000217732522287, 0.000202418072149, 0.000478385889437],
        "mean": [0.263825714588, 2.40745782852, 4.50848007202, 6.29990148544, 10.7242565155, 10.8946495056, 12.0923480988, 22.7621479034, 21.5151863098, 17.4391994476, 10.4632778168, 26.0615100861, 47.3961219788, 64.8029708862, 112.13596344, 43.6296653748, 37.0215873718, 28.6988983154, 25.2083034515, 29.9848423004, 35.230255127, 43.4313812256, 36.3706703186, 48.1671981812, 55.2952041626, 32.3514213562, 11.0400409698, 4.45241594315, 4.61460876465, 6.79952859879, 6.49261045456, 3.14080262184, 0.704208850861, 0.0435132905841, 0.00165320071392, 0.000189338898053, 4.89441881655e-05, 1.45720414366e-05, 2.31163394346e-05, 4.54096516478e-05],
        "min": [0.000807656324469, 0.013129147701, 0.0216318238527, 0.103763446212, 0.102531984448, 0.0849129334092, 0.0238377582282, 0.0771347433329, 0.176894307137, 0.154957681894, 0.204353824258, 0.156789109111, 0.418307065964, 0.325713843107, 0.526491880417, 0.22910001874, 0.152560293674, 0.336066514254, 0.318955123425, 0.352788746357, 0.219800874591, 0.269302368164, 0.220510825515, 0.249131187797, 0.231914713979, 0.171103775501, 0.142711177468, 0.0893368199468, 0.0556471087039, 0.0277698673308, 0.0773465409875, 0.0180649403483, 0.000856263504829, 6.19445127086e-05, 1.095182688e-05, 4.85950704388e-06, 2.62624507741e-06, 5.58142914997e-07, 1.39465339544e-06, 2.6874613468e-06],
        "stdev": [0.686968386173, 5.75835895538, 8.15789604187, 6.97671508789, 12.7892780304, 14.42927742, 22.4176292419, 34.8842277527, 35.6655235291, 34.5754470825, 23.1276054382, 52.3265075684, 88.3357849121, 114.388008118, 189.412887573, 92.7095489502, 67.0220565796, 58.4761505127, 45.8452453613, 56.2943496704, 72.5881347656, 86.7057647705, 46.8117866516, 46.4396018982, 55.4490661621, 34.6170845032, 16.1721191406, 5.1119594574, 5.25715827942, 6.58213186264, 6.34781694412, 3.42579984665, 1.05934822559, 0.0951217412949, 0.00292394752614, 0.000200927723199, 3.4499065805e-05, 9.23687912291e-06, 1.53525397764e-05, 3.5760760511e-05]
    },
    "gfcc": {
        "mean": [-3.12862825394, 138.105224609, -157.800567627, 76.9783859253, -67.115737915, 14.7027692795, -13.4485664368, -11.4515628815, -1.24118280411, -33.3959503174, 16.6418552399, -14.5128059387, -3.19006800652],
        "cov": [[885.870239258, -86.6449127197, -206.414627075, -49.53383255, 4.56218004227, 39.0166091919, -6.81723213196, 36.9640846252, -62.656993866, -17.1533222198, 46.5530128479, -29.3089313507, 14.3298950195], [-86.6449127197, 341.838348389, -30.8612232208, -111.546257019, 68.8193740845, -117.137214661, 69.67918396, -89.2137756348, -22.0478076935, -74.0508422852, 21.9435405731, 31.3808116913, -40.9898910522], [-206.414627075, -30.8612232208, 483.19720459, 157.436172485, -151.086761475, 94.3733978271, -93.338760376, 8.30895709991, 84.7889099121, 61.5242652893, -53.3597488403, 1.00294923782, 43.9793777466], [-49.53383255, -111.546257019, 157.436172485, 248.012908936, 50.6601409912, -47.2738227844, -71.1460037231, 79.0209655762, 112.503364563, 42.5135002136, -53.6803321838, 9.88249397278, 57.8748054504], [4.56218004227, 68.8193740845, -151.086761475, 50.6601409912, 284.957763672, -52.7321090698, 36.1817779541, 54.416343689, 56.5293273926, -22.5162258148, 5.47323179245, 3.08691930771, 5.70010089874], [39.0166091919, -117.137214661, 94.3733978271, -47.2738227844, -52.7321090698, 296.097900391, 76.1703567505, -17.5875434875, -55.3293914795, 39.1875724792, 22.3462524414, -48.8696632385, -16.8899707794], [-6.81723213196, 69.67918396, -93.338760376, -71.1460037231, 36.1817779541, 76.1703567505, 240.43586731, -19.0516223907, -84.9174575806, -28.581703186, 54.675239563, 3.7599260807, -65.7956542969], [36.9640846252, -89.2137756348, 8.30895709991, 79.0209655762, 54.416343689, -17.5875434875, -19.0516223907, 151.643295288, 102.946388245, 33.8777275085, -13.8857688904, -7.0031709671, 37.2746887207], [-62.656993866, -22.0478076935, 84.7889099121, 112.503364563, 56.5293273926, -55.3293914795, -84.9174575806, 102.946388245, 216.722320557, 77.857421875, -59.0986366272, 4.84606647491, 47.8510475159], [-17.1533222198, -74.0508422852, 61.5242652893, 42.5135002136, -22.5162258148, 39.1875724792, -28.581703186, 33.8777275085, 77.857421875, 117.133262634, 13.9238452911, -28.6477680206, 15.8095235825], [46.5530128479, 21.9435405731, -53.3597488403, -53.6803321838, 5.47323179245, 22.3462524414, 54.675239563, -13.8857688904, -59.0986366272, 13.9238452911, 105.778640747, 16.6531429291, -38.0330963135], [-29.3089313507, 31.3808116913, 1.00294923782, 9.88249397278, 3.08691930771, -48.8696632385, 3.7599260807, -7.0031709671, 4.84606647491, -28.6477680206, 16.6531429291, 76.6920852661, 7.87104177475], [14.3298950195, -40.9898910522, 43.9793777466, 57.8748054504, 5.70010089874, -16.8899707794, -65.7956542969, 37.2746887207, 47.8510475159, 15.8095235825, -38.0330963135, 7.87104177475, 93.8652191162]],
        "icov": [[0.00160232745111, -0.0013422522461, 0.00204145372845, -0.00184504012577, 0.00147310493048, -0.00167121691629, 0.00116616254672, -0.00122745055705, 0.000368178792996, 0.000502351031173, -0.000905898690689, 0.000482811476104, -0.000414817186538], [-0.0013422522461, 0.0236626993865, -0.0146129662171, 0.0193021353334, -0.0113786645234, 0.0169106945395, -0.0121375499293, 0.0172353256494, -0.0143659459427, 0.0134753976017, -0.00974456313998, 0.00956717226654, -0.00583138829097], [0.00204145372845, -0.0146129662171, 0.0152391353622, -0.0166940335184, 0.0111695118248, -0.0135628739372, 0.00845120474696, -0.00863080658019, 0.00499241612852, -0.00486012175679, 0.00326857878827, -0.00469937175512, 0.00268453871831], [-0.00184504012577, 0.0193021353334, -0.0166940335184, 0.026065967977, -0.0137764429674, 0.0164994914085, -0.00979170110077, 0.0100205875933, -0.00760382274166, 0.00460287416354, -0.00186919292901, 0.00379250524566, -0.00455079274252], [0.00147310493048, -0.0113786645234, 0.0111695118248, -0.0137764429674, 0.0135419033468, -0.00963067542762, 0.00474537303671, -0.00640498101711, 2.74277717836e-05, 0.0010868156096, -0.00153531820979, 2.87385682896e-05, 0.000559995067306], [-0.00167121691629, 0.0169106945395, -0.0135628739372, 0.0164994914085, -0.00963067542762, 0.0184470526874, -0.0108278803527, 0.011226545088, -0.00693098083138, 0.00549560738727, -0.00506535172462, 0.00823979172856, -0.00445814430714], [0.00116616254672, -0.0121375499293, 0.00845120474696, -0.00979170110077, 0.00474537303671, -0.0108278803527, 0.013424010016, -0.0107356039807, 0.00998328160495, -0.0074871876277, 0.0052260030061, -0.00744143733755, 0.00694883242249], [-0.00122745055705, 0.0172353256494, -0.00863080658019, 0.0100205875933, -0.00640498101711, 0.011226545088, -0.0107356039807, 0.0265214107931, -0.0207410007715, 0.0162832476199, -0.014410873875, 0.013124121353, -0.0091775143519], [0.000368178792996, -0.0143659459427, 0.00499241612852, -0.00760382274166, 2.74277717836e-05, -0.00693098083138, 0.00998328160495, -0.0207410007715, 0.0315751694143, -0.0273821502924, 0.0223877727985, -0.0178855974227, 0.00909144803882], [0.000502351031173, 0.0134753976017, -0.00486012175679, 0.00460287416354, 0.0010868156096, 0.00549560738727, -0.0074871876277, 0.0162832476199, -0.0273821502924, 0.0378707945347, -0.0257722437382, 0.0219855643809, -0.0102502582595], [-0.000905898690689, -0.00974456313998, 0.00326857878827, -0.00186919292901, -0.00153531820979, -0.00506535172462, 0.0052260030061, -0.014410873875, 0.0223877727985, -0.0257722437382, 0.0324742272496, -0.0202085506171, 0.0118522625417], [0.000482811476104, 0.00956717226654, -0.00469937175512, 0.00379250524566, 2.87385682896e-05, 0.00823979172856, -0.00744143733755, 0.013124121353, -0.0178855974227, 0.0219855643809, -0.0202085506171, 0.030483270064, -0.0103089055046], [-0.000414817186538, -0.00583138829097, 0.00268453871831, -0.00455079274252, 0.000559995067306, -0.00445814430714, 0.00694883242249, -0.0091775143519, 0.00909144803882, -0.0102502582595, 0.0118522625417, -0.0103089055046, 0.0201562065631]]
    },
    "melbands": {
        "max": [0.0879246741533, 0.0735887512565, 0.0182629320771, 0.021476149559, 0.00903099309653, 0.00650765188038, 0.00646082591265, 0.00547415250912, 0.00330110173672, 0.00342075736262, 0.00383242079988, 0.00335929077119, 0.0034164742101, 0.00374005641788, 0.00226041837595, 0.00159496231936, 0.00164495490026, 0.00137480301782, 0.00110077508725, 0.000758845068049, 0.00106494559441, 0.00136133504566, 0.000663751154207, 0.000249539880315, 0.000345785985701, 0.000574444886297, 0.00044528010767, 0.000320959428791, 0.000246969371801, 0.00010101004591, 2.69084939646e-05, 3.78011754947e-05, 4.66665951535e-05, 3.22362102452e-05, 4.95963759022e-05, 3.08039707306e-05, 1.90458213183e-05, 1.29529798869e-05, 5.62585273656e-06, 5.23435517152e-07],
        "mean": [0.00269102258608, 0.0026543608401, 0.0012434925884, 0.000787551398389, 0.0004421849153, 0.00049262016546, 0.000318164355122, 0.000174543747562, 8.27342228149e-05, 0.000174292072188, 0.000236585736275, 0.000245027942583, 0.000371563510271, 0.000188892692677, 7.39693496143e-05, 8.27498879516e-05, 5.02539296576e-05, 3.98173760914e-05, 4.17989249399e-05, 4.24195277446e-05, 4.21267759521e-05, 4.91444043291e-05, 3.74953633582e-05, 2.69877564278e-05, 4.02925033995e-05, 4.03505182476e-05, 3.89395572711e-05, 1.76173234649e-05, 8.38080450194e-06, 3.57135036211e-06, 2.19274102164e-06, 2.37150698013e-06, 3.16593286698e-06, 4.08231926485e-06, 4.162159712e-06, 2.65738253802e-06, 1.6026835965e-06, 5.77165565119e-07, 1.05069837275e-07, 3.56284313163e-09],
        "min": [1.15471339086e-05, 2.52272420767e-05, 2.56382209045e-05, 1.03635147752e-05, 1.02909518773e-06, 1.56407588747e-06, 1.40758209e-06, 3.27911379827e-07, 3.35054210154e-07, 2.19857554384e-07, 8.52576476973e-07, 7.63835430462e-07, 3.55235769689e-08, 1.78901800041e-07, 1.46507133536e-07, 1.46332141071e-07, 1.72303160184e-07, 1.4938339632e-07, 1.45890666658e-07, 8.01792623406e-08, 1.95993010266e-07, 2.00667798822e-07, 2.71967195431e-07, 1.4528016834e-07, 1.66699891224e-07, 1.72941753362e-07, 1.5454125446e-07, 6.8886720328e-08, 9.93228610469e-08, 1.78155143971e-08, 2.75645284376e-09, 2.82359335912e-09, 1.81144308442e-08, 3.98793531531e-09, 3.64818468768e-08, 1.55221915321e-08, 6.91020463073e-10, 8.98752426648e-12, 1.28030528887e-12, 7.88409214216e-13],
        "stdev": [0.00668592425063, 0.00514199165627, 0.00125897175167, 0.000933142728172, 0.000688906526193, 0.000731326115783, 0.000523764232639, 0.000361879443517, 0.000215662817936, 0.000350749702193, 0.00045965964091, 0.000473776191939, 0.000586898124311, 0.000406156119425, 0.000177431109478, 0.000163108299603, 0.000122072029626, 8.42465015012e-05, 0.000109284257633, 9.178671462e-05, 9.92538844002e-05, 0.00010778822616, 7.65707227401e-05, 3.04538498312e-05, 4.33512032032e-05, 4.46838675998e-05, 4.67171375931e-05, 2.39783839788e-05, 1.55444595293e-05, 5.31073874299e-06, 2.89741842607e-06, 3.06280003315e-06, 3.71260352949e-06, 4.06351136917e-06, 4.24367317464e-06, 2.96241046271e-06, 1.95583061213e-06, 9.32108093821e-07, 2.80186640111e-07, 2.14769322326e-08]
    },
    "melbands128": {
        "max": [0.0107543552294, 0.0633997619152, 0.128662571311, 0.151009470224, 0.077376998961, 0.0296409483999, 0.0223383381963, 0.0260896254331, 0.0221687722951, 0.0221802778542, 0.0250348616391, 0.00966914463788, 0.0149980532005, 0.0161699764431, 0.0100747300312, 0.00724282301962, 0.00978203490376, 0.00700969994068, 0.00931489747018, 0.00785356294364, 0.00995127949864, 0.00350493891165, 0.00505556631833, 0.00706195598468, 0.00539900036529, 0.00721643585712, 0.00669105537236, 0.00697410665452, 0.0080123366788, 0.00737062795088, 0.00640208926052, 0.00657966639847, 0.00641129352152, 0.00747744226828, 0.00860307179391, 0.00535506708547, 0.00660063466057, 0.0047142393887, 0.00481098890305, 0.00353722600266, 0.00366426655091, 0.00345522304997, 0.00226645963266, 0.00285697402433, 0.00217615161091, 0.0029812597204, 0.0019175024936, 0.00257092341781, 0.00209291954525, 0.00146694935393, 0.00135228177533, 0.00268224743195, 0.00130169477779, 0.0023870957084, 0.00301487883553, 0.00219057663344, 0.00212618079968, 0.001743948902, 0.00152409938164, 0.00100066303276, 0.000579635612667, 0.000495647662319, 0.000693516922183, 0.000776339322329, 0.000901143299416, 0.00109226047061, 0.000900800863747, 0.00120639323723, 0.000726593541913, 0.000596233643591, 0.000697689072695, 0.00065442599589, 0.000661505793687, 0.000314492295729, 0.000247452786425, 0.000158773298608, 0.000109253232949, 3.36211705871e-05, 4.40786570834e-05, 4.22791308665e-05, 4.18006857217e-05, 6.16033794358e-05, 4.35930378444e-05, 3.9969701902e-05, 0.000131752749439, 5.402592069e-05, 5.6767170463e-05, 6.74297989463e-05, 7.36734509701e-05, 8.82011154317e-05, 4.266338874e-05, 2.86286813207e-05, 3.91932153434e-05, 2.28025110118e-05, 2.21969421546e-05, 1.75720288098e-05, 2.07279063034e-05, 1.4986615497e-05, 6.91675950293e-06, 3.48524054061e-06, 6.29987539469e-07, 4.09523863709e-07, 6.07548855669e-08, 3.09367931273e-09, 9.44055233987e-09, 6.34391383869e-09, 7.32493132816e-09, 2.09556660913e-09, 2.03326666615e-09, 1.96505656191e-09, 1.9401777962e-09, 1.9030790277e-09, 1.85823201271e-09, 1.80338022293e-09, 1.75532433033e-09, 1.71215663869e-09, 1.6713059825e-09, 1.64342794928e-09, 1.6128619551e-09, 1.58753343804e-09, 1.55699186877e-09, 1.5459686864e-09, 1.50171886037e-09, 1.4734871101e-09, 1.47257828154e-09, 1.46226852848e-09, 1.4418666261e-09, 1.43618039683e-09],
        "mean": [0.000327046349412, 0.00176583149005, 0.00392740825191, 0.00403988035396, 0.00264929188415, 0.00166886555962, 0.00121650076471, 0.00123621313833, 0.0011140370043, 0.000797045940999, 0.000562671630178, 0.000462234165752, 0.000351787661202, 0.0004716021067, 0.000625759246759, 0.000401682395022, 0.000376339186914, 0.000301859050523, 0.000263101654127, 0.000184911463293, 0.000152497988893, 7.17040238669e-05, 6.91406603437e-05, 9.24869309529e-05, 0.000159470073413, 0.000226339237997, 0.00015905869077, 0.000290920637781, 0.000242213704041, 0.000184178832569, 0.000263060326688, 0.000339184538461, 0.00032187285251, 0.000520406290889, 0.000229480152484, 9.59085155046e-05, 9.27363726078e-05, 6.13547090325e-05, 7.41122639738e-05, 7.99712943262e-05, 0.00011354500748, 3.68612527382e-05, 4.38822971773e-05, 6.45252221148e-05, 3.97706062358e-05, 4.11977962358e-05, 2.76581431535e-05, 4.58224385511e-05, 5.03990086145e-05, 2.58117925114e-05, 4.6348257456e-05, 5.84662702749e-05, 1.66538229678e-05, 4.65575394628e-05, 7.40208561183e-05, 4.12458575738e-05, 3.69425724784e-05, 4.17911469413e-05, 3.47505992977e-05, 3.82626058126e-05, 2.02410901693e-05, 2.11192382267e-05, 4.29120773333e-05, 4.39295254182e-05, 4.22098601121e-05, 3.88402368117e-05, 4.03365156671e-05, 4.18656454713e-05, 4.57098867628e-05, 2.37281710724e-05, 1.21260009109e-05, 2.01399398065e-05, 1.3749036043e-05, 4.22068205808e-06, 4.27413806392e-06, 4.80981998408e-06, 2.45042838287e-06, 2.14877036342e-06, 2.15960722016e-06, 2.30584009842e-06, 2.15595241571e-06, 2.39534870161e-06, 2.85301757685e-06, 3.12160614158e-06, 3.60472131433e-06, 3.62815308108e-06, 4.56676116301e-06, 4.43605631517e-06, 4.60641058453e-06, 3.55567726729e-06, 2.79467349174e-06, 2.4473429221e-06, 2.30623209063e-06, 1.6188993186e-06, 1.27446844544e-06, 7.63115167501e-07, 4.44742738637e-07, 2.4740779736e-07, 1.05759681901e-07, 2.68927777825e-08, 4.47867520847e-09, 1.35235778131e-09, 7.56993009943e-11, 1.73185632502e-11, 1.98095723852e-11, 2.31835228098e-11, 2.67485512906e-11, 1.82911324975e-11, 1.16197485661e-11, 1.00757032925e-11, 9.77652247353e-12, 9.47703113902e-12, 9.14861242318e-12, 8.81862204788e-12, 8.56253089265e-12, 8.34781029024e-12, 8.13196298494e-12, 7.94566495932e-12, 7.79139166379e-12, 7.58850534494e-12, 7.40328198051e-12, 7.29507947106e-12, 7.19119642306e-12, 7.03361674459e-12, 6.63800871908e-12, 6.0031515349e-12, 5.64521346336e-12, 5.57359280257e-12],
        "min": [2.52364475983e-08, 2.22162952923e-07, 2.78245443042e-06, 1.18193047456e-05, 5.09231495016e-06, 1.38716995934e-06, 2.23738038585e-06, 4.01551096729e-06, 3.74779574486e-06, 1.32999775815e-06, 8.00221414465e-07, 5.87988076006e-08, 6.92793307167e-08, 1.94151283495e-07, 2.41411385105e-07, 4.3815174422e-07, 4.32594276845e-07, 1.07596363819e-07, 6.76138043332e-08, 6.40698090137e-08, 2.18532800744e-08, 2.59018655413e-08, 2.71403521879e-08, 5.19611020877e-08, 1.77131447288e-08, 1.51061758658e-08, 1.72491780859e-08, 5.56553381159e-08, 3.87579106587e-08, 5.31581108021e-08, 4.01870856592e-08, 3.35623839831e-09, 6.15402750981e-09, 1.10973434886e-08, 1.71208682787e-08, 4.1404351947e-08, 1.42591449759e-08, 2.3707409369e-08, 7.54284190663e-09, 1.79283254909e-08, 1.36332420908e-08, 8.82128858848e-09, 3.99892918779e-08, 2.13960937856e-08, 2.02958840845e-08, 1.21598269232e-08, 2.57318255592e-08, 1.19070850957e-08, 1.77817121028e-08, 2.30212222618e-08, 8.61434035215e-09, 1.05988950949e-08, 1.22940155833e-08, 1.00662935765e-08, 1.86839184124e-08, 1.04069970419e-08, 3.88589915801e-09, 5.01674835007e-09, 4.26826147759e-08, 1.54128212415e-08, 1.09404760806e-08, 4.57688642541e-09, 3.16796722188e-08, 2.71692659481e-08, 4.3643872516e-08, 4.08931342122e-08, 7.25762276943e-08, 1.09406734339e-07, 8.04027635581e-08, 3.61609657773e-08, 3.84638134676e-08, 4.87232973967e-08, 2.89221446792e-08, 3.9219838488e-10, 1.96064071645e-08, 8.09983546901e-09, 5.57748380814e-09, 2.61019184045e-09, 2.61513422029e-10, 5.11046205354e-10, 8.73880245944e-10, 1.47399525918e-09, 6.72740574359e-09, 1.06840607472e-08, 1.23839971611e-09, 1.62216384769e-09, 6.93298130017e-09, 5.19842791036e-09, 2.35185488862e-08, 1.97463467799e-08, 4.37991554136e-09, 3.54146223458e-09, 1.46381173849e-09, 8.21530399264e-10, 2.67393000103e-11, 5.51402369944e-12, 1.92652035817e-12, 1.22166719015e-12, 8.37376880076e-13, 4.57759427152e-13, 5.08757749471e-13, 5.88920134447e-13, 3.78631560783e-13, 6.38261307955e-13, 5.89922967247e-13, 5.6601967037e-13, 6.01889306624e-13, 5.89537099693e-13, 6.02297671373e-13, 6.3803422181e-13, 5.57100806459e-13, 4.6037360122e-13, 5.88020626115e-13, 6.29617289295e-13, 5.46518017473e-13, 6.89962518542e-13, 6.08111000791e-13, 5.84971199084e-13, 6.63309793376e-13, 6.47227822552e-13, 5.80901375179e-13, 6.80004826319e-13, 6.34636820093e-13, 5.96777618642e-13, 4.96947968887e-13, 1.75148131133e-13, 2.39849576289e-14, 6.32928482116e-16],
        "stdev": [0.000760788505431, 0.00491070142016, 0.00995001103729, 0.0097903450951, 0.00551420869306, 0.00254086172208, 0.00154850666877, 0.0016119213542, 0.00148150790483, 0.00116596452426, 0.000935665739235, 0.000729048333596, 0.000837271800265, 0.00118417339399, 0.00113477068953, 0.000675977848005, 0.000748981430661, 0.000640587124508, 0.000617636367679, 0.000491650542244, 0.000469504622743, 0.000220337678911, 0.000259141117567, 0.000394437665818, 0.000420642754762, 0.000567696464714, 0.000441713084001, 0.000749119906686, 0.000765398261137, 0.00063067174051, 0.000719927251339, 0.000838238571305, 0.0007961744559, 0.00118539948016, 0.000782139017247, 0.000400353921577, 0.00036465987796, 0.000236132444115, 0.000282577151665, 0.000199774527573, 0.000296135083772, 0.000145748825162, 0.000155149857164, 0.000211514852708, 0.000124780766782, 0.000130991655169, 0.000103976868559, 0.000169704275322, 0.000173904962139, 8.00786801847e-05, 0.00012905037147, 0.000215256601223, 7.71517588873e-05, 0.000180676361197, 0.000246926007094, 0.000135682857945, 0.000141434793477, 0.000162994605489, 9.22043327591e-05, 7.72707498982e-05, 4.23474048148e-05, 4.50346487924e-05, 7.66124430811e-05, 7.30969841243e-05, 8.51046352182e-05, 7.18818264431e-05, 7.33064225642e-05, 8.78413047758e-05, 7.78783360147e-05, 4.50069383078e-05, 2.88328792521e-05, 4.72665196867e-05, 3.86240135413e-05, 1.19618089229e-05, 9.92757486529e-06, 8.88182421477e-06, 4.66975643576e-06, 3.30747320731e-06, 3.48056778421e-06, 3.34267542712e-06, 3.22346613757e-06, 3.86662441088e-06, 3.90908417103e-06, 4.35952824773e-06, 5.59485260965e-06, 4.45248952019e-06, 5.6031776694e-06, 5.32995090907e-06, 5.94270341026e-06, 5.30531769982e-06, 3.74481578547e-06, 3.09826941702e-06, 2.90401203529e-06, 2.26780025514e-06, 1.93951245819e-06, 1.28185104131e-06, 9.15684438496e-07, 6.83354073772e-07, 3.28672228989e-07, 1.18499848156e-07, 3.14123447254e-08, 1.36020590347e-08, 1.41675371435e-09, 9.69600025269e-11, 2.19169696281e-10, 1.92335675164e-10, 2.14592107972e-10, 7.30088836609e-11, 4.83565618103e-11, 4.56722715203e-11, 4.49502796096e-11, 4.39908838523e-11, 4.28864513347e-11, 4.15935827447e-11, 4.04469270576e-11, 3.94111861202e-11, 3.84509438178e-11, 3.77396724982e-11, 3.70024531848e-11, 3.63844440687e-11, 3.5675663812e-11, 3.53821243138e-11, 3.43912155698e-11, 3.37311879817e-11, 3.36848986204e-11, 3.34399175017e-11, 3.29929659981e-11, 3.28611443612e-11]
    },
    "mfcc": {
        "mean": [-623.016906738, 129.198684692, -15.8974933624, 55.0867271423, -14.5571146011, 23.4459533691, -7.03766584396, 34.4733581543, -28.6255340576, 22.1612968445, -19.6233482361, 7.02041959763, -5.27174377441],
        "cov": [[1014.21942139, -152.356124878, -170.004364014, -97.9526519775, -15.9387483597, -61.4227676392, 63.5213699341, -16.5391044617, -37.8587188721, 18.2682151794, -40.3856735229, -25.9934501648, -18.5288925171], [-152.356124878, 527.06060791, -254.76071167, 44.0828285217, -99.3634414673, 20.0983085632, -6.31397008896, 91.5881881714, -164.667205811, -3.31888389587, 5.36518096924, -86.4626159668, -15.2526941299], [-170.004364014, -254.76071167, 707.943054199, -112.101112366, 42.031665802, 56.2192573547, -52.5411872864, -130.471405029, 151.016189575, -87.4525680542, 87.3694534302, 43.9014892578, -48.5082435608], [-97.9526519775, 44.0828285217, -112.101112366, 338.846679688, 69.2930526733, -81.612701416, -109.950332642, 58.0116729736, 41.4708480835, 15.9517221451, -50.0291976929, 48.7490158081, 49.895275116], [-15.9387483597, -99.3634414673, 42.031665802, 69.2930526733, 272.718505859, -66.4339828491, -88.8678436279, -31.8404693604, 137.859832764, 3.85764741898, -30.8716144562, 56.4818534851, 50.4301605225], [-61.4227676392, 20.0983085632, 56.2192573547, -81.612701416, -66.4339828491, 204.655227661, 78.8832702637, 14.3377180099, -44.5726966858, 33.4856529236, 27.2132396698, -29.5864429474, -33.8866462708], [63.5213699341, -6.31397008896, -52.5411872864, -109.950332642, -88.8678436279, 78.8832702637, 256.954803467, 33.8275680542, -90.3942947388, 11.2688951492, 32.9503746033, -42.7129669189, -22.3874645233], [-16.5391044617, 91.5881881714, -130.471405029, 58.0116729736, -31.8404693604, 14.3377180099, 33.8275680542, 155.405288696, -45.1243133545, 21.8361358643, -4.14422750473, -26.0926017761, 3.34266066551], [-37.8587188721, -164.667205811, 151.016189575, 41.4708480835, 137.859832764, -44.5726966858, -90.3942947388, -45.1243133545, 266.608978271, 6.10371732712, -5.86911201477, 83.1446228027, 34.3249664307], [18.2682151794, -3.31888389587, -87.4525680542, 15.9517221451, 3.85764741898, 33.4856529236, 11.2688951492, 21.8361358643, 6.10371732712, 167.586547852, -20.4918403625, 13.1702632904, 12.2016305923], [-40.3856735229, 5.36518096924, 87.3694534302, -50.0291976929, -30.8716144562, 27.2132396698, 32.9503746033, -4.14422750473, -5.86911201477, -20.4918403625, 151.445297241, -14.4664421082, -20.4799003601], [-25.9934501648, -86.4626159668, 43.9014892578, 48.7490158081, 56.4818534851, -29.5864429474, -42.7129669189, -26.0926017761, 83.1446228027, 13.1702632904, -14.4664421082, 175.653564453, 42.9710693359], [-18.5288925171, -15.2526941299, -48.5082435608, 49.895275116, 50.4301605225, -33.8866462708, -22.3874645233, 3.34266066551, 34.3249664307, 12.2016305923, -20.4799003601, 42.9710693359, 118.919128418]],
        "icov": [[0.00127904769033, 0.000661753758322, 0.000545932853129, 0.000477143883472, 6.75324845361e-05, 0.000481177063193, -2.31776266446e-05, 7.67471574363e-05, 0.000167303180206, -1.66192639881e-05, 0.000159395596711, 0.000165799006936, 0.000329570262693], [0.000661753758322, 0.00339635438286, 0.0011707583908, 9.74625800154e-05, 0.00040983769577, -0.000275845522992, 0.00114403280895, -0.000726167985704, 0.00124617747497, 0.000480518996483, -0.000513198552653, 0.000725210062228, 0.000199344518478], [0.000545932853129, 0.0011707583908, 0.00292361783795, 0.000532472622581, 0.00016552885063, -0.000976865994744, 0.00077149894787, 0.00107879692223, -0.00089081551414, 0.00127624964807, -0.00107825675514, -8.45449831104e-05, 0.000941776379477], [0.000477143883472, 9.74625800154e-05, 0.000532472622581, 0.00467249797657, -0.000343519524904, 0.00101545767393, 0.00156719295774, -0.00190341111738, -3.51446069544e-05, -0.000105575330963, 0.000562238390557, -0.000741384748835, -0.000487132667331], [6.75324845361e-05, 0.00040983769577, 0.00016552885063, -0.000343519524904, 0.00564367696643, 0.000635387084913, 0.000682375510223, 0.000416086782934, -0.00217033806257, -2.78362913377e-05, 0.000461874704342, 0.000137310329592, -0.00116152409464], [0.000481177063193, -0.000275845522992, -0.000976865994744, 0.00101545767393, 0.000635387084913, 0.00710141146556, -0.00141971022822, -0.000780456524808, 0.000428216531873, -0.00198011938483, 4.56630041299e-05, 0.00019688915927, 0.000740149465855], [-2.31776266446e-05, 0.00114403280895, 0.00077149894787, 0.00156719295774, 0.000682375510223, -0.00141971022822, 0.00615440076217, -0.00133076950442, 0.00125722482335, 0.000157688060426, -0.000909253489226, 0.000161815260071, -0.000291762728011], [7.67471574363e-05, -0.000726167985704, 0.00107879692223, -0.00190341111738, 0.000416086782934, -0.000780456524808, -0.00133076950442, 0.00902035087347, -0.000268530420726, -0.000321805797284, -0.000421649194323, 0.000777296198066, 1.16058217827e-05], [0.000167303180206, 0.00124617747497, -0.00089081551414, -3.51446069544e-05, -0.00217033806257, 0.000428216531873, 0.00125722482335, -0.000268530420726, 0.00710676331073, -0.000700579024851, -0.000301385647617, -0.00132498319726, -0.00042863964336], [-1.66192639881e-05, 0.000480518996483, 0.00127624964807, -0.000105575330963, -2.78362913377e-05, -0.00198011938483, 0.000157688060426, -0.000321805797284, -0.000700579024851, 0.00720884930342, 0.000389497407014, -0.000524737872183, -0.000170529572642], [0.000159395596711, -0.000513198552653, -0.00107825675514, 0.000562238390557, 0.000461874704342, 4.56630041299e-05, -0.000909253489226, -0.000421649194323, -0.000301385647617, 0.000389497407014, 0.00783743243665, 0.000149343584781, 0.000283905596007], [0.000165799006936, 0.000725210062228, -8.45449831104e-05, -0.000741384748835, 0.000137310329592, 0.00019688915927, 0.000161815260071, 0.000777296198066, -0.00132498319726, -0.000524737872183, 0.000149343584781, 0.0075830402784, -0.00187618657947], [0.000329570262693, 0.000199344518478, 0.000941776379477, -0.000487132667331, -0.00116152409464, 0.000740149465855, -0.000291762728011, 1.16058217827e-05, -0.00042863964336, -0.000170529572642, 0.000283905596007, -0.00187618657947, 0.0105908354744]]
    },
    "spectral_contrast_coeffs": {
        "max": [-0.494733601809, -0.469118148088, -0.380222260952, -0.48811981082, -0.506702423096, -0.44220739603],
        "mean": [-0.720996499062, -0.710922122002, -0.681042671204, -0.722507655621, -0.708834052086, -0.635591864586],
        "min": [-0.929562091827, -0.901627898216, -0.90915453434, -0.915144085884, -0.870720982552, -0.870658278465],
        "stdev": [0.055197391659, 0.0772299245, 0.101659543812, 0.0814302787185, 0.0765723511577, 0.0474564582109]
    },
    "spectral_contrast_valleys": {
        "max": [-4.75936412811, -4.46455955505, -5.41875982285, -6.18792629242, -5.83680820465, -9.24774551392],
        "mean": [-6.23482656479, -6.95060253143, -7.55690526962, -8.06949329376, -7.52786111832, -11.4532384872],
        "min": [-8.16878223419, -9.00439929962, -9.67060375214, -9.77953052521, -9.53924369812, -15.612912178],
        "stdev": [0.481852322817, 0.550327181816, 0.576088905334, 0.54859316349, 0.518165528774, 0.947997331619]
    }
},
"rhythm": {
    "beats_count": 82,
    "beats_loudness": {
        "max": 0.236542746425,
        "mean": 0.0435522720218,
        "min": 0.0108624463901,
        "stdev": 0.0267918594182
    },
    "bpm": 101.628822327,
    "bpm_histogram_first_peak_bpm": 101,
    "bpm_histogram_first_peak_weight": 0.341772139072,
    "bpm_histogram_second_peak_bpm": 108,
    "bpm_histogram_second_peak_spread": 0.5,
    "bpm_histogram_second_peak_weight": 0.0123456791043,
    "danceability": 1.57540476322,
    "onset_rate": 3.1376953125,
    "beats_loudness_band_ratio": {
        "max": [0.918298661709, 0.519098997116, 0.500709295273, 0.648096501827, 0.541996777058, 0.220978707075],
        "mean": [0.477597594261, 0.144692391157, 0.111614212394, 0.165664553642, 0.086094468832, 0.0588172078133],
        "min": [0.112484544516, 0.00882052537054, 0.0101816039532, 0.00428643682972, 0.00472601782531, 0.00945683382452],
        "stdev": [0.197169795632, 0.110115602612, 0.102403573692, 0.159257292747, 0.0953798890114, 0.0390627793968]
    },
