{
"metadata": {
    "version": {
        "essentia": "2.1-beta5",
        "essentia_git_sha": "Undefined",
        "extractor": "music 2.0"
    },
    "audio_properties": {
        "analysis": {
            "equal_loudness": 0,
            "length": 52.2448997498,
            "sample_rate": 44100,
            "start_time": 77.7520217896,
            "downmix": "mix"
        },
        "bit_rate": 192000,
        "length": 194.002731323,
        "lossless": 0,
        "number_channels": 2,
        "replay_gain": 0.376323699951,
        "sample_rate": 48000,
        "codec": "mp3",
        "md5_encoded": "38b8e5b8fd32813bba75f017c3b93aff"
    },
    "tags": {
        "file_name": "Moldova_Wild Soul_Cristina Scarlat.mp3",
        "encoding": ["Lavf58.29.100"]
    }
},
"lowlevel": {
    "average_loudness": 0.966054081917,
    "barkbands_crest": {
        "max": 25.230840683,
        "mean": 10.239812851,
        "min": 2.56029582024,
        "stdev": 4.66250991821
    },
    "barkbands_flatness_db": {
        "max": 0.341415971518,
        "mean": 0.169815734029,
        "min": 0.0650354847312,
        "stdev": 0.0415807254612
    },
    "barkbands_kurtosis": {
        "max": 89.4194793701,
        "mean": 1.57361912727,
        "min": -1.93070483208,
        "stdev": 5.81615781784
    },
    "barkbands_skewness": {
        "max": 8.58877086639,
        "mean": 0.999063670635,
        "min": -1.65167140961,
        "stdev": 1.07054495811
    },
    "barkbands_spread": {
        "max": 97.9177780151,
        "mean": 33.2402267456,
        "min": 2.02939200401,
        "stdev": 15.9971675873
    },
    "dissonance": {
        "max": 0.500000059605,
        "mean": 0.470694601536,
        "min": 0.35739082098,
        "stdev": 0.0229969955981
    },
    "dynamic_complexity": 2.23161363602,
    "erbbands_crest": {
        "max": 28.5953712463,
        "mean": 10.3154001236,
        "min": 2.26532459259,
        "stdev": 5.45128297806
    },
    "erbbands_flatness_db": {
        "max": 0.345298469067,
        "mean": 0.202468335629,
        "min": 0.120404615998,
        "stdev": 0.0384761691093
    },
    "erbbands_kurtosis": {
        "max": 16.8207893372,
        "mean": 0.0223152823746,
        "min": -1.89437437057,
        "stdev": 1.76980948448
    },
    "erbbands_skewness": {
        "max": 3.78441691399,
        "mean": -0.0319339632988,
        "min": -3.48872160912,
        "stdev": 0.941267371178
    },
    "erbbands_spread": {
        "max": 143.264343262,
        "mean": 45.2358589172,
        "min": 8.06676387787,
        "stdev": 20.0345287323
    },
    "hfc": {
        "max": 76.3991012573,
        "mean": 25.4001636505,
        "min": 0.669143557549,
        "stdev": 14.288939476
    },
    "loudness_ebu128": {
        "integrated": -23.700012207,
        "loudness_range": 2.10565567017,
        "momentary": {
            "max": -20.7720050812,
            "mean": -24.0531215668,
            "min": -32.3891906738,
            "stdev": 1.99326431751
        },
        "short_term": {
            "max": -22.2137317657,
            "mean": -23.854101181,
            "min": -29.4207859039,
            "stdev": 1.06047379971
        }
    },
    "melbands_crest": {
        "max": 32.2762908936,
        "mean": 14.2119722366,
        "min": 3.8278439045,
        "stdev": 5.69079685211
    },
    "melbands_flatness_db": {
        "max": 0.427279740572,
        "mean": 0.176329255104,
        "min": 0.0414574667811,
        "stdev": 0.0598925426602
    },
    "melbands_kurtosis": {
        "max": 236.401367188,
        "mean": 9.70343589783,
        "min": -1.68566823006,
        "stdev": 15.9909114838
    },
    "melbands_skewness": {
        "max": 11.7208881378,
        "mean": 2.31057715416,
        "min": -0.412041634321,
        "stdev": 1.49544751644
    },
    "melbands_spread": {
        "max": 184.657516479,
        "mean": 38.5926589966,
        "min": 1.59239900112,
        "stdev": 23.1267623901
    },
    "pitch_salience": {
        "max": 0.826096057892,
        "mean": 0.542586803436,
        "min": 0.189447909594,
        "stdev": 0.123516798019
    },
    "silence_rate_20dB": {
        "max": 1,
        "mean": 1,
        "min": 1,
        "stdev": 0
    },
    "silence_rate_30dB": {
        "max": 1,
        "mean": 1,
        "min": 1,
        "stdev": 0
    },
    "silence_rate_60dB": {
        "max": 1,
        "mean": 0.0133274104446,
        "min": 0,
        "stdev": 0.1146716699
    },
    "spectral_centroid": {
        "max": 4540.46240234,
        "mean": 1992.88647461,
        "min": 291.095550537,
        "stdev": 741.055908203
    },
    "spectral_complexity": {
        "max": 51,
        "mean": 18.5357627869,
        "min": 1,
        "stdev": 8.63768291473
    },
    "spectral_decrease": {
        "max": -2.77816269989e-10,
        "mean": -5.52491385974e-09,
        "min": -2.32781669496e-08,
        "stdev": 3.26196469835e-09
    },
    "spectral_energy": {
        "max": 0.0903648138046,
        "mean": 0.0231561679393,
        "min": 0.00128308217973,
        "stdev": 0.01306471508
    },
    "spectral_energyband_high": {
        "max": 0.00839632470161,
        "mean": 0.00128478591796,
        "min": 1.14047418265e-06,
        "stdev": 0.00109819928184
    },
    "spectral_energyband_low": {
        "max": 0.0436322242022,
        "mean": 0.00557395722717,
        "min": 4.64927215944e-05,
        "stdev": 0.00652165431529
    },
    "spectral_energyband_middle_high": {
        "max": 0.0344828553498,
        "mean": 0.00679986551404,
        "min": 4.45880141342e-05,
        "stdev": 0.00665430631489
    },
    "spectral_energyband_middle_low": {
        "max": 0.0760975778103,
        "mean": 0.0100721977651,
        "min": 0.000375931966119,
        "stdev": 0.00934719014913
    },
    "spectral_entropy": {
        "max": 8.38136196136,
        "mean": 7.59008312225,
        "min": 5.92130756378,
        "stdev": 0.422151535749
    },
    "spectral_flux": {
        "max": 0.235071733594,
        "mean": 0.0882827937603,
        "min": 0.0158148203045,
        "stdev": 0.0378444753587
    },
    "spectral_kurtosis": {
        "max": 28.7748641968,
        "mean": 1.65177226067,
        "min": -1.24403166771,
        "stdev": 2.41986560822
    },
    "spectral_rms": {
        "max": 0.00938939768821,
        "mean": 0.00453473487869,
        "min": 0.00111883308273,
        "stdev": 0.00142394949216
    },
    "spectral_rolloff": {
        "max": 8161.08398438,
        "mean": 2504.76464844,
        "min": 64.599609375,
        "stdev": 1695.42028809
    },
    "spectral_skewness": {
        "max": 3.60262560844,
        "mean": 0.739489614964,
        "min": -0.468273073435,
        "stdev": 0.399563610554
    },
    "spectral_spread": {
        "max": 8605488,
        "mean": 4004670.75,
        "min": 1533297.25,
        "stdev": 1039577.25
    },
    "spectral_strongpeak": {
        "max": 11.7279911041,
        "mean": 1.34681904316,
        "min": 0,
        "stdev": 1.65284717083
    },
    "zerocrossingrate": {
        "max": 0.2294921875,
        "mean": 0.0809421092272,
        "min": 0.009765625,
        "stdev": 0.0351536981761
    },
    "barkbands": {
        "max": [0.00281305215321, 0.0427341721952, 0.0182529352605, 0.0180702973157, 0.0524426065385, 0.0404157079756, 0.0334083735943, 0.0153394220397, 0.0301558487117, 0.030273694545, 0.0245849713683, 0.0169017780572, 0.0130446078256, 0.0142152439803, 0.0135447066277, 0.00595569610596, 0.01207302697, 0.0121383480728, 0.00951565988362, 0.00809497013688, 0.00225616223179, 0.00512417266145, 0.00341496779583, 0.00158112519421, 7.6108466601e-05, 5.31236673851e-06, 5.24746474184e-06],
        "mean": [0.000190299353562, 0.00396144483238, 0.00102351082023, 0.000891916046385, 0.00247787474655, 0.00371614121832, 0.000714366557077, 0.000480269343825, 0.00152565632015, 0.00119227205869, 0.000707271974534, 0.000569251715206, 0.000488655001391, 0.000403469137382, 0.00050020951312, 0.000386996369343, 0.00052398245316, 0.00070435233647, 0.000916148885153, 0.000762766925618, 0.000217136534047, 0.000324276275933, 0.000349249981809, 0.000127141247503, 1.52032566803e-06, 3.93274568466e-09, 3.33254734919e-09],
        "min": [1.1848776893e-07, 3.21131756209e-06, 1.21470793601e-06, 2.81722577711e-06, 2.19535540964e-05, 1.8441276552e-05, 4.58995282315e-06, 7.5459411164e-07, 4.21019740315e-06, 3.26480545709e-07, 6.65367906549e-07, 1.60672323091e-06, 8.853073723e-07, 7.12684311566e-07, 1.98546717911e-06, 1.20428649097e-06, 7.24903770788e-07, 9.17070053674e-07, 6.55709925468e-07, 7.13053225354e-07, 8.72443095545e-08, 7.3680283208e-08, 3.33785082907e-10, 1.35803104873e-10, 7.56895310317e-11, 1.24605881169e-10, 1.64241786837e-10],
        "stdev": [0.00028379180003, 0.00568169215694, 0.0020640087314, 0.00196172948927, 0.00453667994589, 0.00607360573485, 0.0015038306592, 0.00121931708418, 0.00381764560007, 0.00361410132609, 0.00212789699435, 0.00136525707785, 0.00109767913818, 0.000977519433945, 0.00094099767739, 0.000701212207787, 0.00106450589374, 0.0011661183089, 0.00120276398957, 0.000917371362448, 0.000242216978222, 0.000449756276794, 0.000356379168807, 0.000171455394593, 4.60878709418e-06, 1.11963956329e-07, 1.1058057936e-07]
    },
    "erbbands": {
        "max": [1.46561765671, 8.64032936096, 17.0829334259, 41.1385879517, 129.984619141, 247.779159546, 497.842071533, 478.877075195, 575.74822998, 453.969207764, 449.074798584, 911.243164062, 1163.47375488, 1082.83166504, 1143.41113281, 749.108886719, 671.222290039, 808.862121582, 691.093811035, 495.967163086, 346.328063965, 794.018859863, 766.217224121, 458.447967529, 574.878112793, 377.876251221, 113.428031921, 98.3885192871, 137.060424805, 162.050613403, 89.5695419312, 47.6555099487, 19.3049964905, 1.81803607941, 0.0507973060012, 0.0221172012389, 0.0097191510722, 0.00334189133719, 0.000755099696107, 0.000105935389001],
        "mean": [0.134227514267, 0.800345957279, 1.2878818512, 2.17584466934, 5.38809347153, 8.29842185974, 18.935005188, 34.0490379333, 14.0641212463, 7.91492414474, 13.803604126, 40.1614303589, 30.1025791168, 38.8313674927, 33.3964576721, 21.6706638336, 21.9579372406, 21.8024845123, 29.4353542328, 21.7797527313, 22.2406768799, 29.1737041473, 38.1410942078, 37.5841522217, 54.743976593, 36.7927818298, 11.1563386917, 8.84369564056, 10.997168541, 12.7074537277, 9.12283229828, 4.15121078491, 1.35912847519, 0.0997975841165, 0.00337833748199, 0.000315634417348, 6.77487187204e-05, 1.98903635464e-05, 1.83603424375e-05, 3.03386950691e-05],
        "min": [6.71870584483e-05, 0.0010686138412, 0.00318543589674, 0.0182979889214, 0.0350685380399, 0.0558688379824, 0.15228061378, 0.206509634852, 0.197277054191, 0.150125861168, 0.0763537436724, 0.143756955862, 0.153488978744, 0.0567430183291, 0.115413181484, 0.0975809171796, 0.0643753707409, 0.058990303427, 0.076137624681, 0.0888823270798, 0.0914447382092, 0.0560847558081, 0.0667200610042, 0.041682202369, 0.0279017817229, 0.0392628051341, 0.0195336192846, 0.0168305877596, 0.00173858134076, 0.000350032525603, 2.34113067563e-05, 7.3029136729e-06, 5.36971037945e-06, 3.48427806784e-06, 2.4191213015e-06, 1.86563931948e-06, 1.09188977149e-06, 2.44383102199e-07, 1.0140639688e-06, 2.09332938539e-06],
        "stdev": [0.223827794194, 1.14959275723, 2.16816473007, 4.19022941589, 10.4307174683, 17.7852954865, 35.4961967468, 62.2086830139, 25.7906913757, 17.4660224915, 31.9471702576, 104.2629776, 79.6318740845, 123.436347961, 94.0332641602, 44.4315681458, 46.4372253418, 47.7885360718, 55.4741210938, 39.4503097534, 35.388671875, 62.6562995911, 67.4065856934, 48.5363388062, 67.9599380493, 42.6549835205, 10.9068012238, 10.3256483078, 15.4554643631, 14.7923460007, 9.53898048401, 5.25732803345, 1.94988977909, 0.171042352915, 0.00541523937136, 0.000592617900111, 0.000211475839023, 7.15298301657e-05, 1.78151294676e-05, 1.56468722707e-05]
    },
    "gfcc": {
        "mean": [-17.6364212036, 118.773796082, -160.875274658, 77.7761459351, -79.1059799194, 11.4035434723, -22.4216842651, -13.4583492279, 2.89287686348, -24.0858840942, 15.1640520096, -11.4271144867, 1.8587898016],
        "cov": [[1986.29882812, -521.879821777, -387.0206604, 98.24193573, -87.8607025146, 240.654968262, -66.6876907349, 128.495132446, -122.633934021, -94.5737228394, 32.6799316406, -128.696762085, 15.5910282135], [-521.879821777, 745.426025391, -10.4434356689, -172.324020386, 289.690887451, -210.671630859, 149.331054688, -64.710395813, 59.1159591675, -3.71120214462, 54.3462181091, 10.7629318237, -39.0667381287], [-387.0206604, -10.4434356689, 675.194335938, 140.529998779, -213.631973267, 112.984130859, -85.2614135742, -55.584728241, 23.3061828613, 61.3201942444, -52.097442627, 43.4790039062, 49.6225204468], [98.24193573, -172.324020386, 140.529998779, 224.842422485, -14.7236509323, 15.1766786575, -69.1611785889, 20.5923042297, 27.2961502075, 9.33095741272, -12.8091564178, 20.7613697052, 39.6914825439], [-87.8607025146, 289.690887451, -213.631973267, -14.7236509323, 346.387542725, -103.500091553, 100.688621521, 24.8881187439, 37.2579917908, -9.46832561493, 53.1292991638, 12.7683086395, -11.4092035294], [240.654968262, -210.671630859, 112.984130859, 15.1766786575, -103.500091553, 355.948791504, 75.2173156738, 15.7377462387, -62.2091445923, 14.356713295, -18.4366455078, -40.8337936401, -6.78954839706], [-66.6876907349, 149.331054688, -85.2614135742, -69.1611785889, 100.688621521, 75.2173156738, 276.444732666, 49.6493835449, -18.5491104126, -3.19436120987, 43.5955085754, -9.24131298065, -34.5664253235], [128.495132446, -64.710395813, -55.584728241, 20.5923042297, 24.8881187439, 15.7377462387, 49.6493835449, 142.2628479, 43.2781333923, -5.41390037537, 9.88524913788, -18.1843280792, 13.4353380203], [-122.633934021, 59.1159591675, 23.3061828613, 27.2961502075, 37.2579917908, -62.2091445923, -18.5491104126, 43.2781333923, 135.609939575, 42.8913040161, -7.33326482773, 21.6565589905, 7.03768873215], [-94.5737228394, -3.71120214462, 61.3201942444, 9.33095741272, -9.46832561493, 14.356713295, -3.19436120987, -5.41390037537, 42.8913040161, 89.1425094604, 22.6647777557, 13.4110603333, 6.12572717667], [32.6799316406, 54.3462181091, -52.097442627, -12.8091564178, 53.1292991638, -18.4366455078, 43.5955085754, 9.88524913788, -7.33326482773, 22.6647777557, 115.317855835, 41.777305603, 5.65568733215], [-128.696762085, 10.7629318237, 43.4790039062, 20.7613697052, 12.7683086395, -40.8337936401, -9.24131298065, -18.1843280792, 21.6565589905, 13.4110603333, 41.777305603, 100.665283203, 43.0936393738], [15.5910282135, -39.0667381287, 49.6225204468, 39.6914825439, -11.4092035294, -6.78954839706, -34.5664253235, 13.4353380203, 7.03768873215, 6.12572717667, 5.65568733215, 43.0936393738, 94.6283950806]],
        "icov": [[0.001055834, -0.000135853755637, 0.00101000256836, -0.000970337365288, 0.000621263403445, -0.000935764284804, 0.00067184708314, -0.000478365429444, 0.000222376489546, 0.000759580056183, -0.0010724470485, 0.0011867483845, -0.000573638244532], [-0.000135853755637, 0.00979399122298, -0.00596161419526, 0.00850539468229, -0.00809691566974, 0.00483566895127, -0.00436710659415, 0.00709993112832, -0.00653075240552, 0.00555429747328, -0.00476160738617, 0.00716433767229, -0.00246000732295], [0.00101000256836, -0.00596161419526, 0.0070658409968, -0.00733796134591, 0.00674046576023, -0.0041733533144, 0.00277429609559, -0.0034597015474, 0.00348133710213, -0.00379270361736, 0.00281986570917, -0.00414182897657, 0.00046709596063], [-0.000970337365288, 0.00850539468229, -0.00733796134591, 0.0143357086927, -0.00866213999689, 0.00428606709465, -0.00237133144401, 0.00465875957161, -0.00587456021458, 0.00455705076456, -0.00306762335822, 0.00452049588785, -0.00249170372263], [0.000621263403445, -0.00809691566974, 0.00674046576023, -0.00866213999689, 0.0118806920946, -0.00335210864432, 0.00172272033524, -0.00465979194269, 0.00344081758521, -0.00336298998445, 0.0019443614874, -0.00456923153251, 0.00106274220161], [-0.000935764284804, 0.00483566895127, -0.0041733533144, 0.00428606709465, -0.00335210864432, 0.00744319194928, -0.0043314746581, 0.00295967399143, -0.000948024855461, 0.000246095180046, -0.000681283243466, 0.00361902685836, -0.000884100678377], [0.00067184708314, -0.00436710659415, 0.00277429609559, -0.00237133144401, 0.00172272033524, -0.0043314746581, 0.0084831872955, -0.00622920040041, 0.00442297942936, -0.00224586599506, 0.000709653773811, -0.00397528009489, 0.00309069361538], [-0.000478365429444, 0.00709993112832, -0.0034597015474, 0.00465875957161, -0.00465979194269, 0.00295967399143, -0.00622920040041, 0.0176285114139, -0.0118835018948, 0.00779725424945, -0.00657543772832, 0.0104957744479, -0.00626539671794], [0.000222376489546, -0.00653075240552, 0.00348133710213, -0.00587456021458, 0.00344081758521, -0.000948024855461, 0.00442297942936, -0.0118835018948, 0.0197912808508, -0.012401483953, 0.00870477315038, -0.0102428263053, 0.00503055378795], [0.000759580056183, 0.00555429747328, -0.00379270361736, 0.00455705076456, -0.00336298998445, 0.000246095180046, -0.00224586599506, 0.00779725424945, -0.012401483953, 0.0219469424337, -0.0102372113615, 0.00841971300542, -0.00379078788683], [-0.0010724470485, -0.00476160738617, 0.00281986570917, -0.00306762335822, 0.0019443614874, -0.000681283243466, 0.000709653773811, -0.00657543772832, 0.00870477315038, -0.0102372113615, 0.0185588039458, -0.0131389955059, 0.00428681494668], [0.0011867483845, 0.00716433767229, -0.00414182897657, 0.00452049588785, -0.00456923153251, 0.00361902685836, -0.00397528009489, 0.0104957744479, -0.0102428263053, 0.00841971300542, -0.0131389955059, 0.0264701768756, -0.0112479450181], [-0.000573638244532, -0.00246000732295, 0.00046709596063, -0.00249170372263, 0.00106274220161, -0.000884100678377, 0.00309069361538, -0.00626539671794, 0.00503055378795, -0.00379078788683, 0.00428681494668, -0.0112479450181, 0.017267357558]]
    },
    "melbands": {
        "max": [0.0128755308688, 0.0071397847496, 0.00869778171182, 0.0135423047468, 0.0136355683208, 0.00930873677135, 0.00790177378803, 0.00472073350102, 0.00382833951153, 0.00600993307307, 0.00573796033859, 0.00486829644069, 0.00360147329047, 0.00205545290373, 0.00175360718276, 0.00172063813079, 0.00179411994759, 0.00149377307389, 0.00104307197034, 0.000590604322497, 0.000535270723049, 0.000752866268158, 0.000975438742898, 0.000941569858696, 0.000434696761658, 0.000437529088231, 0.000401183788199, 0.000273991812719, 9.20681195566e-05, 6.01302381256e-05, 6.09181734035e-05, 8.86870911927e-05, 0.000133396650199, 0.000100542056316, 6.26642649877e-05, 4.90750098834e-05, 3.31613664457e-05, 2.05665492103e-05, 4.91770060762e-06, 3.94733035591e-07],
        "mean": [0.00114944193047, 0.000791334314272, 0.000468179263407, 0.000497177767102, 0.000612580450252, 0.000727248785552, 0.000197494780878, 8.42249210109e-05, 0.000118458206998, 0.000258891668636, 0.000146202321048, 0.00016026024241, 0.000104608567199, 7.52431515139e-05, 4.05327882618e-05, 5.19837849424e-05, 3.83202059311e-05, 4.77373796457e-05, 3.15435318043e-05, 2.81468892354e-05, 2.58861582552e-05, 2.93357297778e-05, 3.32322815666e-05, 3.41449813277e-05, 2.88436003757e-05, 3.64501829608e-05, 3.86635074392e-05, 2.09514328162e-05, 6.75285855323e-06, 5.25124460182e-06, 4.9785662668e-06, 6.09035214438e-06, 6.60076193526e-06, 7.34186687623e-06, 5.80661117056e-06, 3.58155307367e-06, 2.08421442949e-06, 1.12936629648e-06, 2.73947193818e-07, 1.1115156795e-08],
        "min": [8.16901490452e-07, 2.76703622148e-06, 4.05181253882e-06, 4.69056794827e-06, 4.70016857435e-06, 4.96998927701e-06, 1.62047786034e-06, 4.68177347557e-07, 2.58184172708e-07, 7.30424403628e-07, 5.53487609523e-07, 9.87247332773e-08, 3.36476603024e-07, 2.43478751827e-07, 5.0510326588e-08, 1.12204908476e-07, 9.20846545682e-08, 1.03154086162e-07, 1.58909585934e-07, 6.54029790326e-08, 7.64349223914e-08, 3.41368036061e-08, 3.71448827252e-08, 4.61920066641e-08, 2.80934830954e-08, 1.7889368209e-08, 1.64230229416e-08, 2.46231852685e-08, 8.855460365e-09, 8.68608407423e-10, 1.56871471368e-09, 1.65876964942e-10, 1.89497348368e-10, 7.31596797032e-11, 2.01899478039e-12, 2.36220504962e-12, 1.40271821936e-12, 1.68859717875e-12, 7.42982606862e-13, 6.30410274764e-13],
        "stdev": [0.00172749976628, 0.00106238434091, 0.000831920129713, 0.000935046351515, 0.00110675895121, 0.00126591813751, 0.000367433618521, 0.000186763179954, 0.000273314712103, 0.000686634506565, 0.000412251683883, 0.000532516161911, 0.000297988328384, 0.000176310888492, 9.23439656617e-05, 0.000124808822875, 9.80948898359e-05, 9.71254557953e-05, 6.14868622506e-05, 5.63875910302e-05, 4.54333239759e-05, 6.77034986438e-05, 6.86260609655e-05, 6.31634320598e-05, 4.27829472756e-05, 4.98801018693e-05, 4.91983773827e-05, 2.71342723863e-05, 7.95542200649e-06, 6.46184707875e-06, 6.4782748268e-06, 8.79796061781e-06, 1.01110645119e-05, 8.24658400234e-06, 6.26613700661e-06, 4.4722023631e-06, 3.00461874758e-06, 1.68414260315e-06, 4.76882860312e-07, 3.87522938183e-08]
    },
    "melbands128": {
        "max": [0.00242447340861, 0.0129980072379, 0.0216582547873, 0.0152502814308, 0.0098444018513, 0.00859716534615, 0.00991082005203, 0.0115972040221, 0.016920555383, 0.0208563916385, 0.0164254847914, 0.0197047628462, 0.0248911529779, 0.0180198699236, 0.0149002783, 0.0129793612286, 0.0103943534195, 0.0115277934819, 0.00510062323883, 0.0078551247716, 0.00409739371389, 0.00573761714622, 0.00733452662826, 0.00563441123813, 0.0103347646073, 0.00957781262696, 0.010594567284, 0.010759591125, 0.00934296939522, 0.0106202727184, 0.00825502350926, 0.00532585242763, 0.00591962877661, 0.00835538003594, 0.00418017385527, 0.00198143231682, 0.00428395951167, 0.00313768466003, 0.00245192740113, 0.00354728242382, 0.00388666708022, 0.00317331100814, 0.0032585808076, 0.00305765075609, 0.00243376707658, 0.00224945414811, 0.00241570244543, 0.00178914994467, 0.00153385673184, 0.00117327133194, 0.00128635019064, 0.00103698193561, 0.00112295278814, 0.00137221429031, 0.0010356171988, 0.00129392556846, 0.00246175588109, 0.0017715721624, 0.0024406730663, 0.00188850238919, 0.00205740588717, 0.000906279194169, 0.00102019752376, 0.000751306652091, 0.000633236370049, 0.000956113741267, 0.00114952237345, 0.0010407876689, 0.000760463764891, 0.00077033409616, 0.000542215595488, 0.00032938356162, 0.000253300124314, 0.000144656936754, 0.000110980850877, 0.00010036383901, 9.20503007364e-05, 7.55185828893e-05, 0.000103901729744, 0.000131015156512, 0.000155137880938, 0.0001001046694, 0.000138835152029, 0.000208543409826, 0.000190918741282, 0.000108101536171, 0.000172541607753, 0.000185683355085, 0.00010740882135, 6.42156010144e-05, 9.03617838048e-05, 7.70166370785e-05, 3.25821092702e-05, 4.68953548989e-05, 3.68716282537e-05, 4.90607308166e-05, 2.54961632891e-05, 1.13322857942e-05, 7.51932748244e-06, 3.17428998642e-06, 9.41475263971e-07, 2.44416156647e-07, 5.69496592107e-08, 5.25348120561e-08, 4.8748532322e-08, 4.54625670443e-08, 4.253828223e-08, 3.9991871148e-08, 3.7775926387e-08, 3.57218041813e-08, 3.40186723236e-08, 3.20897548534e-08, 3.05725578187e-08, 2.92568973492e-08, 2.7892333776e-08, 2.68195083919e-08, 2.57789309899e-08, 2.49250131645e-08, 2.41055548855e-08, 2.32844588055e-08, 2.27121255136e-08, 2.21341647233e-08, 2.15453006547e-08, 2.1157299912e-08, 2.077294603e-08, 2.04527470515e-08, 2.02586853959e-08, 2.01378149711e-08],
        "mean": [0.000176181856659, 0.00106981012505, 0.00161608168855, 0.00121783418581, 0.00073985097697, 0.000467005913379, 0.000410249544075, 0.000465114775579, 0.00056301872246, 0.000528512115125, 0.000430280080764, 0.000443567754701, 0.000591379008256, 0.000887154194061, 0.00099943485111, 0.000500145368278, 0.000217217311729, 0.000180454793735, 0.000113673922897, 7.22523836885e-05, 6.7882683652e-05, 0.000111754168756, 0.000111560846562, 0.000123661244288, 0.000304079992929, 0.000337334116921, 0.000114568094432, 0.000132822431624, 0.000137122420711, 0.000215523527004, 0.000158957685926, 7.07992294338e-05, 0.00010209964239, 0.000135399808642, 8.50204087328e-05, 5.84455265198e-05, 5.7110999478e-05, 2.89329054795e-05, 3.87771542592e-05, 5.27583652001e-05, 6.29796195426e-05, 3.84846171073e-05, 3.38211466442e-05, 4.30450454587e-05, 3.45518237737e-05, 5.64088259125e-05, 5.5090564274e-05, 2.54193910223e-05, 2.28063636314e-05, 3.3829765016e-05, 2.8577298508e-05, 2.35378138314e-05, 2.30174209719e-05, 2.79828582279e-05, 3.13916389132e-05, 2.71282351605e-05, 2.98572103929e-05, 3.22995110764e-05, 3.36543853336e-05, 3.66522981494e-05, 3.56760574505e-05, 3.00456995319e-05, 3.37371166097e-05, 2.73715304502e-05, 2.30587884289e-05, 3.11562944262e-05, 5.1447073929e-05, 4.36953232565e-05, 3.44003747159e-05, 3.35464246746e-05, 2.4250270144e-05, 1.30852040456e-05, 7.90914600657e-06, 5.5778573369e-06, 5.37495270692e-06, 5.27312749909e-06, 5.56247459826e-06, 4.39088535131e-06, 5.04139097757e-06, 5.29705357621e-06, 5.85008865528e-06, 6.42840359433e-06, 6.28278212389e-06, 6.53702409181e-06, 6.92131925462e-06, 7.50241451897e-06, 7.44727822166e-06, 7.19822173778e-06, 6.21196068096e-06, 4.32105525761e-06, 3.98881547881e-06, 3.51088783646e-06, 2.67050177172e-06, 2.15077125176e-06, 1.68904432485e-06, 1.27492614865e-06, 1.17061608762e-06, 6.85996838001e-07, 2.48149717663e-07, 6.41019113345e-08, 1.71224208145e-08, 3.58331408989e-09, 1.20340071241e-10, 4.42935792211e-11, 3.88646441418e-11, 4.14666113946e-11, 5.2281848989e-11, 5.1561251796e-11, 2.73401717932e-11, 2.19434487941e-11, 2.09583444349e-11, 1.99207490781e-11, 1.90365518488e-11, 1.82491868839e-11, 1.74883735965e-11, 1.68839837944e-11, 1.62993438191e-11, 1.5811060794e-11, 1.53646331769e-11, 1.48698518776e-11, 1.44912692956e-11, 1.41634586004e-11, 1.38541504657e-11, 1.35778150875e-11, 1.31038157755e-11, 1.24841022936e-11, 1.21316923521e-11, 1.20270529647e-11],
        "min": [9.3911092236e-09, 2.68678292059e-07, 1.02917522327e-06, 1.48627157159e-06, 3.99014567165e-07, 6.83735834173e-07, 6.58095586914e-07, 8.61058936152e-07, 1.02180661088e-06, 7.62069248594e-07, 1.97600968477e-07, 5.77026980864e-07, 3.93229328211e-07, 1.5144654526e-06, 1.3124574707e-06, 1.57050777716e-07, 4.456266538e-07, 1.94265993514e-07, 3.65201429986e-07, 6.83039189653e-08, 1.38358672075e-07, 2.64131205796e-08, 1.05619641033e-07, 5.93768838542e-08, 2.83531960577e-07, 1.61348765459e-07, 7.4220309898e-08, 1.5848799606e-08, 5.51038858987e-09, 3.15379686811e-08, 3.98040178595e-08, 1.67429607956e-08, 3.17674420103e-08, 3.39780363845e-08, 6.37682617821e-08, 1.84816073556e-08, 1.66385909495e-08, 1.46741969687e-08, 9.15202313934e-09, 2.5430335171e-08, 3.95417245613e-08, 8.1905744409e-09, 3.4652924974e-09, 1.50725565362e-08, 1.17396297128e-08, 5.40701279306e-08, 8.71484395759e-09, 2.18239293304e-08, 1.59594986116e-08, 2.28993357609e-08, 3.12749826037e-08, 2.34557639978e-09, 1.41610119186e-08, 4.55611770533e-09, 2.41580409011e-08, 6.50036158234e-09, 9.86286252669e-09, 5.53621104515e-09, 2.35313741825e-08, 9.79156666858e-09, 9.4040695231e-09, 1.40872380427e-08, 1.25311485633e-08, 1.36084450375e-08, 1.08375823871e-08, 1.13360494325e-08, 1.1064226868e-08, 6.6280856359e-09, 1.06797433119e-08, 8.01132848949e-09, 1.5500138062e-08, 5.6833284745e-09, 1.33167821215e-09, 1.08255315823e-09, 1.10526743313e-09, 4.40982111938e-10, 1.0034422078e-11, 1.4794563144e-11, 3.46235262683e-11, 3.58920393406e-10, 8.98457072629e-11, 1.28150077355e-11, 7.98692015302e-12, 1.61145000122e-10, 2.46380332802e-10, 6.02687413864e-11, 6.25499565338e-12, 1.52954472005e-12, 1.36995666547e-12, 2.21944945061e-12, 1.46917764413e-12, 1.39710606365e-12, 1.22924240231e-12, 7.38502412435e-13, 1.14809594123e-12, 1.40944992223e-12, 1.31750589171e-12, 7.26358589161e-13, 6.21051387401e-13, 4.73570889534e-13, 4.70788067818e-13, 5.76612217175e-13, 4.8387948379e-13, 4.33750556089e-13, 4.49883565731e-13, 3.85337974636e-13, 3.78560762382e-13, 3.83225569334e-13, 4.41328695594e-13, 4.11799067068e-13, 4.4506003158e-13, 4.93615402459e-13, 4.73675135573e-13, 4.65280700253e-13, 3.65184363868e-13, 4.02149532208e-13, 4.58795328118e-13, 4.30180657806e-13, 4.61430264657e-13, 5.13904728234e-13, 5.42296134214e-13, 4.13751904916e-13, 4.57790001653e-13, 4.94841147225e-13, 3.41684037834e-13, 1.31813424108e-13, 1.71871573912e-14, 5.80809644899e-16],
        "stdev": [0.000271635799436, 0.00197208346799, 0.00256833946332, 0.00185680459253, 0.00127137475647, 0.000995844136924, 0.000902189232875, 0.00107921834569, 0.00122028857004, 0.00119860784616, 0.00113485159818, 0.00129666388966, 0.00147862406448, 0.0018798179226, 0.00204148003832, 0.00123348576017, 0.000562303990591, 0.000449417420896, 0.000299711129628, 0.000257603882346, 0.00020253470575, 0.000340216851328, 0.000372941925889, 0.000428928586189, 0.000939920719247, 0.00112163648009, 0.000464048964204, 0.000627404719125, 0.000598950777203, 0.000884896493517, 0.000708396662958, 0.000305668479996, 0.000413001951529, 0.000553004210815, 0.000316991499858, 0.000153299915837, 0.000192550432985, 0.000122376150102, 0.000129927895614, 0.000167520716786, 0.000207428878639, 0.000155751084094, 0.000125648657558, 0.000161989664775, 0.000114076930913, 0.000162094846019, 0.000152435532073, 9.11312599783e-05, 7.39217430237e-05, 0.000103772785224, 8.17761319922e-05, 6.55187832308e-05, 7.24623387214e-05, 6.87922001816e-05, 8.14725935925e-05, 9.68478198047e-05, 0.000134466448799, 9.49920140556e-05, 0.000112418048957, 0.000114037342428, 0.000110912660602, 7.30931424187e-05, 7.5112315244e-05, 6.22244333499e-05, 5.03303672303e-05, 6.25866596238e-05, 0.000102119141957, 8.80890947883e-05, 7.10303720552e-05, 6.33683957858e-05, 4.59770926682e-05, 2.53479829553e-05, 1.50471432789e-05, 8.29459440865e-06, 9.0133789854e-06, 8.04421779321e-06, 7.9107549027e-06, 6.23450523562e-06, 7.84620624472e-06, 8.34875754663e-06, 9.564476386e-06, 1.07487057903e-05, 1.16253122542e-05, 1.18417847261e-05, 1.13490386866e-05, 9.64227456279e-06, 9.62686226558e-06, 9.41107828112e-06, 7.66137236496e-06, 5.67455344935e-06, 5.55886526854e-06, 5.15164583703e-06, 3.75383729079e-06, 3.45916737388e-06, 2.91319702228e-06, 2.16980970436e-06, 2.14338979276e-06, 1.19043500035e-06, 5.42866928299e-07, 1.9458681777e-07, 6.9820593751e-08, 1.61129047882e-08, 1.41418743382e-09, 1.13148312941e-09, 1.03873987189e-09, 9.61806523314e-10, 9.07087349677e-10, 8.50549186637e-10, 7.96155752436e-10, 7.52729323317e-10, 7.16848136406e-10, 6.76199651828e-10, 6.44241437975e-10, 6.16518780472e-10, 5.87765947024e-10, 5.65160640509e-10, 5.43232625549e-10, 5.25241072857e-10, 5.07976993802e-10, 4.90673168763e-10, 4.786110952e-10, 4.66430838397e-10, 4.54027093699e-10, 4.45854658748e-10, 4.37759328786e-10, 4.31023799985e-10, 4.26936652698e-10, 4.24388607589e-10]
    },
    "mfcc": {
        "mean": [-631.414001465, 107.02381134, -11.6671190262, 49.3775596619, -15.9778184891, 20.5421352386, -16.3312015533, 21.8861351013, -25.0598545074, 17.9497051239, -13.7379159927, 5.27819824219, -5.61777067184],
        "cov": [[2309.57958984, -675.202636719, -328.348175049, -148.93359375, -6.52790260315, -1.11815369129, 91.7675094604, 91.1861114502, -66.0413970947, 121.175262451, -90.3495330811, -12.9253025055, -142.808197021], [-675.202636719, 957.940429688, -343.28918457, 142.114074707, 8.63742256165, -23.1375389099, 19.6133956909, 37.1109580994, -81.0935974121, 58.8972511292, 37.521987915, -4.38888263702, 65.3808822632], [-328.348175049, -343.28918457, 952.825195312, -136.763458252, 1.27440857887, 86.2220611572, -31.7968673706, -135.087646484, 134.744659424, -152.281066895, 43.4617538452, 11.841211319, -42.3534088135], [-148.93359375, 142.114074707, -136.763458252, 301.278808594, 56.1839981079, -50.1609115601, -77.2587432861, 45.5637359619, -40.8340835571, 38.2620315552, -48.8858909607, 18.8150234222, 63.5180969238], [-6.52790260315, 8.63742256165, 1.27440857887, 56.1839981079, 195.623321533, -37.4196510315, -40.4991073608, -32.611415863, 42.191696167, -41.5458068848, -8.37224769592, 12.203912735, 26.4646282196], [-1.11815369129, -23.1375389099, 86.2220611572, -50.1609115601, -37.4196510315, 205.390640259, 65.4900588989, 22.4463329315, 1.72739946842, 8.66543769836, 16.4212265015, 15.6246767044, -34.9293556213], [91.7675094604, 19.6133956909, -31.7968673706, -77.2587432861, -40.4991073608, 65.4900588989, 241.510604858, 50.9246025085, -2.34213256836, 31.3331050873, 36.2666664124, -26.4987411499, -10.5765256882], [91.1861114502, 37.1109580994, -135.087646484, 45.5637359619, -32.611415863, 22.4463329315, 50.9246025085, 165.806350708, -26.6804504395, 84.7643356323, -6.13910102844, -11.6167612076, 11.2054748535], [-66.0413970947, -81.0935974121, 134.744659424, -40.8340835571, 42.191696167, 1.72739946842, -2.34213256836, -26.6804504395, 173.154052734, -27.4214057922, 27.1319904327, 33.186832428, -18.1656322479], [121.175262451, 58.8972511292, -152.281066895, 38.2620315552, -41.5458068848, 8.66543769836, 31.3331050873, 84.7643356323, -27.4214057922, 171.006149292, 13.8618097305, -12.5838060379, -2.60651135445], [-90.3495330811, 37.521987915, 43.4617538452, -48.8858909607, -8.37224769592, 16.4212265015, 36.2666664124, -6.13910102844, 27.1319904327, 13.8618097305, 114.093101501, 17.4383907318, -1.43601000309], [-12.9253025055, -4.38888263702, 11.841211319, 18.8150234222, 12.203912735, 15.6246767044, -26.4987411499, -11.6167612076, 33.186832428, -12.5838060379, 17.4383907318, 125.38344574, 6.80871391296], [-142.808197021, 65.3808822632, -42.3534088135, 63.5180969238, 26.4646282196, -34.9293556213, -10.5765256882, 11.2054748535, -18.1656322479, -2.60651135445, -1.43601000309, 6.80871391296, 107.816238403]],
        "icov": [[0.000860066269524, 0.000716656795703, 0.000431769120041, 0.000388396612834, -0.000468972051749, 0.000182976931683, -0.000302221305901, -0.000125125137856, 0.000508552184328, -0.000533560873009, 0.000483524723677, -0.000342426501447, 0.000904009328224], [0.000716656795703, 0.00196072994731, 0.00082366616698, -0.000289501011139, -0.000316550838761, -3.82557263947e-05, -0.00036764840479, 0.000210497164517, 0.000663370650727, -0.000349567621015, -0.000503938412294, -7.47461308492e-05, 0.000363048078725], [0.000431769120041, 0.00082366616698, 0.00193596503232, 0.00013595422206, 0.000162179945619, -0.000750208098907, 0.000173144901055, 0.000680231489241, -0.000688581319991, 0.000772448605858, -0.000488122866955, 0.000359360856237, 0.000289725372568], [0.000388396612834, -0.000289501011139, 0.00013595422206, 0.00570477964357, -0.00161549483892, 0.000454610330053, 0.00127176963724, -0.00138509157114, 0.000932020018809, -0.00143949675839, 0.00225196336396, -0.0012167460518, -0.00157586054411], [-0.000468972051749, -0.000316550838761, 0.000162179945619, -0.00161549483892, 0.00686589535326, 0.000195522428839, 0.000411200191593, 0.000974820519332, -0.00228053494357, 0.00173236732371, -0.000397004681872, 0.000565329333767, -0.00148005527444], [0.000182976931683, -3.82557263947e-05, -0.000750208098907, 0.000454610330053, 0.000195522428839, 0.00638598948717, -0.0015728865983, -0.00111550034489, 0.000863349589054, -0.00029596654349, 0.000277623941656, -0.0016321039293, 0.00193062843755], [-0.000302221305901, -0.00036764840479, 0.000173144901055, 0.00127176963724, 0.000411200191593, -0.0015728865983, 0.00583401229233, -0.00153733289335, -0.000465079880087, 0.000215377294808, -0.00146008504089, 0.00139291177038, -0.000917574099731], [-0.000125125137856, 0.000210497164517, 0.000680231489241, -0.00138509157114, 0.000974820519332, -0.00111550034489, -0.00153733289335, 0.00957678351551, -0.00041751776007, -0.00333911925554, 0.000630436639767, 0.000493699684739, -0.00113082199823], [0.000508552184328, 0.000663370650727, -0.000688581319991, 0.000932020018809, -0.00228053494357, 0.000863349589054, -0.000465079880087, -0.00041751776007, 0.00818160735071, -0.000471222680062, -0.000847617455292, -0.00221361941658, 0.00178460683674], [-0.000533560873009, -0.000349567621015, 0.000772448605858, -0.00143949675839, 0.00173236732371, -0.00029596654349, 0.000215377294808, -0.00333911925554, -0.000471222680062, 0.00962463580072, -0.00251398491673, 0.00109043670818, 0.000554741709493], [0.000483524723677, -0.000503938412294, -0.000488122866955, 0.00225196336396, -0.000397004681872, 0.000277623941656, -0.00146008504089, 0.000630436639767, -0.000847617455292, -0.00251398491673, 0.0117203500122, -0.00213628355414, -0.000506346579641], [-0.000342426501447, -7.47461308492e-05, 0.000359360856237, -0.0012167460518, 0.000565329333767, -0.0016321039293, 0.00139291177038, 0.000493699684739, -0.00221361941658, 0.00109043670818, -0.00213628355414, 0.0096277827397, -0.00111549464054], [0.000904009328224, 0.000363048078725, 0.000289725372568, -0.00157586054411, -0.00148005527444, 0.00193062843755, -0.000917574099731, -0.00113082199823, 0.00178460683674, 0.000554741709493, -0.000506346579641, -0.00111549464054, 0.0126885697246]]
    },
    "spectral_contrast_coeffs": {
        "max": [-0.452237218618, -0.46692225337, -0.389266401529, -0.494187384844, -0.494055211544, -0.392666250467],
        "mean": [-0.728431642056, -0.742018222809, -0.750283420086, -0.779781937599, -0.747487366199, -0.638328135014],
        "min": [-0.911373138428, -0.918624639511, -0.912534713745, -0.912436127663, -0.878308534622, -0.760090947151],
        "stdev": [0.0789515227079, 0.082209661603, 0.0944241210818, 0.0661049336195, 0.0748003274202, 0.0445156656206]
    },
    "spectral_contrast_valleys": {
        "max": [-5.22387075424, -5.24653530121, -5.85110187531, -6.19800949097, -6.00797271729, -9.01092720032],
        "mean": [-6.63829755783, -6.79965162277, -7.55269813538, -7.68370819092, -7.33011817932, -11.05215168],
        "min": [-8.86921691895, -8.98514270782, -9.93991756439, -9.85470581055, -9.81185150146, -15.7637548447],
        "stdev": [0.491690039635, 0.517070770264, 0.632651388645, 0.662408709526, 0.632500469685, 1.10611975193]
    }
},
"rhythm": {
    "beats_count": 122,
    "beats_loudness": {
        "max": 0.0696573704481,
        "mean": 0.0274726301432,
        "min": 0.00369251915254,
        "stdev": 0.0131429173052
    },
    "bpm": 140.035110474,
    "bpm_histogram_first_peak_bpm": 140,
    "bpm_histogram_first_peak_weight": 0.386792480946,
    "bpm_histogram_second_peak_bpm": 148,
    "bpm_histogram_second_peak_spread": 0.333333313465,
    "bpm_histogram_second_peak_weight": 0.0330578498542,
    "danceability": 1.07153296471,
    "onset_rate": 3.00441050529,
    "beats_loudness_band_ratio": {
        "max": [0.865955233574, 0.890769958496, 0.539681851864, 0.641122043133, 0.57502001524, 0.316314160824],
        "mean": [0.296037584543, 0.249165982008, 0.133254677057, 0.118096850812, 0.125737562776, 0.131125673652],
        "min": [0.0242728572339, 0.00858822651207, 0.00522468797863, 0.00108617707156, 0.0049774334766, 0.000679649587255],
        "stdev": [0.199101045728, 0.193462625146, 0.12457036972, 0.139938473701, 0.107231512666, 0.070409886539]
    },
