{
"metadata": {
    "version": {
        "essentia": "2.1-beta5",
        "essentia_git_sha": "Undefined",
        "extractor": "music 2.0"
    },
    "audio_properties": {
        "analysis": {
            "equal_loudness": 0,
            "length": 42.9801368713,
            "sample_rate": 44100,
            "start_time": 158.998641968,
            "downmix": "mix"
        },
        "bit_rate": 192000,
        "length": 202.001998901,
        "lossless": 0,
        "number_channels": 2,
        "replay_gain": 0.0912857055664,
        "sample_rate": 48000,
        "codec": "mp3",
        "md5_encoded": "e133afd4d83ade830192212896cd2a4e"
    },
    "tags": {
        "file_name": "Albania_One Night_s Anger_Hersi.mp3",
        "encoding": ["Lavf58.29.100"]
    }
},
"lowlevel": {
    "average_loudness": 0.90138053894,
    "barkbands_crest": {
        "max": 22.5617389679,
        "mean": 9.08288955688,
        "min": 2.81546092033,
        "stdev": 3.63980317116
    },
    "barkbands_flatness_db": {
        "max": 0.339581310749,
        "mean": 0.187964498997,
        "min": 0.0911346822977,
        "stdev": 0.0405138470232
    },
    "barkbands_kurtosis": {
        "max": 67.2969284058,
        "mean": 1.11832070351,
        "min": -1.75342333317,
        "stdev": 3.3518986702
    },
    "barkbands_skewness": {
        "max": 7.38891839981,
        "mean": 0.947205066681,
        "min": -1.28771233559,
        "stdev": 0.878700137138
    },
    "barkbands_spread": {
        "max": 53.2257270813,
        "mean": 22.8917293549,
        "min": 3.12008976936,
        "stdev": 8.77866744995
    },
    "dissonance": {
        "max": 0.499999940395,
        "mean": 0.468163847923,
        "min": 0.321804523468,
        "stdev": 0.0251883417368
    },
    "dynamic_complexity": 2.37574076653,
    "erbbands_crest": {
        "max": 28.1163597107,
        "mean": 10.6832723618,
        "min": 2.54955506325,
        "stdev": 5.34654283524
    },
    "erbbands_flatness_db": {
        "max": 0.397827506065,
        "mean": 0.232581302524,
        "min": 0.128694474697,
        "stdev": 0.0562485307455
    },
    "erbbands_kurtosis": {
        "max": 11.5539798737,
        "mean": 0.289348036051,
        "min": -1.76899647713,
        "stdev": 1.55668330193
    },
    "erbbands_skewness": {
        "max": 2.521443367,
        "mean": 0.267238795757,
        "min": -2.18684768677,
        "stdev": 0.680531322956
    },
    "erbbands_spread": {
        "max": 115.237060547,
        "mean": 33.7794036865,
        "min": 6.65105247498,
        "stdev": 18.0747032166
    },
    "hfc": {
        "max": 83.7926330566,
        "mean": 25.1101531982,
        "min": 0.790169656277,
        "stdev": 14.164768219
    },
    "loudness_ebu128": {
        "integrated": -21.9977073669,
        "loudness_range": 5.72367095947,
        "momentary": {
            "max": -19.3525676727,
            "mean": -22.7537784576,
            "min": -33.2534637451,
            "stdev": 2.92214012146
        },
        "short_term": {
            "max": -20.0252132416,
            "mean": -22.3253517151,
            "min": -28.0774078369,
            "stdev": 2.06256341934
        }
    },
    "melbands_crest": {
        "max": 29.8447303772,
        "mean": 11.5908641815,
        "min": 4.21523761749,
        "stdev": 4.13785982132
    },
    "melbands_flatness_db": {
        "max": 0.365114063025,
        "mean": 0.191881865263,
        "min": 0.0669625326991,
        "stdev": 0.038269162178
    },
    "melbands_kurtosis": {
        "max": 164.884109497,
        "mean": 6.60660982132,
        "min": -1.64980113506,
        "stdev": 11.2004623413
    },
    "melbands_skewness": {
        "max": 9.97028446198,
        "mean": 1.89607930183,
        "min": -0.686780035496,
        "stdev": 1.34088551998
    },
    "melbands_spread": {
        "max": 86.7797546387,
        "mean": 28.9265842438,
        "min": 1.85247480869,
        "stdev": 12.9077415466
    },
    "pitch_salience": {
        "max": 0.857299745083,
        "mean": 0.560190200806,
        "min": 0.206317782402,
        "stdev": 0.116846695542
    },
    "silence_rate_20dB": {
        "max": 1,
        "mean": 1,
        "min": 1,
        "stdev": 0
    },
    "silence_rate_30dB": {
        "max": 1,
        "mean": 0.981101512909,
        "min": 0,
        "stdev": 0.136168211699
    },
    "silence_rate_60dB": {
        "max": 1,
        "mean": 0.0318574495614,
        "min": 0,
        "stdev": 0.17562045157
    },
    "spectral_centroid": {
        "max": 3737.17456055,
        "mean": 1752.80993652,
        "min": 455.957305908,
        "stdev": 519.915588379
    },
    "spectral_complexity": {
        "max": 45,
        "mean": 20.1090717316,
        "min": 1,
        "stdev": 7.13068628311
    },
    "spectral_decrease": {
        "max": -2.56360294104e-10,
        "mean": -7.16802794898e-09,
        "min": -7.17442176779e-08,
        "stdev": 6.52176801452e-09
    },
    "spectral_energy": {
        "max": 0.275670021772,
        "mean": 0.0293314084411,
        "min": 0.00115113297943,
        "stdev": 0.0253650378436
    },
    "spectral_energyband_high": {
        "max": 0.0076063410379,
        "mean": 0.000828729826026,
        "min": 1.04963764898e-05,
        "stdev": 0.000726982369088
    },
    "spectral_energyband_low": {
        "max": 0.251469701529,
        "mean": 0.00884724315256,
        "min": 3.40213901495e-09,
        "stdev": 0.0199637915939
    },
    "spectral_energyband_middle_high": {
        "max": 0.0541703253984,
        "mean": 0.0106191262603,
        "min": 0.000293675402645,
        "stdev": 0.00851261615753
    },
    "spectral_energyband_middle_low": {
        "max": 0.0863574147224,
        "mean": 0.0106839230284,
        "min": 9.19065714697e-05,
        "stdev": 0.00918283779174
    },
    "spectral_entropy": {
        "max": 8.22878360748,
        "mean": 7.50893497467,
        "min": 6.45077848434,
        "stdev": 0.281302541494
    },
    "spectral_flux": {
        "max": 0.453764230013,
        "mean": 0.0909304618835,
        "min": 0.0178939513862,
        "stdev": 0.0518268197775
    },
    "spectral_kurtosis": {
        "max": 17.0210857391,
        "mean": 2.10261893272,
        "min": -0.935253381729,
        "stdev": 1.90710949898
    },
    "spectral_rms": {
        "max": 0.0163995847106,
        "mean": 0.00497405091301,
        "min": 0.00105974357575,
        "stdev": 0.0019684555009
    },
    "spectral_rolloff": {
        "max": 7149.0234375,
        "mean": 1738.49401855,
        "min": 86.1328125,
        "stdev": 985.60168457
    },
    "spectral_skewness": {
        "max": 3.54096221924,
        "mean": 0.899205029011,
        "min": -0.338397562504,
        "stdev": 0.282612681389
    },
    "spectral_spread": {
        "max": 7450725.5,
        "mean": 3447312,
        "min": 1963751.75,
        "stdev": 695715.125
    },
    "spectral_strongpeak": {
        "max": 12.3862838745,
        "mean": 1.8683013916,
        "min": 0.0156718101352,
        "stdev": 2.00127291679
    },
    "zerocrossingrate": {
        "max": 0.18310546875,
        "mean": 0.0659003034234,
        "min": 0.0146484375,
        "stdev": 0.0206170994788
    },
    "barkbands": {
        "max": [0.00595594290644, 0.215917795897, 0.0569127425551, 0.0483893826604, 0.0369966998696, 0.0248570516706, 0.0225681848824, 0.0112529806793, 0.0235494170338, 0.0327339917421, 0.0410558283329, 0.0268541891128, 0.0356079675257, 0.0129259442911, 0.00771232042462, 0.0138623928651, 0.00964570511132, 0.00718557089567, 0.00608794018626, 0.00958192907274, 0.0043364088051, 0.00209444062784, 0.001148595009, 0.000652412301861, 2.15477339225e-05, 1.24110704292e-06, 1.29799934712e-06],
        "mean": [0.000195746659301, 0.00532956980169, 0.00207086466253, 0.00231817457825, 0.00296979397535, 0.00192545633763, 0.000913165626116, 0.000687722174916, 0.00122050975915, 0.00229781190865, 0.00243121059611, 0.00151454098523, 0.000940160360187, 0.000739815295674, 0.000441045878688, 0.000468616519356, 0.000531767436769, 0.000449405430118, 0.000666048552375, 0.000701251148712, 0.000178681439138, 0.000147775936057, 0.000141483993502, 5.04031850141e-05, 3.42296431199e-07, 1.80572257147e-09, 1.85413462361e-09],
        "min": [2.0244647625e-10, 8.84267992163e-10, 1.98282071318e-10, 1.00071097242e-10, 1.1701429159e-08, 5.67726033296e-07, 1.43235956784e-06, 5.73205454657e-07, 9.15124473977e-06, 4.30987438449e-06, 6.73273575558e-07, 2.94558026326e-06, 3.04815216623e-06, 1.62490232469e-06, 4.66732399218e-06, 2.4119065074e-06, 4.80256221635e-06, 7.59192607802e-06, 2.93010793939e-06, 4.36191794506e-06, 4.03157127948e-06, 2.13020712181e-06, 5.18429772001e-07, 3.3244401676e-10, 6.59475182796e-11, 1.07126016391e-10, 1.60350233092e-10],
        "stdev": [0.000569310737774, 0.0165671613067, 0.0040593133308, 0.00371638545766, 0.00380514096469, 0.00286512076855, 0.0015309745213, 0.00117386016063, 0.00183920632116, 0.00442696455866, 0.00447951024398, 0.00329105742276, 0.0026298079174, 0.00151371699758, 0.000643397972453, 0.00104744138662, 0.00111242500134, 0.000652429531328, 0.000676048453897, 0.000842352455948, 0.000248477270361, 0.000170193074155, 0.00013046283857, 6.15606331849e-05, 1.08018571154e-06, 2.89022477062e-08, 3.02284277609e-08]
    },
    "erbbands": {
        "max": [5.49204015732, 49.3700218201, 76.5825653076, 104.741767883, 193.995422363, 143.820007324, 185.145233154, 310.184509277, 202.217773438, 288.087524414, 259.757080078, 397.41607666, 867.937805176, 1348.81689453, 2186.70556641, 1061.71777344, 1193.49206543, 724.494689941, 766.276916504, 403.715515137, 620.106689453, 588.033630371, 413.692016602, 429.308898926, 237.963287354, 389.208190918, 310.914215088, 63.6693916321, 89.012878418, 56.1392745972, 28.593667984, 21.2600402832, 5.96284675598, 0.54439240694, 0.0162715967745, 0.00522674433887, 0.0023198579438, 0.000819373177364, 0.000194117776118, 0.000303893757518],
        "mean": [0.129094168544, 1.25593924522, 2.46952795982, 5.81643533707, 8.1809091568, 10.2882385254, 12.2074708939, 18.1172122955, 13.0070314407, 14.499121666, 15.4816255569, 28.7329216003, 62.9132728577, 69.6979675293, 107.46144104, 52.4195556641, 39.9445610046, 34.5782318115, 36.8672218323, 22.4772281647, 25.1550254822, 30.4212779999, 26.7204875946, 32.6690444946, 33.7308006287, 29.2046146393, 12.8933858871, 5.79958820343, 5.02308416367, 5.31060123444, 3.78351092339, 1.89509212971, 0.374540150166, 0.0230459645391, 0.00090783595806, 0.000119000702398, 3.47442546627e-05, 1.09792754301e-05, 1.81439536391e-05, 3.57621865987e-05],
        "min": [8.46405256993e-08, 2.82559454945e-07, 8.65936840455e-07, 4.50003517471e-06, 3.77901669708e-05, 0.000172074505826, 0.001807942288, 0.0110774338245, 0.0294274445623, 0.0863781943917, 0.186947703362, 0.256765127182, 0.195592030883, 0.322001039982, 0.451389580965, 0.456990271807, 0.222700044513, 0.263188570738, 0.360242307186, 0.45330658555, 0.558051943779, 0.348764210939, 0.420836210251, 0.305740624666, 0.150315716863, 0.239986389875, 0.113139413297, 0.147592559457, 0.117677010596, 0.039899315685, 0.012618150562, 0.0015223599039, 7.00210293871e-05, 1.14911545097e-05, 4.64637423647e-06, 2.17465048991e-06, 1.14003023555e-06, 3.91799346744e-07, 6.78408810018e-07, 1.38225504998e-06],
        "stdev": [0.438376158476, 3.79013562202, 5.33420801163, 9.12488937378, 11.9099388123, 14.2688388824, 17.8893718719, 29.6115036011, 19.1914520264, 23.364238739, 25.7211227417, 41.5475654602, 108.101051331, 124.695121765, 194.101409912, 109.05947876, 96.8434753418, 63.642539978, 64.4299850464, 32.6214599609, 52.3229370117, 63.3268013, 37.072265625, 36.836315155, 31.0115432739, 33.0999565125, 18.1150360107, 6.29620838165, 6.29844713211, 5.72415018082, 3.46517753601, 2.12378263474, 0.483810037374, 0.0350337959826, 0.00114285841119, 0.000154785331688, 5.752848665e-05, 1.98632551474e-05, 1.33086132337e-05, 2.85024198092e-05]
    },
    "gfcc": {
        "mean": [-27.7390956879, 121.036529541, -191.011734009, 54.3883972168, -79.8248214722, 7.78470754623, -11.7119455338, -16.2438583374, 0.278899282217, -31.0375518799, 9.34264659882, -17.0374011993, -1.27916371822],
        "cov": [[3282.79101562, 1738.4185791, 2000.36218262, 1298.49865723, 586.413330078, 345.438995361, -141.301742554, -131.037567139, -329.802215576, -106.124473572, 316.715301514, -8.61702537537, 13.9158535004], [1738.4185791, 2148.8996582, 1948.83728027, 1206.32739258, 810.877746582, 367.29574585, 88.8605194092, -236.930526733, -188.05090332, -101.655044556, 169.626556396, 56.1188774109, -60.0478286743], [2000.36218262, 1948.83728027, 2409.10888672, 1519.45996094, 662.785095215, 445.719543457, -92.7775497437, -147.048522949, -192.699188232, -78.8510742188, 171.618865967, 57.7030334473, 4.36901855469], [1298.49865723, 1206.32739258, 1519.45996094, 1109.61376953, 523.720214844, 267.459442139, -46.2280845642, -50.2760276794, -84.3420028687, -27.6190547943, 94.48412323, 32.1028862, 13.7056360245], [586.413330078, 810.877746582, 662.785095215, 523.720214844, 515.338439941, 200.766952515, 117.215011597, -50.6992683411, -38.1616744995, -15.0218505859, 62.6548843384, 7.25339078903, -27.4783344269], [345.438995361, 367.29574585, 445.719543457, 267.459442139, 200.766952515, 319.746612549, 117.584060669, -31.0800857544, -51.3797454834, -4.15702152252, 22.7976055145, -15.5087308884, -2.29886841774], [-141.301742554, 88.8605194092, -92.7775497437, -46.2280845642, 117.215011597, 117.584060669, 247.528915405, -5.64036560059, -3.52018976212, 8.48023223877, 7.32028388977, -1.48057794571, -42.4292449951], [-131.037567139, -236.930526733, -147.048522949, -50.2760276794, -50.6992683411, -31.0800857544, -5.64036560059, 153.902587891, 87.7590866089, 18.8612194061, -24.7284812927, -9.08752155304, 34.2154045105], [-329.802215576, -188.05090332, -192.699188232, -84.3420028687, -38.1616744995, -51.3797454834, -3.52018976212, 87.7590866089, 177.40675354, 55.1671676636, -79.4306793213, 13.1583538055, 35.3126907349], [-106.124473572, -101.655044556, -78.8510742188, -27.6190547943, -15.0218505859, -4.15702152252, 8.48023223877, 18.8612194061, 55.1671676636, 85.7308578491, 9.9952583313, -6.05257558823, 9.94228649139], [316.715301514, 169.626556396, 171.618865967, 94.48412323, 62.6548843384, 22.7976055145, 7.32028388977, -24.7284812927, -79.4306793213, 9.9952583313, 129.085098267, 16.2188205719, -25.9043502808], [-8.61702537537, 56.1188774109, 57.7030334473, 32.1028862, 7.25339078903, -15.5087308884, -1.48057794571, -9.08752155304, 13.1583538055, -6.05257558823, 16.2188205719, 70.3843002319, 26.2948951721], [13.9158535004, -60.0478286743, 4.36901855469, 13.7056360245, -27.4783344269, -2.29886841774, -42.4292449951, 34.2154045105, 35.3126907349, 9.94228649139, -25.9043502808, 26.2948951721, 94.6479263306]],
        "icov": [[0.00105465855449, -0.000860731583089, 0.000686783518177, -0.00134047411848, 0.000935854681302, -0.000532819074579, 0.000551745761186, -9.9512792076e-05, -6.36591357761e-05, 0.00118255906273, -0.00240487558767, 0.00178374012467, -0.00125088368077], [-0.000860731583089, 0.00828691665083, -0.00893510691822, 0.00662479875609, -0.00786860287189, 0.00498949736357, -0.00439552869648, 0.00589212309569, -0.00380222429521, 0.0033967832569, -0.000424063735409, 0.00161765969824, -0.000930213544052], [0.000686783518177, -0.00893510691822, 0.0149686383083, -0.0139798084274, 0.0102997301146, -0.0082529662177, 0.00592108815908, -0.0034344617743, 0.0019582498353, -0.000239681932726, -0.00232105795294, -0.00231787678786, 0.00155263266061], [-0.00134047411848, 0.00662479875609, -0.0139798084274, 0.0178348571062, -0.0117450077087, 0.00625067297369, -0.00240364088677, -0.000891297298949, 0.0018422419671, -0.00441055744886, 0.00654851878062, -0.00216139759868, 0.000618202670012], [0.000935854681302, -0.00786860287189, 0.0102997301146, -0.0117450077087, 0.0142658036202, -0.00577888451517, 0.000999895390123, -0.00170842790976, -0.00140222685877, 0.00162671448197, -0.00463095121086, 0.00193591695279, -0.000290244235657], [-0.000532819074579, 0.00498949736357, -0.0082529662177, 0.00625067297369, -0.00577888451517, 0.0106906211004, -0.00688517186791, 0.00268409913406, -2.98313170788e-05, -0.000271197204711, 0.001837878488, 0.00380467483774, -0.0032696085982], [0.000551745761186, -0.00439552869648, 0.00592108815908, -0.00240364088677, 0.000999895390123, -0.00688517186791, 0.0114030735567, -0.00519542489201, 0.00424817809835, -0.0040225754492, 0.0021409150213, -0.00587816815823, 0.00537457829341], [-9.9512792076e-05, 0.00589212309569, -0.0034344617743, -0.000891297298949, -0.00170842790976, 0.00268409913406, -0.00519542489201, 0.0198297984898, -0.0161990392953, 0.012878106907, -0.0117512233555, 0.0114069217816, -0.00758220162243], [-6.36591357761e-05, -0.00380222429521, 0.0019582498353, 0.0018422419671, -0.00140222685877, -2.98313170788e-05, 0.00424817809835, -0.0161990392953, 0.0282927751541, -0.0217832289636, 0.0208868924528, -0.0156484618783, 0.00638880580664], [0.00118255906273, 0.0033967832569, -0.000239681932726, -0.00441055744886, 0.00162671448197, -0.000271197204711, -0.0040225754492, 0.012878106907, -0.0217832289636, 0.0320709571242, -0.0215896256268, 0.0161641538143, -0.00900339707732], [-0.00240487558767, -0.000424063735409, -0.00232105795294, 0.00654851878062, -0.00463095121086, 0.001837878488, 0.0021409150213, -0.0117512233555, 0.0208868924528, -0.0215896256268, 0.0312304906547, -0.0188512932509, 0.0114112552255], [0.00178374012467, 0.00161765969824, -0.00231787678786, -0.00216139759868, 0.00193591695279, 0.00380467483774, -0.00587816815823, 0.0114069217816, -0.0156484618783, 0.0161641538143, -0.0188512932509, 0.0322342514992, -0.0148945432156], [-0.00125088368077, -0.000930213544052, 0.00155263266061, 0.000618202670012, -0.000290244235657, -0.0032696085982, 0.00537457829341, -0.00758220162243, 0.00638880580664, -0.00900339707732, 0.0114112552255, -0.0148945432156, 0.0208079479635]]
    },
    "melbands": {
        "max": [0.056026160717, 0.0414325855672, 0.0181822944432, 0.00798933114856, 0.00753630511463, 0.0059902803041, 0.00365763180889, 0.00295594381168, 0.00277958065271, 0.00305182626471, 0.00446709431708, 0.004970473703, 0.00583578459918, 0.00329046929255, 0.00339318159968, 0.00440991669893, 0.00124140491243, 0.00164688634686, 0.000660279940348, 0.00107594789006, 0.000762749637943, 0.000823929498438, 0.000662117905449, 0.000338519254001, 0.000448649458122, 0.00016145814152, 0.000353432144038, 0.000299471896142, 0.00028457181179, 9.85130536719e-05, 4.61271010863e-05, 5.24170864082e-05, 3.78619479307e-05, 3.38679674314e-05, 1.70282037288e-05, 1.63673976203e-05, 1.46869351738e-05, 5.28388727616e-06, 1.26490249386e-06, 1.48997727933e-07],
        "mean": [0.00134983286262, 0.00147796922829, 0.0010531306034, 0.000668754510116, 0.000442092714366, 0.00038774983841, 0.000194224980078, 0.000160517898621, 0.000126397571876, 0.000188752426766, 0.000327564514009, 0.000285819900455, 0.000336159981089, 0.000204160387511, 0.000108797452413, 8.76798003446e-05, 6.19443744654e-05, 6.76136405673e-05, 3.01730906358e-05, 3.55338706868e-05, 2.63677338808e-05, 3.2539566746e-05, 2.60289507423e-05, 2.13675648411e-05, 2.74642879958e-05, 2.33702139667e-05, 2.69927204499e-05, 1.8076849301e-05, 1.01665655166e-05, 3.94994367525e-06, 3.11520079777e-06, 2.91981109513e-06, 2.71298927146e-06, 2.99124440062e-06, 2.34756998907e-06, 1.62366961831e-06, 9.43753036609e-07, 2.95021294505e-07, 5.51723147169e-08, 1.74392222885e-09],
        "min": [4.42516273624e-10, 2.1331757194e-10, 6.44928499494e-10, 9.42792843794e-10, 1.06307629366e-08, 1.83209806437e-07, 2.87339815941e-07, 5.79372056109e-07, 1.09086806788e-06, 9.7757185813e-07, 6.09153289588e-07, 5.2896342595e-07, 7.61579883601e-08, 5.52299638912e-07, 3.23819733694e-07, 3.39186755127e-07, 2.3353887002e-07, 5.15402746259e-07, 1.30175379809e-07, 3.40095510865e-07, 4.1257300154e-07, 2.77940046089e-07, 4.14581705854e-07, 3.67993322925e-07, 2.0798256628e-07, 1.07810492977e-07, 9.86816885984e-08, 1.48801177602e-07, 6.96129234257e-08, 7.79536009077e-08, 7.83289095807e-08, 2.54826648671e-08, 2.4273635546e-08, 1.82852719632e-08, 7.76321851248e-09, 2.39237607502e-09, 5.50815035943e-12, 1.70070034444e-12, 7.00829747968e-13, 4.64994308249e-13],
        "stdev": [0.00432357378304, 0.00341607164592, 0.00150687131099, 0.000852149736602, 0.000617216399405, 0.000597281265073, 0.000295364647172, 0.000254049897194, 0.000222639850108, 0.000285512942355, 0.000585706962738, 0.000532304111402, 0.000582912529353, 0.000420421216404, 0.000289962568786, 0.000287698931061, 0.000124092373881, 0.000136912000016, 5.09881101607e-05, 7.77858731453e-05, 6.16034740233e-05, 7.48533493606e-05, 5.32988087798e-05, 2.99408657156e-05, 3.48246430804e-05, 2.30087935051e-05, 3.43253341271e-05, 2.33819555433e-05, 1.65365327121e-05, 5.67098686588e-06, 3.9031842789e-06, 4.15893646277e-06, 3.37557708008e-06, 3.29055205839e-06, 2.24866425924e-06, 1.6965868781e-06, 1.20335141673e-06, 4.11872946415e-07, 9.78446124122e-08, 7.26423632358e-09]
    },
    "melbands128": {
        "max": [0.00550565728918, 0.0364032313228, 0.0831823050976, 0.0837339088321, 0.0488734915853, 0.0260441545397, 0.0263122003525, 0.0293299406767, 0.0217907130718, 0.00934559851885, 0.0104639874771, 0.0132131706923, 0.00699887983501, 0.00725377118215, 0.0115710329264, 0.00769058382139, 0.00480142142624, 0.00426190020517, 0.0091119222343, 0.00514224171638, 0.00327251339331, 0.00384971639141, 0.00417858688161, 0.00473824655637, 0.00367720914073, 0.00695724226534, 0.00660534761846, 0.0085909049958, 0.011742496863, 0.00706355925649, 0.00918834656477, 0.0104209790006, 0.010049091652, 0.0159076359123, 0.00789772812277, 0.00609644083306, 0.00572945550084, 0.00577026652172, 0.00665848329663, 0.00534978648648, 0.0103321550414, 0.00244721374474, 0.00187463208567, 0.00315831857733, 0.0026520374231, 0.00267677241936, 0.00115077826194, 0.00104087369982, 0.0012628614204, 0.00133701704908, 0.0016696958337, 0.00267971609719, 0.00199449481443, 0.00193326675799, 0.00112926762085, 0.00184923468623, 0.00130042433739, 0.00127574393991, 0.00145235913806, 0.000562346715014, 0.000656125717796, 0.000924041145481, 0.000503381364979, 0.00096659117844, 0.000486591161462, 0.000353263312718, 0.00028239574749, 0.000542710069567, 0.000754475593567, 0.000559588894248, 0.000529064098373, 0.000690482964274, 0.000735034118406, 0.000335423479555, 0.000234255261603, 0.000213235034607, 8.3471655671e-05, 4.76913846796e-05, 8.59794236021e-05, 7.7943521319e-05, 0.000114373135148, 6.64464314468e-05, 6.75536211929e-05, 5.74629520997e-05, 3.83703227271e-05, 6.33608433418e-05, 6.05175846431e-05, 3.90278546547e-05, 3.29060749209e-05, 4.28595558333e-05, 1.99387141038e-05, 2.08545407077e-05, 2.26719494094e-05, 2.29290380958e-05, 1.10676710392e-05, 8.44721489557e-06, 5.21756555827e-06, 2.91694482257e-06, 2.28611384046e-06, 6.49867558877e-07, 3.68221833469e-07, 6.13275616956e-08, 1.32081696691e-08, 1.19307745905e-08, 1.09774260793e-08, 1.0291945074e-08, 9.6795984561e-09, 9.09058517351e-09, 8.66369731511e-09, 8.19915602079e-09, 7.87242537825e-09, 7.5106294517e-09, 7.17732051569e-09, 6.93615787029e-09, 6.71298749921e-09, 6.52067866369e-09, 6.26915852564e-09, 6.05152772337e-09, 5.89674620244e-09, 5.71887115441e-09, 5.58438451037e-09, 5.50328849158e-09, 5.3862660998e-09, 5.31158628192e-09, 5.21155874011e-09, 5.14163556176e-09, 5.10680031596e-09, 5.08150677092e-09],
        "mean": [0.000149239043822, 0.000850284646731, 0.00193217257038, 0.0021715243347, 0.00136188976467, 0.00104124471545, 0.00123227352742, 0.00107901915908, 0.00076442444697, 0.00071350223152, 0.000549782358576, 0.000468304788228, 0.000396312738303, 0.000407176936278, 0.000523850438185, 0.000277099694358, 0.000214172599954, 0.000171977153514, 0.000189974132809, 0.000144648351124, 0.000173532185727, 0.000129499094328, 0.000113243753731, 0.000133298119181, 0.000158813170856, 0.000246048235567, 0.000172615677002, 0.000346210668795, 0.000471009872854, 0.000274648657069, 0.000221412308747, 0.00030423537828, 0.00023067042639, 0.000550037715584, 0.000254910934018, 8.80820225575e-05, 0.000114973947348, 0.000147513914271, 7.31687541702e-05, 5.72518147237e-05, 0.000142589109601, 4.5557419071e-05, 3.78016229661e-05, 8.63204695634e-05, 8.38647756609e-05, 7.07721555955e-05, 3.69911176676e-05, 3.12438096444e-05, 2.76360606222e-05, 1.97930148715e-05, 4.44021243311e-05, 4.42127602582e-05, 2.15585750993e-05, 2.14022256841e-05, 2.89088802674e-05, 3.76163443434e-05, 3.19103746733e-05, 2.48609576374e-05, 2.54221031355e-05, 2.5967730835e-05, 1.96400342247e-05, 1.78596583282e-05, 2.65375929303e-05, 3.03866199829e-05, 2.95960617223e-05, 2.11090791709e-05, 2.06425229408e-05, 2.67179348157e-05, 3.34398173436e-05, 1.96809887711e-05, 1.28673545987e-05, 2.40790905082e-05, 1.45299445649e-05, 6.80156654198e-06, 5.03025194121e-06, 4.35451329395e-06, 3.36842458637e-06, 2.87650709652e-06, 3.21358879773e-06, 3.03298907056e-06, 3.38194718097e-06, 2.69622614724e-06, 2.25848430091e-06, 2.54946417044e-06, 3.31037495016e-06, 3.08374842461e-06, 3.02241346617e-06, 2.5876527161e-06, 2.50023981607e-06, 2.00170393327e-06, 1.60025376772e-06, 1.65650499184e-06, 1.41083160088e-06, 9.81744847195e-07, 6.52136009194e-07, 3.88831097098e-07, 2.27458528457e-07, 1.32193918034e-07, 5.47371534765e-08, 1.46908245569e-08, 2.18517515194e-09, 3.22811749554e-10, 2.08505400445e-11, 1.58804618761e-11, 1.50531583726e-11, 1.46724125905e-11, 1.5571162415e-11, 1.54996432356e-11, 1.22735085983e-11, 1.13775603522e-11, 1.09702958523e-11, 1.05671469838e-11, 1.01570835076e-11, 9.79261203377e-12, 9.48339497209e-12, 9.2386714598e-12, 8.95105344012e-12, 8.6991377643e-12, 8.51579223804e-12, 8.27742215048e-12, 8.06395141634e-12, 7.94392156223e-12, 7.82626827928e-12, 7.66885079745e-12, 7.31602538967e-12, 6.81229812144e-12, 6.53850324578e-12, 6.47295281611e-12],
        "min": [8.79896017159e-11, 1.05632516623e-10, 2.03871447502e-10, 3.21189672081e-11, 3.6564574285e-11, 8.83894971104e-11, 4.1473942336e-11, 7.49925330168e-11, 6.80635270367e-10, 7.15345449542e-10, 7.06411540374e-10, 3.33041505485e-09, 4.46272796495e-09, 1.88426287906e-08, 1.86569391047e-08, 3.60554395229e-08, 8.10389622075e-08, 6.56130012544e-08, 7.93740753124e-08, 1.58606439982e-07, 8.29198132379e-09, 2.26697434158e-08, 5.06427895175e-08, 2.69793645202e-07, 2.38083273985e-07, 2.9721485717e-08, 2.90297180072e-07, 1.32246043449e-07, 8.09438702731e-08, 3.69957717794e-08, 2.97312361397e-08, 6.1377164684e-08, 3.16089092678e-08, 2.16536015785e-08, 1.3249964681e-08, 9.58445589561e-09, 5.10212281313e-08, 8.05564326356e-08, 1.4704943041e-08, 5.34808179964e-08, 1.13882947517e-08, 1.88205913076e-08, 2.22504681346e-08, 3.1489552299e-08, 2.83503300835e-08, 1.4047529362e-08, 1.15507861054e-08, 1.45479592817e-08, 1.54502899363e-08, 1.30802879639e-08, 3.94489667599e-08, 1.13861126749e-07, 2.60618566728e-08, 1.58529278593e-08, 3.94431971529e-08, 1.10275713894e-07, 5.75422482996e-08, 1.83250126184e-08, 7.19943615834e-09, 1.83098208595e-07, 5.40435998175e-08, 4.27904041089e-08, 2.86965526897e-08, 1.01890307747e-07, 6.03750507366e-08, 1.10191301417e-07, 8.17675882558e-08, 5.3830248703e-08, 4.53598900663e-08, 7.66984840084e-08, 7.43329664488e-08, 8.79044890212e-08, 5.27774339787e-08, 2.21140687984e-08, 3.20922133312e-08, 5.48846728066e-08, 3.51930644626e-08, 3.08775049973e-08, 2.25363674389e-08, 1.86249753398e-08, 1.1597538041e-08, 1.46954244329e-08, 2.79779346357e-08, 1.0429891617e-08, 2.20710383303e-08, 9.23166965094e-09, 1.07575983677e-08, 6.99429669737e-09, 1.12378621964e-08, 3.63499297329e-09, 2.67476574223e-09, 8.98813357075e-10, 7.98323733509e-12, 1.7300043776e-12, 7.79859466934e-13, 1.14810483169e-12, 6.57418564032e-13, 5.72251827088e-13, 6.32141854053e-13, 4.85369448626e-13, 4.55798322262e-13, 3.79370471669e-13, 4.45962629889e-13, 4.58027550349e-13, 3.42667517625e-13, 4.04293731739e-13, 4.66354765135e-13, 3.62340013679e-13, 4.40390589664e-13, 3.29474267964e-13, 4.03629115808e-13, 4.14172358519e-13, 4.42993271189e-13, 4.30117313294e-13, 3.95151874546e-13, 4.98314280464e-13, 4.60336413086e-13, 3.84251305904e-13, 4.67457561375e-13, 5.25406758031e-13, 4.4896020495e-13, 4.7411781532e-13, 4.23761584633e-13, 4.21652784303e-13, 2.31247312965e-13, 1.36520352315e-13, 1.99723524936e-14, 6.46069033623e-16],
        "stdev": [0.000489956932142, 0.00310660758987, 0.00640174234286, 0.00652092555538, 0.00360173825175, 0.00199484964833, 0.00214494136162, 0.00182129908353, 0.00129930174444, 0.00109573511872, 0.000920902355574, 0.000893767923117, 0.000700068078004, 0.000713135406841, 0.00102576753125, 0.000493492174428, 0.000401845987653, 0.000315158162266, 0.000479992188048, 0.000309084483888, 0.000333940959536, 0.000336586264893, 0.000280228356132, 0.00034415506525, 0.000287398870569, 0.00048739137128, 0.000378076540073, 0.000782231043559, 0.00121103657875, 0.000756162917241, 0.000714747235179, 0.000945359584875, 0.000586602953263, 0.00129155919421, 0.000785066513345, 0.000397322990466, 0.000444980658358, 0.000494498002809, 0.000320042599924, 0.000224316434469, 0.000604896224104, 0.000163954522577, 0.000103445425339, 0.000281894084765, 0.000228560835239, 0.000196941851755, 8.17658437882e-05, 7.43852142477e-05, 7.73732317612e-05, 5.54858452233e-05, 0.000117242496344, 0.000154965629918, 9.90545304376e-05, 8.53723176988e-05, 8.96868004929e-05, 0.000122560057207, 0.00010791378736, 9.52444897848e-05, 8.35276587168e-05, 4.71170205856e-05, 4.39412906417e-05, 5.40657638339e-05, 4.97916735185e-05, 6.26586916042e-05, 5.44150461792e-05, 3.42286002706e-05, 3.18429774779e-05, 4.56736052001e-05, 6.29212299827e-05, 3.8137230149e-05, 2.84715188172e-05, 4.74839071103e-05, 3.36983903253e-05, 1.8419308617e-05, 1.08764452307e-05, 1.00799634311e-05, 5.0490666581e-06, 4.09096446674e-06, 5.25221594216e-06, 4.74433545605e-06, 7.36848733141e-06, 4.36581603935e-06, 3.47546324519e-06, 3.90184004573e-06, 4.2441356527e-06, 4.21857475885e-06, 3.87090858567e-06, 3.19782361657e-06, 2.87502530227e-06, 2.63580204773e-06, 1.85910096206e-06, 2.16356488636e-06, 1.89158708963e-06, 1.47907462633e-06, 9.89610043689e-07, 6.23831510893e-07, 3.67676221913e-07, 2.47108062013e-07, 1.25673835782e-07, 4.52501502934e-08, 1.42410874204e-08, 2.09319983568e-09, 3.10891756783e-10, 2.77714684582e-10, 2.55996085441e-10, 2.39667535817e-10, 2.25783530761e-10, 2.12734080351e-10, 2.01734295935e-10, 1.90932630817e-10, 1.83309895041e-10, 1.74906297778e-10, 1.67144020846e-10, 1.61523475151e-10, 1.56324356237e-10, 1.51847312502e-10, 1.46004111579e-10, 1.40925632275e-10, 1.37319197679e-10, 1.33174554717e-10, 1.30051636127e-10, 1.28167698676e-10, 1.25441504406e-10, 1.23688725928e-10, 1.21373397444e-10, 1.19755066974e-10, 1.18945978067e-10, 1.18358559065e-10]
    },
    "mfcc": {
        "mean": [-636.517150879, 118.527915955, -43.4891853333, 35.66847229, -34.2025909424, 18.6356582642, -14.6554298401, 25.6016902924, -22.1668376923, 19.9599189758, -19.4267253876, 5.28401327133, -9.60014629364],
        "cov": [[2382.66430664, 809.320800781, 1281.13708496, 828.650268555, 681.966125488, 307.419403076, 352.529174805, 67.0690765381, -284.697937012, 9.97789001465, -125.549697876, -31.7584209442, 8.2006893158], [809.320800781, 1382.08850098, 987.078918457, 868.223449707, 596.767150879, 560.463134766, 328.15838623, 181.981216431, -230.205673218, 8.68486785889, -0.933124601841, -115.761131287, 68.1811218262], [1281.13708496, 987.078918457, 1983.51062012, 1036.3112793, 922.090698242, 515.145629883, 339.666046143, 110.259819031, -120.157752991, -100.50478363, -20.9253978729, -60.3081893921, 61.0418434143], [828.650268555, 868.223449707, 1036.3112793, 990.504699707, 635.798217773, 387.236175537, 233.539840698, 133.064346313, -145.141036987, 10.3413581848, -38.3618202209, 0.283601164818, 75.7223434448], [681.966125488, 596.767150879, 922.090698242, 635.798217773, 664.901611328, 282.021362305, 203.851013184, 66.7636642456, -12.1813106537, -23.2974128723, -2.40401124954, -24.8660182953, 47.941493988], [307.419403076, 560.463134766, 515.145629883, 387.236175537, 282.021362305, 475.343933105, 233.865478516, 116.932182312, -59.0330810547, 36.1365280151, 21.6394557953, -59.0685119629, 8.18995952606], [352.529174805, 328.15838623, 339.666046143, 233.539840698, 203.851013184, 233.865478516, 309.701507568, 77.8249588013, -83.4714202881, 31.3672351837, 14.5119724274, -33.9950523376, 15.3812952042], [67.0690765381, 181.981216431, 110.259819031, 133.064346313, 66.7636642456, 116.932182312, 77.8249588013, 148.680374146, -4.10879802704, 33.449924469, -2.40050697327, -22.2266807556, 12.1262722015], [-284.697937012, -230.205673218, -120.157752991, -145.141036987, -12.1813106537, -59.0330810547, -83.4714202881, -4.10879802704, 286.91293335, -1.81800413132, 51.370803833, 19.4509887695, -8.21556377411], [9.97789001465, 8.68486785889, -100.50478363, 10.3413581848, -23.2974128723, 36.1365280151, 31.3672351837, 33.449924469, -1.81800413132, 123.897605896, 6.09882164001, 15.0606603622, -9.21596336365], [-125.549697876, -0.933124601841, -20.9253978729, -38.3618202209, -2.40401124954, 21.6394557953, 14.5119724274, -2.40050697327, 51.370803833, 6.09882164001, 112.796974182, 8.55198764801, -5.75974798203], [-31.7584209442, -115.761131287, -60.3081893921, 0.283601164818, -24.8660182953, -59.0685119629, -33.9950523376, -22.2266807556, 19.4509887695, 15.0606603622, 8.55198764801, 120.123565674, 19.51587677], [8.2006893158, 68.1811218262, 61.0418434143, 75.7223434448, 47.941493988, 8.18995952606, 15.3812952042, 12.1262722015, -8.21556377411, -9.21596336365, -5.75974798203, 19.51587677, 84.9549484253]],
        "icov": [[0.000875031866599, -0.00014717351587, -0.000385264953366, -4.8866331781e-05, -0.000298750237562, 0.000460090406705, -0.000521869165823, 0.000197765824851, 0.000391934794607, -0.000438113929704, 0.000755408313125, -0.000216093656491, 0.000635748263448], [-0.00014717351587, 0.00285130599514, 0.000264767033514, -0.00137921038549, -0.000629370275419, -0.00160458066966, 0.000334914948326, -0.000718748487998, 0.00133680389263, 0.000373379618395, -0.0011472098995, 0.00187182915397, -0.00102123315446], [-0.000385264953366, 0.000264767033514, 0.00202883174643, -0.000744937511627, -0.00154618208762, -0.00081852771109, 4.36606060248e-05, -2.00474369194e-05, 0.000141531534609, 0.00166006863583, -0.000353183102561, 0.000238815977355, 9.22910912777e-05], [-4.8866331781e-05, -0.00137921038549, -0.000744937511627, 0.00506866769865, -0.00255451723933, -0.000423832476372, 0.000960238394327, -0.00134062801953, 0.0011058159871, -0.000957355019636, 0.00109206384514, -0.00245988997631, -0.000728829356376], [-0.000298750237562, -0.000629370275419, -0.00154618208762, -0.00255451723933, 0.00699670286849, 0.000657130265608, -0.00149846193381, 0.00154244666919, -0.00277506816201, -4.63945543743e-05, -5.7012814068e-05, 0.000714311259799, -0.000480116344988], [0.000460090406705, -0.00160458066966, -0.00081852771109, -0.000423832476372, 0.000657130265608, 0.00597286177799, -0.00247195200063, -0.000739060167689, -0.000834345060866, -0.00129911652766, -0.000136702044983, 0.000469924794743, 0.00147683045361], [-0.000521869165823, 0.000334914948326, 4.36606060248e-05, 0.000960238394327, -0.00149846193381, -0.00247195200063, 0.00670057954267, -0.00158248539083, 0.0018257771153, -0.000883404398337, -0.00156773603521, 0.000391599111026, -0.00112454744522], [0.000197765824851, -0.000718748487998, -2.00474369194e-05, -0.00134062801953, 0.00154244666919, -0.000739060167689, -0.00158248539083, 0.0101321497932, -0.00179783976637, -0.00200322642922, 0.0011333047878, 0.00132895889692, -0.000811448262539], [0.000391934794607, 0.00133680389263, 0.000141531534609, 0.0011058159871, -0.00277506816201, -0.000834345060866, 0.0018257771153, -0.00179783976637, 0.00616504345089, -0.000157701389981, -0.00211903103627, -0.000142434582813, -0.000157380054588], [-0.000438113929704, 0.000373379618395, 0.00166006863583, -0.000957355019636, -4.63945543743e-05, -0.00129911652766, -0.000883404398337, -0.00200322642922, -0.000157701389981, 0.0109923705459, -0.000493070401717, -0.00175846519414, 0.00154818675946], [0.000755408313125, -0.0011472098995, -0.000353183102561, 0.00109206384514, -5.7012814068e-05, -0.000136702044983, -0.00156773603521, 0.0011333047878, -0.00211903103627, -0.000493070401717, 0.0114634605125, -0.00201750453562, 0.00127784512006], [-0.000216093656491, 0.00187182915397, 0.000238815977355, -0.00245988997631, 0.000714311259799, 0.000469924794743, 0.000391599111026, 0.00132895889692, -0.000142434582813, -0.00175846519414, -0.00201750453562, 0.0118450699374, -0.00323178642429], [0.000635748263448, -0.00102123315446, 9.22910912777e-05, -0.000728829356376, -0.000480116344988, 0.00147683045361, -0.00112454744522, -0.000811448262539, -0.000157380054588, 0.00154818675946, 0.00127784512006, -0.00323178642429, 0.0145422453061]]
    },
    "spectral_contrast_coeffs": {
        "max": [-0.466914832592, -0.467156410217, -0.412378251553, -0.50870680809, -0.570208907127, -0.41179305315],
        "mean": [-0.716118276119, -0.739985883236, -0.695693612099, -0.760549664497, -0.756370961666, -0.613462746143],
        "min": [-0.926552414894, -0.907612740993, -0.904224097729, -0.895378708839, -0.874237418175, -0.802561759949],
        "stdev": [0.0677467733622, 0.0667759254575, 0.095913618803, 0.0696062073112, 0.0568272471428, 0.0513999015093]
    },
    "spectral_contrast_valleys": {
        "max": [-4.88248252869, -4.25062942505, -5.39967155457, -6.35379981995, -6.05276203156, -9.64500236511],
        "mean": [-7.26088190079, -6.80272054672, -7.21020126343, -7.55463409424, -7.23936367035, -11.7606048584],
        "min": [-13.4271659851, -8.93040943146, -9.60232543945, -9.71140003204, -8.95014476776, -15.9049119949],
        "stdev": [1.98523759842, 0.627059161663, 0.611220538616, 0.573743224144, 0.451517224312, 1.04621064663]
    }
},
"rhythm": {
    "beats_count": 106,
    "beats_loudness": {
        "max": 0.0832538157701,
        "mean": 0.0334053598344,
        "min": 0.00336824310943,
        "stdev": 0.0208200402558
    },
    "bpm": 152.297271729,
    "bpm_histogram_first_peak_bpm": 152,
    "bpm_histogram_first_peak_weight": 0.271428585052,
    "bpm_histogram_second_peak_bpm": 157,
    "bpm_histogram_second_peak_spread": 0.0769230723381,
    "bpm_histogram_second_peak_weight": 0.228571429849,
    "danceability": 0.933248102665,
    "onset_rate": 2.25624704361,
    "beats_loudness_band_ratio": {
        "max": [0.765072882175, 0.593229949474, 0.563338518143, 0.695022165775, 0.624202013016, 0.314539790154],
        "mean": [0.277124196291, 0.152686730027, 0.147974848747, 0.254825055599, 0.12625849247, 0.0773996114731],
        "min": [7.41452731745e-06, 0.000280764827039, 0.00773585168645, 0.00971306767315, 0.0127538209781, 0.00969969294965],
        "stdev": [0.209134757519, 0.142485558987, 0.112514354289, 0.185021594167, 0.128932803869, 0.0584678463638]
    },
