{
"metadata": {
    "version": {
        "essentia": "2.1-beta5",
        "essentia_git_sha": "Undefined",
        "extractor": "music 2.0"
    },
    "audio_properties": {
        "analysis": {
            "equal_loudness": 0,
            "length": 12.7477550507,
            "sample_rate": 44100,
            "start_time": 0,
            "downmix": "mix"
        },
        "bit_rate": 192000,
        "length": 193.004272461,
        "lossless": 0,
        "number_channels": 2,
        "replay_gain": 4.84397697449,
        "sample_rate": 48000,
        "codec": "mp3",
        "md5_encoded": "45a3e37e8db8cd60def8b2536cf14bd7"
    },
    "tags": {
        "file_name": "Georgia_Three Minutes To Earth_The Shin and Mariko.mp3",
        "encoding": ["Lavf58.29.100"]
    }
},
"lowlevel": {
    "average_loudness": 0.772256433964,
    "barkbands_crest": {
        "max": 25.1638088226,
        "mean": 13.2547550201,
        "min": 2.91062140465,
        "stdev": 5.69967508316
    },
    "barkbands_flatness_db": {
        "max": 0.555429279804,
        "mean": 0.238920599222,
        "min": 0.0413705632091,
        "stdev": 0.0930050387979
    },
    "barkbands_kurtosis": {
        "max": 363.499969482,
        "mean": 15.1894369125,
        "min": -1.6362298727,
        "stdev": 36.1078987122
    },
    "barkbands_skewness": {
        "max": 15.3346920013,
        "mean": 2.43017840385,
        "min": -1.71302521229,
        "stdev": 2.54945588112
    },
    "barkbands_spread": {
        "max": 55.4671058655,
        "mean": 15.3012361526,
        "min": 0.275882005692,
        "stdev": 10.8366174698
    },
    "dissonance": {
        "max": 0.499929338694,
        "mean": 0.465384870768,
        "min": 0.259486734867,
        "stdev": 0.0421224161983
    },
    "dynamic_complexity": 6.2554359436,
    "erbbands_crest": {
        "max": 29.7239608765,
        "mean": 10.4326648712,
        "min": 2.77772140503,
        "stdev": 6.31280946732
    },
    "erbbands_flatness_db": {
        "max": 0.397002488375,
        "mean": 0.236508265138,
        "min": 0.0868845283985,
        "stdev": 0.0507568232715
    },
    "erbbands_kurtosis": {
        "max": 22.7156238556,
        "mean": 0.914686322212,
        "min": -1.54143846035,
        "stdev": 3.14185905457
    },
    "erbbands_skewness": {
        "max": 4.61825847626,
        "mean": 0.306091338396,
        "min": -1.96921062469,
        "stdev": 0.793897807598
    },
    "erbbands_spread": {
        "max": 72.9301834106,
        "mean": 30.6338672638,
        "min": 3.40059804916,
        "stdev": 14.9995145798
    },
    "hfc": {
        "max": 63.9264411926,
        "mean": 7.61497879028,
        "min": 1.12055523839e-16,
        "stdev": 11.183886528
    },
    "loudness_ebu128": {
        "integrated": -29.0741577148,
        "loudness_range": 5.96260070801,
        "momentary": {
            "max": -24.571641922,
            "mean": -32.9071388245,
            "min": -47.1318359375,
            "stdev": 6.21253681183
        },
        "short_term": {
            "max": -26.675901413,
            "mean": -30.065580368,
            "min": -33.4815368652,
            "stdev": 1.99736320972
        }
    },
    "melbands_crest": {
        "max": 35.4703636169,
        "mean": 18.8675861359,
        "min": 2.53216600418,
        "stdev": 7.71021223068
    },
    "melbands_flatness_db": {
        "max": 0.72652131319,
        "mean": 0.306093215942,
        "min": 0.00495921401307,
        "stdev": 0.130319654942
    },
    "melbands_kurtosis": {
        "max": 269.776855469,
        "mean": 29.45154953,
        "min": -1.25608849525,
        "stdev": 51.2106781006
    },
    "melbands_skewness": {
        "max": 13.1160650253,
        "mean": 3.47368097305,
        "min": -0.394217222929,
        "stdev": 2.84534358978
    },
    "melbands_spread": {
        "max": 135.976791382,
        "mean": 17.9795055389,
        "min": 0.351158082485,
        "stdev": 16.7482833862
    },
    "pitch_salience": {
        "max": 0.839586675167,
        "mean": 0.477387070656,
        "min": 0.117568470538,
        "stdev": 0.166886880994
    },
    "silence_rate_20dB": {
        "max": 1,
        "mean": 1,
        "min": 1,
        "stdev": 0
    },
    "silence_rate_30dB": {
        "max": 1,
        "mean": 0.996363639832,
        "min": 0,
        "stdev": 0.0601925514638
    },
    "silence_rate_60dB": {
        "max": 1,
        "mean": 0.274545460939,
        "min": 0,
        "stdev": 0.446285098791
    },
    "spectral_centroid": {
        "max": 10938.3867188,
        "mean": 1168.3963623,
        "min": 161.814544678,
        "stdev": 828.751220703
    },
    "spectral_complexity": {
        "max": 33,
        "mean": 9.77818202972,
        "min": 0,
        "stdev": 7.06758975983
    },
    "spectral_decrease": {
        "max": -7.48814321664e-29,
        "mean": -5.60136559358e-09,
        "min": -4.71408299063e-08,
        "stdev": 6.65953958645e-09
    },
    "spectral_energy": {
        "max": 0.179077342153,
        "mean": 0.0218315459788,
        "min": 1.04463920623e-20,
        "stdev": 0.0256979074329
    },
    "spectral_energyband_high": {
        "max": 0.00317298877053,
        "mean": 0.000198631023522,
        "min": 7.10627875408e-21,
        "stdev": 0.000451470201369
    },
    "spectral_energyband_low": {
        "max": 0.176186695695,
        "mean": 0.0130352331325,
        "min": 9.22226487164e-23,
        "stdev": 0.0219416469336
    },
    "spectral_energyband_middle_high": {
        "max": 0.0116699524224,
        "mean": 0.00165200943593,
        "min": 1.68455604377e-21,
        "stdev": 0.00206676335074
    },
    "spectral_energyband_middle_low": {
        "max": 0.0642652735114,
        "mean": 0.00747408624738,
        "min": 3.74912241523e-22,
        "stdev": 0.0133514525369
    },
    "spectral_entropy": {
        "max": 9.8177986145,
        "mean": 7.33260011673,
        "min": 5.71051740646,
        "stdev": 0.57009524107
    },
    "spectral_flux": {
        "max": 0.288405805826,
        "mean": 0.0634420737624,
        "min": 6.68269606319e-11,
        "stdev": 0.052371468395
    },
    "spectral_kurtosis": {
        "max": 83.6162033081,
        "mean": 7.62481689453,
        "min": -1.22624921799,
        "stdev": 13.0087108612
    },
    "spectral_rms": {
        "max": 0.0132177760825,
        "mean": 0.00380979012698,
        "min": 3.19242874323e-12,
        "stdev": 0.00260472344235
    },
    "spectral_rolloff": {
        "max": 19056.8847656,
        "mean": 992.248291016,
        "min": 64.599609375,
        "stdev": 1467.21252441
    },
    "spectral_skewness": {
        "max": 6.77418136597,
        "mean": 1.48371767998,
        "min": -0.0107728047296,
        "stdev": 0.978039741516
    },
    "spectral_spread": {
        "max": 41918052,
        "mean": 2831176.5,
        "min": 798250.875,
        "stdev": 2445568
    },
    "spectral_strongpeak": {
        "max": 5.09281206131,
        "mean": 0.554908931255,
        "min": 0,
        "stdev": 0.91377979517
    },
    "zerocrossingrate": {
        "max": 0.494140625,
        "mean": 0.0377379246056,
        "min": 0.00244140625,
        "stdev": 0.0375639311969
    },
    "barkbands": {
        "max": [0.0115998331457, 0.156164750457, 0.0403760969639, 0.0237163957208, 0.0312581285834, 0.0199927389622, 0.0588793940842, 0.0386257171631, 0.00711544090882, 0.00329751567915, 0.00332867354155, 0.00651686731726, 0.00160139182117, 0.00575435440987, 0.00597745971754, 0.00388154899701, 0.00227840756997, 0.00501926383004, 0.000600735191256, 0.00114847323857, 0.00158552802168, 0.00191810610704, 0.000339541671565, 0.000120348311611, 1.61808529811e-05, 4.42617704266e-07, 4.02433812496e-07],
        "mean": [0.0010877000168, 0.00952810328454, 0.00193253846373, 0.000957614101935, 0.0015641245991, 0.000948306755163, 0.00275008426979, 0.000618506572209, 0.000533261161763, 0.000208621058846, 0.000203254516236, 0.000304800079903, 0.000121370052511, 0.000128768049763, 0.000270076940069, 0.000172707921593, 9.87365201581e-05, 0.000137670285767, 4.59687616967e-05, 4.66308556497e-05, 6.91058594384e-05, 7.77990208007e-05, 1.88872909348e-05, 6.82238396621e-06, 8.77312729131e-08, 2.00213179369e-09, 1.91320759235e-09],
        "min": [1.04484137803e-23, 2.84872251025e-23, 2.08836693607e-23, 1.8242783931e-23, 3.46552622561e-23, 4.58268895148e-23, 8.94238838207e-23, 7.28045409227e-23, 2.20344817373e-23, 9.59290201717e-23, 1.08082072438e-22, 1.0584471145e-22, 4.44471497034e-23, 5.26090548831e-23, 5.61959580875e-23, 2.07196437214e-22, 1.94814526933e-22, 2.65698551272e-22, 1.88462454841e-22, 3.48436378226e-22, 3.21634898391e-22, 5.06858807848e-22, 5.77538018653e-22, 7.81311619954e-22, 1.23516705291e-21, 1.31838170526e-21, 2.25373233877e-21],
        "stdev": [0.0019759091083, 0.0187784656882, 0.00473255105317, 0.0025050630793, 0.00419615535066, 0.00258206459694, 0.00915771629661, 0.0024348825682, 0.000641396385618, 0.000366390886484, 0.000412139401305, 0.000758253736421, 0.000156927591888, 0.000273500772892, 0.000780416012276, 0.000383532140404, 0.00016637412773, 0.000382335128961, 7.54458887968e-05, 9.51861147769e-05, 0.000191644765437, 0.000211187099922, 4.09986459999e-05, 1.75393124664e-05, 7.73341184868e-07, 1.88528002099e-08, 1.71291674178e-08]
    },
    "erbbands": {
        "max": [6.74682283401, 28.6521320343, 37.7372436523, 75.2020874023, 49.4782104492, 134.007156372, 167.596832275, 209.505813599, 756.00402832, 1381.1048584, 227.530410767, 129.027481079, 124.228713989, 147.690002441, 119.152946472, 264.776306152, 79.4033203125, 312.950927734, 65.6508865356, 401.438079834, 83.329574585, 138.346542358, 357.1612854, 48.6575164795, 46.7896728516, 51.6661834717, 32.8903427124, 79.0281143188, 52.2087898254, 54.7344932556, 10.2361335754, 4.80948781967, 0.80623716116, 0.339189559221, 0.0303965993226, 0.00196183240041, 0.000822572910693, 0.000269936193945, 7.88850084064e-05, 0.00019330062787],
        "mean": [0.385551303625, 1.70792031288, 2.20739173889, 3.1628510952, 3.24485898018, 5.89545917511, 6.99157524109, 8.41184806824, 19.7849159241, 53.1817092896, 8.8660402298, 13.29799366, 8.69478988647, 7.15311002731, 7.26784467697, 12.6943645477, 7.62572431564, 6.61881303787, 7.42936563492, 18.7515048981, 7.86303806305, 6.39439153671, 7.68621110916, 3.25587701797, 2.35557484627, 2.17883777618, 2.13625717163, 3.08219003677, 2.42423820496, 1.99284398556, 0.52800899744, 0.279442131519, 0.0291706472635, 0.00337034091353, 0.000216573418584, 3.49376459781e-05, 1.35703694468e-05, 3.56688155989e-06, 1.09969478217e-05, 2.45651481237e-05],
        "min": [1.672107541e-21, 3.84487079257e-21, 1.53623337128e-20, 5.51030371708e-20, 7.13125330779e-20, 1.24273081989e-19, 2.24849016242e-19, 4.26529789201e-19, 5.87130110453e-19, 2.68548383807e-18, 1.54982338006e-18, 6.90588691592e-19, 1.60958966086e-18, 3.69610850186e-18, 3.28096082129e-18, 4.53858740626e-18, 2.78918871224e-18, 2.17726344933e-18, 2.52453186166e-18, 6.36646879e-18, 1.47429260843e-17, 1.04307177458e-17, 1.17942265511e-17, 1.15308125394e-17, 9.74707199467e-18, 1.66559367608e-17, 1.68082968122e-17, 1.31325832755e-17, 1.98783660751e-17, 1.76367992594e-17, 1.49450493214e-17, 1.5211146707e-17, 1.25140308483e-17, 1.28757403866e-17, 8.28483422018e-18, 5.21042184541e-18, 2.45962217181e-18, 1.13241646244e-18, 3.13820149338e-19, 3.32886914489e-20],
        "stdev": [0.782436549664, 3.41770601273, 4.65800905228, 7.81086969376, 6.9005613327, 17.3329105377, 21.3897094727, 22.2609233856, 75.3780136108, 196.349151611, 21.1010990143, 16.6837348938, 12.6966323853, 15.1144752502, 13.8533153534, 30.7955532074, 11.0918989182, 14.721660614, 9.33462429047, 58.0023918152, 13.0131483078, 11.1798286438, 23.4428367615, 5.04116153717, 4.78813743591, 4.27590274811, 4.57855939865, 9.03879070282, 5.74309873581, 6.08772706985, 1.18906664848, 0.702904105186, 0.0733295753598, 0.0172656532377, 0.00139675743412, 0.000101646925032, 3.72336362489e-05, 1.21555358419e-05, 1.26039567476e-05, 2.85136302409e-05]
    },
    "gfcc": {
        "mean": [-141.636016846, 167.778442383, -163.76260376, 43.1945495605, -38.4211235046, -1.5307854414, 1.93612122536, -11.2341842651, 12.871635437, -12.5390253067, -3.62434244156, -11.2873897552, -5.41725826263],
        "cov": [[13065.8808594, -111.418731689, -1557.63220215, 1243.64672852, -1834.0546875, 185.866531372, -657.438110352, -1184.96594238, 253.996948242, -890.732299805, 215.776168823, 38.8821487427, 180.28414917], [-111.418731689, 2376.30004883, 1273.23535156, -423.309906006, 1431.71984863, -465.605377197, 365.818634033, 262.602844238, -405.331756592, 191.413208008, 8.86143493652, 16.2901744843, 164.804367065], [-1557.63220215, 1273.23535156, 1434.00549316, -248.656646729, 1139.78234863, -183.984725952, 199.753890991, 289.664489746, -310.056518555, 167.382705688, 93.8648147583, -1.80160450935, 138.47492981], [1243.64672852, -423.309906006, -248.656646729, 778.891357422, -126.585624695, 492.297637939, 101.559013367, -226.663574219, 165.828384399, -92.071762085, 21.3135948181, 55.3001823425, 3.12457537651], [-1834.0546875, 1431.71984863, 1139.78234863, -126.585624695, 1674.54321289, 20.5988292694, 479.688964844, 488.098297119, -229.022399902, 344.662597656, 43.4467391968, -53.6531867981, 153.652587891], [185.866531372, -465.605377197, -183.984725952, 492.297637939, 20.5988292694, 755.03527832, 186.522964478, 91.5634918213, 134.493988037, -97.933807373, 108.024230957, -37.7557792664, -9.74603176117], [-657.438110352, 365.818634033, 199.753890991, 101.559013367, 479.688964844, 186.522964478, 338.883117676, 148.960220337, 7.52957773209, 127.31388092, 3.63853979111, 34.8357658386, 15.6956892014], [-1184.96594238, 262.602844238, 289.664489746, -226.663574219, 488.098297119, 91.5634918213, 148.960220337, 406.517974854, -57.6478424072, 138.251525879, 53.2651290894, -96.5662460327, 38.3670578003], [253.996948242, -405.331756592, -310.056518555, 165.828384399, -229.022399902, 134.493988037, 7.52957773209, -57.6478424072, 180.951278687, -1.05953514576, -4.75891923904, 20.1915969849, -44.4294586182], [-890.732299805, 191.413208008, 167.382705688, -92.071762085, 344.662597656, -97.933807373, 127.31388092, 138.251525879, -1.05953514576, 226.723464966, -27.5013885498, 2.47218394279, 23.2650566101], [215.776168823, 8.86143493652, 93.8648147583, 21.3135948181, 43.4467391968, 108.024230957, 3.63853979111, 53.2651290894, -4.75891923904, -27.5013885498, 119.381034851, -4.76199674606, 38.4799346924], [38.8821487427, 16.2901744843, -1.80160450935, 55.3001823425, -53.6531867981, -37.7557792664, 34.8357658386, -96.5662460327, 20.1915969849, 2.47218394279, -4.76199674606, 106.069007874, -8.51708221436], [180.28414917, 164.804367065, 138.47492981, 3.12457537651, 153.652587891, -9.74603176117, 15.6956892014, 38.3670578003, -44.4294586182, 23.2650566101, 38.4799346924, -8.51708221436, 100.38671875]],
        "icov": [[0.000366162741557, -0.000788891222328, 0.000533361046109, -0.0007965026889, 0.00038536748616, 0.000205069198273, 0.000604458211455, 0.000141417986015, -0.000546379131265, 0.000411356770201, -0.000962151621934, 0.00060370657593, -0.000709023268428], [-0.000788891222328, 0.0039770998992, -0.00137578265276, 0.00186315749306, -0.00231486535631, 0.00175275944639, -0.0041786627844, 0.000477444729768, 0.00240158219822, 0.0016907089157, 0.0011643160833, -0.000412216526456, 0.00110134237912], [0.000533361046109, -0.00137578265276, 0.00329894060269, -0.00137228018139, -0.00105274014641, 0.000509290024638, 0.00208948063664, -8.51065124152e-05, 0.00116842740681, 0.0006479472504, -0.00302644865587, -0.000731237232685, -0.000375522475224], [-0.0007965026889, 0.00186315749306, -0.00137228018139, 0.00767026515678, -0.00201479508542, -0.00496934168041, -0.000996293849312, 0.00544321676716, -0.0011656350689, -0.00188784254715, 0.00358869764023, -0.00116293178871, -0.000849918811582], [0.00038536748616, -0.00231486535631, -0.00105274014641, -0.00201479508542, 0.00515514519066, -0.000434627116192, -0.000825239520054, -0.00194259162527, -8.38945197756e-05, -0.00279701501131, 4.56265115645e-05, 0.00215197610669, -0.00166194455232], [0.000205069198273, 0.00175275944639, 0.000509290024638, -0.00496934168041, -0.000434627116192, 0.00941361114383, -0.00601784139872, -0.00387787958607, 0.000311863666866, 0.0066350097768, -0.00512507744133, 0.00347369420342, 0.00106811360456], [0.000604458211455, -0.0041786627844, 0.00208948063664, -0.000996293849312, -0.000825239520054, -0.00601784139872, 0.015562701039, -0.00185731635429, -0.00256279367022, -0.00468135625124, 0.00226633343846, -0.00766286021098, 0.000310572999297], [0.000141417986015, 0.000477444729768, -8.51065124152e-05, 0.00544321676716, -0.00194259162527, -0.00387787958607, -0.00185731635429, 0.0125848185271, -0.000850678829011, -0.00322924298234, -0.00271575059742, 0.00677284738049, -0.00102486857213], [-0.000546379131265, 0.00240158219822, 0.00116842740681, -0.0011656350689, -8.38945197756e-05, 0.000311863666866, -0.00256279367022, -0.000850678829011, 0.0155051415786, -0.00383926089853, -0.00149220181629, -0.00197262014262, 0.00450432021171], [0.000411356770201, 0.0016907089157, 0.0006479472504, -0.00188784254715, -0.00279701501131, 0.0066350097768, -0.00468135625124, -0.00322924298234, -0.00383926089853, 0.0152868488804, -0.000229813987971, 0.000285741931293, -0.00258763856255], [-0.000962151621934, 0.0011643160833, -0.00302644865587, 0.00358869764023, 4.56265115645e-05, -0.00512507744133, 0.00226633343846, -0.00271575059742, -0.00149220181629, -0.000229813987971, 0.0185429546982, -0.0059840218164, -0.00422700215131], [0.00060370657593, -0.000412216526456, -0.000731237232685, -0.00116293178871, 0.00215197610669, 0.00347369420342, -0.00766286021098, 0.00677284738049, -0.00197262014262, 0.000285741931293, -0.0059840218164, 0.0209251269698, -0.000579745392315], [-0.000709023268428, 0.00110134237912, -0.000375522475224, -0.000849918811582, -0.00166194455232, 0.00106811360456, 0.000310572999297, -0.00102486857213, 0.00450432021171, -0.00258763856255, -0.00422700215131, -0.000579745392315, 0.0171261429787]]
    },
    "melbands": {
        "max": [0.0510282889009, 0.01624295488, 0.00982882641256, 0.00556827150285, 0.00639240909368, 0.00459548411891, 0.0125399194658, 0.0127847949043, 0.001404053648, 0.000701009470504, 0.000610806047916, 0.000619883881882, 0.000357004842954, 0.000346045708284, 0.000737699563615, 0.000210137630347, 0.000591633201111, 9.5066956419e-05, 0.000365832500393, 0.000412869732827, 6.4699423092e-05, 0.000125105012557, 0.000255569058936, 0.000231717553106, 4.32489614468e-05, 2.49140121014e-05, 3.61235106539e-05, 3.86126375815e-05, 2.24806335609e-05, 2.86649083137e-05, 5.0482340157e-05, 2.1776124413e-05, 5.34290484211e-05, 2.3789532861e-05, 6.77516027281e-06, 4.65953417006e-06, 2.10948337553e-06, 7.92075923073e-07, 2.37193972907e-07, 3.77086138315e-07],
        "mean": [0.00307110045105, 0.00147436652333, 0.000538623193279, 0.000309436203679, 0.00027361913817, 0.000189586993656, 0.000375526666176, 0.000493719242513, 5.39151660632e-05, 8.16078463686e-05, 4.04667953262e-05, 2.70200362138e-05, 2.43068552663e-05, 2.35718798649e-05, 3.41927552654e-05, 1.27789990074e-05, 1.19050082503e-05, 1.09563698061e-05, 1.96778637473e-05, 2.07761204365e-05, 7.17548164175e-06, 5.86907390243e-06, 8.76006288308e-06, 5.09407755089e-06, 2.33925175053e-06, 1.55065288254e-06, 1.61266711984e-06, 1.45126637108e-06, 1.34804247409e-06, 1.43150100484e-06, 1.88288913705e-06, 1.09744667043e-06, 1.93916048374e-06, 7.07904064257e-07, 2.80580621848e-07, 2.64271420747e-07, 1.1891108187e-07, 1.6792792934e-08, 5.4240771874e-09, 1.36772482229e-09],
        "min": [1.41933668447e-23, 7.79689056134e-24, 9.69030503972e-24, 6.2135228734e-24, 7.59541943045e-24, 9.49210373729e-24, 1.03275957883e-23, 2.66152455526e-23, 1.1357669848e-23, 3.35209126177e-24, 8.18881874716e-24, 1.49687713606e-23, 1.20220603353e-23, 1.02590240542e-23, 1.03935232608e-23, 3.80308935217e-24, 4.22897799996e-24, 4.01090016372e-24, 4.62836526007e-24, 1.00107742604e-23, 1.94988587514e-23, 1.22253426908e-23, 6.05565484576e-24, 1.15297156783e-23, 8.70393939624e-24, 6.36581444331e-24, 8.3224154969e-24, 1.2258746217e-23, 1.21422780041e-23, 6.06087355508e-24, 8.67999510119e-24, 1.251960753e-23, 8.15059922516e-24, 1.08059302757e-23, 7.74947371005e-24, 9.45203354761e-24, 9.70356579154e-24, 8.18677638628e-24, 8.48884463752e-24, 1.11468664926e-23],
        "stdev": [0.00604455173016, 0.00260340096429, 0.00118951871991, 0.000770781247411, 0.000837417668663, 0.000518243177794, 0.00128930283245, 0.00180843623821, 0.000102791229438, 9.71298941295e-05, 6.2330153014e-05, 5.87982212892e-05, 4.51046689705e-05, 4.52883468824e-05, 8.53421588545e-05, 1.97396566364e-05, 2.77246290352e-05, 1.27723669721e-05, 5.38078456884e-05, 5.61446649954e-05, 1.00507331808e-05, 9.19065769267e-06, 2.43849353865e-05, 1.46738202602e-05, 3.64454513146e-06, 2.70375426226e-06, 4.01542320105e-06, 2.87567445412e-06, 2.79032110484e-06, 3.68369796888e-06, 5.74519754082e-06, 2.33267496696e-06, 5.83225119044e-06, 2.10492885344e-06, 6.37644063772e-07, 6.81816800352e-07, 2.93394123219e-07, 5.90094764163e-08, 2.18851265998e-08, 1.72741323468e-08]
    },
    "melbands128": {
        "max": [0.011530357413, 0.0594012327492, 0.0695085823536, 0.0393918156624, 0.0185247976333, 0.0199067946523, 0.0198798216879, 0.00839428603649, 0.00505136325955, 0.00748151121661, 0.00849728100002, 0.0116531234235, 0.0061277942732, 0.00723954057321, 0.00468436256051, 0.00933307595551, 0.014322466217, 0.0227701254189, 0.019697079435, 0.0271676369011, 0.0134378774092, 0.00206487160176, 0.00218064547516, 0.00290534622036, 0.00100305280648, 0.00106740719639, 0.000623906671535, 0.00106822920498, 0.000242291745963, 0.000804677605629, 0.00104097323492, 0.000912181218155, 0.00031928383396, 0.000818157452159, 0.000278104475001, 0.000523812719621, 0.00130412075669, 0.00122698501218, 0.000133775960421, 0.000191450482816, 0.000369260204025, 0.000656592543237, 0.0011672306573, 0.000145836704178, 0.000108709100459, 0.000171192645212, 0.000269314215984, 0.000100686251244, 0.000970515189692, 0.00142975873314, 0.000709314539563, 0.000114012465929, 0.000151969856233, 5.76412494411e-05, 9.64211794781e-05, 0.000142539880471, 0.00033549379441, 0.000312207761453, 0.000455396278994, 0.000921291823033, 0.000177868278115, 0.000114496549941, 0.000106081613922, 4.08597370551e-05, 1.98258640012e-05, 2.09416757571e-05, 4.94845116918e-05, 6.34223688394e-05, 3.33442258125e-05, 3.63085746358e-05, 3.19400387525e-05, 4.57579444628e-05, 4.73907748528e-05, 3.23257299897e-05, 2.23888182518e-05, 1.95805569092e-05, 4.92050530738e-05, 5.7999859564e-05, 9.3377304438e-05, 2.5060333428e-05, 1.78304489964e-05, 2.34100880334e-05, 2.92575114145e-05, 7.85722804721e-05, 7.7173957834e-05, 3.54537223757e-05, 1.772854921e-05, 6.54491532259e-06, 9.54178904067e-06, 9.14904649107e-06, 4.52743825008e-06, 5.61610750083e-06, 7.34701870897e-06, 2.2383239866e-06, 1.85416740806e-06, 1.6669133629e-06, 4.92749961722e-07, 2.35027215467e-07, 5.32808201115e-07, 1.84424479244e-07, 4.58947653215e-07, 6.74567161241e-07, 2.4646041652e-08, 5.00165553419e-09, 4.53394255473e-09, 4.11684508705e-09, 3.81337805777e-09, 3.50584161701e-09, 3.21644488821e-09, 3.00859626101e-09, 2.85638024344e-09, 2.65825472745e-09, 2.5576156748e-09, 2.38477237957e-09, 2.21832197056e-09, 2.10656625477e-09, 2.0135111356e-09, 1.95956739724e-09, 1.86808568614e-09, 1.80771853042e-09, 1.74515002449e-09, 1.66754443587e-09, 1.62968083472e-09, 1.57540025469e-09, 1.58950008711e-09, 1.55295531989e-09, 1.52070755988e-09, 1.51029022621e-09],
        "mean": [0.000986577826552, 0.00332345766947, 0.00412432150915, 0.00233215931803, 0.00117029156536, 0.000956340401899, 0.000681268051267, 0.000415681046434, 0.000308374728775, 0.000257763400441, 0.000345585838659, 0.000369652843801, 0.000198127250769, 0.000243965652771, 0.000190466351341, 0.000150228515849, 0.000206021417398, 0.00030626822263, 0.000687308842316, 0.000862881657667, 0.000192437495571, 3.5364057112e-05, 2.76208320429e-05, 7.69360558479e-05, 0.000115344351798, 6.6467691795e-05, 5.48297393834e-05, 4.46495323558e-05, 2.06480053748e-05, 2.02386236197e-05, 3.72413560399e-05, 2.55665709119e-05, 2.03304989554e-05, 2.96920406981e-05, 1.31148035507e-05, 1.1442518371e-05, 5.40732653462e-05, 4.95725689689e-05, 1.13860978672e-05, 1.22954525068e-05, 1.36192020364e-05, 1.21042094179e-05, 1.28213596327e-05, 1.11718554763e-05, 1.04476812339e-05, 1.24281214084e-05, 9.44814746617e-06, 8.96181518328e-06, 2.91560354526e-05, 4.02812765969e-05, 1.469273775e-05, 8.1566058725e-06, 9.58483087743e-06, 5.22416712556e-06, 5.17214812135e-06, 6.73443355481e-06, 5.29736598764e-06, 8.01049372967e-06, 1.18228645078e-05, 6.35516380498e-06, 5.20421008332e-06, 3.27015686707e-06, 3.16999944516e-06, 1.88010085367e-06, 1.44724970141e-06, 1.30031548906e-06, 1.53182861595e-06, 2.53285656981e-06, 1.12368502414e-06, 1.32457535074e-06, 1.13688417969e-06, 2.08163532989e-06, 1.26567624648e-06, 1.32879119974e-06, 1.1000303175e-06, 1.11515669232e-06, 1.82267660875e-06, 2.0254865376e-06, 2.22619428314e-06, 1.26937902678e-06, 8.97038376024e-07, 9.39656729315e-07, 1.65099356764e-06, 2.45857222581e-06, 1.96119231077e-06, 6.8083215865e-07, 4.31988723903e-07, 2.89205502213e-07, 2.74930329169e-07, 2.66958011252e-07, 2.23177138992e-07, 3.04899373305e-07, 2.7829835858e-07, 9.75367981937e-08, 3.42995782887e-08, 2.25645848673e-08, 1.41043896562e-08, 7.75354269678e-09, 7.6361992285e-09, 2.02802175053e-09, 2.02733096977e-09, 1.80791548399e-09, 9.19880768779e-11, 2.85547557821e-11, 2.38405007541e-11, 2.32406264372e-11, 2.68823990845e-11, 1.80721167198e-11, 1.34846309466e-11, 1.2816049437e-11, 1.25132534542e-11, 1.18281400299e-11, 1.09943755489e-11, 1.04242985771e-11, 1.00679412723e-11, 9.92353855339e-12, 9.78175700161e-12, 9.31796393516e-12, 9.04248551037e-12, 8.73449403083e-12, 8.41936763363e-12, 8.33858416344e-12, 8.21676147261e-12, 7.8346053603e-12, 7.1544740618e-12, 5.79628792879e-12, 5.06584834845e-12, 4.94292020509e-12],
        "min": [1.0423194686e-23, 1.78902703915e-23, 1.03183416611e-23, 4.83354482607e-24, 3.90740437397e-24, 1.30450740898e-23, 1.20891198231e-23, 7.60911090032e-24, 6.56860888836e-24, 3.43225491253e-24, 7.62846954694e-24, 4.6035595289e-24, 4.95706821649e-24, 4.87644584311e-24, 7.99598800977e-24, 2.69304668762e-24, 7.19551901633e-24, 7.84015642655e-24, 1.47350097863e-23, 3.63073484063e-23, 1.30103295001e-23, 1.25115240723e-23, 1.17034338936e-23, 3.47215904699e-24, 3.40431740357e-24, 3.16684877464e-24, 1.99630895891e-24, 4.22115447193e-24, 1.91173782394e-23, 8.65103680622e-24, 1.6615968151e-23, 2.00062020208e-23, 7.50343982663e-24, 7.78023612991e-24, 1.98744965651e-24, 9.99326233721e-24, 1.36081014728e-23, 1.06605337445e-23, 2.84034042926e-24, 3.91752624825e-24, 2.86934704196e-24, 1.95024776508e-24, 4.58913402396e-24, 4.94404293965e-24, 5.01855164101e-24, 4.23031354147e-24, 2.21528747708e-24, 3.7743771818e-24, 6.92254632185e-24, 4.87435102298e-24, 1.16478933527e-23, 9.22320629825e-24, 1.52030078292e-23, 2.74247335928e-23, 1.89946504152e-23, 7.17784616547e-24, 5.6827957946e-24, 5.07198276784e-24, 3.65147896366e-24, 1.06375471266e-23, 9.09651681459e-24, 7.19525001476e-24, 1.45930700436e-23, 5.88445585768e-24, 6.57140027268e-24, 7.29075977114e-24, 5.03197923691e-24, 4.74420120096e-24, 3.73236994417e-24, 8.33943122663e-24, 1.26907398593e-23, 1.08491519647e-23, 7.50445351289e-24, 1.38016406073e-23, 8.23011088238e-24, 6.60678857289e-24, 5.01780853404e-24, 3.86324512379e-24, 1.0585277203e-23, 1.06846026796e-23, 1.25816632731e-23, 1.23842950078e-23, 6.86269544497e-24, 7.16210523496e-24, 8.01771402796e-24, 1.12100226967e-23, 1.21720346263e-23, 8.88214228587e-24, 5.10251010715e-24, 7.44326236133e-24, 8.82136055313e-24, 9.87521955793e-24, 4.04360515356e-24, 9.93041694433e-24, 1.17707679051e-23, 6.65035065536e-24, 6.51812257929e-24, 1.16845043874e-23, 6.98270169904e-24, 7.39897018809e-24, 1.19885298025e-23, 9.00466027306e-24, 8.21904553047e-24, 9.2967667888e-24, 5.38163355011e-24, 7.90922908741e-24, 1.1257717227e-23, 6.00022237881e-24, 7.29140190391e-24, 7.30229607301e-24, 5.3545464332e-24, 4.22024018214e-24, 9.14546800034e-24, 6.69222812538e-24, 8.02676620685e-24, 7.66420652367e-24, 7.39947979223e-24, 8.37720267563e-24, 1.08148294156e-23, 6.36454437725e-24, 1.12753522125e-23, 1.07850317726e-23, 5.65290940478e-24, 9.34857049558e-24, 8.077359801e-24, 1.08079955135e-23, 9.04146063429e-24, 8.62565757318e-24],
        "stdev": [0.00184481858741, 0.00691918889061, 0.00860699545592, 0.00470054475591, 0.00244379835203, 0.00239621731453, 0.00186498137191, 0.00103252287954, 0.000694433052558, 0.000732321990654, 0.00108387030195, 0.00130068219732, 0.000673131318763, 0.000778153073043, 0.000546576804481, 0.000676896190271, 0.00118388957344, 0.00177656498272, 0.0024422458373, 0.00361451180652, 0.000811767706182, 0.000133501598611, 0.000107903040771, 0.000163316450198, 0.000186732810107, 0.000103887061414, 9.35530042625e-05, 9.81657940429e-05, 2.99406401609e-05, 5.51583507331e-05, 0.000106213643448, 6.07242582191e-05, 3.3593732951e-05, 8.6627296696e-05, 2.6748783057e-05, 2.98917238979e-05, 0.000152267457452, 0.000142707285704, 1.53783785208e-05, 2.03077197511e-05, 2.77044764516e-05, 3.16530931741e-05, 5.14515486429e-05, 1.70750863617e-05, 1.38630039146e-05, 1.98394718609e-05, 1.68752558238e-05, 1.22866822494e-05, 0.000111387656943, 0.000163793432876, 4.48906466772e-05, 1.31267752295e-05, 2.07643497561e-05, 7.07069511918e-06, 7.75821172283e-06, 1.23357358461e-05, 1.69023896888e-05, 2.41061934503e-05, 3.80254932679e-05, 4.26163060183e-05, 1.78504124051e-05, 7.77255172579e-06, 6.42999157208e-06, 3.41343161381e-06, 2.32333923122e-06, 2.29889133152e-06, 4.03712920161e-06, 8.07434480521e-06, 2.7155706448e-06, 3.68661062566e-06, 2.24917152991e-06, 4.67688960271e-06, 3.06643164549e-06, 3.25215000885e-06, 2.62650814875e-06, 2.63023889602e-06, 5.48599109607e-06, 6.4937166826e-06, 8.05997569842e-06, 3.13390751217e-06, 2.07384096029e-06, 2.34347658079e-06, 4.19223988501e-06, 7.95215419203e-06, 7.49366608943e-06, 2.42279861595e-06, 1.24979510474e-06, 6.67772894758e-07, 7.11145389687e-07, 7.51209256578e-07, 5.88771570165e-07, 8.29374982914e-07, 9.11296979211e-07, 2.59674720837e-07, 1.2485777745e-07, 1.02286293213e-07, 5.11895521527e-08, 2.81634982002e-08, 4.30775841664e-08, 1.17248273312e-08, 2.41249544786e-08, 2.9485606845e-08, 1.11671494274e-09, 2.61269172963e-10, 2.10863784766e-10, 1.95794214175e-10, 2.15698459094e-10, 1.55510770927e-10, 1.3688282452e-10, 1.28031737989e-10, 1.21544302401e-10, 1.13120818268e-10, 1.08858380643e-10, 1.01503944139e-10, 9.44166897443e-11, 8.96526394789e-11, 8.5686333029e-11, 8.33996760541e-11, 7.95099541762e-11, 7.69356384156e-11, 7.42761477324e-11, 7.09723321779e-11, 6.93607393742e-11, 6.70575053818e-11, 6.76779743358e-11, 6.6174503377e-11, 6.48301343165e-11, 6.43902778319e-11]
    },
    "mfcc": {
        "mean": [-760.065490723, 175.424560547, -45.0860290527, 43.647228241, -13.2746334076, 24.0679855347, -10.7816333771, 17.9634952545, 3.40166115761, 14.1303272247, 5.18143081665, 5.17480754852, -1.98625338078],
        "cov": [[9164.5859375, -1724.75512695, -388.445007324, 412.587860107, -1417.80078125, 966.044067383, -1428.30200195, 346.771362305, -837.612731934, -415.762573242, -900.021118164, 140.647491455, -355.191772461], [-1724.75512695, 3186.33813477, 477.603424072, 475.019195557, 986.309204102, -420.752746582, 874.227172852, -231.413986206, 244.219696045, -72.2339553833, 223.014984131, -248.223449707, 229.624206543], [-388.445007324, 477.603424072, 505.112945557, 25.7604980469, 302.964385986, -56.5184555054, 234.364822388, 61.958114624, -52.7027053833, 1.78400313854, 0.606170713902, -10.6074485779, -12.2661218643], [412.587860107, 475.019195557, 25.7604980469, 499.631652832, 146.182281494, 229.363632202, 119.009872437, -79.5887527466, 95.7557907104, -98.7285308838, 8.04124069214, -50.4507713318, 73.2332000732], [-1417.80078125, 986.309204102, 302.964385986, 146.182281494, 897.016601562, -39.6033325195, 712.907592773, 45.3893966675, 255.137496948, 200.563735962, 159.08984375, 25.4523067474, 95.2022018433], [966.044067383, -420.752746582, -56.5184555054, 229.363632202, -39.6033325195, 549.355529785, 41.4519042969, 206.552642822, 45.4827919006, 27.8704299927, -35.8223876953, 82.3201065063, -2.95220279694], [-1428.30200195, 874.227172852, 234.364822388, 119.009872437, 712.907592773, 41.4519042969, 797.999694824, 91.8256454468, 310.983734131, 182.110473633, 198.226654053, 40.8586349487, 101.103942871], [346.771362305, -231.413986206, 61.958114624, -79.5887527466, 45.3893966675, 206.552642822, 91.8256454468, 295.110931396, -26.6080684662, 103.554344177, -17.7091274261, 83.1550674438, -29.5649662018], [-837.612731934, 244.219696045, -52.7027053833, 95.7557907104, 255.137496948, 45.4827919006, 310.983734131, -26.6080684662, 284.342041016, 82.518989563, 167.260009766, 6.31766033173, 74.5130386353], [-415.762573242, -72.2339553833, 1.78400313854, -98.7285308838, 200.563735962, 27.8704299927, 182.110473633, 103.554344177, 82.518989563, 239.732162476, 39.668422699, 89.4093856812, 0.950643122196], [-900.021118164, 223.014984131, 0.606170713902, 8.04124069214, 159.08984375, -35.8223876953, 198.226654053, -17.7091274261, 167.260009766, 39.668422699, 212.520217896, -13.3801784515, 76.2358856201], [140.647491455, -248.223449707, -10.6074485779, -50.4507713318, 25.4523067474, 82.3201065063, 40.8586349487, 83.1550674438, 6.31766033173, 89.4093856812, -13.3801784515, 125.980644226, -18.0150279999], [-355.191772461, 229.624206543, -12.2661218643, 73.2332000732, 95.2022018433, -2.95220279694, 101.103942871, -29.5649662018, 74.5130386353, 0.950643122196, 76.2358856201, -18.0150279999, 100.792617798]],
        "icov": [[0.000377562944777, -0.000154209512402, 0.000193498126464, -0.000296606100164, 0.000130352229462, -0.00040901376633, 0.000426586862886, -0.000393446680391, 0.000180353759788, 0.000266374467174, 0.000804509327281, -0.000520287430845, 0.000405146740377], [-0.000154209512402, 0.00126940279733, -8.00348352641e-05, -0.00131175923161, -0.000295003817882, 0.0016610189341, -0.00144962314516, -0.000321576633723, 0.000819257518742, 7.5600517448e-05, -0.000361698068446, 0.0015414445661, -0.00086223334074], [0.000193498126464, -8.00348352641e-05, 0.00400371942669, -0.00052794883959, -0.00123563990928, 0.000179951224709, -0.00112206116319, -0.000843547459226, 0.0033453265205, 0.00127957796212, -0.000678573560435, -8.60912841745e-05, 0.00179821171332], [-0.000296606100164, -0.00131175923161, -0.00052794883959, 0.00787549465895, -0.0014985378366, -0.00550713669509, 0.00138223404065, 0.00419810181484, -0.00201836042106, 0.00183566764463, 0.00106909871101, 0.000156784575665, -0.0020499585662], [0.000130352229462, -0.000295003817882, -0.00123563990928, -0.0014985378366, 0.00552416220307, 0.000892284268048, -0.00331105105579, 1.5436033209e-05, -0.000131016495288, -0.00273095699959, 0.000716853013728, -7.83218929428e-05, -0.000229555836995], [-0.00040901376633, 0.0016610189341, 0.000179951224709, -0.00550713669509, 0.000892284268048, 0.00842581316829, -0.00183800817467, -0.00533761037514, -0.00112103205174, -8.92702373676e-05, -0.000135508948006, -6.6854781835e-06, -0.000589313800447], [0.000426586862886, -0.00144962314516, -0.00112206116319, 0.00138223404065, -0.00331105105579, -0.00183800817467, 0.008884052746, -0.00191136670765, -0.00560524500906, 0.000704662117641, 0.00107224925887, -0.00271290377714, 0.000107626336103], [-0.000393446680391, -0.000321576633723, -0.000843547459226, 0.00419810181484, 1.5436033209e-05, -0.00533761037514, -0.00191136670765, 0.0101662911475, 0.00312484288588, -0.00214091315866, -0.00183262955397, -1.98981761059e-05, 1.42683429658e-05], [0.000180353759788, 0.000819257518742, 0.0033453265205, -0.00201836042106, -0.000131016495288, -0.00112103205174, -0.00560524500906, 0.00312484288588, 0.0156527515501, -0.00192075024825, -0.00694145821035, 0.00141639518552, 0.00122273142915], [0.000266374467174, 7.5600517448e-05, 0.00127957796212, 0.00183566764463, -0.00273095699959, -8.92702373676e-05, 0.000704662117641, -0.00214091315866, -0.00192075024825, 0.010173917748, 0.00139187357854, -0.00444326875731, 0.000307564478135], [0.000804509327281, -0.000361698068446, -0.000678573560435, 0.00106909871101, 0.000716853013728, -0.000135508948006, 0.00107224925887, -0.00183262955397, -0.00694145821035, 0.00139187357854, 0.013624005951, -0.000304064917145, -0.00473500415683], [-0.000520287430845, 0.0015414445661, -8.60912841745e-05, 0.000156784575665, -7.83218929428e-05, -6.6854781835e-06, -0.00271290377714, -1.98981761059e-05, 0.00141639518552, -0.00444326875731, -0.000304064917145, 0.0154759706929, -0.000689477426931], [0.000405146740377, -0.00086223334074, 0.00179821171332, -0.0020499585662, -0.000229555836995, -0.000589313800447, 0.000107626336103, 1.42683429658e-05, 0.00122273142915, 0.000307564478135, -0.00473500415683, -0.000689477426931, 0.0176688116044]]
    },
    "spectral_contrast_coeffs": {
        "max": [-0.375138431787, -0.413618206978, -0.632166147232, -0.568553745747, -0.565432071686, -0.366176068783],
        "mean": [-0.755196094513, -0.772707104683, -0.801158249378, -0.834661006927, -0.805868268013, -0.630931854248],
        "min": [-0.975814700127, -0.961751759052, -0.970922708511, -0.967545628548, -0.96280425787, -0.961739420891],
        "stdev": [0.0960041210055, 0.0950514525175, 0.0539733991027, 0.0576864443719, 0.0607134625316, 0.116916917264]
    },
    "spectral_contrast_valleys": {
        "max": [-4.64195537567, -5.39207744598, -6.19573259354, -6.5840473175, -6.65714883804, -10.5831756592],
        "mean": [-7.51269340515, -7.37160253525, -7.90026092529, -7.98538160324, -8.61290836334, -13.9387016296],
        "min": [-27.2864780426, -27.407793045, -27.1070785522, -27.1195678711, -27.1635627747, -27.3047428131],
        "stdev": [1.82777166367, 1.47618424892, 1.46139252186, 1.46225976944, 1.63813376427, 1.43112671375]
    }
},
"rhythm": {
    "beats_count": 23,
    "beats_loudness": {
        "max": 0.0701739490032,
        "mean": 0.0212119743228,
        "min": 0.000197826549993,
        "stdev": 0.0246150027961
    },
    "bpm": 119.700492859,
    "bpm_histogram_first_peak_bpm": 120,
    "bpm_histogram_first_peak_weight": 0.363636374474,
    "bpm_histogram_second_peak_bpm": 115,
    "bpm_histogram_second_peak_spread": 0.333333313465,
    "bpm_histogram_second_peak_weight": 0.181818187237,
    "danceability": 0.812896311283,
    "onset_rate": 1.3323546648,
    "beats_loudness_band_ratio": {
        "max": [0.993715882301, 0.518009006977, 0.839957118034, 0.243457108736, 0.183268859982, 0.286470502615],
        "mean": [0.527057826519, 0.102335005999, 0.220086470246, 0.0824453085661, 0.0619672648609, 0.0297671481967],
        "min": [0.000729797931854, 0.00189183582552, 0.00152635423001, 0.00214305217378, 0.00118480261881, 0.000147322032717],
        "stdev": [0.320404797792, 0.146009474993, 0.23132443428, 0.0725596696138, 0.0557475090027, 0.0581724569201]
    },
    "beats_position": [0.568888902664, 1.14938771725, 1.74149656296, 2.32199549675, 2.90249419212, 3.43655323982, 3.98222208023, 4.48145103455, 4.98067998886, 5.4915189743, 5.99074840546, 6.48997735977, 6.98920631409, 7.47682523727, 7.97605419159, 8.47528362274, 8.98612213135, 9.49696159363, 10.0194101334, 10.5418596268, 11.0643081665, 11.5867567062, 12.1208162308],
