{
"metadata": {
    "version": {
        "essentia": "2.1-beta5",
        "essentia_git_sha": "Undefined",
        "extractor": "music 2.0"
    },
    "audio_properties": {
        "analysis": {
            "equal_loudness": 0,
            "length": 48.7502937317,
            "sample_rate": 44100,
            "start_time": 45.2440834045,
            "downmix": "mix"
        },
        "bit_rate": 192000,
        "length": 195.001190186,
        "lossless": 0,
        "number_channels": 2,
        "replay_gain": 3.11770439148,
        "sample_rate": 48000,
        "codec": "mp3",
        "md5_encoded": "8678efa37d674d72e492524416df8130"
    },
    "tags": {
        "file_name": "Finland_Something Better_Softengine.mp3",
        "encoding": ["Lavf58.29.100"]
    }
},
"lowlevel": {
    "average_loudness": 0.964579880238,
    "barkbands_crest": {
        "max": 23.3239936829,
        "mean": 10.4708147049,
        "min": 2.62411355972,
        "stdev": 3.84016704559
    },
    "barkbands_flatness_db": {
        "max": 0.294459611177,
        "mean": 0.177486687899,
        "min": 0.0653258413076,
        "stdev": 0.0353370681405
    },
    "barkbands_kurtosis": {
        "max": 34.9920654297,
        "mean": 3.26262664795,
        "min": -1.88397848606,
        "stdev": 4.87088871002
    },
    "barkbands_skewness": {
        "max": 5.57186365128,
        "mean": 1.57916045189,
        "min": -1.1289691925,
        "stdev": 0.966888308525
    },
    "barkbands_spread": {
        "max": 86.0749130249,
        "mean": 25.2850723267,
        "min": 2.88069963455,
        "stdev": 13.6811933517
    },
    "dissonance": {
        "max": 0.499875068665,
        "mean": 0.468294918537,
        "min": 0.304326981306,
        "stdev": 0.0260245464742
    },
    "dynamic_complexity": 2.21634888649,
    "erbbands_crest": {
        "max": 29.800945282,
        "mean": 9.51826477051,
        "min": 2.28515172005,
        "stdev": 5.41104650497
    },
    "erbbands_flatness_db": {
        "max": 0.370078861713,
        "mean": 0.192078769207,
        "min": 0.0885160714388,
        "stdev": 0.0369879752398
    },
    "erbbands_kurtosis": {
        "max": 35.8717384338,
        "mean": 0.33269649744,
        "min": -1.68558907509,
        "stdev": 2.45948624611
    },
    "erbbands_skewness": {
        "max": 4.39418983459,
        "mean": 0.313204109669,
        "min": -2.21272444725,
        "stdev": 0.87198805809
    },
    "erbbands_spread": {
        "max": 103.733947754,
        "mean": 43.49559021,
        "min": 4.92919397354,
        "stdev": 18.0961780548
    },
    "hfc": {
        "max": 85.0915985107,
        "mean": 24.0502624512,
        "min": 0.32853987813,
        "stdev": 14.9718046188
    },
    "loudness_ebu128": {
        "integrated": -25.5134086609,
        "loudness_range": 3.9369430542,
        "momentary": {
            "max": -22.7725372314,
            "mean": -26.1199150085,
            "min": -36.8433074951,
            "stdev": 2.55788564682
        },
        "short_term": {
            "max": -23.3389625549,
            "mean": -25.8022537231,
            "min": -33.8069915771,
            "stdev": 1.82795751095
        }
    },
    "melbands_crest": {
        "max": 34.5916023254,
        "mean": 15.701748848,
        "min": 3.67006540298,
        "stdev": 5.43458080292
    },
    "melbands_flatness_db": {
        "max": 0.372969776392,
        "mean": 0.205399125814,
        "min": 0.0564280487597,
        "stdev": 0.0516849793494
    },
    "melbands_kurtosis": {
        "max": 101.993644714,
        "mean": 13.7378044128,
        "min": -1.55251860619,
        "stdev": 14.4980430603
    },
    "melbands_skewness": {
        "max": 8.70475196838,
        "mean": 2.86908388138,
        "min": -0.0497408621013,
        "stdev": 1.55145156384
    },
    "melbands_spread": {
        "max": 136.948303223,
        "mean": 23.4647445679,
        "min": 2.76787400246,
        "stdev": 14.3435764313
    },
    "pitch_salience": {
        "max": 0.819343447685,
        "mean": 0.516328454018,
        "min": 0.167337730527,
        "stdev": 0.101042054594
    },
    "silence_rate_20dB": {
        "max": 1,
        "mean": 1,
        "min": 1,
        "stdev": 0
    },
    "silence_rate_30dB": {
        "max": 1,
        "mean": 1,
        "min": 1,
        "stdev": 0
    },
    "silence_rate_60dB": {
        "max": 1,
        "mean": 0.0356972888112,
        "min": 0,
        "stdev": 0.185534060001
    },
    "spectral_centroid": {
        "max": 4204.25878906,
        "mean": 1523.13867188,
        "min": 373.332641602,
        "stdev": 572.926818848
    },
    "spectral_complexity": {
        "max": 57,
        "mean": 24.5035705566,
        "min": 0,
        "stdev": 12.6589403152
    },
    "spectral_decrease": {
        "max": -4.95116933563e-11,
        "mean": -9.08647557196e-09,
        "min": -3.1771378417e-08,
        "stdev": 5.25488585978e-09
    },
    "spectral_energy": {
        "max": 0.124185360968,
        "mean": 0.0364759229124,
        "min": 0.000224658797379,
        "stdev": 0.0206101220101
    },
    "spectral_energyband_high": {
        "max": 0.00936127640307,
        "mean": 0.00118232856039,
        "min": 1.3572232092e-05,
        "stdev": 0.00116842822172
    },
    "spectral_energyband_low": {
        "max": 0.100645624101,
        "mean": 0.0171514339745,
        "min": 3.79113451743e-08,
        "stdev": 0.0148083278909
    },
    "spectral_energyband_middle_high": {
        "max": 0.0426242761314,
        "mean": 0.00558510562405,
        "min": 8.60591680976e-05,
        "stdev": 0.00557248108089
    },
    "spectral_energyband_middle_low": {
        "max": 0.102101787925,
        "mean": 0.0139727657661,
        "min": 5.44438735233e-05,
        "stdev": 0.0111624738201
    },
    "spectral_entropy": {
        "max": 8.39388370514,
        "mean": 7.75183296204,
        "min": 6.44792413712,
        "stdev": 0.260094493628
    },
    "spectral_flux": {
        "max": 0.295988023281,
        "mean": 0.100188888609,
        "min": 0.00957768969238,
        "stdev": 0.0458633080125
    },
    "spectral_kurtosis": {
        "max": 9.48954391479,
        "mean": 1.3241174221,
        "min": -1.17094945908,
        "stdev": 1.4699754715
    },
    "spectral_rms": {
        "max": 0.0110071087256,
        "mean": 0.00568930152804,
        "min": 0.000468165904749,
        "stdev": 0.0017939095851
    },
    "spectral_rolloff": {
        "max": 7213.62304688,
        "mean": 1351.3260498,
        "min": 64.599609375,
        "stdev": 1192.64575195
    },
    "spectral_skewness": {
        "max": 2.08059334755,
        "mean": 0.810353159904,
        "min": -0.240011721849,
        "stdev": 0.30756187439
    },
    "spectral_spread": {
        "max": 8682324,
        "mean": 3875440,
        "min": 2320139,
        "stdev": 793276.125
    },
    "spectral_strongpeak": {
        "max": 5.83215427399,
        "mean": 0.906190574169,
        "min": 0.00890617724508,
        "stdev": 1.07057511806
    },
    "zerocrossingrate": {
        "max": 0.18994140625,
        "mean": 0.0557254180312,
        "min": 0.0087890625,
        "stdev": 0.0242154281586
    },
    "barkbands": {
        "max": [0.0114584276453, 0.0809682458639, 0.0449180603027, 0.0133410915732, 0.0754685401917, 0.0395595692098, 0.0415867194533, 0.0426453351974, 0.0360925719142, 0.0348667837679, 0.0190744623542, 0.0162295363843, 0.00395869277418, 0.0121670616791, 0.00687536364421, 0.00641552032903, 0.00450415350497, 0.00260829133913, 0.00326400552876, 0.00272396719083, 0.003026119899, 0.00566943222657, 0.00347889889963, 0.00165986281354, 6.49048015475e-05, 6.92983985573e-06, 7.57687394071e-06],
        "mean": [0.000933528819587, 0.0108891520649, 0.0044202581048, 0.00151670782361, 0.00323950778693, 0.00156760727987, 0.00189638044685, 0.00283506070264, 0.00186367565766, 0.00148662482388, 0.000631846138276, 0.000487562181661, 0.000238022432313, 0.000454593508039, 0.000658535922412, 0.000579759187531, 0.000610804767348, 0.000385334074963, 0.00042003460112, 0.000327865011059, 0.00032707612263, 0.000365611573216, 0.000238433189224, 0.000100769502751, 1.14991553346e-06, 5.63046853586e-09, 5.47991740873e-09],
        "min": [1.16366083436e-09, 6.46375786229e-10, 9.17604126016e-09, 2.38840218714e-08, 6.79201832554e-07, 1.063135187e-06, 7.2413615726e-07, 4.30153932029e-06, 4.58571366835e-06, 3.2495877349e-06, 1.59509954756e-06, 2.58277418652e-06, 2.40088138526e-06, 2.86905674329e-06, 5.73739498577e-06, 3.26448071064e-06, 3.34141986968e-06, 4.38524057245e-06, 4.17784394813e-06, 2.3853563107e-06, 3.46813908436e-06, 3.82471580451e-06, 6.72442752148e-07, 1.17136977895e-09, 1.4669962467e-10, 2.18595475054e-10, 2.98186281222e-10],
        "stdev": [0.00168762996327, 0.0123843299225, 0.00456594489515, 0.00137818593066, 0.0056106923148, 0.00331308250315, 0.0039113778621, 0.00503801228479, 0.00430787354708, 0.0034429365769, 0.00178369088098, 0.000957278360147, 0.000346351473127, 0.000692020868883, 0.000873819924891, 0.000710456515662, 0.000739499286283, 0.000388263229979, 0.00044742852333, 0.000326085893903, 0.000325855973642, 0.000408674502978, 0.000353164796252, 0.000199399422854, 4.65112316306e-06, 1.51934386849e-07, 1.65965232668e-07]
    },
    "erbbands": {
        "max": [3.20298433304, 21.3946876526, 51.9246864319, 39.9767112732, 185.938568115, 246.590789795, 428.448364258, 324.912445068, 398.7215271, 971.508300781, 1168.64501953, 759.26550293, 1231.77929688, 503.13293457, 775.393859863, 799.34967041, 185.337539673, 684.477722168, 339.806915283, 447.596984863, 253.657562256, 248.484085083, 169.729797363, 250.079238892, 169.994232178, 165.956298828, 140.179641724, 139.716171265, 248.636032104, 167.547714233, 79.734664917, 64.1568984985, 13.2201156616, 1.82294285297, 0.0568401403725, 0.0272323023528, 0.0129057308659, 0.0046571069397, 0.00108893762808, 0.000145667174365],
        "mean": [0.331618785858, 2.3130402565, 5.32040834427, 5.57674074173, 6.50136899948, 11.372756958, 16.9870586395, 9.48983860016, 15.1422405243, 54.4367980957, 57.4376335144, 37.9760131836, 70.5325775146, 21.477804184, 25.4970016479, 21.1744804382, 12.2865047455, 22.3913173676, 25.6530418396, 40.8438034058, 32.2976722717, 32.1203956604, 22.0211200714, 19.5305404663, 21.9564800262, 15.7536497116, 12.6051225662, 13.6589479446, 13.556596756, 9.77093219757, 6.23389101028, 3.46893048286, 0.908664405346, 0.0638148188591, 0.00230221101083, 0.000245371862547, 6.06231005804e-05, 1.76347202796e-05, 2.30588375416e-05, 4.38991119154e-05],
        "min": [1.46798640799e-07, 6.17825321569e-07, 1.18579200716e-05, 0.000100588375062, 0.000615270866547, 0.00218014256097, 0.00486685009673, 0.00708809262142, 0.0144195407629, 0.0356156118214, 0.100564107299, 0.16453653574, 0.365834355354, 0.0747485682368, 0.113628387451, 0.130216404796, 0.250122666359, 0.156213715672, 0.297476917505, 0.293532401323, 0.375918626785, 0.197629481554, 0.231041073799, 0.243036732078, 0.133142739534, 0.123386852443, 0.131688222289, 0.130482062697, 0.114333301783, 0.102217398584, 0.0192237850279, 0.00355625106022, 0.000195765547687, 1.60423805937e-05, 3.85355087928e-06, 2.13850171349e-06, 8.72605539826e-07, 3.809365694e-07, 2.37119792246e-07, 3.34145283887e-07],
        "stdev": [0.507054150105, 2.62870311737, 5.53232717514, 4.30005741119, 12.3822994232, 21.185087204, 40.617477417, 15.942284584, 24.4675178528, 112.059204102, 107.220802307, 72.6468963623, 149.998672485, 37.1812477112, 63.3570404053, 44.777797699, 16.2930335999, 35.5244827271, 30.5197238922, 56.3371925354, 36.390663147, 37.8238754272, 22.0057048798, 20.4428844452, 23.342628479, 15.8686885834, 13.4581279755, 13.3833885193, 15.4702663422, 13.1831130981, 9.27455711365, 6.91787672043, 1.70389401913, 0.150315180421, 0.0050906194374, 0.000699458934832, 0.000287926784949, 0.00010290517821, 2.60485885519e-05, 2.36206378759e-05]
    },
    "gfcc": {
        "mean": [-8.00051116943, 136.658203125, -161.137069702, 74.8174057007, -73.3056945801, 14.4015207291, -12.1762523651, -11.6498851776, 16.2542457581, -23.969669342, 2.11147975922, -18.3402576447, -2.17359232903],
        "cov": [[2709.12939453, 50.0109939575, 392.718841553, 598.33013916, 217.73197937, 231.690231323, -134.059158325, 183.394897461, -35.1756629944, 16.0912246704, 69.4676742554, -38.9054641724, 164.69354248], [50.0109939575, 600.468261719, 111.0259552, -11.8468532562, 196.575775146, -132.789428711, 154.674682617, -35.8968582153, 84.0405654907, -8.1674747467, 26.3169174194, 11.5812730789, 6.15800666809], [392.718841553, 111.0259552, 645.912414551, 325.268280029, 50.2950935364, 174.839614868, -37.8440284729, 35.9130897522, -5.07570314407, 23.7938232422, 44.7994880676, -11.4662628174, 26.1026058197], [598.33013916, -11.8468532562, 325.268280029, 397.502197266, 153.94619751, 105.665473938, -84.5971679688, 13.6182985306, -24.110168457, 18.0905952454, 23.062625885, 8.93426418304, 57.7074012756], [217.73197937, 196.575775146, 50.2950935364, 153.94619751, 285.485473633, 22.3339576721, 38.837474823, 16.2416000366, 40.8364219666, 8.60985660553, 15.8177366257, 30.7358131409, 51.1121368408], [231.690231323, -132.789428711, 174.839614868, 105.665473938, 22.3339576721, 231.626785278, 12.4283466339, 87.9099121094, -15.1270580292, 4.75282001495, 17.668466568, -10.6288585663, 22.0319786072], [-134.059158325, 154.674682617, -37.8440284729, -84.5971679688, 38.837474823, 12.4283466339, 208.296920776, 53.0605964661, 53.8893890381, 1.77085924149, -5.20346975327, -0.139750570059, -27.7767333984], [183.394897461, -35.8968582153, 35.9130897522, 13.6182985306, 16.2416000366, 87.9099121094, 53.0605964661, 140.420730591, 51.5665626526, 15.0914497375, 16.8887844086, -25.6049900055, 9.23426532745], [-35.1756629944, 84.0405654907, -5.07570314407, -24.110168457, 40.8364219666, -15.1270580292, 53.8893890381, 51.5665626526, 110.085502625, 46.6463317871, 18.0096855164, -3.59832644463, -13.6057949066], [16.0912246704, -8.1674747467, 23.7938232422, 18.0905952454, 8.60985660553, 4.75282001495, 1.77085924149, 15.0914497375, 46.6463317871, 64.4079971313, 31.5213985443, 4.16163444519, -7.75604295731], [69.4676742554, 26.3169174194, 44.7994880676, 23.062625885, 15.8177366257, 17.668466568, -5.20346975327, 16.8887844086, 18.0096855164, 31.5213985443, 62.2737960815, 22.4995861053, 10.6109046936], [-38.9054641724, 11.5812730789, -11.4662628174, 8.93426418304, 30.7358131409, -10.6288585663, -0.139750570059, -25.6049900055, -3.59832644463, 4.16163444519, 22.4995861053, 68.6050491333, 31.3173179626], [164.69354248, 6.15800666809, 26.1026058197, 57.7074012756, 51.1121368408, 22.0319786072, -27.7767333984, 9.23426532745, -13.6057949066, -7.75604295731, 10.6109046936, 31.3173179626, 77.8136138916]],
        "icov": [[0.000924929161556, -0.00167738622986, 0.00128783972468, -0.00227514840662, 0.00144934211858, -0.00119646056555, 0.0011011925526, -0.00188816455193, 0.00108317099512, -0.00106294837315, 0.000489273981657, -7.9766896306e-06, -0.000545759510715], [-0.00167738622986, 0.0137551501393, -0.00822099111974, 0.00860087759793, -0.0103656370193, 0.0105626108125, -0.00949945766479, 0.00972489174455, -0.00718045420945, 0.0108238514513, -0.0107824150473, 0.00844889972359, -0.00399284018204], [0.00128783972468, -0.00822099111974, 0.00870333984494, -0.00914013758302, 0.0080070598051, -0.00825980212539, 0.00465240003541, -0.0039732940495, 0.00195999233983, -0.00435307109728, 0.00340565829538, -0.00309705571271, 0.00168607442174], [-0.00227514840662, 0.00860087759793, -0.00914013758302, 0.0156959202141, -0.0113960662857, 0.00658452603966, -0.00280804792419, 0.00522647239268, -0.000663184968289, 0.00194619549438, -0.00263867760077, 0.00302679371089, -0.00122119963635], [0.00144934211858, -0.0103656370193, 0.0080070598051, -0.0113960662857, 0.0151542425156, -0.00865386426449, 0.00440470082685, -0.0048287329264, 0.000246300769504, -0.00465019093826, 0.00603954447433, -0.00588880386204, -0.000714255147614], [-0.00119646056555, 0.0105626108125, -0.00825980212539, 0.00658452603966, -0.00865386426449, 0.0169091429561, -0.00761653902009, 0.000280466338154, 0.000456437090179, 0.00543241715059, -0.00723216310143, 0.00521346041933, -0.00276215467602], [0.0011011925526, -0.00949945766479, 0.00465240003541, -0.00280804792419, 0.00440470082685, -0.00761653902009, 0.0147634027526, -0.0101979430765, 0.00382406590506, -0.00663366401568, 0.00998406298459, -0.00949506834149, 0.00715383514762], [-0.00188816455193, 0.00972489174455, -0.0039732940495, 0.00522647239268, -0.0048287329264, 0.000280466338154, -0.0101979430765, 0.0263581983745, -0.0164742600173, 0.0130364857614, -0.0136150075123, 0.0147215118632, -0.00864182133228], [0.00108317099512, -0.00718045420945, 0.00195999233983, -0.000663184968289, 0.000246300769504, 0.000456437090179, 0.00382406590506, -0.0164742600173, 0.0292252469808, -0.0230043586344, 0.00996694713831, -0.00669627683237, 0.00529212504625], [-0.00106294837315, 0.0108238514513, -0.00435307109728, 0.00194619549438, -0.00465019093826, 0.00543241715059, -0.00663366401568, 0.0130364857614, -0.0230043586344, 0.0430792719126, -0.023564202711, 0.00874059088528, -0.00102151592728], [0.000489273981657, -0.0107824150473, 0.00340565829538, -0.00263867760077, 0.00603954447433, -0.00723216310143, 0.00998406298459, -0.0136150075123, 0.00996694713831, -0.023564202711, 0.038652382791, -0.01922775805, 0.00575419841334], [-7.9766896306e-06, 0.00844889972359, -0.00309705571271, 0.00302679371089, -0.00588880386204, 0.00521346041933, -0.00949506834149, 0.0147215118632, -0.00669627683237, 0.00874059088528, -0.01922775805, 0.0338361412287, -0.0158975888044], [-0.000545759510715, -0.00399284018204, 0.00168607442174, -0.00122119963635, -0.000714255147614, -0.00276215467602, 0.00715383514762, -0.00864182133228, 0.00529212504625, -0.00102151592728, 0.00575419841334, -0.0158975888044, 0.0259299017489]]
    },
    "melbands": {
        "max": [0.0244296547025, 0.0216026157141, 0.00816139392555, 0.016017081216, 0.0114132743329, 0.00670696189627, 0.00651306565851, 0.0103593477979, 0.00896074436605, 0.00479899533093, 0.00637721130624, 0.00218237494119, 0.00315266242251, 0.00190801650751, 0.00112723279744, 0.000433423323557, 0.00136790843681, 0.000458928872831, 0.000429142732173, 0.000609208131209, 0.000281973159872, 0.000324719556374, 0.000220384215936, 0.000130821033963, 0.000235871193581, 0.000152069056639, 0.000102488185803, 0.000148226987221, 0.000101889614598, 8.81464002305e-05, 7.38829039619e-05, 0.000118503179692, 0.000148047634866, 9.60565448622e-05, 4.89863123221e-05, 5.53679346922e-05, 3.33989992214e-05, 1.29446852952e-05, 4.49911749456e-06, 6.35441040231e-07],
        "mean": [0.00298781879246, 0.00287466263399, 0.000968605047092, 0.000639825768303, 0.000582898559514, 0.000232531514484, 0.000270356162218, 0.000596821657382, 0.000432791130152, 0.000253230478847, 0.000349517562427, 7.72904386395e-05, 9.50445974013e-05, 5.39039974683e-05, 4.01153192797e-05, 2.57259143837e-05, 4.34782523371e-05, 3.84256854886e-05, 4.6678520448e-05, 5.30314791831e-05, 3.60438643838e-05, 3.65526248061e-05, 2.25926523854e-05, 1.8182423446e-05, 1.50639252752e-05, 1.67302659975e-05, 1.37446322697e-05, 9.54968982114e-06, 7.62104218666e-06, 7.78266257839e-06, 7.8946004578e-06, 8.05822219263e-06, 6.4175337684e-06, 5.07677486894e-06, 3.78738786821e-06, 2.81030611404e-06, 1.82630287782e-06, 7.52987091346e-07, 1.53005700554e-07, 8.37473379534e-09],
        "min": [2.36418906674e-09, 2.40048603217e-09, 1.06437889613e-08, 1.17645164721e-07, 1.64879878639e-07, 1.79664311872e-07, 1.2539331351e-07, 5.20296396189e-07, 7.9427803712e-07, 7.5826886814e-07, 1.59946057465e-06, 1.86428962934e-07, 2.54179695958e-07, 2.59568707861e-07, 4.4859729087e-07, 2.61567805637e-07, 2.53620953572e-07, 4.31246775179e-07, 3.26307031173e-07, 3.12986742301e-07, 4.5456900466e-07, 2.0938549028e-07, 1.20868861586e-07, 1.93179673147e-07, 1.89812013218e-07, 1.00450989748e-07, 8.30018009879e-08, 6.58654286667e-08, 5.24095256083e-08, 9.90431985315e-08, 6.90434163175e-08, 5.74561234146e-08, 5.48125242972e-08, 3.51840832025e-08, 5.54897239269e-09, 1.67826241793e-09, 2.27531327113e-11, 6.60987193798e-12, 1.33979513681e-12, 1.00258863711e-12],
        "stdev": [0.00380755402148, 0.00268678297289, 0.000797472719569, 0.00117780617438, 0.00122186623048, 0.000400584220188, 0.000472462619655, 0.00117989245337, 0.000869443640113, 0.000553504913114, 0.000751577492338, 0.000153005385073, 0.000272271310678, 9.87586972769e-05, 7.98900364316e-05, 3.65976229659e-05, 7.22923796275e-05, 4.65452176286e-05, 6.06945322943e-05, 7.09610467311e-05, 4.18321469624e-05, 4.58278882434e-05, 2.44757593464e-05, 1.90788978216e-05, 1.68409351318e-05, 1.88293834071e-05, 1.43231318361e-05, 1.05368608274e-05, 8.68962888489e-06, 8.52501489135e-06, 8.03880266176e-06, 9.3824992291e-06, 8.35403807287e-06, 7.51431434765e-06, 5.54723328605e-06, 5.27892098034e-06, 3.84159829991e-06, 1.42928195146e-06, 3.5171248669e-07, 4.4970054347e-08]
    },
    "melbands128": {
        "max": [0.00979182869196, 0.029650721699, 0.0334751568735, 0.0405157953501, 0.0300390534103, 0.0187888294458, 0.00873962417245, 0.00801044330001, 0.0215320866555, 0.02086930722, 0.0184995569289, 0.0143802836537, 0.020927388221, 0.0139926671982, 0.00867825932801, 0.00878416374326, 0.00560225080699, 0.0109382178634, 0.01497651916, 0.0182647760957, 0.0143332825974, 0.0158907063305, 0.0158819407225, 0.012913711369, 0.00727531500161, 0.00976510159671, 0.0135230766609, 0.0115912780166, 0.00930605549365, 0.00384031562135, 0.00328833074309, 0.00384209747426, 0.00648511946201, 0.00232633482665, 0.00192039727699, 0.0038841641508, 0.00399318989366, 0.00248026754707, 0.000989911844954, 0.000959473894909, 0.000680453784298, 0.000907595502213, 0.002881514607, 0.0021669564303, 0.000962704478297, 0.000516336935107, 0.00120601558592, 0.000417904841015, 0.000830945791677, 0.0012255323818, 0.001087206183, 0.000502031180076, 0.000583920511417, 0.000493224943057, 0.000690128887072, 0.00067905819742, 0.000359885540092, 0.000370220746845, 0.000259381980868, 0.000194664899027, 0.000207545614103, 0.000196645283722, 0.000191991319298, 0.000397975352826, 0.000156066453201, 0.000308860879159, 0.000287637492875, 0.00016851912369, 0.000176605899469, 0.000137976254337, 0.000236681080423, 0.000140535834362, 0.000136357994052, 0.000118323652714, 0.000121287193906, 0.000158778522746, 0.000102931400761, 0.000103809012217, 0.000104645267129, 8.75296027516e-05, 0.000122333876789, 0.000162478638231, 0.000306573929265, 0.000150929496158, 0.000105613784399, 0.000138683783007, 0.000109582251753, 8.29970376799e-05, 6.12825679127e-05, 5.80327250645e-05, 6.32607479929e-05, 7.67317324062e-05, 6.89884545864e-05, 4.90264537802e-05, 2.64239079115e-05, 2.23655424634e-05, 1.41647869896e-05, 1.31970455186e-05, 3.82205325877e-06, 2.72830152426e-06, 1.37304584769e-06, 2.1550435747e-07, 5.85582071722e-08, 5.63261295383e-08, 5.43404681252e-08, 5.2228642744e-08, 5.05282642393e-08, 4.86650826304e-08, 4.69070506881e-08, 4.51646293698e-08, 4.37684271049e-08, 4.25195416653e-08, 4.10080644997e-08, 3.94308550256e-08, 3.83743632426e-08, 3.74112474333e-08, 3.61977079422e-08, 3.51922011532e-08, 3.42856019131e-08, 3.36439605064e-08, 3.27467439831e-08, 3.19802211379e-08, 3.15152774988e-08, 3.09591854375e-08, 3.0577169241e-08, 3.025455797e-08, 2.99834184148e-08, 2.98321651826e-08],
        "mean": [0.000864644476678, 0.00273632141761, 0.00360207632184, 0.00400181720033, 0.00309604522772, 0.00202156649902, 0.00118140864652, 0.000631732284091, 0.000630858005024, 0.000672961759847, 0.0006143313949, 0.000649993133266, 0.000694180373102, 0.000359391095117, 0.000157242277055, 0.000211167614907, 0.000199586429517, 0.000188196543604, 0.000435643160017, 0.000794171181042, 0.000526589050423, 0.000462130556116, 0.000563961220905, 0.000207357210456, 0.000148501450894, 0.000267004070338, 0.00048055476509, 0.000460326496977, 0.000138259478263, 6.62029196974e-05, 5.463017078e-05, 8.61075968714e-05, 0.000143156037666, 5.66340168007e-05, 4.26281330874e-05, 5.54531616217e-05, 7.40034593036e-05, 3.58506222256e-05, 2.48390897468e-05, 2.20817128138e-05, 2.03140662052e-05, 3.96333161916e-05, 4.74191692774e-05, 4.61725103378e-05, 3.29891227011e-05, 3.38399549946e-05, 5.25101058884e-05, 2.90353309538e-05, 5.06004325871e-05, 7.79660549597e-05, 4.75774722872e-05, 3.94683956983e-05, 2.95066129183e-05, 3.50372065441e-05, 4.92809595016e-05, 3.63946783182e-05, 2.77479357464e-05, 2.44655893766e-05, 2.14110768866e-05, 1.7340942577e-05, 1.9718085241e-05, 1.65197452588e-05, 1.58636521519e-05, 1.44870928125e-05, 1.40237189044e-05, 1.76032754098e-05, 1.80110400834e-05, 1.54549306899e-05, 1.23914942378e-05, 1.20446693472e-05, 1.00084898804e-05, 8.10421897768e-06, 7.34011018722e-06, 7.91823731561e-06, 7.27236420062e-06, 7.66554694565e-06, 8.07013293525e-06, 8.14204668131e-06, 7.63582647778e-06, 7.76857996243e-06, 8.76393460203e-06, 7.92220725998e-06, 7.01652061252e-06, 6.49645153317e-06, 5.69791927774e-06, 5.24205825059e-06, 4.80424387206e-06, 4.89124477099e-06, 3.65506525668e-06, 3.08957396555e-06, 3.07548634737e-06, 2.70736404673e-06, 2.43965200752e-06, 1.95934103431e-06, 1.38380539738e-06, 1.00732256669e-06, 6.37134746739e-07, 3.48574928921e-07, 1.55988558959e-07, 4.74431409714e-08, 1.37085311991e-08, 2.42476438927e-09, 6.98485436157e-11, 4.3064385391e-11, 4.09780750998e-11, 4.71399169699e-11, 7.14191275564e-11, 6.23524287757e-11, 3.74050165841e-11, 3.28215093992e-11, 3.17494502911e-11, 3.08553113615e-11, 2.97283968276e-11, 2.858372046e-11, 2.77931636039e-11, 2.71098369448e-11, 2.63263317396e-11, 2.55974859364e-11, 2.50271383478e-11, 2.44856877829e-11, 2.38173578082e-11, 2.33108202879e-11, 2.30024697206e-11, 2.2558843682e-11, 2.18219452924e-11, 2.07506824224e-11, 2.01158534274e-11, 1.99479426033e-11],
        "min": [4.85757510604e-11, 2.83259776745e-10, 2.76872101634e-11, 4.19761225778e-10, 1.67991209832e-09, 5.58967272468e-09, 2.21939933098e-09, 1.72734928583e-08, 8.7308658081e-09, 4.94495466796e-08, 9.76271152808e-08, 7.40004821864e-08, 1.28649357833e-08, 5.06314705717e-08, 2.87917529818e-08, 1.27337898448e-07, 7.59939311479e-08, 4.58237749967e-08, 6.59726921981e-08, 7.41340713262e-08, 3.15732478384e-07, 1.16869010469e-07, 4.2557053348e-07, 1.22307412198e-07, 8.23391061999e-08, 2.38766119764e-07, 3.76812778313e-07, 1.22777294109e-06, 1.46342415519e-07, 7.34485894327e-08, 6.58863541503e-08, 5.6223456113e-08, 4.60085445297e-08, 9.26886585262e-08, 1.13978011029e-07, 5.73035059404e-08, 1.30369087969e-07, 2.18450423972e-07, 3.91143757383e-08, 4.17717167522e-08, 5.01921455509e-08, 9.02171279904e-08, 8.83538220364e-08, 2.04873515486e-07, 6.92243560252e-08, 3.61919830993e-07, 1.11165505245e-07, 1.06956456136e-07, 1.34369471994e-07, 1.96613555659e-07, 1.71179664221e-07, 5.12273352626e-08, 1.05563650266e-07, 2.03154570499e-07, 3.33695936661e-07, 9.22522929159e-08, 3.34794876267e-08, 7.51683728595e-08, 4.11337701678e-08, 4.71504897348e-08, 1.36430543307e-07, 1.62555394922e-07, 1.12875568448e-07, 5.82053232279e-08, 5.50403882471e-08, 6.47816378319e-08, 5.42951283933e-08, 5.1240260035e-08, 5.99705671789e-08, 5.22871133057e-08, 3.13840970989e-08, 3.14484758235e-08, 2.50563694237e-08, 4.16778114243e-08, 3.88656751227e-08, 5.87863979717e-08, 5.56227206516e-08, 2.47297258227e-08, 2.89850099477e-08, 4.76161758911e-08, 5.18208160827e-08, 5.08075643779e-08, 1.54197863367e-08, 2.55890313383e-08, 3.31653104979e-08, 1.8744643171e-08, 6.69897959327e-09, 4.36877556353e-09, 6.84240397675e-09, 9.77775194144e-10, 8.38059899255e-10, 1.14562481723e-09, 2.28285203241e-11, 1.51362238715e-11, 1.17420023357e-11, 1.80251148209e-12, 1.01127071127e-12, 9.27843956181e-13, 8.18508834929e-13, 6.80205295301e-13, 7.00325539747e-13, 6.60608015773e-13, 6.88657681228e-13, 7.78762525386e-13, 6.18000063016e-13, 8.99715252387e-13, 7.53553252783e-13, 6.7537869828e-13, 6.55454586006e-13, 8.30460862838e-13, 8.36971225833e-13, 7.31976382718e-13, 7.84936297817e-13, 8.71357348255e-13, 7.46275762541e-13, 9.96443270777e-13, 9.10690251509e-13, 9.06340595023e-13, 9.39864071986e-13, 9.5698882846e-13, 9.07321581149e-13, 9.00940726103e-13, 9.03143065976e-13, 8.57103613344e-13, 5.43713511714e-13, 2.54779162177e-13, 2.35840145834e-14, 1.01894940121e-15],
        "stdev": [0.00158139283303, 0.00483267288655, 0.00540344417095, 0.00451272213832, 0.00354829337448, 0.00198215665296, 0.000993635272607, 0.000738215632737, 0.00145690434147, 0.00156796583906, 0.00135426479392, 0.00142433226574, 0.00192566111218, 0.00103457435034, 0.000367463333532, 0.000376078445697, 0.000347571884049, 0.000523763999809, 0.00117097748443, 0.00189996941481, 0.00139812822454, 0.00110168883111, 0.0014522576239, 0.00067425268935, 0.000443924713181, 0.000902047380805, 0.00135933305137, 0.00120102625806, 0.000476038781926, 0.000183679658221, 0.000167552978382, 0.000286126072751, 0.000522069924045, 0.000139059004141, 9.13893236429e-05, 0.000152174819959, 0.000216623680899, 0.000103443970147, 5.61996712349e-05, 5.05707976117e-05, 4.05815844715e-05, 8.08633776614e-05, 0.000117913936265, 8.93866963452e-05, 5.58674837521e-05, 4.7910882131e-05, 8.98191792658e-05, 4.34492249042e-05, 8.31667784951e-05, 0.00013196618238, 7.88612887845e-05, 5.99968552706e-05, 4.10199099861e-05, 4.82189025206e-05, 7.6013187936e-05, 5.69773619645e-05, 4.0300157707e-05, 3.24512038787e-05, 2.79489559034e-05, 2.15186173591e-05, 2.45998944592e-05, 2.03341460292e-05, 1.95378015633e-05, 2.06626264116e-05, 1.810363392e-05, 2.40142508119e-05, 2.45666597039e-05, 1.9857643565e-05, 1.49300276462e-05, 1.42405697261e-05, 1.3353099348e-05, 1.15356297101e-05, 1.00814368125e-05, 1.0088378076e-05, 9.0607063612e-06, 1.07136502265e-05, 9.59278713708e-06, 9.38026732911e-06, 9.13713847694e-06, 9.2715727078e-06, 1.10868249976e-05, 1.10929413495e-05, 1.09019574666e-05, 9.47262651607e-06, 8.2480328274e-06, 8.78148875927e-06, 8.0306926975e-06, 7.74598356656e-06, 5.51656376047e-06, 5.31268278792e-06, 5.84788358537e-06, 5.60252783544e-06, 5.80304504183e-06, 4.56147336081e-06, 2.83224767372e-06, 1.99156397684e-06, 1.3279606037e-06, 8.22281890578e-07, 3.60638438224e-07, 1.93399912973e-07, 8.88310580649e-08, 1.50887569106e-08, 1.3145998734e-09, 1.23693089105e-09, 1.19268639409e-09, 1.1479195372e-09, 1.1410846712e-09, 1.08288100709e-09, 1.02858299655e-09, 9.90168391724e-10, 9.593726924e-10, 9.31869692522e-10, 8.98664975768e-10, 8.64074367612e-10, 8.40844394112e-10, 8.19629475401e-10, 7.93030474622e-10, 7.7093165185e-10, 7.51083473194e-10, 7.36933514212e-10, 7.17276127382e-10, 7.00459135139e-10, 6.90241253043e-10, 6.78106848451e-10, 6.69716782031e-10, 6.62669419338e-10, 6.56731113935e-10, 6.53416154517e-10]
    },
    "mfcc": {
        "mean": [-620.455078125, 125.739601135, -17.1582756042, 49.7195396423, -19.8761920929, 28.9288864136, -22.8153514862, 26.509305954, -6.63114023209, 21.7315731049, -8.30644130707, 11.9099674225, -9.65596675873],
        "cov": [[2704.34057617, -278.742248535, 270.827819824, 309.471160889, 426.573394775, 48.0884971619, 141.910766602, 49.4525604248, 54.509059906, 84.8783416748, -99.5412368774, 13.3138017654, -25.1847648621], [-278.742248535, 714.985473633, -179.998794556, 157.563598633, -94.57081604, 36.554473877, -31.7562656403, 56.3384475708, 10.5449666977, 23.8615684509, 40.6078338623, 22.4003105164, 12.5026092529], [270.827819824, -179.998794556, 711.853149414, 51.2412719727, 187.236602783, 67.2835769653, 109.562767029, -0.916747033596, 15.9216423035, -9.10990810394, 20.273607254, 48.908241272, -14.1989440918], [309.471160889, 157.563598633, 51.2412719727, 354.344573975, 140.941711426, 106.892364502, -14.0859708786, 13.7921323776, -18.5424633026, 17.3915214539, -43.3537483215, 13.8801345825, 2.05535054207], [426.573394775, -94.57081604, 187.236602783, 140.941711426, 334.999786377, 66.4623718262, 65.5394973755, -2.25123000145, 31.2154273987, 3.00592207909, -33.2611160278, -4.52444171906, 30.3486404419], [48.0884971619, 36.554473877, 67.2835769653, 106.892364502, 66.4623718262, 137.600906372, 31.0502796173, 32.6054496765, -4.71062898636, 2.60805416107, -13.0344181061, 16.9802246094, 0.247589409351], [141.910766602, -31.7562656403, 109.562767029, -14.0859708786, 65.5394973755, 31.0502796173, 141.310150146, 51.5534858704, 52.1962928772, -1.9145116806, 19.415271759, 3.45452570915, -0.361279815435], [49.4525604248, 56.3384475708, -0.916747033596, 13.7921323776, -2.25123000145, 32.6054496765, 51.5534858704, 108.291442871, 42.0798568726, 39.4436912537, 12.842297554, 17.073797226, -6.05130147934], [54.509059906, 10.5449666977, 15.9216423035, -18.5424633026, 31.2154273987, -4.71062898636, 52.1962928772, 42.0798568726, 102.172653198, 35.1538085938, 36.6905899048, 1.73167812824, 14.5047979355], [84.8783416748, 23.8615684509, -9.10990810394, 17.3915214539, 3.00592207909, 2.60805416107, -1.9145116806, 39.4436912537, 35.1538085938, 108.85370636, 37.1653213501, 30.8521881104, -11.335477829], [-99.5412368774, 40.6078338623, 20.273607254, -43.3537483215, -33.2611160278, -13.0344181061, 19.415271759, 12.842297554, 36.6905899048, 37.1653213501, 99.0635375977, 29.8955192566, 15.7092428207], [13.3138017654, 22.4003105164, 48.908241272, 13.8801345825, -4.52444171906, 16.9802246094, 3.45452570915, 17.073797226, 1.73167812824, 30.8521881104, 29.8955192566, 81.4678268433, 22.1973457336], [-25.1847648621, 12.5026092529, -14.1989440918, 2.05535054207, 30.3486404419, 0.247589409351, -0.361279815435, -6.05130147934, 14.5047979355, -11.335477829, 15.7092428207, 22.1973457336, 86.1394805908]],
        "icov": [[0.000580775726121, 0.000236712556216, 2.36089254031e-05, -0.000549817283172, -0.000419493066147, 0.00058876053663, -0.000591429299675, -5.32805424882e-05, -1.27200189581e-06, -0.000499095942359, 0.000532807898708, -0.000249612494372, 0.000194026433746], [0.000236712556216, 0.00219117850065, 0.000446425139671, -0.00170973292552, 0.000624741369393, 0.000276028178632, 2.98926770483e-05, -0.00104385265149, -0.000243165704887, 0.000519273802638, -0.00116824219003, -0.000168915066752, -6.26929977443e-05], [2.36089254031e-05, 0.000446425139671, 0.00219091889448, -0.000194656502572, -0.00103288039099, -0.000299975974485, -0.0011276077712, 0.000533933343831, 8.3453458501e-05, 0.00090291298693, -0.000969564309344, -0.00185473531019, 0.00146497425158], [-0.000549817283172, -0.00170973292552, -0.000194656502572, 0.0062462403439, -0.0019387161592, -0.00351212918758, 0.00209148577414, 0.000285679387162, 0.000576166203246, -0.000730292755179, 0.00145987037104, -0.000246299925493, 0.000232374717598], [-0.000419493066147, 0.000624741369393, -0.00103288039099, -0.0019387161592, 0.00640556588769, -0.00119691819418, -0.00203427788801, 0.00202584126964, -0.00157251337077, -0.00152421067469, 0.00190619099885, 0.00190567364916, -0.00323139876127], [0.00058876053663, 0.000276028178632, -0.000299975974485, -0.00351212918758, -0.00119691819418, 0.0120877260342, -0.00234706304036, -0.00332563975826, 0.00213957531378, 0.000584457651712, 0.000539069878869, -0.0017510704929, 0.000379470933694], [-0.000591429299675, 2.98926770483e-05, -0.0011276077712, 0.00209148577414, -0.00203427788801, -0.00234706304036, 0.0146062467247, -0.00600078888237, -0.00456634676084, 0.00529373483732, -0.00318824290298, 0.000152343694936, 0.00195785867982], [-5.32805424882e-05, -0.00104385265149, 0.000533933343831, 0.000285679387162, 0.00202584126964, -0.00332563975826, -0.00600078888237, 0.0171400811523, -0.00419378885999, -0.00528657436371, 0.00363936438225, -0.00200087018311, 0.000554256956093], [-1.27200189581e-06, -0.000243165704887, 8.3453458501e-05, 0.000576166203246, -0.00157251337077, 0.00213957531378, -0.00456634676084, -0.00419378885999, 0.0181008074433, -0.00466196471825, -0.00415722560138, 0.00439037242904, -0.00376559863798], [-0.000499095942359, 0.000519273802638, 0.00090291298693, -0.000730292755179, -0.00152421067469, 0.000584457651712, 0.00529373483732, -0.00528657436371, -0.00466196471825, 0.0174682680517, -0.00603555142879, -0.00567773263901, 0.00577866239473], [0.000532807898708, -0.00116824219003, -0.000969564309344, 0.00145987037104, 0.00190619099885, 0.000539069878869, -0.00318824290298, 0.00363936438225, -0.00415722560138, -0.00603555142879, 0.0181385111064, -0.0035920701921, -0.00277665164322], [-0.000249612494372, -0.000168915066752, -0.00185473531019, -0.000246299925493, 0.00190567364916, -0.0017510704929, 0.000152343694936, -0.00200087018311, 0.00439037242904, -0.00567773263901, -0.0035920701921, 0.0197004750371, -0.00706259533763], [0.000194026433746, -6.26929977443e-05, 0.00146497425158, 0.000232374717598, -0.00323139876127, 0.000379470933694, 0.00195785867982, 0.000554256956093, -0.00376559863798, 0.00577866239473, -0.00277665164322, -0.00706259533763, 0.0168162472546]]
    },
    "spectral_contrast_coeffs": {
        "max": [-0.409847021103, -0.471198797226, -0.454293131828, -0.651489913464, -0.684866845608, -0.349320471287],
        "mean": [-0.720551252365, -0.739974498749, -0.759082853794, -0.805665016174, -0.804529309273, -0.603986799717],
        "min": [-0.925617158413, -0.915139615536, -0.898311495781, -0.899545371532, -0.879393458366, -0.76976287365],
        "stdev": [0.066995203495, 0.0801153033972, 0.0739098265767, 0.0422668680549, 0.0291729588062, 0.0524014048278]
    },
    "spectral_contrast_valleys": {
        "max": [-5.00262355804, -5.06109380722, -5.63687610626, -5.88171005249, -5.59216403961, -8.88014411926],
        "mean": [-6.45991754532, -6.53369951248, -7.15516996384, -7.19335031509, -7.02205038071, -11.3220787048],
        "min": [-11.7042827606, -9.01786136627, -9.06739330292, -8.85856819153, -9.1303062439, -15.603521347],
        "stdev": [0.925161123276, 0.522070527077, 0.470173507929, 0.529999375343, 0.608455479145, 1.17649900913]
    }
},
"rhythm": {
    "beats_count": 118,
    "beats_loudness": {
        "max": 0.0872709453106,
        "mean": 0.0523641631007,
        "min": 0.00204708753154,
        "stdev": 0.0181786157191
    },
    "bpm": 146.016860962,
    "bpm_histogram_first_peak_bpm": 148,
    "bpm_histogram_first_peak_weight": 0.470085442066,
    "bpm_histogram_second_peak_bpm": 0,
    "bpm_histogram_second_peak_spread": 0,
    "bpm_histogram_second_peak_weight": 0,
    "danceability": 0.946967542171,
    "onset_rate": 4.01953125,
    "beats_loudness_band_ratio": {
        "max": [0.940246641636, 0.622746407986, 0.774099171162, 0.362093478441, 0.265640228987, 0.134129911661],
        "mean": [0.606625556946, 0.111374855042, 0.167121946812, 0.0625892579556, 0.0628760308027, 0.0356462262571],
        "min": [0.000437212031102, 0.00314562139101, 0.00447721546516, 0.00780537491664, 0.00501841213554, 0.00323757575825],
        "stdev": [0.241138488054, 0.132668092847, 0.15104162693, 0.0766552910209, 0.0622151307762, 0.0286667775363]
    },
