{
"metadata": {
    "version": {
        "essentia": "2.1-beta5",
        "essentia_git_sha": "Undefined",
        "extractor": "music 2.0"
    },
    "audio_properties": {
        "analysis": {
            "equal_loudness": 0,
            "length": 12.7477550507,
            "sample_rate": 44100,
            "start_time": 0,
            "downmix": "mix"
        },
        "bit_rate": 192000,
        "length": 196.011245728,
        "lossless": 0,
        "number_channels": 2,
        "replay_gain": 8.69710731506,
        "sample_rate": 48000,
        "codec": "mp3",
        "md5_encoded": "0288f42cc92b300e86537027c9909f10"
    },
    "tags": {
        "file_name": "Malta_Coming Home_Firelight.mp3",
        "encoding": ["Lavf58.29.100"]
    }
},
"lowlevel": {
    "average_loudness": 0.839707374573,
    "barkbands_crest": {
        "max": 24.654964447,
        "mean": 11.817155838,
        "min": 2.56581044197,
        "stdev": 5.26751279831
    },
    "barkbands_flatness_db": {
        "max": 0.428808510303,
        "mean": 0.220357879996,
        "min": 0.0273519530892,
        "stdev": 0.0641342028975
    },
    "barkbands_kurtosis": {
        "max": 91.8751068115,
        "mean": 4.2070183754,
        "min": -1.74960207939,
        "stdev": 8.22265911102
    },
    "barkbands_skewness": {
        "max": 9.38655281067,
        "mean": 1.37234699726,
        "min": -2.02130532265,
        "stdev": 1.53589439392
    },
    "barkbands_spread": {
        "max": 61.3290977478,
        "mean": 16.667131424,
        "min": 2.61300396919,
        "stdev": 9.02631092072
    },
    "dissonance": {
        "max": 0.499932855368,
        "mean": 0.476414293051,
        "min": 0.3330488801,
        "stdev": 0.0267826002091
    },
    "dynamic_complexity": 3.21108722687,
    "erbbands_crest": {
        "max": 26.4641647339,
        "mean": 10.8165273666,
        "min": 2.81285738945,
        "stdev": 4.9969329834
    },
    "erbbands_flatness_db": {
        "max": 0.326396733522,
        "mean": 0.246118545532,
        "min": 0.0830862298608,
        "stdev": 0.0375795774162
    },
    "erbbands_kurtosis": {
        "max": 14.5834331512,
        "mean": 1.02408587933,
        "min": -1.66718280315,
        "stdev": 2.0574889183
    },
    "erbbands_skewness": {
        "max": 2.03058981895,
        "mean": 0.0462352596223,
        "min": -3.48857140541,
        "stdev": 0.886780261993
    },
    "erbbands_spread": {
        "max": 97.4278030396,
        "mean": 25.7321548462,
        "min": 8.85597419739,
        "stdev": 13.6364459991
    },
    "hfc": {
        "max": 46.984752655,
        "mean": 14.3709526062,
        "min": 1.22788026851e-16,
        "stdev": 10.3140439987
    },
    "loudness_ebu128": {
        "integrated": -30.8149681091,
        "loudness_range": 5.51687240601,
        "momentary": {
            "max": -26.4695320129,
            "mean": -32.5652961731,
            "min": -43.7927093506,
            "stdev": 4.22230863571
        },
        "short_term": {
            "max": -28.4737358093,
            "mean": -31.110376358,
            "min": -35.8944091797,
            "stdev": 1.96845579147
        }
    },
    "melbands_crest": {
        "max": 34.8620071411,
        "mean": 16.3550319672,
        "min": 1.97239077091,
        "stdev": 7.81650733948
    },
    "melbands_flatness_db": {
        "max": 0.538649380207,
        "mean": 0.274811267853,
        "min": 0.00492311595008,
        "stdev": 0.104970313609
    },
    "melbands_kurtosis": {
        "max": 299.574707031,
        "mean": 13.322971344,
        "min": -1.5491669178,
        "stdev": 26.650478363
    },
    "melbands_skewness": {
        "max": 15.5172424316,
        "mean": 2.42694592476,
        "min": -0.831069767475,
        "stdev": 2.34316468239
    },
    "melbands_spread": {
        "max": 127.503044128,
        "mean": 22.1163578033,
        "min": 1.36955809593,
        "stdev": 16.56599617
    },
    "pitch_salience": {
        "max": 0.859581530094,
        "mean": 0.501493632793,
        "min": 0.110818400979,
        "stdev": 0.151497960091
    },
    "silence_rate_20dB": {
        "max": 1,
        "mean": 1,
        "min": 1,
        "stdev": 0
    },
    "silence_rate_30dB": {
        "max": 1,
        "mean": 0.961818158627,
        "min": 0,
        "stdev": 0.19163505733
    },
    "silence_rate_60dB": {
        "max": 1,
        "mean": 0.121818184853,
        "min": 0,
        "stdev": 0.327075093985
    },
    "spectral_centroid": {
        "max": 10893.4882812,
        "mean": 1501.60388184,
        "min": 335.004333496,
        "stdev": 864.405212402
    },
    "spectral_complexity": {
        "max": 49,
        "mean": 18.1054553986,
        "min": 0,
        "stdev": 9.30904197693
    },
    "spectral_decrease": {
        "max": 1.22737673685e-28,
        "mean": -8.52662918049e-09,
        "min": -6.4168773406e-08,
        "stdev": 9.27429599784e-09
    },
    "spectral_energy": {
        "max": 0.246384561062,
        "mean": 0.0334849618375,
        "min": 1.08988097742e-20,
        "stdev": 0.0354783609509
    },
    "spectral_energyband_high": {
        "max": 0.00245718914084,
        "mean": 0.000245394534431,
        "min": 7.60640152284e-21,
        "stdev": 0.000321504543535
    },
    "spectral_energyband_low": {
        "max": 0.227184951305,
        "mean": 0.0208603646606,
        "min": 2.69437714098e-23,
        "stdev": 0.0317968465388
    },
    "spectral_energyband_middle_high": {
        "max": 0.0183051154017,
        "mean": 0.00501934299245,
        "min": 1.29245617657e-21,
        "stdev": 0.0041996575892
    },
    "spectral_energyband_middle_low": {
        "max": 0.0888729617,
        "mean": 0.00839682947844,
        "min": 2.85329146639e-22,
        "stdev": 0.012588343583
    },
    "spectral_entropy": {
        "max": 9.79987049103,
        "mean": 7.33524417877,
        "min": 6.10080432892,
        "stdev": 0.429370224476
    },
    "spectral_flux": {
        "max": 0.366902023554,
        "mean": 0.0870583951473,
        "min": 7.13443817912e-11,
        "stdev": 0.0576495453715
    },
    "spectral_kurtosis": {
        "max": 58.1713409424,
        "mean": 6.0780878067,
        "min": -1.24276947975,
        "stdev": 8.02645969391
    },
    "spectral_rms": {
        "max": 0.0155040379614,
        "mean": 0.0050201062113,
        "min": 3.26082585413e-12,
        "stdev": 0.00273253791966
    },
    "spectral_rolloff": {
        "max": 19207.6171875,
        "mean": 1241.83972168,
        "min": 64.599609375,
        "stdev": 1491.77526855
    },
    "spectral_skewness": {
        "max": 5.23628854752,
        "mean": 1.33931922913,
        "min": 0.0197568498552,
        "stdev": 0.736947655678
    },
    "spectral_spread": {
        "max": 42079488,
        "mean": 2680902.5,
        "min": 958328.5625,
        "stdev": 2461088
    },
    "spectral_strongpeak": {
        "max": 7.72211408615,
        "mean": 0.91358435154,
        "min": 0,
        "stdev": 1.22662162781
    },
    "zerocrossingrate": {
        "max": 0.5048828125,
        "mean": 0.0467764548957,
        "min": 0.00341796875,
        "stdev": 0.0390978008509
    },
    "barkbands": {
        "max": [0.0182314310223, 0.203023076057, 0.118458583951, 0.0580447614193, 0.0482588112354, 0.0199713408947, 0.00976751092821, 0.00641375640407, 0.00693218037486, 0.00643015978858, 0.00535661820322, 0.0113794058561, 0.00800947565585, 0.00362049858086, 0.00396334053949, 0.0119569366798, 0.00384881184436, 0.00192891864572, 0.00184666656423, 0.00167403114028, 0.00102475448512, 0.00122637546156, 0.000496490625665, 0.000127816980239, 1.92137995327e-05, 5.4094666524e-08, 1.17784919595e-08],
        "mean": [0.00157081289217, 0.0149530135095, 0.00344780669548, 0.00171943509486, 0.00250451732427, 0.00129036023282, 0.000746366335079, 0.00046908899094, 0.00138340576086, 0.000558089057449, 0.000378424709197, 0.00101684231777, 0.000679087010212, 0.000481715425849, 0.000305579742417, 0.000590372656006, 0.000575701415073, 0.000236937397858, 0.000210006081033, 0.000169218663359, 9.61438418017e-05, 7.24698911654e-05, 2.36486903304e-05, 5.80535379413e-06, 1.11533012159e-07, 2.32237851172e-09, 2.35218577949e-09],
        "min": [8.89111794525e-24, 7.99029085631e-24, 6.21708300267e-24, 7.83984088219e-24, 4.08185662443e-23, 2.67045824724e-23, 7.86610947702e-23, 6.71671894327e-23, 2.92835675645e-23, 3.8318028636e-23, 5.28176517945e-23, 4.77200799567e-23, 5.14761748926e-23, 8.98454132231e-23, 1.02383158243e-22, 1.23688353851e-22, 1.14442487523e-22, 1.51761793009e-22, 2.18200188562e-22, 3.28880453277e-22, 3.94147194748e-22, 4.81603293439e-22, 5.22215215992e-22, 6.95113230603e-22, 1.17677105011e-21, 1.80829860814e-21, 2.27726861604e-21],
        "stdev": [0.0027930859942, 0.0261337850243, 0.00902375299484, 0.00440267287195, 0.00632202997804, 0.00297952094115, 0.00170734792482, 0.000752605847083, 0.00119638454635, 0.000712473294698, 0.000595319084823, 0.00162358290982, 0.00110723404214, 0.000589085218962, 0.000362348509952, 0.00139238510747, 0.000706165097654, 0.000284750305582, 0.000300810410408, 0.00024307743297, 0.000149696992594, 0.000101199817436, 4.55489171145e-05, 1.47767768794e-05, 1.1490575389e-06, 3.21900595068e-09, 1.55119539436e-09]
    },
    "erbbands": {
        "max": [8.96145057678, 35.6430625916, 90.075592041, 238.600646973, 64.1564254761, 217.917312622, 222.031524658, 181.237304688, 98.4476318359, 218.010192871, 91.2051010132, 180.10194397, 246.759307861, 145.242706299, 205.467025757, 463.511260986, 368.196533203, 212.885742188, 99.0353622437, 398.137145996, 525.605407715, 252.226898193, 116.320152283, 91.6675491333, 102.999694824, 73.9889297485, 59.9880409241, 40.8653488159, 38.5582695007, 32.3420372009, 11.2543106079, 4.87750577927, 1.11931931973, 0.414383858442, 0.0282425004989, 0.00129220064264, 8.09657867649e-05, 2.62040357484e-05, 0.000111728651973, 0.000269376178039],
        "mean": [0.587235510349, 2.75242948532, 3.82000303268, 5.7273144722, 5.80104827881, 9.06490802765, 10.6013031006, 10.7746553421, 7.72200012207, 15.1447315216, 10.7405900955, 34.2122306824, 24.9150161743, 13.9115943909, 16.3157806396, 44.2562713623, 34.7504386902, 30.0371170044, 15.3154706955, 28.4283390045, 24.9609947205, 31.0860824585, 17.8156261444, 10.9064359665, 11.7158555984, 6.71760654449, 3.98464393616, 3.53863382339, 2.69726395607, 1.51106417179, 0.615159749985, 0.228344470263, 0.0496795475483, 0.00435416400433, 0.000263056106633, 4.60784394818e-05, 1.88972007891e-05, 5.26063604411e-06, 1.70807179529e-05, 3.80423407478e-05],
        "min": [5.81843053494e-22, 6.65721560695e-22, 7.42881860846e-21, 2.09851730904e-20, 2.95508593624e-20, 1.08384596783e-19, 2.54897825409e-19, 1.76886008248e-19, 6.85379625082e-19, 1.35273374385e-18, 1.38092705765e-18, 5.55131972625e-19, 9.4518320021e-19, 1.52345162136e-18, 2.94555645369e-18, 1.71262493232e-18, 2.26469168379e-18, 3.74722536859e-18, 4.66851845533e-18, 5.5793104842e-18, 7.17272959127e-18, 6.24975153762e-18, 6.4201507438e-18, 1.00961314598e-17, 1.31201565412e-17, 1.59541120614e-17, 1.43490673444e-17, 1.82213744157e-17, 1.84206852387e-17, 1.1933183795e-17, 1.67442631066e-17, 1.15020647044e-17, 1.12129344746e-17, 1.19279568407e-17, 9.57629145822e-18, 6.31327445917e-18, 2.92856885225e-18, 1.30041818902e-18, 3.26779613844e-19, 3.44249952725e-20],
        "stdev": [1.0700160265, 4.85928726196, 8.15298652649, 15.6803426743, 11.0335073471, 26.4319725037, 29.5612888336, 23.6398200989, 15.4806137085, 32.3452033997, 10.5466241837, 31.7361717224, 27.8787689209, 17.6889533997, 22.0093345642, 70.7006072998, 50.622467041, 38.2394256592, 15.0073013306, 47.7087631226, 55.0118103027, 38.9746704102, 19.6209163666, 13.4533691406, 16.0592098236, 9.05857849121, 6.15431213379, 5.49570989609, 3.69542956352, 2.34409236908, 1.17797720432, 0.570410192013, 0.10879983753, 0.025387916714, 0.00156870507635, 7.91317579569e-05, 1.38920222525e-05, 3.45091689269e-06, 1.62155829457e-05, 3.87534055335e-05]
    },
    "gfcc": {
        "mean": [-82.2767868042, 162.020584106, -177.713363647, 48.398475647, -37.3109321594, 2.72728276253, 8.28963470459, -9.26647472382, 11.9565753937, -16.5622653961, -1.38350725174, -12.6010656357, -6.46868276596],
        "cov": [[10557.4423828, 410.138122559, -1169.74841309, 1140.42895508, -690.081542969, 549.750305176, -212.085083008, -576.991027832, 240.816452026, -544.903869629, 268.329101562, -32.5495910645, 22.965675354], [410.138122559, 1945.55761719, 1204.14282227, -280.949066162, 512.98449707, -736.934753418, -11.5950746536, -30.8851108551, -337.316619873, 156.067321777, 5.90870285034, 8.60498332977, 150.472717285], [-1169.74841309, 1204.14282227, 1611.9119873, 40.7954216003, 549.354736328, -396.561767578, -29.7300739288, 121.216514587, -274.800262451, 98.3757705688, 113.186164856, -0.992986500263, 193.854904175], [1140.42895508, -280.949066162, 40.7954216003, 642.29095459, 15.5857067108, 237.210906982, -12.5402259827, -58.734916687, 131.698150635, -143.315139771, 84.4628601074, 61.5979042053, 3.85955286026], [-690.081542969, 512.98449707, 549.354736328, 15.5857067108, 596.18371582, -202.141464233, 142.663528442, 242.801803589, -94.7745742798, 140.831497192, 36.9830360413, 19.495891571, 82.4670333862], [549.750305176, -736.934753418, -396.561767578, 237.210906982, -202.141464233, 653.537597656, 103.113761902, 76.8555145264, 176.560058594, -137.23223877, 51.1342201233, -57.1979179382, -63.5050506592], [-212.085083008, -11.5950746536, -29.7300739288, -12.5402259827, 142.663528442, 103.113761902, 232.968811035, 152.459350586, 35.5376091003, 67.4950332642, 19.4756259918, -20.4988327026, -34.0050506592], [-576.991027832, -30.8851108551, 121.216514587, -58.734916687, 242.801803589, 76.8555145264, 152.459350586, 324.550872803, 8.44864273071, 86.4078903198, 52.8438110352, -68.489364624, 34.735584259], [240.816452026, -337.316619873, -274.800262451, 131.698150635, -94.7745742798, 176.560058594, 35.5376091003, 8.44864273071, 160.162963867, -34.4060134888, 2.24329447746, 22.1319961548, -49.7599601746], [-544.903869629, 156.067321777, 98.3757705688, -143.315139771, 140.831497192, -137.23223877, 67.4950332642, 86.4078903198, -34.4060134888, 150.71546936, -5.04709720612, 4.31214380264, 34.2700119019], [268.329101562, 5.90870285034, 113.186164856, 84.4628601074, 36.9830360413, 51.1342201233, 19.4756259918, 52.8438110352, 2.24329447746, -5.04709720612, 127.323287964, -6.2949514389, 26.5218467712], [-32.5495910645, 8.60498332977, -0.992986500263, 61.5979042053, 19.495891571, -57.1979179382, -20.4988327026, -68.489364624, 22.1319961548, 4.31214380264, -6.2949514389, 105.4400177, 2.7245926857], [22.965675354, 150.472717285, 193.854904175, 3.85955286026, 82.4670333862, -63.5050506592, -34.0050506592, 34.735584259, -49.7599601746, 34.2700119019, 26.5218467712, 2.7245926857, 109.644668579]],
        "icov": [[0.000748575606849, -0.00200653122738, 0.00199352018535, -0.00186827033758, 0.0005454296479, -0.000862721004523, 0.00065936887404, 2.56263429037e-05, 0.000344661239069, 0.000361437938409, -0.00164572813082, 0.000925557513256, -0.00115693605039], [-0.00200653122738, 0.00739665841684, -0.00633228803053, 0.00590420374647, -0.00246315309778, 0.00384720996954, -0.00353481434286, 0.00193484080955, -0.00133201526478, 0.000548935786355, 0.00409982353449, -0.00116684741806, 0.00189002987463], [0.00199352018535, -0.00633228803053, 0.00722050992772, -0.0057515273802, 0.000945619191043, -0.00278391339816, 0.00285946717486, -0.000751697458327, 0.00267712119967, 0.000432973843999, -0.00504099950194, 0.00214606034569, -0.00324395112693], [-0.00186827033758, 0.00590420374647, -0.0057515273802, 0.00899206660688, -0.00373431597836, 0.00212394748814, -0.00270564085804, 0.00298734079115, -0.00497773103416, 0.00320635689422, 0.00219241622835, -0.00208112620749, 0.000654455332551], [0.0005454296479, -0.00246315309778, 0.000945619191043, -0.00373431597836, 0.00726681016386, 0.000127193561639, -0.000777485140134, -0.00580324325711, 0.00335773942061, -0.00174229824916, 0.000698006537277, -0.00322501175106, -8.91895324457e-05], [-0.000862721004523, 0.00384720996954, -0.00278391339816, 0.00212394748814, 0.000127193561639, 0.00643160426989, -0.00464485306293, -0.000116407805763, -0.00264233467169, 0.00422839121893, 0.00129910279065, 0.00112170679495, -0.000888912996743], [0.00065936887404, -0.00353481434286, 0.00285946717486, -0.00270564085804, -0.000777485140134, -0.00464485306293, 0.0124523304403, -0.00362232746556, 0.00125023897272, -0.00644934549928, -0.00176596443634, -0.000459199916804, 0.0056783510372], [2.56263429037e-05, 0.00193484080955, -0.000751697458327, 0.00298734079115, -0.00580324325711, -0.000116407805763, -0.00362232746556, 0.0127809951082, -0.005109207239, 0.000502877228428, -0.00310506345704, 0.00768109736964, -0.00422757677734], [0.000344661239069, -0.00133201526478, 0.00267712119967, -0.00497773103416, 0.00335773942061, -0.00264233467169, 0.00125023897272, -0.005109207239, 0.0178292654455, -0.00378108862787, 0.0006101084291, -0.00564698828384, 0.00441428367049], [0.000361437938409, 0.000548935786355, 0.000432973843999, 0.00320635689422, -0.00174229824916, 0.00422839121893, -0.00644934549928, 0.000502877228428, -0.00378108862787, 0.0190002638847, -0.00134362396784, 1.50201831275e-05, -0.00743741635233], [-0.00164572813082, 0.00409982353449, -0.00504099950194, 0.00219241622835, 0.000698006537277, 0.00129910279065, -0.00176596443634, -0.00310506345704, 0.0006101084291, -0.00134362396784, 0.0144592728466, -0.00320401694626, 0.00149605004117], [0.000925557513256, -0.00116684741806, 0.00214606034569, -0.00208112620749, -0.00322501175106, 0.00112170679495, -0.000459199916804, 0.00768109736964, -0.00564698828384, 1.50201831275e-05, -0.00320401694626, 0.0183042101562, -0.00406134175137], [-0.00115693605039, 0.00189002987463, -0.00324395112693, 0.000654455332551, -8.91895324457e-05, -0.000888912996743, 0.0056783510372, -0.00422757677734, 0.00441428367049, -0.00743741635233, 0.00149605004117, -0.00406134175137, 0.0192008335143]]
    },
    "melbands": {
        "max": [0.065898142755, 0.0380384810269, 0.033659003675, 0.0105402478948, 0.00848382432014, 0.00372705445625, 0.00167042319663, 0.00207526516169, 0.000649446970783, 0.00114494969603, 0.00123896833975, 0.000534082879312, 0.000623072905, 0.000639122677967, 0.00135080318432, 0.00108352012467, 0.000407132902183, 0.000197322719032, 0.000404322257964, 0.00100657716393, 0.000510608777404, 0.000273309327895, 0.00025162397651, 9.4146686024e-05, 9.28836452658e-05, 9.78871466941e-05, 8.39004787849e-05, 4.57003698102e-05, 3.52995957655e-05, 3.57590251951e-05, 2.12975646718e-05, 2.09262652788e-05, 2.57190422417e-05, 1.41394311868e-05, 7.34062950869e-06, 4.28804332842e-06, 2.2043188892e-06, 1.17465037874e-06, 2.5015032179e-07, 4.12447604958e-07],
        "mean": [0.00474902521819, 0.00248129596002, 0.000976839335635, 0.000503385381307, 0.000418349634856, 0.000237862870563, 0.000131037522806, 0.000156997673912, 0.000102379563032, 0.000215636362555, 0.00011898449884, 5.37003616046e-05, 4.92526996823e-05, 8.39922795421e-05, 0.0001150115786, 7.18739756849e-05, 5.2480805607e-05, 2.3553329811e-05, 2.6148998586e-05, 4.92673134431e-05, 2.29203833442e-05, 2.83970894088e-05, 3.32384224748e-05, 8.30256340123e-06, 8.65484798851e-06, 8.38729556563e-06, 8.58388739289e-06, 3.37311098519e-06, 2.40219878833e-06, 2.42569399234e-06, 1.93063260667e-06, 1.4565971469e-06, 1.45454248468e-06, 6.04653848768e-07, 3.75642656536e-07, 2.25429957368e-07, 1.02208858266e-07, 3.99497750436e-08, 6.10832540104e-09, 1.90905624642e-09],
        "min": [3.93493680286e-24, 2.70263410863e-24, 3.43346896946e-24, 4.13910386589e-24, 8.11465162257e-24, 4.14748235756e-24, 1.42304653954e-23, 1.46615400148e-23, 1.0286928431e-23, 3.43712376203e-24, 4.58821578987e-24, 5.77309354698e-24, 8.12806068024e-24, 8.09873083179e-24, 3.27168996666e-24, 5.81307538424e-24, 7.0125379962e-24, 6.72437341841e-24, 6.57165625804e-24, 8.89407932909e-24, 6.72934008666e-24, 5.91391902363e-24, 6.2845349488e-24, 6.32268938977e-24, 7.72836536995e-24, 7.97514630465e-24, 1.08049576102e-23, 1.00664946616e-23, 8.25827163898e-24, 6.60684339872e-24, 1.26150770545e-23, 1.17728867855e-23, 6.45939740692e-24, 6.74500213108e-24, 9.78255285626e-24, 8.28930542699e-24, 6.66030213568e-24, 6.98875778421e-24, 9.16215871937e-24, 9.36791652042e-24],
        "stdev": [0.00833163503557, 0.00420221174136, 0.00231889844872, 0.00116164877545, 0.00119808630552, 0.000522928545251, 0.00027879877598, 0.000322319625411, 9.60261677392e-05, 0.000193379208213, 0.000140480246046, 6.89949520165e-05, 6.84615879436e-05, 0.000122230339912, 0.000182408752153, 0.000132838482386, 6.77983698552e-05, 2.60354208876e-05, 3.48062058038e-05, 0.000114130678412, 4.81611168652e-05, 3.72762588086e-05, 4.39506075054e-05, 1.05138269646e-05, 1.18901598398e-05, 1.32004943225e-05, 1.35511781991e-05, 5.22004347658e-06, 3.73157490685e-06, 4.35344600191e-06, 3.11689404953e-06, 2.04051002584e-06, 2.39649921241e-06, 1.06182278614e-06, 7.36950369173e-07, 5.31740170118e-07, 2.82364794657e-07, 9.85626655847e-08, 1.89677002993e-08, 2.39173072458e-08]
    },
    "melbands128": {
        "max": [0.0161824915558, 0.0784326121211, 0.0946041271091, 0.0485376045108, 0.0373919829726, 0.0689241886139, 0.0586086548865, 0.0169138014317, 0.00847496278584, 0.0130409486592, 0.0136873060837, 0.0157781466842, 0.00775666721165, 0.00817575119436, 0.0057057030499, 0.00251164101064, 0.00147490389645, 0.0021574832499, 0.00405047181994, 0.00391100905836, 0.00251278746873, 0.000937325647101, 0.000506207114086, 0.00139302387834, 0.00189813913312, 0.00167780206539, 0.00132795132231, 0.00229190965183, 0.000968321692199, 0.000877530954313, 0.00116498558782, 0.000712986686267, 0.000471277773613, 0.00132394419052, 0.000827055540867, 0.00117285689339, 0.00255645322613, 0.00228926935233, 0.000725136313122, 0.00161412265152, 0.00167683989275, 0.000896392331924, 0.000931038055569, 0.00035531091271, 0.000470345432404, 0.000254314771155, 0.00017193001986, 0.000549647083972, 0.000526393414475, 0.000984743819572, 0.00174835545477, 0.00210025859997, 0.000375404342776, 0.000395360111725, 0.000259972875938, 0.000415999355027, 0.000624259351753, 0.000650860893074, 0.000265023525571, 7.91695711087e-05, 0.000181789393537, 0.000246300187428, 0.000150665146066, 0.000116699477076, 0.000186402627151, 0.000156406924361, 0.000173740583705, 0.000126738596009, 0.000165150733665, 0.000117112249427, 4.38476527052e-05, 7.20035168342e-05, 3.68268556485e-05, 4.15376198362e-05, 8.94743789104e-05, 8.3364713646e-05, 4.89203921461e-05, 3.52281203959e-05, 3.43377505487e-05, 3.43342398992e-05, 2.23673723667e-05, 1.764323315e-05, 2.48716423812e-05, 3.10170216835e-05, 2.35289699049e-05, 1.88314334082e-05, 1.09952416096e-05, 1.0974921679e-05, 7.47383364796e-06, 5.52264873477e-06, 4.47817592431e-06, 8.45096565172e-06, 4.0852805796e-06, 3.47193190464e-06, 1.63084314408e-06, 2.40160466092e-06, 9.59439034887e-07, 3.55540663577e-07, 4.68981340873e-07, 1.61473252547e-07, 1.07032531105e-06, 4.34432735119e-07, 1.74808221232e-08, 3.30194982467e-10, 9.01098085038e-11, 2.23371099395e-09, 6.12395156807e-09, 1.96887062209e-09, 7.46831832488e-11, 7.04968930454e-11, 6.94435481341e-11, 7.08594294352e-11, 6.48970183148e-11, 6.22043458409e-11, 5.80531039907e-11, 5.49978083908e-11, 5.34492242132e-11, 5.86545742531e-11, 5.51612297506e-11, 5.72783938335e-11, 5.3296037722e-11, 5.02166051797e-11, 4.92747544156e-11, 4.79856640534e-11, 4.49236758904e-11, 4.25802414161e-11, 4.06784016194e-11, 4.02349022155e-11],
        "mean": [0.00140868523158, 0.00497488398105, 0.00649112649262, 0.0038013253361, 0.00198271032423, 0.00173565966543, 0.00123561744113, 0.000749225262552, 0.000569460098632, 0.00041376176523, 0.000521143258084, 0.000565732247196, 0.000288147683023, 0.000396441551857, 0.000290219497401, 0.000130760294269, 8.54435784277e-05, 0.000116692172014, 0.000210490994505, 0.000188203397556, 0.000129540771013, 6.27736808383e-05, 5.87027716392e-05, 0.00017363364168, 0.000287547096377, 0.000207067263545, 0.000139988303999, 0.000133851252031, 7.48972015572e-05, 4.38872957602e-05, 5.6955144828e-05, 5.00939713675e-05, 4.43660137535e-05, 5.579230492e-05, 4.29679821536e-05, 8.05287636467e-05, 0.000167660968145, 0.000153484550538, 4.62533753307e-05, 7.07152212271e-05, 8.37365514599e-05, 6.46297048661e-05, 6.4452229708e-05, 3.72205031454e-05, 2.86986887659e-05, 2.1717754862e-05, 1.69257200469e-05, 1.95680913748e-05, 3.07142108795e-05, 4.54045984952e-05, 5.73215511395e-05, 5.29018470843e-05, 1.77387319127e-05, 1.60918007168e-05, 1.62903088494e-05, 2.28801727644e-05, 4.28076637036e-05, 5.61991255381e-05, 2.04925672733e-05, 7.68342761148e-06, 7.31458476366e-06, 9.33056162467e-06, 8.71066367836e-06, 7.85913198342e-06, 9.49991772359e-06, 8.32643036119e-06, 7.29850307835e-06, 1.02516542029e-05, 9.51260881266e-06, 5.45256216355e-06, 2.55997929344e-06, 3.2157665828e-06, 2.30523642131e-06, 2.24896280088e-06, 2.36840719481e-06, 2.50083417086e-06, 2.56928296949e-06, 1.95424081539e-06, 1.93646314983e-06, 1.83614884008e-06, 1.2493264876e-06, 1.32978425427e-06, 1.80246377113e-06, 1.71211831912e-06, 9.15008740776e-07, 7.00879752458e-07, 4.69471444831e-07, 4.42169664439e-07, 4.06937260777e-07, 3.070341279e-07, 2.38117507934e-07, 2.40525452e-07, 1.33682277692e-07, 1.17153817314e-07, 5.88544679658e-08, 4.4082003825e-08, 4.90659779473e-08, 1.45094629644e-08, 3.17056070287e-09, 1.43288003684e-09, 4.32064028999e-09, 1.72015524047e-09, 8.54277204532e-11, 1.7597789545e-11, 1.62080522614e-11, 2.53313515997e-11, 4.27580644502e-11, 2.20330524658e-11, 1.41464210138e-11, 1.39710274599e-11, 1.38334690925e-11, 1.35369424004e-11, 1.23586097953e-11, 1.17885224152e-11, 1.1601148861e-11, 1.17828897681e-11, 1.22438335512e-11, 1.15793494584e-11, 1.11979748391e-11, 1.10008460674e-11, 1.04623037664e-11, 1.05295060865e-11, 1.06210743325e-11, 1.0122405518e-11, 8.37773513757e-12, 5.31523393008e-12, 3.68490220976e-12, 3.44226795505e-12],
        "min": [6.10130859293e-24, 6.72185221895e-24, 1.93933643826e-24, 6.160099931e-25, 3.85622662832e-24, 2.23423256337e-24, 5.14714030729e-24, 2.35032942e-24, 3.68785846759e-24, 1.12920626531e-24, 3.01598839563e-24, 8.79157474307e-24, 1.01901359867e-23, 6.81083020703e-24, 1.94010084447e-24, 3.69297304727e-24, 3.40347016696e-24, 9.49768177275e-24, 1.09515437436e-23, 1.90436087007e-23, 1.19429557303e-23, 1.45455048865e-23, 1.04278749977e-23, 4.43724240653e-24, 2.31393058897e-24, 2.00916364457e-24, 4.41103486954e-24, 3.79790969147e-24, 4.44314111395e-24, 2.7849519413e-24, 9.04430290013e-24, 1.65693586989e-24, 6.88082346857e-24, 1.92861621298e-24, 5.90942803849e-24, 6.37732905151e-24, 1.53792358056e-24, 1.34202792133e-24, 4.15654597493e-24, 3.98343597131e-24, 4.2534401822e-24, 1.086146845e-23, 5.96102466929e-24, 5.08218431707e-24, 4.11079519787e-24, 5.66559310484e-24, 4.68857388537e-24, 4.7069354118e-24, 5.03065947261e-24, 8.82728805397e-24, 1.00793870154e-23, 7.12192223817e-24, 1.04096144455e-23, 4.07964978604e-24, 4.63704351889e-24, 1.36612348047e-24, 7.32149142542e-24, 6.53302968382e-24, 5.85230188718e-24, 4.74123192851e-24, 4.73363598686e-24, 6.33168555953e-24, 9.25728745593e-24, 2.59944794678e-24, 5.20682118465e-24, 8.03918208863e-24, 6.68284620263e-24, 1.04980410198e-23, 7.58478085229e-24, 9.3944088362e-24, 1.02084233602e-23, 9.12701891035e-24, 7.19733418527e-24, 7.93995995284e-24, 7.04019309295e-24, 7.01888043787e-24, 6.2464980481e-24, 5.71924077399e-24, 1.25188525901e-23, 1.46402975683e-23, 9.02312987344e-24, 1.0637964434e-23, 7.80108414591e-24, 4.13536190418e-24, 5.83728315884e-24, 6.88616247918e-24, 5.99191804006e-24, 7.90360608688e-24, 9.52686252649e-24, 9.68893557719e-24, 9.95411511479e-24, 6.58236898913e-24, 7.541918095e-24, 2.92549934448e-24, 8.7127864713e-24, 7.34977524432e-24, 6.22304600225e-24, 5.69365170395e-24, 9.37827899727e-24, 1.20964010093e-23, 7.55206284624e-24, 7.92167573477e-24, 9.8782188071e-24, 7.34958670656e-24, 9.17801640129e-24, 9.74283055424e-24, 6.9368838688e-24, 8.37923635905e-24, 1.0952426479e-23, 9.24623551465e-24, 7.0268723877e-24, 6.63204592692e-24, 6.85758441517e-24, 7.34991645042e-24, 1.1119148287e-23, 1.17423618127e-23, 7.91645426444e-24, 1.04906801587e-23, 9.2377031951e-24, 7.08983453199e-24, 7.48781328096e-24, 8.19941946001e-24, 8.22440505146e-24, 1.12377756122e-23, 9.14829685555e-24, 8.92097633052e-24, 7.571931097e-24, 1.04878268488e-23],
        "stdev": [0.00256167165935, 0.00941462442279, 0.0119857732207, 0.00680301012471, 0.00392519449815, 0.00485605048016, 0.0037747444585, 0.00168569735251, 0.0011555243982, 0.00108664680738, 0.00167107582092, 0.00196293089539, 0.000905668945052, 0.00104701868258, 0.000696344242897, 0.000260287401034, 0.000178276372026, 0.000293715012958, 0.000576011603698, 0.000462202326162, 0.000267053139396, 9.23364132177e-05, 7.74073996581e-05, 0.000215864405618, 0.000341682782164, 0.000260333908955, 0.000181183102541, 0.000208539364394, 0.000111451321573, 7.04570265952e-05, 0.000114037749881, 7.5916730566e-05, 6.32772789686e-05, 0.000129945357912, 8.15786333987e-05, 0.000170023849932, 0.000349557900336, 0.000293461780529, 7.31009058654e-05, 0.000191540180822, 0.000213857303606, 0.000124903061078, 0.000113580121251, 5.07551230839e-05, 4.4879703637e-05, 2.96766265819e-05, 2.12360337173e-05, 3.64073166566e-05, 5.13706181664e-05, 0.000111569097498, 0.00016804607003, 0.000200689464691, 3.66667336493e-05, 2.96299604088e-05, 2.62546636804e-05, 4.15148060711e-05, 8.10179117252e-05, 8.70035000844e-05, 3.28669375449e-05, 1.0232659406e-05, 1.29690552058e-05, 2.12455561268e-05, 1.69079739862e-05, 1.38699888339e-05, 2.0797149773e-05, 1.91035269381e-05, 1.77305191755e-05, 2.25180101552e-05, 1.82511648745e-05, 1.17259532999e-05, 4.72619785796e-06, 6.57799091641e-06, 4.26412361776e-06, 4.26843007517e-06, 6.08555092185e-06, 6.01714691584e-06, 6.14238342678e-06, 3.59789009963e-06, 3.8100877191e-06, 3.8302628127e-06, 2.12560212276e-06, 2.2896772407e-06, 3.5039361137e-06, 3.51011021849e-06, 1.62891808486e-06, 1.36277742513e-06, 9.92732452687e-07, 9.82842266239e-07, 8.28693828225e-07, 6.89898115525e-07, 5.52943845378e-07, 7.3750879892e-07, 4.16941361436e-07, 3.54207259079e-07, 1.67901461623e-07, 1.58048564458e-07, 1.22378395417e-07, 4.15371737006e-08, 2.3113281955e-08, 9.09316977271e-09, 6.15210211663e-08, 2.18845777056e-08, 9.00507723944e-10, 1.89012278051e-11, 1.26072364354e-11, 1.23851706668e-10, 3.45293321713e-10, 1.09888868838e-10, 1.04692574054e-11, 1.00135889164e-11, 9.48552347779e-12, 9.4855755195e-12, 8.91404571685e-12, 8.54127012173e-12, 8.2971754467e-12, 7.97920757245e-12, 8.37631266432e-12, 7.81909086089e-12, 7.30362298418e-12, 7.03848567971e-12, 6.97547531889e-12, 6.89319868546e-12, 6.62247123459e-12, 6.36732290157e-12, 6.26937347523e-12, 6.03190154075e-12, 5.97342487973e-12, 5.9410770574e-12]
    },
    "mfcc": {
        "mean": [-700.848815918, 172.999343872, -60.1298866272, 47.7602806091, -18.4205932617, 27.8212184906, -6.24192094803, 25.5781974792, 1.51696276665, 17.2936344147, 4.63640737534, 7.3728094101, -3.26337265968],
        "cov": [[6754.23046875, -1362.22741699, -306.336669922, 171.664840698, -621.885986328, 1065.26269531, -715.102172852, 573.079040527, -435.529449463, -108.783836365, -302.953277588, 246.719665527, -210.391464233], [-1362.22741699, 2828.84008789, 650.742614746, 571.169311523, 492.74697876, -661.092163086, 430.083953857, -556.619750977, -38.1050872803, -60.3366203308, -92.3320159912, -226.16468811, 163.314407349], [-306.336669922, 650.742614746, 845.038879395, 235.783676147, 328.021575928, -89.9720458984, 161.41229248, -55.2336196899, -107.261665344, 31.9716072083, -162.442474365, -44.2329521179, 2.95187711716], [171.664840698, 571.169311523, 235.783676147, 635.179321289, 225.386642456, 8.42145252228, 3.16928243637, -56.0488395691, -49.1058807373, -102.149391174, -3.33949518204, -131.218215942, 117.699203491], [-621.885986328, 492.74697876, 328.021575928, 225.386642456, 477.557312012, -181.341125488, 271.385955811, -17.8269882202, 75.0299530029, 39.5144271851, 22.5234622955, -23.34623909, 59.9118423462], [1065.26269531, -661.092163086, -89.9720458984, 8.42145252228, -181.341125488, 446.111907959, -183.875427246, 238.550979614, -37.4474754333, -35.2132453918, 8.10439491272, 35.7930870056, -35.2278823853], [-715.102172852, 430.083953857, 161.41229248, 3.16928243637, 271.385955811, -183.875427246, 418.446929932, -16.8690891266, 120.887496948, 129.281387329, 85.4894714355, 19.5637969971, 29.3222484589], [573.079040527, -556.619750977, -55.2336196899, -56.0488395691, -17.8269882202, 238.550979614, -16.8690891266, 338.534240723, 0.798998355865, 86.318359375, 73.5518493652, 68.4377288818, -28.1110038757], [-435.529449463, -38.1050872803, -107.261665344, -49.1058807373, 75.0299530029, -37.4474754333, 120.887496948, 0.798998355865, 215.890792847, 14.1851482391, 112.776832581, 23.4552021027, 7.56674671173], [-108.783836365, -60.3366203308, 31.9716072083, -102.149391174, 39.5144271851, -35.2132453918, 129.281387329, 86.318359375, 14.1851482391, 225.642807007, -1.4461928606, 50.5005874634, -8.46142959595], [-302.953277588, -92.3320159912, -162.442474365, -3.33949518204, 22.5234622955, 8.10439491272, 85.4894714355, 73.5518493652, 112.776832581, -1.4461928606, 236.511291504, -6.74867391586, 37.062461853], [246.719665527, -226.16468811, -44.2329521179, -131.218215942, -23.34623909, 35.7930870056, 19.5637969971, 68.4377288818, 23.4552021027, 50.5005874634, -6.74867391586, 139.951538086, -48.243522644], [-210.391464233, 163.314407349, 2.95187711716, 117.699203491, 59.9118423462, -35.2278823853, 29.3222484589, -28.1110038757, 7.56674671173, -8.46142959595, 37.062461853, -48.243522644, 118.036979675]],
        "icov": [[0.000375105097191, -0.000108110216388, 0.000267507770332, -0.000312372867484, 9.0014313173e-05, -0.000663450686261, 5.82914108236e-05, -0.000280473002931, 0.00047213860671, 6.7967652285e-05, 0.000396073824959, -0.000688744185027, 0.000366735854186], [-0.000108110216388, 0.00110627990216, -0.000447337253718, -0.000648476066999, 0.000329851958668, 0.00105287856422, -0.000973507470917, 0.000878227001522, 0.000176174551598, 0.000201610673685, -4.28815437772e-05, 0.0005371713778, -0.000231556419749], [0.000267507770332, -0.000447337253718, 0.00278229010291, -0.000185565484571, -0.00174617068842, -0.00138315872755, -0.00045273359865, -0.000108219304821, 0.00158722978085, -0.000110148575914, 0.00154792936519, -6.60954319756e-05, 0.00114869535901], [-0.000312372867484, -0.000648476066999, -0.000185565484571, 0.00403110310435, -0.00233940896578, -0.00130265392363, 0.0011617107084, 0.000483667681692, 0.000268815929303, 0.000370973488316, -0.000780291331466, 0.00184800766874, -0.00203957385384], [9.0014313173e-05, 0.000329851958668, -0.00174617068842, -0.00233940896578, 0.00714497361332, 0.00309526454657, -0.00292155332863, -0.00288042868488, -0.00216904771514, 0.00157905707601, 0.00136274727993, -0.000646765925921, -0.0010225585429], [-0.000663450686261, 0.00105287856422, -0.00138315872755, -0.00130265392363, 0.00309526454657, 0.00835658144206, -0.000306211877614, -0.0042577474378, -0.00212753051892, 0.00199328712188, 0.000627680972684, 0.00111412501428, -0.00078322016634], [5.82914108236e-05, -0.000973507470917, -0.00045273359865, 0.0011617107084, -0.00292155332863, -0.000306211877614, 0.00746247684583, 0.000445656041848, -0.00163873122074, -0.00330935860984, -0.0024422025308, -0.000987362349406, 0.000178703747224], [-0.000280473002931, 0.000878227001522, -0.000108219304821, 0.000483667681692, -0.00288042868488, -0.0042577474378, 0.000445656041848, 0.00988421589136, 0.00205019232817, -0.0037958631292, -0.00404203915969, -0.000863779452629, 0.000752546417061], [0.00047213860671, 0.000176174551598, 0.00158722978085, 0.000268815929303, -0.00216904771514, -0.00212753051892, -0.00163873122074, 0.00205019232817, 0.00928221456707, 0.000205497388379, -0.00266042468138, -0.00172975065652, 0.00119945569895], [6.7967652285e-05, 0.000201610673685, -0.000110148575914, 0.000370973488316, 0.00157905707601, 0.00199328712188, -0.00330935860984, -0.0037958631292, 0.000205497388379, 0.00820252392441, 0.00238628638908, -0.00073132669786, -0.00128680153284], [0.000396073824959, -4.28815437772e-05, 0.00154792936519, -0.000780291331466, 0.00136274727993, 0.000627680972684, -0.0024422025308, -0.00404203915969, -0.00266042468138, 0.00238628638908, 0.00931580085307, 0.000861903943587, -0.00158684758935], [-0.000688744185027, 0.0005371713778, -6.60954319756e-05, 0.00184800766874, -0.000646765925921, 0.00111412501428, -0.000987362349406, -0.000863779452629, -0.00172975065652, -0.00073132669786, 0.000861903943587, 0.0122878272086, 0.00169848336373], [0.000366735854186, -0.000231556419749, 0.00114869535901, -0.00203957385384, -0.0010225585429, -0.00078322016634, 0.000178703747224, 0.000752546417061, 0.00119945569895, -0.00128680153284, -0.00158684758935, 0.00169848336373, 0.0128944013268]]
    },
    "spectral_contrast_coeffs": {
        "max": [-0.521747589111, -0.538724601269, -0.592186570168, -0.598472952843, -0.521380364895, -0.398504078388],
        "mean": [-0.752992391586, -0.765711963177, -0.765297949314, -0.802706837654, -0.759761214256, -0.596191227436],
        "min": [-0.970207512379, -0.975500702858, -0.96752601862, -0.960626959801, -0.962577581406, -0.958252549171],
        "stdev": [0.067294344306, 0.0663339719176, 0.0531524941325, 0.0475662797689, 0.0605727098882, 0.0938508063555]
    },
    "spectral_contrast_valleys": {
        "max": [-4.66527700424, -4.77693271637, -5.73690891266, -6.21616315842, -6.31401872635, -10.6842699051],
        "mean": [-7.09445619583, -6.98999452591, -7.35102367401, -7.49458885193, -8.02668762207, -13.5447273254],
        "min": [-27.0449466705, -27.180803299, -27.5992908478, -27.2775936127, -27.249294281, -27.4086608887],
        "stdev": [1.72468435764, 1.45112335682, 1.44309806824, 1.44127655029, 1.49412870407, 1.29618012905]
    }
},
"rhythm": {
    "beats_count": 21,
    "beats_loudness": {
        "max": 0.107614003122,
        "mean": 0.0333427339792,
        "min": 0.00224213348702,
        "stdev": 0.0292102210224
    },
    "bpm": 101.63973999,
    "bpm_histogram_first_peak_bpm": 101,
    "bpm_histogram_first_peak_weight": 0.647058844566,
    "bpm_histogram_second_peak_bpm": 112,
    "bpm_histogram_second_peak_spread": 0,
    "bpm_histogram_second_peak_weight": 0.15000000596,
    "danceability": 0.862414002419,
    "onset_rate": 0.705364227295,
    "beats_loudness_band_ratio": {
        "max": [0.971539080143, 0.468912363052, 0.52865588665, 0.44771412015, 0.496392071247, 0.14076885581],
        "mean": [0.515258848667, 0.0724249556661, 0.160326689482, 0.151733219624, 0.0953843146563, 0.0288793072104],
        "min": [0.00405960762873, 6.40129583189e-05, 0.00211954815313, 0.00168603728525, 0.00195878418162, 0.000629270856734],
        "stdev": [0.334684699774, 0.107584372163, 0.149086520076, 0.148074254394, 0.122374154627, 0.0375792011619]
    },
    "beats_position": [0.557278871536, 1.1261677742, 1.70666658878, 2.27555561066, 2.8444442749, 3.3785033226, 3.9125623703, 4.446621418, 5.06195020676, 5.67727899551, 6.29260778427, 6.90793657303, 7.50004529953, 8.09215450287, 8.68426322937, 9.26476192474, 9.84526062012, 10.4257593155, 11.017868042, 11.6099767685, 12.202085495],
