{
"metadata": {
    "version": {
        "essentia": "2.1-beta5",
        "essentia_git_sha": "Undefined",
        "extractor": "music 2.0"
    },
    "audio_properties": {
        "analysis": {
            "equal_loudness": 0,
            "length": 32.4963264465,
            "sample_rate": 44100,
            "start_time": 162.481628418,
            "downmix": "mix"
        },
        "bit_rate": 192000,
        "length": 195.001190186,
        "lossless": 0,
        "number_channels": 2,
        "replay_gain": 0.45719909668,
        "sample_rate": 48000,
        "codec": "mp3",
        "md5_encoded": "5c0160779c1ba483daa6b1fb7a02b811"
    },
    "tags": {
        "file_name": "Armenia_Not Alone_Aram MP3.mp3",
        "encoding": ["Lavf58.29.100"]
    }
},
"lowlevel": {
    "average_loudness": 0.6104850173,
    "barkbands_crest": {
        "max": 23.6267738342,
        "mean": 10.0616540909,
        "min": 3.08647537231,
        "stdev": 4.10014200211
    },
    "barkbands_flatness_db": {
        "max": 0.358198195696,
        "mean": 0.197867289186,
        "min": 0.0788917019963,
        "stdev": 0.0422240942717
    },
    "barkbands_kurtosis": {
        "max": 64.7762680054,
        "mean": 2.69236516953,
        "min": -1.82212805748,
        "stdev": 5.2880191803
    },
    "barkbands_skewness": {
        "max": 6.96489953995,
        "mean": 1.43424844742,
        "min": -1.39535164833,
        "stdev": 0.917513489723
    },
    "barkbands_spread": {
        "max": 77.2569274902,
        "mean": 21.1957149506,
        "min": 1.78710854053,
        "stdev": 11.7999897003
    },
    "dissonance": {
        "max": 0.500000059605,
        "mean": 0.474783539772,
        "min": 0.342623710632,
        "stdev": 0.0205351859331
    },
    "dynamic_complexity": 5.01296615601,
    "erbbands_crest": {
        "max": 29.1163730621,
        "mean": 8.40447425842,
        "min": 2.49796152115,
        "stdev": 4.06269598007
    },
    "erbbands_flatness_db": {
        "max": 0.39655277133,
        "mean": 0.230671480298,
        "min": 0.131110191345,
        "stdev": 0.0549131445587
    },
    "erbbands_kurtosis": {
        "max": 10.7272195816,
        "mean": 0.173575639725,
        "min": -1.65989363194,
        "stdev": 1.39305019379
    },
    "erbbands_skewness": {
        "max": 3.12655425072,
        "mean": 0.307486027479,
        "min": -1.88767552376,
        "stdev": 0.735317289829
    },
    "erbbands_spread": {
        "max": 90.9866943359,
        "mean": 35.2087669373,
        "min": 9.37396335602,
        "stdev": 15.4093780518
    },
    "hfc": {
        "max": 130.889572144,
        "mean": 18.4974021912,
        "min": 0.265314549208,
        "stdev": 19.0266990662
    },
    "loudness_ebu128": {
        "integrated": -23.4863739014,
        "loudness_range": 13.0679340363,
        "momentary": {
            "max": -20.1175765991,
            "mean": -27.238275528,
            "min": -40.8069534302,
            "stdev": 6.07490110397
        },
        "short_term": {
            "max": -20.9025421143,
            "mean": -27.2390861511,
            "min": -37.1435470581,
            "stdev": 5.54292821884
        }
    },
    "melbands_crest": {
        "max": 33.1124725342,
        "mean": 13.7863674164,
        "min": 4.05684900284,
        "stdev": 5.44355678558
    },
    "melbands_flatness_db": {
        "max": 0.413401514292,
        "mean": 0.223279282451,
        "min": 0.0544397123158,
        "stdev": 0.050576094538
    },
    "melbands_kurtosis": {
        "max": 85.9219284058,
        "mean": 9.5023431778,
        "min": -1.71445715427,
        "stdev": 10.4317350388
    },
    "melbands_skewness": {
        "max": 6.75629758835,
        "mean": 2.39122462273,
        "min": 0.0116536766291,
        "stdev": 1.24939453602
    },
    "melbands_spread": {
        "max": 122.585098267,
        "mean": 22.231294632,
        "min": 1.87898266315,
        "stdev": 12.5875101089
    },
    "pitch_salience": {
        "max": 0.887266814709,
        "mean": 0.591207325459,
        "min": 0.146923735738,
        "stdev": 0.126177176833
    },
    "silence_rate_20dB": {
        "max": 1,
        "mean": 1,
        "min": 1,
        "stdev": 0
    },
    "silence_rate_30dB": {
        "max": 1,
        "mean": 0.994289815426,
        "min": 0,
        "stdev": 0.0753488242626
    },
    "silence_rate_60dB": {
        "max": 1,
        "mean": 0.267665952444,
        "min": 0,
        "stdev": 0.44274482131
    },
    "spectral_centroid": {
        "max": 4088.1796875,
        "mean": 1501.25195312,
        "min": 338.977600098,
        "stdev": 557.209899902
    },
    "spectral_complexity": {
        "max": 54,
        "mean": 20.6552467346,
        "min": 0,
        "stdev": 12.9112768173
    },
    "spectral_decrease": {
        "max": -2.38301982314e-11,
        "mean": -6.46962616813e-09,
        "min": -3.79697127073e-08,
        "stdev": 6.95671964479e-09
    },
    "spectral_energy": {
        "max": 0.147388353944,
        "mean": 0.0260955877602,
        "min": 0.000123761463328,
        "stdev": 0.0275993831456
    },
    "spectral_energyband_high": {
        "max": 0.019893521443,
        "mean": 0.000990364118479,
        "min": 2.73662635664e-06,
        "stdev": 0.00162796233781
    },
    "spectral_energyband_low": {
        "max": 0.114465869963,
        "mean": 0.0124549986795,
        "min": 6.8711871748e-09,
        "stdev": 0.018712958321
    },
    "spectral_energyband_middle_high": {
        "max": 0.0453024581075,
        "mean": 0.0051474547945,
        "min": 3.94751259591e-05,
        "stdev": 0.0054805893451
    },
    "spectral_energyband_middle_low": {
        "max": 0.0602111108601,
        "mean": 0.0081770690158,
        "min": 9.63445836533e-06,
        "stdev": 0.00876964721829
    },
    "spectral_entropy": {
        "max": 8.92704868317,
        "mean": 7.57534170151,
        "min": 6.2123041153,
        "stdev": 0.311230450869
    },
    "spectral_flux": {
        "max": 0.25612783432,
        "mean": 0.0734158158302,
        "min": 0.00727310637012,
        "stdev": 0.0527286231518
    },
    "spectral_kurtosis": {
        "max": 12.6068782806,
        "mean": 2.40077161789,
        "min": -1.0284216404,
        "stdev": 2.33977246284
    },
    "spectral_rms": {
        "max": 0.0119913937524,
        "mean": 0.00423034559935,
        "min": 0.00034748078906,
        "stdev": 0.00275015318766
    },
    "spectral_rolloff": {
        "max": 7278.22265625,
        "mean": 1385.44128418,
        "min": 64.599609375,
        "stdev": 914.825134277
    },
    "spectral_skewness": {
        "max": 2.45067715645,
        "mean": 0.956262409687,
        "min": -0.141292259097,
        "stdev": 0.387512117624
    },
    "spectral_spread": {
        "max": 20213266,
        "mean": 3213713.75,
        "min": 2085666.125,
        "stdev": 831375.375
    },
    "spectral_strongpeak": {
        "max": 7.66837644577,
        "mean": 0.504688918591,
        "min": 0,
        "stdev": 0.652290344238
    },
    "zerocrossingrate": {
        "max": 0.24658203125,
        "mean": 0.0547174736857,
        "min": 0.01513671875,
        "stdev": 0.0213370490819
    },
    "barkbands": {
        "max": [0.017250597477, 0.108077295125, 0.0350839830935, 0.0272405296564, 0.0329576730728, 0.0507941432297, 0.0227557756007, 0.0126266377047, 0.0268555693328, 0.0561616383493, 0.00691796839237, 0.0210323538631, 0.00432041753083, 0.0153165459633, 0.0136581361294, 0.0119281942025, 0.00929304864258, 0.00327805406414, 0.0055608805269, 0.00792354252189, 0.00757952220738, 0.00955223385245, 0.0059657371603, 0.00133572460618, 1.45150033859e-05, 1.05887411337e-05, 1.13319229058e-05],
        "mean": [0.000748154765461, 0.00939211063087, 0.00197253935039, 0.000794781022705, 0.00219806144014, 0.00205675698817, 0.000657677708659, 0.000559637439437, 0.00122991763055, 0.00117279216647, 0.000440725212684, 0.000624687585514, 0.000352215574821, 0.000410797452787, 0.000593814416789, 0.000627993023954, 0.000531910161953, 0.000271165190497, 0.000320816761814, 0.000356585136615, 0.000328982889187, 0.000230393969105, 0.000175422144821, 4.75268971059e-05, 1.25432649156e-07, 8.76870043243e-09, 9.35776256483e-09],
        "min": [6.8753025495e-10, 3.95393079389e-10, 1.20392501524e-10, 4.56537974092e-10, 1.32421774879e-07, 1.14614010727e-07, 5.76407956032e-07, 4.22879026019e-07, 2.57594774666e-06, 2.06743425224e-06, 1.70633802554e-06, 9.16778162718e-07, 2.16934267883e-06, 1.22088215448e-06, 7.90353738012e-07, 4.76207759448e-07, 4.57849210989e-07, 9.08162064661e-07, 1.12208681458e-06, 4.80372534639e-07, 2.63743942241e-07, 4.39652353634e-07, 4.37525748964e-08, 9.5515727272e-11, 7.25871099339e-11, 1.27417812412e-10, 1.65690933196e-10],
        "stdev": [0.00193274498452, 0.0153762781993, 0.00424163183197, 0.00213980930857, 0.00372858531773, 0.00360530521721, 0.00137984857429, 0.00092141184723, 0.00234220200218, 0.00289865909144, 0.000578072620556, 0.00162271200679, 0.000489174039103, 0.000848522468004, 0.00127967586741, 0.00147506163921, 0.000875850033481, 0.000368985784007, 0.00043935677968, 0.000717336079106, 0.000543104717508, 0.000486148433993, 0.000439226743765, 0.000125056219986, 6.79719448726e-07, 2.8282556741e-07, 3.02668809127e-07]
    },
    "erbbands": {
        "max": [5.26186704636, 18.0248126984, 36.0065689087, 64.1974182129, 158.84815979, 180.60949707, 178.927963257, 561.547851562, 429.521118164, 358.593261719, 457.179656982, 551.268981934, 2094.19726562, 662.52923584, 528.360961914, 917.772216797, 169.039794922, 870.168273926, 533.454528809, 678.870117188, 768.74810791, 362.91506958, 158.673095703, 392.35244751, 139.947952271, 466.736206055, 226.305770874, 405.675415039, 398.210021973, 222.158538818, 193.518997192, 49.2355728149, 15.6324510574, 0.799096405506, 0.0785814374685, 0.0424187965691, 0.0196811091155, 0.00703210569918, 0.00163238553796, 0.00021391910559],
        "mean": [0.349741220474, 1.79091477394, 2.53360652924, 2.44437170029, 3.66821241379, 9.02072143555, 12.4515485764, 17.5946235657, 11.6327724457, 11.4587469101, 12.6456327438, 25.0077095032, 46.9358482361, 22.1536808014, 18.6703357697, 26.3162975311, 16.5338478088, 22.8754825592, 23.1209411621, 30.8373241425, 38.68176651, 29.3181324005, 17.2346687317, 18.6117305756, 13.3136129379, 16.6020412445, 14.7536258698, 11.8115062714, 8.50295162201, 6.86563014984, 4.65814256668, 1.89864170551, 0.361346364021, 0.017224304378, 0.000827887153719, 0.000143172394019, 4.70567174489e-05, 1.51955364345e-05, 1.72462277988e-05, 3.1641266105e-05],
        "min": [1.15162357872e-07, 3.63318008567e-07, 1.28880469674e-06, 6.21426352154e-06, 2.19200228457e-05, 0.000481791212223, 0.00187425583135, 0.00443745730445, 0.00685541750863, 0.0200935136527, 0.0550490021706, 0.0874715521932, 0.136423796415, 0.123452462256, 0.100989885628, 0.0614040866494, 0.112498797476, 0.0958668589592, 0.0585212521255, 0.0574602372944, 0.0318453162909, 0.0222082510591, 0.0538214556873, 0.0707012563944, 0.0725494399667, 0.0273681450635, 0.0202380437404, 0.0237282086164, 0.0220912322402, 0.0168269723654, 0.00213715434074, 0.000162419499247, 1.28769479488e-05, 3.98146175939e-06, 2.2815693228e-06, 1.18721845865e-06, 6.12320775417e-07, 2.03132117349e-07, 2.34652446807e-07, 4.04395535725e-07],
        "stdev": [0.659964203835, 2.89739060402, 4.74467372894, 5.64524030685, 9.02723312378, 16.0333328247, 20.5035190582, 34.9085235596, 23.3976039886, 24.0756111145, 20.1191558838, 44.885433197, 115.890129089, 32.8109931946, 32.6683082581, 72.9024429321, 20.4147205353, 46.6724281311, 45.6826972961, 57.6063117981, 89.5638656616, 47.3281021118, 23.3956623077, 26.281337738, 17.6264209747, 36.8207015991, 25.4612216949, 20.429813385, 17.9904918671, 16.1495914459, 11.9101867676, 4.74053621292, 1.00381600857, 0.0492600351572, 0.00283687515184, 0.00115222530439, 0.000527394993696, 0.000188214049558, 4.627511953e-05, 3.29808099195e-05]
    },
    "gfcc": {
        "mean": [-76.1118774414, 146.238830566, -189.136779785, 50.9890022278, -74.3434295654, -9.03274059296, -7.40662002563, -29.8548278809, 4.71766424179, -27.1520423889, -0.994827568531, -7.54271507263, -3.96658277512],
        "cov": [[9644.22363281, -850.446228027, 1395.53796387, 2257.03149414, 520.803100586, 1816.04016113, -284.55682373, 1119.90942383, 1004.18078613, 613.691040039, 894.991577148, -31.8302516937, 911.078552246], [-850.446228027, 1326.75378418, 823.632751465, 339.776885986, 461.244995117, -140.970108032, 137.34362793, -200.611785889, -159.726119995, -53.4060592651, -26.7857170105, 106.552200317, -82.5420303345], [1395.53796387, 823.632751465, 1542.47961426, 1099.68896484, 368.010223389, 369.850952148, -139.461013794, 68.5570831299, 35.0070343018, 133.236557007, 268.282714844, 115.66129303, 179.082519531], [2257.03149414, 339.776885986, 1099.68896484, 1100.08447266, 365.065124512, 497.529144287, -119.742362976, 233.955245972, 196.381607056, 180.693481445, 293.993560791, 72.8694839478, 250.37953186], [520.803100586, 461.244995117, 368.010223389, 365.065124512, 409.689453125, 156.528518677, 86.0028610229, 69.2945785522, 80.3770446777, 44.5282173157, 59.2192192078, 66.4651184082, 40.8125190735], [1816.04016113, -140.970108032, 369.850952148, 497.529144287, 156.528518677, 509.802398682, -33.0910758972, 252.00579834, 192.317047119, 102.337882996, 189.290252686, -1.42591190338, 164.296859741], [-284.55682373, 137.34362793, -139.461013794, -119.742362976, 86.0028610229, -33.0910758972, 194.743667603, 5.42869091034, -14.3487586975, -21.5761623383, -55.5627670288, -8.16746139526, -64.1646499634], [1119.90942383, -200.611785889, 68.5570831299, 233.955245972, 69.2945785522, 252.00579834, 5.42869091034, 227.364639282, 161.731689453, 74.5171203613, 117.916259766, -8.58837509155, 106.565223694], [1004.18078613, -159.726119995, 35.0070343018, 196.381607056, 80.3770446777, 192.317047119, -14.3487586975, 161.731689453, 191.899291992, 97.1787033081, 97.2180328369, 5.18850946426, 99.3390045166], [613.691040039, -53.4060592651, 133.236557007, 180.693481445, 44.5282173157, 102.337882996, -21.5761623383, 74.5171203613, 97.1787033081, 112.14906311, 97.4347305298, 11.6491479874, 74.1729812622], [894.991577148, -26.7857170105, 268.282714844, 293.993560791, 59.2192192078, 189.290252686, -55.5627670288, 117.916259766, 97.2180328369, 97.4347305298, 178.584793091, 34.7858581543, 109.751213074], [-31.8302516937, 106.552200317, 115.66129303, 72.8694839478, 66.4651184082, -1.42591190338, -8.16746139526, -8.58837509155, 5.18850946426, 11.6491479874, 34.7858581543, 87.2573471069, 20.9891204834], [911.078552246, -82.5420303345, 179.082519531, 250.37953186, 40.8125190735, 164.296859741, -64.1646499634, 106.565223694, 99.3390045166, 74.1729812622, 109.751213074, 20.9891204834, 148.456954956]],
        "icov": [[0.000762250740081, -2.66493298113e-05, 0.000417453498812, -0.00103083322756, 0.000339572259691, -0.00104196276516, -0.000232559410506, 0.00011735928274, -0.00129146280233, 0.000198267051019, -0.000560230168048, 0.000976686715148, -0.00154154072516], [-2.66493298113e-05, 0.00842209905386, -0.00700552621856, 0.00375844794326, -0.00824368000031, 0.0049765734002, -0.00550696020946, 0.00604087626562, -0.00313503295183, 0.00756495352834, -0.00449765613303, 0.00371494772844, -0.00188161095139], [0.000417453498812, -0.00700552621856, 0.0103193139657, -0.0085027422756, 0.00696873757988, -0.005105283577, 0.00462547130883, -0.00281743216328, 0.00506757525727, -0.00679461611435, 0.0021159062162, -0.00386830233037, 0.00217747385614], [-0.00103083322756, 0.00375844794326, -0.0085027422756, 0.0122144762427, -0.00703579932451, 0.00240504881367, 3.04466684611e-05, -0.000644516607281, -0.000490359554533, 0.00131706241518, -0.000974280235823, 0.00218899874017, -0.00209834729321], [0.000339572259691, -0.00824368000031, 0.00696873757988, -0.00703579932451, 0.0147250629961, -0.00556347845122, 0.00101392180659, -0.00376876699738, -0.00112423929386, -0.00540897622705, 0.00531162600964, -0.00668870657682, 0.00251857447438], [-0.00104196276516, 0.0049765734002, -0.005105283577, 0.00240504881367, -0.00556347845122, 0.0111267128959, -0.00342590222135, -0.000121359196783, -0.00243884185329, 0.00765801919624, -0.00469965673983, 0.00341281178407, -0.000116666284157], [-0.000232559410506, -0.00550696020946, 0.00462547130883, 3.04466684611e-05, 0.00101392180659, -0.00342590222135, 0.0139976292849, -0.00948887784034, 0.00705088954419, -0.00966272037476, 0.00608752202243, -0.00275327009149, 0.00510681141168], [0.00011735928274, 0.00604087626562, -0.00281743216328, -0.000644516607281, -0.00376876699738, -0.000121359196783, -0.00948887784034, 0.0262239370495, -0.0147736687213, 0.013753220439, -0.0114635014907, 0.0060753421858, -0.00400067307055], [-0.00129146280233, -0.00313503295183, 0.00506757525727, -0.000490359554533, -0.00112423929386, -0.00243884185329, 0.00705088954419, -0.0147736687213, 0.0294563472271, -0.0196165759116, 0.00864836852998, -0.00601471820846, 0.00210430519655], [0.000198267051019, 0.00756495352834, -0.00679461611435, 0.00131706241518, -0.00540897622705, 0.00765801919624, -0.00966272037476, 0.013753220439, -0.0196165759116, 0.0367668829858, -0.0180439148098, 0.00811942014843, -0.00512424251065], [-0.000560230168048, -0.00449765613303, 0.0021159062162, -0.000974280235823, 0.00531162600964, -0.00469965673983, 0.00608752202243, -0.0114635014907, 0.00864836852998, -0.0180439148098, 0.0257699731737, -0.00980954803526, 0.00019276374951], [0.000976686715148, 0.00371494772844, -0.00386830233037, 0.00218899874017, -0.00668870657682, 0.00341281178407, -0.00275327009149, 0.0060753421858, -0.00601471820846, 0.00811942014843, -0.00980954803526, 0.0207353718579, -0.00615465361625], [-0.00154154072516, -0.00188161095139, 0.00217747385614, -0.00209834729321, 0.00251857447438, -0.000116666284157, 0.00510681141168, -0.00400067307055, 0.00210430519655, -0.00512424251065, 0.00019276374951, -0.00615465361625, 0.0224579703063]]
    },
    "melbands": {
        "max": [0.0364024490118, 0.0207495242357, 0.0117550315335, 0.00849618669599, 0.00603863177821, 0.0112540218979, 0.0057001747191, 0.00394585728645, 0.00508279493079, 0.00378283322789, 0.0105871157721, 0.00305252848193, 0.00124797457829, 0.00275383633561, 0.00123138329946, 0.000526220654137, 0.00195791525766, 0.000631847826298, 0.00132100307383, 0.00100120750722, 0.000838851265144, 0.000520933535881, 0.000258880871115, 0.000101259473013, 0.000402515695896, 0.000185047683772, 0.000142303586472, 0.000336241588229, 0.000183025214938, 0.000188907215488, 0.000239265427808, 0.000206521159271, 0.000202747673029, 0.000116220602649, 0.000131729568238, 5.02389921166e-05, 2.94456804113e-05, 1.46513020809e-05, 2.1543744424e-06, 1.02738717089e-07],
        "mean": [0.00288020772859, 0.00160702969879, 0.000458758528112, 0.000439765572082, 0.00044857172179, 0.000392802438, 0.000168732658494, 0.000124607875478, 0.000108181535325, 0.000175960187335, 0.000233826853218, 8.74335019034e-05, 5.86237583775e-05, 6.9698333391e-05, 5.14571911481e-05, 3.45255793945e-05, 4.39767318312e-05, 3.15990255331e-05, 4.92887775181e-05, 3.980112524e-05, 4.458220792e-05, 3.20062645187e-05, 1.9884771973e-05, 1.23111376524e-05, 1.59800347319e-05, 9.0364337666e-06, 1.02819731183e-05, 1.1263565284e-05, 9.38883749768e-06, 8.34894035506e-06, 6.22207016931e-06, 4.79313303003e-06, 4.25271446147e-06, 3.66838980881e-06, 2.89646777674e-06, 1.81671566679e-06, 9.07690662189e-07, 2.97930625948e-07, 3.50913538227e-08, 5.08025288504e-10],
        "min": [6.47429776457e-10, 1.83946302634e-10, 1.02766095633e-09, 1.38487976642e-08, 7.64813066212e-08, 9.84762209555e-08, 1.0727249844e-07, 2.77534013549e-07, 4.55070988892e-07, 4.61459279677e-07, 5.32090325578e-07, 4.08417776043e-07, 2.91793895713e-07, 1.02390302459e-07, 2.09032876342e-07, 2.30127241707e-07, 1.51733317466e-07, 7.25655198153e-08, 5.88747326447e-08, 4.58941116221e-08, 3.14727017781e-08, 2.25136425058e-08, 2.78057754599e-08, 4.14151486439e-08, 4.17862722202e-08, 2.93415123309e-08, 2.44579929642e-08, 1.08005551169e-08, 3.83328346842e-09, 5.7593290137e-09, 9.55142986925e-09, 1.05327160327e-08, 1.87236626203e-09, 4.02695210511e-09, 2.54658766297e-10, 1.18581761164e-12, 9.94815449636e-13, 5.95624949102e-13, 5.85372624939e-13, 6.49818252593e-13],
        "stdev": [0.00492335995659, 0.00249397102743, 0.00100349157583, 0.000823625712655, 0.000701757031493, 0.000733213673811, 0.00032593740616, 0.000250992830843, 0.000193080952158, 0.000333281350322, 0.000580795807764, 0.000142798802699, 8.8123138994e-05, 0.000188761579921, 9.93923094939e-05, 5.28724267497e-05, 9.96372182271e-05, 6.26577821095e-05, 0.000111422967166, 7.87752651377e-05, 0.000104985403595, 5.32350677531e-05, 3.2637242839e-05, 1.50615805978e-05, 2.49616441579e-05, 1.34321835503e-05, 1.76395769813e-05, 2.73950281553e-05, 1.6967409465e-05, 1.4168657799e-05, 1.14313770609e-05, 9.80206914392e-06, 1.06360166683e-05, 9.10828384804e-06, 7.62627678341e-06, 4.52637141279e-06, 2.40390522777e-06, 8.64074024776e-07, 1.21918660057e-07, 4.28930890806e-09]
    },
    "melbands128": {
        "max": [0.0169603209943, 0.0505115240812, 0.0517232753336, 0.0365151315928, 0.0264782868326, 0.0165694579482, 0.0144297815859, 0.0132964942604, 0.019813163206, 0.0130115197971, 0.0138210244477, 0.0116845099255, 0.00574890896678, 0.0120461564511, 0.0202354136854, 0.0175769068301, 0.0107151083648, 0.00554276816547, 0.00408725906163, 0.00628256425261, 0.00430498598143, 0.00295757316053, 0.00660962890834, 0.00933097023517, 0.00416910275817, 0.00657325424254, 0.0120162144303, 0.0213184468448, 0.00587994745001, 0.00649707857519, 0.00212882901542, 0.00118980195839, 0.00149542512372, 0.00331554771401, 0.00435274839401, 0.00610125483945, 0.00389519077726, 0.00129208818544, 0.000436071772128, 0.000548322859686, 0.000848470022902, 0.00174753682222, 0.00327148241922, 0.00201327470131, 0.00144995376468, 0.000741404888686, 0.00215922854841, 0.00290433899499, 0.00278309336863, 0.00118617364205, 0.00205664522946, 0.00133676803671, 0.0021784233395, 0.00113184540533, 0.00144203822128, 0.000714448629878, 0.000750769977458, 0.000535760365892, 0.000451706757303, 0.0002619047591, 0.000186801262316, 0.000110533859697, 0.000501041358802, 0.000594077049755, 0.000238610620727, 0.000367343309335, 0.000177976442501, 0.000198045716388, 0.000228600081755, 0.000528341915924, 0.000701791606843, 0.000321152736433, 0.000253303325735, 0.000170562154381, 0.000358415098162, 0.00027750353911, 0.000253323698416, 0.000299774575979, 0.000261762615992, 0.000150100633618, 0.00014175697288, 0.000236388746998, 0.000348129600752, 0.000197487403057, 0.000213184132008, 0.000147757600644, 0.000210714541026, 0.000116239287308, 0.000140665390063, 0.00016336220142, 5.41056942893e-05, 3.67547036149e-05, 6.34612151771e-05, 4.48023492936e-05, 2.59204862232e-05, 1.73560820258e-05, 1.32117584144e-05, 7.38125982025e-06, 2.774865834e-06, 6.47242018204e-07, 1.14354236302e-07, 9.96466766878e-08, 9.43462552527e-08, 8.9846750484e-08, 8.59673221498e-08, 8.22094179398e-08, 7.87144713854e-08, 7.56324993745e-08, 7.24414022102e-08, 6.97768669511e-08, 6.70280542181e-08, 6.44487556656e-08, 6.22405806894e-08, 5.99414846647e-08, 5.80523895621e-08, 5.62212569832e-08, 5.45033920218e-08, 5.29499466495e-08, 5.14945348584e-08, 5.007620274e-08, 4.89267399928e-08, 4.79079638183e-08, 4.69598049335e-08, 4.62234162057e-08, 4.55897826157e-08, 4.49927419766e-08, 4.4571926594e-08, 4.43368719516e-08],
        "mean": [0.000688044645358, 0.00290687824599, 0.00397068075836, 0.00257932511158, 0.00149456271902, 0.000859270163346, 0.000474864966236, 0.000394538918044, 0.000328213063767, 0.000406779756304, 0.000554058409762, 0.000486938544782, 0.000412546418374, 0.00041418694309, 0.000423779099947, 0.00039058769471, 0.000248044438194, 9.59535318543e-05, 0.000115198432468, 0.000132369270432, 0.000138877891004, 7.43605996831e-05, 0.000113593901915, 0.00012933605467, 0.000115773080324, 0.000214485015022, 0.000268849194981, 0.00030218512984, 0.000131166074425, 8.86578054633e-05, 7.92933278717e-05, 6.6149434133e-05, 4.86230310344e-05, 6.43572784611e-05, 5.53845638933e-05, 8.13310034573e-05, 7.95319938334e-05, 5.30427096237e-05, 3.25746696035e-05, 2.71906883427e-05, 4.14773130615e-05, 3.32575982611e-05, 4.73939871881e-05, 5.28501695953e-05, 2.28028129641e-05, 2.47052448685e-05, 4.20949436375e-05, 6.17302284809e-05, 4.80225608044e-05, 2.93412103929e-05, 3.55494230462e-05, 5.15558749612e-05, 5.59338914172e-05, 3.54694493581e-05, 3.64956285921e-05, 3.20650615322e-05, 2.90605676128e-05, 2.15581731027e-05, 1.68914484675e-05, 1.54308399942e-05, 1.08280728455e-05, 8.37989136926e-06, 2.24184623221e-05, 1.64405410032e-05, 8.65716538101e-06, 9.69176835497e-06, 8.38483174448e-06, 9.20296315599e-06, 1.14011827463e-05, 9.96594008029e-06, 1.21857210615e-05, 1.14627046059e-05, 1.05586304926e-05, 8.33827652968e-06, 8.79538674781e-06, 9.06198147277e-06, 7.66774519434e-06, 7.5842303886e-06, 5.9415792748e-06, 5.03523642692e-06, 4.81928736917e-06, 4.71046587336e-06, 4.71516705147e-06, 4.16851025875e-06, 3.92850915887e-06, 3.72628346668e-06, 3.79990842703e-06, 3.19346827382e-06, 2.89769263873e-06, 2.60664478446e-06, 2.28701651395e-06, 1.44786906731e-06, 1.30944408738e-06, 9.38478024182e-07, 6.89057515046e-07, 4.19026235932e-07, 2.24051078135e-07, 8.87502906721e-08, 3.28895453094e-08, 5.16877740608e-09, 3.87716747596e-10, 1.67171054777e-10, 8.10438313681e-11, 7.50108725134e-11, 7.14140413471e-11, 7.08807734728e-11, 6.76384850906e-11, 6.32491906072e-11, 5.99864255491e-11, 5.76826954257e-11, 5.54408255415e-11, 5.33210385567e-11, 5.14399009499e-11, 4.95210261686e-11, 4.79624395755e-11, 4.64980276504e-11, 4.52148769814e-11, 4.38046855733e-11, 4.26027060851e-11, 4.14352649414e-11, 4.04625187522e-11, 3.96379283563e-11, 3.88982075716e-11, 3.82467807425e-11, 3.74692603333e-11, 3.65336580432e-11, 3.59558181839e-11, 3.5730699649e-11],
        "min": [1.49155604534e-10, 3.79302061981e-10, 6.98724481052e-11, 3.46348852376e-11, 2.49533085167e-11, 6.05756278471e-11, 8.12296688246e-11, 3.25827725911e-10, 3.47770368059e-10, 5.53967227646e-09, 2.43528255339e-08, 2.95023525609e-08, 8.64162696956e-09, 2.41641959775e-08, 4.51772930177e-09, 1.4999637088e-08, 8.64123634869e-08, 6.88562025175e-08, 1.2197790511e-07, 1.36380251092e-07, 1.0029929598e-07, 7.94749510646e-08, 1.04856169969e-07, 1.73635669398e-07, 1.5204579995e-07, 1.23253840911e-07, 2.05328831271e-07, 3.23745240394e-07, 8.21660535166e-08, 8.08529918572e-08, 1.68710101889e-07, 6.65540511591e-08, 7.52946078819e-08, 1.18520901538e-07, 6.72410749303e-08, 5.05530017847e-08, 3.38336647587e-08, 8.2463522233e-08, 6.77109781577e-08, 9.91906432546e-08, 5.42540590232e-08, 8.50493435678e-08, 7.19479658073e-08, 8.41740543933e-08, 1.98476683977e-08, 2.39076545228e-08, 1.32796467156e-08, 3.29678826461e-08, 4.59769573524e-08, 1.48058187932e-08, 3.39347017153e-09, 1.55117536593e-08, 9.58293799869e-09, 1.7097313787e-08, 1.99586516203e-08, 9.88424631032e-09, 9.0888816473e-09, 1.21677716791e-08, 8.97254537335e-09, 2.45987177294e-08, 2.88217751887e-08, 3.08186187681e-08, 2.43452795701e-08, 1.46574112847e-08, 1.78293966258e-08, 1.38976039565e-08, 1.0531428174e-08, 4.68165151091e-09, 3.89919385668e-09, 1.41164964162e-08, 6.82354439618e-09, 1.88979187854e-09, 2.04554884142e-09, 1.35852595839e-09, 2.23083995721e-09, 3.26494720149e-09, 3.43140937886e-09, 2.27570473577e-09, 4.56863435971e-09, 3.42446848656e-09, 5.77697756299e-09, 7.72682540173e-09, 3.76831454929e-09, 2.57831173078e-10, 1.31292143823e-10, 1.28366228758e-09, 4.75379124953e-10, 1.09774168922e-10, 1.75007328074e-10, 1.8392576958e-12, 6.38275131533e-13, 6.31285605387e-13, 5.60319152187e-13, 5.16632038799e-13, 6.09365151654e-13, 5.3630071304e-13, 3.31028797039e-13, 4.8046592746e-13, 5.59015724336e-13, 3.55137902593e-13, 4.60573419681e-13, 4.74962300392e-13, 5.1150723197e-13, 4.63260777395e-13, 4.17903477665e-13, 4.72292181492e-13, 4.19487280199e-13, 3.88775058154e-13, 4.57444954312e-13, 4.93622883454e-13, 4.33801784641e-13, 4.69288941474e-13, 4.52097560777e-13, 4.66466112698e-13, 4.44728997552e-13, 4.38647734672e-13, 5.06182173e-13, 5.41539740568e-13, 5.30282469411e-13, 4.77690207269e-13, 4.64108352444e-13, 4.4912237449e-13, 4.63842614491e-13, 5.00262158087e-13, 4.04158369098e-13, 1.32177119727e-13, 1.57337826849e-14, 5.86194921559e-16],
        "stdev": [0.00180088612251, 0.0061528547667, 0.00684200320393, 0.0043069976382, 0.00277648377232, 0.00190737505909, 0.00122888258193, 0.00108168378938, 0.00100841675885, 0.00102499441709, 0.00106551114004, 0.000938874902204, 0.000739025359508, 0.000962263147812, 0.00102611526381, 0.000935068295803, 0.000594651850406, 0.000281446613371, 0.000289775576675, 0.000399069889681, 0.000293186516501, 0.000157990216394, 0.000256387807894, 0.000312965392368, 0.000262680725427, 0.000561400025617, 0.000746532925405, 0.00101705407724, 0.000355629628757, 0.000252397177974, 0.000117802075692, 9.4498078397e-05, 8.97079880815e-05, 0.000162663593073, 0.000196902401512, 0.000323988962919, 0.000294255354675, 9.93375942926e-05, 4.73174732178e-05, 4.06558428949e-05, 8.60326181282e-05, 8.50003998494e-05, 0.000159952483955, 0.0001253613882, 5.75156554987e-05, 6.55108015053e-05, 0.000148507839185, 0.000186308068805, 0.000147233397001, 8.16611282062e-05, 9.50412431848e-05, 0.000130938031361, 0.00021302101959, 9.62905178312e-05, 8.73439130373e-05, 6.31892253296e-05, 6.41457154416e-05, 4.65635457658e-05, 3.78762524633e-05, 2.6668434657e-05, 1.80589540832e-05, 1.12986217573e-05, 3.80269266316e-05, 3.36859593517e-05, 1.75465593202e-05, 1.99322876142e-05, 1.58125112648e-05, 1.58049515449e-05, 2.50897828664e-05, 2.84690322587e-05, 4.17745977757e-05, 2.71737244475e-05, 2.19985358854e-05, 1.66221543623e-05, 2.04183616006e-05, 1.80907227332e-05, 1.44127780004e-05, 1.51387712322e-05, 1.2264868019e-05, 9.91212164081e-06, 9.81365246844e-06, 1.0964105968e-05, 1.36106446007e-05, 1.13763271656e-05, 9.86911345535e-06, 9.12208452064e-06, 1.18773232316e-05, 8.73888529895e-06, 7.82931147114e-06, 8.18432545202e-06, 5.81276481171e-06, 3.65257142221e-06, 3.76255388801e-06, 2.6497646104e-06, 1.97046051653e-06, 1.23072993574e-06, 7.13845679456e-07, 3.46641485294e-07, 1.359524191e-07, 2.635790608e-08, 4.94779106575e-09, 2.86611734346e-09, 2.52031040482e-09, 2.39992870021e-09, 2.29632202142e-09, 2.19655738043e-09, 2.10282680158e-09, 2.02021466222e-09, 1.9349384317e-09, 1.86375426203e-09, 1.79032633163e-09, 1.72140057764e-09, 1.662442628e-09, 1.60102164859e-09, 1.55055579487e-09, 1.50165402335e-09, 1.4557518524e-09, 1.4142654825e-09, 1.37538291867e-09, 1.33750754916e-09, 1.30678612376e-09, 1.27958643681e-09, 1.25426846687e-09, 1.23458787638e-09, 1.21765730832e-09, 1.20173127005e-09, 1.19050280745e-09, 1.18422815998e-09]
    },
    "mfcc": {
        "mean": [-685.123596191, 146.124649048, -49.176399231, 44.9295005798, -40.3713264465, 24.3705425262, -24.9292888641, 17.859621048, -15.989153862, 5.27609539032, -10.7555351257, -2.13245463371, -9.4630651474],
        "cov": [[9138.97460938, -1581.85925293, 1005.75653076, 859.914123535, 1119.42773438, 1020.64654541, -150.246246338, 812.996948242, 292.627960205, 1300.74731445, -525.316467285, 1698.93481445, 19.8286838531], [-1581.85925293, 1124.48681641, 181.423248291, 287.395050049, 111.077156067, 35.605178833, 221.867080688, -84.1369781494, 8.3050069809, -297.54006958, 154.838943481, -316.705108643, 74.4153137207], [1005.75653076, 181.423248291, 1457.95581055, 648.291503906, 696.930358887, 305.572692871, 183.130096436, 27.0732250214, -65.3724365234, 41.7085952759, -102.306129456, 290.419342041, 0.187877997756], [859.914123535, 287.395050049, 648.291503906, 634.684204102, 447.454406738, 275.505767822, 98.5145339966, 79.2569046021, 36.5495796204, 71.8654708862, -58.6238059998, 233.976135254, 67.6463928223], [1119.42773438, 111.077156067, 696.930358887, 447.454406738, 614.624145508, 278.89175415, 110.922111511, 128.876327515, 48.5032196045, 111.663749695, -59.761100769, 270.060150146, 47.6065788269], [1020.64654541, 35.605178833, 305.572692871, 275.505767822, 278.89175415, 287.797424316, 59.6346359253, 140.019927979, 52.0431175232, 135.812011719, -42.2511672974, 224.105575562, 26.3464069366], [-150.246246338, 221.867080688, 183.130096436, 98.5145339966, 110.922111511, 59.6346359253, 180.222229004, 34.0993537903, 23.7211551666, -29.4858112335, 42.5867004395, -28.4206523895, 18.4889469147], [812.996948242, -84.1369781494, 27.0732250214, 79.2569046021, 128.876327515, 140.019927979, 34.0993537903, 207.939285278, 64.0083999634, 137.922409058, -19.116853714, 158.140716553, 15.5293388367], [292.627960205, 8.3050069809, -65.3724365234, 36.5495796204, 48.5032196045, 52.0431175232, 23.7211551666, 64.0083999634, 109.045936584, 56.8980636597, 12.8800554276, 47.9822807312, 18.8199462891], [1300.74731445, -297.54006958, 41.7085952759, 71.8654708862, 111.663749695, 135.812011719, -29.4858112335, 137.922409058, 56.8980636597, 288.479187012, -66.5290756226, 259.202148438, -1.41644918919], [-525.316467285, 154.838943481, -102.306129456, -58.6238059998, -59.761100769, -42.2511672974, 42.5867004395, -19.116853714, 12.8800554276, -66.5290756226, 117.493057251, -100.138572693, 19.5146045685], [1698.93481445, -316.705108643, 290.419342041, 233.976135254, 270.060150146, 224.105575562, -28.4206523895, 158.140716553, 47.9822807312, 259.202148438, -100.138572693, 442.667938232, 19.5995101929], [19.8286838531, 74.4153137207, 0.187877997756, 67.6463928223, 47.6065788269, 26.3464069366, 18.4889469147, 15.5293388367, 18.8199462891, -1.41644918919, 19.5146045685, 19.5995101929, 84.0174255371]],
        "icov": [[0.000693447771482, 0.000288187089609, -3.76718089683e-05, -4.65995944978e-05, -0.000183679760084, -0.000632297887933, 0.000218818240683, -0.000422141718445, -0.000420824915636, -0.00111327029299, 0.000808943994343, -0.000930847018026, 5.56744125788e-05], [0.000288187089609, 0.00314488215372, 0.000526169373188, -0.00219529145397, -0.000307841051836, -0.00137795100454, -0.00153249350842, 0.000137123381137, -3.22569139826e-05, 0.00103703245986, -0.00141933909617, 0.00178249797318, -0.000230134028243], [-3.76718089683e-05, 0.000526169373188, 0.00288602826186, -0.00158331322018, -0.00227417098358, -0.000100236160506, -0.00207705213688, 0.00139904418029, 0.00253762397915, 0.000686676648911, 3.65061932825e-05, -0.000482505682157, 0.00187695515342], [-4.65995944978e-05, -0.00219529145397, -0.00158331322018, 0.00636970857158, -0.000637798686512, -0.00167665444314, 0.00120466551743, 0.00069503695704, -0.00128702411894, -0.000264235772192, 0.00212962599471, -0.00176725536585, -0.00247456133366], [-0.000183679760084, -0.000307841051836, -0.00227417098358, -0.000637798686512, 0.00620491756126, -0.00103551626671, 3.88873304473e-05, -0.00128055387177, -0.0019950044807, 0.000573998724576, 0.000251845864113, -0.000478636298794, -0.00161868869327], [-0.000632297887933, -0.00137795100454, -0.000100236160506, -0.00167665444314, -0.00103551626671, 0.0116397542879, -0.000800815760158, -0.00303655746393, 3.5926436226e-07, -0.000355096301064, -0.000301289226627, -0.00173323927447, 0.000862331362441], [0.000218818240683, -0.00153249350842, -0.00207705213688, 0.00120466551743, 3.88873304473e-05, -0.000800815760158, 0.0106559852138, -0.00261189998128, -0.00222989986651, -0.000916922697797, -0.00195358763449, 0.00115294440184, -0.000623850501142], [-0.000422141718445, 0.000137123381137, 0.00139904418029, 0.00069503695704, -0.00128055387177, -0.00303655746393, -0.00261189998128, 0.0109088039026, -0.00110431492794, -0.00128343212418, -0.000672274909448, -0.000601825944614, 0.000173972002813], [-0.000420824915636, -3.22569139826e-05, 0.00253762397915, -0.00128702411894, -0.0019950044807, 3.5926436226e-07, -0.00222989986651, -0.00110431492794, 0.0148894730955, -0.00110925885383, -0.00245976424776, 0.00055166875245, 7.22807017155e-05], [-0.00111327029299, 0.00103703245986, 0.000686676648911, -0.000264235772192, 0.000573998724576, -0.000355096301064, -0.000916922697797, -0.00128343212418, -0.00110925885383, 0.0120013551787, -0.000665422237944, -0.0021640798077, 0.000890746363439], [0.000808943994343, -0.00141933909617, 3.65061932825e-05, 0.00212962599471, 0.000251845864113, -0.000301289226627, -0.00195358763449, -0.000672274909448, -0.00245976424776, -0.000665422237944, 0.0153254410252, -0.000902282132301, -0.00295195332728], [-0.000930847018026, 0.00178249797318, -0.000482505682157, -0.00176725536585, -0.000478636298794, -0.00173323927447, 0.00115294440184, -0.000601825944614, 0.00055166875245, -0.0021640798077, -0.000902282132301, 0.0108969816938, -0.00175539765041], [5.56744125788e-05, -0.000230134028243, 0.00187695515342, -0.00247456133366, -0.00161868869327, 0.000862331362441, -0.000623850501142, 0.000173972002813, 7.22807017155e-05, 0.000890746363439, -0.00295195332728, -0.00175539765041, 0.015927053988]]
    },
    "spectral_contrast_coeffs": {
        "max": [-0.38297444582, -0.50735449791, -0.532770752907, -0.523184120655, -0.619536519051, -0.306545078754],
        "mean": [-0.710239291191, -0.767269611359, -0.778881847858, -0.806256890297, -0.792130112648, -0.553382396698],
        "min": [-0.878093719482, -0.914578557014, -0.891182124615, -0.901273190975, -0.877320706844, -0.833632469177],
        "stdev": [0.0763228833675, 0.0614493973553, 0.055158097297, 0.0555104985833, 0.0367209911346, 0.0532400235534]
    },
    "spectral_contrast_valleys": {
        "max": [-5.01175642014, -4.94606351852, -5.5285987854, -5.79440593719, -5.76286888123, -9.13049507141],
        "mean": [-7.39013719559, -6.80786132812, -7.12042951584, -7.568795681, -7.59652757645, -13.2044286728],
        "min": [-13.0474891663, -8.86123943329, -9.32280921936, -9.714802742, -9.925116539, -16.0846443176],
        "stdev": [1.68062233925, 0.708863079548, 0.744420170784, 0.83486789465, 0.950904428959, 1.81968021393]
    }
},
"rhythm": {
    "beats_count": 74,
    "beats_loudness": {
        "max": 0.103799074888,
        "mean": 0.0289542190731,
        "min": 0.000713995250408,
        "stdev": 0.0291120316833
    },
    "bpm": 139.384063721,
    "bpm_histogram_first_peak_bpm": 140,
    "bpm_histogram_first_peak_weight": 0.288135588169,
    "bpm_histogram_second_peak_bpm": 133,
    "bpm_histogram_second_peak_spread": 0,
    "bpm_histogram_second_peak_weight": 0.136986300349,
    "danceability": 0.829441726208,
    "onset_rate": 1.53808581829,
    "beats_loudness_band_ratio": {
        "max": [0.87808150053, 0.910433471203, 0.518119812012, 0.622184693813, 0.227865874767, 0.214269757271],
        "mean": [0.31427693367, 0.278325617313, 0.196190103889, 0.157332181931, 0.0723206177354, 0.0416496507823],
        "min": [5.26118446942e-06, 0.000706479360815, 0.00993337575346, 0.0139987813309, 0.00307117216289, 0.00311395968311],
        "stdev": [0.264297276735, 0.229395866394, 0.134972020984, 0.159933105111, 0.0546065531671, 0.0384520068765]
    },
