{
"metadata": {
    "version": {
        "essentia": "2.1-beta5",
        "essentia_git_sha": "Undefined",
        "extractor": "music 2.0"
    },
    "audio_properties": {
        "analysis": {
            "equal_loudness": 0,
            "length": 32.4963264465,
            "sample_rate": 44100,
            "start_time": 142.744674683,
            "downmix": "mix"
        },
        "bit_rate": 192000,
        "length": 196.011245728,
        "lossless": 0,
        "number_channels": 2,
        "replay_gain": 3.09085273743,
        "sample_rate": 48000,
        "codec": "mp3",
        "md5_encoded": "0288f42cc92b300e86537027c9909f10"
    },
    "tags": {
        "file_name": "Malta_Coming Home_Firelight.mp3",
        "encoding": ["Lavf58.29.100"]
    }
},
"lowlevel": {
    "average_loudness": 0.979282617569,
    "barkbands_crest": {
        "max": 24.466588974,
        "mean": 10.7444648743,
        "min": 2.80960130692,
        "stdev": 4.47127103806
    },
    "barkbands_flatness_db": {
        "max": 0.290306866169,
        "mean": 0.176472976804,
        "min": 0.0941519811749,
        "stdev": 0.0328339524567
    },
    "barkbands_kurtosis": {
        "max": 49.1696472168,
        "mean": 1.32541930676,
        "min": -1.81410324574,
        "stdev": 3.46148371696
    },
    "barkbands_skewness": {
        "max": 6.60809278488,
        "mean": 0.780229508877,
        "min": -1.7043697834,
        "stdev": 0.974519789219
    },
    "barkbands_spread": {
        "max": 85.3878936768,
        "mean": 24.9459934235,
        "min": 4.17321968079,
        "stdev": 10.7137403488
    },
    "dissonance": {
        "max": 0.499872267246,
        "mean": 0.464306890965,
        "min": 0.288305014372,
        "stdev": 0.0277383495122
    },
    "dynamic_complexity": 1.37071990967,
    "erbbands_crest": {
        "max": 28.2290782928,
        "mean": 11.1788043976,
        "min": 2.49210095406,
        "stdev": 4.85246324539
    },
    "erbbands_flatness_db": {
        "max": 0.308755040169,
        "mean": 0.217484593391,
        "min": 0.133093073964,
        "stdev": 0.0334483087063
    },
    "erbbands_kurtosis": {
        "max": 15.5952091217,
        "mean": 1.61665213108,
        "min": -1.62822401524,
        "stdev": 2.33940505981
    },
    "erbbands_skewness": {
        "max": 3.76056098938,
        "mean": 0.362444698811,
        "min": -2.38808703423,
        "stdev": 0.948110103607
    },
    "erbbands_spread": {
        "max": 86.2900543213,
        "mean": 27.541519165,
        "min": 5.47524595261,
        "stdev": 13.8155088425
    },
    "hfc": {
        "max": 85.705947876,
        "mean": 33.5278396606,
        "min": 1.07015442848,
        "stdev": 12.954949379
    },
    "loudness_ebu128": {
        "integrated": -24.8837623596,
        "loudness_range": 1.67866897583,
        "momentary": {
            "max": -22.7131290436,
            "mean": -25.0010051727,
            "min": -29.2154407501,
            "stdev": 1.03611671925
        },
        "short_term": {
            "max": -23.8890342712,
            "mean": -24.9446201324,
            "min": -26.1625518799,
            "stdev": 0.555894255638
        }
    },
    "melbands_crest": {
        "max": 29.5872592926,
        "mean": 14.2603178024,
        "min": 3.88946628571,
        "stdev": 5.69433784485
    },
    "melbands_flatness_db": {
        "max": 0.35618403554,
        "mean": 0.187683448195,
        "min": 0.0490150377154,
        "stdev": 0.0472791492939
    },
    "melbands_kurtosis": {
        "max": 134.582107544,
        "mean": 5.62039804459,
        "min": -1.62042820454,
        "stdev": 9.14011001587
    },
    "melbands_skewness": {
        "max": 9.76717567444,
        "mean": 1.62583804131,
        "min": -1.21387696266,
        "stdev": 1.31706738472
    },
    "melbands_spread": {
        "max": 130.893341064,
        "mean": 32.1846351624,
        "min": 2.40490007401,
        "stdev": 16.517988205
    },
    "pitch_salience": {
        "max": 0.798862695694,
        "mean": 0.512135207653,
        "min": 0.143966630101,
        "stdev": 0.117138437927
    },
    "silence_rate_20dB": {
        "max": 1,
        "mean": 1,
        "min": 1,
        "stdev": 0
    },
    "silence_rate_30dB": {
        "max": 1,
        "mean": 0.985724508762,
        "min": 0,
        "stdev": 0.118624806404
    },
    "silence_rate_60dB": {
        "max": 0,
        "mean": 0,
        "min": 0,
        "stdev": 0
    },
    "spectral_centroid": {
        "max": 3801.63085938,
        "mean": 1679.28039551,
        "min": 598.546386719,
        "stdev": 489.933929443
    },
    "spectral_complexity": {
        "max": 48,
        "mean": 25.2655239105,
        "min": 1,
        "stdev": 6.49214506149
    },
    "spectral_decrease": {
        "max": -3.08806508142e-10,
        "mean": -1.01496704374e-08,
        "min": -4.91607785591e-08,
        "stdev": 6.17725959273e-09
    },
    "spectral_energy": {
        "max": 0.189678758383,
        "mean": 0.0413482822478,
        "min": 0.00126257142983,
        "stdev": 0.023841002956
    },
    "spectral_energyband_high": {
        "max": 0.00711973104626,
        "mean": 0.000937379256357,
        "min": 2.60862216237e-05,
        "stdev": 0.000610006798524
    },
    "spectral_energyband_low": {
        "max": 0.16737125814,
        "mean": 0.0160729251802,
        "min": 5.67475253774e-05,
        "stdev": 0.0204848013818
    },
    "spectral_energyband_middle_high": {
        "max": 0.0452877804637,
        "mean": 0.0130520192906,
        "min": 0.000181366631296,
        "stdev": 0.00851035770029
    },
    "spectral_energyband_middle_low": {
        "max": 0.0701522603631,
        "mean": 0.0120957009494,
        "min": 0.000708108069375,
        "stdev": 0.0106532415375
    },
    "spectral_entropy": {
        "max": 8.58753395081,
        "mean": 7.58746767044,
        "min": 6.75884151459,
        "stdev": 0.262161880732
    },
    "spectral_flux": {
        "max": 0.327186346054,
        "mean": 0.110638551414,
        "min": 0.0342517159879,
        "stdev": 0.0448258332908
    },
    "spectral_kurtosis": {
        "max": 12.3120269775,
        "mean": 2.29223871231,
        "min": -0.810205459595,
        "stdev": 1.81581389904
    },
    "spectral_rms": {
        "max": 0.0136033985764,
        "mean": 0.00610876176506,
        "min": 0.00110985443462,
        "stdev": 0.00173862581141
    },
    "spectral_rolloff": {
        "max": 6890.625,
        "mean": 1632.00537109,
        "min": 86.1328125,
        "stdev": 971.755432129
    },
    "spectral_skewness": {
        "max": 2.95998215675,
        "mean": 1.04577124119,
        "min": -0.0906419083476,
        "stdev": 0.294956624508
    },
    "spectral_spread": {
        "max": 23264310,
        "mean": 3501930.5,
        "min": 2056711.125,
        "stdev": 783020.875
    },
    "spectral_strongpeak": {
        "max": 9.00792598724,
        "mean": 1.8424628973,
        "min": 0.0331394001842,
        "stdev": 1.90395891666
    },
    "zerocrossingrate": {
        "max": 0.203125,
        "mean": 0.0616074316204,
        "min": 0.00830078125,
        "stdev": 0.0219472404569
    },
    "barkbands": {
        "max": [0.00616726512089, 0.157381027937, 0.0605187006295, 0.0330464728177, 0.0197147652507, 0.0329674147069, 0.0361564308405, 0.0327768437564, 0.0661608278751, 0.0341538637877, 0.0150777958333, 0.0210863370448, 0.0228760764003, 0.0195912066847, 0.0131322229281, 0.0182111766189, 0.00437547359616, 0.00635353242978, 0.00747692910954, 0.00713027734309, 0.00154802913312, 0.00343558751047, 0.00250376365148, 0.000744564225897, 2.66106962954e-05, 2.20281913244e-06, 2.07317725653e-06],
        "mean": [0.000265361421043, 0.0118100112304, 0.00334024196491, 0.000982308760285, 0.00154552946333, 0.00145533750765, 0.00166882900521, 0.00163618568331, 0.00455800676718, 0.00133446766995, 0.00136288115755, 0.00245570251718, 0.00293581024744, 0.00119009451009, 0.00064157898305, 0.00120033684652, 0.000528429460246, 0.000643039820716, 0.000540442881174, 0.00053129758453, 0.000170018538483, 0.000260727305431, 0.000215553809539, 7.56758963689e-05, 4.09527302736e-07, 3.33515859374e-09, 3.27005644785e-09],
        "min": [2.66357815804e-08, 1.12254138003e-05, 3.347416623e-06, 1.11832798666e-06, 8.8719662017e-06, 6.12458006799e-06, 6.62986985844e-06, 7.6564574556e-06, 5.07126878802e-06, 1.82861622307e-05, 3.1716790545e-06, 1.84672990144e-05, 6.68727943776e-06, 3.84988607038e-06, 2.16938360609e-06, 2.13245880332e-06, 5.37049118066e-06, 1.73028947756e-05, 8.71695920068e-06, 1.52068396346e-05, 5.91311209064e-06, 5.806621175e-06, 4.52468339063e-06, 8.32724367683e-07, 1.60752203215e-10, 2.01202166039e-10, 2.76502931662e-10],
        "stdev": [0.000514775398187, 0.0177553445101, 0.00711311213672, 0.00272146752104, 0.00204604421742, 0.00265500298701, 0.00341369281523, 0.00311741488986, 0.00828014221042, 0.00192215433344, 0.00216478598304, 0.0034134266898, 0.00407744711265, 0.00204717717133, 0.00101263076067, 0.0023708587978, 0.000544763868675, 0.000805126794148, 0.000569119409192, 0.000616987003013, 0.00014855034533, 0.000260883156443, 0.000185102268006, 6.36133117951e-05, 1.31462195441e-06, 5.90028719216e-08, 5.55347021702e-08]
    },
    "erbbands": {
        "max": [5.80498075485, 29.8490962982, 82.8140106201, 110.793327332, 54.4920654297, 88.5093841553, 153.959594727, 333.311065674, 675.54119873, 619.655578613, 992.603088379, 1911.95959473, 672.788208008, 686.280151367, 653.75567627, 629.498962402, 1093.32189941, 1094.77612305, 575.714172363, 577.015563965, 1022.19512939, 310.456970215, 365.565093994, 328.756408691, 422.83493042, 311.45501709, 67.3161315918, 65.1210784912, 117.099952698, 124.891990662, 78.708946228, 28.7901344299, 5.84560108185, 0.73997426033, 0.0257001500577, 0.00967918056995, 0.00402490235865, 0.00135281227995, 0.000305814464809, 0.0002112230286],
        "mean": [0.334194213152, 2.65952730179, 4.29379463196, 3.76505422592, 3.20375442505, 5.43699836731, 9.04902744293, 13.4208116531, 24.4482822418, 26.4523162842, 43.4070014954, 102.257026672, 63.8212165833, 40.5505409241, 94.2972412109, 71.1343994141, 121.038322449, 90.6252593994, 39.1798171997, 37.7196502686, 69.8175048828, 36.548412323, 37.1575584412, 31.2049503326, 23.6272144318, 25.7483501434, 8.4729013443, 7.46137857437, 8.95020771027, 8.4840927124, 5.56028604507, 2.93691301346, 0.528290271759, 0.030057888478, 0.00125467125326, 0.000171992563992, 4.99967027281e-05, 1.54602494149e-05, 2.52709178312e-05, 5.00440874021e-05],
        "min": [0.000583642569836, 0.00441299611703, 0.013078414835, 0.0307229049504, 0.0205977335572, 0.0549831204116, 0.0242960341275, 0.11902320385, 0.213243320584, 0.146936163306, 0.493548601866, 0.425457596779, 0.889956831932, 0.877570033073, 0.444242924452, 0.816758751869, 0.494653791189, 0.408024251461, 0.201057195663, 0.10768944025, 0.160239502788, 0.303418248892, 0.762469291687, 0.722101032734, 0.703974187374, 0.876811265945, 0.250096529722, 0.309351831675, 0.215589523315, 0.136107251048, 0.111413396895, 0.0286260470748, 0.00593104399741, 0.000281433749478, 3.77451178792e-05, 1.36091484819e-05, 5.94288712819e-06, 1.93940672943e-06, 3.2874252156e-06, 3.18404067912e-06],
        "stdev": [0.575151324272, 3.84786677361, 7.60798025131, 9.01758384705, 5.03747320175, 7.81352043152, 17.2119808197, 24.2097320557, 49.4483337402, 58.8647766113, 84.0822067261, 206.130767822, 89.1752929688, 49.6198921204, 109.988845825, 87.5716171265, 166.733856201, 141.069320679, 50.867641449, 53.329158783, 140.181564331, 34.8397407532, 48.922870636, 30.3596668243, 26.0147800446, 32.4091186523, 5.77588796616, 7.07832860947, 9.14455318451, 7.98523950577, 5.13341379166, 2.36760854721, 0.569311201572, 0.0476065985858, 0.00162780890241, 0.000282730237814, 0.00010894008301, 3.6431963963e-05, 1.35165328174e-05, 2.62939684035e-05]
    },
    "gfcc": {
        "mean": [7.88727426529, 132.469314575, -178.288787842, 62.1707801819, -69.7782592773, 22.2864513397, -9.89325809479, -10.8212623596, 13.0445013046, -24.3490619659, 14.8169384003, -11.9397735596, -2.67175292969],
        "cov": [[529.65625, 114.581863403, 49.825553894, 63.3325843811, 97.1584625244, 55.1161880493, 10.1977958679, -28.1191749573, -31.0181217194, -11.4753427505, 14.7457408905, -39.1485137939, -13.4711303711], [114.581863403, 312.072265625, 98.7296218872, -20.6059036255, 98.9020462036, 39.2987098694, 122.27784729, -32.2944259644, 18.1246433258, -13.1873731613, 21.5922679901, -12.2034168243, -14.7249326706], [49.825553894, 98.7296218872, 360.367523193, 188.689926147, -7.42228984833, 9.69237613678, -29.8169441223, 48.0252952576, 47.6044921875, 3.87169957161, -31.2895679474, 2.20681333542, 49.0104408264], [63.3325843811, -20.6059036255, 188.689926147, 282.964538574, 115.802993774, -26.5244140625, -105.199668884, 41.1503143311, 41.175579071, 17.3083934784, -9.65754413605, 19.4486846924, 52.053062439], [97.1584625244, 98.9020462036, -7.42228984833, 115.802993774, 299.483734131, 104.453926086, 52.3227844238, 5.97983407974, 21.6875400543, 27.5196628571, 64.5020446777, 2.89473700523, -13.0979452133], [55.1161880493, 39.2987098694, 9.69237613678, -26.5244140625, 104.453926086, 223.905807495, 147.319595337, -19.1082057953, -32.7234649658, 27.3964118958, 47.5358161926, -7.47317361832, -21.9902591705], [10.1977958679, 122.27784729, -29.8169441223, -105.199668884, 52.3227844238, 147.319595337, 305.720855713, 37.3952713013, -6.65086507797, -3.78557872772, 21.2852573395, -24.7872543335, -32.440486908], [-28.1191749573, -32.2944259644, 48.0252952576, 41.1503143311, 5.97983407974, -19.1082057953, 37.3952713013, 142.145217896, 64.7380218506, 0.0682579949498, -11.0843858719, -18.1372699738, 16.9788265228], [-31.0181217194, 18.1246433258, 47.6044921875, 41.175579071, 21.6875400543, -32.7234649658, -6.65086507797, 64.7380218506, 117.2421875, 26.7481269836, -15.1422138214, 16.9619464874, 19.9530277252], [-11.4753427505, -13.1873731613, 3.87169957161, 17.3083934784, 27.5196628571, 27.3964118958, -3.78557872772, 0.0682579949498, 26.7481269836, 75.5909118652, 57.4715805054, 16.2788047791, 8.62190151215], [14.7457408905, 21.5922679901, -31.2895679474, -9.65754413605, 64.5020446777, 47.5358161926, 21.2852573395, -11.0843858719, -15.1422138214, 57.4715805054, 110.929031372, 31.2578239441, -7.39493083954], [-39.1485137939, -12.2034168243, 2.20681333542, 19.4486846924, 2.89473700523, -7.47317361832, -24.7872543335, -18.1372699738, 16.9619464874, 16.2788047791, 31.2578239441, 76.1726760864, 36.7023086548], [-13.4711303711, -14.7249326706, 49.0104408264, 52.053062439, -13.0979452133, -21.9902591705, -32.440486908, 16.9788265228, 19.9530277252, 8.62190151215, -7.39493083954, 36.7023086548, 78.4071502686]],
        "icov": [[0.00250112870708, -0.00143736298196, 0.00097606133204, -0.00170279433951, 0.000819843437057, -0.00132009456865, 0.000681403034832, 0.000314954959322, -0.000289789400995, 0.0014186410699, -0.00136941729579, 0.00220102118328, -0.000581140455324], [-0.00143736298196, 0.0149708511308, -0.010335973464, 0.00880897976458, -0.00855362042785, 0.00839341059327, -0.00728808622807, 0.0120908087119, -0.0084704849869, 0.00979554653168, -0.00951925106347, 0.00738024804741, -0.00480531388894], [0.00097606133204, -0.010335973464, 0.0140563808382, -0.0134029332548, 0.0109650120139, -0.0089289303869, 0.00394977116957, -0.00586022576317, 0.000163900156622, -0.00115981453564, 0.00161958683748, -0.00049646984553, 0.00103990698699], [-0.00170279433951, 0.00880897976458, -0.0134029332548, 0.0209779851139, -0.0150214852765, 0.00877832621336, -0.000227671785979, 0.000168253638549, 0.00448652263731, -0.00567548908293, 0.00618520053104, -0.0042434008792, -0.00231320247985], [0.000819843437057, -0.00855362042785, 0.0109650120139, -0.0150214852765, 0.0166104938835, -0.0101730870083, 0.00244543096051, -0.00150030583609, -0.00567011674866, 0.00598478363827, -0.00745633523911, 0.00384682090953, 0.00119217915926], [-0.00132009456865, 0.00839341059327, -0.0089289303869, 0.00877832621336, -0.0101730870083, 0.0158496480435, -0.00784997828305, 0.0056152837351, 0.0027129156515, -0.00379356159829, 0.000293433549814, -0.000117961935757, -0.0008054007194], [0.000681403034832, -0.00728808622807, 0.00394977116957, -0.000227671785979, 0.00244543096051, -0.00784997828305, 0.0105877090245, -0.00933756772429, 0.00470923725516, -0.00414404179901, 0.0056097782217, -0.00436181901023, 0.00286824419163], [0.000314954959322, 0.0120908087119, -0.00586022576317, 0.000168253638549, -0.00150030583609, 0.0056152837351, -0.00933756772429, 0.0275834742934, -0.0223990026861, 0.0219727084041, -0.0222126152366, 0.0212630070746, -0.0114003270864], [-0.000289789400995, -0.0084704849869, 0.000163900156622, 0.00448652263731, -0.00567011674866, 0.0027129156515, 0.00470923725516, -0.0223990026861, 0.0359578691423, -0.0335154011846, 0.0311439726502, -0.0249120350927, 0.0110245458782], [0.0014186410699, 0.00979554653168, -0.00115981453564, -0.00567548908293, 0.00598478363827, -0.00379356159829, -0.00414404179901, 0.0219727084041, -0.0335154011846, 0.0571141690016, -0.0448248460889, 0.0279562808573, -0.0150261195377], [-0.00136941729579, -0.00951925106347, 0.00161958683748, 0.00618520053104, -0.00745633523911, 0.000293433549814, 0.0056097782217, -0.0222126152366, 0.0311439726502, -0.0448248460889, 0.050779633224, -0.0329236201942, 0.0160305332392], [0.00220102118328, 0.00738024804741, -0.00049646984553, -0.0042434008792, 0.00384682090953, -0.000117961935757, -0.00436181901023, 0.0212630070746, -0.0249120350927, 0.0279562808573, -0.0329236201942, 0.0432157330215, -0.020976934582], [-0.000581140455324, -0.00480531388894, 0.00103990698699, -0.00231320247985, 0.00119217915926, -0.0008054007194, 0.00286824419163, -0.0114003270864, 0.0110245458782, -0.0150261195377, 0.0160305332392, -0.020976934582, 0.0264440067112]]
    },
    "melbands": {
        "max": [0.0481352321804, 0.0335023254156, 0.016031248495, 0.00450770929456, 0.0042293779552, 0.00692716473714, 0.00885461457074, 0.00682209711522, 0.01054666657, 0.012886938639, 0.00344612984918, 0.0036193090491, 0.00240603159182, 0.00293976743706, 0.00233910838142, 0.00301371095702, 0.00195429893211, 0.00103670638055, 0.00143550790381, 0.00106544024311, 0.00142127566505, 0.000323619897244, 0.00046513491543, 0.000264208647422, 0.000318876293022, 0.00027264066739, 0.000355209485861, 0.000196189343114, 4.33762543253e-05, 3.83631813747e-05, 5.45933035028e-05, 6.98834119248e-05, 8.49488205859e-05, 5.84916451771e-05, 5.66401104152e-05, 2.44569764618e-05, 1.60696417879e-05, 4.78816173199e-06, 1.34900449211e-06, 3.16306142167e-07],
        "mean": [0.00322938454337, 0.00261619384401, 0.000619128113613, 0.000309150054818, 0.00030504813185, 0.00030816954677, 0.000354569987394, 0.000312579359161, 0.00037829586654, 0.000686598941684, 0.000316300516715, 0.000164607539773, 0.000246766197961, 0.000341316481354, 0.00011708567763, 0.000348794797901, 0.00013306683104, 6.26736000413e-05, 5.12732804054e-05, 6.10665083514e-05, 8.00168418209e-05, 3.49981273757e-05, 3.575406663e-05, 2.73028872471e-05, 2.58594609477e-05, 1.83475858648e-05, 1.94711701624e-05, 1.61803181982e-05, 5.58175634069e-06, 3.43567421623e-06, 4.68472853754e-06, 5.18478054801e-06, 4.92077560921e-06, 4.63151081931e-06, 3.32946865456e-06, 2.74764579444e-06, 1.35190043693e-06, 4.17008209297e-07, 6.62712409394e-08, 2.12958162216e-09],
        "min": [3.60917874787e-06, 1.09217080535e-05, 4.52003405371e-06, 1.07266941995e-06, 8.49520063184e-07, 2.39245764533e-06, 2.25522057917e-06, 3.26126126993e-07, 9.65652702689e-07, 7.04765795945e-07, 1.94343328985e-06, 2.53416465057e-06, 1.59718604209e-06, 1.2070026969e-06, 6.4054665927e-07, 4.7699921879e-07, 7.81160849783e-07, 3.68493175529e-07, 1.37306514603e-07, 1.35736257789e-07, 2.16262037611e-07, 2.51774025628e-07, 6.22697427843e-07, 7.86012776643e-07, 5.73484953748e-07, 3.01675328274e-07, 5.87010163144e-07, 2.19825622594e-07, 1.47758186131e-07, 1.25381589555e-07, 2.14909903207e-07, 1.5171907819e-07, 5.85922137475e-08, 9.29210983713e-08, 8.21267391871e-08, 2.1705838904e-08, 1.50982959468e-08, 1.57089188879e-10, 1.66501957621e-12, 1.01359448178e-12],
        "stdev": [0.005127299577, 0.0035118511878, 0.00135299901012, 0.000415678223362, 0.000512118160259, 0.000539013126399, 0.000709570536856, 0.000650865666103, 0.000864735688083, 0.00136474834289, 0.00044766018982, 0.000219655092224, 0.000313982367516, 0.000472930871183, 0.000189491984202, 0.000497756234836, 0.000228098171647, 9.66871157289e-05, 8.79072686075e-05, 0.000116010894999, 0.000165784396813, 3.64406296285e-05, 5.4730586271e-05, 3.35423319484e-05, 2.78724401142e-05, 2.25896783377e-05, 2.82065284409e-05, 2.00994527404e-05, 4.32260594607e-06, 3.29938825416e-06, 4.91018363391e-06, 5.49449305254e-06, 5.32589137947e-06, 4.3309528337e-06, 3.37581604981e-06, 2.34361255025e-06, 1.21177390611e-06, 4.81003667119e-07, 1.33008029479e-07, 1.14127809425e-08]
    },
    "melbands128": {
        "max": [0.00572763103992, 0.0459213703871, 0.0728406906128, 0.0409954041243, 0.0535593777895, 0.0300907604396, 0.0266476012766, 0.0137018132955, 0.00409450149164, 0.0048161605373, 0.00593738257885, 0.00530295399949, 0.00764370709658, 0.0100966114551, 0.0115792192519, 0.0137607306242, 0.0164481233805, 0.0144083779305, 0.0104121379554, 0.0117745548487, 0.0107279326767, 0.0109001388773, 0.0163876246661, 0.0164975430816, 0.0206978376955, 0.0217218026519, 0.0100411698222, 0.00422161538154, 0.0101645197719, 0.00669336412102, 0.00271563255228, 0.00373091991059, 0.00480072852224, 0.00366695737466, 0.00672144629061, 0.00392369227484, 0.00192405888811, 0.00268309749663, 0.00545291323215, 0.00462384149432, 0.00498582655564, 0.00474209710956, 0.00384235475212, 0.00101615511812, 0.00170839717612, 0.00213172426447, 0.00126067071687, 0.00220184633508, 0.00180228776298, 0.00148229754996, 0.0010610697791, 0.00386028457433, 0.0026285063941, 0.00153271981981, 0.000617969664745, 0.000638380821329, 0.000527004769538, 0.000765011820477, 0.00112886598799, 0.000881700485479, 0.000501990434714, 0.000558385800105, 0.00049477792345, 0.000427868100815, 0.00109024147969, 0.000308299873723, 0.000845125759952, 0.000318356149364, 0.000676837342326, 0.000749547150917, 0.000402661855333, 0.000157894799486, 6.96142014931e-05, 4.44862089353e-05, 5.42702582607e-05, 4.04229213018e-05, 5.57462772122e-05, 4.41130214313e-05, 6.99469965184e-05, 8.8999455329e-05, 7.89834011812e-05, 8.69087307365e-05, 8.34676902741e-05, 8.8267152023e-05, 0.000119596981676, 5.80829910177e-05, 4.08362684539e-05, 8.24302987894e-05, 7.34011482564e-05, 5.59019172215e-05, 3.64652114513e-05, 3.40482147294e-05, 2.1215655579e-05, 2.2040820113e-05, 1.22204337458e-05, 6.36915592622e-06, 4.58127578895e-06, 5.33024967808e-06, 1.46507261434e-06, 1.07389428194e-06, 5.9973228872e-07, 1.36797936534e-07, 2.74815459278e-08, 2.45851001779e-08, 2.22087166435e-08, 2.01084766616e-08, 1.86167792293e-08, 1.73015397564e-08, 1.59969211211e-08, 1.50261314502e-08, 1.41110607643e-08, 1.31811512816e-08, 1.25292416442e-08, 1.17929408461e-08, 1.12918723261e-08, 1.07977395913e-08, 1.03345687563e-08, 9.96331195324e-09, 9.61472235161e-09, 9.26230914189e-09, 8.927377948e-09, 8.6879516914e-09, 8.45184899845e-09, 8.2858404582e-09, 8.10989231326e-09, 8.04026889512e-09, 7.94628984835e-09, 7.89451348737e-09],
        "mean": [0.000242720576352, 0.00225897715427, 0.0050443187356, 0.00411222642288, 0.00257091154344, 0.00145877024624, 0.000805506599136, 0.000382020429242, 0.000279223226244, 0.000345855747582, 0.000283445697278, 0.000312886782922, 0.000329190399498, 0.000270467018709, 0.000281237822492, 0.000307084905216, 0.000443888071459, 0.000381686753826, 0.00021425144223, 0.00026916275965, 0.000395234063035, 0.000372575159417, 0.000292045966489, 0.000519209716003, 0.000586703477893, 0.000984079670161, 0.000408481195336, 0.00016480065824, 0.000327857123921, 0.000157520364155, 0.000112591129437, 0.000156854104716, 0.00016047648387, 0.00033745271503, 0.000629680405837, 0.00024662152282, 4.75257875223e-05, 9.87121311482e-05, 0.000126651313622, 0.000331503280904, 0.000422930985224, 0.000356834381819, 9.77087765932e-05, 4.03763842769e-05, 9.13987896638e-05, 6.00745988777e-05, 3.99923264922e-05, 6.07928814134e-05, 5.31456862518e-05, 3.58829420293e-05, 4.24862009822e-05, 0.000107255880721, 0.000123445584904, 4.88364494231e-05, 2.52011741395e-05, 4.47492893727e-05, 3.17248232022e-05, 2.62530811597e-05, 4.50338993687e-05, 3.9998878492e-05, 2.18610730371e-05, 2.35069892369e-05, 1.92094412341e-05, 2.90154748654e-05, 3.32930576405e-05, 1.49782754306e-05, 1.19956484923e-05, 1.46190932355e-05, 2.33137834584e-05, 2.37754138652e-05, 1.68152619153e-05, 1.4014516637e-05, 5.43003352504e-06, 5.0535122682e-06, 3.71266764887e-06, 3.06913398163e-06, 3.42265343534e-06, 3.89623437513e-06, 4.88354180561e-06, 5.3979065342e-06, 5.66881817576e-06, 4.70522672913e-06, 4.82522727907e-06, 4.86589078719e-06, 5.28646341991e-06, 4.5576298362e-06, 4.82971972815e-06, 3.97702615373e-06, 3.41889608535e-06, 2.57456508734e-06, 2.67989298663e-06, 3.25235782839e-06, 2.11224642044e-06, 1.35982838856e-06, 8.12544442397e-07, 5.62505931612e-07, 3.61383087011e-07, 1.52830082811e-07, 6.56788827769e-08, 1.6736267483e-08, 2.69116329221e-09, 5.91294013752e-10, 4.10706954557e-11, 3.54922723156e-11, 3.02820823972e-11, 3.28141715189e-11, 3.93872816307e-11, 2.93329145695e-11, 2.32903071828e-11, 2.15121219449e-11, 2.05127546893e-11, 1.95180694523e-11, 1.86520469209e-11, 1.77577622745e-11, 1.71221023471e-11, 1.65752342407e-11, 1.6044183343e-11, 1.557379746e-11, 1.5183295593e-11, 1.47075719659e-11, 1.42286321614e-11, 1.39419413514e-11, 1.37204345108e-11, 1.34109372912e-11, 1.27139783077e-11, 1.17674273103e-11, 1.12033316652e-11, 1.10724597893e-11],
        "min": [4.41101111193e-09, 2.6532259767e-07, 4.89177182317e-06, 2.15880959331e-06, 4.51563846582e-06, 1.08623862616e-06, 9.91136971606e-07, 3.75982608602e-07, 6.58203402892e-09, 5.75609305997e-07, 4.7628327593e-07, 9.26305432358e-08, 6.6145787514e-08, 2.33089608059e-07, 2.48618448495e-07, 1.31594248387e-07, 3.01193892938e-07, 1.0120678553e-06, 3.98708209559e-07, 9.53162668793e-08, 5.88188342476e-08, 2.13755214418e-07, 3.22565909983e-07, 1.58983695542e-07, 7.60878776873e-07, 5.50919025954e-08, 2.09753920899e-07, 5.83506619023e-07, 1.03822642927e-07, 5.38941890227e-07, 1.04205952312e-07, 5.94081939198e-08, 2.19316476091e-07, 3.92901966961e-07, 4.6302670853e-07, 3.86072855463e-07, 1.76130257046e-07, 8.45140561978e-08, 1.1630579877e-07, 5.32131636533e-08, 7.51379900521e-08, 4.20890131636e-08, 5.7218464633e-08, 2.93167772725e-07, 4.35784443198e-07, 1.70848238668e-07, 1.06845966741e-07, 1.0609709733e-07, 8.57060555859e-08, 6.91011763365e-08, 7.02557656496e-08, 1.33155481308e-07, 8.22678316581e-08, 1.81075620276e-07, 9.34161832333e-08, 1.13135648405e-07, 1.48776123865e-07, 6.8601742953e-08, 1.57667045642e-07, 3.18255075626e-07, 1.61118094866e-07, 8.56749267086e-08, 1.99192243144e-07, 2.21695799496e-07, 1.33290370741e-07, 4.15082297422e-08, 5.56457848688e-08, 2.99149007787e-07, 1.3058274817e-07, 5.46802780832e-08, 6.16536794951e-08, 9.00642902479e-08, 5.40955724659e-08, 7.43138812709e-08, 2.89496515649e-08, 2.30575665228e-08, 2.24863949683e-08, 3.80286451218e-08, 1.05674713424e-08, 2.7321881646e-08, 2.90860207031e-08, 6.14370918584e-08, 6.10556938341e-08, 8.90919338303e-08, 2.41400268663e-08, 2.54517793508e-08, 1.79585555315e-07, 8.93862122098e-08, 8.8731617609e-08, 5.43160432187e-08, 2.36571384704e-08, 1.39576217251e-08, 1.32758186666e-08, 2.49064058266e-08, 9.66368096655e-10, 9.98589926027e-12, 2.05628591411e-12, 1.41739051052e-12, 1.57042131035e-12, 1.17632347005e-12, 9.8696756063e-13, 9.77759106319e-13, 8.15218931857e-13, 8.47303238856e-13, 7.61697074771e-13, 8.43277379349e-13, 7.21610054696e-13, 9.84284485514e-13, 8.84898437078e-13, 8.96415483075e-13, 8.15667628926e-13, 6.83056584384e-13, 8.70386499419e-13, 9.80180780291e-13, 8.90157576556e-13, 8.52615883711e-13, 7.53990240469e-13, 8.38440157146e-13, 8.13040119171e-13, 7.40463625745e-13, 9.73535596756e-13, 8.6934398482e-13, 1.02057327433e-12, 8.39328227146e-13, 8.0457575281e-13, 2.74956354343e-13, 3.98821024762e-14, 1.64811329833e-15],
        "stdev": [0.000498162233271, 0.00430837739259, 0.00846006069332, 0.00585788302124, 0.0043401340954, 0.00320865004323, 0.00211681216024, 0.00102726218756, 0.00043982459465, 0.000485918077175, 0.000479410256958, 0.000561777618714, 0.00074195524212, 0.000718659313861, 0.000615679833572, 0.000769520062022, 0.000995572772808, 0.00100562442094, 0.000722304394003, 0.000974007125478, 0.000879124621861, 0.000818842672743, 0.00109365256503, 0.00184307526797, 0.00162869994529, 0.00235558347777, 0.000948519445956, 0.000284091976937, 0.00058404559968, 0.00031694714562, 0.000225501367822, 0.000437492068158, 0.000387772714021, 0.000560236047022, 0.00102020893246, 0.000480683200294, 0.000102369303931, 0.000216015730985, 0.000353018695023, 0.000613944488578, 0.000764750409871, 0.000814322789665, 0.000255144201219, 7.71960840211e-05, 0.000181798110134, 0.000133769251988, 8.67991984705e-05, 0.000127856925246, 0.000137113020173, 0.000105860432086, 9.0021530923e-05, 0.00034737639362, 0.000308960414259, 0.00012838265684, 4.20949800173e-05, 6.21743747615e-05, 4.25867510785e-05, 6.80588345858e-05, 9.42406550166e-05, 8.57210106915e-05, 3.96610812459e-05, 4.42169075541e-05, 3.23874228343e-05, 4.29786705354e-05, 5.82308784942e-05, 2.73976729659e-05, 3.43289284501e-05, 2.43301892624e-05, 4.92073813803e-05, 6.02615073149e-05, 3.31069459207e-05, 1.83607935469e-05, 7.25828977011e-06, 5.37493360753e-06, 4.28024213761e-06, 3.54970461558e-06, 4.06460776503e-06, 4.54925339e-06, 6.09208109381e-06, 7.710031241e-06, 6.17233763478e-06, 6.37057792119e-06, 6.08167420069e-06, 6.40280268271e-06, 6.75419687468e-06, 5.42324505659e-06, 4.63382502858e-06, 4.62338084617e-06, 4.20057267547e-06, 3.39127745974e-06, 2.96302391689e-06, 2.94483038488e-06, 1.96803944164e-06, 1.55041675498e-06, 1.04044477212e-06, 6.57177793073e-07, 4.93542984259e-07, 3.290312236e-07, 1.51277305349e-07, 5.2667171957e-08, 2.16924807006e-08, 5.16122700134e-09, 7.3904543596e-10, 6.66510013847e-10, 5.94740645621e-10, 5.40366196233e-10, 5.17008658107e-10, 4.65096017255e-10, 4.28449997703e-10, 4.02445632375e-10, 3.77933517814e-10, 3.53047674428e-10, 3.3557659429e-10, 3.15891479641e-10, 3.02480845926e-10, 2.89240270623e-10, 2.76838357793e-10, 2.66883182221e-10, 2.57531163061e-10, 2.48086523547e-10, 2.39136849212e-10, 2.32707214609e-10, 2.26404422987e-10, 2.2196634808e-10, 2.17253409707e-10, 2.154149914e-10, 2.12906664521e-10, 2.11518733084e-10]
    },
    "mfcc": {
        "mean": [-604.157897949, 128.111221313, -34.7774848938, 35.9909057617, -23.0627555847, 30.9160232544, -16.3494911194, 34.3326797485, -19.6566562653, 23.4470272064, -10.1392765045, 15.9748811722, -5.83933877945],
        "cov": [[542.037475586, 10.0708408356, -6.70168685913, 18.2750644684, 87.6253051758, 40.4900131226, 47.4750556946, -34.9599342346, -24.2205657959, -8.08637428284, -6.44193267822, -17.6906776428, -29.8805961609], [10.0708408356, 450.23059082, -116.898483276, -14.5510005951, -137.672470093, 152.578369141, 53.3640403748, 116.377754211, -59.3408088684, 86.9875564575, 5.2707824707, 40.5341796875, -31.5189933777], [-6.70168685913, -116.898483276, 441.172241211, 88.3930892944, 114.359970093, -80.1482315063, -28.1972522736, -66.5581817627, 119.240180969, -66.1790313721, 16.8158779144, -34.2760620117, -16.6554107666], [18.2750644684, -14.5510005951, 88.3930892944, 248.29447937, 145.517868042, -34.0393486023, -60.2406311035, 7.08449983597, 42.0624580383, -5.89572525024, -25.0042190552, 11.4875249863, 39.9396858215], [87.6253051758, -137.672470093, 114.359970093, 145.517868042, 361.276550293, -34.9447402954, -6.36389493942, -81.7691497803, 41.3308296204, -45.1277732849, 15.3425512314, 3.57631349564, 78.6582260132], [40.4900131226, 152.578369141, -80.1482315063, -34.0393486023, -34.9447402954, 259.387359619, 105.343780518, 70.6749420166, -48.4118118286, 36.2665023804, 15.4219083786, 41.2523536682, -30.5245723724], [47.4750556946, 53.3640403748, -28.1972522736, -60.2406311035, -6.36389493942, 105.343780518, 240.715118408, 55.9199905396, -5.80735635757, 52.6247329712, 35.8245162964, 10.4978284836, 12.5693368912], [-34.9599342346, 116.377754211, -66.5581817627, 7.08449983597, -81.7691497803, 70.6749420166, 55.9199905396, 156.88319397, 25.9836444855, 62.5974006653, -2.03410243988, 38.7898330688, -12.8044729233], [-24.2205657959, -59.3408088684, 119.240180969, 42.0624580383, 41.3308296204, -48.4118118286, -5.80735635757, 25.9836444855, 158.6612854, 5.0051484108, 12.6957216263, -6.55154180527, -9.0304107666], [-8.08637428284, 86.9875564575, -66.1790313721, -5.89572525024, -45.1277732849, 36.2665023804, 52.6247329712, 62.5974006653, 5.0051484108, 122.872543335, 24.2381744385, 28.8432731628, 9.51653289795], [-6.44193267822, 5.2707824707, 16.8158779144, -25.0042190552, 15.3425512314, 15.4219083786, 35.8245162964, -2.03410243988, 12.6957216263, 24.2381744385, 68.466506958, 17.5761375427, 16.9202423096], [-17.6906776428, 40.5341796875, -34.2760620117, 11.4875249863, 3.57631349564, 41.2523536682, 10.4978284836, 38.7898330688, -6.55154180527, 28.8432731628, 17.5761375427, 87.3535461426, 22.1975803375], [-29.8805961609, -31.5189933777, -16.6554107666, 39.9396858215, 78.6582260132, -30.5245723724, 12.5693368912, -12.8044729233, -9.0304107666, 9.51653289795, 16.9202423096, 22.1975803375, 109.696807861]],
        "icov": [[0.00218322430737, -0.00018060542061, 0.00024419426336, -0.000206479540793, -0.000822371221147, -9.12992800295e-06, -0.000652614224236, 0.000627421017271, 0.000290114432573, -0.000151370157255, 0.000253415782936, 0.00016311352374, 0.00135513069108], [-0.00018060542061, 0.00375758879818, -0.000109132102807, -0.000695043418091, 0.00095734273782, -0.0014625081094, 0.000434304994997, -0.00153204682283, 0.0013216426596, -0.00138785527088, -0.000540981069207, 0.000156820155098, 0.000225847499678], [0.00024419426336, -0.000109132102807, 0.00392858637497, -0.0015115714632, -6.96466086083e-05, 0.00042181002209, -0.000810533005279, 0.00172871432733, -0.00255217752419, 0.00172655784991, -0.00164039991796, 0.000159983464982, 0.00150473380927], [-0.000206479540793, -0.000695043418091, -0.0015115714632, 0.00782824121416, -0.00330526963808, 3.84862469218e-05, 0.00231740181334, -0.00255223619752, -0.000232445687288, -0.00142028043047, 0.00378507212736, -0.00018154225836, -0.00196135556325], [-0.000822371221147, 0.00095734273782, -6.96466086083e-05, -0.00330526963808, 0.00627529155463, -0.00113999389578, -0.000849092553835, 0.00294852186926, -0.00147768761963, 0.00126012670808, -0.00121418596245, -0.000637801131234, -0.003046174068], [-9.12992800295e-06, -0.0014625081094, 0.00042181002209, 3.84862469218e-05, -0.00113999389578, 0.00716922944412, -0.00251674000174, -0.0015612494899, 0.00190746306907, 0.00101293704938, -0.000982745783404, -0.0023220772855, 0.00323644210584], [-0.000652614224236, 0.000434304994997, -0.000810533005279, 0.00231740181334, -0.000849092553835, -0.00251674000174, 0.00706545636058, -0.00278239604086, 0.000363720813766, -0.00191692588851, -0.00146122334991, 0.00218323222362, -0.0022657760419], [0.000627421017271, -0.00153204682283, 0.00172871432733, -0.00255223619752, 0.00294852186926, -0.0015612494899, -0.00278239604086, 0.0145550426096, -0.00514248106629, -0.00222603790462, 0.00305611081421, -0.00405569560826, 0.000510585436132], [0.000290114432573, 0.0013216426596, -0.00255217752419, -0.000232445687288, -0.00147768761963, 0.00190746306907, 0.000363720813766, -0.00514248106629, 0.0110496552661, -0.00134717847686, -0.00237953918986, 0.00104551855475, 0.00228628329933], [-0.000151370157255, -0.00138785527088, 0.00172655784991, -0.00142028043047, 0.00126012670808, 0.00101293704938, -0.00191692588851, -0.00222603790462, -0.00134717847686, 0.0133721083403, -0.00441439682618, -0.0012963982299, -0.000650387839414], [0.000253415782936, -0.000540981069207, -0.00164039991796, 0.00378507212736, -0.00121418596245, -0.000982745783404, -0.00146122334991, 0.00305611081421, -0.00237953918986, -0.00441439682618, 0.0215162821114, -0.00380626204424, -0.00295376079157], [0.00016311352374, 0.000156820155098, 0.000159983464982, -0.00018154225836, -0.000637801131234, -0.0023220772855, 0.00218323222362, -0.00405569560826, 0.00104551855475, -0.0012963982299, -0.00380626204424, 0.0162503495812, -0.00323518738151], [0.00135513069108, 0.000225847499678, 0.00150473380927, -0.00196135556325, -0.003046174068, 0.00323644210584, -0.0022657760419, 0.000510585436132, 0.00228628329933, -0.000650387839414, -0.00295376079157, -0.00323518738151, 0.015251587145]]
    },
    "spectral_contrast_coeffs": {
        "max": [-0.53340023756, -0.417120277882, -0.489816039801, -0.465173184872, -0.565174400806, -0.378160715103],
        "mean": [-0.751413106918, -0.744798362255, -0.708897590637, -0.745269954205, -0.746487498283, -0.604462265968],
        "min": [-0.891766667366, -0.907264947891, -0.90036123991, -0.892086088657, -0.888449311256, -0.873688817024],
        "stdev": [0.0610979348421, 0.0789030641317, 0.0786567106843, 0.0717699378729, 0.0541150197387, 0.0533490143716]
    },
    "spectral_contrast_valleys": {
        "max": [-4.96925020218, -5.07966995239, -5.63057851791, -5.64582300186, -6.05559825897, -9.46140003204],
        "mean": [-6.54101228714, -6.41288661957, -6.92178869247, -7.10721492767, -7.23333692551, -11.4715232849],
        "min": [-8.91041564941, -8.31637859344, -8.70286273956, -8.88271617889, -8.5861415863, -15.1497421265],
        "stdev": [0.581797480583, 0.466886371374, 0.486499667168, 0.45311024785, 0.411767721176, 0.910011589527]
    }
},
"rhythm": {
    "beats_count": 69,
    "beats_loudness": {
        "max": 0.152442991734,
        "mean": 0.0592655017972,
        "min": 0.0212751086801,
        "stdev": 0.0275938827544
    },
    "bpm": 128.137649536,
    "bpm_histogram_first_peak_bpm": 129,
    "bpm_histogram_first_peak_weight": 0.400000035763,
    "bpm_histogram_second_peak_bpm": 123,
    "bpm_histogram_second_peak_spread": 0,
    "bpm_histogram_second_peak_weight": 0.0147058824077,
    "danceability": 1.36210680008,
    "onset_rate": 2.27636694908,
    "beats_loudness_band_ratio": {
        "max": [0.840832233429, 0.300105959177, 0.75908946991, 0.59429037571, 0.39362257719, 0.127367928624],
        "mean": [0.495948910713, 0.0779080614448, 0.155558824539, 0.177339851856, 0.0779165104032, 0.0325563661754],
        "min": [0.0328085832298, 0.00622588675469, 0.0189315415919, 0.00735030742362, 0.00376853370108, 0.00539662409574],
        "stdev": [0.206596180797, 0.0719055458903, 0.159609571099, 0.15096399188, 0.0699813887477, 0.0206321068108]
    },
    "beats_position": [0.417959183455, 0.859138309956, 1.28870749474, 1.74149656296, 2.20589566231, 2.67029476166, 3.13469386101, 3.59909296036, 4.07510185242, 4.55111122131, 5.01551008224, 5.4915189743, 5.9675283432, 6.43192720413, 6.8963265419, 7.36072540283, 7.8251247406, 8.3011341095, 8.77714252472, 9.24154186249, 9.70594120026, 10.1703395844, 10.6347389221, 11.110748291, 11.5867567062, 12.0627660751, 12.538775444, 13.0031747818, 13.4675731659, 13.9319725037, 14.3963718414, 14.8607711792, 15.3251695633, 15.7895689011, 16.2655773163, 16.7415866852, 17.2059860229, 17.6819953918, 18.1580047607, 18.6224040985, 19.0868015289, 19.5512008667, 20.0156002045, 20.4916095734, 20.9676189423, 21.43201828, 21.8964176178, 22.3724250793, 22.8484344482, 23.312833786, 23.7772331238, 24.2416324615, 24.7060317993, 25.1704311371, 25.6464385986, 26.1224479675, 26.5868473053, 27.0512466431, 27.5156459808, 27.9800453186, 28.4444446564, 28.932062149, 29.3848514557, 29.8608608246, 30.3368701935, 30.8128795624, 31.2772789001, 31.7416782379, 32.2176856995],
