{
"metadata": {
    "version": {
        "essentia": "2.1-beta5",
        "essentia_git_sha": "Undefined",
        "extractor": "music 2.0"
    },
    "audio_properties": {
        "analysis": {
            "equal_loudness": 0,
            "length": 12.7477550507,
            "sample_rate": 44100,
            "start_time": 0,
            "downmix": "mix"
        },
        "bit_rate": 192000,
        "length": 178.004180908,
        "lossless": 0,
        "number_channels": 2,
        "replay_gain": 7.95222663879,
        "sample_rate": 48000,
        "codec": "mp3",
        "md5_encoded": "e5e5e6976f941875c6c1ddc134a4402c"
    },
    "tags": {
        "file_name": "Iceland_No Prejudice_Pollapönk.mp3",
        "encoding": ["Lavf58.29.100"]
    }
},
"lowlevel": {
    "average_loudness": 0.854932010174,
    "barkbands_crest": {
        "max": 24.6116905212,
        "mean": 11.5733032227,
        "min": 2.79138350487,
        "stdev": 5.53560686111
    },
    "barkbands_flatness_db": {
        "max": 0.433330982924,
        "mean": 0.213869899511,
        "min": 0.0696698650718,
        "stdev": 0.065046608448
    },
    "barkbands_kurtosis": {
        "max": 145.994720459,
        "mean": 5.41957092285,
        "min": -1.81898164749,
        "stdev": 11.5157289505
    },
    "barkbands_skewness": {
        "max": 10.5317974091,
        "mean": 1.54742050171,
        "min": -1.85953450203,
        "stdev": 1.63489508629
    },
    "barkbands_spread": {
        "max": 49.3809661865,
        "mean": 15.7327594757,
        "min": 0.881070613861,
        "stdev": 8.91355037689
    },
    "dissonance": {
        "max": 0.500000059605,
        "mean": 0.478082060814,
        "min": 0.353507697582,
        "stdev": 0.0200315639377
    },
    "dynamic_complexity": 4.37159538269,
    "erbbands_crest": {
        "max": 23.0864334106,
        "mean": 8.3711977005,
        "min": 2.98410105705,
        "stdev": 3.86101818085
    },
    "erbbands_flatness_db": {
        "max": 0.318057268858,
        "mean": 0.239343509078,
        "min": 0.103241361678,
        "stdev": 0.0328284911811
    },
    "erbbands_kurtosis": {
        "max": 4.94518470764,
        "mean": 0.269733995199,
        "min": -1.62904834747,
        "stdev": 1.00622045994
    },
    "erbbands_skewness": {
        "max": 1.7486436367,
        "mean": 0.272835999727,
        "min": -1.592009902,
        "stdev": 0.486383795738
    },
    "erbbands_spread": {
        "max": 66.8912200928,
        "mean": 26.2562179565,
        "min": 9.59218120575,
        "stdev": 11.7831401825
    },
    "hfc": {
        "max": 146.676177979,
        "mean": 13.1010255814,
        "min": 1.14553397531e-16,
        "stdev": 17.7508430481
    },
    "loudness_ebu128": {
        "integrated": -30.3907852173,
        "loudness_range": 4.5473575592,
        "momentary": {
            "max": -24.7271938324,
            "mean": -32.7749328613,
            "min": -45.2949066162,
            "stdev": 4.71552705765
        },
        "short_term": {
            "max": -28.8449630737,
            "mean": -31.0373363495,
            "min": -34.299156189,
            "stdev": 1.5400826931
        }
    },
    "melbands_crest": {
        "max": 33.958782196,
        "mean": 16.2267341614,
        "min": 2.09472680092,
        "stdev": 7.72808074951
    },
    "melbands_flatness_db": {
        "max": 0.566233575344,
        "mean": 0.277126222849,
        "min": 0.00482915947214,
        "stdev": 0.101917624474
    },
    "melbands_kurtosis": {
        "max": 216.268127441,
        "mean": 13.0498256683,
        "min": -1.09522652626,
        "stdev": 22.3696575165
    },
    "melbands_skewness": {
        "max": 11.1454000473,
        "mean": 2.41537237167,
        "min": -0.680357635021,
        "stdev": 2.10956025124
    },
    "melbands_spread": {
        "max": 122.310997009,
        "mean": 20.4082756042,
        "min": 0.727436959743,
        "stdev": 15.4206380844
    },
    "pitch_salience": {
        "max": 0.889077782631,
        "mean": 0.534492969513,
        "min": 0.144244164228,
        "stdev": 0.166072651744
    },
    "silence_rate_20dB": {
        "max": 1,
        "mean": 1,
        "min": 1,
        "stdev": 0
    },
    "silence_rate_30dB": {
        "max": 1,
        "mean": 0.959999978542,
        "min": 0,
        "stdev": 0.195959210396
    },
    "silence_rate_60dB": {
        "max": 1,
        "mean": 0.119999997318,
        "min": 0,
        "stdev": 0.324961423874
    },
    "spectral_centroid": {
        "max": 11077.6826172,
        "mean": 1268.81628418,
        "min": 282.882476807,
        "stdev": 783.935241699
    },
    "spectral_complexity": {
        "max": 59,
        "mean": 17.5036373138,
        "min": 0,
        "stdev": 9.77599239349
    },
    "spectral_decrease": {
        "max": 1.10071578739e-28,
        "mean": -8.29863022744e-09,
        "min": -7.8733435771e-08,
        "stdev": 9.76321334889e-09
    },
    "spectral_energy": {
        "max": 0.310462117195,
        "mean": 0.0325092710555,
        "min": 1.06635810953e-20,
        "stdev": 0.0379206053913
    },
    "spectral_energyband_high": {
        "max": 0.0128053482622,
        "mean": 0.000443900091341,
        "min": 7.55002803318e-21,
        "stdev": 0.0014971701894
    },
    "spectral_energyband_low": {
        "max": 0.247087463737,
        "mean": 0.0202993042767,
        "min": 2.10046348696e-23,
        "stdev": 0.0306174401194
    },
    "spectral_energyband_middle_high": {
        "max": 0.0501420609653,
        "mean": 0.00385977304541,
        "min": 1.5055530283e-21,
        "stdev": 0.00526883359998
    },
    "spectral_energyband_middle_low": {
        "max": 0.118400491774,
        "mean": 0.00914012361318,
        "min": 2.29317649475e-22,
        "stdev": 0.0128552503884
    },
    "spectral_entropy": {
        "max": 9.81136989594,
        "mean": 7.4647192955,
        "min": 6.08200883865,
        "stdev": 0.36343023181
    },
    "spectral_flux": {
        "max": 0.423016548157,
        "mean": 0.0878463312984,
        "min": 6.65927105126e-11,
        "stdev": 0.0631556734443
    },
    "spectral_kurtosis": {
        "max": 45.2660293579,
        "mean": 5.25321865082,
        "min": -1.22645509243,
        "stdev": 5.48851585388
    },
    "spectral_rms": {
        "max": 0.0174037311226,
        "mean": 0.00481161801144,
        "min": 3.22544465095e-12,
        "stdev": 0.00292655522935
    },
    "spectral_rolloff": {
        "max": 19056.8847656,
        "mean": 1130.37512207,
        "min": 64.599609375,
        "stdev": 1440.56262207
    },
    "spectral_skewness": {
        "max": 4.38595342636,
        "mean": 1.34513509274,
        "min": -0.17198780179,
        "stdev": 0.530680477619
    },
    "spectral_spread": {
        "max": 41453164,
        "mean": 2658567.25,
        "min": 1310477.125,
        "stdev": 2453510.5
    },
    "spectral_strongpeak": {
        "max": 3.85979437828,
        "mean": 0.476271092892,
        "min": 0,
        "stdev": 0.463760912418
    },
    "zerocrossingrate": {
        "max": 0.52490234375,
        "mean": 0.0420507825911,
        "min": 0.0048828125,
        "stdev": 0.0384894534945
    },
    "barkbands": {
        "max": [0.0163284093142, 0.222951948643, 0.097453340888, 0.0887922048569, 0.0417768545449, 0.0235672239214, 0.0118672791868, 0.0307000856847, 0.0345006771386, 0.012587543577, 0.0159360934049, 0.0134128434584, 0.0159060228616, 0.00759961130098, 0.00410557445139, 0.00342429149896, 0.00230967137031, 0.00240942277014, 0.00144136534072, 0.00383405806497, 0.00865652225912, 0.00487604830414, 0.00102855474688, 0.000501978793181, 2.15950694837e-05, 9.8033588074e-06, 9.85368751572e-06],
        "mean": [0.00133128580637, 0.0140666561201, 0.00377846555784, 0.00198126677424, 0.00232771760784, 0.0010612559272, 0.000667602638714, 0.000664951803628, 0.00218753446825, 0.000709725834895, 0.000675804098137, 0.000612078991253, 0.000459783623228, 0.000457078538602, 0.00029202515725, 0.000252322555752, 0.000174364307895, 0.000196830471396, 0.000116516421258, 0.00013424095232, 0.000163150034496, 0.000144099918543, 4.06541948905e-05, 1.36299750011e-05, 2.0073875362e-07, 1.99316065874e-08, 2.01903471719e-08],
        "min": [9.75745603542e-25, 6.4142856072e-24, 7.67928283886e-25, 1.43883385506e-23, 3.96327883969e-23, 4.62626341907e-23, 1.39063682034e-23, 3.09296867709e-23, 2.65445478383e-23, 7.65530249286e-23, 3.07994395246e-23, 4.69423577674e-23, 3.12532585816e-23, 1.12690080354e-22, 1.82184396835e-22, 1.79289592857e-22, 1.8410876306e-22, 1.52569005975e-22, 2.71876430254e-22, 2.6265889981e-22, 5.30800244073e-22, 5.14555414467e-22, 5.27990738047e-22, 9.60057201709e-22, 1.01383858278e-21, 1.52228101943e-21, 2.21501176388e-21],
        "stdev": [0.00240858318284, 0.0237245745957, 0.00966014713049, 0.00559480953962, 0.00548525014892, 0.00255989050493, 0.00133982859552, 0.00154977058992, 0.00307260244153, 0.00095399026759, 0.00169009086676, 0.00134115235414, 0.00109246955253, 0.000816938525531, 0.00034165661782, 0.000341394566931, 0.000210994039662, 0.000331927178195, 0.000184789052582, 0.000390134402551, 0.000669760454912, 0.000505170843098, 0.00013408822997, 5.18878550793e-05, 1.48554954649e-06, 4.17551405008e-07, 4.19689001774e-07]
    },
    "erbbands": {
        "max": [8.61018943787, 40.6944274902, 94.3786468506, 299.972900391, 106.59261322, 183.365585327, 199.381164551, 136.503173828, 93.2238464355, 188.245773315, 685.758361816, 740.234619141, 325.051696777, 573.530761719, 602.487548828, 539.954833984, 490.071594238, 695.49621582, 274.865936279, 133.232635498, 119.541984558, 119.130233765, 141.709030151, 66.810256958, 83.6383209229, 145.913253784, 514.240966797, 308.655090332, 148.137588501, 87.1015701294, 25.8046131134, 14.8365077972, 5.29714250565, 0.454394638538, 0.079478032887, 0.0404927954078, 0.0180380363017, 0.00625206762925, 0.00141186325345, 0.000356846343493],
        "mean": [0.528048157692, 2.6805524826, 4.11408519745, 6.57232666016, 5.78575134277, 8.53037643433, 9.00867557526, 9.08043384552, 7.46252202988, 13.381567955, 20.9958724976, 52.8880844116, 27.844335556, 22.0525817871, 25.5742912292, 26.3678684235, 23.6972122192, 21.8651275635, 19.6017856598, 16.2815113068, 11.6808443069, 10.225361824, 11.4794988632, 6.2095246315, 6.36442422867, 6.08583831787, 8.24217891693, 5.30518341064, 5.55672931671, 2.59622192383, 1.08714604378, 0.448089450598, 0.137061178684, 0.00964040029794, 0.000500833673868, 0.000131533393869, 5.41058143426e-05, 1.71427891473e-05, 1.93045998458e-05, 3.71813803213e-05],
        "min": [3.10928831595e-22, 1.22398850261e-21, 1.51971667875e-21, 2.50075262271e-20, 3.63212131227e-20, 1.75017471868e-19, 3.00459915825e-19, 3.25684504261e-19, 2.37292888733e-19, 2.80071387141e-19, 5.39479078797e-19, 7.34980993526e-19, 1.73481736098e-18, 1.53704157844e-18, 8.41209802537e-19, 2.38092152e-18, 1.86408335684e-18, 4.64520188823e-18, 1.00334419227e-17, 6.84425037976e-18, 1.08456977155e-17, 1.06939630127e-17, 7.77995957022e-18, 1.17836783439e-17, 1.43525381942e-17, 1.45616130571e-17, 1.89985503059e-17, 2.14490927229e-17, 1.98626330999e-17, 1.47750306183e-17, 1.31324319015e-17, 2.14783848427e-17, 1.27947312805e-17, 8.80049861404e-18, 7.34189298962e-18, 4.95814664783e-18, 3.0094439551e-18, 1.24269918023e-18, 3.07607014811e-19, 3.24962847338e-20],
        "stdev": [0.918805122375, 4.68347120285, 8.8731174469, 19.1800251007, 11.4392547607, 23.4383945465, 24.8292675018, 20.4861297607, 13.0656852722, 25.1430797577, 40.585144043, 74.2213439941, 36.0852584839, 35.2701416016, 62.1802787781, 55.4857330322, 44.6751708984, 45.9676361084, 27.8808307648, 18.5366077423, 12.5273542404, 12.1212654114, 18.8522548676, 8.56294059753, 11.9896383286, 16.8548583984, 37.6410865784, 21.2106781006, 18.8483047485, 9.01752948761, 3.55156254768, 1.51743447781, 0.608045578003, 0.0466631948948, 0.00364922801964, 0.00172783702146, 0.000768262951169, 0.000266294722678, 6.25259199296e-05, 4.30840409535e-05]
    },
    "gfcc": {
        "mean": [-91.9051208496, 173.914382935, -178.364562988, 41.1448364258, -36.976688385, 0.845270514488, 14.1846160889, -11.3431015015, 14.290014267, -13.2774219513, -6.99534654617, -9.25835037231, -6.09047460556],
        "cov": [[11473.8603516, 938.594299316, -346.745849609, 1015.76239014, -961.05090332, 322.903717041, -413.0859375, -495.581512451, 35.8373298645, -567.96661377, 253.635498047, -386.878845215, 63.8906822205], [938.594299316, 1495.03076172, 607.839416504, -138.10345459, 661.202331543, -585.010620117, 125.966514587, -61.6494255066, -195.074630737, 107.500709534, -117.827827454, 65.364616394, 110.634361267], [-346.745849609, 607.839416504, 1046.32470703, 86.335144043, 459.861480713, -243.61088562, -2.63498234749, 28.6272449493, -200.036346436, 110.369430542, -0.825806081295, -8.84771251678, 146.944549561], [1015.76239014, -138.10345459, 86.335144043, 335.878997803, -114.980415344, 192.073501587, -45.7643318176, -58.5583724976, 53.8210411072, -75.3881988525, 73.1436462402, -44.7429771423, 7.07129049301], [-961.05090332, 661.202331543, 459.861480713, -114.980415344, 715.266296387, -215.617126465, 249.761276245, 152.804428101, -58.9398651123, 201.461029053, -87.3214416504, 81.4273376465, 84.7450256348], [322.903717041, -585.010620117, -243.61088562, 192.073501587, -215.617126465, 491.66494751, 33.2698669434, 97.6539001465, 162.882354736, -94.9041366577, 100.296890259, -67.4576416016, -53.8488922119], [-413.0859375, 125.966514587, -2.63498234749, -45.7643318176, 249.761276245, 33.2698669434, 213.963790894, 106.127433777, 64.6523132324, 88.7011413574, -37.1407775879, 49.3758811951, -8.34981918335], [-495.581512451, -61.6494255066, 28.6272449493, -58.5583724976, 152.804428101, 97.6539001465, 106.127433777, 204.857788086, 48.4848060608, 65.1795196533, 18.2002277374, -22.984254837, 21.0877838135], [35.8373298645, -195.074630737, -200.036346436, 53.8210411072, -58.9398651123, 162.882354736, 64.6523132324, 48.4848060608, 151.039596558, -13.7268810272, 30.37591362, 4.69107723236, -40.2336235046], [-567.96661377, 107.500709534, 110.369430542, -75.3881988525, 201.461029053, -94.9041366577, 88.7011413574, 65.1795196533, -13.7268810272, 168.429351807, -19.550453186, 57.1355819702, 43.5068397522], [253.635498047, -117.827827454, -0.825806081295, 73.1436462402, -87.3214416504, 100.296890259, -37.1407775879, 18.2002277374, 30.37591362, -19.550453186, 95.4050140381, -16.4014434814, 12.8649864197], [-386.878845215, 65.364616394, -8.84771251678, -44.7429771423, 81.4273376465, -67.4576416016, 49.3758811951, -22.984254837, 4.69107723236, 57.1355819702, -16.4014434814, 96.0550613403, 8.77988433838], [63.8906822205, 110.634361267, 146.944549561, 7.07129049301, 84.7450256348, -53.8488922119, -8.34981918335, 21.0877838135, -40.2336235046, 43.5068397522, 12.8649864197, 8.77988433838, 77.1513366699]],
        "icov": [[0.000564691610634, -0.00178320950363, 0.000686147890519, -0.00150535337161, 0.0017196633853, -0.00109722930938, -0.000142762364703, -5.40931432624e-06, 0.000423391087679, -0.000701125012711, 0.000243423171923, 0.00125172513071, -0.00131500000134], [-0.00178320950363, 0.00882885139436, -0.00217783497646, 0.00473798345774, -0.00799248553813, 0.0072006448172, -0.00258863926865, 0.00248281098902, -0.00150699703954, 0.00522474152967, -0.00335357175209, -0.00124796142336, 0.00234511401504], [0.000686147890519, -0.00217783497646, 0.00359914498404, -0.00357688125223, 2.05339638342e-05, -0.000810988538433, 0.000980784883723, -0.000475299399113, 0.00312278792262, -0.00113636802416, -0.000943447696045, 0.00226554297842, -0.00215612794273], [-0.00150535337161, 0.00473798345774, -0.00357688125223, 0.012256369926, -0.00513335829601, -0.000940280209761, -0.000308029848384, 0.00708483671769, -0.00511866342276, 0.00200923183002, -0.00263635558076, 0.000263779889792, -0.000238619279116], [0.0017196633853, -0.00799248553813, 2.05339638342e-05, -0.00513335829601, 0.0143832480535, -0.00411894358695, -0.00481294002384, -0.00507536856458, 0.00226066214964, -0.00451549328864, 0.00503633590415, -7.70126916905e-06, -0.00445265509188], [-0.00109722930938, 0.0072006448172, -0.000810988538433, -0.000940280209761, -0.00411894358695, 0.0140104945749, -0.00617560977116, -0.0024915440008, -0.00197456940077, 0.00714353937656, -0.00601808028296, 0.000677891308442, 0.00239791930653], [-0.000142762364703, -0.00258863926865, 0.000980784883723, -0.000308029848384, -0.00481294002384, -0.00617560977116, 0.0225152149796, -0.0058959950693, -0.00461331708357, -0.00567412842065, 0.00733531918377, -0.00793973822147, 0.00748942745849], [-5.40931432624e-06, 0.00248281098902, -0.000475299399113, 0.00708483671769, -0.00507536856458, -0.0024915440008, -0.0058959950693, 0.0200048293918, -0.00438077561557, -0.00156494323164, -0.00624682428315, 0.0126673122868, -0.00737198535353], [0.000423391087679, -0.00150699703954, 0.00312278792262, -0.00511866342276, 0.00226066214964, -0.00197456940077, -0.00461331708357, -0.00438077561557, 0.0186074730009, -0.000540553592145, -0.0029024835676, -0.00279228691943, 0.00397875439376], [-0.000701125012711, 0.00522474152967, -0.00113636802416, 0.00200923183002, -0.00451549328864, 0.00714353937656, -0.00567412842065, -0.00156494323164, -0.000540553592145, 0.0170093402267, -0.00335981603712, -0.00446242187172, -0.00397753762081], [0.000243423171923, -0.00335357175209, -0.000943447696045, -0.00263635558076, 0.00503633590415, -0.00601808028296, 0.00733531918377, -0.00624682428315, -0.0029024835676, -0.00335981603712, 0.0224186759442, -0.00554262567312, -0.00331168901175], [0.00125172513071, -0.00124796142336, 0.00226554297842, 0.000263779889792, -7.70126916905e-06, 0.000677891308442, -0.00793973822147, 0.0126673122868, -0.00279228691943, -0.00446242187172, -0.00554262567312, 0.0268489867449, -0.00849717389792], [-0.00131500000134, 0.00234511401504, -0.00215612794273, -0.000238619279116, -0.00445265509188, 0.00239791930653, 0.00748942745849, -0.00737198535353, 0.00397875439376, -0.00397753762081, -0.00331168901175, -0.00849717389792, 0.0300433337688]]
    },
    "melbands": {
        "max": [0.0694350004196, 0.0396680794656, 0.0430090241134, 0.0089754788205, 0.00674775894731, 0.00331823551096, 0.00191555381753, 0.00334893865511, 0.00539938686416, 0.00398535421118, 0.00158261496108, 0.00218037446029, 0.00256408099085, 0.000662555452436, 0.0016313084634, 0.0018534406554, 0.00121559493709, 0.000637090299278, 0.000278847059235, 0.000357113138307, 0.000135089183459, 0.000135350972414, 0.000170515661011, 0.000138888863148, 5.33386591997e-05, 7.13084082236e-05, 7.63563148212e-05, 0.000119929158245, 0.000373602495529, 0.000136255752295, 0.000242193345912, 0.000110422384751, 0.000103540121927, 2.74930589512e-05, 1.9376482669e-05, 9.83898280538e-06, 8.81129744812e-06, 4.47290949523e-06, 1.49754509948e-06, 1.10446471524e-07],
        "mean": [0.00436596572399, 0.00257943454199, 0.00108991283923, 0.000482147064758, 0.000363112601917, 0.000198536246899, 0.000124772064737, 0.000145713129314, 0.00021531166567, 0.000322738487739, 0.00013105981634, 8.64626053954e-05, 9.44296916714e-05, 5.51993216504e-05, 6.92038083798e-05, 4.89930462209e-05, 4.02143377869e-05, 3.49208603438e-05, 2.10862526728e-05, 2.12222930713e-05, 1.19379119496e-05, 1.01431987787e-05, 1.14166605272e-05, 8.79859362612e-06, 4.47370484835e-06, 4.56475254396e-06, 4.20319520344e-06, 3.99188911615e-06, 6.06082085142e-06, 2.98765394291e-06, 3.13235227622e-06, 3.28531496052e-06, 2.56888438344e-06, 1.02034823612e-06, 7.08143772954e-07, 3.44476603686e-07, 2.39921831735e-07, 1.13007530445e-07, 2.64005883821e-08, 5.38539213224e-10],
        "min": [3.12925067782e-24, 1.18748198418e-24, 5.9562039403e-24, 6.92023653712e-24, 1.00204488506e-23, 7.71820484149e-24, 3.38689343832e-24, 4.63172738525e-24, 4.62918843642e-24, 3.43657589813e-24, 9.04446934978e-24, 6.47439049729e-24, 2.65391405912e-24, 6.15243703478e-24, 4.4057510792e-24, 3.8043034091e-24, 7.96949174968e-24, 1.4429805813e-23, 1.13535725044e-23, 8.49250574098e-24, 1.43594962182e-23, 1.13069689688e-23, 7.19758346532e-24, 7.67124789611e-24, 9.26797967664e-24, 1.27472017897e-23, 7.57864272558e-24, 9.67699064537e-24, 1.1030305983e-23, 1.3937313639e-23, 1.12352197028e-23, 1.13528996061e-23, 9.21529796767e-24, 8.35387763639e-24, 6.05032254047e-24, 8.85756059121e-24, 1.5473290508e-23, 9.5449258635e-24, 7.4030217777e-24, 7.28115617848e-24],
        "stdev": [0.00732116634026, 0.00456927530468, 0.00280759832822, 0.00107747223228, 0.00100151519291, 0.000450058840215, 0.000232504229643, 0.000285443675239, 0.000403647893108, 0.000436844362412, 0.000177553592948, 0.000133584646392, 0.000254112674156, 8.35745595396e-05, 0.000155456276843, 0.0001296535047, 8.15480525489e-05, 5.72294738959e-05, 2.47571642831e-05, 3.24300344801e-05, 1.28039182528e-05, 1.248870376e-05, 1.79126072908e-05, 1.57652229973e-05, 6.20812306806e-06, 7.86073724157e-06, 1.00559755083e-05, 1.24295174828e-05, 2.87543771265e-05, 1.08146932689e-05, 1.47463006215e-05, 1.16569144666e-05, 9.43666691455e-06, 3.50263417204e-06, 2.4294636205e-06, 1.07389473669e-06, 9.03769148408e-07, 5.31064699771e-07, 1.38516114134e-07, 5.17330489558e-09]
    },
    "melbands128": {
        "max": [0.0148743288592, 0.0716796219349, 0.0984699502587, 0.0678426399827, 0.0464315973222, 0.0637396872044, 0.0736646279693, 0.0298588760197, 0.0104787833989, 0.0106609379873, 0.0122932400554, 0.012686711736, 0.00784508418292, 0.00829770602286, 0.00472334492952, 0.00182288617361, 0.00110518524889, 0.0021182349883, 0.00473347865045, 0.00216767564416, 0.00598417501897, 0.0087756998837, 0.00404672464356, 0.0124900946394, 0.00767287891358, 0.00409530755132, 0.00223481352441, 0.00169284350704, 0.00122937583365, 0.00189012056217, 0.00326666119508, 0.00216947961599, 0.00522208586335, 0.00130724476185, 0.000860230065882, 0.000480352289742, 0.0028026541695, 0.00289056194015, 0.000988286454231, 0.00105551304296, 0.00371001730673, 0.00180461502168, 0.00118231354281, 0.000851823890116, 0.00188524299301, 0.000359281519195, 0.000510813493747, 0.000427548337029, 0.000269060983555, 0.000237269996433, 0.000771888939198, 0.000184537726454, 0.000144627367263, 0.00013655424118, 0.000181383220479, 0.00010457567987, 0.000157179572852, 0.000170889645233, 0.000241226691287, 0.000255241757259, 0.000282659311779, 0.000100539480627, 7.16231006663e-05, 5.65720984014e-05, 7.12743931217e-05, 7.96498716227e-05, 0.000146698395838, 0.000200764654437, 0.000160783951287, 0.000149401806993, 9.6179661341e-05, 0.000311556970701, 0.000355572992703, 0.000728525803424, 0.000296800862998, 0.000107351806946, 9.05784836505e-05, 0.000220958332648, 0.000220537054702, 0.000439448282123, 0.000111176363134, 0.000202741430257, 9.96155067696e-05, 0.00018962402828, 7.82860442996e-05, 4.6199431381e-05, 2.71381140919e-05, 3.02262578771e-05, 3.04350651277e-05, 1.33995827127e-05, 1.12395582619e-05, 1.14383865366e-05, 1.42329963637e-05, 1.47429509525e-05, 9.16317640076e-06, 5.99402346779e-06, 5.40105156688e-06, 2.75370734926e-06, 2.24428663387e-06, 6.60669115859e-07, 1.17554058932e-07, 1.08810560562e-07, 1.01306120825e-07, 9.39717068604e-08, 8.77281038925e-08, 8.24277037736e-08, 7.80524658239e-08, 7.2862015088e-08, 6.90186823249e-08, 6.55654375237e-08, 6.20584827971e-08, 5.96671583253e-08, 5.69092613034e-08, 5.43991944824e-08, 5.21676781773e-08, 5.01201107284e-08, 4.83332840417e-08, 4.65911753622e-08, 4.50854109602e-08, 4.38078266995e-08, 4.24248938202e-08, 4.14150989059e-08, 4.07131182101e-08, 3.98013533243e-08, 3.91317200865e-08, 3.85975411632e-08, 3.81765410395e-08, 3.7960795396e-08],
        "mean": [0.00119875720702, 0.0043856697157, 0.00602942751721, 0.00380965927616, 0.00211348198354, 0.00192202767357, 0.00144331122283, 0.000837563304231, 0.00054207642097, 0.000400724442443, 0.000495044223499, 0.000506906653754, 0.000248160737101, 0.0003074791166, 0.000243482019869, 0.000120057746244, 8.00748894108e-05, 0.000122431651107, 0.000194132269826, 0.000139908821438, 0.00013743834279, 0.000107797473902, 0.000169624370756, 0.000381594960345, 0.000445928453701, 0.000259517575614, 0.000161841264344, 0.00011909402383, 0.000102928264823, 9.04073967831e-05, 7.47664598748e-05, 8.76690173754e-05, 0.000130268992507, 7.04869235051e-05, 3.53248578904e-05, 4.2222567572e-05, 9.77883100859e-05, 8.47690535011e-05, 4.124341649e-05, 4.83589428768e-05, 5.78131803195e-05, 3.79380762752e-05, 3.42193488905e-05, 4.25393845944e-05, 5.21883666806e-05, 2.99289149552e-05, 2.13781058847e-05, 2.04951466003e-05, 2.05284450203e-05, 2.32505590247e-05, 2.51617530012e-05, 1.43050474435e-05, 1.22405808725e-05, 1.13346814032e-05, 9.64538685366e-06, 1.04124428617e-05, 9.68925360212e-06, 1.0814255802e-05, 1.3156892237e-05, 1.1080839613e-05, 9.01873045223e-06, 6.76292665958e-06, 4.74773287351e-06, 3.57901330972e-06, 4.32387605542e-06, 4.37585731561e-06, 4.67640484203e-06, 5.52323399461e-06, 3.63307958651e-06, 3.38155291502e-06, 2.62305661636e-06, 5.69831126995e-06, 5.3353360272e-06, 7.91904676589e-06, 4.52902804682e-06, 2.30823252423e-06, 2.50236234933e-06, 3.06190258925e-06, 3.14576891469e-06, 3.37922801918e-06, 3.3594621982e-06, 3.15901775139e-06, 3.19435321217e-06, 2.9688626455e-06, 1.67735652212e-06, 8.92479306458e-07, 9.22901620015e-07, 9.03706734334e-07, 7.98230360033e-07, 4.81182723888e-07, 3.4243393543e-07, 3.38838418656e-07, 2.78638424334e-07, 2.68129497272e-07, 1.96170944378e-07, 1.38734961297e-07, 1.0389167926e-07, 6.11825896613e-08, 2.69684541365e-08, 6.85949386181e-09, 3.62314012126e-10, 2.93463198187e-10, 2.15288689653e-10, 1.94680507826e-10, 1.79007308976e-10, 1.66660588108e-10, 1.57864998851e-10, 1.47604456435e-10, 1.40298272999e-10, 1.33039482209e-10, 1.26569449366e-10, 1.2164744212e-10, 1.15457809979e-10, 1.1045514503e-10, 1.06059584726e-10, 1.02359738741e-10, 9.90345513929e-11, 9.55574230854e-11, 9.28404922385e-11, 9.02700414418e-11, 8.73839750559e-11, 8.5454809895e-11, 8.42156760994e-11, 8.22251225441e-11, 7.94952090266e-11, 7.59769261394e-11, 7.38118871579e-11, 7.32079674659e-11],
        "min": [3.37872996055e-25, 2.98447419133e-24, 3.08186518375e-24, 1.55843189333e-24, 5.69698286634e-25, 3.60613415414e-25, 4.39812397753e-24, 4.66966133959e-24, 1.83600670372e-24, 6.79056358152e-24, 1.07598205669e-23, 5.22068147075e-24, 9.95750248351e-24, 7.30489221425e-24, 7.2527145874e-24, 4.6674840835e-24, 3.67809394731e-24, 3.95495690934e-24, 2.30146717832e-24, 1.3415262058e-24, 2.99139309311e-24, 2.95695832852e-24, 3.57594947629e-24, 5.06304694594e-24, 1.89381561415e-24, 2.55662522419e-24, 3.6447314419e-24, 5.2776837709e-24, 1.29228456146e-23, 6.76019007008e-24, 4.26954911631e-24, 4.55119533644e-24, 2.01541714218e-24, 7.09920580512e-25, 1.77913574892e-24, 9.12272356272e-24, 7.39157146166e-24, 2.88092554789e-24, 3.20200357202e-24, 4.54017534403e-24, 1.94037812908e-24, 4.59188912067e-24, 4.8399527432e-24, 5.83527274682e-24, 9.41809438488e-24, 1.59306736386e-23, 1.81005254885e-23, 1.08728556572e-23, 3.64433385601e-24, 1.20332850371e-23, 5.39047115883e-24, 1.16619248217e-23, 1.0504187824e-23, 1.89927839703e-23, 6.77514608399e-24, 8.89291023723e-24, 1.18389562528e-23, 7.90862639768e-24, 3.05385095807e-24, 7.3541400117e-24, 6.60330496313e-24, 3.78410265347e-24, 7.72165295251e-24, 8.97005215629e-24, 9.18755215191e-24, 1.54570999268e-23, 8.40185063462e-24, 6.15798075479e-24, 7.83056387794e-24, 9.05668722748e-24, 1.00875438372e-23, 1.25853149102e-23, 3.29867394e-24, 1.21761485359e-23, 1.13941546649e-23, 4.36383850487e-24, 2.31491201083e-23, 1.2399408005e-23, 6.30150216358e-24, 8.37071113924e-24, 1.07606354602e-23, 1.13914228395e-23, 9.22729102001e-24, 7.95406636354e-24, 5.32605356617e-24, 4.75291929725e-24, 1.16075849271e-23, 6.31143904997e-24, 4.64783119176e-24, 5.17595305743e-24, 7.89499645896e-24, 7.50659290367e-24, 8.76190568442e-24, 1.70812982663e-23, 1.62794937314e-23, 1.08339940024e-23, 6.90345194364e-24, 5.35568042075e-24, 6.58978191506e-24, 7.51345757126e-24, 5.66201325405e-24, 7.15980491656e-24, 1.00426655403e-23, 6.07175707456e-24, 7.74936090294e-24, 7.83392126996e-24, 5.81856191183e-24, 1.08910302236e-23, 6.95200712122e-24, 8.34448861389e-24, 8.85822402323e-24, 1.12398558384e-23, 9.61956630463e-24, 6.85470743944e-24, 9.22398884826e-24, 8.04558369488e-24, 9.78672198614e-24, 9.59046128153e-24, 8.62367674344e-24, 8.49070871584e-24, 1.01876045321e-23, 9.40374184957e-24, 1.00660860317e-23, 7.56893579214e-24, 1.05770493838e-23, 9.67884289077e-24, 1.19289613378e-23, 1.11451972629e-23],
        "stdev": [0.00219594221562, 0.0080193541944, 0.0105868177488, 0.00709996977821, 0.00448201736435, 0.00531612196937, 0.00464151240885, 0.00207895715721, 0.00112569855992, 0.00106139329728, 0.00151818664744, 0.00161076232325, 0.000769660517108, 0.000894818396773, 0.00061671534786, 0.000220269605052, 0.000144869103679, 0.000255659921095, 0.000483646406792, 0.000278041115962, 0.000355899886927, 0.000398539792513, 0.000371233851183, 0.000830556906294, 0.000706160266418, 0.000404187798267, 0.000271257973509, 0.000189481201232, 0.00015237374464, 0.000143837620271, 0.000184381278814, 0.000211153208511, 0.000452577602118, 0.000167936988873, 6.53018796584e-05, 6.54373216094e-05, 0.000281666754745, 0.000250698707532, 7.31291147531e-05, 0.000101518562587, 0.000224439310841, 0.000119338357763, 7.76240776759e-05, 8.70455842232e-05, 0.000136289047077, 4.06088292948e-05, 3.29959693772e-05, 3.21315892506e-05, 2.82995661109e-05, 2.97855585814e-05, 6.09471935604e-05, 1.96567325474e-05, 1.48701683429e-05, 1.41432765304e-05, 1.50037376443e-05, 1.4456279132e-05, 1.54727040353e-05, 1.77292022272e-05, 2.77001763607e-05, 2.31851026911e-05, 2.30548776017e-05, 1.29599366119e-05, 7.40615223549e-06, 5.77153787162e-06, 7.74610998633e-06, 9.20712955121e-06, 1.16502333185e-05, 1.77670735866e-05, 1.2543214325e-05, 1.19989481391e-05, 8.25611277833e-06, 2.39103410422e-05, 2.69263382506e-05, 5.08742959937e-05, 2.14768351725e-05, 8.67051403475e-06, 8.82208405528e-06, 1.34402116601e-05, 1.53332293849e-05, 2.25829699048e-05, 1.25664628285e-05, 1.30642374643e-05, 1.10823266368e-05, 1.33137482408e-05, 7.23895800547e-06, 3.42654584529e-06, 3.30738771481e-06, 3.32284730575e-06, 2.94478809337e-06, 1.6351849581e-06, 1.11385679702e-06, 1.13535452329e-06, 1.10392136321e-06, 1.07823996132e-06, 9.26326208628e-07, 6.42320287625e-07, 5.41707095181e-07, 3.10871257625e-07, 1.76406942387e-07, 4.82518416334e-08, 5.26477883511e-09, 4.74660000194e-09, 4.32194191546e-09, 4.00491817487e-09, 3.73709774237e-09, 3.51090800876e-09, 3.32452243512e-09, 3.10341286003e-09, 2.939700261e-09, 2.79262013514e-09, 2.64322119747e-09, 2.54137089151e-09, 2.42393061178e-09, 2.31701569042e-09, 2.2219646123e-09, 2.13473327904e-09, 2.05861461211e-09, 1.98441085786e-09, 1.92026172741e-09, 1.86584570017e-09, 1.80694592622e-09, 1.76393100126e-09, 1.73402281423e-09, 1.69519476234e-09, 1.66673153057e-09, 1.6440826478e-09, 1.6262070579e-09, 1.61702495838e-09]
    },
    "mfcc": {
        "mean": [-709.054016113, 185.93447876, -62.9845581055, 45.7782783508, -24.9672279358, 29.7514953613, -6.64389133453, 23.0272979736, 9.15212154388, 14.6852664948, 7.62059831619, 3.01010203362, -1.83585059643],
        "cov": [[6950.38916016, -622.823425293, 669.109313965, 230.342132568, -382.873138428, 537.313781738, -579.693237305, 342.609893799, -703.343139648, 227.349349976, -467.60168457, 200.153411865, -483.59387207], [-622.823425293, 2210.73217773, -17.5343036652, 678.120178223, 370.923828125, -297.041320801, 369.165985107, -397.232055664, 306.182922363, -342.752624512, 134.83782959, -188.656143188, 141.902511597], [669.109313965, -17.5343036652, 562.741394043, 144.839889526, 151.944702148, 15.975030899, 34.4198532104, -36.1028404236, -129.110656738, 15.0688695908, -129.123809814, 71.0418701172, -124.88961792], [230.342132568, 678.120178223, 144.839889526, 437.460327148, 147.326583862, 7.12375164032, 94.4179153442, -152.637359619, 68.5857391357, -130.026809692, 20.9082183838, -81.4717559814, 42.678604126], [-382.873138428, 370.923828125, 151.944702148, 147.326583862, 290.295349121, -56.8766059875, 210.796844482, -51.2801399231, 115.395210266, 10.583990097, 17.0033168793, 31.7253875732, 1.22678613663], [537.313781738, -297.041320801, 15.975030899, 7.12375164032, -56.8766059875, 240.732666016, -67.826210022, 151.094909668, -44.655960083, 72.7885894775, -0.205001950264, 24.1379718781, 4.7016711235], [-579.693237305, 369.165985107, 34.4198532104, 94.4179153442, 210.796844482, -67.826210022, 269.534179688, -60.7002944946, 176.588684082, -8.66388130188, 79.2936477661, 19.5534877777, 33.2928848267], [342.609893799, -397.232055664, -36.1028404236, -152.637359619, -51.2801399231, 151.094909668, -60.7002944946, 284.292572021, -53.1041412354, 178.247116089, -21.3604564667, 82.4140548706, -32.7430534363], [-703.343139648, 306.182922363, -129.110656738, 68.5857391357, 115.395210266, -44.655960083, 176.588684082, -53.1041412354, 250.292098999, -29.6092262268, 143.506286621, -35.1670074463, 79.2034912109], [227.349349976, -342.752624512, 15.0688695908, -130.026809692, 10.583990097, 72.7885894775, -8.66388130188, 178.247116089, -29.6092262268, 222.641494751, -26.0191898346, 114.625846863, -47.4283027649], [-467.60168457, 134.83782959, -129.123809814, 20.9082183838, 17.0033168793, -0.205001950264, 79.2936477661, -21.3604564667, 143.506286621, -26.0191898346, 153.190216064, -35.4786987305, 79.6804046631], [200.153411865, -188.656143188, 71.0418701172, -81.4717559814, 31.7253875732, 24.1379718781, 19.5534877777, 82.4140548706, -35.1670074463, 114.625846863, -35.4786987305, 132.831604004, -50.768157959], [-483.59387207, 141.902511597, -124.88961792, 42.678604126, 1.22678613663, 4.7016711235, 33.2928848267, -32.7430534363, 79.2034912109, -47.4283027649, 79.6804046631, -50.768157959, 130.393051147]],
        "icov": [[0.000421412027208, -0.000230606645346, -0.00015392981004, -0.000405469065299, 0.000732333573978, -0.00085510261124, 0.00025784902391, 7.98823384685e-05, 0.000252448982792, -0.000303700799122, 0.000181508556125, -0.000378836062737, 0.00125509197824], [-0.000230606645346, 0.00202414346859, 0.00101655942854, -0.00270105013624, -0.00100208108779, 0.00277183903381, -0.00118775642477, -0.00117088144179, 0.000279659114312, 0.0015821447596, -0.000337828270858, 2.52478239418e-05, -0.00065973616438], [-0.00015392981004, 0.00101655942854, 0.00475610932335, -0.0021466279868, -0.00313372514211, 0.000260949891526, -0.00113770877942, 0.000529403041583, 0.00320302811451, 0.00111693982035, -0.000268599978881, -0.000962938123848, 0.00227420427836], [-0.000405469065299, -0.00270105013624, -0.0021466279868, 0.00980342924595, -0.00226236064918, -0.0052350028418, 0.00175555108581, 0.00383616285399, -0.00147544022184, -0.000962560647167, 0.000717677699868, 0.0026730762329, -0.00195567193441], [0.000732333573978, -0.00100208108779, -0.00313372514211, -0.00226236064918, 0.014303823933, -0.000286919705104, -0.00669863726944, -0.000530051707756, -0.00283861649223, -0.00302238040604, 0.00413434905931, -0.00106600637082, 0.000682040990796], [-0.00085510261124, 0.00277183903381, 0.000260949891526, -0.0052350028418, -0.000286919705104, 0.0132922250777, -0.000724212732166, -0.0072728539817, 0.00015516980784, 0.0024670837447, -0.00227919896133, -0.000158104405273, -0.00420810980722], [0.00025784902391, -0.00118775642477, -0.00113770877942, 0.00175555108581, -0.00669863726944, -0.000724212732166, 0.0156687572598, 0.000840116932523, -0.00656956573948, 0.000592608004808, -0.00153050676454, -0.00396134611219, 0.000483002106193], [7.98823384685e-05, -0.00117088144179, 0.000529403041583, 0.00383616285399, -0.000530051707756, -0.0072728539817, 0.000840116932523, 0.0124440314248, 0.00053403666243, -0.00729551678523, 0.000440949806944, 0.000860417902004, 0.00108703807928], [0.000252448982792, 0.000279659114312, 0.00320302811451, -0.00147544022184, -0.00283861649223, 0.00015516980784, -0.00656956573948, 0.00053403666243, 0.0179892126471, -0.00116068241186, -0.0102444607764, 0.00242750765756, 0.00187139515765], [-0.000303700799122, 0.0015821447596, 0.00111693982035, -0.000962560647167, -0.00302238040604, 0.0024670837447, 0.000592608004808, -0.00729551678523, -0.00116068241186, 0.0154842548072, -0.000299557403196, -0.00748128537089, 0.000100295372249], [0.000181508556125, -0.000337828270858, -0.000268599978881, 0.000717677699868, 0.00413434905931, -0.00227919896133, -0.00153050676454, 0.000440949806944, -0.0102444607764, -0.000299557403196, 0.0194228645414, 0.000189523765584, -0.00458792131394], [-0.000378836062737, 2.52478239418e-05, -0.000962938123848, 0.0026730762329, -0.00106600637082, -0.000158104405273, -0.00396134611219, 0.000860417902004, 0.00242750765756, -0.00748128537089, 0.000189523765584, 0.0180503390729, 0.000729855906684], [0.00125509197824, -0.00065973616438, 0.00227420427836, -0.00195567193441, 0.000682040990796, -0.00420810980722, 0.000483002106193, 0.00108703807928, 0.00187139515765, 0.000100295372249, -0.00458792131394, 0.000729855906684, 0.0181426871568]]
    },
    "spectral_contrast_coeffs": {
        "max": [-0.494602560997, -0.545634925365, -0.581479251385, -0.636581420898, -0.6759147048, -0.407210171223],
        "mean": [-0.763805806637, -0.775194525719, -0.791624844074, -0.831092059612, -0.800662338734, -0.582606673241],
        "min": [-0.974291086197, -0.971744298935, -0.964354813099, -0.96251231432, -0.958465754986, -0.962425470352],
        "stdev": [0.0775207132101, 0.0614970512688, 0.0497446507215, 0.0355636812747, 0.0361246168613, 0.066371165216]
    },
    "spectral_contrast_valleys": {
        "max": [-4.75197553635, -4.95418167114, -5.08233261108, -5.58801460266, -5.81314277649, -9.57863140106],
        "mean": [-7.05928468704, -6.78204488754, -7.06835603714, -7.32710266113, -7.96505784988, -13.8492088318],
        "min": [-27.2264556885, -27.184009552, -27.1154251099, -27.4114151001, -27.4131584167, -27.2458171844],
        "stdev": [1.69944405556, 1.48740196228, 1.39724206924, 1.39350068569, 1.39717483521, 1.43798947334]
    }
},
"rhythm": {
    "beats_count": 17,
    "beats_loudness": {
        "max": 0.167708754539,
        "mean": 0.0368906445801,
        "min": 0.00071320933057,
        "stdev": 0.0414965935051
    },
    "bpm": 83.800743103,
    "bpm_histogram_first_peak_bpm": 83,
    "bpm_histogram_first_peak_weight": 0.375,
    "bpm_histogram_second_peak_bpm": 0,
    "bpm_histogram_second_peak_spread": 0,
    "bpm_histogram_second_peak_weight": 0,
    "danceability": 0.918836414814,
    "onset_rate": 0.783738076687,
    "beats_loudness_band_ratio": {
        "max": [0.96055662632, 0.510865747929, 0.716110289097, 0.328153818846, 0.265240132809, 0.061719417572],
        "mean": [0.501341462135, 0.0800513550639, 0.216876626015, 0.137949898839, 0.0711276531219, 0.0145969931036],
        "min": [0.02630867064, 0.00184884166811, 0.0168899558485, 0.0091874692589, 0.00383483152837, 0.000775621563662],
        "stdev": [0.294816344976, 0.133939117193, 0.186609089375, 0.107727967203, 0.0754335075617, 0.0154138114303]
    },
    "beats_position": [0.684988677502, 1.39319729805, 2.08979582787, 2.7863945961, 3.50621318817, 4.23764181137, 4.96907043457, 5.70049858093, 6.420317173, 7.14013576508, 7.84834432602, 8.54494285583, 9.25315189362, 9.97297000885, 10.7043991089, 11.4242172241, 12.144036293],
