{
"metadata": {
    "version": {
        "essentia": "2.1-beta5",
        "essentia_git_sha": "Undefined",
        "extractor": "music 2.0"
    },
    "audio_properties": {
        "analysis": {
            "equal_loudness": 0,
            "length": 12.7477550507,
            "sample_rate": 44100,
            "start_time": 0,
            "downmix": "mix"
        },
        "bit_rate": 192000,
        "length": 196.011245728,
        "lossless": 0,
        "number_channels": 2,
        "replay_gain": 6.97995948792,
        "sample_rate": 48000,
        "codec": "mp3",
        "md5_encoded": "093bd72ec47f5ee2e0a36183dc85df10"
    },
    "tags": {
        "file_name": "Latvia_Cake To Bake_Aarzemnieki.mp3",
        "encoding": ["Lavf58.29.100"]
    }
},
"lowlevel": {
    "average_loudness": 0.807170689106,
    "barkbands_crest": {
        "max": 25.8876399994,
        "mean": 11.5354938507,
        "min": 3.24461650848,
        "stdev": 5.60727024078
    },
    "barkbands_flatness_db": {
        "max": 0.465048700571,
        "mean": 0.221068367362,
        "min": 0.0383611246943,
        "stdev": 0.0663470774889
    },
    "barkbands_kurtosis": {
        "max": 168.466262817,
        "mean": 9.14008808136,
        "min": -1.44944810867,
        "stdev": 20.2843132019
    },
    "barkbands_skewness": {
        "max": 12.3959636688,
        "mean": 1.91850435734,
        "min": -1.90617620945,
        "stdev": 2.1159350872
    },
    "barkbands_spread": {
        "max": 51.9728050232,
        "mean": 14.8479194641,
        "min": 0.879088938236,
        "stdev": 8.2802066803
    },
    "dissonance": {
        "max": 0.500000178814,
        "mean": 0.479620188475,
        "min": 0.348197728395,
        "stdev": 0.0177339874208
    },
    "dynamic_complexity": 3.8353433609,
    "erbbands_crest": {
        "max": 24.9385719299,
        "mean": 8.0473947525,
        "min": 2.48293232918,
        "stdev": 3.25545430183
    },
    "erbbands_flatness_db": {
        "max": 0.35005480051,
        "mean": 0.235452055931,
        "min": 0.0889429226518,
        "stdev": 0.0426829643548
    },
    "erbbands_kurtosis": {
        "max": 9.71754550934,
        "mean": 0.0723890438676,
        "min": -1.66394793987,
        "stdev": 1.20405054092
    },
    "erbbands_skewness": {
        "max": 1.34289968014,
        "mean": 0.156480520964,
        "min": -1.47877001762,
        "stdev": 0.468432068825
    },
    "erbbands_spread": {
        "max": 70.1781463623,
        "mean": 29.1347637177,
        "min": 8.49848842621,
        "stdev": 13.2809152603
    },
    "hfc": {
        "max": 53.3302307129,
        "mean": 10.9967622757,
        "min": 1.13776443325e-16,
        "stdev": 9.02654743195
    },
    "loudness_ebu128": {
        "integrated": -29.0556945801,
        "loudness_range": 4.95476913452,
        "momentary": {
            "max": -24.4933872223,
            "mean": -31.464427948,
            "min": -40.5827331543,
            "stdev": 4.5983171463
        },
        "short_term": {
            "max": -26.3933582306,
            "mean": -29.3916664124,
            "min": -32.0877151489,
            "stdev": 1.73441171646
        }
    },
    "melbands_crest": {
        "max": 35.828956604,
        "mean": 16.9692420959,
        "min": 2.16108131409,
        "stdev": 8.24789810181
    },
    "melbands_flatness_db": {
        "max": 0.607520282269,
        "mean": 0.280159294605,
        "min": 0.00599745614454,
        "stdev": 0.0959345772862
    },
    "melbands_kurtosis": {
        "max": 253.478729248,
        "mean": 21.5650062561,
        "min": -1.46745109558,
        "stdev": 40.4949417114
    },
    "melbands_skewness": {
        "max": 13.8630199432,
        "mean": 2.98482131958,
        "min": -0.485684484243,
        "stdev": 2.74943161011
    },
    "melbands_spread": {
        "max": 128.663192749,
        "mean": 19.1163139343,
        "min": 0.728009343147,
        "stdev": 15.0613880157
    },
    "pitch_salience": {
        "max": 0.84760093689,
        "mean": 0.516562640667,
        "min": 0.107228077948,
        "stdev": 0.173345461488
    },
    "silence_rate_20dB": {
        "max": 1,
        "mean": 1,
        "min": 1,
        "stdev": 0
    },
    "silence_rate_30dB": {
        "max": 1,
        "mean": 0.909090936184,
        "min": 0,
        "stdev": 0.287479162216
    },
    "silence_rate_60dB": {
        "max": 1,
        "mean": 0.150909096003,
        "min": 0,
        "stdev": 0.357960373163
    },
    "spectral_centroid": {
        "max": 11477.6582031,
        "mean": 1258.73254395,
        "min": 324.100891113,
        "stdev": 769.313232422
    },
    "spectral_complexity": {
        "max": 49,
        "mean": 16.9636363983,
        "min": 0,
        "stdev": 8.56475734711
    },
    "spectral_decrease": {
        "max": 4.34287685657e-30,
        "mean": -1.01664809904e-08,
        "min": -8.58428492734e-08,
        "stdev": 1.35487221442e-08
    },
    "spectral_energy": {
        "max": 0.32582500577,
        "mean": 0.0393680892885,
        "min": 1.03034715699e-20,
        "stdev": 0.0515444017947
    },
    "spectral_energyband_high": {
        "max": 0.00283868168481,
        "mean": 0.000163018616149,
        "min": 7.54853361508e-21,
        "stdev": 0.000256867497228
    },
    "spectral_energyband_low": {
        "max": 0.310261100531,
        "mean": 0.0276881605387,
        "min": 7.36390042991e-23,
        "stdev": 0.0475238077343
    },
    "spectral_energyband_middle_high": {
        "max": 0.017566524446,
        "mean": 0.00371050997637,
        "min": 1.6549087072e-21,
        "stdev": 0.00324399257079
    },
    "spectral_energyband_middle_low": {
        "max": 0.11934774369,
        "mean": 0.0085545219481,
        "min": 1.82374001131e-22,
        "stdev": 0.0143407685682
    },
    "spectral_entropy": {
        "max": 9.81342887878,
        "mean": 7.46502828598,
        "min": 6.58085584641,
        "stdev": 0.297204226255
    },
    "spectral_flux": {
        "max": 0.468820542097,
        "mean": 0.0933438912034,
        "min": 6.70529534674e-11,
        "stdev": 0.07264431566
    },
    "spectral_kurtosis": {
        "max": 22.9647521973,
        "mean": 4.37250947952,
        "min": -1.20368337631,
        "stdev": 3.39405655861
    },
    "spectral_rms": {
        "max": 0.0178291350603,
        "mean": 0.00514501566067,
        "min": 3.17051528261e-12,
        "stdev": 0.00345495389774
    },
    "spectral_rolloff": {
        "max": 18540.0878906,
        "mean": 1106.33618164,
        "min": 64.599609375,
        "stdev": 1432.66552734
    },
    "spectral_skewness": {
        "max": 3.36572194099,
        "mean": 1.26990306377,
        "min": -0.0771485567093,
        "stdev": 0.372476577759
    },
    "spectral_spread": {
        "max": 40538056,
        "mean": 2700224.5,
        "min": 1507235.375,
        "stdev": 2373905.25
    },
    "spectral_strongpeak": {
        "max": 4.97368097305,
        "mean": 0.600724935532,
        "min": 0,
        "stdev": 0.678409516811
    },
    "zerocrossingrate": {
        "max": 0.498046875,
        "mean": 0.0411479063332,
        "min": 0.0029296875,
        "stdev": 0.0373109467328
    },
    "barkbands": {
        "max": [0.0942044183612, 0.268750697374, 0.0778494402766, 0.0366006791592, 0.0633862391114, 0.0466955564916, 0.0166369155049, 0.00992335751653, 0.00909438263625, 0.00604515848681, 0.00731112249196, 0.0115494662896, 0.00380922853947, 0.00231487117708, 0.00168601202313, 0.0054851421155, 0.00150654430036, 0.0015807908494, 0.00108045735396, 0.00206430489197, 0.000838467676658, 0.00121843640227, 0.000313170428853, 0.000109995453386, 2.84891466436e-05, 9.74860370206e-08, 1.0634757075e-07],
        "mean": [0.00384087697603, 0.0200861431658, 0.00318905059248, 0.00172785331961, 0.00284310732968, 0.00117806287017, 0.000656510645058, 0.000526863732375, 0.00130419200286, 0.000873073702678, 0.000421740463935, 0.000714199035428, 0.000387421256164, 0.000351085647708, 0.000279605097603, 0.000327738205669, 0.000252085272223, 0.000117331379442, 9.87589883152e-05, 6.66588020977e-05, 5.47390336578e-05, 4.75038832519e-05, 1.86472298083e-05, 4.76015293316e-06, 1.07397880811e-07, 2.13470130461e-09, 2.18019158282e-09],
        "min": [9.96417624677e-24, 9.089924304e-24, 1.46471748577e-23, 4.6604277227e-24, 4.58165365043e-23, 2.21535066484e-23, 1.4284328818e-23, 2.11753396363e-23, 3.41872216147e-23, 5.97854456002e-23, 4.46692140483e-23, 4.31916775728e-23, 7.74775699095e-23, 1.55423079486e-22, 9.71387225927e-23, 1.45271070725e-22, 8.57044298961e-23, 1.58535558587e-22, 2.7196374769e-22, 2.47620106e-22, 3.9198609452e-22, 4.85693152269e-22, 5.49566298375e-22, 6.3673868482e-22, 1.18037249675e-21, 1.61117961024e-21, 2.35852760016e-21],
        "stdev": [0.0101020401344, 0.0388285666704, 0.007991861552, 0.00445932429284, 0.00743832439184, 0.00349572626874, 0.00163858686574, 0.00100117223337, 0.00137515773531, 0.0010058793705, 0.000772688479628, 0.00141859787982, 0.000483368930873, 0.000321165396599, 0.000258641171968, 0.000485949334688, 0.000264605536358, 0.000144527948578, 0.000110602079076, 0.000119111449749, 9.07160501811e-05, 9.84832950053e-05, 3.9634283894e-05, 1.37856477522e-05, 1.31177887397e-06, 5.34220667703e-09, 5.08132380617e-09]
    },
    "erbbands": {
        "max": [13.1706008911, 44.2105445862, 74.5654449463, 113.889503479, 170.38192749, 250.635360718, 702.895690918, 247.655426025, 161.164916992, 379.387329102, 123.675354004, 198.505722046, 177.289382935, 281.352874756, 480.787536621, 460.958679199, 162.251571655, 120.675308228, 81.1417007446, 212.374465942, 134.496505737, 95.7704467773, 87.0414352417, 48.1569786072, 50.8147506714, 103.294769287, 45.4067306519, 45.9282493591, 41.8632164001, 34.5046730042, 8.21492481232, 3.75075054169, 0.960930645466, 0.608047127724, 0.0442324839532, 0.00218183826655, 0.000181581053766, 6.57181662973e-05, 0.000142939723446, 0.00035130023025],
        "mean": [0.914461910725, 3.20220327377, 3.6896572113, 5.46606206894, 6.99530029297, 9.69469165802, 10.6689434052, 9.69587993622, 7.6362657547, 12.8832273483, 13.348282814, 30.18800354, 30.2136650085, 21.2288627625, 16.6611194611, 30.1118564606, 22.405424118, 17.1696548462, 16.3479804993, 16.1094264984, 17.249879837, 14.3846826553, 7.03059673309, 5.99829769135, 3.89855241776, 3.37826919556, 2.4961836338, 2.0187895298, 1.84211885929, 0.942806601524, 0.475962013006, 0.200804740191, 0.0293665900826, 0.00335297058336, 0.000252019002801, 4.27885497629e-05, 1.78946629603e-05, 4.06900971939e-06, 1.89051988855e-05, 4.37349517597e-05],
        "min": [2.16698828487e-22, 2.58482450559e-21, 1.27476392226e-20, 2.13381449519e-20, 8.87314833628e-20, 1.17688982807e-19, 1.06622805476e-19, 2.24007230722e-19, 3.11483519204e-19, 4.59464140386e-19, 8.41305290199e-19, 8.45222042098e-19, 1.36411967818e-18, 2.76598939798e-18, 1.46389606483e-18, 1.82006949004e-18, 3.91359000134e-18, 9.1360030705e-18, 5.18735012376e-18, 7.63246168648e-18, 7.21770340117e-18, 5.64371683465e-18, 7.81289955658e-18, 1.56632819754e-17, 1.24363420452e-17, 1.27549248679e-17, 1.84098193941e-17, 1.30963287764e-17, 1.99235251735e-17, 1.90292602133e-17, 1.69267838175e-17, 1.12308305272e-17, 1.00706658775e-17, 1.32228725209e-17, 7.557441368e-18, 5.78733275978e-18, 2.76889714463e-18, 1.27832543563e-18, 3.16748058514e-19, 3.56690684514e-20],
        "stdev": [1.98098921776, 5.98708248138, 7.7045788765, 13.5774841309, 15.2208089828, 29.4921398163, 40.5121612549, 25.8816318512, 16.0624027252, 31.3349781036, 16.725610733, 32.5103607178, 33.5210494995, 28.1424617767, 34.6583786011, 57.9612236023, 26.9209461212, 16.5514411926, 13.7818784714, 18.3500709534, 22.2550354004, 14.7096242905, 7.87537050247, 6.37070178986, 4.93756914139, 5.85573244095, 4.28423213959, 3.45529580116, 3.7601890564, 2.09421849251, 1.08099997044, 0.535176098347, 0.0963527485728, 0.028209131211, 0.00206286855973, 0.000106243620394, 1.82608455361e-05, 4.15096974393e-06, 2.29050929192e-05, 5.57762177777e-05]
    },
    "gfcc": {
        "mean": [-90.0475158691, 165.372848511, -180.707580566, 45.7290534973, -38.3415107727, 5.49693489075, 11.3857717514, -13.6634273529, 17.3379745483, -17.324131012, -5.14933586121, -10.8148975372, -6.81389474869],
        "cov": [[9832.79980469, 1501.72363281, -150.639953613, 704.077941895, -454.389404297, 66.7236480713, -168.802474976, -498.822692871, -84.4709396362, -403.480560303, 147.17829895, -11.6939182281, 139.808807373], [1501.72363281, 1161.40222168, 803.855407715, 270.064941406, 391.159698486, -306.911010742, -37.0444564819, -212.426467896, -163.003570557, 37.6635475159, 38.4707336426, 70.997543335, 66.2472000122], [-150.639953613, 803.855407715, 1625.40112305, 473.259094238, 475.348083496, -26.387550354, -139.918228149, -121.109321594, -208.317840576, 51.8897018433, 156.165557861, 30.9080066681, 145.350616455], [704.077941895, 270.064941406, 473.259094238, 385.341888428, 107.807380676, 154.827804565, -9.65629577637, -53.7665634155, -25.8857955933, -56.4999160767, 72.9384460449, 2.30940127373, 47.6354904175], [-454.389404297, 391.159698486, 475.348083496, 107.807380676, 606.447570801, -67.9368743896, 158.751907349, 98.6864471436, 11.7194061279, 185.075378418, 0.760203421116, 58.856880188, 56.6955223083], [66.7236480713, -306.911010742, -26.387550354, 154.827804565, -67.9368743896, 452.492279053, 57.0508728027, 122.942298889, 82.2952194214, -78.2103271484, 69.6403961182, -69.9724121094, -1.46857845783], [-168.802474976, -37.0444564819, -139.918228149, -9.65629577637, 158.751907349, 57.0508728027, 207.337432861, 106.820587158, 108.73789978, 60.9267616272, -31.2399711609, 24.2036590576, -21.7276134491], [-498.822692871, -212.426467896, -121.109321594, -53.7665634155, 98.6864471436, 122.942298889, 106.820587158, 200.333297729, 98.3922729492, 57.2914886475, 6.8099360466, -26.5561084747, 4.08393573761], [-84.4709396362, -163.003570557, -208.317840576, -25.8857955933, 11.7194061279, 82.2952194214, 108.73789978, 98.3922729492, 158.826278687, 35.1964302063, -0.634413540363, 19.4377593994, -20.8297328949], [-403.480560303, 37.6635475159, 51.8897018433, -56.4999160767, 185.075378418, -78.2103271484, 60.9267616272, 57.2914886475, 35.1964302063, 162.430541992, -4.65349578857, 41.0867500305, 24.5829563141], [147.17829895, 38.4707336426, 156.165557861, 72.9384460449, 0.760203421116, 69.6403961182, -31.2399711609, 6.8099360466, -0.634413540363, -4.65349578857, 98.5990753174, 4.990858078, 30.9475650787], [-11.6939182281, 70.997543335, 30.9080066681, 2.30940127373, 58.856880188, -69.9724121094, 24.2036590576, -26.5561084747, 19.4377593994, 41.0867500305, 4.990858078, 80.8981781006, 14.3558778763], [139.808807373, 66.2472000122, 145.350616455, 47.6354904175, 56.6955223083, -1.46857845783, -21.7276134491, 4.08393573761, -20.8297328949, 24.5829563141, 30.9475650787, 14.3558778763, 69.3102416992]],
        "icov": [[0.000351247610524, -0.000944933912251, 0.000604617001954, -0.000481553317513, 0.000417671719333, -0.00036166360951, 0.000109194654215, 0.000335858174367, -0.000436064874521, 0.000102849880932, -0.000110188091639, 0.000410268519772, -0.00128050660715], [-0.000944933912251, 0.00555277522653, -0.00194878224283, 9.20366874197e-05, -0.00296720559709, 0.00333289196715, -0.00161096546799, 0.00183793262113, 0.00121463625692, 0.00102755380794, -0.00166095956229, 0.000592976342887, 0.00312609481625], [0.000604617001954, -0.00194878224283, 0.00324279093184, -0.0024922452867, -0.00086718914099, -0.000647627166472, 0.00199915491976, 0.000483036827063, 0.000541354820598, -0.000196338602109, -0.00168574275449, 0.00074646709254, -0.00232024327852], [-0.000481553317513, 9.20366874197e-05, -0.0024922452867, 0.00885782483965, -0.0011848899303, -0.00330003513955, -0.00114761246368, 0.00316628068686, -0.00198456761427, 0.00251599680632, 0.000326838053297, -0.000683350604959, -0.00111811445095], [0.000417671719333, -0.00296720559709, -0.00086718914099, -0.0011848899303, 0.00809842068702, -0.000678751501255, -0.00378018571064, -0.00447248760611, 0.0020258135628, -0.00464655924588, 0.00266622472554, -0.00181320938282, -0.00149192265235], [-0.00036166360951, 0.00333289196715, -0.000647627166472, -0.00330003513955, -0.000678751501255, 0.00800905749202, -0.00254314602353, -0.00182024156675, -0.000222019807552, 0.00237462227233, -0.0041316980496, 0.00381130166352, 0.00135151320137], [0.000109194654215, -0.00161096546799, 0.00199915491976, -0.00114761246368, -0.00378018571064, -0.00254314602353, 0.0155488681048, -0.0038286363706, -0.00478282151744, -8.48909257911e-05, 0.00419621961191, -0.00437934370711, 0.00368016702123], [0.000335858174367, 0.00183793262113, 0.000483036827063, 0.00316628068686, -0.00447248760611, -0.00182024156675, -0.0038286363706, 0.0195169840008, -0.00718876626343, -7.21850519767e-05, -0.0039853551425, 0.0106284534559, -0.00691032875329], [-0.000436064874521, 0.00121463625692, 0.000541354820598, -0.00198456761427, 0.0020258135628, -0.000222019807552, -0.00478282151744, -0.00718876626343, 0.0177989788353, -0.00323247397318, -0.00162654416636, -0.00746950646862, 0.00597874494269], [0.000102849880932, 0.00102755380794, -0.000196338602109, 0.00251599680632, -0.00464655924588, 0.00237462227233, -8.48909257911e-05, -7.21850519767e-05, -0.00323247397318, 0.0152628719807, -0.00174735183828, -0.00161411322188, -0.00394858978689], [-0.000110188091639, -0.00166095956229, -0.00168574275449, 0.000326838053297, 0.00266622472554, -0.0041316980496, 0.00419621961191, -0.0039853551425, -0.00162654416636, -0.00174735183828, 0.0189472753555, -0.00539268972352, -0.00281008612365], [0.000410268519772, 0.000592976342887, 0.00074646709254, -0.000683350604959, -0.00181320938282, 0.00381130166352, -0.00437934370711, 0.0106284534559, -0.00746950646862, -0.00161411322188, -0.00539268972352, 0.0253156460822, -0.00743319140747], [-0.00128050660715, 0.00312609481625, -0.00232024327852, -0.00111811445095, -0.00149192265235, 0.00135151320137, 0.00368016702123, -0.00691032875329, 0.00597874494269, -0.00394858978689, -0.00281008612365, -0.00743319140747, 0.028458615765]]
    },
    "melbands": {
        "max": [0.0947447791696, 0.0292014051229, 0.0148770203814, 0.012424858287, 0.0232645850629, 0.00533941341564, 0.00297758053057, 0.00389799266122, 0.00136262085289, 0.00134213489946, 0.000864399364218, 0.00110619224142, 0.00123275630176, 0.000876710459124, 0.00137909641489, 0.00046557848691, 0.000264322705334, 0.000139284471516, 0.000173534441274, 0.000576105434448, 0.00019614964549, 0.000125966093037, 5.48185271327e-05, 8.06140742498e-05, 4.1772476834e-05, 3.06620677293e-05, 4.67146273877e-05, 7.55369255785e-05, 3.6891313357e-05, 1.56235801114e-05, 2.77210801869e-05, 2.03932631848e-05, 2.9572065614e-05, 1.37712140713e-05, 4.8834840527e-06, 5.00023452332e-06, 2.05380888474e-06, 9.14968723009e-07, 1.79764754193e-07, 6.16913439444e-07],
        "mean": [0.00692672049627, 0.00258346111514, 0.000980795710348, 0.000572561577428, 0.000425501260906, 0.000215149848373, 0.000125531325466, 0.000136962611577, 0.000130831089336, 0.000187491896213, 0.000148934763274, 8.81490050233e-05, 5.46139854123e-05, 5.69468247704e-05, 8.55177277117e-05, 3.63129838661e-05, 3.15116340062e-05, 2.71483568213e-05, 2.09843383345e-05, 2.20745459956e-05, 2.01434959308e-05, 1.6577218048e-05, 7.54523762225e-06, 5.45987359146e-06, 4.83583426103e-06, 3.54136591341e-06, 2.03676563615e-06, 2.28535805036e-06, 1.77037918547e-06, 1.0682311995e-06, 1.22718438433e-06, 1.01942976016e-06, 9.22684762372e-07, 4.09772297871e-07, 2.91557313403e-07, 1.92846428604e-07, 9.2637712612e-08, 2.12612434325e-08, 3.06787195647e-09, 2.02888239542e-09],
        "min": [2.35346829754e-24, 7.02129829655e-24, 5.65466225371e-24, 9.7377644895e-24, 4.00138374019e-24, 5.06003586386e-24, 4.29593454144e-24, 4.91260998802e-24, 7.1738703065e-24, 4.61507768698e-24, 6.36249807206e-24, 1.20606813875e-23, 5.59795893184e-24, 5.71948689859e-24, 3.23613837225e-24, 9.77590985858e-24, 1.56073432194e-23, 8.58283425894e-24, 7.35551972943e-24, 1.13992846273e-23, 8.17244515021e-24, 5.01944305383e-24, 5.50884604854e-24, 5.9736610377e-24, 1.37723218029e-23, 8.08565072912e-24, 1.21754772153e-23, 6.55150796166e-24, 1.20536163492e-23, 9.11856468803e-24, 7.07238729535e-24, 1.12399678566e-23, 7.10449866736e-24, 1.01643670564e-23, 1.04393860561e-23, 5.25859412586e-24, 7.48800102985e-24, 5.84041572549e-24, 1.00747911118e-23, 1.12459079792e-23],
        "stdev": [0.0139515791088, 0.00430661207065, 0.0021331498865, 0.00141240539961, 0.00150220585056, 0.00057559099514, 0.000287268776447, 0.000328593509039, 0.00016313821834, 0.000198257781449, 0.000169391962118, 0.000114653958008, 0.000102015284938, 9.06371860765e-05, 0.000169027014636, 4.38632814621e-05, 3.14764838549e-05, 2.35164316109e-05, 1.93822743313e-05, 3.9255592128e-05, 3.06280890072e-05, 1.86226570804e-05, 7.23997982277e-06, 7.14541829439e-06, 5.32292460775e-06, 3.97502799387e-06, 3.33404500452e-06, 4.2742781261e-06, 3.28295732288e-06, 1.7300409354e-06, 2.3058601073e-06, 1.94579934032e-06, 2.53830444308e-06, 8.68267136411e-07, 6.40734469926e-07, 5.25534744611e-07, 2.61711107896e-07, 8.60392646018e-08, 1.34592932355e-08, 2.83863315076e-08]
    },
    "melbands128": {
        "max": [0.0935859754682, 0.143000781536, 0.116547003388, 0.0605842471123, 0.0362843535841, 0.0370986349881, 0.0299615077674, 0.0173069648445, 0.0206999126822, 0.0167848784477, 0.017258901149, 0.0282265357673, 0.0285544991493, 0.0167635381222, 0.00877712760121, 0.00213575642556, 0.00146831548773, 0.00410118093714, 0.00566006777808, 0.00598635338247, 0.0032887167763, 0.000638339028228, 0.00124183145817, 0.00362252676859, 0.00212220335379, 0.00217704148963, 0.00151348637883, 0.00122024200391, 0.00136118172668, 0.00123164243996, 0.00167751812842, 0.000737788330298, 0.00140817207284, 0.00331893796101, 0.00124623032752, 0.000350744376192, 0.00224654842168, 0.00244487752207, 0.000761317147408, 0.000440143514425, 0.000755084038246, 0.000278132269159, 0.000429291540058, 0.000259737687884, 0.000262006476987, 0.000239027300267, 0.000200822789338, 0.000345687090885, 0.000191139741219, 0.000212081649806, 0.00125227635726, 0.000243002315983, 0.000332551426254, 0.000411193701439, 0.000143203142215, 0.000261476670858, 9.42479600781e-05, 7.08151346771e-05, 7.14953421266e-05, 0.000114728201879, 9.22518374864e-05, 6.88494983478e-05, 7.19387753634e-05, 4.83595176775e-05, 5.80739833822e-05, 2.4952014428e-05, 4.39664800069e-05, 6.49509456707e-05, 2.06604509003e-05, 9.72047346295e-05, 6.67178610456e-05, 8.36689869175e-05, 6.23332016403e-05, 4.98761364724e-05, 2.01015645871e-05, 1.53841974679e-05, 1.50669948198e-05, 5.541191058e-05, 2.74459998764e-05, 3.00562169286e-05, 1.5354653442e-05, 2.78699899354e-05, 3.81302925234e-05, 3.6170527892e-05, 2.67045525106e-05, 2.03523031814e-05, 7.46208024793e-06, 5.34938953933e-06, 6.37552057015e-06, 9.05084107217e-06, 6.73307658872e-06, 6.31675811746e-06, 3.55146858055e-06, 2.82203541246e-06, 1.5992986846e-06, 1.51573124185e-06, 8.33256251553e-07, 4.14932571857e-07, 1.62277061122e-07, 5.64020474769e-08, 1.29714965169e-06, 7.22101901829e-07, 2.840875446e-08, 1.12075495551e-08, 5.03526420559e-09, 5.46984324501e-09, 1.38261908589e-08, 2.13791850889e-09, 6.95293711495e-10, 6.31827867803e-10, 5.67296265519e-10, 6.18809892217e-10, 5.77470182783e-10, 5.57471513396e-10, 5.35907485055e-10, 5.20614162891e-10, 5.16218179314e-10, 4.95408214451e-10, 4.95280705337e-10, 4.68208527504e-10, 4.34684316319e-10, 4.66696681301e-10, 4.36087249645e-10, 4.31434526993e-10, 4.28551444331e-10, 4.19350443259e-10, 4.15491641093e-10, 4.15680739829e-10],
        "mean": [0.00341771286912, 0.00847345311195, 0.00833292957395, 0.0042418371886, 0.0019552661106, 0.0015888143098, 0.00114941853099, 0.000788006291259, 0.000743982440326, 0.000466790195787, 0.000542572524864, 0.000605708395597, 0.00030611344846, 0.000343985040672, 0.000255147431744, 0.000126364539028, 9.56865187618e-05, 0.000113813970529, 0.000190952254343, 0.000138122835779, 0.000132038505399, 5.99911727477e-05, 0.000110924847831, 0.000218347893679, 0.000233807775658, 0.000153282075189, 0.000144928751979, 0.000166108540725, 0.000143159821164, 8.58371859067e-05, 8.12103171484e-05, 6.03942426096e-05, 4.67693098471e-05, 6.22252046014e-05, 3.74796327378e-05, 3.17369522236e-05, 0.000123688951135, 0.000108429521788, 5.23004382558e-05, 4.07822844863e-05, 3.15425895678e-05, 2.98407667287e-05, 3.16511759593e-05, 3.18625025102e-05, 3.26122462866e-05, 2.55153754551e-05, 2.22694397962e-05, 2.13831426663e-05, 1.97434565052e-05, 2.13433868339e-05, 2.70168166026e-05, 1.63092863659e-05, 1.94739532162e-05, 2.38599623117e-05, 1.63212444022e-05, 1.9887174858e-05, 1.21534421851e-05, 7.91274032963e-06, 6.01646206633e-06, 6.26264545645e-06, 5.08751963935e-06, 5.25023278897e-06, 5.14276280228e-06, 4.18780518885e-06, 5.55204587727e-06, 3.35767549586e-06, 2.74036347037e-06, 2.02626893042e-06, 1.62588878538e-06, 2.43386898546e-06, 2.11554856833e-06, 2.77536628346e-06, 1.64209359355e-06, 1.9587114366e-06, 1.24010500713e-06, 9.45401097852e-07, 1.01935233943e-06, 1.17981733183e-06, 1.25945678064e-06, 1.39174903779e-06, 8.20310560812e-07, 8.52078699154e-07, 1.4160975752e-06, 1.05263836758e-06, 4.00925756594e-07, 3.80144143719e-07, 4.81163112909e-07, 3.37270620321e-07, 2.94835018622e-07, 2.37907599399e-07, 2.01875266725e-07, 2.07724752954e-07, 1.30059817138e-07, 1.07129899618e-07, 4.90966520772e-08, 3.11000931674e-08, 1.65297020516e-08, 6.3465970257e-09, 2.05283479104e-09, 9.70702851433e-10, 3.98713373428e-09, 2.34465713511e-09, 1.40335271182e-10, 3.7225104943e-11, 2.4965125453e-11, 3.43404679692e-11, 5.47757776637e-11, 2.01864566729e-11, 1.32239462436e-11, 1.28648706271e-11, 1.26581817944e-11, 1.24586096648e-11, 1.14344705579e-11, 1.09645487134e-11, 1.06938503192e-11, 1.05507217546e-11, 1.04870296475e-11, 1.04130801204e-11, 1.03547049407e-11, 1.00241906789e-11, 9.66064034325e-12, 9.71349736756e-12, 9.65617169557e-12, 9.43531884567e-12, 8.19973863114e-12, 6.08329055532e-12, 4.94501878681e-12, 4.77249966976e-12],
        "min": [1.64544798435e-24, 1.62521005364e-24, 2.36188504897e-24, 4.24480570516e-24, 4.98371988217e-24, 7.75813303621e-24, 4.04719565397e-24, 2.23286645349e-24, 8.6127147323e-24, 6.81945561217e-24, 2.77411240082e-24, 7.38653379592e-24, 3.57371266119e-24, 1.17918750619e-24, 3.46981652453e-24, 8.97756211211e-24, 6.94837757219e-24, 3.29304186757e-24, 1.29027341975e-24, 2.83216388597e-24, 2.75267333078e-24, 6.37898408169e-24, 3.85912687543e-24, 8.93580691553e-24, 6.97908082748e-24, 1.69949787395e-24, 1.69100223643e-24, 3.93352671399e-24, 7.07377411282e-24, 4.94347535423e-24, 5.34397411935e-24, 1.22626061134e-23, 4.57164616098e-24, 1.45714659045e-24, 4.4050063945e-24, 9.59833095792e-24, 2.92257089559e-24, 1.49228718833e-24, 3.88393102888e-24, 6.28369638966e-24, 5.12854685576e-24, 2.05781056667e-23, 1.19129206402e-23, 7.21847802411e-24, 8.19637130147e-24, 5.18428934504e-24, 4.82949047545e-24, 6.0497841429e-24, 6.35637611701e-24, 8.96917652069e-24, 1.01816091892e-23, 1.03736037341e-23, 4.15721966215e-24, 8.8032853832e-24, 4.67749078408e-24, 3.12779759603e-24, 3.93831904399e-24, 6.12714063213e-24, 4.65692518028e-24, 4.86346198147e-24, 5.03705200696e-24, 6.77889159556e-24, 9.14989903205e-24, 1.20145219805e-23, 8.73179407481e-24, 6.6065037941e-24, 4.83384104334e-24, 1.11635343347e-23, 6.68120142765e-24, 7.6385070131e-24, 6.87801196831e-24, 4.63866738906e-24, 9.50581571754e-24, 1.12055309227e-23, 1.17145150228e-23, 1.03064535272e-23, 6.99365503271e-24, 5.76862622767e-24, 4.38184741048e-24, 8.68114131608e-24, 9.32967964348e-24, 1.07765594065e-23, 1.31428044897e-23, 3.61228914275e-24, 4.21944934908e-24, 9.87080667003e-24, 5.16301573858e-24, 1.11301457968e-23, 9.42907532868e-24, 8.14115971557e-24, 5.55473487626e-24, 4.34175868257e-24, 4.69713973151e-24, 8.34772294361e-24, 7.22972244746e-24, 4.892266843e-24, 5.88773751904e-24, 6.48667740032e-24, 6.99002942799e-24, 1.12222366301e-23, 1.16726399193e-23, 1.16701242419e-23, 6.64112729366e-24, 7.55074071536e-24, 8.63730904875e-24, 7.20811318068e-24, 7.11024315247e-24, 7.04901650217e-24, 1.10790536426e-23, 9.42262954622e-24, 9.06562896585e-24, 8.28441527824e-24, 8.90481809259e-24, 6.14032841431e-24, 1.059692079e-23, 1.19777870947e-23, 9.99498205398e-24, 6.97439814915e-24, 1.05877755255e-23, 8.0381415811e-24, 9.12900841755e-24, 1.1846186163e-23, 9.0280460546e-24, 9.2620703196e-24, 1.12022610942e-23, 9.23634004346e-24, 6.45219274028e-24, 9.45681404469e-24],
        "stdev": [0.00899533368647, 0.01968389377, 0.0166036691517, 0.0079279858619, 0.00397006142884, 0.00409162323922, 0.00320378830656, 0.00190988287795, 0.00172634713817, 0.00136016472243, 0.00185888155829, 0.00221649394371, 0.00146744842641, 0.00122565741185, 0.000780489412136, 0.000288960582111, 0.000200213718927, 0.000297914171824, 0.000605481036473, 0.000372813810827, 0.000350075686583, 8.07716860436e-05, 0.000182997391676, 0.000345784210367, 0.000301527732518, 0.000216660322621, 0.000201725051738, 0.000229387573199, 0.000207515258808, 0.000129681211547, 0.000160271534696, 9.89088512142e-05, 8.59514329932e-05, 0.000217140710447, 9.18135847314e-05, 4.45331279479e-05, 0.000293248478556, 0.000279371975921, 8.77278580447e-05, 5.79465340707e-05, 5.57046150789e-05, 3.65383384633e-05, 4.06668732467e-05, 3.96815594286e-05, 3.4321565181e-05, 2.97362839774e-05, 2.56387884292e-05, 2.57158044406e-05, 2.21376067202e-05, 2.76803220913e-05, 7.71498525864e-05, 2.21269547183e-05, 3.83909573429e-05, 5.50656186533e-05, 2.35118259297e-05, 3.04671884805e-05, 1.52668108058e-05, 9.24628238863e-06, 7.49387982069e-06, 1.02191988844e-05, 7.86434065958e-06, 7.97215307102e-06, 7.71620943851e-06, 5.67494589632e-06, 8.03451075626e-06, 4.23893925472e-06, 4.45584237241e-06, 4.70532995678e-06, 2.45156638812e-06, 4.97484279549e-06, 3.89397746403e-06, 6.51080245007e-06, 3.7722891193e-06, 4.51808682556e-06, 2.17170236283e-06, 1.55007523972e-06, 1.79325479621e-06, 2.97656947623e-06, 2.80394897345e-06, 3.4693091493e-06, 1.65859080425e-06, 2.44958482654e-06, 4.27106215284e-06, 3.31503065354e-06, 1.36594906053e-06, 1.06989170945e-06, 8.83128905116e-07, 6.38976757728e-07, 7.07523724941e-07, 7.89452030858e-07, 5.76369586724e-07, 6.63514128973e-07, 4.06774546491e-07, 3.26487452185e-07, 1.69011428852e-07, 1.38782027648e-07, 7.25346964714e-08, 2.98506783736e-08, 1.12564455534e-08, 4.64843763481e-09, 5.89294941733e-08, 3.37959491503e-08, 1.53502544009e-09, 4.78378503477e-10, 2.17091691845e-10, 2.63158328462e-10, 6.34658270382e-10, 1.01836185318e-10, 3.31680620469e-11, 3.05015596114e-11, 2.77257730663e-11, 2.94022584058e-11, 2.77247287628e-11, 2.67398360398e-11, 2.57598126857e-11, 2.50458074419e-11, 2.46615245586e-11, 2.3687633452e-11, 2.35511644908e-11, 2.23927976856e-11, 2.10597043276e-11, 2.21507187592e-11, 2.08807120899e-11, 2.06458131841e-11, 2.05109332296e-11, 2.01606804168e-11, 2.00169169434e-11, 2.00054486865e-11]
    },
    "mfcc": {
        "mean": [-706.695007324, 176.89604187, -64.1513290405, 46.0993766785, -23.6037387848, 34.4088439941, -10.4623708725, 26.9739894867, 5.63456296921, 17.8270759583, 4.4747376442, 3.96614170074, -0.515890181065],
        "cov": [[4851.52099609, 441.458984375, 300.559692383, 293.24609375, -343.891540527, 371.660064697, -315.025482178, 215.708786011, -397.511352539, -110.94745636, -360.001281738, 43.6726303101, -136.452423096], [441.458984375, 1511.08459473, 295.599700928, 728.867736816, 308.272949219, 1.84886729717, 145.152130127, -290.190917969, -8.41986083984, -202.027175903, 18.6262226105, -102.626609802, 134.500946045], [300.559692383, 295.599700928, 1113.32531738, 311.282409668, 424.038299561, 158.538757324, 148.050704956, -12.8651247025, -221.193511963, -22.3721218109, -198.826019287, 97.1370544434, -118.695587158], [293.24609375, 728.867736816, 311.282409668, 568.002563477, 222.769256592, 96.4085235596, 88.8113632202, -120.64617157, -5.32059288025, -117.651351929, 6.15443229675, -66.4023513794, 69.9211273193], [-343.891540527, 308.272949219, 424.038299561, 222.769256592, 458.920043945, 58.3235092163, 235.56427002, -38.8343963623, 42.9860916138, 34.5471420288, 3.32345890999, 68.2232131958, -10.3762540817], [371.660064697, 1.84886729717, 158.538757324, 96.4085235596, 58.3235092163, 208.052261353, 33.0316963196, 106.166374207, -5.41745662689, 18.684425354, 1.94640088081, 15.0153169632, -4.80683326721], [-315.025482178, 145.152130127, 148.050704956, 88.8113632202, 235.56427002, 33.0316963196, 224.247741699, -5.35443496704, 83.916229248, 36.768196106, 41.9051551819, 33.7907104492, 8.78840446472], [215.708786011, -290.190917969, -12.8651247025, -120.64617157, -38.8343963623, 106.166374207, -5.35443496704, 258.864440918, 5.48264122009, 135.701416016, -1.77445137501, 53.7797431946, -44.8681602478], [-397.511352539, -8.41986083984, -221.193511963, -5.32059288025, 42.9860916138, -5.41745662689, 83.916229248, 5.48264122009, 213.031417847, 36.6594467163, 143.221359253, -16.032907486, 58.7810668945], [-110.94745636, -202.027175903, -22.3721218109, -117.651351929, 34.5471420288, 18.684425354, 36.768196106, 135.701416016, 36.6594467163, 197.644866943, 14.780128479, 84.7607498169, -48.3815574646], [-360.001281738, 18.6262226105, -198.826019287, 6.15443229675, 3.32345890999, 1.94640088081, 41.9051551819, -1.77445137501, 143.221359253, 14.780128479, 171.067993164, -28.4724884033, 73.6085205078], [43.6726303101, -102.626609802, 97.1370544434, -66.4023513794, 68.2232131958, 15.0153169632, 33.7907104492, 53.7797431946, -16.032907486, 84.7607498169, -28.4724884033, 122.636871338, -45.7623786926], [-136.452423096, 134.500946045, -118.695587158, 69.9211273193, -10.3762540817, -4.80683326721, 8.78840446472, -44.8681602478, 58.7810668945, -48.3815574646, 73.6085205078, -45.7623786926, 105.279029846]],
        "icov": [[0.000451751460787, -0.000364314531907, 0.00011908927263, -6.36941404082e-05, 0.000507140357513, -0.000856728351209, 0.00027882118593, -0.00035139155807, 4.01595161748e-06, 0.000350185844582, 0.000730873493012, -0.000597120902967, 0.000453479093267], [-0.000364314531907, 0.00256506190635, 0.000316014076816, -0.00274216360413, -0.000698770047165, 0.00148580071982, -0.000978745054454, 0.00104384135921, 0.00102965929545, -0.000312613032293, -0.000593680480961, 0.000321254803566, -0.00121002085507], [0.00011908927263, 0.000316014076816, 0.00326578319073, -0.00110423075967, -0.00245577446185, -0.001403123606, -0.000328774447553, 8.59332285472e-05, 0.00302673270926, 0.000787423574366, 0.000703357625753, -0.000682515092194, 0.00180741841905], [-6.36941404082e-05, -0.00274216360413, -0.00110423075967, 0.00718953926116, -0.00128184538335, -0.00272509455681, 0.0014434044715, 0.000513206934556, -0.00132264359854, 0.000127015693579, 0.000315275392495, 0.00229191198014, -0.00117901945487], [0.000507140357513, -0.000698770047165, -0.00245577446185, -0.00128184538335, 0.00948950927705, -0.000384188228054, -0.00535281933844, 0.000747490441427, -0.00211955327541, -0.000931112153921, 0.000713556306437, -0.00296052149497, 0.000285536021693], [-0.000856728351209, 0.00148580071982, -0.001403123606, -0.00272509455681, -0.000384188228054, 0.0112203201279, -0.00118982302956, -0.00476161250845, -0.00010009855032, 0.00155079562683, -0.00277069653384, 0.000168181431945, -0.00145736976992], [0.00027882118593, -0.000978745054454, -0.000328774447553, 0.0014434044715, -0.00535281933844, -0.00118982302956, 0.0123761640862, -0.000538023887202, -0.00418491614982, -7.15431960998e-05, 0.000764305819757, -0.000202720300877, 0.00011936971714], [-0.00035139155807, 0.00104384135921, 8.59332285472e-05, 0.000513206934556, 0.000747490441427, -0.00476161250845, -0.000538023887202, 0.0106603503227, 0.000367134140106, -0.00636807084084, 5.38702079211e-05, 0.00122714485042, -0.00022425543284], [4.01595161748e-06, 0.00102965929545, 0.00302673270926, -0.00132264359854, -0.00211955327541, -0.00010009855032, -0.00418491614982, 0.000367134140106, 0.0159296691418, -0.00106528028846, -0.00872463639826, 0.000858700717799, 0.000362622027751], [0.000350185844582, -0.000312613032293, 0.000787423574366, 0.000127015693579, -0.000931112153921, 0.00155079562683, -7.15431960998e-05, -0.00636807084084, -0.00106528028846, 0.0133448578417, -0.00134116120171, -0.00598549610004, 0.00399115402251], [0.000730873493012, -0.000593680480961, 0.000703357625753, 0.000315275392495, 0.000713556306437, -0.00277069653384, 0.000764305819757, 5.38702079211e-05, -0.00872463639826, -0.00134116120171, 0.0182018168271, 0.000279046362266, -0.00615769485012], [-0.000597120902967, 0.000321254803566, -0.000682515092194, 0.00229191198014, -0.00296052149497, 0.000168181431945, -0.000202720300877, 0.00122714485042, 0.000858700717799, -0.00598549610004, 0.000279046362266, 0.015988856554, 0.000304555898765], [0.000453479093267, -0.00121002085507, 0.00180741841905, -0.00117901945487, 0.000285536021693, -0.00145736976992, 0.00011936971714, -0.00022425543284, 0.000362622027751, 0.00399115402251, -0.00615769485012, 0.000304555898765, 0.0203784517944]]
    },
    "spectral_contrast_coeffs": {
        "max": [-0.458323061466, -0.595779418945, -0.606767892838, -0.731667459011, -0.645518660545, -0.437745153904],
        "mean": [-0.756150245667, -0.781439960003, -0.780471146107, -0.828844189644, -0.79844224453, -0.576083958149],
        "min": [-0.977310717106, -0.973228633404, -0.960137784481, -0.964860200882, -0.958741307259, -0.960446417332],
        "stdev": [0.0700978636742, 0.0582559928298, 0.0480467788875, 0.0319774337113, 0.0355603806674, 0.0682231709361]
    },
    "spectral_contrast_valleys": {
        "max": [-4.59208774567, -5.02788162231, -5.76756429672, -6.01447677612, -6.17804765701, -10.3694658279],
        "mean": [-7.15716838837, -6.93221759796, -7.18437862396, -7.28723430634, -7.93058395386, -13.9110641479],
        "min": [-26.9406337738, -27.578748703, -27.4655323029, -27.3684501648, -27.5206375122, -27.2830753326],
        "stdev": [1.76198673248, 1.45936250687, 1.42998707294, 1.38371002674, 1.36578404903, 1.28777694702]
    }
},
"rhythm": {
    "beats_count": 23,
    "beats_loudness": {
        "max": 0.111239828169,
        "mean": 0.0325286909938,
        "min": 0.00113067578059,
        "stdev": 0.033855907619
    },
    "bpm": 108.238708496,
    "bpm_histogram_first_peak_bpm": 108,
    "bpm_histogram_first_peak_weight": 0.25,
    "bpm_histogram_second_peak_bpm": 117,
    "bpm_histogram_second_peak_spread": 0.5,
    "bpm_histogram_second_peak_weight": 0.227272734046,
    "danceability": 0.840587437153,
    "onset_rate": 1.17560708523,
    "beats_loudness_band_ratio": {
        "max": [0.981777667999, 0.413566321135, 0.578167557716, 0.489293783903, 0.305897116661, 0.053315166384],
        "mean": [0.525160431862, 0.0817516818643, 0.171214178205, 0.152803137898, 0.0986720919609, 0.0180208031088],
        "min": [0.000813395250589, 0.0013035350712, 0.00590377813205, 0.00482086464763, 0.00475156772882, 0.00057851645397],
        "stdev": [0.336407214403, 0.110513828695, 0.150002062321, 0.151279717684, 0.097465313971, 0.0154116842896]
    },
    "beats_position": [0.545668900013, 1.09133780003, 1.64861679077, 2.19428563118, 2.75156450272, 3.29723358154, 3.85451245308, 4.41179132462, 4.96907043457, 5.52634906769, 6.08362817764, 6.64090681076, 7.19818592072, 7.70902490616, 8.2198638916, 8.73070240021, 9.24154186249, 9.74077033997, 10.2399997711, 10.7392292023, 11.2384576797, 11.749297142, 12.2485256195],
