{
"metadata": {
    "version": {
        "essentia": "2.1-beta5",
        "essentia_git_sha": "Undefined",
        "extractor": "music 2.0"
    },
    "audio_properties": {
        "analysis": {
            "equal_loudness": 0,
            "length": 35.9909286499,
            "sample_rate": 44100,
            "start_time": 158.987030029,
            "downmix": "mix"
        },
        "bit_rate": 192000,
        "length": 195.001190186,
        "lossless": 0,
        "number_channels": 2,
        "replay_gain": 2.57058906555,
        "sample_rate": 48000,
        "codec": "mp3",
        "md5_encoded": "8678efa37d674d72e492524416df8130"
    },
    "tags": {
        "file_name": "Finland_Something Better_Softengine.mp3",
        "encoding": ["Lavf58.29.100"]
    }
},
"lowlevel": {
    "average_loudness": 0.958258748055,
    "barkbands_crest": {
        "max": 21.8134841919,
        "mean": 8.80344581604,
        "min": 2.85521459579,
        "stdev": 3.13045692444
    },
    "barkbands_flatness_db": {
        "max": 0.301389992237,
        "mean": 0.160755515099,
        "min": 0.0694399178028,
        "stdev": 0.033074259758
    },
    "barkbands_kurtosis": {
        "max": 11.4670734406,
        "mean": -0.122368425131,
        "min": -1.66789853573,
        "stdev": 1.03687691689
    },
    "barkbands_skewness": {
        "max": 3.30753040314,
        "mean": 0.75077277422,
        "min": -0.826436460018,
        "stdev": 0.435934364796
    },
    "barkbands_spread": {
        "max": 68.1606063843,
        "mean": 30.1091213226,
        "min": 6.23631381989,
        "stdev": 10.8709306717
    },
    "dissonance": {
        "max": 0.499988585711,
        "mean": 0.479408681393,
        "min": 0.417204290628,
        "stdev": 0.0155383571982
    },
    "dynamic_complexity": 1.76458466053,
    "erbbands_crest": {
        "max": 25.0752334595,
        "mean": 8.74554538727,
        "min": 3.28645420074,
        "stdev": 3.60118985176
    },
    "erbbands_flatness_db": {
        "max": 0.375032275915,
        "mean": 0.214140981436,
        "min": 0.136797249317,
        "stdev": 0.0421126931906
    },
    "erbbands_kurtosis": {
        "max": 4.22147226334,
        "mean": -0.102581068873,
        "min": -1.49491262436,
        "stdev": 0.843755960464
    },
    "erbbands_skewness": {
        "max": 2.11427545547,
        "mean": 0.106274858117,
        "min": -1.74759864807,
        "stdev": 0.597226381302
    },
    "erbbands_spread": {
        "max": 74.1432418823,
        "mean": 31.0066642761,
        "min": 10.4030809402,
        "stdev": 8.98800754547
    },
    "hfc": {
        "max": 70.8370132446,
        "mean": 31.9017467499,
        "min": 2.00204563141,
        "stdev": 13.9966239929
    },
    "loudness_ebu128": {
        "integrated": -23.9870109558,
        "loudness_range": 3.44002914429,
        "momentary": {
            "max": -22.2844600677,
            "mean": -24.3504390717,
            "min": -31.8685874939,
            "stdev": 2.06773495674
        },
        "short_term": {
            "max": -22.7458152771,
            "mean": -24.0856075287,
            "min": -29.5494594574,
            "stdev": 1.4724572897
        }
    },
    "melbands_crest": {
        "max": 28.9585609436,
        "mean": 13.1564350128,
        "min": 3.64725208282,
        "stdev": 4.69659090042
    },
    "melbands_flatness_db": {
        "max": 0.265752345324,
        "mean": 0.168394193053,
        "min": 0.0559337027371,
        "stdev": 0.0329003296793
    },
    "melbands_kurtosis": {
        "max": 46.6031150818,
        "mean": 3.54862904549,
        "min": -1.23534739017,
        "stdev": 3.40326547623
    },
    "melbands_skewness": {
        "max": 6.41189718246,
        "mean": 1.68112242222,
        "min": -0.237393394113,
        "stdev": 0.73852455616
    },
    "melbands_spread": {
        "max": 100.148239136,
        "mean": 34.1590690613,
        "min": 6.32187414169,
        "stdev": 11.2454614639
    },
    "pitch_salience": {
        "max": 0.839428722858,
        "mean": 0.570582151413,
        "min": 0.291841238737,
        "stdev": 0.0987060293555
    },
    "silence_rate_20dB": {
        "max": 1,
        "mean": 1,
        "min": 1,
        "stdev": 0
    },
    "silence_rate_30dB": {
        "max": 1,
        "mean": 1,
        "min": 1,
        "stdev": 0
    },
    "silence_rate_60dB": {
        "max": 1,
        "mean": 0.0135396514088,
        "min": 0,
        "stdev": 0.115569606423
    },
    "spectral_centroid": {
        "max": 3664.10107422,
        "mean": 1907.6685791,
        "min": 868.895996094,
        "stdev": 360.654052734
    },
    "spectral_complexity": {
        "max": 57,
        "mean": 35.5628623962,
        "min": 3,
        "stdev": 9.35356044769
    },
    "spectral_decrease": {
        "max": -3.52257695235e-10,
        "mean": -8.522385464e-09,
        "min": -2.79922183211e-08,
        "stdev": 4.70805661124e-09
    },
    "spectral_energy": {
        "max": 0.111543223262,
        "mean": 0.0350590236485,
        "min": 0.00153605197556,
        "stdev": 0.0187778901309
    },
    "spectral_energyband_high": {
        "max": 0.00624088710174,
        "mean": 0.00124055077322,
        "min": 3.74564733647e-05,
        "stdev": 0.000862411106937
    },
    "spectral_energyband_low": {
        "max": 0.078119084239,
        "mean": 0.0131846414879,
        "min": 8.92359075522e-09,
        "stdev": 0.0117119792849
    },
    "spectral_energyband_middle_high": {
        "max": 0.0324754342437,
        "mean": 0.0095060383901,
        "min": 0.000811271485873,
        "stdev": 0.00468266755342
    },
    "spectral_energyband_middle_low": {
        "max": 0.0630652159452,
        "mean": 0.0123268617317,
        "min": 0.000364327046555,
        "stdev": 0.00944198481739
    },
    "spectral_entropy": {
        "max": 8.40103816986,
        "mean": 7.81879091263,
        "min": 7.37391662598,
        "stdev": 0.128002822399
    },
    "spectral_flux": {
        "max": 0.261391311884,
        "mean": 0.103563003242,
        "min": 0.0262653678656,
        "stdev": 0.0386129654944
    },
    "spectral_kurtosis": {
        "max": 11.5554800034,
        "mean": 2.04439926147,
        "min": -0.616246938705,
        "stdev": 1.67565155029
    },
    "spectral_rms": {
        "max": 0.0104318102822,
        "mean": 0.00559724541381,
        "min": 0.00122416799422,
        "stdev": 0.00169553805608
    },
    "spectral_rolloff": {
        "max": 7364.35546875,
        "mean": 1992.39428711,
        "min": 150.732421875,
        "stdev": 654.875732422
    },
    "spectral_skewness": {
        "max": 2.50740098953,
        "mean": 0.854735791683,
        "min": 0.226055383682,
        "stdev": 0.24602304399
    },
    "spectral_spread": {
        "max": 16203500,
        "mean": 3199619.5,
        "min": 2131525.25,
        "stdev": 566123
    },
    "spectral_strongpeak": {
        "max": 6.01864624023,
        "mean": 0.978220403194,
        "min": 0.0526856184006,
        "stdev": 1.16377329826
    },
    "zerocrossingrate": {
        "max": 0.16943359375,
        "mean": 0.0683461502194,
        "min": 0.0283203125,
        "stdev": 0.0148461367935
    },
    "barkbands": {
        "max": [0.00694993603975, 0.0497678890824, 0.0348597615957, 0.011942666024, 0.0403825938702, 0.0193487089127, 0.0310780797154, 0.0474405437708, 0.0573915243149, 0.0357364229858, 0.0162254516035, 0.0165100451559, 0.0132306525484, 0.00989028532058, 0.00565845519304, 0.00549433939159, 0.00730717834085, 0.00248419865966, 0.00417549256235, 0.00369774922729, 0.00204116734676, 0.00192158389837, 0.00273965601809, 0.00148171500769, 4.34837056673e-05, 8.50799915497e-06, 9.07089452085e-06],
        "mean": [0.00077323615551, 0.00882104504853, 0.00284650200047, 0.00109288387466, 0.001424432965, 0.00114146817941, 0.0011921558762, 0.0024080183357, 0.00406554434448, 0.00162343517877, 0.00116144283675, 0.000841361703351, 0.000627711764537, 0.000651341571938, 0.00127453519963, 0.000983508653007, 0.00122686370742, 0.000617584795691, 0.000711228582077, 0.000546574883629, 0.000350598042132, 0.000373170129023, 0.000220520116272, 8.31485594972e-05, 7.19599370314e-07, 7.29087057394e-09, 7.62751728445e-09],
        "min": [9.30482468853e-10, 6.61396937218e-10, 2.75368838842e-10, 2.53481990953e-09, 3.71422004264e-07, 1.65766095961e-06, 2.87215516437e-06, 1.28228584799e-05, 2.66850602202e-05, 8.39338099468e-06, 4.4425564738e-06, 9.04812986846e-06, 5.09230903845e-06, 2.85357436951e-05, 7.16760187061e-05, 3.30865223077e-05, 1.92434963537e-05, 3.75238014385e-05, 1.4114498299e-05, 1.23577528939e-05, 1.07104651761e-05, 7.74828185968e-06, 5.13370923727e-06, 7.14453440853e-10, 1.4173655305e-10, 2.04354269617e-10, 2.62911303839e-10],
        "stdev": [0.0012497077696, 0.00928697083145, 0.00353860622272, 0.00111678044777, 0.00296704703942, 0.0016565505648, 0.00259036384523, 0.00432268949226, 0.00616099592298, 0.00341589306481, 0.00211312551983, 0.0011365293758, 0.000895885343198, 0.000548013020307, 0.000886303081643, 0.000728823826648, 0.000876964128111, 0.000362068938557, 0.000436758477008, 0.000451168540167, 0.000248369644396, 0.00029118344537, 0.000237270345679, 0.000134819434606, 2.52202789852e-06, 2.16407372022e-07, 2.30697040138e-07]
    },
    "erbbands": {
        "max": [2.31661915779, 12.7390575409, 38.3087882996, 29.903585434, 85.4969329834, 192.174057007, 246.380004883, 145.092529297, 439.238891602, 687.997009277, 743.857666016, 1636.30273438, 1452.72521973, 510.099182129, 962.430664062, 855.302978516, 575.207885742, 599.427612305, 312.176422119, 426.986480713, 241.299057007, 483.923614502, 137.922653198, 259.424041748, 179.331069946, 212.448242188, 94.1612091064, 122.648529053, 78.4518890381, 76.7800674438, 68.4619445801, 53.9676170349, 14.0144033432, 1.29236793518, 0.0618757084012, 0.0339366532862, 0.0157772470266, 0.0056277140975, 0.00129436946008, 0.000149009065353],
        "mean": [0.302867770195, 1.76488339901, 3.02631282806, 4.46433591843, 3.02395653725, 4.39972877502, 10.8345212936, 7.26956129074, 11.178437233, 33.9123039246, 60.8678016663, 89.0162963867, 87.6648635864, 34.1251602173, 47.1667366028, 37.0379295349, 30.9334449768, 33.6018409729, 42.7468414307, 80.1251296997, 56.3328933716, 64.8544158936, 37.0608177185, 31.0910072327, 39.1513328552, 26.0943603516, 14.2851552963, 14.3437108994, 13.427942276, 10.0081281662, 5.56570339203, 2.85957932472, 0.768142044544, 0.0531946383417, 0.00188862392679, 0.000225499170483, 6.2367245846e-05, 1.97684676095e-05, 2.37418771576e-05, 4.35519577877e-05],
        "min": [7.00392561725e-08, 2.31591897659e-07, 1.66663141954e-06, 1.19535034173e-05, 0.000124259837321, 0.00190823536832, 0.00457866257057, 0.0191685855389, 0.0388374514878, 0.222573891282, 0.633832037449, 1.87049162388, 1.008669734, 1.42331838608, 0.432573318481, 1.38380289078, 1.13387644291, 2.80242323875, 2.62155890465, 2.40298056602, 1.63677990437, 1.30930602551, 2.15194416046, 1.39201676846, 0.80754005909, 0.703715741634, 0.531144201756, 0.374177515507, 0.214961156249, 0.331941604614, 0.114229276776, 0.0203846022487, 0.000880460778717, 8.7708918727e-05, 1.58261136676e-05, 5.3355165619e-06, 2.25138114729e-06, 8.81723337898e-07, 1.13625412723e-06, 2.02957176043e-06],
        "stdev": [0.386963814497, 1.94964826107, 3.85533189774, 4.17409801483, 7.0341758728, 9.53708076477, 21.5762310028, 9.5925989151, 20.5714435577, 70.6842269897, 99.6551208496, 136.88482666, 159.755935669, 40.5543479919, 79.2278900146, 50.3100509644, 41.9976806641, 30.8344364166, 26.5436611176, 60.3934516907, 36.1263313293, 44.0056152344, 20.6903781891, 18.5363807678, 24.6404590607, 22.5049819946, 10.2859706879, 10.7707424164, 10.5774478912, 8.80332946777, 6.27926540375, 4.46033191681, 1.21069800854, 0.0964019522071, 0.003437214531, 0.000891109579243, 0.00040220527444, 0.000143178462167, 3.4200886148e-05, 2.23284187086e-05]
    },
    "gfcc": {
        "mean": [3.34360051155, 125.56072998, -191.541137695, 64.1286087036, -69.7543640137, 13.1055030823, -10.8586883545, -7.43600225449, 17.5894603729, -23.3405990601, 3.37893843651, -15.7740402222, 0.74897056818],
        "cov": [[3217.72802734, 714.210266113, 1685.86328125, 1445.31835938, 506.2315979, 602.818481445, -121.425918579, 405.255645752, 80.7942810059, 118.420928955, 140.437759399, -88.8623199463, 159.731307983], [714.210266113, 609.836853027, 472.083312988, 344.173339844, 286.478393555, 113.533660889, 144.044433594, 77.0501480103, 103.893539429, 90.6492614746, 104.826660156, 82.5331115723, 85.119468689], [1685.86328125, 472.083312988, 1050.49780273, 877.880310059, 353.740234375, 339.879150391, -88.5741348267, 236.053466797, 78.7781906128, 90.119758606, 97.1873474121, -28.1715774536, 108.891716003], [1445.31835938, 344.173339844, 877.880310059, 826.522583008, 327.916137695, 295.492858887, -106.492919922, 183.015548706, 44.6295547485, 67.9560699463, 80.3451690674, -37.8603744507, 91.8446044922], [506.2315979, 286.478393555, 353.740234375, 327.916137695, 255.329833984, 144.75718689, 53.6964263916, 81.4034194946, 57.2288513184, 55.5586585999, 63.1992759705, 34.5331115723, 61.5614471436], [602.818481445, 113.533660889, 339.879150391, 295.492858887, 144.75718689, 213.321350098, 22.9675369263, 115.22719574, 20.1666526794, 24.0498924255, 32.6971702576, -10.9733343124, 44.1268501282], [-121.425918579, 144.044433594, -88.5741348267, -106.492919922, 53.6964263916, 22.9675369263, 201.350784302, 16.7380237579, 38.1675949097, 19.5298252106, 16.6044635773, 53.7599449158, 13.2889966965], [405.255645752, 77.0501480103, 236.053466797, 183.015548706, 81.4034194946, 115.22719574, 16.7380237579, 136.012008667, 55.5685653687, 17.1084365845, 12.0326881409, -27.2201461792, 22.2848129272], [80.7942810059, 103.893539429, 78.7781906128, 44.6295547485, 57.2288513184, 20.1666526794, 38.1675949097, 55.5685653687, 89.0621948242, 44.2678337097, 23.5364341736, 15.5272960663, 5.41394329071], [118.420928955, 90.6492614746, 90.119758606, 67.9560699463, 55.5586585999, 24.0498924255, 19.5298252106, 17.1084365845, 44.2678337097, 66.7946548462, 51.6453285217, 29.5378360748, 9.40996551514], [140.437759399, 104.826660156, 97.1873474121, 80.3451690674, 63.1992759705, 32.6971702576, 16.6044635773, 12.0326881409, 23.5364341736, 51.6453285217, 74.6188201904, 46.3467750549, 17.8836345673], [-88.8623199463, 82.5331115723, -28.1715774536, -37.8603744507, 34.5331115723, -10.9733343124, 53.7599449158, -27.2201461792, 15.5272960663, 29.5378360748, 46.3467750549, 84.0080566406, 28.6650714874], [159.731307983, 85.119468689, 108.891716003, 91.8446044922, 61.5614471436, 44.1268501282, 13.2889966965, 22.2848129272, 5.41394329071, 9.40996551514, 17.8836345673, 28.6650714874, 68.9083099365]],
        "icov": [[0.00329394591972, -0.00291998265311, -0.00084340525791, -0.00410940591246, 0.00504763191566, -0.00304598896764, 0.00030883171712, -0.00296075176448, 0.00302868848667, -0.00198173429817, 0.00126821408048, -0.000297726539429, 0.000947908614762], [-0.00291998265311, 0.0190013386309, -0.015934182331, 0.0108158476651, -0.0132342241704, 0.013729352504, -0.0155441556126, 0.0170273669064, -0.0134841790423, 0.0142680108547, -0.0157774239779, 0.00863213185221, -0.00580177363008], [-0.00084340525791, -0.015934182331, 0.0282956045121, -0.0171964522451, 0.0094566680491, -0.0114569719881, 0.0157333593816, -0.0184603109956, 0.00928273331374, -0.0149955134839, 0.0157102104276, -0.0112709356472, 0.00359822087921], [-0.00410940591246, 0.0108158476651, -0.0171964522451, 0.0261545553803, -0.0190507359803, 0.0064184917137, -0.00193701521493, 0.0117613906041, -0.00521237496287, 0.00802161823958, -0.0105972420424, 0.0101964240894, -0.00421815691516], [0.00504763191566, -0.0132342241704, 0.0094566680491, -0.0190507359803, 0.029393626377, -0.0132457390428, 0.00227660103701, -0.00727033987641, 0.00246637198143, -0.00692087970674, 0.00689979176968, -0.00688815955073, 0.00105577311479], [-0.00304598896764, 0.013729352504, -0.0114569719881, 0.0064184917137, -0.0132457390428, 0.0273517910391, -0.0138827171177, 0.00063923135167, 0.000139581621625, 0.0070761423558, -0.0104581443593, 0.00504293944687, -0.00392083032057], [0.00030883171712, -0.0155441556126, 0.0157333593816, -0.00193701521493, 0.00227660103701, -0.0138827171177, 0.0256935022771, -0.0175128169358, 0.0109904101118, -0.0143376179039, 0.0175784956664, -0.0135840857401, 0.00595236057416], [-0.00296075176448, 0.0170273669064, -0.0184603109956, 0.0117613906041, -0.00727033987641, 0.00063923135167, -0.0175128169358, 0.0485905595124, -0.0355521850288, 0.0274384561926, -0.0248599443585, 0.0237733814865, -0.0113167250529], [0.00302868848667, -0.0134841790423, 0.00928273331374, -0.00521237496287, 0.00246637198143, 0.000139581621625, 0.0109904101118, -0.0355521850288, 0.0479447357357, -0.0362303629518, 0.0252725314349, -0.0158900152892, 0.0102312080562], [-0.00198173429817, 0.0142680108547, -0.0149955134839, 0.00802161823958, -0.00692087970674, 0.0070761423558, -0.0143376179039, 0.0274384561926, -0.0362303629518, 0.0647545605898, -0.0453965701163, 0.0149601604789, -0.00492074200884], [0.00126821408048, -0.0157774239779, 0.0157102104276, -0.0105972420424, 0.00689979176968, -0.0104581443593, 0.0175784956664, -0.0248599443585, 0.0252725314349, -0.0453965701163, 0.0652218833566, -0.035300757736, 0.0130021022633], [-0.000297726539429, 0.00863213185221, -0.0112709356472, 0.0101964240894, -0.00688815955073, 0.00504293944687, -0.0135840857401, 0.0237733814865, -0.0158900152892, 0.0149601604789, -0.035300757736, 0.0475510209799, -0.0193100981414], [0.000947908614762, -0.00580177363008, 0.00359822087921, -0.00421815691516, 0.00105577311479, -0.00392083032057, 0.00595236057416, -0.0113167250529, 0.0102312080562, -0.00492074200884, 0.0130021022633, -0.0193100981414, 0.0280235316604]]
    },
    "melbands": {
        "max": [0.0163551103324, 0.0181734021753, 0.00533933518454, 0.00682201329619, 0.00733274780214, 0.00306951534003, 0.00690277852118, 0.00762907648459, 0.0058990358375, 0.00910345371813, 0.00715111941099, 0.00215905928053, 0.00248001073487, 0.00196972093545, 0.00149746483658, 0.00079223967623, 0.00101636338513, 0.000492660852615, 0.000421438220656, 0.00054579594871, 0.000293829827569, 0.000666401640046, 0.000174833796336, 0.000133838271722, 0.000259230815573, 0.000153175220476, 0.000165593693964, 0.000151235013618, 6.01241772529e-05, 4.80180788145e-05, 7.03079203959e-05, 4.41144875367e-05, 4.9993795983e-05, 4.98824228998e-05, 4.60948394903e-05, 3.89564083889e-05, 2.96525704471e-05, 1.31562719616e-05, 2.89857894131e-06, 5.79692994052e-07],
        "mean": [0.00260999263264, 0.00185526593123, 0.000702134333551, 0.000249259755947, 0.000343947845977, 0.000177549562068, 0.000188817968592, 0.000389335647924, 0.000522602233104, 0.000576046819333, 0.000424871221185, 0.000123537349282, 0.000171861916897, 0.000101214747701, 7.89329278632e-05, 6.07509718975e-05, 6.20571881882e-05, 6.18183257757e-05, 9.06088971533e-05, 9.79402248049e-05, 6.27445842838e-05, 7.48465026845e-05, 4.08217892982e-05, 2.93807806884e-05, 2.35313909798e-05, 2.96706493828e-05, 2.5319357519e-05, 1.51744834511e-05, 8.66546270117e-06, 8.08160984889e-06, 8.35114042275e-06, 7.69905545894e-06, 6.98542271493e-06, 5.0890989769e-06, 3.42570319845e-06, 2.34265007748e-06, 1.49521088133e-06, 6.29249939266e-07, 1.43316412959e-07, 3.3584366399e-09],
        "min": [3.20456411407e-10, 6.7774130752e-10, 2.72248579236e-09, 5.29613615186e-08, 9.61715471703e-08, 4.27317615959e-07, 3.37601363753e-07, 1.66879135577e-06, 4.48061018687e-06, 6.70038480166e-06, 2.37074641518e-06, 3.41346412824e-06, 8.09645371191e-07, 1.1623261571e-06, 2.70704003924e-06, 6.98808605648e-07, 2.56537032328e-06, 3.56234659193e-06, 3.81079235012e-06, 3.22237656292e-06, 1.4059271507e-06, 1.26298630221e-06, 1.65136339092e-06, 1.75988066076e-06, 8.1545510966e-07, 5.52846131541e-07, 7.06497871761e-07, 4.21750172563e-07, 3.39824794082e-07, 2.29243852345e-07, 1.97908036625e-07, 1.08349013317e-07, 1.36683837582e-07, 1.56997018053e-07, 7.93313432723e-08, 2.1034850306e-08, 1.52903419093e-11, 1.32594868245e-12, 1.09053846682e-12, 1.14109286256e-12],
        "stdev": [0.00286804116331, 0.00197957409546, 0.000664705177769, 0.000590744311921, 0.00066649960354, 0.000228422635701, 0.000359689205652, 0.000777868612204, 0.000821206427645, 0.000872050703038, 0.00080153363524, 0.000165876466781, 0.000312834628858, 0.000134266752866, 0.000108498687041, 7.24945566617e-05, 5.97146754444e-05, 4.01548604714e-05, 6.1220722273e-05, 7.39792740205e-05, 4.48833161499e-05, 5.65475020267e-05, 2.55712602666e-05, 1.87401547009e-05, 1.57309968927e-05, 1.96573564608e-05, 1.92404822883e-05, 1.52690245159e-05, 6.66602727506e-06, 6.18532476437e-06, 6.67423591949e-06, 6.17611658527e-06, 6.2905910454e-06, 5.00768101119e-06, 3.91385538023e-06, 3.27386396748e-06, 2.55801751337e-06, 1.03999411749e-06, 2.42249626581e-07, 2.39256578993e-08]
    },
    "melbands128": {
        "max": [0.00626938417554, 0.0213366020471, 0.0215384066105, 0.0238107740879, 0.0212052743882, 0.0161077268422, 0.00673763919622, 0.00647755758837, 0.00982729904354, 0.0099858418107, 0.0130251720548, 0.0166269615293, 0.0126497875899, 0.00564685184509, 0.00438564131036, 0.00368494703434, 0.00502410624176, 0.0125906318426, 0.00981807895005, 0.011729452759, 0.0151334702969, 0.0120923221111, 0.0112588787451, 0.0123261343688, 0.0194020904601, 0.0110335852951, 0.0141795556992, 0.013824371621, 0.00515181897208, 0.00315625662915, 0.00283181061968, 0.00325108971447, 0.00501611549407, 0.00710859848186, 0.00430028652772, 0.00225242832676, 0.00458747241646, 0.00160684145521, 0.00332631589845, 0.0021389387548, 0.000699038209859, 0.00313136563636, 0.00165632576682, 0.000718029215932, 0.000565172755159, 0.000650123518426, 0.000980452052318, 0.000685916340444, 0.000750538834836, 0.00142962380778, 0.000741703843232, 0.000508441182319, 0.000532270292751, 0.000465874414658, 0.000990935717709, 0.00149714096915, 0.000382065889426, 0.000330160779413, 0.000244070557528, 0.000199980320758, 0.000255674385699, 0.000140368763823, 0.000174312110175, 0.000588964961935, 0.00022593702306, 0.000194743348402, 0.000270288437605, 0.000272353325272, 0.000318225560477, 0.000186454431969, 0.000283806381049, 0.00011574774544, 8.59831852722e-05, 6.72579189995e-05, 0.000106356485048, 6.54039540677e-05, 7.48175589251e-05, 0.000187949073734, 7.07258077455e-05, 7.42733609513e-05, 5.79660154472e-05, 7.29473904357e-05, 9.22018225538e-05, 6.9541601988e-05, 6.58532808302e-05, 5.17108892382e-05, 7.79674301157e-05, 7.24190540495e-05, 4.82233735966e-05, 4.69311453344e-05, 5.68710711377e-05, 4.29483734479e-05, 7.13370754966e-05, 4.08064879593e-05, 2.17468441406e-05, 2.01557704713e-05, 1.19528131108e-05, 6.17274463366e-06, 4.01911711378e-06, 1.79285473223e-06, 1.31285298721e-06, 1.42132194014e-07, 7.48533182104e-08, 7.20987856084e-08, 6.90050399044e-08, 6.6002783683e-08, 6.32809573631e-08, 6.07604420111e-08, 5.83198840332e-08, 5.59932793465e-08, 5.38908260239e-08, 5.18631466662e-08, 4.99078538496e-08, 4.82740922791e-08, 4.65990517284e-08, 4.51498500809e-08, 4.36481748523e-08, 4.23733688137e-08, 4.12943848005e-08, 4.01695139374e-08, 3.91031811375e-08, 3.82872507032e-08, 3.76060356189e-08, 3.69941375311e-08, 3.6426268224e-08, 3.59930787397e-08, 3.56186049544e-08, 3.5445069102e-08],
        "mean": [0.00071917445166, 0.00247509987094, 0.00350068346597, 0.00273418147117, 0.00156136113219, 0.00150636211038, 0.00101578235626, 0.000401048688218, 0.000282267486909, 0.000236960899201, 0.000205950607779, 0.000349602138158, 0.000465827179141, 0.000236051477259, 0.000119554977573, 0.000187134224689, 0.000170229468495, 0.000138821400469, 0.000249869684922, 0.000461804535007, 0.000362873281119, 0.000458941329271, 0.000582796346862, 0.000490305246785, 0.000643311417662, 0.000496319553349, 0.000727040751372, 0.000450182618806, 0.000158603055752, 0.000113589820103, 9.5868963399e-05, 0.000159537725267, 0.000242667636485, 0.000119922326121, 8.82931781234e-05, 0.000104520979221, 0.000114416950964, 5.59339168831e-05, 8.31189099699e-05, 6.86747953296e-05, 4.39219256805e-05, 6.90329470672e-05, 6.36491022306e-05, 6.1216254835e-05, 5.00310707139e-05, 5.75749290874e-05, 8.57658305904e-05, 5.72415956412e-05, 0.000102996229543, 0.000159949064255, 8.58553103171e-05, 5.61514716537e-05, 5.2180228522e-05, 6.14409727859e-05, 9.51063775574e-05, 7.88363031461e-05, 5.9076857724e-05, 4.63938849862e-05, 3.50974005414e-05, 2.74783869827e-05, 3.26832341671e-05, 2.67783234449e-05, 2.24855502893e-05, 2.23151982937e-05, 2.54862352449e-05, 3.18150487146e-05, 3.02033331536e-05, 2.96672496916e-05, 2.35077077377e-05, 2.08153087442e-05, 1.74683227669e-05, 1.10857517939e-05, 7.92432911112e-06, 9.45792089624e-06, 7.52348569222e-06, 7.98839027993e-06, 8.30029603094e-06, 8.51674758451e-06, 8.37058178149e-06, 8.20907098387e-06, 7.99459030532e-06, 7.0250821409e-06, 7.67839264881e-06, 7.61353066991e-06, 5.92379456066e-06, 5.00487567479e-06, 5.00875830767e-06, 4.86552607981e-06, 3.13386954076e-06, 2.53960774899e-06, 2.73001182904e-06, 2.14438568946e-06, 2.00528506866e-06, 1.59814283052e-06, 1.1322526916e-06, 8.57893780903e-07, 5.09137578319e-07, 3.22239628758e-07, 1.69305067743e-07, 3.01629619059e-08, 4.43571979147e-09, 6.19507112276e-10, 6.75943745421e-11, 6.05700420375e-11, 5.78447428845e-11, 5.65182241286e-11, 5.80813036555e-11, 5.75793683566e-11, 4.97780844322e-11, 4.68282947141e-11, 4.51257989309e-11, 4.34896008095e-11, 4.18456172491e-11, 4.04396759135e-11, 3.91012534851e-11, 3.79519991822e-11, 3.67502486776e-11, 3.5742474952e-11, 3.48820555773e-11, 3.39365965885e-11, 3.30282814986e-11, 3.2355992885e-11, 3.18213580486e-11, 3.12676932956e-11, 3.0397989681e-11, 2.9312673816e-11, 2.86292448082e-11, 2.84271443191e-11],
        "min": [2.24388146952e-11, 2.86919155101e-10, 1.57154206315e-10, 3.34793234802e-11, 7.27576887627e-11, 1.16062354172e-10, 8.97025731472e-10, 1.32030919531e-09, 4.3662744531e-09, 1.89256006422e-08, 3.54120359702e-08, 4.51570514315e-08, 1.14468363677e-08, 4.99165082601e-08, 1.18530408599e-07, 1.01985889955e-07, 7.49419228896e-08, 1.09886485689e-07, 3.0626033265e-08, 2.39868057861e-07, 9.40522738802e-07, 7.05856223249e-07, 2.00471345124e-06, 2.56458497461e-06, 8.5524197857e-07, 2.5134858106e-07, 5.24086715359e-07, 6.28397799574e-07, 3.15176407639e-07, 5.35595688689e-07, 5.01600027292e-07, 5.83567839385e-07, 2.87177385871e-07, 3.27999003957e-07, 2.67553645017e-07, 1.47325920352e-07, 6.25309098723e-07, 3.41280156135e-07, 2.32355361618e-08, 7.52038005203e-08, 2.17663895796e-07, 6.49833111765e-08, 2.14286203004e-07, 5.18169201769e-07, 8.8603809445e-07, 1.32767422656e-06, 2.33067839872e-06, 1.01175055534e-06, 1.96053974832e-06, 4.54731917898e-07, 8.74707552612e-07, 1.30880124516e-07, 6.21025378678e-07, 7.27061603811e-07, 1.0664000456e-06, 1.10130974917e-06, 8.88122599463e-07, 4.06591595947e-07, 1.26685574742e-06, 8.9481818577e-07, 5.01763906868e-07, 6.48651962365e-07, 6.70978522521e-07, 6.06575667916e-07, 4.34977465602e-07, 2.25656023645e-07, 2.01391699761e-07, 3.15135281426e-07, 2.80162993249e-07, 2.07669927477e-07, 3.02662698459e-07, 1.85873844316e-07, 1.80144411388e-07, 2.04574234886e-07, 1.23551131992e-07, 1.51787887148e-07, 2.21260165745e-07, 2.4003696808e-07, 1.72595463255e-07, 1.4337693699e-07, 5.07886355194e-08, 7.37939203077e-08, 6.38378949702e-08, 6.29454390833e-08, 8.45300220931e-08, 7.95774042217e-08, 9.97147466819e-08, 4.87804285854e-08, 3.41363382006e-08, 1.17675931222e-08, 2.57250487579e-08, 5.71063285548e-09, 1.85565226379e-11, 2.00289502865e-12, 1.00955409397e-12, 1.35338636999e-12, 8.13008839938e-13, 7.57954300452e-13, 6.18168927505e-13, 7.19734981249e-13, 8.88021644066e-13, 8.00182945078e-13, 6.34112933603e-13, 7.60397712678e-13, 6.6722929265e-13, 6.29218736576e-13, 4.97939905454e-13, 7.45311798389e-13, 8.2107443674e-13, 5.63201015772e-13, 5.95410548122e-13, 7.61523981894e-13, 7.83394779168e-13, 7.72006427969e-13, 8.49525853309e-13, 7.69402608031e-13, 5.97007090031e-13, 8.91807678052e-13, 7.50822472771e-13, 8.70854712128e-13, 7.04726750046e-13, 6.65271874048e-13, 8.91032690339e-13, 9.46380994404e-13, 7.08848940916e-13, 2.31152716326e-13, 3.30885492617e-14, 8.8723810725e-16],
        "stdev": [0.00117815821432, 0.00372059107758, 0.00400610268116, 0.00332638481632, 0.00235808081925, 0.00175335572567, 0.000991584267467, 0.000518180022482, 0.000830098462757, 0.000752998283133, 0.000527744181454, 0.000812816258986, 0.00102139264345, 0.000461196992546, 0.000235122846789, 0.000251256948104, 0.000278440536931, 0.000475939974422, 0.000712152686901, 0.00116525485646, 0.000991653534584, 0.00104653625749, 0.0012758767698, 0.0010191174224, 0.00152171624359, 0.00105734099634, 0.00165444868617, 0.00123108609114, 0.000393159803934, 0.000218706874875, 0.000197252360522, 0.000358460354619, 0.000544062000699, 0.000314882112434, 0.000172649539309, 0.000169747887412, 0.00024061887234, 0.000114141148515, 0.000184516204172, 0.000126773185912, 6.96720235283e-05, 0.000116113602417, 9.61418409133e-05, 6.31296934444e-05, 4.63111391582e-05, 4.88293662784e-05, 8.96548008313e-05, 6.10260394751e-05, 9.26402863115e-05, 0.000163117656484, 9.42904589465e-05, 5.50785262021e-05, 5.1417384384e-05, 5.39515385753e-05, 0.000106901585241, 8.78956707311e-05, 5.07311633555e-05, 4.07400802942e-05, 2.93224584311e-05, 2.27009968512e-05, 2.7858897738e-05, 2.04157822736e-05, 1.86787019629e-05, 2.30781279242e-05, 2.1495294277e-05, 2.76229475276e-05, 2.69267657131e-05, 2.72346569545e-05, 2.41805173573e-05, 2.22111848416e-05, 2.32708953263e-05, 1.24748730741e-05, 7.47802141632e-06, 8.6560339696e-06, 7.17366447134e-06, 7.58592568673e-06, 7.63742809795e-06, 8.93537071534e-06, 7.91294132796e-06, 8.2031601778e-06, 7.41525491321e-06, 7.05576803739e-06, 8.56073529576e-06, 7.91239654063e-06, 6.29454416412e-06, 5.28318787474e-06, 6.53431061437e-06, 5.53681638849e-06, 4.05604896514e-06, 3.52742927134e-06, 3.85240127798e-06, 3.32656077262e-06, 3.77199035029e-06, 3.04871605294e-06, 1.97697340809e-06, 1.56755163516e-06, 8.88872250471e-07, 5.36969594123e-07, 3.01802060676e-07, 1.03682737063e-07, 5.07013737661e-08, 6.34804742106e-09, 1.90509186204e-09, 1.83422788069e-09, 1.75543912739e-09, 1.67908620341e-09, 1.61015634159e-09, 1.54741253144e-09, 1.48349721396e-09, 1.42424161353e-09, 1.37071809458e-09, 1.31910005141e-09, 1.26939592171e-09, 1.22779963974e-09, 1.18523024728e-09, 1.14835274623e-09, 1.11016551507e-09, 1.07772413216e-09, 1.05024833275e-09, 1.02160080395e-09, 9.94515025887e-10, 9.73736202781e-10, 9.56373202854e-10, 9.40804434357e-10, 9.26381249489e-10, 9.15414799518e-10, 9.05910291227e-10, 9.01488494964e-10]
    },
    "mfcc": {
        "mean": [-601.32635498, 118.375747681, -47.6019096375, 40.5556945801, -22.9616508484, 23.9276695251, -23.3263034821, 27.9749450684, -5.71360731125, 23.1990566254, -8.1743927002, 9.92723369598, -7.11519765854],
        "cov": [[2645.45654297, 6.77288198471, 1450.07470703, 817.07421875, 981.315185547, 267.738189697, 351.306488037, 138.087738037, 242.5887146, 172.678588867, -17.8204517365, 252.784378052, 171.168029785], [6.77288198471, 533.883728027, -34.9554634094, 158.623397827, -46.8647994995, 132.816879272, 49.3090744019, 76.8701858521, 28.2989749908, 27.2844047546, 64.5057449341, 31.6307907104, 76.7267227173], [1450.07470703, -34.9554634094, 963.567810059, 504.664916992, 666.215698242, 135.084014893, 190.314697266, 59.7131195068, 151.624847412, 104.196525574, -8.0604724884, 145.938232422, 99.2948608398], [817.07421875, 158.623397827, 504.664916992, 454.620727539, 398.318786621, 159.291748047, 111.994232178, 54.5733375549, 72.919670105, 72.3763275146, -3.5651717186, 93.7390136719, 88.029083252], [981.315185547, -46.8647994995, 666.215698242, 398.318786621, 583.324584961, 114.127571106, 145.773513794, 38.2729454041, 117.602043152, 77.0146331787, -7.70547485352, 105.574043274, 83.4665679932], [267.738189697, 132.816879272, 135.084014893, 159.291748047, 114.127571106, 147.372268677, 85.5274276733, 50.3019752502, 25.7478752136, 26.9410858154, 7.87589550018, 41.6095542908, 49.0836105347], [351.306488037, 49.3090744019, 190.314697266, 111.994232178, 145.773513794, 85.5274276733, 144.441940308, 56.6794052124, 64.702583313, 25.7047119141, 5.44783973694, 33.9616622925, 42.9385147095], [138.087738037, 76.8701858521, 59.7131195068, 54.5733375549, 38.2729454041, 50.3019752502, 56.6794052124, 93.1772384644, 53.0501327515, 39.7939224243, 14.1916618347, 25.3528938293, 15.0244970322], [242.5887146, 28.2989749908, 151.624847412, 72.919670105, 117.602043152, 25.7478752136, 64.702583313, 53.0501327515, 110.892127991, 48.3229026794, 25.1772766113, 18.0765953064, 16.2053165436], [172.678588867, 27.2844047546, 104.196525574, 72.3763275146, 77.0146331787, 26.9410858154, 25.7047119141, 39.7939224243, 48.3229026794, 77.5659713745, 23.359172821, 31.8351593018, 3.95133185387], [-17.8204517365, 64.5057449341, -8.0604724884, -3.5651717186, -7.70547485352, 7.87589550018, 5.44783973694, 14.1916618347, 25.1772766113, 23.359172821, 74.5401382446, 21.2053775787, 21.7197055817], [252.784378052, 31.6307907104, 145.938232422, 93.7390136719, 105.574043274, 41.6095542908, 33.9616622925, 25.3528938293, 18.0765953064, 31.8351593018, 21.2053775787, 99.1851730347, 54.5762481689], [171.168029785, 76.7267227173, 99.2948608398, 88.029083252, 83.4665679932, 49.0836105347, 42.9385147095, 15.0244970322, 16.2053165436, 3.95133185387, 21.7197055817, 54.5762481689, 104.917533875]],
        "icov": [[0.0027030822821, 0.000489005935378, -0.00372847053222, -0.0012982118642, 0.00137848884333, -0.000263125664787, -0.0015426359605, -0.000294994359137, -0.000378682161681, -3.00134342979e-05, 0.000537910731509, -0.001185139874, 0.00011511696357], [0.000489005935378, 0.00453025149181, -4.54062828794e-05, -0.00400520814583, 0.0030140269082, -0.00177930248901, -0.000205483578611, -0.00147581798956, -0.0011471650796, 0.00102539977524, -0.00283329724334, 0.00045062112622, -0.00148655567318], [-0.00372847053222, -4.54062828794e-05, 0.0113928643987, -0.00138791522477, -0.00609033601359, 0.00253470544703, -0.000235656829318, 0.00100652652327, -0.0008495717193, 2.56495914073e-05, -0.000459465809399, -0.000884669483639, 0.000795421598013], [-0.0012982118642, -0.00400520814583, -0.00138791522477, 0.0136699071154, -0.00598466768861, -0.0055036121048, 0.00444293906912, 0.000242233858444, 0.00231449422427, -0.00335571635514, 0.00349857565016, 0.00144554546569, -0.00133344216738], [0.00137848884333, 0.0030140269082, -0.00609033601359, -0.00598466768861, 0.0124255334958, -0.000845931936055, -0.00225251237862, 0.00232541374862, -0.00397337647155, 0.000188181642443, -0.000133111971081, -0.00111370021477, -0.00135478388984], [-0.000263125664787, -0.00177930248901, 0.00253470544703, -0.0055036121048, -0.000845931936055, 0.018989386037, -0.00863934494555, -0.0032752067782, 0.00494943419471, -0.000871506344993, -0.000372172828065, -0.000843199843075, -0.000472747895401], [-0.0015426359605, -0.000205483578611, -0.000235656829318, 0.00444293906912, -0.00225251237862, -0.00863934494555, 0.0188000779599, -0.00457277428359, -0.00515121314675, 0.00320900953375, 0.00110209989361, 0.00203164597042, -0.0026534749195], [-0.000294994359137, -0.00147581798956, 0.00100652652327, 0.000242233858444, 0.00232541374862, -0.0032752067782, -0.00457277428359, 0.0227401386946, -0.00808112509549, -0.00612222729251, 0.00323387468234, -0.00395110435784, 0.00156657502521], [-0.000378682161681, -0.0011471650796, -0.0008495717193, 0.00231449422427, -0.00397337647155, 0.00494943419471, -0.00515121314675, -0.00808112509549, 0.023059271276, -0.00692560803145, -0.00515469536185, 0.00601031910628, -0.000930440670345], [-3.00134342979e-05, 0.00102539977524, 2.56495914073e-05, -0.00335571635514, 0.000188181642443, -0.000871506344993, 0.00320900953375, -0.00612222729251, -0.00692560803145, 0.0260461755097, -0.00601839600131, -0.00571999605745, 0.00622190488502], [0.000537910731509, -0.00283329724334, -0.000459465809399, 0.00349857565016, -0.000133111971081, -0.000372172828065, 0.00110209989361, 0.00323387468234, -0.00515469536185, -0.00601839600131, 0.0211213361472, -0.00383555144072, -0.00329472334124], [-0.001185139874, 0.00045062112622, -0.000884669483639, 0.00144554546569, -0.00111370021477, -0.000843199843075, 0.00203164597042, -0.00395110435784, 0.00601031910628, -0.00571999605745, -0.00383555144072, 0.0210564881563, -0.00862893555313], [0.00011511696357, -0.00148655567318, 0.000795421598013, -0.00133344216738, -0.00135478388984, -0.000472747895401, -0.0026534749195, 0.00156657502521, -0.000930440670345, 0.00622190488502, -0.00329472334124, -0.00862893555313, 0.0180372688919]]
    },
    "spectral_contrast_coeffs": {
        "max": [-0.337236911058, -0.465239584446, -0.511983752251, -0.624611437321, -0.711365699768, -0.376137971878],
        "mean": [-0.734376728535, -0.742919504642, -0.747256457806, -0.782619059086, -0.786039710045, -0.594393372536],
        "min": [-0.874390542507, -0.905402064323, -0.888819336891, -0.88935393095, -0.851497292519, -0.865260064602],
        "stdev": [0.0635159611702, 0.0717997848988, 0.0719037279487, 0.0432910919189, 0.0234142020345, 0.0516418553889]
    },
    "spectral_contrast_valleys": {
        "max": [-5.18494415283, -4.84743261337, -5.3194770813, -5.88980388641, -5.69529485703, -8.90327835083],
        "mean": [-6.87729930878, -6.41701745987, -6.79529523849, -6.73814201355, -6.64347219467, -11.3545808792],
        "min": [-13.6234111786, -8.37978172302, -8.22666931152, -7.84236812592, -8.00796890259, -15.4677152634],
        "stdev": [1.45028150082, 0.509303689003, 0.455730497837, 0.297886073589, 0.421478062868, 1.28939330578]
    }
},
"rhythm": {
    "beats_count": 82,
    "beats_loudness": {
        "max": 0.0869548171759,
        "mean": 0.0377019532025,
        "min": 0.00393247185275,
        "stdev": 0.0174285490066
    },
    "bpm": 145.416671753,
    "bpm_histogram_first_peak_bpm": 144,
    "bpm_histogram_first_peak_weight": 0.484375,
    "bpm_histogram_second_peak_bpm": 105,
    "bpm_histogram_second_peak_spread": 0.300000011921,
    "bpm_histogram_second_peak_weight": 0.0864197537303,
    "danceability": 0.979538023472,
    "onset_rate": 1.27768754959,
    "beats_loudness_band_ratio": {
        "max": [0.693771660328, 0.454456120729, 0.590162038803, 0.556738376617, 0.377478539944, 0.203432559967],
        "mean": [0.389961570501, 0.0871870815754, 0.222102954984, 0.129862383008, 0.140490457416, 0.0673096701503],
        "min": [4.84665542899e-05, 0.00260786479339, 0.0310757420957, 0.01567716524, 0.052741535008, 0.0122247803956],
        "stdev": [0.190587997437, 0.0978463813663, 0.13209104538, 0.111196160316, 0.0515729859471, 0.0357032828033]
    },
    "beats_position": [0.452789098024, 0.893968224525, 1.3235373497, 1.74149656296, 2.15945577621, 2.57741498947, 2.99537420273, 3.39011335373, 3.80807256699, 4.20281171799, 4.59755086899, 5.01551008224, 5.4334692955, 5.83981847763, 6.24616765976, 6.66412687302, 7.08208608627, 7.50004529953, 7.91800451279, 8.33596324921, 8.75392246246, 9.16027164459, 9.55501079559, 9.96135997772, 10.3677091599, 10.774058342, 11.1920175552, 11.6099767685, 12.0163259506, 12.4226751328, 12.840634346, 13.2469835281, 13.6533327103, 14.0596818924, 14.4660310745, 14.8839902878, 15.2903394699, 15.696688652, 16.114648819, 16.5326080322, 16.9389572144, 17.3453063965, 17.7632656097, 18.181224823, 18.5875740051, 18.9939231873, 19.4118824005, 19.8182315826, 20.2361907959, 20.642539978, 21.0488891602, 21.4668483734, 21.8731975555, 22.2795467377, 22.6858959198, 23.0922451019, 23.4985942841, 23.9165534973, 24.3345127106, 24.7524719238, 25.158821106, 25.5651702881, 25.9831295013, 26.4010887146, 26.7958278656, 27.1905670166, 27.5969161987, 28.0032653809, 28.4212245941, 28.8391838074, 29.2571430206, 29.6751022339, 30.2323799133, 30.7896595001, 31.3469390869, 31.9158267975, 32.4847145081, 33.053604126, 33.6224937439, 34.1913833618, 34.7602729797, 35.329158783],
