{
"metadata": {
    "version": {
        "essentia": "2.1-beta5",
        "essentia_git_sha": "Undefined",
        "extractor": "music 2.0"
    },
    "audio_properties": {
        "analysis": {
            "equal_loudness": 0,
            "length": 48.7502937317,
            "sample_rate": 44100,
            "start_time": 77.7404098511,
            "downmix": "mix"
        },
        "bit_rate": 192000,
        "length": 204.010543823,
        "lossless": 0,
        "number_channels": 2,
        "replay_gain": 1.12435340881,
        "sample_rate": 48000,
        "codec": "mp3",
        "md5_encoded": "9aee45a9cc5436b5417732e496b253ed"
    },
    "tags": {
        "file_name": "North MacedoniaNorth MacedoniaN_To the Sky_Tijana.mp3",
        "encoding": ["Lavf58.29.100"]
    }
},
"lowlevel": {
    "average_loudness": 0.979983270168,
    "barkbands_crest": {
        "max": 25.4758987427,
        "mean": 13.0865602493,
        "min": 2.77249336243,
        "stdev": 4.72202205658
    },
    "barkbands_flatness_db": {
        "max": 0.341887652874,
        "mean": 0.196225598454,
        "min": 0.0955102220178,
        "stdev": 0.0433895327151
    },
    "barkbands_kurtosis": {
        "max": 118.367599487,
        "mean": 7.04361963272,
        "min": -1.6381957531,
        "stdev": 9.81412124634
    },
    "barkbands_skewness": {
        "max": 9.49561977386,
        "mean": 2.11782670021,
        "min": -0.320872217417,
        "stdev": 1.29256284237
    },
    "barkbands_spread": {
        "max": 72.5297775269,
        "mean": 19.8595695496,
        "min": 1.7990809679,
        "stdev": 11.1094493866
    },
    "dissonance": {
        "max": 0.499898374081,
        "mean": 0.461363792419,
        "min": 0.299053758383,
        "stdev": 0.0295061133802
    },
    "dynamic_complexity": 1.53483998775,
    "erbbands_crest": {
        "max": 25.450969696,
        "mean": 9.57277870178,
        "min": 2.7188270092,
        "stdev": 4.49323892593
    },
    "erbbands_flatness_db": {
        "max": 0.30120408535,
        "mean": 0.180474326015,
        "min": 0.11160158366,
        "stdev": 0.0308792162687
    },
    "erbbands_kurtosis": {
        "max": 21.8729343414,
        "mean": 0.667744874954,
        "min": -1.69012284279,
        "stdev": 2.19642543793
    },
    "erbbands_skewness": {
        "max": 3.97845125198,
        "mean": 0.648573160172,
        "min": -2.54896950722,
        "stdev": 0.720151662827
    },
    "erbbands_spread": {
        "max": 121.493988037,
        "mean": 44.5205078125,
        "min": 6.1747469902,
        "stdev": 19.9173755646
    },
    "hfc": {
        "max": 101.324356079,
        "mean": 23.7081661224,
        "min": 0.885675668716,
        "stdev": 11.2411050797
    },
    "loudness_ebu128": {
        "integrated": -22.6943874359,
        "loudness_range": 1.16079711914,
        "momentary": {
            "max": -21.261472702,
            "mean": -22.7583427429,
            "min": -25.503446579,
            "stdev": 0.758463978767
        },
        "short_term": {
            "max": -21.9059391022,
            "mean": -22.7380218506,
            "min": -23.6519527435,
            "stdev": 0.410503655672
        }
    },
    "melbands_crest": {
        "max": 33.8105392456,
        "mean": 17.3909568787,
        "min": 4.99860858917,
        "stdev": 5.90968608856
    },
    "melbands_flatness_db": {
        "max": 0.402558624744,
        "mean": 0.231758594513,
        "min": 0.0856640636921,
        "stdev": 0.0574239455163
    },
    "melbands_kurtosis": {
        "max": 299.09475708,
        "mean": 22.2628078461,
        "min": -0.931069850922,
        "stdev": 29.035577774
    },
    "melbands_skewness": {
        "max": 15.6703624725,
        "mean": 3.36837148666,
        "min": -0.514944493771,
        "stdev": 2.04481887817
    },
    "melbands_spread": {
        "max": 70.9224700928,
        "mean": 17.4680423737,
        "min": 1.09551882744,
        "stdev": 11.0234832764
    },
    "pitch_salience": {
        "max": 0.82527923584,
        "mean": 0.45935690403,
        "min": 0.0814772695303,
        "stdev": 0.113259702921
    },
    "silence_rate_20dB": {
        "max": 1,
        "mean": 1,
        "min": 1,
        "stdev": 0
    },
    "silence_rate_30dB": {
        "max": 1,
        "mean": 0.898619711399,
        "min": 0,
        "stdev": 0.301833719015
    },
    "silence_rate_60dB": {
        "max": 0,
        "mean": 0,
        "min": 0,
        "stdev": 0
    },
    "spectral_centroid": {
        "max": 3628.96020508,
        "mean": 1255.09960938,
        "min": 304.882537842,
        "stdev": 536.571838379
    },
    "spectral_complexity": {
        "max": 46,
        "mean": 20.8576869965,
        "min": 3,
        "stdev": 8.03029727936
    },
    "spectral_decrease": {
        "max": -5.69015834451e-10,
        "mean": -1.4093929579e-08,
        "min": -5.47467458034e-08,
        "stdev": 9.08748187811e-09
    },
    "spectral_energy": {
        "max": 0.209741950035,
        "mean": 0.0553442128003,
        "min": 0.00222793081775,
        "stdev": 0.034766856581
    },
    "spectral_energyband_high": {
        "max": 0.00865501258522,
        "mean": 0.00112773280125,
        "min": 1.42337576108e-05,
        "stdev": 0.000959739263635
    },
    "spectral_energyband_low": {
        "max": 0.191438883543,
        "mean": 0.0336704812944,
        "min": 0.000218833127292,
        "stdev": 0.0310336966068
    },
    "spectral_energyband_middle_high": {
        "max": 0.0452202484012,
        "mean": 0.00593443680555,
        "min": 0.000168127327925,
        "stdev": 0.0057595288381
    },
    "spectral_energyband_middle_low": {
        "max": 0.132025554776,
        "mean": 0.0161453243345,
        "min": 0.00088785920525,
        "stdev": 0.0151260066777
    },
    "spectral_entropy": {
        "max": 8.58407592773,
        "mean": 7.66655015945,
        "min": 6.55643606186,
        "stdev": 0.311988800764
    },
    "spectral_flux": {
        "max": 0.383842051029,
        "mean": 0.12457805872,
        "min": 0.029806740582,
        "stdev": 0.0674808248878
    },
    "spectral_kurtosis": {
        "max": 12.04545784,
        "mean": 1.44293701649,
        "min": -1.28742718697,
        "stdev": 1.55453491211
    },
    "spectral_rms": {
        "max": 0.0143047645688,
        "mean": 0.00703104259446,
        "min": 0.00147431029473,
        "stdev": 0.00213511311449
    },
    "spectral_rolloff": {
        "max": 7601.22070312,
        "mean": 854.602783203,
        "min": 64.599609375,
        "stdev": 844.485473633
    },
    "spectral_skewness": {
        "max": 2.89571905136,
        "mean": 0.999183237553,
        "min": -0.283435732126,
        "stdev": 0.348448514938
    },
    "spectral_spread": {
        "max": 24158150,
        "mean": 4354573,
        "min": 2550113.5,
        "stdev": 885449.3125
    },
    "spectral_strongpeak": {
        "max": 7.10891628265,
        "mean": 0.796085178852,
        "min": 0,
        "stdev": 0.856564283371
    },
    "zerocrossingrate": {
        "max": 0.173828125,
        "mean": 0.0447308383882,
        "min": 0.0068359375,
        "stdev": 0.0208758618683
    },
    "barkbands": {
        "max": [0.0162421874702, 0.149759352207, 0.112804993987, 0.0683276802301, 0.0578108876944, 0.0388311743736, 0.0481339506805, 0.0296741873026, 0.0276716984808, 0.0409967415035, 0.0276752151549, 0.0118107683957, 0.0170292351395, 0.00803995225579, 0.00583064649254, 0.00599930435419, 0.00333724380471, 0.00326856900938, 0.00227656261995, 0.00419521518052, 0.0028865437489, 0.00348901981488, 0.00341929774731, 0.00198906799778, 4.0192695451e-05, 1.43036668305e-05, 1.52121438077e-05],
        "mean": [0.00131240300834, 0.0253485720605, 0.00567226065323, 0.00261191464961, 0.00353846442886, 0.00278057297692, 0.00350024877116, 0.00147231458686, 0.00179799774196, 0.00214803731069, 0.000781158800237, 0.00060152891092, 0.000596405647229, 0.000525625655428, 0.000333404401317, 0.000318622245686, 0.000305320572807, 0.000267595605692, 0.00019428494852, 0.000285159272607, 0.000256422412349, 0.000267905939836, 0.000299209699733, 0.000127179679112, 1.53744281306e-06, 9.4222691871e-09, 9.43921296681e-09],
        "min": [4.60370642941e-07, 3.61634374713e-05, 3.63619278687e-06, 1.081888513e-06, 2.38066495513e-05, 9.92710192804e-06, 5.27981910636e-06, 1.47980254042e-05, 1.25204451251e-05, 8.50225387694e-06, 1.28170449898e-06, 5.62083869227e-06, 7.26917642169e-06, 3.64047991752e-06, 4.37569133283e-06, 5.87072963754e-06, 1.93503683477e-06, 1.01794216789e-06, 5.03365072291e-06, 4.70270288133e-06, 2.039387482e-06, 2.6954637633e-06, 3.19337891597e-06, 8.61718447709e-08, 1.26573862502e-10, 1.43971820576e-10, 1.96777566464e-10],
        "stdev": [0.00207363371737, 0.0254396479577, 0.0127640860155, 0.00703671574593, 0.00634287390858, 0.00455525144935, 0.00571129657328, 0.0031013302505, 0.0028168214485, 0.00373967178166, 0.00193898403086, 0.00115611881483, 0.00109653570689, 0.000818077183794, 0.00052598566981, 0.000430673564551, 0.000337335281074, 0.000266257760813, 0.000196689885342, 0.000339789781719, 0.00025891160476, 0.000310692761559, 0.000323944201227, 0.000156830777996, 3.46924366568e-06, 3.12011565029e-07, 3.31827010314e-07]
    },
    "erbbands": {
        "max": [6.42035007477, 31.6646556854, 130.830703735, 189.971038818, 233.18182373, 295.924926758, 488.238372803, 391.121612549, 686.513916016, 850.781982422, 617.17779541, 611.830871582, 747.68963623, 998.0078125, 1002.56066895, 462.180969238, 900.056518555, 374.97756958, 456.68963623, 272.80847168, 405.023620605, 211.853088379, 139.433624268, 136.059036255, 104.900840759, 295.128234863, 121.015693665, 176.814117432, 123.028182983, 140.108566284, 92.7666778564, 64.9354629517, 16.3961982727, 1.45764243603, 0.108863636851, 0.0574718378484, 0.0265115201473, 0.0094459829852, 0.00217574415728, 0.000262373156147],
        "mean": [0.80426222086, 5.31164216995, 7.46744394302, 8.21013355255, 8.9714717865, 11.7440347672, 16.9290218353, 26.6403980255, 50.8726730347, 39.9039649963, 31.4384002686, 34.8124198914, 62.8424263, 56.2225112915, 28.646944046, 24.9060344696, 28.9111232758, 24.2423553467, 20.8997802734, 18.7688045502, 17.9210338593, 17.9042358398, 14.8946533203, 11.6536159515, 10.1387033463, 14.2193784714, 10.6763811111, 10.4015722275, 9.47806167603, 9.78892707825, 8.13122749329, 4.18375015259, 1.27482581139, 0.0922694727778, 0.00320881302468, 0.000328487396473, 8.01868372946e-05, 2.15876880247e-05, 3.19316059176e-05, 6.40891812509e-05],
        "min": [0.00124092039187, 0.0084833856672, 0.0473881699145, 0.046182282269, 0.0177376549691, 0.0778857171535, 0.119042091072, 0.24903614819, 0.372118473053, 0.493293076754, 0.484331846237, 0.40932443738, 0.557445347309, 0.394927412271, 0.362894445658, 0.387631058693, 0.423131167889, 0.380464553833, 0.240231871605, 0.301260769367, 0.2701420784, 0.0914130285382, 0.0477096885443, 0.0870349034667, 0.230404004455, 0.198567032814, 0.129774063826, 0.0696820020676, 0.101973183453, 0.148986697197, 0.0647656172514, 0.0318425148726, 0.00197341805324, 0.000142696022522, 3.41285012837e-05, 1.974504994e-05, 9.65505932982e-06, 1.5523280581e-06, 4.26863880421e-06, 5.58578176424e-06],
        "stdev": [1.02055728436, 5.18968915939, 13.1181964874, 20.2536067963, 21.0295581818, 24.0629901886, 38.4861183167, 42.8461837769, 83.794708252, 73.8818740845, 62.8731117249, 53.0035095215, 95.4504623413, 102.582855225, 58.6286201477, 42.3512878418, 52.6889648438, 36.4191589355, 34.6085319519, 23.4644107819, 23.6288146973, 19.8876533508, 13.8845872879, 11.4753627777, 9.3759059906, 18.6156425476, 11.0736999512, 11.8752794266, 11.1072206497, 11.2051076889, 8.51792430878, 5.02070665359, 1.56183075905, 0.134883463383, 0.00521083548665, 0.00129148713313, 0.000579364714213, 0.000206130629522, 4.96795619256e-05, 3.83365695598e-05]
    },
    "gfcc": {
        "mean": [6.66564035416, 138.168655396, -143.329528809, 71.8996200562, -76.5452651978, 26.0322628021, -12.5150794983, -6.15548563004, 16.8878078461, -20.2437705994, 13.2152137756, -13.0040473938, 4.7803030014],
        "cov": [[875.299987793, -196.498580933, -203.662216187, 44.2593727112, 13.8496055603, 85.3076400757, -59.5928001404, 20.1720905304, -77.8112792969, -16.5124912262, -18.1042327881, -43.1811180115, -12.9519681931], [-196.498580933, 338.197967529, 80.6179122925, -104.044387817, 48.9199867249, -109.034637451, 46.3772850037, -26.5850391388, 34.2679519653, -28.2810916901, 25.0574951172, -18.565530777, -7.0039024353], [-203.662216187, 80.6179122925, 548.221252441, 153.206253052, -55.1806755066, -39.8479232788, -115.095809937, -8.22470092773, 39.1963386536, -20.0048007965, -29.6763839722, -26.9298171997, -14.3011398315], [44.2593727112, -104.044387817, 153.206253052, 231.405090332, 41.7523345947, -1.55257558823, -67.6269683838, -18.4355354309, -1.56329572201, -12.703083992, -37.4825706482, -4.14553928375, -5.59682559967], [13.8496055603, 48.9199867249, -55.1806755066, 41.7523345947, 160.143310547, 36.9862709045, 67.099067688, 6.27211284637, 7.91336965561, -5.79481267929, 8.29443264008, -5.01266479492, 6.2647600174], [85.3076400757, -109.034637451, -39.8479232788, -1.55257558823, 36.9862709045, 164.934661865, 75.9411087036, 18.6792068481, -14.724729538, 11.175567627, 0.546480417252, 5.20345592499, 0.64536356926], [-59.5928001404, 46.3772850037, -115.095809937, -67.6269683838, 67.099067688, 75.9411087036, 218.672973633, 29.9398231506, 21.8734607697, 25.2829990387, 39.0940437317, 22.8371295929, -2.69398188591], [20.1720905304, -26.5850391388, -8.22470092773, -18.4355354309, 6.27211284637, 18.6792068481, 29.9398231506, 95.9855270386, 42.9955558777, 20.3150043488, 13.6880331039, -4.90294075012, 10.8669710159], [-77.8112792969, 34.2679519653, 39.1963386536, -1.56329572201, 7.91336965561, -14.724729538, 21.8734607697, 42.9955558777, 107.093688965, 46.4437828064, 11.169711113, 11.3611564636, 1.67166924477], [-16.5124912262, -28.2810916901, -20.0048007965, -12.703083992, -5.79481267929, 11.175567627, 25.2829990387, 20.3150043488, 46.4437828064, 82.6332168579, 46.2191047668, 12.1244926453, 6.21537828445], [-18.1042327881, 25.0574951172, -29.6763839722, -37.4825706482, 8.29443264008, 0.546480417252, 39.0940437317, 13.6880331039, 11.169711113, 46.2191047668, 78.3118896484, 32.6398162842, 11.9395208359], [-43.1811180115, -18.565530777, -26.9298171997, -4.14553928375, -5.01266479492, 5.20345592499, 22.8371295929, -4.90294075012, 11.3611564636, 12.1244926453, 32.6398162842, 69.6344451904, 27.2699050903], [-12.9519681931, -7.0039024353, -14.3011398315, -5.59682559967, 6.2647600174, 0.64536356926, -2.69398188591, 10.8669710159, 1.67166924477, 6.21537828445, 11.9395208359, 27.2699050903, 62.6683769226]],
        "icov": [[0.00176413496956, -0.00017806480173, 0.00122814415954, -0.00122788723093, 0.000653702125419, -0.00139845663216, 0.00112268130761, -0.000724740850274, 0.000314927252475, 0.000804932671599, -0.00134431070182, 0.00157132896129, 0.000122421028209], [-0.00017806480173, 0.0215788595378, -0.00760567793623, 0.0149800488725, -0.0118727926165, 0.01464947965, -0.00688060745597, 0.0127675430849, -0.0115765277296, 0.0158475544304, -0.0120216663927, 0.0108056943864, -0.00317126023583], [0.00122814415954, -0.00760567793623, 0.00673637632281, -0.00882643461227, 0.00709994276986, -0.00692286808044, 0.00359252351336, -0.00353382481262, 0.000228644552408, -0.000672465364914, -0.000837871804833, 0.000832849764265, 0.000139356750879], [-0.00122788723093, 0.0149800488725, -0.00882643461227, 0.0198477823287, -0.0141727821901, 0.0116669563577, -0.00298637105152, 0.00773919699714, -0.00377510651015, 0.0038576819934, 0.00082417455269, -3.72582289856e-05, 0.000582336622756], [0.000653702125419, -0.0118727926165, 0.00709994276986, -0.0141727821901, 0.0186982881278, -0.0108200199902, 0.000735282024834, -0.00404496910051, -0.000197412009584, 0.000666028994601, -0.00296833179891, 0.00314574409276, -0.00272622029297], [-0.00139845663216, 0.01464947965, -0.00692286808044, 0.0116669563577, -0.0108200199902, 0.0200830213726, -0.00833853334188, 0.00567662529647, -0.00168715638574, 0.00347824534401, -0.000438588962425, 0.00209321733564, -0.000784883333836], [0.00112268130761, -0.00688060745597, 0.00359252351336, -0.00298637105152, 0.000735282024834, -0.00833853334188, 0.0112979756668, -0.00551873166114, 0.00267291697673, -0.00456240773201, 0.00160977186169, -0.0052388436161, 0.00382534228265], [-0.000724740850274, 0.0127675430849, -0.00353382481262, 0.00773919699714, -0.00404496910051, 0.00567662529647, -0.00551873166114, 0.0244811736047, -0.0175876989961, 0.015778100118, -0.014900540933, 0.0150144342333, -0.00776494015008], [0.000314927252475, -0.0115765277296, 0.000228644552408, -0.00377510651015, -0.000197412009584, -0.00168715638574, 0.00267291697673, -0.0175876989961, 0.0316138975322, -0.029346447438, 0.0234123058617, -0.0190175306052, 0.00757026998326], [0.000804932671599, 0.0158475544304, -0.000672465364914, 0.0038576819934, 0.000666028994601, 0.00347824534401, -0.00456240773201, 0.015778100118, -0.029346447438, 0.0500699467957, -0.0380799844861, 0.024301417172, -0.00840872526169], [-0.00134431070182, -0.0120216663927, -0.000837871804833, 0.00082417455269, -0.00296833179891, -0.000438588962425, 0.00160977186169, -0.014900540933, 0.0234123058617, -0.0380799844861, 0.0485666282475, -0.029065772891, 0.0077624800615], [0.00157132896129, 0.0108056943864, 0.000832849764265, -3.72582289856e-05, 0.00314574409276, 0.00209321733564, -0.0052388436161, 0.0150144342333, -0.0190175306052, 0.024301417172, -0.029065772891, 0.0398022159934, -0.0151307536289], [0.000122421028209, -0.00317126023583, 0.000139356750879, 0.000582336622756, -0.00272622029297, -0.000784883333836, 0.00382534228265, -0.00776494015008, 0.00757026998326, -0.00840872526169, 0.0077624800615, -0.0151307536289, 0.0232404507697]]
    },
    "melbands": {
        "max": [0.0457327216864, 0.0524243712425, 0.0299528744072, 0.0135566210374, 0.0136585151777, 0.00764233293012, 0.00968235358596, 0.00816097762436, 0.00536771072075, 0.00454462692142, 0.00447423290461, 0.00403101136908, 0.00443469081074, 0.00170946877915, 0.00176310713869, 0.0013278919505, 0.000818452215753, 0.000978832133114, 0.000640076585114, 0.000362422462786, 0.00053930800641, 0.000269349431619, 0.000125047678011, 0.00020044586563, 0.000101514648122, 8.82143212948e-05, 8.3111684944e-05, 0.000218100918573, 7.82141069067e-05, 6.47211636533e-05, 0.000131080683786, 7.19636082067e-05, 0.000101257217466, 8.73826720635e-05, 6.38761048322e-05, 5.85286688874e-05, 3.55577576556e-05, 1.59645442181e-05, 3.23956828652e-06, 6.00260250394e-07],
        "mean": [0.00722027709708, 0.00490026921034, 0.00143550545909, 0.000715728441719, 0.000605694425758, 0.00060030882014, 0.000758637266699, 0.000409281172324, 0.000245703442488, 0.000234058112255, 0.000325998844346, 0.000246636132943, 0.000106628045614, 6.32658193354e-05, 7.91813727119e-05, 5.00260284753e-05, 4.43903627456e-05, 3.63293947885e-05, 2.45938717853e-05, 2.29402357945e-05, 1.99216483452e-05, 1.84130694834e-05, 1.47651180669e-05, 1.34376250571e-05, 8.88971953827e-06, 7.36235506338e-06, 7.61428145779e-06, 1.002461795e-05, 6.90470915288e-06, 5.89887667957e-06, 5.84280360272e-06, 5.20014509675e-06, 5.38378253623e-06, 5.54601137992e-06, 5.03076671521e-06, 3.54356120624e-06, 2.21492814489e-06, 1.08826930045e-06, 2.38285622345e-07, 9.74201963544e-09],
        "min": [9.17968736758e-06, 2.4763179681e-05, 1.66840516158e-06, 4.82209998154e-06, 3.0758592402e-06, 2.23664778787e-06, 6.62210914015e-06, 2.51222536463e-06, 3.00439592138e-06, 1.88177045857e-06, 2.37816357185e-06, 1.14835052045e-06, 5.16332590905e-07, 3.40206270266e-07, 7.72049986608e-07, 6.31247303318e-07, 4.48462600389e-07, 2.90626076094e-07, 3.46517680327e-07, 4.11439827985e-07, 2.55199751109e-07, 1.04348792718e-07, 4.79361013106e-08, 5.19473246641e-08, 5.69541143136e-08, 1.55621776798e-07, 1.61921960284e-07, 9.88268951119e-08, 7.40817682754e-08, 3.31786118579e-08, 4.47978862894e-08, 4.36237073131e-08, 3.99528801154e-08, 8.60852864548e-08, 3.41917498758e-08, 3.35951853003e-08, 1.55268931046e-09, 7.95482152371e-11, 8.21601380679e-12, 9.7179100704e-13],
        "stdev": [0.00781246786937, 0.00577087933198, 0.00335944909602, 0.00133088650182, 0.00130347651429, 0.000935850082897, 0.00121415697504, 0.000761069764849, 0.000497974397149, 0.000367873348296, 0.000504858617205, 0.000461846764665, 0.00025671790354, 0.000133581605041, 0.000161349846167, 8.36664476083e-05, 7.19934396329e-05, 6.84303740854e-05, 4.27066297561e-05, 3.01074560412e-05, 2.87576767732e-05, 2.20040474233e-05, 1.49598172356e-05, 1.51282820298e-05, 9.26323446038e-06, 7.62070612836e-06, 7.85789779911e-06, 1.47226755871e-05, 8.08788172435e-06, 6.3921029323e-06, 7.55585006118e-06, 6.55072062727e-06, 6.3887550823e-06, 6.72620808473e-06, 5.50405729882e-06, 4.10843040299e-06, 2.88182650365e-06, 1.38123539273e-06, 3.6331789488e-07, 3.45315882555e-08]
    },
    "melbands128": {
        "max": [0.0141287194565, 0.0609046518803, 0.0744259282947, 0.0582372806966, 0.0758750140667, 0.0552122220397, 0.0439668893814, 0.0333542712033, 0.0244430992752, 0.0213378816843, 0.021022060886, 0.0233270563185, 0.0240970253944, 0.0152719086036, 0.0120958276093, 0.0128058381379, 0.0200444534421, 0.0160366818309, 0.0120434267446, 0.0162765812129, 0.0124193374068, 0.0111558493227, 0.0104092713445, 0.00703191244975, 0.00623350590467, 0.00856792088598, 0.00776440696791, 0.00708868401125, 0.0130008170381, 0.00805867742747, 0.00727245397866, 0.00563281029463, 0.00912380591035, 0.00322038750164, 0.0035943754483, 0.00312874256633, 0.00188186322339, 0.00394987687469, 0.00443924358115, 0.00327425636351, 0.00124630820937, 0.0012825129088, 0.00130330421962, 0.00114162324462, 0.00215648277663, 0.00157268089242, 0.000972929003183, 0.00124348339159, 0.000974287977442, 0.000693577399943, 0.000661020050757, 0.000684744794853, 0.00127138115931, 0.000838201143779, 0.000251992896665, 0.000550140801352, 0.000572731660213, 0.000297116610454, 0.000142170450999, 0.000148180435644, 0.000258884800132, 0.000394500559196, 0.000151624393766, 0.000117054274597, 0.000186487581232, 0.00012254199828, 0.000105213839561, 0.00013000171748, 0.000141497104778, 0.000246293784585, 0.000529041746631, 0.00029608164914, 0.000190607344848, 0.000161178337294, 0.000153923727339, 0.000143488650792, 8.30156641314e-05, 0.0001111438105, 0.00018045399338, 0.000142186268931, 7.35902358429e-05, 9.68020103755e-05, 9.29336601985e-05, 0.000130350221298, 8.51845761645e-05, 0.000109852328023, 0.000108649081085, 0.000137538925628, 6.36065815343e-05, 4.80207709188e-05, 5.49648466404e-05, 8.53471647133e-05, 4.15695321863e-05, 2.69065221801e-05, 4.65306584374e-05, 3.19535320159e-05, 9.61174373515e-06, 8.52604716783e-06, 4.04275533583e-06, 1.65387064044e-06, 1.20522042835e-06, 4.81449490053e-07, 1.51914534285e-07, 1.21745955539e-07, 1.17024669066e-07, 1.12119025175e-07, 1.07046581377e-07, 1.02565188342e-07, 9.83484085282e-08, 9.44302485095e-08, 9.06280632762e-08, 8.69620819799e-08, 8.37319760194e-08, 8.10249787264e-08, 7.81587417009e-08, 7.55801607966e-08, 7.33996827762e-08, 7.11902998773e-08, 6.91216257565e-08, 6.73032189979e-08, 6.56871179672e-08, 6.4191368665e-08, 6.29695335874e-08, 6.20171007881e-08, 6.11016304219e-08, 6.03329510795e-08, 5.98105174276e-08, 5.94802038734e-08],
        "mean": [0.00113332644105, 0.00611446611583, 0.0104471025988, 0.00823311600834, 0.00450578844175, 0.00258549791761, 0.0017035297351, 0.00118438061327, 0.000874426797964, 0.000650413159747, 0.000628632842563, 0.000718391675036, 0.000564638699871, 0.000510403246153, 0.00056290498469, 0.000635930395219, 0.000821615918539, 0.00089021405438, 0.000526047777385, 0.000437917158706, 0.000351016438799, 0.000314680306474, 0.000202091221581, 0.000221619353397, 0.000199090645765, 0.000209283476579, 0.000387296371628, 0.00024938135175, 0.000409013038734, 0.000321094848914, 0.000168268306879, 0.000132420405862, 0.000133676323458, 5.05886455358e-05, 7.43489799788e-05, 6.56205156702e-05, 4.40956209786e-05, 9.66727602645e-05, 9.07031280803e-05, 5.72192220716e-05, 3.1142757507e-05, 5.34820137545e-05, 4.80515082018e-05, 3.17851481668e-05, 5.38013118785e-05, 3.61971906386e-05, 1.95114389498e-05, 2.25058101933e-05, 2.77185299637e-05, 2.79932010017e-05, 1.92459920072e-05, 2.11521000892e-05, 2.52977042692e-05, 1.73583885044e-05, 1.31004808281e-05, 2.10470680031e-05, 1.96974760911e-05, 1.71293413587e-05, 1.23327836263e-05, 1.15153570732e-05, 1.50706064233e-05, 1.40384099723e-05, 8.81783125806e-06, 7.42542351873e-06, 8.6417348939e-06, 7.25119843992e-06, 6.75083947499e-06, 6.96223105479e-06, 7.41859003028e-06, 8.80583047547e-06, 1.15247385111e-05, 1.03533020592e-05, 6.98780149833e-06, 6.8432250373e-06, 5.90713989368e-06, 4.82249470224e-06, 6.46989201414e-06, 7.29595512894e-06, 5.32508283868e-06, 5.07926915816e-06, 4.93119387102e-06, 5.41597910342e-06, 5.41211511518e-06, 5.4008337429e-06, 5.26494568476e-06, 5.46083992958e-06, 5.6245489759e-06, 5.87793374507e-06, 5.06243668497e-06, 4.41819793195e-06, 4.06655180996e-06, 3.33855678036e-06, 2.61663626588e-06, 2.16845955947e-06, 2.08790652323e-06, 1.49356276324e-06, 8.52062555623e-07, 5.19063576121e-07, 2.71710916877e-07, 6.40576800492e-08, 1.41322846758e-08, 3.04848479793e-09, 3.90651955229e-10, 9.44662265079e-11, 8.1976009314e-11, 9.94970494883e-11, 1.0002217804e-10, 8.76474517963e-11, 6.45619044337e-11, 5.83432191448e-11, 5.60422749873e-11, 5.38497198221e-11, 5.18411528982e-11, 5.01297406363e-11, 4.84095333264e-11, 4.68635859285e-11, 4.55234912267e-11, 4.42161411651e-11, 4.30043396726e-11, 4.18671521063e-11, 4.08737904634e-11, 3.99910764226e-11, 3.9233533089e-11, 3.8600574126e-11, 3.77551254149e-11, 3.6758068811e-11, 3.61585449082e-11, 3.59199822664e-11],
        "min": [4.31781366217e-08, 4.71437488159e-06, 5.39626034879e-06, 4.99279940414e-06, 9.32788771024e-06, 1.79091352948e-06, 1.81900804819e-06, 6.30896067833e-07, 2.29307573818e-07, 1.61531590948e-06, 6.98587314218e-07, 2.91174870881e-07, 3.98262500312e-07, 2.50417372172e-07, 4.27702445904e-07, 4.01843493592e-07, 4.26033267331e-07, 6.82099141613e-07, 5.09814810812e-07, 8.88004706212e-07, 4.50398800922e-07, 1.00880157561e-07, 2.86408408101e-07, 5.05641594373e-07, 1.15955128877e-06, 4.27809197845e-07, 2.42225866032e-07, 7.74055536112e-07, 5.69587655264e-07, 3.410597742e-07, 1.45715986832e-07, 6.96760338315e-08, 1.22829945326e-07, 1.9221272396e-07, 1.01494094906e-07, 5.66691902293e-08, 1.67119495131e-07, 3.45543952562e-07, 6.75291786933e-08, 9.56496108984e-08, 1.30170150214e-07, 2.85580142645e-07, 9.29067454081e-08, 2.053678827e-07, 5.59285169288e-08, 1.39326161275e-07, 9.7562491419e-08, 4.33027196323e-08, 1.49731079091e-07, 2.14385835307e-07, 1.14954445962e-07, 7.79518245508e-08, 1.33279669967e-07, 1.2767162616e-07, 1.37662013344e-07, 7.85549616467e-08, 3.95069967851e-08, 9.34922965712e-08, 2.38902586602e-08, 1.82775075075e-08, 4.20251780042e-08, 1.05251089622e-07, 3.80408309297e-08, 5.74803920017e-08, 6.04398238124e-08, 5.7082210958e-08, 1.09847505314e-07, 5.92245044118e-08, 8.26268617971e-08, 4.24341486394e-08, 5.16346645441e-08, 3.99877819746e-08, 7.73964856648e-08, 7.04125824313e-08, 6.18896009996e-08, 2.2203566985e-08, 3.16749897422e-08, 1.64234865707e-08, 2.32349659512e-08, 3.46857191857e-08, 9.84739401133e-09, 6.24335294575e-09, 1.9382985883e-08, 2.67020983102e-08, 4.34093081481e-08, 5.47683001173e-08, 1.359820061e-07, 4.19936725393e-08, 1.9000125917e-08, 2.21758544861e-09, 4.7314312468e-09, 6.88353596345e-09, 2.31364505332e-09, 9.25162557674e-10, 3.03497421639e-10, 3.52870406506e-11, 2.82714303357e-11, 1.03986272718e-11, 2.58153459547e-12, 1.04280939352e-12, 7.73989433742e-13, 7.80669365957e-13, 6.42749417058e-13, 5.20369554738e-13, 4.15184542562e-13, 6.32910011292e-13, 5.41894383099e-13, 5.28581030942e-13, 6.23813446645e-13, 5.4001876755e-13, 6.02002280491e-13, 6.58027885653e-13, 5.93593587912e-13, 5.90595497854e-13, 4.82665177357e-13, 6.36819698537e-13, 5.96029952823e-13, 5.74392367437e-13, 4.956470347e-13, 4.91692461486e-13, 6.55724281297e-13, 5.67544492305e-13, 7.01926147414e-13, 6.17971169029e-13, 3.85547279866e-13, 1.78112827764e-13, 2.20207221056e-14, 7.15735534771e-16],
        "stdev": [0.00186049600597, 0.00905585940927, 0.01154313609, 0.00874460954219, 0.00733118038625, 0.00605010194704, 0.0045505752787, 0.00317117106169, 0.00227041891776, 0.00150048662908, 0.00159572577104, 0.00197448208928, 0.00170589692425, 0.00122224877123, 0.00115733663552, 0.00132949207909, 0.00164702429902, 0.00184871745296, 0.00121032015886, 0.00117293465883, 0.000878156337421, 0.00088698748732, 0.00068635988282, 0.000546953058802, 0.000473414314911, 0.000479058304336, 0.000914196600206, 0.00055369338952, 0.000963882252108, 0.000779917987529, 0.000510583806317, 0.000398887088522, 0.000421577045927, 0.000147772545461, 0.000206767872442, 0.000191202896531, 0.000105886603706, 0.000284041103441, 0.00023466986022, 0.000167489779415, 6.52792950859e-05, 0.000115508075396, 0.000108747917693, 8.04242445156e-05, 0.000138015311677, 9.3955124612e-05, 5.48239549971e-05, 6.96039642207e-05, 5.24459101143e-05, 4.64212607767e-05, 3.83844999305e-05, 4.09091080655e-05, 5.26311196154e-05, 3.32114577759e-05, 1.76983958227e-05, 3.36367011187e-05, 3.40619080816e-05, 2.53258313023e-05, 1.481813797e-05, 1.54477365868e-05, 2.18191289605e-05, 2.30383866437e-05, 1.1893554074e-05, 1.0110965377e-05, 1.15369275591e-05, 9.03182899492e-06, 8.19548313302e-06, 8.32793648442e-06, 9.61473779171e-06, 1.47248802023e-05, 2.53006091953e-05, 2.20473320951e-05, 1.20187451103e-05, 1.01170908238e-05, 8.86646557774e-06, 7.03228033672e-06, 8.36201252241e-06, 9.86622671917e-06, 8.83401389729e-06, 8.25985625852e-06, 7.31192358217e-06, 7.35134244678e-06, 7.14614179742e-06, 7.47497961129e-06, 6.60276555209e-06, 7.60524699217e-06, 7.72868497734e-06, 8.86227735464e-06, 5.97636062594e-06, 4.93692550663e-06, 4.85361942992e-06, 4.69984888696e-06, 3.54339067599e-06, 2.80353015114e-06, 3.54506369149e-06, 2.12254462895e-06, 1.10551991384e-06, 8.31806914903e-07, 4.58558815808e-07, 1.41659882047e-07, 6.86286583118e-08, 1.81192589821e-08, 5.88426019021e-09, 2.6778455009e-09, 2.55944132554e-09, 2.48750220422e-09, 2.34798580578e-09, 2.24027307816e-09, 2.14528639297e-09, 2.05985495327e-09, 1.97690042114e-09, 1.89692772601e-09, 1.82647497127e-09, 1.76742864788e-09, 1.7048982226e-09, 1.64865932017e-09, 1.6010913706e-09, 1.5528821562e-09, 1.50777046404e-09, 1.4681112992e-09, 1.43285872056e-09, 1.40021616524e-09, 1.37355238294e-09, 1.35278310776e-09, 1.33282695991e-09, 1.31607502674e-09, 1.30468746917e-09, 1.29748078948e-09]
    },
    "mfcc": {
        "mean": [-610.62121582, 127.714096069, 3.670378685, 39.276802063, -15.3183307648, 28.3570957184, -15.3840494156, 28.4562358856, -8.33705997467, 22.2764091492, -8.41991519928, 17.1453914642, -7.20435142517],
        "cov": [[1105.33227539, -336.231445312, -242.343612671, -107.461273193, 61.4837722778, -7.00463628769, 91.3125152588, -27.3793792725, 2.22559523582, -9.4118347168, -35.4912567139, -33.1992034912, 10.7765760422], [-336.231445312, 479.92578125, -50.9524841309, 18.8841571808, -79.6616592407, -29.5862941742, -25.7687625885, 28.5115146637, -40.0700950623, 42.1077919006, -8.73565769196, 23.3000202179, -9.05837345123], [-242.343612671, -50.9524841309, 566.780395508, 64.4189376831, 129.606781006, -56.5376358032, -72.6686401367, -67.4423370361, 26.3026714325, -68.4107208252, 52.1781463623, -34.4841003418, -11.4055595398], [-107.461273193, 18.8841571808, 64.4189376831, 231.850616455, 46.8224182129, 23.7857608795, -64.3536148071, 10.3379964828, -18.692943573, -8.09894371033, -26.0021686554, 23.9582061768, -25.6688976288], [61.4837722778, -79.6616592407, 129.606781006, 46.8224182129, 196.101882935, -26.8701438904, -4.77417802811, -42.9722938538, 40.5735397339, -41.1998100281, 11.5965576172, -27.1742401123, 3.5038485527], [-7.00463628769, -29.5862941742, -56.5376358032, 23.7857608795, -26.8701438904, 162.246963501, 41.1843185425, 53.4777450562, -8.43810844421, 18.3706703186, -3.86049747467, 10.2682971954, -12.6758670807], [91.3125152588, -25.7687625885, -72.6686401367, -64.3536148071, -4.77417802811, 41.1843185425, 164.618850708, 27.8016719818, 21.4512252808, 4.00416707993, 19.7231788635, -2.39357805252, 20.751832962], [-27.3793792725, 28.5115146637, -67.4423370361, 10.3379964828, -42.9722938538, 53.4777450562, 27.8016719818, 111.107727051, 10.2568778992, 31.3570728302, -4.66931533813, 8.02413272858, -10.5320825577], [2.22559523582, -40.0700950623, 26.3026714325, -18.692943573, 40.5735397339, -8.43810844421, 21.4512252808, 10.2568778992, 95.4057922363, 16.9238529205, 35.9340553284, -7.80591249466, 16.2996139526], [-9.4118347168, 42.1077919006, -68.4107208252, -8.09894371033, -41.1998100281, 18.3706703186, 4.00416707993, 31.3570728302, 16.9238529205, 98.2273178101, 19.8144760132, 13.5689077377, -1.52717554569], [-35.4912567139, -8.73565769196, 52.1781463623, -26.0021686554, 11.5965576172, -3.86049747467, 19.7231788635, -4.66931533813, 35.9340553284, 19.8144760132, 94.0545043945, 18.8762016296, 28.163394928], [-33.1992034912, 23.3000202179, -34.4841003418, 23.9582061768, -27.1742401123, 10.2682971954, -2.39357805252, 8.02413272858, -7.80591249466, 13.5689077377, 18.8762016296, 92.2583389282, 27.5848121643], [10.7765760422, -9.05837345123, -11.4055595398, -25.6688976288, 3.5038485527, -12.6758670807, 20.751832962, -10.5320825577, 16.2996139526, -1.52717554569, 28.163394928, 27.5848121643, 80.2231903076]],
        "icov": [[0.00157498393673, 0.00112809077837, 0.000816985790152, 0.000468168989755, -0.000831889046822, 0.000508727098349, -0.000471323321108, 0.000167723221239, 0.000725670659449, -0.000419458374381, 0.000353020732291, 0.000155255824211, 0.000109672284452], [0.00112809077837, 0.00329055823386, 0.000554336758796, 7.18811543265e-06, 6.97859941283e-05, 0.00135415280238, -0.000319354148814, -0.000543102156371, 0.00155588740017, -0.00123840791639, 0.000146932565258, -7.43889904697e-05, 0.000157649730681], [0.000816985790152, 0.000554336758796, 0.00316592003219, -0.000350784073817, -0.00130285660271, 0.000477989495266, 0.000775106134824, 0.000557890976779, 0.000176891757292, 0.00146623898763, -0.00224481709301, 0.00100312067661, 0.000731003878172], [0.000468168989755, 7.18811543265e-06, -0.000350784073817, 0.00664702337235, -0.0027104227338, -0.00120175851043, 0.00206698477268, -0.00128188205417, 0.00101800833363, -0.000378616590751, 0.00185218348633, -0.00283069489524, 0.00134946964681], [-0.000831889046822, 6.97859941283e-05, -0.00130285660271, -0.0027104227338, 0.00903487484902, 0.000196338427486, -0.00075280747842, 0.00237068440765, -0.00409860583022, 0.00229860213585, -0.000320177641697, 0.0018221718492, -0.00042811705498], [0.000508727098349, 0.00135415280238, 0.000477989495266, -0.00120175851043, 0.000196338427486, 0.00873717758805, -0.00229635997675, -0.0031646117568, 0.00181807449553, -0.000908485613763, -0.000411780056311, -0.00035363304778, 0.00119798013475], [-0.000471323321108, -0.000319354148814, 0.000775106134824, 0.00206698477268, -0.00075280747842, -0.00229635997675, 0.008744539693, -0.00170232204255, -0.000974534370471, 0.00150280050002, -0.00161442696117, 0.000518683285918, -0.0014016040368], [0.000167723221239, -0.000543102156371, 0.000557890976779, -0.00128188205417, 0.00237068440765, -0.0031646117568, -0.00170232204255, 0.0135128693655, -0.00340826623142, -0.00173886422999, 0.00120965100359, -0.000153761691763, 0.00148370035458], [0.000725670659449, 0.00155588740017, 0.000176891757292, 0.00101800833363, -0.00409860583022, 0.00181807449553, -0.000974534370471, -0.00340826623142, 0.0164201352745, -0.00361054739915, -0.00409871060401, 0.00186023209244, -0.00190568692051], [-0.000419458374381, -0.00123840791639, 0.00146623898763, -0.000378616590751, 0.00229860213585, -0.000908485613763, 0.00150280050002, -0.00173886422999, -0.00361054739915, 0.0148176616058, -0.00409594364464, -0.000387343898183, 0.00172964495141], [0.000353020732291, 0.000146932565258, -0.00224481709301, 0.00185218348633, -0.000320177641697, -0.000411780056311, -0.00161442696117, 0.00120965100359, -0.00409871060401, -0.00409594364464, 0.0170894023031, -0.00370945595205, -0.00320116174407], [0.000155255824211, -7.43889904697e-05, 0.00100312067661, -0.00283069489524, 0.0018221718492, -0.00035363304778, 0.000518683285918, -0.000153761691763, 0.00186023209244, -0.000387343898183, -0.00370945595205, 0.015213563107, -0.00539646856487], [0.000109672284452, 0.000157649730681, 0.000731003878172, 0.00134946964681, -0.00042811705498, 0.00119798013475, -0.0014016040368, 0.00148370035458, -0.00190568692051, 0.00172964495141, -0.00320116174407, -0.00539646856487, 0.0171688571572]]
    },
    "spectral_contrast_coeffs": {
        "max": [-0.456486612558, -0.472028017044, -0.432057261467, -0.628254354, -0.664910435677, -0.413147032261],
        "mean": [-0.735167384148, -0.732089817524, -0.739401698112, -0.798221349716, -0.807169556618, -0.646675825119],
        "min": [-0.942674994469, -0.9041223526, -0.901557981968, -0.90689188242, -0.881437242031, -0.909250438213],
        "stdev": [0.0727071091533, 0.0771134346724, 0.0734655112028, 0.0435082986951, 0.0312982089818, 0.0470438972116]
    },
    "spectral_contrast_valleys": {
        "max": [-4.93117380142, -4.95512914658, -5.73856925964, -5.87488174438, -5.9108710289, -8.71564674377],
        "mean": [-6.18141889572, -6.35036802292, -7.0793132782, -7.33784151077, -7.20083856583, -10.7903308868],
        "min": [-7.83656835556, -7.74296998978, -8.95833778381, -8.76552772522, -8.79284191132, -15.1449575424],
        "stdev": [0.444575041533, 0.414153426886, 0.503669083118, 0.483683228493, 0.474144369364, 0.769826233387]
    }
},
"rhythm": {
    "beats_count": 105,
    "beats_loudness": {
        "max": 0.188985258341,
        "mean": 0.101010546088,
        "min": 0.0249543339014,
        "stdev": 0.0351962335408
    },
    "bpm": 130.004745483,
    "bpm_histogram_first_peak_bpm": 129,
    "bpm_histogram_first_peak_weight": 0.262135922909,
    "bpm_histogram_second_peak_bpm": 136,
    "bpm_histogram_second_peak_spread": 0,
    "bpm_histogram_second_peak_weight": 0.00961538497359,
    "danceability": 1.78555560112,
    "onset_rate": 2.7275390625,
    "beats_loudness_band_ratio": {
        "max": [0.973069369793, 0.47994235158, 0.452729523182, 0.316899657249, 0.157841444016, 0.0803043842316],
        "mean": [0.783269703388, 0.063593134284, 0.094724394381, 0.0407947003841, 0.0188451334834, 0.0178388953209],
        "min": [0.064745016396, 0.00354967755266, 0.00641225744039, 0.0021935463883, 0.00143106724136, 0.00221726973541],
        "stdev": [0.152891889215, 0.0765700116754, 0.0917086973786, 0.0532245188951, 0.0196563415229, 0.0123168053105]
    },
