{
"metadata": {
    "version": {
        "essentia": "2.1-beta5",
        "essentia_git_sha": "Undefined",
        "extractor": "music 2.0"
    },
    "audio_properties": {
        "analysis": {
            "equal_loudness": 0,
            "length": 32.4963264465,
            "sample_rate": 44100,
            "start_time": 126.490699768,
            "downmix": "mix"
        },
        "bit_rate": 192000,
        "length": 195.001190186,
        "lossless": 0,
        "number_channels": 2,
        "replay_gain": -0.0891532897949,
        "sample_rate": 48000,
        "codec": "mp3",
        "md5_encoded": "c3edfcc14a32cc1921a37a65a4e9916b"
    },
    "tags": {
        "file_name": "Norway_Silent Storm_Carl Espen.mp3",
        "encoding": ["Lavf58.29.100"]
    }
},
"lowlevel": {
    "average_loudness": 0.907836735249,
    "barkbands_crest": {
        "max": 22.5709400177,
        "mean": 9.72357749939,
        "min": 3.23077249527,
        "stdev": 3.4686191082
    },
    "barkbands_flatness_db": {
        "max": 0.314031600952,
        "mean": 0.204491689801,
        "min": 0.0798869132996,
        "stdev": 0.0334315225482
    },
    "barkbands_kurtosis": {
        "max": 20.7781982422,
        "mean": 1.62927341461,
        "min": -1.76315748692,
        "stdev": 2.4101266861
    },
    "barkbands_skewness": {
        "max": 4.02798461914,
        "mean": 1.04046726227,
        "min": -1.06750166416,
        "stdev": 0.682503461838
    },
    "barkbands_spread": {
        "max": 79.2047958374,
        "mean": 19.9412326813,
        "min": 3.18089604378,
        "stdev": 10.5963993073
    },
    "dissonance": {
        "max": 0.498611271381,
        "mean": 0.447616755962,
        "min": 0.266586303711,
        "stdev": 0.0307950433344
    },
    "dynamic_complexity": 2.99100852013,
    "erbbands_crest": {
        "max": 29.9814510345,
        "mean": 10.7121706009,
        "min": 3.0536403656,
        "stdev": 4.4886879921
    },
    "erbbands_flatness_db": {
        "max": 0.332344025373,
        "mean": 0.233441263437,
        "min": 0.127616554499,
        "stdev": 0.0364188142121
    },
    "erbbands_kurtosis": {
        "max": 12.9498949051,
        "mean": 0.479891777039,
        "min": -1.72592961788,
        "stdev": 1.55923259258
    },
    "erbbands_skewness": {
        "max": 3.1410369873,
        "mean": 0.582508742809,
        "min": -2.21685004234,
        "stdev": 0.696995735168
    },
    "erbbands_spread": {
        "max": 96.3893051147,
        "mean": 30.3600273132,
        "min": 7.89961194992,
        "stdev": 14.9359397888
    },
    "hfc": {
        "max": 67.853012085,
        "mean": 23.2502250671,
        "min": 0.455119520426,
        "stdev": 14.379776001
    },
    "loudness_ebu128": {
        "integrated": -22.5871734619,
        "loudness_range": 3.6469669342,
        "momentary": {
            "max": -19.8011798859,
            "mean": -23.8513259888,
            "min": -37.0064849854,
            "stdev": 3.74852633476
        },
        "short_term": {
            "max": -20.6173763275,
            "mean": -23.2599391937,
            "min": -31.8529071808,
            "stdev": 2.04598689079
        }
    },
    "melbands_crest": {
        "max": 31.1502552032,
        "mean": 13.5301990509,
        "min": 4.89932823181,
        "stdev": 4.96860742569
    },
    "melbands_flatness_db": {
        "max": 0.417984068394,
        "mean": 0.242417737842,
        "min": 0.0956505313516,
        "stdev": 0.0504367873073
    },
    "melbands_kurtosis": {
        "max": 46.394153595,
        "mean": 5.19531154633,
        "min": -1.57381677628,
        "stdev": 5.42974901199
    },
    "melbands_skewness": {
        "max": 6.23024272919,
        "mean": 1.67541623116,
        "min": -0.0495416074991,
        "stdev": 0.936439990997
    },
    "melbands_spread": {
        "max": 129.902420044,
        "mean": 23.3795700073,
        "min": 3.85679745674,
        "stdev": 12.3220710754
    },
    "pitch_salience": {
        "max": 0.793523132801,
        "mean": 0.52388471365,
        "min": 0.236163318157,
        "stdev": 0.0914170667529
    },
    "silence_rate_20dB": {
        "max": 1,
        "mean": 1,
        "min": 1,
        "stdev": 0
    },
    "silence_rate_30dB": {
        "max": 1,
        "mean": 0.995717346668,
        "min": 0,
        "stdev": 0.0653017386794
    },
    "silence_rate_60dB": {
        "max": 1,
        "mean": 0.0649536028504,
        "min": 0,
        "stdev": 0.246444240212
    },
    "spectral_centroid": {
        "max": 4073.8425293,
        "mean": 1242.77111816,
        "min": 340.576843262,
        "stdev": 483.998901367
    },
    "spectral_complexity": {
        "max": 39,
        "mean": 18.7451820374,
        "min": 2,
        "stdev": 7.04587936401
    },
    "spectral_decrease": {
        "max": -1.61016491806e-10,
        "mean": -8.28856627777e-09,
        "min": -4.17905887673e-08,
        "stdev": 5.11031172934e-09
    },
    "spectral_energy": {
        "max": 0.161471158266,
        "mean": 0.0333918444812,
        "min": 0.000656007090583,
        "stdev": 0.020316420123
    },
    "spectral_energyband_high": {
        "max": 0.00689284130931,
        "mean": 0.000478119909531,
        "min": 1.25384178773e-06,
        "stdev": 0.000805595132988
    },
    "spectral_energyband_low": {
        "max": 0.114760406315,
        "mean": 0.00917057786137,
        "min": 3.62702644452e-06,
        "stdev": 0.00966694112867
    },
    "spectral_energyband_middle_high": {
        "max": 0.0306548923254,
        "mean": 0.00722383661196,
        "min": 0.000103554746602,
        "stdev": 0.00605303421617
    },
    "spectral_energyband_middle_low": {
        "max": 0.0670085698366,
        "mean": 0.0168306920677,
        "min": 0.000284017965896,
        "stdev": 0.0115879224613
    },
    "spectral_entropy": {
        "max": 8.38950634003,
        "mean": 7.24820566177,
        "min": 6.46564102173,
        "stdev": 0.34192109108
    },
    "spectral_flux": {
        "max": 0.215727120638,
        "mean": 0.08078443259,
        "min": 0.00754002621397,
        "stdev": 0.0412033945322
    },
    "spectral_kurtosis": {
        "max": 30.673576355,
        "mean": 4.23259162903,
        "min": -1.11302661896,
        "stdev": 4.03389167786
    },
    "spectral_rms": {
        "max": 0.012551208958,
        "mean": 0.00537558970973,
        "min": 0.000800004345365,
        "stdev": 0.00191844557412
    },
    "spectral_rolloff": {
        "max": 6826.02539062,
        "mean": 1245.68115234,
        "min": 236.865234375,
        "stdev": 936.099243164
    },
    "spectral_skewness": {
        "max": 3.64715480804,
        "mean": 1.27451610565,
        "min": -0.320258378983,
        "stdev": 0.499352365732
    },
    "spectral_spread": {
        "max": 16462407,
        "mean": 3148130,
        "min": 1514881.625,
        "stdev": 994265.625
    },
    "spectral_strongpeak": {
        "max": 8.6187877655,
        "mean": 1.38407433033,
        "min": 0,
        "stdev": 1.35539329052
    },
    "zerocrossingrate": {
        "max": 0.208984375,
        "mean": 0.0472486168146,
        "min": 0.0126953125,
        "stdev": 0.0209221728146
    },
    "barkbands": {
        "max": [0.0121961580589, 0.0957576259971, 0.0149595495313, 0.010086523369, 0.0263499580324, 0.0490951240063, 0.0362251996994, 0.0446186847985, 0.0429807379842, 0.0172355230898, 0.0120208803564, 0.0234510619193, 0.0161514561623, 0.0102863125503, 0.00752237904817, 0.0131269488484, 0.00917654857039, 0.00240176683292, 0.0077089946717, 0.00269933859818, 0.00255333632231, 0.00241692201234, 0.00328430230729, 0.00191986409482, 7.6213873399e-05, 7.73315605329e-07, 8.10136612017e-07],
        "mean": [0.000926558685023, 0.00644320202991, 0.00160448858514, 0.000508863246068, 0.00324605614878, 0.00204779906198, 0.00292615802027, 0.00352895702235, 0.00420855265111, 0.0014003503602, 0.0008167544147, 0.00146422348917, 0.000892709533218, 0.000420285912696, 0.00031785396277, 0.000752156483941, 0.000465702818474, 0.000161617543199, 0.000686225248501, 0.000130096959765, 0.000133526089485, 0.000143955039675, 0.000115839975479, 4.96295615449e-05, 2.96094697205e-07, 2.54759946472e-09, 2.66956745598e-09],
        "min": [4.91872054198e-09, 9.00771851775e-07, 1.66155231796e-07, 4.83143423935e-07, 9.13627263799e-06, 3.13760665449e-06, 8.21430239739e-06, 3.89051820093e-06, 4.40514713773e-06, 5.00510736856e-07, 3.50814900685e-07, 7.50913159209e-07, 1.04404375634e-06, 2.83796111944e-06, 1.93191749531e-06, 2.72023339676e-06, 4.58550266558e-06, 1.00731449493e-06, 1.14309420951e-06, 8.1560591525e-07, 4.05271293857e-07, 1.01922246643e-07, 8.43527261929e-11, 7.61702992347e-11, 6.7750756394e-11, 1.02910582833e-10, 1.3735708404e-10],
        "stdev": [0.00116338743828, 0.00787634402514, 0.00230096839368, 0.00100390275475, 0.00319987302646, 0.00397663330659, 0.00414197286591, 0.00622203946114, 0.00663544563577, 0.00243023876101, 0.00155068340246, 0.00266507361084, 0.00171356659848, 0.000903561711311, 0.000555472972337, 0.00132005754858, 0.00084033049643, 0.00021287574782, 0.000979825039394, 0.000198064066353, 0.000194230000488, 0.000243041940848, 0.000326606619637, 0.000147873623064, 2.59056082541e-06, 3.01903142486e-08, 3.17533341843e-08]
    },
    "erbbands": {
        "max": [4.85064506531, 12.9442167282, 19.7913951874, 26.5403327942, 70.9209594727, 97.2066879272, 232.965652466, 567.449645996, 537.417175293, 801.659057617, 1080.10144043, 1355.5032959, 913.327209473, 573.329650879, 614.219970703, 1116.33935547, 796.732849121, 593.408691406, 378.86239624, 503.377349854, 574.250488281, 592.67175293, 73.3222122192, 359.618652344, 392.540740967, 58.4716567993, 69.6322479248, 123.832672119, 108.248443604, 118.091636658, 89.4219055176, 69.3439025879, 14.8204622269, 1.43601679802, 0.0379095822573, 0.00321540539153, 0.00146990257781, 0.000517284614034, 0.000147363592987, 0.000178293819772],
        "mean": [0.321685135365, 0.9128921628, 1.89872968197, 1.67659807205, 5.67935180664, 10.8129310608, 14.8688077927, 19.2900714874, 40.2980613708, 47.5804786682, 84.5591201782, 93.5984115601, 66.9484558105, 34.3499298096, 47.3662338257, 54.0836029053, 43.3622512817, 25.946138382, 18.4658985138, 26.4853000641, 42.6905136108, 23.5356864929, 9.6700220108, 21.6519165039, 32.1291389465, 6.25739002228, 4.01091623306, 6.334856987, 5.49498796463, 3.83405137062, 3.25224518776, 1.72608590126, 0.419056415558, 0.0238403826952, 0.000910927716177, 0.0001187421949, 3.45459666278e-05, 1.01716541394e-05, 1.9242772396e-05, 3.95514434786e-05],
        "min": [1.07171235868e-05, 0.000257683714153, 0.000954577175435, 0.00429427158087, 0.0231056306511, 0.0333188548684, 0.0185806117952, 0.0616106577218, 0.120669491589, 0.242813393474, 0.177914083004, 0.0848343223333, 0.0744588673115, 0.214022547007, 0.199001446366, 0.0773796662688, 0.0709049776196, 0.163487583399, 0.0880728811026, 0.374215960503, 0.153213605285, 0.360802590847, 0.0945173799992, 0.0606774240732, 0.0857743322849, 0.0577205829322, 0.0350183993578, 0.0112443603575, 0.0052412613295, 0.000259920518147, 1.92538936972e-05, 7.43116970625e-06, 4.0898548832e-06, 2.64517530013e-06, 1.94661902242e-06, 1.07756977741e-06, 5.03840681176e-07, 1.93501492163e-07, 3.7890399085e-07, 7.73966462475e-07],
        "stdev": [0.414378941059, 1.09563910961, 2.70081019402, 2.39159965515, 7.13079357147, 11.4988288879, 24.6183052063, 42.5275001526, 55.6714515686, 72.3837432861, 134.886260986, 161.506149292, 118.951477051, 51.2683067322, 73.4947662354, 104.759902954, 80.671585083, 53.6926078796, 30.1187267303, 54.3844413757, 60.0328941345, 36.5805778503, 10.5573892593, 33.4493255615, 44.4336204529, 6.60243988037, 5.77325630188, 9.31414222717, 9.19356441498, 9.0600605011, 9.18411540985, 5.09637117386, 1.30073404312, 0.0956235453486, 0.00298332492821, 0.000284122099401, 7.22887198208e-05, 2.31347494264e-05, 1.19881005958e-05, 2.34147646552e-05]
    },
    "gfcc": {
        "mean": [-34.829044342, 165.843154907, -169.634399414, 50.5030555725, -66.461479187, -2.07872629166, -7.56085062027, -13.8333301544, 14.6814508438, -20.4557552338, 8.42523574829, -9.809715271, -0.16661682725],
        "cov": [[4795.68115234, -1004.29345703, 141.937637329, 569.409973145, -722.51171875, 1153.73034668, -141.259918213, 409.130889893, 355.784606934, -227.427947998, 728.143432617, -89.4295501709, 119.229110718], [-1004.29345703, 820.132202148, -76.3749008179, -293.275146484, 417.440795898, -423.351959229, 203.768218994, -123.42906189, -114.682273865, 28.3899669647, -148.763595581, 27.7961616516, -67.3444824219], [141.937637329, -76.3749008179, 384.581237793, 149.038833618, -117.68762207, 205.288772583, -47.4227027893, 35.6429443359, 16.5703296661, 12.3742465973, 23.4138469696, -27.2971343994, 17.7355537415], [569.409973145, -293.275146484, 149.038833618, 326.695983887, -113.697120667, 202.566345215, -86.3986053467, 44.8064918518, 112.793670654, -6.796189785, 82.7060623169, 4.75169610977, 34.5507240295], [-722.51171875, 417.440795898, -117.68762207, -113.697120667, 380.443450928, -292.655883789, 84.7849578857, -54.6542701721, -73.6226577759, 42.8010559082, -112.699890137, 18.4222393036, -24.6416683197], [1153.73034668, -423.351959229, 205.288772583, 202.566345215, -292.655883789, 569.422241211, -4.75162410736, 152.236679077, 98.4256591797, -48.1460418701, 209.77696228, -41.4568405151, 43.3576087952], [-141.259918213, 203.768218994, -47.4227027893, -86.3986053467, 84.7849578857, -4.75162410736, 248.739822388, 26.6695957184, -27.7212276459, 9.74430847168, -24.9245891571, 22.4044342041, -19.4174766541], [409.130889893, -123.42906189, 35.6429443359, 44.8064918518, -54.6542701721, 152.236679077, 26.6695957184, 156.202514648, 39.1098175049, -27.8785610199, 88.0484085083, -46.3197555542, 26.2405071259], [355.784606934, -114.682273865, 16.5703296661, 112.793670654, -73.6226577759, 98.4256591797, -27.7212276459, 39.1098175049, 162.343902588, 0.995089173317, 51.6646614075, 11.1896944046, -8.9799451828], [-227.427947998, 28.3899669647, 12.3742465973, -6.796189785, 42.8010559082, -48.1460418701, 9.74430847168, -27.8785610199, 0.995089173317, 87.8312072754, -31.3488388062, 3.33199048042, -4.84245681763], [728.143432617, -148.763595581, 23.4138469696, 82.7060623169, -112.699890137, 209.77696228, -24.9245891571, 88.0484085083, 51.6646614075, -31.3488388062, 218.243484497, 3.97021484375, 12.2940540314], [-89.4295501709, 27.7961616516, -27.2971343994, 4.75169610977, 18.4222393036, -41.4568405151, 22.4044342041, -46.3197555542, 11.1896944046, 3.33199048042, 3.97021484375, 111.157089233, 16.1196594238], [119.229110718, -67.3444824219, 17.7355537415, 34.5507240295, -24.6416683197, 43.3576087952, -19.4174766541, 26.2405071259, -8.9799451828, -4.84245681763, 12.2940540314, 16.1196594238, 84.0509109497]],
        "icov": [[0.000797394663095, -0.000787976605352, 0.00101311318576, -0.00101939658634, 0.000966254330706, -0.00108107342385, 0.00043458052096, -0.000455325818621, -0.000142202989082, 0.00043715944048, -0.00103728112299, 0.000384479033528, -0.000385739753256], [-0.000787976605352, 0.0179984811693, -0.0127287665382, 0.0126614458859, -0.0150759089738, 0.0103632267565, -0.0134457955137, 0.0162960309535, -0.0100934058428, 0.0103743290529, -0.0103581063449, 0.00895292591304, -0.00562228448689], [0.00101311318576, -0.0127287665382, 0.0134726194665, -0.0108379973099, 0.0111524295062, -0.00944660604, 0.0101663032547, -0.0121925771236, 0.00855325069278, -0.00829503778368, 0.00815672334284, -0.00632095523179, 0.00472931703553], [-0.00101939658634, 0.0126614458859, -0.0108379973099, 0.0153318773955, -0.0116218822077, 0.00639569060877, -0.00794295407832, 0.0120795415714, -0.0103168543428, 0.00701303826645, -0.0068870051764, 0.00551259284839, -0.0054854308255], [0.000966254330706, -0.0150759089738, 0.0111524295062, -0.0116218822077, 0.0179991088808, -0.00615070480853, 0.0095647778362, -0.0145916193724, 0.00943762436509, -0.00959515105933, 0.00813947618008, -0.00715541513637, 0.00482623232529], [-0.00108107342385, 0.0103632267565, -0.00944660604, 0.00639569060877, -0.00615070480853, 0.012694218196, -0.00994312018156, 0.00847926735878, -0.00614068564028, 0.00606647273526, -0.00821736454964, 0.00661450671032, -0.00446781376377], [0.00043458052096, -0.0134457955137, 0.0101663032547, -0.00794295407832, 0.0095647778362, -0.00994312018156, 0.016642915085, -0.0157716665417, 0.00892615970224, -0.00910532101989, 0.0104222716764, -0.0107427351177, 0.00739716598764], [-0.000455325818621, 0.0162960309535, -0.0121925771236, 0.0120795415714, -0.0145916193724, 0.00847926735878, -0.0157716665417, 0.0301255714148, -0.0135116809979, 0.0128268552944, -0.0148621127009, 0.0166237689555, -0.0121094733477], [-0.000142202989082, -0.0100934058428, 0.00855325069278, -0.0103168543428, 0.00943762436509, -0.00614068564028, 0.00892615970224, -0.0135116809979, 0.0169727373868, -0.0087744789198, 0.00823670439422, -0.0093280589208, 0.00865767709911], [0.00043715944048, 0.0103743290529, -0.00829503778368, 0.00701303826645, -0.00959515105933, 0.00606647273526, -0.00910532101989, 0.0128268552944, -0.0087744789198, 0.020618243143, -0.0079446611926, 0.0078113572672, -0.00557645689696], [-0.00103728112299, -0.0103581063449, 0.00815672334284, -0.0068870051764, 0.00813947618008, -0.00821736454964, 0.0104222716764, -0.0148621127009, 0.00823670439422, -0.0079446611926, 0.0186776593328, -0.011038149707, 0.00776219414547], [0.000384479033528, 0.00895292591304, -0.00632095523179, 0.00551259284839, -0.00715541513637, 0.00661450671032, -0.0107427351177, 0.0166237689555, -0.0093280589208, 0.0078113572672, -0.011038149707, 0.0206277184188, -0.0103739546612], [-0.000385739753256, -0.00562228448689, 0.00472931703553, -0.0054854308255, 0.00482623232529, -0.00446781376377, 0.00739716598764, -0.0121094733477, 0.00865767709911, -0.00557645689696, 0.00776219414547, -0.0103739546612, 0.0198639221489]]
    },
    "melbands": {
        "max": [0.0333374626935, 0.00925137102604, 0.00442631402984, 0.00443940423429, 0.00793248135597, 0.0113031351939, 0.00807571783662, 0.00795781984925, 0.00963795464486, 0.00828447844833, 0.00445769494399, 0.00242045428604, 0.00185826420784, 0.00289835431613, 0.00160969235003, 0.00197302619927, 0.000987833132967, 0.00080497894669, 0.000734674977139, 0.00124692241661, 0.000743329350371, 0.000756538240239, 9.10787421162e-05, 9.97208553599e-05, 0.000346830405761, 0.000337675242918, 0.000222968825256, 3.83934675483e-05, 3.66347594536e-05, 5.59861910006e-05, 7.9125049524e-05, 6.68199645588e-05, 5.34633800271e-05, 6.7406675953e-05, 5.63695903111e-05, 5.59322725167e-05, 4.2224968638e-05, 1.33273269967e-05, 3.88563285014e-06, 2.34823147593e-07],
        "mean": [0.00222273310646, 0.000973018875811, 0.000390089990105, 0.00065723946318, 0.000505884876475, 0.000419061485445, 0.000615995377302, 0.000594175304286, 0.000681191857439, 0.000587979680859, 0.00032791896956, 0.000143123063026, 0.000140973497764, 0.000176453206223, 0.000101823461591, 9.06683781068e-05, 4.04777638323e-05, 3.00479550788e-05, 2.38257143792e-05, 4.3886651838e-05, 5.29842654942e-05, 2.78241113847e-05, 1.03611200757e-05, 7.59186650612e-06, 1.74888136826e-05, 3.09698334604e-05, 1.17069321277e-05, 2.39196015173e-06, 2.24979839913e-06, 2.90485127152e-06, 3.95350480176e-06, 3.26889880853e-06, 2.36660616793e-06, 2.09078575608e-06, 2.01178681891e-06, 1.3583406826e-06, 9.70438009062e-07, 3.55845713784e-07, 5.66316380457e-08, 1.04711384008e-09],
        "min": [1.62143322768e-07, 4.13482325712e-07, 1.89495858649e-06, 1.90384548659e-06, 5.77597745632e-07, 1.91619051293e-06, 1.75666571067e-06, 1.94811354959e-06, 1.43131103414e-06, 4.39586557377e-07, 2.57631796785e-07, 6.00247460625e-07, 3.90939476347e-07, 1.8690856507e-07, 4.79011461607e-08, 2.7763712751e-07, 1.50654742015e-07, 4.91267186931e-08, 3.0726042155e-07, 4.17433767552e-07, 3.44727411061e-08, 3.11132055231e-07, 7.22774515793e-08, 5.08644717456e-08, 3.32139151737e-08, 6.30941485724e-08, 3.03374996236e-08, 2.13768629465e-08, 1.4502929524e-08, 6.8583005941e-09, 5.68516611565e-09, 3.1450420046e-09, 1.58986629417e-10, 1.24867130524e-12, 1.20147761098e-12, 1.44617510241e-12, 9.23182212099e-13, 7.86582658816e-13, 6.13772867166e-13, 5.10763089809e-13],
        "stdev": [0.00275940354913, 0.00115970929619, 0.000481031660456, 0.000660598685499, 0.000767246412579, 0.000864694186021, 0.000838033854961, 0.000917194702197, 0.00102619407699, 0.00102979189251, 0.000598096405156, 0.000237678556005, 0.000235402869293, 0.000338652171195, 0.000203992749448, 0.000178132904693, 9.28005902097e-05, 5.89085611864e-05, 4.69545339001e-05, 0.000102260462882, 7.37227819627e-05, 5.07922013639e-05, 1.24460448205e-05, 9.71567624219e-06, 2.96578364214e-05, 4.63294127258e-05, 1.6926720491e-05, 3.13122814077e-06, 3.54590224561e-06, 4.68796497444e-06, 5.97033113081e-06, 5.55278438696e-06, 4.53129905509e-06, 5.7507454585e-06, 5.70316478843e-06, 4.2366159505e-06, 2.8284500786e-06, 1.07850200948e-06, 2.7502827038e-07, 9.88298509697e-09]
    },
    "melbands128": {
        "max": [0.0116034755483, 0.0471992753446, 0.0378431119025, 0.0162072703242, 0.0125066526234, 0.00691371504217, 0.00652140006423, 0.0062286821194, 0.00997702684253, 0.00670851301402, 0.00748551962897, 0.0121299345046, 0.0105639044195, 0.00766012072563, 0.0131501825526, 0.0195336453617, 0.00986506417394, 0.0148999746889, 0.0114412456751, 0.0154012609273, 0.0128388684243, 0.0146165629849, 0.0176467578858, 0.0102451862767, 0.0153621323407, 0.00986003596336, 0.0129207698628, 0.00596659863368, 0.00506918458268, 0.0043934523128, 0.00343427062035, 0.00275066751055, 0.00360961770639, 0.0042814607732, 0.00477793486789, 0.00585751188919, 0.00417810678482, 0.00302369589917, 0.00347522343509, 0.00367448595352, 0.00213442882523, 0.00413196580485, 0.0015275394544, 0.000785760465078, 0.00155590253416, 0.00107656407636, 0.000594730547164, 0.00180951971561, 0.00117734749801, 0.00173577468377, 0.00244726776145, 0.00246074120514, 0.0017847341951, 0.00136381445918, 0.00183384423144, 0.00148514646571, 0.000519615889061, 0.000175690540345, 0.000145876110764, 9.2808950285e-05, 0.00014372386795, 0.000205323696719, 0.000370057037799, 0.000694785267115, 0.00100311846472, 0.000727484177332, 0.000776545901317, 0.000601818668656, 0.000195646367501, 5.75938211114e-05, 6.4258252678e-05, 3.49326655851e-05, 3.93199188693e-05, 6.03909247729e-05, 6.21827930445e-05, 7.80557384132e-05, 6.54156319797e-05, 7.69744729041e-05, 0.000104662423837, 0.000109794338641, 7.34239656595e-05, 9.7408752481e-05, 6.57029013382e-05, 4.88263976877e-05, 7.8290606325e-05, 9.21595274122e-05, 8.26046816655e-05, 7.65019576647e-05, 7.21265605534e-05, 6.98153380654e-05, 9.42779006436e-05, 5.75660924369e-05, 6.16902398178e-05, 5.47792733414e-05, 2.76279806712e-05, 2.37654639932e-05, 1.13315145427e-05, 6.42849727228e-06, 4.75338038086e-06, 3.18448542203e-06, 2.72989723271e-07, 9.27857168875e-09, 7.18960846413e-09, 6.80679201892e-09, 6.46274145311e-09, 6.14463324666e-09, 5.84590198471e-09, 5.58183677057e-09, 5.3198512262e-09, 5.10485786975e-09, 4.91609730702e-09, 4.71637973121e-09, 4.52829507225e-09, 4.35362546014e-09, 4.19380441485e-09, 4.04618205607e-09, 3.91928534071e-09, 3.80008602363e-09, 3.68747810064e-09, 3.5905596274e-09, 3.50628104329e-09, 3.41357919709e-09, 3.35680661046e-09, 3.29403082588e-09, 3.238083357e-09, 3.20353588101e-09, 3.17206394485e-09, 3.15410808582e-09],
        "mean": [0.000876895035617, 0.00315899588168, 0.00240284297615, 0.00119280745275, 0.00106218329165, 0.000657639524434, 0.000299977284158, 0.000259312975686, 0.000540068780538, 0.000901077932213, 0.000517074367963, 0.000554937170818, 0.000584080116823, 0.0003184042871, 0.00040244878619, 0.000478740723338, 0.000501238799188, 0.000825752213132, 0.000476804823847, 0.000424503901741, 0.000696829461958, 0.000988780870102, 0.000523927621543, 0.000580500171054, 0.000714913359843, 0.000483675219584, 0.00058879487915, 0.000205382122658, 0.000267057010205, 0.000190671358723, 6.7770924943e-05, 0.000101211800938, 0.000171104591573, 0.000122475379612, 0.000216839616769, 0.000195675514988, 0.0001136781284, 9.88135434454e-05, 8.46879484016e-05, 0.0001112893151, 8.18276312202e-05, 8.21317662485e-05, 3.99947239202e-05, 1.42206217788e-05, 3.91872818e-05, 3.32410745614e-05, 2.31630201597e-05, 1.5481000446e-05, 2.17095712287e-05, 5.02230759594e-05, 4.81390743516e-05, 3.1300340197e-05, 6.66461564833e-05, 5.3679857956e-05, 4.42923010269e-05, 2.62479061348e-05, 1.20800714285e-05, 1.47322398334e-05, 7.88070519775e-06, 6.00255270911e-06, 7.92566697783e-06, 7.57015141062e-06, 1.04840109998e-05, 1.65893779922e-05, 3.62765022146e-05, 3.36969460477e-05, 2.97075876006e-05, 1.71750634763e-05, 7.38543667467e-06, 3.30304055751e-06, 2.40417671193e-06, 1.83119220765e-06, 1.88229250853e-06, 2.63309129878e-06, 2.11162887354e-06, 2.61182003669e-06, 3.20545041177e-06, 4.03367903345e-06, 4.14983924202e-06, 3.9414208004e-06, 3.1522304198e-06, 3.23567064697e-06, 2.89593731395e-06, 2.26261090575e-06, 1.91045205611e-06, 1.99919691113e-06, 2.19208209273e-06, 2.197422873e-06, 1.98062389245e-06, 1.98519023797e-06, 1.53879750542e-06, 1.15878196993e-06, 1.08563381218e-06, 1.02850776784e-06, 9.31417730499e-07, 5.11934786118e-07, 2.14766757267e-07, 1.24995409578e-07, 6.81723903995e-08, 1.27121175808e-08, 6.72075284314e-10, 4.058009484e-11, 2.25938538712e-11, 2.12691583096e-11, 2.02770335245e-11, 1.94549359261e-11, 1.90435375802e-11, 1.9477903665e-11, 1.83787516456e-11, 1.64601995228e-11, 1.5828274455e-11, 1.52531008657e-11, 1.46805605866e-11, 1.4138314651e-11, 1.36590166261e-11, 1.32530826591e-11, 1.2897091381e-11, 1.25329035344e-11, 1.22177953518e-11, 1.19259272596e-11, 1.16192689151e-11, 1.13577463406e-11, 1.11754641999e-11, 1.09526545819e-11, 1.05738577616e-11, 1.0068846798e-11, 9.75875717041e-12, 9.67457450957e-12],
        "min": [1.02226316301e-09, 5.76922198903e-09, 1.34827828902e-07, 5.44876627373e-07, 2.95871473099e-07, 6.58490080241e-08, 2.17226940435e-07, 2.18785601191e-07, 8.83068025814e-07, 2.02503883884e-06, 1.54482495418e-06, 1.20909859902e-08, 2.96019884161e-08, 4.29250555101e-08, 9.95561109107e-08, 1.39386557407e-07, 5.85111081364e-07, 1.34157005505e-06, 8.38097093947e-07, 1.11189990548e-07, 4.22204095685e-07, 1.17983006476e-07, 7.57490212777e-08, 1.24237175214e-07, 1.14202990176e-07, 9.70101154962e-08, 3.95842185696e-08, 8.07525353252e-08, 6.71623396897e-08, 1.09245252844e-08, 2.88360144651e-08, 3.28577591802e-08, 5.29594901266e-09, 1.09346430577e-07, 3.61402783255e-08, 5.19773202257e-09, 1.22031185157e-08, 9.4966683406e-09, 1.52019463684e-08, 8.5197475741e-09, 5.28804093847e-08, 8.88534046339e-08, 3.09193630699e-08, 1.7102754768e-08, 2.3849965558e-08, 1.72514766916e-08, 2.21921041543e-08, 1.6253453694e-08, 1.22673412761e-07, 9.97537625835e-08, 4.99119749975e-08, 1.66360827336e-08, 1.2255175541e-08, 1.32364466054e-08, 3.94131518533e-08, 5.18160305774e-08, 3.65918531031e-08, 8.67232596846e-09, 1.43577656431e-08, 4.73539341073e-09, 3.71355959317e-08, 1.20262333425e-08, 7.36181604566e-09, 8.35744184968e-09, 8.7650260383e-09, 7.3695879621e-08, 2.48737901387e-08, 5.30822985567e-09, 4.01655775306e-09, 1.3522875264e-08, 2.77883027699e-09, 9.8989916264e-10, 9.95231341783e-10, 4.43937953065e-09, 3.68572350418e-09, 1.4746170951e-09, 1.04168573767e-09, 2.18138285213e-09, 7.63044794017e-10, 2.38963759891e-09, 3.90877197276e-09, 1.60920665682e-10, 4.51310128158e-10, 4.66475573446e-11, 1.72599380534e-12, 6.09574185833e-13, 6.86117178697e-13, 7.60440213403e-13, 7.54827027705e-13, 6.59390348313e-13, 7.40402639372e-13, 8.67169508943e-13, 6.10935618501e-13, 5.63059039498e-13, 6.34624514398e-13, 4.84033548919e-13, 6.20898785945e-13, 5.59930032028e-13, 4.87955975539e-13, 4.4510963383e-13, 3.14315603709e-13, 4.3238375662e-13, 4.36114929976e-13, 3.56972210038e-13, 3.23507849198e-13, 3.34667054269e-13, 3.6539502435e-13, 3.60297918887e-13, 4.06753027527e-13, 3.8226802908e-13, 4.69857497094e-13, 4.51939619625e-13, 4.78832468467e-13, 4.80313271795e-13, 4.17270927013e-13, 5.10601218424e-13, 3.62506248977e-13, 4.39537756235e-13, 4.10460321331e-13, 4.78576759385e-13, 4.51862370221e-13, 4.4866288961e-13, 4.2700131625e-13, 4.48047442246e-13, 3.41730523002e-13, 1.54580409345e-13, 1.45359561248e-14, 6.63288736984e-16],
        "stdev": [0.0011039118981, 0.00411764346063, 0.00315344939008, 0.00148804660421, 0.0015962398611, 0.000901191786397, 0.000531572673935, 0.000550760421902, 0.000864753266796, 0.00102389534004, 0.000680100522004, 0.00101315928623, 0.00116862624418, 0.00054362800438, 0.00103588995989, 0.00141285429709, 0.000808670476545, 0.00139468512498, 0.000886111229192, 0.00111166702118, 0.00156046112534, 0.00206205039285, 0.00132990989368, 0.00117180519737, 0.00176629098132, 0.00126824656036, 0.0015821281122, 0.000558918865863, 0.000606960558798, 0.000412014167523, 0.000205143733183, 0.000245766801527, 0.000369186425814, 0.000362158141797, 0.000494501320645, 0.000576639722567, 0.000368594075553, 0.000322842650348, 0.000264271599008, 0.000337179633789, 0.000204665251658, 0.00028405195917, 0.000128758270876, 4.53480097349e-05, 0.000115356153401, 7.96143867774e-05, 4.40141375293e-05, 6.18659032625e-05, 6.7626220698e-05, 0.000150052292156, 0.000170726270881, 0.000111798275611, 0.000117677278467, 0.000113074485853, 0.000125182326883, 6.77250282024e-05, 2.41663801717e-05, 2.20706060645e-05, 1.27797957248e-05, 9.8013160823e-06, 1.2811515262e-05, 1.40285519592e-05, 2.67544255621e-05, 3.98806005251e-05, 7.76765591581e-05, 6.95024064044e-05, 6.3235151174e-05, 3.44307154592e-05, 1.54649187607e-05, 5.2360301197e-06, 4.1822604544e-06, 2.94311530524e-06, 3.34159290105e-06, 5.22513983015e-06, 4.17544742959e-06, 5.30583156433e-06, 5.905411399e-06, 7.44898534322e-06, 7.33034266887e-06, 7.88355646364e-06, 6.05498280493e-06, 6.95749895385e-06, 6.13654674453e-06, 4.50950301456e-06, 4.82680616187e-06, 5.6257513279e-06, 6.83294592818e-06, 7.11275652066e-06, 5.72411863686e-06, 6.17706518824e-06, 5.09226629219e-06, 3.97022495235e-06, 3.80002757083e-06, 3.30655325342e-06, 2.41769339482e-06, 1.51393908254e-06, 9.05987292299e-07, 6.21199205852e-07, 3.41624371458e-07, 1.10211082927e-07, 9.52770840001e-09, 4.09130201939e-10, 2.7739174846e-10, 2.63378818754e-10, 2.50579224037e-10, 2.38752184689e-10, 2.2754614859e-10, 2.18437753996e-10, 2.07851846845e-10, 1.99177577209e-10, 1.9180385058e-10, 1.84167639472e-10, 1.76926057138e-10, 1.70197175797e-10, 1.6396743685e-10, 1.58359492186e-10, 1.5341082571e-10, 1.48875994865e-10, 1.44441847372e-10, 1.40848527286e-10, 1.37398092903e-10, 1.33776018041e-10, 1.31560429217e-10, 1.29122046388e-10, 1.27023433438e-10, 1.25734644918e-10, 1.24458179873e-10, 1.23759558157e-10]
    },
    "mfcc": {
        "mean": [-655.642822266, 169.847503662, -36.1223526001, 46.843132019, -29.3530406952, 21.3863639832, -24.3820228577, 24.83228302, -13.781662941, 18.3461208344, -9.10795783997, 11.7581262589, -3.07491970062],
        "cov": [[4611.55029297, -1040.5078125, 322.23916626, -163.695541382, -257.636260986, 518.392150879, -274.441040039, 845.521240234, -539.473815918, 617.906433105, -178.609939575, 519.632751465, -217.254486084], [-1040.5078125, 1077.16345215, -455.262664795, 110.975570679, 12.3238143921, -184.630462646, 187.658752441, -164.509246826, 108.400398254, -181.585662842, 84.7688751221, -187.646453857, 101.565322876], [322.23916626, -455.262664795, 654.057983398, -133.254730225, 29.4564781189, 136.665161133, -6.82703351974, 57.5958023071, 1.26658058167, 73.0696792603, -42.1574897766, 107.405502319, -16.2908821106], [-163.695541382, 110.975570679, -133.254730225, 257.312133789, 49.9940452576, -20.0561389923, -60.9450798035, -44.2407608032, 18.2607631683, -17.1138801575, 21.8369750977, -65.2234039307, 46.1819343567], [-257.636260986, 12.3238143921, 29.4564781189, 49.9940452576, 224.491073608, -61.2301330566, -2.38350439072, -95.1394958496, 23.5133056641, -8.41305732727, -18.480506897, -24.0549907684, 7.86336565018], [518.392150879, -184.630462646, 136.665161133, -20.0561389923, -61.2301330566, 212.771408081, -38.7468490601, 131.057510376, -49.2932434082, 69.6917724609, 9.25874328613, 72.6851272583, -5.50166463852], [-274.441040039, 187.658752441, -6.82703351974, -60.9450798035, -2.38350439072, -38.7468490601, 260.624420166, -25.7365016937, 82.3277053833, -41.7293167114, -0.316505074501, -3.90290522575, 11.7460632324], [845.521240234, -164.509246826, 57.5958023071, -44.2407608032, -95.1394958496, 131.057510376, -25.7365016937, 318.22076416, -117.915153503, 152.671890259, -27.6251735687, 106.821090698, -8.66867828369], [-539.473815918, 108.400398254, 1.26658058167, 18.2607631683, 23.5133056641, -49.2932434082, 82.3277053833, -117.915153503, 220.075134277, -95.4202041626, 44.474811554, -58.1445922852, -6.90975809097], [617.906433105, -181.585662842, 73.0696792603, -17.1138801575, -8.41305732727, 69.6917724609, -41.7293167114, 152.671890259, -95.4202041626, 217.43208313, -19.2524547577, 98.0742950439, -35.0787353516], [-178.609939575, 84.7688751221, -42.1574897766, 21.8369750977, -18.480506897, 9.25874328613, -0.316505074501, -27.6251735687, 44.474811554, -19.2524547577, 112.083236694, -24.7978096008, 23.7805252075], [519.632751465, -187.646453857, 107.405502319, -65.2234039307, -24.0549907684, 72.6851272583, -3.90290522575, 106.821090698, -58.1445922852, 98.0742950439, -24.7978096008, 170.035385132, -41.8120994568], [-217.254486084, 101.565322876, -16.2908821106, 46.1819343567, 7.86336565018, -5.50166463852, 11.7460632324, -8.66867828369, -6.90975809097, -35.0787353516, 23.7805252075, -41.8120994568, 134.493911743]],
        "icov": [[0.000756772060413, 0.000169689737959, 0.000124101774418, -0.000134955989779, 0.000168992904946, -0.000619869213551, 0.000146846505231, -0.000906194385607, 0.000653747993056, -0.000450961786555, 0.000372276670532, -0.000687508669216, 0.000685616163537], [0.000169689737959, 0.00204892829061, 0.00102008529939, -0.000254473212408, 1.61976947766e-06, 0.000329366710503, -0.00131918210536, -0.000186572899111, 0.000346374959918, 0.000361082347808, -0.000752668594941, 0.000622694438789, -0.000507028016727], [0.000124101774418, 0.00102008529939, 0.00290120346472, 0.00120588112622, -0.000726054830011, -0.00158747867681, -0.000227777622058, 0.000361252226867, -0.000813374528661, -0.000457164191175, 0.000750180566683, -0.000441287906142, -0.00104269164149], [-0.000134955989779, -0.000254473212408, 0.00120588112622, 0.0058825048618, -0.00130521389656, -0.000964966719039, 0.00173361552879, 0.000489394820761, -0.00139767548535, -0.000985266990028, 0.000356585020199, 0.0012397483224, -0.00198911479674], [0.000168992904946, 1.61976947766e-06, -0.000726054830011, -0.00130521389656, 0.00613785116002, 0.00111638300586, -8.02095837571e-06, 0.00184176268522, 0.00010731684597, -0.00149936508387, 0.00131499546114, -0.000296422833344, -0.000272003351711], [-0.000619869213551, 0.000329366710503, -0.00158747867681, -0.000964966719039, 0.00111638300586, 0.00890441052616, 0.000165470512002, -0.00184894108679, -7.66258290241e-06, 0.00101065682247, -0.00252779619768, -0.000654824543744, -0.000439035473391], [0.000146846505231, -0.00131918210536, -0.000227777622058, 0.00173361552879, -8.02095837571e-06, 0.000165470512002, 0.00606614490971, -0.000614577962551, -0.00247915810905, -0.00025302884751, 0.00147892581299, -0.0013300065184, -0.000819962646347], [-0.000906194385607, -0.000186572899111, 0.000361252226867, 0.000489394820761, 0.00184176268522, -0.00184894108679, -0.000614577962551, 0.0083833578974, 0.000306273199385, -0.00301083247177, 0.00100597308483, -0.000223763694521, -0.00205350015312], [0.000653747993056, 0.000346374959918, -0.000813374528661, -0.00139767548535, 0.00010731684597, -7.66258290241e-06, -0.00247915810905, 0.000306273199385, 0.0087222661823, 0.00178330135532, -0.00285997428, 0.000392679416109, 0.00294653652236], [-0.000450961786555, 0.000361082347808, -0.000457164191175, -0.000985266990028, -0.00149936508387, 0.00101065682247, -0.00025302884751, -0.00301083247177, 0.00178330135532, 0.00968598108739, -0.0018519340083, -0.00192832655739, 0.00158472766634], [0.000372276670532, -0.000752668594941, 0.000750180566683, 0.000356585020199, 0.00131499546114, -0.00252779619768, 0.00147892581299, 0.00100597308483, -0.00285997428, -0.0018519340083, 0.0121515151113, -0.000257700448856, -0.00196507782675], [-0.000687508669216, 0.000622694438789, -0.000441287906142, 0.0012397483224, -0.000296422833344, -0.000654824543744, -0.0013300065184, -0.000223763694521, 0.000392679416109, -0.00192832655739, -0.000257700448856, 0.0112492274493, 0.00109232857358], [0.000685616163537, -0.000507028016727, -0.00104269164149, -0.00198911479674, -0.000272003351711, -0.000439035473391, -0.000819962646347, -0.00205350015312, 0.00294653652236, 0.00158472766634, -0.00196507782675, 0.00109232857358, 0.010671348311]]
    },
    "spectral_contrast_coeffs": {
        "max": [-0.378443241119, -0.465014487505, -0.475988000631, -0.562368512154, -0.548121273518, -0.372229278088],
        "mean": [-0.721006214619, -0.705466926098, -0.719007968903, -0.747501850128, -0.741909444332, -0.570316135883],
        "min": [-0.896936058998, -0.87285554409, -0.901213884354, -0.868599832058, -0.85982888937, -0.863285183907],
        "stdev": [0.0742198526859, 0.0691626220942, 0.0738090723753, 0.0550317279994, 0.0578735992312, 0.0626030266285]
    },
    "spectral_contrast_valleys": {
        "max": [-5.22951173782, -4.90726041794, -5.58336925507, -6.08598661423, -6.54896116257, -9.0725736618],
        "mean": [-6.60867881775, -6.37800979614, -7.32533979416, -7.73025178909, -7.90708446503, -13.0270500183],
        "min": [-9.91803741455, -8.55433559418, -9.71134662628, -9.83459186554, -10.0592565536, -16.0229072571],
        "stdev": [0.749863684177, 0.617534399033, 0.743379712105, 0.637501716614, 0.67777210474, 1.30041575432]
    }
},
"rhythm": {
    "beats_count": 55,
    "beats_loudness": {
        "max": 0.130344882607,
        "mean": 0.0398780964315,
        "min": 0.000817945168819,
        "stdev": 0.0273489542305
    },
    "bpm": 146.536773682,
    "bpm_histogram_first_peak_bpm": 148,
    "bpm_histogram_first_peak_weight": 0.519999980927,
    "bpm_histogram_second_peak_bpm": 74,
    "bpm_histogram_second_peak_spread": 0.25,
    "bpm_histogram_second_peak_weight": 0.277777791023,
    "danceability": 0.927206635475,
    "onset_rate": 2.12255835533,
    "beats_loudness_band_ratio": {
        "max": [0.722874701023, 0.692201852798, 0.726227581501, 0.507700383663, 0.244537368417, 0.144039466977],
        "mean": [0.306695014238, 0.221292197704, 0.337462902069, 0.131017029285, 0.0415675267577, 0.024811534211],
        "min": [0.0637411698699, 0.0207604374737, 0.0372233428061, 0.00853799004108, 0.00969920214266, 0.00167169468477],
        "stdev": [0.177380397916, 0.186853319407, 0.170339673758, 0.102838888764, 0.0424671769142, 0.0258859209716]
    },
    "beats_position": [0.383129239082, 0.789478421211, 1.19582760334, 1.60217678547, 2.00852608681, 2.41487526894, 2.82122445107, 3.20435357094, 3.59909296036, 3.99383211136, 4.38857126236, 4.80653047562, 5.21287965775, 5.61922883987, 6.03718805313, 6.45514726639, 6.86149644852, 7.27945566177, 7.6858048439, 8.11537361145, 8.52172279358, 8.93968200684, 9.35764122009, 9.77560043335, 10.1935596466, 10.5999088287, 11.017868042, 11.4358272552, 11.9814968109, 12.5155553818, 13.0380039215, 13.6301136017, 14.2338323593, 14.8375511169, 15.5341491699, 16.3468475342, 17.1595458984, 17.9722442627, 18.8081626892, 19.6208610535, 20.4335594177, 21.246257782, 22.0589561462, 22.8948745728, 23.7191829681, 24.5434913635, 25.37940979, 26.1921081543, 27.0164165497, 27.8407249451, 28.6766433716, 29.4893417358, 30.3136501312, 31.1379585266, 31.9274368286],
