{
"metadata": {
    "version": {
        "essentia": "2.1-beta5",
        "essentia_git_sha": "Undefined",
        "extractor": "music 2.0"
    },
    "audio_properties": {
        "analysis": {
            "equal_loudness": 0,
            "length": 21.7454872131,
            "sample_rate": 44100,
            "start_time": 175.240997314,
            "downmix": "mix"
        },
        "bit_rate": 192000,
        "length": 197.00970459,
        "lossless": 0,
        "number_channels": 2,
        "replay_gain": 0.770223617554,
        "sample_rate": 48000,
        "codec": "mp3",
        "md5_encoded": "feb1af296aabd415eb3730f42fe6eb7d"
    },
    "tags": {
        "file_name": "Austria_Rise Like a Phoenix_Conchita Wurst.mp3",
        "encoding": ["Lavf58.29.100"]
    }
},
"lowlevel": {
    "average_loudness": 0.941592276096,
    "barkbands_crest": {
        "max": 26.121219635,
        "mean": 12.7767343521,
        "min": 2.37332510948,
        "stdev": 5.26500606537
    },
    "barkbands_flatness_db": {
        "max": 0.414597034454,
        "mean": 0.226649060845,
        "min": 0.0761804431677,
        "stdev": 0.0573603585362
    },
    "barkbands_kurtosis": {
        "max": 84.6507110596,
        "mean": 4.64496517181,
        "min": -1.84367907047,
        "stdev": 9.79773712158
    },
    "barkbands_skewness": {
        "max": 7.1226682663,
        "mean": 1.30772078037,
        "min": -1.05844414234,
        "stdev": 1.06314885616
    },
    "barkbands_spread": {
        "max": 76.2374038696,
        "mean": 14.0173149109,
        "min": 1.08926343918,
        "stdev": 9.54931354523
    },
    "dissonance": {
        "max": 0.5,
        "mean": 0.461963891983,
        "min": 0.26141384244,
        "stdev": 0.0385465174913
    },
    "dynamic_complexity": 2.5458176136,
    "erbbands_crest": {
        "max": 32.0167274475,
        "mean": 15.1799840927,
        "min": 2.43462181091,
        "stdev": 8.20980930328
    },
    "erbbands_flatness_db": {
        "max": 0.428656101227,
        "mean": 0.283921420574,
        "min": 0.116445288062,
        "stdev": 0.0636915564537
    },
    "erbbands_kurtosis": {
        "max": 63.5396728516,
        "mean": 3.42039370537,
        "min": -1.63416135311,
        "stdev": 7.25946569443
    },
    "erbbands_skewness": {
        "max": 7.05815505981,
        "mean": 1.43623101711,
        "min": -3.17187952995,
        "stdev": 1.14620757103
    },
    "erbbands_spread": {
        "max": 78.4542617798,
        "mean": 21.9006824493,
        "min": 2.50785684586,
        "stdev": 13.6587381363
    },
    "hfc": {
        "max": 77.7677154541,
        "mean": 28.9999351501,
        "min": 0.28786110878,
        "stdev": 13.7938394547
    },
    "loudness_ebu128": {
        "integrated": -22.0124454498,
        "loudness_range": 4.27604293823,
        "momentary": {
            "max": -20.0014152527,
            "mean": -22.9278793335,
            "min": -40.7717514038,
            "stdev": 3.4947578907
        },
        "short_term": {
            "max": -20.8288555145,
            "mean": -22.1665916443,
            "min": -27.2259922028,
            "stdev": 1.66408574581
        }
    },
    "melbands_crest": {
        "max": 33.7040328979,
        "mean": 16.1044845581,
        "min": 4.00529146194,
        "stdev": 6.32060480118
    },
    "melbands_flatness_db": {
        "max": 0.407779604197,
        "mean": 0.223294615746,
        "min": 0.0929782018065,
        "stdev": 0.0537163130939
    },
    "melbands_kurtosis": {
        "max": 120.064758301,
        "mean": 8.76487350464,
        "min": -0.85339307785,
        "stdev": 14.0393857956
    },
    "melbands_skewness": {
        "max": 8.91498374939,
        "mean": 1.61564564705,
        "min": -1.03484690189,
        "stdev": 1.31434738636
    },
    "melbands_spread": {
        "max": 173.378372192,
        "mean": 19.3776130676,
        "min": 1.65553760529,
        "stdev": 14.7391195297
    },
    "pitch_salience": {
        "max": 0.859005510807,
        "mean": 0.54624247551,
        "min": 0.123391494155,
        "stdev": 0.177515730262
    },
    "silence_rate_20dB": {
        "max": 1,
        "mean": 1,
        "min": 1,
        "stdev": 0
    },
    "silence_rate_30dB": {
        "max": 1,
        "mean": 1,
        "min": 1,
        "stdev": 0
    },
    "silence_rate_60dB": {
        "max": 1,
        "mean": 0.0394456274807,
        "min": 0,
        "stdev": 0.194653615355
    },
    "spectral_centroid": {
        "max": 4396.81005859,
        "mean": 1409.6817627,
        "min": 378.17590332,
        "stdev": 461.326690674
    },
    "spectral_complexity": {
        "max": 48,
        "mean": 24.5735607147,
        "min": 0,
        "stdev": 9.98151493073
    },
    "spectral_decrease": {
        "max": -3.97052252188e-11,
        "mean": -7.80632891662e-09,
        "min": -3.08667367221e-08,
        "stdev": 4.5628154588e-09
    },
    "spectral_energy": {
        "max": 0.120628423989,
        "mean": 0.0320932678878,
        "min": 0.000181615847396,
        "stdev": 0.0182669945061
    },
    "spectral_energyband_high": {
        "max": 0.00488098850474,
        "mean": 0.000722593278624,
        "min": 4.22482753493e-06,
        "stdev": 0.000652959104627
    },
    "spectral_energyband_low": {
        "max": 0.0972564667463,
        "mean": 0.00411881599575,
        "min": 9.23523746366e-09,
        "stdev": 0.00842274166644
    },
    "spectral_energyband_middle_high": {
        "max": 0.0738997012377,
        "mean": 0.0125222001225,
        "min": 5.65456357435e-05,
        "stdev": 0.0117606874555
    },
    "spectral_energyband_middle_low": {
        "max": 0.0789132267237,
        "mean": 0.0157174114138,
        "min": 6.74052571412e-05,
        "stdev": 0.0137354377657
    },
    "spectral_entropy": {
        "max": 8.38131523132,
        "mean": 7.49594736099,
        "min": 5.67109012604,
        "stdev": 0.369690775871
    },
    "spectral_flux": {
        "max": 0.283522605896,
        "mean": 0.0887636244297,
        "min": 0.00835932604969,
        "stdev": 0.0375434421003
    },
    "spectral_kurtosis": {
        "max": 20.2080726624,
        "mean": 2.75721335411,
        "min": -1.03517007828,
        "stdev": 2.5760345459
    },
    "spectral_rms": {
        "max": 0.0108483303338,
        "mean": 0.00531807169318,
        "min": 0.000420934899012,
        "stdev": 0.0017402858939
    },
    "spectral_rolloff": {
        "max": 7105.95703125,
        "mean": 1347.02050781,
        "min": 129.19921875,
        "stdev": 855.354797363
    },
    "spectral_skewness": {
        "max": 3.63697290421,
        "mean": 1.05493152142,
        "min": -0.567182898521,
        "stdev": 0.386340498924
    },
    "spectral_spread": {
        "max": 17507492,
        "mean": 3193080.25,
        "min": 1951599.25,
        "stdev": 830380.8125
    },
    "spectral_strongpeak": {
        "max": 9.59421253204,
        "mean": 2.56300544739,
        "min": 0,
        "stdev": 2.08786654472
    },
    "zerocrossingrate": {
        "max": 0.23779296875,
        "mean": 0.0556583367288,
        "min": 0.01171875,
        "stdev": 0.0221488252282
    },
    "barkbands": {
        "max": [0.0035318878945, 0.0419214442372, 0.0537222772837, 0.00737259350717, 0.0177866220474, 0.0208274591714, 0.00458947988227, 0.0545347258449, 0.0720623582602, 0.0608020834625, 0.0335995033383, 0.00501190079376, 0.00820454023778, 0.00489474786445, 0.00906828977168, 0.0021156927105, 0.00278878118843, 0.00340075977147, 0.00168316159397, 0.00189750490244, 0.00123593071476, 0.00140498194378, 0.0031197341159, 0.000242898269789, 1.2831519598e-05, 6.56462759707e-07, 7.07413391865e-07],
        "mean": [5.89481714997e-05, 0.00239998335019, 0.0014233951224, 0.000373222079361, 0.00103501963895, 0.00055970280664, 0.000384866638342, 0.00231073051691, 0.00956026092172, 0.00699625117704, 0.00187785143498, 0.00079538061982, 0.000695600581821, 0.000829537690151, 0.000581659493037, 0.000336213619448, 0.000406407663831, 0.00033667855314, 0.000282040273305, 0.000313893222483, 0.000209849371458, 0.000223277806072, 8.22177535156e-05, 2.01756938623e-05, 1.10455999902e-07, 1.83642734353e-09, 1.98576022292e-09],
        "min": [6.41026232095e-10, 4.12832823482e-10, 1.59461749361e-10, 2.32496555341e-09, 8.32192057487e-08, 9.14827808174e-07, 1.04657988231e-06, 5.18967226526e-06, 6.9340585469e-06, 2.10213647733e-06, 1.17833610602e-06, 5.26804740275e-07, 2.92270965474e-06, 2.09051586353e-06, 1.5224195522e-06, 1.01274463304e-06, 1.70006353528e-06, 1.37074482609e-06, 8.15104215235e-07, 1.11982194539e-06, 1.2172137076e-06, 1.16454407362e-06, 1.94744984583e-07, 3.01440344908e-10, 9.36275917907e-11, 1.34664349116e-10, 1.68228306285e-10],
        "stdev": [0.000220701782382, 0.00491626840085, 0.00399069068953, 0.000808074255474, 0.00200752611272, 0.00101976795122, 0.000579753075726, 0.00601379480213, 0.0129763204604, 0.0091448975727, 0.00420325901359, 0.000838131993078, 0.000707620405592, 0.000749777827878, 0.000571122509427, 0.000257630948909, 0.000346705783159, 0.000353467243258, 0.000224434523261, 0.000303284323309, 0.000166998361237, 0.000216208558413, 0.00017062817642, 3.253543764e-05, 6.47507022222e-07, 2.14362110285e-08, 2.30970460535e-08]
    },
    "erbbands": {
        "max": [1.16346406937, 12.2861385345, 56.7634086609, 34.7283744812, 16.7640380859, 96.442199707, 196.037902832, 220.116775513, 102.812576294, 474.820678711, 1282.41638184, 2038.06933594, 1356.92895508, 3002.8605957, 333.545654297, 219.335189819, 413.367858887, 224.468063354, 522.115661621, 262.306793213, 93.9683227539, 139.96081543, 156.205413818, 62.7084236145, 82.6482772827, 119.302589417, 39.8403663635, 57.3674812317, 55.3334236145, 54.3741264343, 119.91129303, 9.11540222168, 4.55767536163, 0.432823777199, 0.0118159307167, 0.0026329823304, 0.00122096226551, 0.000441093143309, 0.000103045960714, 0.000135186361149],
        "mean": [0.0542621798813, 0.59680467844, 1.64897322655, 1.5120279789, 1.50471007824, 3.73852944374, 6.06115245819, 4.05337095261, 4.98195886612, 11.0551223755, 80.7634048462, 229.982543945, 182.58605957, 247.921295166, 48.8116950989, 34.0713195801, 32.6272468567, 38.0431480408, 42.0660591125, 22.4996910095, 18.4430141449, 22.5466156006, 20.0310668945, 13.9138822556, 14.4836263657, 16.9576740265, 9.06477451324, 8.90859603882, 8.19838809967, 4.42011260986, 2.13491559029, 0.776947677135, 0.166825637221, 0.00974180176854, 0.000425908743637, 7.5607211329e-05, 2.75100464933e-05, 9.1415058705e-06, 1.88584072021e-05, 3.87427498936e-05],
        "min": [1.92338035276e-07, 5.4926096027e-07, 1.77627953235e-06, 1.74464039446e-05, 0.000181926749065, 0.000765147211496, 0.00180531898513, 0.0160410664976, 0.0202848445624, 0.0438629984856, 0.173626616597, 0.389932155609, 0.237763255835, 0.112530015409, 0.168247684836, 0.054132822901, 0.126655966043, 0.18936444819, 0.0920474007726, 0.0488879941404, 0.0950235426426, 0.111021757126, 0.0631152018905, 0.0553399659693, 0.0522987693548, 0.0820757448673, 0.0672404244542, 0.0535653047264, 0.0446586422622, 0.0168175343424, 0.00599921960384, 0.000709764950443, 2.92642271233e-05, 4.96063512401e-06, 2.92980166705e-06, 1.08285348688e-06, 6.13839176822e-07, 2.49815116149e-07, 2.12104168895e-07, 2.69875641834e-07],
        "stdev": [0.123277515173, 1.24520170689, 4.36378955841, 3.36236095428, 2.42958164215, 7.64012622833, 15.5599822998, 8.75450611115, 7.87619066238, 22.8755779266, 164.146789551, 326.636779785, 193.716049194, 448.307952881, 50.5880203247, 34.0722999573, 32.5542106628, 32.6781425476, 36.6272315979, 18.7186183929, 12.99908638, 19.4593086243, 19.0732650757, 11.4880208969, 11.5611152649, 18.479095459, 6.86142110825, 7.4523692131, 7.94817829132, 5.71223306656, 5.32431125641, 1.18533277512, 0.352671921253, 0.0293921902776, 0.00088978180429, 0.000116022063594, 4.30768668593e-05, 1.51874255607e-05, 1.00226889117e-05, 2.11268761632e-05]
    },
    "gfcc": {
        "mean": [-49.1307830811, 117.560150146, -214.7890625, 29.4460926056, -86.4494628906, 0.902227044106, 4.83265542984, -17.4349365234, 12.5042743683, -27.6795253754, -6.48355579376, -17.7381706238, -2.07339715958],
        "cov": [[3767.05419922, 1004.48132324, 1329.58850098, 1166.02294922, 512.773742676, 827.3046875, 166.723846436, 407.899932861, 78.6156005859, 40.1965866089, 204.220977783, -112.338027954, 272.951019287], [1004.48132324, 1366.5378418, 1627.06933594, 1104.95739746, 505.220581055, 440.47833252, 122.224517822, 121.641143799, 87.0249786377, 109.071624756, 91.987197876, -54.5406036377, 126.023475647], [1329.58850098, 1627.06933594, 2793.59936523, 1857.2232666, 409.001068115, 732.423339844, -16.5739688873, 159.492019653, 73.5401687622, 179.74281311, 162.779556274, -127.678390503, 199.803146362], [1166.02294922, 1104.95739746, 1857.2232666, 1437.06872559, 397.162811279, 584.988952637, 15.2048997879, 159.262908936, 44.8891410828, 119.030410767, 120.353210449, -92.7525787354, 129.41885376], [512.773742676, 505.220581055, 409.001068115, 397.162811279, 396.855163574, 250.23600769, 202.789031982, 155.406311035, 90.4705505371, 53.617565155, 15.757314682, -9.32155609131, 25.0567512512], [827.3046875, 440.47833252, 732.423339844, 584.988952637, 250.23600769, 415.618377686, 123.059432983, 169.385223389, 61.4991493225, 54.6768569946, 53.8998260498, -45.6350021362, 71.4125747681], [166.723846436, 122.224517822, -16.5739688873, 15.2048997879, 202.789031982, 123.059432983, 277.8152771, 119.117202759, 85.1774978638, 36.2028923035, -14.001584053, 26.4167289734, -8.7109375], [407.899932861, 121.641143799, 159.492019653, 159.262908936, 155.406311035, 169.385223389, 119.117202759, 215.257293701, 130.803100586, 60.0696334839, 40.5456581116, -36.0006599426, 4.33107280731], [78.6156005859, 87.0249786377, 73.5401687622, 44.8891410828, 90.4705505371, 61.4991493225, 85.1774978638, 130.803100586, 161.688171387, 90.8763427734, 21.3009738922, -22.47082901, -17.2302093506], [40.1965866089, 109.071624756, 179.74281311, 119.030410767, 53.617565155, 54.6768569946, 36.2028923035, 60.0696334839, 90.8763427734, 100.394187927, 37.2505111694, -6.92517471313, -2.05233407021], [204.220977783, 91.987197876, 162.779556274, 120.353210449, 15.757314682, 53.8998260498, -14.001584053, 40.5456581116, 21.3009738922, 37.2505111694, 72.720993042, 10.7671604156, 22.2328853607], [-112.338027954, -54.5406036377, -127.678390503, -92.7525787354, -9.32155609131, -45.6350021362, 26.4167289734, -36.0006599426, -22.47082901, -6.92517471313, 10.7671604156, 76.1126022339, 18.3975658417], [272.951019287, 126.023475647, 199.803146362, 129.41885376, 25.0567512512, 71.4125747681, -8.7109375, 4.33107280731, -17.2302093506, -2.05233407021, 22.2328853607, 18.3975658417, 90.693687439]],
        "icov": [[0.00078815582674, -0.000968431704678, 0.00106003961992, -0.000689735170454, 0.00103924889117, -0.00126688939054, -0.000207282326301, -0.000764435739256, 0.000357090553734, 0.000489094178192, -0.00118354836013, 0.0011694743298, -0.00151858129539], [-0.000968431704678, 0.0136972917244, -0.0103127397597, 0.00572820566595, -0.0180423539132, 0.00660625100136, -0.000681492732838, 0.0105191385373, -0.00645724684, 0.00702503416687, -0.00987435691059, 0.00568122789264, -0.00215754075907], [0.00106003961992, -0.0103127397597, 0.011364963837, -0.00916822068393, 0.0151266688481, -0.00531501369551, -0.000940462748986, -0.00560033181682, 0.00253116898239, -0.00477483170107, 0.00577435875311, -0.00177627732046, -0.00131429405883], [-0.000689735170454, 0.00572820566595, -0.00916822068393, 0.0120106600225, -0.0120277199894, -0.000387288891943, 0.00366801558994, 0.00281641888432, 0.00174820469692, -0.000162868847838, -0.00387436198071, 0.00125240115449, 0.00204512989148], [0.00103924889117, -0.0180423539132, 0.0151266688481, -0.0120277199894, 0.0321533493698, -0.00824987981468, -0.00374361360446, -0.0147941755131, 0.00632495433092, -0.00813354365528, 0.0154251316562, -0.0091223847121, 0.00282794469967], [-0.00126688939054, 0.00660625100136, -0.00531501369551, -0.000387288891943, -0.00824987981468, 0.0152381565422, -0.00419744849205, -1.38543782668e-07, -5.44840731891e-05, 0.00253874715418, -0.00354536157101, 0.00455751316622, -0.00323573639616], [-0.000207282326301, -0.000681492732838, -0.000940462748986, 0.00366801558994, -0.00374361360446, -0.00419744849205, 0.0118666635826, -0.00469157798216, 0.00130759004969, -0.00369787728414, 0.00789784267545, -0.00930439867079, 0.00422773649916], [-0.000764435739256, 0.0105191385373, -0.00560033181682, 0.00281641888432, -0.0147941755131, -1.38543782668e-07, -0.00469157798216, 0.0307578723878, -0.0218910239637, 0.0149725545198, -0.0203392300755, 0.0134061267599, -0.00338299176656], [0.000357090553734, -0.00645724684, 0.00253116898239, 0.00174820469692, 0.00632495433092, -5.44840731891e-05, 0.00130759004969, -0.0218910239637, 0.0345510058105, -0.0265933293849, 0.012798060663, -0.00245160376653, 0.00261571351439], [0.000489094178192, 0.00702503416687, -0.00477483170107, -0.000162868847838, -0.00813354365528, 0.00253874715418, -0.00369787728414, 0.0149725545198, -0.0265933293849, 0.0382739081979, -0.0206252802163, 0.00535546196625, -0.00152046454605], [-0.00118354836013, -0.00987435691059, 0.00577435875311, -0.00387436198071, 0.0154251316562, -0.00354536157101, 0.00789784267545, -0.0203392300755, 0.012798060663, -0.0206252802163, 0.0434122234583, -0.0221872348338, 0.00617347611114], [0.0011694743298, 0.00568122789264, -0.00177627732046, 0.00125240115449, -0.0091223847121, 0.00455751316622, -0.00930439867079, 0.0134061267599, -0.00245160376653, 0.00535546196625, -0.0221872348338, 0.0349249467254, -0.0138802751899], [-0.00151858129539, -0.00215754075907, -0.00131429405883, 0.00204512989148, 0.00282794469967, -0.00323573639616, 0.00422773649916, -0.00338299176656, 0.00261571351439, -0.00152046454605, 0.00617347611114, -0.0138802751899, 0.0226705018431]]
    },
    "melbands": {
        "max": [0.0110798701644, 0.0244981758296, 0.005781813059, 0.00307733146474, 0.00604387698695, 0.00448044389486, 0.00138939975295, 0.00665797339752, 0.00923975277692, 0.0122382827103, 0.0068279420957, 0.0118857547641, 0.00207294221036, 0.000604894710705, 0.00105431803968, 0.000665328407194, 0.000442737276899, 0.000743887329008, 0.000617361452896, 0.00017003933317, 0.000118736046716, 0.000156065929332, 0.000288299430395, 0.00010179716628, 5.54981015739e-05, 8.88298309292e-05, 5.97045764152e-05, 0.000106900850369, 2.81000993709e-05, 4.25961516157e-05, 2.86669364868e-05, 3.82851721952e-05, 3.27275047312e-05, 3.08630587824e-05, 9.86435697996e-05, 1.03418024082e-05, 4.57661644759e-06, 3.5992386529e-06, 1.5092796275e-06, 4.25340651589e-08],
        "mean": [0.000593176111579, 0.00082431838382, 0.000256535975495, 0.000184890712262, 0.00021253383602, 9.25885469769e-05, 7.70311016822e-05, 0.000151495885802, 0.000763823045418, 0.00150062737521, 0.000877224374563, 0.00102940923534, 0.000191659753909, 9.73510905169e-05, 7.12313558324e-05, 7.0953341492e-05, 7.0960719313e-05, 7.28093436919e-05, 3.78397962777e-05, 2.51085002674e-05, 2.06942459045e-05, 2.26501360885e-05, 2.40015706368e-05, 1.43101915455e-05, 1.05673816506e-05, 1.1321250895e-05, 9.42890255828e-06, 1.18494454e-05, 5.38259928362e-06, 4.85819646201e-06, 5.43722353541e-06, 5.06949663759e-06, 3.43657552548e-06, 2.03760009754e-06, 1.3740096847e-06, 6.73813985941e-07, 3.8323335616e-07, 1.35466777351e-07, 2.27228191818e-08, 3.86480708547e-10],
        "min": [7.08427760898e-10, 1.02664737822e-10, 2.16687578991e-09, 1.93443803198e-08, 6.22130400529e-08, 2.4595681225e-07, 2.54927442711e-07, 5.06166372816e-07, 1.7256126057e-06, 9.6115593351e-07, 6.05076479587e-07, 2.91708573741e-07, 3.44863821056e-07, 6.3487306079e-08, 2.27846598477e-07, 2.60183952605e-07, 2.08078503761e-07, 1.45195954815e-07, 8.95881839824e-08, 4.47905961209e-08, 6.138034081e-08, 9.43002405052e-08, 4.90094436145e-08, 6.34331698279e-08, 1.8630457177e-08, 2.82627858894e-08, 4.1215251656e-08, 2.63899035957e-08, 3.6263113401e-08, 2.95271647133e-08, 2.59645958067e-08, 2.59154280258e-08, 9.30881505212e-09, 7.73040120805e-09, 3.56714213723e-09, 6.43980146986e-10, 5.4715407552e-12, 1.79358914873e-12, 8.70392679372e-13, 8.17598105104e-13],
        "stdev": [0.00122589280363, 0.00191839493345, 0.000539801258128, 0.000317228055792, 0.000527330150362, 0.000186271106941, 0.000120012577099, 0.000386802683352, 0.00140349916182, 0.00213821814395, 0.00101393146906, 0.00183707359247, 0.000287250935799, 0.000104390863271, 7.73666324676e-05, 6.58363787807e-05, 6.50927759125e-05, 6.66171908961e-05, 3.71919195459e-05, 2.04307089007e-05, 1.54384651978e-05, 2.01888433367e-05, 2.96367088595e-05, 1.24489943119e-05, 9.79335527518e-06, 9.73974601948e-06, 8.76655212778e-06, 1.49329971464e-05, 4.2465471779e-06, 4.36620803157e-06, 4.75374463349e-06, 5.05741354573e-06, 3.80526284971e-06, 3.10158543471e-06, 4.06301296607e-06, 1.12289831122e-06, 5.8445078821e-07, 2.97351164136e-07, 9.3509385124e-08, 2.30969043891e-09]
    },
    "melbands128": {
        "max": [0.00322756008245, 0.0101524125785, 0.0180033668876, 0.0227017849684, 0.0305832065642, 0.024543132633, 0.00681346841156, 0.00320206093602, 0.00165993277915, 0.00298682972789, 0.00706197181717, 0.00709755485877, 0.00963073037565, 0.00500385928899, 0.00734914280474, 0.00264932075515, 0.00299359951168, 0.00170395174064, 0.00136032165028, 0.00397669244558, 0.0143080288544, 0.0221640504897, 0.0184089224786, 0.0175685007125, 0.0258915331215, 0.0275523047894, 0.0216275863349, 0.0112243592739, 0.0116566764191, 0.0183426328003, 0.0245030112565, 0.00537169631571, 0.00130980962422, 0.00121651613154, 0.00114282674622, 0.0011574983364, 0.00122626533266, 0.00169172591995, 0.00143312895671, 0.00135727890301, 0.000544401758816, 0.000698799150996, 0.000743079348467, 0.00111336645205, 0.000913781870622, 0.00120827765204, 0.00205703778192, 0.000845725124236, 0.000896972662304, 0.000353861163603, 0.00021148302767, 0.000185557772056, 0.000196899389266, 0.000187935918802, 0.000221094334847, 0.000317442259984, 0.000320233230013, 0.000442190736067, 0.000515333435033, 9.43712802837e-05, 0.000152580643771, 0.000174950284418, 0.000115009723231, 7.98735272838e-05, 0.000138655203045, 0.000156960377353, 0.000129560139612, 0.000131486376631, 0.000105893625005, 0.000163006145158, 0.000227192809689, 0.000121562909044, 3.81486461265e-05, 4.64297227154e-05, 2.85092282866e-05, 8.59068022692e-05, 8.4592262283e-05, 3.53073664883e-05, 4.82395007566e-05, 4.60748269688e-05, 7.19805320841e-05, 4.53361353721e-05, 4.75543274661e-05, 4.00123317377e-05, 4.52862623206e-05, 2.69940483122e-05, 3.55500415026e-05, 5.59790205443e-05, 0.000188014266314, 5.43216738151e-05, 1.55905345309e-05, 7.95034884504e-06, 8.13904989627e-06, 5.29845965502e-06, 5.30240049557e-06, 4.32622755397e-06, 3.27026214109e-06, 4.99893121741e-06, 1.89477896129e-06, 4.89993226438e-07, 3.24932791784e-08, 6.10061068329e-09, 5.77648151534e-09, 5.52090950734e-09, 5.23312415623e-09, 5.07560660168e-09, 4.8480779391e-09, 4.67032768015e-09, 4.48819914567e-09, 4.31895541553e-09, 4.13615941497e-09, 3.97561494836e-09, 3.83110654312e-09, 3.71124841969e-09, 3.64098484695e-09, 3.55112428352e-09, 3.41808670257e-09, 3.27706994874e-09, 3.21917426049e-09, 3.13301140586e-09, 3.05694070057e-09, 2.97637270386e-09, 2.95124702454e-09, 2.89348101035e-09, 2.83299561588e-09, 2.80476264436e-09, 2.78930678554e-09, 2.77553380279e-09],
        "mean": [5.11749494763e-05, 0.000331602845108, 0.000865925569087, 0.00101387104951, 0.000934814917855, 0.000634169322439, 0.000317765225191, 0.000153284752741, 0.000125893726363, 0.000193736792426, 0.000203918520128, 0.000256430357695, 0.000240882771323, 0.000122492638184, 8.993895608e-05, 7.74941436248e-05, 6.8525376264e-05, 8.26314280857e-05, 7.75331063778e-05, 8.70258736541e-05, 0.000136184491566, 0.000470910395961, 0.000866102112923, 0.000904160260689, 0.00164085824508, 0.00185961730313, 0.00107832695358, 0.000729678256903, 0.000616627454292, 0.00119926570915, 0.00138412159868, 0.000267552444711, 0.000112749818072, 9.40041354625e-05, 8.87157657417e-05, 0.000115190996439, 8.45128306537e-05, 5.81425665587e-05, 7.10844033165e-05, 7.63525240473e-05, 6.64339604555e-05, 7.16478971299e-05, 6.7337496148e-05, 6.79251752445e-05, 8.94511540537e-05, 6.97801442584e-05, 6.56519332551e-05, 3.48764224327e-05, 2.86525664706e-05, 2.75616512226e-05, 2.54152892012e-05, 2.2053704015e-05, 2.01393304451e-05, 1.91271064978e-05, 2.33924638451e-05, 2.31824033108e-05, 2.00734575628e-05, 3.08494636556e-05, 2.31924259424e-05, 1.47880336954e-05, 1.6010921172e-05, 1.16534210974e-05, 1.03361871879e-05, 9.8095733847e-06, 1.18287971418e-05, 1.17543668239e-05, 1.1062289559e-05, 9.39999335969e-06, 7.71317081671e-06, 1.07540690806e-05, 1.717442683e-05, 8.99110636965e-06, 4.66069968752e-06, 5.46436103832e-06, 5.09836900164e-06, 4.95445647175e-06, 4.58974000139e-06, 4.87853503728e-06, 5.02111242895e-06, 7.11531902198e-06, 5.05397929373e-06, 4.45791965831e-06, 4.29193414675e-06, 3.33168941324e-06, 2.82741484625e-06, 2.27544273912e-06, 1.74538126885e-06, 1.55529119183e-06, 1.55869270202e-06, 1.09644304302e-06, 6.94365496656e-07, 6.0019567627e-07, 5.19972047641e-07, 4.31768000908e-07, 2.58427434119e-07, 1.93670942394e-07, 1.10812585774e-07, 4.8349374282e-08, 2.69592757007e-08, 5.02902608446e-09, 1.46065923246e-10, 3.27842995806e-11, 1.68054164335e-11, 1.54514370049e-11, 1.47155378161e-11, 1.42957460106e-11, 1.37604198869e-11, 1.31090251501e-11, 1.25103651397e-11, 1.1990003608e-11, 1.15628869327e-11, 1.11838394448e-11, 1.07829084203e-11, 1.04239030602e-11, 1.01267076322e-11, 9.89552884079e-12, 9.62150064482e-12, 9.30465947346e-12, 9.13282123538e-12, 8.91233094269e-12, 8.64424157254e-12, 8.47461857634e-12, 8.39124169455e-12, 8.21363983772e-12, 7.81338188593e-12, 7.25350855768e-12, 6.94199428844e-12, 6.86921743445e-12],
        "min": [1.54677409769e-10, 1.1976224179e-10, 1.29394290421e-11, 7.12357881016e-11, 2.97403768279e-11, 7.34389771218e-11, 3.11746461978e-10, 7.84186382496e-10, 2.97777957847e-09, 9.78852909839e-09, 1.06316777604e-08, 1.88389002176e-08, 2.47079379179e-09, 1.54417243436e-08, 3.50189353071e-08, 4.49886456977e-08, 5.29285379969e-08, 5.02686958725e-08, 7.98236854394e-08, 1.14616710789e-07, 4.26055294156e-07, 1.84349218557e-07, 3.42011531984e-07, 5.03705962274e-07, 8.86196403371e-07, 5.69007511331e-07, 4.96843242104e-08, 1.25528003991e-07, 1.79772627007e-07, 7.52571054363e-08, 5.95430655892e-08, 6.60242633899e-08, 6.16137540987e-08, 1.47350945667e-07, 4.05562126105e-08, 3.35389565009e-08, 4.57532287612e-08, 7.77376385486e-08, 9.08054502702e-08, 6.19358004883e-08, 2.76441909364e-08, 7.8396666936e-08, 6.95512198945e-08, 6.55559233564e-08, 1.26160557556e-07, 2.17660947044e-08, 1.20947722948e-08, 2.18254889717e-08, 1.75431082994e-08, 2.76632476925e-08, 2.0502858078e-08, 1.72620211458e-08, 2.6882615245e-08, 1.65903202287e-08, 1.10462812231e-08, 4.68597072256e-08, 2.07629291538e-08, 1.24458718886e-08, 2.79143925752e-08, 2.50795810786e-08, 2.411649902e-08, 1.12340181602e-08, 3.56391560707e-09, 7.79105313597e-09, 8.95858942584e-09, 2.1339445766e-08, 2.53711309739e-08, 1.1938114497e-08, 3.15316199817e-08, 1.66817546443e-08, 1.33839117566e-08, 1.92627496176e-08, 3.33974590205e-08, 8.88856455106e-09, 5.83016257494e-09, 9.9438670631e-09, 5.62279689476e-09, 1.13806777335e-08, 1.53087587051e-08, 2.16795523755e-08, 2.56396308629e-08, 3.40826105116e-08, 9.37296640302e-09, 5.73453506902e-09, 8.80495409916e-09, 5.69470381961e-09, 3.97748767256e-09, 2.16979034739e-09, 3.86768972405e-09, 6.10616501806e-10, 5.96966143185e-10, 6.7684892413e-11, 1.07966864615e-11, 2.93961057753e-12, 1.61292691443e-12, 1.33476714924e-12, 6.85173543336e-13, 5.37180434683e-13, 7.31546550767e-13, 5.58496174655e-13, 6.29841881775e-13, 6.4669271457e-13, 6.01955280326e-13, 5.45108717279e-13, 3.9650100152e-13, 4.5800288475e-13, 4.29308254528e-13, 5.07232656485e-13, 5.08721157647e-13, 5.16252134358e-13, 4.26715141087e-13, 5.96872811592e-13, 5.36733797598e-13, 4.92669327643e-13, 4.69852563974e-13, 5.64170238304e-13, 4.90183739953e-13, 5.02109096488e-13, 5.11714585635e-13, 5.78616852782e-13, 5.82271915146e-13, 4.60966280338e-13, 4.40969228363e-13, 5.55071234202e-13, 4.55949568465e-13, 1.69200997614e-13, 2.29079620128e-14, 6.06746905475e-16],
        "stdev": [0.000198419074877, 0.000938798068091, 0.0018378974637, 0.00222758715972, 0.00244990317151, 0.00177662575152, 0.000725931895431, 0.00033422341221, 0.000226876596571, 0.000419901305577, 0.000474014203064, 0.000814700033516, 0.000723597942851, 0.000260211527348, 0.000275531492662, 0.000182137664524, 0.00016629093443, 0.000163616568898, 0.000139045791002, 0.000209786056075, 0.000630152702797, 0.00150838145055, 0.00233553862199, 0.0018748001894, 0.00332612823695, 0.00374596146867, 0.00218618498184, 0.00120479892939, 0.000988606712781, 0.0022666126024, 0.00328959827311, 0.000600989267696, 0.000149939674884, 0.000128506304463, 0.000119315351185, 0.000158569469932, 0.000111614921479, 9.2833499366e-05, 0.000103308229882, 0.000102534751932, 7.67912279116e-05, 8.15839739516e-05, 8.10628189356e-05, 9.09404407139e-05, 0.000118218100397, 8.97820355021e-05, 9.94053843897e-05, 4.75604392705e-05, 4.37479684479e-05, 3.30864313582e-05, 2.57521915046e-05, 2.32882066484e-05, 2.09603567782e-05, 1.90177634067e-05, 2.31719532167e-05, 2.96395846817e-05, 2.39598739427e-05, 4.41242664238e-05, 4.41041229351e-05, 1.47224745888e-05, 1.74202396011e-05, 1.4560908312e-05, 1.19792975966e-05, 1.13404230433e-05, 1.52893062477e-05, 1.35504751597e-05, 1.22227202155e-05, 1.44635841934e-05, 1.01460609585e-05, 1.569901724e-05, 2.90251518891e-05, 1.35494337883e-05, 4.74194484923e-06, 5.68565155845e-06, 4.54915016235e-06, 6.01639067099e-06, 5.45477541891e-06, 4.82012728753e-06, 5.80185223953e-06, 7.84146322985e-06, 6.48883906251e-06, 5.52706524104e-06, 5.04257195644e-06, 4.2082751861e-06, 3.89716524296e-06, 3.30263515025e-06, 3.12690417559e-06, 3.898875093e-06, 6.70097824695e-06, 2.78822608379e-06, 1.31630486067e-06, 9.69460415945e-07, 8.28686722798e-07, 6.7177307983e-07, 4.97512019138e-07, 4.39517464201e-07, 2.46759555012e-07, 2.46345706501e-07, 1.04218337071e-07, 2.91260295882e-08, 1.52620205363e-09, 2.78372436213e-10, 1.89589913213e-10, 1.80332693223e-10, 1.70929090326e-10, 1.65803620833e-10, 1.58350665913e-10, 1.5252227259e-10, 1.46569020809e-10, 1.41039319113e-10, 1.35066888229e-10, 1.29821695061e-10, 1.25102581072e-10, 1.21184964841e-10, 1.18885443157e-10, 1.15944157053e-10, 1.11600007013e-10, 1.06998090943e-10, 1.05103925563e-10, 1.0228998204e-10, 9.98066768121e-11, 9.71768290836e-11, 9.63517737818e-11, 9.44677461256e-11, 9.25015758435e-11, 9.15956338554e-11, 9.10983996572e-11, 9.06495087327e-11]
    },
    "mfcc": {
        "mean": [-654.411010742, 125.501655579, -70.4975204468, 21.4015846252, -59.6411209106, 21.2315826416, -26.4231643677, 25.6399250031, -5.70838260651, 19.8838348389, -9.0195274353, 1.47613239288, -16.9495582581],
        "cov": [[3455.85620117, 285.933258057, 729.271972656, 429.890686035, 640.738952637, 369.351654053, 436.648834229, 370.025360107, 213.759719849, 319.766204834, -112.171295166, 277.465698242, -42.2342376709], [285.933258057, 684.366516113, 569.010681152, 454.30947876, 362.706054688, 268.16116333, 216.912689209, 96.652053833, 160.295333862, 82.5048599243, 63.3858261108, 48.986656189, 74.9558944702], [729.271972656, 569.010681152, 2904.94702148, 1213.80090332, 1167.21264648, 608.52545166, 447.741943359, -5.24240875244, 189.532089233, 195.810317993, -27.2817192078, 300.927581787, -12.2409381866], [429.890686035, 454.30947876, 1213.80090332, 768.405761719, 585.361816406, 390.757202148, 276.921264648, 93.0137176514, 146.906936646, 139.511993408, 8.43370056152, 139.078994751, 63.1852645874], [640.738952637, 362.706054688, 1167.21264648, 585.361816406, 685.886230469, 301.048370361, 287.651245117, 84.0647964478, 178.442749023, 156.819564819, 30.0609722137, 161.531677246, 25.494972229], [369.351654053, 268.16116333, 608.52545166, 390.757202148, 301.048370361, 337.920166016, 209.394546509, 116.473571777, 122.793907166, 98.4499588013, -1.08056735992, 74.6514358521, 46.741481781], [436.648834229, 216.912689209, 447.741943359, 276.921264648, 287.651245117, 209.394546509, 249.565689087, 129.997406006, 134.652709961, 88.987487793, 9.69174194336, 69.5396499634, 47.9936332703], [370.025360107, 96.652053833, -5.24240875244, 93.0137176514, 84.0647964478, 116.473571777, 129.997406006, 184.345901489, 99.5446166992, 100.672424316, 18.3886432648, 43.6240730286, 47.1596870422], [213.759719849, 160.295333862, 189.532089233, 146.906936646, 178.442749023, 122.793907166, 134.652709961, 99.5446166992, 192.529174805, 113.359222412, 77.3552627563, 54.8790359497, 50.0483093262], [319.766204834, 82.5048599243, 195.810317993, 139.511993408, 156.819564819, 98.4499588013, 88.987487793, 100.672424316, 113.359222412, 177.451644897, 82.3176727295, 89.0129470825, 31.5789813995], [-112.171295166, 63.3858261108, -27.2817192078, 8.43370056152, 30.0609722137, -1.08056735992, 9.69174194336, 18.3886432648, 77.3552627563, 82.3176727295, 158.077041626, 42.2636108398, 42.5148925781], [277.465698242, 48.986656189, 300.927581787, 139.078994751, 161.531677246, 74.6514358521, 69.5396499634, 43.6240730286, 54.8790359497, 89.0129470825, 42.2636108398, 133.232711792, 24.2317180634], [-42.2342376709, 74.9558944702, -12.2409381866, 63.1852645874, 25.494972229, 46.741481781, 47.9936332703, 47.1596870422, 50.0483093262, 31.5789813995, 42.5148925781, 24.2317180634, 98.3658752441]],
        "icov": [[0.000618202611804, -0.000174820655957, 0.000219391527935, 0.0002960904676, -0.000531794910785, -8.07493343018e-05, -0.000546661496628, -0.000394173810491, 0.000280154985376, -0.000810961355455, 0.00104776024818, -0.000969673274085, 0.000771481660195], [-0.000174820655957, 0.00322422664613, 0.00042609902448, -0.00194874755107, -0.000611863681115, -0.000617107260041, -0.000278803840047, -1.28183355628e-05, -0.000796318054199, 0.00165325717535, -0.00186515995301, 0.00135496701114, -0.000286388560198], [0.000219391527935, 0.00042609902448, 0.00227862107567, -0.00170298398007, -0.0020143375732, -0.00105671829078, -0.000987407751381, 0.00237723323517, 0.000453548302175, -0.000226639385801, 0.000569531228393, -0.00170539866667, 0.00152918684762], [0.0002960904676, -0.00194874755107, -0.00170298398007, 0.00864256359637, -0.00264155305922, -0.00361432787031, 0.00122448988259, -0.000774961372372, 0.0018869691994, -0.0019254059298, 0.0015414255904, 0.000345154316165, -0.0030683754012], [-0.000531794910785, -0.000611863681115, -0.0020143375732, -0.00264155305922, 0.00939387641847, 0.00260307826102, -0.00393737945706, 0.00132759625558, -0.00258237030357, -0.000851922726724, -0.000379126227926, -0.00107326905709, 0.00131261197384], [-8.07493343018e-05, -0.000617107260041, -0.00105671829078, -0.00361432787031, 0.00260307826102, 0.0109055591747, -0.00340464804322, -0.00240541063249, -0.0015923982719, -0.000688622996677, 0.00127263448667, 0.000579422980081, -7.81628405093e-05], [-0.000546661496628, -0.000278803840047, -0.000987407751381, 0.00122448988259, -0.00393737945706, -0.00340464804322, 0.0179357361048, -0.00795475579798, -0.00404584454373, 0.00457322411239, 0.000111926441605, 0.00123757612891, -0.00299351033755], [-0.000394173810491, -1.28183355628e-05, 0.00237723323517, -0.000774961372372, 0.00132759625558, -0.00240541063249, -0.00795475579798, 0.018279241398, -0.00104947388172, -0.0076088286005, 0.00350376102142, -0.00111402932089, -0.00171263725497], [0.000280154985376, -0.000796318054199, 0.000453548302175, 0.0018869691994, -0.00258237030357, -0.0015923982719, -0.00404584454373, -0.00104947388172, 0.0143244173378, -0.00446387054399, -0.00341687723994, 0.00159537186846, -0.00129677681252], [-0.000810961355455, 0.00165325717535, -0.000226639385801, -0.0019254059298, -0.000851922726724, -0.000688622996677, 0.00457322411239, -0.0076088286005, -0.00446387054399, 0.019262092188, -0.00776753015816, -0.00379409315065, 0.00194445170928], [0.00104776024818, -0.00186515995301, 0.000569531228393, 0.0015414255904, -0.000379126227926, 0.00127263448667, 0.000111926441605, 0.00350376102142, -0.00341687723994, -0.00776753015816, 0.0148536441848, -0.0034896642901, -0.00261712330393], [-0.000969673274085, 0.00135496701114, -0.00170539866667, 0.000345154316165, -0.00107326905709, 0.000579422980081, 0.00123757612891, -0.00111402932089, 0.00159537186846, -0.00379409315065, -0.0034896642901, 0.0169650483876, -0.00421427469701], [0.000771481660195, -0.000286388560198, 0.00152918684762, -0.0030683754012, 0.00131261197384, -7.81628405093e-05, -0.00299351033755, -0.00171263725497, -0.00129677681252, 0.00194445170928, -0.00261712330393, -0.00421427469701, 0.0170603170991]]
    },
    "spectral_contrast_coeffs": {
        "max": [-0.283209055662, -0.418365776539, -0.432342469692, -0.571706235409, -0.682672023773, -0.351386845112],
        "mean": [-0.713436365128, -0.706972301006, -0.714366078377, -0.806143939495, -0.78851878643, -0.551036536694],
        "min": [-0.963583827019, -0.922439217567, -0.901791214943, -0.918567121029, -0.892169237137, -0.89229375124],
        "stdev": [0.10510481149, 0.0883942991495, 0.0831579118967, 0.0375221893191, 0.0318251140416, 0.0597711205482]
    },
    "spectral_contrast_valleys": {
        "max": [-5.45733356476, -5.21143388748, -5.26953792572, -5.95196437836, -6.2692527771, -9.62756061554],
        "mean": [-8.11691856384, -6.73129177094, -6.68805789948, -7.08174085617, -7.24452543259, -12.5798501968],
        "min": [-13.2758827209, -8.60431861877, -9.75289726257, -9.52215766907, -9.60081768036, -15.7980270386],
        "stdev": [1.88578534126, 0.600557565689, 0.900781989098, 0.799224972725, 0.649688005447, 1.28401565552]
    }
},
"rhythm": {
    "beats_count": 48,
    "beats_loudness": {
        "max": 0.065036803484,
        "mean": 0.0318997390568,
        "min": 0.000322273786878,
        "stdev": 0.016354996711
    },
    "bpm": 161.499038696,
    "bpm_histogram_first_peak_bpm": 161,
    "bpm_histogram_first_peak_weight": 0.199999988079,
    "bpm_histogram_second_peak_bpm": 110,
    "bpm_histogram_second_peak_spread": 0.466666698456,
    "bpm_histogram_second_peak_weight": 0.170212760568,
    "danceability": 0.864658951759,
    "onset_rate": 1.05712628365,
    "beats_loudness_band_ratio": {
        "max": [0.729840934277, 0.702496826649, 0.96415668726, 0.781904995441, 0.191398128867, 0.175000563264],
        "mean": [0.166396811604, 0.077270001173, 0.398900061846, 0.280810981989, 0.0753237009048, 0.0432492755353],
        "min": [2.74822468782e-06, 0.000712784240022, 0.0327190347016, 0.00820878706872, 0.00262931664474, 0.00539423292503],
        "stdev": [0.194401815534, 0.12789106369, 0.256279110909, 0.237479329109, 0.0529473535717, 0.0333334691823]
    },
    "beats_position": [0.359909296036, 0.731428563595, 1.10294783115, 1.47446703911, 1.84598636627, 2.22911548615, 2.61224484444, 2.99537420273, 3.39011335373, 3.78485250473, 4.15637159348, 4.52789115906, 4.8994102478, 5.27092981339, 5.64244890213, 6.01396799088, 6.38548755646, 6.7570066452, 7.10530614853, 7.51165533066, 7.91800451279, 8.33596324921, 8.75392246246, 9.18349170685, 9.61306095123, 10.0310201645, 10.4373693466, 10.8437185287, 11.2500677109, 11.656416893, 12.144036293, 12.6316547394, 13.1192741394, 13.6649427414, 14.2106122971, 14.7678909302, 15.3251695633, 15.8824491501, 16.4397277832, 16.9853973389, 17.5310649872, 18.0651245117, 18.5991840363, 19.1332416534, 19.6789112091, 20.2245807648, 20.7702484131, 21.3159179688],
