{
"metadata": {
    "version": {
        "essentia": "2.1-beta5",
        "essentia_git_sha": "Undefined",
        "extractor": "music 2.0"
    },
    "audio_properties": {
        "analysis": {
            "equal_loudness": 0,
            "length": 12.7477550507,
            "sample_rate": 44100,
            "start_time": 0,
            "downmix": "mix"
        },
        "bit_rate": 192000,
        "length": 200.06312561,
        "lossless": 0,
        "number_channels": 2,
        "replay_gain": 8.77470588684,
        "sample_rate": 44100,
        "codec": "mp3",
        "md5_encoded": "4c3f6cea8e194e2f3c0722275537527c"
    },
    "tags": {
        "file_name": "United KingdomUK_Children of the Universe_Molly.mp3",
        "encoding": ["Lavf58.29.100"]
    }
},
"lowlevel": {
    "average_loudness": 0.764623045921,
    "barkbands_crest": {
        "max": 25.231054306,
        "mean": 11.0548467636,
        "min": 3.30133223534,
        "stdev": 4.85636281967
    },
    "barkbands_flatness_db": {
        "max": 0.433036893606,
        "mean": 0.212242901325,
        "min": 0.0205929987133,
        "stdev": 0.0550260841846
    },
    "barkbands_kurtosis": {
        "max": 126.643035889,
        "mean": 4.43874025345,
        "min": -1.74531900883,
        "stdev": 14.1437797546
    },
    "barkbands_skewness": {
        "max": 10.685757637,
        "mean": 1.21660506725,
        "min": -1.94546830654,
        "stdev": 1.70902597904
    },
    "barkbands_spread": {
        "max": 63.7501792908,
        "mean": 17.6931152344,
        "min": 1.34709703922,
        "stdev": 9.9893913269
    },
    "dissonance": {
        "max": 0.499964475632,
        "mean": 0.480312168598,
        "min": 0.395621299744,
        "stdev": 0.0195797495544
    },
    "dynamic_complexity": 4.57531023026,
    "erbbands_crest": {
        "max": 24.0294094086,
        "mean": 10.6569099426,
        "min": 3.09447050095,
        "stdev": 4.52522039413
    },
    "erbbands_flatness_db": {
        "max": 0.375021398067,
        "mean": 0.264117360115,
        "min": 0.0724327266216,
        "stdev": 0.0463104583323
    },
    "erbbands_kurtosis": {
        "max": 7.73238277435,
        "mean": 0.241000369191,
        "min": -1.79959917068,
        "stdev": 1.47753667831
    },
    "erbbands_skewness": {
        "max": 1.72548389435,
        "mean": 0.174460396171,
        "min": -1.87315320969,
        "stdev": 0.701938271523
    },
    "erbbands_spread": {
        "max": 89.0836791992,
        "mean": 26.7666969299,
        "min": 8.2883644104,
        "stdev": 14.3179597855
    },
    "hfc": {
        "max": 56.2689056396,
        "mean": 12.5938463211,
        "min": 5.40982227903e-06,
        "stdev": 10.1470518112
    },
    "loudness_ebu128": {
        "integrated": -30.9004039764,
        "loudness_range": 5.08166313171,
        "momentary": {
            "max": -26.6535739899,
            "mean": -34.0120391846,
            "min": -48.6058425903,
            "stdev": 5.80709171295
        },
        "short_term": {
            "max": -28.6266002655,
            "mean": -31.4173316956,
            "min": -38.5945739746,
            "stdev": 2.26895856857
        }
    },
    "melbands_crest": {
        "max": 33.9637451172,
        "mean": 14.7556056976,
        "min": 2.66031384468,
        "stdev": 6.85113334656
    },
    "melbands_flatness_db": {
        "max": 0.573880314827,
        "mean": 0.260046958923,
        "min": 0.0168357994407,
        "stdev": 0.083507694304
    },
    "melbands_kurtosis": {
        "max": 257.895324707,
        "mean": 13.2721691132,
        "min": -1.45352709293,
        "stdev": 33.8065605164
    },
    "melbands_skewness": {
        "max": 14.1110477448,
        "mean": 2.17851185799,
        "min": -0.283519864082,
        "stdev": 2.41503977776
    },
    "melbands_spread": {
        "max": 147.147613525,
        "mean": 24.4297046661,
        "min": 0.99979108572,
        "stdev": 16.9727554321
    },
    "pitch_salience": {
        "max": 0.871546685696,
        "mean": 0.533837974072,
        "min": 0.0793406888843,
        "stdev": 0.153676956892
    },
    "silence_rate_20dB": {
        "max": 1,
        "mean": 1,
        "min": 1,
        "stdev": 0
    },
    "silence_rate_30dB": {
        "max": 1,
        "mean": 0.95454543829,
        "min": 0,
        "stdev": 0.208298563957
    },
    "silence_rate_60dB": {
        "max": 1,
        "mean": 0.221818178892,
        "min": 0,
        "stdev": 0.415468841791
    },
    "spectral_centroid": {
        "max": 10537.8935547,
        "mean": 1645.8885498,
        "min": 381.127990723,
        "stdev": 812.140991211
    },
    "spectral_complexity": {
        "max": 43,
        "mean": 15.7018184662,
        "min": 0,
        "stdev": 8.93421459198
    },
    "spectral_decrease": {
        "max": -7.34686351792e-18,
        "mean": -7.17303105802e-09,
        "min": -5.52390027053e-08,
        "stdev": 9.33576593809e-09
    },
    "spectral_energy": {
        "max": 0.209994345903,
        "mean": 0.0282149910927,
        "min": 5.18415199657e-10,
        "stdev": 0.0358340069652
    },
    "spectral_energyband_high": {
        "max": 0.0021246348042,
        "mean": 0.000150861087604,
        "min": 3.64751562287e-10,
        "stdev": 0.000222471862799
    },
    "spectral_energyband_low": {
        "max": 0.202283754945,
        "mean": 0.0163023769855,
        "min": 1.24311038893e-11,
        "stdev": 0.0304554086179
    },
    "spectral_energyband_middle_high": {
        "max": 0.0223946440965,
        "mean": 0.0043794834055,
        "min": 8.03812919004e-11,
        "stdev": 0.00386186339892
    },
    "spectral_energyband_middle_low": {
        "max": 0.0941453799605,
        "mean": 0.00830858387053,
        "min": 1.02071710459e-11,
        "stdev": 0.0129169318825
    },
    "spectral_entropy": {
        "max": 9.79341506958,
        "mean": 7.33743143082,
        "min": 6.22301721573,
        "stdev": 0.318657755852
    },
    "spectral_flux": {
        "max": 0.358020246029,
        "mean": 0.0803172588348,
        "min": 2.27687323786e-05,
        "stdev": 0.0611606054008
    },
    "spectral_kurtosis": {
        "max": 24.0019054413,
        "mean": 5.09353590012,
        "min": -1.18999111652,
        "stdev": 3.73040485382
    },
    "spectral_rms": {
        "max": 0.0143133690581,
        "mean": 0.00430643511936,
        "min": 7.11175744073e-07,
        "stdev": 0.00299690663815
    },
    "spectral_rolloff": {
        "max": 18346.2890625,
        "mean": 1662.24475098,
        "min": 64.599609375,
        "stdev": 1576.97253418
    },
    "spectral_skewness": {
        "max": 3.5681912899,
        "mean": 1.25478601456,
        "min": 0.0589218810201,
        "stdev": 0.441024065018
    },
    "spectral_spread": {
        "max": 39963132,
        "mean": 2535933.25,
        "min": 1714794,
        "stdev": 1707986.875
    },
    "spectral_strongpeak": {
        "max": 7.79122591019,
        "mean": 0.940074443817,
        "min": 0,
        "stdev": 1.30906736851
    },
    "zerocrossingrate": {
        "max": 0.16455078125,
        "mean": 0.0547318905592,
        "min": 0.00341796875,
        "stdev": 0.0283679943532
    },
    "barkbands": {
        "max": [0.0195696782321, 0.188961207867, 0.0575041994452, 0.0307154674083, 0.0606738515198, 0.0270091705024, 0.0149263525382, 0.00642266497016, 0.0282502882183, 0.00612053507939, 0.00489579048008, 0.0132800433785, 0.00626245280728, 0.00229310523719, 0.0012612240389, 0.00557110272348, 0.00246268603951, 0.0057656201534, 0.0018718111096, 0.00163594691548, 0.000536088191438, 0.00107324426062, 0.000305419322103, 0.000103589845821, 1.34440624606e-05, 1.99999803385e-07, 1.88328158401e-07],
        "mean": [0.00120858254377, 0.0118398489431, 0.00253219902515, 0.00132474105339, 0.00213338411413, 0.000928655965254, 0.000598434940912, 0.000526876072399, 0.0023041581735, 0.000945135368966, 0.000474178523291, 0.000843929999974, 0.000529135926627, 0.000369649525965, 0.00027697297628, 0.000240508888965, 0.000192483479623, 0.000520493660588, 0.000203591116588, 0.000114750742796, 4.37726739619e-05, 4.37567323388e-05, 1.58197963174e-05, 3.84713121093e-06, 7.90090410874e-08, 2.28729213347e-09, 2.78995404557e-09],
        "min": [2.18520652961e-11, 2.76809906377e-13, 9.19828788333e-14, 1.99396001013e-13, 2.77159100791e-13, 2.26524094621e-12, 1.74298141024e-12, 2.3118668438e-12, 1.28113557089e-12, 1.79706629352e-12, 1.31727300508e-12, 3.31851776961e-12, 7.94040701246e-12, 6.84204342488e-12, 7.69776256626e-12, 4.74200626682e-12, 6.00812238502e-12, 1.09937805387e-11, 2.17360452553e-11, 2.07370648431e-11, 1.74471565667e-11, 2.05966944888e-11, 3.37390254623e-11, 3.77918668582e-11, 6.09164177434e-11, 7.84615220017e-11, 1.12990075629e-10],
        "stdev": [0.00279721291736, 0.0256622117013, 0.00690326839685, 0.00380308623426, 0.00674978084862, 0.00271505280398, 0.00172380043659, 0.000751634128392, 0.00274760648608, 0.00104837457184, 0.000631064060144, 0.00172115303576, 0.000798622088041, 0.000398517266149, 0.000256242405158, 0.000407996121794, 0.000238405074924, 0.00100272812415, 0.000299495412037, 0.000236970983678, 6.58145072521e-05, 8.64086396177e-05, 3.73255970771e-05, 1.18537136586e-05, 8.3539384832e-07, 8.54948556395e-09, 8.05543365345e-09]
    },
    "erbbands": {
        "max": [8.24613857269, 37.1196098328, 54.0958175659, 96.8697128296, 113.055557251, 255.987518311, 523.089782715, 199.233642578, 148.250152588, 258.36630249, 100.252082825, 494.850494385, 471.549255371, 139.695983887, 192.260284424, 550.883850098, 320.192871094, 111.408920288, 130.903305054, 202.969924927, 131.219360352, 90.2936248779, 388.626647949, 208.504882812, 112.490646362, 65.9478988647, 29.2136650085, 31.1984233856, 36.6372337341, 32.2326049805, 8.16851997375, 3.76951861382, 0.894816935062, 0.279617398977, 0.0251018851995, 0.00116936967243, 0.000377549760742, 0.000125377104268, 9.27943619899e-05, 0.000226910677156],
        "mean": [0.45976164937, 2.19518327713, 2.90859150887, 4.31230449677, 4.21494340897, 8.08850002289, 8.96536827087, 7.63715457916, 6.3263463974, 11.8187084198, 15.6642484665, 52.6475906372, 45.9252128601, 18.7175884247, 20.691236496, 36.4474754333, 26.9344539642, 20.1513900757, 17.1821651459, 14.5812692642, 11.8201713562, 11.219335556, 30.3623161316, 11.275261879, 13.0466527939, 5.43739366531, 2.15838980675, 1.81483376026, 1.71196603775, 0.805062949657, 0.409551501274, 0.168764725327, 0.0228029973805, 0.00251782103442, 0.000196707580471, 3.62404862244e-05, 1.60584586411e-05, 4.57059468317e-06, 1.44268760778e-05, 3.20688195643e-05],
        "min": [2.02389105475e-10, 2.7098750327e-11, 1.00123284663e-10, 6.07528527485e-10, 6.71081967774e-10, 6.16795614583e-10, 7.74489272715e-09, 1.56048010069e-08, 3.12490122667e-08, 3.30958229711e-08, 4.89371672074e-08, 3.49842395053e-08, 4.28755733139e-08, 6.01707768055e-08, 5.63506077356e-08, 1.43645365824e-07, 3.53359354222e-07, 3.34114844236e-07, 5.21122672126e-07, 2.58403218822e-07, 2.60235339056e-07, 4.52321984312e-07, 5.76175409606e-07, 8.23993673293e-07, 1.12227553473e-06, 1.01624800664e-06, 9.07709022613e-07, 5.56425050036e-07, 7.4110226933e-07, 6.85517932197e-07, 1.09240261281e-06, 9.33940441428e-07, 5.83470807669e-07, 5.38464689726e-07, 5.02181535467e-07, 2.52027234637e-07, 1.56593998213e-07, 6.86654004767e-08, 1.52342209958e-08, 1.61757407469e-09],
        "stdev": [1.07409274578, 4.67417478561, 6.81644296646, 11.6038694382, 12.2400588989, 27.1626625061, 33.256942749, 21.7476978302, 15.8089027405, 29.2030334473, 16.208612442, 63.0664749146, 52.6556739807, 21.2575893402, 24.7112197876, 73.4774932861, 40.9262657166, 20.5295391083, 18.5586452484, 17.5286026001, 13.9606485367, 11.6380882263, 59.7216567993, 18.5463237762, 20.6751327515, 9.14056968689, 3.3071205616, 2.89743041992, 3.2617661953, 1.92235922813, 0.974702477455, 0.470908641815, 0.0774127468467, 0.0179395545274, 0.00140941026621, 7.13177869329e-05, 2.05585001822e-05, 5.9979447542e-06, 1.64960747497e-05, 3.9277398173e-05]
    },
    "gfcc": {
        "mean": [-107.324264526, 151.427993774, -196.888656616, 34.5234909058, -44.441318512, -1.07239151001, 15.5230541229, -7.97856283188, 12.032251358, -16.2709236145, -4.29640483856, -11.1985960007, -10.8895559311],
        "cov": [[9303.83789062, 2250.23974609, 369.183502197, 1108.22485352, 162.857025146, 427.570526123, 91.5430908203, -522.134460449, 305.945404053, -537.231323242, 168.245101929, -172.978683472, 284.092498779], [2250.23974609, 1852.30175781, 1101.05322266, 501.636901855, 600.927001953, -144.881195068, 104.381256104, -232.436737061, -78.6672439575, 38.4318656921, -40.6597480774, -18.9827327728, 56.2568702698], [369.183502197, 1101.05322266, 1655.00756836, 614.625549316, 542.144897461, 108.128944397, -58.3792762756, -149.14855957, -219.640853882, 109.904930115, 39.578414917, -81.4698486328, 118.32611084], [1108.22485352, 501.636901855, 614.625549316, 532.228210449, 270.827178955, 195.481582642, 73.7820739746, -55.9450263977, -15.4544801712, 1.262809515, 102.783096313, -92.7196502686, 92.8482131958], [162.857025146, 600.927001953, 542.144897461, 270.827178955, 555.94732666, -36.4449462891, 219.192138672, 67.5030899048, -34.7462844849, 170.918365479, 41.2171096802, -32.6244239807, 57.0899772644], [427.570526123, -144.881195068, 108.128944397, 195.481582642, -36.4449462891, 542.069152832, 92.087852478, 50.9071388245, 103.866920471, -51.9557991028, 67.6553039551, -104.721969604, 38.7320671082], [91.5430908203, 104.381256104, -58.3792762756, 73.7820739746, 219.192138672, 92.087852478, 299.369445801, 124.796188354, 87.7491455078, 101.361656189, 15.2061138153, -32.8504257202, -2.86610794067], [-522.134460449, -232.436737061, -149.14855957, -55.9450263977, 67.5030899048, 50.9071388245, 124.796188354, 181.139678955, 42.9720573425, 82.1600112915, 45.8853721619, -31.6215877533, -6.41521930695], [305.945404053, -78.6672439575, -219.640853882, -15.4544801712, -34.7462844849, 103.866920471, 87.7491455078, 42.9720573425, 151.714416504, -11.3631010056, 23.8788928986, 18.4286785126, -3.88383579254], [-537.231323242, 38.4318656921, 109.904930115, 1.262809515, 170.918365479, -51.9557991028, 101.361656189, 82.1600112915, -11.3631010056, 168.706298828, 23.3329944611, 17.1043930054, 29.9058094025], [168.245101929, -40.6597480774, 39.578414917, 102.783096313, 41.2171096802, 67.6553039551, 15.2061138153, 45.8853721619, 23.8788928986, 23.3329944611, 140.095535278, -2.53203034401, 40.7520217896], [-172.978683472, -18.9827327728, -81.4698486328, -92.7196502686, -32.6244239807, -104.721969604, -32.8504257202, -31.6215877533, 18.4286785126, 17.1043930054, -2.53203034401, 124.634033203, 11.3199911118], [284.092498779, 56.2568702698, 118.32611084, 92.8482131958, 57.0899772644, 38.7320671082, -2.86610794067, -6.41521930695, -3.88383579254, 29.9058094025, 40.7520217896, 11.3199911118, 114.277275085]],
        "icov": [[0.000677243981045, -0.00114752515219, 0.000829820346553, -0.000774815329351, 0.000353761191946, -5.1436429203e-05, -0.000147411657963, 0.000683504797053, -0.0007686050958, 0.0015207309043, -0.00069695682032, 0.000964325969107, -0.00174411037005], [-0.00114752515219, 0.00396599713713, -0.00252129323781, 0.00166469858959, -0.00203190557659, 0.00122635101434, -0.00115013204049, 0.00180249789264, -0.000343334395438, -0.00126951304264, 0.000979455769993, -0.000761951378081, 0.00287696230225], [0.000829820346553, -0.00252129323781, 0.0044831414707, -0.0034319460392, -0.00130588479806, -0.00222903606482, 0.00361012574285, 0.000178128670086, 0.00205401470885, -0.00105246994644, 0.00066041550599, -0.000123915917356, -0.0010449020192], [-0.000774815329351, 0.00166469858959, -0.0034319460392, 0.00948874931782, -0.0018600843614, 9.75900693447e-05, -0.00350915524177, 0.00439794035628, -0.000869194976985, 0.00163314887322, -0.00488245254382, 0.00368265062571, -0.00107477046549], [0.000353761191946, -0.00203190557659, -0.00130588479806, -0.0018600843614, 0.00919477082789, 0.00181697611697, -0.00486815534532, -0.00334404688329, 0.000726041034795, -0.00126800639555, -0.000579928571824, -2.01617713174e-05, -0.00196954631247], [-5.1436429203e-05, 0.00122635101434, -0.00222903606482, 9.75900693447e-05, 0.00181697611697, 0.00504438672215, -0.00315940682776, 0.000270131946309, -0.00385439815, 0.0023384692613, -0.000940736033954, 0.00305958348326, -0.00163917103782], [-0.000147411657963, -0.00115013204049, 0.00361012574285, -0.00350915524177, -0.00486815534532, -0.00315940682776, 0.0144427558407, -0.00535227591172, -0.00220122560859, -0.00596363097429, 0.00487779732794, -0.00118317594752, 0.00347392936237], [0.000683504797053, 0.00180249789264, 0.000178128670086, 0.00439794035628, -0.00334404688329, 0.000270131946309, -0.00535227591172, 0.0212788581848, -0.00366728124209, -0.00187733327039, -0.0075775035657, 0.00873335916549, -0.00150113354903], [-0.0007686050958, -0.000343334395438, 0.00205401470885, -0.000869194976985, 0.000726041034795, -0.00385439815, -0.00220122560859, -0.00366728124209, 0.016817227006, -0.00116665707901, 0.000330954702804, -0.00756080960855, 0.002849557437], [0.0015207309043, -0.00126951304264, -0.00105246994644, 0.00163314887322, -0.00126800639555, 0.0023384692613, -0.00596363097429, -0.00187733327039, -0.00116665707901, 0.020016098395, -0.00343339680694, 9.96263115667e-05, -0.00787004735321], [-0.00069695682032, 0.000979455769993, 0.00066041550599, -0.00488245254382, -0.000579928571824, -0.000940736033954, 0.00487779732794, -0.0075775035657, 0.000330954702804, -0.00343339680694, 0.0143276471645, -0.00498738652095, 0.00113352236804], [0.000964325969107, -0.000761951378081, -0.000123915917356, 0.00368265062571, -2.01617713174e-05, 0.00305958348326, -0.00118317594752, 0.00873335916549, -0.00756080960855, 9.96263115667e-05, -0.00498738652095, 0.0178972668946, -0.00572966597974], [-0.00174411037005, 0.00287696230225, -0.0010449020192, -0.00107477046549, -0.00196954631247, -0.00163917103782, 0.00347392936237, -0.00150113354903, 0.002849557437, -0.00787004735321, 0.00113352236804, -0.00572966597974, 0.0174874644727]]
    },
    "melbands": {
        "max": [0.0621065422893, 0.0257327016443, 0.0127636650577, 0.0112161319703, 0.0183828920126, 0.0040573887527, 0.00268772989511, 0.00264995242469, 0.000927212473471, 0.0039357249625, 0.00240751332603, 0.0006255551707, 0.000586727401242, 0.00068289146293, 0.00183455995284, 0.000528877833858, 0.000217667708057, 0.000260474218521, 0.000105343773612, 0.000580130377784, 9.33847913984e-05, 9.56663861871e-05, 0.00019074024749, 0.000360373407602, 0.000176681016455, 7.2197704867e-05, 9.66916559264e-05, 4.48979735665e-05, 2.9494312912e-05, 1.28468473122e-05, 1.79586677405e-05, 1.83194861165e-05, 2.50996890827e-05, 1.37510778586e-05, 5.10732206749e-06, 3.88692478737e-06, 1.98578118216e-06, 8.09553625913e-07, 1.42031950645e-07, 3.08197343202e-07],
        "mean": [0.00374274607748, 0.00193326361477, 0.000725165882614, 0.000412727240473, 0.000364686304238, 0.000168848884641, 0.000109239190351, 0.000126613871544, 0.000152421809616, 0.000350523856468, 0.000222659888095, 7.31344989617e-05, 6.37127232039e-05, 6.98688454577e-05, 0.000104540697066, 4.788118531e-05, 3.56463315256e-05, 2.85756595986e-05, 2.04388143175e-05, 1.9231598344e-05, 1.2485365005e-05, 1.08026633825e-05, 1.57362428581e-05, 3.20147773891e-05, 5.64625906918e-06, 8.29453165352e-06, 7.88556735642e-06, 2.84698103314e-06, 1.4942273765e-06, 9.59038288784e-07, 1.0817805105e-06, 9.66913944467e-07, 8.09610867236e-07, 3.38560766977e-07, 2.50743624974e-07, 1.66340896612e-07, 7.668903379e-08, 1.55070640773e-08, 2.36981079205e-09, 1.5190922964e-09],
        "min": [2.83097503773e-12, 4.57143004007e-14, 1.06226801715e-13, 3.63846390625e-14, 2.12413325319e-13, 3.89021632833e-13, 4.89473262269e-13, 3.80378291798e-13, 3.49694774006e-13, 1.9474116872e-13, 2.11427162128e-13, 2.43550242907e-13, 1.75501797882e-13, 2.96071950593e-13, 3.85066734358e-13, 1.02181208373e-12, 5.48905105396e-13, 8.50435227882e-13, 5.03827556932e-13, 3.36763440485e-13, 2.35121465483e-13, 4.62114992539e-13, 4.74852795973e-13, 5.07977232327e-13, 6.75717674089e-13, 7.60336401045e-13, 6.86516869828e-13, 6.92777757903e-13, 6.086693107e-13, 4.47454573393e-13, 2.74322068967e-13, 2.96958475605e-13, 5.8506872307e-13, 3.04138170811e-13, 5.49717606504e-13, 7.4337069703e-13, 5.12357951205e-13, 4.40250781794e-13, 3.47483028679e-13, 4.82761129249e-13],
        "stdev": [0.00828754063696, 0.00369805796072, 0.00182947062422, 0.00123665411957, 0.00130574172363, 0.000473903608508, 0.000295195903163, 0.000293093034998, 0.000165134682902, 0.000428021448897, 0.000260744564002, 8.62107699504e-05, 7.65006261645e-05, 0.00010029457917, 0.000245180213824, 5.90772324358e-05, 3.7267422158e-05, 3.37095443683e-05, 1.86755096365e-05, 3.88025509892e-05, 1.43007473525e-05, 1.20071554193e-05, 2.56931762124e-05, 7.02482793713e-05, 1.33226540129e-05, 1.29057443701e-05, 1.5506235286e-05, 5.29704220753e-06, 2.73460273092e-06, 1.52355517002e-06, 1.93031655726e-06, 1.7571655917e-06, 2.10644429899e-06, 8.55413645695e-07, 5.98042959155e-07, 4.59111760165e-07, 2.3035107688e-07, 6.63651604782e-08, 1.06787991783e-08, 1.87067374924e-08]
    },
    "melbands128": {
        "max": [0.0173020940274, 0.0715681239963, 0.0878321900964, 0.0528035610914, 0.0265609603375, 0.0303647890687, 0.0254055410624, 0.0150540303439, 0.0135181089863, 0.0121485805139, 0.0174004100263, 0.0254194699228, 0.0212830230594, 0.00927541963756, 0.00710279354826, 0.002241514856, 0.00141748273745, 0.00368689931929, 0.00493233837187, 0.00417616870254, 0.00227317865938, 0.000604804896284, 0.00163532642182, 0.00253586354665, 0.00342091405764, 0.00699932407588, 0.00610615499318, 0.00221765437163, 0.00129904178903, 0.00129648216534, 0.00105641537812, 0.000678216572851, 0.000461055140477, 0.00127492996398, 0.000678971991874, 0.0007191291661, 0.00278135528788, 0.00341651029885, 0.00141588656697, 0.000491127022542, 0.000887108908501, 0.000362759106793, 0.00036222775816, 0.000317589583574, 0.000394553673686, 0.000331488146912, 0.000230242614634, 0.000160838797456, 0.000276508333627, 0.000208792902413, 0.00130147277378, 0.000195305328816, 0.000219233916141, 0.000139091251185, 0.000115953502245, 0.000194169726456, 0.000124372920254, 0.000505408679601, 0.000295975856716, 0.000729914405383, 0.00081734120613, 0.0004867411335, 0.000363033410395, 9.71795743681e-05, 4.68839207315e-05, 0.000122101424495, 0.000161683055921, 0.000281084212475, 0.000203321658773, 0.000140473770443, 6.25878019491e-05, 7.37937589292e-05, 6.66516789352e-05, 2.54463684541e-05, 1.7106794985e-05, 1.65026958712e-05, 1.97122990357e-05, 3.56674681825e-05, 1.37957167681e-05, 2.77586277662e-05, 1.48846711454e-05, 2.85927853838e-05, 3.16588921123e-05, 3.34764299623e-05, 2.39290311583e-05, 2.51341189141e-05, 7.5449970609e-06, 6.51469053992e-06, 7.09902224116e-06, 5.73247962166e-06, 7.32072203391e-06, 6.01687543167e-06, 3.10802215608e-06, 2.77142953564e-06, 1.93354480871e-06, 1.28346869133e-06, 5.87402780639e-07, 4.04000616072e-07, 1.50920811848e-07, 4.34808491434e-08, 5.75481294618e-07, 5.22446669038e-07, 1.86507236322e-08, 2.15638373824e-09, 1.90158089275e-09, 3.76984488071e-09, 9.09795616622e-09, 1.50978385349e-09, 1.4095149492e-09, 1.3329702897e-09, 1.27042820708e-09, 1.24488808151e-09, 1.19211440719e-09, 1.12023712528e-09, 1.04054398431e-09, 9.62022794759e-10, 9.38376487625e-10, 9.04305907934e-10, 8.98319418852e-10, 8.87206919042e-10, 8.20883361285e-10, 7.69918850896e-10, 7.95231325235e-10, 7.18575199343e-10, 7.21730231135e-10, 7.13290093657e-10, 7.58513196697e-10, 7.50916884229e-10],
        "mean": [0.00110128044616, 0.00387379643507, 0.00513500021771, 0.0030559990555, 0.00155166187324, 0.00125570513774, 0.00093749340158, 0.000566016475204, 0.000391644309275, 0.000332067720592, 0.000472985615488, 0.000543754780665, 0.000256661442108, 0.000270440563327, 0.000201606933842, 9.86969243968e-05, 7.04492413206e-05, 9.36561191338e-05, 0.000198275316507, 0.000118050440506, 0.000112925976282, 7.65294389566e-05, 0.000128947402118, 0.000249607750447, 0.00037035276182, 0.000395545212086, 0.000314780016197, 0.000224949981202, 0.000126783212181, 7.62685958762e-05, 6.19708880549e-05, 4.85658420075e-05, 6.1722654209e-05, 8.47361588967e-05, 4.3329095206e-05, 4.67366953671e-05, 0.000135347712785, 0.000150236883201, 5.16683685419e-05, 4.1877534386e-05, 5.76418897253e-05, 3.91018220398e-05, 3.56156888301e-05, 3.23562198901e-05, 3.29918329953e-05, 2.80685308098e-05, 2.34003073274e-05, 2.15623367694e-05, 1.89984530152e-05, 1.73881580849e-05, 2.44138100243e-05, 1.36751823447e-05, 1.24786829474e-05, 1.29111922433e-05, 1.05613489723e-05, 1.07501518869e-05, 9.93135927274e-06, 1.18699290397e-05, 1.12305569928e-05, 3.41320846928e-05, 5.37251071364e-05, 1.03036736618e-05, 7.62132776799e-06, 3.82686766898e-06, 3.42659177477e-06, 5.70491465623e-06, 1.40640140671e-05, 1.2226925719e-05, 5.49940477867e-06, 3.66606150237e-06, 2.30413183999e-06, 3.18734964821e-06, 1.79885375928e-06, 1.21325251712e-06, 9.6248322734e-07, 8.50276421716e-07, 9.93099092739e-07, 1.14345414204e-06, 9.67136429608e-07, 1.28994895476e-06, 7.8955980598e-07, 8.50777098549e-07, 1.29206500787e-06, 8.76859701293e-07, 3.42498481132e-07, 3.44964689702e-07, 3.65801923863e-07, 2.72231574172e-07, 2.74980408221e-07, 1.9830382314e-07, 1.76584805445e-07, 1.87497491311e-07, 9.67108988448e-08, 9.53960608285e-08, 3.94823977956e-08, 2.0653647681e-08, 1.26444010817e-08, 5.1957469438e-09, 1.61105928598e-09, 6.95948632057e-10, 2.56676413457e-09, 2.07029415833e-09, 8.99913824015e-11, 1.6908583908e-11, 1.65169683486e-11, 2.444787775e-11, 3.58119783828e-11, 1.56782781202e-11, 1.52893721989e-11, 1.46463691869e-11, 1.38269326544e-11, 1.36674933524e-11, 1.35945395566e-11, 1.35002651419e-11, 1.31880548149e-11, 1.30893733352e-11, 1.26688520785e-11, 1.21814979978e-11, 1.21479007409e-11, 1.21961659522e-11, 1.21555248506e-11, 1.20247275678e-11, 1.19842157031e-11, 1.15495139494e-11, 1.16654992957e-11, 1.18147089334e-11, 1.1938449361e-11, 1.16980218914e-11],
        "min": [8.7384231795e-12, 3.0304652017e-12, 6.33733246002e-14, 1.40455198131e-14, 3.305092067e-14, 4.83467974856e-14, 1.32109953402e-13, 9.02208944489e-14, 7.56304266718e-14, 2.06626707931e-14, 1.02802313578e-14, 7.99654057706e-14, 2.675313855e-13, 2.10736891262e-13, 1.392606462e-13, 5.8220442356e-13, 5.03762721642e-13, 4.83162013003e-13, 3.38276498826e-13, 3.07921656922e-13, 4.42510123596e-13, 3.91224975593e-13, 8.83092766122e-14, 2.58653368905e-13, 3.00607439331e-13, 1.38297197045e-13, 4.78355758325e-14, 2.7736298501e-13, 3.09989826777e-13, 1.70510835811e-13, 3.07083297593e-13, 1.8595144684e-13, 1.88690615867e-13, 1.09952764124e-13, 2.38865947421e-13, 2.68729564426e-13, 5.18418099248e-13, 4.31962300131e-13, 8.04228374434e-14, 1.04808826548e-12, 1.50287085294e-12, 5.54273044562e-13, 4.12890641815e-13, 5.55969820962e-13, 8.32325419524e-13, 7.39862218799e-13, 8.25443392024e-13, 4.89482044307e-13, 2.13960698659e-13, 2.76844736372e-13, 3.19768219065e-13, 4.38353753253e-13, 3.71949460164e-13, 5.56728938666e-14, 1.59354015985e-13, 7.99384050707e-13, 4.01389858851e-13, 2.83280316522e-13, 6.15699114956e-13, 5.48801509879e-13, 4.94834587802e-13, 4.16861478062e-13, 8.06010369125e-13, 8.05900702075e-13, 3.40663017543e-13, 6.67516064125e-13, 1.09906831899e-12, 9.5649486595e-13, 3.87445419714e-13, 6.00250697671e-13, 7.36672658638e-13, 7.17320300381e-13, 7.85961898862e-13, 4.87098913721e-13, 4.96830441371e-13, 6.6081634522e-13, 2.38776283901e-13, 3.72058991688e-13, 2.91657458818e-13, 1.90649172881e-13, 8.75966576293e-14, 3.05362451904e-13, 8.59934248375e-13, 7.29732680532e-13, 1.77239340283e-13, 4.46022315219e-13, 2.32574430634e-13, 2.83546379735e-13, 4.49392584777e-13, 9.32078199345e-13, 7.29012390819e-13, 8.12597818894e-13, 5.3252270215e-13, 5.37645177944e-13, 3.86762806026e-13, 5.6256106544e-13, 4.34658168832e-13, 3.20533205013e-13, 2.53314215307e-13, 4.3413523102e-13, 5.19431231968e-13, 4.22507948766e-13, 4.57796615286e-13, 6.65813053562e-13, 4.57195370972e-13, 6.99894840434e-13, 6.10513104914e-13, 5.41246734931e-13, 4.14668082857e-13, 2.64214106323e-13, 3.69384264929e-13, 4.33205934233e-13, 5.85456596397e-13, 5.87133260847e-13, 4.52470634744e-13, 5.66916251356e-13, 6.66083995685e-13, 4.38223676097e-13, 4.68707104379e-13, 4.12356943296e-13, 4.51807753536e-13, 5.34515032062e-13, 6.04095441205e-13, 4.24539391272e-13, 4.70787363087e-13, 4.23965794112e-13, 2.91728040379e-13, 4.10499379714e-13],
        "stdev": [0.00259300484322, 0.00955204386264, 0.0117185348645, 0.00645476393402, 0.00357313081622, 0.00349311786704, 0.00271972431801, 0.00162082386669, 0.00129713467322, 0.00110902893357, 0.00169700453989, 0.00213940162212, 0.00117096747272, 0.00091697712196, 0.000664270482957, 0.000263308786089, 0.000169908365933, 0.000294946366921, 0.00066112424247, 0.000320432416629, 0.000254858896369, 8.92843963811e-05, 0.000184102464118, 0.000350082642399, 0.000496027525514, 0.000639546720777, 0.000470225320896, 0.000303012027871, 0.000171683816006, 0.000113008863991, 0.000115856368211, 8.01523783593e-05, 7.75707449066e-05, 0.000136777263833, 6.85986597091e-05, 8.02205977379e-05, 0.000337632081937, 0.000421311357059, 0.000120263524877, 5.57527491765e-05, 9.02135579963e-05, 4.91414866701e-05, 4.5054792281e-05, 4.24965110142e-05, 4.74345542898e-05, 4.04936290579e-05, 3.13996388286e-05, 2.55030245171e-05, 2.6405798053e-05, 2.38475295191e-05, 7.89549958427e-05, 2.0777924874e-05, 2.22641338041e-05, 1.96414111997e-05, 1.48787685248e-05, 1.74998895091e-05, 1.33979501697e-05, 3.67990978702e-05, 2.87927032332e-05, 9.36252399697e-05, 0.000146505641169, 3.39341640938e-05, 2.82919518213e-05, 6.42823169983e-06, 4.53809298051e-06, 1.31991664603e-05, 2.85184960376e-05, 3.67884968e-05, 1.90431528608e-05, 1.39275543916e-05, 5.44443446415e-06, 7.92697028373e-06, 4.6987179303e-06, 2.50840503213e-06, 1.5921996237e-06, 1.35388222589e-06, 1.87578075383e-06, 2.35370384871e-06, 1.87709849797e-06, 3.55987185685e-06, 1.51333460963e-06, 2.16465468839e-06, 3.56659847967e-06, 2.67985365099e-06, 1.13669807433e-06, 1.25667645534e-06, 8.66100094754e-07, 6.18088336068e-07, 7.20637729046e-07, 5.96120514729e-07, 5.38476626843e-07, 6.1503891402e-07, 3.20298596534e-07, 2.91222164606e-07, 1.49920680315e-07, 9.92863533611e-08, 5.61677637734e-08, 2.85871113448e-08, 9.1203791186e-09, 3.67298058634e-09, 3.26567253239e-08, 2.75308025266e-08, 9.76553948817e-10, 9.2112532879e-11, 8.13419054335e-11, 1.78198539258e-10, 3.95885019211e-10, 6.46203784926e-11, 6.02781158321e-11, 5.70406673284e-11, 5.4375330627e-11, 5.32542170084e-11, 5.09873428201e-11, 4.79225548133e-11, 4.45324783993e-11, 4.12096919089e-11, 4.01928872129e-11, 3.87182057249e-11, 3.84422181587e-11, 3.79716293131e-11, 3.51411746924e-11, 3.29835291024e-11, 3.40311979985e-11, 3.08272990468e-11, 3.09433659251e-11, 3.05599053008e-11, 3.24342531999e-11, 3.21322274344e-11]
    },
    "mfcc": {
        "mean": [-723.634460449, 168.439849854, -76.1842651367, 37.2842330933, -33.9603309631, 24.092250824, -6.77604293823, 26.2665958405, 3.72236204147, 18.5641651154, 8.50479507446, 0.741011202335, -1.33773398399],
        "cov": [[7899.10644531, 1005.59552002, -5.27292299271, 642.089477539, -115.972869873, 895.492797852, -386.96182251, 533.082580566, -201.538726807, 24.9418544769, -325.669128418, 222.234313965, -378.356842041], [1005.59552002, 1830.32006836, 452.863616943, 830.843811035, 405.762542725, 194.2315979, 221.754882812, -226.42199707, 151.375427246, -194.159240723, 75.2939453125, -131.788101196, 130.320663452], [-5.27292299271, 452.863616943, 1119.86816406, 338.819671631, 465.395141602, 264.776763916, 176.473083496, -81.7139816284, -110.495925903, -13.8250494003, -156.944915771, 31.7350692749, -61.3745307922], [642.089477539, 830.843811035, 338.819671631, 683.800231934, 303.606811523, 173.458755493, 187.819839478, -106.247520447, 36.1848678589, -4.94137048721, -31.2833843231, -90.8880310059, 115.814971924], [-115.972869873, 405.762542725, 465.395141602, 303.606811523, 394.198669434, 113.977622986, 234.135986328, -71.4158630371, 7.5016579628, 77.7498397827, -69.1322402954, 8.45345878601, 59.8881721497], [895.492797852, 194.2315979, 264.776763916, 173.458755493, 113.977622986, 369.187713623, 66.8761672974, 146.402526855, 18.8515548706, 94.4001083374, -45.3771705627, 39.9226913452, 14.7009210587], [-386.96182251, 221.754882812, 176.473083496, 187.819839478, 234.135986328, 66.8761672974, 336.881134033, -34.826713562, 104.272773743, 162.151000977, 14.1659517288, -11.1098995209, 129.336746216], [533.082580566, -226.42199707, -81.7139816284, -106.247520447, -71.4158630371, 146.402526855, -34.826713562, 236.466278076, -24.3392829895, 142.518737793, -19.7555828094, 60.2906150818, -6.07935094833], [-201.538726807, 151.375427246, -110.495925903, 36.1848678589, 7.5016579628, 18.8515548706, 104.272773743, -24.3392829895, 199.13671875, 7.0810508728, 96.5867767334, -32.8587722778, 83.4713745117], [24.9418544769, -194.159240723, -13.8250494003, -4.94137048721, 77.7498397827, 94.4001083374, 162.151000977, 142.518737793, 7.0810508728, 324.997161865, -34.4119758606, 57.4318466187, 86.5202484131], [-325.669128418, 75.2939453125, -156.944915771, -31.2833843231, -69.1322402954, -45.3771705627, 14.1659517288, -19.7555828094, 96.5867767334, -34.4119758606, 157.654907227, -55.7505340576, 77.4010391235], [222.234313965, -131.788101196, 31.7350692749, -90.8880310059, 8.45345878601, 39.9226913452, -11.1098995209, 60.2906150818, -32.8587722778, 57.4318466187, -55.7505340576, 142.666000366, -64.8049163818], [-378.356842041, 130.320663452, -61.3745307922, 115.814971924, 59.8881721497, 14.7009210587, 129.336746216, -6.07935094833, 83.4713745117, 86.5202484131, 77.4010391235, -64.8049163818, 217.921707153]],
        "icov": [[0.00040698464727, -0.000333691394189, 0.000378438009648, -0.000380974845029, 0.000291033938993, -0.000787771248724, 0.000293713819701, -0.000453803921118, 0.000207086297451, -0.000100630742963, 0.000544315087609, -0.000232587350183, 0.000699533207808], [-0.000333691394189, 0.00203604088165, -0.000205965334317, -0.00152790744323, -0.00120230962057, 0.000379990349757, -0.000168538914295, 0.000407251121942, -0.000670284847729, 0.00124052877072, -0.00177402386907, -0.000231117242947, -0.000301184132695], [0.000378438009648, -0.000205965334317, 0.00332579924725, 0.000227612006711, -0.00302488869056, -0.00305144791491, -0.000163311284268, 0.000869914598297, 0.00212004291825, 0.00082644878421, 0.000368929526303, 0.000290949479677, 0.00156956107821], [-0.000380974845029, -0.00152790744323, 0.000227612006711, 0.0057460423559, -0.00151567347348, -0.00137902284041, -0.000504215655383, 0.00226791901514, 0.00100561755244, -0.000566449190956, 0.00164374604356, 0.00252824975178, -0.00185757235158], [0.000291033938993, -0.00120230962057, -0.00302488869056, -0.00151567347348, 0.011944828555, 0.000560407992452, -0.00406488170847, 0.000613459327724, 0.000102314523247, -0.00120270869229, 0.00315725174733, -0.00200650189072, -0.000992672285065], [-0.000787771248724, 0.000379990349757, -0.00305144791491, -0.00137902284041, 0.000560407992452, 0.00969232060015, -0.00035499810474, -0.00603426154703, -0.00349000305869, 0.000619593076408, 2.87851416942e-05, -0.000607525056694, -0.00158707215451], [0.000293713819701, -0.000168538914295, -0.000163311284268, -0.000504215655383, -0.00406488170847, -0.00035499810474, 0.0110593149439, 0.0022404063493, -0.00424643466249, -0.00538029475138, -0.000419272546424, 0.000116510629596, -0.000581265601795], [-0.000453803921118, 0.000407251121942, 0.000869914598297, 0.00226791901514, 0.000613459327724, -0.00603426154703, 0.0022404063493, 0.0147007713094, 0.00170925178099, -0.00561785744503, -0.00175505853258, -0.000343667081324, -0.00057594088139], [0.000207086297451, -0.000670284847729, 0.00212004291825, 0.00100561755244, 0.000102314523247, -0.00349000305869, -0.00424643466249, 0.00170925178099, 0.0113599048927, 0.00143582571764, -0.0041047022678, -0.000415647606133, 1.13018113552e-05], [-0.000100630742963, 0.00124052877072, 0.00082644878421, -0.000566449190956, -0.00120270869229, 0.000619593076408, -0.00538029475138, -0.00561785744503, 0.00143582571764, 0.0102950241417, 0.00138406350743, -0.00191350211389, -0.00275552645326], [0.000544315087609, -0.00177402386907, 0.000368929526303, 0.00164374604356, 0.00315725174733, 2.87851416942e-05, -0.000419272546424, -0.00175505853258, -0.0041047022678, 0.00138406350743, 0.0153473438695, 0.00200366438366, -0.0032659212593], [-0.000232587350183, -0.000231117242947, 0.000290949479677, 0.00252824975178, -0.00200650189072, -0.000607525056694, 0.000116510629596, -0.000343667081324, -0.000415647606133, -0.00191350211389, 0.00200366438366, 0.0118376472965, 0.00271385512315], [0.000699533207808, -0.000301184132695, 0.00156956107821, -0.00185757235158, -0.000992672285065, -0.00158707215451, -0.000581265601795, -0.00057594088139, 1.13018113552e-05, -0.00275552645326, -0.0032659212593, 0.00271385512315, 0.0111781898886]]
    },
    "spectral_contrast_coeffs": {
        "max": [-0.534402608871, -0.561275482178, -0.586169540882, -0.687235951424, -0.638529896736, -0.444868326187],
        "mean": [-0.763931691647, -0.761566698551, -0.771910429001, -0.825687885284, -0.7730935812, -0.585274815559],
        "min": [-0.973068833351, -0.957308590412, -0.95984596014, -0.955661177635, -0.956200957298, -0.959622621536],
        "stdev": [0.0710432305932, 0.0704106539488, 0.0508255138993, 0.0323125123978, 0.050073556602, 0.0709035545588]
    },
    "spectral_contrast_valleys": {
        "max": [-4.69687271118, -5.19769287109, -5.57934904099, -6.17077636719, -6.50626516342, -10.3321905136],
        "mean": [-7.77893543243, -7.10208559036, -7.13455343246, -7.43732023239, -8.04947280884, -13.938501358],
        "min": [-26.9706840515, -27.5949954987, -27.1609249115, -27.3545417786, -27.2956409454, -27.2187156677],
        "stdev": [1.85707378387, 1.28002202511, 1.27081120014, 1.28649127483, 1.23951625824, 1.06992340088]
    }
},
"rhythm": {
    "beats_count": 35,
    "beats_loudness": {
        "max": 0.0964022353292,
        "mean": 0.0257089622319,
        "min": 0.000390395318391,
        "stdev": 0.0274047125131
    },
    "bpm": 172.265640259,
    "bpm_histogram_first_peak_bpm": 172,
    "bpm_histogram_first_peak_weight": 0,
    "bpm_histogram_second_peak_bpm": 167,
    "bpm_histogram_second_peak_spread": 0,
    "bpm_histogram_second_peak_weight": 0.235294118524,
    "danceability": 0.7852216959,
    "onset_rate": 1.01885950565,
    "beats_loudness_band_ratio": {
        "max": [0.978943049908, 0.444186449051, 0.759953737259, 0.499975889921, 0.490981191397, 0.35981631279],
        "mean": [0.35932341218, 0.0592171661556, 0.272612303495, 0.168030336499, 0.120702147484, 0.0434874556959],
        "min": [0.000838540028781, 0.00157308124471, 0.0108160823584, 0.00220095668919, 0.00235710479319, 0.00181139749475],
        "stdev": [0.325970560312, 0.114049047232, 0.210174739361, 0.115555636585, 0.112344771624, 0.0778130143881]
    },
    "beats_position": [0.371519267559, 0.754648506641, 1.13777780533, 1.52090704441, 1.88081634045, 2.22911548615, 2.58902478218, 2.94893407822, 3.32045340538, 3.68036270142, 4.04027223587, 4.40018129349, 4.73687076569, 5.08516979218, 5.4334692955, 5.78176879883, 6.13006782532, 6.46675729752, 6.80344676971, 7.14013576508, 7.47682523727, 7.81351470947, 8.15020370483, 8.47528362274, 8.80036258698, 9.14866161346, 9.49696159363, 9.84526062012, 10.1935596466, 10.5534696579, 10.9133787155, 11.261677742, 11.6099767685, 11.9582767487, 12.3065757751],
