{
"metadata": {
    "version": {
        "essentia": "2.1-beta5",
        "essentia_git_sha": "Undefined",
        "extractor": "music 2.0"
    },
    "audio_properties": {
        "analysis": {
            "equal_loudness": 0,
            "length": 32.4963264465,
            "sample_rate": 44100,
            "start_time": 45.2440834045,
            "downmix": "mix"
        },
        "bit_rate": 192000,
        "length": 202.001998901,
        "lossless": 0,
        "number_channels": 2,
        "replay_gain": 3.61091423035,
        "sample_rate": 48000,
        "codec": "mp3",
        "md5_encoded": "2627af91641bb5cafa00676d73c893ee"
    },
    "tags": {
        "file_name": "Italy_La Mia Città_Emma.mp3",
        "encoding": ["Lavf58.29.100"]
    }
},
"lowlevel": {
    "average_loudness": 0.977862298489,
    "barkbands_crest": {
        "max": 20.8082141876,
        "mean": 8.6411447525,
        "min": 2.75220251083,
        "stdev": 3.55248832703
    },
    "barkbands_flatness_db": {
        "max": 0.240979880095,
        "mean": 0.14791238308,
        "min": 0.0788862854242,
        "stdev": 0.0244806911796
    },
    "barkbands_kurtosis": {
        "max": 17.9615402222,
        "mean": 1.41455197334,
        "min": -1.80150032043,
        "stdev": 2.60515356064
    },
    "barkbands_skewness": {
        "max": 3.89954638481,
        "mean": 1.18265557289,
        "min": -0.66050028801,
        "stdev": 0.684690892696
    },
    "barkbands_spread": {
        "max": 79.5376663208,
        "mean": 28.1557598114,
        "min": 6.2736954689,
        "stdev": 11.0490560532
    },
    "dissonance": {
        "max": 0.49991992116,
        "mean": 0.470826685429,
        "min": 0.384920477867,
        "stdev": 0.0181385576725
    },
    "dynamic_complexity": 1.20114266872,
    "erbbands_crest": {
        "max": 29.9647541046,
        "mean": 9.13334083557,
        "min": 2.49858355522,
        "stdev": 5.14449214935
    },
    "erbbands_flatness_db": {
        "max": 0.294360220432,
        "mean": 0.182753264904,
        "min": 0.128420308232,
        "stdev": 0.0239165425301
    },
    "erbbands_kurtosis": {
        "max": 10.5875196457,
        "mean": -0.251627445221,
        "min": -1.64232504368,
        "stdev": 1.25195324421
    },
    "erbbands_skewness": {
        "max": 2.9731991291,
        "mean": 0.390935093164,
        "min": -2.01731824875,
        "stdev": 0.62357878685
    },
    "erbbands_spread": {
        "max": 93.975440979,
        "mean": 45.269744873,
        "min": 8.85133647919,
        "stdev": 14.7914476395
    },
    "hfc": {
        "max": 96.791053772,
        "mean": 31.5096950531,
        "min": 0.522397994995,
        "stdev": 12.2577323914
    },
    "loudness_ebu128": {
        "integrated": -25.5583992004,
        "loudness_range": 1.34477043152,
        "momentary": {
            "max": -24.3239097595,
            "mean": -25.6274662018,
            "min": -28.2804546356,
            "stdev": 0.792756855488
        },
        "short_term": {
            "max": -24.800239563,
            "mean": -25.5530452728,
            "min": -26.6423931122,
            "stdev": 0.478406846523
        }
    },
    "melbands_crest": {
        "max": 26.1541194916,
        "mean": 11.7053890228,
        "min": 3.89063000679,
        "stdev": 3.67301678658
    },
    "melbands_flatness_db": {
        "max": 0.297249823809,
        "mean": 0.159497141838,
        "min": 0.0730525404215,
        "stdev": 0.0327853225172
    },
    "melbands_kurtosis": {
        "max": 55.4918746948,
        "mean": 8.26214694977,
        "min": -0.598494052887,
        "stdev": 7.56925392151
    },
    "melbands_skewness": {
        "max": 6.35556602478,
        "mean": 2.25571131706,
        "min": -0.451487213373,
        "stdev": 1.03941321373
    },
    "melbands_spread": {
        "max": 132.537582397,
        "mean": 29.263584137,
        "min": 5.87057209015,
        "stdev": 13.0348520279
    },
    "pitch_salience": {
        "max": 0.834781765938,
        "mean": 0.594094276428,
        "min": 0.310741364956,
        "stdev": 0.0907689779997
    },
    "silence_rate_20dB": {
        "max": 1,
        "mean": 1,
        "min": 1,
        "stdev": 0
    },
    "silence_rate_30dB": {
        "max": 1,
        "mean": 1,
        "min": 1,
        "stdev": 0
    },
    "silence_rate_60dB": {
        "max": 0,
        "mean": 0,
        "min": 0,
        "stdev": 0
    },
    "spectral_centroid": {
        "max": 3826.33544922,
        "mean": 1607.5333252,
        "min": 541.143615723,
        "stdev": 471.184265137
    },
    "spectral_complexity": {
        "max": 51,
        "mean": 29.8229827881,
        "min": 1,
        "stdev": 7.35012292862
    },
    "spectral_decrease": {
        "max": -1.4653890601e-10,
        "mean": -8.58909743329e-09,
        "min": -2.85801800004e-08,
        "stdev": 3.67006669499e-09
    },
    "spectral_energy": {
        "max": 0.111776068807,
        "mean": 0.0352752804756,
        "min": 0.000600460974965,
        "stdev": 0.01450832095
    },
    "spectral_energyband_high": {
        "max": 0.0143231200054,
        "mean": 0.00164091412444,
        "min": 2.83745375782e-05,
        "stdev": 0.00122979155276
    },
    "spectral_energyband_low": {
        "max": 0.0546196475625,
        "mean": 0.00823389645666,
        "min": 0.00021892960649,
        "stdev": 0.00652684271336
    },
    "spectral_energyband_middle_high": {
        "max": 0.0577751621604,
        "mean": 0.00837885402143,
        "min": 0.000134010304464,
        "stdev": 0.00770758232102
    },
    "spectral_energyband_middle_low": {
        "max": 0.0847598835826,
        "mean": 0.01811321266,
        "min": 0.000227973680012,
        "stdev": 0.0120009714738
    },
    "spectral_entropy": {
        "max": 8.3273563385,
        "mean": 7.80883693695,
        "min": 7.12389945984,
        "stdev": 0.182650327682
    },
    "spectral_flux": {
        "max": 0.256222456694,
        "mean": 0.110195249319,
        "min": 0.0351306051016,
        "stdev": 0.0337949134409
    },
    "spectral_kurtosis": {
        "max": 9.86034393311,
        "mean": 1.11130821705,
        "min": -1.00747573376,
        "stdev": 1.08098435402
    },
    "spectral_rms": {
        "max": 0.0104426927865,
        "mean": 0.00574311474338,
        "min": 0.000765385921113,
        "stdev": 0.0011964563746
    },
    "spectral_rolloff": {
        "max": 6955.22460938,
        "mean": 1706.48608398,
        "min": 301.46484375,
        "stdev": 1169.25964355
    },
    "spectral_skewness": {
        "max": 2.58826327324,
        "mean": 0.815190851688,
        "min": -0.301325023174,
        "stdev": 0.236256837845
    },
    "spectral_spread": {
        "max": 11311425,
        "mean": 4087515.75,
        "min": 2778337.25,
        "stdev": 594747.0625
    },
    "spectral_strongpeak": {
        "max": 8.80584144592,
        "mean": 1.29685974121,
        "min": 0,
        "stdev": 1.3054163456
    },
    "zerocrossingrate": {
        "max": 0.2236328125,
        "mean": 0.0700033605099,
        "min": 0.01708984375,
        "stdev": 0.0218505598605
    },
    "barkbands": {
        "max": [0.00352563592605, 0.0401870831847, 0.0325796380639, 0.0228090453893, 0.0457446873188, 0.0521450936794, 0.0238970126957, 0.0282755233347, 0.04256715253, 0.0486233308911, 0.0505118817091, 0.0161648225039, 0.0105936322361, 0.0099131166935, 0.00602560956031, 0.00901058316231, 0.00377918081358, 0.0043960227631, 0.00928734708577, 0.00354602211155, 0.0033574369736, 0.00628798361868, 0.00702298339456, 0.00117393699475, 0.000108111409645, 1.26007116705e-05, 1.23575182442e-05],
        "mean": [0.000174905188032, 0.00406943494454, 0.00317098014057, 0.00163859454915, 0.00425466662273, 0.00499809859321, 0.00154667906463, 0.00154842354823, 0.00361762708053, 0.00190409726929, 0.00180349033326, 0.000590804615058, 0.000735615147278, 0.000468346028356, 0.000522656424437, 0.000499680696521, 0.000633065297734, 0.000567523413338, 0.00063841836527, 0.000471167790238, 0.000385731953429, 0.000439507333795, 0.000434768066043, 0.000159014889505, 1.98635530069e-06, 1.1097589514e-08, 1.03408739349e-08],
        "min": [9.05254680106e-08, 8.76334524946e-05, 2.97797269013e-05, 4.36199661635e-06, 5.76236416236e-05, 1.38646619234e-05, 1.98929774342e-05, 7.31797990738e-06, 1.09879256343e-05, 9.13896201382e-06, 9.88895681076e-06, 1.05245737814e-06, 6.8552749326e-06, 6.01187957727e-06, 5.32532567377e-06, 1.76255325641e-05, 1.60348554346e-05, 9.08099718799e-06, 7.56700273996e-06, 3.59287537322e-06, 5.08165794599e-06, 1.22973833641e-05, 6.32593219052e-06, 2.94278038382e-06, 2.63988525484e-10, 2.38526254304e-10, 3.5401476195e-10],
        "stdev": [0.000258473388385, 0.00417556148022, 0.00342503678985, 0.00216718227603, 0.00461275177076, 0.00780429504812, 0.00199108850211, 0.00262798462063, 0.00549374707043, 0.00476919068024, 0.00418555829674, 0.00121010851581, 0.0011237320723, 0.000784074421972, 0.000602775544394, 0.000597404956352, 0.000481374125229, 0.00045091053471, 0.000537752115633, 0.000374100869521, 0.000314573466312, 0.000482909963466, 0.000444388133474, 0.000159141913173, 5.7427810134e-06, 3.36498828801e-07, 3.29996936443e-07]
    },
    "erbbands": {
        "max": [0.92338758707, 10.303730011, 28.62799263, 62.8797912598, 139.38710022, 191.19984436, 344.506835938, 653.156799316, 478.198822021, 456.04888916, 827.637084961, 1259.46557617, 1272.87182617, 2065.44018555, 1966.60583496, 505.749664307, 531.734680176, 384.303924561, 268.332763672, 392.623474121, 255.690643311, 227.201858521, 242.648773193, 579.920715332, 217.997299194, 135.041976929, 123.959373474, 175.151504517, 292.274871826, 197.662216187, 210.860412598, 38.409362793, 17.4686336517, 2.3399040699, 0.122717633843, 0.0536065846682, 0.0228407979012, 0.00784566719085, 0.0017722150078, 0.000205244446988],
        "mean": [0.103538550436, 0.97052526474, 3.4592165947, 4.8420176506, 9.33866596222, 15.0224618912, 28.8057193756, 41.0450210571, 24.8634319305, 25.5037918091, 44.2351799011, 90.7916793823, 51.9599952698, 75.3957138062, 61.8080825806, 27.0655784607, 35.5394058228, 24.7209434509, 24.2077503204, 31.4868679047, 27.2206745148, 34.7725982666, 31.952381134, 32.7408866882, 30.1329936981, 22.6083183289, 15.5875740051, 15.7606687546, 14.8573579788, 16.4294776917, 11.3583917618, 5.37740802765, 1.46687269211, 0.10999108851, 0.00382599979639, 0.000396047456888, 9.36769138207e-05, 2.77264334727e-05, 2.60769866145e-05, 4.44808356406e-05],
        "min": [0.00144712277688, 0.0124556897208, 0.07609269768, 0.144412592053, 0.147038593888, 0.194072842598, 0.306551277637, 0.261322081089, 0.296211481094, 0.78803139925, 0.734090566635, 0.269010275602, 0.145274892449, 0.765653729439, 0.687237381935, 0.0933554619551, 0.2987434268, 0.312150061131, 0.29604908824, 1.40757226944, 1.26402401924, 0.971912026405, 0.554487884045, 0.253192007542, 0.444300115108, 0.168110668659, 0.20822095871, 0.265596449375, 0.334282010794, 0.430259138346, 0.152679473162, 0.105727300048, 0.0233360938728, 0.00119527615607, 7.85441079643e-05, 1.96307537408e-05, 6.9060442911e-06, 1.86376780675e-06, 1.9041045789e-06, 9.10619405659e-07],
        "stdev": [0.126628383994, 0.99307513237, 3.3162984848, 5.37997055054, 11.7835464478, 17.1873683929, 45.3486709595, 71.9437637329, 32.4780158997, 31.8196926117, 72.2069168091, 144.48979187, 100.161254883, 201.291351318, 135.402908325, 42.897403717, 52.4016685486, 35.0701446533, 26.5432319641, 40.0534248352, 24.5698986053, 25.5483016968, 24.4738349915, 28.4766559601, 24.9434261322, 17.1767539978, 12.202337265, 14.0671749115, 17.5909729004, 17.9933300018, 11.4652318954, 4.98760080338, 1.66951096058, 0.170579567552, 0.00615798728541, 0.00146810873412, 0.000610604241956, 0.000209482503124, 4.75150518469e-05, 1.72723121068e-05]
    },
    "gfcc": {
        "mean": [24.5651702881, 128.505447388, -161.765136719, 72.6918106079, -84.7490539551, 14.0942459106, -23.185585022, -10.2308597565, 6.37658834457, -28.1982822418, 7.36441373825, -15.8818044662, -0.310376018286],
        "cov": [[432.456878662, -66.4137878418, -66.7069778442, -30.3876342773, -16.8608188629, 38.8094291687, -3.81893134117, -1.66292023659, -31.2972488403, -19.7110290527, 0.597394526005, -7.17978382111, -6.18774843216], [-66.4137878418, 218.239486694, -19.0264568329, -39.3780174255, 58.1966896057, -63.2299728394, 36.3844108582, -24.7194728851, 14.6149759293, -15.5299167633, 23.5008201599, -12.8058338165, 11.1069955826], [-66.7069778442, -19.0264568329, 234.655273438, 84.7259521484, -57.9305877686, -24.55327034, -90.1323547363, 9.74630069733, 35.8531341553, 17.6374816895, -10.6894359589, 6.71354722977, 2.95868206024], [-30.3876342773, -39.3780174255, 84.7259521484, 116.346717834, 5.57822322845, -27.8193283081, -40.9364356995, -11.797700882, 20.0370540619, 21.3746871948, -7.91329860687, 9.71488189697, -2.83316469193], [-16.8608188629, 58.1966896057, -57.9305877686, 5.57822322845, 101.824363708, 34.8206176758, 46.5502624512, 0.948583960533, -1.60950613022, -4.59955358505, 16.4200019836, 0.0611493773758, 2.93049430847], [38.8094291687, -63.2299728394, -24.55327034, -27.8193283081, 34.8206176758, 170.618621826, 80.0424804688, 32.3581428528, -14.4997053146, -7.4206662178, 1.19919133186, 3.77815532684, -11.7716112137], [-3.81893134117, 36.3844108582, -90.1323547363, -40.9364356995, 46.5502624512, 80.0424804688, 168.309082031, 45.4115638733, -2.57052993774, -15.1398859024, 8.80152511597, 1.84295964241, -2.49577021599], [-1.66292023659, -24.7194728851, 9.74630069733, -11.797700882, 0.948583960533, 32.3581428528, 45.4115638733, 121.68460083, 41.2150268555, 0.897335827351, -6.5112323761, -18.9651432037, 4.84200906754], [-31.2972488403, 14.6149759293, 35.8531341553, 20.0370540619, -1.60950613022, -14.4997053146, -2.57052993774, 41.2150268555, 74.2136535645, 25.6976032257, -2.89578342438, -4.22496652603, -4.41299819946], [-19.7110290527, -15.5299167633, 17.6374816895, 21.3746871948, -4.59955358505, -7.4206662178, -15.1398859024, 0.897335827351, 25.6976032257, 51.1890296936, 17.4015350342, -0.178035065532, -3.61045622826], [0.597394526005, 23.5008201599, -10.6894359589, -7.91329860687, 16.4200019836, 1.19919133186, 8.80152511597, -6.5112323761, -2.89578342438, 17.4015350342, 58.0531921387, 31.3670921326, 5.91695404053], [-7.17978382111, -12.8058338165, 6.71354722977, 9.71488189697, 0.0611493773758, 3.77815532684, 1.84295964241, -18.9651432037, -4.22496652603, -0.178035065532, 31.3670921326, 60.372505188, 25.9986572266], [-6.18774843216, 11.1069955826, 2.95868206024, -2.83316469193, 2.93049430847, -11.7716112137, -2.49577021599, 4.84200906754, -4.41299819946, -3.61045622826, 5.91695404053, 25.9986572266, 56.5106582642]],
        "icov": [[0.0028590047732, 0.000901379738934, 0.00137826963328, -0.000741511932574, 0.00140998873394, -0.00104771007318, 0.000698183488566, 0.000637101824395, -0.000911833252758, 0.00272799958475, -0.00282172323205, 0.00262277550064, -0.00109668308869], [0.000901379738934, 0.0262320209295, -0.0123721407726, 0.0162948742509, -0.0184341017157, 0.0155233517289, -0.0134832682088, 0.0170890782028, -0.0159975457937, 0.0156381484121, -0.0181088987738, 0.021834269166, -0.0098618445918], [0.00137826963328, -0.0123721407726, 0.0168675351888, -0.0164054762572, 0.0166304334998, -0.0117982262745, 0.0108472388238, -0.00795223470777, 0.00224621430971, -0.000744152930565, 0.00180588278454, -0.00499883992597, 0.000955955940299], [-0.000741511932574, 0.0162948742509, -0.0164054762572, 0.0303089600056, -0.0226854141802, 0.0155419083312, -0.00899537932128, 0.00861364603043, -0.00478568812832, -0.00384118943475, 0.00418041320518, -0.00092151388526, 0.00174026680179], [0.00140998873394, -0.0184341017157, 0.0166304334998, -0.0226854141802, 0.0343179777265, -0.0179810971022, 0.00880287215114, -0.00725188478827, 0.00302971946076, 0.00163119309582, -0.00406969059259, -0.000267199386144, -0.0018557299627], [-0.00104771007318, 0.0155233517289, -0.0117982262745, 0.0155419083312, -0.0179810971022, 0.0209328960627, -0.0123503385112, 0.00584880914539, -0.00219722907059, 0.00118719658349, -0.00131274177693, 0.00292892893776, 0.00117167655844], [0.000698183488566, -0.0134832682088, 0.0108472388238, -0.00899537932128, 0.00880287215114, -0.0123503385112, 0.0187444556504, -0.0122489687055, 0.00693229027092, -0.0046994718723, 0.00742246583104, -0.0119536928833, 0.0055192722939], [0.000637101824395, 0.0170890782028, -0.00795223470777, 0.00861364603043, -0.00725188478827, 0.00584880914539, -0.0122489687055, 0.0274786669761, -0.0225605089217, 0.0178094785661, -0.0198904555291, 0.0269832462072, -0.0146972546354], [-0.000911833252758, -0.0159975457937, 0.00224621430971, -0.00478568812832, 0.00302971946076, -0.00219722907059, 0.00693229027092, -0.0225605089217, 0.0392901264131, -0.0291011407971, 0.0258697029203, -0.0276020765305, 0.0155103495345], [0.00272799958475, 0.0156381484121, -0.000744152930565, -0.00384118943475, 0.00163119309582, 0.00118719658349, -0.0046994718723, 0.0178094785661, -0.0291011407971, 0.0529293306172, -0.0396693795919, 0.0354241617024, -0.0155341336504], [-0.00282172323205, -0.0181088987738, 0.00180588278454, 0.00418041320518, -0.00406969059259, -0.00131274177693, 0.00742246583104, -0.0198904555291, 0.0258697029203, -0.0396693795919, 0.0620529837906, -0.0514587275684, 0.0219978913665], [0.00262277550064, 0.021834269166, -0.00499883992597, -0.00092151388526, -0.000267199386144, 0.00292892893776, -0.0119536928833, 0.0269832462072, -0.0276020765305, 0.0354241617024, -0.0514587275684, 0.0698327943683, -0.0326366908848], [-0.00109668308869, -0.0098618445918, 0.000955955940299, 0.00174026680179, -0.0018557299627, 0.00117167655844, 0.0055192722939, -0.0146972546354, 0.0155103495345, -0.0155341336504, 0.0219978913665, -0.0326366908848, 0.0343250781298]]
    },
    "melbands": {
        "max": [0.00924253929406, 0.0127951595932, 0.0118158590049, 0.00980289559811, 0.00980937480927, 0.0124706206843, 0.00622108764946, 0.0049590668641, 0.00683069508523, 0.00705870473757, 0.00696260621771, 0.00819023791701, 0.00829329527915, 0.0020985766314, 0.00167389388662, 0.00131619418971, 0.000913635652978, 0.000525006558746, 0.000570349802729, 0.000872107513715, 0.00024163404305, 0.000302054540953, 0.000216071450268, 0.000235356084886, 0.000549994641915, 0.00017403633683, 0.000188970123418, 0.000113041664008, 8.35971877677e-05, 6.4736836066e-05, 0.000121487544675, 0.000185459837667, 0.000114541770017, 0.000122538942378, 0.000161729723914, 3.67101965821e-05, 2.41552188527e-05, 1.36906710395e-05, 7.67954679759e-06, 6.9230105737e-07],
        "mean": [0.00102203467395, 0.00161750579719, 0.000959213241003, 0.000914319418371, 0.000942722952459, 0.000916604069062, 0.000362307415344, 0.000281169370282, 0.000427065911936, 0.000543443777133, 0.000241816378548, 0.000299051956972, 0.000228398028412, 8.34462844068e-05, 7.62995914556e-05, 6.51892696624e-05, 4.51083942608e-05, 3.79845732823e-05, 3.96575269406e-05, 4.09828535339e-05, 3.00322080875e-05, 3.73020775442e-05, 3.14596036333e-05, 2.67189661827e-05, 2.65477774519e-05, 2.33020637097e-05, 1.89676247828e-05, 1.39449393828e-05, 9.60649049375e-06, 9.14090833248e-06, 9.22086837818e-06, 8.26326231618e-06, 8.7415901362e-06, 9.34423042054e-06, 7.33438446332e-06, 4.26658471042e-06, 2.85392297883e-06, 1.20568529383e-06, 2.81838936189e-07, 1.25718004895e-08],
        "min": [2.12969171116e-05, 3.54281837645e-05, 2.66515689873e-05, 1.19486303447e-05, 1.06424085971e-05, 5.95135179537e-06, 3.2287744034e-06, 9.06761124497e-06, 3.84796248909e-06, 1.36580513299e-06, 6.8736301273e-07, 1.26108170662e-06, 1.800693326e-06, 2.73729227729e-07, 4.4111473585e-07, 6.61023136672e-07, 2.96408387612e-07, 4.43101441761e-07, 6.33085278423e-07, 1.25583096633e-06, 1.54755446147e-06, 9.56326744017e-07, 9.2510254035e-07, 2.49214735959e-07, 1.66515903288e-07, 3.94911893409e-07, 1.86731682561e-07, 9.25847771782e-08, 1.30028951162e-07, 1.01868366187e-07, 1.9323691447e-07, 1.92058621451e-07, 1.39010907674e-07, 2.04283281846e-07, 7.68478116697e-08, 7.14923373835e-08, 6.13409838479e-08, 6.66063915133e-09, 8.06384473084e-11, 1.85337899541e-12],
        "stdev": [0.00110889691859, 0.00138988194522, 0.00100592407398, 0.000997069641016, 0.00134075677488, 0.00151803297922, 0.000474592816317, 0.000365754414815, 0.000665724277496, 0.000874941528309, 0.000527570373379, 0.000829992932267, 0.000528609612957, 0.000167650228832, 0.000122810539324, 0.000107372092316, 7.50229446567e-05, 5.01505055581e-05, 5.04439813085e-05, 5.46340161236e-05, 2.76868122455e-05, 3.119820758e-05, 2.51157507591e-05, 2.24595878535e-05, 2.59333119175e-05, 1.94836939045e-05, 1.76709145308e-05, 1.15719585665e-05, 8.71045449458e-06, 8.09282209957e-06, 8.85911595105e-06, 1.0341327652e-05, 1.03070633486e-05, 1.05578956209e-05, 8.07350261312e-06, 3.79433913622e-06, 2.94237088383e-06, 1.43703505273e-06, 4.31102762377e-07, 5.17400238209e-08]
    },
    "melbands128": {
        "max": [0.00296060740948, 0.00767070334405, 0.0149707300588, 0.0187633037567, 0.0172900762409, 0.0170165300369, 0.0140614593402, 0.0117325438187, 0.0166726224124, 0.0125002227724, 0.012420181185, 0.0112646380439, 0.0174302663654, 0.0191264003515, 0.0217993445694, 0.0164670683444, 0.0139420675114, 0.00800179131329, 0.00503316521645, 0.00792271923274, 0.00751403719187, 0.00841006450355, 0.0119331404567, 0.0114498753101, 0.0153154563159, 0.0108270999044, 0.00992136914283, 0.00759893655777, 0.0165545195341, 0.0117615368217, 0.0171498842537, 0.0103694507852, 0.0172662716359, 0.00566343683749, 0.00455030379817, 0.00150440272409, 0.00230133486912, 0.00321395532228, 0.00266750925221, 0.0025015710853, 0.00188095879275, 0.000944538565818, 0.00149956985842, 0.00268487539142, 0.00146473944187, 0.000995553680696, 0.000702267803717, 0.00120309693739, 0.0010030164849, 0.00135992933065, 0.00164574419614, 0.000760631170124, 0.000452652951935, 0.000458327675005, 0.000564748013858, 0.000560350250453, 0.000259975815425, 0.000438440212747, 0.000379236240406, 0.000593458476942, 0.000381451129215, 0.000764600117691, 0.000420577795012, 0.00120548764244, 0.000327366142301, 0.00028575133183, 0.000458130525658, 0.000340958620654, 0.000330565206241, 0.000202105016797, 0.000193096493604, 0.00018636250752, 0.000165009740158, 0.00013763946481, 0.000119592274132, 9.74145732471e-05, 0.000117368261272, 0.000106891158794, 0.000160416355357, 0.000121376724564, 0.00018122929032, 0.000292336335406, 0.000118716030556, 0.000134527188493, 0.000119709373394, 0.000105243743747, 0.000145474768942, 0.000171190753463, 0.000235176179558, 8.89373040991e-05, 5.09731507918e-05, 4.75611050206e-05, 3.13545024255e-05, 3.49427245965e-05, 2.6567340683e-05, 2.08751207538e-05, 1.75684908754e-05, 1.03155180113e-05, 1.31233182401e-05, 3.25858422912e-06, 1.61060359005e-06, 2.88004457616e-07, 1.63845214729e-07, 1.39374350283e-07, 1.23735588886e-07, 1.12120844165e-07, 1.02978432892e-07, 1.00711488926e-07, 8.99923335851e-08, 8.39177971557e-08, 7.92323504584e-08, 7.54758318067e-08, 7.18154709034e-08, 6.85053009875e-08, 6.56186571746e-08, 6.30360901255e-08, 6.05562888722e-08, 5.84569690432e-08, 5.66969902138e-08, 5.49778924608e-08, 5.33880815112e-08, 5.20569756191e-08, 5.07775688163e-08, 4.97402368183e-08, 4.91032601246e-08, 4.84181335025e-08, 4.79490189775e-08, 4.76548791539e-08],
        "mean": [0.000159850067575, 0.000767287041526, 0.00128874462098, 0.00168796489015, 0.00184711604379, 0.00146845181007, 0.000956766889431, 0.000811009376775, 0.000902051222511, 0.00109474104829, 0.000777177105192, 0.000677022151649, 0.000884668144863, 0.00141972850543, 0.00112223962788, 0.000544593669474, 0.000373437302187, 0.000382640078897, 0.00026569396141, 0.000279629370198, 0.000290153053356, 0.000258042942733, 0.000383811711799, 0.000643403909635, 0.00078743242193, 0.000407652289141, 0.000236908192164, 0.000244499853579, 0.000202353563509, 0.000312993332045, 0.000354184769094, 0.000237239190028, 0.000245784933213, 0.000221483074711, 7.52904234105e-05, 5.37098785571e-05, 6.7409593612e-05, 6.01986866968e-05, 0.000102002202766, 8.9632885647e-05, 5.44798276678e-05, 3.1626339478e-05, 4.31599764852e-05, 5.78033686907e-05, 3.74463379558e-05, 3.4243283153e-05, 3.86456049455e-05, 3.33905409207e-05, 4.30398031313e-05, 4.92600629514e-05, 4.20386459155e-05, 3.22708692693e-05, 2.667667286e-05, 2.79636078631e-05, 3.93943773815e-05, 4.09022177337e-05, 3.11374242301e-05, 3.6403114791e-05, 2.88810970233e-05, 2.87891016342e-05, 2.61940804194e-05, 2.47789685091e-05, 2.82334785879e-05, 2.7040769055e-05, 2.44759248744e-05, 2.27982800425e-05, 2.30715468206e-05, 2.15173822653e-05, 1.66240661201e-05, 1.78767222678e-05, 1.48836461449e-05, 1.16568708108e-05, 1.03035436041e-05, 9.28405006562e-06, 8.54561858432e-06, 9.28595181904e-06, 9.57949396252e-06, 8.54423524288e-06, 9.63635466178e-06, 9.31342492549e-06, 8.48827767186e-06, 7.60901048125e-06, 7.95799405751e-06, 8.70058556757e-06, 9.74363592832e-06, 9.1340225481e-06, 9.57418887992e-06, 9.08285983314e-06, 7.88635952631e-06, 5.39150187251e-06, 4.67718064101e-06, 3.84693203159e-06, 3.82357802664e-06, 2.93172274723e-06, 2.36443997892e-06, 1.56402779794e-06, 9.75457169261e-07, 6.19004254077e-07, 3.1408023915e-07, 8.32208471024e-08, 1.94862472824e-08, 2.97283642148e-09, 1.48852347115e-10, 1.12309619937e-10, 1.00155161942e-10, 9.77932318458e-11, 1.15298680325e-10, 1.13758662212e-10, 7.87915011013e-11, 6.89482290706e-11, 6.52630241516e-11, 6.23733287242e-11, 5.94373578133e-11, 5.67684545205e-11, 5.44677497549e-11, 5.25000355689e-11, 5.05482634916e-11, 4.89205828624e-11, 4.75950633072e-11, 4.61718718814e-11, 4.48339282366e-11, 4.37892916372e-11, 4.28301352717e-11, 4.19413809238e-11, 4.08727600376e-11, 3.93971071044e-11, 3.85217691079e-11, 3.82183486247e-11],
        "min": [1.02802510948e-09, 3.49942155253e-07, 1.33719606765e-06, 1.44796813402e-05, 2.98054583254e-05, 1.50401192514e-05, 5.1561910368e-06, 2.18618515646e-06, 5.10799873155e-06, 4.14409714722e-06, 2.67802624876e-06, 1.4353190636e-06, 1.44322257256e-06, 1.47873231526e-06, 1.58299121722e-06, 5.34664650331e-07, 1.94150629795e-06, 1.90189069826e-07, 3.28898272528e-06, 2.25815506383e-06, 7.81989228926e-07, 1.05973253994e-06, 5.11547284532e-07, 1.21270261388e-06, 1.58016212026e-06, 7.81902258495e-07, 2.87329982029e-07, 2.25987690783e-07, 1.987500724e-07, 1.55600474727e-07, 2.23137476496e-07, 2.70959304771e-07, 4.09032026027e-07, 1.1060892291e-07, 1.52398030195e-07, 7.79499060855e-08, 4.45661711979e-08, 3.29448340608e-07, 4.31260531286e-07, 1.50443710822e-07, 9.29747585587e-08, 5.68283766711e-08, 3.7096704375e-08, 8.65780123149e-08, 1.69634461145e-07, 1.51085387756e-07, 2.74179029702e-07, 2.00909553882e-07, 2.58667427033e-07, 3.42876575132e-07, 1.50764464024e-07, 4.54690734841e-07, 1.41800853726e-07, 3.40591867598e-07, 3.53501292238e-07, 4.58744096932e-07, 6.54181860682e-07, 4.15636009166e-07, 7.21848891772e-07, 1.72565748358e-07, 1.67146808394e-07, 3.06561759089e-07, 2.02608916311e-07, 7.16084116448e-08, 1.42425633953e-07, 5.40542430372e-07, 2.09254324091e-07, 1.20339407772e-07, 2.06461493235e-07, 1.14044162558e-07, 4.00067818873e-08, 1.29831247975e-08, 1.17251445886e-07, 8.37552533994e-08, 9.61415196343e-08, 1.12649516382e-07, 2.6612253734e-08, 3.79083466839e-08, 1.54510345851e-07, 1.40171309226e-07, 2.05596975889e-07, 1.33005030989e-07, 1.38614211664e-07, 5.85674051479e-08, 5.47430047959e-08, 9.10927084874e-08, 4.70370729033e-08, 2.68375153212e-08, 9.12449706902e-08, 9.90850281823e-08, 8.65508908987e-08, 4.3975877162e-08, 8.26414705557e-08, 8.76305179531e-08, 3.18970876378e-08, 9.80957121088e-11, 1.14877152235e-09, 1.91488450096e-10, 6.80030858013e-12, 2.13944357022e-12, 1.65719066074e-12, 1.31088640377e-12, 7.49601498495e-13, 9.62766324997e-13, 7.91220387819e-13, 1.1361802341e-12, 1.00557637304e-12, 9.06174061569e-13, 7.06690999122e-13, 9.75625396443e-13, 1.04509727695e-12, 1.0059483628e-12, 9.77481225302e-13, 1.07795434905e-12, 1.07223691731e-12, 1.08765351326e-12, 8.40652525889e-13, 7.22279115857e-13, 1.16121294438e-12, 1.16003300715e-12, 6.73640451147e-13, 8.49010640437e-13, 1.02488894108e-12, 1.05283837204e-12, 8.15557148724e-13, 3.03939517868e-13, 4.01300459605e-14, 1.15654048025e-15],
        "stdev": [0.000242345311563, 0.00107699329965, 0.00167315732688, 0.00182837084867, 0.00179897074122, 0.00171647255775, 0.00120491592679, 0.00122898677364, 0.00138401018921, 0.00144658330828, 0.00103669392411, 0.00127751100808, 0.001825312851, 0.00271371309645, 0.00241364166141, 0.00125196168665, 0.000737216556445, 0.000645626219921, 0.000433346489444, 0.000459089002106, 0.000499034067616, 0.000633212097455, 0.000913833151571, 0.00122069811914, 0.00156234065071, 0.00098828994669, 0.000681046687532, 0.000647085951641, 0.000874162302352, 0.00105090811849, 0.00131992646493, 0.00074415456038, 0.000878505175933, 0.000586525187828, 0.000278224993963, 0.000124387632241, 0.000174092550878, 0.000155027097207, 0.000202499853913, 0.000178695787326, 0.000149803614477, 6.22127190582e-05, 8.78350329003e-05, 0.000143323952216, 9.30060559767e-05, 5.66442104173e-05, 5.38181047887e-05, 6.73236136208e-05, 8.09734119684e-05, 0.000101442718005, 7.89037294453e-05, 5.42013331142e-05, 3.60365374945e-05, 3.30106595356e-05, 5.06373035023e-05, 5.02752300235e-05, 3.03811848426e-05, 3.83308943128e-05, 3.47996247001e-05, 3.84848026442e-05, 2.80263175227e-05, 3.53162467945e-05, 3.31133414875e-05, 4.26860242442e-05, 2.81551474473e-05, 2.50655975833e-05, 2.99157818517e-05, 2.93866924039e-05, 2.18498225877e-05, 1.91413782886e-05, 1.7749840481e-05, 1.24318257804e-05, 1.43122897498e-05, 1.08873355202e-05, 8.88572776603e-06, 9.30919304665e-06, 1.17759927889e-05, 9.36982996791e-06, 1.11814106276e-05, 9.99220628728e-06, 1.07891892185e-05, 1.37944070957e-05, 1.08369413283e-05, 1.1197304957e-05, 1.21295997815e-05, 1.13869919005e-05, 1.22258015836e-05, 1.13949936349e-05, 1.02274989331e-05, 5.77877199248e-06, 4.45714613306e-06, 4.15693466493e-06, 3.76432308258e-06, 3.54386838808e-06, 2.89420154331e-06, 2.11765927816e-06, 1.36247376759e-06, 9.01100520423e-07, 5.69648989313e-07, 2.32779228782e-07, 1.06260650057e-07, 1.84581239182e-08, 4.37908331818e-09, 3.72199049359e-09, 3.3043483505e-09, 2.99429125938e-09, 2.76433897994e-09, 2.69557309807e-09, 2.40320741085e-09, 2.24097784773e-09, 2.11584927357e-09, 2.01553262968e-09, 1.91778792846e-09, 1.82938730831e-09, 1.75229442068e-09, 1.68333313955e-09, 1.61710000945e-09, 1.56103985294e-09, 1.51404044857e-09, 1.46812884072e-09, 1.42567702088e-09, 1.39012645839e-09, 1.35596345263e-09, 1.32825950239e-09, 1.31125976743e-09, 1.29299360108e-09, 1.28048183168e-09, 1.27263022343e-09]
    },
    "mfcc": {
        "mean": [-585.476806641, 114.995071411, -9.68363761902, 42.0531272888, -19.0813884735, 18.0515727997, -20.8571949005, 24.1933269501, -16.2431774139, 15.9146356583, -12.9270153046, 9.8558177948, -10.9213056564],
        "cov": [[498.671691895, -85.9496994019, -89.6304931641, -79.2323455811, -17.0888442993, 7.05942106247, 42.7356567383, 3.90235519409, -16.911819458, -8.4580450058, -15.6075868607, -30.5667495728, -2.96822881699], [-85.9496994019, 268.466705322, -97.2058181763, 31.8670368195, -27.1790866852, -1.01778268814, -4.84332752228, 17.2121715546, -35.8977470398, 34.7566337585, -19.7429904938, 14.81782341, -29.337469101], [-89.6304931641, -97.2058181763, 284.245819092, 26.1998386383, 54.6069374084, -41.1150054932, -69.6356048584, -45.9814491272, 14.5204906464, -27.7632083893, 21.8627738953, -4.78111076355, 13.9514074326], [-79.2323455811, 31.8670368195, 26.1998386383, 167.821289062, 6.72310638428, -11.320608139, -76.9069213867, -24.9456787109, -21.2640724182, 1.10927712917, -15.0647153854, 33.9732322693, -11.4490251541], [-17.0888442993, -27.1790866852, 54.6069374084, 6.72310638428, 110.618148804, -17.4208660126, -11.3787508011, -32.992149353, 8.03392982483, -12.035946846, 9.3177022934, -14.1000080109, 20.7572727203], [7.05942106247, -1.01778268814, -41.1150054932, -11.320608139, -17.4208660126, 132.267044067, 27.3743171692, 33.1102333069, -24.2270698547, -1.05507802963, -8.92866802216, 9.9091053009, -1.29572975636], [42.7356567383, -4.84332752228, -69.6356048584, -76.9069213867, -11.3787508011, 27.3743171692, 148.781402588, 41.5652542114, 32.3362426758, -6.62287378311, 16.3221626282, -19.3566207886, 14.6897916794], [3.90235519409, 17.2121715546, -45.9814491272, -24.9456787109, -32.992149353, 33.1102333069, 41.5652542114, 121.153808594, 15.5696926117, 50.798866272, -10.0283041, 2.37788438797, 2.95100784302], [-16.911819458, -35.8977470398, 14.5204906464, -21.2640724182, 8.03392982483, -24.2270698547, 32.3362426758, 15.5696926117, 95.8275527954, 22.2385940552, 19.4913845062, -10.8781099319, 2.39920783043], [-8.4580450058, 34.7566337585, -27.7632083893, 1.10927712917, -12.035946846, -1.05507802963, -6.62287378311, 50.798866272, 22.2385940552, 108.673919678, 10.667052269, 12.8929157257, -10.3271608353], [-15.6075868607, -19.7429904938, 21.8627738953, -15.0647153854, 9.3177022934, -8.92866802216, 16.3221626282, -10.0283041, 19.4913845062, 10.667052269, 69.4029388428, 16.1166210175, 3.53884482384], [-30.5667495728, 14.81782341, -4.78111076355, 33.9732322693, -14.1000080109, 9.9091053009, -19.3566207886, 2.37788438797, -10.8781099319, 12.8929157257, 16.1166210175, 70.9513320923, -0.293476521969], [-2.96822881699, -29.337469101, 13.9514074326, -11.4490251541, 20.7572727203, -1.29572975636, 14.6897916794, 2.95100784302, 2.39920783043, -10.3271608353, 3.53884482384, -0.293476521969, 62.9928627014]],
        "icov": [[0.0027158909943, 0.00146197888535, 0.00115136511158, 0.000957668118645, 7.41205440136e-05, 0.000507377379108, -0.000238833337789, 0.000362479418982, 0.00122866476886, -0.000455229019281, 0.000617777754087, 0.00048355475883, 0.000598760088906], [0.00146197888535, 0.00585796218365, 0.00201980234124, -0.000341336883139, -3.19493447023e-05, 0.00127445126418, -0.000772872066591, 0.00018028447812, 0.00275222281925, -0.00181972957216, 0.00110725441482, -0.000185732511454, 0.00203002919443], [0.00115136511158, 0.00201980234124, 0.00589066697285, 0.000251861900324, -0.00148424971849, 0.000872636039276, 0.00284068775363, -0.000271819037152, -0.000292728072964, 0.00120443757623, -0.00165359827224, 0.00082925776951, -0.000101241326774], [0.000957668118645, -0.000341336883139, 0.000251861900324, 0.00919196847826, -0.000810770725366, 0.00024265293905, 0.00351914204657, 0.000633186893538, -8.93809410627e-05, 0.000305513269268, 0.00224021729082, -0.00373130128719, 0.000833115947898], [7.41205440136e-05, -3.19493447023e-05, -0.00148424971849, -0.000810770725366, 0.0118067068979, -0.000145218844409, -8.31257493701e-05, 0.00297937775031, -0.000590505369473, -0.000937273027375, -0.00101068580989, 0.00286408537067, -0.00390476244502], [0.000507377379108, 0.00127445126418, 0.000872636039276, 0.00024265293905, -0.000145218844409, 0.00962836761028, -0.00182869820856, -0.00241854856722, 0.00344337755814, 0.000461769901449, 0.000879547733348, -0.0016474139411, 0.00114140904043], [-0.000238833337789, -0.000772872066591, 0.00284068775363, 0.00351914204657, -8.31257493701e-05, -0.00182869820856, 0.0133399460465, -0.00376553973183, -0.00417763972655, 0.00427119480446, -0.00416626408696, 0.00208992161788, -0.00220227078535], [0.000362479418982, 0.00018028447812, -0.000271819037152, 0.000633186893538, 0.00297937775031, -0.00241854856722, -0.00376553973183, 0.0145325157791, -0.000844574009534, -0.00717739015818, 0.0042031253688, -0.000575496116653, -0.00194117752835], [0.00122866476886, 0.00275222281925, -0.000292728072964, -8.93809410627e-05, -0.000590505369473, 0.00344337755814, -0.00417763972655, -0.000844574009534, 0.0155817717314, -0.00382702122442, -0.00176069571171, 0.00175869639497, 0.00155369355343], [-0.000455229019281, -0.00181972957216, 0.00120443757623, 0.000305513269268, -0.000937273027375, 0.000461769901449, 0.00427119480446, -0.00717739015818, -0.00382702122442, 0.0149975754321, -0.00382029474713, -0.00116465741303, 0.00139205774758], [0.000617777754087, 0.00110725441482, -0.00165359827224, 0.00224021729082, -0.00101068580989, 0.000879547733348, -0.00416626408696, 0.0042031253688, -0.00176069571171, -0.00382029474713, 0.0203649159521, -0.00694908341393, 0.000708281993866], [0.00048355475883, -0.000185732511454, 0.00082925776951, -0.00373130128719, 0.00286408537067, -0.0016474139411, 0.00208992161788, -0.000575496116653, 0.00175869639497, -0.00116465741303, -0.00694908341393, 0.0196234118193, -0.00213971012272], [0.000598760088906, 0.00203002919443, -0.000101241326774, 0.000833115947898, -0.00390476244502, 0.00114140904043, -0.00220227078535, -0.00194117752835, 0.00155369355343, 0.00139205774758, 0.000708281993866, -0.00213971012272, 0.0190562605858]]
    },
    "spectral_contrast_coeffs": {
        "max": [-0.489398121834, -0.511643767357, -0.450883775949, -0.598687291145, -0.65577340126, -0.454415857792],
        "mean": [-0.708927810192, -0.7577496171, -0.747329294682, -0.793879330158, -0.788354754448, -0.635349690914],
        "min": [-0.881216645241, -0.907545864582, -0.897504508495, -0.887399733067, -0.859215080738, -0.783613264561],
        "stdev": [0.0659043714404, 0.0644576177001, 0.0747283548117, 0.0397970303893, 0.0291808545589, 0.0354984514415]
    },
    "spectral_contrast_valleys": {
        "max": [-5.0391535759, -4.8405790329, -5.69984388351, -5.96294116974, -5.89558887482, -8.88754558563],
        "mean": [-6.19895744324, -6.01073026657, -6.95338439941, -7.08127403259, -6.74103689194, -10.4913263321],
        "min": [-7.54970121384, -7.48707199097, -9.35878753662, -8.46709823608, -8.53395366669, -13.280172348],
        "stdev": [0.372496187687, 0.387827306986, 0.453247457743, 0.391105771065, 0.319254219532, 0.497418910265]
    }
},
"rhythm": {
    "beats_count": 73,
    "beats_loudness": {
        "max": 0.0684869587421,
        "mean": 0.0424645207822,
        "min": 0.0176993440837,
        "stdev": 0.0128867635503
    },
    "bpm": 136.106460571,
    "bpm_histogram_first_peak_bpm": 136,
    "bpm_histogram_first_peak_weight": 0.0833333134651,
    "bpm_histogram_second_peak_bpm": 0,
    "bpm_histogram_second_peak_spread": 0,
    "bpm_histogram_second_peak_weight": 0,
    "danceability": 1.56368279457,
    "onset_rate": 2.73779273033,
    "beats_loudness_band_ratio": {
        "max": [0.678186178207, 0.684904396534, 0.492570608854, 0.602464735508, 0.176893040538, 0.249628439546],
        "mean": [0.395328491926, 0.215898320079, 0.186203718185, 0.103612981737, 0.0688755512238, 0.0729850381613],
        "min": [0.111734591424, 0.0367248915136, 0.0362053140998, 0.0125022437423, 0.0120038827881, 0.0156083907932],
        "stdev": [0.135740846395, 0.167828977108, 0.110939413309, 0.115366697311, 0.039556261152, 0.0427049137652]
    },
    "beats_position": [0.406349211931, 0.835918366909, 1.27709746361, 1.71827661991, 2.15945577621, 2.60063481331, 3.04181408882, 3.48299312592, 3.92417216301, 4.37696123123, 4.80653047562, 5.24770975113, 5.6888885498, 6.13006782532, 6.57124710083, 7.01242637634, 7.45360517502, 7.89478445053, 8.33596324921, 8.77714252472, 9.21832180023, 9.65950107574, 10.1006803513, 10.5418596268, 10.9830379486, 11.4242172241, 11.8653964996, 12.3065757751, 12.7477550507, 13.1889343262, 13.6301136017, 14.0712919235, 14.512471199, 14.9536504745, 15.3948297501, 15.8360090256, 16.2771873474, 16.7183666229, 17.1595458984, 17.600725174, 18.0419044495, 18.483083725, 18.9242630005, 19.365442276, 19.8066215515, 20.247800827, 20.6889801025, 21.1301574707, 21.5713367462, 22.0125160217, 22.4536952972, 22.8948745728, 23.3360538483, 23.7888431549, 24.2184123993, 24.6595916748, 25.1007709503, 25.5419502258, 25.9831295013, 26.4243087769, 26.865486145, 27.3066654205, 27.747844696, 28.1890239716, 28.6302032471, 29.0713825226, 29.5125617981, 29.9537410736, 30.3949203491, 30.8360996246, 31.2772789001, 31.7184581757, 32.1480255127],
