{
"metadata": {
    "version": {
        "essentia": "2.1-beta5",
        "essentia_git_sha": "Undefined",
        "extractor": "music 2.0"
    },
    "audio_properties": {
        "analysis": {
            "equal_loudness": 0,
            "length": 42.2603187561,
            "sample_rate": 44100,
            "start_time": 142.744674683,
            "downmix": "mix"
        },
        "bit_rate": 192000,
        "length": 185.016983032,
        "lossless": 0,
        "number_channels": 2,
        "replay_gain": 1.90588951111,
        "sample_rate": 48000,
        "codec": "mp3",
        "md5_encoded": "53c03d71d41ca8650f119ffa4ba10b49"
    },
    "tags": {
        "file_name": "France_Moustache_TWIN TWIN.mp3",
        "encoding": ["Lavf58.29.100"]
    }
},
"lowlevel": {
    "average_loudness": 0.947487771511,
    "barkbands_crest": {
        "max": 24.7810115814,
        "mean": 11.0160799026,
        "min": 2.86098885536,
        "stdev": 4.38341999054
    },
    "barkbands_flatness_db": {
        "max": 0.374962836504,
        "mean": 0.191145583987,
        "min": 0.0747479572892,
        "stdev": 0.0532312914729
    },
    "barkbands_kurtosis": {
        "max": 125.32270813,
        "mean": 3.47332668304,
        "min": -1.80288624763,
        "stdev": 8.05643844604
    },
    "barkbands_skewness": {
        "max": 10.0210590363,
        "mean": 1.47535645962,
        "min": -2.31379461288,
        "stdev": 1.17481017113
    },
    "barkbands_spread": {
        "max": 89.9238510132,
        "mean": 24.5317955017,
        "min": 1.87837815285,
        "stdev": 14.3320112228
    },
    "dissonance": {
        "max": 0.499981552362,
        "mean": 0.471710443497,
        "min": 0.348238319159,
        "stdev": 0.0233484599739
    },
    "dynamic_complexity": 2.51087522507,
    "erbbands_crest": {
        "max": 27.5002670288,
        "mean": 8.53661727905,
        "min": 2.38251566887,
        "stdev": 4.10468864441
    },
    "erbbands_flatness_db": {
        "max": 0.420994013548,
        "mean": 0.212917596102,
        "min": 0.0908778905869,
        "stdev": 0.0631095767021
    },
    "erbbands_kurtosis": {
        "max": 12.0370807648,
        "mean": 0.183634325862,
        "min": -1.77783930302,
        "stdev": 1.35677671432
    },
    "erbbands_skewness": {
        "max": 3.05419135094,
        "mean": 0.293020039797,
        "min": -2.69975805283,
        "stdev": 0.789088308811
    },
    "erbbands_spread": {
        "max": 120.981964111,
        "mean": 39.4462394714,
        "min": 10.7299051285,
        "stdev": 17.6253738403
    },
    "hfc": {
        "max": 149.842590332,
        "mean": 22.9360866547,
        "min": 0.849484741688,
        "stdev": 19.5962352753
    },
    "loudness_ebu128": {
        "integrated": -24.7077388763,
        "loudness_range": 7.01655578613,
        "momentary": {
            "max": -19.1786785126,
            "mean": -25.5738868713,
            "min": -35.5336761475,
            "stdev": 2.89165639877
        },
        "short_term": {
            "max": -20.4671459198,
            "mean": -25.2179470062,
            "min": -31.2143611908,
            "stdev": 2.25284719467
        }
    },
    "melbands_crest": {
        "max": 37.4974098206,
        "mean": 15.2496709824,
        "min": 3.4641699791,
        "stdev": 5.96614170074
    },
    "melbands_flatness_db": {
        "max": 0.472695231438,
        "mean": 0.199796080589,
        "min": 0.0416507646441,
        "stdev": 0.060390394181
    },
    "melbands_kurtosis": {
        "max": 284.531860352,
        "mean": 12.9802217484,
        "min": -1.75686752796,
        "stdev": 20.1104125977
    },
    "melbands_skewness": {
        "max": 13.7809286118,
        "mean": 2.65360474586,
        "min": -0.513245403767,
        "stdev": 1.60195696354
    },
    "melbands_spread": {
        "max": 174.49458313,
        "mean": 26.0371513367,
        "min": 1.21748209,
        "stdev": 18.9170303345
    },
    "pitch_salience": {
        "max": 0.821861624718,
        "mean": 0.537182569504,
        "min": 0.124774478376,
        "stdev": 0.132091894746
    },
    "silence_rate_20dB": {
        "max": 1,
        "mean": 1,
        "min": 1,
        "stdev": 0
    },
    "silence_rate_30dB": {
        "max": 1,
        "mean": 0.999450862408,
        "min": 0,
        "stdev": 0.02342745848
    },
    "silence_rate_60dB": {
        "max": 1,
        "mean": 0.0313014835119,
        "min": 0,
        "stdev": 0.174132704735
    },
    "spectral_centroid": {
        "max": 4529.45117188,
        "mean": 1675.62023926,
        "min": 230.245681763,
        "stdev": 680.315246582
    },
    "spectral_complexity": {
        "max": 53,
        "mean": 22.1164188385,
        "min": 2,
        "stdev": 10.8991546631
    },
    "spectral_decrease": {
        "max": -1.22462748275e-10,
        "mean": -7.07018843471e-09,
        "min": -3.34463337026e-08,
        "stdev": 5.25503374149e-09
    },
    "spectral_energy": {
        "max": 0.130486562848,
        "mean": 0.0287648718804,
        "min": 0.000547206727788,
        "stdev": 0.0206778757274
    },
    "spectral_energyband_high": {
        "max": 0.008166202344,
        "mean": 0.00113724649418,
        "min": 1.42178851092e-05,
        "stdev": 0.001203159336
    },
    "spectral_energyband_low": {
        "max": 0.114073455334,
        "mean": 0.0129142822698,
        "min": 6.85968437608e-09,
        "stdev": 0.0165659151971
    },
    "spectral_energyband_middle_high": {
        "max": 0.0649166628718,
        "mean": 0.00655881501734,
        "min": 0.00010318213026,
        "stdev": 0.00802460499108
    },
    "spectral_energyband_middle_low": {
        "max": 0.0639310404658,
        "mean": 0.00898465141654,
        "min": 0.000207612407394,
        "stdev": 0.00783086009324
    },
    "spectral_entropy": {
        "max": 8.361369133,
        "mean": 7.70735836029,
        "min": 6.35834741592,
        "stdev": 0.305229097605
    },
    "spectral_flux": {
        "max": 0.277612507343,
        "mean": 0.0926888138056,
        "min": 0.0143357748166,
        "stdev": 0.0454640910029
    },
    "spectral_kurtosis": {
        "max": 15.0797348022,
        "mean": 1.63837862015,
        "min": -1.41265809536,
        "stdev": 1.91487360001
    },
    "spectral_rms": {
        "max": 0.0112829059362,
        "mean": 0.00493925064802,
        "min": 0.000730657367967,
        "stdev": 0.00191496906336
    },
    "spectral_rolloff": {
        "max": 8031.88476562,
        "mean": 1695.90869141,
        "min": 43.06640625,
        "stdev": 1370.23059082
    },
    "spectral_skewness": {
        "max": 2.65334534645,
        "mean": 0.889666795731,
        "min": -0.367817163467,
        "stdev": 0.396455258131
    },
    "spectral_spread": {
        "max": 9174914,
        "mean": 3869362,
        "min": 1892535.875,
        "stdev": 951357.3125
    },
    "spectral_strongpeak": {
        "max": 22.0397186279,
        "mean": 1.04416263103,
        "min": 0,
        "stdev": 2.17008304596
    },
    "zerocrossingrate": {
        "max": 0.24658203125,
        "mean": 0.0652832835913,
        "min": 0.00634765625,
        "stdev": 0.0313617177308
    },
    "barkbands": {
        "max": [0.00934997200966, 0.0923556387424, 0.065481826663, 0.0273175388575, 0.0303385034204, 0.0208078734577, 0.0539750531316, 0.0555221326649, 0.024215368554, 0.025361770764, 0.0210828091949, 0.00935396831483, 0.0446979291737, 0.00774396071211, 0.0111825270578, 0.0258571468294, 0.0262754671276, 0.038196247071, 0.00290781841613, 0.00401820614934, 0.00282278307714, 0.00537160830572, 0.0044049564749, 0.00133009266574, 3.26382869389e-05, 1.58424063557e-05, 1.68832775671e-05],
        "mean": [0.000410318636568, 0.00956705678254, 0.00230967183597, 0.00107479817234, 0.00161590462085, 0.00124230014626, 0.00196479633451, 0.0011210530065, 0.00156534754205, 0.00120121589862, 0.000616920005996, 0.000446195423137, 0.00101771170739, 0.000573832425289, 0.000704686215613, 0.000434967863839, 0.00050136866048, 0.000708665465936, 0.000389946450014, 0.000313810014632, 0.000268680276349, 0.000380166398827, 0.000250057462836, 8.46446637297e-05, 7.40401844723e-07, 1.05168567188e-08, 1.10598943337e-08],
        "min": [1.99051206073e-10, 9.50386880305e-10, 1.92637933383e-10, 1.34222855053e-10, 1.17102061381e-07, 1.13130340651e-06, 5.47371257653e-07, 3.15278020935e-06, 9.10766175366e-06, 1.20053471164e-06, 2.52250174526e-07, 2.65671133093e-06, 1.53812004555e-06, 3.39742769029e-06, 3.60913122677e-06, 2.47369416684e-06, 3.22849928125e-06, 1.9241776954e-06, 2.4978194233e-06, 1.11998451757e-06, 4.5264931714e-07, 4.09026506532e-06, 1.73349167198e-06, 1.90193016891e-09, 1.38796363292e-10, 1.70728708948e-10, 2.31016566987e-10],
        "stdev": [0.000971753965132, 0.0127903986722, 0.0059454808943, 0.00281566660851, 0.00287050195038, 0.00215342943557, 0.00358990975656, 0.00291277468204, 0.00265233055688, 0.0024756884668, 0.00109730032273, 0.000637099030428, 0.00276188575663, 0.000812234822661, 0.00100839871448, 0.000878863153048, 0.00156895350665, 0.0031676297076, 0.000439986557467, 0.000360896607162, 0.000312804942951, 0.000524693343323, 0.000387381704058, 0.000141497439472, 2.22340054279e-06, 3.71729328208e-07, 3.96150625193e-07]
    },
    "erbbands": {
        "max": [2.83874416351, 21.6365356445, 57.5690383911, 93.1453399658, 102.037864685, 174.559280396, 180.723236084, 187.135879517, 411.873626709, 1010.13848877, 1284.21801758, 475.997192383, 884.171691895, 1218.84960938, 442.878570557, 551.606872559, 1687.65844727, 312.720703125, 690.857788086, 735.929016113, 972.790893555, 1481.69909668, 2523.58251953, 369.70098877, 203.364181519, 227.885391235, 102.234260559, 154.492965698, 182.668609619, 121.753700256, 131.075637817, 46.9698066711, 11.5028066635, 1.02764678001, 0.121996834874, 0.0638779848814, 0.0294243767858, 0.0104882894084, 0.00241694645956, 0.000284082081635],
        "mean": [0.31258097291, 1.97532308102, 2.82654213905, 3.56328463554, 3.16875648499, 6.43757724762, 8.59949684143, 11.3500986099, 23.0880527496, 29.0947608948, 26.207736969, 35.9875144958, 39.0659332275, 34.3484191895, 21.1010131836, 22.7625293732, 44.5246200562, 28.9695835114, 37.6442298889, 28.9872016907, 23.7227973938, 30.0259170532, 47.0467147827, 21.0786991119, 18.3671112061, 14.3114643097, 10.6567850113, 11.9458723068, 14.0373868942, 10.482088089, 6.57462596893, 3.04865646362, 0.737441122532, 0.0484809279442, 0.00183113303501, 0.000231356301811, 6.48758214084e-05, 2.03080708161e-05, 2.02766586881e-05, 3.55649899575e-05],
        "min": [1.32113640916e-07, 2.81712885908e-07, 1.8491539322e-06, 1.12878133223e-05, 7.88018369349e-05, 0.00043934956193, 0.00108493294101, 0.0168011896312, 0.0305086057633, 0.1049913764, 0.0654033273458, 0.21502918005, 0.162671282887, 0.195840001106, 0.286974549294, 0.27619060874, 0.290560990572, 0.256863564253, 0.16384357214, 0.179902136326, 0.15722809732, 0.23868586123, 0.144496425986, 0.220124393702, 0.204403698444, 0.0652157515287, 0.054567899555, 0.0217981021851, 0.13806399703, 0.115784361959, 0.0349536724389, 0.00343680125661, 0.000317415222526, 2.19753037527e-05, 6.06926550972e-06, 2.5095384899e-06, 1.33820958581e-06, 5.33745151188e-07, 5.75072419906e-07, 8.03012653705e-07],
        "stdev": [0.447391629219, 2.74286103249, 5.63990116119, 9.46654033661, 6.11191082001, 13.5446310043, 16.2763710022, 20.0408935547, 45.1400260925, 61.7601585388, 61.4470291138, 61.477230072, 74.599609375, 71.6133804321, 28.6510105133, 39.3883590698, 116.43081665, 37.2505226135, 51.1570892334, 42.4249801636, 40.9390716553, 88.116394043, 213.539718628, 28.0081233978, 21.4106903076, 16.1198558807, 11.4537220001, 15.0268983841, 20.3478279114, 14.345911026, 10.8692359924, 4.93768835068, 1.27905154228, 0.0929716005921, 0.0041589550674, 0.00151727115735, 0.000691061199177, 0.00024617681629, 5.75503072469e-05, 2.47290900006e-05]
    },
    "gfcc": {
        "mean": [-31.1306724548, 114.878669739, -181.96534729, 54.911693573, -85.9672470093, 13.1292791367, -15.9423303604, -14.7811527252, 14.662820816, -19.254983902, 10.6450071335, -13.5799694061, -1.23538148403],
        "cov": [[2937.69799805, 562.059082031, 1111.9810791, 1279.90368652, 592.518737793, 410.292480469, -60.7458076477, 169.53112793, 48.4623184204, 201.083206177, 132.689193726, -43.8271789551, 138.661651611], [562.059082031, 1552.95141602, 1574.3092041, 1026.09765625, 672.974731445, 318.133789062, 131.005874634, 34.8738441467, -20.7211971283, 27.0174064636, 119.18724823, -98.8015289307, 73.3784866333], [1111.9810791, 1574.3092041, 2751.7421875, 1756.28076172, 659.475158691, 686.411743164, -23.0299453735, 47.8290481567, -105.941078186, 89.4980773926, 171.638259888, -61.7662506104, 138.873641968], [1279.90368652, 1026.09765625, 1756.28076172, 1479.77563477, 661.286132812, 489.890655518, 33.932762146, 87.8865127563, -40.323474884, 134.920043945, 119.882499695, -58.9150886536, 135.428756714], [592.518737793, 672.974731445, 659.475158691, 661.286132812, 591.000610352, 256.610015869, 170.95111084, 107.209510803, 51.7695960999, 70.23777771, 68.6576843262, -44.6557579041, 67.3927230835], [410.292480469, 318.133789062, 686.411743164, 489.890655518, 256.610015869, 366.295166016, 92.8947143555, 94.8380661011, -15.0173244476, 42.7490005493, 47.1608009338, -15.1589765549, 58.2285575867], [-60.7458076477, 131.005874634, -23.0299453735, 33.932762146, 170.95111084, 92.8947143555, 266.057800293, 86.1153488159, 62.1265525818, 18.3538169861, 7.07885169983, 5.94691562653, -0.3431661129], [169.53112793, 34.8738441467, 47.8290481567, 87.8865127563, 107.209510803, 94.8380661011, 86.1153488159, 132.629623413, 49.9356460571, 34.2874832153, 23.2885131836, -22.1126403809, 13.7676458359], [48.4623184204, -20.7211971283, -105.941078186, -40.323474884, 51.7695960999, -15.0173244476, 62.1265525818, 49.9356460571, 142.4947052, 65.9824829102, 26.2055892944, 36.9483566284, -3.28345298767], [201.083206177, 27.0174064636, 89.4980773926, 134.920043945, 70.23777771, 42.7490005493, 18.3538169861, 34.2874832153, 65.9824829102, 105.979576111, 57.7488441467, 18.1964912415, 29.9475059509], [132.689193726, 119.18724823, 171.638259888, 119.882499695, 68.6576843262, 47.1608009338, 7.07885169983, 23.2885131836, 26.2055892944, 57.7488441467, 98.8325271606, 44.4091720581, 30.4404449463], [-43.8271789551, -98.8015289307, -61.7662506104, -58.9150886536, -44.6557579041, -15.1589765549, 5.94691562653, -22.1126403809, 36.9483566284, 18.1964912415, 44.4091720581, 117.092926025, 32.4032897949], [138.661651611, 73.3784866333, 138.873641968, 135.428756714, 67.3927230835, 58.2285575867, -0.3431661129, 13.7676458359, -3.28345298767, 29.9475059509, 30.4404449463, 32.4032897949, 91.8390960693]],
        "icov": [[0.000742563221138, -0.000174370768946, 0.000713671324775, -0.00131797674112, 0.000262960238615, -0.000540706445463, 0.000754277280066, -0.000450991938123, -0.000456902867882, 0.000191505052499, -0.000309867522446, -5.78505751037e-05, 0.000147153754369], [-0.000174370768946, 0.00529158767313, -0.00410294206813, 0.00240985769778, -0.00451451353729, 0.00381108629517, -0.00252910680138, 0.00285836681724, -0.00162916863337, 0.00351489754394, -0.00430789357051, 0.00516917696223, -0.00245591625571], [0.000713671324775, -0.00410294206813, 0.00658596633002, -0.00655724434182, 0.00554362125695, -0.0058646062389, 0.00234657875262, 0.000383724778658, -0.00217020325363, 0.00271012447774, -0.00174656929448, -0.00121750426479, 0.00156002782751], [-0.00131797674112, 0.00240985769778, -0.00655724434182, 0.0105386842042, -0.00730392616242, 0.00367878284305, -0.000525646028109, -0.00105860794429, 0.00569430366158, -0.00810567289591, 0.00515176914632, -0.00138233788311, -0.000749833823647], [0.000262960238615, -0.00451451353729, 0.00554362125695, -0.00730392616242, 0.0114674568176, -0.00492481235415, -0.00117052171845, 0.000329902133672, -0.00495918281376, 0.00448791729286, -0.0030541762244, 0.00169112917501, -0.000973556132521], [-0.000540706445463, 0.00381108629517, -0.0058646062389, 0.00367878284305, -0.00492481235415, 0.0120017612353, -0.00355499470606, -0.00408849399537, 0.0042700949125, -0.00234379642643, 0.00165675126482, -0.000282451917883, -0.00171384867281], [0.000754277280066, -0.00252910680138, 0.00234657875262, -0.000525646028109, -0.00117052171845, -0.00355499470606, 0.00901693012565, -0.00481924461201, 0.000814965344034, -0.00287228845991, 0.00453667668626, -0.00563287455589, 0.00342721305788], [-0.000450991938123, 0.00285836681724, 0.000383724778658, -0.00105860794429, 0.000329902133672, -0.00408849399537, -0.00481924461201, 0.020317165181, -0.0107904216275, 0.00929581839591, -0.0119064515457, 0.0136198718101, -0.00561174144968], [-0.000456902867882, -0.00162916863337, -0.00217020325363, 0.00569430366158, -0.00495918281376, 0.0042700949125, 0.000814965344034, -0.0107904216275, 0.0240078698844, -0.0212977398187, 0.0136482445523, -0.0148882558569, 0.00796104129404], [0.000191505052499, 0.00351489754394, 0.00271012447774, -0.00810567289591, 0.00448791729286, -0.00234379642643, -0.00287228845991, 0.00929581839591, -0.0212977398187, 0.0380576141179, -0.0244237966835, 0.0163398850709, -0.00929555948824], [-0.000309867522446, -0.00430789357051, -0.00174656929448, 0.00515176914632, -0.0030541762244, 0.00165675126482, 0.00453667668626, -0.0119064515457, 0.0136482445523, -0.0244237966835, 0.0343746729195, -0.0208145603538, 0.00634907092899], [-5.78505751037e-05, 0.00516917696223, -0.00121750426479, -0.00138233788311, 0.00169112917501, -0.000282451917883, -0.00563287455589, 0.0136198718101, -0.0148882558569, 0.0163398850709, -0.0208145603538, 0.0284635797143, -0.0122921466827], [0.000147153754369, -0.00245591625571, 0.00156002782751, -0.000749833823647, -0.000973556132521, -0.00171384867281, 0.00342721305788, -0.00561174144968, 0.00796104129404, -0.00929555948824, 0.00634907092899, -0.0122921466827, 0.0195788871497]]
    },
    "melbands": {
        "max": [0.0240298323333, 0.0220006573945, 0.0132883414626, 0.00734285172075, 0.007174317725, 0.00473752245307, 0.00642133131623, 0.0104560498148, 0.00987828150392, 0.00373507686891, 0.00463120173663, 0.00463711470366, 0.00168369361199, 0.00133288092911, 0.00549604929984, 0.00166965427343, 0.000687713734806, 0.00105869339313, 0.000657309836242, 0.00218101916835, 0.000740381830838, 0.00125852471683, 0.00254143727943, 0.00250957929529, 0.0001370569953, 0.000178414906259, 0.000193801446585, 0.000130783562781, 6.49049397907e-05, 8.86376728886e-05, 0.000127535531647, 0.000139374227729, 0.000106445484562, 6.8125751568e-05, 9.81235643849e-05, 4.54774381069e-05, 2.53967155004e-05, 1.18207844935e-05, 2.44724378717e-06, 2.6756450211e-07],
        "mean": [0.00275237252936, 0.00184374197852, 0.000592421740294, 0.000323751504766, 0.000311566400342, 0.000250210956438, 0.000375624978915, 0.000301196676446, 0.000214269937715, 0.000229653844144, 0.000194571868633, 0.000141906770295, 7.65540680732e-05, 4.85105556436e-05, 9.93458306766e-05, 8.16296160338e-05, 5.03655865032e-05, 5.93715558352e-05, 5.30390934728e-05, 3.15861798299e-05, 2.49866425293e-05, 2.65245816991e-05, 4.51310806966e-05, 3.18309357681e-05, 1.55567286129e-05, 1.43049446706e-05, 1.20094691738e-05, 9.02667306946e-06, 6.64681920171e-06, 6.21456956651e-06, 7.190845281e-06, 8.34377078718e-06, 6.80856555846e-06, 5.4142906265e-06, 4.01353827328e-06, 2.70757777798e-06, 1.55130578605e-06, 6.05782702223e-07, 1.2170690411e-07, 3.75998432389e-09],
        "min": [5.61766744234e-10, 3.25332344397e-10, 1.53326862318e-09, 2.03189181036e-08, 1.52219978844e-08, 3.00712940771e-07, 1.04894681385e-07, 6.55503185953e-07, 4.23960187845e-07, 1.00097895483e-06, 4.64850018034e-07, 5.46716762528e-07, 2.54750943895e-07, 8.22344190965e-07, 2.22906450631e-07, 3.97724534196e-07, 2.40187972622e-07, 2.0635948772e-07, 2.52486898944e-07, 1.7171583977e-07, 1.69060541566e-07, 1.76298556198e-07, 1.50739978722e-07, 7.17382562243e-08, 1.6066925923e-07, 9.81567680469e-08, 7.34381941925e-08, 2.53312357756e-08, 1.78079915258e-08, 7.83215270417e-09, 9.54530054997e-09, 5.5995382553e-08, 8.92901965699e-08, 5.28806118893e-08, 2.10604955697e-08, 3.3590126236e-09, 3.89673189549e-11, 2.73068416837e-12, 1.1898625531e-12, 1.06030928395e-12],
        "stdev": [0.00373836862855, 0.00281113851815, 0.00141897320282, 0.000567981682252, 0.000567711365875, 0.000438672519522, 0.000688268395606, 0.000651440757792, 0.000479343056213, 0.000403677317081, 0.000380771612981, 0.00030779739609, 0.000115673523396, 6.53132228763e-05, 0.000318725942634, 0.000146244288771, 7.27884689695e-05, 8.79228900885e-05, 8.13753867988e-05, 7.01314856997e-05, 4.0310456825e-05, 7.70320111769e-05, 0.000179548718734, 0.000153481843881, 1.88110479939e-05, 1.75303939614e-05, 1.60162198881e-05, 1.06071711343e-05, 7.29569273972e-06, 7.68634799897e-06, 9.84893995337e-06, 1.27312669065e-05, 9.84834969131e-06, 7.88630131865e-06, 7.06757327862e-06, 4.51567302662e-06, 2.65380936071e-06, 1.08964843548e-06, 2.47136910048e-07, 1.63395306174e-08]
    },
    "melbands128": {
        "max": [0.00727572385222, 0.0263091269881, 0.0393897332251, 0.0352689400315, 0.0250483751297, 0.033524081111, 0.0226033851504, 0.0126093393192, 0.012865091674, 0.00819030124694, 0.0131411626935, 0.0138655258343, 0.00807916279882, 0.00687630241737, 0.00503092445433, 0.0108317295089, 0.0131074851379, 0.0113864289597, 0.0201772153378, 0.0146637316793, 0.020620662719, 0.0108527373523, 0.0170768275857, 0.0076371692121, 0.00541358068585, 0.00776986777782, 0.00697569921613, 0.00579052604735, 0.00746908411384, 0.00622399710119, 0.0103981895372, 0.00342719233595, 0.00286631053314, 0.00136167695746, 0.00248202332295, 0.001376339118, 0.00115426979028, 0.00483478419483, 0.0125228706747, 0.00321383518167, 0.00144689413719, 0.00141820637509, 0.00111933622975, 0.00124223611783, 0.00132800417487, 0.00194948352873, 0.00175828917418, 0.00154432817362, 0.00126083602663, 0.000729177845642, 0.00279017491266, 0.00380364386365, 0.000850340991747, 0.000416802358814, 0.00100230169483, 0.00143137993291, 0.00433971686289, 0.00536445761099, 0.0064124413766, 0.00681298645213, 0.00484391767532, 0.000389074528357, 0.000111713146907, 0.000294271943858, 0.000252695812378, 0.000335996912327, 0.000334722775733, 0.000340327591402, 0.000411647604778, 0.000496433873195, 0.000170161554706, 0.000172639702214, 9.44605271798e-05, 8.24059243314e-05, 0.000118099582323, 0.000133024412207, 9.03529216885e-05, 0.00015459136921, 0.00016090630379, 0.000246986979619, 0.000300600164337, 0.000292024400551, 0.000136736794957, 0.000125818914967, 0.000104701597593, 9.16161516216e-05, 8.66667905939e-05, 0.000148149410961, 0.000111252455099, 7.68953905208e-05, 7.95923333499e-05, 4.85937307531e-05, 3.9218524762e-05, 4.29235551564e-05, 3.11892545142e-05, 1.62453179655e-05, 1.2256449736e-05, 6.74540797263e-06, 3.35569802701e-06, 1.32296031552e-06, 5.5388676401e-07, 1.73874425968e-07, 1.48144920331e-07, 1.3752942607e-07, 1.31188258479e-07, 1.25074535617e-07, 1.20245630342e-07, 1.13039753558e-07, 1.08727391535e-07, 1.04451046923e-07, 1.00381100765e-07, 9.63458717251e-08, 9.2896485171e-08, 8.96353000712e-08, 8.67329532639e-08, 8.40467322405e-08, 8.12621010482e-08, 7.88311567135e-08, 7.67209087371e-08, 7.47058805928e-08, 7.30067952759e-08, 7.13865304647e-08, 6.99429349993e-08, 6.86722714249e-08, 6.79818299432e-08, 6.69999096203e-08, 6.64312267418e-08, 6.60733405766e-08],
        "mean": [0.000374547962565, 0.00239955470897, 0.00401338236406, 0.0029994037468, 0.00161712151021, 0.00111368391663, 0.000766203564126, 0.00046478776494, 0.00026722761686, 0.00028384878533, 0.000396382587496, 0.000352833652869, 0.000299825507682, 0.000242509035161, 0.000252681056736, 0.000244632363319, 0.00027505151229, 0.000439823430497, 0.000455415633041, 0.000320260587614, 0.000228162520216, 0.000215150008444, 0.000211580001633, 0.000210194033571, 0.000239841945586, 0.000238199849264, 0.000209108809941, 0.00019543649978, 0.000174505446921, 0.000163409189554, 0.000133370005642, 9.71014960669e-05, 7.74777727202e-05, 5.53935242351e-05, 5.27751144546e-05, 4.45647201559e-05, 4.20535616286e-05, 9.28327644942e-05, 0.000164045806741, 8.13592196209e-05, 7.56874433137e-05, 5.02923830936e-05, 4.90718775836e-05, 4.73584223073e-05, 5.75958947593e-05, 6.34973039269e-05, 5.56017221243e-05, 7.41312687751e-05, 3.71011083189e-05, 2.98987160932e-05, 2.86557351501e-05, 3.81048157578e-05, 2.86861486529e-05, 1.79117541848e-05, 1.97928420675e-05, 2.1323465262e-05, 3.86918072763e-05, 4.16396724177e-05, 3.85310413549e-05, 7.190501492e-05, 2.58040581684e-05, 1.28480578496e-05, 1.1477370208e-05, 1.97898025363e-05, 1.67421021615e-05, 1.33829471451e-05, 1.34620795507e-05, 1.22873852888e-05, 1.30386497403e-05, 9.45831288846e-06, 7.9936835391e-06, 1.05234257717e-05, 6.90460774422e-06, 5.63912499274e-06, 6.33945774098e-06, 6.41687347525e-06, 5.77243645239e-06, 6.77356956658e-06, 7.35749881642e-06, 7.47792182665e-06, 8.81821506482e-06, 9.14753491088e-06, 6.56682777844e-06, 6.95695098329e-06, 6.4973478402e-06, 5.63695448363e-06, 5.13012719239e-06, 4.71239263788e-06, 3.91793309973e-06, 3.55374049832e-06, 3.29372301167e-06, 2.3554746349e-06, 1.98615748559e-06, 1.63536617492e-06, 1.27946714201e-06, 8.04899116247e-07, 4.7143618076e-07, 2.74386394494e-07, 1.35969386861e-07, 3.00573717027e-08, 4.94154006603e-09, 1.02953257031e-09, 1.14031839527e-10, 9.06050026672e-11, 8.61472421176e-11, 8.53147483215e-11, 8.85584661159e-11, 8.10999739587e-11, 7.2000773399e-11, 6.81202802499e-11, 6.55844614728e-11, 6.30117694134e-11, 6.07196584679e-11, 5.85885437387e-11, 5.67096751503e-11, 5.50413638278e-11, 5.32780243534e-11, 5.17117702825e-11, 5.03656283346e-11, 4.90546110676e-11, 4.7919276186e-11, 4.69368849343e-11, 4.60339474873e-11, 4.51492246367e-11, 4.43098509273e-11, 4.30765839665e-11, 4.23778546976e-11, 4.21019295815e-11],
        "min": [3.10692652161e-11, 4.2674436207e-10, 2.27186838786e-10, 7.15789996719e-11, 3.96750271525e-11, 9.44942596393e-11, 1.17365991925e-10, 4.88894064121e-11, 1.25137300522e-09, 1.36902809089e-08, 2.89661716835e-09, 4.24873114468e-09, 1.70013270129e-09, 5.97664850943e-09, 2.63440593784e-08, 1.15438769654e-08, 8.70564704769e-08, 5.26226351383e-08, 1.41803070619e-07, 2.09913082472e-07, 1.00175910234e-07, 9.1559421378e-08, 3.62236960427e-07, 4.43535697059e-07, 3.26823425212e-07, 4.75368189257e-08, 1.26638994402e-07, 4.591510816e-08, 4.1586353916e-08, 6.95940656215e-08, 2.30330925888e-07, 3.0853176014e-08, 2.32463701622e-08, 4.8002963382e-08, 5.37536237744e-08, 1.05261442229e-07, 1.01927980722e-07, 2.1701831443e-08, 9.08125663557e-09, 2.11162074493e-08, 9.0331411684e-08, 4.9362288479e-08, 5.75367025135e-08, 7.95929793185e-08, 6.34444319303e-08, 3.60125227417e-08, 5.62848647689e-08, 5.3606182604e-08, 3.58499896436e-08, 2.40499193893e-08, 1.12254312512e-08, 2.1504895642e-08, 2.27238601269e-08, 8.43839629283e-08, 7.88010083852e-08, 1.99398151324e-08, 2.1772489589e-08, 1.00284163196e-08, 5.02637185207e-08, 4.82742770203e-08, 1.86061104301e-08, 8.82553319315e-09, 2.58682231191e-08, 4.32117879257e-08, 6.16042816759e-09, 3.72732209541e-08, 8.66353389029e-09, 4.91944192049e-08, 1.87716864275e-08, 1.4067546239e-08, 1.00627133293e-08, 8.69701644035e-09, 3.8002561098e-09, 7.79313502619e-09, 1.49354733026e-08, 3.36423289227e-09, 5.3656445953e-10, 3.0888713809e-10, 2.49245402095e-10, 5.01924235508e-09, 3.36229675213e-08, 4.78163784123e-08, 4.99865677739e-08, 6.35988328668e-08, 3.99429858078e-08, 2.77363163548e-08, 2.85290546742e-08, 2.52362521991e-08, 1.65840727817e-08, 4.2469242012e-10, 2.019252765e-09, 1.53155510496e-09, 7.14046391459e-11, 6.25486338071e-12, 2.4655672469e-12, 1.26442248598e-12, 1.44032626537e-12, 1.0168148875e-12, 9.8223610235e-13, 6.30437488238e-13, 6.18500584949e-13, 8.36092534182e-13, 6.60795203278e-13, 6.43316942685e-13, 6.53662670866e-13, 4.39902048165e-13, 6.01443862162e-13, 5.11221382067e-13, 4.14931001884e-13, 5.91737216952e-13, 7.203042416e-13, 5.59294472714e-13, 6.27642306617e-13, 6.69236042451e-13, 6.70814044503e-13, 5.21212576137e-13, 6.87740066719e-13, 7.72551510611e-13, 7.40623708195e-13, 7.21686328319e-13, 6.49361152957e-13, 6.89963277484e-13, 6.63478115764e-13, 7.16603805375e-13, 4.34701889285e-13, 1.8635037903e-13, 2.91497749062e-14, 6.57129060452e-16],
        "stdev": [0.00088142149616, 0.0036989969667, 0.00580534199253, 0.00432852795348, 0.00291754235514, 0.00311638275161, 0.00224093953148, 0.00114131846931, 0.000642927421723, 0.000557076768018, 0.000976104696747, 0.000881671265233, 0.000678776472341, 0.000579762621783, 0.000536323699635, 0.000651107926387, 0.00079568073852, 0.00104697898496, 0.000972048961557, 0.000913309340831, 0.000778300280217, 0.000689771026373, 0.00069037504727, 0.000448672100902, 0.000518449000083, 0.000532340840437, 0.000496733933687, 0.000480197108118, 0.000468987680506, 0.000496872758958, 0.000428107392509, 0.000207959616091, 0.000165694742464, 0.000102371399407, 8.99460283108e-05, 8.11061399872e-05, 8.52256926009e-05, 0.000321782805258, 0.000745903875213, 0.000196368986508, 0.000124800746562, 9.57696829573e-05, 9.85184524325e-05, 9.26617431105e-05, 0.000113366135338, 0.000139418552862, 0.000112154441013, 0.00015604532382, 7.39492461435e-05, 7.28065570001e-05, 8.95417106221e-05, 0.00012341333786, 6.60965888528e-05, 2.66661772912e-05, 4.28101957368e-05, 6.31920411251e-05, 0.000203216681257, 0.000221454465645, 0.00025547365658, 0.000477567635244, 0.000161579126143, 2.21534610318e-05, 1.33631492645e-05, 3.51913804479e-05, 2.60970246018e-05, 2.28764129133e-05, 2.6326317311e-05, 2.05318065127e-05, 2.52472182183e-05, 1.87673103937e-05, 1.21222337839e-05, 1.62307769642e-05, 8.94021104614e-06, 7.40758150641e-06, 9.27719156607e-06, 1.00256957012e-05, 8.29039345263e-06, 1.07226551336e-05, 1.23630770759e-05, 1.26299837575e-05, 1.6727766706e-05, 2.05593241844e-05, 1.10268010758e-05, 1.13393680294e-05, 1.04340924736e-05, 9.0709372671e-06, 8.26745508675e-06, 9.29082671064e-06, 7.90688318375e-06, 6.89739454174e-06, 6.35907144897e-06, 3.90894638258e-06, 3.54412941306e-06, 3.20151980304e-06, 2.35271249949e-06, 1.51457061293e-06, 9.58819782682e-07, 5.95173730744e-07, 2.92726298312e-07, 9.13935451763e-08, 2.83627841213e-08, 7.01354707644e-09, 3.48291107066e-09, 3.22691851018e-09, 3.0780820115e-09, 2.93485946656e-09, 2.82323786571e-09, 2.65267097177e-09, 2.55117105219e-09, 2.45083509043e-09, 2.35542940707e-09, 2.26065544062e-09, 2.17970042016e-09, 2.10324202499e-09, 2.03513805808e-09, 1.9721342337e-09, 1.90677051926e-09, 1.84969106698e-09, 1.80015147233e-09, 1.75285153059e-09, 1.71302561025e-09, 1.67508540372e-09, 1.641196401e-09, 1.61133506538e-09, 1.59507873576e-09, 1.57209423257e-09, 1.55876755947e-09, 1.55037593874e-09]
    },
    "mfcc": {
        "mean": [-639.525268555, 111.48550415, -31.4986095428, 29.0979690552, -33.1519737244, 23.4107208252, -26.3579006195, 21.002243042, -16.478603363, 20.8461894989, -7.05329465866, 11.5534772873, -8.04758548737],
        "cov": [[2768.7824707, -193.075744629, 490.296600342, 654.728515625, 670.664855957, 271.688262939, 280.201477051, -32.6771125793, 170.420059204, 132.215194702, 70.5351791382, 148.512512207, 38.3540382385], [-193.075744629, 996.616821289, 685.012023926, 542.334594727, 425.83026123, 243.654159546, 258.243896484, 97.7920761108, 32.7065925598, 73.316619873, -13.5814838409, 11.9867992401, 87.2310791016], [490.296600342, 685.012023926, 2484.66601562, 1124.63220215, 1108.78137207, 591.633300781, 572.788146973, 28.917552948, 78.9481735229, 24.7356052399, -110.067886353, 63.628036499, 184.566055298], [654.728515625, 542.334594727, 1124.63220215, 997.644287109, 729.307800293, 442.199371338, 364.586090088, 54.1914978027, 91.378944397, 112.084358215, -27.4556674957, 77.1548233032, 115.276374817], [670.664855957, 425.83026123, 1108.78137207, 729.307800293, 840.28704834, 358.629394531, 410.180297852, 18.8832397461, 132.636642456, 83.1368255615, -8.96220684052, 49.537361145, 108.398025513], [271.688262939, 243.654159546, 591.633300781, 442.199371338, 358.629394531, 340.912322998, 220.166213989, 91.8231201172, 73.4275741577, 66.6821289062, 2.43809080124, 48.9083938599, 65.3107070923], [280.201477051, 258.243896484, 572.788146973, 364.586090088, 410.180297852, 220.166213989, 426.016693115, 68.5761184692, 135.412277222, 66.3638916016, 17.4727039337, 9.88736438751, 41.1630401611], [-32.6771125793, 97.7920761108, 28.917552948, 54.1914978027, 18.8832397461, 91.8231201172, 68.5761184692, 156.170654297, 44.1367874146, 43.478679657, 31.3961105347, 26.2127780914, 9.55967903137], [170.420059204, 32.7065925598, 78.9481735229, 91.378944397, 132.636642456, 73.4275741577, 135.412277222, 44.1367874146, 153.441009521, 56.8148612976, 46.9825630188, 12.0962505341, 17.3423652649], [132.215194702, 73.316619873, 24.7356052399, 112.084358215, 83.1368255615, 66.6821289062, 66.3638916016, 43.478679657, 56.8148612976, 128.287445068, 44.6361579895, 35.4402885437, 12.9956846237], [70.5351791382, -13.5814838409, -110.067886353, -27.4556674957, -8.96220684052, 2.43809080124, 17.4727039337, 31.3961105347, 46.9825630188, 44.6361579895, 117.700050354, 37.3317527771, 17.8174095154], [148.512512207, 11.9867992401, 63.628036499, 77.1548233032, 49.537361145, 48.9083938599, 9.88736438751, 26.2127780914, 12.0962505341, 35.4402885437, 37.3317527771, 98.0597305298, 32.1356468201], [38.3540382385, 87.2310791016, 184.566055298, 115.276374817, 108.398025513, 65.3107070923, 41.1630401611, 9.55967903137, 17.3423652649, 12.9956846237, 17.8174095154, 32.1356468201, 95.9753265381]],
        "icov": [[0.000667065032758, 0.000469008024083, 0.000223876471864, -0.000486517732497, -0.0006886087358, 9.66360021266e-05, -5.52169967705e-06, 0.00014214811381, -0.000105043109215, 1.44336418089e-05, -0.00016741437139, -0.000634586438537, 0.000421754317358], [0.000469008024083, 0.00199968693778, 0.000105391649413, -0.00113247020636, -0.000672733527608, 0.000623395142611, -0.000345865584677, -0.00104089477099, 0.000775534485001, -0.000371917732991, -0.000200212860364, 0.000479950715089, -0.000473082851386], [0.000223876471864, 0.000105391649413, 0.00143441266846, -0.00043740318506, -0.00130419107154, -0.000693577516358, -0.000493312894832, 0.000190991180716, 0.00065848918166, 0.000849265197758, 0.000677939271554, -0.000417160918005, -0.000500976049807], [-0.000486517732497, -0.00113247020636, -0.00043740318506, 0.00486717000604, -0.00138665759005, -0.0029938116204, 0.000193992484128, 0.000983763835393, 0.000550667289644, -0.00142508582212, 0.00111925846431, -0.000655097304843, -0.000253862439422], [-0.0006886087358, -0.000672733527608, -0.00130419107154, -0.00138665759005, 0.00643329555169, -0.000463781500002, -0.00177564448677, 0.00184655643534, -0.00165139406454, -0.000314190954668, -0.000138499672175, 0.0004596572835, -0.00109983701259], [9.66360021266e-05, 0.000623395142611, -0.000693577516358, -0.0029938116204, -0.000463781500002, 0.010086061433, -0.000694210059009, -0.00444495072588, -0.000417380651925, -0.00047919244389, 0.000386853265809, -0.000541723682545, -0.00102489069104], [-5.52169967705e-06, -0.000345865584677, -0.000493312894832, 0.000193992484128, -0.00177564448677, -0.000694210059009, 0.00618391716853, -0.00114709523041, -0.00307667348534, -0.000125344318803, -0.000527236552443, 0.00138340564445, 0.00117971887812], [0.00014214811381, -0.00104089477099, 0.000190991180716, 0.000983763835393, 0.00184655643534, -0.00444495072588, -0.00114709523041, 0.0107294777408, -0.00149527599569, -0.000999190146104, -0.000815950916149, -0.00189076235984, 0.000892879092135], [-0.000105043109215, 0.000775534485001, 0.00065848918166, 0.000550667289644, -0.00165139406454, -0.000417380651925, -0.00307667348534, -0.00149527599569, 0.0122763393447, -0.00240556406789, -0.0027391789481, 0.00165224447846, -0.000910217000637], [1.44336418089e-05, -0.000371917732991, 0.000849265197758, -0.00142508582212, -0.000314190954668, -0.00047919244389, -0.000125344318803, -0.000999190146104, -0.00240556406789, 0.0123919704929, -0.00249585835263, -0.00237326743081, 0.00125970086083], [-0.00016741437139, -0.000200212860364, 0.000677939271554, 0.00111925846431, -0.000138499672175, 0.000386853265809, -0.000527236552443, -0.000815950916149, -0.0027391789481, -0.00249585835263, 0.0134166954085, -0.00392943900079, -0.00254074670374], [-0.000634586438537, 0.000479950715089, -0.000417160918005, -0.000655097304843, 0.0004596572835, -0.000541723682545, 0.00138340564445, -0.00189076235984, 0.00165224447846, -0.00237326743081, -0.00392943900079, 0.0156298689544, -0.00363017781638], [0.000421754317358, -0.000473082851386, -0.000500976049807, -0.000253862439422, -0.00109983701259, -0.00102489069104, 0.00117971887812, 0.000892879092135, -0.000910217000637, 0.00125970086083, -0.00254074670374, -0.00363017781638, 0.014974905178]]
    },
    "spectral_contrast_coeffs": {
        "max": [-0.371715009212, -0.45067179203, -0.483253926039, -0.574342191219, -0.561732709408, -0.328098773956],
        "mean": [-0.718513071537, -0.745006084442, -0.760342538357, -0.79477006197, -0.787985682487, -0.608999609947],
        "min": [-0.903631865978, -0.918069779873, -0.914796471596, -0.900312960148, -0.882187068462, -0.803026914597],
        "stdev": [0.0821125879884, 0.0750624835491, 0.0587645694613, 0.0488024950027, 0.0481309704483, 0.0621806979179]
    },
    "spectral_contrast_valleys": {
        "max": [-4.95422697067, -4.80426120758, -5.49165010452, -5.85173892975, -5.9211230278, -9.12965202332],
        "mean": [-7.51423931122, -6.57524394989, -7.15056991577, -7.2907500267, -7.3150472641, -11.4380645752],
        "min": [-12.8125228882, -8.82001972198, -9.39924621582, -9.45029354095, -9.26469230652, -15.5731668472],
        "stdev": [1.80366146564, 0.555819392204, 0.672665655613, 0.702192246914, 0.694476783276, 1.15633189678]
    }
},
"rhythm": {
    "beats_count": 89,
    "beats_loudness": {
        "max": 0.0972403809428,
        "mean": 0.0405877754092,
        "min": 0.00192060670815,
        "stdev": 0.0237265527248
    },
    "bpm": 127.989273071,
    "bpm_histogram_first_peak_bpm": 129,
    "bpm_histogram_first_peak_weight": 0.410256445408,
    "bpm_histogram_second_peak_bpm": 123,
    "bpm_histogram_second_peak_spread": 0,
    "bpm_histogram_second_peak_weight": 0.113636367023,
    "danceability": 1.05981063843,
    "onset_rate": 3.00435805321,
    "beats_loudness_band_ratio": {
        "max": [0.946410953999, 0.599721729755, 0.647343873978, 0.504371225834, 0.608635783195, 0.708903431892],
        "mean": [0.493427842855, 0.0869102403522, 0.194994181395, 0.116303637624, 0.0751470625401, 0.0528800264001],
        "min": [6.57490829781e-07, 0.000290332478471, 0.00878407526761, 0.00322030880488, 0.00182038720232, 0.00195525912568],
        "stdev": [0.328355580568, 0.124138988554, 0.164690718055, 0.12780970335, 0.106966219842, 0.0843231976032]
    },
