{
"metadata": {
    "version": {
        "essentia": "2.1-beta5",
        "essentia_git_sha": "Undefined",
        "extractor": "music 2.0"
    },
    "audio_properties": {
        "analysis": {
            "equal_loudness": 0,
            "length": 29.0017242432,
            "sample_rate": 44100,
            "start_time": 0,
            "downmix": "mix"
        },
        "bit_rate": 192000,
        "length": 222.029205322,
        "lossless": 0,
        "number_channels": 2,
        "replay_gain": 0.236532211304,
        "sample_rate": 48000,
        "codec": "mp3",
        "md5_encoded": "3c73f39f24b32ac10392839af57de1aa"
    },
    "tags": {
        "file_name": "Netherlands_Calm After The Storm_The Common Linnets.mp3",
        "encoding": ["Lavf58.29.100"]
    }
},
"lowlevel": {
    "average_loudness": 0.713660061359,
    "barkbands_crest": {
        "max": 25.0910987854,
        "mean": 9.97988414764,
        "min": 2.62350583076,
        "stdev": 4.61964893341
    },
    "barkbands_flatness_db": {
        "max": 0.502103388309,
        "mean": 0.260595887899,
        "min": 0.0593446008861,
        "stdev": 0.0755266100168
    },
    "barkbands_kurtosis": {
        "max": 87.4945983887,
        "mean": 2.51092195511,
        "min": -1.89075160027,
        "stdev": 7.64736175537
    },
    "barkbands_skewness": {
        "max": 8.06806182861,
        "mean": 0.948917746544,
        "min": -2.09919714928,
        "stdev": 1.22360384464
    },
    "barkbands_spread": {
        "max": 43.3666381836,
        "mean": 13.7659921646,
        "min": 1.22300350666,
        "stdev": 7.17925453186
    },
    "dissonance": {
        "max": 0.5,
        "mean": 0.468530774117,
        "min": 0.260629415512,
        "stdev": 0.0367648117244
    },
    "dynamic_complexity": 4.64713573456,
    "erbbands_crest": {
        "max": 29.1262187958,
        "mean": 9.85261440277,
        "min": 2.83857584,
        "stdev": 4.32042455673
    },
    "erbbands_flatness_db": {
        "max": 0.515529692173,
        "mean": 0.319165468216,
        "min": 0.0942734703422,
        "stdev": 0.072368517518
    },
    "erbbands_kurtosis": {
        "max": 14.3806438446,
        "mean": 0.514228641987,
        "min": -1.83813607693,
        "stdev": 1.99927306175
    },
    "erbbands_skewness": {
        "max": 3.32625699043,
        "mean": 0.426799714565,
        "min": -2.78269147873,
        "stdev": 0.791925609112
    },
    "erbbands_spread": {
        "max": 60.9852294922,
        "mean": 21.7647781372,
        "min": 3.71163010597,
        "stdev": 10.1976118088
    },
    "hfc": {
        "max": 117.354705811,
        "mean": 13.4694623947,
        "min": 1.20370197773e-16,
        "stdev": 18.1980400085
    },
    "loudness_ebu128": {
        "integrated": -26.4090213776,
        "loudness_range": 6.50541877747,
        "momentary": {
            "max": -20.818567276,
            "mean": -28.0717163086,
            "min": -40.5330734253,
            "stdev": 3.94851827621
        },
        "short_term": {
            "max": -23.7368831635,
            "mean": -27.0609512329,
            "min": -33.8103256226,
            "stdev": 2.43835806847
        }
    },
    "melbands_crest": {
        "max": 36.4304618835,
        "mean": 13.6024637222,
        "min": 1.68113911152,
        "stdev": 7.02945327759
    },
    "melbands_flatness_db": {
        "max": 0.522647023201,
        "mean": 0.255890935659,
        "min": 0.00459999777377,
        "stdev": 0.0870412364602
    },
    "melbands_kurtosis": {
        "max": 174.788284302,
        "mean": 6.42197608948,
        "min": -1.75860178471,
        "stdev": 15.4620819092
    },
    "melbands_skewness": {
        "max": 11.1879434586,
        "mean": 1.59034740925,
        "min": -1.07752263546,
        "stdev": 1.49191331863
    },
    "melbands_spread": {
        "max": 149.241149902,
        "mean": 23.085855484,
        "min": 0.931380748749,
        "stdev": 15.5382175446
    },
    "pitch_salience": {
        "max": 0.890497148037,
        "mean": 0.612547397614,
        "min": 0.090100556612,
        "stdev": 0.141039267182
    },
    "silence_rate_20dB": {
        "max": 1,
        "mean": 1,
        "min": 1,
        "stdev": 0
    },
    "silence_rate_30dB": {
        "max": 1,
        "mean": 1,
        "min": 1,
        "stdev": 0
    },
    "silence_rate_60dB": {
        "max": 1,
        "mean": 0.291999995708,
        "min": 0,
        "stdev": 0.454683989286
    },
    "spectral_centroid": {
        "max": 10913.6162109,
        "mean": 1692.67297363,
        "min": 376.735229492,
        "stdev": 702.408447266
    },
    "spectral_complexity": {
        "max": 34,
        "mean": 11.598400116,
        "min": 0,
        "stdev": 6.28689956665
    },
    "spectral_decrease": {
        "max": 1.11634615334e-28,
        "mean": -2.84169199283e-09,
        "min": -2.2703739333e-08,
        "stdev": 3.44087625059e-09
    },
    "spectral_energy": {
        "max": 0.0908570364118,
        "mean": 0.011946936138,
        "min": 1.09456828037e-20,
        "stdev": 0.0144219715148
    },
    "spectral_energyband_high": {
        "max": 0.00526956561953,
        "mean": 0.000252679892583,
        "min": 8.05011283564e-21,
        "stdev": 0.000563856970984
    },
    "spectral_energyband_low": {
        "max": 0.0357824340463,
        "mean": 0.00112232507672,
        "min": 9.86826559128e-23,
        "stdev": 0.00377237657085
    },
    "spectral_energyband_middle_high": {
        "max": 0.0663626641035,
        "mean": 0.00595882255584,
        "min": 1.3415471043e-21,
        "stdev": 0.00932039506733
    },
    "spectral_energyband_middle_low": {
        "max": 0.086514160037,
        "mean": 0.00482159946114,
        "min": 2.86232789962e-22,
        "stdev": 0.00858881510794
    },
    "spectral_entropy": {
        "max": 9.81958198547,
        "mean": 7.32868146896,
        "min": 5.93079805374,
        "stdev": 0.444680094719
    },
    "spectral_flux": {
        "max": 0.269472062588,
        "mean": 0.063510812819,
        "min": 7.17636505776e-11,
        "stdev": 0.0478420108557
    },
    "spectral_kurtosis": {
        "max": 33.6556243896,
        "mean": 5.4319524765,
        "min": -1.20328986645,
        "stdev": 4.54392004013
    },
    "spectral_rms": {
        "max": 0.00941493548453,
        "mean": 0.00291449064389,
        "min": 3.26783023384e-12,
        "stdev": 0.0017780038761
    },
    "spectral_rolloff": {
        "max": 19013.8183594,
        "mean": 1988.87365723,
        "min": 43.06640625,
        "stdev": 1410.45898438
    },
    "spectral_skewness": {
        "max": 3.2981402874,
        "mean": 1.19447982311,
        "min": -0.250720828772,
        "stdev": 0.464549869299
    },
    "spectral_spread": {
        "max": 40275632,
        "mean": 2417992,
        "min": 1207977.25,
        "stdev": 1662094.25
    },
    "spectral_strongpeak": {
        "max": 14.8301181793,
        "mean": 1.41240060329,
        "min": 0,
        "stdev": 1.79492652416
    },
    "zerocrossingrate": {
        "max": 0.51123046875,
        "mean": 0.0658121109009,
        "min": 0.00244140625,
        "stdev": 0.0360880754888
    },
    "barkbands": {
        "max": [0.00856198556721, 0.0299678891897, 0.0101393172517, 0.00523509178311, 0.00904519390315, 0.0548979640007, 0.0519213564694, 0.0833102986217, 0.0460535921156, 0.0533892437816, 0.0403609722853, 0.031155269593, 0.024432670325, 0.0286637097597, 0.0299394354224, 0.0264372620732, 0.0280100721866, 0.0198613926768, 0.00350896525197, 0.00584371993318, 0.00512702483684, 0.00199748948216, 0.000917356926948, 0.000322975742165, 2.83146309812e-05, 5.41555721156e-07, 5.79875290896e-07],
        "mean": [0.000195016531507, 0.000789665558841, 0.000119905744214, 7.25642239559e-05, 0.000242210604483, 0.000420826399932, 0.000546785711776, 0.00113710726146, 0.00203556497581, 0.00118732615374, 0.000845888338517, 0.00104555755388, 0.000616617850028, 0.000387413369026, 0.000346390879713, 0.000450632272987, 0.000489187077619, 0.000493472907692, 0.000196774781216, 0.000199601156055, 8.61681910465e-05, 1.86316083273e-05, 1.77262463694e-05, 5.5946466091e-06, 3.01879339304e-07, 1.17908915964e-09, 1.01095287697e-09],
        "min": [3.52764807526e-23, 4.09548277661e-23, 2.94070463843e-23, 4.2099128096e-24, 3.36523770764e-23, 3.49418585784e-23, 2.28959478225e-23, 4.82506488689e-23, 2.34179844151e-23, 4.34363096504e-23, 2.52523810538e-23, 3.79609617913e-23, 8.1485488179e-23, 1.11067690083e-22, 7.88333946136e-23, 1.21551752488e-22, 1.5160090325e-22, 1.75592208105e-22, 2.00972223698e-22, 3.35816345548e-22, 3.39051886949e-22, 4.87971130127e-22, 5.99549232149e-22, 8.43405550242e-22, 8.91037299865e-22, 1.28273841996e-21, 2.48668970411e-21],
        "stdev": [0.000818205007818, 0.00294575793669, 0.000612558738794, 0.000287029222818, 0.000672888301779, 0.00242489110678, 0.0031811054796, 0.00471836421639, 0.0050067869015, 0.0037903781049, 0.00290749780834, 0.00308683537878, 0.00186852074694, 0.0013422567863, 0.00141088175587, 0.00169418007135, 0.00177282409277, 0.00123480940238, 0.000389951484976, 0.000448285107268, 0.0003453095851, 6.97179566487e-05, 6.22851293883e-05, 2.71112148766e-05, 1.97070016839e-06, 1.53985357798e-08, 1.63938125297e-08]
    },
    "erbbands": {
        "max": [1.60765385628, 4.56364440918, 9.51916122437, 17.042257309, 18.9017658234, 33.3444023132, 71.2800979614, 581.704650879, 341.740142822, 972.645446777, 999.874328613, 1312.68676758, 974.117370605, 1937.47839355, 1423.32348633, 1440.5057373, 804.335632324, 819.360778809, 1284.27307129, 1013.32897949, 1816.61437988, 1237.8248291, 1093.78613281, 278.845336914, 129.755493164, 354.379089355, 237.654968262, 124.953918457, 86.7085189819, 29.6125526428, 25.6377983093, 12.2111492157, 3.69743347168, 0.648801326752, 0.0286303013563, 0.00214458582923, 0.00100472779013, 0.000359176716302, 8.27454350656e-05, 0.000104494873085],
        "mean": [0.041155513376, 0.105270139873, 0.13100297749, 0.213938176632, 0.447921186686, 0.808054804802, 1.5296741724, 4.34217262268, 5.36834669113, 14.4162855148, 31.9326210022, 44.5674133301, 40.6444740295, 37.0614738464, 41.2174224854, 35.9733390808, 26.7521133423, 23.7523040771, 18.4512195587, 20.7661476135, 28.2832584381, 25.5478668213, 26.5396118164, 15.4177017212, 9.44419670105, 9.56977462769, 6.37848043442, 1.75546598434, 0.728506445885, 0.61407572031, 0.451950579882, 0.20680449903, 0.0525867752731, 0.00870731472969, 0.000408563675592, 3.76803473046e-05, 1.09812972369e-05, 3.89580145566e-06, 7.39639244784e-06, 1.48198823808e-05],
        "min": [1.65365036677e-21, 6.96389705997e-21, 3.80248917606e-20, 3.62190078494e-20, 2.95107572586e-20, 1.46256699238e-19, 3.42954665434e-19, 1.9139466572e-19, 4.47785694306e-19, 6.04098945238e-19, 9.69670124486e-19, 4.8747149365e-19, 1.44042915764e-18, 1.51998015113e-18, 1.23501063984e-18, 1.63666338571e-18, 3.5293476496e-18, 4.46166415878e-18, 4.29498850612e-18, 7.03453169915e-18, 6.1604697982e-18, 8.60850833951e-18, 8.42707123523e-18, 8.67704769788e-18, 1.18349577516e-17, 1.76238671177e-17, 1.50798301304e-17, 1.16571073025e-17, 1.76076064012e-17, 1.81472292543e-17, 1.82053535816e-17, 1.51056480916e-17, 1.37755995693e-17, 8.66200541845e-18, 7.3165845716e-18, 4.01456724743e-18, 2.85017446405e-18, 1.39538710534e-18, 3.4590940628e-19, 3.62589128516e-20],
        "stdev": [0.161519065499, 0.391910493374, 0.574294567108, 0.993276834488, 1.31559741497, 2.47158837318, 4.92933750153, 26.409034729, 26.5869941711, 70.4751586914, 102.071365356, 114.618423462, 94.0788574219, 114.098365784, 120.568649292, 108.978225708, 69.2231063843, 66.1101226807, 67.1319580078, 69.8458557129, 105.77872467, 82.805809021, 72.0421218872, 29.7367553711, 18.7327671051, 22.6804122925, 18.9506530762, 7.67298936844, 2.92326569557, 1.76879644394, 1.63455116749, 0.944686889648, 0.272699087858, 0.0523939393461, 0.00240113353357, 0.000134626912768, 3.16528057738e-05, 1.11422050395e-05, 8.91473609954e-06, 1.77716101462e-05]
    },
    "gfcc": {
        "mean": [-155.950775146, 104.55216217, -249.589996338, 0.119078673422, -78.0798721313, -27.3198566437, -5.48263835907, -21.434173584, 1.94596290588, -26.3678627014, -4.94413137436, -12.2225904465, -7.42543506622],
        "cov": [[4758.96923828, -15.2619409561, -678.083740234, -66.8993301392, -409.396942139, -225.645187378, -140.953369141, -64.3767471313, -34.3948059082, -72.8943939209, 127.672111511, -47.1615333557, 81.6259613037], [-15.2619409561, 2705.03051758, 2061.63818359, 980.54901123, 1144.98632812, 431.83895874, 616.640686035, 25.614238739, 185.189453125, 119.62171936, -102.711746216, -96.5059661865, -135.332443237], [-678.083740234, 2061.63818359, 2897.57250977, 1529.2824707, 926.582458496, 952.183654785, 209.114608765, 235.810852051, 306.703674316, 118.517791748, 40.2095298767, -134.604873657, -60.3591117859], [-66.8993301392, 980.54901123, 1529.2824707, 1236.56237793, 451.92779541, 722.007141113, 37.5522613525, 158.221557617, 350.00378418, -6.19826555252, 28.5670471191, -71.0643234253, -62.1776428223], [-409.396942139, 1144.98632812, 926.582458496, 451.92779541, 765.11895752, 299.819671631, 424.293579102, 123.793609619, 147.274276733, 134.862823486, -70.3078231812, -2.53260707855, -40.8729248047], [-225.645187378, 431.83895874, 952.183654785, 722.007141113, 299.819671631, 1087.08203125, 221.510040283, 202.809768677, 293.687683105, -4.17179250717, 25.9439315796, -110.648681641, -94.2224349976], [-140.953369141, 616.640686035, 209.114608765, 37.5522613525, 424.293579102, 221.510040283, 539.219970703, 77.6126937866, 76.2738265991, 106.041069031, -56.4632263184, -8.2084312439, -73.9535827637], [-64.3767471313, 25.614238739, 235.810852051, 158.221557617, 123.793609619, 202.809768677, 77.6126937866, 211.283874512, 111.742355347, 62.2591056824, 19.9568710327, -32.2290878296, 12.7463216782], [-34.3948059082, 185.189453125, 306.703674316, 350.00378418, 147.274276733, 293.687683105, 76.2738265991, 111.742355347, 296.207122803, 42.3083953857, 28.1446056366, 19.6564273834, -28.5874538422], [-72.8943939209, 119.62171936, 118.517791748, -6.19826555252, 134.862823486, -4.17179250717, 106.041069031, 62.2591056824, 42.3083953857, 163.567199707, 27.3547439575, 25.2832202911, 46.5598373413], [127.672111511, -102.711746216, 40.2095298767, 28.5670471191, -70.3078231812, 25.9439315796, -56.4632263184, 19.9568710327, 28.1446056366, 27.3547439575, 127.574645996, 48.9668235779, 47.4515037537], [-47.1615333557, -96.5059661865, -134.604873657, -71.0643234253, -2.53260707855, -110.648681641, -8.2084312439, -32.2290878296, 19.6564273834, 25.2832202911, 48.9668235779, 148.197250366, 72.9948654175], [81.6259613037, -135.332443237, -60.3591117859, -62.1776428223, -40.8729248047, -94.2224349976, -73.9535827637, 12.7463216782, -28.5874538422, 46.5598373413, 47.4515037537, 72.9948654175, 150.594116211]],
        "icov": [[0.000327895832015, -0.000489595055114, 0.000495750980917, -0.000335531309247, 0.000461573392386, -7.56837544031e-05, 0.000106860497908, -0.000349159468897, 0.000187481578905, -0.000112953239295, -0.000427215418313, 0.00024516886333, -0.000311298703309], [-0.000489595055114, 0.00367189198732, -0.00248587573878, 0.000455024302937, -0.00288485456258, 0.00154161546379, -0.00242622266524, 0.00359598454088, -0.00155248108786, 0.00173843710218, -0.000101124896901, 0.0020643658936, -0.000358557503205], [0.000495750980917, -0.00248587573878, 0.0036017994862, -0.00225273077376, 0.000367350265151, -0.00134627404623, 0.00225076521747, -0.00223188032396, 0.00241387588903, -0.00201432034373, -0.00138731417246, -0.000245968869422, 0.00019980595971], [-0.000335531309247, 0.000455024302937, -0.00225273077376, 0.00485009001568, -0.00115656270646, -0.000584881927352, 0.00108042382635, 0.000824815826491, -0.00352356652729, 0.00208752416074, 0.00042075390229, 0.000278592429822, -0.000110609391413], [0.000461573392386, -0.00288485456258, 0.000367350265151, -0.00115656270646, 0.00851636193693, -0.00038098267396, -0.00196056021377, -0.00377966766246, 0.00122288393322, -0.0026528344024, 0.00364668807015, -0.00398112181574, 9.01962994249e-05], [-7.56837544031e-05, 0.00154161546379, -0.00134627404623, -0.000584881927352, -0.00038098267396, 0.00300351832993, -0.00255976920016, 0.000816619722173, -0.00173715001438, 0.00196586316451, -0.00086696393555, 0.0022565019317, -0.000663169950712], [0.000106860497908, -0.00242622266524, 0.00225076521747, 0.00108042382635, -0.00196056021377, -0.00255976920016, 0.00748495571315, -0.00250777672045, 0.0013160391245, -0.00301685626619, 0.000227869531955, -0.00232112710364, 0.00310005480424], [-0.000349159468897, 0.00359598454088, -0.00223188032396, 0.000824815826491, -0.00377966766246, 0.000816619722173, -0.00250777672045, 0.011934151873, -0.00439235009253, 0.000501937931404, -0.00177714484744, 0.00636013038456, -0.00340158096515], [0.000187481578905, -0.00155248108786, 0.00241387588903, -0.00352356652729, 0.00122288393322, -0.00173715001438, 0.0013160391245, -0.00439235009253, 0.00967511627823, -0.00368252792396, 0.000135698064696, -0.00512765627354, 0.00369684235193], [-0.000112953239295, 0.00173843710218, -0.00201432034373, 0.00208752416074, -0.0026528344024, 0.00196586316451, -0.00301685626619, 0.000501937931404, -0.00368252792396, 0.0125845111907, -0.00302783027291, 0.00320227141492, -0.00452398462221], [-0.000427215418313, -0.000101124896901, -0.00138731417246, 0.00042075390229, 0.00364668807015, -0.00086696393555, 0.000227869531955, -0.00177714484744, 0.000135698064696, -0.00302783027291, 0.0141495680436, -0.00644189491868, 9.38914527069e-05], [0.00024516886333, 0.0020643658936, -0.000245968869422, 0.000278592429822, -0.00398112181574, 0.0022565019317, -0.00232112710364, 0.00636013038456, -0.00512765627354, 0.00320227141492, -0.00644189491868, 0.0170616377145, -0.00781179126352], [-0.000311298703309, -0.000358557503205, 0.00019980595971, -0.000110609391413, 9.01962994249e-05, -0.000663169950712, 0.00310005480424, -0.00340158096515, 0.00369684235193, -0.00452398462221, 9.38914527069e-05, -0.00781179126352, 0.0137984929606]]
    },
    "melbands": {
        "max": [0.0111088613048, 0.00330023467541, 0.00222179037519, 0.00193833047524, 0.00224707345478, 0.0123515836895, 0.00621325382963, 0.0147151835263, 0.00935503095388, 0.00800587795675, 0.00489427382126, 0.00867045577615, 0.0060011157766, 0.00444978615269, 0.0047367294319, 0.00313205923885, 0.00172991934232, 0.0028904445935, 0.00306821032427, 0.00125948677305, 0.00219023623504, 0.00189670128748, 0.00152526795864, 0.000817322696093, 0.000236474152189, 0.000136932532769, 0.000127084276755, 0.000263952068053, 0.000159959381563, 0.000252955942415, 5.36208754056e-05, 6.26939945505e-05, 1.81891937245e-05, 1.65752990142e-05, 1.39865269375e-05, 1.50551713887e-05, 5.6382132243e-06, 2.77407480098e-06, 1.37020936108e-06, 3.71899972151e-07],
        "mean": [0.00029056466883, 8.64047106006e-05, 4.35325491708e-05, 4.42507698608e-05, 5.15110805281e-05, 9.12277246243e-05, 9.53320777626e-05, 0.00017402159574, 0.000279929197859, 0.000284789857687, 0.000202244802495, 0.00015032288502, 0.000130276108393, 0.000125603794004, 6.59932047711e-05, 5.98126607656e-05, 4.11145701946e-05, 2.90058724204e-05, 2.74130379694e-05, 2.84751058643e-05, 3.50769150828e-05, 2.79489540844e-05, 2.25866333494e-05, 2.4394112188e-05, 1.11419376481e-05, 6.70350846121e-06, 6.28848601991e-06, 6.5120580075e-06, 4.84081965624e-06, 1.99773808163e-06, 6.31601551504e-07, 4.05313642204e-07, 3.38141092016e-07, 3.53197577851e-07, 2.74415157264e-07, 1.99518694899e-07, 9.51708329922e-08, 3.8311313233e-08, 1.68750720064e-08, 3.73342201598e-09],
        "min": [1.54399437798e-23, 1.52599336099e-23, 6.4011960382e-24, 5.18447433292e-24, 1.10387420615e-23, 4.64911309074e-24, 7.11867370897e-24, 8.37027963233e-24, 7.35506376782e-24, 2.7139021978e-24, 6.66512286467e-24, 6.11645275015e-24, 4.01885977026e-24, 4.1081039989e-24, 3.62996593791e-24, 7.46257052085e-24, 8.70698361048e-24, 6.3495307765e-24, 7.56821082897e-24, 7.74127981183e-24, 6.41990269127e-24, 9.26627810367e-24, 7.46075298532e-24, 7.78237078752e-24, 6.35338160101e-24, 9.11507792283e-24, 7.40522664393e-24, 1.22857189491e-23, 7.91167218964e-24, 1.03679452348e-23, 5.08443533166e-24, 9.40470031557e-24, 1.10240179727e-23, 9.84168113655e-24, 1.04562913453e-23, 8.94719254498e-24, 9.58849228471e-24, 1.10797762392e-23, 6.84413749217e-24, 7.09389322135e-24],
        "stdev": [0.00110397615936, 0.000296392652672, 0.000152722728672, 0.000124466692796, 0.000162101569003, 0.000552062003408, 0.000489013385959, 0.000841777015012, 0.00088425638387, 0.000714468187653, 0.000492789200507, 0.000503613380715, 0.000424470053986, 0.000384929793654, 0.000220531030209, 0.000194333915715, 0.000122491284856, 0.000120359443827, 0.000126113096485, 0.000101092620753, 0.000138360526762, 0.000106482424599, 8.07145188446e-05, 6.32246228633e-05, 2.25223775487e-05, 1.48549888763e-05, 1.31385140776e-05, 1.72565669345e-05, 1.40460524563e-05, 1.15758266475e-05, 2.6889495075e-06, 2.02486194212e-06, 9.87617227111e-07, 1.0828023278e-06, 9.80712002274e-07, 8.87861631327e-07, 4.75560341329e-07, 2.04897972367e-07, 1.00732215458e-07, 2.66337902843e-08]
    },
    "melbands128": {
        "max": [0.0083416569978, 0.0160764250904, 0.0135869858786, 0.00648107938468, 0.00454885745421, 0.00467238668352, 0.00446728710085, 0.00135796354152, 0.00176499085501, 0.00314577948302, 0.00188180489931, 0.00424591265619, 0.00339731876738, 0.00318060885184, 0.00996827986091, 0.0262063331902, 0.00747493468225, 0.00880480930209, 0.0194085966796, 0.0143358875066, 0.0341489240527, 0.0159265417606, 0.013797044754, 0.0186679139733, 0.0152649059892, 0.0136460969225, 0.0139342201874, 0.0088922875002, 0.0107880849391, 0.0184857789427, 0.00678591290489, 0.00976916961372, 0.0112388739362, 0.00943939108402, 0.00842107459903, 0.00764303328469, 0.00657770130783, 0.0104449903592, 0.00323771080002, 0.0030346759595, 0.007037863601, 0.00432167900726, 0.00339627149515, 0.00202163681388, 0.00712923053652, 0.00237809401006, 0.00313232117333, 0.00595820508897, 0.00211144075729, 0.00330478977412, 0.00214361026883, 0.0032048728317, 0.00590948108584, 0.0036219668109, 0.00548758450896, 0.0027082094457, 0.0019949756097, 0.0021289170254, 0.00326097779907, 0.00170238944702, 0.00158107769676, 0.000775116146542, 0.000483296345919, 0.000348849309376, 0.000454377644928, 0.00031974981539, 0.000230381163419, 0.000288481678581, 0.000306645903038, 0.000232184247579, 0.000668160442729, 0.000243669579504, 0.000324009248288, 0.000271199038252, 0.00033618445741, 0.0004589430755, 0.000283490255242, 0.00010324636969, 6.33267336525e-05, 6.45916661597e-05, 7.05713464413e-05, 7.5294970884e-05, 1.87759160326e-05, 1.57510894496e-05, 1.12624957183e-05, 1.5913074094e-05, 1.90232640307e-05, 2.60955912381e-05, 1.3288732589e-05, 1.54417648446e-05, 2.69538322755e-05, 1.49386232806e-05, 1.08399581222e-05, 6.89193484504e-06, 5.94539551457e-06, 2.63311085291e-06, 2.93487551062e-06, 3.08967651108e-06, 1.80037829978e-06, 1.24322048123e-06, 6.13998963672e-07, 3.48642174686e-07, 1.24034116311e-07, 1.81787651599e-08, 8.7327016729e-09, 1.06123874133e-08, 4.06950251275e-09, 3.83181353314e-09, 3.68144981167e-09, 3.55140805652e-09, 3.44875417113e-09, 3.31209037974e-09, 3.17890980206e-09, 3.06663028304e-09, 2.99288971384e-09, 2.89205281945e-09, 2.78757306127e-09, 2.69344480053e-09, 2.64255795024e-09, 2.56071541749e-09, 2.52200504924e-09, 2.47051135105e-09, 2.40301978316e-09, 2.34691799328e-09, 2.33159713758e-09, 2.30184515893e-09, 2.28573715511e-09, 2.27240093409e-09],
        "mean": [0.000177274938324, 0.000408628402511, 0.000304950430291, 0.000131965076434, 6.58074204694e-05, 6.01858264417e-05, 4.20719006797e-05, 3.67474021914e-05, 4.78209476569e-05, 4.15880385845e-05, 4.2618419684e-05, 5.56959166715e-05, 5.02611983393e-05, 4.7930105211e-05, 0.000100664103229, 0.000124868151033, 6.00332932663e-05, 7.27004080545e-05, 0.000162410186022, 0.000146441176184, 0.000185771554243, 0.00024736605701, 0.000296614569379, 0.000311868003337, 0.000279218365904, 0.000295619916869, 0.000249854696449, 0.000179601556738, 0.000170415063621, 0.000177428868483, 0.000129338121042, 0.000127628649352, 0.000124577316456, 0.000126078884932, 0.000172815140104, 0.000112617424747, 7.73040228523e-05, 6.73754766467e-05, 5.63343419344e-05, 5.14549501531e-05, 6.49834910291e-05, 6.87151405145e-05, 3.74632072635e-05, 2.80741805909e-05, 3.43637584592e-05, 2.54670594586e-05, 2.85814367089e-05, 2.98773611576e-05, 2.18272070924e-05, 3.30668517563e-05, 2.62796111201e-05, 2.67826053459e-05, 3.70798770746e-05, 3.35078693752e-05, 4.47391212219e-05, 2.20243018703e-05, 2.18094373849e-05, 2.11553233385e-05, 2.30697041843e-05, 2.4077227863e-05, 2.83824556391e-05, 2.27252785407e-05, 1.23948311739e-05, 8.12804046291e-06, 7.56068448027e-06, 6.15385488345e-06, 5.87645763517e-06, 8.68799816089e-06, 4.79010714116e-06, 5.52260553377e-06, 8.03645889391e-06, 5.41526787856e-06, 6.75411820339e-06, 4.82574751004e-06, 2.70310033557e-06, 2.27542273024e-06, 1.71597412191e-06, 7.28809936845e-07, 5.20812648119e-07, 4.36518575953e-07, 4.28161058608e-07, 3.94177305907e-07, 3.44657081541e-07, 3.56843202098e-07, 2.88113227498e-07, 3.54469676722e-07, 3.7221900584e-07, 3.64742192005e-07, 2.40801227847e-07, 2.4690601208e-07, 2.26535362913e-07, 1.89798541328e-07, 1.48307222503e-07, 9.84505277302e-08, 5.95316471674e-08, 4.27967243866e-08, 3.35377876581e-08, 3.29726255188e-08, 1.65942566355e-08, 9.98453053569e-09, 6.15663386938e-09, 2.79892020671e-09, 4.68156347022e-10, 4.6291286776e-11, 2.01999111882e-11, 4.56964327489e-11, 4.37554818766e-11, 1.80190810189e-11, 6.88590373957e-12, 6.02783795101e-12, 5.91908423317e-12, 5.72119565265e-12, 5.46305752372e-12, 5.28295202723e-12, 5.13459153667e-12, 5.04119445841e-12, 5.03431541246e-12, 4.76488293266e-12, 4.66692873582e-12, 4.5590315377e-12, 4.43769847258e-12, 4.37031921069e-12, 4.3090288282e-12, 4.18193908322e-12, 3.90490504515e-12, 3.43389964901e-12, 3.17815066798e-12, 3.12796186522e-12],
        "min": [1.8780346884e-23, 1.45521423622e-23, 4.97592356984e-24, 1.45715877835e-23, 2.34469403435e-23, 1.05000313159e-23, 2.4569887392e-24, 1.92211521026e-24, 3.30530628806e-24, 1.87460231516e-24, 9.83710653216e-24, 1.02232594673e-23, 1.45374301063e-23, 6.91904377943e-24, 2.82187733699e-24, 4.03032349693e-24, 3.15739743213e-24, 1.37545708548e-24, 2.93002030633e-24, 2.06140161929e-24, 9.4652201465e-24, 9.01316892679e-24, 7.4244306738e-24, 6.05365390007e-24, 1.92154999143e-24, 4.65277064432e-25, 6.09910569885e-24, 6.51938909547e-24, 2.9408687215e-24, 6.80856459851e-24, 6.70080462114e-24, 5.06498004958e-24, 3.50070713429e-24, 3.9263965947e-24, 3.91267514811e-24, 3.36007374527e-24, 4.76437158545e-24, 2.11553483232e-24, 3.33826489668e-24, 4.01317799959e-24, 8.37513033804e-24, 4.49701834163e-24, 8.37487790255e-24, 8.22408004076e-24, 9.3205588337e-24, 4.25606353914e-24, 6.01585760195e-24, 4.43375169703e-24, 8.40643628306e-24, 5.59110215285e-24, 9.80018863066e-24, 6.66217331375e-24, 6.87330010212e-24, 5.2569406734e-24, 8.16521918432e-24, 1.07278022805e-23, 8.50565447455e-24, 6.74621303257e-24, 7.71386452879e-24, 8.06391603346e-24, 2.53989683705e-24, 9.03020358917e-24, 4.73948617933e-24, 1.85671804958e-24, 4.56880152856e-24, 7.65004568156e-24, 7.58634200802e-24, 3.78500668807e-24, 4.17848104126e-24, 1.74761089499e-23, 1.41825484063e-23, 6.85396512133e-24, 9.28664254794e-24, 3.46003386044e-24, 3.13005886581e-24, 1.47782756515e-23, 5.42472704921e-24, 4.18403107216e-24, 2.08661775534e-24, 7.12463276424e-24, 9.1249497282e-24, 8.9620452181e-24, 1.28880008396e-23, 1.15548219654e-23, 7.87595020126e-24, 1.2877375672e-23, 7.32467763462e-24, 9.63570955419e-24, 8.0117060633e-24, 1.39837175929e-23, 7.72645790428e-24, 8.47790392563e-24, 7.68447393804e-24, 8.24277683308e-24, 8.07650862009e-24, 1.28165418745e-23, 8.94984785079e-24, 4.96436951859e-24, 9.03245973136e-24, 3.91031487628e-24, 8.61911239425e-24, 6.63604387399e-24, 7.07851201142e-24, 7.22545234338e-24, 5.39764939863e-24, 7.08679505093e-24, 8.02750931382e-24, 5.02476234291e-24, 5.8606563186e-24, 8.47037345943e-24, 6.38701902444e-24, 8.93081973689e-24, 9.74968733322e-24, 8.77912967343e-24, 7.30460980205e-24, 9.0604824373e-24, 1.25481729722e-23, 1.01625652981e-23, 9.28225095928e-24, 6.82588325083e-24, 1.11437639027e-23, 8.31033251442e-24, 9.40227299057e-24, 9.2545217096e-24, 1.01845658399e-23, 8.45348631403e-24, 1.00868748831e-23, 1.22598261676e-23],
        "stdev": [0.00075044442201, 0.0016382697504, 0.00119827257004, 0.000487480807351, 0.000281477579847, 0.000315707875416, 0.000240543304244, 0.000117864401545, 0.000153153101564, 0.000172395535628, 0.000148813443957, 0.000240161534748, 0.000206478085602, 0.000193456900888, 0.000548092997633, 0.00107871671207, 0.00043095080764, 0.000501016271301, 0.00117466901429, 0.000868205504958, 0.00147810007911, 0.0011450041784, 0.00119533203542, 0.00135210214648, 0.00106857868377, 0.000944669474848, 0.000803811417427, 0.000640327460133, 0.000760340481065, 0.000928092456888, 0.00052939390298, 0.000571452837903, 0.000668921449687, 0.000565288355574, 0.000631468312349, 0.000548854353838, 0.00038422900252, 0.000355507072527, 0.000231834957958, 0.000188054793398, 0.000341133330949, 0.000296760437777, 0.000167741425685, 0.000112320754852, 0.000253247417277, 0.000125489998027, 0.00015820718545, 0.000239827117184, 8.7314438133e-05, 0.000194040403585, 0.00013029424008, 0.000152667984366, 0.000250004028203, 0.000172559710336, 0.000262834946625, 0.00012380789849, 0.000113297493954, 0.000108413158159, 0.00012221824727, 9.24790947465e-05, 0.000108253654616, 6.91044333507e-05, 3.49451802322e-05, 2.40733006649e-05, 2.36237701756e-05, 2.20043839363e-05, 1.71354222402e-05, 2.75217862509e-05, 1.3970224245e-05, 1.60984291142e-05, 3.46519882441e-05, 1.77757465281e-05, 2.28322242037e-05, 1.88596859516e-05, 1.62657725014e-05, 1.80998358701e-05, 1.41705850183e-05, 4.15450858782e-06, 2.50659741141e-06, 2.05367496164e-06, 2.32797606259e-06, 2.43584690907e-06, 1.02714784589e-06, 1.14283204766e-06, 8.41862913603e-07, 1.16096600777e-06, 1.23157542475e-06, 1.53168411998e-06, 8.62452736783e-07, 9.7457677839e-07, 1.14907243187e-06, 9.1513317102e-07, 7.64280969179e-07, 5.26266148881e-07, 3.43785757195e-07, 2.15858875663e-07, 1.99206112939e-07, 2.07280436371e-07, 1.06036893044e-07, 6.77298856999e-08, 4.25345945132e-08, 2.31746195567e-08, 5.24364196508e-09, 6.2413485491e-10, 2.85724555127e-10, 4.40065345275e-10, 3.0554125896e-10, 1.33964311866e-10, 1.04297910586e-10, 1.00412074489e-10, 9.75061420494e-11, 9.36408520169e-11, 8.98764673796e-11, 8.67013960626e-11, 8.46159531331e-11, 8.17632628269e-11, 7.8808660986e-11, 7.61469151622e-11, 7.47066367102e-11, 7.23927376378e-11, 7.12985920304e-11, 6.98420279943e-11, 6.79329925646e-11, 6.63485585917e-11, 6.59214002829e-11, 6.5091966539e-11, 6.46426662199e-11, 6.42664393924e-11]
    },
    "mfcc": {
        "mean": [-757.327270508, 126.994934082, -114.610298157, 7.50961732864, -58.1783485413, -6.9431180954, -25.4312877655, 9.40533351898, -14.3165111542, 5.61523532867, -8.55950737, -4.63087272644, -7.77629375458],
        "cov": [[2552.21704102, -570.466552734, -654.390014648, -200.963867188, -503.762054443, -114.358261108, -375.747497559, 58.8299217224, -300.079986572, 35.5209579468, -196.483718872, 34.9013938904, -50.9353065491], [-570.466552734, 2255.77880859, 739.831237793, 771.23828125, 529.973937988, 380.665771484, 662.386535645, 12.9558763504, 355.830627441, 71.2588729858, 211.813903809, 38.4287757874, 28.6787281036], [-654.390014648, 739.831237793, 2709.61279297, 713.261230469, 1307.65625, 903.516418457, 394.956329346, 423.958557129, 322.390167236, 353.273681641, 306.014526367, 242.849624634, -100.050437927], [-200.963867188, 771.23828125, 713.261230469, 723.354492188, 457.451446533, 264.357574463, 128.057876587, 107.340522766, 155.700820923, 104.688972473, 95.7656097412, 85.3932113647, 39.5798187256], [-503.762054443, 529.973937988, 1307.65625, 457.451446533, 867.606079102, 438.969573975, 272.191314697, 216.137207031, 287.364257812, 200.5234375, 185.508850098, 149.387313843, -23.250038147], [-114.358261108, 380.665771484, 903.516418457, 264.357574463, 438.969573975, 795.517456055, 244.068954468, 401.950653076, 284.284301758, 209.207626343, 300.47354126, 79.8920516968, 25.8103790283], [-375.747497559, 662.386535645, 394.956329346, 128.057876587, 272.191314697, 244.068954468, 531.563903809, 71.3505020142, 269.700073242, 84.4201202393, 164.961929321, 68.7749481201, -14.0373659134], [58.8299217224, 12.9558763504, 423.958557129, 107.340522766, 216.137207031, 401.950653076, 71.3505020142, 387.615478516, 140.408050537, 172.702362061, 163.966690063, 57.143497467, 52.0193634033], [-300.079986572, 355.830627441, 322.390167236, 155.700820923, 287.364257812, 284.284301758, 269.700073242, 140.408050537, 384.145996094, 108.849983215, 212.073883057, 69.1600723267, 46.8144073486], [35.5209579468, 71.2588729858, 353.273681641, 104.688972473, 200.5234375, 209.207626343, 84.4201202393, 172.702362061, 108.849983215, 242.765533447, 108.5625, 106.324249268, -10.7923746109], [-196.483718872, 211.813903809, 306.014526367, 95.7656097412, 185.508850098, 300.47354126, 164.961929321, 163.966690063, 212.073883057, 108.5625, 273.43572998, 47.2926101685, 53.4253540039], [34.9013938904, 38.4287757874, 242.849624634, 85.3932113647, 149.387313843, 79.8920516968, 68.7749481201, 57.143497467, 69.1600723267, 106.324249268, 47.2926101685, 188.40675354, -3.76734662056], [-50.9353065491, 28.6787281036, -100.050437927, 39.5798187256, -23.250038147, 25.8103790283, -14.0373659134, 52.0193634033, 46.8144073486, -10.7923746109, 53.4253540039, -3.76734662056, 144.812728882]],
        "icov": [[0.000560952117667, -2.90569514618e-05, 8.89726215973e-05, -5.78260733164e-05, 0.000336090684868, -0.000211436199606, 0.000254958024016, -0.000266468647169, 0.000144215970067, -0.000201707938686, 0.000334686686983, -0.000392716145143, 0.000297068996588], [-2.90569514618e-05, 0.00134214141872, 0.000141879281728, -0.00138457852881, -5.68606128581e-06, -0.000310459552566, -0.00158387830015, 0.000701244920492, 0.000238253604039, -1.36612461574e-05, -0.000107494321128, 0.000621715618763, -0.000172784522874], [8.89726215973e-05, 0.000141879281728, 0.00205202400684, -0.00027448052424, -0.00265745562501, -0.00124951044563, -0.000260140630417, 0.000172152896994, 0.00146200228482, -6.25997563475e-05, -0.000228410033742, -0.000314258388244, 0.000803732778877], [-5.78260733164e-05, -0.00138457852881, -0.00027448052424, 0.00369161204435, -0.0010602097027, -8.69042632985e-05, 0.00167353427969, -7.75340377004e-05, -0.000309349998133, -0.000214504136238, 0.000539243628737, -0.000657731899992, -0.00104144460056], [0.000336090684868, -5.68606128581e-06, -0.00265745562501, -0.0010602097027, 0.00647533731535, 0.000938504177611, 6.80502853356e-05, -0.000567161943763, -0.00268953642808, -0.000401085271733, 0.000760642811656, -0.000513559556566, 0.000201367845875], [-0.000211436199606, -0.000310459552566, -0.00124951044563, -8.69042632985e-05, 0.000938504177611, 0.00505353277549, -5.55869519303e-05, -0.00344638130628, -0.00107575580478, 0.000590681098402, -0.00224020332098, 0.000572117685806, 0.000863316876348], [0.000254958024016, -0.00158387830015, -0.000260140630417, 0.00167353427969, 6.80502853356e-05, -5.55869519303e-05, 0.00519908079877, -0.000228504897677, -0.00220404425636, 7.29922830942e-05, -0.000210325073567, -0.00116286997218, 0.00113839528058], [-0.000266468647169, 0.000701244920492, 0.000172152896994, -7.75340377004e-05, -0.000567161943763, -0.00344638130628, -0.000228504897677, 0.00785202719271, 0.000305640976876, -0.00315999146551, 9.78119642241e-05, 0.000923970132135, -0.00275836838409], [0.000144215970067, 0.000238253604039, 0.00146200228482, -0.000309349998133, -0.00268953642808, -0.00107575580478, -0.00220404425636, 0.000305640976876, 0.00751478411257, -0.000320444029057, -0.00292516918853, -0.000379431439796, -0.000849257397931], [-0.000201707938686, -1.36612461574e-05, -6.25997563475e-05, -0.000214504136238, -0.000401085271733, 0.000590681098402, 7.29922830942e-05, -0.00315999146551, -0.000320444029057, 0.00871628895402, -0.00161221681628, -0.0031354802195, 0.00218606973067], [0.000334686686983, -0.000107494321128, -0.000228410033742, 0.000539243628737, 0.000760642811656, -0.00224020332098, -0.000210325073567, 9.78119642241e-05, -0.00292516918853, -0.00161221681628, 0.00943576265126, -2.81642296613e-05, -0.00235666590743], [-0.000392716145143, 0.000621715618763, -0.000314258388244, -0.000657731899992, -0.000513559556566, 0.000572117685806, -0.00116286997218, 0.000923970132135, -0.000379431439796, -0.0031354802195, -2.81642296613e-05, 0.00816512387246, -0.000815864885226], [0.000297068996588, -0.000172784522874, 0.000803732778877, -0.00104144460056, 0.000201367845875, 0.000863316876348, 0.00113839528058, -0.00275836838409, -0.000849257397931, 0.00218606973067, -0.00235666590743, -0.000815864885226, 0.0101494593546]]
    },
    "spectral_contrast_coeffs": {
        "max": [-0.273172199726, -0.374118566513, -0.417959153652, -0.516539394855, -0.499656170607, -0.372960746288],
        "mean": [-0.648755788803, -0.72856169939, -0.758835375309, -0.806356549263, -0.770154416561, -0.599399864674],
        "min": [-0.965024530888, -0.962004184723, -0.967917084694, -0.963743746281, -0.964259028435, -0.961416304111],
        "stdev": [0.135396882892, 0.105906419456, 0.0844225734472, 0.0651924014091, 0.0653484091163, 0.0785087198019]
    },
    "spectral_contrast_valleys": {
        "max": [-5.6370716095, -5.40581798553, -5.35889005661, -6.40255498886, -6.12691402435, -9.53211212158],
        "mean": [-10.4098043442, -7.60294055939, -7.37714529037, -7.6549038887, -7.99650526047, -14.0667591095],
        "min": [-27.5762786865, -27.5064964294, -27.324514389, -27.222410202, -27.1510601044, -27.2157707214],
        "stdev": [1.95037055016, 0.963782429695, 1.12261712551, 1.03574585915, 1.05848240852, 1.37217843533]
    }
},
"rhythm": {
    "beats_count": 53,
    "beats_loudness": {
        "max": 0.0490709841251,
        "mean": 0.0163417439908,
        "min": 0.000358474964742,
        "stdev": 0.0148776071146
    },
    "bpm": 105.647445679,
    "bpm_histogram_first_peak_bpm": 105,
    "bpm_histogram_first_peak_weight": 0.600000023842,
    "bpm_histogram_second_peak_bpm": 129,
    "bpm_histogram_second_peak_spread": 0.583333313465,
    "bpm_histogram_second_peak_weight": 0.0961538478732,
    "danceability": 1.10830962658,
    "onset_rate": 2.48161745071,
    "beats_loudness_band_ratio": {
        "max": [0.948324263096, 0.494809299707, 0.84867054224, 0.8630849123, 0.521686732769, 0.380155444145],
        "mean": [0.124033354223, 0.0560873858631, 0.35033416748, 0.301739484072, 0.147818550467, 0.0556859783828],
        "min": [1.23799065932e-06, 1.14416116048e-05, 0.0145284393802, 0.00194156728685, 0.00427730800584, 0.000787420780398],
        "stdev": [0.270692408085, 0.112305857241, 0.215219467878, 0.23271894455, 0.125928431749, 0.0783417224884]
    },
    "beats_position": [0.557278871536, 1.13777780533, 1.69505667686, 2.26394557953, 2.83283448219, 3.40172338486, 3.97061228752, 4.53950119019, 5.0967798233, 5.66566896439, 6.21133756638, 6.7570066452, 7.30267572403, 7.80190467834, 8.31274318695, 8.82358264923, 9.27637195587, 9.71755123138, 10.1703395844, 10.6463489532, 11.0991382599, 11.5635375977, 12.0279359818, 12.4691152573, 12.9102945328, 13.3746938705, 13.8390922546, 14.3034915924, 14.8956003189, 15.4877090454, 16.0682086945, 16.637096405, 17.2175960541, 17.7980957031, 18.2741031647, 18.7501125336, 19.2261219025, 19.7950115204, 20.363899231, 20.94439888, 21.5248966217, 22.1053962708, 22.6858959198, 23.2547836304, 23.8352832794, 24.40417099, 24.9614505768, 25.5187301636, 26.076007843, 26.6448974609, 27.1905670166, 27.747844696, 28.3051242828],
