{
"metadata": {
    "version": {
        "essentia": "2.1-beta5",
        "essentia_git_sha": "Undefined",
        "extractor": "music 2.0"
    },
    "audio_properties": {
        "analysis": {
            "equal_loudness": 0,
            "length": 32.4963264465,
            "sample_rate": 44100,
            "start_time": 12.7477550507,
            "downmix": "mix"
        },
        "bit_rate": 192000,
        "length": 198.019790649,
        "lossless": 0,
        "number_channels": 2,
        "replay_gain": 5.35140037537,
        "sample_rate": 48000,
        "codec": "mp3",
        "md5_encoded": "941f6169460ba14463796ae84316f007"
    },
    "tags": {
        "file_name": "Spain_Dancing in the rain_Ruth Lorenzo.mp3",
        "encoding": ["Lavf58.29.100"]
    }
},
"lowlevel": {
    "average_loudness": 0.460110038519,
    "barkbands_crest": {
        "max": 26.3655872345,
        "mean": 13.5081949234,
        "min": 2.5281162262,
        "stdev": 6.07451343536
    },
    "barkbands_flatness_db": {
        "max": 0.396762311459,
        "mean": 0.211807236075,
        "min": 0.0738697573543,
        "stdev": 0.0736708492041
    },
    "barkbands_kurtosis": {
        "max": 236.990890503,
        "mean": 10.6067218781,
        "min": -1.918405056,
        "stdev": 19.8006229401
    },
    "barkbands_skewness": {
        "max": 13.4142942429,
        "mean": 2.18699431419,
        "min": -3.13003826141,
        "stdev": 1.87844848633
    },
    "barkbands_spread": {
        "max": 69.4066925049,
        "mean": 13.8360948563,
        "min": 0.694269120693,
        "stdev": 10.7715930939
    },
    "dissonance": {
        "max": 0.499873787165,
        "mean": 0.442244440317,
        "min": 0.252397119999,
        "stdev": 0.0423168465495
    },
    "dynamic_complexity": 7.66089010239,
    "erbbands_crest": {
        "max": 31.0206985474,
        "mean": 12.9301376343,
        "min": 2.96326589584,
        "stdev": 5.95109701157
    },
    "erbbands_flatness_db": {
        "max": 0.377819865942,
        "mean": 0.25172150135,
        "min": 0.150953963399,
        "stdev": 0.0443486757576
    },
    "erbbands_kurtosis": {
        "max": 43.3824806213,
        "mean": 2.75571012497,
        "min": -1.79568612576,
        "stdev": 5.29857492447
    },
    "erbbands_skewness": {
        "max": 6.04264307022,
        "mean": 1.24038612843,
        "min": -5.04328536987,
        "stdev": 1.14156377316
    },
    "erbbands_spread": {
        "max": 100.147033691,
        "mean": 30.5256061554,
        "min": 3.71955919266,
        "stdev": 17.6529636383
    },
    "hfc": {
        "max": 74.6755828857,
        "mean": 8.82868862152,
        "min": 0.0885511413217,
        "stdev": 13.1098232269
    },
    "loudness_ebu128": {
        "integrated": -31.5196552277,
        "loudness_range": 13.4139347076,
        "momentary": {
            "max": -25.9384708405,
            "mean": -35.934879303,
            "min": -49.5451812744,
            "stdev": 6.48533010483
        },
        "short_term": {
            "max": -28.0042209625,
            "mean": -34.2041893005,
            "min": -48.0033874512,
            "stdev": 4.78558731079
        }
    },
    "melbands_crest": {
        "max": 32.1519775391,
        "mean": 15.6036186218,
        "min": 3.31054520607,
        "stdev": 6.46367931366
    },
    "melbands_flatness_db": {
        "max": 0.461680531502,
        "mean": 0.22913749516,
        "min": 0.0691869258881,
        "stdev": 0.0797806754708
    },
    "melbands_kurtosis": {
        "max": 263.881134033,
        "mean": 21.3239402771,
        "min": -1.91290998459,
        "stdev": 30.8694839478
    },
    "melbands_skewness": {
        "max": 11.5002813339,
        "mean": 2.93692970276,
        "min": -0.661289095879,
        "stdev": 2.15075755119
    },
    "melbands_spread": {
        "max": 201.40486145,
        "mean": 18.941532135,
        "min": 0.7145601511,
        "stdev": 24.1274852753
    },
    "pitch_salience": {
        "max": 0.875405371189,
        "mean": 0.535716891289,
        "min": 0.0955767259002,
        "stdev": 0.166576519608
    },
    "silence_rate_20dB": {
        "max": 1,
        "mean": 1,
        "min": 1,
        "stdev": 0
    },
    "silence_rate_30dB": {
        "max": 1,
        "mean": 1,
        "min": 1,
        "stdev": 0
    },
    "silence_rate_60dB": {
        "max": 1,
        "mean": 0.493219137192,
        "min": 0,
        "stdev": 0.499953776598
    },
    "spectral_centroid": {
        "max": 5238.29345703,
        "mean": 1213.53503418,
        "min": 280.015838623,
        "stdev": 772.016479492
    },
    "spectral_complexity": {
        "max": 21,
        "mean": 5.69307661057,
        "min": 0,
        "stdev": 4.22189950943
    },
    "spectral_decrease": {
        "max": -1.76083193165e-11,
        "mean": -3.06217939894e-09,
        "min": -2.10073718421e-08,
        "stdev": 4.09602574081e-09
    },
    "spectral_energy": {
        "max": 0.0815840363503,
        "mean": 0.0123581690714,
        "min": 7.44898570701e-05,
        "stdev": 0.0163831431419
    },
    "spectral_energyband_high": {
        "max": 0.0116602685302,
        "mean": 0.000431771739386,
        "min": 1.32505226702e-06,
        "stdev": 0.00110518652946
    },
    "spectral_energyband_low": {
        "max": 0.00190146570094,
        "mean": 0.000108191830805,
        "min": 5.49118169602e-07,
        "stdev": 0.000244983879384
    },
    "spectral_energyband_middle_high": {
        "max": 0.0257748514414,
        "mean": 0.001438405714,
        "min": 3.7809353671e-05,
        "stdev": 0.00332842953503
    },
    "spectral_energyband_middle_low": {
        "max": 0.0798136144876,
        "mean": 0.0105059947819,
        "min": 1.87452114915e-05,
        "stdev": 0.014487166889
    },
    "spectral_entropy": {
        "max": 8.44859600067,
        "mean": 7.21918439865,
        "min": 5.43446397781,
        "stdev": 0.591412127018
    },
    "spectral_flux": {
        "max": 0.202596992254,
        "mean": 0.0376247987151,
        "min": 0.00530712958425,
        "stdev": 0.0309816449881
    },
    "spectral_kurtosis": {
        "max": 36.2741012573,
        "mean": 3.19688296318,
        "min": -1.21526134014,
        "stdev": 3.54837012291
    },
    "spectral_rms": {
        "max": 0.00892155710608,
        "mean": 0.00270075863227,
        "min": 0.00026957935188,
        "stdev": 0.0021823507268
    },
    "spectral_rolloff": {
        "max": 8225.68359375,
        "mean": 1349.578125,
        "min": 258.3984375,
        "stdev": 1382.75048828
    },
    "spectral_skewness": {
        "max": 4.48977899551,
        "mean": 1.15290260315,
        "min": -0.738190054893,
        "stdev": 0.603586196899
    },
    "spectral_spread": {
        "max": 26746828,
        "mean": 3646124.5,
        "min": 1434798.5,
        "stdev": 998116.4375
    },
    "spectral_strongpeak": {
        "max": 6.09789848328,
        "mean": 0.984079122543,
        "min": 0.00348428334109,
        "stdev": 0.994979321957
    },
    "zerocrossingrate": {
        "max": 0.27978515625,
        "mean": 0.0528493858874,
        "min": 0.00634765625,
        "stdev": 0.0377740003169
    },
    "barkbands": {
        "max": [3.27954730892e-05, 0.000397976546083, 0.00150846061297, 0.00378969940357, 0.0693263411522, 0.0614505596459, 0.00378992920741, 0.0142805948853, 0.0407470203936, 0.027647189796, 0.0162317100912, 0.00992417428643, 0.00413960870355, 0.00357507611625, 0.00583164254203, 0.00158610858489, 0.00374164874665, 0.00394471967593, 0.00611646100879, 0.0046335272491, 0.00665552681312, 0.0057966359891, 0.00454038055614, 0.00224357261322, 1.75854383997e-05, 6.36230538476e-07, 6.71900409088e-07],
        "mean": [1.96772316485e-06, 1.31413580675e-05, 6.68940556352e-05, 5.7510464103e-05, 0.00307066831738, 0.00474414834753, 0.000158917566296, 0.000575368001591, 0.00170879601501, 0.000287272909191, 0.000424239668064, 0.000144496167195, 9.70817272901e-05, 8.31320649013e-05, 7.87731987657e-05, 4.05964601669e-05, 5.82100983593e-05, 7.83042705734e-05, 0.000158398412168, 0.000222487316933, 0.000100732104329, 8.77394122654e-05, 7.12783585186e-05, 2.78148309008e-05, 1.96061037627e-07, 2.05379646623e-09, 2.07991845969e-09],
        "min": [1.5739563819e-10, 6.95468429512e-08, 4.30399822449e-08, 1.89522513239e-08, 5.40544078831e-07, 3.11265125674e-07, 7.61862395393e-07, 1.4310833194e-06, 1.37076153806e-06, 3.72574504581e-07, 4.423811788e-07, 9.17373370157e-07, 1.45188846545e-06, 1.33028811433e-06, 1.24076836983e-06, 1.20667118608e-06, 4.49618141829e-07, 7.40991310977e-07, 9.06348532226e-07, 4.15894362504e-07, 3.19373668844e-07, 3.74152733684e-07, 1.13821778669e-08, 6.01347471818e-10, 2.56445642499e-10, 3.54794416069e-10, 4.96967578201e-10],
        "stdev": [3.04580680677e-06, 2.79290998151e-05, 0.000177480149432, 0.000213956314838, 0.00825161766261, 0.00933784805238, 0.000330935698003, 0.00160180788953, 0.00416299235076, 0.00154199602548, 0.00165137008298, 0.000700965581927, 0.000335366115905, 0.000297302438412, 0.000361542333849, 0.000126158120111, 0.000279929692624, 0.000286404363578, 0.000498531095218, 0.000592816155404, 0.000289099232759, 0.000440153147792, 0.000285680871457, 0.000114803442557, 1.01596776858e-06, 2.40012614228e-08, 2.53502907555e-08]
    },
    "erbbands": {
        "max": [0.0108560621738, 0.152404114604, 1.63961815834, 5.93198442459, 44.7105369568, 347.992919922, 369.1434021, 556.820068359, 133.381637573, 210.565383911, 390.33404541, 1113.4239502, 1107.13110352, 109.823287964, 863.220458984, 455.928436279, 232.612884521, 180.493728638, 347.111358643, 111.265617371, 56.4474220276, 267.141784668, 131.052703857, 373.866760254, 175.586410522, 243.311462402, 156.146896362, 262.854003906, 203.359725952, 177.762771606, 134.218597412, 74.6731643677, 15.8631715775, 0.90531796217, 0.0319444946945, 0.00295500434004, 0.00119675300084, 0.000422472832724, 0.000112513109343, 9.01886814972e-05],
        "mean": [0.000349233858287, 0.0041196225211, 0.0550642162561, 0.166359201074, 0.894135177135, 12.4125776291, 31.6048107147, 41.8558235168, 6.21107339859, 5.87209892273, 15.4818506241, 47.3700714111, 17.6129016876, 4.95475196838, 21.2611465454, 5.7259926796, 4.50129938126, 3.34763145447, 6.38739824295, 3.01534056664, 1.94563782215, 3.28035950661, 3.87555718422, 8.89119434357, 6.33840942383, 9.8975610733, 6.7834405899, 3.43920016289, 3.17386674881, 2.38812637329, 2.11861157417, 0.941117405891, 0.252915471792, 0.015119260177, 0.000564091838896, 6.92116518621e-05, 1.88054036698e-05, 5.5981481637e-06, 7.70536826167e-06, 1.48532717503e-05],
        "min": [1.9296287519e-06, 1.97502013179e-05, 0.000120479227917, 0.000214049447095, 0.000728211540263, 0.00166348915081, 0.00267723877914, 0.00282840523869, 0.00889259297401, 0.027690757066, 0.0398925133049, 0.0446288026869, 0.083207719028, 0.0338023714721, 0.0463507883251, 0.0678153187037, 0.092675767839, 0.0929210409522, 0.0857469961047, 0.0873553752899, 0.0458286590874, 0.0297024436295, 0.0528041422367, 0.0488451980054, 0.0440071709454, 0.0218329895288, 0.0112165650353, 0.0154060684144, 0.0110680274665, 0.00113350152969, 0.000199671689188, 3.83245860576e-05, 1.66642130353e-05, 1.21000784929e-05, 5.73236729906e-06, 2.62050957645e-06, 1.1120448562e-06, 3.45077864949e-07, 1.41492932926e-07, 1.15651744181e-07],
        "stdev": [0.000667425338179, 0.00990178436041, 0.149926975369, 0.430257111788, 2.70551657677, 35.2447280884, 62.3509597778, 91.5043258667, 10.9048347473, 19.0425453186, 35.7179145813, 113.795982361, 67.0127944946, 12.0579156876, 85.8709945679, 26.9845218658, 15.1449594498, 9.51429271698, 24.7021312714, 8.28678131104, 4.64160060883, 18.4203166962, 11.8089828491, 30.4069423676, 17.8024120331, 25.7830142975, 16.0603733063, 12.4262924194, 15.9139814377, 10.8169994354, 8.61585044861, 3.95191526413, 0.947758734226, 0.0572202093899, 0.00203537591733, 0.000222190807108, 5.98579536017e-05, 1.95405664272e-05, 1.0432221643e-05, 1.92274656001e-05]
    },
    "gfcc": {
        "mean": [-147.96472168, 121.743873596, -175.192993164, 36.2556343079, -101.231010437, -14.0359010696, -25.300825119, -21.9385089874, 2.30455613136, -22.9275150299, 3.85279774666, -17.1049041748, 0.00994682684541],
        "cov": [[5343.3828125, -781.818908691, 139.549804688, 127.806129456, -1044.59985352, -791.610900879, -515.405639648, -378.714294434, -478.157440186, -275.889007568, 461.329742432, -99.9956283569, 548.296936035], [-781.818908691, 940.354309082, 192.944335938, -156.9974823, 393.279602051, -172.843963623, 119.5260849, -75.7880859375, 35.7274436951, -120.488059998, -118.576820374, 5.36585378647, -118.196395874], [139.549804688, 192.944335938, 592.030700684, 214.788253784, -79.8202896118, -76.2601470947, -166.800079346, -135.738265991, 12.4496164322, -93.9954986572, -118.378379822, -28.4003047943, -35.802986145], [127.806129456, -156.9974823, 214.788253784, 385.049682617, -30.5112895966, 53.4077415466, -91.8829193115, -17.9145908356, 33.8943595886, -5.02727842331, -90.4080123901, -36.8404006958, -21.5449790955], [-1044.59985352, 393.279602051, -79.8202896118, -30.5112895966, 447.806488037, 103.765159607, 177.602890015, 81.8563537598, 63.9044685364, 1.4199808836, -115.338317871, 24.6891288757, -123.081665039], [-791.610900879, -172.843963623, -76.2601470947, 53.4077415466, 103.765159607, 433.410125732, 150.151702881, 127.395523071, 59.176158905, 101.280075073, -62.4520187378, -17.4590587616, -113.544174194], [-515.405639648, 119.5260849, -166.800079346, -91.8829193115, 177.602890015, 150.151702881, 287.98034668, 108.210258484, 27.5047454834, 39.4890785217, -44.5400238037, 4.93863582611, -94.9069976807], [-378.714294434, -75.7880859375, -135.738265991, -17.9145908356, 81.8563537598, 127.395523071, 108.210258484, 195.369949341, 70.0371856689, 56.2881736755, 0.529134869576, -6.15522480011, -41.777305603], [-478.157440186, 35.7274436951, 12.4496164322, 33.8943595886, 63.9044685364, 59.176158905, 27.5047454834, 70.0371856689, 157.952529907, 65.4307022095, -55.5180969238, 16.4530467987, -53.4998283386], [-275.889007568, -120.488059998, -93.9954986572, -5.02727842331, 1.4199808836, 101.280075073, 39.4890785217, 56.2881736755, 65.4307022095, 129.742294312, 27.7338066101, 11.4843683243, -17.9709835052], [461.329742432, -118.576820374, -118.378379822, -90.4080123901, -115.338317871, -62.4520187378, -44.5400238037, 0.529134869576, -55.5180969238, 27.7338066101, 177.761825562, 42.4740638733, 83.7035598755], [-99.9956283569, 5.36585378647, -28.4003047943, -36.8404006958, 24.6891288757, -17.4590587616, 4.93863582611, -6.15522480011, 16.4530467987, 11.4843683243, 42.4740638733, 99.8467330933, 25.2567558289], [548.296936035, -118.196395874, -35.802986145, -21.5449790955, -123.081665039, -113.544174194, -94.9069976807, -41.777305603, -53.4998283386, -17.9709835052, 83.7035598755, 25.2567558289, 140.99798584]],
        "icov": [[0.0010728064226, 0.00095300929388, -0.0004659043625, -0.000592221214902, 0.000454940047348, 0.00129668728914, -0.00149127293844, 0.00110345811117, -0.000170948100276, 0.00199856399558, -0.00257348874584, 0.00219901371747, -0.00149349903222], [0.00095300929388, 0.00749752670527, -0.00419923709705, 0.00278243701905, -0.00641911383718, 0.0038535958156, -0.00435705343261, 0.0048749903217, -0.00452680233866, 0.00534564582631, -0.00625006714836, 0.00606788089499, -0.000463415577542], [-0.0004659043625, -0.00419923709705, 0.00598774198443, -0.00271423300728, 0.00453233765438, -0.0020478181541, 0.00381390820257, -0.00130899855867, 0.00178645027336, -0.000936640368309, 0.00477695744485, -0.00409819511697, 0.00234068115242], [-0.000592221214902, 0.00278243701905, -0.00271423300728, 0.00599806942046, -0.00355327152647, -3.92938454752e-05, 0.000759261485655, 0.000545612885617, -0.00168196100276, -0.000270297838142, 0.00144278374501, 0.00108931364957, 0.000677784380969], [0.000454940047348, -0.00641911383718, 0.00453233765438, -0.00355327152647, 0.0114942779765, -0.00181087409146, 0.00167310971301, -0.00445023318753, 0.00485484441742, -0.00214969483204, 0.00580195197836, -0.00602197786793, 0.00104329292662], [0.00129668728914, 0.0038535958156, -0.0020478181541, -3.92938454752e-05, -0.00181087409146, 0.00715626915917, -0.00367897609249, 0.000799898989499, 0.000351149443304, 0.000342181650922, -0.00294430623762, 0.00334487133659, 0.000930334499571], [-0.00149127293844, -0.00435705343261, 0.00381390820257, 0.000759261485655, 0.00167310971301, -0.00367897609249, 0.0115659600124, -0.0058611179702, 0.00490997731686, -0.00539728021249, 0.00807903707027, -0.0068726465106, 0.00538757164031], [0.00110345811117, 0.0048749903217, -0.00130899855867, 0.000545612885617, -0.00445023318753, 0.000799898989499, -0.0058611179702, 0.0140415010974, -0.00893503334373, 0.00649383617565, -0.00908948108554, 0.00819446053356, -0.0021131944377], [-0.000170948100276, -0.00452680233866, 0.00178645027336, -0.00168196100276, 0.00485484441742, 0.000351149443304, 0.00490997731686, -0.00893503334373, 0.0186668634415, -0.0117361806333, 0.0106250271201, -0.00901300366968, 0.00313886697404], [0.00199856399558, 0.00534564582631, -0.000936640368309, -0.000270297838142, -0.00214969483204, 0.000342181650922, -0.00539728021249, 0.00649383617565, -0.0117361806333, 0.0225389637053, -0.0131508028135, 0.00807354878634, -0.00209923228249], [-0.00257348874584, -0.00625006714836, 0.00477695744485, 0.00144278374501, 0.00580195197836, -0.00294430623762, 0.00807903707027, -0.00908948108554, 0.0106250271201, -0.0131508028135, 0.0247835759073, -0.0145171144977, 0.00188321049791], [0.00219901371747, 0.00606788089499, -0.00409819511697, 0.00108931364957, -0.00602197786793, 0.00334487133659, -0.0068726465106, 0.00819446053356, -0.00901300366968, 0.00807354878634, -0.0145171144977, 0.0225262604654, -0.00690792920068], [-0.00149349903222, -0.000463415577542, 0.00234068115242, 0.000677784380969, 0.00104329292662, 0.000930334499571, 0.00538757164031, -0.0021131944377, 0.00313886697404, -0.00209923228249, 0.00188321049791, -0.00690792920068, 0.0189125835896]]
    },
    "melbands": {
        "max": [8.21517824079e-05, 0.000579083513003, 0.00135927146766, 0.0109453871846, 0.0150540880859, 0.0108222244307, 0.00190744851716, 0.00287740817294, 0.00290682120249, 0.00775261083618, 0.00542748859152, 0.000472881627502, 0.00243967957795, 0.00140723236836, 0.000421188597102, 0.000430273998063, 0.000394993694499, 0.00051927450113, 0.000255161459791, 0.000144794481457, 4.78049405501e-05, 0.000336428027367, 9.19718368095e-05, 0.00020596133254, 0.000350038520992, 0.000141724114656, 0.000150701511302, 0.000192145875189, 0.0001286277693, 0.000186517892871, 0.000123883088236, 0.000150171472342, 0.000139053227031, 8.55172620504e-05, 9.14952761377e-05, 3.80175733881e-05, 5.17165426572e-05, 1.14270233098e-05, 2.4922569537e-06, 1.43511897477e-07],
        "mean": [3.27904922415e-06, 2.14421015698e-05, 3.75157615053e-05, 0.000396451476263, 0.00110637070611, 0.000892354117241, 7.12985856808e-05, 7.48877209844e-05, 0.00014466662833, 0.000291918113362, 7.81339840614e-05, 1.52136690303e-05, 6.35268588667e-05, 3.08989256155e-05, 7.36240417609e-06, 1.00933093563e-05, 5.77998662266e-06, 1.12480529424e-05, 4.43576300313e-06, 3.70012821804e-06, 1.98426937459e-06, 3.96487166654e-06, 2.29050056078e-06, 4.60846604255e-06, 7.88879242464e-06, 4.10360507885e-06, 5.24882398167e-06, 7.1554150054e-06, 5.36265724804e-06, 2.25280950872e-06, 1.90838022718e-06, 1.83141230536e-06, 1.62789217484e-06, 1.22429412386e-06, 1.39501617014e-06, 7.52003757043e-07, 5.10409222443e-07, 2.17040536654e-07, 3.61602303656e-08, 1.01356412152e-09],
        "min": [3.28400098226e-08, 3.88361733883e-08, 8.1696995835e-08, 8.57597228787e-08, 9.70238858145e-08, 5.32440793677e-08, 1.37279755563e-07, 2.27684154197e-07, 2.570391473e-07, 2.22441514097e-07, 2.36530695474e-07, 6.61691572645e-08, 8.30105264527e-08, 1.03721141897e-07, 1.09691100647e-07, 1.66969897464e-07, 1.38860883681e-07, 1.08013814781e-07, 9.87336505887e-08, 9.80904744097e-08, 3.71951642819e-08, 2.36311326063e-08, 4.50446187017e-08, 2.67475552818e-08, 3.08296961293e-08, 2.82525665085e-08, 1.87559994203e-08, 1.2017085993e-08, 3.93850330127e-09, 7.65084440246e-09, 9.21868270609e-09, 3.7721541446e-09, 1.52162255018e-10, 3.85299597783e-10, 1.91541765088e-11, 7.79382634819e-12, 6.3836258328e-12, 4.44134356029e-12, 2.7363291754e-12, 2.00137888033e-12],
        "stdev": [5.97678263148e-06, 5.48014177184e-05, 0.000106310217234, 0.0011229183292, 0.00212662550621, 0.00188317149878, 0.000141038821312, 0.000245894421823, 0.000297985214274, 0.000754789216444, 0.000328072346747, 4.33811474068e-05, 0.000245120259933, 0.000137485330924, 2.807400233e-05, 3.77741307602e-05, 1.94197800738e-05, 4.1754447011e-05, 1.50368205141e-05, 1.15852462841e-05, 4.23243773184e-06, 2.48063315667e-05, 7.06808941686e-06, 1.61745938385e-05, 2.86544200208e-05, 1.14589838631e-05, 1.53839609993e-05, 1.90153768926e-05, 1.37074466693e-05, 7.36687161407e-06, 7.82381357567e-06, 9.5849209174e-06, 8.47374940349e-06, 5.29507497049e-06, 5.63396133657e-06, 3.14237240673e-06, 2.28721864914e-06, 8.00327882189e-07, 1.4348734112e-07, 6.78236400375e-09]
    },
    "melbands128": {
        "max": [3.05555877276e-05, 9.804131696e-05, 0.000103214166302, 0.00027537625283, 0.000908537069336, 0.000688147149049, 0.00110124051571, 0.00248533370905, 0.00288170157, 0.0114954253659, 0.0250545646995, 0.0325432680547, 0.0188314504921, 0.0279158577323, 0.0189077854156, 0.0164677686989, 0.00235451431945, 0.000926948385313, 0.00127713987604, 0.0028472293634, 0.00592635711655, 0.0039503891021, 0.00500491959974, 0.00561967073008, 0.00750068575144, 0.015400824137, 0.00553950248286, 0.0105586787686, 0.0025584907271, 0.000831356272101, 0.000548173324205, 0.00162604800425, 0.00392446387559, 0.00680639129132, 0.00188913929742, 0.00322267576121, 0.00166414584965, 0.000201781746, 0.000601053878199, 0.00119211839046, 0.000908737187274, 0.000455680594314, 0.000742115080357, 0.000471803388791, 0.000996837741695, 0.000824325717986, 0.00134360592347, 0.000129717212985, 0.000219144843868, 0.00042808521539, 0.00018888762861, 0.000205556192668, 1.69254271896e-05, 8.38834966999e-05, 0.000286266469629, 0.000757850415539, 0.000263208319666, 0.000125860591652, 0.000109730244731, 0.000292541924864, 0.000141399825225, 0.00069195299875, 0.000804570387118, 0.000347271212377, 0.000385204068152, 0.000199942791369, 0.000113810237963, 0.000392238784116, 0.000182974268682, 0.000314122502459, 0.00042075352394, 0.000365793152014, 0.000421936012572, 0.000158129900228, 0.000104668331915, 0.000194216147065, 0.000206817654544, 0.000262888643192, 0.000106057414087, 0.000202008974156, 0.000260624627117, 0.000136044021929, 0.000131470063934, 0.000183359181392, 0.000101723642729, 8.99879960343e-05, 7.98385954113e-05, 0.000100946541352, 9.32206676225e-05, 0.000102905745734, 5.52300007257e-05, 3.78685253963e-05, 5.34239334229e-05, 7.15048954589e-05, 4.54240034742e-05, 1.33492021632e-05, 8.37072184368e-06, 5.64633137401e-06, 3.26701433551e-06, 9.56831172516e-07, 2.15564355699e-07, 1.83166370959e-08, 6.14619688477e-09, 5.7626419192e-09, 5.24371035482e-09, 5.07341058054e-09, 4.8390154106e-09, 4.60307747474e-09, 4.34748592681e-09, 4.2139198797e-09, 4.02739752658e-09, 3.88446474986e-09, 3.72874886523e-09, 3.58279672596e-09, 3.46442208254e-09, 3.33981819978e-09, 3.24639803928e-09, 3.13808445895e-09, 3.05176328652e-09, 2.97103097679e-09, 2.9302380522e-09, 2.84558243635e-09, 2.77827205686e-09, 2.72174549565e-09, 2.698584467e-09, 2.66143329597e-09, 2.63804089684e-09, 2.6230966288e-09],
        "mean": [1.34367587634e-06, 2.710320814e-06, 3.24896427628e-06, 5.88880038777e-06, 1.9830018573e-05, 3.67610773537e-05, 3.06797082885e-05, 2.98781596939e-05, 5.2318602684e-05, 0.000171413499629, 0.000732955522835, 0.00122185493819, 0.000956989475526, 0.00131094979588, 0.00131572422106, 0.000419349613367, 9.92440327536e-05, 1.2094405065e-05, 1.73350781552e-05, 6.37700795778e-05, 0.000102750324004, 0.000112412082672, 0.000114074762678, 0.000186209639651, 0.000414575537434, 0.000326239271089, 7.37283771741e-05, 8.33741287352e-05, 3.21696788887e-05, 1.47941236719e-05, 6.58920635033e-06, 1.74965662154e-05, 6.35551114101e-05, 0.00012352594058, 2.59672870015e-05, 1.46117854456e-05, 9.62447938946e-06, 3.28796431859e-06, 8.77341881278e-06, 1.14587492135e-05, 1.31157394208e-05, 3.65522032553e-06, 3.86329702451e-06, 5.87402564634e-06, 1.31169854285e-05, 1.23968957269e-05, 1.07590076368e-05, 2.16969351641e-06, 2.6573291052e-06, 5.24284405401e-06, 4.12596318711e-06, 2.27179316425e-06, 7.34010484393e-07, 2.29481838687e-06, 3.75524450646e-06, 6.13366000835e-06, 1.55297038873e-06, 2.16893272409e-06, 2.09939639717e-06, 3.40327028425e-06, 3.2630930491e-06, 6.447386113e-06, 1.08069925773e-05, 7.32370517653e-06, 4.39312816525e-06, 3.81361496693e-06, 3.81620111511e-06, 4.9512300393e-06, 5.1833562793e-06, 6.78377909935e-06, 5.56945769858e-06, 9.10115340957e-06, 8.40597294882e-06, 3.69446456716e-06, 3.18614956996e-06, 2.25863163905e-06, 1.87753835235e-06, 1.79946482604e-06, 1.90270600342e-06, 2.0746251721e-06, 1.92805737242e-06, 1.6147542965e-06, 1.77398317192e-06, 1.87327054846e-06, 1.27835960484e-06, 1.04817524971e-06, 1.25318035771e-06, 1.46384434174e-06, 1.56819248787e-06, 1.25543624563e-06, 8.09236325949e-07, 6.27746373993e-07, 6.01164629188e-07, 5.55792382784e-07, 4.40222351017e-07, 3.00654647845e-07, 1.67823841934e-07, 8.53044141991e-08, 3.88804259899e-08, 8.39045632972e-09, 1.39597833293e-09, 1.13271808599e-10, 1.9010277727e-11, 1.72653627506e-11, 1.63837884232e-11, 1.59353866908e-11, 1.6482657253e-11, 1.68222311081e-11, 1.45679492775e-11, 1.35837018717e-11, 1.31587605395e-11, 1.24861770229e-11, 1.12861118021e-11, 1.08314277686e-11, 1.05209166032e-11, 1.03361642162e-11, 1.04292763661e-11, 9.85225095951e-12, 9.66912574313e-12, 9.44113624085e-12, 9.21306867602e-12, 9.0909918482e-12, 9.0316512949e-12, 8.7525776557e-12, 7.87619101883e-12, 6.41009727936e-12, 5.62201457263e-12, 5.48566183797e-12],
        "min": [1.51305162843e-10, 8.17043765977e-09, 2.92849300365e-09, 7.3984152138e-09, 9.51630951818e-09, 2.64351527335e-08, 7.37266780959e-09, 1.35617002073e-08, 9.31713284302e-09, 7.30037230667e-09, 1.95859666263e-08, 1.66389355627e-08, 8.79999895176e-09, 1.92948110822e-08, 2.25046843383e-08, 1.68396194766e-08, 4.7557499272e-08, 5.43471827541e-08, 2.50755078923e-08, 5.63452644542e-08, 1.52993408165e-07, 5.22620062782e-08, 3.96137487257e-08, 1.05968965158e-07, 1.52076196969e-07, 1.25465987821e-07, 5.37236246601e-08, 3.26484226321e-08, 3.09492378392e-08, 2.8337215241e-08, 1.82066681731e-08, 1.61610387295e-08, 6.80272282949e-09, 8.35803959376e-09, 1.06746549378e-08, 1.86223161336e-08, 1.14020561881e-08, 1.13756914999e-08, 2.15695710182e-08, 2.84443704146e-08, 2.60333603563e-08, 1.52010066756e-08, 3.36972512116e-08, 1.1223528773e-08, 2.92241182365e-08, 7.42383043928e-09, 1.71954432915e-08, 1.84297039851e-08, 1.271993888e-08, 2.92943020952e-08, 3.3011101408e-08, 1.44293226256e-08, 1.9657051098e-08, 3.8740628483e-09, 2.55616363631e-08, 5.89000936912e-09, 1.59677462364e-08, 3.28990523712e-09, 1.84407475956e-08, 1.1318380011e-08, 1.24676340363e-08, 1.28822188472e-08, 1.95212681575e-08, 8.92079921044e-09, 1.89290023656e-08, 1.02338084673e-08, 1.12241300698e-08, 1.41791591801e-08, 3.9096632598e-09, 1.21026353384e-08, 7.26059568024e-09, 1.08416324807e-08, 2.92230151189e-09, 1.28565491586e-09, 2.40081377001e-09, 7.14473424868e-10, 1.65645686057e-09, 2.92459256812e-09, 1.35271605028e-09, 9.89519799433e-10, 7.32426119754e-10, 1.03968403331e-10, 1.14942291796e-10, 5.40093872403e-11, 1.71279823657e-10, 7.28295868058e-10, 2.81222073406e-10, 3.23962176529e-11, 1.49905816926e-11, 1.00373364134e-11, 9.2614900124e-12, 5.72660061732e-12, 5.10482585023e-12, 4.07061233679e-12, 3.53451773058e-12, 2.77357607367e-12, 1.79173136831e-12, 1.70692366491e-12, 1.34215284286e-12, 1.44526209576e-12, 1.68556845998e-12, 9.36113816671e-13, 1.32604116489e-12, 1.26181346188e-12, 1.37280627404e-12, 1.22613854833e-12, 1.36070581885e-12, 1.3776792207e-12, 1.24112287288e-12, 1.17023730116e-12, 1.30862009597e-12, 1.30428090203e-12, 1.54068598157e-12, 1.07771040356e-12, 1.11157502473e-12, 1.28663063276e-12, 1.49737405634e-12, 1.26239318478e-12, 1.31961336389e-12, 1.36996403804e-12, 1.54015277094e-12, 1.07324012958e-12, 1.31395447907e-12, 1.45549555481e-12, 1.01627105169e-12, 3.69573783469e-13, 4.85234614533e-14, 1.45557296854e-15],
        "stdev": [2.28278258874e-06, 6.0678275986e-06, 6.56423617329e-06, 1.67389443959e-05, 6.51543741697e-05, 9.51556066866e-05, 8.31682336866e-05, 0.000126603757963, 0.000227662312682, 0.000655101961456, 0.0023244060576, 0.00356308114715, 0.0026424122043, 0.00315173831768, 0.00321429478936, 0.00118775118608, 0.000211859776755, 3.61773491022e-05, 7.69459802541e-05, 0.000249772885581, 0.000446413177997, 0.000364363979315, 0.000401935802074, 0.000426343030995, 0.000962927937508, 0.00137853610795, 0.000348049186869, 0.000573276251089, 0.000140278832987, 6.24068779871e-05, 3.24248285324e-05, 9.55374925979e-05, 0.000296660407912, 0.000617154932115, 0.000135092472192, 0.000155934612849, 7.73081483203e-05, 1.11007011583e-05, 4.0089351387e-05, 5.54393591301e-05, 6.93660331308e-05, 1.63913846336e-05, 2.68985295406e-05, 2.71409298875e-05, 6.1511003878e-05, 5.73366633034e-05, 7.00742530171e-05, 6.59998204355e-06, 1.09686470751e-05, 2.42348651227e-05, 1.56935966515e-05, 1.05725821413e-05, 1.43338684211e-06, 6.41963515591e-06, 1.37168017318e-05, 5.45171606063e-05, 1.07626028694e-05, 8.2286687757e-06, 7.54198208597e-06, 1.81100622285e-05, 1.23652398543e-05, 4.23851888627e-05, 5.41414447071e-05, 2.94056135317e-05, 2.00327049242e-05, 1.27757084556e-05, 1.23260715554e-05, 2.78262323263e-05, 1.75082786882e-05, 2.10589114431e-05, 2.52717472904e-05, 3.13934106089e-05, 2.89957079076e-05, 1.18556981761e-05, 9.69841039478e-06, 8.25422193884e-06, 7.94031439e-06, 8.9122204372e-06, 7.94532843429e-06, 1.05747149064e-05, 1.17897807286e-05, 8.88608155947e-06, 1.00274746728e-05, 1.06433572e-05, 6.43981638859e-06, 5.53865402253e-06, 5.02860712004e-06, 6.29884425507e-06, 6.16840588918e-06, 6.26667997494e-06, 3.5958130411e-06, 2.63025526692e-06, 2.75169031738e-06, 2.72514444077e-06, 2.08385085898e-06, 1.13738360596e-06, 5.99786858402e-07, 3.50589942855e-07, 1.65846913092e-07, 4.52883206492e-08, 1.19962910716e-08, 7.63275054272e-10, 2.30585661676e-10, 2.15841206019e-10, 1.97762431431e-10, 1.91121604654e-10, 1.82672904581e-10, 1.74554259935e-10, 1.63950741872e-10, 1.58804816519e-10, 1.51921975e-10, 1.46462966755e-10, 1.4067635945e-10, 1.35206262852e-10, 1.30683366906e-10, 1.26020555102e-10, 1.22423848836e-10, 1.18391560444e-10, 1.15149861868e-10, 1.12073857139e-10, 1.10436729206e-10, 1.07364769852e-10, 1.04767805542e-10, 1.02678157643e-10, 1.01808478314e-10, 1.00458898145e-10, 9.96218801896e-11, 9.90508230991e-11]
    },
    "mfcc": {
        "mean": [-761.882141113, 123.93069458, -24.451789856, 27.2206478119, -42.4594421387, 1.15254282951, -31.383108139, 2.83890485764, -22.3032169342, 12.6517791748, -14.8171014786, 2.38073015213, -13.9253196716],
        "cov": [[4831.74609375, -892.907043457, 342.830108643, 442.370056152, -578.061889648, -461.326263428, -324.905273438, -357.696411133, -821.70489502, -6.71441316605, -732.861755371, -60.6417198181, -245.320648193], [-892.907043457, 1145.82299805, -186.150360107, 70.5047073364, 122.185264587, -38.4556617737, 58.7680969238, 76.4050521851, 47.061050415, -79.7730178833, 77.4198226929, -183.917694092, 61.9521331787], [342.830108643, -186.150360107, 710.868713379, 117.251029968, 49.4712295532, 48.8574066162, -178.636947632, -85.3702774048, -10.5178337097, -130.061676025, -61.6690750122, 35.8206062317, -48.4823493958], [442.370056152, 70.5047073364, 117.251029968, 351.196716309, 23.3196620941, -37.8399276733, -117.492645264, -23.8803882599, -47.6557159424, -46.7211456299, -106.309799194, -21.2551555634, -48.6703948975], [-578.061889648, 122.185264587, 49.4712295532, 23.3196620941, 249.315429688, 52.3081245422, 16.3146419525, 38.4279251099, 119.611091614, -33.12733078, 64.597442627, 0.75209993124, 7.32910203934], [-461.326263428, -38.4556617737, 48.8574066162, -37.8399276733, 52.3081245422, 238.479934692, 57.5824317932, 59.5319824219, 115.898529053, -1.62741196156, 96.2894973755, 15.4585113525, -6.30273628235], [-324.905273438, 58.7680969238, -178.636947632, -117.492645264, 16.3146419525, 57.5824317932, 258.697296143, 77.7532958984, 68.9304962158, 49.8747444153, 93.8037719727, -37.6145973206, 18.2380924225], [-357.696411133, 76.4050521851, -85.3702774048, -23.8803882599, 38.4279251099, 59.5319824219, 77.7532958984, 161.398696899, 89.248916626, 28.6789627075, 73.8870849609, -4.66923332214, 15.9630260468], [-821.70489502, 47.061050415, -10.5178337097, -47.6557159424, 119.611091614, 115.898529053, 68.9304962158, 89.248916626, 282.360717773, 33.1165008545, 160.913131714, 31.0139560699, 18.208650589], [-6.71441316605, -79.7730178833, -130.061676025, -46.7211456299, -33.12733078, -1.62741196156, 49.8747444153, 28.6789627075, 33.1165008545, 138.935623169, 40.5988540649, 35.9000854492, -8.17026042938], [-732.861755371, 77.4198226929, -61.6690750122, -106.309799194, 64.597442627, 96.2894973755, 93.8037719727, 73.8870849609, 160.913131714, 40.5988540649, 219.268890381, 30.804315567, 49.5435142517], [-60.6417198181, -183.917694092, 35.8206062317, -21.2551555634, 0.75209993124, 15.4585113525, -37.6145973206, -4.66923332214, 31.0139560699, 35.9000854492, 30.804315567, 153.253555298, 33.0585975647], [-245.320648193, 61.9521331787, -48.4823493958, -48.6703948975, 7.32910203934, -6.30273628235, 18.2380924225, 15.9630260468, 18.208650589, -8.17026042938, 49.5435142517, 33.0585975647, 98.1624984741]],
        "icov": [[0.00107522192411, 0.000593643053435, -0.000407940766308, -0.000882595428266, 0.00109624955803, 0.000742953910958, -0.000414099369664, 0.000135065449285, 0.0014909573365, -0.000654948467854, 0.00114707334433, 0.000415114278439, 0.000644384359475], [0.000593643053435, 0.00183602585457, 0.000147829530761, -0.00098334334325, 8.58418788994e-05, 0.000786829506978, 5.80179876124e-05, -0.000235074316151, 0.000878214021213, 0.000193040279555, -0.000225200725254, 0.00218691048212, -0.000787814846262], [-0.000407940766308, 0.000147829530761, 0.00252701272257, 8.20865607238e-05, -0.00064937811112, -0.000769231352024, 0.00118415651377, 0.000514470448252, -0.000787480326835, 0.00237862905487, -0.000777758308686, -0.000591840595007, 0.000807326287031], [-0.000882595428266, -0.00098334334325, 8.20865607238e-05, 0.00488017918542, -0.00135112158023, -0.000565662805457, 0.00163052871358, -0.000781265960541, -0.00146968499757, 0.000683814345393, 0.00084175367374, -0.00065535644535, 0.000889157468919], [0.00109624955803, 8.58418788994e-05, -0.00064937811112, -0.00135112158023, 0.00692187761888, 0.000835401704535, -0.000776953471359, -1.36568869493e-05, -0.000844366673846, 0.00108540582005, 0.000904038897716, -0.000350905203959, 0.00128712982405], [0.000742953910958, 0.000786829506978, -0.000769231352024, -0.000565662805457, 0.000835401704535, 0.0068678422831, -0.00116810051259, -0.00114797707647, -0.000179029739229, 0.0010830819374, -0.00122308940627, -0.000140233154525, 0.00226995628327], [-0.000414099369664, 5.80179876124e-05, 0.00118415651377, 0.00163052871358, -0.000776953471359, -0.00116810051259, 0.00693023810163, -0.00149349193089, -0.000466109049739, -0.000754937995225, -0.00170517293736, 0.00238853460178, -0.000660089135636], [0.000135065449285, -0.000235074316151, 0.000514470448252, -0.000781265960541, -1.36568869493e-05, -0.00114797707647, -0.00149349193089, 0.00906746275723, -0.0014271553373, -0.000958078482654, -0.000266657676548, 0.000284713489236, -0.000693414884154], [0.0014909573365, 0.000878214021213, -0.000787480326835, -0.00146968499757, -0.000844366673846, -0.000179029739229, -0.000466109049739, -0.0014271553373, 0.01010692399, -0.00192695693113, -0.00271533569321, 6.5448017267e-05, 0.00173768529203], [-0.000654948467854, 0.000193040279555, 0.00237862905487, 0.000683814345393, 0.00108540582005, 0.0010830819374, -0.000754937995225, -0.000958078482654, -0.00192695693113, 0.0129812415689, -0.00280430866405, -0.00380545621738, 0.00417461805046], [0.00114707334433, -0.000225200725254, -0.000777758308686, 0.00084175367374, 0.000904038897716, -0.00122308940627, -0.00170517293736, -0.000266657676548, -0.00271533569321, -0.00280430866405, 0.0129899717867, -0.000621761195362, -0.00282031390816], [0.000415114278439, 0.00218691048212, -0.000591840595007, -0.00065535644535, -0.000350905203959, -0.000140233154525, 0.00238853460178, 0.000284713489236, 6.5448017267e-05, -0.00380545621738, -0.000621761195362, 0.012171854265, -0.00554713513702], [0.000644384359475, -0.000787814846262, 0.000807326287031, 0.000889157468919, 0.00128712982405, 0.00226995628327, -0.000660089135636, -0.000693414884154, 0.00173768529203, 0.00417461805046, -0.00282031390816, -0.00554713513702, 0.016736138612]]
    },
    "spectral_contrast_coeffs": {
        "max": [-0.286068528891, -0.408942580223, -0.377718448639, -0.532378792763, -0.466238766909, -0.462326169014],
        "mean": [-0.647082149982, -0.720265030861, -0.76486825943, -0.823134124279, -0.803769648075, -0.656297147274],
        "min": [-0.910531282425, -0.943409144878, -0.928560078144, -0.916493594646, -0.900244891644, -0.912184655666],
        "stdev": [0.153108626604, 0.111521050334, 0.103256687522, 0.0677507668734, 0.0813100710511, 0.0521788597107]
    },
    "spectral_contrast_valleys": {
        "max": [-6.35378694534, -5.72976541519, -6.50413703918, -7.39447498322, -6.82057952881, -9.02781200409],
        "mean": [-8.70871448517, -7.45890903473, -8.4575510025, -8.64332485199, -8.51794719696, -12.7270717621],
        "min": [-11.0175075531, -9.074259758, -9.79396247864, -9.58884906769, -9.74527072906, -15.179309845],
        "stdev": [0.671990215778, 0.535607278347, 0.39065605402, 0.299733877182, 0.545363485813, 1.06636488438]
    }
},
"rhythm": {
    "beats_count": 66,
    "beats_loudness": {
        "max": 0.0621556378901,
        "mean": 0.0140702473,
        "min": 0.000113755799248,
        "stdev": 0.0161310601979
    },
    "bpm": 130.030319214,
    "bpm_histogram_first_peak_bpm": 129,
    "bpm_histogram_first_peak_weight": 0.489795923233,
    "bpm_histogram_second_peak_bpm": 108,
    "bpm_histogram_second_peak_spread": 0.285714268684,
    "bpm_histogram_second_peak_weight": 0.0769230797887,
    "danceability": 0.934952497482,
    "onset_rate": 2.09179663658,
    "beats_loudness_band_ratio": {
        "max": [0.50488692522, 0.950676858425, 0.955765068531, 0.596386671066, 0.444169729948, 0.829140603542],
        "mean": [0.0495621040463, 0.382524907589, 0.356207758188, 0.131304785609, 0.0541504099965, 0.0767374038696],
        "min": [0.000208091514651, 0.0152010442689, 0.0087340278551, 0.00185209978372, 0.0011540009873, 0.000754069420509],
        "stdev": [0.0891236960888, 0.31513902545, 0.257036745548, 0.171628952026, 0.070877276361, 0.138077408075]
    },
