{
"metadata": {
    "version": {
        "essentia": "2.1-beta5",
        "essentia_git_sha": "Undefined",
        "extractor": "music 2.0"
    },
    "audio_properties": {
        "analysis": {
            "equal_loudness": 0,
            "length": 12.7477550507,
            "sample_rate": 44100,
            "start_time": 0,
            "downmix": "mix"
        },
        "bit_rate": 192000,
        "length": 197.00970459,
        "lossless": 0,
        "number_channels": 2,
        "replay_gain": 8.68507575989,
        "sample_rate": 48000,
        "codec": "mp3",
        "md5_encoded": "319534756c63d6adc9606628fd9df764"
    },
    "tags": {
        "file_name": "Germany_Is It Right_Elaiza.mp3",
        "encoding": ["Lavf58.29.100"]
    }
},
"lowlevel": {
    "average_loudness": 0.889162123203,
    "barkbands_crest": {
        "max": 24.4783668518,
        "mean": 11.8762540817,
        "min": 3.51216483116,
        "stdev": 4.6864156723
    },
    "barkbands_flatness_db": {
        "max": 0.452204793692,
        "mean": 0.220443785191,
        "min": 0.0661445334554,
        "stdev": 0.0589754618704
    },
    "barkbands_kurtosis": {
        "max": 97.6165161133,
        "mean": 5.02028131485,
        "min": -1.34434461594,
        "stdev": 10.150015831
    },
    "barkbands_skewness": {
        "max": 8.21986103058,
        "mean": 1.46478533745,
        "min": -1.98846399784,
        "stdev": 1.47167289257
    },
    "barkbands_spread": {
        "max": 41.8220291138,
        "mean": 13.938041687,
        "min": 0.944636285305,
        "stdev": 6.93406200409
    },
    "dissonance": {
        "max": 0.499983668327,
        "mean": 0.474334448576,
        "min": 0.333083510399,
        "stdev": 0.0229928195477
    },
    "dynamic_complexity": 3.03875136375,
    "erbbands_crest": {
        "max": 24.5434894562,
        "mean": 9.46352672577,
        "min": 3.57492280006,
        "stdev": 3.66082596779
    },
    "erbbands_flatness_db": {
        "max": 0.346942514181,
        "mean": 0.251112610102,
        "min": 0.0952340140939,
        "stdev": 0.0363474413753
    },
    "erbbands_kurtosis": {
        "max": 5.15514183044,
        "mean": 0.568270504475,
        "min": -1.4265370369,
        "stdev": 1.06947994232
    },
    "erbbands_skewness": {
        "max": 2.15056419373,
        "mean": 0.54343599081,
        "min": -0.770113587379,
        "stdev": 0.48957696557
    },
    "erbbands_spread": {
        "max": 56.4954223633,
        "mean": 22.8599357605,
        "min": 10.172794342,
        "stdev": 8.44030475616
    },
    "hfc": {
        "max": 85.4456329346,
        "mean": 14.3960914612,
        "min": 1.18233252761e-16,
        "stdev": 10.8889980316
    },
    "loudness_ebu128": {
        "integrated": -30.5371341705,
        "loudness_range": 4.48563957214,
        "momentary": {
            "max": -26.5056743622,
            "mean": -31.7646656036,
            "min": -39.6795883179,
            "stdev": 3.56822681427
        },
        "short_term": {
            "max": -28.4014377594,
            "mean": -30.2831249237,
            "min": -34.5365447998,
            "stdev": 1.62597501278
        }
    },
    "melbands_crest": {
        "max": 36.9768829346,
        "mean": 16.9522819519,
        "min": 1.89277982712,
        "stdev": 8.06688785553
    },
    "melbands_flatness_db": {
        "max": 0.567890226841,
        "mean": 0.278751224279,
        "min": 0.00572123844177,
        "stdev": 0.0877367854118
    },
    "melbands_kurtosis": {
        "max": 174.221725464,
        "mean": 10.9560594559,
        "min": -1.13738191128,
        "stdev": 19.6813659668
    },
    "melbands_skewness": {
        "max": 10.989115715,
        "mean": 2.15263915062,
        "min": -0.281362682581,
        "stdev": 1.91865062714
    },
    "melbands_spread": {
        "max": 135.04359436,
        "mean": 18.3022518158,
        "min": 0.754010736942,
        "stdev": 12.8345365524
    },
    "pitch_salience": {
        "max": 0.872678101063,
        "mean": 0.533953011036,
        "min": 0.0905058011413,
        "stdev": 0.17501206696
    },
    "silence_rate_20dB": {
        "max": 1,
        "mean": 1,
        "min": 1,
        "stdev": 0
    },
    "silence_rate_30dB": {
        "max": 1,
        "mean": 0.916363656521,
        "min": 0,
        "stdev": 0.276841580868
    },
    "silence_rate_60dB": {
        "max": 1,
        "mean": 0.0599999986589,
        "min": 0,
        "stdev": 0.237486600876
    },
    "spectral_centroid": {
        "max": 11104.4482422,
        "mean": 1184.48449707,
        "min": 268.465911865,
        "stdev": 695.333984375
    },
    "spectral_complexity": {
        "max": 49,
        "mean": 19.6054553986,
        "min": 0,
        "stdev": 8.73900508881
    },
    "spectral_decrease": {
        "max": 1.67211633147e-28,
        "mean": -1.03608988056e-08,
        "min": -8.53293329328e-08,
        "stdev": 1.16852492127e-08
    },
    "spectral_energy": {
        "max": 0.323942780495,
        "mean": 0.0404101833701,
        "min": 1.05552640559e-20,
        "stdev": 0.044583376497
    },
    "spectral_energyband_high": {
        "max": 0.00253854179755,
        "mean": 0.000180691451533,
        "min": 7.54326680102e-21,
        "stdev": 0.000263777357759
    },
    "spectral_energyband_low": {
        "max": 0.307710617781,
        "mean": 0.0251457188278,
        "min": 6.77194488643e-23,
        "stdev": 0.0410051345825
    },
    "spectral_energyband_middle_high": {
        "max": 0.0392372943461,
        "mean": 0.00462347315624,
        "min": 1.42261979103e-21,
        "stdev": 0.00414939923212
    },
    "spectral_energyband_middle_low": {
        "max": 0.0833237171173,
        "mean": 0.0113753369078,
        "min": 2.37748742395e-22,
        "stdev": 0.0133302183822
    },
    "spectral_entropy": {
        "max": 9.81054210663,
        "mean": 7.43907308578,
        "min": 6.35811662674,
        "stdev": 0.321120470762
    },
    "spectral_flux": {
        "max": 0.364297926426,
        "mean": 0.10056848824,
        "min": 7.15212680746e-11,
        "stdev": 0.0610767826438
    },
    "spectral_kurtosis": {
        "max": 33.8956069946,
        "mean": 4.8601732254,
        "min": -1.2596848011,
        "stdev": 3.69099998474
    },
    "spectral_rms": {
        "max": 0.0177775621414,
        "mean": 0.00547485938296,
        "min": 3.20902137328e-12,
        "stdev": 0.00307416846044
    },
    "spectral_rolloff": {
        "max": 19143.0175781,
        "mean": 1092.59411621,
        "min": 43.06640625,
        "stdev": 1422.23266602
    },
    "spectral_skewness": {
        "max": 3.95420646667,
        "mean": 1.3603194952,
        "min": -0.024620141834,
        "stdev": 0.395845890045
    },
    "spectral_spread": {
        "max": 42586484,
        "mean": 2664117.25,
        "min": 1644979.625,
        "stdev": 2533450.5
    },
    "spectral_strongpeak": {
        "max": 5.2362947464,
        "mean": 0.641205012798,
        "min": 0,
        "stdev": 0.584837913513
    },
    "zerocrossingrate": {
        "max": 0.5205078125,
        "mean": 0.0403844118118,
        "min": 0.0029296875,
        "stdev": 0.0361427739263
    },
    "barkbands": {
        "max": [0.0640943422914, 0.243834063411, 0.0602611899376, 0.0401759184897, 0.056139420718, 0.0225619059056, 0.0102171748877, 0.00677930098027, 0.0263835508376, 0.00689380336553, 0.00594377005473, 0.0136475283653, 0.00678814761341, 0.00415558740497, 0.00857495702803, 0.00413203192875, 0.00522095197812, 0.00157118286006, 0.00115833303425, 0.00164284463972, 0.00103755260352, 0.00105743319727, 0.000396047253162, 0.000105215862277, 3.96920549974e-05, 9.46619707065e-08, 2.68080224686e-08],
        "mean": [0.00307497382164, 0.0181374102831, 0.00330542563461, 0.00147373182699, 0.00248307269067, 0.00129359820858, 0.000665697269142, 0.000988012063317, 0.00382682587951, 0.00121053331532, 0.000437278999016, 0.000916950928513, 0.0006041052402, 0.00063597393455, 0.000320504157571, 0.000276789272903, 0.000220852365601, 0.000215449486859, 0.00011009805894, 7.31895270292e-05, 6.19457423454e-05, 5.35093095095e-05, 1.97571334866e-05, 4.40185294792e-06, 1.42223584021e-07, 2.43882825046e-09, 2.49029663557e-09],
        "min": [1.21442858523e-24, 1.26863727253e-23, 2.00876803083e-23, 2.71340320383e-23, 5.03951072863e-23, 2.99488739193e-23, 2.16330951092e-23, 3.90023654713e-23, 4.05011507041e-23, 1.96068822083e-23, 2.13459166076e-23, 1.20471278105e-22, 6.38140257145e-23, 6.70154567707e-23, 1.40083104893e-22, 8.8125961507e-23, 1.66776075333e-22, 1.8894676495e-22, 2.39093920632e-22, 2.30579094861e-22, 3.83593725205e-22, 3.56342329597e-22, 5.38649422701e-22, 7.36816987135e-22, 8.94558572998e-22, 1.78611376951e-21, 2.51291775149e-21],
        "stdev": [0.00727522466332, 0.0341125205159, 0.00756870489568, 0.00390630727634, 0.00652141263708, 0.0032476845663, 0.00141879660077, 0.00103111949284, 0.003688972909, 0.00123987963889, 0.000623706786428, 0.0017197750276, 0.000669483386446, 0.000619270722382, 0.000457046146039, 0.000343534629792, 0.000279497035081, 0.000211941893212, 0.00012029370555, 0.000118993091746, 9.6387033409e-05, 8.92977259355e-05, 4.17359660787e-05, 1.31323649839e-05, 1.89125773886e-06, 4.6777830498e-09, 2.10315453941e-09]
    },
    "erbbands": {
        "max": [15.5279941559, 42.8973999023, 54.4538230896, 121.153343201, 83.6914825439, 254.546554565, 193.767562866, 168.275238037, 94.7033996582, 176.295791626, 248.059875488, 606.919006348, 381.949707031, 238.030349731, 187.332107544, 571.220153809, 296.67791748, 246.88899231, 362.728424072, 281.880706787, 196.652130127, 150.822525024, 92.6230773926, 78.7586593628, 56.5674095154, 72.8316726685, 54.4868354797, 36.1605262756, 27.444568634, 37.5353317261, 10.6858940125, 4.65883541107, 1.03319168091, 0.87192595005, 0.0503412634134, 0.00207774643786, 0.000112433015602, 2.36189298448e-05, 0.000142321063322, 0.000349349080352],
        "mean": [0.820318043232, 2.90799307823, 3.80198955536, 5.03018856049, 4.83355045319, 9.1768989563, 12.6407804489, 9.41400527954, 8.21413230896, 13.6587181091, 33.1667175293, 86.7064285278, 63.8727645874, 22.5809421539, 18.9204292297, 38.4968833923, 31.999961853, 34.45262146, 22.1639328003, 16.2635536194, 13.4621629715, 12.9060935974, 12.503367424, 7.25343370438, 4.59249639511, 3.51015472412, 2.65716719627, 2.49962806702, 2.02172732353, 1.0678255558, 0.493849873543, 0.192199274898, 0.0266948826611, 0.00415682466701, 0.000278071063804, 4.50695915788e-05, 1.9261819034e-05, 4.77357434647e-06, 1.97963090613e-05, 4.52833883173e-05],
        "min": [4.47380361669e-22, 2.81961374479e-21, 2.63594317693e-20, 5.01065948524e-20, 7.55073986087e-20, 2.20711096927e-19, 2.46624520018e-19, 2.0926501105e-19, 2.89609012248e-19, 6.67992598799e-19, 1.14802763535e-18, 8.30465398464e-19, 7.09387818579e-19, 7.52378152772e-19, 1.49823998347e-18, 4.71146567274e-18, 3.41675926925e-18, 3.04632132117e-18, 4.64373819213e-18, 7.78231455343e-18, 6.06247329744e-18, 8.47162731892e-18, 1.10340161353e-17, 7.80363430653e-18, 1.30759420831e-17, 1.1608906661e-17, 1.96083941755e-17, 9.58895724776e-18, 1.20427686826e-17, 1.65133821084e-17, 1.51104970244e-17, 1.38077967475e-17, 1.43586891093e-17, 9.25598561835e-18, 7.17061779917e-18, 6.40084558908e-18, 3.24790440926e-18, 1.23008405551e-18, 3.20773920706e-19, 4.06325689482e-20],
        "stdev": [1.76796197891, 5.1458363533, 7.4697728157, 12.6302661896, 10.126865387, 27.1840343475, 33.6042404175, 22.8667030334, 15.7656393051, 25.3898220062, 27.6739273071, 80.3717727661, 70.4542541504, 23.9285850525, 22.8439121246, 72.5193252563, 36.7161750793, 35.9873886108, 22.7529811859, 19.3067646027, 14.6393375397, 11.9495916367, 11.9369764328, 7.55582857132, 5.22501039505, 5.5286898613, 4.5070438385, 3.54592967033, 3.19031429291, 2.19866514206, 1.09710013866, 0.520840167999, 0.0929306373, 0.0416870713234, 0.00247501628473, 0.000106145344034, 1.5961657482e-05, 3.43201281794e-06, 2.00654594664e-05, 4.84619595227e-05]
    },
    "gfcc": {
        "mean": [-76.5460128784, 170.388534546, -185.010757446, 38.8378067017, -41.7259712219, 1.66011989117, 18.4138908386, -11.0906734467, 20.759803772, -14.5609464645, -8.43747901917, -11.5328159332, -10.8542928696],
        "cov": [[9973.29296875, 1379.02087402, -433.521118164, 713.379211426, -509.820404053, 321.853424072, -230.763092041, -387.434051514, -18.7302951813, -499.061920166, 229.926193237, -182.364730835, 80.0112838745], [1379.02087402, 929.268798828, 501.010009766, 168.032180786, 283.466491699, -290.021148682, 6.27756309509, -169.941696167, -91.948059082, 46.2795982361, -28.2656784058, 80.4122238159, 58.6127815247], [-433.521118164, 501.010009766, 1186.70349121, 272.131317139, 363.110839844, -108.020385742, -73.8274993896, -33.6936149597, -148.709884644, 59.6110115051, 71.2389984131, 47.0334587097, 148.23274231], [713.379211426, 168.032180786, 272.131317139, 238.753128052, 57.5179519653, 87.3187637329, -32.6418418884, -28.3341197968, -16.4655723572, -45.6962356567, 60.478603363, -9.51016807556, 49.4105758667], [-509.820404053, 283.466491699, 363.110839844, 57.5179519653, 405.883239746, -62.526184082, 186.199615479, 88.8136367798, 17.2551574707, 140.98260498, -38.9444694519, 58.2500190735, 19.3815937042], [321.853424072, -290.021148682, -108.020385742, 87.3187637329, -62.526184082, 371.415130615, 63.3057250977, 118.889907837, 83.7414474487, -80.4203491211, 79.2950897217, -80.848274231, -11.2164258957], [-230.763092041, 6.27756309509, -73.8274993896, -32.6418418884, 186.199615479, 63.3057250977, 262.186859131, 148.149642944, 109.382125854, 86.9522171021, -36.2136459351, 11.2751302719, -48.3116416931], [-387.434051514, -169.941696167, -33.6936149597, -28.3341197968, 88.8136367798, 118.889907837, 148.149642944, 203.469665527, 91.94165802, 65.9518814087, 9.11164569855, -26.1232719421, -9.40981864929], [-18.7302951813, -91.948059082, -148.709884644, -16.4655723572, 17.2551574707, 83.7414474487, 109.382125854, 91.94165802, 119.051681519, 29.2976036072, 9.68885326385, -0.543934762478, -25.677936554], [-499.061920166, 46.2795982361, 59.6110115051, -45.6962356567, 140.98260498, -80.4203491211, 86.9522171021, 65.9518814087, 29.2976036072, 141.299697876, -15.117767334, 53.1612854004, 15.745839119], [229.926193237, -28.2656784058, 71.2389984131, 60.478603363, -38.9444694519, 79.2950897217, -36.2136459351, 9.11164569855, 9.68885326385, -15.117767334, 91.1471633911, 7.60357618332, 42.3367195129], [-182.364730835, 80.4122238159, 47.0334587097, -9.51016807556, 58.2500190735, -80.848274231, 11.2751302719, -26.1232719421, -0.543934762478, 53.1612854004, 7.60357618332, 84.0906219482, 29.4177494049], [80.0112838745, 58.6127815247, 148.23274231, 49.4105758667, 19.3815937042, -11.2164258957, -48.3116416931, -9.40981864929, -25.677936554, 15.745839119, 42.3367195129, 29.4177494049, 83.2291870117]],
        "icov": [[0.000673617061693, -0.00222003017552, 0.00109908473678, -0.00142427894752, 0.00148116797209, -0.000909908034373, -0.000181945535587, -0.000862226996105, 0.00067483773455, 0.000268100644462, -0.000651558046229, 0.00078692502575, -0.000655963143799], [-0.00222003017552, 0.0110487174243, -0.00366759952158, 0.00274129048921, -0.00724250823259, 0.00679883453995, -0.00219869986176, 0.00682948855683, -0.00310760829598, 0.000665658211801, -0.000183561904123, 0.000455723726191, 0.000204245414352], [0.00109908473678, -0.00366759952158, 0.00476140948012, -0.00393069302663, -0.00105557858478, -0.000232196660363, 0.00132029619999, -0.00268124090508, 0.00349719822407, 0.0012842763681, -0.0039141420275, 0.00255140848458, -0.0020173904486], [-0.00142427894752, 0.00274129048921, -0.00393069302663, 0.0137699143961, -0.00442338781431, -0.0021983855404, 0.001788746682, 0.00402951706201, -0.00422732857987, 0.00158710905816, -0.000159252507729, -0.000738823961001, -0.000770070473664], [0.00148116797209, -0.00724250823259, -0.00105557858478, -0.00442338781431, 0.0173503179103, -0.00540744373575, -0.00664468668401, -0.0043051019311, 0.00433755572885, -0.00636325031519, 0.00669165188447, -0.00383790093474, -0.000435593363363], [-0.000909908034373, 0.00679883453995, -0.000232196660363, -0.0021983855404, -0.00540744373575, 0.0140974130481, -0.00442684069276, 0.00109254952986, -0.00263057346456, 0.00685444008559, -0.00888205505908, 0.00658095674589, -0.00139793858398], [-0.000181945535587, -0.00219869986176, 0.00132029619999, 0.001788746682, -0.00664468668401, -0.00442684069276, 0.020276626572, -0.00862480141222, -0.00612613419071, -0.000877270998899, 0.0046925903298, -0.00669657671824, 0.00831129495054], [-0.000862226996105, 0.00682948855683, -0.00268124090508, 0.00402951706201, -0.0043051019311, 0.00109254952986, -0.00862480141222, 0.0236567743123, -0.00778725044802, -0.00639696791768, -0.00290807965212, 0.0128049096093, -0.00701853074133], [0.00067483773455, -0.00310760829598, 0.00349719822407, -0.00422732857987, 0.00433755572885, -0.00263057346456, -0.00612613419071, -0.00778725044802, 0.0244474429637, -0.00211470853537, -0.00446487730369, -0.00457936525345, 0.00385216344148], [0.000268100644462, 0.000665658211801, 0.0012842763681, 0.00158710905816, -0.00636325031519, 0.00685444008559, -0.000877270998899, -0.00639696791768, -0.00211470853537, 0.0237056389451, -0.00452955020592, -0.00466874986887, -0.00396591052413], [-0.000651558046229, -0.000183561904123, -0.0039141420275, -0.000159252507729, 0.00669165188447, -0.00888205505908, 0.0046925903298, -0.00290807965212, -0.00446487730369, -0.00452955020592, 0.0314056016505, -0.0121164023876, -0.00475210417062], [0.00078692502575, 0.000455723726191, 0.00255140848458, -0.000738823961001, -0.00383790093474, 0.00658095674589, -0.00669657671824, 0.0128049096093, -0.00457936525345, -0.00466874986887, -0.0121164023876, 0.0337809622288, -0.0121480030939], [-0.000655963143799, 0.000204245414352, -0.0020173904486, -0.000770070473664, -0.000435593363363, -0.00139793858398, 0.00831129495054, -0.00701853074133, 0.00385216344148, -0.00396591052413, -0.00475210417062, -0.0121480030939, 0.0291457306594]]
    },
    "melbands": {
        "max": [0.0980432927608, 0.0268216282129, 0.0159728564322, 0.0132670756429, 0.00852054171264, 0.00371946999803, 0.001686138683, 0.00178848358337, 0.00285058538429, 0.00437940657139, 0.00190717796795, 0.000940534693655, 0.000611425552052, 0.000960596371442, 0.00162655103486, 0.000881538668182, 0.000409205036703, 0.000519141322002, 0.000458732974948, 0.000424357975135, 0.000312754767947, 0.000225841766223, 0.000107533276605, 0.000117750751087, 6.86279599904e-05, 3.57813951268e-05, 4.48800637969e-05, 5.2806626627e-05, 3.54533767677e-05, 3.01610525639e-05, 2.12742233998e-05, 1.2263411918e-05, 2.78022307612e-05, 1.66681111295e-05, 6.93108495398e-06, 4.50284460385e-06, 2.20696142605e-06, 1.04101991383e-06, 3.41034933626e-07, 8.1939242591e-07],
        "mean": [0.00617444561794, 0.00249095843174, 0.000845980248414, 0.000472129962873, 0.000471313367598, 0.0002177516144, 0.000132532775751, 0.000155018497026, 0.000327254761942, 0.000563738285564, 0.000307698181132, 8.91260715434e-05, 5.77707396587e-05, 8.33392477944e-05, 9.49211680563e-05, 6.72301393934e-05, 6.31246730336e-05, 3.74102601199e-05, 2.27101663768e-05, 2.15397594729e-05, 1.42657672768e-05, 1.28299407152e-05, 1.3881297491e-05, 8.98793223314e-06, 5.54494863536e-06, 3.85751582144e-06, 2.51905657933e-06, 2.33901982938e-06, 1.75283832959e-06, 1.41636223816e-06, 1.45805267948e-06, 1.15706245651e-06, 9.58526015893e-07, 4.75769098784e-07, 3.07104926378e-07, 1.84197688213e-07, 8.83111752614e-08, 1.82882509137e-08, 3.41865069586e-09, 2.7545350445e-09],
        "min": [3.5403529168e-24, 1.14249849268e-23, 9.62037015389e-24, 9.44979633808e-24, 1.08086707785e-23, 5.15844941723e-24, 4.31453588159e-24, 7.30426349211e-24, 8.50396946766e-24, 5.72031756913e-24, 3.69842328727e-24, 2.95866542352e-24, 3.88884089915e-24, 1.12173685694e-23, 7.44935552296e-24, 6.13543668784e-24, 5.7101120756e-24, 6.45996341462e-24, 1.12117234808e-23, 6.90071932946e-24, 7.23034564757e-24, 8.79498972193e-24, 9.15944740444e-24, 9.69850209339e-24, 5.19346182522e-24, 9.11940955806e-24, 7.00046684662e-24, 7.53291403663e-24, 1.14072063685e-23, 9.15969195132e-24, 4.39627370428e-24, 5.46169938211e-24, 7.24694012557e-24, 1.01277623327e-23, 8.07357957954e-24, 9.00533396028e-24, 8.27706861663e-24, 9.63003843315e-24, 1.13012118619e-23, 6.88149163376e-24],
        "stdev": [0.0121776973829, 0.00391186913475, 0.00190051039681, 0.00121365569066, 0.00126475363504, 0.000525794283021, 0.00026407794212, 0.000267103605438, 0.000281851011096, 0.000549988879357, 0.00035123253474, 9.56513249548e-05, 7.42465199437e-05, 0.000114114867756, 0.000193696207134, 8.17186737549e-05, 6.59649376757e-05, 3.61448837793e-05, 2.72509714705e-05, 3.18989987136e-05, 1.79984344868e-05, 1.37747792905e-05, 1.44621535583e-05, 9.53876678977e-06, 6.29202622804e-06, 4.07812876801e-06, 3.58818101631e-06, 4.09799713452e-06, 3.00649981e-06, 2.39096289079e-06, 2.12193162952e-06, 1.74529486685e-06, 2.11217979995e-06, 1.02044123196e-06, 6.83064570239e-07, 4.9069274155e-07, 2.5374512802e-07, 8.22706383019e-08, 2.23532623522e-08, 3.93523365005e-08]
    },
    "melbands128": {
        "max": [0.0624169670045, 0.16468514502, 0.106059513986, 0.0587747246027, 0.027561750263, 0.0322505198419, 0.0316325873137, 0.015408584848, 0.00673615885898, 0.0172422192991, 0.0162397939712, 0.0162267889827, 0.0080895004794, 0.00772584090009, 0.00546785537153, 0.00294562242925, 0.00301506347023, 0.00237969122827, 0.00416940683499, 0.00179143995047, 0.00189814739861, 0.00115618808195, 0.00341909052804, 0.00589343253523, 0.00390945794061, 0.00761275924742, 0.0050459317863, 0.00251206080429, 0.00155155640095, 0.000961483339779, 0.00157066702377, 0.000660889723804, 0.000620164442807, 0.00114793225657, 0.000541497312952, 0.00218038843013, 0.00296546285972, 0.00259674689732, 0.000425885315053, 0.000946927873883, 0.00135437957942, 0.00115368119441, 0.00075708841905, 0.000398374686483, 0.000368782144506, 0.000841801578645, 0.000889943214133, 0.000274744787021, 0.000690468645189, 0.000369023153326, 0.00092537200544, 0.000144796125824, 0.000120711731142, 0.000627792207524, 0.000668222783133, 0.000150862484588, 0.000118969845062, 0.000158957394888, 0.000162213647855, 0.000116386298032, 0.000275293801678, 9.61865589488e-05, 8.72441087267e-05, 0.000115057613584, 6.47825945634e-05, 4.24326390203e-05, 5.86916758039e-05, 5.74435907765e-05, 3.86353749491e-05, 4.95425883855e-05, 4.39075447503e-05, 7.23294724594e-05, 5.6154505728e-05, 2.86206104647e-05, 6.02753279964e-05, 5.19136738149e-05, 2.18480399781e-05, 3.08346970996e-05, 1.83493975783e-05, 3.07581576635e-05, 1.54943791131e-05, 1.87994828593e-05, 2.98035847663e-05, 3.2926309359e-05, 3.03518900182e-05, 2.28813842114e-05, 1.04443497548e-05, 9.50332014327e-06, 6.94715163263e-06, 5.16840009368e-06, 6.10081951891e-06, 8.55726557347e-06, 4.02436626246e-06, 2.97230508295e-06, 1.86364957244e-06, 1.71381520886e-06, 1.17828165003e-06, 3.48544006101e-07, 7.07244510068e-07, 7.11852337076e-08, 2.28383441936e-06, 5.63431456158e-07, 1.84976123307e-08, 1.77725134609e-09, 1.98633132165e-09, 3.02917912975e-09, 5.4615094669e-09, 3.44795836327e-09, 1.75139514003e-10, 1.57967486314e-10, 1.64904992439e-10, 1.55062768181e-10, 1.53905846401e-10, 1.5821938204e-10, 1.3420160816e-10, 1.11698122973e-10, 1.13992405792e-10, 1.25825225239e-10, 1.2203042743e-10, 1.1917418441e-10, 1.28359919915e-10, 1.12421419396e-10, 1.12917293571e-10, 1.11442070849e-10, 1.06892501794e-10, 1.03741452928e-10, 1.0314026716e-10, 1.02756164688e-10],
        "mean": [0.00277269515209, 0.00759653188288, 0.00744252139702, 0.00388566358015, 0.00202959612943, 0.00160033965949, 0.00108695961535, 0.000625109940302, 0.000450502353488, 0.000397511816118, 0.000526027113665, 0.000614481919911, 0.000428946688771, 0.000355134485289, 0.000218655404751, 0.000147998696775, 0.000123412886751, 0.000109022497782, 0.000185887576663, 0.000129856984131, 0.0001582782279, 0.000167067802977, 0.00032221127185, 0.000502148177475, 0.00061597925378, 0.000600427796599, 0.000452507316368, 0.000300984276691, 0.000164282188052, 8.53681121953e-05, 7.5819392805e-05, 6.20933715254e-05, 5.03696282976e-05, 6.31039147265e-05, 5.67289607716e-05, 7.83595824032e-05, 0.000141603173688, 0.000113326896098, 4.95088279422e-05, 7.17469811207e-05, 6.66030464345e-05, 6.79871955072e-05, 7.20816751709e-05, 5.67876049899e-05, 4.48911778221e-05, 3.45718799508e-05, 2.8096319511e-05, 2.28725348279e-05, 2.02387054742e-05, 2.01682341867e-05, 2.64771297225e-05, 1.67327034433e-05, 1.41437321872e-05, 1.3974680769e-05, 1.20092254292e-05, 1.33239982461e-05, 1.23203708426e-05, 1.49414536281e-05, 1.45544145198e-05, 1.11664385258e-05, 9.37434015214e-06, 6.72454643791e-06, 6.11438053966e-06, 4.98179952046e-06, 5.18810929862e-06, 3.66400922758e-06, 3.35995582645e-06, 2.76730270343e-06, 2.33440277952e-06, 2.14551528188e-06, 2.1555931653e-06, 2.91211267722e-06, 1.77632091436e-06, 1.63662173236e-06, 1.47022581132e-06, 1.32789591589e-06, 1.35169977966e-06, 1.72255909092e-06, 1.26950965296e-06, 1.59393175636e-06, 1.05626838831e-06, 9.57829456638e-07, 1.3673209196e-06, 1.04688569991e-06, 5.44312456441e-07, 4.94041103138e-07, 4.80746678022e-07, 3.81410302452e-07, 3.23466167629e-07, 2.26235584933e-07, 1.90542536416e-07, 2.05697318734e-07, 1.14605860801e-07, 1.07987162323e-07, 4.66549217037e-08, 2.35168418072e-08, 1.58170276876e-08, 5.17838438796e-09, 2.71048805622e-09, 8.31288426983e-10, 6.89351686844e-09, 2.3100179547e-09, 9.6440772035e-11, 2.35006510779e-11, 2.23382441017e-11, 2.69296477479e-11, 4.02384549292e-11, 2.49112779016e-11, 1.41298708844e-11, 1.4009535719e-11, 1.40027850426e-11, 1.36633334855e-11, 1.29475102514e-11, 1.23448907347e-11, 1.21857437335e-11, 1.22630959207e-11, 1.22164309918e-11, 1.19813135108e-11, 1.19113573172e-11, 1.16437285161e-11, 1.11877044087e-11, 1.12914504136e-11, 1.11984171935e-11, 1.07436256072e-11, 9.1128380883e-12, 6.0677673823e-12, 4.42319791905e-12, 4.17999966237e-12],
        "min": [1.05604622027e-24, 4.09725992246e-24, 3.54031229046e-24, 4.4188225044e-24, 8.06745801892e-24, 5.92584660051e-24, 9.37576410871e-24, 1.17437675629e-23, 5.65938555838e-24, 5.86069457835e-24, 1.42506886336e-23, 1.51689874138e-23, 5.05847115826e-24, 3.06439921166e-24, 2.72289146503e-24, 4.68798894501e-24, 4.23658971883e-24, 4.87159474297e-24, 2.97836130817e-24, 6.7765723445e-24, 9.77971137928e-24, 5.73854420034e-24, 8.41194332104e-24, 3.61366649389e-24, 1.85436941345e-24, 4.12055459056e-24, 4.15827121373e-24, 1.03983266348e-24, 3.0570985012e-24, 3.24651070986e-24, 2.93898433001e-24, 2.03446793583e-24, 4.26424521002e-24, 4.73708409787e-24, 4.4355905318e-24, 7.95693466179e-24, 1.19926981435e-23, 2.39899523532e-24, 8.52047164893e-24, 1.047664159e-23, 3.8961453567e-24, 2.64635894102e-24, 3.91658040402e-24, 5.92548806323e-24, 5.99007881086e-24, 6.42071797902e-24, 7.66328592299e-24, 7.69363182429e-24, 1.31479431296e-23, 6.02335099169e-24, 6.13998841526e-24, 4.51614742972e-24, 8.45599568057e-24, 4.41507620396e-24, 1.43473051618e-23, 6.94614115152e-24, 6.37830211144e-24, 1.15061587139e-23, 2.36110269617e-24, 5.11686895335e-24, 1.10795380032e-23, 3.35639923117e-24, 5.24281217459e-24, 5.36810024685e-24, 5.17558387052e-24, 7.95383049413e-24, 6.92241458208e-24, 6.19273126095e-24, 6.23919871815e-24, 7.79184500699e-24, 7.53755174989e-24, 7.07752672415e-24, 6.84189476062e-24, 1.03171291818e-23, 1.86614608124e-23, 6.4526009758e-24, 6.70159742635e-24, 5.33803439117e-24, 4.20767560007e-24, 2.92503095832e-24, 3.44768897614e-24, 8.16083311769e-24, 7.24633349154e-24, 3.63620306666e-24, 8.20480895771e-24, 1.00099696223e-23, 1.33957227622e-23, 4.93900054074e-24, 8.20570825914e-24, 8.4210262655e-24, 8.67730824095e-24, 9.91659925672e-24, 6.21033863636e-24, 8.32328245504e-24, 7.87336194863e-24, 8.5375954526e-24, 7.72174288265e-24, 1.16380428466e-23, 7.90879836936e-24, 6.38458459969e-24, 6.13233252018e-24, 5.87469212625e-24, 9.0205881636e-24, 8.14837463741e-24, 9.05425516931e-24, 6.84212274142e-24, 4.19480257339e-24, 7.61639050876e-24, 8.34664299303e-24, 9.89094392236e-24, 9.58311777537e-24, 9.12232518796e-24, 9.28154808421e-24, 9.06255240831e-24, 8.201245673e-24, 1.08695353416e-23, 6.39864012886e-24, 1.08392446606e-23, 9.32691626373e-24, 5.77623242452e-24, 1.21038107798e-23, 9.4500763837e-24, 7.76414494517e-24, 1.11418138385e-23, 7.26209098812e-24, 1.09834839328e-23, 8.49935226478e-24, 1.00340551235e-23],
        "stdev": [0.00664911651984, 0.017625907436, 0.0144755607471, 0.00683273561299, 0.00393698690459, 0.00380866555497, 0.00302229239605, 0.00154053501319, 0.00097892631311, 0.00120742677245, 0.00171625753865, 0.00198260066099, 0.00127334205899, 0.00099841656629, 0.000635013100691, 0.00037266331492, 0.000339155056281, 0.000244865717832, 0.000525581592228, 0.000276962615317, 0.000275848607998, 0.000186013945495, 0.000380080833565, 0.000568202347495, 0.000642847269773, 0.0008505564183, 0.00070264399983, 0.000370645924704, 0.00019084494852, 0.000116548952064, 0.000127630832139, 9.13592011784e-05, 7.98277906142e-05, 0.000121115059301, 6.56740885461e-05, 0.000148287159391, 0.000356043834472, 0.000307843700284, 5.61925480724e-05, 0.000102786980278, 0.000103077632957, 0.000107082567411, 0.000100750905403, 6.0753121943e-05, 4.49046856374e-05, 5.05205825903e-05, 4.8360103392e-05, 2.63891251961e-05, 3.58588658855e-05, 2.73477598967e-05, 6.0483434936e-05, 1.8358374291e-05, 1.656589302e-05, 2.99436596833e-05, 3.01388481603e-05, 1.44622117659e-05, 1.41715745485e-05, 2.01267721422e-05, 1.84258569789e-05, 1.37286669997e-05, 1.561181125e-05, 8.77495585883e-06, 8.86245197762e-06, 8.04965930001e-06, 6.62675711283e-06, 4.20698461312e-06, 4.77267349197e-06, 4.32143951912e-06, 3.39777602676e-06, 4.06532262787e-06, 3.61010324923e-06, 6.70262261337e-06, 3.60525677934e-06, 3.09938172904e-06, 3.38666586686e-06, 2.91246419692e-06, 2.32737079386e-06, 2.931441486e-06, 2.01168245439e-06, 3.48038634002e-06, 1.69513066339e-06, 1.87609145996e-06, 3.34093851961e-06, 2.68850908469e-06, 1.49091647472e-06, 1.24064274587e-06, 9.71527697402e-07, 8.19456147383e-07, 7.66579148603e-07, 6.16351201188e-07, 5.11900054789e-07, 6.70365807309e-07, 3.75575808675e-07, 3.14301189519e-07, 1.59965608759e-07, 1.15179894067e-07, 9.05695003439e-08, 2.784399733e-08, 3.13863743884e-08, 5.06642860998e-09, 1.05805753492e-07, 3.10034167228e-08, 1.02747166331e-09, 9.18455797527e-11, 9.46751635422e-11, 1.46645071086e-10, 3.11947079279e-10, 1.61016075473e-10, 1.39010469802e-11, 1.30273231438e-11, 1.27179117931e-11, 1.22771150884e-11, 1.20386747446e-11, 1.17100851585e-11, 1.09382407645e-11, 1.02302818994e-11, 1.0072673598e-11, 9.97350032422e-12, 9.64160695727e-12, 9.42877720345e-12, 9.52480715827e-12, 9.04255923612e-12, 8.8911464996e-12, 8.73373855875e-12, 8.54744660467e-12, 8.38386911978e-12, 8.32099320003e-12, 8.28413813242e-12]
    },
    "mfcc": {
        "mean": [-693.202270508, 184.538192749, -69.0327987671, 45.1774520874, -33.7000541687, 32.8562660217, -12.2534570694, 27.8364315033, 9.4769411087, 18.7857398987, 13.993347168, 3.14032578468, -4.82107305527],
        "cov": [[5104.00341797, 210.025100708, 270.882324219, 103.700782776, -144.410385132, 435.684753418, -283.13684082, 380.756530762, -574.457458496, 128.992752075, -523.289916992, 179.066101074, -283.860412598], [210.025100708, 1167.8482666, 203.172149658, 569.859619141, 166.501953125, 16.9859676361, 120.170181274, -217.150054932, 120.658882141, -239.651016235, 110.364990234, -122.418106079, 117.500404358], [270.882324219, 203.172149658, 724.68572998, 215.440261841, 289.537841797, 36.1823501587, 76.7947387695, -53.1119270325, -138.045593262, -39.8546791077, -182.162902832, 59.1688919067, -79.7096633911], [103.700782776, 569.859619141, 215.440261841, 425.552429199, 146.344421387, 41.5867424011, 71.455657959, -113.889259338, 50.1155776978, -131.960678101, 30.8567276001, -55.8993453979, 65.2027206421], [-144.410385132, 166.501953125, 289.537841797, 146.344421387, 244.598190308, 21.1181659698, 123.632896423, -40.0019454956, 37.8795394897, -17.2388553619, -17.9536590576, 33.0328826904, -9.55089664459], [435.684753418, 16.9859676361, 36.1823501587, 41.5867424011, 21.1181659698, 163.619735718, 12.2506523132, 109.959098816, -33.1129798889, 46.4158439636, -30.5992183685, 33.8315353394, -4.25841617584], [-283.13684082, 120.170181274, 76.7947387695, 71.455657959, 123.632896423, 12.2506523132, 199.963943481, 12.8379354477, 145.62461853, 21.3030605316, 108.211402893, 23.7479057312, 27.6507129669], [380.756530762, -217.150054932, -53.1119270325, -113.889259338, -40.0019454956, 109.959098816, 12.8379354477, 228.12953186, -10.7164554596, 150.932830811, -5.65980148315, 74.0014877319, -31.4017772675], [-574.457458496, 120.658882141, -138.045593262, 50.1155776978, 37.8795394897, -33.1129798889, 145.62461853, -10.7164554596, 249.71673584, 14.1238136292, 201.876373291, -24.943447113, 82.2276229858], [128.992752075, -239.651016235, -39.8546791077, -131.960678101, -17.2388553619, 46.4158439636, 21.3030605316, 150.932830811, 14.1238136292, 181.678329468, 0.203614041209, 83.6157608032, -38.9746894836], [-523.289916992, 110.364990234, -182.162902832, 30.8567276001, -17.9536590576, -30.5992183685, 108.211402893, -5.65980148315, 201.876373291, 0.203614041209, 250.930419922, -43.0086479187, 93.888381958], [179.066101074, -122.418106079, 59.1688919067, -55.8993453979, 33.0328826904, 33.8315353394, 23.7479057312, 74.0014877319, -24.943447113, 83.6157608032, -43.0086479187, 110.507255554, -30.3192176819], [-283.860412598, 117.500404358, -79.7096633911, 65.2027206421, -9.55089664459, -4.25841617584, 27.6507129669, -31.4017772675, 82.2276229858, -38.9746894836, 93.888381958, -30.3192176819, 117.054527283]],
        "icov": [[0.000497262284625, -0.000445281388238, 8.23229856906e-05, -0.000145330210216, 0.000558667408768, -0.000583843386266, 2.68285075435e-05, -0.000678126350977, 0.000594483222812, 0.000103801117803, 0.000384784070775, -0.000532667385414, 0.000796302978415], [-0.000445281388238, 0.00329058943316, -2.39000002011e-07, -0.0032969454769, 4.09957356169e-05, 0.000224635296036, -0.000808704528026, 0.00124364614021, -0.000584183784667, 0.00087989954045, -0.000787944823969, 0.000720843148883, -0.000488373741973], [8.23229856906e-05, -2.39000002011e-07, 0.00486125377938, -0.00173506035935, -0.00440962892026, 0.00155543372966, -0.00229403399862, -0.000600857660174, 0.00452006375417, -0.000615653698333, 0.000995678594336, 0.000107310792373, 0.000403139099944], [-0.000145330210216, -0.0032969454769, -0.00173506035935, 0.00956132356077, -0.00174393202178, -0.00292758597061, 0.00180959852878, 0.0010625658324, -0.00217069522478, 0.00123405351769, 3.61745296686e-05, 0.000751332670916, -0.00184023892507], [0.000558667408768, 4.09957356169e-05, -0.00440962892026, -0.00174393202178, 0.0151835810393, -0.00303120282479, -0.00508538959548, 0.00271628517658, -0.00370900775306, -2.67738710136e-06, 0.00292660016567, -0.002907758113, 0.00184485781938], [-0.000583843386266, 0.000224635296036, 0.00155543372966, -0.00292758597061, -0.00303120282479, 0.0145869245753, -0.00173123623244, -0.00842379592359, 0.00340338703245, 0.000673594418913, 0.000912285642698, 0.00108792982064, -0.00313535914756], [2.68285075435e-05, -0.000808704528026, -0.00229403399862, 0.00180959852878, -0.00508538959548, -0.00173123623244, 0.0179871190339, -0.00192643119954, -0.00940127298236, 0.00230947788805, -0.00393293891102, -0.00402172747999, 0.00254903407767], [-0.000678126350977, 0.00124364614021, -0.000600857660174, 0.0010625658324, 0.00271628517658, -0.00842379592359, -0.00192643119954, 0.0179822724313, -0.000224208692089, -0.00948246754706, -0.00187948625535, -0.000199128044187, -0.000243481321377], [0.000594483222812, -0.000584183784667, 0.00452006375417, -0.00217069522478, -0.00370900775306, 0.00340338703245, -0.00940127298236, -0.000224208692089, 0.0224948842078, -0.00514195533469, -0.00745461974293, 0.00246207579039, -0.00260012550279], [0.000103801117803, 0.00087989954045, -0.000615653698333, 0.00123405351769, -2.67738710136e-06, 0.000673594418913, 0.00230947788805, -0.00948246754706, -0.00514195533469, 0.0195231568068, -0.000479917740449, -0.00769563345239, 0.00370092480443], [0.000384784070775, -0.000787944823969, 0.000995678594336, 3.61745296686e-05, 0.00292660016567, 0.000912285642698, -0.00393293891102, -0.00187948625535, -0.00745461974293, -0.000479917740449, 0.0156798325479, 0.00270038237795, -0.00372158549726], [-0.000532667385414, 0.000720843148883, 0.000107310792373, 0.000751332670916, -0.002907758113, 0.00108792982064, -0.00402172747999, -0.000199128044187, 0.00246207579039, -0.00769563345239, 0.00270038237795, 0.0191284380853, -0.00316507881507], [0.000796302978415, -0.000488373741973, 0.000403139099944, -0.00184023892507, 0.00184485781938, -0.00313535914756, 0.00254903407767, -0.000243481321377, -0.00260012550279, 0.00370092480443, -0.00372158549726, -0.00316507881507, 0.0168569404632]]
    },
    "spectral_contrast_coeffs": {
        "max": [-0.486911892891, -0.520848453045, -0.609550237656, -0.634515106678, -0.618990600109, -0.436086833477],
        "mean": [-0.75187253952, -0.734563708305, -0.765690743923, -0.824180603027, -0.798362076283, -0.556314945221],
        "min": [-0.97212857008, -0.97047573328, -0.962919235229, -0.967199683189, -0.964152693748, -0.962363183498],
        "stdev": [0.0716281160712, 0.065872259438, 0.0490369200706, 0.033953692764, 0.0363976992667, 0.0584677234292]
    },
    "spectral_contrast_valleys": {
        "max": [-4.74387598038, -4.98512887955, -5.68638420105, -6.11446714401, -6.16288757324, -9.8043794632],
        "mean": [-7.14688587189, -6.71436691284, -6.95955276489, -7.17000150681, -7.79614591599, -13.9031429291],
        "min": [-27.2952594757, -27.4535770416, -27.6537494659, -27.0876941681, -27.3490505219, -27.3831195831],
        "stdev": [1.67964529991, 1.46931350231, 1.44979441166, 1.39737069607, 1.39067649841, 1.23834860325]
    }
},
"rhythm": {
    "beats_count": 23,
    "beats_loudness": {
        "max": 0.216006189585,
        "mean": 0.0437847487628,
        "min": 0.00169503421057,
        "stdev": 0.0457770600915
    },
    "bpm": 116.870193481,
    "bpm_histogram_first_peak_bpm": 117,
    "bpm_histogram_first_peak_weight": 0.538461565971,
    "bpm_histogram_second_peak_bpm": 112,
    "bpm_histogram_second_peak_spread": 0.333333313465,
    "bpm_histogram_second_peak_weight": 0.181818187237,
    "danceability": 0.906744301319,
    "onset_rate": 0.862111866474,
    "beats_loudness_band_ratio": {
        "max": [0.960651874542, 0.640169858932, 0.62443292141, 0.51942718029, 0.229955434799, 0.0466966666281],
        "mean": [0.390448123217, 0.11359833926, 0.283121347427, 0.152660399675, 0.0774267688394, 0.0137195512652],
        "min": [0.015099093318, 0.00264419894665, 0.0257337745279, 0.00215786346234, 0.000533347018063, 0.000237182248384],
        "stdev": [0.32085826993, 0.198890283704, 0.186171650887, 0.122909493744, 0.0631820484996, 0.0125942612067]
    },
    "beats_position": [0.545668900013, 1.11455774307, 1.68344664574, 2.24072551727, 2.79800438881, 3.30884337425, 3.83129239082, 4.35374164581, 4.87619018555, 5.41024923325, 5.93269824982, 6.46675729752, 7.00081634521, 7.52326536179, 8.03410434723, 8.56816291809, 9.07900238037, 9.58984088898, 10.0890703201, 10.5882987976, 11.0991382599, 11.6099767685, 12.0975961685],
