{
"metadata": {
    "version": {
        "essentia": "2.1-beta5",
        "essentia_git_sha": "Undefined",
        "extractor": "music 2.0"
    },
    "audio_properties": {
        "analysis": {
            "equal_loudness": 0,
            "length": 32.4963264465,
            "sample_rate": 44100,
            "start_time": 12.7477550507,
            "downmix": "mix"
        },
        "bit_rate": 192000,
        "length": 196.022872925,
        "lossless": 0,
        "number_channels": 2,
        "replay_gain": 9.31344032288,
        "sample_rate": 48000,
        "codec": "mp3",
        "md5_encoded": "35e43f6ae58174671422dcc90a6fdae0"
    },
    "tags": {
        "file_name": "Sweden_Undo_Sanna Nielsen.mp3",
        "encoding": ["Lavf58.29.100"]
    }
},
"lowlevel": {
    "average_loudness": 0.807528913021,
    "barkbands_crest": {
        "max": 26.3280391693,
        "mean": 13.688495636,
        "min": 3.39089226723,
        "stdev": 5.19586658478
    },
    "barkbands_flatness_db": {
        "max": 0.511267840862,
        "mean": 0.257826149464,
        "min": 0.087734118104,
        "stdev": 0.0633283928037
    },
    "barkbands_kurtosis": {
        "max": 493.596069336,
        "mean": 13.2061929703,
        "min": -1.93683946133,
        "stdev": 24.1119842529
    },
    "barkbands_skewness": {
        "max": 17.8826351166,
        "mean": 2.03481793404,
        "min": -5.96574687958,
        "stdev": 2.32599544525
    },
    "barkbands_spread": {
        "max": 72.2910003662,
        "mean": 10.42192173,
        "min": 0.166859164834,
        "stdev": 11.2809476852
    },
    "dissonance": {
        "max": 0.499955356121,
        "mean": 0.412008553743,
        "min": 0.184108868241,
        "stdev": 0.0569736659527
    },
    "dynamic_complexity": 5.27521324158,
    "erbbands_crest": {
        "max": 31.7972583771,
        "mean": 12.9427013397,
        "min": 3.43854880333,
        "stdev": 5.06258440018
    },
    "erbbands_flatness_db": {
        "max": 0.523472487926,
        "mean": 0.294827848673,
        "min": 0.116549424827,
        "stdev": 0.0559560097754
    },
    "erbbands_kurtosis": {
        "max": 95.5135726929,
        "mean": 4.57440900803,
        "min": -1.87812936306,
        "stdev": 7.03402900696
    },
    "erbbands_skewness": {
        "max": 7.76645851135,
        "mean": 1.02378773689,
        "min": -5.9558672905,
        "stdev": 1.59891998768
    },
    "erbbands_spread": {
        "max": 112.631149292,
        "mean": 23.2081165314,
        "min": 1.57806491852,
        "stdev": 18.5324363708
    },
    "hfc": {
        "max": 105.358032227,
        "mean": 10.4329061508,
        "min": 0.02142095007,
        "stdev": 15.4776411057
    },
    "loudness_ebu128": {
        "integrated": -35.1807441711,
        "loudness_range": 4.07761764526,
        "momentary": {
            "max": -29.9181213379,
            "mean": -36.8642997742,
            "min": -49.024017334,
            "stdev": 4.05524349213
        },
        "short_term": {
            "max": -32.4446372986,
            "mean": -35.6468544006,
            "min": -39.7341995239,
            "stdev": 1.62225031853
        }
    },
    "melbands_crest": {
        "max": 32.9438858032,
        "mean": 16.4899539948,
        "min": 4.26854658127,
        "stdev": 6.483066082
    },
    "melbands_flatness_db": {
        "max": 0.579270541668,
        "mean": 0.292101562023,
        "min": 0.0421749614179,
        "stdev": 0.0890353545547
    },
    "melbands_kurtosis": {
        "max": 354.348754883,
        "mean": 19.3849372864,
        "min": -1.93976056576,
        "stdev": 29.1293487549
    },
    "melbands_skewness": {
        "max": 15.312915802,
        "mean": 2.53438806534,
        "min": -3.19345617294,
        "stdev": 2.19902324677
    },
    "melbands_spread": {
        "max": 195.145706177,
        "mean": 18.7515468597,
        "min": 0.364452213049,
        "stdev": 30.411655426
    },
    "pitch_salience": {
        "max": 0.834681868553,
        "mean": 0.506307959557,
        "min": 0.0741039887071,
        "stdev": 0.142652675509
    },
    "silence_rate_20dB": {
        "max": 1,
        "mean": 1,
        "min": 1,
        "stdev": 0
    },
    "silence_rate_30dB": {
        "max": 1,
        "mean": 1,
        "min": 1,
        "stdev": 0
    },
    "silence_rate_60dB": {
        "max": 1,
        "mean": 0.378301203251,
        "min": 0,
        "stdev": 0.484959721565
    },
    "spectral_centroid": {
        "max": 5535.84033203,
        "mean": 1120.78173828,
        "min": 254.406616211,
        "stdev": 1080.02905273
    },
    "spectral_complexity": {
        "max": 37,
        "mean": 6.76659536362,
        "min": 0,
        "stdev": 3.75468373299
    },
    "spectral_decrease": {
        "max": -6.49760497143e-12,
        "mean": -3.36847172377e-09,
        "min": -2.57853773888e-08,
        "stdev": 4.19922319139e-09
    },
    "spectral_energy": {
        "max": 0.100496530533,
        "mean": 0.0136596933007,
        "min": 2.64664249698e-05,
        "stdev": 0.0166095923632
    },
    "spectral_energyband_high": {
        "max": 0.0169190689921,
        "mean": 0.000664288760163,
        "min": 6.06840657724e-08,
        "stdev": 0.00204974482767
    },
    "spectral_energyband_low": {
        "max": 0.00146633363329,
        "mean": 4.05442624469e-05,
        "min": 1.4758924749e-07,
        "stdev": 7.40722243791e-05
    },
    "spectral_energyband_middle_high": {
        "max": 0.0323563702404,
        "mean": 0.00171484064776,
        "min": 2.53584380516e-06,
        "stdev": 0.00384887913242
    },
    "spectral_energyband_middle_low": {
        "max": 0.0982889160514,
        "mean": 0.011284920387,
        "min": 2.24050145334e-05,
        "stdev": 0.0149605860934
    },
    "spectral_entropy": {
        "max": 8.37210941315,
        "mean": 6.7546916008,
        "min": 4.23718929291,
        "stdev": 0.642923593521
    },
    "spectral_flux": {
        "max": 0.23567686975,
        "mean": 0.0415356494486,
        "min": 0.00490523176268,
        "stdev": 0.0352959632874
    },
    "spectral_kurtosis": {
        "max": 151.464263916,
        "mean": 8.73979663849,
        "min": -1.27435350418,
        "stdev": 11.8651762009
    },
    "spectral_rms": {
        "max": 0.0099017880857,
        "mean": 0.00301724509336,
        "min": 0.000160688839969,
        "stdev": 0.00205493811518
    },
    "spectral_rolloff": {
        "max": 8204.15039062,
        "mean": 1501.85400391,
        "min": 236.865234375,
        "stdev": 1807.84118652
    },
    "spectral_skewness": {
        "max": 10.2748851776,
        "mean": 1.76519024372,
        "min": -0.953172206879,
        "stdev": 1.17688965797
    },
    "spectral_spread": {
        "max": 25139918,
        "mean": 3209734.25,
        "min": 554245,
        "stdev": 1384187.875
    },
    "spectral_strongpeak": {
        "max": 17.9101543427,
        "mean": 1.18257951736,
        "min": 0.005822036881,
        "stdev": 1.21863853931
    },
    "zerocrossingrate": {
        "max": 0.3046875,
        "mean": 0.0548049509525,
        "min": 0.009765625,
        "stdev": 0.0558281503618
    },
    "barkbands": {
        "max": [4.48514911113e-05, 0.000225447991397, 0.000520852627233, 0.00219246582128, 0.0782660394907, 0.0468936823308, 0.00832334440202, 0.034523230046, 0.0523480288684, 0.022510368377, 0.0162860173732, 0.00722490344197, 0.00670991931111, 0.0110859358683, 0.00821352656931, 0.00611712783575, 0.00204400205985, 0.00367200141773, 0.00395952956751, 0.00597399054095, 0.011052605696, 0.0109158316627, 0.00488555943593, 0.00365572143346, 9.68606764218e-05, 5.14761381964e-07, 5.37815878943e-07],
        "mean": [2.95591416943e-06, 1.25368942463e-05, 1.42501139635e-05, 3.89831911889e-05, 0.00484796054661, 0.00351613480598, 0.000696735049132, 0.000839194748551, 0.00128088472411, 0.000322754611261, 0.000590688083321, 0.000165470686625, 0.000132548302645, 0.00015205728414, 9.53655908233e-05, 3.91775683966e-05, 3.32611343765e-05, 6.12446528976e-05, 0.000102205776784, 0.000139754803968, 0.000171927487827, 0.000202178853215, 0.00014029200247, 6.03943699389e-05, 7.42497093142e-07, 3.29168603486e-09, 2.90594304175e-09],
        "min": [1.89799354011e-09, 9.09699426899e-09, 2.84826745522e-10, 6.30434940363e-11, 8.02813904244e-09, 2.34705446189e-08, 2.5020352723e-07, 1.98241468752e-06, 2.20954848373e-06, 9.76113938123e-07, 3.60443152658e-07, 1.49625293488e-07, 1.76590262413e-07, 8.34997635479e-08, 2.93294046827e-08, 1.305018138e-08, 8.96638152614e-10, 3.88168031051e-09, 5.8517252155e-10, 7.3098899156e-10, 6.23078144635e-10, 6.63645027821e-10, 7.30583926689e-10, 6.58465559855e-10, 7.85800369218e-10, 9.38136901496e-10, 1.23620991221e-09],
        "stdev": [4.00471753892e-06, 2.30092973652e-05, 3.12686497637e-05, 0.000115442970127, 0.00910297036171, 0.00754837878048, 0.00111481640488, 0.00238457159139, 0.0034496258013, 0.00120838708244, 0.00172574608587, 0.000521787034813, 0.000458660564618, 0.000587131420616, 0.000470957282232, 0.000261539593339, 0.000145437428728, 0.000211155755096, 0.000393406749936, 0.00054513278883, 0.000765967415646, 0.000871349591762, 0.000487989949761, 0.000259526190348, 4.63390733785e-06, 1.41800899911e-08, 1.45628149539e-08]
    },
    "erbbands": {
        "max": [0.00610711378977, 0.0585157722235, 0.384449720383, 3.43718934059, 60.7334861755, 224.966567993, 626.521362305, 365.532165527, 72.0746536255, 220.653640747, 795.035522461, 972.558288574, 432.621429443, 767.753601074, 176.35194397, 316.153656006, 228.333679199, 479.889648438, 196.006439209, 317.159301758, 417.982177734, 138.487640381, 105.115501404, 234.085922241, 253.219512939, 243.373931885, 164.082458496, 705.774902344, 407.151550293, 189.457550049, 146.541030884, 137.382415771, 24.1768856049, 2.63327240944, 0.0798614472151, 0.00577571848407, 0.000950170680881, 0.000332038354827, 8.18114131107e-05, 0.00011223347974],
        "mean": [0.000338435871527, 0.00314489146695, 0.0154285691679, 0.101526305079, 1.85970973969, 18.0128765106, 46.2782707214, 17.7729530334, 6.25884771347, 15.4577445984, 27.1227378845, 23.3227863312, 13.6498651505, 25.6344070435, 8.3366394043, 6.34829807281, 6.33675146103, 7.88258647919, 4.55601167679, 4.14491605759, 2.49266672134, 2.38720536232, 3.37760448456, 4.30952692032, 5.7248210907, 6.39698266983, 4.68575334549, 9.46882629395, 8.1595954895, 3.94420075417, 4.3608288765, 2.28479790688, 0.487235724926, 0.0368562527001, 0.00131758162752, 0.00013860904437, 3.26276094711e-05, 9.61180739978e-06, 9.57525844569e-06, 1.68732949533e-05],
        "min": [2.95913991977e-06, 4.60780393041e-06, 2.38982988776e-06, 2.16093599192e-06, 1.27893999888e-05, 5.68433242734e-05, 0.000171593754203, 0.00107830227353, 0.00446800189093, 0.0417660661042, 0.0495455935597, 0.0750679001212, 0.0600159652531, 0.017447611317, 0.0162718873471, 0.0142275849357, 0.0120872957632, 0.00626848451793, 0.010415090248, 0.00449508149177, 0.00412625120953, 0.000366534281056, 0.000250002281973, 0.000102266349131, 0.000128263491206, 5.54303551326e-05, 0.000225101233809, 5.76346828893e-05, 5.06223623233e-05, 3.48809771822e-05, 2.53112248174e-05, 2.28547560255e-05, 1.84041564353e-05, 1.36182752613e-05, 9.32647617446e-06, 5.45507509742e-06, 2.942535275e-06, 1.03857655631e-06, 3.24807473362e-07, 1.81724431059e-07],
        "stdev": [0.000624853593763, 0.00569762149826, 0.0276026856154, 0.247853115201, 5.25247383118, 32.0633506775, 85.5432052612, 36.1153297424, 9.47442722321, 24.5039730072, 69.5897445679, 64.4865951538, 29.6920337677, 67.6299362183, 19.8509674072, 21.5666217804, 19.491361618, 29.5878257751, 14.6147098541, 17.4623146057, 17.3697872162, 10.526684761, 10.6474332809, 16.9091930389, 23.3522109985, 24.4495582581, 13.6925153732, 46.6720542908, 35.3529663086, 15.6412372589, 15.0254583359, 9.57883071899, 1.98749125004, 0.162436202168, 0.0054574739188, 0.000471793784527, 8.77126440173e-05, 2.47752814175e-05, 1.21799939734e-05, 1.95414068003e-05]
    },
    "gfcc": {
        "mean": [-157.336853027, 129.264282227, -165.634674072, 10.6641635895, -100.230651855, -22.2388401031, -20.0788249969, -23.4606456757, -5.28413438797, -21.4481830597, -0.687679350376, -9.38402175903, -0.077531516552],
        "cov": [[6001.02734375, -1147.5546875, 442.796875, 1357.62719727, -1708.17126465, 226.850997925, -967.949401855, -647.011779785, -391.542510986, -959.91217041, 847.329345703, -598.394836426, 203.367721558], [-1147.5546875, 2023.53894043, 147.266555786, -857.335510254, 790.634033203, -617.288818359, 204.213104248, -21.2216663361, -116.340759277, -1.42732059956, -50.1613845825, 60.2701454163, -94.8938369751], [442.796875, 147.266555786, 1320.71203613, 482.004516602, -782.647949219, -115.879051208, -380.608764648, -370.976226807, -187.38873291, -309.525909424, 95.6041183472, 2.28011059761, 80.029876709], [1357.62719727, -857.335510254, 482.004516602, 1050.109375, -730.441101074, 223.423950195, -383.329833984, -242.177612305, -41.5935134888, -275.957641602, 133.856460571, -87.6962585449, 47.2261276245], [-1708.17126465, 790.634033203, -782.647949219, -730.441101074, 1346.81799316, -83.4209518433, 474.272460938, 366.798492432, 148.150726318, 386.938842773, -282.525909424, 97.1487350464, -163.703430176], [226.850997925, -617.288818359, -115.879051208, 223.423950195, -83.4209518433, 522.249938965, 83.1628112793, 4.02771139145, 70.472076416, 84.9078216553, -24.7515544891, -83.6311721802, -70.4980773926], [-967.949401855, 204.213104248, -380.608764648, -383.329833984, 474.272460938, 83.1628112793, 493.666595459, 163.661651611, 99.0373001099, 312.2840271, -212.451477051, 85.705909729, -83.1890869141], [-647.011779785, -21.2216663361, -370.976226807, -242.177612305, 366.798492432, 4.02771139145, 163.661651611, 340.610839844, 138.99887085, 177.960754395, -68.700592041, 62.0434951782, -22.165140152], [-391.542510986, -116.340759277, -187.38873291, -41.5935134888, 148.150726318, 70.472076416, 99.0373001099, 138.99887085, 239.27947998, 154.478469849, -76.1862106323, 47.5458259583, -51.3775672913], [-959.91217041, -1.42732059956, -309.525909424, -275.957641602, 386.938842773, 84.9078216553, 312.2840271, 177.960754395, 154.478469849, 418.913116455, -160.143386841, 72.3486251831, -37.7762908936], [847.329345703, -50.1613845825, 95.6041183472, 133.856460571, -282.525909424, -24.7515544891, -212.451477051, -68.700592041, -76.1862106323, -160.143386841, 306.836639404, -59.6416358948, 27.3110466003], [-598.394836426, 60.2701454163, 2.28011059761, -87.6962585449, 97.1487350464, -83.6311721802, 85.705909729, 62.0434951782, 47.5458259583, 72.3486251831, -59.6416358948, 197.658599854, 25.0802307129], [203.367721558, -94.8938369751, 80.029876709, 47.2261276245, -163.703430176, -70.4980773926, -83.1890869141, -22.165140152, -51.3775672913, -37.7762908936, 27.3110466003, 25.0802307129, 158.636032104]],
        "icov": [[0.000847082526889, 0.000153523375047, 0.000386350933695, -0.000481098715682, 0.000178221802344, 0.000175387191121, -0.000527632189915, 0.00070265494287, -0.000281837041257, 0.00100936798844, -0.00139682460576, 0.00167779694311, -0.000838142121211], [0.000153523375047, 0.00328818126582, -0.00190979626495, 0.00150085554924, -0.00265099201351, 0.00269577326253, -0.00209550582804, 0.00204369146377, -0.00103180098813, 0.00179974536877, -0.00214239675552, 0.00178900186438, 0.000116191869893], [0.000386350933695, -0.00190979626495, 0.00302357552573, -0.00125799933448, 0.00249746954069, -0.00117521861102, 0.00179821241181, -0.000125359409139, 0.00117473315913, -0.000817228399683, 0.00130634231027, -0.00093354616547, 0.000300439976854], [-0.000481098715682, 0.00150085554924, -0.00125799933448, 0.003201904241, -0.000783954979852, 0.000157310409122, 0.000574780220632, 0.000904601532966, -0.000767804216594, 0.000560209096875, 0.00038149379543, -0.000566218339372, 0.000793278159108], [0.000178221802344, -0.00265099201351, 0.00249746954069, -0.000783954979852, 0.00464146723971, -0.00161428214051, 0.00177353457548, -0.00237940065563, 0.00165863079019, -0.00181972060818, 0.00255835824646, -0.00118934980128, 0.0016805435298], [0.000175387191121, 0.00269577326253, -0.00117521861102, 0.000157310409122, -0.00161428214051, 0.00541622051969, -0.00277501158416, 0.00155774876475, -0.00102680991404, 0.000752154446673, -0.00177050731145, 0.00288543733768, 0.00113252841402], [-0.000527632189915, -0.00209550582804, 0.00179821241181, 0.000574780220632, 0.00177353457548, -0.00277501158416, 0.00827495101839, -0.00153475080151, 0.00238268473186, -0.00438922503963, 0.0044168732129, -0.00384512753226, 0.0026405157987], [0.00070265494287, 0.00204369146377, -0.000125359409139, 0.000904601532966, -0.00237940065563, 0.00155774876475, -0.00153475080151, 0.00772941391915, -0.00323722045869, 0.00151338812429, -0.00291116372682, 0.0015499755973, -0.00180424214341], [-0.000281837041257, -0.00103180098813, 0.00117473315913, -0.000767804216594, 0.00165863079019, -0.00102680991404, 0.00238268473186, -0.00323722045869, 0.00839321874082, -0.00342255225405, 0.00244178110734, -0.00261122570373, 0.00332825654186], [0.00100936798844, 0.00179974536877, -0.000817228399683, 0.000560209096875, -0.00181972060818, 0.000752154446673, -0.00438922503963, 0.00151338812429, -0.00342255225405, 0.0081645026803, -0.00259428774007, 0.00280895014293, -0.00276744412258], [-0.00139682460576, -0.00214239675552, 0.00130634231027, 0.00038149379543, 0.00255835824646, -0.00177050731145, 0.0044168732129, -0.00291116372682, 0.00244178110734, -0.00259428774007, 0.00911474321038, -0.00365695729852, 0.00268125860021], [0.00167779694311, 0.00178900186438, -0.00093354616547, -0.000566218339372, -0.00118934980128, 0.00288543733768, -0.00384512753226, 0.0015499755973, -0.00261122570373, 0.00280895014293, -0.00365695729852, 0.0112815871835, -0.00351691129617], [-0.000838142121211, 0.000116191869893, 0.000300439976854, 0.000793278159108, 0.0016805435298, 0.00113252841402, 0.0026405157987, -0.00180424214341, 0.00332825654186, -0.00276744412258, 0.00268125860021, -0.00351691129617, 0.0109434332699]]
    },
    "melbands": {
        "max": [5.27302581759e-05, 0.000181769064511, 0.00199778517708, 0.00726200034842, 0.0224537961185, 0.0082801701501, 0.000998614472337, 0.00336698628962, 0.00746256159618, 0.00526954280213, 0.00253446190618, 0.00287011032924, 0.00105184270069, 0.00060186185874, 0.0011822192464, 0.000612793897744, 0.000998414936475, 0.000508550263476, 0.000867028313223, 0.00018334997003, 0.000482809351524, 0.000143451397889, 9.83804202406e-05, 0.000120301556308, 0.000203286952456, 0.000241055138758, 0.000220573376282, 0.000183509473572, 0.000146309554111, 0.000178827525815, 0.000522153626662, 0.000260042899754, 0.000193954794668, 7.10580643499e-05, 9.73342685029e-05, 0.000123027333757, 7.46316000004e-05, 2.10435937333e-05, 5.64471156395e-06, 7.84190604008e-07],
        "mean": [3.38565246238e-06, 6.64936942485e-06, 4.39701107098e-05, 0.000628757465165, 0.00154377543367, 0.000448670412879, 0.000114140202641, 0.000173199281562, 0.000245866773184, 0.000141749347677, 6.48470595479e-05, 9.95030422928e-05, 4.70819686598e-05, 1.3855808902e-05, 1.94939566427e-05, 1.34212023113e-05, 1.50421801663e-05, 6.83317148287e-06, 9.48178603721e-06, 2.40730514633e-06, 2.63775791609e-06, 2.31949979934e-06, 2.48726587415e-06, 2.82999803858e-06, 3.32873264597e-06, 5.00286296301e-06, 3.58412944479e-06, 4.52017138741e-06, 3.20629328598e-06, 2.60090382653e-06, 6.58153248878e-06, 5.00873147757e-06, 3.0391488508e-06, 1.85038175005e-06, 2.60880142378e-06, 2.10201642403e-06, 1.14219130865e-06, 3.91536843836e-07, 8.49636450084e-08, 5.01623187432e-09],
        "min": [5.50419887446e-09, 3.37266170547e-09, 9.79114081479e-11, 1.9611965385e-09, 4.0449501526e-09, 9.12981246159e-09, 7.9685165133e-08, 4.24334501758e-07, 2.23349047701e-07, 3.83662154491e-07, 2.69737199687e-07, 6.39274944092e-08, 5.22195442443e-08, 1.64132103464e-08, 1.50771715113e-08, 1.45108431937e-08, 1.02002726265e-08, 7.13377668049e-09, 2.16093054561e-09, 9.84539672011e-10, 1.99430583159e-09, 4.84786343014e-11, 1.66028510384e-10, 1.88800794443e-10, 5.28095137065e-11, 2.16220912702e-11, 2.05775865098e-11, 2.28676192565e-11, 1.29706636057e-11, 1.64761711219e-11, 1.00219268648e-11, 1.29516631794e-11, 1.0547711142e-11, 1.11200059577e-11, 9.73929357301e-12, 9.41397914483e-12, 5.68212187371e-12, 6.19713872232e-12, 6.87954250858e-12, 5.40929237167e-12],
        "stdev": [6.05316063229e-06, 1.20488648463e-05, 0.000158577226102, 0.00112154160161, 0.00274208374321, 0.000962285324931, 0.000177359688678, 0.000312495889375, 0.000663494225591, 0.00035679579014, 0.00016001239419, 0.000263278605416, 0.000129454623675, 4.60393930553e-05, 8.5884690634e-05, 4.43466124125e-05, 6.37871416984e-05, 2.34253820963e-05, 4.9550570111e-05, 1.0769968867e-05, 1.94365384232e-05, 1.05458193502e-05, 8.12730741018e-06, 9.14222437132e-06, 1.41346808959e-05, 2.19139274122e-05, 1.53594282892e-05, 1.7397767806e-05, 1.05407480078e-05, 1.19418400573e-05, 3.47616442014e-05, 2.22326416406e-05, 1.40010470204e-05, 7.08733887222e-06, 8.81712549017e-06, 8.41035489429e-06, 5.00369469592e-06, 1.65450512668e-06, 3.59810115924e-07, 3.49974236258e-08]
    },
    "melbands128": {
        "max": [2.24003852054e-05, 5.03293013026e-05, 8.82915046532e-05, 0.000103615384432, 0.000111732966616, 0.000333257426973, 0.000788385979831, 0.00160474912263, 0.00768327899277, 0.00747799500823, 0.0164646562189, 0.0374559536576, 0.0274870470166, 0.0207913964987, 0.0114255361259, 0.00560475233942, 0.00155777507462, 0.00148095272016, 0.00314114615321, 0.0024239551276, 0.00516270520166, 0.0146434409544, 0.0122101251036, 0.0217472370714, 0.00840713642538, 0.0023298820015, 0.00390271423385, 0.00256717437878, 0.00752581004053, 0.00448084669188, 0.0065072667785, 0.00376190734096, 0.000891336007044, 0.000545717251953, 0.00103882711846, 0.00114592816681, 0.00166204513516, 0.00258163036779, 0.00145982578397, 0.000832270365208, 0.00104744534474, 0.000901401683223, 0.00145532016177, 0.00294969952665, 0.00081465987023, 0.000238562191953, 0.000260438944679, 0.00214089476503, 0.00125908304472, 0.000190653066966, 3.14734061249e-05, 0.00054113130318, 0.00130146788433, 0.000237702901359, 0.000101417805126, 0.000272125849733, 0.00042200187454, 5.34906612302e-05, 7.72979765316e-05, 0.000250553450314, 9.51492256718e-05, 9.59171375143e-05, 0.000601185951382, 0.00021607139206, 0.000323947198922, 0.000580101797823, 0.000181176263141, 0.000242139241891, 0.000354687217623, 0.000263484631432, 0.00040113448631, 0.000348799076164, 0.000262763904175, 0.000228191842325, 8.66275440785e-05, 6.74911425449e-05, 0.000406855979236, 0.000766786688473, 0.00116697070189, 0.00042037651292, 0.00034947306267, 0.000443230761448, 0.000278502120636, 0.000215139065403, 0.000156674868776, 6.41245496809e-05, 0.000105671497295, 0.00011175875261, 0.000110819804831, 0.000112784022349, 0.000158747716341, 0.000157121350639, 0.000164758574101, 7.57168163545e-05, 5.28230302734e-05, 4.06865437981e-05, 1.22421097331e-05, 7.30977808416e-06, 7.37004074836e-06, 5.14549310537e-06, 7.99589656708e-07, 1.71920703451e-07, 4.83266360263e-09, 4.42734471306e-09, 4.30337943058e-09, 4.07996392227e-09, 3.89523968636e-09, 3.66935704044e-09, 3.61331653487e-09, 3.47297079983e-09, 3.26694848951e-09, 3.20649218288e-09, 3.00705327305e-09, 2.82350942626e-09, 2.75093481328e-09, 2.68271982407e-09, 2.57598875564e-09, 2.44759856827e-09, 2.47325537828e-09, 2.40394171236e-09, 2.30105468013e-09, 2.34182451209e-09, 2.24938379034e-09, 2.17847362372e-09, 2.126379961e-09, 2.14339523907e-09, 2.10699768743e-09, 2.10007589097e-09],
        "mean": [1.82023643447e-06, 2.51088067671e-06, 3.94010203308e-06, 5.23927928953e-06, 6.39021754978e-06, 7.28658869775e-06, 1.07731575554e-05, 2.38587635977e-05, 0.000112723828352, 0.000439317664132, 0.00101410434581, 0.0017280013999, 0.00183606066275, 0.00122172653209, 0.00029812642606, 0.000160223935382, 3.86075298593e-05, 8.39423009893e-05, 0.000240866880631, 0.000161764663062, 0.000143832861795, 0.000203120987862, 0.000253004691331, 0.000341054430464, 0.000104973936686, 0.000101300283859, 0.000107685875264, 3.98179145122e-05, 5.89717856201e-05, 4.28102175647e-05, 0.000156956142746, 0.000140344811371, 1.07179057522e-05, 5.59649197385e-06, 1.83952688531e-05, 1.20936047097e-05, 1.18702282634e-05, 3.52515780833e-05, 9.32166585699e-06, 9.0965477284e-06, 1.86419092643e-05, 1.18175257739e-05, 1.58421989909e-05, 1.66433692357e-05, 1.11067120088e-05, 3.35330810231e-06, 2.31628541769e-06, 1.7391401343e-05, 7.01958697391e-06, 3.04483523905e-06, 7.41739938803e-07, 3.16508521792e-06, 4.7692183216e-06, 1.25076485347e-06, 9.00402312709e-07, 2.90928642244e-06, 3.50818845618e-06, 7.18467902061e-07, 2.24704353968e-06, 5.57217254027e-06, 1.5503612758e-06, 1.58083867063e-06, 5.20013099958e-06, 1.91061394617e-06, 3.49289371115e-06, 9.08144465939e-06, 1.977140073e-06, 3.52076949639e-06, 4.54013661511e-06, 1.9923693344e-06, 6.7173550633e-06, 3.41391819347e-06, 4.54222617918e-06, 3.43311990036e-06, 1.45187891576e-06, 1.50721712089e-06, 3.07461482407e-06, 6.10136612522e-06, 8.09470384411e-06, 5.88507782595e-06, 5.2888412938e-06, 4.75540491607e-06, 3.87894397136e-06, 3.11306962431e-06, 2.1207804366e-06, 1.56868145496e-06, 1.80088284196e-06, 2.2135322979e-06, 2.71784097094e-06, 2.97564770335e-06, 2.38497591454e-06, 1.85116300599e-06, 1.57075999141e-06, 1.21043387935e-06, 8.66657046572e-07, 5.55503163469e-07, 2.77252581782e-07, 1.54332070679e-07, 1.07010890815e-07, 3.36490941777e-08, 7.41691819073e-09, 9.1670182556e-10, 3.23027611604e-11, 2.28731061869e-11, 2.24626497958e-11, 2.33043671166e-11, 3.62476576532e-11, 3.57304082155e-11, 2.31718082222e-11, 1.92979816155e-11, 1.93322146486e-11, 1.84962687527e-11, 1.66108637262e-11, 1.59967421254e-11, 1.58644746645e-11, 1.63200442743e-11, 1.91221344314e-11, 1.49309106745e-11, 1.36856021307e-11, 1.33274806122e-11, 1.28476977321e-11, 1.29521142075e-11, 1.25542007345e-11, 1.12792561749e-11, 9.25243128641e-12, 5.74218233726e-12, 3.8359584606e-12, 3.55832550925e-12],
        "min": [2.67336153215e-10, 5.51730483522e-09, 2.27101049077e-09, 9.09955721884e-10, 3.11050407653e-10, 1.06225271634e-10, 2.27108453571e-11, 3.29764687779e-11, 3.61425507578e-11, 9.20650444769e-10, 3.26421556451e-10, 6.93943014163e-10, 2.0001506007e-10, 3.46342260427e-10, 1.56727031353e-09, 1.04904829268e-09, 1.18867475862e-08, 1.37363818098e-08, 4.28951842935e-08, 1.30170878521e-08, 7.53065023673e-08, 5.09391533399e-08, 9.64154764915e-08, 2.0462556094e-08, 2.5479508281e-08, 1.89850055676e-07, 5.0695852849e-08, 5.77634473586e-08, 3.01246849688e-08, 3.3606852412e-08, 2.27179608459e-08, 4.98685253092e-08, 6.64443122744e-09, 4.93952301284e-09, 1.48271546152e-08, 9.61543999978e-09, 2.75731260047e-09, 7.59471152634e-10, 2.31993624311e-09, 1.34581945588e-09, 9.54147694188e-09, 4.0274010793e-09, 1.09674225257e-09, 2.74004241518e-09, 3.34114469425e-09, 2.54348497819e-09, 2.3160637852e-09, 1.76951486797e-09, 5.16563791741e-10, 3.15461157196e-10, 2.45560405343e-10, 3.57112756033e-10, 3.83484188848e-10, 5.64484084475e-11, 8.95001919798e-11, 2.61179949196e-11, 2.50874269275e-11, 2.48282852611e-11, 6.95668175843e-11, 1.35347594243e-10, 5.72757084816e-11, 9.86139295223e-11, 7.4253284077e-11, 2.19920835015e-11, 1.88903389459e-11, 3.10023118288e-11, 1.58559658459e-11, 1.72491135958e-11, 2.44888120199e-11, 1.707889212e-11, 2.25115811409e-11, 2.10433632325e-11, 9.94497366402e-12, 9.48217372676e-12, 8.78948216293e-12, 1.33841306094e-11, 7.92930044541e-12, 5.00340827797e-12, 5.36756966998e-12, 4.31938122422e-12, 7.50718497783e-12, 4.04722479488e-12, 7.22232039799e-12, 9.02299589212e-12, 5.78252506642e-12, 6.69000792264e-12, 6.24208454023e-12, 7.7224754369e-12, 7.89733643064e-12, 4.65866494687e-12, 4.5910514973e-12, 5.70790376769e-12, 5.71633235538e-12, 5.08435351113e-12, 3.02085938729e-12, 4.12368620153e-12, 3.16227469557e-12, 3.40464635651e-12, 3.31823631072e-12, 3.01091486812e-12, 3.85275058384e-12, 4.19008014049e-12, 3.24458710767e-12, 3.67755262007e-12, 3.18618460608e-12, 2.98327183269e-12, 3.14618253325e-12, 3.73718590796e-12, 3.17772956386e-12, 3.99125394193e-12, 3.42460781955e-12, 3.53462094663e-12, 2.79838066782e-12, 3.17015511064e-12, 2.65896788094e-12, 3.78988724084e-12, 3.70322696119e-12, 3.96216436396e-12, 3.45614899547e-12, 3.87024917323e-12, 3.50330116479e-12, 3.71662726636e-12, 3.6733853806e-12, 3.15860445438e-12, 2.29049700214e-12, 1.00462466037e-12, 1.01040066613e-13, 4.36424196952e-15],
        "stdev": [2.3448048978e-06, 4.49101844424e-06, 9.7883039416e-06, 1.00247170849e-05, 1.17713289001e-05, 1.78197115019e-05, 3.29175782099e-05, 7.9509569332e-05, 0.000596633530222, 0.00107719213702, 0.00204537343234, 0.00410883687437, 0.00369184976444, 0.00322161405347, 0.000723716570064, 0.000520880799741, 0.000125345177366, 0.000169442195329, 0.000409183063312, 0.000323050946463, 0.000443522352725, 0.000812501646578, 0.000803604081739, 0.00135988672264, 0.000455675355624, 0.000204611482332, 0.000266240997007, 0.000151889646077, 0.000341726641636, 0.000213565770537, 0.000476228102343, 0.000432697212091, 3.85090061172e-05, 2.08329984162e-05, 7.10072490619e-05, 6.09878770774e-05, 7.09356245352e-05, 0.000165859222761, 6.80966913933e-05, 4.33235218225e-05, 7.69855105318e-05, 4.55033878097e-05, 8.34577076603e-05, 0.000111203298729, 4.77518551634e-05, 1.37604711199e-05, 1.26223549159e-05, 0.000108577951323, 4.09574167861e-05, 1.40557121995e-05, 1.94862946046e-06, 2.74678313872e-05, 4.6478544391e-05, 7.35127241569e-06, 3.49642959918e-06, 1.44111781992e-05, 2.38446518779e-05, 2.84079851554e-06, 7.02529223418e-06, 2.18963759835e-05, 6.03023090662e-06, 5.79752531848e-06, 3.37576202583e-05, 7.85926295066e-06, 1.76290432137e-05, 4.76570494357e-05, 8.66830669111e-06, 1.8305336198e-05, 2.1824189389e-05, 1.04205710159e-05, 3.12224583467e-05, 1.48516774061e-05, 1.95760330826e-05, 1.26142103909e-05, 5.68744417251e-06, 5.53978225071e-06, 1.96622113435e-05, 4.01588295063e-05, 5.58934079891e-05, 2.86944305117e-05, 2.44745933742e-05, 2.4475317332e-05, 1.92434836208e-05, 1.53402252181e-05, 9.56134863372e-06, 6.5053036451e-06, 7.27907081455e-06, 8.4066286945e-06, 9.54697952693e-06, 1.01870373328e-05, 9.9340777524e-06, 8.28273095976e-06, 8.27780513646e-06, 5.41453619007e-06, 3.9318083509e-06, 2.57212946053e-06, 1.13473868169e-06, 6.17413945747e-07, 4.66952542411e-07, 2.28652581313e-07, 4.96987908605e-08, 7.33856442281e-09, 1.53469278952e-10, 1.20297397044e-10, 1.16894036117e-10, 1.13634095189e-10, 1.74627395877e-10, 1.52848567136e-10, 1.01657467166e-10, 9.39983021975e-11, 8.84251422084e-11, 8.67716731801e-11, 8.15169806656e-11, 7.6591399889e-11, 7.45462094831e-11, 7.26922411154e-11, 7.02129812624e-11, 6.64884258761e-11, 6.7035779705e-11, 6.51487266912e-11, 6.24458471044e-11, 6.34268193522e-11, 6.08483471942e-11, 5.9008083142e-11, 5.76920698714e-11, 5.81786147036e-11, 5.72519358311e-11, 5.70662753163e-11]
    },
    "mfcc": {
        "mean": [-782.914001465, 148.980575562, -22.3707847595, 14.0709590912, -51.7727622986, -7.1200504303, -26.4858436584, 2.48024129868, -21.5876216888, 6.11935091019, -16.198507309, -4.08132839203, -12.7684135437],
        "cov": [[6340.95556641, -2297.84741211, 1239.24414062, 410.070709229, -341.611236572, 110.211395264, -448.941467285, 172.217468262, -1498.26745605, 367.88180542, -1115.16906738, 145.194366455, -306.441009521], [-2297.84741211, 3190.09619141, -1010.58447266, -128.517227173, 235.426986694, -462.112976074, 361.470855713, -130.58807373, 117.903144836, -20.1786270142, 269.014831543, -272.064147949, 109.643859863], [1239.24414062, -1010.58447266, 2243.50463867, 403.220458984, -327.858154297, 116.481437683, -456.668487549, -56.153137207, -627.245117188, -238.084091187, -648.25012207, 95.0712814331, -156.297637939], [410.070709229, -128.517227173, 403.220458984, 472.871551514, -20.030374527, -12.853225708, -185.758789062, 10.9193258286, -182.282211304, -108.910713196, -191.537704468, 16.2160892487, -56.2698936462], [-341.611236572, 235.426986694, -327.858154297, -20.030374527, 447.951934814, -110.159858704, 95.9265975952, 38.1438751221, 81.1208114624, 36.5061569214, 112.941551208, 9.28768157959, 35.898525238], [110.211395264, -462.112976074, 116.481437683, -12.853225708, -110.159858704, 519.997253418, 11.7814884186, 7.53855895996, 141.213195801, -0.076202750206, 138.951629639, 11.1582689285, -62.6797142029], [-448.941467285, 361.470855713, -456.668487549, -185.758789062, 95.9265975952, 11.7814884186, 360.325317383, -33.9934539795, 177.610137939, 47.8287162781, 193.262405396, -41.6574783325, 24.476852417], [172.217468262, -130.58807373, -56.153137207, 10.9193258286, 38.1438751221, 7.53855895996, -33.9934539795, 199.757125854, -39.6842308044, 9.43897342682, 6.6839838028, 19.0065689087, 1.3101708889], [-1498.26745605, 117.903144836, -627.245117188, -182.282211304, 81.1208114624, 141.213195801, 177.610137939, -39.6842308044, 848.593688965, -95.4973449707, 501.638000488, 12.7489089966, 67.4413528442], [367.88180542, -20.1786270142, -238.084091187, -108.910713196, 36.5061569214, -0.076202750206, 47.8287162781, 9.43897342682, -95.4973449707, 322.18963623, 10.2706718445, 13.4332895279, 39.9583854675], [-1115.16906738, 269.014831543, -648.25012207, -191.537704468, 112.941551208, 138.951629639, 193.262405396, 6.6839838028, 501.638000488, 10.2706718445, 616.370483398, 9.32847499847, 111.281394958], [145.194366455, -272.064147949, 95.0712814331, 16.2160892487, 9.28768157959, 11.1582689285, -41.6574783325, 19.0065689087, 12.7489089966, 13.4332895279, 9.32847499847, 154.517700195, 3.94781851768], [-306.441009521, 109.643859863, -156.297637939, -56.2698936462, 35.898525238, -62.6797142029, 24.476852417, 1.3101708889, 67.4413528442, 39.9583854675, 111.281394958, 3.94781851768, 183.554748535]],
        "icov": [[0.000540688633919, 0.000363274448318, 0.000195651839022, -0.00018537339929, 0.000156781505211, -4.65850716864e-05, -0.000111657289381, -4.3559968617e-05, 0.000791829661466, -0.000330989540089, 0.000279011001112, -6.32092196611e-05, 0.000377401389414], [0.000363274448318, 0.000795841799118, 0.000275356636848, -0.000235851010075, 7.61344126659e-05, 0.00043996272143, -0.000344136409694, 0.000292241224088, 0.000732722168323, -4.97288820043e-05, -0.000139405965456, 0.000695205235388, 0.000283585541183], [0.000195651839022, 0.000275356636848, 0.00116942008026, -0.000161008574651, 0.000247320713243, -0.000407290499425, 0.000465929100756, 0.000552599318326, 0.000827937677968, 0.000733587541617, 0.000625514716376, -0.000499881687574, 2.26719093916e-05], [-0.00018537339929, -0.000235851010075, -0.000161008574651, 0.00320208747871, -0.000498349778354, -0.000258291867794, 0.00126114173327, 7.83878349466e-05, 5.84773952141e-05, 0.0010307248449, 0.000264219008386, -0.000212422150071, 0.00011497601372], [0.000156781505211, 7.61344126659e-05, 0.000247320713243, -0.000498349778354, 0.00287231593393, 0.000661443220451, -0.000614268006757, -0.000565799535252, 0.00019296327082, -0.000320593360811, -0.000305789493723, -0.000404697668273, 0.000217139662709], [-4.65850716864e-05, 0.00043996272143, -0.000407290499425, -0.000258291867794, 0.000661443220451, 0.00319251953624, -0.000405590748414, -0.000168702390511, -0.000328726833686, -0.000573456520215, -0.00148101127706, 0.00086851301603, 0.00137434224598], [-0.000111657289381, -0.000344136409694, 0.000465929100756, 0.00126114173327, -0.000614268006757, -0.000405590748414, 0.0047781788744, 0.000827642856166, -0.000125282633235, 0.000122086537885, -0.000455951667391, 0.000348825880792, 0.000429444393376], [-4.3559968617e-05, 0.000292241224088, 0.000552599318326, 7.83878349466e-05, -0.000565799535252, -0.000168702390511, 0.000827642856166, 0.00582615379244, 0.000827301118989, 0.000545463059098, -0.000461485033156, -0.000328206457198, 1.25079650388e-05], [0.000791829661466, 0.000732722168323, 0.000827937677968, 5.84773952141e-05, 0.00019296327082, -0.000328726833686, -0.000125282633235, 0.000827301118989, 0.0040665930137, 0.000938240555115, -0.00135632022284, -0.000443448254373, 0.00060142041184], [-0.000330989540089, -4.97288820043e-05, 0.000733587541617, 0.0010307248449, -0.000320593360811, -0.000573456520215, 0.000122086537885, 0.000545463059098, 0.000938240555115, 0.00482111750171, 3.06862493744e-05, -0.000779056688771, -0.00113163643982], [0.000279011001112, -0.000139405965456, 0.000625514716376, 0.000264219008386, -0.000305789493723, -0.00148101127706, -0.000455951667391, -0.000461485033156, -0.00135632022284, 3.06862493744e-05, 0.00488553242758, -0.00100415269844, -0.00166776590049], [-6.32092196611e-05, 0.000695205235388, -0.000499881687574, -0.000212422150071, -0.000404697668273, 0.00086851301603, 0.000348825880792, -0.000328206457198, -0.000443448254373, -0.000779056688771, -0.00100415269844, 0.00834394339472, 8.18262633402e-05], [0.000377401389414, 0.000283585541183, 2.26719093916e-05, 0.00011497601372, 0.000217139662709, 0.00137434224598, 0.000429444393376, 1.25079650388e-05, 0.00060142041184, -0.00113163643982, -0.00166776590049, 8.18262633402e-05, 0.00736738042906]]
    },
    "spectral_contrast_coeffs": {
        "max": [-0.229446098208, -0.394727617502, -0.477794587612, -0.50927567482, -0.491502374411, -0.392864853144],
        "mean": [-0.582636415958, -0.701688706875, -0.709413647652, -0.794013738632, -0.78737950325, -0.660083651543],
        "min": [-0.92512345314, -0.909243822098, -0.884248554707, -0.933754682541, -0.917568683624, -0.927875161171],
        "stdev": [0.170232906938, 0.0838552191854, 0.069964684546, 0.0689985752106, 0.0775495767593, 0.0663298368454]
    },
    "spectral_contrast_valleys": {
        "max": [-6.87930870056, -5.71047687531, -5.94876098633, -6.69103336334, -6.47216939926, -8.48118591309],
        "mean": [-9.02779769897, -7.57916164398, -8.41072940826, -9.08623123169, -9.02760696411, -13.1932172775],
        "min": [-12.9073514938, -9.55825996399, -10.3711748123, -11.3944120407, -12.9971904755, -15.0118713379],
        "stdev": [0.910576164722, 0.692233204842, 0.661477029324, 0.624583959579, 0.830583333969, 1.52509152889]
    }
},
"rhythm": {
    "beats_count": 77,
    "beats_loudness": {
        "max": 0.0691704750061,
        "mean": 0.0178731996566,
        "min": 0.000527458905708,
        "stdev": 0.0177830439061
    },
    "bpm": 178.205856323,
    "bpm_histogram_first_peak_bpm": 178,
    "bpm_histogram_first_peak_weight": 0,
    "bpm_histogram_second_peak_bpm": 123,
    "bpm_histogram_second_peak_spread": 0.400000035763,
    "bpm_histogram_second_peak_weight": 0.118421055377,
    "danceability": 1.0533080101,
    "onset_rate": 3.13769507408,
    "beats_loudness_band_ratio": {
        "max": [0.355214804411, 0.921052098274, 0.86764228344, 0.688605129719, 0.512392222881, 0.971834421158],
        "mean": [0.0251069739461, 0.436926960945, 0.286848127842, 0.126506984234, 0.0480951219797, 0.0922744125128],
        "min": [0.000183240845217, 0.000283364468487, 0.00447121495381, 0.00159792893101, 0.000291702250252, 9.61135592661e-05],
        "stdev": [0.0586158744991, 0.308687210083, 0.199610620737, 0.168474137783, 0.105383746326, 0.222623422742]
    },
