{
"metadata": {
    "version": {
        "essentia": "2.1-beta5",
        "essentia_git_sha": "Undefined",
        "extractor": "music 2.0"
    },
    "audio_properties": {
        "analysis": {
            "equal_loudness": 0,
            "length": 48.7502937317,
            "sample_rate": 44100,
            "start_time": 45.2440834045,
            "downmix": "mix"
        },
        "bit_rate": 192000,
        "length": 197.00970459,
        "lossless": 0,
        "number_channels": 2,
        "replay_gain": 3.52388191223,
        "sample_rate": 48000,
        "codec": "mp3",
        "md5_encoded": "feb1af296aabd415eb3730f42fe6eb7d"
    },
    "tags": {
        "file_name": "Austria_Rise Like a Phoenix_Conchita Wurst.mp3",
        "encoding": ["Lavf58.29.100"]
    }
},
"lowlevel": {
    "average_loudness": 0.848925709724,
    "barkbands_crest": {
        "max": 24.2093143463,
        "mean": 11.5159864426,
        "min": 2.99267745018,
        "stdev": 4.77673244476
    },
    "barkbands_flatness_db": {
        "max": 0.344405293465,
        "mean": 0.204692527652,
        "min": 0.0917415842414,
        "stdev": 0.0414062179625
    },
    "barkbands_kurtosis": {
        "max": 47.1742782593,
        "mean": 3.90352249146,
        "min": -1.86239993572,
        "stdev": 4.91887712479
    },
    "barkbands_skewness": {
        "max": 6.11920118332,
        "mean": 1.40599441528,
        "min": -1.20524120331,
        "stdev": 0.929705560207
    },
    "barkbands_spread": {
        "max": 86.3254013062,
        "mean": 18.0158805847,
        "min": 2.32911753654,
        "stdev": 11.1863241196
    },
    "dissonance": {
        "max": 0.49996727705,
        "mean": 0.452359259129,
        "min": 0.27594062686,
        "stdev": 0.0352793298662
    },
    "dynamic_complexity": 3.67887377739,
    "erbbands_crest": {
        "max": 30.984457016,
        "mean": 12.5859527588,
        "min": 2.85810375214,
        "stdev": 6.69802856445
    },
    "erbbands_flatness_db": {
        "max": 0.340332835913,
        "mean": 0.231911197305,
        "min": 0.0925611481071,
        "stdev": 0.041888255626
    },
    "erbbands_kurtosis": {
        "max": 27.4004688263,
        "mean": 1.59096622467,
        "min": -1.76381349564,
        "stdev": 3.49418067932
    },
    "erbbands_skewness": {
        "max": 4.25273704529,
        "mean": 0.981186747551,
        "min": -3.64537191391,
        "stdev": 0.926415681839
    },
    "erbbands_spread": {
        "max": 100.27772522,
        "mean": 33.4902191162,
        "min": 5.51928710938,
        "stdev": 16.3914356232
    },
    "hfc": {
        "max": 73.006439209,
        "mean": 19.0151863098,
        "min": 0.430302917957,
        "stdev": 16.0622844696
    },
    "loudness_ebu128": {
        "integrated": -26.738702774,
        "loudness_range": 6.25762939453,
        "momentary": {
            "max": -21.5506229401,
            "mean": -27.8001213074,
            "min": -37.4454879761,
            "stdev": 3.36121511459
        },
        "short_term": {
            "max": -23.3703079224,
            "mean": -27.1368961334,
            "min": -31.3886547089,
            "stdev": 2.12815117836
        }
    },
    "melbands_crest": {
        "max": 31.7057437897,
        "mean": 15.3172330856,
        "min": 3.90899920464,
        "stdev": 5.53751134872
    },
    "melbands_flatness_db": {
        "max": 0.452980905771,
        "mean": 0.238818943501,
        "min": 0.0756441801786,
        "stdev": 0.0577028542757
    },
    "melbands_kurtosis": {
        "max": 95.8122024536,
        "mean": 9.61258506775,
        "min": -1.06883382797,
        "stdev": 10.4759635925
    },
    "melbands_skewness": {
        "max": 8.2598323822,
        "mean": 2.02937602997,
        "min": -0.695495426655,
        "stdev": 1.34722590446
    },
    "melbands_spread": {
        "max": 187.120254517,
        "mean": 20.4175815582,
        "min": 1.9351285696,
        "stdev": 14.5580272675
    },
    "pitch_salience": {
        "max": 0.850906312466,
        "mean": 0.517101824284,
        "min": 0.200479522347,
        "stdev": 0.11428847909
    },
    "silence_rate_20dB": {
        "max": 1,
        "mean": 1,
        "min": 1,
        "stdev": 0
    },
    "silence_rate_30dB": {
        "max": 1,
        "mean": 1,
        "min": 1,
        "stdev": 0
    },
    "silence_rate_60dB": {
        "max": 1,
        "mean": 0.0656830072403,
        "min": 0,
        "stdev": 0.247721806169
    },
    "spectral_centroid": {
        "max": 4484.75292969,
        "mean": 1224.32556152,
        "min": 241.713806152,
        "stdev": 539.729614258
    },
    "spectral_complexity": {
        "max": 43,
        "mean": 15.798666954,
        "min": 1,
        "stdev": 7.05150747299
    },
    "spectral_decrease": {
        "max": -1.36930328187e-10,
        "mean": -6.12302475389e-09,
        "min": -3.12280654668e-08,
        "stdev": 4.55273374556e-09
    },
    "spectral_energy": {
        "max": 0.12239883095,
        "mean": 0.0248344689608,
        "min": 0.000555835897103,
        "stdev": 0.0184616800398
    },
    "spectral_energyband_high": {
        "max": 0.00760239548981,
        "mean": 0.000777289213147,
        "min": 2.52829590863e-06,
        "stdev": 0.000979317934252
    },
    "spectral_energyband_low": {
        "max": 0.0634531080723,
        "mean": 0.0052673202008,
        "min": 2.06788226933e-05,
        "stdev": 0.00597334047779
    },
    "spectral_energyband_middle_high": {
        "max": 0.0623592622578,
        "mean": 0.00656822510064,
        "min": 4.99063171446e-05,
        "stdev": 0.0109991896898
    },
    "spectral_energyband_middle_low": {
        "max": 0.0786036625504,
        "mean": 0.0135573931038,
        "min": 0.000333601754392,
        "stdev": 0.0126845454797
    },
    "spectral_entropy": {
        "max": 8.33130455017,
        "mean": 7.35189914703,
        "min": 6.1969127655,
        "stdev": 0.364534914494
    },
    "spectral_flux": {
        "max": 0.263365477324,
        "mean": 0.0756267607212,
        "min": 0.0108223520219,
        "stdev": 0.042097683996
    },
    "spectral_kurtosis": {
        "max": 20.7782115936,
        "mean": 2.26634407043,
        "min": -1.21096837521,
        "stdev": 2.68589353561
    },
    "spectral_rms": {
        "max": 0.0109276482835,
        "mean": 0.00455275783315,
        "min": 0.000736395886634,
        "stdev": 0.00187112612184
    },
    "spectral_rolloff": {
        "max": 8053.41796875,
        "mean": 1125.0456543,
        "min": 107.666015625,
        "stdev": 1029.29675293
    },
    "spectral_skewness": {
        "max": 3.09567546844,
        "mean": 1.01308655739,
        "min": -0.513737678528,
        "stdev": 0.441310822964
    },
    "spectral_spread": {
        "max": 7451174.5,
        "mean": 3539041.75,
        "min": 1720154.875,
        "stdev": 757215.625
    },
    "spectral_strongpeak": {
        "max": 9.06757736206,
        "mean": 1.64571130276,
        "min": 0.0211996547878,
        "stdev": 1.8501329422
    },
    "zerocrossingrate": {
        "max": 0.2373046875,
        "mean": 0.0483823753893,
        "min": 0.00732421875,
        "stdev": 0.0252216700464
    },
    "barkbands": {
        "max": [0.00178897764999, 0.0582898445427, 0.0404360517859, 0.0116320615634, 0.0385543704033, 0.0391107499599, 0.0370334461331, 0.0479211434722, 0.0739208981395, 0.0705062225461, 0.0395568087697, 0.0362000092864, 0.0172235444188, 0.0113808754832, 0.00612938031554, 0.00292503554374, 0.00308445608243, 0.00241711945273, 0.00332132470794, 0.0061397315003, 0.00220059673302, 0.00418796902522, 0.00434171920642, 0.000590004201513, 2.40569424932e-05, 9.35742434649e-07, 1.00050954188e-06],
        "mean": [5.71094860788e-05, 0.00258516590111, 0.00226480094716, 0.000673695059959, 0.00164729345124, 0.00285561080091, 0.00131280499045, 0.00142196798697, 0.00419199373573, 0.00392957171425, 0.000574969220906, 0.000645690131932, 0.000432161235949, 0.000415154732764, 0.000230377001571, 0.000174222586793, 0.000193669999135, 0.000136548929731, 0.000137276438181, 0.000378354539862, 0.000210527534364, 0.000254227110418, 9.24963096622e-05, 1.85590706678e-05, 2.1085078572e-07, 1.56209356561e-09, 1.65560287702e-09],
        "min": [2.04570991258e-08, 4.15147133026e-06, 1.83027077583e-06, 9.34330500968e-07, 2.95395966532e-06, 8.01503665571e-06, 5.47560262021e-07, 9.63025172496e-07, 5.43217720406e-06, 1.45762908232e-06, 5.09280255301e-07, 1.77134825208e-06, 2.78844231616e-06, 8.82127551449e-07, 1.16608146072e-06, 1.78553307251e-06, 8.2608289631e-07, 5.24536801549e-07, 1.60151387263e-06, 1.27751798118e-06, 6.1166491605e-07, 4.71396255364e-08, 2.70816674641e-10, 1.87298260235e-10, 1.59312771308e-10, 2.31347829782e-10, 3.36146832591e-10],
        "stdev": [0.000115205330076, 0.00328737404197, 0.0036225898657, 0.00105445925146, 0.00328159262426, 0.00559042021632, 0.00341871171258, 0.00441271997988, 0.00900540966541, 0.0100914901122, 0.0020776190795, 0.00207077339292, 0.00114440487232, 0.000985437422059, 0.000473289052024, 0.000266337767243, 0.000281309999991, 0.000179204478627, 0.000180200950126, 0.000585054105613, 0.000278376130154, 0.000365000363672, 0.000264956906904, 5.06806754856e-05, 1.39605162985e-06, 2.04341485954e-08, 2.18414442088e-08]
    },
    "erbbands": {
        "max": [1.2483278513, 14.3816175461, 40.3154335022, 31.1157646179, 45.8563308716, 187.572906494, 301.091674805, 508.977416992, 634.231201172, 528.172302246, 1273.28405762, 1672.2869873, 2486.06738281, 2426.57397461, 772.281677246, 1793.10412598, 495.215209961, 712.356872559, 374.096313477, 378.693969727, 182.763198853, 170.776473999, 163.896652222, 108.476234436, 239.726654053, 395.85748291, 123.622741699, 110.076499939, 134.6146698, 154.879302979, 80.071975708, 24.1534156799, 8.26239299774, 0.766672253609, 0.0215809438378, 0.00371093279682, 0.00174088869244, 0.000618507503532, 0.000143559591379, 0.000137471797643],
        "mean": [0.0544653497636, 0.667951345444, 2.60852980614, 2.3230843544, 3.05709648132, 6.12126064301, 11.9115009308, 28.7365875244, 21.5695323944, 16.3869476318, 43.5160255432, 99.2205886841, 126.610054016, 81.8745498657, 24.287776947, 24.9658794403, 19.3891334534, 22.5556488037, 16.3933010101, 11.1961936951, 9.66147708893, 9.71626281738, 8.82778167725, 6.64350032806, 8.95233154297, 20.4064807892, 9.13485813141, 8.98561096191, 9.61505222321, 5.29866456985, 2.34080457687, 0.709277927876, 0.176769241691, 0.0110312933102, 0.000462789234007, 7.22039549146e-05, 2.42134010477e-05, 7.73633291828e-06, 1.46491684063e-05, 2.97510414384e-05],
        "min": [8.54856916703e-05, 0.000630477094091, 0.00463924882933, 0.0104133151472, 0.0163494162261, 0.0145097821951, 0.0609377473593, 0.146409362555, 0.133710280061, 0.110982663929, 0.192931339145, 0.212558537722, 0.142106801271, 0.119824685156, 0.081851914525, 0.0933060050011, 0.151317551732, 0.178672030568, 0.0899516269565, 0.180669486523, 0.0635274723172, 0.0347439572215, 0.0332118943334, 0.0776505023241, 0.0889234393835, 0.0658537596464, 0.0397885665298, 0.0148279648274, 0.00245076022111, 0.000704414036591, 4.48565551778e-05, 1.12001243906e-05, 7.01640965417e-06, 5.08786797582e-06, 3.66767540072e-06, 2.08488177122e-06, 1.10683322418e-06, 3.19691764616e-07, 6.73178192301e-07, 9.71550093709e-07],
        "stdev": [0.0810764431953, 0.845520675182, 3.96749639511, 3.04695010185, 4.93592119217, 13.5032739639, 22.591917038, 62.759059906, 49.5715713501, 42.8148651123, 120.680984497, 203.015106201, 298.738983154, 261.418914795, 57.0389518738, 81.9536743164, 40.3782081604, 51.3541145325, 30.6505813599, 21.1473712921, 13.023692131, 13.8682689667, 11.0868015289, 9.3341999054, 12.7012052536, 33.7648010254, 12.2635192871, 12.4330644608, 13.9341201782, 10.806137085, 6.43127155304, 1.78622460365, 0.561503529549, 0.0445468276739, 0.00139441573992, 0.000142288088682, 4.49754079455e-05, 1.5445819372e-05, 1.07711075543e-05, 2.18186614802e-05]
    },
    "gfcc": {
        "mean": [-54.2584877014, 159.285324097, -166.435073853, 59.541934967, -72.8687133789, -0.0307522695512, 2.53938651085, -22.8878555298, 11.852107048, -21.4391155243, -1.50166237354, -10.182311058, -0.670632898808],
        "cov": [[3399.71923828, -1066.67114258, -417.280639648, 221.011245728, -646.008728027, 531.934814453, 43.5941123962, -10.7177562714, -30.6475028992, -99.3533630371, 112.750701904, -150.796218872, 148.014221191], [-1066.67114258, 774.675842285, 78.6774215698, -161.824813843, 413.195770264, -340.156951904, 103.360229492, -40.6080932617, 58.0523223877, 41.151676178, -61.3651275635, 59.2089080811, -92.6488113403], [-417.280639648, 78.6774215698, 361.164489746, 99.3107223511, 2.28770041466, -2.68834495544, -140.912368774, 20.6753997803, 23.3527469635, -13.7190237045, -8.05625343323, -14.8759422302, -33.8085975647], [221.011245728, -161.824813843, 99.3107223511, 244.675354004, -20.3854675293, 64.0558013916, -97.2541885376, 18.8728656769, -2.82761955261, -29.3735237122, 20.410654068, -16.2778625488, 30.3700561523], [-646.008728027, 413.195770264, 2.28770041466, -20.3854675293, 399.942596436, -131.533126831, 93.6729660034, 14.023147583, 1.10403895378, 23.3804187775, -54.2621078491, 34.0944709778, -31.9950790405], [531.934814453, -340.156951904, -2.68834495544, 64.0558013916, -131.533126831, 377.389953613, 8.92059516907, 52.1802902222, -39.9941101074, -70.5569839478, 24.9872360229, -73.3330307007, 16.742685318], [43.5941123962, 103.360229492, -140.912368774, -97.2541885376, 93.6729660034, 8.92059516907, 298.438964844, 6.75051641464, -3.85692977905, 34.7232551575, -52.8829574585, 10.6182966232, -20.8095436096], [-10.7177562714, -40.6080932617, 20.6753997803, 18.8728656769, 14.023147583, 52.1802902222, 6.75051641464, 102.791366577, 18.0259990692, -7.81192731857, 2.08444786072, -26.625617981, 9.53943920135], [-30.6475028992, 58.0523223877, 23.3527469635, -2.82761955261, 1.10403895378, -39.9941101074, -3.85692977905, 18.0259990692, 87.2024536133, 26.4257221222, -8.59045314789, -7.32519197464, -19.4030418396], [-99.3533630371, 41.151676178, -13.7190237045, -29.3735237122, 23.3804187775, -70.5569839478, 34.7232551575, -7.81192731857, 26.4257221222, 102.588127136, 11.3113203049, 20.8311061859, -1.44612002373], [112.750701904, -61.3651275635, -8.05625343323, 20.410654068, -54.2621078491, 24.9872360229, -52.8829574585, 2.08444786072, -8.59045314789, 11.3113203049, 98.5265045166, 22.6422538757, 18.6516971588], [-150.796218872, 59.2089080811, -14.8759422302, -16.2778625488, 34.0944709778, -73.3330307007, 10.6182966232, -26.625617981, -7.32519197464, 20.8311061859, 22.6422538757, 92.7835083008, 22.3739643097], [148.014221191, -92.6488113403, -33.8085975647, 30.3700561523, -31.9950790405, 16.742685318, -20.8095436096, 9.53943920135, -19.4030418396, -1.44612002373, 18.6516971588, 22.3739643097, 101.200637817]],
        "icov": [[0.000883835717104, 0.00031453545671, 0.000953851442318, -0.000870901276357, 0.000798078079242, -0.000337447738275, -0.000591035524849, 0.000814659055322, -0.000793706276454, 0.000499160669278, -0.000634572992567, 0.00109873129986, -0.000585895671975], [0.00031453545671, 0.0138198221102, -0.00574750173837, 0.00775129953399, -0.0118070608005, 0.00768490787596, -0.00411847746, 0.00633017951623, -0.00781101826578, 0.00806460529566, -0.0072662057355, 0.00404159864411, 0.000561197521165], [0.000953851442318, -0.00574750173837, 0.00798332411796, -0.0057881413959, 0.00612715445459, -0.00409494852647, 0.00334649090655, -0.00299148936756, 0.00232425518334, -0.00365545740351, 0.00419190013781, -0.00157969736028, 0.00130190001801], [-0.000870901276357, 0.00775129953399, -0.0057881413959, 0.0112314652652, -0.00851956568658, 0.00403420068324, -0.000648584216833, 0.00298691866919, -0.00420326692984, 0.00481990445405, -0.00423553073779, 0.00180777232163, -0.00106605759356], [0.000798078079242, -0.0118070608005, 0.00612715445459, -0.00851956568658, 0.014988954179, -0.00587899005041, 0.00195651059039, -0.00626898324117, 0.00714241527021, -0.00660857884213, 0.00711259525269, -0.00356643158011, 8.4324288764e-05], [-0.000337447738275, 0.00768490787596, -0.00409494852647, 0.00403420068324, -0.00587899005041, 0.00946768280119, -0.00367002561688, 0.00152940303087, -0.0021777220536, 0.00663911132142, -0.00574487447739, 0.0047657918185, 0.000309043331072], [-0.000591035524849, -0.00411847746, 0.00334649090655, -0.000648584216833, 0.00195651059039, -0.00367002561688, 0.00783390086144, -0.00344993988983, 0.00324944686145, -0.00524077983573, 0.00625029904768, -0.00395116535947, 0.00183810526505], [0.000814659055322, 0.00633017951623, -0.00299148936756, 0.00298691866919, -0.00626898324117, 0.00152940303087, -0.00344993988983, 0.0166646484286, -0.00821799971163, 0.00501133361831, -0.00601193122566, 0.0065943216905, -0.00366114359349], [-0.000793706276454, -0.00781101826578, 0.00232425518334, -0.00420326692984, 0.00714241527021, -0.0021777220536, 0.00324944686145, -0.00821799971163, 0.02014631778, -0.00870028696954, 0.00622314494103, -0.00250566937029, 0.00325429695658], [0.000499160669278, 0.00806460529566, -0.00365545740351, 0.00481990445405, -0.00660857884213, 0.00663911132142, -0.00524077983573, 0.00501133361831, -0.00870028696954, 0.0186328738928, -0.00846423394978, 0.00314427074045, -0.0012893169187], [-0.000634572992567, -0.0072662057355, 0.00419190013781, -0.00423553073779, 0.00711259525269, -0.00574487447739, 0.00625029904768, -0.00601193122566, 0.00622314494103, -0.00846423394978, 0.0197030026466, -0.00881124194711, 0.00138734956272], [0.00109873129986, 0.00404159864411, -0.00157969736028, 0.00180777232163, -0.00356643158011, 0.0047657918185, -0.00395116535947, 0.0065943216905, -0.00250566937029, 0.00314427074045, -0.00881124194711, 0.0200606081635, -0.00557385710999], [-0.000585895671975, 0.000561197521165, 0.00130190001801, -0.00106605759356, 8.4324288764e-05, 0.000309043331072, 0.00183810526505, -0.00366114359349, 0.00325429695658, -0.0012893169187, 0.00138734956272, -0.00557385710999, 0.01428763289]]
    },
    "melbands": {
        "max": [0.01483789552, 0.0141223352402, 0.00465105334297, 0.006788644474, 0.0105482535437, 0.00972373504192, 0.00872085895389, 0.00584883708507, 0.0102860359475, 0.0116489510983, 0.0127754341811, 0.0100594088435, 0.00266458280385, 0.00338018033653, 0.00320056034252, 0.00178471440449, 0.00117681408301, 0.000602576648816, 0.00054336769972, 0.000250458979281, 0.000216088010347, 0.00021893363737, 0.000212240294786, 0.00016261950077, 0.000105409555545, 0.000112058478408, 0.000168459504494, 0.00035276231938, 0.000112832989544, 4.87114557473e-05, 7.79504844104e-05, 8.83126776898e-05, 8.31322031445e-05, 0.000118974603538, 5.68289397052e-05, 2.98815230053e-05, 9.95730169961e-06, 7.80252776167e-06, 2.07172001865e-06, 1.68520259081e-07],
        "mean": [0.000603215768933, 0.00116388173774, 0.000426941231126, 0.000328612368321, 0.000402415549615, 0.000606375164352, 0.000319790298818, 0.000187970232219, 0.00037982800859, 0.00065653922502, 0.000634680385701, 0.000352418865077, 7.67786696088e-05, 6.96029892424e-05, 4.87070174131e-05, 4.59643852082e-05, 4.20823525928e-05, 2.92693312076e-05, 1.54778135766e-05, 1.41885693665e-05, 1.10238015623e-05, 1.03879938251e-05, 1.02552003227e-05, 5.678348316e-06, 5.3649041547e-06, 4.59414059151e-06, 1.01061277746e-05, 1.41780146805e-05, 5.443516784e-06, 5.07411277795e-06, 5.22544041814e-06, 5.85868974667e-06, 4.23558913099e-06, 2.42401392825e-06, 1.4966379922e-06, 6.84329052092e-07, 3.36846284199e-07, 1.54239771177e-07, 2.32509052012e-08, 1.15370668574e-09],
        "min": [8.53007577462e-07, 2.56889279626e-06, 3.08334369947e-06, 6.25035397661e-07, 2.07029052035e-06, 3.10526729663e-06, 6.84279996221e-07, 4.25872116239e-07, 8.98599637367e-07, 6.92176627126e-07, 5.96007510012e-07, 4.05775068657e-07, 1.37256392918e-07, 1.51429105699e-07, 3.32292614758e-07, 2.38343602632e-07, 2.43160798163e-07, 7.27608480133e-08, 1.22164209415e-07, 1.73900602363e-07, 6.03094107987e-08, 4.50534720642e-08, 2.58554955224e-08, 2.23512710562e-08, 4.92854184131e-08, 5.94698121859e-08, 4.28565734012e-08, 3.1517409127e-08, 2.30873826723e-08, 9.46162881377e-09, 3.85424003824e-09, 1.26029908731e-09, 4.17005679987e-10, 3.76216982914e-12, 3.81412436357e-12, 2.40542872079e-12, 2.45009026088e-12, 1.23876473315e-12, 1.19389632729e-12, 1.1624502359e-12],
        "stdev": [0.000809455581475, 0.00153800589032, 0.000531901663635, 0.000588106282521, 0.000783121737186, 0.00125957361888, 0.000740445917472, 0.000527768628672, 0.00105240510311, 0.00142147042789, 0.00154772098176, 0.00112301600166, 0.000200163500267, 0.0002086446475, 0.000160465206136, 0.000124758240418, 0.000101518191514, 6.07404472248e-05, 3.19548416883e-05, 2.33026676142e-05, 1.61831922014e-05, 1.71948886418e-05, 1.53134405991e-05, 8.18936132418e-06, 8.68085498951e-06, 6.47694878353e-06, 1.61269126693e-05, 2.58193049376e-05, 8.11002246337e-06, 7.26184134692e-06, 8.00097768661e-06, 9.29072848521e-06, 6.3894763116e-06, 6.5548792918e-06, 4.39484847448e-06, 1.88118235656e-06, 8.90977844392e-07, 5.21407400811e-07, 1.11546540893e-07, 8.36461033771e-09]
    },
    "melbands128": {
        "max": [0.00175275828224, 0.00722698867321, 0.026156000793, 0.0232682656497, 0.0205120574683, 0.017656840384, 0.00731715699658, 0.00637660268694, 0.00569547060877, 0.0106438286602, 0.0140061397105, 0.0183711349964, 0.0133961718529, 0.0149762053043, 0.015995638445, 0.0131791327149, 0.0121543863788, 0.0132295582443, 0.0115746594965, 0.00983383040875, 0.00993870571256, 0.0167977046221, 0.0137956077233, 0.0218706484884, 0.0161297284067, 0.0262703709304, 0.0219802223146, 0.0236433148384, 0.0193995777518, 0.0135381491855, 0.0166816245764, 0.00860234815627, 0.00397835718468, 0.00271239224821, 0.00914491806179, 0.00340168573894, 0.0115629862994, 0.006491872482, 0.00218145828694, 0.00235858070664, 0.00347648118623, 0.0051686889492, 0.00140888663009, 0.00278341770172, 0.00139365217183, 0.00116916303523, 0.00100707134698, 0.000577021273784, 0.00147032027598, 0.000650596106425, 0.000364356616046, 0.000528610486072, 0.000501940376125, 0.000310525065288, 0.000577706901822, 0.000450413877843, 0.000177848749445, 0.000399661337724, 0.000283407076495, 0.000338130601449, 0.000307570036966, 0.00011578482372, 0.000156796886586, 0.000166521160281, 0.000111012690468, 5.65692062082e-05, 0.000159451956279, 0.000484091608087, 0.00029490707675, 0.000437066191807, 0.000772729341406, 0.000535611412488, 0.000129528823891, 0.000128658342874, 9.53783019213e-05, 9.12007453735e-05, 0.000130572429043, 0.000100205317722, 0.000117729163321, 0.000130657484988, 0.000156875015819, 0.000123668593005, 8.18789412733e-05, 7.09387168172e-05, 0.000136861184728, 9.92891291389e-05, 0.000192893741769, 0.000119408257888, 8.13758088043e-05, 7.86348973634e-05, 4.01714933105e-05, 2.8723387004e-05, 1.52479096869e-05, 1.07575906441e-05, 1.36118869705e-05, 1.77314177563e-05, 7.88486158854e-06, 4.69718224849e-06, 2.86803197014e-06, 9.52834625423e-07, 3.41133869597e-07, 4.04551983024e-08, 8.06970046341e-09, 7.72213937239e-09, 7.4713080167e-09, 7.12562897576e-09, 6.84383083538e-09, 6.58581145174e-09, 6.40950714725e-09, 6.18680218167e-09, 5.96609250891e-09, 5.77711567473e-09, 5.50073986361e-09, 5.30548494027e-09, 5.11157560723e-09, 4.95076957208e-09, 4.78995909603e-09, 4.69404914938e-09, 4.54936888161e-09, 4.39479874714e-09, 4.31129842937e-09, 4.18168744076e-09, 4.13631306984e-09, 4.08277189834e-09, 4.05391142877e-09, 4.01965438712e-09, 3.96891008947e-09, 3.94684906979e-09],
        "mean": [5.03610972373e-05, 0.000350121670635, 0.000783197057899, 0.00118181074504, 0.00147562858183, 0.000958709802944, 0.000457450834801, 0.000319424987538, 0.000273036916042, 0.000353679730324, 0.000339534599334, 0.000333952106303, 0.000342994346283, 0.000547700037714, 0.000825300230645, 0.000520042260177, 0.000322595296893, 0.000338487705449, 0.000248580501648, 0.00012441011495, 0.000170797167812, 0.000311466603307, 0.000436961156083, 0.000389625231037, 0.000587478163652, 0.000915472686756, 0.000502570241224, 0.000747421057895, 0.000569577561691, 0.000409564352594, 0.000338229699992, 7.23584817024e-05, 5.51564335183e-05, 7.22363110981e-05, 7.94192528701e-05, 5.16096988576e-05, 8.98232174222e-05, 4.27876911999e-05, 3.06230795104e-05, 3.8890309952e-05, 5.60957450944e-05, 4.93819316034e-05, 2.83777480945e-05, 5.50630174985e-05, 3.60635531251e-05, 2.25579933613e-05, 2.35968527704e-05, 1.21482926261e-05, 1.35239533847e-05, 1.72141590156e-05, 1.37511997309e-05, 1.29354884848e-05, 8.70387884788e-06, 1.02156072899e-05, 1.59887040354e-05, 9.28582721826e-06, 5.79319885219e-06, 1.33368375828e-05, 9.79761625786e-06, 9.04016997083e-06, 4.68084226668e-06, 3.36139123647e-06, 7.44569661038e-06, 4.93134348289e-06, 3.9848605411e-06, 3.4343970583e-06, 5.96136578679e-06, 6.86708381181e-06, 8.60443924466e-06, 1.81903396879e-05, 1.90006085177e-05, 9.64039827522e-06, 5.44881095266e-06, 5.38517633686e-06, 4.09643098465e-06, 5.41771032658e-06, 5.26221538166e-06, 4.871200872e-06, 4.97889641338e-06, 5.87152680964e-06, 6.27719555268e-06, 5.76199863644e-06, 5.00044188811e-06, 4.42503505838e-06, 3.2833829664e-06, 2.64090840574e-06, 2.16221042137e-06, 1.91016602002e-06, 1.48070409978e-06, 1.24783514366e-06, 8.27269957426e-07, 5.16757097557e-07, 4.1828050712e-07, 3.35140072139e-07, 2.98746499539e-07, 2.35631063106e-07, 1.16733701816e-07, 4.57121842601e-08, 2.51829206377e-08, 9.00826524486e-09, 1.51779677715e-09, 1.60523899728e-10, 1.34164146806e-11, 1.23547465661e-11, 1.18541244529e-11, 1.13613380856e-11, 1.15490577171e-11, 1.28970584212e-11, 1.07449136394e-11, 9.8094475251e-12, 9.5501957037e-12, 9.30042588082e-12, 8.89921296376e-12, 8.54520794402e-12, 8.30417679065e-12, 8.16226426725e-12, 8.03970605368e-12, 7.8406309223e-12, 7.70285918383e-12, 7.50100502545e-12, 7.27142001125e-12, 7.16419588584e-12, 7.14187172943e-12, 6.98221081646e-12, 6.38312319667e-12, 5.42172253273e-12, 4.88218233202e-12, 4.78645118332e-12],
        "min": [1.19643415175e-08, 5.1879720786e-07, 2.00705457587e-07, 6.41206156615e-07, 1.30532180265e-06, 5.64220499655e-07, 7.99481654212e-07, 5.77800108204e-07, 1.31853980179e-07, 7.10507634949e-08, 8.5779845449e-08, 8.88891804607e-08, 4.20301148552e-07, 6.67356459871e-07, 5.83627468131e-07, 1.87707456689e-07, 2.86541705918e-07, 1.40503857438e-07, 3.89641385823e-08, 6.08069399277e-08, 7.38430045999e-08, 4.99495946826e-08, 3.64127970442e-07, 2.25182546387e-07, 2.64326615707e-07, 2.50882408181e-07, 7.11115148988e-08, 1.11529388391e-07, 8.35918072539e-08, 4.84571280879e-08, 6.34659187426e-08, 1.85101907135e-08, 1.59181468007e-08, 3.36456942307e-08, 2.92155242221e-08, 4.71734509233e-08, 4.57830289236e-08, 2.0640904097e-08, 3.10141423654e-08, 9.05846206933e-08, 7.92317749188e-08, 2.70480207121e-08, 4.45925074644e-08, 3.37348780022e-08, 7.50233031255e-09, 6.59928929281e-08, 2.21054694549e-08, 1.19278489308e-08, 1.60928586013e-08, 4.29899706944e-08, 5.3754632745e-08, 4.50324613155e-08, 1.54483785764e-08, 3.18680726252e-08, 7.37435073006e-08, 2.15519371238e-08, 6.18762197035e-09, 1.4965706896e-08, 3.78834066339e-08, 2.71900120197e-08, 1.74174825673e-08, 1.08985585001e-08, 1.44637706256e-08, 1.87066717672e-08, 1.94635969564e-08, 1.55465418317e-08, 1.63509223938e-08, 1.30834880707e-08, 1.12236770988e-08, 2.41041107074e-08, 1.21533254571e-08, 7.56047491279e-09, 1.21787806506e-08, 8.17432521671e-09, 3.97734511992e-09, 5.57650370325e-09, 1.88117565969e-09, 3.99768529391e-09, 1.15562459602e-09, 1.82503967494e-09, 6.96868007743e-10, 4.35494307283e-10, 5.41835909473e-10, 1.35444877536e-10, 7.25553211262e-12, 2.91352185433e-12, 3.31894342738e-12, 2.76553432932e-12, 3.5172878065e-12, 2.27051428874e-12, 2.13339437262e-12, 1.46506244636e-12, 2.16780261277e-12, 1.51663349848e-12, 1.44123070683e-12, 1.22526381402e-12, 1.01709526218e-12, 1.098753033e-12, 1.1130442271e-12, 7.33496434164e-13, 8.81851666343e-13, 8.83734762886e-13, 7.48280886038e-13, 1.10514906688e-12, 8.58719725102e-13, 7.64030548897e-13, 4.59245000969e-13, 9.4135333209e-13, 6.83938257591e-13, 9.22981309437e-13, 8.60280217289e-13, 9.12277198228e-13, 1.00609787428e-12, 9.65082722938e-13, 8.5748622829e-13, 8.86017713191e-13, 6.75945356545e-13, 9.09922961631e-13, 1.04655184258e-12, 9.71745687389e-13, 8.90065636212e-13, 7.88294614047e-13, 8.87710803303e-13, 9.56425368591e-13, 7.21229499734e-13, 2.42002435886e-13, 3.50421900969e-14, 1.23147536751e-15],
        "stdev": [0.000107318017399, 0.000596791272983, 0.00129325140733, 0.00158828427084, 0.00225608283654, 0.00152322615031, 0.000655769370496, 0.000544162583537, 0.000535556464456, 0.000781333597843, 0.000866654096171, 0.00123083451763, 0.000829611613881, 0.0013993284665, 0.00206650793552, 0.0013727810001, 0.000915089738555, 0.00110932881944, 0.000809032237157, 0.000551743258256, 0.000782874936704, 0.00126160786022, 0.00156612228602, 0.00149181555025, 0.00151572120376, 0.00266825803556, 0.00162789679598, 0.00256298948079, 0.00207144441083, 0.00155262486078, 0.00165670574643, 0.000332833064022, 0.000204819836654, 0.000240172361373, 0.000404317572247, 0.000175138848135, 0.000449738145107, 0.000228581950068, 8.70384392329e-05, 0.000129883817863, 0.000210860016523, 0.00022765265021, 8.23893060442e-05, 0.00020717222651, 0.000108430373075, 7.02852776158e-05, 6.68762586429e-05, 3.28856913256e-05, 5.48520074517e-05, 4.47317434009e-05, 2.69003066933e-05, 2.67652085313e-05, 2.18678196688e-05, 2.24984087254e-05, 3.43799038092e-05, 2.62130542978e-05, 1.32638942887e-05, 2.85540027107e-05, 1.75043078343e-05, 1.66327627085e-05, 1.09479960884e-05, 6.57632199363e-06, 1.57650774781e-05, 9.48881643126e-06, 9.13397161639e-06, 4.99189991388e-06, 1.14918284453e-05, 2.17768865696e-05, 2.0452966055e-05, 3.87797117583e-05, 4.67795507575e-05, 2.53208545473e-05, 1.03261500044e-05, 1.02991043605e-05, 8.08179447631e-06, 1.00713696156e-05, 9.82502024272e-06, 9.05925389816e-06, 9.49773857428e-06, 1.15058928714e-05, 1.29934533106e-05, 1.03535458038e-05, 8.34971433505e-06, 7.66596258472e-06, 7.19611171007e-06, 6.63763921693e-06, 7.91697948443e-06, 6.74538841849e-06, 4.35557967648e-06, 3.85589737562e-06, 2.49871300184e-06, 1.53730013608e-06, 1.0857372672e-06, 8.61468265612e-07, 9.95702180262e-07, 8.73661747391e-07, 4.11966738056e-07, 2.01068203864e-07, 1.40310589813e-07, 5.956423621e-08, 1.3698763901e-08, 1.59117674592e-09, 1.7666225427e-10, 1.6862029828e-10, 1.63144761589e-10, 1.55605223151e-10, 1.49598444743e-10, 1.45585321576e-10, 1.40024450368e-10, 1.35075506336e-10, 1.30252225672e-10, 1.26123958499e-10, 1.20094947875e-10, 1.1583044246e-10, 1.1159827229e-10, 1.08078733463e-10, 1.04567035586e-10, 1.02470226748e-10, 9.93141263672e-11, 9.59404292122e-11, 9.41148339817e-11, 9.12877343162e-11, 9.0292981425e-11, 8.91249227197e-11, 8.85033157871e-11, 8.77727959758e-11, 8.66768809504e-11, 8.61967511256e-11]
    },
    "mfcc": {
        "mean": [-672.67779541, 156.899215698, -28.9187412262, 53.2355422974, -39.725063324, 32.5949249268, -21.8747196198, 21.7823963165, -6.59810066223, 14.150888443, -8.9866361618, 4.33699178696, -7.0743894577],
        "cov": [[3618.99975586, -1216.26159668, -69.6653366089, -194.923568726, -520.419494629, 406.781005859, -114.834899902, 260.298828125, -225.103530884, 294.707244873, -309.547088623, 182.027282715, -291.578186035], [-1216.26159668, 1011.92425537, -315.142700195, 209.530853271, 77.2937316895, -111.084129333, 20.1198196411, -85.0330276489, 101.654304504, -100.39390564, 181.909698486, -109.344146729, 156.776931763], [-69.6653366089, -315.142700195, 518.29296875, -107.241706848, 150.302902222, -53.1909599304, -51.0202903748, -9.16708564758, -45.0695343018, -4.34366464615, -38.7096443176, 61.4969978333, -34.2398719788], [-194.923568726, 209.530853271, -107.241706848, 313.460327148, 17.934381485, -9.24270629883, -55.2340126038, -35.9240112305, 22.7700328827, -25.2428970337, 0.0508933514357, -13.0257854462, 66.3105545044], [-520.419494629, 77.2937316895, 150.302902222, 17.934381485, 380.672576904, -111.925163269, 34.3045082092, -33.9556427002, 27.4614753723, -30.773109436, -6.66017818451, 14.1028776169, 10.4747629166], [406.781005859, -111.084129333, -53.1909599304, -9.24270629883, -111.925163269, 197.437698364, 27.2951488495, 72.7347335815, -15.709528923, 48.3897590637, -11.007437706, -11.5184135437, -39.3344688416], [-114.834899902, 20.1198196411, -51.0202903748, -55.2340126038, 34.3045082092, 27.2951488495, 195.644439697, 33.3224945068, 60.289276123, 1.24487268925, 33.5908508301, -29.0912132263, -17.0304012299], [260.298828125, -85.0330276489, -9.16708564758, -35.9240112305, -33.9556427002, 72.7347335815, 33.3224945068, 144.875656128, -8.53162288666, 46.9651947021, -19.2020664215, 2.63196206093, -41.6568489075], [-225.103530884, 101.654304504, -45.0695343018, 22.7700328827, 27.4614753723, -15.709528923, 60.289276123, -8.53162288666, 151.797897339, -1.02556359768, 54.6096763611, -45.6830940247, 9.18087100983], [294.707244873, -100.39390564, -4.34366464615, -25.2428970337, -30.773109436, 48.3897590637, 1.24487268925, 46.9651947021, -1.02556359768, 131.703109741, -10.7405586243, 20.7368049622, -47.7090110779], [-309.547088623, 181.909698486, -38.7096443176, 0.0508933514357, -6.66017818451, -11.007437706, 33.5908508301, -19.2020664215, 54.6096763611, -10.7405586243, 160.429138184, -29.0359458923, 40.4344940186], [182.027282715, -109.344146729, 61.4969978333, -13.0257854462, 14.1028776169, -11.5184135437, -29.0912132263, 2.63196206093, -45.6830940247, 20.7368049622, -29.0359458923, 102.423034668, -10.9604253769], [-291.578186035, 156.776931763, -34.2398719788, 66.3105545044, 10.4747629166, -39.3344688416, -17.0304012299, -41.6568489075, 9.18087100983, -47.7090110779, 40.4344940186, -10.9604253769, 128.625961304]],
        "icov": [[0.000969356449787, 0.000864113157149, 0.000644941930659, 3.06762740365e-05, 0.000570098811295, -0.00068899145117, 0.00050595990615, -0.000383047183277, 0.000203639327083, -0.000611161289271, 0.000487539509777, -0.000777036941145, 0.00052515527932], [0.000864113157149, 0.00310383271426, 0.00183743925299, -0.00072239455767, -0.000234854975133, 0.000248645432293, 0.000750351755414, -0.000459745264379, 0.000337658508215, 8.98080452316e-06, -0.00152607623022, 0.000540037464816, -0.000412167952163], [0.000644941930659, 0.00183743925299, 0.00388949085027, 0.000726685568225, -0.00125030695926, -9.88252577372e-05, 0.00161170761567, -0.000327420450049, 0.000280398176983, 0.00025443197228, -0.000640031765215, -0.000880062987562, 0.000262681773165], [3.06762740365e-05, -0.00072239455767, 0.000726685568225, 0.0046942057088, -0.000602908316068, -0.00116987619549, 0.00171406462323, 0.000432299653767, -0.0011839956278, 3.55719639629e-05, 0.00134436006192, -0.000562303350307, -0.00159105123021], [0.000570098811295, -0.000234854975133, -0.00125030695926, -0.000602908316068, 0.00450530834496, 0.00138890882954, -0.00131347600836, -0.000195301137865, -0.000249208329478, -0.000461094925413, 0.00128730630968, -0.000996338552795, 0.000734455476049], [-0.00068899145117, 0.000248645432293, -9.88252577372e-05, -0.00116987619549, 0.00138890882954, 0.00890069827437, -0.00166789803188, -0.00237973616458, 0.00118287408259, -0.000841903092805, -0.00107143935747, 0.00224117632024, 0.000460204726551], [0.00050595990615, 0.000750351755414, 0.00161170761567, 0.00171406462323, -0.00131347600836, -0.00166789803188, 0.0078952210024, -0.00153506186325, -0.00243299454451, 0.000733924971428, -0.000761054223403, 4.32939232269e-05, 0.000611678406131], [-0.000383047183277, -0.000459745264379, -0.000327420450049, 0.000432299653767, -0.000195301137865, -0.00237973616458, -0.00153506186325, 0.00981196761131, 0.000319069251418, -0.00178390927613, 0.000654819072224, 0.000285085145151, 0.000778652145527], [0.000203639327083, 0.000337658508215, 0.000280398176983, -0.0011839956278, -0.000249208329478, 0.00118287408259, -0.00243299454451, 0.000319069251418, 0.00983511749655, -0.00136838038452, -0.00233524455689, 0.00322410068475, 0.000697600364219], [-0.000611161289271, 8.98080452316e-06, 0.00025443197228, 3.55719639629e-05, -0.000461094925413, -0.000841903092805, 0.000733924971428, -0.00178390927613, -0.00136838038452, 0.0108111137524, -0.00128155795392, -0.00174419640098, 0.00231444067322], [0.000487539509777, -0.00152607623022, -0.000640031765215, 0.00134436006192, 0.00128730630968, -0.00107143935747, -0.000761054223403, 0.000654819072224, -0.00233524455689, -0.00128155795392, 0.0100016705692, -0.000602291082032, -0.00172343640588], [-0.000777036941145, 0.000540037464816, -0.000880062987562, -0.000562303350307, -0.000996338552795, 0.00224117632024, 4.32939232269e-05, 0.000285085145151, 0.00322410068475, -0.00174419640098, -0.000602291082032, 0.0140868229792, -0.000986870145425], [0.00052515527932, -0.000412167952163, 0.000262681773165, -0.00159105123021, 0.000734455476049, 0.000460204726551, 0.000611678406131, 0.000778652145527, 0.000697600364219, 0.00231444067322, -0.00172343640588, -0.000986870145425, 0.0120379021391]]
    },
    "spectral_contrast_coeffs": {
        "max": [-0.405436217785, -0.380159258842, -0.388108432293, -0.611469566822, -0.603119492531, -0.315874487162],
        "mean": [-0.729150235653, -0.724389135838, -0.714441716671, -0.790236592293, -0.775269806385, -0.555230915546],
        "min": [-0.923292458057, -0.903356909752, -0.916759848595, -0.917922377586, -0.878154098988, -0.775154292583],
        "stdev": [0.0688383951783, 0.0916790440679, 0.0894041582942, 0.0502102635801, 0.0506928265095, 0.0654082372785]
    },
    "spectral_contrast_valleys": {
        "max": [-5.32841444016, -4.80305480957, -5.74320077896, -6.37575435638, -6.26359987259, -9.37780094147],
        "mean": [-6.74831056595, -6.72548294067, -7.46227884293, -7.82384395599, -7.84648752213, -12.9774522781],
        "min": [-8.78874588013, -8.66116142273, -9.59940338135, -9.59086990356, -9.5058221817, -15.577753067],
        "stdev": [0.509223878384, 0.531619131565, 0.666438102722, 0.590146124363, 0.62801861763, 1.31803786755]
    }
},
"rhythm": {
    "beats_count": 128,
    "beats_loudness": {
        "max": 0.0850463137031,
        "mean": 0.030319146812,
        "min": 0.0021325040143,
        "stdev": 0.0193452779204
    },
    "bpm": 163.118225098,
    "bpm_histogram_first_peak_bpm": 161,
    "bpm_histogram_first_peak_weight": 0.310810804367,
    "bpm_histogram_second_peak_bpm": 167,
    "bpm_histogram_second_peak_spread": 0,
    "bpm_histogram_second_peak_weight": 0.181102365255,
    "danceability": 0.92944920063,
    "onset_rate": 2.4404296875,
    "beats_loudness_band_ratio": {
        "max": [0.859129786491, 0.825667202473, 0.889078140259, 0.885710418224, 0.148089691997, 0.696962833405],
        "mean": [0.277733325958, 0.204351767898, 0.313221633434, 0.164176777005, 0.0431252792478, 0.047485679388],
        "min": [0.00644636293873, 0.0109204603359, 0.0296321492642, 0.00700249243528, 0.00212562503293, 0.00169603922404],
        "stdev": [0.216383323073, 0.206777662039, 0.226885452867, 0.217163920403, 0.0345110036433, 0.0727061107755]
    },
