{
"metadata": {
    "version": {
        "essentia": "2.1-beta5",
        "essentia_git_sha": "Undefined",
        "extractor": "music 2.0"
    },
    "audio_properties": {
        "analysis": {
            "equal_loudness": 0,
            "length": 48.7502937317,
            "sample_rate": 44100,
            "start_time": 61.4980506897,
            "downmix": "mix"
        },
        "bit_rate": 192000,
        "length": 198.008163452,
        "lossless": 0,
        "number_channels": 2,
        "replay_gain": 0.548109054565,
        "sample_rate": 48000,
        "codec": "mp3",
        "md5_encoded": "29c4996fb1f162d6275702626d20a7f9"
    },
    "tags": {
        "file_name": "Ireland_Heartbeat_Can-Linn feat. Kasey Smith.mp3",
        "encoding": ["Lavf58.29.100"]
    }
},
"lowlevel": {
    "average_loudness": 0.971902787685,
    "barkbands_crest": {
        "max": 24.6956996918,
        "mean": 10.6289300919,
        "min": 2.5324420929,
        "stdev": 4.51272058487
    },
    "barkbands_flatness_db": {
        "max": 0.333383977413,
        "mean": 0.183870404959,
        "min": 0.0937635079026,
        "stdev": 0.0356477126479
    },
    "barkbands_kurtosis": {
        "max": 59.1578979492,
        "mean": 3.73595833778,
        "min": -1.79367220402,
        "stdev": 5.32251739502
    },
    "barkbands_skewness": {
        "max": 6.53860187531,
        "mean": 1.59008598328,
        "min": -0.592713356018,
        "stdev": 0.921193480492
    },
    "barkbands_spread": {
        "max": 76.8136367798,
        "mean": 21.6655597687,
        "min": 1.95437252522,
        "stdev": 10.1136903763
    },
    "dissonance": {
        "max": 0.49995598197,
        "mean": 0.464869260788,
        "min": 0.320823669434,
        "stdev": 0.0250681880862
    },
    "dynamic_complexity": 2.17886257172,
    "erbbands_crest": {
        "max": 30.654630661,
        "mean": 9.57674694061,
        "min": 2.46246981621,
        "stdev": 4.80549573898
    },
    "erbbands_flatness_db": {
        "max": 0.354327321053,
        "mean": 0.19521163404,
        "min": 0.112305961549,
        "stdev": 0.0310974288732
    },
    "erbbands_kurtosis": {
        "max": 37.048324585,
        "mean": 0.365744411945,
        "min": -1.6734777689,
        "stdev": 2.22401189804
    },
    "erbbands_skewness": {
        "max": 5.4183382988,
        "mean": 0.565396308899,
        "min": -1.70734763145,
        "stdev": 0.735761284828
    },
    "erbbands_spread": {
        "max": 104.446464539,
        "mean": 39.7026977539,
        "min": 4.7364397049,
        "stdev": 14.5292520523
    },
    "hfc": {
        "max": 90.9645080566,
        "mean": 21.784040451,
        "min": 0.426965028048,
        "stdev": 13.8944692612
    },
    "loudness_ebu128": {
        "integrated": -22.7799892426,
        "loudness_range": 2.99772644043,
        "momentary": {
            "max": -20.6677341461,
            "mean": -23.1986865997,
            "min": -37.6323623657,
            "stdev": 2.13466072083
        },
        "short_term": {
            "max": -21.5492115021,
            "mean": -23.0148086548,
            "min": -25.9204082489,
            "stdev": 1.188352108
        }
    },
    "melbands_crest": {
        "max": 32.8678321838,
        "mean": 14.9311380386,
        "min": 3.24280261993,
        "stdev": 5.68497943878
    },
    "melbands_flatness_db": {
        "max": 0.419485569,
        "mean": 0.217738643289,
        "min": 0.0863229259849,
        "stdev": 0.0485006086528
    },
    "melbands_kurtosis": {
        "max": 114.531867981,
        "mean": 12.0762109756,
        "min": -1.05592906475,
        "stdev": 13.101855278
    },
    "melbands_skewness": {
        "max": 9.38959503174,
        "mean": 2.56371212006,
        "min": -0.281729161739,
        "stdev": 1.33121216297
    },
    "melbands_spread": {
        "max": 92.7926635742,
        "mean": 21.2067375183,
        "min": 1.7528809309,
        "stdev": 11.8209657669
    },
    "pitch_salience": {
        "max": 0.850397586823,
        "mean": 0.520788311958,
        "min": 0.152652576566,
        "stdev": 0.115921780467
    },
    "silence_rate_20dB": {
        "max": 1,
        "mean": 1,
        "min": 1,
        "stdev": 0
    },
    "silence_rate_30dB": {
        "max": 1,
        "mean": 0.99714422226,
        "min": 0,
        "stdev": 0.0533628687263
    },
    "silence_rate_60dB": {
        "max": 1,
        "mean": 0.0157068055123,
        "min": 0,
        "stdev": 0.124340437353
    },
    "spectral_centroid": {
        "max": 3549.18945312,
        "mean": 1390.35852051,
        "min": 325.737762451,
        "stdev": 534.127258301
    },
    "spectral_complexity": {
        "max": 57,
        "mean": 21.6016178131,
        "min": 0,
        "stdev": 9.30794906616
    },
    "spectral_decrease": {
        "max": -9.00705482421e-11,
        "mean": -9.28899179797e-09,
        "min": -4.23094910218e-08,
        "stdev": 5.59659563137e-09
    },
    "spectral_energy": {
        "max": 0.163038566709,
        "mean": 0.03703475371,
        "min": 0.000378673634259,
        "stdev": 0.0219169296324
    },
    "spectral_energyband_high": {
        "max": 0.00817678309977,
        "mean": 0.000826047500595,
        "min": 1.04825385279e-05,
        "stdev": 0.000767613761127
    },
    "spectral_energyband_low": {
        "max": 0.140471249819,
        "mean": 0.0165926478803,
        "min": 5.61236220165e-07,
        "stdev": 0.0168370865285
    },
    "spectral_energyband_middle_high": {
        "max": 0.0398176237941,
        "mean": 0.00632047420368,
        "min": 8.15382663859e-05,
        "stdev": 0.00669271219522
    },
    "spectral_energyband_middle_low": {
        "max": 0.0666886046529,
        "mean": 0.0144211268052,
        "min": 0.000126034690766,
        "stdev": 0.0102994749323
    },
    "spectral_entropy": {
        "max": 8.66835212708,
        "mean": 7.6296620369,
        "min": 6.520195961,
        "stdev": 0.270601332188
    },
    "spectral_flux": {
        "max": 0.336295157671,
        "mean": 0.0996258482337,
        "min": 0.0127985673025,
        "stdev": 0.0462625026703
    },
    "spectral_kurtosis": {
        "max": 12.4760971069,
        "mean": 1.60602712631,
        "min": -0.857346773148,
        "stdev": 1.54772639275
    },
    "spectral_rms": {
        "max": 0.0126119796187,
        "mean": 0.00574230030179,
        "min": 0.000607813883107,
        "stdev": 0.00177692179568
    },
    "spectral_rolloff": {
        "max": 6503.02734375,
        "mean": 1061.43713379,
        "min": 64.599609375,
        "stdev": 816.74206543
    },
    "spectral_skewness": {
        "max": 2.98692178726,
        "mean": 0.920461297035,
        "min": -0.121174015105,
        "stdev": 0.297988682985
    },
    "spectral_spread": {
        "max": 22585682,
        "mean": 3734747.25,
        "min": 2289709,
        "stdev": 676881.3125
    },
    "spectral_strongpeak": {
        "max": 8.50397872925,
        "mean": 0.881943225861,
        "min": 0.0155567210168,
        "stdev": 1.06301474571
    },
    "zerocrossingrate": {
        "max": 0.15478515625,
        "mean": 0.0486540533602,
        "min": 0.005859375,
        "stdev": 0.0180199053138
    },
    "barkbands": {
        "max": [0.00310632470064, 0.0981547534466, 0.0704739689827, 0.0292938537896, 0.0311538763344, 0.0340045876801, 0.0445751659572, 0.0429892465472, 0.0439025051892, 0.0314260832965, 0.0292985308915, 0.0214654095471, 0.0100302686915, 0.00810229592025, 0.00881857052445, 0.0107483547181, 0.0107141584158, 0.00747395073995, 0.00689688837156, 0.00411460688338, 0.00192182417959, 0.00266344356351, 0.00329620251432, 0.00146425690036, 2.11153947021e-05, 1.24768155274e-06, 1.34333288315e-06],
        "mean": [0.000368773733499, 0.0124881314114, 0.00299547123723, 0.00140372477472, 0.00288486573845, 0.00276107573882, 0.00241712084971, 0.00253007630818, 0.00170456699561, 0.00203775591217, 0.000917570199817, 0.000667103216983, 0.000448803446488, 0.000321867148159, 0.000436895439634, 0.000453742570244, 0.000353289156919, 0.000470363040222, 0.000355436641257, 0.000385800638469, 0.000203383053304, 0.000215316467802, 0.000155646644998, 5.76973798161e-05, 2.66490303602e-07, 1.93706140017e-09, 2.02323557907e-09],
        "min": [6.6316907521e-10, 2.59260986013e-08, 3.14873773277e-07, 5.19411855748e-07, 2.66277288574e-06, 2.89569925371e-06, 3.70419144247e-07, 6.13458269072e-06, 5.69617668589e-06, 3.69032841263e-06, 3.86155443266e-06, 3.42070143233e-06, 5.71684540773e-06, 2.25149187827e-06, 5.92637570662e-06, 7.50501021685e-06, 6.25433904133e-06, 2.90875345854e-06, 4.78352831124e-06, 2.94228311759e-06, 3.27883435602e-06, 3.22906225847e-06, 9.43551469845e-07, 5.62711441887e-08, 8.15432929513e-11, 1.17196072291e-10, 1.65568003752e-10],
        "stdev": [0.000473598425742, 0.0143715562299, 0.00574270170182, 0.00241033174098, 0.00353352352977, 0.00403892854229, 0.00412145350128, 0.00433960463852, 0.00335197872482, 0.00366628612392, 0.00235382746905, 0.00155981432181, 0.000782784714829, 0.000596395286266, 0.000659556128085, 0.000780370261054, 0.000666427891701, 0.000798405148089, 0.000456639943877, 0.000440029485617, 0.00022142753005, 0.000247694610152, 0.000191871906281, 7.47052035877e-05, 1.12928194085e-06, 2.72627680431e-08, 2.93480617586e-08]
    },
    "erbbands": {
        "max": [3.00901055336, 23.3888206482, 81.0795898438, 96.8975830078, 146.07901001, 137.457824707, 214.594970703, 383.975158691, 700.85760498, 695.540222168, 1104.69458008, 1238.29064941, 1060.97790527, 1011.96478271, 1044.46789551, 1109.82287598, 478.648132324, 351.537231445, 556.13293457, 443.711181641, 723.848693848, 390.184051514, 440.429168701, 514.913513184, 163.588104248, 251.145477295, 101.065696716, 80.5332641602, 106.631614685, 148.582733154, 54.1322021484, 43.3315200806, 12.9407863617, 0.841655373573, 0.0246556662023, 0.00495513156056, 0.0023248991929, 0.000832994992379, 0.000201756411116, 0.00017997782561],
        "mean": [0.380621254444, 2.66218757629, 4.02008008957, 4.21764087677, 6.02001333237, 9.73566532135, 17.8982563019, 23.5315246582, 33.1832427979, 48.1010437012, 48.6598014832, 43.7225608826, 52.2553787231, 53.1662864685, 38.2685089111, 31.1032886505, 21.8354454041, 16.8824062347, 18.0549659729, 25.5414466858, 26.8275279999, 18.6777801514, 22.9569358826, 24.9673938751, 17.2055950165, 18.798538208, 10.5522699356, 7.75730752945, 8.21227359772, 5.76903057098, 4.10249996185, 2.27213048935, 0.360492944717, 0.0213064551353, 0.000896811368875, 0.000124851110741, 3.71791720681e-05, 1.0823440789e-05, 2.10911894101e-05, 4.35286892753e-05],
        "min": [1.35741379381e-06, 2.44872844632e-05, 0.000473675056128, 0.00115498027299, 0.00622450187802, 0.0297582242638, 0.0271129924804, 0.0390360914171, 0.0570307560265, 0.157802939415, 0.149861097336, 0.143292799592, 0.10460652411, 0.295370280743, 0.205501168966, 0.304465562105, 0.235892772675, 0.122595310211, 0.158431813121, 0.446557372808, 0.574617564678, 0.352398425341, 0.170050829649, 0.160665228963, 0.287002205849, 0.135305911303, 0.127652749419, 0.126923024654, 0.132933869958, 0.0673020705581, 0.0305412821472, 0.0106419958174, 0.000555666221771, 2.91486667265e-05, 4.60060937257e-06, 1.6674048311e-06, 6.20754633474e-07, 2.48125957114e-07, 2.76191570947e-07, 4.77089599826e-07],
        "stdev": [0.473432987928, 3.26573777199, 6.57024812698, 7.74033498764, 9.74749565125, 13.0059347153, 26.4237155914, 40.4851455688, 61.985408783, 74.6324234009, 96.6401596069, 90.0017471313, 99.1990814209, 99.8824996948, 86.7916564941, 73.4927978516, 36.7242164612, 27.638961792, 31.032623291, 33.9541053772, 49.7041778564, 30.880689621, 37.8593215942, 41.4882965088, 18.357460022, 22.7583599091, 11.6927423477, 8.22784137726, 9.42313289642, 7.80271625519, 4.73622083664, 2.55694890022, 0.720673441887, 0.0495884083211, 0.00159569119569, 0.000172359083081, 5.70579104533e-05, 1.97026056412e-05, 1.22195251606e-05, 2.49795284617e-05]
    },
    "gfcc": {
        "mean": [-8.81412124634, 150.596328735, -159.175079346, 70.8652038574, -74.9072113037, 9.7272644043, -8.3679189682, -12.3697919846, 15.5345554352, -22.9968032837, 11.3636798859, -12.4403924942, 0.823016107082],
        "cov": [[1726.88012695, -191.852935791, -125.002098083, 61.5292320251, -7.52012300491, 165.487518311, -0.946312785149, 128.012649536, -23.6831912994, -22.8524417877, 58.532081604, 21.0267047882, 80.3745880127], [-191.852935791, 343.875183105, 93.4548416138, -49.1709594727, 79.9687194824, -86.0235519409, 87.3015975952, -56.6932296753, 30.3003616333, -13.1918706894, 6.88854026794, -11.0630044937, -42.8969993591], [-125.002098083, 93.4548416138, 317.506774902, 112.612487793, -0.640385866165, -6.27331638336, -70.0321350098, -9.90494346619, 51.7167320251, 31.1328582764, 12.9886007309, -6.09722948074, -16.4404201508], [61.5292320251, -49.1709594727, 112.612487793, 208.478622437, 65.7789154053, 18.424030304, -41.6429367065, 3.57811951637, 29.0229930878, 10.7573041916, -14.0182771683, 20.7053661346, 5.09704637527], [-7.52012300491, 79.9687194824, -0.640385866165, 65.7789154053, 145.497833252, 26.9081783295, 67.7185974121, 0.812587499619, 24.9155311584, -6.45145225525, -6.44693422318, 13.8121919632, -2.06511497498], [165.487518311, -86.0235519409, -6.27331638336, 18.424030304, 26.9081783295, 177.45451355, 48.6056671143, 11.6303005219, -17.6083202362, 9.94697284698, 1.49823462963, 2.64261054993, 22.7749977112], [-0.946312785149, 87.3015975952, -70.0321350098, -41.6429367065, 67.7185974121, 48.6056671143, 208.667739868, 27.8263568878, -2.37770533562, 3.65713715553, 10.3530511856, 4.01353120804, -9.31111526489], [128.012649536, -56.6932296753, -9.90494346619, 3.57811951637, 0.812587499619, 11.6303005219, 27.8263568878, 125.204818726, 37.7370872498, 4.63044834137, 24.8901786804, 0.259941220284, 22.4205265045], [-23.6831912994, 30.3003616333, 51.7167320251, 29.0229930878, 24.9155311584, -17.6083202362, -2.37770533562, 37.7370872498, 96.2976150513, 29.2950839996, 4.94281435013, 17.3388671875, 1.07041454315], [-22.8524417877, -13.1918706894, 31.1328582764, 10.7573041916, -6.45145225525, 9.94697284698, 3.65713715553, 4.63044834137, 29.2950839996, 57.6964378357, 27.2492198944, 4.3318862915, 3.6142771244], [58.532081604, 6.88854026794, 12.9886007309, -14.0182771683, -6.44693422318, 1.49823462963, 10.3530511856, 24.8901786804, 4.94281435013, 27.2492198944, 66.7792892456, 23.8900337219, 8.11442184448], [21.0267047882, -11.0630044937, -6.09722948074, 20.7053661346, 13.8121919632, 2.64261054993, 4.01353120804, 0.259941220284, 17.3388671875, 4.3318862915, 23.8900337219, 66.0771026611, 27.2233829498], [80.3745880127, -42.8969993591, -16.4404201508, 5.09704637527, -2.06511497498, 22.7749977112, -9.31111526489, 22.4205265045, 1.07041454315, 3.6142771244, 8.11442184448, 27.2233829498, 70.9925689697]],
        "icov": [[0.000860719417688, -0.000628337613307, 0.000996768008918, -0.00118404522073, 0.000917622062843, -0.00119067798369, 0.000438527960796, -0.000606470799539, -0.000331741990522, 0.00103634723928, -0.00143231346738, 0.000666787149385, -0.000520314206369], [-0.000628337613307, 0.0161370784044, -0.00880024023354, 0.00832523126155, -0.00951242167503, 0.00916854757816, -0.00887754466385, 0.0123268645257, -0.00815437175333, 0.0111982766539, -0.0081599932164, 0.00704757450148, -0.00266594067216], [0.000996768008918, -0.00880024023354, 0.010679458268, -0.00881947856396, 0.00750355282798, -0.0061988318339, 0.00520578259602, -0.00410788645968, -0.000593815988395, -0.00294841523282, -0.00147463474423, 0.000874143850524, 0.00083975988673], [-0.00118404522073, 0.00832523126155, -0.00881947856396, 0.0156439971179, -0.011955329217, 0.00526449596509, -0.000969099870417, 0.00180025259033, 0.00167335500009, -0.00233529973775, 0.00566796399653, -0.00463982671499, 0.00169813830871], [0.000917622062843, -0.00951242167503, 0.00750355282798, -0.011955329217, 0.0196507256478, -0.00708016287535, -0.000343900639564, -0.00230796425603, -0.00343820289709, 0.0025358130224, -0.00165446987376, 0.000381307821954, -0.000698302581441], [-0.00119067798369, 0.00916854757816, -0.0061988318339, 0.00526449596509, -0.00708016287535, 0.0131388837472, -0.00658557051793, 0.00582748325542, -0.000513152685016, 0.00155330239795, -0.000887737376615, 0.00262477970682, -0.00302695995197], [0.000438527960796, -0.00887754466385, 0.00520578259602, -0.000969099870417, -0.000343900639564, -0.00658557051793, 0.0134193580598, -0.0106558892876, 0.00785898976028, -0.0104431426153, 0.00698545528576, -0.00725983222947, 0.0050410986878], [-0.000606470799539, 0.0123268645257, -0.00410788645968, 0.00180025259033, -0.00230796425603, 0.00582748325542, -0.0106558892876, 0.0263991113752, -0.0194343049079, 0.0203369222581, -0.0198860596865, 0.0170236118138, -0.00961431954056], [-0.000331741990522, -0.00815437175333, -0.000593815988395, 0.00167335500009, -0.00343820289709, -0.000513152685016, 0.00785898976028, -0.0194343049079, 0.0316582769156, -0.0266256853938, 0.0217327661812, -0.0193068310618, 0.00822138786316], [0.00103634723928, 0.0111982766539, -0.00294841523282, -0.00233529973775, 0.0025358130224, 0.00155330239795, -0.0104431426153, 0.0203369222581, -0.0266256853938, 0.0491498447955, -0.032296538353, 0.0214319843799, -0.00976664293557], [-0.00143231346738, -0.0081599932164, -0.00147463474423, 0.00566796399653, -0.00165446987376, -0.000887737376615, 0.00698545528576, -0.0198860596865, 0.0217327661812, -0.032296538353, 0.0446101613343, -0.0265243873, 0.00976457353681], [0.000666787149385, 0.00704757450148, 0.000874143850524, -0.00463982671499, 0.000381307821954, 0.00262477970682, -0.00725983222947, 0.0170236118138, -0.0193068310618, 0.0214319843799, -0.0265243873, 0.0373421050608, -0.0152081102133], [-0.000520314206369, -0.00266594067216, 0.00083975988673, 0.00169813830871, -0.000698302581441, -0.00302695995197, 0.0050410986878, -0.00961431954056, 0.00822138786316, -0.00976664293557, 0.00976457353681, -0.0152081102133, 0.0228740051389]]
    },
    "melbands": {
        "max": [0.0265000220388, 0.0371442660689, 0.0146212372929, 0.00777990277857, 0.00665583182126, 0.00766235776246, 0.0104737645015, 0.00724575435743, 0.00968687515706, 0.00766066042706, 0.00530494982377, 0.0045180269517, 0.00440549571067, 0.00231596524827, 0.00148805684876, 0.000693093868904, 0.000804254959803, 0.000852489494719, 0.000469752645586, 0.000445761397714, 0.00082510424545, 0.000498425855767, 0.00102223758586, 0.000316432648106, 0.000519744644407, 0.000154642839334, 0.000112367044494, 0.000156433612574, 0.000102961377706, 5.305810555e-05, 5.25988543814e-05, 6.16563411313e-05, 5.20398061781e-05, 0.000105875777081, 3.30209404638e-05, 2.52626214206e-05, 3.29907124978e-05, 1.05623976197e-05, 2.68215080723e-06, 1.18464221543e-07],
        "mean": [0.00345345051028, 0.00255446624942, 0.00078227207996, 0.000542578985915, 0.000615461438429, 0.000538385240361, 0.000497745466419, 0.000535505241714, 0.000385786814149, 0.000253986363532, 0.000259153428487, 0.000220881920541, 0.000135091249831, 8.30066637718e-05, 6.40230282443e-05, 3.72887370759e-05, 3.11571093334e-05, 2.79368159681e-05, 3.1376388506e-05, 3.28511741827e-05, 3.02329954138e-05, 1.75526674866e-05, 2.34377057495e-05, 2.03766667255e-05, 2.05715768971e-05, 1.16315031846e-05, 1.27154362417e-05, 1.23432009786e-05, 7.67687924963e-06, 4.32570050179e-06, 4.47449428975e-06, 4.95865242556e-06, 3.59045202458e-06, 3.10617724608e-06, 2.43619751927e-06, 2.15910563384e-06, 1.00247405044e-06, 2.75569647101e-07, 4.84236757359e-08, 1.49203238653e-09],
        "min": [5.18733989097e-09, 1.65999367141e-07, 3.77875210233e-07, 4.7929415814e-07, 1.39774249419e-06, 5.28508678599e-07, 7.75986563895e-08, 1.92174002223e-06, 1.14644683435e-06, 6.84276471929e-07, 4.71493308396e-07, 1.03230172499e-06, 3.37925371241e-07, 2.73458425681e-07, 4.07786814094e-07, 5.24279585079e-07, 2.08541848679e-07, 1.81995247317e-07, 4.46050705705e-07, 4.49321902352e-07, 3.93720995362e-07, 3.14160246262e-07, 1.23135464491e-07, 1.57720876359e-07, 1.17430140278e-07, 1.96322659463e-07, 1.72553441757e-07, 6.44764526214e-08, 7.01567373085e-08, 6.22247071647e-08, 4.26434070278e-08, 8.05841082752e-08, 4.81347974812e-08, 2.47577514045e-08, 1.81462578297e-08, 9.40498967594e-09, 1.12724640733e-09, 1.40137554339e-11, 7.72759352168e-13, 6.88615234713e-13],
        "stdev": [0.00407562544569, 0.00325376167893, 0.00124597398099, 0.000688135798555, 0.000846087990794, 0.000868025235832, 0.000892626761924, 0.000828948977869, 0.000783408351708, 0.000525532697793, 0.00050391908735, 0.00043614229071, 0.000350892194547, 0.000188422767678, 0.00011954960064, 5.9739457356e-05, 5.65250520594e-05, 5.20208050148e-05, 4.70220766147e-05, 4.1693510866e-05, 5.84366753174e-05, 3.19527825923e-05, 5.37328669452e-05, 3.212518277e-05, 3.70935522369e-05, 1.3912805116e-05, 1.44281812027e-05, 1.5716694179e-05, 9.53285234573e-06, 5.3898133956e-06, 4.81270490127e-06, 5.83586052016e-06, 4.49013305115e-06, 4.62662410428e-06, 2.98525219478e-06, 2.29952729569e-06, 1.34968274779e-06, 6.34332593563e-07, 1.42083550259e-07, 7.57558460407e-09]
    },
    "melbands128": {
        "max": [0.00308044929989, 0.0263358317316, 0.0462831407785, 0.0450973324478, 0.0508799217641, 0.0326512269676, 0.0225726924837, 0.0106751769781, 0.0192364361137, 0.0100715272129, 0.0101138651371, 0.011600910686, 0.0102197527885, 0.0137566402555, 0.0142468614504, 0.0100655835122, 0.0164354294538, 0.0196901913732, 0.0139345806092, 0.0125624071807, 0.0148991337046, 0.0154197253287, 0.0167636536062, 0.0101330727339, 0.0149264475331, 0.00739191798493, 0.00719105266035, 0.0104708001018, 0.0096235089004, 0.00960907619447, 0.00463957898319, 0.00527053931728, 0.00836662109941, 0.00544821470976, 0.00293169799261, 0.00506596500054, 0.00597747135907, 0.0023277301807, 0.00276094069704, 0.00201346864924, 0.00109845097177, 0.00153359246906, 0.00149357458577, 0.00197055842727, 0.00229462468997, 0.00147387350444, 0.0018828617176, 0.000694823393133, 0.000842436216772, 0.00105393386912, 0.00062924309168, 0.000872497272212, 0.0021667224355, 0.000840206514113, 0.00115614919923, 0.00111634819768, 0.000426294544013, 0.00226548244245, 0.000838969775941, 0.00109544000588, 0.000731389329303, 0.00101430981886, 0.00121354870498, 0.000790448102634, 0.000511701393407, 0.00019712500216, 0.000228868928389, 0.000180294257007, 0.000177506692125, 0.00049395248061, 0.000233897822909, 0.000192020874238, 0.000183532276424, 0.000151836225996, 9.97751776595e-05, 7.54835782573e-05, 0.000105289014755, 7.23247139831e-05, 4.79464943055e-05, 7.09521846147e-05, 0.000101042467577, 7.71344202803e-05, 7.63891075621e-05, 5.21966067026e-05, 5.74791047256e-05, 0.000138775358209, 0.000119177871966, 6.54623581795e-05, 3.77915530407e-05, 2.8137344998e-05, 3.88508597098e-05, 3.36780758516e-05, 2.54956721619e-05, 5.42701236554e-05, 1.77423353307e-05, 2.00691720238e-05, 1.06400357254e-05, 7.54458142183e-06, 1.95956408788e-06, 1.00705881323e-06, 2.09081449043e-07, 6.92746837672e-08, 1.05775583847e-08, 1.01647898987e-08, 9.84294690198e-09, 9.50725276283e-09, 9.10101949358e-09, 8.81901307537e-09, 8.48199377401e-09, 8.2444735483e-09, 7.91047138904e-09, 7.58833085257e-09, 7.33803728892e-09, 7.10031411444e-09, 6.86764689561e-09, 6.65867938565e-09, 6.44658637583e-09, 6.27368645922e-09, 6.1131135709e-09, 5.94171245538e-09, 5.76699354937e-09, 5.65745850167e-09, 5.58802337736e-09, 5.48185896676e-09, 5.41714717528e-09, 5.35870725571e-09, 5.30455546155e-09, 5.27418109186e-09],
        "mean": [0.000349093577825, 0.00285640149377, 0.00498449243605, 0.00423611421138, 0.002468313789, 0.0013249515323, 0.000843719171826, 0.000668282737024, 0.000611928233411, 0.000479983573314, 0.000517554406542, 0.000670456502121, 0.000624196371064, 0.000575962418225, 0.000541395915207, 0.00049967225641, 0.000568228017073, 0.000501824019011, 0.000385660474421, 0.000612963689491, 0.000575961952563, 0.000388643849874, 0.00040069190436, 0.000300758430967, 0.000349367503077, 0.000158990529599, 0.000210198340937, 0.000327571295202, 0.000205890100915, 0.000337283301633, 0.000162599942996, 0.000118444644613, 0.00018793324125, 0.000103536061943, 5.45661532669e-05, 9.99318581307e-05, 9.53251656028e-05, 4.07198822359e-05, 7.2895680205e-05, 4.32802444266e-05, 2.56486509898e-05, 3.27983289026e-05, 2.89099443762e-05, 3.40435035469e-05, 2.74129688478e-05, 2.62844896497e-05, 3.08920134557e-05, 2.1510399165e-05, 3.74499722966e-05, 4.38161259808e-05, 2.30104524235e-05, 2.99631719827e-05, 4.51952291769e-05, 2.09040517802e-05, 2.25886742555e-05, 1.43262632264e-05, 1.24150592455e-05, 3.2146810554e-05, 2.27433392865e-05, 1.8040631403e-05, 1.67364287336e-05, 2.32656620938e-05, 3.24386783177e-05, 1.60862964549e-05, 8.88610520633e-06, 1.12913312478e-05, 1.37673378049e-05, 1.12904854177e-05, 1.16040127978e-05, 1.62897413247e-05, 1.25926708279e-05, 1.02389576568e-05, 1.09011907625e-05, 6.91373452355e-06, 4.29270266977e-06, 4.24949712396e-06, 4.45176920039e-06, 4.26363385486e-06, 4.38897541244e-06, 4.764514415e-06, 5.06907690578e-06, 5.2154923651e-06, 4.35780748376e-06, 3.21006905324e-06, 3.17879425893e-06, 3.15131796924e-06, 3.16420232593e-06, 2.86663635052e-06, 2.58278168985e-06, 1.86651652712e-06, 2.04890875466e-06, 2.53579878517e-06, 1.9462313503e-06, 8.3016135477e-07, 5.60055013921e-07, 3.61943023108e-07, 2.32166712522e-07, 1.11734301811e-07, 5.09486639544e-08, 1.12412816833e-08, 1.89464621769e-09, 4.33147934187e-10, 2.96570996927e-11, 1.77654210787e-11, 1.65953292774e-11, 1.78471213502e-11, 1.91945348504e-11, 1.63317415147e-11, 1.31216608759e-11, 1.22615502821e-11, 1.18309468125e-11, 1.14406227547e-11, 1.10081848151e-11, 1.06266141719e-11, 1.03085604289e-11, 1.00153800184e-11, 9.73398445181e-12, 9.50158268037e-12, 9.28345768314e-12, 9.04732105206e-12, 8.80490211991e-12, 8.66335128635e-12, 8.54181829435e-12, 8.36287549627e-12, 7.99491462616e-12, 7.44572979661e-12, 7.13229605584e-12, 7.05762401645e-12],
        "min": [6.5589378373e-10, 1.4892589939e-10, 1.27151367213e-09, 1.43073037862e-08, 8.23839130248e-08, 1.29599996512e-07, 4.72237360327e-08, 2.01657712751e-07, 3.81354368528e-07, 1.64247950352e-07, 6.31590580724e-07, 2.41234630494e-07, 1.62168021234e-07, 3.14240821808e-07, 1.30193370751e-07, 2.10175254978e-08, 3.17111812365e-08, 2.60004959785e-08, 1.22359779198e-07, 4.33872429539e-07, 6.70473980335e-07, 4.13371026298e-07, 2.7581387485e-07, 3.82460285664e-07, 2.24357989964e-07, 3.34839072025e-08, 2.97016129025e-07, 1.73589413066e-07, 3.70335698108e-07, 3.83142605642e-07, 4.18697766236e-07, 6.68024497941e-08, 1.07807807126e-07, 7.4383564197e-08, 3.48483013113e-07, 1.1782189091e-07, 2.26757322253e-07, 3.1648824006e-07, 8.35348430428e-08, 1.73224208311e-07, 3.65725121299e-08, 8.60087645549e-09, 1.37835499459e-07, 1.39108252029e-07, 1.28985590209e-07, 4.82032334048e-08, 1.38292961083e-07, 1.54076275294e-07, 1.58915185011e-07, 1.25992286826e-07, 1.68107789023e-07, 1.78581700538e-07, 1.50055043946e-07, 2.6482413773e-07, 1.35968889481e-07, 7.65015357729e-08, 1.39541612043e-07, 1.17786498777e-07, 7.34513960765e-08, 1.53518001866e-07, 1.55834342763e-07, 1.28433256918e-07, 6.18315851852e-08, 1.20933705716e-07, 1.42650833368e-07, 1.0784204818e-07, 1.42830586469e-07, 1.0119704541e-07, 7.02644058492e-08, 1.15078833574e-07, 2.60097312577e-08, 5.8591872687e-08, 6.04806729143e-08, 4.59292799349e-08, 5.2583416732e-08, 2.52064502604e-08, 3.01403915159e-08, 3.65532386581e-08, 1.20992140751e-08, 2.84711330067e-08, 4.36508820201e-08, 4.54269404315e-08, 5.50064847005e-08, 2.47644234008e-08, 1.53995873831e-08, 1.43932332719e-08, 1.71022147555e-08, 7.29185112291e-09, 1.69796177119e-08, 1.10974907042e-09, 3.16432213765e-09, 5.35283106728e-09, 1.64840241457e-09, 1.20284404659e-09, 5.39228557639e-11, 1.05021135018e-12, 5.26513728449e-13, 5.89432040503e-13, 7.22097024102e-13, 4.2568883531e-13, 5.63397364785e-13, 5.1120305905e-13, 5.10324963711e-13, 4.35088326044e-13, 4.07638766492e-13, 4.27931399084e-13, 3.24092369695e-13, 4.02644253659e-13, 4.31519891434e-13, 4.01282143365e-13, 3.57488452903e-13, 5.50102660906e-13, 3.82247808709e-13, 5.37670006174e-13, 3.88193654739e-13, 4.6739017821e-13, 5.10435498122e-13, 5.45773875312e-13, 5.59333883463e-13, 5.15480778722e-13, 5.5366795133e-13, 4.54878322509e-13, 5.49320246408e-13, 5.19036582377e-13, 3.97791581576e-13, 1.38517656004e-13, 2.08809528777e-14, 4.25796130456e-16],
        "stdev": [0.000463978823973, 0.00379286473617, 0.00671240594238, 0.00550191942602, 0.00398644059896, 0.00262002274394, 0.00178726960439, 0.00104997702874, 0.0012095423881, 0.000786400632933, 0.000843459856696, 0.00116554519627, 0.00117868976668, 0.00110365147702, 0.00133615278173, 0.00102566694841, 0.00140226795338, 0.00128437171225, 0.000833937199786, 0.00122556346469, 0.00117978185881, 0.000972110021394, 0.00125785905402, 0.000777741661295, 0.0010082378285, 0.000414739537518, 0.000519341207109, 0.000825288880151, 0.000533222686499, 0.000813390943222, 0.00042047095485, 0.000379029399483, 0.000622776628006, 0.000272923673037, 0.000147034108522, 0.00032857930637, 0.000296993879601, 0.000105971586891, 0.000166910671396, 0.000100130200735, 5.78459039389e-05, 8.97187273949e-05, 6.83203252265e-05, 9.39373057918e-05, 8.87431378942e-05, 6.42230152152e-05, 9.36995638767e-05, 4.75931010442e-05, 6.70592562528e-05, 7.61705232435e-05, 3.84349041269e-05, 6.07377223787e-05, 0.000137226554216, 4.7167413868e-05, 6.46876651444e-05, 4.48696300737e-05, 2.46216004598e-05, 0.000110814107757, 5.96763202338e-05, 5.1446728321e-05, 3.69222107111e-05, 5.50572112843e-05, 8.18167682155e-05, 3.50628579326e-05, 1.89742204384e-05, 1.61504212883e-05, 2.04876632779e-05, 1.56850910571e-05, 1.72576983459e-05, 3.04235727526e-05, 2.19583798753e-05, 1.51827325681e-05, 1.63689419423e-05, 1.11523422675e-05, 6.18501417193e-06, 6.29033183941e-06, 6.89175521984e-06, 5.74389105168e-06, 5.19955983691e-06, 5.77725131734e-06, 7.32355329092e-06, 6.5358754e-06, 6.2271801653e-06, 4.46224885309e-06, 4.63989545096e-06, 5.73768420509e-06, 5.02410466652e-06, 4.24549625677e-06, 3.33854518431e-06, 2.58388831753e-06, 2.7047938147e-06, 2.88315754915e-06, 2.32311799664e-06, 1.60473643973e-06, 1.04221305719e-06, 9.44196585806e-07, 6.13349243395e-07, 3.59806421102e-07, 1.51684488969e-07, 4.72788208583e-08, 1.22637437983e-08, 3.55771057059e-09, 2.96953017731e-10, 2.29147173458e-10, 2.23762633422e-10, 2.11331258049e-10, 2.05014116794e-10, 1.94017260591e-10, 1.85355716886e-10, 1.80129522409e-10, 1.72828543143e-10, 1.65798930141e-10, 1.60323823661e-10, 1.55133017543e-10, 1.50043019675e-10, 1.45474923774e-10, 1.40836273199e-10, 1.37061875738e-10, 1.33550989712e-10, 1.29809732408e-10, 1.25997309808e-10, 1.23596230472e-10, 1.22076945774e-10, 1.1976268588e-10, 1.18350815259e-10, 1.17085244278e-10, 1.15906943765e-10, 1.15244168375e-10]
    },
    "mfcc": {
        "mean": [-624.895751953, 143.537338257, -18.6196327209, 53.2538337708, -27.6401252747, 28.1726512909, -22.2934932709, 29.2380466461, -15.6876840591, 23.9397697449, -12.6083593369, 14.6775693893, -6.11592245102],
        "cov": [[1870.7043457, -308.307983398, -100.506759644, -96.6102676392, 33.3314666748, -5.76452732086, 82.1737213135, 108.640029907, 7.29761171341, 56.598361969, -102.066314697, 45.3484039307, -43.4545173645], [-308.307983398, 481.037902832, -78.2526321411, 82.3700866699, -107.479141235, 56.2185058594, -16.5295181274, 42.7638587952, -46.107749939, 45.4128112793, 3.998483181, 18.4753189087, 17.5141906738], [-100.506759644, -78.2526321411, 361.616699219, 12.6545648575, 126.598335266, -41.4388122559, -33.3249053955, -79.9066696167, 15.1198225021, -53.0820922852, 53.3515472412, 21.0736351013, 12.2254829407], [-96.6102676392, 82.3700866699, 12.6545648575, 229.835357666, 35.8033218384, 40.5659637451, -55.9916801453, 30.7116336823, 1.0985853672, 10.7341127396, 5.46420192719, 17.8986797333, 19.2474842072], [33.3314666748, -107.479141235, 126.598335266, 35.8033218384, 192.696609497, -27.7602062225, -28.2652187347, -31.9489097595, 34.8665542603, -38.3770446777, 21.6000881195, -5.45069694519, 9.94539070129], [-5.76452732086, 56.2185058594, -41.4388122559, 40.5659637451, -27.7602062225, 211.27154541, 23.575553894, 40.6169776917, -4.61397647858, 18.2075233459, -4.82927370071, -6.00232791901, -4.01441001892], [82.1737213135, -16.5295181274, -33.3249053955, -55.9916801453, -28.2652187347, 23.575553894, 161.809066772, 27.5898799896, 19.0372123718, 13.4292192459, 8.52198886871, -6.96307468414, 3.22772789001], [108.640029907, 42.7638587952, -79.9066696167, 30.7116336823, -31.9489097595, 40.6169776917, 27.5898799896, 120.498947144, 18.4008636475, 46.0525016785, -10.084318161, 15.5318975449, 1.33841741085], [7.29761171341, -46.107749939, 15.1198225021, 1.0985853672, 34.8665542603, -4.61397647858, 19.0372123718, 18.4008636475, 90.3249359131, 13.9224405289, 13.1503677368, -6.46246767044, 10.5885038376], [56.598361969, 45.4128112793, -53.0820922852, 10.7341127396, -38.3770446777, 18.2075233459, 13.4292192459, 46.0525016785, 13.9224405289, 107.186920166, -3.63570523262, 17.0156364441, 2.27188134193], [-102.066314697, 3.998483181, 53.3515472412, 5.46420192719, 21.6000881195, -4.82927370071, 8.52198886871, -10.084318161, 13.1503677368, -3.63570523262, 81.34034729, 15.4403438568, 20.5469207764], [45.3484039307, 18.4753189087, 21.0736351013, 17.8986797333, -5.45069694519, -6.00232791901, -6.96307468414, 15.5318975449, -6.46246767044, 17.0156364441, 15.4403438568, 68.3245849609, 12.7008962631], [-43.4545173645, 17.5141906738, 12.2254829407, 19.2474842072, 9.94539070129, -4.01441001892, 3.22772789001, 1.33841741085, 10.5885038376, 2.27188134193, 20.5469207764, 12.7008962631, 58.8595352173]],
        "icov": [[0.000781683018431, 0.000518011685926, 0.000127725666971, 0.000249382399488, -0.000391674315324, 5.27435258846e-06, -0.000292716518743, -0.0006627512048, 0.00035197212128, -0.000302382512018, 0.000939378864132, -0.000816125189885, 0.000209078847547], [0.000518011685926, 0.00320160319097, 9.79101096164e-05, -0.000843516434543, 0.00124231190421, -0.000273059500614, 8.39415733935e-05, -0.000786103249993, 0.00141911872197, -0.00080177973723, -2.50098491961e-06, -0.000293644901831, -0.000690101936925], [0.000127725666971, 9.79101096164e-05, 0.00458260858431, -1.85201151908e-05, -0.00229397742078, -1.03259008029e-05, 7.82792703831e-05, 0.00219402066432, -0.000396831892431, 0.000716881942935, -0.00160443945788, -0.00214441958815, 0.000518636428751], [0.000249382399488, -0.000843516434543, -1.85201151908e-05, 0.00618174206465, -0.0018904490862, -0.00109477492515, 0.00203387439251, -0.0019025580259, 0.00016508808767, -0.000158361828653, 0.000432732573245, -0.000945151143242, -0.001376728178], [-0.000391674315324, 0.00124231190421, -0.00229397742078, -0.0018904490862, 0.00907425861806, 0.000384684622986, 0.000960166740697, 0.000404188089306, -0.00261633330956, 0.00169532152358, -0.000974924769253, 0.00157639337704, -0.000727631442714], [5.27435258846e-06, -0.000273059500614, -1.03259008029e-05, -0.00109477492515, 0.000384684622986, 0.00549274403602, -0.000915742362849, -0.00137190299574, 0.000543500005733, -0.000140647636726, -0.000200825292268, 0.00111739197746, 0.000572972407099], [-0.000292716518743, 8.39415733935e-05, 7.82792703831e-05, 0.00203387439251, 0.000960166740697, -0.000915742362849, 0.00793670862913, -0.00160476577003, -0.00130495149642, 9.25986023503e-05, -0.00166053534485, 0.00119788281154, -0.000993505469523], [-0.0006627512048, -0.000786103249993, 0.00219402066432, -0.0019025580259, 0.000404188089306, -0.00137190299574, -0.00160476577003, 0.0139377294108, -0.00336781283841, -0.00256148702465, 0.000396348186769, -0.00284655811265, 0.000700864766259], [0.00035197212128, 0.00141911872197, -0.000396831892431, 0.00016508808767, -0.00261633330956, 0.000543500005733, -0.00130495149642, -0.00336781283841, 0.0149266272783, -0.00280101993121, -0.00144784036092, 0.00277472171001, -0.00217711552978], [-0.000302382512018, -0.00080177973723, 0.000716881942935, -0.000158361828653, 0.00169532152358, -0.000140647636726, 9.25986023503e-05, -0.00256148702465, -0.00280101993121, 0.0126656610519, -0.00016712807701, -0.00248177559115, 0.000284221634502], [0.000939378864132, -2.50098491961e-06, -0.00160443945788, 0.000432732573245, -0.000974924769253, -0.000200825292268, -0.00166053534485, 0.000396348186769, -0.00144784036092, -0.00016712807701, 0.016844401136, -0.00381559785455, -0.00367076857947], [-0.000816125189885, -0.000293644901831, -0.00214441958815, -0.000945151143242, 0.00157639337704, 0.00111739197746, 0.00119788281154, -0.00284655811265, 0.00277472171001, -0.00248177559115, -0.00381559785455, 0.0195026975125, -0.00323153357022], [0.000209078847547, -0.000690101936925, 0.000518636428751, -0.001376728178, -0.000727631442714, 0.000572972407099, -0.000993505469523, 0.000700864766259, -0.00217711552978, 0.000284221634502, -0.00367076857947, -0.00323153357022, 0.0202517472208]]
    },
    "spectral_contrast_coeffs": {
        "max": [-0.390837430954, -0.339424967766, -0.508800327778, -0.602391302586, -0.611405074596, -0.369672179222],
        "mean": [-0.749654829502, -0.733013212681, -0.761801719666, -0.808157503605, -0.794148802757, -0.584241211414],
        "min": [-0.898155748844, -0.914806246758, -0.924030125141, -0.906231582165, -0.883166313171, -0.869931638241],
        "stdev": [0.0634302943945, 0.0803638026118, 0.0689670965075, 0.041909083724, 0.0402535796165, 0.0644022598863]
    },
    "spectral_contrast_valleys": {
        "max": [-4.64119911194, -4.75591611862, -5.32985925674, -5.90498304367, -5.77606153488, -9.29482650757],
        "mean": [-6.18081998825, -6.30823564529, -7.0217165947, -7.27238464355, -7.15684986115, -11.9638929367],
        "min": [-10.2012987137, -9.0055809021, -8.72957134247, -8.77496433258, -8.70361995697, -15.5975589752],
        "stdev": [0.553848862648, 0.497595906258, 0.533267199993, 0.45750823617, 0.460991233587, 1.15796709061]
    }
},
"rhythm": {
    "beats_count": 98,
    "beats_loudness": {
        "max": 0.129957899451,
        "mean": 0.0546111762524,
        "min": 0.00104402436409,
        "stdev": 0.0210710987449
    },
    "bpm": 122.134941101,
    "bpm_histogram_first_peak_bpm": 123,
    "bpm_histogram_first_peak_weight": 0.318681359291,
    "bpm_histogram_second_peak_bpm": 117,
    "bpm_histogram_second_peak_spread": 0.25,
    "bpm_histogram_second_peak_weight": 0.0309278350323,
    "danceability": 1.18090999126,
    "onset_rate": 3.5478515625,
    "beats_loudness_band_ratio": {
        "max": [0.949265301228, 0.506913781166, 0.919539570808, 0.428513795137, 0.201324984431, 0.096974901855],
        "mean": [0.584897041321, 0.115115463734, 0.169681921601, 0.0880138278008, 0.0445091687143, 0.0279778782278],
        "min": [0.00333976605907, 0.00803013797849, 0.0115068210289, 0.00394112523645, 0.00409905845299, 0.00447497190908],
        "stdev": [0.183702260256, 0.105687923729, 0.140130549669, 0.0959237515926, 0.0376432128251, 0.017230508849]
    },
