{
"metadata": {
    "version": {
        "essentia": "2.1-beta5",
        "essentia_git_sha": "Undefined",
        "extractor": "music 2.0"
    },
    "audio_properties": {
        "analysis": {
            "equal_loudness": 0,
            "length": 52.2448997498,
            "sample_rate": 44100,
            "start_time": 12.7477550507,
            "downmix": "mix"
        },
        "bit_rate": 192000,
        "length": 170.550582886,
        "lossless": 0,
        "number_channels": 2,
        "replay_gain": -10.1461219788,
        "sample_rate": 48000,
        "codec": "mp3",
        "md5_encoded": "06a86abe3b6a494058def66de459a7bc"
    },
    "tags": {
        "file_name": "Finland_Reggae O.k._Riki Sorsa.mp3",
        "encoding": ["Lavf58.29.100"]
    }
},
"lowlevel": {
    "average_loudness": 0.922707557678,
    "barkbands_crest": {
        "max": 24.4831962585,
        "mean": 9.06462001801,
        "min": 2.70262336731,
        "stdev": 3.95195198059
    },
    "barkbands_flatness_db": {
        "max": 0.290363609791,
        "mean": 0.175774291158,
        "min": 0.0918115451932,
        "stdev": 0.0358639992774
    },
    "barkbands_kurtosis": {
        "max": 30.8392715454,
        "mean": 0.737903177738,
        "min": -1.86906170845,
        "stdev": 2.72676372528
    },
    "barkbands_skewness": {
        "max": 4.82178688049,
        "mean": 0.550522208214,
        "min": -2.0990626812,
        "stdev": 0.826119124889
    },
    "barkbands_spread": {
        "max": 48.2618713379,
        "mean": 15.0401172638,
        "min": 1.83533680439,
        "stdev": 6.67640686035
    },
    "dissonance": {
        "max": 0.499991714954,
        "mean": 0.459918141365,
        "min": 0.307970255613,
        "stdev": 0.0300542488694
    },
    "dynamic_complexity": 3.42208719254,
    "erbbands_crest": {
        "max": 30.9789562225,
        "mean": 10.8553161621,
        "min": 3.06950116158,
        "stdev": 4.84104633331
    },
    "erbbands_flatness_db": {
        "max": 0.365814059973,
        "mean": 0.252848267555,
        "min": 0.132577434182,
        "stdev": 0.0444521456957
    },
    "erbbands_kurtosis": {
        "max": 22.0223274231,
        "mean": 0.643984735012,
        "min": -1.74220275879,
        "stdev": 2.12705826759
    },
    "erbbands_skewness": {
        "max": 3.72709560394,
        "mean": 0.0218158513308,
        "min": -3.74284744263,
        "stdev": 0.843570530415
    },
    "erbbands_spread": {
        "max": 65.796081543,
        "mean": 20.4876041412,
        "min": 3.5969274044,
        "stdev": 9.10065174103
    },
    "hfc": {
        "max": 101.273468018,
        "mean": 17.8652877808,
        "min": 0.462037712336,
        "stdev": 16.0469551086
    },
    "loudness_ebu128": {
        "integrated": -15.0317640305,
        "loudness_range": 2.82669258118,
        "momentary": {
            "max": -11.4797458649,
            "mean": -15.6762533188,
            "min": -23.9569072723,
            "stdev": 2.59315752983
        },
        "short_term": {
            "max": -13.129899025,
            "mean": -15.1707324982,
            "min": -17.4031658173,
            "stdev": 0.951203465462
        }
    },
    "melbands_crest": {
        "max": 30.0500202179,
        "mean": 11.5366592407,
        "min": 3.38699698448,
        "stdev": 4.96554708481
    },
    "melbands_flatness_db": {
        "max": 0.324819564819,
        "mean": 0.204537272453,
        "min": 0.100010946393,
        "stdev": 0.0349100530148
    },
    "melbands_kurtosis": {
        "max": 58.0367393494,
        "mean": 2.35910129547,
        "min": -1.81362104416,
        "stdev": 4.52767133713
    },
    "melbands_skewness": {
        "max": 6.45939588547,
        "mean": 1.06169056892,
        "min": -1.41089212894,
        "stdev": 0.907233476639
    },
    "melbands_spread": {
        "max": 76.9243087769,
        "mean": 24.8891582489,
        "min": 2.56805944443,
        "stdev": 12.3813924789
    },
    "pitch_salience": {
        "max": 0.846989929676,
        "mean": 0.609810769558,
        "min": 0.213317543268,
        "stdev": 0.0989955663681
    },
    "silence_rate_20dB": {
        "max": 1,
        "mean": 1,
        "min": 1,
        "stdev": 0
    },
    "silence_rate_30dB": {
        "max": 1,
        "mean": 1,
        "min": 1,
        "stdev": 0
    },
    "silence_rate_60dB": {
        "max": 1,
        "mean": 0.112394489348,
        "min": 0,
        "stdev": 0.315853118896
    },
    "spectral_centroid": {
        "max": 2813.29052734,
        "mean": 1318.3614502,
        "min": 301.355895996,
        "stdev": 414.200805664
    },
    "spectral_complexity": {
        "max": 43,
        "mean": 18.3300762177,
        "min": 2,
        "stdev": 7.74155712128
    },
    "spectral_decrease": {
        "max": -1.52563059408e-10,
        "mean": -4.28091873061e-09,
        "min": -2.45137758981e-08,
        "stdev": 3.87415610703e-09
    },
    "spectral_energy": {
        "max": 0.0982898920774,
        "mean": 0.017777601257,
        "min": 0.000658682023641,
        "stdev": 0.0159533843398
    },
    "spectral_energyband_high": {
        "max": 0.00151840853505,
        "mean": 9.65639046626e-05,
        "min": 6.94905156706e-06,
        "stdev": 0.000138551855343
    },
    "spectral_energyband_low": {
        "max": 0.00569043168798,
        "mean": 0.000526353367604,
        "min": 3.98659449274e-06,
        "stdev": 0.000601071922574
    },
    "spectral_energyband_middle_high": {
        "max": 0.0689634680748,
        "mean": 0.00838644523174,
        "min": 7.23768680473e-05,
        "stdev": 0.00909638870507
    },
    "spectral_energyband_middle_low": {
        "max": 0.0884250402451,
        "mean": 0.00977213121951,
        "min": 0.000187036304851,
        "stdev": 0.0112166134641
    },
    "spectral_entropy": {
        "max": 7.92977619171,
        "mean": 7.26761436462,
        "min": 6.45606136322,
        "stdev": 0.247227743268
    },
    "spectral_flux": {
        "max": 0.252182543278,
        "mean": 0.0730896666646,
        "min": 0.0125077730045,
        "stdev": 0.0403724275529
    },
    "spectral_kurtosis": {
        "max": 34.1828956604,
        "mean": 8.26579856873,
        "min": -0.0282821655273,
        "stdev": 4.79518842697
    },
    "spectral_rms": {
        "max": 0.00979247596115,
        "mean": 0.00375585467555,
        "min": 0.000801633694209,
        "stdev": 0.00179931370076
    },
    "spectral_rolloff": {
        "max": 3682.17773438,
        "mean": 1621.97058105,
        "min": 215.33203125,
        "stdev": 550.517150879
    },
    "spectral_skewness": {
        "max": 3.74890065193,
        "mean": 1.66343951225,
        "min": 0.192401498556,
        "stdev": 0.552017211914
    },
    "spectral_spread": {
        "max": 11259675,
        "mean": 2344726.75,
        "min": 1151324.125,
        "stdev": 551953.125
    },
    "spectral_strongpeak": {
        "max": 16.786397934,
        "mean": 1.78037011623,
        "min": 0.0219452511519,
        "stdev": 1.79639983177
    },
    "zerocrossingrate": {
        "max": 0.10595703125,
        "mean": 0.054192058742,
        "min": 0.02001953125,
        "stdev": 0.0139035871252
    },
    "barkbands": {
        "max": [3.75352901756e-05, 0.00168010010384, 0.00372284883633, 0.00366575689986, 0.0146337393671, 0.0197134613991, 0.0418178550899, 0.065287090838, 0.0574358552694, 0.060302015394, 0.0352538861334, 0.0246554818004, 0.021025326103, 0.0178854707628, 0.029603946954, 0.0236500706524, 0.0386329516768, 0.00670434674248, 0.00200530234724, 0.00135321018752, 0.00115381530486, 0.000190754217329, 3.06466026814e-05, 5.35185290573e-06, 4.58044814877e-06, 4.41529255113e-06, 4.47923957836e-06],
        "mean": [1.49637139657e-06, 9.90500047919e-05, 0.000224592149607, 0.000433093809988, 0.0009849347407, 0.00106261787005, 0.00117662874982, 0.00252949423157, 0.00229792343453, 0.00240459642373, 0.000757839239668, 0.000795683008619, 0.00094398559304, 0.00102259975392, 0.00118626572657, 0.000602678454015, 0.000560567597859, 0.000402043631766, 0.000148367340444, 9.55668583629e-05, 3.48760731868e-05, 8.00659381639e-06, 2.762334816e-06, 1.25997496525e-06, 6.7197908038e-07, 2.78800378339e-08, 5.47909317916e-09],
        "min": [5.21913667839e-09, 6.5128483584e-07, 8.02799490884e-07, 5.12838141731e-07, 2.22058997679e-06, 4.137569249e-06, 5.214435987e-06, 4.32185061072e-06, 8.27791336633e-06, 5.78438448429e-06, 1.91111121239e-06, 3.7866780076e-06, 2.34815206568e-06, 2.80446170109e-06, 3.21664947478e-06, 2.82069777313e-06, 1.2781094938e-06, 1.73419368821e-06, 1.40388715408e-06, 1.29718534936e-06, 1.06781772047e-06, 5.0665093454e-08, 4.76143569017e-08, 3.05484171292e-08, 5.40376987601e-08, 7.03311409112e-09, 2.53822490803e-10],
        "stdev": [2.49599816016e-06, 0.00021229145932, 0.000355079275323, 0.00049216253683, 0.00119282724336, 0.00188581051771, 0.00237559201196, 0.00569308642298, 0.00514974305406, 0.00588698498905, 0.00192512478679, 0.00203519896604, 0.00203205505386, 0.00185508048162, 0.00230262661353, 0.00115810194984, 0.00168923207093, 0.000694467045832, 0.000205002637813, 0.000149044324644, 5.42685556866e-05, 1.05485587483e-05, 2.64838536168e-06, 6.0230007648e-07, 3.15946806495e-07, 9.48868361661e-08, 9.53267687009e-08]
    },
    "erbbands": {
        "max": [0.014446420595, 0.47842758894, 3.33758497238, 8.74593830109, 20.259935379, 59.4088439941, 216.503250122, 201.847610474, 744.119506836, 781.470397949, 1099.48742676, 1519.43200684, 2374.52514648, 732.493469238, 1510.50158691, 1077.10424805, 1011.7991333, 925.396179199, 1803.03430176, 1673.53625488, 1109.1315918, 1333.86315918, 537.788696289, 207.422714233, 138.093017578, 65.3371429443, 49.9932174683, 46.749080658, 8.78758049011, 2.81744456291, 0.91263705492, 0.179358229041, 0.0846094712615, 0.0539465583861, 0.0314962938428, 0.017939876765, 0.00815499201417, 0.00279283546843, 0.000646787346341, 0.000112929155875],
        "mean": [0.00121853756718, 0.0302611477673, 0.213027358055, 0.936077654362, 2.11244726181, 3.51291155815, 5.57376432419, 9.33237171173, 17.6994018555, 33.3170166016, 51.7114562988, 62.2553672791, 78.4273376465, 37.748134613, 35.3741378784, 36.3996315002, 46.2778663635, 50.0547866821, 51.6263465881, 62.1681404114, 30.2986927032, 27.110616684, 24.3315601349, 10.7614135742, 6.88827466965, 4.59144449234, 2.49518752098, 0.881178557873, 0.324445337057, 0.150974854827, 0.0732214003801, 0.0316247716546, 0.0175094902515, 0.00903171300888, 0.00335899204947, 0.000369902671082, 5.88727853028e-05, 1.86693541764e-05, 1.07032738015e-05, 2.15130967263e-05],
        "min": [2.24469931709e-05, 0.000236186941038, 0.00111638975795, 0.00291415909305, 0.00531461043283, 0.00960694346577, 0.0196497924626, 0.0469366423786, 0.100663758814, 0.0998552665114, 0.143828645349, 0.238643422723, 0.306139826775, 0.199151337147, 0.235721260309, 0.238240733743, 0.159301951528, 0.171550855041, 0.169873595238, 0.329702287912, 0.191206172109, 0.0940673053265, 0.0906048938632, 0.0902673378587, 0.0519356243312, 0.0630521699786, 0.0499142371118, 0.0362301021814, 0.0127986036241, 0.00655296025798, 0.00381734524854, 0.00154807360377, 0.00052176695317, 0.000436713628005, 0.000482307106722, 0.000123441612232, 2.1755535272e-05, 3.76637103727e-06, 5.97741063757e-07, 8.67002370342e-07],
        "stdev": [0.00183298240881, 0.0631935298443, 0.344120174646, 0.941016495228, 2.11420083046, 4.82013940811, 10.5494537354, 16.4292221069, 36.0328178406, 76.2512741089, 101.382614136, 140.312332153, 200.803161621, 75.0586166382, 81.6179733276, 88.0250320435, 95.2814865112, 91.8380966187, 100.982666016, 117.208999634, 62.9484443665, 66.9394683838, 40.3748550415, 15.4172859192, 10.2033138275, 6.90772294998, 4.00851202011, 1.55574572086, 0.429718792439, 0.200633361936, 0.0620882324874, 0.0163908042014, 0.00919773522764, 0.00510296970606, 0.00163723365404, 0.000392271816963, 0.000174667336978, 6.0071110056e-05, 1.61701645993e-05, 1.9074539523e-05]
    },
    "gfcc": {
        "mean": [-65.949180603, 137.725067139, -184.399703979, 10.5078754425, -58.1131820679, -8.71136951447, -37.3440475464, -4.58559179306, -17.4344501495, -12.0945615768, -12.4116725922, -19.1060295105, -4.03347158432],
        "cov": [[1440.37231445, 339.066864014, -569.805847168, -160.546340942, 206.178009033, -451.58392334, 327.432800293, -80.5499572754, 99.8192977905, 36.4347991943, 48.0878829956, 3.58385777473, 35.2279014587], [339.066864014, 202.987457275, -11.5816431046, -45.1184387207, 31.2667980194, -85.9822158813, 66.037689209, -27.8897190094, 15.9036026001, -0.128143668175, 9.35601043701, -16.3394680023, -3.81370973587], [-569.805847168, -11.5816431046, 466.183563232, 152.462463379, -146.92427063, 205.389297485, -146.424331665, 5.34421205521, -60.8766059875, -34.7631797791, -33.0277671814, -15.889005661, -36.7403106689], [-160.546340942, -45.1184387207, 152.462463379, 314.855926514, 41.0859870911, -6.13986539841, -57.3785934448, -43.240322113, -56.6839942932, 3.42609357834, -25.8418598175, 28.3248615265, -12.3446826935], [206.178009033, 31.2667980194, -146.92427063, 41.0859870911, 218.306854248, -37.8660888672, 16.8012886047, -17.4424266815, 12.299325943, 16.3990383148, -14.8177013397, -5.55262994766, 17.2187538147], [-451.58392334, -85.9822158813, 205.389297485, -6.13986539841, -37.8660888672, 358.05657959, -37.5276603699, 7.4188170433, -36.7143440247, -25.3299064636, -23.604019165, -34.2018623352, -37.9640197754], [327.432800293, 66.037689209, -146.424331665, -57.3785934448, 16.8012886047, -37.5276603699, 244.197662354, 17.6672000885, 8.54390525818, 4.53122329712, 7.34828138351, 8.2656545639, -17.785118103], [-80.5499572754, -27.8897190094, 5.34421205521, -43.240322113, -17.4424266815, 7.4188170433, 17.6672000885, 125.762153625, 64.7798614502, 3.81165194511, -4.01897525787, -12.1728878021, 6.32474851608], [99.8192977905, 15.9036026001, -60.8766059875, -56.6839942932, 12.299325943, -36.7143440247, 8.54390525818, 64.7798614502, 157.094955444, 54.0554084778, -16.5972633362, -22.9988212585, 8.00213432312], [36.4347991943, -0.128143668175, -34.7631797791, 3.42609357834, 16.3990383148, -25.3299064636, 4.53122329712, 3.81165194511, 54.0554084778, 84.6612701416, 21.3507957458, -3.19570112228, -0.783067107201], [48.0878829956, 9.35601043701, -33.0277671814, -25.8418598175, -14.8177013397, -23.604019165, 7.34828138351, -4.01897525787, -16.5972633362, 21.3507957458, 87.8837356567, 39.1251831055, -2.64617443085], [3.58385777473, -16.3394680023, -15.889005661, 28.3248615265, -5.55262994766, -34.2018623352, 8.2656545639, -12.1728878021, -22.9988212585, -3.19570112228, 39.1251831055, 86.2538528442, 23.4256343842], [35.2279014587, -3.81370973587, -36.7403106689, -12.3446826935, 17.2187538147, -37.9640197754, -17.785118103, 6.32474851608, 8.00213432312, -0.783067107201, -2.64617443085, 23.4256343842, 74.8009262085]],
        "icov": [[0.00780227035284, -0.00900657009333, 0.00670770509169, -0.00214368151501, 1.79872949957e-05, 0.00294427690096, -0.00446559116244, 0.00496550230309, -0.00461343536153, 0.00426468113437, -0.0033863321878, 0.00314614525996, -0.0017511829501], [-0.00900657009333, 0.0270689278841, -0.020545726642, 0.00967529136688, -0.00960938073695, 0.00547912111506, -0.004013445694, 0.00399116333574, -0.00104885117617, 0.000366805819795, -0.00387270608917, 0.00252827815711, 1.53981909534e-05], [0.00670770509169, -0.020545726642, 0.0232453364879, -0.0112178213894, 0.0122714834288, -0.00750493025407, 0.00613808911294, -0.00486626522616, 0.00194541574456, -1.1703362361e-05, 0.00426999805495, -0.00134533806704, 0.000960845150985], [-0.00214368151501, 0.00967529136688, -0.0112178213894, 0.0104269757867, -0.0075272321701, 0.00506099872291, -0.00279007153586, 0.00330660119653, 0.000736282963771, -0.00192384340335, 0.00107298523653, -0.00212983973324, 0.00167821045034], [1.79872949957e-05, -0.00960938073695, 0.0122714834288, -0.0075272321701, 0.0138464709744, -0.00688357977197, 0.00639110896736, -0.00563282100484, 0.00373249896802, -0.00335005391389, 0.00548920175061, -0.00194504950196, -2.94196670438e-05], [0.00294427690096, 0.00547912111506, -0.00750493025407, 0.00506099872291, -0.00688357977197, 0.0105317607522, -0.00712025305256, 0.00692804111168, -0.0041837641038, 0.00405167834833, -0.00477103842422, 0.00457678316161, -0.000419343210524], [-0.00446559116244, -0.004013445694, 0.00613808911294, -0.00279007153586, 0.00639110896736, -0.00712025305256, 0.0135827697814, -0.00990792736411, 0.0074957520701, -0.00613035680726, 0.00805274769664, -0.00688127474859, 0.00500903837383], [0.00496550230309, 0.00399116333574, -0.00486626522616, 0.00330660119653, -0.00563282100484, 0.00692804111168, -0.00990792736411, 0.0206699818373, -0.0131878107786, 0.00952055305243, -0.0094045996666, 0.00709240417928, -0.00431353319436], [-0.00461343536153, -0.00104885117617, 0.00194541574456, 0.000736282963771, 0.00373249896802, -0.0041837641038, 0.0074957520701, -0.0131878107786, 0.0194841492921, -0.0145383095369, 0.0114908087999, -0.00523762451485, 0.00292120757513], [0.00426468113437, 0.000366805819795, -1.1703362361e-05, -0.00192384340335, -0.00335005391389, 0.00405167834833, -0.00613035680726, 0.00952055305243, -0.0145383095369, 0.024874843657, -0.0139062665403, 0.00799197889864, -0.00292720925063], [-0.0033863321878, -0.00387270608917, 0.00426999805495, 0.00107298523653, 0.00548920175061, -0.00477103842422, 0.00805274769664, -0.0094045996666, 0.0114908087999, -0.0139062665403, 0.0266546159983, -0.0152502441779, 0.00704062636942], [0.00314614525996, 0.00252827815711, -0.00134533806704, -0.00212983973324, -0.00194504950196, 0.00457678316161, -0.00688127474859, 0.00709240417928, -0.00523762451485, 0.00799197889864, -0.0152502441779, 0.0240771714598, -0.00926613155752], [-0.0017511829501, 1.53981909534e-05, 0.000960845150985, 0.00167821045034, -2.94196670438e-05, -0.000419343210524, 0.00500903837383, -0.00431353319436, 0.00292120757513, -0.00292720925063, 0.00704062636942, -0.00926613155752, 0.0191007070243]]
    },
    "melbands": {
        "max": [0.000294922909234, 0.00129437039141, 0.00163637008518, 0.00247873668559, 0.00570350000635, 0.00418160390109, 0.0100353034213, 0.0109644820914, 0.010731542483, 0.00873578339815, 0.0117094321176, 0.00413239048794, 0.00510827731341, 0.00345518416725, 0.00224592559971, 0.00193572661374, 0.00178443698678, 0.0028635985218, 0.00296689081006, 0.00216225115582, 0.0018537963042, 0.00215689255856, 0.000797273009084, 0.000393319613067, 0.000158741415362, 9.1116198746e-05, 7.30730243959e-05, 5.45232978766e-05, 4.68453035865e-05, 2.98610939353e-05, 2.57235660683e-05, 4.1852222239e-06, 2.54823407886e-06, 1.26150723645e-06, 6.9221709964e-07, 3.2862536159e-07, 1.11672370906e-07, 6.17860393959e-08, 5.16690761287e-08, 4.41443326338e-08],
        "mean": [1.89034944924e-05, 9.41435500863e-05, 0.000195063606952, 0.00020264237537, 0.000195072425413, 0.000216777581954, 0.000257512932876, 0.000419880088884, 0.000454315071693, 0.000344457570463, 0.000386051484384, 0.000155710105901, 0.000111963170639, 9.67613304965e-05, 0.000104137296148, 8.18659245851e-05, 9.73359856289e-05, 7.84226431279e-05, 9.28703375394e-05, 5.99820341449e-05, 3.36355042236e-05, 2.84661273326e-05, 2.77878261841e-05, 1.82235180546e-05, 7.51207790017e-06, 5.02190869156e-06, 4.10518896388e-06, 2.86152817353e-06, 1.87172213373e-06, 8.76706565123e-07, 3.71639202967e-07, 1.88298614034e-07, 1.17765672769e-07, 7.01920086499e-08, 4.5713438368e-08, 2.2688427137e-08, 1.84589534769e-08, 1.22430696692e-08, 1.09636664192e-08, 6.64064492284e-09],
        "min": [1.9975979626e-07, 6.51241975902e-07, 9.62800754678e-07, 7.88370471128e-07, 7.31431782697e-07, 8.88509305241e-07, 1.37593826821e-06, 9.64420678429e-07, 1.44662669754e-06, 1.37270444611e-06, 1.13987118766e-06, 6.85583188442e-07, 6.1088945813e-07, 3.30537119453e-07, 3.28598133592e-07, 2.19060282802e-07, 3.05817792423e-07, 1.91136706462e-07, 3.65340611097e-07, 4.62481068553e-07, 1.51444012886e-07, 6.42040092202e-08, 9.97467353159e-08, 7.78229249931e-08, 7.14623098474e-08, 3.66498476012e-08, 4.01704802755e-08, 3.55100944205e-08, 2.65366058017e-08, 1.64366156241e-08, 1.46699496995e-09, 1.06674946654e-09, 4.48781567464e-10, 5.38890654322e-10, 5.64978064332e-10, 3.66410624064e-10, 3.22230714334e-10, 2.06525463398e-10, 2.19321755202e-10, 1.66467006846e-10],
        "stdev": [3.71420901502e-05, 0.000140274569276, 0.000174015760422, 0.000237222469877, 0.000320910854498, 0.000378616037779, 0.000522983493283, 0.00101355288643, 0.000859789433889, 0.000785497075412, 0.00102619139943, 0.000339202961186, 0.000272235600278, 0.000247840071097, 0.000213918392546, 0.000169293503859, 0.000185567230801, 0.000164350189152, 0.000186463541468, 0.000114226626465, 9.75418734015e-05, 9.15625496418e-05, 5.38753447472e-05, 3.30884977302e-05, 1.15543070933e-05, 7.58470741857e-06, 6.42206123302e-06, 4.75191973237e-06, 3.40510041497e-06, 1.47366677083e-06, 7.72230862367e-07, 2.54618555573e-07, 1.59592389082e-07, 9.61897725915e-08, 4.18847143635e-08, 1.77865793205e-08, 9.50802547806e-09, 7.15689196795e-09, 5.95059201913e-09, 4.47436043771e-09]
    },
    "melbands128": {
        "max": [2.0097968445e-05, 5.27213378518e-05, 0.00030744029209, 0.00102584715933, 0.00172572687734, 0.00204277178273, 0.00193628575653, 0.00217058253475, 0.00235751271248, 0.0043855085969, 0.00403358507901, 0.00646244734526, 0.0106306755915, 0.00719769252464, 0.00748307351023, 0.00517413252965, 0.0152391633019, 0.0131871504709, 0.0103570967913, 0.0134274289012, 0.021499376744, 0.0167890973389, 0.0178559236228, 0.0157932508737, 0.0173188950866, 0.00624588178471, 0.00859948713332, 0.023086367175, 0.0198879558593, 0.00671386579052, 0.00504268705845, 0.00729886395857, 0.00910096522421, 0.0115310028195, 0.00616670399904, 0.00562527496368, 0.00559919793159, 0.00333920307457, 0.00616271421313, 0.0043947850354, 0.00344857829623, 0.00380479544401, 0.00412974273786, 0.00431334367022, 0.00376313645393, 0.00452635204419, 0.00650561414659, 0.00543450284749, 0.00411477079615, 0.00633696699515, 0.00136507675052, 0.00139547174331, 0.00156981800683, 0.00515598291531, 0.00816298369318, 0.00163820106536, 0.00142079649959, 0.00224899267778, 0.00103606330231, 0.000969311920926, 0.000682751066051, 0.000530878896825, 0.000409895175835, 0.000171505103935, 0.000193922227481, 0.000108089239802, 0.000198213281692, 0.000184961681953, 8.49814605317e-05, 0.00013736312394, 0.000106934414362, 0.000150755629875, 0.000116979455925, 5.04399577039e-05, 2.34562976402e-05, 2.96885082207e-05, 3.0020966733e-05, 3.7344332668e-05, 3.0463166695e-05, 9.01443218027e-06, 4.60728870166e-06, 2.98224563267e-06, 2.17099227484e-06, 3.92613992517e-06, 2.52058157457e-06, 1.8103378352e-06, 1.19070364235e-06, 1.0712645917e-06, 1.27419968976e-06, 8.28921713492e-07, 9.63513798524e-07, 2.15158550532e-07, 1.92964876078e-07, 1.87668490526e-07, 1.77121364686e-07, 7.33037239797e-08, 6.13307165054e-08, 5.7619011784e-08, 6.56168666069e-08, 4.40265566226e-08, 4.49436434735e-08, 4.47544650228e-08, 4.50845618616e-08, 3.23321849294e-08, 3.33832481658e-08, 3.59797560634e-08, 3.72025361628e-08, 3.37053549515e-08, 2.97670332827e-08, 2.9191062012e-08, 2.70539750602e-08, 2.66182897946e-08, 2.60117580808e-08, 2.55142307282e-08, 2.40560300568e-08, 2.14832720502e-08, 2.13903970092e-08, 2.12483932671e-08, 2.04818935146e-08, 1.98876204394e-08, 1.93774543078e-08, 1.89231226244e-08, 1.8515594391e-08, 1.81972978908e-08, 1.79103398779e-08, 1.76834760168e-08, 1.75217778065e-08, 1.74219731974e-08],
        "mean": [9.60835677688e-07, 4.79651544083e-06, 2.02818446269e-05, 5.66383532714e-05, 8.73779354151e-05, 0.000119309923321, 0.00018267944688, 0.000225100928219, 0.000205374002689, 0.000207986595342, 0.00018894157256, 0.00019957771292, 0.000167663994944, 0.000233155675232, 0.00019748196064, 0.000213153514778, 0.000285867397906, 0.000302113650832, 0.000163557051565, 0.000335236050887, 0.000654176576063, 0.000396461487981, 0.000389503402403, 0.000502844399307, 0.00058404810261, 0.000116129347589, 0.000203317293199, 0.00061711698072, 0.000338172423653, 0.000155407804414, 0.00011008081492, 8.84213586687e-05, 0.000119043870654, 0.000131962791784, 8.51241056807e-05, 9.47718581301e-05, 0.000104796417872, 6.15358003415e-05, 0.000157296264661, 0.000109341999632, 4.26059377787e-05, 7.38481830922e-05, 0.000103251128166, 0.000114955924801, 7.70482365624e-05, 6.19251004537e-05, 9.11720417207e-05, 9.24866253627e-05, 8.76358535606e-05, 0.000111005239887, 4.36049922428e-05, 3.14598801197e-05, 2.312640936e-05, 3.98427691835e-05, 4.64141267003e-05, 1.78964473889e-05, 2.14990450331e-05, 3.73099537683e-05, 2.60122142208e-05, 1.83389402082e-05, 2.21700156544e-05, 1.45346311911e-05, 8.28142219689e-06, 5.7526931414e-06, 5.17424041391e-06, 4.25279949923e-06, 5.57731618755e-06, 5.64038509765e-06, 2.85988494397e-06, 3.64225206795e-06, 2.72058377959e-06, 2.47885759563e-06, 3.03192564388e-06, 1.4436800484e-06, 1.0465679452e-06, 1.09961695216e-06, 7.00432849499e-07, 4.33095124208e-07, 3.62569068102e-07, 2.76298663948e-07, 1.8531376611e-07, 1.68862598571e-07, 1.38472017852e-07, 1.27459856003e-07, 8.32327202716e-08, 7.21708914853e-08, 7.33694704991e-08, 4.93394125556e-08, 4.40246132882e-08, 4.88162079648e-08, 1.85978183964e-08, 1.95745251119e-08, 1.88593638484e-08, 1.40513751745e-08, 2.68425743855e-08, 9.93199122945e-09, 1.05957669305e-08, 1.04317807725e-08, 1.26068062656e-08, 1.12298268462e-08, 5.67579538924e-09, 6.03297811708e-09, 6.42798658745e-09, 6.54326548499e-09, 2.60714472233e-09, 2.78443046398e-09, 2.41190445394e-09, 3.76976005967e-10, 1.34652150541e-10, 1.2913176084e-10, 1.28669699895e-10, 1.21761087324e-10, 1.18799123316e-10, 1.50914683528e-10, 2.20549176144e-10, 1.97212718378e-10, 1.16851334164e-10, 2.6655327251e-11, 1.29727895093e-11, 1.25965262526e-11, 1.22720956661e-11, 1.19892576769e-11, 1.17392614726e-11, 1.1529043345e-11, 1.13241950539e-11, 1.11437335054e-11, 1.10206236498e-11, 1.09544031832e-11],
        "min": [1.42756667598e-10, 6.59552501503e-09, 1.10908146667e-07, 1.84300660067e-07, 2.70413806902e-07, 3.80213208473e-07, 3.41392762948e-07, 2.60867096813e-07, 1.93302369667e-07, 7.24826236365e-07, 3.96618531795e-07, 1.25863124367e-07, 1.63188900615e-07, 1.16274101458e-07, 1.86621235798e-07, 1.41741992365e-07, 2.81825180082e-07, 2.53034102116e-07, 2.27678953024e-07, 3.83565122775e-07, 8.43826342134e-07, 5.47084368918e-07, 1.46878676333e-07, 3.08140215566e-07, 4.69586865393e-07, 1.3496381257e-07, 2.74506163578e-07, 2.20304698928e-07, 1.18175385921e-07, 4.83429829501e-08, 8.30133473073e-08, 1.01895011539e-07, 2.73366168813e-07, 2.96858416959e-07, 9.24133729541e-08, 1.12634907623e-07, 1.06694514557e-07, 6.38764277028e-08, 2.12514279951e-07, 1.78310230581e-07, 8.68649152608e-09, 6.35283754491e-08, 1.40380080893e-07, 3.06279446249e-07, 1.33271967684e-07, 2.86525789761e-08, 1.90494056085e-08, 2.42188747279e-07, 2.6150217991e-08, 1.33639929345e-07, 1.70414523382e-07, 1.19655098274e-07, 5.01519288321e-08, 7.39110461723e-08, 7.71748034367e-08, 2.2270347344e-08, 5.11631519373e-08, 1.1788008436e-07, 3.46469271051e-08, 1.96489704507e-08, 3.16342188e-08, 1.94353511063e-08, 1.65347735503e-08, 4.72243577576e-08, 4.12297254115e-08, 7.21766379996e-09, 3.88026233367e-09, 2.5720549246e-08, 1.790858839e-08, 2.35774493262e-08, 9.33214749921e-09, 3.26180948917e-09, 5.07314412701e-10, 1.31937731851e-08, 4.81350870274e-09, 3.89221366248e-09, 3.26362137315e-09, 1.06769615371e-09, 8.42866443307e-10, 6.71469602143e-10, 5.52072665361e-10, 2.26792584712e-10, 2.96651536669e-10, 4.3243877923e-10, 2.65848232317e-10, 3.42802924935e-10, 2.80307638212e-10, 1.59127808153e-10, 2.11355280499e-10, 2.38581931988e-10, 9.5946427886e-12, 1.5841963158e-11, 7.9850313861e-11, 1.00785498003e-10, 1.88261267686e-10, 1.40405964633e-10, 2.68127412634e-11, 1.08850914393e-11, 5.52868827108e-11, 1.00138952686e-10, 4.61381523265e-11, 2.00471930722e-11, 3.06419889462e-11, 1.56217573599e-11, 3.41709688323e-10, 5.72486724693e-10, 4.18030443594e-10, 4.17296128208e-11, 1.12270609476e-11, 1.04403757775e-12, 6.71889681478e-13, 7.23785484671e-12, 1.78106730753e-11, 1.68080341312e-11, 2.64723225979e-11, 2.42566904063e-11, 9.47000811102e-12, 7.44361224134e-13, 4.30650252872e-14, 5.22133910814e-14, 5.01545656948e-14, 3.8434668859e-14, 5.23967364451e-14, 4.37322365278e-14, 3.64538111611e-14, 1.24010900493e-14, 1.87128445707e-15, 7.53481599301e-17],
        "stdev": [1.38020368468e-06, 5.00334681419e-06, 4.03494996135e-05, 0.000131347667775, 0.000181756695383, 0.000180176837603, 0.000202213734156, 0.000270360003924, 0.000235754836467, 0.000342884013662, 0.000300455867546, 0.000386391562643, 0.000434766930994, 0.000576539197937, 0.000471363659017, 0.000508709636051, 0.000699620286468, 0.000764076365158, 0.000464794255095, 0.000920103979297, 0.00193864980247, 0.0011257242877, 0.00108974298928, 0.00130148092285, 0.00160485517699, 0.000359362544259, 0.000648699933663, 0.00182070652954, 0.00123065058142, 0.000448994513135, 0.000363792321878, 0.000362961523933, 0.000387497944757, 0.000456811219919, 0.00030607735971, 0.00036087614717, 0.000361405400326, 0.00019805978809, 0.000425339560024, 0.000314429780701, 0.000151480126078, 0.000275058439001, 0.000270358752459, 0.000274894526228, 0.000228566044825, 0.00021084092441, 0.000289242976578, 0.000269308889983, 0.000253299920587, 0.000299374834867, 0.000102699392301, 8.63298773766e-05, 6.85836930643e-05, 0.000175502311322, 0.00027214808506, 6.05945497227e-05, 7.52440682845e-05, 9.42802216741e-05, 6.80002995068e-05, 4.78644724353e-05, 5.15384308528e-05, 3.81713434763e-05, 1.7575775928e-05, 9.86428040051e-06, 1.05136386992e-05, 8.18638000055e-06, 1.11354775072e-05, 1.24016805785e-05, 5.60838452657e-06, 7.63477146393e-06, 5.47540275875e-06, 5.81967151447e-06, 7.69091639086e-06, 2.69053634838e-06, 1.97367057808e-06, 2.09259656003e-06, 1.32269497044e-06, 1.09581060315e-06, 9.15941143376e-07, 4.62429397885e-07, 2.79830260297e-07, 2.64201617028e-07, 1.9653111849e-07, 1.91769487401e-07, 1.62914673751e-07, 1.28093375906e-07, 8.76591599308e-08, 7.16451324934e-08, 5.32650723528e-08, 4.16736476438e-08, 3.31222551608e-08, 1.68573937032e-08, 1.53291743743e-08, 1.24338157548e-08, 1.56422981235e-08, 8.72233307803e-09, 8.67348326494e-09, 8.71300898098e-09, 8.41066327695e-09, 7.03854130535e-09, 5.62170887619e-09, 5.85287773802e-09, 5.40020295148e-09, 5.07744024603e-09, 2.18243001449e-09, 1.26936217093e-09, 1.27019650353e-09, 7.70518926441e-10, 6.47067899262e-10, 6.25913820773e-10, 5.80817283158e-10, 5.71225011736e-10, 5.58502466497e-10, 5.47906442439e-10, 5.28630861307e-10, 4.73968087e-10, 4.59558863186e-10, 4.52317100441e-10, 4.36075342503e-10, 4.23451190779e-10, 4.12581996345e-10, 4.02912925246e-10, 3.94227483991e-10, 3.87416654313e-10, 3.81281201056e-10, 3.76459419194e-10, 3.73013953059e-10, 3.70883906919e-10]
    },
    "mfcc": {
        "mean": [-687.159179688, 162.181182861, -60.9282608032, 12.7721405029, -9.78823375702, -7.30655813217, -11.0712575912, -5.9772195816, -3.70998096466, 0.329763352871, -5.14292192459, -4.94896411896, -8.64109134674],
        "cov": [[1581.31872559, 428.294647217, -814.330688477, 284.201507568, -314.507263184, -88.0886688232, -8.7737493515, -44.7155990601, 18.1704349518, 30.968585968, 25.7315330505, 46.7135276794, 33.7117843628], [428.294647217, 299.514251709, -181.2290802, 7.1191983223, -83.6602020264, -50.5628051758, 0.304947406054, -19.4771671295, 16.5692768097, 18.5076332092, 7.32975244522, 20.889623642, 10.8073358536], [-814.330688477, -181.2290802, 740.167175293, -128.770874023, 106.383277893, 79.4098205566, 2.01712036133, 35.8237075806, -36.7139663696, -41.5280990601, -2.44171929359, -40.5930328369, -5.67892360687], [284.201507568, 7.1191983223, -128.770874023, 404.118469238, -21.3451499939, -24.5832157135, -18.4994926453, -37.8650054932, -16.7564086914, -31.4480628967, -54.4246292114, 22.2803630829, 24.9148101807], [-314.507263184, -83.6602020264, 106.383277893, -21.3451499939, 277.303955078, 33.6939544678, -34.855670929, -33.8134040833, 8.6907043457, 1.23176658154, -35.1478233337, -16.1157398224, -18.9438896179], [-88.0886688232, -50.5628051758, 79.4098205566, -24.5832157135, 33.6939544678, 210.036590576, 56.426815033, 14.719824791, -14.6485033035, -4.38473081589, 15.4010295868, -27.1340618134, -27.4056301117], [-8.7737493515, 0.304947406054, 2.01712036133, -18.4994926453, -34.855670929, 56.426815033, 160.81022644, 44.1420936584, -34.395488739, -32.6391181946, -5.35400390625, 9.81063461304, -12.7957868576], [-44.7155990601, -19.4771671295, 35.8237075806, -37.8650054932, -33.8134040833, 14.719824791, 44.1420936584, 110.280609131, 22.7279510498, -5.42487382889, 14.2694044113, 2.7135477066, -1.01385080814], [18.1704349518, 16.5692768097, -36.7139663696, -16.7564086914, 8.6907043457, -14.6485033035, -34.395488739, 22.7279510498, 129.043334961, 66.307510376, 12.5638542175, -18.5075397491, 3.62343716621], [30.968585968, 18.5076332092, -41.5280990601, -31.4480628967, 1.23176658154, -4.38473081589, -32.6391181946, -5.42487382889, 66.307510376, 123.417121887, 43.6333808899, -10.1971111298, -2.16449093819], [25.7315330505, 7.32975244522, -2.44171929359, -54.4246292114, -35.1478233337, 15.4010295868, -5.35400390625, 14.2694044113, 12.5638542175, 43.6333808899, 107.961853027, 17.5848560333, -8.60016822815], [46.7135276794, 20.889623642, -40.5930328369, 22.2803630829, -16.1157398224, -27.1340618134, 9.81063461304, 2.7135477066, -18.5075397491, -10.1971111298, 17.5848560333, 87.2160339355, 26.1562328339], [33.7117843628, 10.8073358536, -5.67892360687, 24.9148101807, -18.9438896179, -27.4056301117, -12.7957868576, -1.01385080814, 3.62343716621, -2.16449093819, -8.60016822815, 26.1562328339, 73.9018249512]],
        "icov": [[0.00333101255819, -0.00284037785605, 0.00262925168499, -0.00148186832666, 0.0018495178083, -0.0007662094431, 0.000738209811971, -0.000139798226883, 0.000531253579538, 0.000366687279893, -0.000948657107074, 0.00104462576564, -0.000582071952522], [-0.00284037785605, 0.00677772657946, -0.00144292565528, 0.00165597908199, -0.000481604569359, 0.00113127264194, -0.000969019194599, 0.00128285761457, -0.00110662181396, -0.000420508877141, 0.00106581184082, -0.0015077093849, 0.000480842718389], [0.00262925168499, -0.00144292565528, 0.00393922021613, -0.000640684564132, 0.000992514658719, -0.000955131428782, 0.000929786881898, -0.000719012052286, 0.000986527302302, 0.000802949361969, -0.000944272789638, 0.00156397174578, -0.00110660574865], [-0.00148186832666, 0.00165597908199, -0.000640684564132, 0.00371504551731, -0.000363571452908, 5.90849849686e-05, 0.000142842909554, 0.000850268639624, -0.000309462862788, 0.000286683818558, 0.00198778044432, -0.00132027617656, -0.000180593240657], [0.0018495178083, -0.000481604569359, 0.000992514658719, -0.000363571452908, 0.00596507778391, -0.00131197855808, 0.00139345601201, 0.00159832614008, -0.000671733985655, -0.000114378475701, 0.00175439845771, -0.000706975348294, 0.00121529330499], [-0.0007662094431, 0.00113127264194, -0.000955131428782, 5.90849849686e-05, -0.00131197855808, 0.00648760097101, -0.00270149856806, 0.000140694901347, 0.00025673568598, -0.00015328322479, -0.00159647956025, 0.00186423014384, 0.000831811863463], [0.000738209811971, -0.000969019194599, 0.000929786881898, 0.000142842909554, 0.00139345601201, -0.00270149856806, 0.00941330287606, -0.00372246047482, 0.0023595073726, 0.0005903422134, 0.0016142319655, -0.00145919818897, 0.00136834639125], [-0.000139798226883, 0.00128285761457, -0.000719012052286, 0.000850268639624, 0.00159832614008, 0.000140694901347, -0.00372246047482, 0.0130313336849, -0.00484908279032, 0.00238137482665, -0.00129421963356, -0.000925980566535, 1.50187343024e-05], [0.000531253579538, -0.00110662181396, 0.000986527302302, -0.000309462862788, -0.000671733985655, 0.00025673568598, 0.0023595073726, -0.00484908279032, 0.0133124776185, -0.00655862223357, 0.000886000692844, 0.00263186264783, -0.00130854488816], [0.000366687279893, -0.000420508877141, 0.000802949361969, 0.000286683818558, -0.000114378475701, -0.00015328322479, 0.0005903422134, 0.00238137482665, -0.00655862223357, 0.014255028218, -0.00548813957721, 0.00153761263937, -0.00053580099484], [-0.000948657107074, 0.00106581184082, -0.000944272789638, 0.00198778044432, 0.00175439845771, -0.00159647956025, 0.0016142319655, -0.00129421963356, 0.000886000692844, -0.00548813957721, 0.0146732041612, -0.00533351581544, 0.00304468581453], [0.00104462576564, -0.0015077093849, 0.00156397174578, -0.00132027617656, -0.000706975348294, 0.00186423014384, -0.00145919818897, -0.000925980566535, 0.00263186264783, 0.00153761263937, -0.00533351581544, 0.0165952127427, -0.0060242661275], [-0.000582071952522, 0.000480842718389, -0.00110660574865, -0.000180593240657, 0.00121529330499, 0.000831811863463, 0.00136834639125, 1.50187343024e-05, -0.00130854488816, -0.00053580099484, 0.00304468581453, -0.0060242661275, 0.0170946083963]]
    },
    "spectral_contrast_coeffs": {
        "max": [-0.408342570066, -0.462728351355, -0.496759653091, -0.564059257507, -0.549440145493, -0.482076197863],
        "mean": [-0.680811524391, -0.75724697113, -0.752211987972, -0.767430663109, -0.771853804588, -0.697050631046],
        "min": [-0.867153465748, -0.920046687126, -0.907133340836, -0.897032976151, -0.881921410561, -0.882576227188],
        "stdev": [0.0674434602261, 0.0751606971025, 0.0691072195768, 0.0573343895376, 0.0509978793561, 0.0633249953389]
    },
    "spectral_contrast_valleys": {
        "max": [-5.83176136017, -4.32096815109, -5.39690065384, -5.73009109497, -6.24999952316, -9.52257156372],
        "mean": [-7.61822795868, -6.52160310745, -7.23019170761, -7.3126745224, -7.85432338715, -12.5069503784],
        "min": [-9.56953239441, -8.54241371155, -9.34588241577, -8.97657489777, -9.82869434357, -13.6665220261],
        "stdev": [0.55343580246, 0.605971097946, 0.576456129551, 0.563063263893, 0.604910433292, 0.538066923618]
    }
},
"rhythm": {
    "beats_count": 113,
    "beats_loudness": {
        "max": 0.0966531708837,
        "mean": 0.0315058864653,
        "min": 0.00296083115973,
        "stdev": 0.0186543278396
    },
    "bpm": 130.371490479,
    "bpm_histogram_first_peak_bpm": 129,
    "bpm_histogram_first_peak_weight": 0.392156898975,
    "bpm_histogram_second_peak_bpm": 136,
    "bpm_histogram_second_peak_spread": 0.444444477558,
    "bpm_histogram_second_peak_weight": 0.0446428582072,
    "danceability": 1.29562461376,
    "onset_rate": 3.99950194359,
    "beats_loudness_band_ratio": {
        "max": [0.725960791111, 0.383528739214, 0.908851206303, 0.893758058548, 0.717924535275, 0.159358546138],
        "mean": [0.110804341733, 0.126272037625, 0.397635996342, 0.267376422882, 0.154226481915, 0.0206168610603],
        "min": [0.00613790238276, 0.00690095173195, 0.0207516197115, 0.029963042587, 0.0157529283315, 0.00167873129249],
        "stdev": [0.146271124482, 0.094418361783, 0.236818775535, 0.222312822938, 0.130601838231, 0.0211745593697]
    },
