{
"metadata": {
    "version": {
        "essentia": "2.1-beta5",
        "essentia_git_sha": "Undefined",
        "extractor": "music 2.0"
    },
    "audio_properties": {
        "analysis": {
            "equal_loudness": 0,
            "length": 28.6650104523,
            "sample_rate": 44100,
            "start_time": 142.744674683,
            "downmix": "mix"
        },
        "bit_rate": 192000,
        "length": 171.432922363,
        "lossless": 0,
        "number_channels": 2,
        "replay_gain": -11.9400596619,
        "sample_rate": 44100,
        "codec": "mp3",
        "md5_encoded": "10739f6ad0d5abd2362d615dea837c83"
    },
    "tags": {
        "file_name": "Ireland_Horoscopes_Sheeba.mp3",
        "encoding": ["Lavf58.29.100"]
    }
},
"lowlevel": {
    "average_loudness": 0.940901219845,
    "barkbands_crest": {
        "max": 23.7190151215,
        "mean": 9.21011638641,
        "min": 3.05854058266,
        "stdev": 3.8787150383
    },
    "barkbands_flatness_db": {
        "max": 0.288688510656,
        "mean": 0.18141271174,
        "min": 0.0529420003295,
        "stdev": 0.029705317691
    },
    "barkbands_kurtosis": {
        "max": 21.6352977753,
        "mean": 2.23749256134,
        "min": -1.53221476078,
        "stdev": 3.39794158936
    },
    "barkbands_skewness": {
        "max": 3.89448261261,
        "mean": 0.836604833603,
        "min": -1.95445144176,
        "stdev": 0.999818503857
    },
    "barkbands_spread": {
        "max": 44.8192863464,
        "mean": 11.4549026489,
        "min": 1.81008338928,
        "stdev": 4.65014600754
    },
    "dissonance": {
        "max": 0.500000059605,
        "mean": 0.455952078104,
        "min": 0.31239926815,
        "stdev": 0.0319713652134
    },
    "dynamic_complexity": 2.96514463425,
    "erbbands_crest": {
        "max": 31.2976741791,
        "mean": 11.1767416,
        "min": 3.55950379372,
        "stdev": 5.80733108521
    },
    "erbbands_flatness_db": {
        "max": 0.35227444768,
        "mean": 0.230171650648,
        "min": 0.12643840909,
        "stdev": 0.0421266034245
    },
    "erbbands_kurtosis": {
        "max": 26.9384670258,
        "mean": 1.5870898962,
        "min": -1.65997254848,
        "stdev": 3.37745881081
    },
    "erbbands_skewness": {
        "max": 3.13218808174,
        "mean": 0.382331073284,
        "min": -2.51243376732,
        "stdev": 0.692373335361
    },
    "erbbands_spread": {
        "max": 74.2540130615,
        "mean": 19.918592453,
        "min": 2.1898150444,
        "stdev": 10.3025979996
    },
    "hfc": {
        "max": 140.058792114,
        "mean": 21.7676010132,
        "min": 8.91317952778e-09,
        "stdev": 17.4629764557
    },
    "loudness_ebu128": {
        "integrated": -11.612657547,
        "loudness_range": 2.93449211121,
        "momentary": {
            "max": -7.61610651016,
            "mean": -12.6094665527,
            "min": -35.2977371216,
            "stdev": 3.56401205063
        },
        "short_term": {
            "max": -9.6712474823,
            "mean": -11.7846546173,
            "min": -13.5634183884,
            "stdev": 1.00506210327
        }
    },
    "melbands_crest": {
        "max": 29.7275524139,
        "mean": 11.1827001572,
        "min": 3.73364162445,
        "stdev": 4.53830289841
    },
    "melbands_flatness_db": {
        "max": 0.393730431795,
        "mean": 0.2138594836,
        "min": 0.0622007995844,
        "stdev": 0.0445167422295
    },
    "melbands_kurtosis": {
        "max": 41.6698646545,
        "mean": 4.10849952698,
        "min": -1.55178844929,
        "stdev": 6.11309480667
    },
    "melbands_skewness": {
        "max": 5.47199583054,
        "mean": 1.22464895248,
        "min": -1.80546689034,
        "stdev": 1.1476444006
    },
    "melbands_spread": {
        "max": 57.4088401794,
        "mean": 17.7547111511,
        "min": 2.89158129692,
        "stdev": 7.4959769249
    },
    "pitch_salience": {
        "max": 0.887944042683,
        "mean": 0.618073284626,
        "min": 0.272822111845,
        "stdev": 0.113578081131
    },
    "silence_rate_20dB": {
        "max": 1,
        "mean": 1,
        "min": 1,
        "stdev": 0
    },
    "silence_rate_30dB": {
        "max": 1,
        "mean": 1,
        "min": 1,
        "stdev": 0
    },
    "silence_rate_60dB": {
        "max": 1,
        "mean": 0.0574433654547,
        "min": 0,
        "stdev": 0.232687726617
    },
    "spectral_centroid": {
        "max": 2615.04492188,
        "mean": 1012.53417969,
        "min": 250.856552124,
        "stdev": 439.365692139
    },
    "spectral_complexity": {
        "max": 43,
        "mean": 19.0703887939,
        "min": 0,
        "stdev": 7.18339014053
    },
    "spectral_decrease": {
        "max": -2.93019710558e-19,
        "mean": -6.69546018628e-09,
        "min": -2.00914005433e-08,
        "stdev": 3.87944165681e-09
    },
    "spectral_energy": {
        "max": 0.0817449688911,
        "mean": 0.0272445902228,
        "min": 1.91437620964e-12,
        "stdev": 0.015894562006
    },
    "spectral_energyband_high": {
        "max": 0.00109930941835,
        "mean": 0.000138286151923,
        "min": 5.63955728904e-13,
        "stdev": 0.000125065853354
    },
    "spectral_energyband_low": {
        "max": 0.0269631985575,
        "mean": 0.00260566035286,
        "min": 1.4633937508e-14,
        "stdev": 0.00327288242988
    },
    "spectral_energyband_middle_high": {
        "max": 0.0762235298753,
        "mean": 0.011482603848,
        "min": 1.10799011025e-12,
        "stdev": 0.0122615043074
    },
    "spectral_energyband_middle_low": {
        "max": 0.0623722113669,
        "mean": 0.015783328563,
        "min": 2.04854715006e-13,
        "stdev": 0.0111770005897
    },
    "spectral_entropy": {
        "max": 8.58015346527,
        "mean": 7.24210071564,
        "min": 6.35491228104,
        "stdev": 0.302126556635
    },
    "spectral_flux": {
        "max": 0.240376517177,
        "mean": 0.0842196047306,
        "min": 0.000144192992593,
        "stdev": 0.0370831079781
    },
    "spectral_kurtosis": {
        "max": 30.6669158936,
        "mean": 7.67608880997,
        "min": -0.27312207222,
        "stdev": 4.4909825325
    },
    "spectral_rms": {
        "max": 0.00893035251647,
        "mean": 0.00486453482881,
        "min": 4.32167119868e-08,
        "stdev": 0.00170774443541
    },
    "spectral_rolloff": {
        "max": 11563.3300781,
        "mean": 1226.17260742,
        "min": 215.33203125,
        "stdev": 647.394958496
    },
    "spectral_skewness": {
        "max": 4.13866186142,
        "mean": 1.9448621273,
        "min": 0.461832135916,
        "stdev": 0.508509218693
    },
    "spectral_spread": {
        "max": 10739628,
        "mean": 2852257.25,
        "min": 1627057.25,
        "stdev": 756124.75
    },
    "spectral_strongpeak": {
        "max": 13.6921253204,
        "mean": 1.85555887222,
        "min": 5.32265630682e-06,
        "stdev": 1.94733190536
    },
    "zerocrossingrate": {
        "max": 0.10498046875,
        "mean": 0.0459932498634,
        "min": 0.01171875,
        "stdev": 0.016626548022
    },
    "barkbands": {
        "max": [4.86153912789e-05, 0.0107871675864, 0.0147991981357, 0.0137507915497, 0.029538711533, 0.0256851185113, 0.0165737699717, 0.0274943523109, 0.0445156916976, 0.070830360055, 0.026183988899, 0.0309792198241, 0.016099633649, 0.0300158727914, 0.0124726323411, 0.0418798923492, 0.0275418590754, 0.00647635851055, 0.00136194133665, 0.000803082948551, 0.000621467770543, 0.000256111175986, 0.000699483265635, 0.000352100963937, 0.000167324746144, 9.93856701825e-07, 6.7130787329e-07],
        "mean": [4.64125287181e-06, 0.000513145234436, 0.00116945651826, 0.00158386258408, 0.00393304694444, 0.0027285378892, 0.0013864954235, 0.00117885309737, 0.0021917836275, 0.00458147423342, 0.00116915151011, 0.00214783917181, 0.00077867746586, 0.00176135986112, 0.000576261081733, 0.000436097907368, 0.000554994388949, 0.000225526440772, 0.000137732393341, 8.26441464596e-05, 4.33332606917e-05, 2.65128255705e-05, 1.99167443498e-05, 1.07676041807e-05, 2.13913972402e-06, 3.61807394711e-07, 1.36343736301e-09],
        "min": [1.72171124996e-15, 7.61898851572e-15, 3.62439087735e-15, 3.51825341389e-15, 2.94161985318e-15, 3.67907363036e-15, 4.63185101778e-15, 7.06500965586e-14, 9.720892304e-14, 5.15196880383e-14, 2.2720752146e-13, 1.17118618812e-14, 2.30547921249e-13, 2.56892489052e-13, 8.79712088223e-14, 7.75515719351e-14, 6.09927825477e-14, 7.41805976454e-14, 3.60164101234e-14, 3.07788089991e-14, 4.00982890013e-14, 5.08246602356e-14, 6.39907777374e-14, 6.08899730766e-14, 1.03658719791e-13, 9.43429159122e-14, 1.29883584899e-13],
        "stdev": [5.72934641241e-06, 0.00115525291767, 0.0016686731251, 0.00210268748924, 0.00425564358011, 0.00315061863512, 0.00172286608722, 0.00243113283068, 0.00414384668693, 0.00912052951753, 0.00251251459122, 0.00380257330835, 0.0016848933883, 0.00296968431212, 0.00104888516944, 0.00170736492146, 0.00204270309769, 0.000465332559543, 0.000157324320753, 9.61379628279e-05, 5.30214128958e-05, 2.72594097623e-05, 2.65878261416e-05, 2.13328457903e-05, 6.94020718583e-06, 1.5618910254e-07, 1.91113329606e-08]
    },
    "erbbands": {
        "max": [0.0521282553673, 3.39159107208, 18.752456665, 32.0434875488, 131.283462524, 113.602897644, 224.114822388, 207.332550049, 297.348693848, 438.246612549, 764.690185547, 1294.68786621, 2312.16601562, 785.319396973, 1173.31079102, 1374.23681641, 885.808410645, 1377.90270996, 735.629333496, 749.954467773, 2676.81933594, 1770.72387695, 461.860900879, 95.7411727905, 31.5645179749, 51.2396621704, 35.4046630859, 17.4659042358, 10.2505149841, 5.73377275467, 14.1689510345, 21.7017250061, 6.57882356644, 3.43659853935, 0.206033229828, 0.00654743053019, 0.00206033140421, 0.000432071188698, 0.000105350554804, 0.000107717802166],
        "mean": [0.00523289339617, 0.158395156264, 1.13076639175, 4.0293264389, 10.0620651245, 12.1226654053, 17.4871406555, 20.548166275, 21.8932800293, 20.3276596069, 31.3235988617, 52.5733184814, 165.682601929, 58.9095115662, 54.5183258057, 96.5530700684, 46.1253585815, 85.2040252686, 42.9969673157, 30.4749164581, 24.2808914185, 29.3443603516, 16.3094081879, 10.0567579269, 4.62643766403, 4.11464500427, 2.22475624084, 1.39699673653, 1.03025734425, 0.734723091125, 0.527738809586, 0.325659900904, 0.126483663917, 0.0419076271355, 0.00690030585974, 0.001802055398, 0.000752273248509, 5.59400614293e-05, 1.58418570209e-05, 3.21902552969e-05],
        "min": [2.86158249874e-13, 1.46469143238e-12, 3.67901585932e-12, 9.46404239699e-12, 1.04220980804e-11, 1.14800434783e-11, 4.67856482722e-12, 3.86059413604e-11, 9.02747460119e-11, 2.05389177887e-10, 2.3883910405e-09, 2.18808815511e-09, 1.77069714447e-09, 5.14397324736e-09, 5.91040594244e-09, 9.04546493263e-10, 8.12015787943e-09, 1.84285742222e-08, 3.37921135518e-09, 5.59551027735e-09, 4.13130418764e-09, 3.0464137879e-09, 3.58466301087e-09, 3.35259375817e-09, 1.14220111147e-09, 1.66432068127e-09, 2.03331129711e-09, 1.15395648592e-09, 1.75853187567e-09, 2.00399852268e-09, 1.89564408615e-09, 1.17643506048e-09, 1.18464071885e-09, 8.84011530644e-10, 7.64805274667e-10, 4.12406858663e-10, 1.73059871988e-10, 5.8425674021e-11, 1.9235307791e-11, 2.11916898959e-12],
        "stdev": [0.00720321107656, 0.353511661291, 1.82093417645, 5.14158678055, 14.6120157242, 13.5321140289, 24.4228038788, 25.3350219727, 26.5103092194, 31.3549442291, 67.4722518921, 88.4972457886, 321.777984619, 94.5641021729, 97.8947296143, 165.055480957, 86.4856948853, 141.770523071, 67.258102417, 54.2297439575, 111.461196899, 110.434448242, 40.7579803467, 11.944732666, 4.49805402756, 5.06910467148, 2.57519435883, 1.77190172672, 1.1003613472, 0.722838580608, 0.621774733067, 0.741775512695, 0.300844103098, 0.14746516943, 0.00985544919968, 0.000980178709142, 0.000313998840284, 2.79708947346e-05, 9.13188978302e-06, 1.89011498151e-05]
    },
    "gfcc": {
        "mean": [-32.2267227173, 132.40663147, -159.982223511, 9.22998523712, -68.1829833984, 5.67585611343, -35.1703262329, -9.600938797, -21.8420448303, -12.5018148422, -10.5784254074, -9.34708881378, -9.35332870483],
        "cov": [[4507.71533203, 588.848999023, 104.476989746, 346.739868164, -157.807601929, -23.6571712494, 36.5993461609, -187.045059204, -93.3941497803, -240.708343506, 31.0071296692, -222.217102051, -17.0171871185], [588.848999023, 650.133117676, 655.063842773, 113.773025513, 118.068511963, -15.4693260193, 14.4140558243, -72.5125350952, -139.426239014, -63.209564209, -16.5548534393, -105.069259644, -104.369117737], [104.476989746, 655.063842773, 1248.54467773, 323.126983643, 4.41512537003, 69.6352996826, -86.8277206421, -58.7173576355, -193.36618042, -55.6200408936, -53.0008468628, -102.52066803, -132.69569397], [346.739868164, 113.773025513, 323.126983643, 298.793151855, -40.80103302, -1.52634179592, -42.534866333, -30.3173007965, -37.54845047, -41.0154304504, -11.5030651093, -45.1315116882, -24.0435295105], [-157.807601929, 118.068511963, 4.41512537003, -40.80103302, 200.485778809, -10.2096252441, 44.443775177, 19.6032524109, -22.5180950165, 16.8493118286, 0.675399303436, 2.69572210312, -27.9277763367], [-23.6571712494, -15.4693260193, 69.6352996826, -1.52634179592, -10.2096252441, 159.51159668, 46.9580039978, -14.6639347076, -7.58014392853, 10.3640041351, 10.4231967926, -17.743013382, -1.46042406559], [36.5993461609, 14.4140558243, -86.8277206421, -42.534866333, 44.443775177, 46.9580039978, 143.114883423, 28.0918045044, 3.75212788582, -4.09678268433, 0.258541017771, -13.7963228226, -5.64353275299], [-187.045059204, -72.5125350952, -58.7173576355, -30.3173007965, 19.6032524109, -14.6639347076, 28.0918045044, 121.585525513, 51.2363128662, 12.3780946732, -11.5057859421, 30.6487941742, 18.2813053131], [-93.3941497803, -139.426239014, -193.36618042, -37.54845047, -22.5180950165, -7.58014392853, 3.75212788582, 51.2363128662, 102.663330078, 24.9752368927, -0.0321253985167, 28.7537078857, 38.9575233459], [-240.708343506, -63.209564209, -55.6200408936, -41.0154304504, 16.8493118286, 10.3640041351, -4.09678268433, 12.3780946732, 24.9752368927, 81.3114013672, 22.5736789703, 28.095281601, -6.52495002747], [31.0071296692, -16.5548534393, -53.0008468628, -11.5030651093, 0.675399303436, 10.4231967926, 0.258541017771, -11.5057859421, -0.0321253985167, 22.5736789703, 62.5560035706, 14.709854126, -0.785645544529], [-222.217102051, -105.069259644, -102.52066803, -45.1315116882, 2.69572210312, -17.743013382, -13.7963228226, 30.6487941742, 28.7537078857, 28.095281601, 14.709854126, 84.6148757935, 30.7497596741], [-17.0171871185, -104.369117737, -132.69569397, -24.0435295105, -27.9277763367, -1.46042406559, -5.64353275299, 18.2813053131, 38.9575233459, -6.52495002747, -0.785645544529, 30.7497596741, 71.6815185547]],
        "icov": [[0.000557667110115, -0.00184395175893, 0.00136508070864, -0.00112437817734, 0.00117673818022, -0.000842477369588, 0.000545407470781, -0.000523913360666, 0.000524441362359, 0.000372426118702, 8.27350449981e-05, -1.17665713333e-05, -2.98581071547e-05], [-0.00184395175893, 0.0151446983218, -0.0105248615146, 0.00680755963549, -0.00853215903044, 0.00813982076943, -0.00602329801768, 0.00657537998632, -0.00488406000659, 0.0031414583791, -0.00509168580174, 0.00501853227615, -0.000164785989909], [0.00136508070864, -0.0105248615146, 0.00944776739925, -0.00639742985368, 0.00596091710031, -0.00705229584128, 0.00570463342592, -0.00593239441514, 0.00654238695279, -0.00215265201405, 0.00491846119985, -0.00318492902443, 0.00215287669562], [-0.00112437817734, 0.00680755963549, -0.00639742985368, 0.00870558805764, -0.00333802006207, 0.00433893082663, -0.00229986291379, 0.00342823658139, -0.00393582414836, 0.00246079382487, -0.00311991083436, 0.00304454402067, -0.000522526621353], [0.00117673818022, -0.00853215903044, 0.00596091710031, -0.00333802006207, 0.0112004093826, -0.00349389691837, 0.00133838271722, -0.00474875234067, 0.00491665909067, -0.00298153026961, 0.00299902656116, -0.00306421588175, 0.00178445514757], [-0.000842477369588, 0.00813982076943, -0.00705229584128, 0.00433893082663, -0.00349389691837, 0.013198889792, -0.00751781836152, 0.00559910805896, -0.00374987465329, -0.00038474824396, -0.0046976977028, 0.00463374983519, -0.00309655279852], [0.000545407470781, -0.00602329801768, 0.00570463342592, -0.00229986291379, 0.00133838271722, -0.00751781836152, 0.0135634532198, -0.00656461669132, 0.00378850498237, 0.000410510692745, 0.00241966289468, -6.94138580002e-05, 0.002293424448], [-0.000523913360666, 0.00657537998632, -0.00593239441514, 0.00342823658139, -0.00474875234067, 0.00559910805896, -0.00656461669132, 0.0166882202029, -0.0101628582925, 0.00237956992351, -0.000732555636205, -0.00135972874705, -0.00057641294552], [0.000524441362359, -0.00488406000659, 0.00654238695279, -0.00393582414836, 0.00491665909067, -0.00374987465329, 0.00378850498237, -0.0101628582925, 0.0240279845893, -0.00761514669284, 0.00467040110379, -8.85143235791e-05, -0.00512917945161], [0.000372426118702, 0.0031414583791, -0.00215265201405, 0.00246079382487, -0.00298153026961, -0.00038474824396, 0.000410510692745, 0.00237956992351, -0.00761514669284, 0.0220093280077, -0.00727653084323, -0.00327925453894, 0.00722793815657], [8.27350449981e-05, -0.00509168580174, 0.00491846119985, -0.00311991083436, 0.00299902656116, -0.0046976977028, 0.00241966289468, -0.000732555636205, 0.00467040110379, -0.00727653084323, 0.0228593461215, -0.00600893190131, 0.00174225459341], [-1.17665713333e-05, 0.00501853227615, -0.00318492902443, 0.00304454402067, -0.00306421588175, 0.00463374983519, -6.94138580002e-05, -0.00135972874705, -8.85143235791e-05, -0.00327925453894, -0.00600893190131, 0.0225155875087, -0.00830349791795], [-2.98581071547e-05, -0.000164785989909, 0.00215287669562, -0.000522526621353, 0.00178445514757, -0.00309655279852, 0.002293424448, -0.00057641294552, -0.00512917945161, 0.00722793815657, 0.00174225459341, -0.00830349791795, 0.0255000591278]]
    },
    "melbands": {
        "max": [0.00154954462778, 0.00769348908216, 0.00678741885349, 0.00739104114473, 0.0060336147435, 0.00444243848324, 0.0039183893241, 0.00453439401463, 0.00610910821706, 0.00778487091884, 0.0118318814784, 0.00347912218422, 0.00410125730559, 0.00461155874655, 0.00207877275534, 0.00153281830717, 0.00318548618816, 0.00176881067455, 0.000928024528548, 0.00124690355733, 0.00331119121984, 0.00174321176019, 0.00111915485468, 0.000139368436066, 9.9221309938e-05, 3.04524273815e-05, 3.37749843311e-05, 3.27602028847e-05, 2.49342174357e-05, 1.74770830199e-05, 1.10407545435e-05, 7.92970331531e-06, 7.76169235905e-06, 3.9567416934e-06, 2.62813546215e-06, 2.96551042993e-05, 5.69613393964e-06, 6.32303272141e-06, 3.08054814013e-06, 2.87550210487e-06],
        "mean": [8.9368179033e-05, 0.000494247535244, 0.000836978666484, 0.000831930548884, 0.000590270268731, 0.000493314990308, 0.000322480016621, 0.000210690996028, 0.000268785835942, 0.00033278556657, 0.000835286453366, 0.000238592794631, 0.00017336748715, 0.000237048559939, 0.000167779478943, 8.33280573715e-05, 0.000174753717147, 7.79734691605e-05, 4.39035466115e-05, 3.24164429912e-05, 2.85428886855e-05, 2.90618554573e-05, 2.65005946858e-05, 9.19423837331e-06, 8.37507104734e-06, 3.29083059114e-06, 3.15029706144e-06, 2.52695213021e-06, 1.45962474107e-06, 1.10565099476e-06, 6.72864928219e-07, 6.25483153271e-07, 4.36524402403e-07, 3.98470007212e-07, 3.0882196711e-07, 2.73249099791e-07, 1.67753995584e-07, 1.00204040621e-07, 4.72843204591e-08, 3.05311118609e-08],
        "min": [2.40744932466e-15, 1.97350862831e-15, 1.62396280082e-15, 7.94308216782e-16, 2.03256593592e-16, 9.5816419933e-16, 1.18868178071e-15, 3.65300534437e-15, 2.16822240229e-14, 1.26551160772e-14, 7.95493364106e-15, 1.85546937786e-14, 2.71999440251e-14, 2.64886324375e-15, 3.86469835965e-15, 3.16293181696e-14, 3.26106939304e-14, 3.38210557311e-15, 8.74457502394e-15, 6.76205248276e-15, 4.29911148862e-15, 3.32997027169e-15, 2.82037068667e-15, 3.63553994851e-15, 2.70317584336e-15, 1.14137086132e-15, 3.58599206805e-16, 1.33123954331e-15, 1.43995992786e-15, 8.23581357802e-16, 5.20913774677e-16, 9.19585554351e-16, 1.08649636122e-15, 1.0693339914e-15, 1.12654524364e-15, 8.37958471532e-16, 7.54458545927e-16, 8.66126128677e-16, 8.92905498821e-16, 6.22398062637e-16],
        "stdev": [0.000174032451469, 0.00076370901661, 0.000960347533692, 0.000969669257756, 0.000720720971003, 0.000576390011702, 0.000379794160835, 0.000311543553835, 0.000564615416806, 0.000592509983107, 0.00164785818197, 0.000423085206421, 0.000366402324289, 0.000449833110906, 0.000263264897512, 0.000159187693498, 0.00030745123513, 0.00013347202912, 7.69768812461e-05, 7.56269728299e-05, 0.000151567481225, 0.000108965752588, 0.000102650701592, 1.50988644236e-05, 1.06501383925e-05, 3.58213060281e-06, 3.41546206073e-06, 3.26989447785e-06, 1.84434338735e-06, 1.43425518218e-06, 9.393921232e-07, 7.00017892541e-07, 4.86863541482e-07, 4.12277273654e-07, 2.97356535839e-07, 8.76840090314e-07, 3.28527164584e-07, 2.7199178021e-07, 1.39562800427e-07, 1.18809317939e-07]
    },
    "melbands128": {
        "max": [4.44530596724e-05, 0.000279344152659, 0.000878741324414, 0.00749977817759, 0.0114828264341, 0.00820236466825, 0.00798933580518, 0.00792822986841, 0.0167837366462, 0.0102736642584, 0.00868601165712, 0.00612358516082, 0.0114464098588, 0.0100108664483, 0.00619421433657, 0.00787685252726, 0.00854383129627, 0.00472084293142, 0.00426304666325, 0.00680212443694, 0.0034779785201, 0.00586243532598, 0.0112313879654, 0.00636713672429, 0.0138819459826, 0.0133744459599, 0.0173711944371, 0.0236701201648, 0.0188335198909, 0.00525201903656, 0.00486579630524, 0.00319027807564, 0.00676092971116, 0.00485208677128, 0.00521771656349, 0.00878256093711, 0.0073435283266, 0.00412479182705, 0.00383955356665, 0.00431180838495, 0.00142158218659, 0.00432181265205, 0.00468538794667, 0.00799470208585, 0.00545079214498, 0.00122756278142, 0.00167117384262, 0.00109364266973, 0.0013535922626, 0.00154260743875, 0.000977010466158, 0.00259573548101, 0.00744969397783, 0.00751076918095, 0.0034685570281, 0.00156123691704, 0.00485496083274, 0.00218311371282, 0.000849447969813, 0.0001926288096, 0.000243365924689, 0.000153985383804, 0.000169077786268, 0.000156035661348, 4.68241632916e-05, 4.36466034444e-05, 3.68960681953e-05, 3.08264425257e-05, 5.52532146685e-05, 7.68552854424e-05, 4.82754367113e-05, 3.26084846165e-05, 5.47557356185e-05, 4.74989137729e-05, 6.12429284956e-05, 3.32381569024e-05, 2.03887775569e-05, 2.18817385758e-05, 1.57467839017e-05, 6.54089308227e-06, 1.33517642098e-05, 9.10532526177e-06, 1.41430573422e-05, 8.99034785107e-06, 6.04505476076e-06, 2.81280017589e-06, 8.79961407918e-06, 3.49437209479e-06, 3.49228798768e-06, 2.28212525144e-06, 1.56985879585e-05, 6.04217821092e-05, 1.11508288683e-05, 6.52905737297e-06, 6.58383305563e-06, 1.16192368296e-05, 5.20206867805e-06, 2.20909646487e-06, 2.81507027466e-06, 4.65202219857e-06, 5.74873001824e-06, 3.72029444407e-06, 4.48825090871e-07, 1.47459871869e-07, 6.27223357696e-08, 3.11460368607e-08, 2.53350940227e-08, 2.01482386331e-08, 1.96754719184e-08, 1.34522100126e-08, 1.31819541949e-08, 1.45510554717e-08, 1.05471809064e-08, 1.05921920124e-08, 7.88116949479e-09, 3.38091732388e-09, 3.28370286518e-09, 3.17910719971e-09, 3.07860514859e-09, 2.97873992139e-09, 2.9004529889e-09, 2.82618373149e-09, 2.76120926124e-09, 2.70624611609e-09, 2.66784172531e-09, 2.63692800928e-09, 2.61200439056e-09, 2.59380761314e-09],
        "mean": [3.73862303604e-06, 2.2176951461e-05, 7.02524339431e-05, 0.000315003097057, 0.000492590654176, 0.000607107067481, 0.000845521688461, 0.000718290626537, 0.00114141509403, 0.000916326127481, 0.00059646210866, 0.000570303003769, 0.00062905595405, 0.000576675869524, 0.000399113225285, 0.000533941143658, 0.000497833592817, 0.000203041461646, 0.000208967321669, 0.000271463097306, 0.00014914519852, 0.000207883902476, 0.000327148765791, 0.00024619785836, 0.0003459083091, 0.000263900961727, 0.00054387311684, 0.00133682938758, 0.000643506820779, 0.000190324819414, 0.000153921442688, 0.000146290563862, 0.000231366575463, 0.000130686268676, 0.000144481033203, 0.000293820659863, 0.000370040186681, 0.000114358561405, 9.72056295723e-05, 9.87268431345e-05, 4.81193746964e-05, 0.000112358917249, 0.000170752828126, 0.000260263652308, 9.33171686484e-05, 4.35774709331e-05, 4.51557134511e-05, 4.38680253865e-05, 4.15484319092e-05, 4.85811688122e-05, 2.66743682005e-05, 2.23207425734e-05, 2.81647626252e-05, 3.16086770908e-05, 2.97293936455e-05, 1.87138593901e-05, 3.98290540033e-05, 4.05280115956e-05, 1.66106074175e-05, 9.54472034209e-06, 9.5163777587e-06, 7.9362280303e-06, 9.8088867162e-06, 9.44448765949e-06, 3.78044433091e-06, 2.74133935818e-06, 3.43286114912e-06, 2.73941009254e-06, 2.85474266093e-06, 4.10509164794e-06, 2.65378116637e-06, 1.67908365256e-06, 1.77874210294e-06, 1.44813702718e-06, 9.91201090983e-07, 1.34384504236e-06, 1.01332045688e-06, 8.05909110113e-07, 6.44726469545e-07, 4.91123444135e-07, 7.2168643328e-07, 6.35696721929e-07, 4.70423941579e-07, 4.05192253083e-07, 4.53615086826e-07, 3.38327851068e-07, 4.75469789762e-07, 3.33300135935e-07, 3.01589949459e-07, 2.77808425153e-07, 2.63418769464e-07, 3.1500499631e-07, 2.07089158266e-07, 1.66151423286e-07, 1.39850229175e-07, 1.2014783124e-07, 9.69366098502e-08, 6.31118055594e-08, 4.5282590122e-08, 3.90808736483e-08, 4.0727748285e-08, 3.17586064114e-08, 1.51401060577e-08, 7.9365829464e-09, 5.26789722954e-09, 3.79460818323e-09, 3.45802098067e-09, 3.35304051191e-09, 2.8741082847e-09, 2.39406094948e-09, 2.32300023661e-09, 2.46645481816e-09, 2.86169510311e-09, 2.44120568205e-09, 1.29302346608e-09, 3.94808005733e-11, 6.63124633329e-12, 6.40085380532e-12, 6.21382502744e-12, 6.03982185446e-12, 5.89023057759e-12, 5.7559482354e-12, 5.63252049168e-12, 5.52878185942e-12, 5.45221810408e-12, 5.38981142703e-12, 5.34257360574e-12, 5.30944992833e-12],
        "min": [1.29806740376e-15, 2.5240766559e-15, 2.84894873128e-15, 2.25933502592e-15, 1.7365274444e-15, 1.89277728284e-15, 2.07022136792e-15, 1.56641506474e-15, 9.28523234253e-16, 8.60778756741e-16, 6.96210260666e-16, 2.07948348791e-16, 6.82889807303e-17, 1.78558912795e-16, 4.5063830978e-16, 1.62183251295e-15, 2.24714918643e-15, 8.66281665102e-16, 2.33855050006e-16, 5.11774130357e-16, 4.04547001367e-15, 1.62599222823e-14, 2.79252566438e-14, 2.30701484934e-14, 1.42583241356e-14, 7.79494605798e-15, 8.70576736243e-15, 1.0333531753e-14, 5.2103757913e-15, 4.08282331961e-15, 2.39982035302e-14, 4.61332632252e-14, 3.19634862198e-14, 1.25633536099e-14, 2.05121119573e-15, 1.03430536739e-15, 7.529628975e-16, 9.16914012436e-16, 7.73266541944e-15, 1.27678646329e-14, 3.44412541022e-14, 6.48591491387e-14, 4.28803212827e-14, 1.08699543304e-14, 4.21057536981e-15, 1.63712961034e-15, 1.98264430217e-15, 1.1937397956e-14, 1.15111853765e-14, 3.06145002774e-15, 8.39890511333e-15, 7.6846352632e-15, 2.64136869623e-15, 4.25092547832e-15, 4.57268322531e-15, 2.80885675606e-15, 2.66943979162e-15, 2.52822267042e-15, 3.07356492823e-15, 3.414540794e-15, 2.58668128454e-15, 5.25634384583e-15, 3.7922859365e-15, 1.31172210426e-15, 1.77718417883e-15, 1.4906252036e-15, 4.94444577411e-16, 4.79955602392e-16, 2.42859619041e-16, 3.1255833391e-16, 1.64547002614e-15, 1.71866669591e-15, 9.56319255691e-16, 2.08297302543e-15, 1.03577454603e-15, 5.44052120758e-16, 1.0110623598e-15, 7.5125152037e-16, 4.27552559151e-16, 2.89801734991e-16, 4.77342293991e-16, 1.66749563562e-15, 9.34570308342e-16, 8.10740761838e-16, 1.44163017095e-15, 1.18453502503e-15, 9.13449224165e-16, 8.45538569377e-16, 1.3375938786e-15, 1.02224795926e-15, 1.36495441923e-15, 5.65286548531e-16, 3.82780038686e-16, 5.86549193089e-16, 1.08377664431e-15, 1.18162239636e-15, 9.10331825282e-16, 3.27563125524e-16, 1.04891393287e-15, 9.11345829599e-16, 9.80774261549e-16, 4.19251000993e-16, 4.67281342523e-16, 9.17267225175e-16, 7.25922270632e-16, 6.59025143705e-16, 2.00259955137e-15, 8.64152171333e-16, 5.58970012085e-16, 4.65496379405e-16, 3.3095287197e-16, 2.98022295623e-16, 5.54346641561e-16, 9.36293490994e-16, 5.32473392127e-16, 4.71753464726e-16, 3.77310508717e-16, 3.49655332975e-16, 4.9367594795e-16, 5.40852665558e-16, 6.45349637953e-16, 6.24676210688e-16, 1.21896109099e-15, 6.95631419526e-16, 2.6951339008e-16, 3.7627246984e-16, 3.46586506138e-16, 4.55547818621e-16],
        "stdev": [5.0944022405e-06, 3.09198912873e-05, 0.000105971397716, 0.000785749289207, 0.00110098265577, 0.000844996422529, 0.00124661577865, 0.00100790546276, 0.00195853807963, 0.00124440714717, 0.000850902521051, 0.00076099857688, 0.00113212002907, 0.000976098526735, 0.000730863888748, 0.000764145166613, 0.000737384252716, 0.000319534447044, 0.000381566846045, 0.000542796624359, 0.000235501182033, 0.000474185042549, 0.000969753542449, 0.000553064339329, 0.000864687201101, 0.000740961229894, 0.00135505117942, 0.00305479788221, 0.00163908104878, 0.000458765396615, 0.000410594220739, 0.000349796551745, 0.000618306628894, 0.000325563480146, 0.00046261397074, 0.000725629448425, 0.000756650930271, 0.000287827628199, 0.000278303632513, 0.000342853483744, 0.000114078815386, 0.000260124070337, 0.000391298119212, 0.000617972924374, 0.000245944218477, 0.000109621090814, 0.000121795528685, 9.16521821637e-05, 8.8680695626e-05, 0.00011285803339, 6.32305600448e-05, 0.000118936623039, 0.000227799740969, 0.000234042367083, 0.000135735492222, 8.57396007632e-05, 0.000247174408287, 0.000193016050616, 5.71209238842e-05, 1.9961336875e-05, 2.22464950639e-05, 1.40078836921e-05, 1.65048531926e-05, 1.48210110638e-05, 5.52707297174e-06, 4.10104757975e-06, 4.36652362623e-06, 3.33550906362e-06, 4.34745516031e-06, 7.14422867532e-06, 4.54340670331e-06, 2.57138481174e-06, 2.9111981803e-06, 2.27974373956e-06, 2.18876311919e-06, 1.95784127754e-06, 1.42649923873e-06, 1.51089761857e-06, 1.04183106941e-06, 7.11995824076e-07, 9.2357856829e-07, 7.74598106545e-07, 6.89163016432e-07, 5.14696750997e-07, 5.51330003873e-07, 3.65838559446e-07, 6.58340866266e-07, 3.60914555131e-07, 3.26562997088e-07, 2.90588076268e-07, 5.12529993557e-07, 1.74224271632e-06, 4.1749325419e-07, 3.06095188307e-07, 3.71727168158e-07, 4.37511005202e-07, 2.42185393518e-07, 1.4343729049e-07, 1.40976794683e-07, 1.64703848782e-07, 2.12634731156e-07, 1.22571037764e-07, 2.73850808696e-08, 1.28657662302e-08, 5.61658231035e-09, 3.64841068468e-09, 2.83114487409e-09, 2.74872680173e-09, 2.29073560121e-09, 1.87211202096e-09, 1.84173154505e-09, 1.64556568372e-09, 1.64906877043e-09, 1.52073054149e-09, 1.03830000153e-09, 1.10650634488e-10, 9.34779476047e-11, 9.05012106922e-11, 8.76414843476e-11, 8.48004999554e-11, 8.25724835729e-11, 8.045920874e-11, 7.86105278094e-11, 7.70466468403e-11, 7.59530840999e-11, 7.50727535692e-11, 7.43634112621e-11, 7.38459363103e-11]
    },
    "mfcc": {
        "mean": [-659.065185547, 157.095596313, -31.3435821533, 3.22510075569, -14.3550291061, 4.08329677582, -8.638671875, 1.08802688122, -13.284734726, 0.516397893429, -7.96909666061, -5.61248111725, -9.18865871429],
        "cov": [[3798.44335938, 55.2063140869, -13.7347211838, 191.311279297, -139.393341064, 60.9355125427, -6.98351955414, 49.186580658, -94.166229248, 49.4441184998, -76.9435958862, -88.0545425415, -132.694976807], [55.2063140869, 738.841369629, 376.127746582, 165.7865448, 145.180465698, 48.5076332092, 140.563934326, 2.07512688637, -80.3100357056, 23.3728485107, 6.61292076111, -56.8275375366, -25.8564453125], [-13.7347211838, 376.127746582, 1154.37719727, 286.672088623, 194.906478882, 109.624481201, 118.452377319, -36.2966270447, -90.6539535522, -22.6520805359, -20.0884132385, -68.0440750122, -57.4332427979], [191.311279297, 165.7865448, 286.672088623, 300.057403564, 90.8635406494, 1.78209626675, 34.5314025879, 0.0752855092287, -45.0815162659, 3.70386838913, -26.2266311646, -22.4677848816, -19.4742202759], [-139.393341064, 145.180465698, 194.906478882, 90.8635406494, 155.393920898, 8.74477672577, 27.0361652374, -12.8023023605, -15.8193149567, -10.3209466934, -7.06549453735, -6.05994462967, 5.07111215591], [60.9355125427, 48.5076332092, 109.624481201, 1.78209626675, 8.74477672577, 134.412979126, 64.4960174561, -6.83686208725, -24.9291992188, 12.9072589874, 7.28711032867, -14.7341041565, -10.1651830673], [-6.98351955414, 140.563934326, 118.452377319, 34.5314025879, 27.0361652374, 64.4960174561, 139.906326294, 27.6978340149, -28.7793273926, 29.837978363, 15.814034462, -24.4053115845, -10.1828680038], [49.186580658, 2.07512688637, -36.2966270447, 0.0752855092287, -12.8023023605, -6.83686208725, 27.6978340149, 77.8311233521, 39.4035110474, 11.157037735, 2.27745175362, 3.49967622757, -3.97921586037], [-94.166229248, -80.3100357056, -90.6539535522, -45.0815162659, -15.8193149567, -24.9291992188, -28.7793273926, 39.4035110474, 106.924972534, 14.1877422333, 4.31993150711, 11.5056676865, 7.16070270538], [49.4441184998, 23.3728485107, -22.6520805359, 3.70386838913, -10.3209466934, 12.9072589874, 29.837978363, 11.157037735, 14.1877422333, 70.3739700317, 17.8259162903, -13.6826543808, -6.80840778351], [-76.9435958862, 6.61292076111, -20.0884132385, -26.2266311646, -7.06549453735, 7.28711032867, 15.814034462, 2.27745175362, 4.31993150711, 17.8259162903, 58.9130134583, 19.7043743134, 6.6287612915], [-88.0545425415, -56.8275375366, -68.0440750122, -22.4677848816, -6.05994462967, -14.7341041565, -24.4053115845, 3.49967622757, 11.5056676865, -13.6826543808, 19.7043743134, 72.7872619629, 33.6881866455], [-132.694976807, -25.8564453125, -57.4332427979, -19.4742202759, 5.07111215591, -10.1651830673, -10.1828680038, -3.97921586037, 7.16070270538, -6.80840778351, 6.6287612915, 33.6881866455, 57.022102356]],
        "icov": [[0.000344414118445, -4.72144602099e-05, 5.97007201577e-05, -0.000264608184807, 0.000365842308383, -0.000280270614894, 0.000389958207961, -0.000460348732304, 0.000459604489151, -0.000307432783302, 0.000347399152815, -1.07130817923e-05, 0.000576367543545], [-4.72144602099e-05, 0.00222565652803, -0.000233998827753, -0.000238046864979, -0.00140971655492, 0.000488909892738, -0.00139726989437, -0.000293149641948, 0.000938927929383, -0.000287588394713, -0.000621374580078, 0.000929469766561, -0.000104227707197], [5.97007201577e-05, -0.000233998827753, 0.00159065192565, -0.00105586694553, -0.000907484674826, -0.000906236469746, -0.000444635719759, 0.000619232887402, -0.000151759246364, 0.00100929720793, -0.000273871643003, 0.000393137393985, 0.00109644792974], [-0.000264608184807, -0.000238046864979, -0.00105586694553, 0.00569651229307, -0.00211722776294, 0.00131126539782, 0.000174340428202, -0.00129076687153, 0.00184242601972, -0.00184767728206, 0.00213068933226, -0.000905378372408, 0.000356615550118], [0.000365842308383, -0.00140971655492, -0.000907484674826, -0.00211722776294, 0.0107604758814, 0.000223750394071, -0.000869108713232, 0.00209886254743, -0.00182868656702, 0.00150569994003, 0.000824565417133, -0.000439473602455, -0.00177759060171], [-0.000280270614894, 0.000488909892738, -0.000906236469746, 0.00131126539782, 0.000223750394071, 0.0110083026811, -0.0057689412497, 0.00293109496124, -4.69725491712e-05, -0.000450726831332, 0.000239020781009, -0.000602071289904, 0.000501392933074], [0.000389958207961, -0.00139726989437, -0.000444635719759, 0.000174340428202, -0.000869108713232, -0.0057689412497, 0.0166560839862, -0.00954542029649, 0.00595832336694, -0.00447405315936, -0.00301933754236, 0.00373393855989, -0.00189467531163], [-0.000460348732304, -0.000293149641948, 0.000619232887402, -0.00129076687153, 0.00209886254743, 0.00293109496124, -0.00954542029649, 0.022853506729, -0.0107778329402, 0.00214993418194, 0.00173301016912, -0.00382878701203, 0.00287545681931], [0.000459604489151, 0.000938927929383, -0.000151759246364, 0.00184242601972, -0.00182868656702, -4.69725491712e-05, 0.00595832336694, -0.0107778329402, 0.0170713067055, -0.00524299964309, 4.40986550529e-05, 0.000729665218387, -0.000768169236835], [-0.000307432783302, -0.000287588394713, 0.00100929720793, -0.00184767728206, 0.00150569994003, -0.000450726831332, -0.00447405315936, 0.00214993418194, -0.00524299964309, 0.0205431375653, -0.00693534035236, 0.00492008170113, -0.000312736548949], [0.000347399152815, -0.000621374580078, -0.000273871643003, 0.00213068933226, 0.000824565417133, 0.000239020781009, -0.00301933754236, 0.00173301016912, 4.40986550529e-05, -0.00693534035236, 0.0242176931351, -0.00972360558808, 0.00262525235303], [-1.07130817923e-05, 0.000929469766561, 0.000393137393985, -0.000905378372408, -0.000439473602455, -0.000602071289904, 0.00373393855989, -0.00382878701203, 0.000729665218387, 0.00492008170113, -0.00972360558808, 0.024951942265, -0.012300551869], [0.000576367543545, -0.000104227707197, 0.00109644792974, 0.000356615550118, -0.00177759060171, 0.000501392933074, -0.00189467531163, 0.00287545681931, -0.000768169236835, -0.000312736548949, 0.00262525235303, -0.012300551869, 0.0271879825741]]
    },
    "spectral_contrast_coeffs": {
        "max": [-0.462383389473, -0.571379721165, -0.460176348686, -0.596119463444, -0.644944906235, -0.603222846985],
        "mean": [-0.664142072201, -0.765439152718, -0.732302904129, -0.782830178738, -0.790563106537, -0.74166405201],
        "min": [-0.93543356657, -0.942978143692, -0.912206232548, -0.938217699528, -0.942529916763, -0.924231767654],
        "stdev": [0.0698460042477, 0.0595983788371, 0.0851022005081, 0.0562213249505, 0.0418227538466, 0.0394818075001]
    },
    "spectral_contrast_valleys": {
        "max": [-5.56512784958, -4.68324375153, -5.03911876678, -5.36618900299, -6.50752162933, -9.49497699738],
        "mean": [-7.10913896561, -6.32917785645, -6.80031442642, -7.31706380844, -7.87015914917, -11.2517127991],
        "min": [-18.9258289337, -18.4572429657, -18.1859703064, -17.6376934052, -17.8700885773, -19.7583885193],
        "stdev": [1.12938916683, 0.70067358017, 0.699979841709, 0.729347527027, 0.709144592285, 0.667914330959]
    }
},
"rhythm": {
    "beats_count": 63,
    "beats_loudness": {
        "max": 0.0663876608014,
        "mean": 0.0337585769594,
        "min": 0.000740786024835,
        "stdev": 0.0157303195447
    },
    "bpm": 132.334213257,
    "bpm_histogram_first_peak_bpm": 133,
    "bpm_histogram_first_peak_weight": 0.254901945591,
    "bpm_histogram_second_peak_bpm": 157,
    "bpm_histogram_second_peak_spread": 0.142857134342,
    "bpm_histogram_second_peak_weight": 0.0967741906643,
    "danceability": 1.01774561405,
    "onset_rate": 3.45228695869,
    "beats_loudness_band_ratio": {
        "max": [0.653895556927, 0.575968027115, 0.790408313274, 0.661844551563, 0.665337383747, 0.0337428115308],
        "mean": [0.198114544153, 0.246336489916, 0.281549543142, 0.280783385038, 0.107982136309, 0.0126014295965],
        "min": [0.000526059244294, 0.00639043329284, 0.045219976455, 0.0254811048508, 0.00723565835506, 0.0014530980261],
        "stdev": [0.172594755888, 0.160056918859, 0.152920022607, 0.179336860776, 0.141673386097, 0.00736223906279]
    },
