{
"metadata": {
    "version": {
        "essentia": "2.1-beta5",
        "essentia_git_sha": "Undefined",
        "extractor": "music 2.0"
    },
    "audio_properties": {
        "analysis": {
            "equal_loudness": 0,
            "length": 29.3268032074,
            "sample_rate": 44100,
            "start_time": 191.4949646,
            "downmix": "mix"
        },
        "bit_rate": 192000,
        "length": 220.844985962,
        "lossless": 0,
        "number_channels": 2,
        "replay_gain": -2.65942382812,
        "sample_rate": 44100,
        "codec": "mp3",
        "md5_encoded": "7526a232a4b75137968426de68211a73"
    },
    "tags": {
        "file_name": "Austria_Wenn Du Da Bist_Marty Brem.mp3",
        "encoding": ["Lavf58.29.100"]
    }
},
"lowlevel": {
    "average_loudness": 0.769696354866,
    "barkbands_crest": {
        "max": 21.4829101562,
        "mean": 7.34465789795,
        "min": 2.05359101295,
        "stdev": 2.9884185791
    },
    "barkbands_flatness_db": {
        "max": 0.261381298304,
        "mean": 0.127953603864,
        "min": 0.0352952443063,
        "stdev": 0.037558849901
    },
    "barkbands_kurtosis": {
        "max": 24.9195747375,
        "mean": 2.80769133568,
        "min": -1.85526168346,
        "stdev": 3.65938830376
    },
    "barkbands_skewness": {
        "max": 4.0818734169,
        "mean": 0.556714773178,
        "min": -3.60421895981,
        "stdev": 1.57700335979
    },
    "barkbands_spread": {
        "max": 69.2802352905,
        "mean": 21.5391235352,
        "min": 4.20872735977,
        "stdev": 8.99923610687
    },
    "dissonance": {
        "max": 0.499999940395,
        "mean": 0.476213514805,
        "min": 0.358686566353,
        "stdev": 0.0221534334123
    },
    "dynamic_complexity": 3.54689073563,
    "erbbands_crest": {
        "max": 24.0572624207,
        "mean": 6.36117219925,
        "min": 2.61348128319,
        "stdev": 3.33580946922
    },
    "erbbands_flatness_db": {
        "max": 0.320059329271,
        "mean": 0.164061516523,
        "min": 0.0820511505008,
        "stdev": 0.0443029254675
    },
    "erbbands_kurtosis": {
        "max": 45.7045478821,
        "mean": 0.198637798429,
        "min": -1.70145440102,
        "stdev": 1.97641801834
    },
    "erbbands_skewness": {
        "max": 2.74157547951,
        "mean": 0.160703718662,
        "min": -5.90932512283,
        "stdev": 0.741238176823
    },
    "erbbands_spread": {
        "max": 97.7119064331,
        "mean": 37.3943786621,
        "min": 5.87967252731,
        "stdev": 13.1909341812
    },
    "hfc": {
        "max": 393.246002197,
        "mean": 21.2258663177,
        "min": 1.06487526291e-16,
        "stdev": 30.5644111633
    },
    "loudness_ebu128": {
        "integrated": -21.5864887238,
        "loudness_range": 5.21334648132,
        "momentary": {
            "max": -16.2464427948,
            "mean": -80.4476394653,
            "min": -300.691009521,
            "stdev": 112.318855286
        },
        "short_term": {
            "max": -18.5217456818,
            "mean": -58.9856300354,
            "min": -300.691009521,
            "stdev": 92.9933166504
        }
    },
    "melbands_crest": {
        "max": 22.1349239349,
        "mean": 8.55913925171,
        "min": 1.56572759151,
        "stdev": 5.18251419067
    },
    "melbands_flatness_db": {
        "max": 0.282900601625,
        "mean": 0.116892658174,
        "min": 0.00252144993283,
        "stdev": 0.0808632969856
    },
    "melbands_kurtosis": {
        "max": 40.6526641846,
        "mean": 6.13964366913,
        "min": -1.85644233227,
        "stdev": 8.21239757538
    },
    "melbands_skewness": {
        "max": 5.58845472336,
        "mean": 1.60769569874,
        "min": -1.05495750904,
        "stdev": 1.36235189438
    },
    "melbands_spread": {
        "max": 190.089935303,
        "mean": 51.4532661438,
        "min": 4.29953479767,
        "stdev": 47.0575752258
    },
    "pitch_salience": {
        "max": 0.855220258236,
        "mean": 0.694346249104,
        "min": 0.313734352589,
        "stdev": 0.109699785709
    },
    "silence_rate_20dB": {
        "max": 1,
        "mean": 1,
        "min": 1,
        "stdev": 0
    },
    "silence_rate_30dB": {
        "max": 1,
        "mean": 1,
        "min": 1,
        "stdev": 0
    },
    "silence_rate_60dB": {
        "max": 1,
        "mean": 0.238924056292,
        "min": 0,
        "stdev": 0.426426231861
    },
    "spectral_centroid": {
        "max": 11791.1044922,
        "mean": 3587.39672852,
        "min": 376.883422852,
        "stdev": 3963.63549805
    },
    "spectral_complexity": {
        "max": 68,
        "mean": 18.8457279205,
        "min": 0,
        "stdev": 16.6558361053
    },
    "spectral_decrease": {
        "max": 2.44187911351e-28,
        "mean": -3.74998121444e-09,
        "min": -2.28298091542e-08,
        "stdev": 3.43564354743e-09
    },
    "spectral_energy": {
        "max": 0.0981569960713,
        "mean": 0.0160785391927,
        "min": 9.93428163702e-21,
        "stdev": 0.0146983806044
    },
    "spectral_energyband_high": {
        "max": 0.0457484684885,
        "mean": 0.00130242074374,
        "min": 6.86508532748e-21,
        "stdev": 0.00297125568613
    },
    "spectral_energyband_low": {
        "max": 0.0321838371456,
        "mean": 0.0018669157289,
        "min": 1.20792054193e-23,
        "stdev": 0.00280961673707
    },
    "spectral_energyband_middle_high": {
        "max": 0.0490935482085,
        "mean": 0.00564201781526,
        "min": 1.16173276117e-21,
        "stdev": 0.007712258026
    },
    "spectral_energyband_middle_low": {
        "max": 0.0762250050902,
        "mean": 0.0082966061309,
        "min": 1.42197138523e-22,
        "stdev": 0.0099882055074
    },
    "spectral_entropy": {
        "max": 9.83042907715,
        "mean": 8.17589092255,
        "min": 6.69776058197,
        "stdev": 0.912285387516
    },
    "spectral_flux": {
        "max": 0.213798880577,
        "mean": 0.0547379106283,
        "min": 6.37449329433e-11,
        "stdev": 0.0433110520244
    },
    "spectral_kurtosis": {
        "max": 9.21396827698,
        "mean": 1.70511174202,
        "min": -1.27476072311,
        "stdev": 2.14968585968
    },
    "spectral_rms": {
        "max": 0.00978585332632,
        "mean": 0.00331241148524,
        "min": 3.11319481479e-12,
        "stdev": 0.00217124097981
    },
    "spectral_rolloff": {
        "max": 19767.4804688,
        "mean": 5712.02392578,
        "min": 258.3984375,
        "stdev": 7036.10546875
    },
    "spectral_skewness": {
        "max": 2.29468011856,
        "mean": 0.951100289822,
        "min": -0.598591685295,
        "stdev": 0.620271027088
    },
    "spectral_spread": {
        "max": 42702412,
        "mean": 12099646,
        "min": 2384863.25,
        "stdev": 14889617
    },
    "spectral_strongpeak": {
        "max": 8.47851657867,
        "mean": 0.780049026012,
        "min": 0,
        "stdev": 1.03611183167
    },
    "zerocrossingrate": {
        "max": 0.52734375,
        "mean": 0.16943629086,
        "min": 0.0205078125,
        "stdev": 0.177753016353
    },
    "barkbands": {
        "max": [5.32176563866e-05, 0.0031346809119, 0.0206562243402, 0.0178314037621, 0.0289770998061, 0.0336417220533, 0.0645649284124, 0.0145673733205, 0.0117991473526, 0.0126824965701, 0.00551052764058, 0.0150378756225, 0.023530928418, 0.0102587835863, 0.0120019679889, 0.00768417445943, 0.0084549440071, 0.0199977513403, 0.00590956164524, 0.00741678476334, 0.0218255259097, 0.0156133314595, 0.0170818958431, 0.00826594233513, 0.000469859776786, 6.66400273985e-06, 4.16365622868e-07],
        "mean": [1.3711739939e-06, 0.000296920217806, 0.000665459258016, 0.00165986793581, 0.00233694468625, 0.00124614418019, 0.0015340289101, 0.000624237582088, 0.000677396019455, 0.000563207606319, 0.000491052109282, 0.000682381622028, 0.000706257298589, 0.000649675668683, 0.000661283731461, 0.000553465564735, 0.000539440719876, 0.000368482898921, 0.000335749529768, 0.000325740460539, 0.00027284809039, 0.000390784640331, 0.000283010624116, 0.000196571403649, 1.60574109032e-05, 1.69990471477e-07, 1.400105476e-09],
        "min": [4.13970044195e-26, 1.4723700282e-24, 3.36784688481e-25, 5.2044126937e-25, 6.11612734503e-24, 7.2349194631e-24, 4.87647739755e-24, 4.80807092972e-24, 9.45217633143e-24, 1.57906192735e-23, 1.00111947233e-23, 2.46706134911e-23, 2.35881480233e-23, 3.02230346383e-23, 2.95328602324e-23, 5.15973376167e-23, 4.58361538972e-23, 8.05811317264e-23, 1.08933247044e-22, 1.35126799111e-22, 2.00241044302e-22, 2.93411297982e-22, 3.89019371672e-22, 5.34815281023e-22, 7.71791520332e-22, 1.22056234717e-21, 1.86458283661e-21],
        "stdev": [2.68826534011e-06, 0.000466932018753, 0.00128662982024, 0.00253973063082, 0.00386223522946, 0.0025068288669, 0.00354230939411, 0.00107377790846, 0.00117315072566, 0.00114405376371, 0.000670183449984, 0.00138763524592, 0.00145948119462, 0.00116057903506, 0.00119732425082, 0.00105230743065, 0.000954176299274, 0.000967768253759, 0.000598678831011, 0.000633763498627, 0.000940071651712, 0.000969711749349, 0.000768947938923, 0.000507450429723, 3.01586496789e-05, 3.33972707267e-07, 1.41813627508e-08]
    },
    "erbbands": {
        "max": [0.0288480110466, 1.16929543018, 15.5884780884, 52.6993141174, 114.777275085, 124.764808655, 238.90802002, 389.774536133, 447.212738037, 887.18762207, 377.948699951, 219.63092041, 494.992523193, 294.975128174, 197.450149536, 659.542785645, 814.145141602, 428.169647217, 816.440307617, 306.118774414, 394.928253174, 463.774017334, 1129.77539062, 345.216888428, 440.963165283, 371.257751465, 816.709533691, 592.112792969, 529.792785645, 224.327804565, 647.952697754, 296.948059082, 91.4198455811, 12.8863573074, 1.79926908016, 0.0851988196373, 0.012991540134, 0.0025236774236, 0.000373998103896, 0.000257808103925],
        "mean": [0.00353669817559, 0.0904034599662, 0.606952548027, 3.67687678337, 5.71811723709, 9.32361793518, 9.17547512054, 10.0641136169, 17.5794124603, 21.3083553314, 15.7883777618, 14.144651413, 17.1234035492, 17.2347736359, 19.7829933167, 30.1217651367, 31.777797699, 31.8402080536, 34.6225166321, 32.9895744324, 31.1494197845, 30.0302200317, 22.6024265289, 16.0925693512, 18.2824859619, 14.9904785156, 11.4844779968, 11.5323963165, 14.7997369766, 7.66458034515, 9.22761058807, 6.91629219055, 1.73247861862, 0.361937522888, 0.0443103089929, 0.00343374256045, 0.000229869081522, 3.0387287552e-05, 1.57461909112e-05, 2.24043469643e-05],
        "min": [4.10987664824e-23, 2.13138175418e-22, 1.55031347569e-21, 2.362660474e-21, 6.21813153765e-21, 1.694159437e-20, 3.69104048257e-20, 7.28560521009e-20, 6.56872719352e-20, 1.29458884045e-19, 1.74045392477e-19, 3.39197792037e-19, 3.51779726142e-19, 5.03849514683e-19, 6.99792006485e-19, 1.27365507049e-18, 1.269691221e-18, 2.05474393854e-18, 2.28339113551e-18, 2.73343177587e-18, 3.34493393589e-18, 3.23707578787e-18, 4.35604187995e-18, 5.81421488892e-18, 6.93195013626e-18, 6.36802843904e-18, 8.85304278091e-18, 7.04077194969e-18, 1.04483300754e-17, 9.50791505443e-18, 1.06583280719e-17, 9.62402474265e-18, 8.98166274872e-18, 6.73840889807e-18, 5.0171589535e-18, 4.16365869463e-18, 2.16989285648e-18, 9.12344440084e-19, 2.42191064579e-19, 2.58762241978e-20],
        "stdev": [0.0050958278589, 0.138845831156, 1.00814270973, 5.65103769302, 9.19546699524, 16.5608730316, 19.4466724396, 22.8551750183, 39.3713989258, 45.0779953003, 27.2356967926, 22.3458251953, 34.6511726379, 25.4115638733, 28.6256141663, 61.4036750793, 60.5410461426, 51.8211097717, 66.1683425903, 57.8148002625, 57.2552070618, 52.2570457458, 55.4064674377, 27.2965946198, 36.6285095215, 29.7685165405, 35.4221572876, 32.8599700928, 36.821018219, 16.9374008179, 27.4369182587, 18.3949394226, 4.4812836647, 0.752264142036, 0.0744628310204, 0.00525502301753, 0.000557387887966, 9.04505432118e-05, 2.16542302951e-05, 2.23963943426e-05]
    },
    "gfcc": {
        "mean": [-282.226104736, 76.9945449829, -125.936820984, 35.8372459412, -70.5575332642, 12.3284215927, -37.707118988, -5.03088331223, -13.7101802826, -12.3450918198, -3.06468963623, -14.458984375, -3.73722577095],
        "cov": [[268756.25, 20541.6914062, -34705.1757812, 9671.93457031, -19224.5664062, 3345.77783203, -10237.1357422, -1413.39611816, -3604.81860352, -3450.85473633, -780.087036133, -3965.8059082, -978.951904297], [20541.6914062, 2799.88476562, -1812.6953125, 819.986206055, -1282.22473145, 90.6012191772, -845.455566406, -81.115776062, -481.584655762, -225.149154663, -61.6817855835, -360.286468506, -143.912689209], [-34705.1757812, -1812.6953125, 5493.82128906, -1028.21081543, 2575.86914062, -473.54309082, 1298.40124512, 250.359924316, 278.324768066, 521.593322754, 46.7468643188, 489.584411621, 51.444896698], [9671.93457031, 819.986206055, -1028.21081543, 556.704711914, -692.190246582, 80.2604904175, -356.274627686, -49.4495048523, -153.02041626, -117.055831909, -57.6660118103, -136.297958374, -53.0706329346], [-19224.5664062, -1282.22473145, 2575.86914062, -692.190246582, 1476.91235352, -269.70010376, 708.969726562, 104.364906311, 233.266952515, 248.194229126, 70.7462921143, 274.788421631, 58.8135566711], [3345.77783203, 90.6012191772, -473.54309082, 80.2604904175, -269.70010376, 185.159896851, -103.197029114, 4.04005670547, -31.5724582672, -27.0495166779, -26.6265087128, -39.1119308472, -6.54811906815], [-10237.1357422, -845.455566406, 1298.40124512, -356.274627686, 708.969726562, -103.197029114, 459.669281006, 71.0035934448, 141.988494873, 124.768257141, 26.2812137604, 154.199325562, 31.0196056366], [-1413.39611816, -81.115776062, 250.359924316, -49.4495048523, 104.364906311, 4.04005670547, 71.0035934448, 70.7761764526, 20.2085800171, 27.8178596497, -2.90550780296, 22.3436908722, -4.5770111084], [-3604.81860352, -481.584655762, 278.324768066, -153.02041626, 233.266952515, -31.5724582672, 141.988494873, 20.2085800171, 134.486022949, 42.8556785583, 16.1026535034, 55.8845710754, 29.2320270538], [-3450.85473633, -225.149154663, 521.593322754, -117.055831909, 248.194229126, -27.0495166779, 124.768257141, 27.8178596497, 42.8556785583, 89.3602294922, 15.084810257, 51.170124054, 5.6935839653], [-780.087036133, -61.6817855835, 46.7468643188, -57.6660118103, 70.7462921143, -26.6265087128, 26.2812137604, -2.90550780296, 16.1026535034, 15.084810257, 47.5650024414, 23.4833755493, 6.02488899231], [-3965.8059082, -360.286468506, 489.584411621, -136.297958374, 274.788421631, -39.1119308472, 154.199325562, 22.3436908722, 55.8845710754, 51.170124054, 23.4833755493, 92.3062362671, 26.4860477448], [-978.951904297, -143.912689209, 51.444896698, -53.0706329346, 58.8135566711, -6.54811906815, 31.0196056366, -4.5770111084, 29.2320270538, 5.6935839653, 6.02488899231, 26.4860477448, 35.3449134827]],
        "icov": [[0.000548527634237, -0.00107989599928, 0.00137739628553, -0.00158699101303, 0.00183778570499, -0.00137215096038, 0.00160817382857, -0.00104953267146, 0.000751068233512, 0.000263245019596, -0.000881840707734, 0.00069386191899, 0.000515200721566], [-0.00107989599928, 0.0044604446739, -0.00349970674142, 0.00258759176359, -0.00307011813857, 0.00359237147495, -0.000400162185542, 0.000323401793139, 0.00255856337026, 0.000481567083625, -0.0011058995733, 0.00345767103136, -0.00119831797201], [0.00137739628553, -0.00349970674142, 0.00642949808389, -0.00461193453521, 0.00093025987735, -0.00236697378568, 0.00149150798097, -0.00351167214103, 0.00419766409323, -0.00504179811105, 0.00329090096056, -0.00200828933157, 0.00215146457776], [-0.00158699101303, 0.00258759176359, -0.00461193453521, 0.0109953377396, -0.00158705434296, 0.00573147274554, -0.0036249756813, 0.00406954763457, -0.002843858907, -4.74548396596e-05, 0.0065399017185, -0.00590604031458, 0.00288469390944], [0.00183778570499, -0.00307011813857, 0.00093025987735, -0.00158705434296, 0.0163841638714, -0.00217624846846, 0.00473826192319, -0.0021303917747, -0.000817480438855, 0.00384007766843, -0.00731927994639, 0.00219024857506, 0.0022272025235], [-0.00137215096038, 0.00359237147495, -0.00236697378568, 0.00573147274554, -0.00217624846846, 0.0141751011834, -0.00418718345463, -0.000906508183107, 0.00188279745635, -0.00620736042038, 0.0081501333043, -0.00381123274565, -0.000612436560914], [0.00160817382857, -0.000400162185542, 0.00149150798097, -0.0036249756813, 0.00473826192319, -0.00418718345463, 0.02028892003, -0.00629907334223, 0.00179041922092, 0.00557397911325, -0.00479991873726, 0.00154702924192, 0.00529693067074], [-0.00104953267146, 0.000323401793139, -0.00351167214103, 0.00406954763457, -0.0021303917747, -0.000906508183107, -0.00629907334223, 0.0231327489018, -0.00734133040532, -0.000682676967699, 0.00417744042352, -0.00610756454989, 0.00541661586612], [0.000751068233512, 0.00255856337026, 0.00419766409323, -0.002843858907, -0.000817480438855, 0.00188279745635, 0.00179041922092, -0.00734133040532, 0.0262747555971, -0.00649804016575, -0.000856232480146, 0.00747584365308, -0.00611262582242], [0.000263245019596, 0.000481567083625, -0.00504179811105, -4.74548396596e-05, 0.00384007766843, -0.00620736042038, 0.00557397911325, -0.000682676967699, -0.00649804016575, 0.0348526723683, -0.0136078223586, 0.00380142498761, 0.00322979735211], [-0.000881840707734, -0.0011058995733, 0.00329090096056, 0.0065399017185, -0.00731927994639, 0.0081501333043, -0.00479991873726, 0.00417744042352, -0.000856232480146, -0.0136078223586, 0.0430854968727, -0.0226896833628, 0.00710365641862], [0.00069386191899, 0.00345767103136, -0.00200828933157, -0.00590604031458, 0.00219024857506, -0.00381123274565, 0.00154702924192, -0.00610756454989, 0.00747584365308, 0.00380142498761, -0.0226896833628, 0.0520087629557, -0.0210485104471], [0.000515200721566, -0.00119831797201, 0.00215146457776, 0.00288469390944, 0.0022272025235, -0.000612436560914, 0.00529693067074, 0.00541661586612, -0.00611262582242, 0.00322979735211, 0.00710365641862, -0.0210485104471, 0.0502133332193]]
    },
    "melbands": {
        "max": [0.000557991210371, 0.00641493871808, 0.00830535776913, 0.00723997177556, 0.00686616078019, 0.00767582748085, 0.00964359939098, 0.00777938682586, 0.00263236253522, 0.00131016841624, 0.00246972218156, 0.00128876359668, 0.000658236327581, 0.00107748119626, 0.0045393849723, 0.00094530795468, 0.000916679156944, 0.00138765992597, 0.000660842517391, 0.000510007026605, 0.000489415891934, 0.000507126562297, 0.000546634721104, 0.00110781064723, 0.000183628551895, 0.000257511390373, 0.000421800359618, 0.000305796886096, 0.000304113520542, 0.000790616846643, 0.000203241987037, 0.000396436545998, 0.000238039894612, 7.54854263505e-05, 0.000311769545078, 0.000396170798922, 0.000148530321894, 6.75556148053e-05, 3.4128966945e-05, 4.42499049313e-06],
        "mean": [5.80136875215e-05, 0.000288518465823, 0.000676709751133, 0.000534155813511, 0.000342695682775, 0.000234679406276, 0.000290847267024, 0.000211964230402, 0.000134148387588, 8.53016026667e-05, 8.55766993482e-05, 6.88384097884e-05, 6.40080761514e-05, 6.05518362136e-05, 0.00010613604536, 5.56519189558e-05, 5.99099548708e-05, 5.57316925551e-05, 5.05617790623e-05, 3.92482397729e-05, 3.58426405001e-05, 3.21044753946e-05, 2.48530141107e-05, 1.64587472682e-05, 1.24579264593e-05, 1.28638139358e-05, 1.33176445161e-05, 9.04213356989e-06, 6.89628450345e-06, 6.66829464535e-06, 6.8841227403e-06, 9.16800127015e-06, 6.33848139842e-06, 3.15041006616e-06, 4.73401769341e-06, 5.93211552768e-06, 3.7141167013e-06, 1.23008283026e-06, 6.26295616257e-07, 1.83335828297e-07],
        "min": [6.37466171557e-25, 8.02084876398e-25, 5.25892396832e-25, 1.22535154775e-24, 9.48553863962e-25, 1.52699253221e-24, 1.01376544512e-24, 1.37576148718e-24, 1.37275839233e-24, 1.47003924004e-24, 1.68312881295e-24, 1.85843263875e-24, 1.77675299455e-24, 2.91388948132e-24, 2.10580679686e-24, 1.4698845247e-24, 3.08834646494e-24, 3.32663038162e-24, 3.09606645498e-24, 3.02060106256e-24, 3.45752528276e-24, 2.23694111728e-24, 2.78815175835e-24, 3.02974356602e-24, 3.76120557127e-24, 3.25288194496e-24, 2.96739791653e-24, 4.03502431907e-24, 4.70107733071e-24, 5.35454919422e-24, 3.07813959091e-24, 5.34346096533e-24, 5.06463334522e-24, 4.79123703243e-24, 5.57112701144e-24, 5.01977595313e-24, 5.2052663398e-24, 5.37568041128e-24, 5.12766057053e-24, 4.65177549629e-24],
        "stdev": [8.90950250323e-05, 0.000447145546786, 0.000960082281381, 0.00086162565276, 0.000660428311676, 0.000502436945681, 0.000650343019515, 0.000415871327277, 0.000248423486482, 0.000134435264044, 0.000178022513865, 0.000110013010271, 9.21010869206e-05, 0.000103845595731, 0.000304297427647, 9.85673977993e-05, 0.00010100829968, 0.000112363202788, 8.77337006386e-05, 7.44407152524e-05, 6.75651244819e-05, 5.7706158259e-05, 4.73977088404e-05, 5.05399693793e-05, 2.01658385777e-05, 2.59696716967e-05, 2.7675741876e-05, 1.91290837392e-05, 1.70145340235e-05, 2.94983601634e-05, 1.78506506927e-05, 2.29436627706e-05, 1.6498768673e-05, 6.22572542852e-06, 1.3667748135e-05, 1.7765976736e-05, 9.7171168818e-06, 3.25168548443e-06, 1.63358038208e-06, 3.10851788754e-07]
    },
    "melbands128": {
        "max": [2.73705918516e-05, 0.000127366904053, 0.000709990505129, 0.00200955686159, 0.00493540428579, 0.0121304877102, 0.0134507007897, 0.00879665836692, 0.0140650235116, 0.0104479920119, 0.00931161269546, 0.00905719585717, 0.0107803773135, 0.00666724285111, 0.0142215937376, 0.0110769430175, 0.0118346912786, 0.00990483723581, 0.0264392755926, 0.00850483030081, 0.00307881832123, 0.00587528757751, 0.00523537769914, 0.00487684365362, 0.00209165015258, 0.0018657714827, 0.00234757689759, 0.00486919144168, 0.00321175483987, 0.00192192231771, 0.00103649264202, 0.00106961722486, 0.00080407212954, 0.000946894695517, 0.000917612458579, 0.00200984021649, 0.00186865450814, 0.00833172723651, 0.00410922430456, 0.00125721865334, 0.00210033124313, 0.00198569940403, 0.00093436113093, 0.00148069590796, 0.00161675817799, 0.00144007918425, 0.00153043877799, 0.000976735493168, 0.00107279559597, 0.000615243625361, 0.000703195226379, 0.000904973014258, 0.000623155909125, 0.000883346132468, 0.000950622430537, 0.000560460262932, 0.000728473183699, 0.000416247727117, 0.000643273990136, 0.0017016249476, 0.00151018961333, 0.000851475109812, 0.000165470788488, 0.000274390884442, 0.000290944328299, 0.000328954454744, 0.000408908847021, 0.000535788189154, 0.000371091242414, 0.000299109669868, 0.000389804277802, 0.000388011336327, 0.000205916774576, 0.000180831077159, 0.000917598721571, 0.000958627904765, 0.000798556837253, 0.000271005672403, 0.000305225723423, 0.000483621639432, 0.000600983505137, 0.000391432811739, 0.000583810731769, 0.000237105981796, 0.000211592880078, 9.41510224948e-05, 5.31351433892e-05, 4.72065839858e-05, 0.000144701931276, 0.000689048145432, 0.000685842474923, 0.000235017039813, 0.000170630708453, 0.000208893383387, 0.000127032457385, 6.35994438198e-05, 6.23620580882e-05, 7.0138303272e-05, 3.80234487238e-05, 1.56399037223e-05, 6.29045098322e-06, 3.7389775116e-06, 2.3293259801e-06, 3.57526664629e-06, 2.5567621833e-06, 8.69921620961e-07, 3.48301341546e-07, 9.45205229641e-08, 7.9110854756e-08, 4.29723350237e-08, 3.58152867364e-08, 2.04767420797e-08, 3.11649266393e-08, 5.14110389815e-08, 2.20359002157e-08, 2.05172074885e-08, 7.90455167987e-09, 2.00013050566e-09, 1.92460936077e-09, 1.86707582728e-09, 1.81333970062e-09, 1.73539138615e-09, 1.69924641025e-09, 1.65403801766e-09, 1.61633406659e-09, 1.60680624361e-09, 1.5879941806e-09, 1.56838553256e-09],
        "mean": [9.55962036642e-07, 8.89723560249e-06, 7.3545408668e-05, 0.000166085883393, 0.000213735227589, 0.00037836280535, 0.000782439834438, 0.000787361524999, 0.000508684315719, 0.00053527217824, 0.000573588011321, 0.000359938130714, 0.000318632926792, 0.000264755188255, 0.000208422075957, 0.000223007431487, 0.000266296119662, 0.000256526574958, 0.000420902681071, 0.000212120619835, 0.000142676581163, 0.000102527650597, 0.000143999306601, 0.000161486328579, 7.23672928871e-05, 7.04981866875e-05, 6.55243129586e-05, 0.000102873098513, 8.70926887728e-05, 6.13872762187e-05, 6.85138147674e-05, 7.08127336111e-05, 5.42232373846e-05, 7.52537162043e-05, 5.15457577421e-05, 5.42639063497e-05, 6.64652689011e-05, 0.000166342608281, 7.71330887801e-05, 4.99352099723e-05, 5.83809742238e-05, 5.16237232659e-05, 5.30217330379e-05, 7.55780783948e-05, 5.49695687369e-05, 5.41505323781e-05, 5.04443160025e-05, 5.62083041586e-05, 4.77196081192e-05, 4.05439823226e-05, 3.80357669201e-05, 3.85469102184e-05, 3.55648444383e-05, 3.41812337865e-05, 3.75618947146e-05, 3.03380275e-05, 3.07647860609e-05, 2.56902385445e-05, 2.39928067458e-05, 2.04214175028e-05, 1.71207939275e-05, 1.2087113646e-05, 1.31796905407e-05, 1.17661065815e-05, 1.21350858535e-05, 1.28328629216e-05, 1.37675142469e-05, 1.36232019941e-05, 1.43289416883e-05, 1.08502908915e-05, 9.42532824411e-06, 8.07347259979e-06, 6.60160048938e-06, 6.48061404718e-06, 7.44592762203e-06, 7.23589209883e-06, 6.21371646048e-06, 5.22372602063e-06, 6.58104727336e-06, 8.83192024048e-06, 9.95781192614e-06, 9.21036735235e-06, 7.69893540564e-06, 6.27952340437e-06, 5.179116215e-06, 3.53178234036e-06, 2.45670116783e-06, 2.13538146454e-06, 4.27683335147e-06, 7.23593711882e-06, 6.97374207448e-06, 5.40853170605e-06, 4.3843392632e-06, 4.44693250756e-06, 2.81785469269e-06, 1.48924607402e-06, 8.0432090499e-07, 9.18060266031e-07, 7.50891956613e-07, 4.22626072805e-07, 2.49086554049e-07, 1.49401813587e-07, 9.06872514861e-08, 6.05013283916e-08, 3.55315457057e-08, 2.06493098176e-08, 1.04927275757e-08, 4.81296069665e-09, 2.17549556147e-09, 1.19021170697e-09, 5.82145220918e-10, 2.27315027912e-10, 1.447572201e-10, 1.28042035308e-10, 7.20199525017e-11, 4.63525641481e-11, 2.30229516007e-11, 4.40699993859e-12, 4.12300358785e-12, 4.02239656513e-12, 3.93277554619e-12, 3.83025989398e-12, 3.73640181295e-12, 3.65198539812e-12, 3.60122131768e-12, 3.58571332348e-12, 3.561738144e-12, 3.51243860386e-12],
        "min": [1.85507713877e-26, 4.01400655006e-26, 1.903770102e-25, 1.87398530267e-25, 2.34154476357e-25, 2.03879387647e-25, 3.13567328749e-25, 3.16953267665e-25, 1.47462903001e-25, 2.96353594936e-25, 1.83237350622e-25, 1.81575664429e-25, 5.14639986273e-25, 4.84535427104e-25, 3.70173250946e-25, 3.10984820012e-25, 2.90675349488e-25, 3.43622115725e-25, 6.53606758716e-25, 3.52338116607e-25, 7.25273292841e-25, 2.6684733746e-25, 6.91361296514e-25, 6.18080062723e-25, 5.07685684355e-25, 2.22019281141e-25, 1.52153038535e-25, 6.82224413686e-25, 9.06308686158e-25, 5.39791485033e-25, 8.99205388137e-25, 7.284486552e-25, 9.16747386694e-25, 1.28877517567e-24, 4.6266248357e-25, 3.53360800815e-25, 1.4399855131e-24, 1.32184471786e-24, 1.11824425417e-24, 1.05402289066e-24, 3.48326537037e-25, 8.36420145905e-25, 1.69194689737e-24, 1.53720946422e-24, 8.59347993685e-25, 1.07332819056e-24, 1.08638788145e-24, 1.08062328038e-24, 9.79368743072e-25, 8.54537026847e-25, 1.4085386578e-24, 1.33221922484e-24, 1.63696743379e-24, 8.18421051758e-25, 1.78736100436e-24, 4.94489126094e-25, 1.17346234817e-24, 1.29924898052e-24, 1.38453805779e-24, 1.18022061815e-24, 1.90402347426e-24, 1.78507034951e-24, 2.22625915177e-24, 1.89042173732e-24, 1.54565678401e-24, 2.21449289693e-24, 1.71352382085e-24, 2.75075541271e-24, 1.85238799207e-24, 2.17220186659e-24, 2.19483546925e-24, 2.16086928804e-24, 1.31325343095e-24, 2.69653088902e-24, 2.83233940753e-24, 2.44833118798e-24, 2.30422148617e-24, 2.19969169698e-24, 2.3404623478e-24, 2.01632374058e-24, 3.2724429344e-24, 2.91792746308e-24, 2.62440632253e-24, 2.75000776978e-24, 2.44310853436e-24, 2.32597353677e-24, 3.29939436722e-24, 2.90016093499e-24, 2.97132249953e-24, 3.44208964143e-24, 4.00528860167e-24, 3.46477885879e-24, 3.4449011417e-24, 3.30231571637e-24, 3.41078330198e-24, 3.92260414589e-24, 3.30696605141e-24, 3.58875268878e-24, 3.90989520228e-24, 3.32699917409e-24, 3.95003362843e-24, 4.35260315343e-24, 3.27142017623e-24, 3.74085650979e-24, 3.86607950102e-24, 2.98113375982e-24, 3.33021023241e-24, 3.89563141382e-24, 4.48499767915e-24, 3.96838884397e-24, 4.19455053233e-24, 5.2687712204e-24, 4.12846292114e-24, 4.25754068118e-24, 4.45811251064e-24, 5.61872017314e-24, 5.12932388375e-24, 4.81694522047e-24, 4.52174873657e-24, 4.8305700316e-24, 5.28889979525e-24, 4.05784290961e-24, 5.37203350732e-24, 4.85092106523e-24, 5.66620210546e-24, 5.10653290334e-24, 5.49433731877e-24, 5.12183877705e-24],
        "stdev": [1.70526334387e-06, 1.2892374798e-05, 0.000122502606246, 0.000272320670774, 0.000368477049051, 0.000769422331359, 0.00130818679463, 0.00118493940681, 0.00102518661879, 0.000998445088044, 0.00114227342419, 0.000885570421815, 0.000841330969706, 0.000574160483666, 0.00069340725895, 0.000658127944916, 0.000799585832283, 0.000685464940034, 0.00129018211737, 0.000472886516945, 0.000284644775093, 0.000246994954068, 0.000334547308739, 0.000412188150221, 0.000137847047881, 0.000150719861267, 0.000159651215654, 0.000270119664492, 0.00026676376001, 0.000141051379615, 0.000108447515231, 0.000118661140732, 0.000103145372123, 0.000125138176372, 0.000110655520984, 0.000128845218569, 0.000141774056829, 0.000612239178736, 0.000217020962737, 0.000110909044452, 0.000122566954815, 0.000126530474517, 0.000101761506812, 0.000148451406858, 0.000143410958117, 0.000129497799207, 0.000117738527479, 0.00010262917931, 9.53997878241e-05, 8.73925891938e-05, 8.15027306089e-05, 8.20207351353e-05, 7.55061555537e-05, 7.51819388825e-05, 7.93621511548e-05, 6.2037142925e-05, 6.54882751405e-05, 4.96257016493e-05, 5.65248265048e-05, 6.97268624208e-05, 6.55704279779e-05, 3.69135123037e-05, 2.11547267099e-05, 2.14803021663e-05, 2.64732116193e-05, 2.84300404019e-05, 3.31888877554e-05, 3.17159974657e-05, 3.09537135763e-05, 2.38105312746e-05, 2.19135908992e-05, 2.03428735404e-05, 1.4336197637e-05, 1.4205485968e-05, 3.65145824617e-05, 3.67575266864e-05, 2.8459031455e-05, 1.67449798028e-05, 1.87922541954e-05, 2.36906325881e-05, 2.66891147476e-05, 2.42621190409e-05, 2.58274285443e-05, 1.68733786268e-05, 1.25937185658e-05, 7.6158930824e-06, 4.81141933051e-06, 4.12853660237e-06, 1.05898552647e-05, 2.67176819762e-05, 2.5146151529e-05, 1.51030653797e-05, 1.19196065498e-05, 1.24532962218e-05, 7.33547994969e-06, 3.83312726626e-06, 2.65938024313e-06, 2.90650700663e-06, 2.05650894713e-06, 9.69136749518e-07, 4.60969260985e-07, 2.38680058828e-07, 1.33911711941e-07, 1.25293865949e-07, 8.36669684645e-08, 4.12516314441e-08, 1.79420247548e-08, 8.0602635677e-09, 4.51531390055e-09, 2.58167687228e-09, 1.69155600638e-09, 1.1433233249e-09, 1.1693056523e-09, 1.5860677216e-09, 7.34315830364e-10, 6.14748474348e-10, 2.78270045895e-10, 5.63830614142e-11, 5.42095639211e-11, 5.25889470859e-11, 5.1076292501e-11, 4.88849689895e-11, 4.78666793702e-11, 4.65944609285e-11, 4.55347912154e-11, 4.52640563919e-11, 4.47348616484e-11, 4.41841563337e-11]
    },
    "mfcc": {
        "mean": [-763.036682129, 78.2292327881, -6.87896108627, 9.52326011658, -7.51791954041, 1.9238461256, -10.1412239075, -0.684369504452, -9.99411582947, -0.443938344717, -5.32983160019, -0.686883330345, -5.19118833542],
        "cov": [[72341.6484375, 9978.19433594, -1730.85290527, 995.838806152, -1210.1628418, 241.403747559, -1598.45996094, -26.314043045, -1406.23608398, 30.5739097595, -838.667785645, -39.1261863708, -731.721801758], [9978.19433594, 2966.29052734, 456.966339111, 539.431030273, 66.8038864136, -31.9705429077, -46.7257003784, -96.3720779419, -276.790344238, -73.8806991577, -23.4391078949, -80.4810638428, -95.1978530884], [-1730.85290527, 456.966339111, 789.172424316, 307.115509033, 136.457122803, 34.0585670471, 162.889602661, -25.6680927277, 50.3259086609, -53.9818572998, 96.7023239136, -24.0110359192, 13.7585096359], [995.838806152, 539.431030273, 307.115509033, 373.741455078, 55.1941490173, -11.3431758881, 15.0319347382, -24.2821445465, -41.3317108154, -45.4142074585, 18.0781059265, -19.600692749, -15.6551799774], [-1210.1628418, 66.8038864136, 136.457122803, 55.1941490173, 135.285919189, -9.91204166412, 42.0554161072, -18.5109348297, 8.55667591095, -4.76713895798, 24.9962387085, -13.143453598, 19.3947620392], [241.403747559, -31.9705429077, 34.0585670471, -11.3431758881, -9.91204166412, 66.750831604, 5.53616666794, 0.960225582123, 11.6304979324, -6.1023478508, -2.06267404556, 6.49009990692, -4.74260044098], [-1598.45996094, -46.7257003784, 162.889602661, 15.0319347382, 42.0554161072, 5.53616666794, 119.612716675, 12.580324173, 26.1498889923, -13.6171522141, 43.1173820496, -6.14663743973, 19.4400081635], [-26.314043045, -96.3720779419, -25.6680927277, -24.2821445465, -18.5109348297, 0.960225582123, 12.580324173, 56.7610054016, 22.2165794373, 5.54909086227, 0.0912784263492, 5.14648151398, -3.92390227318], [-1406.23608398, -276.790344238, 50.3259086609, -41.3317108154, 8.55667591095, 11.6304979324, 26.1498889923, 22.2165794373, 80.7615203857, 15.5229120255, 17.4756031036, 6.7446680069, 9.89209938049], [30.5739097595, -73.8806991577, -53.9818572998, -45.4142074585, -4.76713895798, -6.1023478508, -13.6171522141, 5.54909086227, 15.5229120255, 47.4271392822, 4.51508522034, 0.667973995209, -4.90075683594], [-838.667785645, -23.4391078949, 96.7023239136, 18.0781059265, 24.9962387085, -2.06267404556, 43.1173820496, 0.0912784263492, 17.4756031036, 4.51508522034, 57.4202232361, 6.71343564987, 5.27786588669], [-39.1261863708, -80.4810638428, -24.0110359192, -19.600692749, -13.143453598, 6.49009990692, -6.14663743973, 5.14648151398, 6.7446680069, 0.667973995209, 6.71343564987, 34.6131591797, 10.5112199783], [-731.721801758, -95.1978530884, 13.7585096359, -15.6551799774, 19.3947620392, -4.74260044098, 19.4400081635, -3.92390227318, 9.89209938049, -4.90075683594, 5.27786588669, 10.5112199783, 47.626121521]],
        "icov": [[0.000130240863655, -0.000434433051851, 0.000126890023239, -6.46168555249e-05, 0.00062921247445, -0.000840242078993, 0.000884635548573, -0.000790328835137, 0.000693663314451, -0.000625294807833, 0.00043541326886, -0.000389846856706, 0.000137996525154], [-0.000434433051851, 0.00223199394532, -0.00109854643233, -0.000110076318379, -0.00214990624227, 0.00291863898747, -0.00255208881572, 0.0024005305022, 0.000454157649074, 0.00150554405991, -0.0010778150754, 0.00170797237661, 0.000276746228337], [0.000126890023239, -0.00109854643233, 0.0046718372032, -0.00265199015848, -0.000321945903124, -0.00286616082303, -0.00253537716344, 0.00131556892302, -0.00468994444236, 0.00143891829066, -0.00241639418527, 0.000513697741553, -0.000202116963919], [-6.46168555249e-05, -0.000110076318379, -0.00265199015848, 0.00589567888528, -0.000918156234547, 0.00222126930021, 0.00220668921247, -0.000660058634821, 0.00179053598549, 0.00296505657025, -0.000460535549792, 0.0002564266033, 0.00105893274304], [0.00062921247445, -0.00214990624227, -0.000321945903124, -0.000918156234547, 0.0138173718005, -0.002731080167, 0.00294849532656, -0.000996027840301, 0.00254788366146, -0.00426478590816, 0.000469534657896, 0.00194932636805, -0.00347370444797], [-0.000840242078993, 0.00291863898747, -0.00286616082303, 0.00222126930021, -0.002731080167, 0.0235074888915, -0.00631845369935, 0.00664097676054, -0.00628949794918, 0.00645218556747, 0.00120938767213, -0.00263864337467, 0.00348059250973], [0.000884635548573, -0.00255208881572, -0.00253537716344, 0.00220668921247, 0.00294849532656, -0.00631845369935, 0.0249939989299, -0.0120264133438, 0.00675995787606, 0.000661348167341, -0.00701821548864, 0.0045255809091, -0.00463190441951], [-0.000790328835137, 0.0024005305022, 0.00131556892302, -0.000660058634821, -0.000996027840301, 0.00664097676054, -0.0120264133438, 0.0289045460522, -0.0127155734226, 0.00355415907688, 0.000526891089976, -0.0016554244794, 0.00372983911075], [0.000693663314451, 0.000454157649074, -0.00468994444236, 0.00179053598549, 0.00254788366146, -0.00628949794918, 0.00675995787606, -0.0127155734226, 0.0337488166988, -0.0117084924132, 0.00213439017534, -0.00192958733533, 1.25757251226e-05], [-0.000625294807833, 0.00150554405991, 0.00143891829066, 0.00296505657025, -0.00426478590816, 0.00645218556747, 0.000661348167341, 0.00355415907688, -0.0117084924132, 0.033442709595, -0.0101633677259, 0.00516289845109, 0.00222350121476], [0.00043541326886, -0.0010778150754, -0.00241639418527, -0.000460535549792, 0.000469534657896, 0.00120938767213, -0.00701821548864, 0.000526891089976, 0.00213439017534, -0.0101633677259, 0.0339009463787, -0.0138598438352, 0.00573215074837], [-0.000389846856706, 0.00170797237661, 0.000513697741553, 0.0002564266033, 0.00194932636805, -0.00263864337467, 0.0045255809091, -0.0016554244794, -0.00192958733533, 0.00516289845109, -0.0138598438352, 0.0419598929584, -0.012472582981], [0.000137996525154, 0.000276746228337, -0.000202116963919, 0.00105893274304, -0.00347370444797, 0.00348059250973, -0.00463190441951, 0.00372983911075, 1.25757251226e-05, 0.00222350121476, 0.00573215074837, -0.012472582981, 0.0303795225918]]
    },
    "spectral_contrast_coeffs": {
        "max": [-0.467267215252, -0.522917032242, -0.572736799717, -0.661752104759, -0.587840557098, -0.50908023119],
        "mean": [-0.735239565372, -0.814524412155, -0.817495405674, -0.828406393528, -0.832887649536, -0.788542568684],
        "min": [-0.985612630844, -0.981753945351, -0.97563791275, -0.973468720913, -0.968377649784, -0.965753614902],
        "stdev": [0.130657017231, 0.0984440818429, 0.0892150253057, 0.0783937498927, 0.0743070840836, 0.100627377629]
    },
    "spectral_contrast_valleys": {
        "max": [-5.33267259598, -4.90124082565, -5.30384159088, -5.18596506119, -5.34654808044, -7.66062068939],
        "mean": [-11.4906768799, -10.9017295837, -11.49152565, -11.6583652496, -11.5721492767, -13.6510334015],
        "min": [-28.0108547211, -27.9002780914, -27.8614902496, -27.6527862549, -27.5092525482, -27.4426498413],
        "stdev": [8.28871154785, 8.56125068665, 8.29363536835, 8.21328639984, 8.25035381317, 7.15358066559]
    }
},
"rhythm": {
    "beats_count": 74,
    "beats_loudness": {
        "max": 0.0761246457696,
        "mean": 0.0180424395949,
        "min": 0,
        "stdev": 0.0160524118692
    },
    "bpm": 155.727813721,
    "bpm_histogram_first_peak_bpm": 157,
    "bpm_histogram_first_peak_weight": 0.149999976158,
    "bpm_histogram_second_peak_bpm": 178,
    "bpm_histogram_second_peak_spread": 0,
    "bpm_histogram_second_peak_weight": 0.136986300349,
    "danceability": 0.800109565258,
    "onset_rate": 1.32931530476,
    "beats_loudness_band_ratio": {
        "max": [0.653822660446, 0.754457712173, 0.667110800743, 0.356536149979, 0.501706659794, 0.338022440672],
        "mean": [0.169693931937, 0.176827192307, 0.186122566462, 0.119357660413, 0.111717492342, 0.0814445689321],
        "min": [0, 0, 0, 0, 0, 0],
        "stdev": [0.185162499547, 0.178550183773, 0.158563449979, 0.108869627118, 0.142053231597, 0.0941707268357]
    },
    "beats_position": [0.325079351664, 0.66176867485, 0.99845802784, 1.33514738083, 1.66022670269, 1.99691605568, 2.32199549675, 2.65868473053, 2.9837641716, 3.32045340538, 3.64553284645, 3.97061228752, 4.3073015213, 4.65560102463, 5.00390005112, 5.34058952332, 5.67727899551, 6.01396799088, 6.3622674942, 6.71056699753, 7.05886602402, 7.40716552734, 7.75546455383, 8.10376358032, 8.46367359161, 8.82358264923, 9.2067117691, 9.58984088898, 9.97297000885, 10.3560991287, 10.7392292023, 11.1223583221, 11.505487442, 11.8886165619, 12.2717456818, 12.6548748016, 13.0496139526, 13.5372333527, 14.0248527527, 14.512471199, 14.9884805679, 15.4644899368, 15.9404983521, 16.4165077209, 16.8809070587, 17.3336963654, 17.786485672, 18.2508831024, 18.7152824402, 19.1680717468, 19.5860309601, 20.0039901733, 20.4219493866, 20.8399085999, 21.2578678131, 21.6758270264, 22.0937862396, 22.5001354218, 22.9064846039, 23.3360538483, 23.7656230927, 24.1603622437, 24.5551013947, 24.9498405457, 25.3213596344, 25.6928787231, 26.0643978119, 26.4475269318, 26.830657959, 27.2137870789, 27.5969161987, 27.9800453186, 28.3631744385, 28.7463035583],
