{
"metadata": {
    "version": {
        "essentia": "2.1-beta5",
        "essentia_git_sha": "Undefined",
        "extractor": "music 2.0"
    },
    "audio_properties": {
        "analysis": {
            "equal_loudness": 0,
            "length": 34.1449432373,
            "sample_rate": 44100,
            "start_time": 146.25088501,
            "downmix": "mix"
        },
        "bit_rate": 192000,
        "length": 180.419067383,
        "lossless": 0,
        "number_channels": 2,
        "replay_gain": -2.49671554565,
        "sample_rate": 48000,
        "codec": "mp3",
        "md5_encoded": "0fa5f5f1264c160e3414be7e0f5bc512"
    },
    "tags": {
        "file_name": "Spain_Y Solo Tú_Bacchelli.mp3",
        "encoding": ["Lavf58.29.100"]
    }
},
"lowlevel": {
    "average_loudness": 0.947647809982,
    "barkbands_crest": {
        "max": 26.8867893219,
        "mean": 8.71329784393,
        "min": 3.18256831169,
        "stdev": 3.28321075439
    },
    "barkbands_flatness_db": {
        "max": 0.518217146397,
        "mean": 0.169253692031,
        "min": 0.078038983047,
        "stdev": 0.0365062057972
    },
    "barkbands_kurtosis": {
        "max": 1918.68151855,
        "mean": 3.51844787598,
        "min": -1.88171374798,
        "stdev": 53.4007263184
    },
    "barkbands_skewness": {
        "max": 43.1035804749,
        "mean": 0.668806910515,
        "min": -1.69003760815,
        "stdev": 1.58206021786
    },
    "barkbands_spread": {
        "max": 137.921432495,
        "mean": 10.109746933,
        "min": 0.29175016284,
        "stdev": 6.99299192429
    },
    "dissonance": {
        "max": 0.5,
        "mean": 0.449972689152,
        "min": 0.241107463837,
        "stdev": 0.0379548594356
    },
    "dynamic_complexity": 2.47327208519,
    "erbbands_crest": {
        "max": 28.6558475494,
        "mean": 10.5461931229,
        "min": 3.01160383224,
        "stdev": 4.2835650444
    },
    "erbbands_flatness_db": {
        "max": 0.361812144518,
        "mean": 0.249302133918,
        "min": 0.0445733331144,
        "stdev": 0.0408815853298
    },
    "erbbands_kurtosis": {
        "max": 12.2445392609,
        "mean": 1.07664859295,
        "min": -1.53177845478,
        "stdev": 1.53245663643
    },
    "erbbands_skewness": {
        "max": 3.00963997841,
        "mean": 0.32416921854,
        "min": -1.9839464426,
        "stdev": 0.605757296085
    },
    "erbbands_spread": {
        "max": 112.603164673,
        "mean": 15.823346138,
        "min": 4.09557294846,
        "stdev": 8.62943840027
    },
    "hfc": {
        "max": 79.5861282349,
        "mean": 21.9103889465,
        "min": 7.47200985529e-08,
        "stdev": 14.4023475647
    },
    "loudness_ebu128": {
        "integrated": -21.1475601196,
        "loudness_range": 2.50281906128,
        "momentary": {
            "max": -17.9595394135,
            "mean": -21.6234607697,
            "min": -31.6397075653,
            "stdev": 2.24219632149
        },
        "short_term": {
            "max": -19.5890102386,
            "mean": -21.2463550568,
            "min": -23.0406532288,
            "stdev": 0.754457294941
        }
    },
    "melbands_crest": {
        "max": 39.9629096985,
        "mean": 10.360827446,
        "min": 3.24754905701,
        "stdev": 4.20529222488
    },
    "melbands_flatness_db": {
        "max": 0.504072606564,
        "mean": 0.237798854709,
        "min": 0.0835790559649,
        "stdev": 0.0395131483674
    },
    "melbands_kurtosis": {
        "max": 3105.73535156,
        "mean": 5.63702917099,
        "min": -1.43912518024,
        "stdev": 87.1209487915
    },
    "melbands_skewness": {
        "max": 52.6840896606,
        "mean": 0.914929032326,
        "min": -0.977746129036,
        "stdev": 1.9161939621
    },
    "melbands_spread": {
        "max": 133.787628174,
        "mean": 16.5646858215,
        "min": 0.271371841431,
        "stdev": 7.93862867355
    },
    "pitch_salience": {
        "max": 0.877788901329,
        "mean": 0.634983897209,
        "min": 0.00369187258184,
        "stdev": 0.0938820168376
    },
    "silence_rate_20dB": {
        "max": 1,
        "mean": 1,
        "min": 1,
        "stdev": 0
    },
    "silence_rate_30dB": {
        "max": 1,
        "mean": 0.999320626259,
        "min": 0,
        "stdev": 0.0260555744171
    },
    "silence_rate_60dB": {
        "max": 1,
        "mean": 0.0278532616794,
        "min": 0,
        "stdev": 0.164552167058
    },
    "spectral_centroid": {
        "max": 4702.55322266,
        "mean": 984.175109863,
        "min": 425.703430176,
        "stdev": 347.488555908
    },
    "spectral_complexity": {
        "max": 37,
        "mean": 19.5067939758,
        "min": 0,
        "stdev": 5.04692935944
    },
    "spectral_decrease": {
        "max": -1.10492081344e-17,
        "mean": -6.84848711074e-09,
        "min": -2.97908435698e-08,
        "stdev": 4.36793801128e-09
    },
    "spectral_energy": {
        "max": 0.117499403656,
        "mean": 0.0278350524604,
        "min": 4.84795259492e-11,
        "stdev": 0.0176213216037
    },
    "spectral_energyband_high": {
        "max": 0.000581113097724,
        "mean": 4.11235014326e-05,
        "min": 5.8163929402e-12,
        "stdev": 4.85895325255e-05
    },
    "spectral_energyband_low": {
        "max": 0.0111438967288,
        "mean": 0.00078217650298,
        "min": 2.40608227786e-11,
        "stdev": 0.000976694049314
    },
    "spectral_energyband_middle_high": {
        "max": 0.0545261800289,
        "mean": 0.0112053379416,
        "min": 5.36182643424e-12,
        "stdev": 0.00956078805029
    },
    "spectral_energyband_middle_low": {
        "max": 0.103937916458,
        "mean": 0.0162861011922,
        "min": 4.37919362231e-12,
        "stdev": 0.0138212069869
    },
    "spectral_entropy": {
        "max": 8.92965221405,
        "mean": 7.0256023407,
        "min": 5.96873950958,
        "stdev": 0.310311347246
    },
    "spectral_flux": {
        "max": 0.352687269449,
        "mean": 0.0941299796104,
        "min": 1.42933067764e-05,
        "stdev": 0.0410095825791
    },
    "spectral_kurtosis": {
        "max": 44.0696411133,
        "mean": 14.9463577271,
        "min": 0.759061336517,
        "stdev": 7.04388809204
    },
    "spectral_rms": {
        "max": 0.0107067069039,
        "mean": 0.00490837171674,
        "min": 2.17478969944e-07,
        "stdev": 0.00175043090712
    },
    "spectral_rolloff": {
        "max": 16343.7011719,
        "mean": 1229.93591309,
        "min": 21.533203125,
        "stdev": 704.663330078
    },
    "spectral_skewness": {
        "max": 4.90114212036,
        "mean": 2.6212952137,
        "min": 0.900888800621,
        "stdev": 0.60863083601
    },
    "spectral_spread": {
        "max": 19511328,
        "mean": 2235565.5,
        "min": 972445.4375,
        "stdev": 918795
    },
    "spectral_strongpeak": {
        "max": 7.61360311508,
        "mean": 1.89608454704,
        "min": 0,
        "stdev": 1.44165623188
    },
    "zerocrossingrate": {
        "max": 0.52490234375,
        "mean": 0.0458596274257,
        "min": 0,
        "stdev": 0.0218038391322
    },
    "barkbands": {
        "max": [0.000724158831872, 0.0015033534728, 0.004247602541, 0.0180136468261, 0.0365378707647, 0.031663261354, 0.0591702498496, 0.0611764900386, 0.0679188892245, 0.0333747975528, 0.0375215448439, 0.0234401803464, 0.029289226979, 0.0190695095807, 0.0124427881092, 0.00768359750509, 0.00361743429676, 0.00699912384152, 0.000748502963688, 0.000306828384055, 3.39263278875e-05, 0.000372036563931, 0.000206633747439, 4.63532487629e-05, 3.537123348e-06, 2.92242089017e-06, 2.93261018669e-06],
        "mean": [2.74183184956e-05, 8.4925100964e-05, 0.000349110749085, 0.000817655411083, 0.00289308861829, 0.00205766479485, 0.00309668411501, 0.00341665185988, 0.00360423675738, 0.00268401694484, 0.00256932922639, 0.00192089052871, 0.00202097347938, 0.000829599041026, 0.000565944705158, 0.000361695478205, 0.000217967302888, 0.000149290863192, 9.83702702797e-05, 3.66593376384e-05, 4.03469175581e-06, 8.7651933427e-06, 1.45959002111e-05, 3.8493003558e-06, 4.59394698282e-07, 5.95917242663e-07, 6.2527379896e-07],
        "min": [1.81819854311e-11, 5.20046982908e-12, 2.62538624331e-14, 4.45216102483e-14, 2.22440121878e-13, 4.01540319007e-13, 3.49586624839e-13, 3.04083310181e-13, 2.08269680798e-13, 2.0617698087e-13, 1.04815238249e-13, 7.34902657934e-14, 2.41870088682e-14, 9.23984264209e-14, 5.32576695418e-13, 5.56404640244e-13, 1.52196766474e-12, 6.82159081826e-13, 1.12206370497e-12, 9.00478530717e-13, 4.59677977106e-13, 5.4876714067e-13, 4.85869807929e-13, 9.46312147566e-13, 1.16318098816e-12, 1.27111569968e-12, 5.65546741382e-13],
        "stdev": [2.80226086034e-05, 0.000119016171084, 0.000449224491604, 0.00138552649878, 0.00373791600578, 0.00290757324547, 0.00506175681949, 0.00598262762651, 0.00574773224071, 0.00394182931632, 0.00385681237094, 0.00288937939331, 0.00327906990424, 0.00148290628567, 0.00101878051646, 0.000597871781792, 0.000321399478707, 0.000265444425168, 0.000100034245406, 3.72278627765e-05, 4.24450217906e-06, 1.70365092345e-05, 2.26966094488e-05, 4.90030788569e-06, 1.23704126054e-07, 1.18097894131e-07, 2.52842085047e-07]
    },
    "erbbands": {
        "max": [0.017935462296, 0.418041944504, 3.43839240074, 30.2206192017, 157.441360474, 110.902511597, 302.965148926, 276.033843994, 1064.60473633, 1103.1048584, 1480.19885254, 2112.74658203, 866.865661621, 1258.59191895, 1381.97546387, 1122.65063477, 1596.45593262, 1112.56396484, 634.998046875, 547.450073242, 365.519714355, 249.897293091, 238.192138672, 190.612838745, 43.082233429, 13.598326683, 3.04253268242, 0.718089580536, 9.23497009277, 11.7858905792, 6.72942304611, 1.99094939232, 0.270323097706, 0.0407383106649, 0.0247808732092, 0.012630501762, 0.00522542418912, 0.00193594140001, 0.000436163973063, 0.000136830800329],
        "mean": [0.00147796003148, 0.0265071727335, 0.288419991732, 1.72854626179, 6.06088972092, 9.42728996277, 15.5056657791, 17.0297470093, 33.4049797058, 62.4644927979, 84.4265975952, 84.2604904175, 61.4603500366, 107.384407043, 97.602684021, 82.4211730957, 100.08870697, 43.5542602539, 33.7557411194, 28.1091041565, 18.7642421722, 12.9151306152, 9.25637149811, 5.5977602005, 4.53563404083, 1.70055139065, 0.368524760008, 0.0780036374927, 0.269816964865, 0.466267883778, 0.388125509024, 0.150339722633, 0.0301615539938, 0.00595865026116, 0.003395433072, 0.00204515480436, 0.00122659560293, 0.000618324789684, 0.000120280485135, 3.67839129467e-05],
        "min": [6.350526216e-10, 1.98008748287e-10, 5.55629882382e-11, 1.46959222569e-10, 2.31184849042e-10, 1.00899100186e-09, 4.61410271102e-10, 5.1404032142e-09, 4.94800334039e-09, 5.62385471525e-09, 6.80312739476e-09, 4.53849224868e-09, 6.8798589048e-09, 5.13438802585e-09, 3.4685665451e-09, 2.85661827526e-09, 1.10028208766e-09, 3.90495724645e-09, 1.09108393431e-08, 3.59264404892e-08, 3.36504371035e-08, 8.78738362076e-08, 5.45729328394e-08, 5.83001593668e-08, 4.11239327036e-08, 4.00862383287e-08, 1.89049540467e-08, 2.07483950021e-08, 1.8494811016e-08, 1.70860907645e-08, 1.43119684992e-08, 2.50728451334e-08, 1.3568230095e-08, 1.33231159438e-08, 7.31092741901e-09, 5.11726216956e-09, 2.48688070137e-09, 5.39880196104e-10, 7.94720192432e-11, 6.31871898554e-12],
        "stdev": [0.00114641827531, 0.0360954739153, 0.345321953297, 2.58843779564, 10.5435714722, 12.0073127747, 24.501871109, 24.3981590271, 61.3243179321, 106.327888489, 135.935714722, 143.925384521, 87.463432312, 143.374389648, 131.812088013, 118.415397644, 160.484832764, 81.7166748047, 54.5386428833, 46.3019981384, 30.5240077972, 17.0983943939, 12.4217786789, 7.40220308304, 5.0221581459, 1.56553840637, 0.349579274654, 0.0743162333965, 0.476212918758, 0.827958226204, 0.612009704113, 0.217664763331, 0.0344766080379, 0.00216104183346, 0.000917308439966, 0.000513138715178, 0.000271891767625, 0.000196762674022, 4.61586278107e-05, 2.06327240448e-05]
    },
    "gfcc": {
        "mean": [-38.5518188477, 131.292816162, -156.117050171, -25.0937786102, -55.0475387573, -8.48491191864, -35.9479217529, -6.8954873085, -18.1522693634, -18.7402973175, -8.03072738647, -2.76831650734, -22.9806022644],
        "cov": [[5576.00244141, 1277.22949219, -574.463928223, -130.800796509, -309.198547363, -258.414031982, -102.133956909, -241.387680054, -79.1075286865, -322.330291748, -26.7748508453, -188.078384399, -163.155990601], [1277.22949219, 581.558410645, 80.4013137817, -81.7130584717, -29.4006652832, -112.790992737, -25.2272319794, -59.0626907349, -99.9597320557, -91.4097366333, -32.3004455566, -84.9700927734, -55.1586303711], [-574.463928223, 80.4013137817, 470.68447876, 186.918167114, -36.3521003723, -26.3183002472, -36.4623146057, -20.4105625153, -41.3448410034, -19.6841411591, -56.1580085754, -15.8868379593, -13.7997627258], [-130.800796509, -81.7130584717, 186.918167114, 337.672454834, -49.0304260254, -2.38892769814, -50.3834648132, -50.0194168091, 26.6530342102, -53.2322540283, -47.1619644165, -5.80813646317, -12.6974725723], [-309.198547363, -29.4006652832, -36.3521003723, -49.0304260254, 183.905563354, 57.9837760925, 8.8061170578, 33.0768547058, -25.5469417572, 39.6726913452, -10.8582792282, 6.21600818634, 2.21769452095], [-258.414031982, -112.790992737, -26.3183002472, -2.38892769814, 57.9837760925, 154.636230469, 80.2165374756, 12.6628513336, -3.30544400215, 15.8295459747, 6.16540956497, 1.54826283455, -18.8756923676], [-102.133956909, -25.2272319794, -36.4623146057, -50.3834648132, 8.8061170578, 80.2165374756, 138.453765869, 35.7090187073, -30.6826477051, 3.22215008736, 20.7080821991, -21.0359268188, -23.0867023468], [-241.387680054, -59.0626907349, -20.4105625153, -50.0194168091, 33.0768547058, 12.6628513336, 35.7090187073, 72.198348999, 22.722492218, 28.0186023712, 8.15373897552, 10.622797966, 13.9059324265], [-79.1075286865, -99.9597320557, -41.3448410034, 26.6530342102, -25.5469417572, -3.30544400215, -30.6826477051, 22.722492218, 93.8664474487, 24.624174118, 0.539960920811, 19.3548412323, 19.8183746338], [-322.330291748, -91.4097366333, -19.6841411591, -53.2322540283, 39.6726913452, 15.8295459747, 3.22215008736, 28.0186023712, 24.624174118, 80.2279281616, 23.6421298981, 20.199224472, 17.2805423737], [-26.7748508453, -32.3004455566, -56.1580085754, -47.1619644165, -10.8582792282, 6.16540956497, 20.7080821991, 8.15373897552, 0.539960920811, 23.6421298981, 55.2599372864, 21.3152217865, 1.45641350746], [-188.078384399, -84.9700927734, -15.8868379593, -5.80813646317, 6.21600818634, 1.54826283455, -21.0359268188, 10.622797966, 19.3548412323, 20.199224472, 21.3152217865, 64.9531707764, 30.5630340576], [-163.155990601, -55.1586303711, -13.7997627258, -12.6974725723, 2.21769452095, -18.8756923676, -23.0867023468, 13.9059324265, 19.8183746338, 17.2805423737, 1.45641350746, 30.5630340576, 52.5993041992]],
        "icov": [[0.00204238691367, -0.00566896051168, 0.00498917046934, -0.002433268819, 0.003931786865, -0.00204827543348, 0.00199564895593, -0.000770656566601, 0.00046489428496, -0.000785770767834, 0.00194997817744, -0.00166467763484, 0.00228708027862], [-0.00566896051168, 0.0203146077693, -0.0153794083744, 0.00971667096019, -0.0126132471487, 0.00917304679751, -0.00599983194843, 0.00528681790456, -0.00155538402032, 0.00712447427213, -0.00613547489047, 0.00770396133885, -0.00423919502646], [0.00498917046934, -0.0153794083744, 0.0169548913836, -0.00955534912646, 0.0131112663075, -0.0069408561103, 0.00741423293948, -0.00696891127154, 0.00720423739403, -0.0075122746639, 0.00932248588651, -0.00581831857562, 0.00641886331141], [-0.002433268819, 0.00971667096019, -0.00955534912646, 0.0107489805669, -0.0070430142805, 0.00447508180514, -0.00373788853176, 0.00765974167734, -0.00633902475238, 0.00823105871677, -0.00220327149145, 0.00290477718227, -0.000975688570179], [0.003931786865, -0.0126132471487, 0.0131112663075, -0.0070430142805, 0.0213960185647, -0.0120505345985, 0.0122786266729, -0.0134669663385, 0.0130280479789, -0.0113495616242, 0.0112378112972, -0.0048771710135, 0.00577435037121], [-0.00204827543348, 0.00917304679751, -0.0069408561103, 0.00447508180514, -0.0120505345985, 0.0200044866651, -0.0156560651958, 0.012243299745, -0.00835108850151, 0.00442569842562, -0.000681289297063, -0.00157332140952, 0.0027291260194], [0.00199564895593, -0.00599983194843, 0.00741423293948, -0.00373788853176, 0.0122786266729, -0.0156560651958, 0.0268220715225, -0.0197502113879, 0.0146405380219, -0.00269829528406, -0.00262289773673, 0.00612904131413, 0.00368095561862], [-0.000770656566601, 0.00528681790456, -0.00696891127154, 0.00765974167734, -0.0134669663385, 0.012243299745, -0.0197502113879, 0.037783484906, -0.0194448269904, 0.00587750226259, -0.00169446668588, -0.0013778519351, -0.00427898019552], [0.00046489428496, -0.00155538402032, 0.00720423739403, -0.00633902475238, 0.0130280479789, -0.00835108850151, 0.0146405380219, -0.0194448269904, 0.030242966488, -0.0124483462423, 0.00736852968112, -0.000686853018124, 0.00108116283081], [-0.000785770767834, 0.00712447427213, -0.0075122746639, 0.00823105871677, -0.0113495616242, 0.00442569842562, -0.00269829528406, 0.00587750226259, -0.0124483462423, 0.0314945615828, -0.0149340061471, 0.00593425845727, -0.00431290501729], [0.00194997817744, -0.00613547489047, 0.00932248588651, -0.00220327149145, 0.0112378112972, -0.000681289297063, -0.00262289773673, -0.00169446668588, 0.00736852968112, -0.0149340061471, 0.03946409747, -0.0178488958627, 0.0115153882653], [-0.00166467763484, 0.00770396133885, -0.00581831857562, 0.00290477718227, -0.0048771710135, -0.00157332140952, 0.00612904131413, -0.0013778519351, -0.000686853018124, 0.00593425845727, -0.0178488958627, 0.034039363265, -0.0161899067461], [0.00228708027862, -0.00423919502646, 0.00641886331141, -0.000975688570179, 0.00577435037121, 0.0027291260194, 0.00368095561862, -0.00427898019552, 0.00108116283081, -0.00431290501729, 0.0115153882653, -0.0161899067461, 0.0366896353662]]
    },
    "melbands": {
        "max": [0.000295504345559, 0.00135513581336, 0.00965222716331, 0.00869156699628, 0.00982241425663, 0.00631830142811, 0.0147439604625, 0.0111880293116, 0.00979285594076, 0.0127646578476, 0.00420654891059, 0.00531003484502, 0.00597599241883, 0.00333694461733, 0.00386775052175, 0.00288151297718, 0.00201405584812, 0.00109347142279, 0.00109422474634, 0.000632720708381, 0.000457867165096, 0.000267884781351, 0.000282827415504, 0.000473218649859, 0.000120619224617, 3.80576166208e-05, 2.56521307165e-05, 1.03635111373e-05, 2.49368190453e-06, 8.21055948563e-07, 4.22806607503e-07, 2.4810353807e-06, 1.33474686663e-05, 5.87297381571e-06, 4.60858700535e-06, 2.50009543379e-06, 9.14954171094e-07, 3.03116877376e-07, 4.15704946022e-08, 3.06654754922e-08],
        "mean": [1.96399287233e-05, 0.000125455306261, 0.000425901787821, 0.000556272978429, 0.000532691425178, 0.000389118766179, 0.000542604364455, 0.00070575956488, 0.000702839519363, 0.000493089610245, 0.000303114473354, 0.00044013839215, 0.000361258367775, 0.000222903268877, 0.000253386213444, 0.000158337701578, 7.23524208297e-05, 5.6382654293e-05, 4.18893614551e-05, 2.76146911347e-05, 2.06469885597e-05, 1.21982011478e-05, 1.13852211143e-05, 7.29349540052e-06, 4.07447987527e-06, 4.06926073993e-06, 2.28958992921e-06, 7.9741545278e-07, 2.5579831231e-07, 6.41709760885e-08, 3.18615462902e-08, 1.28154894696e-07, 2.21489131036e-07, 2.86912239744e-07, 2.59550517967e-07, 1.3875562388e-07, 6.95002242423e-08, 2.38329427305e-08, 5.99136695811e-09, 4.20626689035e-09],
        "min": [5.41417475089e-12, 1.42771079383e-14, 2.45696102623e-14, 2.98797546764e-14, 2.64250562621e-14, 1.04287279225e-13, 6.98667537128e-14, 6.26107306734e-14, 5.30505374601e-14, 2.75425078659e-14, 3.46152549983e-14, 2.1307030779e-14, 1.33001367488e-14, 8.09317534728e-15, 4.54604446264e-15, 2.68401024062e-15, 7.94149207522e-15, 1.15521334903e-14, 4.90360891811e-14, 3.48181566586e-14, 3.89072420928e-14, 7.55388929034e-14, 1.06926071458e-13, 1.66118848007e-14, 5.30166358135e-14, 3.39086126799e-14, 3.00583634317e-14, 2.62217581903e-14, 1.34899271861e-14, 9.72613967311e-15, 1.21105331845e-14, 7.99180667932e-15, 1.47891834006e-14, 7.44365777784e-15, 6.37051870267e-15, 1.38034911599e-14, 1.4680727608e-14, 8.5581032617e-15, 1.30277182474e-14, 9.61631253414e-15],
        "stdev": [2.06775912375e-05, 0.000148977109347, 0.000659100653138, 0.000752270512749, 0.00078669982031, 0.00055590167176, 0.00093153573107, 0.00114880618639, 0.00108060194179, 0.00084960157983, 0.000451821251772, 0.000615067780018, 0.000542293942999, 0.000350397342118, 0.00039451662451, 0.00027596738073, 0.000153880871949, 9.27596629481e-05, 7.74258587626e-05, 4.70065133413e-05, 3.63502913387e-05, 1.83507127076e-05, 1.89295387827e-05, 1.71052688529e-05, 5.1565357353e-06, 4.60944465885e-06, 2.65735866378e-06, 8.65152856022e-07, 2.77798449133e-07, 7.19763377788e-08, 3.82438898328e-08, 2.02974433705e-07, 5.2145310292e-07, 4.79005564102e-07, 3.99591044697e-07, 2.42192101041e-07, 9.4409855933e-08, 3.12115169265e-08, 3.31486216254e-09, 1.3297425383e-09]
    },
    "melbands128": {
        "max": [0.000280648993794, 8.16309038782e-05, 0.000350695510861, 0.000844139838591, 0.00118811079301, 0.00279684760608, 0.00605039764196, 0.0114486282691, 0.0209058448672, 0.0100123779848, 0.00749032339081, 0.0133706619963, 0.0143829016015, 0.00821289047599, 0.0074958531186, 0.00972838141024, 0.0227469261736, 0.0170256532729, 0.016851419583, 0.0202454328537, 0.0142589975148, 0.0257500223815, 0.0129277491942, 0.0135878259316, 0.024558249861, 0.00992880761623, 0.0135107450187, 0.00477113202214, 0.0118610542268, 0.00926110241562, 0.00582934124395, 0.00724556203932, 0.0120311193168, 0.00506191514432, 0.0061078928411, 0.00735028227791, 0.00595395313576, 0.00828475505114, 0.00627684453502, 0.00805565807968, 0.00252391863614, 0.00325058586895, 0.0039887339808, 0.00145944103133, 0.00152335187886, 0.00135804677848, 0.00168326648418, 0.00159634475131, 0.00119717989583, 0.00106385361869, 0.00075107824523, 0.000476214801893, 0.00050242600264, 0.0005622744211, 0.000335467455443, 0.000358283345122, 0.000511766294949, 0.000660812773276, 0.000265360140475, 0.000154598470544, 0.000593967561144, 0.000886057096068, 4.857777094e-05, 3.96183459088e-05, 9.04526823433e-05, 6.23097439529e-05, 7.80628906796e-05, 6.96579518262e-05, 3.01582658722e-05, 1.8883654775e-05, 2.10272683034e-05, 3.70952466255e-06, 4.37079006588e-06, 3.47645936927e-06, 2.44320722231e-06, 1.17828494695e-06, 6.34478340089e-07, 3.57926637662e-07, 3.65748064723e-07, 1.08324434223e-06, 1.82701137419e-06, 4.21258846472e-06, 5.73717761654e-06, 2.35057013924e-05, 9.25692529563e-06, 7.71231134422e-06, 6.66668302074e-06, 4.63993364974e-06, 6.51005029795e-06, 4.12715962739e-06, 2.58065597336e-06, 3.59580235454e-06, 1.90183197901e-06, 1.04029015802e-06, 1.01123634977e-06, 7.22448930901e-07, 2.44574408725e-07, 6.64686155005e-08, 5.8429350247e-08, 3.60443408454e-08, 3.7357548166e-08, 2.78614198379e-08, 2.73621942881e-08, 2.74884826013e-08, 2.76304188418e-08, 3.14042196692e-08, 2.50849865324e-08, 2.06241193013e-08, 2.42403803696e-08, 2.02417691497e-08, 1.57210706675e-08, 1.62520716884e-08, 1.53993298113e-08, 1.82952089034e-08, 1.6883955567e-08, 1.72924021768e-08, 3.26312559196e-08, 3.39426406981e-08, 1.34735520518e-08, 1.63727555957e-08, 1.60475916999e-08, 1.4913741353e-08, 1.87862152501e-08, 1.14771046e-08, 1.14297913356e-08, 1.13281704017e-08, 1.12583826706e-08, 1.12174598499e-08],
        "mean": [1.83402298717e-05, 1.08013955469e-05, 1.3723280972e-05, 4.76911191072e-05, 8.95575067261e-05, 0.000204387033591, 0.000307999434881, 0.000454511377029, 0.000681665609591, 0.000531230238266, 0.000497670553159, 0.00058366835583, 0.000560944841709, 0.00046227229177, 0.000345656037098, 0.000367422500858, 0.000434299174231, 0.000590038078371, 0.000609985960182, 0.000790417951066, 0.000632804119959, 0.000817774620373, 0.00062383885961, 0.000737082853448, 0.000669369532261, 0.000292848126264, 0.000319276849041, 0.000213013598113, 0.000373522867449, 0.000552147219423, 0.000363479135558, 0.000428508850746, 0.000467169476906, 0.000203106974368, 0.000246398500167, 0.000243374990532, 0.000151307627675, 0.00025882848422, 0.000314541393891, 0.000257679144852, 7.90556368884e-05, 9.02937172214e-05, 8.23014634079e-05, 4.77159119328e-05, 8.00705165602e-05, 5.14618222951e-05, 4.33864624938e-05, 3.76248135581e-05, 4.34178618889e-05, 4.53895881947e-05, 1.8445753085e-05, 1.74327688001e-05, 3.19742284773e-05, 1.64527828019e-05, 7.94958941697e-06, 1.24804628285e-05, 1.42465896715e-05, 1.63103704836e-05, 8.30063163448e-06, 5.86282567383e-06, 8.87167243491e-06, 7.49927085053e-06, 2.81974985228e-06, 3.15945999319e-06, 5.73193801756e-06, 4.05985429097e-06, 3.43454462381e-06, 2.73238106274e-06, 2.01733132599e-06, 1.64433117789e-06, 8.80035543105e-07, 3.18640388741e-07, 2.73446545407e-07, 3.17052439414e-07, 1.36861658007e-07, 6.47121325414e-08, 3.22787911955e-08, 1.66681477509e-08, 2.1706336284e-08, 5.36651043603e-08, 1.09703194084e-07, 1.48212549789e-07, 1.97657996637e-07, 2.34106778407e-07, 2.47008671295e-07, 2.19471331775e-07, 3.47932569866e-07, 3.31385933805e-07, 2.80084805127e-07, 1.81850623449e-07, 1.48807316691e-07, 1.29269082549e-07, 1.15890728125e-07, 6.53885194879e-08, 4.85271236528e-08, 3.17227950575e-08, 2.01244958475e-08, 8.89854145925e-09, 5.5032467472e-09, 4.38865388475e-09, 3.96034627315e-09, 4.40888214825e-09, 4.15588985447e-09, 3.90644272485e-09, 3.77767905846e-09, 3.5367839768e-09, 3.53057383329e-09, 3.50285644934e-09, 3.46296213927e-09, 3.45038042582e-09, 3.40033157187e-09, 3.45663964119e-09, 4.78472017562e-09, 3.51033269119e-09, 3.35138850005e-09, 5.25539078922e-09, 6.68492639022e-09, 4.23011359274e-09, 3.1521745214e-09, 3.08719938502e-09, 3.09459591286e-09, 3.54391538337e-09, 2.745447647e-09, 1.08081918415e-10, 1.1734968032e-11, 1.13908318541e-11, 1.11890557583e-11, 1.11244312373e-11],
        "min": [8.5941757183e-12, 6.55991710605e-12, 1.17479507025e-12, 1.04818442574e-15, 7.36450339595e-15, 1.69402354286e-14, 3.12687667371e-14, 1.90687106404e-14, 1.11715310939e-14, 2.98233456702e-14, 4.04645511299e-15, 3.81049053801e-14, 5.26613247621e-16, 1.21377678348e-14, 6.6823974197e-14, 9.00736191363e-14, 6.83000747972e-14, 7.26056720171e-14, 3.500848835e-14, 6.02142711777e-14, 5.97212031347e-14, 2.82101375408e-14, 5.47919457201e-14, 3.79026576292e-14, 2.50939863371e-14, 2.19115056774e-14, 2.25345577024e-14, 3.9778747516e-14, 3.35856593459e-14, 2.05742659644e-14, 1.76300455083e-14, 2.02575349344e-14, 1.3536276829e-14, 8.19082554061e-15, 7.86480086514e-15, 7.8616067039e-15, 9.15427977833e-15, 5.66580253715e-15, 7.6635041205e-16, 4.64666392996e-16, 3.95730235419e-15, 4.78082971364e-15, 4.96884646397e-15, 1.28484962402e-14, 9.94449460252e-15, 7.58506315212e-15, 1.45769338847e-14, 4.62781363523e-14, 6.94695833519e-14, 5.65098572862e-14, 2.15188245912e-14, 1.82862724258e-14, 5.39616027101e-14, 4.1371457448e-14, 1.9941049544e-14, 6.05704925777e-14, 1.36037543535e-13, 1.43836413049e-13, 8.52225394746e-14, 2.6343993515e-14, 4.48475612319e-15, 1.18860499717e-14, 3.67958295127e-14, 7.34258303031e-14, 7.03013358248e-14, 2.28339431917e-14, 1.99232601581e-14, 2.73126112655e-14, 3.73245271496e-14, 2.53197765217e-14, 2.6818191358e-14, 2.71634961974e-14, 2.02931848571e-14, 1.18797836219e-14, 3.48011469665e-15, 8.58668300038e-15, 1.24605805613e-14, 1.37807754303e-14, 1.50720652999e-14, 7.47753401353e-15, 3.63282859605e-15, 1.1662211351e-14, 9.75121438945e-15, 2.35975569461e-14, 7.47259327035e-15, 8.20004634127e-15, 7.97099507981e-15, 5.89938966005e-15, 4.15259723512e-15, 7.33347573206e-15, 1.29460439425e-14, 9.10181963978e-15, 2.75888168512e-14, 1.54650868934e-14, 5.70131481698e-15, 1.36890553146e-14, 7.34123116572e-15, 5.47615567191e-15, 9.24947950534e-15, 2.17181060327e-14, 1.53427753358e-14, 4.02069811161e-15, 7.3272449577e-15, 6.90653216312e-15, 6.41829178442e-15, 1.08216751464e-14, 9.70218981653e-15, 9.68735149336e-15, 7.01119409519e-15, 1.11992383886e-14, 6.46769455755e-15, 9.74234087229e-15, 1.25431815203e-14, 2.31606442229e-15, 4.97048250811e-15, 4.53795233338e-15, 4.38833455116e-15, 2.94338316402e-15, 3.40911131281e-15, 3.89644938968e-15, 1.08484898802e-15, 1.34860265994e-15, 1.44652940952e-15, 1.20396829018e-15, 2.69253795658e-15, 2.30782702688e-15, 1.89360356348e-16, 1.49274915857e-17],
        "stdev": [1.14629738164e-05, 6.64541494189e-06, 2.01575112442e-05, 7.4996627518e-05, 0.000117109739222, 0.000272898731055, 0.000492075399961, 0.000821629771963, 0.00132192869205, 0.00087242590962, 0.000724937883206, 0.00100198830478, 0.00105940527283, 0.000795786210801, 0.000595346675254, 0.000693416921422, 0.00107158662286, 0.00134596438147, 0.00123562244698, 0.00182076753117, 0.00138790928759, 0.00188782403711, 0.00138162914664, 0.00160260277335, 0.00153868529014, 0.000716197770089, 0.000813761958852, 0.000467447913252, 0.000780252448749, 0.00105806218926, 0.000670092063956, 0.000784567499068, 0.000934520387091, 0.000424271158408, 0.000442396238213, 0.000578361388762, 0.000416255701566, 0.000606205547228, 0.000609160633758, 0.00064234866295, 0.000208277720958, 0.000229296085308, 0.000266029586783, 0.000117377581773, 0.000146036676597, 0.000102962789242, 0.000107465602923, 9.34104755288e-05, 9.17166617e-05, 7.48418751755e-05, 4.86547687615e-05, 4.03458871006e-05, 5.53519530513e-05, 3.99129385187e-05, 2.18056011363e-05, 2.25641088036e-05, 2.37647254835e-05, 4.04564925702e-05, 1.53266901179e-05, 9.75987313723e-06, 2.4005821615e-05, 2.83153840428e-05, 4.32470505984e-06, 4.08807682106e-06, 8.6079699031e-06, 5.92448122916e-06, 7.38258904676e-06, 5.332323326e-06, 3.01136492453e-06, 2.17924548451e-06, 1.24967516513e-06, 4.26261323128e-07, 3.75133254238e-07, 4.05860731689e-07, 1.97712481054e-07, 9.68692646097e-08, 4.28955360121e-08, 1.91494375912e-08, 2.8493266413e-08, 9.40189792686e-08, 1.8370415944e-07, 2.7761882393e-07, 3.98388948497e-07, 7.51287302592e-07, 5.62673960758e-07, 4.94564631026e-07, 5.97451958129e-07, 5.04322656525e-07, 4.8688178822e-07, 3.76100246058e-07, 2.89868808068e-07, 2.50313149763e-07, 1.68263483147e-07, 9.81444401305e-08, 8.54007353723e-08, 5.37138298284e-08, 2.34936550214e-08, 7.82617792794e-09, 4.11770884057e-09, 2.14969597678e-09, 1.81352088902e-09, 1.81476589312e-09, 1.64202351716e-09, 1.59711766035e-09, 1.55030732696e-09, 1.45551248831e-09, 1.42013800719e-09, 1.43535383579e-09, 1.50109003005e-09, 1.43215816983e-09, 1.33216204734e-09, 1.2843991426e-09, 1.88444393423e-09, 1.31978383777e-09, 1.26432508907e-09, 1.84123460922e-09, 3.26596683031e-09, 2.37061348329e-09, 1.67619496061e-09, 1.78543502205e-09, 1.65225733095e-09, 1.90666460398e-09, 1.63939595232e-09, 3.11649234197e-10, 2.97760288648e-10, 2.95118485205e-10, 2.93302382381e-10, 2.92237123389e-10]
    },
    "mfcc": {
        "mean": [-677.827148438, 182.822845459, -45.5189628601, -11.7210025787, -11.1102170944, -9.57618999481, -14.9845647812, 12.7061262131, -27.1960105896, 6.68652868271, -8.58473968506, -8.58297252655, 2.24210238457],
        "cov": [[3254.12231445, 651.417541504, -244.209228516, 34.9762802124, -205.10697937, -65.351600647, -138.409805298, 98.6060180664, -229.448013306, 85.2411422729, -115.705841064, -75.048324585, -64.035118103], [651.417541504, 622.38067627, -23.1955547333, -55.4278488159, -11.6456069946, -92.2046356201, 72.582244873, -37.4271659851, -34.3414726257, -42.6551132202, 7.29542779922, -43.8238220215, -15.6001377106], [-244.209228516, -23.1955547333, 486.866577148, 205.243606567, -10.9865932465, 21.7853603363, -46.5782966614, -2.99686646461, -24.1299419403, -21.8159408569, -51.9865837097, -39.264125824, -26.9696846008], [34.9762802124, -55.4278488159, 205.243606567, 228.555664062, 43.5704574585, -0.558740675449, -67.5618896484, -11.520816803, -17.6218700409, -13.210940361, -56.7508354187, -22.9099330902, -16.9338035583], [-205.10697937, -11.6456069946, -10.9865932465, 43.5704574585, 145.628479004, 22.0572528839, -28.1103248596, -23.0887012482, 30.4623241425, -19.4103488922, -4.70417737961, 1.63965046406, 4.40043449402], [-65.351600647, -92.2046356201, 21.7853603363, -0.558740675449, 22.0572528839, 114.284744263, 41.3079185486, 24.1882038116, 1.57134401798, 8.28041362762, 11.9102401733, -3.21538281441, -10.629573822], [-138.409805298, 72.582244873, -46.5782966614, -67.5618896484, -28.1103248596, 41.3079185486, 172.256637573, 28.2708835602, 5.93572616577, -7.35044431686, 43.7295761108, -0.908767282963, -11.0336847305], [98.6060180664, -37.4271659851, -2.99686646461, -11.520816803, -23.0887012482, 24.1882038116, 28.2708835602, 76.0374069214, 1.0003464222, 8.63259601593, 0.0510178171098, -5.03288316727, -1.07368695736], [-229.448013306, -34.3414726257, -24.1299419403, -17.6218700409, 30.4623241425, 1.57134401798, 5.93572616577, 1.0003464222, 77.741394043, 12.3744916916, 10.1217308044, 7.17438983917, 8.42612266541], [85.2411422729, -42.6551132202, -21.8159408569, -13.210940361, -19.4103488922, 8.28041362762, -7.35044431686, 8.63259601593, 12.3744916916, 65.0622634888, 11.6059837341, -8.48941612244, -11.2334775925], [-115.705841064, 7.29542779922, -51.9865837097, -56.7508354187, -4.70417737961, 11.9102401733, 43.7295761108, 0.0510178171098, 10.1217308044, 11.6059837341, 67.7506561279, 18.2126407623, -2.46092891693], [-75.048324585, -43.8238220215, -39.264125824, -22.9099330902, 1.63965046406, -3.21538281441, -0.908767282963, -5.03288316727, 7.17438983917, -8.48941612244, 18.2126407623, 63.3587417603, 26.7886543274], [-64.035118103, -15.6001377106, -26.9696846008, -16.9338035583, 4.40043449402, -10.629573822, -11.0336847305, -1.07368695736, 8.42612266541, -11.2334775925, -2.46092891693, 26.7886543274, 58.9184799194]],
        "icov": [[0.00254443613812, -0.00451859412715, 0.00347504089586, -0.00333511666395, 0.00393643276766, -0.0044036405161, 0.00498196575791, -0.00486539071426, 0.00435265386477, -0.00432510720566, 0.00340781803243, -0.00263946992345, 0.00185228930786], [-0.00451859412715, 0.0106598064303, -0.00649965228513, 0.00693888496608, -0.00791650172323, 0.0106178615242, -0.0106053957716, 0.00958245899528, -0.00635745422915, 0.00859155040234, -0.00608953507617, 0.00682207429782, -0.00318292644806], [0.00347504089586, -0.00649965228513, 0.00865544937551, -0.00834468659014, 0.00765907811001, -0.00781761296093, 0.00755054503679, -0.00634521478787, 0.00490268878639, -0.00413653859869, 0.00405885931104, -0.00245454558171, 0.00273118377663], [-0.00333511666395, 0.00693888496608, -0.00834468659014, 0.0146968020126, -0.00927666481584, 0.00779198063537, -0.00632015895098, 0.00640474678949, -0.00318987783976, 0.00466001732275, 0.000356135657057, 0.00309817027301, -0.000400585471652], [0.00393643276766, -0.00791650172323, 0.00765907811001, -0.00927666481584, 0.0180029012263, -0.0120800361037, 0.0108207697049, -0.00481773260981, 0.000656619202346, -0.00152696843725, 0.00313100125641, -0.00297883735038, 0.00253668148071], [-0.0044036405161, 0.0106178615242, -0.00781761296093, 0.00779198063537, -0.0120800361037, 0.0226371511817, -0.0136505067348, 0.00583131564781, -0.00405339943245, 0.0051059005782, -0.00597600266337, 0.00553165469319, -0.00198906310834], [0.00498196575791, -0.0106053957716, 0.00755054503679, -0.00632015895098, 0.0108207697049, -0.0136505067348, 0.0204113554209, -0.0120990965515, 0.00596671132371, -0.00446153758094, 0.0013838695595, -0.00444714492187, 0.0049532353878], [-0.00486539071426, 0.00958245899528, -0.00634521478787, 0.00640474678949, -0.00481773260981, 0.00583131564781, -0.0120990965515, 0.0257416293025, -0.00900909025222, 0.00742228562012, -0.00434905756265, 0.00682686595246, -0.0047813532874], [0.00435265386477, -0.00635745422915, 0.00490268878639, -0.00318987783976, 0.000656619202346, -0.00405339943245, 0.00596671132371, -0.00900909025222, 0.0247352682054, -0.0124970665202, 0.00590635091066, -0.00483641633764, 0.00107313622721], [-0.00432510720566, 0.00859155040234, -0.00413653859869, 0.00466001732275, -0.00152696843725, 0.0051059005782, -0.00446153758094, 0.00742228562012, -0.0124970665202, 0.0292615406215, -0.0113796880469, 0.00938031729311, -1.90746395674e-05], [0.00340781803243, -0.00608953507617, 0.00405885931104, 0.000356135657057, 0.00313100125641, -0.00597600266337, 0.0013838695595, -0.00434905756265, 0.00590635091066, -0.0113796880469, 0.0294479764998, -0.011612012051, 0.00641491962597], [-0.00263946992345, 0.00682207429782, -0.00245454558171, 0.00309817027301, -0.00297883735038, 0.00553165469319, -0.00444714492187, 0.00682686595246, -0.00483641633764, 0.00938031729311, -0.011612012051, 0.0277817118913, -0.0114199202508], [0.00185228930786, -0.00318292644806, 0.00273118377663, -0.000400585471652, 0.00253668148071, -0.00198906310834, 0.0049532353878, -0.0047813532874, 0.00107313622721, -1.90746395674e-05, 0.00641491962597, -0.0114199202508, 0.0248733647168]]
    },
    "spectral_contrast_coeffs": {
        "max": [-0.373084247112, -0.458290070295, -0.533318281174, -0.570902228355, -0.619104087353, -0.645508170128],
        "mean": [-0.646003007889, -0.748659610748, -0.736264407635, -0.758164346218, -0.743133306503, -0.78590708971],
        "min": [-0.990928351879, -0.967708170414, -0.967151880264, -0.952853560448, -0.937078773975, -0.923423886299],
        "stdev": [0.074275970459, 0.0759594216943, 0.0703601837158, 0.0541583970189, 0.0394140742719, 0.0346310026944]
    },
    "spectral_contrast_valleys": {
        "max": [-5.87213134766, -4.48865318298, -5.11142635345, -5.2179017067, -7.12019968033, -10.6057271957],
        "mean": [-7.44167089462, -6.08949899673, -6.65884923935, -7.37390756607, -8.42886447906, -11.7034597397],
        "min": [-18.5551242828, -17.7186717987, -17.5902462006, -17.7024269104, -16.3648929596, -18.2363967896],
        "stdev": [1.05026936531, 0.93946993351, 0.882197976112, 0.860755741596, 0.728711247444, 0.45382142067]
    }
},
"rhythm": {
    "beats_count": 59,
    "beats_loudness": {
        "max": 0.0809407755733,
        "mean": 0.0418731197715,
        "min": 0.00160971807782,
        "stdev": 0.0168166011572
    },
    "bpm": 104.839500427,
    "bpm_histogram_first_peak_bpm": 105,
    "bpm_histogram_first_peak_weight": 0.578947305679,
    "bpm_histogram_second_peak_bpm": 110,
    "bpm_histogram_second_peak_spread": 0,
    "bpm_histogram_second_peak_weight": 0.0172413792461,
    "danceability": 1.18573307991,
    "onset_rate": 2.6934800148,
    "beats_loudness_band_ratio": {
        "max": [0.350406289101, 0.559536039829, 0.779338002205, 0.777954816818, 0.376495689154, 0.0197132118046],
        "mean": [0.0777768790722, 0.14362166822, 0.378698319197, 0.372131079435, 0.0649647116661, 0.00705507397652],
        "min": [0.000804491632152, 0.00426115794107, 0.113540835679, 0.0478489585221, 0.00847497954965, 0.000886607042048],
        "stdev": [0.0745135843754, 0.128902032971, 0.186491012573, 0.19909080863, 0.0700063109398, 0.00476106256247]
    },
    "beats_position": [0.53405892849, 1.07972788811, 1.63700675964, 2.19428563118, 2.76317453384, 3.34367346764, 3.92417216301, 4.5046710968, 5.08516979218, 5.66566896439, 6.25777769089, 6.83827638626, 7.40716552734, 7.98766422272, 8.56816291809, 9.13705158234, 9.70594120026, 10.2632198334, 10.8204984665, 11.3893871307, 11.9466667175, 12.5155553818, 13.0728340149, 13.6533327103, 14.2222223282, 14.7911109924, 15.3716096878, 15.9404983521, 16.50938797, 17.0898857117, 17.6703853607, 18.2508831024, 18.8197727203, 19.3886623383, 19.96916008, 20.549659729, 21.1069393158, 21.6874370575, 22.2563266754, 22.825214386, 23.3941040039, 23.9629936218, 24.5318813324, 25.1007709503, 25.6696586609, 26.2385482788, 26.8074378967, 27.3763256073, 27.9452152252, 28.5141029358, 29.0713825226, 29.6286621094, 30.2091598511, 30.7896595001, 31.3817672729, 31.9738769531, 32.5659866333, 33.1580963135, 33.7385940552],
