{
"metadata": {
    "version": {
        "essentia": "2.1-beta5",
        "essentia_git_sha": "Undefined",
        "extractor": "music 2.0"
    },
    "audio_properties": {
        "analysis": {
            "equal_loudness": 0,
            "length": 32.4963264465,
            "sample_rate": 44100,
            "start_time": 110.248344421,
            "downmix": "mix"
        },
        "bit_rate": 192000,
        "length": 190.043731689,
        "lossless": 0,
        "number_channels": 2,
        "replay_gain": -9.29671478271,
        "sample_rate": 48000,
        "codec": "mp3",
        "md5_encoded": "c8e401a001ac5800a175ae6c9d13aee8"
    },
    "tags": {
        "file_name": "Portugal_Play-back_Carlos Paião.mp3",
        "encoding": ["Lavf58.29.100"]
    }
},
"lowlevel": {
    "average_loudness": 0.966067671776,
    "barkbands_crest": {
        "max": 20.1944389343,
        "mean": 6.82150745392,
        "min": 2.31242728233,
        "stdev": 2.96985387802
    },
    "barkbands_flatness_db": {
        "max": 0.197946220636,
        "mean": 0.108954973519,
        "min": 0.0512363910675,
        "stdev": 0.0279076937586
    },
    "barkbands_kurtosis": {
        "max": 5.62441539764,
        "mean": -0.503236711025,
        "min": -1.74123418331,
        "stdev": 0.92443883419
    },
    "barkbands_skewness": {
        "max": 2.02395343781,
        "mean": -0.0426844656467,
        "min": -2.42250943184,
        "stdev": 0.602243602276
    },
    "barkbands_spread": {
        "max": 81.8160247803,
        "mean": 27.4433612823,
        "min": 6.52835416794,
        "stdev": 10.3701906204
    },
    "dissonance": {
        "max": 0.499999880791,
        "mean": 0.477661401033,
        "min": 0.310466498137,
        "stdev": 0.0174274258316
    },
    "dynamic_complexity": 2.25037097931,
    "erbbands_crest": {
        "max": 27.2161006927,
        "mean": 8.7274055481,
        "min": 2.7491645813,
        "stdev": 3.83479595184
    },
    "erbbands_flatness_db": {
        "max": 0.286446839571,
        "mean": 0.196631982923,
        "min": 0.10898976028,
        "stdev": 0.035059902817
    },
    "erbbands_kurtosis": {
        "max": 10.2473573685,
        "mean": 0.437857270241,
        "min": -1.61639642715,
        "stdev": 1.62507855892
    },
    "erbbands_skewness": {
        "max": 1.76334261894,
        "mean": -0.410869985819,
        "min": -2.63076281548,
        "stdev": 0.663937807083
    },
    "erbbands_spread": {
        "max": 76.8230361938,
        "mean": 27.1728000641,
        "min": 7.26173734665,
        "stdev": 10.4787693024
    },
    "hfc": {
        "max": 133.782440186,
        "mean": 24.4166412354,
        "min": 0.408616751432,
        "stdev": 16.7238292694
    },
    "loudness_ebu128": {
        "integrated": -15.6381483078,
        "loudness_range": 1.17345809937,
        "momentary": {
            "max": -12.4506587982,
            "mean": -15.7854671478,
            "min": -19.0165939331,
            "stdev": 1.13003492355
        },
        "short_term": {
            "max": -14.6122617722,
            "mean": -15.7794914246,
            "min": -16.5741176605,
            "stdev": 0.342875272036
        }
    },
    "melbands_crest": {
        "max": 24.4593887329,
        "mean": 9.12533569336,
        "min": 2.72210526466,
        "stdev": 3.76781392097
    },
    "melbands_flatness_db": {
        "max": 0.22900635004,
        "mean": 0.108257055283,
        "min": 0.0143601289019,
        "stdev": 0.0331313423812
    },
    "melbands_kurtosis": {
        "max": 14.9455509186,
        "mean": 0.510211646557,
        "min": -1.73642754555,
        "stdev": 1.92059123516
    },
    "melbands_skewness": {
        "max": 3.75544691086,
        "mean": 0.794260561466,
        "min": -0.872708857059,
        "stdev": 0.670299887657
    },
    "melbands_spread": {
        "max": 164.235427856,
        "mean": 50.8256645203,
        "min": 10.056312561,
        "stdev": 21.2789936066
    },
    "pitch_salience": {
        "max": 0.885362565517,
        "mean": 0.620950222015,
        "min": 0.285458236933,
        "stdev": 0.0767072886229
    },
    "silence_rate_20dB": {
        "max": 1,
        "mean": 1,
        "min": 1,
        "stdev": 0
    },
    "silence_rate_30dB": {
        "max": 1,
        "mean": 1,
        "min": 1,
        "stdev": 0
    },
    "silence_rate_60dB": {
        "max": 1,
        "mean": 0.0563882924616,
        "min": 0,
        "stdev": 0.23067201674
    },
    "spectral_centroid": {
        "max": 4289.73193359,
        "mean": 2296.34179688,
        "min": 1070.23583984,
        "stdev": 443.19329834
    },
    "spectral_complexity": {
        "max": 50,
        "mean": 22.9122047424,
        "min": 0,
        "stdev": 8.79695320129
    },
    "spectral_decrease": {
        "max": -5.89869195156e-11,
        "mean": -3.36757088881e-09,
        "min": -1.9642619975e-08,
        "stdev": 2.42178588294e-09
    },
    "spectral_energy": {
        "max": 0.086270198226,
        "mean": 0.0149246696383,
        "min": 0.000259693129919,
        "stdev": 0.0104967057705
    },
    "spectral_energyband_high": {
        "max": 0.0085549429059,
        "mean": 0.000757733359933,
        "min": 6.13077509115e-06,
        "stdev": 0.000930609821808
    },
    "spectral_energyband_low": {
        "max": 0.0113367624581,
        "mean": 0.000616938341409,
        "min": 6.57203418086e-06,
        "stdev": 0.000910983828362
    },
    "spectral_energyband_middle_high": {
        "max": 0.0529405847192,
        "mean": 0.00887125171721,
        "min": 0.000163691001944,
        "stdev": 0.00734094716609
    },
    "spectral_energyband_middle_low": {
        "max": 0.0302587077022,
        "mean": 0.00501041300595,
        "min": 8.45548056532e-05,
        "stdev": 0.00456808228046
    },
    "spectral_entropy": {
        "max": 8.61569976807,
        "mean": 7.63980674744,
        "min": 6.85908651352,
        "stdev": 0.320219606161
    },
    "spectral_flux": {
        "max": 0.211918979883,
        "mean": 0.0732199549675,
        "min": 0.0225207619369,
        "stdev": 0.0332920663059
    },
    "spectral_kurtosis": {
        "max": 16.5417575836,
        "mean": 4.218521595,
        "min": -0.653004407883,
        "stdev": 2.49374389648
    },
    "spectral_rms": {
        "max": 0.0091742053628,
        "mean": 0.00358147220686,
        "min": 0.000503347953781,
        "stdev": 0.00131670583505
    },
    "spectral_rolloff": {
        "max": 9323.87695312,
        "mean": 3055.59350586,
        "min": 1033.59375,
        "stdev": 1168.78771973
    },
    "spectral_skewness": {
        "max": 3.49114608765,
        "mean": 1.2317866087,
        "min": 0.0973977148533,
        "stdev": 0.320223480463
    },
    "spectral_spread": {
        "max": 9767526,
        "mean": 3462219,
        "min": 1980490.875,
        "stdev": 955738.3125
    },
    "spectral_strongpeak": {
        "max": 11.3812770844,
        "mean": 1.96656477451,
        "min": 0,
        "stdev": 1.86224615574
    },
    "zerocrossingrate": {
        "max": 0.27294921875,
        "mean": 0.0982794091105,
        "min": 0.01904296875,
        "stdev": 0.0308907777071
    },
    "barkbands": {
        "max": [0.000376904907171, 0.00459360703826, 0.00763226021081, 0.00726584810764, 0.017290815711, 0.0133628202602, 0.0103163290769, 0.0162538643926, 0.0258313380182, 0.0133136184886, 0.0217202343047, 0.0133115919307, 0.0203495454043, 0.0249659866095, 0.0191015005112, 0.0107848253101, 0.0160300806165, 0.0117938984185, 0.0102646127343, 0.0027391705662, 0.0036130649969, 0.00307854288258, 0.00165456801187, 0.00247793248855, 0.000837001542095, 2.7969634175e-05, 3.91825125234e-07],
        "mean": [6.5717016696e-05, 0.000193683372345, 0.000207166085602, 0.000433375971625, 0.00100243499037, 0.000768417317886, 0.000450683088275, 0.00100466539152, 0.00106241775211, 0.000741605763324, 0.000871577474754, 0.000663584272843, 0.000719814270269, 0.000961700163316, 0.00075651705265, 0.000927070796024, 0.0012083115289, 0.00105031148996, 0.000913026160561, 0.000303061387967, 0.000218025306822, 0.000191153754713, 0.000106132640212, 7.72307539592e-05, 2.529327503e-05, 1.69044517406e-06, 1.0370184711e-09],
        "min": [4.5355230327e-07, 2.05725473279e-06, 2.55459127629e-07, 6.65245238451e-07, 9.43275153986e-06, 5.97054395257e-06, 1.56803889695e-06, 9.63054117165e-06, 1.12288726086e-05, 3.65559594684e-06, 6.50217771181e-06, 6.0213760662e-06, 7.11379243512e-06, 6.97443829267e-06, 2.52622630796e-05, 9.09821483219e-06, 1.8032553271e-05, 1.55616526172e-05, 8.90720184543e-06, 4.80564131067e-06, 2.92841536975e-06, 7.43653970403e-07, 5.58881708912e-07, 1.89306092579e-07, 7.73226389583e-08, 3.35768817195e-08, 1.87538786584e-11],
        "stdev": [4.47504680778e-05, 0.000363755272701, 0.000450803432614, 0.000732652260922, 0.00159049779177, 0.00137394585181, 0.000820822373498, 0.00177911226638, 0.00234143692069, 0.00152428611182, 0.00216409866698, 0.00132931757253, 0.00133327452932, 0.00179481925443, 0.00135451206006, 0.00129283266142, 0.0017011865275, 0.00133561715484, 0.00093703600578, 0.000358828721801, 0.00034873149707, 0.000264080881607, 0.000136047310662, 0.000162138938322, 6.88421641826e-05, 1.96131259145e-06, 1.05274491347e-08]
    },
    "erbbands": {
        "max": [0.0718495547771, 1.21638941765, 6.79294300079, 12.3275003433, 39.5899009705, 67.3153686523, 60.8548126221, 135.185012817, 222.017776489, 358.176727295, 377.125335693, 697.874084473, 479.222564697, 355.671813965, 1128.10546875, 594.366821289, 1114.91186523, 1447.1640625, 1226.65039062, 564.06427002, 526.491638184, 735.66204834, 739.104248047, 416.848907471, 452.708770752, 160.578094482, 151.13053894, 162.932723999, 109.033569336, 58.5838356018, 53.6764450073, 41.4232978821, 46.5631065369, 17.7415332794, 3.42933702469, 0.313211888075, 0.0214600954205, 0.000933855306357, 0.000114951224532, 0.000114334223326],
        "mean": [0.00430848123506, 0.0494158379734, 0.227934524417, 0.852375864983, 2.35259985924, 3.46020007133, 4.80205535889, 6.81656599045, 5.57459354401, 15.5119752884, 20.2680473328, 26.7142524719, 23.3374481201, 17.9249095917, 48.8501586914, 26.0230464935, 34.8240089417, 46.3747901917, 43.0413780212, 46.8369674683, 45.8614883423, 64.5228500366, 66.2026367188, 47.422832489, 36.706829071, 15.1557064056, 9.52165603638, 8.66148853302, 7.07252120972, 4.27281475067, 2.8494989872, 1.96836543083, 1.04122900963, 0.42574930191, 0.105398587883, 0.0186335332692, 0.0013791724341, 5.14258099429e-05, 1.48858662214e-05, 2.092349132e-05],
        "min": [6.19760758127e-05, 0.00030727966805, 0.00114593456965, 0.00682102842256, 0.0134858656675, 0.0337841846049, 0.0272080488503, 0.0751955658197, 0.0682319551706, 0.127048194408, 0.198548957705, 0.264835745096, 0.0881907194853, 0.258196413517, 0.415440708399, 0.436894059181, 0.391643166542, 0.565515756607, 1.11359393597, 1.13555753231, 0.65998005867, 1.07713150978, 0.805168151855, 0.892674803734, 0.411266118288, 0.240225881338, 0.145132213831, 0.0798627436161, 0.0346404649317, 0.0174491722137, 0.0146744260564, 0.0068845343776, 0.00157036096789, 0.000857035571244, 0.000575781741645, 0.000248885422479, 4.47290767625e-05, 7.514682693e-06, 1.75284571924e-06, 5.14660086992e-07],
        "stdev": [0.00590016925707, 0.100855015218, 0.453692466021, 1.35552120209, 4.37210178375, 5.53014039993, 6.56866598129, 13.4144983292, 12.711815834, 27.3272018433, 37.0767021179, 58.4944725037, 45.0313491821, 33.3637580872, 118.27482605, 46.2177238464, 62.5142822266, 88.4099197388, 80.8295211792, 61.4707946777, 61.798160553, 85.9851150513, 79.3703384399, 48.3271636963, 40.1892280579, 17.2372608185, 13.8327684402, 14.1406173706, 10.1223745346, 5.47195625305, 3.79028105736, 3.11585569382, 2.90733218193, 1.24735879898, 0.247038140893, 0.0254141185433, 0.00173559377436, 7.22981785657e-05, 1.10499204311e-05, 1.38648983921e-05]
    },
    "gfcc": {
        "mean": [-10.1991004944, 77.5363845825, -177.244628906, 42.4182243347, -72.5249252319, 11.015835762, -46.5290107727, 7.61477279663, -22.7358341217, -7.61650419235, -10.395772934, -6.32118082047, -7.55312538147],
        "cov": [[1317.76049805, 41.9296226501, -81.3504104614, 100.739517212, -14.6528539658, 8.65726184845, 7.81662321091, -4.22599554062, 83.5799102783, -74.7426757812, 34.2513961792, -115.552642822, -38.681312561], [41.9296226501, 388.289642334, -76.6650238037, -107.07219696, 111.748214722, -103.918716431, 43.2493209839, -10.8325548172, -3.70530653, -44.2463378906, 8.58414173126, -32.0448875427, -38.9183158875], [-81.3504104614, -76.6650238037, 314.533569336, 154.17880249, -71.488243103, 98.9714431763, -41.3888130188, -15.5885105133, -60.2210197449, 22.503900528, -44.4185791016, -6.8083281517, -17.1595230103], [100.739517212, -107.07219696, 154.17880249, 235.98928833, -12.9915390015, 24.3203792572, -51.2363433838, -17.5154075623, 0.725632786751, -1.52539694309, -36.0267868042, -19.9013442993, -7.92089891434], [-14.6528539658, 111.748214722, -71.488243103, -12.9915390015, 148.234603882, -24.1896457672, -7.08371114731, 22.096780777, 24.9838199615, -33.2781028748, -10.8845872879, -9.89578151703, -12.3184309006], [8.65726184845, -103.918716431, 98.9714431763, 24.3203792572, -24.1896457672, 203.572372437, 57.170463562, -7.79527568817, -34.1262321472, 22.4804878235, -16.2749214172, -21.9296894073, -3.78136920929], [7.81662321091, 43.2493209839, -41.3888130188, -51.2363433838, -7.08371114731, 57.170463562, 134.460952759, 21.0683269501, -23.3479995728, 4.60543441772, 17.6912746429, -24.3584899902, -16.5645484924], [-4.22599554062, -10.8325548172, -15.5885105133, -17.5154075623, 22.096780777, -7.79527568817, 21.0683269501, 82.6818771362, 38.9713821411, -5.32160806656, 3.34082007408, -10.8700799942, -13.6106624603], [83.5799102783, -3.70530653, -60.2210197449, 0.725632786751, 24.9838199615, -34.1262321472, -23.3479995728, 38.9713821411, 93.5815811157, 9.6233921051, 6.78797101974, -2.86381936073, -2.54266571999], [-74.7426757812, -44.2463378906, 22.503900528, -1.52539694309, -33.2781028748, 22.4804878235, 4.60543441772, -5.32160806656, 9.6233921051, 72.5239562988, 18.4096336365, 14.3361730576, 7.13082361221], [34.2513961792, 8.58414173126, -44.4185791016, -36.0267868042, -10.8845872879, -16.2749214172, 17.6912746429, 3.34082007408, 6.78797101974, 18.4096336365, 64.7000961304, 24.9074420929, 0.247739002109], [-115.552642822, -32.0448875427, -6.8083281517, -19.9013442993, -9.89578151703, -21.9296894073, -24.3584899902, -10.8700799942, -2.86381936073, 14.3361730576, 24.9074420929, 88.2895431519, 34.6745147705], [-38.681312561, -38.9183158875, -17.1595230103, -7.92089891434, -12.3184309006, -3.78136920929, -16.5645484924, -13.6106624603, -2.54266571999, 7.13082361221, 0.247739002109, 34.6745147705, 59.7731628418]],
        "icov": [[0.001374556683, -0.000908901740331, 0.00113089790102, -0.00147091981489, 0.00164946937002, -0.00137920479756, 0.000911282957532, 2.44921920967e-05, -0.00126587355044, 0.00199776422232, -0.0020394064486, 0.00165031780489, -0.000302808039123], [-0.000908901740331, 0.0119962412864, -0.0107363192365, 0.0097046950832, -0.0121002523229, 0.0112866153941, -0.0109975105152, 0.0125156119466, -0.0063473014161, 0.00288943573833, -0.00164179736748, 0.00407988624647, 0.000474310887512], [0.00113089790102, -0.0107363192365, 0.0206947512925, -0.0141295194626, 0.0146400034428, -0.0142939593643, 0.0153118278831, -0.0165982302278, 0.013772200793, -0.00560477050021, 0.0050464887172, -0.0057468097657, 0.00495394226164], [-0.00147091981489, 0.0097046950832, -0.0141295194626, 0.016110939905, -0.0112970033661, 0.0103861093521, -0.00918099004775, 0.0128799173981, -0.00853159464896, 0.00268969684839, -0.000172354702954, 0.00422114320099, -0.000968794629443], [0.00164946937002, -0.0121002523229, 0.0146400034428, -0.0112970033661, 0.0221354551613, -0.01290658582, 0.0130767766386, -0.0145946638659, 0.00591436121613, 0.000866468413733, 0.00295420479961, -0.00437301816419, 0.00261342455633], [-0.00137920479756, 0.0112866153941, -0.0142939593643, 0.0103861093521, -0.01290658582, 0.0191066712141, -0.015514286235, 0.0135658914223, -0.00666866498068, 0.000362686929293, 0.000188158679521, 0.00466287555173, -0.00196512090042], [0.000911282957532, -0.0109975105152, 0.0153118278831, -0.00918099004775, 0.0130767766386, -0.015514286235, 0.025205982849, -0.0183679517359, 0.0140548264608, -0.00452578719705, -0.00107996270526, -0.0010068921838, 0.00285083171912], [2.44921920967e-05, 0.0125156119466, -0.0165982302278, 0.0128799173981, -0.0145946638659, 0.0135658914223, -0.0183679517359, 0.0345828235149, -0.0208122693002, 0.00849295873195, -0.00431439466774, 0.00617548637092, 0.000278482737485], [-0.00126587355044, -0.0063473014161, 0.013772200793, -0.00853159464896, 0.00591436121613, -0.00666866498068, 0.0140548264608, -0.0208122693002, 0.0294945538044, -0.0118244066834, 0.00456909136847, -0.00401058420539, 0.00279694586061], [0.00199776422232, 0.00288943573833, -0.00560477050021, 0.00268969684839, 0.000866468413733, 0.000362686929293, -0.00452578719705, 0.00849295873195, -0.0118244066834, 0.0242212135345, -0.00960991065949, 0.0031498267781, -0.00237716687843], [-0.0020394064486, -0.00164179736748, 0.0050464887172, -0.000172354702954, 0.00295420479961, 0.000188158679521, -0.00107996270526, -0.00431439466774, 0.00456909136847, -0.00960991065949, 0.0281163360924, -0.0122154103592, 0.00668663252145], [0.00165031780489, 0.00407988624647, -0.0057468097657, 0.00422114320099, -0.00437301816419, 0.00466287555173, -0.0010068921838, 0.00617548637092, -0.00401058420539, 0.0031498267781, -0.0122154103592, 0.0238109752536, -0.0111536290497], [-0.000302808039123, 0.000474310887512, 0.00495394226164, -0.000968794629443, 0.00261342455633, -0.00196512090042, 0.00285083171912, 0.000278482737485, 0.00279694586061, -0.00237716687843, 0.00668663252145, -0.0111536290497, 0.0262493789196]]
    },
    "melbands": {
        "max": [0.000935095013119, 0.0026302007027, 0.00258879107423, 0.00364092038944, 0.00181176920887, 0.00274328980595, 0.00285241170786, 0.00425162864849, 0.00326748681255, 0.00376312271692, 0.00244163698517, 0.00155449169688, 0.00295261573046, 0.00173063972034, 0.00107302935794, 0.00204499135725, 0.00310640386306, 0.00181943969801, 0.0015219443012, 0.00102220196277, 0.000612069794443, 0.000836127786897, 0.00111658487003, 0.000583918765187, 0.000354972464265, 0.000606838904787, 0.000129474879941, 0.000109995839011, 9.55811556196e-05, 0.000103779355413, 9.77568270173e-05, 8.36689432617e-05, 3.75729287043e-05, 3.01445470541e-05, 3.21992447425e-05, 2.59798835032e-05, 2.98194136121e-05, 3.73086077161e-05, 1.89463844436e-05, 1.43888919411e-05],
        "mean": [5.04430208821e-05, 0.000105433362478, 0.000196353081265, 0.000205957956496, 0.000175428853254, 0.000150839870912, 8.36633043946e-05, 0.000186461562407, 0.000175295615918, 0.000157159578521, 0.000114396207209, 6.85305712977e-05, 0.000138056828291, 9.7830008599e-05, 6.51940790704e-05, 7.18533119652e-05, 9.06151399249e-05, 6.98605217622e-05, 5.80485575483e-05, 7.26546786609e-05, 4.71845705761e-05, 5.77550199523e-05, 8.99156366359e-05, 4.23045676143e-05, 3.80098244932e-05, 3.21110055665e-05, 1.62310388987e-05, 8.69327323016e-06, 5.83044948144e-06, 5.44298973182e-06, 4.96855363963e-06, 4.53638995168e-06, 2.70893906418e-06, 2.24704808716e-06, 1.72902764461e-06, 1.30625687689e-06, 1.16051762689e-06, 7.93016681655e-07, 4.96357642987e-07, 3.09363144879e-07],
        "min": [6.06347271059e-07, 9.20451498132e-07, 1.39119867981e-06, 1.65703954735e-06, 8.98029725249e-07, 1.69055863353e-06, 9.71397525973e-07, 1.45434523802e-06, 1.12298039312e-06, 1.78168784259e-06, 3.56086445663e-07, 9.7408496913e-07, 1.3467830513e-06, 7.62350452987e-07, 1.21154755561e-06, 4.16899325728e-07, 4.96995596677e-07, 1.35461152695e-06, 1.52150448685e-06, 6.612211223e-07, 4.05618436616e-07, 9.67681444308e-07, 7.3691506941e-07, 5.64475783449e-07, 6.33720844689e-07, 2.67474803195e-07, 2.18048086253e-07, 1.37336769512e-07, 3.97371415772e-08, 6.38860555568e-08, 4.27125463887e-08, 1.9735420409e-08, 1.02110497835e-08, 1.05518953575e-08, 8.78491412948e-09, 7.19742931921e-09, 2.82666223761e-09, 9.82848358255e-10, 9.81118186694e-10, 5.55292589688e-10],
        "stdev": [7.55880755605e-05, 0.000196206165128, 0.000307793205138, 0.00034356728429, 0.000229704965022, 0.000289966556011, 0.000175677938387, 0.000335066899424, 0.000339552905643, 0.000337699515512, 0.000232376914937, 0.000151234489749, 0.00032158306567, 0.000199911984964, 0.000107579646283, 0.000136729082442, 0.000183278403711, 0.000139737167046, 9.87118037301e-05, 0.000100792967714, 6.57200580463e-05, 8.20241693873e-05, 0.000130474494654, 5.44508948224e-05, 4.12929439335e-05, 3.97777585022e-05, 1.82776529982e-05, 1.18902398754e-05, 8.60595355334e-06, 9.1983429229e-06, 8.45337854116e-06, 6.80018229104e-06, 3.83513270208e-06, 2.92087406706e-06, 2.3501315809e-06, 1.82157509698e-06, 2.09967151932e-06, 2.31941248785e-06, 1.40686483974e-06, 9.44763030475e-07]
    },
    "melbands128": {
        "max": [0.000248453259701, 0.000488230376504, 0.00125737348571, 0.0024632033892, 0.0029400663916, 0.00389479566365, 0.0025125965476, 0.00444668950513, 0.00488389283419, 0.00470586074516, 0.00415146257728, 0.00369221437722, 0.00199185637757, 0.00576213095337, 0.00428964756429, 0.00527406204492, 0.00723003875464, 0.00214054924436, 0.00329202692956, 0.00514756515622, 0.00614637229592, 0.00429296027869, 0.00566773675382, 0.00795574299991, 0.00799737032503, 0.00587042747065, 0.00344472657889, 0.00446243677288, 0.0033309571445, 0.00357887987047, 0.00177404831629, 0.00101805664599, 0.00302857276984, 0.00861875992268, 0.00412816926837, 0.00272537209094, 0.00368229229935, 0.00147380086128, 0.00247442605905, 0.00571513408795, 0.00249948794954, 0.00361063377932, 0.00632264045998, 0.0035208130721, 0.00215001543984, 0.00238859420642, 0.00411533331499, 0.00295739481226, 0.00212700781412, 0.00181868823711, 0.00229623704217, 0.00185653707013, 0.00113217439502, 0.000886424386408, 0.000959561381023, 0.00143546611071, 0.00129505584482, 0.00306351296604, 0.00147105962969, 0.00112892501056, 0.00097633927362, 0.000599190650973, 0.000461128191091, 0.000705879647285, 0.00112109421752, 0.00133271107916, 0.000431356020272, 0.000275794736808, 0.000183809737791, 0.00017781148199, 0.000216811429709, 0.00014970835764, 0.000175955356099, 0.000127559309476, 0.000161252741236, 0.000167169549968, 0.000124437283375, 0.000108537322376, 0.000104047037894, 0.000145653670188, 0.000118726762594, 7.09659580025e-05, 7.40770119592e-05, 4.39790346718e-05, 5.13702070748e-05, 4.72721694678e-05, 5.00206442666e-05, 3.82440775866e-05, 3.57038006769e-05, 4.71891726193e-05, 4.61537274532e-05, 2.49064451054e-05, 2.00571721507e-05, 3.66307758668e-05, 4.80601884192e-05, 4.90960010211e-05, 5.75312769797e-05, 3.77939941245e-05, 1.90607315744e-05, 1.91688413906e-05, 2.37603762798e-05, 1.87520981854e-05, 8.30949829833e-06, 6.44586316412e-06, 4.44653733211e-06, 2.78636025541e-06, 1.31414788029e-06, 7.52124151404e-07, 4.90607249048e-07, 3.94068194964e-07, 1.63981312085e-07, 8.79166535128e-08, 3.94132975146e-08, 8.59472937265e-09, 2.73740452528e-09, 2.21130735945e-09, 2.04415795402e-09, 1.93084326305e-09, 1.82614667832e-09, 1.75239467382e-09, 1.67958758013e-09, 1.62591495823e-09, 1.57825919e-09, 1.54062718138e-09, 1.51396817305e-09, 1.48417578227e-09, 1.4663898984e-09, 1.45518241901e-09],
        "mean": [4.57209098386e-05, 3.5017645132e-05, 4.36699738202e-05, 9.49608875089e-05, 0.00011267390073, 0.000100014214695, 0.000150497493451, 0.000243464848609, 0.000248650030699, 0.000187298937817, 0.000191388171515, 0.000198450288735, 0.0001434146252, 0.000185090073501, 0.000180835006176, 0.00011455918866, 9.64220671449e-05, 6.48189889034e-05, 7.72074126871e-05, 0.000191026585526, 0.000255602615653, 0.000146216741996, 0.000158018694492, 0.000193095940631, 0.000221382157179, 0.000112741843623, 9.41394100664e-05, 0.000140322023071, 0.000102711703221, 8.46233961056e-05, 5.27779993718e-05, 3.65022497135e-05, 0.000117665949801, 0.000275635393336, 0.000105718827399, 4.70328232041e-05, 6.82093159412e-05, 3.88038242818e-05, 9.178945038e-05, 8.64962494234e-05, 5.52307355974e-05, 7.15424102964e-05, 8.65908587002e-05, 0.000115193950478, 7.47903468437e-05, 5.30343131686e-05, 7.58788373787e-05, 5.500268162e-05, 4.44464567408e-05, 7.29889798095e-05, 7.48722814023e-05, 8.72146847541e-05, 3.53905197699e-05, 3.7114474253e-05, 5.27066295035e-05, 5.02683215018e-05, 5.76525235374e-05, 0.000134682646603, 8.37759871501e-05, 4.15872273152e-05, 4.64703844045e-05, 3.55135853169e-05, 3.47061395587e-05, 4.07525330957e-05, 3.95816314267e-05, 2.90801108349e-05, 3.341606498e-05, 2.14002193388e-05, 1.08264139271e-05, 9.97912775347e-06, 9.86702070804e-06, 7.67643086874e-06, 5.98200858803e-06, 5.52233950657e-06, 5.20082949151e-06, 6.37478206045e-06, 4.87397483084e-06, 4.66933488497e-06, 4.64821278001e-06, 6.12326630289e-06, 4.79071968584e-06, 4.03754347644e-06, 2.98959935208e-06, 2.60762408288e-06, 2.60691263065e-06, 1.96463543034e-06, 2.51236428994e-06, 2.04057414521e-06, 1.65821018072e-06, 1.52979885115e-06, 1.26632437514e-06, 1.28728345317e-06, 1.27425244045e-06, 1.19228650419e-06, 1.14065358048e-06, 8.14439260921e-07, 7.93816639089e-07, 6.03471335126e-07, 4.98203064581e-07, 4.4639014618e-07, 3.86743209901e-07, 2.81067570995e-07, 2.30044904015e-07, 1.47576571408e-07, 9.6776560099e-08, 7.53344266968e-08, 6.32312975313e-08, 3.48887105872e-08, 2.5840703799e-08, 1.8529771495e-08, 1.27298127595e-08, 2.43842368519e-09, 9.15895304043e-10, 1.7405205055e-10, 5.20266607573e-11, 4.82411298408e-11, 1.42784378071e-11, 4.13534918114e-12, 3.82820381298e-12, 3.70602767225e-12, 3.58818313603e-12, 3.4952125829e-12, 3.41688049382e-12, 3.34587587671e-12, 3.26494061821e-12, 3.16819617416e-12, 3.10966768828e-12, 3.08611036032e-12],
        "min": [2.96767609598e-07, 2.63702219172e-07, 1.94074658566e-07, 1.16076677159e-07, 1.22534856928e-07, 1.80027143415e-07, 1.81093440688e-07, 2.63028425707e-07, 2.646410735e-07, 5.97268638103e-07, 2.96245701747e-07, 3.59467122735e-07, 2.5360412792e-07, 2.38380863493e-07, 1.68255709809e-07, 4.96664007699e-08, 9.2576776467e-08, 1.41090680472e-07, 3.85059394148e-07, 1.7283630882e-07, 2.57761001876e-07, 3.56361169906e-07, 1.3582489089e-07, 3.38940935762e-07, 2.76297612345e-07, 2.73458510947e-07, 1.56921686312e-07, 1.31015127636e-07, 1.99736746254e-07, 4.70476919645e-08, 1.21543081377e-07, 9.22117919799e-08, 1.16320180155e-07, 2.16061877722e-07, 2.35020365835e-07, 5.87715476286e-08, 3.21104707268e-08, 2.25138307997e-07, 2.69685955345e-07, 2.09999228673e-07, 8.61072777525e-08, 2.06873622233e-07, 1.39098730756e-07, 1.5763026795e-07, 1.28995310433e-07, 1.53894774257e-07, 3.15227822512e-07, 2.23125553589e-07, 2.48881832476e-07, 2.82871269519e-07, 3.89932012013e-07, 1.46588519101e-07, 1.96101439087e-07, 1.00792803437e-07, 2.70606591357e-07, 1.43528509966e-07, 1.34591971346e-07, 3.54842825345e-07, 1.50363831608e-07, 8.30700628285e-08, 2.54278944567e-07, 1.30220044525e-07, 2.43170603653e-07, 1.77608825425e-07, 6.87196433091e-08, 1.21817109289e-07, 1.58475145895e-07, 1.70493990481e-07, 7.98745816155e-08, 1.04239880727e-07, 7.46076480596e-08, 3.09385228547e-08, 3.86785785622e-08, 1.55101762545e-08, 2.47136124898e-08, 1.87424813447e-08, 2.70912341449e-08, 1.60368429647e-08, 1.52948107512e-08, 2.62467043655e-08, 1.21625438609e-08, 1.04080886132e-08, 1.55963455484e-08, 4.6598387371e-09, 6.3781682158e-09, 7.19571247032e-09, 1.57342707752e-08, 1.18281189287e-08, 5.38016475815e-09, 9.18984710552e-09, 8.45133385496e-09, 4.96240470937e-09, 5.52272050314e-09, 2.25324447989e-09, 9.0762847238e-10, 1.43782541429e-09, 7.72276131933e-10, 7.80868203432e-10, 1.07968234353e-09, 9.44903266742e-10, 1.14076847968e-09, 2.39917669065e-10, 1.61961319356e-10, 5.26371002341e-10, 5.5050503045e-10, 2.82826040365e-10, 5.48299350367e-10, 3.10033693163e-10, 1.70660291454e-10, 2.1848352294e-10, 1.05533680753e-12, 6.18110814268e-13, 1.08240300674e-13, 5.97810443184e-14, 7.13006856248e-14, 7.4502768321e-14, 6.42647827315e-14, 5.76061957467e-14, 5.73990589217e-14, 6.04934396846e-14, 6.40702971905e-14, 5.47240509472e-14, 6.18541201873e-14, 5.5481887937e-14, 4.51346926955e-14, 1.68414375056e-14, 2.7340491355e-15, 7.39018379378e-17],
        "stdev": [2.82932287519e-05, 4.0496193833e-05, 9.67315791058e-05, 0.000201157119591, 0.000235037659877, 0.000223175025894, 0.00026098228409, 0.000429767911555, 0.000527622178197, 0.000411789078498, 0.000334116251906, 0.000349973124685, 0.000226887525059, 0.000428863597335, 0.000411251559854, 0.000358752819011, 0.000382694299333, 0.000128436280647, 0.000168151542312, 0.000391879380913, 0.000570311851334, 0.000341266655596, 0.000464568845928, 0.000643814739306, 0.000620894948952, 0.000339339487255, 0.000269173411652, 0.000363537954399, 0.00032883338281, 0.000269674346782, 0.000135644731927, 7.6978954894e-05, 0.000301865831716, 0.000822878500912, 0.000312313757604, 0.000148655090015, 0.000208676137845, 0.000103612546809, 0.000192031337065, 0.000235286599491, 0.000155409579747, 0.000225295269047, 0.000266029499471, 0.000281403394183, 0.000198538371478, 0.000164916520589, 0.000233605358517, 0.000145114667248, 0.000113275804324, 0.000148818900925, 0.000152019973029, 0.00018140602333, 9.3428643595e-05, 7.75398148107e-05, 8.74699180713e-05, 0.000112167879706, 0.000124216079712, 0.000260601140326, 0.00016423004854, 9.09389564185e-05, 8.03880102467e-05, 5.96448444412e-05, 4.81967581436e-05, 5.62741843169e-05, 7.1644950367e-05, 5.86454843869e-05, 5.06993819727e-05, 3.42751372955e-05, 1.87789610209e-05, 1.56625246746e-05, 1.67982416315e-05, 1.41128202813e-05, 1.06298894025e-05, 9.26616939978e-06, 1.07054420369e-05, 1.20293016153e-05, 9.43765007833e-06, 9.74793692876e-06, 9.279176993e-06, 1.12525212899e-05, 8.39645053929e-06, 6.67329732096e-06, 4.98046438224e-06, 4.19463185608e-06, 4.29643841926e-06, 3.00011197396e-06, 3.88727721656e-06, 3.04573450194e-06, 2.5316051051e-06, 2.64032678388e-06, 2.12139389077e-06, 1.9448364128e-06, 1.8465203766e-06, 2.26483462029e-06, 2.81041684502e-06, 2.33196851696e-06, 2.82597761725e-06, 2.09121958505e-06, 1.24376640542e-06, 1.40621773426e-06, 1.31198532927e-06, 9.88881083686e-07, 5.87784825257e-07, 3.72376263158e-07, 2.52076546303e-07, 1.59743450467e-07, 9.88894015563e-08, 5.07870758781e-08, 3.35307106525e-08, 2.03425614131e-08, 1.35497781883e-08, 6.11416295371e-09, 3.23835469551e-09, 6.14410466948e-10, 1.57691082414e-10, 1.44075390507e-10, 6.35644939462e-11, 5.17569875846e-11, 4.89340547249e-11, 4.69635823286e-11, 4.50201299851e-11, 4.358495162e-11, 4.23110019243e-11, 4.13047963888e-11, 4.05913670731e-11, 3.97970406629e-11, 3.93219033723e-11, 3.90223443836e-11]
    },
    "mfcc": {
        "mean": [-625.727355957, 90.2613372803, -38.6025009155, 18.8969287872, -3.57668423653, -2.08818459511, -9.44443798065, 5.46428918839, -8.65770435333, -0.174731329083, -1.34359312057, -3.01917934418, -5.59133911133],
        "cov": [[1485.70166016, -97.2675476074, -62.2347755432, 38.6043510437, 7.40819740295, -19.3269481659, -37.1815452576, 27.0153255463, -25.2001056671, 62.3429908752, 47.7730522156, 25.0305252075, -69.7289047241], [-97.2675476074, 490.393310547, -236.543457031, -9.60642814636, -9.98401165009, -74.0924224854, 5.05546760559, 26.5877571106, -44.236328125, 15.6281642914, 11.4240541458, -27.7035236359, -14.2351980209], [-62.2347755432, -236.543457031, 430.41192627, 27.5350055695, -0.0457348302007, 98.6908569336, 48.4638328552, -45.928062439, 20.7237510681, -39.3997802734, -6.45415401459, 7.02972602844, -11.5939998627], [38.6043510437, -9.60642814636, 27.5350055695, 178.997177124, 54.2778053284, -32.4476509094, -50.8398704529, -7.759806633, -9.75879383087, -20.4132156372, -4.35884094238, -0.0374172627926, -13.0416879654], [7.40819740295, -9.98401165009, -0.0457348302007, 54.2778053284, 156.392074585, -7.02874088287, -55.6606369019, 15.8915929794, 20.2674655914, -6.01572465897, -15.0392894745, 6.20995664597, 3.10814523697], [-19.3269481659, -74.0924224854, 98.6908569336, -32.4476509094, -7.02874088287, 134.475814819, 60.7087593079, -21.0060310364, 16.6847190857, -7.82555818558, -12.5848608017, 5.98211336136, -8.95214271545], [-37.1815452576, 5.05546760559, 48.4638328552, -50.8398704529, -55.6606369019, 60.7087593079, 140.916152954, 15.3155260086, -2.52552700043, 20.7433013916, 5.7946434021, -7.7832274437, -7.80873680115], [27.0153255463, 26.5877571106, -45.928062439, -7.759806633, 15.8915929794, -21.0060310364, 15.3155260086, 79.397819519, 10.2091283798, 11.7159318924, 8.81838226318, -2.52812814713, -1.78900039196], [-25.2001056671, -44.236328125, 20.7237510681, -9.75879383087, 20.2674655914, 16.6847190857, -2.52552700043, 10.2091283798, 71.6517028809, 19.0482387543, -14.4850463867, 4.73285770416, 4.61994886398], [62.3429908752, 15.6281642914, -39.3997802734, -20.4132156372, -6.01572465897, -7.82555818558, 20.7433013916, 11.7159318924, 19.0482387543, 92.0320892334, 26.4654827118, -4.16843414307, -15.282207489], [47.7730522156, 11.4240541458, -6.45415401459, -4.35884094238, -15.0392894745, -12.5848608017, 5.7946434021, 8.81838226318, -14.4850463867, 26.4654827118, 73.354347229, 14.375333786, -21.5711212158], [25.0305252075, -27.7035236359, 7.02972602844, -0.0374172627926, 6.20995664597, 5.98211336136, -7.7832274437, -2.52812814713, 4.73285770416, -4.16843414307, 14.375333786, 58.8483352661, 23.0064811707], [-69.7289047241, -14.2351980209, -11.5939998627, -13.0416879654, 3.10814523697, -8.95214271545, -7.80873680115, -1.78900039196, 4.61994886398, -15.282207489, -21.5711212158, 23.0064811707, 74.7943496704]],
        "icov": [[0.000807031581644, 0.000319520971971, 0.000186055433005, -0.000117543473607, 9.74115973804e-05, -8.20011482574e-05, 0.000324998516589, -0.000411177228671, 0.000688474334311, -0.000661405967548, 0.000262336427113, -0.000731309410185, 0.000954707094934], [0.000319520971971, 0.0032469057478, 0.00173511193134, -2.08559558814e-05, -0.000392310990719, 0.000991350621916, -0.00116471934598, 0.000222680027946, 0.00125928164925, 0.000202651150175, -4.1193634388e-05, 0.000516519125085, 0.00099271943327], [0.000186055433005, 0.00173511193134, 0.00425143307075, -0.000934590003453, -0.000441432755906, -0.00105824402999, -0.00193265464623, 0.00191276916303, -0.00103406293783, 0.00196752208285, -0.00121521402616, 0.000450939725852, 0.000712109438609], [-0.000117543473607, -2.08559558814e-05, -0.000934590003453, 0.0074885901995, -0.00225042691454, 0.00215140893124, 0.0010315066902, 0.000709659187123, 0.00115305150393, 0.000890958646778, 0.000846540438943, -0.000714224355761, 0.00209768861532], [9.74115973804e-05, -0.000392310990719, -0.000441432755906, -0.00225042691454, 0.00928935781121, -0.00222464744002, 0.00441956939176, -0.00359357567504, -0.00110113970004, -0.00114640838001, 0.00176852173172, -0.000881828949787, -0.000106437270006], [-8.20011482574e-05, 0.000991350621916, -0.00105824402999, 0.00215140893124, -0.00222464744002, 0.0138558223844, -0.00666705751792, 0.0044328677468, -0.00249113980681, 0.00224823923782, 0.00214590341784, -0.00279880524613, 0.00357718300074], [0.000324998516589, -0.00116471934598, -0.00193265464623, 0.0010315066902, 0.00441956939176, -0.00666705751792, 0.0141903627664, -0.00598306208849, 0.00310544366948, -0.00435565784574, 0.00102425273508, 0.000853194796946, -0.000730464642402], [-0.000411177228671, 0.000222680027946, 0.00191276916303, 0.000709659187123, -0.00359357567504, 0.0044328677468, -0.00598306208849, 0.0175039451569, -0.0045401849784, 0.00238725962117, -0.00315421144478, 0.0012329769088, 3.24872344208e-05], [0.000688474334311, 0.00125928164925, -0.00103406293783, 0.00115305150393, -0.00110113970004, -0.00249113980681, 0.00310544366948, -0.0045401849784, 0.0205322429538, -0.00740524334833, 0.00661810813472, -0.00316930236295, 0.000987752340734], [-0.000661405967548, 0.000202651150175, 0.00196752208285, 0.000890958646778, -0.00114640838001, 0.00224823923782, -0.00435565784574, 0.00238725962117, -0.00740524334833, 0.0169314518571, -0.00702519109473, 0.00274010631256, 0.00084933481412], [0.000262336427113, -4.1193634388e-05, -0.00121521402616, 0.000846540438943, 0.00176852173172, 0.00214590341784, 0.00102425273508, -0.00315421144478, 0.00661810813472, -0.00702519109473, 0.0227051265538, -0.0101915132254, 0.0082497689873], [-0.000731309410185, 0.000516519125085, 0.000450939725852, -0.000714224355761, -0.000881828949787, -0.00279880524613, 0.000853194796946, 0.0012329769088, -0.00316930236295, 0.00274010631256, -0.0101915132254, 0.0251755230129, -0.0107454527169], [0.000954707094934, 0.00099271943327, 0.000712109438609, 0.00209768861532, -0.000106437270006, 0.00357718300074, -0.000730464642402, 3.24872344208e-05, 0.000987752340734, 0.00084933481412, 0.0082497689873, -0.0107454527169, 0.0210792981088]]
    },
    "spectral_contrast_coeffs": {
        "max": [-0.4789275527, -0.512010216713, -0.540476918221, -0.617008090019, -0.569558143616, -0.583366632462],
        "mean": [-0.689857065678, -0.762259304523, -0.74549883604, -0.753844976425, -0.728215694427, -0.715839505196],
        "min": [-0.880018055439, -0.968463003635, -0.916745185852, -0.880408525467, -0.868029534817, -0.842990756035],
        "stdev": [0.0637994036078, 0.0671167299151, 0.0678548514843, 0.0522137843072, 0.0558831468225, 0.0350827164948]
    },
    "spectral_contrast_valleys": {
        "max": [-5.70144939423, -4.92518568039, -5.56043767929, -5.62418746948, -5.85526037216, -8.12758541107],
        "mean": [-7.66431045532, -6.85792732239, -7.42488145828, -7.31527757645, -7.29174566269, -10.4182262421],
        "min": [-9.52914047241, -8.48879623413, -8.90284252167, -8.77469158173, -8.63938617706, -11.7389392853],
        "stdev": [0.641257286072, 0.506595790386, 0.507765769958, 0.496407419443, 0.554999113083, 0.711543381214]
    }
},
"rhythm": {
    "beats_count": 72,
    "beats_loudness": {
        "max": 0.0626101344824,
        "mean": 0.0273776724935,
        "min": 0.00950086582452,
        "stdev": 0.0097271790728
    },
    "bpm": 134.953826904,
    "bpm_histogram_first_peak_bpm": 136,
    "bpm_histogram_first_peak_weight": 0.424242377281,
    "bpm_histogram_second_peak_bpm": 129,
    "bpm_histogram_second_peak_spread": 0,
    "bpm_histogram_second_peak_weight": 0.0563380271196,
    "danceability": 2.29977989197,
    "onset_rate": 3.53759741783,
    "beats_loudness_band_ratio": {
        "max": [0.328906148672, 0.441482305527, 0.449303627014, 0.63572794199, 0.717741668224, 0.412183105946],
        "mean": [0.083766952157, 0.103093065321, 0.205095559359, 0.230072155595, 0.31695625186, 0.111836910248],
        "min": [0.00921698287129, 0.00595059944317, 0.048588488251, 0.0305734183639, 0.0421345122159, 0.0287042316049],
        "stdev": [0.0707530677319, 0.0995518565178, 0.101323656738, 0.16146504879, 0.149946078658, 0.0659489706159]
    },
    "beats_position": [0.510838985443, 1.02167797089, 1.46285712719, 1.90403628349, 2.34521532059, 2.7863945961, 3.21596360207, 3.64553284645, 4.08671188354, 4.52789115906, 4.96907043457, 5.41024923325, 5.85142850876, 6.29260778427, 6.74539661407, 7.19818592072, 7.63936471939, 8.08054447174, 8.53333282471, 8.98612213135, 9.45052146912, 9.89170074463, 10.3328800201, 10.774058342, 11.2268476486, 11.6796369553, 12.1208162308, 12.5619955063, 13.0147848129, 13.4675731659, 13.9087524414, 14.3499317169, 14.7911109924, 15.2555103302, 15.696688652, 16.1378688812, 16.5790481567, 17.031835556, 17.4730148315, 17.9258041382, 18.3669834137, 18.7965526581, 19.2261219025, 19.6905212402, 20.1317005157, 20.5844898224, 21.037279129, 21.4784584045, 21.9196376801, 22.3608150482, 22.8136043549, 23.2663936615, 23.707572937, 24.1487522125, 24.589931488, 25.0427207947, 25.4955101013, 25.948299408, 26.3894786835, 26.8422679901, 27.2834453583, 27.7246246338, 28.1658039093, 28.6069831848, 29.0597724915, 29.5125617981, 29.9537410736, 30.4065303802, 30.8593196869, 31.3121089935, 31.7648983002, 32.2292976379],
