{
"metadata": {
    "version": {
        "essentia": "2.1-beta5",
        "essentia_git_sha": "Undefined",
        "extractor": "music 2.0"
    },
    "audio_properties": {
        "analysis": {
            "equal_loudness": 0,
            "length": 12.7477550507,
            "sample_rate": 44100,
            "start_time": 0,
            "downmix": "mix"
        },
        "bit_rate": 192000,
        "length": 206.634399414,
        "lossless": 0,
        "number_channels": 2,
        "replay_gain": 0.3961353302,
        "sample_rate": 48000,
        "codec": "mp3",
        "md5_encoded": "58c9589d61cb8a833bc40416daada47d"
    },
    "tags": {
        "file_name": "Sweden_Fångad I En Dröm_Björn Skifs.mp3",
        "encoding": ["Lavf58.29.100"]
    }
},
"lowlevel": {
    "average_loudness": 0.692759752274,
    "barkbands_crest": {
        "max": 23.8129482269,
        "mean": 13.1726894379,
        "min": 3.08072900772,
        "stdev": 5.37075185776
    },
    "barkbands_flatness_db": {
        "max": 0.349792778492,
        "mean": 0.162802487612,
        "min": 0.0685850530863,
        "stdev": 0.048990868032
    },
    "barkbands_kurtosis": {
        "max": 74.4221038818,
        "mean": 8.43441963196,
        "min": -1.81899726391,
        "stdev": 11.7406024933
    },
    "barkbands_skewness": {
        "max": 8.00706386566,
        "mean": 2.11793661118,
        "min": -1.76249480247,
        "stdev": 1.89370441437
    },
    "barkbands_spread": {
        "max": 87.9365310669,
        "mean": 24.1996326447,
        "min": 1.82779669762,
        "stdev": 15.8055391312
    },
    "dissonance": {
        "max": 0.5,
        "mean": 0.476954579353,
        "min": 0.299594610929,
        "stdev": 0.0214002095163
    },
    "dynamic_complexity": 12.7417383194,
    "erbbands_crest": {
        "max": 28.0132236481,
        "mean": 7.63140201569,
        "min": 2.05605816841,
        "stdev": 4.66684579849
    },
    "erbbands_flatness_db": {
        "max": 0.30926707387,
        "mean": 0.155961304903,
        "min": 0.0677691027522,
        "stdev": 0.0542214214802
    },
    "erbbands_kurtosis": {
        "max": 22.6450023651,
        "mean": 0.674177229404,
        "min": -1.72202134132,
        "stdev": 2.48398256302
    },
    "erbbands_skewness": {
        "max": 2.87234067917,
        "mean": -0.233991011977,
        "min": -3.29603552818,
        "stdev": 0.786494493484
    },
    "erbbands_spread": {
        "max": 93.1659851074,
        "mean": 42.0644073486,
        "min": 4.76754665375,
        "stdev": 21.8949966431
    },
    "hfc": {
        "max": 114.000061035,
        "mean": 14.7924566269,
        "min": 1.16617722703e-16,
        "stdev": 20.5861034393
    },
    "loudness_ebu128": {
        "integrated": -23.881357193,
        "loudness_range": 20.9888343811,
        "momentary": {
            "max": -21.291311264,
            "mean": -34.1706504822,
            "min": -53.7087097168,
            "stdev": 12.2266378403
        },
        "short_term": {
            "max": -22.4614620209,
            "mean": -30.4278430939,
            "min": -44.8688354492,
            "stdev": 8.47540569305
        }
    },
    "melbands_crest": {
        "max": 33.2859611511,
        "mean": 19.2674102783,
        "min": 1.86161446571,
        "stdev": 6.99926137924
    },
    "melbands_flatness_db": {
        "max": 0.462536334991,
        "mean": 0.223017156124,
        "min": 0.00639845337719,
        "stdev": 0.0739187970757
    },
    "melbands_kurtosis": {
        "max": 213.377029419,
        "mean": 29.6529750824,
        "min": -1.48242819309,
        "stdev": 34.9458045959
    },
    "melbands_skewness": {
        "max": 11.9255218506,
        "mean": 3.92942380905,
        "min": -0.380357682705,
        "stdev": 2.72594380379
    },
    "melbands_spread": {
        "max": 142.178863525,
        "mean": 25.5283412933,
        "min": 1.37591695786,
        "stdev": 23.5360031128
    },
    "pitch_salience": {
        "max": 0.828713297844,
        "mean": 0.43604272604,
        "min": 0.146705016494,
        "stdev": 0.133707016706
    },
    "silence_rate_20dB": {
        "max": 1,
        "mean": 1,
        "min": 1,
        "stdev": 0
    },
    "silence_rate_30dB": {
        "max": 1,
        "mean": 0.985454559326,
        "min": 0,
        "stdev": 0.119724355638
    },
    "silence_rate_60dB": {
        "max": 1,
        "mean": 0.425454556942,
        "min": 0,
        "stdev": 0.494413405657
    },
    "spectral_centroid": {
        "max": 10901.3671875,
        "mean": 1655.19726562,
        "min": 262.865264893,
        "stdev": 803.64666748
    },
    "spectral_complexity": {
        "max": 51,
        "mean": 13.3290910721,
        "min": 0,
        "stdev": 14.169834137
    },
    "spectral_decrease": {
        "max": -3.35321074649e-29,
        "mean": -4.21444967813e-09,
        "min": -5.29184660536e-08,
        "stdev": 6.33244834347e-09
    },
    "spectral_energy": {
        "max": 0.202548801899,
        "mean": 0.0172480102628,
        "min": 1.07041307167e-20,
        "stdev": 0.0252926871181
    },
    "spectral_energyband_high": {
        "max": 0.00858937390149,
        "mean": 0.000502934271935,
        "min": 7.677126273e-21,
        "stdev": 0.000907550798729
    },
    "spectral_energyband_low": {
        "max": 0.190284729004,
        "mean": 0.00934671517462,
        "min": 3.59341351566e-23,
        "stdev": 0.0187494494021
    },
    "spectral_energyband_middle_high": {
        "max": 0.043120905757,
        "mean": 0.00529943965375,
        "min": 1.77273751584e-21,
        "stdev": 0.00737879239023
    },
    "spectral_energyband_middle_low": {
        "max": 0.0152507862076,
        "mean": 0.00258282758296,
        "min": 2.74121970153e-22,
        "stdev": 0.0034330917988
    },
    "spectral_entropy": {
        "max": 9.79050731659,
        "mean": 7.63908720016,
        "min": 6.46171665192,
        "stdev": 0.410601377487
    },
    "spectral_flux": {
        "max": 0.318320840597,
        "mean": 0.0475015304983,
        "min": 1.03460767731e-10,
        "stdev": 0.053955886513
    },
    "spectral_kurtosis": {
        "max": 19.2595119476,
        "mean": 3.8451499939,
        "min": -1.16419386864,
        "stdev": 2.88190436363
    },
    "spectral_rms": {
        "max": 0.0140573326498,
        "mean": 0.00304663972929,
        "min": 3.23157147743e-12,
        "stdev": 0.00274687376805
    },
    "spectral_rolloff": {
        "max": 18453.9550781,
        "mean": 1249.39538574,
        "min": 64.599609375,
        "stdev": 1401.17553711
    },
    "spectral_skewness": {
        "max": 3.02736568451,
        "mean": 1.3198621273,
        "min": 0.0211123451591,
        "stdev": 0.422431915998
    },
    "spectral_spread": {
        "max": 39375084,
        "mean": 4229368,
        "min": 1898374.375,
        "stdev": 2102933.25
    },
    "spectral_strongpeak": {
        "max": 8.52711582184,
        "mean": 0.461818575859,
        "min": 0,
        "stdev": 1.10279357433
    },
    "zerocrossingrate": {
        "max": 0.51953125,
        "mean": 0.0520223714411,
        "min": 0.00390625,
        "stdev": 0.0336118414998
    },
    "barkbands": {
        "max": [0.00024673435837, 0.155683249235, 0.0334246307611, 0.00743008125573, 0.00606416445225, 0.00811830442399, 0.00430023018271, 0.00501537136734, 0.00448023807257, 0.00940560363233, 0.00441415701061, 0.00648314971477, 0.00376417278312, 0.00980420783162, 0.0071434318088, 0.0230411104858, 0.0147754978389, 0.00562982540578, 0.00953110586852, 0.00560171343386, 0.00241389661096, 0.00260848901235, 0.000918274570722, 0.000347906927345, 0.000189597893041, 1.76579214894e-05, 1.33544699565e-06],
        "mean": [1.74998840521e-05, 0.00714595103636, 0.00201591942459, 0.000484126096126, 0.000363755127182, 0.000539950386155, 0.000339885882568, 0.000220286427066, 0.000186180695891, 0.000676927855238, 0.000272707140539, 0.000606339250226, 0.000279867526842, 0.000568426446989, 0.000394181406591, 0.00080981280189, 0.000746622914448, 0.000431878579548, 0.00058300019009, 0.000208274301258, 0.000124945814605, 0.000134957939736, 5.78169128858e-05, 2.7220165066e-05, 1.07715768536e-05, 7.22026584299e-07, 3.08955194761e-09],
        "min": [3.05791012074e-23, 6.08137131684e-24, 9.16917248168e-24, 2.07115840873e-23, 8.56411380079e-23, 2.89673069167e-23, 2.07219844295e-23, 5.08463041696e-23, 6.08596217176e-23, 4.27396476523e-23, 7.07328533461e-23, 1.47762356572e-22, 1.23267468159e-22, 1.08802889357e-22, 1.81914152021e-22, 1.92306353151e-22, 3.05641494533e-22, 1.95614381404e-22, 2.44363284287e-22, 3.35105032825e-22, 4.42115516609e-22, 3.16495589501e-22, 4.90411323032e-22, 1.11576102733e-21, 1.30880369693e-21, 1.8188382947e-21, 2.26214530682e-21],
        "stdev": [3.12400225084e-05, 0.0153896827251, 0.00386657426134, 0.000901367864572, 0.000718691677321, 0.000972983834799, 0.000657456344925, 0.000552157522179, 0.000525710114744, 0.00136312050745, 0.000536398845725, 0.00116040126886, 0.000520484813023, 0.00124046660494, 0.000854738464113, 0.00174685800448, 0.00156403682195, 0.000805720395874, 0.00113731133752, 0.000445828249212, 0.000243405724177, 0.000293487712042, 0.000111817076686, 5.0165635912e-05, 2.2780854124e-05, 1.84212990462e-06, 5.68775426757e-08]
    },
    "erbbands": {
        "max": [1.67404615879, 42.9836006165, 69.8112640381, 17.9415493011, 24.7220172882, 13.3794736862, 13.975060463, 76.2652893066, 96.0986099243, 96.8622283936, 74.7798614502, 109.058860779, 332.206756592, 81.6080780029, 266.858123779, 330.69720459, 158.523132324, 566.188781738, 372.013031006, 577.92199707, 885.630615234, 560.094848633, 375.529327393, 684.67401123, 210.535873413, 173.370849609, 150.510848999, 53.8810691833, 125.735534668, 61.6129226685, 26.4988021851, 12.487288475, 5.41060876846, 2.87022519112, 0.676691055298, 0.154874801636, 0.00936559773982, 0.000823411159217, 0.000194462729269, 0.000220967660425],
        "mean": [0.0726290717721, 1.9714089632, 3.65692949295, 1.32844793797, 1.92789578438, 0.832997322083, 1.39569818974, 5.15524291992, 7.17245483398, 3.91420269012, 3.22310209274, 5.19752645493, 23.7340927124, 8.80349254608, 15.1531305313, 27.0456600189, 15.3604259491, 26.7727985382, 17.7613639832, 38.6510391235, 44.1081161499, 36.6522750854, 28.9343204498, 34.6395950317, 15.2249555588, 8.72758388519, 8.47778606415, 4.63476037979, 4.76221656799, 3.44061946869, 1.35299265385, 0.667293667793, 0.401254057884, 0.179736971855, 0.0395068451762, 0.00830694194883, 0.000486705510411, 2.14128194784e-05, 1.2101615539e-05, 2.13182102016e-05],
        "min": [3.48307686614e-22, 1.28732668742e-21, 1.16714223157e-20, 3.74506183892e-20, 6.76639686429e-20, 4.40036821423e-19, 3.08457175535e-19, 2.99067460661e-19, 1.38124802958e-19, 8.17320826447e-19, 1.03472457094e-18, 1.49980707714e-18, 1.10600024278e-18, 2.60420651865e-18, 3.25451482313e-18, 6.79667425965e-18, 5.58371315301e-18, 4.28853484298e-18, 7.14454837498e-18, 1.15168125075e-17, 1.1306067567e-17, 1.66069014941e-17, 1.29396657315e-17, 8.48989477557e-18, 1.59353300984e-17, 1.60651196996e-17, 2.02547100928e-17, 1.28523874235e-17, 1.31803653636e-17, 1.08443601644e-17, 1.5731469782e-17, 1.81366496143e-17, 2.01826709333e-17, 1.35087602027e-17, 1.00007873137e-17, 6.6498633494e-18, 3.60360158524e-18, 1.15936941892e-18, 3.24746662393e-19, 3.28289018129e-20],
        "stdev": [0.178232192993, 4.21005296707, 7.05650377274, 2.32203555107, 3.60738182068, 1.60702693462, 2.26402711868, 10.1361398697, 14.50735569, 9.71767139435, 7.15585136414, 13.1183815002, 48.7657012939, 12.2142000198, 31.9128093719, 54.4168128967, 24.4113464355, 64.1718063354, 34.2174301147, 75.3779754639, 83.9849472046, 68.4586181641, 53.4579467773, 72.8147735596, 28.8892345428, 16.8138198853, 17.6621818542, 7.88100624084, 11.9713430405, 6.99653625488, 2.91916942596, 1.33055377007, 0.764072537422, 0.388434112072, 0.0843999683857, 0.0195700675249, 0.00110326695722, 5.06667201989e-05, 1.77598467417e-05, 3.00835145026e-05]
    },
    "gfcc": {
        "mean": [-142.708099365, 106.639701843, -129.424850464, 63.0684242249, -46.4310035706, 30.842748642, -31.6325435638, 14.2494592667, -15.3246984482, -0.382868170738, -3.03349900246, -4.39516353607, -0.490069359541],
        "cov": [[28117.046875, 744.778259277, -5398.79980469, 494.808685303, 412.022705078, -355.953369141, 724.867675781, -563.166809082, 638.017822266, -1021.93133545, 150.661514282, -94.9998397827, 222.955307007], [744.778259277, 970.125793457, -101.055778503, -253.874282837, 262.057342529, -262.655303955, 63.2192764282, -178.119918823, 58.7490119934, -95.004447937, 121.636116028, -93.9183349609, 50.2612609863], [-5398.79980469, -101.055778503, 1271.47717285, -61.5161094666, -87.2743530273, 91.1165771484, -173.840026855, 117.575248718, -141.090957642, 207.914093018, -34.8841018677, 38.4486351013, -49.5389556885], [494.808685303, -253.874282837, -61.5161094666, 267.969085693, 15.1786899567, 65.1529693604, -1.49281108379, 10.8465776443, 25.6511287689, -9.30400943756, -28.5583610535, 20.6280994415, 22.6027393341], [412.022705078, 262.057342529, -87.2743530273, 15.1786899567, 265.637908936, -43.5918960571, 53.832069397, -91.4509811401, 40.4533119202, -39.9822998047, 44.0843238831, -21.5159072876, 45.4661712646], [-355.953369141, -262.655303955, 91.1165771484, 65.1529693604, -43.5918960571, 207.144348145, 31.9118385315, 57.2941055298, -30.2586727142, 17.1374530792, -42.3767318726, 22.382724762, -7.74694681168], [724.867675781, 63.2192764282, -173.840026855, -1.49281108379, 53.832069397, 31.9118385315, 155.569671631, 13.9777441025, 30.7170314789, -73.0625228882, -7.42641210556, -15.8347816467, 21.0837612152], [-563.166809082, -178.119918823, 117.575248718, 10.8465776443, -91.4509811401, 57.2941055298, 13.9777441025, 128.727371216, -12.3605585098, 20.9728488922, -49.1462783813, 4.54904174805, -19.1157360077], [638.017822266, 58.7490119934, -141.090957642, 25.6511287689, 40.4533119202, -30.2586727142, 30.7170314789, -12.3605585098, 89.9854125977, -10.026968956, 4.42592668533, -10.6031703949, 17.1028594971], [-1021.93133545, -95.004447937, 207.914093018, -9.30400943756, -39.9822998047, 17.1374530792, -73.0625228882, 20.9728488922, -10.026968956, 108.019889832, 1.43978536129, 12.2359161377, -23.3128471375], [150.661514282, 121.636116028, -34.8841018677, -28.5583610535, 44.0843238831, -42.3767318726, -7.42641210556, -49.1462783813, 4.42592668533, 1.43978536129, 71.2237548828, 0.103717021644, 10.7054653168], [-94.9998397827, -93.9183349609, 38.4486351013, 20.6280994415, -21.5159072876, 22.382724762, -15.8347816467, 4.54904174805, -10.6031703949, 12.2359161377, 0.103717021644, 60.319858551, 8.32586193085], [222.955307007, 50.2612609863, -49.5389556885, 22.6027393341, 45.4661712646, -7.74694681168, 21.0837612152, -19.1157360077, 17.1028594971, -23.3128471375, 10.7054653168, 8.32586193085, 55.3348312378]],
        "icov": [[0.000276216800557, -0.000570427277125, 0.0011768382974, -0.000622697814833, 0.000248316617217, -0.000438122311607, 0.000346837361576, -0.000192000443349, -0.000130591273773, 0.000428561237641, 0.000120796859846, -0.000822493981104, 0.000570575124584], [-0.000570427277125, 0.00671954965219, -0.00393139664084, 0.00527186552063, -0.00256509776227, 0.00422088243067, -0.00171800632961, 0.00382265518419, -0.00248739845119, 0.00346967158839, -0.00300553278066, 0.00631685415283, -0.00294277910143], [0.0011768382974, -0.00393139664084, 0.00705782976002, -0.00340737262741, 0.000769265927374, -0.00285989162512, 0.00247739232145, -0.00317200087011, 0.00235114921816, -0.00192013499327, 0.0017568418989, -0.00489776069298, 0.0023288091179], [-0.000622697814833, 0.00527186552063, -0.00340737262741, 0.00924709346145, -0.00283081573434, 0.00136505207047, 0.00063314527506, 0.00238461350091, -0.00353446276858, 0.00314763351344, -0.000608763308264, 0.00401099631563, -0.00407476443797], [0.000248316617217, -0.00256509776227, 0.000769265927374, -0.00283081573434, 0.00795497745275, -0.00125103164464, -0.00224568019621, 0.00331457331777, -0.000675272371154, -0.00103313813452, -0.000203309798962, -0.000340766535373, -0.00167226325721], [-0.000438122311607, 0.00422088243067, -0.00285989162512, 0.00136505207047, -0.00125103164464, 0.0105730518699, -0.00526951951906, 0.00175827019848, 0.0020410856232, -0.00129818590358, 0.000748319202103, 0.00221057725139, -0.00171833171044], [0.000346837361576, -0.00171800632961, 0.00247739232145, 0.00063314527506, -0.00224568019621, -0.00526951951906, 0.0151147423312, -0.00590493297204, -0.00354014430195, 0.00822948105633, -0.00055177178001, -0.000675243965816, 0.00020044822304], [-0.000192000443349, 0.00382265518419, -0.00317200087011, 0.00238461350091, 0.00331457331777, 0.00175827019848, -0.00590493297204, 0.0182832926512, -0.00269153993577, 0.00028167234268, 0.00457637244835, 0.00405229441822, -0.000968191481661], [-0.000130591273773, -0.00248739845119, 0.00235114921816, -0.00353446276858, -0.000675272371154, 0.0020410856232, -0.00354014430195, -0.00269153993577, 0.0195033829659, -0.00954205170274, 0.00309775210917, -0.000319605809636, -0.00300564873032], [0.000428561237641, 0.00346967158839, -0.00192013499327, 0.00314763351344, -0.00103313813452, -0.00129818590358, 0.00822948105633, 0.00028167234268, -0.00954205170274, 0.0257478617132, -0.0062114149332, 0.000952348927967, 0.00460116006434], [0.000120796859846, -0.00300553278066, 0.0017568418989, -0.000608763308264, -0.000203309798962, 0.000748319202103, -0.00055177178001, 0.00457637244835, 0.00309775210917, -0.0062114149332, 0.0233425088227, -0.00429512420669, -0.00131637777667], [-0.000822493981104, 0.00631685415283, -0.00489776069298, 0.00401099631563, -0.000340766535373, 0.00221057725139, -0.000675243965816, 0.00405229441822, -0.000319605809636, 0.000952348927967, -0.00429512420669, 0.0264226775616, -0.00884483382106], [0.000570575124584, -0.00294277910143, 0.0023288091179, -0.00407476443797, -0.00167226325721, -0.00171833171044, 0.00020044822304, -0.000968191481661, -0.00300564873032, 0.00460116006434, -0.00131637777667, -0.00884483382106, 0.02737069875]]
    },
    "melbands": {
        "max": [0.0295770280063, 0.0451847575605, 0.00302586168982, 0.00147012004163, 0.000431080872659, 0.00181683944538, 0.00126236549113, 0.000994322821498, 0.000550077471416, 0.000793650571723, 0.00169581081718, 0.000368510081898, 0.000662915001158, 0.000729725172278, 0.00106927833986, 0.000736124522518, 0.000957862648647, 0.000533643644303, 0.000461171148345, 0.00194446009118, 0.000696550880093, 0.000877995043993, 0.000329570873873, 0.000227802273002, 0.000720395240933, 0.000234438470216, 8.29735872685e-05, 0.000170604020241, 0.000173784719664, 5.86667010793e-05, 3.95780589315e-05, 8.84067267179e-05, 4.42405762442e-05, 3.10838004225e-05, 2.05115829885e-05, 1.28797728394e-05, 8.48981653689e-06, 4.65621542389e-06, 8.46297189128e-06, 1.81309746949e-06],
        "mean": [0.00135095452424, 0.00222612521611, 0.000274316262221, 9.36511423788e-05, 4.38823881268e-05, 0.000123207151773, 9.64118080446e-05, 4.56825255242e-05, 2.18145087274e-05, 3.42944113072e-05, 0.000120623546536, 3.4254109778e-05, 3.89494744013e-05, 6.56430856907e-05, 5.08864795847e-05, 3.34394790116e-05, 5.26798648934e-05, 3.04633722408e-05, 3.02133848891e-05, 6.66178457323e-05, 5.20218927704e-05, 4.36517984781e-05, 2.74919420917e-05, 1.86423476407e-05, 3.16521509376e-05, 1.34818956212e-05, 5.68459063288e-06, 6.00026851316e-06, 7.35996445655e-06, 2.21818208956e-06, 2.87638408736e-06, 3.08430412588e-06, 1.85931992291e-06, 1.7781301267e-06, 7.81199844369e-07, 5.35729668627e-07, 3.7438908862e-07, 2.89625006644e-07, 2.69413078513e-07, 1.10033603562e-07],
        "min": [3.87980883622e-24, 4.35200835231e-24, 7.3072177762e-24, 1.54915841924e-23, 1.53939942098e-23, 5.94199497767e-24, 2.62045255167e-24, 1.04882922768e-23, 7.55208966751e-24, 9.76135064171e-24, 5.29921967362e-24, 1.01561550144e-23, 9.03019964487e-24, 1.47781525892e-23, 1.81864876614e-23, 9.4713077861e-24, 8.11524721256e-24, 1.15322258337e-23, 1.36950686545e-23, 1.50486640377e-23, 1.23091015751e-23, 1.54125766173e-23, 1.905549999e-23, 7.8839681835e-24, 5.95015337715e-24, 1.14862439204e-23, 1.12704620638e-23, 9.96312863949e-24, 1.7092007842e-23, 5.10257282159e-24, 8.03940218083e-24, 7.15627555287e-24, 6.50458257071e-24, 6.2746536771e-24, 9.16295389117e-24, 9.43895028949e-24, 1.18603580492e-23, 1.41291220126e-23, 1.19228784314e-23, 1.13238939795e-23],
        "stdev": [0.00305573455989, 0.00438985368237, 0.000450654973974, 0.000177949405042, 7.08784064045e-05, 0.000231958125369, 0.000193718078663, 0.000119161093608, 4.81527313241e-05, 9.30514579522e-05, 0.000248297845246, 5.17087828484e-05, 8.06529860711e-05, 0.000119639917102, 9.97123424895e-05, 8.09890843811e-05, 0.000126331302454, 5.66615890421e-05, 6.14575910731e-05, 0.000146655642311, 0.00010085615213, 9.23307961784e-05, 5.04315721628e-05, 3.3370739402e-05, 7.2455877671e-05, 2.84508678305e-05, 1.14321792353e-05, 1.31936612888e-05, 1.68953229149e-05, 4.85125792693e-06, 5.25628456671e-06, 8.0018362496e-06, 4.48680521004e-06, 3.59168279829e-06, 1.9815079213e-06, 1.26457325678e-06, 7.66646337524e-07, 5.83348423788e-07, 6.63778791932e-07, 2.60351498582e-07]
    },
    "melbands128": {
        "max": [0.000199044341571, 0.00435292115435, 0.0400455035269, 0.0892943292856, 0.0546526014805, 0.0100753046572, 0.00359705090523, 0.00434375647455, 0.00341576174833, 0.00176419492345, 0.000685961043928, 0.000658761360683, 0.000618302903604, 0.00108147971332, 0.00258114165626, 0.00390633568168, 0.00307645020075, 0.000826497736853, 0.00061177398311, 0.00174822390545, 0.00168182107154, 0.000847085262649, 0.000558656640351, 0.000338932819432, 0.000546169409063, 0.00178051076364, 0.000680434692185, 0.00323659367859, 0.00132171460427, 0.00061855732929, 0.000264680362307, 0.000228624718147, 0.000365063460777, 0.00207025674172, 0.000890867202543, 0.000763901858591, 0.00183043151628, 0.00225238758139, 0.000385665014619, 0.000324740220094, 0.00102851225529, 0.00315131084062, 0.00103278202005, 0.00208047241904, 0.000667979475111, 0.00072298233863, 0.000967318017501, 0.000431653083069, 0.000622960214969, 0.00185693090316, 0.00281207985245, 0.00343936285935, 0.000770926184487, 0.000579355168156, 0.00327833881602, 0.000434637477156, 0.000401348574087, 0.000538246473297, 0.000687959196512, 0.000837312894873, 0.000284384732367, 0.000164742872585, 0.000724401907064, 0.00141074764542, 0.000353333249222, 0.000298579019727, 0.000273728073807, 0.000168796454091, 0.000116796749353, 0.00010503683734, 9.14116681088e-05, 0.000353712151991, 0.000499208283145, 0.00021914167155, 9.79437900241e-05, 6.97126306477e-05, 8.6012063548e-05, 4.58722788608e-05, 7.4850198871e-05, 8.2881655544e-05, 8.2344362454e-05, 0.000211357415537, 5.46830524399e-05, 6.42370432615e-05, 6.13832235103e-05, 6.87425563228e-05, 2.93927041639e-05, 5.23365415575e-05, 3.75950949092e-05, 1.92354291357e-05, 2.30717814702e-05, 1.21154398585e-05, 1.30332691697e-05, 1.56296955538e-05, 8.74309716892e-06, 1.339782375e-05, 4.83322037326e-06, 5.1164602155e-06, 1.95406428247e-05, 5.7570368881e-06, 4.98091685586e-06, 2.6014197374e-06, 2.26876636589e-06, 6.93366530413e-07, 9.75360535449e-07, 2.33574724007e-06, 9.72345901573e-07, 6.9346390319e-07, 8.13183419268e-07, 3.14731863682e-07, 1.10750505655e-07, 6.7428949535e-08, 7.21063031506e-09, 6.93705670685e-09, 6.75240263703e-09, 6.58674270682e-09, 6.38147090726e-09, 6.21828144531e-09, 6.06125460934e-09, 5.9064895197e-09, 5.74983216595e-09, 5.62498003731e-09, 5.52288970113e-09, 5.46655298805e-09, 5.43239675466e-09, 5.32925881203e-09, 5.27912691339e-09, 5.25065146917e-09],
        "mean": [1.30470689328e-05, 0.000150791063788, 0.00163647462614, 0.00411578081548, 0.0027180260513, 0.000691817433108, 0.000189776939806, 0.00028267968446, 0.000208093304536, 6.44799583824e-05, 3.40357437381e-05, 3.47537425114e-05, 4.45145160484e-05, 5.45854964003e-05, 9.48424858507e-05, 0.000175773748197, 0.000200056587346, 4.89178601129e-05, 2.03876170417e-05, 3.93065420212e-05, 6.95123526384e-05, 3.47419336322e-05, 1.39588200909e-05, 8.35587070469e-06, 2.02533574338e-05, 5.32743215444e-05, 4.88126497658e-05, 0.000208897574339, 9.1633075499e-05, 2.27376167459e-05, 2.93802368105e-05, 1.89769998542e-05, 1.92275529116e-05, 8.43496818561e-05, 3.99280179408e-05, 5.44711256225e-05, 0.000120914482977, 3.48374196619e-05, 2.83047793346e-05, 2.81908196484e-05, 3.03055658151e-05, 4.98587833135e-05, 4.05444661737e-05, 7.86840682849e-05, 3.39729704137e-05, 2.34580420511e-05, 1.87897840078e-05, 1.45656094901e-05, 3.39551297657e-05, 7.75069711381e-05, 7.00971067999e-05, 6.9232097303e-05, 3.24962275045e-05, 3.69418012269e-05, 0.000101710247691, 2.61142231466e-05, 2.43779613811e-05, 2.13331204577e-05, 3.17251360684e-05, 3.74925693905e-05, 9.96975541057e-06, 8.99993210624e-06, 3.76309835701e-05, 4.15049289586e-05, 1.27146613522e-05, 1.60743511515e-05, 1.12020925371e-05, 6.96831784808e-06, 3.98804786528e-06, 4.35518995801e-06, 3.87622503695e-06, 7.39687357054e-06, 1.28321416923e-05, 6.46657554171e-06, 2.57050692198e-06, 2.01826583179e-06, 2.29004467656e-06, 1.96192945623e-06, 2.97389829029e-06, 3.84431405109e-06, 3.08115340886e-06, 3.452087185e-06, 1.58255272709e-06, 1.11300732897e-06, 2.53468988376e-06, 2.629577466e-06, 1.14714589472e-06, 1.06727213733e-06, 6.54815949019e-07, 6.34408422684e-07, 7.61885530665e-07, 3.78924795541e-07, 4.12440329001e-07, 2.82367381033e-07, 4.4864052029e-07, 4.58073714071e-07, 1.51312264052e-07, 2.12264936295e-07, 3.68989390154e-07, 2.35511635083e-07, 1.34620819381e-07, 8.86891129426e-08, 8.8904016593e-08, 4.08603035851e-08, 3.28652092207e-08, 4.34462030796e-08, 2.18775380034e-08, 1.25103518656e-08, 1.58136934658e-08, 9.86472681319e-09, 2.86059709254e-09, 5.51381551528e-10, 2.99395438996e-11, 2.38921278595e-11, 2.71647426775e-11, 2.51785623601e-11, 1.60688320289e-11, 1.43503290848e-11, 1.40268239732e-11, 1.36627098524e-11, 1.32890885796e-11, 1.30306503435e-11, 1.28383484399e-11, 1.26476251347e-11, 1.23150300721e-11, 1.16618138757e-11, 1.13147017797e-11, 1.12203970073e-11],
        "min": [1.15289418057e-23, 3.98844366033e-24, 1.62430739955e-24, 1.79124614432e-24, 6.35130216366e-24, 3.08568701762e-24, 6.99237707804e-24, 1.1050149779e-23, 4.87981743462e-24, 5.96031035574e-24, 3.26045205142e-23, 2.63061319846e-23, 6.96759659042e-24, 6.8765210212e-24, 1.02120458095e-23, 2.70975318387e-24, 4.2374713695e-25, 1.87520322995e-24, 5.68819199762e-24, 9.57008500435e-24, 1.27342676263e-23, 1.45875874604e-23, 3.77386047791e-24, 4.68434637978e-24, 1.14414681754e-23, 1.1602276682e-23, 6.38422251253e-24, 2.69876139323e-24, 5.59610431985e-24, 9.96489489906e-24, 1.41901735358e-23, 7.88147064988e-24, 3.42862812451e-24, 1.52757628928e-23, 1.19736155982e-23, 1.10229829872e-23, 2.72795800308e-23, 1.61375129679e-23, 1.76906554503e-23, 9.79143385233e-24, 9.25486249751e-24, 5.23784195645e-24, 4.58832780811e-24, 1.16183236906e-23, 1.55721253131e-23, 7.59730559688e-24, 1.24310129283e-23, 1.04226582606e-23, 1.76617847189e-23, 1.7239430168e-23, 1.47846433368e-23, 1.08803435249e-23, 1.83298994185e-23, 8.30031634751e-24, 8.30701298773e-24, 1.56456645044e-23, 1.86515637635e-23, 2.99432130535e-23, 1.65719938887e-23, 6.98032722771e-24, 7.40810993054e-24, 8.31049265318e-24, 5.01443930911e-24, 5.65186613623e-24, 6.08893570406e-24, 1.39354109065e-23, 1.30512272049e-23, 1.01816281219e-23, 1.33357456676e-23, 8.8862640841e-24, 7.45660752127e-24, 1.16531242894e-23, 1.66248144372e-23, 2.56204919511e-23, 5.22701326281e-24, 4.28738999455e-24, 5.02681693114e-24, 6.76313488784e-24, 1.2394462636e-23, 2.72806698421e-24, 7.70519810289e-24, 8.97240375065e-24, 6.89415837331e-24, 7.09021397409e-24, 5.20908560988e-24, 3.84460986263e-24, 6.04468928474e-24, 1.2103287765e-23, 8.24526411151e-24, 8.55407554578e-24, 8.85404148271e-24, 1.02684130766e-23, 1.00928694371e-23, 1.24920881173e-23, 1.15863929677e-23, 1.24450199425e-23, 1.25660256834e-23, 2.1128257262e-23, 9.9041052777e-24, 8.39041846238e-24, 1.3050477787e-23, 1.06517182239e-23, 1.09861163616e-23, 1.38036632467e-23, 9.4712391552e-24, 1.11932112819e-23, 1.28833812701e-23, 9.57738827861e-24, 9.03665252707e-24, 1.37808667442e-23, 1.61639760959e-23, 1.10273193556e-23, 1.27941532131e-23, 9.34625755541e-24, 9.64117004938e-24, 1.00805939726e-23, 7.25587476419e-24, 9.1045576738e-24, 8.65355090592e-24, 1.43969560672e-23, 6.55697516216e-24, 1.16547588092e-23, 1.15300201786e-23, 9.01982217966e-24, 7.30543258397e-24, 1.05617375936e-23, 9.99683982141e-24, 1.14642599446e-23],
        "stdev": [2.1927189664e-05, 0.000439230556367, 0.00429695239291, 0.0085778767243, 0.00534584932029, 0.00129338284023, 0.000421165546868, 0.000519382418133, 0.000433145905845, 0.000177599067683, 8.48239869811e-05, 7.37230075174e-05, 8.56420228956e-05, 0.000115312301205, 0.000267939467449, 0.000402078469051, 0.000451414351119, 9.83088611974e-05, 6.00024723099e-05, 0.000124025245896, 0.000195796601474, 9.1441506811e-05, 3.49429028574e-05, 2.22436192416e-05, 6.4727915742e-05, 0.000186646808288, 9.98601462925e-05, 0.000477601628518, 0.000195391723537, 5.54797734367e-05, 3.95581955672e-05, 3.03528649965e-05, 3.91423673136e-05, 0.000226024072617, 9.86875602393e-05, 0.000125998907606, 0.000284620240564, 0.000132132205181, 5.06763353769e-05, 4.78036490676e-05, 9.95951995719e-05, 0.000261465378571, 0.000116622039059, 0.000224609233555, 6.48917630315e-05, 6.27704430372e-05, 7.1067144745e-05, 3.52707429556e-05, 7.3867442552e-05, 0.000195585613255, 0.000195165281184, 0.000230892226682, 8.546411118e-05, 7.91168276919e-05, 0.000311411567964, 5.7923480199e-05, 5.69718577026e-05, 6.06221510679e-05, 7.3376832006e-05, 8.95194971235e-05, 2.8237594961e-05, 1.99730748136e-05, 8.4038998466e-05, 0.000114894952276, 3.90890199924e-05, 3.74665978597e-05, 2.59884436673e-05, 1.63455570146e-05, 1.16857081593e-05, 1.02486619653e-05, 1.01604437077e-05, 2.20373258344e-05, 3.70494817616e-05, 1.86139877769e-05, 7.59843851483e-06, 5.3519534049e-06, 5.86652640777e-06, 4.4679545681e-06, 6.99424572304e-06, 9.27454675548e-06, 8.60524323798e-06, 1.39678650157e-05, 4.86669614475e-06, 4.02512523578e-06, 6.69523114993e-06, 6.8153731263e-06, 3.24177631228e-06, 3.70940756511e-06, 2.63993001681e-06, 1.88392766631e-06, 2.2884748887e-06, 1.02203603092e-06, 1.3017765923e-06, 9.92896502794e-07, 1.01940827335e-06, 1.21832465538e-06, 4.84645681809e-07, 5.52737617454e-07, 1.29467593979e-06, 6.26770827239e-07, 5.06025401137e-07, 2.62939295226e-07, 2.4561646228e-07, 8.53666364264e-08, 9.05189452283e-08, 1.84859445085e-07, 6.32095265019e-08, 4.13207246197e-08, 5.88181379158e-08, 2.97177624731e-08, 9.83833992052e-09, 3.56739304763e-09, 3.28303828567e-10, 2.99903823997e-10, 3.23311516448e-10, 2.98333358018e-10, 2.72122796519e-10, 2.64838762032e-10, 2.58148974419e-10, 2.51557441544e-10, 2.44886472212e-10, 2.39567699012e-10, 2.35217428868e-10, 2.32819707957e-10, 2.31374683302e-10, 2.27000362951e-10, 2.24875104649e-10, 2.23663518262e-10]
    },
    "mfcc": {
        "mean": [-772.49017334, 115.922363281, -5.58603858948, 34.6147880554, 17.5970897675, 17.1750164032, 8.52698993683, 12.683008194, 3.41442251205, 4.19967317581, 2.95654630661, 3.81344199181, 5.30831861496],
        "cov": [[29745.6503906, -368.453796387, -4606.12304688, 251.567764282, -515.49005127, 374.251831055, -369.02142334, 771.048034668, 223.534103394, -382.423309326, -308.495910645, -29.2675628662, 113.509933472], [-368.453796387, 1188.62548828, -150.790039062, 44.2826423645, 58.9723434448, -60.25340271, 8.68307781219, -96.1976013184, -117.221618652, 1.58505308628, -9.96846294403, -34.0961418152, 12.4962263107], [-4606.12304688, -150.790039062, 970.667358398, -59.1172904968, 62.2307167053, -58.9391403198, 54.5397644043, -94.5239944458, -23.0938034058, 43.6361656189, 53.2430915833, 5.57321214676, -14.4591493607], [251.567764282, 44.2826423645, -59.1172904968, 188.407653809, 66.1297149658, 20.8563270569, -30.004699707, -14.6165971756, 6.08733987808, -1.35701155663, -17.4373912811, -0.848974466324, 10.5963659286], [-515.49005127, 58.9723434448, 62.2307167053, 66.1297149658, 147.975189209, 56.220161438, 6.49103116989, -42.9825897217, -16.0654659271, -1.59092020988, -1.32296204567, -1.695951581, 6.95727109909], [374.251831055, -60.25340271, -58.9391403198, 20.8563270569, 56.220161438, 147.764205933, 31.8546085358, 25.9993610382, 17.5254039764, -18.5284385681, -4.18533420563, 9.28323364258, -3.00551247597], [-369.02142334, 8.68307781219, 54.5397644043, -30.004699707, 6.49103116989, 31.8546085358, 106.528549194, 40.5731315613, 15.5566053391, 3.35025930405, 2.71225380898, -15.1733551025, -1.43273055553], [771.048034668, -96.1976013184, -94.5239944458, -14.6165971756, -42.9825897217, 25.9993610382, 40.5731315613, 123.212272644, 65.8856735229, -7.77652978897, -6.2625412941, -4.51528167725, -1.88936054707], [223.534103394, -117.221618652, -23.0938034058, 6.08733987808, -16.0654659271, 17.5254039764, 15.5566053391, 65.8856735229, 106.398681641, 22.5960788727, 4.51541900635, 0.183930248022, -7.05469989777], [-382.423309326, 1.58505308628, 43.6361656189, -1.35701155663, -1.59092020988, -18.5284385681, 3.35025930405, -7.77652978897, 22.5960788727, 70.2125701904, 28.3086643219, -8.33143901825, -11.2468452454], [-308.495910645, -9.96846294403, 53.2430915833, -17.4373912811, -1.32296204567, -4.18533420563, 2.71225380898, -6.2625412941, 4.51541900635, 28.3086643219, 56.755153656, 5.16421937943, -16.2564277649], [-29.2675628662, -34.0961418152, 5.57321214676, -0.848974466324, -1.695951581, 9.28323364258, -15.1733551025, -4.51528167725, 0.183930248022, -8.33143901825, 5.16421937943, 59.6273078918, 5.49630403519], [113.509933472, 12.4962263107, -14.4591493607, 10.5963659286, 6.95727109909, -3.00551247597, -1.43273055553, -1.88936054707, -7.05469989777, -11.2468452454, -16.2564277649, 5.49630403519, 58.3529586792]],
        "icov": [[0.000189457990928, 0.000112729401735, 0.000785805517808, -5.25858522451e-05, 0.000211150574614, -0.000192337931367, 0.000514989660587, -0.000630852184258, 0.000189271231648, 0.000378145574359, -8.98701036931e-05, 0.000279751606286, -0.00018690226716], [0.000112729401735, 0.00117611244787, 0.000841448607389, -0.000204302355996, -0.000373927119654, 0.000622898922302, -0.000520366069395, 0.00019305422029, 0.00104721926618, 2.74903050013e-06, -0.00010176574142, 0.000435860769358, -9.76774608716e-05], [0.000785805517808, 0.000841448607389, 0.0047851218842, 0.000163123666425, -5.72331373405e-05, 0.000367773114704, 0.000560908578336, -0.00105146307033, 0.000481334893266, 0.0015730462037, -0.00120387005154, 0.000803756702226, -0.000596913334448], [-5.25858522451e-05, -0.000204302355996, 0.000163123666425, 0.00737669365481, -0.00379328755662, 0.000139829877298, 0.00227758684196, -0.000249853968853, -0.00119784870185, -0.00089427898638, 0.00198660814203, 0.000123650068417, -0.000421160220867], [0.000211150574614, -0.000373927119654, -5.72331373405e-05, -0.00379328755662, 0.0127178132534, -0.00557816540822, -0.000659120385535, 0.00399496871978, -0.000421011645813, 0.000705767481122, -0.000574934121687, 0.00149989372585, -0.00156278477516], [-0.000192337931367, 0.000622898922302, 0.000367773114704, 0.000139829877298, -0.00557816540822, 0.0112754590809, -0.00396842788905, -0.00043724293937, -0.00102381769102, 0.00231553916819, -0.000726301514078, -0.00250368285924, 0.00179671507794], [0.000514989660587, -0.000520366069395, 0.000560908578336, 0.00227758684196, -0.000659120385535, -0.00396842788905, 0.0163785647601, -0.0086310133338, 0.00189028109889, -0.000760734372307, 0.000304249871988, 0.00403746543452, -0.00138169236016], [-0.000630852184258, 0.00019305422029, -0.00105146307033, -0.000249853968853, 0.00399496871978, -0.00043724293937, -0.0086310133338, 0.0218287874013, -0.0110366465524, 0.0038572086487, -0.000606818823144, 0.000141537660966, 0.00019342113228], [0.000189271231648, 0.00104721926618, 0.000481334893266, -0.00119784870185, -0.000421011645813, -0.00102381769102, 0.00189028109889, -0.0110366465524, 0.0185675919056, -0.00749548012391, 0.00155592244118, -0.000885906687472, 0.000747886137106], [0.000378145574359, 2.74903050013e-06, 0.0015730462037, -0.00089427898638, 0.000705767481122, 0.00231553916819, -0.000760734372307, 0.0038572086487, -0.00749548012391, 0.0235525108874, -0.0104733752087, 0.00397910317406, 0.000298071274301], [-8.98701036931e-05, -0.00010176574142, -0.00120387005154, 0.00198660814203, -0.000574934121687, -0.000726301514078, 0.000304249871988, -0.000606818823144, 0.00155592244118, -0.0104733752087, 0.0256750937551, -0.00400969851762, 0.00525645166636], [0.000279751606286, 0.000435860769358, 0.000803756702226, 0.000123650068417, 0.00149989372585, -0.00250368285924, 0.00403746543452, 0.000141537660966, -0.000885906687472, 0.00397910317406, -0.00400969851762, 0.0197353754193, -0.00298100151122], [-0.00018690226716, -9.76774608716e-05, -0.000596913334448, -0.000421160220867, -0.00156278477516, 0.00179671507794, -0.00138169236016, 0.00019342113228, 0.000747886137106, 0.000298071274301, 0.00525645166636, -0.00298100151122, 0.0195943880826]]
    },
    "spectral_contrast_coeffs": {
        "max": [-0.570918619633, -0.511415243149, -0.614584565163, -0.608453094959, -0.60215985775, -0.585177958012],
        "mean": [-0.769197404385, -0.801242291927, -0.802632570267, -0.809648394585, -0.788639247417, -0.754869759083],
        "min": [-0.946840167046, -0.960715889931, -0.955191791058, -0.962233960629, -0.958089590073, -0.959797680378],
        "stdev": [0.0834269970655, 0.0868682935834, 0.0817061364651, 0.0731887593865, 0.0811719223857, 0.0860362872481]
    },
    "spectral_contrast_valleys": {
        "max": [-5.40659046173, -5.66749858856, -5.62235307693, -5.70695734024, -5.65991020203, -9.33403205872],
        "mean": [-7.80623579025, -8.21990871429, -8.58003807068, -8.63243198395, -8.77529430389, -11.8127889633],
        "min": [-27.6089458466, -27.0638198853, -27.4737415314, -27.2608013153, -27.2791233063, -27.2162590027],
        "stdev": [1.39318883419, 1.52115726471, 1.77439570427, 1.83437848091, 1.73868024349, 1.23188984394]
    }
},
"rhythm": {
    "beats_count": 25,
    "beats_loudness": {
        "max": 0.121195182204,
        "mean": 0.0351978391409,
        "min": 4.83090698253e-05,
        "stdev": 0.0339530669153
    },
    "bpm": 122.682037354,
    "bpm_histogram_first_peak_bpm": 123,
    "bpm_histogram_first_peak_weight": 0.5,
    "bpm_histogram_second_peak_bpm": 115,
    "bpm_histogram_second_peak_spread": 0.5,
    "bpm_histogram_second_peak_weight": 0.0416666679084,
    "danceability": 0.813388586044,
    "onset_rate": 2.82145690918,
    "beats_loudness_band_ratio": {
        "max": [0.907017111778, 0.676049470901, 0.574549615383, 0.48688736558, 0.443206906319, 0.249299243093],
        "mean": [0.587101459503, 0.116929091513, 0.100593663752, 0.100792571902, 0.107168510556, 0.0435653217137],
        "min": [0.147755250335, 0.00889674481004, 0.00570574356243, 0.00982905365527, 0.00340652791783, 0.0033619615715],
        "stdev": [0.237941354513, 0.179774299264, 0.149584025145, 0.121024116874, 0.108456730843, 0.0496015958488]
    },
    "beats_position": [0.510838985443, 1.03328800201, 1.53251695633, 2.03174591064, 2.54258489609, 3.04181408882, 3.52943301201, 4.02866220474, 4.52789115906, 5.02712011337, 5.52634906769, 6.01396799088, 6.5015873909, 6.98920631409, 7.47682523727, 7.96444416046, 8.45206356049, 8.92807197571, 9.41569137573, 9.89170074463, 10.379319191, 10.8553285599, 11.3313379288, 11.8189563751, 12.3065757751],
