{
"metadata": {
    "version": {
        "essentia": "2.1-beta5",
        "essentia_git_sha": "Undefined",
        "extractor": "music 2.0"
    },
    "audio_properties": {
        "analysis": {
            "equal_loudness": 0,
            "length": 48.7502937317,
            "sample_rate": 44100,
            "start_time": 126.502311707,
            "downmix": "mix"
        },
        "bit_rate": 192000,
        "length": 242.648529053,
        "lossless": 0,
        "number_channels": 2,
        "replay_gain": 2.92705726624,
        "sample_rate": 44100,
        "codec": "mp3",
        "md5_encoded": "aadec58fb860aec39d30ee840746afc1"
    },
    "tags": {
        "file_name": "Yugoslavia_Leila_Seid-Memic Vajta.mp3",
        "encoding": ["Lavf58.29.100"]
    }
},
"lowlevel": {
    "average_loudness": 0.865882098675,
    "barkbands_crest": {
        "max": 24.995218277,
        "mean": 10.3815317154,
        "min": 3.0990729332,
        "stdev": 4.19676494598
    },
    "barkbands_flatness_db": {
        "max": 0.362271517515,
        "mean": 0.193126037717,
        "min": 0.0934644117951,
        "stdev": 0.0374243408442
    },
    "barkbands_kurtosis": {
        "max": 45.2735900879,
        "mean": 3.83646273613,
        "min": -1.80202555656,
        "stdev": 5.20216941833
    },
    "barkbands_skewness": {
        "max": 5.47487926483,
        "mean": 1.39237129688,
        "min": -1.12788724899,
        "stdev": 0.936144053936
    },
    "barkbands_spread": {
        "max": 47.6694488525,
        "mean": 10.6284036636,
        "min": 1.08009719849,
        "stdev": 5.87680339813
    },
    "dissonance": {
        "max": 0.500000059605,
        "mean": 0.450187325478,
        "min": 0.204845100641,
        "stdev": 0.0370287708938
    },
    "dynamic_complexity": 3.34692668915,
    "erbbands_crest": {
        "max": 32.3639640808,
        "mean": 10.4740076065,
        "min": 2.93216514587,
        "stdev": 4.97759819031
    },
    "erbbands_flatness_db": {
        "max": 0.383280962706,
        "mean": 0.237629592419,
        "min": 0.145827829838,
        "stdev": 0.0437134690583
    },
    "erbbands_kurtosis": {
        "max": 39.7668914795,
        "mean": 1.10317075253,
        "min": -1.83134591579,
        "stdev": 3.4035692215
    },
    "erbbands_skewness": {
        "max": 5.02567577362,
        "mean": 0.586042582989,
        "min": -2.18260073662,
        "stdev": 0.748623013496
    },
    "erbbands_spread": {
        "max": 69.1702346802,
        "mean": 23.0011806488,
        "min": 2.09493780136,
        "stdev": 11.3406009674
    },
    "hfc": {
        "max": 90.0954208374,
        "mean": 13.5547008514,
        "min": 0.505882740021,
        "stdev": 14.1373052597
    },
    "loudness_ebu128": {
        "integrated": -28.2412872314,
        "loudness_range": 5.80985832214,
        "momentary": {
            "max": -23.3964252472,
            "mean": -29.1439533234,
            "min": -37.7976531982,
            "stdev": 3.00536584854
        },
        "short_term": {
            "max": -25.7067966461,
            "mean": -28.8630599976,
            "min": -33.3181838989,
            "stdev": 2.11229300499
        }
    },
    "melbands_crest": {
        "max": 30.7911319733,
        "mean": 13.2545957565,
        "min": 4.15344190598,
        "stdev": 4.95428800583
    },
    "melbands_flatness_db": {
        "max": 0.403869599104,
        "mean": 0.244681954384,
        "min": 0.0900187045336,
        "stdev": 0.0397093109787
    },
    "melbands_kurtosis": {
        "max": 72.7166290283,
        "mean": 6.47900009155,
        "min": -1.62977778912,
        "stdev": 7.30082654953
    },
    "melbands_skewness": {
        "max": 7.34931850433,
        "mean": 1.74140310287,
        "min": -0.896658658981,
        "stdev": 1.13315045834
    },
    "melbands_spread": {
        "max": 73.7538223267,
        "mean": 14.4553003311,
        "min": 1.45000135899,
        "stdev": 8.03476238251
    },
    "pitch_salience": {
        "max": 0.901304364204,
        "mean": 0.599691212177,
        "min": 0.151744410396,
        "stdev": 0.102882012725
    },
    "silence_rate_20dB": {
        "max": 1,
        "mean": 1,
        "min": 1,
        "stdev": 0
    },
    "silence_rate_30dB": {
        "max": 1,
        "mean": 0.998096168041,
        "min": 0,
        "stdev": 0.0435912571847
    },
    "silence_rate_60dB": {
        "max": 1,
        "mean": 0.0761542096734,
        "min": 0,
        "stdev": 0.265244573355
    },
    "spectral_centroid": {
        "max": 3089.61645508,
        "mean": 837.829772949,
        "min": 305.071960449,
        "stdev": 340.661743164
    },
    "spectral_complexity": {
        "max": 42,
        "mean": 14.8529272079,
        "min": 1,
        "stdev": 5.73139715195
    },
    "spectral_decrease": {
        "max": -1.63083005433e-10,
        "mean": -4.91731277918e-09,
        "min": -3.03326856965e-08,
        "stdev": 4.25747792576e-09
    },
    "spectral_energy": {
        "max": 0.119878299534,
        "mean": 0.0197885390371,
        "min": 0.000664621475153,
        "stdev": 0.0172527264804
    },
    "spectral_energyband_high": {
        "max": 0.00110492331441,
        "mean": 6.02187283221e-05,
        "min": 6.38095661998e-06,
        "stdev": 8.81183586898e-05
    },
    "spectral_energyband_low": {
        "max": 0.00868277996778,
        "mean": 0.000947617692873,
        "min": 1.2893479834e-05,
        "stdev": 0.000872699427418
    },
    "spectral_energyband_middle_high": {
        "max": 0.0751089528203,
        "mean": 0.00527953729033,
        "min": 0.000176030574949,
        "stdev": 0.00790613237768
    },
    "spectral_energyband_middle_low": {
        "max": 0.115712486207,
        "mean": 0.014301981777,
        "min": 0.000367567728972,
        "stdev": 0.013218857348
    },
    "spectral_entropy": {
        "max": 8.43621826172,
        "mean": 7.04622793198,
        "min": 5.36773538589,
        "stdev": 0.308480978012
    },
    "spectral_flux": {
        "max": 0.244855821133,
        "mean": 0.0715999081731,
        "min": 0.0130979120731,
        "stdev": 0.0412862189114
    },
    "spectral_kurtosis": {
        "max": 45.2891197205,
        "mean": 10.0652694702,
        "min": 0.821142911911,
        "stdev": 5.21674537659
    },
    "spectral_rms": {
        "max": 0.0108145475388,
        "mean": 0.00401410320774,
        "min": 0.000805239833426,
        "stdev": 0.00178685865831
    },
    "spectral_rolloff": {
        "max": 4198.97460938,
        "mean": 1015.16265869,
        "min": 172.265625,
        "stdev": 524.238098145
    },
    "spectral_skewness": {
        "max": 5.44781589508,
        "mean": 2.20454120636,
        "min": 0.329060465097,
        "stdev": 0.6339661479
    },
    "spectral_spread": {
        "max": 23087456,
        "mean": 2700689,
        "min": 1613026.125,
        "stdev": 730169.875
    },
    "spectral_strongpeak": {
        "max": 7.49845981598,
        "mean": 1.22039067745,
        "min": 0.0339580513537,
        "stdev": 1.25880038738
    },
    "zerocrossingrate": {
        "max": 0.109375,
        "mean": 0.0376980565488,
        "min": 0.00830078125,
        "stdev": 0.0120485564694
    },
    "barkbands": {
        "max": [0.000260392582277, 0.000612793432083, 0.00337973260321, 0.0138340387493, 0.0381887480617, 0.0398365408182, 0.0846509337425, 0.0640832856297, 0.069576330483, 0.046114038676, 0.0277927499264, 0.0158524401486, 0.0193126872182, 0.0130717819557, 0.0227820072323, 0.0102876899764, 0.0091175287962, 0.00354539137334, 0.00137837370858, 0.00233317539096, 0.000467962381663, 0.000249391567195, 3.82455946237e-05, 5.22029222338e-06, 4.0547511162e-06, 1.87813373032e-06, 1.98761790671e-06],
        "mean": [1.24455391415e-05, 6.12321455264e-05, 0.000272142613539, 0.00149206293281, 0.00305302999914, 0.00218610628508, 0.00221743062139, 0.00236742245033, 0.00259156455286, 0.00192428193986, 0.000757981964853, 0.000458848109702, 0.00058371090563, 0.000472495594295, 0.000426565500675, 0.000325017084833, 0.000297695078189, 0.000131716151373, 6.07618567301e-05, 6.50969523122e-05, 1.99471778615e-05, 5.78028175369e-06, 1.79518906407e-06, 1.46814818436e-06, 1.89701836462e-06, 5.4053458598e-08, 3.38434102964e-09],
        "min": [2.57053756059e-08, 9.43804025155e-07, 2.09591371458e-06, 1.0312746781e-06, 7.24745495972e-06, 8.94772074389e-06, 4.22626908403e-06, 1.56615487867e-06, 3.53083510163e-06, 4.77895127915e-06, 1.42878707265e-06, 2.52569270742e-06, 3.12323891194e-06, 2.79162327388e-06, 3.65710911865e-06, 2.01206603379e-06, 1.22705523609e-06, 3.15274292007e-07, 9.3716550964e-07, 1.06625088847e-06, 5.03255364492e-07, 5.93175457198e-07, 5.47777801785e-07, 7.46956857256e-07, 1.03367722204e-06, 4.22916562881e-10, 1.86067647401e-10],
        "stdev": [1.9234181309e-05, 5.77070277359e-05, 0.00035226039472, 0.00168499071151, 0.00352303916588, 0.00382569711655, 0.00590192619711, 0.00606524478644, 0.00657565472648, 0.00440602889284, 0.00199203332886, 0.0011268282542, 0.00148434902076, 0.00108892051503, 0.00126944610383, 0.000869370182045, 0.000843589077704, 0.000275091093499, 0.000107945146738, 0.000134831832838, 3.58290271834e-05, 8.44084843266e-06, 1.486448582e-06, 4.03759372603e-07, 3.23790857237e-07, 7.50265343186e-08, 6.16412876298e-08]
    },
    "erbbands": {
        "max": [0.00868846010417, 0.219142496586, 2.42606759071, 23.4496269226, 157.673751831, 101.948356628, 287.519012451, 356.18838501, 635.385803223, 2392.74731445, 1476.8145752, 2181.94506836, 1268.70068359, 1609.23413086, 1089.03137207, 520.244689941, 1048.92956543, 424.028961182, 1121.39672852, 539.445495605, 691.85144043, 446.073638916, 235.463043213, 72.206161499, 101.3046875, 97.2135543823, 26.886428833, 11.2276754379, 8.11508655548, 2.18342447281, 1.09452080727, 0.159494906664, 0.0871729254723, 0.0503258407116, 0.0278230495751, 0.00828059669584, 0.00348731689155, 0.00123430218082, 0.000284646113869, 0.000135077469167],
        "mean": [0.00121894176118, 0.0200099665672, 0.259743511677, 2.71717905998, 6.65408992767, 11.31711483, 17.1724376678, 17.1638622284, 22.7349872589, 43.9747657776, 58.1142082214, 63.7154350281, 52.2069778442, 54.4458045959, 28.5068073273, 19.0335006714, 27.8930358887, 20.682094574, 29.4376182556, 19.2445640564, 16.9955425262, 16.0801753998, 8.93127822876, 3.87078499794, 3.52127456665, 3.07657384872, 1.29621613026, 0.54710817337, 0.214963510633, 0.0848796740174, 0.0498258508742, 0.0316487699747, 0.024134311825, 0.0176746081561, 0.0138823492453, 0.00173755828291, 5.17237822351e-05, 6.13718111708e-06, 1.080412585e-05, 2.29980505537e-05],
        "min": [4.7332217946e-05, 0.000367242697394, 0.00251639657654, 0.00936851464212, 0.0164732858539, 0.019049955532, 0.0441193729639, 0.0767286941409, 0.161598190665, 0.117297820747, 0.152184933424, 0.102725848556, 0.159816265106, 0.240120396018, 0.181387096643, 0.314761161804, 0.39250561595, 0.24832265079, 0.204927042127, 0.253890186548, 0.128838717937, 0.0850020498037, 0.0406938046217, 0.0349120646715, 0.063619799912, 0.0393763631582, 0.0287195686251, 0.0177214499563, 0.0208039302379, 0.0189939141273, 0.0148069374263, 0.0124986618757, 0.0109699564055, 0.0093354517594, 0.00579426856712, 0.000647240900435, 2.14215833694e-05, 1.60615786626e-06, 5.83232917961e-07, 8.22687297841e-07],
        "stdev": [0.000970794411842, 0.0182214304805, 0.264570564032, 2.80179476738, 9.43314361572, 12.5296363831, 26.164812088, 33.4395942688, 46.9414710999, 143.799224854, 142.889251709, 176.501419067, 120.755966187, 120.550506592, 70.5551071167, 42.4380836487, 71.2556686401, 38.4788093567, 76.6398849487, 42.6009902954, 46.2700538635, 43.5867996216, 20.6081066132, 5.77921009064, 7.35299777985, 6.12316036224, 2.29511809349, 0.876494705677, 0.318474620581, 0.100491054356, 0.0395257733762, 0.0125864250585, 0.00591837381944, 0.00360784167424, 0.00285230739973, 0.000561240653042, 0.000107513893454, 3.83135484299e-05, 1.25024971567e-05, 2.01344446396e-05]
    },
    "gfcc": {
        "mean": [-67.7142333984, 147.730178833, -154.512298584, 8.62100124359, -70.216217041, -5.87656974792, -47.7846946716, -1.81886637211, -30.2216682434, -11.2436695099, -13.3501882553, -22.1248168945, 0.759162783623],
        "cov": [[1243.94470215, 252.887893677, -499.252075195, -192.944244385, 188.589141846, -277.175750732, 157.20803833, -34.4495925903, 58.7489395142, -68.9526519775, -9.64879131317, -90.602394104, 95.5959320068], [252.887893677, 212.461303711, 33.4264945984, -138.5, 20.5464286804, -25.5286369324, 5.41368341446, -21.1417694092, -5.45220327377, -65.058265686, 6.13745641708, -45.3295783997, -12.3248033524], [-499.252075195, 33.4264945984, 423.221008301, 83.595741272, -112.561286926, 97.2507781982, -109.83921051, -27.7730007172, -41.194442749, -12.1826515198, 6.16267967224, 24.1811084747, -78.2784500122], [-192.944244385, -138.5, 83.595741272, 372.261932373, 43.0302314758, -62.8769493103, -113.377960205, -29.3136100769, -12.0132360458, 37.3593864441, -14.7127285004, 60.7369995117, 1.53121614456], [188.589141846, 20.5464286804, -112.561286926, 43.0302314758, 142.296585083, -52.6345672607, -33.4252204895, 7.70074748993, 14.2443761826, -16.8536548615, -8.4631061554, -1.29676640034, 31.6534156799], [-277.175750732, -25.5286369324, 97.2507781982, -62.8769493103, -52.6345672607, 218.385421753, 75.8076477051, 10.8157491684, -46.0179138184, 1.13620519638, -0.868399500847, -5.59545040131, -59.3292732239], [157.20803833, 5.41368341446, -109.83921051, -113.377960205, -33.4252204895, 75.8076477051, 197.579666138, 31.6703872681, -20.3879642487, 0.474007040262, 2.46654701233, -37.405292511, -9.17874526978], [-34.4495925903, -21.1417694092, -27.7730007172, -29.3136100769, 7.70074748993, 10.8157491684, 31.6703872681, 81.9356689453, 35.0843048096, 5.3124165535, 0.82376730442, 1.03974604607, 5.46056842804], [58.7489395142, -5.45220327377, -41.194442749, -12.0132360458, 14.2443761826, -46.0179138184, -20.3879642487, 35.0843048096, 96.7005386353, 36.2127838135, -7.29523992538, -6.21394205093, 19.6653728485], [-68.9526519775, -65.058265686, -12.1826515198, 37.3593864441, -16.8536548615, 1.13620519638, 0.474007040262, 5.3124165535, 36.2127838135, 83.6428756714, 17.9065666199, 2.84518027306, 0.802169144154], [-9.64879131317, 6.13745641708, 6.16267967224, -14.7127285004, -8.4631061554, -0.868399500847, 2.46654701233, 0.82376730442, -7.29523992538, 17.9065666199, 50.5850296021, 21.4334621429, -3.17092299461], [-90.602394104, -45.3295783997, 24.1811084747, 60.7369995117, -1.29676640034, -5.59545040131, -37.405292511, 1.03974604607, -6.21394205093, 2.84518027306, 21.4334621429, 75.563369751, 25.2426395416], [95.5959320068, -12.3248033524, -78.2784500122, 1.53121614456, 31.6534156799, -59.3292732239, -9.17874526978, 5.46056842804, 19.6653728485, 0.802169144154, -3.17092299461, 25.2426395416, 79.4569549561]],
        "icov": [[0.0158705674112, -0.0170008521527, 0.0106631349772, -0.000119274525787, -0.00929376482964, 0.0167368780822, -0.0184681564569, 0.014448389411, -0.0075086071156, 0.000900136190467, 0.00503921415657, -0.00685815373436, 0.00607841229066], [-0.0170008521527, 0.0357318632305, -0.0186377633363, 0.00644945446402, 0.0016202009283, -0.0126688629389, 0.0148893017322, -0.00724412454292, 0.00168459734414, 0.0108861587942, -0.0139191923663, 0.0140455095097, -0.00592082273215], [0.0106631349772, -0.0186377633363, 0.0173208694905, -0.00498067960143, 0.00359745323658, 0.00503954524174, -0.00437311269343, 0.00535562681034, -0.00287060253322, -6.257529094e-06, 0.00346181518398, -0.004706625361, 0.00524052232504], [-0.000119274525787, 0.00644945446402, -0.00498067960143, 0.00907563231885, -0.00732692703605, 0.0058931899257, -0.00228475802578, 0.00292796944268, 0.00233203149401, -0.00366116012447, 0.0056454190053, -0.00556723726913, 0.00436997180805], [-0.00929376482964, 0.0016202009283, 0.00359745323658, -0.00732692703605, 0.0247813779861, -0.01627625525, 0.0197605937719, -0.0146946450695, 0.00542631791905, 0.00201377389021, -0.00531591195613, 0.00825929176062, -0.00781412702054], [0.0167368780822, -0.0126688629389, 0.00503954524174, 0.0058931899257, -0.01627625525, 0.0308491252363, -0.0264464933425, 0.0163563843817, -0.00414097914472, -0.00291530624963, 0.01161620114, -0.0133442729712, 0.0138463778421], [-0.0184681564569, 0.0148893017322, -0.00437311269343, -0.00228475802578, 0.0197605937719, -0.0264464933425, 0.0365668274462, -0.0240134336054, 0.0139712877572, -0.00243733241223, -0.00735728302971, 0.0133168073371, -0.00943764857948], [0.014448389411, -0.00724412454292, 0.00535562681034, 0.00292796944268, -0.0146946450695, 0.0163563843817, -0.0240134336054, 0.035275682807, -0.01970535703, 0.009316874668, -0.000787677185144, -0.00637441407889, 0.00635835621506], [-0.0075086071156, 0.00168459734414, -0.00287060253322, 0.00233203149401, 0.00542631791905, -0.00414097914472, 0.0139712877572, -0.01970535703, 0.0298479702324, -0.0193208940327, 0.0114272246137, -0.00130381097551, -0.00218546460383], [0.000900136190467, 0.0108861587942, -6.257529094e-06, -0.00366116012447, 0.00201377389021, -0.00291530624963, -0.00243733241223, 0.009316874668, -0.0193208940327, 0.0356563813984, -0.0236751381308, 0.0142529085279, -0.00428180582821], [0.00503921415657, -0.0139191923663, 0.00346181518398, 0.0056454190053, -0.00531591195613, 0.01161620114, -0.00735728302971, -0.000787677185144, 0.0114272246137, -0.0236751381308, 0.0451428256929, -0.0259785223752, 0.0125408945605], [-0.00685815373436, 0.0140455095097, -0.004706625361, -0.00556723726913, 0.00825929176062, -0.0133442729712, 0.0133168073371, -0.00637441407889, -0.00130381097551, 0.0142529085279, -0.0259785223752, 0.0381026417017, -0.0183403044939], [0.00607841229066, -0.00592082273215, 0.00524052232504, 0.00436997180805, -0.00781412702054, 0.0138463778421, -0.00943764857948, 0.00635835621506, -0.00218546460383, -0.00428180582821, 0.0125408945605, -0.0183403044939, 0.0282683130354]]
    },
    "melbands": {
        "max": [0.00011373617599, 0.00111006037332, 0.00679068081081, 0.00952989980578, 0.00908173713833, 0.00782027561218, 0.00825770106167, 0.0222592446953, 0.0121601708233, 0.0133779188618, 0.00659087300301, 0.00696435524151, 0.00427495827898, 0.00218364386819, 0.00154566101264, 0.00198810128495, 0.000793761573732, 0.00178754678927, 0.00185550819151, 0.00076452823123, 0.00103920698166, 0.00048065505689, 0.000645070744213, 0.000132264656713, 5.68092546018e-05, 6.12251533312e-05, 0.000115352457215, 5.96119716647e-05, 1.72045401996e-05, 1.2749796042e-05, 6.96711094861e-06, 6.23491905571e-06, 1.59679348144e-06, 9.44909572809e-07, 7.93705908109e-07, 1.82929980497e-07, 9.72956257783e-08, 6.34080876694e-08, 5.92507412023e-08, 3.58197524974e-08],
        "mean": [1.38110435728e-05, 0.000119093871035, 0.000592589261942, 0.00065103021916, 0.000595330144279, 0.000392384565203, 0.000367573898984, 0.000481166993268, 0.000477871857584, 0.000379319273634, 0.000259499560343, 0.000234433449805, 0.000105498831545, 5.31236073584e-05, 5.22110094607e-05, 5.91021380387e-05, 3.55647171091e-05, 5.10390782438e-05, 2.90028838208e-05, 2.27300952247e-05, 1.92636562133e-05, 1.66335103131e-05, 1.33568346428e-05, 5.36956986252e-06, 2.79301752926e-06, 2.24990571951e-06, 2.71320095635e-06, 1.90139280676e-06, 8.81945311448e-07, 4.82007635583e-07, 2.64373653636e-07, 1.39473186778e-07, 6.25767739848e-08, 3.96606587572e-08, 3.03010487812e-08, 1.93809874816e-08, 1.9992436151e-08, 1.64526259283e-08, 1.74538268283e-08, 1.32297115485e-08],
        "min": [3.04071875235e-07, 1.51944936988e-06, 3.24494999404e-06, 1.46507852605e-06, 1.47894866132e-06, 1.86657382528e-06, 1.06362926999e-06, 1.17297724955e-06, 1.61952937106e-06, 5.15226133757e-07, 5.4517369108e-07, 1.02281626368e-06, 4.40141747049e-07, 5.29504632141e-07, 6.89956152655e-07, 4.50107705774e-07, 2.96072272477e-07, 1.32117634166e-07, 3.32232559686e-07, 2.269616175e-07, 1.18870666199e-07, 8.3208952617e-08, 4.96820646845e-08, 1.12054401313e-08, 2.54336072203e-08, 3.52084263966e-08, 2.53412792972e-08, 1.91285920437e-08, 1.48063241667e-08, 1.41809213261e-08, 7.88760523562e-09, 8.91476137355e-09, 9.90628379327e-09, 7.20347070882e-09, 7.24044646461e-09, 6.12363226793e-09, 6.94674318069e-09, 6.12906569941e-09, 6.68920918656e-09, 5.71289726636e-09],
        "stdev": [1.14114582175e-05, 0.000111182358523, 0.000647986482363, 0.000740089570172, 0.00081142882118, 0.000735659967177, 0.000786892895121, 0.00143578450661, 0.00113474193495, 0.00106178608257, 0.000624590960797, 0.000533052894752, 0.000278358493233, 0.000133679859573, 0.000126537270262, 0.000157129223226, 7.16661816114e-05, 0.00013732847583, 8.99338701856e-05, 6.0073518398e-05, 5.87325957895e-05, 4.60376904812e-05, 4.42911041318e-05, 1.01624491435e-05, 4.36652180724e-06, 4.49017625215e-06, 6.54145878798e-06, 3.87347336073e-06, 1.68085045971e-06, 9.03225441107e-07, 4.20149689262e-07, 2.25345985427e-07, 8.30550845876e-08, 4.40859970752e-08, 2.66083652889e-08, 1.16970770847e-08, 7.34839833427e-09, 4.89263518588e-09, 4.84122786304e-09, 3.25335802742e-09]
    },
    "melbands128": {
        "max": [8.89006914804e-05, 6.56479533063e-05, 0.000126819664729, 0.000357839249773, 0.00100795133039, 0.00203771237284, 0.00485239457339, 0.00800885073841, 0.020397901535, 0.0125975552946, 0.00679968623444, 0.0110066467896, 0.0135068390518, 0.0156144481152, 0.0119710182771, 0.00445728609338, 0.015088589862, 0.0150003079325, 0.0204357746989, 0.0465987995267, 0.0163793247193, 0.0258557312191, 0.0234979260713, 0.0169572643936, 0.0244359076023, 0.0169020965695, 0.0146300354972, 0.0112103158608, 0.0156661458313, 0.011900678277, 0.00987929105759, 0.00302841002122, 0.00882361270487, 0.00509480526671, 0.00417798943818, 0.00227697519585, 0.00248292065226, 0.00342316040769, 0.00270609650761, 0.00465923780575, 0.00286628562026, 0.0027258915361, 0.00121983815916, 0.00131726963446, 0.00352077954449, 0.00391957908869, 0.00356456730515, 0.00418927893043, 0.00156269106083, 0.00142779003363, 0.00150252273306, 0.00100578996353, 0.0016597447684, 0.00121208350174, 0.00129609077703, 0.000915246724617, 0.00116197136231, 0.00164538668469, 0.000678590207826, 0.000156661946676, 0.000278841558611, 0.000189920785488, 8.80648367456e-05, 5.93246550125e-05, 0.000210628917557, 5.98713922955e-05, 0.000186752149602, 0.000113830719783, 0.000189617319847, 0.000149538580445, 0.000124748999951, 4.10864813603e-05, 4.73631444038e-05, 3.75959534722e-05, 2.94216242764e-05, 1.58267757797e-05, 1.54170465976e-05, 1.03438724182e-05, 8.14694521978e-06, 1.47382052091e-05, 8.35204991745e-06, 2.24862083087e-06, 2.28889280152e-06, 1.39292421864e-06, 1.42560622862e-06, 1.06794868771e-06, 6.85585234805e-07, 1.02705223526e-06, 1.11761346488e-06, 3.97916608108e-07, 2.40692145326e-07, 1.46388387634e-07, 1.52716140178e-07, 1.38642306524e-07, 1.33896037369e-07, 7.86851899193e-08, 6.36056185499e-08, 5.04907013976e-08, 8.44646734777e-08, 6.0488233089e-08, 4.47228529765e-08, 4.28628617044e-08, 3.91337842132e-08, 5.77141108238e-08, 4.60482638687e-08, 4.42865193406e-08, 4.45643379976e-08, 1.90794580135e-08, 1.29913804159e-08, 1.24525190159e-08, 1.18430882878e-08, 1.14622622505e-08, 1.09085247502e-08, 1.06813997647e-08, 1.02412265335e-08, 9.86484938181e-09, 9.61356327878e-09, 9.25530407869e-09, 9.0596481428e-09, 8.71332872521e-09, 8.5382723114e-09, 8.51914006006e-09, 8.23550205808e-09, 8.05603139753e-09, 7.98373722688e-09, 7.89623832986e-09, 7.77306929933e-09, 7.74984965091e-09],
        "mean": [5.48558273294e-06, 7.81311700848e-06, 1.38250406962e-05, 3.14125609293e-05, 7.41868498153e-05, 0.000155073779752, 0.000496433931403, 0.000825386843644, 0.000593539967667, 0.000694017158821, 0.000629772199318, 0.000570150848944, 0.000580946973059, 0.000637284887489, 0.000444522826001, 0.000191468541743, 0.000299080711557, 0.00039133100654, 0.000427597551607, 0.000595209712628, 0.000381592573831, 0.000519979803357, 0.000496886961628, 0.00041335527203, 0.000513483479153, 0.000288080249447, 0.000259837077465, 0.000216554384679, 0.000309812661726, 0.000316755205858, 0.00018532332615, 0.000110904009489, 0.000138008836075, 6.08205627941e-05, 5.92858486925e-05, 5.04115778313e-05, 4.34286848758e-05, 4.69133374281e-05, 5.83308756177e-05, 7.69246762502e-05, 5.50779477635e-05, 4.35246511188e-05, 2.68470721494e-05, 2.92964741675e-05, 6.44650135655e-05, 5.18389606441e-05, 4.45890218543e-05, 2.796413537e-05, 1.99786118174e-05, 3.05477005895e-05, 2.19597823161e-05, 1.57942540682e-05, 2.45107094088e-05, 1.64866723935e-05, 1.72185027623e-05, 1.68391125044e-05, 1.49178422362e-05, 2.01796137844e-05, 1.05771587187e-05, 4.8471520131e-06, 5.66419203096e-06, 5.59412364964e-06, 2.54737324212e-06, 2.28007661462e-06, 2.52065729001e-06, 1.42740930187e-06, 2.90612024401e-06, 2.99806038129e-06, 2.63897118202e-06, 2.21291520575e-06, 2.37132280745e-06, 1.43082274917e-06, 1.05369406356e-06, 8.20149182346e-07, 6.26774408374e-07, 5.62343700494e-07, 3.86060690971e-07, 2.72113169331e-07, 2.41351756358e-07, 2.85824199864e-07, 1.54497939775e-07, 8.26091195449e-08, 7.21787145608e-08, 6.75634979075e-08, 4.99025318845e-08, 3.60217526918e-08, 4.32911875237e-08, 3.16400914357e-08, 2.858717707e-08, 3.3087101059e-08, 1.71222751533e-08, 1.7687494136e-08, 1.73805503323e-08, 1.71840923713e-08, 2.78302128009e-08, 1.44869654051e-08, 1.52225574368e-08, 1.52571288936e-08, 1.76201186974e-08, 2.06819343873e-08, 1.23087824377e-08, 1.20362013689e-08, 1.28904051877e-08, 2.29315038069e-08, 1.66233693477e-08, 1.40889833133e-08, 1.54163366517e-08, 2.34269448285e-09, 2.25378729568e-10, 2.38377009104e-11, 1.93726857473e-11, 1.87764317983e-11, 1.82023580236e-11, 1.77083087777e-11, 1.71593815546e-11, 1.66432041759e-11, 1.61616171834e-11, 1.55883535247e-11, 1.52616391746e-11, 1.48949342443e-11, 1.4614412111e-11, 1.44068645902e-11, 1.40776374932e-11, 1.38190552751e-11, 1.37251642343e-11, 1.36277031326e-11, 1.35178378907e-11, 1.34196733587e-11],
        "min": [2.48998510699e-09, 4.30143849428e-08, 1.32107757622e-07, 9.18943712236e-08, 9.76397416252e-08, 7.71299937696e-07, 2.54057056281e-07, 2.72142528956e-07, 1.28178703562e-06, 3.88261724993e-07, 2.27680160947e-07, 5.26425424141e-07, 5.52129392872e-07, 9.06044647309e-07, 7.53655172048e-07, 1.50219790385e-07, 5.67291124298e-07, 1.57477415996e-07, 4.36678931237e-07, 9.48738886564e-07, 1.98043139221e-07, 9.96662947728e-08, 2.57905696799e-07, 5.12899873684e-07, 4.54019527751e-07, 2.82549365238e-07, 6.07405610253e-08, 2.3289526041e-07, 1.82032493967e-07, 2.68546472171e-07, 2.24571223839e-07, 1.16437682607e-07, 9.53296748207e-08, 1.67557274722e-07, 2.33427286389e-07, 1.19650636066e-07, 3.54192692953e-08, 1.06754235674e-07, 2.41272488211e-07, 1.73342726839e-07, 1.49541094174e-07, 1.42609536624e-07, 1.21250039342e-07, 6.3417758156e-08, 8.48788914709e-08, 9.66606634734e-08, 9.12450630608e-08, 4.04637816587e-08, 1.24758074094e-07, 1.43541413422e-07, 6.36307149193e-08, 4.70924561569e-08, 4.5166686391e-08, 4.67097684975e-08, 2.98151903166e-08, 3.29095719565e-08, 3.2495890423e-08, 2.53437679731e-08, 6.89170498447e-09, 6.01244520837e-09, 6.66642563374e-09, 1.023499685e-08, 1.00875565678e-08, 2.05539407716e-08, 8.76543992945e-09, 1.19893943662e-08, 2.13089332846e-08, 7.70022268171e-09, 9.30538934796e-09, 9.35855659634e-09, 1.09929638725e-08, 1.84129298475e-08, 9.3367038545e-09, 6.23438589642e-09, 5.2928030847e-09, 8.33334468098e-09, 5.63905944162e-09, 4.10935196982e-09, 2.48876208531e-09, 4.88262541509e-09, 5.20186338449e-09, 4.0476089147e-09, 5.26103960397e-09, 5.39408295808e-09, 2.63158450586e-09, 3.07854963744e-09, 3.37509620252e-09, 3.67420271985e-09, 3.89461440875e-09, 5.17031839564e-09, 1.46944068025e-09, 2.15191953146e-09, 2.71032485344e-09, 3.48632189784e-09, 3.81290377049e-09, 1.22341048403e-09, 2.87333556948e-09, 2.78205414261e-09, 3.99344779467e-09, 3.70282560169e-09, 2.48578890805e-09, 2.65011967926e-09, 2.79107648105e-09, 5.94476734506e-09, 3.8421497095e-09, 4.16762979683e-09, 3.09449088576e-09, 9.75100208911e-12, 7.26299229092e-13, 5.50406291724e-13, 4.98790787319e-13, 4.52494866663e-13, 5.64009776383e-13, 6.14827362199e-13, 5.07320802121e-13, 5.90975510716e-13, 5.49165368128e-13, 5.23442021064e-13, 5.42223655298e-13, 5.29402043037e-13, 5.63728100658e-13, 6.85561904554e-13, 6.01730525216e-13, 6.27882565819e-13, 5.0256890663e-13, 5.47770325193e-13, 6.85181186962e-13, 6.49633396122e-13],
        "stdev": [7.29847306502e-06, 7.99899225967e-06, 1.3706032405e-05, 3.46162778442e-05, 9.11177121452e-05, 0.00021498661954, 0.000528905482497, 0.000998281058855, 0.00114489591215, 0.000995697802864, 0.000798408465926, 0.000996818300337, 0.0011359032942, 0.0013266679598, 0.00109827914275, 0.000408475490985, 0.000725215300918, 0.00106193835381, 0.00150266382843, 0.00261585135013, 0.00121088465676, 0.00186306901742, 0.00160643726122, 0.00130204530433, 0.00191050546709, 0.00108475540765, 0.000930628390051, 0.000734013738111, 0.00102733517997, 0.000856107741129, 0.000583532033488, 0.000314154836815, 0.00046553221182, 0.000222470378503, 0.000195728149265, 0.00015899137361, 0.000139730153023, 0.000188936348422, 0.000167723483173, 0.000280812586425, 0.000194571650354, 0.00014118742547, 7.62186391512e-05, 9.21750543057e-05, 0.000222021873924, 0.000202354320209, 0.000180566727067, 0.000153273329488, 7.09612722858e-05, 8.40003558551e-05, 8.72439632076e-05, 6.07883848716e-05, 9.67568557826e-05, 6.55418116366e-05, 6.04625529377e-05, 5.83770379308e-05, 6.69891160214e-05, 9.32125476538e-05, 4.0006605559e-05, 1.31951301228e-05, 1.43031465996e-05, 1.19837095554e-05, 5.48333491679e-06, 4.11326573158e-06, 7.11866823622e-06, 3.27514180753e-06, 9.28276040213e-06, 7.95586129243e-06, 8.55426515045e-06, 6.23837922831e-06, 6.1804453253e-06, 3.45179546457e-06, 2.31594117395e-06, 2.13592170439e-06, 1.46040179061e-06, 1.15592001748e-06, 8.15268265342e-07, 5.73592103592e-07, 4.50783034012e-07, 4.75358461927e-07, 3.27612212914e-07, 1.46616727648e-07, 1.13484610154e-07, 8.55270130273e-08, 8.32370048442e-08, 5.19390148668e-08, 4.16016732174e-08, 3.38403012279e-08, 3.44922064244e-08, 2.47041409551e-08, 1.50493590922e-08, 1.18165184304e-08, 1.08973443602e-08, 9.04721630945e-09, 1.26739401196e-08, 6.9227814592e-09, 6.86213352807e-09, 6.64694388419e-09, 6.88873980081e-09, 8.48682102372e-09, 4.91051865836e-09, 4.9586379447e-09, 5.17842924097e-09, 7.31590299452e-09, 5.45370681948e-09, 4.77938577603e-09, 5.72035041557e-09, 2.1327200006e-09, 5.40023858964e-10, 3.84399068132e-10, 3.66778413197e-10, 3.54632073707e-10, 3.40087791262e-10, 3.30077104538e-10, 3.17580239884e-10, 3.06131592298e-10, 2.98170460544e-10, 2.88262663739e-10, 2.81148354597e-10, 2.71834110777e-10, 2.65466093552e-10, 2.61737909124e-10, 2.54943011146e-10, 2.49787690532e-10, 2.4751720118e-10, 2.44387010628e-10, 2.41389019884e-10, 2.40150732633e-10]
    },
    "mfcc": {
        "mean": [-698.163085938, 174.066299438, -28.1949176788, 9.53594207764, -9.02397918701, -12.4325847626, -6.52058839798, -11.8418083191, -5.89342212677, -6.09954500198, -7.95224094391, -7.04380655289, -9.76683139801],
        "cov": [[1445.61535645, 274.981445312, -698.694030762, 108.059791565, -124.046379089, -126.301528931, 16.2017459869, -41.534286499, 84.1891708374, 59.8964271545, -61.556804657, -74.3529129028, -60.8157234192], [274.981445312, 347.350585938, -39.4890289307, -169.034301758, -25.9523506165, -65.381652832, 25.9030246735, 22.3688392639, -21.4076328278, 21.5548057556, 14.396818161, -56.8720397949, -58.403881073], [-698.694030762, -39.4890289307, 527.771240234, -36.2677307129, 28.8637943268, 78.2294769287, -18.2889118195, 18.8097076416, -84.7048721313, -61.5789794922, 48.4305648804, 26.1272010803, 13.3538780212], [108.059791565, -169.034301758, -36.2677307129, 338.585784912, 116.837440491, -25.0375328064, -92.4376525879, -65.0412521362, 3.70578956604, -53.948348999, -67.0735702515, 27.4333934784, 53.2879371643], [-124.046379089, -25.9523506165, 28.8637943268, 116.837440491, 210.210906982, -18.8596096039, -89.9505157471, -20.4976711273, -18.6747817993, -34.8718795776, -35.9029884338, -1.29069256783, 21.0260601044], [-126.301528931, -65.381652832, 78.2294769287, -25.0375328064, -18.8596096039, 119.451911926, 50.6212120056, 5.77031755447, -15.3493204117, -11.5115270615, 27.2572231293, 5.45306491852, -12.9290475845], [16.2017459869, 25.9030246735, -18.2889118195, -92.4376525879, -89.9505157471, 50.6212120056, 152.605712891, 53.0411224365, -14.0278177261, 14.6477050781, 22.4793262482, -7.06833791733, -26.9189472198], [-41.534286499, 22.3688392639, 18.8097076416, -65.0412521362, -20.4976711273, 5.77031755447, 53.0411224365, 93.1809082031, 5.87751531601, -5.41715764999, 15.7923069, -16.6840877533, -17.7527427673], [84.1891708374, -21.4076328278, -84.7048721313, 3.70578956604, -18.6747817993, -15.3493204117, -14.0278177261, 5.87751531601, 87.403755188, 41.6576805115, -15.2425174713, 4.99877738953, 8.19362831116], [59.8964271545, 21.5548057556, -61.5789794922, -53.948348999, -34.8718795776, -11.5115270615, 14.6477050781, -5.41715764999, 41.6576805115, 90.2420654297, 26.7309570312, -10.8027601242, -7.48611688614], [-61.556804657, 14.396818161, 48.4305648804, -67.0735702515, -35.9029884338, 27.2572231293, 22.4793262482, 15.7923069, -15.2425174713, 26.7309570312, 84.6677703857, 12.3764772415, -21.9614753723], [-74.3529129028, -56.8720397949, 26.1272010803, 27.4333934784, -1.29069256783, 5.45306491852, -7.06833791733, -16.6840877533, 4.99877738953, -10.8027601242, 12.3764772415, 79.7627258301, 41.88621521], [-60.8157234192, -58.403881073, 13.3538780212, 53.2879371643, 21.0260601044, -12.9290475845, -26.9189472198, -17.7527427673, 8.19362831116, -7.48611688614, -21.9614753723, 41.88621521, 77.3653564453]],
        "icov": [[0.0118752503768, -0.0151372561231, 0.0150184268132, -0.0142234964296, 0.012822015211, -0.00914738420397, 0.00761706707999, -0.0052791251801, 0.00373338605277, -0.00213134940714, 0.000529613520484, -0.000730090541765, 0.00148181733675], [-0.0151372561231, 0.0252628102899, -0.0191076807678, 0.0214987769723, -0.0175319500268, 0.0164835937321, -0.0113684209064, 0.00903798174113, -0.0045206756331, 0.00446723448113, -0.00147505989298, 0.00337491184473, -3.49844995071e-05], [0.0150184268132, -0.0191076807678, 0.0219907090068, -0.0174912698567, 0.0164380539209, -0.0137915462255, 0.011883225292, -0.00842816382647, 0.00765480380505, -0.00240501994267, 0.000191131024621, -0.00165685627144, 0.000969428743701], [-0.0142234964296, 0.0214987769723, -0.0174912698567, 0.0241437312216, -0.0179030727595, 0.0136545011774, -0.00976402312517, 0.0103908544406, -0.00583395920694, 0.00667715119198, -0.000302872620523, 0.00217094714753, -0.00242473976687], [0.012822015211, -0.0175319500268, 0.0164380539209, -0.0179030727595, 0.0224562492222, -0.0128180617467, 0.0146802701056, -0.0102068567649, 0.00892381928861, -0.00534559274092, 0.00453066360205, -0.00239507830702, 0.00197921600193], [-0.00914738420397, 0.0164835937321, -0.0137915462255, 0.0136545011774, -0.0128180617467, 0.0248691719025, -0.0155655480921, 0.0121326558292, -0.00887589622289, 0.00935187097639, -0.00762375863269, 0.00527055421844, 6.36167314951e-05], [0.00761706707999, -0.0113684209064, 0.011883225292, -0.00976402312517, 0.0146802701056, -0.0155655480921, 0.0239842757583, -0.0160842575133, 0.013871723786, -0.0108053414151, 0.0088591678068, -0.00734897796065, 0.00412202998996], [-0.0052791251801, 0.00903798174113, -0.00842816382647, 0.0103908544406, -0.0102068567649, 0.0121326558292, -0.0160842575133, 0.026067879051, -0.0147237852216, 0.0144801493734, -0.0107148271054, 0.010058584623, -0.00336931808852], [0.00373338605277, -0.0045206756331, 0.00765480380505, -0.00583395920694, 0.00892381928861, -0.00887589622289, 0.013871723786, -0.0147237852216, 0.0299140587449, -0.0194267462939, 0.0143740065396, -0.0104019874707, 0.00442259432748], [-0.00213134940714, 0.00446723448113, -0.00240501994267, 0.00667715119198, -0.00534559274092, 0.00935187097639, -0.0108053414151, 0.0144801493734, -0.0194267462939, 0.0306412298232, -0.0175090711564, 0.0126365860924, -0.00669775111601], [0.000529613520484, -0.00147505989298, 0.000191131024621, -0.000302872620523, 0.00453066360205, -0.00762375863269, 0.0088591678068, -0.0107148271054, 0.0143740065396, -0.0175090711564, 0.0291570946574, -0.0147687420249, 0.0106529332697], [-0.000730090541765, 0.00337491184473, -0.00165685627144, 0.00217094714753, -0.00239507830702, 0.00527055421844, -0.00734897796065, 0.010058584623, -0.0104019874707, 0.0126365860924, -0.0147687420249, 0.0274888668209, -0.0147033361718], [0.00148181733675, -3.49844995071e-05, 0.000969428743701, -0.00242473976687, 0.00197921600193, 6.36167314951e-05, 0.00412202998996, -0.00336931808852, 0.00442259432748, -0.00669775111601, 0.0106529332697, -0.0147033361718, 0.0255687534809]]
    },
    "spectral_contrast_coeffs": {
        "max": [-0.398328959942, -0.417121946812, -0.492970049381, -0.604147911072, -0.624111950397, -0.636831462383],
        "mean": [-0.62152826786, -0.745712339878, -0.757706224918, -0.780306756496, -0.787273705006, -0.783621549606],
        "min": [-0.883673369884, -0.909054338932, -0.921696722507, -0.895705223083, -0.878131508827, -0.936139941216],
        "stdev": [0.0686149448156, 0.0778160393238, 0.0677463263273, 0.0517549477518, 0.0384199842811, 0.0374399349093]
    },
    "spectral_contrast_valleys": {
        "max": [-5.8547744751, -4.82053899765, -5.31785106659, -5.94273281097, -6.03317022324, -9.59244918823],
        "mean": [-7.33758687973, -6.40430688858, -7.28453111649, -7.74920225143, -8.25527858734, -11.5284042358],
        "min": [-9.2914390564, -8.12555408478, -9.22519302368, -9.09657859802, -9.68783283234, -12.0725345612],
        "stdev": [0.485579073429, 0.507816076279, 0.611598908901, 0.531116902828, 0.577235221863, 0.146529212594]
    }
},
"rhythm": {
    "beats_count": 106,
    "beats_loudness": {
        "max": 0.0938158556819,
        "mean": 0.0270252972841,
        "min": 0.00172869185917,
        "stdev": 0.0185897797346
    },
    "bpm": 133.116439819,
    "bpm_histogram_first_peak_bpm": 133,
    "bpm_histogram_first_peak_weight": 0.576086997986,
    "bpm_histogram_second_peak_bpm": 126,
    "bpm_histogram_second_peak_spread": 0,
    "bpm_histogram_second_peak_weight": 0.0380952395499,
    "danceability": 1.20422399044,
    "onset_rate": 2.9736328125,
    "beats_loudness_band_ratio": {
        "max": [0.902607440948, 0.923965632915, 0.885749578476, 0.709453165531, 0.612071216106, 0.17756998539],
        "mean": [0.158342957497, 0.271215289831, 0.367698639631, 0.168860793114, 0.0823381543159, 0.0124427415431],
        "min": [0.0034334694501, 0.00967314466834, 0.0214406363666, 0.0151317259297, 0.00262275454588, 0.00138390052598],
        "stdev": [0.14885404706, 0.18772174418, 0.206476956606, 0.160801276565, 0.104450777173, 0.0213867556304]
    },
