{
"metadata": {
    "version": {
        "essentia": "2.1-beta5",
        "essentia_git_sha": "Undefined",
        "extractor": "music 2.0"
    },
    "audio_properties": {
        "analysis": {
            "equal_loudness": 0,
            "length": 12.7477550507,
            "sample_rate": 44100,
            "start_time": 0,
            "downmix": "mix"
        },
        "bit_rate": 192000,
        "length": 199.064666748,
        "lossless": 0,
        "number_channels": 2,
        "replay_gain": 17.5625476837,
        "sample_rate": 44100,
        "codec": "mp3",
        "md5_encoded": "7dd5c40e2554af4d8ca2438a29020564"
    },
    "tags": {
        "file_name": "United KingdomUK_Making Your Mind Up_Bucks Fizz.mp3",
        "encoding": ["Lavf58.29.100"]
    }
},
"lowlevel": {
    "average_loudness": 0.000109356296889,
    "barkbands_crest": {
        "max": 13.8692436218,
        "mean": 6.45114564896,
        "min": 2.52524399757,
        "stdev": 0.908614099026
    },
    "barkbands_flatness_db": {
        "max": 0.168086782098,
        "mean": 0.0800972878933,
        "min": 0.0498457178473,
        "stdev": 0.0182359591126
    },
    "barkbands_kurtosis": {
        "max": 5.96818733215,
        "mean": 3.01310658455,
        "min": -1.06544864178,
        "stdev": 1.19409203529
    },
    "barkbands_skewness": {
        "max": 1.7818582058,
        "mean": -1.62917041779,
        "min": -2.32529854774,
        "stdev": 0.699533462524
    },
    "barkbands_spread": {
        "max": 51.1385574341,
        "mean": 25.6470031738,
        "min": 9.48784351349,
        "stdev": 4.34295797348
    },
    "dissonance": {
        "max": 0.499999880791,
        "mean": 0.492769837379,
        "min": 0.440759450197,
        "stdev": 0.00656415941194
    },
    "dynamic_complexity": 9.41188907623,
    "erbbands_crest": {
        "max": 10.1677980423,
        "mean": 3.72857689857,
        "min": 2.60928559303,
        "stdev": 1.01226127148
    },
    "erbbands_flatness_db": {
        "max": 0.257666260004,
        "mean": 0.111149556935,
        "min": 0.0813380926847,
        "stdev": 0.0374910198152
    },
    "erbbands_kurtosis": {
        "max": 2.39336776733,
        "mean": 0.154514417052,
        "min": -0.663112878799,
        "stdev": 0.362860023975
    },
    "erbbands_skewness": {
        "max": 1.30167329311,
        "mean": -0.524959564209,
        "min": -1.04599833488,
        "stdev": 0.383978486061
    },
    "erbbands_spread": {
        "max": 44.3748703003,
        "mean": 34.8812103271,
        "min": 15.294878006,
        "stdev": 4.83245801926
    },
    "hfc": {
        "max": 391.294616699,
        "mean": 12.2551498413,
        "min": 1.06063784824e-16,
        "stdev": 51.5568466187
    },
    "loudness_ebu128": {
        "integrated": -34.985622406,
        "loudness_range": 17.2292480469,
        "momentary": {
            "max": -32.2168426514,
            "mean": -272.460327148,
            "min": -300.691009521,
            "stdev": 79.8339309692
        },
        "short_term": {
            "max": -39.349571228,
            "mean": -266.224578857,
            "min": -300.691009521,
            "stdev": 85.3417739868
        }
    },
    "melbands_crest": {
        "max": 13.0686864853,
        "mean": 2.7056453228,
        "min": 1.49957489967,
        "stdev": 1.39079892635
    },
    "melbands_flatness_db": {
        "max": 0.162051573396,
        "mean": 0.0140942074358,
        "min": 0.00225269375369,
        "stdev": 0.0238141976297
    },
    "melbands_kurtosis": {
        "max": 7.89423084259,
        "mean": -0.879864156246,
        "min": -1.43367660046,
        "stdev": 1.02358973026
    },
    "melbands_skewness": {
        "max": 1.818557024,
        "mean": 0.0850426107645,
        "min": -0.388583809137,
        "stdev": 0.318840950727
    },
    "melbands_spread": {
        "max": 165.595031738,
        "mean": 123.21647644,
        "min": 14.129565239,
        "stdev": 31.0616455078
    },
    "pitch_salience": {
        "max": 0.935097396374,
        "mean": 0.791342973709,
        "min": 0.714921236038,
        "stdev": 0.0156177924946
    },
    "silence_rate_20dB": {
        "max": 1,
        "mean": 0.996363639832,
        "min": 0,
        "stdev": 0.0601925291121
    },
    "silence_rate_30dB": {
        "max": 1,
        "mean": 0.970909118652,
        "min": 0,
        "stdev": 0.168061345816
    },
    "silence_rate_60dB": {
        "max": 1,
        "mean": 0.918181836605,
        "min": 0,
        "stdev": 0.274087607861
    },
    "spectral_centroid": {
        "max": 11919.6835938,
        "mean": 10127.3076172,
        "min": 1023.09222412,
        "stdev": 2653.45361328
    },
    "spectral_complexity": {
        "max": 60,
        "mean": 3.79636359215,
        "min": 0,
        "stdev": 13.0151815414
    },
    "spectral_decrease": {
        "max": 2.270587145e-28,
        "mean": -1.77214876107e-09,
        "min": -1.11039874184e-07,
        "stdev": 9.07184993792e-09
    },
    "spectral_energy": {
        "max": 0.45458188653,
        "mean": 0.00780007895082,
        "min": 9.84989548205e-21,
        "stdev": 0.03853976354
    },
    "spectral_energyband_high": {
        "max": 0.0235442109406,
        "mean": 0.000551964330953,
        "min": 6.93378574697e-21,
        "stdev": 0.00237602670677
    },
    "spectral_energyband_low": {
        "max": 0.00644615618512,
        "mean": 6.80028679199e-05,
        "min": 8.22434352031e-24,
        "stdev": 0.00050005823141
    },
    "spectral_energyband_middle_high": {
        "max": 0.112291552126,
        "mean": 0.00421017734334,
        "min": 1.0646696998e-21,
        "stdev": 0.0174327939749
    },
    "spectral_energyband_middle_low": {
        "max": 0.350063145161,
        "mean": 0.00301853450947,
        "min": 1.25291205614e-22,
        "stdev": 0.0231521353126
    },
    "spectral_entropy": {
        "max": 9.82626056671,
        "mean": 9.63099384308,
        "min": 7.64042711258,
        "stdev": 0.50781083107
    },
    "spectral_flux": {
        "max": 0.470290631056,
        "mean": 0.0149722984061,
        "min": 6.18690515486e-11,
        "stdev": 0.0575682260096
    },
    "spectral_kurtosis": {
        "max": 9.45042610168,
        "mean": -0.84041839838,
        "min": -1.27674996853,
        "stdev": 1.16606235504
    },
    "spectral_rms": {
        "max": 0.0210593100637,
        "mean": 0.000700592179783,
        "min": 3.09994412952e-12,
        "stdev": 0.00266814674251
    },
    "spectral_rolloff": {
        "max": 19702.8808594,
        "mean": 17257.4121094,
        "min": 1227.39257812,
        "stdev": 4590.92138672
    },
    "spectral_skewness": {
        "max": 2.18427968025,
        "mean": 0.125980511308,
        "min": -0.108197249472,
        "stdev": 0.379758328199
    },
    "spectral_spread": {
        "max": 43344764,
        "mean": 36861612,
        "min": 3537516,
        "stdev": 10996185
    },
    "spectral_strongpeak": {
        "max": 8.89741802216,
        "mean": 0.193649202585,
        "min": 0,
        "stdev": 0.861460447311
    },
    "zerocrossingrate": {
        "max": 0.53564453125,
        "mean": 0.46047142148,
        "min": 0.0009765625,
        "stdev": 0.119837760925
    },
    "barkbands": {
        "max": [0.000119140619063, 0.00226806802675, 0.00414883578196, 0.0189060792327, 0.0327204801142, 0.0304899327457, 0.0772102996707, 0.138617128134, 0.179235473275, 0.0130782658234, 0.0162975937128, 0.0305315852165, 0.0435122810304, 0.0258990135044, 0.0190203655511, 0.0230225734413, 0.013672134839, 0.0128772929311, 0.00417986791581, 0.00936984270811, 0.00548887485638, 0.00558226555586, 0.0062036360614, 0.00412858137861, 0.000300028681522, 2.92507556878e-05, 2.9008688216e-05],
        "mean": [1.02295268789e-06, 2.27692326007e-05, 3.58807883458e-05, 6.86955900164e-05, 0.000354445393896, 0.000272081815638, 0.000476061046356, 0.000720122596249, 0.00105537485797, 0.000281359825749, 0.000343309948221, 0.000504553026985, 0.000727125327103, 0.000622548046522, 0.000537775282282, 0.000539378321264, 0.000316059857141, 0.000191474828171, 0.00011569239723, 0.000121569457406, 0.000108767599158, 0.000120048345707, 0.000152886990691, 0.000104559541796, 6.39240442979e-06, 5.93574149832e-08, 5.42881331e-08],
        "min": [1.42366639686e-25, 9.02845685391e-25, 3.52077496685e-25, 5.96574876282e-25, 7.12616394326e-24, 3.73517552798e-24, 3.23395283311e-24, 6.48937412132e-24, 1.07791003274e-23, 9.72170959236e-24, 1.01425179759e-23, 1.97277909193e-23, 2.02701170144e-23, 1.75431573937e-23, 3.82389311308e-23, 4.49637589331e-23, 5.71035141599e-23, 7.8963443067e-23, 9.14734959137e-23, 1.31504980923e-22, 1.86806212972e-22, 2.5476781689e-22, 3.15512883383e-22, 5.12023385532e-22, 6.42673493669e-22, 1.21187048838e-21, 1.83863327606e-21],
        "stdev": [7.97162374511e-06, 0.000171411258634, 0.000292939716019, 0.000876408186741, 0.00271538831294, 0.00212336843833, 0.00426393235102, 0.0072127613239, 0.0110325757414, 0.00133117742371, 0.00162062805612, 0.00241137715057, 0.00342108053155, 0.00270078587346, 0.00236245151609, 0.00239091925323, 0.00136321014725, 0.000921125989407, 0.00050252454821, 0.00060846429551, 0.000480370305013, 0.000549819669686, 0.000692052475642, 0.000443703931523, 3.02986099996e-05, 1.24647147004e-06, 1.23575591715e-06]
    },
    "erbbands": {
        "max": [0.0167405903339, 0.732808291912, 5.02239894867, 24.5227584839, 113.373123169, 122.036552429, 119.664924622, 353.573242188, 989.605957031, 2101.08984375, 2806.25439453, 2941.08129883, 1328.49230957, 559.732727051, 746.616882324, 1239.40722656, 1778.2611084, 1676.60461426, 1230.07751465, 1265.34350586, 1059.1842041, 698.168212891, 771.666992188, 365.061828613, 366.564910889, 334.035644531, 247.374801636, 158.574798584, 214.350906372, 194.845169067, 182.053970337, 159.593063354, 31.7646980286, 6.7322716713, 0.62588095665, 0.133722394705, 0.0542866885662, 0.0185539927334, 0.00425482820719, 0.000562299566809],
        "mean": [0.000208104625926, 0.00706579256803, 0.0452407673001, 0.111615002155, 0.993707716465, 0.927759647369, 1.26401329041, 2.59725809097, 6.30834007263, 11.390294075, 19.4152393341, 19.2369346619, 11.7765398026, 11.1525583267, 15.6229372025, 20.5317153931, 31.4021625519, 33.7884063721, 31.0843429565, 28.6428165436, 27.202911377, 17.619972229, 11.4887313843, 6.98380041122, 6.19761991501, 5.35708522797, 4.80078458786, 4.02715778351, 4.23571491241, 4.22907114029, 4.49222040176, 3.26728320122, 1.04529690742, 0.169826462865, 0.0113974176347, 0.000755567976739, 0.000151786211063, 4.54645960417e-05, 1.53100427269e-05, 1.18231691886e-05],
        "min": [2.42766216452e-23, 3.5146843138e-22, 5.19334674619e-22, 4.50078866761e-21, 4.0516917951e-21, 1.78762680725e-20, 2.46077750402e-20, 3.9699987431e-20, 5.10883225302e-20, 8.12839174812e-20, 1.90837197686e-19, 2.6834855765e-19, 3.94403257432e-19, 5.38495561049e-19, 4.76695863509e-19, 1.04171186897e-18, 1.02346292049e-18, 1.60769521046e-18, 2.09636911453e-18, 2.53719930556e-18, 3.44030124307e-18, 3.62149556984e-18, 4.32348239668e-18, 4.14259040443e-18, 5.84604479889e-18, 7.27285732288e-18, 6.10061004599e-18, 7.98443696328e-18, 9.75574415621e-18, 9.13517754424e-18, 8.40419472821e-18, 9.76405980291e-18, 8.38924840172e-18, 7.16004477658e-18, 4.75234907451e-18, 3.55349511963e-18, 2.10867776884e-18, 8.95715318038e-19, 2.40132108637e-19, 2.65483342949e-20],
        "stdev": [0.00135455850977, 0.0542533956468, 0.359428435564, 1.17038059235, 8.22184944153, 7.62166023254, 9.26357555389, 21.5400905609, 57.2486915588, 106.634742737, 183.57963562, 185.796096802, 77.6458816528, 52.1587028503, 74.1754455566, 97.1672744751, 146.051040649, 152.126708984, 130.572265625, 130.523468018, 117.269340515, 76.1363677979, 55.0629844666, 30.999130249, 29.1885204315, 25.1651630402, 21.8183841705, 17.1346473694, 19.3189582825, 19.5468006134, 20.3605899811, 14.2581987381, 4.44018983841, 0.755122840405, 0.0520819872618, 0.00608184700832, 0.00232058018446, 0.000791383732576, 0.00018386344891, 5.60409498576e-05]
    },
    "gfcc": {
        "mean": [-1139.85119629, 3.4245223999, -21.4088497162, 2.03872346878, -9.36696529388, 2.59104609489, -4.50916385651, -0.694511890411, -0.189106360078, -1.41550409794, 0.044706903398, -1.40413165092, 0.0665093287826],
        "cov": [[144259.59375, 4790.15625, -24304.1972656, 2484.19482422, -10666.5771484, 2968.7253418, -5155.05957031, -884.052246094, -146.546356201, -1740.09484863, 139.336334229, -1721.28625488, 114.942680359], [4790.15625, 343.882385254, -717.543518066, 114.057846069, -330.08706665, 83.4823379517, -170.265380859, -43.8292503357, 2.86571264267, -77.3106460571, 15.5801382065, -80.7294006348, 3.96964025497], [-24304.1972656, -717.543518066, 4179.96484375, -402.381225586, 1821.22351074, -516.224304199, 869.712036133, 142.731842041, 22.138086319, 286.442749023, -19.3517913818, 276.485809326, -25.1114044189], [2484.19482422, 114.057846069, -402.381225586, 54.1677246094, -177.249053955, 49.9410095215, -89.873664856, -17.8779640198, -2.5502550602, -33.4018249512, 4.5113735199, -33.2999153137, 3.25425601006], [-10666.5771484, -330.08706665, 1821.22351074, -177.249053955, 800.667419434, -221.047729492, 381.959838867, 63.164440155, 9.84702014923, 127.552810669, -9.1338262558, 123.881217957, -9.61733341217], [2968.7253418, 83.4823379517, -516.224304199, 49.9410095215, -221.047729492, 69.8113021851, -103.188598633, -15.9105405807, -1.70518803596, -35.6182250977, 2.61653113365, -33.3679199219, 4.17086076736], [-5155.05957031, -170.265380859, 869.712036133, -89.873664856, 381.959838867, -103.188598633, 189.110305786, 34.2241325378, 6.93010997772, 61.2144393921, -4.78110408783, 60.4171867371, -4.44115495682], [-884.052246094, -43.8292503357, 142.731842041, -17.8779640198, 63.164440155, -15.9105405807, 34.2241325378, 10.6734256744, 1.56461405754, 11.7046356201, -2.4505918026, 11.4389886856, -1.75788164139], [-146.546356201, 2.86571264267, 22.138086319, -2.5502550602, 9.84702014923, -1.70518803596, 6.93010997772, 1.56461405754, 4.17769813538, 0.967358887196, 0.915227532387, 1.00911331177, 0.248183503747], [-1740.09484863, -77.3106460571, 286.442749023, -33.4018249512, 127.552810669, -35.6182250977, 61.2144393921, 11.7046356201, 0.967358887196, 25.8540287018, -2.41911840439, 24.0312900543, -2.28478002548], [139.336334229, 15.5801382065, -19.3517913818, 4.5113735199, -9.1338262558, 2.61653113365, -4.78110408783, -2.4505918026, 0.915227532387, -2.41911840439, 4.63779973984, -1.51219928265, 1.74766075611], [-1721.28625488, -80.7294006348, 276.485809326, -33.2999153137, 123.881217957, -33.3679199219, 60.4171867371, 11.4389886856, 1.00911331177, 24.0312900543, -1.51219928265, 27.3219738007, 0.563208758831], [114.942680359, 3.96964025497, -25.1114044189, 3.25425601006, -9.61733341217, 4.17086076736, -4.44115495682, -1.75788164139, 0.248183503747, -2.28478002548, 1.74766075611, 0.563208758831, 4.88763809204]],
        "icov": [[0.0018170789117, -0.00418636342511, 0.00341542740352, -0.000244451075559, 0.00778321037069, -0.00801142863929, 0.0106808943674, -0.00654384354129, 0.012043826282, -0.00509696546942, -0.00424842862412, 0.00497560761869, 0.0058327964507], [-0.00418636342511, 0.0537665709853, -0.0287080965936, -0.0556508339942, 0.00548291672021, 0.0229694824666, -0.00389119563624, 0.067610271275, -0.110895261168, 0.0751441866159, -0.0168478824198, 0.0383980236948, -0.00133277906571], [0.00341542740352, -0.0287080965936, 0.142357349396, -0.0176162756979, -0.171175852418, 0.207048043609, -0.141590178013, -0.0296845659614, 0.109914533794, 0.0295774880797, -0.0421966351569, -0.0107930544764, 0.0578596070409], [-0.000244451075559, -0.0556508339942, -0.0176162756979, 0.307695925236, -0.0667855814099, -0.141517683864, 0.235881134868, -0.147722750902, 0.0768047645688, 0.00636285403743, -0.0325771048665, 0.0352378040552, -0.0872115939856], [0.00778321037069, 0.00548291672021, -0.171175852418, -0.0667855814099, 0.413400113583, -0.268765598536, 0.0270643141121, 0.106348767877, -0.00894244387746, -0.176482573152, 0.0710385814309, 0.0103609086946, -0.0254871640354], [-0.00801142863929, 0.0229694824666, 0.207048043609, -0.141517683864, -0.268765598536, 0.585030198097, -0.394993305206, 0.0406784079969, 0.015904115513, 0.135358452797, -0.0382335819304, -0.0375373288989, 0.0358348451555], [0.0106808943674, -0.00389119563624, -0.141590178013, 0.235881134868, 0.0270643141121, -0.394993305206, 0.787501573563, -0.321456819773, -0.162286296487, 0.0810284093022, -0.0712434276938, 0.102267086506, -0.0824503302574], [-0.00654384354129, 0.067610271275, -0.0296845659614, -0.147722750902, 0.106348767877, 0.0406784079969, -0.321456819773, 0.525160193443, -0.128815382719, 0.000867851602379, 0.106230892241, -0.0256335679442, 0.0880745723844], [0.012043826282, -0.110895261168, 0.109914533794, 0.0768047645688, -0.00894244387746, 0.015904115513, -0.162286296487, -0.128815382719, 0.599395871162, -0.145231887698, -0.0756212621927, -0.0139294015244, 0.0257661864161], [-0.00509696546942, 0.0751441866159, 0.0295774880797, 0.00636285403743, -0.176482573152, 0.135358452797, 0.0810284093022, 0.000867851602379, -0.145231887698, 0.616718411446, -0.0804877877235, -0.149486556649, 0.159399956465], [-0.00424842862412, -0.0168478824198, -0.0421966351569, -0.0325771048665, 0.0710385814309, -0.0382335819304, -0.0712434276938, 0.106230892241, -0.0756212621927, -0.0804877877235, 0.37913158536, -0.089331202209, -0.0946878790855], [0.00497560761869, 0.0383980236948, -0.0107930544764, 0.0352378040552, 0.0103609086946, -0.0375373288989, 0.102267086506, -0.0256335679442, -0.0139294015244, -0.149486556649, -0.089331202209, 0.438192337751, -0.178709447384], [0.0058327964507, -0.00133277906571, 0.0578596070409, -0.0872115939856, -0.0254871640354, 0.0358348451555, -0.0824503302574, 0.0880745723844, 0.0257661864161, 0.159399956465, -0.0946878790855, -0.178709447384, 0.427527487278]]
    },
    "melbands": {
        "max": [0.000349858077243, 0.00191964453552, 0.00753919268027, 0.00785999465734, 0.00455053476617, 0.00806668307632, 0.0163136348128, 0.0270718950778, 0.0271427873522, 0.0187029335648, 0.0064938464202, 0.00219207233749, 0.00229205843061, 0.00240676151589, 0.0042963558808, 0.00441669579595, 0.0034128385596, 0.00205988273956, 0.00156325695571, 0.00186630152166, 0.00130993011408, 0.00071303488221, 0.000791027559899, 0.000622283201665, 0.000259318243479, 0.000175691544428, 0.000411432120018, 0.000186840712558, 0.000148374558194, 0.000126222570543, 8.2311402366e-05, 0.000114873655548, 0.000132259257953, 0.000104400758573, 0.000119897376862, 0.000129434716655, 8.49495190778e-05, 2.5108058253e-05, 1.41343307405e-05, 4.74122134619e-06],
        "mean": [3.72807880922e-06, 1.77187976078e-05, 4.71095772809e-05, 7.64913202147e-05, 4.17665942223e-05, 6.00836028752e-05, 9.59517783485e-05, 0.000128629355459, 0.000185048338608, 0.00011825493857, 5.80841697229e-05, 4.36326918134e-05, 4.96178108733e-05, 4.98569061165e-05, 6.91219611326e-05, 6.95462658769e-05, 6.12400108366e-05, 5.03528535774e-05, 3.9511720388e-05, 3.83720507671e-05, 3.0402396078e-05, 1.8800905309e-05, 1.35549544211e-05, 7.88170837041e-06, 5.35549952474e-06, 4.3469344746e-06, 4.56697353002e-06, 3.32631157107e-06, 3.06494962388e-06, 2.65363223662e-06, 2.22226481128e-06, 2.31688932217e-06, 2.47296429734e-06, 2.33190644394e-06, 2.64813115791e-06, 2.36004621001e-06, 1.87321506928e-06, 8.04320109182e-07, 3.27385293986e-07, 7.09152843115e-08],
        "min": [3.11138179502e-25, 4.50138281319e-25, 1.05474676915e-24, 1.01335020846e-24, 7.41634810358e-25, 7.76959656567e-25, 7.20482885691e-25, 7.89475427866e-25, 1.646049688e-24, 1.47748963686e-24, 1.35413368218e-24, 1.88094100975e-24, 1.14027861837e-24, 2.11611444787e-24, 1.49769630895e-24, 2.07634698357e-24, 2.55477948688e-24, 2.89976689897e-24, 2.51046384503e-24, 3.26816119462e-24, 2.83591038363e-24, 3.51417062335e-24, 2.79548540376e-24, 3.40614085555e-24, 2.36987601273e-24, 3.70242912294e-24, 3.8942970556e-24, 3.88191391154e-24, 2.48863073897e-24, 3.37401331189e-24, 4.09610936883e-24, 4.6110588351e-24, 4.83112223423e-24, 4.50815429659e-24, 4.18451977149e-24, 4.87167639008e-24, 5.04372695351e-24, 5.13113313624e-24, 5.1921495551e-24, 4.95650181436e-24],
        "stdev": [2.66511760856e-05, 0.000137559560244, 0.000427020248026, 0.000601843057666, 0.000318034697557, 0.000487889104988, 0.000893258664291, 0.0012986457441, 0.00181141367648, 0.0011468908051, 0.000382870668545, 0.000205335280043, 0.000231345940847, 0.000229144701734, 0.000356038566679, 0.000331831921358, 0.000280331296381, 0.000212484912481, 0.000180069328053, 0.000175450462848, 0.000133517372888, 8.16607789602e-05, 6.32976807537e-05, 3.97718358727e-05, 2.37173935602e-05, 1.95307493414e-05, 2.43516624323e-05, 1.54829249368e-05, 1.43437100633e-05, 1.18593343359e-05, 9.39223718888e-06, 1.03979609776e-05, 1.18682091852e-05, 1.08504746095e-05, 1.22893407024e-05, 1.08305739559e-05, 8.07891865406e-06, 3.38286031365e-06, 1.4874790395e-06, 3.46008590668e-07]
    },
    "melbands128": {
        "max": [4.99971465615e-05, 0.000126222526887, 0.000138220042572, 0.00150916539133, 0.00298626767471, 0.00153043377213, 0.00238312245347, 0.0130754848942, 0.0146833481267, 0.0113595034927, 0.00805241707712, 0.00746442936361, 0.00542342336848, 0.00365412724204, 0.00707919569686, 0.0107127707452, 0.015515787527, 0.0279948078096, 0.0193663109094, 0.0237447619438, 0.0504218302667, 0.01054857485, 0.0313856303692, 0.0516387075186, 0.0128180142492, 0.0116173317656, 0.0176876746118, 0.00206740596332, 0.00382281118073, 0.00151628081221, 0.003985773772, 0.00264229625463, 0.00198429776356, 0.00430084345862, 0.0039917700924, 0.00198211940005, 0.00346129667014, 0.0082038352266, 0.00338415242732, 0.00573570420966, 0.00428841356188, 0.00458218250424, 0.00523039093241, 0.00293225399218, 0.0024723301176, 0.00282085244544, 0.00192661280744, 0.00201975810342, 0.0025394493714, 0.00186089274939, 0.00190258631483, 0.00208766036667, 0.00136040244251, 0.00189647998195, 0.00100553163793, 0.00101163657382, 0.000840805994812, 0.00120593118481, 0.00058339786483, 0.000752488616854, 0.000742356060073, 0.000373480492271, 0.000508135941345, 0.000204192299861, 0.000390737666748, 0.000185459284694, 0.000210716112633, 0.000527655181941, 0.000544608745258, 0.000164103636052, 0.00012318676454, 0.000266282877419, 0.000286770868115, 0.000155403962708, 0.00022184100817, 0.000138046743814, 0.000100777993794, 8.2889040641e-05, 9.47306907619e-05, 8.33489975776e-05, 0.000180133472895, 0.00016002439952, 0.000166972575244, 0.000159454240929, 0.000140303454828, 0.000127029925352, 0.000152074091602, 0.000169904364157, 0.000141231983434, 0.000105708575575, 0.000155870860908, 0.000130249900394, 0.000117294199299, 0.000114905044029, 5.27933843841e-05, 2.86115409835e-05, 2.72701345239e-05, 2.75562142633e-05, 1.53045457409e-05, 1.36646804094e-05, 8.02528120403e-06, 3.33493539983e-06, 2.78069364867e-06, 5.93744005073e-07, 6.36609968296e-07, 2.44841658059e-07, 2.33890304457e-07, 2.26982010076e-07, 2.06106818723e-07, 1.95034658645e-07, 1.83815458854e-07, 1.75614133013e-07, 1.67414711427e-07, 1.59261858812e-07, 1.54422181708e-07, 1.46425293224e-07, 1.406106378e-07, 1.37081670459e-07, 1.32921954332e-07, 1.28381557829e-07, 1.25366966586e-07, 1.22824843629e-07, 1.19154783818e-07, 1.17578821346e-07, 1.15740441231e-07, 1.14082659763e-07, 1.11508114742e-07, 1.11904832067e-07],
        "mean": [5.96084305471e-07, 1.18798084259e-06, 1.54959798238e-06, 1.47716664287e-05, 2.62426492554e-05, 1.33933981488e-05, 8.26670384413e-06, 4.9141515774e-05, 0.000119747710414, 9.25517815631e-05, 3.57306344085e-05, 4.39617615484e-05, 4.48124337709e-05, 3.76441203116e-05, 4.55116496596e-05, 7.86101591075e-05, 9.95735899778e-05, 0.000104504608316, 8.36920298752e-05, 0.000133724766783, 0.000164813987794, 7.17254224583e-05, 0.000218329048948, 0.00027945660986, 7.75858643465e-05, 9.95860755211e-05, 8.77244237927e-05, 4.1049454012e-05, 4.92111394124e-05, 3.29327704094e-05, 4.53361026302e-05, 5.58990323043e-05, 4.1326162318e-05, 5.31560835952e-05, 5.9011286794e-05, 4.16465009039e-05, 4.38833303633e-05, 8.78514329088e-05, 6.5862936026e-05, 6.67880449328e-05, 7.38773815101e-05, 6.92280154908e-05, 6.86862549628e-05, 4.85758391733e-05, 5.35007711733e-05, 5.27453776158e-05, 4.55711160612e-05, 3.88518928958e-05, 3.69049084838e-05, 3.84751292586e-05, 3.98599950131e-05, 3.83099504688e-05, 3.05347930407e-05, 2.91686847049e-05, 2.3278491426e-05, 1.71697793121e-05, 1.57925878739e-05, 1.5371993868e-05, 1.25528149511e-05, 1.0281246432e-05, 7.30767260393e-06, 6.43819203106e-06, 6.24455788056e-06, 4.81954748466e-06, 4.43903809355e-06, 4.4284292926e-06, 3.73173679691e-06, 5.37034338777e-06, 4.97026394441e-06, 3.33432194566e-06, 3.01822092297e-06, 3.6629146507e-06, 3.17612170875e-06, 2.88722776531e-06, 2.8730894428e-06, 2.94586629934e-06, 2.42698524744e-06, 2.26335737352e-06, 2.11363385461e-06, 2.22580001719e-06, 2.38958205045e-06, 2.15504337575e-06, 2.62267667495e-06, 2.69146244136e-06, 2.15480940824e-06, 2.20903098125e-06, 2.34817412093e-06, 2.62467756329e-06, 2.69137103714e-06, 2.63021843239e-06, 2.64373989012e-06, 2.0672437131e-06, 2.32447087001e-06, 2.11249016502e-06, 1.50806408783e-06, 9.54995698521e-07, 6.61930982915e-07, 5.56495081128e-07, 3.47420836988e-07, 2.14433143242e-07, 1.1597127525e-07, 4.11623837238e-08, 2.02327807841e-08, 1.11521565316e-08, 6.19997297946e-09, 2.67094701911e-09, 8.30258473083e-10, 5.53087298183e-10, 4.41648856375e-10, 4.13275025313e-10, 3.68588853883e-10, 3.32222277466e-10, 3.15924009175e-10, 3.01498048749e-10, 2.88997270559e-10, 2.74336775519e-10, 2.62280697161e-10, 2.56093146689e-10, 2.48307846507e-10, 2.4006982513e-10, 2.34746305727e-10, 2.29848098887e-10, 2.23338986194e-10, 2.20081702862e-10, 2.17228540711e-10, 2.14305018176e-10, 2.09936776296e-10, 2.10373163334e-10],
        "min": [4.30220702102e-26, 1.08906303204e-25, 5.10643530645e-26, 1.56882198032e-25, 2.5918944557e-25, 2.42170708312e-25, 2.87408208093e-25, 1.60188868753e-25, 1.68827844764e-25, 2.16473342458e-25, 1.13673081505e-25, 1.95351887543e-25, 2.29809849573e-25, 4.55019604689e-25, 3.02594100994e-25, 2.44423177368e-25, 3.85379185844e-25, 2.63007803522e-25, 5.62696406543e-25, 1.76682582101e-25, 1.79811315385e-25, 2.79109416022e-25, 5.73022546488e-25, 5.04881333141e-25, 6.02334251143e-25, 4.69571968327e-25, 7.64299326507e-25, 8.63763050957e-25, 2.35537201612e-25, 7.05771615884e-25, 7.64820270527e-25, 5.52461478639e-25, 5.14406236926e-25, 7.47343155779e-25, 9.29556811465e-25, 9.85048344374e-25, 9.31895291011e-25, 7.47540864044e-25, 5.79566591431e-25, 7.52026129935e-25, 1.18461200959e-24, 1.12496219364e-24, 5.12021510409e-25, 9.10880726749e-25, 7.23624425638e-25, 5.43278102323e-25, 6.64337682914e-25, 5.86731667122e-25, 9.5536232522e-25, 8.87505792051e-25, 1.69981598211e-24, 1.13586829426e-24, 1.57620660586e-24, 8.95286031337e-25, 1.32080815463e-24, 1.35083732828e-24, 1.26671073615e-24, 1.2473775303e-24, 1.34607813043e-24, 1.39948835245e-24, 1.74497333855e-24, 1.90510796079e-24, 1.69102432454e-24, 1.85012455292e-24, 1.20381603947e-24, 1.87069686203e-24, 1.57458894796e-24, 2.13705791605e-24, 1.39312342824e-24, 2.05225734089e-24, 2.71275164417e-24, 2.10247681776e-24, 1.66186210902e-24, 2.01273402903e-24, 1.78034842534e-24, 2.35822572045e-24, 1.73104718256e-24, 2.16273376079e-24, 2.49716345295e-24, 2.59425487544e-24, 2.29943290326e-24, 2.71735425312e-24, 2.00719445054e-24, 2.29034443677e-24, 1.88599918587e-24, 2.61370108562e-24, 2.32376157079e-24, 1.70652228588e-24, 2.88533823858e-24, 2.44994500018e-24, 1.58661059651e-24, 2.76623700519e-24, 2.54707448521e-24, 2.77633797465e-24, 2.45786753025e-24, 3.15943289048e-24, 3.36552359083e-24, 3.55463366577e-24, 3.23130817692e-24, 3.85839875682e-24, 3.63813498701e-24, 3.34522541088e-24, 4.37620508285e-24, 3.55052370045e-24, 4.39965633984e-24, 3.01339560705e-24, 3.79384902996e-24, 3.81894703409e-24, 3.89978713307e-24, 4.10589913267e-24, 3.48878665715e-24, 4.26208925316e-24, 4.19472447616e-24, 4.36906628609e-24, 4.62230878047e-24, 4.03312316428e-24, 4.81251655535e-24, 4.64936789281e-24, 4.23678851178e-24, 4.82994170389e-24, 5.12509401158e-24, 3.50551169163e-24, 5.21172079973e-24, 4.77225151703e-24, 4.75183855781e-24, 4.65135818887e-24, 5.23679553246e-24, 5.27697064064e-24],
        "stdev": [4.22106813858e-06, 8.4616121967e-06, 1.04244727481e-05, 0.000114790040243, 0.000211834165384, 0.000108282205474, 0.000104919134174, 0.000617108074948, 0.00101282983087, 0.000828226446174, 0.000382520229323, 0.000446182617452, 0.000344777916325, 0.000273938843748, 0.000415961432736, 0.000715045200195, 0.000848235387821, 0.0012958861189, 0.000914518488571, 0.00126894784626, 0.00223855650984, 0.00058587215608, 0.00221337121911, 0.00330315553583, 0.000716441485565, 0.000850018928759, 0.00087389460532, 0.000207549324841, 0.000300324260024, 0.000156283131219, 0.000249108590651, 0.000279893254628, 0.000191944112885, 0.000306904898025, 0.000307535869069, 0.000195644286578, 0.000231671685469, 0.000544575508684, 0.000318341772072, 0.000361692189472, 0.000367871805793, 0.000338019337505, 0.000365195272025, 0.000253198464634, 0.000244169932557, 0.000232797188801, 0.000213506631553, 0.000196805500309, 0.000184765085578, 0.00020032300381, 0.00018673876184, 0.000181707146112, 0.000140531992656, 0.000140161515446, 0.000104849110357, 8.29912387417e-05, 7.51581246732e-05, 7.97893881099e-05, 5.97839461989e-05, 5.61745182495e-05, 4.19939933636e-05, 3.1694828067e-05, 3.31656810886e-05, 2.08478322747e-05, 2.31291924138e-05, 2.08328783629e-05, 1.76166577148e-05, 3.0947590858e-05, 2.97143360513e-05, 1.5088166947e-05, 1.38968998726e-05, 1.92689949472e-05, 1.73089665623e-05, 1.36899980134e-05, 1.49181105371e-05, 1.37518291012e-05, 1.10066230263e-05, 1.01988571259e-05, 9.36166179599e-06, 9.46860927797e-06, 1.15751599878e-05, 1.0548269529e-05, 1.3677968127e-05, 1.27319617604e-05, 1.11646377263e-05, 1.08893409561e-05, 1.15670936793e-05, 1.25802735056e-05, 1.3449151993e-05, 1.19086789709e-05, 1.36100261443e-05, 9.79035030468e-06, 1.06947654785e-05, 9.59143653745e-06, 6.43998328087e-06, 3.97569465349e-06, 3.06005858874e-06, 2.71983640232e-06, 1.62587866726e-06, 1.08009351152e-06, 5.79643938181e-07, 2.16677022991e-07, 1.36694268349e-07, 5.27951193874e-08, 3.7196528524e-08, 1.59523949606e-08, 1.02528803225e-08, 9.75177982809e-09, 8.80594175356e-09, 8.32279045682e-09, 7.83416531647e-09, 7.48125117411e-09, 7.13185288603e-09, 6.7845680185e-09, 6.57831344952e-09, 6.23764018215e-09, 5.98997162982e-09, 5.83962789236e-09, 5.66242741584e-09, 5.46899814324e-09, 5.34056887602e-09, 5.23228038674e-09, 5.07592501364e-09, 5.00879915322e-09, 4.93047114247e-09, 4.85984541498e-09, 4.75015671242e-09, 4.76706762953e-09]
    },
    "mfcc": {
        "mean": [-1199.38818359, 4.75827169418, -5.36566734314, -2.39930772781, -1.78928434849, 0.442699790001, -2.2279548645, 0.181871801615, -0.937550723553, 0.54181021452, -0.867985010147, 0.544004559517, -0.639058113098],
        "cov": [[42597.2929688, 3146.65698242, -3311.43457031, -1460.22814941, -1099.08410645, 268.666229248, -1393.65795898, 113.390357971, -622.584411621, 337.808502197, -553.05859375, 337.894683838, -405.766967773], [3146.65698242, 292.758514404, -207.382492065, -81.0834350586, -68.2511672974, 16.0216617584, -100.636924744, 3.66377925873, -49.8436889648, 26.861158371, -40.0954437256, 24.9079113007, -31.5179481506], [-3311.43457031, -207.382492065, 298.755096436, 139.351318359, 99.1643447876, -24.869102478, 115.394691467, -12.0482130051, 44.772644043, -26.6555671692, 44.5160293579, -28.3913784027, 31.9660320282], [-1460.22814941, -81.0834350586, 139.351318359, 70.8830032349, 49.1025390625, -10.8539991379, 51.5278167725, -7.55994224548, 18.5956573486, -12.4500513077, 18.8216972351, -12.9296960831, 15.020737648], [-1099.08410645, -68.2511672974, 99.1643447876, 49.1025390625, 38.2779884338, -5.59950733185, 39.3678131104, -5.16037988663, 14.6548051834, -10.0673952103, 14.7091217041, -10.2023229599, 11.6877117157], [268.666229248, 16.0216617584, -24.869102478, -10.8539991379, -5.59950733185, 5.66825628281, -8.04030227661, 0.775958418846, -3.43658471107, 1.50037658215, -3.48476338387, 1.61045563221, -1.91637516022], [-1393.65795898, -100.636924744, 115.394691467, 51.5278167725, 39.3678131104, -8.04030227661, 51.0589599609, -2.57022118568, 20.7183303833, -10.6778097153, 18.9403400421, -11.5783214569, 13.2972126007], [113.390357971, 3.66377925873, -12.0482130051, -7.55994224548, -5.16037988663, 0.775958418846, -2.57022118568, 5.16893529892, 0.712317764759, 2.04315948486, -0.330486178398, 1.49022805691, -1.80726504326], [-622.584411621, -49.8436889648, 44.772644043, 18.5956573486, 14.6548051834, -3.43658471107, 20.7183303833, 0.712317764759, 12.856086731, -3.31171560287, 8.36541080475, -5.01348543167, 5.28992366791], [337.808502197, 26.861158371, -26.6555671692, -12.4500513077, -10.0673952103, 1.50037658215, -10.6778097153, 2.04315948486, -3.31171560287, 6.76413106918, -3.42371487617, 3.72615623474, -4.06161642075], [-553.05859375, -40.0954437256, 44.5160293579, 18.8216972351, 14.7091217041, -3.48476338387, 18.9403400421, -0.330486178398, 8.36541080475, -3.42371487617, 10.3862533569, -3.61548185349, 5.52392911911], [337.894683838, 24.9079113007, -28.3913784027, -12.9296960831, -10.2023229599, 1.61045563221, -11.5783214569, 1.49022805691, -5.01348543167, 3.72615623474, -3.61548185349, 4.90411996841, -2.78037500381], [-405.766967773, -31.5179481506, 31.9660320282, 15.020737648, 11.6877117157, -1.91637516022, 13.2972126007, -1.80726504326, 5.28992366791, -4.06161642075, 5.52392911911, -2.78037500381, 5.83952617645]],
        "icov": [[0.00128757709172, -0.00681809615344, 0.00822061672807, 0.00144503137562, 0.000279940024484, 0.0013597101206, -0.00143179355655, -0.00784310419112, 0.0115306405351, -0.00454359920695, 0.00348059111275, 0.0100384801626, -0.00744757940993], [-0.00681809615344, 0.0788735300303, -0.0604416206479, -0.0499373860657, -0.0210781358182, -0.0594569556415, 0.086743734777, 0.00714517245069, 0.00600111624226, -0.0211301017553, 0.00739541184157, -0.118561215699, 0.155040204525], [0.00822061672807, -0.0604416206479, 0.238919436932, -0.169278383255, 0.0318332538009, 0.169433236122, -0.173718050122, -0.0158520825207, 0.0553023517132, 0.00384505908005, -0.107136495411, 0.204204335809, -0.093732483685], [0.00144503137562, -0.0499373860657, -0.169278383255, 0.475527793169, -0.269415825605, 0.0783474072814, 0.0380617901683, 0.0300334040076, -0.0284044425935, -0.0252934359014, 0.163019284606, -0.0516506917775, -0.148749753833], [0.000279940024484, -0.0210781358182, 0.0318332538009, -0.269415825605, 0.529348373413, -0.201285839081, -0.131873220205, 0.0688218772411, -0.031364493072, 0.076410472393, -0.13250823319, 0.152249023318, -0.10011959821], [0.0013597101206, -0.0594569556415, 0.169433236122, 0.0783474072814, -0.201285839081, 0.564177036285, -0.174593433738, 0.00590194948018, -0.0112263672054, 0.00393512379378, -0.0257357936352, 0.214730963111, -0.228545442224], [-0.00143179355655, 0.086743734777, -0.173718050122, 0.0380617901683, -0.131873220205, -0.174593433738, 0.459379971027, -0.126125574112, 0.0123677486554, -0.070288233459, 0.0467172190547, -0.144363060594, 0.170272469521], [-0.00784310419112, 0.00714517245069, -0.0158520825207, 0.0300334040076, 0.0688218772411, 0.00590194948018, -0.126125574112, 0.441160202026, -0.242706641555, 0.0941744744778, -0.110220186412, -0.133678659797, 0.117005512118], [0.0115306405351, 0.00600111624226, 0.0553023517132, -0.0284044425935, -0.031364493072, -0.0112263672054, 0.0123677486554, -0.242706641555, 0.54260456562, -0.229806795716, 0.033987801522, 0.199873209, -0.0286015216261], [-0.00454359920695, -0.0211301017553, 0.00384505908005, -0.0252934359014, 0.076410472393, 0.00393512379378, -0.070288233459, 0.0941744744778, -0.229806795716, 0.464397013187, -0.101668156683, -0.226570516825, 0.171285837889], [0.00348059111275, 0.00739541184157, -0.107136495411, 0.163019284606, -0.13250823319, -0.0257357936352, 0.0467172190547, -0.110220186412, 0.033987801522, -0.101668156683, 0.485677361488, -0.162695139647, -0.073204934597], [0.0100384801626, -0.118561215699, 0.204204335809, -0.0516506917775, 0.152249023318, 0.214730963111, -0.144363060594, -0.133678659797, 0.199873209, -0.226570516825, -0.162695139647, 1.04456532001, -0.561647295952], [-0.00744757940993, 0.155040204525, -0.093732483685, -0.148749753833, -0.10011959821, -0.228545442224, 0.170272469521, 0.117005512118, -0.0286015216261, 0.171285837889, -0.073204934597, -0.561647295952, 1.10701465607]]
    },
    "spectral_contrast_coeffs": {
        "max": [-0.496509701014, -0.50985699892, -0.626651525497, -0.703106343746, -0.720845758915, -0.656227588654],
        "mean": [-0.937283396721, -0.947400808334, -0.945649206638, -0.947082161903, -0.944630682468, -0.935561656952],
        "min": [-0.98448574543, -0.983303368092, -0.975792348385, -0.973143815994, -0.971460580826, -0.965681552887],
        "stdev": [0.0825456976891, 0.0552298091352, 0.0499454215169, 0.0459544993937, 0.0478372983634, 0.0745205581188]
    },
    "spectral_contrast_valleys": {
        "max": [-5.90407562256, -4.12429189682, -4.83532142639, -4.61394548416, -5.33033323288, -8.08564186096],
        "mean": [-25.3623847961, -25.1241703033, -25.1441669464, -25.1078147888, -25.1828041077, -25.4592647552],
        "min": [-28.2221794128, -27.9623908997, -27.8798809052, -27.7371425629, -27.5809268951, -27.4157161713],
        "stdev": [5.5913901329, 6.21784543991, 6.26769208908, 6.33154439926, 6.17934942245, 5.34866189957]
    }
},
"rhythm": {
    "beats_count": 21,
    "beats_loudness": {
        "max": 0.351691603661,
        "mean": 0.017690571025,
        "min": 0,
        "stdev": 0.0748036652803
    },
    "bpm": 114.843765259,
    "bpm_histogram_first_peak_bpm": 115,
    "bpm_histogram_first_peak_weight": 0,
    "bpm_histogram_second_peak_bpm": 105,
    "bpm_histogram_second_peak_spread": 0,
    "bpm_histogram_second_peak_weight": 0.15000000596,
    "danceability": 1.41087961197,
    "onset_rate": 0.470242828131,
    "beats_loudness_band_ratio": {
        "max": [0.062378719449, 0.0822732448578, 0.644011855125, 0.368033766747, 0.396041989326, 0.820562422276],
        "mean": [0.00520715629682, 0.00457204179838, 0.0358992815018, 0.0279768425971, 0.0249796714634, 0.0462485849857],
        "min": [0, 0, 0, 0, 0, 0],
        "stdev": [0.0160106904805, 0.0175329297781, 0.137717053294, 0.0855271145701, 0.0850785970688, 0.175369560719]
    },
    "beats_position": [0.66176867485, 1.33514738083, 2.02013611794, 2.70512461662, 3.36689329147, 4.02866220474, 4.65560102463, 5.2941493988, 5.93269824982, 6.53641700745, 7.14013576508, 7.70902490616, 8.27791404724, 8.84680271149, 9.36925125122, 9.89170074463, 10.4141492844, 10.9365987778, 11.4590473175, 11.9350566864, 12.4226751328],
    "bpm_histogram": [0, 0, 0, 0, 0, 0, 0, 0, 0, 0, 0, 0, 0, 0, 0, 0, 0, 0, 0, 0, 0, 0, 0, 0, 0, 0, 0, 0, 0, 0, 0, 0, 0, 0, 0, 0, 0, 0, 0, 0, 0, 0, 0, 0, 0, 0, 0, 0, 0, 0, 0, 0, 0, 0, 0, 0, 0, 0, 0, 0, 0, 0, 0, 0, 0, 0, 0, 0, 0, 0, 0, 0, 0, 0, 0, 0, 0, 0, 0, 0, 0, 0, 0, 0, 0, 0, 0, 0, 0.10000000149, 0.0500000007451, 0, 0.10000000149, 0, 0, 0.10000000149, 0, 0.0500000007451, 0, 0, 0.10000000149, 0, 0, 0, 0, 0, 0.15000000596, 0, 0, 0, 0, 0, 0, 0, 0, 0, 0.25, 0, 0, 0, 0, 0, 0, 0, 0.0500000007451, 0, 0, 0.0500000007451, 0, 0, 0, 0, 0, 0, 0, 0, 0, 0, 0, 0, 0, 0, 0, 0, 0, 0, 0, 0, 0, 0, 0, 0, 0, 0, 0, 0, 0, 0, 0, 0, 0, 0, 0, 0, 0, 0, 0, 0, 0, 0, 0, 0, 0, 0, 0, 0, 0, 0, 0, 0, 0, 0, 0, 0, 0, 0, 0, 0, 0, 0, 0, 0, 0, 0, 0, 0, 0, 0, 0, 0, 0, 0, 0, 0, 0, 0, 0, 0, 0, 0, 0, 0, 0, 0, 0, 0, 0, 0, 0, 0, 0, 0, 0, 0, 0, 0, 0, 0, 0, 0, 0, 0, 0, 0, 0, 0, 0, 0, 0, 0, 0, 0, 0, 0, 0, 0, 0, 0, 0, 0, 0]
},
"tonal": {
    "chords_changes_rate": 0.0289855077863,
    "chords_number_rate": 0.0108695654199,
    "chords_strength": {
        "max": 0.45484995842,
        "mean": -0.773459732533,
        "min": -1,
        "stdev": 0.500810921192
    },
