{
"metadata": {
    "version": {
        "essentia": "2.1-beta5",
        "essentia_git_sha": "Undefined",
        "extractor": "music 2.0"
    },
    "audio_properties": {
        "analysis": {
            "equal_loudness": 0,
            "length": 23.7888431549,
            "sample_rate": 44100,
            "start_time": 175.252609253,
            "downmix": "mix"
        },
        "bit_rate": 192000,
        "length": 199.064666748,
        "lossless": 0,
        "number_channels": 2,
        "replay_gain": -1.91509437561,
        "sample_rate": 44100,
        "codec": "mp3",
        "md5_encoded": "7dd5c40e2554af4d8ca2438a29020564"
    },
    "tags": {
        "file_name": "United KingdomUK_Making Your Mind Up_Bucks Fizz.mp3",
        "encoding": ["Lavf58.29.100"]
    }
},
"lowlevel": {
    "average_loudness": 0.490164428949,
    "barkbands_crest": {
        "max": 20.3684120178,
        "mean": 6.32824468613,
        "min": 2.19011521339,
        "stdev": 2.33735728264
    },
    "barkbands_flatness_db": {
        "max": 0.262575984001,
        "mean": 0.112854674459,
        "min": 0.0415008217096,
        "stdev": 0.0391236096621
    },
    "barkbands_kurtosis": {
        "max": 12.5779314041,
        "mean": 1.43145823479,
        "min": -1.71608579159,
        "stdev": 2.14625692368
    },
    "barkbands_skewness": {
        "max": 2.81674838066,
        "mean": -0.571637988091,
        "min": -2.28480815887,
        "stdev": 1.20018064976
    },
    "barkbands_spread": {
        "max": 59.5347366333,
        "mean": 23.1336841583,
        "min": 3.91575574875,
        "stdev": 6.89846897125
    },
    "dissonance": {
        "max": 0.49999627471,
        "mean": 0.486275494099,
        "min": 0.349616229534,
        "stdev": 0.0179440751672
    },
    "dynamic_complexity": 4.14410305023,
    "erbbands_crest": {
        "max": 23.0701160431,
        "mean": 5.80910110474,
        "min": 2.48315286636,
        "stdev": 3.3046336174
    },
    "erbbands_flatness_db": {
        "max": 0.323207169771,
        "mean": 0.169788688421,
        "min": 0.0774827674031,
        "stdev": 0.0639502331614
    },
    "erbbands_kurtosis": {
        "max": 9.79408454895,
        "mean": 0.265159904957,
        "min": -1.52697467804,
        "stdev": 1.02753019333
    },
    "erbbands_skewness": {
        "max": 2.4795794487,
        "mean": -0.1509129107,
        "min": -2.24920606613,
        "stdev": 0.650417864323
    },
    "erbbands_spread": {
        "max": 64.7707214355,
        "mean": 29.9646701813,
        "min": 7.75680446625,
        "stdev": 8.19844150543
    },
    "hfc": {
        "max": 171.10357666,
        "mean": 20.0346736908,
        "min": 1.06584107899e-16,
        "stdev": 25.7870407104
    },
    "loudness_ebu128": {
        "integrated": -21.6249885559,
        "loudness_range": 10.317024231,
        "momentary": {
            "max": -19.3006191254,
            "mean": -137.581924438,
            "min": -300.691009521,
            "stdev": 135.576293945
        },
        "short_term": {
            "max": -20.2241020203,
            "mean": -118.403770447,
            "min": -300.691009521,
            "stdev": 129.607727051
        }
    },
    "melbands_crest": {
        "max": 27.3210144043,
        "mean": 5.59301948547,
        "min": 1.42608428001,
        "stdev": 4.33943367004
    },
    "melbands_flatness_db": {
        "max": 0.247023075819,
        "mean": 0.0611558333039,
        "min": 0.00283998670056,
        "stdev": 0.0551746897399
    },
    "melbands_kurtosis": {
        "max": 18.4212379456,
        "mean": 0.521121382713,
        "min": -1.64244401455,
        "stdev": 2.76491451263
    },
    "melbands_skewness": {
        "max": 3.26341152191,
        "mean": 0.567792117596,
        "min": -0.517355799675,
        "stdev": 0.682587921619
    },
    "melbands_spread": {
        "max": 172.654464722,
        "mean": 79.1044769287,
        "min": 5.45447635651,
        "stdev": 48.8351211548
    },
    "pitch_salience": {
        "max": 0.866716384888,
        "mean": 0.748935103416,
        "min": 0.407444953918,
        "stdev": 0.0791776999831
    },
    "silence_rate_20dB": {
        "max": 1,
        "mean": 1,
        "min": 1,
        "stdev": 0
    },
    "silence_rate_30dB": {
        "max": 1,
        "mean": 1,
        "min": 1,
        "stdev": 0
    },
    "silence_rate_60dB": {
        "max": 1,
        "mean": 0.497076034546,
        "min": 0,
        "stdev": 0.49999037385
    },
    "spectral_centroid": {
        "max": 12251.2832031,
        "mean": 5886.07080078,
        "min": 229.189819336,
        "stdev": 4372.58886719
    },
    "spectral_complexity": {
        "max": 54,
        "mean": 17.0818710327,
        "min": 0,
        "stdev": 18.2312908173
    },
    "spectral_decrease": {
        "max": 7.41794842123e-19,
        "mean": -2.45693332346e-09,
        "min": -1.42786600321e-08,
        "stdev": 3.11466918923e-09
    },
    "spectral_energy": {
        "max": 0.0608423836529,
        "mean": 0.0110902404413,
        "min": 9.9016354678e-21,
        "stdev": 0.0138562172651
    },
    "spectral_energyband_high": {
        "max": 0.0254609603435,
        "mean": 0.00103355583269,
        "min": 6.7321051388e-21,
        "stdev": 0.00186132465024
    },
    "spectral_energyband_low": {
        "max": 0.00590419024229,
        "mean": 0.000159094925039,
        "min": 4.99550625295e-24,
        "stdev": 0.000423881254392
    },
    "spectral_energyband_middle_high": {
        "max": 0.0406394377351,
        "mean": 0.0068409149535,
        "min": 1.12230819419e-21,
        "stdev": 0.00898249819875
    },
    "spectral_energyband_middle_low": {
        "max": 0.0460814833641,
        "mean": 0.00327993766405,
        "min": 1.50049093943e-22,
        "stdev": 0.00586638040841
    },
    "spectral_entropy": {
        "max": 9.83148574829,
        "mean": 8.70703601837,
        "min": 7.12684774399,
        "stdev": 0.94811296463
    },
    "spectral_flux": {
        "max": 0.202863678336,
        "mean": 0.0499059259892,
        "min": 6.24503573854e-11,
        "stdev": 0.0514110513031
    },
    "spectral_kurtosis": {
        "max": 8.83800411224,
        "mean": 0.955967128277,
        "min": -1.27839434147,
        "stdev": 2.17069554329
    },
    "spectral_rms": {
        "max": 0.0077044419013,
        "mean": 0.00229349569418,
        "min": 3.10807521213e-12,
        "stdev": 0.00235788454302
    },
    "spectral_rolloff": {
        "max": 19961.2792969,
        "mean": 9672.56054688,
        "min": 775.1953125,
        "stdev": 7831.84179688
    },
    "spectral_skewness": {
        "max": 2.09201955795,
        "mean": 0.641091823578,
        "min": -0.122416049242,
        "stdev": 0.586482048035
    },
    "spectral_spread": {
        "max": 42957612,
        "mean": 19108916,
        "min": 2074142.875,
        "stdev": 18203504
    },
    "spectral_strongpeak": {
        "max": 11.5268192291,
        "mean": 0.8505204916,
        "min": 0,
        "stdev": 1.31113862991
    },
    "zerocrossingrate": {
        "max": 0.52685546875,
        "mean": 0.269529819489,
        "min": 0.03564453125,
        "stdev": 0.198228880763
    },
    "barkbands": {
        "max": [8.43380039441e-05, 0.000573407742195, 0.00201067375019, 0.00764103420079, 0.0250782482326, 0.00524222478271, 0.0168000720441, 0.0284423213452, 0.0369583517313, 0.0186086297035, 0.0076502058655, 0.00943228323013, 0.0129679981619, 0.0125951217487, 0.0158463548869, 0.00587572623044, 0.0101979020983, 0.0038748588413, 0.00673612393439, 0.00876257382333, 0.0042583886534, 0.00737935397774, 0.0120456051081, 0.00589653011411, 0.000365416548448, 2.19117328015e-06, 1.19185517633e-06],
        "mean": [1.20477022847e-06, 2.09497411561e-05, 5.27345837327e-05, 0.000225795112783, 0.000477997091366, 0.000285289832391, 0.000523206137586, 0.000611908035353, 0.000920711550862, 0.00083554117009, 0.000463310774649, 0.000649898138363, 0.000921860802919, 0.000866294954903, 0.00101863406599, 0.000638460624032, 0.000617632991634, 0.000396685034502, 0.0003674091422, 0.000312315969495, 0.000243537811912, 0.000246712414082, 0.000232709135162, 0.000146071673953, 1.33516132337e-05, 2.146620659e-08, 1.61805446819e-09],
        "min": [9.44917806834e-26, 2.22970923494e-24, 9.28022575612e-25, 2.61058873352e-25, 6.67090679283e-24, 4.62095903946e-24, 5.98945087758e-24, 6.22040410708e-24, 1.42147512862e-23, 2.01933324493e-23, 1.10685168275e-23, 2.05150677918e-23, 2.18701651662e-23, 2.19381050228e-23, 3.66922367974e-23, 4.54992945135e-23, 4.14771420378e-23, 6.62461533051e-23, 1.01826941885e-22, 1.57485010431e-22, 2.36047529143e-22, 2.49732082281e-22, 2.96482099983e-22, 5.30955744334e-22, 7.77346110847e-22, 1.18132912628e-21, 1.85310732119e-21],
        "stdev": [4.64016329715e-06, 5.6823300838e-05, 0.000164198470884, 0.000684455269948, 0.00170888740104, 0.000573286612052, 0.00138180248905, 0.00204045511782, 0.002674538875, 0.00172638520598, 0.000908124085981, 0.00108912598807, 0.00152196339332, 0.0015442132717, 0.00185704545584, 0.000985313090496, 0.00103271601256, 0.000644419866148, 0.00066414650064, 0.000697595241945, 0.000418152834754, 0.000483725947561, 0.000685197301209, 0.000375444855308, 3.05048160953e-05, 1.0518912319e-07, 3.71856963e-08]
    },
    "erbbands": {
        "max": [0.00578265357763, 0.186551272869, 1.58008921146, 14.7383117676, 68.6065979004, 88.7417755127, 53.6462364197, 53.4073295593, 137.681762695, 358.257110596, 707.374328613, 1056.03662109, 688.856140137, 533.059570312, 348.846252441, 265.574127197, 640.480895996, 451.296051025, 935.92980957, 328.874969482, 408.657867432, 397.067779541, 336.901367188, 225.800872803, 434.761932373, 520.80090332, 173.515060425, 240.285507202, 223.322525024, 443.801025391, 253.155609131, 212.162811279, 47.5396957397, 6.21230745316, 1.00913906097, 0.041389465332, 0.00550663657486, 0.000853891076986, 0.000174401415279, 0.00010217011004],
        "mean": [0.000306765694404, 0.00641372799873, 0.0525297373533, 0.415826708078, 1.43642556667, 1.49564921856, 1.65615689754, 2.51263356209, 5.38156270981, 11.0594539642, 14.6773490906, 23.3813591003, 21.4921207428, 27.0930519104, 21.7263450623, 27.4669685364, 42.2846183777, 40.994808197, 61.3176231384, 38.0770111084, 36.1565208435, 32.4280357361, 25.7668800354, 16.9753570557, 19.9186229706, 15.7899932861, 10.7883214951, 9.24719333649, 8.27290916443, 7.96431112289, 6.39760684967, 4.65269517899, 1.44710946083, 0.289256334305, 0.0351001545787, 0.0015920685837, 0.000110966633656, 2.09299032576e-05, 1.20636423162e-05, 1.64046105056e-05],
        "min": [7.86487001876e-23, 3.3112887094e-22, 9.48763136927e-22, 2.34961783907e-21, 6.23247068126e-21, 1.86313805742e-20, 2.48327568577e-20, 4.07237236055e-20, 9.00461253877e-20, 1.40106016847e-19, 2.30905193247e-19, 3.74303776674e-19, 4.67060915433e-19, 6.83606821933e-19, 5.20346598024e-19, 9.13912257538e-19, 1.39468296784e-18, 1.67427456438e-18, 2.16159995725e-18, 2.4915112252e-18, 3.47742924486e-18, 2.99400442217e-18, 4.7395070955e-18, 5.85440469975e-18, 6.0467568658e-18, 7.07440428622e-18, 7.56010737112e-18, 9.23290479771e-18, 9.05154710277e-18, 1.01270837312e-17, 9.24026753235e-18, 1.03093471889e-17, 8.78312037655e-18, 7.94805259686e-18, 5.66571115355e-18, 3.6632288997e-18, 2.111205426e-18, 8.23142471899e-19, 2.22722412435e-19, 2.54540470459e-20],
        "stdev": [0.00068430788815, 0.0173779167235, 0.147575154901, 1.20296180248, 5.50776863098, 5.2554192543, 3.94950461388, 5.16696977615, 12.8219890594, 33.7081947327, 46.9027824402, 76.2756118774, 51.1688537598, 53.433506012, 38.6477050781, 43.946559906, 69.4594268799, 67.1224899292, 113.440628052, 56.9513778687, 55.8427658081, 50.2164344788, 42.2471122742, 27.2678985596, 38.5243453979, 37.5889854431, 18.4092273712, 16.3505249023, 15.3739624023, 21.4939155579, 17.6140956879, 13.0769824982, 3.21561932564, 0.585948705673, 0.0922378748655, 0.00388178881258, 0.000266884017037, 4.89456251671e-05, 1.71697247424e-05, 2.03321360459e-05]
    },
    "gfcc": {
        "mean": [-549.664489746, 38.6721687317, -121.22895813, 17.5414447784, -54.7450828552, 8.78534889221, -25.9730186462, -4.5008854866, -5.68484973907, -10.3088216782, -1.19060015678, -11.4529657364, -0.209979683161],
        "cov": [[377708.78125, 20477.0957031, -63281.3789062, 9419.96484375, -28542.2324219, 4610.72167969, -13599.8613281, -2397.2121582, -2958.19604492, -5413.22753906, -582.66192627, -6064.65429688, -26.9932880402], [20477.0957031, 1879.88781738, -3191.10327148, 630.432556152, -1404.45751953, 78.8246536255, -721.482910156, -156.023025513, -257.315856934, -336.792297363, -66.8765487671, -427.57913208, -41.3134727478], [-63281.3789062, -3191.10327148, 10959.6845703, -1398.5793457, 4890.60791016, -827.365905762, 2272.37353516, 375.388671875, 424.173675537, 895.761779785, 47.8306541443, 980.921142578, -25.4775562286], [9419.96484375, 630.432556152, -1398.5793457, 424.235565186, -621.569580078, 100.091194153, -347.471191406, -85.0893096924, -128.46194458, -139.971786499, -53.3947486877, -160.246917725, -20.1133613586], [-28542.2324219, -1404.45751953, 4890.60791016, -621.569580078, 2299.55761719, -365.391845703, 1044.59387207, 180.356536865, 172.604858398, 416.948944092, 18.2825374603, 453.421691895, -0.181710645556], [4610.72167969, 78.8246536255, -827.365905762, 100.091194153, -365.391845703, 153.648391724, -153.223358154, -26.9982471466, -16.2122173309, -60.4998779297, -4.61046934128, -40.2800941467, 8.66372585297], [-13599.8613281, -721.482910156, 2272.37353516, -347.471191406, 1044.59387207, -153.223358154, 543.579162598, 105.89276123, 100.500236511, 193.892272949, 18.0670280457, 224.35458374, 5.96929931641], [-2397.2121582, -156.023025513, 375.388671875, -85.0893096924, 180.356536865, -26.9982471466, 105.89276123, 58.7120018005, 28.4572658539, 44.0234336853, 6.25413894653, 42.3531150818, 6.36413383484], [-2958.19604492, -257.315856934, 424.173675537, -128.46194458, 172.604858398, -16.2122173309, 100.500236511, 28.4572658539, 96.7216796875, 55.8634376526, 34.2258529663, 55.3301849365, 10.2730522156], [-5413.22753906, -336.792297363, 895.761779785, -139.971786499, 416.948944092, -60.4998779297, 193.892272949, 44.0234336853, 55.8634376526, 110.844665527, 22.5158023834, 94.1423110962, 5.44517612457], [-582.66192627, -66.8765487671, 47.8306541443, -53.3947486877, 18.2825374603, -4.61046934128, 18.0670280457, 6.25413894653, 34.2258529663, 22.5158023834, 47.6527557373, 18.9501171112, 5.89610433578], [-6064.65429688, -427.57913208, 980.921142578, -160.246917725, 453.421691895, -40.2800941467, 224.35458374, 42.3531150818, 55.3301849365, 94.1423110962, 18.9501171112, 143.002090454, 17.2044963837], [-26.9932880402, -41.3134727478, -25.4775562286, -20.1133613586, -0.181710645556, 8.66372585297, 5.96929931641, 6.36413383484, 10.2730522156, 5.44517612457, 5.89610433578, 17.2044963837, 25.2554664612]],
        "icov": [[0.000399566808483, -0.000524182163645, 0.00116101745516, -0.00140142638702, 0.0011710266117, -0.000817737542093, 0.000885900110006, -0.000652829534374, 0.000774234475102, -0.000362366699846, 6.61017256789e-05, 0.00074092723662, -0.00088817847427], [-0.000524182163645, 0.00383349508047, -0.000582321314141, -3.95230199501e-05, -0.00282417214476, 0.00445895083249, -0.00233293417841, 0.00137524073943, 0.000612439878751, 0.00401879195124, -0.00225651264191, 0.00401067594066, 0.000425741629442], [0.00116101745516, -0.000582321314141, 0.00646561570466, -0.00462598679587, -0.000719129573554, 0.00131847208831, -0.000250586890616, 0.000603807275183, 0.000218839879381, -0.000806226511486, 0.00181048724335, 0.000833458558191, 0.00167065998539], [-0.00140142638702, -3.95230199501e-05, -0.00462598679587, 0.0136787649244, -0.00438478076831, -0.00104380073026, 0.00214027962647, 0.00361625384539, 0.000916007906199, -0.00133426836692, 0.00396613683552, -0.00394505821168, 0.00525052379817], [0.0011710266117, -0.00282417214476, -0.000719129573554, -0.00438478076831, 0.0161317531019, -0.00251646246761, -0.00260984804481, -0.00138882477768, 0.00577056081966, -0.0100101362914, 0.00274696550332, -0.00146306434181, -0.00547324633226], [-0.000817737542093, 0.00445895083249, 0.00131847208831, -0.00104380073026, -0.00251646246761, 0.0220725983381, -0.00755571853369, 0.00521350791678, -0.00446221185848, 0.00238319346681, 0.00362362992018, -0.00806971080601, 0.00575347710401], [0.000885900110006, -0.00233293417841, -0.000250586890616, 0.00214027962647, -0.00260984804481, -0.00755571853369, 0.0277859903872, -0.013380841352, 0.00279653165489, 0.00395249202847, -0.00107493042015, -0.00202373880893, -0.00240023294464], [-0.000652829534374, 0.00137524073943, 0.000603807275183, 0.00361625384539, -0.00138882477768, 0.00521350791678, -0.013380841352, 0.0346148014069, -0.00363822374493, -0.00958904717118, 0.00617300858721, -0.000133526031277, -0.000120250137115], [0.000774234475102, 0.000612439878751, 0.000218839879381, 0.000916007906199, 0.00577056081966, -0.00446221185848, 0.00279653165489, -0.00363822374493, 0.0266965162009, -0.00510925799608, -0.0106032686308, 0.00663239602, -0.00719264196232], [-0.000362366699846, 0.00401879195124, -0.000806226511486, -0.00133426836692, -0.0100101362914, 0.00238319346681, 0.00395249202847, -0.00958904717118, -0.00510925799608, 0.0480517633259, -0.0154222240672, 0.00228024739772, -0.00133137707599], [6.61017256789e-05, -0.00225651264191, 0.00181048724335, 0.00396613683552, 0.00274696550332, 0.00362362992018, -0.00107493042015, 0.00617300858721, -0.0106032686308, -0.0154222240672, 0.0389003120363, -0.011258165352, 0.00506544625387], [0.00074092723662, 0.00401067594066, 0.000833458558191, -0.00394505821168, -0.00146306434181, -0.00806971080601, -0.00202373880893, -0.000133526031277, 0.00663239602, 0.00228024739772, -0.011258165352, 0.0461207665503, -0.0236581414938], [-0.00088817847427, 0.000425741629442, 0.00167065998539, 0.00525052379817, -0.00547324633226, 0.00575347710401, -0.00240023294464, -0.000120250137115, -0.00719264196232, -0.00133137707599, 0.00506544625387, -0.0236581414938, 0.0619404874742]]
    },
    "melbands": {
        "max": [0.000102459947811, 0.000767577381339, 0.00350203877315, 0.00612085498869, 0.00188727956265, 0.00115243170876, 0.00254695932381, 0.00397212104872, 0.00501600839198, 0.00626901164651, 0.00350370095111, 0.00223577022552, 0.00120878382586, 0.00112120748963, 0.00107898679562, 0.00134114548564, 0.000788195175119, 0.00156173028518, 0.000789395417087, 0.000405321334256, 0.00049806892639, 0.000408162217354, 0.000620197854005, 0.000235232160776, 0.000186706412933, 0.000414687208831, 0.000255815830315, 0.000363786122762, 0.000155300425831, 7.71272898419e-05, 0.000165675475728, 0.000117459363537, 0.000154277760885, 0.000318503589369, 0.000189790909644, 0.000135321970447, 0.000129614651087, 4.09568492614e-05, 8.96948677109e-06, 4.51396135759e-06],
        "mean": [4.20967671744e-06, 2.36400810536e-05, 0.000103576232505, 0.000113945861813, 5.6934717577e-05, 5.65627924516e-05, 8.92213938641e-05, 0.000125250880956, 0.000121544515423, 0.000144434117828, 0.000104548227682, 0.000111205103167, 6.78878932376e-05, 7.36138608772e-05, 8.31851066323e-05, 8.83575849002e-05, 7.39325987524e-05, 9.82163328445e-05, 6.69550499879e-05, 4.26205333497e-05, 4.17615883634e-05, 3.16521545756e-05, 3.37121964549e-05, 1.71324263647e-05, 1.27843559312e-05, 1.52252741827e-05, 1.22492065202e-05, 9.88663305179e-06, 7.12685232429e-06, 5.05881598656e-06, 5.70069596506e-06, 4.71726070828e-06, 4.5531314754e-06, 4.36682739746e-06, 3.73375178242e-06, 3.40381939168e-06, 2.59371768152e-06, 1.14740851132e-06, 4.35026123569e-07, 1.61246177299e-07],
        "min": [6.63568642139e-25, 7.01412222611e-25, 9.31219138608e-25, 1.19150517479e-24, 1.03067852432e-24, 8.55241479635e-25, 1.37164491516e-24, 1.40447543249e-24, 1.97962474798e-24, 1.94819081027e-24, 2.01442751618e-24, 2.25502003429e-24, 1.64000671764e-24, 1.74032379238e-24, 2.43006412764e-24, 2.3513681526e-24, 2.27231817622e-24, 1.78633134366e-24, 2.17226596154e-24, 2.49052183577e-24, 2.95131777583e-24, 2.31574437741e-24, 3.93027187389e-24, 2.96082059151e-24, 4.27663308724e-24, 3.74284838357e-24, 3.49877915823e-24, 3.91215292219e-24, 3.78699540641e-24, 3.88169736922e-24, 4.93752537085e-24, 4.20988362175e-24, 3.70964049491e-24, 4.61040526384e-24, 4.44273485059e-24, 4.83144724492e-24, 5.1961620961e-24, 5.30574986419e-24, 4.9369936786e-24, 5.24911004562e-24],
        "stdev": [1.05811905087e-05, 6.33535237284e-05, 0.000324172578985, 0.000413860601839, 0.000140378862852, 0.000113656125905, 0.000214947984205, 0.000369782326743, 0.000356173433829, 0.000463351927465, 0.000253756763414, 0.000223960465519, 0.000124766069348, 0.00012490512745, 0.0001377765293, 0.000147618062329, 0.000125653517898, 0.000184191216249, 0.000111963483505, 6.6831613367e-05, 6.6586137109e-05, 4.96260108775e-05, 6.37715129415e-05, 2.93284156214e-05, 2.16528878809e-05, 3.21725783579e-05, 2.41097040998e-05, 2.54438309639e-05, 1.36698927236e-05, 7.97626762505e-06, 1.13759397209e-05, 8.77388265508e-06, 9.59421868174e-06, 1.40694628499e-05, 1.10891978693e-05, 9.25700260268e-06, 7.56350209485e-06, 2.60947194874e-06, 8.38392679725e-07, 3.76614025299e-07]
    },
    "melbands128": {
        "max": [3.45700209436e-05, 3.55983393092e-05, 0.000124705489725, 0.000348248431692, 0.000727101578377, 0.00132052972913, 0.00298268697225, 0.00421604886651, 0.00925942510366, 0.00799157563597, 0.00481301918626, 0.00260890554637, 0.00218174559996, 0.00206634332426, 0.00154947268311, 0.00136200292036, 0.00201117247343, 0.00374118890613, 0.00617157015949, 0.00684070913121, 0.00807078834623, 0.0110329017043, 0.0078204004094, 0.00586147466674, 0.012466118671, 0.00732214096934, 0.00265580671839, 0.00641362927854, 0.002398989629, 0.00446497742087, 0.00376229826361, 0.00200909608975, 0.00246488605626, 0.00227993167937, 0.00259754876606, 0.00138727005105, 0.00130906351842, 0.00131596671417, 0.00250776694156, 0.00234889634885, 0.00241026608273, 0.00149981689174, 0.00179445405956, 0.00115334161092, 0.00336741376668, 0.00224455911666, 0.00358688482083, 0.00134615215939, 0.00068413419649, 0.000953145790845, 0.000564269314054, 0.000779330672231, 0.00129435700364, 0.000499008921906, 0.000717405171599, 0.000446112186182, 0.000427178078098, 0.00159688887652, 0.000404317630455, 0.000509941310156, 0.000318575766869, 0.000333316886099, 0.000392971589463, 0.000199963935302, 0.00037313674693, 0.000515225634445, 0.00071773538366, 0.000162801981787, 0.000308926246362, 0.000618554418907, 0.000673333415762, 0.000515984545927, 0.000178715577931, 0.000275986880297, 0.00010965661204, 8.79052240634e-05, 9.4826646091e-05, 0.000162441298016, 0.000190841194126, 0.00022437601001, 0.000168624610524, 0.000120986704133, 0.000131300839712, 0.000107906758785, 0.0002838037326, 0.000110397719254, 0.000486910576001, 0.000471040490083, 0.000150254360051, 0.000146159844007, 0.000104258986539, 0.00021817124798, 0.000182989489986, 0.00016767589841, 0.000139181909617, 4.96795364597e-05, 5.19086606801e-05, 1.06578363557e-05, 1.31162450998e-05, 1.14273971121e-05, 9.35664047574e-06, 1.84603891284e-06, 4.72822148367e-06, 1.98393786377e-06, 6.49755804716e-07, 5.78435901843e-07, 1.42010364357e-07, 4.26775415008e-08, 1.98923348904e-08, 1.72844085711e-08, 1.25202301859e-08, 1.61664868159e-08, 8.24792856235e-09, 2.15080842025e-08, 1.96999714319e-08, 6.15104545076e-09, 5.88180570915e-09, 5.66002356095e-09, 5.50305934155e-09, 5.2985238419e-09, 5.14766762549e-09, 5.00003016768e-09, 4.90315699153e-09, 4.77717065905e-09, 4.70965000332e-09, 4.65659999449e-09, 4.5957286865e-09, 4.58132509706e-09],
        "mean": [6.34318496395e-07, 1.54513247708e-06, 4.41046995547e-06, 1.15871052913e-05, 1.91400995391e-05, 2.8443753763e-05, 7.07229919499e-05, 0.000129153922899, 0.000151734784595, 0.000137374780024, 7.26451107766e-05, 4.59748698631e-05, 5.20627654623e-05, 7.01642420609e-05, 5.86564747209e-05, 4.4480933866e-05, 6.19734346401e-05, 0.00010052966536, 0.000113809168397, 0.000136992020998, 0.000114106282126, 0.000137804308906, 0.00010685394227, 0.000119019612612, 0.00018938141875, 0.000134112822707, 9.39986639423e-05, 0.00011167282355, 9.21568353078e-05, 0.000138487564982, 0.000112428591819, 6.91424138495e-05, 6.12770163571e-05, 6.5114312747e-05, 8.55490507092e-05, 7.06042555976e-05, 6.64041290293e-05, 6.86885905452e-05, 0.000108819454908, 0.000102734695247, 7.72430284997e-05, 7.94492589193e-05, 7.39063252695e-05, 5.95655983489e-05, 9.89946784102e-05, 9.18412479223e-05, 0.000133013745653, 5.71008858969e-05, 4.71957137052e-05, 4.87509569211e-05, 3.8325022615e-05, 3.89795313822e-05, 5.18881352036e-05, 3.78966287826e-05, 3.24321918015e-05, 2.71149401669e-05, 2.98113027384e-05, 5.15549836564e-05, 2.65066737484e-05, 1.96798700927e-05, 1.71523806785e-05, 1.4930064026e-05, 1.30813014039e-05, 1.2091310964e-05, 1.25279375425e-05, 1.44355281009e-05, 2.02316659852e-05, 1.03150805444e-05, 1.1458658264e-05, 1.19797532534e-05, 1.14320746434e-05, 7.95619052951e-06, 6.68632219458e-06, 8.16706415208e-06, 5.65679420106e-06, 5.32704052603e-06, 4.58133490611e-06, 4.50535708296e-06, 6.19434285909e-06, 6.90178421792e-06, 4.35478159488e-06, 4.10270286011e-06, 4.44337729277e-06, 4.46420472144e-06, 5.08898301632e-06, 4.04486672778e-06, 4.60068486063e-06, 3.89103661291e-06, 3.76599291485e-06, 3.52360757461e-06, 3.29280555889e-06, 3.49459492099e-06, 3.37685446539e-06, 2.80379344986e-06, 2.04960588235e-06, 1.36118069349e-06, 1.06442894321e-06, 6.08347818343e-07, 4.36615579247e-07, 3.63933764902e-07, 2.19005315216e-07, 1.05082236246e-07, 1.22017624449e-07, 4.34337579236e-08, 2.16677662479e-08, 1.35004958324e-08, 2.43810749367e-09, 6.80197731473e-10, 1.60521415604e-10, 8.7545838634e-11, 5.63980737112e-11, 4.03179711839e-11, 2.84044437276e-11, 4.00100959308e-11, 3.35114748451e-11, 1.25577066107e-11, 8.05827453376e-12, 7.60454720028e-12, 7.39860950283e-12, 7.17484145013e-12, 6.97839919531e-12, 6.80387126847e-12, 6.66310930042e-12, 6.5014660322e-12, 6.41616924521e-12, 6.35181750946e-12, 6.28950450748e-12, 6.26115392172e-12],
        "min": [1.4719248934e-27, 7.18498703299e-26, 3.50935842392e-25, 2.54546481453e-25, 1.81169339433e-25, 4.94435927287e-25, 9.81237825727e-26, 1.71919785082e-25, 9.75832402893e-26, 2.21634119804e-25, 5.63301290294e-26, 1.89684020547e-25, 2.46922338019e-25, 4.32013462465e-25, 3.57841358193e-25, 2.90465192012e-25, 4.851583807e-25, 8.43980292998e-25, 5.38910278098e-25, 5.31619231181e-25, 4.03652581719e-25, 1.78866223042e-25, 8.13207716554e-25, 5.41686526142e-25, 7.64413119692e-25, 6.93868148559e-25, 3.19879152763e-25, 4.42378552417e-25, 9.10286714488e-25, 5.74984246344e-25, 3.97105751111e-25, 7.38576199413e-25, 9.55584882602e-25, 7.14600103401e-25, 7.6775335398e-25, 6.63476986362e-25, 9.85605871819e-25, 7.05378122204e-25, 1.15606017521e-24, 1.03341054685e-24, 4.90623609051e-25, 5.45237780723e-25, 1.34775317796e-24, 5.47099738978e-25, 9.76497387985e-25, 1.10360575678e-24, 8.44669954645e-25, 9.9743868679e-25, 1.26528703943e-24, 7.00354162922e-25, 1.04256813728e-24, 5.92393124623e-25, 1.26746163313e-24, 1.51335184526e-24, 8.56501191894e-25, 1.3928535392e-24, 7.55873355266e-25, 1.46995601522e-24, 2.09618091888e-24, 1.61970676275e-24, 1.27513823581e-24, 1.19800795245e-24, 1.57174007541e-24, 1.2760978851e-24, 1.67651953907e-24, 1.88689474021e-24, 2.16507194451e-24, 1.39844912682e-24, 1.87316284122e-24, 2.1250078685e-24, 1.86767670806e-24, 2.22480784492e-24, 1.98329117625e-24, 1.82134000456e-24, 2.45555044855e-24, 2.27528804032e-24, 2.89098904646e-24, 2.17536460717e-24, 2.95108170921e-24, 2.84263167576e-24, 1.94781649577e-24, 2.87194495813e-24, 1.92168192841e-24, 2.75119106114e-24, 2.49458249728e-24, 3.61228519844e-24, 3.2640654288e-24, 2.86362858926e-24, 3.02295699565e-24, 2.75829179537e-24, 3.0473921594e-24, 2.6303549254e-24, 3.13046315703e-24, 2.66955835416e-24, 2.7934045859e-24, 2.65605266104e-24, 3.62185171464e-24, 4.03290819969e-24, 3.07113095619e-24, 2.89856447773e-24, 3.83939588647e-24, 3.20830992331e-24, 3.2304504879e-24, 4.10547709208e-24, 3.55875191412e-24, 3.74663964908e-24, 2.60228488781e-24, 3.96990109033e-24, 3.96354799903e-24, 3.88689044056e-24, 4.14181241981e-24, 4.23722080756e-24, 4.61328500057e-24, 3.86896318206e-24, 4.18875911e-24, 4.70341985317e-24, 5.07337274076e-24, 5.13757576325e-24, 5.23662592737e-24, 4.18626157637e-24, 4.61067663199e-24, 4.49585950496e-24, 4.84710573946e-24, 5.4288949958e-24, 4.25465857787e-24, 4.36188094654e-24, 5.44513488082e-24, 4.39102344053e-24],
        "stdev": [1.97352892428e-06, 3.60132162314e-06, 1.1623708815e-05, 3.39752405125e-05, 5.76328420721e-05, 9.28226581891e-05, 0.000210928192246, 0.000412194320234, 0.000658106175251, 0.000543739879504, 0.000283168890746, 0.000171058258275, 0.000150811800268, 0.000168459650013, 0.000143621611642, 0.000113888912892, 0.000162454336532, 0.000285389774945, 0.000371824746253, 0.000554895552341, 0.000426065467764, 0.000629001820926, 0.000403159530833, 0.000379538018024, 0.000804565148428, 0.000467014411697, 0.000235377345234, 0.000409244268667, 0.000207022807444, 0.000322999811033, 0.000285306829028, 0.000159169037943, 0.00014881468087, 0.000157141243108, 0.000182328760275, 0.000134390720632, 0.000137540992, 0.000153374727233, 0.000223323731916, 0.000196956912987, 0.000166899146279, 0.00016443876666, 0.000162199678016, 0.000121917393699, 0.000265935086645, 0.000186520032003, 0.000353099254426, 0.00011730776896, 9.03317777556e-05, 9.23804182094e-05, 7.23236516933e-05, 7.41284529795e-05, 0.000112494170025, 6.42172672087e-05, 6.28599955235e-05, 5.166457413e-05, 5.42153175047e-05, 0.000135748108733, 4.96622960782e-05, 4.12822701037e-05, 3.50699010596e-05, 3.14392127621e-05, 3.02160588035e-05, 2.29296656471e-05, 2.67913164862e-05, 3.40617370966e-05, 5.58976753382e-05, 1.89393704204e-05, 2.60172128037e-05, 3.69280023733e-05, 3.60858393833e-05, 2.3399343263e-05, 1.33979801831e-05, 2.03549625439e-05, 1.05847830127e-05, 9.4904225989e-06, 8.05368927104e-06, 8.95283847058e-06, 1.42642757055e-05, 1.7422133169e-05, 9.26479515329e-06, 8.51702498039e-06, 9.51930269366e-06, 9.37684581004e-06, 1.43008810483e-05, 9.5866726042e-06, 1.99636433535e-05, 1.74763481482e-05, 1.08786871351e-05, 9.14078736969e-06, 8.64759203978e-06, 1.10077353384e-05, 1.0197219126e-05, 8.96999517863e-06, 6.48730019748e-06, 3.08833250529e-06, 2.58319664681e-06, 1.17225806662e-06, 9.35248408496e-07, 9.14321390155e-07, 5.53030361061e-07, 2.15373248125e-07, 4.61854597233e-07, 1.29362135226e-07, 6.28980174611e-08, 5.14532061402e-08, 9.1718250772e-09, 2.9893700848e-09, 9.39581634718e-10, 6.54563236946e-10, 5.77214054331e-10, 5.63181001834e-10, 3.63193891628e-10, 7.08096026258e-10, 6.47798370501e-10, 2.06525990754e-10, 1.83527318343e-10, 1.7659161633e-10, 1.71697572826e-10, 1.65315414136e-10, 1.60606028476e-10, 1.56000337648e-10, 1.5297821343e-10, 1.49048787201e-10, 1.46941056545e-10, 1.45284256847e-10, 1.43386025275e-10, 1.42937273129e-10]
    },
    "mfcc": {
        "mean": [-895.583740234, 41.2714042664, -28.9383487701, -4.17785358429, -12.074420929, -0.334859997034, -11.0151948929, -0.348893970251, -6.66236686707, 1.75199091434, -5.15899038315, -0.1726911515, -4.31728458405],
        "cov": [[105049.695312, 10867.1162109, -8052.12060547, -1167.13903809, -3301.62719727, -71.4808807373, -3015.11450195, -142.724838257, -1808.13867188, 444.462127686, -1367.22241211, -83.142906189, -1193.74377441], [10867.1162109, 1913.91650391, -779.121704102, 135.722229004, -306.305877686, -60.3602027893, -256.376525879, -50.5646247864, -215.115142822, 44.9710693359, -165.343902588, -49.8195457458, -130.6171875], [-8052.12060547, -779.121704102, 831.284484863, 223.458053589, 301.119354248, 31.0603427887, 237.892227173, -0.876081049442, 128.70715332, -47.594909668, 94.7084274292, -17.0136604309, 85.0358505249], [-1167.13903809, 135.722229004, 223.458053589, 304.774749756, 131.918060303, 23.815568924, 97.6613845825, -22.1259231567, 21.5917186737, -33.6191520691, 10.1539525986, -51.1777687073, 18.753118515], [-3301.62719727, -306.305877686, 301.119354248, 131.918060303, 191.460098267, 32.9223937988, 115.947105408, -9.49330234528, 58.7144126892, -26.7877483368, 44.8256225586, -18.1398963928, 45.9122123718], [-71.4808807373, -60.3602027893, 31.0603427887, 23.815568924, 32.9223937988, 74.8078079224, 19.8256664276, 13.7870798111, 7.79721164703, -20.8524227142, 7.1112112999, -10.1215829849, -5.7447218895], [-3015.11450195, -256.376525879, 237.892227173, 97.6613845825, 115.947105408, 19.8256664276, 160.183990479, 13.9101438522, 66.3147735596, -33.6220932007, 52.0888671875, -15.8164367676, 32.4884185791], [-142.724838257, -50.5646247864, -0.876081049442, -22.1259231567, -9.49330234528, 13.7870798111, 13.9101438522, 41.8715400696, 17.4582996368, -9.60908412933, 4.71971416473, 3.51722359657, -3.70029449463], [-1808.13867188, -215.115142822, 128.70715332, 21.5917186737, 58.7144126892, 7.79721164703, 66.3147735596, 17.4582996368, 73.8394622803, -10.9259176254, 31.7476062775, -5.03209018707, 20.8329143524], [444.462127686, 44.9710693359, -47.594909668, -33.6191520691, -26.7877483368, -20.8524227142, -33.6220932007, -9.60908412933, -10.9259176254, 43.8364295959, -5.42238759995, 10.5726728439, -0.532782435417], [-1367.22241211, -165.343902588, 94.7084274292, 10.1539525986, 44.8256225586, 7.1112112999, 52.0888671875, 4.71971416473, 31.7476062775, -5.42238759995, 46.0781822205, 8.21544647217, 17.6136302948], [-83.142906189, -49.8195457458, -17.0136604309, -51.1777687073, -18.1398963928, -10.1215829849, -15.8164367676, 3.51722359657, -5.03209018707, 10.5726728439, 8.21544647217, 39.183380127, 10.4675779343], [-1193.74377441, -130.6171875, 85.0358505249, 18.753118515, 45.9122123718, -5.7447218895, 32.4884185791, -3.70029449463, 20.8329143524, -0.532782435417, 17.6136302948, 10.4675779343, 39.4366912842]],
        "icov": [[0.000111681642011, -0.000134768808493, 0.000602572516073, -0.000382856989745, 0.000499023939483, -0.000524627510458, 0.000736651243642, -4.38438255514e-05, 0.000297132239211, 3.0716535548e-05, 9.73361602519e-05, 0.00015105168859, 0.000308501766995], [-0.000134768808493, 0.00238106562756, 0.000961935031228, -0.00297243264504, 0.000830007775221, 0.00171719223727, -0.000836221093778, 1.93838004634e-05, 0.00142605078872, -0.000930986425374, 0.00138384499587, -0.000596729980316, 0.00189507741015], [0.000602572516073, 0.000961935031228, 0.00784105528146, -0.00524062942713, 2.11574897548e-05, -0.00113100628369, 0.00262576178648, -0.00038587776362, 0.00159525312483, -0.00034766778117, 0.00131559069268, -0.00102773634717, 0.00345954182558], [-0.000382856989745, -0.00297243264504, -0.00524062942713, 0.0132048549131, -0.00653376569971, 0.000196804176085, -0.00493945786729, 0.00224360823631, -0.00131962972227, 0.00231768121012, -0.000377543299692, 0.00587338535115, -0.00515994103625], [0.000499023939483, 0.000830007775221, 2.11574897548e-05, -0.00653376569971, 0.023999158293, -0.00851112883538, 0.000716028967872, 0.00647604791448, -0.000391639739973, 0.000140589923831, -0.00160463689826, 0.00474977679551, -0.00858134310693], [-0.000524627510458, 0.00171719223727, -0.00113100628369, 0.000196804176085, -0.00851112883538, 0.0221825074404, -0.00138109445106, -0.00713587319478, 0.00182437244803, 0.00522939767689, -0.00303759728558, 0.000545049319044, 0.00607931567356], [0.000736651243642, -0.000836221093778, 0.00262576178648, -0.00493945786729, 0.000716028967872, -0.00138109445106, 0.0252409335226, -0.00563575606793, -0.00223137205467, 0.00665491214022, -0.0123236766085, 0.00666319299489, -0.00113745150156], [-4.38438255514e-05, 1.93838004634e-05, -0.00038587776362, 0.00224360823631, 0.00647604791448, -0.00713587319478, -0.00563575606793, 0.0373576767743, -0.0122182648629, 0.00548929767683, 0.005135003943, -0.00701980898157, 0.00416975328699], [0.000297132239211, 0.00142605078872, 0.00159525312483, -0.00131962972227, -0.000391639739973, 0.00182437244803, -0.00223137205467, -0.0122182648629, 0.0323399193585, -0.00278698140755, -0.00806017406285, 0.0094880675897, -0.00372150167823], [3.0716535548e-05, -0.000930986425374, -0.00034766778117, 0.00231768121012, 0.000140589923831, 0.00522939767689, 0.00665491214022, 0.00548929767683, -0.00278698140755, 0.0330887176096, -0.00405374728143, -0.00239882199094, -0.00250889454037], [9.73361602519e-05, 0.00138384499587, 0.00131559069268, -0.000377543299692, -0.00160463689826, -0.00303759728558, -0.0123236766085, 0.005135003943, -0.00806017406285, -0.00405374728143, 0.0489611960948, -0.0160694923252, 0.00353319733404], [0.00015105168859, -0.000596729980316, -0.00102773634717, 0.00587338535115, 0.00474977679551, 0.000545049319044, 0.00666319299489, -0.00701980898157, 0.0094880675897, -0.00239882199094, -0.0160694923252, 0.0486405603588, -0.0203571468592], [0.000308501766995, 0.00189507741015, 0.00345954182558, -0.00515994103625, -0.00858134310693, 0.00607931567356, -0.00113745150156, 0.00416975328699, -0.00372150167823, -0.00250889454037, 0.00353319733404, -0.0203571468592, 0.0539276488125]]
    },
    "spectral_contrast_coeffs": {
        "max": [-0.4605461061, -0.520947635174, -0.610373020172, -0.638469696045, -0.659781098366, -0.596461772919],
        "mean": [-0.800102710724, -0.867078185081, -0.865293800831, -0.867644608021, -0.863351225853, -0.818248987198],
        "min": [-0.986478149891, -0.984264731407, -0.986313700676, -0.988282501698, -0.968329548836, -0.96498465538],
        "stdev": [0.148553431034, 0.0992792323232, 0.091647669673, 0.0890934318304, 0.087724275887, 0.123348221183]
    },
    "spectral_contrast_valleys": {
        "max": [-6.10565471649, -4.39153623581, -5.31241369247, -5.37375402451, -5.80059671402, -8.1862039566],
        "mean": [-16.3487854004, -15.2708730698, -15.3801031113, -15.3506603241, -15.4872331619, -17.2884159088],
        "min": [-28.0940723419, -28.2248897552, -27.9681606293, -27.7436504364, -27.6159763336, -27.5280437469],
        "stdev": [9.27449131012, 10.1666049957, 10.1206550598, 10.1284132004, 10.0285320282, 8.51141452789]
    }
},
"rhythm": {
    "beats_count": 46,
    "beats_loudness": {
        "max": 0.0401604101062,
        "mean": 0.0123037872836,
        "min": 0,
        "stdev": 0.0140983145684
    },
    "bpm": 117.653541565,
    "bpm_histogram_first_peak_bpm": 117,
    "bpm_histogram_first_peak_weight": 0.451612889767,
    "bpm_histogram_second_peak_bpm": 126,
    "bpm_histogram_second_peak_spread": 0.33333337307,
    "bpm_histogram_second_peak_weight": 0.177777782083,
    "danceability": 0.789432764053,
    "onset_rate": 1.72265625,
    "beats_loudness_band_ratio": {
        "max": [0.244901999831, 0.290300190449, 0.646350085735, 0.655082941055, 0.527463138103, 0.726313054562],
        "mean": [0.0242311041802, 0.0368264876306, 0.132048144937, 0.153579622507, 0.159940436482, 0.0977693870664],
        "min": [0, 0, 0, 0, 0, 0],
        "stdev": [0.0485781319439, 0.0596179813147, 0.178584367037, 0.174062088132, 0.165376916528, 0.1564219594]
    },
    "beats_position": [0.476009070873, 0.975238084793, 1.46285712719, 1.95047616959, 2.42648530006, 2.90249419212, 3.39011335373, 3.88934230804, 4.38857126236, 4.88780021667, 5.38702917099, 5.87464857101, 6.420317173, 6.96598625183, 7.47682523727, 7.98766422272, 8.498503685, 9.0093421936, 9.53179073334, 10.0426301956, 10.5534696579, 11.0643081665, 11.5867567062, 12.0975961685, 12.6084346771, 13.1192741394, 13.6301136017, 14.1525621414, 14.6750106812, 15.15102005, 15.6270294189, 16.1030387878, 16.5790481567, 17.0550556183, 17.5310649872, 18.0302944183, 18.5295238495, 19.0287532806, 19.5512008667, 20.0736503601, 20.5844898224, 21.0953292847, 21.6061668396, 22.1170063019, 22.6278457642, 23.1386852264],
