{
"metadata": {
    "version": {
        "essentia": "2.1-beta5",
        "essentia_git_sha": "Undefined",
        "extractor": "music 2.0"
    },
    "audio_properties": {
        "analysis": {
            "equal_loudness": 0,
            "length": 12.7477550507,
            "sample_rate": 44100,
            "start_time": 0,
            "downmix": "mix"
        },
        "bit_rate": 192000,
        "length": 187.083190918,
        "lossless": 0,
        "number_channels": 2,
        "replay_gain": -8.4047870636,
        "sample_rate": 48000,
        "codec": "mp3",
        "md5_encoded": "4b4349ca400bb571ec305630beb68932"
    },
    "tags": {
        "file_name": "Germany_Johnny Blue_Lena Valaitis.mp3",
        "encoding": ["Lavf58.29.100"]
    }
},
"lowlevel": {
    "average_loudness": 0.557874381542,
    "barkbands_crest": {
        "max": 18.8922977448,
        "mean": 8.69384670258,
        "min": 2.83645272255,
        "stdev": 3.19497990608
    },
    "barkbands_flatness_db": {
        "max": 0.161300599575,
        "mean": 0.087614774704,
        "min": 0.0262138079852,
        "stdev": 0.0239632949233
    },
    "barkbands_kurtosis": {
        "max": 12.5480985641,
        "mean": 1.79678082466,
        "min": -1.65070474148,
        "stdev": 2.81222033501
    },
    "barkbands_skewness": {
        "max": 3.46905589104,
        "mean": 1.20313167572,
        "min": -1.21488714218,
        "stdev": 1.07077348232
    },
    "barkbands_spread": {
        "max": 69.8958969116,
        "mean": 34.3000602722,
        "min": 8.76924991608,
        "stdev": 11.8729095459
    },
    "dissonance": {
        "max": 0.500000059605,
        "mean": 0.47909528017,
        "min": 0.412062585354,
        "stdev": 0.0149419819936
    },
    "dynamic_complexity": 10.3956670761,
    "erbbands_crest": {
        "max": 25.2936229706,
        "mean": 7.2398891449,
        "min": 2.16079235077,
        "stdev": 4.74321460724
    },
    "erbbands_flatness_db": {
        "max": 0.240660279989,
        "mean": 0.116919860244,
        "min": 0.0417173914611,
        "stdev": 0.0570853129029
    },
    "erbbands_kurtosis": {
        "max": 4.6612443924,
        "mean": -0.466450363398,
        "min": -1.66144907475,
        "stdev": 0.983220934868
    },
    "erbbands_skewness": {
        "max": 1.12699818611,
        "mean": -0.0866563841701,
        "min": -1.1746108532,
        "stdev": 0.405340373516
    },
    "erbbands_spread": {
        "max": 87.9805526733,
        "mean": 51.2443847656,
        "min": 11.7620239258,
        "stdev": 21.471075058
    },
    "hfc": {
        "max": 94.922164917,
        "mean": 12.9968204498,
        "min": 0.00966061186045,
        "stdev": 19.6532382965
    },
    "loudness_ebu128": {
        "integrated": -16.8355636597,
        "loudness_range": 22.835018158,
        "momentary": {
            "max": -12.4155664444,
            "mean": -26.5372009277,
            "min": -39.568649292,
            "stdev": 10.4377717972
        },
        "short_term": {
            "max": -15.5882968903,
            "mean": -23.8711109161,
            "min": -38.851776123,
            "stdev": 9.46816062927
        }
    },
    "melbands_crest": {
        "max": 25.1926937103,
        "mean": 12.2041368484,
        "min": 4.00693798065,
        "stdev": 4.36357307434
    },
    "melbands_flatness_db": {
        "max": 0.247505754232,
        "mean": 0.158947646618,
        "min": 0.0767692029476,
        "stdev": 0.03383314237
    },
    "melbands_kurtosis": {
        "max": 53.5901374817,
        "mean": 12.5438728333,
        "min": -1.20417916775,
        "stdev": 12.6599340439
    },
    "melbands_skewness": {
        "max": 6.4939956665,
        "mean": 2.70625185966,
        "min": -0.556620895863,
        "stdev": 1.68982827663
    },
    "melbands_spread": {
        "max": 95.4354705811,
        "mean": 32.2204780579,
        "min": 7.334004879,
        "stdev": 20.5998325348
    },
    "pitch_salience": {
        "max": 0.806945741177,
        "mean": 0.594788432121,
        "min": 0.356788337231,
        "stdev": 0.0972345098853
    },
    "silence_rate_20dB": {
        "max": 1,
        "mean": 1,
        "min": 1,
        "stdev": 0
    },
    "silence_rate_30dB": {
        "max": 1,
        "mean": 1,
        "min": 1,
        "stdev": 0
    },
    "silence_rate_60dB": {
        "max": 1,
        "mean": 0.445454537868,
        "min": 0,
        "stdev": 0.497017085552
    },
    "spectral_centroid": {
        "max": 3425.73925781,
        "mean": 1865.13098145,
        "min": 565.538635254,
        "stdev": 634.461730957
    },
    "spectral_complexity": {
        "max": 29,
        "mean": 9.11454582214,
        "min": 0,
        "stdev": 8.40928077698
    },
    "spectral_decrease": {
        "max": -4.18827689544e-12,
        "mean": -1.87474924473e-09,
        "min": -9.7995256354e-09,
        "stdev": 2.18730344947e-09
    },
    "spectral_energy": {
        "max": 0.0445866584778,
        "mean": 0.00825459044427,
        "min": 1.66837398865e-05,
        "stdev": 0.00990238040686
    },
    "spectral_energyband_high": {
        "max": 0.0103631690145,
        "mean": 0.000779811118264,
        "min": 5.76578031541e-07,
        "stdev": 0.00136190059129
    },
    "spectral_energyband_low": {
        "max": 0.0077188629657,
        "mean": 0.000727442093194,
        "min": 9.40477730182e-06,
        "stdev": 0.00096333923284
    },
    "spectral_energyband_middle_high": {
        "max": 0.0337956175208,
        "mean": 0.00399422226474,
        "min": 1.13201463137e-06,
        "stdev": 0.00689010182396
    },
    "spectral_energyband_middle_low": {
        "max": 0.0184248108417,
        "mean": 0.00301820365712,
        "min": 3.36793073075e-06,
        "stdev": 0.00355398538522
    },
    "spectral_entropy": {
        "max": 8.31100654602,
        "mean": 7.69053792953,
        "min": 6.80031204224,
        "stdev": 0.424373656511
    },
    "spectral_flux": {
        "max": 0.12541629374,
        "mean": 0.0302722174674,
        "min": 0.00408457359299,
        "stdev": 0.0240257456899
    },
    "spectral_kurtosis": {
        "max": 14.5824737549,
        "mean": 3.38517189026,
        "min": 0.797857046127,
        "stdev": 1.48291623592
    },
    "spectral_rms": {
        "max": 0.00659539084882,
        "mean": 0.00219783186913,
        "min": 0.000127580642584,
        "stdev": 0.00179521355312
    },
    "spectral_rolloff": {
        "max": 4672.70507812,
        "mean": 2047.61230469,
        "min": 236.865234375,
        "stdev": 1315.68444824
    },
    "spectral_skewness": {
        "max": 2.79162931442,
        "mean": 1.25301766396,
        "min": 0.449437022209,
        "stdev": 0.286931008101
    },
    "spectral_spread": {
        "max": 6936857.5,
        "mean": 4870346.5,
        "min": 2876513,
        "stdev": 1177680.375
    },
    "spectral_strongpeak": {
        "max": 11.8835229874,
        "mean": 1.5106035471,
        "min": 0,
        "stdev": 2.60171127319
    },
    "zerocrossingrate": {
        "max": 0.20166015625,
        "mean": 0.100592151284,
        "min": 0.0283203125,
        "stdev": 0.0319928452373
    },
    "barkbands": {
        "max": [0.000167778038303, 0.00116593553685, 0.00480451481417, 0.00733339833096, 0.00747692212462, 0.00448675081134, 0.00494904443622, 0.00355560542084, 0.00166126550175, 0.00552481878549, 0.00135289994068, 0.0209538210183, 0.0154339428991, 0.00211016926914, 0.022346874699, 0.00778017519042, 0.0092138228938, 0.00424683466554, 0.00446921261027, 0.00651828432456, 0.00298005947843, 0.000730888918042, 0.00129895610735, 0.00064360484248, 5.40980436199e-05, 6.40376902084e-06, 5.63721478102e-05],
        "mean": [1.5270898075e-05, 0.000221742026042, 0.000259197113337, 0.000546868832316, 0.00107705802657, 0.000367952103261, 0.000393637106754, 0.00034357002005, 0.000222850474529, 0.00027712751762, 0.000105214443465, 0.000394450355088, 0.000752751482651, 7.42689662729e-05, 0.00105966010597, 0.000322959473124, 0.000326240173308, 0.000153111119289, 0.000397177878767, 0.000408887775848, 0.000312931399094, 5.78814469918e-05, 0.000101291610918, 4.51073574368e-05, 3.83291126127e-06, 1.85417559351e-06, 1.16984811029e-05],
        "min": [9.62220099154e-08, 1.08195217763e-06, 4.8325506441e-07, 7.74416548666e-07, 4.19028026499e-07, 1.26220390939e-06, 4.20275796387e-07, 2.20995460154e-07, 8.77096155705e-08, 7.86979583722e-08, 5.17286977697e-08, 1.33434795657e-07, 1.13156332304e-07, 1.22465422692e-07, 6.87830024049e-08, 1.56730109779e-07, 1.12709066968e-07, 1.1434953251e-07, 1.75850374262e-07, 5.9036381117e-08, 1.56057993195e-07, 6.40862936052e-08, 3.47908226672e-08, 3.97047585921e-08, 2.84830647956e-08, 6.86936161287e-08, 1.57184999239e-07],
        "stdev": [1.88060384971e-05, 0.000227437732974, 0.000473423511721, 0.000912487797905, 0.00144765793812, 0.000558419385925, 0.000632895447779, 0.000488630961627, 0.000335607473971, 0.000524780538399, 0.000171940700966, 0.00178113719448, 0.0023110085167, 0.000192507504835, 0.00321503006853, 0.000949757988565, 0.000955310766585, 0.000531166093424, 0.000836662307847, 0.00101932976395, 0.000511045276653, 0.000106437277282, 0.000215453575947, 0.000106415885966, 7.99293047749e-06, 1.11329507035e-06, 1.0263051081e-05]
    },
    "erbbands": {
        "max": [0.0197823941708, 0.342018514872, 3.55776953697, 14.5166454315, 28.840587616, 27.3736572266, 28.0184020996, 42.2323722839, 40.8661727905, 70.4424667358, 68.9499282837, 49.6094093323, 83.6311721802, 217.746627808, 107.742805481, 1032.38244629, 730.273620605, 121.28024292, 1370.61181641, 1432.72094727, 344.243347168, 212.674850464, 228.420501709, 269.251708984, 241.326919556, 437.309539795, 177.32699585, 92.8279266357, 22.197851181, 24.8128108978, 36.6411437988, 18.6228408813, 5.86730241776, 1.20671844482, 0.219277530909, 0.0145953381434, 0.0186338461936, 0.091591142118, 0.00234610377811, 9.99894691631e-05],
        "mean": [0.00406728358939, 0.0606031529605, 0.273352503777, 1.11415731907, 2.85059070587, 3.53395390511, 3.20990610123, 3.45182466507, 5.20938920975, 6.19502353668, 6.8212594986, 6.17960929871, 5.09331941605, 9.15252017975, 6.59769773483, 22.9636325836, 36.4194602966, 7.73532772064, 30.1075325012, 55.8458175659, 20.9320316315, 9.96928310394, 9.85332584381, 15.4296169281, 17.7493610382, 24.2442951202, 16.3473110199, 7.11600732803, 2.40726852417, 1.98939478397, 3.01724886894, 1.60271787643, 0.45141467452, 0.0817327350378, 0.0149018028751, 0.00315488153137, 0.00464650522918, 0.0196530483663, 0.000583319168072, 2.27589061979e-05],
        "min": [3.61203055945e-05, 0.000442505610408, 0.00178509950638, 0.00248291832395, 0.00156764418352, 0.00121749355458, 0.00502779474482, 0.0108034135774, 0.00840805284679, 0.00570138730109, 0.00640858756378, 0.00178546376992, 0.0035981067922, 0.000873106298968, 0.00395707041025, 0.00496986275539, 0.00536798825487, 0.00732280034572, 0.00360657600686, 0.00450750486925, 0.00981901120394, 0.00569224543869, 0.00546321226284, 0.0126343015581, 0.00404352461919, 0.00254250969738, 0.00497695803642, 0.00610911706463, 0.00273705436848, 0.00186494307127, 0.000702445860952, 0.000724360172171, 0.000731349573471, 0.000373872433556, 0.000134116911795, 4.59114526166e-05, 9.20104866964e-05, 0.000314686214551, 9.43922532315e-06, 1.96225798277e-07],
        "stdev": [0.00344606302679, 0.066627189517, 0.439827173948, 1.90432870388, 4.19128704071, 4.97094631195, 4.67599487305, 5.85889625549, 7.64817762375, 9.18850421906, 9.48784828186, 9.23131084442, 10.0426902771, 18.9119148254, 11.323802948, 88.5831069946, 108.332092285, 15.0522537231, 124.978385925, 181.896881104, 44.1373405457, 23.0916728973, 28.9487438202, 38.901348114, 37.3466186523, 61.3260192871, 28.8496952057, 12.1499681473, 4.07471561432, 4.35879278183, 6.19582462311, 3.29165673256, 1.0553227663, 0.174993038177, 0.0273881722242, 0.00277492869645, 0.00353011349216, 0.0165372062474, 0.000470069033327, 2.23917559197e-05]
    },
    "gfcc": {
        "mean": [-92.4449005127, 61.6847305298, -103.987831116, 32.1031723022, -46.6451416016, -3.6074385643, -23.9910697937, -8.56533908844, -18.0744361877, -2.18356704712, -15.1897706985, 0.0253009386361, -14.703294754],
        "cov": [[12575.5957031, 1295.28320312, -3843.31152344, 94.0135040283, -1105.39257812, -439.795654297, -182.862258911, -557.790100098, 13.4817352295, -319.520446777, 51.3638381958, -874.698852539, -131.875213623], [1295.28320312, 503.202697754, -335.24432373, -138.004058838, -138.780517578, -155.867233276, -23.8541641235, -76.8899765015, -52.5376777649, -64.950958252, -90.0925140381, -80.8063583374, -24.5355072021], [-3843.31152344, -335.24432373, 1289.68395996, -44.5885658264, 338.76461792, 113.214576721, 37.7951011658, 182.853256226, -3.97364616394, 71.0903167725, -40.5091667175, 265.480621338, 49.7304573059], [94.0135040283, -138.004058838, -44.5885658264, 147.239028931, -1.67324376106, 39.6390609741, 17.2032032013, -1.04969668388, 17.6031856537, 10.6044855118, 25.7743835449, -13.8827037811, 2.85183739662], [-1105.39257812, -138.780517578, 338.76461792, -1.67324376106, 181.88192749, 76.7305374146, 2.48220181465, 43.7183380127, 0.379814863205, 54.0552177429, 27.8257923126, 59.8031578064, -11.397026062], [-439.795654297, -155.867233276, 113.214576721, 39.6390609741, 76.7305374146, 115.267875671, -7.40903568268, 33.2164001465, 9.77631950378, 31.8610858917, 59.2238845825, 7.77555179596, 4.36424398422], [-182.862258911, -23.8541641235, 37.7951011658, 17.2032032013, 2.48220181465, -7.40903568268, 94.5348739624, 2.72544240952, -4.59126663208, 4.29860067368, -27.4700813293, 47.9338798523, -2.67625951767], [-557.790100098, -76.8899765015, 182.853256226, -1.04969668388, 43.7183380127, 33.2164001465, 2.72544240952, 69.8006515503, 23.2501564026, 4.34072303772, 2.21879863739, 32.5718383789, 15.9380340576], [13.4817352295, -52.5376777649, -3.97364616394, 17.6031856537, 0.379814863205, 9.77631950378, -4.59126663208, 23.2501564026, 57.2252044678, 4.78965330124, 4.68259716034, 7.85565185547, 1.47738730907], [-319.520446777, -64.950958252, 71.0903167725, 10.6044855118, 54.0552177429, 31.8610858917, 4.29860067368, 4.34072303772, 4.78965330124, 64.094329834, 37.0465240479, 9.60482120514, -0.234998643398], [51.3638381958, -90.0925140381, -40.5091667175, 25.7743835449, 27.8257923126, 59.2238845825, -27.4700813293, 2.21879863739, 4.68259716034, 37.0465240479, 89.8839035034, -16.0512180328, -7.18401288986], [-874.698852539, -80.8063583374, 265.480621338, -13.8827037811, 59.8031578064, 7.77555179596, 47.9338798523, 32.5718383789, 7.85565185547, 9.60482120514, -16.0512180328, 121.52532959, 19.3567123413], [-131.875213623, -24.5355072021, 49.7304573059, 2.85183739662, -11.397026062, 4.36424398422, -2.67625951767, 15.9380340576, 1.47738730907, -0.234998643398, -7.18401288986, 19.3567123413, 50.266242981]],
        "icov": [[0.00236824271269, -0.00254489807412, 0.00405280198902, -0.00102419522591, -0.000380034267437, 0.00196313299239, -0.00287422537804, 0.00456679984927, -0.00555472495034, 0.00696042180061, -0.00576008623466, 0.00600394047797, -0.00377761409618], [-0.00254489807412, 0.00961362570524, -0.0027892452199, 0.00554228574038, 0.000912368355785, 0.00141724082641, 0.00505165942013, -0.00587149336934, 0.0104903066531, -0.00855582673103, 0.0111741563305, -0.00565485889092, 0.0061017004773], [0.00405280198902, -0.0027892452199, 0.0122945141047, -0.00185377767775, -0.00422761775553, 0.00278717675246, 0.000499793910421, -0.00110877444968, -0.00267635704949, 0.00742522627115, -0.00227577751502, 0.00228241761215, -0.00470024906099], [-0.00102419522591, 0.00554228574038, -0.00185377767775, 0.0126972319558, 0.000970825087279, -0.00134525110479, -0.00281249568798, 0.00194492971059, 9.20223246794e-05, -0.00133772881236, 0.00232566986233, 0.00240085204132, 0.000101270990854], [-0.000380034267437, 0.000912368355785, -0.00422761775553, 0.000970825087279, 0.0211012810469, -0.00959758739918, 0.00465934397653, -0.000949220499024, 0.00351811433211, -0.0122355185449, 0.00518572470173, -0.00463990867138, 0.0121097611263], [0.00196313299239, 0.00141724082641, 0.00278717675246, -0.00134525110479, -0.00959758739918, 0.0277459360659, -0.00744720222428, 0.000732512795366, -0.00513744913042, 0.0125202611089, -0.0190198086202, 0.0128647973761, -0.00951564591378], [-0.00287422537804, 0.00505165942013, 0.000499793910421, -0.00281249568798, 0.00465934397653, -0.00744720222428, 0.0296938233078, -0.0165633112192, 0.019590491429, -0.0225841514766, 0.0255384165794, -0.0265378821641, 0.0163138378412], [0.00456679984927, -0.00587149336934, -0.00110877444968, 0.00194492971059, -0.000949220499024, 0.000732512795366, -0.0165633112192, 0.05074454844, -0.0325813144445, 0.0276681520045, -0.0228303130716, 0.0248781740665, -0.0189046561718], [-0.00555472495034, 0.0104903066531, -0.00267635704949, 9.20223246794e-05, 0.00351811433211, -0.00513744913042, 0.019590491429, -0.0325813144445, 0.047340836376, -0.0288625173271, 0.0275367889553, -0.0276950635016, 0.0188815295696], [0.00696042180061, -0.00855582673103, 0.00742522627115, -0.00133772881236, -0.0122355185449, 0.0125202611089, -0.0225841514766, 0.0276681520045, -0.0288625173271, 0.0577150173485, -0.0395640060306, 0.0305411219597, -0.0233191549778], [-0.00576008623466, 0.0111741563305, -0.00227577751502, 0.00232566986233, 0.00518572470173, -0.0190198086202, 0.0255384165794, -0.0228303130716, 0.0275367889553, -0.0395640060306, 0.0546616762877, -0.0289980992675, 0.0218723081052], [0.00600394047797, -0.00565485889092, 0.00228241761215, 0.00240085204132, -0.00463990867138, 0.0128647973761, -0.0265378821641, 0.0248781740665, -0.0276950635016, 0.0305411219597, -0.0289980992675, 0.0473268330097, -0.022285439074], [-0.00377761409618, 0.0061017004773, -0.00470024906099, 0.000101270990854, 0.0121097611263, -0.00951564591378, 0.0163138378412, -0.0189046561718, 0.0188815295696, -0.0233191549778, 0.0218723081052, -0.022285439074, 0.0390844158828]]
    },
    "melbands": {
        "max": [0.000257764942944, 0.00143758300692, 0.00305885681883, 0.0017360112397, 0.00105363340117, 0.000909390975721, 0.000745872210246, 0.000646367087029, 0.000469175778562, 0.000316340068821, 0.000412415451137, 0.00094803009415, 0.000169084989466, 0.00257622660138, 0.00154436705634, 0.00110411678907, 0.000272534467513, 0.00202400749549, 0.00132417469285, 0.00120483792853, 0.000610775023233, 0.000355232710717, 0.000109004096885, 0.000342214945704, 0.000261013861746, 0.000238850334426, 0.000266448332695, 0.000397271709517, 0.000157259928528, 8.74829274835e-05, 4.99398556713e-05, 1.70783951035e-05, 1.01417590486e-05, 1.62839460245e-05, 2.7354231861e-05, 2.90635252895e-05, 1.04982182165e-05, 6.50870060781e-06, 1.48395190536e-06, 6.77092430124e-07],
        "mean": [5.12484111823e-05, 0.000127743012854, 0.000245078408625, 0.000242930807872, 0.000123238336528, 7.19642266631e-05, 8.2510530774e-05, 7.09974265192e-05, 5.21901529282e-05, 3.67659049516e-05, 2.45252267632e-05, 3.82152793463e-05, 1.56573205459e-05, 4.92538674735e-05, 7.56829613238e-05, 5.80622727284e-05, 7.88554098108e-06, 4.200285548e-05, 5.78450599278e-05, 6.13422453171e-05, 2.23317310883e-05, 1.26343029478e-05, 6.50789024803e-06, 1.04555792859e-05, 1.13940423034e-05, 1.82318490261e-05, 8.67753624334e-06, 1.79794078576e-05, 1.06365405372e-05, 5.62546574656e-06, 4.27295390182e-06, 1.57014540036e-06, 7.6754093925e-07, 1.04596540496e-06, 1.82178951036e-06, 1.64867060448e-06, 6.79091272104e-07, 4.1097086978e-07, 1.03962364051e-07, 4.71535628321e-08],
        "min": [3.93477819216e-07, 9.68462018136e-07, 4.00348483254e-07, 8.17404526288e-08, 1.53229478883e-07, 2.55348481915e-07, 1.17939620736e-07, 6.55836416286e-08, 3.83821188166e-08, 1.01129691288e-08, 1.78574186549e-08, 2.87218382411e-09, 9.64237845125e-09, 1.59934767652e-08, 8.99445762315e-09, 1.40307454544e-08, 1.35848576832e-08, 5.50513457043e-09, 5.68178215588e-09, 6.97569602082e-09, 1.33811850489e-08, 6.48040909823e-09, 3.71615005434e-09, 6.3086380564e-09, 1.15222791308e-08, 3.24406657093e-09, 2.42982700627e-09, 1.27879518086e-09, 3.48322015675e-09, 2.65442157144e-09, 3.74020903138e-09, 1.1460438154e-09, 1.69940073125e-09, 8.83035033983e-10, 3.65893565446e-10, 3.56495610809e-10, 4.99994157188e-10, 6.73590794253e-10, 3.47147588453e-10, 2.67559280287e-10],
        "stdev": [4.7209130571e-05, 0.000177432782948, 0.000356479140464, 0.000325926172081, 0.000183178199222, 0.000117345734907, 0.000124505648273, 0.000101385841845, 7.16855283827e-05, 5.63121648156e-05, 4.92698163725e-05, 8.17776599433e-05, 2.4757688152e-05, 0.000219998430111, 0.000228056160267, 0.000173200358404, 2.3513495762e-05, 0.000188267775229, 0.000180537710548, 0.000174961111043, 6.72723399475e-05, 3.72951762984e-05, 1.32853765535e-05, 4.1849732952e-05, 3.63155013474e-05, 4.03873818868e-05, 2.84683355858e-05, 5.10943464178e-05, 2.15866893996e-05, 1.22458586702e-05, 8.73822682479e-06, 2.93022321785e-06, 1.38944403716e-06, 2.65224980467e-06, 4.01128272642e-06, 3.95143024434e-06, 1.58472323619e-06, 1.06888535356e-06, 2.22558952601e-07, 1.02214279707e-07]
    },
    "melbands128": {
        "max": [9.29618690861e-05, 0.000176000598003, 0.00035593987559, 0.000704562233295, 0.00143886415754, 0.00281886709854, 0.00304183200933, 0.00402182852849, 0.00347424019128, 0.00282373698428, 0.00178691232577, 0.00227505667135, 0.00141217536293, 0.00144423334859, 0.0014739515027, 0.000593278207816, 0.000567252398469, 0.00120865472127, 0.00184969918337, 0.000785120937508, 0.000915998069104, 0.00132360809948, 0.000621421495453, 0.00041138989036, 0.000625932705589, 0.000597050995566, 0.000269894633675, 0.000825643190183, 0.000165983146871, 0.00172602047678, 0.000966503052041, 0.000307672686176, 0.000252529105637, 0.000371297996026, 0.000315298704663, 0.00565860792994, 0.00327980634756, 0.00109484209679, 0.0047248667106, 0.00176198338158, 0.00158090575133, 9.56598159974e-05, 0.0004639076069, 0.000273285870207, 7.33316483092e-05, 0.00298317847773, 0.00422738166526, 0.000118913878396, 0.00261890282854, 0.00388160767034, 0.00178313441575, 0.000400985009037, 0.000107905587356, 0.00140427285805, 0.00105290778447, 3.44976360793e-05, 7.87815079093e-05, 0.000307859765599, 5.47062918486e-05, 0.000155774396262, 0.000814328319393, 7.5885989645e-05, 4.069239003e-05, 0.000611358671449, 0.000409540778492, 0.000395251379814, 0.000378525495762, 2.42344522121e-05, 0.000340697413776, 0.000708625710104, 0.000826187082566, 0.000326735258568, 0.000206469398108, 0.000257252831943, 0.000362684164429, 9.47269218159e-05, 0.000136628586915, 8.90915034688e-05, 0.000105475461169, 6.64348626742e-05, 3.4742824937e-05, 7.2577845458e-06, 9.81350331131e-06, 1.33495541377e-05, 1.37902643473e-05, 4.37154048996e-05, 1.02604799395e-05, 1.02304575194e-05, 6.46465778118e-05, 6.99757947586e-05, 3.17499980156e-05, 4.24537065555e-05, 2.88658775389e-05, 5.82497750656e-06, 1.2994244571e-05, 1.8384980649e-05, 3.45537250723e-06, 5.09965593665e-06, 1.35505774779e-06, 2.07494417737e-06, 1.51263657244e-06, 3.79025635766e-07, 5.51418850137e-07, 1.94117177443e-07, 6.32219666841e-07, 6.51123883699e-08, 3.67414330071e-08, 3.19909183588e-08, 2.70981974637e-08, 3.07934762134e-08, 2.0330210404e-08, 2.57525236691e-08, 2.54242564779e-08, 2.19373301746e-08, 5.42979172735e-08, 8.87241640157e-07, 1.9314727524e-06, 4.96211427503e-08, 3.03820186787e-08, 2.62956767472e-08, 2.42601974065e-08, 3.11030774469e-08, 2.47872904424e-08, 8.79787265262e-09, 8.52682102703e-09, 8.31889046538e-09, 8.18437317918e-09, 8.096131765e-09],
        "mean": [1.0684134395e-05, 2.16958360397e-05, 6.85710620019e-05, 0.000106867468276, 0.000127005740069, 0.000128825355205, 0.000207351753488, 0.000295179401292, 0.000281939777778, 0.000283650588244, 0.000177313137101, 0.000156400012202, 0.000109988963231, 7.2969654866e-05, 9.83745485428e-05, 5.18115484738e-05, 4.66698948003e-05, 0.000118518255476, 8.86955895112e-05, 5.38881322427e-05, 7.87222452345e-05, 6.60268342472e-05, 5.19621971762e-05, 2.97778133245e-05, 4.62805874122e-05, 3.88928892789e-05, 1.61389671121e-05, 2.79512132693e-05, 1.44359637488e-05, 6.33681411273e-05, 3.52442075382e-05, 1.28881883938e-05, 1.42360713653e-05, 2.01059901883e-05, 1.50053001562e-05, 9.12340401555e-05, 5.6935394241e-05, 2.27450909733e-05, 0.000154866866069, 8.53724704939e-05, 3.61433121725e-05, 4.43277986051e-06, 9.53805738391e-06, 9.17425404623e-06, 3.28297301166e-06, 6.87538195052e-05, 6.8228575401e-05, 4.46497506346e-06, 8.25874521979e-05, 0.000123287944007, 5.26531148353e-05, 9.8658438219e-06, 5.22907157574e-06, 4.40563453594e-05, 2.89935996989e-05, 1.55268685376e-06, 3.24356437886e-06, 1.23798781715e-05, 2.87424677481e-06, 5.02292050442e-06, 2.17982051254e-05, 2.16559465116e-06, 3.40331985171e-06, 2.03124691325e-05, 1.56447476911e-05, 2.47430562013e-05, 1.43384395415e-05, 1.43156046306e-06, 7.40181758374e-06, 1.99199348572e-05, 2.38209559029e-05, 1.20545882965e-05, 8.20978220872e-06, 1.15794637168e-05, 1.32301629492e-05, 5.07101140101e-06, 3.99894906877e-06, 1.06143568246e-06, 6.51622940495e-06, 5.02532839164e-06, 1.34825131681e-06, 4.13942899513e-07, 5.91942864503e-07, 5.87366344007e-07, 9.19506192076e-07, 1.87414821085e-06, 4.86564147195e-07, 6.68881966703e-07, 2.9352297588e-06, 1.82480891908e-06, 1.16616081414e-06, 2.06255776902e-06, 1.31518811486e-06, 2.76088798046e-07, 5.77319724471e-07, 8.49553714488e-07, 1.74252491547e-07, 1.69826307683e-07, 9.47023721665e-08, 8.47928447456e-08, 8.41737843871e-08, 2.57943728599e-08, 2.70243507572e-08, 1.45769014637e-08, 2.06956976001e-08, 8.17475243053e-09, 6.26316420949e-09, 4.81526019058e-09, 4.41428804621e-09, 4.09892608744e-09, 3.76912856481e-09, 3.73348862936e-09, 4.04230826589e-09, 4.57957582967e-09, 1.04800870204e-08, 2.02383219516e-07, 3.96557254589e-07, 1.24970140902e-08, 4.45000969407e-09, 3.03033931282e-09, 2.53091814173e-09, 2.19138240887e-09, 1.46933376577e-09, 6.84303586018e-11, 1.69006909162e-11, 1.64425400379e-11, 1.6153401533e-11, 1.59806126665e-11],
        "min": [5.44453833129e-08, 9.45964728771e-08, 7.33842512091e-07, 2.76308043112e-07, 9.68905169429e-07, 2.69845997991e-07, 2.43759615159e-07, 3.27697648572e-07, 1.12706153743e-07, 4.35479066141e-08, 5.44922826862e-08, 8.02514961151e-08, 6.63187051941e-08, 1.71058786691e-07, 1.88461129369e-07, 3.94601045173e-08, 5.29574819552e-08, 4.48870949299e-08, 4.1595722422e-08, 2.46779592317e-08, 1.87983353328e-08, 1.86661459622e-08, 1.50436498814e-08, 8.14985057218e-09, 4.03407884875e-09, 6.06974559503e-09, 6.75628042401e-09, 1.43492018267e-08, 6.22041707032e-09, 2.00908334413e-09, 1.45794509798e-09, 1.57634905129e-09, 7.01360658439e-09, 6.52849729832e-09, 8.48479597693e-09, 9.90196724615e-09, 7.68325314482e-09, 3.52339002418e-09, 5.3949711365e-09, 1.13703979565e-08, 1.06350315221e-08, 1.25309069787e-08, 9.57492307663e-09, 8.44616909745e-09, 5.59450619164e-09, 4.26986535018e-09, 4.28312008083e-09, 4.63466465206e-09, 6.2283818103e-09, 3.75319153534e-09, 9.08880970485e-09, 6.80245815232e-09, 1.23630927717e-08, 1.38619995482e-08, 7.26591409261e-09, 4.45495196288e-09, 2.37078867649e-09, 5.07456743293e-09, 3.18835025048e-09, 2.95791036109e-09, 7.05676983515e-09, 7.79847653121e-09, 1.00624966137e-08, 1.141654149e-08, 6.62344179503e-09, 1.26877952589e-09, 1.23285159859e-09, 4.00654354138e-09, 1.93413240979e-09, 1.80898018787e-09, 1.01361652405e-09, 6.26991014663e-10, 3.45294193238e-09, 4.79257122876e-09, 2.24158180906e-09, 2.59787102941e-09, 1.56763879655e-09, 5.70022962165e-09, 4.84527262756e-09, 8.81119788243e-10, 1.31680299997e-09, 5.64131408254e-10, 2.36143571364e-09, 2.43452458193e-09, 4.13207384975e-10, 9.76650649243e-10, 1.27634480762e-09, 2.3467533472e-10, 4.08821448916e-10, 3.00112462659e-10, 2.69312627754e-10, 4.84807916035e-10, 3.11203951497e-10, 2.77406986271e-10, 7.24167836808e-10, 1.11421905036e-09, 6.28433693972e-10, 1.22656454438e-10, 2.28246088696e-10, 5.96006799469e-10, 3.91046944825e-10, 1.31083421895e-10, 1.96356791937e-10, 3.04963526654e-10, 1.12046073808e-10, 8.68633776019e-11, 7.74916172896e-11, 9.47602968315e-11, 6.30891450193e-11, 6.38425007304e-11, 6.86059195565e-11, 7.96153004634e-11, 3.90639742776e-11, 6.8829823785e-11, 5.01547914311e-10, 3.5888740868e-09, 5.86309978345e-09, 4.13479694927e-10, 3.39775164384e-13, 2.36201005586e-13, 2.63442967528e-13, 3.14441859052e-13, 8.25050477157e-14, 6.89964578526e-14, 5.09218792892e-14, 1.84366343264e-14, 3.31958204787e-15, 8.65811535346e-17],
        "stdev": [1.19213982543e-05, 2.1109739464e-05, 6.51726440992e-05, 0.000128651154228, 0.000214196828892, 0.000249616568908, 0.000438242539531, 0.000505303032696, 0.000505158677697, 0.000460427429061, 0.000278948718915, 0.000330347655108, 0.000179119204404, 0.000130204614834, 0.000198196896235, 9.06096829567e-05, 7.85519587225e-05, 0.000197963177925, 0.000185227690963, 9.84695288935e-05, 0.000142799166497, 0.000120772623632, 9.18842633837e-05, 5.71568707528e-05, 8.28328484204e-05, 7.74421787355e-05, 3.79093035008e-05, 8.91857926035e-05, 2.31809372053e-05, 0.000150525564095, 8.09068515082e-05, 2.9103779525e-05, 2.81951979559e-05, 4.00444223487e-05, 3.04503373627e-05, 0.000479410926346, 0.000277383602224, 0.00010004662181, 0.000633142946754, 0.000268123782007, 0.000166193742189, 9.26071152207e-06, 3.64649349649e-05, 2.7641588531e-05, 8.24108974484e-06, 0.000306918780552, 0.000356501986971, 1.25927754198e-05, 0.000334119366016, 0.000481211696751, 0.000209114383324, 3.5666867916e-05, 1.02599142338e-05, 0.000158515729709, 0.000106178893475, 3.00413330478e-06, 8.26950054034e-06, 3.61279089702e-05, 6.20133323537e-06, 1.54232329805e-05, 9.84830694506e-05, 6.48053446639e-06, 5.69951134821e-06, 7.65698569012e-05, 5.45084003534e-05, 6.90719243721e-05, 4.53898501291e-05, 2.80144899989e-06, 3.36495286319e-05, 8.03709190222e-05, 9.40079626162e-05, 4.21512886533e-05, 2.62563789875e-05, 3.13035525323e-05, 4.53738903161e-05, 1.12418711069e-05, 1.4817970623e-05, 5.68329369344e-06, 1.60525123647e-05, 1.02959902506e-05, 4.68129610454e-06, 7.86605085068e-07, 1.28866702198e-06, 1.38758559842e-06, 1.94368726625e-06, 6.95546714269e-06, 1.09201255327e-06, 1.37202096084e-06, 7.68163408793e-06, 7.47174544813e-06, 3.77682840735e-06, 6.22643983661e-06, 3.61322918252e-06, 5.32800754627e-07, 1.83387999186e-06, 2.63075071416e-06, 4.18226363763e-07, 5.43727423974e-07, 1.93899936107e-07, 2.21629946395e-07, 2.35085394706e-07, 4.34091909085e-08, 6.67855815095e-08, 2.18614175651e-08, 6.15661690517e-08, 8.58302318107e-09, 6.10528783085e-09, 4.30503277471e-09, 3.85570331218e-09, 3.71281716482e-09, 3.45906348009e-09, 3.52497919742e-09, 3.98458865902e-09, 3.88557408471e-09, 8.02034261227e-09, 1.6192072394e-07, 3.47710397364e-07, 7.56538209856e-09, 4.40649694511e-09, 3.67238284227e-09, 3.27137117395e-09, 3.80246722997e-09, 2.64418775764e-09, 4.0457714956e-10, 3.63207658394e-10, 3.54352963639e-10, 3.48624296098e-10, 3.44865608293e-10]
    },
    "mfcc": {
        "mean": [-746.051452637, 102.759880066, 2.35394525528, 34.0975036621, -2.54032707214, 10.2427148819, -2.31103134155, 0.932829380035, -4.52862453461, 4.58778476715, -10.0386772156, 2.00478291512, -2.00591850281],
        "cov": [[14822.6611328, 399.340576172, -2262.00170898, -318.139068604, -1287.97631836, -357.637237549, -520.265380859, -445.171813965, -436.503173828, 474.611694336, -739.490844727, 245.798873901, -12.1562871933], [399.340576172, 520.445739746, -103.849586487, -52.5728721619, -98.7987213135, -67.7922668457, -57.9963264465, -34.7066802979, 12.8244314194, -84.9716567993, -25.233291626, -39.1307868958, -38.5009765625], [-2262.00170898, -103.849586487, 438.521270752, 47.6375427246, 223.62197876, 30.6007480621, 78.5741882324, 71.6255645752, 76.3391494751, -53.3242263794, 85.6440734863, -32.6622276306, -11.3141450882], [-318.139068604, -52.5728721619, 47.6375427246, 99.0829544067, -8.64575004578, 40.8074798584, 0.228574708104, 25.7047767639, 24.8305950165, -27.2741508484, 28.197977066, -16.5991287231, 8.90610599518], [-1287.97631836, -98.7987213135, 223.62197876, -8.64575004578, 243.564117432, 14.5238666534, 77.7941894531, 7.84813213348, -5.82753133774, 30.6141033173, 58.5045661926, -7.51481389999, 12.4835958481], [-357.637237549, -67.7922668457, 30.6007480621, 40.8074798584, 14.5238666534, 84.1398925781, 25.167596817, 21.0415306091, 6.33590316772, -23.6578960419, 40.2465248108, -4.41204500198, 10.8456439972], [-520.265380859, -57.9963264465, 78.5741882324, 0.228574708104, 77.7941894531, 25.167596817, 87.5108261108, -2.68222904205, -9.98565578461, 13.1036739349, 25.9218387604, 1.64580285549, 2.57103991508], [-445.171813965, -34.7066802979, 71.6255645752, 25.7047767639, 7.84813213348, 21.0415306091, -2.68222904205, 85.8398971558, 42.8005332947, -42.2182121277, 27.8389186859, -13.1544160843, 6.46661949158], [-436.503173828, 12.8244314194, 76.3391494751, 24.8305950165, -5.82753133774, 6.33590316772, -9.98565578461, 42.8005332947, 83.6567382812, -38.2625389099, 8.15974330902, -13.8762187958, -13.6697587967], [474.611694336, -84.9716567993, -53.3242263794, -27.2741508484, 30.6141033173, -23.6578960419, 13.1036739349, -42.2182121277, -38.2625389099, 110.060546875, -23.6611843109, 23.6399517059, 10.9449987411], [-739.490844727, -25.233291626, 85.6440734863, 28.197977066, 58.5045661926, 40.2465248108, 25.9218387604, 27.8389186859, 8.15974330902, -23.6611843109, 90.0764846802, -10.4899559021, 14.2120018005], [245.798873901, -39.1307868958, -32.6622276306, -16.5991287231, -7.51481389999, -4.41204500198, 1.64580285549, -13.1544160843, -13.8762187958, 23.6399517059, -10.4899559021, 48.1919136047, 8.77610301971], [-12.1562871933, -38.5009765625, -11.3141450882, 8.90610599518, 12.4835958481, 10.8456439972, 2.57103991508, 6.46661949158, -13.6697587967, 10.9449987411, 14.2120018005, 8.77610301971, 45.4552688599]],
        "icov": [[0.000852192169987, -4.02484001825e-05, 0.00243720738217, -0.0001941339724, 0.00149725435767, 0.000263276218902, 0.00114636321086, -0.000559438369237, 0.00157037144527, -0.00207493430935, 0.00258754123934, -0.000822952133603, 0.000700964301359], [-4.02484001825e-05, 0.00392861757427, 0.00125271338038, 0.00175231287722, -0.000200865208171, 0.00320408144034, 0.000155889763846, 0.00291292346083, -0.00137845263816, 0.00459897983819, -0.00165646197274, 0.00277454825118, 0.000613042968325], [0.00243720738217, 0.00125271338038, 0.0163974054158, -0.00325066340156, -0.00388086447492, 0.00440004980192, 0.000880979816429, -0.00270540569909, -0.000946540734731, -0.000699819996953, 0.00576084293425, -0.00202308990993, 0.00525548122823], [-0.0001941339724, 0.00175231287722, -0.00325066340156, 0.0170439481735, 0.00394472572953, -0.00557054998353, 0.00142362143379, 0.00220708874986, -0.00269780238159, 0.000888360431418, -0.00271954364143, 0.00568845542148, -0.00413818564266], [0.00149725435767, -0.000200865208171, -0.00388086447492, 0.00394472572953, 0.0172058418393, -0.000473386200611, -0.00108421628829, 0.000189429090824, 0.00644565932453, -0.00963340047747, 0.00136607757304, 0.000981238787062, -0.00244515645318], [0.000263276218902, 0.00320408144034, 0.00440004980192, -0.00557054998353, -0.000473386200611, 0.0232007745653, -0.00570336263627, 0.000266998395091, -0.000514701532666, 0.00649334536865, -0.00614271126688, -4.12941044488e-05, 6.00981002208e-05], [0.00114636321086, 0.000155889763846, 0.000880979816429, 0.00142362143379, -0.00108421628829, -0.00570336263627, 0.020510384813, 0.000828300602734, 0.00483307568356, -0.0046273698099, 0.00293742236681, -0.00200681271963, 0.00279631279409], [-0.000559438369237, 0.00291292346083, -0.00270540569909, 0.00220708874986, 0.000189429090824, 0.000266998395091, 0.000828300602734, 0.0226985290647, -0.00928941741586, 0.00798348337412, -0.00505968090147, 0.00377478264272, -0.00604268955067], [0.00157037144527, -0.00137845263816, -0.000946540734731, -0.00269780238159, 0.00644565932453, -0.000514701532666, 0.00483307568356, -0.00928941741586, 0.0256095547229, -0.00469664577395, 0.00699404766783, -0.00234275357798, 0.00604418665171], [-0.00207493430935, 0.00459897983819, -0.000699819996953, 0.000888360431418, -0.00963340047747, 0.00649334536865, -0.0046273698099, 0.00798348337412, -0.00469664577395, 0.0265845302492, -0.005167523399, 0.000625900342129, -0.00310423388146], [0.00258754123934, -0.00165646197274, 0.00576084293425, -0.00271954364143, 0.00136607757304, -0.00614271126688, 0.00293742236681, -0.00505968090147, 0.00699404766783, -0.005167523399, 0.0278718322515, -0.00242606224492, -0.0019985307008], [-0.000822952133603, 0.00277454825118, -0.00202308990993, 0.00568845542148, 0.000981238787062, -4.12941044488e-05, -0.00200681271963, 0.00377478264272, -0.00234275357798, 0.000625900342129, -0.00242606224492, 0.0285809542984, -0.00578613486141], [0.000700964301359, 0.000613042968325, 0.00525548122823, -0.00413818564266, -0.00244515645318, 6.00981002208e-05, 0.00279631279409, -0.00604268955067, 0.00604418665171, -0.00310423388146, -0.0019985307008, -0.00578613486141, 0.0304910838604]]
    },
    "spectral_contrast_coeffs": {
        "max": [-0.530298948288, -0.645759880543, -0.55808621645, -0.574938833714, -0.612321138382, -0.613525509834],
        "mean": [-0.759599924088, -0.810102820396, -0.808879554272, -0.802725255489, -0.798369586468, -0.761060833931],
        "min": [-0.919138789177, -0.936907291412, -0.925471127033, -0.932663142681, -0.904590010643, -0.844455957413],
        "stdev": [0.0868103280663, 0.0590005777776, 0.0772817581892, 0.0919274836779, 0.080700173974, 0.0618834532797]
    },
    "spectral_contrast_valleys": {
        "max": [-5.88530826569, -5.40130281448, -6.16100072861, -6.73628425598, -6.48971700668, -9.6636505127],
        "mean": [-7.59267473221, -7.69400310516, -8.43440437317, -8.65061664581, -8.44279289246, -11.1919193268],
        "min": [-9.5562582016, -9.75440311432, -10.8419742584, -10.4787626266, -10.5479297638, -13.180978775],
        "stdev": [0.736098647118, 1.18020784855, 1.04389405251, 0.963305771351, 0.870873332024, 0.608752906322]
    }
},
"rhythm": {
    "beats_count": 23,
    "beats_loudness": {
        "max": 0.0266874711961,
        "mean": 0.00850534718484,
        "min": 9.53911439865e-05,
        "stdev": 0.00827814824879
    },
    "bpm": 111.937965393,
    "bpm_histogram_first_peak_bpm": 112,
    "bpm_histogram_first_peak_weight": 0.5625,
    "bpm_histogram_second_peak_bpm": 101,
    "bpm_histogram_second_peak_spread": 0.25,
    "bpm_histogram_second_peak_weight": 0.136363640428,
    "danceability": 0.692928493023,
    "onset_rate": 1.80259752274,
    "beats_loudness_band_ratio": {
        "max": [0.643178761005, 0.42190605402, 0.338423937559, 0.221645995975, 0.416462302208, 0.375010937452],
        "mean": [0.340818017721, 0.230979666114, 0.127753645182, 0.0985244885087, 0.115752927959, 0.13509491086],
        "min": [0.0490029789507, 0.0207793675363, 0.0170456599444, 0.0185887515545, 0.0232008844614, 0.0153806824237],
        "stdev": [0.185153990984, 0.0974180474877, 0.0858695283532, 0.0607316195965, 0.10457251966, 0.103125885129]
    },
    "beats_position": [0.580498874187, 1.17260766029, 1.764716506, 2.34521532059, 2.93732428551, 3.49460315704, 4.05188179016, 4.59755086899, 5.14321994781, 5.6888885498, 6.2229475975, 6.7570066452, 7.27945566177, 7.80190467834, 8.33596324921, 8.84680271149, 9.36925125122, 9.89170074463, 10.4025392532, 10.9365987778, 11.4706573486, 12.0047159195, 12.538775444],
