{
"metadata": {
    "version": {
        "essentia": "2.1-beta5",
        "essentia_git_sha": "Undefined",
        "extractor": "music 2.0"
    },
    "audio_properties": {
        "analysis": {
            "equal_loudness": 0,
            "length": 48.7502937317,
            "sample_rate": 44100,
            "start_time": 12.7477550507,
            "downmix": "mix"
        },
        "bit_rate": 192000,
        "length": 225.79083252,
        "lossless": 0,
        "number_channels": 2,
        "replay_gain": -1.63527679443,
        "sample_rate": 44100,
        "codec": "mp3",
        "md5_encoded": "f1fc03d043bd1c096bc50e834a90ea24"
    },
    "tags": {
        "file_name": "Switzerland_Io Senza Tei_Peter, Sue and Marc.mp3",
        "encoding": ["Lavf58.29.100"]
    }
},
"lowlevel": {
    "average_loudness": 0.950996994972,
    "barkbands_crest": {
        "max": 26.3116321564,
        "mean": 11.4142551422,
        "min": 2.02830410004,
        "stdev": 6.21606826782
    },
    "barkbands_flatness_db": {
        "max": 0.363039344549,
        "mean": 0.177356913686,
        "min": 0.0527163222432,
        "stdev": 0.0551129244268
    },
    "barkbands_kurtosis": {
        "max": 74.70677948,
        "mean": 3.44879317284,
        "min": -1.87021505833,
        "stdev": 6.24087142944
    },
    "barkbands_skewness": {
        "max": 5.89213085175,
        "mean": 0.484904050827,
        "min": -5.28621673584,
        "stdev": 1.19300854206
    },
    "barkbands_spread": {
        "max": 79.5169906616,
        "mean": 16.3174877167,
        "min": 0.684686899185,
        "stdev": 11.6806373596
    },
    "dissonance": {
        "max": 0.499990642071,
        "mean": 0.463592886925,
        "min": 0.280372738838,
        "stdev": 0.0346557870507
    },
    "dynamic_complexity": 3.0055539608,
    "erbbands_crest": {
        "max": 34.3104896545,
        "mean": 13.0827922821,
        "min": 2.65796899796,
        "stdev": 7.63871002197
    },
    "erbbands_flatness_db": {
        "max": 0.435433059931,
        "mean": 0.239670753479,
        "min": 0.104782670736,
        "stdev": 0.0620195418596
    },
    "erbbands_kurtosis": {
        "max": 72.0243377686,
        "mean": 4.58284807205,
        "min": -1.75238001347,
        "stdev": 9.01793575287
    },
    "erbbands_skewness": {
        "max": 5.52741241455,
        "mean": 0.548827111721,
        "min": -5.05720710754,
        "stdev": 1.11738693714
    },
    "erbbands_spread": {
        "max": 108.55431366,
        "mean": 23.5482521057,
        "min": 0.917878627777,
        "stdev": 17.0706691742
    },
    "hfc": {
        "max": 447.693695068,
        "mean": 26.7937107086,
        "min": 0.260146766901,
        "stdev": 28.2442569733
    },
    "loudness_ebu128": {
        "integrated": -22.5306797028,
        "loudness_range": 1.90991020203,
        "momentary": {
            "max": -17.1166095734,
            "mean": -23.1769523621,
            "min": -34.1956710815,
            "stdev": 2.57267165184
        },
        "short_term": {
            "max": -21.1991939545,
            "mean": -22.532875061,
            "min": -24.8491744995,
            "stdev": 0.693523228168
        }
    },
    "melbands_crest": {
        "max": 31.4479846954,
        "mean": 12.7069787979,
        "min": 2.25740122795,
        "stdev": 6.35761356354
    },
    "melbands_flatness_db": {
        "max": 0.335659682751,
        "mean": 0.169596374035,
        "min": 0.0208242442459,
        "stdev": 0.0629502609372
    },
    "melbands_kurtosis": {
        "max": 123.003227234,
        "mean": 5.18249416351,
        "min": -1.84469890594,
        "stdev": 8.79215145111
    },
    "melbands_skewness": {
        "max": 8.1013469696,
        "mean": 0.844529628754,
        "min": -4.48182487488,
        "stdev": 1.47267138958
    },
    "melbands_spread": {
        "max": 179.741851807,
        "mean": 28.1614284515,
        "min": 2.32953572273,
        "stdev": 22.0151100159
    },
    "pitch_salience": {
        "max": 0.864009737968,
        "mean": 0.558595001698,
        "min": 0.0916621461511,
        "stdev": 0.17852601409
    },
    "silence_rate_20dB": {
        "max": 1,
        "mean": 1,
        "min": 1,
        "stdev": 0
    },
    "silence_rate_30dB": {
        "max": 1,
        "mean": 0.99857211113,
        "min": 0,
        "stdev": 0.037761490792
    },
    "silence_rate_60dB": {
        "max": 1,
        "mean": 0.0571156591177,
        "min": 0,
        "stdev": 0.232068285346
    },
    "spectral_centroid": {
        "max": 4508.70507812,
        "mean": 1621.7598877,
        "min": 326.158996582,
        "stdev": 673.599975586
    },
    "spectral_complexity": {
        "max": 55,
        "mean": 17.7620182037,
        "min": 0,
        "stdev": 9.25556278229
    },
    "spectral_decrease": {
        "max": -2.46567783552e-11,
        "mean": -4.90846563395e-09,
        "min": -5.97062737029e-08,
        "stdev": 3.95789134799e-09
    },
    "spectral_energy": {
        "max": 0.255762338638,
        "mean": 0.0209559202194,
        "min": 0.000116656410682,
        "stdev": 0.0167019739747
    },
    "spectral_energyband_high": {
        "max": 0.0573102906346,
        "mean": 0.000964567007031,
        "min": 8.32047680888e-06,
        "stdev": 0.00295312306844
    },
    "spectral_energyband_low": {
        "max": 0.0413151569664,
        "mean": 0.00069282471668,
        "min": 1.31997092012e-06,
        "stdev": 0.00154837640002
    },
    "spectral_energyband_middle_high": {
        "max": 0.229017719626,
        "mean": 0.0121331959963,
        "min": 2.68703824986e-05,
        "stdev": 0.01363344118
    },
    "spectral_energyband_middle_low": {
        "max": 0.0800848677754,
        "mean": 0.00762501871213,
        "min": 3.36285884259e-05,
        "stdev": 0.0100774224848
    },
    "spectral_entropy": {
        "max": 8.53762149811,
        "mean": 7.46953392029,
        "min": 6.08140850067,
        "stdev": 0.454867810011
    },
    "spectral_flux": {
        "max": 0.434067696333,
        "mean": 0.071283519268,
        "min": 0.00736931478605,
        "stdev": 0.0440946407616
    },
    "spectral_kurtosis": {
        "max": 16.4448223114,
        "mean": 3.50569272041,
        "min": -0.877559900284,
        "stdev": 2.31790447235
    },
    "spectral_rms": {
        "max": 0.0157963354141,
        "mean": 0.00417695008218,
        "min": 0.000337359058904,
        "stdev": 0.00173145136796
    },
    "spectral_rolloff": {
        "max": 8462.54882812,
        "mean": 1998.62207031,
        "min": 215.33203125,
        "stdev": 1457.70654297
    },
    "spectral_skewness": {
        "max": 3.33243584633,
        "mean": 1.3299652338,
        "min": -0.00955315586179,
        "stdev": 0.432979881763
    },
    "spectral_spread": {
        "max": 8417912,
        "mean": 3816720.75,
        "min": 1908658.125,
        "stdev": 844576.875
    },
    "spectral_strongpeak": {
        "max": 20.9983577728,
        "mean": 2.85901355743,
        "min": 0.00306072761305,
        "stdev": 2.94346809387
    },
    "zerocrossingrate": {
        "max": 0.31298828125,
        "mean": 0.0748269483447,
        "min": 0.00341796875,
        "stdev": 0.0377212800086
    },
    "barkbands": {
        "max": [1.88388330571e-05, 0.00331102544442, 0.02117597498, 0.0246202461421, 0.0612015649676, 0.0716838464141, 0.0402045473456, 0.0419756397605, 0.0331286489964, 0.046261485666, 0.0737909972668, 0.0498275123537, 0.20341604948, 0.0523551851511, 0.00994201749563, 0.0118386177346, 0.0173545368016, 0.0110711632296, 0.0140804219991, 0.0181228462607, 0.0125363161787, 0.0330875180662, 0.012456859462, 0.0105097452179, 0.000300340063404, 6.4771434154e-06, 6.90909701007e-07],
        "mean": [1.06250388399e-06, 0.000159290910233, 0.000202615250601, 0.0007845213986, 0.00146274070721, 0.0015611195704, 0.00123872049153, 0.000805962074082, 0.00151051348075, 0.00168103014585, 0.00110275228508, 0.00221895403229, 0.00280622695573, 0.00239051599056, 0.000405357190175, 0.000377957825549, 0.000462192925625, 0.000358125893399, 0.00028193500475, 0.000364057224942, 0.000246085051913, 0.000214944753679, 0.000192541498109, 0.00011845753761, 8.20027162263e-06, 7.43272536852e-08, 1.51332379961e-09],
        "min": [4.05761468869e-09, 2.3360902901e-07, 9.74326752612e-08, 8.55170441127e-08, 2.40913095695e-06, 1.2744774267e-06, 2.07223752113e-06, 1.50408118316e-06, 1.29958766593e-06, 2.66176897412e-07, 4.50256749218e-07, 6.70956524118e-07, 9.55565042204e-07, 1.04240587007e-06, 8.17660634311e-07, 1.1759273093e-06, 1.44437990457e-06, 1.04764910702e-06, 1.74341300863e-06, 3.06414767692e-06, 1.56426676767e-06, 5.27808310835e-07, 2.15743489207e-06, 7.07337903805e-07, 2.74318551874e-07, 1.14423970299e-10, 7.17824272245e-11],
        "stdev": [1.51578740315e-06, 0.000342176383128, 0.000712682958692, 0.00157813099213, 0.00292635755613, 0.00450483849272, 0.00290396483615, 0.00275761657394, 0.00342983030714, 0.00510810967535, 0.00368648022413, 0.0057648695074, 0.00894701108336, 0.00647993013263, 0.000834520848002, 0.000744157470763, 0.00106957019307, 0.000805645366199, 0.000799697474577, 0.00100882747211, 0.000720936572179, 0.000964791222941, 0.000844282563776, 0.000613614742178, 2.08174933505e-05, 1.76694101128e-07, 1.66353348874e-08]
    },
    "erbbands": {
        "max": [0.049347255379, 0.901494145393, 15.8887348175, 73.9694213867, 51.3892860413, 221.487976074, 348.425170898, 811.738769531, 547.738647461, 756.100402832, 1039.56323242, 955.817321777, 1499.76318359, 1544.19335938, 2401.7253418, 1381.97900391, 10511.0146484, 2508.9855957, 2190.41210938, 987.061035156, 714.068603516, 716.42755127, 703.669799805, 601.461303711, 838.314758301, 856.871337891, 743.409484863, 601.776550293, 968.237121582, 982.795776367, 394.616027832, 343.111816406, 113.39024353, 10.3866987228, 0.876296520233, 0.0529351495206, 0.0122625157237, 0.00335757364519, 0.000311631039949, 0.000320357095916],
        "mean": [0.00265911594033, 0.0445620566607, 0.20813703537, 1.49438464642, 3.90269136429, 4.73494768143, 8.40319538116, 13.9510812759, 17.7564983368, 16.1388263702, 19.6264533997, 30.9456558228, 47.7004585266, 47.4759101868, 65.5173110962, 82.119682312, 140.340698242, 90.6291122437, 74.8044281006, 26.3265628815, 20.462562561, 25.2944202423, 20.6407794952, 15.7662792206, 14.1808919907, 17.6534118652, 12.558719635, 8.51127338409, 7.78838682175, 6.58674383163, 5.2894487381, 3.80011820793, 1.15699934959, 0.191732466221, 0.0227171238512, 0.00160336040426, 0.000116871124192, 2.01929724426e-05, 1.61457955983e-05, 2.74598114629e-05],
        "min": [4.26907445217e-06, 7.221847045e-05, 0.000159330898896, 0.000649683526717, 0.00433747796342, 0.00867788493633, 0.0102191511542, 0.0114106331021, 0.0297814905643, 0.0444832891226, 0.0527261868119, 0.0281967241317, 0.0192041378468, 0.0262653753161, 0.0316289402544, 0.031303036958, 0.0558766499162, 0.0659705251455, 0.065833710134, 0.0646315068007, 0.0621332153678, 0.078156337142, 0.0659241005778, 0.0765248164535, 0.10111708194, 0.159583330154, 0.124242521822, 0.0444123968482, 0.0208048950881, 0.0289225075394, 0.0573305897415, 0.028260210529, 0.00905907526612, 0.00487794354558, 0.00101280445233, 0.000183762182132, 1.16898318083e-05, 1.48658659782e-06, 3.69994836547e-07, 2.39718502826e-07],
        "stdev": [0.00488833477721, 0.094352722168, 0.570445418358, 3.1780424118, 5.37272310257, 11.64930439, 23.3243732452, 42.15102005, 41.1131782532, 39.9797592163, 61.8045501709, 75.6520614624, 113.359313965, 131.887649536, 162.275024414, 174.304641724, 454.134521484, 221.737976074, 225.156173706, 55.3926887512, 42.6089553833, 52.9724960327, 44.1981391907, 35.8162231445, 43.0016937256, 47.4277420044, 39.3919715881, 25.2969741821, 30.6966972351, 32.5752601624, 23.5372371674, 19.8696746826, 5.51851177216, 0.585436284542, 0.0497008562088, 0.00240067532286, 0.000369016983313, 8.83362299646e-05, 1.93394917005e-05, 2.25845615205e-05]
    },
    "gfcc": {
        "mean": [-39.4697799683, 96.7181854248, -178.070480347, 32.9947929382, -87.1964111328, 15.0849790573, -41.0661354065, -14.1302623749, -20.3273735046, -15.7188339233, 0.0457319580019, -17.1823863983, -1.27053153515],
        "cov": [[2021.82214355, 118.471382141, -292.571899414, 111.671020508, -92.4434204102, -201.192718506, 4.26855659485, 0.528075993061, 166.027511597, -117.891601562, -9.32883167267, -24.6098499298, 129.055908203], [118.471382141, 897.293823242, 413.946380615, -69.3653335571, 120.390052795, -130.324707031, 30.3205108643, 23.2238044739, -120.338249207, -56.4719314575, -48.3936882019, -16.8705692291, 34.9586639404], [-292.571899414, 413.946380615, 834.308410645, 276.550567627, -16.7588920593, 24.4858779907, -64.593170166, 102.351531982, -57.478553772, 7.57401275635, -87.3497848511, 17.8797111511, -6.68304014206], [111.671020508, -69.3653335571, 276.550567627, 392.796356201, 5.32572793961, -22.1414890289, -91.4457473755, 73.4343185425, 69.2148590088, 24.9150104523, -49.267326355, 21.3046302795, 21.582025528], [-92.4434204102, 120.390052795, -16.7588920593, 5.32572793961, 199.684417725, 13.8189210892, -19.7823162079, -72.3106384277, -33.9228210449, 37.3995094299, 3.32481312752, -39.5975914001, -14.2737169266], [-201.192718506, -130.324707031, 24.4858779907, -22.1414890289, 13.8189210892, 247.034423828, 57.5817985535, 10.0499305725, 5.33041524887, 21.4560928345, 14.2371273041, 20.5691699982, -13.4642276764], [4.26855659485, 30.3205108643, -64.593170166, -91.4457473755, -19.7823162079, 57.5817985535, 220.68901062, 41.2727546692, -95.5551605225, -42.3934402466, 32.469959259, 35.8753356934, -1.0005877018], [0.528075993061, 23.2238044739, 102.351531982, 73.4343185425, -72.3106384277, 10.0499305725, 41.2727546692, 248.61088562, 75.220741272, -51.606212616, -63.5103416443, 74.4896316528, 62.9206390381], [166.027511597, -120.338249207, -57.478553772, 69.2148590088, -33.9228210449, 5.33041524887, -95.5551605225, 75.220741272, 222.354141235, 51.3989105225, -48.4473266602, -20.597694397, 49.0471572876], [-117.891601562, -56.4719314575, 7.57401275635, 24.9150104523, 37.3995094299, 21.4560928345, -42.3934402466, -51.606212616, 51.3989105225, 166.010253906, 40.3078575134, -59.5293159485, -28.3211956024], [-9.32883167267, -48.3936882019, -87.3497848511, -49.267326355, 3.32481312752, 14.2371273041, 32.469959259, -63.5103416443, -48.4473266602, 40.3078575134, 121.692321777, 13.2862110138, -38.6837730408], [-24.6098499298, -16.8705692291, 17.8797111511, 21.3046302795, -39.5975914001, 20.5691699982, 35.8753356934, 74.4896316528, -20.597694397, -59.5293159485, 13.2862110138, 138.832214355, 44.7211761475], [129.055908203, 34.9586639404, -6.68304014206, 21.582025528, -14.2737169266, -13.4642276764, -1.0005877018, 62.9206390381, 49.0471572876, -28.3211956024, -38.6837730408, 44.7211761475, 107.635009766]],
        "icov": [[0.00103489228059, -0.000918638368603, 0.000971193541773, -0.0014129919, 0.001114163897, 2.76910923276e-05, -0.000550384982489, 0.000849468808156, -0.00112884573173, 0.00115409260616, -0.000757551752031, 0.000800734560471, -0.000736241578124], [-0.000918638368603, 0.00466487556696, -0.00425991136581, 0.00422461237758, -0.00452613784, 0.00294063938782, -0.000949738663621, -0.000915693643037, -4.12721856264e-05, 0.000559906358831, -0.000626206630841, 2.75954880635e-05, -0.00130152120255], [0.000971193541773, -0.00425991136581, 0.00622339267284, -0.00530884228647, 0.00482598179951, -0.00330067286268, 0.00204877532087, -0.000388937420212, 0.00264039100148, -0.00148341432214, 0.00205590459518, 0.000411209999584, 0.00111803563777], [-0.0014129919, 0.00422461237758, -0.00530884228647, 0.00831041578203, -0.0049732895568, 0.00284197297879, 0.000261375302216, -0.0015995107824, -0.000743197044358, -0.000697980634868, 0.000116819282994, -0.00176248338539, -0.000111133595055], [0.001114163897, -0.00452613784, 0.00482598179951, -0.0049732895568, 0.0108719998971, -0.00359295425005, 0.00165799539536, 0.00192736834288, 0.00229270849377, -0.00184473593254, 0.00173849717248, 0.00139881798532, -0.000174494460225], [2.76910923276e-05, 0.00294063938782, -0.00330067286268, 0.00284197297879, -0.00359295425005, 0.00736439088359, -0.00345730315894, 0.000750296341721, -0.00308151193894, 0.000581031490583, -0.000722622964531, -0.00144815782551, 0.0001099868241], [-0.000550384982489, -0.000949738663621, 0.00204877532087, 0.000261375302216, 0.00165799539536, -0.00345730315894, 0.00991390272975, -0.00453159306198, 0.00687829405069, -0.00137154047843, -0.000586773036048, 0.00100392056629, -0.000551401928533], [0.000849468808156, -0.000915693643037, -0.000388937420212, -0.0015995107824, 0.00192736834288, 0.000750296341721, -0.00453159306198, 0.00998124107718, -0.00595039501786, 0.00189474236686, 0.0023070203606, -0.00356280687265, -0.000432527274825], [-0.00112884573173, -4.12721856264e-05, 0.00264039100148, -0.000743197044358, 0.00229270849377, -0.00308151193894, 0.00687829405069, -0.00595039501786, 0.0146320229396, -0.00612464686856, 0.00358788738959, 0.00218374398537, -0.00275607500225], [0.00115409260616, 0.000559906358831, -0.00148341432214, -0.000697980634868, -0.00184473593254, 0.000581031490583, -0.00137154047843, 0.00189474236686, -0.00612464686856, 0.0131216133013, -0.00750088598579, 0.00518871750683, -0.00141828018241], [-0.000757551752031, -0.000626206630841, 0.00205590459518, 0.000116819282994, 0.00173849717248, -0.000722622964531, -0.000586773036048, 0.0023070203606, 0.00358788738959, -0.00750088598579, 0.017286432907, -0.00710505479947, 0.00555819552392], [0.000800734560471, 2.75954880635e-05, 0.000411209999584, -0.00176248338539, 0.00139881798532, -0.00144815782551, 0.00100392056629, -0.00356280687265, 0.00218374398537, 0.00518871750683, -0.00710505479947, 0.0153301088139, -0.00704657426104], [-0.000736241578124, -0.00130152120255, 0.00111803563777, -0.000111133595055, -0.000174494460225, 0.0001099868241, -0.000551401928533, -0.000432527274825, -0.00275607500225, -0.00141828018241, 0.00555819552392, -0.00704657426104, 0.016734264791]]
    },
    "melbands": {
        "max": [0.000738683855161, 0.00666396506131, 0.010772516951, 0.00668947864324, 0.0144755961373, 0.0161486491561, 0.00753273582086, 0.00663295807317, 0.00780231133103, 0.00589220877737, 0.00726377824321, 0.00667255930603, 0.0111978799105, 0.00725260749459, 0.0176382828504, 0.0143794761971, 0.00429485179484, 0.00487676355988, 0.000952554808464, 0.000991961918771, 0.00111481442582, 0.000738714588806, 0.000993784982711, 0.000437091250205, 0.000533853191882, 0.000624320586212, 0.000810066994745, 0.000466180266812, 0.000526958145201, 0.000277948653093, 0.000462401803816, 0.000452268694062, 0.000810639699921, 0.000403801124776, 0.000198195382836, 0.000288256560452, 0.000225066454732, 0.000106018545921, 2.40756126004e-05, 4.20450032834e-06],
        "mean": [3.54453113687e-05, 0.000103367041447, 0.000332523748511, 0.00032399117481, 0.000280051579466, 0.00031161919469, 0.000265346752713, 0.000178688729648, 0.000163432079717, 0.000205111122341, 0.000249304721365, 0.000203389921808, 0.000198024019483, 0.000253678736044, 0.000293780612992, 0.000244015376666, 0.000165525532793, 0.000156192982104, 3.17953017657e-05, 2.88464907499e-05, 2.34073941101e-05, 2.42332789639e-05, 2.61324003077e-05, 1.62292853929e-05, 1.22228448163e-05, 1.07188207039e-05, 1.12045418064e-05, 1.15055327115e-05, 8.75228124642e-06, 5.36831930731e-06, 4.78395395476e-06, 4.45650812253e-06, 4.00515546062e-06, 3.54169560524e-06, 3.05131379719e-06, 2.81966140392e-06, 2.1364874101e-06, 9.20714455788e-07, 3.14429627224e-07, 9.75494316435e-08],
        "min": [4.7730729591e-08, 1.67494505376e-07, 2.09271533436e-07, 6.41755207198e-07, 4.10991901845e-07, 2.74370052011e-07, 4.95183257954e-07, 4.93263485168e-07, 2.36531164433e-07, 1.74418957499e-07, 8.86594690996e-08, 8.43644869519e-08, 8.1702530963e-08, 7.32044043161e-08, 8.9168011641e-08, 1.04539807921e-07, 1.04960626857e-07, 7.23412867387e-08, 7.1724151951e-08, 7.68510162175e-08, 6.29460430446e-08, 7.76178907813e-08, 7.27966025238e-08, 5.15817113467e-08, 5.20678256066e-08, 7.92901460045e-08, 7.13743517622e-08, 9.19692766388e-08, 5.01480172943e-08, 1.38351454737e-08, 2.81223577758e-08, 1.3143006683e-08, 6.13332140631e-09, 2.13039559327e-08, 3.17601731581e-08, 2.67893032202e-08, 1.18842038432e-08, 4.84559992131e-09, 6.00626259839e-09, 2.94931457034e-09],
        "stdev": [7.32643020456e-05, 0.000246980023803, 0.000566574279219, 0.000548086129129, 0.000747013604268, 0.00089503073832, 0.000624230829999, 0.000461420801003, 0.000486495206133, 0.000492681050673, 0.000614722783212, 0.000608811853454, 0.000574052741285, 0.000767552235629, 0.000878136255778, 0.000676127907354, 0.000418111740146, 0.000521146692336, 6.89520384185e-05, 6.2481223722e-05, 6.0748316173e-05, 5.24541137565e-05, 7.08065272192e-05, 3.35438708134e-05, 3.04166551359e-05, 3.23163112625e-05, 3.47311033693e-05, 3.14430290018e-05, 2.8771624784e-05, 1.68933456735e-05, 1.61654716067e-05, 1.60155250342e-05, 2.19853991439e-05, 1.70683197211e-05, 1.36664148158e-05, 1.36433091029e-05, 1.20733557196e-05, 4.5040292207e-06, 1.1962716826e-06, 2.48659631552e-07]
    },
    "melbands128": {
        "max": [1.19931173685e-05, 0.000134202724439, 0.00123059540056, 0.00175284268335, 0.00424635550007, 0.012620552443, 0.0181670561433, 0.00837834924459, 0.00624342728406, 0.00777698587626, 0.0142641663551, 0.0288625825197, 0.0130433812737, 0.0215107221156, 0.031312007457, 0.0303673669696, 0.0131508484483, 0.0121987704188, 0.0146737992764, 0.0112440735102, 0.0130771454424, 0.0139753613621, 0.0114473346621, 0.0105333290994, 0.0101418569684, 0.0109395403415, 0.0104331439361, 0.0131117310375, 0.0160225108266, 0.0146904103458, 0.00827924534678, 0.0126510821283, 0.0217271633446, 0.0122464587912, 0.0135736130178, 0.00839817617089, 0.00407881569117, 0.0123403305188, 0.0477709397674, 0.0301721449941, 0.00713050318882, 0.0128621198237, 0.00623349891976, 0.00390341295861, 0.014809044078, 0.00553915090859, 0.000816872634459, 0.00122241396457, 0.00228535034694, 0.00328566599637, 0.000794557912741, 0.000566083122976, 0.00114319764543, 0.00283081480302, 0.00132801569998, 0.000827649026178, 0.00166938290931, 0.00198935577646, 0.00163256679662, 0.000548990035895, 0.000619312515482, 0.000889813294634, 0.00099628791213, 0.000817017338704, 0.000883720291313, 0.000615750381257, 0.000946116866544, 0.000644580228254, 0.00101237825584, 0.000984252314083, 0.000772972707637, 0.00112858635839, 0.000873522541951, 0.000759063812438, 0.000561286113225, 0.000485372904222, 0.000365422136383, 0.000249522097874, 0.000606850953773, 0.00062814616831, 0.000340943050105, 0.000496707332786, 0.000483094365336, 0.001133251586, 0.000673734524753, 0.000665074971039, 0.000481410388602, 0.000229868775932, 0.00022352601809, 0.000286026479444, 0.000325419910951, 0.00031218782533, 0.000272554374533, 0.000339557096595, 0.000176965710125, 0.000178913163836, 7.2998671385e-05, 5.1283830544e-05, 2.60859451373e-05, 1.06982970465e-05, 6.56026622892e-06, 4.95299536851e-06, 2.02398496185e-06, 2.638373644e-06, 6.0420762793e-07, 2.77129714732e-07, 4.82389452827e-08, 3.11871808378e-08, 3.53770133188e-08, 1.07738742372e-07, 4.24385753206e-08, 2.75474274503e-08, 2.15956905691e-08, 2.48844767015e-08, 5.4902869806e-08, 3.06624947655e-08, 2.58414161181e-08, 9.88966464277e-10, 9.69824553998e-10, 9.54581413914e-10, 9.41612676719e-10, 9.18765841185e-10, 9.11613062815e-10, 8.93854379402e-10, 8.78622785638e-10, 8.73285832537e-10, 8.72902972127e-10, 8.67953431349e-10],
        "mean": [7.90082935964e-07, 1.07428913907e-05, 5.27679694642e-05, 7.74466097937e-05, 8.10292476672e-05, 0.000109905115096, 0.000275369529845, 0.000428177736467, 0.000383712671464, 0.00037308013998, 0.000226743562962, 0.000227354015806, 0.00024024368031, 0.000424430094426, 0.000346887449268, 0.000225426949328, 0.000253312347922, 0.000331507559167, 0.000192829596926, 0.000168051570654, 0.00017203198513, 0.000205655422178, 0.000119822856504, 0.000177337933565, 0.000211181701161, 0.000182770134415, 0.000282800989226, 0.000160248178872, 0.00036548866774, 0.000256700091995, 0.000109224536573, 0.000152164750034, 0.000261866429355, 9.80525728664e-05, 0.000416081340518, 0.000235246334341, 9.24838386709e-05, 0.00024665883393, 0.00051894900389, 0.000319827435305, 9.40105455811e-05, 0.000275065860478, 0.00011413712491, 7.1485999797e-05, 0.000396264513256, 9.28353038034e-05, 2.55010745605e-05, 3.02345488308e-05, 3.1692074117e-05, 4.33829955e-05, 2.64293503278e-05, 1.76952180482e-05, 2.37615640799e-05, 2.81179582089e-05, 1.86292400031e-05, 2.14599822357e-05, 2.99951443594e-05, 3.51769413101e-05, 2.32832298934e-05, 1.02698850242e-05, 1.8738939616e-05, 1.91278559214e-05, 8.7377793534e-06, 1.04140826807e-05, 1.7306263544e-05, 8.93547166925e-06, 8.49751813803e-06, 1.0145034139e-05, 1.02603180494e-05, 1.54182034748e-05, 1.19216183521e-05, 9.40401696425e-06, 1.03253350971e-05, 8.78911941982e-06, 6.80563789501e-06, 5.41065855941e-06, 4.61267791252e-06, 5.01566364619e-06, 4.7568764785e-06, 4.64257118438e-06, 4.59509919892e-06, 4.31234684584e-06, 4.28298244515e-06, 4.04850243285e-06, 3.67804136658e-06, 3.63865547115e-06, 3.54456415153e-06, 3.29980366587e-06, 2.92335812446e-06, 2.94683877655e-06, 3.00624196825e-06, 2.73106138593e-06, 2.59290845861e-06, 2.42048622567e-06, 1.68559870417e-06, 1.1769267303e-06, 7.73005808696e-07, 5.1829891845e-07, 3.21951404203e-07, 2.11395700944e-07, 1.33228411414e-07, 7.95503822815e-08, 5.10806970055e-08, 3.20877795446e-08, 1.68866165495e-08, 8.45221048706e-09, 3.9632457316e-09, 2.0579151716e-09, 1.04312936067e-09, 5.40835098928e-10, 2.142617056e-10, 7.76498726429e-11, 4.85855175536e-11, 4.0017177072e-11, 5.41085995454e-11, 3.33476267433e-11, 2.14281058175e-11, 5.0290258069e-12, 4.88523674638e-12, 4.80394109909e-12, 4.70742585537e-12, 4.62688481279e-12, 4.53286843824e-12, 4.44478611902e-12, 4.39984550529e-12, 4.37163673317e-12, 4.35117436873e-12, 4.3151289833e-12],
        "min": [1.24299098792e-10, 4.98083707612e-09, 1.89512299187e-08, 4.99120247355e-08, 1.21141896514e-08, 4.01545463546e-08, 2.6603462544e-08, 3.60934464538e-08, 1.7002361119e-07, 2.99126952541e-07, 5.14036244681e-08, 1.06989311632e-07, 5.50476997319e-08, 2.02249381687e-07, 8.47550722938e-08, 6.75283828855e-08, 1.03087423042e-07, 1.0282735019e-07, 3.75597117852e-08, 1.41902987139e-07, 1.6747178222e-07, 1.25538591078e-07, 3.89429324343e-08, 3.46741160229e-08, 5.36576081345e-08, 9.70368034814e-08, 3.06275111939e-08, 3.58405678469e-08, 3.57367930803e-08, 1.92557401135e-08, 3.10523233793e-08, 3.35353007586e-08, 5.1479240426e-08, 7.65827152804e-08, 4.80456954222e-08, 2.78805813991e-08, 5.15745917085e-08, 4.78741277732e-08, 5.5848929037e-08, 5.84019943517e-08, 4.03944078187e-08, 2.9338117713e-08, 3.22019388932e-08, 5.39014060053e-08, 2.98716038571e-08, 4.89896478939e-08, 3.7541077802e-08, 2.95427291519e-08, 4.01219253376e-08, 1.8470677432e-08, 2.24180016772e-08, 3.81434261953e-08, 5.08759008255e-08, 2.72131917001e-08, 1.53960293403e-08, 3.01939202529e-08, 4.6824922606e-08, 2.53299443642e-08, 2.18577405064e-08, 2.49836631383e-08, 3.6300114914e-08, 2.06281640658e-08, 1.88000690571e-08, 4.61486102665e-08, 4.59793234597e-08, 3.70764894342e-08, 5.23211873826e-08, 3.92994081722e-08, 2.88830079853e-08, 3.18277173506e-08, 2.36578756585e-08, 4.11749816465e-08, 1.42469502862e-08, 2.19970530679e-08, 2.40243931415e-08, 2.27551777421e-09, 5.80698777952e-09, 4.07055082974e-08, 2.82921632788e-08, 2.35398580628e-08, 1.54711408129e-08, 1.10785043361e-08, 2.75824674212e-09, 5.7773474893e-09, 7.63643637214e-09, 9.35677757496e-09, 2.12918802589e-08, 1.84023747352e-08, 2.26838103856e-08, 1.98043075272e-08, 1.35055060468e-08, 1.88849238469e-08, 1.26998305205e-08, 1.29832775642e-08, 5.64307001127e-09, 2.96265678656e-09, 4.88181761682e-09, 6.4182303916e-09, 4.85123763383e-09, 4.99467400772e-09, 3.48743456335e-09, 2.12217854401e-10, 8.56828913376e-11, 4.03651612135e-10, 8.81640149775e-10, 4.26227109163e-11, 3.13469085758e-12, 1.03468676769e-12, 5.31622760137e-13, 3.69281401248e-13, 2.50570072503e-13, 3.49512736461e-13, 3.21659311599e-13, 2.1340817568e-13, 2.66038601739e-13, 2.5060357435e-13, 2.34453271684e-13, 2.27137983443e-13, 2.7643710346e-13, 3.33673193242e-13, 2.89374725354e-13, 2.66133848899e-13, 2.76994844162e-13, 2.45817689121e-13, 2.65201462136e-13, 2.84069127813e-13, 3.03297561762e-13, 2.82702653604e-13],
        "stdev": [1.1058830296e-06, 1.72141517396e-05, 0.000116304712719, 0.000178794245585, 0.000205911623198, 0.000417605886469, 0.000690662534907, 0.000822553643957, 0.000552282552235, 0.000736652058549, 0.000738926813938, 0.000996564747766, 0.000808693002909, 0.00144038861617, 0.00131626077928, 0.00100813468453, 0.000659502169583, 0.000994734233245, 0.000669484201353, 0.000532922975253, 0.00062508508563, 0.000834412465338, 0.000560429994948, 0.000581295520533, 0.000743628712371, 0.000589224917348, 0.000899976934306, 0.000627174624242, 0.00141342228744, 0.00101944617927, 0.000522450834978, 0.000575839891098, 0.00104222574737, 0.000450636405731, 0.00147475278936, 0.000813070044387, 0.000340794387739, 0.000904679880477, 0.00218264153227, 0.001297312323, 0.000377272634069, 0.00109639449511, 0.000444386620075, 0.00022793347307, 0.00149811431766, 0.000338861980708, 6.0940739786e-05, 9.30579190026e-05, 9.73664791672e-05, 0.000147103404743, 5.94060620642e-05, 3.76177085855e-05, 5.90073614148e-05, 0.000120751967188, 6.61836456857e-05, 5.46083065274e-05, 9.54268834903e-05, 0.000118161129649, 8.67376365932e-05, 2.88231931336e-05, 4.52681961178e-05, 5.29775352334e-05, 3.71621572413e-05, 3.68191322195e-05, 5.54072357772e-05, 3.31216542691e-05, 3.96968207497e-05, 3.81276877306e-05, 3.77864998882e-05, 4.87988509121e-05, 3.39987745974e-05, 4.03878038924e-05, 3.82310390705e-05, 3.19993050653e-05, 2.8086175007e-05, 2.14961328311e-05, 1.54220233526e-05, 1.33124049171e-05, 1.9639132006e-05, 1.97021763597e-05, 1.52487318701e-05, 1.65061901498e-05, 1.90432110685e-05, 2.77952349279e-05, 2.05374635698e-05, 2.11599672184e-05, 1.76427438419e-05, 1.56004589371e-05, 1.3529316675e-05, 1.42497628985e-05, 1.52642132889e-05, 1.34283218358e-05, 1.40087868203e-05, 1.53142955241e-05, 9.43140730669e-06, 6.48966670269e-06, 3.51706034962e-06, 2.48364722211e-06, 1.27539396999e-06, 6.57982695884e-07, 3.87847364891e-07, 2.19338033958e-07, 1.2531583593e-07, 9.45494704752e-08, 3.37541479212e-08, 1.39276394862e-08, 3.54652684997e-09, 2.15894013778e-09, 1.64512470313e-09, 2.55238141733e-09, 1.21441956491e-09, 8.94415264074e-10, 6.23824991663e-10, 6.17334294795e-10, 1.25026433651e-09, 7.00508540064e-10, 5.69168046027e-10, 3.11712149148e-11, 3.0535921014e-11, 3.00362720806e-11, 2.95814241158e-11, 2.88766198453e-11, 2.85970847697e-11, 2.80713560036e-11, 2.75893162482e-11, 2.73972042969e-11, 2.73595313072e-11, 2.71979903876e-11]
    },
    "mfcc": {
        "mean": [-653.209350586, 102.745246887, -25.180891037, 4.38175058365, -18.2595539093, 5.84342002869, -8.34420871735, -2.84243249893, -16.534620285, -4.89733886719, -7.06045627594, -0.521212935448, -9.26289367676],
        "cov": [[2498.47851562, -228.924301147, -379.989776611, 63.5483932495, -80.4377746582, -134.188568115, -238.015380859, 25.403717041, 112.866363525, 46.8328781128, -112.711265564, 17.3198356628, -23.675907135], [-228.924301147, 1020.44073486, 180.873245239, 83.5710830688, 17.0555343628, -60.0654373169, 159.570617676, -34.3250846863, -2.65774726868, -119.113624573, 9.52981185913, -67.6764144897, -48.9265098572], [-379.989776611, 180.873245239, 725.862854004, 213.48828125, 114.448158264, 10.3775844574, 19.3975067139, 53.5889015198, 61.9911117554, -0.164088815451, -12.6043138504, -22.8077945709, 16.0863685608], [63.5483932495, 83.5710830688, 213.48828125, 373.196350098, 104.122169495, -50.7113685608, -19.3209667206, -28.5738353729, 23.165845871, -14.4215192795, -19.3372039795, -20.9460945129, -0.713512659073], [-80.4377746582, 17.0555343628, 114.448158264, 104.122169495, 242.760314941, 46.5591087341, -88.1561279297, -38.9419937134, 33.4746856689, 48.1108551025, 0.396724879742, -9.25535392761, -27.8211040497], [-134.188568115, -60.0654373169, 10.3775844574, -50.7113685608, 46.5591087341, 197.218017578, 59.6634292603, -49.6801338196, -46.8466835022, 11.9022417068, 48.5621147156, 7.54151725769, -28.543138504], [-238.015380859, 159.570617676, 19.3975067139, -19.3209667206, -88.1561279297, 59.6634292603, 264.823730469, 53.3157348633, -52.5246963501, -75.7269973755, 12.6063680649, 0.906399071217, 34.7038154602], [25.403717041, -34.3250846863, 53.5889015198, -28.5738353729, -38.9419937134, -49.6801338196, 53.3157348633, 228.652786255, 86.2107543945, -62.3322792053, -55.9505691528, -23.0421600342, 75.6744232178], [112.866363525, -2.65774726868, 61.9911117554, 23.165845871, 33.4746856689, -46.8466835022, -52.5246963501, 86.2107543945, 193.131393433, 51.6804771423, -17.658613205, -26.4777469635, -32.8965988159], [46.8328781128, -119.113624573, -0.164088815451, -14.4215192795, 48.1108551025, 11.9022417068, -75.7269973755, -62.3322792053, 51.6804771423, 163.914001465, 42.0408668518, 22.4349441528, -37.6379966736], [-112.711265564, 9.52981185913, -12.6043138504, -19.3372039795, 0.396724879742, 48.5621147156, 12.6063680649, -55.9505691528, -17.658613205, 42.0408668518, 115.773200989, 23.2653160095, -35.9464149475], [17.3198356628, -67.6764144897, -22.8077945709, -20.9460945129, -9.25535392761, 7.54151725769, 0.906399071217, -23.0421600342, -26.4777469635, 22.4349441528, 23.2653160095, 102.518447876, 43.9916725159], [-23.675907135, -48.9265098572, 16.0863685608, -0.713512659073, -27.8211040497, -28.543138504, 34.7038154602, 75.6744232178, -32.8965988159, -37.6379966736, -35.9464149475, 43.9916725159, 176.763137817]],
        "icov": [[0.000578311213758, -0.000103228783701, 0.000401583354687, -0.000486748118419, 0.000558326079044, -0.000345530919731, 0.000692320929375, -0.000337348203175, -0.000145705489558, -0.00024955207482, 0.000650008383673, -0.000399412296247, 0.00020229157235], [-0.000103228783701, 0.00173921673559, -0.000524495553691, 0.00065040885238, -0.00107643054798, 0.0017559697153, -0.00182376906741, 0.00183231814299, -0.000946810236201, 0.00177491107024, -0.000813638500404, 0.000930628040805, 1.03335332824e-05], [0.000401583354687, -0.000524495553691, 0.00223078788258, -0.00149844179396, 0.000158608760103, -0.00104263878893, 0.00067464337917, -0.00129287329037, -7.99136323621e-05, -0.00083789328346, 0.00052973307902, -0.000381180201657, -1.34973734021e-05], [-0.000486748118419, 0.00065040885238, -0.00149844179396, 0.00488734291866, -0.00269275251776, 0.00282929791138, -0.00196658773348, 0.00282457354479, -0.00102792971302, 0.00199193018489, -0.000823106907774, 0.00118436908815, -0.000748468912207], [0.000558326079044, -0.00107643054798, 0.000158608760103, -0.00269275251776, 0.00803690869361, -0.00446480186656, 0.00415651174262, -0.0013334765099, -0.000154114924953, -0.00211350084282, 0.00185644999146, -0.000648257846478, 0.000110500848677], [-0.000345530919731, 0.0017559697153, -0.00104263878893, 0.00282929791138, -0.00446480186656, 0.010204824619, -0.00485284905881, 0.00298066530377, 0.00036477993126, 0.00173324230127, -0.00302753783762, 0.00123180949595, 0.000682581681758], [0.000692320929375, -0.00182376906741, 0.00067464337917, -0.00196658773348, 0.00415651174262, -0.00485284905881, 0.00879519525915, -0.00408925209194, 0.0019348874921, -0.000579673564062, 0.000457294721855, -0.00134800199885, 7.82149218139e-05], [-0.000337348203175, 0.00183231814299, -0.00129287329037, 0.00282457354479, -0.0013334765099, 0.00298066530377, -0.00408925209194, 0.0131512312219, -0.00772107951343, 0.00585833052173, -4.00275130232e-05, 0.00305365282111, -0.00492252595723], [-0.000145705489558, -0.000946810236201, -7.99136323621e-05, -0.00102792971302, -0.000154114924953, 0.00036477993126, 0.0019348874921, -0.00772107951343, 0.0117274792865, -0.00575226964429, 0.000758272246458, -0.00014975387603, 0.00383099215105], [-0.00024955207482, 0.00177491107024, -0.00083789328346, 0.00199193018489, -0.00211350084282, 0.00173324230127, -0.000579673564062, 0.00585833052173, -0.00575226964429, 0.0127259325236, -0.0035980718676, -0.000658418925013, -0.000833483878523], [0.000650008383673, -0.000813638500404, 0.00052973307902, -0.000823106907774, 0.00185644999146, -0.00302753783762, 0.000457294721855, -4.00275130232e-05, 0.000758272246458, -0.0035980718676, 0.013332914561, -0.00342675112188, 0.00248017697595], [-0.000399412296247, 0.000930628040805, -0.000381180201657, 0.00118436908815, -0.000648257846478, 0.00123180949595, -0.00134800199885, 0.00305365282111, -0.00014975387603, -0.000658418925013, -0.00342675112188, 0.014216219075, -0.00510518206283], [0.00020229157235, 1.03335332824e-05, -1.34973734021e-05, -0.000748468912207, 0.000110500848677, 0.000682581681758, 7.82149218139e-05, -0.00492252595723, 0.00383099215105, -0.000833483878523, 0.00248017697595, -0.00510518206283, 0.0102155078202]]
    },
    "spectral_contrast_coeffs": {
        "max": [-0.313551813364, -0.476264804602, -0.45145791769, -0.511887550354, -0.623474895954, -0.543983340263],
        "mean": [-0.65741866827, -0.752226054668, -0.730470716953, -0.747376084328, -0.781006932259, -0.735815763474],
        "min": [-0.881666839123, -0.940700411797, -0.923162043095, -0.910721540451, -0.896302640438, -0.839396715164],
        "stdev": [0.0762916132808, 0.0748162567616, 0.100038602948, 0.0827052891254, 0.0451212823391, 0.0407682880759]
    },
    "spectral_contrast_valleys": {
        "max": [-5.91936206818, -4.84627866745, -5.43683719635, -5.41861057281, -4.91797018051, -7.72290897369],
        "mean": [-7.8816447258, -6.93159151077, -7.35788917542, -7.61720371246, -7.60860109329, -10.3910703659],
        "min": [-10.4730005264, -8.9431886673, -9.75009059906, -9.51724338531, -9.09950256348, -11.805018425],
        "stdev": [0.813235878944, 0.634722948074, 0.691121220589, 0.764918327332, 0.64244556427, 0.54800838232]
    }
},
"rhythm": {
    "beats_count": 106,
    "beats_loudness": {
        "max": 0.156798318028,
        "mean": 0.0254307668656,
        "min": 0.000281244021608,
        "stdev": 0.0201194956899
    },
    "bpm": 128.968078613,
    "bpm_histogram_first_peak_bpm": 129,
    "bpm_histogram_first_peak_weight": 0.472222208977,
    "bpm_histogram_second_peak_bpm": 123,
    "bpm_histogram_second_peak_spread": 0.285714268684,
    "bpm_histogram_second_peak_weight": 0.142857149243,
    "danceability": 1.23903489113,
    "onset_rate": 2.8095703125,
    "beats_loudness_band_ratio": {
        "max": [0.631335198879, 0.82560056448, 0.841558218002, 0.925825536251, 0.9757193923, 0.9331356287],
        "mean": [0.0979488641024, 0.147547051311, 0.195289254189, 0.337849229574, 0.165767505765, 0.0938907265663],
        "min": [0.000268771982519, 0.00317926565185, 0.00875457096845, 0.00361815677024, 0.00328275002539, 0.00379194878042],
        "stdev": [0.124450087547, 0.159240886569, 0.189997732639, 0.303812712431, 0.206533789635, 0.14843596518]
    },
