{
"metadata": {
    "version": {
        "essentia": "2.1-beta5",
        "essentia_git_sha": "Undefined",
        "extractor": "music 2.0"
    },
    "audio_properties": {
        "analysis": {
            "equal_loudness": 0,
            "length": 32.4963264465,
            "sample_rate": 44100,
            "start_time": 12.7477550507,
            "downmix": "mix"
        },
        "bit_rate": 192000,
        "length": 176.309112549,
        "lossless": 0,
        "number_channels": 2,
        "replay_gain": -1.57022285461,
        "sample_rate": 44100,
        "codec": "mp3",
        "md5_encoded": "349d555d964a407ae004beb47ab413b6"
    },
    "tags": {
        "file_name": "Denmark_Krøller Eller Ej_Debbie Cameron and Tommy Seebach.mp3",
        "encoding": ["Lavf58.29.100"]
    }
},
"lowlevel": {
    "average_loudness": 0.865244567394,
    "barkbands_crest": {
        "max": 22.9038200378,
        "mean": 8.67216873169,
        "min": 3.00240325928,
        "stdev": 3.98477840424
    },
    "barkbands_flatness_db": {
        "max": 0.323183059692,
        "mean": 0.150126054883,
        "min": 0.0570420511067,
        "stdev": 0.0399876348674
    },
    "barkbands_kurtosis": {
        "max": 26.8283157349,
        "mean": 1.26234388351,
        "min": -1.69110703468,
        "stdev": 2.84579229355
    },
    "barkbands_skewness": {
        "max": 4.03737211227,
        "mean": 0.777128696442,
        "min": -1.23499119282,
        "stdev": 0.695580005646
    },
    "barkbands_spread": {
        "max": 50.4456863403,
        "mean": 12.8476448059,
        "min": 1.55283796787,
        "stdev": 5.16273641586
    },
    "dissonance": {
        "max": 0.500000059605,
        "mean": 0.4572006464,
        "min": 0.237695261836,
        "stdev": 0.0359360650182
    },
    "dynamic_complexity": 3.07372760773,
    "erbbands_crest": {
        "max": 29.1481456757,
        "mean": 9.37422657013,
        "min": 3.10699534416,
        "stdev": 4.95611286163
    },
    "erbbands_flatness_db": {
        "max": 0.378614544868,
        "mean": 0.228520542383,
        "min": 0.12773065269,
        "stdev": 0.043482709676
    },
    "erbbands_kurtosis": {
        "max": 19.2744274139,
        "mean": 0.567244648933,
        "min": -1.79502511024,
        "stdev": 2.15627527237
    },
    "erbbands_skewness": {
        "max": 3.3959543705,
        "mean": 0.202934339643,
        "min": -2.22575044632,
        "stdev": 0.622072696686
    },
    "erbbands_spread": {
        "max": 71.2291107178,
        "mean": 19.9862937927,
        "min": 2.42478919029,
        "stdev": 8.39318466187
    },
    "hfc": {
        "max": 77.9684753418,
        "mean": 16.3746299744,
        "min": 0.50248414278,
        "stdev": 14.5472822189
    },
    "loudness_ebu128": {
        "integrated": -23.4064121246,
        "loudness_range": 2.93243598938,
        "momentary": {
            "max": -18.2639884949,
            "mean": -24.085357666,
            "min": -30.4781208038,
            "stdev": 2.50564694405
        },
        "short_term": {
            "max": -21.5212478638,
            "mean": -23.6769199371,
            "min": -27.8623085022,
            "stdev": 1.19673633575
        }
    },
    "melbands_crest": {
        "max": 31.2403354645,
        "mean": 11.274312973,
        "min": 3.66521811485,
        "stdev": 5.27978754044
    },
    "melbands_flatness_db": {
        "max": 0.398784309626,
        "mean": 0.224440172315,
        "min": 0.106156088412,
        "stdev": 0.0434943400323
    },
    "melbands_kurtosis": {
        "max": 34.1995697021,
        "mean": 2.57105302811,
        "min": -1.57762384415,
        "stdev": 3.65572357178
    },
    "melbands_skewness": {
        "max": 5.22935819626,
        "mean": 1.12506520748,
        "min": -1.40440702438,
        "stdev": 0.814014613628
    },
    "melbands_spread": {
        "max": 58.4841651917,
        "mean": 19.3794574738,
        "min": 2.25283169746,
        "stdev": 7.84030246735
    },
    "pitch_salience": {
        "max": 0.860713303089,
        "mean": 0.653965950012,
        "min": 0.242878764868,
        "stdev": 0.0905658081174
    },
    "silence_rate_20dB": {
        "max": 1,
        "mean": 1,
        "min": 1,
        "stdev": 0
    },
    "silence_rate_30dB": {
        "max": 1,
        "mean": 0.997144877911,
        "min": 0,
        "stdev": 0.053356654942
    },
    "silence_rate_60dB": {
        "max": 1,
        "mean": 0.0678087100387,
        "min": 0,
        "stdev": 0.25141826272
    },
    "spectral_centroid": {
        "max": 2389.22436523,
        "mean": 1012.79205322,
        "min": 381.704742432,
        "stdev": 278.33682251
    },
    "spectral_complexity": {
        "max": 39,
        "mean": 19.1613140106,
        "min": 0,
        "stdev": 6.26135206223
    },
    "spectral_decrease": {
        "max": -8.16596304465e-11,
        "mean": -5.04166175475e-09,
        "min": -2.96697493241e-08,
        "stdev": 4.57052751202e-09
    },
    "spectral_energy": {
        "max": 0.118545122445,
        "mean": 0.0205136202276,
        "min": 0.000353779265424,
        "stdev": 0.0184752959758
    },
    "spectral_energyband_high": {
        "max": 0.000453756278148,
        "mean": 4.4343429181e-05,
        "min": 3.41744157595e-06,
        "stdev": 5.3862499044e-05
    },
    "spectral_energyband_low": {
        "max": 0.0103103062138,
        "mean": 0.000678029027767,
        "min": 8.08887125459e-06,
        "stdev": 0.000917610537726
    },
    "spectral_energyband_middle_high": {
        "max": 0.0853450372815,
        "mean": 0.00804487895221,
        "min": 0.000174769738805,
        "stdev": 0.0103280376643
    },
    "spectral_energyband_middle_low": {
        "max": 0.106357991695,
        "mean": 0.0122845154256,
        "min": 0.000124636193505,
        "stdev": 0.0136293685064
    },
    "spectral_entropy": {
        "max": 8.77281475067,
        "mean": 7.13386583328,
        "min": 5.66341876984,
        "stdev": 0.323150575161
    },
    "spectral_flux": {
        "max": 0.314501732588,
        "mean": 0.0767948850989,
        "min": 0.0140736140311,
        "stdev": 0.043096370995
    },
    "spectral_kurtosis": {
        "max": 47.4838142395,
        "mean": 13.6370830536,
        "min": 0.272646665573,
        "stdev": 6.82541561127
    },
    "spectral_rms": {
        "max": 0.0107542444021,
        "mean": 0.00407477281988,
        "min": 0.000587495102081,
        "stdev": 0.00184648414142
    },
    "spectral_rolloff": {
        "max": 7149.0234375,
        "mean": 1324.59204102,
        "min": 322.998046875,
        "stdev": 436.612426758
    },
    "spectral_skewness": {
        "max": 5.28570556641,
        "mean": 2.48909330368,
        "min": 0.89748698473,
        "stdev": 0.646176040173
    },
    "spectral_spread": {
        "max": 24380976,
        "mean": 2350017,
        "min": 1441006.375,
        "stdev": 804521.75
    },
    "spectral_strongpeak": {
        "max": 9.85579395294,
        "mean": 1.40327131748,
        "min": 0.0241280049086,
        "stdev": 1.53263521194
    },
    "zerocrossingrate": {
        "max": 0.11572265625,
        "mean": 0.0461807399988,
        "min": 0.01318359375,
        "stdev": 0.0112246600911
    },
    "barkbands": {
        "max": [0.000784280418884, 0.0012033674866, 0.00452190451324, 0.012442111969, 0.04417142272, 0.0375416949391, 0.078430980444, 0.0748611241579, 0.0337689556181, 0.0810193642974, 0.0317795462906, 0.0501608997583, 0.0275923572481, 0.0196089465171, 0.0113575095311, 0.0131993144751, 0.00321356789209, 0.00213085650466, 0.00143563223537, 0.00133572518826, 6.71277957736e-05, 8.94447657629e-05, 0.000310729170451, 8.65262773004e-05, 1.15951752377e-06, 1.22132894376e-06, 2.50474454333e-06],
        "mean": [3.00727951981e-05, 7.23929770174e-05, 0.00031296609086, 0.00057743373327, 0.00264530256391, 0.00147592334542, 0.00288127711974, 0.00222116569057, 0.0019110427238, 0.0026095379144, 0.00117167690769, 0.00121122982819, 0.000920141115785, 0.000823035428766, 0.000607462425251, 0.000463449541712, 0.000248847529292, 0.000170516417711, 8.33975573187e-05, 4.54098844784e-05, 3.10756649924e-06, 7.73410465627e-06, 1.48607332449e-05, 3.14473936669e-06, 5.67454662814e-07, 7.26711562038e-07, 1.21318976198e-06],
        "min": [5.87288695897e-07, 2.64476716438e-06, 1.64706037253e-07, 8.86251541488e-07, 2.68099083769e-05, 8.05093077361e-06, 1.21539442262e-05, 5.9824433265e-06, 2.51296223723e-05, 1.11944900709e-05, 5.67330789636e-06, 5.43258238395e-06, 9.50078811002e-06, 1.2540285752e-05, 5.43185979041e-06, 5.46274850421e-06, 3.06766742142e-06, 3.44835984833e-06, 1.64934476743e-06, 5.22307402662e-07, 1.98197056989e-07, 1.98257154693e-07, 2.90740189257e-07, 2.93780800575e-07, 2.55437555552e-07, 4.06414528697e-07, 3.44261309237e-07],
        "stdev": [3.32512827299e-05, 0.000130343920318, 0.000435104302596, 0.00105967232957, 0.00314231333323, 0.00300428667106, 0.00711340503767, 0.00629593385383, 0.00312535418198, 0.00713852234185, 0.00276608811691, 0.00254368456081, 0.00186915951781, 0.00131196284201, 0.0010389018571, 0.000663089507725, 0.000348772271536, 0.000226116841077, 0.000117482224596, 8.59925057739e-05, 5.04270747115e-06, 1.00885808934e-05, 2.50294069701e-05, 5.8151272242e-06, 1.06997632088e-07, 1.13853779737e-07, 3.74730944941e-07]
    },
    "erbbands": {
        "max": [0.0184701122344, 0.343152582645, 3.42462587357, 23.2622718811, 110.42791748, 156.461837769, 188.17414856, 427.939575195, 932.703857422, 1827.27624512, 1779.21618652, 988.083251953, 1967.50500488, 2774.45019531, 1997.60620117, 2088.09448242, 1515.0369873, 1124.09448242, 580.444763184, 616.321105957, 806.849731445, 218.330917358, 112.381668091, 95.5099411011, 36.3956642151, 75.1785430908, 7.31205511093, 0.873834133148, 2.83187675476, 4.25778913498, 10.143740654, 3.83560466766, 0.927400052547, 0.0378647334874, 0.00847795885056, 0.00489245215431, 0.00320460414514, 0.00421255175024, 0.000198869543965, 0.000136698188726],
        "mean": [0.0016325750621, 0.0221829842776, 0.256915152073, 1.33557486534, 4.35378837585, 10.6327390671, 11.5245819092, 11.9313440323, 25.4085521698, 64.7141265869, 41.3701858521, 39.634552002, 64.1493377686, 86.4975891113, 51.3086204529, 46.4947319031, 45.9534873962, 48.8810348511, 29.4628143311, 31.1387348175, 21.9968986511, 14.9773416519, 9.26745986938, 6.65795373917, 3.49167227745, 2.06309604645, 0.343441545963, 0.0742425844073, 0.230440065265, 0.417464643717, 0.396471649408, 0.150986760855, 0.0222229156643, 0.00674722343683, 0.00421453407034, 0.00257598096505, 0.00172998697963, 0.00212699919939, 6.2240731495e-05, 2.50768225669e-05],
        "min": [0.000130039610667, 0.000317692232784, 0.00165794440545, 0.00719317840412, 0.0356585346162, 0.109414845705, 0.0941162258387, 0.0669225081801, 0.186162874103, 0.20234426856, 0.197900086641, 0.57198536396, 0.560973763466, 0.438488811255, 0.472220689058, 0.490426898003, 0.724744141102, 0.814384520054, 0.35634469986, 0.405986964703, 0.444964140654, 0.292497962713, 0.237631693482, 0.19713690877, 0.0685130730271, 0.0238656029105, 0.012565266341, 0.00650693941861, 0.00775397615507, 0.00835517793894, 0.00823379307985, 0.00536710256711, 0.00369263999164, 0.00282985530794, 0.00206630746834, 0.00123410031665, 0.000889859569725, 0.000368105451344, 1.83641404874e-05, 2.12508803088e-06],
        "stdev": [0.00163582630921, 0.0391536019742, 0.346675187349, 2.1479613781, 7.76672172546, 13.2775535583, 15.538977623, 29.8453731537, 69.9712982178, 166.642028809, 101.4139328, 68.6667175293, 157.091384888, 238.49647522, 108.732917786, 94.446937561, 93.9891357422, 75.9341506958, 45.5185699463, 44.2979011536, 35.6644744873, 20.4252033234, 11.4311265945, 9.05988502502, 4.05833768845, 4.38943195343, 0.59413599968, 0.0932964012027, 0.307092547417, 0.551169872284, 0.712719738483, 0.294656842947, 0.0350060202181, 0.0020683684852, 0.000859386578668, 0.000486477132654, 0.000290614028927, 0.000590793031733, 1.86560209841e-05, 2.14607007365e-05]
    },
    "gfcc": {
        "mean": [-44.0924606323, 125.991355896, -150.982727051, -21.35754776, -48.5244789124, -8.88268661499, -44.5844688416, -6.26812267303, -19.8616313934, -16.5438461304, -14.9112377167, 1.12469005585, -24.3217906952],
        "cov": [[1390.86755371, 231.800354004, -434.364776611, 139.322265625, -73.5783615112, -72.1121673584, 123.269668579, -82.4082107544, 118.957275391, -91.7710266113, 103.534004211, -103.088729858, -92.8861236572], [231.800354004, 235.990982056, 21.8403549194, -93.8224029541, 50.6477775574, -44.3612327576, -3.81743168831, 7.29718971252, 3.24669671059, -14.2520771027, -5.10771560669, -41.1019134521, -17.0545578003], [-434.364776611, 21.8403549194, 346.684844971, 37.3044433594, -19.6208438873, 21.7951316833, -63.5787391663, 18.4433765411, -13.0454454422, 9.51227760315, -54.0528297424, 4.11014032364, -5.60353183746], [139.322265625, -93.8224029541, 37.3044433594, 335.431060791, -23.7365093231, 5.14309835434, -28.9271907806, -42.2554206848, 34.1288261414, -12.9824066162, -7.58321285248, -21.4599399567, -36.5700950623], [-73.5783615112, 50.6477775574, -19.6208438873, -23.7365093231, 167.206329346, 16.5112476349, -32.5722732544, 11.8904476166, -40.4390068054, 16.2914962769, -25.9873409271, -3.31172513962, 15.6440038681], [-72.1121673584, -44.3612327576, 21.7951316833, 5.14309835434, 16.5112476349, 139.941253662, 44.0362358093, -8.3746509552, -4.41352319717, -16.5902194977, 2.70062541962, 10.7784433365, -15.3292121887], [123.269668579, -3.81743168831, -63.5787391663, -28.9271907806, -32.5722732544, 44.0362358093, 114.854270935, 27.7009716034, 2.92494392395, -17.4202537537, 16.3525104523, -6.54822683334, -9.82241725922], [-82.4082107544, 7.29718971252, 18.4433765411, -42.2554206848, 11.8904476166, -8.3746509552, 27.7009716034, 65.1410522461, 7.10609149933, 4.15453672409, -12.6581497192, -0.0961058586836, 8.58026599884], [118.957275391, 3.24669671059, -13.0454454422, 34.1288261414, -40.4390068054, -4.41352319717, 2.92494392395, 7.10609149933, 70.0434112549, 6.54508161545, 8.97805023193, -12.8462238312, -20.6185245514], [-91.7710266113, -14.2520771027, 9.51227760315, -12.9824066162, 16.2914962769, -16.5902194977, -17.4202537537, 4.15453672409, 6.54508161545, 58.9713516235, 13.4640598297, 3.96246623993, 3.85828328133], [103.534004211, -5.10771560669, -54.0528297424, -7.58321285248, -25.9873409271, 2.70062541962, 16.3525104523, -12.6581497192, 8.97805023193, 13.4640598297, 65.3182830811, 19.5192317963, -14.6288766861], [-103.088729858, -41.1019134521, 4.11014032364, -21.4599399567, -3.31172513962, 10.7784433365, -6.54822683334, -0.0961058586836, -12.8462238312, 3.96246623993, 19.5192317963, 52.2567634583, 22.5454940796], [-92.8861236572, -17.0545578003, -5.60353183746, -36.5700950623, 15.6440038681, -15.3292121887, -9.82241725922, 8.58026599884, -20.6185245514, 3.85828328133, -14.6288766861, 22.5454940796, 53.958480835]],
        "icov": [[0.0223766285926, -0.0278067402542, 0.023371161893, -0.015160699375, 0.00459132902324, 0.00583799928427, -0.0148766366765, 0.0194200836122, -0.0218315366656, 0.0212057586759, -0.0165907517076, 0.0119560956955, -0.00293784146197], [-0.0278067402542, 0.0485458076, -0.0362954027951, 0.0249863993376, -0.0180281382054, 0.00287927454337, 0.0108665432781, -0.0144039234146, 0.0169831942767, -0.01434407942, 0.0103234639391, -0.00377999129705, 0.0028482710477], [0.023371161893, -0.0362954027951, 0.0341743640602, -0.0196308642626, 0.0155501104891, -0.00257343333215, -0.00561359105632, 0.00960993301123, -0.013009281829, 0.0128848124295, -0.00646641198546, 0.00529278023168, 0.00135788787156], [-0.015160699375, 0.0249863993376, -0.0196308642626, 0.0168034564704, -0.00902800727636, 0.00100886146538, 0.00644804304466, -0.00578519515693, 0.00804089661688, -0.00823911651969, 0.00772955920547, -0.00353876617737, 0.00338272331282], [0.00459132902324, -0.0180281382054, 0.0155501104891, -0.00902800727636, 0.0244957935065, -0.0136662255973, 0.01260995958, -0.0131464572623, 0.0139340758324, -0.0112703004852, 0.00976912118495, -0.00420124456286, 0.00163754436653], [0.00583799928427, 0.00287927454337, -0.00257343333215, 0.00100886146538, -0.0136662255973, 0.0222354158759, -0.0199490524828, 0.0208853874356, -0.0177143160254, 0.0168911218643, -0.00981377344579, 0.00336778792553, 0.00265828077681], [-0.0148766366765, 0.0108665432781, -0.00561359105632, 0.00644804304466, 0.01260995958, -0.0199490524828, 0.0376451425254, -0.0349416583776, 0.0285834241658, -0.0195540748537, 0.0125241670758, -0.00547962635756, 0.00270375842229], [0.0194200836122, -0.0144039234146, 0.00960993301123, -0.00578519515693, -0.0131464572623, 0.0208853874356, -0.0349416583776, 0.0549740865827, -0.0379029512405, 0.0266546793282, -0.0160031523556, 0.0111336875707, -0.00478261709213], [-0.0218315366656, 0.0169831942767, -0.013009281829, 0.00804089661688, 0.0139340758324, -0.0177143160254, 0.0285834241658, -0.0379029512405, 0.0541978366673, -0.0349397845566, 0.0242693908513, -0.0147378155962, 0.00998896267265], [0.0212057586759, -0.01434407942, 0.0128848124295, -0.00823911651969, -0.0112703004852, 0.0168911218643, -0.0195540748537, 0.0266546793282, -0.0349397845566, 0.0537851117551, -0.0356055907905, 0.0240246821195, -0.00889556854963], [-0.0165907517076, 0.0103234639391, -0.00646641198546, 0.00772955920547, 0.00976912118495, -0.00981377344579, 0.0125241670758, -0.0160031523556, 0.0242693908513, -0.0356055907905, 0.0563654713333, -0.0384719781578, 0.0216503422707], [0.0119560956955, -0.00377999129705, 0.00529278023168, -0.00353876617737, -0.00420124456286, 0.00336778792553, -0.00547962635756, 0.0111336875707, -0.0147378155962, 0.0240246821195, -0.0384719781578, 0.0555528178811, -0.024046311155], [-0.00293784146197, 0.0028482710477, 0.00135788787156, 0.00338272331282, 0.00163754436653, 0.00265828077681, 0.00270375842229, -0.00478261709213, 0.00998896267265, -0.00889556854963, 0.0216503422707, -0.024046311155, 0.0387124940753]]
    },
    "melbands": {
        "max": [0.000244964961894, 0.00145665451419, 0.00514441821724, 0.0109266191721, 0.00503313215449, 0.00868166889995, 0.0158962327987, 0.0209555421025, 0.0124688372016, 0.00645181303844, 0.0109267905354, 0.0119004799053, 0.00520418677479, 0.00729583436623, 0.00224714679644, 0.00302570988424, 0.00190605246462, 0.00088748690905, 0.000966017541941, 0.000728643848561, 0.000839797488879, 0.000255799561273, 0.000204204348847, 0.0001191082265, 9.50410758378e-05, 3.89398592233e-05, 4.15646827605e-05, 4.70277154818e-05, 6.18895410298e-06, 1.958899702e-06, 5.58874262424e-07, 1.86276042768e-06, 2.85561623059e-06, 3.07963159685e-06, 6.62585807731e-06, 5.69551730223e-06, 1.49734876231e-06, 8.92967364052e-07, 4.31241531373e-08, 1.15561817893e-08],
        "mean": [1.91511935554e-05, 0.000109593369416, 0.000303253735183, 0.000542888650671, 0.000426668208092, 0.000261661043623, 0.000453779473901, 0.000673745176755, 0.000305316440063, 0.000261389097432, 0.000319244281854, 0.000358523597242, 0.000173143562279, 0.000146669815877, 0.000100491895864, 0.000103742248029, 8.31025099615e-05, 4.20759242843e-05, 4.42448435933e-05, 3.46201959474e-05, 2.41343204834e-05, 1.52296515807e-05, 1.17389990919e-05, 7.17567763786e-06, 5.26961002834e-06, 2.58721070168e-06, 2.29185980061e-06, 1.1076994042e-06, 2.10152876434e-07, 5.98668137286e-08, 3.33171676914e-08, 1.08602357329e-07, 1.95926844526e-07, 2.5825985972e-07, 2.40543045038e-07, 1.86758924769e-07, 5.62018449557e-08, 1.52034864698e-08, 5.92511506525e-09, 5.29365129509e-09],
        "min": [9.17075340112e-07, 6.80558002841e-07, 1.90964124158e-06, 5.30365559825e-06, 3.87874615626e-06, 1.50522623699e-06, 2.41629163611e-06, 2.52289123637e-06, 1.38293148666e-06, 3.4358697576e-06, 2.309001502e-06, 1.83878944426e-06, 1.12209738745e-06, 9.48961996983e-07, 1.08120411824e-06, 1.62933088177e-06, 1.47823993757e-06, 4.6921439889e-07, 4.12804894268e-07, 4.32135351502e-07, 2.48776530043e-07, 2.12546424905e-07, 1.10116317842e-07, 1.45592835565e-07, 1.27368096514e-07, 3.64648506945e-08, 2.46707916318e-08, 8.74387673377e-09, 6.30493079967e-09, 2.83764611808e-09, 2.43700304381e-09, 4.02429689572e-09, 4.41940439799e-09, 3.72104991264e-09, 4.73399142109e-09, 4.35859037751e-09, 2.4720219205e-09, 1.67690705766e-09, 1.74175662782e-09, 2.00157601604e-09],
        "stdev": [2.48926626227e-05, 0.000147816361277, 0.000503778574057, 0.000691347057, 0.000498525740113, 0.000630054739304, 0.00120195117779, 0.0017552645877, 0.000747400219552, 0.000457044196082, 0.000821002875455, 0.00102543144021, 0.000378730066586, 0.000345425767591, 0.000173014166648, 0.00019362862804, 0.000132362139993, 6.56502234051e-05, 7.72735729697e-05, 4.92244034831e-05, 4.20539217885e-05, 2.37972108152e-05, 1.80447841558e-05, 9.76827595878e-06, 7.89621753938e-06, 3.33391972163e-06, 3.44395243701e-06, 2.76263563137e-06, 3.87841453175e-07, 1.2944815353e-07, 4.87874842747e-08, 1.64202020869e-07, 2.60787857087e-07, 3.57633467729e-07, 4.23721587595e-07, 4.08366418014e-07, 1.00211863696e-07, 2.97373503599e-08, 2.63169130932e-09, 1.39773270735e-09]
    },
    "melbands128": {
        "max": [0.000370691152057, 0.000136121641845, 0.000321006111335, 0.00067602249328, 0.00124083750416, 0.002832706552, 0.00508578075096, 0.0074811251834, 0.0124501027167, 0.0145026985556, 0.00907007046044, 0.00820470135659, 0.00914539862424, 0.00782262161374, 0.0089379362762, 0.0186700355262, 0.00878187548369, 0.0276018418372, 0.0266625732183, 0.0321718044579, 0.029939122498, 0.0244658477604, 0.0168881490827, 0.00625890865922, 0.00870957504958, 0.00897998921573, 0.0107661141083, 0.0158593785018, 0.029419882223, 0.0189210791141, 0.0149236442521, 0.00991763919592, 0.0103724738583, 0.0142397321761, 0.0106261465698, 0.0160477533937, 0.0051511018537, 0.00263115065172, 0.00413970695809, 0.00833903253078, 0.00321048614569, 0.00582841224968, 0.00239184871316, 0.00121681997553, 0.000915690325201, 0.00137052393984, 0.0019030268304, 0.00206234096549, 0.00110833707731, 0.00171631551348, 0.00102475297172, 0.00197140150703, 0.00157743797172, 0.000721368880477, 0.000412728346419, 0.000526128103957, 0.00019170428277, 0.00027782379766, 0.000408592371969, 6.79434742779e-05, 0.000160776879056, 0.000214316372876, 0.000107676722109, 0.000224056537263, 7.32418629923e-05, 7.38699818612e-05, 3.34729011229e-05, 4.80532253277e-05, 4.13363559346e-05, 0.000146211328683, 5.87715330767e-05, 2.06094046007e-05, 1.62567957886e-05, 3.26795407091e-06, 8.08357526694e-06, 1.53881933329e-06, 3.4245439906e-07, 3.23386757373e-07, 5.03742739966e-07, 1.56951148256e-06, 2.29414035857e-06, 2.9952341265e-06, 3.48665503225e-06, 3.89934621126e-06, 3.92940137317e-06, 3.2258947158e-06, 4.45530076831e-06, 6.61953754388e-06, 9.34298077482e-06, 6.16625447947e-06, 7.91690581536e-06, 7.1046551966e-06, 3.49480751538e-06, 1.54563804244e-06, 8.00365455689e-07, 1.11404813197e-06, 1.15988552807e-06, 9.5293216873e-08, 4.84899231878e-08, 1.51384131897e-08, 1.33520146051e-08, 1.78621348823e-08, 1.35414719438e-08, 1.4749755195e-08, 1.34265141227e-08, 1.12673896879e-08, 1.18248175696e-08, 1.25636860915e-08, 1.2545603667e-08, 1.48647663067e-08, 1.15597975636e-08, 1.51456340802e-08, 1.8717692285e-08, 1.36562334774e-08, 1.13330838047e-08, 4.21879455814e-08, 8.55547170886e-08, 6.60136789676e-09, 5.57987345218e-09, 5.17580556192e-09, 4.89801088577e-09, 4.74132200168e-09, 4.58067894726e-09, 4.46118963993e-09, 4.39759562099e-09, 4.3794323723e-09, 4.32863700439e-09, 4.27776836176e-09],
        "mean": [1.96309665625e-05, 1.25843935166e-05, 1.63306976901e-05, 3.60682934115e-05, 8.15927051008e-05, 0.000180516770342, 0.000257717474597, 0.000297780090477, 0.000426505255746, 0.000560224754736, 0.000651569454931, 0.000499413814396, 0.000425166654168, 0.000263332040049, 0.000230038596783, 0.000317042897223, 0.00020295145805, 0.00050069874851, 0.000666914216708, 0.000946697779, 0.000507644144818, 0.00035437772749, 0.000310190080199, 0.000209259393159, 0.000236947991652, 0.000245500414167, 0.000401002616854, 0.000294528581435, 0.000271958910162, 0.000455278059235, 0.000382821075618, 0.000168127226061, 0.000200212292839, 0.000110402957944, 0.000187935467693, 0.000146379272337, 0.00010469834524, 8.71124502737e-05, 0.000108743057353, 0.000108336571429, 5.95973906456e-05, 0.000173935943167, 0.000100712939457, 2.99312723655e-05, 3.15857396345e-05, 4.23866549681e-05, 6.13523661741e-05, 3.93235568481e-05, 3.20452490996e-05, 6.20060964138e-05, 2.77954331978e-05, 1.65091605595e-05, 3.77424803446e-05, 1.8008178813e-05, 1.38012046591e-05, 1.89707698155e-05, 1.15828288472e-05, 1.5425906895e-05, 1.18431462397e-05, 3.89341948903e-06, 7.31872978577e-06, 9.54400456976e-06, 5.93503273194e-06, 4.27570830652e-06, 3.44469094671e-06, 2.173411076e-06, 2.35501738644e-06, 2.68328290076e-06, 2.15991303776e-06, 1.80840891062e-06, 1.55060934048e-06, 4.55287192835e-07, 2.61249113009e-07, 1.79244821652e-07, 1.48016809476e-07, 6.34498107388e-08, 2.12159285695e-08, 1.66270233137e-08, 2.79528116209e-08, 5.30170432e-08, 1.01872181801e-07, 1.13448933803e-07, 1.65499457694e-07, 2.05062406167e-07, 2.39861918772e-07, 1.82067310561e-07, 3.11027775979e-07, 3.19219623179e-07, 2.01243636866e-07, 1.92314459468e-07, 2.89691200805e-07, 1.47432714925e-07, 1.02657736534e-07, 5.29792245629e-08, 3.23231752475e-08, 1.71200564836e-08, 1.37001530121e-08, 7.68123076256e-09, 5.66465185869e-09, 4.98872854138e-09, 4.84834350445e-09, 5.78000713958e-09, 5.19516962783e-09, 4.95566254699e-09, 4.72691263909e-09, 4.32359170688e-09, 4.4178483094e-09, 4.50713244504e-09, 4.36141123217e-09, 4.35587965697e-09, 4.31565050363e-09, 4.24691348755e-09, 5.69774805115e-09, 4.31988311789e-09, 4.13834744251e-09, 2.13559374629e-08, 4.14784864233e-08, 2.17561611088e-11, 1.14074513724e-11, 1.0822382053e-11, 1.04177708127e-11, 1.01314677134e-11, 9.85472640991e-12, 9.61409164085e-12, 9.48316165178e-12, 9.42562087408e-12, 9.32546141003e-12, 9.2446900829e-12],
        "min": [5.83818632549e-07, 6.06835499184e-07, 3.12368740651e-07, 5.25317638278e-08, 9.24683618564e-08, 9.17312519277e-08, 1.8674995772e-07, 2.65350649897e-07, 2.33931291405e-06, 2.84930615635e-06, 6.77612547406e-07, 6.37587049823e-07, 1.99390524358e-06, 1.33004061809e-06, 1.20880497434e-06, 2.41088230268e-07, 1.07080199996e-06, 4.90648289997e-07, 1.03863510503e-06, 8.59088345351e-07, 1.00664544789e-06, 5.28000043687e-07, 2.97607357425e-07, 7.653341072e-07, 1.50420896716e-06, 1.67126017914e-06, 1.51196999809e-07, 8.65941345296e-08, 4.58342924503e-07, 7.46054169554e-08, 2.80951553577e-07, 4.32160192076e-07, 7.69072585172e-07, 6.06091589361e-07, 4.98081476508e-07, 2.80035095557e-07, 4.08637475857e-07, 2.8252213724e-07, 3.20654152119e-07, 4.83597148104e-07, 4.65179965659e-07, 8.61046601131e-07, 1.13618000341e-06, 9.49204803646e-08, 8.28416517606e-08, 1.65080962233e-07, 3.63546803328e-07, 5.29285806294e-08, 2.58320426383e-07, 3.43284909832e-07, 1.2327809884e-07, 1.08986263569e-07, 1.04945598878e-07, 2.4819271971e-07, 8.0108939926e-08, 3.2904800662e-08, 4.46154189149e-08, 7.10752274813e-08, 6.86550407636e-08, 3.81058882226e-08, 8.04933151244e-08, 4.62816913682e-08, 5.6868046272e-08, 4.11357632402e-08, 1.69558855845e-08, 1.62159796702e-08, 1.73453109653e-08, 2.30006147461e-08, 1.71428062856e-08, 7.03510849576e-09, 5.64748781073e-09, 2.65558686152e-09, 3.41236794377e-09, 1.60511437475e-09, 1.38047284715e-09, 1.68766645103e-09, 1.04090291941e-09, 4.77034467483e-10, 7.07536529365e-10, 6.97350233114e-10, 1.18804577287e-09, 2.09353001601e-09, 3.03922464973e-09, 3.38112093878e-09, 2.54221732554e-09, 2.09663308937e-09, 2.7220254939e-09, 3.19947934813e-09, 4.76348382961e-09, 3.18312065595e-09, 2.98042945879e-09, 2.69253552787e-09, 2.15854134566e-09, 1.76613179637e-09, 2.01652117227e-09, 1.27586519127e-09, 1.12395637242e-09, 9.26130838685e-10, 2.9542107649e-10, 1.13987497219e-09, 1.27812871398e-09, 1.06862385607e-09, 1.33264443924e-09, 1.33281741199e-09, 1.18296905605e-09, 1.20163934358e-09, 1.14656018013e-09, 1.08922526554e-09, 9.99963667425e-10, 1.38092470792e-09, 1.1304640557e-09, 1.19878318383e-09, 1.28520172282e-09, 7.44286521304e-10, 1.17509479924e-09, 1.7855039669e-09, 3.87305920668e-09, 2.32471312166e-12, 2.92927872713e-13, 2.52457072174e-13, 2.48783795214e-13, 2.51819154721e-13, 2.58720562335e-13, 1.9302535102e-13, 1.98649622685e-13, 2.66743468676e-13, 2.46613818776e-13, 2.46242344007e-13],
        "stdev": [1.40400225064e-05, 9.95877690002e-06, 2.91404758173e-05, 7.64819706092e-05, 0.00012419198174, 0.00025802172604, 0.000431798427599, 0.000597302045207, 0.000930059293751, 0.000852280645631, 0.000931171234697, 0.000715842528734, 0.000700987002347, 0.000547584961168, 0.000597048725467, 0.00123595120385, 0.000579936895519, 0.00192655890714, 0.00201421743259, 0.00280294986442, 0.00200586440042, 0.00130763521884, 0.00100653315894, 0.000514179293532, 0.000644022016786, 0.00058757700026, 0.000944309285842, 0.00114418647718, 0.0014658292057, 0.00150313286576, 0.0014091511257, 0.000538605789188, 0.000569603987969, 0.000541307381354, 0.000498492852785, 0.000531748693902, 0.000298093043966, 0.000216024403926, 0.000259725231444, 0.000413926783949, 0.000175264503923, 0.00035303318873, 0.000185842538485, 7.92645660113e-05, 6.15670869593e-05, 7.92611099314e-05, 0.000145725905895, 0.000130834945594, 6.96019415045e-05, 0.000116277791676, 4.64244149043e-05, 6.26082764938e-05, 7.88635079516e-05, 3.90245186281e-05, 2.72203087661e-05, 4.25494217779e-05, 1.79239359568e-05, 2.73305158771e-05, 2.7260848583e-05, 5.85399402553e-06, 1.2314135347e-05, 1.66686750163e-05, 1.10051441879e-05, 1.20431950563e-05, 5.71289365325e-06, 4.07906463806e-06, 3.79513267035e-06, 4.5213064368e-06, 3.62698960998e-06, 6.31501279713e-06, 3.76542561753e-06, 1.25815904539e-06, 7.18160890756e-07, 2.85210688844e-07, 4.56624235312e-07, 1.36198281098e-07, 2.91557302745e-08, 1.97462792784e-08, 4.28700559496e-08, 1.00966346395e-07, 2.00501432346e-07, 1.98487626335e-07, 2.42364706082e-07, 3.07702578084e-07, 4.0152207248e-07, 2.85843839265e-07, 4.67392993642e-07, 5.96988797952e-07, 4.24263845389e-07, 4.21650810267e-07, 6.50842991945e-07, 3.85690867688e-07, 2.29657246109e-07, 8.61595950141e-08, 5.60331692157e-08, 3.89143686164e-08, 3.45640778221e-08, 6.34287689039e-09, 3.05518188526e-09, 2.03476524518e-09, 1.84574178164e-09, 2.26489005328e-09, 1.90249482834e-09, 1.92693039303e-09, 1.7143355624e-09, 1.51723777986e-09, 1.52785228913e-09, 1.60821234108e-09, 1.54872237257e-09, 1.43450062939e-09, 1.45159562148e-09, 1.45698608733e-09, 2.0823378577e-09, 1.4531175152e-09, 1.42301481709e-09, 5.71473579569e-09, 1.27550858764e-08, 2.12728168414e-10, 1.81369017027e-10, 1.68895494812e-10, 1.60753896306e-10, 1.55341420283e-10, 1.50371409768e-10, 1.46571449422e-10, 1.44210199338e-10, 1.43244402451e-10, 1.41495148931e-10, 1.4011364291e-10]
    },
    "mfcc": {
        "mean": [-687.249389648, 179.427246094, -45.7522621155, -7.7157535553, -0.456728309393, -7.91879272461, -19.6702690125, 11.12682724, -25.1558532715, 5.0920753479, -9.02116298676, -12.4383296967, 0.998135566711],
        "cov": [[1811.32897949, -33.1488227844, -366.528411865, 139.684829712, -190.628311157, 42.6061401367, -86.3336486816, 99.6415252686, -164.581207275, 129.581039429, -25.894695282, 66.8348236084, 54.9189453125], [-33.1488227844, 383.106079102, -62.4642753601, -116.838172913, 40.7978210449, -85.2068328857, 32.4016723633, -44.8116950989, 42.8111495972, -46.2321281433, 40.2095832825, -20.8608570099, -15.7235364914], [-366.528411865, -62.4642753601, 345.389312744, 47.3646278381, 1.48961448669, 19.8825778961, -43.9030952454, 14.0649013519, 4.30255270004, 11.4832363129, -5.98517036438, -9.45038127899, -15.8627710342], [139.684829712, -116.838172913, 47.3646278381, 213.605712891, 39.1690444946, -0.859484314919, -46.5591506958, -20.5506973267, -12.0763473511, 24.2273082733, -31.8317470551, 5.80964565277, 11.0564413071], [-190.628311157, 40.7978210449, 1.48961448669, 39.1690444946, 160.078613281, 20.0051498413, -2.56741404533, -37.4928016663, 19.5725822449, -20.8532810211, -8.67250728607, -14.0503587723, -10.1826162338], [42.6061401367, -85.2068328857, 19.8825778961, -0.859484314919, 20.0051498413, 112.103088379, 19.9257831573, 24.4615516663, -20.4575576782, 14.3065977097, -10.0511407852, 4.3918762207, -4.8646364212], [-86.3336486816, 32.4016723633, -43.9030952454, -46.5591506958, -2.56741404533, 19.9257831573, 100.341186523, 19.8836421967, 15.5773687363, -15.7471733093, 6.89897537231, -4.69551420212, -11.3648643494], [99.6415252686, -44.8116950989, 14.0649013519, -20.5506973267, -37.4928016663, 24.4615516663, 19.8836421967, 91.4138793945, -3.66314387321, 21.60572052, 0.0451438203454, -3.87360429764, -1.18796825409], [-164.581207275, 42.8111495972, 4.30255270004, -12.0763473511, 19.5725822449, -20.4575576782, 15.5773687363, -3.66314387321, 85.2267379761, 0.301832705736, -1.0715045929, -19.5755023956, -18.5527477264], [129.581039429, -46.2321281433, 11.4832363129, 24.2273082733, -20.8532810211, 14.3065977097, -15.7471733093, 21.60572052, 0.301832705736, 73.2115325928, 6.83976888657, -3.32608222961, 5.5661406517], [-25.894695282, 40.2095832825, -5.98517036438, -31.8317470551, -8.67250728607, -10.0511407852, 6.89897537231, 0.0451438203454, -1.0715045929, 6.83976888657, 54.6152687073, 12.8350715637, 0.24594257772], [66.8348236084, -20.8608570099, -9.45038127899, 5.80964565277, -14.0503587723, 4.3918762207, -4.69551420212, -3.87360429764, -19.5755023956, -3.32608222961, 12.8350715637, 61.3184776306, 26.2691383362], [54.9189453125, -15.7235364914, -15.8627710342, 11.0564413071, -10.1826162338, -4.8646364212, -11.3648643494, -1.18796825409, -18.5527477264, 5.5661406517, 0.24594257772, 26.2691383362, 57.5249290466]],
        "icov": [[0.00530039146543, -0.00630894023925, 0.0072227800265, -0.00728251831606, 0.00737914443016, -0.0063988645561, 0.00698796147481, -0.00680657709017, 0.0070266732946, -0.00616514030844, 0.00476130424067, -0.00444690091535, 0.00348490197212], [-0.00630894023925, 0.0126477247104, -0.0084514785558, 0.0112841455266, -0.0107841603458, 0.0113900275901, -0.00941471103579, 0.00947567820549, -0.00871621631086, 0.00799192581326, -0.00775332096964, 0.00643740361556, -0.00412019481882], [0.0072227800265, -0.0084514785558, 0.0132088288665, -0.0106083089486, 0.0103614013642, -0.00969010032713, 0.0113879526034, -0.0100653395057, 0.00884467363358, -0.00768157932907, 0.00577802397311, -0.00563746504486, 0.00567783042789], [-0.00728251831606, 0.0112841455266, -0.0106083089486, 0.0181321687996, -0.0132683226839, 0.0120356772095, -0.00900065992028, 0.011031517759, -0.0085605205968, 0.00524319382384, -0.00303008663468, 0.00471187569201, -0.00466163083911], [0.00737914443016, -0.0107841603458, 0.0103614013642, -0.0132683226839, 0.0199097562581, -0.0140485428274, 0.010818650946, -0.00688220281154, 0.00717581110075, -0.00541587825865, 0.00579229090363, -0.00398812908679, 0.00438117375597], [-0.0063988645561, 0.0113900275901, -0.00969010032713, 0.0120356772095, -0.0140485428274, 0.0235598850995, -0.0129001103342, 0.00666601629928, -0.00408900249749, 0.00325170787983, -0.00290294224396, 0.00291547435336, -0.00162081990857], [0.00698796147481, -0.00941471103579, 0.0113879526034, -0.00900065992028, 0.010818650946, -0.0129001103342, 0.0236149188131, -0.012240848504, 0.00600157026201, -0.0039453371428, 0.00447887461632, -0.0054244203493, 0.00563757959753], [-0.00680657709017, 0.00947567820549, -0.0100653395057, 0.011031517759, -0.00688220281154, 0.00666601629928, -0.012240848504, 0.0239725615829, -0.00888059381396, 0.00425569294021, -0.00560767157003, 0.00726008042693, -0.00495271245018], [0.0070266732946, -0.00871621631086, 0.00884467363358, -0.0085605205968, 0.00717581110075, -0.00408900249749, 0.00600157026201, -0.00888059381396, 0.0247727911919, -0.0114350840449, 0.00830630771816, -0.00450891209766, 0.00803985167295], [-0.00616514030844, 0.00799192581326, -0.00768157932907, 0.00524319382384, -0.00541587825865, 0.00325170787983, -0.0039453371428, 0.00425569294021, -0.0114350840449, 0.0269687268883, -0.0121975317597, 0.00965088605881, -0.00708344066516], [0.00476130424067, -0.00775332096964, 0.00577802397311, -0.00303008663468, 0.00579229090363, -0.00290294224396, 0.00447887461632, -0.00560767157003, 0.00830630771816, -0.0121975317597, 0.0294456928968, -0.0119833843783, 0.00626528775319], [-0.00444690091535, 0.00643740361556, -0.00563746504486, 0.00471187569201, -0.00398812908679, 0.00291547435336, -0.0054244203493, 0.00726008042693, -0.00450891209766, 0.00965088605881, -0.0119833843783, 0.028118012473, -0.0130133852363], [0.00348490197212, -0.00412019481882, 0.00567783042789, -0.00466163083911, 0.00438117375597, -0.00162081990857, 0.00563757959753, -0.00495271245018, 0.00803985167295, -0.00708344066516, 0.00626528775319, -0.0130133852363, 0.0262364186347]]
    },
    "spectral_contrast_coeffs": {
        "max": [-0.398014813662, -0.488577723503, -0.464186578989, -0.592200398445, -0.593482136726, -0.660183012486],
        "mean": [-0.634953379631, -0.768739402294, -0.748853683472, -0.780808508396, -0.741835951805, -0.792430698872],
        "min": [-0.809919297695, -0.915426552296, -0.915890276432, -0.892400622368, -0.852763712406, -0.93184620142],
        "stdev": [0.0622563697398, 0.0745963528752, 0.0718576535583, 0.0462155938148, 0.0363022908568, 0.0379168353975]
    },
    "spectral_contrast_valleys": {
        "max": [-5.77050304413, -4.91632890701, -5.28790855408, -5.97707557678, -6.84431838989, -9.96288299561],
        "mean": [-7.49367713928, -6.31594705582, -6.8605670929, -7.23772382736, -8.46946525574, -11.6503543854],
        "min": [-9.58981132507, -8.00841140747, -8.45216274261, -8.6771736145, -9.69546508789, -12.1475877762],
        "stdev": [0.609317958355, 0.506551742554, 0.496728539467, 0.480070561171, 0.56898868084, 0.212936803699]
    }
},
"rhythm": {
    "beats_count": 65,
    "beats_loudness": {
        "max": 0.0707030892372,
        "mean": 0.0297261551023,
        "min": 0.00801123026758,
        "stdev": 0.0154728647321
    },
    "bpm": 121.977577209,
    "bpm_histogram_first_peak_bpm": 123,
    "bpm_histogram_first_peak_weight": 0.528301894665,
    "bpm_histogram_second_peak_bpm": 117,
    "bpm_histogram_second_peak_spread": 0.222222208977,
    "bpm_histogram_second_peak_weight": 0.109375,
    "danceability": 1.16529548168,
    "onset_rate": 3.99902319908,
    "beats_loudness_band_ratio": {
        "max": [0.439967691898, 0.471018493176, 0.872645199299, 0.77911311388, 0.402977079153, 0.0574324503541],
        "mean": [0.158614903688, 0.198164969683, 0.346118748188, 0.259854197502, 0.0944581776857, 0.0101849902421],
        "min": [0.00709674041718, 0.0255354270339, 0.126577481627, 0.0465373322368, 0.0063533927314, 0.000946850283071],
        "stdev": [0.117395736277, 0.10632378608, 0.174275144935, 0.180318877101, 0.0671445727348, 0.00822983309627]
    },
    "beats_position": [0.510838985443, 1.02167797089, 1.54412698746, 2.07818579674, 2.60063481331, 3.13469386101, 3.64553284645, 4.13315200806, 4.62077093124, 5.10838985443, 5.59600877762, 6.07201814651, 6.54802703857, 7.02403593063, 7.52326536179, 8.01088428497, 8.498503685, 8.99773216248, 9.49696159363, 9.98458003998, 10.47219944, 10.9714279175, 11.4706573486, 11.9582767487, 12.4575052261, 12.9567346573, 13.4443531036, 13.9319725037, 14.4195919037, 14.9188203812, 15.3948297501, 15.8940582275, 16.3816776276, 16.8809070587, 17.391746521, 17.8793640137, 18.3785934448, 18.877822876, 19.3886623383, 19.8762817383, 20.363899231, 20.851518631, 21.3507480621, 21.8499774933, 22.3375968933, 22.825214386, 23.3244438171, 23.8236732483, 24.3112926483, 24.8105201721, 25.3213596344, 25.8205890656, 26.3082084656, 26.8190479279, 27.3298854828, 27.8291149139, 28.316734314, 28.8159637451, 29.3151912689, 29.8144207001, 30.3020401001, 30.8012695312, 31.3004989624, 31.7881164551, 32.2757377625],
