{
"metadata": {
    "version": {
        "essentia": "2.1-beta5",
        "essentia_git_sha": "Undefined",
        "extractor": "music 2.0"
    },
    "audio_properties": {
        "analysis": {
            "equal_loudness": 0,
            "length": 16.2423591614,
            "sample_rate": 44100,
            "start_time": 0,
            "downmix": "mix"
        },
        "bit_rate": 192000,
        "length": 190.043731689,
        "lossless": 0,
        "number_channels": 2,
        "replay_gain": -10.2492923737,
        "sample_rate": 48000,
        "codec": "mp3",
        "md5_encoded": "c8e401a001ac5800a175ae6c9d13aee8"
    },
    "tags": {
        "file_name": "Portugal_Play-back_Carlos Paião.mp3",
        "encoding": ["Lavf58.29.100"]
    }
},
"lowlevel": {
    "average_loudness": 0.906143307686,
    "barkbands_crest": {
        "max": 20.0414390564,
        "mean": 7.8829126358,
        "min": 2.45609164238,
        "stdev": 3.69774150848
    },
    "barkbands_flatness_db": {
        "max": 0.260438114405,
        "mean": 0.105769954622,
        "min": 0.049140509218,
        "stdev": 0.0305982623249
    },
    "barkbands_kurtosis": {
        "max": 7.31764411926,
        "mean": -0.0937052667141,
        "min": -1.77092552185,
        "stdev": 1.51825404167
    },
    "barkbands_skewness": {
        "max": 2.62027716637,
        "mean": 0.325180947781,
        "min": -2.75066447258,
        "stdev": 0.878832399845
    },
    "barkbands_spread": {
        "max": 89.9390716553,
        "mean": 35.4991874695,
        "min": 6.69546699524,
        "stdev": 16.9708213806
    },
    "dissonance": {
        "max": 0.499987870455,
        "mean": 0.479525923729,
        "min": 0.287912428379,
        "stdev": 0.0173765998334
    },
    "dynamic_complexity": 6.87624263763,
    "erbbands_crest": {
        "max": 24.1388587952,
        "mean": 7.68097829819,
        "min": 2.74395608902,
        "stdev": 3.99665665627
    },
    "erbbands_flatness_db": {
        "max": 0.331294596195,
        "mean": 0.166067883372,
        "min": 0.0776887908578,
        "stdev": 0.0440130494535
    },
    "erbbands_kurtosis": {
        "max": 12.5202322006,
        "mean": 0.520029783249,
        "min": -1.62451922894,
        "stdev": 1.70806157589
    },
    "erbbands_skewness": {
        "max": 1.81006991863,
        "mean": -0.457976549864,
        "min": -2.89832115173,
        "stdev": 0.661513745785
    },
    "erbbands_spread": {
        "max": 89.2922973633,
        "mean": 33.5854148865,
        "min": 5.70448160172,
        "stdev": 13.2168512344
    },
    "hfc": {
        "max": 214.580505371,
        "mean": 13.7522125244,
        "min": 1.09147084014e-16,
        "stdev": 23.386636734
    },
    "loudness_ebu128": {
        "integrated": -16.4080982208,
        "loudness_range": 4.14096641541,
        "momentary": {
            "max": -11.0007925034,
            "mean": -19.8547172546,
            "min": -48.1019515991,
            "stdev": 9.02025413513
        },
        "short_term": {
            "max": -14.442782402,
            "mean": -17.2240390778,
            "min": -22.8374423981,
            "stdev": 1.80845463276
        }
    },
    "melbands_crest": {
        "max": 34.9406852722,
        "mean": 12.0942153931,
        "min": 1.80139756203,
        "stdev": 6.99954891205
    },
    "melbands_flatness_db": {
        "max": 0.221181318164,
        "mean": 0.121013574302,
        "min": 0.00469697173685,
        "stdev": 0.0402424447238
    },
    "melbands_kurtosis": {
        "max": 36.301612854,
        "mean": 3.52371430397,
        "min": -1.77953469753,
        "stdev": 6.30529975891
    },
    "melbands_skewness": {
        "max": 5.92145586014,
        "mean": 1.48619139194,
        "min": -1.27156829834,
        "stdev": 1.28141176701
    },
    "melbands_spread": {
        "max": 176.269378662,
        "mean": 50.8751335144,
        "min": 9.84875106812,
        "stdev": 28.4854564667
    },
    "pitch_salience": {
        "max": 0.92965567112,
        "mean": 0.609938204288,
        "min": 0.263813257217,
        "stdev": 0.113821998239
    },
    "silence_rate_20dB": {
        "max": 1,
        "mean": 1,
        "min": 1,
        "stdev": 0
    },
    "silence_rate_30dB": {
        "max": 1,
        "mean": 0.998573482037,
        "min": 0,
        "stdev": 0.0377425216138
    },
    "silence_rate_60dB": {
        "max": 1,
        "mean": 0.440798848867,
        "min": 0,
        "stdev": 0.496483117342
    },
    "spectral_centroid": {
        "max": 11171.5849609,
        "mean": 2326.09057617,
        "min": 711.135375977,
        "stdev": 956.422180176
    },
    "spectral_complexity": {
        "max": 57,
        "mean": 12.9243936539,
        "min": 0,
        "stdev": 12.051902771
    },
    "spectral_decrease": {
        "max": 6.76648643312e-29,
        "mean": -2.20513163285e-09,
        "min": -2.98817965927e-08,
        "stdev": 3.67642294385e-09
    },
    "spectral_energy": {
        "max": 0.132243767381,
        "mean": 0.00957003980875,
        "min": 1.03073610959e-20,
        "stdev": 0.0158474035561
    },
    "spectral_energyband_high": {
        "max": 0.0105531774461,
        "mean": 0.000551589066163,
        "min": 7.47528047105e-21,
        "stdev": 0.00108254270162
    },
    "spectral_energyband_low": {
        "max": 0.0128769017756,
        "mean": 0.000635631673504,
        "min": 3.32112429028e-23,
        "stdev": 0.00141874316614
    },
    "spectral_energyband_middle_high": {
        "max": 0.0960715413094,
        "mean": 0.00453802151605,
        "min": 1.30130393951e-21,
        "stdev": 0.00899067427963
    },
    "spectral_energyband_middle_low": {
        "max": 0.0827263891697,
        "mean": 0.00403813971207,
        "min": 2.17082833354e-22,
        "stdev": 0.00736594339833
    },
    "spectral_entropy": {
        "max": 9.81925296783,
        "mean": 7.78103685379,
        "min": 6.1128692627,
        "stdev": 0.431748270988
    },
    "spectral_flux": {
        "max": 0.338334977627,
        "mean": 0.0538609623909,
        "min": 6.32273955414e-11,
        "stdev": 0.0493304803967
    },
    "spectral_kurtosis": {
        "max": 19.1208000183,
        "mean": 3.47674942017,
        "min": -1.23316299915,
        "stdev": 2.46727871895
    },
    "spectral_rms": {
        "max": 0.0113586224616,
        "mean": 0.00236315419897,
        "min": 3.17111354536e-12,
        "stdev": 0.00193704082631
    },
    "spectral_rolloff": {
        "max": 19358.3496094,
        "mean": 3220.02734375,
        "min": 236.865234375,
        "stdev": 2025.85083008
    },
    "spectral_skewness": {
        "max": 3.40837097168,
        "mean": 1.23711395264,
        "min": -0.0272692553699,
        "stdev": 0.392505347729
    },
    "spectral_spread": {
        "max": 41484348,
        "mean": 4558554.5,
        "min": 2118176,
        "stdev": 2863642.5
    },
    "spectral_strongpeak": {
        "max": 10.1178178787,
        "mean": 0.868909716606,
        "min": 0,
        "stdev": 1.41281354427
    },
    "zerocrossingrate": {
        "max": 0.62890625,
        "mean": 0.103561595082,
        "min": 0.013671875,
        "stdev": 0.054599005729
    },
    "barkbands": {
        "max": [0.000468084268505, 0.00506130512804, 0.00691357487813, 0.0173123702407, 0.0565788447857, 0.0194478854537, 0.0182568766177, 0.00868518836796, 0.0315778627992, 0.0157457366586, 0.0219540297985, 0.0173674058169, 0.017655134201, 0.0143605992198, 0.04147804901, 0.0152709968388, 0.0123193822801, 0.0144936814904, 0.00956950709224, 0.00701904576272, 0.00373647524975, 0.00276198796928, 0.0010116873309, 0.00175907590892, 0.000569024763536, 1.42856069942e-05, 5.83221151373e-07],
        "mean": [5.46378505533e-05, 0.000182225296157, 0.000272051023785, 0.000344728061464, 0.00156065740157, 0.000497291737702, 0.000482533476315, 0.00034514797153, 0.000697450130247, 0.000369928078726, 0.000388670072425, 0.000182896314072, 0.000301981606754, 0.000462550524389, 0.000946495973039, 0.000455680390587, 0.000552848272491, 0.000491431215778, 0.000310271600028, 0.000238532331423, 0.000162188851391, 0.000126237850054, 6.34891766822e-05, 5.87538961554e-05, 1.98202924366e-05, 1.54200029101e-06, 2.13604178789e-09],
        "min": [1.77779567145e-24, 1.38410126551e-23, 5.235380316e-24, 1.34749733065e-23, 3.80851947621e-23, 5.12224109611e-23, 9.64981912035e-24, 1.24331941287e-23, 7.12001745463e-23, 2.53283404703e-23, 5.12004301409e-23, 1.09204034594e-22, 6.36807902631e-23, 5.65214610296e-23, 1.09794216147e-22, 1.0809560298e-22, 1.17412025027e-22, 1.48712018884e-22, 1.11233224656e-22, 3.6890208068e-22, 3.38663161539e-22, 3.55667796725e-22, 5.61471711426e-22, 6.11293237948e-22, 9.8370364182e-22, 1.46012170835e-21, 2.15087255077e-21],
        "stdev": [5.11003963766e-05, 0.000443421216914, 0.000676927505992, 0.00131786754355, 0.00370653765276, 0.00145477417391, 0.00133867107797, 0.00079862063285, 0.0024153701961, 0.00112332217395, 0.00147397688124, 0.000806739728432, 0.00124217232224, 0.00116269651335, 0.00311556179076, 0.00117107969709, 0.00121201504953, 0.001133965794, 0.000815712322947, 0.000536388542969, 0.000411594344769, 0.000282200344373, 0.000109893546323, 0.000151804997586, 5.51813100174e-05, 1.72133479737e-06, 2.49254945572e-08]
    },
    "erbbands": {
        "max": [0.0964330658317, 1.33050584793, 6.09806871414, 30.7004718781, 193.462432861, 147.058837891, 64.7925109863, 184.237579346, 239.912979126, 342.393676758, 306.122955322, 538.062316895, 466.887939453, 875.499145508, 674.668395996, 717.14666748, 938.043151855, 757.080444336, 2376.3137207, 864.479431152, 632.777954102, 556.429382324, 595.738342285, 565.422180176, 387.985839844, 343.533447266, 222.960006714, 132.223251343, 97.1031341553, 60.3842849731, 36.045841217, 21.0521717072, 40.0604629517, 9.59413814545, 2.43548560143, 0.185267746449, 0.0108546093106, 0.00155831826851, 0.000222026690608, 0.000181756680831],
        "mean": [0.00444341357797, 0.0472768805921, 0.276616424322, 0.778226792812, 3.07348275185, 5.92260932922, 4.38394784927, 4.13222646713, 6.23940849304, 7.92968130112, 7.71747398376, 16.9654769897, 10.52531147, 14.2310609818, 16.2135066986, 7.7986330986, 13.7435369492, 20.2826805115, 55.6643753052, 26.3682079315, 24.9725246429, 27.1618919373, 30.6793861389, 20.9994544983, 12.9401302338, 12.5102863312, 7.62998819351, 6.13320684433, 4.41854810715, 2.89502906799, 1.52572345734, 1.26457858086, 0.883066654205, 0.341455429792, 0.086629755795, 0.0161571633071, 0.00119665171951, 4.58801769128e-05, 1.00890310932e-05, 1.32317445605e-05],
        "min": [1.9873728609e-22, 3.83390297541e-21, 9.94419972643e-21, 3.17390978182e-20, 3.02174958503e-20, 1.18678458841e-19, 4.32439581087e-19, 2.81602136563e-19, 1.38188599263e-19, 1.72543452204e-19, 4.97628651187e-19, 1.46004119638e-18, 1.3701175648e-18, 1.37692019476e-18, 2.75572574094e-18, 3.56761550628e-18, 2.9433247204e-18, 3.37923773628e-18, 3.56982283775e-18, 5.58229867417e-18, 5.69386300492e-18, 7.53009974003e-18, 9.25834391027e-18, 6.19252428771e-18, 9.06108201369e-18, 1.55039934592e-17, 1.22716884355e-17, 1.50754626167e-17, 1.24637912066e-17, 1.37906881709e-17, 1.71869073047e-17, 1.43831471856e-17, 1.07361839655e-17, 9.67347442685e-18, 7.8953372036e-18, 5.26663414471e-18, 2.86663163593e-18, 1.22710413735e-18, 3.23335595665e-19, 2.98938452797e-20],
        "stdev": [0.00802870001644, 0.120675988495, 0.64302277565, 2.5715200901, 10.4172353745, 13.035785675, 8.34676837921, 13.1908473969, 16.709312439, 19.4279003143, 23.8106174469, 54.880355835, 32.3309936523, 58.5268058777, 49.8980789185, 31.1996746063, 54.3036384583, 48.2613716125, 175.176361084, 73.0591125488, 58.1461143494, 58.3231315613, 58.4258079529, 52.8276367188, 32.7518196106, 26.4797725677, 20.3129062653, 14.0586109161, 10.2215108871, 5.86406135559, 3.13414025307, 2.74523353577, 2.78771066666, 0.98545217514, 0.218633815646, 0.0216016843915, 0.00132151145954, 9.84233774943e-05, 1.60035178851e-05, 2.10562957363e-05]
    },
    "gfcc": {
        "mean": [-96.1849365234, 67.8727722168, -149.852203369, 47.1640396118, -68.7492218018, 18.6745662689, -48.2257194519, 10.4977321625, -24.0011310577, 1.75323307514, -14.6834554672, -2.83133792877, -4.7636475563],
        "cov": [[21922.1757812, 3095.9753418, -3621.9831543, -302.136657715, -833.967529297, -990.523925781, -668.440551758, -834.157043457, -34.0279464722, -843.156616211, -34.1160812378, -646.072387695, 219.820373535], [3095.9753418, 1165.03442383, -541.315795898, -294.676483154, 26.3030910492, -311.732910156, -79.7121734619, -200.104553223, -60.2929573059, -217.922470093, -5.20568227768, -130.863006592, 17.9142093658], [-3621.9831543, -541.315795898, 990.893371582, 256.432983398, 30.4712219238, 300.543518066, 127.439788818, 136.139328003, -68.3859405518, 140.931243896, -18.4775829315, 96.8914642334, -72.5011901855], [-302.136657715, -294.676483154, 256.432983398, 343.553344727, -47.4713668823, 86.9694213867, 11.9026489258, 23.1374797821, 5.0446395874, 43.1684341431, -24.3657398224, 17.0399951935, -14.4335031509], [-833.967529297, 26.3030910492, 30.4712219238, -47.4713668823, 193.548355103, -20.5532417297, 10.4832754135, 41.6153678894, 17.8107051849, 12.6456441879, 0.321546703577, 18.7848682404, -6.8272061348], [-990.523925781, -311.732910156, 300.543518066, 86.9694213867, -20.5532417297, 273.129730225, 79.3587722778, 70.420173645, -41.0562744141, 79.5625686646, -9.17114448547, 36.2468605042, -34.0116271973], [-668.440551758, -79.7121734619, 127.439788818, 11.9026489258, 10.4832754135, 79.3587722778, 116.784980774, 25.4593925476, -17.3711338043, 18.620349884, -4.36225748062, -5.81410837173, -13.0347490311], [-834.157043457, -200.104553223, 136.139328003, 23.1374797821, 41.6153678894, 70.420173645, 25.4593925476, 138.814437866, 30.6878490448, 62.9147033691, -1.17770266533, 37.8441619873, -13.7276754379], [-34.0279464722, -60.2929573059, -68.3859405518, 5.0446395874, 17.8107051849, -41.0562744141, -17.3711338043, 30.6878490448, 94.9016189575, 23.393491745, 6.49160718918, 0.174099683762, 13.7426843643], [-843.156616211, -217.922470093, 140.931243896, 43.1684341431, 12.6456441879, 79.5625686646, 18.620349884, 62.9147033691, 23.393491745, 108.919876099, 10.8508853912, 44.7833976746, -14.727104187], [-34.1160812378, -5.20568227768, -18.4775829315, -24.3657398224, 0.321546703577, -9.17114448547, -4.36225748062, -1.17770266533, 6.49160718918, 10.8508853912, 51.1597709656, 20.4410095215, 9.47985744476], [-646.072387695, -130.863006592, 96.8914642334, 17.0399951935, 18.7848682404, 36.2468605042, -5.81410837173, 37.8441619873, 0.174099683762, 44.7833976746, 20.4410095215, 82.6898422241, 2.29006838799], [219.820373535, 17.9142093658, -72.5011901855, -14.4335031509, -6.8272061348, -34.0116271973, -13.0347490311, -13.7276754379, 13.7426843643, -14.727104187, 9.47985744476, 2.29006838799, 42.5027275085]],
        "icov": [[0.000819579407107, -0.00165399035905, 0.00276125594974, -0.00222859671339, 0.00241061602719, -0.00179739110172, 0.00197571073659, -0.000946199172176, 0.000646345491987, 0.000867006136104, -0.000724400801118, 0.00153477687854, -0.000168804283021], [-0.00165399035905, 0.00567297637463, -0.0053334236145, 0.00556680792943, -0.00537156872451, 0.00500809354708, -0.00373879540712, 0.00296057900414, 9.39711098908e-05, -6.03246699029e-05, 0.00127694988623, -0.00176504638512, 0.00166925799567], [0.00276125594974, -0.0053334236145, 0.0116399563849, -0.00866079609841, 0.00764014245942, -0.00673104682937, 0.0054756286554, -0.00380296888761, 0.0037521510385, 0.00233365991153, -0.00220770691521, 0.00386458029971, 0.00105276436079], [-0.00222859671339, 0.00556680792943, -0.00866079609841, 0.0107753239572, -0.00564641971141, 0.00508546223864, -0.00445141643286, 0.00380552653223, -0.0027463089209, -0.00189099833369, 0.0038052063901, -0.00360523350537, 0.000670153414831], [0.00241061602719, -0.00537156872451, 0.00764014245942, -0.00564641971141, 0.0135218808427, -0.00415109749883, 0.00482897646725, -0.00461658090353, 0.000678786367644, 0.00251965643838, -0.0011704058852, 0.00265396898612, 0.000523349910509], [-0.00179739110172, 0.00500809354708, -0.00673104682937, 0.00508546223864, -0.00415109749883, 0.0126913134009, -0.00714175123721, 0.000769132340793, 0.00278549944051, -0.00455123418942, 0.00240854802541, -0.00294806691818, 0.00212152022868], [0.00197571073659, -0.00373879540712, 0.0054756286554, -0.00445141643286, 0.00482897646725, -0.00714175123721, 0.0170430764556, -0.00302762258798, 0.00245429505594, 0.0021971873939, -0.00294438819401, 0.00820782408118, -0.00132185628172], [-0.000946199172176, 0.00296057900414, -0.00380296888761, 0.00380552653223, -0.00461658090353, 0.000769132340793, -0.00302762258798, 0.0142959514633, -0.0052005732432, -0.00284527381882, 0.0029075210914, -0.00430995551869, 0.00229317275807], [0.000646345491987, 9.39711098908e-05, 0.0037521510385, -0.0027463089209, 0.000678786367644, 0.00278549944051, 0.00245429505594, -0.0052005732432, 0.0188064947724, -0.00487652141601, -0.0017833255697, 0.00570372678339, -0.00418370449916], [0.000867006136104, -6.03246699029e-05, 0.00233365991153, -0.00189099833369, 0.00251965643838, -0.00455123418942, 0.0021971873939, -0.00284527381882, -0.00487652141601, 0.0214404854923, -0.00367847131565, -0.00362915545702, 0.00541936373338], [-0.000724400801118, 0.00127694988623, -0.00220770691521, 0.0038052063901, -0.0011704058852, 0.00240854802541, -0.00294438819401, 0.0029075210914, -0.0017833255697, -0.00367847131565, 0.0254436749965, -0.00836312957108, -0.0034122527577], [0.00153477687854, -0.00176504638512, 0.00386458029971, -0.00360523350537, 0.00265396898612, -0.00294806691818, 0.00820782408118, -0.00430995551869, 0.00570372678339, -0.00362915545702, -0.00836312957108, 0.0249104052782, -0.00521213887259], [-0.000168804283021, 0.00166925799567, 0.00105276436079, 0.000670153414831, 0.000523349910509, 0.00212152022868, -0.00132185628172, 0.00229317275807, -0.00418370449916, 0.00541936373338, -0.0034122527577, -0.00521213887259, 0.0321102328598]]
    },
    "melbands": {
        "max": [0.00108053954318, 0.00245668645948, 0.00839654821903, 0.0147308949381, 0.00197607185692, 0.00391278509051, 0.00388845871203, 0.00335374381393, 0.00355915445834, 0.00446998374537, 0.00243987655267, 0.00328598264605, 0.00325072137639, 0.00218180613592, 0.00128977058921, 0.00229062465951, 0.00122138555162, 0.00346292019822, 0.00200371397659, 0.00154147087596, 0.000681712292135, 0.000800051959231, 0.000802493828814, 0.000759377493523, 0.000552039826289, 0.000328532594722, 0.000230196455959, 0.000219870576984, 0.000159328919835, 9.64022256085e-05, 8.20522982394e-05, 6.57480195514e-05, 5.60619628232e-05, 2.13830808207e-05, 2.25526346185e-05, 1.60002891789e-05, 1.32663053591e-05, 3.54322874045e-05, 1.10453229354e-05, 7.3171790973e-06],
        "mean": [4.85803211632e-05, 0.00011804560927, 0.000190983104403, 0.000363481492968, 0.000173074935446, 9.01741732378e-05, 9.90068001556e-05, 8.65762267495e-05, 7.17320290278e-05, 0.000105465529487, 4.92389117426e-05, 5.509777111e-05, 5.60767039133e-05, 2.68797357421e-05, 2.12761879084e-05, 2.93354169116e-05, 3.87892941944e-05, 8.49559510243e-05, 5.73269680899e-05, 3.10211471515e-05, 2.77772815025e-05, 2.48994037975e-05, 3.61772836186e-05, 2.3899727239e-05, 1.63205804711e-05, 1.00457691588e-05, 8.31363831821e-06, 8.08315417089e-06, 4.65358471047e-06, 3.91785988541e-06, 3.63144567928e-06, 2.78254810837e-06, 1.78685263563e-06, 1.59853277637e-06, 9.25720200939e-07, 6.82516201778e-07, 8.01796602445e-07, 6.66154733153e-07, 4.45627676982e-07, 2.38308913936e-07],
        "min": [3.18873808703e-24, 6.25503510082e-24, 4.96352504299e-24, 4.34690205567e-24, 1.50259148669e-23, 7.8285933034e-24, 2.01648506263e-24, 1.73407739452e-24, 4.87086504664e-24, 9.31886436047e-24, 6.03744556948e-24, 4.79592444393e-24, 8.98067969041e-24, 1.174184432e-23, 7.41668169313e-24, 6.3325671116e-24, 6.28617262404e-24, 3.90331531347e-24, 9.4460184832e-24, 5.88958818673e-24, 6.86731738101e-24, 8.11774080188e-24, 7.3302935354e-24, 7.28070100573e-24, 4.67477315826e-24, 4.54278055717e-24, 6.4714594846e-24, 1.06522909369e-23, 8.48403100828e-24, 8.27035225488e-24, 7.1706943525e-24, 5.81860884906e-24, 8.57777766053e-24, 6.85145102163e-24, 9.1747615612e-24, 7.86522800384e-24, 8.06798024484e-24, 6.7412787076e-24, 7.06097800008e-24, 7.68540479391e-24],
        "stdev": [9.7304553492e-05, 0.000273859506706, 0.000632041017525, 0.000939976132941, 0.000299393461319, 0.00028233329067, 0.000270770513453, 0.000197891888092, 0.000248684431426, 0.000360551697668, 0.000163770528161, 0.00023230597435, 0.000195870641619, 0.000105218379758, 7.62539639254e-05, 0.000140953881782, 9.06665445655e-05, 0.000259700755123, 0.000178643342224, 9.66418156167e-05, 6.46326079732e-05, 6.25685570412e-05, 7.37367299735e-05, 5.62328386877e-05, 4.4430802518e-05, 2.85557180177e-05, 1.94831882254e-05, 1.7335281882e-05, 1.33703333631e-05, 1.02282056105e-05, 8.02304566605e-06, 6.07196443525e-06, 5.22343725606e-06, 2.63752394858e-06, 1.89342915746e-06, 1.5865197156e-06, 1.78207460522e-06, 2.31698027164e-06, 1.1970870446e-06, 7.45202896724e-07]
    },
    "melbands128": {
        "max": [0.000276569888229, 0.00062031642301, 0.00150626362301, 0.00259828427806, 0.00235549244098, 0.00369054405019, 0.00540411751717, 0.00989256147295, 0.0225037466735, 0.0213248096406, 0.00796516425908, 0.00320882047527, 0.00314112636261, 0.00676006404683, 0.00649151951075, 0.00104869063944, 0.00136889074929, 0.00697433762252, 0.00400274200365, 0.00665783602744, 0.00193800183479, 0.00174498162232, 0.00359388045035, 0.00824308022857, 0.00587610574439, 0.00927525386214, 0.00677136424929, 0.00255888327956, 0.0038320927415, 0.00481431465596, 0.00748462416232, 0.00416160561144, 0.00595119828358, 0.00300193834119, 0.00244450080208, 0.00314592616633, 0.00155344756786, 0.0012068314245, 0.00222801440395, 0.00461010634899, 0.00501359812915, 0.00475894240662, 0.00071728148032, 0.00188774685375, 0.00294881593436, 0.00432217540219, 0.00801167543977, 0.00472034839913, 0.00118863373064, 0.00203908979893, 0.0024162963964, 0.00131197005976, 0.000860734900925, 0.000585230474826, 0.00238621770404, 0.00084881024668, 0.000874045537785, 0.00124099105597, 0.00117493735161, 0.000525375595316, 0.000852924480569, 0.00122506800108, 0.000744073942769, 0.00122525193729, 0.000382288068067, 0.000544993265066, 0.000457237736555, 0.000203661664273, 0.000357658573193, 0.000385994761018, 0.000219804991502, 0.000179059978109, 0.000193147177924, 0.000144324556459, 0.000187776386156, 9.76950323093e-05, 0.000134425979923, 9.24902706174e-05, 0.000108180043753, 9.60980396485e-05, 6.54139075777e-05, 6.41668812023e-05, 6.38561032247e-05, 8.81164305611e-05, 8.79768413142e-05, 3.30355578626e-05, 2.98224331345e-05, 2.36659834627e-05, 2.97946498904e-05, 3.67594366253e-05, 2.15130330616e-05, 1.74045799213e-05, 2.25594430958e-05, 1.43088736877e-05, 1.9772514861e-05, 2.94144065265e-05, 5.32781268703e-05, 2.51711626333e-05, 1.10640839921e-05, 1.25374845084e-05, 9.40146401263e-06, 7.96428048488e-06, 6.87220335749e-06, 6.01891088081e-06, 2.35611651078e-06, 1.92103902918e-06, 1.18662217119e-06, 4.29250889056e-07, 3.63505307632e-07, 1.23438681499e-07, 1.83425086675e-07, 7.99580135435e-08, 4.6078845628e-08, 2.47793892072e-08, 2.727759707e-08, 1.97992253703e-08, 1.14683178509e-08, 3.54914697631e-09, 8.47834069617e-09, 5.61354562834e-09, 5.21155563149e-10, 5.01239050266e-10, 9.88911952327e-10, 1.59995641735e-10, 9.87981224609e-11, 6.46522280157e-11, 6.37987301877e-11, 6.34344035633e-11],
        "mean": [3.8273352402e-05, 3.56614291377e-05, 4.68361831736e-05, 8.3766906755e-05, 0.00013133061293, 0.000131842592964, 0.00013854802819, 0.000189291560673, 0.000269448239123, 0.000508296419866, 0.000321723520756, 0.000185437529581, 0.000132735338411, 0.000148340521264, 0.000111668698082, 4.43006538262e-05, 5.06873875565e-05, 0.0001493463933, 0.000105647828605, 7.90390622569e-05, 9.57526935963e-05, 4.47543352493e-05, 5.60694352316e-05, 0.000106540952402, 0.000135906462674, 9.96229355223e-05, 5.75287376705e-05, 4.91374521516e-05, 2.81530101347e-05, 6.22294537607e-05, 6.52275703033e-05, 3.87209584005e-05, 7.03898112988e-05, 5.69064068259e-05, 3.07383816107e-05, 2.00556823984e-05, 1.56396399689e-05, 1.18110501717e-05, 3.32559866365e-05, 3.5724886402e-05, 2.88051560347e-05, 2.0679730369e-05, 3.14001954393e-05, 5.02795883222e-05, 5.66537964914e-05, 7.39586757845e-05, 0.00015975725546, 5.21254369232e-05, 1.89358524949e-05, 2.66744918918e-05, 3.5121327528e-05, 3.15139332088e-05, 3.38097343047e-05, 2.00714730454e-05, 2.84655834548e-05, 2.0119601686e-05, 1.85030166904e-05, 6.22164734523e-05, 2.62017656496e-05, 2.16985245061e-05, 2.93361208605e-05, 1.96882137971e-05, 2.06125059776e-05, 1.43825318446e-05, 1.08718068077e-05, 1.0551779269e-05, 9.20571346796e-06, 8.14717805042e-06, 6.60700743538e-06, 1.06581528598e-05, 1.01956247818e-05, 5.67786901229e-06, 4.33634477304e-06, 4.44189799964e-06, 5.18764181834e-06, 3.88756507164e-06, 3.63258118341e-06, 2.93968355436e-06, 3.41051963915e-06, 5.00720443597e-06, 2.67661243925e-06, 2.14864758163e-06, 1.9584238089e-06, 1.81110749509e-06, 1.7029585706e-06, 1.18402374483e-06, 2.13884482037e-06, 1.31604440412e-06, 7.28901170532e-07, 6.97022016993e-07, 6.44717033538e-07, 6.25928407771e-07, 8.27439066597e-07, 8.46487353101e-07, 7.99583119715e-07, 6.70358474508e-07, 6.75576416143e-07, 5.71766918256e-07, 5.07964671215e-07, 3.46769184034e-07, 2.70177650918e-07, 2.25011973498e-07, 1.93759376543e-07, 1.31158074623e-07, 7.51021786982e-08, 5.95123559322e-08, 5.22851983931e-08, 3.27758584717e-08, 2.26596199582e-08, 1.62765445566e-08, 1.19591962999e-08, 2.02348426903e-09, 5.18444787101e-10, 1.77517514577e-10, 1.26298055347e-10, 1.01293209931e-10, 4.79202927339e-11, 1.14423253858e-11, 1.4121520793e-11, 9.82362368535e-12, 2.3395547652e-12, 2.27074457328e-12, 2.94284800521e-12, 1.69288324678e-12, 1.53554296015e-12, 1.36572968646e-12, 1.27990478459e-12, 1.26318530289e-12],
        "min": [1.74901033424e-24, 7.9392963236e-25, 4.00969715084e-24, 7.30823382905e-24, 3.89460944452e-24, 2.37185980069e-24, 6.02566353743e-24, 5.16481591917e-24, 2.41541616392e-24, 2.17539300617e-24, 5.29669137441e-24, 1.54048789126e-23, 1.65125216651e-23, 1.07561594635e-23, 2.40639218681e-24, 2.92874688761e-24, 1.15716566516e-24, 8.91083276257e-25, 1.4177542295e-24, 2.52293573594e-24, 8.12002928737e-25, 2.30282796338e-24, 5.21059903952e-24, 2.91477182225e-24, 5.41244487934e-24, 5.64393295654e-24, 9.82882822582e-24, 7.06535144494e-24, 1.38507655397e-24, 9.1233903474e-25, 4.12948410158e-24, 7.9158902289e-24, 7.86258216436e-24, 7.33320364328e-24, 1.03841531709e-23, 4.2160107044e-24, 8.97402643753e-24, 5.31424905158e-24, 4.36695726646e-24, 6.88239093519e-24, 2.55211372867e-24, 4.73610512149e-24, 5.30719505737e-24, 7.66808456388e-24, 1.51094414317e-24, 1.50976006295e-24, 6.33714605472e-24, 9.42904850741e-24, 5.26053077938e-24, 4.9708405446e-24, 2.99523188749e-24, 4.33293724549e-24, 3.87222275532e-24, 9.64056420421e-24, 7.74915974341e-24, 8.69629296749e-24, 4.60540428013e-24, 4.12881435867e-24, 4.51069679529e-24, 7.15841888795e-24, 7.04195619707e-24, 3.94694642128e-24, 4.2750277553e-24, 4.97674082974e-24, 5.60188114826e-24, 3.35751152505e-24, 3.41667451522e-24, 6.91316992113e-24, 3.90430296732e-24, 6.06092325331e-24, 1.04256338439e-23, 7.77880750281e-24, 1.3677546476e-23, 8.38104995027e-24, 2.15719398508e-24, 5.30538383273e-24, 1.41554131689e-23, 5.66256624555e-24, 8.96578994082e-24, 3.78396105294e-24, 5.71406663531e-24, 4.18171063781e-24, 3.72927208739e-24, 8.46407677168e-24, 6.11974111684e-24, 5.53414994537e-24, 7.1275594382e-24, 5.85820651106e-24, 1.05403279086e-23, 7.95812268632e-24, 4.2986967379e-24, 7.00307008761e-24, 8.87328180019e-24, 5.09531609013e-24, 8.12991686995e-24, 6.37490882625e-24, 6.96442063642e-24, 5.00303553586e-24, 5.89950259058e-24, 6.04679159906e-24, 5.45109866927e-24, 5.46575136615e-24, 8.71885044508e-24, 9.48223508736e-24, 7.7654418325e-24, 9.31436390901e-24, 7.12809507476e-24, 7.96837077834e-24, 9.73947947311e-24, 8.45796625511e-24, 5.50637849163e-24, 6.86543279231e-24, 9.92495487143e-24, 8.46056870724e-24, 9.71775503264e-24, 7.39505586028e-24, 9.27568921427e-24, 6.21165761179e-24, 1.03870435573e-23, 7.77369883959e-24, 8.76709007829e-24, 7.94650670949e-24, 6.57318073174e-24, 8.87282110542e-24, 9.43397809921e-24, 6.67365202878e-24, 8.37772332383e-24, 8.35595944032e-24],
        "stdev": [3.49571600964e-05, 5.3967902204e-05, 0.000124148631585, 0.000231967351283, 0.000298516795738, 0.000352775125066, 0.000479491805891, 0.000762262032367, 0.00114112906158, 0.00141168874688, 0.000700750970282, 0.000375860661734, 0.000291981588816, 0.000508271972649, 0.000450826250017, 0.000104902843304, 0.000128332991153, 0.000455960893305, 0.000321379076922, 0.000303759064991, 0.000207599761779, 0.000121025819681, 0.000306557340082, 0.000505854317453, 0.000466062512714, 0.00055130693363, 0.000317777477903, 0.000151842541527, 0.000156443493324, 0.000245540461037, 0.000430131534813, 0.00022209159215, 0.000327658635797, 0.000192820545635, 0.000132935194415, 0.000129273335915, 7.3669514677e-05, 6.13562515355e-05, 0.000131798515213, 0.000200338312425, 0.000213408304262, 0.000187897763681, 7.47936064727e-05, 0.000130020081997, 0.000218263274292, 0.000294453522656, 0.000633551564533, 0.000247287738603, 8.55305115692e-05, 0.000120162476378, 0.00013928161934, 8.94288459676e-05, 0.000101867852209, 5.3102736274e-05, 0.000125715348986, 6.12281583017e-05, 6.36374461465e-05, 0.000139279814903, 7.50506806071e-05, 5.24826245965e-05, 7.4041512562e-05, 7.47492085793e-05, 5.97236175963e-05, 5.95814817643e-05, 3.40353326465e-05, 3.75144954887e-05, 3.36690136464e-05, 1.98208526854e-05, 2.13062576222e-05, 2.61497280007e-05, 1.98394864128e-05, 1.75777004188e-05, 1.47877426571e-05, 1.30713160615e-05, 1.63804797921e-05, 9.99312760541e-06, 1.09514767246e-05, 8.5906149252e-06, 8.70311578183e-06, 9.31677823246e-06, 6.38343590253e-06, 6.01740703132e-06, 5.79580137128e-06, 6.22323341304e-06, 5.39916618436e-06, 2.74399872069e-06, 3.19590049003e-06, 2.10639905163e-06, 2.07540188057e-06, 2.15294471673e-06, 1.72190220837e-06, 1.58079399171e-06, 1.94045401258e-06, 1.79015080448e-06, 2.18408376895e-06, 2.218601594e-06, 3.04897935166e-06, 1.92729021364e-06, 1.1776729707e-06, 1.07416678929e-06, 8.95772416243e-07, 7.59117597227e-07, 6.019811849e-07, 4.08364741133e-07, 2.01036883141e-07, 1.2303934227e-07, 9.6675854877e-08, 4.87101310398e-08, 3.04114884386e-08, 1.69701372954e-08, 1.30346844429e-08, 4.80867701214e-09, 2.44596809473e-09, 1.11929698843e-09, 1.25639021409e-09, 9.46827394266e-10, 5.19814857824e-10, 1.52773502182e-10, 3.20201670734e-10, 2.12015655032e-10, 2.04904287981e-11, 1.97061637841e-11, 3.76927170032e-11, 7.82368007185e-12, 5.90755222518e-12, 4.57021096315e-12, 4.23236706099e-12, 4.18990189766e-12]
    },
    "mfcc": {
        "mean": [-718.874450684, 85.3893661499, -18.2459316254, 20.4035816193, 4.62020683289, 3.00804924965, -6.40232753754, 1.91579294205, -2.14909005165, 1.55979096889, -1.58882594109, -2.07790708542, -4.75628662109],
        "cov": [[17474.8144531, 2271.98706055, -2322.16650391, -62.1876296997, -602.209350586, -550.81060791, -846.251708984, -407.711975098, -468.47277832, -275.146911621, -476.400390625, -502.860717773, -556.969238281], [2271.98706055, 1130.12683105, -515.154296875, -63.0116958618, -69.5679397583, -153.046478271, -88.0943145752, -66.9344177246, -134.84022522, -72.3463668823, -99.0813140869, -108.583122253, -95.3653564453], [-2322.16650391, -515.154296875, 829.201904297, 61.774887085, 40.0633087158, 190.215408325, 191.547119141, 63.158531189, 56.4405632019, 15.0119752884, 73.0944061279, 86.2554321289, 67.0643615723], [-62.1876296997, -63.0116958618, 61.774887085, 213.851623535, 42.6494560242, -8.55031871796, -29.0014057159, -0.226293712854, 10.7632389069, 1.18990266323, -12.5612707138, -4.33344078064, 0.703656733036], [-602.209350586, -69.5679397583, 40.0633087158, 42.6494560242, 133.967376709, 8.57078361511, 0.808167219162, 22.2275772095, 21.1740627289, 7.32679271698, 17.8063373566, 13.0929307938, 33.6058654785], [-550.81060791, -153.046478271, 190.215408325, -8.55031871796, 8.57078361511, 138.402801514, 80.5005569458, 16.9001235962, 14.6174850464, 6.64928436279, 16.9608821869, 26.7298946381, 17.393743515], [-846.251708984, -88.0943145752, 191.547119141, -29.0014057159, 0.808167219162, 80.5005569458, 157.746139526, 40.1925964355, 18.6518993378, 10.2744903564, 21.7050685883, 30.7662811279, 20.93334198], [-407.711975098, -66.9344177246, 63.158531189, -0.226293712854, 22.2275772095, 16.9001235962, 40.1925964355, 60.512298584, 22.8813858032, 8.86881446838, 15.9093551636, 11.3277158737, 19.2568340302], [-468.47277832, -134.84022522, 56.4405632019, 10.7632389069, 21.1740627289, 14.6174850464, 18.6518993378, 22.8813858032, 84.4276580811, 38.0530395508, 21.9367027283, 17.6665706635, 13.9732589722], [-275.146911621, -72.3463668823, 15.0119752884, 1.18990266323, 7.32679271698, 6.64928436279, 10.2744903564, 8.86881446838, 38.0530395508, 65.4118041992, 22.8789138794, 9.22990226746, 10.2235298157], [-476.400390625, -99.0813140869, 73.0944061279, -12.5612707138, 17.8063373566, 16.9608821869, 21.7050685883, 15.9093551636, 21.9367027283, 22.8789138794, 55.4587516785, 25.7920284271, 15.7139883041], [-502.860717773, -108.583122253, 86.2554321289, -4.33344078064, 13.0929307938, 26.7298946381, 30.7662811279, 11.3277158737, 17.6665706635, 9.22990226746, 25.7920284271, 59.2990112305, 33.4221115112], [-556.969238281, -95.3653564453, 67.0643615723, 0.703656733036, 33.6058654785, 17.393743515, 20.93334198, 19.2568340302, 13.9732589722, 10.2235298157, 15.7139883041, 33.4221115112, 80.4859848022]],
        "icov": [[0.000167362944921, -7.72492639953e-05, 0.000242058798904, -6.82302415953e-05, 0.000469357910333, -0.000230865378398, 0.000488079735078, 6.06682760917e-06, 0.000210090962355, 0.000123113568407, 0.000348874309566, 0.000219196503167, 0.000379812001484], [-7.72492639953e-05, 0.00173836934846, 0.000598131911829, 0.000237805768847, -0.000342886254657, 0.00104988564271, -0.00126538111363, 0.000397908472223, 0.00144957285374, 0.000267674040515, 0.000678789161611, 0.000865751237143, 0.000397190655349], [0.000242058798904, 0.000598131911829, 0.00310095865279, -0.00120328040794, 0.000956878997386, -0.00196799635887, -0.00136985455174, 6.28114576102e-05, 0.000393133959733, 0.00145661795978, -0.00120751711074, 1.97869758267e-05, 0.000151726548211], [-6.82302415953e-05, 0.000237805768847, -0.00120328040794, 0.00595417851582, -0.00224963016808, 0.000938541663345, 0.00148880749475, -9.45795181906e-05, -0.000338610145263, -0.000871544529218, 0.00299203908071, -0.000140574018587, 0.000775769585744], [0.000469357910333, -0.000342886254657, 0.000956878997386, -0.00224963016808, 0.0111092971638, -0.00144212204032, 0.00232678535394, -0.00228560995311, -0.000834224512801, 0.00166551955044, -0.00208923150785, 0.00161445932463, -0.0026503696572], [-0.000230865378398, 0.00104988564271, -0.00196799635887, 0.000938541663345, -0.00144212204032, 0.013166883029, -0.00525422208011, 0.00173670297954, 0.000485347030917, -0.000525069597643, 0.00112305174116, -0.000961317913607, 0.000148038845509], [0.000488079735078, -0.00126538111363, -0.00136985455174, 0.00148880749475, 0.00232678535394, -0.00525422208011, 0.0144189503044, -0.00622048787773, 0.000418137322413, -0.00105201965198, 0.00192297319882, -0.00215024780482, 0.00148722261656], [6.06682760917e-06, 0.000397908472223, 6.28114576102e-05, -9.45795181906e-05, -0.00228560995311, 0.00173670297954, -0.00622048787773, 0.0241215694696, -0.00445965584368, 0.00204237690195, -0.00331811746582, 0.00336313364096, -0.00334634678438], [0.000210090962355, 0.00144957285374, 0.000393133959733, -0.000338610145263, -0.000834224512801, 0.000485347030917, 0.000418137322413, -0.00445965584368, 0.0202656779438, -0.00927095022053, 0.00108642212581, -0.00191967806313, 0.00229278230108], [0.000123113568407, 0.000267674040515, 0.00145661795978, -0.000871544529218, 0.00166551955044, -0.000525069597643, -0.00105201965198, 0.00204237690195, -0.00927095022053, 0.0236293841153, -0.00809056125581, 0.00305979908444, -0.00191688770428], [0.000348874309566, 0.000678789161611, -0.00120751711074, 0.00299203908071, -0.00208923150785, 0.00112305174116, 0.00192297319882, -0.00331811746582, 0.00108642212581, -0.00809056125581, 0.0310281589627, -0.00879643391818, 0.00355580239557], [0.000219196503167, 0.000865751237143, 1.97869758267e-05, -0.000140574018587, 0.00161445932463, -0.000961317913607, -0.00215024780482, 0.00336313364096, -0.00191967806313, 0.00305979908444, -0.00879643391818, 0.029741095379, -0.00887243263423], [0.000379812001484, 0.000397190655349, 0.000151726548211, 0.000775769585744, -0.0026503696572, 0.000148038845509, 0.00148722261656, -0.00334634678438, 0.00229278230108, -0.00191688770428, 0.00355580239557, -0.00887243263423, 0.01971424371]]
    },
    "spectral_contrast_coeffs": {
        "max": [-0.42642351985, -0.557480871677, -0.52893948555, -0.449717432261, -0.537959873676, -0.622754454613],
        "mean": [-0.729815661907, -0.794750869274, -0.788547575474, -0.787710309029, -0.77532273531, -0.754350543022],
        "min": [-0.97105461359, -0.966528236866, -0.963629007339, -0.96730363369, -0.963609695435, -0.960472822189],
        "stdev": [0.0918201878667, 0.0771499872208, 0.0713574662805, 0.0686189755797, 0.0650242194533, 0.0551235452294]
    },
    "spectral_contrast_valleys": {
        "max": [-5.72334289551, -5.01279306412, -5.7127122879, -5.37545442581, -5.13034152985, -8.29174613953],
        "mean": [-8.16079330444, -7.79847764969, -8.41314888, -8.28293609619, -8.22248363495, -10.9465398788],
        "min": [-28.1422100067, -27.4539585114, -27.35688591, -27.167131424, -27.3335494995, -27.3561687469],
        "stdev": [1.77343547344, 1.88550782204, 1.84040033817, 1.84468924999, 1.76400017738, 1.43637502193]
    }
},
"rhythm": {
    "beats_count": 36,
    "beats_loudness": {
        "max": 0.095837816596,
        "mean": 0.0296810939908,
        "min": 1.16487253763e-05,
        "stdev": 0.0220417641103
    },
    "bpm": 135.127349854,
    "bpm_histogram_first_peak_bpm": 136,
    "bpm_histogram_first_peak_weight": 0.25,
    "bpm_histogram_second_peak_bpm": 126,
    "bpm_histogram_second_peak_spread": 0.33333337307,
    "bpm_histogram_second_peak_weight": 0.0571428574622,
    "danceability": 1.45447409153,
    "onset_rate": 3.93749976158,
    "beats_loudness_band_ratio": {
        "max": [0.784367501736, 0.63404160738, 0.566506326199, 0.558192789555, 0.880424261093, 0.21184001863],
        "mean": [0.198076725006, 0.238395512104, 0.131096959114, 0.110586889088, 0.306277871132, 0.0702985078096],
        "min": [0.00716975331306, 0.00279391859658, 0.00942073203623, 0.00954037811607, 0.0226319376379, 0.0144331231713],
        "stdev": [0.198091998696, 0.187988325953, 0.120567180216, 0.118153013289, 0.225661486387, 0.0512768253684]
    },
    "beats_position": [0.46439909935, 0.940408170223, 1.4164172411, 1.88081634045, 2.33360528946, 2.7863945961, 3.22757363319, 3.66875267029, 4.1099319458, 4.55111122131, 4.99229001999, 5.4334692955, 5.87464857101, 6.31582736969, 6.7570066452, 7.20979595184, 7.66258478165, 8.10376358032, 8.55655288696, 9.0093421936, 9.45052146912, 9.89170074463, 10.3328800201, 10.7856683731, 11.2268476486, 11.6796369553, 12.1208162308, 12.5619955063, 13.0031747818, 13.4443531036, 13.8855323792, 14.3267116547, 14.7678909302, 15.2090702057, 15.6502494812, 16.0914287567],
