{
"metadata": {
    "version": {
        "essentia": "2.1-beta5",
        "essentia_git_sha": "Undefined",
        "extractor": "music 2.0"
    },
    "audio_properties": {
        "analysis": {
            "equal_loudness": 0,
            "length": 27.7826747894,
            "sample_rate": 44100,
            "start_time": 142.744674683,
            "downmix": "mix"
        },
        "bit_rate": 192000,
        "length": 170.550582886,
        "lossless": 0,
        "number_channels": 2,
        "replay_gain": -12.6742362976,
        "sample_rate": 48000,
        "codec": "mp3",
        "md5_encoded": "06a86abe3b6a494058def66de459a7bc"
    },
    "tags": {
        "file_name": "Finland_Reggae O.k._Riki Sorsa.mp3",
        "encoding": ["Lavf58.29.100"]
    }
},
"lowlevel": {
    "average_loudness": 0.749713480473,
    "barkbands_crest": {
        "max": 26.7977142334,
        "mean": 9.08272457123,
        "min": 2.81693458557,
        "stdev": 4.99611473083
    },
    "barkbands_flatness_db": {
        "max": 0.490852713585,
        "mean": 0.171974509954,
        "min": 0.0511139184237,
        "stdev": 0.0540599487722
    },
    "barkbands_kurtosis": {
        "max": 244.907714844,
        "mean": 2.12364244461,
        "min": -1.73326134682,
        "stdev": 15.0362548828
    },
    "barkbands_skewness": {
        "max": 15.6277475357,
        "mean": 0.624097585678,
        "min": -2.34397864342,
        "stdev": 1.32779550552
    },
    "barkbands_spread": {
        "max": 125.737030029,
        "mean": 14.6694192886,
        "min": 2.11957263947,
        "stdev": 8.14829349518
    },
    "dissonance": {
        "max": 0.499999940395,
        "mean": 0.465239346027,
        "min": 0.333605617285,
        "stdev": 0.0297471396625
    },
    "dynamic_complexity": 6.71396255493,
    "erbbands_crest": {
        "max": 30.9099445343,
        "mean": 10.2523469925,
        "min": 2.62771940231,
        "stdev": 5.38844299316
    },
    "erbbands_flatness_db": {
        "max": 0.389140248299,
        "mean": 0.255338698626,
        "min": 0.071558713913,
        "stdev": 0.0575238540769
    },
    "erbbands_kurtosis": {
        "max": 18.290895462,
        "mean": 0.564119338989,
        "min": -1.55145466328,
        "stdev": 2.04547262192
    },
    "erbbands_skewness": {
        "max": 3.5612077713,
        "mean": 0.245324343443,
        "min": -2.94362139702,
        "stdev": 0.849662482738
    },
    "erbbands_spread": {
        "max": 66.1746520996,
        "mean": 19.178609848,
        "min": 3.76354646683,
        "stdev": 7.52048540115
    },
    "hfc": {
        "max": 84.6379699707,
        "mean": 15.7202177048,
        "min": 1.07124005376e-16,
        "stdev": 17.9458751678
    },
    "loudness_ebu128": {
        "integrated": -12.5455999374,
        "loudness_range": 7.09497833252,
        "momentary": {
            "max": -8.33777523041,
            "mean": -18.0390415192,
            "min": -226.356658936,
            "stdev": 17.4167881012
        },
        "short_term": {
            "max": -9.00435447693,
            "mean": -13.7573795319,
            "min": -19.4631309509,
            "stdev": 2.26701521873
        }
    },
    "melbands_crest": {
        "max": 39.9419784546,
        "mean": 11.7521209717,
        "min": 1.4838501215,
        "stdev": 6.5451426506
    },
    "melbands_flatness_db": {
        "max": 0.467759817839,
        "mean": 0.19190338254,
        "min": 0.00292436406016,
        "stdev": 0.0571757741272
    },
    "melbands_kurtosis": {
        "max": 1041.28833008,
        "mean": 5.4182844162,
        "min": -1.75521934032,
        "stdev": 43.840713501
    },
    "melbands_skewness": {
        "max": 31.3931789398,
        "mean": 1.11090672016,
        "min": -1.35809862614,
        "stdev": 1.8195412159
    },
    "melbands_spread": {
        "max": 151.586135864,
        "mean": 26.5765914917,
        "min": 0.976651489735,
        "stdev": 18.922039032
    },
    "pitch_salience": {
        "max": 0.88950240612,
        "mean": 0.618164718151,
        "min": 0.00736324675381,
        "stdev": 0.134178459644
    },
    "silence_rate_20dB": {
        "max": 1,
        "mean": 1,
        "min": 1,
        "stdev": 0
    },
    "silence_rate_30dB": {
        "max": 1,
        "mean": 1,
        "min": 1,
        "stdev": 0
    },
    "silence_rate_60dB": {
        "max": 1,
        "mean": 0.339732885361,
        "min": 0,
        "stdev": 0.473618358374
    },
    "spectral_centroid": {
        "max": 11200.4912109,
        "mean": 1650.31384277,
        "min": 482.350158691,
        "stdev": 1275.48986816
    },
    "spectral_complexity": {
        "max": 48,
        "mean": 16.2078456879,
        "min": 0,
        "stdev": 11.8613567352
    },
    "spectral_decrease": {
        "max": 1.30231069876e-28,
        "mean": -3.43628081545e-09,
        "min": -1.92245313002e-08,
        "stdev": 3.79447540055e-09
    },
    "spectral_energy": {
        "max": 0.0785067752004,
        "mean": 0.0143951643258,
        "min": 9.9685886298e-21,
        "stdev": 0.0158205479383
    },
    "spectral_energyband_high": {
        "max": 0.00106052891351,
        "mean": 8.48473864608e-05,
        "min": 7.30074051504e-21,
        "stdev": 0.000122624085634
    },
    "spectral_energyband_low": {
        "max": 0.0021747816354,
        "mean": 0.000246813491685,
        "min": 1.05017179005e-23,
        "stdev": 0.000371410336811
    },
    "spectral_energyband_middle_high": {
        "max": 0.0594990439713,
        "mean": 0.00775387370959,
        "min": 1.34484653712e-21,
        "stdev": 0.0103848977014
    },
    "spectral_energyband_middle_low": {
        "max": 0.0638217628002,
        "mean": 0.00748193077743,
        "min": 2.05303612804e-22,
        "stdev": 0.0104689402506
    },
    "spectral_entropy": {
        "max": 9.81976985931,
        "mean": 7.45740127563,
        "min": 6.19307851791,
        "stdev": 0.446626573801
    },
    "spectral_flux": {
        "max": 0.194027796388,
        "mean": 0.0569649264216,
        "min": 6.49112708029e-11,
        "stdev": 0.038008928299
    },
    "spectral_kurtosis": {
        "max": 28.2254810333,
        "mean": 7.33494615555,
        "min": -1.23814499378,
        "stdev": 4.63223028183
    },
    "spectral_rms": {
        "max": 0.00875168386847,
        "mean": 0.00308874668553,
        "min": 3.11856573551e-12,
        "stdev": 0.00212219753303
    },
    "spectral_rolloff": {
        "max": 19315.2832031,
        "mean": 2044.62731934,
        "min": 21.533203125,
        "stdev": 2264.03833008
    },
    "spectral_skewness": {
        "max": 3.15442252159,
        "mean": 1.50889539719,
        "min": -0.0328161232173,
        "stdev": 0.521832644939
    },
    "spectral_spread": {
        "max": 44080500,
        "mean": 3050515.75,
        "min": 1203511,
        "stdev": 4876631
    },
    "spectral_strongpeak": {
        "max": 10.165804863,
        "mean": 1.46468317509,
        "min": 0,
        "stdev": 1.72750163078
    },
    "zerocrossingrate": {
        "max": 0.64013671875,
        "mean": 0.0668529570103,
        "min": 0,
        "stdev": 0.0615296252072
    },
    "barkbands": {
        "max": [5.17450425832e-05, 0.0010202935664, 0.00126032484695, 0.00709206890315, 0.0224189646542, 0.00774916168302, 0.0326280631125, 0.0426560901105, 0.0296157263219, 0.0616253986955, 0.0198222734034, 0.0158698670566, 0.0102834571153, 0.0212269295007, 0.00827714707702, 0.0166224054992, 0.010728687048, 0.00633342284709, 0.00460813893005, 0.000972403271589, 0.000423582765507, 0.000357271317625, 7.94567458797e-05, 2.35376069213e-06, 1.00058093722e-06, 1.1218767213e-06, 1.23791267015e-06],
        "mean": [1.2918505945e-06, 5.96374702582e-05, 9.26280263229e-05, 0.000266185350483, 0.00082312192535, 0.00049808685435, 0.000597044359893, 0.00174626288936, 0.00180076004472, 0.00264452490956, 0.000898398226127, 0.000736523419619, 0.000465759891085, 0.000950562534854, 0.000839547021315, 0.000694803020451, 0.000568999384996, 0.000349908281351, 0.000222716058488, 9.35540083447e-05, 2.88575283776e-05, 1.29321442728e-05, 2.20587207878e-06, 5.78978756494e-07, 2.86588544895e-07, 1.61723168191e-08, 3.30088756328e-09],
        "min": [1.63613429807e-24, 1.71473708892e-24, 1.10945023001e-24, 1.91716984125e-24, 1.92354312739e-23, 1.37809535189e-23, 9.87457900288e-24, 1.15434292362e-23, 2.75635384022e-23, 4.08551473022e-23, 9.1275829459e-24, 2.5846486401e-23, 3.97333934058e-23, 2.45366507099e-23, 5.9135777624e-23, 6.47246804326e-23, 1.0920962604e-22, 9.20157147238e-23, 1.51923717754e-22, 1.29035303553e-22, 3.38457350884e-22, 4.2102056821e-22, 4.20843888611e-22, 6.41018476111e-22, 9.50092462216e-22, 1.32622578469e-21, 2.06189166599e-21],
        "stdev": [2.72734177997e-06, 0.000143317563925, 0.00015636086755, 0.000587214773986, 0.00180874031503, 0.000915195792913, 0.00147939112503, 0.00476284790784, 0.00452161207795, 0.00715130381286, 0.00208957772702, 0.00146760861389, 0.000710615538992, 0.0018236982869, 0.00125650980044, 0.00141627551056, 0.00102067296393, 0.00068571115844, 0.000408840569435, 0.000149993909872, 4.29146130045e-05, 2.47674051934e-05, 4.50232755611e-06, 3.72349518329e-07, 2.02388704906e-07, 3.40494956674e-08, 3.57462752731e-08]
    },
    "erbbands": {
        "max": [0.00945822522044, 0.290922343731, 1.38210368156, 9.94366264343, 59.9198989868, 98.3960800171, 95.4803619385, 86.6881408691, 185.995880127, 835.590454102, 826.130554199, 862.38458252, 2289.0703125, 634.108337402, 1273.02050781, 388.76361084, 418.547515869, 948.090270996, 569.954589844, 465.43170166, 963.696777344, 391.292510986, 447.978668213, 340.424621582, 92.7742538452, 61.9590530396, 21.8006267548, 16.2170524597, 13.6898593903, 5.62844324112, 1.37802612782, 0.136467278004, 0.0272154994309, 0.015892745927, 0.00724987778813, 0.00441636703908, 0.00204389169812, 0.000779256573878, 0.000178570888238, 9.20270686038e-05],
        "mean": [0.000786079908721, 0.0173513889313, 0.0974125564098, 0.507895827293, 2.14111685753, 2.47495388985, 2.84548139572, 4.57777547836, 8.04583644867, 23.3435668945, 33.3479537964, 49.0553970337, 94.6023254395, 31.2518692017, 49.0695533752, 27.2838745117, 23.0466194153, 43.3538818359, 43.9935455322, 44.923538208, 37.5598602295, 27.1460952759, 21.4152851105, 17.0343284607, 6.5496430397, 4.57364559174, 1.86787962914, 0.976038336754, 0.501564860344, 0.165784731507, 0.0497618541121, 0.0169267710298, 0.00736826471984, 0.00372758577578, 0.00144976726733, 0.000180136194103, 3.69403860532e-05, 1.30611788336e-05, 8.70503208716e-06, 1.76084067789e-05],
        "min": [4.72862569459e-23, 7.75826449199e-22, 2.14822541125e-21, 1.24819607652e-20, 3.90598821151e-20, 5.49084429317e-20, 1.29064706633e-19, 1.24888840407e-19, 2.36692975994e-19, 2.46259940163e-19, 3.12504854616e-19, 5.84229446539e-19, 1.01835766515e-18, 1.40240118334e-18, 1.05955839409e-18, 1.70489782463e-18, 2.02739527954e-18, 1.49592180981e-18, 2.31204301757e-18, 3.44433230099e-18, 4.15245701477e-18, 6.3241911753e-18, 5.09414175798e-18, 7.84070771441e-18, 7.15419578246e-18, 6.84018437346e-18, 8.98414594492e-18, 1.46578009275e-17, 1.27944186062e-17, 1.41719845188e-17, 1.20690490378e-17, 1.28340331129e-17, 1.23709153675e-17, 8.1716535785e-18, 7.71996581476e-18, 4.29456953914e-18, 2.37261724703e-18, 1.04589357716e-18, 2.90296812928e-19, 3.08250729349e-20],
        "stdev": [0.0012841388816, 0.0416813902557, 0.173834294081, 0.953398883343, 4.6876282692, 6.59463500977, 6.75886821747, 9.08843612671, 16.738067627, 62.9705505371, 80.1893692017, 125.05242157, 259.429199219, 58.6100730896, 119.300361633, 46.1758041382, 32.1382865906, 76.4563140869, 73.9459075928, 62.2864952087, 82.6108016968, 43.5735702515, 38.1906890869, 35.088470459, 9.19884967804, 7.77616024017, 2.7371404171, 1.61624026299, 0.909014046192, 0.34079888463, 0.0861429423094, 0.0144972931594, 0.00530786626041, 0.00306477001868, 0.000965734594502, 0.00014811604342, 6.34298412479e-05, 2.4349305022e-05, 1.03999964267e-05, 1.92206734937e-05]
    },
    "gfcc": {
        "mean": [-135.246658325, 124.067405701, -193.629074097, 8.75293636322, -56.0526351929, -7.35363960266, -25.853717804, -2.11939907074, -11.2085886002, -10.2846393585, -14.6702756882, -13.9721164703, -3.30089211464],
        "cov": [[38541.1640625, 6282.22753906, -6118.36572266, -12.2241420746, -958.633789062, -1850.21704102, -528.798339844, -1152.85656738, -506.340789795, -833.596191406, -501.135437012, -720.938110352, -190.577041626], [6282.22753906, 1369.6875, -863.044250488, -39.5519638062, -65.7019958496, -473.975921631, -81.6733016968, -324.859191895, -103.694694519, -181.498092651, -73.2380523682, -155.298950195, -53.8212051392], [-6118.36572266, -863.044250488, 1579.03466797, 203.306365967, 74.84400177, 474.912078857, -90.0176773071, 269.00112915, -14.1924800873, 168.039154053, 90.3992767334, 62.7566757202, 19.7271251678], [-12.2241420746, -39.5519638062, 203.306365967, 317.384613037, 52.0191993713, 108.929138184, -61.9792442322, -7.56991291046, -93.2670059204, -6.35462093353, 3.21963357925, 15.0929002762, -33.3318862915], [-958.633789062, -65.7019958496, 74.84400177, 52.0191993713, 282.228027344, -125.845619202, 88.6192932129, -63.5976791382, -5.72100114822, -2.65771722794, -2.15979766846, 15.5511617661, -8.16919803619], [-1850.21704102, -473.975921631, 474.912078857, 108.929138184, -125.845619202, 523.497131348, -75.1940383911, 218.971939087, -0.29789274931, 72.249382019, 34.836265564, 26.0069599152, 6.59941577911], [-528.798339844, -81.6733016968, -90.0176773071, -61.9792442322, 88.6192932129, -75.1940383911, 266.495941162, -4.72035264969, 55.2513504028, 7.39213371277, -15.8704147339, 43.2904930115, -1.98699939251], [-1152.85656738, -324.859191895, 269.00112915, -7.56991291046, -63.5976791382, 218.971939087, -4.72035264969, 289.145690918, 83.5257492065, 103.807983398, 3.70063138008, -3.22015380859, 37.2580299377], [-506.340789795, -103.694694519, -14.1924800873, -93.2670059204, -5.72100114822, -0.29789274931, 55.2513504028, 83.5257492065, 155.82762146, 53.4468078613, -12.3701982498, -14.8605012894, 13.6949501038], [-833.596191406, -181.498092651, 168.039154053, -6.35462093353, -2.65771722794, 72.249382019, 7.39213371277, 103.807983398, 53.4468078613, 110.968818665, 16.4556655884, 10.6716794968, 13.167470932], [-501.135437012, -73.2380523682, 90.3992767334, 3.21963357925, -2.15979766846, 34.836265564, -15.8704147339, 3.70063138008, -12.3701982498, 16.4556655884, 75.5300521851, 39.4722251892, 0.342938780785], [-720.938110352, -155.298950195, 62.7566757202, 15.0929002762, 15.5511617661, 26.0069599152, 43.2904930115, -3.22015380859, -14.8605012894, 10.6716794968, 39.4722251892, 99.2014694214, 13.0842809677], [-190.577041626, -53.8212051392, 19.7271251678, -33.3318862915, -8.16919803619, 6.59941577911, -1.98699939251, 37.2580299377, 13.6949501038, 13.167470932, 0.342938780785, 13.0842809677, 57.2816810608]],
        "icov": [[0.000660445075482, -0.0021792773623, 0.00179532484617, -0.00123421859462, 0.00103672675323, -0.000182118601515, 0.000380068871891, -0.00110881181899, 0.000985934515484, -0.000781893671956, 0.000685065169819, 0.000132007975481, -0.000373794464394], [-0.0021792773623, 0.00943282991648, -0.00536222895607, 0.00347677269019, -0.00230275001377, 0.00203764718026, -0.00119337555952, 0.00437163980678, -0.00240561482497, 0.00317818229087, -0.00295632868074, 0.00258380710147, 0.00130632834043], [0.00179532484617, -0.00536222895607, 0.00620796252042, -0.00370326288976, 0.00224983110093, -0.000994579400867, 0.00137217307929, -0.00318551855162, 0.00321778585203, -0.0029771940317, 0.00105117144994, 0.00102781108581, -0.00112905702554], [-0.00123421859462, 0.00347677269019, -0.00370326288976, 0.00774713791907, -0.00384103460237, -0.00109944189899, 0.000493281113449, 0.0016011990374, 0.000615160388406, 0.000931939575821, 0.000885964429472, -0.00248410413042, 0.00369917484932], [0.00103672675323, -0.00230275001377, 0.00224983110093, -0.00384103460237, 0.0078472495079, 0.00229101697914, -0.00139314320404, -0.000526195100974, 0.00157234235667, -0.00121145311277, 0.000384463288356, 0.0022193568293, -0.00118189305067], [-0.000182118601515, 0.00203764718026, -0.000994579400867, -0.00109944189899, 0.00229101697914, 0.00542948674411, 3.90931782022e-05, -0.0019526326796, 0.000560799089726, 0.00138852908276, -0.00106065813452, 0.000983407371677, 0.00131247914396], [0.000380068871891, -0.00119337555952, 0.00137217307929, 0.000493281113449, -0.00139314320404, 3.90931782022e-05, 0.00627171713859, -0.00131522037555, -0.000970763619989, -0.000225083669648, 0.00313311233185, -0.0042610289529, 0.00206590280868], [-0.00110881181899, 0.00437163980678, -0.00318551855162, 0.0016011990374, -0.000526195100974, -0.0019526326796, -0.00131522037555, 0.0110294604674, -0.0039326492697, -0.0030765091069, -0.00058193638688, 0.00252492842264, -0.00354819744825], [0.000985934515484, -0.00240561482497, 0.00321778585203, 0.000615160388406, 0.00157234235667, 0.000560799089726, -0.000970763619989, -0.0039326492697, 0.0132877314463, -0.00492896512151, 0.00181954633445, 0.00293921958655, 0.000227533266298], [-0.000781893671956, 0.00317818229087, -0.0029771940317, 0.000931939575821, -0.00121145311277, 0.00138852908276, -0.000225083669648, -0.0030765091069, -0.00492896512151, 0.0177065394819, -0.00357533642091, -0.000473787338706, 0.000850736629218], [0.000685065169819, -0.00295632868074, 0.00105117144994, 0.000885964429472, 0.000384463288356, -0.00106065813452, 0.00313311233185, -0.00058193638688, 0.00181954633445, -0.00357533642091, 0.0209175273776, -0.00965084601194, 0.00278530688956], [0.000132007975481, 0.00258380710147, 0.00102781108581, -0.00248410413042, 0.0022193568293, 0.000983407371677, -0.0042610289529, 0.00252492842264, 0.00293921958655, -0.000473787338706, -0.00965084601194, 0.0212592482567, -0.00591149926186], [-0.000373794464394, 0.00130632834043, -0.00112905702554, 0.00369917484932, -0.00118189305067, 0.00131247914396, 0.00206590280868, -0.00354819744825, 0.000227533266298, 0.000850736629218, 0.00278530688956, -0.00591149926186, 0.023126181215]]
    },
    "melbands": {
        "max": [0.000187710596947, 0.000543014204595, 0.00327113177627, 0.0036735443864, 0.00437125749886, 0.00173576851375, 0.00277118966915, 0.00858956109732, 0.00643886486068, 0.0055374559015, 0.0115557257086, 0.00341020897031, 0.00320329517126, 0.00226190453395, 0.00119129801169, 0.00068137224298, 0.00215397030115, 0.00128377240617, 0.000864903442562, 0.00088620063616, 0.00143070914783, 0.000488795980345, 0.000284994748654, 0.00038903800305, 0.000341133243637, 0.0001360571041, 4.10546708736e-05, 4.04517377319e-05, 1.82378535101e-05, 9.90648914012e-06, 9.74630984274e-06, 9.44770999922e-06, 3.77157471121e-06, 2.82792507278e-06, 9.00696306871e-07, 1.99704615511e-07, 5.83137200749e-08, 2.08664854284e-08, 2.05349905968e-08, 1.33264208557e-08],
        "mean": [1.15994007501e-05, 4.4100877858e-05, 0.000138389194035, 0.000172522544744, 0.000105780098238, 0.000103517406387, 0.000120322234579, 0.000304050045088, 0.000285256304778, 0.00028712610947, 0.00046835638932, 0.000121924967971, 0.000137631970574, 0.000104568702227, 5.53253303224e-05, 4.54004039057e-05, 8.91413728823e-05, 7.29294479243e-05, 6.18200137978e-05, 5.62745262869e-05, 4.252160943e-05, 3.01076288451e-05, 2.22813923756e-05, 1.79777198355e-05, 1.40226475196e-05, 4.96140137329e-06, 3.68958012587e-06, 2.81934262603e-06, 1.33213040954e-06, 7.30053272946e-07, 5.17535113431e-07, 3.35067483093e-07, 1.3097296403e-07, 7.24552933207e-08, 2.87149859446e-08, 1.37039926074e-08, 9.16248321658e-09, 5.10887154803e-09, 4.58202897846e-09, 2.65477329009e-09],
        "min": [7.31675046999e-25, 1.13765693776e-24, 3.61722820087e-24, 4.45444982946e-24, 3.58465061207e-24, 2.60922232783e-24, 3.5416079945e-24, 2.82733763496e-24, 2.4788431445e-24, 3.87895923302e-24, 5.08727049775e-24, 4.76323720346e-24, 2.50917445188e-24, 3.22636892158e-24, 3.84475225202e-24, 3.09127708321e-24, 2.73816657317e-24, 2.71510106916e-24, 5.11959762322e-24, 4.60279670041e-24, 4.73176480879e-24, 6.48169534927e-24, 3.89087694915e-24, 5.43044826292e-24, 5.43901884223e-24, 5.20751419895e-24, 4.0456948461e-24, 4.58191831326e-24, 5.27088812863e-24, 5.97012339097e-24, 7.44150477924e-24, 6.30383758629e-24, 7.48101329995e-24, 6.4904812876e-24, 5.72509688292e-24, 7.36347539166e-24, 7.2343767268e-24, 8.1340505011e-24, 6.67116948351e-24, 6.44362610528e-24],
        "stdev": [2.52629142778e-05, 7.66137673054e-05, 0.000274988182355, 0.00035921993549, 0.000278433988569, 0.000194629799807, 0.000259354535956, 0.000845323840622, 0.000644207000732, 0.0007179036038, 0.00131621351466, 0.000262558169197, 0.00031572196167, 0.000225963594858, 8.63581881276e-05, 6.57502678223e-05, 0.000168750004377, 0.000134439542308, 9.02262254385e-05, 8.93927790457e-05, 0.000100511679193, 5.24411043443e-05, 3.59839068551e-05, 4.01158795285e-05, 3.12183838105e-05, 8.60402269609e-06, 5.25434506926e-06, 5.1762676776e-06, 2.13448333852e-06, 1.0925720062e-06, 9.55960558713e-07, 6.41454107608e-07, 2.4623545869e-07, 1.66528323575e-07, 5.41935207821e-08, 2.01031138403e-08, 6.26443608098e-09, 3.9777328098e-09, 3.79421694063e-09, 2.50275333791e-09]
    },
    "melbands128": {
        "max": [2.71073095064e-05, 5.4382973758e-05, 0.000221096197492, 0.000623363768682, 0.000846971059218, 0.000615534372628, 0.00132221379317, 0.00487455260009, 0.00789447594434, 0.00496866274625, 0.00641093961895, 0.00829404965043, 0.00321229873225, 0.00313669349998, 0.00329717923887, 0.00217017717659, 0.00328287179582, 0.00526410900056, 0.0084249060601, 0.0155043844134, 0.0184771791101, 0.00819669663906, 0.0112924193963, 0.00924648251384, 0.0105353714898, 0.00660306634381, 0.00867352355272, 0.0236557777971, 0.0136168599129, 0.0056383414194, 0.00196235091425, 0.00153647572733, 0.00148120673839, 0.00945175532252, 0.00412825122476, 0.00171910971403, 0.00228597247042, 0.000973698217422, 0.00296824681573, 0.000686427112669, 0.00101145589724, 0.00133467756677, 0.00115932652261, 0.00546874850988, 0.0037018074654, 0.00101338606328, 0.00126936880406, 0.00107427150942, 0.00158194720279, 0.00123417109717, 0.00125922041479, 0.00333940237761, 0.00256025907584, 0.00200040126219, 0.00147742184345, 0.000361448328476, 0.00051019876264, 0.000715938862413, 0.000432421162259, 0.00100114801899, 0.000579390674829, 0.000644617539365, 0.00051781302318, 0.000429252540926, 0.000359350204235, 0.000285736488877, 8.23249865789e-05, 7.73748179199e-05, 4.48042192147e-05, 8.92749303603e-05, 5.93654731347e-05, 4.1682360461e-05, 3.82970611099e-05, 1.9801689632e-05, 1.20519534903e-05, 1.87691912288e-05, 1.58369621204e-05, 1.94619606191e-05, 1.2662680092e-05, 1.60882373166e-05, 1.21839111671e-05, 1.38455479828e-05, 5.71456848775e-06, 2.43437420977e-06, 3.89008346247e-06, 3.53980681211e-06, 2.60598039858e-06, 1.55556392656e-06, 8.42213808028e-07, 7.13170265954e-07, 3.28125395299e-07, 2.22869246613e-07, 1.03356832426e-07, 8.22212768981e-08, 8.71640537525e-08, 2.82524634798e-08, 2.55408210137e-08, 2.38108572859e-08, 2.70350284381e-08, 3.29437526148e-08, 2.87527956999e-08, 2.13795843251e-08, 2.17741646935e-08, 1.91789872872e-08, 8.91331541908e-09, 6.99695146267e-09, 7.54238183021e-09, 8.28034885103e-09, 7.897080323e-09, 7.12381309498e-09, 7.57758122916e-09, 6.21484730345e-09, 6.1441709498e-09, 6.79524614355e-09, 5.9623723736e-09, 6.18151041465e-09, 6.53496856629e-09, 5.76032688215e-09, 5.57333645901e-09, 5.39692868173e-09, 5.26140242485e-09, 5.14794118445e-09, 5.03977926058e-09, 4.9550696879e-09, 4.89516693847e-09, 4.82952389191e-09, 4.788375918e-09, 4.76285588746e-09],
        "mean": [8.40603263441e-07, 3.6727724364e-06, 1.22327483041e-05, 3.35765871569e-05, 4.36129848822e-05, 4.69504047942e-05, 8.16338506411e-05, 0.000155860441737, 0.000247979915002, 0.000177728099516, 0.000120803939353, 0.000133648878546, 8.73988028616e-05, 9.11415772862e-05, 9.80173281278e-05, 0.00011568867194, 0.000123517136672, 0.000127334264107, 0.000101336947409, 0.000227836906561, 0.000506013981067, 0.000287946953904, 0.000199531466933, 0.000305158406263, 0.000433615176007, 0.000148848004756, 0.000277143728454, 0.000798585650045, 0.000317809055559, 0.000106608407805, 8.23820373625e-05, 5.89873852732e-05, 9.27346627577e-05, 0.000285595015157, 0.000113305010018, 4.86775606987e-05, 7.89269397501e-05, 4.24345125793e-05, 5.67956776649e-05, 5.09202072863e-05, 3.68914261344e-05, 4.85178497911e-05, 5.92200558458e-05, 0.00016625043645, 6.3934494392e-05, 5.50805380044e-05, 7.63020580052e-05, 5.11816397193e-05, 6.04792621743e-05, 7.07005165168e-05, 4.87601864734e-05, 5.63316825719e-05, 3.68225191778e-05, 3.50212103513e-05, 5.71900345676e-05, 1.96463570319e-05, 1.75252262125e-05, 3.30804832629e-05, 1.76181274583e-05, 1.63326385518e-05, 2.05930082302e-05, 1.62997675943e-05, 1.77523616003e-05, 1.38047626024e-05, 5.82827442486e-06, 4.72264628115e-06, 4.48129503638e-06, 4.20342848884e-06, 2.8207723517e-06, 4.10021584685e-06, 2.9676093618e-06, 2.25012058763e-06, 2.03219246941e-06, 9.7036797797e-07, 7.38502762943e-07, 9.15768225696e-07, 6.1535530449e-07, 4.81173799471e-07, 5.03906278482e-07, 5.99375709953e-07, 3.61260987347e-07, 2.43621371965e-07, 1.87348788927e-07, 1.15225930131e-07, 8.12326774735e-08, 1.10791027907e-07, 5.48241843035e-08, 3.24217168668e-08, 2.65570836433e-08, 3.04665661588e-08, 1.24853878347e-08, 1.09262847658e-08, 1.01194306268e-08, 6.5240368663e-09, 1.37846178916e-08, 3.96781185685e-09, 3.99551414176e-09, 3.92646848368e-09, 5.21264009734e-09, 5.0566613119e-09, 2.28987695472e-09, 2.23511253949e-09, 2.58385024487e-09, 2.80466805336e-09, 1.083413248e-09, 1.31566479933e-09, 1.11610454212e-09, 1.79723277927e-10, 7.440664751e-11, 7.32935656611e-11, 7.48632614234e-11, 7.09528893972e-11, 7.01479013765e-11, 9.47317016498e-11, 1.48482337536e-10, 1.33277666681e-10, 7.98449500961e-11, 1.56344433927e-11, 6.67016051767e-12, 6.46937885207e-12, 6.30689944714e-12, 6.16935755954e-12, 6.04642724777e-12, 5.94086975794e-12, 5.85150070759e-12, 5.75369309488e-12, 5.6920987021e-12, 5.65980031939e-12],
        "min": [1.39364940125e-24, 2.66897972469e-25, 8.48744519828e-25, 7.1725452174e-25, 1.29860270622e-24, 3.32546557919e-25, 1.672878946e-24, 6.31818173995e-25, 1.6595783567e-24, 1.37652224492e-24, 1.95970936278e-24, 1.64358518793e-24, 2.57515398913e-24, 2.79021995443e-24, 1.60904777281e-24, 3.08906768103e-24, 3.95854504317e-24, 1.13801212238e-24, 1.44856092418e-24, 1.23001598368e-24, 1.48164229928e-24, 2.66696359343e-24, 1.80481553796e-24, 1.1135649285e-24, 1.94070530914e-24, 1.471670703e-24, 3.28167379028e-24, 1.13403971468e-24, 3.40338339226e-24, 1.2668888215e-24, 2.73189966492e-24, 2.22422901823e-24, 9.23273534355e-25, 9.34141473831e-25, 3.55064755161e-24, 2.20312797509e-24, 1.30726637111e-24, 2.03035501229e-24, 2.88485821672e-24, 1.50481725773e-24, 1.69383898025e-24, 2.73273408254e-24, 2.03205204931e-24, 1.65520116475e-24, 1.33774489966e-24, 8.60340282096e-25, 2.29065228974e-24, 3.59506436488e-24, 2.38794053303e-24, 3.46971949464e-24, 3.15228462739e-24, 3.63980185011e-24, 2.78869607237e-24, 4.3999135085e-24, 3.77474124111e-24, 2.51649784209e-24, 4.89653458049e-24, 5.09640747919e-24, 2.21535157203e-24, 1.89398837469e-24, 2.10970041707e-24, 5.79555005037e-24, 3.59227771373e-24, 3.51687641626e-24, 3.67279082987e-24, 2.62086433707e-24, 4.39665827397e-24, 5.62744379146e-24, 1.78610198235e-24, 3.37323707276e-24, 3.07141435448e-24, 3.900340519e-24, 4.16116909427e-24, 3.97908461456e-24, 5.92741682814e-24, 4.07803183233e-24, 5.89237286572e-24, 4.86267943145e-24, 6.07159101933e-24, 4.46493024102e-24, 3.98109384328e-24, 4.02720986294e-24, 3.06522199358e-24, 6.60132058352e-24, 4.63067543923e-24, 5.48835420324e-24, 4.53253680388e-24, 4.0653201277e-24, 4.18961817952e-24, 4.21424996686e-24, 3.83737324711e-24, 6.27314379733e-24, 5.11424401869e-24, 5.69499986723e-24, 4.84327897521e-24, 5.61998037844e-24, 5.95302088655e-24, 4.88762321328e-24, 4.99413836814e-24, 4.82118140353e-24, 3.93229372439e-24, 5.62076253403e-24, 4.77152537056e-24, 6.99487224508e-24, 6.83756785856e-24, 5.49921011259e-24, 5.3777089671e-24, 6.33172618587e-24, 5.14175002073e-24, 3.92307233484e-24, 5.94639090507e-24, 5.34005742496e-24, 4.60022974702e-24, 6.17557866386e-24, 5.00327416629e-24, 7.03459849141e-24, 6.59069936029e-24, 6.60392382451e-24, 6.31352124833e-24, 4.93306554572e-24, 6.85120647475e-24, 5.48727583038e-24, 7.15478618349e-24, 6.67062280291e-24, 7.29764652684e-24, 6.6819611007e-24, 6.44544719068e-24, 6.56668091231e-24],
        "stdev": [1.66636846188e-06, 4.44148963652e-06, 2.75133297691e-05, 8.82943641045e-05, 0.000100322569779, 7.63243588153e-05, 0.00015354687639, 0.000372275157133, 0.000591134652495, 0.000396094110329, 0.000406907434808, 0.000474785483675, 0.000229437253438, 0.000211051141378, 0.000262843066594, 0.000239590299316, 0.000251115008723, 0.000408714142395, 0.000315001321724, 0.000749984872527, 0.00172485492658, 0.000898429716472, 0.000775471213274, 0.00103267491795, 0.00143028586172, 0.000475007895147, 0.000852032680996, 0.00250207865611, 0.00110518350266, 0.00032560445834, 0.000209858539165, 0.000138512419653, 0.000176112938789, 0.000851150020026, 0.000330676382873, 0.000113164496724, 0.000182588060852, 9.23580155359e-05, 0.000125573540572, 8.89209622983e-05, 7.82189599704e-05, 0.00010997109348, 0.000101442019513, 0.000408727966715, 0.000212460538023, 0.000121901284729, 0.000169810722582, 9.44906278164e-05, 0.000118985153676, 0.000125235499581, 0.000101542012999, 0.000179361188202, 0.000163713513757, 0.000102326892375, 0.000142541146488, 3.56993950845e-05, 3.75939744117e-05, 6.85369377607e-05, 3.574171933e-05, 4.85979071527e-05, 5.42809539184e-05, 5.39733264304e-05, 4.34694084106e-05, 3.5200297134e-05, 1.65149358509e-05, 1.21030834634e-05, 7.67114033806e-06, 7.5365005614e-06, 5.21923857377e-06, 9.32007787924e-06, 6.32351247987e-06, 4.3731633923e-06, 3.98258771384e-06, 1.82205280908e-06, 1.23422773868e-06, 1.53526855229e-06, 1.11469034891e-06, 1.16580019949e-06, 9.92142986433e-07, 1.36208643653e-06, 8.03588648068e-07, 5.83234793794e-07, 4.00545019374e-07, 2.26009206017e-07, 2.13426005757e-07, 2.93992002298e-07, 1.31481669996e-07, 9.23070473391e-08, 5.5459995707e-08, 4.88327991377e-08, 2.98143056909e-08, 1.86641262445e-08, 1.16923564164e-08, 7.25513693567e-09, 1.02074624309e-08, 4.38218838994e-09, 4.38748726239e-09, 4.55121185183e-09, 4.93330398754e-09, 4.6658477082e-09, 3.02894997972e-09, 2.94022584058e-09, 2.92484414466e-09, 2.85930967792e-09, 1.07553810302e-09, 7.86010256881e-10, 6.98521629428e-10, 2.62259797212e-10, 2.39255504297e-10, 2.16869314174e-10, 2.30746907692e-10, 1.91724594534e-10, 1.90935725564e-10, 2.07310391076e-10, 2.09156261755e-10, 2.08651845801e-10, 1.97929297951e-10, 1.66435129567e-10, 1.60950419659e-10, 1.55855703343e-10, 1.51943013726e-10, 1.48666357003e-10, 1.45542730645e-10, 1.43096423599e-10, 1.41366265916e-10, 1.39471906246e-10, 1.38283773321e-10, 1.37546266044e-10]
    },
    "mfcc": {
        "mean": [-737.204101562, 150.040115356, -73.5670700073, 11.9713382721, -18.4784660339, -3.49235916138, -11.8440542221, -0.280346989632, 2.54837799072, 1.86794626713, -2.66743922234, -4.82697868347, -6.64222717285],
        "cov": [[14300.6152344, 4125.35595703, -2852.08959961, 1209.36730957, -764.097717285, -19.3389453888, -432.633636475, -239.138442993, -253.708099365, -327.955108643, -230.436462402, -270.864135742, -249.0887146], [4125.35595703, 1451.28100586, -807.614013672, 341.641479492, -232.657348633, -64.4114227295, -148.461608887, -133.071594238, -58.0194168091, -98.5343704224, -56.7034454346, -75.0727767944, -70.989112854], [-2852.08959961, -807.614013672, 1295.95556641, -318.755462646, 346.569122314, 32.7663154602, 147.270202637, 48.4918518066, 12.1647539139, 87.9594573975, 66.9110183716, 52.3331794739, 66.5940856934], [1209.36730957, 341.641479492, -318.755462646, 454.571899414, -42.7554092407, 41.1818122864, -9.15755176544, -50.2706108093, -68.1367645264, -87.1691970825, -48.549911499, -28.2968788147, -31.9810390472], [-764.097717285, -232.657348633, 346.569122314, -42.7554092407, 289.273742676, 5.36832809448, 40.1131782532, -16.2567214966, -12.1715545654, 34.7249107361, 1.52768409252, 7.25030326843, 11.8865509033], [-19.3389453888, -64.4114227295, 32.7663154602, 41.1818122864, 5.36832809448, 169.43170166, 37.3166236877, 41.0942382812, -56.9830703735, -30.4253826141, -12.4672288895, -21.8624286652, 1.28526425362], [-432.633636475, -148.461608887, 147.270202637, -9.15755176544, 40.1131782532, 37.3166236877, 147.578857422, 41.0387878418, 12.4869308472, -11.2195339203, 11.8021411896, 15.863035202, 7.06720733643], [-239.138442993, -133.071594238, 48.4918518066, -50.2706108093, -16.2567214966, 41.0942382812, 41.0387878418, 118.661056519, 21.1280136108, 17.6040630341, 10.1630220413, 15.3776445389, 11.3248243332], [-253.708099365, -58.0194168091, 12.1647539139, -68.1367645264, -12.1715545654, -56.9830703735, 12.4869308472, 21.1280136108, 180.287414551, 90.2140655518, 58.2790756226, 20.5121555328, -15.0671844482], [-327.955108643, -98.5343704224, 87.9594573975, -87.1691970825, 34.7249107361, -30.4253826141, -11.2195339203, 17.6040630341, 90.2140655518, 154.123138428, 44.6592483521, 22.0223484039, -6.64161157608], [-230.436462402, -56.7034454346, 66.9110183716, -48.549911499, 1.52768409252, -12.4672288895, 11.8021411896, 10.1630220413, 58.2790756226, 44.6592483521, 85.4189987183, 22.6867828369, 4.14345264435], [-270.864135742, -75.0727767944, 52.3331794739, -28.2968788147, 7.25030326843, -21.8624286652, 15.863035202, 15.3776445389, 20.5121555328, 22.0223484039, 22.6867828369, 76.2094726562, 26.2999763489], [-249.0887146, -70.989112854, 66.5940856934, -31.9810390472, 11.8865509033, 1.28526425362, 7.06720733643, 11.3248243332, -15.0671844482, -6.64161157608, 4.14345264435, 26.2999763489, 67.2590713501]],
        "icov": [[0.000544556765817, -0.00137794984039, 0.000332539028022, -0.000202955969144, -0.000132501561893, -0.000216760410694, 8.42945082695e-05, -0.000725160585716, 0.000281262240605, -0.000148939623614, 3.76772841264e-05, 0.000228976670769, 0.000233845654293], [-0.00137794984039, 0.00477835442871, -0.00034709033207, 5.48969765077e-05, 0.000678233103827, 0.000945601030253, 0.000106319923361, 0.00255291466601, -0.000459268427221, 0.00046622462105, -0.000330552458763, -8.03626680863e-05, -0.000274028832791], [0.000332539028022, -0.00034709033207, 0.00201356038451, 0.000576226389967, -0.00153184588999, -0.000189492508071, -0.000868666276801, -0.00014807783009, 0.000710022461135, -0.000306615052978, -0.000816489802673, 0.000245257891947, -0.000380743702408], [-0.000202955969144, 5.48969765077e-05, 0.000576226389967, 0.00351040950045, -0.000594679499045, -0.000939249701332, -0.000770199170802, 0.00123707880266, 0.000123888923554, 0.000953909009695, 0.000450939347502, -0.000781103444751, 0.000800224486738], [-0.000132501561893, 0.000678233103827, -0.00153184588999, -0.000594679499045, 0.00577367795631, 0.000248413882218, -0.000620876962785, 0.00177729257848, 0.000589175673667, -0.00150518375449, 0.00107369897887, 0.000274199381238, 9.93158391793e-06], [-0.000216760410694, 0.000945601030253, -0.000189492508071, -0.000939249701332, 0.000248413882218, 0.0088582970202, -0.00152830127627, -0.0029986272566, 0.00312350434251, -0.000241976653342, -0.00128766743001, 0.00300679611973, -3.19743048749e-05], [8.42945082695e-05, 0.000106319923361, -0.000868666276801, -0.000770199170802, -0.000620876962785, -0.00152830127627, 0.00972651783377, -0.00249795662239, -0.00191429792903, 0.00265451287851, -0.000409149972256, -0.0016455744626, 0.000957723881584], [-0.000725160585716, 0.00255291466601, -0.00014807783009, 0.00123707880266, 0.00177729257848, -0.0029986272566, -0.00249795662239, 0.0132718905807, -0.00171660585329, -0.000912441231776, 0.00105024327058, -0.00182317371946, -0.00131168623921], [0.000281262240605, -0.000459268427221, 0.000710022461135, 0.000123888923554, 0.000589175673667, 0.00312350434251, -0.00191429792903, -0.00171660585329, 0.011058411561, -0.00464398274198, -0.0045066466555, 0.000604171364103, 0.00229924637824], [-0.000148939623614, 0.00046622462105, -0.000306615052978, 0.000953909009695, -0.00150518375449, -0.000241976653342, 0.00265451287851, -0.000912441231776, -0.00464398274198, 0.0114036295563, -0.00195791758597, -0.00187807530165, 0.001783725922], [3.76772841264e-05, -0.000330552458763, -0.000816489802673, 0.000450939347502, 0.00107369897887, -0.00128766743001, -0.000409149972256, 0.00105024327058, -0.0045066466555, -0.00195791758597, 0.0171902477741, -0.00323383416981, -0.000482894130982], [0.000228976670769, -8.03626680863e-05, 0.000245257891947, -0.000781103444751, 0.000274199381238, 0.00300679611973, -0.0016455744626, -0.00182317371946, 0.000604171364103, -0.00187807530165, -0.00323383416981, 0.018560282886, -0.00658551650122], [0.000233845654293, -0.000274028832791, -0.000380743702408, 0.000800224486738, 9.93158391793e-06, -3.19743048749e-05, 0.000957723881584, -0.00131168623921, 0.00229924637824, 0.001783725922, -0.000482894130982, -0.00658551650122, 0.0196173023432]]
    },
    "spectral_contrast_coeffs": {
        "max": [-0.35199034214, -0.466114550829, -0.480567038059, -0.626248419285, -0.58950740099, -0.492563962936],
        "mean": [-0.728451550007, -0.777553737164, -0.76446378231, -0.804827272892, -0.787099003792, -0.680739581585],
        "min": [-0.975380897522, -0.980312228203, -0.968222618103, -0.968689799309, -0.966350615025, -0.962493419647],
        "stdev": [0.0926584973931, 0.0851471573114, 0.0798460543156, 0.0596089549363, 0.0618797205389, 0.0874153003097]
    },
    "spectral_contrast_valleys": {
        "max": [-6.16837978363, -4.85376024246, -5.33832168579, -5.73716592789, -6.30683660507, -11.1242523193],
        "mean": [-8.62398529053, -7.4199962616, -7.75895595551, -7.79624319077, -8.42488574982, -13.2606983185],
        "min": [-27.4573173523, -27.7189331055, -27.6741352081, -27.5385627747, -27.4587497711, -27.3001937866],
        "stdev": [2.81183314323, 2.93989086151, 2.85993003845, 2.85386228561, 2.7219171524, 1.97218477726]
    }
},
"rhythm": {
    "beats_count": 62,
    "beats_loudness": {
        "max": 0.0738984420896,
        "mean": 0.0214615818113,
        "min": 1.24490251441e-09,
        "stdev": 0.0189795512706
    },
    "bpm": 129.798110962,
    "bpm_histogram_first_peak_bpm": 129,
    "bpm_histogram_first_peak_weight": 0.352941215038,
    "bpm_histogram_second_peak_bpm": 157,
    "bpm_histogram_second_peak_spread": 0,
    "bpm_histogram_second_peak_weight": 0.147540986538,
    "danceability": 1.05334508419,
    "onset_rate": 2.59046053886,
    "beats_loudness_band_ratio": {
        "max": [0.96678173542, 0.585603237152, 0.925204694271, 0.826637983322, 0.516494870186, 0.0723040625453],
        "mean": [0.183243572712, 0.0891401618719, 0.355342030525, 0.269456624985, 0.175359398127, 0.0213571190834],
        "min": [0.000850211596116, 5.16828804393e-05, 0.000327621499309, 0.000908825662918, 0.001415473409, 0.00179676455446],
        "stdev": [0.261126697063, 0.110594667494, 0.276532232761, 0.18708498776, 0.130285665393, 0.0173851642758]
    },
