{
"metadata": {
    "version": {
        "essentia": "2.1-beta5",
        "essentia_git_sha": "Undefined",
        "extractor": "music 2.0"
    },
    "audio_properties": {
        "analysis": {
            "equal_loudness": 0,
            "length": 31.7416782379,
            "sample_rate": 44100,
            "start_time": 191.4949646,
            "downmix": "mix"
        },
        "bit_rate": 192000,
        "length": 223.259857178,
        "lossless": 0,
        "number_channels": 2,
        "replay_gain": -2.10796737671,
        "sample_rate": 44100,
        "codec": "mp3",
        "md5_encoded": "ec9417442bb9266d3dc2c5ae96ff9be5"
    },
    "tags": {
        "file_name": "Israel_Halaylah_Habibi.mp3",
        "encoding": ["Lavf58.29.100"]
    }
},
"lowlevel": {
    "average_loudness": 0.76094186306,
    "barkbands_crest": {
        "max": 19.7625026703,
        "mean": 6.73153829575,
        "min": 2.52540254593,
        "stdev": 2.62024402618
    },
    "barkbands_flatness_db": {
        "max": 0.221586763859,
        "mean": 0.121471993625,
        "min": 0.0459713004529,
        "stdev": 0.0367662012577
    },
    "barkbands_kurtosis": {
        "max": 6.12629795074,
        "mean": 0.825898528099,
        "min": -1.63628137112,
        "stdev": 1.8066842556
    },
    "barkbands_skewness": {
        "max": 1.90307152271,
        "mean": -0.450239181519,
        "min": -2.24960899353,
        "stdev": 1.0704202652
    },
    "barkbands_spread": {
        "max": 65.3790893555,
        "mean": 23.2419128418,
        "min": 6.30598115921,
        "stdev": 8.07538509369
    },
    "dissonance": {
        "max": 0.500000178814,
        "mean": 0.485235840082,
        "min": 0.399947881699,
        "stdev": 0.0135941645131
    },
    "dynamic_complexity": 3.68866062164,
    "erbbands_crest": {
        "max": 30.2729721069,
        "mean": 7.01323652267,
        "min": 2.51593494415,
        "stdev": 4.62995243073
    },
    "erbbands_flatness_db": {
        "max": 0.299802958965,
        "mean": 0.18175855279,
        "min": 0.0814931690693,
        "stdev": 0.0631691068411
    },
    "erbbands_kurtosis": {
        "max": 13.5626487732,
        "mean": 0.260066270828,
        "min": -1.55830550194,
        "stdev": 1.2638053894
    },
    "erbbands_skewness": {
        "max": 1.3988263607,
        "mean": -0.321092069149,
        "min": -2.63202857971,
        "stdev": 0.499276280403
    },
    "erbbands_spread": {
        "max": 66.6176757812,
        "mean": 29.4696617126,
        "min": 6.9616394043,
        "stdev": 11.1390514374
    },
    "hfc": {
        "max": 115.044113159,
        "mean": 20.4888744354,
        "min": 1.04297575545e-16,
        "stdev": 21.9222984314
    },
    "loudness_ebu128": {
        "integrated": -21.6024265289,
        "loudness_range": 8.06930541992,
        "momentary": {
            "max": -18.7108745575,
            "mean": -110.347679138,
            "min": -300.691009521,
            "stdev": 128.081237793
        },
        "short_term": {
            "max": -20.4329338074,
            "mean": -94.0004501343,
            "min": -300.691009521,
            "stdev": 119.452102661
        }
    },
    "melbands_crest": {
        "max": 22.4002895355,
        "mean": 6.33505582809,
        "min": 1.53347992897,
        "stdev": 3.97575640678
    },
    "melbands_flatness_db": {
        "max": 0.201440781355,
        "mean": 0.0844175741076,
        "min": 0.00295366370119,
        "stdev": 0.058971606195
    },
    "melbands_kurtosis": {
        "max": 11.6992759705,
        "mean": 0.429269045591,
        "min": -1.61662781239,
        "stdev": 2.16765117645
    },
    "melbands_skewness": {
        "max": 3.33103728294,
        "mean": 0.593332648277,
        "min": -0.95992320776,
        "stdev": 0.763281941414
    },
    "melbands_spread": {
        "max": 163.902999878,
        "mean": 67.8934326172,
        "min": 13.2587366104,
        "stdev": 45.3235931396
    },
    "pitch_salience": {
        "max": 0.874676704407,
        "mean": 0.695448756218,
        "min": 0.358641505241,
        "stdev": 0.116486079991
    },
    "silence_rate_20dB": {
        "max": 1,
        "mean": 1,
        "min": 1,
        "stdev": 0
    },
    "silence_rate_30dB": {
        "max": 1,
        "mean": 1,
        "min": 1,
        "stdev": 0
    },
    "silence_rate_60dB": {
        "max": 1,
        "mean": 0.388888895512,
        "min": 0,
        "stdev": 0.487497270107
    },
    "spectral_centroid": {
        "max": 11794.8330078,
        "mean": 4896.99853516,
        "min": 1014.89501953,
        "stdev": 4195.28759766
    },
    "spectral_complexity": {
        "max": 52,
        "mean": 17.7909355164,
        "min": 0,
        "stdev": 15.2245864868
    },
    "spectral_decrease": {
        "max": 2.33911775095e-28,
        "mean": -2.98299629442e-09,
        "min": -1.94281142285e-08,
        "stdev": 3.07892622509e-09
    },
    "spectral_energy": {
        "max": 0.080424927175,
        "mean": 0.0131169212982,
        "min": 9.82666253127e-21,
        "stdev": 0.0134636387229
    },
    "spectral_energyband_high": {
        "max": 0.00804017297924,
        "mean": 0.000798017717898,
        "min": 6.81128546813e-21,
        "stdev": 0.00112538342364
    },
    "spectral_energyband_low": {
        "max": 0.00530383037403,
        "mean": 0.000339014572091,
        "min": 1.27845188549e-23,
        "stdev": 0.000626918335911
    },
    "spectral_energyband_middle_high": {
        "max": 0.0397265516222,
        "mean": 0.00701278541237,
        "min": 1.14103305102e-21,
        "stdev": 0.00773566169664
    },
    "spectral_energyband_middle_low": {
        "max": 0.0539505667984,
        "mean": 0.00518058193848,
        "min": 1.167609939e-22,
        "stdev": 0.00673057604581
    },
    "spectral_entropy": {
        "max": 9.83213329315,
        "mean": 8.39211368561,
        "min": 6.76440620422,
        "stdev": 0.985554099083
    },
    "spectral_flux": {
        "max": 0.199840739369,
        "mean": 0.0531706511974,
        "min": 6.14793355114e-11,
        "stdev": 0.0457304902375
    },
    "spectral_kurtosis": {
        "max": 21.6285934448,
        "mean": 2.10459589958,
        "min": -1.27529609203,
        "stdev": 3.44614553452
    },
    "spectral_rms": {
        "max": 0.00885795336217,
        "mean": 0.00275388313457,
        "min": 3.09628624823e-12,
        "stdev": 0.0022832187824
    },
    "spectral_rolloff": {
        "max": 19853.6132812,
        "mean": 7821.38085938,
        "min": 818.26171875,
        "stdev": 7587.4921875
    },
    "spectral_skewness": {
        "max": 2.91712141037,
        "mean": 0.809997022152,
        "min": -0.0990805104375,
        "stdev": 0.649746596813
    },
    "spectral_spread": {
        "max": 42814120,
        "mean": 15250414,
        "min": 1626464.375,
        "stdev": 17296242
    },
    "spectral_strongpeak": {
        "max": 14.938211441,
        "mean": 1.48674607277,
        "min": 0,
        "stdev": 2.35037970543
    },
    "zerocrossingrate": {
        "max": 0.53662109375,
        "mean": 0.220728829503,
        "min": 0.0283203125,
        "stdev": 0.192230209708
    },
    "barkbands": {
        "max": [9.97244787868e-05, 0.00180295249447, 0.00214421702549, 0.00693060597405, 0.0271668788046, 0.0120782731101, 0.0164697095752, 0.0131837315857, 0.0213781856, 0.0134297348559, 0.0100403325632, 0.00718538044021, 0.00836028903723, 0.0129312649369, 0.0181638393551, 0.0331969857216, 0.00943877920508, 0.0106509821489, 0.00417175702751, 0.00475172931328, 0.0032619049307, 0.00279345363379, 0.0022121660877, 0.00100913096685, 0.000202249473659, 3.14825160785e-06, 3.24899724546e-06],
        "mean": [1.7109282453e-06, 6.46565604256e-05, 0.000144406920299, 0.000296131504001, 0.00107569491956, 0.000861567736138, 0.000998527277261, 0.000457203364931, 0.00130002771039, 0.000557018211111, 0.000526354298927, 0.00056226371089, 0.000575127720367, 0.000596418103669, 0.00137858279049, 0.0011633959366, 0.000607431982644, 0.000616637524217, 0.000329680711729, 0.000332451076247, 0.000247676594881, 0.000188611506019, 0.000145794285345, 7.8100070823e-05, 1.1403897588e-05, 4.76546340167e-08, 2.87970913782e-09],
        "min": [6.2737898251e-26, 1.43698251685e-24, 3.68174351368e-25, 2.45734214888e-25, 3.45734068931e-24, 6.95284015833e-24, 4.05593347179e-24, 3.97306008382e-24, 1.68387614033e-23, 7.22137551022e-24, 7.79866470952e-24, 1.82846030253e-23, 9.84551263396e-24, 2.72350693431e-23, 2.40894801726e-23, 3.99190754857e-23, 5.28326180636e-23, 7.85490828325e-23, 1.14358174069e-22, 1.47689831856e-22, 1.8070899975e-22, 3.04870632279e-22, 3.17556803056e-22, 4.43867115985e-22, 8.54101443888e-22, 1.22657354299e-21, 1.78802056623e-21],
        "stdev": [4.76557625007e-06, 0.000149348386913, 0.000308571237838, 0.000655661220662, 0.00215265806764, 0.00154842529446, 0.0019645858556, 0.000899082573596, 0.00229897792451, 0.00119152094703, 0.000933929579332, 0.000908942660317, 0.000954375311267, 0.00116404064465, 0.00249086669646, 0.00343510136008, 0.000953880429734, 0.0010594164487, 0.000523832917679, 0.000510397774633, 0.000375562114641, 0.000315070297802, 0.000255126826232, 0.000143416749779, 2.15794680116e-05, 1.26207964968e-07, 8.7802582982e-08]
    },
    "erbbands": {
        "max": [0.0168911367655, 0.494118750095, 2.38163399696, 13.4505319595, 78.4554443359, 74.080947876, 125.841430664, 129.173019409, 183.487411499, 389.532348633, 459.519073486, 484.799041748, 567.600097656, 323.230773926, 330.489837646, 366.738708496, 344.33505249, 506.539398193, 908.097351074, 644.130187988, 2274.05541992, 655.164855957, 720.541442871, 245.908309937, 305.539794922, 317.157592773, 137.875228882, 98.5877380371, 131.917861938, 100.160186768, 49.3418579102, 27.8788337708, 12.1755056381, 3.76401638985, 0.841314673424, 0.0244580097497, 0.00579680688679, 0.00203279149719, 0.000464098295197, 9.8688826256e-05],
        "mean": [0.000659829413053, 0.0208054650575, 0.158168554306, 0.61605578661, 2.45371723175, 3.72588896751, 5.55372047424, 7.06955862045, 9.91533660889, 14.906668663, 13.9905338287, 26.6666545868, 25.3224391937, 21.1330833435, 18.6764068604, 22.8046417236, 25.7131881714, 32.1027259827, 49.634098053, 57.9948730469, 71.640083313, 42.5116920471, 35.5350761414, 21.2966117859, 18.7865943909, 13.5795211792, 10.6345663071, 8.66138935089, 7.69343709946, 4.97616577148, 3.72498011589, 2.52551865578, 0.826245129108, 0.231136471033, 0.0349526852369, 0.00162851484492, 0.000129998850753, 2.03582403628e-05, 1.188326587e-05, 1.81437189894e-05],
        "min": [5.28060271402e-23, 3.60815486474e-22, 1.14291076716e-21, 2.77086299913e-21, 4.45446978448e-21, 1.18459121885e-20, 1.55922075282e-20, 5.7639489584e-20, 5.20579526915e-20, 1.2579045435e-19, 2.09999831777e-19, 2.787825105e-19, 3.96778609959e-19, 4.05858881736e-19, 6.53655387435e-19, 8.21746501218e-19, 1.1942750966e-18, 1.64626488467e-18, 1.46178778824e-18, 2.44015551007e-18, 2.45413279447e-18, 3.41592567798e-18, 4.82543254958e-18, 5.66377348296e-18, 6.52125868444e-18, 7.11088874149e-18, 6.98472301857e-18, 8.35374498265e-18, 9.41064275029e-18, 1.0871521467e-17, 9.38033485265e-18, 9.20205013368e-18, 8.95759841034e-18, 7.64301320237e-18, 5.67292003258e-18, 3.86433015509e-18, 1.99671080792e-18, 8.74496377567e-19, 2.22835762029e-19, 2.55686697219e-20],
        "stdev": [0.00127503997646, 0.0473279356956, 0.341582089663, 1.24109232426, 5.98638820648, 7.10406112671, 10.7324142456, 13.8312883377, 19.0117416382, 32.6981544495, 26.4855823517, 48.7291564941, 52.3561058044, 35.174282074, 28.9714756012, 37.7620658875, 40.7808456421, 56.6157455444, 82.3421325684, 92.6706695557, 228.051513672, 63.318157196, 65.1639099121, 28.7269382477, 28.410364151, 22.1695346832, 15.7063436508, 12.8257102966, 13.2070112228, 9.09893989563, 6.34742069244, 4.64482402802, 1.49285829067, 0.425277262926, 0.0731046944857, 0.00285037769936, 0.000236019463046, 5.96819445491e-05, 1.73750395334e-05, 1.85910248547e-05]
    },
    "gfcc": {
        "mean": [-422.825836182, 58.0345573425, -134.909317017, 22.1839733124, -57.5268707275, 3.76284313202, -31.8324337006, -4.25629425049, -8.24943161011, -10.8331298828, -4.68298530579, -10.5128612518, 0.510929763317],
        "cov": [[341468.71875, 23823.3671875, -53401.9882812, 9828.6875, -23533.8417969, 1485.81140137, -12874.8691406, -1872.67175293, -3234.12255859, -4715.64990234, -1774.07202148, -4585.96777344, 309.345153809], [23823.3671875, 2232.51489258, -3616.51098633, 759.290710449, -1512.63793945, -43.459197998, -869.66809082, -195.574661255, -275.519287109, -348.807434082, -121.8516922, -376.766113281, -17.0243301392], [-53401.9882812, -3616.51098633, 8899.96679688, -1130.77514648, 3601.02563477, -241.151428223, 1986.89355469, 263.156341553, 509.743103027, 634.967407227, 274.898193359, 624.552978516, -40.2351455688], [9828.6875, 759.290710449, -1130.77514648, 673.816894531, -720.522949219, 17.2220668793, -398.372955322, -91.0366973877, -92.9601135254, -230.00843811, -53.6156044006, -219.832824707, 22.0360412598], [-23533.8417969, -1512.63793945, 3601.02563477, -720.522949219, 1773.89013672, -115.812492371, 903.318969727, 137.259109497, 224.883117676, 346.909057617, 97.2432098389, 338.835632324, -35.8089294434], [1485.81140137, -43.459197998, -241.151428223, 17.2220668793, -115.812492371, 137.156341553, -52.0840301514, 25.109292984, 11.5595979691, -17.6898593903, -11.5921621323, 3.20140480995, 1.67025053501], [-12874.8691406, -869.66809082, 1986.89355469, -398.372955322, 903.318969727, -52.0840301514, 533.787231445, 81.5076522827, 116.398948669, 184.919250488, 71.1840667725, 172.391830444, -19.1865158081], [-1872.67175293, -195.574661255, 263.156341553, -91.0366973877, 137.259109497, 25.109292984, 81.5076522827, 72.1022415161, 46.1685905457, 30.755197525, -2.28343749046, 49.7345809937, 0.245775312185], [-3234.12255859, -275.519287109, 509.743103027, -92.9601135254, 224.883117676, 11.5595979691, 116.398948669, 46.1685905457, 82.8205032349, 50.7942466736, 16.0511684418, 49.0348892212, 6.50046920776], [-4715.64990234, -348.807434082, 634.967407227, -230.00843811, 346.909057617, -17.6898593903, 184.919250488, 30.755197525, 50.7942466736, 135.837493896, 33.2693252563, 92.6767196655, -12.5492563248], [-1774.07202148, -121.8516922, 274.898193359, -53.6156044006, 97.2432098389, -11.5921621323, 71.1840667725, -2.28343749046, 16.0511684418, 33.2693252563, 60.4409065247, 20.4417972565, -1.11465358734], [-4585.96777344, -376.766113281, 624.552978516, -219.832824707, 338.835632324, 3.20140480995, 172.391830444, 49.7345809937, 49.0348892212, 92.6767196655, 20.4417972565, 127.469825745, 2.9288277626], [309.345153809, -17.0243301392, -40.2351455688, 22.0360412598, -35.8089294434, 1.67025053501, -19.1865158081, 0.245775312185, 6.50046920776, -12.5492563248, -1.11465358734, 2.9288277626, 34.5082893372]],
        "icov": [[0.000835104787257, -0.00150255777407, 0.00280161062256, -0.00278890086338, 0.00254265568219, -0.00143318215851, 0.00114110519644, -0.00115925970022, 2.65643884632e-05, -0.000554664758965, 0.000985577935353, -0.000512838654686, 3.92216643377e-05], [-0.00150255777407, 0.00552977016196, -0.00370325776748, 0.00347283133306, -0.0059143807739, 0.00474939309061, -0.00200372259133, 0.00286612543277, 0.000717046088539, 0.00207985425368, -0.00213915691711, 0.00211142748594, 0.00253338855691], [0.00280161062256, -0.00370325776748, 0.0114012015983, -0.0115949362516, 0.00657799514011, -0.00366100436077, 0.000347336288542, -0.00230168760754, -0.00137657334562, -0.000847305171192, 0.00246083876118, -0.00225211284123, 0.00119030452333], [-0.00278890086338, 0.00347283133306, -0.0115949362516, 0.0166784096509, -0.00676502333954, 0.00340612442233, 0.00153744628187, 0.00328283081762, 0.000220678208279, 0.00523323146626, -0.00271125254221, 0.00664453487843, -0.00259892782196], [0.00254265568219, -0.0059143807739, 0.00657799514011, -0.00676502333954, 0.0162554960698, -0.00322271580808, -0.00217463751324, -0.000553414109163, -0.00432942388579, -0.00304146832787, 0.00790956988931, -0.00732623459771, 0.00268428609706], [-0.00143318215851, 0.00474939309061, -0.00366100436077, 0.00340612442233, -0.00322271580808, 0.0140355145559, -0.00318054389209, 0.000768625119235, -0.00377553305589, 0.00331311137415, -0.00108606962021, -0.00239425525069, 0.00503383297473], [0.00114110519644, -0.00200372259133, 0.000347336288542, 0.00153744628187, -0.00217463751324, -0.00318054389209, 0.0283289290965, -0.0119058256969, 0.00889601651579, -0.00274904374965, -0.00517468433827, 0.00771613139659, -0.00155918952078], [-0.00115925970022, 0.00286612543277, -0.00230168760754, 0.00328283081762, -0.000553414109163, 0.000768625119235, -0.0119058256969, 0.0357885099947, -0.0189525019377, 0.00729581713676, 0.00673568015918, -0.0119610372931, 0.00699613662437], [2.65643884632e-05, 0.000717046088539, -0.00137657334562, 0.000220678208279, -0.00432942388579, -0.00377553305589, 0.00889601651579, -0.0189525019377, 0.0349843874574, -0.00758479116485, -0.00507513433695, 0.0102960821241, -0.011245271191], [-0.000554664758965, 0.00207985425368, -0.000847305171192, 0.00523323146626, -0.00304146832787, 0.00331311137415, -0.00274904374965, 0.00729581713676, -0.00758479116485, 0.0263163167983, -0.0043428670615, -0.00746719771996, 0.00826412811875], [0.000985577935353, -0.00213915691711, 0.00246083876118, -0.00271125254221, 0.00790956988931, -0.00108606962021, -0.00517468433827, 0.00673568015918, -0.00507513433695, -0.0043428670615, 0.0258329454809, -0.00327029684559, 0.000534003134817], [-0.000512838654686, 0.00211142748594, -0.00225211284123, 0.00664453487843, -0.00732623459771, -0.00239425525069, 0.00771613139659, -0.0119610372931, 0.0102960821241, -0.00746719771996, -0.00327029684559, 0.0341634228826, -0.0120013169944], [3.92216643377e-05, 0.00253338855691, 0.00119030452333, -0.00259892782196, 0.00268428609706, 0.00503383297473, -0.00155918952078, 0.00699613662437, -0.011245271191, 0.00826412811875, 0.000534003134817, -0.0120013169944, 0.0407087802887]]
    },
    "melbands": {
        "max": [0.000331862887833, 0.000971394474618, 0.00357007514685, 0.00610810425133, 0.00377599918284, 0.00261411978863, 0.00240028323606, 0.00359461735934, 0.00484606530517, 0.00336733786389, 0.00280776177533, 0.00118677457795, 0.00153013598174, 0.000942658050917, 0.000910167058464, 0.000889803923201, 0.00105258473195, 0.00170014589094, 0.00199621869251, 0.0012626722455, 0.00290303002112, 0.000744279939681, 0.000574945181143, 0.000393965718104, 0.000215715233935, 0.000191510494915, 0.000227089447435, 0.000292656652164, 6.86968778609e-05, 0.000141858196002, 4.76478671771e-05, 0.000109808213892, 5.47343843209e-05, 6.16934630671e-05, 2.90782627417e-05, 2.91149863187e-05, 1.93771375052e-05, 9.98987525236e-06, 5.68375571675e-06, 2.49329423241e-06],
        "mean": [1.1395317415e-05, 6.55473268125e-05, 0.000155491303303, 0.000237775209825, 0.000181583178346, 0.000160999989021, 0.000170224084286, 0.000144219957292, 0.000119409203762, 0.000184150441783, 0.00012402520224, 8.28635966172e-05, 6.49273351883e-05, 5.7908542658e-05, 6.12656367593e-05, 6.19929560344e-05, 5.65692971577e-05, 6.17496261839e-05, 0.000125876671518, 5.52150049771e-05, 8.21985086077e-05, 4.26842234447e-05, 3.10081668431e-05, 2.88893133984e-05, 1.59165483637e-05, 1.28932852022e-05, 1.46038528328e-05, 7.66397715779e-06, 6.15383987679e-06, 7.01440831108e-06, 4.10449092669e-06, 5.04010040459e-06, 2.68629128186e-06, 2.86177669295e-06, 2.09277891372e-06, 2.02675187211e-06, 1.38353721013e-06, 6.1700615106e-07, 3.1459100569e-07, 1.50567998958e-07],
        "min": [6.56181255584e-25, 1.03648690717e-24, 7.58532654682e-25, 7.51314774614e-25, 7.40426374058e-25, 1.12607261397e-24, 6.70947992173e-25, 1.08669011378e-24, 1.55605318188e-24, 2.07807281401e-24, 1.86009102159e-24, 1.55716163006e-24, 1.43960616961e-24, 2.02558792584e-24, 2.31442579641e-24, 2.44309965967e-24, 2.06110895189e-24, 2.19920299765e-24, 2.85706487209e-24, 2.99449292204e-24, 2.39572797067e-24, 2.41882246531e-24, 3.43374822622e-24, 3.22255911784e-24, 3.23743289299e-24, 4.24359440924e-24, 4.2180648982e-24, 4.4234038141e-24, 3.9586270847e-24, 3.01049378221e-24, 3.95704107985e-24, 4.89903842501e-24, 5.1581847544e-24, 4.76633190479e-24, 4.69700720287e-24, 5.24708622297e-24, 4.62401942534e-24, 5.31755516764e-24, 4.13553150928e-24, 5.30946934336e-24],
        "stdev": [2.50079538091e-05, 0.000133778376039, 0.000323037500493, 0.000491923477966, 0.000332017079927, 0.000301899330225, 0.000316814985126, 0.000304632209009, 0.000236861058511, 0.000344655214576, 0.000261676002992, 0.000141767188325, 0.000108387168439, 0.000103746227978, 0.000102750811493, 0.000104857521364, 0.000107377156382, 0.00012069249351, 0.000256432482274, 0.000121721401229, 0.000286978611257, 7.28510640329e-05, 5.36982952326e-05, 5.0657614338e-05, 2.30283039855e-05, 2.20046258619e-05, 2.43315480475e-05, 1.51594786075e-05, 8.94365985005e-06, 1.23346962937e-05, 6.08876143815e-06, 9.39895380725e-06, 4.80949211124e-06, 5.78296658205e-06, 3.64545803677e-06, 3.69426993529e-06, 2.68114877144e-06, 1.11579572604e-06, 6.12848623405e-07, 2.89845047519e-07]
    },
    "melbands128": {
        "max": [3.72101276298e-05, 5.8671223087e-05, 0.000382322381483, 0.00106351461727, 0.00148704345338, 0.00106729415711, 0.00277036591433, 0.00352555164136, 0.00937130767852, 0.00809785258025, 0.00463817967102, 0.0041773179546, 0.00580206047744, 0.0032446088735, 0.0042723393999, 0.0049719423987, 0.00498584657907, 0.00257348176092, 0.00684047536924, 0.0076274103485, 0.00247356924228, 0.00482927961275, 0.00671305321157, 0.00808909069747, 0.00283164251596, 0.00659955758601, 0.00635018199682, 0.00480131711811, 0.00250172172673, 0.0019924947992, 0.0021615147125, 0.00267295516096, 0.00300955609418, 0.00137566402555, 0.0014724524226, 0.00160719291307, 0.00226376228966, 0.00160401768517, 0.00196542055346, 0.00138828600757, 0.00145290466025, 0.00187509099487, 0.00177410629112, 0.00152134511154, 0.00308500835672, 0.00311950640753, 0.00260533997789, 0.0044472143054, 0.00127656257246, 0.00199569575489, 0.00230342615396, 0.00166467949748, 0.00731784570962, 0.000981720280834, 0.000601705745794, 0.0013858092716, 0.00107440527063, 0.000409589614719, 0.000978711759672, 0.00146514154039, 0.000710438471287, 0.000450001563877, 0.000280202628346, 0.000244025373831, 0.000654087169096, 0.000266383198323, 0.00040426524356, 0.000318804901326, 0.000350670539774, 0.000158429975272, 0.000555792474188, 0.000214768166188, 0.000107424304588, 0.000112593275844, 0.000100836819911, 0.000309802795528, 0.000141483091284, 0.00013683034922, 7.31011750759e-05, 4.2624262278e-05, 0.000183105032193, 0.000123909543618, 6.3556675741e-05, 7.68377212808e-05, 7.19419913366e-05, 3.66763015336e-05, 0.000117402203614, 6.81408200762e-05, 3.78827498935e-05, 3.56808195647e-05, 4.62800344394e-05, 2.8358097552e-05, 2.46657291427e-05, 3.45612170349e-05, 2.36601154029e-05, 1.11337840281e-05, 1.27379371406e-05, 7.94771585788e-06, 8.88959675649e-06, 4.30631735071e-06, 2.99011117022e-06, 3.05342382489e-06, 3.14579892802e-06, 2.35911556956e-06, 4.98881092881e-07, 2.19399893808e-07, 1.18874382338e-07, 3.67579140459e-08, 2.28488712395e-08, 2.07049541956e-08, 1.98328571344e-08, 1.90432363212e-08, 1.82726438425e-08, 1.76227992199e-08, 1.69237974745e-08, 1.6271942016e-08, 1.57603441409e-08, 1.52539882947e-08, 1.47498342429e-08, 1.44023175608e-08, 1.40646276847e-08, 1.37049589455e-08, 1.34654776218e-08, 1.31516939561e-08, 1.29896875478e-08, 1.28503865326e-08, 1.27217756329e-08, 1.26579946524e-08],
        "mean": [9.77237050392e-07, 2.50112680078e-06, 9.3802509582e-06, 3.96364666813e-05, 7.64848955441e-05, 6.58618664602e-05, 0.000109967353637, 0.000159102506586, 0.000258001004113, 0.000289771414828, 0.000198730122065, 0.000132686036523, 0.000199129572138, 0.000210170503124, 0.000170036641066, 0.000118787887914, 0.000134637346491, 0.00014301695046, 0.000278818624793, 0.000175674736965, 6.41064907541e-05, 8.53440069477e-05, 0.000142945034895, 0.000136911170557, 0.000138384668389, 0.000238210574025, 0.000202753974008, 9.42310362007e-05, 7.94816151028e-05, 7.12045439286e-05, 9.37891090871e-05, 8.97187419469e-05, 5.4923366406e-05, 5.50303484488e-05, 5.81940621487e-05, 5.87547947362e-05, 5.3027208196e-05, 8.33614831208e-05, 4.4303953473e-05, 4.67896243208e-05, 6.95295457263e-05, 7.89826735854e-05, 5.82001448493e-05, 4.2133135139e-05, 4.98942499689e-05, 5.34176906513e-05, 7.54284192226e-05, 0.000217812805204, 8.53655656101e-05, 3.04735694954e-05, 5.30087309016e-05, 5.59236978006e-05, 0.000171840190887, 3.56229647878e-05, 2.16648695641e-05, 6.36826807749e-05, 4.14857822761e-05, 1.95933989744e-05, 3.28410678776e-05, 4.1984480049e-05, 2.62236881099e-05, 2.25695166591e-05, 1.82841977221e-05, 1.13248834168e-05, 1.78175650944e-05, 1.08784179247e-05, 1.12379166239e-05, 1.62812430062e-05, 1.82889198186e-05, 7.76130855229e-06, 7.81135986472e-06, 7.17707962394e-06, 6.00491284786e-06, 5.94932271269e-06, 5.7684433159e-06, 9.08206766326e-06, 6.27631561656e-06, 4.93580728289e-06, 3.67095867659e-06, 3.15060242428e-06, 6.37517541691e-06, 5.291983598e-06, 2.73106707027e-06, 2.5863528208e-06, 2.6800530577e-06, 2.13899625123e-06, 4.05733999287e-06, 2.10756502383e-06, 1.79020776159e-06, 1.99797523237e-06, 2.38321558754e-06, 1.96502151084e-06, 1.52687709942e-06, 1.61175057656e-06, 1.18877426303e-06, 6.45178033665e-07, 5.65230891425e-07, 4.12092106217e-07, 3.54687756499e-07, 2.31482019331e-07, 1.89480431345e-07, 1.44357287013e-07, 9.53969063744e-08, 6.09585342204e-08, 2.36031372225e-08, 1.08051327885e-08, 3.24688786968e-09, 9.72645630704e-10, 4.10584510835e-10, 3.66636693228e-10, 2.38924907636e-10, 1.95155419602e-10, 1.22790916324e-10, 1.14626551306e-10, 9.79493014475e-11, 5.84240572588e-11, 1.42156798486e-11, 1.34680036221e-11, 1.30465733703e-11, 1.27496234056e-11, 1.24617096156e-11, 1.2170917052e-11, 1.19454689196e-11, 1.16680545434e-11, 1.15342553217e-11, 1.14184113553e-11, 1.13181955128e-11, 1.12527192425e-11],
        "min": [1.45050027092e-26, 1.55883721993e-25, 2.23433388269e-25, 1.07431120985e-25, 2.30878706796e-25, 2.14269906038e-25, 6.63632071486e-26, 1.58109776534e-25, 9.1721387466e-26, 1.37135444178e-25, 7.01557114172e-26, 1.37569798388e-25, 7.83887445362e-26, 4.27089688517e-25, 4.18291917272e-25, 2.94064788975e-25, 2.45921372138e-25, 7.32557535833e-25, 3.155995577e-25, 5.92393617662e-25, 3.67483851557e-25, 5.7432880154e-25, 7.03852563821e-25, 2.4436970739e-25, 4.3384938831e-25, 4.85607686289e-25, 3.19552416436e-25, 6.22500001071e-25, 7.66865491031e-25, 6.03616051507e-25, 6.27326745127e-25, 6.69751043661e-25, 4.71210333819e-25, 6.92428329495e-25, 3.0842205745e-25, 3.46369989428e-25, 6.36497253151e-25, 8.4664614982e-25, 7.6212468351e-25, 8.01494611226e-25, 7.20339165095e-25, 1.28115458211e-24, 1.36366499546e-24, 3.88654708885e-25, 1.13515851666e-24, 7.27178835662e-25, 4.8698400205e-25, 9.50400981771e-25, 1.02556571958e-24, 1.45302755323e-24, 1.94250272871e-24, 1.06095401979e-24, 1.52089937058e-24, 7.32718118331e-25, 1.38544120492e-24, 8.56434040109e-25, 1.74405806269e-24, 1.53769727609e-24, 1.73062159211e-24, 1.34534606751e-24, 2.16480452067e-24, 7.66714621383e-25, 2.11933240872e-24, 1.57061890685e-24, 1.82352652977e-24, 1.9157315506e-24, 1.74987847566e-24, 1.41608657754e-24, 1.79470352445e-24, 2.06312251935e-24, 2.02676924504e-24, 2.41265593962e-24, 2.22871231197e-24, 2.57287556162e-24, 2.64048764652e-24, 2.25483346869e-24, 1.76291302161e-24, 2.88265137834e-24, 1.48266683238e-24, 1.82336126341e-24, 2.95693229611e-24, 2.43872976469e-24, 1.87232230993e-24, 2.46800143465e-24, 2.43659786809e-24, 3.20729465932e-24, 2.81047021108e-24, 3.0270233764e-24, 2.96597500867e-24, 2.77191443712e-24, 3.22329611114e-24, 3.44446095731e-24, 3.06462995348e-24, 2.19525770705e-24, 3.55998293156e-24, 3.52887262405e-24, 3.35861040829e-24, 2.62703539871e-24, 2.34916486409e-24, 4.17487003047e-24, 3.43704645366e-24, 4.01091712423e-24, 4.02506928887e-24, 3.67231159687e-24, 3.8323450477e-24, 3.64420763826e-24, 3.16368248418e-24, 4.15923520176e-24, 4.60348813699e-24, 4.3129092504e-24, 3.6921522375e-24, 3.83097519074e-24, 4.13067567598e-24, 4.47892187246e-24, 3.9267878697e-24, 4.61968976226e-24, 4.57824064372e-24, 4.75839241421e-24, 3.88087222072e-24, 4.32246235596e-24, 4.76531072435e-24, 4.89296261831e-24, 4.96244706457e-24, 5.16897321614e-24, 4.68214861329e-24, 4.65142563648e-24, 4.92223290777e-24, 5.25873809297e-24],
        "stdev": [2.27760119742e-06, 4.57299938716e-06, 2.42491259996e-05, 9.58726377576e-05, 0.000185055658221, 0.000135745416628, 0.000241842397372, 0.000376897776732, 0.000730253115762, 0.000667533837259, 0.000411413202528, 0.000292118435027, 0.000444083358161, 0.000411542714573, 0.000409416621551, 0.000284333451418, 0.000366650347132, 0.000286986934952, 0.00062585726846, 0.000518320128322, 0.000155600049766, 0.000217890483327, 0.000330924842274, 0.000331385468598, 0.000316846504575, 0.000563014415093, 0.000600935949478, 0.000296911137411, 0.000198724330403, 0.000174034532392, 0.000199747111765, 0.000205525720958, 0.000147110578837, 0.000113663452794, 0.000128637562739, 0.000138969975524, 0.000134382076794, 0.000158212365932, 0.000110331529868, 0.000110279499495, 0.00013639612007, 0.000174347282154, 0.000143087090692, 0.000103658079752, 0.00014675888815, 0.000154902983923, 0.000190734222997, 0.000537357875146, 0.000168693848536, 0.000107557607407, 0.000184705728316, 0.000144493023981, 0.000744581979234, 9.1430338216e-05, 4.98141234857e-05, 0.000130846674438, 8.14392697066e-05, 3.9540896978e-05, 7.99721528892e-05, 0.00012134170538, 6.65904954076e-05, 5.01054782944e-05, 3.29463655362e-05, 1.97545741685e-05, 4.60321607534e-05, 2.32375223277e-05, 2.55761533481e-05, 3.2297863072e-05, 3.64973093383e-05, 1.41721657201e-05, 2.28726366913e-05, 1.5411307686e-05, 9.72817633738e-06, 1.03378315544e-05, 1.01409314084e-05, 2.11137612496e-05, 1.13236410471e-05, 8.95288212632e-06, 6.49040384815e-06, 5.10850804858e-06, 1.3992620552e-05, 1.05459721453e-05, 4.99730595038e-06, 5.45676357433e-06, 5.51710490981e-06, 3.92744368582e-06, 1.04654227471e-05, 4.66313576908e-06, 3.20273784382e-06, 3.84762961403e-06, 4.74955822938e-06, 3.73272837351e-06, 3.0315704862e-06, 3.49072638528e-06, 2.44824013862e-06, 1.18175864827e-06, 1.15497641673e-06, 8.25878373689e-07, 7.80735717854e-07, 4.61643651306e-07, 3.65718562989e-07, 3.03219252373e-07, 2.26001901638e-07, 1.69350286683e-07, 5.11053563912e-08, 2.23802363308e-08, 8.35862490334e-09, 2.49567899679e-09, 1.21627896643e-09, 1.12994846813e-09, 8.25015999961e-10, 7.74841912854e-10, 5.98382621231e-10, 5.6338239629e-10, 5.25860743839e-10, 4.65954275164e-10, 4.25917717761e-10, 4.12230610758e-10, 3.98605426444e-10, 3.89211107787e-10, 3.80088349683e-10, 3.70365127456e-10, 3.63896274225e-10, 3.55412949071e-10, 3.51036422153e-10, 3.4727282161e-10, 3.43798045588e-10, 3.42075229254e-10]
    },
    "mfcc": {
        "mean": [-833.654724121, 63.0450515747, -31.7478580475, 4.00331544876, -11.1428861618, -2.48517179489, -12.8731422424, -1.40129673481, -6.24961185455, -0.52867680788, -5.4897608757, -2.1596903801, -5.62082672119],
        "cov": [[93907.9921875, 12442.5175781, -5679.86230469, 1270.80712891, -2400.05029297, -559.83770752, -2752.07470703, -279.482177734, -1429.25476074, -62.2134284973, -1209.11242676, -511.776428223, -1372.61401367], [12442.5175781, 2432.90625, -1134.1550293, 226.224838257, -314.697479248, -78.0298156738, -343.095489502, -77.7332458496, -208.299636841, -36.9336204529, -127.597122192, -65.4564819336, -160.403564453], [-5679.86230469, -1134.1550293, 1086.22631836, 219.307418823, 208.663085938, 49.590259552, 181.488677979, 46.6526222229, 68.2875289917, -5.91538000107, 64.5817718506, -5.54080486298, 28.9865665436], [1270.80712891, 226.224838257, 219.307418823, 352.984649658, 19.865442276, -5.99179840088, -16.3694839478, -23.3326435089, -41.584777832, -21.9830741882, -14.1757774353, -48.926322937, -49.2037086487], [-2400.05029297, -314.697479248, 208.663085938, 19.865442276, 142.581573486, 37.4983825684, 67.5328140259, 32.3801193237, 54.7187843323, 0.481229484081, 31.6347007751, 10.49015522, 44.565322876], [-559.83770752, -78.0298156738, 49.590259552, -5.99179840088, 37.4983825684, 58.4896774292, 31.5996303558, 7.60846853256, 14.344871521, -0.889002561569, 12.9035263062, 1.92591607571, 7.02388620377], [-2752.07470703, -343.095489502, 181.488677979, -16.3694839478, 67.5328140259, 31.5996303558, 126.649017334, 14.7400016785, 31.7059059143, 0.529099106789, 43.6952629089, 16.1095199585, 26.8023891449], [-279.482177734, -77.7332458496, 46.6526222229, -23.3326435089, 32.3801193237, 7.60846853256, 14.7400016785, 66.7504196167, 35.5450973511, 2.30661678314, 2.31199479103, 6.09695482254, 18.9651260376], [-1429.25476074, -208.299636841, 68.2875289917, -41.584777832, 54.7187843323, 14.344871521, 31.7059059143, 35.5450973511, 75.3619842529, 14.3938913345, 14.5475950241, 6.62613677979, 33.077671051], [-62.2134284973, -36.9336204529, -5.91538000107, -21.9830741882, 0.481229484081, -0.889002561569, 0.529099106789, 2.30661678314, 14.3938913345, 37.0038871765, 9.88650989532, 2.7771115303, -2.48179507256], [-1209.11242676, -127.597122192, 64.5817718506, -14.1757774353, 31.6347007751, 12.9035263062, 43.6952629089, 2.31199479103, 14.5475950241, 9.88650989532, 50.1751441956, 19.9096412659, 11.6342916489], [-511.776428223, -65.4564819336, -5.54080486298, -48.926322937, 10.49015522, 1.92591607571, 16.1095199585, 6.09695482254, 6.62613677979, 2.7771115303, 19.9096412659, 45.7155342102, 25.9622440338], [-1372.61401367, -160.403564453, 28.9865665436, -49.2037086487, 44.565322876, 7.02388620377, 26.8023891449, 18.9651260376, 33.077671051, -2.48179507256, 11.6342916489, 25.9622440338, 79.5843734741]],
        "icov": [[0.000158283539349, -0.000268777541351, 0.000125318721985, -0.00039709219709, 0.000808959070127, -0.000831079320051, 0.00168800936081, -0.00128102477174, 0.00100651639514, -0.000761738163419, 0.00106664455961, -0.000655539566651, 0.000870048883371], [-0.000268777541351, 0.00286894245073, 0.00245784036815, -0.00232804496773, -0.000629364571068, 0.000323959393427, -0.000817549647763, 7.64131036703e-05, 0.000309085415211, 0.00193416839465, -0.00255257915705, 0.000533573620487, -0.000475916138384], [0.000125318721985, 0.00245784036815, 0.00482730614021, -0.00476544350386, -8.80353472894e-05, -0.00135717459489, 0.00167602777947, -0.00377867883071, 0.00271524954587, -4.14421811001e-05, 4.06145154557e-05, -0.00125423201825, 0.00218920828775], [-0.00039709219709, -0.00232804496773, -0.00476544350386, 0.00962833222002, -0.00479605514556, 0.00427880324423, -0.00508130015805, 0.00651442119852, -0.00233047618531, 0.0027617700398, -0.00243482319638, 0.00614489335567, -0.00197948818095], [0.000808959070127, -0.000629364571068, -8.80353472894e-05, -0.00479605514556, 0.0216942150146, -0.0103346472606, 0.00780763057992, -0.00893594510853, -0.00105982460082, -0.00198848149739, 0.00128929235507, -0.00289453193545, -0.000851142278407], [-0.000831079320051, 0.000323959393427, -0.00135717459489, 0.00427880324423, -0.0103346472606, 0.0270429793745, -0.0132958963513, 0.00775500107557, -0.00609551602975, 0.0051990551874, -0.00618010340258, 0.00519824726507, -0.00260773999617], [0.00168800936081, -0.000817549647763, 0.00167602777947, -0.00508130015805, 0.00780763057992, -0.0132958963513, 0.035956826061, -0.0150530133396, 0.011553443037, -0.00435942783952, 0.000792840204667, -0.00625849654898, 0.00898064859211], [-0.00128102477174, 7.64131036703e-05, -0.00377867883071, 0.00651442119852, -0.00893594510853, 0.00775500107557, -0.0150530133396, 0.0332265160978, -0.0190519280732, 0.00745416106656, -0.0042736902833, 0.00321722403169, -0.00733898067847], [0.00100651639514, 0.000309085415211, 0.00271524954587, -0.00233047618531, -0.00105982460082, -0.00609551602975, 0.011553443037, -0.0190519280732, 0.0368950255215, -0.0139264315367, 0.00531007768586, 0.00153788807802, 0.000286500027869], [-0.000761738163419, 0.00193416839465, -4.14421811001e-05, 0.0027617700398, -0.00198848149739, 0.0051990551874, -0.00435942783952, 0.00745416106656, -0.0139264315367, 0.0380714274943, -0.0142430122942, 0.00344771984965, 0.000762406270951], [0.00106664455961, -0.00255257915705, 4.06145154557e-05, -0.00243482319638, 0.00128929235507, -0.00618010340258, 0.000792840204667, -0.0042736902833, 0.00531007768586, -0.0142430122942, 0.0453309826553, -0.0189342088997, 0.00920542515814], [-0.000655539566651, 0.000533573620487, -0.00125423201825, 0.00614489335567, -0.00289453193545, 0.00519824726507, -0.00625849654898, 0.00321722403169, 0.00153788807802, 0.00344771984965, -0.0189342088997, 0.0398425124586, -0.0142330070958], [0.000870048883371, -0.000475916138384, 0.00218920828775, -0.00197948818095, -0.000851142278407, -0.00260773999617, 0.00898064859211, -0.00733898067847, 0.000286500027869, 0.000762406270951, 0.00920542515814, -0.0142330070958, 0.0272241160274]]
    },
    "spectral_contrast_coeffs": {
        "max": [-0.407607704401, -0.616428613663, -0.535611987114, -0.542480230331, -0.658055305481, -0.615054368973],
        "mean": [-0.764423668385, -0.847493827343, -0.829557657242, -0.82564085722, -0.832373738289, -0.791800141335],
        "min": [-0.984875917435, -0.986928582191, -0.979066312313, -0.972868144512, -0.971429526806, -0.966137647629],
        "stdev": [0.148715108633, 0.0938378423452, 0.104001328349, 0.10978076607, 0.0928518846631, 0.11882648617]
    },
    "spectral_contrast_valleys": {
        "max": [-5.82852602005, -4.91752195358, -5.46413135529, -5.49373006821, -5.70415258408, -8.58646202087],
        "mean": [-14.1413192749, -13.1380252838, -13.4569883347, -13.5203390121, -13.5759544373, -15.7870855331],
        "min": [-28.0283546448, -28.1751060486, -28.0992507935, -27.6585655212, -27.6015529633, -27.4298095703],
        "stdev": [9.03205013275, 9.68017101288, 9.47027111053, 9.41706466675, 9.40216636658, 7.91127729416]
    }
},
"rhythm": {
    "beats_count": 62,
    "beats_loudness": {
        "max": 0.0660142749548,
        "mean": 0.016907831654,
        "min": 0,
        "stdev": 0.0159264281392
    },
    "bpm": 127.987243652,
    "bpm_histogram_first_peak_bpm": 129,
    "bpm_histogram_first_peak_weight": 0.384615361691,
    "bpm_histogram_second_peak_bpm": 115,
    "bpm_histogram_second_peak_spread": 0,
    "bpm_histogram_second_peak_weight": 0.0819672122598,
    "danceability": 0.815067410469,
    "onset_rate": 2.26748180389,
    "beats_loudness_band_ratio": {
        "max": [0.236003056169, 0.454663693905, 0.488504558802, 0.523890852928, 0.684985697269, 0.364658206701],
        "mean": [0.056830316782, 0.0902589038014, 0.144160598516, 0.150282114744, 0.192294389009, 0.0734424516559],
        "min": [0, 0, 0, 0, 0, 0],
        "stdev": [0.0723953545094, 0.107286222279, 0.130357295275, 0.162929028273, 0.166971459985, 0.0821242704988]
    },
    "beats_position": [0.49922901392, 1.02167797089, 1.54412698746, 2.04335594177, 2.51936507225, 2.9837641716, 3.45977306366, 3.92417216301, 4.38857126236, 4.86458063126, 5.34058952332, 5.80498838425, 6.26938772202, 6.73378658295, 7.20979595184, 7.67419481277, 8.15020370483, 8.62621307373, 9.10222244263, 9.56662082672, 10.0310201645, 10.4954195023, 10.95981884, 11.4474372864, 11.9118366241, 12.3762359619, 12.840634346, 13.3166437149, 13.8042631149, 14.2918815613, 14.8607711792, 15.4180498123, 15.9753284454, 16.5442180634, 17.1247158051, 17.7052154541, 18.2973232269, 18.877822876, 19.4931507111, 20.1084804535, 20.7238082886, 21.339138031, 21.9660758972, 22.4885253906, 23.010974884, 23.5334243774, 24.009431839, 24.4854412079, 24.9614505768, 25.4258499146, 25.8902492523, 26.3546485901, 26.830657959, 27.3066654205, 27.7826747894, 28.2470741272, 28.711473465, 29.1758728027, 29.6402721405, 30.1046714783, 30.5690689087, 31.0334682465],
