{
"metadata": {
    "version": {
        "essentia": "2.1-beta5",
        "essentia_git_sha": "Undefined",
        "extractor": "music 2.0"
    },
    "audio_properties": {
        "analysis": {
            "equal_loudness": 0,
            "length": 29.0017242432,
            "sample_rate": 44100,
            "start_time": 0,
            "downmix": "mix"
        },
        "bit_rate": 192000,
        "length": 171.432922363,
        "lossless": 0,
        "number_channels": 2,
        "replay_gain": -10.4665546417,
        "sample_rate": 44100,
        "codec": "mp3",
        "md5_encoded": "10739f6ad0d5abd2362d615dea837c83"
    },
    "tags": {
        "file_name": "Ireland_Horoscopes_Sheeba.mp3",
        "encoding": ["Lavf58.29.100"]
    }
},
"lowlevel": {
    "average_loudness": 0.0882547423244,
    "barkbands_crest": {
        "max": 23.9488868713,
        "mean": 11.1763553619,
        "min": 2.42248225212,
        "stdev": 4.55815839767
    },
    "barkbands_flatness_db": {
        "max": 0.348018705845,
        "mean": 0.171857371926,
        "min": 0.0164483189583,
        "stdev": 0.0602782703936
    },
    "barkbands_kurtosis": {
        "max": 37.4644393921,
        "mean": 2.95931768417,
        "min": -1.78771030903,
        "stdev": 5.15216684341
    },
    "barkbands_skewness": {
        "max": 5.7748131752,
        "mean": 1.11781346798,
        "min": -2.43097639084,
        "stdev": 1.11678099632
    },
    "barkbands_spread": {
        "max": 85.0776977539,
        "mean": 20.2224349976,
        "min": 2.19502949715,
        "stdev": 14.4077119827
    },
    "dissonance": {
        "max": 0.499998837709,
        "mean": 0.441763073206,
        "min": 0.248238474131,
        "stdev": 0.0450939647853
    },
    "dynamic_complexity": 9.70868110657,
    "erbbands_crest": {
        "max": 29.8614349365,
        "mean": 12.0719833374,
        "min": 2.20264077187,
        "stdev": 5.38113594055
    },
    "erbbands_flatness_db": {
        "max": 0.382047206163,
        "mean": 0.211601153016,
        "min": 0.0530733689666,
        "stdev": 0.0584399551153
    },
    "erbbands_kurtosis": {
        "max": 20.879283905,
        "mean": 0.948202133179,
        "min": -1.83845818043,
        "stdev": 3.2596206665
    },
    "erbbands_skewness": {
        "max": 3.24098992348,
        "mean": 0.468259334564,
        "min": -3.32460641861,
        "stdev": 0.936261773109
    },
    "erbbands_spread": {
        "max": 95.0419540405,
        "mean": 30.3622379303,
        "min": 3.63464093208,
        "stdev": 15.617650032
    },
    "hfc": {
        "max": 86.987449646,
        "mean": 7.48947191238,
        "min": 1.19783270115e-16,
        "stdev": 13.3124303818
    },
    "loudness_ebu128": {
        "integrated": -15.9436330795,
        "loudness_range": 17.6106987,
        "momentary": {
            "max": -9.12046909332,
            "mean": -23.7167778015,
            "min": -48.3122253418,
            "stdev": 8.73236179352
        },
        "short_term": {
            "max": -11.1476964951,
            "mean": -21.2356357574,
            "min": -34.5507049561,
            "stdev": 5.68350791931
        }
    },
    "melbands_crest": {
        "max": 32.4351806641,
        "mean": 15.0276441574,
        "min": 1.00227046013,
        "stdev": 6.16863822937
    },
    "melbands_flatness_db": {
        "max": 0.398279160261,
        "mean": 0.199499353766,
        "min": 3.23575335415e-07,
        "stdev": 0.068520270288
    },
    "melbands_kurtosis": {
        "max": 108.698318481,
        "mean": 6.84309196472,
        "min": -1.90811920166,
        "stdev": 9.28169155121
    },
    "melbands_skewness": {
        "max": 9.07465648651,
        "mean": 1.79581272602,
        "min": -0.708922863007,
        "stdev": 1.26789653301
    },
    "melbands_spread": {
        "max": 222.631881714,
        "mean": 29.2474060059,
        "min": 2.91981053352,
        "stdev": 26.6033496857
    },
    "pitch_salience": {
        "max": 0.996018052101,
        "mean": 0.543946444988,
        "min": 0.158346131444,
        "stdev": 0.118331082165
    },
    "silence_rate_20dB": {
        "max": 1,
        "mean": 1,
        "min": 1,
        "stdev": 0
    },
    "silence_rate_30dB": {
        "max": 1,
        "mean": 0.997600018978,
        "min": 0,
        "stdev": 0.0489309243858
    },
    "silence_rate_60dB": {
        "max": 1,
        "mean": 0.598399996758,
        "min": 0,
        "stdev": 0.490223109722
    },
    "spectral_centroid": {
        "max": 11126.3544922,
        "mean": 1584.63195801,
        "min": 287.999298096,
        "stdev": 964.907409668
    },
    "spectral_complexity": {
        "max": 43,
        "mean": 6.86479997635,
        "min": 0,
        "stdev": 8.23184490204
    },
    "spectral_decrease": {
        "max": 8.3310366883e-29,
        "mean": -2.41415198943e-09,
        "min": -3.11194234826e-08,
        "stdev": 4.40362946108e-09
    },
    "spectral_energy": {
        "max": 0.124956183136,
        "mean": 0.00979088246822,
        "min": 1.05578586888e-20,
        "stdev": 0.0177338421345
    },
    "spectral_energyband_high": {
        "max": 0.00396396592259,
        "mean": 0.00010427054076,
        "min": 7.92262039255e-21,
        "stdev": 0.000290937925456
    },
    "spectral_energyband_low": {
        "max": 0.0311921685934,
        "mean": 0.000504398427438,
        "min": 4.18340858202e-23,
        "stdev": 0.00215437286533
    },
    "spectral_energyband_middle_high": {
        "max": 0.0474907420576,
        "mean": 0.00228089164011,
        "min": 1.35964329579e-21,
        "stdev": 0.00537734199315
    },
    "spectral_energyband_middle_low": {
        "max": 0.114393144846,
        "mean": 0.00730562536046,
        "min": 2.4702652919e-22,
        "stdev": 0.0133488420397
    },
    "spectral_entropy": {
        "max": 9.80426025391,
        "mean": 7.15720701218,
        "min": 5.78932571411,
        "stdev": 0.555215835571
    },
    "spectral_flux": {
        "max": 0.288152605295,
        "mean": 0.0357933342457,
        "min": 7.01899996458e-11,
        "stdev": 0.0416089557111
    },
    "spectral_kurtosis": {
        "max": 39.1764030457,
        "mean": 5.92462015152,
        "min": -1.44926857948,
        "stdev": 4.63303279877
    },
    "spectral_rms": {
        "max": 0.0110412174836,
        "mean": 0.00217694696039,
        "min": 3.20941580603e-12,
        "stdev": 0.00219385209493
    },
    "spectral_rolloff": {
        "max": 19121.484375,
        "mean": 2123.56811523,
        "min": 107.666015625,
        "stdev": 1969.78063965
    },
    "spectral_skewness": {
        "max": 5.07242393494,
        "mean": 1.65828204155,
        "min": -0.216689795256,
        "stdev": 0.680898368359
    },
    "spectral_spread": {
        "max": 41299128,
        "mean": 4171494.5,
        "min": 1357733,
        "stdev": 2363656.5
    },
    "spectral_strongpeak": {
        "max": 8.27672100067,
        "mean": 0.908128201962,
        "min": 0,
        "stdev": 1.06293344498
    },
    "zerocrossingrate": {
        "max": 0.5126953125,
        "mean": 0.0729468762875,
        "min": 0.01171875,
        "stdev": 0.052110593766
    },
    "barkbands": {
        "max": [0.000198123831069, 0.00725160166621, 0.0163478553295, 0.0245227199048, 0.0872253552079, 0.0230157822371, 0.048369333148, 0.0306991748512, 0.0423693545163, 0.0316098406911, 0.0170246791095, 0.00788545515388, 0.00912357773632, 0.0220515150577, 0.0127287032083, 0.0103168562055, 0.00787954125553, 0.00340094859712, 0.00346066686325, 0.00350381666794, 0.00147085485514, 0.000567952985875, 0.00266162538901, 0.000813478720374, 0.000152440217789, 2.58689510702e-06, 2.29124239581e-07],
        "mean": [2.8720089631e-06, 8.87041678652e-05, 0.000196000022697, 0.000491754850373, 0.0015196998138, 0.00163630500901, 0.00100945483427, 0.000663403538056, 0.00158771558199, 0.00060580536956, 0.000430567597505, 0.000156410009367, 0.000109903121484, 0.000206999582588, 0.000180217670277, 0.00032495369669, 0.000218686531298, 0.000134191330289, 8.85166955413e-05, 7.36680231057e-05, 3.04179702653e-05, 1.17170493468e-05, 1.39922067319e-05, 7.25213567421e-06, 1.19419655675e-06, 4.87394231641e-07, 4.87131668336e-10],
        "min": [2.82783363125e-24, 2.06510469015e-23, 7.835577089e-24, 1.87091506096e-23, 3.12140774381e-23, 3.43156323928e-23, 1.90858869121e-23, 8.9691741541e-24, 4.49629353623e-23, 2.99078058206e-23, 4.92411931085e-23, 2.94107161652e-23, 6.60919404644e-23, 8.40939419591e-23, 5.92441734232e-23, 7.77492599161e-23, 1.88527860877e-22, 1.45508839712e-22, 2.16889063872e-22, 2.41964061662e-22, 3.89733688377e-22, 4.529235421e-22, 5.24402317074e-22, 8.53644535651e-22, 9.22381204876e-22, 1.75333976697e-21, 2.45047954968e-21],
        "stdev": [6.97648692949e-06, 0.000421372038545, 0.00100094848312, 0.0021357468795, 0.00521771144122, 0.00310321664438, 0.00350953009911, 0.00214830669574, 0.00413250271231, 0.00262985914014, 0.00164870312437, 0.000547420990188, 0.00047542701941, 0.00103982840665, 0.000754477630835, 0.0010446124943, 0.000636935583316, 0.000343846797477, 0.00022261540289, 0.000291097036097, 9.62994454312e-05, 3.87094769394e-05, 8.32432197058e-05, 4.09195927205e-05, 4.74137323181e-06, 1.62534746551e-07, 6.52660370193e-09]
    },
    "erbbands": {
        "max": [0.0914157554507, 1.95043599606, 13.657075882, 50.3826408386, 291.574493408, 218.588363647, 215.041259766, 222.442779541, 507.92388916, 971.424499512, 779.010986328, 1295.11010742, 1088.19934082, 426.667938232, 426.455749512, 407.951934814, 485.145385742, 1279.23120117, 442.872375488, 591.143554688, 721.575683594, 503.584686279, 169.662368774, 259.56262207, 119.168174744, 160.125015259, 117.120674133, 33.6030693054, 26.0499286652, 17.113571167, 91.4782791138, 33.9545173645, 4.41617393494, 2.99217247963, 0.146296158433, 0.0306345764548, 0.00288331368938, 0.000208360434044, 6.48841887596e-05, 0.00014499927056],
        "mean": [0.00170079327654, 0.02506820485, 0.179025098681, 1.04697072506, 3.73006176949, 4.78394174576, 8.31551837921, 13.5739154816, 14.3378629684, 14.8938217163, 19.8084831238, 36.1156654358, 31.9146595001, 13.4888410568, 13.8026971817, 7.15121173859, 5.56899166107, 11.0016670227, 6.79868841171, 12.7002811432, 19.3682689667, 12.085486412, 7.34190797806, 6.94975233078, 3.52841925621, 3.47055506706, 1.9567258358, 0.778778374195, 0.43704661727, 0.358506530523, 0.425499647856, 0.243774175644, 0.0729574635625, 0.0208999793977, 0.0054097850807, 0.00210791453719, 0.00105602154508, 8.12513317214e-05, 6.88916907166e-06, 1.16470619105e-05],
        "min": [3.30730956878e-22, 5.60432111397e-21, 9.90318966262e-21, 3.54777926283e-20, 9.47897477068e-20, 6.88893979463e-20, 7.10105992296e-20, 3.10799285741e-19, 4.54782763408e-19, 2.5818899612e-19, 4.14416220269e-19, 1.22173769973e-18, 7.7875125564e-19, 1.78170009694e-18, 1.58368681017e-18, 1.49111175454e-18, 3.04532932482e-18, 5.06241069609e-18, 3.04677771807e-18, 3.66493082381e-18, 5.4404760766e-18, 9.56917522341e-18, 7.23143873525e-18, 7.24311687113e-18, 1.45185467257e-17, 1.1094093436e-17, 1.66507983148e-17, 1.71284372159e-17, 1.54551699508e-17, 1.75009960551e-17, 1.60756480544e-17, 1.72538212532e-17, 1.46974212245e-17, 9.78547716333e-18, 7.17151694449e-18, 5.31697759756e-18, 3.07239405407e-18, 1.26715911774e-18, 3.15194820118e-19, 3.3048266234e-20],
        "stdev": [0.00567586813122, 0.12603674829, 0.884499371052, 4.34349870682, 17.885887146, 14.3069381714, 19.0543270111, 28.1029224396, 42.0492858887, 61.9422225952, 55.1145629883, 100.540245056, 120.204338074, 39.5693244934, 45.7467346191, 24.2256259918, 23.719669342, 57.5871543884, 26.6309394836, 49.7011299133, 63.0372238159, 34.0770950317, 18.71159935, 17.686126709, 9.29648971558, 13.360868454, 7.1404132843, 2.18699216843, 1.5202755928, 0.960922658443, 2.82748007774, 1.61120128632, 0.308372825384, 0.098674736917, 0.00739622768015, 0.00149927043822, 0.000299246486975, 2.83026311081e-05, 9.45610190684e-06, 2.06749828067e-05]
    },
    "gfcc": {
        "mean": [-151.971206665, 77.7774658203, -141.987487793, 16.275056839, -75.3412322998, -3.30120897293, -37.5790367126, 14.4663143158, -19.9442558289, -1.11504554749, -15.7128105164, 6.28347015381, -6.31032991409],
        "cov": [[13728.4228516, 3199.06689453, -2151.7890625, -636.061279297, -653.418457031, -1044.82287598, -581.058837891, -872.761230469, 36.1157646179, -862.839782715, 176.130004883, -547.863586426, 117.552581787], [3199.06689453, 1583.25097656, -219.492095947, -620.441162109, -131.87059021, -393.731872559, -284.766021729, -471.298736572, -83.3780517578, -242.733612061, 106.467208862, -220.824188232, 32.5619506836], [-2151.7890625, -219.492095947, 873.897216797, 95.4189605713, 20.8070392609, 250.018157959, 0.0521338954568, 49.5596961975, -131.905639648, 160.1197052, -37.6690940857, 70.1552581787, -61.3027038574], [-636.061279297, -620.441162109, 95.4189605713, 774.831176758, 201.322296143, 134.522903442, 167.576858521, 236.189926147, 53.7382888794, 39.5333976746, -117.412345886, 47.8078765869, -60.355846405], [-653.418457031, -131.87059021, 20.8070392609, 201.322296143, 358.181488037, 109.495399475, 53.9402580261, 119.189254761, 71.2455368042, 69.3661270142, -59.5025901794, -2.30864787102, -30.0500564575], [-1044.82287598, -393.731872559, 250.018157959, 134.522903442, 109.495399475, 436.552856445, 136.93788147, 83.4955215454, -8.49085712433, 126.887237549, -65.8304672241, 17.858007431, -49.7799034119], [-581.058837891, -284.766021729, 0.0521338954568, 167.576858521, 53.9402580261, 136.93788147, 258.5675354, 117.464744568, -36.4464263916, 20.3723449707, -66.5768814087, -0.924393117428, -0.914204895496], [-872.761230469, -471.298736572, 49.5596961975, 236.189926147, 119.189254761, 83.4955215454, 117.464744568, 308.234527588, 63.4057312012, 78.447227478, -54.3692703247, 97.977104187, -8.89028644562], [36.1157646179, -83.3780517578, -131.905639648, 53.7382888794, 71.2455368042, -8.49085712433, -36.4464263916, 63.4057312012, 193.150527954, 33.7519950867, 14.8239202499, 11.7637367249, -21.9930305481], [-862.839782715, -242.733612061, 160.1197052, 39.5333976746, 69.3661270142, 126.887237549, 20.3723449707, 78.447227478, 33.7519950867, 251.64364624, 0.0521715953946, 61.7113685608, -40.7578086853], [176.130004883, 106.467208862, -37.6690940857, -117.412345886, -59.5025901794, -65.8304672241, -66.5768814087, -54.3692703247, 14.8239202499, 0.0521715953946, 120.679443359, 35.224521637, 14.2410354614], [-547.863586426, -220.824188232, 70.1552581787, 47.8078765869, -2.30864787102, 17.858007431, -0.924393117428, 97.977104187, 11.7637367249, 61.7113685608, 35.224521637, 179.303741455, 52.335395813], [117.552581787, 32.5619506836, -61.3027038574, -60.355846405, -30.0500564575, -49.7799034119, -0.914204895496, -8.89028644562, -21.9930305481, -40.7578086853, 14.2410354614, 52.335395813, 153.569015503]],
        "icov": [[0.00108040391933, -0.00310366484337, 0.00295115960762, -0.00222751265392, 0.00276002683677, -0.00206981482916, 0.00207863515243, -0.00192275736481, 0.00101310806349, -0.000328105466906, 0.00024410498736, 0.000263558991719, -0.000150573003339], [-0.00310366484337, 0.0110084982589, -0.0086858831346, 0.00740329967812, -0.00893796607852, 0.00717260455713, -0.00564672891051, 0.00737260188907, -0.00273085827939, 0.00175613514148, -0.000759584829211, 0.000178804737516, 0.000537694373634], [0.00295115960762, -0.0086858831346, 0.0100889857858, -0.00641918135807, 0.00776432454586, -0.00681248726323, 0.00687662232667, -0.00578764965758, 0.00465647410601, -0.00175496260636, 0.000929363188334, 0.000125062229927, 0.000176385758095], [-0.00222751265392, 0.00740329967812, -0.00641918135807, 0.00722144637257, -0.00682315742597, 0.00502401590347, -0.00500635616481, 0.00426323339343, -0.00252983509563, 0.00165519258007, 0.000718158495147, -0.000958064745646, 0.00125837407541], [0.00276002683677, -0.00893796607852, 0.00776432454586, -0.00682315742597, 0.0115202385932, -0.00650847610086, 0.00561087904498, -0.00671325344592, 0.0016145312693, -0.00193814921658, 0.00138427468482, 0.00123608787544, -0.000843306013849], [-0.00206981482916, 0.00717260455713, -0.00681248726323, 0.00502401590347, -0.00650847610086, 0.00874333176762, -0.00607426883653, 0.00560696329921, -0.00269915442914, 0.000117575720651, 0.000545394723304, -0.000452486798167, 0.000915959826671], [0.00207863515243, -0.00564672891051, 0.00687662232667, -0.00500635616481, 0.00561087904498, -0.00607426883653, 0.0115235820413, -0.00635368609801, 0.00496797543019, -0.000771944702137, 0.00101933430415, 0.00233034905978, -0.00116876605898], [-0.00192275736481, 0.00737260188907, -0.00578764965758, 0.00426323339343, -0.00671325344592, 0.00560696329921, -0.00635368609801, 0.0125233530998, -0.00410827388987, 0.000909764843527, 0.00205122260377, -0.00401272810996, 0.00129519728944], [0.00101310806349, -0.00273085827939, 0.00465647410601, -0.00252983509563, 0.0016145312693, -0.00269915442914, 0.00496797543019, -0.00410827388987, 0.00962798576802, -0.00137385900598, -0.00143856846262, 0.00106918206438, 0.000684041529894], [-0.000328105466906, 0.00175613514148, -0.00175496260636, 0.00165519258007, -0.00193814921658, 0.000117575720651, -0.000771944702137, 0.000909764843527, -0.00137385900598, 0.00652634305879, -0.000454938504845, -0.00169209891465, 0.00168990076054], [0.00024410498736, -0.000759584829211, 0.000929363188334, 0.000718158495147, 0.00138427468482, 0.000545394723304, 0.00101933430415, 0.00205122260377, -0.00143856846262, -0.000454938504845, 0.01344420854, -0.00463944859803, 0.00120752316434], [0.000263558991719, 0.000178804737516, 0.000125062229927, -0.000958064745646, 0.00123608787544, -0.000452486798167, 0.00233034905978, -0.00401272810996, 0.00106918206438, -0.00169209891465, -0.00463944859803, 0.0118381064385, -0.00458959536627], [-0.000150573003339, 0.000537694373634, 0.000176385758095, 0.00125837407541, -0.000843306013849, 0.000915959826671, -0.00116876605898, 0.00129519728944, 0.000684041529894, 0.00168990076054, 0.00120752316434, -0.00458959536627, 0.00927647389472]]
    },
    "melbands": {
        "max": [0.00145201990381, 0.00569912139326, 0.0132039152086, 0.0204099602997, 0.00574721256271, 0.00494475942105, 0.00870283134282, 0.00862389616668, 0.00728426408023, 0.0072815772146, 0.00541623821482, 0.00192140915897, 0.00216713431291, 0.000758546462748, 0.000590094539803, 0.00100114860106, 0.00237664300948, 0.000646821863484, 0.00132534035947, 0.000768069876358, 0.000828358111903, 0.000666239589918, 0.000382046331652, 0.000194286854821, 0.000256459781667, 7.4716641393e-05, 0.000189676793525, 0.000133652109071, 0.000109806351247, 2.25276908168e-05, 1.83393276529e-05, 1.54243753059e-05, 1.34931196953e-05, 8.91156832949e-06, 4.36087611888e-05, 6.51704103802e-05, 1.07902596937e-05, 3.06153469865e-06, 3.88492890124e-06, 1.7084830688e-06],
        "mean": [1.98230900423e-05, 8.07741016615e-05, 0.000254492362728, 0.000326693261741, 0.000267347641056, 0.000306343456032, 0.000225115247304, 0.000146339691128, 0.000188304649782, 0.000220560425078, 0.00015136791626, 4.96927241329e-05, 6.04478664172e-05, 1.95137963601e-05, 1.25611004478e-05, 1.39689145726e-05, 2.06314434763e-05, 9.73816440819e-06, 1.44040986925e-05, 1.75115874299e-05, 2.42397600232e-05, 1.27604635054e-05, 8.17635191197e-06, 6.77520711179e-06, 5.7109455156e-06, 2.35890161093e-06, 2.52746622209e-06, 2.28081739806e-06, 1.42154419791e-06, 7.25476979824e-07, 3.41005147675e-07, 2.41617129859e-07, 2.11805996742e-07, 1.90888698626e-07, 2.38169448608e-07, 2.47087598382e-07, 1.10976138501e-07, 5.50577645697e-08, 2.81284098236e-08, 1.32384379015e-08],
        "min": [4.63758152202e-24, 6.07885879485e-24, 8.63220038552e-24, 7.46328601769e-24, 2.6126931186e-24, 7.78460799705e-24, 8.5973532439e-24, 2.87527809267e-24, 3.49204268053e-24, 7.84021480226e-24, 3.66834638753e-24, 6.73016207973e-24, 6.05474252812e-24, 3.09553042399e-24, 5.55146149793e-24, 6.53183810942e-24, 1.00495231081e-23, 4.41319792614e-24, 4.77329478557e-24, 4.50084116157e-24, 6.4520207686e-24, 7.6178080918e-24, 7.60805224899e-24, 5.81062754885e-24, 5.19674782532e-24, 8.45235114319e-24, 9.0885603635e-24, 6.82900240685e-24, 8.18131589109e-24, 8.32607344492e-24, 8.6474332896e-24, 7.49648680661e-24, 9.32614633549e-24, 9.73819994072e-24, 8.76505166171e-24, 9.93213192794e-24, 9.97546247974e-24, 9.33694505242e-24, 1.06592597342e-23, 7.28348805131e-24],
        "stdev": [8.30820572446e-05, 0.000380580197088, 0.00107191246934, 0.00123273860663, 0.000590706069488, 0.000617470126599, 0.000663989747409, 0.000583648972679, 0.000498484470882, 0.000586210284382, 0.000598971091677, 0.000152951906784, 0.000224607472774, 6.66807900416e-05, 4.39600480604e-05, 5.97766083956e-05, 0.000110153341666, 4.04995553254e-05, 6.43639505142e-05, 6.30518843536e-05, 8.14672603155e-05, 3.97085786972e-05, 2.37112799368e-05, 1.82516159839e-05, 1.56086607603e-05, 5.47948729945e-06, 1.08115318653e-05, 9.20201455301e-06, 6.23760251983e-06, 1.82922974545e-06, 1.11158215077e-06, 9.0478255288e-07, 7.01491046584e-07, 5.02901457367e-07, 1.35573941407e-06, 2.23004553845e-06, 6.10342397067e-07, 2.4949125077e-07, 1.37727312222e-07, 5.73498510903e-08]
    },
    "melbands128": {
        "max": [9.086180944e-05, 0.00030769399018, 0.00186123943422, 0.00395780662075, 0.00595507584512, 0.00858067721128, 0.011073759757, 0.0145437289029, 0.036632899195, 0.0233808942139, 0.00914789177477, 0.00799825042486, 0.00950487703085, 0.00806231889874, 0.00510611245409, 0.00943114981055, 0.00694613391533, 0.0147265139967, 0.0159872081131, 0.0156833939254, 0.00570434425026, 0.0044428454712, 0.0140846474096, 0.00863617099822, 0.0164604689926, 0.00341086625122, 0.0141022391617, 0.0099684773013, 0.00715469615534, 0.00209033605643, 0.00110811251216, 0.00523332739249, 0.00336637184955, 0.000569881754927, 0.00115692976397, 0.00157523783855, 0.00226285355166, 0.000399697921239, 0.00166939082555, 0.00235688104294, 0.000664894934744, 0.00278752762824, 0.00536436401308, 0.00271223438904, 0.00133279280271, 0.000587645394262, 0.00100070936605, 0.00268296338618, 0.00085393677, 0.00193641567603, 0.00054937141249, 0.00112638692372, 0.00203585089184, 0.00152113847435, 0.000669066386763, 0.001340616378, 0.00064771232428, 0.00110375205986, 0.000222581351409, 0.000131004708237, 0.000318117497955, 0.000216225453187, 0.000329283764586, 0.000383892911486, 0.000115864611871, 0.000121811797726, 8.69794748724e-05, 0.000160565294209, 0.000303094828269, 0.00012043712195, 0.00011127936159, 0.000336817756761, 0.000105743514723, 0.000128140804009, 3.64710613212e-05, 3.0557053833e-05, 2.74285121122e-05, 3.74652699975e-05, 2.26981610467e-05, 1.5920113583e-05, 1.68330134329e-05, 1.47819873746e-05, 3.55042611773e-05, 8.23345544632e-06, 1.45743442772e-05, 1.38254472404e-05, 6.97667383065e-06, 2.56631756201e-05, 3.78641343559e-05, 6.93267211318e-05, 0.000114652961202, 5.24135393789e-05, 3.68554647139e-05, 7.59324666433e-06, 9.91005072137e-06, 5.230358056e-06, 3.94692824557e-06, 3.69852841686e-06, 1.53968983341e-06, 8.04221508588e-06, 3.10094355882e-06, 5.32575825218e-07, 1.45236299431e-07, 1.55947589064e-07, 2.51834194387e-07, 2.7625196708e-07, 1.7976419997e-07, 7.37357481739e-08, 2.62268677886e-08, 1.38707738628e-08, 2.07872741242e-08, 1.18610357092e-08, 1.31558905991e-08, 1.2874252775e-08, 9.02061092489e-09, 1.55434032312e-09, 1.23419208187e-09, 1.15181053584e-09, 1.0826396446e-09, 1.02848229933e-09, 9.86628556632e-10, 9.48817135971e-10, 9.10117370356e-10, 8.84867457085e-10, 8.57319770731e-10, 8.41110903149e-10, 8.30568169796e-10, 8.22070966855e-10],
        "mean": [2.09533459383e-06, 1.01018931673e-05, 2.4563365514e-05, 4.32113629358e-05, 6.47429478704e-05, 0.000108896303573, 0.000193073254195, 0.000262224668404, 0.000404610444093, 0.000390982924728, 0.000228543751291, 0.00021267052216, 0.000285566173261, 0.000331340299454, 0.000281988293864, 0.000360260135494, 0.000214033861994, 0.000221020105528, 0.000187216821359, 0.000201916336664, 7.63753123465e-05, 0.000117672825581, 0.000188417558093, 0.000254751677858, 0.000323191314237, 9.79308242677e-05, 0.000263025547611, 0.000179478229256, 4.69022161269e-05, 4.21398617618e-05, 3.1867337384e-05, 9.41006219364e-05, 8.92548778211e-05, 1.39948115248e-05, 1.69384129549e-05, 2.34335329878e-05, 2.18034110731e-05, 6.04621754974e-06, 1.37757961056e-05, 1.10022992885e-05, 6.80361745253e-06, 2.96752787108e-05, 2.45869305218e-05, 1.57980030053e-05, 1.01931918834e-05, 7.22669801689e-06, 1.08389240268e-05, 1.21634675452e-05, 1.53892051458e-05, 2.2982720111e-05, 1.3598152691e-05, 1.56404275913e-05, 3.22976084135e-05, 2.39633427555e-05, 1.56631103891e-05, 1.13378555398e-05, 9.95483696897e-06, 1.25381693579e-05, 5.56985560252e-06, 3.69699750991e-06, 7.62085483075e-06, 8.54923018778e-06, 7.07655408405e-06, 5.02098555444e-06, 2.51124015449e-06, 2.16180114876e-06, 2.63639935838e-06, 2.14527744902e-06, 2.94641972687e-06, 2.10426128433e-06, 2.28017165682e-06, 2.66815322902e-06, 1.57997476435e-06, 1.33451908368e-06, 8.60240334077e-07, 9.13273709102e-07, 5.38791709914e-07, 4.62707930637e-07, 2.91060473501e-07, 2.70022326276e-07, 2.11287613183e-07, 2.50677516078e-07, 2.59520874124e-07, 1.84169678619e-07, 1.98500259785e-07, 1.9674126861e-07, 1.7801060892e-07, 2.0640155185e-07, 2.26928136726e-07, 2.75180525477e-07, 2.8257483109e-07, 2.53042912846e-07, 1.699873593e-07, 9.77613581199e-08, 8.31979818372e-08, 6.73316193911e-08, 4.58428246475e-08, 4.34086722123e-08, 2.55780410185e-08, 2.42710047615e-08, 1.86955322334e-08, 1.07881241718e-08, 7.13677383857e-09, 6.26047835794e-09, 6.03630123663e-09, 4.78867479003e-09, 4.05615230292e-09, 3.78329723105e-09, 3.49959816681e-09, 3.11097503314e-09, 2.99400126913e-09, 3.43207173792e-09, 4.13651379816e-09, 3.6991971708e-09, 2.21504570241e-09, 6.46030590135e-11, 2.46632618842e-12, 2.33406002859e-12, 2.23986757961e-12, 2.16613944663e-12, 2.10299377738e-12, 2.04807503422e-12, 1.99047332436e-12, 1.94562703622e-12, 1.90920781788e-12, 1.88543234844e-12, 1.86665374997e-12, 1.85272500466e-12],
        "min": [7.10800505548e-25, 2.6625542554e-24, 2.76818411112e-24, 8.43167904317e-24, 5.17495199294e-24, 3.68321759889e-24, 4.62945704356e-24, 9.28061091746e-24, 5.86909831357e-24, 7.26589250882e-24, 1.20907468487e-24, 1.58015189646e-24, 1.33880857998e-24, 3.51446013531e-24, 6.20273322837e-24, 3.388503109e-24, 2.02616458316e-24, 2.4186915144e-24, 3.35915630004e-24, 2.23457197077e-24, 1.82269822582e-24, 2.08913658821e-24, 1.71109649584e-24, 2.65275541967e-24, 9.08877493367e-24, 4.64579316962e-24, 6.39036261139e-24, 1.98331030613e-24, 2.86922319079e-24, 5.74560844975e-24, 6.10072049712e-24, 7.76314072523e-24, 6.77458914819e-24, 2.58330331671e-24, 1.84579232604e-24, 2.98997807386e-24, 4.00137821817e-24, 3.28630144556e-24, 5.89806213057e-24, 3.76464461038e-24, 5.96770474343e-24, 5.04178083365e-24, 1.22919328064e-23, 9.58572890496e-24, 3.25389070084e-24, 4.72803389114e-24, 2.17302543738e-24, 3.92198686224e-24, 7.65559847347e-24, 3.62574355992e-24, 3.47951438607e-24, 6.23589457424e-24, 4.01176278312e-24, 6.57672153391e-24, 7.98532576577e-24, 2.9263919406e-24, 3.82802485095e-24, 4.18879066443e-24, 7.39405164034e-24, 1.87174742754e-24, 3.64816574785e-24, 4.82225385994e-24, 3.93453566709e-24, 6.91722703277e-24, 3.55503322381e-24, 6.50697715799e-24, 9.08495684688e-24, 8.90063791866e-24, 7.8561608366e-24, 5.30476970451e-24, 7.31046078338e-24, 6.7425440405e-24, 4.67702930045e-24, 9.37029020289e-24, 8.52501706547e-24, 3.87956862807e-24, 6.88565287503e-24, 9.85352903848e-24, 4.99896974676e-24, 2.89282117591e-24, 5.01034788202e-24, 9.90846057876e-24, 5.29757095432e-24, 7.30803740268e-24, 1.13676749709e-23, 6.75935624411e-24, 6.39043834203e-24, 3.31667771801e-24, 7.71372016724e-24, 7.75313086921e-24, 9.66324711067e-24, 9.73023717875e-24, 5.2445946058e-24, 8.6854429746e-24, 7.88508284396e-24, 7.99512026277e-24, 9.24895708477e-24, 1.04420934267e-23, 9.39248086015e-24, 8.77025893255e-24, 6.78149168111e-24, 7.15162837328e-24, 5.46788799591e-24, 6.11210849315e-24, 9.5503477045e-24, 8.28700747517e-24, 7.74379391153e-24, 7.02522682386e-24, 8.94025845762e-24, 5.5199610987e-24, 1.03925908272e-23, 1.00578692565e-23, 8.73586933024e-24, 6.42712195185e-24, 7.63200443266e-24, 7.09775154004e-24, 6.73743774386e-24, 8.46820093649e-24, 6.52111788415e-24, 9.91141722943e-24, 8.51678766851e-24, 5.01376996063e-24, 7.80924727856e-24, 8.30167792143e-24, 9.89342567877e-24, 1.09770349949e-23, 7.89073503235e-24, 4.68213165278e-24],
        "stdev": [4.04445563618e-06, 2.63754791376e-05, 0.000104911559902, 0.000237708343775, 0.000367037835531, 0.000552437675651, 0.000871155934874, 0.00121424894314, 0.00224841176532, 0.00156983430497, 0.000704399193637, 0.000610550865531, 0.000804735405836, 0.00082042790018, 0.000647680892143, 0.00106921268161, 0.000630804745015, 0.000989807071164, 0.000849339761771, 0.00108766753692, 0.000300802232232, 0.000391363399103, 0.000770541024394, 0.000852217373904, 0.00117180240341, 0.000307350273943, 0.0011127734324, 0.000937122327741, 0.000338947138516, 0.000157692658831, 9.04225526028e-05, 0.000422167708166, 0.000358657242032, 4.02042933274e-05, 7.8951503383e-05, 9.06698987819e-05, 0.000107841158751, 2.62251051026e-05, 7.22219265299e-05, 9.03956533875e-05, 3.71676833311e-05, 0.000161575342645, 0.000192061634152, 0.00011380626529, 6.08236950939e-05, 3.65996529581e-05, 6.21727303951e-05, 9.53184935497e-05, 7.3372895713e-05, 0.000121737859445, 5.66031303606e-05, 7.2897564678e-05, 0.000145074343891, 9.88638494164e-05, 5.36542720511e-05, 5.71000782656e-05, 4.02778641728e-05, 4.90871752845e-05, 1.76343291969e-05, 1.36116395879e-05, 2.60604083451e-05, 2.414280425e-05, 2.08125748031e-05, 2.02919727599e-05, 7.44762201066e-06, 6.66170853947e-06, 6.57400005366e-06, 7.50549543227e-06, 1.71370666067e-05, 9.2480895546e-06, 9.18667319638e-06, 1.60644194693e-05, 6.78192418491e-06, 6.9702800829e-06, 2.9102800454e-06, 2.53548955698e-06, 1.72729119186e-06, 1.97468125407e-06, 1.00121894775e-06, 1.02540832358e-06, 9.81573748504e-07, 8.73369003784e-07, 1.30902378714e-06, 6.17954924564e-07, 6.63935168177e-07, 5.88295790749e-07, 4.75801300581e-07, 9.05614399471e-07, 1.20475431231e-06, 2.07620246329e-06, 3.35125650963e-06, 2.52073255069e-06, 1.34880065161e-06, 4.76612115108e-07, 4.97935332078e-07, 3.50239616864e-07, 2.22245233772e-07, 1.97999924012e-07, 9.0706819833e-08, 2.32433421843e-07, 1.04735775608e-07, 2.91619279835e-08, 9.20714082753e-09, 8.05018363081e-09, 1.10369811068e-08, 1.12274181063e-08, 7.01677027592e-09, 3.8395731039e-09, 2.61651500466e-09, 2.31324959188e-09, 2.15351780852e-09, 1.84243831303e-09, 1.78582593158e-09, 1.63948921106e-09, 1.25771182358e-09, 8.81508130379e-11, 3.50988856035e-11, 3.27739710371e-11, 3.08205370947e-11, 2.92900009802e-11, 2.81055630158e-11, 2.70362811999e-11, 2.59431070376e-11, 2.522809045e-11, 2.44502560559e-11, 2.39912673061e-11, 2.36922217955e-11, 2.34519018788e-11]
    },
    "mfcc": {
        "mean": [-789.462524414, 110.473091125, -15.895409584, 14.0033483505, -15.2769470215, -14.0887908936, -12.7018938065, 5.34593391418, -3.4842145443, 1.24273109436, -6.32779359818, -0.824355065823, -3.20714592934],
        "cov": [[9968.609375, 2600.67822266, -1431.65405273, -58.921913147, -321.248474121, -448.764556885, -742.444335938, -272.621246338, -775.59173584, -101.984336853, -481.411682129, -310.662017822, -384.734680176], [2600.67822266, 1798.86010742, -228.210266113, -387.043701172, -77.1706771851, -179.454055786, -213.865112305, -332.962005615, -391.025024414, -145.560256958, -179.874603271, -168.921005249, -107.972549438], [-1431.65405273, -228.210266113, 702.327758789, -44.0548286438, -6.27058267593, 146.397689819, 142.641555786, -2.57938528061, 34.7833404541, -34.961807251, 41.3090858459, -35.3499603271, 31.1268444061], [-58.921913147, -387.043701172, -44.0548286438, 502.94744873, 93.4140090942, -30.2182598114, 36.9666213989, 128.723846436, 145.134933472, 31.992521286, 1.13636541367, 74.2359466553, 73.1586303711], [-321.248474121, -77.1706771851, -6.27058267593, 93.4140090942, 284.49029541, 34.4220466614, -31.4233856201, 37.2911834717, 67.1256256104, 27.343662262, 39.8520545959, 89.0685577393, 52.6947364807], [-448.764556885, -179.454055786, 146.397689819, -30.2182598114, 34.4220466614, 295.68572998, 130.050933838, 3.5320122242, 88.0250473022, 41.3035392761, 68.1923904419, 21.295211792, 2.46895122528], [-742.444335938, -213.865112305, 142.641555786, 36.9666213989, -31.4233856201, 130.050933838, 261.85736084, 52.1701965332, 105.696495056, 44.5121421814, -0.0226041730493, -16.2911071777, 1.6837733984], [-272.621246338, -332.962005615, -2.57938528061, 128.723846436, 37.2911834717, 3.5320122242, 52.1701965332, 222.672943115, 108.63948822, 37.2764663696, 11.8581638336, 2.15372610092, 8.39863681793], [-775.59173584, -391.025024414, 34.7833404541, 145.134933472, 67.1256256104, 88.0250473022, 105.696495056, 108.63948822, 271.389862061, 67.6895751953, 34.4570732117, 61.2565689087, 54.4890594482], [-101.984336853, -145.560256958, -34.961807251, 31.992521286, 27.343662262, 41.3035392761, 44.5121421814, 37.2764663696, 67.6895751953, 138.283493042, 29.1257858276, -2.74592328072, -14.2362909317], [-481.411682129, -179.874603271, 41.3090858459, 1.13636541367, 39.8520545959, 68.1923904419, -0.0226041730493, 11.8581638336, 34.4570732117, 29.1257858276, 193.768676758, 94.6379928589, 48.5291481018], [-310.662017822, -168.921005249, -35.3499603271, 74.2359466553, 89.0685577393, 21.295211792, -16.2911071777, 2.15372610092, 61.2565689087, -2.74592328072, 94.6379928589, 204.198486328, 97.302947998], [-384.734680176, -107.972549438, 31.1268444061, 73.1586303711, 52.6947364807, 2.46895122528, 1.6837733984, 8.39863681793, 54.4890594482, -14.2362909317, 48.5291481018, 97.302947998, 157.91065979]],
        "icov": [[0.000463940494228, -0.000616070232354, 0.000536995998118, -0.000644290994387, 0.000679143355228, -0.00076558458386, 0.00097942724824, -0.000602266227361, 0.000687986495905, -0.000514705432579, 0.000642700586468, -0.000322820123984, 0.000426280079409], [-0.000616070232354, 0.00205076741986, -0.000314703152981, 0.00129809847567, -0.00137931329664, 0.00119362655096, -0.00129983655643, 0.00198956811801, -0.000176090659807, 0.00123580067884, -0.000371079193428, 0.00117185851559, -0.000724351149984], [0.000536995998118, -0.000314703152981, 0.00265423883684, -0.000498779001646, 0.000387896929169, -0.00138089805841, 0.00020151011995, -0.000198858004296, 0.00101860763971, 0.000620922830421, 0.000246241223067, 0.000880044244695, -0.000211831342313], [-0.000644290994387, 0.00129809847567, -0.000498779001646, 0.00390309793875, -0.00157250452321, 0.00175651919562, -0.00163230695762, 0.000196317370865, -0.00156371959019, 0.000799269357231, -0.000211812875932, 0.000161217845744, -0.0013104879763], [0.000679143355228, -0.00137931329664, 0.000387896929169, -0.00157250452321, 0.00588495703414, -0.00209314678796, 0.00295185134746, -0.00188053306192, 0.000386560859624, -0.00195786124095, 0.00132862094324, -0.00246376916766, 0.000301022984786], [-0.00076558458386, 0.00119362655096, -0.00138089805841, 0.00175651919562, -0.00209314678796, 0.00692923041061, -0.00396559713408, 0.00211080187, -0.0022836739663, 0.000714158755727, -0.00272013084032, 0.000647996610496, 0.000218512810534], [0.00097942724824, -0.00129983655643, 0.00020151011995, -0.00163230695762, 0.00295185134746, -0.00396559713408, 0.00873265881091, -0.00205036741681, 2.69943066087e-05, -0.00238283979706, 0.00263073272072, -0.000711609551217, 0.000712801993359], [-0.000602266227361, 0.00198956811801, -0.000198858004296, 0.000196317370865, -0.00188053306192, 0.00211080187, -0.00205036741681, 0.00837421044707, -0.00233701546676, 0.00116529641673, -0.00136904593091, 0.00238200020976, -0.00012329146557], [0.000687986495905, -0.000176090659807, 0.00101860763971, -0.00156371959019, 0.000386560859624, -0.0022836739663, 2.69943066087e-05, -0.00233701546676, 0.00852766167372, -0.00252498663031, 0.00193598296028, -0.00135703268461, -0.000818787957542], [-0.000514705432579, 0.00123580067884, 0.000620922830421, 0.000799269357231, -0.00195786124095, 0.000714158755727, -0.00238283979706, 0.00116529641673, -0.00252498663031, 0.0107055362314, -0.00273384945467, 0.00236051413231, 0.000925937551074], [0.000642700586468, -0.000371079193428, 0.000246241223067, -0.000211812875932, 0.00132862094324, -0.00272013084032, 0.00263073272072, -0.00136904593091, 0.00193598296028, -0.00273384945467, 0.00924383383244, -0.00406655948609, -0.000243870352278], [-0.000322820123984, 0.00117185851559, 0.000880044244695, 0.000161217845744, -0.00246376916766, 0.000647996610496, -0.000711609551217, 0.00238200020976, -0.00135703268461, 0.00236051413231, -0.00406655948609, 0.0107292504981, -0.00422093877569], [0.000426280079409, -0.000724351149984, -0.000211831342313, -0.0013104879763, 0.000301022984786, 0.000218512810534, 0.000712801993359, -0.00012329146557, -0.000818787957542, 0.000925937551074, -0.000243870352278, -0.00422093877569, 0.0104618445039]]
    },
    "spectral_contrast_coeffs": {
        "max": [-0.406538158655, -0.422434866428, -0.41271263361, -0.542425572872, -0.607091128826, -0.576588928699],
        "mean": [-0.723203241825, -0.729065179825, -0.732355296612, -0.776274502277, -0.772729098797, -0.778204619884],
        "min": [-0.997864246368, -0.99747055769, -0.994706273079, -0.983772695065, -0.993165194988, -0.960579931736],
        "stdev": [0.133176997304, 0.110566280782, 0.0869297608733, 0.0687209665775, 0.0556348413229, 0.049449019134]
    },
    "spectral_contrast_valleys": {
        "max": [-5.24443817139, -4.55930328369, -5.92145824432, -5.66757011414, -6.13349723816, -9.37509250641],
        "mean": [-8.85342597961, -8.12689495087, -8.94396209717, -9.35143280029, -9.16485595703, -11.8175411224],
        "min": [-27.5073356628, -27.467212677, -27.292219162, -27.2835044861, -27.2221183777, -27.3107089996],
        "stdev": [1.50737404823, 1.66198337078, 1.55594277382, 1.51293540001, 1.4049282074, 1.01110732555]
    }
},
"rhythm": {
    "beats_count": 66,
    "beats_loudness": {
        "max": 0.106573484838,
        "mean": 0.0144843915477,
        "min": 1.35696482175e-05,
        "stdev": 0.0229962635785
    },
    "bpm": 132.928527832,
    "bpm_histogram_first_peak_bpm": 133,
    "bpm_histogram_first_peak_weight": 0.444444477558,
    "bpm_histogram_second_peak_bpm": 161,
    "bpm_histogram_second_peak_spread": 0,
    "bpm_histogram_second_peak_weight": 0.13846154511,
    "danceability": 0.978280186653,
    "onset_rate": 2.13694834709,
    "beats_loudness_band_ratio": {
        "max": [0.600232541561, 0.835363030434, 0.89204454422, 0.649431705475, 0.517439186573, 0.691750586033],
        "mean": [0.0993802398443, 0.243909314275, 0.354748994112, 0.146880567074, 0.123331315815, 0.0826422646642],
        "min": [0.000317759695463, 0.0014724942157, 0.00540825771168, 0.0130680976436, 0.00579813867807, 0.00121030770242],
        "stdev": [0.153390049934, 0.218426465988, 0.19816327095, 0.145986691117, 0.12372867763, 0.114755138755]
    },
