{
"metadata": {
    "version": {
        "essentia": "2.1-beta5",
        "essentia_git_sha": "Undefined",
        "extractor": "music 2.0"
    },
    "audio_properties": {
        "analysis": {
            "equal_loudness": 0,
            "length": 52.2448997498,
            "sample_rate": 44100,
            "start_time": 29.0017242432,
            "downmix": "mix"
        },
        "bit_rate": 192000,
        "length": 171.432922363,
        "lossless": 0,
        "number_channels": 2,
        "replay_gain": -10.5308570862,
        "sample_rate": 44100,
        "codec": "mp3",
        "md5_encoded": "10739f6ad0d5abd2362d615dea837c83"
    },
    "tags": {
        "file_name": "Ireland_Horoscopes_Sheeba.mp3",
        "encoding": ["Lavf58.29.100"]
    }
},
"lowlevel": {
    "average_loudness": 0.939719378948,
    "barkbands_crest": {
        "max": 23.2891769409,
        "mean": 9.07573318481,
        "min": 3.12949514389,
        "stdev": 3.42254161835
    },
    "barkbands_flatness_db": {
        "max": 0.335552334785,
        "mean": 0.171105846763,
        "min": 0.0804609581828,
        "stdev": 0.0323235504329
    },
    "barkbands_kurtosis": {
        "max": 41.8193817139,
        "mean": 2.54782390594,
        "min": -1.77784669399,
        "stdev": 3.71621060371
    },
    "barkbands_skewness": {
        "max": 5.25215005875,
        "mean": 1.10598480701,
        "min": -1.75946843624,
        "stdev": 0.926697969437
    },
    "barkbands_spread": {
        "max": 53.375,
        "mean": 13.4779262543,
        "min": 1.89571106434,
        "stdev": 5.99453449249
    },
    "dissonance": {
        "max": 0.499999940395,
        "mean": 0.454172462225,
        "min": 0.293307781219,
        "stdev": 0.0296617560089
    },
    "dynamic_complexity": 2.30469727516,
    "erbbands_crest": {
        "max": 31.5837345123,
        "mean": 10.1914482117,
        "min": 2.94351148605,
        "stdev": 4.90410757065
    },
    "erbbands_flatness_db": {
        "max": 0.353531837463,
        "mean": 0.210660412908,
        "min": 0.118919715285,
        "stdev": 0.0385006628931
    },
    "erbbands_kurtosis": {
        "max": 22.5222434998,
        "mean": 0.846398830414,
        "min": -1.6095379591,
        "stdev": 1.98269844055
    },
    "erbbands_skewness": {
        "max": 3.19109368324,
        "mean": 0.443910896778,
        "min": -2.89088320732,
        "stdev": 0.635729670525
    },
    "erbbands_spread": {
        "max": 86.2479476929,
        "mean": 24.8521156311,
        "min": 3.3963060379,
        "stdev": 11.5936937332
    },
    "hfc": {
        "max": 79.4905166626,
        "mean": 19.7117938995,
        "min": 0.710600614548,
        "stdev": 14.5325965881
    },
    "loudness_ebu128": {
        "integrated": -13.4255514145,
        "loudness_range": 2.78181266785,
        "momentary": {
            "max": -10.1185483932,
            "mean": -13.7320947647,
            "min": -17.5695095062,
            "stdev": 1.63473069668
        },
        "short_term": {
            "max": -11.541059494,
            "mean": -13.5919332504,
            "min": -15.8718500137,
            "stdev": 0.943354010582
        }
    },
    "melbands_crest": {
        "max": 30.4722862244,
        "mean": 11.4168863297,
        "min": 4.20845460892,
        "stdev": 4.35674333572
    },
    "melbands_flatness_db": {
        "max": 0.443464845419,
        "mean": 0.210049018264,
        "min": 0.083004064858,
        "stdev": 0.0432197824121
    },
    "melbands_kurtosis": {
        "max": 68.1964263916,
        "mean": 5.49271249771,
        "min": -1.5973906517,
        "stdev": 7.02216768265
    },
    "melbands_skewness": {
        "max": 6.87785339355,
        "mean": 1.57977807522,
        "min": -1.30243480206,
        "stdev": 1.10863983631
    },
    "melbands_spread": {
        "max": 100.365653992,
        "mean": 18.7612400055,
        "min": 1.75038063526,
        "stdev": 9.49444007874
    },
    "pitch_salience": {
        "max": 0.817682921886,
        "mean": 0.603380262852,
        "min": 0.217011451721,
        "stdev": 0.0941195487976
    },
    "silence_rate_20dB": {
        "max": 1,
        "mean": 1,
        "min": 1,
        "stdev": 0
    },
    "silence_rate_30dB": {
        "max": 1,
        "mean": 0.999555766582,
        "min": 0,
        "stdev": 0.0210720561445
    },
    "silence_rate_60dB": {
        "max": 1,
        "mean": 0.003553976072,
        "min": 0,
        "stdev": 0.0595083273947
    },
    "spectral_centroid": {
        "max": 3418.09741211,
        "mean": 1006.45355225,
        "min": 211.594085693,
        "stdev": 401.435302734
    },
    "spectral_complexity": {
        "max": 43,
        "mean": 18.8942699432,
        "min": 4,
        "stdev": 5.66277170181
    },
    "spectral_decrease": {
        "max": -2.79784112545e-10,
        "mean": -6.55270548933e-09,
        "min": -2.7404960079e-08,
        "stdev": 4.12757561463e-09
    },
    "spectral_energy": {
        "max": 0.110642686486,
        "mean": 0.0265192873776,
        "min": 0.00114236027002,
        "stdev": 0.016684750095
    },
    "spectral_energyband_high": {
        "max": 0.00179116986692,
        "mean": 0.000193781874259,
        "min": 3.73844841306e-06,
        "stdev": 0.000205385425943
    },
    "spectral_energyband_low": {
        "max": 0.0407390967011,
        "mean": 0.00282952189445,
        "min": 3.76264615625e-05,
        "stdev": 0.00420314399526
    },
    "spectral_energyband_middle_high": {
        "max": 0.0571511238813,
        "mean": 0.00880398228765,
        "min": 0.000169493316207,
        "stdev": 0.00960247311741
    },
    "spectral_energyband_middle_low": {
        "max": 0.0906473249197,
        "mean": 0.0166542977095,
        "min": 0.000635735224932,
        "stdev": 0.0121216727421
    },
    "spectral_entropy": {
        "max": 8.10105514526,
        "mean": 7.25638246536,
        "min": 5.83468866348,
        "stdev": 0.289265573025
    },
    "spectral_flux": {
        "max": 0.238713219762,
        "mean": 0.0866795927286,
        "min": 0.0214496161789,
        "stdev": 0.0352827347815
    },
    "spectral_kurtosis": {
        "max": 31.3410720825,
        "mean": 6.74268054962,
        "min": -0.372298955917,
        "stdev": 4.2081413269
    },
    "spectral_rms": {
        "max": 0.010389613919,
        "mean": 0.00483547104523,
        "min": 0.00105569779407,
        "stdev": 0.00157821248285
    },
    "spectral_rolloff": {
        "max": 5340.234375,
        "mean": 1170.15698242,
        "min": 193.798828125,
        "stdev": 571.901794434
    },
    "spectral_skewness": {
        "max": 4.39839315414,
        "mean": 1.81305885315,
        "min": 0.130425915122,
        "stdev": 0.540626823902
    },
    "spectral_spread": {
        "max": 7030336,
        "mean": 3080380,
        "min": 1733952.375,
        "stdev": 702440.1875
    },
    "spectral_strongpeak": {
        "max": 11.7579717636,
        "mean": 1.55721175671,
        "min": 0.0442922599614,
        "stdev": 1.65162932873
    },
    "zerocrossingrate": {
        "max": 0.1484375,
        "mean": 0.044870249927,
        "min": 0.00732421875,
        "stdev": 0.0147403758019
    },
    "barkbands": {
        "max": [0.000283041241346, 0.0193882025778, 0.0260973162949, 0.0207970682532, 0.0451748520136, 0.0253627672791, 0.0351656898856, 0.0298325009644, 0.0400482229888, 0.0751304849982, 0.0324309580028, 0.0315630510449, 0.0367438159883, 0.0263068396598, 0.0099527221173, 0.0238398443907, 0.00909091159701, 0.00702064903453, 0.00387627026066, 0.00158716377337, 0.00113419559784, 0.000618672755081, 0.000611464725807, 0.000659906538203, 0.000100948978798, 1.09248776425e-05, 2.37038602791e-06],
        "mean": [5.10712925461e-06, 0.000625691725872, 0.00146910001058, 0.00149183173198, 0.00453827530146, 0.00279597286135, 0.00209626555443, 0.00110158685129, 0.00247564446181, 0.0032311824616, 0.00113289698493, 0.00151403353084, 0.000811262987554, 0.00129704817664, 0.000516923551913, 0.000374842464225, 0.000286572118057, 0.000260943023022, 0.000224751216592, 0.000136771501275, 5.524883818e-05, 3.36560187861e-05, 2.59395328612e-05, 1.49952647917e-05, 2.22088851842e-06, 5.91368461755e-07, 2.05141592602e-09],
        "min": [7.11076619808e-09, 1.71645399405e-06, 2.02551836992e-06, 3.92658057535e-06, 6.85913037159e-05, 1.57333797688e-05, 2.51589135587e-05, 1.22064502648e-05, 2.26318952627e-05, 1.77041893039e-05, 1.15178427222e-05, 1.30620755954e-05, 8.69385712576e-06, 6.84978158461e-06, 5.65125174035e-06, 2.71707517641e-06, 2.19436628868e-06, 2.22326343646e-06, 1.71598833276e-06, 8.60077420839e-07, 5.8636481981e-07, 3.80412757295e-07, 4.40787886191e-07, 4.54730411548e-07, 1.42676370274e-07, 8.31608062413e-08, 1.75052351087e-11],
        "stdev": [8.4796192823e-06, 0.00160774705, 0.0024861455895, 0.00212113140151, 0.00524718780071, 0.00281688082032, 0.00313738011755, 0.00178632442839, 0.00412450777367, 0.00769741646945, 0.00250397669151, 0.00286268955097, 0.00214839517139, 0.00246084458195, 0.000946494052187, 0.000959853350651, 0.000663203012664, 0.00050007266691, 0.000359021127224, 0.000178130838322, 7.78463872848e-05, 4.93381012348e-05, 3.25296205119e-05, 3.21522711602e-05, 4.27789336754e-06, 3.95257359287e-07, 5.01763466332e-08]
    },
    "erbbands": {
        "max": [0.0941550880671, 6.03240919113, 29.4137229919, 55.1699066162, 203.402526855, 153.924865723, 163.905410767, 247.619338989, 363.106994629, 1005.53594971, 764.964233398, 1239.5859375, 2816.7734375, 694.899414062, 1359.72753906, 1607.25024414, 1852.36914062, 1433.22741699, 631.811767578, 608.52331543, 1623.38415527, 441.330413818, 291.497772217, 294.971862793, 65.337059021, 108.897033691, 62.8189888, 35.1978149414, 27.027141571, 25.7383289337, 11.5152578354, 21.7192440033, 14.8491811752, 1.96766710281, 1.25197315216, 0.147196575999, 0.00505389226601, 0.00150120235048, 0.000343164458172, 0.000128463638248],
        "mean": [0.00554554583505, 0.197898074985, 1.43818879128, 3.79284596443, 11.2445926666, 14.5355930328, 17.1789531708, 22.344039917, 27.7660484314, 33.3512611389, 28.4914035797, 60.508934021, 122.947006226, 45.0047607422, 47.7462005615, 70.9099960327, 43.8217468262, 67.9067764282, 31.129781723, 30.6765460968, 20.0818099976, 14.5041790009, 13.1486749649, 17.67619133, 6.65005779266, 6.92445993423, 3.23483991623, 1.64018416405, 1.25321733952, 1.03548800945, 0.667614519596, 0.399927705526, 0.200794920325, 0.0378754809499, 0.0121161900461, 0.0034866114147, 0.00112996669486, 8.28400952742e-05, 1.60532963491e-05, 3.12508163915e-05],
        "min": [8.3343948063e-05, 0.00140871515032, 0.00452602608129, 0.027157234028, 0.0596388876438, 0.152405172586, 0.136458739638, 0.415950000286, 0.518430113792, 0.391348332167, 0.556200563908, 0.687440574169, 0.509278476238, 0.45782905817, 0.69404476881, 0.705213606358, 0.468557804823, 0.330672621727, 0.289179682732, 0.295393705368, 0.258842110634, 0.155798390508, 0.113436184824, 0.138422220945, 0.0467039681971, 0.036184001714, 0.0273744743317, 0.0216269288212, 0.0141273653135, 0.0139870177954, 0.0122239356861, 0.00830736756325, 0.00707999104634, 0.00252663646825, 0.000977919204161, 0.000336601980962, 0.000218116329052, 1.53872206283e-05, 2.13509747482e-06, 1.51597851072e-06],
        "stdev": [0.00871175248176, 0.501362085342, 2.77239727974, 4.95922851562, 17.282541275, 17.5766487122, 19.216714859, 24.2730407715, 32.8728408813, 66.3635253906, 43.2887039185, 106.834640503, 286.017578125, 65.6686096191, 89.9334487915, 127.80443573, 104.912231445, 125.651565552, 51.4285049438, 60.7957077026, 57.7253341675, 30.4002132416, 23.8389415741, 27.949886322, 7.47654676437, 9.85417556763, 4.49156332016, 2.30070948601, 1.88419640064, 1.44513654709, 0.793125092983, 0.66917014122, 0.610053479671, 0.0776594355702, 0.0355941392481, 0.00549342762679, 0.000415131275076, 4.7512108722e-05, 1.12967891255e-05, 1.95167649508e-05]
    },
    "gfcc": {
        "mean": [-17.3674926758, 132.738845825, -149.662261963, 16.393453598, -69.3090209961, 2.83543109894, -38.2335166931, -7.50140142441, -25.12981987, -11.9253063202, -11.6876688004, -9.67179298401, -12.0988645554],
        "cov": [[1183.74658203, -35.5546607971, -465.991729736, 109.451324463, -61.5150146484, -40.1866569519, 99.0793991089, -35.3894271851, 55.9737663269, -101.12588501, 61.4714736938, -108.694267273, 38.2774887085], [-35.5546607971, 291.921447754, 151.69418335, -100.470184326, 133.793197632, -17.414358139, 31.4594192505, 7.90754175186, -9.41786956787, -4.7982673645, 3.23193836212, -17.1706848145, -22.8525123596], [-465.991729736, 151.69418335, 565.758361816, 78.0578994751, -23.2153968811, 85.928894043, -59.6268882751, 10.3998785019, 7.59470462799, 49.3544235229, -39.3671875, 36.3304634094, -42.4642829895], [109.451324463, -100.470184326, 78.0578994751, 289.868621826, -64.7629776001, -19.4023628235, -18.0834980011, 6.2716588974, 48.8457794189, -6.30772733688, -17.9865932465, -0.478722006083, 9.1950302124], [-61.5150146484, 133.793197632, -23.2153968811, -64.7629776001, 210.702850342, -16.8142662048, 23.9835224152, 35.0866851807, -21.0694122314, -11.6211538315, 0.269621104002, -7.1311879158, -5.55079269409], [-40.1866569519, -17.414358139, 85.928894043, -19.4023628235, -16.8142662048, 193.675674438, 54.9834289551, -12.9432439804, -6.88322210312, 19.7354106903, 17.6457691193, -16.619884491, -17.1537818909], [99.0793991089, 31.4594192505, -59.6268882751, -18.0834980011, 23.9835224152, 54.9834289551, 161.081390381, 7.1386885643, -27.5132274628, -3.56753945351, 15.3839044571, -40.1855697632, -17.760219574], [-35.3894271851, 7.90754175186, 10.3998785019, 6.2716588974, 35.0866851807, -12.9432439804, 7.1386885643, 85.9460983276, 23.9246101379, -5.93587064743, -5.65941810608, 7.28221082687, 5.55866670609], [55.9737663269, -9.41786956787, 7.59470462799, 48.8457794189, -21.0694122314, -6.88322210312, -27.5132274628, 23.9246101379, 82.4434814453, 14.8320817947, -7.08094787598, 7.51662254333, 13.9880933762], [-101.12588501, -4.7982673645, 49.3544235229, -6.30772733688, -11.6211538315, 19.7354106903, -3.56753945351, -5.93587064743, 14.8320817947, 77.2026672363, 20.7466468811, 14.912352562, -9.97421550751], [61.4714736938, 3.23193836212, -39.3671875, -17.9865932465, 0.269621104002, 17.6457691193, 15.3839044571, -5.65941810608, -7.08094787598, 20.7466468811, 72.1426773071, 12.7326879501, -2.51776480675], [-108.694267273, -17.1706848145, 36.3304634094, -0.478722006083, -7.1311879158, -16.619884491, -40.1855697632, 7.28221082687, 7.51662254333, 14.912352562, 12.7326879501, 73.9089889526, 14.7617168427], [38.2774887085, -22.8525123596, -42.4642829895, 9.1950302124, -5.55079269409, -17.1537818909, -17.760219574, 5.55866670609, 13.9880933762, -9.97421550751, -2.51776480675, 14.7617168427, 51.7420578003]],
        "icov": [[0.00337784993462, -0.00485074846074, 0.00468941917643, -0.00344990333542, 0.00335830333643, -0.00209484086372, 0.000949881621636, -0.000108751897642, -0.000890514871571, 0.00217542960308, -0.00172064523213, 0.00186793610919, -0.000132629240397], [-0.00485074846074, 0.0233032684773, -0.0161729417741, 0.0124463681132, -0.014089461416, 0.011109511368, -0.00828703027219, 0.0071459421888, -0.00877316296101, 0.00402695173398, -0.00565293990076, 0.00352848903276, -0.00117848371156], [0.00468941917643, -0.0161729417741, 0.0149097600952, -0.0101083107293, 0.00990640372038, -0.00939803756773, 0.00675429869443, -0.00511621264741, 0.00570013653487, -0.00284899305552, 0.00472651841119, -0.0026827310212, 0.00314081227407], [-0.00344990333542, 0.0124463681132, -0.0101083107293, 0.0114477081224, -0.00649972306564, 0.006866379641, -0.00487305643037, 0.00366228027269, -0.0064322212711, 0.00236525177024, -0.00223359535448, 0.00155385909602, -0.00112506560981], [0.00335830333643, -0.014089461416, 0.00990640372038, -0.00649972306564, 0.0144360288978, -0.00595214171335, 0.00437952857465, -0.00679914979264, 0.00614771340042, -0.00156629132107, 0.00276808883063, -0.00110071606468, 0.000871868513059], [-0.00209484086372, 0.011109511368, -0.00939803756773, 0.006866379641, -0.00595214171335, 0.012600059621, -0.00690062250942, 0.00480224611238, -0.0056181345135, 0.00209558615461, -0.00514510599896, 0.00346036162227, -0.00113735964987], [0.000949881621636, -0.00828703027219, 0.00675429869443, -0.00487305643037, 0.00437952857465, -0.00690062250942, 0.0127961859107, -0.00563788414001, 0.0073846434243, -0.00340239354409, 0.00202182889916, 0.00165128288791, 0.00220144912601], [-0.000108751897642, 0.0071459421888, -0.00511621264741, 0.00366228027269, -0.00679914979264, 0.00480224611238, -0.00563788414001, 0.0183698069304, -0.0104839885607, 0.00548208970577, -0.00331006292254, 0.000321600149618, -0.00102087284904], [-0.000890514871571, -0.00877316296101, 0.00570013653487, -0.0064322212711, 0.00614771340042, -0.0056181345135, 0.0073846434243, -0.0104839885607, 0.0248568579555, -0.0105146402493, 0.00752461515367, -0.00302608753555, -0.00245415489189], [0.00217542960308, 0.00402695173398, -0.00284899305552, 0.00236525177024, -0.00156629132107, 0.00209558615461, -0.00340239354409, 0.00548208970577, -0.0105146402493, 0.022328492254, -0.00993920024484, 0.00126098270994, 0.00248404894955], [-0.00172064523213, -0.00565293990076, 0.00472651841119, -0.00223359535448, 0.00276808883063, -0.00514510599896, 0.00202182889916, -0.00331006292254, 0.00752461515367, -0.00993920024484, 0.0234172679484, -0.00892517343163, 0.00242855283432], [0.00186793610919, 0.00352848903276, -0.0026827310212, 0.00155385909602, -0.00110071606468, 0.00346036162227, 0.00165128288791, 0.000321600149618, -0.00302608753555, 0.00126098270994, -0.00892517343163, 0.0228811278939, -0.00664092041552], [-0.000132629240397, -0.00117848371156, 0.00314081227407, -0.00112506560981, 0.000871868513059, -0.00113735964987, 0.00220144912601, -0.00102087284904, -0.00245415489189, 0.00248404894955, 0.00242855283432, -0.00664092041552, 0.0254187118262]]
    },
    "melbands": {
        "max": [0.00285556982271, 0.0122333327308, 0.0105021055788, 0.0110465763137, 0.00496935611591, 0.00535064795986, 0.00620013428852, 0.0093281660229, 0.00542287155986, 0.00699587725103, 0.0142221963033, 0.00381972407922, 0.00531642977148, 0.00362869515084, 0.00322388671339, 0.00267240125686, 0.00325833330862, 0.00139787595253, 0.000804554263595, 0.000862577871885, 0.00222280342132, 0.000597424223088, 0.000325894361595, 0.000420429598307, 0.000285600079224, 5.1102560974e-05, 5.93762160861e-05, 7.07060462446e-05, 3.92882539018e-05, 3.59681471309e-05, 2.06331696972e-05, 1.62083015312e-05, 1.29994832605e-05, 1.69424747583e-05, 7.31221689421e-06, 4.93839979754e-06, 1.8397175154e-05, 1.41006830745e-05, 3.83561337003e-06, 9.56151438913e-07],
        "mean": [0.000104773345811, 0.000603997847065, 0.000860663189087, 0.000955449882895, 0.000621167419013, 0.00052726897411, 0.000431466032751, 0.000329323404003, 0.000255617458606, 0.000378411321435, 0.000607804395258, 0.000172224637936, 0.000166839876329, 0.000169730512425, 0.000131642227643, 8.48593772389e-05, 0.000134848218295, 5.3099985962e-05, 3.93209666072e-05, 3.17128251481e-05, 2.37582080445e-05, 1.60786858032e-05, 1.17522586152e-05, 1.24009611682e-05, 1.56362693815e-05, 4.45216664957e-06, 4.70271379527e-06, 4.39091354565e-06, 2.15872023546e-06, 1.42295903061e-06, 7.39440508823e-07, 7.45833233395e-07, 5.92340711592e-07, 5.71065299937e-07, 3.95683684928e-07, 3.06706141373e-07, 2.24497171075e-07, 1.74556120669e-07, 5.12883815418e-08, 2.37464838904e-08],
        "min": [5.02679085912e-07, 4.14241822e-06, 5.46926685274e-06, 1.09656966742e-05, 5.62214381716e-06, 9.0817338787e-06, 5.84995086683e-06, 1.96187670554e-06, 2.77383833236e-06, 3.54282974513e-06, 2.14654505726e-06, 1.54301517341e-06, 1.69560678387e-06, 1.31373724344e-06, 7.86489920301e-07, 6.46682224215e-07, 5.88703358062e-07, 3.94997101694e-07, 4.16160531813e-07, 2.64104357939e-07, 2.50104392308e-07, 1.31259525915e-07, 3.45783561784e-08, 8.49319690133e-08, 9.78386083261e-08, 3.3222697482e-08, 2.64856847565e-08, 1.48777523634e-08, 1.54531001328e-08, 1.63280997612e-08, 5.44564571214e-09, 3.83158704764e-09, 6.3292246999e-09, 5.48463363614e-09, 6.14430151202e-09, 5.1164459336e-09, 3.17556514418e-09, 2.3728008447e-09, 1.0162949371e-09, 3.36370774984e-12],
        "stdev": [0.000237880507484, 0.00112433708273, 0.00103637913708, 0.00119147659279, 0.000642927945592, 0.000552792509552, 0.000529204262421, 0.000636099139228, 0.000407989340601, 0.000636613869574, 0.00144670228474, 0.000281638553133, 0.000366908177966, 0.000325103348587, 0.000235408675508, 0.000200561495149, 0.000268062023679, 0.000101786092273, 7.13508270564e-05, 6.53835886624e-05, 7.93687504483e-05, 3.81548779842e-05, 2.27217260544e-05, 2.54926144407e-05, 2.62741923507e-05, 5.46019555259e-06, 5.86546912018e-06, 6.59223178445e-06, 3.44958880305e-06, 2.17251704271e-06, 1.20617380617e-06, 1.16070316381e-06, 9.16541353035e-07, 8.30158001008e-07, 5.04441345583e-07, 3.37975649245e-07, 5.16145405527e-07, 5.75100557398e-07, 1.63308129686e-07, 4.0654416722e-08]
    },
    "melbands128": {
        "max": [0.000157535512699, 0.000303790584439, 0.00175840058364, 0.013266839087, 0.019126361236, 0.0142141235992, 0.0140089215711, 0.0127528822049, 0.0279966313392, 0.0131942881271, 0.0111560896039, 0.00965146068484, 0.00828008167446, 0.00955007318407, 0.00800887774676, 0.00937924720347, 0.00865933578461, 0.0105325607583, 0.0119974995032, 0.0199242886156, 0.00821376033127, 0.0097925728187, 0.00772363319993, 0.00965368561447, 0.0159225594252, 0.0069159893319, 0.01485313382, 0.0288153085858, 0.0143821081147, 0.00537842465565, 0.00369274499826, 0.00495164934546, 0.0105396257713, 0.0034372783266, 0.00546490540728, 0.00591875519603, 0.00723750563338, 0.00309295533225, 0.00933474302292, 0.00763790030032, 0.0045333346352, 0.00502171460539, 0.00436639552936, 0.00600529974326, 0.00281860562973, 0.00195324933156, 0.00231944792904, 0.00107916328125, 0.00162040290888, 0.00182740273885, 0.000913122436032, 0.00149424222764, 0.00508954003453, 0.00213599461131, 0.00109581428114, 0.00122043886222, 0.000645803113002, 0.000870845280588, 0.000451852392871, 0.000718296912964, 0.000562053231988, 0.00108341674786, 0.000401385274017, 0.000416175957071, 9.89240506897e-05, 0.000114526985271, 0.000113680769573, 8.75806144904e-05, 0.000110955217679, 0.000166848651133, 0.000173986962182, 8.80956868059e-05, 0.000105065904791, 6.7021814175e-05, 0.000107873987872, 4.36899863416e-05, 2.35084789892e-05, 4.08816922572e-05, 1.97557037609e-05, 2.93612265523e-05, 1.91036815522e-05, 1.67490215972e-05, 2.89584259008e-05, 1.81335544767e-05, 9.75425518845e-06, 9.96512517304e-06, 3.33405077981e-05, 1.06121506178e-05, 8.33873218653e-06, 9.11803908821e-06, 9.53951166593e-06, 3.51886569661e-06, 8.73405770108e-06, 3.61761740351e-05, 1.89280981431e-05, 2.05343476409e-05, 2.82797191176e-05, 6.81649999024e-06, 4.23664505433e-06, 4.1094417611e-06, 1.1334014971e-06, 7.88866714174e-07, 3.83593658171e-07, 4.27245709034e-07, 3.32348099619e-06, 2.00128761207e-06, 6.85114912358e-07, 4.79712866763e-07, 7.22368866946e-08, 2.99433899897e-08, 2.42542235185e-08, 2.87312538205e-08, 1.61061350923e-08, 1.36405411411e-08, 1.271423411e-08, 1.18041452168e-08, 1.14768798909e-08, 1.11290416882e-08, 1.07931050763e-08, 1.04911421772e-08, 1.02392538892e-08, 1.00147330429e-08, 9.80614167645e-09, 9.63169366486e-09, 9.47634237747e-09, 9.37309874161e-09, 9.28718524307e-09, 9.23575171896e-09],
        "mean": [3.87807176594e-06, 1.96299333766e-05, 7.46075602365e-05, 0.000395406706957, 0.000666231964715, 0.000735691341106, 0.000732552085537, 0.000754626234993, 0.00130220339634, 0.000983363948762, 0.00076316553168, 0.000702465767972, 0.000565079157241, 0.000564337649848, 0.000431378110079, 0.000609775015619, 0.000549049465917, 0.000311959302053, 0.000380599667551, 0.000484068412334, 0.000196985536604, 0.000184177653864, 0.00023107873858, 0.000336832163157, 0.000493878615089, 0.000233865139307, 0.000508761266246, 0.000970028690062, 0.000355934374966, 0.00015350576723, 0.000111892855784, 0.000161593881785, 0.000242886148044, 9.78549214778e-05, 9.72996931523e-05, 0.000213803985389, 0.000272179604508, 7.30554165784e-05, 0.000105070328573, 0.000100004814158, 4.94634223287e-05, 0.000113725451229, 0.000143506971654, 0.000174195054569, 5.46049595869e-05, 3.70790330635e-05, 3.29880749632e-05, 3.00130068354e-05, 4.48617865914e-05, 5.86996720813e-05, 2.23766164709e-05, 1.42616818266e-05, 2.56187995546e-05, 2.47734496952e-05, 2.75793663604e-05, 1.24615689856e-05, 9.7385054687e-06, 1.26128807096e-05, 1.25391206893e-05, 1.04342043414e-05, 9.88499778032e-06, 1.56725054694e-05, 2.11443239095e-05, 1.5980183889e-05, 4.55343342765e-06, 3.97281792175e-06, 4.68018833999e-06, 3.85193879993e-06, 3.9319706957e-06, 7.01993712937e-06, 5.14858402312e-06, 2.57132523984e-06, 2.79306277662e-06, 2.08848746297e-06, 1.39698329349e-06, 1.77357185294e-06, 1.22177902995e-06, 9.30275916744e-07, 6.34915181763e-07, 5.75224021304e-07, 8.60956959059e-07, 7.44722456147e-07, 6.04291415129e-07, 5.56453812806e-07, 6.53012193652e-07, 5.09449535002e-07, 6.71570546729e-07, 4.40339590568e-07, 3.67904220866e-07, 3.55509683914e-07, 3.40573706126e-07, 3.02907466221e-07, 2.301775055e-07, 2.09563779663e-07, 2.36920300267e-07, 2.0891380359e-07, 1.86543516634e-07, 8.93254608059e-08, 4.32581686027e-08, 3.3318524828e-08, 2.89964106059e-08, 2.4118211428e-08, 1.49602730204e-08, 9.48246992039e-09, 1.42554723581e-08, 1.52158428079e-08, 9.98081084447e-09, 7.15472303625e-09, 4.70986138978e-09, 3.73111852525e-09, 3.48142159545e-09, 3.60696961188e-09, 4.25223767309e-09, 3.63191166031e-09, 2.00577465748e-09, 5.93371046742e-11, 1.0009494969e-11, 9.63824679789e-12, 9.34387983653e-12, 9.08282737216e-12, 8.85648065302e-12, 8.65669255029e-12, 8.47461510689e-12, 8.3186339761e-12, 8.19201130542e-12, 8.09562139548e-12, 8.02310475001e-12, 7.97724039603e-12],
        "min": [3.42511574658e-09, 3.89211898266e-08, 1.5674608278e-08, 3.36355640229e-07, 4.70375766781e-07, 9.83674794952e-07, 3.67867642126e-07, 1.99396436074e-06, 2.04510934054e-06, 2.31775811699e-06, 2.08981577998e-06, 3.3155647543e-06, 4.99872612636e-07, 5.32392448349e-07, 6.51558707432e-07, 7.51262064114e-07, 3.12438146466e-06, 8.75743921824e-07, 8.93666822321e-07, 1.02264527868e-06, 1.22164340155e-06, 5.76977640776e-07, 8.97500342489e-07, 1.29650970848e-06, 1.05225808511e-06, 5.56778047667e-07, 9.40908762459e-07, 4.96249185744e-07, 6.66780351821e-07, 7.19958052287e-07, 2.88958318606e-07, 3.67530560652e-07, 2.66361269041e-07, 3.1772242437e-07, 4.3285805873e-07, 1.12034406641e-07, 2.07632766092e-07, 3.48295202457e-07, 1.50213452343e-07, 4.39718576217e-07, 3.22495935734e-07, 3.16290254432e-07, 3.47271338796e-07, 8.52251318406e-08, 1.48078797224e-07, 1.37550856039e-07, 1.06297605384e-07, 1.64697823379e-07, 1.41338631465e-07, 1.91580127762e-07, 5.50568657331e-08, 3.61265506399e-08, 1.20586818753e-07, 9.17954210422e-08, 9.00230787693e-08, 4.22205950201e-08, 5.44057101592e-08, 1.71709864105e-08, 1.90715070403e-08, 1.47226986158e-08, 2.79595049335e-08, 5.63786279884e-08, 7.84464475601e-08, 5.31748796107e-08, 2.24040892505e-08, 2.50711238436e-08, 9.97230831246e-09, 1.20421939087e-08, 1.80906418734e-08, 1.99313721083e-08, 1.11227889121e-08, 7.04270508578e-09, 1.01448041079e-08, 4.8701918054e-09, 7.24467064117e-09, 8.02693289614e-09, 5.23812992981e-09, 3.42995543079e-09, 6.49773479466e-09, 2.73950062635e-09, 2.73493183656e-09, 1.57404289602e-09, 2.99563018835e-09, 3.81028142371e-09, 4.28350066528e-09, 3.61395424697e-09, 1.75220782328e-09, 5.30634602924e-09, 4.71640593247e-09, 4.50796511231e-09, 2.52296405989e-09, 2.92071122843e-09, 2.77170197904e-09, 2.1947785811e-09, 7.00639157802e-10, 6.03645577968e-10, 1.06324382632e-09, 2.50850090699e-10, 1.89718483978e-11, 4.8123532069e-12, 8.2656429444e-13, 6.20371809479e-13, 1.4478160424e-12, 5.31341507251e-12, 1.2819266319e-13, 7.1405132241e-13, 1.0869315864e-11, 1.99294183587e-12, 3.76960485396e-12, 3.01281829346e-12, 1.75169329996e-12, 5.23649049469e-12, 1.06760598625e-11, 2.46890268646e-12, 6.69006191591e-13, 7.58605418066e-14, 5.26294943227e-14, 5.48775400935e-14, 5.10713060655e-14, 4.34690328979e-14, 5.7810588185e-14, 5.26383237942e-14, 4.80625027353e-14, 3.87759452097e-14, 4.86618598606e-14, 5.74590356306e-14, 5.39587668438e-14, 5.51080143703e-14],
        "stdev": [6.06639105172e-06, 2.74039193755e-05, 0.000128215790028, 0.0011018072255, 0.00167214951944, 0.00116944173351, 0.00115435943007, 0.00115240330342, 0.00231311586685, 0.00151461956557, 0.00111909164116, 0.000945474661421, 0.000830462784506, 0.000819267239422, 0.000661505910102, 0.000815721519757, 0.00073930749204, 0.000607964931987, 0.000812832091469, 0.00118143390864, 0.000415678718127, 0.000389368942706, 0.000518285436556, 0.000769224192481, 0.00124593754299, 0.000498885812704, 0.00114649324678, 0.00276917521842, 0.00106381694786, 0.000379926117603, 0.000267745315796, 0.000423175864853, 0.000653694325592, 0.000245632487349, 0.000361703743692, 0.000489667814691, 0.000615150900558, 0.000197699366254, 0.000387362815673, 0.000375701056328, 0.000218574612518, 0.000326347188093, 0.00033423374407, 0.000497021304909, 0.000163322547451, 0.00011179404828, 0.000111664427095, 6.22286388534e-05, 0.000125775666675, 0.000158809896675, 6.42166851321e-05, 5.30602883373e-05, 0.000153820408741, 9.217774641e-05, 8.57627674122e-05, 4.44149118266e-05, 3.38249010383e-05, 3.83540209441e-05, 2.81542470475e-05, 3.86074279959e-05, 2.8271055271e-05, 5.4437048675e-05, 4.25344369432e-05, 3.4095828596e-05, 7.98178552941e-06, 7.02646593709e-06, 8.08982622402e-06, 5.79246989219e-06, 6.20690343567e-06, 1.47139589899e-05, 1.08634576463e-05, 5.09506025992e-06, 6.66631922286e-06, 4.19895104642e-06, 4.18193667429e-06, 2.91223341264e-06, 1.89698198483e-06, 1.80720485332e-06, 1.13469866392e-06, 1.22157928217e-06, 1.38625603086e-06, 1.16339333545e-06, 1.32103139094e-06, 9.78363573267e-07, 9.44459941365e-07, 7.97978657374e-07, 1.21681546261e-06, 6.68996108288e-07, 5.27822237473e-07, 4.54521398296e-07, 4.41508973381e-07, 3.52034334128e-07, 3.38267398092e-07, 8.0301373373e-07, 6.81500182509e-07, 6.7329256126e-07, 8.97090330909e-07, 3.24045487332e-07, 1.48666103428e-07, 1.26013674162e-07, 5.58450778954e-08, 4.10651033178e-08, 2.03404066923e-08, 1.61909898821e-08, 7.99733825829e-08, 7.00854769775e-08, 2.71345310665e-08, 1.61773083818e-08, 4.22611945439e-09, 2.86428281093e-09, 2.65671618038e-09, 2.31095698133e-09, 2.24948148997e-09, 2.06273909065e-09, 1.65041780242e-09, 2.68415234483e-10, 2.43208536643e-10, 2.35742786403e-10, 2.28552732295e-10, 2.2210812356e-10, 2.16731993463e-10, 2.11932249528e-10, 2.07503930705e-10, 2.03791566955e-10, 2.00495772762e-10, 1.98285776687e-10, 1.96461527602e-10, 1.95371246958e-10]
    },
    "mfcc": {
        "mean": [-647.975646973, 156.833602905, -22.2449626923, 11.5470266342, -12.2355499268, 1.77304804325, -8.64434242249, 1.1376285553, -15.8469705582, 1.42314815521, -9.38543128967, -4.9719414711, -8.87271499634],
        "cov": [[1624.05029297, -309.491912842, -418.125030518, 84.8337478638, -188.220932007, -13.2005815506, -45.7959060669, 55.9401817322, -50.3959960938, 114.471542358, -56.9926567078, -14.2184648514, -66.1509246826], [-309.491912842, 520.56036377, -25.3095149994, -67.704498291, 96.75440979, -16.6182670593, 76.6725921631, 5.91126441956, -10.4851560593, 3.67867827415, 26.6704216003, -14.6319026947, 10.4285125732], [-418.125030518, -25.3095149994, 561.330627441, 25.5504417419, 36.3971366882, 97.327003479, -33.8839645386, -19.4964351654, 48.2529029846, -59.3045921326, 51.347858429, 55.9525184631, 15.9941110611], [84.8337478638, -67.704498291, 25.5504417419, 243.834747314, 19.6500492096, -37.2765274048, -45.120677948, 10.2041444778, 24.568983078, 2.82137727737, -29.5697154999, 16.0302715302, 10.0406122208], [-188.220932007, 96.75440979, 36.3971366882, 19.6500492096, 175.516769409, -26.8872146606, -21.0441436768, 4.07985830307, 28.0353336334, -19.1287307739, -5.47477865219, 4.07441473007, 18.9212913513], [-13.2005815506, -16.6182670593, 97.327003479, -37.2765274048, -26.8872146606, 144.542282104, 52.4028358459, 0.38171812892, -7.4343047142, 17.8779258728, 33.1555213928, 1.9901227951, -15.4064874649], [-45.7959060669, 76.6725921631, -33.8839645386, -45.120677948, -21.0441436768, 52.4028358459, 160.060913086, 33.1002120972, -21.9361801147, 39.5164756775, 29.9023990631, -24.438533783, -11.2135438919], [55.9401817322, 5.91126441956, -19.4964351654, 10.2041444778, 4.07985830307, 0.38171812892, 33.1002120972, 81.7377319336, 16.5359745026, 11.7683134079, -0.685022652149, -0.186690539122, -6.8002281189], [-50.3959960938, -10.4851560593, 48.2529029846, 24.568983078, 28.0353336334, -7.4343047142, -21.9361801147, 16.5359745026, 90.1341018677, 7.41550683975, -2.79370236397, -0.0747127309442, 2.61721634865], [114.471542358, 3.67867827415, -59.3045921326, 2.82137727737, -19.1287307739, 17.8779258728, 39.5164756775, 11.7683134079, 7.41550683975, 94.4787902832, 13.8156690598, -19.4900398254, -15.7467832565], [-56.9926567078, 26.6704216003, 51.347858429, -29.5697154999, -5.47477865219, 33.1555213928, 29.9023990631, -0.685022652149, -2.79370236397, 13.8156690598, 70.6697463989, 16.140996933, -1.56604456902], [-14.2184648514, -14.6319026947, 55.9525184631, 16.0302715302, 4.07441473007, 1.9901227951, -24.438533783, -0.186690539122, -0.0747127309442, -19.4900398254, 16.140996933, 75.1207809448, 24.970249176], [-66.1509246826, 10.4285125732, 15.9941110611, 10.0406122208, 18.9212913513, -15.4064874649, -11.2135438919, -6.8002281189, 2.61721634865, -15.7467832565, -1.56604456902, 24.970249176, 63.652671814]],
        "icov": [[0.00118175207172, 0.00040112703573, 0.000828010903206, -0.000310206145514, 0.000709799234755, -0.000524297938682, 0.000921648286749, -0.000912508228794, 0.000552380806766, -0.00103938451502, 0.000335579039529, -0.000539859349374, 0.000670470821206], [0.00040112703573, 0.00270881550387, 0.000290779105853, 0.000462579017039, -0.00134435493965, 0.000628100300673, -0.00113569467794, 1.64360208146e-05, 0.000451737869298, -0.000282104068901, -0.000558932835702, -4.09551967095e-06, 7.9862496932e-05], [0.000828010903206, 0.000290779105853, 0.00347493542358, -0.00078883121023, 0.000120155833429, -0.00263177091256, 0.00109755550511, -1.55535326485e-05, -0.00130994583014, 0.00140246155206, -0.00155224371701, -0.00123298785184, 0.000429436942795], [-0.000310206145514, 0.000462579017039, -0.00078883121023, 0.00512073887512, -0.000698928546626, 0.00132262951229, 0.000231185520533, -0.000455293687992, -0.00045528227929, -0.0012412375072, 0.00196814211085, -0.00103536702227, -0.000321486528264], [0.000709799234755, -0.00134435493965, 0.000120155833429, -0.000698928546626, 0.00788866821676, 0.000270401476882, 0.00149007502478, -0.00110265729018, -0.001483411761, 0.000309388065943, 0.000319612270687, 0.000351331633283, -0.00108928338159], [-0.000524297938682, 0.000628100300673, -0.00263177091256, 0.00132262951229, 0.000270401476882, 0.0111733647063, -0.00379243027419, 0.00120367389172, 0.000542436027899, -0.00136081664823, -0.00137045700103, -0.000455289235106, 0.00167532404885], [0.000921648286749, -0.00113569467794, 0.00109755550511, 0.000231185520533, 0.00149007502478, -0.00379243027419, 0.0120700430125, -0.0055646286346, 0.00311989639886, -0.00309419515543, -0.00283368467353, 0.00323716900311, -0.0012307226425], [-0.000912508228794, 1.64360208146e-05, -1.55535326485e-05, -0.000455293687992, -0.00110265729018, 0.00120367389172, -0.0055646286346, 0.016115680337, -0.00434349151328, 0.000957497803029, 0.00117943028454, -0.00243956758641, 0.00188670365606], [0.000552380806766, 0.000451737869298, -0.00130994583014, -0.00045528227929, -0.001483411761, 0.000542436027899, 0.00311989639886, -0.00434349151328, 0.0146653233096, -0.00361852371134, 0.000227815311518, 0.00154142663814, -0.000538386346307], [-0.00103938451502, -0.000282104068901, 0.00140246155206, -0.0012412375072, 0.000309388065943, -0.00136081664823, -0.00309419515543, 0.000957497803029, -0.00361852371134, 0.0158537141979, -0.00412821909413, 0.00269537628628, 0.000857128121424], [0.000335579039529, -0.000558932835702, -0.00155224371701, 0.00196814211085, 0.000319612270687, -0.00137045700103, -0.00283368467353, 0.00117943028454, 0.000227815311518, -0.00412821909413, 0.0207519251853, -0.00629360368475, 0.00166882760823], [-0.000539859349374, -4.09551967095e-06, -0.00123298785184, -0.00103536702227, 0.000351331633283, -0.000455289235106, 0.00323716900311, -0.00243956758641, 0.00154142663814, 0.00269537628628, -0.00629360368475, 0.0198823455721, -0.00734326895326], [0.000670470821206, 7.9862496932e-05, 0.000429436942795, -0.000321486528264, -0.00108928338159, 0.00167532404885, -0.0012307226425, 0.00188670365606, -0.000538386346307, 0.000857128121424, 0.00166882760823, -0.00734326895326, 0.0202067308128]]
    },
    "spectral_contrast_coeffs": {
        "max": [-0.438349068165, -0.527378022671, -0.454167515039, -0.595388054848, -0.59005522728, -0.585952818394],
        "mean": [-0.6575948596, -0.753403186798, -0.731966972351, -0.772043168545, -0.779150426388, -0.739620089531],
        "min": [-0.84391617775, -0.910513579845, -0.90139400959, -0.892329752445, -0.872352898121, -0.870077967644],
        "stdev": [0.0647554844618, 0.0597635358572, 0.0751969143748, 0.056041367352, 0.0450299680233, 0.0434350892901]
    },
    "spectral_contrast_valleys": {
        "max": [-5.38587617874, -4.28527879715, -5.48873329163, -6.05271244049, -6.45019626617, -9.71141433716],
        "mean": [-6.7883887291, -6.22015714645, -6.91896152496, -7.43148088455, -7.81404542923, -11.1418609619],
        "min": [-8.65768432617, -7.87669897079, -8.45507049561, -9.16281223297, -9.60766983032, -12.4719009399],
        "stdev": [0.530078530312, 0.470374584198, 0.445154547691, 0.452310502529, 0.550029754639, 0.420372366905]
    }
},
"rhythm": {
    "beats_count": 115,
    "beats_loudness": {
        "max": 0.0979760736227,
        "mean": 0.036909095943,
        "min": 0.00890690647066,
        "stdev": 0.0150997852907
    },
    "bpm": 132.723602295,
    "bpm_histogram_first_peak_bpm": 133,
    "bpm_histogram_first_peak_weight": 0.339285671711,
    "bpm_histogram_second_peak_bpm": 144,
    "bpm_histogram_second_peak_spread": 0.5,
    "bpm_histogram_second_peak_weight": 0.00877192988992,
    "danceability": 1.23460638523,
    "onset_rate": 3.94209265709,
    "beats_loudness_band_ratio": {
        "max": [0.655432105064, 0.6920388937, 0.794052779675, 0.74249714613, 0.280582100153, 0.0528028309345],
        "mean": [0.211127877235, 0.260894030333, 0.314984321594, 0.23075401783, 0.0767053589225, 0.0180789064616],
        "min": [0.0246312562376, 0.0464019142091, 0.0623240955174, 0.031961299479, 0.00793578755111, 0.00424702605233],
        "stdev": [0.131298333406, 0.133626163006, 0.145586133003, 0.163329079747, 0.0602716058493, 0.0104202684015]
    },
