{
"metadata": {
    "version": {
        "essentia": "2.1-beta5",
        "essentia_git_sha": "Undefined",
        "extractor": "music 2.0"
    },
    "audio_properties": {
        "analysis": {
            "equal_loudness": 0,
            "length": 48.7502937317,
            "sample_rate": 44100,
            "start_time": 110.248344421,
            "downmix": "mix"
        },
        "bit_rate": 192000,
        "length": 187.083190918,
        "lossless": 0,
        "number_channels": 2,
        "replay_gain": -14.1784305573,
        "sample_rate": 48000,
        "codec": "mp3",
        "md5_encoded": "4b4349ca400bb571ec305630beb68932"
    },
    "tags": {
        "file_name": "Germany_Johnny Blue_Lena Valaitis.mp3",
        "encoding": ["Lavf58.29.100"]
    }
},
"lowlevel": {
    "average_loudness": 0.818024516106,
    "barkbands_crest": {
        "max": 23.5638866425,
        "mean": 9.79991149902,
        "min": 2.72210383415,
        "stdev": 3.857868433
    },
    "barkbands_flatness_db": {
        "max": 0.245447009802,
        "mean": 0.128661632538,
        "min": 0.04765015468,
        "stdev": 0.0322874039412
    },
    "barkbands_kurtosis": {
        "max": 39.6347770691,
        "mean": 1.84465694427,
        "min": -1.7136092186,
        "stdev": 4.45012807846
    },
    "barkbands_skewness": {
        "max": 5.34369897842,
        "mean": 0.662180662155,
        "min": -1.62978541851,
        "stdev": 0.990831136703
    },
    "barkbands_spread": {
        "max": 69.0089111328,
        "mean": 15.8518953323,
        "min": 2.89091277122,
        "stdev": 6.86344623566
    },
    "dissonance": {
        "max": 0.5,
        "mean": 0.460462212563,
        "min": 0.273317068815,
        "stdev": 0.0293107088655
    },
    "dynamic_complexity": 3.60906624794,
    "erbbands_crest": {
        "max": 30.2388534546,
        "mean": 10.9466924667,
        "min": 2.79823374748,
        "stdev": 4.6258020401
    },
    "erbbands_flatness_db": {
        "max": 0.300331175327,
        "mean": 0.205649361014,
        "min": 0.0979094952345,
        "stdev": 0.0344404727221
    },
    "erbbands_kurtosis": {
        "max": 36.8063163757,
        "mean": 0.751880705357,
        "min": -1.70785295963,
        "stdev": 2.00207400322
    },
    "erbbands_skewness": {
        "max": 4.971180439,
        "mean": 0.323168724775,
        "min": -2.47567987442,
        "stdev": 0.63016474247
    },
    "erbbands_spread": {
        "max": 87.6740264893,
        "mean": 23.3066368103,
        "min": 4.21660661697,
        "stdev": 11.4546766281
    },
    "hfc": {
        "max": 85.2474441528,
        "mean": 23.4234333038,
        "min": 0.190633043647,
        "stdev": 20.5942935944
    },
    "loudness_ebu128": {
        "integrated": -10.1848077774,
        "loudness_range": 7.60055398941,
        "momentary": {
            "max": -5.83847379684,
            "mean": -11.8651742935,
            "min": -25.5729389191,
            "stdev": 4.14762353897
        },
        "short_term": {
            "max": -6.95428562164,
            "mean": -11.1943750381,
            "min": -19.3923892975,
            "stdev": 2.84060382843
        }
    },
    "melbands_crest": {
        "max": 29.0447769165,
        "mean": 11.6594829559,
        "min": 3.78200411797,
        "stdev": 4.65955352783
    },
    "melbands_flatness_db": {
        "max": 0.346046477556,
        "mean": 0.170234054327,
        "min": 0.0535739585757,
        "stdev": 0.0477886386216
    },
    "melbands_kurtosis": {
        "max": 94.3073272705,
        "mean": 3.34828710556,
        "min": -1.72873103619,
        "stdev": 5.98121929169
    },
    "melbands_skewness": {
        "max": 8.57594203949,
        "mean": 1.04759609699,
        "min": -1.07704997063,
        "stdev": 1.10159683228
    },
    "melbands_spread": {
        "max": 138.764022827,
        "mean": 26.3070812225,
        "min": 2.78456306458,
        "stdev": 13.0085048676
    },
    "pitch_salience": {
        "max": 0.833192765713,
        "mean": 0.584421157837,
        "min": 0.230314895511,
        "stdev": 0.0974446088076
    },
    "silence_rate_20dB": {
        "max": 1,
        "mean": 1,
        "min": 1,
        "stdev": 0
    },
    "silence_rate_30dB": {
        "max": 1,
        "mean": 1,
        "min": 1,
        "stdev": 0
    },
    "silence_rate_60dB": {
        "max": 1,
        "mean": 0.109947644174,
        "min": 0,
        "stdev": 0.312822461128
    },
    "spectral_centroid": {
        "max": 3776.36376953,
        "mean": 1530.18225098,
        "min": 273.814666748,
        "stdev": 535.023254395
    },
    "spectral_complexity": {
        "max": 40,
        "mean": 18.8748207092,
        "min": 1,
        "stdev": 8.89005661011
    },
    "spectral_decrease": {
        "max": -6.7643432522e-11,
        "mean": -4.38488090282e-09,
        "min": -1.71883876021e-08,
        "stdev": 3.33851724044e-09
    },
    "spectral_energy": {
        "max": 0.0726051256061,
        "mean": 0.0186741389334,
        "min": 0.000272592529655,
        "stdev": 0.0143826240674
    },
    "spectral_energyband_high": {
        "max": 0.00728721730411,
        "mean": 0.000488636840601,
        "min": 2.58574777945e-06,
        "stdev": 0.000645552761853
    },
    "spectral_energyband_low": {
        "max": 0.0028716949746,
        "mean": 0.000384292303352,
        "min": 5.56532177143e-06,
        "stdev": 0.000327009853208
    },
    "spectral_energyband_middle_high": {
        "max": 0.0642031729221,
        "mean": 0.0120198279619,
        "min": 1.05485614768e-05,
        "stdev": 0.0127519769594
    },
    "spectral_energyband_middle_low": {
        "max": 0.0367479920387,
        "mean": 0.00604787748307,
        "min": 0.000189448066521,
        "stdev": 0.0051420237869
    },
    "spectral_entropy": {
        "max": 8.34321784973,
        "mean": 7.3814291954,
        "min": 6.31852245331,
        "stdev": 0.306536108255
    },
    "spectral_flux": {
        "max": 0.24002571404,
        "mean": 0.0794553533196,
        "min": 0.00648640748113,
        "stdev": 0.0471424348652
    },
    "spectral_kurtosis": {
        "max": 19.7026920319,
        "mean": 5.39374637604,
        "min": -0.0826845169067,
        "stdev": 2.95251107216
    },
    "spectral_rms": {
        "max": 0.00841630995274,
        "mean": 0.00391214247793,
        "min": 0.000515697523952,
        "stdev": 0.0017069845926
    },
    "spectral_rolloff": {
        "max": 8182.6171875,
        "mean": 1751.32043457,
        "min": 193.798828125,
        "stdev": 758.41217041
    },
    "spectral_skewness": {
        "max": 3.40936803818,
        "mean": 1.5085862875,
        "min": 0.0998414382339,
        "stdev": 0.461072921753
    },
    "spectral_spread": {
        "max": 8684762,
        "mean": 3171131.25,
        "min": 2147385.25,
        "stdev": 594050.875
    },
    "spectral_strongpeak": {
        "max": 11.284365654,
        "mean": 2.12322044373,
        "min": 0.0275606550276,
        "stdev": 1.99912619591
    },
    "zerocrossingrate": {
        "max": 0.19384765625,
        "mean": 0.0648242756724,
        "min": 0.01611328125,
        "stdev": 0.0194355770946
    },
    "barkbands": {
        "max": [0.000108407351945, 0.000758916023187, 0.00157615588978, 0.0050450116396, 0.0231300294399, 0.0262799933553, 0.0176295917481, 0.0150097701699, 0.0220394283533, 0.0410847179592, 0.0504186339676, 0.0330858938396, 0.0413117483258, 0.0245492383838, 0.0297005381435, 0.0130235273391, 0.0146189099178, 0.00588895613328, 0.00431684125215, 0.00613236986101, 0.00338738551363, 0.00087779056048, 0.000579000450671, 0.00127692171372, 6.48992790957e-05, 3.15946431328e-06, 2.19880530494e-05],
        "mean": [9.54666757025e-06, 0.000122757483041, 0.000116272523883, 0.000392221438233, 0.00107775337528, 0.00153337256052, 0.00117641151883, 0.00041559318197, 0.00118180003483, 0.00154893985018, 0.00179337360896, 0.00172458810266, 0.00251103052869, 0.00107562786434, 0.00149098574184, 0.000519677007105, 0.000586296839174, 0.000458520255052, 0.000287763745291, 0.000341906066751, 0.000177157053258, 5.82273678447e-05, 4.3999771151e-05, 2.27241143875e-05, 2.78153243016e-06, 6.22960044439e-07, 4.19897332904e-06],
        "min": [5.3208513151e-08, 1.69679901774e-06, 2.4502156748e-07, 2.67824304956e-07, 2.57705687545e-06, 1.38241894092e-05, 3.39316352438e-06, 7.35159005671e-07, 1.88155058822e-06, 8.51435345339e-07, 5.71561031393e-07, 8.75596299466e-07, 1.18475611544e-06, 6.06852040619e-07, 6.27238080142e-07, 3.70717486931e-07, 3.10053366093e-07, 4.99011377997e-07, 3.40216985251e-07, 3.50169784724e-07, 3.79650202831e-07, 2.86720734266e-07, 2.65718682613e-07, 2.01872879302e-07, 1.00532133729e-07, 8.5760873958e-08, 7.14623809017e-08],
        "stdev": [8.76081867318e-06, 9.42493570619e-05, 0.000151899454067, 0.000578565290198, 0.00175587646663, 0.00249187555164, 0.00193585734814, 0.00086277758237, 0.00236578495242, 0.00332595757209, 0.00381114007905, 0.00375930033624, 0.00431730691344, 0.00256641535088, 0.00343567039818, 0.00123422057368, 0.00108941283543, 0.000658940523863, 0.000382951897336, 0.000508165918291, 0.00026196410181, 8.35072933114e-05, 5.22172304045e-05, 4.61962663394e-05, 4.51140158475e-06, 3.01362831578e-07, 3.3521421301e-06]
    },
    "erbbands": {
        "max": [0.0129090920091, 0.222109481692, 1.31296420097, 8.02256393433, 80.228843689, 67.5987854004, 153.908325195, 322.228973389, 259.283477783, 267.415802002, 333.796112061, 556.718811035, 1430.83410645, 1587.44763184, 834.873291016, 1596.35949707, 1808.78637695, 1343.49243164, 1902.04748535, 879.530822754, 575.075439453, 479.505462646, 396.38369751, 352.446228027, 125.08429718, 213.835037231, 257.884277344, 99.5511627197, 33.3976478577, 16.8990898132, 18.7053394318, 20.4949226379, 19.8963985443, 0.987883508205, 0.298310130835, 0.02992089279, 0.00677264854312, 0.035314515233, 0.000896252109669, 9.19745143619e-05],
        "mean": [0.00239652884193, 0.0324800685048, 0.120277546346, 0.727280318737, 2.56184673309, 3.80954194069, 6.09358406067, 15.3935670853, 15.706908226, 14.076666832, 12.4827461243, 22.1699962616, 41.4194755554, 80.5396347046, 48.2846908569, 73.7017364502, 112.788131714, 63.2863883972, 82.1686859131, 49.4496765137, 31.3980312347, 33.0798988342, 26.1561203003, 19.1588001251, 14.7584733963, 13.9586753845, 11.4181480408, 4.40110254288, 2.25242877007, 1.58886408806, 1.21263933182, 0.595789015293, 0.32068580389, 0.0588716045022, 0.00995943788439, 0.00186932715587, 0.00179594371002, 0.00679044984281, 0.000229076875257, 2.8118114642e-05],
        "min": [8.83431275724e-05, 0.000573366938625, 0.00050858000759, 0.000621676503215, 0.00471734488383, 0.0114143816754, 0.0459755733609, 0.112394846976, 0.137878105044, 0.132877752185, 0.0674457848072, 0.0903346538544, 0.0521611273289, 0.0396343246102, 0.034588418901, 0.0488167703152, 0.0583767741919, 0.0428983718157, 0.0442583337426, 0.032711006701, 0.0224760733545, 0.0212714448571, 0.0312014427036, 0.0253501310945, 0.0181785169989, 0.0155144482851, 0.0165323410183, 0.0111449994147, 0.0100588649511, 0.00884228944778, 0.00667883781716, 0.0047412244603, 0.00264187436551, 0.00145398429595, 0.000572788645513, 0.000216859189095, 0.000217000007979, 0.000271675380645, 1.20974209494e-05, 1.26927841393e-06],
        "stdev": [0.00186711119022, 0.0251913033426, 0.132751509547, 0.954051077366, 5.54071187973, 5.54940605164, 9.43680953979, 27.9964370728, 25.3322315216, 25.4138622284, 23.4955940247, 42.7508621216, 88.3311309814, 138.627075195, 79.6063995361, 150.99017334, 190.987518311, 111.898544312, 204.068908691, 95.3549880981, 56.6911048889, 53.6929664612, 37.438419342, 25.3169612885, 16.729221344, 20.1437778473, 19.772977829, 6.5155415535, 3.38253712654, 2.02799153328, 1.46167731285, 0.870202898979, 0.749073326588, 0.0900054648519, 0.0201235506684, 0.00210001762025, 0.000984069891274, 0.00541586522013, 0.000137858383823, 1.9458891984e-05]
    },
    "gfcc": {
        "mean": [-24.1312522888, 91.3123397827, -157.148101807, 9.62979984283, -55.4131660461, -5.10816001892, -28.6183223724, -13.8772249222, -20.0314083099, -8.09560012817, -6.14434480667, -0.566707730293, -12.484331131],
        "cov": [[3412.12133789, -438.368713379, -1417.421875, 378.900878906, -112.024703979, 374.793151855, 213.727844238, 1.41187655926, -0.685284078121, -178.786697388, 116.828117371, -214.521987915, 168.672180176], [-438.368713379, 287.139587402, 224.355895996, -135.244232178, 51.8643074036, -118.421592712, -42.0718650818, -31.2853679657, -44.7350082397, 6.74680805206, -24.1736736298, 8.19739723206, -39.5071563721], [-1417.421875, 224.355895996, 801.087646484, -89.791595459, -30.6587810516, -196.988388062, -164.364852905, -21.7960014343, -22.5089588165, 30.7525138855, -69.0548858643, 75.8437728882, -88.7116470337], [378.900878906, -135.244232178, -89.791595459, 278.714904785, -71.3311691284, 32.7757377625, -32.8596725464, -13.1864070892, 21.8428077698, -49.5595970154, -19.8403892517, -25.2881183624, 14.8831195831], [-112.024703979, 51.8643074036, -30.6587810516, -71.3311691284, 174.580734253, -7.92540073395, 4.02419805527, 1.65466010571, -5.6263794899, 4.0672712326, -24.7410621643, 18.917930603, 17.2241001129], [374.793151855, -118.421592712, -196.988388062, 32.7757377625, -7.92540073395, 198.36819458, 79.9366226196, -7.52223205566, -7.44832897186, -14.4680967331, 15.6778364182, -36.5535964966, 11.8204631805], [213.727844238, -42.0718650818, -164.364852905, -32.8596725464, 4.02419805527, 79.9366226196, 157.482849121, 5.81664800644, -18.0634326935, 20.4551258087, 16.6669979095, -18.3031044006, -8.86638736725], [1.41187655926, -31.2853679657, -21.7960014343, -13.1864070892, 1.65466010571, -7.52223205566, 5.81664800644, 97.1785354614, 41.2479705811, -14.6869316101, -2.30698013306, -2.86028027534, 21.1073265076], [-0.685284078121, -44.7350082397, -22.5089588165, 21.8428077698, -5.6263794899, -7.44832897186, -18.0634326935, 41.2479705811, 85.1379623413, 19.1672286987, -12.751578331, 11.1961898804, 7.87847757339], [-178.786697388, 6.74680805206, 30.7525138855, -49.5595970154, 4.0672712326, -14.4680967331, 20.4551258087, -14.6869316101, 19.1672286987, 108.006744385, 42.2561378479, 12.40097332, -15.3395195007], [116.828117371, -24.1736736298, -69.0548858643, -19.8403892517, -24.7410621643, 15.6778364182, 16.6669979095, -2.30698013306, -12.751578331, 42.2561378479, 107.962791443, 18.0962238312, -0.248740673065], [-214.521987915, 8.19739723206, 75.8437728882, -25.2881183624, 18.917930603, -36.5535964966, -18.3031044006, -2.86028027534, 11.1961898804, 12.40097332, 18.0962238312, 97.4237594604, 17.0383815765], [168.672180176, -39.5071563721, -88.7116470337, 14.8831195831, 17.2241001129, 11.8204631805, -8.86638736725, 21.1073265076, 7.87847757339, -15.3395195007, -0.248740673065, 17.0383815765, 88.3134765625]],
        "icov": [[0.00213175895624, -0.000350811664248, 0.00329222972505, -0.000977697432972, 0.00123870407697, -2.34384042415e-05, 9.95459631667e-05, 0.0013426245423, -0.000563563313335, 0.00260216509923, -0.001573013491, 0.00194836757146, -0.00118402240332], [-0.000350811664248, 0.00846618041396, -0.00182094192132, 0.00355558632873, -0.00180066016037, 0.00402683857828, -0.000323026353726, 0.00287560839206, 0.00101853592787, 0.00182660296559, -9.13567710086e-05, 0.00224750558846, 0.000914052827284], [0.00329222972505, -0.00182094192132, 0.00922525022179, -0.00125777977519, 0.00412884075195, -0.000174816712388, 0.00461181532592, -0.00137510895729, 0.00418192986399, -0.000205555625143, 0.00276262033731, -0.00151283037849, 0.00227697868831], [-0.000977697432972, 0.00355558632873, -0.00125777977519, 0.00720729259774, 0.00102128414437, 0.0012311815517, 0.00125443097204, 0.00275430618785, -0.00155917217489, 0.001854008995, 0.00128392141778, 0.000607420981396, 0.000431084336014], [0.00123870407697, -0.00180066016037, 0.00412884075195, 0.00102128414437, 0.00918960291892, -0.00097921746783, 0.00243304902688, -0.00133326277137, 0.002984944731, -0.0016393349506, 0.00437436113134, -0.00269619724713, -0.000312839110848], [-2.34384042415e-05, 0.00402683857828, -0.000174816712388, 0.0012311815517, -0.00097921746783, 0.00997124705464, -0.00407896470279, 0.00403246469796, -0.00178785633761, 0.00362017354928, -0.00215983949602, 0.00366571755148, -0.000978859025054], [9.95459631667e-05, -0.000323026353726, 0.00461181532592, 0.00125443097204, 0.00243304902688, -0.00407896470279, 0.0146560771391, -0.00677078450099, 0.00981274247169, -0.00788816995919, 0.00682459818199, -0.00490134907886, 0.0059669893235], [0.0013426245423, 0.00287560839206, -0.00137510895729, 0.00275430618785, -0.00133326277137, 0.00403246469796, -0.00677078450099, 0.0226370003074, -0.0164642166346, 0.0130456853658, -0.00910399947315, 0.00889874715358, -0.00750094745308], [-0.000563563313335, 0.00101853592787, 0.00418192986399, -0.00155917217489, 0.002984944731, -0.00178785633761, 0.00981274247169, -0.0164642166346, 0.0302201416343, -0.0159547980875, 0.0138314571232, -0.0101300412789, 0.00709902914241], [0.00260216509923, 0.00182660296559, -0.000205555625143, 0.001854008995, -0.0016393349506, 0.00362017354928, -0.00788816995919, 0.0130456853658, -0.0159547980875, 0.0251014772803, -0.0148341264576, 0.00901874899864, -0.00474495394155], [-0.001573013491, -9.13567710086e-05, 0.00276262033731, 0.00128392141778, 0.00437436113134, -0.00215983949602, 0.00682459818199, -0.00910399947315, 0.0138314571232, -0.0148341264576, 0.0222853999585, -0.0108368489891, 0.00616219826043], [0.00194836757146, 0.00224750558846, -0.00151283037849, 0.000607420981396, -0.00269619724713, 0.00366571755148, -0.00490134907886, 0.00889874715358, -0.0101300412789, 0.00901874899864, -0.0108368489891, 0.0204430110753, -0.00842594634742], [-0.00118402240332, 0.000914052827284, 0.00227697868831, 0.000431084336014, -0.000312839110848, -0.000978859025054, 0.0059669893235, -0.00750094745308, 0.00709902914241, -0.00474495394155, 0.00616219826043, -0.00842594634742, 0.018977554515]]
    },
    "melbands": {
        "max": [0.0001504443062, 0.000479701033328, 0.00332327745855, 0.00552978133783, 0.00541554950178, 0.00633592996746, 0.003437503241, 0.00253261323087, 0.00292348256335, 0.00348667963408, 0.00735657522455, 0.00584753369913, 0.00463440967724, 0.00340118142776, 0.00462869228795, 0.00563838006929, 0.00288976798765, 0.00359791330993, 0.00198144605383, 0.00132521742489, 0.000988536165096, 0.000664503022563, 0.00025195805938, 0.000384251587093, 0.000315290439175, 0.00011875959899, 0.000166345373145, 0.000208684650715, 0.000261463253992, 0.000107581945485, 5.23133603565e-05, 2.0989411496e-05, 1.71697865881e-05, 1.09298543975e-05, 1.30534472191e-05, 5.9108519963e-06, 2.00609447347e-05, 2.11689148273e-05, 2.43188651439e-06, 4.89918420499e-07],
        "mean": [2.9617216569e-05, 6.08275186096e-05, 0.000183412368642, 0.000231759593589, 0.000203084433451, 0.000328372087097, 0.0002492890344, 0.000135979411425, 0.000105865445221, 0.000156588037498, 0.00021085528715, 0.000325045693899, 0.000193040512386, 0.000157936941832, 0.000253276404692, 0.000237021245994, 9.69911416178e-05, 0.000130569125758, 0.000107159590698, 3.87143227272e-05, 3.55787778972e-05, 3.70647539967e-05, 2.14976334973e-05, 2.41751968133e-05, 1.46129523273e-05, 1.02937865449e-05, 1.15204084068e-05, 8.96966139408e-06, 8.39031690703e-06, 4.17301043854e-06, 1.94120116248e-06, 1.3609569578e-06, 9.20472473354e-07, 8.52988705446e-07, 7.61069543387e-07, 4.98780764246e-07, 3.13690208031e-07, 2.68144049187e-07, 1.08527771658e-07, 2.81657168699e-08],
        "min": [6.79642994328e-07, 4.28860460033e-07, 1.62837793027e-07, 2.62819753516e-07, 1.32600075631e-06, 2.61121545009e-06, 2.23302231461e-06, 4.64952279344e-07, 3.47532136402e-07, 4.38223935362e-07, 1.26869579731e-07, 1.29997033582e-07, 8.64033466996e-08, 8.75558114899e-08, 7.16566717074e-08, 1.0780205173e-07, 7.35300957899e-08, 3.91290662094e-08, 5.23982599532e-08, 2.74743392481e-08, 2.21244924603e-08, 1.85529707153e-08, 1.87477748881e-08, 3.10584269414e-08, 1.20909673385e-08, 1.15134328738e-08, 9.61237134334e-09, 8.88216256101e-09, 8.68422400657e-09, 6.26618579247e-09, 4.93058305295e-09, 4.87012785655e-09, 4.64052840599e-09, 4.08643963112e-09, 3.55601192936e-09, 3.08246339564e-09, 2.40245912053e-09, 1.73693004424e-09, 1.24744981012e-09, 8.83989215161e-10],
        "stdev": [2.14699484786e-05, 5.5132957641e-05, 0.000288668234134, 0.000391828856664, 0.000297462713206, 0.000563125126064, 0.000379108183552, 0.000248557538725, 0.000217407927266, 0.000317660073051, 0.000463245785795, 0.000560660089832, 0.00037371495273, 0.000362330232747, 0.000510049634613, 0.000438758754171, 0.000213378778426, 0.000363699626178, 0.000234112871112, 0.000108751075459, 7.58913884056e-05, 6.64798353682e-05, 3.05513167405e-05, 3.98361371481e-05, 2.21603386308e-05, 1.42830858749e-05, 1.54003482749e-05, 1.64948796737e-05, 1.74682663783e-05, 7.0324981607e-06, 3.49753122464e-06, 2.32564775615e-06, 1.30496323436e-06, 1.154865231e-06, 9.71569079411e-07, 5.84074598464e-07, 6.58363489947e-07, 7.46314412936e-07, 1.87386632433e-07, 4.26293986777e-08]
    },
    "melbands128": {
        "max": [7.45987781556e-05, 0.000102702142613, 0.000186885314179, 0.000445135781774, 0.000666088424623, 0.000918448087759, 0.00184712349437, 0.00349873537198, 0.0100144287571, 0.00802444014698, 0.00422059884295, 0.00755782984197, 0.00638510007411, 0.00638950709254, 0.00968546420336, 0.0119135677814, 0.00770941143855, 0.00609552394599, 0.00738771026954, 0.00491339992732, 0.00332429632545, 0.00566774513572, 0.00511618237942, 0.00574578903615, 0.00581155717373, 0.00746947247535, 0.0112182786688, 0.0129646994174, 0.010025463067, 0.0123639870435, 0.0102339815348, 0.0137828020379, 0.00491022877395, 0.00438724178821, 0.00738832820207, 0.00720606697723, 0.00846204441041, 0.00934823788702, 0.00745354127139, 0.00711350562051, 0.00975599419326, 0.00932556949556, 0.00424158247188, 0.0057376534678, 0.00612302077934, 0.00818206649274, 0.00579298008233, 0.00439412659034, 0.00282946624793, 0.00234372261912, 0.00273927906528, 0.00199820916168, 0.00100327050313, 0.00238499208353, 0.00211056321859, 0.00137683504727, 0.000938977638725, 0.000600940256845, 0.000426344980951, 0.00097127474146, 0.00077262200648, 0.000733788416255, 0.000876238977071, 0.000495103304274, 0.000347998255165, 0.000262172776274, 0.000138989606057, 0.000285184418317, 0.000338397163432, 0.000136937160278, 0.000334599695634, 0.000625072105322, 0.000627544475719, 0.000351289374521, 0.000206527678529, 0.000236403153394, 7.52062333049e-05, 0.000122118275613, 5.68321593164e-05, 4.40785734099e-05, 3.92042529711e-05, 2.68792537099e-05, 2.6821564461e-05, 1.81905634236e-05, 1.54009067046e-05, 1.64342818607e-05, 1.89212551049e-05, 1.77486199391e-05, 1.79740782187e-05, 1.03085158116e-05, 7.38063727113e-06, 7.96979202278e-06, 5.07426875629e-06, 6.23367213848e-06, 5.32420417585e-05, 2.59420303337e-05, 2.01947023015e-05, 4.75165506941e-06, 4.57299529444e-06, 1.65548919995e-06, 7.7247881336e-07, 6.85014299506e-07, 6.88980890118e-07, 3.46486274339e-07, 6.97987843523e-07, 6.87761769314e-07, 1.57929008537e-07, 4.8032283928e-08, 2.26366321243e-08, 2.54119196796e-08, 2.73091291803e-08, 4.40810943303e-08, 2.01659098309e-08, 1.96903329197e-08, 1.97510043876e-08, 3.61531959925e-07, 7.63954858485e-07, 2.82846883692e-08, 2.97539841654e-08, 2.01516705545e-08, 1.91305531416e-08, 1.3022916967e-08, 1.62610920285e-08, 1.1895632257e-09, 1.16086917856e-09, 1.14887999114e-09, 1.14186116118e-09, 1.13729625717e-09],
        "mean": [6.82057725498e-06, 1.2605516531e-05, 4.23081910412e-05, 5.63591711398e-05, 5.07307813677e-05, 6.256843335e-05, 0.000120129079733, 0.000229447687161, 0.000272190925898, 0.00023493928893, 0.000216647647903, 0.000163436838193, 0.000191807208466, 0.000247331598075, 0.000387239473639, 0.000357384386007, 0.000229810044402, 0.000233593993471, 0.000275990692899, 0.000145448124385, 6.89112421242e-05, 9.31156755541e-05, 0.000111611931061, 0.000126491271658, 9.58438686212e-05, 0.000192441555555, 0.000241677538725, 0.000153244225658, 0.000257233972661, 0.000259117368842, 0.000383136357414, 0.000413782749092, 0.000116869385238, 8.84857581696e-05, 0.000172716987436, 0.000150090403622, 0.000172003885382, 0.000319677987136, 0.000243168629822, 0.000251916644629, 0.000274778460152, 0.000150444437168, 7.57770903874e-05, 7.13338667993e-05, 0.000120107048133, 0.000161907330039, 0.00011250992975, 0.000148381688632, 8.26930190669e-05, 2.99833627651e-05, 4.14867317886e-05, 3.75511481252e-05, 3.05927096633e-05, 4.19103380409e-05, 3.12490410579e-05, 4.41257980128e-05, 3.45092557836e-05, 1.76562207344e-05, 1.66451609402e-05, 2.76627906715e-05, 2.74539743259e-05, 2.04822590604e-05, 1.41928312587e-05, 1.37156685014e-05, 1.40883876156e-05, 9.39972960623e-06, 7.65332697483e-06, 1.28297942865e-05, 1.41162317959e-05, 6.69624796501e-06, 7.76136039349e-06, 1.10797382149e-05, 1.05819226519e-05, 7.37899199521e-06, 6.55105350233e-06, 4.96454140375e-06, 2.48425430982e-06, 2.89680860988e-06, 1.67349196545e-06, 1.30942589749e-06, 1.64928428603e-06, 1.26389477373e-06, 8.73824888004e-07, 9.28662700517e-07, 9.41874077398e-07, 8.13061205918e-07, 8.69540997428e-07, 8.34723948628e-07, 8.2674313262e-07, 6.33017918972e-07, 5.74861303448e-07, 4.67978679808e-07, 3.60458585646e-07, 2.55529357673e-07, 3.39049449849e-07, 3.21614351151e-07, 2.73559095376e-07, 1.64356748655e-07, 1.22924021184e-07, 6.89635868412e-08, 3.15611252688e-08, 2.55813095151e-08, 1.64945230807e-08, 1.08040740798e-08, 1.00932062708e-08, 8.70028582511e-09, 4.45516690206e-09, 2.76849676517e-09, 2.25968821432e-09, 2.15430784323e-09, 2.13182205222e-09, 2.07487915738e-09, 2.16591766744e-09, 2.22778706593e-09, 3.52402151904e-09, 6.72214213182e-08, 1.38654641546e-07, 3.93931953724e-09, 2.10220485464e-09, 1.82724191333e-09, 1.66006564051e-09, 1.33207289643e-09, 7.98443200445e-10, 2.67288708528e-11, 3.75653371257e-12, 3.64435348219e-12, 3.57860529404e-12, 3.55405375269e-12],
        "min": [1.05015718344e-09, 5.89463517997e-08, 7.46694695408e-07, 4.12862675603e-07, 2.70991648676e-07, 8.79164048229e-08, 1.01639997752e-07, 1.39516131981e-07, 2.05328404945e-07, 6.57158238937e-08, 9.0098325245e-08, 8.91864431196e-08, 1.66202482887e-07, 7.49923856347e-07, 8.31211195873e-07, 3.08066603338e-07, 2.09339532375e-07, 3.70771886082e-07, 2.10431849723e-07, 2.27009181231e-07, 4.46391617004e-08, 2.79173910656e-08, 1.51405444626e-07, 5.16033296094e-08, 6.50625011644e-08, 8.61077822378e-08, 4.02472934979e-08, 6.83890410969e-09, 2.63417643254e-08, 2.90784054613e-08, 1.09421179673e-07, 5.29925543447e-08, 3.38856693816e-08, 2.77541225557e-08, 4.31242739296e-08, 1.87461282053e-08, 2.27258603047e-08, 5.43631593075e-08, 3.01599669683e-08, 2.55694665441e-08, 2.1872368805e-08, 3.61672327642e-08, 4.74809098705e-08, 3.09642125274e-08, 1.82338339982e-08, 2.79438050477e-09, 1.64746563058e-08, 2.61713282157e-08, 3.71363562124e-08, 1.04489394914e-08, 1.51342156585e-08, 8.74705818887e-09, 1.29433468388e-08, 4.33228120045e-09, 1.17870806449e-08, 9.52141387955e-09, 9.71980274045e-09, 8.76551986551e-09, 9.12809294817e-09, 1.77422130321e-08, 1.51917962654e-08, 6.36562491607e-09, 4.07229316934e-09, 5.09232656043e-09, 6.81473455444e-09, 6.51353282421e-09, 6.26396445824e-09, 7.11228143047e-09, 6.07212902182e-09, 4.41782965765e-09, 5.51990231301e-09, 5.68995961459e-09, 5.60277113593e-09, 4.40885994379e-09, 4.66613414574e-09, 3.20775761509e-09, 4.28415702913e-09, 2.63591992677e-09, 3.36818528623e-09, 2.58870702652e-09, 2.70338196273e-09, 3.31593930092e-09, 3.16084114438e-09, 3.23301141414e-09, 2.84122125827e-09, 2.71809019736e-09, 2.8326507806e-09, 1.92803706334e-09, 2.44442510677e-09, 2.80664558261e-09, 1.81855475123e-09, 1.51621037947e-09, 1.36529421102e-09, 1.82568138385e-09, 1.05914921278e-09, 1.39361966411e-09, 1.18098342217e-09, 1.09625941658e-09, 8.38796976321e-10, 9.51059453413e-10, 5.93751880995e-10, 5.86799886459e-10, 4.27080648624e-10, 3.65075553121e-10, 4.37290648136e-10, 2.79641143575e-10, 3.27568056013e-10, 1.0052881444e-10, 1.18940024496e-10, 1.40187153552e-10, 1.88614721064e-10, 1.32391292373e-10, 2.04584509056e-11, 1.81687373479e-11, 3.35351246772e-10, 3.33522898188e-09, 2.57490118116e-09, 7.55139353825e-12, 1.14030190997e-13, 1.80305762183e-13, 5.81114949455e-14, 3.72160188409e-14, 2.64966627334e-14, 1.4507734681e-14, 1.21280150975e-14, 5.57196399209e-15, 7.48199025386e-16, 3.12875144085e-17],
        "stdev": [6.09655353401e-06, 1.27943931147e-05, 3.10993891617e-05, 4.89814665343e-05, 6.14332020632e-05, 8.47290575621e-05, 0.000167657301063, 0.000371464237105, 0.000705672020558, 0.000485143478727, 0.000336833414622, 0.000341321079759, 0.000368542212527, 0.000495082931593, 0.000844855152536, 0.000803885108326, 0.000538678315934, 0.000487119978061, 0.000556368206162, 0.000350006303051, 0.000175557594048, 0.000253041624092, 0.000285714922938, 0.000379489792977, 0.000275390571915, 0.000506320269778, 0.000772139115725, 0.000565081310924, 0.000789774698205, 0.000716160342563, 0.000833630328998, 0.00106847228017, 0.000323538086377, 0.000263818830717, 0.000529633427504, 0.000483079318656, 0.000612772826571, 0.000842634879518, 0.000690502289217, 0.000650681380648, 0.000644993444439, 0.000495544052683, 0.0002321882057, 0.000310992909363, 0.00043864530744, 0.00066442147363, 0.000439212104538, 0.000407051062211, 0.000235941231949, 0.00013751827646, 0.000176905014087, 0.000129324718728, 7.85476295277e-05, 0.00014433846809, 0.000118876880151, 9.99496551231e-05, 7.41349795135e-05, 4.63092183054e-05, 3.29628637701e-05, 6.1659658968e-05, 6.71626694384e-05, 4.87997895107e-05, 3.83167425753e-05, 3.08189810312e-05, 2.96745420201e-05, 2.01179864234e-05, 1.41253440233e-05, 2.15652726183e-05, 2.38290504058e-05, 1.18984789879e-05, 1.94740605366e-05, 3.12027550535e-05, 3.60325502697e-05, 1.9103375962e-05, 1.394060655e-05, 1.27350085677e-05, 5.21136826137e-06, 6.42985742161e-06, 3.68250630345e-06, 3.44939508068e-06, 3.45493708664e-06, 2.50863445217e-06, 1.76318394551e-06, 1.44932073454e-06, 1.66326276485e-06, 1.28484282413e-06, 1.47519710936e-06, 1.35147217861e-06, 1.25245321669e-06, 9.70064661487e-07, 7.65729396335e-07, 6.32031856185e-07, 5.11944051595e-07, 3.8742820152e-07, 1.42977205542e-06, 1.05477158741e-06, 7.27820008706e-07, 3.21928496305e-07, 2.41948072244e-07, 1.27341849065e-07, 5.48511920329e-08, 4.11071710005e-08, 3.02400771091e-08, 1.84907982259e-08, 3.34622534126e-08, 3.37650476467e-08, 9.86775638978e-09, 2.76587708292e-09, 1.48300005609e-09, 1.43734424363e-09, 1.64732205654e-09, 1.77601033879e-09, 1.56172574872e-09, 1.53947976589e-09, 2.23128338028e-09, 5.28792405419e-08, 1.15846923165e-07, 2.64505062297e-09, 2.01764893681e-09, 1.90045934545e-09, 1.86752369125e-09, 1.88494087006e-09, 1.33362065835e-09, 7.80313522131e-11, 3.62860366754e-11, 3.58715175619e-11, 3.56253117284e-11, 3.5475043042e-11]
    },
    "mfcc": {
        "mean": [-658.815917969, 126.655197144, -38.7272491455, 12.3862333298, -12.9055461884, 3.00029850006, -4.92331409454, -0.975851476192, -16.2022609711, -1.14334702492, -9.60221481323, 0.582340419292, -6.34631299973],
        "cov": [[4815.35595703, -1118.77709961, -1112.90710449, -164.64894104, -212.687805176, 220.46182251, 270.717315674, 199.087051392, 55.672668457, 181.288497925, -210.696914673, 101.107017517, 31.1703147888], [-1118.77709961, 603.34777832, 155.055160522, -12.113448143, 49.4762039185, -94.1805648804, -26.8004322052, -77.4747009277, -44.8827133179, -41.3616142273, 31.3992042542, -68.1734771729, -24.0664367676], [-1112.90710449, 155.055160522, 566.964660645, 96.7799301147, 30.9468955994, -65.2400436401, -123.120452881, -53.4903182983, -49.1745452881, -75.5142364502, 45.5251731873, -12.7572154999, -36.381778717], [-164.64894104, -12.113448143, 96.7799301147, 187.487442017, 29.4438381195, -31.2386379242, -70.9285202026, -23.7967891693, -0.645087659359, -38.0054550171, -14.4195871353, 16.7605266571, -23.1009502411], [-212.687805176, 49.4762039185, 30.9468955994, 29.4438381195, 161.986984253, -40.2951469421, -54.6957092285, -2.76208639145, 13.9581327438, -18.72539711, -31.288028717, -29.3871803284, -18.7088794708], [220.46182251, -94.1805648804, -65.2400436401, -31.2386379242, -40.2951469421, 153.369659424, 50.7838363647, 10.3973531723, 0.723274707794, -2.31563305855, 16.2575073242, -6.2640247345, 8.19834423065], [270.717315674, -26.8004322052, -123.120452881, -70.9285202026, -54.6957092285, 50.7838363647, 151.31552124, 13.7023944855, -23.2774391174, 37.3628692627, -10.9600839615, -8.17381763458, 15.6936788559], [199.087051392, -77.4747009277, -53.4903182983, -23.7967891693, -2.76208639145, 10.3973531723, 13.7023944855, 105.717788696, 32.1139831543, -3.32603478432, -17.5184803009, -10.0253562927, 6.06412744522], [55.672668457, -44.8827133179, -49.1745452881, -0.645087659359, 13.9581327438, 0.723274707794, -23.2774391174, 32.1139831543, 107.891822815, 14.4598121643, -14.317032814, -10.4068984985, -4.12168884277], [181.288497925, -41.3616142273, -75.5142364502, -38.0054550171, -18.72539711, -2.31563305855, 37.3628692627, -3.32603478432, 14.4598121643, 116.422920227, 2.59474134445, -25.0307159424, -4.80869007111], [-210.696914673, 31.3992042542, 45.5251731873, -14.4195871353, -31.288028717, 16.2575073242, -10.9600839615, -17.5184803009, -14.317032814, 2.59474134445, 103.502426147, 31.4919834137, 4.55865907669], [101.107017517, -68.1734771729, -12.7572154999, 16.7605266571, -29.3871803284, -6.2640247345, -8.17381763458, -10.0253562927, -10.4068984985, -25.0307159424, 31.4919834137, 111.544387817, 26.2865161896], [31.1703147888, -24.0664367676, -36.381778717, -23.1009502411, -18.7088794708, 8.19834423065, 15.6936788559, 6.06412744522, -4.12168884277, -4.80869007111, 4.55865907669, 26.2865161896, 72.5544967651]],
        "icov": [[0.000931229908019, 0.0013092685258, 0.0014629624784, 0.00039903135621, 0.000863369787112, 6.7157408921e-05, 0.00037259949022, -0.000151327389176, 0.000947673339397, -4.50536354037e-05, 0.00133447966073, -0.000249093194725, 0.00109920010436], [0.0013092685258, 0.0047018956393, 0.00196188408881, 0.00122135772835, 0.00097229401581, 0.00232792063616, -0.000239748798776, 0.00185071490705, 0.00147431821097, 0.00204438553192, 9.66488369158e-05, 0.00246103922836, 0.00157617637888], [0.0014629624784, 0.00196188408881, 0.00510464515537, 3.46790729964e-05, 0.00180761469528, 0.000847740564495, 0.00219708890654, 0.000274220801657, 0.00264878920279, 0.00130153493956, 0.000782519229688, 0.000933945004363, 0.00231433729641], [0.00039903135621, 0.00122135772835, 3.46790729964e-05, 0.00784876011312, 0.000404509541113, 0.00049705884885, 0.00262923608534, 0.00157327426132, 0.00051832239842, 0.00139377533924, 0.00241039530374, -0.00123426737264, 0.00251557468437], [0.000863369787112, 0.00097229401581, 0.00180761469528, 0.000404509541113, 0.00913898460567, 0.00120353430975, 0.00314596877433, 0.000195541710127, 0.000720381038263, 0.00107009860221, 0.00314799300395, 0.00167089654133, 0.00181925005745], [6.7157408921e-05, 0.00232792063616, 0.000847740564495, 0.00049705884885, 0.00120353430975, 0.010105018504, -0.0029780420009, 0.00165203597862, -0.000633671763353, 0.00384995131753, -0.00353420106694, 0.00400346238166, -7.95983032731e-06], [0.00037259949022, -0.000239748798776, 0.00219708890654, 0.00262923608534, 0.00314596877433, -0.0029780420009, 0.0127254277468, -0.00129474315327, 0.00427636038512, -0.00274838483892, 0.00355732045136, -0.000417470670072, 0.000191168423044], [-0.000151327389176, 0.00185071490705, 0.000274220801657, 0.00157327426132, 0.000195541710127, 0.00165203597862, -0.00129474315327, 0.0130288815126, -0.00346211250871, 0.00349210901186, -0.000353136623744, 0.002998909913, -0.000657376891468], [0.000947673339397, 0.00147431821097, 0.00264878920279, 0.00051832239842, 0.000720381038263, -0.000633671763353, 0.00427636038512, -0.00346211250871, 0.0131217986345, -0.00201263860799, 0.00231829332188, 0.000163626405993, 0.00160397356376], [-4.50536354037e-05, 0.00204438553192, 0.00130153493956, 0.00139377533924, 0.00107009860221, 0.00384995131753, -0.00274838483892, 0.00349210901186, -0.00201263860799, 0.0134397270158, -0.00336976069957, 0.00539065292105, 0.000972510606516], [0.00133447966073, 9.66488369158e-05, 0.000782519229688, 0.00241039530374, 0.00314799300395, -0.00353420106694, 0.00355732045136, -0.000353136623744, 0.00231829332188, -0.00336976069957, 0.0163732841611, -0.00625252211466, 0.0022346470505], [-0.000249093194725, 0.00246103922836, 0.000933945004363, -0.00123426737264, 0.00167089654133, 0.00400346238166, -0.000417470670072, 0.002998909913, 0.000163626405993, 0.00539065292105, -0.00625252211466, 0.0158644467592, -0.00417146040127], [0.00109920010436, 0.00157617637888, 0.00231433729641, 0.00251557468437, 0.00181925005745, -7.95983032731e-06, 0.000191168423044, -0.000657376891468, 0.00160397356376, 0.000972510606516, 0.0022346470505, -0.00417146040127, 0.0178048759699]]
    },
    "spectral_contrast_coeffs": {
        "max": [-0.462694525719, -0.478855252266, -0.497890293598, -0.564073801041, -0.611199140549, -0.583370864391],
        "mean": [-0.694860160351, -0.733352005482, -0.718872785568, -0.738253712654, -0.76301753521, -0.740909993649],
        "min": [-0.899606823921, -0.898522078991, -0.897186696529, -0.89341545105, -0.88945543766, -0.854906797409],
        "stdev": [0.0659574642777, 0.0716326907277, 0.0731555446982, 0.064268104732, 0.0449874848127, 0.043597586453]
    },
    "spectral_contrast_valleys": {
        "max": [-6.20747947693, -5.20997619629, -5.52160310745, -5.99159049988, -6.18059206009, -9.20762062073],
        "mean": [-7.50978660583, -6.91469097137, -7.31179046631, -7.5813908577, -7.68285655975, -10.9808959961],
        "min": [-9.7119884491, -8.69792079926, -9.55770778656, -9.89886951447, -10.0297403336, -12.4864053726],
        "stdev": [0.426667362452, 0.55725055933, 0.79103988409, 0.779692471027, 0.828731298447, 0.656153559685]
    }
},
"rhythm": {
    "beats_count": 92,
    "beats_loudness": {
        "max": 0.059667520225,
        "mean": 0.0229896102101,
        "min": 0.000666957173962,
        "stdev": 0.0150917097926
    },
    "bpm": 114.926002502,
    "bpm_histogram_first_peak_bpm": 115,
    "bpm_histogram_first_peak_weight": 0.621212124825,
    "bpm_histogram_second_peak_bpm": 108,
    "bpm_histogram_second_peak_spread": 0.571428537369,
    "bpm_histogram_second_peak_weight": 0.0659340694547,
    "danceability": 0.908795595169,
    "onset_rate": 2.37890625,
    "beats_loudness_band_ratio": {
        "max": [0.662711024284, 0.762878775597, 0.669815719128, 0.851998806, 0.563973724842, 0.147862911224],
        "mean": [0.088822029531, 0.222981452942, 0.163773179054, 0.367297172546, 0.14748288691, 0.0476875007153],
        "min": [0.00502677774057, 0.0111959110945, 0.0144834974781, 0.00502548133954, 0.00444844039157, 0.00204861117527],
        "stdev": [0.109422974288, 0.215339705348, 0.125620648265, 0.23915348947, 0.117770947516, 0.0322451107204]
    },
