{
"metadata": {
    "version": {
        "essentia": "2.1-beta5",
        "essentia_git_sha": "Undefined",
        "extractor": "music 2.0"
    },
    "audio_properties": {
        "analysis": {
            "equal_loudness": 0,
            "length": 48.7502937317,
            "sample_rate": 44100,
            "start_time": 126.490699768,
            "downmix": "mix"
        },
        "bit_rate": 192000,
        "length": 261.131622314,
        "lossless": 0,
        "number_channels": 2,
        "replay_gain": -3.29913902283,
        "sample_rate": 44100,
        "codec": "mp3",
        "md5_encoded": "e7baf71d6442a3e15095a65ef7bc787a"
    },
    "tags": {
        "file_name": "Norway_Aldri i Livet_Finn Kalvik.mp3",
        "encoding": ["Lavf58.29.100"]
    }
},
"lowlevel": {
    "average_loudness": 0.927845239639,
    "barkbands_crest": {
        "max": 23.9388694763,
        "mean": 9.22218799591,
        "min": 3.35438275337,
        "stdev": 3.22282838821
    },
    "barkbands_flatness_db": {
        "max": 0.293159931898,
        "mean": 0.168261453509,
        "min": 0.0833022966981,
        "stdev": 0.0293058063835
    },
    "barkbands_kurtosis": {
        "max": 28.525686264,
        "mean": 1.67157065868,
        "min": -1.81610953808,
        "stdev": 2.62013912201
    },
    "barkbands_skewness": {
        "max": 4.39540052414,
        "mean": 0.933424413204,
        "min": -1.301040411,
        "stdev": 0.728457510471
    },
    "barkbands_spread": {
        "max": 35.9560127258,
        "mean": 11.9437055588,
        "min": 2.10599207878,
        "stdev": 5.17352724075
    },
    "dissonance": {
        "max": 0.500000059605,
        "mean": 0.448697239161,
        "min": 0.259467989206,
        "stdev": 0.035273540765
    },
    "dynamic_complexity": 2.70318460464,
    "erbbands_crest": {
        "max": 28.2212772369,
        "mean": 11.0503206253,
        "min": 3.49792480469,
        "stdev": 4.40185451508
    },
    "erbbands_flatness_db": {
        "max": 0.392049401999,
        "mean": 0.240018308163,
        "min": 0.127318143845,
        "stdev": 0.0381731837988
    },
    "erbbands_kurtosis": {
        "max": 17.3730316162,
        "mean": 0.474229007959,
        "min": -1.86177289486,
        "stdev": 1.79525768757
    },
    "erbbands_skewness": {
        "max": 3.77125167847,
        "mean": 0.375891834497,
        "min": -2.27145004272,
        "stdev": 0.561166226864
    },
    "erbbands_spread": {
        "max": 60.1126098633,
        "mean": 20.6652164459,
        "min": 2.65019798279,
        "stdev": 9.16164684296
    },
    "hfc": {
        "max": 105.267295837,
        "mean": 16.9410190582,
        "min": 0.872351288795,
        "stdev": 15.1239748001
    },
    "loudness_ebu128": {
        "integrated": -21.492193222,
        "loudness_range": 2.11563682556,
        "momentary": {
            "max": -17.3193969727,
            "mean": -22.0027542114,
            "min": -29.3308086395,
            "stdev": 2.21817946434
        },
        "short_term": {
            "max": -19.7060546875,
            "mean": -21.5925388336,
            "min": -26.4861125946,
            "stdev": 0.963618159294
        }
    },
    "melbands_crest": {
        "max": 28.1802463531,
        "mean": 11.4779634476,
        "min": 3.88017630577,
        "stdev": 3.88123941422
    },
    "melbands_flatness_db": {
        "max": 0.346760720015,
        "mean": 0.246840789914,
        "min": 0.142050325871,
        "stdev": 0.0330841802061
    },
    "melbands_kurtosis": {
        "max": 45.1378555298,
        "mean": 3.46971321106,
        "min": -1.40433979034,
        "stdev": 4.43824100494
    },
    "melbands_skewness": {
        "max": 5.54434394836,
        "mean": 1.28750097752,
        "min": -1.38149631023,
        "stdev": 0.921216607094
    },
    "melbands_spread": {
        "max": 66.9490890503,
        "mean": 17.3793258667,
        "min": 3.12856578827,
        "stdev": 7.81785011292
    },
    "pitch_salience": {
        "max": 0.836672246456,
        "mean": 0.594066023827,
        "min": 0.26993188262,
        "stdev": 0.0893112272024
    },
    "silence_rate_20dB": {
        "max": 1,
        "mean": 1,
        "min": 1,
        "stdev": 0
    },
    "silence_rate_30dB": {
        "max": 1,
        "mean": 1,
        "min": 1,
        "stdev": 0
    },
    "silence_rate_60dB": {
        "max": 1,
        "mean": 0.0214183721691,
        "min": 0,
        "stdev": 0.144775524735
    },
    "spectral_centroid": {
        "max": 2299.98803711,
        "mean": 976.550048828,
        "min": 348.35635376,
        "stdev": 318.652404785
    },
    "spectral_complexity": {
        "max": 36,
        "mean": 17.2417888641,
        "min": 1,
        "stdev": 5.22794437408
    },
    "spectral_decrease": {
        "max": -2.90168611361e-10,
        "mean": -5.2440527476e-09,
        "min": -2.57613237409e-08,
        "stdev": 3.99347754865e-09
    },
    "spectral_energy": {
        "max": 0.106777064502,
        "mean": 0.0213288646191,
        "min": 0.0011926414445,
        "stdev": 0.0163600295782
    },
    "spectral_energyband_high": {
        "max": 0.000424742203904,
        "mean": 2.62796856987e-05,
        "min": 2.90713796858e-06,
        "stdev": 2.64546652033e-05
    },
    "spectral_energyband_low": {
        "max": 0.0115467756987,
        "mean": 0.0010625985451,
        "min": 1.67106427398e-05,
        "stdev": 0.00124980462715
    },
    "spectral_energyband_middle_high": {
        "max": 0.0967284813523,
        "mean": 0.00794678088278,
        "min": 0.000183733325684,
        "stdev": 0.00985608901829
    },
    "spectral_energyband_middle_low": {
        "max": 0.0774690508842,
        "mean": 0.013483883813,
        "min": 0.000540953828022,
        "stdev": 0.0102568855509
    },
    "spectral_entropy": {
        "max": 8.4912853241,
        "mean": 6.96269416809,
        "min": 6.08073282242,
        "stdev": 0.241385966539
    },
    "spectral_flux": {
        "max": 0.285003632307,
        "mean": 0.0707363262773,
        "min": 0.0145125975832,
        "stdev": 0.038230843842
    },
    "spectral_kurtosis": {
        "max": 48.5025596619,
        "mean": 14.0113811493,
        "min": 1.86758136749,
        "stdev": 6.45763874054
    },
    "spectral_rms": {
        "max": 0.0102065047249,
        "mean": 0.00426337262616,
        "min": 0.00107868097257,
        "stdev": 0.00162244669627
    },
    "spectral_rolloff": {
        "max": 2842.3828125,
        "mean": 1216.36462402,
        "min": 258.3984375,
        "stdev": 528.440734863
    },
    "spectral_skewness": {
        "max": 4.94257354736,
        "mean": 2.45642328262,
        "min": 0.783050358295,
        "stdev": 0.604727387428
    },
    "spectral_spread": {
        "max": 29341358,
        "mean": 2248303,
        "min": 954748.25,
        "stdev": 796920.875
    },
    "spectral_strongpeak": {
        "max": 17.87266922,
        "mean": 1.61813092232,
        "min": 0.0394146777689,
        "stdev": 1.52062797546
    },
    "zerocrossingrate": {
        "max": 0.0966796875,
        "mean": 0.0433080606163,
        "min": 0.0068359375,
        "stdev": 0.011367877014
    },
    "barkbands": {
        "max": [0.000267303228611, 0.00165542261675, 0.00749383401126, 0.0136331189424, 0.0292790867388, 0.0135619845241, 0.0390138030052, 0.0616645440459, 0.0385435707867, 0.0794514268637, 0.0376490727067, 0.0385987274349, 0.038087874651, 0.0119149126112, 0.0190274287015, 0.00871169194579, 0.014219744131, 0.00605039484799, 0.00224935123697, 0.000382275378797, 3.84003105864e-05, 4.71920393466e-05, 0.000277444923995, 0.000121472046885, 4.5947676881e-06, 4.77663752463e-06, 5.80079586143e-06],
        "mean": [2.19382091018e-05, 9.91280612652e-05, 0.000479216192616, 0.000935382617172, 0.0023630252108, 0.00166247971356, 0.00248464080505, 0.00246857432649, 0.00227298098616, 0.00280380342156, 0.00170953909401, 0.000927869987208, 0.000651889306027, 0.000508496596012, 0.000477765366668, 0.000427083083196, 0.000568012241274, 0.00029396120226, 0.000134809015435, 2.0022449462e-05, 2.50084372055e-06, 3.82535063181e-06, 7.22312734069e-06, 2.80847416434e-06, 4.30460119105e-07, 5.39175459835e-07, 9.36645676575e-07],
        "min": [8.36562833229e-07, 2.04420507544e-06, 4.0545339175e-07, 1.64231414601e-06, 1.64207594935e-05, 3.25002220052e-05, 2.02700066438e-05, 1.59737483045e-05, 6.85751911078e-06, 1.09364409582e-05, 6.37992161501e-06, 4.75129445476e-06, 2.26491124522e-06, 3.43535930369e-06, 1.69269321759e-06, 3.13893838211e-06, 2.8456547625e-06, 1.26708982862e-06, 9.06224556729e-07, 3.46092349446e-07, 1.32858772872e-07, 1.8677505409e-07, 2.91753138981e-07, 2.39885679321e-07, 2.50170245408e-07, 3.09701050583e-07, 2.95477036616e-07],
        "stdev": [1.5867415641e-05, 0.0001608786406, 0.000662116566673, 0.00117150263395, 0.00241180649027, 0.00174550025258, 0.00446481630206, 0.00403655180708, 0.00443397508934, 0.00586377782747, 0.00351683492772, 0.00216791965067, 0.00185250130016, 0.00111369928345, 0.001156320679, 0.000680269207805, 0.00134127296042, 0.000542038935237, 0.000170838684426, 2.6737452572e-05, 3.13241821459e-06, 4.6401464715e-06, 1.11380377348e-05, 6.78943979437e-06, 1.56215321567e-07, 1.49736777644e-07, 3.39119935688e-07]
    },
    "erbbands": {
        "max": [0.0161700733006, 0.485107392073, 5.60164070129, 26.8899307251, 93.4233016968, 93.4244995117, 104.657485962, 143.923873901, 493.676086426, 989.723266602, 1356.21398926, 904.538391113, 1928.64306641, 2348.15405273, 2528.33496094, 995.106689453, 1963.06921387, 590.818603516, 1378.23718262, 524.384765625, 295.373718262, 596.961303711, 597.36517334, 140.551116943, 41.0065002441, 18.8559303284, 4.18676996231, 0.541442573071, 1.40001869202, 2.22019648552, 9.02990531921, 5.40527009964, 0.822226703167, 0.065155915916, 0.0324891917408, 0.0189876295626, 0.0094328103587, 0.00463432306424, 0.000748361926526, 0.000146015867358],
        "mean": [0.00154833251145, 0.0325044170022, 0.390178322792, 2.14467573166, 4.6269364357, 8.68924427032, 10.7533559799, 14.8154001236, 25.5715675354, 56.0378341675, 47.6805229187, 56.7997817993, 84.9781036377, 64.6827468872, 78.5263824463, 41.2784805298, 34.9725799561, 27.9400005341, 26.4459552765, 25.8837337494, 20.7457866669, 26.2791233063, 21.0606517792, 11.0150365829, 3.09115147591, 1.07315433025, 0.262570202351, 0.0463000945747, 0.100401416421, 0.21873524785, 0.207175403833, 0.109519019723, 0.0211728941649, 0.0053815827705, 0.00315841240808, 0.00196440354921, 0.00128925126046, 0.00162509293295, 5.11655416631e-05, 2.58503278019e-05],
        "min": [0.000120132928714, 0.000293823337415, 0.00222882651724, 0.0105218160897, 0.0286709070206, 0.0749309659004, 0.175148934126, 0.172593533993, 0.431835383177, 0.589146435261, 0.436363607645, 0.418681502342, 0.580281436443, 0.380161046982, 0.57786077261, 0.315729230642, 0.134597793221, 0.322246223688, 0.288003444672, 0.340235441923, 0.277724593878, 0.209368899465, 0.0995670258999, 0.0693019479513, 0.0368508547544, 0.0218022894114, 0.00939067546278, 0.00546973850578, 0.00582569977269, 0.00766197545454, 0.00835441239178, 0.00516255944967, 0.00370993674733, 0.00260435417295, 0.00147648144048, 0.00119493156672, 0.00074771954678, 0.000584703288041, 1.75992754521e-05, 2.2668755264e-06],
        "stdev": [0.00143513130024, 0.0493873842061, 0.48832821846, 2.52604675293, 6.31831884384, 9.24725914001, 10.8306980133, 16.3410129547, 47.1113243103, 90.2127380371, 86.0559005737, 100.299049377, 170.507873535, 168.264907837, 170.243347168, 81.6450042725, 94.1369857788, 58.2460365295, 70.0709228516, 40.3448600769, 30.8616714478, 57.3686141968, 46.0858154297, 13.7447834015, 3.67481851578, 1.41181910038, 0.317258834839, 0.0442852415144, 0.126010090113, 0.247010082006, 0.339547127485, 0.252496570349, 0.0455661453307, 0.00324367522262, 0.00107987620868, 0.000616828154307, 0.000313887867378, 0.000491511425935, 2.5937002647e-05, 1.94709664356e-05]
    },
    "gfcc": {
        "mean": [-48.0017700195, 136.281677246, -145.597015381, -19.1756515503, -47.4478340149, -16.3275051117, -43.7942428589, 0.592242002487, -20.4598522186, -21.1146850586, -13.1116924286, -0.424969255924, -25.3059692383],
        "cov": [[1059.43945312, 139.506942749, -434.429046631, 20.4607601166, -27.2306556702, -31.7184009552, 72.9383163452, -28.2633342743, 95.5218811035, -132.79637146, 60.2863616943, -85.0193405151, -48.2865180969], [139.506942749, 215.093063354, 38.9889945984, -98.5372085571, 62.416973114, 4.22819519043, 32.5603523254, 7.79691648483, -21.4080600739, -11.010684967, -16.8571834564, -41.2675132751, -9.45383739471], [-434.429046631, 38.9889945984, 397.060516357, 87.082572937, -5.62940406799, 45.087562561, -28.5569438934, -11.2634458542, -36.4582290649, 42.0696296692, -40.654624939, 14.2165288925, -5.74604654312], [20.4607601166, -98.5372085571, 87.082572937, 302.27645874, -6.03792333603, -40.098449707, -67.7117538452, -17.7060680389, 46.9832305908, -10.2470016479, 10.5141181946, 19.8071250916, -36.9548149109], [-27.2306556702, 62.416973114, -5.62940406799, -6.03792333603, 154.551132202, -2.25964021683, -19.0370178223, 26.5554256439, -13.2853755951, 5.01259899139, -24.8248748779, -5.85229492188, -8.86967086792], [-31.7184009552, 4.22819519043, 45.087562561, -40.098449707, -2.25964021683, 183.553100586, 75.4312896729, -33.5091896057, -23.2736778259, -22.4071350098, -20.5618934631, -16.8611793518, 11.3845176697], [72.9383163452, 32.5603523254, -28.5569438934, -67.7117538452, -19.0370178223, 75.4312896729, 124.040664673, 20.5071182251, -35.5396575928, -19.3955688477, 10.4995756149, -15.2715978622, -1.57838118076], [-28.2633342743, 7.79691648483, -11.2634458542, -17.7060680389, 26.5554256439, -33.5091896057, 20.5071182251, 75.829536438, 21.5480251312, 9.45103549957, 1.95149433613, 2.83741474152, -8.04498577118], [95.5218811035, -21.4080600739, -36.4582290649, 46.9832305908, -13.2853755951, -23.2736778259, -35.5396575928, 21.5480251312, 96.9214248657, 20.0505123138, 1.69701254368, -7.07712888718, -11.1417837143], [-132.79637146, -11.010684967, 42.0696296692, -10.2470016479, 5.01259899139, -22.4071350098, -19.3955688477, 9.45103549957, 20.0505123138, 88.7697753906, 18.2476577759, 3.38889360428, 4.203977108], [60.2863616943, -16.8571834564, -40.654624939, 10.5141181946, -24.8248748779, -20.5618934631, 10.4995756149, 1.95149433613, 1.69701254368, 18.2476577759, 62.9643363953, 22.7350158691, -12.3082036972], [-85.0193405151, -41.2675132751, 14.2165288925, 19.8071250916, -5.85229492188, -16.8611793518, -15.2715978622, 2.83741474152, -7.07712888718, 3.38889360428, 22.7350158691, 62.7097320557, 17.9732685089], [-48.2865180969, -9.45383739471, -5.74604654312, -36.9548149109, -8.86967086792, 11.3845176697, -1.57838118076, -8.04498577118, -11.1417837143, 4.203977108, -12.3082036972, 17.9732685089, 59.261138916]],
        "icov": [[0.0202008262277, -0.0200166366994, 0.0175907537341, -0.0107216900215, 0.000669308006763, 0.00665046973154, -0.0156294330955, 0.0201165564358, -0.025128569454, 0.0237444005907, -0.0201319418848, 0.0156196737662, -0.00590399513021], [-0.0200166366994, 0.0350137986243, -0.0264390762895, 0.0188592839986, -0.0131750553846, 0.00370253319852, 0.0042975996621, -0.00757668400183, 0.0128977010027, -0.0120985489339, 0.00885303597897, -0.00438432535157, 0.00132721511181], [0.0175907537341, -0.0264390762895, 0.026279810816, -0.0165038444102, 0.0110910804942, -0.00390994409099, -0.00357489706948, 0.00616084691137, -0.00856506079435, 0.00819834508002, -0.00417031813413, 0.00430962163955, 0.00115893280599], [-0.0107216900215, 0.0188592839986, -0.0165038444102, 0.015798361972, -0.00837856251746, 0.0037278237287, 0.00224564247765, -0.000588638649788, 0.00220119068399, -0.00305052474141, 0.00232863565907, -0.00381461810321, 0.00280452915467], [0.000669308006763, -0.0131750553846, 0.0110910804942, -0.00837856251746, 0.0212378315628, -0.0128174265847, 0.0157185103744, -0.0184828098863, 0.0169665552676, -0.0127553343773, 0.0147003279999, -0.00940471421927, 0.00784498825669], [0.00665046973154, 0.00370253319852, -0.00390994409099, 0.0037278237287, -0.0128174265847, 0.0232646595687, -0.0262289866805, 0.0280409436673, -0.0246961452067, 0.0187080614269, -0.0128736812621, 0.0115778679028, -0.00748010491952], [-0.0156294330955, 0.0042975996621, -0.00357489706948, 0.00224564247765, 0.0157185103744, -0.0262289866805, 0.0469446033239, -0.0436567701399, 0.0419654846191, -0.0265603568405, 0.0177870839834, -0.0133640747517, 0.00924108177423], [0.0201165564358, -0.00757668400183, 0.00616084691137, -0.000588638649788, -0.0184828098863, 0.0280409436673, -0.0436567701399, 0.0621469393373, -0.0509375967085, 0.0348882749677, -0.0269138943404, 0.0180290304124, -0.00857619475573], [-0.025128569454, 0.0128977010027, -0.00856506079435, 0.00220119068399, 0.0169665552676, -0.0246961452067, 0.0419654846191, -0.0509375967085, 0.0656308084726, -0.0467899106443, 0.0386408008635, -0.0252235997468, 0.014945294708], [0.0237444005907, -0.0120985489339, 0.00819834508002, -0.00305052474141, -0.0127553343773, 0.0187080614269, -0.0265603568405, 0.0348882749677, -0.0467899106443, 0.0565778575838, -0.0459855347872, 0.0324384793639, -0.0173643492162], [-0.0201319418848, 0.00885303597897, -0.00417031813413, 0.00232863565907, 0.0147003279999, -0.0128736812621, 0.0177870839834, -0.0269138943404, 0.0386408008635, -0.0459855347872, 0.0661422535777, -0.0419658981264, 0.0245420895517], [0.0156196737662, -0.00438432535157, 0.00430962163955, -0.00381461810321, -0.00940471421927, 0.0115778679028, -0.0133640747517, 0.0180290304124, -0.0252235997468, 0.0324384793639, -0.0419658981264, 0.0496330410242, -0.0222862586379], [-0.00590399513021, 0.00132721511181, 0.00115893280599, 0.00280452915467, 0.00784498825669, -0.00748010491952, 0.00924108177423, -0.00857619475573, 0.014945294708, -0.0173643492162, 0.0245420895517, -0.0222862586379, 0.0317279919982]]
    },
    "melbands": {
        "max": [0.000311598734697, 0.00227397121489, 0.00505851116031, 0.00714684464037, 0.00285383779556, 0.00307551049627, 0.00823104940355, 0.0091554839164, 0.00911545101553, 0.00555454567075, 0.00949690397829, 0.0109354164451, 0.00590970925987, 0.00595774035901, 0.00325719313696, 0.00264398567379, 0.00114808813669, 0.00253847148269, 0.000971670320723, 0.000827994605061, 0.000311835523462, 0.000448925013188, 0.00143602688331, 0.000173446329427, 0.000139829382533, 2.97962360492e-05, 1.81089253601e-05, 1.0709529306e-05, 3.9573860704e-06, 7.96614699539e-07, 1.71593626419e-07, 5.58818214813e-07, 1.7340132672e-06, 1.71329782006e-06, 4.25276039095e-06, 7.05480260876e-06, 2.53479970524e-06, 6.76937133903e-07, 1.67004330365e-07, 4.33606608397e-08],
        "mean": [2.12609757e-05, 0.000170065148268, 0.000435283465777, 0.000465209508548, 0.000412798457546, 0.000331639079377, 0.000423874473199, 0.000603681139182, 0.000377665506676, 0.000349077949068, 0.000420615455369, 0.000257487932686, 0.000251447025221, 0.000139778028824, 8.64340472617e-05, 5.8433648519e-05, 5.2188646805e-05, 4.19491479988e-05, 3.07218870148e-05, 3.68619985238e-05, 2.29668075917e-05, 2.59990356426e-05, 3.24525499309e-05, 1.13031555884e-05, 9.04785974853e-06, 2.45473847826e-06, 1.19297294532e-06, 5.84344491017e-07, 1.85516910278e-07, 5.38517284099e-08, 1.36435271969e-08, 4.34947722283e-08, 9.94635129814e-08, 1.2649213943e-07, 1.24051283024e-07, 1.01455555068e-07, 5.24060439488e-08, 1.55452362094e-08, 5.44602318797e-09, 3.9557881415e-09],
        "min": [1.56791179506e-06, 8.94743436675e-07, 2.43447811954e-06, 2.21615414375e-06, 8.58428938955e-06, 4.41490419689e-06, 6.23601408734e-06, 3.62008677257e-06, 3.21004472426e-06, 2.10816665458e-06, 2.69366137218e-06, 1.1793157455e-06, 1.01551006537e-06, 5.21214985838e-07, 2.71575743227e-07, 2.95295933483e-07, 3.92544507122e-07, 4.01876093292e-07, 1.2000934646e-07, 3.48180009269e-07, 1.43415036291e-07, 1.38459498089e-07, 7.68639054627e-08, 6.88621497602e-08, 5.06544530765e-08, 2.83404251178e-08, 1.55634261034e-08, 1.21654331053e-08, 5.59387691723e-09, 3.00429436884e-09, 2.22792206905e-09, 2.78717182667e-09, 3.57775276072e-09, 3.89488441499e-09, 4.554114863e-09, 3.45659878498e-09, 3.02092506566e-09, 1.93862259579e-09, 1.89679449925e-09, 1.79168491155e-09],
        "stdev": [2.73247078439e-05, 0.00020656248671, 0.000474544765893, 0.000511237245519, 0.000389568886021, 0.000350605841959, 0.000786579912528, 0.00093266624026, 0.00067182892235, 0.000651421258226, 0.000859955791384, 0.000732728920411, 0.000512272818014, 0.000322784821037, 0.000187508907402, 0.000148800492752, 0.000117054463772, 0.000117924246297, 5.85008419876e-05, 6.05152308708e-05, 3.88271873817e-05, 5.54113685212e-05, 0.000103502738057, 1.84295095096e-05, 1.19535980048e-05, 3.23030644722e-06, 1.53861333274e-06, 8.38385176394e-07, 2.57216100863e-07, 6.56246470498e-08, 1.20503216294e-08, 5.30283834621e-08, 1.35369617738e-07, 1.52313248236e-07, 1.87480097225e-07, 2.37320946894e-07, 1.32190535851e-07, 3.56935458967e-08, 6.82305900668e-09, 1.58957169649e-09]
    },
    "melbands128": {
        "max": [0.000143668308738, 6.79764780216e-05, 0.000387107167626, 0.00096385658253, 0.00214664824307, 0.00442951079458, 0.00551422778517, 0.00685499794781, 0.0119445389137, 0.009577059187, 0.0056360620074, 0.0045275548473, 0.0047339303419, 0.00494310166687, 0.00534868054092, 0.0058407029137, 0.00440405355766, 0.0149586405605, 0.0101758204401, 0.019451700151, 0.0162138286978, 0.0232334956527, 0.015767943114, 0.00924369134009, 0.010568022728, 0.0106948427856, 0.0175100676715, 0.0143763814121, 0.01461975649, 0.0211270786822, 0.0141186490655, 0.00346880056895, 0.00839327275753, 0.0168529916555, 0.0109368553385, 0.00565230101347, 0.00478453096002, 0.00235629663803, 0.00926551874727, 0.00550701702014, 0.00408306578174, 0.0025853253901, 0.00185928284191, 0.00268136127852, 0.0011652339017, 0.00601376127452, 0.00296488380991, 0.00174575217534, 0.000445747195045, 0.00182722590398, 0.00170011050068, 0.00124353810679, 0.000330297771143, 0.000746276695281, 0.00136912835296, 0.000619789818302, 0.00116480863653, 0.00315214390866, 0.00108796230052, 0.000365487765521, 0.000374760449631, 0.000227393058594, 0.000209978781641, 0.000193346029846, 5.23476519447e-05, 5.50291624677e-05, 6.81596357026e-05, 2.54013211816e-05, 2.87426555587e-05, 3.80295387004e-05, 1.49009028974e-05, 1.38739815156e-05, 9.79509150056e-06, 3.77710466637e-06, 1.99460714612e-06, 1.00242323242e-06, 1.13404860258e-06, 2.88425979988e-07, 1.4553522476e-07, 2.07439811106e-07, 5.3523342558e-07, 7.80493223829e-07, 1.75449724793e-06, 3.14832277581e-06, 1.61631487572e-06, 1.23755330605e-06, 3.43842225448e-06, 2.0708489501e-06, 3.36266998602e-06, 5.55416227144e-06, 1.1361594261e-05, 8.37610969029e-06, 3.7136373976e-06, 3.39479970535e-06, 2.42103419623e-06, 9.75913621915e-07, 5.07237700731e-07, 5.08493940288e-07, 1.88386934497e-07, 4.70809062847e-08, 4.56005686544e-08, 4.38520117996e-08, 3.98712174388e-08, 3.66085508574e-08, 3.73649271523e-08, 3.49919666576e-08, 3.25031912496e-08, 3.70302792874e-08, 3.40434134216e-08, 2.89118400332e-08, 2.85739591988e-08, 3.02084757209e-08, 3.15528119188e-08, 2.87340284899e-08, 2.51957317232e-08, 3.55526630358e-08, 6.18742674874e-08, 2.30198065054e-08, 2.17610711672e-08, 2.10042419013e-08, 2.04113561608e-08, 1.98959480002e-08, 1.94732905356e-08, 1.91143758599e-08, 1.8819632075e-08, 1.85973494382e-08, 1.84140578341e-08, 1.83202928383e-08],
        "mean": [1.48309027281e-05, 1.00703746284e-05, 1.57429694809e-05, 5.69539770368e-05, 0.000119636424643, 0.000280605570879, 0.000435127265519, 0.000466689496534, 0.000472829298815, 0.000412855792092, 0.000499827670865, 0.000535449129529, 0.000311403797241, 0.000376465060981, 0.00034808262717, 0.000301236344967, 0.000320509832818, 0.00044314423576, 0.000519904948305, 0.000770685437601, 0.000563871930353, 0.000353892071871, 0.00039417258813, 0.000295122677926, 0.00042952579679, 0.000289681251161, 0.000378619937692, 0.00058332644403, 0.000257763400441, 0.000354481308023, 0.00020737349405, 0.00014750516857, 0.00028497556923, 0.000354989664629, 0.000112582805741, 9.92079440039e-05, 0.000125041551655, 4.38719362137e-05, 0.000113505971967, 8.60498548718e-05, 2.98066661344e-05, 4.37180860899e-05, 5.13682425662e-05, 7.16501599527e-05, 2.17731358134e-05, 4.33062377851e-05, 5.72073804506e-05, 1.70095863723e-05, 1.95623342734e-05, 5.45739676454e-05, 3.45317275787e-05, 3.22024461639e-05, 1.27316170619e-05, 1.80468196049e-05, 4.5772674639e-05, 1.46491220221e-05, 1.69853356056e-05, 5.64921210753e-05, 2.75880138361e-05, 1.12489133244e-05, 1.19791475299e-05, 8.0131148934e-06, 1.29368963826e-05, 9.0988651209e-06, 2.90763500743e-06, 2.04562115869e-06, 2.64352956947e-06, 1.39264250265e-06, 7.84401379406e-07, 8.8684896582e-07, 7.31720888325e-07, 3.45628677678e-07, 2.59271473624e-07, 1.5911135165e-07, 9.81744960882e-08, 6.55673701999e-08, 2.9161990156e-08, 1.16594609523e-08, 9.28440702097e-09, 1.56439057264e-08, 3.83900662371e-08, 4.77851287428e-08, 7.22521349417e-08, 9.05659831574e-08, 1.44378034861e-07, 1.24720969552e-07, 1.32427175004e-07, 1.09149326022e-07, 1.34957460318e-07, 1.21437977896e-07, 1.08915351404e-07, 9.99684814929e-08, 8.00197241801e-08, 5.61096165086e-08, 3.3715895853e-08, 1.99748928509e-08, 1.19717196156e-08, 7.78954323266e-09, 5.5711226743e-09, 4.05096578504e-09, 3.71100550289e-09, 4.24875024052e-09, 3.82770526386e-09, 3.58319751648e-09, 3.45474981955e-09, 3.35983951771e-09, 3.41672445892e-09, 3.40084982398e-09, 3.31757710192e-09, 3.33454686086e-09, 3.30255112146e-09, 3.20211768212e-09, 4.1997867406e-09, 3.1019631308e-09, 2.96173308101e-09, 1.61948392474e-08, 3.18872253047e-08, 3.64018294674e-11, 2.87343846633e-11, 2.80318372681e-11, 2.73971383774e-11, 2.68168438844e-11, 2.62933494422e-11, 2.58575782314e-11, 2.54994705906e-11, 2.52310620313e-11, 2.50087173193e-11, 2.48720766205e-11],
        "min": [3.35066829393e-07, 3.53712579226e-07, 1.26443964632e-07, 1.15685834245e-08, 1.16360624247e-07, 1.29290611994e-07, 5.36445270427e-07, 6.91099216965e-07, 2.22915986114e-07, 3.15475745083e-07, 1.41119176078e-06, 8.53225742503e-07, 2.33751143242e-06, 8.0008499026e-07, 6.3813865836e-07, 1.10368864625e-06, 1.5865525711e-06, 6.33628644664e-07, 9.15179782623e-07, 1.85814315046e-06, 1.53923690505e-06, 8.90883995908e-07, 4.49936692348e-07, 4.30263071394e-07, 2.15578580764e-07, 3.5670572629e-07, 1.82037084073e-07, 2.61572893123e-07, 6.02387672188e-07, 2.04125527148e-07, 2.48690128046e-07, 2.87570628643e-07, 4.42619011665e-07, 4.48587854862e-07, 6.98171973568e-08, 1.63152677146e-07, 1.76544773467e-07, 1.13406301239e-07, 1.86834597571e-07, 1.13904562227e-07, 1.37123208788e-07, 4.63103333459e-08, 1.69196724187e-07, 1.49563391005e-07, 4.22348342966e-08, 8.01605679612e-08, 3.34872112262e-08, 3.6302360229e-08, 8.4737585837e-08, 7.57595159939e-08, 8.0421315829e-08, 9.6164342267e-08, 2.51157423747e-08, 9.11020734407e-08, 8.25427548534e-08, 5.0707292587e-08, 6.18314928147e-08, 2.92161779214e-08, 2.68331579178e-08, 3.00189917368e-08, 4.77234216589e-08, 7.88838434573e-08, 5.2912803028e-08, 2.62301522724e-08, 1.40162121909e-08, 1.19769687501e-08, 1.16788045901e-08, 1.57985553528e-08, 5.42016698191e-09, 8.63323901257e-09, 7.17082393464e-09, 5.08431341473e-09, 5.11154618632e-10, 2.20758700209e-09, 1.41684697308e-09, 9.34650912221e-10, 1.24858690054e-09, 1.77767939258e-10, 3.19291454387e-10, 1.38638367453e-09, 1.49472467736e-09, 1.41848788271e-09, 1.14590537059e-09, 2.29041274835e-09, 1.96030836008e-09, 2.25964291722e-09, 2.87350010453e-09, 2.78492473527e-09, 4.20956602909e-09, 9.88475412633e-10, 2.02207273148e-09, 2.2845210168e-09, 1.80022918794e-09, 1.58226920455e-09, 1.61918811692e-09, 1.1442671255e-09, 1.37261213506e-09, 1.07449371622e-09, 9.61066448646e-10, 1.07152076101e-09, 8.28924540119e-10, 9.24138598979e-10, 1.06899844532e-09, 8.62518834133e-10, 1.12240450267e-09, 7.55045692635e-10, 8.12697409369e-10, 1.05847863807e-09, 8.52658221806e-10, 1.13431297688e-09, 1.16636589276e-09, 9.95320936781e-10, 1.21264431829e-09, 9.24856524698e-10, 9.66175806028e-10, 5.92720139636e-09, 1.01052179957e-08, 1.68282488638e-12, 1.87000940991e-13, 1.57817078091e-13, 1.59234442038e-13, 1.72877757574e-13, 1.48720757389e-13, 1.64242615818e-13, 1.84461834371e-13, 1.63880397425e-13, 2.00616785554e-13, 1.59267157839e-13],
        "stdev": [7.70048609411e-06, 7.29179328118e-06, 2.83193348878e-05, 0.000102566584246, 0.000169696024386, 0.000404235179303, 0.000582907174248, 0.000623689207714, 0.000774225278292, 0.000615912198555, 0.000602176180109, 0.000637646066025, 0.000411816581618, 0.000578224367928, 0.000518620421644, 0.00040970693226, 0.00043806762551, 0.00135435757693, 0.00112220249139, 0.0015727157006, 0.00108913483564, 0.000863987661432, 0.00104851019569, 0.000711719854735, 0.00101010792423, 0.0008378046914, 0.00121973117348, 0.0013612936018, 0.000746003526729, 0.00127952999901, 0.000764766067732, 0.000359076919267, 0.000649809429888, 0.00110691657756, 0.000429969077231, 0.000323004816892, 0.000332956056809, 0.000164474244229, 0.000402056612074, 0.00029373227153, 0.000129025487695, 0.000153009401402, 0.000144531513797, 0.000198072972125, 6.89161170158e-05, 0.000232569960644, 0.000179441791261, 6.5730069764e-05, 3.86051069654e-05, 0.000121396355098, 7.80206828495e-05, 9.04334447114e-05, 2.83519875666e-05, 4.28326638939e-05, 0.00013300779392, 4.31088374171e-05, 6.1309976445e-05, 0.000233219005167, 8.27612384455e-05, 2.56716266449e-05, 2.92933655146e-05, 1.55861125677e-05, 2.0401124857e-05, 1.40960364661e-05, 5.3616340665e-06, 3.69100553144e-06, 4.55782310382e-06, 2.1365599423e-06, 1.38762732149e-06, 1.77286153757e-06, 1.22055939755e-06, 6.66830771934e-07, 4.82895302412e-07, 2.60478117298e-07, 1.48658699572e-07, 8.71843184314e-08, 4.66454821435e-08, 1.58810511408e-08, 9.5981738113e-09, 1.61959583522e-08, 5.00006791526e-08, 6.34516510445e-08, 1.2566565033e-07, 1.80476121159e-07, 1.85457977864e-07, 1.44973569149e-07, 2.22285464702e-07, 1.63974959833e-07, 2.04525960612e-07, 2.1215545587e-07, 3.03140978986e-07, 2.7668724556e-07, 1.9179408639e-07, 1.51940270143e-07, 9.87749970704e-08, 5.23176453271e-08, 2.2543227729e-08, 1.83797173037e-08, 6.96773128084e-09, 2.63745070228e-09, 1.89036186704e-09, 1.97240246358e-09, 1.7460849433e-09, 1.58046398191e-09, 1.56127799578e-09, 1.44577805283e-09, 1.40693512396e-09, 1.47381318261e-09, 1.39290701195e-09, 1.28026145241e-09, 1.2969447738e-09, 1.30017629996e-09, 1.61254387621e-09, 1.18248466574e-09, 1.11461007091e-09, 4.70161909405e-09, 1.04792778899e-08, 7.35049299205e-10, 7.04150626696e-10, 6.83227252551e-10, 6.6585920111e-10, 6.50408282787e-10, 6.37237040912e-10, 6.26334761833e-10, 6.16972695155e-10, 6.09877148783e-10, 6.0417032488e-10, 6.01030336611e-10]
    },
    "mfcc": {
        "mean": [-693.866882324, 188.198623657, -41.7538604736, -0.12963347137, 1.59768331051, -18.4909420013, -17.8622112274, 13.6249303818, -23.8331832886, 4.02651691437, -10.5555315018, -8.99690437317, -0.81908005476],
        "cov": [[1418.89379883, -37.8408317566, -393.30078125, -13.5778837204, -110.239555359, -24.5245723724, -86.6031799316, 132.347595215, -119.418029785, 124.912948608, -25.0304775238, 19.835817337, -37.2354354858], [-37.8408317566, 362.966918945, -54.1266288757, -124.772827148, 5.00524997711, -30.6501731873, 85.8280563354, -22.8816356659, 52.3267631531, -20.308216095, 29.7706241608, -47.1784286499, 1.79067289829], [-393.30078125, -54.1266288757, 372.227416992, 63.7396659851, -2.84084653854, 74.5402297974, 4.46787786484, -16.7272872925, 4.59315109253, -2.34210443497, -28.6573905945, 0.481779545546, 13.5676851273], [-13.5778837204, -124.772827148, 63.7396659851, 258.888793945, 86.6178894043, -51.1298904419, -77.2225418091, -18.3669548035, -27.672618866, -25.4039268494, 16.9494762421, 55.439907074, 16.4203910828], [-110.239555359, 5.00524997711, -2.84084653854, 86.6178894043, 157.206375122, 6.12483310699, -47.9754600525, -20.1915111542, 22.3758811951, -20.9816474915, 18.3581504822, 5.44492483139, -13.8454914093], [-24.5245723724, -30.6501731873, 74.5402297974, -51.1298904419, 6.12483310699, 138.521224976, 43.7467689514, 12.5851345062, 0.318906992674, 21.864730835, -30.5438957214, -26.1964073181, -10.3365364075], [-86.6031799316, 85.8280563354, 4.46787786484, -77.2225418091, -47.9754600525, 43.7467689514, 152.956680298, 33.0268135071, 6.17171621323, -11.9411048889, -0.0119574014097, -22.6320037842, -5.75160455704], [132.347595215, -22.8816356659, -16.7272872925, -18.3669548035, -20.1915111542, 12.5851345062, 33.0268135071, 103.934127808, -0.587110102177, -1.82144606113, -4.75912094116, 1.25189828873, -15.9951190948], [-119.418029785, 52.3267631531, 4.59315109253, -27.672618866, 22.3758811951, 0.318906992674, 6.17171621323, -0.587110102177, 82.196395874, 13.4379711151, -6.33104991913, -17.6711997986, 7.89601945877], [124.912948608, -20.308216095, -2.34210443497, -25.4039268494, -20.9816474915, 21.864730835, -11.9411048889, -1.82144606113, 13.4379711151, 97.4670562744, 2.45176935196, -25.3630371094, -9.93548583984], [-25.0304775238, 29.7706241608, -28.6573905945, 16.9494762421, 18.3581504822, -30.5438957214, -0.0119574014097, -4.75912094116, -6.33104991913, 2.45176935196, 94.1966934204, 30.0611057281, -19.7559928894], [19.835817337, -47.1784286499, 0.481779545546, 55.439907074, 5.44492483139, -26.1964073181, -22.6320037842, 1.25189828873, -17.6711997986, -25.3630371094, 30.0611057281, 102.633621216, 33.6785507202], [-37.2354354858, 1.79067289829, 13.5676851273, 16.4203910828, -13.8454914093, -10.3365364075, -5.75160455704, -15.9951190948, 7.89601945877, -9.93548583984, -19.7559928894, 33.6785507202, 91.8170928955]],
        "icov": [[0.00572488550097, -0.00575431250036, 0.00714519200847, -0.00550153665245, 0.00630949484184, -0.0060844225809, 0.00747157027945, -0.00815213471651, 0.00804031360894, -0.00836534611881, 0.00557849695906, -0.00419591227546, 0.00281900097616], [-0.00575431250036, 0.0114758852869, -0.00756532372907, 0.00873222202063, -0.00890151783824, 0.00948203820735, -0.0107640037313, 0.00971926748753, -0.00933146290481, 0.00939898751676, -0.00761963799596, 0.00652044126764, -0.00446875393391], [0.00714519200847, -0.00756532372907, 0.0127306636423, -0.00929806381464, 0.0100526912138, -0.0110602127388, 0.00986025668681, -0.00935802143067, 0.00848428253084, -0.00947621650994, 0.00705772126094, -0.00513667752966, 0.00373273249716], [-0.00550153665245, 0.00873222202063, -0.00929806381464, 0.015085587278, -0.0128526315093, 0.0118687627837, -0.00826167315245, 0.00792011898011, -0.00438414793462, 0.00731023680419, -0.00535373343155, 0.00286080059595, -0.00449827266857], [0.00630949484184, -0.00890151783824, 0.0100526912138, -0.0128526315093, 0.0211788807064, -0.0142229655758, 0.0134199410677, -0.00801944360137, 0.00281878490932, -0.00464949011803, 0.00347471679561, -0.00374936359003, 0.00595888542011], [-0.0060844225809, 0.00948203820735, -0.0110602127388, 0.0118687627837, -0.0142229655758, 0.0222332961857, -0.0140227153897, 0.00852680765092, -0.00500222481787, 0.0045543150045, -0.00228722719476, 0.00445088138804, -0.00337711372413], [0.00747157027945, -0.0107640037313, 0.00986025668681, -0.00826167315245, 0.0134199410677, -0.0140227153897, 0.0221178010106, -0.0137226833031, 0.00937487371266, -0.00734604336321, 0.00489869574085, -0.00405242945999, 0.00363968336023], [-0.00815213471651, 0.00971926748753, -0.00935802143067, 0.00792011898011, -0.00801944360137, 0.00852680765092, -0.0137226833031, 0.0234112590551, -0.0130136916414, 0.0123946908861, -0.00680514797568, 0.00428766384721, -0.00113633798901], [0.00804031360894, -0.00933146290481, 0.00848428253084, -0.00438414793462, 0.00281878490932, -0.00500222481787, 0.00937487371266, -0.0130136916414, 0.0285151936114, -0.0159040074795, 0.00968303065747, -0.00484897848219, 0.000843984773383], [-0.00836534611881, 0.00939898751676, -0.00947621650994, 0.00731023680419, -0.00464949011803, 0.0045543150045, -0.00734604336321, 0.0123946908861, -0.0159040074795, 0.0267494637519, -0.0124188465998, 0.0105792265385, -0.00426252279431], [0.00557849695906, -0.00761963799596, 0.00705772126094, -0.00535373343155, 0.00347471679561, -0.00228722719476, 0.00489869574085, -0.00680514797568, 0.00968303065747, -0.0124188465998, 0.0226137191057, -0.0122740715742, 0.00890459120274], [-0.00419591227546, 0.00652044126764, -0.00513667752966, 0.00286080059595, -0.00374936359003, 0.00445088138804, -0.00405242945999, 0.00428766384721, -0.00484897848219, 0.0105792265385, -0.0122740715742, 0.0210613459349, -0.00995709281415], [0.00281900097616, -0.00446875393391, 0.00373273249716, -0.00449827266857, 0.00595888542011, -0.00337711372413, 0.00363968336023, -0.00113633798901, 0.000843984773383, -0.00426252279431, 0.00890459120274, -0.00995709281415, 0.0179572980851]]
    },
    "spectral_contrast_coeffs": {
        "max": [-0.427429825068, -0.49211576581, -0.491467356682, -0.627060770988, -0.534082889557, -0.717921972275],
        "mean": [-0.647876441479, -0.733510673046, -0.723132967949, -0.767632842064, -0.727424919605, -0.807699382305],
        "min": [-0.825855612755, -0.915051162243, -0.937450110912, -0.929921030998, -0.89933270216, -0.95661842823],
        "stdev": [0.0626575276256, 0.0675987452269, 0.0709732547402, 0.0470622479916, 0.0538263805211, 0.0308582484722]
    },
    "spectral_contrast_valleys": {
        "max": [-5.82525682449, -4.80507612228, -4.90643596649, -6.18978404999, -7.0257101059, -9.33615112305],
        "mean": [-7.26940345764, -6.3326458931, -7.12472724915, -7.63518428802, -8.48758125305, -11.7473220825],
        "min": [-9.48882293701, -7.95691871643, -8.6608915329, -9.029504776, -9.98198032379, -12.2332296371],
        "stdev": [0.557036995888, 0.499726712704, 0.55969196558, 0.48909676075, 0.498881936073, 0.215719655156]
    }
},
"rhythm": {
    "beats_count": 108,
    "beats_loudness": {
        "max": 0.0998054221272,
        "mean": 0.0292435139418,
        "min": 0.00193356687669,
        "stdev": 0.0188475549221
    },
    "bpm": 134.567016602,
    "bpm_histogram_first_peak_bpm": 136,
    "bpm_histogram_first_peak_weight": 0.5,
    "bpm_histogram_second_peak_bpm": 129,
    "bpm_histogram_second_peak_spread": 0.133333325386,
    "bpm_histogram_second_peak_weight": 0.121495328844,
    "danceability": 1.36961746216,
    "onset_rate": 3.1787109375,
    "beats_loudness_band_ratio": {
        "max": [0.707189917564, 0.584895372391, 0.831968069077, 0.800928413868, 0.400926679373, 0.0451419577003],
        "mean": [0.118808545172, 0.21756772697, 0.366793692112, 0.25254547596, 0.116295225918, 0.00687690405175],
        "min": [0.00182460027281, 0.014553588815, 0.0659076869488, 0.0274149421602, 0.00526737840846, 0.000644570973236],
        "stdev": [0.126054897904, 0.135461762547, 0.169965460896, 0.169150978327, 0.0994350388646, 0.00624968204647]
    },
