{
"metadata": {
    "version": {
        "essentia": "2.1-beta5",
        "essentia_git_sha": "Undefined",
        "extractor": "music 2.0"
    },
    "audio_properties": {
        "analysis": {
            "equal_loudness": 0,
            "length": 29.0017242432,
            "sample_rate": 44100,
            "start_time": 146.239273071,
            "downmix": "mix"
        },
        "bit_rate": 192000,
        "length": 206.634399414,
        "lossless": 0,
        "number_channels": 2,
        "replay_gain": -6.23316192627,
        "sample_rate": 48000,
        "codec": "mp3",
        "md5_encoded": "58c9589d61cb8a833bc40416daada47d"
    },
    "tags": {
        "file_name": "Sweden_Fångad I En Dröm_Björn Skifs.mp3",
        "encoding": ["Lavf58.29.100"]
    }
},
"lowlevel": {
    "average_loudness": 0.758743107319,
    "barkbands_crest": {
        "max": 24.4867687225,
        "mean": 8.39385890961,
        "min": 2.34647464752,
        "stdev": 3.83755350113
    },
    "barkbands_flatness_db": {
        "max": 0.253918260336,
        "mean": 0.135608255863,
        "min": 0.0525980070233,
        "stdev": 0.0350806564093
    },
    "barkbands_kurtosis": {
        "max": 34.313949585,
        "mean": 0.21465292573,
        "min": -1.83307874203,
        "stdev": 2.60101389885
    },
    "barkbands_skewness": {
        "max": 5.25110721588,
        "mean": 0.369584292173,
        "min": -2.11351847649,
        "stdev": 0.862564384937
    },
    "barkbands_spread": {
        "max": 72.039604187,
        "mean": 26.7149162292,
        "min": 3.12008357048,
        "stdev": 10.3402299881
    },
    "dissonance": {
        "max": 0.499689996243,
        "mean": 0.476540088654,
        "min": 0.333039730787,
        "stdev": 0.0199063327163
    },
    "dynamic_complexity": 4.18224859238,
    "erbbands_crest": {
        "max": 31.6332092285,
        "mean": 9.87205791473,
        "min": 3.04901337624,
        "stdev": 5.01126813889
    },
    "erbbands_flatness_db": {
        "max": 0.315862476826,
        "mean": 0.199255272746,
        "min": 0.0966068729758,
        "stdev": 0.0357601419091
    },
    "erbbands_kurtosis": {
        "max": 20.1750679016,
        "mean": 1.03182256222,
        "min": -1.42240357399,
        "stdev": 2.23979043961
    },
    "erbbands_skewness": {
        "max": 3.8297996521,
        "mean": -0.328804880381,
        "min": -3.9462594986,
        "stdev": 0.896565556526
    },
    "erbbands_spread": {
        "max": 70.9637527466,
        "mean": 25.2510910034,
        "min": 4.96071243286,
        "stdev": 10.0724639893
    },
    "hfc": {
        "max": 90.1819381714,
        "mean": 16.4484443665,
        "min": 0.0611316114664,
        "stdev": 17.3221092224
    },
    "loudness_ebu128": {
        "integrated": -19.7393302917,
        "loudness_range": 7.66815376282,
        "momentary": {
            "max": -14.0000982285,
            "mean": -21.5624523163,
            "min": -39.9033355713,
            "stdev": 4.4698472023
        },
        "short_term": {
            "max": -15.9224395752,
            "mean": -20.592092514,
            "min": -25.1571865082,
            "stdev": 2.4823551178
        }
    },
    "melbands_crest": {
        "max": 27.5714168549,
        "mean": 11.5760478973,
        "min": 2.93894934654,
        "stdev": 4.58251333237
    },
    "melbands_flatness_db": {
        "max": 0.320809781551,
        "mean": 0.157998412848,
        "min": 0.0333382748067,
        "stdev": 0.048870138824
    },
    "melbands_kurtosis": {
        "max": 70.8757095337,
        "mean": 2.65412592888,
        "min": -1.83128011227,
        "stdev": 5.86515617371
    },
    "melbands_skewness": {
        "max": 6.7109746933,
        "mean": 1.24266290665,
        "min": -1.07759904861,
        "stdev": 1.07624089718
    },
    "melbands_spread": {
        "max": 192.067077637,
        "mean": 40.6378326416,
        "min": 2.83878970146,
        "stdev": 20.1416854858
    },
    "pitch_salience": {
        "max": 0.799567162991,
        "mean": 0.547447443008,
        "min": 0.174193516374,
        "stdev": 0.108291260898
    },
    "silence_rate_20dB": {
        "max": 1,
        "mean": 1,
        "min": 1,
        "stdev": 0
    },
    "silence_rate_30dB": {
        "max": 1,
        "mean": 1,
        "min": 1,
        "stdev": 0
    },
    "silence_rate_60dB": {
        "max": 1,
        "mean": 0.16400000453,
        "min": 0,
        "stdev": 0.370276302099
    },
    "spectral_centroid": {
        "max": 4360.00585938,
        "mean": 1876.19384766,
        "min": 335.50201416,
        "stdev": 531.715209961
    },
    "spectral_complexity": {
        "max": 50,
        "mean": 18.4479999542,
        "min": 0,
        "stdev": 10.099398613
    },
    "spectral_decrease": {
        "max": -1.32266498101e-11,
        "mean": -2.95241875392e-09,
        "min": -1.35216842168e-08,
        "stdev": 2.49480214265e-09
    },
    "spectral_energy": {
        "max": 0.0542087778449,
        "mean": 0.0126350261271,
        "min": 5.72462122364e-05,
        "stdev": 0.0107667408884
    },
    "spectral_energyband_high": {
        "max": 0.0121080549434,
        "mean": 0.000434854329797,
        "min": 1.856130325e-07,
        "stdev": 0.000870594347361
    },
    "spectral_energyband_low": {
        "max": 0.0270793940872,
        "mean": 0.00243466091342,
        "min": 2.17433671423e-06,
        "stdev": 0.00319014140405
    },
    "spectral_energyband_middle_high": {
        "max": 0.036315176636,
        "mean": 0.00657378602773,
        "min": 9.6384283097e-06,
        "stdev": 0.00719431042671
    },
    "spectral_energyband_middle_low": {
        "max": 0.0406420081854,
        "mean": 0.0035241516307,
        "min": 1.86765755643e-05,
        "stdev": 0.00457941554487
    },
    "spectral_entropy": {
        "max": 8.53242778778,
        "mean": 7.59083509445,
        "min": 6.47216653824,
        "stdev": 0.273606032133
    },
    "spectral_flux": {
        "max": 0.172606870532,
        "mean": 0.0589146614075,
        "min": 0.00423381524161,
        "stdev": 0.0332317091525
    },
    "spectral_kurtosis": {
        "max": 19.8222160339,
        "mean": 4.81322097778,
        "min": -0.28105711937,
        "stdev": 2.77179002762
    },
    "spectral_rms": {
        "max": 0.00727231800556,
        "mean": 0.00318000954576,
        "min": 0.000236325970036,
        "stdev": 0.00148809025995
    },
    "spectral_rolloff": {
        "max": 7881.15234375,
        "mean": 2144.05419922,
        "min": 107.666015625,
        "stdev": 999.074462891
    },
    "spectral_skewness": {
        "max": 2.88636779785,
        "mean": 1.30987906456,
        "min": 0.0238222200423,
        "stdev": 0.34815505147
    },
    "spectral_spread": {
        "max": 17139800,
        "mean": 3141453.75,
        "min": 1761048.75,
        "stdev": 891862.625
    },
    "spectral_strongpeak": {
        "max": 12.1384067535,
        "mean": 1.40200209618,
        "min": 0.00420902809128,
        "stdev": 2.0147895813
    },
    "zerocrossingrate": {
        "max": 0.248046875,
        "mean": 0.0722269564867,
        "min": 0.01171875,
        "stdev": 0.0277754589915
    },
    "barkbands": {
        "max": [8.76750782481e-05, 0.0193522069603, 0.00932933390141, 0.0122673260048, 0.00898156873882, 0.0078680627048, 0.00499734468758, 0.0123293288052, 0.036410946399, 0.011405644007, 0.0142108481377, 0.0141700599343, 0.0171438381076, 0.0101600568742, 0.0142320040613, 0.0179968103766, 0.0163045544177, 0.0119604617357, 0.0067164991051, 0.00259707542136, 0.00224350485951, 0.00605425611138, 0.00327569548972, 0.00207431218587, 0.00039409272722, 0.000256991886999, 1.21118955576e-06],
        "mean": [6.14417922407e-06, 0.00146378891077, 0.000724418496247, 0.000478248839499, 0.000645526975859, 0.000429682782851, 0.000388013315387, 0.000424412864959, 0.00100660719909, 0.000590500887483, 0.000750436389353, 0.000804215553217, 0.000573803670704, 0.000469413032988, 0.000460640381789, 0.00104639434721, 0.00091352063464, 0.000524276518263, 0.000378965312848, 0.000219098496018, 0.000127865976538, 9.941150347e-05, 5.62731984246e-05, 3.6344408727e-05, 1.33100820676e-05, 3.71894770979e-06, 2.97317326314e-09],
        "min": [6.93959556486e-09, 1.76743344582e-06, 2.43754755047e-07, 2.17670532265e-07, 7.89002172041e-07, 5.11853727403e-07, 6.45543593691e-07, 5.49494131974e-07, 8.76683941442e-07, 3.82880756433e-07, 1.84868696351e-07, 1.4110879647e-06, 5.76697061661e-07, 2.12156308521e-07, 1.25832258391e-07, 6.89947796673e-07, 3.51029342482e-07, 1.94895036998e-07, 6.39391188884e-08, 5.19436760271e-08, 2.69453526158e-08, 1.45872505186e-08, 1.914285086e-08, 1.75584222717e-08, 1.59897055596e-08, 4.96084631707e-11, 3.87225390641e-11],
        "stdev": [9.02609099285e-06, 0.00228915386833, 0.000993286957964, 0.00118199246936, 0.000897979654837, 0.000747435202356, 0.000549115415197, 0.000951471738517, 0.00335274008103, 0.00121883500833, 0.00151133968029, 0.0016282510478, 0.00138717412483, 0.000783677853178, 0.00103267130908, 0.00234327092767, 0.00196919240989, 0.0011099204421, 0.000605802400969, 0.000316802877933, 0.000200853130082, 0.000311650946969, 0.000197814006242, 0.000135738853714, 3.23311542161e-05, 1.16174351206e-05, 4.29350173192e-08]
    },
    "erbbands": {
        "max": [0.200462862849, 5.48098802567, 12.8226671219, 26.5126857758, 36.8346214294, 29.1752166748, 79.4294204712, 85.6916122437, 85.0137329102, 98.5111236572, 533.821594238, 793.01776123, 343.279724121, 285.292694092, 880.884033203, 609.081298828, 766.617980957, 418.31942749, 753.378051758, 698.985595703, 878.571289062, 1014.91235352, 808.987609863, 452.612243652, 257.278900146, 114.330955505, 79.3912353516, 134.407623291, 228.920715332, 136.936843872, 84.1942520142, 69.0871505737, 26.9773693085, 7.54724740982, 3.93752408028, 2.10700511932, 0.0793039873242, 0.00471143238246, 0.00014838349307, 7.4467396189e-05],
        "mean": [0.0162979010493, 0.407300561666, 1.02682578564, 1.18645071983, 1.91988492012, 1.84329319, 3.23954796791, 3.77529096603, 5.3485417366, 6.32813739777, 14.5847434998, 21.642742157, 17.3191356659, 20.4480819702, 36.6795768738, 27.0329933167, 24.7633533478, 21.6719303131, 23.4559116364, 39.3797683716, 56.9064750671, 54.2801322937, 34.620552063, 19.8756446838, 16.8960494995, 9.49215888977, 6.26826906204, 4.70737504959, 3.68730163574, 2.42859959602, 1.53122603893, 0.894290626049, 0.509302258492, 0.155181452632, 0.0956171005964, 0.0359835103154, 0.00253247888759, 8.21898356662e-05, 1.25947535707e-05, 1.68187016243e-05],
        "min": [2.87151051452e-05, 0.000240340697928, 0.00044251975487, 0.00202202959917, 0.00442364392802, 0.00540350424126, 0.0138994790614, 0.0253675244749, 0.0174600388855, 0.00701411580667, 0.0158475022763, 0.0266338419169, 0.0392259731889, 0.0213710144162, 0.0309836007655, 0.0427484624088, 0.0263142120093, 0.0261656194925, 0.0125155644491, 0.0195344984531, 0.0364342927933, 0.0214608628303, 0.013139472343, 0.00559700187296, 0.00557278469205, 0.00240203668363, 0.00147749565076, 0.000908644404262, 0.000610947899986, 0.0006494736881, 0.000434456684161, 0.00037718936801, 0.000296834739856, 0.000191724990145, 8.0637728388e-05, 1.34252259159e-05, 5.61141803246e-07, 7.09392722342e-08, 5.50147696288e-08, 7.75039126211e-08],
        "stdev": [0.0272677000612, 0.628109455109, 1.32088339329, 2.79084849358, 3.29131913185, 2.57277154922, 5.81050443649, 6.53088617325, 6.76585292816, 10.5197353363, 43.2326469421, 71.7012481689, 32.2609672546, 37.5378417969, 74.8708724976, 53.4615135193, 57.854927063, 37.0494384766, 38.6899871826, 75.9406585693, 117.462135315, 113.118530273, 74.8029708862, 31.2455062866, 25.3605480194, 13.344786644, 9.26160812378, 9.12593841553, 11.6651210785, 7.33011579514, 5.64600133896, 3.99017691612, 1.5612077713, 0.468163818121, 0.266130328178, 0.110219813883, 0.00667463568971, 0.000230713252677, 1.52605389303e-05, 1.45831081682e-05]
    },
    "gfcc": {
        "mean": [-49.4507713318, 110.389663696, -166.5990448, 45.9459037781, -54.9567489624, 15.1454105377, -34.4225883484, 9.55923938751, -16.2941112518, -7.73867416382, -10.2166309357, -6.5489397049, -1.60768759251],
        "cov": [[5319.00195312, -1459.29919434, -81.0211029053, 207.669509888, -279.799804688, 226.767837524, -115.086578369, 214.363586426, -206.230575562, 267.459625244, -192.672576904, 142.261779785, -182.600036621], [-1459.29919434, 1176.26245117, -88.2774658203, 72.3752822876, 291.912261963, -152.3828125, 252.466201782, -138.807769775, 234.559890747, -200.390319824, 178.012649536, -148.507751465, 142.612091064], [-81.0211029053, -88.2774658203, 319.486450195, 68.4990463257, -59.9295005798, 85.8681411743, -62.8480606079, 29.1780586243, -26.6511077881, 50.448009491, -43.1812515259, 33.0024375916, -31.4970855713], [207.669509888, 72.3752822876, 68.4990463257, 333.196411133, 88.8349609375, -30.4664268494, 10.0385780334, -27.8783550262, 81.648727417, -54.1170043945, 15.8442296982, -22.0015621185, 36.9671211243], [-279.799804688, 291.912261963, -59.9295005798, 88.8349609375, 266.96081543, -31.2918357849, 72.9685745239, -3.56079697609, 66.8922729492, -39.7234649658, 52.9060935974, 1.41904819012, 49.2986450195], [226.767837524, -152.3828125, 85.8681411743, -30.4664268494, -31.2918357849, 177.520645142, 30.8542499542, 27.8405532837, -46.3483276367, 55.1937561035, -6.83507823944, 20.8715057373, -36.7076301575], [-115.086578369, 252.466201782, -62.8480606079, 10.0385780334, 72.9685745239, 30.8542499542, 206.053451538, 10.3543958664, 43.2963523865, -39.7339706421, 60.7119026184, -42.4748840332, 17.65716362], [214.363586426, -138.807769775, 29.1780586243, -27.8783550262, -3.56079697609, 27.8405532837, 10.3543958664, 123.382141113, -7.37743377686, 43.8930931091, -21.8281383514, 22.6251983643, -22.8563480377], [-206.230575562, 234.559890747, -26.6511077881, 81.648727417, 66.8922729492, -46.3483276367, 43.2963523865, -7.37743377686, 147.929351807, -24.3977413177, 32.5393562317, -52.0465965271, 28.3896713257], [267.459625244, -200.390319824, 50.448009491, -54.1170043945, -39.7234649658, 55.1937561035, -39.7339706421, 43.8930931091, -24.3977413177, 133.377883911, -18.3459796906, 39.4378929138, -33.927532196], [-192.672576904, 178.012649536, -43.1812515259, 15.8442296982, 52.9060935974, -6.83507823944, 60.7119026184, -21.8281383514, 32.5393562317, -18.3459796906, 110.335189819, -0.104023233056, 39.3196868896], [142.261779785, -148.507751465, 33.0024375916, -22.0015621185, 1.41904819012, 20.8715057373, -42.4748840332, 22.6251983643, -52.0465965271, 39.4378929138, -0.104023233056, 96.6870727539, 3.33111143112], [-182.600036621, 142.612091064, -31.4970855713, 36.9671211243, 49.2986450195, -36.7076301575, 17.65716362, -22.8563480377, 28.3896713257, -33.927532196, 39.3196868896, 3.33111143112, 88.9833526611]],
        "icov": [[0.000386845058529, 0.000184748249012, 0.000672310008667, -0.000780307862442, 0.000362238963135, -0.00032070177258, -0.000158735376317, -0.000347520399373, 0.000261795328697, -0.000524801143911, 0.00032277306309, -0.000270348973572, 0.000253008445725], [0.000184748249012, 0.00810652133077, -0.00561575032771, 0.00504409056157, -0.00567259034142, 0.00501799024642, -0.0061122328043, 0.00625805975869, -0.00599329220131, 0.00421235011891, -0.00435546785593, 0.00526331784204, -0.00341752008535], [0.000672310008667, -0.00561575032771, 0.0103657403961, -0.00697193806991, 0.00580494664609, -0.00676580285653, 0.00542036676779, -0.00598199432716, 0.00465810857713, -0.004524089396, 0.00462727155536, -0.00533803971484, 0.00327026075684], [-0.000780307862442, 0.00504409056157, -0.00697193806991, 0.00969364773482, -0.00580827333033, 0.00426059961319, -0.00347012956627, 0.0056700934656, -0.00667719170451, 0.00555258058012, -0.00341323041357, 0.00405170070007, -0.00345579953864], [0.000362238963135, -0.00567259034142, 0.00580494664609, -0.00580827333033, 0.0101089095697, -0.0039789667353, 0.00284068635665, -0.00535875977948, 0.00299480417743, -0.00317684188485, 0.00310597126372, -0.00648812344298, 0.0018240227364], [-0.00032070177258, 0.00501799024642, -0.00676580285653, 0.00426059961319, -0.0039789667353, 0.0129844620824, -0.00715302163735, 0.0047451807186, -0.00158737867605, 0.000235118233832, -0.00360027281567, 0.00352777261287, -0.000611271418165], [-0.000158735376317, -0.0061122328043, 0.00542036676779, -0.00347012956627, 0.00284068635665, -0.00715302163735, 0.0133973965421, -0.00714637804776, 0.00393691193312, -0.000775607943069, -0.000579282466788, -0.000386396743124, 0.00253046606667], [-0.000347520399373, 0.00625805975869, -0.00598199432716, 0.0056700934656, -0.00535875977948, 0.0047451807186, -0.00714637804776, 0.016116052866, -0.00643237773329, 0.00143069785554, -0.00113509071525, 0.0016102376394, -0.00169280194677], [0.000261795328697, -0.00599329220131, 0.00465810857713, -0.00667719170451, 0.00299480417743, -0.00158737867605, 0.00393691193312, -0.00643237773329, 0.0171609353274, -0.00628425646573, 0.00139186333399, 0.00259333266877, 0.00123461498879], [-0.000524801143911, 0.00421235011891, -0.004524089396, 0.00555258058012, -0.00317684188485, 0.000235118233832, -0.000775607943069, 0.00143069785554, -0.00628425646573, 0.0156213659793, -0.00366750708781, -0.000396542862291, 0.000238802400418], [0.00032277306309, -0.00435546785593, 0.00462727155536, -0.00341323041357, 0.00310597126372, -0.00360027281567, -0.000579282466788, -0.00113509071525, 0.00139186333399, -0.00366750708781, 0.0169415641576, -0.00645373482257, -0.00177080871072], [-0.000270348973572, 0.00526331784204, -0.00533803971484, 0.00405170070007, -0.00648812344298, 0.00352777261287, -0.000386396743124, 0.0016102376394, 0.00259333266877, -0.000396542862291, -0.00645373482257, 0.0221125930548, -0.00597741547972], [0.000253008445725, -0.00341752008535, 0.00327026075684, -0.00345579953864, 0.0018240227364, -0.000611271418165, 0.00253046606667, -0.00169280194677, 0.00123461498879, 0.000238802400418, -0.00177080871072, -0.00597741547972, 0.0183314308524]]
    },
    "melbands": {
        "max": [0.0037067127414, 0.00701874587685, 0.00422198977321, 0.00209783972241, 0.00206964556128, 0.00173789635301, 0.00116772565525, 0.00132741976995, 0.00546541949734, 0.0042558433488, 0.00177306577098, 0.00108668988105, 0.00207600626163, 0.00196928600781, 0.00195029505994, 0.00234355521388, 0.000913243042305, 0.00156286475249, 0.00154855125584, 0.00157926708926, 0.000930220528971, 0.00143554818351, 0.00089025683701, 0.000412032648455, 0.00044370687101, 0.000148683640873, 0.000146922087879, 8.34632883198e-05, 6.6096559749e-05, 4.38175011368e-05, 9.95094451355e-05, 0.000141734897625, 9.80570257525e-05, 7.75235312176e-05, 6.35456453892e-05, 4.41102820332e-05, 3.80541714549e-05, 2.42932092078e-05, 8.62787965161e-06, 5.33398588232e-06],
        "mean": [0.000282204971882, 0.000552052690182, 0.000230259276577, 0.000134598405566, 0.000110115382995, 8.59067949932e-05, 7.89505720604e-05, 7.22243566997e-05, 0.000147525250213, 0.000128020663396, 8.77586717252e-05, 8.29178970889e-05, 0.000102870675619, 0.000112461682875, 5.02517104906e-05, 5.76707534492e-05, 3.86908723158e-05, 3.87854051951e-05, 4.03563972213e-05, 7.28673330741e-05, 6.1642662331e-05, 6.34501047898e-05, 3.26477893395e-05, 2.34278049902e-05, 1.54196222866e-05, 1.39299945658e-05, 9.54372990236e-06, 5.65070922676e-06, 4.27821623816e-06, 2.95489394375e-06, 2.66044412456e-06, 2.10045868698e-06, 1.79858045612e-06, 1.19163564705e-06, 9.45726696955e-07, 6.79740367104e-07, 4.83002907004e-07, 4.13420480072e-07, 2.00465990474e-07, 1.03664838491e-07],
        "min": [3.98492773002e-07, 1.83461182246e-07, 2.22984709808e-07, 3.51626312067e-07, 5.26454300598e-07, 1.26739692519e-07, 1.63459915825e-07, 6.12986994497e-08, 8.97591263538e-08, 1.49717067188e-07, 1.67494789594e-07, 5.77203707053e-08, 7.34458751595e-08, 1.58049815013e-07, 6.55134257954e-08, 6.78453062619e-08, 2.32709798098e-08, 2.16505942063e-08, 8.47452774622e-09, 3.00705060852e-08, 3.86857976764e-08, 1.87944060315e-08, 2.02824814721e-08, 7.44801553765e-09, 2.92762436516e-09, 2.54102872077e-09, 2.75376277337e-09, 1.18760856704e-09, 9.92336768313e-10, 4.65523619653e-10, 3.72752440025e-10, 3.2258085092e-10, 3.16452974936e-10, 2.73607442258e-10, 2.25581164859e-10, 1.65423341691e-10, 2.01496916374e-10, 1.7558531018e-10, 1.25875393442e-10, 1.66555246157e-12],
        "stdev": [0.000453525339253, 0.000726762344129, 0.00045018849778, 0.000193464671611, 0.000176750865649, 0.000139465046232, 0.000102066042018, 0.000128991101519, 0.000501043396071, 0.000402815203415, 0.000171874329681, 0.00015693064779, 0.000205445408938, 0.000235381317907, 0.000127023653476, 0.000162761018146, 6.95464404998e-05, 7.15227215551e-05, 9.67234736891e-05, 0.000178805930773, 0.000123969919514, 0.000149579791469, 6.67503263685e-05, 4.49530925835e-05, 2.79094292637e-05, 2.18572258746e-05, 1.53139462782e-05, 9.03109139472e-06, 6.64102799419e-06, 4.61536001239e-06, 5.85426050748e-06, 6.90820388627e-06, 5.69833582631e-06, 3.86711599276e-06, 3.53563837052e-06, 3.0677358609e-06, 2.12294958146e-06, 1.27166663333e-06, 6.06212097409e-07, 3.30204414922e-07]
    },
    "melbands128": {
        "max": [5.91900607105e-05, 0.000629105663393, 0.00468066101894, 0.0118012800813, 0.00925161316991, 0.0043984297663, 0.00676555605605, 0.00700950948521, 0.00483133690432, 0.00284163584001, 0.00228362390772, 0.00229857116938, 0.00379060977139, 0.00338608631864, 0.0031398688443, 0.00176916853525, 0.00184925529175, 0.00169526622631, 0.00179273972753, 0.00132896529976, 0.00210735900328, 0.00481149274856, 0.00939721707255, 0.0136250890791, 0.00747808301821, 0.00678383372724, 0.00284644891508, 0.00336974090897, 0.00393107207492, 0.00230372347869, 0.00185264844913, 0.00482356920838, 0.00287323445082, 0.0063512371853, 0.00436193263158, 0.00341557338834, 0.0023596228566, 0.00358716887422, 0.00175771175418, 0.00353937037289, 0.00387827097438, 0.00115108152386, 0.00186979281716, 0.00179843220394, 0.00127026182599, 0.00298736640252, 0.00101239269134, 0.00233374838717, 0.00200454285368, 0.00137256691232, 0.00317567051388, 0.00316624622792, 0.00203378475271, 0.00214068451896, 0.00259438925423, 0.00297606526874, 0.00181073998101, 0.0011460945243, 0.00135453860275, 0.00152224884368, 0.000487289595185, 0.000232739344938, 0.000602284388151, 0.000489022291731, 0.000433394918218, 0.000196294233319, 0.00041764479829, 0.000388415908674, 0.000212131475564, 0.000120294142107, 0.000173017004272, 0.000125701073557, 0.000178737012902, 0.000125583304907, 6.08190457569e-05, 4.48689715995e-05, 6.1404047301e-05, 7.61141782277e-05, 8.22364527266e-05, 0.000205317017389, 0.000118279698654, 0.000224087867537, 0.000109532251372, 0.000123496589367, 8.8130000222e-05, 9.94581714622e-05, 8.28570191516e-05, 0.00014204029867, 5.55889237148e-05, 6.57198834233e-05, 5.52074889129e-05, 6.82967729517e-05, 8.27359908726e-05, 3.44848012901e-05, 4.47301390523e-05, 4.176046059e-05, 2.58064446825e-05, 1.38853220051e-05, 1.03715938167e-05, 1.12257821456e-05, 5.84691542826e-06, 6.25438497082e-06, 3.50172740582e-06, 1.78819288976e-06, 7.24466462998e-06, 8.9452478278e-06, 7.14969246474e-06, 1.17796726045e-05, 1.45913372762e-06, 1.01652972262e-06, 9.22719550545e-07, 5.65708432987e-07, 1.68143088786e-07, 2.52748293406e-08, 3.45226673915e-08, 6.21996392169e-08, 3.46673907359e-08, 4.08130684804e-09, 3.9796588247e-09, 3.88094134607e-09, 3.79758935409e-09, 3.71990993564e-09, 3.65084451559e-09, 3.58711194082e-09, 3.52956597283e-09, 3.4942337912e-09, 3.4657818837e-09, 3.44745654246e-09],
        "mean": [4.43428734798e-06, 4.46833728347e-05, 0.000344983040122, 0.000828233896755, 0.000664431310724, 0.000293998251436, 0.000230038887821, 0.000237451153225, 0.00019838703156, 0.000131889551994, 8.03063376225e-05, 0.000120854805573, 0.000112853835162, 0.000105981467641, 9.42470287555e-05, 5.56617742404e-05, 9.47531516431e-05, 7.91152269812e-05, 7.17044677003e-05, 5.58955653105e-05, 9.0830901172e-05, 7.16115246178e-05, 0.000136296643177, 0.000268617353868, 0.000134986737976, 9.59654207691e-05, 4.91231221531e-05, 8.28059855849e-05, 0.000132743196446, 6.82585960021e-05, 7.29870225769e-05, 9.79375035968e-05, 4.44887227786e-05, 0.000180926537723, 0.000153132481501, 9.08624351723e-05, 3.16418336297e-05, 6.83561956976e-05, 3.9428286982e-05, 4.91510436404e-05, 8.60528380144e-05, 3.0324283216e-05, 2.75286020042e-05, 4.54069886473e-05, 5.82550819672e-05, 3.37357232638e-05, 2.05591531994e-05, 4.1665021854e-05, 5.01348731632e-05, 3.87810578104e-05, 9.01785169845e-05, 9.12911564228e-05, 6.42682134639e-05, 4.23703531851e-05, 6.40989819658e-05, 8.71224910952e-05, 4.22406446887e-05, 2.19559096877e-05, 3.35819058819e-05, 4.56481684523e-05, 1.84080563486e-05, 1.25029873743e-05, 1.39546436912e-05, 1.6369511286e-05, 1.85355729627e-05, 1.2056385458e-05, 1.39122557812e-05, 1.04059581645e-05, 9.71041663433e-06, 6.11012910667e-06, 4.6942291192e-06, 6.41302540316e-06, 5.2090204008e-06, 3.65247251466e-06, 3.55344332092e-06, 2.83355007014e-06, 2.84212137558e-06, 2.71775343208e-06, 2.75408206107e-06, 2.54000156019e-06, 1.93668938664e-06, 2.04296839001e-06, 2.08961591852e-06, 1.96680480258e-06, 1.33301796268e-06, 1.20989648167e-06, 1.1357275298e-06, 1.17102013064e-06, 9.87335624814e-07, 7.432156508e-07, 6.82790187057e-07, 6.97157929608e-07, 6.29827752618e-07, 3.75098494487e-07, 4.93369213928e-07, 4.78406832372e-07, 4.1936388584e-07, 2.95110083925e-07, 2.01833131541e-07, 1.46768442733e-07, 1.27457724375e-07, 9.22066973885e-08, 8.62143352265e-08, 5.41996456604e-08, 9.6376844283e-08, 1.49295644292e-07, 1.61483811212e-07, 1.12747329695e-07, 3.69104569131e-08, 2.09205719415e-08, 1.69788680893e-08, 1.12463318658e-08, 1.86158688464e-09, 2.75814676653e-10, 2.24635282597e-10, 2.4324525727e-10, 6.76100841979e-11, 6.04453032765e-12, 5.85329484534e-12, 5.71255109189e-12, 5.57451654282e-12, 5.46603777865e-12, 5.37014269858e-12, 5.26272254942e-12, 5.13208269284e-12, 4.98455226747e-12, 4.88751313726e-12, 4.8539757283e-12],
        "min": [5.90041793203e-10, 2.6794126029e-08, 2.35364353784e-07, 2.38767228211e-07, 1.76628390136e-07, 8.01737130018e-08, 8.87819169293e-08, 1.06333480687e-07, 1.67210430391e-07, 1.49686883333e-07, 6.38882653448e-08, 9.05127990336e-08, 5.96087232907e-08, 1.54538270181e-07, 4.81733373192e-08, 3.83845737417e-08, 3.26413776008e-08, 5.52115508867e-08, 5.24132168778e-08, 3.06652943038e-08, 2.35082673328e-08, 4.07438029981e-08, 7.82169422564e-08, 2.43251712106e-08, 8.38348910293e-08, 3.84729439418e-08, 3.5510385743e-08, 5.60575017516e-08, 5.99843588134e-08, 1.91698426022e-08, 3.13986916467e-08, 8.71726424378e-09, 3.08062020338e-08, 4.22372146147e-08, 1.15363071984e-07, 5.61901174478e-08, 2.97181408371e-08, 2.25560121692e-08, 1.673397243e-08, 2.55595757892e-08, 7.0096675131e-08, 2.55775685076e-08, 1.13095621757e-08, 4.39250857909e-09, 3.30280904848e-08, 1.09373488044e-08, 4.6060630865e-09, 6.91127510777e-09, 4.55509319153e-09, 8.06474442783e-09, 2.54879850559e-08, 4.39921166162e-08, 3.85167773231e-08, 1.91011668704e-08, 1.11991669272e-08, 1.59344928363e-08, 1.74770153905e-08, 7.32946414672e-09, 1.16032889963e-08, 7.92060195209e-09, 5.68847857707e-09, 2.82498091586e-09, 1.75241976486e-09, 2.37213648724e-09, 9.51293488427e-10, 9.18387699222e-10, 1.64323266105e-09, 7.07062408623e-10, 1.98955518727e-09, 1.48234036157e-09, 6.49091669302e-10, 1.56531965168e-09, 7.67388930178e-10, 6.34428565238e-10, 6.93372526062e-10, 3.84942300258e-10, 2.9916719102e-10, 4.14063144882e-10, 3.01078495468e-10, 2.37629721456e-10, 3.72028713391e-10, 3.44956480047e-10, 5.78401875007e-11, 3.57133711493e-10, 1.2499011548e-10, 2.12586767634e-10, 2.17304271799e-10, 9.39419514401e-11, 1.09909095714e-10, 1.19498896889e-10, 4.3951075418e-11, 7.42478786786e-11, 6.85631273978e-11, 3.48016997165e-11, 6.90284635008e-11, 1.84870799225e-11, 4.97465263427e-11, 1.33431928701e-11, 4.53697530933e-11, 1.36367497156e-11, 3.51100171072e-13, 2.17693213716e-13, 3.1052547686e-13, 4.35017126488e-12, 3.86523143136e-13, 2.88032119856e-12, 4.21350888208e-13, 2.5888275898e-13, 1.48347520791e-13, 1.25704852885e-13, 1.05419755499e-13, 1.16375726872e-13, 8.24921118285e-14, 1.06535894202e-13, 1.10305007858e-13, 9.79761858124e-14, 9.79983509706e-14, 1.29936263572e-13, 1.17320731038e-13, 1.12571139476e-13, 1.05164940883e-13, 1.17974708236e-13, 1.04983289586e-13, 1.17590101068e-13, 7.59422838742e-14, 3.62098521198e-14, 3.83415731618e-15, 1.6460153036e-16],
        "stdev": [6.31183502264e-06, 8.31728902995e-05, 0.000637364923023, 0.00128617114387, 0.000895972363651, 0.000450624123914, 0.000657817581668, 0.00053752103122, 0.000371629575966, 0.000245619594352, 0.000142904376844, 0.000223921262659, 0.000251113873674, 0.000244114286033, 0.000212985585677, 0.000109044682176, 0.000142185075674, 0.000115208800707, 0.000189981001313, 0.000109341082862, 0.000213696810533, 0.000217011052882, 0.000565857044421, 0.00122575473506, 0.000602977990638, 0.000324349442963, 0.000172276326339, 0.00020927238802, 0.000338975543855, 0.00020433156169, 0.000192257299204, 0.000305005291011, 0.000150838357513, 0.000524545263033, 0.000392203859519, 0.000277597951936, 0.000140511037898, 0.000225196868996, 0.00012275041081, 0.000193290994503, 0.000287540286081, 8.2689410192e-05, 8.72492237249e-05, 0.000110962384497, 0.000109573404188, 0.000106385537947, 5.87304057262e-05, 0.000128032799694, 0.000159665258252, 0.000117682364362, 0.000297201622743, 0.00030712064472, 0.00015968279331, 0.000126191880554, 0.000225283103646, 0.000256763596553, 0.000111548106361, 6.07788133493e-05, 0.00010696658137, 0.00013307921472, 4.27609738836e-05, 2.40010649577e-05, 3.3802116377e-05, 3.83249061997e-05, 4.49293693237e-05, 2.30376208492e-05, 3.161157656e-05, 2.61858494923e-05, 1.71501214936e-05, 1.09724624053e-05, 1.12520847324e-05, 1.16881510621e-05, 9.94844231172e-06, 7.61445699027e-06, 7.04721014699e-06, 4.78892479805e-06, 5.9338981373e-06, 5.66666585655e-06, 6.20954278929e-06, 8.4734383563e-06, 5.94900893702e-06, 8.81822779775e-06, 6.925200978e-06, 6.92815046932e-06, 4.06924664276e-06, 3.85199336961e-06, 4.03431158702e-06, 5.43345549886e-06, 3.55512361239e-06, 3.17113153869e-06, 2.81973711935e-06, 3.61231150237e-06, 3.59489285984e-06, 1.95286247617e-06, 1.85220824278e-06, 1.70417865775e-06, 1.29455952447e-06, 8.92789728368e-07, 6.83352027409e-07, 5.23703874933e-07, 4.09065876283e-07, 3.68086460867e-07, 2.62447400701e-07, 1.34150354825e-07, 3.5108666907e-07, 5.18023625773e-07, 5.54555754206e-07, 4.60466537788e-07, 1.13657435463e-07, 6.3268736028e-08, 5.89822910513e-08, 3.74143702686e-08, 1.05099946524e-08, 1.39185474257e-09, 1.39073907945e-09, 1.96476368508e-09, 9.9896479977e-10, 1.19631124451e-10, 1.16612011714e-10, 1.1382555315e-10, 1.11322590035e-10, 1.0903687675e-10, 1.07034513197e-10, 1.05122695271e-10, 1.03473375701e-10, 1.02485422926e-10, 1.01624458848e-10, 1.01090080751e-10]
    },
    "mfcc": {
        "mean": [-670.574523926, 122.578163147, -38.2227172852, 27.7096004486, 1.69156050682, 6.56716966629, -3.07334971428, 11.2558145523, 1.51016676426, 2.47231340408, -4.49549627304, 1.45717585087, -1.68040502071],
        "cov": [[5497.46923828, -1429.1541748, 22.9905052185, -17.8942584991, -119.972076416, -1.66704416275, 43.1404685974, -49.1556129456, 53.7234725952, 27.2870082855, 40.3414535522, 16.7155284882, 88.8435287476], [-1429.1541748, 950.704772949, -189.213317871, 106.527610779, 44.3012390137, 35.5794792175, 59.5608673096, 62.1625862122, 29.5972061157, 37.6100463867, 19.6852321625, 0.0731596723199, 10.9555358887], [22.9905052185, -189.213317871, 386.909179688, -24.0655517578, 3.35174655914, 36.0675125122, -24.5631465912, -13.4246225357, -5.82725381851, -5.37700176239, 27.301279068, -15.1310043335, -32.1840934753], [-17.8942584991, 106.527610779, -24.0655517578, 310.767425537, 113.529006958, 21.0573425293, -28.6552677155, 42.259967804, 33.0472946167, 13.9440784454, -2.14544200897, -39.7690925598, 15.6506080627], [-119.972076416, 44.3012390137, 3.35174655914, 113.529006958, 179.57635498, 22.6354827881, -22.6100254059, 12.4975748062, 19.1886768341, -4.68721246719, -5.7409696579, -15.208065033, 21.7705211639], [-1.66704416275, 35.5794792175, 36.0675125122, 21.0573425293, 22.6354827881, 129.546630859, 37.4795913696, 12.7410936356, 2.11427569389, 13.6783332825, 10.1141309738, 7.74131393433, 11.798491478], [43.1404685974, 59.5608673096, -24.5631465912, -28.6552677155, -22.6100254059, 37.4795913696, 153.241638184, 45.6726112366, 3.48454785347, 5.86773729324, 2.4677131176, 17.2439002991, 22.3718013763], [-49.1556129456, 62.1625862122, -13.4246225357, 42.259967804, 12.4975748062, 12.7410936356, 45.6726112366, 95.5292510986, 21.7397384644, 10.289431572, 11.2918405533, -0.126967027783, -1.64439225197], [53.7234725952, 29.5972061157, -5.82725381851, 33.0472946167, 19.1886768341, 2.11427569389, 3.48454785347, 21.7397384644, 84.4833374023, 25.8566970825, 11.0368556976, 3.55811524391, 5.13855981827], [27.2870082855, 37.6100463867, -5.37700176239, 13.9440784454, -4.68721246719, 13.6783332825, 5.86773729324, 10.289431572, 25.8566970825, 91.1430435181, 44.0201454163, 1.20624542236, -19.2194252014], [40.3414535522, 19.6852321625, 27.301279068, -2.14544200897, -5.7409696579, 10.1141309738, 2.4677131176, 11.2918405533, 11.0368556976, 44.0201454163, 96.7278671265, 9.5357875824, -30.0060138702], [16.7155284882, 0.0731596723199, -15.1310043335, -39.7690925598, -15.208065033, 7.74131393433, 17.2439002991, -0.126967027783, 3.55811524391, 1.20624542236, 9.5357875824, 84.86328125, 20.8169174194], [88.8435287476, 10.9555358887, -32.1840934753, 15.6506080627, 21.7705211639, 11.798491478, 22.3718013763, -1.64439225197, 5.13855981827, -19.2194252014, -30.0060138702, 20.8169174194, 99.824256897]],
        "icov": [[0.00038239263813, 0.000688456580974, 0.000288631563308, -0.000260963395704, 0.000300610146951, -0.000128736865008, -0.000282916123979, 0.000151316286065, -0.000351225375198, -8.92561438377e-05, -0.000431642780313, 0.000145467492985, -0.000425548234489], [0.000688456580974, 0.0025226236321, 0.00115414883476, -0.000755271059461, 0.000403114390792, -0.000542670604773, -0.000810568861198, -7.54433422117e-05, -0.000705774349626, -0.000344990112353, -0.00102588767186, 0.000308437331114, -0.000645201595034], [0.000288631563308, 0.00115414883476, 0.00344922626391, 4.80783928651e-05, 4.03605445172e-05, -0.00139988202136, 0.000195362576051, 0.000157193440828, -0.000481733848574, 0.000714110035915, -0.00141557934694, 0.000741583469789, 0.000418564857682], [-0.000260963395704, -0.000755271059461, 4.80783928651e-05, 0.0052582565695, -0.00260123959742, -0.000491837505251, 0.00167023844551, -0.00225229072385, -0.000432398286648, -0.000555359409191, 0.000399158539949, 0.00189899792895, -0.000640433165245], [0.000300610146951, 0.000403114390792, 4.03605445172e-05, -0.00260123959742, 0.00801202934235, -0.00128395226784, 0.000987931969576, -7.84103103797e-05, -0.00125374551862, 0.00094954832457, -0.00058034597896, 0.000617980665993, -0.00176518096123], [-0.000128736865008, -0.000542670604773, -0.00139988202136, -0.000491837505251, -0.00128395226784, 0.00949512794614, -0.00243836897425, 0.000304143235553, 0.000986179918982, -0.00150108558591, -3.5681288864e-05, -0.000910795642994, -0.000651414564345], [-0.000282916123979, -0.000810568861198, 0.000195362576051, 0.00167023844551, 0.000987931969576, -0.00243836897425, 0.00982134882361, -0.00504275457934, 0.000720527372323, -0.000269346521236, 0.000373099930584, -0.000312062475132, -0.00198125373572], [0.000151316286065, -7.54433422117e-05, 0.000157193440828, -0.00225229072385, -7.84103103797e-05, 0.000304143235553, -0.00504275457934, 0.0147523293272, -0.00289843324572, 0.000714687164873, -0.00125824369024, -0.000186893696082, 0.00157927477267], [-0.000351225375198, -0.000705774349626, -0.000481733848574, -0.000432398286648, -0.00125374551862, 0.000986179918982, 0.000720527372323, -0.00289843324572, 0.0147066144273, -0.0041289604269, 0.000588613154832, -0.00108789850492, -0.000898032856639], [-8.92561438377e-05, -0.000344990112353, 0.000714110035915, -0.000555359409191, 0.00094954832457, -0.00150108558591, -0.000269346521236, 0.000714687164873, -0.0041289604269, 0.0160640645772, -0.00629830779508, 0.000460461073089, 0.00179325102363], [-0.000431642780313, -0.00102588767186, -0.00141557934694, 0.000399158539949, -0.00058034597896, -3.5681288864e-05, 0.000373099930584, -0.00125824369024, 0.000588613154832, -0.00629830779508, 0.015571359545, -0.00283187767491, 0.0040324064903], [0.000145467492985, 0.000308437331114, 0.000741583469789, 0.00189899792895, 0.000617980665993, -0.000910795642994, -0.000312062475132, -0.000186893696082, -0.00108789850492, 0.000460461073089, -0.00283187767491, 0.0143428286538, -0.00387978553772], [-0.000425548234489, -0.000645201595034, 0.000418564857682, -0.000640433165245, -0.00176518096123, -0.000651414564345, -0.00198125373572, 0.00157927477267, -0.000898032856639, 0.00179325102363, 0.0040324064903, -0.00387978553772, 0.0140471598133]]
    },
    "spectral_contrast_coeffs": {
        "max": [-0.494219630957, -0.532045185566, -0.564507961273, -0.601698160172, -0.610289871693, -0.60712480545],
        "mean": [-0.74020665884, -0.776922762394, -0.754462659359, -0.775159776211, -0.767524242401, -0.714759111404],
        "min": [-0.880938768387, -0.912293851376, -0.893920898438, -0.891936421394, -0.878533244133, -0.89151185751],
        "stdev": [0.0582635626197, 0.0629949048162, 0.0613406896591, 0.0518689006567, 0.0420384556055, 0.0390777587891]
    },
    "spectral_contrast_valleys": {
        "max": [-5.84634971619, -5.40572071075, -5.82664585114, -6.00604915619, -5.89462471008, -8.19968223572],
        "mean": [-7.30725622177, -7.10949611664, -7.50697803497, -7.48614311218, -7.62153148651, -11.3107147217],
        "min": [-9.89021110535, -9.30024242401, -9.81167507172, -10.4549598694, -10.7708129883, -14.0832910538],
        "stdev": [0.653359651566, 0.590618550777, 0.634159624577, 0.660070002079, 0.833361387253, 1.10958385468]
    }
},
"rhythm": {
    "beats_count": 60,
    "beats_loudness": {
        "max": 0.0442085377872,
        "mean": 0.018128592521,
        "min": 0.000315246259561,
        "stdev": 0.0111835012212
    },
    "bpm": 125.228256226,
    "bpm_histogram_first_peak_bpm": 126,
    "bpm_histogram_first_peak_weight": 0.462962985039,
    "bpm_histogram_second_peak_bpm": 120,
    "bpm_histogram_second_peak_spread": 0,
    "bpm_histogram_second_peak_weight": 0.0508474558592,
    "danceability": 0.912195384502,
    "onset_rate": 3.41222405434,
    "beats_loudness_band_ratio": {
        "max": [0.843218564987, 0.753574073315, 0.756346642971, 0.69896030426, 0.581596434116, 0.147096201777],
        "mean": [0.392898917198, 0.0815501660109, 0.107782825828, 0.17875020206, 0.204826295376, 0.0581914000213],
        "min": [0.0368880741298, 0.0156008247286, 0.0219423528761, 0.0303157214075, 0.0219778269529, 0.00504207704216],
        "stdev": [0.22675678134, 0.101370535791, 0.104112349451, 0.149267420173, 0.144604846835, 0.036727681756]
    },
    "beats_position": [0.417959183455, 0.859138309956, 1.31192743778, 1.77632653713, 2.24072551727, 2.71673464775, 3.19274377823, 3.68036270142, 4.15637159348, 4.63238096237, 5.10838985443, 5.58439922333, 6.06040811539, 6.54802703857, 7.03564596176, 7.52326536179, 7.98766422272, 8.46367359161, 8.95129203796, 9.42730140686, 9.90331077576, 10.379319191, 10.866938591, 11.3429479599, 11.8189563751, 12.3065757751, 12.8058052063, 13.3050336838, 13.7926530838, 14.2802715302, 14.7678909302, 15.2555103302, 15.7431287766, 16.2307472229, 16.7183666229, 17.1943759918, 17.6819953918, 18.181224823, 18.6456241608, 19.1100215912, 19.5860309601, 20.062040329, 20.5380496979, 21.0140590668, 21.4900684357, 21.9660758972, 22.4536952972, 22.9413146973, 23.4173240662, 23.9049434662, 24.3809528351, 24.8569602966, 25.3329696655, 25.8205890656, 26.3082084656, 26.7842178345, 27.2602272034, 27.7362346649, 28.2122440338, 28.6882534027],
