{
"metadata": {
    "version": {
        "essentia": "2.1-beta5",
        "essentia_git_sha": "Undefined",
        "extractor": "music 2.0"
    },
    "audio_properties": {
        "analysis": {
            "equal_loudness": 0,
            "length": 12.7477550507,
            "sample_rate": 44100,
            "start_time": 0,
            "downmix": "mix"
        },
        "bit_rate": 192000,
        "length": 261.131622314,
        "lossless": 0,
        "number_channels": 2,
        "replay_gain": -5.13800048828,
        "sample_rate": 44100,
        "codec": "mp3",
        "md5_encoded": "e7baf71d6442a3e15095a65ef7bc787a"
    },
    "tags": {
        "file_name": "Norway_Aldri i Livet_Finn Kalvik.mp3",
        "encoding": ["Lavf58.29.100"]
    }
},
"lowlevel": {
    "average_loudness": 0.982419013977,
    "barkbands_crest": {
        "max": 24.6831188202,
        "mean": 8.89524173737,
        "min": 3.56679844856,
        "stdev": 3.96300339699
    },
    "barkbands_flatness_db": {
        "max": 0.355316221714,
        "mean": 0.256887793541,
        "min": 0.061247099191,
        "stdev": 0.0344825945795
    },
    "barkbands_kurtosis": {
        "max": 16.5485095978,
        "mean": 0.950445771217,
        "min": -1.63214337826,
        "stdev": 2.06735873222
    },
    "barkbands_skewness": {
        "max": 4.110039711,
        "mean": 0.165315359831,
        "min": -2.04710912704,
        "stdev": 1.01860153675
    },
    "barkbands_spread": {
        "max": 34.8418998718,
        "mean": 7.37466907501,
        "min": 2.14171981812,
        "stdev": 3.54690122604
    },
    "dissonance": {
        "max": 0.499997228384,
        "mean": 0.451963633299,
        "min": 0.261868417263,
        "stdev": 0.051734469831
    },
    "dynamic_complexity": 1.57798695564,
    "erbbands_crest": {
        "max": 25.1746578217,
        "mean": 9.87729740143,
        "min": 2.60186743736,
        "stdev": 3.35331368446
    },
    "erbbands_flatness_db": {
        "max": 0.426005572081,
        "mean": 0.364180386066,
        "min": 0.09192943573,
        "stdev": 0.0330275595188
    },
    "erbbands_kurtosis": {
        "max": 5.01620769501,
        "mean": 0.255814224482,
        "min": -1.70051169395,
        "stdev": 1.19391834736
    },
    "erbbands_skewness": {
        "max": 2.00430965424,
        "mean": -0.202438741922,
        "min": -1.76265978813,
        "stdev": 0.717582941055
    },
    "erbbands_spread": {
        "max": 42.1580963135,
        "mean": 11.1318330765,
        "min": 3.33891153336,
        "stdev": 6.265666008
    },
    "hfc": {
        "max": 54.8224143982,
        "mean": 25.0129318237,
        "min": 1.13573089244e-16,
        "stdev": 9.55702018738
    },
    "loudness_ebu128": {
        "integrated": -18.2903652191,
        "loudness_range": 0.734674453735,
        "momentary": {
            "max": -16.6446418762,
            "mean": -18.3800964355,
            "min": -21.3292160034,
            "stdev": 0.907049298286
        },
        "short_term": {
            "max": -17.711894989,
            "mean": -18.3084564209,
            "min": -18.6878395081,
            "stdev": 0.226494118571
        }
    },
    "melbands_crest": {
        "max": 30.9545574188,
        "mean": 10.8518266678,
        "min": 1.80315673351,
        "stdev": 5.67090940475
    },
    "melbands_flatness_db": {
        "max": 0.444101214409,
        "mean": 0.322684466839,
        "min": 0.00401230342686,
        "stdev": 0.0505645088851
    },
    "melbands_kurtosis": {
        "max": 33.8326950073,
        "mean": 1.35469341278,
        "min": -1.68963599205,
        "stdev": 3.36899185181
    },
    "melbands_skewness": {
        "max": 5.50183200836,
        "mean": 0.574895977974,
        "min": -1.26165902615,
        "stdev": 1.10730302334
    },
    "melbands_spread": {
        "max": 135.188034058,
        "mean": 14.7664852142,
        "min": 3.24105668068,
        "stdev": 12.1273899078
    },
    "pitch_salience": {
        "max": 0.899278581142,
        "mean": 0.707167208195,
        "min": 0.159576147795,
        "stdev": 0.126393333077
    },
    "silence_rate_20dB": {
        "max": 1,
        "mean": 1,
        "min": 1,
        "stdev": 0
    },
    "silence_rate_30dB": {
        "max": 1,
        "mean": 1,
        "min": 1,
        "stdev": 0
    },
    "silence_rate_60dB": {
        "max": 1,
        "mean": 0.0109090907499,
        "min": 0,
        "stdev": 0.103876285255
    },
    "spectral_centroid": {
        "max": 11473.7392578,
        "mean": 1221.33557129,
        "min": 448.580444336,
        "stdev": 918.119812012
    },
    "spectral_complexity": {
        "max": 30,
        "mean": 22.2745456696,
        "min": 0,
        "stdev": 4.05900812149
    },
    "spectral_decrease": {
        "max": 1.43759524029e-28,
        "mean": -6.57297016815e-09,
        "min": -2.02832097784e-08,
        "stdev": 4.04337852089e-09
    },
    "spectral_energy": {
        "max": 0.0796657577157,
        "mean": 0.0270766150206,
        "min": 1.03986256131e-20,
        "stdev": 0.0159921236336
    },
    "spectral_energyband_high": {
        "max": 3.18427873935e-06,
        "mean": 2.14241094909e-06,
        "min": 7.31793197773e-21,
        "stdev": 3.17522847126e-07
    },
    "spectral_energyband_low": {
        "max": 0.00010263776494,
        "mean": 2.19143403228e-05,
        "min": 2.69381073885e-23,
        "stdev": 7.81932249083e-06
    },
    "spectral_energyband_middle_high": {
        "max": 0.042716499418,
        "mean": 0.0129696251824,
        "min": 1.18502659939e-21,
        "stdev": 0.00553646218032
    },
    "spectral_energyband_middle_low": {
        "max": 0.0756950303912,
        "mean": 0.0143194915727,
        "min": 1.51653498184e-22,
        "stdev": 0.0154675329104
    },
    "spectral_entropy": {
        "max": 9.81578922272,
        "mean": 6.76985645294,
        "min": 5.90577793121,
        "stdev": 0.378088802099
    },
    "spectral_flux": {
        "max": 0.268692404032,
        "mean": 0.102855436504,
        "min": 6.61622770459e-11,
        "stdev": 0.0414013899863
    },
    "spectral_kurtosis": {
        "max": 87.60131073,
        "mean": 47.6384315491,
        "min": -1.2578753233,
        "stdev": 15.2020988464
    },
    "spectral_rms": {
        "max": 0.0088160475716,
        "mean": 0.00490354513749,
        "min": 3.18512165427e-12,
        "stdev": 0.00153995631263
    },
    "spectral_rolloff": {
        "max": 19293.75,
        "mean": 1704.33398438,
        "min": 366.064453125,
        "stdev": 1682.77990723
    },
    "spectral_skewness": {
        "max": 6.76263237,
        "mean": 4.32777738571,
        "min": -0.0338749289513,
        "stdev": 0.920483469963
    },
    "spectral_spread": {
        "max": 41947472,
        "mean": 1358176.875,
        "min": 724803.3125,
        "stdev": 3416834.75
    },
    "spectral_strongpeak": {
        "max": 6.20712089539,
        "mean": 1.72726130486,
        "min": 0,
        "stdev": 1.03254747391
    },
    "zerocrossingrate": {
        "max": 0.50830078125,
        "mean": 0.0564541891217,
        "min": 0.02001953125,
        "stdev": 0.0445955358446
    },
    "barkbands": {
        "max": [0.000130814252771, 2.88351584459e-05, 9.11433380679e-06, 2.52282025031e-05, 0.00591003522277, 0.0728299319744, 0.0514037869871, 0.0573476664722, 0.0367829501629, 0.0391609482467, 0.0302989259362, 0.0134929185733, 0.0120414337143, 0.0101313516498, 0.00735269021243, 0.00267026945949, 0.00166318600532, 0.000488146179123, 0.000112656016427, 1.96876226255e-06, 9.44868759234e-07, 5.30518377673e-07, 3.83367535051e-07, 3.35668886464e-07, 4.26557022593e-07, 4.68348730465e-07, 1.18745867894e-06],
        "mean": [1.86226752703e-05, 6.71033603794e-06, 1.18748641853e-06, 2.31047602028e-06, 0.000225869720452, 0.00324795208871, 0.00487623270601, 0.00266534648836, 0.00283427583054, 0.0019813417457, 0.00174378964584, 0.00193644070532, 0.00240885536186, 0.00244702864438, 0.00159004377201, 0.000741758849472, 0.000274658814305, 6.10317001701e-05, 1.0820681382e-05, 4.1095108827e-07, 1.82831158213e-07, 1.66803687307e-07, 2.21361418085e-07, 2.13017287365e-07, 2.59161708982e-07, 3.28243345393e-07, 6.05018101396e-07],
        "min": [2.94358338909e-24, 4.87690062142e-24, 2.36815491545e-24, 4.87820539736e-24, 1.17319393824e-23, 6.83247260597e-24, 2.06318128949e-23, 2.42638294767e-23, 3.42505450573e-23, 5.66678736136e-23, 4.0499143842e-23, 6.89868201729e-23, 2.75408065864e-23, 9.64251316396e-23, 6.47476773057e-23, 7.78611645687e-23, 4.06271917441e-23, 1.10624476472e-22, 1.70856152288e-22, 2.58317059875e-22, 2.43021034301e-22, 4.26139732749e-22, 4.68277627836e-22, 8.2462036133e-22, 1.19577530254e-21, 1.53327216163e-21, 2.04425228177e-21],
        "stdev": [1.05637254819e-05, 2.74693798019e-06, 1.14249360195e-06, 2.57627493738e-06, 0.00060544104781, 0.00705824000761, 0.00853066239506, 0.00574835110456, 0.00547793507576, 0.00354996323586, 0.00242428691126, 0.00180229102261, 0.00175352324732, 0.00175176630728, 0.00111257249955, 0.00046356083476, 0.000190345992451, 4.57967798866e-05, 1.0219367141e-05, 1.74661906271e-07, 5.96819162979e-08, 4.26851762825e-08, 5.04042851901e-08, 4.25801580661e-08, 4.77566821644e-08, 5.25677812391e-08, 1.97542476599e-07]
    },
    "erbbands": {
        "max": [0.00235591619276, 0.00213961908594, 0.00776996556669, 0.0505555570126, 0.24009886384, 14.0867729187, 267.937896729, 914.09375, 747.520568848, 736.357788086, 1618.03515625, 952.252624512, 781.716003418, 794.332092285, 918.012145996, 687.357116699, 540.340637207, 564.944519043, 448.212127686, 289.964141846, 122.898643494, 104.237220764, 27.2809009552, 10.6668462753, 1.62271893024, 0.0918046012521, 0.0507701262832, 0.0284945629537, 0.0194528289139, 0.0140705555677, 0.0119191491976, 0.00778906326741, 0.00634011812508, 0.0052069448866, 0.00305767497048, 0.0021048123017, 0.00119347998407, 0.00200544646941, 8.30188728287e-05, 9.22434701351e-05],
        "mean": [0.000555072329007, 0.000405137398047, 0.00124054821208, 0.00589228700846, 0.0265136919916, 0.722504615784, 12.4809188843, 28.681634903, 64.2694168091, 63.0072517395, 66.4299926758, 64.395072937, 54.5700263977, 67.8213806152, 75.8291854858, 82.1983032227, 108.431259155, 127.396743774, 102.013549805, 65.3805236816, 34.1124153137, 14.8870820999, 4.41470146179, 1.4372420311, 0.219057485461, 0.0251258350909, 0.0101426253095, 0.00674181152135, 0.00597533071414, 0.00611504353583, 0.00652741827071, 0.00462214043364, 0.00361239514314, 0.00281178345904, 0.00194083584938, 0.00120248796884, 0.0008003662806, 0.0010494440794, 3.99011587433e-05, 3.26246190525e-05],
        "min": [1.15753069476e-22, 1.93977024233e-21, 5.6626955083e-21, 9.28019422219e-21, 2.75996921626e-20, 2.68880195677e-20, 7.49410771571e-20, 9.6765675395e-20, 3.76145132416e-19, 4.32573584347e-19, 4.7338796824e-19, 7.84606195112e-19, 1.09694447623e-18, 2.41614349086e-18, 2.16073865544e-18, 2.81644658817e-18, 1.41986389665e-18, 3.80850001323e-18, 3.20811536744e-18, 4.69952366623e-18, 5.69576634751e-18, 2.51585287588e-18, 5.60947776114e-18, 8.25113984511e-18, 9.58448881809e-18, 1.14060067014e-17, 1.07726576674e-17, 8.90442806775e-18, 1.59418300836e-17, 1.63892189897e-17, 1.39655202379e-17, 1.45840842456e-17, 1.58042401693e-17, 1.22576371185e-17, 8.7589567765e-18, 4.72306357211e-18, 3.10797026504e-18, 1.16639621482e-18, 2.64883601462e-19, 3.25778007982e-20],
        "stdev": [0.000213265768252, 0.000251994992141, 0.00103146082256, 0.00592898624018, 0.0339410156012, 1.60440516472, 36.0074386597, 65.9790496826, 115.424850464, 124.081443787, 142.90045166, 131.241271973, 94.1542892456, 90.0395355225, 87.400642395, 73.8907470703, 77.4341583252, 88.7092590332, 67.2576751709, 42.3667640686, 19.4957027435, 9.85321617126, 2.95977783203, 1.10564756393, 0.166602671146, 0.0104873040691, 0.00351749220863, 0.00200904719532, 0.0015860729618, 0.00152964098379, 0.00159866583999, 0.000990275293589, 0.000793396786321, 0.000587660470046, 0.000379702629289, 0.000220972142415, 0.000139960160595, 0.000315790006425, 1.12444504339e-05, 1.80314018507e-05]
    },
    "gfcc": {
        "mean": [-114.442054749, 120.769775391, -196.575744629, -95.9020309448, -27.5879955292, -7.6222949028, -54.0896949768, 8.29375839233, 1.7410299778, 6.33965444565, 2.42532444, 15.6284780502, -6.58123064041],
        "cov": [[12216.9257812, 1601.9276123, -1875.38769531, -1118.14587402, -449.095947266, -372.27255249, -659.722290039, 15.0607795715, 15.8370933533, 61.619102478, 106.131385803, 186.873626709, -45.2700309753], [1601.9276123, 463.090393066, -11.9899215698, -163.234481812, -241.612335205, -297.824768066, -218.027236938, -91.7791290283, -18.1939487457, 17.4468650818, 76.4284744263, 43.1780128479, 30.0282535553], [-1875.38769531, -11.9899215698, 548.170166016, 186.230117798, -102.228096008, -174.959686279, -44.2515945435, -108.188819885, -25.9049606323, 5.86802625656, 33.5719413757, -10.623714447, 40.943195343], [-1118.14587402, -163.234481812, 186.230117798, 188.712631226, 104.560264587, 55.8389968872, 2.20928621292, -55.5228004456, -30.4456501007, 3.1410779953, -13.509431839, -9.85655593872, 9.79297924042], [-449.095947266, -241.612335205, -102.228096008, 104.560264587, 236.170547485, 236.792175293, 75.669418335, 8.17423439026, -17.0433521271, -7.81293678284, -49.6318778992, -10.6414432526, -16.7856578827], [-372.27255249, -297.824768066, -174.959686279, 55.8389968872, 236.792175293, 333.771362305, 163.167755127, 73.2819366455, 3.38184714317, -20.2792034149, -84.2228851318, -22.8679924011, -32.0856742859], [-659.722290039, -218.027236938, -44.2515945435, 2.20928621292, 75.669418335, 163.167755127, 219.868453979, 144.121765137, 40.8554039001, -35.7262306213, -56.5320129395, -47.3934745789, -40.5101280212], [15.0607795715, -91.7791290283, -108.188819885, -55.5228004456, 8.17423439026, 73.2819366455, 144.121765137, 151.064926147, 63.4919815063, -19.1240291595, -39.0543708801, -36.7316970825, -38.1294212341], [15.8370933533, -18.1939487457, -25.9049606323, -30.4456501007, -17.0433521271, 3.38184714317, 40.8554039001, 63.4919815063, 57.887134552, 16.3999290466, -6.76016139984, -18.5214805603, -18.7155590057], [61.619102478, 17.4468650818, 5.86802625656, 3.1410779953, -7.81293678284, -20.2792034149, -35.7262306213, -19.1240291595, 16.3999290466, 43.6301040649, 28.012216568, 2.84370207787, -7.42332363129], [106.131385803, 76.4284744263, 33.5719413757, -13.509431839, -49.6318778992, -84.2228851318, -56.5320129395, -39.0543708801, -6.76016139984, 28.012216568, 60.899356842, 24.556892395, 6.52722835541], [186.873626709, 43.1780128479, -10.623714447, -9.85655593872, -10.6414432526, -22.8679924011, -47.3934745789, -36.7316970825, -18.5214805603, 2.84370207787, 24.556892395, 48.149356842, 29.4971122742], [-45.2700309753, 30.0282535553, 40.943195343, 9.79297924042, -16.7856578827, -32.0856742859, -40.5101280212, -38.1294212341, -18.7155590057, -7.42332363129, 6.52722835541, 29.4971122742, 44.4003639221]],
        "icov": [[0.00334564177319, -0.0112691894174, 0.0106858210638, -0.00194730923977, 0.00311504420824, -0.00242543197237, 0.0043035056442, -0.00349791371264, 0.00327237439342, -0.00456392159685, 0.00672263745219, -0.00453057652339, 0.00459369784221], [-0.0112691894174, 0.0553908273578, -0.0374826006591, 0.0195572264493, -0.00663015432656, 0.0116874938831, 0.000864913221449, 0.0103121418506, -0.00738547230139, 0.021617282182, -0.0230007879436, 0.0164349582046, -0.010152454488], [0.0106858210638, -0.0374826006591, 0.0505835227668, -0.0279154554009, 0.0245046857744, -0.00284328497946, -0.00636809924617, 0.0158833693713, -0.00792937353253, -0.00810408778489, 0.0215986892581, -0.0132852550596, 0.0117497649044], [-0.00194730923977, 0.0195572264493, -0.0279154554009, 0.0500938333571, -0.0297035239637, 0.00816829595715, 0.0222617145628, -0.02358783409, 0.0266926903278, -0.0119401132688, 0.00495427753776, 0.00357108958997, 0.000363537954399], [0.00311504420824, -0.00663015432656, 0.0245046857744, -0.0297035239637, 0.0480335615575, -0.0251401048154, 0.00441084429622, 0.0167369395494, -0.0172618981451, 0.0188569109887, -0.0105224503204, 0.00342332478613, 0.00515325786546], [-0.00242543197237, 0.0116874938831, -0.00284328497946, 0.00816829595715, -0.0251401048154, 0.043625369668, -0.0317776910961, 0.0180317368358, 0.00740585848689, -0.0271466784179, 0.0352653972805, -0.0189415011555, 0.00493835704401], [0.0043035056442, 0.000864913221449, -0.00636809924617, 0.0222617145628, 0.00441084429622, -0.0317776910961, 0.0784007385373, -0.0642362758517, 0.0251403003931, 0.0198213215917, -0.0221519246697, 0.0153511427343, 0.0068054231815], [-0.00349791371264, 0.0103121418506, 0.0158833693713, -0.02358783409, 0.0167369395494, 0.0180317368358, -0.0642362758517, 0.104468859732, -0.0745534524322, 0.0325855687261, 0.00303311552852, -0.00488817133009, 0.00730318250135], [0.00327237439342, -0.00738547230139, -0.00792937353253, 0.0266926903278, -0.0172618981451, 0.00740585848689, 0.0251403003931, -0.0745534524322, 0.106458701193, -0.0769074112177, 0.0355675406754, -0.00663367193192, -0.00131001661066], [-0.00456392159685, 0.021617282182, -0.00810408778489, -0.0119401132688, 0.0188569109887, -0.0271466784179, 0.0198213215917, 0.0325855687261, -0.0769074112177, 0.120834253728, -0.076849065721, 0.0300489552319, 0.00353191699833], [0.00672263745219, -0.0230007879436, 0.0215986892581, 0.00495427753776, -0.0105224503204, 0.0352653972805, -0.0221519246697, 0.00303311552852, 0.0355675406754, -0.076849065721, 0.103926971555, -0.0585777983069, 0.0310818199068], [-0.00453057652339, 0.0164349582046, -0.0132852550596, 0.00357108958997, 0.00342332478613, -0.0189415011555, 0.0153511427343, -0.00488817133009, -0.00663367193192, 0.0300489552319, -0.0585777983069, 0.0803780928254, -0.0494162254035], [0.00459369784221, -0.010152454488, 0.0117497649044, 0.000363537954399, 0.00515325786546, 0.00493835704401, 0.0068054231815, 0.00730318250135, -0.00131001661066, 0.00353191699833, 0.0310818199068, -0.0494162254035, 0.0694532394409]]
    },
    "melbands": {
        "max": [2.1300120352e-05, 3.36989478456e-06, 8.09113043942e-06, 0.000219658599235, 0.00694383867085, 0.0177354495972, 0.00985548552126, 0.00689017772675, 0.0130790332332, 0.00652671745047, 0.00434102024883, 0.00366977415979, 0.0044052102603, 0.00163257401437, 0.00117344071623, 0.00132098887116, 0.00102202233393, 0.000780773058068, 0.000482844450744, 0.000285672926111, 0.000134305111715, 0.000135401875013, 4.97663022543e-05, 1.47567325257e-05, 9.41263169807e-06, 2.35299876294e-06, 1.0671286077e-07, 4.38908074329e-08, 3.25100621978e-08, 2.4202146065e-08, 1.37540716594e-08, 1.12792868379e-08, 9.20066334231e-09, 7.45456674167e-09, 8.22683521307e-09, 7.45339612251e-09, 5.35401900592e-09, 4.81408557462e-09, 4.15533074616e-09, 4.73202588225e-09],
        "mean": [4.76272316519e-06, 5.76122999973e-07, 1.08966219159e-06, 1.34927267936e-05, 0.00033973515383, 0.000691962370183, 0.00098485511262, 0.000639732868876, 0.000565217749681, 0.000384885788662, 0.000270789692877, 0.000275937840343, 0.000250574405072, 0.000218523869989, 0.000227087235544, 0.000241947695031, 0.000236405481701, 0.000170907296706, 0.000112630135845, 6.49775320198e-05, 3.44523905369e-05, 1.72365816979e-05, 5.97905727773e-06, 2.5093156637e-06, 1.0165316553e-06, 2.44461716647e-07, 2.276867761e-08, 1.02427080151e-08, 6.34898711382e-09, 4.24090451645e-09, 3.57689788899e-09, 3.25387827793e-09, 3.29633853546e-09, 3.35580851996e-09, 3.94735444331e-09, 3.2136795447e-09, 2.65261479448e-09, 2.52254217514e-09, 2.31287522467e-09, 2.39462960572e-09],
        "min": [1.80066159365e-24, 4.90502311826e-24, 2.30388779801e-24, 1.84340720509e-24, 2.42808369234e-24, 2.68613370229e-24, 5.72314839649e-24, 5.85647062263e-24, 2.95039678073e-24, 6.03126129442e-24, 5.56111360554e-24, 9.86027064378e-24, 6.167311796e-24, 8.60681720818e-24, 4.75409864431e-24, 3.32632588131e-24, 7.37262696702e-24, 4.32554956312e-24, 6.15255733606e-24, 4.27344214488e-24, 7.54148343264e-24, 2.52609551829e-24, 2.29587099906e-24, 6.70284461544e-24, 6.59228339299e-24, 6.10305355325e-24, 7.93189858325e-24, 7.34037596663e-24, 6.579224984e-24, 6.15045028859e-24, 5.22493027559e-24, 8.4922753936e-24, 8.12703910537e-24, 8.72597780335e-24, 7.79656476179e-24, 8.64675802467e-24, 8.9235290844e-24, 8.27667655276e-24, 9.71557540996e-24, 8.30172840853e-24],
        "stdev": [1.73369437562e-06, 4.33114053067e-07, 1.05829701624e-06, 2.95554491458e-05, 0.000963377126027, 0.0014466639841, 0.00169724819716, 0.00123889720999, 0.00122402783018, 0.00079782953253, 0.000493728846777, 0.000408317544498, 0.000346016779076, 0.000215860884055, 0.000182632458746, 0.000177788562723, 0.000172685133293, 0.000121193668747, 8.00562556833e-05, 4.3537318561e-05, 2.08073888643e-05, 1.249858542e-05, 4.72267356599e-06, 1.9416959276e-06, 9.03627949356e-07, 2.22541714834e-07, 1.16736433853e-08, 4.59846649647e-09, 2.64537591832e-09, 1.59036228631e-09, 1.19240606278e-09, 1.01476160808e-09, 1.02601327434e-09, 9.43314093504e-10, 1.15017240176e-09, 9.25608090174e-10, 6.71747046876e-10, 6.46527109627e-10, 5.59187585125e-10, 5.90956672486e-10]
    },
    "melbands128": {
        "max": [5.95225319557e-05, 2.80130861938e-05, 8.34602997202e-06, 2.99293697026e-06, 2.75798993243e-06, 5.25817358721e-06, 1.10895343823e-05, 1.15265102067e-05, 1.77180008905e-05, 5.76590318815e-05, 0.000318608304951, 0.00269301235676, 0.012402667664, 0.0197786893696, 0.0271303728223, 0.0225431472063, 0.02337061055, 0.0185929834843, 0.0205963794142, 0.0146384518594, 0.0114923920482, 0.0130488760769, 0.0241905581206, 0.0116464430466, 0.0114654907957, 0.0107550155371, 0.0119955725968, 0.00462988158688, 0.0135890822858, 0.00623007584363, 0.00409013638273, 0.0059809749946, 0.00775738805532, 0.00325637729838, 0.00233943271451, 0.00337026035413, 0.00401835562661, 0.00204019644298, 0.00276146247052, 0.00214994186535, 0.00161297002342, 0.00270628347062, 0.00182219967246, 0.00151522085071, 0.00227982900105, 0.00107618595939, 0.00094543886371, 0.000820760498755, 0.000722230528481, 0.000413115514675, 0.000366548803868, 0.000342941755662, 0.000190880644368, 0.000173527019797, 0.000164267868968, 0.00023898492509, 0.000154820765601, 6.49278590572e-05, 4.47602797067e-05, 2.94665969705e-05, 2.39095388679e-05, 1.94703479792e-05, 1.54175195348e-05, 1.16370429168e-05, 3.07784875986e-06, 4.55565123048e-06, 3.62832281553e-07, 1.48754665474e-07, 1.07991809273e-07, 5.85458721503e-08, 4.92431340149e-08, 4.06101996475e-08, 3.12281187576e-08, 3.29574874058e-08, 3.03417060366e-08, 2.60096495452e-08, 2.28876366748e-08, 1.51124321945e-08, 1.19249783381e-08, 1.49853782716e-08, 1.1727817828e-08, 1.11254578883e-08, 1.02012194247e-08, 1.10761337879e-08, 1.23427312815e-08, 8.00541144486e-09, 8.45925285375e-09, 9.61609902816e-09, 1.33725279738e-08, 8.62547100411e-09, 1.21127365915e-08, 9.28047771964e-09, 6.86170809061e-09, 8.17127432384e-09, 8.32691604558e-09, 7.46184536382e-09, 5.94043214619e-09, 7.82361286866e-09, 5.60720359033e-09, 5.80377790271e-09, 5.86192960839e-09, 6.03646999053e-09, 5.73729286302e-09, 5.03244512728e-09, 4.92855445344e-09, 5.1660151712e-09, 4.33873426076e-09, 4.69967575967e-09, 4.98525976056e-09, 4.25765156464e-09, 4.82240603006e-09, 4.47519088453e-09, 6.38453512281e-09, 3.6190543895e-09, 4.17392787e-09, 2.07661550178e-08, 4.10536387108e-08, 9.01480001758e-10, 7.64646346241e-10, 7.04926450545e-10, 6.68958277661e-10, 6.4778049591e-10, 6.31328378464e-10, 6.10749506524e-10, 5.99447158578e-10, 5.87290716059e-10, 5.79922332378e-10, 5.75920588997e-10],
        "mean": [1.27427274492e-05, 6.70953977533e-06, 1.67895836967e-06, 4.63076332835e-07, 5.00395344716e-07, 6.23927576271e-07, 1.11401664071e-06, 1.08670099053e-06, 1.2730678236e-06, 2.19337130147e-06, 1.43509150803e-05, 0.000101851102954, 0.000429164239904, 0.000656976480968, 0.000523682218045, 0.000735928770155, 0.00115029048175, 0.000962470541708, 0.000931028451305, 0.000706568884198, 0.00048497892567, 0.000438751274487, 0.000672967056744, 0.00057086040033, 0.000413622299675, 0.000321296218317, 0.000253010017332, 0.000243317161221, 0.000313164142426, 0.000302346335957, 0.000249071832513, 0.000247493211646, 0.000270173128229, 0.000236432286329, 0.000221458918531, 0.000217270600842, 0.000203765288461, 0.000227150507271, 0.000238763168454, 0.000243584814598, 0.000236394320382, 0.000249516568147, 0.000251700170338, 0.000224961040658, 0.000197996734641, 0.000156078895088, 0.000149077386595, 0.000120757547847, 9.64319042396e-05, 7.78201792855e-05, 6.53905008221e-05, 4.65257944597e-05, 3.7380385038e-05, 2.95212958008e-05, 2.52161335084e-05, 1.66122299561e-05, 1.05400513348e-05, 7.0632245297e-06, 4.392828032e-06, 3.32771310241e-06, 2.5537374313e-06, 1.89582181065e-06, 1.26577037918e-06, 8.04574142421e-07, 4.73974353099e-07, 2.78095058093e-07, 5.53770576062e-08, 2.62417945152e-08, 1.93507450064e-08, 1.20085967836e-08, 1.06894555429e-08, 9.12072017911e-09, 7.75458541824e-09, 5.79382541943e-09, 4.79308726042e-09, 4.30082103264e-09, 4.00882660401e-09, 3.81058073984e-09, 3.58176377446e-09, 3.26956350882e-09, 3.20827364675e-09, 3.24863735912e-09, 3.31641158979e-09, 3.29584115555e-09, 3.28601124089e-09, 3.33619909476e-09, 3.27166516101e-09, 3.50378037695e-09, 4.82539119773e-09, 3.20765369821e-09, 3.77360320769e-09, 3.03867730977e-09, 2.69899280703e-09, 2.59921173473e-09, 2.69151301246e-09, 2.56194110371e-09, 2.49363263372e-09, 2.4649715602e-09, 2.31948149576e-09, 2.23596052784e-09, 2.20778573201e-09, 2.54127363597e-09, 2.45585041192e-09, 2.2702684177e-09, 2.14304307633e-09, 2.02771088809e-09, 2.06146677506e-09, 2.07380490558e-09, 2.02988648113e-09, 2.02629513169e-09, 1.97856442341e-09, 1.95527083413e-09, 2.60110533112e-09, 1.84396431457e-09, 1.81735793081e-09, 1.04247623867e-08, 2.06708374861e-08, 9.71908317715e-12, 5.42992083588e-12, 5.1862012948e-12, 5.02793293111e-12, 4.92231515964e-12, 4.81500516541e-12, 4.71338549787e-12, 4.65711800721e-12, 4.59547677689e-12, 4.55782200176e-12, 4.52434660916e-12],
        "min": [1.06749979037e-24, 4.22173753875e-25, 2.09894370698e-24, 1.93769757973e-24, 3.5150868853e-24, 1.30827571864e-24, 1.41593472182e-24, 2.83379386982e-24, 1.17031568062e-24, 8.01006404933e-25, 8.76247859465e-25, 3.33501991735e-24, 3.27152923625e-24, 8.90184665078e-25, 4.81290940808e-25, 1.24960566793e-24, 2.87274841297e-24, 3.0065522387e-24, 1.94260035025e-24, 2.14147179003e-24, 4.10906325376e-24, 5.77320122649e-24, 1.80156405053e-24, 8.83266256332e-25, 3.64220984802e-24, 4.82646637717e-24, 9.53095829231e-25, 3.60270369389e-24, 1.0734525742e-23, 8.30706505255e-24, 6.13042978767e-24, 3.82045060297e-24, 7.12521652131e-24, 3.71879562014e-24, 5.18908285833e-24, 9.95381692536e-24, 1.99515110831e-24, 4.24552514631e-24, 1.78668613385e-24, 2.02392796528e-24, 2.78015270877e-24, 4.63786038435e-24, 3.91823385648e-24, 7.79600388169e-24, 6.26207371224e-24, 2.24286349053e-24, 3.14839199325e-24, 7.04669330681e-24, 3.03851195219e-24, 2.27174427992e-24, 3.69703410321e-24, 5.47576832193e-24, 6.56038185798e-24, 2.14955820595e-24, 3.23464348083e-24, 2.54718670067e-24, 1.87658807527e-24, 1.24579330039e-24, 1.61982311974e-24, 5.46544331597e-24, 8.98710496248e-24, 4.26012775052e-24, 3.26286320478e-24, 7.88824459847e-24, 5.43566578895e-24, 6.08973442572e-24, 2.67063278272e-24, 7.41182625426e-24, 9.83818253843e-24, 6.22792431809e-24, 3.58173261558e-24, 1.16912483592e-23, 5.38659824621e-24, 6.5526119725e-24, 4.41516376752e-24, 4.32981651175e-24, 2.34561025685e-24, 2.32656163257e-24, 4.57205084663e-24, 4.44764156542e-24, 6.69154339411e-24, 1.1208478107e-23, 7.34405363617e-24, 3.76107225378e-24, 9.13945214708e-24, 9.31748937592e-24, 6.51746309157e-24, 6.65302410497e-24, 7.46885774226e-24, 7.0812162266e-24, 6.74939293088e-24, 6.82423689812e-24, 8.01074128642e-24, 7.79135906868e-24, 7.587776946e-24, 5.21322357975e-24, 6.96170064402e-24, 1.30210808854e-23, 6.50579268334e-24, 7.87717451339e-24, 8.5828934235e-24, 5.88832679814e-24, 7.48553189522e-24, 8.91891188153e-24, 8.96570789929e-24, 6.1615207681e-24, 8.14721422302e-24, 4.0822849759e-24, 6.50443071499e-24, 8.66710116969e-24, 1.05039669429e-23, 7.61592665855e-24, 1.13486799891e-23, 8.10474116302e-24, 1.00484589347e-23, 8.86906454979e-24, 6.81425544109e-24, 7.8648051744e-24, 7.7702018192e-24, 5.70545464081e-24, 8.62207693353e-24, 7.51466373959e-24, 8.44147117358e-24, 7.11713069704e-24, 7.80982472474e-24, 7.21530995872e-24, 7.67126130674e-24, 8.34561826271e-24],
        "stdev": [4.82867517348e-06, 2.5206841201e-06, 8.14598138277e-07, 4.07508679245e-07, 4.6701853762e-07, 6.37224843558e-07, 1.26745112539e-06, 1.28921215037e-06, 2.31494823311e-06, 4.73678437629e-06, 3.6676909076e-05, 0.000279066502117, 0.00141822337173, 0.00215525156818, 0.00186014221981, 0.00212491652928, 0.00271031376906, 0.00230910396203, 0.00257705058903, 0.00190108432434, 0.00136293878313, 0.00135269027669, 0.00201840116642, 0.00153201434296, 0.00121482496615, 0.000974602007773, 0.000816417799797, 0.000521534238942, 0.000999735668302, 0.000668702996336, 0.000406350183766, 0.000488888646942, 0.000569085241295, 0.00033991294913, 0.000279690633761, 0.000309752387693, 0.000286813650746, 0.000243901755312, 0.000254606275121, 0.000265497452347, 0.000221027075895, 0.000268107047305, 0.000264608039288, 0.000213212551898, 0.000205380201805, 0.000148375707795, 0.000142435252201, 0.000115257062134, 8.64795292728e-05, 6.48783534416e-05, 5.68882132939e-05, 3.98531992687e-05, 2.90529296763e-05, 2.4476848921e-05, 2.31363101193e-05, 1.67485541169e-05, 1.12861262096e-05, 6.69883138471e-06, 4.11708515458e-06, 2.89638592221e-06, 2.73039381682e-06, 1.99544342649e-06, 1.33695004934e-06, 9.5966504432e-07, 4.33527731047e-07, 3.36547287816e-07, 4.63547564777e-08, 1.87730648804e-08, 1.18249063874e-08, 7.11779613027e-09, 6.34253805032e-09, 5.47914291715e-09, 4.62454963213e-09, 3.0811380114e-09, 2.60362686966e-09, 2.1873249878e-09, 2.05391392782e-09, 1.88747573127e-09, 1.74263004027e-09, 1.50761203521e-09, 1.43137890429e-09, 1.54082580028e-09, 1.49033552166e-09, 1.47792411642e-09, 1.49600432042e-09, 1.38472622258e-09, 1.35913069688e-09, 1.40914635516e-09, 2.0865049688e-09, 1.29014798844e-09, 1.6638275202e-09, 1.2531032878e-09, 1.0871527012e-09, 1.02344233088e-09, 1.00887032062e-09, 1.00285391103e-09, 9.54129331099e-10, 1.00094332822e-09, 8.05114863667e-10, 8.43424274866e-10, 8.22987122895e-10, 9.19652909381e-10, 8.22576284865e-10, 7.51401163512e-10, 7.50361661694e-10, 6.94800106338e-10, 6.85962842084e-10, 6.81944112291e-10, 6.68329003251e-10, 6.21302675974e-10, 6.30273222502e-10, 5.97571214733e-10, 8.69740335308e-10, 5.67286995157e-10, 5.96038052247e-10, 3.03850988814e-09, 6.74178490812e-09, 3.98266107593e-11, 3.29177692049e-11, 3.03793691592e-11, 2.8850380418e-11, 2.79460933561e-11, 2.72407704033e-11, 2.63661436434e-11, 2.58813925152e-11, 2.53620093676e-11, 2.50476792085e-11, 2.48758843385e-11]
    },
    "mfcc": {
        "mean": [-752.297973633, 208.245132446, -108.357887268, -70.7871017456, 9.97317409515, -23.3747901917, -30.3501625061, -2.10738825798, -9.12558460236, -2.13063073158, 9.31553649902, 5.85927963257, 6.42179775238],
        "cov": [[2665.30224609, 1183.81213379, -433.611846924, -291.398071289, -35.9647407532, -265.701904297, -234.560791016, -84.2925491333, -135.703063965, -51.5607566833, 34.5285797119, 16.5661640167, 36.3248291016], [1183.81213379, 672.679199219, 1.43838107586, -63.1944732666, -87.4025115967, -225.666519165, -197.803405762, -132.747909546, -138.359603882, -65.8393936157, -4.6954460144, -3.02189207077, 13.2439813614], [-433.611846924, 1.43838107586, 376.136016846, 174.690063477, -88.7648773193, -114.072021484, -107.557876587, -138.056900024, -98.1445846558, -56.6271362305, -40.3058013916, -22.5760002136, -12.4279022217], [-291.398071289, -63.1944732666, 174.690063477, 146.566940308, 8.17157840729, -32.1448860168, -50.409828186, -87.497543335, -68.4509658813, -36.7129554749, -28.0319919586, -20.787858963, -10.4938993454], [-35.9647407532, -87.4025115967, -88.7648773193, 8.17157840729, 151.00239563, 142.030548096, 32.8849411011, -15.695728302, -8.34279823303, -17.8101100922, -25.0454483032, -12.7492485046, -10.0837936401], [-265.701904297, -225.666519165, -114.072021484, -32.1448860168, 142.030548096, 223.284317017, 112.838851929, 45.957233429, 47.6028709412, 4.91366863251, -19.1577720642, -7.0951666832, -12.1056566238], [-234.560791016, -197.803405762, -107.557876587, -50.409828186, 32.8849411011, 112.838851929, 132.781585693, 111.105049133, 82.1262588501, 38.1717987061, 13.3214130402, 2.97627425194, -8.14602947235], [-84.2925491333, -132.747909546, -138.056900024, -87.497543335, -15.695728302, 45.957233429, 111.105049133, 168.361114502, 131.510299683, 64.3068084717, 28.7521591187, 13.4556922913, -0.429063081741], [-135.703063965, -138.359603882, -98.1445846558, -68.4509658813, -8.34279823303, 47.6028709412, 82.1262588501, 131.510299683, 144.656570435, 75.2157440186, 23.0515632629, 12.6943187714, -3.45456361771], [-51.5607566833, -65.8393936157, -56.6271362305, -36.7129554749, -17.8101100922, 4.91366863251, 38.1717987061, 64.3068084717, 75.2157440186, 79.1384506226, 45.781288147, 13.8952474594, 0.18795992434], [34.5285797119, -4.6954460144, -40.3058013916, -28.0319919586, -25.0454483032, -19.1577720642, 13.3214130402, 28.7521591187, 23.0515632629, 45.781288147, 61.4911842346, 28.843503952, 7.49441432953], [16.5661640167, -3.02189207077, -22.5760002136, -20.787858963, -12.7492485046, -7.0951666832, 2.97627425194, 13.4556922913, 12.6943187714, 13.8952474594, 28.843503952, 42.8053092957, 20.9455013275], [36.3248291016, 13.2439813614, -12.4279022217, -10.4938993454, -10.0837936401, -12.1056566238, -8.14602947235, -0.429063081741, -3.45456361771, 0.18795992434, 7.49441432953, 20.9455013275, 36.5627632141]],
        "icov": [[0.0152030093595, -0.027723332867, 0.0208232663572, -0.00744932563975, 0.00170243380126, -0.00259253731929, 0.00332688144408, -0.0014420337975, -0.000671124376822, -0.00138520216569, 0.000735747860745, -3.75281706511e-05, 2.77983745036e-05], [-0.027723332867, 0.0578707903624, -0.0374811887741, 0.0235054939985, -0.00627716444433, 0.0121126994491, -0.000539122440387, 0.00397593202069, 0.00536949886009, 0.00379925686866, -0.000249017291935, 0.00152792502195, 0.00245617236942], [0.0208232663572, -0.0374811887741, 0.0452388972044, -0.0274670924991, 0.0240720901638, -0.0156823862344, 0.0140626365319, 0.00228031934239, -0.00223567918874, -0.00077262299601, 0.00534562440589, -0.00250195199624, 0.00511930463836], [-0.00744932563975, 0.0235054939985, -0.0274670924991, 0.0480022579432, -0.0320428498089, 0.0310739967972, -0.0111580286175, 0.00780420331284, 0.00597894890234, 0.000511044578161, 0.000154358145664, 0.00531872594729, -0.000132029483211], [0.00170243380126, -0.00627716444433, 0.0240720901638, -0.0320428498089, 0.0581303499639, -0.0475022681057, 0.0291826315224, -0.00579711515456, 0.00572223588824, -0.00342882215045, 0.00584404915571, -0.00281884102151, 0.0072813257575], [-0.00259253731929, 0.0121126994491, -0.0156823862344, 0.0310739967972, -0.0475022681057, 0.0579001195729, -0.0398308970034, 0.0234421622008, -0.0115912072361, 0.00766004808247, 0.0010967918206, 0.00107447884511, -0.00272834603675], [0.00332688144408, -0.000539122440387, 0.0140626365319, -0.0111580286175, 0.0291826315224, -0.0398308970034, 0.0678213313222, -0.0393625460565, 0.0228092111647, -0.00740169733763, 0.000808740092907, 0.000859054038301, 0.00951187312603], [-0.0014420337975, 0.00397593202069, 0.00228031934239, 0.00780420331284, -0.00579711515456, 0.0234421622008, -0.0393625460565, 0.0586321540177, -0.0401192121208, 0.0183347743005, -0.00888176634908, 0.00653740344569, -0.00472095794976], [-0.000671124376822, 0.00536949886009, -0.00223567918874, 0.00597894890234, 0.00572223588824, -0.0115912072361, 0.0228092111647, -0.0401192121208, 0.0590128153563, -0.041669588536, 0.029767235741, -0.0162586085498, 0.0110316760838], [-0.00138520216569, 0.00379925686866, -0.00077262299601, 0.000511044578161, -0.00342882215045, 0.00766004808247, -0.00740169733763, 0.0183347743005, -0.041669588536, 0.0654231533408, -0.0480531677604, 0.0227821115404, -0.00743412552401], [0.000735747860745, -0.000249017291935, 0.00534562440589, 0.000154358145664, 0.00584404915571, 0.0010967918206, 0.000808740092907, -0.00888176634908, 0.029767235741, -0.0480531677604, 0.0668196678162, -0.038072090596, 0.01444478333], [-3.75281706511e-05, 0.00152792502195, -0.00250195199624, 0.00531872594729, -0.00281884102151, 0.00107447884511, 0.000859054038301, 0.00653740344569, -0.0162586085498, 0.0227821115404, -0.038072090596, 0.0584127604961, -0.0273057036102], [2.77983745036e-05, 0.00245617236942, 0.00511930463836, -0.000132029483211, 0.0072813257575, -0.00272834603675, 0.00951187312603, -0.00472095794976, 0.0110316760838, -0.00743412552401, 0.01444478333, -0.0273057036102, 0.0450659096241]]
    },
    "spectral_contrast_coeffs": {
        "max": [-0.316242873669, -0.455542564392, -0.537863790989, -0.715160489082, -0.533965170383, -0.836715221405],
        "mean": [-0.658353984356, -0.717668175697, -0.791500926018, -0.809169411659, -0.645646452904, -0.866657555103],
        "min": [-0.974229037762, -0.968372106552, -0.967574000359, -0.963046491146, -0.96604180336, -0.961027681828],
        "stdev": [0.131104886532, 0.123985670507, 0.0634788796306, 0.0319737792015, 0.0407062321901, 0.0115915089846]
    },
    "spectral_contrast_valleys": {
        "max": [-8.11308860779, -4.90205621719, -5.30843353271, -5.53297042847, -8.71548366547, -10.9944381714],
        "mean": [-9.69990921021, -6.67222595215, -6.40124034882, -6.39554691315, -9.91997909546, -12.4203357697],
        "min": [-27.4532546997, -27.254901886, -27.5742645264, -27.3871192932, -27.2649421692, -27.3409767151],
        "stdev": [1.58272600174, 1.86562216282, 1.90656685829, 1.88965725899, 1.53223311901, 1.31199526787]
    }
},
"rhythm": {
    "beats_count": 26,
    "beats_loudness": {
        "max": 0.0623314082623,
        "mean": 0.0350013822317,
        "min": 0.0118852844462,
        "stdev": 0.0152447512373
    },
    "bpm": 123.896026611,
    "bpm_histogram_first_peak_bpm": 123,
    "bpm_histogram_first_peak_weight": 0.5,
    "bpm_histogram_second_peak_bpm": 129,
    "bpm_histogram_second_peak_spread": 0.166666686535,
    "bpm_histogram_second_peak_weight": 0.20000000298,
    "danceability": 2.00234103203,
    "onset_rate": 0.862111866474,
    "beats_loudness_band_ratio": {
        "max": [0.00249068974517, 0.710275053978, 0.885601460934, 0.677693009377, 0.422775566578, 0.000666719395667],
        "mean": [0.00114218168892, 0.186132371426, 0.409948021173, 0.335413664579, 0.140087544918, 0.000310696690576],
        "min": [0.00033305346733, 0.00108011928387, 0.0561137497425, 0.0702396482229, 0.0196844227612, 8.56204060256e-05],
        "stdev": [0.000581118802074, 0.238787218928, 0.280464410782, 0.202827095985, 0.120193138719, 0.000170174593222]
    },
    "beats_position": [0.441179126501, 0.9287981987, 1.4164172411, 1.91564619541, 2.41487526894, 2.92571425438, 3.41333317757, 3.90095233917, 4.37696123123, 4.85297060013, 5.31736946106, 5.79337835312, 6.24616765976, 6.71056699753, 7.17496585846, 7.63936471939, 8.12698364258, 8.6146030426, 9.10222244263, 9.58984088898, 10.077460289, 10.5534696579, 11.0294780731, 11.505487442, 11.9698867798, 12.445895195],
