{
"metadata": {
    "version": {
        "essentia": "2.1-beta5",
        "essentia_git_sha": "Undefined",
        "extractor": "music 2.0"
    },
    "audio_properties": {
        "analysis": {
            "equal_loudness": 0,
            "length": 48.7502937317,
            "sample_rate": 44100,
            "start_time": 12.7477550507,
            "downmix": "mix"
        },
        "bit_rate": 192000,
        "length": 223.259857178,
        "lossless": 0,
        "number_channels": 2,
        "replay_gain": -2.86058998108,
        "sample_rate": 44100,
        "codec": "mp3",
        "md5_encoded": "ec9417442bb9266d3dc2c5ae96ff9be5"
    },
    "tags": {
        "file_name": "Israel_Halaylah_Habibi.mp3",
        "encoding": ["Lavf58.29.100"]
    }
},
"lowlevel": {
    "average_loudness": 0.91922056675,
    "barkbands_crest": {
        "max": 23.6177082062,
        "mean": 7.99031257629,
        "min": 2.49147439003,
        "stdev": 3.61032605171
    },
    "barkbands_flatness_db": {
        "max": 0.291515439749,
        "mean": 0.157781809568,
        "min": 0.0377665683627,
        "stdev": 0.0423009581864
    },
    "barkbands_kurtosis": {
        "max": 34.1778450012,
        "mean": 0.528032958508,
        "min": -1.88748085499,
        "stdev": 2.8392636776
    },
    "barkbands_skewness": {
        "max": 5.03731012344,
        "mean": 0.362541764975,
        "min": -4.29581451416,
        "stdev": 0.971592664719
    },
    "barkbands_spread": {
        "max": 79.7645339966,
        "mean": 20.641960144,
        "min": 1.92273211479,
        "stdev": 13.2754926682
    },
    "dissonance": {
        "max": 0.499999821186,
        "mean": 0.475378513336,
        "min": 0.298167139292,
        "stdev": 0.0226855035871
    },
    "dynamic_complexity": 2.68165802956,
    "erbbands_crest": {
        "max": 30.9433193207,
        "mean": 8.92691993713,
        "min": 2.30458021164,
        "stdev": 4.67701864243
    },
    "erbbands_flatness_db": {
        "max": 0.372886568308,
        "mean": 0.228490889072,
        "min": 0.069930113852,
        "stdev": 0.0549038797617
    },
    "erbbands_kurtosis": {
        "max": 20.3632354736,
        "mean": 0.291153311729,
        "min": -1.79301476479,
        "stdev": 1.84617829323
    },
    "erbbands_skewness": {
        "max": 2.62601852417,
        "mean": -0.181736975908,
        "min": -3.36951494217,
        "stdev": 0.687824845314
    },
    "erbbands_spread": {
        "max": 99.4332351685,
        "mean": 28.0869522095,
        "min": 2.47658801079,
        "stdev": 17.8355255127
    },
    "hfc": {
        "max": 208.370315552,
        "mean": 23.5028514862,
        "min": 0.172391548753,
        "stdev": 19.5619239807
    },
    "loudness_ebu128": {
        "integrated": -21.823923111,
        "loudness_range": 3.70714187622,
        "momentary": {
            "max": -18.4871196747,
            "mean": -22.8970375061,
            "min": -40.1249008179,
            "stdev": 3.74204087257
        },
        "short_term": {
            "max": -20.0144786835,
            "mean": -22.1951503754,
            "min": -30.1124858856,
            "stdev": 1.57157075405
        }
    },
    "melbands_crest": {
        "max": 32.3281135559,
        "mean": 9.8819770813,
        "min": 3.06629109383,
        "stdev": 4.70586061478
    },
    "melbands_flatness_db": {
        "max": 0.32613375783,
        "mean": 0.151877328753,
        "min": 0.0308823920786,
        "stdev": 0.0479830205441
    },
    "melbands_kurtosis": {
        "max": 57.0364303589,
        "mean": 3.09193205833,
        "min": -1.80727410316,
        "stdev": 6.25054454803
    },
    "melbands_skewness": {
        "max": 6.55071973801,
        "mean": 1.11975955963,
        "min": -2.39613747597,
        "stdev": 1.26000952721
    },
    "melbands_spread": {
        "max": 145.962005615,
        "mean": 32.6884460449,
        "min": 2.84673953056,
        "stdev": 17.8167495728
    },
    "pitch_salience": {
        "max": 0.881481528282,
        "mean": 0.65404599905,
        "min": 0.19679223001,
        "stdev": 0.126270651817
    },
    "silence_rate_20dB": {
        "max": 1,
        "mean": 1,
        "min": 1,
        "stdev": 0
    },
    "silence_rate_30dB": {
        "max": 1,
        "mean": 1,
        "min": 1,
        "stdev": 0
    },
    "silence_rate_60dB": {
        "max": 1,
        "mean": 0.0832936689258,
        "min": 0,
        "stdev": 0.276331394911
    },
    "spectral_centroid": {
        "max": 4495.8671875,
        "mean": 1881.23364258,
        "min": 376.587127686,
        "stdev": 560.577697754
    },
    "spectral_complexity": {
        "max": 51,
        "mean": 21.3936214447,
        "min": 0,
        "stdev": 9.52981948853
    },
    "spectral_decrease": {
        "max": -1.95976481571e-11,
        "mean": -3.82201292837e-09,
        "min": -2.1877351486e-08,
        "stdev": 2.50196929841e-09
    },
    "spectral_energy": {
        "max": 0.0966328755021,
        "mean": 0.0165569260716,
        "min": 8.9602501248e-05,
        "stdev": 0.0107536269352
    },
    "spectral_energyband_high": {
        "max": 0.0356552861631,
        "mean": 0.000856076716445,
        "min": 1.15353316232e-06,
        "stdev": 0.00217304262333
    },
    "spectral_energyband_low": {
        "max": 0.0195414051414,
        "mean": 0.000488100922666,
        "min": 4.35771937646e-07,
        "stdev": 0.000947249704041
    },
    "spectral_energyband_middle_high": {
        "max": 0.0382129885256,
        "mean": 0.00844173040241,
        "min": 3.23547756125e-05,
        "stdev": 0.00667336490005
    },
    "spectral_energyband_middle_low": {
        "max": 0.0557591989636,
        "mean": 0.00712568964809,
        "min": 4.09030908486e-05,
        "stdev": 0.00737801007926
    },
    "spectral_entropy": {
        "max": 8.46277236938,
        "mean": 7.54436540604,
        "min": 6.41867113113,
        "stdev": 0.375016838312
    },
    "spectral_flux": {
        "max": 0.220080241561,
        "mean": 0.0766016989946,
        "min": 0.0078193815425,
        "stdev": 0.0339462310076
    },
    "spectral_kurtosis": {
        "max": 40.319442749,
        "mean": 6.11302232742,
        "min": -0.434641361237,
        "stdev": 6.4215297699
    },
    "spectral_rms": {
        "max": 0.00970958173275,
        "mean": 0.00377302337438,
        "min": 0.000295663776342,
        "stdev": 0.00138470914681
    },
    "spectral_rolloff": {
        "max": 7795.01953125,
        "mean": 2412.28564453,
        "min": 301.46484375,
        "stdev": 1133.77990723
    },
    "spectral_skewness": {
        "max": 4.56590270996,
        "mean": 1.43188118935,
        "min": -0.112948827446,
        "stdev": 0.741595506668
    },
    "spectral_spread": {
        "max": 8042771,
        "mean": 3203061.75,
        "min": 1153957.125,
        "stdev": 1193730.5
    },
    "spectral_strongpeak": {
        "max": 17.1815357208,
        "mean": 1.84050190449,
        "min": 0.00592939788476,
        "stdev": 2.1787173748
    },
    "zerocrossingrate": {
        "max": 0.2421875,
        "mean": 0.0816284939647,
        "min": 0.017578125,
        "stdev": 0.0278210360557
    },
    "barkbands": {
        "max": [4.42763921455e-05, 0.00194932264276, 0.00967899523675, 0.0160901173949, 0.0383392050862, 0.0269915573299, 0.0247268043458, 0.0267441235483, 0.0383175462484, 0.0201536435634, 0.0241507384926, 0.020109243691, 0.00842560268939, 0.0142041584477, 0.0281502325088, 0.0312488321215, 0.0201083924621, 0.0173932947218, 0.005333120469, 0.0121929384768, 0.0114231649786, 0.0138116376474, 0.00594810722396, 0.0020733778365, 0.000495218206197, 4.21458207711e-06, 5.34421786824e-08],
        "mean": [3.07150367007e-06, 8.62835513544e-05, 0.000199652626179, 0.000463419273729, 0.00131811387837, 0.00145536183845, 0.00154386064969, 0.000661217432935, 0.00139839330222, 0.000768232159317, 0.000866579590365, 0.000923932646401, 0.000631722330581, 0.000702804711182, 0.00130021758378, 0.00125066924375, 0.000772712402977, 0.000696620438248, 0.000425204983912, 0.000450195919257, 0.000286497437628, 0.00018236793403, 0.000101790770714, 5.7848628785e-05, 9.78670414042e-06, 3.86125151408e-07, 7.43105299517e-10],
        "min": [1.47134548989e-09, 8.83050859102e-08, 9.70384448351e-08, 9.66080193621e-08, 2.8748428349e-07, 1.58033901698e-06, 1.17603906347e-06, 1.10646726625e-06, 1.85309670542e-06, 8.99421081613e-07, 1.12263091978e-06, 1.24522364331e-06, 1.54244673922e-06, 9.52447123836e-07, 1.06483366835e-06, 1.1935811699e-06, 2.33687160289e-06, 3.07052096105e-06, 1.11305871542e-06, 4.91469506869e-07, 3.15663953643e-07, 1.71318887965e-07, 6.34354861972e-08, 7.22362543115e-08, 4.27055617536e-08, 6.52253945299e-11, 6.52745912877e-11],
        "stdev": [4.67188556286e-06, 0.000164001874509, 0.000497207860462, 0.000987986568362, 0.00257829623297, 0.00241555576213, 0.00258187321015, 0.00201650313102, 0.00287198042497, 0.00166420289315, 0.00175892177504, 0.00151534029283, 0.000918703153729, 0.001134304679, 0.00244814530015, 0.00282889790833, 0.0013564490946, 0.00131154444534, 0.000617159414105, 0.000919509970117, 0.000717902265023, 0.000813412014395, 0.000270714139333, 0.000133418958285, 2.5063583962e-05, 6.45469469873e-07, 1.92333637905e-09]
    },
    "erbbands": {
        "max": [0.0228795651346, 0.683647274971, 9.20184516907, 34.8348503113, 81.4359436035, 136.155578613, 253.963623047, 310.462799072, 379.494445801, 547.309265137, 668.54473877, 609.453430176, 1017.14007568, 790.5234375, 496.136688232, 709.775085449, 380.612823486, 755.777648926, 945.82623291, 1038.29736328, 2154.8972168, 912.234130859, 1242.94799805, 419.647705078, 291.760650635, 546.50970459, 505.072540283, 512.985473633, 512.251708984, 216.701843262, 225.49710083, 50.7373542786, 26.0251712799, 8.45373153687, 0.959642350674, 0.0381629616022, 0.0084066381678, 0.00144160853233, 0.000133913228638, 0.000132395114633],
        "mean": [0.00131757929921, 0.0257631391287, 0.191364735365, 0.949692070484, 2.56354045868, 5.05069494247, 8.01053237915, 12.5255823135, 18.2941551208, 22.4681358337, 16.9169750214, 27.5145263672, 32.4401016235, 31.4797382355, 29.3973865509, 36.8963470459, 30.6568641663, 35.8923606873, 47.0700454712, 64.2453842163, 76.0924301147, 47.1336898804, 40.1238861084, 29.4780197144, 19.685962677, 19.3791980743, 15.1945362091, 9.21324062347, 7.12545585632, 3.99213123322, 2.72180104256, 1.74878776073, 0.643476903439, 0.186568021774, 0.0339891165495, 0.00346403149888, 0.000611453782767, 6.79567456245e-05, 1.39155326906e-05, 2.20949677896e-05],
        "min": [2.29332613344e-06, 2.86778031295e-05, 0.000105173246993, 0.000225514479098, 0.000627212575637, 0.00200926233083, 0.00712911458686, 0.0213712565601, 0.0354601182044, 0.0304948873818, 0.0390082485974, 0.0442009866238, 0.0627800151706, 0.0555319413543, 0.0637800619006, 0.0504511855543, 0.0689656957984, 0.077847994864, 0.0639563947916, 0.0664474219084, 0.0758405476809, 0.15002477169, 0.176749125123, 0.113968126476, 0.0439960435033, 0.0255217496306, 0.0126976035535, 0.00748757552356, 0.00660005630925, 0.0029498541262, 0.00183037307579, 0.00144547654781, 0.00114141241647, 0.000581872882321, 0.000229126308113, 8.07902833913e-05, 7.45372244637e-06, 8.38645291878e-07, 6.60405646613e-07, 6.85989675731e-07],
        "stdev": [0.0018348392332, 0.0500744245946, 0.441723912954, 1.92602515221, 5.8761472702, 9.3067073822, 18.0148296356, 21.4453830719, 31.8713512421, 47.1881637573, 36.656703949, 52.0749740601, 69.1982879639, 63.1000480652, 41.2850570679, 60.232257843, 40.8212623596, 51.2654457092, 70.0791168213, 96.2004013062, 185.907608032, 71.8789825439, 79.3517837524, 42.1027030945, 29.1606235504, 40.4531898499, 37.0980873108, 30.8608474731, 30.442817688, 12.4671459198, 8.27952098846, 4.02444791794, 1.49433374405, 0.46595364809, 0.0691170468926, 0.00433926237747, 0.000961338519119, 0.000104364356957, 1.05477092802e-05, 1.48347344293e-05]
    },
    "gfcc": {
        "mean": [-37.367351532, 92.4484939575, -187.621307373, 26.4293861389, -76.7702102661, 1.49157321453, -44.378868103, -0.70266777277, -16.4157581329, -10.3167448044, -5.0934920311, -10.3606996536, 0.880380511284],
        "cov": [[2528.03735352, 87.646232605, -97.2421112061, 833.308776855, -458.157470703, -224.725784302, -31.9249076843, -223.815841675, -22.2699623108, -350.384033203, 101.477516174, -227.991912842, 66.8424224854], [87.646232605, 732.581359863, 25.1540985107, -28.523733139, -12.7504272461, -157.840438843, 14.0534725189, -125.830383301, -17.22123909, -144.302993774, 77.2822494507, -141.113967896, 32.3543395996], [-97.2421112061, 25.1540985107, 893.241394043, 612.332824707, -307.486175537, 97.2961349487, -52.8445167542, -17.0617008209, -120.59488678, -58.6673545837, 5.08082532883, -37.6465835571, -63.3449020386], [833.308776855, -28.523733139, 612.332824707, 1229.70690918, -510.990234375, -100.568359375, -48.7000770569, -163.853302002, -98.7427902222, -328.245147705, 105.737709045, -194.976852417, 23.0195903778], [-458.157470703, -12.7504272461, -307.486175537, -510.990234375, 468.171020508, 119.895187378, 43.4259719849, 103.656288147, 46.4203262329, 175.240158081, -107.106834412, 119.851661682, -23.5452308655], [-224.725784302, -157.840438843, 97.2961349487, -100.568359375, 119.895187378, 273.837860107, 36.7039260864, 35.0286560059, -14.1451091766, 97.6530151367, -85.1159973145, 59.4210624695, -43.6037254333], [-31.9249076843, 14.0534725189, -52.8445167542, -48.7000770569, 43.4259719849, 36.7039260864, 90.1433105469, 24.5406970978, -1.71096324921, 13.8446207047, -4.19451951981, -6.13898515701, -9.40587425232], [-223.815841675, -125.830383301, -17.0617008209, -163.853302002, 103.656288147, 35.0286560059, 24.5406970978, 153.286392212, 39.7620124817, 85.1538391113, -32.8335762024, 71.8106536865, -22.3995094299], [-22.2699623108, -17.22123909, -120.59488678, -98.7427902222, 46.4203262329, -14.1451091766, -1.71096324921, 39.7620124817, 93.9625167847, 21.3191585541, -8.99688053131, 17.6785583496, 8.66342067719], [-350.384033203, -144.302993774, -58.6673545837, -328.245147705, 175.240158081, 97.6530151367, 13.8446207047, 85.1538391113, 21.3191585541, 225.463973999, -40.5978736877, 115.634773254, -44.3257369995], [101.477516174, 77.2822494507, 5.08082532883, 105.737709045, -107.106834412, -85.1159973145, -4.19451951981, -32.8335762024, -8.99688053131, -40.5978736877, 116.602783203, -29.7605381012, 19.6328029633], [-227.991912842, -141.113967896, -37.6465835571, -194.976852417, 119.851661682, 59.4210624695, -6.13898515701, 71.8106536865, 17.6785583496, 115.634773254, -29.7605381012, 142.705627441, -8.85953807831], [66.8424224854, 32.3543395996, -63.3449020386, 23.0195903778, -23.5452308655, -43.6037254333, -9.40587425232, -22.3995094299, 8.66342067719, -44.3257369995, 19.6328029633, -8.85953807831, 71.4453811646]],
        "icov": [[0.00080921506742, -0.000650630390737, 0.00136897491757, -0.00111958116759, 0.00112165918108, -0.00043643306708, 0.000518965010997, -0.000522201298736, 0.000514202751219, -0.000546382274479, 0.000946194166318, -0.000392459216528, 0.000409929692978], [-0.000650630390737, 0.00569467805326, -0.00524249160662, 0.00415177643299, -0.00482815876603, 0.00378529401496, -0.00360801746137, 0.00588925648481, -0.00323153403588, 0.0048759249039, -0.00435372395441, 0.00373366987333, -0.000789175159298], [0.00136897491757, -0.00524249160662, 0.00889270752668, -0.00592169025913, 0.00659249862656, -0.00490003312007, 0.00533631304279, -0.00723036704585, 0.00586658297107, -0.00552736548707, 0.00513735413551, -0.00338957156055, 0.00253078131936], [-0.00111958116759, 0.00415177643299, -0.00592169025913, 0.00620398903266, -0.00328427297063, 0.00276091904379, -0.00311688659713, 0.00493194581941, -0.00291373580694, 0.00605711759999, -0.00415462022647, 0.00276386039332, -0.000747685029637], [0.00112165918108, -0.00482815876603, 0.00659249862656, -0.00328427297063, 0.0103045068681, -0.00419210735708, 0.00263906689361, -0.00596737815067, 0.00377034884878, -0.00519661419094, 0.00691998098046, -0.00425870390609, 0.00124334846623], [-0.00043643306708, 0.00378529401496, -0.00490003312007, 0.00276091904379, -0.00419210735708, 0.0093545652926, -0.00569397909567, 0.00585455121472, -0.00242954934947, 0.00167223426979, 0.000637830933556, 0.00104891194496, 0.000160512368893], [0.000518965010997, -0.00360801746137, 0.00533631304279, -0.00311688659713, 0.00263906689361, -0.00569397909567, 0.0174035467207, -0.00815355964005, 0.00496610393748, -0.00305395782925, 0.000571939861402, 0.00149120145943, 0.00154429278336], [-0.000522201298736, 0.00588925648481, -0.00723036704585, 0.00493194581941, -0.00596737815067, 0.00585455121472, -0.00815355964005, 0.0184109639376, -0.00857955217361, 0.00452161580324, -0.00326302368194, -0.000452055042842, 0.00081342732301], [0.000514202751219, -0.00323153403588, 0.00586658297107, -0.00291373580694, 0.00377034884878, -0.00242954934947, 0.00496610393748, -0.00857955217361, 0.0175143238157, -0.00352519750595, 0.00348173291422, -0.00105268904008, -0.000551884586457], [-0.000546382274479, 0.0048759249039, -0.00552736548707, 0.00605711759999, -0.00519661419094, 0.00167223426979, -0.00305395782925, 0.00452161580324, -0.00352519750595, 0.0172517094761, -0.00601768959314, -0.00250601046719, 0.00424793595448], [0.000946194166318, -0.00435372395441, 0.00513735413551, -0.00415462022647, 0.00691998098046, 0.000637830933556, 0.000571939861402, -0.00326302368194, 0.00348173291422, -0.00601768959314, 0.0175100956112, -0.00347212841734, -0.00069596292451], [-0.000392459216528, 0.00373366987333, -0.00338957156055, 0.00276386039332, -0.00425870390609, 0.00104891194496, 0.00149120145943, -0.000452055042842, -0.00105268904008, -0.00250601046719, -0.00347212841734, 0.0175607781857, -0.00422351807356], [0.000409929692978, -0.000789175159298, 0.00253078131936, -0.000747685029637, 0.00124334846623, 0.000160512368893, 0.00154429278336, 0.00081342732301, -0.000551884586457, 0.00424793595448, -0.00069596292451, -0.00422351807356, 0.0197912734002]]
    },
    "melbands": {
        "max": [0.00038983480772, 0.00364496116526, 0.00630700495094, 0.00557958055288, 0.00903312675655, 0.00623345654458, 0.00562635902315, 0.00592958694324, 0.00476320972666, 0.00427529029548, 0.00500573171303, 0.00331162475049, 0.00218207505532, 0.00305030448362, 0.00152594654355, 0.00105189718306, 0.00171310605947, 0.00154801947065, 0.00313070672564, 0.00123410497326, 0.00270966510288, 0.00139551819302, 0.00115051527973, 0.00092232960742, 0.000327999470755, 0.000195574888494, 0.000343709543813, 0.000435695081251, 0.00043957948219, 0.000301507679978, 0.000323896150803, 0.000369371962734, 0.0001908064296, 8.6920663307e-05, 0.000132678236696, 6.82518075337e-05, 3.55326010322e-05, 1.86423440027e-05, 1.46900138134e-05, 5.15729425388e-06],
        "mean": [1.75652239705e-05, 8.38797714096e-05, 0.000209361242014, 0.000274255144177, 0.000268526317086, 0.000288217270281, 0.000297669874271, 0.000222351256525, 0.000140945907333, 0.000190143371583, 0.000160293478984, 0.000122077093692, 0.000104521779576, 9.37286749831e-05, 9.20837628655e-05, 6.31991715636e-05, 6.64268518449e-05, 6.16854304099e-05, 0.000118711031973, 6.98097501299e-05, 8.83402608451e-05, 4.97867513332e-05, 3.47853674612e-05, 3.24114735122e-05, 2.37068343267e-05, 1.31576916829e-05, 1.59450682986e-05, 1.21403063531e-05, 1.04735518107e-05, 6.8256222221e-06, 4.81310598843e-06, 4.63027390651e-06, 2.53159009844e-06, 2.09026597986e-06, 1.59748663009e-06, 1.36323330935e-06, 9.45601470903e-07, 4.87756153689e-07, 2.49886028314e-07, 1.23799637208e-07],
        "min": [2.78769789475e-08, 6.53702016962e-08, 6.00182090693e-08, 4.67335823373e-08, 2.4123690423e-07, 4.51432697446e-07, 4.95664437494e-07, 3.40205133398e-07, 3.06311932263e-07, 2.61065679297e-07, 2.30336681284e-07, 1.79805127232e-07, 1.75320096218e-07, 1.40795449965e-07, 1.21702527167e-07, 1.55640009325e-07, 1.00021281924e-07, 8.98199772337e-08, 7.66198979818e-08, 8.54222932389e-08, 7.45523607293e-08, 1.48834089941e-07, 1.5985305879e-07, 7.80541498102e-08, 6.19410087666e-08, 4.0021017611e-08, 1.53826249516e-08, 1.19074812233e-08, 7.64417062982e-09, 3.96152355364e-09, 4.59520688167e-09, 2.87944090793e-09, 2.6586417512e-09, 1.19049059499e-09, 9.81313363901e-10, 6.43075315221e-10, 9.15077402741e-10, 8.22300894043e-10, 5.70240632491e-10, 4.27900298527e-10],
        "stdev": [2.99333169096e-05, 0.000175936656888, 0.000420877098804, 0.000515992345754, 0.000579381652642, 0.000477389898151, 0.000488401507027, 0.000503671762999, 0.000307864393108, 0.000387556967326, 0.000350368674845, 0.000251822290011, 0.000181806317414, 0.00017016431957, 0.000162455500686, 9.98740506475e-05, 0.000105226397864, 0.000101860481664, 0.00025963949156, 0.000113233196316, 0.000234321050812, 8.83153625182e-05, 7.30933970772e-05, 6.23901432846e-05, 3.70215566363e-05, 1.92680163309e-05, 2.88166484097e-05, 2.97138285532e-05, 2.83752779069e-05, 1.66860281752e-05, 2.06417662412e-05, 2.06488675758e-05, 1.04463942989e-05, 5.57307294002e-06, 5.09218216393e-06, 3.43811393577e-06, 2.19460503104e-06, 1.12165150767e-06, 6.96720178439e-07, 3.06420417928e-07]
    },
    "melbands128": {
        "max": [3.62918035535e-05, 0.000115616392577, 0.000527272408362, 0.00114369590301, 0.00384346698411, 0.00483873393387, 0.00725990533829, 0.0104644726962, 0.00972533691674, 0.00755364168435, 0.00782905425876, 0.0158536918461, 0.0121981399134, 0.00975898467004, 0.00788592547178, 0.00953045114875, 0.00903962925076, 0.00900913216174, 0.00846073124558, 0.0100973155349, 0.0114277778193, 0.00848453491926, 0.00692049320787, 0.00623316597193, 0.00546534871683, 0.0089130057022, 0.0155526921153, 0.00585214188322, 0.00616174982861, 0.00640869652852, 0.00507941236719, 0.00721265049651, 0.00453077116981, 0.00220097112469, 0.00383939105086, 0.00554834818467, 0.00445874268189, 0.00335995783098, 0.00166706764139, 0.0013603088446, 0.0021788761951, 0.00192936370149, 0.00281190313399, 0.00255628302693, 0.00201489403844, 0.00257210759446, 0.00169988384005, 0.00646329158917, 0.00207291520201, 0.00193105160724, 0.00231865094975, 0.00179745303467, 0.00715768430382, 0.00187578063924, 0.00369530613534, 0.00177864369471, 0.00199890462682, 0.00210517225787, 0.00189707032405, 0.00324052898213, 0.000901502615307, 0.00198240624741, 0.000880803680047, 0.000615409109741, 0.00067944690818, 0.000288751849439, 0.000419067626353, 0.000710562628228, 0.000848754774779, 0.000459723756649, 0.000532592064701, 0.000519808265381, 0.00104521610774, 0.00057957705576, 0.000548285781406, 0.00032020904473, 0.000374880764866, 0.000291837553959, 0.000360084290151, 0.0005575963296, 0.000654490315355, 0.000404917780543, 0.000250676646829, 0.000235639323364, 0.000225468844292, 0.00015019447892, 0.000107942469185, 6.83549951646e-05, 0.000120101532957, 0.000322861480527, 4.90136771987e-05, 4.46312769782e-05, 4.5859876991e-05, 3.76810094167e-05, 3.7776393583e-05, 1.92505776795e-05, 2.63058464043e-05, 1.95014217752e-05, 1.56783498824e-05, 1.36078906507e-05, 6.64790104565e-06, 4.93714378536e-06, 3.62303262591e-06, 1.74483875526e-06, 8.69745633736e-07, 4.55415261058e-07, 1.05347645274e-07, 8.58925375269e-08, 8.79782859897e-08, 4.79556057087e-08, 2.73839404485e-08, 3.87764593768e-08, 2.19546194558e-08, 1.89057978162e-08, 3.75688422594e-08, 1.53916381862e-08, 8.02440669467e-10, 2.57382143376e-10, 2.45349185413e-10, 2.37394492952e-10, 2.34081781736e-10, 2.26266602676e-10, 2.19137735735e-10, 2.11280756779e-10, 2.08464565055e-10, 2.05452363455e-10, 2.04300312778e-10, 1.99885274998e-10],
        "mean": [2.01568172997e-06, 7.02061197444e-06, 1.89663005585e-05, 4.67608952022e-05, 7.71825289121e-05, 0.00010544784891, 0.000177325608092, 0.000249954522587, 0.000244311260758, 0.000285343732685, 0.000298356782878, 0.000231770740356, 0.000281644548522, 0.000284251203993, 0.000258360349108, 0.000314013625029, 0.000306066183839, 0.000236470281379, 0.000388016109355, 0.000256140279816, 0.000143178505823, 0.000110742352263, 0.000150222200318, 0.000165631936397, 0.000129659863887, 0.000240470748395, 0.000233421596931, 0.000143975092215, 0.000111803899927, 8.57809500303e-05, 0.000145106532727, 0.000159821414854, 8.279067697e-05, 8.52947268868e-05, 9.17394427233e-05, 9.2061360192e-05, 9.70342807705e-05, 0.000128185289213, 5.6573531765e-05, 5.23340713698e-05, 7.53181229811e-05, 5.90737217863e-05, 6.94103728165e-05, 6.96286588209e-05, 5.60375628993e-05, 5.49280812265e-05, 5.83095861657e-05, 0.000190270118765, 9.48238521232e-05, 5.36730331078e-05, 6.64345279802e-05, 7.02950783307e-05, 0.000153478758875, 5.08045850438e-05, 5.37120431545e-05, 5.72272510908e-05, 4.35018155258e-05, 2.33939463214e-05, 3.54348667315e-05, 4.93331499456e-05, 2.82151177089e-05, 2.34141698456e-05, 2.96633024846e-05, 2.16871849261e-05, 1.96205146494e-05, 9.77214313025e-06, 1.14019958346e-05, 1.59267128765e-05, 1.94730982912e-05, 1.21987504826e-05, 1.16108603834e-05, 1.21147004393e-05, 1.21821994981e-05, 1.03644661067e-05, 8.17053023638e-06, 7.80913342169e-06, 5.65436175748e-06, 4.9623185987e-06, 4.59747934656e-06, 4.78692209072e-06, 5.54266443942e-06, 4.33277637057e-06, 2.61217951447e-06, 2.54530209531e-06, 2.43007707468e-06, 1.67510734173e-06, 2.57852525465e-06, 1.70807936684e-06, 1.4984259451e-06, 1.47832895436e-06, 1.42186956964e-06, 1.36557946462e-06, 1.18455227494e-06, 1.02500519006e-06, 7.75679040999e-07, 5.02174430039e-07, 4.92129629492e-07, 3.42621433447e-07, 2.62265899664e-07, 1.92258596599e-07, 1.50296926904e-07, 1.18093133494e-07, 8.44081569085e-08, 5.49861312038e-08, 2.87212493788e-08, 1.48074397188e-08, 7.77070496838e-09, 5.33308242012e-09, 3.83248854874e-09, 3.26292814989e-09, 2.3976944874e-09, 1.91396520854e-09, 1.54877588532e-09, 1.30779598262e-09, 1.11647413537e-09, 6.82437217847e-10, 1.2023114275e-11, 3.40355369756e-12, 3.31402570317e-12, 3.24507933545e-12, 3.18551109969e-12, 3.13910247622e-12, 3.06678792604e-12, 3.00551749287e-12, 2.97804272562e-12, 2.96120051223e-12, 2.94813088872e-12, 2.91248839282e-12],
        "min": [9.62621315992e-10, 1.048685494e-08, 9.43937017439e-09, 3.40224772799e-08, 1.80095014457e-08, 4.26414885624e-08, 2.44166216135e-08, 3.36251630983e-08, 2.52448995042e-08, 1.87398150331e-08, 4.60679991932e-08, 7.26536057982e-08, 1.03582181055e-07, 1.28143213374e-07, 8.6201524141e-08, 1.24957111325e-07, 1.49723049958e-07, 1.65995771795e-07, 2.01247416953e-07, 9.79903660436e-08, 1.04628249176e-07, 8.08582996115e-08, 8.62072511154e-08, 3.56924516609e-08, 1.75165581595e-07, 8.27659789593e-08, 7.45661594692e-08, 1.11894301824e-07, 8.58272599658e-08, 4.81875659375e-08, 5.57532402468e-08, 1.13301219073e-07, 9.60060333455e-08, 3.37677157347e-08, 2.76236029606e-08, 7.06322467181e-08, 4.52869031164e-08, 6.82302569999e-08, 7.18383859066e-08, 5.94594951053e-08, 2.14886277661e-08, 5.6237414725e-08, 2.56469263604e-08, 5.53814381021e-08, 1.92831191015e-08, 8.03976973884e-08, 4.5821526129e-08, 3.14476693575e-08, 5.15305806914e-08, 4.84212385743e-08, 4.17067482772e-08, 4.10288123476e-08, 2.90396737768e-08, 5.40245146397e-08, 5.73025999984e-08, 3.74577666662e-08, 3.50064937038e-08, 3.64480925441e-08, 5.13307334415e-08, 8.3540598439e-08, 4.44578631686e-08, 5.80608592315e-08, 2.97499287427e-08, 4.20372856524e-08, 2.69131774644e-08, 2.21992468852e-08, 7.0398602503e-09, 1.05161168662e-08, 7.0095071969e-09, 8.55258708299e-09, 1.15652092347e-08, 8.34549229722e-09, 3.15359005576e-09, 6.09036154842e-09, 3.80874576322e-09, 2.9906668253e-09, 1.98128602413e-09, 2.91228707816e-09, 4.76020023399e-09, 2.10413353408e-09, 1.93620453004e-09, 1.78469672374e-09, 2.52235143883e-09, 1.30372568297e-09, 9.39866073857e-10, 6.90366153133e-10, 1.09772690937e-09, 6.57234988655e-10, 8.15257528153e-10, 6.89187096281e-10, 5.53214085652e-10, 4.98630081669e-10, 4.84215445518e-10, 8.38869973485e-10, 6.51478926361e-10, 6.59245269485e-10, 3.87007176306e-10, 5.45524680984e-10, 3.43419653825e-10, 5.96899973893e-10, 4.36182395758e-10, 1.46483339347e-10, 6.22078846768e-11, 6.09689451703e-11, 1.72795163594e-11, 1.41587519487e-10, 7.95456474127e-13, 3.85366109683e-13, 2.99916043606e-13, 2.8686739941e-13, 3.06868300302e-13, 2.58143360203e-13, 2.49567158389e-13, 2.03883066571e-13, 3.13353564017e-13, 2.56718122238e-13, 2.49055116808e-13, 1.70833982269e-13, 1.87871623098e-13, 2.15774704419e-13, 2.15364645605e-13, 1.79269766349e-13, 1.97510031334e-13, 1.59321923601e-13, 2.07557305761e-13, 2.07320299166e-13, 2.21317213688e-13, 2.47387695182e-13],
        "stdev": [3.17157514473e-06, 1.076643548e-05, 3.52503229806e-05, 9.95855589281e-05, 0.000185715136467, 0.000264067843091, 0.000387069798307, 0.000565734750126, 0.000685187289491, 0.000622747000307, 0.000572508957703, 0.000726364552975, 0.000754651322495, 0.000637317483779, 0.000537357176654, 0.000740337243769, 0.000734265951905, 0.000532359525096, 0.00078743242193, 0.000691163470037, 0.000677464238834, 0.000369319255697, 0.000406578241382, 0.000444916891865, 0.000310167204589, 0.000656804128084, 0.000873642915394, 0.000405797181884, 0.000331591523718, 0.000281498127151, 0.000391576410038, 0.000465875375085, 0.000244957191171, 0.000163689590408, 0.000222929462325, 0.00024750691955, 0.000259094609646, 0.000300099374726, 0.000111113906314, 0.000102630394395, 0.000161925025168, 0.000111003180791, 0.000138608142151, 0.000154608525918, 0.000131253589643, 0.000134885194711, 0.000107371888589, 0.00054437154904, 0.000182137067895, 0.000134989473736, 0.000167440171936, 0.000143734534504, 0.000604819273576, 0.00011278312013, 0.000177173467819, 0.00012211727153, 0.000105414968857, 8.92257594387e-05, 0.000112165718747, 0.000155815272592, 7.84550211392e-05, 7.02316901879e-05, 6.78770520608e-05, 4.94429732498e-05, 4.28489438491e-05, 1.70539133251e-05, 2.7852891435e-05, 3.9932798245e-05, 4.62155949208e-05, 3.29410504492e-05, 3.72065333067e-05, 3.8269572542e-05, 4.95798849443e-05, 3.47005770891e-05, 2.60937031271e-05, 2.09173776966e-05, 1.61699299497e-05, 1.70947696461e-05, 2.07352968573e-05, 3.06707952404e-05, 2.50559915003e-05, 1.95142602024e-05, 1.09124703158e-05, 1.14328768177e-05, 1.00330644273e-05, 5.47087620362e-06, 7.15402620699e-06, 4.63410106022e-06, 5.81987660553e-06, 7.89814566815e-06, 3.54768349098e-06, 3.53899190486e-06, 3.0886346849e-06, 2.42840474129e-06, 2.02958563023e-06, 1.09915765734e-06, 1.27392524973e-06, 9.21637706597e-07, 7.83922473602e-07, 6.23597770755e-07, 3.91576634229e-07, 3.07812626943e-07, 2.18139277308e-07, 1.3696147505e-07, 5.7766520456e-08, 2.30992931449e-08, 1.12477271941e-08, 9.01288377264e-09, 7.24019733056e-09, 5.79153525138e-09, 4.40660707923e-09, 3.7480609727e-09, 3.06419600804e-09, 2.56145149535e-09, 2.32899699526e-09, 1.44174028271e-09, 4.03923561265e-11, 9.20218328621e-12, 8.82499542193e-12, 8.53547788005e-12, 8.38360804389e-12, 8.142652351e-12, 7.90015448893e-12, 7.67830157095e-12, 7.55315514994e-12, 7.44823300258e-12, 7.39566827918e-12, 7.2553829264e-12]
    },
    "mfcc": {
        "mean": [-651.322631836, 107.071350098, -46.5126953125, 9.42385292053, -13.1818494797, -7.99241256714, -13.5677967072, -3.07644748688, -7.91643285751, -2.28718400002, -8.76134967804, -0.231661364436, -3.16653132439],
        "cov": [[3143.56176758, -596.610412598, 392.613861084, 708.223022461, -240.713119507, -85.3909988403, -102.858818054, 15.4434614182, -224.921798706, -86.1243591309, -178.732391357, -46.6994018555, -147.607437134], [-596.610412598, 997.6875, -559.698242188, -407.432861328, 43.0376205444, -46.8234901428, 5.32047843933, -60.8267631531, 53.9968109131, 16.3350830078, 74.3632202148, -20.7480678558, 33.8531188965], [392.613861084, -559.698242188, 1506.83654785, 723.206176758, -74.4731140137, 40.9368362427, 52.5285148621, 41.0621566772, -195.153244019, -84.1805648804, -90.4465408325, -3.16781210899, -116.29573822], [708.223022461, -407.432861328, 723.206176758, 721.483703613, -56.7899856567, -60.3234863281, 13.8209009171, 30.0211277008, -158.483016968, -69.5384292603, -115.894584656, 15.3385038376, -106.840560913], [-240.713119507, 43.0376205444, -74.4731140137, -56.7899856567, 146.203277588, 56.7609901428, 12.2106695175, 24.9984073639, 57.2832374573, 10.4896697998, 13.6690263748, -0.0601642765105, 15.6093730927], [-85.3909988403, -46.8234901428, 40.9368362427, -60.3234863281, 56.7609901428, 211.512008667, 46.3737030029, 15.2574577332, 34.0622787476, 14.8720016479, 29.9220561981, -42.4418907166, 8.27347755432], [-102.858818054, 5.32047843933, 52.5285148621, 13.8209009171, 12.2106695175, 46.3737030029, 113.850784302, 10.1344547272, -1.0829372406, 10.5208272934, 9.02673149109, 4.24828863144, -18.1140041351], [15.4434614182, -60.8267631531, 41.0621566772, 30.0211277008, 24.9984073639, 15.2574577332, 10.1344547272, 90.4027481079, 30.9751319885, 3.78704094887, -3.07758498192, 0.512831091881, 6.79991722107], [-224.921798706, 53.9968109131, -195.153244019, -158.483016968, 57.2832374573, 34.0622787476, -1.0829372406, 30.9751319885, 131.744369507, 35.6446876526, 26.1171798706, -0.377640724182, 23.8312282562], [-86.1243591309, 16.3350830078, -84.1805648804, -69.5384292603, 10.4896697998, 14.8720016479, 10.5208272934, 3.78704094887, 35.6446876526, 76.5162506104, 30.1856613159, -9.82534313202, 15.596578598], [-178.732391357, 74.3632202148, -90.4465408325, -115.894584656, 13.6690263748, 29.9220561981, 9.02673149109, -3.07758498192, 26.1171798706, 30.1856613159, 88.7152481079, 12.9230537415, 28.1012992859], [-46.6994018555, -20.7480678558, -3.16781210899, 15.3385038376, -0.0601642765105, -42.4418907166, 4.24828863144, 0.512831091881, -0.377640724182, -9.82534313202, 12.9230537415, 86.8956604004, 25.1787872314], [-147.607437134, 33.8531188965, -116.29573822, -106.840560913, 15.6093730927, 8.27347755432, -18.1140041351, 6.79991722107, 23.8312282562, 15.596578598, 28.1012992859, 25.1787872314, 98.7355422974]],
        "icov": [[0.000569621159229, 0.000163144373801, 0.000320058956277, -0.000561777793337, 0.000746222620364, -0.000362034363206, 0.000567984709051, -0.000323500164086, 0.000433620152762, -2.91025462502e-05, 0.000283564790152, 9.46475120145e-05, 0.000398663250962], [0.000163144373801, 0.00162947515491, 0.00037044097553, 0.000481629074784, -0.00040186883416, 0.000843257934321, -0.000505432952195, 0.000518002663739, 0.000474557193229, 0.000790826859884, -0.000813891296275, 0.000978623633273, 0.000249784061452], [0.000320058956277, 0.00037044097553, 0.00168166938238, -0.00153729307931, 0.000658566248603, -0.000810175784864, 4.85289128846e-05, -0.000504972704221, 0.000953901966568, 0.000475695997011, -0.000420590658905, 0.000190933307749, 0.000441826821771], [-0.000561777793337, 0.000481629074784, -0.00153729307931, 0.00496430927888, -0.00147560448386, 0.00108373898547, -0.000356157659553, -0.00115785130765, 0.00249047810212, -0.000458340829937, 0.00227363803424, -0.00150224298704, 0.00192028528545], [0.000746222620364, -0.00040186883416, 0.000658566248603, -0.00147560448386, 0.0104076908901, -0.00302449450828, 0.000733552325983, -0.00162066274788, -0.0029781437479, 0.000419320480432, 0.000754387292545, -0.000976829556748, -2.64439568127e-05], [-0.000362034363206, 0.000843257934321, -0.000810175784864, 0.00108373898547, -0.00302449450828, 0.00852987729013, -0.00380132766441, 0.000902141269762, -0.001468530274, 0.00176914699841, -0.00315672205761, 0.00537472544238, -0.00200523994863], [0.000567984709051, -0.000505432952195, 4.85289128846e-05, -0.000356157659553, 0.000733552325983, -0.00380132766441, 0.0119997859001, -0.00205769925378, 0.00198701652698, -0.0029425250832, 0.000734200468287, -0.00376706174575, 0.0039768400602], [-0.000323500164086, 0.000518002663739, -0.000504972704221, -0.00115785130765, -0.00162066274788, 0.000902141269762, -0.00205769925378, 0.0146549614146, -0.00558009045199, 0.00110145029612, -0.000526800053194, 0.00157783157192, -0.0027946701739], [0.000433620152762, 0.000474557193229, 0.000953901966568, 0.00249047810212, -0.0029781437479, -0.001468530274, 0.00198701652698, -0.00558009045199, 0.0159675013274, -0.00449814973399, 0.00158823560923, -0.00228031189181, 0.00263276533224], [-2.91025462502e-05, 0.000790826859884, 0.000475695997011, -0.000458340829937, 0.000419320480432, 0.00176914699841, -0.0029425250832, 0.00110145029612, -0.00449814973399, 0.0185632817447, -0.00609600590542, 0.00497201597318, -0.00246010278352], [0.000283564790152, -0.000813891296275, -0.000420590658905, 0.00227363803424, 0.000754387292545, -0.00315672205761, 0.000734200468287, -0.000526800053194, 0.00158823560923, -0.00609600590542, 0.0184077881277, -0.00536352163181, -0.000307615904603], [9.46475120145e-05, 0.000978623633273, 0.000190933307749, -0.00150224298704, -0.000976829556748, 0.00537472544238, -0.00376706174575, 0.00157783157192, -0.00228031189181, 0.00497201597318, -0.00536352163181, 0.0179453436285, -0.00597519474104], [0.000398663250962, 0.000249784061452, 0.000441826821771, 0.00192028528545, -2.64439568127e-05, -0.00200523994863, 0.0039768400602, -0.0027946701739, 0.00263276533224, -0.00246010278352, -0.000307615904603, -0.00597519474104, 0.0156954564154]]
    },
    "spectral_contrast_coeffs": {
        "max": [-0.42713034153, -0.495956510305, -0.500774860382, -0.48758149147, -0.610923349857, -0.545912086964],
        "mean": [-0.693237662315, -0.764659762383, -0.759231865406, -0.77565664053, -0.763946771622, -0.734987437725],
        "min": [-0.902702450752, -0.938365399837, -0.913473248482, -0.944402515888, -0.890970468521, -0.854901611805],
        "stdev": [0.0802755728364, 0.0802411660552, 0.0822773948312, 0.0741663053632, 0.0494529716671, 0.0449508465827]
    },
    "spectral_contrast_valleys": {
        "max": [-5.71745586395, -4.75780534744, -5.42215681076, -5.48672866821, -5.68877887726, -8.30829048157],
        "mean": [-7.9064450264, -6.68570613861, -7.13284635544, -7.28123998642, -7.3948841095, -10.6831951141],
        "min": [-10.5714321136, -8.90150928497, -9.38891887665, -9.39869403839, -9.63465213776, -13.09623909],
        "stdev": [0.864330172539, 0.63695371151, 0.704008221626, 0.806542575359, 0.686349987984, 0.782522082329]
    }
},
"rhythm": {
    "beats_count": 100,
    "beats_loudness": {
        "max": 0.0672863349319,
        "mean": 0.0212609935552,
        "min": 0.000310764939059,
        "stdev": 0.0110535752028
    },
    "bpm": 123.512191772,
    "bpm_histogram_first_peak_bpm": 123,
    "bpm_histogram_first_peak_weight": 0.303030252457,
    "bpm_histogram_second_peak_bpm": 144,
    "bpm_histogram_second_peak_spread": 0.384615361691,
    "bpm_histogram_second_peak_weight": 0.0808080807328,
    "danceability": 0.976536870003,
    "onset_rate": 3.240234375,
    "beats_loudness_band_ratio": {
        "max": [0.459711194038, 0.562720477581, 0.883915185928, 0.646381795406, 0.633089244366, 0.930286228657],
        "mean": [0.0925473123789, 0.154463604093, 0.222886443138, 0.226302146912, 0.249268516898, 0.103036157787],
        "min": [0.000529327080585, 0.00223424704745, 0.0111588286236, 0.00520307337865, 0.017392475158, 0.00124298129231],
        "stdev": [0.109390743077, 0.139166980982, 0.158643081784, 0.163816288114, 0.166178628802, 0.118230849504]
    },
