{
"metadata": {
    "version": {
        "essentia": "2.1-beta5",
        "essentia_git_sha": "Undefined",
        "extractor": "music 2.0"
    },
    "audio_properties": {
        "analysis": {
            "equal_loudness": 0,
            "length": 48.7502937317,
            "sample_rate": 44100,
            "start_time": 110.236732483,
            "downmix": "mix"
        },
        "bit_rate": 192000,
        "length": 193.085540771,
        "lossless": 0,
        "number_channels": 1,
        "replay_gain": -8.67270469666,
        "sample_rate": 48000,
        "codec": "mp3",
        "md5_encoded": "249a9f3625262177cacd03482ddac456"
    },
    "tags": {
        "file_name": "Greece_Feggari Kalokerino_Yiannis Dimitras.mp3",
        "encoding": ["Lavf58.29.100"]
    }
},
"lowlevel": {
    "average_loudness": 0.765505075455,
    "barkbands_crest": {
        "max": 24.1266269684,
        "mean": 8.73047542572,
        "min": 2.65769481659,
        "stdev": 3.81339836121
    },
    "barkbands_flatness_db": {
        "max": 0.333804279566,
        "mean": 0.174963638186,
        "min": 0.0687108784914,
        "stdev": 0.0466817580163
    },
    "barkbands_kurtosis": {
        "max": 23.0508308411,
        "mean": 1.24712204933,
        "min": -1.83841621876,
        "stdev": 2.75810146332
    },
    "barkbands_skewness": {
        "max": 4.03150129318,
        "mean": 0.865038633347,
        "min": -1.62873995304,
        "stdev": 0.725925326347
    },
    "barkbands_spread": {
        "max": 68.2017364502,
        "mean": 16.3266105652,
        "min": 2.2694747448,
        "stdev": 8.28973960876
    },
    "dissonance": {
        "max": 0.499919772148,
        "mean": 0.451615333557,
        "min": 0.243626773357,
        "stdev": 0.0361457541585
    },
    "dynamic_complexity": 2.7534236908,
    "erbbands_crest": {
        "max": 31.0591506958,
        "mean": 9.93711662292,
        "min": 2.90613913536,
        "stdev": 4.74323368073
    },
    "erbbands_flatness_db": {
        "max": 0.407198697329,
        "mean": 0.238753780723,
        "min": 0.139442175627,
        "stdev": 0.0397123768926
    },
    "erbbands_kurtosis": {
        "max": 33.6648101807,
        "mean": 0.503785789013,
        "min": -1.84714925289,
        "stdev": 2.14347314835
    },
    "erbbands_skewness": {
        "max": 3.25811052322,
        "mean": 0.32616636157,
        "min": -2.57945203781,
        "stdev": 0.61804741621
    },
    "erbbands_spread": {
        "max": 83.5295562744,
        "mean": 24.7924518585,
        "min": 2.08449411392,
        "stdev": 10.4104394913
    },
    "hfc": {
        "max": 396.149993896,
        "mean": 19.1799545288,
        "min": 0.534047782421,
        "stdev": 22.3917369843
    },
    "loudness_ebu128": {
        "integrated": -18.8799381256,
        "loudness_range": 6.16423797607,
        "momentary": {
            "max": -9.69382953644,
            "mean": -19.9870853424,
            "min": -30.880109787,
            "stdev": 3.17354607582
        },
        "short_term": {
            "max": -14.9000558853,
            "mean": -19.6088523865,
            "min": -25.9683475494,
            "stdev": 2.52707028389
        }
    },
    "melbands_crest": {
        "max": 30.4790096283,
        "mean": 11.2749013901,
        "min": 3.68072390556,
        "stdev": 4.6541852951
    },
    "melbands_flatness_db": {
        "max": 0.406082898378,
        "mean": 0.201991423965,
        "min": 0.0642987787724,
        "stdev": 0.0630416870117
    },
    "melbands_kurtosis": {
        "max": 43.4859848022,
        "mean": 3.29260921478,
        "min": -1.58101940155,
        "stdev": 4.29192590714
    },
    "melbands_skewness": {
        "max": 5.18265199661,
        "mean": 1.33203792572,
        "min": -2.0069565773,
        "stdev": 0.805697739124
    },
    "melbands_spread": {
        "max": 150.444793701,
        "mean": 23.8927555084,
        "min": 3.09382748604,
        "stdev": 14.309170723
    },
    "pitch_salience": {
        "max": 0.87222892046,
        "mean": 0.570430874825,
        "min": 0.171643167734,
        "stdev": 0.097057685256
    },
    "silence_rate_20dB": {
        "max": 1,
        "mean": 0.995716333389,
        "min": 0,
        "stdev": 0.0653087422252
    },
    "silence_rate_30dB": {
        "max": 1,
        "mean": 0.989528775215,
        "min": 0,
        "stdev": 0.101790070534
    },
    "silence_rate_60dB": {
        "max": 1,
        "mean": 0.0314136110246,
        "min": 0,
        "stdev": 0.174434870481
    },
    "spectral_centroid": {
        "max": 4342.04248047,
        "mean": 1264.71362305,
        "min": 288.667236328,
        "stdev": 541.437927246
    },
    "spectral_complexity": {
        "max": 51,
        "mean": 19.5126132965,
        "min": 1,
        "stdev": 8.08448028564
    },
    "spectral_decrease": {
        "max": -1.83693379951e-10,
        "mean": -5.36264677109e-09,
        "min": -1.08350725725e-07,
        "stdev": 7.78072539731e-09
    },
    "spectral_energy": {
        "max": 0.430445879698,
        "mean": 0.0219795424491,
        "min": 0.00074334256351,
        "stdev": 0.0311514046043
    },
    "spectral_energyband_high": {
        "max": 0.0120571507141,
        "mean": 0.000342227460351,
        "min": 4.60581219386e-07,
        "stdev": 0.000899200793356
    },
    "spectral_energyband_low": {
        "max": 0.0141288395971,
        "mean": 0.00117824890185,
        "min": 2.73338878287e-06,
        "stdev": 0.00139174226206
    },
    "spectral_energyband_middle_high": {
        "max": 0.303033620119,
        "mean": 0.00781435705721,
        "min": 7.59525210015e-05,
        "stdev": 0.0130213340744
    },
    "spectral_energyband_middle_low": {
        "max": 0.398258388042,
        "mean": 0.0132323056459,
        "min": 0.000333609117661,
        "stdev": 0.0243349671364
    },
    "spectral_entropy": {
        "max": 8.24638175964,
        "mean": 7.23592996597,
        "min": 5.88088750839,
        "stdev": 0.405208110809
    },
    "spectral_flux": {
        "max": 0.621656894684,
        "mean": 0.0728168860078,
        "min": 0.00912042986602,
        "stdev": 0.0445587337017
    },
    "spectral_kurtosis": {
        "max": 55.2149734497,
        "mean": 6.4851064682,
        "min": -0.961015701294,
        "stdev": 6.65819120407
    },
    "spectral_rms": {
        "max": 0.0204926133156,
        "mean": 0.00420895963907,
        "min": 0.000851593969855,
        "stdev": 0.00193084287457
    },
    "spectral_rolloff": {
        "max": 7149.0234375,
        "mean": 1513.52502441,
        "min": 129.19921875,
        "stdev": 919.25402832
    },
    "spectral_skewness": {
        "max": 5.61640739441,
        "mean": 1.54265356064,
        "min": -0.600151479244,
        "stdev": 0.720469176769
    },
    "spectral_spread": {
        "max": 12403144,
        "mean": 2762383.5,
        "min": 1062313.75,
        "stdev": 754482.0625
    },
    "spectral_strongpeak": {
        "max": 15.988038063,
        "mean": 1.43167972565,
        "min": 0.0274106897414,
        "stdev": 1.37513566017
    },
    "zerocrossingrate": {
        "max": 0.23681640625,
        "mean": 0.0536976903677,
        "min": 0.00830078125,
        "stdev": 0.0250132922083
    },
    "barkbands": {
        "max": [0.000634723517578, 0.00596925802529, 0.00757470773533, 0.0328789316118, 0.192556172609, 0.223830655217, 0.133620023727, 0.238601893187, 0.0540562644601, 0.195992395282, 0.0307993944734, 0.105092294514, 0.0445874370635, 0.0187060590833, 0.0202433336526, 0.0140774706379, 0.00905742682517, 0.00729235354811, 0.0051933825016, 0.00185097323265, 0.00426204223186, 0.00624267430976, 0.00531015871093, 0.0013967739651, 0.000116990559036, 1.10195433081e-05, 4.1826970687e-07],
        "mean": [1.40206893775e-05, 0.000390633096686, 0.000430219981354, 0.0010901845526, 0.00258114794269, 0.00252101523802, 0.00270907394588, 0.00235297856852, 0.00151799118612, 0.00201956927776, 0.00090767146321, 0.00151869142428, 0.000768117199186, 0.000654510513414, 0.000492477847729, 0.000494676176459, 0.000469903810881, 0.000227663040278, 0.000378041149816, 0.000153915359988, 0.000105605897261, 9.5183007943e-05, 6.24125896138e-05, 2.26257816394e-05, 1.1246899021e-06, 1.33494495458e-07, 1.3559946499e-09],
        "min": [8.67101057622e-09, 4.74653177207e-07, 1.90262142041e-07, 1.52244342644e-06, 1.92170373339e-05, 1.07153891804e-06, 5.65573600397e-06, 2.72893976216e-06, 2.2839558369e-06, 3.85699513572e-06, 1.83251256658e-06, 2.7190246783e-06, 1.63767867889e-06, 8.86624548002e-07, 1.13657461043e-06, 1.82090695944e-06, 4.57167146806e-07, 2.13610590549e-07, 1.27182360643e-07, 1.70142200773e-07, 4.84075250995e-08, 7.03912306221e-08, 3.59782497128e-08, 2.40417037389e-08, 4.68651562002e-09, 2.61138416446e-10, 4.51865836415e-11],
        "stdev": [3.00558967865e-05, 0.000547935196664, 0.000668755441438, 0.00210001529194, 0.00660709524527, 0.0103983618319, 0.00652884785086, 0.00818993430585, 0.00381752802059, 0.00783746968955, 0.00195017189253, 0.00369247049093, 0.00198848336004, 0.00108077435289, 0.00109926867299, 0.00120140518993, 0.000805788498838, 0.00035280190059, 0.000501150614582, 0.000234833540162, 0.000240866953391, 0.00034863507608, 0.00030013275682, 8.67539492901e-05, 4.89155263494e-06, 5.40208930033e-07, 1.38678863948e-08]
    },
    "erbbands": {
        "max": [0.118055567145, 1.51454758644, 5.2397274971, 38.7679481506, 340.18081665, 786.609313965, 965.613342285, 2491.0625, 2143.59204102, 3076.00634766, 6189.65771484, 1440.12390137, 2119.80688477, 5692.59179688, 1214.12158203, 4010.28881836, 1118.03808594, 1197.28088379, 797.961242676, 767.833312988, 736.947814941, 652.928588867, 507.223449707, 198.972259521, 199.79888916, 95.4877548218, 149.979125977, 161.914718628, 278.530487061, 176.522491455, 121.908973694, 48.6439781189, 15.4501066208, 2.28042459488, 0.0721598342061, 0.0817995592952, 0.00819005072117, 0.000317291589454, 0.000232857215451, 0.000510821351781],
        "mean": [0.00734872603789, 0.102282069623, 0.455651581287, 2.01850342751, 7.55804109573, 7.75270032883, 8.51773357391, 24.9807128906, 37.7407569885, 42.0322647095, 54.5337371826, 33.2510528564, 52.40574646, 59.7881698608, 44.0330314636, 60.6839408875, 36.7386245728, 35.6881141663, 29.7043914795, 23.3226013184, 29.879945755, 25.9230728149, 14.3315134048, 18.2063426971, 15.4551839828, 7.18580341339, 4.64785766602, 3.60911417007, 3.71877908707, 2.4156126976, 1.70333075523, 0.762445509434, 0.219032660127, 0.0320985876024, 0.0012104427442, 0.000990937231109, 0.000124824146042, 9.46356885834e-06, 1.3039042642e-05, 2.64941754722e-05],
        "min": [7.47903231968e-06, 0.000146233593114, 0.0012298123911, 0.00403207261115, 0.00870841927826, 0.0736028254032, 0.0579741969705, 0.0603579729795, 0.0575398057699, 0.153659343719, 0.0838372334838, 0.185056403279, 0.335122346878, 0.286438524723, 0.23570998013, 0.119307465851, 0.196984738111, 0.10123821348, 0.0824306979775, 0.0932730287313, 0.109755158424, 0.0552866868675, 0.0146899493411, 0.0119664333761, 0.00765972305089, 0.0130552779883, 0.00265669589862, 0.00152022985276, 0.00268722046167, 0.00197511166334, 0.00120384350885, 0.00107330153696, 0.00013257212413, 6.32279407e-05, 4.05094360758e-05, 5.04400486534e-06, 8.19653109829e-07, 1.65998528701e-07, 4.08057161394e-07, 8.67887081313e-07],
        "stdev": [0.010923968628, 0.147384703159, 0.638177573681, 3.14549469948, 19.7022018433, 24.2207012177, 24.4602870941, 105.654205322, 104.276123047, 117.631614685, 199.995391846, 78.6372528076, 113.971244812, 224.407424927, 72.9342346191, 147.427383423, 75.1662902832, 63.2540550232, 59.0451049805, 45.4517707825, 61.8527336121, 45.6854286194, 22.3050556183, 24.5417308807, 21.008972168, 10.0277242661, 8.76093482971, 9.57600879669, 13.5951919556, 10.2816047668, 8.30691242218, 3.07427692413, 0.828669548035, 0.126242741942, 0.00427621789277, 0.00399637501687, 0.00044821613119, 2.27210530284e-05, 1.64910325111e-05, 3.58559191227e-05]
    },
    "gfcc": {
        "mean": [-48.1746788025, 150.27722168, -178.38079834, 30.052822113, -72.2241668701, -2.66648006439, -25.2384243011, -14.4244842529, -7.65677785873, -22.7971992493, 0.680023133755, -13.640378952, -3.76077318192],
        "cov": [[3619.6003418, -1169.07775879, -537.621582031, 471.919433594, -402.460754395, 184.429275513, -172.460998535, 56.8622055054, -34.0285186768, 155.919616699, 99.4836349487, 54.1571884155, -144.923049927], [-1169.07775879, 918.000549316, 177.453231812, -302.502990723, 341.362945557, -207.152069092, 97.9356689453, -40.3864440918, 47.0319023132, -111.586456299, -1.95743048191, -78.1371231079, 28.8720302582], [-537.621582031, 177.453231812, 396.041473389, 30.847486496, -3.90217995644, 53.1232376099, 26.26080513, 5.52779197693, -17.6836948395, -45.6985473633, -61.8323440552, -4.45182037354, 25.5924663544], [471.919433594, -302.502990723, 30.847486496, 338.61541748, -77.4550094604, 119.854286194, 0.0370325297117, 9.5282535553, -8.02936267853, 44.4902915955, -11.7527008057, 31.1455440521, -7.20269823074], [-402.460754395, 341.362945557, -3.90217995644, -77.4550094604, 266.760253906, -37.8855285645, 28.5518455505, 12.1834030151, 11.3708095551, -44.6589317322, 3.14450407028, -30.4329204559, 17.9113464355], [184.429275513, -207.152069092, 53.1232376099, 119.854286194, -37.8855285645, 208.243270874, 27.7852039337, 37.4118118286, -11.1045293808, 27.3601779938, -16.7744426727, 21.8083057404, -2.45898580551], [-172.460998535, 97.9356689453, 26.26080513, 0.0370325297117, 28.5518455505, 27.7852039337, 151.527297974, 19.1787967682, 12.3174371719, -14.0428590775, -8.27375888824, 1.58756709099, 5.424741745], [56.8622055054, -40.3864440918, 5.52779197693, 9.5282535553, 12.1834030151, 37.4118118286, 19.1787967682, 92.6642684937, 14.8335580826, 11.691904068, 5.19092035294, -4.06861448288, -5.18574428558], [-34.0285186768, 47.0319023132, -17.6836948395, -8.02936267853, 11.3708095551, -11.1045293808, 12.3174371719, 14.8335580826, 80.0643310547, 35.2941932678, 10.3875865936, -6.43643760681, -6.87198877335], [155.919616699, -111.586456299, -45.6985473633, 44.4902915955, -44.6589317322, 27.3601779938, -14.0428590775, 11.691904068, 35.2941932678, 100.312774658, 40.0452346802, 4.65974330902, -10.5736265182], [99.4836349487, -1.95743048191, -61.8323440552, -11.7527008057, 3.14450407028, -16.7744426727, -8.27375888824, 5.19092035294, 10.3875865936, 40.0452346802, 76.4585342407, 21.9166927338, -10.1345567703], [54.1571884155, -78.1371231079, -4.45182037354, 31.1455440521, -30.4329204559, 21.8083057404, 1.58756709099, -4.06861448288, -6.43643760681, 4.65974330902, 21.9166927338, 73.5675201416, 40.1811904907], [-144.923049927, 28.8720302582, 25.5924663544, -7.20269823074, 17.9113464355, -2.45898580551, 5.424741745, -5.18574428558, -6.87198877335, -10.5736265182, -10.1345567703, 40.1811904907, 82.7428894043]],
        "icov": [[0.000671507441439, 0.000112924957648, 0.000883950677235, -0.000749161466956, 0.00067161268089, -0.000266426504822, 0.000508139492013, -0.000441739655798, 0.000101677789644, 0.000541650108062, -0.000554779719096, 0.000181508381502, 0.000505378004164], [0.000112924957648, 0.0115478867665, -0.00668300176039, 0.00433725118637, -0.00996885448694, 0.00589730450884, -0.00555717293173, 0.0060462160036, -0.00663649244234, 0.00514838518575, -0.00829319097102, 0.00770500907674, -0.00296130334027], [0.000883950677235, -0.00668300176039, 0.00827534217387, -0.00377241126262, 0.00709693925455, -0.00459845596924, 0.0037988726981, -0.00429668510333, 0.00395312672481, -0.0011933388887, 0.00552919413894, -0.00368606159464, 0.00144399364945], [-0.000749161466956, 0.00433725118637, -0.00377241126262, 0.00680349674076, -0.00454014353454, 0.00100086629391, -0.00267202616669, 0.0030703835655, -0.0019092411967, -0.00100784853566, -0.000262374640442, 0.000109345288365, -5.89569790463e-05], [0.00067161268089, -0.00996885448694, 0.00709693925455, -0.00454014353454, 0.0150304632261, -0.00610734988004, 0.00494133355096, -0.00617111753672, 0.00396623695269, 0.000535984057933, 0.00225594965741, -0.00100865762215, -0.000917322351597], [-0.000266426504822, 0.00589730450884, -0.00459845596924, 0.00100086629391, -0.00610734988004, 0.0112258270383, -0.00439588585868, 0.000428879255196, -0.000692757428624, -0.00183496100362, 0.000520254834555, -0.000645906606223, 0.00104111572728], [0.000508139492013, -0.00555717293173, 0.0037988726981, -0.00267202616669, 0.00494133355096, -0.00439588585868, 0.010557288304, -0.00420653354377, 0.00136572180782, -0.000142097153002, 0.00329026160762, -0.00374435284175, 0.00158201367594], [-0.000441739655798, 0.0060462160036, -0.00429668510333, 0.0030703835655, -0.00617111753672, 0.000428879255196, -0.00420653354377, 0.0162215046585, -0.00595394009724, 0.0027672033757, -0.0061546145007, 0.00596324773505, -0.0024367060978], [0.000101677789644, -0.00663649244234, 0.00395312672481, -0.0019092411967, 0.00396623695269, -0.000692757428624, 0.00136572180782, -0.00595394009724, 0.0214620884508, -0.0124134505168, 0.00905182771385, -0.00708342064172, 0.00450773071498], [0.000541650108062, 0.00514838518575, -0.0011933388887, -0.00100784853566, 0.000535984057933, -0.00183496100362, -0.000142097153002, 0.0027672033757, -0.0124134505168, 0.0256596747786, -0.0187073592097, 0.0129753444344, -0.00689850002527], [-0.000554779719096, -0.00829319097102, 0.00552919413894, -0.000262374640442, 0.00225594965741, 0.000520254834555, 0.00329026160762, -0.0061546145007, 0.00905182771385, -0.0187073592097, 0.035911578685, -0.023588558659, 0.0133294379339], [0.000181508381502, 0.00770500907674, -0.00368606159464, 0.000109345288365, -0.00100865762215, -0.000645906606223, -0.00374435284175, 0.00596324773505, -0.00708342064172, 0.0129753444344, -0.023588558659, 0.0385942906141, -0.0209640040994], [0.000505378004164, -0.00296130334027, 0.00144399364945, -5.89569790463e-05, -0.000917322351597, 0.00104111572728, 0.00158201367594, -0.0024367060978, 0.00450773071498, -0.00689850002527, 0.0133294379339, -0.0209640040994, 0.024831302464]]
    },
    "melbands": {
        "max": [0.00137400487438, 0.00257715163752, 0.017554236576, 0.0316962264478, 0.0396279022098, 0.0514744631946, 0.0291760452092, 0.0276425778866, 0.0430145822465, 0.0101029202342, 0.0137154785916, 0.0270871855319, 0.00407710438594, 0.0158496387303, 0.00282161030918, 0.00485423300415, 0.00187871104572, 0.00128570816014, 0.00226856442168, 0.00120127969421, 0.000705427490175, 0.000672525842674, 0.000309300550725, 0.000387235544622, 0.00019791557861, 0.000276590784779, 0.000107009655039, 6.83103062329e-05, 6.49222856737e-05, 0.000130917527713, 7.80704431236e-05, 0.000196990731638, 0.000163414006238, 0.000121450168081, 9.56378062256e-05, 4.15816903114e-05, 2.45547489612e-05, 1.14993126772e-05, 5.8513642216e-06, 7.94470452092e-07],
        "mean": [8.54667086969e-05, 0.000213966748561, 0.000535925093573, 0.000564779038541, 0.000303362408886, 0.000559179636184, 0.000588403781876, 0.000469554128358, 0.000399578973884, 0.000210435158806, 0.000270806485787, 0.000255294842646, 0.000128946718178, 0.000184977441677, 0.00010601147369, 7.73555439082e-05, 6.39663994662e-05, 4.84781921841e-05, 3.47691493516e-05, 3.11392905132e-05, 3.55755146302e-05, 2.8570948416e-05, 1.61622683663e-05, 1.06816423795e-05, 1.56600108312e-05, 1.26703353089e-05, 8.30262797535e-06, 3.85536895919e-06, 2.6809625524e-06, 2.76109130937e-06, 1.81105463071e-06, 2.28055500884e-06, 1.60649312875e-06, 1.26262921185e-06, 1.09282871108e-06, 6.93231584137e-07, 3.52605439957e-07, 1.65467724855e-07, 7.39188763532e-08, 8.81942785469e-09],
        "min": [9.72727036697e-08, 5.18379522418e-07, 7.40458631299e-07, 2.37048038798e-06, 9.74919771579e-07, 1.3346968899e-06, 1.01829425603e-06, 1.3790037201e-06, 5.0292578635e-07, 2.86467724209e-07, 1.3964986465e-06, 6.70045778861e-07, 5.62509740121e-07, 4.13678890254e-07, 2.48353217103e-07, 1.84559112881e-07, 1.03114032868e-07, 7.19493655765e-08, 7.7309316282e-08, 1.34292676535e-07, 3.90034351483e-08, 2.92938757696e-08, 8.67555183248e-09, 6.65929089649e-09, 7.53278150967e-09, 6.38987573964e-09, 6.50230047583e-09, 6.42179243115e-09, 1.13861364781e-09, 8.97733720695e-10, 6.37745356524e-10, 8.06457678415e-10, 1.283634532e-09, 6.06037886541e-10, 4.82059170359e-10, 6.57865539822e-10, 4.67319238862e-10, 1.88311120169e-11, 3.65982591455e-11, 2.16942817877e-11],
        "stdev": [0.000115929920867, 0.000282249908196, 0.00106281181797, 0.00138857390266, 0.000967756088357, 0.00233202334493, 0.00155232881662, 0.00126324733719, 0.00139915908221, 0.000551550416276, 0.000660439429339, 0.00105932587758, 0.000228411969147, 0.000519730441738, 0.000220670772251, 0.000210796220927, 0.000114903901704, 0.000100295714219, 8.65208930918e-05, 8.60651707626e-05, 6.89537046128e-05, 5.23732123838e-05, 2.66240076598e-05, 1.76682387973e-05, 2.29277047765e-05, 1.85934768524e-05, 1.27484790937e-05, 6.17317982687e-06, 4.78867832499e-06, 7.08394281901e-06, 5.14014891451e-06, 8.12288544694e-06, 7.16667727829e-06, 5.79644347454e-06, 5.74321347813e-06, 3.02825856124e-06, 1.36283438223e-06, 6.23830601398e-07, 3.02376776062e-07, 3.70533470573e-08]
    },
    "melbands128": {
        "max": [0.000588194001466, 0.00101598084439, 0.00185062119272, 0.0029920488596, 0.00271549937315, 0.00488346954808, 0.00625342363492, 0.0253513418138, 0.0472656339407, 0.0529636032879, 0.0489196516573, 0.0683202371001, 0.0375376567245, 0.00498895021155, 0.0486532524228, 0.102397188544, 0.0694404691458, 0.024984145537, 0.0456274040043, 0.0547686703503, 0.0298302099109, 0.0881063267589, 0.0488649979234, 0.0114770168439, 0.00757634732872, 0.020806780085, 0.0185428168625, 0.00694700423628, 0.036429066211, 0.0650979727507, 0.00800954923034, 0.00873495172709, 0.00575940078124, 0.00700799981132, 0.0111669823527, 0.0319151058793, 0.00392363453284, 0.00567227322608, 0.00388556742109, 0.00376923731528, 0.00960819330066, 0.00677695171908, 0.00352294114418, 0.00254438375123, 0.0022627809085, 0.00288494233973, 0.00319495005533, 0.00448813056573, 0.00168633135036, 0.00123961968347, 0.00222255825065, 0.00319265830331, 0.00161074812058, 0.000943150720559, 0.00173223402817, 0.000867791473866, 0.00136612344068, 0.000539400090929, 0.000406915001804, 0.00113368837629, 0.00050102401292, 0.000298362399917, 0.000307342415908, 0.000299660896417, 0.000417266361183, 0.000491673068609, 0.000271640456049, 0.000185677679838, 0.000184534481377, 8.29577547847e-05, 0.000146671140101, 6.62417514832e-05, 0.000106349689304, 6.7207365646e-05, 0.000230054865824, 0.000147930622916, 0.000178634261829, 0.000112190784421, 8.6623862444e-05, 0.000108510903374, 0.000220948495553, 0.000273036246654, 0.000207049946766, 0.000201354429009, 0.00011802915833, 0.000102066383988, 0.000153069966473, 0.000242629947024, 0.000133726251079, 8.27538751764e-05, 7.44428907637e-05, 5.00631285831e-05, 4.28259263572e-05, 3.01770705846e-05, 1.8528146029e-05, 1.10048422357e-05, 1.13231881187e-05, 1.39461662911e-05, 5.00869464304e-06, 5.79436073167e-06, 9.83461973192e-07, 1.60782622771e-08, 6.70075284148e-09, 8.44147596268e-09, 4.09430667148e-09, 4.3546273254e-09, 2.2446673853e-08, 2.11306655729e-07, 1.67505135096e-07, 2.01810294698e-07, 5.13723747986e-08, 2.51781884231e-08, 1.10451106039e-08, 4.47218040378e-09, 2.16919060492e-09, 2.08877781738e-09, 2.02199124111e-09, 1.9636516857e-09, 1.90578131054e-09, 1.85706494626e-09, 1.80698944696e-09, 1.76479320046e-09, 1.72555680855e-09, 1.70078595652e-09, 1.67536617912e-09, 1.6532710756e-09, 1.63965097055e-09, 1.62981195206e-09],
        "mean": [1.11886520244e-05, 4.90100028401e-05, 9.41735415836e-05, 0.000195363420062, 0.000213820312638, 0.000218523244257, 0.000313867058139, 0.000660065154079, 0.000867450551596, 0.000551829813048, 0.000402199715609, 0.000343143095961, 0.000279846892226, 0.000227467797231, 0.000469486869406, 0.000869781593792, 0.000683842867147, 0.00048731957213, 0.000523548922502, 0.000486439501401, 0.000364500359865, 0.000637745019048, 0.000411404093029, 0.00017804359959, 0.000164796263562, 0.000233839207795, 0.000286308903014, 0.000230918449233, 0.000290666939691, 0.000368761713617, 0.000197381930775, 0.000130272674141, 0.000115272843686, 0.00012927458738, 0.000186064047739, 0.000219486508286, 0.000154042179929, 0.000106666411739, 7.08820662112e-05, 6.9450448791e-05, 8.74601246323e-05, 7.76521774242e-05, 5.4640298913e-05, 7.15130299795e-05, 4.61677154817e-05, 4.75369124615e-05, 4.60279698018e-05, 3.53609466401e-05, 2.70000346063e-05, 3.09625647787e-05, 2.88288101729e-05, 3.56234850187e-05, 4.23805940954e-05, 2.76705213764e-05, 3.67054562957e-05, 2.70768759947e-05, 2.76656264759e-05, 1.59012179211e-05, 1.35736336233e-05, 1.26130626086e-05, 8.96009441931e-06, 1.00760889836e-05, 1.60175659403e-05, 1.6051255443e-05, 1.65614128491e-05, 1.10810860861e-05, 1.35633254104e-05, 9.22053186514e-06, 7.85026895755e-06, 4.9215400395e-06, 4.73489490105e-06, 2.59390822066e-06, 2.20604397327e-06, 2.80727158497e-06, 2.95829909192e-06, 3.29945373778e-06, 2.36532196141e-06, 2.04594471143e-06, 1.62349112998e-06, 1.51827259742e-06, 2.77908702628e-06, 2.32463798966e-06, 1.81833331681e-06, 1.60993931786e-06, 1.41639191042e-06, 1.07464029497e-06, 1.31649869672e-06, 1.40684858252e-06, 1.13510361643e-06, 8.31554359593e-07, 6.92450100814e-07, 7.22240827145e-07, 5.92374135522e-07, 3.20001220189e-07, 2.35220156242e-07, 1.74975014033e-07, 1.69127858385e-07, 1.19231430062e-07, 8.1580211031e-08, 4.87158402507e-08, 1.72837140155e-08, 1.55853455142e-10, 3.85720379248e-11, 1.86683044023e-10, 1.32960378818e-10, 2.56082290789e-11, 3.38921113396e-10, 2.22133866856e-09, 2.49394993546e-09, 1.56770485482e-09, 8.60330640062e-10, 2.75301642594e-10, 1.61804569743e-10, 5.43578376755e-11, 1.61072752358e-11, 1.14083343467e-11, 8.12554017127e-12, 6.55312349523e-12, 6.21830625186e-12, 5.86470151956e-12, 5.71936031521e-12, 5.54955994353e-12, 5.49003377481e-12, 5.25912560029e-12, 5.03153898754e-12, 4.77227328835e-12, 4.65953881382e-12, 4.62317900976e-12],
        "min": [6.01014260582e-09, 4.23547952266e-09, 9.88810171521e-08, 2.54431569147e-07, 6.91592489943e-08, 1.26893752395e-07, 3.83447087415e-07, 7.00137661624e-07, 4.21356020297e-07, 1.40367092172e-06, 1.73499927314e-07, 3.70577595277e-07, 4.22742687078e-07, 1.29941525984e-07, 1.74773362005e-07, 3.28244084358e-07, 5.9898593463e-07, 1.49868313315e-07, 5.29111275682e-07, 4.78276092508e-07, 1.43062294455e-07, 5.02776572375e-07, 3.38728028737e-07, 1.06461989446e-07, 7.89943612745e-08, 7.77680355668e-08, 1.01578955025e-07, 2.72263577017e-07, 1.57508338816e-07, 3.45708940586e-07, 1.57591813377e-07, 9.04262051904e-08, 1.30932704678e-08, 1.26239669385e-07, 1.59409523803e-07, 2.23844097036e-07, 7.45454826756e-08, 5.6286477701e-08, 7.38680228096e-09, 6.38319832547e-08, 9.55065289077e-08, 3.48265380978e-08, 1.8494761278e-08, 4.49004478043e-09, 1.36725901712e-08, 6.22917672999e-09, 1.35356597042e-08, 1.86850233064e-08, 4.00931128297e-08, 2.58749324189e-08, 3.39938068805e-08, 1.24488179765e-08, 3.1387905608e-08, 2.73699463094e-08, 1.13543974223e-08, 5.16025755459e-09, 3.0666320594e-09, 1.11909477241e-08, 1.67653435579e-09, 1.3292805745e-09, 4.98864372034e-09, 9.9782084817e-09, 1.74534708908e-09, 9.344521823e-10, 3.89232734932e-09, 3.37347172419e-09, 4.32653246563e-09, 1.13370612898e-09, 8.60714166606e-10, 6.67855415415e-09, 4.27227497823e-09, 7.03945457481e-10, 5.41802824827e-10, 5.50499923424e-10, 4.94248419969e-10, 4.7921572266e-10, 4.37537728271e-10, 4.85767537306e-10, 3.00760055749e-10, 3.81091297408e-10, 2.21137996803e-10, 4.59147136977e-10, 1.06709141523e-09, 7.25057291984e-10, 3.16081272267e-10, 1.61058180681e-10, 2.36914238227e-10, 2.54582299686e-10, 2.31185889876e-10, 3.45158013282e-10, 2.06496181265e-10, 1.39803918442e-10, 1.32691496679e-10, 4.7709270562e-11, 6.02006899192e-12, 2.31619671359e-12, 3.80189803251e-12, 1.15618981403e-11, 2.86811178106e-12, 1.25749636398e-11, 6.38863582262e-13, 6.24325949012e-13, 4.78590799803e-13, 4.03059828352e-13, 3.55952219739e-13, 2.18367465494e-13, 2.19103950478e-13, 2.70938653457e-13, 5.37976184867e-13, 3.21796029493e-13, 6.1289666918e-13, 3.41735808488e-13, 4.6661659996e-13, 2.4490655272e-13, 1.50917459411e-13, 1.11680731666e-13, 1.48652140944e-13, 1.29006058765e-13, 1.32630763468e-13, 1.41984704159e-13, 1.42434783586e-13, 1.22001882338e-13, 1.25483729852e-13, 1.44426232584e-13, 1.01081137547e-13, 3.40653510446e-14, 3.97389742369e-15, 1.00754370553e-16],
        "stdev": [2.54866954492e-05, 8.96522033145e-05, 0.000140478208777, 0.00030719692586, 0.00033402533154, 0.000359766796464, 0.000495329964906, 0.0014532096684, 0.00263220001943, 0.00167888496071, 0.00150989857502, 0.00161884643603, 0.000966861553025, 0.000469293212518, 0.00184726156294, 0.00499461730942, 0.00269834930077, 0.00152868742589, 0.00179209758062, 0.0019106680993, 0.00117193011101, 0.00296328100376, 0.00160162628163, 0.000618442194536, 0.000523654685821, 0.000952163420152, 0.000993160996586, 0.00048793447786, 0.00134266621899, 0.00241564773023, 0.00056380755268, 0.000418079900555, 0.000254569284152, 0.000375181582058, 0.000454034627182, 0.00100605899934, 0.000368073699065, 0.000352180912159, 0.000201880204258, 0.000215452600969, 0.000379153847462, 0.000251771009061, 0.000117851719551, 0.000189325961401, 0.000127546663862, 0.000154250519699, 0.000150590858539, 0.00014836837363, 7.83651485108e-05, 8.27560506877e-05, 0.000122569777886, 0.000165126824868, 0.000114177149953, 5.70685297134e-05, 9.45092542679e-05, 6.6480897658e-05, 7.47802187107e-05, 3.63728540833e-05, 2.92426702799e-05, 3.60621015716e-05, 2.31730045925e-05, 1.8446611648e-05, 3.02064981952e-05, 2.97853548545e-05, 3.16540244967e-05, 2.37218791881e-05, 2.50428456638e-05, 1.85301614692e-05, 1.67503276316e-05, 7.92255013948e-06, 1.07410078272e-05, 5.26958820046e-06, 5.04791069034e-06, 5.53826521354e-06, 8.31086890685e-06, 8.91695162863e-06, 7.77824880061e-06, 5.70059592064e-06, 5.37510322829e-06, 5.25368614035e-06, 8.86292946234e-06, 1.03193415271e-05, 8.24809922051e-06, 8.74542820384e-06, 6.09932112638e-06, 4.78282117911e-06, 6.44302008368e-06, 8.77564980328e-06, 6.55304529573e-06, 4.31974194726e-06, 3.46688057107e-06, 3.20381468555e-06, 2.56763951256e-06, 1.29220393319e-06, 9.15208943297e-07, 6.85561019509e-07, 6.45772104235e-07, 5.82521352044e-07, 3.0925741612e-07, 2.30307051652e-07, 6.64313191123e-08, 6.02044414322e-10, 2.04517319746e-10, 2.37851821572e-10, 1.67164337928e-10, 1.53567034089e-10, 1.31095678757e-09, 9.82149828133e-09, 1.0038359477e-08, 8.03903166258e-09, 3.39598438259e-09, 1.22455012797e-09, 6.7009475746e-10, 2.22928245308e-10, 8.87828768836e-11, 7.62744450933e-11, 6.87393891807e-11, 6.74793970701e-11, 6.43006620171e-11, 6.14709186331e-11, 6.01807492728e-11, 5.83814246946e-11, 5.73927606828e-11, 5.58663913741e-11, 5.47398341932e-11, 5.38838834663e-11, 5.34177702072e-11, 5.30938036591e-11]
    },
    "mfcc": {
        "mean": [-664.002075195, 157.87550354, -38.9096984863, 20.9691448212, -21.7906856537, 4.49657869339, -14.0531702042, 8.62463855743, -14.9132318497, 2.84561228752, -9.87802219391, -0.295057415962, -5.28889608383],
        "cov": [[4486.08203125, -1721.1340332, -203.15296936, -15.6639356613, -121.030090332, 20.318353653, -29.7984256744, -85.5874099731, -156.970825195, -20.0588054657, 112.36781311, 202.948699951, 16.8095798492], [-1721.1340332, 1350.19897461, -176.833297729, 8.25719833374, 117.371826172, -115.078727722, 9.23600292206, 30.4251155853, 23.1087646484, 19.2494125366, -14.6907072067, -86.8967819214, -11.7744951248], [-203.15296936, -176.833297729, 438.797485352, 26.0710811615, -30.1739082336, 71.302734375, 9.60496139526, 27.1165237427, 48.6113929749, -5.50751161575, -35.2140808105, -24.7044258118, 2.42076873779], [-15.6639356613, 8.25719833374, 26.0710811615, 172.639404297, 11.5538434982, 30.3190536499, 3.23831963539, 9.83939647675, 14.9143390656, 0.911577224731, -25.6564273834, 1.07074868679, 14.4818687439], [-121.030090332, 117.371826172, -30.1739082336, 11.5538434982, 183.128250122, -4.04629516602, 15.1198654175, 2.47352766991, 10.5789299011, 4.69374465942, -4.40847206116, -17.8932437897, 3.03378844261], [20.318353653, -115.078727722, 71.302734375, 30.3190536499, -4.04629516602, 141.87979126, 30.465215683, 25.9710502625, 25.369058609, 7.72296524048, -10.7692947388, 11.427324295, 1.97648441792], [-29.7984256744, 9.23600292206, 9.60496139526, 3.23831963539, 15.1198654175, 30.465215683, 110.670852661, 42.924282074, 21.3562755585, 6.71657037735, 1.12256681919, -1.00683522224, 7.2971739769], [-85.5874099731, 30.4251155853, 27.1165237427, 9.83939647675, 2.47352766991, 25.9710502625, 42.924282074, 103.894432068, 34.1989059448, 3.84118485451, -15.2209815979, -6.89382171631, 0.150587052107], [-156.970825195, 23.1087646484, 48.6113929749, 14.9143390656, 10.5789299011, 25.369058609, 21.3562755585, 34.1989059448, 93.3865432739, 19.5963363647, -17.7613697052, -13.4035043716, 9.28227329254], [-20.0588054657, 19.2494125366, -5.50751161575, 0.911577224731, 4.69374465942, 7.72296524048, 6.71657037735, 3.84118485451, 19.5963363647, 85.7701568604, 31.5985221863, 7.5473856926, -7.18773794174], [112.36781311, -14.6907072067, -35.2140808105, -25.6564273834, -4.40847206116, -10.7692947388, 1.12256681919, -15.2209815979, -17.7613697052, 31.5985221863, 109.951255798, 48.0733718872, -15.7438316345], [202.948699951, -86.8967819214, -24.7044258118, 1.07074868679, -17.8932437897, 11.427324295, -1.00683522224, -6.89382171631, -13.4035043716, 7.5473856926, 48.0733718872, 94.8244476318, 18.7278499603], [16.8095798492, -11.7744951248, 2.42076873779, 14.4818687439, 3.03378844261, 1.97648441792, 7.2971739769, 0.150587052107, 9.28227329254, -7.18773794174, -15.7438316345, 18.7278499603, 82.1188583374]],
        "icov": [[0.000587091664784, 0.000824587827083, 0.000478110567201, -0.000163521559443, -9.49067907641e-05, 0.000345965498127, -7.51594343456e-05, -0.00011579002603, 0.000481794617372, -6.54579416732e-05, -0.00013094212045, -0.000303345848806, -1.24327209505e-06], [0.000824587827083, 0.00210504769348, 0.00100858509541, -0.000397962256102, -0.000555133388843, 0.0011518956162, -0.000114211710752, -0.000548363721464, 0.000431886204751, -0.00025647127768, -0.000367398402886, 0.000426726124715, -6.15962926531e-05], [0.000478110567201, 0.00100858509541, 0.00320677785203, -0.000309981609462, 0.000303112174151, -0.000711034459528, 0.000206475189771, -0.000334165728418, -0.000778956222348, 0.000265019742073, -5.7367815316e-05, 0.000774675223511, -8.13627921161e-05], [-0.000163521559443, -0.000397962256102, -0.000309981609462, 0.00643798243254, -0.00036708463449, -0.00130631099455, 0.00036064098822, -2.98287777696e-05, -0.000355133088306, -0.000456651789136, 0.00172113522422, -0.000843449961394, -0.000614291115198], [-9.49067907641e-05, -0.000555133388843, 0.000303112174151, -0.00036708463449, 0.00602365797386, -0.000265838491032, -0.000788283592556, 0.000514155894052, -0.000591001764406, -2.46902873187e-05, -0.000312285003019, 0.00113190803677, -0.000404772057664], [0.000345965498127, 0.0011518956162, -0.000711034459528, -0.00130631099455, -0.000265838491032, 0.00961602013558, -0.00202749925666, -0.000937202596106, -0.000884242064785, -0.000844818365294, 0.00122919003479, -0.0020388585981, 0.00103258015588], [-7.51594343456e-05, -0.000114211710752, 0.000206475189771, 0.00036064098822, -0.000788283592556, -0.00202749925666, 0.011580186896, -0.00429414212704, -0.000707858067472, 2.89720483124e-05, -0.00146672781557, 0.000935101299547, -0.00142582028639], [-0.00011579002603, -0.000548363721464, -0.000334165728418, -2.98287777696e-05, 0.000514155894052, -0.000937202596106, -0.00429414212704, 0.0130934063345, -0.00348202697933, 0.000259083812125, 0.00160083826631, -0.000791477737948, 0.00122500339057], [0.000481794617372, 0.000431886204751, -0.000778956222348, -0.000355133088306, -0.000591001764406, -0.000884242064785, -0.000707858067472, -0.00348202697933, 0.0150519525632, -0.00395180936903, 0.00156329385936, 0.000903647858649, -0.00179235974792], [-6.54579416732e-05, -0.00025647127768, 0.000265019742073, -0.000456651789136, -2.46902873187e-05, -0.000844818365294, 2.89720483124e-05, 0.000259083812125, -0.00395180936903, 0.0145628694445, -0.0051565496251, 0.000873375101946, 0.000601103703957], [-0.00013094212045, -0.000367398402886, -5.7367815316e-05, 0.00172113522422, -0.000312285003019, 0.00122919003479, -0.00146672781557, 0.00160083826631, 0.00156329385936, -0.0051565496251, 0.015933604911, -0.00846080295742, 0.0041379337199], [-0.000303345848806, 0.000426726124715, 0.000774675223511, -0.000843449961394, 0.00113190803677, -0.0020388585981, 0.000935101299547, -0.000791477737948, 0.000903647858649, 0.000873375101946, -0.00846080295742, 0.0176422838122, -0.0054964646697], [-1.24327209505e-06, -6.15962926531e-05, -8.13627921161e-05, -0.000614291115198, -0.000404772057664, 0.00103258015588, -0.00142582028639, 0.00122500339057, -0.00179235974792, 0.000601103703957, 0.0041379337199, -0.0054964646697, 0.0146962273866]]
    },
    "spectral_contrast_coeffs": {
        "max": [-0.279198527336, -0.318791151047, -0.435984730721, -0.590866982937, -0.595401525497, -0.473704814911],
        "mean": [-0.673747599125, -0.729431211948, -0.711875736713, -0.760929048061, -0.751949071884, -0.671873211861],
        "min": [-0.863981962204, -0.907499730587, -0.875809431076, -0.874515891075, -0.874811649323, -0.858008980751],
        "stdev": [0.0790451318026, 0.0728858336806, 0.0579541325569, 0.0445034764707, 0.0390366651118, 0.044441472739]
    },
    "spectral_contrast_valleys": {
        "max": [-5.18355607986, -4.95021629333, -5.62847423553, -5.70100164413, -5.90670490265, -8.89381790161],
        "mean": [-7.24339199066, -6.49793815613, -7.13699960709, -7.65358543396, -7.9778418541, -12.1048965454],
        "min": [-9.51941490173, -8.81964969635, -9.13434886932, -9.89134216309, -10.9340829849, -14.4767999649],
        "stdev": [0.628987371922, 0.58720099926, 0.626225709915, 0.711635947227, 0.885258495808, 1.05857384205]
    }
},
"rhythm": {
    "beats_count": 104,
    "beats_loudness": {
        "max": 0.415125340223,
        "mean": 0.0309385340661,
        "min": 0.00163315795362,
        "stdev": 0.0521693006158
    },
    "bpm": 184.570343018,
    "bpm_histogram_first_peak_bpm": 185,
    "bpm_histogram_first_peak_weight": 0,
    "bpm_histogram_second_peak_bpm": 178,
    "bpm_histogram_second_peak_spread": 0,
    "bpm_histogram_second_peak_weight": 0.135922327638,
    "danceability": 1.15410971642,
    "onset_rate": 2.7890625,
    "beats_loudness_band_ratio": {
        "max": [0.682753264904, 0.778152346611, 0.79193007946, 0.914262235165, 0.32766982913, 0.495976686478],
        "mean": [0.170140117407, 0.2044518888, 0.322805553675, 0.242690354586, 0.0864901617169, 0.0448226965964],
        "min": [0.00543435895815, 0.0162821207196, 0.020725119859, 0.0241892412305, 0.00479874154553, 0.000712015898898],
        "stdev": [0.148053392768, 0.152650803328, 0.176915213466, 0.165869042277, 0.0664876699448, 0.0626931712031]
    },
