{
"metadata": {
    "version": {
        "essentia": "2.1-beta5",
        "essentia_git_sha": "Undefined",
        "extractor": "music 2.0"
    },
    "audio_properties": {
        "analysis": {
            "equal_loudness": 0,
            "length": 32.4963264465,
            "sample_rate": 44100,
            "start_time": 12.7477550507,
            "downmix": "mix"
        },
        "bit_rate": 192000,
        "length": 168.007995605,
        "lossless": 0,
        "number_channels": 2,
        "replay_gain": -4.28415870667,
        "sample_rate": 48000,
        "codec": "mp3",
        "md5_encoded": "024c732e251b383f84be53ca320d8362"
    },
    "tags": {
        "file_name": "Luxembourg_C_est Peut-être Pas L_Amérique_Jean-Claude Pascal.mp3",
        "encoding": ["Lavf58.29.100"]
    }
},
"lowlevel": {
    "average_loudness": 0.842727720737,
    "barkbands_crest": {
        "max": 23.1029453278,
        "mean": 9.58290195465,
        "min": 3.34887862206,
        "stdev": 3.42029833794
    },
    "barkbands_flatness_db": {
        "max": 0.355013102293,
        "mean": 0.236727491021,
        "min": 0.0949763283134,
        "stdev": 0.0444035790861
    },
    "barkbands_kurtosis": {
        "max": 34.7506980896,
        "mean": 4.18171453476,
        "min": -1.78213906288,
        "stdev": 4.25747728348
    },
    "barkbands_skewness": {
        "max": 5.13672637939,
        "mean": 1.52880513668,
        "min": -0.739423334599,
        "stdev": 0.783527612686
    },
    "barkbands_spread": {
        "max": 66.5941009521,
        "mean": 10.8344316483,
        "min": 1.74415397644,
        "stdev": 7.14071655273
    },
    "dissonance": {
        "max": 0.499219983816,
        "mean": 0.43818461895,
        "min": 0.15663293004,
        "stdev": 0.0407857783139
    },
    "dynamic_complexity": 4.42562913895,
    "erbbands_crest": {
        "max": 29.4212474823,
        "mean": 10.571521759,
        "min": 2.95006227493,
        "stdev": 4.73051071167
    },
    "erbbands_flatness_db": {
        "max": 0.377203404903,
        "mean": 0.250763833523,
        "min": 0.139731317759,
        "stdev": 0.0447862781584
    },
    "erbbands_kurtosis": {
        "max": 14.3238830566,
        "mean": 0.725254297256,
        "min": -1.70914161205,
        "stdev": 2.028850317
    },
    "erbbands_skewness": {
        "max": 3.11166739464,
        "mean": 0.660196661949,
        "min": -2.28100204468,
        "stdev": 0.6804240942
    },
    "erbbands_spread": {
        "max": 86.5048446655,
        "mean": 26.6251888275,
        "min": 5.04328298569,
        "stdev": 14.096824646
    },
    "hfc": {
        "max": 66.9332351685,
        "mean": 10.4377422333,
        "min": 0.110588654876,
        "stdev": 11.5041017532
    },
    "loudness_ebu128": {
        "integrated": -20.9734382629,
        "loudness_range": 5.64078712463,
        "momentary": {
            "max": -15.9934139252,
            "mean": -23.0163173676,
            "min": -36.1661987305,
            "stdev": 4.50042390823
        },
        "short_term": {
            "max": -18.1080951691,
            "mean": -21.9347572327,
            "min": -33.8691940308,
            "stdev": 2.57509589195
        }
    },
    "melbands_crest": {
        "max": 27.7227973938,
        "mean": 13.1618413925,
        "min": 5.15860557556,
        "stdev": 4.24555873871
    },
    "melbands_flatness_db": {
        "max": 0.465007722378,
        "mean": 0.29668623209,
        "min": 0.0710901767015,
        "stdev": 0.0675954148173
    },
    "melbands_kurtosis": {
        "max": 87.8532180786,
        "mean": 9.00702571869,
        "min": -1.46031737328,
        "stdev": 9.02104091644
    },
    "melbands_skewness": {
        "max": 7.63581705093,
        "mean": 2.12368440628,
        "min": -0.475390762091,
        "stdev": 1.08827698231
    },
    "melbands_spread": {
        "max": 90.0444717407,
        "mean": 12.3204488754,
        "min": 1.83803224564,
        "stdev": 8.47675037384
    },
    "pitch_salience": {
        "max": 0.876965820789,
        "mean": 0.590213894844,
        "min": 0.249380663037,
        "stdev": 0.0974578633904
    },
    "silence_rate_20dB": {
        "max": 1,
        "mean": 1,
        "min": 1,
        "stdev": 0
    },
    "silence_rate_30dB": {
        "max": 1,
        "mean": 1,
        "min": 1,
        "stdev": 0
    },
    "silence_rate_60dB": {
        "max": 1,
        "mean": 0.128479659557,
        "min": 0,
        "stdev": 0.334626883268
    },
    "spectral_centroid": {
        "max": 3657.85766602,
        "mean": 723.679931641,
        "min": 237.745803833,
        "stdev": 408.269927979
    },
    "spectral_complexity": {
        "max": 36,
        "mean": 11.8429689407,
        "min": 0,
        "stdev": 5.4831829071
    },
    "spectral_decrease": {
        "max": -5.41051856096e-11,
        "mean": -4.93736607154e-09,
        "min": -2.51146818897e-08,
        "stdev": 4.57128024323e-09
    },
    "spectral_energy": {
        "max": 0.0971229374409,
        "mean": 0.0195815134794,
        "min": 0.000214235682506,
        "stdev": 0.0182073954493
    },
    "spectral_energyband_high": {
        "max": 0.00412660511211,
        "mean": 6.86206767568e-05,
        "min": 5.15399136702e-08,
        "stdev": 0.000237700456637
    },
    "spectral_energyband_low": {
        "max": 0.0480359531939,
        "mean": 0.00382177042775,
        "min": 2.31287303905e-05,
        "stdev": 0.00437904568389
    },
    "spectral_energyband_middle_high": {
        "max": 0.0289843510836,
        "mean": 0.00259976903908,
        "min": 1.25350325106e-05,
        "stdev": 0.00372202275321
    },
    "spectral_energyband_middle_low": {
        "max": 0.0880918800831,
        "mean": 0.0138996746391,
        "min": 0.000162923592143,
        "stdev": 0.014590119943
    },
    "spectral_entropy": {
        "max": 8.26143932343,
        "mean": 6.81544065475,
        "min": 5.8248872757,
        "stdev": 0.452376693487
    },
    "spectral_flux": {
        "max": 0.290050804615,
        "mean": 0.0604647323489,
        "min": 0.0043484303169,
        "stdev": 0.0400421507657
    },
    "spectral_kurtosis": {
        "max": 97.1172180176,
        "mean": 13.6674957275,
        "min": -0.710821628571,
        "stdev": 14.8710451126
    },
    "spectral_rms": {
        "max": 0.00973417051136,
        "mean": 0.00391581142321,
        "min": 0.000457176589407,
        "stdev": 0.00194172584452
    },
    "spectral_rolloff": {
        "max": 5620.16601562,
        "mean": 761.777770996,
        "min": 107.666015625,
        "stdev": 605.694885254
    },
    "spectral_skewness": {
        "max": 7.48975563049,
        "mean": 2.26595258713,
        "min": -0.257957607508,
        "stdev": 1.24176084995
    },
    "spectral_spread": {
        "max": 25748976,
        "mean": 2471567.25,
        "min": 655618.625,
        "stdev": 1162481.25
    },
    "spectral_strongpeak": {
        "max": 6.015625,
        "mean": 0.997097849846,
        "min": 0,
        "stdev": 1.16998744011
    },
    "zerocrossingrate": {
        "max": 0.16162109375,
        "mean": 0.0303145628422,
        "min": 0.0068359375,
        "stdev": 0.0156917870045
    },
    "barkbands": {
        "max": [0.000713427551091, 0.0225891545415, 0.0316927060485, 0.0641637220979, 0.059733569622, 0.0550911165774, 0.052622705698, 0.067215077579, 0.0491531454027, 0.0176383908838, 0.024871211499, 0.0241663958877, 0.017937457189, 0.0128559209406, 0.004634141922, 0.00620670896024, 0.00307887792587, 0.0018420034321, 0.00313029112294, 0.00245920894668, 0.0015230840072, 0.00141138932668, 0.000353763665771, 9.88629908534e-05, 8.55604412209e-06, 1.09691563921e-06, 1.16370063097e-06],
        "mean": [2.24552513828e-05, 0.00143329915591, 0.00165165029466, 0.00179144775029, 0.00296977953985, 0.00179371284321, 0.00222071097232, 0.00378191983327, 0.00114587089047, 0.000438607210526, 0.000314584292937, 0.000307789596263, 0.000339686288498, 0.000432495988207, 0.000219172914512, 0.000193351297639, 0.000223638882744, 5.5171582062e-05, 0.000141213458846, 4.974094918e-05, 2.45401151915e-05, 1.96884229808e-05, 7.34995592211e-06, 3.34659557666e-06, 2.84825432573e-07, 2.31247621052e-09, 2.38890152104e-09],
        "min": [6.56787051412e-08, 1.71631768353e-06, 2.19361390918e-06, 9.27205860535e-07, 3.2682906749e-05, 6.2770900513e-06, 2.11270184991e-06, 2.84790462501e-06, 1.20118818359e-06, 1.47250011651e-06, 1.00703186945e-06, 1.91590629584e-07, 3.36855805472e-07, 2.45414582878e-07, 2.83051321048e-07, 7.97436214839e-08, 6.38934949393e-08, 3.59089291635e-08, 1.76255419149e-08, 1.74329919389e-08, 8.04109401287e-09, 7.67983010519e-09, 4.17263823493e-09, 2.13633932766e-09, 4.01374142256e-11, 3.9646969735e-11, 5.42111876223e-11],
        "stdev": [4.6083732741e-05, 0.00202606758103, 0.00222768890671, 0.00411320803687, 0.00376285216771, 0.0036235509906, 0.00474419025704, 0.00834500882775, 0.00326459412463, 0.00131444341969, 0.00131595588755, 0.00115282053594, 0.0011536704842, 0.00123129761778, 0.00048780371435, 0.000560181564651, 0.000412626744946, 0.00014716188889, 0.00027330199373, 0.000145680460264, 8.26603718451e-05, 6.372849748e-05, 2.01509010367e-05, 7.19619129086e-06, 7.00450925706e-07, 4.14079757149e-08, 4.39335750002e-08]
    },
    "erbbands": {
        "max": [0.33439540863, 5.98380231857, 32.7590904236, 95.6815490723, 241.019378662, 123.497314453, 284.216217041, 649.111816406, 458.19229126, 1298.20581055, 1069.19445801, 1435.65185547, 684.446655273, 690.617614746, 1079.39685059, 377.903167725, 784.667602539, 756.815307617, 252.464675903, 381.364501953, 378.383361816, 196.930130005, 101.224578857, 177.50567627, 116.564460754, 149.869628906, 61.7199287415, 68.8949737549, 56.4457359314, 27.4842910767, 11.2903690338, 3.1580080986, 0.716554403305, 0.161498472095, 0.00799649115652, 0.00439053634182, 0.00203608674929, 0.000723803706933, 0.000175975277671, 0.000107010346255],
        "mean": [0.0208751838654, 0.401988357306, 1.85769736767, 3.87491798401, 8.68680763245, 9.1678686142, 12.6992359161, 15.1465530396, 22.1111297607, 71.3706741333, 62.7056884766, 29.1856784821, 15.451002121, 10.285326004, 16.1388034821, 12.3958892822, 17.9260902405, 22.0615348816, 13.0633039474, 11.4778089523, 11.3107118607, 12.1952190399, 3.73909187317, 4.41377592087, 7.36806774139, 2.1925702095, 1.04760110378, 0.948659539223, 0.790676951408, 0.357779115438, 0.193158909678, 0.106605023146, 0.0370495505631, 0.00724379438907, 0.000254318641964, 3.21078587149e-05, 1.26360700961e-05, 3.53921791429e-06, 1.01212899608e-05, 2.23718070629e-05],
        "min": [3.1062081689e-05, 0.00064161978662, 0.00575159909204, 0.0382675267756, 0.0198782421649, 0.0616919770837, 0.0323126204312, 0.0515786670148, 0.0317938029766, 0.0297073088586, 0.0552885793149, 0.0549057759345, 0.065839394927, 0.040927529335, 0.0289759207517, 0.0148558281362, 0.0200501568615, 0.0240121111274, 0.0152530716732, 0.0162784811109, 0.00377170066349, 0.0033505409956, 0.00277594407089, 0.00138609483838, 0.000611567345913, 0.000979477888905, 0.000323793763528, 0.000233133789152, 0.000318917213008, 0.000227118420298, 0.000150587264216, 0.00010058436601, 2.55247177847e-05, 1.15765396913e-05, 3.84368786399e-06, 1.73778175849e-06, 6.72604414831e-07, 1.30808587073e-07, 1.41450016145e-07, 2.44786690473e-07],
        "stdev": [0.0338333770633, 0.55452388525, 2.31364154816, 6.82466125488, 14.6560840607, 12.6038169861, 26.4639892578, 33.7937355042, 41.6036720276, 166.574981689, 127.974594116, 83.7405166626, 43.5193557739, 36.3763008118, 63.7369003296, 33.1790504456, 57.7255859375, 65.5287628174, 27.08943367, 30.1883811951, 27.9825687408, 23.034992218, 8.2383441925, 10.3036298752, 13.4608058929, 6.94085741043, 3.79825162888, 3.25897026062, 2.47232580185, 1.25353837013, 0.557922720909, 0.230526968837, 0.081527300179, 0.0164466928691, 0.000583238259424, 0.00016724379384, 7.68719182815e-05, 2.73260829999e-05, 1.096617234e-05, 2.08219280466e-05]
    },
    "gfcc": {
        "mean": [-108.420814514, 191.175430298, -141.815048218, 35.3450241089, -56.9178276062, -8.30640411377, -23.7361965179, -16.377248764, 6.41730928421, -21.0615711212, 2.78175973892, -23.1190948486, -5.92164421082],
        "cov": [[5561.90771484, -1150.17944336, -1540.55871582, 784.305541992, -600.717529297, -298.648895264, -53.2282485962, -111.710403442, 134.579315186, -58.6558876038, 182.32875061, -244.398010254, -116.665565491], [-1150.17944336, 875.166503906, 317.640014648, -567.790771484, 458.143341064, -105.258514404, 137.398452759, 29.1449604034, -3.40574145317, -46.3741760254, -19.8094120026, 80.8219299316, -100.37171936], [-1540.55871582, 317.640014648, 726.501037598, -174.435241699, 50.975151062, 228.989440918, 20.3589038849, 24.0147819519, -73.0345916748, 1.78006613255, -48.0078010559, 62.6530303955, 68.9647369385], [784.305541992, -567.790771484, -174.435241699, 624.525268555, -225.422607422, 24.8640594482, -139.471755981, -47.1909332275, 50.2719039917, 30.4542350769, -10.4630661011, -49.0162315369, 126.764709473], [-600.717529297, 458.143341064, 50.975151062, -225.422607422, 455.483612061, -155.214569092, -1.96939730644, 25.1045303345, 46.0212020874, 8.39955711365, -40.4486923218, 43.2827415466, -53.6017570496], [-298.648895264, -105.258514404, 228.989440918, 24.8640594482, -155.214569092, 303.763885498, 30.9619674683, -0.814847350121, -69.2263717651, 6.10740804672, 23.9575691223, -9.12149524689, 51.7643241882], [-53.2282485962, 137.398452759, 20.3589038849, -139.471755981, -1.96939730644, 30.9619674683, 202.983840942, 36.649143219, -64.8964004517, -42.5382537842, 12.7506141663, 28.4109516144, -59.592880249], [-111.710403442, 29.1449604034, 24.0147819519, -47.1909332275, 25.1045303345, -0.814847350121, 36.649143219, 95.2779769897, -0.415990114212, -20.3782691956, -2.69814133644, 6.22994422913, -3.0997440815], [134.579315186, -3.40574145317, -73.0345916748, 50.2719039917, 46.0212020874, -69.2263717651, -64.8964004517, -0.415990114212, 123.454071045, 39.6090354919, -13.328332901, -17.3621730804, -11.4531650543], [-58.6558876038, -46.3741760254, 1.78006613255, 30.4542350769, 8.39955711365, 6.10740804672, -42.5382537842, -20.3782691956, 39.6090354919, 87.3864440918, 12.1107139587, -14.266626358, 3.60102677345], [182.32875061, -19.8094120026, -48.0078010559, -10.4630661011, -40.4486923218, 23.9575691223, 12.7506141663, -2.69814133644, -13.328332901, 12.1107139587, 74.7688980103, 3.38610982895, -13.9576511383], [-244.398010254, 80.8219299316, 62.6530303955, -49.0162315369, 43.2827415466, -9.12149524689, 28.4109516144, 6.22994422913, -17.3621730804, -14.266626358, 3.38610982895, 73.7072143555, 17.5122375488], [-116.665565491, -100.37171936, 68.9647369385, 126.764709473, -53.6017570496, 51.7643241882, -59.592880249, -3.0997440815, -11.4531650543, 3.60102677345, -13.9576511383, 17.5122375488, 113.484634399]],
        "icov": [[0.000734633533284, 0.000107997875602, 0.00106773490552, -0.00040055255522, 0.000419952324592, 0.000181755312951, -0.000345024542185, 0.000531196128577, -0.00056697812397, 0.00116692436859, -0.00119203096256, 0.00111038808245, 0.000185878903721], [0.000107997875602, 0.0197621230036, -0.00910892523825, 0.0109302708879, -0.0138412946835, 0.00712706195191, -0.0128334267065, 0.0120018832386, -0.0124063529074, 0.0137206874788, -0.0132299745455, 0.00936987251043, -0.0100444508716], [0.00106773490552, -0.00910892523825, 0.00882549583912, -0.00483988691121, 0.00673545198515, -0.00562672968954, 0.00629201484844, -0.00533052906394, 0.00567288417369, -0.00558640155941, 0.00710981991142, -0.00492943450809, 0.00437549315393], [-0.00040055255522, 0.0109302708879, -0.00483988691121, 0.00970253255218, -0.00681576691568, 0.00379514275119, -0.00649567646906, 0.00710586225614, -0.00767250917852, 0.00673168804497, -0.00588155025616, 0.00562440976501, -0.00938771851361], [0.000419952324592, -0.0138412946835, 0.00673545198515, -0.00681576691568, 0.0139524172992, -0.00319054629654, 0.00958374235779, -0.008764795959, 0.00787988305092, -0.00988926365972, 0.0101642394438, -0.00767703400925, 0.00809242855757], [0.000181755312951, 0.00712706195191, -0.00562672968954, 0.00379514275119, -0.00319054629654, 0.0100016510114, -0.00652586948127, 0.00476592918858, -0.00330574903637, 0.00429392792284, -0.00806596037, 0.00723167601973, -0.00627311784774], [-0.000345024542185, -0.0128334267065, 0.00629201484844, -0.00649567646906, 0.00958374235779, -0.00652586948127, 0.0186352115124, -0.0112890275195, 0.0124166961759, -0.00855251494795, 0.0108972666785, -0.0118182171136, 0.0133960619569], [0.000531196128577, 0.0120018832386, -0.00533052906394, 0.00710586225614, -0.008764795959, 0.00476592918858, -0.0112890275195, 0.0204242728651, -0.0109102120623, 0.0123028988019, -0.0102212540805, 0.00871320068836, -0.00931397639215], [-0.00056697812397, -0.0124063529074, 0.00567288417369, -0.00767250917852, 0.00787988305092, -0.00330574903637, 0.0124166961759, -0.0109102120623, 0.022595576942, -0.0150688011199, 0.0122513277456, -0.00774779822677, 0.0104801766574], [0.00116692436859, 0.0137206874788, -0.00558640155941, 0.00673168804497, -0.00988926365972, 0.00429392792284, -0.00855251494795, 0.0123028988019, -0.0150688011199, 0.0277592018247, -0.0157808959484, 0.0110024046153, -0.00761461956427], [-0.00119203096256, -0.0132299745455, 0.00710981991142, -0.00588155025616, 0.0101642394438, -0.00806596037, 0.0108972666785, -0.0102212540805, 0.0122513277456, -0.0157808959484, 0.0297498758882, -0.0137981968001, 0.0107710426673], [0.00111038808245, 0.00936987251043, -0.00492943450809, 0.00562440976501, -0.00767703400925, 0.00723167601973, -0.0118182171136, 0.00871320068836, -0.00774779822677, 0.0110024046153, -0.0137981968001, 0.0283821299672, -0.0139587642625], [0.000185878903721, -0.0100444508716, 0.00437549315393, -0.00938771851361, 0.00809242855757, -0.00627311784774, 0.0133960619569, -0.00931397639215, 0.0104801766574, -0.00761461956427, 0.0107710426673, -0.0139587642625, 0.0261881612241]]
    },
    "melbands": {
        "max": [0.00473130401224, 0.0127498200163, 0.0206469874829, 0.0144653106108, 0.00744014093652, 0.012740704231, 0.00765723595396, 0.0130954869092, 0.0103635378182, 0.00785457901657, 0.00334722851403, 0.00301131629385, 0.00391773506999, 0.00283721252345, 0.00192328484263, 0.0011137976544, 0.0014749757247, 0.000498137262184, 0.000509522913489, 0.000477307476103, 0.000379849720048, 0.000253938866081, 0.000116864459415, 9.16996577871e-05, 0.000172316315002, 0.000142189863254, 6.67668064125e-05, 0.000122249883134, 4.62668103864e-05, 2.34529561567e-05, 5.05029784108e-05, 3.48287430825e-05, 2.34261970036e-05, 1.03177744677e-05, 7.27574342818e-06, 2.84894576907e-06, 1.59745877681e-06, 5.53263532765e-07, 3.23097623323e-07, 7.4908825809e-08],
        "mean": [0.000287383503746, 0.000828116142657, 0.000844690541271, 0.000643988256343, 0.000449712591944, 0.000342077255482, 0.000355319149094, 0.00083361659199, 0.000469649297884, 0.000154272347572, 7.14995112503e-05, 3.98170595872e-05, 5.17103835591e-05, 3.71187998098e-05, 3.59788136848e-05, 3.36948651238e-05, 4.28324638051e-05, 2.10743201023e-05, 1.72387663042e-05, 1.35119753395e-05, 1.32017257783e-05, 1.49045044964e-05, 5.48411753698e-06, 1.9328460894e-06, 3.45345119968e-06, 6.31410239293e-06, 3.51732751369e-06, 9.69708025877e-07, 6.13109648384e-07, 6.23808944056e-07, 5.24490872067e-07, 4.96221218782e-07, 2.85204919237e-07, 1.66116038258e-07, 1.12053974988e-07, 9.11561670591e-08, 5.44777130074e-08, 2.87003913968e-08, 1.32503004124e-08, 2.94464164163e-09],
        "min": [3.60233116226e-07, 4.03133071813e-06, 7.66242374084e-06, 4.86775252284e-06, 9.20544948713e-07, 8.31422084957e-07, 4.53500689446e-07, 3.24076125935e-07, 4.86862916205e-07, 2.36429286815e-07, 1.81937366506e-07, 1.53045164097e-07, 1.17832563262e-07, 3.63617864707e-08, 2.98875306726e-08, 3.28102700564e-08, 1.63242290796e-08, 2.34063470828e-08, 2.66798174664e-08, 8.87523299298e-09, 2.04106709312e-09, 2.70151812032e-09, 2.90253465707e-09, 1.40849309993e-09, 7.61338103672e-10, 4.83865281176e-10, 3.9963088394e-10, 5.07083430801e-10, 1.08372193164e-10, 1.08541016453e-10, 1.01707420264e-10, 1.29317487274e-10, 1.79086967478e-10, 5.8343267717e-11, 5.29728830245e-11, 8.79103109752e-11, 3.9519439804e-11, 8.90134157789e-13, 2.47043298362e-13, 4.39401309392e-13],
        "stdev": [0.00041980156675, 0.000981952063739, 0.00145625660662, 0.000875278958119, 0.000779128109571, 0.000704262289219, 0.000662735372316, 0.00191894825548, 0.000987312523648, 0.000472929823445, 0.000214782689, 0.000151623171405, 0.000214713916648, 0.000135772977956, 0.000114301445137, 9.24199121073e-05, 0.000134447065648, 5.16157924721e-05, 4.03550475312e-05, 4.00942990382e-05, 3.09603783535e-05, 2.89660092676e-05, 1.26697141241e-05, 4.63083324576e-06, 9.10552444111e-06, 1.24796306409e-05, 7.29698012947e-06, 4.90233514938e-06, 2.58421437138e-06, 1.77182391781e-06, 2.06872755371e-06, 1.53820542437e-06, 1.03389720607e-06, 5.42326461073e-07, 3.47490129116e-07, 2.11649478388e-07, 1.17388758269e-07, 6.46511253422e-08, 3.21510960077e-08, 7.29859417348e-09]
    },
    "melbands128": {
        "max": [0.000713312881999, 0.00269307638519, 0.00688830344006, 0.0117806019261, 0.0184578020126, 0.016808303073, 0.0154738938436, 0.0386246517301, 0.0323202572763, 0.0187369603664, 0.00842390581965, 0.00960623566061, 0.0143345762044, 0.0116570945829, 0.0249702446163, 0.0101836603135, 0.00899345893413, 0.013828846626, 0.0145788639784, 0.0251027829945, 0.0279392451048, 0.0137730855495, 0.0179062746465, 0.0124417776242, 0.0179067254066, 0.00647443439811, 0.00527385435998, 0.0049705831334, 0.00424446584657, 0.00545543106273, 0.00400499161333, 0.00288691278547, 0.00787648744881, 0.00468576606363, 0.00766561506316, 0.00179330364335, 0.00135461997706, 0.00157345307525, 0.00490325596184, 0.00254610925913, 0.00193963292986, 0.00138334860094, 0.00338745140471, 0.00247895391658, 0.0011673894478, 0.00106490042526, 0.000851066200994, 0.00090353935957, 0.000607376685366, 0.00146306084935, 0.000566944596358, 0.00124163168948, 0.000558387080673, 0.000324029213516, 0.000341397564625, 0.000483857438667, 0.000395787763409, 0.000256547442405, 0.000297330057947, 5.24441893504e-05, 0.000139994925121, 7.55772998673e-05, 0.000254839716945, 0.000200868875254, 0.000184304546565, 0.000267906929366, 0.000150407751789, 0.000104381157144, 0.00013531660079, 0.000106127474282, 0.000261129753198, 0.000103696918814, 6.20012433501e-05, 4.75959386677e-05, 4.19789248554e-05, 2.86859467451e-05, 2.70000691671e-05, 3.92285255657e-05, 6.67313652229e-05, 6.18813573965e-05, 4.79849768453e-05, 4.09866697737e-05, 1.9396224161e-05, 2.41880916292e-05, 2.35573297687e-05, 1.38802997753e-05, 6.6795978455e-06, 6.07346282777e-06, 9.9775425042e-06, 6.6228481046e-06, 4.22245148002e-06, 4.12817917095e-06, 2.43588715421e-06, 2.6563513984e-06, 1.0601474969e-06, 7.36657170819e-07, 7.91614240825e-07, 5.35427602699e-07, 5.16299564879e-07, 2.72095064702e-07, 2.44479281264e-07, 1.03739026258e-08, 9.89943860219e-09, 9.43440348067e-09, 8.99798457965e-09, 8.60093596344e-09, 8.23557577689e-09, 7.87263765289e-09, 7.53544249221e-09, 7.23230542121e-09, 6.94497215292e-09, 6.67982869018e-09, 6.43816022716e-09, 6.2027987191e-09, 5.99253047184e-09, 5.79561154623e-09, 5.61171731306e-09, 5.44677369874e-09, 5.28370103225e-09, 5.15526732414e-09, 5.03000752161e-09, 4.9126160917e-09, 4.81932405094e-09, 4.74087613611e-09, 4.67208849386e-09, 4.61149252118e-09, 4.57384485841e-09, 4.54981741171e-09],
        "mean": [1.84398595593e-05, 0.000111857516458, 0.000310749630444, 0.000781099428423, 0.000996640184894, 0.000745910219848, 0.000695558148436, 0.000998242641799, 0.000914780946914, 0.000620616658125, 0.000450689694844, 0.000510308193043, 0.000426675076596, 0.00041354529094, 0.000365006591892, 0.000276628910797, 0.000312851305353, 0.000330073584337, 0.000399277778342, 0.000939651625231, 0.00107029231731, 0.00055913842516, 0.000436894682935, 0.000282523484202, 0.000217169115786, 6.61693629809e-05, 7.23764605937e-05, 9.14677075343e-05, 5.32051744813e-05, 4.48947321274e-05, 3.27245870722e-05, 3.00775918731e-05, 6.38025012449e-05, 5.65649097553e-05, 4.51880150649e-05, 2.83029348793e-05, 3.14271674142e-05, 2.21870213863e-05, 5.5068416259e-05, 4.5656983275e-05, 1.65257824847e-05, 3.32054223691e-05, 5.48089228687e-05, 4.44858014816e-05, 2.25908988796e-05, 1.7152968212e-05, 1.74574815901e-05, 1.88095382327e-05, 1.46335796671e-05, 1.74712786247e-05, 1.0092935554e-05, 1.53320379468e-05, 1.18411553558e-05, 1.06278066596e-05, 1.97308781935e-05, 1.82790172403e-05, 8.36306298879e-06, 6.51608525004e-06, 5.06992591909e-06, 1.71919737113e-06, 1.80969323083e-06, 1.86111640232e-06, 2.20052197619e-06, 4.11469954997e-06, 5.05726166011e-06, 7.1653626037e-06, 6.88210366206e-06, 4.36471191279e-06, 3.20130902765e-06, 1.43251668305e-06, 9.15620546493e-07, 7.17195746347e-07, 6.36785330244e-07, 5.9385035911e-07, 5.77948242153e-07, 7.003693554e-07, 5.93637139445e-07, 5.2993806321e-07, 5.19071420513e-07, 5.1072657925e-07, 5.48541152057e-07, 5.00606120113e-07, 3.59848769449e-07, 2.74203074468e-07, 2.13385462189e-07, 1.55180742922e-07, 1.85090456739e-07, 1.17104001163e-07, 1.06235304997e-07, 1.02591492634e-07, 1.04169274096e-07, 8.76658390325e-08, 6.90719872409e-08, 6.04899241807e-08, 4.11278975321e-08, 3.07679002276e-08, 3.09333572091e-08, 1.72652185881e-08, 1.36669386919e-08, 1.08605267002e-08, 7.18515158482e-09, 1.38960287721e-10, 2.15651160124e-11, 2.00767458214e-11, 1.90669875721e-11, 1.81444113206e-11, 1.73453681973e-11, 1.66102132049e-11, 1.59826474971e-11, 1.53040427553e-11, 1.45093433795e-11, 1.3994856489e-11, 1.35464365419e-11, 1.30498285789e-11, 1.26606364281e-11, 1.22809123981e-11, 1.16751183374e-11, 1.11742819858e-11, 1.08857471648e-11, 1.06304036754e-11, 1.03478666608e-11, 1.01198632807e-11, 9.9252906241e-12, 9.72888696688e-12, 9.50390374038e-12, 9.22681289012e-12, 9.07235484654e-12, 9.01311143775e-12],
        "min": [8.81005490783e-09, 7.37702450238e-08, 1.23843307165e-07, 9.53381572799e-07, 1.52977463586e-06, 7.00820066868e-07, 2.44836860475e-06, 4.25048170882e-07, 7.51530365051e-07, 1.48768162944e-06, 2.14062652049e-07, 2.95068730338e-07, 2.5658357572e-07, 1.50143165456e-07, 9.11317101782e-07, 9.42395956827e-08, 3.71352399497e-07, 1.9164011178e-07, 1.12155952081e-07, 1.11961298899e-07, 1.99602283146e-07, 3.30483118205e-07, 8.32661513073e-08, 2.65191516746e-07, 2.5087607014e-07, 3.15547517005e-08, 5.51233725332e-08, 4.02702546864e-08, 7.01430167283e-08, 2.95099091829e-08, 1.09338182952e-08, 5.1516018118e-08, 7.56601679086e-08, 5.30733359483e-08, 1.82648669522e-08, 4.38291758442e-09, 3.86897403004e-09, 7.33992422397e-09, 2.2715228809e-08, 4.02688655754e-08, 1.70422786994e-08, 1.50090462281e-09, 2.33166552732e-09, 1.02412087699e-08, 6.56876020244e-09, 4.03517175229e-09, 6.38182662271e-09, 1.04166506532e-08, 7.24997484269e-09, 1.05221715785e-08, 3.20504156548e-09, 1.91869253818e-09, 1.00378449996e-09, 1.46647982646e-09, 1.67450364685e-09, 5.84699566542e-10, 1.16710030529e-09, 2.02630645596e-09, 1.11749509646e-09, 5.58882273793e-10, 9.60959645191e-10, 4.21983559207e-10, 6.24988116815e-10, 4.02974958957e-10, 3.75895231608e-10, 2.61361904341e-10, 1.55080545627e-10, 1.4937431847e-10, 1.41262446185e-10, 3.10005576765e-10, 1.11484217691e-10, 5.33321997676e-11, 3.54315569939e-11, 4.79900494343e-11, 5.03095724802e-11, 7.20971962687e-11, 3.66919550299e-11, 6.36979149982e-11, 4.42183685501e-11, 5.22483098453e-11, 3.46763381898e-11, 8.74313035165e-12, 1.09363677836e-10, 7.16316589378e-11, 7.78390372991e-12, 1.01319317519e-11, 1.88171925958e-11, 1.81453602144e-11, 2.25422926853e-11, 2.42600193406e-11, 1.66274424784e-11, 1.48932810529e-11, 3.50064872923e-11, 2.0235958742e-11, 1.54306493798e-12, 7.72755069569e-13, 4.92504095232e-13, 3.03542537243e-13, 2.4599712458e-13, 1.42429891123e-13, 2.55977557944e-13, 2.84224277143e-13, 1.83735798386e-13, 2.01950042518e-13, 1.3769970678e-13, 1.63056132724e-13, 1.7251537655e-13, 1.6574687857e-13, 1.80891204251e-13, 1.83305478543e-13, 1.50111775224e-13, 1.78693621315e-13, 1.66081287178e-13, 1.63942400237e-13, 1.63198285181e-13, 2.09469689315e-13, 1.69605405024e-13, 1.76016875229e-13, 1.63890114587e-13, 1.9014608952e-13, 1.88658374404e-13, 1.80727191567e-13, 1.83196041887e-13, 1.71633635581e-13, 1.41969959009e-13, 4.31424237697e-14, 6.03950415612e-15, 2.08469882859e-16],
        "stdev": [4.18691888626e-05, 0.000226463816944, 0.00056569755543, 0.00112707202788, 0.00130562717095, 0.00109194184188, 0.00125075783581, 0.00248478120193, 0.00165307649877, 0.00113108486403, 0.000744736404158, 0.000945734907873, 0.00123466737568, 0.000972741749138, 0.00115618854761, 0.000685401901137, 0.000746893929318, 0.000956029631197, 0.00102306785993, 0.00278745009564, 0.00314539042301, 0.00155686656944, 0.00140973378439, 0.000949824461713, 0.000907125591766, 0.000297960854368, 0.000298184371786, 0.000334553886205, 0.000215518724872, 0.000217748834984, 0.000197906279936, 0.000109214015538, 0.000366149703041, 0.000253869191511, 0.000313099444611, 0.000100980483694, 0.000115458657092, 0.000101736812212, 0.000261082401266, 0.000172312749783, 7.38496382837e-05, 0.000122395664221, 0.000258767977357, 0.000164691999089, 8.39991407702e-05, 6.68495849823e-05, 5.69985568291e-05, 5.86783608014e-05, 4.9195401516e-05, 8.84258624865e-05, 3.41563318216e-05, 7.08906227374e-05, 3.9592574467e-05, 2.98095092148e-05, 4.7948120482e-05, 4.56879934063e-05, 2.55211016338e-05, 1.75509703695e-05, 1.89654347196e-05, 3.87947238778e-06, 5.42960515304e-06, 4.79541949971e-06, 9.97742517939e-06, 1.18557682072e-05, 1.47929313243e-05, 1.81630821317e-05, 1.58090169862e-05, 9.59386125032e-06, 1.00553497759e-05, 6.32592764305e-06, 7.77148216002e-06, 4.79086384075e-06, 3.16437376569e-06, 2.55951908912e-06, 2.42030660047e-06, 1.94195786207e-06, 1.73705507223e-06, 1.98007637664e-06, 2.57810597759e-06, 2.11160136132e-06, 1.83316046787e-06, 1.61301636581e-06, 1.07323887732e-06, 1.16647493087e-06, 9.62161379903e-07, 6.96287600022e-07, 4.65885591439e-07, 3.54597432306e-07, 4.2331947725e-07, 3.15087646641e-07, 2.79107354118e-07, 2.12594869708e-07, 1.63478730997e-07, 1.44905087041e-07, 9.56434291766e-08, 7.339941277e-08, 7.89509471133e-08, 4.59218867377e-08, 3.93300823021e-08, 2.63976929205e-08, 1.9626297032e-08, 5.39577105219e-10, 3.73721970037e-10, 3.56096208076e-10, 3.39557992834e-10, 3.2461472399e-10, 3.10926034919e-10, 2.97163127438e-10, 2.84412854379e-10, 2.73011863117e-10, 2.6214613813e-10, 2.5213517385e-10, 2.43061154537e-10, 2.3414348238e-10, 2.26220306376e-10, 2.18794371509e-10, 2.11839490394e-10, 2.05662750719e-10, 1.99441435589e-10, 1.9464647949e-10, 1.89912877091e-10, 1.85451196066e-10, 1.81943363153e-10, 1.78998177391e-10, 1.76409969965e-10, 1.74097097849e-10, 1.72692762868e-10, 1.71786362912e-10]
    },
    "mfcc": {
        "mean": [-736.440673828, 198.175918579, -13.0680189133, 33.1955986023, -3.68208527565, 6.52385663986, -16.6807136536, 4.29426527023, -7.8652510643, 7.80136108398, 0.501880824566, 1.69139266014, -3.61681985855],
        "cov": [[6949.13769531, -2076.25878906, -990.891723633, 594.962219238, -602.358825684, -42.2590026855, -403.60647583, -19.926404953, -336.082641602, 153.518630981, 40.4412879944, 50.3906364441, -19.0314826965], [-2076.25878906, 1799.58947754, -211.275985718, -290.700592041, 203.082122803, -115.397377014, 146.703735352, 170.506866455, 1.68341171741, -51.7606315613, 120.971862793, -22.0254745483, 43.4159507751], [-990.891723633, -211.275985718, 801.74029541, -200.957962036, -8.59181785583, 122.227554321, 153.246948242, -40.731212616, 94.9704818726, -56.1524620056, -75.0178909302, 34.0481071472, -35.0539131165], [594.962219238, -290.700592041, -200.957962036, 377.728271484, 45.6851882935, -14.0015792847, -149.921554565, -34.5342445374, 11.3507509232, 28.5564041138, -38.3692779541, -39.6559371948, 8.44237518311], [-602.358825684, 203.082122803, -8.59181785583, 45.6851882935, 307.603179932, -8.75241661072, -63.6704673767, -65.9690093994, 60.7293510437, 15.3343133926, -9.31919956207, -31.4430389404, 10.3133277893], [-42.2590026855, -115.397377014, 122.227554321, -14.0015792847, -8.75241661072, 146.327407837, 15.1890220642, -35.51354599, 3.64000463486, 1.8089915514, -16.9060916901, 27.2912788391, -7.88475084305], [-403.60647583, 146.703735352, 153.246948242, -149.921554565, -63.6704673767, 15.1890220642, 236.432662964, 63.1427612305, 7.45921945572, -51.6712608337, -0.184980750084, 20.8450622559, -6.00549125671], [-19.926404953, 170.506866455, -40.731212616, -34.5342445374, -65.9690093994, -35.51354599, 63.1427612305, 160.626144409, -7.69681024551, -19.8842639923, 17.9407234192, -1.04356682301, -2.11413478851], [-336.082641602, 1.68341171741, 94.9704818726, 11.3507509232, 60.7293510437, 3.64000463486, 7.45921945572, -7.69681024551, 113.696716309, -4.51118421555, -23.9975776672, -17.2504711151, -0.79284119606], [153.518630981, -51.7606315613, -56.1524620056, 28.5564041138, 15.3343133926, 1.8089915514, -51.6712608337, -19.8842639923, -4.51118421555, 92.7401199341, 18.3404026031, -1.44805848598, -2.39402532578], [40.4412879944, 120.971862793, -75.0178909302, -38.3692779541, -9.31919956207, -16.9060916901, -0.184980750084, 17.9407234192, -23.9975776672, 18.3404026031, 110.408325195, 16.1412754059, -6.94929552078], [50.3906364441, -22.0254745483, 34.0481071472, -39.6559371948, -31.4430389404, 27.2912788391, 20.8450622559, -1.04356682301, -17.2504711151, -1.44805848598, 16.1412754059, 74.5856170654, -0.722781598568], [-19.0314826965, 43.4159507751, -35.0539131165, 8.44237518311, 10.3133277893, -7.88475084305, -6.00549125671, -2.11413478851, -0.79284119606, -2.39402532578, -6.94929552078, -0.722781598568, 59.5121078491]],
        "icov": [[0.000512884522323, 0.000637077842839, 0.000652486924082, -9.47028183873e-06, 0.000442680786364, 2.69020983978e-05, 0.000239052140387, -0.000310543429805, 0.000621612940449, -3.79525008611e-05, -0.000186425531865, -0.000172195592313, 7.75435000833e-06], [0.000637077842839, 0.00188421737403, 0.00124607444741, 0.000913314172067, -0.00057667499641, 0.000169666440343, -5.70305492147e-05, -0.00140359264333, 0.000777613371611, 0.000428836094216, -0.000882560620084, 0.000107490028313, -0.000573804078158], [0.000652486924082, 0.00124607444741, 0.00329044437967, 0.00138287351001, 0.000278182094917, -0.00114676740486, -0.000493084895425, -9.74324939307e-05, -0.00094335450558, 0.000674733950291, 0.000791807600763, -0.000534183694981, 0.000888762820978], [-9.47028183873e-06, 0.000913314172067, 0.00138287351001, 0.00505958450958, -0.000818334810901, -0.000444643199444, 0.00177920493297, -0.000781633250881, -0.000967424362898, 0.00049799180124, 0.001219274709, 0.00116481457371, -0.00017418047355], [0.000442680786364, -0.00057667499641, 0.000278182094917, -0.000818334810901, 0.00583143578842, 9.47075968725e-05, 0.00124691461679, 0.00233208038844, -0.00177568534855, -0.000503294926602, 0.000111281515274, 0.000632133916952, 2.9627859476e-05], [2.69020983978e-05, 0.000169666440343, -0.00114676740486, -0.000444643199444, 9.47075968725e-05, 0.00892337504774, -0.000471243722131, 0.00147453485988, 0.000570327974856, -0.000784517440479, 0.000695036782417, -0.00278305471875, 0.000466502882773], [0.000239052140387, -5.70305492147e-05, -0.000493084895425, 0.00177920493297, 0.00124691461679, -0.000471243722131, 0.00756624620408, -0.00198712875135, -0.000271947239526, 0.00224461918697, 0.000278868043097, -0.000530270393938, 0.000102424550278], [-0.000310543429805, -0.00140359264333, -9.74324939307e-05, -0.000781633250881, 0.00233208038844, 0.00147453485988, -0.00198712875135, 0.00957696698606, -0.00121032679453, 0.000443533586804, -0.000151232627104, 0.000327268237015, 0.000897088320926], [0.000621612940449, 0.000777613371611, -0.00094335450558, -0.000967424362898, -0.00177568534855, 0.000570327974856, -0.000271947239526, -0.00121032679453, 0.0127388890833, -0.000491617131047, 0.000676871102769, 0.00161583884619, -0.00022547878325], [-3.79525008611e-05, 0.000428836094216, 0.000674733950291, 0.00049799180124, -0.000503294926602, -0.000784517440479, 0.00224461918697, 0.000443533586804, -0.000491617131047, 0.0132439984009, -0.00236456189305, 0.000222606395255, 0.00048016133951], [-0.000186425531865, -0.000882560620084, 0.000791807600763, 0.001219274709, 0.000111281515274, 0.000695036782417, 0.000278868043097, -0.000151232627104, 0.000676871102769, -0.00236456189305, 0.0122675346211, -0.00265736388974, 0.00228734989651], [-0.000172195592313, 0.000107490028313, -0.000534183694981, 0.00116481457371, 0.000632133916952, -0.00278305471875, -0.000530270393938, 0.000327268237015, 0.00161583884619, 0.000222606395255, -0.00265736388974, 0.0167976655066, -0.00120934087317], [7.75435000833e-06, -0.000573804078158, 0.000888762820978, -0.00017418047355, 2.9627859476e-05, 0.000466502882773, 0.000102424550278, 0.000897088320926, -0.00022547878325, 0.00048016133951, 0.00228734989651, -0.00120934087317, 0.0181401986629]]
    },
    "spectral_contrast_coeffs": {
        "max": [-0.405160725117, -0.456599801779, -0.524181246758, -0.587882697582, -0.516332805157, -0.485931247473],
        "mean": [-0.692244172096, -0.732806324959, -0.778605520725, -0.786696374416, -0.766795754433, -0.698177456856],
        "min": [-0.854037046432, -0.929753303528, -0.947653889656, -0.895126461983, -0.894016861916, -0.947555422783],
        "stdev": [0.0676583647728, 0.0867469459772, 0.0585592463613, 0.0578575097024, 0.0703907012939, 0.0625440850854]
    },
    "spectral_contrast_valleys": {
        "max": [-5.33107566833, -4.5534029007, -5.26202058792, -6.39038228989, -6.50297021866, -10.1888151169],
        "mean": [-6.77611351013, -6.61850833893, -7.93519067764, -8.25742816925, -8.95824432373, -13.0386285782],
        "min": [-8.69587802887, -8.80175685883, -10.3124370575, -10.8508834839, -11.7140512466, -15.525727272],
        "stdev": [0.50659185648, 0.617211401463, 0.751507520676, 0.811569213867, 1.05565404892, 1.1663891077]
    }
},
"rhythm": {
    "beats_count": 48,
    "beats_loudness": {
        "max": 0.082746617496,
        "mean": 0.0250222142786,
        "min": 0.000996979186311,
        "stdev": 0.0184013657272
    },
    "bpm": 89.1935348511,
    "bpm_histogram_first_peak_bpm": 89,
    "bpm_histogram_first_peak_weight": 0.195652127266,
    "bpm_histogram_second_peak_bpm": 94,
    "bpm_histogram_second_peak_spread": 0,
    "bpm_histogram_second_peak_weight": 0.021276595071,
    "danceability": 0.945025324821,
    "onset_rate": 3.72216773033,
    "beats_loudness_band_ratio": {
        "max": [0.905034482479, 0.580368757248, 0.815869569778, 0.260508000851, 0.2533236444, 0.0777246281505],
        "mean": [0.457102060318, 0.237973585725, 0.253471523523, 0.067655287683, 0.0411658398807, 0.0188896805048],
        "min": [0.0218621715903, 0.0545071996748, 0.0271673258394, 0.0134430490434, 0.0016061256174, 4.16293696617e-05],
        "stdev": [0.234658583999, 0.128808572888, 0.202733039856, 0.0641489699483, 0.0527167804539, 0.0175655372441]
    },
    "beats_position": [0.626938760281, 1.26548755169, 1.91564619541, 2.57741498947, 3.25079369545, 3.92417216301, 4.59755086899, 5.27092981339, 5.94430828094, 6.6176867485, 7.2910656929, 7.97605419159, 8.66104316711, 9.34603118896, 10.0310201645, 10.7043991089, 11.3777770996, 12.0743761063, 12.7593650818, 13.4443531036, 14.117732048, 14.8027210236, 15.4644899368, 16.1378688812, 16.8112468719, 17.4846248627, 18.1580047607, 18.8429927826, 19.5163707733, 20.2013607025, 20.8747386932, 21.5597267151, 22.2447166443, 22.918094635, 23.5914726257, 24.2648525238, 24.9382305145, 25.6116104126, 26.2849884033, 26.958366394, 27.6317462921, 28.2819042206, 28.932062149, 29.5822219849, 30.2555999756, 30.9289798737, 31.5907478333, 32.2525177002],
