{
"metadata": {
    "version": {
        "essentia": "2.1-beta5",
        "essentia_git_sha": "Undefined",
        "extractor": "music 2.0"
    },
    "audio_properties": {
        "analysis": {
            "equal_loudness": 0,
            "length": 48.7502937317,
            "sample_rate": 44100,
            "start_time": 12.7477550507,
            "downmix": "mix"
        },
        "bit_rate": 192000,
        "length": 220.844985962,
        "lossless": 0,
        "number_channels": 2,
        "replay_gain": -2.92001914978,
        "sample_rate": 44100,
        "codec": "mp3",
        "md5_encoded": "7526a232a4b75137968426de68211a73"
    },
    "tags": {
        "file_name": "Austria_Wenn Du Da Bist_Marty Brem.mp3",
        "encoding": ["Lavf58.29.100"]
    }
},
"lowlevel": {
    "average_loudness": 0.907657504082,
    "barkbands_crest": {
        "max": 26.3534564972,
        "mean": 8.80966377258,
        "min": 2.15439414978,
        "stdev": 4.01457118988
    },
    "barkbands_flatness_db": {
        "max": 0.349647909403,
        "mean": 0.168154999614,
        "min": 0.0511857308447,
        "stdev": 0.0457938089967
    },
    "barkbands_kurtosis": {
        "max": 130.103118896,
        "mean": 3.52761077881,
        "min": -1.85695457458,
        "stdev": 8.82072544098
    },
    "barkbands_skewness": {
        "max": 10.003783226,
        "mean": 1.26747214794,
        "min": -4.85094928741,
        "stdev": 1.27654230595
    },
    "barkbands_spread": {
        "max": 82.0271682739,
        "mean": 23.7813434601,
        "min": 1.1598610878,
        "stdev": 16.1830444336
    },
    "dissonance": {
        "max": 0.5,
        "mean": 0.46073025465,
        "min": 0.268825799227,
        "stdev": 0.0343765802681
    },
    "dynamic_complexity": 2.78482913971,
    "erbbands_crest": {
        "max": 28.6204776764,
        "mean": 9.53441333771,
        "min": 3.0979552269,
        "stdev": 4.60295391083
    },
    "erbbands_flatness_db": {
        "max": 0.351667195559,
        "mean": 0.204923048615,
        "min": 0.108083836734,
        "stdev": 0.0359296947718
    },
    "erbbands_kurtosis": {
        "max": 78.4635391235,
        "mean": 0.903451561928,
        "min": -1.74627828598,
        "stdev": 4.89874839783
    },
    "erbbands_skewness": {
        "max": 7.94765233994,
        "mean": 0.323173701763,
        "min": -3.97008252144,
        "stdev": 1.11892485619
    },
    "erbbands_spread": {
        "max": 104.300003052,
        "mean": 38.1665611267,
        "min": 3.26912045479,
        "stdev": 15.7174568176
    },
    "hfc": {
        "max": 238.7109375,
        "mean": 20.9751014709,
        "min": 0.152842760086,
        "stdev": 19.7867717743
    },
    "loudness_ebu128": {
        "integrated": -21.6394138336,
        "loudness_range": 3.43300437927,
        "momentary": {
            "max": -17.6881637573,
            "mean": -22.6519622803,
            "min": -42.2863006592,
            "stdev": 3.62562346458
        },
        "short_term": {
            "max": -20.0964241028,
            "mean": -22.0927009583,
            "min": -29.5656795502,
            "stdev": 1.76860749722
        }
    },
    "melbands_crest": {
        "max": 29.2530288696,
        "mean": 11.5966148376,
        "min": 2.2806596756,
        "stdev": 4.52295637131
    },
    "melbands_flatness_db": {
        "max": 0.368370056152,
        "mean": 0.179706156254,
        "min": 0.0203753616661,
        "stdev": 0.0728216469288
    },
    "melbands_kurtosis": {
        "max": 189.557525635,
        "mean": 9.3360004425,
        "min": -1.8225467205,
        "stdev": 14.6135950089
    },
    "melbands_skewness": {
        "max": 9.56716251373,
        "mean": 2.16951012611,
        "min": -2.18700480461,
        "stdev": 1.25813996792
    },
    "melbands_spread": {
        "max": 203.040878296,
        "mean": 33.4941444397,
        "min": 1.26810503006,
        "stdev": 30.2344226837
    },
    "pitch_salience": {
        "max": 0.858506798744,
        "mean": 0.595565080643,
        "min": 0.097676359117,
        "stdev": 0.131725803018
    },
    "silence_rate_20dB": {
        "max": 1,
        "mean": 1,
        "min": 1,
        "stdev": 0
    },
    "silence_rate_30dB": {
        "max": 1,
        "mean": 1,
        "min": 1,
        "stdev": 0
    },
    "silence_rate_60dB": {
        "max": 1,
        "mean": 0.0566396936774,
        "min": 0,
        "stdev": 0.231147125363
    },
    "spectral_centroid": {
        "max": 4821.90283203,
        "mean": 1637.53344727,
        "min": 260.967193604,
        "stdev": 940.058898926
    },
    "spectral_complexity": {
        "max": 56,
        "mean": 17.7110900879,
        "min": 0,
        "stdev": 9.02530002594
    },
    "spectral_decrease": {
        "max": -1.50880818256e-11,
        "mean": -4.9834758542e-09,
        "min": -2.36608990178e-08,
        "stdev": 3.65550856252e-09
    },
    "spectral_energy": {
        "max": 0.0963470265269,
        "mean": 0.0207112878561,
        "min": 7.62248819228e-05,
        "stdev": 0.0146100800484
    },
    "spectral_energyband_high": {
        "max": 0.035052228719,
        "mean": 0.00121383508667,
        "min": 3.01936097458e-06,
        "stdev": 0.00247531244531
    },
    "spectral_energyband_low": {
        "max": 0.0442611724138,
        "mean": 0.00252518104389,
        "min": 2.16163539335e-06,
        "stdev": 0.00471756467596
    },
    "spectral_energyband_middle_high": {
        "max": 0.0590864121914,
        "mean": 0.00455729477108,
        "min": 1.13268652058e-05,
        "stdev": 0.00497400108725
    },
    "spectral_energyband_middle_low": {
        "max": 0.083266377449,
        "mean": 0.0134545275941,
        "min": 2.09046611417e-05,
        "stdev": 0.0119109051302
    },
    "spectral_entropy": {
        "max": 8.53444957733,
        "mean": 7.41839075089,
        "min": 6.15121459961,
        "stdev": 0.507593274117
    },
    "spectral_flux": {
        "max": 0.248594984412,
        "mean": 0.0664006993175,
        "min": 0.00518845906481,
        "stdev": 0.036181602627
    },
    "spectral_kurtosis": {
        "max": 20.2126045227,
        "mean": 3.23458528519,
        "min": -1.09448957443,
        "stdev": 3.04567694664
    },
    "spectral_rms": {
        "max": 0.0096952104941,
        "mean": 0.00418778182939,
        "min": 0.000272700825008,
        "stdev": 0.00163358426653
    },
    "spectral_rolloff": {
        "max": 7988.81835938,
        "mean": 2391.90917969,
        "min": 193.798828125,
        "stdev": 2119.68505859
    },
    "spectral_skewness": {
        "max": 3.31157255173,
        "mean": 1.19497954845,
        "min": -0.644847810268,
        "stdev": 0.572340786457
    },
    "spectral_spread": {
        "max": 19429086,
        "mean": 4026080.5,
        "min": 1802614,
        "stdev": 1065514
    },
    "spectral_strongpeak": {
        "max": 15.6608572006,
        "mean": 1.19380331039,
        "min": 0.00299006840214,
        "stdev": 1.43655562401
    },
    "zerocrossingrate": {
        "max": 0.259765625,
        "mean": 0.0792774930596,
        "min": 0.00732421875,
        "stdev": 0.0526637621224
    },
    "barkbands": {
        "max": [4.17731425841e-05, 0.0032341897022, 0.0332232154906, 0.0343880727887, 0.0526893958449, 0.0440236106515, 0.0394668392837, 0.0536856837571, 0.032298758626, 0.0265094805509, 0.0570349544287, 0.00881040841341, 0.0126963369548, 0.0129317268729, 0.00996776949614, 0.0159811098129, 0.00895838998258, 0.0183661971241, 0.0151845859364, 0.0107625480741, 0.0157466903329, 0.019707147032, 0.00752230873331, 0.00425715465099, 0.000101610508864, 4.55303143099e-06, 5.31055661668e-07],
        "mean": [1.61458763159e-06, 0.000287395814667, 0.00134131708182, 0.00200162408873, 0.00372835015878, 0.00205930997618, 0.00212513026781, 0.00189727649558, 0.00139132386539, 0.000672501511872, 0.000670736073516, 0.000376730778953, 0.000341613398632, 0.000269304262474, 0.00037790814531, 0.000386443338357, 0.000478646077681, 0.000344189495081, 0.000525801791809, 0.000372170878109, 0.000312220741762, 0.000389493827242, 0.000245753180934, 0.000106955929368, 7.38910921427e-06, 9.36844273269e-08, 1.35891842223e-09],
        "min": [4.0069189633e-10, 2.00767203751e-07, 2.97826943552e-07, 2.40270878749e-07, 1.81795564913e-06, 1.37812685352e-06, 1.549178819e-06, 1.37594236094e-06, 1.44238242683e-06, 3.66315077827e-07, 2.53885332313e-07, 2.96549359291e-07, 2.31563618058e-07, 4.66595963644e-07, 3.71432889779e-07, 4.95003291689e-07, 9.08035929115e-07, 5.73020429329e-07, 1.06551351564e-06, 1.23290737974e-06, 3.37506833148e-07, 5.23529990915e-07, 3.21139879134e-07, 6.3316770138e-07, 1.41884399341e-07, 1.42192355113e-10, 5.99740188068e-11],
        "stdev": [2.78143602372e-06, 0.000489289523102, 0.00327915977687, 0.0030974666588, 0.00507525168359, 0.00331421918236, 0.00407035462558, 0.00420868676156, 0.00325657776557, 0.00172272638883, 0.00271244137548, 0.000664995110128, 0.000849406176712, 0.000522553455085, 0.000718071940355, 0.000789095996879, 0.000797139364295, 0.000872057920787, 0.00126640149392, 0.000719048024621, 0.000920581514947, 0.00106375804171, 0.000574147154111, 0.000233015583945, 9.88922602119e-06, 1.77886178676e-07, 1.19165779466e-08]
    },
    "erbbands": {
        "max": [0.0230908691883, 1.12219297886, 21.1000137329, 66.513961792, 212.729125977, 157.781341553, 462.332641602, 560.721252441, 481.287322998, 710.687988281, 1058.72668457, 969.29498291, 621.051818848, 535.85345459, 1942.64001465, 342.050628662, 507.546813965, 632.906066895, 420.480743408, 490.538116455, 992.344177246, 574.831665039, 1089.53283691, 1097.92932129, 935.267822266, 425.125610352, 433.396820068, 926.630371094, 873.006103516, 287.216674805, 268.579376221, 166.602844238, 18.8460407257, 2.45381736755, 0.19218569994, 0.0303520821035, 0.00894393213093, 0.000711120548658, 0.000140455944347, 0.000137850453029],
        "mean": [0.00263089453802, 0.101637795568, 1.15444493294, 4.59759044647, 11.6691083908, 11.4998264313, 11.6879224777, 17.8268356323, 28.2844486237, 37.1651039124, 39.1882781982, 30.7120037079, 24.1295681, 17.6391048431, 28.1687831879, 16.9081344604, 14.9912719727, 15.5725231171, 18.025560379, 18.9179801941, 22.472120285, 26.3357048035, 21.6318569183, 25.6722660065, 24.3013134003, 17.6244659424, 12.4595861435, 13.602139473, 14.6786327362, 7.97836303711, 7.45573663712, 4.08691358566, 0.918265581131, 0.176280558109, 0.0179274324328, 0.00155976193491, 0.000137568771606, 2.08617129829e-05, 1.59382052516e-05, 2.67561736109e-05],
        "min": [8.24178096082e-06, 0.000102970145235, 0.000392547313822, 0.00144026218913, 0.00265025813133, 0.00602542655542, 0.00753210717812, 0.00908746477216, 0.0187429916114, 0.0253921281546, 0.0303433369845, 0.0325407423079, 0.019495844841, 0.0117481043562, 0.0235865842551, 0.0163730569184, 0.0135577404872, 0.0237720180303, 0.0246062986553, 0.029227938503, 0.0368239209056, 0.0488825663924, 0.0369253754616, 0.0443503074348, 0.0459012687206, 0.0599909871817, 0.0283329077065, 0.0149002615362, 0.0230596587062, 0.00764141744003, 0.00948773138225, 0.0207405313849, 0.00441468507051, 0.00175926624797, 0.00092260009842, 0.000192326246179, 1.27008579511e-05, 1.02904232335e-06, 2.24002093319e-07, 1.80798835459e-07],
        "stdev": [0.00336968502961, 0.157275080681, 2.23382973671, 7.71852064133, 19.0078926086, 15.8069934845, 20.9605674744, 33.4572677612, 50.3649291992, 65.5216598511, 89.810508728, 72.5001983643, 52.6538467407, 43.0937423706, 94.8806152344, 28.5720939636, 33.5328788757, 27.5679855347, 33.5936088562, 32.7285614014, 42.1338157654, 44.0606575012, 51.8172607422, 81.0203933716, 49.764339447, 33.0637702942, 31.2447948456, 45.5138053894, 42.802482605, 19.3843746185, 17.9907054901, 9.61121463776, 1.69257032871, 0.254524558783, 0.0194565616548, 0.00175903365016, 0.000291251606541, 3.83852639061e-05, 1.2573938875e-05, 1.79777325684e-05]
    },
    "gfcc": {
        "mean": [-32.9848899841, 108.644142151, -156.008956909, 50.5654602051, -90.0322418213, 3.02451705933, -44.090473175, -8.10577774048, -14.8955554962, -21.1394577026, -5.39893913269, -20.3689823151, -5.56422185898],
        "cov": [[2537.60498047, 133.426223755, -549.479553223, 146.65234375, -76.5461273193, -171.800979614, 129.19708252, -252.492141724, 85.4439315796, -210.638397217, 82.6506652832, -70.5886917114, 5.42368078232], [133.426223755, 1669.26367188, 367.31149292, -358.28125, 366.466430664, -467.688171387, -41.0215454102, -67.1954116821, -174.292709351, -125.790077209, 52.3015899658, -148.112060547, -77.158493042], [-549.479553223, 367.31149292, 758.002197266, 115.915397644, -48.6538200378, 29.0393123627, 29.6763706207, 64.7358016968, -85.1660385132, 63.0632362366, -56.1033210754, -2.39591169357, -27.1872310638], [146.65234375, -358.28125, 115.915397644, 449.054504395, -16.8520698547, 117.70766449, 71.7270278931, -7.0029759407, 12.0390796661, 31.816532135, -32.7495727539, 53.3103904724, 4.99129199982], [-76.5461273193, 366.466430664, -48.6538200378, -16.8520698547, 315.148651123, -90.7593612671, -58.6015014648, -6.66104888916, -56.7306175232, -25.1103878021, 30.8275146484, -24.1732730865, -20.0256671906], [-171.800979614, -467.688171387, 29.0393123627, 117.70766449, -90.7593612671, 392.639923096, 77.4881057739, 25.2189407349, 59.3369979858, 58.8409881592, -31.8888282776, 55.0592269897, 32.5369949341], [129.19708252, -41.0215454102, 29.6763706207, 71.7270278931, -58.6015014648, 77.4881057739, 178.327041626, 37.7816123962, -7.03836202621, -2.21566724777, -27.0137805939, 18.0372600555, -17.6829376221], [-252.492141724, -67.1954116821, 64.7358016968, -7.0029759407, -6.66104888916, 25.2189407349, 37.7816123962, 153.555267334, 14.6672010422, 17.082157135, -16.4174137115, 0.672274529934, -7.35872125626], [85.4439315796, -174.292709351, -85.1660385132, 12.0390796661, -56.7306175232, 59.3369979858, -7.03836202621, 14.6672010422, 112.68952179, 24.2755699158, -2.02313542366, -5.28601169586, 19.756439209], [-210.638397217, -125.790077209, 63.0632362366, 31.816532135, -25.1103878021, 58.8409881592, -2.21566724777, 17.082157135, 24.2755699158, 118.601631165, 7.86896657944, 15.8807258606, 6.13546228409], [82.6506652832, 52.3015899658, -56.1033210754, -32.7495727539, 30.8275146484, -31.8888282776, -27.0137805939, -16.4174137115, -2.02313542366, 7.86896657944, 72.6530914307, 5.87549495697, -12.0718164444], [-70.5886917114, -148.112060547, -2.39591169357, 53.3103904724, -24.1732730865, 55.0592269897, 18.0372600555, 0.672274529934, -5.28601169586, 15.8807258606, 5.87549495697, 86.9779052734, 18.5745677948], [5.42368078232, -77.158493042, -27.1872310638, 4.99129199982, -20.0256671906, 32.5369949341, -17.6829376221, -7.35872125626, 19.756439209, 6.13546228409, -12.0718164444, 18.5745677948, 69.0347137451]],
        "icov": [[0.0011431730818, -0.000776391243562, 0.0011337120086, -0.00137097563129, 0.00129475526046, 3.18818965752e-05, -0.000821997586172, 0.00100814097095, -0.000763138174079, 0.00122434191871, -0.00141535524745, 0.000920558348298, -0.000540098641068], [-0.000776391243562, 0.00691526383162, -0.0065332450904, 0.00621269643307, -0.0083134630695, 0.00489899283275, -0.00604226533324, 0.00457155890763, -0.00232666614465, 0.00318261235952, -0.00282773002982, 0.00283543718979, -0.00188740307931], [0.0011337120086, -0.0065332450904, 0.00829473044723, -0.00665531354025, 0.00860195234418, -0.00450488040224, 0.00570663344115, -0.00461380276829, 0.00408409256488, -0.00366570544429, 0.00325399567373, -0.00155120599084, 0.00208846922033], [-0.00137097563129, 0.00621269643307, -0.00665531354025, 0.00894358940423, -0.00832321867347, 0.00369051308371, -0.00548415398225, 0.00404502311721, -0.00254567642696, 0.00160281732678, -0.00037711171899, 1.30586304294e-05, -0.000826874515042], [0.00129475526046, -0.0083134630695, 0.00860195234418, -0.00832321867347, 0.0144097255543, -0.0055586672388, 0.00827666465193, -0.00586853036657, 0.00521693471819, -0.00312891928479, 0.00161628448404, -0.001648706384, 0.0024015835952], [3.18818965752e-05, 0.00489899283275, -0.00450488040224, 0.00369051308371, -0.0055586672388, 0.00754189724103, -0.0064196344465, 0.00417668558657, -0.00390417105518, 0.00194229837507, -0.0019937211182, 0.00106535537634, -0.0026247666683], [-0.000821997586172, -0.00604226533324, 0.00570663344115, -0.00548415398225, 0.00827666465193, -0.0064196344465, 0.0155507577583, -0.00809244439006, 0.00555395148695, -0.0042816400528, 0.00681096129119, -0.00481092976406, 0.00577892269939], [0.00100814097095, 0.00457155890763, -0.00461380276829, 0.00404502311721, -0.00586853036657, 0.00417668558657, -0.00809244439006, 0.0130649292842, -0.00542406039312, 0.00366391404532, -0.00293070473708, 0.0028127359692, -0.00147286301944], [-0.000763138174079, -0.00232666614465, 0.00408409256488, -0.00254567642696, 0.00521693471819, -0.00390417105518, 0.00555395148695, -0.00542406039312, 0.0163236446679, -0.00507373502478, 0.00216613709927, 0.00186599767767, -0.00089406198822], [0.00122434191871, 0.00318261235952, -0.00366570544429, 0.00160281732678, -0.00312891928479, 0.00194229837507, -0.0042816400528, 0.00366391404532, -0.00507373502478, 0.0145854949951, -0.00662298686802, 0.00203113257885, -0.00217672507279], [-0.00141535524745, -0.00282773002982, 0.00325399567373, -0.00037711171899, 0.00161628448404, -0.0019937211182, 0.00681096129119, -0.00293070473708, 0.00216613709927, -0.00662298686802, 0.0225481521338, -0.00697499327362, 0.00688849762082], [0.000920558348298, 0.00283543718979, -0.00155120599084, 1.30586304294e-05, -0.001648706384, 0.00106535537634, -0.00481092976406, 0.0028127359692, 0.00186599767767, 0.00203113257885, -0.00697499327362, 0.0184287633747, -0.00632059713826], [-0.000540098641068, -0.00188740307931, 0.00208846922033, -0.000826874515042, 0.0024015835952, -0.0026247666683, 0.00577892269939, -0.00147286301944, -0.00089406198822, -0.00217672507279, 0.00688849762082, -0.00632059713826, 0.0199121572077]]
    },
    "melbands": {
        "max": [0.000465965422336, 0.00843945052475, 0.0121640600264, 0.0124974101782, 0.0139140402898, 0.0107260113582, 0.00743431737646, 0.00675868568942, 0.0092652188614, 0.00643170252442, 0.00306350109167, 0.00240649166517, 0.00892233662307, 0.00121389399283, 0.000980939599685, 0.00175738194957, 0.00140461872797, 0.000636091514025, 0.00095622218214, 0.000884013425093, 0.00157891237177, 0.000497669097967, 0.00113307498395, 0.000587958144024, 0.00114809721708, 0.000725218153093, 0.00068068492692, 0.000288570678094, 0.000264214526396, 0.000406651815865, 0.000566838425584, 0.000647014938295, 0.000202033072128, 0.000144708945299, 0.000171879306436, 0.000166673038621, 7.18110604794e-05, 1.40811653182e-05, 4.22994025939e-06, 1.34116498884e-06],
        "mean": [4.80255184812e-05, 0.000475705775898, 0.00100898183882, 0.00087572686607, 0.000410357431974, 0.00041327974759, 0.000435874680988, 0.000418496172642, 0.000316110439599, 0.000184724209248, 0.000118169991765, 7.0025351306e-05, 9.59160097409e-05, 5.18855267728e-05, 3.37902201863e-05, 3.62757091352e-05, 2.72171946563e-05, 2.68984549621e-05, 2.74694393738e-05, 2.61291606876e-05, 2.64897335001e-05, 2.67679333774e-05, 2.51065321208e-05, 1.54682438733e-05, 2.24547675316e-05, 1.53447599587e-05, 1.75901896e-05, 1.01352216006e-05, 7.54763595978e-06, 6.82935251461e-06, 8.50949709275e-06, 8.91309900908e-06, 6.50046149531e-06, 3.50355458067e-06, 4.26135966336e-06, 3.80323194804e-06, 2.04881894206e-06, 6.28099144251e-07, 3.27062963379e-07, 8.16487002453e-08],
        "min": [5.77604453156e-08, 2.76649615216e-07, 3.9568902821e-07, 1.65308080113e-07, 3.14779782684e-07, 1.84034291806e-07, 3.20670437759e-07, 2.59510869682e-07, 1.97921764311e-07, 2.18583849687e-07, 9.18682019346e-08, 4.66389309395e-08, 5.41705382773e-08, 3.93383743358e-08, 2.4077705163e-08, 2.16607336512e-08, 4.16041991969e-08, 3.93117218778e-08, 3.45208555075e-08, 3.71460799897e-08, 3.78959796876e-08, 3.48298598851e-08, 4.33548272838e-08, 2.41736870521e-08, 2.5934435044e-08, 3.0061723777e-08, 3.15096890802e-08, 3.87411205338e-08, 1.03279349517e-08, 8.29531643376e-09, 8.40907077304e-09, 1.69175891074e-08, 4.61025839726e-09, 3.83391496328e-09, 3.35629191106e-09, 1.17629799234e-08, 8.95804141976e-09, 3.02680747133e-09, 1.60108359903e-09, 1.38425171325e-09],
        "stdev": [7.62826603022e-05, 0.000895703560673, 0.00142784835771, 0.00121285405476, 0.000649460824206, 0.000704383535776, 0.000777536130045, 0.000772729516029, 0.000741654308513, 0.00044446188258, 0.000270044634817, 0.000183312557056, 0.000411481945775, 9.48368178797e-05, 6.09890703345e-05, 0.000105188184534, 5.37475643796e-05, 5.10974605277e-05, 5.30204561073e-05, 5.2655555919e-05, 5.70470765524e-05, 4.29651227023e-05, 6.2217208324e-05, 3.7647820136e-05, 8.23040536488e-05, 3.48182074958e-05, 3.96869545511e-05, 2.11614751606e-05, 1.94240055862e-05, 2.08644196391e-05, 3.0054103263e-05, 2.91735650535e-05, 1.65007386386e-05, 1.01973500932e-05, 1.05402459667e-05, 9.91193246591e-06, 4.67745076094e-06, 1.19042113056e-06, 5.30413444721e-07, 1.10866224645e-07]
    },
    "melbands128": {
        "max": [2.34137969528e-05, 9.26910288399e-05, 0.000522175105289, 0.00223832251504, 0.00579717289656, 0.0210318900645, 0.0152258630842, 0.0206572078168, 0.0296169035137, 0.0210607778281, 0.0111759947613, 0.0151550360024, 0.0229668691754, 0.0144326929003, 0.0208131335676, 0.0116905793548, 0.0129427723587, 0.0127551555634, 0.0157613176852, 0.0104664657265, 0.0126764588058, 0.0203269477934, 0.0157936662436, 0.0116449156776, 0.0105291493237, 0.00944447983056, 0.00775301409885, 0.00444528926164, 0.00931262504309, 0.00400527240708, 0.00184172939043, 0.00785077549517, 0.0179569032043, 0.00642455369234, 0.00150008755736, 0.00191708502825, 0.00176481064409, 0.00120975845493, 0.00172031729016, 0.00122997781727, 0.00342543050647, 0.000907747424208, 0.00137841852847, 0.00258648954332, 0.000676339841448, 0.00116160744801, 0.00137215387076, 0.0024276166223, 0.000687994528562, 0.00141189387068, 0.00150976434816, 0.00165770493913, 0.00167755503207, 0.00270017515868, 0.00111290300265, 0.000482918258058, 0.00154701608699, 0.00113927549683, 0.00219781603664, 0.00173963024281, 0.000486570934299, 0.000839931890368, 0.00174924649764, 0.00176609656774, 0.000652709743008, 0.00101685128175, 0.000970411114395, 0.00122366670985, 0.00157119403593, 0.000505915726535, 0.000547859002836, 0.00031997289625, 0.000268556614174, 0.000383681763196, 0.000678089796565, 0.000366490421584, 0.000771749415435, 0.000652377028018, 0.000763605232351, 0.000565657042898, 0.00100275862496, 0.00048171664821, 0.000368224224076, 0.000363156257663, 0.000241098474362, 0.000300472340314, 0.000402272387873, 0.000228938049986, 0.000173083361005, 0.000305069930619, 0.000197467335965, 0.000278072315268, 0.000122486846521, 6.86394341756e-05, 3.72411923308e-05, 2.35695115407e-05, 1.07747737275e-05, 1.44646046465e-05, 6.48569221084e-06, 3.40866404258e-06, 2.0801867322e-06, 1.38059829169e-06, 9.5467612482e-07, 3.65688833881e-07, 2.08477231922e-07, 1.23131485452e-07, 4.35631832829e-08, 5.96723310764e-08, 5.26545598234e-08, 4.19161025889e-08, 2.51845566623e-08, 4.66699958679e-08, 2.28702621285e-08, 2.52762735187e-08, 1.22026984073e-08, 6.44992725896e-09, 2.61634336418e-09, 2.52369281029e-09, 2.4421193956e-09, 2.36733832537e-09, 2.26887442167e-09, 2.23106821906e-09, 2.17605733432e-09, 2.13312834063e-09, 2.11132733519e-09, 2.08681982805e-09, 2.07154271514e-09, 2.06145434056e-09],
        "mean": [1.14497561299e-06, 7.1407903306e-06, 3.6108376662e-05, 0.000181795752724, 0.000427387509262, 0.000736785004847, 0.000878457678482, 0.00106179341674, 0.00128395331558, 0.000962980149779, 0.000582680106163, 0.000371313042706, 0.000389465451008, 0.000416453491198, 0.000383382459404, 0.000408574007452, 0.000495033455081, 0.000393668160541, 0.000463058328023, 0.000374868512154, 0.000472851708764, 0.000323680869769, 0.000318127131322, 0.000284982146695, 0.000179407114047, 0.00016759520804, 0.000119893426017, 0.00012296847126, 0.000109082589915, 7.46437217458e-05, 4.5478111133e-05, 7.36747242627e-05, 0.000118042960821, 0.000111824032501, 3.9473441575e-05, 4.46648809884e-05, 4.78325491713e-05, 3.25130422425e-05, 2.66643128271e-05, 2.8425207347e-05, 4.61540366814e-05, 3.45600383298e-05, 2.22093858611e-05, 3.05090143229e-05, 1.93268479052e-05, 2.40455465246e-05, 3.96616087528e-05, 2.67588493443e-05, 2.33283280977e-05, 2.33636892517e-05, 2.80610220216e-05, 2.78649877146e-05, 2.44327748078e-05, 2.57885913015e-05, 2.99712537526e-05, 2.17983051698e-05, 3.09807692247e-05, 2.96572725347e-05, 2.10275484278e-05, 1.9978155251e-05, 1.27288940348e-05, 1.37398483275e-05, 2.57729298028e-05, 2.63789934252e-05, 1.16089922813e-05, 1.23502950373e-05, 2.10956150113e-05, 1.90577702597e-05, 1.79140752152e-05, 1.29076443045e-05, 1.1503288988e-05, 7.59074600865e-06, 6.75378805681e-06, 7.962114978e-06, 8.26150335342e-06, 6.45770660412e-06, 6.06420098848e-06, 7.25678319213e-06, 8.64729008754e-06, 1.05299723145e-05, 8.9228460638e-06, 8.5518886408e-06, 7.71593931859e-06, 7.22467029846e-06, 4.33911645814e-06, 3.84544364351e-06, 3.15014722219e-06, 3.16105592901e-06, 4.13925135945e-06, 5.43430132893e-06, 4.3385061872e-06, 3.40730775861e-06, 2.56014641309e-06, 2.48375590672e-06, 1.42317526297e-06, 7.43282043913e-07, 4.01447124432e-07, 5.27433883235e-07, 3.77698995635e-07, 2.13709384411e-07, 1.13122951007e-07, 6.07404473385e-08, 3.90719776533e-08, 2.249639941e-08, 1.21320313795e-08, 6.93769219851e-09, 3.86496257221e-09, 2.25389262809e-09, 1.31981081619e-09, 7.89106502364e-10, 4.48237169604e-10, 1.75556569282e-10, 8.14599707133e-11, 7.29089913443e-11, 5.4486908041e-11, 3.73336327131e-11, 1.64968871896e-11, 5.14414856198e-12, 4.96966183483e-12, 4.85623563931e-12, 4.72427175505e-12, 4.64684714319e-12, 4.54230620131e-12, 4.45241066238e-12, 4.40609874974e-12, 4.36910490426e-12, 4.34059906074e-12, 4.31022101691e-12],
        "min": [7.25100925483e-12, 6.88009205163e-09, 1.88346600538e-08, 4.93709642058e-08, 4.6671210896e-08, 1.42122772218e-07, 9.78255130235e-08, 6.98986752923e-08, 8.63949267682e-08, 8.62865547901e-08, 1.69609801759e-08, 1.05379690751e-07, 1.66353473219e-07, 7.95641028617e-08, 9.27023293684e-08, 7.65795533653e-08, 8.92151490461e-08, 6.89985029112e-08, 7.18863617521e-08, 1.44298581972e-07, 1.24706389215e-07, 1.00678036574e-07, 4.44139303113e-08, 3.07458591919e-08, 7.35940659524e-08, 1.058329957e-07, 4.55654571851e-08, 5.81761980811e-08, 4.53078286e-08, 2.24915499558e-08, 3.11654204666e-08, 2.31514452054e-08, 1.12703757438e-08, 1.21738050751e-08, 1.57423638569e-08, 1.17880514239e-08, 7.21375137402e-09, 6.95627688785e-09, 1.57278119417e-08, 1.43571545763e-08, 1.91839504282e-08, 1.02588142425e-08, 1.71178147212e-08, 2.59423273974e-08, 1.80708319419e-08, 2.12542659028e-08, 1.82173547358e-08, 1.55805750524e-08, 2.49636205041e-08, 1.0488353297e-08, 2.1283701912e-08, 2.28567511584e-08, 2.68399471537e-08, 1.82925301573e-08, 2.27242384909e-08, 2.85394783361e-08, 2.47818583432e-08, 4.94606382517e-08, 2.08604085117e-08, 1.90552054136e-08, 8.53983017635e-09, 3.68036867648e-09, 1.3666316967e-08, 2.49949732023e-08, 2.00844780807e-08, 2.36433130851e-08, 2.24922054315e-08, 2.45427518308e-08, 1.88311162219e-08, 1.8221925302e-08, 2.08448902583e-08, 1.84859807462e-08, 5.71178793152e-09, 6.97355106993e-09, 5.15272713386e-09, 1.07354365397e-08, 4.19877510538e-09, 4.89382312452e-09, 7.89903786824e-09, 1.48409569078e-08, 9.03061803115e-09, 1.33125181989e-08, 2.89542279042e-09, 4.43079750667e-09, 2.89180945856e-09, 4.87494444812e-09, 4.04211508709e-09, 2.16300510836e-09, 2.62613508717e-09, 4.71817607206e-09, 6.27157747957e-09, 9.87611148417e-09, 8.3212396973e-09, 7.2269719098e-09, 4.30728075429e-09, 3.57396423567e-09, 1.90587323701e-09, 1.36159405972e-09, 1.56629031967e-09, 1.80043080444e-09, 1.3867006432e-09, 1.30080868299e-09, 4.83643958216e-10, 1.1232503816e-09, 6.87231438423e-10, 3.95835392242e-10, 6.86048266807e-12, 1.11776191601e-12, 1.04363056825e-12, 4.44396716691e-13, 3.61607689322e-13, 3.693798197e-13, 2.88698752404e-13, 1.95627422681e-13, 2.37004128345e-13, 1.44952707606e-13, 1.80017540588e-13, 1.63319309248e-13, 2.17873570747e-13, 1.80444580718e-13, 2.4459975061e-13, 2.56519306664e-13, 1.73643366938e-13, 1.80711619713e-13, 2.216604992e-13, 2.39798171554e-13, 2.34959051998e-13, 1.80842306733e-13],
        "stdev": [1.82722351383e-06, 1.15075172289e-05, 6.48322238703e-05, 0.00032773395651, 0.000697955547366, 0.00203533284366, 0.00178719102405, 0.00172837311402, 0.00249970378354, 0.00163207994774, 0.00102137075737, 0.000755987595767, 0.000936672964599, 0.000823980604764, 0.00107440922875, 0.000868998817168, 0.00108468881808, 0.000968626060057, 0.00135500635952, 0.000779318448622, 0.0011976325186, 0.00122973707039, 0.000913305499125, 0.000937710574362, 0.000634967116639, 0.000538437918294, 0.000467830250273, 0.000323323707562, 0.000476205023006, 0.000254613580182, 0.000104897640995, 0.00041023772792, 0.000779012392741, 0.000339169520885, 9.62575504673e-05, 0.000116092720418, 0.000118025040138, 7.84248040873e-05, 8.11196150607e-05, 8.00291600171e-05, 0.000202535229619, 7.1975744504e-05, 5.7133154769e-05, 9.29252128117e-05, 4.80680755572e-05, 5.82099164603e-05, 0.000109774729935, 8.61023363541e-05, 5.48046591575e-05, 6.35042524664e-05, 6.93809997756e-05, 8.54063328006e-05, 6.43901948933e-05, 8.29376003821e-05, 6.87248830218e-05, 3.97343465011e-05, 8.45050672069e-05, 7.90635822341e-05, 7.90552658145e-05, 7.41973199183e-05, 3.72578615497e-05, 5.63179855817e-05, 0.000112301364425, 0.000122808909509, 3.56403761543e-05, 3.76878779207e-05, 5.63664361835e-05, 4.84623524244e-05, 6.3705665525e-05, 3.30110633513e-05, 3.36512639478e-05, 2.04940479307e-05, 1.93418800336e-05, 2.71833232546e-05, 3.36594202963e-05, 2.10061716643e-05, 2.55722916336e-05, 3.08506132569e-05, 3.41284903698e-05, 3.6794845073e-05, 3.68086512026e-05, 2.90225325443e-05, 2.09776844713e-05, 2.29849320021e-05, 1.30819762489e-05, 1.46474303619e-05, 1.57493286679e-05, 1.24749731185e-05, 1.13161422632e-05, 1.57916019816e-05, 1.19916358017e-05, 1.05897242975e-05, 6.54913446851e-06, 5.86396299695e-06, 3.25068594975e-06, 1.66516235822e-06, 7.76142428549e-07, 1.18031368856e-06, 6.86348414547e-07, 3.54639979605e-07, 1.74528580033e-07, 9.80087975222e-08, 6.13102386637e-08, 2.86784800352e-08, 1.50987844449e-08, 8.80318040686e-09, 4.79628781136e-09, 3.14968118253e-09, 2.38797759344e-09, 1.62857771713e-09, 1.0334806344e-09, 1.15444753757e-09, 7.60938589917e-10, 7.00204449977e-10, 3.70956709794e-10, 2.1347960899e-10, 8.57836995882e-11, 5.62061786002e-11, 5.43731552838e-11, 5.2709413223e-11, 5.05299482811e-11, 4.9685748571e-11, 4.84676118684e-11, 4.74918541993e-11, 4.7001194603e-11, 4.64475020945e-11, 4.60992702345e-11, 4.58886054155e-11]
    },
    "mfcc": {
        "mean": [-651.888000488, 109.390548706, -5.09406709671, 23.9928359985, -12.1713867188, -2.77673172951, -17.1576938629, 0.655991017818, -12.9658126831, -1.25042033195, -9.22574615479, -2.29499197006, -6.12842035294],
        "cov": [[3019.85107422, -326.230072021, -550.417724609, 23.5458049774, -205.960693359, 87.9688415527, -154.178359985, 51.2395973206, -116.26763916, 32.4245185852, -157.068908691, -18.3679275513, 8.66313838959], [-326.230072021, 2062.81420898, -61.1208610535, 174.888259888, 184.086425781, -348.13885498, 88.5016555786, -135.043624878, -183.385482788, -155.496963501, 61.9428405762, -100.757270813, -82.1151809692], [-550.417724609, -61.1208610535, 784.126159668, 107.311668396, -77.2536697388, 116.081695557, 62.5948219299, 31.2913990021, 86.4243545532, 18.4199485779, 45.9051742554, 21.4112758636, -8.07216739655], [23.5458049774, 174.888259888, 107.311668396, 384.550598145, 58.9986724854, -28.7030124664, 41.304309845, -7.63653516769, -12.6381120682, -54.6963043213, 26.0414352417, -12.9803791046, 14.2128133774], [-205.960693359, 184.086425781, -77.2536697388, 58.9986724854, 255.508239746, -6.03630876541, 12.037156105, -29.4755916595, -32.211063385, 13.9371385574, -7.01369810104, -6.73278808594, 1.01134443283], [87.9688415527, -348.13885498, 116.081695557, -28.7030124664, -6.03630876541, 263.390960693, 36.8317718506, 30.157491684, 59.3773002625, 6.81874990463, 1.01459407806, 40.4696578979, 17.5032405853], [-154.178359985, 88.5016555786, 62.5948219299, 41.304309845, 12.037156105, 36.8317718506, 135.635528564, 48.9905395508, 16.9775733948, -14.181178093, 35.4177742004, 21.7547206879, 3.0032324791], [51.2395973206, -135.043624878, 31.2913990021, -7.63653516769, -29.4755916595, 30.157491684, 48.9905395508, 142.370422363, 47.6948127747, 7.57483863831, 10.3185377121, 12.2724409103, 8.89515781403], [-116.26763916, -183.385482788, 86.4243545532, -12.6381120682, -32.211063385, 59.3773002625, 16.9775733948, 47.6948127747, 126.467292786, 40.9525756836, 2.52527689934, 11.0100030899, 12.2952690125], [32.4245185852, -155.496963501, 18.4199485779, -54.6963043213, 13.9371385574, 6.81874990463, -14.181178093, 7.57483863831, 40.9525756836, 151.003173828, -12.3364009857, -0.214129477739, -2.16010117531], [-157.068908691, 61.9428405762, 45.9051742554, 26.0414352417, -7.01369810104, 1.01459407806, 35.4177742004, 10.3185377121, 2.52527689934, -12.3364009857, 116.568725586, 27.2726707458, -23.9386367798], [-18.3679275513, -100.757270813, 21.4112758636, -12.9803791046, -6.73278808594, 40.4696578979, 21.7547206879, 12.2724409103, 11.0100030899, -0.214129477739, 27.2726707458, 107.33366394, 44.9442367554], [8.66313838959, -82.1151809692, -8.07216739655, 14.2128133774, 1.01134443283, 17.5032405853, 3.0032324791, 8.89515781403, 12.2952690125, -2.16010117531, -23.9386367798, 44.9442367554, 135.762863159]],
        "icov": [[0.000673072703648, -0.000159095929121, 0.000621086393949, -0.000624143867753, 0.00101721507963, -0.000969493587036, 0.000863180670422, -0.000795479223598, 0.00102949037682, -0.000751601357479, 0.000781709095463, -0.00029618354165, 0.000244225433562], [-0.000159095929121, 0.000994204776362, -0.000316868856316, 0.000228029530263, -0.000822878733743, 0.00143845344428, -0.00131081161089, 0.000945045787375, 0.000106451516331, 0.000955868454184, -0.000451440690085, 0.000636070908513, 7.19276504242e-05], [0.000621086393949, -0.000316868856316, 0.00223502935842, -0.00118558236863, 0.00162841903511, -0.00169508671388, 0.000571954355109, -0.000604922825005, 0.000187511803233, -0.00116085947957, 0.000438191433204, -0.000400268938392, 0.000433431385318], [-0.000624143867753, 0.000228029530263, -0.00118558236863, 0.00389418355189, -0.00194025610108, 0.00160330045037, -0.00160405738279, 0.00104046775959, -0.0010919815395, 0.00200050976127, -0.00135267700534, 0.00118350854609, -0.00102494796738], [0.00101721507963, -0.000822878733743, 0.00162841903511, -0.00194025610108, 0.00655185244977, -0.00265809008852, 0.00102773902472, -0.000784521340393, 0.00242359819822, -0.00283605325967, 0.00163878581952, -0.000660810736008, 0.000302985281451], [-0.000969493587036, 0.00143845344428, -0.00169508671388, 0.00160330045037, -0.00265809008852, 0.00779936322942, -0.0034934557043, 0.0021114568226, -0.00296689616516, 0.00268392218277, -0.000678873388097, -0.000420078955358, -5.27649935975e-05], [0.000863180670422, -0.00131081161089, 0.000571954355109, -0.00160405738279, 0.00102773902472, -0.0034934557043, 0.0124539863318, -0.00517047708854, 0.00102141778916, -0.00104202423245, -0.000875466852449, -0.00192448101006, 0.000233675440541], [-0.000795479223598, 0.000945045787375, -0.000604922825005, 0.00104046775959, -0.000784521340393, 0.0021114568226, -0.00517047708854, 0.0108330659568, -0.00392191344872, 0.00151351571549, -0.00106854492333, 0.000835110142361, -0.00046991664567], [0.00102949037682, 0.000106451516331, 0.000187511803233, -0.0010919815395, 0.00242359819822, -0.00296689616516, 0.00102141778916, -0.00392191344872, 0.0133944069967, -0.00389577751048, 0.000859106890857, 0.000216435451875, -0.00047222545254], [-0.000751601357479, 0.000955868454184, -0.00116085947957, 0.00200050976127, -0.00283605325967, 0.00268392218277, -0.00104202423245, 0.00151351571549, -0.00389577751048, 0.00961870793253, -0.000516752479598, 0.000567993090954, 0.000173354012077], [0.000781709095463, -0.000451440690085, 0.000438191433204, -0.00135267700534, 0.00163878581952, -0.000678873388097, -0.000875466852449, -0.00106854492333, 0.000859106890857, -0.000516752479598, 0.0122006479651, -0.0045747817494, 0.00358917959966], [-0.00029618354165, 0.000636070908513, -0.000400268938392, 0.00118350854609, -0.000660810736008, -0.000420078955358, -0.00192448101006, 0.000835110142361, 0.000216435451875, 0.000567993090954, -0.0045747817494, 0.0137620940804, -0.00507029565051], [0.000244225433562, 7.19276504242e-05, 0.000433431385318, -0.00102494796738, 0.000302985281451, -5.27649935975e-05, 0.000233675440541, -0.00046991664567, -0.00047222545254, 0.000173354012077, 0.00358917959966, -0.00507029565051, 0.00991385430098]]
    },
    "spectral_contrast_coeffs": {
        "max": [-0.341407477856, -0.382867753506, -0.456713736057, -0.538147211075, -0.568646967411, -0.467875212431],
        "mean": [-0.648531019688, -0.730429768562, -0.747391760349, -0.778602659702, -0.758816123009, -0.728590488434],
        "min": [-0.880083024502, -0.927178502083, -0.916165173054, -0.916242837906, -0.889273226261, -0.925049781799],
        "stdev": [0.0926915258169, 0.0906269326806, 0.0801079720259, 0.0601163171232, 0.0646572783589, 0.0568291433156]
    },
    "spectral_contrast_valleys": {
        "max": [-5.23021936417, -4.87736368179, -5.55460691452, -5.78701019287, -5.3469080925, -8.41583442688],
        "mean": [-7.28827142715, -6.69199419022, -7.6701669693, -7.8919262886, -7.69923496246, -10.4689807892],
        "min": [-9.92596149445, -9.16997146606, -10.0989646912, -10.1587753296, -9.43987560272, -11.7389917374],
        "stdev": [0.827961325645, 0.673704266548, 0.722984731197, 0.793962419033, 0.687050402164, 0.646585702896]
    }
},
"rhythm": {
    "beats_count": 79,
    "beats_loudness": {
        "max": 0.0756538808346,
        "mean": 0.0279551632702,
        "min": 0.000145207552123,
        "stdev": 0.0172491353005
    },
    "bpm": 95.9034347534,
    "bpm_histogram_first_peak_bpm": 96,
    "bpm_histogram_first_peak_weight": 0.523809552193,
    "bpm_histogram_second_peak_bpm": 115,
    "bpm_histogram_second_peak_spread": 0.444444477558,
    "bpm_histogram_second_peak_weight": 0.128205135465,
    "danceability": 0.981767892838,
    "onset_rate": 2.6044921875,
    "beats_loudness_band_ratio": {
        "max": [0.658700108528, 0.661385953426, 0.942474722862, 0.442731440067, 0.616147816181, 0.962419450283],
        "mean": [0.238482102752, 0.258447080851, 0.280228108168, 0.0943473950028, 0.0870953053236, 0.129023209214],
        "min": [0.00292063946836, 0.00167511461768, 0.000769922626205, 0.000575899728574, 0.00191151234321, 0.00257964874618],
        "stdev": [0.177718639374, 0.162780538201, 0.215895563364, 0.0871448069811, 0.105487272143, 0.191871896386]
    },
