{
"metadata": {
    "version": {
        "essentia": "2.1-beta5",
        "essentia_git_sha": "Undefined",
        "extractor": "music 2.0"
    },
    "audio_properties": {
        "analysis": {
            "equal_loudness": 0,
            "length": 48.7502937317,
            "sample_rate": 44100,
            "start_time": 77.7520217896,
            "downmix": "mix"
        },
        "bit_rate": 192000,
        "length": 242.648529053,
        "lossless": 0,
        "number_channels": 2,
        "replay_gain": 2.9273891449,
        "sample_rate": 44100,
        "codec": "mp3",
        "md5_encoded": "aadec58fb860aec39d30ee840746afc1"
    },
    "tags": {
        "file_name": "Yugoslavia_Leila_Seid-Memic Vajta.mp3",
        "encoding": ["Lavf58.29.100"]
    }
},
"lowlevel": {
    "average_loudness": 0.837827980518,
    "barkbands_crest": {
        "max": 24.1456737518,
        "mean": 9.54730319977,
        "min": 2.88551187515,
        "stdev": 3.72075104713
    },
    "barkbands_flatness_db": {
        "max": 0.31674939394,
        "mean": 0.184230878949,
        "min": 0.0864262729883,
        "stdev": 0.0359145477414
    },
    "barkbands_kurtosis": {
        "max": 27.5365867615,
        "mean": 1.40060865879,
        "min": -1.86035382748,
        "stdev": 2.64263129234
    },
    "barkbands_skewness": {
        "max": 4.66564464569,
        "mean": 0.998333096504,
        "min": -1.16452026367,
        "stdev": 0.685824036598
    },
    "barkbands_spread": {
        "max": 46.692779541,
        "mean": 13.3144340515,
        "min": 1.40613400936,
        "stdev": 6.41648864746
    },
    "dissonance": {
        "max": 0.5,
        "mean": 0.455037325621,
        "min": 0.302648931742,
        "stdev": 0.0317770801485
    },
    "dynamic_complexity": 3.93796515465,
    "erbbands_crest": {
        "max": 29.1423873901,
        "mean": 10.658867836,
        "min": 3.64229655266,
        "stdev": 4.60237693787
    },
    "erbbands_flatness_db": {
        "max": 0.380002766848,
        "mean": 0.246802091599,
        "min": 0.139015302062,
        "stdev": 0.0390401855111
    },
    "erbbands_kurtosis": {
        "max": 18.6880950928,
        "mean": 0.307149499655,
        "min": -1.80206942558,
        "stdev": 1.83870792389
    },
    "erbbands_skewness": {
        "max": 3.42049312592,
        "mean": 0.265649288893,
        "min": -2.56534695625,
        "stdev": 0.694149374962
    },
    "erbbands_spread": {
        "max": 68.9613800049,
        "mean": 22.6011810303,
        "min": 2.94410610199,
        "stdev": 9.53478527069
    },
    "hfc": {
        "max": 100.713890076,
        "mean": 14.9254140854,
        "min": 0.236987888813,
        "stdev": 15.4282064438
    },
    "loudness_ebu128": {
        "integrated": -28.2381782532,
        "loudness_range": 6.54066085815,
        "momentary": {
            "max": -23.4347515106,
            "mean": -29.5950260162,
            "min": -40.974609375,
            "stdev": 3.69364309311
        },
        "short_term": {
            "max": -25.3953113556,
            "mean": -28.7772102356,
            "min": -35.8435440063,
            "stdev": 2.41707873344
        }
    },
    "melbands_crest": {
        "max": 31.8216075897,
        "mean": 12.396730423,
        "min": 4.40873575211,
        "stdev": 4.73708295822
    },
    "melbands_flatness_db": {
        "max": 0.35364729166,
        "mean": 0.226269125938,
        "min": 0.0809058472514,
        "stdev": 0.0375932119787
    },
    "melbands_kurtosis": {
        "max": 56.723903656,
        "mean": 3.64649367332,
        "min": -1.6427230835,
        "stdev": 4.44075870514
    },
    "melbands_skewness": {
        "max": 6.24097967148,
        "mean": 1.45530819893,
        "min": -1.02752327919,
        "stdev": 0.842127680779
    },
    "melbands_spread": {
        "max": 111.288459778,
        "mean": 18.9697818756,
        "min": 2.26754593849,
        "stdev": 9.83981704712
    },
    "pitch_salience": {
        "max": 0.837013840675,
        "mean": 0.588840723038,
        "min": 0.170324057341,
        "stdev": 0.0963896140456
    },
    "silence_rate_20dB": {
        "max": 1,
        "mean": 1,
        "min": 1,
        "stdev": 0
    },
    "silence_rate_30dB": {
        "max": 1,
        "mean": 0.99857211113,
        "min": 0,
        "stdev": 0.0377610810101
    },
    "silence_rate_60dB": {
        "max": 1,
        "mean": 0.122798666358,
        "min": 0,
        "stdev": 0.328203380108
    },
    "spectral_centroid": {
        "max": 3406.95361328,
        "mean": 1050.64672852,
        "min": 423.169647217,
        "stdev": 373.144989014
    },
    "spectral_complexity": {
        "max": 43,
        "mean": 16.1951446533,
        "min": 1,
        "stdev": 5.86668014526
    },
    "spectral_decrease": {
        "max": -6.94931681644e-11,
        "mean": -4.55284387968e-09,
        "min": -2.84278840468e-08,
        "stdev": 4.48728565416e-09
    },
    "spectral_energy": {
        "max": 0.116428472102,
        "mean": 0.0185372792184,
        "min": 0.000283777277218,
        "stdev": 0.0182589609176
    },
    "spectral_energyband_high": {
        "max": 0.00354776042514,
        "mean": 8.83785978658e-05,
        "min": 4.37375092588e-06,
        "stdev": 0.00017526478041
    },
    "spectral_energyband_low": {
        "max": 0.00448424508795,
        "mean": 0.00050759408623,
        "min": 3.56468626705e-06,
        "stdev": 0.000619433121756
    },
    "spectral_energyband_middle_high": {
        "max": 0.0755305662751,
        "mean": 0.00595819717273,
        "min": 5.25058931089e-05,
        "stdev": 0.00816649664193
    },
    "spectral_energyband_middle_low": {
        "max": 0.0989784300327,
        "mean": 0.0124182999134,
        "min": 0.000163373682881,
        "stdev": 0.0136183453724
    },
    "spectral_entropy": {
        "max": 8.07197856903,
        "mean": 7.06476736069,
        "min": 6.08577871323,
        "stdev": 0.251613110304
    },
    "spectral_flux": {
        "max": 0.282538920641,
        "mean": 0.063802652061,
        "min": 0.0068885027431,
        "stdev": 0.0446667335927
    },
    "spectral_kurtosis": {
        "max": 36.8471450806,
        "mean": 9.88725948334,
        "min": -0.378233671188,
        "stdev": 4.65352058411
    },
    "spectral_rms": {
        "max": 0.0106578022242,
        "mean": 0.00379377231002,
        "min": 0.000526170944795,
        "stdev": 0.00192156841513
    },
    "spectral_rolloff": {
        "max": 4543.50585938,
        "mean": 1367.70922852,
        "min": 279.931640625,
        "stdev": 547.531066895
    },
    "spectral_skewness": {
        "max": 4.60760545731,
        "mean": 2.13841724396,
        "min": 0.0378597155213,
        "stdev": 0.5950781703
    },
    "spectral_spread": {
        "max": 11433457,
        "mean": 2599310.25,
        "min": 1596104.25,
        "stdev": 553641.9375
    },
    "spectral_strongpeak": {
        "max": 13.7275466919,
        "mean": 1.35778129101,
        "min": 0.0163853317499,
        "stdev": 1.47774457932
    },
    "zerocrossingrate": {
        "max": 0.1376953125,
        "mean": 0.0463281534612,
        "min": 0.01025390625,
        "stdev": 0.0129532320425
    },
    "barkbands": {
        "max": [0.00038718682481, 0.00052850577049, 0.00277731567621, 0.0122709888965, 0.0350602082908, 0.0197826046497, 0.0574990957975, 0.0758718252182, 0.0923985689878, 0.0393028706312, 0.0238004270941, 0.0342247635126, 0.0433989390731, 0.0238451585174, 0.0138455601409, 0.0146198226139, 0.0112776011229, 0.00450861919671, 0.00316913309507, 0.00315446360037, 0.000844628317282, 0.000618513091467, 0.000269354786724, 6.75647315802e-05, 3.44200611835e-06, 3.95916373463e-07, 3.4635212387e-07],
        "mean": [1.35020327434e-05, 4.31355801993e-05, 0.000135196736665, 0.000762270356063, 0.00223956559785, 0.00152239541057, 0.00180674437433, 0.00297059840523, 0.00289020314813, 0.00131529930513, 0.000784848409239, 0.000781125738285, 0.000980380806141, 0.00048829941079, 0.000519327819347, 0.000562771165278, 0.000342641375028, 0.000138884541229, 0.000115752554848, 7.99916597316e-05, 3.23995627696e-05, 5.94957691646e-06, 2.34649564845e-06, 1.71775411673e-06, 1.89233549008e-06, 4.63243061688e-08, 1.46201228901e-09],
        "min": [1.30060602288e-08, 2.55186392906e-07, 4.47896923106e-07, 9.14702866339e-07, 8.97532754607e-06, 5.53368818146e-06, 7.39938786865e-06, 2.0079044134e-06, 7.77688364906e-06, 1.85301314559e-06, 1.84321174856e-06, 1.97918257072e-06, 3.16587966154e-06, 4.71725388707e-06, 5.16261525263e-06, 2.06746585718e-06, 1.09930260805e-06, 8.03935733984e-07, 7.63962702877e-07, 4.98033386975e-07, 2.9891828035e-07, 3.6652562585e-07, 2.73669655826e-07, 2.62678696572e-07, 2.57502932755e-07, 6.65353772078e-10, 1.99771962861e-10],
        "stdev": [2.54610877164e-05, 4.86369353894e-05, 0.000217000284465, 0.00114306912292, 0.00299777183682, 0.00248311995529, 0.00359779386781, 0.00784531887621, 0.00722732860595, 0.00372865446843, 0.00211794837378, 0.0022183819674, 0.00290429056622, 0.00134807405993, 0.00105335318949, 0.00134635192808, 0.00068680482218, 0.000228394375881, 0.000229015699006, 0.000174391811015, 7.18936644262e-05, 2.09693462239e-05, 8.58080056787e-06, 3.07728237203e-06, 3.16177590776e-07, 4.49207995246e-08, 1.21535608244e-08]
    },
    "erbbands": {
        "max": [0.0080089205876, 0.170827046037, 1.95284700394, 18.7074050903, 34.5793457031, 134.569915771, 281.095916748, 183.350158691, 536.307739258, 1919.98596191, 2103.57885742, 2915.49829102, 938.21673584, 1328.12597656, 1145.38781738, 1236.875, 2384.84228516, 852.745849609, 1269.74572754, 972.016784668, 533.289672852, 318.23336792, 200.119232178, 184.599746704, 227.809280396, 141.194168091, 76.9797821045, 30.823223114, 17.5919895172, 20.6518573761, 4.54625082016, 2.38438725471, 0.603062689304, 0.0825961232185, 0.0236631706357, 0.00474318861961, 0.000647103181109, 0.000220114583499, 6.20087594143e-05, 0.000137374619953],
        "mean": [0.00111023220234, 0.0122966198251, 0.133193179965, 1.40103316307, 3.42477416992, 8.34021377563, 14.1830701828, 11.9852085114, 15.9539651871, 43.8260955811, 77.1783218384, 73.6268920898, 35.1568489075, 42.1821746826, 33.9591026306, 33.6017456055, 49.1157302856, 26.153837204, 30.7324333191, 30.9874992371, 25.7413272858, 17.3462905884, 9.65867042542, 6.26119613647, 5.39303779602, 3.9785323143, 2.13356566429, 0.784999907017, 0.241781175137, 0.103547766805, 0.0657742321491, 0.0414623767138, 0.0258101373911, 0.0176468659192, 0.0138406250626, 0.00169188785367, 4.7702473239e-05, 5.25299628862e-06, 1.02245821836e-05, 2.1855432351e-05],
        "min": [2.28050012083e-05, 0.0001701763249, 0.00105528370477, 0.00355502823368, 0.0216130241752, 0.0426546558738, 0.10180605948, 0.0589986853302, 0.115550935268, 0.15379615128, 0.120162636042, 0.210725933313, 0.289083212614, 0.0863055288792, 0.273003101349, 0.166339159012, 0.23880161345, 0.330307334661, 0.238685578108, 0.165463075042, 0.120901957154, 0.0715257972479, 0.0460125915706, 0.026757620275, 0.0391283743083, 0.0212618168443, 0.0137970382348, 0.0123259751126, 0.0149757247418, 0.00943084806204, 0.00782392919064, 0.00714710680768, 0.00350653426722, 0.00252180802636, 0.00202307407744, 0.000566047674511, 1.89620059245e-05, 1.36001756346e-06, 4.60524660184e-07, 3.83092753964e-07],
        "stdev": [0.00102586997673, 0.0152584202588, 0.183082580566, 1.91701805592, 4.17882108688, 11.2759103775, 23.8942966461, 20.6970767975, 31.0198955536, 104.205665588, 204.312561035, 181.658477783, 91.1032104492, 105.130691528, 84.1627960205, 86.2981872559, 151.9296875, 57.5234603882, 66.4761734009, 66.495803833, 59.2304725647, 32.2926559448, 14.6829614639, 11.2851009369, 11.8753547668, 8.45886802673, 4.73911380768, 1.90540337563, 0.747968614101, 0.52474963665, 0.207403287292, 0.113457135856, 0.0235911458731, 0.00397547380999, 0.00284167844802, 0.000509085773956, 2.43428221438e-05, 7.96572476247e-06, 9.72550697043e-06, 2.13835628529e-05]
    },
    "gfcc": {
        "mean": [-70.8099822998, 139.906921387, -169.432922363, 2.36096978188, -66.7841644287, -7.00822687149, -52.6940002441, 1.36969709396, -28.0119915009, -9.00632762909, -9.39874839783, -20.5701656342, 1.41495299339],
        "cov": [[1660.1706543, 331.940917969, -434.841247559, 7.73117828369, 161.74949646, -370.246185303, 367.839874268, -140.110916138, 19.499250412, -8.27298927307, -55.532875061, -182.265472412, 117.944107056], [331.940917969, 246.844406128, 40.4088821411, -86.8945846558, 56.4359512329, -28.2157821655, 50.7793464661, -17.355802536, -14.873128891, -46.1920890808, -14.9533042908, -61.0005455017, -1.85985374451], [-434.841247559, 40.4088821411, 321.205566406, 54.6348152161, -38.1944618225, 131.353668213, -133.64743042, 4.46798372269, -4.58956623077, -38.2739677429, -29.3113136292, 39.9052276611, -48.0898323059], [7.73117828369, -86.8945846558, 54.6348152161, 391.679504395, 107.766952515, -68.5781097412, -112.347854614, -41.0667381287, 44.1403007507, 6.39182329178, -61.4656715393, 38.7911529541, 32.4915237427], [161.74949646, 56.4359512329, -38.1944618225, 107.766952515, 171.437332153, -37.7674026489, -43.0421333313, 7.98174953461, 20.3496341705, -10.3559045792, -24.2577552795, -12.0404863358, 19.6456565857], [-370.246185303, -28.2157821655, 131.353668213, -68.5781097412, -37.7674026489, 255.515304565, 14.7022285461, 13.8446960449, -25.5767230988, -9.24270439148, 7.45393419266, 18.0067501068, -69.4445724487], [367.839874268, 50.7793464661, -133.64743042, -112.347854614, -43.0421333313, 14.7022285461, 272.700134277, -11.7930736542, -44.2886695862, 14.5605602264, 14.5724887848, -73.2647171021, -9.39160251617], [-140.110916138, -17.355802536, 4.46798372269, -41.0667381287, 7.98174953461, 13.8446960449, -11.7930736542, 100.133522034, 11.6284284592, -3.8846540451, 29.261220932, 6.33574151993, -29.8960666656], [19.499250412, -14.873128891, -4.58956623077, 44.1403007507, 20.3496341705, -25.5767230988, -44.2886695862, 11.6284284592, 89.213432312, 30.6167182922, -23.4157524109, 3.01046133041, 15.5853776932], [-8.27298927307, -46.1920890808, -38.2739677429, 6.39182329178, -10.3559045792, -9.24270439148, 14.5605602264, -3.8846540451, 30.6167182922, 73.0861129761, 13.1245193481, -5.9910326004, 9.74153995514], [-55.532875061, -14.9533042908, -29.3113136292, -61.4656715393, -24.2577552795, 7.45393419266, 14.5724887848, 29.261220932, -23.4157524109, 13.1245193481, 76.7125244141, 23.1658706665, -20.7096805573], [-182.265472412, -61.0005455017, 39.9052276611, 38.7911529541, -12.0404863358, 18.0067501068, -73.2647171021, 6.33574151993, 3.01046133041, -5.9910326004, 23.1658706665, 93.1448516846, 22.8458499908], [117.944107056, -1.85985374451, -48.0898323059, 32.4915237427, 19.6456565857, -69.4445724487, -9.39160251617, -29.8960666656, 15.5853776932, 9.74153995514, -20.7096805573, 22.8458499908, 89.3276672363]],
        "icov": [[0.0126384692267, -0.0143944006413, 0.0105433100834, -0.00394350476563, -0.00299311126582, 0.00997474137694, -0.013515423052, 0.012652833946, -0.00997775327414, 0.00606882059947, 0.000132507135277, -0.00138778262772, 0.0028145860415], [-0.0143944006413, 0.0340287312865, -0.0241093970835, 0.0125168636441, -0.00972798466682, -0.00426329206675, 0.00810193642974, -0.00586625235155, 0.00443792762235, 0.0034481685143, -0.00841013994068, 0.00909995287657, -0.00553185632452], [0.0105433100834, -0.0241093970835, 0.0244110096246, -0.0101105701178, 0.00946291629225, 2.10042471736e-05, -0.00248572044075, 0.00404443638399, -0.00249368976802, 2.47305470111e-05, 0.00847443193197, -0.00573946489021, 0.00528883375227], [-0.00394350476563, 0.0125168636441, -0.0101105701178, 0.0101394029334, -0.00858698133379, 0.00273366784677, 0.000425224541686, 0.00184266921133, 0.00025930677657, -0.000227600030485, 0.00110834266525, -0.00154121941887, 0.00164215045515], [-0.00299311126582, -0.00972798466682, 0.00946291629225, -0.00858698133379, 0.0204670764506, -0.0100314561278, 0.0114791402593, -0.011980147101, 0.00701276399195, -0.00538546591997, 0.00456925109029, 0.000724479032215, -0.00289750285447], [0.00997474137694, -0.00426329206675, 2.10042471736e-05, 0.00273366784677, -0.0100314561278, 0.0192669443786, -0.016502732411, 0.0143433623016, -0.00930130295455, 0.00532797770575, 0.00139061571099, -0.00523782894015, 0.00871178880334], [-0.013515423052, 0.00810193642974, -0.00248572044075, 0.000425224541686, 0.0114791402593, -0.016502732411, 0.0256073586643, -0.0174868144095, 0.016437292099, -0.0105275958776, 0.00230532255955, 0.00506823835894, -0.00447483500466], [0.012652833946, -0.00586625235155, 0.00404443638399, 0.00184266921133, -0.011980147101, 0.0143433623016, -0.0174868144095, 0.0315007045865, -0.0185934137553, 0.013493786566, -0.00907410122454, 0.000263584661298, 0.00676972419024], [-0.00997775327414, 0.00443792762235, -0.00249368976802, 0.00025930677657, 0.00701276399195, -0.00930130295455, 0.016437292099, -0.0185934137553, 0.0309348572046, -0.0199342761189, 0.0141372643411, -0.00450012553483, -0.000233091108385], [0.00606882059947, 0.0034481685143, 2.47305470111e-05, -0.000227600030485, -0.00538546591997, 0.00532797770575, -0.0105275958776, 0.013493786566, -0.0199342761189, 0.032598849386, -0.0174260158092, 0.0119064096361, -0.00627154950052], [0.000132507135277, -0.00841013994068, 0.00847443193197, 0.00110834266525, 0.00456925109029, 0.00139061571099, 0.00230532255955, -0.00907410122454, 0.0141372643411, -0.0174260158092, 0.0375690162182, -0.0210982859135, 0.014630404301], [-0.00138778262772, 0.00909995287657, -0.00573946489021, -0.00154121941887, 0.000724479032215, -0.00523782894015, 0.00506823835894, 0.000263584661298, -0.00450012553483, 0.0119064096361, -0.0210982859135, 0.0327009372413, -0.0178857315332], [0.0028145860415, -0.00553185632452, 0.00528883375227, 0.00164215045515, -0.00289750285447, 0.00871178880334, -0.00447483500466, 0.00676972419024, -0.000233091108385, -0.00627154950052, 0.014630404301, -0.0178857315332, 0.0275092385709]]
    },
    "melbands": {
        "max": [9.51734837145e-05, 0.000767270452343, 0.00407310109586, 0.00426919478923, 0.009412124753, 0.00380062754266, 0.00800687633455, 0.0190299283713, 0.0170453283936, 0.0182652920485, 0.00466005364433, 0.00606093322858, 0.00324063352309, 0.00458107562736, 0.00368227157742, 0.00489405263215, 0.00147905782796, 0.00262242997997, 0.000957956828643, 0.00116763205733, 0.000748873571865, 0.000494926702231, 0.000419353018515, 0.00018045300385, 0.000175671753823, 0.000145412690472, 0.000117179035442, 0.00011355762399, 6.32973969914e-05, 2.45501705649e-05, 1.55926791194e-05, 7.5059701885e-06, 1.81480754691e-05, 9.08361198526e-06, 3.27582370119e-06, 1.87498028481e-06, 1.25948247387e-06, 4.26039008516e-07, 1.96812521835e-07, 3.14447063943e-08],
        "mean": [1.11442768684e-05, 6.2184939452e-05, 0.000298562634271, 0.00041881998186, 0.000498952169437, 0.000268331292318, 0.000269824988209, 0.000496485328767, 0.00065539451316, 0.000412048539147, 0.000167328107636, 0.000177351932507, 0.000116468763736, 9.20675083762e-05, 9.41619291552e-05, 9.4624941994e-05, 4.17880546593e-05, 4.93885054311e-05, 3.6553490645e-05, 4.07655861636e-05, 2.85038477159e-05, 1.69321465364e-05, 1.64224165928e-05, 5.37246251042e-06, 4.95699441672e-06, 3.87934642276e-06, 3.24555435327e-06, 2.60115552919e-06, 1.47409082274e-06, 8.00908480869e-07, 3.35560429221e-07, 1.43504934158e-07, 7.83905420576e-08, 4.78094115408e-08, 3.91601524541e-08, 2.84158776509e-08, 2.47449261082e-08, 1.77513346244e-08, 1.7720543255e-08, 1.30606032656e-08],
        "min": [1.46874768348e-07, 4.47789005875e-07, 1.04465539152e-06, 2.36758000938e-06, 3.09595816361e-06, 9.19518015507e-07, 1.6232577309e-06, 1.37606491535e-06, 1.0358809277e-06, 1.19575918234e-06, 3.39571101904e-07, 2.1574376774e-07, 1.04174546323e-06, 2.76151013168e-07, 4.3247348458e-07, 4.49601429864e-07, 4.56766485968e-07, 1.47469918943e-07, 2.30559166425e-07, 8.48769943218e-08, 6.92739092756e-08, 6.52037002169e-08, 5.22435925632e-08, 2.17065014851e-08, 1.6518219681e-08, 2.48299176775e-08, 1.59697908231e-08, 1.2657823234e-08, 7.78823761038e-09, 9.58444967836e-09, 5.96367799588e-09, 8.89552520533e-09, 6.1446359112e-09, 4.73611683205e-09, 4.89936979875e-09, 3.97858146428e-09, 4.40346603625e-09, 2.14290696299e-09, 2.29147456565e-09, 2.05740469106e-09],
        "stdev": [1.048775448e-05, 7.83721843618e-05, 0.000390418746974, 0.000490728532895, 0.000800769834314, 0.00045322891674, 0.000506720971316, 0.00114791630767, 0.00168882391881, 0.00105115049519, 0.000477720721392, 0.000469994236482, 0.000301602267427, 0.000270651711617, 0.000242099675233, 0.000279139901977, 0.000104818805994, 0.000125273843878, 7.44512872188e-05, 0.000102585887362, 6.97623836459e-05, 3.65371706721e-05, 3.14354583679e-05, 9.31365866563e-06, 1.00957122413e-05, 8.90743376658e-06, 7.52738333176e-06, 5.84852477914e-06, 3.54777216671e-06, 1.88888839148e-06, 9.39173105508e-07, 4.36337984411e-07, 4.45281898465e-07, 2.34312011571e-07, 1.27664748106e-07, 9.73381375502e-08, 5.84811132853e-08, 1.87205753122e-08, 6.62008003971e-09, 3.10954506588e-09]
    },
    "melbands128": {
        "max": [0.00015285552945, 7.71133854869e-05, 0.00012404883455, 0.000342307001119, 0.000705040176399, 0.00168477825355, 0.00306875491515, 0.0073205018416, 0.00482361158356, 0.00627618422732, 0.00787032023072, 0.0148572660983, 0.0127669135109, 0.0074720242992, 0.00667084753513, 0.0030352473259, 0.0067560179159, 0.0150964707136, 0.0132627096027, 0.0374540686607, 0.0186905115843, 0.0302415341139, 0.031522102654, 0.0272542908788, 0.0313984639943, 0.0184192862362, 0.0126115875319, 0.00828848872334, 0.0110655324534, 0.013875274919, 0.00728308735415, 0.00583589822054, 0.00560980383307, 0.00720980204642, 0.00953688845038, 0.00961857661605, 0.00577139435336, 0.00650535151362, 0.0070487242192, 0.0117894373834, 0.00403291219845, 0.00442858878523, 0.00254800030962, 0.002446167171, 0.00547293899581, 0.00462111784145, 0.00238545262255, 0.0019676622469, 0.00214777165093, 0.00215342198499, 0.00184725224972, 0.00149696099106, 0.00148761924356, 0.00177285692189, 0.00143102894071, 0.000443110126071, 0.00073378457455, 0.000915975426324, 0.000649177527521, 0.000112230954983, 0.000378572964109, 0.000162159529282, 0.000402117468184, 0.000166289901244, 0.000443650525995, 0.000121040393424, 0.000482065108372, 0.000142383069033, 9.80012046057e-05, 0.000219840032514, 0.000111599933007, 0.000176773712155, 0.000109254135168, 4.58255599369e-05, 4.28607127105e-05, 3.23103522533e-05, 3.55224110535e-05, 1.90468017536e-05, 1.98125344468e-05, 1.38586692628e-05, 9.51751280809e-06, 6.98144867783e-06, 1.43668066812e-05, 2.78340594377e-05, 1.10917353595e-05, 1.21744187709e-05, 4.96394022775e-06, 1.02130270534e-05, 3.11635039907e-06, 3.62570199286e-06, 1.81735674687e-06, 2.83198755824e-06, 2.14090118789e-06, 1.55865552642e-06, 9.55265477387e-07, 6.66527910198e-07, 3.69070932038e-07, 3.47748255081e-07, 2.63440426806e-07, 8.67276739314e-08, 3.47791946353e-08, 3.764042944e-08, 3.63584184981e-08, 5.98148162112e-08, 4.25469863785e-08, 4.04972340107e-08, 5.08942825661e-08, 1.74029537447e-08, 3.2114404469e-09, 2.44889308831e-09, 2.25647767138e-09, 2.05992889413e-09, 1.96569871491e-09, 1.9146997321e-09, 1.83425519218e-09, 1.74986858337e-09, 1.68508285103e-09, 1.64942126624e-09, 1.58145918583e-09, 1.57272039836e-09, 1.49967271934e-09, 1.45868706003e-09, 1.4142490512e-09, 1.40099232215e-09, 1.37572131464e-09, 1.35098143783e-09, 1.35905053877e-09, 1.34772626392e-09],
        "mean": [6.1830892264e-06, 8.50212563819e-06, 1.14895337902e-05, 1.92923653231e-05, 3.94701055484e-05, 7.60910334066e-05, 0.000261232169578, 0.000414696842199, 0.000273541372735, 0.000437858718215, 0.000462179916212, 0.000543335918337, 0.000486733450089, 0.000475138076581, 0.000323501968523, 0.000101189682027, 0.0001609033352, 0.000297846883768, 0.00035964048584, 0.000604543602094, 0.000405829458032, 0.000639999867417, 0.000731280946638, 0.000597646925598, 0.000639351143036, 0.000218498011236, 0.000172661442775, 0.000127976978547, 0.000202060720767, 0.000238491149503, 0.000142573568155, 0.00010625183495, 0.000152874388732, 7.99599220045e-05, 9.49345921981e-05, 9.84837606666e-05, 8.54714016896e-05, 6.18765843683e-05, 0.000123620440718, 0.000146985898027, 6.052430399e-05, 7.30721876607e-05, 3.85846578865e-05, 2.07931207115e-05, 5.4269174143e-05, 4.89916201332e-05, 6.15771641606e-05, 2.10484067793e-05, 2.37972180912e-05, 7.09190790076e-05, 3.45564512827e-05, 2.30256882787e-05, 3.86441824958e-05, 2.48695687333e-05, 2.0962635972e-05, 1.33520225063e-05, 1.35551554195e-05, 2.97199258057e-05, 1.08651356641e-05, 3.64279026144e-06, 5.51016273675e-06, 6.14338568994e-06, 6.62433967591e-06, 3.4171146126e-06, 4.70384020446e-06, 2.50359789788e-06, 5.23480321135e-06, 3.98397651225e-06, 2.46638023782e-06, 2.40432859755e-06, 3.24704478771e-06, 2.27686155085e-06, 1.76589458079e-06, 1.33472951802e-06, 1.14443457733e-06, 9.324023722e-07, 6.17139221504e-07, 3.9782801764e-07, 3.20682687516e-07, 2.42968582143e-07, 1.69452761156e-07, 9.04609791519e-08, 9.39693407531e-08, 8.77754544604e-08, 5.4765301627e-08, 4.95749965523e-08, 4.78507544699e-08, 3.92723791265e-08, 3.82049343273e-08, 4.31499778131e-08, 2.55447716313e-08, 2.84298771192e-08, 2.40989308509e-08, 2.18181561706e-08, 3.14694545978e-08, 1.62125513015e-08, 1.60698956364e-08, 1.55908246313e-08, 1.80978982911e-08, 2.08210302333e-08, 1.2063994248e-08, 1.18514380532e-08, 1.27200943112e-08, 2.28877929942e-08, 1.66634865906e-08, 1.40266296356e-08, 1.53516399592e-08, 2.07192063506e-09, 1.72878031335e-10, 1.04306945026e-11, 8.12736683509e-12, 7.83106565705e-12, 7.65722468071e-12, 7.52034632484e-12, 7.36160177955e-12, 7.14200703786e-12, 6.88208040903e-12, 6.63979288218e-12, 6.50290672005e-12, 6.44440924236e-12, 6.33359120358e-12, 6.25359009368e-12, 6.13631367941e-12, 5.99949517149e-12, 5.97268935698e-12, 5.98391952308e-12, 5.98368360069e-12, 5.9223116862e-12],
        "min": [6.42161102071e-10, 3.89119172439e-08, 4.93730354378e-08, 7.28577376208e-08, 2.63684860613e-08, 1.68682745993e-07, 1.40623484413e-07, 3.6650484958e-07, 7.72392468207e-07, 1.18004379601e-06, 4.24491872764e-07, 8.00601114292e-08, 3.69028555269e-07, 1.09866493858e-06, 5.53096242584e-07, 9.7399635024e-08, 1.6389212476e-07, 2.15063096221e-07, 2.42877035816e-07, 2.9746945529e-07, 9.14073865488e-08, 1.61145692346e-07, 1.76950635478e-07, 2.21828990732e-08, 1.35398906309e-07, 6.05463469583e-07, 1.26888068053e-07, 2.0301060033e-07, 8.18296896909e-08, 8.20582997108e-08, 2.2605751937e-08, 2.22591253873e-07, 1.81768058383e-07, 2.58468048742e-07, 9.44089038057e-08, 7.2986296118e-08, 7.1376078381e-08, 5.30361745632e-08, 1.51011548155e-07, 9.36540871521e-08, 4.22959232083e-08, 1.05028192365e-07, 1.2623243606e-07, 2.48405260805e-08, 2.18427995691e-08, 6.69798367881e-08, 4.37448939294e-08, 4.09589127059e-08, 2.78973537604e-08, 8.95972291914e-08, 3.57940379558e-08, 5.00616508248e-08, 3.1280091406e-08, 3.35894014825e-08, 2.15740030285e-08, 2.50532767865e-08, 3.90639449677e-08, 2.9306203686e-08, 1.9110707683e-08, 8.53957615732e-09, 7.56347606767e-09, 1.55163437654e-08, 1.19292451473e-08, 1.13297078386e-08, 7.30907556701e-09, 1.75740204611e-08, 1.03439958821e-08, 8.76382699744e-09, 4.34374847202e-09, 3.33684169185e-09, 8.6804075039e-09, 4.3460706145e-09, 4.42235981168e-09, 5.37713074067e-09, 4.3829637697e-09, 4.20758672348e-09, 6.26485752164e-09, 4.18561807436e-09, 2.38853647971e-09, 3.95415700183e-09, 5.98404303886e-09, 3.18827364509e-09, 5.54487611382e-09, 3.86086806969e-09, 3.18401593979e-09, 2.88964607797e-09, 3.88340426483e-09, 2.61195087781e-09, 4.87371565328e-09, 3.64244057138e-09, 2.71051003864e-09, 2.79731326991e-09, 2.69341438042e-09, 2.46891906919e-09, 3.33459970747e-09, 9.46841605121e-10, 2.30327112938e-09, 1.49177314945e-09, 1.94640836781e-09, 2.39856179363e-09, 1.75492509413e-09, 1.94810123588e-09, 2.17368500977e-09, 2.21823959201e-09, 2.59864751939e-09, 2.11714601406e-09, 2.26840723982e-09, 2.76645633485e-11, 7.9527340659e-13, 5.78859280388e-13, 5.22217848391e-13, 5.07495196041e-13, 4.74875184748e-13, 3.9057011748e-13, 4.59377978365e-13, 6.02410265768e-13, 5.40134451922e-13, 5.85555855106e-13, 5.53256117135e-13, 4.76204308191e-13, 6.36787606152e-13, 6.76164256964e-13, 5.43293437582e-13, 6.1241246449e-13, 6.05445923431e-13, 6.65394551524e-13, 6.68120615256e-13, 6.19443678209e-13],
        "stdev": [9.74238719209e-06, 8.8335309556e-06, 1.25443475554e-05, 2.79381129076e-05, 6.91684326739e-05, 0.000126491024275, 0.000366682332242, 0.000656088755932, 0.000438147748355, 0.000642533181235, 0.000711093482096, 0.00114444864448, 0.00100623769686, 0.000858949730173, 0.000673737959005, 0.000222335205763, 0.000401094759582, 0.000772946979851, 0.000827126321383, 0.00186058401596, 0.00129476678558, 0.00225313077681, 0.00267888652161, 0.00190847634804, 0.00195520976558, 0.000792017381173, 0.000735247507691, 0.000535735220183, 0.000860367610585, 0.000828225747682, 0.000477707391838, 0.000370200286852, 0.00046759925317, 0.000336738768965, 0.000369210378267, 0.000398197997129, 0.000333026429871, 0.000254025566392, 0.000403931451729, 0.000666675157845, 0.000231825659284, 0.000229255369049, 0.000131715249154, 0.000102902245999, 0.000244255905272, 0.000159018614795, 0.000159599323524, 9.4275601441e-05, 8.97562204045e-05, 0.000180932489457, 0.000136362825288, 9.15798082133e-05, 0.000111011278932, 8.51584190968e-05, 7.35310750315e-05, 3.70366979041e-05, 4.53349275631e-05, 6.54571413179e-05, 2.63593319687e-05, 1.0148461115e-05, 1.40952915899e-05, 1.25736196424e-05, 2.15196814679e-05, 7.96879521658e-06, 1.81598024938e-05, 6.52601556794e-06, 1.81305658771e-05, 1.12429643195e-05, 6.47248680252e-06, 7.77398054197e-06, 7.60877810535e-06, 7.32053695174e-06, 5.12497399541e-06, 3.4925219552e-06, 3.0180133308e-06, 2.31570811593e-06, 1.86305771877e-06, 1.14537533591e-06, 1.02882722786e-06, 7.80911079801e-07, 5.32060710157e-07, 3.06946532191e-07, 4.23315043463e-07, 6.42561644781e-07, 2.97184442388e-07, 3.03312049255e-07, 1.66936558799e-07, 2.40017925535e-07, 1.27345046508e-07, 1.26554539293e-07, 8.74623538039e-08, 1.21857482327e-07, 8.35120488318e-08, 6.3849164178e-08, 4.33739266725e-08, 2.73912217352e-08, 1.46990020156e-08, 1.11020019844e-08, 9.20529252824e-09, 8.28588309076e-09, 4.79147832522e-09, 4.65404248473e-09, 5.01381469675e-09, 7.37776861826e-09, 5.54862777946e-09, 4.82419171277e-09, 5.69482283552e-09, 1.8810557556e-09, 3.06035918829e-10, 8.17726858449e-11, 7.48599099376e-11, 7.04460795253e-11, 6.74564709646e-11, 6.57666351933e-11, 6.32435631642e-11, 6.04666941517e-11, 5.88598753071e-11, 5.74069923542e-11, 5.53263962422e-11, 5.41466350923e-11, 5.24847387773e-11, 5.14641315674e-11, 5.01255738306e-11, 4.94505998649e-11, 4.85261900107e-11, 4.77121051001e-11, 4.74818136198e-11, 4.74139616458e-11]
    },
    "mfcc": {
        "mean": [-698.658691406, 169.359069824, -43.1253166199, 2.77184414864, -4.90180540085, -16.8436660767, -8.92811203003, -13.6215343475, -8.17823123932, -3.90020108223, -7.74601078033, -4.22228336334, -7.06339836121],
        "cov": [[1859.73754883, 273.521697998, -613.492614746, 386.031555176, -301.893890381, -16.5330944061, 108.816978455, -150.293777466, 156.55178833, 52.4277648926, -103.015937805, 39.780292511, -45.2351226807], [273.521697998, 365.421783447, -39.7147064209, -125.583091736, -46.4394760132, -53.5101470947, 77.3156661987, 5.44894266129, 3.1755437851, 16.8512744904, 11.3653821945, -14.9618768692, -35.3139801025], [-613.492614746, -39.7147064209, 397.615325928, -110.956497192, 76.9267120361, 72.8593444824, -54.0073623657, 67.7417602539, -46.1629371643, -40.1053886414, 24.7070636749, -28.4324264526, -4.78323173523], [386.031555176, -125.583091736, -110.956497192, 411.798400879, 101.12412262, -6.38344097137, -90.0101928711, -72.6664581299, 67.6876831055, -21.2572441101, -94.5396118164, 7.245429039, 32.7486343384], [-301.893890381, -46.4394760132, 76.9267120361, 101.12412262, 325.261810303, -0.686666786671, -131.916152954, 21.5972290039, -3.90416812897, -26.6223258972, -28.699174881, -19.5026187897, 26.5231952667], [-16.5330944061, -53.5101470947, 72.8593444824, -6.38344097137, -0.686666786671, 167.520080566, 18.4567680359, 1.39669930935, 31.2187461853, -10.0589256287, 1.90842580795, 1.39793729782, -24.4472885132], [108.816978455, 77.3156661987, -54.0073623657, -90.0101928711, -131.916152954, 18.4567680359, 190.779434204, 41.0104560852, -31.2468891144, 28.0015888214, 41.6796913147, 4.00466442108, -26.3918590546], [-150.293777466, 5.44894266129, 67.7417602539, -72.6664581299, 21.5972290039, 1.39669930935, 41.0104560852, 107.803894043, -26.9180011749, -12.7618923187, 35.2642860413, -9.76488208771, -11.5353384018], [156.55178833, 3.1755437851, -46.1629371643, 67.6876831055, -3.90416812897, 31.2187461853, -31.2468891144, -26.9180011749, 103.119941711, 16.6540699005, -35.8951377869, 6.64337110519, -3.39038538933], [52.4277648926, 16.8512744904, -40.1053886414, -21.2572441101, -26.6223258972, -10.0589256287, 28.0015888214, -12.7618923187, 16.6540699005, 86.2140731812, 35.428314209, -7.63712024689, -5.58596754074], [-103.015937805, 11.3653821945, 24.7070636749, -94.5396118164, -28.699174881, 1.90842580795, 41.6796913147, 35.2642860413, -35.8951377869, 35.428314209, 104.251029968, 12.4067583084, -17.8919410706], [39.780292511, -14.9618768692, -28.4324264526, 7.245429039, -19.5026187897, 1.39793729782, 4.00466442108, -9.76488208771, 6.64337110519, -7.63712024689, 12.4067583084, 62.5273132324, 26.4251384735], [-45.2351226807, -35.3139801025, -4.78323173523, 32.7486343384, 26.5231952667, -24.4472885132, -26.3918590546, -11.5353384018, -3.39038538933, -5.58596754074, -17.8919410706, 26.4251384735, 72.1215591431]],
        "icov": [[0.00844843313098, -0.0104623967782, 0.0107869887725, -0.010959032923, 0.0107843065634, -0.00954061653465, 0.00864286161959, -0.00761536695063, 0.00595912896097, -0.00536225736141, 0.00393076147884, -0.0030185864307, 0.00255834450945], [-0.0104623967782, 0.0172360874712, -0.0136169055477, 0.0152567401528, -0.0145970899612, 0.0145106613636, -0.0137291103601, 0.0115686487406, -0.0101404599845, 0.00800517294556, -0.00483184820041, 0.0042585930787, -0.00145576859359], [0.0107869887725, -0.0136169055477, 0.0182719845325, -0.0131102437153, 0.014005641453, -0.0150560410693, 0.0139650432393, -0.0123397782445, 0.00980512890965, -0.00632456922904, 0.00476440461352, -0.00203292118385, 0.00204336317256], [-0.010959032923, 0.0152567401528, -0.0131102437153, 0.0188441779464, -0.0156747419387, 0.0132726412266, -0.0120935784653, 0.0120183443651, -0.0100369155407, 0.00809608213603, -0.00332043017261, 0.00401338469237, -0.00320801674388], [0.0107843065634, -0.0145970899612, 0.014005641453, -0.0156747419387, 0.0197118259966, -0.0141863748431, 0.0163771677762, -0.0139361619949, 0.0106741366908, -0.00861565209925, 0.00582940503955, -0.00301308231428, 0.00175365631003], [-0.00954061653465, 0.0145106613636, -0.0150560410693, 0.0132726412266, -0.0141863748431, 0.0215019211173, -0.0153949437663, 0.0128674507141, -0.0136428456753, 0.00971869472414, -0.00614647101611, 0.00286614987999, 0.000562450673897], [0.00864286161959, -0.0137291103601, 0.0139650432393, -0.0120935784653, 0.0163771677762, -0.0153949437663, 0.0236227251589, -0.0164062008262, 0.0143575184047, -0.0117211099714, 0.00678836088628, -0.00535767152905, 0.0033093104139], [-0.00761536695063, 0.0115686487406, -0.0123397782445, 0.0120183443651, -0.0139361619949, 0.0128674507141, -0.0164062008262, 0.0252937506884, -0.0112532591447, 0.0128031354398, -0.0105111990124, 0.00688920542598, -0.00252790818922], [0.00595912896097, -0.0101404599845, 0.00980512890965, -0.0100369155407, 0.0106741366908, -0.0136428456753, 0.0143575184047, -0.0112532591447, 0.0253369696438, -0.0146414069459, 0.0124765168875, -0.00882116612047, 0.005268485751], [-0.00536225736141, 0.00800517294556, -0.00632456922904, 0.00809608213603, -0.00861565209925, 0.00971869472414, -0.0117211099714, 0.0128031354398, -0.0146414069459, 0.026646155864, -0.0161507260054, 0.0120653538033, -0.00636966712773], [0.00393076147884, -0.00483184820041, 0.00476440461352, -0.00332043017261, 0.00582940503955, -0.00614647101611, 0.00678836088628, -0.0105111990124, 0.0124765168875, -0.0161507260054, 0.0253446437418, -0.0133651187643, 0.009018891491], [-0.0030185864307, 0.0042585930787, -0.00203292118385, 0.00401338469237, -0.00301308231428, 0.00286614987999, -0.00535767152905, 0.00688920542598, -0.00882116612047, 0.0120653538033, -0.0133651187643, 0.0289090331644, -0.0139323407784], [0.00255834450945, -0.00145576859359, 0.00204336317256, -0.00320801674388, 0.00175365631003, 0.000562450673897, 0.0033093104139, -0.00252790818922, 0.005268485751, -0.00636966712773, 0.009018891491, -0.0139323407784, 0.0237983968109]]
    },
    "spectral_contrast_coeffs": {
        "max": [-0.330564260483, -0.449363023043, -0.515507519245, -0.586926162243, -0.623374700546, -0.586150884628],
        "mean": [-0.616416156292, -0.731838345528, -0.756893217564, -0.749185323715, -0.763530313969, -0.792949140072],
        "min": [-0.869248747826, -0.906348884106, -0.886473298073, -0.873753666878, -0.872805595398, -0.900394260883],
        "stdev": [0.0713651180267, 0.0804722085595, 0.0620370730758, 0.048270765692, 0.0401794910431, 0.0495969764888]
    },
    "spectral_contrast_valleys": {
        "max": [-5.89114570618, -4.84712123871, -5.13833475113, -6.122174263, -6.08612060547, -10.0988283157],
        "mean": [-7.76393938065, -6.52496004105, -7.36467838287, -7.74666023254, -8.33590316772, -11.535150528],
        "min": [-9.62379646301, -8.61934375763, -9.13553333282, -9.52252960205, -9.84569168091, -12.1715450287],
        "stdev": [0.647562801838, 0.571426749229, 0.635213732719, 0.554303884506, 0.695055663586, 0.161392137408]
    }
},
"rhythm": {
    "beats_count": 106,
    "beats_loudness": {
        "max": 0.11040122807,
        "mean": 0.0246270149946,
        "min": 0.00113627605606,
        "stdev": 0.0202516969293
    },
    "bpm": 129.839828491,
    "bpm_histogram_first_peak_bpm": 129,
    "bpm_histogram_first_peak_weight": 0.5,
    "bpm_histogram_second_peak_bpm": 136,
    "bpm_histogram_second_peak_spread": 0.0882352590561,
    "bpm_histogram_second_peak_weight": 0.295238107443,
    "danceability": 1.05137526989,
    "onset_rate": 2.912109375,
    "beats_loudness_band_ratio": {
        "max": [0.397018313408, 0.722663164139, 0.904127955437, 0.842381775379, 0.528249263763, 0.0814664661884],
        "mean": [0.0861075296998, 0.247314244509, 0.381024926901, 0.197675466537, 0.103688880801, 0.0124388281256],
        "min": [0.00185339758173, 0.0149251325056, 0.0328190438449, 0.00974254775792, 0.00491593591869, 0.000564600166399],
        "stdev": [0.0862351432443, 0.183359190822, 0.211409807205, 0.161822363734, 0.0924036502838, 0.013524979353]
    },
