{
"metadata": {
    "version": {
        "essentia": "2.1-beta5",
        "essentia_git_sha": "Undefined",
        "extractor": "music 2.0"
    },
    "audio_properties": {
        "analysis": {
            "equal_loudness": 0,
            "length": 20.8747386932,
            "sample_rate": 44100,
            "start_time": 240.233657837,
            "downmix": "mix"
        },
        "bit_rate": 192000,
        "length": 261.131622314,
        "lossless": 0,
        "number_channels": 2,
        "replay_gain": -3.17747116089,
        "sample_rate": 44100,
        "codec": "mp3",
        "md5_encoded": "e7baf71d6442a3e15095a65ef7bc787a"
    },
    "tags": {
        "file_name": "Norway_Aldri i Livet_Finn Kalvik.mp3",
        "encoding": ["Lavf58.29.100"]
    }
},
"lowlevel": {
    "average_loudness": 0.91824889183,
    "barkbands_crest": {
        "max": 20.8243789673,
        "mean": 8.01778316498,
        "min": 3.29840993881,
        "stdev": 3.20420694351
    },
    "barkbands_flatness_db": {
        "max": 0.269983351231,
        "mean": 0.18686157465,
        "min": 0.06540325284,
        "stdev": 0.0475479997694
    },
    "barkbands_kurtosis": {
        "max": 11.4369459152,
        "mean": 0.706544458866,
        "min": -1.6866351366,
        "stdev": 1.62757635117
    },
    "barkbands_skewness": {
        "max": 2.92186951637,
        "mean": 0.433163613081,
        "min": -1.43040013313,
        "stdev": 0.737908065319
    },
    "barkbands_spread": {
        "max": 31.479177475,
        "mean": 10.7983160019,
        "min": 3.59518933296,
        "stdev": 5.65725803375
    },
    "dissonance": {
        "max": 0.500000059605,
        "mean": 0.46696716547,
        "min": 0.286406189203,
        "stdev": 0.0308503489941
    },
    "dynamic_complexity": 3.31894779205,
    "erbbands_crest": {
        "max": 30.4520626068,
        "mean": 10.4109249115,
        "min": 3.78401422501,
        "stdev": 4.55344343185
    },
    "erbbands_flatness_db": {
        "max": 0.401005417109,
        "mean": 0.282913148403,
        "min": 0.129657953978,
        "stdev": 0.0707527920604
    },
    "erbbands_kurtosis": {
        "max": 10.7673501968,
        "mean": 0.104953199625,
        "min": -1.75674986839,
        "stdev": 1.30674827099
    },
    "erbbands_skewness": {
        "max": 2.55033063889,
        "mean": 0.0824769362807,
        "min": -2.14922046661,
        "stdev": 0.601100444794
    },
    "erbbands_spread": {
        "max": 50.556224823,
        "mean": 16.2428264618,
        "min": 4.60244894028,
        "stdev": 9.04334068298
    },
    "hfc": {
        "max": 95.336555481,
        "mean": 29.0218925476,
        "min": 0.109876267612,
        "stdev": 23.0094261169
    },
    "loudness_ebu128": {
        "integrated": -19.9533367157,
        "loudness_range": 5.4858455658,
        "momentary": {
            "max": -16.5953216553,
            "mean": -21.1926383972,
            "min": -37.651184082,
            "stdev": 3.7448694706
        },
        "short_term": {
            "max": -17.3866672516,
            "mean": -20.7662162781,
            "min": -23.5306777954,
            "stdev": 2.08324813843
        }
    },
    "melbands_crest": {
        "max": 27.3411827087,
        "mean": 9.64131546021,
        "min": 3.75099372864,
        "stdev": 4.28004312515
    },
    "melbands_flatness_db": {
        "max": 0.331038296223,
        "mean": 0.25146612525,
        "min": 0.124954305589,
        "stdev": 0.039706684649
    },
    "melbands_kurtosis": {
        "max": 19.435092926,
        "mean": 1.60435938835,
        "min": -1.45866000652,
        "stdev": 2.64108729362
    },
    "melbands_skewness": {
        "max": 3.81534838676,
        "mean": 0.774081408978,
        "min": -0.938359081745,
        "stdev": 0.818666815758
    },
    "melbands_spread": {
        "max": 63.7833938599,
        "mean": 17.3413543701,
        "min": 4.65727329254,
        "stdev": 7.49434232712
    },
    "pitch_salience": {
        "max": 0.875778794289,
        "mean": 0.657627224922,
        "min": 0.232600733638,
        "stdev": 0.134604334831
    },
    "silence_rate_20dB": {
        "max": 1,
        "mean": 1,
        "min": 1,
        "stdev": 0
    },
    "silence_rate_30dB": {
        "max": 1,
        "mean": 1,
        "min": 1,
        "stdev": 0
    },
    "silence_rate_60dB": {
        "max": 1,
        "mean": 0.0511111095548,
        "min": 0,
        "stdev": 0.220224767923
    },
    "spectral_centroid": {
        "max": 2202.45043945,
        "mean": 1218.08557129,
        "min": 525.637695312,
        "stdev": 324.877746582
    },
    "spectral_complexity": {
        "max": 38,
        "mean": 20.9244441986,
        "min": 0,
        "stdev": 7.83659172058
    },
    "spectral_decrease": {
        "max": -2.5388831662e-11,
        "mean": -6.2610894247e-09,
        "min": -2.23491039009e-08,
        "stdev": 4.00901489783e-09
    },
    "spectral_energy": {
        "max": 0.0913505479693,
        "mean": 0.0262631382793,
        "min": 0.000105789142253,
        "stdev": 0.01705602929
    },
    "spectral_energyband_high": {
        "max": 0.000450937688584,
        "mean": 2.2992164304e-05,
        "min": 2.65369749286e-06,
        "stdev": 3.109314639e-05
    },
    "spectral_energyband_low": {
        "max": 0.0101439245045,
        "mean": 0.000643638079055,
        "min": 7.07458639226e-06,
        "stdev": 0.00100461579859
    },
    "spectral_energyband_middle_high": {
        "max": 0.0771918147802,
        "mean": 0.0167493484914,
        "min": 4.25696925959e-05,
        "stdev": 0.0160847343504
    },
    "spectral_energyband_middle_low": {
        "max": 0.0615593157709,
        "mean": 0.00948013737798,
        "min": 3.35423901561e-05,
        "stdev": 0.00809225253761
    },
    "spectral_entropy": {
        "max": 8.32474327087,
        "mean": 7.02215862274,
        "min": 6.35779476166,
        "stdev": 0.22430613637
    },
    "spectral_flux": {
        "max": 0.278834581375,
        "mean": 0.0889939367771,
        "min": 0.00756313605234,
        "stdev": 0.0452904962003
    },
    "spectral_kurtosis": {
        "max": 80.3397293091,
        "mean": 23.9478530884,
        "min": 2.69950056076,
        "stdev": 17.972661972
    },
    "spectral_rms": {
        "max": 0.00944047048688,
        "mean": 0.00472494214773,
        "min": 0.00032126143924,
        "stdev": 0.00181589112617
    },
    "spectral_rolloff": {
        "max": 3143.84765625,
        "mean": 1541.85058594,
        "min": 516.796875,
        "stdev": 499.216094971
    },
    "spectral_skewness": {
        "max": 6.13044404984,
        "mean": 2.93280243874,
        "min": 0.970334589481,
        "stdev": 1.0036072731
    },
    "spectral_spread": {
        "max": 21755282,
        "mean": 1889057.75,
        "min": 739185.3125,
        "stdev": 1005765.875
    },
    "spectral_strongpeak": {
        "max": 10.1998767853,
        "mean": 1.68644547462,
        "min": 0.00814621057361,
        "stdev": 1.23320686817
    },
    "zerocrossingrate": {
        "max": 0.091796875,
        "mean": 0.0531380213797,
        "min": 0.02197265625,
        "stdev": 0.0128908455372
    },
    "barkbands": {
        "max": [0.000235685394728, 0.000952598755248, 0.00749434065074, 0.00530827743933, 0.0243123061955, 0.00821660365909, 0.041855238378, 0.0311863161623, 0.0251800604165, 0.0625194832683, 0.0270363185555, 0.0168442875147, 0.0208071675152, 0.0198689308017, 0.0201598424464, 0.00766420736909, 0.00710511347279, 0.00450086733326, 0.00239114556462, 0.000392457295675, 4.50258485216e-05, 5.60607404623e-05, 0.000101171935967, 2.53104790318e-05, 2.14909141505e-05, 2.11379792745e-05, 2.44397979259e-05],
        "mean": [2.49740187428e-05, 5.59254076506e-05, 0.000326083129039, 0.00044350916869, 0.00124024192337, 0.00081025948748, 0.00167838239577, 0.00242032506503, 0.00217809295282, 0.00259003648534, 0.00251666037366, 0.00216057547368, 0.00263693230227, 0.00242453766987, 0.00237224111333, 0.00127278710715, 0.000718187715393, 0.000255581340753, 0.000104280945379, 1.71635383595e-05, 2.35987749875e-06, 3.57146313945e-06, 6.40962753096e-06, 2.09420045394e-06, 4.43367241587e-07, 5.5373413943e-07, 9.48244007759e-07],
        "min": [2.131718702e-06, 2.10317898564e-06, 5.56202950364e-09, 6.15815443084e-09, 1.80791994353e-06, 8.1898474491e-07, 2.00975409825e-06, 3.46476167579e-06, 1.53825271809e-06, 4.82215318698e-06, 1.01705709312e-05, 5.09291930939e-06, 2.60668775809e-06, 4.09405220125e-06, 1.19605078908e-06, 3.27449356519e-06, 5.83484393246e-07, 1.95647362489e-06, 3.29766379537e-07, 2.88603729359e-07, 1.58312644771e-07, 1.70172981484e-07, 2.11418168305e-07, 2.18506059468e-07, 2.59027075344e-07, 3.55980120048e-07, 3.33380114625e-07],
        "stdev": [1.7697144358e-05, 0.000109716711449, 0.000613616080955, 0.000746332050767, 0.00214348267764, 0.00115028012078, 0.00353193469346, 0.00384348467924, 0.00312197604217, 0.00395553512499, 0.00331100635231, 0.00271149468608, 0.00364100281149, 0.00310248252936, 0.00318834348582, 0.00138738879468, 0.000915978802368, 0.000393637863453, 0.00017891281459, 2.88666087727e-05, 3.64458924196e-06, 5.80531650485e-06, 1.01849318526e-05, 2.94638175546e-06, 7.05271702373e-07, 6.9002157943e-07, 8.36178401187e-07]
    },
    "erbbands": {
        "max": [0.0100272465497, 0.310150146484, 4.88735723495, 14.1542615891, 87.6288146973, 69.200920105, 43.2042999268, 74.6633758545, 290.853363037, 1100.5032959, 856.038635254, 608.43927002, 1271.74182129, 1422.54333496, 1402.15307617, 760.512756348, 986.254760742, 1041.13806152, 1234.26757812, 603.384643555, 332.027252197, 331.687469482, 267.096618652, 176.13053894, 49.8737869263, 17.470872879, 8.84729957581, 1.43063378334, 1.74566507339, 3.53005337715, 3.40169405937, 1.11089539528, 0.366657495499, 0.240590408444, 0.150575369596, 0.0870075151324, 0.0381291247904, 0.0165583621711, 0.0033342835959, 0.000347443594364],
        "mean": [0.00122891529463, 0.0179284512997, 0.252461582422, 1.15252900124, 2.46692681313, 4.36785793304, 5.36630964279, 7.11084604263, 15.343536377, 48.8587379456, 46.6914367676, 53.3957099915, 65.9847183228, 84.1151199341, 114.543960571, 91.4922561646, 119.923835754, 125.207992554, 136.271362305, 98.1373748779, 61.0855178833, 36.9909172058, 18.0840377808, 8.86418437958, 2.3459546566, 0.863571345806, 0.246104806662, 0.0461957044899, 0.0957735851407, 0.196493163705, 0.183963149786, 0.0845831483603, 0.0168842300773, 0.00528546143323, 0.00327301444486, 0.00201976741664, 0.00132588203996, 0.00162476999685, 5.73248580622e-05, 3.30414513883e-05],
        "min": [0.000164220284205, 0.000127204242744, 9.40759782679e-05, 0.000356949865818, 0.00226479233243, 0.00631785951555, 0.0293746832758, 0.00785862095654, 0.0243900343776, 0.208083182573, 0.233729794621, 0.0472870320082, 0.119495719671, 0.164208605886, 0.520999968052, 0.404085159302, 0.129176825285, 0.340302526951, 0.101512014866, 0.116922490299, 0.139629647136, 0.0382948741317, 0.0808784216642, 0.0777480080724, 0.0163834393024, 0.0114844907075, 0.0062017464079, 0.00583996111527, 0.00571556156501, 0.00547262327746, 0.00660018716007, 0.00447227340192, 0.00364431669004, 0.0024587220978, 0.00177614588756, 0.00118229084183, 0.000816267507616, 0.000485910830321, 1.85558546946e-05, 7.93002584487e-07],
        "stdev": [0.00102202070411, 0.0347231589258, 0.429009616375, 1.802257061, 5.76275062561, 7.41320419312, 7.33252668381, 10.2213478088, 26.0825462341, 96.6186523438, 72.387588501, 77.7907485962, 91.2970046997, 114.961746216, 153.596969604, 108.359382629, 160.158035278, 159.338241577, 183.647583008, 114.628364563, 64.6430969238, 42.3257598877, 26.2025947571, 13.5824298859, 3.38397121429, 1.398837924, 0.435616344213, 0.0713709518313, 0.164651080966, 0.301159322262, 0.298568218946, 0.127287045121, 0.0216219499707, 0.00796431768686, 0.00494061922655, 0.00285048526712, 0.00124280177988, 0.000677822739817, 0.000110379696707, 2.35569696088e-05]
    },
    "gfcc": {
        "mean": [-57.8402175903, 120.227005005, -174.191680908, -40.8750610352, -37.757610321, -8.20235157013, -43.0955200195, 5.20229053497, -9.84322071075, -12.0669975281, -10.0454521179, 3.59160280228, -20.562002182],
        "cov": [[1364.26257324, 306.316314697, -148.903137207, 344.726989746, -173.320724487, -153.909637451, 15.5915594101, -138.142349243, 47.2039985657, -214.925704956, 34.4784164429, -128.173217773, -94.693321228], [306.316314697, 360.971954346, 472.007171631, 391.489257812, -113.658081055, -141.678359985, -33.7468490601, -72.6183013916, -106.719802856, -126.14264679, -53.5606575012, -94.7677459717, -126.249275208], [-148.903137207, 472.007171631, 1579.62658691, 1285.51635742, -435.147186279, -306.305969238, -93.0792236328, -166.859985352, -370.847991943, -253.327301025, -167.59085083, -159.829910278, -326.278076172], [344.726989746, 391.489257812, 1285.51635742, 1417.54064941, -461.732452393, -349.245544434, -106.934432983, -202.72883606, -301.1512146, -311.472503662, -126.811172485, -166.294143677, -322.525177002], [-173.320724487, -113.658081055, -435.147186279, -461.732452393, 268.221862793, 126.270484924, 6.45176029205, 89.687828064, 105.499549866, 111.544288635, 30.3643856049, 63.3082008362, 107.607879639], [-153.909637451, -141.678359985, -306.305969238, -349.245544434, 126.270484924, 186.049728394, 64.5937347412, 42.3227119446, 67.4098052979, 80.1297912598, 29.4372310638, 42.4400939941, 89.6138381958], [15.5915594101, -33.7468490601, -93.0792236328, -106.934432983, 6.45176029205, 64.5937347412, 81.6518478394, 27.8285961151, 9.42825508118, 9.13375473022, 16.1284885406, 3.80971336365, 12.1604356766], [-138.142349243, -72.6183013916, -166.859985352, -202.72883606, 89.687828064, 42.3227119446, 27.8285961151, 87.8093109131, 60.1585044861, 51.6390724182, 13.5467453003, 35.3648452759, 38.2687492371], [47.2039985657, -106.719802856, -370.847991943, -301.1512146, 105.499549866, 67.4098052979, 9.42825508118, 60.1585044861, 142.977645874, 78.3439331055, 34.8516349792, 34.940738678, 75.4853363037], [-214.925704956, -126.14264679, -253.327301025, -311.472503662, 111.544288635, 80.1297912598, 9.13375473022, 51.6390724182, 78.3439331055, 124.146759033, 33.5396232605, 41.5663452148, 75.5355453491], [34.4784164429, -53.5606575012, -167.59085083, -126.811172485, 30.3643856049, 29.4372310638, 16.1284885406, 13.5467453003, 34.8516349792, 33.5396232605, 51.5034446716, 30.7210102081, 24.6427555084], [-128.173217773, -94.7677459717, -159.829910278, -166.294143677, 63.3082008362, 42.4400939941, 3.80971336365, 35.3648452759, 34.940738678, 41.5663452148, 30.7210102081, 69.2430114746, 58.0531654358], [-94.693321228, -126.249275208, -326.278076172, -322.525177002, 107.607879639, 89.6138381958, 12.1604356766, 38.2687492371, 75.4853363037, 75.5355453491, 24.6427555084, 58.0531654358, 126.104042053]],
        "icov": [[0.0149630559608, -0.0137022035196, 0.0119650689885, -0.00778984138742, 0.000349793175701, 0.00786377303302, -0.014524965547, 0.0181551091373, -0.0188956130296, 0.0195412114263, -0.014553271234, 0.0124729340896, -0.0047352463007], [-0.0137022035196, 0.0311906579882, -0.0258410051465, 0.0160273760557, -0.0160233937204, 0.0082731069997, 0.00269919540733, -0.000902048952412, 0.00126594945323, 0.00485610542819, -0.00610360642895, 0.00794208981097, -0.00325364270248], [0.0119650689885, -0.0258410051465, 0.0284924134612, -0.0168777760118, 0.0167181529105, -0.0085213240236, 0.000289773015538, -0.00250141066499, 0.0067724045366, -0.0085779633373, 0.0137192104012, -0.00812654569745, 0.00833270978183], [-0.00778984138742, 0.0160273760557, -0.0168777760118, 0.0146221555769, -0.0064190691337, 0.00496739055961, 0.00398706831038, 0.00115627923515, -0.000845357077196, 0.00681431684643, -0.00366443744861, 0.00283553590998, 0.000972248439211], [0.000349793175701, -0.0160233937204, 0.0167181529105, -0.0064190691337, 0.0288980640471, -0.0211532190442, 0.0221672151238, -0.0253367125988, 0.0201797187328, -0.0203663855791, 0.020385151729, -0.0154081732035, 0.0102129913867], [0.00786377303302, 0.0082731069997, -0.0085213240236, 0.00496739055961, -0.0211532190442, 0.0368322432041, -0.0354970172048, 0.0362489260733, -0.0294742863625, 0.02589587681, -0.0203483998775, 0.0173946898431, -0.0127562824637], [-0.014524965547, 0.00269919540733, 0.000289773015538, 0.00398706831038, 0.0221672151238, -0.0354970172048, 0.0596884861588, -0.051833871752, 0.0407793782651, -0.0248024594039, 0.0144763644785, -0.00969132222235, 0.0111048296094], [0.0181551091373, -0.000902048952412, -0.00250141066499, 0.00115627923515, -0.0253367125988, 0.0362489260733, -0.051833871752, 0.0772970169783, -0.0543056055903, 0.0385941155255, -0.0211177673191, 0.0117074558511, -0.00525645911694], [-0.0188956130296, 0.00126594945323, 0.0067724045366, -0.000845357077196, 0.0201797187328, -0.0294742863625, 0.0407793782651, -0.0543056055903, 0.0672951564193, -0.0516059137881, 0.0370845831931, -0.0256062652916, 0.0138824768364], [0.0195412114263, 0.00485610542819, -0.0085779633373, 0.00681431684643, -0.0203663855791, 0.02589587681, -0.0248024594039, 0.0385941155255, -0.0516059137881, 0.0805259123445, -0.0588102824986, 0.0468607284129, -0.0229980014265], [-0.014553271234, -0.00610360642895, 0.0137192104012, -0.00366443744861, 0.020385151729, -0.0203483998775, 0.0144763644785, -0.0211177673191, 0.0370845831931, -0.0588102824986, 0.0928174704313, -0.06232213974, 0.0347441807389], [0.0124729340896, 0.00794208981097, -0.00812654569745, 0.00283553590998, -0.0154081732035, 0.0173946898431, -0.00969132222235, 0.0117074558511, -0.0256062652916, 0.0468607284129, -0.06232213974, 0.0747666284442, -0.0332704782486], [-0.0047352463007, -0.00325364270248, 0.00833270978183, 0.000972248439211, 0.0102129913867, -0.0127562824637, 0.0111048296094, -0.00525645911694, 0.0138824768364, -0.0229980014265, 0.0347441807389, -0.0332704782486, 0.0400300882757]]
    },
    "melbands": {
        "max": [0.000171576466528, 0.00194393226411, 0.00385597487912, 0.00587479304522, 0.00213344697841, 0.00168155285064, 0.00458920234814, 0.0103271193802, 0.00664456468076, 0.00333882891573, 0.00698523782194, 0.00634917290881, 0.00369097222574, 0.00202855234966, 0.001976251835, 0.00191853672732, 0.00186707009561, 0.00193903793115, 0.00116952182725, 0.000656968739349, 0.000403307407396, 0.000432164495578, 0.00044545243145, 0.000286408758257, 0.00017632082745, 3.08232047246e-05, 2.13641160371e-05, 1.11176987048e-05, 9.9941253211e-06, 1.14728220524e-06, 7.9993651525e-07, 6.75642809256e-07, 1.72046065927e-06, 2.01090529117e-06, 2.28147541748e-06, 1.08905828711e-06, 5.60186549592e-07, 2.62889500391e-07, 2.26426664085e-07, 1.93005860183e-07],
        "mean": [1.43609631778e-05, 0.000107055144326, 0.000229958648561, 0.000241228495724, 0.000206405835343, 0.000161650968948, 0.000260557280853, 0.000545603747014, 0.000387470878195, 0.000315480690915, 0.00033142810571, 0.000338961486705, 0.000363254221156, 0.000274260499282, 0.000247151125222, 0.000255807244685, 0.000228668897762, 0.000221054913709, 0.000162934709806, 0.000105749611976, 6.48845962132e-05, 4.0994509618e-05, 2.56319472101e-05, 1.01069017546e-05, 7.18068849892e-06, 1.71736326138e-06, 9.8457076092e-07, 4.68577212587e-07, 1.81945026156e-07, 5.23103622641e-08, 1.48983012593e-08, 4.23806056915e-08, 9.14127653573e-08, 1.12779446226e-07, 1.12350960535e-07, 8.22429768732e-08, 3.97144042097e-08, 1.22367911359e-08, 4.9313633177e-09, 4.07054034923e-09],
        "min": [1.15068019113e-06, 8.78893189338e-08, 1.57372539888e-07, 3.0491608527e-07, 1.08694928258e-06, 1.77169511062e-07, 3.09326679826e-07, 1.87308285149e-06, 1.61607272275e-06, 2.30509925814e-07, 6.12849760273e-07, 5.37177925253e-07, 1.52412303578e-06, 9.15741622975e-07, 5.85095676797e-07, 2.51208547297e-07, 3.99800853756e-07, 1.60402692018e-07, 9.27609917767e-08, 2.18707043587e-07, 1.28009659761e-07, 3.25626814401e-08, 2.60298289589e-08, 9.26954442093e-08, 6.03039467251e-08, 7.64131691255e-09, 1.31399895409e-08, 5.96438587408e-09, 3.75355568849e-09, 3.37141403683e-09, 2.51460785528e-09, 3.07236214248e-09, 3.00953773014e-09, 2.67142041821e-09, 3.48028517116e-09, 2.51106602178e-09, 2.44054998433e-09, 2.01320204951e-09, 1.60822610784e-09, 1.73807834791e-09],
        "stdev": [1.83040883712e-05, 0.000178636735654, 0.000375723233446, 0.000452181237051, 0.000287820381345, 0.000228424702073, 0.000464425043901, 0.000998271047138, 0.0005768496776, 0.000452132459031, 0.00048805429833, 0.000502325769048, 0.000466311379569, 0.000334262120305, 0.000327182613546, 0.000356210453901, 0.000295399629977, 0.000303069420625, 0.000214002357097, 0.000117267867608, 7.19259041944e-05, 5.10922691319e-05, 4.4999862439e-05, 1.794106538e-05, 1.27714747578e-05, 2.52664381151e-06, 1.59456953952e-06, 8.62835690896e-07, 4.14907134427e-07, 8.30556174947e-08, 3.15022816721e-08, 7.41722274711e-08, 1.56927256967e-07, 1.75988745355e-07, 1.87721667544e-07, 1.31275200488e-07, 6.07172836453e-08, 1.60447122255e-08, 7.68439889498e-09, 6.36983488178e-09]
    },
    "melbands128": {
        "max": [0.000109179338324, 5.20289177075e-05, 0.000170260973391, 0.000574260717258, 0.00123810186051, 0.00466165691614, 0.00349043053575, 0.00352567993104, 0.0115962699056, 0.00759595492855, 0.00470197247341, 0.00476832687855, 0.0018023699522, 0.00341080268845, 0.00250109168701, 0.00242690206505, 0.00214447104372, 0.00866386666894, 0.010376483202, 0.0215939003974, 0.011640522629, 0.0092166531831, 0.0118546998128, 0.00871013384312, 0.00767642259598, 0.00569921033457, 0.00532885920256, 0.00707294140011, 0.0197372045368, 0.010805956088, 0.00790320243686, 0.00478560756892, 0.00330468453467, 0.0105612631887, 0.0030781396199, 0.00240370910615, 0.00383444991894, 0.00332648819312, 0.00372011517175, 0.0034664273262, 0.00305292755365, 0.00272201397456, 0.00345919583924, 0.00206664553843, 0.00160455843434, 0.00435713026673, 0.00387123506516, 0.00214140792377, 0.00131796009373, 0.00137615029234, 0.00109198689461, 0.000955401628744, 0.000492992578074, 0.000674797454849, 0.00122647057287, 0.000636768178083, 0.000634601456113, 0.000972884299699, 0.000818290864117, 0.0003245867847, 0.000547169824131, 6.69471701258e-05, 0.000302235712297, 0.000195891159819, 3.62513856089e-05, 2.40172739723e-05, 9.31891918299e-05, 3.17676895065e-05, 1.4986194401e-05, 3.50698974216e-05, 9.49532386585e-06, 2.26611828111e-05, 2.72017805401e-05, 2.15991894947e-06, 4.4227899707e-06, 1.18816933536e-06, 8.92762841431e-07, 8.38591347474e-07, 8.06606408332e-07, 7.41606584143e-07, 6.66081291456e-07, 9.17912984733e-07, 2.41085899688e-06, 2.23506617658e-06, 2.65959602075e-06, 3.00486317428e-06, 2.11496035263e-06, 3.32565241479e-06, 2.26801603276e-06, 2.64413165496e-06, 1.80208246547e-06, 1.15994851058e-06, 7.51156790102e-07, 6.78973606227e-07, 3.14417803793e-07, 2.81421989712e-07, 2.50960823678e-07, 2.37333424025e-07, 2.25502063245e-07, 2.25742255111e-07, 2.07643338968e-07, 1.868631756e-07, 1.7319409551e-07, 1.81616258033e-07, 1.64842745676e-07, 1.61689911238e-07, 1.76782222638e-07, 1.49707403807e-07, 1.46173135818e-07, 1.56281899422e-07, 1.33729500362e-07, 1.19553959621e-07, 1.2399104321e-07, 1.01206225622e-07, 1.22474475006e-07, 1.26866467554e-07, 1.65990599044e-07, 1.15133637735e-07, 1.05453153765e-07, 1.01818116605e-07, 9.89708013321e-08, 9.64779758306e-08, 9.43277740362e-08, 9.2624311776e-08, 9.11987569907e-08, 9.00452192809e-08, 8.90923672614e-08, 8.86410376211e-08],
        "mean": [1.69861668837e-05, 1.04660002762e-05, 8.65044239617e-06, 2.97844944726e-05, 7.49000319047e-05, 0.000192811276065, 0.000242196474574, 0.000208523124456, 0.000266836024821, 0.000218734974624, 0.000243343209149, 0.00027605087962, 0.000154405075591, 0.000186830875464, 0.000151692307554, 0.000156137364684, 0.000182787669473, 0.000255418592133, 0.000353193026967, 0.000674659095239, 0.000594728626311, 0.000322733685607, 0.000379813252948, 0.000387250678614, 0.000420145428507, 0.000215913300053, 0.000260109663941, 0.000358063989552, 0.000371994974557, 0.000389307329897, 0.000299791572616, 0.000286832306301, 0.000362213730114, 0.000470804370707, 0.000278605584754, 0.000232371327002, 0.000218885776121, 0.000218866945943, 0.000300125451759, 0.000269556650892, 0.000243956936174, 0.000235249681282, 0.000229316588957, 0.000233360158745, 0.000203340998269, 0.000233514932916, 0.000226526331971, 0.000165613411809, 0.000133748661028, 0.000129145133542, 0.000101084515336, 9.02319370653e-05, 5.96363643126e-05, 5.67185124964e-05, 6.61315571051e-05, 3.29587674059e-05, 2.66896440735e-05, 3.66972453776e-05, 2.16621738218e-05, 1.19205406008e-05, 1.10914888864e-05, 5.80422101848e-06, 1.07868172563e-05, 7.20462503523e-06, 1.67876328305e-06, 1.50671098709e-06, 1.93830987882e-06, 1.17637239327e-06, 7.28781571979e-07, 6.91938510045e-07, 5.15267970513e-07, 3.38869227789e-07, 2.77278218164e-07, 1.34817028652e-07, 1.03379747429e-07, 6.13168325003e-08, 2.7475339337e-08, 1.20509930923e-08, 1.15895311126e-08, 1.76453518463e-08, 3.66922847661e-08, 4.58438336182e-08, 7.06981992948e-08, 8.26443340429e-08, 1.29124558157e-07, 1.12110406292e-07, 1.15615314655e-07, 1.01853068202e-07, 1.20087946698e-07, 1.10355394156e-07, 9.73322329401e-08, 7.34931546731e-08, 5.76198644353e-08, 4.34917346581e-08, 2.68306941109e-08, 1.5317290547e-08, 9.52619938488e-09, 6.32389784982e-09, 5.01354557869e-09, 4.06740285896e-09, 3.82280651579e-09, 4.38784475421e-09, 3.93320354064e-09, 3.72445074781e-09, 3.63644558909e-09, 3.43281270077e-09, 3.57437790477e-09, 3.46665629536e-09, 3.4297060747e-09, 3.38054517712e-09, 3.34762062515e-09, 3.30589844388e-09, 4.44216974316e-09, 3.14394110745e-09, 3.00038260903e-09, 1.61619091443e-08, 3.1685527091e-08, 1.39506850516e-10, 1.22272941772e-10, 1.18146228911e-10, 1.14908992044e-10, 1.12082391979e-10, 1.09576216156e-10, 1.07614916978e-10, 1.05999820033e-10, 1.04699408865e-10, 1.03590934442e-10, 1.03049971334e-10],
        "min": [1.5360734551e-06, 2.91856139256e-07, 2.92851069617e-07, 2.32154810931e-08, 2.47361917616e-08, 3.53766771433e-09, 1.82825310446e-08, 3.37712968701e-09, 3.49921691623e-08, 5.19018819034e-08, 6.43176107928e-08, 1.22412416204e-07, 2.17359428234e-07, 3.30854049935e-07, 1.07961923845e-07, 8.33881443896e-08, 3.20931917486e-07, 2.90760993948e-07, 2.81614092046e-07, 1.47425362229e-06, 6.15398107584e-07, 7.70521069171e-07, 5.35435788152e-07, 3.29815208033e-07, 1.70519399489e-07, 1.21958919408e-07, 3.42357054706e-07, 7.93554363554e-07, 3.60863936066e-07, 2.55949828443e-07, 2.2547820322e-07, 4.18503077526e-07, 1.0142099427e-06, 1.07074413336e-06, 6.55289625229e-07, 1.45565749676e-07, 2.10180004956e-07, 1.36848527177e-07, 9.12110849072e-08, 1.38988511367e-07, 1.03602260992e-07, 8.78131061199e-08, 1.5627422556e-07, 3.54095107014e-07, 7.0301695132e-08, 9.72940981114e-08, 1.02634906796e-07, 7.37902254855e-08, 6.50223270782e-08, 6.15851192265e-08, 1.91152764728e-07, 2.3798742177e-07, 6.46273576876e-08, 3.21064419495e-08, 4.0180847094e-08, 2.64715911413e-08, 2.8896691262e-08, 3.04755012337e-08, 1.16815375151e-08, 3.35087690928e-08, 3.62779886132e-08, 4.53985258275e-08, 7.06613363377e-08, 1.87359656678e-08, 6.248466633e-09, 4.27516511081e-09, 4.05586852992e-09, 1.4597472564e-08, 5.84462345188e-09, 5.03990893463e-09, 3.28962568297e-09, 1.64282554227e-09, 3.64135654962e-09, 2.44089459756e-09, 2.54106069519e-09, 1.76381054207e-09, 1.68465885686e-09, 1.00576458273e-09, 2.10879994023e-10, 1.68680047707e-09, 2.02503147584e-09, 1.80086023871e-09, 2.14062256809e-09, 2.10698081204e-09, 1.78270798123e-09, 2.44990538967e-09, 1.47554124474e-09, 1.86772042277e-09, 2.98798719101e-09, 2.37369479628e-09, 2.44650433245e-09, 1.22099808042e-09, 1.70787117781e-09, 1.60331015131e-09, 1.87553039765e-09, 8.27051427343e-10, 1.52892098981e-09, 1.18577714314e-09, 8.85868323142e-10, 1.09240427815e-09, 1.024065166e-09, 1.13662013135e-09, 1.1000677036e-09, 8.61812898822e-10, 9.30237109564e-10, 7.88851761691e-10, 1.05162445418e-09, 1.16545828543e-09, 1.14410292351e-09, 1.05056607858e-09, 1.25934296324e-09, 1.28231203433e-09, 1.38307554298e-09, 1.25471810719e-09, 7.88355658532e-10, 4.65487870471e-09, 7.35031280286e-09, 1.59747096194e-12, 1.43191746437e-13, 1.60124233209e-13, 2.15627998313e-13, 1.78349102522e-13, 1.76450312152e-13, 1.67396885199e-13, 2.15187446312e-13, 2.13637958778e-13, 2.33394168792e-13, 1.72287558569e-13],
        "stdev": [8.39908625494e-06, 6.40263124296e-06, 1.68745773408e-05, 7.08997977199e-05, 0.000128219995531, 0.000379994511604, 0.000404389284085, 0.000400139164412, 0.000717270013411, 0.000516352709383, 0.000452503678389, 0.000495039741509, 0.000234636769164, 0.000390449917177, 0.000278582418105, 0.000259681371972, 0.000256831233855, 0.00068652437767, 0.00082195084542, 0.00171475333627, 0.00121285859495, 0.000678340555169, 0.000913798634429, 0.000774209562223, 0.000848670199048, 0.000399021431804, 0.000463478791062, 0.000566634407733, 0.000975439499598, 0.000715281581506, 0.000520940229762, 0.00046828185441, 0.000506695825607, 0.000965964107309, 0.000425386562711, 0.000353942188667, 0.0003388991463, 0.000380411860533, 0.000481561379274, 0.000415834772866, 0.000418494804762, 0.000387369887903, 0.000357673270628, 0.000337867648341, 0.000316792924423, 0.000413144356571, 0.000365960062481, 0.000275246158708, 0.000207447083085, 0.000172745290911, 0.000131186185172, 0.000124505982967, 8.5763320385e-05, 8.05784584372e-05, 0.000125859325635, 4.89897211082e-05, 4.68738289783e-05, 8.86447887751e-05, 5.07343065692e-05, 2.31667054322e-05, 3.26046319969e-05, 8.08193817647e-06, 2.2012671252e-05, 1.50783225763e-05, 2.72876945928e-06, 2.48171181738e-06, 4.66940718979e-06, 2.42539317696e-06, 1.23879601688e-06, 1.9773447093e-06, 9.84715256891e-07, 9.21993887459e-07, 1.00806005321e-06, 2.15668819692e-07, 2.29585921829e-07, 9.20728240317e-08, 4.65536658112e-08, 3.05872731587e-08, 3.03031590931e-08, 3.8887012721e-08, 6.94895305742e-08, 8.24781665187e-08, 1.67319129218e-07, 1.72695209244e-07, 2.17409095171e-07, 1.94173495061e-07, 2.14352681382e-07, 1.9524239292e-07, 2.13242472569e-07, 2.00217954216e-07, 1.7191386803e-07, 1.24179166505e-07, 9.06565702508e-08, 7.36956451419e-08, 4.18676862068e-08, 2.18480167291e-08, 1.33340600783e-08, 9.0891081328e-09, 7.80285702717e-09, 7.55118190199e-09, 6.92828594495e-09, 6.2737983697e-09, 5.78081937874e-09, 6.04699668116e-09, 5.49641310243e-09, 5.37705657777e-09, 5.88552984127e-09, 4.98423169404e-09, 4.86361217966e-09, 5.19045117997e-09, 4.46004033705e-09, 3.98723853934e-09, 4.24552082379e-09, 3.38615824269e-09, 4.08171008104e-09, 5.76354164394e-09, 1.08981224045e-08, 3.83537956949e-09, 3.51311801872e-09, 3.39202577138e-09, 3.29717564362e-09, 3.21413873294e-09, 3.14250314659e-09, 3.08575720531e-09, 3.03826941384e-09, 2.99984259655e-09, 2.96809488098e-09, 2.95305824238e-09]
    },
    "mfcc": {
        "mean": [-698.550720215, 182.56477356, -73.7369003296, -23.7687740326, 4.13647079468, -15.6784362793, -20.781879425, 12.063167572, -15.5664348602, 6.1820898056, -4.85788488388, -1.43029069901, 4.03023862839],
        "cov": [[1717.95227051, -9.12940883636, -281.227813721, 105.133239746, -141.439102173, -17.3343296051, -157.344985962, 99.1814575195, -175.849746704, 138.884658813, -112.84954071, -25.0117015839, -23.0559005737], [-9.12940883636, 290.089660645, -185.429718018, -200.384750366, 44.8324775696, -25.4706287384, 21.1934871674, -26.6442909241, 69.8798065186, -21.9337234497, 42.1106071472, 11.0206317902, 21.3626995087], [-281.227813721, -185.429718018, 2048.09155273, 1505.19213867, -72.9960708618, 3.72445487976, 41.2548408508, 28.5187168121, -381.944213867, -86.5975875854, -265.016418457, -135.667663574, -63.5008811951], [105.133239746, -200.384750366, 1505.19213867, 1324.22485352, -17.2393951416, -43.1639671326, -35.0675430298, 36.7835426331, -344.923065186, -65.0312423706, -214.500640869, -104.184829712, -68.9538192749], [-141.439102173, 44.8324775696, -72.9960708618, -17.2393951416, 119.179100037, 1.52466320992, -18.0614032745, -17.822511673, 39.6814117432, -27.3813552856, 24.0060043335, 10.2976417542, -3.24361562729], [-17.3343296051, -25.4706287384, 3.72445487976, -43.1639671326, 1.52466320992, 72.4853363037, 28.7110939026, -2.04286170006, 3.64972472191, 14.4751634598, -14.1740407944, -10.0681381226, 2.04449725151], [-157.344985962, 21.1934871674, 41.2548408508, -35.0675430298, -18.0614032745, 28.7110939026, 93.7445983887, 14.6878137589, 9.5861120224, -13.8894004822, 3.07996296883, -1.09783446789, 2.05064249039], [99.1814575195, -26.6442909241, 28.5187168121, 36.7835426331, -17.822511673, -2.04286170006, 14.6878137589, 68.7763671875, -10.1123104095, -3.26157999039, -9.31820297241, 7.99810886383, -2.51862239838], [-175.849746704, 69.8798065186, -381.944213867, -344.923065186, 39.6814117432, 3.64972472191, 9.5861120224, -10.1123104095, 153.955474854, 13.4427871704, 62.8558502197, 29.8113994598, 27.4659557343], [138.884658813, -21.9337234497, -86.5975875854, -65.0312423706, -27.3813552856, 14.4751634598, -13.8894004822, -3.26157999039, 13.4427871704, 74.0908050537, 2.66678118706, -19.0826835632, -4.46430158615], [-112.84954071, 42.1106071472, -265.016418457, -214.500640869, 24.0060043335, -14.1740407944, 3.07996296883, -9.31820297241, 62.8558502197, 2.66678118706, 114.529647827, 47.8390388489, -9.26523113251], [-25.0117015839, 11.0206317902, -135.667663574, -104.184829712, 10.2976417542, -10.0681381226, -1.09783446789, 7.99810886383, 29.8113994598, -19.0826835632, 47.8390388489, 86.7912597656, 26.2804069519], [-23.0559005737, 21.3626995087, -63.5008811951, -68.9538192749, -3.24361562729, 2.04449725151, 2.05064249039, -2.51862239838, 27.4659557343, -4.46430158615, -9.26523113251, 26.2804069519, 73.6546783447]],
        "icov": [[0.00520849507302, -0.00587657326832, 0.00674564437941, -0.00655700778589, 0.00727719161659, -0.00681510614231, 0.00734938401729, -0.00706460559741, 0.0065636090003, -0.00642938539386, 0.00562994228676, -0.0034164628014, 0.00216542556882], [-0.00587657326832, 0.0119322808459, -0.00891077890992, 0.010065481998, -0.0113325985149, 0.0121709918603, -0.0101025477052, 0.00886106770486, -0.00629105884582, 0.00733988685533, -0.00617900909856, 0.00502538308501, -0.00359181128442], [0.00674564437941, -0.00891077890992, 0.0140831628814, -0.0157599393278, 0.0139076709747, -0.0134483892471, 0.00741924438626, -0.00702600646764, 0.00525670824572, -0.00584071921185, 0.00670662336051, -0.00384878367186, 0.00252526276745], [-0.00655700778589, 0.010065481998, -0.0157599393278, 0.020902980119, -0.0176469497383, 0.0175370071083, -0.00736535899341, 0.00562527915463, 0.00122293445747, 0.00494360597804, -0.00357279949822, 0.00401601893827, -0.00189561233856], [0.00727719161659, -0.0113325985149, 0.0139076709747, -0.0176469497383, 0.0290999151766, -0.0200144033879, 0.014766654931, -0.00651745125651, -0.00165229267441, 0.00039097192348, 0.00381682091393, -0.00376881961711, 0.00470236502588], [-0.00681510614231, 0.0121709918603, -0.0134483892471, 0.0175370071083, -0.0200144033879, 0.0359452851117, -0.0178985260427, 0.00968135893345, -0.00127380678896, -0.000336384051479, -0.000481974333525, 0.00339516554959, -0.00270727975294], [0.00734938401729, -0.0101025477052, 0.00741924438626, -0.00736535899341, 0.014766654931, -0.0178985260427, 0.0284742396325, -0.0144937606528, 0.00705627119169, -0.00280889566056, 0.00459255231544, -0.0025395238772, 0.00327288289554], [-0.00706460559741, 0.00886106770486, -0.00702600646764, 0.00562527915463, -0.00651745125651, 0.00968135893345, -0.0144937606528, 0.0277047548443, -0.0114976912737, 0.00920766312629, -0.00502529880032, 0.000766042154282, -0.000837369530927], [0.0065636090003, -0.00629105884582, 0.00525670824572, 0.00122293445747, -0.00165229267441, -0.00127380678896, 0.00705627119169, -0.0114976912737, 0.0312047470361, -0.0133563233539, 0.00677478080615, -0.00337451160885, -0.0014604536118], [-0.00642938539386, 0.00733988685533, -0.00584071921185, 0.00494360597804, 0.00039097192348, -0.000336384051479, -0.00280889566056, 0.00920766312629, -0.0133563233539, 0.0308697707951, -0.0108812199906, 0.0112257581204, -0.00265179551207], [0.00562994228676, -0.00617900909856, 0.00670662336051, -0.00357279949822, 0.00381682091393, -0.000481974333525, 0.00459255231544, -0.00502529880032, 0.00677478080615, -0.0108812199906, 0.0276286825538, -0.0147993341088, 0.0114436587319], [-0.0034164628014, 0.00502538308501, -0.00384878367186, 0.00401601893827, -0.00376881961711, 0.00339516554959, -0.0025395238772, 0.000766042154282, -0.00337451160885, 0.0112257581204, -0.0147993341088, 0.0245351679623, -0.0109259830788], [0.00216542556882, -0.00359181128442, 0.00252526276745, -0.00189561233856, 0.00470236502588, -0.00270727975294, 0.00327288289554, -0.000837369530927, -0.0014604536118, -0.00265179551207, 0.0114436587319, -0.0109259830788, 0.0215833168477]]
    },
    "spectral_contrast_coeffs": {
        "max": [-0.456953078508, -0.540022552013, -0.555948674679, -0.607600569725, -0.542958378792, -0.69016456604],
        "mean": [-0.688849687576, -0.751134574413, -0.763333618641, -0.779320120811, -0.702352523804, -0.816369473934],
        "min": [-0.853552222252, -0.922742068768, -0.877977490425, -0.902695834637, -0.856690049171, -0.941163957119],
        "stdev": [0.0590764321387, 0.0679160356522, 0.0609158724546, 0.0474273711443, 0.063099578023, 0.0363030992448]
    },
    "spectral_contrast_valleys": {
        "max": [-5.91053915024, -4.85903453827, -4.87360572815, -4.99753522873, -7.12777423859, -8.48804759979],
        "mean": [-8.03106212616, -6.3306593895, -6.63300228119, -6.91604614258, -8.57039451599, -11.809923172],
        "min": [-10.094956398, -8.80281448364, -8.96768951416, -9.34423542023, -10.1766738892, -12.2939739227],
        "stdev": [1.09211540222, 0.521111249924, 0.972108244896, 1.13591635227, 0.558374464512, 0.246181249619]
    }
},
"rhythm": {
    "beats_count": 31,
    "beats_loudness": {
        "max": 0.0887131616473,
        "mean": 0.0322626307607,
        "min": 0.000624252075795,
        "stdev": 0.0181282479316
    },
    "bpm": 91.5706100464,
    "bpm_histogram_first_peak_bpm": 92,
    "bpm_histogram_first_peak_weight": 0.521739125252,
    "bpm_histogram_second_peak_bpm": 98,
    "bpm_histogram_second_peak_spread": 0,
    "bpm_histogram_second_peak_weight": 0.133333340287,
    "danceability": 0.928940236568,
    "onset_rate": 2.34602999687,
    "beats_loudness_band_ratio": {
        "max": [0.302435934544, 0.373607158661, 0.693973004818, 0.801901996136, 0.450477391481, 0.0149081870914],
        "mean": [0.0674567744136, 0.0921122357249, 0.309250563383, 0.355388432741, 0.209768280387, 0.00472078099847],
        "min": [0.000601145322435, 0.00247448659502, 0.065409809351, 0.0522344782948, 0.0131336525083, 0.000406336272135],
        "stdev": [0.0804358273745, 0.0945529192686, 0.169588789344, 0.227655902505, 0.128269642591, 0.00461979163811]
    },
    "beats_position": [0.696598649025, 1.4164172411, 2.08979582787, 2.76317453384, 3.42494320869, 4.08671188354, 4.73687076569, 5.38702917099, 6.03718805313, 6.68734693527, 7.33750534058, 7.98766422272, 8.63782310486, 9.27637195587, 9.92653083801, 10.5650787354, 11.2152376175, 11.8886165619, 12.5619955063, 13.2469835281, 13.9551925659, 14.6401815414, 15.3251695633, 16.0217685699, 16.637096405, 17.2640361786, 17.8909740448, 18.5179138184, 19.1332416534, 19.7485713959, 20.363899231],
