{
"metadata": {
    "version": {
        "essentia": "2.1-beta5",
        "essentia_git_sha": "Undefined",
        "extractor": "music 2.0"
    },
    "audio_properties": {
        "analysis": {
            "equal_loudness": 0,
            "length": 12.7477550507,
            "sample_rate": 44100,
            "start_time": 0,
            "downmix": "mix"
        },
        "bit_rate": 192000,
        "length": 193.085540771,
        "lossless": 0,
        "number_channels": 1,
        "replay_gain": -9.20029258728,
        "sample_rate": 48000,
        "codec": "mp3",
        "md5_encoded": "249a9f3625262177cacd03482ddac456"
    },
    "tags": {
        "file_name": "Greece_Feggari Kalokerino_Yiannis Dimitras.mp3",
        "encoding": ["Lavf58.29.100"]
    }
},
"lowlevel": {
    "average_loudness": 0.2111017555,
    "barkbands_crest": {
        "max": 23.8847370148,
        "mean": 9.56966400146,
        "min": 3.68213558197,
        "stdev": 3.94815397263
    },
    "barkbands_flatness_db": {
        "max": 0.366374135017,
        "mean": 0.207608178258,
        "min": 0.0768511742353,
        "stdev": 0.0621318370104
    },
    "barkbands_kurtosis": {
        "max": 22.2360496521,
        "mean": 2.73638153076,
        "min": -1.94487810135,
        "stdev": 4.458796978
    },
    "barkbands_skewness": {
        "max": 4.23096418381,
        "mean": 0.463023483753,
        "min": -3.30119895935,
        "stdev": 1.52125930786
    },
    "barkbands_spread": {
        "max": 54.9661979675,
        "mean": 13.3735494614,
        "min": 1.93071782589,
        "stdev": 7.52595424652
    },
    "dissonance": {
        "max": 0.499999552965,
        "mean": 0.464582622051,
        "min": 0.240176200867,
        "stdev": 0.0447283759713
    },
    "dynamic_complexity": 9.49942111969,
    "erbbands_crest": {
        "max": 31.6275730133,
        "mean": 9.6992931366,
        "min": 2.9711728096,
        "stdev": 5.36592006683
    },
    "erbbands_flatness_db": {
        "max": 0.433924406767,
        "mean": 0.278666317463,
        "min": 0.0950711965561,
        "stdev": 0.0955625474453
    },
    "erbbands_kurtosis": {
        "max": 24.4952602386,
        "mean": 0.908535242081,
        "min": -1.78334915638,
        "stdev": 3.26615357399
    },
    "erbbands_skewness": {
        "max": 2.18304896355,
        "mean": -0.146048992872,
        "min": -4.23301410675,
        "stdev": 0.802809894085
    },
    "erbbands_spread": {
        "max": 83.2371673584,
        "mean": 25.3477802277,
        "min": 2.76441454887,
        "stdev": 22.8880290985
    },
    "hfc": {
        "max": 84.861618042,
        "mean": 8.40635967255,
        "min": 1.159125016e-16,
        "stdev": 12.6692314148
    },
    "loudness_ebu128": {
        "integrated": -20.8963222504,
        "loudness_range": 14.8986186981,
        "momentary": {
            "max": -14.6730947495,
            "mean": -28.6968765259,
            "min": -51.2454833984,
            "stdev": 11.4085865021
        },
        "short_term": {
            "max": -17.8639736176,
            "mean": -26.5110015869,
            "min": -46.6254348755,
            "stdev": 6.58554506302
        }
    },
    "melbands_crest": {
        "max": 30.5881385803,
        "mean": 12.1902360916,
        "min": 1.76041030884,
        "stdev": 5.32380628586
    },
    "melbands_flatness_db": {
        "max": 0.426560878754,
        "mean": 0.228753238916,
        "min": 0.00338857760653,
        "stdev": 0.0650016963482
    },
    "melbands_kurtosis": {
        "max": 75.6197738647,
        "mean": 7.83668136597,
        "min": -1.84414494038,
        "stdev": 14.5839090347
    },
    "melbands_skewness": {
        "max": 7.6579079628,
        "mean": 1.24941265583,
        "min": -2.53951525688,
        "stdev": 2.11266469955
    },
    "melbands_spread": {
        "max": 130.567214966,
        "mean": 22.0098628998,
        "min": 3.18650054932,
        "stdev": 14.377281189
    },
    "pitch_salience": {
        "max": 0.880456566811,
        "mean": 0.647855460644,
        "min": 0.185479521751,
        "stdev": 0.132481276989
    },
    "silence_rate_20dB": {
        "max": 1,
        "mean": 1,
        "min": 1,
        "stdev": 0
    },
    "silence_rate_30dB": {
        "max": 1,
        "mean": 1,
        "min": 1,
        "stdev": 0
    },
    "silence_rate_60dB": {
        "max": 1,
        "mean": 0.443636357784,
        "min": 0,
        "stdev": 0.496812909842
    },
    "spectral_centroid": {
        "max": 11107.2519531,
        "mean": 1488.96203613,
        "min": 493.116821289,
        "stdev": 659.272949219
    },
    "spectral_complexity": {
        "max": 32,
        "mean": 9.4727268219,
        "min": 0,
        "stdev": 7.86511182785
    },
    "spectral_decrease": {
        "max": 6.97258862241e-30,
        "mean": -2.07990735746e-09,
        "min": -2.67686068867e-08,
        "stdev": 4.39056213608e-09
    },
    "spectral_energy": {
        "max": 0.107383094728,
        "mean": 0.00861252564937,
        "min": 1.04872874194e-20,
        "stdev": 0.0176700558513
    },
    "spectral_energyband_high": {
        "max": 0.0012017430272,
        "mean": 7.38568851375e-05,
        "min": 7.74449221752e-21,
        "stdev": 0.000166046738741
    },
    "spectral_energyband_low": {
        "max": 0.000603393360507,
        "mean": 2.44700713665e-05,
        "min": 5.24031716532e-23,
        "stdev": 3.33052084898e-05
    },
    "spectral_energyband_middle_high": {
        "max": 0.0359412804246,
        "mean": 0.0034236474894,
        "min": 1.58925528504e-21,
        "stdev": 0.0046144365333
    },
    "spectral_energyband_middle_low": {
        "max": 0.0907661244273,
        "mean": 0.00515399826691,
        "min": 3.31722599212e-22,
        "stdev": 0.0141565958038
    },
    "spectral_entropy": {
        "max": 9.81594181061,
        "mean": 7.18963289261,
        "min": 5.95228815079,
        "stdev": 0.433897525072
    },
    "spectral_flux": {
        "max": 0.278307110071,
        "mean": 0.0452972128987,
        "min": 1.02407457514e-10,
        "stdev": 0.0509446300566
    },
    "spectral_kurtosis": {
        "max": 90.6019821167,
        "mean": 16.0954017639,
        "min": -1.15733528137,
        "stdev": 18.6271247864
    },
    "spectral_rms": {
        "max": 0.0102354288101,
        "mean": 0.00209730979986,
        "min": 3.19867157934e-12,
        "stdev": 0.00200093910098
    },
    "spectral_rolloff": {
        "max": 18604.6875,
        "mean": 1680.25646973,
        "min": 150.732421875,
        "stdev": 1298.5637207
    },
    "spectral_skewness": {
        "max": 6.81158065796,
        "mean": 2.05108714104,
        "min": 0.017896246165,
        "stdev": 1.30648601055
    },
    "spectral_spread": {
        "max": 39472276,
        "mean": 2567481,
        "min": 711677.9375,
        "stdev": 2157422.75
    },
    "spectral_strongpeak": {
        "max": 8.42919063568,
        "mean": 1.13039541245,
        "min": 0,
        "stdev": 1.51258313656
    },
    "zerocrossingrate": {
        "max": 0.74462890625,
        "mean": 0.063549362123,
        "min": 0.0146484375,
        "stdev": 0.0450905151665
    },
    "barkbands": {
        "max": [2.72842371487e-05, 0.000141625947435, 0.000450059538707, 6.00296916673e-05, 0.00353120849468, 0.0390150435269, 0.0353499501944, 0.0622815340757, 0.0574565269053, 0.0132097387686, 0.0237686447799, 0.0198453646153, 0.0110715031624, 0.0118700796738, 0.0134084168822, 0.00792120955884, 0.00838841497898, 0.00396531447768, 0.00312737957574, 0.000949943030719, 0.000623523839749, 0.000129052510601, 6.11645737081e-05, 5.06625583512e-05, 3.13375267069e-06, 3.34206475827e-07, 5.62117712377e-08],
        "mean": [1.96317682821e-06, 1.55768939294e-05, 4.37761900685e-06, 4.06754452342e-06, 0.000108512358565, 0.000967082101852, 0.000986964558251, 0.0016405879287, 0.00131397508085, 0.000440921372501, 0.000417842587922, 0.000496520544402, 0.000396630261093, 0.000650469737593, 0.000440387433628, 0.00023960362887, 0.000237898144405, 0.000106775121822, 4.91052487632e-05, 4.30931213486e-05, 3.34768592438e-05, 8.90912087925e-06, 5.38401400263e-06, 2.26870247388e-06, 1.26737290884e-07, 1.73034067075e-08, 4.16832818262e-10],
        "min": [3.10738088973e-24, 2.73656068902e-23, 6.00922762047e-24, 2.84575923314e-23, 7.06997590534e-23, 6.10462914513e-23, 2.23235124844e-23, 2.11627983256e-23, 8.32130556961e-23, 9.21220468629e-23, 9.92730267925e-23, 7.77880340074e-23, 1.11203412024e-22, 1.19333690193e-22, 1.28498625702e-22, 1.43364930342e-22, 1.65688154103e-22, 1.82748994051e-22, 2.81112918604e-22, 3.52103003714e-22, 3.63853370887e-22, 5.93518548301e-22, 6.09965174837e-22, 7.28025214388e-22, 1.08647396668e-21, 1.9727045919e-21, 2.49777545913e-21],
        "stdev": [2.49600407187e-06, 1.4511043446e-05, 2.16969237954e-05, 6.15317367192e-06, 0.000380246143322, 0.00291861919686, 0.0039741313085, 0.00708298152313, 0.00501392874867, 0.00138184893876, 0.00175176712219, 0.00139960821252, 0.000920095480978, 0.00120395375416, 0.00101400655694, 0.000541333691217, 0.000805129471701, 0.00032231330988, 0.000204312978894, 0.00011815437756, 8.01030328148e-05, 1.76281992026e-05, 1.09376942419e-05, 5.13011627845e-06, 3.26352250113e-07, 3.77954982866e-08, 2.47851317248e-09]
    },
    "erbbands": {
        "max": [0.00480945641175, 0.0507534630597, 0.470065504313, 0.239955738187, 1.10921478271, 13.9105730057, 255.649780273, 195.373245239, 245.277114868, 890.578186035, 1740.33850098, 1781.82434082, 759.447021484, 529.423461914, 711.792602539, 381.679534912, 494.642547607, 670.21673584, 389.24206543, 342.994384766, 542.923156738, 465.294433594, 207.240264893, 160.881744385, 83.2904815674, 62.9981918335, 31.1321811676, 15.7617082596, 4.75323152542, 3.23506188393, 2.00781011581, 1.16294312477, 0.72977155447, 0.0818806439638, 0.00308920908719, 0.00250565772876, 0.000299252162222, 3.37589808623e-05, 5.42522102478e-05, 0.00012304422853],
        "mean": [0.000773278763518, 0.00223983894102, 0.00444581406191, 0.0119313914329, 0.0283458661288, 0.418983370066, 3.19010591507, 9.33936405182, 10.2835998535, 24.308391571, 37.9429206848, 28.510017395, 20.6995162964, 16.4662094116, 19.0939369202, 17.3061943054, 20.396276474, 36.590259552, 19.881477356, 16.5912418365, 14.1521549225, 13.3557538986, 7.18134593964, 4.18918609619, 2.16211748123, 2.30899405479, 1.68749165535, 0.694598674774, 0.306945741177, 0.267921060324, 0.141716450453, 0.0742642730474, 0.0258736237884, 0.00421822536737, 0.00020385957032, 0.00013704803132, 1.75056793523e-05, 2.22500943892e-06, 4.90969796374e-06, 1.0377209037e-05],
        "min": [1.031102343e-21, 5.23730010683e-21, 8.43895153923e-21, 5.81727755098e-20, 1.05265369779e-19, 3.24786392911e-19, 5.38465782547e-19, 3.42015918836e-19, 3.17265485836e-19, 2.8666670496e-19, 8.83190045805e-19, 1.71889733951e-18, 3.50770860478e-18, 2.2772137507e-18, 3.50306688077e-18, 3.15579805485e-18, 3.93832849192e-18, 7.72497687491e-18, 6.47973918077e-18, 6.30771704622e-18, 8.92511916359e-18, 8.23187563582e-18, 9.09997935482e-18, 1.36071549909e-17, 1.50339596567e-17, 1.55980571298e-17, 1.26871349351e-17, 1.84151944137e-17, 2.16790621681e-17, 2.09489148044e-17, 1.65878995011e-17, 1.64055326458e-17, 1.18231530571e-17, 1.23580022509e-17, 7.64269391065e-18, 6.66051123184e-18, 3.72802195708e-18, 1.45703139632e-18, 3.29704731285e-19, 3.66625188294e-20],
        "stdev": [0.000697500945535, 0.00290644471534, 0.021747328341, 0.0223218165338, 0.0731551349163, 1.4185551405, 17.682384491, 22.276473999, 31.0174617767, 99.010269165, 168.878692627, 124.26663208, 55.4034690857, 58.2723999023, 61.7037773132, 36.3716850281, 41.0686416626, 68.7282867432, 35.772895813, 31.006477356, 36.1083488464, 43.7406654358, 21.1800479889, 12.616394043, 6.96621656418, 6.66673612595, 3.87484478951, 1.73237395287, 0.607401430607, 0.518772006035, 0.286368846893, 0.154405400157, 0.0643494576216, 0.00971909891814, 0.000318734295433, 0.00029144671862, 2.94334240607e-05, 2.8141457733e-06, 8.92926891538e-06, 2.03540676011e-05]
    },
    "gfcc": {
        "mean": [-207.680297852, 122.206359863, -194.286422729, 8.87247657776, -52.9631233215, 5.10841321945, -32.6659660339, -3.3382525444, 4.8318696022, -5.44346904755, 8.27183628082, -2.70535373688, 5.0669131279],
        "cov": [[16446.2695312, 396.496459961, -4697.65966797, -2431.75512695, -793.573547363, -1443.39978027, 60.81067276, -848.216430664, 845.009521484, 320.415588379, 921.159484863, 473.839050293, 575.696044922], [396.496459961, 1484.19335938, -277.198638916, -1272.25524902, 451.17880249, -207.66557312, 12.8458862305, 18.1027851105, 177.198547363, -161.210754395, 22.363986969, 64.5410003662, -23.5492916107], [-4697.65966797, -277.198638916, 2120.484375, 1375.51672363, -262.061035156, 364.341247559, -111.963134766, 241.366943359, -482.474029541, -103.428398132, -363.44921875, -229.377120972, -237.670532227], [-2431.75512695, -1272.25524902, 1375.51672363, 2146.37939453, -497.614868164, 389.665740967, -160.665878296, 105.155609131, -434.815795898, 66.3435287476, -199.678268433, -197.727508545, -104.95954895], [-793.573547363, 451.17880249, -262.061035156, -497.614868164, 569.357971191, 86.6018753052, 16.3595542908, 43.0716362, 147.007278442, -64.6866607666, -1.13514828682, 28.0041732788, -9.24171924591], [-1443.39978027, -207.66557312, 364.341247559, 389.665740967, 86.6018753052, 529.356811523, 111.268371582, 109.036155701, -90.2054367065, 23.4820823669, -97.6653747559, -78.5251159668, -68.0261688232], [60.81067276, 12.8458862305, -111.963134766, -160.665878296, 16.3595542908, 111.268371582, 185.499465942, 52.6641120911, 24.488483429, 6.85999488831, -0.493200153112, -7.48795461655, -10.3355178833], [-848.216430664, 18.1027851105, 241.366943359, 105.155609131, 43.0716362, 109.036155701, 52.6641120911, 168.281036377, -17.7546386719, -35.0663070679, -53.478099823, -26.2378463745, -47.0705604553], [845.009521484, 177.198547363, -482.474029541, -434.815795898, 147.007278442, -90.2054367065, 24.488483429, -17.7546386719, 199.272827148, 29.5585269928, 72.977935791, 58.0384063721, 56.9735450745], [320.415588379, -161.210754395, -103.428398132, 66.3435287476, -64.6866607666, 23.4820823669, 6.85999488831, -35.0663070679, 29.5585269928, 86.1291656494, 54.5967597961, 6.24793338776, 19.1632995605], [921.159484863, 22.363986969, -363.44921875, -199.678268433, -1.13514828682, -97.6653747559, -0.493200153112, -53.478099823, 72.977935791, 54.5967597961, 139.370880127, 73.5178451538, 41.6737060547], [473.839050293, 64.5410003662, -229.377120972, -197.727508545, 28.0041732788, -78.5251159668, -7.48795461655, -26.2378463745, 58.0384063721, 6.24793338776, 73.5178451538, 92.1477584839, 53.8780708313], [575.696044922, -23.5492916107, -237.670532227, -104.95954895, -9.24171924591, -68.0261688232, -10.3355178833, -47.0705604553, 56.9735450745, 19.1632995605, 41.6737060547, 53.8780708313, 86.4190673828]],
        "icov": [[0.000788454664871, -0.0010350641096, 0.00234138523228, -0.000762923504226, 0.00244999513961, 0.000137626833748, 0.000143720419146, 0.000804766896181, -0.000529884244315, 0.000568641291466, 8.58552302816e-05, 0.000197599787498, 0.0008627223433], [-0.0010350641096, 0.00430747494102, -0.00470969546586, 0.00325422058813, -0.00344230444171, -0.000848432071507, 0.000940611644182, -0.000548403593712, -0.00103877612855, 0.00455798767507, -0.00446761632338, 0.0030020410195, -0.00219650263898], [0.00234138523228, -0.00470969546586, 0.0107530523092, -0.00369169167243, 0.00715798838064, 0.00133763509803, 0.0014539322583, -0.000586354348343, 0.00418658694252, -0.00548407947645, 0.00909082777798, -0.00442123413086, 0.00670997751877], [-0.000762923504226, 0.00325422058813, -0.00369169167243, 0.00420841155574, -0.00196315906942, -0.0014053771738, 0.00269001210108, -0.00190037465654, 0.00173163297586, 0.00105810095556, -0.0031663517002, 0.00390444020741, -0.00338565581478], [0.00244999513961, -0.00344230444171, 0.00715798838064, -0.00196315906942, 0.0118344658986, -0.00207505421713, 0.00220088707283, 0.00294168922119, -0.00592169817537, 0.00706797046587, -0.00149236537982, 0.00129563210066, 0.00378877250478], [0.000137626833748, -0.000848432071507, 0.00133763509803, -0.0014053771738, -0.00207505421713, 0.00526319351047, -0.00317589868791, -0.0014713894343, 0.00389625364915, -0.00810996443033, 0.00605760095641, -0.00318349804729, 0.00185699714348], [0.000143720419146, 0.000940611644182, 0.0014539322583, 0.00269001210108, 0.00220088707283, -0.00317589868791, 0.0113124353811, -0.00456650787964, 0.00230953795835, -0.000438385352027, 0.000179025460966, 0.0026789358817, -1.61989210028e-05], [0.000804766896181, -0.000548403593712, -0.000586354348343, -0.00190037465654, 0.00294168922119, -0.0014713894343, -0.00456650787964, 0.014462233521, -0.0103878425434, 0.0115953618661, -0.00518365530297, -6.53528186376e-05, 0.00387384695932], [-0.000529884244315, -0.00103877612855, 0.00418658694252, 0.00173163297586, -0.00592169817537, 0.00389625364915, 0.00230953795835, -0.0103878425434, 0.027669698, -0.0240826234221, 0.0146961901337, -0.0063415733166, -0.00211888854392], [0.000568641291466, 0.00455798767507, -0.00548407947645, 0.00105810095556, 0.00706797046587, -0.00810996443033, -0.000438385352027, 0.0115953618661, -0.0240826234221, 0.054310221225, -0.0362018458545, 0.0217378884554, -0.00796924624592], [8.58552302816e-05, -0.00446761632338, 0.00909082777798, -0.0031663517002, -0.00149236537982, 0.00605760095641, 0.000179025460966, -0.00518365530297, 0.0146961901337, -0.0362018458545, 0.0466278642416, -0.0308235120028, 0.0162440054119], [0.000197599787498, 0.0030020410195, -0.00442123413086, 0.00390444020741, 0.00129563210066, -0.00318349804729, 0.0026789358817, -6.53528186376e-05, -0.0063415733166, 0.0217378884554, -0.0308235120028, 0.0422352403402, -0.0221052672714], [0.0008627223433, -0.00219650263898, 0.00670997751877, -0.00338565581478, 0.00378877250478, 0.00185699714348, -1.61989210028e-05, 0.00387384695932, -0.00211888854392, -0.00796924624592, 0.0162440054119, -0.0221052672714, 0.0326549448073]]
    },
    "melbands": {
        "max": [3.41749364452e-05, 0.000174177475856, 3.85234961868e-05, 0.000461751333205, 0.00685360049829, 0.00528499949723, 0.0041854409501, 0.0087472088635, 0.0146151417866, 0.0105043072253, 0.00395413162187, 0.00197920389473, 0.00269719585776, 0.00226531177759, 0.00118431379087, 0.00110812159255, 0.0011864406988, 0.000449199433206, 0.00128046330065, 0.000228504359256, 0.000637664925307, 0.000390485132812, 0.000412891531596, 0.000307989103021, 0.000127223407617, 0.000123083911603, 5.0237737014e-05, 5.32602316525e-05, 2.36843334278e-05, 2.4863775252e-05, 6.43951852908e-06, 2.52535028267e-06, 4.00057706429e-06, 1.54190138346e-06, 1.22942412872e-06, 1.12770771921e-06, 7.63963271311e-07, 6.83969346937e-07, 2.29054776923e-07, 2.89971868739e-08],
        "mean": [5.35216531716e-06, 2.45385967901e-06, 1.99756505026e-06, 1.18709313028e-05, 9.14506817935e-05, 0.000201960632694, 0.00017360066704, 0.00029121019179, 0.000293858262012, 0.000179248585482, 0.000100679884781, 6.49623762001e-05, 6.20741921011e-05, 5.80843807256e-05, 3.88481385016e-05, 5.43239730177e-05, 6.49953872198e-05, 2.63354813796e-05, 3.75821437046e-05, 1.34237943712e-05, 1.59793944476e-05, 1.20270951811e-05, 1.02476542452e-05, 7.18588944437e-06, 2.85717942461e-06, 1.78171001153e-06, 1.51786332481e-06, 1.52127870479e-06, 1.03900890736e-06, 7.33708759526e-07, 2.74532425237e-07, 1.29973997787e-07, 2.33151610018e-07, 1.18049555908e-07, 7.81692790497e-08, 7.38594323479e-08, 3.40489414441e-08, 1.77932033552e-08, 1.10142197585e-08, 1.04412178903e-09],
        "min": [8.61862724479e-24, 5.58844684704e-24, 1.07279710967e-23, 1.45317897508e-23, 1.75572543381e-23, 8.43676877373e-24, 5.29190969404e-24, 3.12811037938e-24, 8.65568950784e-24, 1.10377488856e-23, 1.77534929546e-23, 8.93398701343e-24, 1.29618232319e-23, 6.39340367018e-24, 9.4597880503e-24, 1.14638860246e-23, 1.50091263291e-23, 1.02569588163e-23, 9.38679396188e-24, 9.98213860958e-24, 1.07601116566e-23, 9.60879756441e-24, 6.31896281085e-24, 8.48422743464e-24, 1.12183720005e-23, 1.05997985546e-23, 1.15410011224e-23, 9.79878682483e-24, 8.48334627701e-24, 7.95713582132e-24, 1.1535445175e-23, 1.32268544637e-23, 1.01545583599e-23, 1.235331644e-23, 1.00362268576e-23, 8.01377287888e-24, 1.0837217288e-23, 8.67554277024e-24, 7.11992957553e-24, 1.14952937327e-23],
        "stdev": [4.78228093925e-06, 8.16027477413e-06, 3.40052451975e-06, 4.12051231251e-05, 0.000479788548546, 0.000500520691276, 0.000540045613889, 0.00113056320697, 0.00132815795951, 0.000759944610763, 0.000273005163763, 0.000234801729675, 0.000224696472287, 0.000156345879077, 9.04723347048e-05, 0.000101651719888, 0.000122900761198, 4.85529781145e-05, 9.35824864428e-05, 2.41744601226e-05, 4.26818005508e-05, 3.69900844817e-05, 4.06886319979e-05, 2.45347764576e-05, 8.94433196663e-06, 7.90229751146e-06, 4.38844881501e-06, 4.97174141856e-06, 2.43950603362e-06, 2.17168280869e-06, 6.58745193505e-07, 2.61407961943e-07, 5.0476216984e-07, 2.34914409702e-07, 1.60101421898e-07, 1.5693679245e-07, 7.63724088415e-08, 5.11594784314e-08, 2.66976645236e-08, 2.5954038918e-09]
    },
    "melbands128": {
        "max": [2.01692018891e-05, 4.83579788124e-05, 4.16434413637e-05, 9.68124950305e-05, 0.000250382319791, 0.000193334271898, 5.6750512158e-05, 2.55228605965e-05, 2.41767265834e-05, 0.000412187015172, 0.00101962732151, 0.00168401934206, 0.00778633262962, 0.0184077359736, 0.00664929719642, 0.00396333448589, 0.0055859060958, 0.00656733382493, 0.0121064549312, 0.0173427667469, 0.017186453566, 0.0180786903948, 0.0266529079527, 0.0149042438716, 0.0210339967161, 0.017669858411, 0.00928751379251, 0.00214607524686, 0.0028099513147, 0.00366374338046, 0.00301176356152, 0.00756864948198, 0.00252028857358, 0.00298870448023, 0.00559181254357, 0.00114030437544, 0.00142229476478, 0.00226923869923, 0.00133507791907, 0.00173114868812, 0.00196670438163, 0.00198002974503, 0.00245307269506, 0.000614344025962, 0.000583117420319, 0.000456384412246, 0.00092329562176, 0.00324199697934, 0.00046717422083, 0.000518514425494, 0.000179126029252, 0.000402182427933, 0.00172377156559, 0.000139089446748, 0.000147295882925, 0.000287340750219, 0.00134262011852, 0.000737246824428, 7.369920786e-05, 4.58394715679e-05, 0.000587575370446, 0.000269174430287, 3.82561047445e-05, 5.10210811626e-05, 0.000510861747898, 3.66280946764e-05, 8.49807747727e-06, 0.000143224737258, 2.49200274993e-05, 2.91307260341e-05, 0.000120763128507, 2.35935603996e-05, 9.19103604247e-06, 4.71355197078e-05, 1.63947133842e-05, 3.97723197239e-05, 2.73106397799e-05, 5.70242536924e-06, 1.0880507034e-05, 2.91228798233e-06, 2.88328010356e-06, 1.61241234764e-06, 4.51558571513e-06, 7.03979094396e-06, 3.15874876833e-06, 1.51546544203e-06, 2.8413576274e-06, 1.57026477154e-06, 1.64223229149e-06, 1.89153092833e-06, 2.99981115859e-06, 1.25788892547e-06, 1.00434806427e-06, 9.88466695162e-07, 7.43417558624e-07, 1.16255682769e-06, 6.09304038335e-07, 6.16528893715e-07, 2.93824740538e-07, 1.48325611349e-07, 7.21912414292e-08, 2.42078246337e-09, 1.34699126852e-10, 3.62872704107e-10, 3.01913327672e-10, 1.81338555283e-10, 1.56127788475e-09, 1.05584350152e-08, 6.69674227183e-09, 8.97620555662e-09, 2.88322077324e-09, 3.59601459721e-10, 7.24177495748e-10, 2.64065769251e-10, 2.57956045413e-10, 2.50121090506e-10, 2.48848636142e-10, 2.50431536619e-10, 2.50205994812e-10, 2.4541099708e-10, 2.40088365855e-10, 2.42619563329e-10, 2.39714997852e-10, 2.36719532865e-10, 2.37083325194e-10, 2.34856717407e-10, 2.33646268999e-10, 2.32409577694e-10],
        "mean": [1.67984387645e-06, 7.42217207517e-06, 6.23672394795e-06, 2.74621879726e-06, 1.99509395316e-06, 2.20386095862e-06, 2.67498216999e-06, 1.57018610025e-06, 1.23901600091e-06, 5.62982313568e-06, 1.9854220227e-05, 4.3710530008e-05, 9.61629120866e-05, 0.00017389220011, 0.000211904814932, 0.00023998823599, 0.000133143257699, 0.000141081938636, 0.000236246021814, 0.000278834806522, 0.000301627151202, 0.000400223420002, 0.000300610117847, 0.000185263590538, 0.00016896505258, 0.000183212876436, 0.000181384864845, 6.87127176207e-05, 6.06150788371e-05, 6.66235282551e-05, 5.9429446992e-05, 7.79334077379e-05, 5.10920363013e-05, 5.702929775e-05, 8.47019618959e-05, 4.68085090688e-05, 3.78153927159e-05, 3.62010650861e-05, 4.13037778344e-05, 4.26682672696e-05, 3.62313221558e-05, 0.000100448763988, 0.000100491517514, 2.33476912399e-05, 2.23845418077e-05, 1.99569130928e-05, 3.22961313941e-05, 6.94139453117e-05, 1.84723339771e-05, 1.3409404346e-05, 1.02708108898e-05, 1.29821837618e-05, 2.93339489872e-05, 9.20811453398e-06, 6.28632642474e-06, 5.48539901501e-06, 2.6329249522e-05, 1.77528745553e-05, 1.61766683959e-06, 1.44139187341e-06, 1.17966974358e-05, 7.53863105274e-06, 1.37573033498e-06, 1.36095991365e-06, 5.53014751858e-06, 6.35654146208e-07, 2.94094576248e-07, 2.72324450634e-06, 1.13593750939e-06, 8.18569276362e-07, 3.1008141832e-06, 5.59656314181e-07, 3.59621537882e-07, 1.91167646335e-06, 8.04373655683e-07, 7.43478892673e-07, 7.05202751305e-07, 3.32189586061e-07, 2.86411818706e-07, 1.35694861569e-07, 1.00217626198e-07, 1.02174936956e-07, 2.31913162452e-07, 3.20396765119e-07, 1.65311817568e-07, 1.0775849546e-07, 1.20210984278e-07, 9.36708062227e-08, 6.05159016231e-08, 7.2365764936e-08, 1.05641518644e-07, 6.25769231988e-08, 4.87419491435e-08, 4.07381435252e-08, 1.7920600115e-08, 1.53888439769e-08, 1.9489640124e-08, 1.92055011894e-08, 1.383279713e-08, 4.96734342548e-09, 2.26704077733e-09, 6.23069304484e-11, 2.2055215293e-11, 1.4362551426e-10, 1.04362601894e-10, 8.20590817519e-12, 5.64517044221e-11, 2.64171323705e-10, 3.26494664638e-10, 2.56469456783e-10, 8.66707747238e-11, 2.17401756319e-11, 2.02036096186e-11, 5.8887252713e-12, 3.28461303295e-12, 2.51106080373e-12, 2.23779241665e-12, 1.96372345468e-12, 1.9044639997e-12, 1.85088207781e-12, 1.80530698897e-12, 1.77722951373e-12, 1.74376084319e-12, 1.69575909304e-12, 1.59733999031e-12, 1.43224950129e-12, 1.36362828581e-12, 1.34891718021e-12],
        "min": [3.01532516082e-24, 8.58692134729e-24, 1.17479201267e-23, 7.42650222254e-24, 4.10181914406e-24, 2.79928554395e-24, 1.24560000975e-23, 1.31973715762e-23, 8.4358734166e-24, 1.29346272522e-23, 2.18492508859e-23, 1.35775567786e-23, 2.21041381552e-23, 1.57788557797e-23, 5.2722579856e-24, 7.7752544733e-24, 2.87525620178e-24, 6.28459805767e-24, 7.01317776239e-24, 1.48218128849e-24, 2.18828161285e-24, 3.83555137285e-24, 1.0180878704e-23, 1.42151741156e-23, 7.13832265639e-24, 1.4211303964e-23, 8.6872731319e-24, 2.62079219574e-23, 1.78568226891e-23, 3.02156682552e-24, 5.39118271136e-24, 1.91801100363e-23, 1.18733852982e-23, 1.39576757166e-23, 3.62231319827e-24, 3.52624453394e-24, 9.63876007932e-24, 1.6389617136e-23, 2.73347028698e-24, 3.60738203349e-24, 1.96113597828e-23, 1.53483333629e-23, 9.23079514015e-24, 2.40814842785e-23, 6.08242326285e-24, 8.85445169038e-24, 1.08046617874e-23, 1.2819601077e-23, 6.3761386604e-24, 6.52206648939e-24, 9.18759869471e-24, 1.71431670494e-23, 5.60848273075e-24, 9.63198297528e-24, 1.81241581835e-23, 5.52375709737e-24, 9.24320155561e-24, 3.37519502553e-24, 4.20260835205e-24, 1.41184297919e-23, 5.60432425048e-24, 4.86062405437e-24, 1.78814051726e-23, 8.84785760207e-24, 1.01947074357e-23, 1.06676595251e-23, 1.21966115878e-23, 9.40632300245e-24, 1.0804907912e-23, 1.45363556777e-23, 8.7876091393e-24, 6.35406159911e-24, 1.44628117533e-23, 7.3468880134e-24, 4.7881474587e-24, 5.9843311703e-24, 1.1219078031e-23, 9.21994909157e-24, 1.30395702073e-23, 1.09456272868e-23, 1.59515689862e-23, 1.18057065546e-23, 1.13797319209e-23, 8.52297628231e-24, 1.07907817797e-23, 1.3478401696e-23, 1.13530139909e-23, 1.3446080487e-23, 1.00754876759e-23, 7.9516035398e-24, 7.98443198637e-24, 6.31144969959e-24, 1.01016218489e-23, 1.390104497e-23, 7.67585721038e-24, 1.12751368535e-23, 8.18021779671e-24, 7.34772972799e-24, 4.33701526194e-24, 8.42793274273e-24, 1.27848138888e-23, 1.20788559539e-23, 9.94534061494e-24, 1.0197881812e-23, 8.05261560099e-24, 6.45909487877e-24, 7.56758368455e-24, 1.16410136968e-23, 1.3018593607e-23, 1.26171273039e-23, 9.23294794156e-24, 1.6233875483e-23, 1.06563756587e-23, 1.04332234747e-23, 1.26541966667e-23, 1.34083287595e-23, 1.24613611962e-23, 7.01320458366e-24, 1.17668732988e-23, 1.39835203776e-23, 7.11838971904e-24, 9.01136795734e-24, 1.11752473414e-23, 8.09103391593e-24, 1.37305184858e-23, 1.32345434909e-23, 9.30015889069e-24, 5.8534536241e-24],
        "stdev": [2.05367200579e-06, 6.832118288e-06, 5.72845465285e-06, 4.88808609589e-06, 1.12435345727e-05, 9.93087360257e-06, 5.1914425967e-06, 2.33676610151e-06, 2.44211742029e-06, 2.37926342379e-05, 8.08401382528e-05, 0.000169210747117, 0.000605309323873, 0.00114020577166, 0.000582707114518, 0.00054844643455, 0.00051560124848, 0.00061093759723, 0.00121813616715, 0.00155027338769, 0.00160232058261, 0.00211201165803, 0.00187408516649, 0.00108650303446, 0.00113174517173, 0.00101056043059, 0.000532174250111, 0.00021756766364, 0.000247372518061, 0.000284785259282, 0.000266187242232, 0.000477200606838, 0.000183134747203, 0.000253576086834, 0.000344334577676, 9.58378659561e-05, 0.000100995188404, 0.000120656521176, 0.000106819279608, 0.00010972594464, 0.000119831296615, 0.000203255345696, 0.000241221030592, 5.0804381317e-05, 5.32767044206e-05, 4.59927032352e-05, 7.73800929892e-05, 0.00022588011052, 4.27963968832e-05, 3.23478780047e-05, 2.02346727747e-05, 2.90861771646e-05, 0.000111039902549, 1.50186297105e-05, 1.63940749189e-05, 1.93770156329e-05, 0.00011528905452, 7.66391021898e-05, 4.7686507969e-06, 3.40725864589e-06, 4.61429699499e-05, 2.36824689637e-05, 3.42828047906e-06, 4.15819977206e-06, 3.1124563975e-05, 2.37657218349e-06, 7.18278272416e-07, 1.06422885437e-05, 2.90301909445e-06, 2.46212289312e-06, 1.07687310447e-05, 2.16872513192e-06, 1.06374443476e-06, 4.74213629786e-06, 1.94060771719e-06, 3.15170859722e-06, 2.22813878281e-06, 7.57827820053e-07, 9.19607202832e-07, 3.22824178056e-07, 2.36579609236e-07, 2.0378372767e-07, 5.39737527561e-07, 8.08779986983e-07, 3.5482494809e-07, 2.13236830859e-07, 2.97054498333e-07, 2.10461337247e-07, 1.35215756814e-07, 1.68067813888e-07, 2.66793961146e-07, 1.39501565855e-07, 1.07701289664e-07, 9.64023527672e-08, 5.42622196065e-08, 6.83587799699e-08, 5.29184021048e-08, 5.05674648821e-08, 3.63487338007e-08, 1.3786008779e-08, 5.88333204377e-09, 1.42791986568e-10, 1.47536496908e-11, 4.71667774282e-11, 3.764989015e-11, 1.22551777754e-11, 1.3492805484e-10, 7.11979197821e-10, 7.96139210113e-10, 7.01455227237e-10, 2.43589343141e-10, 4.82664221091e-11, 4.58363243194e-11, 1.46904832049e-11, 1.19413081853e-11, 1.13126478671e-11, 1.11024635666e-11, 1.10901470299e-11, 1.10509500856e-11, 1.08300590718e-11, 1.05981031243e-11, 1.06838210154e-11, 1.05390314531e-11, 1.04025191239e-11, 1.04161106823e-11, 1.03197242418e-11, 1.02660996024e-11, 1.02119623521e-11]
    },
    "mfcc": {
        "mean": [-823.766357422, 144.663848877, -66.9369812012, 0.486140847206, -4.45573663712, 2.73484325409, -19.0625762939, 4.15133619308, -8.46714019775, 6.27343845367, 0.96961838007, 7.57148504257, -2.20534038544],
        "cov": [[14913.6962891, 456.611968994, -3986.38305664, -1430.49243164, -1747.22888184, -678.8203125, -1245.453125, -759.530639648, -667.382141113, -67.6624984741, 97.9629364014, 397.135070801, -199.102340698], [456.611968994, 3222.40136719, -1467.08044434, -1391.75939941, 65.6862411499, -326.643890381, -287.891265869, 211.006912231, 115.047424316, -202.87713623, 90.9767532349, 11.6087656021, 196.559814453], [-3986.38305664, -1467.08044434, 2497.73754883, 1206.66174316, 174.446395874, 202.722442627, 456.938537598, 38.8940467834, 43.610294342, 80.2671508789, -133.499404907, -153.52305603, -67.968208313], [-1430.49243164, -1391.75939941, 1206.66174316, 1069.52392578, 142.012023926, 60.846496582, 151.378250122, -89.758682251, -73.3835372925, 52.8921089172, -106.604263306, -89.100479126, -91.1475601196], [-1747.22888184, 65.6862411499, 174.446395874, 142.012023926, 443.384643555, 105.469039917, 82.2748413086, 102.855270386, 83.6162872314, -4.70287322998, 4.957654953, -55.96849823, 35.5270004272], [-678.8203125, -326.643890381, 202.722442627, 60.846496582, 105.469039917, 271.477020264, 167.200485229, 38.2908401489, 69.6898269653, 52.5454025269, 4.67555904388, 8.87488174438, -2.243268013], [-1245.453125, -287.891265869, 456.938537598, 151.378250122, 82.2748413086, 167.200485229, 279.029266357, 109.539360046, 72.7373275757, 39.9370079041, 11.7064971924, -2.35758471489, 5.95036935806], [-759.530639648, 211.006912231, 38.8940467834, -89.758682251, 102.855270386, 38.2908401489, 109.539360046, 166.552352905, 101.458465576, 1.54181039333, 30.4407520294, 7.28287124634, 33.1162719727], [-667.382141113, 115.047424316, 43.610294342, -73.3835372925, 83.6162872314, 69.6898269653, 72.7373275757, 101.458465576, 144.604797363, 39.8585166931, 11.4501695633, -3.7592625618, 22.7845458984], [-67.6624984741, -202.87713623, 80.2671508789, 52.8921089172, -4.70287322998, 52.5454025269, 39.9370079041, 1.54181039333, 39.8585166931, 87.6945953369, 25.0880622864, 7.82895469666, -15.245218277], [97.9629364014, 90.9767532349, -133.499404907, -106.604263306, 4.957654953, 4.67555904388, 11.7064971924, 30.4407520294, 11.4501695633, 25.0880622864, 82.4869232178, 37.4648857117, 4.16016340256], [397.135070801, 11.6087656021, -153.52305603, -89.100479126, -55.96849823, 8.87488174438, -2.35758471489, 7.28287124634, -3.7592625618, 7.82895469666, 37.4648857117, 75.5096282959, 17.4603996277], [-199.102340698, 196.559814453, -67.968208313, -91.1475601196, 35.5270004272, -2.243268013, 5.95036935806, 33.1162719727, 22.7845458984, -15.245218277, 4.16016340256, 17.4603996277, 77.9354782104]],
        "icov": [[0.000593314995058, 0.000118510011816, 0.000851803866681, -0.000278509891359, 0.00172441522591, -0.000490722770337, 0.00120046699885, -0.000371514528524, 0.00115784804802, -0.000491881743073, 0.000248362193815, -0.000469786376925, 0.000557275780011], [0.000118510011816, 0.00140054314397, -2.1372041374e-05, 0.00187536189333, -0.000450367719168, 0.00139586022124, 0.000309279508656, -0.000308136484819, -0.000137170063681, 0.00108213233761, 4.34859175584e-05, 0.000882099673618, -0.000650247500744], [0.000851803866681, -2.1372041374e-05, 0.00269446521997, -0.00214588432573, 0.00317738647573, -0.00082346261479, 3.58004726877e-05, -0.000327696179738, 0.000922874838579, -0.000425053411163, 0.000138050338137, 0.000937634846196, 0.000164219920407], [-0.000278509891359, 0.00187536189333, -0.00214588432573, 0.00656579481438, -0.0041035534814, 0.00371811189689, -0.00122199265752, 0.00119168066885, 0.00134185922798, -0.00109217304271, 0.00356322689913, -0.000971106288489, 0.00135207595304], [0.00172441522591, -0.000450367719168, 0.00317738647573, -0.0041035534814, 0.0105823120102, -0.00536253768951, 0.00547503214329, -0.00406849430874, 0.00225601601414, 0.000606741756201, -0.00344054074958, 0.00372283463366, -0.00134575646371], [-0.000490722770337, 0.00139586022124, -0.00082346261479, 0.00371811189689, -0.00536253768951, 0.0113124307245, -0.00794589798898, 0.00586957018822, -0.00403481861576, -0.00080111657735, 0.00330137833953, -0.00309047056362, 0.00127788807731], [0.00120046699885, 0.000309279508656, 3.58004726877e-05, -0.00122199265752, 0.00547503214329, -0.00794589798898, 0.0160975921899, -0.0105315670371, 0.00531872455031, -0.00172627298161, -0.00187119259499, 0.000253741571214, -0.000439199764514], [-0.000371514528524, -0.000308136484819, -0.000327696179738, 0.00119168066885, -0.00406849430874, 0.00586957018822, -0.0105315670371, 0.0223057921976, -0.0132696460932, 0.00672646705061, -0.0039217597805, -0.00293714902364, 0.0003480114392], [0.00115784804802, -0.000137170063681, 0.000922874838579, 0.00134185922798, 0.00225601601414, -0.00403481861576, 0.00531872455031, -0.0132696460932, 0.0231363773346, -0.0132579160854, 0.00705808447674, 7.35092100967e-07, 3.17008016282e-05], [-0.000491881743073, 0.00108213233761, -0.000425053411163, -0.00109217304271, 0.000606741756201, -0.00080111657735, -0.00172627298161, 0.00672646705061, -0.0132579160854, 0.0249754805118, -0.0119537236169, 0.0027623847127, 0.000120810254884], [0.000248362193815, 4.34859175584e-05, 0.000138050338137, 0.00356322689913, -0.00344054074958, 0.00330137833953, -0.00187119259499, -0.0039217597805, 0.00705808447674, -0.0119537236169, 0.026213305071, -0.0120604895055, 0.00518618291244], [-0.000469786376925, 0.000882099673618, 0.000937634846196, -0.000971106288489, 0.00372283463366, -0.00309047056362, 0.000253741571214, -0.00293714902364, 7.35092100967e-07, 0.0027623847127, -0.0120604895055, 0.0276008583605, -0.00929992180318], [0.000557275780011, -0.000650247500744, 0.000164219920407, 0.00135207595304, -0.00134575646371, 0.00127788807731, -0.000439199764514, 0.0003480114392, 3.17008016282e-05, 0.000120810254884, 0.00518618291244, -0.00929992180318, 0.0199762415141]]
    },
    "spectral_contrast_coeffs": {
        "max": [-0.333690136671, -0.438188403845, -0.486390382051, -0.512029588223, -0.506832778454, -0.571648299694],
        "mean": [-0.767351269722, -0.778028488159, -0.773839235306, -0.787846505642, -0.748383760452, -0.742172598839],
        "min": [-0.962178766727, -0.968434035778, -0.97223764658, -0.968624711037, -0.962188184261, -0.962448060513],
        "stdev": [0.109829865396, 0.114842064679, 0.101798988879, 0.0933553501964, 0.0783700942993, 0.0621878392994]
    },
    "spectral_contrast_valleys": {
        "max": [-7.75597047806, -4.82368850708, -5.23805713654, -6.13284444809, -6.83099412918, -10.5031795502],
        "mean": [-9.39535903931, -8.10895729065, -8.49499416351, -8.43704128265, -9.56509685516, -13.2466650009],
        "min": [-27.279668808, -27.1419067383, -27.3217582703, -26.9657020569, -27.2132816315, -27.1457557678],
        "stdev": [1.01624429226, 1.61163282394, 1.86400043964, 1.85804736614, 1.38537299633, 1.15522372723]
    }
},
"rhythm": {
    "beats_count": 29,
    "beats_loudness": {
        "max": 0.090884655714,
        "mean": 0.0116173438728,
        "min": 1.37562819873e-05,
        "stdev": 0.0204193107784
    },
    "bpm": 124.893730164,
    "bpm_histogram_first_peak_bpm": 126,
    "bpm_histogram_first_peak_weight": 0.384615361691,
    "bpm_histogram_second_peak_bpm": 167,
    "bpm_histogram_second_peak_spread": 0,
    "bpm_histogram_second_peak_weight": 0.178571432829,
    "danceability": 0.91664993763,
    "onset_rate": 2.03771901131,
    "beats_loudness_band_ratio": {
        "max": [0.846305549145, 0.89779150486, 0.788710713387, 0.622912347317, 0.873863458633, 0.083262719214],
        "mean": [0.125666067004, 0.181632816792, 0.235726863146, 0.267535865307, 0.195055499673, 0.0185316558927],
        "min": [0.000321105966577, 0.00266578607261, 0.0229714997113, 0.00771303847432, 0.0129945958033, 0.000154956156621],
        "stdev": [0.263071358204, 0.226654559374, 0.229827791452, 0.224684268236, 0.204810574651, 0.022174809128]
    },
    "beats_position": [0.383129239082, 0.743038535118, 1.10294783115, 1.47446703911, 1.82276642323, 2.18267560005, 2.53097510338, 2.90249419212, 3.26240348816, 3.61070299149, 3.95900225639, 4.31891155243, 4.69043064117, 5.06195020676, 5.44507932663, 5.94430828094, 6.43192720413, 6.91954612732, 7.40716552734, 7.89478445053, 8.38240337372, 8.85841274261, 9.33442115784, 9.81043052673, 10.2864398956, 10.7624483109, 11.2384576797, 11.7144670486, 12.1904764175],
