{
"metadata": {
    "version": {
        "essentia": "2.1-beta5",
        "essentia_git_sha": "Undefined",
        "extractor": "music 2.0"
    },
    "audio_properties": {
        "analysis": {
            "equal_loudness": 0,
            "length": 12.7477550507,
            "sample_rate": 44100,
            "start_time": 0,
            "downmix": "mix"
        },
        "bit_rate": 192000,
        "length": 220.844985962,
        "lossless": 0,
        "number_channels": 2,
        "replay_gain": -0.914779663086,
        "sample_rate": 44100,
        "codec": "mp3",
        "md5_encoded": "7526a232a4b75137968426de68211a73"
    },
    "tags": {
        "file_name": "Austria_Wenn Du Da Bist_Marty Brem.mp3",
        "encoding": ["Lavf58.29.100"]
    }
},
"lowlevel": {
    "average_loudness": 0.0853878781199,
    "barkbands_crest": {
        "max": 16.2116909027,
        "mean": 6.47737503052,
        "min": 2.20206642151,
        "stdev": 2.1067135334
    },
    "barkbands_flatness_db": {
        "max": 0.215730965137,
        "mean": 0.0961916074157,
        "min": 0.0538967512548,
        "stdev": 0.0309720337391
    },
    "barkbands_kurtosis": {
        "max": 10.9971189499,
        "mean": 2.11341834068,
        "min": -1.65740132332,
        "stdev": 2.11506748199
    },
    "barkbands_skewness": {
        "max": 2.94930553436,
        "mean": -0.948537170887,
        "min": -2.28148603439,
        "stdev": 1.23443770409
    },
    "barkbands_spread": {
        "max": 62.9195137024,
        "mean": 26.4455814362,
        "min": 6.60924434662,
        "stdev": 7.33521318436
    },
    "dissonance": {
        "max": 0.500000178814,
        "mean": 0.488289624453,
        "min": 0.310564398766,
        "stdev": 0.0192870460451
    },
    "dynamic_complexity": 2.63343024254,
    "erbbands_crest": {
        "max": 20.6127338409,
        "mean": 4.84510564804,
        "min": 2.58837985992,
        "stdev": 2.60858893394
    },
    "erbbands_flatness_db": {
        "max": 0.276040613651,
        "mean": 0.139616057277,
        "min": 0.0821590349078,
        "stdev": 0.0515608750284
    },
    "erbbands_kurtosis": {
        "max": 11.0368709564,
        "mean": 0.0725845694542,
        "min": -1.54985833168,
        "stdev": 0.877679228783
    },
    "erbbands_skewness": {
        "max": 2.85837936401,
        "mean": -0.315676152706,
        "min": -1.31625580788,
        "stdev": 0.57604187727
    },
    "erbbands_spread": {
        "max": 83.008140564,
        "mean": 35.8078041077,
        "min": 11.7938566208,
        "stdev": 8.45632266998
    },
    "hfc": {
        "max": 104.225578308,
        "mean": 15.9127378464,
        "min": 1.04705918218e-16,
        "stdev": 23.5112037659
    },
    "loudness_ebu128": {
        "integrated": -22.2327709198,
        "loudness_range": 12.407781601,
        "momentary": {
            "max": -19.9534645081,
            "mean": -185.962097168,
            "min": -300.691009521,
            "stdev": 136.027389526
        },
        "short_term": {
            "max": -21.4055538177,
            "mean": -157.438339233,
            "min": -300.691009521,
            "stdev": 136.39390564
        }
    },
    "melbands_crest": {
        "max": 23.2846012115,
        "mean": 4.62582874298,
        "min": 1.46268284321,
        "stdev": 4.27397060394
    },
    "melbands_flatness_db": {
        "max": 0.212866723537,
        "mean": 0.0388732776046,
        "min": 0.00307269557379,
        "stdev": 0.0508576594293
    },
    "melbands_kurtosis": {
        "max": 23.2100048065,
        "mean": 0.632547199726,
        "min": -1.43063354492,
        "stdev": 3.94971823692
    },
    "melbands_skewness": {
        "max": 3.72901844978,
        "mean": 0.507990837097,
        "min": -0.335732161999,
        "stdev": 0.881680011749
    },
    "melbands_spread": {
        "max": 165.869842529,
        "mean": 98.9771499634,
        "min": 8.57350444794,
        "stdev": 43.9560470581
    },
    "pitch_salience": {
        "max": 0.960838377476,
        "mean": 0.774510920048,
        "min": 0.480435937643,
        "stdev": 0.0478204935789
    },
    "silence_rate_20dB": {
        "max": 1,
        "mean": 1,
        "min": 1,
        "stdev": 0
    },
    "silence_rate_30dB": {
        "max": 1,
        "mean": 1,
        "min": 1,
        "stdev": 0
    },
    "silence_rate_60dB": {
        "max": 1,
        "mean": 0.634545445442,
        "min": 0,
        "stdev": 0.481557488441
    },
    "spectral_centroid": {
        "max": 12006.2509766,
        "mean": 7524.94140625,
        "min": 753.534973145,
        "stdev": 4303.70654297
    },
    "spectral_complexity": {
        "max": 57,
        "mean": 13.0399999619,
        "min": 0,
        "stdev": 17.8953132629
    },
    "spectral_decrease": {
        "max": 8.58019848533e-22,
        "mean": -2.06202854791e-09,
        "min": -2.67272248777e-08,
        "stdev": 3.93822130462e-09
    },
    "spectral_energy": {
        "max": 0.107748664916,
        "mean": 0.00922590214759,
        "min": 9.72478522219e-21,
        "stdev": 0.0164581220597
    },
    "spectral_energyband_high": {
        "max": 0.0123302936554,
        "mean": 0.00117788568605,
        "min": 6.99138223609e-21,
        "stdev": 0.00200365995988
    },
    "spectral_energyband_low": {
        "max": 0.00704990932718,
        "mean": 0.000355344614945,
        "min": 9.94288252436e-24,
        "stdev": 0.000908375135623
    },
    "spectral_energyband_middle_high": {
        "max": 0.0212732516229,
        "mean": 0.00324534787796,
        "min": 1.11104068562e-21,
        "stdev": 0.00494957761839
    },
    "spectral_energyband_middle_low": {
        "max": 0.0841514915228,
        "mean": 0.00459337932989,
        "min": 1.32581025063e-22,
        "stdev": 0.012306000106
    },
    "spectral_entropy": {
        "max": 9.82532310486,
        "mean": 9.0973739624,
        "min": 7.32308626175,
        "stdev": 0.867923378944
    },
    "spectral_flux": {
        "max": 0.267017453909,
        "mean": 0.037025116384,
        "min": 6.30414401237e-11,
        "stdev": 0.0528446547687
    },
    "spectral_kurtosis": {
        "max": 7.51577186584,
        "mean": -0.179801151156,
        "min": -1.26870727539,
        "stdev": 1.417750597
    },
    "spectral_rms": {
        "max": 0.0102528361604,
        "mean": 0.00173994130455,
        "min": 3.0801940859e-12,
        "stdev": 0.00244407192804
    },
    "spectral_rolloff": {
        "max": 19832.0800781,
        "mean": 12914.0097656,
        "min": 495.263671875,
        "stdev": 7209.22802734
    },
    "spectral_skewness": {
        "max": 2.41157865524,
        "mean": 0.37682107091,
        "min": -0.110096372664,
        "stdev": 0.488347768784
    },
    "spectral_spread": {
        "max": 43049352,
        "mean": 25788102,
        "min": 3448608,
        "stdev": 17743744
    },
    "spectral_strongpeak": {
        "max": 4.64268541336,
        "mean": 0.490501999855,
        "min": 0,
        "stdev": 0.872354984283
    },
    "zerocrossingrate": {
        "max": 0.53662109375,
        "mean": 0.351060003042,
        "min": 0.03955078125,
        "stdev": 0.183170422912
    },
    "barkbands": {
        "max": [9.0739931693e-06, 0.00129981944337, 0.00617219880223, 0.00810018181801, 0.0240167509764, 0.0324197374284, 0.0402811914682, 0.0359672382474, 0.0261062607169, 0.0244856309146, 0.00632048211992, 0.0094288373366, 0.00572788203135, 0.00278724823147, 0.00785995274782, 0.0057473089546, 0.00396963488311, 0.00171838863753, 0.00234602601267, 0.00528500461951, 0.00284580537118, 0.00404663244262, 0.0046270606108, 0.00284369336441, 0.00010015135922, 9.52750269789e-07, 8.42100973841e-07],
        "mean": [3.84375681506e-07, 4.50559091405e-05, 0.000223502400331, 0.000196178356418, 0.00107146031223, 0.000752638909034, 0.001019643154, 0.00093279837165, 0.000505396979861, 0.000248704483965, 0.000192464474821, 0.000288919109153, 0.000248088501394, 0.000290073716315, 0.000577645201702, 0.000539364118595, 0.000390255299862, 0.000178538364707, 0.000196845387109, 0.000287073256914, 0.000128306113766, 0.000364353269106, 0.000328046618961, 0.000210603117011, 9.53569906414e-06, 3.2575041331e-08, 2.33687980078e-09],
        "min": [1.7500667176e-25, 2.06328660242e-24, 3.46570557314e-25, 5.11479267144e-25, 5.68827995561e-24, 3.92800468765e-24, 7.46155525686e-24, 2.15288877669e-24, 1.11611748517e-23, 1.35386359592e-23, 1.10501978995e-23, 1.64484645818e-23, 2.1067590703e-23, 2.79502885051e-23, 3.42092907874e-23, 3.83000142084e-23, 5.90274701771e-23, 7.09066046936e-23, 1.27497744229e-22, 1.28244031889e-22, 1.77907748365e-22, 3.1137150247e-22, 3.66779300161e-22, 5.33629086657e-22, 8.26661049828e-22, 1.13891451141e-21, 1.90200205606e-21],
        "stdev": [1.05496474134e-06, 0.000150431049406, 0.000661458994728, 0.000740026589483, 0.0034789594356, 0.00283214799128, 0.00405862880871, 0.00411300640553, 0.00211691576988, 0.00127962324768, 0.000432226166595, 0.000662728270981, 0.000475555279991, 0.000513821374625, 0.00106314627919, 0.000921728089452, 0.000686198123731, 0.000315916840918, 0.000338731188094, 0.000590965209994, 0.000260647269897, 0.00064230686985, 0.000646165222861, 0.000385242747143, 1.69663417182e-05, 7.30569524876e-08, 3.59269733963e-08]
    },
    "erbbands": {
        "max": [0.0095899887383, 0.398177951574, 5.31793117523, 14.9888238907, 59.404209137, 140.329772949, 94.7495574951, 323.340087891, 392.73828125, 908.718200684, 1019.45001221, 595.993835449, 1181.25317383, 150.825195312, 263.645111084, 202.965164185, 273.91998291, 110.042976379, 310.941955566, 372.131072998, 258.991546631, 239.906555176, 116.795959473, 42.6157951355, 186.418792725, 280.130401611, 95.1353759766, 136.891723633, 144.435333252, 122.205062866, 166.054199219, 90.0782546997, 23.6779518127, 3.26285648346, 0.167046517134, 0.00859958771616, 0.00170070701279, 0.000565836147871, 0.000135273847263, 0.000128135579871],
        "mean": [0.000402590289013, 0.0169791523367, 0.204649969935, 0.50881177187, 1.91481888294, 4.54542922974, 3.1004011631, 7.44280958176, 10.8666763306, 17.8750019073, 23.686958313, 11.6754283905, 9.7989282608, 6.91531467438, 8.92133903503, 11.7455282211, 11.8498878479, 11.8284416199, 26.3344764709, 29.8516540527, 28.9469833374, 22.0508651733, 12.0015115738, 6.11395120621, 14.3422584534, 13.2528333664, 6.66699361801, 6.95418405533, 13.8661708832, 6.64674425125, 11.1041812897, 8.02233982086, 1.65496206284, 0.263927549124, 0.0146193401888, 0.000940069148783, 0.000115702408948, 2.51919391303e-05, 1.19343048937e-05, 1.43087709148e-05],
        "min": [8.36856717308e-23, 4.70507794413e-22, 1.17463049813e-21, 4.21292537158e-21, 6.4183577135e-21, 1.28555992172e-20, 2.86908661752e-20, 5.67773670529e-20, 9.77104836756e-20, 1.77377754198e-19, 2.40224649468e-19, 1.7103325305e-19, 3.70708177647e-19, 5.17350239653e-19, 6.5946028248e-19, 1.19620749391e-18, 1.15611725494e-18, 1.449672384e-18, 2.07732679645e-18, 2.70875160152e-18, 2.90246158455e-18, 3.87875370343e-18, 5.18141717082e-18, 5.48519966437e-18, 6.84453410271e-18, 7.11611155988e-18, 8.31099959731e-18, 8.34367157715e-18, 1.03784796357e-17, 6.73022105078e-18, 1.01497377266e-17, 9.69533184736e-18, 9.97124124939e-18, 8.13090004408e-18, 5.74759169443e-18, 3.95592262354e-18, 1.95052062893e-18, 8.30376579946e-19, 2.3597976536e-19, 2.73033644016e-20],
        "stdev": [0.00105720572174, 0.0497615747154, 0.57547467947, 1.53292942047, 6.43633413315, 16.904088974, 10.2777805328, 29.1092834473, 40.0994148254, 79.8393859863, 108.479454041, 46.1352806091, 59.5977516174, 14.5557222366, 20.0540962219, 23.5291919708, 22.7132740021, 19.798948288, 47.6456871033, 52.5392494202, 49.0202980042, 38.3988647461, 21.3151283264, 9.95524120331, 25.9171390533, 27.4766139984, 11.6646175385, 13.3503808975, 24.4168663025, 12.7124452591, 22.2217960358, 14.689581871, 3.01659202576, 0.46392211318, 0.0247442610562, 0.00149822526146, 0.00020329162362, 4.8071211495e-05, 1.84607561096e-05, 2.25873100135e-05]
    },
    "gfcc": {
        "mean": [-758.05657959, 23.7978878021, -77.1147994995, 19.3877792358, -39.3685646057, 7.52673101425, -20.4295253754, -4.69313764572, -1.14636528492, -8.2015504837, -1.25210785866, -8.18133068085, -0.832039773464],
        "cov": [[384210.84375, 18601.9355469, -57683.2148438, 14695.1894531, -29577.9140625, 5628.13769531, -15451.7050781, -3677.44091797, -869.342468262, -6228.60449219, -840.487915039, -6241.30322266, -613.994628906], [18601.9355469, 1438.51623535, -2442.40576172, 770.411682129, -1399.60583496, 139.041717529, -766.719360352, -231.614929199, -63.7105827332, -310.644866943, -25.4330844879, -379.409423828, -51.5104064941], [-57683.2148438, -2442.40576172, 9039.6015625, -2129.11083984, 4491.27880859, -920.198913574, 2310.24414062, 498.683807373, 106.717460632, 931.022705078, 137.649246216, 897.531494141, 80.2581481934], [14695.1894531, 770.411682129, -2129.11083984, 652.95098877, -1093.63256836, 218.360046387, -605.798217773, -165.020370483, -47.0302581787, -239.337768555, -32.0268592834, -239.970397949, -19.7988643646], [-29577.9140625, -1399.60583496, 4491.27880859, -1093.63256836, 2335.34326172, -421.132446289, 1189.20776367, 278.542114258, 66.1053161621, 480.292449951, 68.2728118896, 484.035919189, 51.7157325745], [5628.13769531, 139.041717529, -920.198913574, 218.360046387, -421.132446289, 153.022628784, -209.054702759, -35.7640190125, -5.20948600769, -97.5646972656, -23.7423000336, -69.0470046997, -5.7980093956], [-15451.7050781, -766.719360352, 2310.24414062, -605.798217773, 1189.20776367, -209.054702759, 652.77532959, 170.569595337, 45.7963752747, 250.834701538, 31.4844322205, 252.400695801, 22.410282135], [-3677.44091797, -231.614929199, 498.683807373, -165.020370483, 278.542114258, -35.7640190125, 170.569595337, 69.4563293457, 26.344707489, 64.099395752, 7.21234607697, 65.8891601562, 5.24248123169], [-869.342468262, -63.7105827332, 106.717460632, -47.0302581787, 66.1053161621, -5.20948600769, 45.7963752747, 26.344707489, 24.6868000031, 26.7117843628, 7.75322771072, 20.7031497955, 2.08742690086], [-6228.60449219, -310.644866943, 931.022705078, -239.337768555, 480.292449951, -97.5646972656, 250.834701538, 64.099395752, 26.7117843628, 125.339897156, 28.3295345306, 107.600082397, 13.7014913559], [-840.487915039, -25.4330844879, 137.649246216, -32.0268592834, 68.2728118896, -23.7423000336, 31.4844322205, 7.21234607697, 7.75322771072, 28.3295345306, 22.5583744049, 21.0218658447, 4.91139221191], [-6241.30322266, -379.409423828, 897.531494141, -239.970397949, 484.035919189, -69.0470046997, 252.400695801, 65.8891601562, 20.7031497955, 107.600082397, 21.0218658447, 131.356735229, 21.0657997131], [-613.994628906, -51.5104064941, 80.2581481934, -19.7988643646, 51.7157325745, -5.7980093956, 22.410282135, 5.24248123169, 2.08742690086, 13.7014913559, 4.91139221191, 21.0657997131, 16.3086166382]],
        "icov": [[0.000626250577625, -0.00129512313288, 0.000976604293101, -0.00130706035998, 0.0026852209121, -0.00286608445458, 0.00242638378404, -0.00101947248913, -0.00053218670655, 0.000996006070636, -0.0020706388168, 0.00118041422684, -0.00111635786016], [-0.00129512313288, 0.0113302860409, -0.00523373344913, -0.00307641201653, -0.00260717747733, 0.0125054465607, -0.00407797750086, 0.00477223703638, -0.0123149463907, 0.0145348999649, -0.0103017706424, 0.0147591941059, -0.000765428761952], [0.000976604293101, -0.00523373344913, 0.00984277110547, -0.00204192940146, -0.00419996026903, 0.00299292965792, -0.0108177838847, 0.0117066856474, 0.00155764864758, -0.0034509380348, 0.00354352360591, -0.00649419240654, 0.00482538901269], [-0.00130706035998, -0.00307641201653, -0.00204192940146, 0.0223170593381, -0.00806936062872, -0.0109845548868, 0.00827386323363, 0.00337741756812, 0.0111353984103, -0.0126386862248, 0.00665939226747, -0.00189954042435, -0.00291439262219], [0.0026852209121, -0.00260717747733, -0.00419996026903, -0.00806936062872, 0.0310536231846, -0.0156145496294, 0.00840046070516, -0.010836542584, 0.000436357659055, 0.000898283091374, -0.0092269256711, 0.00298194796778, -0.0102355685085], [-0.00286608445458, 0.0125054465607, 0.00299292965792, -0.0109845548868, -0.0156145496294, 0.060027692467, -0.031015496701, 0.0153454393148, -0.020626552403, 0.0214830860496, 0.0167368296534, -0.0192575287074, 0.0164985507727], [0.00242638378404, -0.00407797750086, -0.0108177838847, 0.00827386323363, 0.00840046070516, -0.031015496701, 0.090708270669, -0.06750100106, 0.0123415300623, -0.00566484034061, -0.00381209561601, 0.00917439721525, -0.00638442765921], [-0.00101947248913, 0.00477223703638, 0.0117066856474, 0.00337741756812, -0.010836542584, 0.0153454393148, -0.06750100106, 0.12262647599, -0.0621252246201, 0.0159678589553, 0.00170837319456, 0.00314420205541, 0.00629706354812], [-0.00053218670655, -0.0123149463907, 0.00155764864758, 0.0111353984103, 0.000436357659055, -0.020626552403, 0.0123415300623, -0.0621252246201, 0.13287319243, -0.0712896212935, 0.0151637606323, -0.0225129704922, 0.00861444976181], [0.000996006070636, 0.0145348999649, -0.0034509380348, -0.0126386862248, 0.000898283091374, 0.0214830860496, -0.00566484034061, 0.0159678589553, -0.0712896212935, 0.12307523191, -0.0708300620317, 0.0243125222623, -0.0118632009253], [-0.0020706388168, -0.0103017706424, 0.00354352360591, 0.00665939226747, -0.0092269256711, 0.0167368296534, -0.00381209561601, 0.00170837319456, 0.0151637606323, -0.0708300620317, 0.128559499979, -0.0581020750105, 0.0139508266002], [0.00118041422684, 0.0147591941059, -0.00649419240654, -0.00189954042435, 0.00298194796778, -0.0192575287074, 0.00917439721525, 0.00314420205541, -0.0225129704922, 0.0243125222623, -0.0581020750105, 0.107580140233, -0.0482170432806], [-0.00111635786016, -0.000765428761952, 0.00482538901269, -0.00291439262219, -0.0102355685085, 0.0164985507727, -0.00638442765921, 0.00629706354812, 0.00861444976181, -0.0118632009253, 0.0139508266002, -0.0482170432806, 0.101602338254]]
    },
    "melbands": {
        "max": [0.000203080518986, 0.00186183094047, 0.00258114445023, 0.00659413868561, 0.00374171277508, 0.00715749152005, 0.00578754208982, 0.00884754490107, 0.00830416101962, 0.00394301302731, 0.00577777903527, 0.000520740170032, 0.000893083109986, 0.00122724543326, 0.000644772255328, 0.000376695912564, 0.00023127887107, 0.000465572491521, 0.000559523003176, 0.00037446434726, 0.000342978310073, 0.000261210167082, 0.000132100234623, 8.73373865033e-05, 3.67151369574e-05, 0.000132155910251, 0.000197816378204, 0.000205011994694, 5.56322156626e-05, 5.37185915164e-05, 8.63842651597e-05, 8.66960181156e-05, 7.19639720046e-05, 6.17412297288e-05, 9.36833093874e-05, 9.93863432086e-05, 5.53857971681e-05, 1.65717574419e-05, 8.59709143697e-06, 1.14095962545e-06],
        "mean": [7.42207794246e-06, 7.8500212112e-05, 0.000121644450701, 0.000245609524427, 0.000125427599414, 0.00016136810882, 0.000186632067198, 0.000188235164387, 0.000184642311069, 6.70573281241e-05, 4.74951702927e-05, 2.67737341346e-05, 2.85987971438e-05, 3.12261254294e-05, 3.00936262647e-05, 2.29242032219e-05, 2.14781939576e-05, 4.04452803195e-05, 4.45278565167e-05, 3.70920206478e-05, 3.2663327147e-05, 2.35714414885e-05, 1.58153179655e-05, 7.27030601411e-06, 4.06210347137e-06, 9.09607479116e-06, 1.13378682727e-05, 8.3902532424e-06, 4.67511972602e-06, 2.35190032072e-06, 4.95481253893e-06, 8.85861572897e-06, 5.67106735616e-06, 2.53294001595e-06, 5.58332112632e-06, 7.30812644179e-06, 4.21648019255e-06, 1.14494764603e-06, 5.36966297204e-07, 9.95167184215e-08],
        "min": [1.00669399736e-24, 1.22810792636e-24, 1.1031746443e-24, 8.73096360149e-25, 8.12472843317e-25, 1.16361233508e-24, 1.34690091236e-24, 1.44154055516e-24, 1.77658871427e-24, 1.20516676656e-24, 1.47258834545e-24, 1.59616695613e-24, 1.42584794239e-24, 2.61609941998e-24, 1.79216260347e-24, 2.10405907552e-24, 2.62452031293e-24, 2.72846772555e-24, 2.84045205307e-24, 2.13143530995e-24, 2.85749164584e-24, 3.00359519359e-24, 3.68972175705e-24, 3.52706376599e-24, 4.07685485186e-24, 3.70657103712e-24, 2.91290754671e-24, 4.01445989856e-24, 4.22288089402e-24, 2.93823727873e-24, 4.60533091607e-24, 4.40641332793e-24, 4.32717856088e-24, 3.50491689051e-24, 4.90045758577e-24, 5.16536733294e-24, 5.34891278305e-24, 5.75999017291e-24, 5.76806021997e-24, 5.51725885567e-24],
        "stdev": [2.3807207981e-05, 0.000209386998904, 0.000338180980179, 0.000834918755572, 0.000392187794205, 0.000621153158136, 0.000678644573782, 0.000785085256211, 0.000858559214976, 0.000275973870885, 0.000292633514619, 5.46385272173e-05, 6.55279654893e-05, 7.73204155848e-05, 5.99269296799e-05, 4.1769726522e-05, 3.74738992832e-05, 7.44754070183e-05, 8.28657357488e-05, 6.36799668428e-05, 5.64267320442e-05, 4.190637992e-05, 2.8255608413e-05, 1.32578543344e-05, 6.86782050252e-06, 1.60329946084e-05, 2.38576249103e-05, 1.82035637408e-05, 8.27571147966e-06, 4.95761833008e-06, 9.52377195063e-06, 1.57292433869e-05, 1.03879119706e-05, 5.33440334038e-06, 1.16360270113e-05, 1.39547455547e-05, 7.75520857133e-06, 2.1582447971e-06, 9.82735627986e-07, 1.775307652e-07]
    },
    "melbands128": {
        "max": [5.79771358389e-06, 2.79052310361e-05, 0.000194307474885, 0.000860429136083, 0.00226767687127, 0.00308850244619, 0.00316692795604, 0.00415364373475, 0.00693308468908, 0.0125419748947, 0.0114067513496, 0.00743751367554, 0.00465828785673, 0.00229009822942, 0.00750118494034, 0.0152618158609, 0.00731843756512, 0.0100648729131, 0.012565407902, 0.0165720079094, 0.00653946166858, 0.0125036928803, 0.0156291872263, 0.00765667064115, 0.00282222987153, 0.00759202474728, 0.00792406126857, 0.00925148744136, 0.00154739094432, 0.000639887410216, 0.000510722224135, 0.00137206306681, 0.00146473804489, 0.000843290239573, 0.00279323291034, 0.000905097986106, 0.000467613892397, 0.000740247021895, 0.00138293998316, 0.000533228798304, 0.000343081133906, 0.000346095126588, 0.000178415852133, 0.000476335291751, 0.000570174364839, 0.000801554357167, 0.000655414187349, 0.000882139662281, 0.00116441003047, 0.000503826013301, 0.000459557864815, 0.000389536144212, 0.000558299943805, 0.000361555081327, 0.000408951222198, 0.000330201059114, 0.000405078433687, 0.000194728723727, 0.000157013346325, 0.00019740506832, 0.00014327619283, 5.39645516255e-05, 4.08077030443e-05, 5.09709570906e-05, 6.24960666755e-05, 0.00018714973703, 0.000152714783326, 0.00027786983992, 0.00029930807068, 0.000210995698581, 0.000265775684966, 0.000210061058169, 0.000113907321065, 7.75679363869e-05, 8.21040666779e-05, 4.87863726448e-05, 4.15640643041e-05, 0.000125443199067, 9.46045329329e-05, 0.000121287594084, 0.000108247142634, 9.1922149295e-05, 8.26085815788e-05, 0.000102728670754, 9.77784657152e-05, 0.000101630204881, 4.66283345304e-05, 3.0778508517e-05, 0.000102581027022, 0.000203637464438, 0.000164271565154, 8.41062064865e-05, 6.39723803033e-05, 6.07995898463e-05, 5.67145289097e-05, 3.00637821056e-05, 6.40209236735e-06, 1.68656715687e-05, 1.17037234304e-05, 4.27818940807e-06, 1.93633286472e-06, 1.06075572148e-06, 5.03584942635e-07, 1.6171588868e-07, 4.66879477301e-08, 2.0539740575e-08, 1.00968389205e-08, 1.08208073613e-08, 6.67098865037e-09, 5.56295232101e-09, 5.33537125591e-09, 5.08602759908e-09, 4.85346918211e-09, 4.64548222112e-09, 4.44594139282e-09, 4.2783963039e-09, 4.0951082525e-09, 3.96114696599e-09, 3.8599869967e-09, 3.73742636839e-09, 3.63761176736e-09, 3.5626264161e-09, 3.48321949062e-09, 3.40056738324e-09, 3.36536642997e-09, 3.28589822018e-09, 3.22767368388e-09, 3.24679727548e-09],
        "mean": [2.31435649312e-07, 9.92072614281e-07, 5.26935218659e-06, 2.88160081254e-05, 8.80919396877e-05, 0.000112535009976, 9.36915530474e-05, 0.000104756982182, 0.000180606119102, 0.000290997908451, 0.000290067779133, 0.000129391584778, 9.38200100791e-05, 8.77166094142e-05, 0.000164303259226, 0.000218854300329, 0.000148360355524, 0.000152680528117, 0.000273759418633, 0.000215752283111, 0.000109108172182, 0.000203434552532, 0.000249618140515, 0.000100767043477, 5.29113931407e-05, 6.38856290607e-05, 5.8462137531e-05, 5.29077442479e-05, 3.05949506583e-05, 2.36715441133e-05, 2.61892491835e-05, 2.99305629596e-05, 2.90171265078e-05, 2.57056381088e-05, 3.35734548571e-05, 3.08806884277e-05, 3.17592202919e-05, 3.02041753457e-05, 3.02253702102e-05, 2.59684857156e-05, 2.08290366572e-05, 1.9068365873e-05, 1.5789471945e-05, 2.46589588642e-05, 3.65082123608e-05, 4.25095786341e-05, 4.62485477328e-05, 4.73318177683e-05, 4.37435810454e-05, 3.71970345441e-05, 3.5163906432e-05, 3.76678108296e-05, 3.74919072783e-05, 2.89720155706e-05, 2.48709002335e-05, 2.36671676248e-05, 2.23298393394e-05, 1.87127570825e-05, 1.32834902615e-05, 1.03435995698e-05, 6.99084648659e-06, 5.25657560502e-06, 3.74316869056e-06, 3.13737950819e-06, 5.18226488566e-06, 9.13342410058e-06, 1.13705609692e-05, 1.26677286971e-05, 1.1681216165e-05, 8.97469271877e-06, 8.98951748241e-06, 8.02206068329e-06, 5.72453382119e-06, 4.12763256463e-06, 3.31140540766e-06, 2.66859206022e-06, 1.63777508533e-06, 1.83693850886e-06, 4.7663602345e-06, 8.67183371156e-06, 1.00317038232e-05, 8.4761004473e-06, 7.33950446374e-06, 5.65584241485e-06, 4.08157529819e-06, 3.28883584189e-06, 1.67692166997e-06, 1.46543072788e-06, 5.07204640599e-06, 9.36304604693e-06, 9.0091043603e-06, 6.36915638097e-06, 4.9504828894e-06, 5.01116164742e-06, 3.39830967278e-06, 1.36301366638e-06, 5.46283104086e-07, 8.5248365167e-07, 6.60469652303e-07, 3.41934168091e-07, 1.47840879094e-07, 6.25993266112e-08, 2.61960124703e-08, 1.11037481432e-08, 4.07896116883e-09, 1.97883376352e-09, 1.16829845798e-09, 7.37193417422e-10, 4.02432975832e-10, 2.22398710559e-10, 1.31222990807e-10, 8.24022586277e-11, 5.83493045547e-11, 6.06918335033e-11, 5.41064068549e-11, 4.94736925039e-11, 2.56205941879e-11, 9.10027348616e-12, 8.80764818717e-12, 8.55448264309e-12, 8.33954520024e-12, 8.17844576784e-12, 7.99584704003e-12, 7.80029860148e-12, 7.73190539372e-12, 7.58023938757e-12, 7.44861030494e-12, 7.47563122516e-12],
        "min": [3.29112030101e-26, 2.65102599004e-25, 4.8329661966e-25, 5.11875756031e-26, 1.44541874328e-25, 2.37378476921e-25, 3.19851098897e-25, 1.57782966252e-25, 2.5276045106e-25, 2.33666122153e-25, 1.05818467428e-25, 7.09514008997e-26, 1.11983723551e-25, 6.05225229146e-25, 2.74839681721e-25, 2.29885456961e-25, 5.98813367708e-25, 6.24570908859e-25, 8.16130298296e-25, 6.14978113732e-25, 4.0275473475e-25, 1.76024746062e-25, 5.51845378272e-25, 3.64913890639e-25, 5.73394395797e-25, 6.4164072486e-25, 4.4954974178e-25, 4.80735336212e-25, 1.0021741202e-24, 9.04393134665e-25, 6.42535835469e-25, 5.07872989516e-25, 3.71849111983e-25, 6.57243555401e-25, 8.26998878722e-25, 7.35811636371e-25, 8.1850915766e-25, 6.1251573372e-25, 8.5851367467e-25, 7.32922137482e-25, 1.21111793323e-24, 1.09816646223e-24, 3.12404523122e-25, 5.7798536905e-25, 9.95007910518e-25, 8.53918757113e-25, 7.33546915319e-25, 1.62367650805e-24, 8.69255593617e-25, 4.91712631531e-25, 9.44661131217e-25, 1.29468512436e-24, 1.39450827356e-24, 1.33688908418e-24, 1.791029602e-24, 1.5242646512e-24, 1.9200821185e-24, 1.88977822404e-24, 1.53251021981e-24, 2.26994212718e-24, 1.89544204812e-24, 1.21434171192e-24, 1.83067360958e-24, 2.14039105059e-24, 1.79528629544e-24, 2.06962746638e-24, 2.19944261415e-24, 8.79752374037e-25, 1.125622273e-24, 2.21209298485e-24, 2.05894273984e-24, 2.37663990334e-24, 2.43527396228e-24, 1.731752227e-24, 2.41698146118e-24, 1.66767246402e-24, 1.85168846966e-24, 1.98345565375e-24, 3.11344486351e-24, 3.20745992568e-24, 2.9309434708e-24, 2.59223026393e-24, 2.70521092278e-24, 2.92923677024e-24, 1.8324937089e-24, 2.70991391428e-24, 2.13570699175e-24, 3.01406140565e-24, 3.45590851234e-24, 2.27322181639e-24, 3.00817571444e-24, 2.94253538738e-24, 2.62187072637e-24, 3.35891924733e-24, 3.59828567839e-24, 4.15012661932e-24, 4.60383641908e-24, 3.66515544517e-24, 4.32725705254e-24, 3.57416704507e-24, 3.23715777775e-24, 3.61455435684e-24, 4.98800339688e-24, 3.89372868132e-24, 3.29767681982e-24, 4.43013043104e-24, 3.44745231787e-24, 4.163989272e-24, 3.81722376744e-24, 4.58470969757e-24, 4.15193232193e-24, 4.84389547001e-24, 4.39528683929e-24, 4.78116840627e-24, 5.21380536467e-24, 4.39652140661e-24, 4.32620826197e-24, 4.29448500953e-24, 5.3317593971e-24, 5.71653734767e-24, 4.48614626063e-24, 3.98790802378e-24, 5.14550381535e-24, 4.67233242262e-24, 4.17939414776e-24, 6.15070864053e-24, 5.42696031443e-24, 4.93263167222e-24],
        "stdev": [6.13180645814e-07, 2.73253726846e-06, 1.85222415894e-05, 9.94080473902e-05, 0.000257994164713, 0.000341768783983, 0.000325901230099, 0.000403452082537, 0.000718161521945, 0.00120275630616, 0.00122254609596, 0.000522121787071, 0.00042955490062, 0.000267726485617, 0.000743888376746, 0.00104395882227, 0.000732596148737, 0.000756202090997, 0.00129391101655, 0.0012597613968, 0.000517597130965, 0.00105302839074, 0.00140031368937, 0.000547139963601, 0.000207333825529, 0.00040473692934, 0.000405512284487, 0.000468615529826, 9.83139761956e-05, 5.29927710886e-05, 5.73226971028e-05, 8.95851262612e-05, 8.52429075167e-05, 6.07410620432e-05, 0.000136855844175, 7.6019881817e-05, 7.07950239303e-05, 6.75008486724e-05, 8.23028894956e-05, 5.81695931032e-05, 4.05277314712e-05, 3.70026064047e-05, 2.96944526781e-05, 5.38960812264e-05, 7.58086389396e-05, 9.18081786949e-05, 9.42230690271e-05, 0.000100946068414, 9.8913871625e-05, 7.22550030332e-05, 6.53346141917e-05, 7.19895760994e-05, 7.47278972995e-05, 5.44035247003e-05, 4.87715296913e-05, 4.59287839476e-05, 4.56230482087e-05, 3.55271004082e-05, 2.5336708859e-05, 2.26433276111e-05, 1.46542970469e-05, 9.47645821725e-06, 6.75995715937e-06, 6.1721025304e-06, 9.86549639492e-06, 1.79498620128e-05, 2.17441356654e-05, 2.8020429454e-05, 2.8605634725e-05, 1.99779296963e-05, 2.12627692235e-05, 1.90550344996e-05, 1.14235517685e-05, 8.21212597657e-06, 6.9967154559e-06, 5.82096208745e-06, 3.65737696484e-06, 6.19638603894e-06, 1.00929464679e-05, 1.66604968399e-05, 1.90903720068e-05, 1.56001060532e-05, 1.42302624226e-05, 1.09529764813e-05, 8.60439467942e-06, 7.67749043007e-06, 3.78396521228e-06, 3.15513557325e-06, 1.11242179628e-05, 2.1009313059e-05, 1.81072227861e-05, 1.26137738334e-05, 9.42496535572e-06, 9.39721030591e-06, 6.80287439536e-06, 2.82346536551e-06, 1.00990951069e-06, 1.72365332674e-06, 1.25891415337e-06, 6.31867465017e-07, 2.68846918061e-07, 1.23831568999e-07, 5.12940587782e-08, 1.98695655484e-08, 6.92414880987e-09, 3.29195515292e-09, 1.98693528297e-09, 1.41368250439e-09, 8.73511318833e-10, 5.40612887789e-10, 4.00340344209e-10, 3.23619381293e-10, 2.8407998176e-10, 2.87614071448e-10, 2.61691668335e-10, 2.61666549539e-10, 1.92716759218e-10, 1.6873735742e-10, 1.64428179406e-10, 1.59206758887e-10, 1.5495468797e-10, 1.51760201628e-10, 1.48377352072e-10, 1.44857487117e-10, 1.43357145599e-10, 1.39971575996e-10, 1.37492198182e-10, 1.38305963904e-10]
    },
    "mfcc": {
        "mean": [-999.608276367, 22.6703891754, -11.4038724899, 0.438677608967, -4.79830408096, 1.88014829159, -10.7148599625, 0.115741729736, -4.87156105042, 2.69750332832, -6.10408401489, 0.630149185658, -1.4472938776],
        "cov": [[107666.84375, 9176.32421875, -4405.16748047, 230.756027222, -1876.61633301, 757.879211426, -4274.97705078, 22.7902145386, -1986.64367676, 1079.5255127, -2441.78759766, 243.552825928, -569.477966309], [9176.32421875, 1230.34985352, -154.494522095, 166.349472046, -142.70703125, 18.6588726044, -375.837585449, -67.4577865601, -210.4034729, 110.264862061, -234.488021851, 16.5320739746, -28.8614826202], [-4405.16748047, -154.494522095, 406.886291504, 109.321769714, 107.5262146, -26.1552410126, 179.754623413, -42.2776527405, 51.4286346436, -47.6475334167, 79.8328018188, -17.0121879578, 23.9796466827], [230.756027222, 166.349472046, 109.321769714, 118.880912781, 42.8535957336, 13.5796842575, -4.62681531906, -36.2007141113, -28.5170135498, 1.15781104565, -25.688539505, -6.62224340439, 10.2295160294], [-1876.61633301, -142.70703125, 107.5262146, 42.8535957336, 88.4859924316, 14.3149251938, 82.3148880005, -5.13897562027, 28.9569129944, -26.3124485016, 34.8741798401, -10.0785751343, 12.4892339706], [757.879211426, 18.6588726044, -26.1552410126, 13.5796842575, 14.3149251938, 47.0466918945, -19.6805725098, 12.3618001938, -8.53295898438, -0.821986794472, -19.6563148499, -0.0977750942111, -9.21698379517], [-4274.97705078, -375.837585449, 179.754623413, -4.62681531906, 82.3148880005, -19.6805725098, 189.609985352, 10.7828302383, 85.082901001, -42.1053924561, 98.2798843384, -10.3042316437, 21.1825046539], [22.7902145386, -67.4577865601, -42.2776527405, -36.2007141113, -5.13897562027, 12.3618001938, 10.7828302383, 43.8335494995, 21.6875495911, -0.352696478367, 9.73612308502, 3.55860877037, -8.90495014191], [-1986.64367676, -210.4034729, 51.4286346436, -28.5170135498, 28.9569129944, -8.53295898438, 85.082901001, 21.6875495911, 62.7781410217, -14.0317373276, 54.6414718628, -0.149509638548, 7.43846130371], [1079.5255127, 110.264862061, -47.6475334167, 1.15781104565, -26.3124485016, -0.821986794472, -42.1053924561, -0.352696478367, -14.0317373276, 32.4609947205, -17.0857620239, 6.42453384399, -1.23999273777], [-2441.78759766, -234.488021851, 79.8328018188, -25.688539505, 34.8741798401, -19.6563148499, 98.2798843384, 9.73612308502, 54.6414718628, -17.0857620239, 76.7965621948, 5.25773954391, 16.3921470642], [243.552825928, 16.5320739746, -17.0121879578, -6.62224340439, -10.0785751343, -0.0977750942111, -10.3042316437, 3.55860877037, -0.149509638548, 6.42453384399, 5.25773954391, 17.9719543457, 7.84390544891], [-569.477966309, -28.8614826202, 23.9796466827, 10.2295160294, 12.4892339706, -9.21698379517, 21.1825046539, -8.90495014191, 7.43846130371, -1.23999273777, 16.3921470642, 7.84390544891, 25.6228504181]],
        "icov": [[0.000320422637742, -0.000713795889169, 0.000922509876546, -0.000291496049613, 0.000921870174352, -0.00212812307291, 0.00250288681127, -0.00147699262016, 0.00162967096549, -0.00126340100542, 0.00147161365021, -0.000902774336282, 0.000573864788748], [-0.000713795889169, 0.00780844548717, -0.00514639634639, -0.00491446116939, -0.00127268536016, 0.0102215241641, 0.00256145349704, -0.00102650315966, -0.000479332811665, -0.00506386114284, 0.00441970303655, -0.00237020407803, -0.000675541290548], [0.000922509876546, -0.00514639634639, 0.0146227348596, -0.0102699883282, 0.00591597566381, -0.00646031135693, -0.0049456669949, 0.00296553480439, 0.00255847140215, 0.00573866302148, -0.00569505663589, -0.00207567424513, 0.00884697772563], [-0.000291496049613, -0.00491446116939, -0.0102699883282, 0.0415922515094, -0.0208326559514, -0.00645888177678, -0.00722971884534, 0.0106180068105, 0.00389246270061, -0.00787381548434, 0.0140728959814, 0.000101115583675, -0.0120550123975], [0.000921870174352, -0.00127268536016, 0.00591597566381, -0.0208326559514, 0.0467740260065, -0.0252177324146, -0.00175824365579, -0.0013653713977, 0.00134705426171, 0.00946812424809, -0.0115167237818, 0.014612457715, -0.00609354861081], [-0.00212812307291, 0.0102215241641, -0.00646031135693, -0.00645888177678, -0.0252177324146, 0.0618588514626, -0.00653403252363, -0.00858289375901, -0.00825040228665, 0.00449087424204, 0.0105372415856, -0.0140156038105, 0.00996390171349], [0.00250288681127, 0.00256145349704, -0.0049456669949, -0.00722971884534, -0.00175824365579, -0.00653403252363, 0.0749021470547, -0.0248490832746, -0.00413940893486, -0.00844947900623, -0.00150953687262, 0.00982547923923, -0.00727295130491], [-0.00147699262016, -0.00102650315966, 0.00296553480439, 0.0106180068105, -0.0013653713977, -0.00858289375901, -0.0248490832746, 0.0619451478124, -0.0303740948439, 0.00945187639445, -0.00603450508788, -0.00768280029297, 0.0141395693645], [0.00162967096549, -0.000479332811665, 0.00255847140215, 0.00389246270061, 0.00134705426171, -0.00825040228665, -0.00413940893486, -0.0303740948439, 0.0813198834658, -0.0217263158411, -0.00749921286479, -0.0037911569234, 0.00227236072533], [-0.00126340100542, -0.00506386114284, 0.00573866302148, -0.00787381548434, 0.00946812424809, 0.00449087424204, -0.00844947900623, 0.00945187639445, -0.0217263158411, 0.0710278898478, -0.0260272417217, 0.00691911252216, -0.00446277810261], [0.00147161365021, 0.00441970303655, -0.00569505663589, 0.0140728959814, -0.0115167237818, 0.0105372415856, -0.00150953687262, -0.00603450508788, -0.00749921286479, -0.0260272417217, 0.0975783392787, -0.0494019649923, -0.000432911183452], [-0.000902774336282, -0.00237020407803, -0.00207567424513, 0.000101115583675, 0.014612457715, -0.0140156038105, 0.00982547923923, -0.00768280029297, -0.0037911569234, 0.00691911252216, -0.0494019649923, 0.11546933651, -0.0460974276066], [0.000573864788748, -0.000675541290548, 0.00884697772563, -0.0120550123975, -0.00609354861081, 0.00996390171349, -0.00727295130491, 0.0141395693645, 0.00227236072533, -0.00446277810261, -0.000432911183452, -0.0460974276066, 0.0785483121872]]
    },
    "spectral_contrast_coeffs": {
        "max": [-0.428561151028, -0.523096084595, -0.581332921982, -0.710926353931, -0.710280835629, -0.647334754467],
        "mean": [-0.847898185253, -0.894153475761, -0.905449092388, -0.901205718517, -0.896294951439, -0.85816437006],
        "min": [-0.982379198074, -0.983261227608, -0.97585362196, -0.974287867546, -0.972284436226, -0.96489405632],
        "stdev": [0.152287438512, 0.101751707494, 0.0742698609829, 0.0757178142667, 0.0801720544696, 0.124771907926]
    },
    "spectral_contrast_valleys": {
        "max": [-6.06174612045, -4.8340959549, -5.89397668839, -5.67426156998, -5.85079622269, -8.5365228653],
        "mean": [-19.5111865997, -18.8816127777, -19.0073432922, -18.9101467133, -18.9658222198, -20.0984992981],
        "min": [-28.1624717712, -28.2331218719, -28.1576061249, -27.6995296478, -27.5693416595, -27.473815918],
        "stdev": [9.42891693115, 10.1735210419, 10.0058965683, 10.1232633591, 10.0518856049, 8.68894577026]
    }
},
"rhythm": {
    "beats_count": 17,
    "beats_loudness": {
        "max": 0.0551505312324,
        "mean": 0.0089499456808,
        "min": 0,
        "stdev": 0.0150029463693
    },
    "bpm": 81.047492981,
    "bpm_histogram_first_peak_bpm": 82,
    "bpm_histogram_first_peak_weight": 0.333333313465,
    "bpm_histogram_second_peak_bpm": 88,
    "bpm_histogram_second_peak_spread": 0.428571403027,
    "bpm_histogram_second_peak_weight": 0.25,
    "danceability": 0.699100613594,
    "onset_rate": 0.783738076687,
    "beats_loudness_band_ratio": {
        "max": [0.213674888015, 0.552441358566, 0.641469478607, 0.241459846497, 0.462576001883, 0.302836716175],
        "mean": [0.0343678370118, 0.0801934525371, 0.0976895168424, 0.051663544029, 0.107802882791, 0.0730115324259],
        "min": [0, 0, 0, 0, 0, 0],
        "stdev": [0.0635993257165, 0.173649951816, 0.176931723952, 0.0775081291795, 0.15389546752, 0.109932243824]
    },
    "beats_position": [0.673378646374, 1.35836732388, 2.04335594177, 2.72834467888, 3.39011335373, 4.05188179016, 4.71365070343, 5.38702917099, 6.14167785645, 6.8963265419, 7.65097475052, 8.38240337372, 9.11383247375, 9.84526062012, 10.5766887665, 11.3081178665, 12.051156044],
    "bpm_histogram": [0, 0, 0, 0, 0, 0, 0, 0, 0, 0, 0, 0, 0, 0, 0, 0, 0, 0, 0, 0, 0, 0, 0, 0, 0, 0, 0, 0, 0, 0, 0, 0, 0, 0, 0, 0, 0, 0, 0, 0, 0, 0, 0, 0, 0, 0, 0, 0, 0, 0, 0, 0, 0, 0, 0, 0, 0, 0, 0, 0, 0, 0, 0, 0, 0, 0, 0, 0, 0, 0, 0, 0, 0, 0, 0, 0, 0, 0, 0, 0, 0.1875, 0.0625, 0.3125, 0, 0, 0, 0, 0, 0.1875, 0.0625, 0, 0.1875, 0, 0, 0, 0, 0, 0, 0, 0, 0, 0, 0, 0, 0, 0, 0, 0, 0, 0, 0, 0, 0, 0, 0, 0, 0, 0, 0, 0, 0, 0, 0, 0, 0, 0, 0, 0, 0, 0, 0, 0, 0, 0, 0, 0, 0, 0, 0, 0, 0, 0, 0, 0, 0, 0, 0, 0, 0, 0, 0, 0, 0, 0, 0, 0, 0, 0, 0, 0, 0, 0, 0, 0, 0, 0, 0, 0, 0, 0, 0, 0, 0, 0, 0, 0, 0, 0, 0, 0, 0, 0, 0, 0, 0, 0, 0, 0, 0, 0, 0, 0, 0, 0, 0, 0, 0, 0, 0, 0, 0, 0, 0, 0, 0, 0, 0, 0, 0, 0, 0, 0, 0, 0, 0, 0, 0, 0, 0, 0, 0, 0, 0, 0, 0, 0, 0, 0, 0, 0, 0, 0, 0, 0, 0, 0, 0, 0, 0, 0, 0, 0, 0, 0, 0, 0, 0, 0, 0, 0]
},
"tonal": {
    "chords_changes_rate": 0.115942031145,
    "chords_number_rate": 0.0289855077863,
