{
"metadata": {
    "version": {
        "essentia": "2.1-beta5",
        "essentia_git_sha": "Undefined",
        "extractor": "music 2.0"
    },
    "audio_properties": {
        "analysis": {
            "equal_loudness": 0,
            "length": 34.876373291,
            "sample_rate": 44100,
            "start_time": 207.748931885,
            "downmix": "mix"
        },
        "bit_rate": 192000,
        "length": 242.648529053,
        "lossless": 0,
        "number_channels": 2,
        "replay_gain": 1.43695259094,
        "sample_rate": 44100,
        "codec": "mp3",
        "md5_encoded": "aadec58fb860aec39d30ee840746afc1"
    },
    "tags": {
        "file_name": "Yugoslavia_Leila_Seid-Memic Vajta.mp3",
        "encoding": ["Lavf58.29.100"]
    }
},
"lowlevel": {
    "average_loudness": 0.713213980198,
    "barkbands_crest": {
        "max": 22.9618701935,
        "mean": 7.72303295135,
        "min": 2.95331001282,
        "stdev": 3.58447432518
    },
    "barkbands_flatness_db": {
        "max": 0.291567713022,
        "mean": 0.176635280252,
        "min": 0.0960266515613,
        "stdev": 0.0304730962962
    },
    "barkbands_kurtosis": {
        "max": 25.1185932159,
        "mean": 0.649675071239,
        "min": -1.4993571043,
        "stdev": 2.35216975212
    },
    "barkbands_skewness": {
        "max": 4.07382106781,
        "mean": 0.429585367441,
        "min": -1.25878310204,
        "stdev": 0.78130620718
    },
    "barkbands_spread": {
        "max": 25.919506073,
        "mean": 12.0046300888,
        "min": 2.23984622955,
        "stdev": 4.25549602509
    },
    "dissonance": {
        "max": 0.5,
        "mean": 0.465836554766,
        "min": 0.270861297846,
        "stdev": 0.0321103297174
    },
    "dynamic_complexity": 3.07986474037,
    "erbbands_crest": {
        "max": 30.8358192444,
        "mean": 9.13275814056,
        "min": 3.63903832436,
        "stdev": 3.94381642342
    },
    "erbbands_flatness_db": {
        "max": 0.353777378798,
        "mean": 0.26095867157,
        "min": 0.163091868162,
        "stdev": 0.0286440812051
    },
    "erbbands_kurtosis": {
        "max": 12.1385717392,
        "mean": 0.432948827744,
        "min": -1.51696658134,
        "stdev": 1.32502090931
    },
    "erbbands_skewness": {
        "max": 3.43619942665,
        "mean": 0.0537712536752,
        "min": -1.38849186897,
        "stdev": 0.59878885746
    },
    "erbbands_spread": {
        "max": 48.0968818665,
        "mean": 16.829372406,
        "min": 4.30161476135,
        "stdev": 7.07921600342
    },
    "hfc": {
        "max": 126.282608032,
        "mean": 17.8814144135,
        "min": 0.332675695419,
        "stdev": 16.2517948151
    },
    "loudness_ebu128": {
        "integrated": -26.3677177429,
        "loudness_range": 6.02848243713,
        "momentary": {
            "max": -20.4322032928,
            "mean": -27.3941783905,
            "min": -35.46068573,
            "stdev": 3.10219478607
        },
        "short_term": {
            "max": -22.7710590363,
            "mean": -26.6652183533,
            "min": -32.569519043,
            "stdev": 2.05881214142
        }
    },
    "melbands_crest": {
        "max": 31.4428005219,
        "mean": 9.39354801178,
        "min": 3.55819320679,
        "stdev": 4.83170938492
    },
    "melbands_flatness_db": {
        "max": 0.340918540955,
        "mean": 0.20045439899,
        "min": 0.11230827868,
        "stdev": 0.0416694395244
    },
    "melbands_kurtosis": {
        "max": 39.0479431152,
        "mean": 1.65617847443,
        "min": -1.34097623825,
        "stdev": 4.0399684906
    },
    "melbands_skewness": {
        "max": 5.01341485977,
        "mean": 0.77893781662,
        "min": -0.750011503696,
        "stdev": 0.868725836277
    },
    "melbands_spread": {
        "max": 44.2409248352,
        "mean": 21.3724040985,
        "min": 2.55611848831,
        "stdev": 7.50378227234
    },
    "pitch_salience": {
        "max": 0.876949131489,
        "mean": 0.668871223927,
        "min": 0.159964740276,
        "stdev": 0.117388576269
    },
    "silence_rate_20dB": {
        "max": 1,
        "mean": 1,
        "min": 1,
        "stdev": 0
    },
    "silence_rate_30dB": {
        "max": 1,
        "mean": 0.996007978916,
        "min": 0,
        "stdev": 0.0630556941032
    },
    "silence_rate_60dB": {
        "max": 1,
        "mean": 0.0259481035173,
        "min": 0,
        "stdev": 0.158980607986
    },
    "spectral_centroid": {
        "max": 2023.66784668,
        "mean": 1289.75341797,
        "min": 422.562896729,
        "stdev": 353.401611328
    },
    "spectral_complexity": {
        "max": 37,
        "mean": 21.4437789917,
        "min": 0,
        "stdev": 5.30613088608
    },
    "spectral_decrease": {
        "max": -5.96935556541e-11,
        "mean": -4.69383687474e-09,
        "min": -4.60058728891e-08,
        "stdev": 4.58583571117e-09
    },
    "spectral_energy": {
        "max": 0.183135300875,
        "mean": 0.0193375423551,
        "min": 0.000255471211858,
        "stdev": 0.0186450220644
    },
    "spectral_energyband_high": {
        "max": 0.000647241831757,
        "mean": 6.93279434927e-05,
        "min": 2.74702438219e-06,
        "stdev": 7.05437050783e-05
    },
    "spectral_energyband_low": {
        "max": 0.00750652654096,
        "mean": 0.000414684298448,
        "min": 1.51983203978e-06,
        "stdev": 0.0005924947327
    },
    "spectral_energyband_middle_high": {
        "max": 0.0979774966836,
        "mean": 0.00858341809362,
        "min": 0.000205781369004,
        "stdev": 0.00930149201304
    },
    "spectral_energyband_middle_low": {
        "max": 0.169430464506,
        "mean": 0.0106870355085,
        "min": 4.57560090581e-05,
        "stdev": 0.0144639294595
    },
    "spectral_entropy": {
        "max": 7.8680472374,
        "mean": 7.30247879028,
        "min": 6.16900634766,
        "stdev": 0.258845537901
    },
    "spectral_flux": {
        "max": 0.36599317193,
        "mean": 0.0766407102346,
        "min": 0.0211698655039,
        "stdev": 0.0425611548126
    },
    "spectral_kurtosis": {
        "max": 33.5408248901,
        "mean": 9.9700717926,
        "min": 1.36533498764,
        "stdev": 4.40239334106
    },
    "spectral_rms": {
        "max": 0.0133666973561,
        "mean": 0.00395506434143,
        "min": 0.000499239598867,
        "stdev": 0.00179537793156
    },
    "spectral_rolloff": {
        "max": 2756.25,
        "mean": 1588.42736816,
        "min": 258.3984375,
        "stdev": 457.494934082
    },
    "spectral_skewness": {
        "max": 4.05428266525,
        "mean": 2.00629043579,
        "min": 0.698843002319,
        "stdev": 0.463586062193
    },
    "spectral_spread": {
        "max": 3928212.75,
        "mean": 2199773,
        "min": 1434895.375,
        "stdev": 298872.5
    },
    "spectral_strongpeak": {
        "max": 8.35032367706,
        "mean": 1.4102050066,
        "min": 0.0256970562041,
        "stdev": 1.27732026577
    },
    "zerocrossingrate": {
        "max": 0.0810546875,
        "mean": 0.0546816512942,
        "min": 0.01904296875,
        "stdev": 0.0133163556457
    },
    "barkbands": {
        "max": [0.000661443977151, 0.000392309972085, 0.00229279743508, 0.0155437653884, 0.0338754579425, 0.0558299310505, 0.0592103041708, 0.0676385387778, 0.0924931168556, 0.0637914836407, 0.0171840954572, 0.0197385605425, 0.0162150543183, 0.0250006578863, 0.0220356862992, 0.011385243386, 0.00354014150798, 0.00332357105799, 0.00192238134332, 0.00162473681848, 0.000283900182694, 9.63521160884e-05, 3.11543772114e-05, 8.04103001428e-06, 3.79427228836e-06, 7.31462989734e-07, 7.78161506787e-07],
        "mean": [9.96473409032e-06, 4.53877364635e-05, 0.00014813648886, 0.000560852873605, 0.00189878011588, 0.00146571616642, 0.00151914276648, 0.00197505159304, 0.00281784264371, 0.00212877918966, 0.000910474336706, 0.000898180238437, 0.00132449332159, 0.00108452374116, 0.00115730043035, 0.000565805879887, 0.00035464312532, 0.000223151480895, 0.000134674221044, 7.73126448621e-05, 2.41746729444e-05, 8.1315947682e-06, 2.34494450524e-06, 1.31155820782e-06, 1.32123534513e-06, 3.40341905769e-08, 1.4476018162e-09],
        "min": [1.97253502421e-08, 4.72533514539e-07, 2.59887599441e-07, 2.95189238386e-07, 5.73120303216e-07, 7.30591045794e-06, 1.39315880006e-05, 5.7919187384e-06, 4.16156399297e-06, 5.47307263332e-06, 1.3157414287e-05, 1.39688690979e-05, 2.0242172468e-05, 1.04392393041e-05, 1.97164936253e-05, 8.63602963364e-06, 4.05250602853e-06, 2.40033909904e-06, 1.35437915105e-06, 1.19294509204e-06, 5.94985351654e-07, 3.47416033719e-07, 3.70489544821e-07, 3.74558652538e-07, 2.57522401625e-07, 2.02003580529e-10, 1.41825426403e-10],
        "stdev": [2.69999527518e-05, 5.00076021126e-05, 0.000231009486015, 0.0010666793678, 0.00293950503692, 0.0034087379463, 0.00390889728442, 0.00528992107138, 0.00663293758407, 0.00506149092689, 0.00137199705932, 0.00131916138344, 0.00178884982597, 0.00167752162088, 0.00185933813918, 0.000721315620467, 0.000406983454013, 0.000311640760629, 0.000201111994102, 0.00010681036656, 3.00392057397e-05, 8.39868425828e-06, 2.47680759458e-06, 7.3417419344e-07, 2.34844264924e-07, 3.84718639168e-08, 2.00775609471e-08]
    },
    "erbbands": {
        "max": [0.018097365275, 0.125771805644, 1.94837212563, 21.4136753082, 76.2961578369, 162.962600708, 286.33392334, 505.719726562, 597.970581055, 1347.94384766, 1196.20922852, 2681.58227539, 1532.41003418, 2176.88085938, 669.125061035, 986.565917969, 849.790161133, 427.693084717, 1370.14868164, 633.16229248, 494.697692871, 237.945144653, 207.757095337, 104.321052551, 103.005867004, 50.8531341553, 16.4772663116, 4.6835360527, 3.93399977684, 1.24027717113, 1.00802886486, 0.326827287674, 0.064901933074, 0.0390024892986, 0.0267611853778, 0.0031677018851, 0.00136487337295, 0.000483955343952, 0.000112447851279, 0.000208379467949],
        "mean": [0.00112457666546, 0.0131858969107, 0.14133259654, 1.04981374741, 3.60228037834, 7.09457540512, 10.267291069, 12.2561683655, 15.1230115891, 36.219379425, 45.801574707, 66.0802154541, 59.167263031, 63.443649292, 38.7613754272, 40.6838607788, 66.6693572998, 46.0375442505, 75.8334732056, 44.5263786316, 24.9097824097, 19.2761154175, 14.8235197067, 7.18174505234, 6.45839166641, 3.80003881454, 1.58646595478, 0.582356750965, 0.302493840456, 0.12312810123, 0.0686758607626, 0.0367639660835, 0.0182524286211, 0.0123414164409, 0.00971368979663, 0.00119540456217, 3.76499665435e-05, 5.23859580426e-06, 1.08894464574e-05, 2.31102239923e-05],
        "min": [1.02174535641e-05, 0.000135054709972, 0.00073298427742, 0.00115106219891, 0.00184102379717, 0.00628816476092, 0.0269063506275, 0.049703925848, 0.106854744256, 0.166528329253, 0.125193446875, 0.103098280728, 0.0522019006312, 0.697308540344, 0.726537406445, 1.0305480957, 1.26903736591, 0.99935656786, 0.906603991985, 0.638852536678, 0.60381513834, 0.261557906866, 0.16832600534, 0.0867259278893, 0.0636031776667, 0.047372918576, 0.0384758636355, 0.0158686116338, 0.0141093786806, 0.00980637874454, 0.0116856992245, 0.0081714335829, 0.00618439912796, 0.00303547177464, 0.00177620234899, 0.000352888077032, 1.37832257678e-05, 1.60714830599e-06, 1.00565387129e-06, 3.78580551796e-07],
        "stdev": [0.00124565139413, 0.015573640354, 0.197410911322, 1.81552994251, 6.65823698044, 11.8428592682, 21.120847702, 31.823425293, 37.1470069885, 105.895622253, 112.55418396, 160.535232544, 136.638870239, 141.294830322, 49.6560668945, 56.4663314819, 93.6597137451, 53.2881355286, 125.559028625, 49.5131645203, 32.8961219788, 21.2426433563, 20.7645301819, 9.32958698273, 8.93133163452, 4.94222640991, 1.9589227438, 0.615700662136, 0.31698051095, 0.127462789416, 0.0771090164781, 0.0340148210526, 0.0054140239954, 0.00260740541853, 0.00205200072378, 0.000367570348317, 3.70670459233e-05, 1.28534420583e-05, 1.01706564237e-05, 2.18425284402e-05]
    },
    "gfcc": {
        "mean": [-59.7258720398, 134.705764771, -194.154937744, -0.433679789305, -59.9801216125, -0.68454259634, -41.975189209, -1.44565105438, -22.613527298, -7.89706850052, -9.66528701782, -18.6295166016, 3.50410580635],
        "cov": [[1213.81005859, 520.910827637, 33.1901359558, 61.6554107666, 102.972122192, -376.769195557, 146.922027588, -141.314178467, -135.638458252, -102.702957153, -22.1845645905, -165.383773804, 12.2798194885], [520.910827637, 545.511962891, 368.65524292, 78.0048675537, 48.8300590515, -254.464233398, -6.99727010727, -97.020652771, -196.700149536, -100.06438446, -21.4314022064, -139.14604187, -14.4406061172], [33.1901359558, 368.65524292, 464.539001465, 105.044189453, -25.5726661682, -129.738098145, -88.3992996216, -63.1378250122, -152.487686157, -58.9249038696, -21.094493866, -76.9373931885, -30.0151023865], [61.6554107666, 78.0048675537, 105.044189453, 187.503845215, 45.5333518982, -52.3730506897, -27.6928157806, -50.6887550354, -76.2621383667, -15.0913887024, -17.1602191925, -15.629201889, -6.34868431091], [102.972122192, 48.8300590515, -25.5726661682, 45.5333518982, 111.501106262, -3.65378785133, 12.4591741562, -11.2914514542, -50.6361045837, -15.2961463928, -5.60928440094, -16.1297168732, 5.90817308426], [-376.769195557, -254.464233398, -129.738098145, -52.3730506897, -3.65378785133, 223.749298096, 19.5524864197, 65.3827209473, 72.9151306152, 30.899766922, 3.12569594383, 73.583984375, -4.44865846634], [146.922027588, -6.99727010727, -88.3992996216, -27.6928157806, 12.4591741562, 19.5524864197, 121.602134705, 28.9898319244, 0.0711205676198, -8.5440454483, -8.95410728455, -15.1113328934, 1.65779876709], [-141.314178467, -97.020652771, -63.1378250122, -50.6887550354, -11.2914514542, 65.3827209473, 28.9898319244, 80.521987915, 58.9884147644, 21.3674526215, 2.310120821, 19.5726642609, -1.70868241787], [-135.638458252, -196.700149536, -152.487686157, -76.2621383667, -50.6361045837, 72.9151306152, 0.0711205676198, 58.9884147644, 171.851348877, 69.8933029175, 16.9094676971, 47.626499176, 4.399081707], [-102.702957153, -100.06438446, -58.9249038696, -15.0913887024, -15.2961463928, 30.899766922, -8.5440454483, 21.3674526215, 69.8933029175, 72.4292373657, 22.9165325165, 22.6663856506, -0.303840517998], [-22.1845645905, -21.4314022064, -21.094493866, -17.1602191925, -5.60928440094, 3.12569594383, -8.95410728455, 2.310120821, 16.9094676971, 22.9165325165, 39.3784866333, 22.0419311523, 3.68089461327], [-165.383773804, -139.14604187, -76.9373931885, -15.629201889, -16.1297168732, 73.583984375, -15.1113328934, 19.5726642609, 47.626499176, 22.6663856506, 22.0419311523, 77.015663147, 17.1137924194], [12.2798194885, -14.4406061172, -30.0151023865, -6.34868431091, 5.90817308426, -4.44865846634, 1.65779876709, -1.70868241787, 4.399081707, -0.303840517998, 3.68089461327, 17.1137924194, 34.5932540894]],
        "icov": [[0.0135093899444, -0.0134036680683, 0.00949205178767, -0.00154422980268, -0.00491583812982, 0.0131685761735, -0.0157937239856, 0.0157338380814, -0.0114763323218, 0.00662647094578, 0.000681895879097, -0.00278390944004, 0.00445104576647], [-0.0134036680683, 0.0412896089256, -0.0296695791185, 0.00937743112445, -0.0115921683609, 0.0034068627283, 0.00257642916404, -0.00606981990859, 0.00641036825255, 0.00747492490336, -0.011655094102, 0.0129368202761, -0.00594286434352], [0.00949205178767, -0.0296695791185, 0.0271836798638, -0.00867023970932, 0.0127287423238, -0.00240260921419, 0.00287828268483, 0.0014311671257, 0.000577775121201, -0.00496203592047, 0.007419006899, -0.00483252201229, 0.00517429225147], [-0.00154422980268, 0.00937743112445, -0.00867023970932, 0.0121152652428, -0.00846873875707, 0.00547471363097, -0.0025444442872, 0.0044913366437, 0.00211201026104, -0.00170475663617, 0.00439716968685, -0.00391623098403, 0.00284350244328], [-0.00491583812982, -0.0115921683609, 0.0127287423238, -0.00846873875707, 0.0268570054322, -0.0171214193106, 0.0159465074539, -0.0142676988617, 0.013625391759, -0.0103522809222, 0.00249885232188, 0.00339171709493, -0.00562911015004], [0.0131685761735, 0.0034068627283, -0.00240260921419, 0.00547471363097, -0.0171214193106, 0.0333148352802, -0.0242693759501, 0.0170166604221, -0.0130247157067, 0.0119704483077, 0.00186914799269, -0.00987942609936, 0.0113297449425], [-0.0157937239856, 0.00257642916404, 0.00287828268483, -0.0025444442872, 0.0159465074539, -0.0242693759501, 0.038351662457, -0.0289219487458, 0.0200557541102, -0.0126773817465, 0.00339701818302, 0.00631193583831, -0.00654449360445], [0.0157338380814, -0.00606981990859, 0.0014311671257, 0.0044913366437, -0.0142676988617, 0.0170166604221, -0.0289219487458, 0.0452649481595, -0.0224714651704, 0.0115855317563, -0.00094964861637, -0.00187911652029, 0.00618403870612], [-0.0114763323218, 0.00641036825255, 0.000577775121201, 0.00211201026104, 0.013625391759, -0.0130247157067, 0.0200557541102, -0.0224714651704, 0.0310827381909, -0.0207800921053, 0.00702308909968, -0.00167574000079, -0.00248787389137], [0.00662647094578, 0.00747492490336, -0.00496203592047, -0.00170475663617, -0.0103522809222, 0.0119704483077, -0.0126773817465, 0.0115855317563, -0.0207800921053, 0.0407815761864, -0.0223214048892, 0.0104432608932, 0.000846495036967], [0.000681895879097, -0.011655094102, 0.007419006899, 0.00439716968685, 0.00249885232188, 0.00186914799269, 0.00339701818302, -0.00094964861637, 0.00702308909968, -0.0223214048892, 0.0498366653919, -0.0254446249455, 0.00793648604304], [-0.00278390944004, 0.0129368202761, -0.00483252201229, -0.00391623098403, 0.00339171709493, -0.00987942609936, 0.00631193583831, -0.00187911652029, -0.00167574000079, 0.0104432608932, -0.0254446249455, 0.0464784801006, -0.0207495130599], [0.00445104576647, -0.00594286434352, 0.00517429225147, 0.00284350244328, -0.00562911015004, 0.0113297449425, -0.00654449360445, 0.00618403870612, -0.00248787389137, 0.000846495036967, 0.00793648604304, -0.0207495130599, 0.0426398105919]]
    },
    "melbands": {
        "max": [0.000142090546433, 0.000755083980039, 0.00598059827462, 0.00534691149369, 0.00769759295508, 0.00970981735736, 0.00823435094208, 0.0121288076043, 0.0108062662184, 0.0176220294088, 0.00742736179382, 0.00961941108108, 0.00281728920527, 0.0022893040441, 0.001432605437, 0.00155094952788, 0.000764962052926, 0.00265367678367, 0.00125660526101, 0.00123843387701, 0.000578923092689, 0.000251548277447, 0.000354067684384, 0.000100380188087, 9.67779196799e-05, 8.97100326256e-05, 0.000103693848359, 3.45157641277e-05, 1.63766071637e-05, 9.0537196229e-06, 2.74696481029e-06, 3.08656126435e-06, 1.88944341062e-06, 4.95766812492e-07, 7.14884095032e-07, 3.9610486624e-07, 1.7678607378e-07, 4.51261534806e-08, 3.13598143009e-08, 3.28501990055e-08],
        "mean": [1.12459620141e-05, 6.07467554801e-05, 0.000253024540143, 0.000400091841584, 0.000356534001185, 0.000271419499768, 0.000251080171438, 0.000406102859415, 0.000382390135201, 0.000415133778006, 0.000293239689199, 0.000268557399977, 0.000134172267281, 0.000103133861558, 0.000130841886858, 0.000122655532323, 7.99985864433e-05, 0.000125429563923, 7.61430055718e-05, 4.60721057607e-05, 2.50334087468e-05, 1.80412243935e-05, 2.16945245484e-05, 8.6743502834e-06, 5.30664465259e-06, 5.3754788496e-06, 3.66419203601e-06, 2.21655227506e-06, 1.06252389287e-06, 5.44247086509e-07, 2.75613786016e-07, 1.88580699501e-07, 1.12663542495e-07, 4.82211532926e-08, 3.93382961761e-08, 3.01911455836e-08, 2.02499279567e-08, 1.2265121363e-08, 1.23235475158e-08, 9.12605724324e-09],
        "min": [1.23959978282e-07, 3.23737424424e-07, 1.94456760028e-07, 3.83456864483e-07, 8.35601724702e-07, 1.09123050152e-06, 1.79196138106e-06, 1.70086605067e-06, 1.00548811588e-06, 5.74802527353e-07, 1.7088784432e-07, 2.46690933636e-06, 2.25819258048e-06, 1.88413184787e-06, 2.49029926636e-06, 3.39212715517e-06, 1.29082491185e-06, 7.68984136812e-07, 1.49548202444e-06, 5.12170515776e-07, 3.12034615035e-07, 2.08569815641e-07, 2.77335374221e-07, 7.79557964847e-08, 6.88488981382e-08, 4.60280134007e-08, 4.21788257654e-08, 2.93480955094e-08, 2.64851891529e-08, 1.45070320201e-08, 7.38489580598e-09, 8.72774741367e-09, 5.82286618922e-09, 5.14979081601e-09, 6.18812467934e-09, 4.10785583327e-09, 4.54206849909e-09, 4.18245438283e-09, 4.13509448904e-09, 1.8957015957e-09],
        "stdev": [1.17788804346e-05, 8.07909818832e-05, 0.000435979745816, 0.000621064333245, 0.000658308737911, 0.000669474422466, 0.000609572860412, 0.00115776469465, 0.000932490685955, 0.00102471513674, 0.000698150892276, 0.000635456934106, 0.00019143994723, 0.00015865903697, 0.000168451515492, 0.000153347762534, 9.88984975265e-05, 0.000221018111915, 0.000104023427411, 5.91377320234e-05, 3.77261167159e-05, 2.02076353162e-05, 3.67379652744e-05, 1.15674101835e-05, 7.67126675782e-06, 8.43446468934e-06, 5.32155945621e-06, 3.05825597025e-06, 1.40717850172e-06, 7.4446245435e-07, 2.76578418834e-07, 2.07185934187e-07, 1.34897689463e-07, 4.74349519664e-08, 4.50959447562e-08, 3.8331723573e-08, 1.57077888474e-08, 4.00705513215e-09, 3.42686856669e-09, 2.31690866492e-09]
    },
    "melbands128": {
        "max": [0.000274346064543, 0.000201720540645, 0.000159971226822, 0.000252471858403, 0.000911650597118, 0.00124515104108, 0.00476173916832, 0.0103258760646, 0.0100478287786, 0.00776234408841, 0.0111363017932, 0.0131243513897, 0.0119396680966, 0.0241070073098, 0.0173253230751, 0.0134954880923, 0.0114478077739, 0.0110108181834, 0.0167574435472, 0.0236527137458, 0.0275831427425, 0.0164589509368, 0.019345106557, 0.0189001224935, 0.0227685179561, 0.0258205458522, 0.0169413220137, 0.0123952524737, 0.0181075055152, 0.0198347531259, 0.00821378454566, 0.00420565716922, 0.00576757732779, 0.0021760663949, 0.00372477527708, 0.00361966830678, 0.00485422508791, 0.00286218826659, 0.00363451428711, 0.00365327298641, 0.0014313274296, 0.00194664322771, 0.00134554330725, 0.00165873160586, 0.00592810753733, 0.00418382603675, 0.00433011027053, 0.00164134136867, 0.000487123441417, 0.00139446475077, 0.00206324597821, 0.000626877881587, 0.0014266531216, 0.000436220609117, 0.00019001167675, 0.000470405910164, 0.000325992761645, 0.000724195095245, 0.000480795279145, 0.000334752752678, 0.000187396522961, 0.00010888408724, 0.000254802173004, 8.85016634129e-05, 0.00029483626713, 0.000133493158501, 0.000130732063553, 0.000155330242706, 0.00013279596169, 6.2501989305e-05, 4.19854914071e-05, 5.41800363862e-05, 2.19130597543e-05, 2.69955235126e-05, 2.49557469942e-05, 1.10400524136e-05, 6.02058480581e-06, 5.49250034965e-06, 4.95535550726e-06, 3.65682330994e-06, 4.41660631623e-06, 3.74109981749e-06, 2.62310231847e-06, 2.81426969195e-06, 1.27916098336e-06, 7.31926093067e-07, 4.47391443004e-07, 4.08602801372e-07, 1.0824948049e-06, 5.55091276055e-07, 6.85462168803e-07, 4.31987700722e-07, 2.68487497124e-07, 2.86817055439e-07, 1.90517724263e-07, 5.06789596955e-08, 3.89558891811e-08, 3.43620847332e-08, 4.37517684304e-08, 4.85338134126e-08, 2.8198039459e-08, 3.06025107477e-08, 3.86850267375e-08, 4.39407692454e-08, 3.71504604857e-08, 2.41247164467e-08, 2.70941828973e-08, 1.05513846549e-08, 5.10522424335e-09, 4.80198014685e-09, 4.6136854337e-09, 4.47645209789e-09, 4.30787538974e-09, 4.14784118163e-09, 4.01652577864e-09, 3.88219500991e-09, 3.74024011762e-09, 3.62644159146e-09, 3.57439744469e-09, 3.46002315688e-09, 3.35256244988e-09, 3.28134941441e-09, 3.24277160679e-09, 3.16626547203e-09, 3.09376946284e-09, 3.09308911817e-09, 3.06452863086e-09, 3.03301028737e-09],
        "mean": [5.24175720784e-06, 8.71808788361e-06, 1.10654855234e-05, 2.09231293411e-05, 4.94681553391e-05, 7.97854518169e-05, 0.00018221999926, 0.00031771796057, 0.000330427574227, 0.000466109981062, 0.000394004833652, 0.000334843265591, 0.000341005099472, 0.000387554988265, 0.00031938040047, 0.000175512395799, 0.0001663537696, 0.000268113682978, 0.000325216795318, 0.000476398185128, 0.00038504821714, 0.000379345176043, 0.000375380011974, 0.000373889575712, 0.000491351645906, 0.000395255978219, 0.00034379272256, 0.000235002677073, 0.000296262820484, 0.000364000181435, 0.000231347425142, 0.00012698363571, 0.000172998668859, 8.63299283083e-05, 0.000103058351669, 0.000110202636279, 0.000104388411273, 7.94325314928e-05, 0.000201328410185, 0.000183875570656, 6.48195491522e-05, 0.000105024533696, 7.21598844393e-05, 5.42215384485e-05, 0.00013700130512, 0.000118440380902, 0.000162632437423, 5.88017719565e-05, 4.48102655355e-05, 7.65923541621e-05, 3.78523509426e-05, 2.86958784272e-05, 3.54861331289e-05, 1.66231293406e-05, 1.72394320543e-05, 1.82910225703e-05, 1.48812596308e-05, 3.41589111486e-05, 1.86700890481e-05, 8.80062179931e-06, 9.36736159929e-06, 8.24472772365e-06, 3.4294876059e-06, 4.05420632887e-06, 9.33298269956e-06, 3.25221117237e-06, 5.86386340728e-06, 4.1953148866e-06, 2.87225293505e-06, 2.9691727832e-06, 2.90742673315e-06, 1.42783119372e-06, 1.01377418105e-06, 1.17314630188e-06, 8.57194493165e-07, 6.38669177988e-07, 3.49254918319e-07, 2.90006198611e-07, 2.4326499215e-07, 3.07491575313e-07, 2.1111480919e-07, 1.28365982732e-07, 1.40484829103e-07, 1.2641034175e-07, 7.96378216705e-08, 5.04045090111e-08, 4.28249400386e-08, 2.94315558591e-08, 3.91802998934e-08, 4.84845905646e-08, 3.38182957194e-08, 2.59327865848e-08, 2.09425579101e-08, 1.99362801823e-08, 2.26411192017e-08, 1.13696758675e-08, 1.0754169999e-08, 1.08606226235e-08, 1.26437385006e-08, 1.43532608021e-08, 8.597653256e-09, 8.19441936528e-09, 8.93645957234e-09, 1.59174629033e-08, 1.17150120715e-08, 9.95901228151e-09, 1.06698507807e-08, 1.49206180744e-09, 1.27643673409e-10, 1.12376349545e-11, 9.09923525416e-12, 8.91160409355e-12, 8.6758725204e-12, 8.41775781024e-12, 8.20367211662e-12, 7.95230895023e-12, 7.2805884585e-12, 6.55504817093e-12, 6.42886525265e-12, 6.33614471654e-12, 6.22167031436e-12, 6.13438119745e-12, 6.00854045338e-12, 5.86289046825e-12, 5.83857354824e-12, 5.84626140901e-12, 5.81555897189e-12, 5.74002304021e-12],
        "min": [2.54702547942e-09, 7.27211801888e-09, 7.96161359062e-08, 5.1285574898e-08, 7.41887831168e-08, 8.70556675636e-08, 9.81342296313e-08, 7.94418895111e-08, 1.06645387632e-07, 1.05780436854e-07, 9.53133891812e-08, 1.16673305683e-07, 2.04056647135e-07, 4.76815614547e-07, 3.20809220966e-07, 1.58047498644e-07, 7.38347296192e-07, 6.44617557555e-07, 1.53013274939e-06, 8.31669638046e-07, 8.10023379927e-07, 3.85059877317e-07, 8.71685017501e-07, 9.70718360804e-07, 8.09408959412e-07, 3.59317652965e-07, 1.16401523087e-07, 7.61991003628e-08, 1.28301024915e-07, 1.16874969081e-06, 9.46791146816e-07, 5.58245574211e-07, 7.14489317488e-07, 3.33667230734e-07, 4.03984813602e-07, 6.4713140091e-07, 8.44409555611e-07, 6.50067249808e-07, 1.45428680298e-06, 8.18330079255e-07, 9.5449672699e-07, 2.89430971634e-07, 6.37845175788e-07, 2.81570635252e-07, 1.97452095563e-07, 8.30095814308e-07, 5.55369922495e-07, 3.76711426497e-07, 2.92206323138e-07, 3.55088275228e-07, 2.47552037536e-07, 2.46007942906e-07, 1.53325800056e-07, 2.90022299509e-08, 1.38351595069e-07, 8.62635971544e-08, 5.16991569555e-08, 2.14950830468e-07, 2.08419393743e-07, 5.04055996942e-08, 6.31528394024e-08, 3.84436695811e-08, 3.0393454864e-08, 6.06891887855e-08, 3.34787415568e-08, 5.19268503751e-08, 4.13958360923e-08, 4.95276495371e-08, 4.13074019434e-08, 2.85311347881e-08, 1.76114163253e-08, 2.52466403339e-08, 2.54428922375e-08, 1.07486801681e-08, 1.10072368997e-08, 1.38312774567e-08, 7.39982519704e-09, 6.98924118581e-09, 6.48705489326e-09, 5.09785413882e-09, 4.38173142214e-09, 5.38534061789e-09, 5.93369176016e-09, 4.91739315933e-09, 3.14919312849e-09, 3.55992879619e-09, 2.7531894542e-09, 3.37786976168e-09, 3.59785334858e-09, 5.07100095248e-09, 1.20012966232e-09, 1.89021265307e-09, 2.90806045911e-09, 2.86012724615e-09, 3.44348216608e-09, 1.64737490316e-09, 1.4557404171e-09, 1.86745241493e-09, 3.19253468106e-09, 2.28475505182e-09, 2.15514828206e-09, 1.2292848961e-09, 1.33566591121e-09, 2.20800866479e-09, 2.06373185208e-09, 1.4393527481e-09, 1.34486632941e-09, 5.16830024958e-12, 5.49044154325e-13, 4.08939700679e-13, 4.35514959599e-13, 3.5276878532e-13, 4.28113545049e-13, 3.95492937445e-13, 4.79074570812e-13, 4.34970961159e-13, 3.15562761468e-13, 4.19095368218e-13, 3.67507267023e-13, 4.98978733766e-13, 5.16608186351e-13, 5.228759049e-13, 3.83730428075e-13, 3.75780353015e-13, 4.66479068914e-13, 4.86545970613e-13, 4.80244750217e-13, 3.85549827741e-13],
        "stdev": [1.30157059175e-05, 1.15544298751e-05, 1.29738564283e-05, 2.81441225525e-05, 8.06042662589e-05, 0.000132030618261, 0.000338976125931, 0.000634665368125, 0.000779301160946, 0.000818805478048, 0.000777002365794, 0.000780498725362, 0.000852319819387, 0.00108476623427, 0.000984888989478, 0.000692325353157, 0.000534346560016, 0.000847592484206, 0.00103078281973, 0.00175129296258, 0.00153229862917, 0.00120564061217, 0.00126348342746, 0.0011957117822, 0.00146471976768, 0.00137492758222, 0.00118512369227, 0.000783600728028, 0.000944171508309, 0.00114789349027, 0.000585729198065, 0.000240784604102, 0.000323989283061, 0.000159626390086, 0.000211173988646, 0.00022424114286, 0.000226871983614, 0.00015822640853, 0.000340439146385, 0.000341594044585, 0.000111377456051, 0.000199092959519, 0.000119904245366, 9.42263577599e-05, 0.000337426987244, 0.000283596105874, 0.000368441222236, 9.13922631298e-05, 5.63487519685e-05, 0.000114986032713, 7.5229916547e-05, 4.93972220283e-05, 7.69642792875e-05, 2.49925851676e-05, 2.4443723305e-05, 3.00875835819e-05, 2.28487388085e-05, 7.04128542566e-05, 3.99972450396e-05, 2.13638904825e-05, 1.60652853083e-05, 1.29099626065e-05, 8.91580111784e-06, 6.7864493758e-06, 2.14944848267e-05, 6.76034187563e-06, 1.19089690997e-05, 7.28822988094e-06, 6.19798038315e-06, 4.83517351313e-06, 4.53490019936e-06, 2.87019406642e-06, 1.71809995209e-06, 2.02078945222e-06, 1.47721914345e-06, 9.75824832494e-07, 5.71757539092e-07, 4.69236795198e-07, 2.99180356933e-07, 3.38400099054e-07, 2.71758324288e-07, 1.95728290464e-07, 1.87777089877e-07, 1.69553018736e-07, 1.06446918835e-07, 6.11154362673e-08, 4.29014619385e-08, 3.04982705757e-08, 5.7140951526e-08, 5.79355869945e-08, 5.41034950174e-08, 3.5401665599e-08, 2.40781758976e-08, 2.13135766813e-08, 1.24151720016e-08, 5.79523540267e-09, 4.90453500035e-09, 4.80264450431e-09, 4.98143748473e-09, 6.02068661593e-09, 3.47114559318e-09, 3.41620132183e-09, 3.78725673045e-09, 5.15239984011e-09, 3.99286914643e-09, 3.48239770354e-09, 3.97553590048e-09, 1.41266720544e-09, 2.72415617841e-10, 1.30145061394e-10, 1.2333659094e-10, 1.2007032868e-10, 1.15423955116e-10, 1.11409430292e-10, 1.07791886528e-10, 1.04049685534e-10, 9.77420436254e-11, 9.355752284e-11, 9.22110582335e-11, 8.92595233837e-11, 8.64872548578e-11, 8.46490724737e-11, 8.36527166981e-11, 8.16814255122e-11, 7.98102139932e-11, 7.97901328342e-11, 7.9053194546e-11, 7.82407333366e-11]
    },
    "mfcc": {
        "mean": [-678.670715332, 163.491760254, -69.1554946899, -2.15601015091, -10.7797956467, -7.17791891098, -7.3320684433, -9.11243057251, -4.18035554886, -1.21140301228, -5.46677494049, -6.42219877243, -6.23240375519],
        "cov": [[1140.50708008, 360.424530029, -179.752044678, 306.082214355, -146.042541504, -64.9862747192, 83.5165939331, -83.8343963623, -35.8868026733, 7.56830453873, -30.6501312256, -93.2492752075, -105.456222534], [360.424530029, 546.931396484, 244.070968628, 236.45022583, 11.5727491379, -123.664657593, 115.749763489, -107.020744324, -78.8565368652, -51.7364501953, -54.3289642334, -87.0333404541, -105.897491455], [-179.752044678, 244.070968628, 402.385223389, 144.199737549, 48.1922454834, -53.9809265137, 14.9082670212, -65.1321334839, -63.9260635376, -60.8132247925, -45.5041351318, -31.343952179, -25.8412742615], [306.082214355, 236.45022583, 144.199737549, 342.307861328, 34.4095878601, -40.3279724121, 79.6187515259, -99.4413986206, -63.3587265015, -56.4795379639, -40.7919082642, -74.5305709839, -77.4052276611], [-146.042541504, 11.5727491379, 48.1922454834, 34.4095878601, 119.233459473, 14.7328701019, -1.85991346836, -16.1342277527, -25.4752025604, -24.22149086, -12.1217937469, -7.64114332199, -5.2479968071], [-64.9862747192, -123.664657593, -53.9809265137, -40.3279724121, 14.7328701019, 89.8381347656, 5.69346475601, 28.0045223236, 13.2236948013, -2.88181090355, 9.95604515076, 14.7591934204, 12.1217441559], [83.5165939331, 115.749763489, 14.9082670212, 79.6187515259, -1.85991346836, 5.69346475601, 148.365966797, 8.89199066162, -16.3938579559, -25.0579929352, -10.1454124451, -36.6832504272, -67.8588409424], [-83.8343963623, -107.020744324, -65.1321334839, -99.4413986206, -16.1342277527, 28.0045223236, 8.89199066162, 95.1316146851, 37.6872901917, 10.2194576263, 15.8034105301, 15.4875869751, 5.86593532562], [-35.8868026733, -78.8565368652, -63.9260635376, -63.3587265015, -25.4752025604, 13.2236948013, -16.3938579559, 37.6872901917, 71.2690734863, 35.3987731934, 19.2179737091, 18.7160396576, 16.8253383636], [7.56830453873, -51.7364501953, -60.8132247925, -56.4795379639, -24.22149086, -2.88181090355, -25.0579929352, 10.2194576263, 35.3987731934, 68.3932418823, 24.6885147095, 12.357049942, 21.386516571], [-30.6501312256, -54.3289642334, -45.5041351318, -40.7919082642, -12.1217937469, 9.95604515076, -10.1454124451, 15.8034105301, 19.2179737091, 24.6885147095, 53.6883544922, 27.6389446259, 8.24827861786], [-93.2492752075, -87.0333404541, -31.343952179, -74.5305709839, -7.64114332199, 14.7591934204, -36.6832504272, 15.4875869751, 18.7160396576, 12.357049942, 27.6389446259, 70.2838134766, 47.7167358398], [-105.456222534, -105.897491455, -25.8412742615, -77.4052276611, -5.2479968071, 12.1217441559, -67.8588409424, 5.86593532562, 16.8253383636, 21.386516571, 8.24827861786, 47.7167358398, 91.2138061523]],
        "icov": [[0.0102067682892, -0.0122941527516, 0.0126606691629, -0.0121796317399, 0.013134312816, -0.00942523032427, 0.010528751649, -0.00732623878866, 0.00624690903351, -0.0051762140356, 0.00481198402122, -0.00243007182144, 0.00198797229677], [-0.0122941527516, 0.0211182851344, -0.017170144245, 0.0147285014391, -0.0156095661223, 0.0172953400761, -0.0165100805461, 0.012767705135, -0.00729294493794, 0.00634426996112, -0.00489314692095, 0.00384006742388, -7.04500125721e-05], [0.0126606691629, -0.017170144245, 0.0198912005872, -0.0158400330693, 0.0154236769304, -0.0117626590654, 0.0144068636, -0.00982963852584, 0.00846548750997, -0.00471258861944, 0.00676104193553, -0.00370841287076, 0.00156929984223], [-0.0121796317399, 0.0147285014391, -0.0158400330693, 0.0214905589819, -0.0160456374288, 0.0118240332231, -0.0149084720761, 0.0151504082605, -0.00855121482164, 0.00924588367343, -0.00659921718761, 0.00651420140639, -0.00119383679703], [0.013134312816, -0.0156095661223, 0.0154236769304, -0.0160456374288, 0.0269854553044, -0.0148516213521, 0.014689992182, -0.00895836669952, 0.0103099830449, -0.00530780851841, 0.00658115651459, -0.00283691077493, 0.00307854660787], [-0.00942523032427, 0.0172953400761, -0.0117626590654, 0.0118240332231, -0.0148516213521, 0.0289270486683, -0.0152612980455, 0.0083617195487, -0.00719053344801, 0.00841630157083, -0.00532088195905, 0.00283340457827, -0.00235394155607], [0.010528751649, -0.0165100805461, 0.0144068636, -0.0149084720761, 0.014689992182, -0.0152612980455, 0.0249170791358, -0.0137725844979, 0.00812239851803, -0.00536401057616, 0.00536721805111, -0.0037616819609, 0.00797296408564], [-0.00732623878866, 0.012767705135, -0.00982963852584, 0.0151504082605, -0.00895836669952, 0.0083617195487, -0.0137725844979, 0.0289537403733, -0.0128905717283, 0.0094107510522, -0.00500455405563, 0.00460633588955, 0.000904261425603], [0.00624690903351, -0.00729294493794, 0.00846548750997, -0.00855121482164, 0.0103099830449, -0.00719053344801, 0.00812239851803, -0.0128905717283, 0.0294111352414, -0.0139713920653, 0.00386624294333, -0.0048033981584, 0.0023312389385], [-0.0051762140356, 0.00634426996112, -0.00471258861944, 0.00924588367343, -0.00530780851841, 0.00841630157083, -0.00536401057616, 0.0094107510522, -0.0139713920653, 0.0308027174324, -0.0129878260195, 0.00925953965634, -0.00644192565233], [0.00481198402122, -0.00489314692095, 0.00676104193553, -0.00659921718761, 0.00658115651459, -0.00532088195905, 0.00536721805111, -0.00500455405563, 0.00386624294333, -0.0129878260195, 0.0336178019643, -0.0162698626518, 0.00940161105245], [-0.00243007182144, 0.00384006742388, -0.00370841287076, 0.00651420140639, -0.00283691077493, 0.00283340457827, -0.0037616819609, 0.00460633588955, -0.0048033981584, 0.00925953965634, -0.0162698626518, 0.0331283956766, -0.014652589336], [0.00198797229677, -7.04500125721e-05, 0.00156929984223, -0.00119383679703, 0.00307854660787, -0.00235394155607, 0.00797296408564, 0.000904261425603, 0.0023312389385, -0.00644192565233, 0.00940161105245, -0.014652589336, 0.0268700774759]]
    },
    "spectral_contrast_coeffs": {
        "max": [-0.402133584023, -0.419641494751, -0.515781104565, -0.567269384861, -0.654945731163, -0.663394212723],
        "mean": [-0.667909860611, -0.770438313484, -0.768376767635, -0.779680371284, -0.771530330181, -0.763778984547],
        "min": [-0.853637158871, -0.922121763229, -0.906796276569, -0.892690598965, -0.888973295689, -0.872602581978],
        "stdev": [0.0870701149106, 0.0800938382745, 0.0707559511065, 0.0571500398219, 0.0336488522589, 0.033195309341]
    },
    "spectral_contrast_valleys": {
        "max": [-6.21715021133, -4.70135354996, -5.25795555115, -5.58593511581, -6.70869207382, -10.8117723465],
        "mean": [-7.82145214081, -6.41873264313, -6.72867298126, -6.94092607498, -7.86461925507, -11.6296129227],
        "min": [-9.66905879974, -8.01261425018, -8.403632164, -8.34994983673, -9.10304546356, -12.1372413635],
        "stdev": [0.70950460434, 0.47503554821, 0.471609026194, 0.4933360219, 0.424364089966, 0.163202807307]
    }
},
"rhythm": {
    "beats_count": 72,
    "beats_loudness": {
        "max": 0.108737200499,
        "mean": 0.0234691109508,
        "min": 0.00217982660979,
        "stdev": 0.0196206383407
    },
    "bpm": 134.608444214,
    "bpm_histogram_first_peak_bpm": 136,
    "bpm_histogram_first_peak_weight": 0.444444477558,
    "bpm_histogram_second_peak_bpm": 117,
    "bpm_histogram_second_peak_spread": 0.124999940395,
    "bpm_histogram_second_peak_weight": 0.0985915511847,
    "danceability": 1.07793033123,
    "onset_rate": 2.00642156601,
    "beats_loudness_band_ratio": {
        "max": [0.307441622019, 0.551851928234, 0.836711287498, 0.680829524994, 0.532343327999, 0.0417779646814],
        "mean": [0.057618483901, 0.151592001319, 0.296184241772, 0.314365148544, 0.199416384101, 0.015498583205],
        "min": [0.00213620136492, 0.0072770183906, 0.0798715278506, 0.0436621010303, 0.00875325221568, 0.000987104373053],
        "stdev": [0.060631621629, 0.141016289592, 0.17670224607, 0.137412384152, 0.122495189309, 0.00915245432407]
    },
    "beats_position": [0.429569154978, 0.859138309956, 1.30031740665, 1.74149656296, 2.18267560005, 2.62385487556, 3.06503391266, 3.51782298088, 3.97061228752, 4.41179132462, 4.86458063126, 5.31736946106, 5.7701587677, 6.2229475975, 6.67573690414, 7.12852573395, 7.56970500946, 8.01088428497, 8.45206356049, 8.893242836, 9.33442115784, 9.77560043335, 10.2167797089, 10.6579589844, 11.0991382599, 11.5403175354, 11.9931058884, 12.4342851639, 12.8754644394, 13.3166437149, 13.7578229904, 14.2106122971, 14.66340065, 15.1161899567, 15.5573692322, 15.9985485077, 16.4513378143, 16.904127121, 17.3453063965, 17.7980957031, 18.2508831024, 18.7036724091, 19.1564617157, 19.6324710846, 20.1084804535, 20.5844898224, 21.0256690979, 21.4784584045, 21.9196376801, 22.4536952972, 22.9877548218, 23.5218143463, 24.0674819946, 24.6131515503, 25.1820411682, 25.6928787231, 26.2037181854, 26.7145576477, 27.2370071411, 27.747844696, 28.2586841583, 28.7695236206, 29.2803630829, 29.8144207001, 30.3484802246, 30.8825397491, 31.4630374908, 32.0319252014, 32.6008148193, 33.1697044373, 33.7385940552, 34.3074836731],
