{
"metadata": {
    "version": {
        "essentia": "2.1-beta5",
        "essentia_git_sha": "Undefined",
        "extractor": "music 2.0"
    },
    "audio_properties": {
        "analysis": {
            "equal_loudness": 0,
            "length": 33.5412025452,
            "sample_rate": 44100,
            "start_time": 142.744674683,
            "downmix": "mix"
        },
        "bit_rate": 192000,
        "length": 176.309112549,
        "lossless": 0,
        "number_channels": 2,
        "replay_gain": -1.83344078064,
        "sample_rate": 44100,
        "codec": "mp3",
        "md5_encoded": "349d555d964a407ae004beb47ab413b6"
    },
    "tags": {
        "file_name": "Denmark_Krøller Eller Ej_Debbie Cameron and Tommy Seebach.mp3",
        "encoding": ["Lavf58.29.100"]
    }
},
"lowlevel": {
    "average_loudness": 0.918538033962,
    "barkbands_crest": {
        "max": 23.2271747589,
        "mean": 8.41137695312,
        "min": 2.9321937561,
        "stdev": 3.3108112812
    },
    "barkbands_flatness_db": {
        "max": 0.335343033075,
        "mean": 0.161335319281,
        "min": 0.0335144847631,
        "stdev": 0.0400112941861
    },
    "barkbands_kurtosis": {
        "max": 12.155798912,
        "mean": 0.437386780977,
        "min": -1.74626028538,
        "stdev": 1.46831977367
    },
    "barkbands_skewness": {
        "max": 3.14330148697,
        "mean": 0.170517966151,
        "min": -2.16017746925,
        "stdev": 0.712330877781
    },
    "barkbands_spread": {
        "max": 78.0118637085,
        "mean": 12.7573804855,
        "min": 2.47504734993,
        "stdev": 5.61884450912
    },
    "dissonance": {
        "max": 0.5,
        "mean": 0.462445914745,
        "min": 0.253064066172,
        "stdev": 0.0287076551467
    },
    "dynamic_complexity": 2.10374236107,
    "erbbands_crest": {
        "max": 28.2302818298,
        "mean": 9.92674541473,
        "min": 2.94034695625,
        "stdev": 3.76778817177
    },
    "erbbands_flatness_db": {
        "max": 0.400809675455,
        "mean": 0.256777733564,
        "min": 0.0623408667743,
        "stdev": 0.0516934208572
    },
    "erbbands_kurtosis": {
        "max": 10.4481840134,
        "mean": 0.584093689919,
        "min": -1.78600990772,
        "stdev": 1.4347397089
    },
    "erbbands_skewness": {
        "max": 2.24037837982,
        "mean": -0.0839345231652,
        "min": -1.76029741764,
        "stdev": 0.55039358139
    },
    "erbbands_spread": {
        "max": 79.7265701294,
        "mean": 16.5791282654,
        "min": 3.63415074348,
        "stdev": 8.64235877991
    },
    "hfc": {
        "max": 91.8113708496,
        "mean": 28.4101238251,
        "min": 1.14857045608e-16,
        "stdev": 17.0573425293
    },
    "loudness_ebu128": {
        "integrated": -21.3622760773,
        "loudness_range": 3.95899200439,
        "momentary": {
            "max": -18.051027298,
            "mean": -21.8646526337,
            "min": -32.7473297119,
            "stdev": 2.20780587196
        },
        "short_term": {
            "max": -18.4346466064,
            "mean": -21.6165275574,
            "min": -23.0348415375,
            "stdev": 1.10563755035
        }
    },
    "melbands_crest": {
        "max": 28.1276836395,
        "mean": 9.75586891174,
        "min": 1.77430951595,
        "stdev": 4.33476734161
    },
    "melbands_flatness_db": {
        "max": 0.415590584278,
        "mean": 0.218335583806,
        "min": 0.00433164369315,
        "stdev": 0.043261449784
    },
    "melbands_kurtosis": {
        "max": 18.835357666,
        "mean": 0.864227354527,
        "min": -1.60364842415,
        "stdev": 2.30664539337
    },
    "melbands_skewness": {
        "max": 3.67635703087,
        "mean": 0.56377530098,
        "min": -1.08820450306,
        "stdev": 0.818960130215
    },
    "melbands_spread": {
        "max": 146.833465576,
        "mean": 23.6196136475,
        "min": 3.07897615433,
        "stdev": 12.8468723297
    },
    "pitch_salience": {
        "max": 0.934087634087,
        "mean": 0.626322329044,
        "min": 0.2293381989,
        "stdev": 0.105171740055
    },
    "silence_rate_20dB": {
        "max": 1,
        "mean": 1,
        "min": 1,
        "stdev": 0
    },
    "silence_rate_30dB": {
        "max": 1,
        "mean": 1,
        "min": 1,
        "stdev": 0
    },
    "silence_rate_60dB": {
        "max": 1,
        "mean": 0.0269709546119,
        "min": 0,
        "stdev": 0.161998108029
    },
    "spectral_centroid": {
        "max": 11545.4492188,
        "mean": 1357.11743164,
        "min": 508.884368896,
        "stdev": 846.252502441
    },
    "spectral_complexity": {
        "max": 35,
        "mean": 22.2372055054,
        "min": 0,
        "stdev": 5.41600465775
    },
    "spectral_decrease": {
        "max": 2.26582889433e-28,
        "mean": -6.50322684592e-09,
        "min": -2.55829277762e-08,
        "stdev": 3.54793483481e-09
    },
    "spectral_energy": {
        "max": 0.101682968438,
        "mean": 0.0271215457469,
        "min": 1.02164536235e-20,
        "stdev": 0.0147592425346
    },
    "spectral_energyband_high": {
        "max": 0.000307353679091,
        "mean": 4.95088825119e-05,
        "min": 7.56835283025e-21,
        "stdev": 3.4810283978e-05
    },
    "spectral_energyband_low": {
        "max": 0.00586183555424,
        "mean": 0.000629805319477,
        "min": 3.28701110483e-23,
        "stdev": 0.0007117423811
    },
    "spectral_energyband_middle_high": {
        "max": 0.0935867354274,
        "mean": 0.0160581227392,
        "min": 1.08457625765e-21,
        "stdev": 0.0117192445323
    },
    "spectral_energyband_middle_low": {
        "max": 0.0944673866034,
        "mean": 0.0112042166293,
        "min": 1.862854638e-22,
        "stdev": 0.00966255366802
    },
    "spectral_entropy": {
        "max": 9.82281684875,
        "mean": 7.12808513641,
        "min": 6.01143980026,
        "stdev": 0.2988050282
    },
    "spectral_flux": {
        "max": 0.294359087944,
        "mean": 0.0933625474572,
        "min": 6.55940302074e-11,
        "stdev": 0.0372225828469
    },
    "spectral_kurtosis": {
        "max": 82.9763641357,
        "mean": 15.743478775,
        "min": -1.2355389595,
        "stdev": 12.5900268555
    },
    "spectral_rms": {
        "max": 0.00996006466448,
        "mean": 0.00492023583502,
        "min": 3.1570987144e-12,
        "stdev": 0.00150044297334
    },
    "spectral_rolloff": {
        "max": 19336.8164062,
        "mean": 1770.30993652,
        "min": 409.130859375,
        "stdev": 1578.54626465
    },
    "spectral_skewness": {
        "max": 6.25385761261,
        "mean": 2.44544625282,
        "min": -0.0146590685472,
        "stdev": 0.830023288727
    },
    "spectral_spread": {
        "max": 40834180,
        "mean": 2322775.75,
        "min": 819972.125,
        "stdev": 3195627.5
    },
    "spectral_strongpeak": {
        "max": 10.4868841171,
        "mean": 2.26740837097,
        "min": 0,
        "stdev": 1.70509529114
    },
    "zerocrossingrate": {
        "max": 0.52783203125,
        "mean": 0.0589452721179,
        "min": 0.02099609375,
        "stdev": 0.0404318906367
    },
    "barkbands": {
        "max": [0.000871446507517, 0.00194370024838, 0.00262098666281, 0.00598950264975, 0.0278871133924, 0.0620592273772, 0.0782704949379, 0.0554396249354, 0.0431616529822, 0.0859165862203, 0.0220204833895, 0.0223297737539, 0.0252989716828, 0.0224280059338, 0.0161406174302, 0.0167149286717, 0.00522172497585, 0.00823188759387, 0.00280223879963, 0.000457186164567, 6.80900629959e-05, 0.000110924316687, 0.000118329684483, 3.88735097658e-05, 1.44177965922e-06, 1.55194959461e-06, 2.42273381446e-06],
        "mean": [3.40709048032e-05, 0.000100049459434, 0.000258906569798, 0.000580080086365, 0.00202793232165, 0.00205056113191, 0.00166044081561, 0.00110537523869, 0.00277377152815, 0.00293322117068, 0.00259252870455, 0.00179985794239, 0.00267789373174, 0.00241957255639, 0.00194749655202, 0.000925307511352, 0.00060623860918, 0.000304801797029, 0.000226216710871, 6.35839314782e-05, 3.87682075598e-06, 1.06012812466e-05, 1.38870627779e-05, 2.95475138046e-06, 5.39795621535e-07, 6.85942040946e-07, 1.12586792511e-06],
        "min": [2.42024418988e-24, 4.81673380575e-24, 3.47733584807e-25, 2.21756945446e-24, 1.09974373045e-23, 6.25921093602e-24, 9.24199380956e-24, 2.22514847505e-23, 4.25779532548e-23, 2.2318637324e-23, 3.09680222554e-23, 3.71844733805e-23, 4.02155451911e-23, 6.38065410023e-23, 9.14347407552e-23, 8.88453900308e-23, 6.31870706215e-23, 1.26503325105e-22, 1.36480976674e-22, 1.76645772865e-22, 3.12231222017e-22, 4.50383738151e-22, 4.99826308516e-22, 7.59421323058e-22, 1.01478127788e-21, 1.54312209346e-21, 2.33985201874e-21],
        "stdev": [3.51508970198e-05, 0.000136112532346, 0.000369475601474, 0.000768874655478, 0.00274356896989, 0.00460528582335, 0.00362406484783, 0.00285602430813, 0.00476157944649, 0.00529097346589, 0.00285745807923, 0.0022767088376, 0.00349718169309, 0.00303404335864, 0.00260691298172, 0.00144826329779, 0.000680493016262, 0.000555526465178, 0.000304119079374, 6.86829298502e-05, 5.6460748965e-06, 9.27328528633e-06, 1.13827300083e-05, 2.55853865383e-06, 1.07085689649e-07, 1.2457678622e-07, 3.85564248973e-07]
    },
    "erbbands": {
        "max": [0.017227621749, 0.563701212406, 2.59116387367, 12.2951211929, 56.223197937, 99.1635818481, 197.867172241, 724.492553711, 420.646118164, 1635.38256836, 1244.01330566, 1179.55273438, 1412.6784668, 2085.21240234, 904.692993164, 935.510559082, 1079.34362793, 1191.40014648, 1124.47485352, 972.633056641, 620.500732422, 323.218963623, 535.665771484, 224.666854858, 50.6990661621, 15.539475441, 4.09275150299, 0.400943696499, 3.00936532021, 5.59374952316, 3.75761795044, 1.37468373775, 0.312128335238, 0.023567058146, 0.0106818033382, 0.00589527375996, 0.00311027350836, 0.00401584338397, 0.000122903089505, 0.000118053896585],
        "mean": [0.0017702258192, 0.0295946113765, 0.245025545359, 1.21900248528, 4.19399642944, 7.3750910759, 9.67976284027, 20.1687297821, 20.3618335724, 26.5030384064, 31.1078453064, 61.4731483459, 90.9223861694, 103.482872009, 81.9870223999, 78.6541824341, 115.044509888, 130.474060059, 101.196006775, 89.8818206787, 47.1344451904, 34.408493042, 20.2001552582, 16.3676738739, 5.90743732452, 2.4352543354, 0.508370518684, 0.0869286879897, 0.30630838871, 0.514984369278, 0.376383244991, 0.136780962348, 0.0218974091113, 0.00651709549129, 0.00396272959188, 0.00242020306177, 0.00163458497263, 0.0019849659875, 6.30024733255e-05, 3.37354940712e-05],
        "min": [2.98303674476e-22, 9.58636696722e-22, 5.76176028212e-22, 6.50059796486e-21, 1.11670037007e-20, 3.7126602696e-20, 1.43050947849e-19, 9.14162983736e-20, 2.44791229287e-19, 3.47762135756e-19, 5.50481976812e-19, 7.61019243342e-19, 1.05811641148e-18, 1.47055641972e-18, 1.56331221431e-18, 1.63926590271e-18, 2.02860503119e-18, 2.96834982906e-18, 3.94383792838e-18, 4.73031132863e-18, 3.99704508052e-18, 3.8349032048e-18, 6.52060769329e-18, 6.32701930582e-18, 8.27560867481e-18, 9.78678576306e-18, 9.21257269826e-18, 1.37562360983e-17, 1.22758681792e-17, 1.44806965952e-17, 1.54833321419e-17, 1.44813302156e-17, 1.29579381512e-17, 1.00187669115e-17, 8.33393483416e-18, 5.32262682755e-18, 2.66329306378e-18, 1.19172851768e-18, 3.09887267417e-19, 3.47343414345e-20],
        "stdev": [0.00127576477826, 0.0414584316313, 0.311324357986, 1.50215029716, 5.68875646591, 10.0902547836, 14.6529998779, 53.4382286072, 36.8174133301, 67.7751312256, 60.3339576721, 113.69393158, 143.526519775, 139.926467896, 91.3915557861, 91.8837127686, 146.8853302, 144.706680298, 131.132736206, 105.621170044, 64.7457809448, 37.8978271484, 36.1607933044, 21.3034648895, 6.130651474, 2.29693961143, 0.559696614742, 0.0606460534036, 0.280589222908, 0.4678632617, 0.311115682125, 0.114352688193, 0.0171146728098, 0.00163637346122, 0.000828629708849, 0.000489237136208, 0.000327400164679, 0.000616961100604, 1.76762750925e-05, 1.77947786142e-05]
    },
    "gfcc": {
        "mean": [-36.4908981323, 119.499099731, -172.041549683, -23.8192043304, -41.5814094543, -4.57180786133, -40.174747467, -6.19900417328, -15.6644945145, -16.0595359802, -10.5623102188, 3.07479357719, -21.9143943787],
        "cov": [[13081.6542969, 1472.62573242, -1639.06225586, 182.503173828, -457.476898193, -145.57119751, -349.36138916, -203.29145813, -192.381637573, -341.700714111, -145.337799072, -98.551612854, -308.799682617], [1472.62573242, 350.480041504, 24.56208992, 124.617225647, -81.0759277344, -79.1262435913, -53.8925933838, -35.5129737854, -44.6903076172, -86.5121765137, -41.6409187317, -44.1282424927, -61.4214439392], [-1639.06225586, 24.56208992, 758.776184082, 490.731018066, -76.1901016235, -75.7521896362, 17.5721111298, -61.6956787109, -97.9370346069, -96.3714675903, -56.5249443054, -48.9315109253, -51.1979446411], [182.503173828, 124.617225647, 490.731018066, 813.799194336, -105.172363281, -96.2937698364, -1.02915370464, -161.999511719, -166.470184326, -192.080062866, -87.8803939819, -93.3667297363, -119.358779907], [-457.476898193, -81.0759277344, -76.1901016235, -105.172363281, 159.487060547, 53.1754646301, 10.043009758, 36.9811515808, 34.618938446, 52.9875907898, 15.7672128677, 23.7246131897, 43.1728096008], [-145.57119751, -79.1262435913, -75.7521896362, -96.2937698364, 53.1754646301, 148.068939209, 75.4796600342, 5.74628353119, -9.12831783295, 16.8179664612, 6.72188854218, -6.88963365555, -7.65934610367], [-349.36138916, -53.8925933838, 17.5721111298, -1.02915370464, 10.043009758, 75.4796600342, 117.629577637, 13.3039197922, -27.5580101013, -13.4041004181, -1.91906189919, -34.0964927673, -26.9342079163], [-203.29145813, -35.5129737854, -61.6956787109, -161.999511719, 36.9811515808, 5.74628353119, 13.3039197922, 110.98614502, 73.3238830566, 45.3853874207, 11.614815712, 27.6571826935, 27.4230747223], [-192.381637573, -44.6903076172, -97.9370346069, -166.470184326, 34.618938446, -9.12831783295, -27.5580101013, 73.3238830566, 126.873786926, 67.2853622437, 15.580868721, 29.7191581726, 43.4856033325], [-341.700714111, -86.5121765137, -96.3714675903, -192.080062866, 52.9875907898, 16.8179664612, -13.4041004181, 45.3853874207, 67.2853622437, 115.562316895, 51.1487617493, 40.2618751526, 46.5750045776], [-145.337799072, -41.6409187317, -56.5249443054, -87.8803939819, 15.7672128677, 6.72188854218, -1.91906189919, 11.614815712, 15.580868721, 51.1487617493, 63.087348938, 35.3547821045, 17.3880939484], [-98.551612854, -44.1282424927, -48.9315109253, -93.3667297363, 23.7246131897, -6.88963365555, -34.0964927673, 27.6571826935, 29.7191581726, 40.2618751526, 35.3547821045, 76.6595535278, 52.4361114502], [-308.799682617, -61.4214439392, -51.1979446411, -119.358779907, 43.1728096008, -7.65934610367, -26.9342079163, 27.4230747223, 43.4856033325, 46.5750045776, 17.3880939484, 52.4361114502, 90.1328811646]],
        "icov": [[0.00203067110851, -0.00707011250779, 0.00705641880631, -0.00381867494434, 0.00479659158736, -0.00420705834404, 0.00442996947095, -0.00329679483548, 0.00344257289544, -0.00270108832046, 0.00354889291339, -0.00287906313315, 0.00148753041867], [-0.00707011250779, 0.0295602977276, -0.024266988039, 0.0138713661581, -0.0162182860076, 0.0160318501294, -0.012311430648, 0.0104171009734, -0.010826760903, 0.0124986255541, -0.012512549758, 0.0120379077271, -0.00303568341769], [0.00705641880631, -0.024266988039, 0.0269648395479, -0.0150147499517, 0.0173389054835, -0.0141685744748, 0.0149401277304, -0.0128635494038, 0.0130269406363, -0.0106114223599, 0.0131940552965, -0.00984446424991, 0.00432144664228], [-0.00381867494434, 0.0138713661581, -0.0150147499517, 0.0116052580997, -0.0104282116517, 0.010526638478, -0.00894611515105, 0.010264037177, -0.00664710253477, 0.00860598497093, -0.00551775470376, 0.00428611598909, 0.000633494870272], [0.00479659158736, -0.0162182860076, 0.0173389054835, -0.0104282116517, 0.0212070420384, -0.0143846981227, 0.0124588850886, -0.0114730633795, 0.00932617299259, -0.00958330649883, 0.00847611017525, -0.00462184846401, -0.0012397057144], [-0.00420705834404, 0.0160318501294, -0.0141685744748, 0.010526638478, -0.0143846981227, 0.0246153492481, -0.0194410402328, 0.0130404932424, -0.00726468209177, 0.00484094815329, -0.00221277587116, 0.000208677956834, 0.00291688740253], [0.00442996947095, -0.012311430648, 0.0149401277304, -0.00894611515105, 0.0124588850886, -0.0194410402328, 0.0327135398984, -0.0182779207826, 0.0135988201946, -0.00100062170532, -0.000904315209482, 0.00806011166424, 0.000585663656238], [-0.00329679483548, 0.0104171009734, -0.0128635494038, 0.010264037177, -0.0114730633795, 0.0130404932424, -0.0182779207826, 0.0295302532613, -0.0168503280729, 0.00411710701883, 0.00113534927368, -0.00695261359215, 0.00407413067296], [0.00344257289544, -0.010826760903, 0.0130269406363, -0.00664710253477, 0.00932617299259, -0.00726468209177, 0.0135988201946, -0.0168503280729, 0.0255569610745, -0.0112953130156, 0.00838344078511, -0.000270245509455, -0.000833967991639], [-0.00270108832046, 0.0124986255541, -0.0106114223599, 0.00860598497093, -0.00958330649883, 0.00484094815329, -0.00100062170532, 0.00411710701883, -0.0112953130156, 0.0320871174335, -0.0216996837407, 0.00939686689526, -0.00432945042849], [0.00354889291339, -0.012512549758, 0.0131940552965, -0.00551775470376, 0.00847611017525, -0.00221277587116, -0.000904315209482, 0.00113534927368, 0.00838344078511, -0.0216996837407, 0.043990701437, -0.0250778291374, 0.0122271655127], [-0.00287906313315, 0.0120379077271, -0.00984446424991, 0.00428611598909, -0.00462184846401, 0.000208677956834, 0.00806011166424, -0.00695261359215, -0.000270245509455, 0.00939686689526, -0.0250778291374, 0.0429648198187, -0.0197038799524], [0.00148753041867, -0.00303568341769, 0.00432144664228, 0.000633494870272, -0.0012397057144, 0.00291688740253, 0.000585663656238, 0.00407413067296, -0.000833967991639, -0.00432945042849, 0.0122271655127, -0.0197038799524, 0.0289368871599]]
    },
    "melbands": {
        "max": [0.000348574481905, 0.000973691348918, 0.00247375061736, 0.00505711883307, 0.00715528521687, 0.013970611617, 0.00752716138959, 0.014369151555, 0.00961089599878, 0.0076631908305, 0.00722919823602, 0.0103297131136, 0.0027735743206, 0.00291023124009, 0.00255399011075, 0.00307923112996, 0.00267204106785, 0.00193659320939, 0.00149668252561, 0.00142938562203, 0.000748566817492, 0.000418537470978, 0.000372887123376, 0.00056270865025, 0.000212593135075, 6.58872013446e-05, 2.79764171864e-05, 9.34152376431e-06, 4.05964237871e-06, 6.52619405628e-07, 3.24628985027e-07, 1.23124755191e-06, 3.57476483259e-06, 3.08650260195e-06, 2.24011705541e-06, 1.77947288194e-06, 7.31455827463e-07, 2.70189104867e-07, 4.18124486146e-08, 1.32337056868e-08],
        "mean": [2.35287025134e-05, 0.000105778563011, 0.000291549862595, 0.000430581363617, 0.000342644168995, 0.000435515510617, 0.00032494039624, 0.000274984748103, 0.000276889710221, 0.000403032638133, 0.000456272566225, 0.000416089722421, 0.000304666842567, 0.00019560373039, 0.00022209972667, 0.000280185253359, 0.000240880326601, 0.000162702781381, 0.000162087351782, 8.1939251686e-05, 4.82459981868e-05, 3.8380985643e-05, 2.03518375201e-05, 1.48444732986e-05, 1.40262072819e-05, 4.6255563575e-06, 3.50781192537e-06, 1.11994313556e-06, 3.95799020225e-07, 6.19272171321e-08, 3.45191004669e-08, 1.47635020653e-07, 2.57204163745e-07, 2.87908250129e-07, 2.28838345606e-07, 1.58626647817e-07, 5.42174909413e-08, 1.54738373226e-08, 5.85783199725e-09, 5.04926633837e-09],
        "min": [2.35840913061e-24, 4.5856671775e-25, 3.20876844871e-24, 1.43032531967e-24, 4.82808314759e-24, 2.10921171774e-24, 4.38852866791e-24, 3.36974005237e-24, 5.13351352402e-24, 5.02074191331e-24, 4.49582163963e-24, 5.21722941543e-24, 4.66390304942e-24, 5.70051479382e-24, 4.17217804263e-24, 3.7581570183e-24, 5.01305840809e-24, 6.36717010077e-24, 7.20762487578e-24, 4.99721886998e-24, 3.19307110277e-24, 3.65639396153e-24, 5.07361176561e-24, 5.28386883483e-24, 4.75706436688e-24, 5.19944375746e-24, 6.38422921785e-24, 6.28681278466e-24, 4.80170797766e-24, 6.66511734265e-24, 7.58455918237e-24, 6.01917436763e-24, 6.66284305666e-24, 8.09559826513e-24, 8.26116439192e-24, 7.47388120851e-24, 8.32569479169e-24, 8.19919226807e-24, 9.22406063461e-24, 7.38779597337e-24],
        "stdev": [2.32573365793e-05, 0.000128147905343, 0.000339068385074, 0.000551711302251, 0.000503213377669, 0.00106796703767, 0.000590239593294, 0.000688425148837, 0.000514009152539, 0.000758458103519, 0.000756458204705, 0.000617356097791, 0.000324123160681, 0.000270610151347, 0.00027100276202, 0.000392362650018, 0.000286558584776, 0.000238156324485, 0.000225653740927, 0.000119474163512, 7.21588949091e-05, 4.45877412858e-05, 2.6395671739e-05, 3.17133053613e-05, 2.03721410799e-05, 7.15983742339e-06, 3.95991810365e-06, 1.18739671962e-06, 5.24084157405e-07, 7.25428606074e-08, 3.30795337788e-08, 1.49822625417e-07, 2.40337897139e-07, 2.67640842821e-07, 1.96363060923e-07, 1.48639529129e-07, 4.8270980102e-08, 1.45691014808e-08, 2.30752306152e-09, 1.33719624262e-09]
    },
    "melbands128": {
        "max": [0.000337284349371, 8.41457222123e-05, 0.000352889968781, 0.00117835786659, 0.00130218977574, 0.00139266904444, 0.00243315170519, 0.00330692436546, 0.00759336166084, 0.00622538011521, 0.00584943220019, 0.0122330449522, 0.00856034085155, 0.0182323940098, 0.0224518105388, 0.0296497959644, 0.011523520574, 0.00862722005695, 0.0255567245185, 0.027474489063, 0.0228931121528, 0.0118421502411, 0.0159181654453, 0.00956922117621, 0.0119504937902, 0.0136514054611, 0.012788079679, 0.0128255300224, 0.0194720253348, 0.0210661944002, 0.0131107578054, 0.00577421113849, 0.00314261834137, 0.0049262046814, 0.00407805945724, 0.00408351933584, 0.00305040273815, 0.00352252228186, 0.00474458606914, 0.00368552072905, 0.00574435759336, 0.00338446907699, 0.00331046106294, 0.00428988877684, 0.00458470359445, 0.00398641778156, 0.00353569467552, 0.00265233917162, 0.00376336718909, 0.000917677592952, 0.00222307816148, 0.00247901957482, 0.00178408122156, 0.00124012434389, 0.000986181083135, 0.000827860785648, 0.000945340609178, 0.000585947360378, 0.000753758242354, 0.00124418607447, 0.00103716622107, 0.000298700848361, 0.000522791524418, 0.000248175580055, 0.000195685250219, 0.000157833812409, 6.05560344411e-05, 4.48500286439e-05, 5.2044113545e-05, 2.50052944466e-05, 1.63094882737e-05, 1.16868177429e-05, 1.01433042801e-05, 7.36013407732e-06, 2.59543048742e-06, 1.41546365739e-06, 3.08548351313e-07, 2.2448428183e-07, 3.44408022102e-07, 1.13502937893e-06, 1.6354052832e-06, 3.04109676108e-06, 2.86882072942e-06, 5.55133783564e-06, 4.75562001157e-06, 7.47653348299e-06, 2.90372213385e-06, 2.08912751987e-06, 2.44799275606e-06, 3.64389256902e-06, 4.19029220211e-06, 1.04425271275e-06, 1.10214557481e-06, 7.53229642214e-07, 5.15528256528e-07, 4.21201889367e-07, 2.27434185263e-07, 1.13035781624e-07, 3.68651846827e-08, 1.36770204051e-08, 1.56383439531e-08, 1.49509631342e-08, 1.45615324243e-08, 1.47838834508e-08, 1.3094425988e-08, 1.17161489399e-08, 1.03931361295e-08, 1.26712498272e-08, 1.10472102577e-08, 1.17660023946e-08, 1.22483649889e-08, 1.19196572612e-08, 1.61240532037e-08, 1.28752173367e-08, 1.17309149061e-08, 4.02816837664e-08, 8.27460979735e-08, 3.64739682901e-09, 2.6628890204e-09, 2.37437380868e-09, 2.21039142545e-09, 2.1099131331e-09, 2.03897876361e-09, 1.98931426887e-09, 1.93776217294e-09, 1.91314875053e-09, 1.87525905915e-09, 1.87579241029e-09],
        "mean": [2.27475811698e-05, 1.35658738145e-05, 1.62822470884e-05, 5.56486993446e-05, 9.76312658167e-05, 0.000137740978971, 0.000222157104872, 0.000314283883199, 0.000430368498201, 0.000476439512568, 0.000412793568103, 0.000336380093358, 0.000297367078019, 0.000367484142771, 0.000519312627148, 0.000427311606472, 0.000328456546413, 0.000259261578321, 0.000397526426241, 0.000297694059554, 0.000218407847569, 0.000202057126444, 0.000276543141808, 0.000365319050616, 0.000373027927708, 0.000449963961728, 0.000397353142034, 0.000503383926116, 0.000468979618745, 0.000339530495694, 0.000446877733339, 0.000476110988529, 0.000241239657043, 0.000263750524027, 0.000176851637661, 0.000179687471245, 0.000205203949008, 0.00025835793349, 0.000186470962944, 0.000246239971602, 0.000369071582099, 0.000220796311623, 0.000215716965613, 0.000288942974294, 0.000197268163902, 0.000128716143081, 0.000121553741337, 0.000202104536584, 0.000172171057784, 7.67303281464e-05, 8.20149653009e-05, 7.18367155059e-05, 4.69514307042e-05, 3.86404644814e-05, 4.61143063148e-05, 3.79364646506e-05, 3.81118770747e-05, 1.50568748722e-05, 1.67748457898e-05, 2.30487548833e-05, 1.43760571518e-05, 7.64558262745e-06, 1.82174953807e-05, 1.52647462528e-05, 8.37137486087e-06, 3.70130692318e-06, 2.86399335891e-06, 4.0081536099e-06, 4.36082518718e-06, 1.48774017816e-06, 1.19550668387e-06, 8.16338115328e-07, 6.44402689431e-07, 3.04041606114e-07, 1.25432194409e-07, 7.55588303036e-08, 2.46507791957e-08, 1.72590155501e-08, 3.09719183633e-08, 5.27268220196e-08, 1.18330113708e-07, 1.90589375393e-07, 2.10493098507e-07, 2.23836977398e-07, 3.48370122083e-07, 3.24103382354e-07, 2.66621384526e-07, 2.23627552032e-07, 2.44720069986e-07, 2.02649246717e-07, 2.16694076016e-07, 1.32475520331e-07, 9.12115254437e-08, 5.21494847305e-08, 3.56931622036e-08, 1.87659257023e-08, 1.21522907293e-08, 7.52193418663e-09, 5.83489967454e-09, 4.89406914994e-09, 4.63381688576e-09, 5.53625723043e-09, 4.89614349064e-09, 4.55021043066e-09, 4.31980362592e-09, 4.16902334877e-09, 4.26004120868e-09, 4.18465795349e-09, 4.10440748055e-09, 4.06344380366e-09, 3.95572508083e-09, 3.91077836781e-09, 5.41073674754e-09, 4.15863699033e-09, 4.0359040554e-09, 1.9936289064e-08, 3.85386833557e-08, 1.67225764486e-11, 6.37059415637e-12, 6.08065551036e-12, 5.87317087325e-12, 5.74338536799e-12, 5.59652151011e-12, 5.48348996418e-12, 5.41406025914e-12, 5.37426483524e-12, 5.32443186763e-12, 5.28358259921e-12],
        "min": [2.30102778279e-24, 1.66507178683e-24, 1.14082855303e-24, 8.6897288559e-25, 2.49253988988e-25, 1.82060665974e-25, 3.98966353512e-25, 1.47671320052e-24, 4.31740023553e-25, 1.35061378482e-24, 8.77608545919e-25, 1.38949437225e-24, 1.11364997756e-25, 8.23485834592e-25, 1.31324297855e-24, 6.59576562224e-25, 3.16665451764e-24, 1.20251461619e-24, 1.18897490344e-24, 1.74987847566e-24, 3.20548461798e-24, 1.68588726232e-24, 1.83719374217e-24, 4.23981221563e-24, 2.42420880757e-24, 3.26808506954e-24, 2.10977693658e-24, 4.08556821499e-24, 3.14643088504e-24, 7.54300711748e-25, 2.11742987343e-24, 2.25475438538e-24, 3.38423339935e-24, 2.01262339129e-24, 2.93563739041e-24, 5.21525962975e-24, 2.16984356691e-24, 3.18844068647e-24, 2.03215519287e-24, 4.18631088018e-24, 2.240385284e-24, 1.91931140139e-24, 1.40121556341e-24, 2.29561994407e-24, 2.93568629978e-24, 2.71778556282e-24, 2.69125163463e-24, 3.22160617387e-24, 5.18875114232e-24, 3.11748264805e-24, 3.91453212668e-24, 6.12403370345e-24, 2.68796129579e-24, 1.39683817424e-24, 1.81472718081e-24, 2.06986767452e-24, 2.03826117349e-24, 3.45624851139e-24, 3.83517429734e-24, 3.06364959659e-24, 3.10311808261e-24, 3.62579720246e-24, 5.16277000841e-24, 2.7073341419e-24, 5.03549716211e-24, 4.07552246579e-24, 5.28714655189e-24, 4.5017235025e-24, 5.26367439009e-24, 4.16512602057e-24, 4.82498962955e-24, 3.0599778435e-24, 5.21143168221e-24, 3.59586466427e-24, 4.6911428109e-24, 4.87756760332e-24, 2.27743551692e-24, 7.18522517037e-24, 4.9655366383e-24, 6.81201902042e-24, 5.26305000668e-24, 3.35226205015e-24, 5.39878378062e-24, 6.65068513239e-24, 5.5186101744e-24, 5.72512015432e-24, 5.73128273571e-24, 6.95588200598e-24, 6.941867892e-24, 7.17616036971e-24, 3.78994535177e-24, 7.01071809409e-24, 6.8996007247e-24, 7.86806316993e-24, 7.50758371296e-24, 5.83178913706e-24, 9.04533236361e-24, 8.15297764079e-24, 7.4973364098e-24, 8.33980356898e-24, 4.4763292811e-24, 5.52977650051e-24, 5.60440668645e-24, 4.5282264679e-24, 6.44013381805e-24, 7.0767023645e-24, 4.4665257122e-24, 6.13920586524e-24, 6.05651746516e-24, 6.93818470043e-24, 7.27715192052e-24, 6.55906446027e-24, 5.96248761184e-24, 5.90589236391e-24, 6.83884817981e-24, 6.3328353243e-24, 9.9920175147e-24, 6.25551630597e-24, 6.64891335079e-24, 5.50237896684e-24, 8.08008137113e-24, 6.55451194399e-24, 8.18947665716e-24, 9.31872552095e-24, 6.82269230847e-24, 7.70941062012e-24, 7.33617370459e-24, 6.31979308696e-24],
        "stdev": [1.49724337462e-05, 8.6082609414e-06, 2.20340734813e-05, 8.72865130077e-05, 0.000139587602462, 0.000213473744225, 0.000317830708809, 0.000445041951025, 0.00067982065957, 0.000711970264092, 0.000635320844594, 0.000746759353206, 0.000535314669833, 0.000845647475217, 0.00161899707746, 0.00146346073598, 0.000762384559494, 0.000576150720008, 0.00111193221528, 0.00104508525692, 0.000866530754138, 0.000660291290842, 0.000686992832925, 0.000822003989015, 0.00100866705179, 0.00112350075506, 0.00100034300704, 0.00110706605483, 0.00122282607481, 0.00102401804179, 0.000757270841859, 0.00072437961353, 0.000372983078705, 0.000477756751934, 0.000378411321435, 0.000339097547112, 0.000317648809869, 0.000371297064703, 0.000339338730555, 0.000462386553409, 0.000633800809737, 0.000391176785342, 0.000368076696759, 0.000457505579107, 0.000399469165131, 0.000303437322145, 0.000277517741779, 0.000365534127923, 0.000308433547616, 0.000130840300699, 0.000188159945537, 0.000156891823281, 0.000113000714919, 8.5547027993e-05, 8.52341181599e-05, 6.04893139098e-05, 6.59044162603e-05, 2.89256713586e-05, 3.6240391637e-05, 6.49444336887e-05, 5.14297498739e-05, 1.7407373889e-05, 3.43871579389e-05, 2.69006832241e-05, 1.82180501724e-05, 1.09884013e-05, 5.33453248863e-06, 5.63425874134e-06, 6.4209161792e-06, 2.14163469536e-06, 1.84704254025e-06, 1.26223426378e-06, 1.09935899673e-06, 6.59992281271e-07, 2.21696836888e-07, 1.05129977612e-07, 2.74881930551e-08, 1.61686060096e-08, 3.7756556992e-08, 7.99271973051e-08, 1.52746224558e-07, 2.60022488874e-07, 3.00725531588e-07, 2.78519962649e-07, 4.28540829489e-07, 4.51151350944e-07, 3.17469130096e-07, 2.3724307141e-07, 2.55574946095e-07, 2.32326740957e-07, 2.64430411789e-07, 1.33868667263e-07, 1.00168080053e-07, 5.37814734969e-08, 3.66918193606e-08, 2.24778808899e-08, 1.25744623602e-08, 5.65768498717e-09, 2.93052404565e-09, 1.97660909862e-09, 1.72955816335e-09, 2.10627937314e-09, 1.78142167684e-09, 1.67687408403e-09, 1.60285618112e-09, 1.4658741998e-09, 1.43010325804e-09, 1.44817013936e-09, 1.42521006108e-09, 1.37171818348e-09, 1.38760780644e-09, 1.34928568318e-09, 2.11474060485e-09, 1.4756584843e-09, 1.39569122926e-09, 6.01110361487e-09, 1.31212747334e-08, 9.5887402185e-11, 7.01514055179e-11, 6.2586547056e-11, 5.82833087348e-11, 5.5644523711e-11, 5.37809762002e-11, 5.24728385742e-11, 5.11181201535e-11, 5.04683378422e-11, 4.94741990431e-11, 4.94852561705e-11]
    },
    "mfcc": {
        "mean": [-669.081115723, 172.46270752, -66.5165023804, -13.1837244034, -0.067732706666, -4.2060379982, -18.3795700073, 14.4886617661, -24.9682312012, 7.11996984482, -7.40896558762, -11.7034435272, 1.67615425587],
        "cov": [[4018.84350586, 840.794433594, -248.001556396, 294.478515625, -61.2938690186, 47.94348526, -125.16217804, 139.647033691, -265.921295166, 102.276664734, -147.078994751, -148.203994751, -46.5069580078], [840.794433594, 490.316436768, -163.307479858, -163.609115601, 9.79549694061, -89.4143371582, -62.0254364014, -3.83086419106, 15.4850578308, -8.25730419159, 39.0343551636, 13.3987493515, -2.92010641098], [-248.001556396, -163.307479858, 737.036315918, 529.024597168, -24.2369384766, 49.287322998, 23.4551124573, 47.6949653625, -129.262527466, -18.0463638306, -132.244064331, -88.128036499, -55.2955665588], [294.478515625, -163.609115601, 529.024597168, 661.848876953, 34.9451026917, 57.7897377014, 2.98058104515, 41.6326217651, -145.744415283, -11.852812767, -173.576766968, -90.9740829468, -23.0443172455], [-61.2938690186, 9.79549694061, -24.2369384766, 34.9451026917, 108.430473328, -3.20253610611, -31.7941226959, -15.3444213867, 28.4619503021, -21.6560134888, -20.4030418396, 23.5192089081, 26.0800228119], [47.94348526, -89.4143371582, 49.287322998, 57.7897377014, -3.20253610611, 130.852630615, 76.8055877686, 18.2439231873, -43.7041320801, 14.6548671722, -21.2457828522, -46.0546760559, -20.6212081909], [-125.16217804, -62.0254364014, 23.4551124573, 2.98058104515, -31.7941226959, 76.8055877686, 139.905761719, 31.564250946, -29.1134319305, 8.48133277893, 13.5970993042, -34.4338111877, -26.0112342834], [139.647033691, -3.83086419106, 47.6949653625, 41.6326217651, -15.3444213867, 18.2439231873, 31.564250946, 87.0534667969, -3.26350235939, 11.7231035233, -5.9622220993, -25.0108680725, -24.1947021484], [-265.921295166, 15.4850578308, -129.262527466, -145.744415283, 28.4619503021, -43.7041320801, -29.1134319305, -3.26350235939, 125.89225769, 5.22772884369, 29.2183666229, 46.1397590637, 18.9572296143], [102.276664734, -8.25730419159, -18.0463638306, -11.852812767, -21.6560134888, 14.6548671722, 8.48133277893, 11.7231035233, 5.22772884369, 69.3177490234, 17.3820991516, -18.2934112549, -10.8919887543], [-147.078994751, 39.0343551636, -132.244064331, -173.576766968, -20.4030418396, -21.2457828522, 13.5970993042, -5.9622220993, 29.2183666229, 17.3820991516, 113.835388184, 29.7827739716, -7.10794496536], [-148.203994751, 13.3987493515, -88.128036499, -90.9740829468, 23.5192089081, -46.0546760559, -34.4338111877, -25.0108680725, 46.1397590637, -18.2934112549, 29.7827739716, 98.7717056274, 46.2409667969], [-46.5069580078, -2.92010641098, -55.2955665588, -23.0443172455, 26.0800228119, -20.6212081909, -26.0112342834, -24.1947021484, 18.9572296143, -10.8919887543, -7.10794496536, 46.2409667969, 78.1075515747]],
        "icov": [[0.00325248716399, -0.00631402572617, 0.00503414962441, -0.00447778170928, 0.00416984967887, -0.0050119208172, 0.00503086205572, -0.00544042699039, 0.00579296331853, -0.00415675947443, 0.00398969184607, -0.00185239932034, 0.000692039378919], [-0.00631402572617, 0.015118803829, -0.00951903406531, 0.00974728167057, -0.00926388893276, 0.0119334803894, -0.00917752459645, 0.00967200193554, -0.00946107320487, 0.00799688976258, -0.00737939542159, 0.00447077816352, -0.000780827598646], [0.00503414962441, -0.00951903406531, 0.0114873228595, -0.00993890874088, 0.00822807010263, -0.00769773358479, 0.00782823376358, -0.00853906571865, 0.00869641266763, -0.00520902406424, 0.00616514775902, -0.00315126008354, 0.00261342758313], [-0.00447778170928, 0.00974728167057, -0.00993890874088, 0.0128625351936, -0.0097354054451, 0.00873511470854, -0.00682029128075, 0.00581346219406, -0.00318044680171, 0.00345223606564, -0.000723407429177, 0.00335451657884, -0.00125517998822], [0.00416984967887, -0.00926388893276, 0.00822807010263, -0.0097354054451, 0.02042176947, -0.011138654314, 0.0091639785096, -0.00529568875208, 0.00121035578195, -0.000565264199395, 0.00418608449399, -0.00377010996453, -0.00101862475276], [-0.0050119208172, 0.0119334803894, -0.00769773358479, 0.00873511470854, -0.011138654314, 0.0241442918777, -0.0150007288903, 0.00797870475799, -0.00387092353776, 0.00262295594439, -0.0024305076804, 0.00587653089315, -0.000235871921177], [0.00503086205572, -0.00917752459645, 0.00782823376358, -0.00682029128075, 0.0091639785096, -0.0150007288903, 0.0209763590246, -0.0114551549777, 0.00910057593137, -0.00388235296123, 0.00281119998544, -0.0015701049706, 0.00103424221743], [-0.00544042699039, 0.00967200193554, -0.00853906571865, 0.00581346219406, -0.00529568875208, 0.00797870475799, -0.0114551549777, 0.0238271653652, -0.0130955595523, 0.00589053938165, -0.00672296108678, 0.00390407512896, 0.00130962440744], [0.00579296331853, -0.00946107320487, 0.00869641266763, -0.00318044680171, 0.00121035578195, -0.00387092353776, 0.00910057593137, -0.0130955595523, 0.0267660617828, -0.0115854656324, 0.0104278838262, -0.00638496316969, 0.00247890176252], [-0.00415675947443, 0.00799688976258, -0.00520902406424, 0.00345223606564, -0.000565264199395, 0.00262295594439, -0.00388235296123, 0.00589053938165, -0.0115854656324, 0.0244321227074, -0.0104153640568, 0.0068100024946, -0.00219277781434], [0.00398969184607, -0.00737939542159, 0.00616514775902, -0.000723407429177, 0.00418608449399, -0.0024305076804, 0.00281119998544, -0.00672296108678, 0.0104278838262, -0.0104153640568, 0.0233764350414, -0.00753340451047, 0.00566893676296], [-0.00185239932034, 0.00447077816352, -0.00315126008354, 0.00335451657884, -0.00377010996453, 0.00587653089315, -0.0015701049706, 0.00390407512896, -0.00638496316969, 0.0068100024946, -0.00753340451047, 0.0223339907825, -0.0100886002183], [0.000692039378919, -0.000780827598646, 0.00261342758313, -0.00125517998822, -0.00101862475276, -0.000235871921177, 0.00103424221743, 0.00130962440744, 0.00247890176252, -0.00219277781434, 0.00566893676296, -0.0100886002183, 0.0212745722383]]
    },
    "spectral_contrast_coeffs": {
        "max": [-0.372023612261, -0.462340801954, -0.538341403008, -0.56927382946, -0.559610545635, -0.708012938499],
        "mean": [-0.66001111269, -0.766403257847, -0.733914732933, -0.740473687649, -0.701918005943, -0.78039431572],
        "min": [-0.984535753727, -0.979812860489, -0.969442725182, -0.964807152748, -0.96964430809, -0.961189210415],
        "stdev": [0.0759979486465, 0.0693345218897, 0.0681675300002, 0.0611962229013, 0.0462777018547, 0.0375931635499]
    },
    "spectral_contrast_valleys": {
        "max": [-5.92637348175, -5.11205053329, -4.81358003616, -5.05191087723, -7.16210126877, -10.6315670013],
        "mean": [-7.77419519424, -6.4614238739, -6.71314096451, -7.09712409973, -8.4384469986, -11.7378101349],
        "min": [-27.7010669708, -27.7525482178, -27.6746387482, -27.6818084717, -27.3991889954, -27.3424663544],
        "stdev": [1.88235545158, 1.84160530567, 1.87441444397, 1.85722160339, 1.67023026943, 1.34172594547]
    }
},
"rhythm": {
    "beats_count": 67,
    "beats_loudness": {
        "max": 0.0693219676614,
        "mean": 0.0335586406291,
        "min": 0.002087068744,
        "stdev": 0.0133460359648
    },
    "bpm": 121.984611511,
    "bpm_histogram_first_peak_bpm": 123,
    "bpm_histogram_first_peak_weight": 0.440677940845,
    "bpm_histogram_second_peak_bpm": 115,
    "bpm_histogram_second_peak_spread": 0.25,
    "bpm_histogram_second_peak_weight": 0.0454545468092,
    "danceability": 1.09430277348,
    "onset_rate": 1.63920581341,
    "beats_loudness_band_ratio": {
        "max": [0.361611187458, 0.720621705055, 0.730739057064, 0.749841988087, 0.458327382803, 0.0514529980719],
        "mean": [0.0716141983867, 0.160157427192, 0.255135297775, 0.377919197083, 0.178488567472, 0.0112581215799],
        "min": [0.00058320251992, 0.0031137035694, 0.0382947400212, 0.052126493305, 0.0272524375468, 0.000348318484612],
        "stdev": [0.0651374310255, 0.1448469311, 0.154821619391, 0.205282464623, 0.0997196808457, 0.00956617947668]
    },
    "beats_position": [0.49922901392, 0.99845802784, 1.48607707024, 1.97369611263, 2.46131515503, 2.94893407822, 3.43655323982, 3.92417216301, 4.41179132462, 4.8994102478, 5.39863920212, 5.89786815643, 6.39709758759, 6.8963265419, 7.39555549622, 7.89478445053, 8.38240337372, 8.87002277374, 9.36925125122, 9.86848068237, 10.3560991287, 10.8437185287, 11.3429479599, 11.8421764374, 12.3297958374, 12.8174142838, 13.3166437149, 13.8042631149, 14.3034915924, 14.7911109924, 15.2903394699, 15.7779588699, 16.2771873474, 16.7648067474, 17.2640361786, 17.7516555786, 18.2508831024, 18.7385025024, 19.2377319336, 19.7253513336, 20.2245807648, 20.7121982574, 21.1998176575, 21.6990470886, 22.1982765198, 22.6858959198, 23.1735134125, 23.6495227814, 24.1487522125, 24.6595916748, 25.158821106, 25.6580486298, 26.1456680298, 26.6332874298, 27.1557369232, 27.6781845093, 28.2006340027, 28.6534233093, 29.1178226471, 29.5822219849, 30.0698413849, 30.5574588776, 31.0450782776, 31.5326976776, 32.0203170776, 32.5079345703, 32.9839439392],
