{
"metadata": {
    "version": {
        "essentia": "2.1-beta5",
        "essentia_git_sha": "Undefined",
        "extractor": "music 2.0"
    },
    "audio_properties": {
        "analysis": {
            "equal_loudness": 0,
            "length": 12.7477550507,
            "sample_rate": 44100,
            "start_time": 0,
            "downmix": "mix"
        },
        "bit_rate": 192000,
        "length": 170.550582886,
        "lossless": 0,
        "number_channels": 2,
        "replay_gain": -10.9420604706,
        "sample_rate": 48000,
        "codec": "mp3",
        "md5_encoded": "06a86abe3b6a494058def66de459a7bc"
    },
    "tags": {
        "file_name": "Finland_Reggae O.k._Riki Sorsa.mp3",
        "encoding": ["Lavf58.29.100"]
    }
},
"lowlevel": {
    "average_loudness": 0.20661136508,
    "barkbands_crest": {
        "max": 22.3434867859,
        "mean": 6.98280858994,
        "min": 1.84358584881,
        "stdev": 3.10559558868
    },
    "barkbands_flatness_db": {
        "max": 0.267851322889,
        "mean": 0.122641697526,
        "min": 0.0367186181247,
        "stdev": 0.0609396845102
    },
    "barkbands_kurtosis": {
        "max": 43.0089073181,
        "mean": 1.37553811073,
        "min": -1.66241955757,
        "stdev": 4.99150085449
    },
    "barkbands_skewness": {
        "max": 5.32219171524,
        "mean": 0.458550810814,
        "min": -2.16146850586,
        "stdev": 1.28889644146
    },
    "barkbands_spread": {
        "max": 63.9015197754,
        "mean": 30.2896347046,
        "min": 2.72932076454,
        "stdev": 18.4083042145
    },
    "dissonance": {
        "max": 0.500000059605,
        "mean": 0.483254849911,
        "min": 0.405362159014,
        "stdev": 0.0135951405391
    },
    "dynamic_complexity": 12.6606473923,
    "erbbands_crest": {
        "max": 24.880531311,
        "mean": 6.51386547089,
        "min": 2.0820441246,
        "stdev": 4.21135902405
    },
    "erbbands_flatness_db": {
        "max": 0.317855685949,
        "mean": 0.177935987711,
        "min": 0.0793283730745,
        "stdev": 0.0752364471555
    },
    "erbbands_kurtosis": {
        "max": 13.3481349945,
        "mean": 0.162600114942,
        "min": -1.43612539768,
        "stdev": 1.61709856987
    },
    "erbbands_skewness": {
        "max": 2.51805973053,
        "mean": -0.152404889464,
        "min": -1.58182287216,
        "stdev": 0.62101572752
    },
    "erbbands_spread": {
        "max": 80.0645141602,
        "mean": 37.9923667908,
        "min": 5.00982761383,
        "stdev": 18.4499187469
    },
    "hfc": {
        "max": 76.8348770142,
        "mean": 12.954035759,
        "min": 1.10425693483e-16,
        "stdev": 19.3748016357
    },
    "loudness_ebu128": {
        "integrated": -13.2031078339,
        "loudness_range": 15.800614357,
        "momentary": {
            "max": -9.85504150391,
            "mean": -47.8534164429,
            "min": -300.691009521,
            "stdev": 75.527053833
        },
        "short_term": {
            "max": -10.7336807251,
            "mean": -24.3079605103,
            "min": -41.8796539307,
            "stdev": 11.2045974731
        }
    },
    "melbands_crest": {
        "max": 26.2257118225,
        "mean": 9.62680530548,
        "min": 1.62529861927,
        "stdev": 4.55146026611
    },
    "melbands_flatness_db": {
        "max": 0.319972962141,
        "mean": 0.140493690968,
        "min": 0.00308039365336,
        "stdev": 0.0806156992912
    },
    "melbands_kurtosis": {
        "max": 99.3260192871,
        "mean": 5.04104948044,
        "min": -1.43684625626,
        "stdev": 10.3541250229
    },
    "melbands_skewness": {
        "max": 8.53545761108,
        "mean": 1.5741379261,
        "min": -0.751849770546,
        "stdev": 1.38700079918
    },
    "melbands_spread": {
        "max": 155.157485962,
        "mean": 48.3521537781,
        "min": 2.70292425156,
        "stdev": 35.6898078918
    },
    "pitch_salience": {
        "max": 0.970748007298,
        "mean": 0.677910387516,
        "min": 0.323118984699,
        "stdev": 0.100869134068
    },
    "silence_rate_20dB": {
        "max": 1,
        "mean": 1,
        "min": 1,
        "stdev": 0
    },
    "silence_rate_30dB": {
        "max": 1,
        "mean": 1,
        "min": 1,
        "stdev": 0
    },
    "silence_rate_60dB": {
        "max": 1,
        "mean": 0.529090881348,
        "min": 0,
        "stdev": 0.499153465033
    },
    "spectral_centroid": {
        "max": 11507.96875,
        "mean": 2763.27514648,
        "min": 324.745391846,
        "stdev": 2971.31884766
    },
    "spectral_complexity": {
        "max": 43,
        "mean": 11.412727356,
        "min": 0,
        "stdev": 13.2717933655
    },
    "spectral_decrease": {
        "max": 2.20306139299e-28,
        "mean": -2.81793499646e-09,
        "min": -1.94271834175e-08,
        "stdev": 3.91297927393e-09
    },
    "spectral_energy": {
        "max": 0.0795656740665,
        "mean": 0.0118104862049,
        "min": 1.02035588148e-20,
        "stdev": 0.0164567064494
    },
    "spectral_energyband_high": {
        "max": 0.00140341115184,
        "mean": 0.000133433612064,
        "min": 7.20142956613e-21,
        "stdev": 0.000222242611926
    },
    "spectral_energyband_low": {
        "max": 0.00485359085724,
        "mean": 0.000388660700992,
        "min": 1.96743061499e-23,
        "stdev": 0.000577561731916
    },
    "spectral_energyband_middle_high": {
        "max": 0.0473430119455,
        "mean": 0.0069070472382,
        "min": 1.15507169542e-21,
        "stdev": 0.0110882855952
    },
    "spectral_energyband_middle_low": {
        "max": 0.0438628681004,
        "mean": 0.00485178176314,
        "min": 1.82171977009e-22,
        "stdev": 0.00713030807674
    },
    "spectral_entropy": {
        "max": 9.81721401215,
        "mean": 7.98780012131,
        "min": 6.47458744049,
        "stdev": 0.797123789787
    },
    "spectral_flux": {
        "max": 0.197591573,
        "mean": 0.0433695167303,
        "min": 6.16264747566e-11,
        "stdev": 0.0458735562861
    },
    "spectral_kurtosis": {
        "max": 24.6473846436,
        "mean": 3.29002308846,
        "min": -1.28274083138,
        "stdev": 4.03284597397
    },
    "spectral_rms": {
        "max": 0.00881050806493,
        "mean": 0.00234744744375,
        "min": 3.15510573397e-12,
        "stdev": 0.00245192041621
    },
    "spectral_rolloff": {
        "max": 19315.2832031,
        "mean": 4697.24951172,
        "min": 172.265625,
        "stdev": 5438.68457031
    },
    "spectral_skewness": {
        "max": 3.94644236565,
        "mean": 1.0624884367,
        "min": -0.0554042384028,
        "stdev": 0.558666050434
    },
    "spectral_spread": {
        "max": 46457636,
        "mean": 8089716.5,
        "min": 1610260.125,
        "stdev": 11561541
    },
    "spectral_strongpeak": {
        "max": 7.83591842651,
        "mean": 0.908410429955,
        "min": 0,
        "stdev": 1.5077123642
    },
    "zerocrossingrate": {
        "max": 0.88916015625,
        "mean": 0.139428272843,
        "min": 0.015625,
        "stdev": 0.150129109621
    },
    "barkbands": {
        "max": [8.01450005383e-05, 0.00083626160631, 0.00331900734454, 0.0170357078314, 0.0211546663195, 0.0126482434571, 0.00479146139696, 0.0215667523444, 0.0209915693849, 0.0194486677647, 0.0186926852912, 0.0168112460524, 0.00459544267505, 0.0174339096993, 0.0123751778156, 0.00862678140402, 0.00637412909418, 0.00912317354232, 0.00457914313301, 0.00164172216319, 0.000659278884996, 0.000240974448388, 4.8355654144e-05, 3.59640307579e-06, 1.74720059931e-06, 5.83430676215e-07, 5.4401266425e-07],
        "mean": [9.94580886982e-07, 2.606540329e-05, 0.000123681558762, 0.000882380874828, 0.00155665294733, 0.000770192767959, 0.00037073972635, 0.000539885484613, 0.000390444591176, 0.00152359728236, 0.000629832211416, 0.00122284796089, 0.000435547030065, 0.0011403238168, 0.00060407363344, 0.000300123327179, 0.000515641761012, 0.000342246232321, 0.000237310770899, 0.00010973175813, 5.67327515455e-05, 2.5405368433e-05, 4.53877692053e-06, 9.51624883783e-07, 5.49577407583e-07, 2.05033234835e-08, 3.69487929142e-09],
        "min": [1.02167723929e-25, 1.89099504198e-24, 2.6119782134e-24, 1.86045429204e-24, 1.09041261034e-23, 5.75477895777e-24, 6.02471296004e-24, 7.11564606081e-24, 1.99530785498e-23, 1.48815880311e-23, 1.62159557186e-23, 2.75639927861e-23, 2.474431361e-23, 4.75567352622e-23, 5.54233792713e-23, 5.13002178899e-23, 4.12065627473e-23, 1.02133032538e-22, 1.36007458182e-22, 1.8479772262e-22, 2.47021960108e-22, 3.36494563978e-22, 3.79398954186e-22, 6.17105767046e-22, 8.32487058981e-22, 1.35604851344e-21, 2.09147448005e-21],
        "stdev": [4.11928294852e-06, 5.70244119444e-05, 0.00022451953555, 0.00178733607754, 0.00284828268923, 0.00140872038901, 0.000665842962917, 0.00177958921995, 0.00116771506146, 0.0033687420655, 0.00163075397722, 0.00251853652298, 0.000768480589613, 0.00225374801084, 0.00135258748196, 0.000653851195239, 0.00105920038186, 0.000923282175791, 0.000521274923813, 0.000240776033024, 9.79278702289e-05, 4.05908322136e-05, 6.24180347586e-06, 7.03432704086e-07, 4.78314802876e-07, 2.96858413407e-08, 2.32928023536e-08]
    },
    "erbbands": {
        "max": [0.00720280269161, 0.244429454207, 2.68383383751, 23.6126766205, 109.884971619, 47.0728797913, 66.3544845581, 124.176269531, 71.745010376, 139.446578979, 564.367797852, 360.095031738, 294.245117188, 804.087280273, 309.842254639, 697.281066895, 246.299575806, 842.420898438, 630.090454102, 565.574707031, 542.085205078, 294.544433594, 617.477539062, 308.834747314, 52.3339576721, 110.700233459, 23.474357605, 24.1219444275, 11.1113147736, 2.94519424438, 1.11681091785, 0.170873075724, 0.0403435006738, 0.0269728861749, 0.0106454705819, 0.00233251671307, 0.00109316594899, 0.000358005258022, 8.56055921759e-05, 9.47276203078e-05],
        "mean": [0.000319525017403, 0.00913139246404, 0.115149058402, 1.42849493027, 5.66885995865, 3.90523791313, 5.59598350525, 6.17888259888, 5.48095560074, 6.18974399567, 14.468793869, 9.29937458038, 24.4425144196, 55.2025947571, 25.2848205566, 58.1032829285, 26.1733646393, 52.5733451843, 36.9120559692, 31.4990310669, 20.8339729309, 24.1534996033, 22.1710414886, 17.1549110413, 5.3998708725, 6.63949489594, 2.38666987419, 2.04327845573, 1.07450222969, 0.345588773489, 0.105952329934, 0.0284015126526, 0.0127966105938, 0.00741979666054, 0.00282504479401, 0.000254871469224, 4.53458014817e-05, 1.61097414093e-05, 7.43114151192e-06, 1.45363737829e-05],
        "min": [5.82475202447e-23, 5.48515409431e-22, 3.02900433866e-21, 6.19333954529e-21, 1.83643531016e-20, 2.54735972658e-20, 4.71147148885e-20, 6.37922463883e-20, 1.02434402294e-19, 1.84708500205e-19, 2.3484696736e-19, 3.74036442239e-19, 6.36003766753e-19, 6.65210738701e-19, 1.02945894596e-18, 1.22735084397e-18, 1.70083192173e-18, 1.89584295646e-18, 2.96726353412e-18, 2.89016616513e-18, 3.35371962797e-18, 2.72781604669e-18, 5.29112530828e-18, 6.70377525941e-18, 7.25076001999e-18, 9.14037554721e-18, 9.07023228563e-18, 1.15462154696e-17, 1.14871754534e-17, 9.99817259578e-18, 1.09393651665e-17, 1.10003176243e-17, 9.71425360387e-18, 8.61734510999e-18, 5.57754610796e-18, 4.06026070447e-18, 2.60049165052e-18, 9.36784732053e-19, 2.63239657543e-19, 2.90543991297e-20],
        "stdev": [0.00051366025582, 0.0179093871266, 0.186097458005, 2.51425504684, 12.5083303452, 7.17897701263, 9.77135562897, 12.3382883072, 9.79251861572, 12.9500226974, 47.6254005432, 21.9975566864, 46.4629135132, 139.158157349, 49.776260376, 118.935302734, 44.2489585876, 101.666175842, 71.838142395, 69.6878509521, 43.318977356, 45.5887336731, 62.1768913269, 37.6842689514, 9.33644676208, 15.4424619675, 3.98593497276, 3.65889668465, 1.77903068066, 0.487201601267, 0.137806788087, 0.0233355052769, 0.0106467148289, 0.00716073811054, 0.00231498316862, 0.000163891716511, 5.76693601033e-05, 2.22853177547e-05, 1.05545177576e-05, 2.03093968594e-05]
    },
    "gfcc": {
        "mean": [-271.813415527, 94.3265304565, -143.055633545, 33.8821182251, -59.7456893921, 1.73461544514, -33.8768081665, -11.2254333496, -20.5064620972, -10.3110456467, -17.6843299866, -9.56021118164, -7.12742233276],
        "cov": [[146030.875, 17248.0390625, -22881.0058594, 2756.69824219, -6838.49121094, -2242.55297852, -3367.36547852, -3686.57788086, -2586.80981445, -2277.20898438, -2575.64038086, -1450.546875, -1126.95837402], [17248.0390625, 2919.8996582, -3008.24389648, -185.495132446, -388.577362061, -865.377990723, -54.1272926331, -933.156433105, -183.257568359, -438.448760986, -345.33895874, -232.268310547, -162.082992554], [-22881.0058594, -3008.24389648, 4284.98828125, -31.4495754242, 662.290649414, 735.21307373, 168.065078735, 906.506530762, 374.320861816, 490.480377197, 350.288330078, 167.141082764, 183.606307983], [2756.69824219, -185.495132446, -31.4495754242, 527.004211426, -433.299346924, 355.644470215, -345.432342529, 250.454345703, -98.9728240967, 81.2719039917, -70.2101364136, -19.37059021, -2.73240637779], [-6838.49121094, -388.577362061, 662.290649414, -433.299346924, 722.33404541, -236.492797852, 421.901306152, -135.274978638, 167.072921753, -10.9134674072, 117.125221252, 72.8290405273, 48.4740486145], [-2242.55297852, -865.377990723, 735.21307373, 355.644470215, -236.492797852, 575.943969727, -246.294799805, 466.26473999, -50.9518089294, 173.467346191, 48.753238678, 27.2927970886, 40.3791427612], [-3367.36547852, -54.1272926331, 168.065078735, -345.432342529, 421.901306152, -246.294799805, 367.01159668, -159.956558228, 94.2232971191, -47.6446723938, 85.2109680176, 49.4437255859, 4.81730031967], [-3686.57788086, -933.156433105, 906.506530762, 250.454345703, -135.274978638, 466.26473999, -159.956558228, 487.548217773, 3.56984734535, 171.403198242, 91.4378509521, 55.6789054871, 50.7219390869], [-2586.80981445, -183.257568359, 374.320861816, -98.9728240967, 167.072921753, -50.9518089294, 94.2232971191, 3.56984734535, 122.677482605, 33.5722579956, 26.4896697998, 13.2059936523, 20.3669452667], [-2277.20898438, -438.448760986, 490.480377197, 81.2719039917, -10.9134674072, 173.467346191, -47.6446723938, 171.403198242, 33.5722579956, 119.658500671, 37.3237915039, 17.676153183, 17.2267341614], [-2575.64038086, -345.33895874, 350.288330078, -70.2101364136, 117.125221252, 48.753238678, 85.2109680176, 91.4378509521, 26.4896697998, 37.3237915039, 117.162704468, 68.1425247192, 29.7909488678], [-1450.546875, -232.268310547, 167.141082764, -19.37059021, 72.8290405273, 27.2927970886, 49.4437255859, 55.6789054871, 13.2059936523, 17.676153183, 68.1425247192, 74.4835968018, 30.6437797546], [-1126.95837402, -162.082992554, 183.606307983, -2.73240637779, 48.4740486145, 40.3791427612, 4.81730031967, 50.7219390869, 20.3669452667, 17.2267341614, 29.7909488678, 30.6437797546, 47.5639533997]],
        "icov": [[0.003006152343, -0.00997167732567, 0.0089036077261, -0.00602777441964, 0.0057232347317, -0.00315266218968, 0.00511798029765, -0.00335313356481, 0.00351798837073, -0.0010783711914, 0.000757639936637, -0.0011394728208, 0.00157491944265], [-0.00997167732567, 0.0372008122504, -0.0282933916897, 0.0204041916877, -0.0171728562564, 0.0131550161168, -0.0160291288048, 0.0132878348231, -0.0122007746249, 0.006467403844, -0.00265551847406, 0.00906449463218, -0.00661312695593], [0.0089036077261, -0.0282933916897, 0.0278069842607, -0.0176878813654, 0.0164369810373, -0.00872160494328, 0.0156870540231, -0.0106878038496, 0.00881407316774, -0.00384608400054, 0.00131835660432, -0.00055084010819, 0.00379562540911], [-0.00602777441964, 0.0204041916877, -0.0176878813654, 0.019781826064, -0.0098322192207, 0.00370018789545, -0.00725478632376, 0.00678960653022, -0.00710042612627, 0.00171240488999, 0.00376331037842, -0.0028616799973, -0.00159283389803], [0.0057232347317, -0.0171728562564, 0.0164369810373, -0.0098322192207, 0.018809242174, -0.00598276453093, 0.00434230593964, -0.00279943901114, 0.00551217794418, -0.000649327412248, 0.00316626019776, -0.00160650431644, -0.00154871668201], [-0.00315266218968, 0.0131550161168, -0.00872160494328, 0.00370018789545, -0.00598276453093, 0.0183027591556, -0.00387424486689, -0.00440968247131, 0.00231081759557, -0.00161706586368, -0.00113776966464, 0.0084309251979, -0.00545875821263], [0.00511798029765, -0.0160291288048, 0.0156870540231, -0.00725478632376, 0.00434230593964, -0.00387424486689, 0.0241446141154, -0.00501227751374, 0.00346547085792, 0.00141169270501, -0.00372100598179, -0.00442240620032, 0.0106168296188], [-0.00335313356481, 0.0132878348231, -0.0106878038496, 0.00678960653022, -0.00279943901114, -0.00440968247131, -0.00501227751374, 0.0207489952445, -0.00664763944224, 0.00232129497454, -0.00543609214947, 0.000724081415683, -0.00259803119116], [0.00351798837073, -0.0122007746249, 0.00881407316774, -0.00710042612627, 0.00551217794418, 0.00231081759557, 0.00346547085792, -0.00664763944224, 0.0244232472032, -0.00895601883531, 0.00549331959337, -0.00034075442818, -0.00393165647984], [-0.0010783711914, 0.006467403844, -0.00384608400054, 0.00171240488999, -0.000649327412248, -0.00161706586368, 0.00141169270501, 0.00232129497454, -0.00895601883531, 0.0281372796744, -0.00350258476101, 0.00294088735245, 0.00479291239753], [0.000757639936637, -0.00265551847406, 0.00131835660432, 0.00376331037842, 0.00316626019776, -0.00113776966464, -0.00372100598179, -0.00543609214947, 0.00549331959337, -0.00350258476101, 0.032115727663, -0.0213913302869, 0.000524825882167], [-0.0011394728208, 0.00906449463218, -0.00055084010819, -0.0028616799973, -0.00160650431644, 0.0084309251979, -0.00442240620032, 0.000724081415683, -0.00034075442818, 0.00294088735245, -0.0213913302869, 0.047166403383, -0.017900377512], [0.00157491944265, -0.00661312695593, 0.00379562540911, -0.00159283389803, -0.00154871668201, -0.00545875821263, 0.0106168296188, -0.00259803119116, -0.00393165647984, 0.00479291239753, 0.000524825882167, -0.017900377512, 0.0401201955974]]
    },
    "melbands": {
        "max": [0.000148622042616, 0.00103887543082, 0.00755830388516, 0.0051203048788, 0.0020458640065, 0.00260943430476, 0.00103232986294, 0.00178511568811, 0.00447098165751, 0.00193824013695, 0.00151298940182, 0.00344287394546, 0.00139915640466, 0.00181571778376, 0.00090255937539, 0.000657409138512, 0.0018693926977, 0.000873233890161, 0.00108148809522, 0.000524015515111, 0.000613732205238, 0.000400366348913, 0.000470909988508, 0.000374716997612, 0.000316758727422, 4.14050009567e-05, 4.1353276174e-05, 7.2594237281e-05, 2.02527153306e-05, 2.58351883531e-05, 9.79453488981e-06, 8.04649334896e-06, 3.87984937333e-06, 1.55233055921e-06, 7.50299761876e-07, 2.43753589757e-07, 7.68870123125e-08, 3.30547891281e-08, 2.75915041925e-08, 2.35121557779e-08],
        "mean": [4.81086181026e-06, 5.12408842042e-05, 0.000404055288527, 0.000343577878084, 0.00018996700237, 0.000138404822792, 8.23841255624e-05, 6.80596858729e-05, 0.000119476098916, 5.31331497768e-05, 0.000120483229693, 0.000228064876865, 8.98995422176e-05, 0.000120233416965, 9.52265618253e-05, 5.61855486012e-05, 0.000107304469566, 6.62992461002e-05, 4.32934139099e-05, 3.05164267047e-05, 2.73483237834e-05, 3.13737182296e-05, 1.64368666447e-05, 1.63631993928e-05, 1.51143985931e-05, 3.97379108108e-06, 3.33326192958e-06, 4.27754366683e-06, 1.21038351608e-06, 1.67725625033e-06, 9.48668855472e-07, 6.84508108861e-07, 3.19598512988e-07, 1.39670234489e-07, 6.67789663567e-08, 2.34851089687e-08, 1.44916967315e-08, 8.81315997958e-09, 7.9274009579e-09, 5.77525449685e-09],
        "min": [8.1068636919e-25, 2.0204674297e-24, 1.84822063712e-24, 2.12740758338e-24, 1.896585502e-24, 1.2845867187e-24, 1.20728643581e-24, 2.13639724504e-24, 1.94170972629e-24, 2.72031031215e-24, 3.20127860884e-24, 2.56210070773e-24, 3.2824537765e-24, 3.07931755745e-24, 2.59744778996e-24, 3.66723567138e-24, 3.24845426591e-24, 4.2671683341e-24, 3.66206034941e-24, 3.79208987014e-24, 3.11297351911e-24, 2.56074564191e-24, 3.99653855651e-24, 4.28841117499e-24, 4.21722594462e-24, 3.87351451505e-24, 4.14373881814e-24, 5.09269431091e-24, 4.9987409771e-24, 5.34836018598e-24, 5.37784267903e-24, 4.75474314367e-24, 5.81367570739e-24, 4.92042878288e-24, 6.36957139337e-24, 6.61828424843e-24, 6.3310284384e-24, 5.79299138002e-24, 5.70114193824e-24, 6.93081042869e-24],
        "stdev": [9.92873810901e-06, 7.92417122284e-05, 0.000804410607088, 0.000654762086924, 0.000325777480612, 0.000266376620857, 0.000147238897625, 0.00015764660202, 0.000395144394133, 0.000122501733131, 0.000233492202824, 0.000584935711231, 0.000195393804461, 0.000255098217167, 0.000182682459126, 0.000100323559309, 0.000218178523937, 0.000125872829813, 9.68859822024e-05, 6.66056075715e-05, 5.81723397772e-05, 6.4626627136e-05, 4.3522559281e-05, 4.17382980231e-05, 3.63564904546e-05, 7.09225832907e-06, 6.52816288493e-06, 1.00882871266e-05, 2.22244989345e-06, 3.19881019095e-06, 1.62675280535e-06, 1.17702029456e-06, 5.01636350236e-07, 1.989347993e-07, 9.51848662112e-08, 3.0078101787e-08, 1.11740403597e-08, 7.92775800562e-09, 7.33300931088e-09, 6.06023276006e-09]
    },
    "melbands128": {
        "max": [2.20859201363e-05, 1.13049554784e-05, 0.000156954236445, 0.000506417185534, 0.000991541426629, 0.00181723688729, 0.00248003331944, 0.0115706957877, 0.0136703802273, 0.00450976612046, 0.00324518256821, 0.00330828223377, 0.00294644618407, 0.00449331104755, 0.00454087043181, 0.00281134154648, 0.00106285337824, 0.00146137911361, 0.00133783579804, 0.00161108421162, 0.00285068014637, 0.00425181211904, 0.00788809359074, 0.008569101803, 0.00167004845571, 0.000906872737687, 0.00171199534088, 0.0028700795956, 0.00149656517897, 0.00581718375906, 0.00491536967456, 0.00439184391871, 0.00268314755522, 0.00111854635179, 0.00209929258563, 0.00226985290647, 0.00313670723699, 0.00135356769897, 0.000294019991998, 0.000886310182977, 0.00075231277151, 0.00113252061419, 0.00108766090125, 0.00477124424651, 0.00121143448632, 0.000718141149264, 0.00282549648546, 0.00126648356672, 0.00176554569043, 0.00168290431611, 0.00020209485956, 0.000573062512558, 0.0014488423476, 0.000863877416123, 0.00119343167171, 0.000442514749011, 0.000215329666389, 0.000154303575982, 0.000698134186678, 0.00123818428256, 0.000262582791038, 0.000143811877933, 0.000359431345714, 0.000499971909449, 5.86691130593e-05, 8.0918041931e-05, 7.87735043559e-05, 2.91428750643e-05, 3.54687144863e-05, 0.000152968175826, 0.000138585703098, 2.52539739449e-05, 2.25584226428e-05, 3.03538872686e-05, 2.24467203225e-05, 3.667965575e-05, 3.89661254303e-05, 1.48618910316e-05, 1.08200520117e-05, 8.02088015917e-06, 1.33463372549e-05, 1.1002480278e-05, 8.94699223863e-06, 3.68510814042e-06, 1.88104127119e-06, 2.5623548936e-06, 2.17990850615e-06, 1.16563126085e-06, 1.02509420685e-06, 1.1067976402e-06, 5.75019043936e-07, 2.24111531111e-07, 1.50448840941e-07, 8.70979590673e-08, 8.49020409532e-08, 4.37819913657e-08, 3.66605554802e-08, 3.45714070704e-08, 4.0594137829e-08, 3.80580402748e-08, 3.47631825548e-08, 2.83141634583e-08, 2.75979896713e-08, 2.97997964083e-08, 1.25803332196e-08, 5.59274093703e-09, 4.99051111547e-09, 4.39702052546e-09, 3.92588228593e-09, 3.77235265248e-09, 3.57316332078e-09, 3.63047858443e-09, 3.55108675798e-09, 3.29590243986e-09, 3.16941450862e-09, 2.90475044018e-09, 2.65803001831e-09, 2.54050624982e-09, 2.49429410459e-09, 2.42674791373e-09, 2.36042407842e-09, 2.29658403406e-09, 2.24641638624e-09, 2.20631846126e-09, 2.16584661317e-09, 2.13669215654e-09, 2.11684980655e-09, 2.10228856545e-09],
        "mean": [4.30853958733e-07, 1.00021406979e-06, 4.73381624033e-06, 1.54445770022e-05, 2.99412822642e-05, 7.30700485292e-05, 0.000199148227694, 0.000558372121304, 0.000681861769408, 0.000280833861325, 0.000178230198799, 0.000197289744392, 0.000203546791454, 0.000169526727404, 0.000148608436575, 0.000121766424854, 8.44615933602e-05, 8.55208199937e-05, 5.94259872742e-05, 7.63377247495e-05, 5.14025596203e-05, 9.72070047283e-05, 0.000175201697857, 8.04105075076e-05, 4.34234971181e-05, 3.98036281695e-05, 6.84327533236e-05, 0.000160871801199, 8.66840418894e-05, 0.000308135116939, 0.00025482851197, 0.000110748893349, 0.00011500200344, 3.30505063175e-05, 4.72517531307e-05, 0.000143811412272, 0.000274428544799, 5.27485390194e-05, 2.12486829696e-05, 6.75040719216e-05, 4.73575964861e-05, 7.29363309802e-05, 6.59965007799e-05, 0.000206564101973, 6.26988403383e-05, 3.87587861042e-05, 5.99370832788e-05, 2.46391500696e-05, 4.57478599856e-05, 6.30225986242e-05, 1.74877804966e-05, 1.47953187479e-05, 1.52925349539e-05, 2.25339044846e-05, 7.7410331869e-05, 2.18091936404e-05, 1.10091295937e-05, 7.29391695131e-06, 1.90009832295e-05, 3.49419751728e-05, 1.06950610643e-05, 9.11771803658e-06, 1.76129815372e-05, 1.98866382561e-05, 3.05501771436e-06, 4.36898244516e-06, 4.05204036724e-06, 1.70856151271e-06, 1.58131445005e-06, 7.71952363721e-06, 6.41860469841e-06, 1.18528669191e-06, 1.20911749946e-06, 1.29218153688e-06, 1.03109596239e-06, 1.87971647847e-06, 1.94486938199e-06, 1.23118343254e-06, 7.47647334265e-07, 7.55811868203e-07, 7.52653022573e-07, 6.52116852962e-07, 4.86889177864e-07, 2.9197141771e-07, 1.66496235465e-07, 1.92935772247e-07, 1.11369750755e-07, 8.4211841056e-08, 6.94364032938e-08, 5.54682806353e-08, 2.12364597019e-08, 1.78408807727e-08, 1.65296718535e-08, 1.18997016685e-08, 1.90662845512e-08, 7.263008861e-09, 7.64512453344e-09, 7.36254746059e-09, 8.7784517433e-09, 8.22421331037e-09, 5.22475218645e-09, 5.3784794396e-09, 5.80065506739e-09, 5.90907633935e-09, 2.50072051955e-09, 1.76645098549e-09, 1.49956302931e-09, 2.16256859642e-10, 9.2737512114e-11, 8.85868670086e-11, 9.10299682855e-11, 8.74487704472e-11, 8.67838578777e-11, 1.213125711e-10, 2.0222709618e-10, 1.83764878314e-10, 9.84698780848e-11, 1.87218452546e-11, 6.67591979961e-12, 6.49610226722e-12, 6.32335416667e-12, 6.16413170507e-12, 6.03581204114e-12, 5.92866858037e-12, 5.81177857575e-12, 5.70648693229e-12, 5.63865057077e-12, 5.60008853526e-12],
        "min": [8.21024674849e-26, 3.75514652787e-25, 9.27210714481e-26, 4.68148518127e-25, 3.51887233296e-25, 1.5235523098e-24, 8.08348629201e-25, 1.17560686654e-24, 4.14890151833e-25, 1.27350805475e-24, 1.02488950555e-25, 2.29061442441e-25, 1.54213802064e-25, 8.6494653953e-25, 5.88951866836e-25, 5.92719466519e-25, 7.90625044724e-25, 4.63157888218e-25, 4.96058170435e-25, 5.9276014216e-25, 9.95265177781e-25, 9.90760584797e-25, 1.56437901709e-24, 8.90472895131e-25, 7.75663853922e-25, 2.22661256145e-24, 5.69051617906e-25, 2.99139900957e-25, 1.68805978526e-24, 1.34329591663e-24, 7.25554620362e-25, 1.5890234262e-24, 1.12858129026e-24, 1.08021820031e-24, 1.81549138981e-24, 1.26238708814e-24, 7.62701883173e-25, 1.35864991086e-24, 1.76469131131e-24, 2.00828406466e-24, 1.25989645705e-24, 9.496941624e-25, 1.76138046209e-24, 1.13511877779e-24, 2.30201839488e-24, 2.79700297492e-24, 1.1587554171e-24, 2.50268942359e-24, 1.49322119964e-24, 2.0992521516e-24, 2.90536307823e-24, 1.16738525958e-24, 1.81276705867e-24, 1.35970274434e-24, 1.43721049765e-24, 1.04016911266e-24, 1.6484199192e-24, 2.22099547738e-24, 3.71564451526e-24, 1.19706920797e-24, 2.69541958122e-24, 3.37546166052e-24, 3.45693758139e-24, 2.03713980772e-24, 1.8693804504e-24, 2.59646861636e-24, 2.33430055527e-24, 2.53138936661e-24, 2.74419879529e-24, 2.6181123958e-24, 2.59281283771e-24, 3.41233301923e-24, 3.12065426332e-24, 3.38451028953e-24, 2.49051335552e-24, 4.10334480105e-24, 3.88874110825e-24, 3.15479991039e-24, 3.05778954335e-24, 3.04111578483e-24, 3.14167247606e-24, 3.12372234059e-24, 4.13895950434e-24, 3.52029849487e-24, 4.38543830532e-24, 4.44978687265e-24, 3.27087882044e-24, 3.26618608413e-24, 4.62923458479e-24, 3.55092128635e-24, 4.06407806621e-24, 2.53993726617e-24, 4.78524011183e-24, 5.56215845181e-24, 6.08169396095e-24, 3.8085672023e-24, 2.9265552348e-24, 5.36027671882e-24, 5.05972229165e-24, 4.28012379675e-24, 4.65144851345e-24, 4.88249127866e-24, 4.35867462139e-24, 4.8580223911e-24, 4.92484088192e-24, 2.60362831793e-24, 5.30941648968e-24, 4.21962329291e-24, 5.19541149495e-24, 5.44674928467e-24, 5.26051657988e-24, 5.40639116076e-24, 6.44846340035e-24, 5.0370965776e-24, 6.06941691868e-24, 5.3842809673e-24, 5.00478956809e-24, 5.25465573779e-24, 4.80641984385e-24, 6.4354393068e-24, 6.97430900787e-24, 6.56641940492e-24, 6.43617097529e-24, 5.66169928741e-24, 7.00644325684e-24, 6.22454878227e-24, 5.14701685056e-24, 6.3696534349e-24],
        "stdev": [1.3415091189e-06, 1.44372120303e-06, 1.05301860458e-05, 3.54062394763e-05, 6.36622862658e-05, 0.000131959095597, 0.000325702538248, 0.00122808909509, 0.00158826378174, 0.000586029957049, 0.000417950446717, 0.00041939917719, 0.000387317006243, 0.000418729818193, 0.000375218573026, 0.000254521146417, 0.000160181007232, 0.000197239060071, 0.000117254559882, 0.000172060434124, 0.00017241758178, 0.000362923834473, 0.000616107718088, 0.000436067028204, 0.000112158770207, 8.90706869541e-05, 0.000159964547493, 0.000398158357712, 0.000198352252482, 0.000914654752705, 0.000750519218855, 0.00032065436244, 0.000293629127555, 8.8250671979e-05, 0.000196603839868, 0.000338362297043, 0.000596088706516, 0.000135257359943, 4.17480587203e-05, 0.000142323668115, 9.06099012354e-05, 0.000164309589309, 0.00012979406165, 0.000521618057974, 0.000134910966153, 8.5747182311e-05, 0.000208001467399, 7.81543858466e-05, 0.000127008126583, 0.000182794596185, 3.32917661581e-05, 4.12885310652e-05, 7.31219697627e-05, 6.47486522212e-05, 0.000180004586582, 5.35349972779e-05, 2.34131548495e-05, 1.63852200785e-05, 5.76134152652e-05, 0.000132762899739, 2.66436400125e-05, 2.05369851756e-05, 4.56313355244e-05, 5.15665124112e-05, 6.31047032584e-06, 8.95611447049e-06, 9.11326151254e-06, 3.26391682393e-06, 3.30719126396e-06, 2.11727019632e-05, 1.69684917637e-05, 2.38697566601e-06, 2.49503159466e-06, 2.80157792076e-06, 2.07835432775e-06, 3.90863215216e-06, 4.49165781902e-06, 2.43407839662e-06, 1.24672419588e-06, 1.33007210934e-06, 1.45303658883e-06, 1.23142467601e-06, 9.33008209358e-07, 4.86483145323e-07, 2.50140487879e-07, 3.3958983181e-07, 1.89389595562e-07, 1.61493630912e-07, 1.17244738362e-07, 8.95651339761e-08, 4.84411302182e-08, 2.84228605096e-08, 1.81296044843e-08, 1.31602950759e-08, 1.61461528592e-08, 8.28955393217e-09, 8.43079739354e-09, 8.00065080853e-09, 8.71995275986e-09, 7.8695094885e-09, 6.59595666974e-09, 6.63725829853e-09, 6.20236351168e-09, 5.8948135262e-09, 2.57567367434e-09, 1.12424747289e-09, 9.69011648699e-10, 2.32013894208e-10, 2.00102517889e-10, 1.80469542088e-10, 1.83731599379e-10, 1.83488516048e-10, 1.79172482406e-10, 1.77190428996e-10, 2.60048954592e-10, 2.45665182641e-10, 1.54757623383e-10, 1.09334187537e-10, 1.06333462868e-10, 1.03454293743e-10, 1.00627658983e-10, 9.7907085217e-11, 9.57686430159e-11, 9.40594616083e-11, 9.23354656623e-11, 9.10940420318e-11, 9.0248836182e-11, 8.96284296781e-11]
    },
    "mfcc": {
        "mean": [-819.216186523, 109.104072571, -29.2825641632, 24.0551872253, -11.1029844284, 9.71223545074, -11.4147987366, -2.04751753807, -4.75164365768, -6.0145277977, -5.52603626251, -8.12061595917, -7.61956787109],
        "cov": [[39529.0585938, 11400.9130859, -6685.67382812, 2245.55566406, -2335.91772461, 1172.69140625, -1443.56030273, -366.0859375, -901.336425781, -1048.6809082, -662.932373047, -1068.20861816, -875.008361816], [11400.9130859, 3716.29785156, -2211.95996094, 654.379638672, -811.757995605, 348.509490967, -502.865509033, -182.907440186, -293.600067139, -353.675537109, -192.512145996, -358.379669189, -297.047912598], [-6685.67382812, -2211.95996094, 2410.96899414, -362.496124268, 731.259765625, -293.158782959, 259.271942139, 56.5224342346, 284.1484375, 323.256317139, 145.790924072, 265.644622803, 166.920532227], [2245.55566406, 654.379638672, -362.496124268, 256.775848389, -136.847564697, 92.7177352905, -125.694854736, -34.643196106, -44.8287811279, -61.1189575195, -39.2540664673, -73.2914352417, -49.1343078613], [-2335.91772461, -811.757995605, 731.259765625, -136.847564697, 347.815002441, -79.7422409058, 117.293251038, 30.2336521149, 122.115478516, 105.620033264, 37.5057601929, 86.4109725952, 65.2258605957], [1172.69140625, 348.509490967, -293.158782959, 92.7177352905, -79.7422409058, 116.556495667, -51.756980896, -24.3333015442, -27.5115566254, -26.3046951294, -20.5300254822, -60.562286377, -37.3752937317], [-1443.56030273, -502.865509033, 259.271942139, -125.694854736, 117.293251038, -51.756980896, 182.739639282, 63.9393501282, 23.7339839935, 27.0903530121, 37.1409759521, 52.1850852966, 47.6113395691], [-366.0859375, -182.907440186, 56.5224342346, -34.643196106, 30.2336521149, -24.3333015442, 63.9393501282, 79.9153671265, 3.82290291786, 5.12209320068, 2.48523259163, 34.9886054993, 20.6380462646], [-901.336425781, -293.600067139, 284.1484375, -44.8287811279, 122.115478516, -27.5115566254, 23.7339839935, 3.82290291786, 95.864402771, 54.9273223877, 21.7091903687, 27.3639736176, 23.2959575653], [-1048.6809082, -353.675537109, 323.256317139, -61.1189575195, 105.620033264, -26.3046951294, 27.0903530121, 5.12209320068, 54.9273223877, 89.0966415405, 30.6032161713, 41.4895401001, 21.4349765778], [-662.932373047, -192.512145996, 145.790924072, -39.2540664673, 37.5057601929, -20.5300254822, 37.1409759521, 2.48523259163, 21.7091903687, 30.6032161713, 55.2505264282, 24.1361293793, 14.0237388611], [-1068.20861816, -358.379669189, 265.644622803, -73.2914352417, 86.4109725952, -60.562286377, 52.1850852966, 34.9886054993, 27.3639736176, 41.4895401001, 24.1361293793, 75.0764312744, 40.6064796448], [-875.008361816, -297.047912598, 166.920532227, -49.1343078613, 65.2258605957, -37.3752937317, 47.6113395691, 20.6380462646, 23.2959575653, 21.4349765778, 14.0237388611, 40.6064796448, 60.6633644104]],
        "icov": [[0.000316524266964, -0.00101919693407, -4.5485494411e-06, -0.000525813258719, -0.000297637307085, -0.000265732582193, -0.000243831178523, -0.00081148755271, 0.000283920147922, -0.000535662402399, 0.000434843561379, -4.77678077004e-06, -0.000231822632486], [-0.00101919693407, 0.00457561993971, 0.000388832093449, 0.000500351714436, 0.00157250114717, 0.000920694263186, 0.00146259658504, 0.00326264020987, -0.00102863577195, 0.00299513689242, -0.00093731645029, 0.000207943667192, 0.00307251187041], [-4.5485494411e-06, 0.000388832093449, 0.00206383434124, -0.000953132519498, -0.00236838986166, 0.00245965947397, -0.000202172348509, 0.00118016847409, 5.70113807044e-05, -0.00274673849344, -0.000528623932041, -0.000978091848083, 0.000932231603656], [-0.000525813258719, 0.000500351714436, -0.000953132519498, 0.0103505933657, 0.000427544116974, -0.00402978155762, 0.00480535393581, -0.00179578131065, -0.000289708870696, 0.00373600306921, -0.00189113151282, 0.00208366545849, -0.00239760475233], [-0.000297637307085, 0.00157250114717, -0.00236838986166, 0.000427544116974, 0.0124898422509, -0.00244690943509, -0.00347036984749, 0.00263643078506, -0.00778324715793, 0.00136953534093, 0.00468160770833, -0.00275144027546, 0.000424497557105], [-0.000265732582193, 0.000920694263186, 0.00245965947397, -0.00402978155762, -0.00244690943509, 0.0206087902188, -0.001110051875, 0.000647523032967, 0.0017822002992, -0.00834510475397, -0.000673591566738, 0.0112477745861, 0.00151368963998], [-0.000243831178523, 0.00146259658504, -0.000202172348509, 0.00480535393581, -0.00347036984749, -0.001110051875, 0.0159877091646, -0.00908167287707, 0.00362604181282, 0.00529937865213, -0.00810735300183, 0.0052286782302, -0.00320827029645], [-0.00081148755271, 0.00326264020987, 0.00118016847409, -0.00179578131065, 0.00263643078506, 0.000647523032967, -0.00908167287707, 0.0261534638703, -0.00327964359894, 0.00179007777479, 0.00610770471394, -0.0142861511558, 0.00414146156982], [0.000283920147922, -0.00102863577195, 5.70113807044e-05, -0.000289708870696, -0.00778324715793, 0.0017822002992, 0.00362604181282, -0.00327964359894, 0.0236115362495, -0.00792698003352, -0.00392087129876, 0.00708477199078, -0.00369893317111], [-0.000535662402399, 0.00299513689242, -0.00274673849344, 0.00373600306921, 0.00136953534093, -0.00834510475397, 0.00529937865213, 0.00179007777479, -0.00792698003352, 0.0337349697948, -0.00661805411801, -0.0090267220512, 0.00483769038692], [0.000434843561379, -0.00093731645029, -0.000528623932041, -0.00189113151282, 0.00468160770833, -0.000673591566738, -0.00810735300183, 0.00610770471394, -0.00392087129876, -0.00661805411801, 0.029562337324, -0.00696767913178, 0.0021158172749], [-4.77678077004e-06, 0.000207943667192, -0.000978091848083, 0.00208366545849, -0.00275144027546, 0.0112477745861, 0.0052286782302, -0.0142861511558, 0.00708477199078, -0.0090267220512, -0.00696767913178, 0.0468449816108, -0.0133041664958], [-0.000231822632486, 0.00307251187041, 0.000932231603656, -0.00239760475233, 0.000424497557105, 0.00151368963998, -0.00320827029645, 0.00414146156982, -0.00369893317111, 0.00483769038692, 0.0021158172749, -0.0133041664958, 0.0333912596107]]
    },
    "spectral_contrast_coeffs": {
        "max": [-0.422036111355, -0.610249638557, -0.562825202942, -0.641150832176, -0.606031954288, -0.505993008614],
        "mean": [-0.730131208897, -0.849195539951, -0.819184780121, -0.848960876465, -0.831287562847, -0.719951808453],
        "min": [-0.975689828396, -0.977921843529, -0.985012114048, -0.971734285355, -0.96625161171, -0.963837862015],
        "stdev": [0.135013863444, 0.0704699978232, 0.0988824218512, 0.0693875849247, 0.0849040523171, 0.146033316851]
    },
    "spectral_contrast_valleys": {
        "max": [-6.33855581284, -5.06506538391, -5.4280462265, -5.75790309906, -6.31592464447, -10.4277248383],
        "mean": [-10.3643913269, -9.79804897308, -10.3412437439, -10.317486763, -10.5426712036, -14.0741453171],
        "min": [-27.9259662628, -27.8141517639, -27.8158988953, -27.6639652252, -27.5284614563, -27.443561554],
        "stdev": [6.15666723251, 6.39319086075, 6.20923805237, 6.22726774216, 6.06655263901, 4.76443099976]
    }
},
"rhythm": {
    "beats_count": 28,
    "beats_loudness": {
        "max": 0.0460202023387,
        "mean": 0.01416142378,
        "min": 0,
        "stdev": 0.0161974597722
    },
    "bpm": 136.475952148,
    "bpm_histogram_first_peak_bpm": 136,
    "bpm_histogram_first_peak_weight": 0.588235259056,
    "bpm_histogram_second_peak_bpm": 144,
    "bpm_histogram_second_peak_spread": 0,
    "bpm_histogram_second_peak_weight": 0.222222223878,
    "danceability": 0.681635141373,
    "onset_rate": 3.52682137489,
    "beats_loudness_band_ratio": {
        "max": [0.702624440193, 0.364208698273, 0.760263860226, 0.575567781925, 0.394048810005, 0.243942812085],
        "mean": [0.270560532808, 0.179363697767, 0.140285089612, 0.166624620557, 0.149928599596, 0.0834006890655],
        "min": [0, 0, 0, 0, 0, 0],
        "stdev": [0.167682617903, 0.0943917781115, 0.139310240746, 0.150228589773, 0.102514058352, 0.0839528590441]
    },
    "beats_position": [0.510838985443, 1.03328800201, 1.55573689938, 2.06657600403, 2.57741498947, 3.03020405769, 3.48299312592, 3.93578219414, 4.38857126236, 4.82975053787, 5.27092981339, 5.71210861206, 6.15328788757, 6.59446716309, 7.02403593063, 7.45360517502, 7.8831744194, 8.31274318695, 8.74231243134, 9.17188167572, 9.58984088898, 10.0078001022, 10.4257593155, 10.8437185287, 11.261677742, 11.6796369553, 12.1208162308, 12.5619955063],
