{
"metadata": {
    "version": {
        "essentia": "2.1-beta5",
        "essentia_git_sha": "Undefined",
        "extractor": "music 2.0"
    },
    "audio_properties": {
        "analysis": {
            "equal_loudness": 0,
            "length": 12.7477550507,
            "sample_rate": 44100,
            "start_time": 0,
            "downmix": "mix"
        },
        "bit_rate": 192000,
        "length": 218.151473999,
        "lossless": 0,
        "number_channels": 2,
        "replay_gain": 15.1279315948,
        "sample_rate": 44100,
        "codec": "mp3",
        "md5_encoded": "b56d53de53e760c735fabe856ff3e9a3"
    },
    "tags": {
        "file_name": "Cyprus_Monika_Island.mp3",
        "encoding": ["Lavf58.29.100"]
    }
},
"lowlevel": {
    "average_loudness": 0.000121409029816,
    "barkbands_crest": {
        "max": 8.43256282806,
        "mean": 6.46239233017,
        "min": 3.30797934532,
        "stdev": 0.808700978756
    },
    "barkbands_flatness_db": {
        "max": 0.164959743619,
        "mean": 0.0805265679955,
        "min": 0.05066819489,
        "stdev": 0.0195823051035
    },
    "barkbands_kurtosis": {
        "max": 5.80058574677,
        "mean": 2.93515610695,
        "min": -0.846148490906,
        "stdev": 1.15092039108
    },
    "barkbands_skewness": {
        "max": 0.682558000088,
        "mean": -1.63355314732,
        "min": -2.21923732758,
        "stdev": 0.641526818275
    },
    "barkbands_spread": {
        "max": 48.8579406738,
        "mean": 25.6714038849,
        "min": 11.4019889832,
        "stdev": 4.53697633743
    },
    "dissonance": {
        "max": 0.499999910593,
        "mean": 0.493026614189,
        "min": 0.471452504396,
        "stdev": 0.00526389572769
    },
    "dynamic_complexity": 8.82286071777,
    "erbbands_crest": {
        "max": 11.4555740356,
        "mean": 3.79003286362,
        "min": 2.50770378113,
        "stdev": 1.13258552551
    },
    "erbbands_flatness_db": {
        "max": 0.259084582329,
        "mean": 0.111982941628,
        "min": 0.0795911699533,
        "stdev": 0.0404062084854
    },
    "erbbands_kurtosis": {
        "max": 2.24542713165,
        "mean": 0.188385933638,
        "min": -0.685735464096,
        "stdev": 0.383950084448
    },
    "erbbands_skewness": {
        "max": 1.07903301716,
        "mean": -0.52735465765,
        "min": -0.952338576317,
        "stdev": 0.377577066422
    },
    "erbbands_spread": {
        "max": 44.3828964233,
        "mean": 34.7889976501,
        "min": 14.4845228195,
        "stdev": 5.41112422943
    },
    "hfc": {
        "max": 453.038696289,
        "mean": 12.090382576,
        "min": 1.05424149218e-16,
        "stdev": 53.4458808899
    },
    "loudness_ebu128": {
        "integrated": -33.7174911499,
        "loudness_range": 17.0745582581,
        "momentary": {
            "max": -30.5941486359,
            "mean": -272.306152344,
            "min": -300.691009521,
            "stdev": 80.2788238525
        },
        "short_term": {
            "max": -37.6715545654,
            "mean": -266.025024414,
            "min": -300.691009521,
            "stdev": 85.8469009399
        }
    },
    "melbands_crest": {
        "max": 8.65511035919,
        "mean": 2.6540594101,
        "min": 1.57186460495,
        "stdev": 1.04718887806
    },
    "melbands_flatness_db": {
        "max": 0.0963309183717,
        "mean": 0.0135360304266,
        "min": 0.00268802908249,
        "stdev": 0.0207503084093
    },
    "melbands_kurtosis": {
        "max": 3.12592124939,
        "mean": -0.932862758636,
        "min": -1.42619240284,
        "stdev": 0.806728243828
    },
    "melbands_skewness": {
        "max": 1.24341702461,
        "mean": 0.0746853873134,
        "min": -0.392513543367,
        "stdev": 0.243200615048
    },
    "melbands_spread": {
        "max": 163.768493652,
        "mean": 122.90435791,
        "min": 24.785785675,
        "stdev": 30.8384799957
    },
    "pitch_salience": {
        "max": 0.911152482033,
        "mean": 0.791424810886,
        "min": 0.738415122032,
        "stdev": 0.0134068010375
    },
    "silence_rate_20dB": {
        "max": 1,
        "mean": 1,
        "min": 1,
        "stdev": 0
    },
    "silence_rate_30dB": {
        "max": 1,
        "mean": 0.974545478821,
        "min": 0,
        "stdev": 0.157501131296
    },
    "silence_rate_60dB": {
        "max": 1,
        "mean": 0.920000016689,
        "min": 0,
        "stdev": 0.271293282509
    },
    "spectral_centroid": {
        "max": 11833.9824219,
        "mean": 10141.8691406,
        "min": 2055.05175781,
        "stdev": 2600.09155273
    },
    "spectral_complexity": {
        "max": 60,
        "mean": 3.79272723198,
        "min": 0,
        "stdev": 13.0883960724
    },
    "spectral_decrease": {
        "max": 2.3289953039e-28,
        "mean": -1.19570997548e-09,
        "min": -4.81286797083e-08,
        "stdev": 5.31696686679e-09
    },
    "spectral_energy": {
        "max": 0.222740158439,
        "mean": 0.00560951977968,
        "min": 9.59718291918e-21,
        "stdev": 0.0248661432415
    },
    "spectral_energyband_high": {
        "max": 0.0308927372098,
        "mean": 0.000621895072982,
        "min": 6.99278133454e-21,
        "stdev": 0.00289395963773
    },
    "spectral_energyband_low": {
        "max": 0.000202505209018,
        "mean": 4.24136169386e-06,
        "min": 8.4752612416e-24,
        "stdev": 1.9700919438e-05
    },
    "spectral_energyband_middle_high": {
        "max": 0.182667434216,
        "mean": 0.00440832879394,
        "min": 1.10412112592e-21,
        "stdev": 0.0197388716042
    },
    "spectral_energyband_middle_low": {
        "max": 0.0345599427819,
        "mean": 0.000606110377703,
        "min": 1.1276281964e-22,
        "stdev": 0.00287848664448
    },
    "spectral_entropy": {
        "max": 9.82819747925,
        "mean": 9.63523960114,
        "min": 8.01808738708,
        "stdev": 0.495665609837
    },
    "spectral_flux": {
        "max": 0.333235144615,
        "mean": 0.0131058245897,
        "min": 6.2260065159e-11,
        "stdev": 0.0485969856381
    },
    "spectral_kurtosis": {
        "max": 12.1704835892,
        "mean": -0.859429717064,
        "min": -1.26817560196,
        "stdev": 1.14293634892
    },
    "spectral_rms": {
        "max": 0.0147413527593,
        "mean": 0.000612258329056,
        "min": 3.0599190716e-12,
        "stdev": 0.00225783977658
    },
    "spectral_rolloff": {
        "max": 19810.546875,
        "mean": 17279.03125,
        "min": 2325.5859375,
        "stdev": 4529.04443359
    },
    "spectral_skewness": {
        "max": 3.0157148838,
        "mean": 0.126660123467,
        "min": -0.0863415524364,
        "stdev": 0.378762513399
    },
    "spectral_spread": {
        "max": 43353832,
        "mean": 36951900,
        "min": 3298725,
        "stdev": 11016996
    },
    "spectral_strongpeak": {
        "max": 5.22489023209,
        "mean": 0.184001639485,
        "min": 0,
        "stdev": 0.696931064129
    },
    "zerocrossingrate": {
        "max": 0.5361328125,
        "mean": 0.461176306009,
        "min": 0.0009765625,
        "stdev": 0.117333501577
    },
    "barkbands": {
        "max": [6.4903783823e-06, 9.14730626391e-05, 0.00010818715964, 0.000239539163886, 0.00161837099586, 0.00245967693627, 0.00458593526855, 0.00999907962978, 0.0166092347354, 0.0128977093846, 0.0146983163431, 0.0309918597341, 0.0485696867108, 0.0301172640175, 0.0487330928445, 0.0308635085821, 0.0204431470484, 0.00718832667917, 0.00604941509664, 0.00356420269236, 0.00750019401312, 0.00593026308343, 0.010930294171, 0.00934086646885, 0.000225213167141, 2.43081240114e-06, 2.12363170249e-06],
        "mean": [1.03793212247e-07, 1.33162996008e-06, 1.38633743063e-06, 4.19055186285e-06, 2.3311966288e-05, 4.8484042054e-05, 7.70649348851e-05, 0.000162837721291, 0.000234700084548, 0.000262882706011, 0.000317187572364, 0.000447989004897, 0.000572442892008, 0.000650214962661, 0.000852465629578, 0.000606656598393, 0.000374526163796, 0.000187385900063, 0.000115399212518, 9.70288092503e-05, 0.000118054980703, 0.000142967954162, 0.000177016161615, 0.000128294996102, 5.57646035304e-06, 1.58293733676e-08, 4.77806505472e-09],
        "min": [2.91756409403e-25, 2.446777132e-24, 1.0734311369e-25, 2.81791962182e-25, 3.19182746355e-24, 5.68252442645e-24, 1.7281347081e-24, 2.58735135645e-24, 7.19414324291e-24, 1.13143960942e-23, 9.29300234456e-24, 1.32110756678e-23, 1.9977384932e-23, 2.31598896373e-23, 3.60045141712e-23, 4.20198814961e-23, 4.97184918215e-23, 7.17303458726e-23, 9.93954643159e-23, 1.26198900526e-22, 2.10512152128e-22, 2.69900239024e-22, 3.43747111327e-22, 5.07312030527e-22, 7.40623411397e-22, 1.08536809729e-21, 1.87208017065e-21],
        "stdev": [5.3946433809e-07, 7.3816108852e-06, 7.04566673448e-06, 2.21551035793e-05, 0.000136675749673, 0.000235950312344, 0.000382748636184, 0.000849564967211, 0.00128105212934, 0.0012540606549, 0.00148191931657, 0.00229420163669, 0.00299388007261, 0.00305228913203, 0.00416240980849, 0.00278349150904, 0.00176731962711, 0.000853870529681, 0.000528686505277, 0.000423611811129, 0.000553229649086, 0.000636675802525, 0.000860459578689, 0.000680581841152, 2.5616676794e-05, 1.17435924096e-07, 9.0489628235e-08]
    },
    "erbbands": {
        "max": [0.0024703273084, 0.026068162173, 0.103670917451, 0.360369235277, 4.44151687622, 7.73492527008, 9.08630847931, 24.4759159088, 50.3596572876, 145.216751099, 229.596694946, 468.86340332, 263.587524414, 634.07824707, 652.125793457, 1460.14953613, 2367.14355469, 1625.2644043, 2433.05200195, 1685.31030273, 1551.45507812, 1167.44006348, 497.718292236, 397.343109131, 191.819320679, 185.714996338, 248.894607544, 296.095550537, 234.039108276, 267.283935547, 260.779785156, 309.435058594, 86.5925979614, 7.02759122849, 0.48696410656, 0.0216652341187, 0.00472336541861, 0.00149523315486, 0.000383529317332, 0.000340556260198],
        "mean": [2.72281613434e-05, 0.000345802487573, 0.00158780196216, 0.0080143250525, 0.0434641316533, 0.0825373232365, 0.172131896019, 0.46619540453, 0.95386838913, 1.98462378979, 3.94673299789, 5.79148483276, 6.14784002304, 10.3688688278, 15.1350545883, 19.4608631134, 26.162858963, 32.0649375916, 42.3529052734, 38.4371299744, 32.1562995911, 21.2406024933, 11.7149581909, 7.14723110199, 5.3364777565, 4.55683326721, 4.54861927032, 4.70855140686, 5.202937603, 5.09248924255, 4.92285346985, 4.16676855087, 1.19236207008, 0.156387344003, 0.0110272346064, 0.000637434888631, 6.61723461235e-05, 1.56682199304e-05, 7.7757258623e-06, 8.96157507668e-06],
        "min": [7.25865439447e-23, 4.51307753017e-22, 8.73711339545e-22, 3.84818395788e-21, 8.24055986257e-21, 7.5099186592e-21, 2.8069094542e-20, 5.28215696438e-20, 7.42604884588e-20, 8.21527673172e-20, 1.69069552125e-19, 1.95553678141e-19, 3.60092503557e-19, 3.76044397327e-19, 6.76729952513e-19, 8.00667199174e-19, 1.23333229038e-18, 1.40664875579e-18, 2.0805114418e-18, 2.40391486628e-18, 2.52003634183e-18, 3.34800174198e-18, 4.37549799514e-18, 4.75945496956e-18, 6.15271001687e-18, 6.30191851013e-18, 8.23472940893e-18, 8.93096981206e-18, 9.67355879927e-18, 1.0680440264e-17, 8.72390996113e-18, 7.64033975463e-18, 8.88026612205e-18, 7.86704183639e-18, 5.73124495117e-18, 3.86155910003e-18, 2.06207710147e-18, 8.96211729803e-19, 2.07562737973e-19, 2.56385147849e-20],
        "stdev": [0.000161940406542, 0.00195324490778, 0.0080308932811, 0.0387672223151, 0.300909698009, 0.521017491817, 0.845928966999, 2.30607414246, 4.7338643074, 10.4194688797, 20.1158752441, 32.5736122131, 27.7177906036, 51.0858192444, 69.9326477051, 101.918823242, 140.887649536, 151.73236084, 204.065979004, 175.351516724, 147.986358643, 101.222549438, 54.0984764099, 33.4684944153, 23.0181293488, 19.8640956879, 20.7384929657, 22.1805591583, 23.3759231567, 23.4895153046, 23.2578773499, 22.5183582306, 6.18082427979, 0.742921888828, 0.0513527169824, 0.00278468080796, 0.000334242067765, 8.79380168044e-05, 3.59922087227e-05, 3.95570932596e-05]
    },
    "gfcc": {
        "mean": [-1141.39770508, 2.12841653824, -22.3601398468, 1.83848333359, -9.53827190399, 2.54451203346, -4.8436961174, -0.917554736137, -0.215648472309, -1.60027134418, -0.233412146568, -1.49270951748, -0.0544741414487],
        "cov": [[140941.546875, 3100.84301758, -25261.3300781, 2157.90893555, -10773.5605469, 2906.80175781, -5454.88183594, -1117.80419922, -160.406204224, -1913.99682617, -181.505493164, -1766.51049805, -6.70229434967], [3100.84301758, 160.131195068, -536.37298584, 56.4690856934, -228.984695435, 64.9245681763, -115.477081299, -32.7109260559, 7.96952295303, -51.1938362122, 4.84985589981, -48.3211936951, 5.03561019897], [-25261.3300781, -536.37298584, 4554.12255859, -384.277496338, 1940.66052246, -520.737609863, 983.297729492, 199.016998291, 30.7016868591, 340.140289307, 35.6706390381, 315.528961182, 2.71680188179], [2157.90893555, 56.4690856934, -384.277496338, 40.3638954163, -163.889678955, 47.9330444336, -82.3459320068, -17.4022006989, -0.963458955288, -31.1294364929, -1.24142098427, -28.6061477661, 0.878093659878], [-10773.5605469, -228.984695435, 1940.66052246, -163.889678955, 830.618408203, -221.295455933, 420.238677979, 85.6864547729, 13.5889825821, 145.257095337, 14.8377389908, 135.041305542, 1.20199513435], [2906.80175781, 64.9245681763, -520.737609863, 47.9330444336, -221.295455933, 64.442779541, -110.99382782, -21.9657878876, -2.33523702621, -39.9460258484, -3.48965454102, -37.3845748901, 0.560766637325], [-5454.88183594, -115.477081299, 983.297729492, -82.3459320068, 420.238677979, -110.99382782, 216.102783203, 45.0634880066, 7.94911193848, 73.7956619263, 8.04389953613, 68.2783203125, 1.53754484653], [-1117.80419922, -32.7109260559, 199.016998291, -17.4022006989, 85.6864547729, -21.9657878876, 45.0634880066, 13.1943149567, 2.4019048214, 17.0388374329, 0.753120303154, 15.0042314529, 0.223417982459], [-160.406204224, 7.96952295303, 30.7016868591, -0.963458955288, 13.5889825821, -2.33523702621, 7.94911193848, 2.4019048214, 4.43180704117, 2.3501124382, 1.55695343018, 0.610515236855, 1.04998266697], [-1913.99682617, -51.1938362122, 340.140289307, -31.1294364929, 145.257095337, -39.9460258484, 73.7956619263, 17.0388374329, 2.3501124382, 30.1049594879, 2.45103597641, 25.550693512, -0.430781543255], [-181.505493164, 4.84985589981, 35.6706390381, -1.24142098427, 14.8377389908, -3.48965454102, 8.04389953613, 0.753120303154, 1.55695343018, 2.45103597641, 3.57320404053, 2.52621054649, 1.44658088684], [-1766.51049805, -48.3211936951, 315.528961182, -28.6061477661, 135.041305542, -37.3845748901, 68.2783203125, 15.0042314529, 0.610515236855, 25.550693512, 2.52621054649, 25.7202949524, 0.281033098698], [-6.70229434967, 5.03561019897, 2.71680188179, 0.878093659878, 1.20199513435, 0.560766637325, 1.53754484653, 0.223417982459, 1.04998266697, -0.430781543255, 1.44658088684, 0.281033098698, 2.45730876923]],
        "icov": [[0.0018886027392, -0.00174935767427, 0.00710619101301, 0.00212615774944, 0.00457624718547, -0.00695210741833, 0.00124618783593, -0.00289172353223, 0.00166695122607, 0.00821170862764, -0.00651470199227, -0.00173731055111, 0.00371191441081], [-0.00174935767427, 0.0578593164682, 0.00223382003605, -0.00654456811026, -0.0262349378318, 0.0347952283919, -0.00918398797512, 0.0870401114225, -0.12804120779, 0.0616508051753, -0.0704017207026, 0.0647340416908, -0.0211852136999], [0.00710619101301, 0.00223382003605, 0.0989587157965, -0.0129107534885, -0.112330645323, 0.0482613444328, -0.0535472780466, 0.0144354673102, 0.0264197271317, 0.0192865654826, -0.0633707270026, 0.0438830144703, 0.0105134658515], [0.00212615774944, -0.00654456811026, -0.0129107534885, 0.289333760738, 0.0240685604513, -0.213374108076, 0.0345807150006, -0.0202585309744, -0.0183293689042, 0.0999524518847, -0.120317101479, 0.0099215041846, 0.0422668494284], [0.00457624718547, -0.0262349378318, -0.112330645323, 0.0240685604513, 0.36780244112, -0.088821940124, -0.0994990319014, 0.0174380782992, -0.044559918344, 0.0123294228688, 0.101714484394, -0.15828050673, 0.0622909478843], [-0.00695210741833, 0.0347952283919, 0.0482613444328, -0.213374108076, -0.088821940124, 0.479552775621, -0.0761965587735, -0.0497668012977, 0.00173634127714, -0.00863377097994, -0.00820324290544, 0.163610577583, -0.0973012894392], [0.00124618783593, -0.00918398797512, -0.0535472780466, 0.0345807150006, -0.0994990319014, -0.0761965587735, 0.472471892834, -0.231111764908, 0.00489942124113, 0.0361209139228, -0.0572554878891, 0.0266972426325, -0.104601025581], [-0.00289172353223, 0.0870401114225, 0.0144354673102, -0.0202585309744, 0.0174380782992, -0.0497668012977, -0.231111764908, 0.698829054832, -0.397881656885, -0.0830471813679, 0.16430208087, -0.116515569389, -0.0390214510262], [0.00166695122607, -0.12804120779, 0.0264197271317, -0.0183293689042, -0.044559918344, 0.00173634127714, 0.00489942124113, -0.397881656885, 0.798800230026, -0.216785594821, -0.0562519952655, 0.187695935369, -0.0688906684518], [0.00821170862764, 0.0616508051753, 0.0192865654826, 0.0999524518847, 0.0123294228688, -0.00863377097994, 0.0361209139228, -0.0830471813679, -0.216785594821, 0.535827338696, -0.226796597242, -0.0768403336406, 0.14877282083], [-0.00651470199227, -0.0704017207026, -0.0633707270026, -0.120317101479, 0.101714484394, -0.00820324290544, -0.0572554878891, 0.16430208087, -0.0562519952655, -0.226796597242, 0.760159790516, -0.271552085876, -0.219598561525], [-0.00173731055111, 0.0647340416908, 0.0438830144703, 0.0099215041846, -0.15828050673, 0.163610577583, 0.0266972426325, -0.116515569389, 0.187695935369, -0.0768403336406, -0.271552085876, 0.680182397366, -0.167083159089], [0.00371191441081, -0.0211852136999, 0.0105134658515, 0.0422668494284, 0.0622909478843, -0.0973012894392, -0.104601025581, -0.0390214510262, -0.0688906684518, 0.14877282083, -0.219598561525, -0.167083159089, 0.698391616344]]
    },
    "melbands": {
        "max": [1.98517009267e-05, 4.36735463154e-05, 0.000182720468729, 0.000377644202672, 0.000257657375187, 0.000605409499258, 0.000731494219508, 0.00181582162622, 0.00193199887872, 0.00276533397846, 0.00129152601585, 0.00261836010031, 0.00187298213132, 0.00363354245201, 0.00259915040806, 0.00603519845754, 0.0029981599655, 0.00378224882297, 0.00324437068775, 0.00167873920873, 0.00182610948104, 0.00136099068914, 0.000689411303028, 0.000357912387699, 0.000335644406732, 0.000191184226424, 0.000158851617016, 0.000133263529278, 0.000120661999972, 0.000216397980694, 0.000145262907608, 0.000168463404407, 0.000121978380776, 0.000181794312084, 0.000150752224727, 0.000190975508303, 0.000216997330426, 6.61917001707e-05, 1.57722970471e-05, 2.42882833845e-06],
        "mean": [3.03859991391e-07, 7.33262425001e-07, 2.3636282549e-06, 4.63567130282e-06, 5.52018445887e-06, 1.07417372419e-05, 1.48522922245e-05, 2.49821805482e-05, 3.36307020916e-05, 3.54661606252e-05, 3.0461784263e-05, 4.10308202845e-05, 4.70638442494e-05, 5.01178183185e-05, 5.10083555127e-05, 6.11581635894e-05, 5.86203495914e-05, 6.58217613818e-05, 6.37476696284e-05, 4.15245340264e-05, 3.69198714907e-05, 2.29412944464e-05, 1.41362388604e-05, 8.24106246e-06, 5.51067478227e-06, 4.13003999711e-06, 3.46700016962e-06, 2.9110954074e-06, 2.70048963102e-06, 2.86362751467e-06, 2.64984691967e-06, 2.91925812235e-06, 2.80044173451e-06, 2.89603713099e-06, 2.73142745755e-06, 2.93999596579e-06, 2.46621948463e-06, 9.53093717726e-07, 2.86994520593e-07, 6.35385646319e-08],
        "min": [9.48555441684e-25, 7.4050047768e-25, 6.95396024221e-25, 4.82913578386e-25, 8.86608659987e-25, 1.29764631098e-24, 9.41732485107e-25, 6.5613392393e-25, 1.5780191124e-24, 1.08933457275e-24, 1.55997431362e-24, 1.45252869731e-24, 1.53104757309e-24, 1.80207720455e-24, 1.49022786694e-24, 2.38917155047e-24, 1.95948335413e-24, 2.95392969429e-24, 2.72635910035e-24, 2.83168149753e-24, 2.87770423439e-24, 2.72828490704e-24, 3.02133233662e-24, 3.10718939374e-24, 3.29186468988e-24, 3.77139923189e-24, 3.37212044015e-24, 3.33411233288e-24, 3.20111393413e-24, 4.05816831473e-24, 3.68147263856e-24, 4.66267952615e-24, 4.23934954871e-24, 4.96508659316e-24, 4.66115899676e-24, 4.59133060715e-24, 4.24889870997e-24, 4.60838223005e-24, 4.95980832484e-24, 5.57475340502e-24],
        "stdev": [1.66920403899e-06, 3.67341203855e-06, 1.37739943966e-05, 2.99234361592e-05, 2.68147068709e-05, 5.30383185833e-05, 7.30342144379e-05, 0.000132853368996, 0.000170854225871, 0.000198176159756, 0.000138593357406, 0.0002049402392, 0.000215662759729, 0.000258100248175, 0.000248721014941, 0.000340893573593, 0.000280475040199, 0.000315107812639, 0.000311332318233, 0.000185701879673, 0.000172393847606, 0.000110965571366, 6.67728454573e-05, 3.79116063414e-05, 2.67589603027e-05, 1.86155812116e-05, 1.52477796291e-05, 1.29410791487e-05, 1.19929363791e-05, 1.4289338651e-05, 1.22622977869e-05, 1.35209857035e-05, 1.28521760416e-05, 1.38496516229e-05, 1.27566900119e-05, 1.51081630975e-05, 1.42254939419e-05, 4.86079079565e-06, 1.46853960814e-06, 2.88192552489e-07]
    },
    "melbands128": {
        "max": [3.84888789995e-06, 2.05483793252e-05, 2.76349273918e-05, 5.354597306e-05, 4.85878626932e-05, 5.36915576959e-05, 6.33348026895e-05, 0.000178176589543, 0.000519247027114, 0.000497369270306, 0.000550158729311, 0.000287669710815, 0.00042469514301, 0.000636273529381, 0.000597621547058, 0.00109101785347, 0.0011878896039, 0.000719402858522, 0.00112716143485, 0.0015793555649, 0.00233614398167, 0.00225236034021, 0.00207212031819, 0.00219005858526, 0.00512075936422, 0.00196128245443, 0.0021247214172, 0.00128086446784, 0.00236419495195, 0.00336288660765, 0.00326769915409, 0.00206218683161, 0.00227674422786, 0.00343364826404, 0.00243902532384, 0.00569594092667, 0.00505923526362, 0.00311110308394, 0.00243905279785, 0.0090136770159, 0.00748268608004, 0.00301386136562, 0.00352554116398, 0.00456796959043, 0.00281144957989, 0.00313953519799, 0.0059244222939, 0.00433795386925, 0.00241924263537, 0.00224285409786, 0.0018355952343, 0.00218985136598, 0.00227882922627, 0.00189088168554, 0.00143152964301, 0.00153777655214, 0.00154629396275, 0.00121528212912, 0.000657471246086, 0.000481393391965, 0.000506982090883, 0.000326447072439, 0.000360356061719, 0.000377700314857, 0.000366462219972, 0.000262446643319, 0.000145892525325, 0.000158931215992, 0.000214907704503, 9.894012328e-05, 0.000166368045029, 0.000158753668074, 0.000136771806865, 0.000131761509692, 0.000153334272909, 0.000251596909948, 0.000225794603466, 0.00019980937941, 0.000153187327669, 0.000112836751214, 0.000246493320446, 0.000182124727871, 0.000137637893204, 0.000160847484949, 0.000123684367281, 0.000125218954054, 0.000196866691113, 0.000308265385684, 0.000109951084596, 0.000163174030604, 0.000181487033842, 0.000263698428171, 0.00012451436487, 0.000326649751514, 0.000221097914618, 5.93287586526e-05, 4.90113743581e-05, 3.70042362192e-05, 2.64193276962e-05, 1.00353599919e-05, 4.26053838964e-06, 2.4316004783e-06, 1.46030743053e-06, 5.36286847819e-07, 3.02713800693e-07, 1.33233712063e-07, 6.1737907231e-08, 3.15151176267e-08, 1.66908318278e-08, 1.71950489403e-08, 1.50011345568e-08, 1.45598706425e-08, 1.31136328463e-08, 1.23365886395e-08, 1.15621023866e-08, 1.10367412987e-08, 1.0597944744e-08, 1.00619290677e-08, 9.90984805327e-09, 9.69313962429e-09, 8.88505891083e-09, 8.87979823005e-09, 8.66379323838e-09, 8.63438209819e-09, 8.19917733708e-09, 8.19938250629e-09, 7.65464225339e-09, 7.95283128241e-09],
        "mean": [6.73490845315e-08, 1.90691309854e-07, 3.33122017082e-07, 6.45603506655e-07, 7.70126519001e-07, 6.58402200315e-07, 1.23290806187e-06, 2.46480385613e-06, 4.68065627501e-06, 5.04327454109e-06, 4.4578514462e-06, 4.28548673881e-06, 5.35483786734e-06, 7.58879332352e-06, 9.06119112187e-06, 1.32765171657e-05, 1.57440117619e-05, 1.38004279506e-05, 1.56963778863e-05, 2.04665393539e-05, 3.05075736833e-05, 3.58900797437e-05, 3.11480580422e-05, 3.29291433445e-05, 4.6950786782e-05, 2.94370784104e-05, 2.69353022304e-05, 2.80849417322e-05, 3.46055348928e-05, 4.5861932449e-05, 4.0322462155e-05, 3.77541655325e-05, 5.01524300489e-05, 5.20046705788e-05, 4.64539189124e-05, 5.03245282744e-05, 5.50426047994e-05, 4.93391271448e-05, 4.52432104794e-05, 6.55729163554e-05, 6.27197805443e-05, 5.99659360887e-05, 5.52371202502e-05, 6.18713820586e-05, 5.9344478359e-05, 6.52692251606e-05, 7.63959469623e-05, 6.76456620567e-05, 5.86193054914e-05, 4.69765036542e-05, 3.61541060556e-05, 4.04072234232e-05, 4.08757769037e-05, 3.45653388649e-05, 2.78945462924e-05, 2.14893407247e-05, 1.9938668629e-05, 1.65705641848e-05, 1.22589226521e-05, 9.09461414267e-06, 8.8303386292e-06, 6.73686190567e-06, 5.60505350222e-06, 5.34721675649e-06, 4.90802449349e-06, 4.0606728362e-06, 3.82622465622e-06, 3.40369865626e-06, 3.73712327928e-06, 2.92731078844e-06, 2.92670415547e-06, 2.96835855806e-06, 2.44946136263e-06, 2.70648661171e-06, 2.85662122224e-06, 2.91075230052e-06, 2.95964036923e-06, 2.67429322776e-06, 2.69350584858e-06, 2.32850220527e-06, 2.95522386295e-06, 3.20799722431e-06, 2.87430498247e-06, 2.78925426755e-06, 2.6655138754e-06, 2.73981891041e-06, 3.14887233799e-06, 2.89565809908e-06, 2.45690489464e-06, 2.85640658149e-06, 3.00327656078e-06, 3.12018801196e-06, 2.48065430242e-06, 2.94506230603e-06, 2.17779893319e-06, 1.16252022053e-06, 7.42722590985e-07, 4.78307811136e-07, 3.15630188652e-07, 1.78125276307e-07, 9.72170894897e-08, 4.24327950554e-08, 2.24039062857e-08, 1.06792796828e-08, 5.42799316605e-09, 2.38868902436e-09, 1.04275144075e-09, 4.46712944413e-10, 1.62402077897e-10, 6.18268145014e-11, 4.1741499146e-11, 3.39841835229e-11, 2.85870164346e-11, 2.81664049723e-11, 2.9292561432e-11, 2.46415648303e-11, 2.3356176368e-11, 2.20758515634e-11, 2.18408572478e-11, 2.17131677221e-11, 2.00802881267e-11, 2.0140158638e-11, 1.96669798502e-11, 1.95725675251e-11, 1.880461932e-11, 1.89951422647e-11, 1.80416289547e-11, 1.83400482301e-11],
        "min": [1.11210344041e-26, 2.17214452626e-25, 1.42759677306e-25, 4.0037787219e-25, 3.16812455994e-25, 7.25637463083e-26, 2.24860807425e-25, 1.02263817048e-25, 2.42947982823e-25, 1.33594358508e-25, 5.00738580793e-26, 8.248582307e-26, 1.16653755458e-25, 3.54566500753e-25, 1.24816000637e-25, 1.12613789221e-25, 4.86491703541e-25, 3.30396961256e-25, 3.34485898499e-25, 4.27198551322e-25, 2.35781723841e-25, 3.09023613194e-25, 5.11328890534e-25, 2.69496357031e-25, 3.62539345358e-25, 2.57469285063e-25, 4.83158667609e-25, 4.83319348715e-25, 3.55406144579e-25, 1.61079221544e-25, 4.6791333897e-25, 3.43226995019e-25, 3.79747729708e-25, 4.351509595e-25, 7.09285054445e-25, 6.98810953776e-25, 4.6099281016e-25, 9.61002187654e-25, 9.63082118038e-25, 6.3859162955e-25, 8.64998111311e-25, 7.69262444892e-25, 7.91282757504e-25, 4.88438464344e-25, 1.11537792807e-24, 1.58822352124e-24, 5.95432901514e-25, 5.71658655287e-25, 1.2992876347e-24, 9.19821676249e-25, 4.69453392672e-25, 1.24654518344e-24, 1.54311122848e-24, 1.03785420033e-24, 9.03861245199e-25, 7.39837538697e-25, 1.33544191885e-24, 1.17253740876e-24, 9.81443348645e-25, 1.65665681034e-24, 1.50948899062e-24, 1.2858237512e-24, 1.31870140297e-24, 1.99693768105e-24, 1.85843263875e-24, 1.15715826959e-24, 2.61395805706e-24, 1.61192050841e-24, 2.10901055821e-24, 2.14316488275e-24, 2.57782250836e-24, 1.36554918973e-24, 1.64797233924e-24, 1.29336664196e-24, 2.45370727505e-24, 1.93925064963e-24, 2.4784285981e-24, 1.22023696807e-24, 3.08253965982e-24, 1.90657050891e-24, 2.04661599934e-24, 2.84898476706e-24, 2.76302160814e-24, 2.26247141719e-24, 2.1898429658e-24, 2.53668065114e-24, 2.93297005447e-24, 3.50727834563e-24, 2.41332627417e-24, 1.70820985657e-24, 3.04115641116e-24, 3.06586373193e-24, 2.86862602309e-24, 2.76734594641e-24, 3.61921455263e-24, 2.86700767494e-24, 2.22563772659e-24, 3.16691227794e-24, 3.57029531575e-24, 3.53298890025e-24, 3.23442496636e-24, 3.5666239571e-24, 3.71646335288e-24, 4.1377284869e-24, 4.19671713881e-24, 3.22415735003e-24, 4.02090370886e-24, 3.9387970937e-24, 4.22512402001e-24, 4.17799668067e-24, 3.95340127563e-24, 4.08645805009e-24, 4.61056066944e-24, 4.27407362804e-24, 4.42498705794e-24, 4.16013923636e-24, 4.82047813404e-24, 4.87537496443e-24, 4.70956823507e-24, 4.91425436858e-24, 4.12752772653e-24, 4.78346162492e-24, 4.7490381016e-24, 4.23810945937e-24, 4.87455178808e-24, 4.1913146249e-24, 5.27739741439e-24, 5.03626748479e-24],
        "stdev": [3.69947144918e-07, 1.25988003674e-06, 2.03324657377e-06, 3.81715244657e-06, 4.27715940532e-06, 3.35615095537e-06, 5.97034386374e-06, 1.45437134051e-05, 3.47932400473e-05, 3.49190631823e-05, 3.23624371958e-05, 2.35928964685e-05, 2.87242783088e-05, 4.22892044298e-05, 4.92500912515e-05, 7.41409166949e-05, 8.7882974185e-05, 7.13089320925e-05, 8.38066407596e-05, 0.000111944442324, 0.000178020738531, 0.00020167735056, 0.000168555445271, 0.000180130635272, 0.000305958266836, 0.000157735659741, 0.000150138963363, 0.000129553838633, 0.000187477344298, 0.000253887439612, 0.000241657689912, 0.000181832874659, 0.000243788439548, 0.000272608565865, 0.000231808677199, 0.000320890481817, 0.000331176241161, 0.000254095968558, 0.000226434480282, 0.000456622685306, 0.000392765796278, 0.000299530802295, 0.000281809770968, 0.000354070041794, 0.000285601592623, 0.000315839162795, 0.000426040089224, 0.000379484961741, 0.000277792831184, 0.00022585123952, 0.000176998917595, 0.000203559131478, 0.000199127258384, 0.000170098428498, 0.000138189046993, 0.000112148249173, 0.000110772765765, 8.34320817376e-05, 6.28212219453e-05, 4.36860791524e-05, 4.51097766927e-05, 3.26212648361e-05, 2.77269973594e-05, 2.8127216865e-05, 2.59327825916e-05, 2.01569655474e-05, 1.69023169292e-05, 1.5470352082e-05, 1.78831724043e-05, 1.28443289213e-05, 1.38891591632e-05, 1.43679089888e-05, 1.13752957986e-05, 1.23222134789e-05, 1.34555202749e-05, 1.59142637131e-05, 1.55458583322e-05, 1.3811863937e-05, 1.2609904843e-05, 1.06248689917e-05, 1.54851568368e-05, 1.52051134137e-05, 1.40995807669e-05, 1.39275562105e-05, 1.21317989397e-05, 1.30345024445e-05, 1.51660933625e-05, 1.69726245076e-05, 1.08431704575e-05, 1.41370483107e-05, 1.56200858328e-05, 1.82842650247e-05, 1.1679761883e-05, 1.9268338292e-05, 1.38176010296e-05, 5.58954252483e-06, 3.76539696845e-06, 2.60395927398e-06, 1.78648963356e-06, 8.54407915085e-07, 4.41923532435e-07, 2.10500687103e-07, 1.18847339081e-07, 5.57906183474e-08, 2.71687614628e-08, 1.11417230997e-08, 4.94455543176e-09, 2.35373143198e-09, 1.07991682263e-09, 7.78326458839e-10, 6.63803512158e-10, 6.23769258468e-10, 5.58737001111e-10, 5.26129084744e-10, 4.99542573973e-10, 4.70287808696e-10, 4.51568588078e-10, 4.28724167278e-10, 4.22245433063e-10, 4.13029416224e-10, 3.7861946911e-10, 3.78401754375e-10, 3.69191038851e-10, 3.67925800937e-10, 3.4940023097e-10, 3.49431927837e-10, 3.26246002436e-10, 3.38917754972e-10]
    },
    "mfcc": {
        "mean": [-1200.42736816, 3.58312726021, -6.19279336929, -2.7927801609, -1.90234863758, 0.419761270285, -2.61230587959, 0.113494329154, -1.06322240829, 0.524093925953, -1.01246714592, 0.296816110611, -0.697334587574],
        "cov": [[41231.3710938, 2232.34033203, -3852.6875, -1744.0859375, -1184.36853027, 266.248809814, -1618.9864502, 85.5959701538, -657.285827637, 309.285064697, -634.123779297, 194.841751099, -430.350280762], [2232.34033203, 131.588638306, -212.552001953, -95.8561553955, -65.1943893433, 13.1158084869, -90.8338851929, 2.95434832573, -36.2427940369, 18.4496536255, -33.9764442444, 10.1573219299, -23.4929695129], [-3852.6875, -212.552001953, 372.942687988, 167.203765869, 114.094779968, -24.1321220398, 155.704849243, -6.99706888199, 62.2837753296, -30.7088279724, 60.3803443909, -17.5132808685, 40.5916099548], [-1744.0859375, -95.8561553955, 167.203765869, 77.7861175537, 51.7551651001, -10.8837394714, 70.5198059082, -2.54196691513, 28.1644268036, -13.9691572189, 27.8373317719, -8.11568832397, 18.1900196075], [-1184.36853027, -65.1943893433, 114.094779968, 51.7551651001, 37.592666626, -6.69524240494, 47.6832885742, -1.70062148571, 19.5465736389, -9.65856742859, 18.441619873, -5.02446842194, 12.3407239914], [266.248809814, 13.1158084869, -24.1321220398, -10.8837394714, -6.69524240494, 4.39326334, -9.51522064209, 1.03290867805, -4.18026924133, 2.37124276161, -4.26703214645, 1.36909389496, -3.25676417351], [-1618.9864502, -90.8338851929, 155.704849243, 70.5198059082, 47.6832885742, -9.51522064209, 67.8703384399, -1.76585483551, 26.8892059326, -12.877913475, 25.3148002625, -7.57933282852, 17.3700637817], [85.5959701538, 2.95434832573, -6.99706888199, -2.54196691513, -1.70062148571, 1.03290867805, -1.76585483551, 3.27558374405, 0.0736334994435, 0.870953202248, -1.3806399107, 0.585505723953, -1.19858801365], [-657.285827637, -36.2427940369, 62.2837753296, 28.1644268036, 19.5465736389, -4.18026924133, 26.8892059326, 0.0736334994435, 14.3465900421, -3.78516602516, 10.747344017, -2.41864562035, 7.61692619324], [309.285064697, 18.4496536255, -30.7088279724, -13.9691572189, -9.65856742859, 2.37124276161, -12.877913475, 0.870953202248, -3.78516602516, 6.28506708145, -3.88965773582, 1.24220788479, -3.74706530571], [-634.123779297, -33.9764442444, 60.3803443909, 27.8373317719, 18.441619873, -4.26703214645, 25.3148002625, -1.3806399107, 10.747344017, -3.88965773582, 12.0728445053, -2.59282207489, 7.27136898041], [194.841751099, 10.1573219299, -17.5132808685, -8.11568832397, -5.02446842194, 1.36909389496, -7.57933282852, 0.585505723953, -2.41864562035, 1.24220788479, -2.59282207489, 3.09803700447, -1.18564903736], [-430.350280762, -23.4929695129, 40.5916099548, 18.1900196075, 12.3407239914, -3.25676417351, 17.3700637817, -1.19858801365, 7.61692619324, -3.74706530571, 7.27136898041, -1.18564903736, 7.22976827621]],
        "icov": [[0.00124793453142, -0.00478140078485, 0.00334591860883, 0.00639683613554, 0.00524923950434, -0.0081092370674, 0.00312735931948, -0.00947018712759, 0.00302221206948, 0.0055038658902, -0.00156216719188, -0.00581408897415, 0.00245530693792], [-0.00478140078485, 0.135436072946, 0.0203861556947, -0.0194573141634, -0.026717575267, 0.0497007742524, 0.0593857467175, 0.0403278619051, 0.00885921530426, -0.0553811043501, -0.00785062368959, 0.0135920345783, -0.00593045912683], [0.00334591860883, 0.0203861556947, 0.183518379927, -0.0912855193019, -0.102433621883, 0.050086133182, -0.143745079637, 0.0799416080117, -0.00072176993126, 0.00447687320411, -0.0152093414217, -0.0364167243242, 0.0331431701779], [0.00639683613554, -0.0194573141634, -0.0912855193019, 0.531381428242, -0.0842306986451, -0.00444467458874, -0.0699504241347, -0.136018738151, 0.0357316620648, 0.12041413784, -0.250706851482, 0.0524089038372, 0.0659105926752], [0.00524923950434, -0.026717575267, -0.102433621883, -0.0842306986451, 0.483502864838, -0.170027375221, 0.084404066205, -0.050229780376, -0.0831117257476, 0.0980298146605, 0.00389446481131, -0.0585155971348, 0.0245236139745], [-0.0081092370674, 0.0497007742524, 0.050086133182, -0.00444467458874, -0.170027375221, 0.533199131489, -0.156744778156, 0.0410779304802, 0.0750415921211, -0.148182079196, 0.0816105157137, -0.0697547569871, 0.0732092633843], [0.00312735931948, 0.0593857467175, -0.143745079637, -0.0699504241347, 0.084404066205, -0.156744778156, 0.577879309654, -0.184849649668, -0.0655737370253, 0.0571360737085, -0.0264155361801, 0.123181834817, -0.126076698303], [-0.00947018712759, 0.0403278619051, 0.0799416080117, -0.136018738151, -0.050229780376, 0.0410779304802, -0.184849649668, 0.564822912216, -0.162773132324, -0.0577899999917, 0.114915587008, -0.0619987882674, 0.118513785303], [0.00302221206948, 0.00885921530426, -0.00072176993126, 0.0357316620648, -0.0831117257476, 0.0750415921211, -0.0655737370253, -0.162773132324, 0.435699880123, -0.166484221816, -0.00664757238701, -0.0723430216312, -0.121429428458], [0.0055038658902, -0.0553811043501, 0.00447687320411, 0.12041413784, 0.0980298146605, -0.148182079196, 0.0571360737085, -0.0577899999917, -0.166484221816, 0.47795727849, -0.260089546442, 0.0632217898965, 0.133695706725], [-0.00156216719188, -0.00785062368959, -0.0152093414217, -0.250706851482, 0.00389446481131, 0.0816105157137, -0.0264155361801, 0.114915587008, -0.00664757238701, -0.260089546442, 0.722566604614, -0.0919778868556, -0.159302175045], [-0.00581408897415, 0.0135920345783, -0.0364167243242, 0.0524089038372, -0.0585155971348, -0.0697547569871, 0.123181834817, -0.0619987882674, -0.0723430216312, 0.0632217898965, -0.0919778868556, 0.601620674133, -0.166931554675], [0.00245530693792, -0.00593045912683, 0.0331431701779, 0.0659105926752, 0.0245236139745, 0.0732092633843, -0.126076698303, 0.118513785303, -0.121429428458, 0.133695706725, -0.159302175045, -0.166931554675, 0.557026445866]]
    },
    "spectral_contrast_coeffs": {
        "max": [-0.55593919754, -0.756235837936, -0.738606512547, -0.721583247185, -0.726709365845, -0.64610183239],
        "mean": [-0.938543260098, -0.950591146946, -0.947147130966, -0.945937514305, -0.944664776325, -0.935375511646],
        "min": [-0.983313560486, -0.982892811298, -0.978385746479, -0.976783394814, -0.968681097031, -0.966454982758],
        "stdev": [0.0766973942518, 0.0417779684067, 0.0429895743728, 0.0482742674649, 0.0488877519965, 0.0752647444606]
    },
    "spectral_contrast_valleys": {
        "max": [-7.43874788284, -4.68727493286, -4.88004875183, -4.52877187729, -5.25224018097, -7.87924003601],
        "mean": [-25.3979930878, -25.1267547607, -25.1583786011, -25.1198558807, -25.177898407, -25.4625034332],
        "min": [-28.4462528229, -28.369436264, -27.879524231, -27.7321777344, -27.5401763916, -27.4671344757],
        "stdev": [5.4633026123, 6.16396141052, 6.25534820557, 6.31740951538, 6.15973711014, 5.34927272797]
    }
},
"rhythm": {
    "beats_count": 23,
    "beats_loudness": {
        "max": 0.143374174833,
        "mean": 0.00745343137532,
        "min": 0,
        "stdev": 0.0295187737793
    },
    "bpm": 103.602935791,
    "bpm_histogram_first_peak_bpm": 103,
    "bpm_histogram_first_peak_weight": 0.333333313465,
    "bpm_histogram_second_peak_bpm": 117,
    "bpm_histogram_second_peak_spread": 0,
    "bpm_histogram_second_peak_weight": 0.272727280855,
    "danceability": 1.10187554359,
    "onset_rate": 0.470242828131,
    "beats_loudness_band_ratio": {
        "max": [0.00663395645097, 0.0130178965628, 0.12804338336, 0.45140722394, 0.426999032497, 0.154699370265],
        "mean": [0.000458957947558, 0.000935135176405, 0.0119750341401, 0.0507212392986, 0.0530704632401, 0.0169395189732],
        "min": [0, 0, 0, 0, 0, 0],
        "stdev": [0.00142736954149, 0.00284031103365, 0.0328494980931, 0.131953418255, 0.137124046683, 0.0445467419922]
    },
    "beats_position": [0.568888902664, 1.14938771725, 1.72988653183, 2.31038546562, 2.89088439941, 3.45977306366, 4.02866220474, 4.62077093124, 5.20126962662, 5.78176879883, 6.32743740082, 6.87310647964, 7.41877555847, 7.95283412933, 8.48689365387, 8.99773216248, 9.50857162476, 10.0194101334, 10.5302495956, 11.0410881042, 11.5519275665, 12.0395460129, 12.5155553818],
    "bpm_histogram": [0, 0, 0, 0, 0, 0, 0, 0, 0, 0, 0, 0, 0, 0, 0, 0, 0, 0, 0, 0, 0, 0, 0, 0, 0, 0, 0, 0, 0, 0, 0, 0, 0, 0, 0, 0, 0, 0, 0, 0, 0, 0, 0, 0, 0, 0, 0, 0, 0, 0, 0, 0, 0, 0, 0, 0, 0, 0, 0, 0, 0, 0, 0, 0, 0, 0, 0, 0, 0, 0, 0, 0, 0, 0, 0, 0, 0, 0, 0, 0, 0, 0, 0, 0, 0, 0, 0, 0, 0, 0, 0, 0, 0, 0, 0, 0, 0, 0, 0, 0, 0, 0.0454545468092, 0, 0.272727280855, 0, 0.0909090936184, 0, 0, 0, 0, 0.136363640428, 0, 0.0909090936184, 0, 0, 0, 0, 0.272727280855, 0, 0, 0, 0, 0, 0.0454545468092, 0, 0, 0.0454545468092, 0, 0, 0, 0, 0, 0, 0, 0, 0, 0, 0, 0, 0, 0, 0, 0, 0, 0, 0, 0, 0, 0, 0, 0, 0, 0, 0, 0, 0, 0, 0, 0, 0, 0, 0, 0, 0, 0, 0, 0, 0, 0, 0, 0, 0, 0, 0, 0, 0, 0, 0, 0, 0, 0, 0, 0, 0, 0, 0, 0, 0, 0, 0, 0, 0, 0, 0, 0, 0, 0, 0, 0, 0, 0, 0, 0, 0, 0, 0, 0, 0, 0, 0, 0, 0, 0, 0, 0, 0, 0, 0, 0, 0, 0, 0, 0, 0, 0, 0, 0, 0, 0, 0, 0, 0, 0, 0, 0, 0, 0, 0, 0, 0, 0, 0, 0, 0, 0, 0, 0, 0, 0, 0]
},
"tonal": {
    "chords_changes_rate": 0.0362318828702,
    "chords_number_rate": 0.0108695654199,
    "chords_strength": {
