{
"metadata": {
    "version": {
        "essentia": "2.1-beta5",
        "essentia_git_sha": "Undefined",
        "extractor": "music 2.0"
    },
    "audio_properties": {
        "analysis": {
            "equal_loudness": 0,
            "length": 12.7477550507,
            "sample_rate": 44100,
            "start_time": 0,
            "downmix": "mix"
        },
        "bit_rate": 192000,
        "length": 188.662124634,
        "lossless": 0,
        "number_channels": 2,
        "replay_gain": -4.73902320862,
        "sample_rate": 44100,
        "codec": "mp3",
        "md5_encoded": "ab1a21716ccb31fa60c5adb740067764"
    },
    "tags": {
        "file_name": "Norway_It_s Just A Game_Bendik Singers.mp3",
        "encoding": ["Lavf58.29.100"]
    }
},
"lowlevel": {
    "average_loudness": 0.839164376259,
    "barkbands_crest": {
        "max": 13.5413255692,
        "mean": 5.47855138779,
        "min": 1.84181368351,
        "stdev": 1.58899009228
    },
    "barkbands_flatness_db": {
        "max": 0.174913182855,
        "mean": 0.103403687477,
        "min": 0.010375787504,
        "stdev": 0.0274009797722
    },
    "barkbands_kurtosis": {
        "max": 12.8820610046,
        "mean": 1.27678918839,
        "min": -1.08418858051,
        "stdev": 1.63593816757
    },
    "barkbands_skewness": {
        "max": 3.50483250618,
        "mean": -0.24474182725,
        "min": -2.2295384407,
        "stdev": 0.995181083679
    },
    "barkbands_spread": {
        "max": 63.7232780457,
        "mean": 19.4870109558,
        "min": 6.48394489288,
        "stdev": 8.27933502197
    },
    "dissonance": {
        "max": 0.499999940395,
        "mean": 0.4899507761,
        "min": 0.444540202618,
        "stdev": 0.00893647968769
    },
    "dynamic_complexity": 4.65800285339,
    "erbbands_crest": {
        "max": 13.5068311691,
        "mean": 6.04583740234,
        "min": 2.62053704262,
        "stdev": 1.9841542244
    },
    "erbbands_flatness_db": {
        "max": 0.268971651793,
        "mean": 0.172849044204,
        "min": 0.069625325501,
        "stdev": 0.0526510700583
    },
    "erbbands_kurtosis": {
        "max": 5.14614582062,
        "mean": 1.1244494915,
        "min": -1.28598606586,
        "stdev": 1.08903217316
    },
    "erbbands_skewness": {
        "max": 1.24905121326,
        "mean": 0.0537899807096,
        "min": -0.927142739296,
        "stdev": 0.489245176315
    },
    "erbbands_spread": {
        "max": 98.0687942505,
        "mean": 24.1933097839,
        "min": 7.00023555756,
        "stdev": 14.3549966812
    },
    "hfc": {
        "max": 177.986801147,
        "mean": 23.7509613037,
        "min": 1.06595225207e-16,
        "stdev": 28.6650295258
    },
    "loudness_ebu128": {
        "integrated": -18.5626544952,
        "loudness_range": 11.5751724243,
        "momentary": {
            "max": -16.612487793,
            "mean": -75.8320007324,
            "min": -300.691009521,
            "stdev": 109.871452332
        },
        "short_term": {
            "max": -17.4735050201,
            "mean": -24.0478820801,
            "min": -54.7125015259,
            "stdev": 10.1497964859
        }
    },
    "melbands_crest": {
        "max": 20.1013641357,
        "mean": 5.12342214584,
        "min": 1.60058104992,
        "stdev": 2.7571914196
    },
    "melbands_flatness_db": {
        "max": 0.216613397002,
        "mean": 0.0850177481771,
        "min": 0.00296816276386,
        "stdev": 0.046089630574
    },
    "melbands_kurtosis": {
        "max": 51.0086479187,
        "mean": 1.27501881123,
        "min": -1.37662804127,
        "stdev": 5.1145529747
    },
    "melbands_skewness": {
        "max": 5.7617816925,
        "mean": 0.43833681941,
        "min": -0.68316334486,
        "stdev": 0.895017623901
    },
    "melbands_spread": {
        "max": 168.688644409,
        "mean": 52.7865943909,
        "min": 8.25229549408,
        "stdev": 42.9977035522
    },
    "pitch_salience": {
        "max": 0.934022188187,
        "mean": 0.793396294117,
        "min": 0.532582759857,
        "stdev": 0.0453110635281
    },
    "silence_rate_20dB": {
        "max": 1,
        "mean": 1,
        "min": 1,
        "stdev": 0
    },
    "silence_rate_30dB": {
        "max": 1,
        "mean": 1,
        "min": 1,
        "stdev": 0
    },
    "silence_rate_60dB": {
        "max": 1,
        "mean": 0.352727264166,
        "min": 0,
        "stdev": 0.477820903063
    },
    "spectral_centroid": {
        "max": 11863.0810547,
        "mean": 3712.6862793,
        "min": 588.859558105,
        "stdev": 3787.56347656
    },
    "spectral_complexity": {
        "max": 58,
        "mean": 22.043636322,
        "min": 0,
        "stdev": 16.5436649323
    },
    "spectral_decrease": {
        "max": 1.87513053284e-28,
        "mean": -3.38620576024e-09,
        "min": -2.49824676501e-08,
        "stdev": 3.81582276887e-09
    },
    "spectral_energy": {
        "max": 0.110433623195,
        "mean": 0.0149346143007,
        "min": 9.64084496927e-21,
        "stdev": 0.0169367678463
    },
    "spectral_energyband_high": {
        "max": 0.0161250624806,
        "mean": 0.000582268869039,
        "min": 7.01828499304e-21,
        "stdev": 0.00116701377556
    },
    "spectral_energyband_low": {
        "max": 0.00117254629731,
        "mean": 0.00014623257448,
        "min": 1.53044774297e-23,
        "stdev": 0.000164431010489
    },
    "spectral_energyband_middle_high": {
        "max": 0.0795852020383,
        "mean": 0.0114937275648,
        "min": 1.11993176649e-21,
        "stdev": 0.013795777224
    },
    "spectral_energyband_middle_low": {
        "max": 0.0248214844614,
        "mean": 0.00288647180423,
        "min": 1.70113234641e-22,
        "stdev": 0.00293660606258
    },
    "spectral_entropy": {
        "max": 9.83379840851,
        "mean": 8.34693241119,
        "min": 7.60087633133,
        "stdev": 0.766151189804
    },
    "spectral_flux": {
        "max": 0.26725846529,
        "mean": 0.0700159072876,
        "min": 6.3642986714e-11,
        "stdev": 0.0557736977935
    },
    "spectral_kurtosis": {
        "max": 10.4084653854,
        "mean": 3.41777014732,
        "min": -1.26238799095,
        "stdev": 2.93658661842
    },
    "spectral_rms": {
        "max": 0.0103797940537,
        "mean": 0.00299654528499,
        "min": 3.06687162645e-12,
        "stdev": 0.00236454466358
    },
    "spectral_rolloff": {
        "max": 19638.28125,
        "mean": 5685.69921875,
        "min": 344.53125,
        "stdev": 6794.43652344
    },
    "spectral_skewness": {
        "max": 2.56207156181,
        "mean": 1.37818479538,
        "min": -0.0744413658977,
        "stdev": 0.757845938206
    },
    "spectral_spread": {
        "max": 42424360,
        "mean": 11857146,
        "min": 2168273.5,
        "stdev": 14923398
    },
    "spectral_strongpeak": {
        "max": 5.94962692261,
        "mean": 0.756100893021,
        "min": 0,
        "stdev": 0.864388406277
    },
    "zerocrossingrate": {
        "max": 0.52392578125,
        "mean": 0.173492535949,
        "min": 0.0458984375,
        "stdev": 0.169570058584
    },
    "barkbands": {
        "max": [0.000317432975862, 0.000386784173315, 0.000416150985984, 0.00126732722856, 0.00335340364836, 0.00279892515391, 0.00540095753968, 0.00338216172531, 0.0174270272255, 0.00982216652483, 0.0135290510952, 0.0167748816311, 0.0215851385146, 0.018225857988, 0.0242152884603, 0.0125182140619, 0.0183565262705, 0.00642498582602, 0.00262417900376, 0.00164097524248, 0.00300037791021, 0.00223302049562, 0.00574159389362, 0.00278142117895, 0.00135724595748, 0.000262926419964, 6.97531686455e-06],
        "mean": [2.16644239117e-05, 2.98180966638e-05, 4.59691509604e-05, 0.000115303722851, 0.000357945944415, 0.000332267489284, 0.000469788355986, 0.000524680770468, 0.000846695329528, 0.000902122585103, 0.00107822369318, 0.0016764694592, 0.00183579488657, 0.00172857742291, 0.00185943557881, 0.0012847793987, 0.000675592396874, 0.00031886229408, 0.000183221301995, 0.000138651492307, 0.000143604454934, 0.00011732873827, 0.000106978630356, 7.91881175246e-05, 5.82160791964e-05, 3.41722966368e-06, 1.32333788372e-08],
        "min": [1.90964465056e-25, 4.39141432111e-24, 1.09129390603e-24, 1.25183774986e-24, 7.22239550737e-24, 6.11423210671e-24, 2.03917211062e-24, 5.14454771593e-24, 1.00912735715e-23, 1.54287656208e-23, 9.185532668e-24, 2.16632516839e-23, 2.45103705977e-23, 4.25718569378e-23, 2.22198056743e-23, 3.77551448257e-23, 6.26332650225e-23, 9.30806895676e-23, 1.08242368974e-22, 1.7321822903e-22, 2.01850598228e-22, 2.8165254995e-22, 4.3155417108e-22, 5.64408848835e-22, 7.74632176897e-22, 1.21555402705e-21, 1.8831873322e-21],
        "stdev": [3.58189790859e-05, 4.35957881564e-05, 5.78868166485e-05, 0.000183196883881, 0.000460750277853, 0.000400189921493, 0.000589080562349, 0.000629851710983, 0.00125026935712, 0.00130530109163, 0.00159245776013, 0.00224421964958, 0.00267484667711, 0.0022997900378, 0.00278996466659, 0.00174121488817, 0.00150733313058, 0.000529572425876, 0.000297707680147, 0.000203454896109, 0.00029450195143, 0.000249728240306, 0.000313801545417, 0.000191446757526, 0.000116090355732, 1.56797068485e-05, 2.97136864447e-07]
    },
    "erbbands": {
        "max": [0.0139884827659, 0.0784206688404, 0.28391507268, 2.86248588562, 5.65793418884, 15.8761005402, 16.9955730438, 23.9121189117, 56.9387626648, 66.5457763672, 101.794799805, 434.493560791, 393.095153809, 377.271850586, 526.132873535, 548.804382324, 998.697570801, 1192.02722168, 930.401428223, 1008.74865723, 623.280944824, 1075.78979492, 537.723876953, 146.669723511, 119.632034302, 85.0407714844, 118.904151917, 103.704338074, 81.4060440063, 94.6967010498, 168.542770386, 84.6413803101, 44.7489585876, 21.1858692169, 9.5813369751, 1.95297968388, 0.259636700153, 0.00611770432442, 0.00100474117789, 0.000167595149833],
        "mean": [0.00131836952642, 0.00570673495531, 0.0403936468065, 0.24729603529, 0.589699089527, 1.39508533478, 2.00860762596, 3.04933047295, 5.62907218933, 9.23308372498, 12.5501823425, 18.6118850708, 25.0782165527, 35.0843582153, 52.0773086548, 69.9658737183, 83.0189437866, 87.6745758057, 92.5281677246, 94.494102478, 60.0958442688, 38.2740287781, 20.9838638306, 11.4261198044, 7.9109544754, 6.63208341599, 6.26096725464, 5.25053930283, 4.15083694458, 3.55152630806, 2.92170476913, 1.90333247185, 1.21524620056, 0.744552195072, 0.361995905638, 0.0496727526188, 0.00342845800333, 0.000117158480862, 2.01721213671e-05, 2.13142302528e-05],
        "min": [1.74934601033e-22, 7.13376786819e-22, 2.839421045e-21, 5.86673850875e-21, 1.22192170218e-20, 2.27408542471e-20, 4.49850317727e-20, 5.55005168422e-20, 1.01942611108e-19, 1.39391604217e-19, 2.09321647072e-19, 2.62665800993e-19, 5.86893278304e-19, 7.57911215588e-19, 1.11357814777e-18, 8.73193774897e-19, 1.03208234927e-18, 1.57578847609e-18, 2.66700462319e-18, 3.49598456037e-18, 3.34182663192e-18, 3.92831216188e-18, 5.7422940162e-18, 6.28275645765e-18, 6.55725675751e-18, 8.54718199607e-18, 1.03562433665e-17, 1.08554799534e-17, 1.06938124658e-17, 1.09397638676e-17, 1.16863944593e-17, 9.8634033673e-18, 8.53786794238e-18, 7.42411887841e-18, 5.53599972092e-18, 4.11430992646e-18, 2.41721965284e-18, 1.02128929664e-18, 2.61525765163e-19, 2.52912120187e-20],
        "stdev": [0.00206372025423, 0.00830702669919, 0.0460330061615, 0.355108231306, 0.799293160439, 1.98951542377, 2.59921121597, 3.73437261581, 7.1021938324, 11.4520463943, 15.0414085388, 28.3852157593, 36.7155799866, 50.9905586243, 71.911315918, 90.5299606323, 116.998817444, 118.099754333, 126.282241821, 138.401885986, 79.4363098145, 86.5786590576, 39.5350265503, 18.2197742462, 11.9164571762, 9.93633651733, 12.0467948914, 10.6219987869, 8.50228881836, 8.46741771698, 8.92895317078, 4.9328546524, 3.06177020073, 1.59761726856, 0.769734799862, 0.133165106177, 0.0167664084584, 0.000442600838142, 5.095252709e-05, 2.48612923315e-05]
    },
    "gfcc": {
        "mean": [-286.375518799, 53.8141784668, -140.107711792, 9.84666061401, -60.1075553894, 23.6033496857, -45.4623565674, 3.09960150719, -19.9214286804, 0.132726296782, -11.6038188934, -6.40021324158, -1.52278733253],
        "cov": [[266339.6875, 14273.4833984, -39051.5234375, 2078.22631836, -16127.1640625, 6226.77587891, -12004.640625, 694.10949707, -5075.03173828, -169.680404663, -2853.81396484, -1866.14074707, -110.279403687], [14273.4833984, 1022.21630859, -2070.28979492, 138.716964722, -853.506164551, 342.057281494, -664.284729004, 24.0418701172, -264.610931396, -30.9605464935, -145.429290771, -124.10459137, 4.35689926147], [-39051.5234375, -2070.28979492, 6050.08007812, -182.50692749, 2328.61206055, -871.831054688, 1703.62927246, -62.5009536743, 654.211730957, 82.9770507812, 343.941040039, 315.124420166, -71.0792617798], [2078.22631836, 138.716964722, -182.50692749, 160.301345825, -137.150039673, 65.9662322998, -125.068374634, 15.5959396362, -69.673286438, 12.0446176529, -47.3215522766, -6.34416341782, -33.7790489197], [-16127.1640625, -853.506164551, 2328.61206055, -137.150039673, 1037.82727051, -368.892272949, 737.838256836, -40.470413208, 322.502593994, 1.47931611538, 182.745880127, 111.140388489, 17.9347362518], [6226.77587891, 342.057281494, -871.831054688, 65.9662322998, -368.892272949, 189.885620117, -276.939300537, 20.2535133362, -125.78503418, 6.42319202423, -78.0194320679, -39.1233253479, -10.4585390091], [-12004.640625, -664.284729004, 1703.62927246, -125.068374634, 737.838256836, -276.939300537, 594.409057617, -28.9747104645, 253.577407837, 3.80062866211, 146.679016113, 77.169418335, 22.4370288849], [694.10949707, 24.0418701172, -62.5009536743, 15.5959396362, -40.470413208, 20.2535133362, -28.9747104645, 50.5291976929, -16.085729599, 12.280257225, -10.0586977005, 6.89653301239, -15.6415662766], [-5075.03173828, -264.610931396, 654.211730957, -69.673286438, 322.502593994, -125.78503418, 253.577407837, -16.085729599, 156.53213501, -8.54731941223, 85.325958252, 22.9070301056, 32.4726486206], [-169.680404663, -30.9605464935, 82.9770507812, 12.0446176529, 1.47931611538, 6.42319202423, 3.80062866211, 12.280257225, -8.54731941223, 47.8751144409, -4.95790481567, 18.393529892, -18.2148208618], [-2853.81396484, -145.429290771, 343.941040039, -47.3215522766, 182.745880127, -78.0194320679, 146.679016113, -10.0586977005, 85.325958252, -4.95790481567, 83.6157455444, 17.1266460419, 29.0489730835], [-1866.14074707, -124.10459137, 315.124420166, -6.34416341782, 111.140388489, -39.1233253479, 77.169418335, 6.89653301239, 22.9070301056, 18.393529892, 17.1266460419, 50.8347625732, -5.31665992737], [-110.279403687, 4.35689926147, -71.0792617798, -33.7790489197, 17.9347362518, -10.4585390091, 22.4370288849, -15.6415662766, 32.4726486206, -18.2148208618, 29.0489730835, -5.31665992737, 54.7560195923]],
        "icov": [[0.000738069880754, -0.000643659615889, 0.0029194552917, -0.000697674462572, 0.00181333371438, -0.00212291907519, 0.00150961545296, -0.0014403720852, 0.00158721290063, -0.0011089675827, 0.00110617780592, -0.000951040070504, 0.000878234452102], [-0.000643659615889, 0.00529548991472, -0.00271723372862, 3.81415920856e-05, -0.00114724761806, -0.000959541590419, 0.00263143982738, 0.000989200896583, -0.00168155366555, 0.00248095672578, -0.0027313507162, 0.00434653228149, -0.00213103694841], [0.0029194552917, -0.00271723372862, 0.0146656427532, -0.00492824846879, 0.00321276532486, -0.00506624998525, 0.00200507300906, -0.00494716828689, 0.00767907174304, -0.00656074518338, 0.00675654551014, -0.00693065626547, 0.00684472313151], [-0.000697674462572, 3.81415920856e-05, -0.00492824846879, 0.0110308332369, -0.000271852593869, -0.00136372784618, 0.00304390699603, 0.000643973995466, -0.00170137779787, 0.00210165511817, -0.00196319818497, 0.00198662094772, 0.000707129889634], [0.00181333371438, -0.00114724761806, 0.00321276532486, -0.000271852593869, 0.0198143385351, -0.00632504699752, -0.000575640995521, -0.00257622660138, -0.00158285861835, 0.00246723066084, 0.000130554515636, -0.00327522773296, 0.000920221325941], [-0.00212291907519, -0.000959541590419, -0.00506624998525, -0.00136372784618, -0.00632504699752, 0.030966758728, -0.00786026101559, 0.00237556477077, -0.00119494728278, -0.00386402127333, 0.00460075121373, 0.000334143725922, -0.00271624466404], [0.00150961545296, 0.00263143982738, 0.00200507300906, 0.00304390699603, -0.000575640995521, -0.00786026101559, 0.0294773392379, -0.00426392722875, -0.00529413530603, -0.00132742070127, -0.00357313407585, 0.0046665482223, -0.00225117034279], [-0.0014403720852, 0.000989200896583, -0.00494716828689, 0.000643973995466, -0.00257622660138, 0.00237556477077, -0.00426392722875, 0.0275225993246, -0.00596780516207, 7.40775722079e-05, -0.0032995690126, -0.00503581296653, 0.00672782585025], [0.00158721290063, -0.00168155366555, 0.00767907174304, -0.00170137779787, -0.00158285861835, -0.00119494728278, -0.00529413530603, -0.00596780516207, 0.0363548137248, -0.00443645427004, -0.00655233627185, 0.00452468451113, -0.00611634645611], [-0.0011089675827, 0.00248095672578, -0.00656074518338, 0.00210165511817, 0.00246723066084, -0.00386402127333, -0.00132742070127, 7.40775722079e-05, -0.00443645427004, 0.0335940085351, -0.00584364403039, -0.00769319245592, 0.00552736315876], [0.00110617780592, -0.0027313507162, 0.00675654551014, -0.00196319818497, 0.000130554515636, 0.00460075121373, -0.00357313407585, -0.0032995690126, -0.00655233627185, -0.00584364403039, 0.0358795374632, -0.00675100833178, -0.00638588797301], [-0.000951040070504, 0.00434653228149, -0.00693065626547, 0.00198662094772, -0.00327522773296, 0.000334143725922, 0.0046665482223, -0.00503581296653, 0.00452468451113, -0.00769319245592, -0.00675100833178, 0.0415852479637, -0.00986974406987], [0.000878234452102, -0.00213103694841, 0.00684472313151, 0.000707129889634, 0.000920221325941, -0.00271624466404, -0.00225117034279, 0.00672782585025, -0.00611634645611, 0.00552736315876, -0.00638588797301, -0.00986974406987, 0.039442140609]]
    },
    "melbands": {
        "max": [0.000117117429909, 0.000137838098453, 0.000483739364427, 0.000843216665089, 0.0005756947794, 0.000532658654265, 0.000925723521505, 0.000628606125247, 0.00111066468526, 0.00276900525205, 0.00199957983568, 0.00144749076571, 0.0019787189085, 0.00219492777251, 0.0017536659725, 0.00210414477624, 0.00211221654899, 0.00131468614563, 0.0019227899611, 0.00125573412515, 0.000689175154548, 0.00116703112144, 0.00114504713565, 0.00018234665913, 0.000120574120956, 7.92236241978e-05, 6.8850669777e-05, 5.92649666942e-05, 5.76853490202e-05, 8.98389771464e-05, 6.40173893771e-05, 5.28214040969e-05, 5.20344583492e-05, 5.79512707191e-05, 9.80065960903e-05, 9.10082599148e-05, 4.25817052019e-05, 3.24390130118e-05, 2.27771306527e-05, 1.71735082404e-05],
        "mean": [1.12688076115e-05, 1.84437176358e-05, 5.11272555741e-05, 7.03010155121e-05, 7.15705973562e-05, 6.87361025484e-05, 8.89207731234e-05, 0.000105301609437, 0.000105839353637, 0.00012076128769, 0.00012546342623, 0.000137840906973, 0.000160314040841, 0.000188927733689, 0.000183258147445, 0.000179561873665, 0.000160792682436, 0.000146312289871, 0.000143001321703, 0.000107891755761, 6.12440271652e-05, 4.04613747378e-05, 2.72499564744e-05, 1.32690001919e-05, 8.83656502992e-06, 6.29195528745e-06, 4.87242186864e-06, 4.25839198215e-06, 3.83971701012e-06, 3.62786386177e-06, 2.8881659091e-06, 2.39777637034e-06, 2.09998074752e-06, 1.93821097128e-06, 1.73686521521e-06, 1.43504018979e-06, 1.08530321086e-06, 8.77357706486e-07, 7.12439600647e-07, 6.03073829097e-07],
        "min": [1.58405261642e-24, 1.6869904843e-24, 1.33312513298e-24, 1.35834452308e-24, 1.54481615411e-24, 1.11861797702e-24, 1.34171178532e-24, 1.98480519754e-24, 1.40948834772e-24, 1.33723036513e-24, 2.95041216351e-24, 2.84962946363e-24, 1.83161412899e-24, 2.35354955022e-24, 9.42906704564e-25, 2.42287740758e-24, 2.98782744182e-24, 3.48585446116e-24, 1.99827085598e-24, 3.28565004367e-24, 3.34064094573e-24, 3.412975152e-24, 4.3739390799e-24, 3.64706607575e-24, 4.02454035764e-24, 3.37455289275e-24, 3.77914347939e-24, 4.62699500868e-24, 4.81583608204e-24, 4.09764646431e-24, 5.39036939577e-24, 5.25956205819e-24, 5.2591865604e-24, 5.17682356544e-24, 5.38361714085e-24, 6.15947643506e-24, 5.53671058787e-24, 5.81589713969e-24, 6.12684480929e-24, 6.16958884301e-24],
        "stdev": [1.61357438628e-05, 2.04858970392e-05, 6.90604138072e-05, 9.53979324549e-05, 8.98488506209e-05, 8.24216040201e-05, 0.000110866632895, 0.000129161824589, 0.000132318062242, 0.000184624892427, 0.000185742188478, 0.000202891824301, 0.000228197619435, 0.000261472916463, 0.000255218794337, 0.000260057480773, 0.000218199245865, 0.000199943067855, 0.000220490575884, 0.000155526475282, 8.18157423055e-05, 8.94217955647e-05, 7.01353928889e-05, 2.01659931918e-05, 1.52859538503e-05, 9.85135829978e-06, 7.32757416699e-06, 6.53327833788e-06, 6.86240991854e-06, 8.05855597719e-06, 5.84526378589e-06, 4.85028431285e-06, 5.05191110278e-06, 4.72177362099e-06, 5.33844922757e-06, 4.65892935608e-06, 2.76711648439e-06, 2.29208581004e-06, 1.68585745541e-06, 1.28340275296e-06]
    },
    "melbands128": {
        "max": [0.000182160481927, 0.000150251347804, 0.000168180442415, 0.00011461100803, 9.26812717807e-05, 0.000269827403827, 0.000641696038656, 0.000589082599618, 0.00066642294405, 0.001167184324, 0.00101088755764, 0.000953589275014, 0.000747710815631, 0.000716673152056, 0.00070394447539, 0.000651848560665, 0.000915886601433, 0.00100466317963, 0.00107501039747, 0.000953931012191, 0.00104020326398, 0.00111563235987, 0.000891890493222, 0.0020889127627, 0.00349841010757, 0.00317266443744, 0.00314383278601, 0.00208931113593, 0.00131629814859, 0.00189619511366, 0.00180265062954, 0.00294202193618, 0.00292727327906, 0.00246757804416, 0.00293621513993, 0.00246600084938, 0.00155191891827, 0.00237799156457, 0.00271975784563, 0.00333196530119, 0.00196483707987, 0.00512799713761, 0.00186644599307, 0.002033081837, 0.00228247861378, 0.00151519407518, 0.00169622118119, 0.00228891242296, 0.00201742956415, 0.00139833183493, 0.00156756676733, 0.00109149119817, 0.00116028881166, 0.000633070711046, 0.000954892660957, 0.00137294677552, 0.00174257170875, 0.0017325533554, 0.000950498157181, 0.000308209768264, 0.000199688307475, 0.000185707584023, 0.000170054016053, 0.000173160384293, 0.000170871746377, 9.63955899351e-05, 0.000137732087751, 0.000105394981802, 8.63964814926e-05, 7.23996054148e-05, 7.22826080164e-05, 6.93858455634e-05, 5.19469285791e-05, 4.59122857137e-05, 0.000116751820315, 0.000116031478683, 6.33066447335e-05, 6.44128449494e-05, 8.4014784079e-05, 5.17123189638e-05, 9.51244219323e-05, 4.19433927163e-05, 7.25287973182e-05, 5.61919914617e-05, 8.88902141014e-05, 7.12326655048e-05, 7.81083217589e-05, 0.000100994249806, 9.6724506875e-05, 5.63020912523e-05, 0.000208387733437, 3.91547619074e-05, 2.65349099209e-05, 5.27866177435e-05, 5.60841472179e-05, 4.75081942568e-05, 3.59378354915e-05, 4.16143448092e-05, 3.96151917812e-05, 1.42407261592e-05, 2.61758050328e-05, 1.49698407768e-05, 1.4957266103e-05, 1.74316646735e-05, 1.56486712513e-05, 9.80181812338e-06, 5.88016700931e-06, 4.452993835e-06, 4.87322131448e-06, 2.20369247472e-06, 1.32376123929e-06, 1.85845885881e-06, 5.86748001297e-07, 4.00782163013e-08, 3.80895883723e-08, 3.63547414395e-08, 3.48240618564e-08, 3.34127996382e-08, 3.21614308518e-08, 3.10562171535e-08, 3.00548208543e-08, 2.92395281321e-08, 2.85427823599e-08, 2.79248464352e-08, 2.74331792838e-08, 2.69942557196e-08, 2.67032067569e-08, 2.65596771243e-08],
        "mean": [1.46387110362e-05, 1.31222377604e-05, 9.42910901358e-06, 8.48560011946e-06, 1.33470302899e-05, 2.6096635338e-05, 4.91538812639e-05, 5.87185131735e-05, 5.37731320946e-05, 6.96140996297e-05, 8.24700982776e-05, 7.79838082963e-05, 6.73078175168e-05, 6.48893110338e-05, 6.73442264087e-05, 6.82317986502e-05, 8.25606184662e-05, 9.29759917199e-05, 9.63512793533e-05, 0.000104806000309, 0.00011055017967, 0.000105126615381, 9.96075032162e-05, 0.000114534879685, 0.000117045397928, 0.000125148842926, 0.000126703147544, 0.000121488425066, 0.000127547973534, 0.000135675742058, 0.00013685671729, 0.00015188670659, 0.000155878209625, 0.000167714286363, 0.00019379517471, 0.000199879243155, 0.000174984365003, 0.000179659735295, 0.000191982049728, 0.000182045259862, 0.000179611190106, 0.000172939355252, 0.00015310505114, 0.000160823343322, 0.000160084004165, 0.000133292269311, 0.0001465127134, 0.000147516126162, 0.0001451963617, 0.000121130862681, 0.000110962333565, 8.46114635351e-05, 6.70550289215e-05, 5.17926746397e-05, 4.38909737568e-05, 3.83324368158e-05, 4.0172086301e-05, 3.14789358526e-05, 2.32973961829e-05, 1.71253104781e-05, 1.30005464598e-05, 1.00254419522e-05, 9.42442602536e-06, 8.4553121269e-06, 7.97554912424e-06, 5.93133881921e-06, 5.72217459194e-06, 5.06568630954e-06, 4.65332823296e-06, 4.65715038445e-06, 4.37960898125e-06, 3.9431456571e-06, 3.93070286009e-06, 3.50961272488e-06, 4.23132087235e-06, 3.86655210605e-06, 3.31973365064e-06, 2.99296470985e-06, 2.73944101536e-06, 2.95498966807e-06, 2.51241408478e-06, 2.10323014471e-06, 2.22537300942e-06, 2.08292772186e-06, 2.0792037958e-06, 1.82106271041e-06, 1.98413522412e-06, 1.97868143914e-06, 1.72073805516e-06, 1.41340137816e-06, 1.93112487068e-06, 1.23601444102e-06, 1.05397089101e-06, 1.13396254164e-06, 1.08624476525e-06, 9.41318717196e-07, 8.10001608897e-07, 8.11777795207e-07, 7.32963655992e-07, 6.4083297957e-07, 6.62411707708e-07, 5.82866562127e-07, 5.65184279822e-07, 4.77927187603e-07, 4.44914007858e-07, 3.83873526744e-07, 2.27094020033e-07, 7.62686624967e-08, 4.69001015801e-08, 2.91530923846e-08, 1.80486043888e-08, 1.55264743285e-08, 3.02453506684e-09, 1.94928351238e-10, 9.0546806164e-11, 7.32867377895e-11, 6.70745334275e-11, 6.32418076241e-11, 6.08427336291e-11, 5.87740342506e-11, 5.69048801136e-11, 5.53741705267e-11, 5.40614532307e-11, 5.29000870886e-11, 5.19827375589e-11, 5.11621647825e-11, 5.0621846992e-11, 5.03483921221e-11],
        "min": [5.4984098132e-26, 7.06406451698e-25, 4.26536499807e-25, 5.59933026792e-25, 3.0683346415e-25, 5.76608264429e-25, 3.55531696722e-25, 4.2242949272e-25, 4.64013703693e-25, 3.20693774907e-25, 1.11876352186e-25, 2.80446954339e-25, 3.37167409279e-25, 2.55034293315e-25, 4.79150218831e-25, 8.87034842091e-25, 8.20281728114e-25, 4.10817608106e-25, 2.31752444204e-25, 8.49645004551e-25, 6.3524178102e-25, 6.00659252923e-25, 9.79927157985e-25, 4.97447157274e-25, 5.88498370423e-25, 4.41443160599e-25, 3.09656033121e-25, 6.46283615022e-25, 9.36925265358e-25, 1.23180344388e-24, 1.23771437864e-24, 6.92649457068e-25, 4.61312643953e-25, 1.2279089362e-24, 1.24692403389e-24, 8.60095044962e-25, 5.82513134824e-25, 1.20603333026e-24, 8.20303421789e-25, 6.24406234145e-25, 1.46187955866e-24, 2.07464698832e-24, 1.58331010109e-24, 1.6972681586e-24, 1.21309264929e-24, 1.91355449172e-24, 1.17410270601e-24, 1.0759503642e-24, 1.21999360448e-24, 1.74276590853e-24, 1.94393707506e-24, 2.01231967984e-24, 1.69315365734e-24, 1.66678381221e-24, 1.28051244934e-24, 1.54855910189e-24, 2.11713878376e-24, 2.41570942297e-24, 1.66853646393e-24, 2.16207170928e-24, 1.63041357739e-24, 1.47956197446e-24, 3.25759164178e-24, 2.34792004158e-24, 2.3245892831e-24, 1.56520860294e-24, 1.71443574405e-24, 1.74506050768e-24, 1.95277685314e-24, 2.78693671534e-24, 3.01217918353e-24, 2.22179853778e-24, 1.94432657513e-24, 3.09167703569e-24, 2.50788387544e-24, 3.09131849841e-24, 3.32374393957e-24, 4.13631760917e-24, 2.14505065474e-24, 2.59066891098e-24, 4.31084795686e-24, 3.22060096786e-24, 3.23281135138e-24, 2.70541149066e-24, 4.25443454137e-24, 3.52198113518e-24, 3.62387750944e-24, 3.89445325006e-24, 2.53860448567e-24, 3.57449363349e-24, 4.3436890252e-24, 3.8576201511e-24, 3.80077404541e-24, 3.14672749674e-24, 5.42687827289e-24, 4.54454287243e-24, 3.53161746557e-24, 3.91354131738e-24, 4.30889039852e-24, 3.81244248149e-24, 2.76682095947e-24, 5.16945599901e-24, 3.69757171192e-24, 4.53313515488e-24, 4.05858996089e-24, 2.35570945138e-24, 5.38377136316e-24, 4.22622566426e-24, 4.66703403835e-24, 5.44246813653e-24, 4.39331232044e-24, 3.74827377445e-24, 4.00531502851e-24, 5.08154336758e-24, 4.73179872981e-24, 5.10582292852e-24, 5.40699345606e-24, 5.38487458513e-24, 5.9475726187e-24, 4.88588495827e-24, 5.07466252834e-24, 5.35281015035e-24, 5.85325719774e-24, 6.54237807997e-24, 5.4481641067e-24, 4.87823261306e-24, 4.69050501686e-24, 4.97358933042e-24],
        "stdev": [2.32210732065e-05, 2.15081217902e-05, 1.61117131938e-05, 1.3534541722e-05, 1.66709087353e-05, 3.45978442056e-05, 7.51491679694e-05, 9.68871609075e-05, 8.1512334873e-05, 0.000118049130833, 0.000130542830448, 0.000118497235235, 0.000101403151348, 9.48580709519e-05, 9.64112987276e-05, 9.62638659985e-05, 0.000119386066217, 0.00013391149696, 0.00014076413936, 0.000153511951794, 0.000155856396304, 0.000145848622196, 0.000138923191116, 0.000188421239727, 0.000220926216571, 0.000217376495129, 0.000233474580455, 0.000202213064767, 0.00019160467491, 0.000235676008742, 0.000222006055992, 0.000274532620097, 0.000252633879427, 0.00026625013561, 0.000314271514071, 0.000315505079925, 0.000252963625826, 0.000284674199065, 0.000323487911373, 0.000288018258289, 0.000279228726868, 0.000328065769281, 0.000220381829422, 0.000250560609857, 0.00025497758179, 0.000198746434762, 0.000231857775361, 0.000246543087997, 0.00025987738627, 0.000188211794011, 0.000182663367013, 0.000128204890643, 0.000107964260678, 7.38504604669e-05, 7.59591057431e-05, 9.40218087635e-05, 0.000130571323098, 9.61232144618e-05, 5.45078801224e-05, 3.07243644784e-05, 2.1724114049e-05, 1.62585765793e-05, 1.86716242752e-05, 1.68678725458e-05, 1.52529273691e-05, 1.00318620753e-05, 1.02479662019e-05, 8.40040229377e-06, 7.75194257585e-06, 7.83968334872e-06, 7.28455688659e-06, 6.60080013404e-06, 6.73439262755e-06, 6.0852162278e-06, 1.09186585178e-05, 9.48795423028e-06, 7.1518616096e-06, 6.86618568579e-06, 5.93935146753e-06, 6.31985903965e-06, 5.84918007007e-06, 4.15679960497e-06, 5.74592377234e-06, 5.11549160365e-06, 6.09479684499e-06, 4.39705036115e-06, 5.29955741513e-06, 6.03350508754e-06, 5.44098111277e-06, 3.59198770639e-06, 9.64188711805e-06, 3.16050181937e-06, 2.3801021598e-06, 3.17500439451e-06, 3.45004173141e-06, 2.76874993688e-06, 2.0795812361e-06, 2.34291564993e-06, 2.08307187677e-06, 1.27517694182e-06, 1.84574071227e-06, 1.2368896023e-06, 1.16397654892e-06, 1.07935784399e-06, 1.15663556244e-06, 8.48476133797e-07, 4.99154964473e-07, 2.92823642667e-07, 2.52809115864e-07, 1.4092421452e-07, 9.60194412869e-08, 1.16442933518e-07, 2.83523196032e-08, 2.06081218757e-09, 1.6354995136e-09, 1.54935031471e-09, 1.48347456541e-09, 1.42333467235e-09, 1.3700292012e-09, 1.32294808441e-09, 1.28028909696e-09, 1.24555821213e-09, 1.21587784285e-09, 1.18955434392e-09, 1.16860954247e-09, 1.1499117214e-09, 1.1375129727e-09, 1.13139897451e-09]
    },
    "mfcc": {
        "mean": [-771.858459473, 73.7540435791, -31.5330619812, -15.583073616, -0.942211925983, 3.79332828522, -8.14843082428, -4.70151805878, -2.6024184227, -2.05947732925, -4.26852655411, -1.57160258293, -1.62896370888],
        "cov": [[73809.109375, 9710.52050781, -5915.76318359, -2841.76293945, -540.628662109, 351.561859131, -1273.6394043, -685.980529785, -320.134155273, -341.237792969, -639.046569824, -221.382827759, -196.352264404], [9710.52050781, 1681.43725586, -618.599487305, -322.23638916, 7.38041257858, 78.3827133179, -161.858551025, -95.0288619995, -51.1053771973, -41.516620636, -86.618309021, -35.2605247498, -35.3578567505], [-5915.76318359, -618.599487305, 763.723205566, 326.638092041, 90.133972168, 13.2799901962, 116.022361755, 49.6444396973, 6.72147464752, 35.1505241394, 49.4464225769, 11.10064888, 5.81221246719], [-2841.76293945, -322.23638916, 326.638092041, 211.119400024, 56.2255096436, 1.00776469707, 52.1851005554, 28.2544956207, 1.1199221611, 14.4392356873, 27.8778591156, 5.33863925934, 0.74917691946], [-540.628662109, 7.38041257858, 90.133972168, 56.2255096436, 76.3777999878, 11.5983428955, 11.6982660294, 12.1929178238, -0.296033918858, 0.660991311073, 3.95774817467, 3.946164608, -2.61950516701], [351.561859131, 78.3827133179, 13.2799901962, 1.00776469707, 11.5983428955, 61.7942848206, -0.342389762402, -9.41588783264, 1.41851997375, 0.667838573456, -7.51515197754, -5.66635513306, -1.53299057484], [-1273.6394043, -161.858551025, 116.022361755, 52.1851005554, 11.6982660294, -0.342389762402, 55.8075752258, 16.5840530396, 4.97593927383, 10.0669460297, 13.3629398346, 3.0314002037, 5.05932188034], [-685.980529785, -95.0288619995, 49.6444396973, 28.2544956207, 12.1929178238, -9.41588783264, 16.5840530396, 40.9341125488, 9.44976711273, 1.81581830978, 10.148229599, 3.2900352478, 1.74166870117], [-320.134155273, -51.1053771973, 6.72147464752, 1.1199221611, -0.296033918858, 1.41851997375, 4.97593927383, 9.44976711273, 32.8190994263, 6.65785551071, 3.01533126831, 0.214844301343, 3.05077171326], [-341.237792969, -41.516620636, 35.1505241394, 14.4392356873, 0.660991311073, 0.667838573456, 10.0669460297, 1.81581830978, 6.65785551071, 28.4023456573, 9.53933334351, 1.99581670761, 4.02947759628], [-639.046569824, -86.618309021, 49.4464225769, 27.8778591156, 3.95774817467, -7.51515197754, 13.3629398346, 10.148229599, 3.01533126831, 9.53933334351, 33.6773300171, 10.9975385666, 4.31578826904], [-221.382827759, -35.2605247498, 11.10064888, 5.33863925934, 3.946164608, -5.66635513306, 3.0314002037, 3.2900352478, 0.214844301343, 1.99581670761, 10.9975385666, 27.8368473053, 8.94526004791], [-196.352264404, -35.3578567505, 5.81221246719, 0.74917691946, -2.61950516701, -1.53299057484, 5.05932188034, 1.74166870117, 3.05077171326, 4.02947759628, 4.31578826904, 8.94526004791, 26.8578357697]],
        "icov": [[0.000158731549163, -0.000619189755525, 0.000591012474615, 4.12419758504e-05, 0.000447031401563, -0.000314655335387, 0.000386747560697, -3.73791554011e-05, 0.000414669164456, -7.93434155639e-05, 0.000243150643655, -6.21118233539e-05, 0.000117880626931], [-0.000619189755525, 0.00379157182761, -0.00187685142737, 0.0011834873585, -0.00359115330502, -5.28626915184e-05, 0.000216563406866, 0.000905658060219, -6.7803892307e-05, -0.000152819702635, -0.000435810157796, 0.000890413357411, 0.000189217811567], [0.000591012474615, -0.00187685142737, 0.00678798696026, -0.00528841745108, 0.00084631779464, -0.00242564012296, -0.00152099120896, 9.11452225409e-05, 0.00213589682244, -0.00171676708851, 0.0010581916431, -0.000372134993086, 0.000722034252249], [4.12419758504e-05, 0.0011834873585, -0.00528841745108, 0.0170570574701, -0.00610526371747, -4.74298722111e-05, 0.00120282219723, -0.000700956617948, 0.00289966864511, -5.80711748626e-05, -0.00325230346061, 0.00236535188742, 0.00116306508426], [0.000447031401563, -0.00359115330502, 0.00084631779464, -0.00610526371747, 0.0215493720025, -0.00301878293976, 6.82886002323e-06, -0.00509617291391, -3.68374567188e-05, 0.00137370359153, 0.0023450627923, -0.00483711296692, 0.00181856867857], [-0.000314655335387, -5.28626915184e-05, -0.00242564012296, -4.74298722111e-05, -0.00301878293976, 0.0203746147454, -0.00297483429313, 0.0048065725714, -0.00455230334774, -5.58094398002e-05, 0.00192256120499, 0.00244315015152, -0.0013237115927], [0.000386747560697, 0.000216563406866, -0.00152099120896, 0.00120282219723, 6.82886002323e-06, -0.00297483429313, 0.0322521179914, -0.00573742436245, 0.00258162547834, -0.00451406976208, -0.00193694536574, 0.0021532131359, -0.00248630181886], [-3.73791554011e-05, 0.000905658060219, 9.11452225409e-05, -0.000700956617948, -0.00509617291391, 0.0048065725714, -0.00573742436245, 0.0342220887542, -0.00869210623205, 0.00462565338239, -0.00516727939248, 0.000881164567545, 0.000387903506635], [0.000414669164456, -6.7803892307e-05, 0.00213589682244, 0.00289966864511, -3.68374567188e-05, -0.00455230334774, 0.00258162547834, -0.00869210623205, 0.0379702858627, -0.0087583437562, 0.00140024512075, 0.00194337056018, -0.00165816419758], [-7.93434155639e-05, -0.000152819702635, -0.00171676708851, -5.80711748626e-05, 0.00137370359153, -5.58094398002e-05, -0.00451406976208, 0.00462565338239, -0.0087583437562, 0.0436062812805, -0.0108484374359, 0.00220802077092, -0.00426649628207], [0.000243150643655, -0.000435810157796, 0.0010581916431, -0.00325230346061, 0.0023450627923, 0.00192256120499, -0.00193694536574, -0.00516727939248, 0.00140024512075, -0.0108484374359, 0.0443925447762, -0.0147405639291, 0.00134860200342], [-6.21118233539e-05, 0.000890413357411, -0.000372134993086, 0.00236535188742, -0.00483711296692, 0.00244315015152, 0.0021532131359, 0.000881164567545, 0.00194337056018, 0.00220802077092, -0.0147405639291, 0.0472391024232, -0.0139791863039], [0.000117880626931, 0.000189217811567, 0.000722034252249, 0.00116306508426, 0.00181856867857, -0.0013237115927, -0.00248630181886, 0.000387903506635, -0.00165816419758, -0.00426649628207, 0.00134860200342, -0.0139791863039, 0.0439679510891]]
    },
    "spectral_contrast_coeffs": {
        "max": [-0.532003223896, -0.705147743225, -0.706105172634, -0.706298232079, -0.659264326096, -0.658714711666],
        "mean": [-0.762117505074, -0.866120278835, -0.855961859226, -0.856686651707, -0.843989849091, -0.82746809721],
        "min": [-0.992815196514, -0.980177819729, -0.981185615063, -0.975216507912, -0.968517959118, -0.965141892433],
        "stdev": [0.115498892963, 0.061026416719, 0.0629428178072, 0.0613353513181, 0.0690815374255, 0.0748157426715]
    },
    "spectral_contrast_valleys": {
        "max": [-6.82792139053, -5.05842113495, -4.5038394928, -4.53197717667, -5.59393835068, -7.7150387764],
        "mean": [-12.0697813034, -10.8865776062, -10.9022693634, -10.8596305847, -11.5611181259, -13.4868164062],
        "min": [-27.9034576416, -28.0812759399, -27.7941799164, -27.5763015747, -27.4769744873, -27.4404296875],
        "stdev": [7.88121795654, 8.50900363922, 8.54767131805, 8.55847835541, 8.16685295105, 7.1748547554]
    }
},
"rhythm": {
    "beats_count": 32,
    "beats_loudness": {
        "max": 0.0645757168531,
        "mean": 0.0146240219474,
        "min": 0,
        "stdev": 0.0146927656606
    },
    "bpm": 148.223953247,
    "bpm_histogram_first_peak_bpm": 148,
    "bpm_histogram_first_peak_weight": 0.588235259056,
    "bpm_histogram_second_peak_bpm": 172,
    "bpm_histogram_second_peak_spread": 0,
    "bpm_histogram_second_peak_weight": 0.193548381329,
    "danceability": 0.734658122063,
    "onset_rate": 4.78080224991,
    "beats_loudness_band_ratio": {
        "max": [0.670441329479, 0.368044793606, 0.243679732084, 0.492365002632, 0.472254514694, 0.210290968418],
        "mean": [0.0640036314726, 0.0827356874943, 0.105655521154, 0.272236138582, 0.237916007638, 0.0456285700202],
        "min": [0, 0, 0, 0, 0, 0],
        "stdev": [0.1371114254, 0.101677395403, 0.0696398094296, 0.176104962826, 0.171631321311, 0.0452416874468]
    },
    "beats_position": [0.336689323187, 0.684988677502, 1.03328800201, 1.38158726692, 1.72988653183, 2.07818579674, 2.41487526894, 2.75156450272, 3.08825397491, 3.43655323982, 3.7732424736, 4.1099319458, 4.52789115906, 4.94585037231, 5.34058952332, 5.7701587677, 6.19972801208, 6.6176867485, 7.01242637634, 7.41877555847, 7.8251247406, 8.2198638916, 8.6146030426, 8.99773216248, 9.4040813446, 9.79882049561, 10.2051696777, 10.6115188599, 11.017868042, 11.4242172241, 11.8421764374, 12.2369155884],
