{
"metadata": {
    "version": {
        "essentia": "2.1-beta5",
        "essentia_git_sha": "Undefined",
        "extractor": "music 2.0"
    },
    "audio_properties": {
        "analysis": {
            "equal_loudness": 0,
            "length": 30.7199993134,
            "sample_rate": 44100,
            "start_time": 191.4949646,
            "downmix": "mix"
        },
        "bit_rate": 192000,
        "length": 222.238189697,
        "lossless": 0,
        "number_channels": 2,
        "replay_gain": -11.4433403015,
        "sample_rate": 44100,
        "codec": "mp3",
        "md5_encoded": "e869d628e9c6bfadcbf517430f0848c4"
    },
    "tags": {
        "file_name": "France_Sans Toi_Martine Clémenceau.mp3",
        "encoding": ["Lavf58.29.100"]
    }
},
"lowlevel": {
    "average_loudness": 0.923753976822,
    "barkbands_crest": {
        "max": 22.2243728638,
        "mean": 9.44166564941,
        "min": 2.38617706299,
        "stdev": 4.90579271317
    },
    "barkbands_flatness_db": {
        "max": 0.303327172995,
        "mean": 0.132704392076,
        "min": 0.0288437176496,
        "stdev": 0.0389420427382
    },
    "barkbands_kurtosis": {
        "max": 39.0355148315,
        "mean": 1.45292580128,
        "min": -1.54324650764,
        "stdev": 2.82295775414
    },
    "barkbands_skewness": {
        "max": 4.07661294937,
        "mean": 0.140927642584,
        "min": -2.43623590469,
        "stdev": 0.857084810734
    },
    "barkbands_spread": {
        "max": 63.8437347412,
        "mean": 18.2014369965,
        "min": 1.22467720509,
        "stdev": 9.72386550903
    },
    "dissonance": {
        "max": 0.500000178814,
        "mean": 0.470851838589,
        "min": 0.31709164381,
        "stdev": 0.032098736614
    },
    "dynamic_complexity": 2.67118048668,
    "erbbands_crest": {
        "max": 29.7515144348,
        "mean": 11.2620162964,
        "min": 2.56514692307,
        "stdev": 6.12542963028
    },
    "erbbands_flatness_db": {
        "max": 0.358469992876,
        "mean": 0.1973349154,
        "min": 0.0605816096067,
        "stdev": 0.0465657189488
    },
    "erbbands_kurtosis": {
        "max": 51.7316055298,
        "mean": 2.45005059242,
        "min": -1.70176720619,
        "stdev": 3.21597719193
    },
    "erbbands_skewness": {
        "max": 5.3542547226,
        "mean": 0.460033267736,
        "min": -1.50745511055,
        "stdev": 0.678247988224
    },
    "erbbands_spread": {
        "max": 80.3418502808,
        "mean": 19.4020214081,
        "min": 2.32298851013,
        "stdev": 11.9447345734
    },
    "hfc": {
        "max": 128.952377319,
        "mean": 31.5252399445,
        "min": 1.14954639685e-16,
        "stdev": 21.2334499359
    },
    "loudness_ebu128": {
        "integrated": -11.9339103699,
        "loudness_range": 4.64892673492,
        "momentary": {
            "max": -8.22334861755,
            "mean": -12.5576562881,
            "min": -32.4390678406,
            "stdev": 2.55886554718
        },
        "short_term": {
            "max": -9.54844474792,
            "mean": -12.1024456024,
            "min": -16.1904182434,
            "stdev": 1.61955630779
        }
    },
    "melbands_crest": {
        "max": 30.8975830078,
        "mean": 10.9007635117,
        "min": 1.83512485027,
        "stdev": 5.60787057877
    },
    "melbands_flatness_db": {
        "max": 0.362628877163,
        "mean": 0.144579708576,
        "min": 0.00287218787707,
        "stdev": 0.0565465129912
    },
    "melbands_kurtosis": {
        "max": 48.0933303833,
        "mean": 2.35116481781,
        "min": -1.54465126991,
        "stdev": 5.06442546844
    },
    "melbands_skewness": {
        "max": 5.274497509,
        "mean": 0.565347015858,
        "min": -2.10360455513,
        "stdev": 1.12093305588
    },
    "melbands_spread": {
        "max": 144.817016602,
        "mean": 30.9975395203,
        "min": 1.83128893375,
        "stdev": 15.0211782455
    },
    "pitch_salience": {
        "max": 0.935456335545,
        "mean": 0.623363733292,
        "min": 0.242920234799,
        "stdev": 0.152667745948
    },
    "silence_rate_20dB": {
        "max": 1,
        "mean": 1,
        "min": 1,
        "stdev": 0
    },
    "silence_rate_30dB": {
        "max": 1,
        "mean": 1,
        "min": 1,
        "stdev": 0
    },
    "silence_rate_60dB": {
        "max": 1,
        "mean": 0.0151057401672,
        "min": 0,
        "stdev": 0.121973544359
    },
    "spectral_centroid": {
        "max": 11856.1982422,
        "mean": 1779.78491211,
        "min": 298.956939697,
        "stdev": 858.279846191
    },
    "spectral_complexity": {
        "max": 51,
        "mean": 25.3413906097,
        "min": 0,
        "stdev": 9.24302577972
    },
    "spectral_decrease": {
        "max": 1.59479385532e-28,
        "mean": -5.99366645204e-09,
        "min": -2.19018456704e-08,
        "stdev": 3.93884302952e-09
    },
    "spectral_energy": {
        "max": 0.0892001986504,
        "mean": 0.0254809036851,
        "min": 1.0215226585e-20,
        "stdev": 0.0164447594434
    },
    "spectral_energyband_high": {
        "max": 0.0100437346846,
        "mean": 0.000870641379151,
        "min": 7.07790581284e-21,
        "stdev": 0.00112946680747
    },
    "spectral_energyband_low": {
        "max": 0.053941257298,
        "mean": 0.00352768739685,
        "min": 1.62061391335e-23,
        "stdev": 0.00542022706941
    },
    "spectral_energyband_middle_high": {
        "max": 0.0733785331249,
        "mean": 0.0158123616129,
        "min": 1.29286269868e-21,
        "stdev": 0.0125671513379
    },
    "spectral_energyband_middle_low": {
        "max": 0.0713131576777,
        "mean": 0.00569706130773,
        "min": 2.45661332818e-22,
        "stdev": 0.00775269372389
    },
    "spectral_entropy": {
        "max": 9.81033229828,
        "mean": 7.67319393158,
        "min": 6.05153465271,
        "stdev": 0.415564149618
    },
    "spectral_flux": {
        "max": 0.277345061302,
        "mean": 0.0961478576064,
        "min": 6.60550919518e-11,
        "stdev": 0.0417351052165
    },
    "spectral_kurtosis": {
        "max": 21.4823036194,
        "mean": 5.08302974701,
        "min": -1.25040173531,
        "stdev": 2.49480032921
    },
    "spectral_rms": {
        "max": 0.00932869687676,
        "mean": 0.00470755202696,
        "min": 3.15690919586e-12,
        "stdev": 0.00164266536012
    },
    "spectral_rolloff": {
        "max": 19530.6152344,
        "mean": 2019.29016113,
        "min": 172.265625,
        "stdev": 1707.5090332
    },
    "spectral_skewness": {
        "max": 3.55920052528,
        "mean": 1.68076884747,
        "min": -0.0899270996451,
        "stdev": 0.368410259485
    },
    "spectral_spread": {
        "max": 41871044,
        "mean": 4105675.5,
        "min": 1939655.125,
        "stdev": 3005075.5
    },
    "spectral_strongpeak": {
        "max": 9.87041091919,
        "mean": 2.52340531349,
        "min": 0,
        "stdev": 2.36421394348
    },
    "zerocrossingrate": {
        "max": 0.52783203125,
        "mean": 0.0767191648483,
        "min": 0.0107421875,
        "stdev": 0.0450554639101
    },
    "barkbands": {
        "max": [0.00120940210763, 0.038084000349, 0.0246700495481, 0.0182180441916, 0.0268505979329, 0.00618973374367, 0.0285922847688, 0.0520823672414, 0.0669494718313, 0.0503431484103, 0.0348430350423, 0.0528533607721, 0.0102511197329, 0.0130590256304, 0.0151635603979, 0.00980683974922, 0.00664395093918, 0.010716740042, 0.00608945498243, 0.00451199989766, 0.00348357390612, 0.00176774465945, 0.00214098463766, 0.00185745407362, 0.00155285652727, 0.000690743327141, 9.38563402997e-07],
        "mean": [6.25552565907e-05, 0.00207863003016, 0.00104459375143, 0.000656049465761, 0.00105015176814, 0.000593024771661, 0.000936726632062, 0.00131400255486, 0.000966423307545, 0.00068962725345, 0.00116072711535, 0.00753618078306, 0.000918356585316, 0.00184097338933, 0.00147317210212, 0.000790160498582, 0.000450871681096, 0.00045448236051, 0.000451736355899, 0.000301478838082, 0.000248493452091, 0.000122770215967, 0.000134509275085, 0.000100999124697, 7.53602944314e-05, 2.88613482553e-05, 1.96528970875e-09],
        "min": [8.53522453115e-25, 5.90507431516e-24, 1.79227205792e-24, 4.0136185784e-24, 2.58736090166e-23, 4.94802936935e-23, 1.72761721535e-23, 2.64525729676e-23, 3.50827491361e-23, 4.94297150877e-23, 2.77088686691e-23, 6.48553852183e-23, 4.12148804967e-23, 4.45243634088e-23, 7.60469233262e-23, 1.23186663558e-22, 1.17787043191e-22, 1.15628744998e-22, 1.75238331414e-22, 2.42444648348e-22, 3.38301522456e-22, 2.95681728019e-22, 5.0529496999e-22, 6.06958213771e-22, 8.56222911743e-22, 1.52253769584e-21, 2.12969462683e-21],
        "stdev": [0.000113334717753, 0.00350412609987, 0.00196669157594, 0.00140947010368, 0.00178779894486, 0.000788435339928, 0.00250314571895, 0.0042153345421, 0.00371803482994, 0.00162041117437, 0.00245619821362, 0.0101729901507, 0.00114487600513, 0.00182256347034, 0.00187273009215, 0.00101091247052, 0.000619442260358, 0.000726303376723, 0.000622088497039, 0.000405164493714, 0.000383374746889, 0.000171051695361, 0.00017475966888, 0.000167618272826, 0.000149112616782, 7.367105718e-05, 2.72716231819e-08]
    },
    "erbbands": {
        "max": [1.18028271198, 8.10805130005, 31.1234741211, 44.7466201782, 108.418167114, 93.6470718384, 52.423248291, 68.3854141235, 310.589904785, 1032.21923828, 1272.85852051, 878.073303223, 1992.45812988, 572.054016113, 1824.3762207, 1755.50524902, 452.883728027, 335.764221191, 1002.79663086, 551.596069336, 368.276519775, 395.763183594, 775.504882812, 236.113250732, 282.850250244, 138.716720581, 213.302505493, 160.339752197, 82.3620605469, 62.8879699707, 47.7714271545, 27.7429943085, 34.4541282654, 23.923532486, 9.5658121109, 4.2241768837, 1.36026990414, 0.12277777493, 0.00219307164662, 0.000164664859767],
        "mean": [0.0480927601457, 0.50162255764, 1.25476455688, 1.82024681568, 2.91703820229, 3.42505145073, 3.67074871063, 5.67718839645, 9.68288230896, 20.1265029907, 29.0304584503, 18.1240921021, 28.1326465607, 28.0713691711, 173.096069336, 223.989212036, 48.5555648804, 65.922668457, 113.892829895, 53.4667892456, 41.9694709778, 26.632352829, 27.6687984467, 23.3460845947, 17.3809547424, 13.6391792297, 13.442943573, 6.8206820488, 4.62897920609, 4.3117723465, 3.60854291916, 2.324862957, 1.59763240814, 0.96715092659, 0.498721987009, 0.184966862202, 0.041222371161, 0.00226026121527, 6.87069114065e-05, 3.6211720726e-05],
        "min": [1.40240624639e-22, 1.61419197343e-21, 2.22497165662e-21, 9.35354026249e-21, 5.60021178732e-20, 4.33999469239e-20, 1.39108785995e-19, 3.23565500177e-19, 3.80650138978e-19, 4.46199782276e-19, 5.52979493575e-19, 7.52939032926e-19, 1.05645253768e-18, 1.41420287933e-18, 9.94345439146e-19, 2.38707243503e-18, 1.94051546583e-18, 2.63183104238e-18, 4.11125308051e-18, 4.39827937639e-18, 6.13429201335e-18, 6.82080435889e-18, 5.85500192415e-18, 9.33471832341e-18, 9.81645507727e-18, 1.31727900435e-17, 1.17169306588e-17, 1.15004492206e-17, 1.0013447313e-17, 1.32835007239e-17, 1.35833098554e-17, 1.1370167447e-17, 1.24405118627e-17, 7.35391854137e-18, 6.65290489251e-18, 5.13850965809e-18, 2.60852440144e-18, 1.11308990442e-18, 2.76073261349e-19, 3.61595574741e-20],
        "stdev": [0.0970461815596, 0.841878414154, 2.32444596291, 3.50728940964, 6.3955540657, 5.53647327423, 5.05307626724, 7.98440790176, 22.157037735, 56.4661865234, 97.8873596191, 47.629863739, 104.369636536, 32.4165267944, 272.231658936, 310.623016357, 46.3113136292, 53.3258171082, 130.695800781, 62.4842643738, 50.4185523987, 34.8961105347, 47.9355735779, 27.8164844513, 22.3600635529, 15.8634262085, 20.948015213, 10.6939659119, 6.71298456192, 5.64538192749, 4.74473381042, 3.39216899872, 2.99517273903, 1.94981193542, 1.03327417374, 0.423079013824, 0.11605617404, 0.00802217237651, 0.000164160024724, 2.59260541497e-05]
    },
    "gfcc": {
        "mean": [1.55949103832, 75.3724594116, -158.677566528, 20.536693573, -61.4541053772, 28.9302368164, -40.5091667175, 8.50495815277, -28.066904068, 6.36207294464, -10.6807794571, -2.53172540665, -10.1942195892],
        "cov": [[15522.7607422, 405.021728516, -1229.7220459, 456.56741333, -629.010559082, 329.639984131, -345.475799561, 182.99357605, -411.107147217, 169.795532227, -127.586502075, 68.1669616699, -214.263031006], [405.021728516, 1315.35693359, 486.107849121, 324.093444824, 164.387359619, 26.8650798798, 284.098907471, -30.6911220551, 14.8484344482, -44.6301422119, 208.433654785, -159.748977661, 6.54345226288], [-1229.7220459, 486.107849121, 1063.75683594, 389.493133545, 197.592315674, -20.2856845856, 209.098571777, 86.2881469727, 21.6732120514, 45.027469635, 96.7202072144, -29.0565795898, -39.3339042664], [456.56741333, 324.093444824, 389.493133545, 349.153259277, 81.9780197144, 9.23152351379, 94.1727371216, 65.2005615234, 15.7046909332, 24.3966426849, 61.0161132812, -36.4959182739, -24.462726593], [-629.010559082, 164.387359619, 197.592315674, 81.9780197144, 171.279647827, 44.3150978088, 86.0870513916, 5.01566648483, 20.0426692963, -4.52725744247, 32.1550331116, -7.24939250946, -2.03172802925], [329.639984131, 26.8650798798, -20.2856845856, 9.23152351379, 44.3150978088, 119.886978149, 54.9955787659, -25.4915943146, -37.1988868713, 7.79881334305, 36.0488815308, 8.70763206482, -14.430232048], [-345.475799561, 284.098907471, 209.098571777, 94.1727371216, 86.0870513916, 54.9955787659, 216.090011597, -5.95472145081, -13.6729478836, 3.38559389114, 112.342094421, -33.8916168213, -13.1003723145], [182.99357605, -30.6911220551, 86.2881469727, 65.2005615234, 5.01566648483, -25.4915943146, -5.95472145081, 114.143257141, 55.0505828857, 24.6041584015, -32.9841346741, 5.48220443726, 0.757622122765], [-411.107147217, 14.8484344482, 21.6732120514, 15.7046909332, 20.0426692963, -37.1988868713, -13.6729478836, 55.0505828857, 112.349594116, 15.8501434326, -12.1939296722, -16.7724399567, 15.4923305511], [169.795532227, -44.6301422119, 45.027469635, 24.3966426849, -4.52725744247, 7.79881334305, 3.38559389114, 24.6041584015, 15.8501434326, 58.1010665894, 16.2270145416, 15.982383728, -9.00200176239], [-127.586502075, 208.433654785, 96.7202072144, 61.0161132812, 32.1550331116, 36.0488815308, 112.342094421, -32.9841346741, -12.1939296722, 16.2270145416, 137.82522583, -10.1604347229, -7.17327356339], [68.1669616699, -159.748977661, -29.0565795898, -36.4959182739, -7.24939250946, 8.70763206482, -33.8916168213, 5.48220443726, -16.7724399567, 15.982383728, -10.1604347229, 72.1000747681, 7.12970399857], [-214.263031006, 6.54345226288, -39.3339042664, -24.462726593, -2.03172802925, -14.430232048, -13.1003723145, 0.757622122765, 15.4923305511, -9.00200176239, -7.17327356339, 7.12970399857, 54.3475990295]],
        "icov": [[0.000379636680009, -0.000828173418995, 0.000912836287171, -0.00108318298589, 0.00126722082496, -0.0011015086202, 0.000549579912331, -0.00129286327865, 0.00156182399951, -0.00144777947571, 0.000973848800641, -0.00106006441638, 0.00125750305597], [-0.000828173418995, 0.00376846920699, -0.0022742592264, 0.00150685035624, -0.00327894533984, 0.00251502008177, -0.00151210429613, 0.00297264941037, -0.00322777940892, 0.0045664133504, -0.00412051519379, 0.00547348568216, -0.00413265125826], [0.000912836287171, -0.0022742592264, 0.00452696252614, -0.00426525902003, 0.00128075690009, -0.000478135363664, -0.000100132027001, -0.00330441095866, 0.00454478850588, -0.00504833552986, 0.00304582784884, -0.00362786860205, 0.00391821889207], [-0.00108318298589, 0.00150685035624, -0.00426525902003, 0.0097375633195, -0.00436496036127, 0.0022273233626, 0.000354980147677, -0.000580898602493, -0.00273436377756, 0.00341474101879, -0.00498652737588, 0.00524077517912, -0.00263450248167], [0.00126722082496, -0.00327894533984, 0.00128075690009, -0.00436496036127, 0.0157721042633, -0.00867123901844, -0.00126795447432, -0.00144918088336, -0.000514063052833, -0.00123036850709, 0.00620807474479, -0.00738522363827, 0.0040857619606], [-0.0011015086202, 0.00251502008177, -0.000478135363664, 0.0022273233626, -0.00867123901844, 0.0175131335855, -0.00466058542952, 0.00456780381501, 9.18907899177e-05, 1.54972512973e-05, -0.00308210775256, 0.00175657810178, -0.00151104910765], [0.000549579912331, -0.00151210429613, -0.000100132027001, 0.000354980147677, -0.00126795447432, -0.00466058542952, 0.0141975600272, -0.00674231117591, 0.00546562625095, -0.00038827341632, -0.00806483905762, 0.00396784767509, 0.00146013463382], [-0.00129286327865, 0.00297264941037, -0.00330441095866, -0.000580898602493, -0.00144918088336, 0.00456780381501, -0.00674231117591, 0.0236133746803, -0.0143141215667, 0.000843554793391, 0.00547781772912, -0.00185651460197, -0.00371706485748], [0.00156182399951, -0.00322777940892, 0.00454478850588, -0.00273436377756, -0.000514063052833, 9.18907899177e-05, 0.00546562625095, -0.0143141215667, 0.0243987198919, -0.0113302068785, 0.000364630395779, 0.0035661989823, 0.000875224068295], [-0.00144777947571, 0.0045664133504, -0.00504833552986, 0.00341474101879, -0.00123036850709, 1.54972512973e-05, -0.00038827341632, 0.000843554793391, -0.0113302068785, 0.0329440310597, -0.0103897964582, -0.000481339346152, -0.00114315771498], [0.000973848800641, -0.00412051519379, 0.00304582784884, -0.00498652737588, 0.00620807474479, -0.00308210775256, -0.00806483905762, 0.00547781772912, 0.000364630395779, -0.0103897964582, 0.0224747974426, -0.00940483808517, 0.00406404631212], [-0.00106006441638, 0.00547348568216, -0.00362786860205, 0.00524077517912, -0.00738522363827, 0.00175657810178, 0.00396784767509, -0.00185651460197, 0.0035661989823, -0.000481339346152, -0.00940483808517, 0.029859893024, -0.0101872067899], [0.00125750305597, -0.00413265125826, 0.00391821889207, -0.00263450248167, 0.0040857619606, -0.00151104910765, 0.00146013463382, -0.00371706485748, 0.000875224068295, -0.00114315771498, 0.00406404631212, -0.0101872067899, 0.0270945746452]]
    },
    "melbands": {
        "max": [0.0106735676527, 0.0140236858279, 0.0078152185306, 0.00643730955198, 0.0019531797152, 0.00135855015833, 0.00483518140391, 0.0117649883032, 0.00842363853008, 0.00771558238193, 0.0100479330868, 0.00217668316327, 0.0047360737808, 0.00787943601608, 0.00210864655674, 0.00099248602055, 0.000764559488744, 0.0018185301451, 0.00121998507529, 0.000812837271951, 0.000423088204116, 0.000428755825851, 0.000569448748138, 0.000526431773324, 0.000222468734137, 0.000282203778625, 0.000214879008126, 0.000137022856507, 0.000182606541784, 9.74348513409e-05, 8.31512224977e-05, 5.48039934074e-05, 4.84183874505e-05, 4.88226360176e-05, 3.07692571369e-05, 2.89102517854e-05, 1.90914015548e-05, 2.61413842964e-05, 2.17933284148e-05, 2.14321935346e-05],
        "mean": [0.000509692763444, 0.00066494679777, 0.00034639070509, 0.000228087039432, 0.000134691406856, 0.000123361678561, 0.000164249766385, 0.000246316951234, 0.000206378928851, 0.000125025035231, 0.000142139557283, 9.98366522253e-05, 0.000354177231202, 0.000999457086436, 0.000164555778611, 9.43073900999e-05, 0.000124901911477, 0.000209217789234, 8.69127106853e-05, 5.69648727833e-05, 4.67530044261e-05, 2.75486872852e-05, 2.37799904426e-05, 2.20172605623e-05, 1.87420864677e-05, 1.76040612132e-05, 9.37962431635e-06, 8.65814126882e-06, 9.71796816884e-06, 5.41640065421e-06, 3.30369266521e-06, 2.70467262453e-06, 2.17576325667e-06, 2.54488031715e-06, 2.20291349251e-06, 1.70151838574e-06, 1.27360840452e-06, 1.16036210329e-06, 8.97322536275e-07, 7.79406889251e-07],
        "min": [2.61140510595e-24, 1.62805586936e-24, 2.64824924896e-24, 5.87170313228e-24, 4.2314278075e-24, 8.12121967847e-24, 5.60774080706e-24, 4.2733076441e-24, 3.62518465196e-24, 3.94746549175e-24, 4.45790504022e-24, 6.21291821152e-24, 3.36025321112e-24, 3.72880429288e-24, 3.63957426374e-24, 3.95987387936e-24, 4.0464939622e-24, 6.17871596368e-24, 5.05015419773e-24, 7.10330590967e-24, 7.29105243853e-24, 7.05481068552e-24, 4.63251269628e-24, 5.67719961534e-24, 6.63158207671e-24, 6.15106993883e-24, 8.38671949359e-24, 8.29056129355e-24, 6.01267652035e-24, 8.59787941412e-24, 4.92606756063e-24, 5.6660821986e-24, 5.42067585403e-24, 7.58220443257e-24, 7.63870422832e-24, 6.95523277346e-24, 6.49820975789e-24, 8.90526774331e-24, 7.39744926426e-24, 5.98030087994e-24],
        "stdev": [0.000903370208107, 0.00111251149792, 0.000645689899102, 0.000419968098868, 0.000182667630725, 0.000168166210642, 0.000391190813389, 0.000645070977043, 0.000674766197335, 0.000428602041211, 0.000524033559486, 0.000130732587422, 0.000607116962783, 0.00138423428871, 0.000224420451559, 0.000106473082269, 0.000111446301162, 0.000248239783105, 0.00010130040755, 8.09148186818e-05, 5.79390289204e-05, 3.8607915485e-05, 3.6399171222e-05, 4.0366405301e-05, 2.49931163125e-05, 2.68873736786e-05, 1.24941889226e-05, 1.16454384624e-05, 1.65256060427e-05, 9.50279718381e-06, 5.14026760357e-06, 4.22007406087e-06, 3.29741442329e-06, 3.50442815034e-06, 2.91866308544e-06, 2.61799095824e-06, 1.93494520317e-06, 2.20195624934e-06, 1.70135149347e-06, 1.6789606434e-06]
    },
    "melbands128": {
        "max": [0.00114601058885, 0.00880779139698, 0.0156828444451, 0.0161581654102, 0.0191249325871, 0.00964191742241, 0.00948895700276, 0.00863835774362, 0.0141485966742, 0.0090159252286, 0.00498270848766, 0.00281541375443, 0.00203216611408, 0.00134914822411, 0.00224079680629, 0.00267630256712, 0.00345964310691, 0.00885858014226, 0.0123406304047, 0.0181645788252, 0.0161887854338, 0.0220025554299, 0.0117280455306, 0.0035849311389, 0.00640813168138, 0.0117332153022, 0.0240416154265, 0.0160868801177, 0.00652672722936, 0.00238838698715, 0.000964215374552, 0.00978570804, 0.00605208100751, 0.0141164343804, 0.0161882992834, 0.0126839196309, 0.00670384289697, 0.00397873856127, 0.00224285083823, 0.00123114197049, 0.00164767843671, 0.00185277743731, 0.00108262349386, 0.00158880744129, 0.00342072173953, 0.00418352428824, 0.00181552872527, 0.00266578514129, 0.00107262260281, 0.0010914093582, 0.00117614294868, 0.00157313421369, 0.00100702769123, 0.000454278168036, 0.000672291498631, 0.000696709379554, 0.000714656314813, 0.00113684940152, 0.000452566280728, 0.00208886386827, 0.000806690950412, 0.000421739619924, 0.000152002103277, 0.000515515741426, 0.000763812509831, 0.00040242439718, 0.000151806176291, 0.000359383266186, 0.000234966137214, 0.000220195885049, 0.000109007953142, 0.000352422997821, 0.000462392403278, 0.000402826932259, 0.000286940194201, 0.000152743654326, 0.000187221827218, 0.00023837115441, 0.000101760553662, 3.00288484141e-05, 5.10292265972e-05, 9.08276124392e-05, 3.32078525389e-05, 9.49220266193e-05, 7.02778706909e-05, 3.16531222779e-05, 7.98010732979e-05, 5.97566686338e-05, 3.54882104148e-05, 5.70050106035e-05, 5.47294257558e-05, 4.7999623348e-05, 4.10603242926e-05, 2.26233660214e-05, 2.93151515507e-05, 2.73766872851e-05, 3.27471971104e-05, 5.82069405937e-05, 2.0934814529e-05, 1.51182894115e-05, 3.9731101424e-05, 2.94909423246e-05, 1.63416279975e-05, 1.60803865583e-05, 2.31954745686e-05, 1.20394452097e-05, 5.39224765816e-06, 1.28308101921e-05, 1.80591086973e-05, 7.64871765568e-06, 7.55225164539e-06, 6.73237491355e-06, 4.5277956815e-06, 5.74629166294e-06, 2.72561374004e-06, 1.41304872159e-06, 6.77903813084e-08, 4.23280432926e-09, 4.18776835431e-09, 4.12304057562e-09, 4.07281675052e-09, 4.01608923895e-09, 3.96910060374e-09, 3.91021615087e-09, 3.87247345301e-09, 3.84037601719e-09, 3.82194897952e-09, 3.79419518026e-09],
        "mean": [5.17713779118e-05, 0.000320230959915, 0.000694285961799, 0.000887969625182, 0.000719583942555, 0.000477500056149, 0.000368700711988, 0.000313765951432, 0.00030839102692, 0.000222904287511, 0.000187811936485, 0.000155406523845, 0.000126550352434, 9.56250150921e-05, 0.000124965969007, 0.000142791075632, 0.000119799449749, 0.000152977183461, 0.0002395867632, 0.000208590121474, 0.000240360634052, 0.000391309586121, 0.000169985607499, 8.37136103655e-05, 7.84418007242e-05, 0.000140790376463, 0.000234285194892, 0.000100969657069, 0.000128260231577, 9.00696468307e-05, 9.15150958463e-05, 0.000115153314255, 0.000116606046504, 0.000564841728192, 0.00151455379091, 0.00111915008165, 0.000271639670245, 0.000105187005829, 9.02788233361e-05, 8.08652839623e-05, 9.73104251898e-05, 0.000109007269202, 8.86558627826e-05, 0.00012980424799, 0.000261608103756, 0.000259935884969, 0.000107619605842, 8.69360519573e-05, 7.45694851503e-05, 6.40582438791e-05, 5.31275290996e-05, 5.06245451106e-05, 5.79901243327e-05, 4.10586035287e-05, 3.0120359952e-05, 2.79570340354e-05, 2.42003916355e-05, 1.89920538105e-05, 2.36358609982e-05, 3.33222633344e-05, 2.29825782299e-05, 1.43532470247e-05, 1.05233566501e-05, 1.96778892132e-05, 3.35759941663e-05, 1.87273781194e-05, 7.51469769966e-06, 8.21427238407e-06, 1.10128694359e-05, 9.16301905818e-06, 7.81097332947e-06, 8.64574485604e-06, 1.0407235095e-05, 1.15541279229e-05, 6.74682860335e-06, 5.54757798454e-06, 4.61480885861e-06, 4.40102348875e-06, 2.91238598038e-06, 2.42296118813e-06, 3.12277597914e-06, 2.64141522166e-06, 2.1485468551e-06, 2.15130512515e-06, 2.12447048398e-06, 2.35998163589e-06, 2.88113778879e-06, 2.62687899522e-06, 2.15485761146e-06, 1.90358309737e-06, 1.77334175078e-06, 1.65083190495e-06, 1.57053796102e-06, 1.2616657159e-06, 1.13612327368e-06, 1.010777396e-06, 1.33895775889e-06, 1.11400152036e-06, 8.25579036245e-07, 7.62450781622e-07, 9.84522785075e-07, 7.58150406455e-07, 6.06909395628e-07, 5.96304403189e-07, 7.17452394383e-07, 4.32967397046e-07, 3.388052221e-07, 4.4116046638e-07, 3.22979985867e-07, 2.19227302978e-07, 2.3050337461e-07, 1.70330679339e-07, 1.00098340283e-07, 9.67168958255e-08, 4.28873256908e-08, 5.42061640019e-09, 1.06157964364e-10, 7.03337778643e-12, 6.8421631208e-12, 6.68138938273e-12, 6.54938126302e-12, 6.42417456037e-12, 6.31385438724e-12, 6.2079772746e-12, 6.13032541397e-12, 6.06933253655e-12, 6.02664272653e-12, 5.98606103921e-12],
        "min": [5.79466307489e-25, 1.01737024364e-24, 2.33556983247e-24, 1.57487500865e-24, 1.19574096342e-24, 1.05751872776e-24, 1.44119286471e-24, 2.17208905948e-24, 2.96445073218e-24, 6.77007331394e-25, 7.523624312e-25, 1.36957494414e-24, 1.14111490953e-24, 2.12270676124e-24, 3.2776174675e-24, 4.05601590775e-24, 6.18066405569e-24, 2.51233778411e-24, 1.14502391253e-24, 2.0967575762e-24, 2.47130084539e-24, 2.6367312881e-24, 1.08445674995e-24, 1.29042764205e-24, 3.86443393717e-24, 6.9097436024e-25, 1.32879635737e-24, 1.29764354997e-24, 2.64410417934e-24, 4.72666324531e-24, 3.18194343084e-24, 1.39535304498e-24, 1.47013400196e-24, 3.20868127958e-24, 2.40481623994e-24, 2.23581482113e-24, 4.93123104969e-24, 1.68171044104e-24, 3.95162042214e-24, 3.93532650014e-24, 3.66856726859e-24, 2.65957236118e-24, 3.10290449852e-24, 2.1474838962e-24, 3.95778221467e-24, 3.66069325346e-24, 4.11554335166e-24, 2.89386503611e-24, 3.23373688244e-24, 4.40435637312e-24, 3.33566086683e-24, 4.2035778621e-24, 4.66822285173e-24, 5.13688393223e-24, 5.29387395769e-24, 5.33404275499e-24, 4.7690467696e-24, 4.03666909405e-24, 2.69395663867e-24, 3.09363419959e-24, 4.54370470772e-24, 6.22609849952e-24, 6.74027448767e-24, 5.30967681378e-24, 3.14647841391e-24, 4.51348857404e-24, 6.95387356612e-24, 6.17698283627e-24, 5.62878248842e-24, 4.74256115914e-24, 3.7903019169e-24, 6.54333220724e-24, 4.18292430031e-24, 6.573774744e-24, 5.19068030167e-24, 3.83800433584e-24, 5.18449799875e-24, 4.50437565286e-24, 4.45512509439e-24, 4.15035341683e-24, 4.71939744195e-24, 5.08404090121e-24, 3.17600784418e-24, 3.86986248349e-24, 3.30093816801e-24, 6.71615585436e-24, 5.09583437174e-24, 6.83584656406e-24, 4.23108465301e-24, 4.35539335445e-24, 4.39741084728e-24, 4.46419383936e-24, 3.86089668487e-24, 6.0369821137e-24, 6.199539525e-24, 6.50767569432e-24, 9.07878479916e-24, 6.73457496763e-24, 8.14160857743e-24, 4.34347958263e-24, 4.76224915518e-24, 4.71132463387e-24, 5.95368747401e-24, 6.18810183073e-24, 6.40027070436e-24, 6.95608474323e-24, 3.88910950629e-24, 7.24507841384e-24, 7.61509598801e-24, 7.0995643424e-24, 5.5065477023e-24, 5.55503937657e-24, 6.92488371671e-24, 7.18220541083e-24, 6.55468391567e-24, 7.6307525104e-24, 5.36966140258e-24, 6.06768694671e-24, 6.25328777391e-24, 7.55370288806e-24, 7.15303491228e-24, 8.13051088221e-24, 7.56948641706e-24, 8.97048524093e-24, 8.48043932458e-24, 8.26515366152e-24, 7.42525187801e-24, 6.39145084501e-24],
        "stdev": [0.000100622688478, 0.000745747762267, 0.00136860355269, 0.00154602981638, 0.00139951345045, 0.000888201931957, 0.000756344059482, 0.000704589416273, 0.000767451070715, 0.000482413248392, 0.000323452870362, 0.000246064562816, 0.000199306610739, 0.000146645863424, 0.000210603888263, 0.000238964887103, 0.000241492292844, 0.000544743554201, 0.000853693927638, 0.000852352182847, 0.000761646719184, 0.00151131453458, 0.000728391692974, 0.000190656282939, 0.000200679336558, 0.00057459139498, 0.00144984712824, 0.000485778116854, 0.000284545531031, 0.000161631323863, 0.000123773075757, 0.000355606956873, 0.000349301932147, 0.00142986187711, 0.00267657800578, 0.00211868155748, 0.000650958972983, 0.000205389500479, 0.000175978057086, 0.000122767436551, 0.000137123366585, 0.000157499671332, 0.000111943700176, 0.000184479373274, 0.000378674652893, 0.000475308363093, 0.000181254479685, 0.000143116951222, 0.000112740119221, 0.00010609774472, 9.39841484069e-05, 9.09659138415e-05, 9.43391423789e-05, 5.85184134252e-05, 5.33350830665e-05, 4.70525119454e-05, 4.52343010693e-05, 4.25581165473e-05, 3.78324548365e-05, 0.000103372272861, 5.74124169361e-05, 2.48507985816e-05, 1.47292566908e-05, 3.74558730982e-05, 6.94805130479e-05, 3.63830731658e-05, 1.21172824947e-05, 1.63102686201e-05, 1.76731664396e-05, 1.42000435517e-05, 1.22325454868e-05, 2.06461972994e-05, 2.80708718492e-05, 2.67684772552e-05, 1.46774536915e-05, 1.25519900394e-05, 1.12049065137e-05, 1.14705926535e-05, 5.4956326494e-06, 3.43552551385e-06, 5.58858482691e-06, 5.66528797208e-06, 3.25862401951e-06, 4.51375990451e-06, 3.64108677786e-06, 3.326517799e-06, 5.25341283719e-06, 4.50437119071e-06, 3.01186764773e-06, 3.66641666005e-06, 3.3420649288e-06, 3.08819426209e-06, 2.75937622973e-06, 2.14522242459e-06, 2.05113155971e-06, 1.86379202205e-06, 3.08310950459e-06, 2.93781226901e-06, 1.62892649769e-06, 1.42057240282e-06, 2.50042626249e-06, 1.92759489437e-06, 1.31922411128e-06, 1.34742185764e-06, 1.87201760582e-06, 9.89254999695e-07, 6.6141166144e-07, 1.17315403259e-06, 9.63014713307e-07, 5.5727190329e-07, 6.56944791899e-07, 5.19418790645e-07, 3.17129774885e-07, 3.91470138084e-07, 1.90001514966e-07, 5.79672025935e-08, 2.10535833212e-09, 1.16345599821e-10, 1.15102316567e-10, 1.13320630657e-10, 1.11937674407e-10, 1.10376735529e-10, 1.09083755917e-10, 1.07465106258e-10, 1.0642661058e-10, 1.05544004092e-10, 1.05036458697e-10, 1.04274304469e-10]
    },
    "mfcc": {
        "mean": [-622.057800293, 103.063056946, -31.7685585022, -1.5341681242, -1.63815188408, 8.74156856537, 3.5230820179, 0.429714381695, -5.8588013649, 3.90160512924, -0.876629948616, 1.37490129471, 1.71753561497],
        "cov": [[5922.21728516, -137.258453369, -126.331382751, 61.1971664429, -35.4297332764, 35.9755516052, 65.9408874512, 6.84076356888, -44.8704719543, 0.807746887207, -20.4862632751, 24.3203201294, 47.5629501343], [-137.258453369, 982.744506836, 362.452606201, 307.889892578, 43.1842422485, 106.445770264, 219.153717041, 61.4975013733, -49.3155059814, 107.191764832, 61.6885757446, 3.04757714272, 28.1819286346], [-126.331382751, 362.452606201, 719.867553711, 425.814422607, 91.7237319946, 38.8982200623, 194.873580933, 39.6360664368, -17.629486084, 91.4526443481, 60.9362487793, 61.9580154419, 40.3376426697], [61.1971664429, 307.889892578, 425.814422607, 394.893066406, 86.252532959, 26.5689888, 140.187820435, 45.6435585022, 1.56863820553, 83.109046936, 49.0430030823, 51.5515975952, 28.1250534058], [-35.4297332764, 43.1842422485, 91.7237319946, 86.252532959, 135.488189697, 9.20403766632, -15.8403930664, 18.2364826202, 47.8106040955, 2.62460660934, 15.7435178757, 9.72031974792, -10.0259494781], [35.9755516052, 106.445770264, 38.8982200623, 26.5689888, 9.20403766632, 127.570381165, 97.8538742065, 21.427110672, -52.2659454346, 14.1071395874, 17.1421508789, -15.274851799, 31.7643318176], [65.9408874512, 219.153717041, 194.873580933, 140.187820435, -15.8403930664, 97.8538742065, 218.240478516, 46.7473869324, -67.2324066162, 49.1232681274, 28.3200645447, -0.618837594986, 43.6593475342], [6.84076356888, 61.4975013733, 39.6360664368, 45.6435585022, 18.2364826202, 21.427110672, 46.7473869324, 62.8654747009, 12.0669536591, 15.2446260452, 16.1171245575, 0.628351211548, 15.2849388123], [-44.8704719543, -49.3155059814, -17.629486084, 1.56863820553, 47.8106040955, -52.2659454346, -67.2324066162, 12.0669536591, 121.797775269, 2.26721787453, -0.918145418167, 9.61783218384, -37.5849380493], [0.807746887207, 107.191764832, 91.4526443481, 83.109046936, 2.62460660934, 14.1071395874, 49.1232681274, 15.2446260452, 2.26721787453, 77.0973129272, 30.8630943298, 25.6327705383, 11.6563043594], [-20.4862632751, 61.6885757446, 60.9362487793, 49.0430030823, 15.7435178757, 17.1421508789, 28.3200645447, 16.1171245575, -0.918145418167, 30.8630943298, 56.9690933228, 27.5373439789, 15.0721073151], [24.3203201294, 3.04757714272, 61.9580154419, 51.5515975952, 9.72031974792, -15.274851799, -0.618837594986, 0.628351211548, 9.61783218384, 25.6327705383, 27.5373439789, 68.3765869141, 17.8507080078], [47.5629501343, 28.1819286346, 40.3376426697, 28.1250534058, -10.0259494781, 31.7643318176, 43.6593475342, 15.2849388123, -37.5849380493, 11.6563043594, 15.0721073151, 17.8507080078, 77.6047210693]],
        "icov": [[0.000178102927748, 4.7502504458e-05, 0.000148440580233, -0.000198717330932, 2.65323596977e-05, -3.50417831214e-05, -0.000105238352262, 4.24577010563e-05, 1.14638842206e-05, 3.12752345053e-05, 0.00012038947898, -0.000109159831482, -6.03504813625e-05], [4.7502504458e-05, 0.00163080182392, -5.88847105973e-05, -0.000876576115843, 3.3474945667e-05, -0.000459704286186, -0.000477211928228, -0.00021073014068, 0.000291214033496, -0.00100071111228, -0.000527300522663, 0.000956087256782, 0.000403256999562], [0.000148440580233, -5.88847105973e-05, 0.00440449872985, -0.00391150871292, -0.00095826794859, 0.00104123121127, -0.00230910000391, 0.00185432226863, 2.49513686867e-06, 0.00049347768072, -0.000507287331857, -0.000642028695438, -0.000384245155146], [-0.000198717330932, -0.000876576115843, -0.00391150871292, 0.00983865745366, -0.00367785058916, 0.0022214143537, -0.00211965572089, -0.00150934269186, 0.000481202499941, -0.00315439421684, 0.00115560286213, -0.00209447345696, -2.28622466238e-05], [2.65323596977e-05, 3.3474945667e-05, -0.00095826794859, -0.00367785058916, 0.0134744336829, -0.00558361783624, 0.00497986935079, -0.00212311628275, -0.00460669910535, 0.00359833380207, -0.00227854610421, 0.000486444914714, 0.00100444571581], [-3.50417831214e-05, -0.000459704286186, 0.00104123121127, 0.0022214143537, -0.00558361783624, 0.0168027766049, -0.00759524060413, 0.000574301986489, 0.00391575647518, -0.000867051363457, -0.00288045313209, 0.00356110790744, -0.00282991630957], [-0.000105238352262, -0.000477211928228, -0.00230910000391, -0.00211965572089, 0.00497986935079, -0.00759524060413, 0.0152086541057, -0.0069857086055, 0.00332687236369, -0.00230022822507, 0.000528776668943, 0.00166250672191, 0.000249738717685], [4.24577010563e-05, -0.00021073014068, 0.00185432226863, -0.00150934269186, -0.00212311628275, 0.000574301986489, -0.0069857086055, 0.0252335648984, -0.00704184034839, 0.000813916150946, -0.00451387977228, 0.00349353207275, -0.00537522183731], [1.14638842206e-05, 0.000291214033496, 2.49513686867e-06, 0.000481202499941, -0.00460669910535, 0.00391575647518, 0.00332687236369, -0.00704184034839, 0.0162813700736, -0.00344540621154, 0.00117004639469, -0.00168743357062, 0.00559260044247], [3.12752345053e-05, -0.00100071111228, 0.00049347768072, -0.00315439421684, 0.00359833380207, -0.000867051363457, -0.00230022822507, 0.000813916150946, -0.00344540621154, 0.0227329470217, -0.00704705435783, -0.00407465035096, 0.000407215382438], [0.00012038947898, -0.000527300522663, -0.000507287331857, 0.00115560286213, -0.00227854610421, -0.00288045313209, 0.000528776668943, -0.00451387977228, 0.00117004639469, -0.00704705435783, 0.028865467757, -0.00977532751858, -0.000293707766104], [-0.000109159831482, 0.000956087256782, -0.000642028695438, -0.00209447345696, 0.000486444914714, 0.00356110790744, 0.00166250672191, 0.00349353207275, -0.00168743357062, -0.00407465035096, -0.00977532751858, 0.0248169712722, -0.00622077193111], [-6.03504813625e-05, 0.000403256999562, -0.000384245155146, -2.28622466238e-05, 0.00100444571581, -0.00282991630957, 0.000249738717685, -0.00537522183731, 0.00559260044247, 0.000407215382438, -0.000293707766104, -0.00622077193111, 0.0193259995431]]
    },
    "spectral_contrast_coeffs": {
        "max": [-0.555217683315, -0.541166365147, -0.473591208458, -0.579697012901, -0.556114673615, -0.606952488422],
        "mean": [-0.744188547134, -0.791375637054, -0.731202244759, -0.77483522892, -0.77530246973, -0.756438374519],
        "min": [-0.975839197636, -0.973236262798, -0.974898815155, -0.96712821722, -0.963475227356, -0.963254451752],
        "stdev": [0.0557345673442, 0.066183552146, 0.105993665755, 0.0585545264184, 0.045401442796, 0.0438552387059]
    },
    "spectral_contrast_valleys": {
        "max": [-4.97133493423, -5.01862192154, -5.32411384583, -5.20693683624, -5.86681985855, -8.00596427917],
        "mean": [-7.36871433258, -6.69740009308, -6.93148946762, -7.03762865067, -7.43637609482, -10.2550802231],
        "min": [-27.9197731018, -27.3318500519, -27.3771705627, -27.5260429382, -27.5384559631, -27.3494052887],
        "stdev": [1.92486047745, 1.75344908237, 1.7757383585, 1.82909440994, 1.75937998295, 1.68518805504]
    }
},
"rhythm": {
    "beats_count": 44,
    "beats_loudness": {
        "max": 0.0625711232424,
        "mean": 0.0263845380396,
        "min": 0.00583811756223,
        "stdev": 0.0167076084763
    },
    "bpm": 102.320518494,
    "bpm_histogram_first_peak_bpm": 103,
    "bpm_histogram_first_peak_weight": 0.523809552193,
    "bpm_histogram_second_peak_bpm": 76,
    "bpm_histogram_second_peak_spread": 0.428571462631,
    "bpm_histogram_second_peak_weight": 0.186046510935,
    "danceability": 0.940308511257,
    "onset_rate": 3.54683661461,
    "beats_loudness_band_ratio": {
        "max": [0.793453872204, 0.255324333906, 0.802733659744, 0.644214808941, 0.530440092087, 0.184666976333],
        "mean": [0.154044762254, 0.0643577724695, 0.13831487298, 0.373964875937, 0.237084135413, 0.0559639669955],
        "min": [0.00220114598051, 0.00597353093326, 0.0192028656602, 0.0092214634642, 0.018057661131, 0.00507191289216],
        "stdev": [0.1993522048, 0.060216140002, 0.148991033435, 0.18109677732, 0.152342826128, 0.0359472334385]
    },
    "beats_position": [0.777868449688, 1.5673469305, 2.35682535172, 3.14630389214, 3.93578219414, 4.77170038223, 5.60761880875, 6.40870714188, 7.20979595184, 7.98766422272, 8.77714252472, 9.54340076447, 10.2748298645, 11.017868042, 11.7725172043, 12.5271654129, 13.2702035904, 14.0016326904, 14.7446708679, 15.4877090454, 16.242357254, 16.9273471832, 17.600725174, 18.181224823, 18.7617225647, 19.3422222137, 19.9227199554, 20.5032196045, 21.0837192535, 21.6642169952, 22.2447166443, 22.825214386, 23.405714035, 23.9978218079, 24.5667114258, 25.1356010437, 25.7277088165, 26.3198184967, 26.9119262695, 27.5156459808, 28.1077537537, 28.711473465, 29.3151912689, 29.9189109802],
