{
"metadata": {
    "version": {
        "essentia": "2.1-beta5",
        "essentia_git_sha": "Undefined",
        "extractor": "music 2.0"
    },
    "audio_properties": {
        "analysis": {
            "equal_loudness": 0,
            "length": 29.0017242432,
            "sample_rate": 44100,
            "start_time": 0,
            "downmix": "mix"
        },
        "bit_rate": 192000,
        "length": 215.945571899,
        "lossless": 0,
        "number_channels": 2,
        "replay_gain": -4.59608459473,
        "sample_rate": 44100,
        "codec": "mp3",
        "md5_encoded": "c9680bf91fbce4dc3aca7c6944b826da"
    },
    "tags": {
        "file_name": "Germany_Junger Tag_Gitte.mp3",
        "encoding": ["Lavf58.29.100"]
    }
},
"lowlevel": {
    "average_loudness": 0.0262083820999,
    "barkbands_crest": {
        "max": 20.4952583313,
        "mean": 7.40713882446,
        "min": 2.37214922905,
        "stdev": 3.43742728233
    },
    "barkbands_flatness_db": {
        "max": 0.279288351536,
        "mean": 0.10595998168,
        "min": 0.0449930466712,
        "stdev": 0.0314555130899
    },
    "barkbands_kurtosis": {
        "max": 60.2152442932,
        "mean": 3.47371554375,
        "min": -1.42515921593,
        "stdev": 5.75235700607
    },
    "barkbands_skewness": {
        "max": 7.55793762207,
        "mean": 1.35417437553,
        "min": -1.95189130306,
        "stdev": 1.25196015835
    },
    "barkbands_spread": {
        "max": 84.3363037109,
        "mean": 24.6953411102,
        "min": 3.17326998711,
        "stdev": 15.228562355
    },
    "dissonance": {
        "max": 0.500000059605,
        "mean": 0.481337249279,
        "min": 0.363305479288,
        "stdev": 0.0148031758144
    },
    "dynamic_complexity": 13.6004753113,
    "erbbands_crest": {
        "max": 19.1749897003,
        "mean": 6.09633255005,
        "min": 2.17456698418,
        "stdev": 2.15155506134
    },
    "erbbands_flatness_db": {
        "max": 0.248695001006,
        "mean": 0.136751621962,
        "min": 0.0528170503676,
        "stdev": 0.0484561957419
    },
    "erbbands_kurtosis": {
        "max": 5.53300666809,
        "mean": 0.307506859303,
        "min": -1.56815314293,
        "stdev": 1.30028545856
    },
    "erbbands_skewness": {
        "max": 2.08213686943,
        "mean": 0.341730087996,
        "min": -1.04600000381,
        "stdev": 0.46475225687
    },
    "erbbands_spread": {
        "max": 135.161010742,
        "mean": 46.0351753235,
        "min": 7.72587585449,
        "stdev": 28.0976448059
    },
    "hfc": {
        "max": 346.007659912,
        "mean": 13.8887176514,
        "min": 1.24647475929e-16,
        "stdev": 36.7588539124
    },
    "loudness_ebu128": {
        "integrated": -19.5001010895,
        "loudness_range": 20.211977005,
        "momentary": {
            "max": -13.2029209137,
            "mean": -32.6500549316,
            "min": -57.2117385864,
            "stdev": 11.191327095
        },
        "short_term": {
            "max": -15.999455452,
            "mean": -29.9420166016,
            "min": -50.8025741577,
            "stdev": 8.57724475861
        }
    },
    "melbands_crest": {
        "max": 38.589969635,
        "mean": 10.9899320602,
        "min": 2.29675602913,
        "stdev": 6.30574035645
    },
    "melbands_flatness_db": {
        "max": 0.341976493597,
        "mean": 0.14741794765,
        "min": 0.00599038833752,
        "stdev": 0.0523130632937
    },
    "melbands_kurtosis": {
        "max": 356.334777832,
        "mean": 15.3671970367,
        "min": -1.29304301739,
        "stdev": 25.6806259155
    },
    "melbands_skewness": {
        "max": 17.3678741455,
        "mean": 2.54430270195,
        "min": -0.708770632744,
        "stdev": 2.19069290161
    },
    "melbands_spread": {
        "max": 126.687782288,
        "mean": 25.1579113007,
        "min": 2.2376127243,
        "stdev": 13.7731218338
    },
    "pitch_salience": {
        "max": 0.88671797514,
        "mean": 0.702535092831,
        "min": 0.0799022316933,
        "stdev": 0.118401072919
    },
    "silence_rate_20dB": {
        "max": 1,
        "mean": 1,
        "min": 1,
        "stdev": 0
    },
    "silence_rate_30dB": {
        "max": 1,
        "mean": 0.983200013638,
        "min": 0,
        "stdev": 0.128521621227
    },
    "silence_rate_60dB": {
        "max": 1,
        "mean": 0.66479998827,
        "min": 0,
        "stdev": 0.472060590982
    },
    "spectral_centroid": {
        "max": 10614.6582031,
        "mean": 1395.88903809,
        "min": 304.665802002,
        "stdev": 592.608093262
    },
    "spectral_complexity": {
        "max": 58,
        "mean": 11.1920003891,
        "min": 0,
        "stdev": 14.6002397537
    },
    "spectral_decrease": {
        "max": 6.94472041612e-29,
        "mean": -2.25239515927e-09,
        "min": -5.8026383698e-08,
        "stdev": 5.55505019761e-09
    },
    "spectral_energy": {
        "max": 0.244989365339,
        "mean": 0.00976081658155,
        "min": 1.10437812545e-20,
        "stdev": 0.0241387709975
    },
    "spectral_energyband_high": {
        "max": 0.0175779946148,
        "mean": 0.00045691584819,
        "min": 8.11092595874e-21,
        "stdev": 0.00170273438562
    },
    "spectral_energyband_low": {
        "max": 0.013782363385,
        "mean": 0.000239847155171,
        "min": 3.83467778828e-23,
        "stdev": 0.000672608613968
    },
    "spectral_energyband_middle_high": {
        "max": 0.118291564286,
        "mean": 0.00563293509185,
        "min": 1.56717273328e-21,
        "stdev": 0.0136039881036
    },
    "spectral_energyband_middle_low": {
        "max": 0.132818803191,
        "mean": 0.00366730755195,
        "min": 3.61170309798e-22,
        "stdev": 0.0112749291584
    },
    "spectral_entropy": {
        "max": 9.82379055023,
        "mean": 7.94474554062,
        "min": 6.45457029343,
        "stdev": 0.316322773695
    },
    "spectral_flux": {
        "max": 0.310321927071,
        "mean": 0.0403828211129,
        "min": 1.05089395519e-10,
        "stdev": 0.0487775988877
    },
    "spectral_kurtosis": {
        "max": 20.897146225,
        "mean": 3.45734834671,
        "min": -1.19145071507,
        "stdev": 2.53353381157
    },
    "spectral_rms": {
        "max": 0.0154600776732,
        "mean": 0.00192804739345,
        "min": 3.282441376e-12,
        "stdev": 0.00240943441167
    },
    "spectral_rolloff": {
        "max": 18863.0859375,
        "mean": 1777.00500488,
        "min": 43.06640625,
        "stdev": 1648.81091309
    },
    "spectral_skewness": {
        "max": 3.44369506836,
        "mean": 1.5650011301,
        "min": 0.0291648134589,
        "stdev": 0.387194275856
    },
    "spectral_spread": {
        "max": 40227332,
        "mean": 5761062.5,
        "min": 2085210.25,
        "stdev": 2158702.75
    },
    "spectral_strongpeak": {
        "max": 8.99664115906,
        "mean": 0.393767595291,
        "min": 0,
        "stdev": 0.771537423134
    },
    "zerocrossingrate": {
        "max": 0.5087890625,
        "mean": 0.0826593786478,
        "min": 0.009765625,
        "stdev": 0.0353507399559
    },
    "barkbands": {
        "max": [0.00059621129185, 0.00219792407006, 0.0060421070084, 0.0130704641342, 0.0567188039422, 0.04968194291, 0.0219974946231, 0.0131770791486, 0.0172752551734, 0.0297937039286, 0.0156169692054, 0.0186036471277, 0.0181134026498, 0.0222519040108, 0.0310549531132, 0.012489403598, 0.0152929741889, 0.00911569688469, 0.0100811365992, 0.00472692353651, 0.00430515687913, 0.00318294530734, 0.00243938015774, 0.00334795075469, 0.00318994931877, 0.00216416455805, 1.13701801752e-07],
        "mean": [1.83748416021e-05, 4.39583782281e-05, 9.74175782176e-05, 0.000219293142436, 0.000965045532212, 0.000822498521302, 0.000560437561944, 0.00042166543426, 0.00040774178342, 0.000697164563462, 0.000608653470408, 0.000706520862877, 0.00075806688983, 0.000764105294365, 0.00082884245785, 0.000523807306308, 0.000377631222364, 0.000261575041804, 0.000161409698194, 0.000124650425278, 9.51580732362e-05, 8.4049817815e-05, 6.12719013589e-05, 6.56753400108e-05, 6.12600779277e-05, 2.45379396802e-05, 7.12092718125e-10],
        "min": [1.69515764014e-23, 1.07616467799e-23, 9.75876160022e-24, 1.76908021784e-23, 5.15309628601e-23, 1.73890313277e-23, 6.51084454858e-23, 3.22793457382e-23, 8.4339479649e-23, 1.54845645925e-22, 5.81770654995e-23, 7.36027734955e-23, 9.25027322031e-23, 2.07976652204e-22, 1.58870553103e-22, 2.30829889519e-22, 9.69980402943e-23, 1.25580534551e-22, 3.0693744785e-22, 2.58718861444e-22, 4.67450901608e-22, 4.82316019801e-22, 6.40152925304e-22, 8.69713569182e-22, 1.39485330081e-21, 1.50326091405e-21, 2.92024947516e-21],
        "stdev": [3.79093107767e-05, 9.95909649646e-05, 0.000317579484545, 0.000794126244728, 0.003734881524, 0.00373888714239, 0.00193299388047, 0.00120474677533, 0.00118454638869, 0.00241116131656, 0.00160800351296, 0.00169187202118, 0.00185712275561, 0.00196055672131, 0.00237075518817, 0.00143354106694, 0.00122452632058, 0.000937608303502, 0.000624056265224, 0.000468664045911, 0.000345869804733, 0.000315530312946, 0.000215418767766, 0.000263675901806, 0.000268836069154, 0.000131555978442, 4.83140771834e-09]
    },
    "erbbands": {
        "max": [0.0211615990847, 0.655343770981, 4.67855262756, 30.9534130096, 127.52822113, 240.209365845, 649.342041016, 365.628173828, 432.295410156, 440.513580322, 208.883804321, 484.552032471, 946.719604492, 859.962646484, 792.068969727, 821.502929688, 818.800109863, 1140.44567871, 1336.99169922, 1405.72363281, 800.828491211, 707.436828613, 593.293029785, 383.178924561, 485.811737061, 218.654556274, 212.136047363, 152.186828613, 120.512084961, 103.97983551, 71.0492782593, 78.5418167114, 52.6401062012, 40.1475715637, 23.763551712, 11.3963737488, 3.81323981285, 0.182042077184, 0.00406495295465, 0.000410609762184],
        "mean": [0.00147776980884, 0.010336224921, 0.0875312387943, 0.454303711653, 1.74372243881, 3.39033389091, 5.84209728241, 6.25702571869, 7.49207878113, 10.6538705826, 8.0549621582, 10.272397995, 18.3119354248, 22.1113777161, 27.2000617981, 30.6053352356, 34.7060699463, 39.9766693115, 40.5260543823, 40.1725883484, 28.3719997406, 19.7281570435, 16.1542835236, 9.57284927368, 7.43679380417, 5.92218828201, 4.45491695404, 3.41739463806, 3.13902568817, 2.31359219551, 1.71719431877, 1.39258396626, 1.08900463581, 0.714917063713, 0.405779749155, 0.154824584723, 0.039090950042, 0.00216928008012, 5.50457771169e-05, 1.61681837199e-05],
        "min": [2.4218390773e-22, 2.61622949999e-21, 8.75060718309e-21, 4.8314798861e-20, 1.14469233972e-19, 2.28717481473e-19, 9.98279303344e-20, 2.08822921786e-19, 9.29669634617e-19, 7.11818540508e-19, 8.68995626493e-19, 1.92995609172e-18, 4.87780011339e-18, 3.58958087386e-18, 2.0838693815e-18, 3.09675721145e-18, 4.40659295514e-18, 7.87114796095e-18, 1.1448405498e-17, 9.2254262578e-18, 9.91230711229e-18, 6.30078237756e-18, 7.92674690582e-18, 6.72148395556e-18, 1.89023591268e-17, 1.40777173619e-17, 1.8863600752e-17, 1.61203538578e-17, 1.35606244271e-17, 1.8113913728e-17, 2.11443825463e-17, 1.90304662426e-17, 1.41857306063e-17, 1.44601328852e-17, 1.0314921559e-17, 4.74874670294e-18, 3.03706392934e-18, 1.20195639916e-18, 4.61124498671e-19, 4.35163338211e-20],
        "stdev": [0.00252121337689, 0.0296175330877, 0.266995638609, 1.58451247215, 7.54016113281, 13.8565311432, 30.0714588165, 28.2622261047, 31.6715717316, 34.8876037598, 20.7835998535, 32.3843154907, 61.1876869202, 68.4794998169, 71.0445861816, 73.9191055298, 84.2478637695, 99.4784164429, 105.093101501, 119.588088989, 81.2645950317, 60.6506881714, 58.4215087891, 35.2673034668, 27.7737426758, 21.654624939, 16.7817573547, 12.2767953873, 11.8227415085, 8.5634059906, 6.09470844269, 5.39224910736, 4.50906658173, 3.05572485924, 1.84256529808, 0.743296086788, 0.234537407756, 0.014369440265, 0.00030568454531, 4.63456890429e-05]
    },
    "gfcc": {
        "mean": [-141.866424561, 70.6494293213, -123.851074219, 26.0853404999, -72.0726089478, 25.788690567, -57.564289093, 8.9172668457, -30.5090522766, 6.83530569077, -19.2361507416, -1.95867443085, -10.8832712173],
        "cov": [[19673.5488281, 418.812286377, -4648.44433594, -2090.12280273, -236.315032959, -531.987731934, -338.4402771, -711.918395996, -93.8688201904, -358.83404541, -225.401519775, -225.44128418, 37.8223190308], [418.812286377, 742.106811523, -30.5686149597, -3.42888140678, 14.3871679306, -164.31010437, -31.0381469727, -133.09135437, 10.8461780548, -98.8197021484, 31.20353508, -104.34287262, -5.72957181931], [-4648.44433594, -30.5686149597, 1671.1730957, 728.102539062, 28.7829380035, 50.6630210876, 46.2431678772, 213.266540527, -56.9699058533, 112.139335632, 2.38342618942, 55.3425559998, -94.1029891968], [-2090.12280273, -3.42888140678, 728.102539062, 443.555450439, 30.7647438049, 26.4629268646, 14.7814874649, 95.1051483154, -15.7106180191, 37.2475891113, 7.45354557037, 12.493560791, -34.9456291199], [-236.315032959, 14.3871679306, 28.7829380035, 30.7647438049, 83.67237854, 22.609336853, 18.0889472961, 5.19282054901, 12.8255710602, 5.22643947601, 0.702844798565, 6.29042434692, 3.79818844795], [-531.987731934, -164.31010437, 50.6630210876, 26.4629268646, 22.609336853, 168.308700562, 32.4096107483, 55.5845108032, 31.3586711884, 45.0296363831, 5.97635984421, 26.4617938995, 22.147518158], [-338.4402771, -31.0381469727, 46.2431678772, 14.7814874649, 18.0889472961, 32.4096107483, 77.450302124, 34.2265548706, 9.6364774704, 10.0104827881, 17.6978187561, 21.3143844604, 14.1126899719], [-711.918395996, -133.09135437, 213.266540527, 95.1051483154, 5.19282054901, 55.5845108032, 34.2265548706, 109.554206848, 16.520860672, 42.8250579834, -1.13339149952, 31.5247955322, -9.92248916626], [-93.8688201904, 10.8461780548, -56.9699058533, -15.7106180191, 12.8255710602, 31.3586711884, 9.6364774704, 16.520860672, 64.4170074463, 19.4366092682, 15.4737415314, -1.85386300087, 16.9653263092], [-358.83404541, -98.8197021484, 112.139335632, 37.2475891113, 5.22643947601, 45.0296363831, 10.0104827881, 42.8250579834, 19.4366092682, 69.2999725342, 9.55482387543, 20.4864940643, -3.71080183983], [-225.401519775, 31.20353508, 2.38342618942, 7.45354557037, 0.702844798565, 5.97635984421, 17.6978187561, -1.13339149952, 15.4737415314, 9.55482387543, 56.9372673035, 15.3621759415, 24.5721130371], [-225.44128418, -104.34287262, 55.3425559998, 12.493560791, 6.29042434692, 26.4617938995, 21.3143844604, 31.5247955322, -1.85386300087, 20.4864940643, 15.3621759415, 60.7670402527, 20.8030891418], [37.8223190308, -5.72957181931, -94.1029891968, -34.9456291199, 3.79818844795, 22.147518158, 14.1126899719, -9.92248916626, 16.9653263092, -3.71080183983, 24.5721130371, 20.8030891418, 60.94713974]],
        "icov": [[0.000257051375229, -0.000318776612403, 0.000906380650122, -0.000157172849867, 0.000349987472873, 0.000270629359875, 0.000227521406487, -0.000147066268255, 0.000868384784553, -0.00080651283497, 0.000937204051297, -0.000645527557936, 0.000474726926768], [-0.000318776612403, 0.00389301986434, -0.00232178089209, 0.00107391283382, -0.00164843851235, 0.00175380916335, -0.000688479631208, 0.0028275239747, -0.00398441031575, 0.00442722719163, -0.00392622686923, 0.0053628301248, -0.00118901662063], [0.000906380650122, -0.00232178089209, 0.00639832392335, -0.00488098524511, 0.00215205783024, 0.000586035195738, 0.000227641910897, -0.00238474342041, 0.0057988637127, -0.00605982122943, 0.00427688844502, -0.00480940984562, 0.00344580085948], [-0.000157172849867, 0.00107391283382, -0.00488098524511, 0.00943537987769, -0.0029710624367, 8.21114645078e-06, 0.00188040931243, -0.00169391045347, -0.0014212182723, 0.00400070380419, -0.0034723742865, 0.00443658744916, -0.00193198339548], [0.000349987472873, -0.00164843851235, 0.00215205783024, -0.0029710624367, 0.0152929928154, -0.00173073040787, -0.00356306042522, 0.00284952600487, -0.00174976221751, -0.00219680182636, 0.00500550912693, -0.00532713066787, 0.00236549158581], [0.000270629359875, 0.00175380916335, 0.000586035195738, 8.21114645078e-06, -0.00173073040787, 0.0106773581356, -0.00145078985952, -0.00158708449453, -0.00191970914602, -0.00322394142859, 0.00150389375631, 0.00230574794114, -0.00384340784512], [0.000227521406487, -0.000688479631208, 0.000227641910897, 0.00188040931243, -0.00356306042522, -0.00145078985952, 0.0191417708993, -0.00749214924872, 0.00245249900036, 0.00224900711328, -0.00472069345415, -0.00164626981132, -0.00175974145532], [-0.000147066268255, 0.0028275239747, -0.00238474342041, -0.00169391045347, 0.00284952600487, -0.00158708449453, -0.00749214924872, 0.0248171649873, -0.0102947819978, -0.00102793320548, 0.00337111577392, -0.00563665432855, 0.00524602597579], [0.000868384784553, -0.00398441031575, 0.0057988637127, -0.0014212182723, -0.00174976221751, -0.00191970914602, 0.00245249900036, -0.0102947819978, 0.0309996027499, -0.012396373786, -0.000521057168953, 0.00374163151719, -0.0046630515717], [-0.00080651283497, 0.00442722719163, -0.00605982122943, 0.00400070380419, -0.00219680182636, -0.00322394142859, 0.00224900711328, -0.00102793320548, -0.012396373786, 0.0315414331853, -0.00995230209082, 0.00097985251341, 0.0035236235708], [0.000937204051297, -0.00392622686923, 0.00427688844502, -0.0034723742865, 0.00500550912693, 0.00150389375631, -0.00472069345415, 0.00337111577392, -0.000521057168953, -0.00995230209082, 0.0319760963321, -0.0106517160311, -0.00527161359787], [-0.000645527557936, 0.0053628301248, -0.00480940984562, 0.00443658744916, -0.00532713066787, 0.00230574794114, -0.00164626981132, -0.00563665432855, 0.00374163151719, 0.00097985251341, -0.0106517160311, 0.0371940247715, -0.0144024044275], [0.000474726926768, -0.00118901662063, 0.00344580085948, -0.00193198339548, 0.00236549158581, -0.00384340784512, -0.00175974145532, 0.00524602597579, -0.0046630515717, 0.0035236235708, -0.00527161359787, -0.0144024044275, 0.0312785543501]]
    },
    "melbands": {
        "max": [0.000372080132365, 0.00181041751057, 0.00666400277987, 0.00978858396411, 0.0194321162999, 0.00899531785399, 0.00602861028165, 0.00464979745448, 0.00162220862694, 0.00322064082138, 0.00489420583472, 0.00364881637506, 0.00255871913396, 0.00230780243874, 0.00158636050764, 0.00161450624, 0.00245326315053, 0.00192415772472, 0.00215855264105, 0.00146474747453, 0.00112181424629, 0.000869236653671, 0.000538882333785, 0.000368255306967, 0.000322349049384, 0.000354446994606, 0.000227522992645, 0.00016129843425, 0.000150911364472, 9.11046008696e-05, 0.000103595790279, 7.89488985902e-05, 9.37240183703e-05, 5.1766710385e-05, 4.33641253039e-05, 3.66127460438e-05, 5.72037642996e-05, 3.44056716131e-05, 4.51405685453e-05, 3.18360616802e-05],
        "mean": [1.34125293698e-05, 3.73993643734e-05, 0.000115203678433, 0.000182750649401, 0.00019586867711, 0.000147432860103, 0.000115828457638, 0.00011278859165, 6.19049387751e-05, 6.49491048534e-05, 9.11972601898e-05, 8.72779710335e-05, 8.56711849337e-05, 8.3413462562e-05, 7.36983856768e-05, 7.7261509432e-05, 7.36794390832e-05, 6.37228949927e-05, 6.04842680332e-05, 4.39583564003e-05, 3.16880250466e-05, 2.16606640606e-05, 1.63787772181e-05, 1.16571545732e-05, 7.29452904125e-06, 5.99429858994e-06, 4.31223816122e-06, 3.82685902878e-06, 2.95674158224e-06, 2.26087058763e-06, 1.89976788079e-06, 1.81981715741e-06, 1.50913467678e-06, 1.18817206385e-06, 1.01753448689e-06, 8.73123838119e-07, 8.36124002035e-07, 7.7346027183e-07, 7.14069130936e-07, 5.5698194501e-07],
        "min": [3.32103104692e-24, 5.10161475002e-24, 9.65482207621e-24, 1.13159935375e-23, 5.21144272626e-24, 5.64231934155e-24, 1.32768619342e-23, 7.26787807172e-24, 8.92684072249e-24, 1.24061827424e-23, 2.36641137507e-23, 1.37867169367e-23, 7.24673896604e-24, 8.19903134044e-24, 1.02281109619e-23, 7.52890898981e-24, 1.69416683084e-23, 1.98258573738e-23, 1.19168018358e-23, 1.51554063845e-23, 1.10842719575e-23, 5.51974495081e-24, 8.16498331491e-24, 5.00917839573e-24, 4.24101996168e-24, 1.59230642863e-23, 8.67731139639e-24, 9.2961917092e-24, 1.21129315895e-23, 1.01708854141e-23, 9.17171734696e-24, 6.55835251331e-24, 1.11714615979e-23, 8.68191755521e-24, 1.33578306175e-23, 1.07494407351e-23, 1.21888870618e-23, 8.81372516842e-24, 1.20962732138e-23, 1.25235415793e-23],
        "stdev": [2.29672477872e-05, 0.000111693057988, 0.000410903070588, 0.000746723497286, 0.000913245370612, 0.000675360090099, 0.000460244511487, 0.000358363002306, 0.000154180306708, 0.000212679762626, 0.00030730580329, 0.000279658444924, 0.000225217809202, 0.000205711083254, 0.000176272995304, 0.000190289807506, 0.000192164385226, 0.000164113371284, 0.000173666383489, 0.000127835432068, 9.61332261795e-05, 6.85579580022e-05, 5.62563946005e-05, 4.23330166086e-05, 2.80717777059e-05, 2.28494009207e-05, 1.66166828421e-05, 1.43741854117e-05, 1.15697703222e-05, 8.19332763058e-06, 7.22815138943e-06, 6.91382274454e-06, 6.13298607277e-06, 4.34983257946e-06, 3.69469012185e-06, 3.14302360493e-06, 3.4205263546e-06, 3.17384092341e-06, 3.20384788211e-06, 2.32551724366e-06]
    },
    "melbands128": {
        "max": [0.000265026290435, 0.00024616761948, 0.000258690415649, 0.00139624846634, 0.00186834833585, 0.00347735756077, 0.00707295164466, 0.00573529535905, 0.017653234303, 0.0139454249293, 0.0154094966128, 0.0141691984609, 0.0325211286545, 0.00964863225818, 0.0124371396378, 0.0169865489006, 0.013033201918, 0.00560168456286, 0.00602917931974, 0.00568623840809, 0.00473258737475, 0.00207305024378, 0.00284043583088, 0.00150371505879, 0.0035022017546, 0.00554193090647, 0.00192198541481, 0.00816400442272, 0.00539937522262, 0.00703303515911, 0.00362955313176, 0.00218859268352, 0.00345752574503, 0.0043585523963, 0.00188216124661, 0.00286686280742, 0.00313327345066, 0.00209728861228, 0.00240903324448, 0.00316167273559, 0.00223598512821, 0.00194113084581, 0.00332121248357, 0.00408509047702, 0.00201042182744, 0.00242525641806, 0.00438044406474, 0.00354747939855, 0.00309609971009, 0.00412893574685, 0.00118068477605, 0.00120818184223, 0.00159289303701, 0.00182209268678, 0.00202721427195, 0.000763290503528, 0.000771075487137, 0.000925053143874, 0.000911037321202, 0.00108173233457, 0.000442051590653, 0.000414633890614, 0.000554050086066, 0.000431070802733, 0.000592792697717, 0.000258167361608, 0.000795441039372, 0.000258306390606, 0.000351568916813, 0.00026773835998, 0.000153538931045, 0.000289990915917, 0.000255750172073, 0.000136759132147, 0.000184457778232, 0.000125216582092, 9.71818662947e-05, 6.50198344374e-05, 0.000149438754306, 6.98817166267e-05, 0.000113973197585, 0.000151663974975, 8.20799396024e-05, 0.00011462882685, 9.99799813144e-05, 5.95980745857e-05, 5.76088023081e-05, 6.07006368227e-05, 4.94558335049e-05, 6.78480646457e-05, 5.57925777684e-05, 3.72453032469e-05, 5.22737500432e-05, 6.7094581027e-05, 6.78479918861e-05, 4.94167943543e-05, 4.04018210247e-05, 4.13613379351e-05, 4.89224185003e-05, 5.15170795552e-05, 4.66866731585e-05, 2.36567357206e-05, 2.95589634334e-05, 3.94146991312e-05, 4.3384712626e-05, 2.74422218354e-05, 1.88691974472e-05, 1.18612688311e-05, 1.99938840524e-05, 2.47175030381e-05, 3.17996891681e-05, 1.39090652738e-05, 1.11285098683e-05, 8.75447585713e-06, 4.49469325758e-06, 5.69553947116e-07, 1.38483970957e-08, 4.5833886686e-10, 3.96334326469e-10, 3.39314215614e-10, 3.18811949063e-10, 3.04568426035e-10, 3.01539376801e-10, 2.95705099296e-10, 2.93258251016e-10, 2.88647633573e-10, 2.86130702465e-10, 2.85031470648e-10],
        "mean": [1.31368260554e-05, 1.39401272463e-05, 1.08812082544e-05, 1.71522315213e-05, 3.22774576489e-05, 5.32907724846e-05, 7.86203017924e-05, 0.000123700898257, 0.000188904683455, 0.000175461536855, 0.000189596874407, 0.000201420683879, 0.000233916289289, 0.000139939715154, 0.00012403310393, 0.000171673673321, 0.0001505700493, 7.78976536822e-05, 0.00010698645201, 0.000142804419738, 0.000103391670564, 6.33047966403e-05, 6.17136756773e-05, 4.94273735967e-05, 6.6581676947e-05, 7.05713828211e-05, 6.13133888692e-05, 0.000122841898701, 7.48526217649e-05, 9.63887650869e-05, 8.93001561053e-05, 7.41482435842e-05, 8.45822214615e-05, 0.000101978745079, 7.25486752344e-05, 8.49050047691e-05, 8.81805462996e-05, 6.29992646282e-05, 7.48404563637e-05, 7.87785538705e-05, 7.83059804235e-05, 7.44221615605e-05, 7.2403694503e-05, 8.08174081612e-05, 5.62503591937e-05, 6.35836695437e-05, 6.69035434839e-05, 5.89895535086e-05, 5.87628419453e-05, 5.88558978052e-05, 3.79528792109e-05, 3.58799661626e-05, 3.09472306981e-05, 3.05090488837e-05, 3.19987411785e-05, 1.85427597899e-05, 1.54083481902e-05, 1.63598360814e-05, 1.70273506228e-05, 1.72669824678e-05, 1.07431987999e-05, 7.94542484073e-06, 8.55036887515e-06, 6.84404585627e-06, 5.80410414841e-06, 6.35488322587e-06, 6.22927245786e-06, 4.11606242778e-06, 3.89428487324e-06, 4.24968447987e-06, 3.86499550586e-06, 3.75224658455e-06, 3.50779032487e-06, 2.72710303761e-06, 2.28749263442e-06, 2.66040274255e-06, 2.05690889743e-06, 1.67062353285e-06, 2.19946832658e-06, 1.60249169312e-06, 1.89431705166e-06, 2.00311046683e-06, 1.51685571836e-06, 1.53465884978e-06, 1.402378075e-06, 1.20869970033e-06, 1.11696408567e-06, 1.12147017717e-06, 1.06851700821e-06, 8.68622294092e-07, 9.12530538244e-07, 8.17454406388e-07, 9.20107936508e-07, 7.93907872776e-07, 8.54240454373e-07, 8.00179520866e-07, 7.6689349271e-07, 7.12415101134e-07, 7.1446822858e-07, 7.37673019557e-07, 6.23872722372e-07, 4.88087835038e-07, 5.32227545591e-07, 4.95573601711e-07, 4.92130538987e-07, 4.3930728566e-07, 3.57462965894e-07, 2.85551010393e-07, 2.60421757048e-07, 2.25424969358e-07, 2.07451378742e-07, 1.42716999108e-07, 1.19225845197e-07, 8.75033592251e-08, 4.70035566025e-08, 3.21922777324e-09, 2.9028893872e-11, 2.67640488764e-12, 2.33886044212e-12, 2.24471526436e-12, 2.15368564996e-12, 2.07287702628e-12, 1.99217010076e-12, 1.91215402887e-12, 1.86873216554e-12, 1.83857313055e-12, 1.8121301985e-12, 1.78578928988e-12],
        "min": [6.25960536647e-24, 2.31915915905e-24, 1.72781955817e-24, 5.76239777639e-24, 3.26087566973e-24, 6.26417681542e-24, 1.06914783913e-23, 7.27222863961e-24, 1.47354152608e-23, 6.32053934937e-24, 1.76254955395e-23, 6.20231986526e-24, 1.94615160483e-24, 3.42549003583e-24, 3.59608948963e-24, 3.23049387525e-24, 2.07417201516e-23, 1.18591700247e-23, 1.12548796943e-23, 6.26801580701e-24, 6.99708736651e-24, 3.54190657835e-24, 7.8506703647e-24, 1.64269744331e-23, 1.21029998307e-23, 7.45823336359e-24, 2.1488555281e-23, 3.85561037018e-23, 9.57648266629e-24, 1.27255333584e-23, 1.87073472736e-23, 8.66873805607e-24, 8.69712521575e-24, 2.08668263915e-24, 8.81711490373e-24, 1.14299026856e-23, 3.6177078283e-24, 1.13330045341e-23, 1.45971437214e-23, 7.96602233942e-24, 7.00482766971e-24, 4.83864086752e-24, 7.30193083041e-24, 3.4281398985e-23, 2.39411585452e-23, 9.96481680183e-24, 2.59124051959e-23, 1.00881441603e-23, 6.60715302662e-24, 1.20017266566e-23, 2.21938458396e-23, 1.21129568331e-23, 1.14925342972e-23, 1.07945194027e-23, 5.22475988163e-24, 4.6097714141e-24, 6.67491972826e-24, 7.44865580334e-24, 8.1633913936e-24, 1.05602064146e-23, 4.22860526318e-24, 1.67817101938e-24, 3.49079825245e-24, 5.26614865232e-24, 4.87839985157e-24, 1.82435238826e-23, 2.51799147133e-23, 4.38458239124e-24, 6.24890170728e-24, 1.17496098667e-23, 8.24218992057e-24, 8.02893084117e-24, 1.09562130113e-23, 1.48539605445e-23, 1.14874209008e-23, 1.02563111615e-23, 8.75173884507e-24, 9.72700600448e-24, 1.00684313151e-23, 8.20275791936e-24, 6.00859219301e-24, 5.8848629099e-24, 7.29489576886e-24, 1.10468144751e-23, 1.79757134938e-23, 5.60122323827e-24, 6.58795451877e-24, 1.00783204755e-23, 1.9576162387e-23, 9.5957687377e-24, 9.10835209475e-24, 1.28402092793e-23, 1.08575415004e-23, 1.10936712352e-23, 1.60287258937e-23, 7.09093735954e-24, 7.74551520603e-24, 9.27576652264e-24, 1.16705738926e-23, 1.64733420993e-23, 8.02779172602e-24, 1.31854140226e-23, 1.50556359904e-23, 1.22328818345e-23, 1.20577649687e-23, 1.14342445761e-23, 8.64440800803e-24, 1.11962073756e-23, 7.76708345204e-24, 6.20162290665e-24, 5.22530261794e-24, 6.61157025326e-24, 1.27219219532e-23, 1.09414013589e-23, 1.32262659734e-23, 8.03191746856e-24, 8.28052698284e-24, 8.92545074957e-24, 7.99034055455e-24, 1.80084385996e-23, 1.88064345141e-23, 1.36042186995e-23, 9.71816997348e-24, 1.21503354294e-23, 1.45172857542e-23, 1.28930866258e-23, 1.06009613355e-23, 7.82954388079e-24],
        "stdev": [2.73157329502e-05, 2.69110769295e-05, 1.78858499567e-05, 5.99303784838e-05, 0.00010360682063, 0.000183531330549, 0.000300956889987, 0.000461377378087, 0.000915015698411, 0.000878673570696, 0.000831233221106, 0.000808091717772, 0.00144735362846, 0.000609184615314, 0.000626499939244, 0.000992836197838, 0.000887136266101, 0.000302201748127, 0.000390206143493, 0.000526743475348, 0.000355230760761, 0.000175516557647, 0.000199488917133, 0.000121449047583, 0.000223046867177, 0.00032592235948, 0.000168934609974, 0.000501060567331, 0.000247109186603, 0.000430135230999, 0.00029774804716, 0.000213542080019, 0.000263507652562, 0.000326260458678, 0.000196917550056, 0.000232930251514, 0.000251286866842, 0.00017382799706, 0.000209647361771, 0.000224512215937, 0.000216641201405, 0.000190773949726, 0.000208119134186, 0.000255846942309, 0.000157308328198, 0.000182543488336, 0.000237078711507, 0.000195560511202, 0.000191756131244, 0.00024463768932, 0.000112023291877, 0.000109412285383, 0.000103206832136, 0.000110897555714, 0.000128484432935, 6.02000473009e-05, 5.2113624406e-05, 6.16265679128e-05, 7.05612910679e-05, 7.77766108513e-05, 4.22130651714e-05, 3.07235422952e-05, 3.60727935913e-05, 3.02932621707e-05, 2.93700522889e-05, 2.49297481787e-05, 3.1365922041e-05, 1.75384648173e-05, 1.84336095117e-05, 1.76479861693e-05, 1.50110954564e-05, 1.81731174962e-05, 1.47618475239e-05, 1.13361302283e-05, 1.00853485492e-05, 1.06160541691e-05, 7.73428200773e-06, 5.83413338973e-06, 1.01175155578e-05, 5.88279635849e-06, 7.88116994954e-06, 8.8775950644e-06, 6.25913753538e-06, 6.95383232596e-06, 6.10913866694e-06, 4.52082213087e-06, 4.29382998846e-06, 4.6683585424e-06, 3.97253779738e-06, 3.35728350365e-06, 3.38678091794e-06, 2.99013868243e-06, 3.86698729926e-06, 3.37373217008e-06, 3.7648765101e-06, 3.54343819708e-06, 3.18223237628e-06, 3.12743941322e-06, 3.2333746276e-06, 3.62778541785e-06, 2.8068939173e-06, 1.8977872287e-06, 2.39797145696e-06, 2.31055696531e-06, 2.48979131356e-06, 2.19480625674e-06, 1.57004933499e-06, 1.21526204566e-06, 1.30020748657e-06, 1.30810997234e-06, 1.32415766529e-06, 8.63673108142e-07, 7.46916612115e-07, 6.30994748008e-07, 3.53438480261e-07, 3.04397111961e-08, 4.5301959406e-10, 1.79236729625e-11, 1.55868165597e-11, 1.42716472321e-11, 1.31550013938e-11, 1.20012281363e-11, 1.12019551621e-11, 1.05311558085e-11, 1.00566248037e-11, 9.65327037056e-12, 9.43869635228e-12, 9.3191782416e-12]
    },
    "mfcc": {
        "mean": [-777.575378418, 100.640541077, 1.92191231251, 1.68753361702, 6.30777788162, 4.95259666443, -6.66620254517, -5.086622715, -5.24498319626, -0.141932860017, -3.63575983047, -0.853233218193, -3.61530733109],
        "cov": [[20758.9609375, 642.071350098, -4495.984375, -2004.57385254, -959.353881836, -338.954223633, -680.621276855, -494.722290039, -188.53263855, -484.815917969, -269.176330566, -372.69909668, -15.3416128159], [642.071350098, 612.555603027, -116.687049866, 34.6332435608, -33.2457199097, -33.5611114502, -63.9193153381, -60.9231872559, -69.4567718506, -39.9707145691, -27.5222549438, -25.5048313141, -16.9877090454], [-4495.984375, -116.687049866, 1346.38208008, 629.634216309, 239.967529297, 39.1026992798, 157.897109985, 90.8488006592, 13.2429037094, 109.803871155, 73.0671157837, 63.2853279114, -12.7967472076], [-2004.57385254, 34.6332435608, 629.634216309, 460.90145874, 129.45135498, -10.8520956039, 64.9034729004, 35.7687950134, -18.9307079315, 27.0332946777, 32.6257553101, 19.2065410614, -24.0962600708], [-959.353881836, -33.2457199097, 239.967529297, 129.45135498, 121.246826172, 35.0394248962, 22.7316246033, 18.5765094757, 15.0226325989, 31.0227813721, 15.9021997452, 18.4027385712, -0.836705505848], [-338.954223633, -33.5611114502, 39.1026992798, -10.8520956039, 35.0394248962, 82.3762893677, 24.6968364716, 9.97710418701, 18.1826629639, 20.378950119, 0.37454405427, 10.4136562347, 10.0697011948], [-680.621276855, -63.9193153381, 157.897109985, 64.9034729004, 22.7316246033, 24.6968364716, 80.1423416138, 36.7484283447, 12.5620641708, 14.8624153137, 10.9701871872, 14.1191310883, 4.79106664658], [-494.722290039, -60.9231872559, 90.8488006592, 35.7687950134, 18.5765094757, 9.97710418701, 36.7484283447, 68.1855545044, 26.7588233948, 10.4995393753, 9.05061149597, 17.082195282, 4.40437793732], [-188.53263855, -69.4567718506, 13.2429037094, -18.9307079315, 15.0226325989, 18.1826629639, 12.5620641708, 26.7588233948, 59.8858070374, 23.5967769623, 10.0769834518, 13.3631858826, 9.38193511963], [-484.815917969, -39.9707145691, 109.803871155, 27.0332946777, 31.0227813721, 20.378950119, 14.8624153137, 10.4995393753, 23.5967769623, 62.8581123352, 24.560716629, 15.1921510696, 5.98341751099], [-269.176330566, -27.5222549438, 73.0671157837, 32.6257553101, 15.9021997452, 0.37454405427, 10.9701871872, 9.05061149597, 10.0769834518, 24.560716629, 50.870475769, 17.2295017242, 3.1143283844], [-372.69909668, -25.5048313141, 63.2853279114, 19.2065410614, 18.4027385712, 10.4136562347, 14.1191310883, 17.082195282, 13.3631858826, 15.1921510696, 17.2295017242, 43.7547149658, 13.4116811752], [-15.3416128159, -16.9877090454, -12.7967472076, -24.0962600708, -0.836705505848, 10.0697011948, 4.79106664658, 4.40437793732, 9.38193511963, 5.98341751099, 3.1143283844, 13.4116811752, 35.8895568848]],
        "icov": [[0.000237813641434, 1.17519120977e-05, 0.000636475044303, -2.91676497e-05, 0.000305195513647, 0.000263744092081, 0.000286806316581, 0.000454191933386, -2.41561465373e-05, 0.000310778559651, -0.000245107657975, 0.000700278789736, -0.000132250206661], [1.17519120977e-05, 0.00213372660801, 0.000372059177607, -0.000961979501881, 0.000533039390575, -0.000361832644558, 0.00126050412655, 0.000615513825323, 0.00154826638754, -8.33014128148e-05, 0.000563647481613, -0.00022837749566, 1.75015629793e-05], [0.000636475044303, 0.000372059177607, 0.00475425831974, -0.00338710052893, -0.000510456564371, 0.000812503509223, -0.00133561505936, 0.000964796869084, 0.00069301732583, -0.00188082398381, -0.00037997707841, 0.00108410022222, -0.000550461816601], [-2.91676497e-05, -0.000961979501881, -0.00338710052893, 0.00821797735989, -0.00379398139194, 0.0029647522606, -0.0012743792031, -0.000670828041621, 0.00153112423141, 0.00247119646519, -0.00134489929769, 0.000553196296096, 0.00227194232866], [0.000305195513647, 0.000533039390575, -0.000510456564371, -0.00379398139194, 0.0177335459739, -0.00688882078975, 0.00484430231154, 0.000299355247989, -0.00228876410984, -0.00139986677095, -3.23845379171e-05, -0.00116709561553, 0.000586945796385], [0.000263744092081, -0.000361832644558, 0.000812503509223, 0.0029647522606, -0.00688882078975, 0.0189784113318, -0.00654484517872, 0.00237692985684, -0.00161921861582, -0.00285392138176, 0.00292832381092, 9.05309498194e-05, -0.00207059946842], [0.000286806316581, 0.00126050412655, -0.00133561505936, -0.0012743792031, 0.00484430231154, -0.00654484517872, 0.0236139427871, -0.00815615151078, 0.00149052182678, 0.0012950579403, -0.00128157192376, 0.000852076336741, -0.00162751658354], [0.000454191933386, 0.000615513825323, 0.000964796869084, -0.000670828041621, 0.000299355247989, 0.00237692985684, -0.00815615151078, 0.0255607999861, -0.00955446530133, 0.00351296225563, 0.000235926330788, -0.00358328479342, 0.000901703257114], [-2.41561465373e-05, 0.00154826638754, 0.00069301732583, 0.00153112423141, -0.00228876410984, -0.00161921861582, 0.00149052182678, -0.00955446530133, 0.0275366362184, -0.00790924485773, -0.000219150679186, -0.00134988222271, -0.00198419741355], [0.000310778559651, -8.33014128148e-05, -0.00188082398381, 0.00247119646519, -0.00139986677095, -0.00285392138176, 0.0012950579403, 0.00351296225563, -0.00790924485773, 0.0279333814979, -0.00977230630815, 0.000485116062919, -0.000676644558553], [-0.000245107657975, 0.000563647481613, -0.00037997707841, -0.00134489929769, -3.23845379171e-05, 0.00292832381092, -0.00128157192376, 0.000235926330788, -0.000219150679186, -0.00977230630815, 0.0279958210886, -0.00885465461761, 0.00100940885022], [0.000700278789736, -0.00022837749566, 0.00108410022222, 0.000553196296096, -0.00116709561553, 9.05309498194e-05, 0.000852076336741, -0.00358328479342, -0.00134988222271, 0.000485116062919, -0.00885465461761, 0.0355815403163, -0.0110336206853], [-0.000132250206661, 1.75015629793e-05, -0.000550461816601, 0.00227194232866, 0.000586945796385, -0.00207059946842, -0.00162751658354, 0.000901703257114, -0.00198419741355, -0.000676644558553, 0.00100940885022, -0.0110336206853, 0.0345124676824]]
    },
    "spectral_contrast_coeffs": {
        "max": [-0.457606852055, -0.639104127884, -0.649235963821, -0.64143294096, -0.604243934155, -0.611213028431],
        "mean": [-0.747206926346, -0.845071852207, -0.846675753593, -0.851370871067, -0.841409385204, -0.813873708248],
        "min": [-0.964013516903, -0.976012825966, -0.961122632027, -0.967748641968, -0.959744334221, -0.961900949478],
        "stdev": [0.079193636775, 0.0507611520588, 0.0469912327826, 0.0432148352265, 0.0460638329387, 0.0458354912698]
    },
    "spectral_contrast_valleys": {
        "max": [-5.66710996628, -4.69121170044, -4.93322849274, -4.73720979691, -5.3588514328, -7.83269119263],
        "mean": [-8.30969619751, -7.6992521286, -8.30201911926, -8.36301803589, -8.79289531708, -10.9860124588],
        "min": [-27.1932296753, -26.6643218994, -27.3476409912, -27.1478099823, -27.0722522736, -27.2013568878],
        "stdev": [1.08837127686, 1.51384162903, 1.80784881115, 1.83333921432, 1.4745221138, 1.27899122238]
    }
},
"rhythm": {
    "beats_count": 47,
    "beats_loudness": {
        "max": 0.172939881682,
        "mean": 0.0140823749825,
        "min": 4.12242616221e-06,
        "stdev": 0.0342723056674
    },
    "bpm": 119.647689819,
    "bpm_histogram_first_peak_bpm": 120,
    "bpm_histogram_first_peak_weight": 0.333333313465,
    "bpm_histogram_second_peak_bpm": 103,
    "bpm_histogram_second_peak_spread": 0.181818187237,
    "bpm_histogram_second_peak_weight": 0.195652171969,
    "danceability": 0.889729082584,
    "onset_rate": 2.79181981087,
    "beats_loudness_band_ratio": {
        "max": [0.797543823719, 0.660144150257, 0.44680762291, 0.572827637196, 0.391847759485, 0.25548440218],
        "mean": [0.270900458097, 0.18207398057, 0.163841381669, 0.220321282744, 0.140268847346, 0.0771420896053],
        "min": [0.00715934857726, 0.0384983532131, 0.0352318361402, 0.0178643129766, 0.00563300121576, 0.0152571648359],
        "stdev": [0.24638210237, 0.126565843821, 0.0982751995325, 0.176901757717, 0.116994664073, 0.0674755051732]
    },
    "beats_position": [0.859138309956, 1.72988653183, 2.60063481331, 3.3785033226, 4.15637159348, 4.93424034119, 5.71210861206, 6.58285713196, 7.45360517502, 8.32435321808, 9.06739234924, 9.82204055786, 10.4025392532, 10.9830379486, 11.5635375977, 12.144036293, 12.7245349884, 13.3050336838, 13.8855323792, 14.4660310745, 15.0465307236, 15.6154193878, 16.1843090057, 16.6835365295, 17.1827659607, 17.6819953918, 18.181224823, 18.6804523468, 19.179681778, 19.667301178, 20.1665306091, 20.6657600403, 21.1765975952, 21.6874370575, 22.1982765198, 22.7439460754, 23.2896137238, 23.8236732483, 24.3577327728, 24.89179039, 25.4142398834, 25.9366893768, 26.4591369629, 26.9815864563, 27.4924259186, 27.9916553497, 28.4908847809],
