{
"metadata": {
    "version": {
        "essentia": "2.1-beta5",
        "essentia_git_sha": "Undefined",
        "extractor": "music 2.0"
    },
    "audio_properties": {
        "analysis": {
            "equal_loudness": 0,
            "length": 50.7936515808,
            "sample_rate": 44100,
            "start_time": 158.998641968,
            "downmix": "mix"
        },
        "bit_rate": 192000,
        "length": 209.815505981,
        "lossless": 0,
        "number_channels": 2,
        "replay_gain": -12.3539867401,
        "sample_rate": 44100,
        "codec": "mp3",
        "md5_encoded": "c008a0b686d9e236bbc5733613abe045"
    },
    "tags": {
        "file_name": "Yugoslavia_Gori Vatra_Zdravko Colic.mp3",
        "encoding": ["Lavf58.29.100"]
    }
},
"lowlevel": {
    "average_loudness": 0.865542471409,
    "barkbands_crest": {
        "max": 24.672170639,
        "mean": 9.52777767181,
        "min": 1.87011992931,
        "stdev": 4.51232624054
    },
    "barkbands_flatness_db": {
        "max": 0.313658207655,
        "mean": 0.141076609492,
        "min": 0.0500555895269,
        "stdev": 0.0426388680935
    },
    "barkbands_kurtosis": {
        "max": 24.5939903259,
        "mean": 2.27453136444,
        "min": -1.80857110023,
        "stdev": 2.93675136566
    },
    "barkbands_skewness": {
        "max": 4.27518892288,
        "mean": 0.511133611202,
        "min": -4.1883187294,
        "stdev": 0.775169789791
    },
    "barkbands_spread": {
        "max": 88.0900421143,
        "mean": 16.7256526947,
        "min": 1.84859573841,
        "stdev": 11.183300972
    },
    "dissonance": {
        "max": 0.499999821186,
        "mean": 0.457144320011,
        "min": 0.216341927648,
        "stdev": 0.0404445677996
    },
    "dynamic_complexity": 2.9001185894,
    "erbbands_crest": {
        "max": 32.2079048157,
        "mean": 12.0236196518,
        "min": 2.65111255646,
        "stdev": 5.85528230667
    },
    "erbbands_flatness_db": {
        "max": 0.355166971684,
        "mean": 0.201225250959,
        "min": 0.0666751563549,
        "stdev": 0.0496735498309
    },
    "erbbands_kurtosis": {
        "max": 50.4737091064,
        "mean": 2.87896776199,
        "min": -1.46895182133,
        "stdev": 3.47619867325
    },
    "erbbands_skewness": {
        "max": 5.76604795456,
        "mean": 0.88553994894,
        "min": -3.40356016159,
        "stdev": 0.912119090557
    },
    "erbbands_spread": {
        "max": 90.8272094727,
        "mean": 19.999042511,
        "min": 2.46518754959,
        "stdev": 13.2600269318
    },
    "hfc": {
        "max": 424.547668457,
        "mean": 31.3046379089,
        "min": 1.10102940842e-16,
        "stdev": 24.8439693451
    },
    "loudness_ebu128": {
        "integrated": -11.0387458801,
        "loudness_range": 5.04268074036,
        "momentary": {
            "max": -7.50241756439,
            "mean": -11.8026638031,
            "min": -36.6220169067,
            "stdev": 3.19074177742
        },
        "short_term": {
            "max": -8.20395469666,
            "mean": -11.2597675323,
            "min": -15.4367656708,
            "stdev": 1.56391298771
        }
    },
    "melbands_crest": {
        "max": 30.9880142212,
        "mean": 11.6492700577,
        "min": 1.59852075577,
        "stdev": 5.62047481537
    },
    "melbands_flatness_db": {
        "max": 0.361269205809,
        "mean": 0.15579931438,
        "min": 0.00451804511249,
        "stdev": 0.0565271116793
    },
    "melbands_kurtosis": {
        "max": 58.753490448,
        "mean": 3.50790762901,
        "min": -1.82672512531,
        "stdev": 4.98957681656
    },
    "melbands_skewness": {
        "max": 6.18082809448,
        "mean": 0.709743320942,
        "min": -1.84982943535,
        "stdev": 1.00966978073
    },
    "melbands_spread": {
        "max": 261.284515381,
        "mean": 27.3356227875,
        "min": 2.80715155602,
        "stdev": 21.8428268433
    },
    "pitch_salience": {
        "max": 0.930463433266,
        "mean": 0.641262769699,
        "min": 0.295720279217,
        "stdev": 0.116973727942
    },
    "silence_rate_20dB": {
        "max": 1,
        "mean": 1,
        "min": 1,
        "stdev": 0
    },
    "silence_rate_30dB": {
        "max": 1,
        "mean": 1,
        "min": 1,
        "stdev": 0
    },
    "silence_rate_60dB": {
        "max": 1,
        "mean": 0.0338053889573,
        "min": 0,
        "stdev": 0.180728346109
    },
    "spectral_centroid": {
        "max": 11264.5361328,
        "mean": 1631.12634277,
        "min": 295.635070801,
        "stdev": 794.151611328
    },
    "spectral_complexity": {
        "max": 44,
        "mean": 21.7153949738,
        "min": 0,
        "stdev": 8.20237922668
    },
    "spectral_decrease": {
        "max": 7.3917468118e-29,
        "mean": -6.2607519169e-09,
        "min": -1.93705069762e-08,
        "stdev": 4.00699473602e-09
    },
    "spectral_energy": {
        "max": 0.0803245157003,
        "mean": 0.0264689642936,
        "min": 1.01237786987e-20,
        "stdev": 0.0165121555328
    },
    "spectral_energyband_high": {
        "max": 0.0442662797868,
        "mean": 0.00091217586305,
        "min": 7.35352982464e-21,
        "stdev": 0.00218135933392
    },
    "spectral_energyband_low": {
        "max": 0.0373339802027,
        "mean": 0.00238406728022,
        "min": 2.9092325593e-23,
        "stdev": 0.00341962766834
    },
    "spectral_energyband_middle_high": {
        "max": 0.0775177255273,
        "mean": 0.0161828901619,
        "min": 1.47511738618e-21,
        "stdev": 0.0138353547081
    },
    "spectral_energyband_middle_low": {
        "max": 0.0639775767922,
        "mean": 0.00764064583927,
        "min": 2.235351602e-22,
        "stdev": 0.00845272094011
    },
    "spectral_entropy": {
        "max": 9.81983280182,
        "mean": 7.55515480042,
        "min": 5.65746355057,
        "stdev": 0.469490289688
    },
    "spectral_flux": {
        "max": 0.242497622967,
        "mean": 0.0924898535013,
        "min": 6.5940752858e-11,
        "stdev": 0.0427031256258
    },
    "spectral_kurtosis": {
        "max": 40.399597168,
        "mean": 5.05731582642,
        "min": -1.25244951248,
        "stdev": 2.66023898125
    },
    "spectral_rms": {
        "max": 0.0088524222374,
        "mean": 0.00477214436978,
        "min": 3.14274669656e-12,
        "stdev": 0.00174642517231
    },
    "spectral_rolloff": {
        "max": 19207.6171875,
        "mean": 1895.92199707,
        "min": 150.732421875,
        "stdev": 1743.26550293
    },
    "spectral_skewness": {
        "max": 4.51626825333,
        "mean": 1.67495036125,
        "min": -0.143063113093,
        "stdev": 0.389137864113
    },
    "spectral_spread": {
        "max": 42067972,
        "mean": 4164393.25,
        "min": 1867468.875,
        "stdev": 2522575.75
    },
    "spectral_strongpeak": {
        "max": 13.5594978333,
        "mean": 2.50879526138,
        "min": 0,
        "stdev": 2.19293665886
    },
    "zerocrossingrate": {
        "max": 0.52734375,
        "mean": 0.0742894634604,
        "min": 0.0087890625,
        "stdev": 0.0463947989047
    },
    "barkbands": {
        "max": [0.0016438694438, 0.0268705412745, 0.0171974264085, 0.012476850301, 0.0422182753682, 0.015373269096, 0.0149732604623, 0.0437399819493, 0.0609968155622, 0.0689291954041, 0.0432031974196, 0.0309248063713, 0.0527460128069, 0.0109608955681, 0.0133856451139, 0.0190789047629, 0.00806139595807, 0.00322451326065, 0.0186862256378, 0.0064184893854, 0.0058060423471, 0.0124835288152, 0.00622854940593, 0.0203984659165, 0.01874005422, 0.00530147366226, 9.65549702414e-07],
        "mean": [4.94317100674e-05, 0.00138066965155, 0.000686024257448, 0.000571786251385, 0.00108850363176, 0.000928639841732, 0.00042739129276, 0.000787494005635, 0.00327361840755, 0.00485807191581, 0.00429024081677, 0.00179803662468, 0.00226415274665, 0.000574322009925, 0.000601470994297, 0.000535156985279, 0.00049135426525, 0.000337434903486, 0.000450867635664, 0.000258372921962, 0.000179304886842, 0.000194681895664, 0.000109158158011, 0.000151312051457, 0.000134415415232, 4.70652266813e-05, 2.82088152836e-09],
        "min": [4.58270993518e-25, 2.53412927775e-24, 3.466890245e-24, 6.4078496855e-24, 2.29995773242e-23, 2.17054699418e-23, 1.16927519281e-23, 7.4662923666e-24, 3.51287744367e-23, 2.03697517245e-23, 3.75275805426e-23, 7.04119573516e-23, 3.39696190672e-23, 4.31181084048e-23, 6.72472367265e-23, 9.08485098175e-23, 1.11602474668e-22, 1.53741139684e-22, 2.50690201182e-22, 2.20560258442e-22, 2.3541353741e-22, 4.8541355472e-22, 5.07984821594e-22, 7.25672869034e-22, 9.95343442249e-22, 1.51120303943e-21, 2.18617353354e-21],
        "stdev": [9.38075536396e-05, 0.00224730768241, 0.00129307224415, 0.00121774966829, 0.0028519697953, 0.00147107453085, 0.00088485883316, 0.00207747402601, 0.0062715606764, 0.00999586377293, 0.00693852175027, 0.00296666123904, 0.00339200161397, 0.000909170252271, 0.000948897679336, 0.00125730491709, 0.000637452991214, 0.000311935407808, 0.000796766544227, 0.000348983041476, 0.000249223638093, 0.000417471572291, 0.000294224766549, 0.000766684184782, 0.00069129455369, 0.000192014820641, 3.25026050518e-08]
    },
    "erbbands": {
        "max": [0.649963319302, 7.39322948456, 17.7041931152, 39.4951858521, 114.455932617, 139.778289795, 207.615081787, 124.689880371, 129.648406982, 712.707519531, 1333.70629883, 1956.96325684, 1299.67492676, 2781.93432617, 1831.53771973, 1024.40161133, 2494.90893555, 515.767211914, 783.092529297, 1184.69458008, 771.753540039, 290.109436035, 283.795257568, 747.4296875, 634.172119141, 283.403747559, 137.562805176, 286.78314209, 506.936279297, 234.432662964, 236.699386597, 517.736083984, 337.386108398, 243.24760437, 120.784393311, 43.978313446, 3.91653895378, 0.354974657297, 0.00774410972372, 0.000823346956167],
        "mean": [0.0357047431171, 0.324704647064, 0.748130202293, 1.50295042992, 3.14494395256, 3.3000266552, 6.26434803009, 7.22810840607, 5.54778814316, 7.88101100922, 28.7917671204, 88.2327880859, 77.3003692627, 196.18347168, 172.013214111, 79.9849853516, 113.644515991, 37.2942466736, 33.9284553528, 33.0321731567, 24.7652111053, 24.2525863647, 22.3457698822, 19.3795032501, 22.2329311371, 13.6627006531, 7.79442405701, 6.68426561356, 6.58666944504, 4.88926410675, 3.21701526642, 3.23871684074, 2.44225311279, 1.61996257305, 0.843348383904, 0.328270852566, 0.0621904879808, 0.00369488843717, 0.00010257523536, 3.97408439312e-05],
        "min": [7.73317505489e-23, 8.64025793703e-22, 6.80751549555e-21, 2.69241570208e-20, 3.67962829818e-20, 4.00252438952e-20, 1.4167985721e-19, 1.8460224627e-19, 2.57751314179e-19, 9.95776177263e-20, 3.66501757437e-19, 1.00887031711e-18, 9.73822467763e-19, 1.15036390359e-18, 2.35803860233e-18, 2.40208989905e-18, 2.13193498574e-18, 2.45447173173e-18, 2.79556110488e-18, 5.51355127987e-18, 4.31313974389e-18, 5.96912348377e-18, 7.21567680867e-18, 8.62412716383e-18, 1.14822495928e-17, 1.06560152749e-17, 1.14654727156e-17, 1.0043184456e-17, 1.41092329432e-17, 1.5453009355e-17, 1.51136750523e-17, 1.34006253627e-17, 1.0633304204e-17, 8.77052489737e-18, 6.89900766836e-18, 4.33875421874e-18, 2.8509061053e-18, 1.02491855157e-18, 3.11326432436e-19, 2.95870808259e-20],
        "stdev": [0.0608778558671, 0.539048790932, 1.36556863785, 2.773001194, 9.09965419769, 9.23868751526, 11.0216712952, 12.7474508286, 8.90926265717, 22.1963272095, 61.2039680481, 179.50352478, 145.238845825, 363.042236328, 273.908935547, 97.7070846558, 169.574752808, 40.4852981567, 51.6626434326, 71.9636917114, 44.4879760742, 26.775177002, 22.0375080109, 32.9188079834, 33.0375480652, 18.3289051056, 10.7588300705, 10.0217494965, 15.0147800446, 11.5162343979, 9.07864665985, 15.967839241, 12.6772251129, 8.80980110168, 4.44909572601, 1.46325159073, 0.212710440159, 0.0175097379833, 0.000386319850804, 3.87874024455e-05]
    },
    "gfcc": {
        "mean": [0.12337321043, 75.2025604248, -153.728424072, 15.58781147, -67.8852462769, 27.7813625336, -31.2724456787, 15.5802001953, -33.2476081848, -0.496076405048, -13.4592437744, 2.54292654991, -7.68143558502],
        "cov": [[11028.2773438, -139.818115234, -626.733581543, 200.258514404, -457.303985596, 307.33102417, 19.0346374512, 222.163284302, -399.834411621, 23.5696086884, -145.633987427, 132.244445801, -174.604324341], [-139.818115234, 1398.41247559, 370.615570068, 124.337379456, 107.85760498, -75.6866149902, 311.151885986, 60.4379577637, 15.5190525055, -154.518615723, 146.279495239, -92.7120666504, 50.5439872742], [-626.733581543, 370.615570068, 1045.92712402, 314.150177002, 91.5620880127, -9.83338451385, 130.252471924, 98.1500167847, -3.94026446342, 10.0785179138, 5.37147760391, -9.23645591736, -49.8168792725], [200.258514404, 124.337379456, 314.150177002, 292.412109375, 72.886177063, 3.06420302391, -3.45569944382, 24.2141590118, 18.3651866913, 41.0872077942, 3.37389540672, -14.9459323883, 0.333502858877], [-457.303985596, 107.85760498, 91.5620880127, 72.886177063, 161.572280884, 13.5103673935, 28.389541626, 13.9324359894, 38.5912780762, 16.2640476227, 23.8962993622, -7.68507909775, 18.2458591461], [307.33102417, -75.6866149902, -9.83338451385, 3.06420302391, 13.5103673935, 122.871772766, 83.9192352295, 26.5019397736, -30.3272361755, 7.73771810532, 5.30975341797, 32.6023521423, -2.86890792847], [19.0346374512, 311.151885986, 130.252471924, -3.45569944382, 28.389541626, 83.9192352295, 383.05557251, 91.7165527344, -81.8481292725, -92.9317398071, 86.3067092896, 39.0597915649, 10.617980957], [222.163284302, 60.4379577637, 98.1500167847, 24.2141590118, 13.9324359894, 26.5019397736, 91.7165527344, 103.192687988, 7.59592723846, -9.72062969208, 17.4822502136, 14.9568271637, -3.00768041611], [-399.834411621, 15.5190525055, -3.94026446342, 18.3651866913, 38.5912780762, -30.3272361755, -81.8481292725, 7.59592723846, 128.992004395, 44.9329719543, 4.5371336937, -21.2673511505, 22.8664283752], [23.5696086884, -154.518615723, 10.0785179138, 41.0872077942, 16.2640476227, 7.73771810532, -92.9317398071, -9.72062969208, 44.9329719543, 103.526306152, -6.21389532089, 6.53123950958, 0.316621214151], [-145.633987427, 146.279495239, 5.37147760391, 3.37389540672, 23.8962993622, 5.30975341797, 86.3067092896, 17.4822502136, 4.5371336937, -6.21389532089, 83.495262146, 14.2856903076, 25.4523010254], [132.244445801, -92.7120666504, -9.23645591736, -14.9459323883, -7.68507909775, 32.6023521423, 39.0597915649, 14.9568271637, -21.2673511505, 6.53123950958, 14.2856903076, 69.7742767334, 14.7365579605], [-174.604324341, 50.5439872742, -49.8168792725, 0.333502858877, 18.2458591461, -2.86890792847, 10.617980957, -3.00768041611, 22.8664283752, 0.316621214151, 25.4523010254, 14.7365579605, 57.8086280823]],
        "icov": [[0.000239205459366, -0.000345985783497, 0.000464006210677, -0.000612859032117, 0.000650519214105, -0.000502385664731, 0.00041166311712, -0.000995738781057, 0.000790448160842, -0.000437266106019, 0.000463528092951, -0.000659625511616, 0.000724520592485], [-0.000345985783497, 0.00226709176786, -0.00113329244778, 0.000565286551137, -0.0011513044592, 0.00148701493163, -0.00148773205001, 0.00169072009157, -0.00159790995531, 0.00254946667701, -0.0027459487319, 0.00361070688814, -0.00230202637613], [0.000464006210677, -0.00113329244778, 0.00281849666499, -0.00292028696276, 0.000992085551843, -4.47970051027e-05, 0.000119489908684, -0.00267387111671, 0.00140423281118, -0.00154184084386, 0.00205135345459, -0.00260401400737, 0.00357526750304], [-0.000612859032117, 0.000565286551137, -0.00292028696276, 0.00775624578819, -0.003120403504, 0.000509191479068, -0.000122403609566, 0.00184803630691, -0.000570128904656, -0.00130198569968, -0.00101018650457, 0.00326375942677, -0.00393243553117], [0.000650519214105, -0.0011513044592, 0.000992085551843, -0.003120403504, 0.0100943557918, -0.00290759699419, 0.000383069738746, -0.00197310885414, -0.000344895699527, -0.00171536102425, 0.000392672314774, -0.00075267784996, 0.000505835283548], [-0.000502385664731, 0.00148701493163, -4.47970051027e-05, 0.000509191479068, -0.00290759699419, 0.0144874509424, -0.00551882293075, 0.00127526326105, -0.000250920042163, -0.00300665409304, 0.00204640557058, -0.00133213517256, -0.000588073977269], [0.00041166311712, -0.00148773205001, 0.000119489908684, -0.000122403609566, 0.000383069738746, -0.00551882293075, 0.00980538781732, -0.00617455737665, 0.00484301941469, 0.00403240695596, -0.00516220508143, -0.00238313293085, 0.00107337662484], [-0.000995738781057, 0.00169072009157, -0.00267387111671, 0.00184803630691, -0.00197310885414, 0.00127526326105, -0.00617455737665, 0.0194192752242, -0.00858003366739, 0.00242429389618, -0.00113367009908, 6.9074172643e-05, -0.000108021195047], [0.000790448160842, -0.00159790995531, 0.00140423281118, -0.000570128904656, -0.000344895699527, -0.000250920042163, 0.00484301941469, -0.00858003366739, 0.0174891650677, -0.00656565930694, 0.000358646939276, 0.00234070094302, -0.00387812615372], [-0.000437266106019, 0.00254946667701, -0.00154184084386, -0.00130198569968, -0.00171536102425, -0.00300665409304, 0.00403240695596, 0.00242429389618, -0.00656565930694, 0.0210110582411, -0.0072907214053, -0.000453875836683, 0.000714400142897], [0.000463528092951, -0.0027459487319, 0.00205135345459, -0.00101018650457, 0.000392672314774, 0.00204640557058, -0.00516220508143, -0.00113367009908, 0.000358646939276, -0.0072907214053, 0.0241208877414, -0.00580749986693, -0.00280025997199], [-0.000659625511616, 0.00361070688814, -0.00260401400737, 0.00326375942677, -0.00075267784996, -0.00133213517256, -0.00238313293085, 6.9074172643e-05, 0.00234070094302, -0.000453875836683, -0.00580749986693, 0.0270874425769, -0.0120709184557], [0.000724520592485, -0.00230202637613, 0.00357526750304, -0.00393243553117, 0.000505835283548, -0.000588073977269, 0.00107337662484, -0.000108021195047, -0.00387812615372, 0.000714400142897, -0.00280025997199, -0.0120709184557, 0.0300517287105]]
    },
    "melbands": {
        "max": [0.00582685135305, 0.00830561295152, 0.00595119409263, 0.0105102518573, 0.00596430944279, 0.00271336291917, 0.00223114714026, 0.00869847182184, 0.0115881860256, 0.0116705810651, 0.006598519627, 0.012040107511, 0.00717296032235, 0.00371428509243, 0.00519811501727, 0.00304688280448, 0.00116297311615, 0.00128825311549, 0.000986530212685, 0.00166612584144, 0.000687542778905, 0.000307295907987, 0.000727475387976, 9.99518088065e-05, 0.000713631394319, 0.000627727829851, 0.000343639490893, 0.000141835960676, 9.42280021263e-05, 0.000143298791954, 0.000171138031874, 0.000270035932772, 0.000279939762549, 7.97781831352e-05, 9.36050855671e-05, 0.000298478698824, 0.000309281924274, 0.000268672127277, 0.00020691055397, 0.00019374571275],
        "mean": [0.000362362916349, 0.000409585307352, 0.000308100716211, 0.00023872476595, 0.000198710942641, 0.000162028634804, 8.57386185089e-05, 9.06200220925e-05, 0.000288484501652, 0.000536489009392, 0.000380361510906, 0.000800890964456, 0.000619008322246, 0.000225428055273, 0.000251589983236, 0.000192450141185, 5.62502864341e-05, 5.4189698858e-05, 4.22097655246e-05, 4.43597127742e-05, 2.59312528215e-05, 2.29409160966e-05, 3.07787558995e-05, 1.3678308278e-05, 1.56761143444e-05, 1.6994876205e-05, 1.31178967422e-05, 7.70104543335e-06, 4.91816263093e-06, 4.26872202297e-06, 3.72191266251e-06, 3.84038003176e-06, 3.46474325852e-06, 2.28289309234e-06, 1.85335534297e-06, 1.75117952494e-06, 1.97907525035e-06, 1.78026277808e-06, 1.58881266543e-06, 1.26384190935e-06],
        "min": [1.47303917946e-24, 4.24479466111e-24, 4.20015105033e-24, 4.93534969247e-24, 4.08571139324e-24, 4.77472104609e-24, 3.42248013705e-24, 1.0979807841e-24, 2.94725198673e-24, 5.56597180542e-24, 4.74018826553e-24, 3.61264610231e-24, 6.26023842735e-24, 6.48219943139e-24, 7.29330463642e-24, 4.20109886671e-24, 4.01141450103e-24, 3.60595419525e-24, 4.02935832561e-24, 5.34950324544e-24, 4.57469155851e-24, 4.91447722178e-24, 8.33247505117e-24, 6.20482647078e-24, 6.61867236799e-24, 9.75614021543e-24, 6.42412073053e-24, 7.03984283871e-24, 7.87103796441e-24, 5.08885926362e-24, 5.63483699587e-24, 7.14585864462e-24, 9.68206459871e-24, 7.73133306468e-24, 8.32019327573e-24, 6.25205005115e-24, 8.18417472301e-24, 7.2870679021e-24, 7.75329337455e-24, 6.97950444579e-24],
        "stdev": [0.000590101233684, 0.000656615186017, 0.000604913395364, 0.000696957053151, 0.000332333904225, 0.000269238487817, 0.000149860818055, 0.000258938205661, 0.000598300539423, 0.001097954344, 0.000780302914791, 0.00158529204782, 0.00101745652501, 0.000363573082723, 0.000358243327355, 0.000273851299426, 7.94138759375e-05, 8.87646456249e-05, 6.52989911032e-05, 0.00011326551612, 4.16006187152e-05, 2.74020567304e-05, 4.61573035864e-05, 1.29382569867e-05, 3.06024849124e-05, 3.07677219098e-05, 1.88495378097e-05, 1.10569217213e-05, 8.39803669805e-06, 6.16309944235e-06, 6.02288446316e-06, 8.19567048893e-06, 9.42871974985e-06, 5.4026527323e-06, 4.59961984234e-06, 8.41463224788e-06, 1.03401916931e-05, 9.24060805119e-06, 8.94181812328e-06, 6.72529813528e-06]
    },
    "melbands128": {
        "max": [0.00070811441401, 0.00494142156094, 0.0109291868284, 0.0144957974553, 0.0103620430455, 0.00951471365988, 0.00939665175974, 0.00780305592343, 0.0146741531789, 0.0142277022824, 0.00792302843183, 0.00500096939504, 0.0101805664599, 0.00681346049532, 0.00468439003453, 0.00290185282938, 0.00189130892977, 0.00298342341557, 0.00573970982805, 0.0101019721478, 0.0134091507643, 0.00705507211387, 0.0219003893435, 0.0180015470833, 0.0238510109484, 0.0195559076965, 0.00676442589611, 0.0127576682717, 0.0152772609144, 0.0207857340574, 0.0133227128536, 0.0108023453504, 0.0144579848275, 0.01010905765, 0.00885862577707, 0.00559531478211, 0.00646405247971, 0.00501821469516, 0.014558927156, 0.0053277076222, 0.00333180185407, 0.00186195375863, 0.00141324906144, 0.00247695483267, 0.00253333081491, 0.00245996750891, 0.00174693972804, 0.000512423750479, 0.00128008215688, 0.0042974553071, 0.0037083523348, 0.00366985658184, 0.000416062539443, 0.000911477487534, 0.0010384117486, 0.000435797468526, 0.000448708247859, 0.00175694865175, 0.000415758608142, 0.000240432898863, 0.000173318112502, 0.00012321966642, 0.000468176440336, 0.00131151359528, 0.00187146046665, 0.000560124753974, 0.000571688928176, 0.000838099804241, 0.000276512873825, 0.000418136187363, 0.000199312184122, 0.00011010702292, 0.00010418916645, 0.000159754912602, 0.000119188014651, 8.20498898975e-05, 0.000205948075745, 0.000216121465201, 0.000145643512951, 0.000136705159093, 0.000154294088134, 0.000456655950984, 0.000360888923751, 0.000324921653373, 0.000125837672385, 0.000118200288853, 8.42419685796e-05, 4.92488834425e-05, 0.000112903406261, 0.000134321147925, 0.000165301375091, 0.000483045063447, 0.000400792632718, 0.000283386878436, 0.000307301088469, 0.000296562968288, 0.000322292326018, 0.000196398890694, 0.000364653620636, 0.000333670992404, 0.000339294201694, 0.00015645721578, 0.000101987374364, 0.000141241151141, 0.000113315785711, 0.000214951694943, 0.000159671748406, 0.000133126799483, 7.03356854501e-05, 2.50676548603e-05, 1.447824161e-05, 1.23025774883e-05, 1.29565842144e-05, 1.53042474267e-05, 7.83675386629e-06, 3.52866641151e-06, 6.14894162254e-08, 2.78514211693e-09, 2.70687250392e-09, 2.64711852438e-09, 2.58044652313e-09, 2.52159382264e-09, 2.47711051671e-09, 2.43017916901e-09, 2.39599939889e-09, 2.36773978202e-09, 2.34509123231e-09, 2.3374469027e-09],
        "mean": [3.66128588212e-05, 0.000234420062043, 0.000544912647456, 0.00052737025544, 0.000388290907722, 0.000342192215612, 0.000296629266813, 0.000288860988803, 0.000344197440427, 0.000258372077951, 0.000160605326528, 0.000137126742629, 0.000224755640374, 0.000252733327216, 0.000198110705242, 8.73839526321e-05, 6.88799264026e-05, 9.59766839514e-05, 9.21714090509e-05, 7.67656747485e-05, 8.09302000562e-05, 0.000150616295286, 0.000281152024399, 0.000410293898312, 0.0007807421498, 0.000518913031556, 0.000173261141754, 0.000315527402563, 0.000483874377096, 0.00109413347673, 0.000784045842011, 0.000485283962917, 0.000803592149168, 0.000585463480093, 0.00020559852419, 0.000128716143081, 0.000217723354581, 0.000199718284421, 0.000341416540323, 0.000304135784972, 0.000140920063131, 6.14122327534e-05, 4.9689955631e-05, 5.68435170862e-05, 5.30616089236e-05, 4.91015016451e-05, 6.78137366776e-05, 2.98527847917e-05, 3.2932835893e-05, 6.0895421484e-05, 4.33571294707e-05, 3.60193662345e-05, 2.35588540818e-05, 2.20269885176e-05, 2.87903058052e-05, 1.83443626156e-05, 1.63406057254e-05, 5.09299788973e-05, 2.49198692472e-05, 1.6356469132e-05, 1.29208983708e-05, 1.13539390441e-05, 1.55457528308e-05, 1.66127028933e-05, 1.71770152519e-05, 1.3135345398e-05, 2.29761244555e-05, 1.39845105878e-05, 9.58261625783e-06, 1.3138534996e-05, 8.98317193787e-06, 4.51879623142e-06, 3.77833475795e-06, 6.682773801e-06, 3.34339347319e-06, 4.30914815297e-06, 5.08520724907e-06, 3.1829058571e-06, 3.18723300552e-06, 4.88505293106e-06, 3.39239340974e-06, 3.97988378609e-06, 3.3950618672e-06, 3.33071125169e-06, 3.85555131288e-06, 2.43564704761e-06, 1.88704314041e-06, 1.50560117618e-06, 2.13742373489e-06, 1.84297971373e-06, 1.38874418099e-06, 1.66076551977e-06, 2.44096850111e-06, 2.08589722206e-06, 1.6620435872e-06, 1.79402229605e-06, 2.03590047931e-06, 1.30227806494e-06, 1.45735850765e-06, 2.03523427444e-06, 1.32291222599e-06, 1.04661501155e-06, 1.28494627916e-06, 8.30957787912e-07, 9.17910085718e-07, 1.10831740585e-06, 7.15722933364e-07, 6.98127053056e-07, 6.26679764082e-07, 3.45841584704e-07, 3.77558620812e-07, 1.87595617263e-07, 1.88237777365e-07, 1.23958031395e-07, 7.05521472355e-08, 1.79211365747e-08, 2.8010094244e-10, 5.73549541194e-12, 5.12460039681e-12, 4.87068328378e-12, 4.73934823678e-12, 4.62620740327e-12, 4.53015446336e-12, 4.44241214995e-12, 4.37654079644e-12, 4.32428138436e-12, 4.28317841264e-12, 4.26087550659e-12],
        "min": [2.45837284496e-25, 5.14504745931e-25, 2.65070526878e-25, 1.54148203349e-24, 1.22547963904e-24, 1.85149007114e-24, 4.32091697745e-24, 1.43152991027e-24, 2.90008283776e-24, 1.41104664383e-24, 8.46208332017e-25, 8.60649318356e-25, 6.11963383175e-24, 3.8099220709e-24, 2.91425748494e-24, 4.47520949304e-24, 1.64048890887e-24, 2.67345710197e-24, 9.53678896048e-25, 9.11038991968e-25, 1.93234449288e-25, 1.41803565563e-24, 2.19695750509e-24, 1.15928572884e-24, 4.38423529244e-24, 4.25185891051e-24, 4.23282645789e-25, 3.30414074607e-24, 1.5399304427e-24, 1.78415527086e-24, 9.36136700276e-25, 3.82239869498e-24, 1.57951291913e-24, 5.59788477891e-24, 3.26422793414e-24, 4.0889114075e-24, 3.00094718475e-24, 4.98052736208e-24, 3.01422016391e-24, 1.66013075655e-24, 2.04099339324e-24, 3.46882768738e-24, 2.30886590475e-24, 2.26174073478e-24, 4.45956638129e-24, 1.62376722705e-24, 1.53354352899e-24, 1.96833614842e-24, 2.00121744867e-24, 3.29247645151e-24, 4.4090098636e-24, 2.35716273038e-24, 5.95906789981e-24, 2.95582453819e-24, 2.67683835703e-24, 2.28676596649e-24, 2.91529227323e-24, 4.94547432776e-24, 5.25909544696e-24, 5.62836833644e-24, 2.53446572693e-24, 1.99075064497e-24, 3.37845854309e-24, 5.61759091876e-24, 7.73487978331e-24, 1.08337967872e-23, 6.72684886393e-24, 7.2149652265e-24, 3.15668548516e-24, 4.59734488269e-24, 5.39671302074e-24, 4.57126514116e-24, 2.38222602463e-24, 5.43867923761e-24, 3.93129226547e-24, 5.29180714212e-24, 4.36202491365e-24, 5.86693210153e-24, 6.88699078313e-24, 4.40019749842e-24, 3.98332631964e-24, 4.34311157902e-24, 7.99836169223e-24, 7.30587986811e-24, 5.9518312843e-24, 6.21582674168e-24, 6.69707961995e-24, 6.28875022705e-24, 7.50675777559e-24, 6.00296524818e-24, 5.82301069291e-24, 5.21720929948e-24, 4.90064375695e-24, 5.92675260726e-24, 6.2089585242e-24, 7.49331164146e-24, 3.53858192407e-24, 5.33062264853e-24, 7.27330149044e-24, 7.30599977496e-24, 4.62886539788e-24, 5.43310120215e-24, 6.67011793193e-24, 5.97350997084e-24, 4.88179747549e-24, 7.10967280604e-24, 6.74576890388e-24, 7.29653423296e-24, 5.74630540836e-24, 4.66243024611e-24, 6.00209671232e-24, 8.92054561246e-24, 6.39872532584e-24, 8.05224720295e-24, 3.89905585901e-24, 4.89113640532e-24, 7.00325783651e-24, 7.15726084015e-24, 7.56900284532e-24, 8.15819989999e-24, 7.27929998877e-24, 7.61825774252e-24, 5.2283148833e-24, 7.64843877189e-24, 7.24938638324e-24, 5.68085006918e-24, 8.48154609643e-24, 8.26491779211e-24],
        "stdev": [7.04443882569e-05, 0.000445780402515, 0.000943272083532, 0.000927728659008, 0.000757098314352, 0.000635251926724, 0.000584669585805, 0.000701411161572, 0.0010898798937, 0.000879670493305, 0.000510012614541, 0.000277634884696, 0.000487326848088, 0.00048657876323, 0.000428089202615, 0.000186683988431, 0.000132054308779, 0.000185211669304, 0.000259654363617, 0.000305951369228, 0.000356822711183, 0.000378910597647, 0.000919767946471, 0.00103435118217, 0.00202930835076, 0.00136054505128, 0.000579020415898, 0.00107887352351, 0.00140255095903, 0.00284971413203, 0.00180830969475, 0.00115317641757, 0.00184135278687, 0.00142401340418, 0.000641868449748, 0.000270592601737, 0.000488670251798, 0.000462435244117, 0.000771035032813, 0.000583774235565, 0.000309492897941, 0.000108281346911, 9.30012174649e-05, 0.000118683848996, 0.000146261794725, 0.000116512557724, 0.000136733389809, 5.29734315933e-05, 7.07742365194e-05, 0.000216608401388, 0.000148462786456, 0.000153779415996, 3.90834793507e-05, 4.37708440586e-05, 5.68210161873e-05, 2.96906164294e-05, 2.87730363198e-05, 0.000114096954348, 3.4678960219e-05, 2.19783760258e-05, 1.72870986717e-05, 1.40256288432e-05, 2.30151927099e-05, 4.54813198303e-05, 6.93097827025e-05, 2.81365428236e-05, 4.59459624835e-05, 3.4319502447e-05, 2.19990124606e-05, 2.73617970379e-05, 1.81697068911e-05, 7.77162040322e-06, 6.50527545076e-06, 1.55392754095e-05, 6.74600460115e-06, 7.24335313862e-06, 1.03219381344e-05, 6.5301946961e-06, 5.7319566622e-06, 9.14859083423e-06, 7.59392105465e-06, 1.19488577184e-05, 1.04028968053e-05, 1.15946413644e-05, 1.02478697954e-05, 6.88715408614e-06, 5.15993770023e-06, 3.2931889109e-06, 6.2227500166e-06, 5.3669468798e-06, 5.28088139617e-06, 1.22680985442e-05, 1.14072245196e-05, 1.12269690362e-05, 1.0275828572e-05, 1.02261801658e-05, 1.01333107523e-05, 7.87113731349e-06, 1.03628490251e-05, 1.11828958325e-05, 9.27734345169e-06, 5.96835388933e-06, 5.05990465172e-06, 5.00500982525e-06, 4.92641129313e-06, 6.72386840961e-06, 4.68741973236e-06, 3.96396171709e-06, 2.57986312135e-06, 1.31397894165e-06, 1.30792625441e-06, 6.43772409603e-07, 7.14247164524e-07, 5.69437531794e-07, 4.13778963093e-07, 1.59077558237e-07, 3.34092487009e-09, 6.29228544269e-11, 5.82666970228e-11, 5.67633821891e-11, 5.53337688169e-11, 5.40716117714e-11, 5.31167124174e-11, 5.21108295404e-11, 5.1377600091e-11, 5.07714946474e-11, 5.02860843243e-11, 5.01212023274e-11]
    },
    "mfcc": {
        "mean": [-628.557800293, 104.96081543, -26.5081443787, -2.9617972374, -10.2867059708, 2.86337184906, 9.09888267517, 9.97692489624, -1.89000689983, -2.63605570793, -1.10471570492, -2.02637648582, -2.26256966591],
        "cov": [[5145.13916016, -399.857147217, -90.0442810059, -55.3443908691, -162.978134155, 35.9170379639, 175.654800415, 113.95500946, -10.9769668579, -44.7229995728, 14.723651886, -15.5320644379, -26.6181621552], [-399.857147217, 1152.10375977, 261.864807129, 232.043670654, -35.0399665833, -41.0317840576, 205.10105896, 163.992462158, -5.08013725281, 23.5971736908, 44.9268684387, 1.84893703461, -6.20332813263], [-90.0442810059, 261.864807129, 768.089477539, 320.825775146, 65.8072814941, 15.2965965271, 129.367874146, 75.7730789185, 27.2208003998, 31.4889411926, 57.4926376343, -9.80459308624, -0.0599699579179], [-55.3443908691, 232.043670654, 320.825775146, 319.293792725, 83.3232955933, 23.4012241364, 79.8070373535, 34.3403434753, 13.0972652435, 43.5735168457, 27.6221122742, -21.6887168884, 12.2481222153], [-162.978134155, -35.0399665833, 65.8072814941, 83.3232955933, 221.637802124, 20.3499717712, -112.417129517, -89.3319625854, 20.3519115448, 62.2175712585, 2.79637527466, -13.2565946579, 18.4207019806], [35.9170379639, -41.0317840576, 15.2965965271, 23.4012241364, 20.3499717712, 96.9889068604, 30.3844165802, 2.70733714104, 8.17006587982, -1.38275611401, 8.00765705109, 3.96333646774, -0.161554589868], [175.654800415, 205.10105896, 129.367874146, 79.8070373535, -112.417129517, 30.3844165802, 277.256774902, 163.818695068, 0.713846683502, -24.5941505432, 25.9144420624, 9.6652135849, -6.05412197113], [113.95500946, 163.992462158, 75.7730789185, 34.3403434753, -89.3319625854, 2.70733714104, 163.818695068, 185.060623169, 20.0894775391, -20.7291049957, 22.7533340454, 5.09911632538, -10.0746669769], [-10.9769668579, -5.08013725281, 27.2208003998, 13.0972652435, 20.3519115448, 8.17006587982, 0.713846683502, 20.0894775391, 61.3304519653, 16.3945407867, 7.92992115021, 3.5115711689, 1.90275275707], [-44.7229995728, 23.5971736908, 31.4889411926, 43.5735168457, 62.2175712585, -1.38275611401, -24.5941505432, -20.7291049957, 16.3945407867, 81.9659042358, 17.9478778839, -6.52057933807, 18.2715167999], [14.723651886, 44.9268684387, 57.4926376343, 27.6221122742, 2.79637527466, 8.00765705109, 25.9144420624, 22.7533340454, 7.92992115021, 17.9478778839, 56.3434371948, 15.7129745483, 2.04248571396], [-15.5320644379, 1.84893703461, -9.80459308624, -21.6887168884, -13.2565946579, 3.96333646774, 9.6652135849, 5.09911632538, 3.5115711689, -6.52057933807, 15.7129745483, 49.0274848938, 8.16600990295], [-26.6181621552, -6.20332813263, -0.0599699579179, 12.2481222153, 18.4207019806, -0.161554589868, -6.05412197113, -10.0746669769, 1.90275275707, 18.2715167999, 2.04248571396, 8.16600990295, 44.8727111816]],
        "icov": [[0.000213997234823, 0.000119705757243, 3.91897956433e-05, -5.13605045853e-05, 8.634988626e-05, 8.94425465958e-06, -0.000151498039486, -6.14656091784e-05, 4.52875938208e-05, -2.35580409935e-05, -0.000113603920909, 0.000124300378957, 7.81289927545e-05], [0.000119705757243, 0.00130976131186, 7.13459521648e-05, -0.000848075258546, -4.48788014182e-05, 0.000871428637765, -0.000506836047862, -0.000735970505048, 0.000560480286367, -0.000388063112041, -0.00018783993437, -0.00039091668441, 0.00048553221859], [3.91897956433e-05, 7.13459521648e-05, 0.00244611944072, -0.00229805172421, -0.000323401502101, 0.000597495702095, -0.000545754970517, -8.05152922112e-06, -0.000555606849957, 0.000658017059322, -0.00138411519583, -6.63575337967e-05, 0.000553811143618], [-5.13605045853e-05, -0.000848075258546, -0.00229805172421, 0.00752682890743, -0.00242161541246, -0.00086209125584, -0.00181971187703, 0.000520054192748, 0.000273230718449, -0.000946197076701, -0.000245758274104, 0.00278268894181, -0.0014645223273], [8.634988626e-05, -4.48788014182e-05, -0.000323401502101, -0.00242161541246, 0.0096972445026, -0.00258085341193, 0.00357789266855, 0.00176199304406, -0.0018296103226, -0.00393489655107, 0.000480733229779, 0.000426384183811, -0.000825880619232], [8.94425465958e-06, 0.000871428637765, 0.000597495702095, -0.00086209125584, -0.00258085341193, 0.012801094912, -0.00375535851344, 0.00170655245893, -0.00165045168251, 0.00194569153246, -0.00177242804784, -0.000653494440485, 0.000821249559522], [-0.000151498039486, -0.000506836047862, -0.000545754970517, -0.00181971187703, 0.00357789266855, -0.00375535851344, 0.0108329551294, -0.00706154759973, 0.00224849605002, -0.000484187534312, 0.000338501587976, -0.00124776118901, -0.000956654723268], [-6.14656091784e-05, -0.000735970505048, -8.05152922112e-06, 0.000520054192748, 0.00176199304406, 0.00170655245893, -0.00706154759973, 0.0142488172278, -0.00585275143385, 0.0019254500512, -0.002842545975, 0.00199168571271, 0.000480127288029], [4.52875938208e-05, 0.000560480286367, -0.000555606849957, 0.000273230718449, -0.0018296103226, -0.00165045168251, 0.00224849605002, -0.00585275143385, 0.0204085223377, -0.0042174924165, 0.000800306617748, -0.00264874892309, 0.00106098689139], [-2.35580409935e-05, -0.000388063112041, 0.000658017059322, -0.000946197076701, -0.00393489655107, 0.00194569153246, -0.000484187534312, 0.0019254500512, -0.0042174924165, 0.0202105026692, -0.00749362166971, 0.00485380692407, -0.00641198689118], [-0.000113603920909, -0.00018783993437, -0.00138411519583, -0.000245758274104, 0.000480733229779, -0.00177242804784, 0.000338501587976, -0.002842545975, 0.000800306617748, -0.00749362166971, 0.0255353990942, -0.00961318146437, 0.00278009613976], [0.000124300378957, -0.00039091668441, -6.63575337967e-05, 0.00278268894181, 0.000426384183811, -0.000653494440485, -0.00124776118901, 0.00199168571271, -0.00264874892309, 0.00485380692407, -0.00961318146437, 0.0269526615739, -0.00696991197765], [7.81289927545e-05, 0.00048553221859, 0.000553811143618, -0.0014645223273, -0.000825880619232, 0.000821249559522, -0.000956654723268, 0.000480127288029, 0.00106098689139, -0.00641198689118, 0.00278009613976, -0.00696991197765, 0.0268276594579]]
    },
    "spectral_contrast_coeffs": {
        "max": [-0.463695853949, -0.417643278837, -0.406070351601, -0.531301736832, -0.488735228777, -0.507947027683],
        "mean": [-0.737849473953, -0.764183461666, -0.707855701447, -0.77149862051, -0.759241580963, -0.732646584511],
        "min": [-0.976796209812, -0.979738235474, -0.96592861414, -0.970296442509, -0.963667690754, -0.963507413864],
        "stdev": [0.0632408186793, 0.0847437381744, 0.109973825514, 0.0663267299533, 0.0605630762875, 0.0590257011354]
    },
    "spectral_contrast_valleys": {
        "max": [-5.24726963043, -5.0578455925, -5.35629081726, -5.50255489349, -6.02152681351, -7.12899541855],
        "mean": [-7.38071250916, -6.79748678207, -6.97593736649, -7.37531232834, -7.61498975754, -10.5018091202],
        "min": [-27.6691932678, -27.2371959686, -27.2833347321, -27.483877182, -27.4094181061, -27.3366394043],
        "stdev": [1.59229373932, 1.41685521603, 1.45495009422, 1.49696302414, 1.44740092754, 1.46803367138]
    }
},
"rhythm": {
    "beats_count": 86,
    "beats_loudness": {
        "max": 0.0587313100696,
        "mean": 0.0275851991028,
        "min": 5.03423652845e-05,
        "stdev": 0.0146663468331
    },
    "bpm": 98.3980941772,
    "bpm_histogram_first_peak_bpm": 99,
    "bpm_histogram_first_peak_weight": 0.296296298504,
    "bpm_histogram_second_peak_bpm": 123,
    "bpm_histogram_second_peak_spread": 0.352941155434,
    "bpm_histogram_second_peak_weight": 0.129411771894,
    "danceability": 1.00839149952,
    "onset_rate": 3.89723420143,
    "beats_loudness_band_ratio": {
        "max": [0.680415511131, 0.344098985195, 0.690709590912, 0.873819887638, 0.62628954649, 0.949522078037],
        "mean": [0.140957668424, 0.076253823936, 0.196132212877, 0.408781439066, 0.152402728796, 0.0718010887504],
        "min": [0.00226999865845, 0.00361826410517, 0.00776466773823, 0.00897214002907, 0.00437723379582, 0.00385963148437],
        "stdev": [0.151300594211, 0.0752567276359, 0.161664932966, 0.219075202942, 0.1654548347, 0.10364472121]
    },
