{
"metadata": {
    "version": {
        "essentia": "2.1-beta5",
        "essentia_git_sha": "Undefined",
        "extractor": "music 2.0"
    },
    "audio_properties": {
        "analysis": {
            "equal_loudness": 0,
            "length": 32.4963264465,
            "sample_rate": 44100,
            "start_time": 93.9943771362,
            "downmix": "mix"
        },
        "bit_rate": 192000,
        "length": 215.945571899,
        "lossless": 0,
        "number_channels": 2,
        "replay_gain": -12.6388664246,
        "sample_rate": 44100,
        "codec": "mp3",
        "md5_encoded": "c9680bf91fbce4dc3aca7c6944b826da"
    },
    "tags": {
        "file_name": "Germany_Junger Tag_Gitte.mp3",
        "encoding": ["Lavf58.29.100"]
    }
},
"lowlevel": {
    "average_loudness": 0.790967822075,
    "barkbands_crest": {
        "max": 24.8179035187,
        "mean": 11.0328407288,
        "min": 2.23627305031,
        "stdev": 5.31665992737
    },
    "barkbands_flatness_db": {
        "max": 0.446900069714,
        "mean": 0.183158516884,
        "min": 0.0324927829206,
        "stdev": 0.0814199000597
    },
    "barkbands_kurtosis": {
        "max": 253.459625244,
        "mean": 12.5059833527,
        "min": -1.79341709614,
        "stdev": 26.0508232117
    },
    "barkbands_skewness": {
        "max": 11.6210794449,
        "mean": 1.85285425186,
        "min": -3.22396087646,
        "stdev": 2.14920663834
    },
    "barkbands_spread": {
        "max": 87.1357192993,
        "mean": 18.408531189,
        "min": 0.466071069241,
        "stdev": 16.64985466
    },
    "dissonance": {
        "max": 0.49914214015,
        "mean": 0.444083511829,
        "min": 0.20612514019,
        "stdev": 0.0428551957011
    },
    "dynamic_complexity": 5.70237493515,
    "erbbands_crest": {
        "max": 30.220369339,
        "mean": 10.8302736282,
        "min": 3.121134758,
        "stdev": 5.78268814087
    },
    "erbbands_flatness_db": {
        "max": 0.377288073301,
        "mean": 0.183220788836,
        "min": 0.0661741569638,
        "stdev": 0.0555018000305
    },
    "erbbands_kurtosis": {
        "max": 49.685382843,
        "mean": 2.84421277046,
        "min": -1.817532897,
        "stdev": 6.39799308777
    },
    "erbbands_skewness": {
        "max": 6.00284957886,
        "mean": 0.760832548141,
        "min": -4.57374620438,
        "stdev": 1.27340984344
    },
    "erbbands_spread": {
        "max": 136.695556641,
        "mean": 30.8205223083,
        "min": 2.03071689606,
        "stdev": 17.4089317322
    },
    "hfc": {
        "max": 229.692306519,
        "mean": 18.9175834656,
        "min": 0.0384813584387,
        "stdev": 27.1802177429
    },
    "loudness_ebu128": {
        "integrated": -13.0724315643,
        "loudness_range": 9.52471542358,
        "momentary": {
            "max": -7.71110677719,
            "mean": -15.7872610092,
            "min": -29.3488330841,
            "stdev": 5.05546188354
        },
        "short_term": {
            "max": -9.67020225525,
            "mean": -14.6003580093,
            "min": -20.9359531403,
            "stdev": 2.9754486084
        }
    },
    "melbands_crest": {
        "max": 30.9143562317,
        "mean": 13.9243888855,
        "min": 2.88100242615,
        "stdev": 5.5297703743
    },
    "melbands_flatness_db": {
        "max": 0.577852189541,
        "mean": 0.233005896211,
        "min": 0.0299996975809,
        "stdev": 0.114340312779
    },
    "melbands_kurtosis": {
        "max": 581.452392578,
        "mean": 22.5458889008,
        "min": -1.85722517967,
        "stdev": 46.6803894043
    },
    "melbands_skewness": {
        "max": 16.9747314453,
        "mean": 2.59909486771,
        "min": -2.18136501312,
        "stdev": 2.30524587631
    },
    "melbands_spread": {
        "max": 279.209991455,
        "mean": 25.0700702667,
        "min": 0.43223285675,
        "stdev": 29.3566741943
    },
    "pitch_salience": {
        "max": 0.835217297077,
        "mean": 0.542517840862,
        "min": 0.0956944897771,
        "stdev": 0.134950935841
    },
    "silence_rate_20dB": {
        "max": 1,
        "mean": 1,
        "min": 1,
        "stdev": 0
    },
    "silence_rate_30dB": {
        "max": 1,
        "mean": 1,
        "min": 1,
        "stdev": 0
    },
    "silence_rate_60dB": {
        "max": 1,
        "mean": 0.272662371397,
        "min": 0,
        "stdev": 0.445327937603
    },
    "spectral_centroid": {
        "max": 6362.37890625,
        "mean": 1239.49560547,
        "min": 144.26776123,
        "stdev": 950.479370117
    },
    "spectral_complexity": {
        "max": 56,
        "mean": 12.9821557999,
        "min": 0,
        "stdev": 11.4836626053
    },
    "spectral_decrease": {
        "max": -2.16293545574e-11,
        "mean": -3.26389248961e-09,
        "min": -1.81744432837e-08,
        "stdev": 3.36357741659e-09
    },
    "spectral_energy": {
        "max": 0.0746895223856,
        "mean": 0.0140345599502,
        "min": 8.51244622027e-05,
        "stdev": 0.014549549669
    },
    "spectral_energyband_high": {
        "max": 0.0233510937542,
        "mean": 0.00101444392931,
        "min": 2.86757995127e-07,
        "stdev": 0.00235554506071
    },
    "spectral_energyband_low": {
        "max": 0.0617855675519,
        "mean": 0.00235143862665,
        "min": 4.2668025344e-06,
        "stdev": 0.00376953347586
    },
    "spectral_energyband_middle_high": {
        "max": 0.0586287304759,
        "mean": 0.00525081902742,
        "min": 1.07248285985e-06,
        "stdev": 0.0088607231155
    },
    "spectral_energyband_middle_low": {
        "max": 0.0606649443507,
        "mean": 0.0059752385132,
        "min": 2.7093812605e-05,
        "stdev": 0.00755938980728
    },
    "spectral_entropy": {
        "max": 8.90506649017,
        "mean": 7.09577131271,
        "min": 5.00232553482,
        "stdev": 0.742526352406
    },
    "spectral_flux": {
        "max": 0.229319423437,
        "mean": 0.0556624382734,
        "min": 0.00210556504317,
        "stdev": 0.041604064405
    },
    "spectral_kurtosis": {
        "max": 35.3283462524,
        "mean": 7.03814649582,
        "min": -0.818231344223,
        "stdev": 5.14855766296
    },
    "spectral_rms": {
        "max": 0.00853626523167,
        "mean": 0.00319980084896,
        "min": 0.000288180948701,
        "stdev": 0.00185836595483
    },
    "spectral_rolloff": {
        "max": 11843.2617188,
        "mean": 1640.06176758,
        "min": 107.666015625,
        "stdev": 1815.58837891
    },
    "spectral_skewness": {
        "max": 5.02206039429,
        "mean": 1.95543205738,
        "min": -0.115858845413,
        "stdev": 0.777276337147
    },
    "spectral_spread": {
        "max": 11556939,
        "mean": 4220165.5,
        "min": 1651429.75,
        "stdev": 1610336.75
    },
    "spectral_strongpeak": {
        "max": 10.2859601974,
        "mean": 1.13832366467,
        "min": 0.0225998479873,
        "stdev": 1.82513356209
    },
    "zerocrossingrate": {
        "max": 0.39501953125,
        "mean": 0.0589739903808,
        "min": 0.0029296875,
        "stdev": 0.0502655617893
    },
    "barkbands": {
        "max": [0.00197514123283, 0.0528521984816, 0.0205240398645, 0.015954894945, 0.0187337379903, 0.056999374181, 0.0210207216442, 0.0328462682664, 0.0433074384928, 0.0170178916305, 0.0151839777827, 0.0393880754709, 0.0455118343234, 0.0184332486242, 0.0146178342402, 0.0153176700696, 0.00821598712355, 0.0149093810469, 0.00594951258972, 0.00650563370436, 0.00711841508746, 0.00650160573423, 0.00663046492264, 0.00788747891784, 0.0103121837601, 0.0024780316744, 3.38805034517e-06],
        "mean": [2.58501750068e-05, 0.00110813835636, 0.000851895601954, 0.000706468359567, 0.00100465049036, 0.0016686731251, 0.000351365160896, 0.000387285457691, 0.00151571864262, 0.000597972713877, 0.000352701958036, 0.00136102852412, 0.000392000511056, 0.000608853646554, 0.000482416420709, 0.000299302395433, 0.000318341393722, 0.000445238314569, 0.000377633958124, 0.000344911037246, 0.000236097970628, 0.000151359825395, 0.000124206213513, 0.000119111035019, 0.00014634586114, 5.70016090933e-05, 8.91735840725e-09],
        "min": [1.38452191933e-08, 1.90093558672e-07, 5.0922886885e-07, 1.06036814884e-07, 8.68178858582e-07, 5.82930340443e-07, 9.08488786422e-08, 2.36135107912e-07, 3.12787051371e-07, 1.40634938361e-07, 3.12306163153e-08, 4.69895233834e-08, 3.57607810031e-08, 3.43124675339e-08, 6.72649989042e-08, 3.35193028889e-08, 2.77133782589e-08, 2.22192433341e-08, 2.37383996904e-08, 2.96178335191e-08, 1.96329512647e-08, 1.92555944523e-08, 1.7516832429e-08, 6.04560668194e-08, 2.79705272277e-08, 4.98382535241e-09, 1.09308300258e-11],
        "stdev": [8.44936803333e-05, 0.00231109140441, 0.00171816162765, 0.00134241185151, 0.00168917037081, 0.00432935729623, 0.00122106110211, 0.00159227440599, 0.00446160137653, 0.00137734180316, 0.00107580423355, 0.00504806218669, 0.001846635947, 0.00196213996969, 0.00128235470038, 0.00123355560936, 0.000709014304448, 0.00127044157125, 0.000750797451474, 0.000694790913258, 0.000619261467364, 0.000461308110971, 0.000403846235713, 0.000351037015207, 0.000477268331451, 0.000170097147929, 1.27202469002e-07]
    },
    "erbbands": {
        "max": [1.08753788471, 13.0275716782, 14.4894485474, 34.3004875183, 85.10572052, 59.1590194702, 116.053504944, 677.454345703, 526.644775391, 209.457107544, 919.285522461, 871.638427734, 933.682495117, 361.813018799, 888.227172852, 2002.62219238, 2317.203125, 973.124328613, 726.085632324, 523.562255859, 856.056152344, 516.620849609, 995.24041748, 376.072296143, 271.726715088, 313.92767334, 319.680480957, 283.370330811, 215.118530273, 264.156768799, 191.658630371, 180.993606567, 94.3067550659, 66.7569732666, 102.134620667, 23.7460155487, 2.5878932476, 0.369861334562, 0.00642159208655, 0.000466757628601],
        "mean": [0.0216987840831, 0.285889953375, 0.864201188087, 1.93889737129, 2.98403763771, 2.89735102654, 8.3407459259, 14.1850280762, 7.73301029205, 5.28500270844, 9.87562084198, 28.4929847717, 36.6650314331, 13.2809810638, 25.1515045166, 56.5190505981, 19.873670578, 34.4912338257, 25.4473571777, 18.1646022797, 17.6851921082, 18.1697158813, 27.1381072998, 22.1081809998, 15.0555438995, 16.884929657, 12.4124202728, 7.02398872375, 5.07462739944, 5.37234544754, 3.47491526604, 2.54776859283, 2.03041362762, 1.48496592045, 1.00297236443, 0.407589286566, 0.0823795348406, 0.00490015791729, 0.000121179196867, 2.62525354628e-05],
        "min": [1.51943759192e-05, 0.000126136394101, 0.00117470975965, 0.00209962250665, 0.00370555836707, 0.00264512910508, 0.0107756908983, 0.00788477901369, 0.00339448964223, 0.00329103437252, 0.00867198221385, 0.00750370742753, 0.00647912686691, 0.00475219916552, 0.00483395392075, 0.00222585978918, 0.00225972384214, 0.00295808562078, 0.00225945841521, 0.00306429760531, 0.00194587244187, 0.00188144913409, 0.00117852748372, 0.00105688383337, 0.00114522012882, 0.00150018709246, 0.00101502577309, 0.000888230162673, 0.000846181239467, 0.000429217907367, 0.000779686553869, 0.00163652480114, 0.000494394567795, 0.000272250530543, 0.000173993161297, 5.4006533901e-05, 5.23875496583e-06, 2.7763246635e-07, 1.45436430898e-07, 1.11015964421e-07],
        "stdev": [0.055392563343, 0.569641947746, 1.53233468533, 3.57249450684, 6.18818759918, 5.07039070129, 14.6551580429, 47.1116218567, 31.6452293396, 13.0791225433, 40.9890441895, 79.1059875488, 91.9721221924, 26.9369602203, 68.5727920532, 235.823028564, 84.592956543, 101.937728882, 59.9906425476, 44.369808197, 60.7543449402, 41.394859314, 80.5231628418, 43.6159362793, 30.9650917053, 35.3554916382, 27.9201946259, 19.8355503082, 15.3438901901, 17.5055866241, 10.9091081619, 7.71496105194, 5.7166390419, 4.28918552399, 3.86856460571, 1.26796638966, 0.244905889034, 0.0205448847264, 0.000410199951148, 3.7059198803e-05]
    },
    "gfcc": {
        "mean": [-78.7239837646, 98.3532104492, -113.418930054, 27.2982711792, -63.1884307861, 14.5824575424, -43.6743850708, 9.38510417938, -34.3991012573, 0.0417510084808, -14.3968553543, -5.08512639999, -7.67525625229],
        "cov": [[11936.4433594, -3422.37524414, -2908.74243164, 306.457977295, -410.064910889, 75.3465423584, 287.227050781, 504.036743164, -144.183609009, 299.549865723, -48.1647491455, 254.271652222, -149.441955566], [-3422.37524414, 2126.16259766, 556.362304688, -241.676269531, 412.707763672, -12.4908828735, 129.109680176, -172.671401978, 124.494796753, -191.276992798, 233.006088257, -204.264480591, 169.119140625], [-2908.74243164, 556.362304688, 1912.28894043, 256.43081665, 110.673423767, 165.026901245, -67.8873519897, -71.1197357178, 11.1155700684, 21.9405288696, -177.10319519, 36.0349617004, -85.5446014404], [306.457977295, -241.676269531, 256.43081665, 453.146789551, 102.976570129, 33.1460151672, 35.3530731201, 66.9383850098, 57.5966453552, 12.0945634842, -41.3616027832, 19.6499824524, -20.6290283203], [-410.064910889, 412.707763672, 110.673423767, 102.976570129, 379.662902832, 108.843612671, 122.887588501, 37.9449653625, 74.6884994507, -13.6959276199, 52.607624054, -45.6388549805, 49.816783905], [75.3465423584, -12.4908828735, 165.026901245, 33.1460151672, 108.843612671, 399.16394043, 150.978469849, 0.0267143901438, 31.5528964996, 44.5011863708, -69.8717575073, -49.1464729309, -23.3043823242], [287.227050781, 129.109680176, -67.8873519897, 35.3530731201, 122.887588501, 150.978469849, 250.46333313, 16.9265594482, 12.7414245605, 13.6443052292, 43.5708618164, -46.4388542175, 9.31456851959], [504.036743164, -172.671401978, -71.1197357178, 66.9383850098, 37.9449653625, 0.0267143901438, 16.9265594482, 159.263549805, 61.8461647034, 8.66944503784, 2.19295096397, 38.3426742554, 23.218372345], [-144.183609009, 124.494796753, 11.1155700684, 57.5966453552, 74.6884994507, 31.5528964996, 12.7414245605, 61.8461647034, 139.150665283, -10.2416114807, 17.371339798, -8.90665626526, 40.0437850952], [299.549865723, -191.276992798, 21.9405288696, 12.0945634842, -13.6959276199, 44.5011863708, 13.6443052292, 8.66944503784, -10.2416114807, 106.463562012, -8.26969623566, 32.0281257629, -26.0052318573], [-48.1647491455, 233.006088257, -177.10319519, -41.3616027832, 52.607624054, -69.8717575073, 43.5708618164, 2.19295096397, 17.371339798, -8.26969623566, 184.952056885, 3.59467077255, 52.4420700073], [254.271652222, -204.264480591, 36.0349617004, 19.6499824524, -45.6388549805, -49.1464729309, -46.4388542175, 38.3426742554, -8.90665626526, 32.0281257629, 3.59467077255, 136.134979248, -7.18234872818], [-149.441955566, 169.119140625, -85.5446014404, -20.6290283203, 49.816783905, -23.3043823242, 9.31456851959, 23.218372345, 40.0437850952, -26.0052318573, 52.4420700073, -7.18234872818, 94.3410186768]],
        "icov": [[0.0003197597689, 0.000258021813352, 0.000438079849118, -0.000239064975176, 6.04859378655e-05, -0.000104817634565, -0.000337675854098, -0.000513444712851, 0.000305264431518, -0.000205276024644, 4.39045506937e-05, -0.000198590743821, 0.000265128852334], [0.000258021813352, 0.00276559521444, -0.000894073862582, 0.00182932277676, -0.00187523150817, 0.000904651358724, -0.00131934438832, 0.00207552849315, -0.00196507270448, 0.0024439052213, -0.00205510039814, 0.00158281694166, -0.00135590485297], [0.000438079849118, -0.000894073862582, 0.0019161371747, -0.00164624792524, 0.000683481513988, -0.000887761882041, 0.000405391183449, -0.00131931866053, 0.00135652476456, -0.00147001410369, 0.00152864959091, -0.00154111057054, 0.00143058900721], [-0.000239064975176, 0.00182932277676, -0.00164624792524, 0.00470194220543, -0.0022226604633, 0.00138051074464, -0.00117064057849, 0.00146942865103, -0.00289471866563, 0.00211775838397, -0.00102958944626, 0.00120811420493, -0.000377224525437], [6.04859378655e-05, -0.00187523150817, 0.000683481513988, -0.0022226604633, 0.00560507504269, -0.00138993479777, -0.000470999861136, -0.00237572100013, 0.000857439415995, -0.00165753194597, 0.000465813180199, -0.000477639987366, -0.000196899927687], [-0.000104817634565, 0.000904651358724, -0.000887761882041, 0.00138051074464, -0.00138993479777, 0.0050328806974, -0.00309294462204, 0.00162960740272, -0.00230130995624, -0.000679623743054, 0.00156613928266, 0.00137341115624, -0.000385915540392], [-0.000337675854098, -0.00131934438832, 0.000405391183449, -0.00117064057849, -0.000470999861136, -0.00309294462204, 0.00794675666839, -0.00155827042181, 0.00216238177381, -0.00107158778701, -0.00169659755193, 0.00107050815132, 0.00083678070223], [-0.000513444712851, 0.00207552849315, -0.00131931866053, 0.00146942865103, -0.00237572100013, 0.00162960740272, -0.00155827042181, 0.012841177173, -0.00648505380377, 0.00239979894832, -0.000545559101738, -0.00128616287839, -0.00313895591535], [0.000305264431518, -0.00196507270448, 0.00135652476456, -0.00289471866563, 0.000857439415995, -0.00230130995624, 0.00216238177381, -0.00648505380377, 0.0133273992687, -0.00203094049357, 0.000809207675047, -0.000201307717361, -0.00171731121372], [-0.000205276024644, 0.0024439052213, -0.00147001410369, 0.00211775838397, -0.00165753194597, -0.000679623743054, -0.00107158778701, 0.00239979894832, -0.00203094049357, 0.0146305337548, -0.00309354439378, -0.00113999366295, 0.00117430544924], [4.39045506937e-05, -0.00205510039814, 0.00152864959091, -0.00102958944626, 0.000465813180199, 0.00156613928266, -0.00169659755193, -0.000545559101738, 0.000809207675047, -0.00309354439378, 0.0104744825512, -0.00271955528297, -0.00186853448395], [-0.000198590743821, 0.00158281694166, -0.00154111057054, 0.00120811420493, -0.000477639987366, 0.00137341115624, 0.00107050815132, -0.00128616287839, -0.000201307717361, -0.00113999366295, -0.00271955528297, 0.0116457426921, -0.00131335668266], [0.000265128852334, -0.00135590485297, 0.00143058900721, -0.000377224525437, -0.000196899927687, -0.000385915540392, 0.00083678070223, -0.00313895591535, -0.00171731121372, 0.00117430544924, -0.00186853448395, -0.00131335668266, 0.0173550527543]]
    },
    "melbands": {
        "max": [0.0128901265562, 0.0108791533858, 0.00534027907997, 0.0046441485174, 0.00337498169392, 0.0134955262765, 0.00723820365965, 0.00259379809722, 0.00722305243835, 0.00612283637747, 0.00451621599495, 0.00134088878985, 0.00227033882402, 0.00531593337655, 0.00440402934328, 0.00568768102676, 0.00220387452282, 0.00168337626383, 0.00145884300582, 0.00136197241955, 0.000824638060294, 0.000713773886673, 0.000892289273906, 0.000517420237884, 0.000358774705091, 0.000287393690087, 0.000231156183872, 0.000204276846489, 0.000188830876141, 0.000176329500391, 0.000154867753736, 0.000119400843687, 0.000141709038871, 0.000144630772411, 0.000133963389089, 6.46200205665e-05, 0.000143128665513, 8.70011353982e-05, 3.01071213471e-05, 6.75842893543e-05],
        "mean": [0.00025965977693, 0.000444958976004, 0.000366377877071, 0.000203558098292, 0.000254267331911, 0.000316054094583, 0.000108184300188, 6.11873620073e-05, 8.00412453827e-05, 0.000214775995119, 0.000183747222763, 4.89337871841e-05, 6.05935674685e-05, 0.000158040624228, 7.61068586144e-05, 4.47222228104e-05, 6.71192756272e-05, 3.80056771974e-05, 3.69944755221e-05, 2.17179458559e-05, 1.92835032067e-05, 1.89511465578e-05, 2.14732717723e-05, 2.2055592126e-05, 1.80955285032e-05, 1.11068920887e-05, 1.02567682916e-05, 1.11323852252e-05, 8.11132395029e-06, 6.53290862829e-06, 3.17084004564e-06, 3.00429428535e-06, 2.68602047981e-06, 2.90086040877e-06, 2.07267908081e-06, 1.56234546012e-06, 1.49870425048e-06, 1.50484140704e-06, 1.29333022869e-06, 1.26496388475e-06],
        "min": [1.1529276378e-07, 5.15574868132e-07, 8.56894359913e-07, 1.86263520163e-07, 2.2063974825e-07, 1.12903158822e-07, 2.80626561988e-08, 1.61374327234e-08, 6.214299475e-08, 4.88522609032e-08, 2.66869424337e-08, 1.64683253701e-08, 6.05791372621e-09, 4.98730212684e-09, 8.13432166069e-09, 3.36433170212e-09, 3.74412501003e-09, 2.94000579437e-09, 5.52168177848e-09, 3.53498719186e-09, 1.64108859835e-09, 1.60190605225e-09, 1.2214494971e-09, 5.5813131894e-10, 5.63568747225e-10, 7.47855943839e-10, 7.32865546027e-10, 6.93616386549e-10, 4.49141446257e-10, 2.26706889372e-10, 3.57019441788e-10, 6.15588621744e-11, 3.49058629223e-11, 1.25617169444e-10, 2.62550176044e-10, 6.99863167419e-10, 8.66694049861e-10, 2.6693280919e-10, 1.8081895356e-11, 5.0397814394e-11],
        "stdev": [0.000578849110752, 0.000732366286684, 0.000620047154371, 0.000386681669625, 0.000416132505052, 0.000978371594101, 0.000430704792961, 0.000170694387634, 0.000321892584907, 0.000619636964984, 0.000466360710561, 0.000113187008537, 0.000170868384885, 0.000566270144191, 0.000339817255735, 0.000213810388232, 0.000216474960325, 9.85547885648e-05, 0.000107582178316, 9.01921885088e-05, 6.16150791757e-05, 4.64705517516e-05, 6.80055527482e-05, 5.89405863138e-05, 3.87060899811e-05, 2.40740519075e-05, 2.32822112594e-05, 2.38303582591e-05, 1.82531730388e-05, 1.85332537512e-05, 1.01011819424e-05, 9.07750563783e-06, 9.16540921025e-06, 9.75814964477e-06, 7.02282159182e-06, 4.42306009063e-06, 5.15926467415e-06, 4.53085203844e-06, 3.55564270649e-06, 3.91877074435e-06]
    },
    "melbands128": {
        "max": [0.000797863991465, 0.00547493062913, 0.0207025352865, 0.0225659962744, 0.0101859346032, 0.0125291198492, 0.0083761382848, 0.00745991664007, 0.0111283902079, 0.00532539468259, 0.00369603699073, 0.00300257233903, 0.00588985811919, 0.0112419622019, 0.0193960890174, 0.0251904465258, 0.0166547279805, 0.00188447046094, 0.00398848345503, 0.00280109769665, 0.00503569561988, 0.00914618186653, 0.0125564523041, 0.00772523973137, 0.0102732926607, 0.0135544715449, 0.0119288023561, 0.00567537778988, 0.00520899472758, 0.00220052991062, 0.00173844653182, 0.00414966978133, 0.00329068978317, 0.00667130714282, 0.0121945226565, 0.008689571172, 0.0125352554023, 0.00933649670333, 0.00420099683106, 0.0112293269485, 0.00578920450062, 0.00431971857324, 0.00318051478826, 0.00441675400361, 0.0045030019246, 0.00152592826635, 0.0030063088052, 0.00363787938841, 0.000659338023979, 0.00164166360628, 0.00287683191709, 0.00328756170347, 0.00165698560886, 0.000698199204635, 0.000906139903236, 0.00143748451956, 0.000933643896133, 0.000658773817122, 0.00202725641429, 0.00168864463922, 0.00103469204623, 0.000986122293398, 0.000662323902361, 0.000436630245531, 0.000264959147898, 0.000487245211843, 0.000381740595913, 0.00045216458966, 0.000298013503198, 0.000637862423901, 0.000453442364233, 0.000331741088303, 0.000257253763266, 0.000266758230282, 0.000268252566457, 0.000303775159409, 0.000211403414141, 0.000281729531707, 0.000119093027024, 0.000117641655379, 0.000162403390277, 0.000122438126709, 0.000137073962833, 0.000172587504494, 0.000241431262111, 0.00019611181051, 0.000190761944395, 0.000150666906848, 0.000171366802533, 0.000102799327578, 0.00011438060028, 5.91032803641e-05, 8.57664708747e-05, 0.000128682964714, 0.000203633215278, 0.000168158134329, 3.59520818165e-05, 4.50302213721e-05, 4.15206814068e-05, 2.75824077107e-05, 2.96412799798e-05, 7.21146934666e-05, 0.000132934263092, 0.000123195684864, 0.000180504081072, 8.19539636723e-05, 7.22451586626e-05, 5.60530970688e-05, 3.92839829146e-05, 1.88449357665e-05, 1.34006395456e-05, 1.15421580631e-05, 8.634765436e-06, 1.2365807379e-05, 5.6239400692e-06, 7.81080416346e-06, 5.06842127379e-07, 1.47989009935e-09, 1.44787881684e-09, 1.41575018375e-09, 1.38527478377e-09, 1.35814237634e-09, 1.33459365781e-09, 1.3139014321e-09, 1.29770416635e-09, 1.28274413314e-09, 1.27026722474e-09, 1.26532540001e-09],
        "mean": [1.67897578649e-05, 0.000116963114124, 0.00037633231841, 0.000505641975906, 0.000421678647399, 0.000446551188361, 0.000401311990572, 0.000340874976246, 0.000326742650941, 0.000181104929652, 0.000133728346555, 0.00017509207828, 0.000300815445371, 0.000334448064677, 0.000345605862094, 0.000317967671435, 0.000172344458406, 5.51092052774e-05, 4.55556328234e-05, 5.50889126316e-05, 6.80142547935e-05, 8.04133233032e-05, 8.46269686008e-05, 7.1937633038e-05, 0.000112160792924, 0.00033395292121, 0.000335781805916, 0.000159296629135, 6.03507251071e-05, 5.33010861545e-05, 4.47208512924e-05, 3.94034286728e-05, 4.26397564297e-05, 8.44098249217e-05, 0.000131680470076, 0.000192841995158, 0.000202332623303, 4.58864087705e-05, 2.21404861804e-05, 3.5109827877e-05, 4.99217458128e-05, 6.10587449046e-05, 6.4179963374e-05, 9.18256264413e-05, 2.11304213735e-05, 2.62868870777e-05, 5.14833700436e-05, 5.76287457079e-05, 1.66635181813e-05, 1.51379445015e-05, 2.08503788599e-05, 3.34219694196e-05, 1.79237431439e-05, 1.03488955574e-05, 2.74701760645e-05, 1.72116397152e-05, 1.69393424585e-05, 1.33703742904e-05, 2.65351500275e-05, 3.24875873048e-05, 2.26431475312e-05, 1.1036723663e-05, 2.3090351533e-05, 1.98446941795e-05, 1.01682762761e-05, 1.15502334666e-05, 1.08123795144e-05, 1.02592357507e-05, 7.40585119274e-06, 1.45626718222e-05, 1.25710530483e-05, 8.38559481053e-06, 1.00632823887e-05, 7.97930988483e-06, 5.28947566636e-06, 9.75978036877e-06, 4.58520662505e-06, 3.62548416888e-06, 3.0994451663e-06, 2.49915524364e-06, 4.05326136388e-06, 2.46550871452e-06, 2.28307021644e-06, 2.39622045228e-06, 3.14604017149e-06, 4.1717626118e-06, 2.18392847273e-06, 1.92599554794e-06, 2.29959391618e-06, 2.02646788239e-06, 1.45092792536e-06, 1.2738331634e-06, 2.03331910598e-06, 1.26485178953e-06, 1.32153763843e-06, 2.00346084966e-06, 1.41165662626e-06, 9.79076503427e-07, 1.65304038546e-06, 1.20167794648e-06, 7.30254839709e-07, 1.84703537798e-06, 1.1996989997e-06, 9.51883862399e-07, 1.68019653302e-06, 5.72931071474e-07, 1.27329315092e-06, 6.82061397583e-07, 7.295064961e-07, 6.2368530962e-07, 3.85154947935e-07, 3.42370469752e-07, 2.12946559941e-07, 1.58902608405e-07, 9.73078968514e-08, 2.52868321837e-08, 9.05757913117e-10, 5.44260339921e-12, 4.87065943133e-12, 4.76322800647e-12, 4.66043826794e-12, 4.57188020081e-12, 4.49657411999e-12, 4.42483376328e-12, 4.37287749414e-12, 4.32710854995e-12, 4.29021618578e-12, 4.27272323425e-12],
        "min": [3.41197825549e-09, 1.82307182683e-08, 2.45087292683e-08, 5.42766542821e-09, 1.80294762231e-07, 1.85703385114e-07, 1.81749243211e-07, 4.40117560174e-08, 2.42682773433e-07, 1.02219090081e-07, 8.74202825685e-08, 6.68123050218e-08, 1.58105109449e-07, 7.00631161976e-08, 7.33994411917e-08, 1.04575001103e-07, 4.09562126436e-08, 1.39307108071e-08, 4.01547017859e-09, 8.77589911852e-09, 1.02417150316e-08, 4.74099159931e-09, 1.74850569579e-08, 1.87688939945e-08, 9.21273368704e-09, 1.69953995321e-09, 6.03701577617e-09, 2.83380447996e-08, 1.26814434509e-08, 1.77565384618e-09, 6.76609168693e-09, 4.1050642885e-09, 1.45733181078e-09, 1.53572349282e-10, 3.71880970462e-10, 3.37925881722e-10, 3.66328434254e-09, 3.08585557107e-09, 3.08786174408e-09, 2.10524694899e-10, 8.60373328138e-10, 6.74993727579e-10, 1.27206911671e-09, 2.42210407286e-09, 5.82626724643e-11, 7.02838828803e-11, 4.85849138698e-10, 2.49345877279e-10, 2.40759345793e-09, 6.49960141264e-10, 1.74353281812e-10, 2.40331227142e-10, 2.10901990316e-10, 2.58714771828e-10, 1.52894863437e-10, 2.18923920658e-10, 8.21022590192e-12, 1.93507050661e-11, 5.29063237664e-10, 1.04323924499e-10, 9.78395628404e-11, 1.02396639778e-10, 1.75557658688e-11, 2.62126320649e-10, 1.0969074607e-11, 2.85996261395e-11, 3.46336681556e-10, 2.92832591509e-10, 3.96181663864e-11, 8.81670847441e-10, 1.39977307523e-10, 1.2169066102e-11, 4.86984281026e-12, 7.52194695419e-11, 8.5634728475e-12, 2.15308552237e-11, 2.32987084486e-11, 3.6381845453e-11, 7.55925270296e-12, 2.68126770786e-11, 4.77554280842e-12, 4.344984008e-12, 1.64950258313e-11, 1.73298823208e-11, 6.65463214047e-12, 1.71908754593e-11, 1.47976665643e-11, 4.04283767921e-12, 1.39020791406e-11, 3.7722058116e-11, 1.50201281534e-12, 1.32776190216e-12, 8.68346727856e-10, 4.07439859629e-10, 4.46852060562e-12, 3.7811559439e-11, 3.59218189049e-12, 5.86235140293e-12, 8.64387207644e-12, 2.38404001401e-12, 5.85162820976e-12, 2.41915732238e-12, 4.4337740944e-12, 3.84610285243e-13, 2.25859370269e-12, 9.69591486093e-13, 4.20248818384e-12, 2.69008530729e-11, 5.95405539108e-12, 3.90459236124e-12, 8.28765712741e-13, 9.21891889541e-14, 2.98715621737e-14, 2.40134806164e-14, 2.50383328844e-14, 3.54488607793e-14, 2.71734200354e-14, 2.74127373362e-14, 2.97526218072e-14, 2.612096974e-14, 2.06188571669e-14, 2.91052040325e-14, 3.04367194968e-14, 2.77570477589e-14, 3.09763201417e-14, 3.35804890568e-14, 3.62653497185e-14, 2.73065905553e-14],
        "stdev": [5.06207325088e-05, 0.000364087580238, 0.000925819273107, 0.00101603788789, 0.000802850176115, 0.000976803712547, 0.000827236974146, 0.000697970157489, 0.000752166844904, 0.000409620784922, 0.000296824873658, 0.000317954749335, 0.000621985469479, 0.000801550399046, 0.0013909364352, 0.00152370880824, 0.00099044747185, 0.000147312661284, 0.00016444431094, 0.000164489116287, 0.000245947972871, 0.000494231411722, 0.000460041075712, 0.000308200134896, 0.000522135524079, 0.00116670725401, 0.00128491409123, 0.000430368032539, 0.000222872025915, 0.000175034787389, 0.000118698793813, 0.00016204584972, 0.000179526323336, 0.000340054219123, 0.000618817808572, 0.000923629908357, 0.00112769019324, 0.000351425638655, 0.000129169013235, 0.000361381447874, 0.000262281188043, 0.000288028590148, 0.000273848883808, 0.000388201384339, 0.000149217579747, 9.95070731733e-05, 0.00019946883549, 0.00022046250524, 5.39127649972e-05, 7.65071745263e-05, 0.000125114980619, 0.00020368413243, 0.000100139252027, 3.3502918086e-05, 8.82070380612e-05, 6.62527309032e-05, 6.7521512392e-05, 4.5496304665e-05, 0.000135750262416, 0.000129541454953, 9.02422252693e-05, 4.31206281064e-05, 6.02294167038e-05, 5.09996389155e-05, 2.67064224317e-05, 3.32115487254e-05, 2.99035855278e-05, 3.61018392141e-05, 2.02444643946e-05, 3.95995448343e-05, 3.64714069292e-05, 2.39787332248e-05, 2.63641268248e-05, 2.23877832468e-05, 2.09766894841e-05, 3.09287643177e-05, 1.42537828651e-05, 1.51045242092e-05, 1.0684128938e-05, 8.84572546056e-06, 1.30283733597e-05, 8.13941005617e-06, 8.50797914609e-06, 9.61447676673e-06, 1.17130048238e-05, 1.37349034048e-05, 9.19237390917e-06, 8.11797053757e-06, 8.04283718026e-06, 6.71140969644e-06, 5.19282411915e-06, 3.73572493118e-06, 5.99633631282e-06, 4.69309861728e-06, 6.60802334096e-06, 7.30006695449e-06, 4.09020503866e-06, 3.31613273374e-06, 4.99237012264e-06, 3.42813632415e-06, 2.26035081141e-06, 6.0186034716e-06, 5.04649460709e-06, 4.57499299955e-06, 7.08962943463e-06, 2.87543980448e-06, 4.43705448561e-06, 2.48626020039e-06, 2.45014075517e-06, 1.85835631328e-06, 1.19699348033e-06, 1.06103675535e-06, 6.896715945e-07, 6.28903762845e-07, 4.39573256017e-07, 2.83426686565e-07, 1.49629801882e-08, 6.1490215697e-11, 5.94311475033e-11, 5.86522982959e-11, 5.77339634433e-11, 5.69120688076e-11, 5.6250112207e-11, 5.55405894886e-11, 5.50388519482e-11, 5.45292942744e-11, 5.40899616763e-11, 5.39659220089e-11]
    },
    "mfcc": {
        "mean": [-724.790222168, 129.475891113, 5.14499473572, 17.2678604126, 3.93572711945, -0.902108609676, 4.88002347946, -0.505842208862, -7.15968990326, 2.02516627312, -8.10135936737, -4.03807401657, -6.34255456924],
        "cov": [[14102.8896484, -3889.36889648, -2719.64282227, -245.510360718, -801.344848633, -338.727600098, 158.56854248, 119.663467407, -29.5980377197, 296.792877197, 86.7489471436, 109.866966248, 38.184009552], [-3889.36889648, 2165.21630859, 365.791625977, -38.5644454956, 258.145141602, 72.7965164185, 120.951599121, 5.28587913513, -54.3543357849, 10.152794838, -48.5142745972, 3.16942381859, -8.06958770752], [-2719.64282227, 365.791625977, 1411.41418457, 164.073883057, 198.3853302, 241.573013306, -54.5853691101, 14.449010849, 117.358322144, -115.173278809, 65.2330932617, -57.3105812073, 39.5264854431], [-245.510360718, -38.5644454956, 164.073883057, 433.754547119, 129.952590942, -32.717250824, 6.24582529068, 42.3539466858, 18.2759532928, -0.0191620849073, -4.30110025406, 48.6484832764, 15.0310659409], [-801.344848633, 258.145141602, 198.3853302, 129.952590942, 306.914367676, 39.4070243835, 3.60834956169, 62.9597053528, 94.5931015015, 15.4800071716, 4.414894104, 33.4707107544, 4.95241641998], [-338.727600098, 72.7965164185, 241.573013306, -32.717250824, 39.4070243835, 365.280212402, 114.148269653, 43.9980049133, 110.477592468, 31.015663147, 82.2715988159, -18.3637828827, 18.418970108], [158.56854248, 120.951599121, -54.5853691101, 6.24582529068, 3.60834956169, 114.148269653, 217.120330811, 40.9213409424, 16.8829669952, 64.9189987183, 24.348443985, 31.9293136597, 6.46718549728], [119.663467407, 5.28587913513, 14.449010849, 42.3539466858, 62.9597053528, 43.9980049133, 40.9213409424, 147.074157715, 59.8134727478, 46.1037940979, 11.0708875656, 20.2012233734, 24.5968856812], [-29.5980377197, -54.3543357849, 117.358322144, 18.2759532928, 94.5931015015, 110.477592468, 16.8829669952, 59.8134727478, 188.32359314, 27.6298236847, 39.5270957947, -10.8918905258, 2.04164075851], [296.792877197, 10.152794838, -115.173278809, -0.0191620849073, 15.4800071716, 31.015663147, 64.9189987183, 46.1037940979, 27.6298236847, 160.732421875, 0.737878084183, 24.013420105, -12.9916124344], [86.7489471436, -48.5142745972, 65.2330932617, -4.30110025406, 4.414894104, 82.2715988159, 24.348443985, 11.0708875656, 39.5270957947, 0.737878084183, 101.417144775, 5.38662719727, 10.8109092712], [109.866966248, 3.16942381859, -57.3105812073, 48.6484832764, 33.4707107544, -18.3637828827, 31.9293136597, 20.2012233734, -10.8918905258, 24.013420105, 5.38662719727, 98.8266296387, 10.0977964401], [38.184009552, -8.06958770752, 39.5264854431, 15.0310659409, 4.95241641998, 18.418970108, 6.46718549728, 24.5968856812, 2.04164075851, -12.9916124344, 10.8109092712, 10.0977964401, 88.7616729736]],
        "icov": [[0.00030052071088, 0.000455483561382, 0.000411881541368, 3.88754015148e-05, 0.000180462302524, 0.000135451482492, -0.00032435473986, -0.000211846534512, -7.13196786819e-05, -0.000152691529365, -0.000268710340606, 5.02881775901e-05, -0.00022740852728], [0.000455483561382, 0.00133382820059, 0.000446399237262, 0.000372001959477, -0.000515578954946, 0.000207163815503, -0.0010106273694, -0.000241155954427, 0.000523651018739, -0.000271566648735, -8.60413711052e-05, 0.000272790697636, -0.000282569060801], [0.000411881541368, 0.000446399237262, 0.00169015862048, -0.00041144748684, -8.69209688972e-05, -0.000645638152491, 0.000145724276081, -0.000191918588826, -0.000252860947512, 0.000469323073048, -0.000605430977885, 0.000559744017664, -0.000553609919734], [3.88754015148e-05, 0.000372001959477, -0.00041144748684, 0.00309388502501, -0.00127734290436, 0.00069529277971, -0.000604751578066, -0.000417102215579, 0.000408496474847, 1.79121052497e-05, 0.000129078835016, -0.000924900232349, -0.000154248104081], [0.000180462302524, -0.000515578954946, -8.69209688972e-05, -0.00127734290436, 0.00609907787293, 0.000196988286916, 0.000688120024279, -0.00116235099267, -0.00299564190209, -0.000105002742202, 0.000383195932955, -0.001970784273, 0.000252366735367], [0.000135451482492, 0.000207163815503, -0.000645638152491, 0.00069529277971, 0.000196988286916, 0.00547462049872, -0.00281374179758, -0.000108417334559, -0.00192079099361, -0.000510210811626, -0.00257493462414, 0.00112453731708, -0.00062645424623], [-0.00032435473986, -0.0010106273694, 0.000145724276081, -0.000604751578066, 0.000688120024279, -0.00281374179758, 0.00772841554135, -0.000682905549183, 0.000549771473743, -0.00146525970194, 1.96319269889e-05, -0.00194790330715, 0.000248905882472], [-0.000211846534512, -0.000241155954427, -0.000191918588826, -0.000417102215579, -0.00116235099267, -0.000108417334559, -0.000682905549183, 0.00979359168559, -0.00220134202391, -0.00187023729086, 0.000584347231779, -0.000627465255093, -0.0025743979495], [-7.13196786819e-05, 0.000523651018739, -0.000252860947512, 0.000408496474847, -0.00299564190209, -0.00192079099361, 0.000549771473743, -0.00220134202391, 0.0093979947269, -0.000830097589642, -0.00156366464216, 0.00187584746163, 0.000896782323252], [-0.000152691529365, -0.000271566648735, 0.000469323073048, 1.79121052497e-05, -0.000105002742202, -0.000510210811626, -0.00146525970194, -0.00187023729086, -0.000830097589642, 0.0085586393252, 0.000797588843852, -0.00116772064939, 0.00187320413534], [-0.000268710340606, -8.60413711052e-05, -0.000605430977885, 0.000129078835016, 0.000383195932955, -0.00257493462414, 1.96319269889e-05, 0.000584347231779, -0.00156366464216, 0.000797588843852, 0.0132081694901, -0.0018783560954, -0.000537217885721], [5.02881775901e-05, 0.000272790697636, 0.000559744017664, -0.000924900232349, -0.001970784273, 0.00112453731708, -0.00194790330715, -0.000627465255093, 0.00187584746163, -0.00116772064939, -0.0018783560954, 0.0132022956386, -0.00138427584898], [-0.00022740852728, -0.000282569060801, -0.000553609919734, -0.000154248104081, 0.000252366735367, -0.00062645424623, 0.000248905882472, -0.0025743979495, 0.000896782323252, 0.00187320413534, -0.000537217885721, -0.00138427584898, 0.0128985419869]]
    },
    "spectral_contrast_coeffs": {
        "max": [-0.391752004623, -0.412653297186, -0.421655625105, -0.481306642294, -0.454683691263, -0.568275690079],
        "mean": [-0.701109051704, -0.763415277004, -0.754105508327, -0.775542259216, -0.762732446194, -0.744813382626],
        "min": [-0.886689245701, -0.916381239891, -0.904660761356, -0.914187550545, -0.892414689064, -0.891481280327],
        "stdev": [0.0806668549776, 0.0775618702173, 0.0883851349354, 0.0732555389404, 0.0797162130475, 0.0558445453644]
    },
    "spectral_contrast_valleys": {
        "max": [-5.15713977814, -5.27472877502, -5.69228935242, -6.20336914062, -5.46049833298, -7.55915498734],
        "mean": [-7.38359165192, -7.46234846115, -8.12359905243, -8.73553466797, -8.79439067841, -11.7094593048],
        "min": [-9.71450996399, -10.6059856415, -11.5704574585, -11.7308864594, -12.1515426636, -14.8647880554],
        "stdev": [0.808387517929, 0.936994850636, 1.17168605328, 1.36833512783, 1.56854593754, 1.73330748081]
    }
},
"rhythm": {
    "beats_count": 56,
    "beats_loudness": {
        "max": 0.0553493537009,
        "mean": 0.0164812933654,
        "min": 0.000869961397257,
        "stdev": 0.0144913066179
    },
    "bpm": 89.8979492188,
    "bpm_histogram_first_peak_bpm": 91,
    "bpm_histogram_first_peak_weight": 0.375,
    "bpm_histogram_second_peak_bpm": 126,
    "bpm_histogram_second_peak_spread": 0.5,
    "bpm_histogram_second_peak_weight": 0.163636356592,
    "danceability": 0.99318498373,
    "onset_rate": 3.50683569908,
    "beats_loudness_band_ratio": {
        "max": [0.973844587803, 0.957938611507, 0.830118477345, 0.885504066944, 0.404375642538, 0.402915328741],
        "mean": [0.316251188517, 0.2294780761, 0.179967418313, 0.161339238286, 0.100107975304, 0.0697323232889],
        "min": [0.00175514095463, 0.0119077553973, 0.00483915582299, 0.00126002321485, 0.000308922346449, 0.000288229552098],
        "stdev": [0.32833892107, 0.244316905737, 0.195952326059, 0.216971442103, 0.119434133172, 0.107213258743]
    },
    "beats_position": [0.650158703327, 1.3235373497, 2.00852608681, 2.69351458549, 3.35528349876, 4.01705217361, 4.69043064117, 5.3754196167, 6.03718805313, 6.68734693527, 7.3491153717, 8.01088428497, 8.67265319824, 9.33442115784, 10.0078001022, 10.6695690155, 11.3313379288, 11.9118366241, 12.4923353195, 13.0728340149, 13.6417226791, 14.2106122971, 14.7795009613, 15.2439002991, 15.7082986832, 16.1726989746, 16.637096405, 17.1131057739, 17.5891151428, 18.0535144806, 18.5295238495, 19.0055332184, 19.5047607422, 20.0039901733, 20.5148296356, 20.9908390045, 21.4784584045, 21.9660758972, 22.4536952972, 22.918094635, 23.3941040039, 23.8701133728, 24.3461227417, 24.8221302032, 25.4142398834, 26.0063495636, 26.5984573364, 27.1557369232, 27.7246246338, 28.316734314, 28.9204521179, 29.5125617981, 30.1162815094, 30.7083892822, 31.3004989624, 31.9042167664],
