{
"metadata": {
    "version": {
        "essentia": "2.1-beta5",
        "essentia_git_sha": "Undefined",
        "extractor": "music 2.0"
    },
    "audio_properties": {
        "analysis": {
            "equal_loudness": 0,
            "length": 23.8817005157,
            "sample_rate": 44100,
            "start_time": 142.744674683,
            "downmix": "mix"
        },
        "bit_rate": 192000,
        "length": 166.649627686,
        "lossless": 0,
        "number_channels": 2,
        "replay_gain": -20.3204421997,
        "sample_rate": 48000,
        "codec": "mp3",
        "md5_encoded": "d537d7c4b17d359edde1d416e98596aa"
    },
    "tags": {
        "file_name": "Luxembourg_Tu Te Reconnaîtras_Anne-Marie David.mp3",
        "encoding": ["Lavf58.29.100"]
    }
},
"lowlevel": {
    "average_loudness": 0.918042302132,
    "barkbands_crest": {
        "max": 22.9387817383,
        "mean": 7.89282894135,
        "min": 2.67613887787,
        "stdev": 3.3820848465
    },
    "barkbands_flatness_db": {
        "max": 0.244788065553,
        "mean": 0.132936507463,
        "min": 0.0513806529343,
        "stdev": 0.0249724667519
    },
    "barkbands_kurtosis": {
        "max": 21.4533920288,
        "mean": 0.966692686081,
        "min": -1.19525408745,
        "stdev": 2.24800562859
    },
    "barkbands_skewness": {
        "max": 3.97906422615,
        "mean": 0.48068317771,
        "min": -1.96951699257,
        "stdev": 0.770632982254
    },
    "barkbands_spread": {
        "max": 51.4773216248,
        "mean": 17.763671875,
        "min": 5.44981050491,
        "stdev": 5.52740097046
    },
    "dissonance": {
        "max": 0.499953776598,
        "mean": 0.471443504095,
        "min": 0.358919501305,
        "stdev": 0.0230253487825
    },
    "dynamic_complexity": 3.50886130333,
    "erbbands_crest": {
        "max": 25.2361602783,
        "mean": 8.53443145752,
        "min": 3.11354541779,
        "stdev": 3.68193459511
    },
    "erbbands_flatness_db": {
        "max": 0.307113289833,
        "mean": 0.204584151506,
        "min": 0.091852016747,
        "stdev": 0.0343474075198
    },
    "erbbands_kurtosis": {
        "max": 7.74534893036,
        "mean": 0.299042642117,
        "min": -1.41586744785,
        "stdev": 1.17664361
    },
    "erbbands_skewness": {
        "max": 2.72149133682,
        "mean": 0.452597647905,
        "min": -0.787464857101,
        "stdev": 0.446228861809
    },
    "erbbands_spread": {
        "max": 102.186782837,
        "mean": 24.5499782562,
        "min": 10.9461479187,
        "stdev": 9.79483413696
    },
    "hfc": {
        "max": 64.2940444946,
        "mean": 25.1025104523,
        "min": 1.0673268939e-16,
        "stdev": 20.6102676392
    },
    "loudness_ebu128": {
        "integrated": -3.97716856003,
        "loudness_range": 6.08936882019,
        "momentary": {
            "max": -0.96882635355,
            "mean": -5.55271816254,
            "min": -29.3782901764,
            "stdev": 4.33304357529
        },
        "short_term": {
            "max": -1.15080952644,
            "mean": -4.51006889343,
            "min": -10.2922534943,
            "stdev": 2.42237901688
        }
    },
    "melbands_crest": {
        "max": 26.4991416931,
        "mean": 9.51246261597,
        "min": 1.8238222599,
        "stdev": 4.07822942734
    },
    "melbands_flatness_db": {
        "max": 0.261586368084,
        "mean": 0.136890053749,
        "min": 0.00414307694882,
        "stdev": 0.0392238050699
    },
    "melbands_kurtosis": {
        "max": 75.0986633301,
        "mean": 2.90755295753,
        "min": -1.31033337116,
        "stdev": 5.66832494736
    },
    "melbands_skewness": {
        "max": 7.54436063766,
        "mean": 0.923406660557,
        "min": -0.473136216402,
        "stdev": 0.94951325655
    },
    "melbands_spread": {
        "max": 147.816162109,
        "mean": 32.0288314819,
        "min": 5.4076757431,
        "stdev": 15.1780366898
    },
    "pitch_salience": {
        "max": 0.969656586647,
        "mean": 0.666576147079,
        "min": 0.21449200809,
        "stdev": 0.111147724092
    },
    "silence_rate_20dB": {
        "max": 1,
        "mean": 1,
        "min": 1,
        "stdev": 0
    },
    "silence_rate_30dB": {
        "max": 1,
        "mean": 1,
        "min": 1,
        "stdev": 0
    },
    "silence_rate_60dB": {
        "max": 1,
        "mean": 0.0757281556726,
        "min": 0,
        "stdev": 0.264562785625
    },
    "spectral_centroid": {
        "max": 11608.3017578,
        "mean": 2023.27062988,
        "min": 411.18548584,
        "stdev": 1091.14086914
    },
    "spectral_complexity": {
        "max": 35,
        "mean": 18.1504859924,
        "min": 0,
        "stdev": 6.66112709045
    },
    "spectral_decrease": {
        "max": 1.05106711898e-28,
        "mean": -3.80576414827e-09,
        "min": -1.00859960384e-08,
        "stdev": 2.27047225465e-09
    },
    "spectral_energy": {
        "max": 0.0416121818125,
        "mean": 0.0166406929493,
        "min": 1.02737019536e-20,
        "stdev": 0.0102373380214
    },
    "spectral_energyband_high": {
        "max": 0.00525938160717,
        "mean": 0.00134523818269,
        "min": 7.51715406618e-21,
        "stdev": 0.00146994285751
    },
    "spectral_energyband_low": {
        "max": 0.0129819214344,
        "mean": 0.00110976852011,
        "min": 3.67613157692e-23,
        "stdev": 0.00162760901731
    },
    "spectral_energyband_middle_high": {
        "max": 0.0316559933126,
        "mean": 0.0106985848397,
        "min": 1.40088751875e-21,
        "stdev": 0.0090119978413
    },
    "spectral_energyband_middle_low": {
        "max": 0.0362529121339,
        "mean": 0.0038224728778,
        "min": 2.13988983992e-22,
        "stdev": 0.00468144845217
    },
    "spectral_entropy": {
        "max": 9.81380844116,
        "mean": 7.5586233139,
        "min": 6.4847407341,
        "stdev": 0.402388215065
    },
    "spectral_flux": {
        "max": 0.185254633427,
        "mean": 0.0760956332088,
        "min": 6.51920878392e-11,
        "stdev": 0.0371792018414
    },
    "spectral_kurtosis": {
        "max": 9.98692893982,
        "mean": 3.54546332359,
        "min": -1.25559592247,
        "stdev": 1.45517969131
    },
    "spectral_rms": {
        "max": 0.00637159729376,
        "mean": 0.00377075420693,
        "min": 3.1659317095e-12,
        "stdev": 0.00141994399019
    },
    "spectral_rolloff": {
        "max": 19315.2832031,
        "mean": 2434.14868164,
        "min": 193.798828125,
        "stdev": 1941.39245605
    },
    "spectral_skewness": {
        "max": 2.14501595497,
        "mean": 1.26989710331,
        "min": -0.0569286979735,
        "stdev": 0.311514377594
    },
    "spectral_spread": {
        "max": 42564152,
        "mean": 3982124,
        "min": 2709297.75,
        "stdev": 3526195.25
    },
    "spectral_strongpeak": {
        "max": 8.97742176056,
        "mean": 2.01981043816,
        "min": 6.42031150466e-10,
        "stdev": 1.8135843277
    },
    "zerocrossingrate": {
        "max": 0.6298828125,
        "mean": 0.0808252394199,
        "min": 0.02001953125,
        "stdev": 0.0506592169404
    },
    "barkbands": {
        "max": [0.000107478255813, 0.00503960251808, 0.0084177646786, 0.0116241406649, 0.0144911995158, 0.020961292088, 0.00611705472693, 0.00639241933823, 0.034599788487, 0.0235806182027, 0.0197271183133, 0.0085886772722, 0.00736091239378, 0.0117460666224, 0.0156844779849, 0.00589876109734, 0.00143527705222, 0.00135716923978, 0.00450906110927, 0.00614732783288, 0.00272726849653, 0.00054457585793, 0.000718154478818, 0.000293015851639, 0.000113876762043, 5.4202901083e-06, 2.17466936192e-06],
        "mean": [6.95763083058e-06, 0.000457332207588, 0.000416589406086, 0.0004849229299, 0.000617444689851, 0.000649267458357, 0.000316518213367, 0.000255376333371, 0.00128943519667, 0.000985093647614, 0.00332158920355, 0.000514821149409, 0.00165972136892, 0.000492642109748, 0.00215714238584, 0.000224639006774, 0.000189354424947, 0.000215386855416, 0.000652806367725, 0.00110093585681, 0.000477660942124, 5.52909514226e-05, 4.57349779026e-05, 4.00461758545e-05, 1.31002016133e-05, 8.35530045151e-07, 6.66772805857e-08],
        "min": [3.80708241816e-25, 7.02355680532e-24, 1.00550064803e-23, 9.82232643424e-24, 1.7287659546e-23, 2.00686119625e-23, 1.92039225916e-23, 1.35808479063e-23, 1.75906468202e-23, 2.2399760624e-23, 1.63675353416e-23, 4.10612103924e-23, 4.69732432496e-23, 3.9099960187e-23, 9.74848495143e-23, 6.99707758463e-23, 1.46946813236e-22, 1.72072752508e-22, 1.74761468152e-22, 2.52325654989e-22, 2.35973918954e-22, 3.88655586888e-22, 4.41374265037e-22, 5.74646975964e-22, 1.06310136859e-21, 1.4939506893e-21, 2.10801142801e-21],
        "stdev": [1.08725344035e-05, 0.000622370454948, 0.000857070146594, 0.000992519431747, 0.00119665556122, 0.00145897082984, 0.000429594074376, 0.00035473916796, 0.00328607461415, 0.00200221617706, 0.00431364355609, 0.00091352860909, 0.00167443894316, 0.000947515363805, 0.00288241822273, 0.000423125224188, 0.000184897435247, 0.000180244984222, 0.000817058549728, 0.00150115543511, 0.000627069966868, 4.7486366384e-05, 4.73516593047e-05, 3.06428992189e-05, 1.03647371361e-05, 9.62007675298e-07, 1.22748232911e-07]
    },
    "erbbands": {
        "max": [0.115761481225, 1.45284545422, 8.09003257751, 24.3905391693, 44.6562004089, 57.2874908447, 41.9718742371, 222.843811035, 107.113777161, 59.2616996765, 232.091049194, 431.048828125, 876.572387695, 735.554321289, 412.672637939, 357.685119629, 269.294128418, 666.950439453, 579.670288086, 495.20022583, 100.502365112, 82.8042297363, 79.4529571533, 176.111877441, 188.010345459, 192.128570557, 183.63973999, 60.5047340393, 17.3173599243, 17.1183986664, 20.9423694611, 11.5711479187, 3.1021707058, 1.74047732353, 0.264202594757, 0.0280242189765, 0.00924592558295, 0.00362888607197, 0.0001394066785, 5.2676514315e-05],
        "mean": [0.00944048725069, 0.117669455707, 0.430784106255, 1.14190745354, 2.08172869682, 1.97973847389, 3.02436089516, 5.76609277725, 4.6728758812, 4.7169213295, 8.63631534576, 22.5434093475, 35.0848464966, 115.384239197, 55.9072227478, 22.1567630768, 62.2385520935, 47.8398399353, 55.338104248, 87.2636642456, 14.8671131134, 10.0224761963, 13.9648418427, 32.7442970276, 26.7793121338, 38.0191116333, 38.3281745911, 10.9522619247, 2.53653502464, 1.5337086916, 1.23015773296, 0.96100795269, 0.584152877331, 0.245287820697, 0.0433968342841, 0.0053708832711, 0.00154061603826, 0.000164712459082, 2.44437997026e-05, 2.30518653552e-05],
        "min": [1.9490356093e-22, 1.58506404812e-21, 8.25746213516e-21, 2.29089415481e-20, 5.50111942734e-20, 4.7826881853e-20, 5.69502154892e-20, 1.50170724026e-19, 2.93146967126e-19, 3.40722828743e-19, 3.92626990464e-19, 4.10328319531e-19, 7.11153487295e-19, 1.43125138195e-18, 1.40996688742e-18, 1.67546280933e-18, 2.52275363014e-18, 2.46313975737e-18, 4.72311361653e-18, 4.68259293346e-18, 4.01681221561e-18, 7.98587129447e-18, 7.85252068074e-18, 9.95241792738e-18, 1.0196303032e-17, 1.16487428521e-17, 1.26751126921e-17, 9.81410671151e-18, 1.26478496463e-17, 1.23824677719e-17, 1.3702851516e-17, 1.27937643063e-17, 1.00535771532e-17, 1.0321850851e-17, 7.3506702031e-18, 5.05569771183e-18, 2.94070565978e-18, 1.06604555804e-18, 2.657566389e-19, 3.00989149858e-20],
        "stdev": [0.0131017062813, 0.169416159391, 0.855885148048, 2.19177627563, 4.2221326828, 3.9255862236, 4.55027532578, 15.3417425156, 8.79027271271, 5.14935827255, 11.8714256287, 42.6422653198, 87.7171630859, 144.188262939, 62.6569137573, 33.2830657959, 59.0964164734, 51.8688392639, 70.9218139648, 107.573188782, 12.9681825638, 9.67282676697, 12.2954654694, 38.4444694519, 34.1049461365, 46.8572311401, 47.4302635193, 13.5010509491, 2.00788378716, 1.45353746414, 1.2880910635, 0.818742215633, 0.456788957119, 0.194728344679, 0.0359753593802, 0.0051864432171, 0.00177603343036, 0.000252458441537, 2.49402437476e-05, 1.51921676661e-05]
    },
    "gfcc": {
        "mean": [-33.9719467163, 85.872833252, -173.837844849, 31.8341846466, -69.3812255859, 22.8199882507, -30.4852771759, 1.15417599678, -25.8148517609, -3.79331302643, -8.64990329742, -16.3350696564, 2.74189305305],
        "cov": [[19050.6757812, 739.25177002, -2410.17651367, 580.545654297, -626.760986328, 148.399169922, -38.9005088806, 33.9638977051, -758.831237793, 98.8254852295, -167.419570923, -334.984619141, 103.302970886], [739.25177002, 895.035461426, 428.949401855, 202.450042725, -104.764129639, 22.1528301239, -72.6459732056, 31.7148914337, 90.5926361084, -84.2463150024, 49.6168251038, 9.92477703094, -23.3571624756], [-2410.17651367, 428.949401855, 981.781738281, 197.145782471, 128.039505005, -62.7965927124, 39.0589294434, 31.2784347534, 84.0355072021, -22.3572330475, 46.0678062439, 46.6387290955, -28.4661846161], [580.545654297, 202.450042725, 197.145782471, 231.479370117, 83.1110534668, -14.5999965668, 61.2381668091, 21.3543338776, -64.2112884521, 21.6288776398, 2.72224092484, -30.3380355835, 10.2320261002], [-626.760986328, -104.764129639, 128.039505005, 83.1110534668, 249.908370972, -40.6024742126, 158.964981079, 14.8565988541, -93.7552490234, 59.2171669006, -3.64565968513, -21.0148162842, 25.587594986], [148.399169922, 22.1528301239, -62.7965927124, -14.5999965668, -40.6024742126, 118.27519989, -22.3936767578, 2.12523245811, 42.5462684631, -30.7427902222, 3.15877914429, 6.92617797852, -18.9444236755], [-38.9005088806, -72.6459732056, 39.0589294434, 61.2381668091, 158.964981079, -22.3936767578, 207.967941284, 32.3479537964, -110.502235413, 61.8894729614, 4.84719848633, -39.8216514587, 33.721496582], [33.9638977051, 31.7148914337, 31.2784347534, 21.3543338776, 14.8565988541, 2.12523245811, 32.3479537964, 62.0665283203, 22.8531398773, 16.9798946381, 16.2871379852, -0.086120031774, 4.55692529678], [-758.831237793, 90.5926361084, 84.0355072021, -64.2112884521, -93.7552490234, 42.5462684631, -110.502235413, 22.8531398773, 186.460769653, -30.426279068, 21.6125869751, 51.7077789307, -29.8518772125], [98.8254852295, -84.2463150024, -22.3572330475, 21.6288776398, 59.2171669006, -30.7427902222, 61.8894729614, 16.9798946381, -30.426279068, 80.1884841919, 16.9629917145, -9.29897785187, 16.1559524536], [-167.419570923, 49.6168251038, 46.0678062439, 2.72224092484, -3.64565968513, 3.15877914429, 4.84719848633, 16.2871379852, 21.6125869751, 16.9629917145, 56.1770858765, 23.1272468567, 4.6053776741], [-334.984619141, 9.92477703094, 46.6387290955, -30.3380355835, -21.0148162842, 6.92617797852, -39.8216514587, -0.086120031774, 51.7077789307, -9.29897785187, 23.1272468567, 57.0340652466, 3.47843265533], [103.302970886, -23.3571624756, -28.4661846161, 10.2320261002, 25.587594986, -18.9444236755, 33.721496582, 4.55692529678, -29.8518772125, 16.1559524536, 4.6053776741, 3.47843265533, 50.482170105]],
        "icov": [[0.000440374715254, -0.0008935846854, 0.00132860569283, -0.00137392058969, 0.00141800078563, -0.000422817916842, 0.000367057655239, -0.00139537453651, 0.00236071110703, -0.00167754129507, 0.00168565474451, -0.00138058629818, 0.000590613577515], [-0.0008935846854, 0.00447703944519, -0.00327630341053, 0.000145506084664, -0.00120883237105, 0.00135071540717, -0.001316479058, 0.00289533403702, -0.00601821485907, 0.00649537704885, -0.00609802082181, 0.00429136119783, -0.00161621149164], [0.00132860569283, -0.00327630341053, 0.00644896691665, -0.00598857458681, 0.00296314503066, 0.000998893636279, -0.000568175804801, -0.00300339353271, 0.00469049671665, -0.00303299445659, 0.00426631560549, -0.00623246282339, 0.0039237732999], [-0.00137392058969, 0.000145506084664, -0.00598857458681, 0.0151107627898, -0.0071527287364, -0.00196275068447, 0.00298119382933, 0.000319558166666, -0.00147749006283, -0.000108008825919, -0.00280837225728, 0.00721557298675, -0.00377225480042], [0.00141800078563, -0.00120883237105, 0.00296314503066, -0.0071527287364, 0.015506612137, -0.000543916132301, -0.00585708068684, -0.00304217683151, 0.00785842072219, -0.0067011397332, 0.00748520111665, -0.00740219000727, 0.00240157847293], [-0.000422817916842, 0.00135071540717, 0.000998893636279, -0.00196275068447, -0.000543916132301, 0.0136486282572, -0.00514911161736, 0.00340211484581, -0.00776943005621, 0.0088632311672, -0.00456289760768, 7.03563273419e-05, 0.00396186299622], [0.000367057655239, -0.001316479058, -0.000568175804801, 0.00298119382933, -0.00585708068684, -0.00514911161736, 0.0186079107225, -0.00991837121546, 0.0104296812788, -0.00716350413859, 1.42115932249e-05, 0.00553739489987, -0.00470583233982], [-0.00139537453651, 0.00289533403702, -0.00300339353271, 0.000319558166666, -0.00304217683151, 0.00340211484581, -0.00991837121546, 0.0305215157568, -0.017829913646, 0.00522473175079, -0.00991432741284, 0.00671185879037, -0.00264796568081], [0.00236071110703, -0.00601821485907, 0.00469049671665, -0.00147749006283, 0.00785842072219, -0.00776943005621, 0.0104296812788, -0.017829913646, 0.0302924178541, -0.0141501957551, 0.0114714223891, -0.0133654717356, 0.00538877630606], [-0.00167754129507, 0.00649537704885, -0.00303299445659, -0.000108008825919, -0.0067011397332, 0.0088632311672, -0.00716350413859, 0.00522473175079, -0.0141501957551, 0.0331799946725, -0.0180003698915, 0.00856902636588, -0.00214860890992], [0.00168565474451, -0.00609802082181, 0.00426631560549, -0.00280837225728, 0.00748520111665, -0.00456289760768, 1.42115932249e-05, -0.00991432741284, 0.0114714223891, -0.0180003698915, 0.0372199229896, -0.0192976258695, 0.00256160949357], [-0.00138058629818, 0.00429136119783, -0.00623246282339, 0.00721557298675, -0.00740219000727, 7.03563273419e-05, 0.00553739489987, 0.00671185879037, -0.0133654717356, 0.00856902636588, -0.0192976258695, 0.0408483557403, -0.0123926894739], [0.000590613577515, -0.00161621149164, 0.0039237732999, -0.00377225480042, 0.00240157847293, 0.00396186299622, -0.00470583233982, -0.00264796568081, 0.00538877630606, -0.00214860890992, 0.00256160949357, -0.0123926894739, 0.0289761144668]]
    },
    "melbands": {
        "max": [0.00100391171873, 0.00312815839425, 0.00499618751928, 0.00343749928288, 0.00172190193553, 0.00467191217467, 0.00146811665036, 0.000558233004995, 0.00218252814375, 0.00410229805857, 0.00433655595407, 0.00310845440254, 0.00230159587227, 0.000746151607018, 0.00138504581992, 0.000920171674807, 0.0012077022111, 0.000841245637275, 0.0014989040792, 0.000605244422331, 7.75915323175e-05, 8.61677981447e-05, 6.9849396823e-05, 9.82314450084e-05, 0.000165187084349, 0.000263242982328, 0.000150608990225, 0.000145753074321, 0.000183831929462, 9.39692472457e-05, 2.91441665468e-05, 9.79150627245e-06, 1.0527669474e-05, 8.70549774845e-06, 1.12863999675e-05, 1.26821987578e-05, 5.59401223654e-06, 2.57255942415e-06, 2.83688905256e-06, 1.05043818621e-06],
        "mean": [0.000107193867734, 0.000208436729736, 0.000228635370149, 0.000144833378727, 9.86635277513e-05, 0.000126897124574, 7.27133083274e-05, 5.02467519254e-05, 7.94566440163e-05, 0.000166977581102, 0.000165535646374, 0.000438332499471, 0.000305372523144, 5.43629175809e-05, 5.986168253e-05, 0.000198283523787, 6.84920232743e-05, 5.41580702702e-05, 0.000212276325328, 3.10796822305e-05, 1.48060071297e-05, 1.13892529043e-05, 9.09676600713e-06, 1.10495393528e-05, 2.97558108286e-05, 2.16625412577e-05, 2.44616276177e-05, 2.80076565105e-05, 2.91290725727e-05, 1.54006793309e-05, 3.59574528375e-06, 1.33293588078e-06, 9.01106375295e-07, 8.27092435429e-07, 6.99211966548e-07, 6.7509205337e-07, 5.60089290502e-07, 4.26441459922e-07, 3.14930133527e-07, 1.77696250603e-07],
        "min": [2.11885928939e-24, 4.31573218915e-24, 5.26103407264e-24, 5.01853231392e-24, 1.81477589297e-24, 3.80766474542e-24, 4.32412566918e-24, 4.23068627825e-24, 2.77393549876e-24, 2.37076387568e-24, 3.32668678518e-24, 5.18810900955e-24, 3.45868766931e-24, 5.45389005358e-24, 4.02354797062e-24, 6.17047670596e-24, 3.17567376158e-24, 6.14196608955e-24, 5.97986700644e-24, 7.22261244412e-24, 3.843878983e-24, 7.13919434769e-24, 5.6587757689e-24, 7.482311765e-24, 6.59621665346e-24, 6.26480435427e-24, 8.31424368679e-24, 6.84816147165e-24, 7.09093657068e-24, 6.29361118794e-24, 5.30371973065e-24, 7.02641958154e-24, 7.30723828658e-24, 6.34734405407e-24, 6.95906032657e-24, 7.87682583687e-24, 8.32736796567e-24, 7.18093692249e-24, 7.62166483277e-24, 7.27707618987e-24],
        "stdev": [0.000138858391438, 0.000355080788722, 0.000424077705247, 0.000290353869786, 0.000147014274262, 0.000319995480822, 0.00012720459199, 5.63931498618e-05, 0.000122101075249, 0.000388150539948, 0.000448270206107, 0.000546905037481, 0.000386350293411, 8.8667118689e-05, 0.000113113703264, 0.000209769088542, 9.02295942069e-05, 8.43298621476e-05, 0.000295938458294, 4.84036609123e-05, 1.34779193104e-05, 1.18190000649e-05, 8.08496133686e-06, 1.05473300209e-05, 3.62465470971e-05, 3.10782561428e-05, 3.45571679645e-05, 3.47882487404e-05, 3.77655342163e-05, 2.14064839383e-05, 4.4742978389e-06, 1.14296415177e-06, 8.86874602202e-07, 8.54204643019e-07, 7.49157209157e-07, 7.53277049625e-07, 4.76202188793e-07, 3.39708236652e-07, 2.86161707663e-07, 1.4860711417e-07]
    },
    "melbands128": {
        "max": [0.000106758910988, 0.000876838457771, 0.00158132857177, 0.00289299758151, 0.00426030158997, 0.00421304022893, 0.00471176672727, 0.00614158948883, 0.00494599668309, 0.00462787458673, 0.00344475102611, 0.0021086637862, 0.00139358919114, 0.00256725610234, 0.0048796813935, 0.00950743723661, 0.00244187237695, 0.00227028410882, 0.0010500214994, 0.000738208182156, 0.00071682932321, 0.000667078129482, 0.00385608128272, 0.00305862538517, 0.00153935397975, 0.00681300181895, 0.0137591445819, 0.00778768630698, 0.00456891674548, 0.00533333420753, 0.00589418970048, 0.00647435104474, 0.00268676853739, 0.00219355360605, 0.00133919809014, 0.00127039360814, 0.00206108461134, 0.00305840489455, 0.000519551802427, 0.00144290097523, 0.00190608936828, 0.00234975968488, 0.0025076973252, 0.00127814977895, 0.00229056505486, 0.001517648343, 0.00230001332238, 0.00368005596101, 0.00165686977562, 0.00107647036202, 0.00117001973558, 0.000206156459171, 0.000138647927088, 0.000118957228551, 0.000202024704777, 0.000161212999956, 9.59921017056e-05, 0.000104935155832, 6.5052343416e-05, 0.000170706844074, 0.000214900239371, 0.000100710283732, 0.000248785421718, 0.000306833244395, 0.000534181424882, 0.000534201040864, 6.35275428067e-05, 0.000237640197156, 0.00033607709338, 0.000295057951007, 0.000206065771636, 0.000400665827328, 0.000601426698267, 0.000235141138546, 0.000271828350378, 0.00022137297492, 9.20009697438e-05, 9.67683954514e-05, 5.30619981873e-05, 2.52588633884e-05, 1.19594787975e-05, 1.07432379082e-05, 1.03650609162e-05, 1.28080564537e-05, 1.00972847576e-05, 8.75285604707e-06, 1.16562205221e-05, 8.22340098239e-06, 1.07400837805e-05, 1.25904934976e-05, 1.79608305189e-05, 1.17115714602e-05, 6.37640687273e-06, 9.2957252491e-06, 4.46537796961e-06, 3.53013456333e-06, 3.78848949367e-06, 2.69088309324e-06, 4.29041119787e-06, 4.60999990537e-06, 1.25490032588e-06, 1.68980204762e-06, 1.0286368024e-06, 7.44176190892e-07, 1.86508998468e-07, 1.20147873872e-07, 5.64115794077e-08, 7.26559505893e-08, 5.60014932205e-08, 4.56872442101e-08, 4.71366341515e-08, 4.82088999831e-08, 3.75318229828e-08, 3.99766051373e-08, 5.47532188477e-08, 3.87313789929e-08, 7.39471275324e-08, 6.2538125789e-09, 3.87439991201e-09, 8.66642491104e-09, 7.28387838933e-09, 3.62437235779e-09, 3.5896849937e-09, 3.50183149145e-09, 3.42216766036e-09, 3.34693361914e-09, 3.3032039326e-09, 3.28625526791e-09],
        "mean": [6.16201032244e-06, 5.64393994864e-05, 0.000148031307617, 0.000207172473893, 0.000209534555324, 0.000209745834582, 0.000224979463383, 0.000249847886153, 0.000221173788304, 0.000136243310408, 0.000107722342364, 6.93689726177e-05, 9.87828461803e-05, 0.000130505737616, 0.000136571077746, 0.000133163979626, 7.4050782132e-05, 6.08486952842e-05, 7.30092142476e-05, 4.57486567029e-05, 4.32196029578e-05, 5.01480462844e-05, 8.3872830146e-05, 0.000115962808195, 9.05122724362e-05, 0.000214715139009, 0.00028447189834, 0.000118434472824, 0.000123499135952, 0.000133882786031, 0.000665770494379, 0.000863492430653, 0.000146249411046, 6.83974503772e-05, 5.94056800765e-05, 4.55825465906e-05, 4.88971272716e-05, 7.32459957362e-05, 4.01375982619e-05, 0.000124511352624, 0.000335588614689, 0.000145751779201, 4.77897956443e-05, 3.35398472089e-05, 4.20239994128e-05, 3.05409448629e-05, 6.90868546371e-05, 0.000350548099959, 0.00021752739849, 2.65789039986e-05, 1.92430015886e-05, 1.17227118608e-05, 1.30027301566e-05, 1.62598607858e-05, 1.8929478756e-05, 1.01512478068e-05, 6.46600028631e-06, 4.92759818371e-06, 8.65249421622e-06, 2.03607141884e-05, 1.11276358439e-05, 5.03097953697e-06, 7.68909831095e-06, 4.11839719163e-05, 6.40134239802e-05, 1.07560581455e-05, 3.29348426931e-06, 2.08802794077e-05, 4.16280854552e-05, 1.10580576802e-05, 9.07434969122e-06, 4.94931955473e-05, 5.47122472199e-05, 9.59747285378e-06, 2.20663660002e-05, 2.54066490015e-05, 5.85471889281e-06, 4.44963279733e-06, 4.47831644124e-06, 1.63648508078e-06, 1.34381548378e-06, 1.27827115648e-06, 9.05756905922e-07, 9.50159915192e-07, 8.01712872089e-07, 7.82347171935e-07, 9.30583496483e-07, 7.1276269864e-07, 7.01592114183e-07, 6.04687954819e-07, 8.06028708666e-07, 6.31906516446e-07, 5.88410728142e-07, 5.72971259771e-07, 5.62328921205e-07, 4.4897072371e-07, 3.90650882309e-07, 3.90483563706e-07, 3.71546349243e-07, 2.44605928401e-07, 1.79298211833e-07, 1.91769657931e-07, 1.451308691e-07, 7.18119750331e-08, 2.62941455276e-08, 1.13203286745e-08, 9.81926984167e-09, 8.91999096808e-09, 7.28657889582e-09, 6.5216165801e-09, 6.06779337886e-09, 5.60111157455e-09, 5.25220000824e-09, 3.60371332775e-09, 2.04080530253e-09, 1.08552833389e-09, 7.15046188926e-10, 3.83722470465e-10, 3.14162390547e-10, 3.05910963228e-10, 2.76590417236e-10, 2.51942411378e-10, 2.32980357229e-10, 2.05499867123e-10, 1.39316294612e-10, 5.3627557256e-11, 1.1432957879e-11, 5.48200851033e-12],
        "min": [2.76414617866e-25, 8.65885875652e-25, 3.97776051153e-24, 1.30580244249e-24, 1.35545177014e-24, 4.15315702848e-24, 3.26804365434e-24, 3.65134919604e-24, 2.47684634034e-24, 4.24845970887e-24, 1.48574477041e-24, 6.72643895208e-25, 2.29209058038e-24, 8.65622494718e-25, 1.05948052623e-24, 4.79172573176e-24, 3.57119146174e-24, 4.08289801943e-25, 2.27361171089e-24, 2.51849878778e-24, 2.31788850135e-24, 2.03979314137e-24, 1.74118246747e-24, 2.12413440227e-24, 1.84422742322e-24, 1.33731575932e-24, 2.39282377924e-24, 3.6243950022e-24, 1.37077105449e-24, 1.54336869296e-24, 2.99020053264e-24, 1.34089087695e-24, 2.63776568196e-24, 2.17495223014e-24, 2.49599889704e-24, 2.00477797237e-24, 3.43889791021e-24, 5.84784018851e-25, 2.50082199261e-24, 4.54231749582e-24, 3.42980471055e-24, 2.24186360933e-24, 2.57870051054e-24, 2.43558753449e-24, 2.46771073941e-24, 3.24471920674e-24, 4.79579940948e-24, 2.40752873816e-24, 5.74088987824e-24, 5.2746076078e-24, 4.08297917349e-24, 4.66491673568e-24, 2.89416184502e-24, 3.01169206192e-24, 3.51458398647e-24, 3.15116247275e-24, 4.21444639322e-24, 2.2902787641e-24, 3.65522763068e-24, 5.23849079455e-24, 4.74820979765e-24, 5.55039298584e-24, 2.52346841426e-24, 4.4664752251e-24, 3.48074067034e-24, 5.23241972102e-24, 4.13950026849e-24, 5.25016238607e-24, 6.45634214864e-24, 4.97011045383e-24, 6.23240978119e-24, 6.0114778462e-24, 2.32870062892e-24, 4.28702948511e-24, 6.37632325386e-24, 5.77494460909e-24, 6.862162175e-24, 3.30830179013e-24, 3.34258785444e-24, 5.53775701186e-24, 3.31466493941e-24, 6.0441848082e-24, 5.10866874424e-24, 4.06303282551e-24, 4.03714753819e-24, 5.22467192364e-24, 3.74639155233e-24, 4.16769652383e-24, 5.29441827172e-24, 5.29508170374e-24, 7.40293184755e-24, 6.17701912387e-24, 4.41960899872e-24, 7.13204016814e-24, 6.26381196725e-24, 7.23182160632e-24, 6.4531567283e-24, 5.09616253788e-24, 4.55791485364e-24, 3.99565818774e-24, 5.85455171848e-24, 5.85637595932e-24, 5.4297524876e-24, 4.76577970216e-24, 5.33769518098e-24, 8.0015100361e-24, 6.78765268478e-24, 5.90256179317e-24, 6.5961393451e-24, 7.10329171018e-24, 7.41700354838e-24, 6.19147499996e-24, 7.24463744059e-24, 7.78390591084e-24, 6.82073356684e-24, 8.28014596302e-24, 6.36752942692e-24, 6.72556933154e-24, 6.66491776084e-24, 6.50513871765e-24, 6.6341024873e-24, 7.77198858915e-24, 6.90813067767e-24, 7.093520879e-24, 7.78395482022e-24, 7.79857477938e-24, 5.28655687836e-24, 6.25758982686e-24],
        "stdev": [1.04800319605e-05, 9.54782153713e-05, 0.000202112685656, 0.00033327829442, 0.000439463852672, 0.000420665863203, 0.000455923116533, 0.000521051581018, 0.000477872847114, 0.000345039588865, 0.000222145710723, 0.000127243285533, 0.000161392279551, 0.000245654169703, 0.000374968047254, 0.000550738943275, 0.000194396998268, 0.000122214318253, 9.42129699979e-05, 6.31690927548e-05, 7.4334879173e-05, 7.91825150372e-05, 0.000172373125679, 0.000234141640249, 0.000146627120557, 0.000621688493993, 0.00122830457985, 0.000428826111602, 0.000385578692658, 0.000389074644772, 0.00103299657349, 0.00130150630139, 0.000279999891063, 0.000190840073628, 0.000137543247547, 9.54750939854e-05, 0.000123956662719, 0.00022584614635, 7.56519584684e-05, 0.000206297292607, 0.000427228864282, 0.000253377773333, 0.000135458089062, 7.08965599188e-05, 0.000136908696732, 7.87893150118e-05, 0.000173180902493, 0.000621070852503, 0.000358379707905, 6.51584996376e-05, 7.11223256076e-05, 2.0553901777e-05, 1.84817781701e-05, 1.86892684724e-05, 2.34961189562e-05, 1.54966728587e-05, 9.94118727249e-06, 9.15531472856e-06, 1.07658861452e-05, 2.49353142863e-05, 1.76116609509e-05, 8.97570862435e-06, 1.56030200742e-05, 6.86887869961e-05, 0.000108997934149, 3.21349107253e-05, 5.29915268999e-06, 4.01901997975e-05, 7.15963251423e-05, 2.65260459855e-05, 1.90246610146e-05, 8.073420031e-05, 0.000104981401819, 2.01837701752e-05, 4.68092657684e-05, 4.23645942647e-05, 1.22268529594e-05, 9.30386795517e-06, 6.85445502313e-06, 2.40364533965e-06, 1.42836074701e-06, 1.41270618315e-06, 1.04023490621e-06, 1.06060542748e-06, 9.17296972602e-07, 8.86821169388e-07, 1.20022855299e-06, 8.20118543743e-07, 8.44262956434e-07, 8.13564383861e-07, 1.26660722799e-06, 7.29668556687e-07, 5.63505750506e-07, 6.47207286875e-07, 5.30996828729e-07, 4.25767041179e-07, 3.97278540731e-07, 3.97911378514e-07, 4.53191432825e-07, 2.63768555442e-07, 1.6213088827e-07, 2.17340726749e-07, 1.50262181364e-07, 8.72460503842e-08, 2.65257948939e-08, 1.37707489856e-08, 1.00414245807e-08, 1.02375548039e-08, 8.73452155048e-09, 7.65498242572e-09, 7.07039315984e-09, 6.58999432801e-09, 6.39967856486e-09, 5.46333822626e-09, 4.6829646827e-09, 2.13673945204e-09, 2.54019649759e-09, 6.64150234808e-10, 5.3633975039e-10, 5.89196136325e-10, 5.02612118591e-10, 4.20644657995e-10, 3.89216936458e-10, 3.54718643347e-10, 2.47225573347e-10, 1.30637820006e-10, 1.03259283069e-10, 1.02337610608e-10]
    },
    "mfcc": {
        "mean": [-646.358032227, 98.2377853394, -34.2396430969, 7.28319835663, -11.9032449722, 5.97803068161, 8.72846221924, -4.79484701157, -0.411576658487, 7.82348489761, -9.65767669678, -4.30752325058, -7.69000339508],
        "cov": [[6759.23828125, 186.87878418, -609.646118164, 357.512390137, -254.397338867, -3.66033363342, 504.481018066, -210.165603638, 52.524723053, 183.611099243, -233.53302002, -123.282897949, -107.015129089], [186.87878418, 722.856872559, 411.638092041, 99.0024642944, 85.1558303833, 32.0723114014, -51.5976066589, 97.7854690552, -46.3225860596, -12.0017175674, 61.2143135071, 20.6045513153, -3.29577755928], [-609.646118164, 411.638092041, 616.280944824, 118.068878174, 119.436248779, 27.7270736694, -88.230796814, 92.9390106201, -43.7640609741, -32.6215858459, 74.9978408813, 22.5961761475, 16.7031440735], [357.512390137, 99.0024642944, 118.068878174, 465.36505127, 25.3720588684, -7.11317491531, 276.259307861, -84.2358016968, 34.5703125, 102.947319031, -77.7632064819, -44.9183959961, -23.1535873413], [-254.397338867, 85.1558303833, 119.436248779, 25.3720588684, 99.9638442993, 17.1560707092, -45.5585021973, 39.4474906921, -4.69898176193, -17.8203544617, 20.6399726868, 15.4535169601, 25.3373947144], [-3.66033363342, 32.0723114014, 27.7270736694, -7.11317491531, 17.1560707092, 77.5161209106, 20.2914543152, 19.6686115265, 4.81946516037, -7.01687192917, 10.3202562332, -1.88943886757, 1.9415191412], [504.481018066, -51.5976066589, -88.230796814, 276.259307861, -45.5585021973, 20.2914543152, 342.916870117, -76.9337310791, 40.774066925, 97.4142379761, -76.9493789673, -46.266254425, -35.3804473877], [-210.165603638, 97.7854690552, 92.9390106201, -84.2358016968, 39.4474906921, 19.6686115265, -76.9337310791, 100.590591431, -4.18954324722, -24.9647483826, 41.1861991882, 20.0247421265, 22.3654308319], [52.524723053, -46.3225860596, -43.7640609741, 34.5703125, -4.69898176193, 4.81946516037, 40.774066925, -4.18954324722, 54.9854774475, 25.8723564148, -8.50883579254, -7.2569937706, -11.9601669312], [183.611099243, -12.0017175674, -32.6215858459, 102.947319031, -17.8203544617, -7.01687192917, 97.4142379761, -24.9647483826, 25.8723564148, 78.3389434814, -8.03598880768, -10.4007902145, -9.39959430695], [-233.53302002, 61.2143135071, 74.9978408813, -77.7632064819, 20.6399726868, 10.3202562332, -76.9493789673, 41.1861991882, -8.50883579254, -8.03598880768, 80.2946472168, 31.7876434326, 19.5883598328], [-123.282897949, 20.6045513153, 22.5961761475, -44.9183959961, 15.4535169601, -1.88943886757, -46.266254425, 20.0247421265, -7.2569937706, -10.4007902145, 31.7876434326, 56.6575660706, 28.2609729767], [-107.015129089, -3.29577755928, 16.7031440735, -23.1535873413, 25.3373947144, 1.9415191412, -35.3804473877, 22.3654308319, -11.9601669312, -9.39959430695, 19.5883598328, 28.2609729767, 68.5232925415]],
        "icov": [[0.000223723371164, -0.000311835756293, 0.00030148238875, -5.54431862838e-05, 0.000354214047547, -0.000130369910039, -4.19916614192e-05, 0.000116358387459, 9.87237126537e-06, -0.00018417382671, 0.000355294410838, 7.88300894783e-05, -0.000102384692582], [-0.000311835756293, 0.00307552865706, -0.0013956889743, -0.00109587342013, -0.000225990443141, -0.000425905658631, 0.000525127805304, -0.00245659798384, 0.00210259575397, -0.000161576885148, -0.00103050866164, -0.000836696184706, 0.00178391335066], [0.00030148238875, -0.0013956889743, 0.00479736272246, -0.00349380471744, -0.000387275969842, -0.000680359313264, 0.00147749111056, -0.00242444127798, 0.00214499118738, 0.00207958882675, -0.00309852068312, 0.000459894596133, 0.00112617516425], [-5.54431862838e-05, -0.00109587342013, -0.00349380471744, 0.0108204139397, -0.00554031226784, 0.00276723038405, -0.00591587973759, 0.00681618275121, -0.00305920722894, -0.00573713239282, 0.00549730937928, 0.00125682714861, -0.00235135736875], [0.000354214047547, -0.000225990443141, -0.000387275969842, -0.00554031226784, 0.0191721841693, -0.0037815568503, 0.00402511097491, -0.00506962137297, -0.00139102572575, 0.00348806590773, -0.000188503618119, -0.00126079830807, -0.00367482751608], [-0.000130369910039, -0.000425905658631, -0.000680359313264, 0.00276723038405, -0.0037815568503, 0.0170884523541, -0.00531073659658, -0.000934329349548, -0.00272488989867, 0.00411451468244, -0.00328304502182, 0.00250466261059, -0.000651927548461], [-4.19916614192e-05, 0.000525127805304, 0.00147749111056, -0.00591587973759, 0.00402511097491, -0.00531073659658, 0.0104468101636, -0.0017434253823, 0.0010367151117, -0.00453145289794, 0.00242002378218, -0.00036744971294, 0.00124483765103], [0.000116358387459, -0.00245659798384, -0.00242444127798, 0.00681618275121, -0.00506962137297, -0.000934329349548, -0.0017434253823, 0.0218260362744, -0.00620814133435, -0.0011231979588, -0.000524494447745, 0.00144226918928, -0.00484784366563], [9.87237126537e-06, 0.00210259575397, 0.00214499118738, -0.00305920722894, -0.00139102572575, -0.00272488989867, 0.0010367151117, -0.00620814133435, 0.0268159434199, -0.0069622406736, -0.000479747715872, -0.00132206222042, 0.0061209872365], [-0.00018417382671, -0.000161576885148, 0.00207958882675, -0.00573713239282, 0.00348806590773, 0.00411451468244, -0.00453145289794, -0.0011231979588, -0.0069622406736, 0.0292538385838, -0.0112643959001, 0.00127428083215, -0.000628113863058], [0.000355294410838, -0.00103050866164, -0.00309852068312, 0.00549730937928, -0.000188503618119, -0.00328304502182, 0.00242002378218, -0.000524494447745, -0.000479747715872, -0.0112643959001, 0.0280045978725, -0.00822796020657, -0.00153943593614], [7.88300894783e-05, -0.000836696184706, 0.000459894596133, 0.00125682714861, -0.00126079830807, 0.00250466261059, -0.00036744971294, 0.00144226918928, -0.00132206222042, 0.00127428083215, -0.00822796020657, 0.0277319680899, -0.00901113636792], [-0.000102384692582, 0.00178391335066, 0.00112617516425, -0.00235135736875, -0.00367482751608, -0.000651927548461, 0.00124483765103, -0.00484784366563, 0.0061209872365, -0.000628113863058, -0.00153943593614, -0.00901113636792, 0.0221915114671]]
    },
    "spectral_contrast_coeffs": {
        "max": [-0.508491456509, -0.582582473755, -0.444731086493, -0.555955648422, -0.599841475487, -0.657030463219],
        "mean": [-0.744010686874, -0.805176854134, -0.719309866428, -0.746848881245, -0.755316019058, -0.755725860596],
        "min": [-0.979106545448, -0.997079968452, -0.98702287674, -0.979502081871, -0.963652431965, -0.961982190609],
        "stdev": [0.0603813864291, 0.0557574741542, 0.102653361857, 0.0861807540059, 0.0749520510435, 0.0383526533842]
    },
    "spectral_contrast_valleys": {
        "max": [-5.60274457932, -5.25950908661, -5.58038139343, -5.80995750427, -6.68372869492, -9.15661716461],
        "mean": [-7.66378593445, -7.03684663773, -7.39217185974, -7.6274766922, -7.722219944, -10.4576063156],
        "min": [-27.6625423431, -27.7729148865, -27.4872760773, -27.4337501526, -27.3691291809, -27.3856620789],
        "stdev": [2.09838986397, 2.05707716942, 2.04232597351, 2.01827764511, 1.97943091393, 1.7308422327]
    }
},
"rhythm": {
    "beats_count": 40,
    "beats_loudness": {
        "max": 0.0389615148306,
        "mean": 0.0179573260248,
        "min": 0.000357944576535,
        "stdev": 0.0105436872691
    },
    "bpm": 98.6172637939,
    "bpm_histogram_first_peak_bpm": 98,
    "bpm_histogram_first_peak_weight": 0.315789520741,
    "bpm_histogram_second_peak_bpm": 108,
    "bpm_histogram_second_peak_spread": 0.666666686535,
    "bpm_histogram_second_peak_weight": 0.153846159577,
    "danceability": 0.852552771568,
    "onset_rate": 1.46484375,
    "beats_loudness_band_ratio": {
        "max": [0.658447504044, 0.40282830596, 0.859267055988, 0.755336642265, 0.398009896278, 0.277325689793],
        "mean": [0.112413838506, 0.0771866813302, 0.159418806434, 0.366320461035, 0.193054154515, 0.112349405885],
        "min": [0.0020055025816, 0.00442660599947, 0.0206160861999, 0.0362632386386, 0.0281198378652, 0.0113460281864],
        "stdev": [0.150872394443, 0.0906473100185, 0.18569047749, 0.170569255948, 0.11149328202, 0.0832890272141]
    },
    "beats_position": [0.580498874187, 1.19582760334, 1.8111563921, 2.42648530006, 3.03020405769, 3.63392281532, 4.23764181137, 4.85297060013, 5.45668935776, 6.08362817764, 6.71056699753, 7.32589578629, 7.94122457504, 8.55655288696, 9.17188167572, 9.76399040222, 10.3560991287, 10.95981884, 11.5403175354, 12.1324262619, 12.7245349884, 13.2934236526, 13.8390922546, 14.3731517792, 14.9304304123, 15.4877090454, 16.0449886322, 16.6254863739, 17.1827659607, 17.7516555786, 18.2973232269, 18.8429927826, 19.4002723694, 19.9459400177, 20.5032196045, 21.037279129, 21.5713367462, 22.1053962708, 22.6394557953, 23.1851234436],
