{
"metadata": {
    "version": {
        "essentia": "2.1-beta5",
        "essentia_git_sha": "Undefined",
        "extractor": "music 2.0"
    },
    "audio_properties": {
        "analysis": {
            "equal_loudness": 0,
            "length": 32.4963264465,
            "sample_rate": 44100,
            "start_time": 12.7477550507,
            "downmix": "mix"
        },
        "bit_rate": 192000,
        "length": 210.25668335,
        "lossless": 0,
        "number_channels": 2,
        "replay_gain": -3.96591758728,
        "sample_rate": 44100,
        "codec": "mp3",
        "md5_encoded": "c5a8ab19aa750b2e3043c0d7a3ff87b7"
    },
    "tags": {
        "file_name": "Finland_Tom Tom Tom_Marion Rung.mp3",
        "encoding": ["Lavf58.29.100"]
    }
},
"lowlevel": {
    "average_loudness": 0.0168221276253,
    "barkbands_crest": {
        "max": 21.6573619843,
        "mean": 8.32148456573,
        "min": 2.54615306854,
        "stdev": 3.96810221672
    },
    "barkbands_flatness_db": {
        "max": 0.392341971397,
        "mean": 0.16120685637,
        "min": 0.0705922916532,
        "stdev": 0.0512763261795
    },
    "barkbands_kurtosis": {
        "max": 175.39225769,
        "mean": 5.83862876892,
        "min": -1.60590660572,
        "stdev": 12.5454969406
    },
    "barkbands_skewness": {
        "max": 10.2051610947,
        "mean": 1.40301251411,
        "min": -1.47889971733,
        "stdev": 1.72604012489
    },
    "barkbands_spread": {
        "max": 36.8830451965,
        "mean": 14.3652620316,
        "min": 0.601839840412,
        "stdev": 6.54305267334
    },
    "dissonance": {
        "max": 0.500000059605,
        "mean": 0.480150490999,
        "min": 0.148847565055,
        "stdev": 0.0194692127407
    },
    "dynamic_complexity": 12.9991998672,
    "erbbands_crest": {
        "max": 22.288980484,
        "mean": 6.72053432465,
        "min": 2.61412072182,
        "stdev": 2.61147093773
    },
    "erbbands_flatness_db": {
        "max": 0.329257011414,
        "mean": 0.192313507199,
        "min": 0.0868394747376,
        "stdev": 0.0726437568665
    },
    "erbbands_kurtosis": {
        "max": 23.8348331451,
        "mean": 0.147870481014,
        "min": -1.6816586256,
        "stdev": 1.34277379513
    },
    "erbbands_skewness": {
        "max": 4.72474145889,
        "mean": -0.0287833157927,
        "min": -2.01671051979,
        "stdev": 0.661779344082
    },
    "erbbands_spread": {
        "max": 77.8648529053,
        "mean": 32.2623558044,
        "min": 6.91539621353,
        "stdev": 20.3832759857
    },
    "hfc": {
        "max": 223.990737915,
        "mean": 10.4592542648,
        "min": 0.0255884379148,
        "stdev": 22.8215961456
    },
    "loudness_ebu128": {
        "integrated": -19.0302505493,
        "loudness_range": 18.1521110535,
        "momentary": {
            "max": -11.4168519974,
            "mean": -31.4119510651,
            "min": -44.1907272339,
            "stdev": 10.1199522018
        },
        "short_term": {
            "max": -15.086769104,
            "mean": -29.4621772766,
            "min": -43.4412307739,
            "stdev": 9.35752105713
        }
    },
    "melbands_crest": {
        "max": 30.4939041138,
        "mean": 12.2346191406,
        "min": 2.92542386055,
        "stdev": 6.76575040817
    },
    "melbands_flatness_db": {
        "max": 0.49475479126,
        "mean": 0.223996251822,
        "min": 0.119883261621,
        "stdev": 0.0628327056766
    },
    "melbands_kurtosis": {
        "max": 324.979095459,
        "mean": 15.8608083725,
        "min": -1.69890081882,
        "stdev": 27.2509098053
    },
    "melbands_skewness": {
        "max": 12.3363332748,
        "mean": 2.42493391037,
        "min": -0.698611795902,
        "stdev": 2.29674434662
    },
    "melbands_spread": {
        "max": 58.441619873,
        "mean": 19.3190021515,
        "min": 0.46963390708,
        "stdev": 12.245013237
    },
    "pitch_salience": {
        "max": 0.887897491455,
        "mean": 0.670428216457,
        "min": 0.111054114997,
        "stdev": 0.135451346636
    },
    "silence_rate_20dB": {
        "max": 1,
        "mean": 0.987865805626,
        "min": 0,
        "stdev": 0.109484836459
    },
    "silence_rate_30dB": {
        "max": 1,
        "mean": 0.982869386673,
        "min": 0,
        "stdev": 0.129758149385
    },
    "silence_rate_60dB": {
        "max": 1,
        "mean": 0.656673789024,
        "min": 0,
        "stdev": 0.474816918373
    },
    "spectral_centroid": {
        "max": 2095.76464844,
        "mean": 1056.8527832,
        "min": 149.42250061,
        "stdev": 396.577972412
    },
    "spectral_complexity": {
        "max": 47,
        "mean": 10.2077083588,
        "min": 0,
        "stdev": 12.4261283875
    },
    "spectral_decrease": {
        "max": -1.16074268253e-11,
        "mean": -4.15675005527e-09,
        "min": -3.07021593926e-07,
        "stdev": 1.91424707197e-08
    },
    "spectral_energy": {
        "max": 1.17796134949,
        "mean": 0.0166372023523,
        "min": 4.6130069677e-05,
        "stdev": 0.0738211274147
    },
    "spectral_energyband_high": {
        "max": 0.000527059251908,
        "mean": 1.41182454172e-05,
        "min": 3.80750549311e-07,
        "stdev": 3.53925534e-05
    },
    "spectral_energyband_low": {
        "max": 0.758573353291,
        "mean": 0.00327414576896,
        "min": 1.07167306851e-05,
        "stdev": 0.0301873143762
    },
    "spectral_energyband_middle_high": {
        "max": 0.0678534209728,
        "mean": 0.00520500307903,
        "min": 5.43097166883e-06,
        "stdev": 0.010686147958
    },
    "spectral_energyband_middle_low": {
        "max": 1.01837146282,
        "mean": 0.00891635287553,
        "min": 1.83453375939e-05,
        "stdev": 0.0545876771212
    },
    "spectral_entropy": {
        "max": 8.10615539551,
        "mean": 7.4869685173,
        "min": 5.6532907486,
        "stdev": 0.415791243315
    },
    "spectral_flux": {
        "max": 0.782529592514,
        "mean": 0.0507845729589,
        "min": 0.00346097466536,
        "stdev": 0.0790452584624
    },
    "spectral_kurtosis": {
        "max": 70.0730056763,
        "mean": 9.64276313782,
        "min": 1.58059263229,
        "stdev": 8.43603992462
    },
    "spectral_rms": {
        "max": 0.0339003056288,
        "mean": 0.00232227053493,
        "min": 0.000212143684621,
        "stdev": 0.00329218409024
    },
    "spectral_rolloff": {
        "max": 2476.31835938,
        "mean": 1067.56237793,
        "min": 107.666015625,
        "stdev": 709.785217285
    },
    "spectral_skewness": {
        "max": 6.22330093384,
        "mean": 2.00837492943,
        "min": 1.11910378933,
        "stdev": 0.696334004402
    },
    "spectral_spread": {
        "max": 13632052,
        "mean": 3156990.5,
        "min": 1007998.4375,
        "stdev": 1500588.25
    },
    "spectral_strongpeak": {
        "max": 6.95975208282,
        "mean": 0.423648893833,
        "min": 0,
        "stdev": 0.737345814705
    },
    "zerocrossingrate": {
        "max": 0.08203125,
        "mean": 0.0444914475083,
        "min": 0.0048828125,
        "stdev": 0.0158845148981
    },
    "barkbands": {
        "max": [0.00781157705933, 0.291040629148, 0.449416995049, 0.486510396004, 0.43835234642, 0.0773353427649, 0.0418579764664, 0.016219349578, 0.0144330989569, 0.0131434127688, 0.0157049819827, 0.018381331116, 0.0230133868754, 0.0159636940807, 0.00945953838527, 0.00880724657327, 0.00346736982465, 0.00338989077136, 0.000984559184872, 0.000533786835149, 0.000191049606656, 7.99311819719e-05, 1.42167655213e-05, 3.81217159884e-06, 1.58738077971e-06, 7.12977907824e-07, 3.39898150514e-07],
        "mean": [4.23454475822e-05, 0.00114549847785, 0.00140799710061, 0.00263369013555, 0.00351414037868, 0.000865754089318, 0.00056376226712, 0.000522620568518, 0.000632973446045, 0.000645287102088, 0.000677323958371, 0.000867011782248, 0.000894839991815, 0.000835385115352, 0.000652563001495, 0.000425121135777, 0.00017622494488, 8.36965919007e-05, 2.95172012557e-05, 1.30387497848e-05, 5.38362610314e-06, 1.73780949808e-06, 6.42530835648e-07, 3.88322661138e-07, 2.18959499421e-07, 6.09577739397e-08, 1.21902266059e-09],
        "min": [3.56379592503e-09, 1.81896632512e-06, 5.3134101563e-07, 2.55466204635e-07, 1.09609732135e-06, 5.11521079716e-07, 3.42059166769e-07, 1.97075365804e-07, 4.06627634675e-07, 1.90514597875e-07, 1.45830611586e-07, 2.0681007129e-07, 1.81821263823e-07, 1.65506264693e-07, 3.24095594806e-07, 2.19908116605e-07, 2.0811441459e-07, 3.83694839456e-07, 2.14916070718e-07, 9.77318919126e-08, 5.00652390656e-08, 5.99447957939e-08, 6.03840533131e-08, 4.24353530093e-08, 5.73399745463e-08, 1.5488827998e-08, 6.81537326574e-11],
        "stdev": [0.000315306970151, 0.0114794848487, 0.0159805230796, 0.0220892392099, 0.0274143889546, 0.00449858978391, 0.00188338651787, 0.00134467461612, 0.00151481677312, 0.00145897688344, 0.00154773367103, 0.00204724469222, 0.00209227856249, 0.00195945170708, 0.00143761734944, 0.00101448711939, 0.000414970127167, 0.000233670711168, 7.84602816566e-05, 3.77473006665e-05, 1.38797458931e-05, 4.45942578153e-06, 9.42561598549e-07, 2.76949180034e-07, 1.24111494415e-07, 3.51340148086e-08, 1.16451452925e-08]
    },
    "erbbands": {
        "max": [3.4774491787, 91.5523223877, 508.111541748, 560.01373291, 3014.08666992, 848.048095703, 995.159179688, 905.24621582, 495.573272705, 543.168640137, 327.701293945, 375.803710938, 509.745513916, 407.373321533, 574.447875977, 916.441040039, 973.461608887, 838.57635498, 776.845825195, 652.719360352, 462.789489746, 193.684677124, 201.295547485, 70.1618270874, 32.7719917297, 24.6665859222, 12.0762701035, 5.34366464615, 3.12540841103, 1.10087800026, 0.281311750412, 0.10499830544, 0.0444339625537, 0.0232523437589, 0.00962901394814, 0.00447181146592, 0.00145732145756, 0.000270399672445, 0.000583837972954, 0.00128907477483],
        "mean": [0.0228617284447, 0.304687798023, 1.53777563572, 4.67017507553, 16.4730415344, 7.05581474304, 5.88274621964, 7.63865423203, 7.86164474487, 9.93151569366, 11.8902921677, 13.9368782043, 18.3144874573, 23.8258590698, 30.0555400848, 36.0921401978, 41.1549415588, 41.8305435181, 38.6448364258, 31.9425525665, 19.2338657379, 10.0430698395, 5.55556106567, 2.35818839073, 1.09304463863, 0.603241205215, 0.315079987049, 0.155710294843, 0.0706689953804, 0.0332412645221, 0.0168097037822, 0.0094345472753, 0.00563060585409, 0.00298554450274, 0.001334802364, 0.000514771731105, 5.66022681596e-05, 3.55878023584e-06, 8.64347020979e-06, 1.91826511582e-05],
        "min": [4.56850611954e-05, 0.000548972690012, 0.00159136287402, 0.00194614101201, 0.00404837494716, 0.0040501630865, 0.00380965531804, 0.00531362602487, 0.00794714409858, 0.00677990820259, 0.00512608885765, 0.00809376779944, 0.0114661855623, 0.00996587984264, 0.0137320784852, 0.0133353928104, 0.0114899678156, 0.0110121201724, 0.014547615312, 0.0168114416301, 0.0147752203047, 0.0145931271836, 0.0152501091361, 0.0168398730457, 0.009845264256, 0.00404835538939, 0.00171708571725, 0.00217491062358, 0.00202419888228, 0.00203228672035, 0.00160793331452, 0.000828671094496, 0.000833414203953, 0.000707767962012, 0.00037837238051, 0.000179376715096, 8.47849150887e-06, 4.54983364762e-07, 8.55856541193e-08, 7.89035325965e-08],
        "stdev": [0.187479451299, 3.3836016655, 17.7832450867, 34.7396087646, 145.522888184, 50.6085853577, 41.8057098389, 40.7358283997, 26.2644500732, 30.2231025696, 29.3135948181, 33.9039878845, 42.7966957092, 52.2248916626, 67.6974258423, 85.8812942505, 95.0670852661, 93.8366241455, 85.4639968872, 73.9623641968, 44.4906387329, 23.4192314148, 15.1843919754, 6.10534572601, 2.80168104172, 1.69422054291, 0.875249445438, 0.39543184638, 0.182601854205, 0.0687476843596, 0.0215083304793, 0.00805121101439, 0.003801089013, 0.00188061920926, 0.000712997629307, 0.000253881938988, 6.04794804531e-05, 1.11684330477e-05, 3.50007903762e-05, 8.11777135823e-05]
    },
    "gfcc": {
        "mean": [-167.136749268, 137.599639893, -142.449676514, 25.1736850739, -46.0498352051, 18.2541217804, -38.6246871948, 4.96961832047, -18.9498939514, -2.3990240097, -13.0727939606, -7.85263156891, -2.95030117035],
        "cov": [[8485.9453125, 2281.33740234, -3093.03100586, -2392.37670898, 769.653564453, -1154.96569824, 266.15234375, -822.31640625, 416.868164062, -235.590515137, 394.655975342, -330.536193848, 304.507446289], [2281.33740234, 886.225830078, -525.968322754, -629.736938477, 240.478790283, -353.96081543, 45.461971283, -267.430938721, 112.470321655, -101.077987671, 109.913719177, -143.95526123, 64.3089294434], [-3093.03100586, -525.968322754, 1788.98339844, 1076.47888184, -246.529281616, 341.090362549, -76.4499588013, 225.766479492, -174.209838867, 8.63777065277, -155.387023926, 44.1412773132, -169.237823486], [-2392.37670898, -629.736938477, 1076.47888184, 839.539916992, -184.427322388, 320.748535156, -41.7285690308, 222.883117676, -127.734161377, 41.5446662903, -120.054634094, 78.2062988281, -107.752723694], [769.653564453, 240.478790283, -246.529281616, -184.427322388, 181.930923462, -51.5987930298, 33.8788032532, -72.6734771729, 47.1270294189, -31.589471817, 33.9772338867, -45.9403190613, 27.7219810486], [-1154.96569824, -353.96081543, 341.090362549, 320.748535156, -51.5987930298, 242.55682373, -10.0590057373, 131.28956604, -43.2415428162, 49.712677002, -53.1705932617, 50.0326156616, -30.9416313171], [266.15234375, 45.461971283, -76.4499588013, -41.7285690308, 33.8788032532, -10.0590057373, 65.975189209, -8.89563083649, 13.1511564255, -4.35583543777, 15.6008234024, -7.84320402145, 6.21112155914], [-822.31640625, -267.430938721, 225.766479492, 222.883117676, -72.6734771729, 131.28956604, -8.89563083649, 126.870201111, -21.573600769, 36.913028717, -35.7290802002, 46.5325698853, -24.9119148254], [416.868164062, 112.470321655, -174.209838867, -127.734161377, 47.1270294189, -43.2415428162, 13.1511564255, -21.573600769, 55.8363494873, 8.1431760788, 25.3466625214, -15.0325241089, 20.9678611755], [-235.590515137, -101.077987671, 8.63777065277, 41.5446662903, -31.589471817, 49.712677002, -4.35583543777, 36.913028717, 8.1431760788, 55.9418754578, 7.29689025879, 24.4655437469, 4.94616508484], [394.655975342, 109.913719177, -155.387023926, -120.054634094, 33.9772338867, -53.1705932617, 15.6008234024, -35.7290802002, 25.3466625214, 7.29689025879, 50.7256965637, 0.854872763157, 21.4076442719], [-330.536193848, -143.95526123, 44.1412773132, 78.2062988281, -45.9403190613, 50.0326156616, -7.84320402145, 46.5325698853, -15.0325241089, 24.4655437469, 0.854872763157, 57.604385376, 8.37705802917], [304.507446289, 64.3089294434, -169.237823486, -107.752723694, 27.7219810486, -30.9416313171, 6.21112155914, -24.9119148254, 20.9678611755, 4.94616508484, 21.4076442719, 8.37705802917, 46.649143219]],
        "icov": [[0.00575201306492, -0.00601813057438, 0.00618992745876, -0.00235925707966, -0.00286443927325, 0.00753546087071, -0.00942891463637, 0.00838063657284, -0.00600894773379, 0.00122733414173, 0.00220353715122, -0.00290962029248, 0.00226964754984], [-0.00601813057438, 0.0247473474592, -0.0157986003906, 0.0168744865805, -0.00562707614154, 0.000126190876472, 0.00843921490014, -0.00428373832256, -0.00135641905945, 0.00549919670448, -0.0131864668801, 0.0154597517103, -0.00985159538686], [0.00618992745876, -0.0157986003906, 0.0149199999869, -0.0150781245902, 0.00301759853028, 0.00363193056546, -0.00799320917577, 0.0082831857726, -0.00348521233536, 0.000528097327333, 0.00496499333531, -0.00568257039413, 0.00702975736931], [-0.00235925707966, 0.0168744865805, -0.0150781245902, 0.024562548846, -0.00769675523043, 0.00120477401651, 0.000674372538924, -0.00459148688242, 0.00180642784107, 0.000959739438258, -0.0030254307203, 0.00403628079221, -0.00324698793702], [-0.00286443927325, -0.00562707614154, 0.00301759853028, -0.00769675523043, 0.020766524598, -0.0159463249147, 0.00419645803049, -0.000303789216559, -0.00332141900435, 0.00879698619246, -0.00558111770079, 0.00459700496867, -0.00171849865001], [0.00753546087071, 0.000126190876472, 0.00363193056546, 0.00120477401651, -0.0159463249147, 0.0313799344003, -0.014321400784, 0.00309451692738, -0.00281819584779, -0.0092220203951, 0.00831960421056, -0.00212055444717, -0.000746487290598], [-0.00942891463637, 0.00843921490014, -0.00799320917577, 0.000674372538924, 0.00419645803049, -0.014321400784, 0.0342551134527, -0.016627766192, 0.00951949972659, 0.00171032780781, -0.0114771798253, 0.00854180380702, -0.00368715520017], [0.00838063657284, -0.00428373832256, 0.0082831857726, -0.00459148688242, -0.000303789216559, 0.00309451692738, -0.016627766192, 0.0467227101326, -0.0265345275402, 0.0032791509293, 0.00870329793543, -0.0156306903809, 0.0104348119348], [-0.00600894773379, -0.00135641905945, -0.00348521233536, 0.00180642784107, -0.00332141900435, -0.00281819584779, 0.00951949972659, -0.0265345275402, 0.0554134175181, -0.0210722871125, -0.00111380976159, 0.00925566442311, -0.00653439667076], [0.00122733414173, 0.00549919670448, 0.000528097327333, 0.000959739438258, 0.00879698619246, -0.0092220203951, 0.00171032780781, 0.0032791509293, -0.0210722871125, 0.046889424324, -0.0248473044485, 0.00762325292453, -0.00674736546353], [0.00220353715122, -0.0131864668801, 0.00496499333531, -0.0030254307203, -0.00558111770079, 0.00831960421056, -0.0114771798253, 0.00870329793543, -0.00111380976159, -0.0248473044485, 0.0615334324539, -0.0324626900256, 0.010556104593], [-0.00290962029248, 0.0154597517103, -0.00568257039413, 0.00403628079221, 0.00459700496867, -0.00212055444717, 0.00854180380702, -0.0156306903809, 0.00925566442311, 0.00762325292453, -0.0324626900256, 0.0612462833524, -0.0283043161035], [0.00226964754984, -0.00985159538686, 0.00702975736931, -0.00324698793702, -0.00171849865001, -0.000746487290598, -0.00368715520017, 0.0104348119348, -0.00653439667076, -0.00674736546353, 0.010556104593, -0.0283043161035, 0.0486859232187]]
    },
    "melbands": {
        "max": [0.0484741777182, 0.208920121193, 0.20906624198, 0.115517914295, 0.0390104576945, 0.0180169958621, 0.00765934493393, 0.00571756158024, 0.00245653605089, 0.00223146611825, 0.00250104442239, 0.00159721286036, 0.00220270454884, 0.00223754742183, 0.00199964805506, 0.00209808791988, 0.00153786840383, 0.00151372724213, 0.000759373302571, 0.000869417213835, 0.000532752717845, 0.000192377789062, 0.000176709960215, 0.000227277312661, 6.3197046984e-05, 3.33828938892e-05, 2.23646511586e-05, 1.60789895745e-05, 9.62603098742e-06, 5.3141443459e-06, 3.06739411826e-06, 2.29148463404e-06, 1.05710944354e-06, 5.92231231167e-07, 1.64831888583e-07, 7.772610644e-08, 6.3628199598e-08, 3.52024791539e-08, 2.9231214782e-08, 2.11388293536e-08],
        "mean": [0.000256223458564, 0.000665748841129, 0.00127422984224, 0.000846551381983, 0.000210128855542, 0.00016805055202, 0.000120262338896, 0.000110398417746, 9.77435993263e-05, 8.86372799869e-05, 9.14871197892e-05, 9.43860795815e-05, 9.71233312157e-05, 9.76471637841e-05, 9.1919573606e-05, 8.90049414011e-05, 7.62057170505e-05, 6.44189349259e-05, 4.8532117944e-05, 3.57474491466e-05, 1.9328774215e-05, 1.0612717233e-05, 6.93383617545e-06, 3.59291220775e-06, 1.72870022652e-06, 9.29824068407e-07, 5.7150163002e-07, 3.56298897941e-07, 2.16405155129e-07, 1.28124270304e-07, 7.52144799776e-08, 4.20799075584e-08, 2.54816114875e-08, 1.53990757923e-08, 1.02193125073e-08, 6.54202914063e-09, 5.59501778241e-09, 4.15248457841e-09, 3.08684211525e-09, 2.30759811259e-09],
        "min": [5.06934895839e-07, 1.64347613918e-06, 3.87507128607e-07, 4.00485703267e-07, 1.94899669737e-07, 1.28479371142e-07, 9.79606369356e-08, 5.92105955377e-08, 2.21690754643e-08, 5.92077888939e-08, 4.78538417781e-08, 3.65164645189e-08, 3.1784097132e-08, 2.570072688e-08, 2.09729549283e-08, 1.78869168366e-08, 1.52992427616e-08, 1.67245755023e-08, 1.73094854006e-08, 1.96466665159e-08, 1.31581918694e-08, 1.22935048807e-08, 1.05868647182e-08, 1.66986957595e-08, 9.59118739985e-09, 5.45595701951e-09, 5.60500268421e-09, 1.82554948935e-09, 7.02993385726e-10, 1.47326228994e-09, 1.25981802768e-09, 1.26731580785e-09, 9.67338542601e-10, 1.13255171907e-09, 9.50352463391e-10, 7.35567051713e-10, 4.08031330945e-10, 5.41754585637e-10, 6.17399908975e-10, 6.01636240827e-10],
        "stdev": [0.00225742743351, 0.00748445559293, 0.0102367904037, 0.00675948755816, 0.00153764511924, 0.000853900273796, 0.000401310069719, 0.000325090280967, 0.000237526430283, 0.000214515355765, 0.00021551939426, 0.000208686615224, 0.000222086673602, 0.000230664503761, 0.000221410155063, 0.000204513562494, 0.000175316541572, 0.000151355270646, 0.000108423912025, 8.81052037585e-05, 4.53944485344e-05, 2.48717369686e-05, 1.82586954907e-05, 1.12895231723e-05, 4.68591179015e-06, 2.44704096986e-06, 1.6057135781e-06, 1.04378329979e-06, 6.39488575871e-07, 3.31982818125e-07, 1.99474669671e-07, 1.18573112218e-07, 5.94901941042e-08, 3.07095220364e-08, 1.30962343192e-08, 6.78667477771e-09, 4.36065539233e-09, 2.83711187876e-09, 2.11866635347e-09, 1.45609724278e-09]
    },
    "melbands128": {
        "max": [0.00463568093255, 0.026814872399, 0.0552755966783, 0.18470428884, 0.289572834969, 0.188412860036, 0.105341866612, 0.365608692169, 0.385591208935, 0.117247492075, 0.0396430790424, 0.0622083991766, 0.0356107987463, 0.0198927409947, 0.0231782402843, 0.0266008712351, 0.0114560639486, 0.00669225025922, 0.0089228246361, 0.00699495943263, 0.00465429201722, 0.00507581792772, 0.00338293146342, 0.00308086583391, 0.00375065300614, 0.00216091191396, 0.00371523806825, 0.00332668889314, 0.0024286408443, 0.00201847706921, 0.00229503191076, 0.00371599546634, 0.00270010367967, 0.00211936375126, 0.00279014790431, 0.00333996629342, 0.0030452052597, 0.00274440087378, 0.00232350314036, 0.0027762465179, 0.00236947834492, 0.00311174150556, 0.00201954552904, 0.00278634857386, 0.0041416794993, 0.00224673678167, 0.00124106393196, 0.000956952571869, 0.00110010325443, 0.00170735339634, 0.00128135411069, 0.000785703479778, 0.000920011603739, 0.000389454013202, 0.000306610483676, 0.00027204019716, 0.000294324883725, 0.000320673192618, 0.000209200763493, 0.000228216333198, 0.000488775083795, 8.14301747596e-05, 7.22466938896e-05, 7.75114313001e-05, 4.29306055594e-05, 4.62428943138e-05, 2.6957353839e-05, 3.99825585191e-05, 2.98665345326e-05, 1.72686286533e-05, 2.19924950215e-05, 1.6967573174e-05, 2.20198162424e-05, 1.07048635982e-05, 1.04195369204e-05, 6.5251902015e-06, 4.39733048552e-06, 3.40192900694e-06, 2.79545952253e-06, 3.4338270325e-06, 3.67753227692e-06, 1.2856014564e-06, 1.51721928887e-06, 1.23418374187e-06, 7.40903487895e-07, 7.27267945422e-07, 6.1343894231e-07, 2.53329915267e-07, 1.87056514278e-07, 1.7652870099e-07, 1.44048854622e-07, 8.35641316144e-08, 9.48495468833e-08, 8.97032066405e-08, 5.04353501185e-08, 4.28434461242e-08, 5.39251594489e-08, 4.16102707845e-08, 2.98321864989e-08, 4.93307936722e-08, 2.40325803702e-08, 2.62353481162e-08, 1.88614617258e-08, 1.45800003182e-08, 1.34057183132e-08, 7.91042698012e-09, 7.83744180666e-09, 1.17042429082e-08, 7.2681616281e-09, 8.59262527797e-09, 5.00323293906e-09, 2.22659690685e-09, 5.19517406872e-09, 3.02461367063e-09, 2.28847740757e-09, 1.84482984444e-09, 1.25995913702e-09, 1.50916068531e-09, 2.21694684832e-09, 2.16993756297e-09, 1.8853527628e-09, 9.49844980447e-10, 6.66975641384e-10, 9.10577613311e-10, 1.63038493817e-09, 1.50402068577e-09, 9.8664199033e-10, 9.56944190555e-10],
        "mean": [3.13057716994e-05, 0.000154745968757, 0.000291517033475, 0.000556436658371, 0.000780353962909, 0.000648751156405, 0.000657864613459, 0.00167959067039, 0.00203566602431, 0.000633252493571, 0.000281051528873, 0.000233511600527, 0.00020386565302, 0.000160349271027, 0.00018005190941, 0.000171651350684, 0.000125908147311, 0.000113192276331, 0.00010761784506, 0.000113529385999, 0.000111883069621, 0.000100833793113, 9.59437820711e-05, 9.58407617873e-05, 8.62607776071e-05, 8.62704473548e-05, 9.16510762181e-05, 9.18081277632e-05, 9.20631209738e-05, 9.19002122828e-05, 9.53672642936e-05, 9.89116233541e-05, 9.79477481451e-05, 9.38642406254e-05, 9.96207745629e-05, 9.8952492408e-05, 9.51678448473e-05, 9.04274274944e-05, 9.04282787815e-05, 9.31114336709e-05, 8.95137636689e-05, 8.16309984657e-05, 7.63544740039e-05, 7.1007583756e-05, 7.87747558206e-05, 6.07085421507e-05, 5.25768373336e-05, 4.99817979289e-05, 4.66275741928e-05, 4.29293395428e-05, 3.53670111508e-05, 2.77007184195e-05, 2.20300789806e-05, 1.58484290296e-05, 1.20583272292e-05, 1.02573012555e-05, 9.22247090784e-06, 8.29237887956e-06, 5.87420254305e-06, 4.64209642814e-06, 3.98155953008e-06, 2.361143288e-06, 1.89289369246e-06, 1.64221307841e-06, 1.2577728512e-06, 9.29231077862e-07, 7.24704250388e-07, 6.30853094208e-07, 5.67029644571e-07, 4.29437790217e-07, 3.77576299115e-07, 3.05138911472e-07, 2.62396241624e-07, 1.99180803406e-07, 1.69544350115e-07, 1.30917811703e-07, 1.13505450372e-07, 9.48749061536e-08, 7.15412582508e-08, 5.39895737006e-08, 4.57453985803e-08, 3.70518193904e-08, 3.19968407325e-08, 2.43054376625e-08, 2.09389003913e-08, 1.60341677713e-08, 1.47633940628e-08, 1.0905586656e-08, 1.1127890609e-08, 8.26430657241e-09, 7.68323893396e-09, 5.80787284932e-09, 5.1570303583e-09, 5.91284621265e-09, 5.36175459587e-09, 5.28334220817e-09, 3.54133744551e-09, 3.16197157346e-09, 3.55542284503e-09, 2.77455147746e-09, 2.48175413553e-09, 2.18578555256e-09, 2.13728523768e-09, 1.76304104649e-09, 1.42981670948e-09, 1.1623204621e-09, 1.20906995527e-09, 1.0150156271e-09, 7.89835141735e-10, 8.88269124921e-10, 6.06007632964e-10, 1.01469450897e-10, 1.33654077389e-11, 9.48881424823e-12, 8.32102876186e-12, 6.97533046948e-12, 6.50175573103e-12, 5.63432070097e-12, 6.04634658313e-12, 6.06952205509e-12, 5.34960443999e-12, 4.80450575158e-12, 4.17889204143e-12, 4.57759047681e-12, 4.71795736159e-12, 4.81751097348e-12, 4.05422180202e-12, 4.14054684636e-12],
        "min": [1.89162441266e-09, 2.61006846358e-07, 2.27114270501e-07, 2.29064895052e-07, 1.01558399024e-07, 2.84668999484e-07, 2.24025242801e-07, 9.80443957133e-08, 7.82938798238e-08, 5.21089305039e-08, 2.89733463887e-08, 6.16428295075e-08, 1.36280995378e-08, 1.71491905121e-08, 3.59819658513e-08, 2.48705731565e-08, 7.11531882303e-08, 1.90427194013e-08, 9.31569488216e-09, 1.80722832255e-08, 1.44950540459e-08, 1.22842305217e-08, 1.00773061007e-08, 1.28134409749e-08, 1.30556587763e-08, 2.01758254548e-08, 3.5064090298e-08, 1.48071954698e-08, 5.2741260248e-09, 2.87569656976e-09, 1.54700643407e-08, 1.38777549452e-08, 1.00623118726e-08, 1.2943796257e-08, 9.4222034619e-09, 7.52529594195e-09, 1.24686048153e-08, 8.15359868511e-09, 6.00703975451e-09, 6.22484330748e-09, 5.73550362759e-09, 9.39836031222e-09, 3.88610654767e-09, 4.11447720339e-09, 3.60583052306e-09, 4.80869122299e-09, 7.72508901292e-09, 8.811126051e-09, 1.31464137354e-08, 1.1089968055e-08, 1.25611512303e-08, 8.24605983496e-09, 4.86804685451e-09, 3.50294548923e-09, 5.47323564248e-09, 3.98577437721e-09, 5.0875081925e-09, 2.19239315591e-09, 4.32954072593e-09, 9.36006916419e-09, 3.90473742229e-09, 7.39504901759e-09, 5.58209212187e-09, 3.57873064516e-09, 3.83129306059e-09, 2.84643975057e-09, 2.17682560866e-09, 1.80433379349e-09, 1.89328019928e-09, 2.04658023861e-09, 2.53154830432e-09, 8.67111160652e-10, 3.0981225918e-10, 7.57316154232e-10, 9.09524178194e-10, 1.96639970973e-09, 1.49166790031e-09, 8.40118807854e-10, 1.16050924426e-09, 1.74442849055e-09, 1.55049584283e-09, 9.79293313108e-10, 8.40626068754e-10, 7.96748667042e-10, 1.17278720069e-09, 1.13504594612e-09, 8.81338280134e-10, 7.9851142365e-10, 1.08838404955e-09, 8.85102435788e-10, 9.17929399158e-10, 7.09690750611e-10, 3.39346550859e-10, 7.45465147944e-11, 3.4574645924e-10, 3.87972709515e-10, 2.74511302578e-10, 6.05889227678e-10, 4.10177641852e-10, 4.82005824143e-10, 1.68432295888e-10, 2.49847115219e-10, 3.50888124112e-10, 1.45959105913e-10, 1.71780437097e-10, 1.33243180378e-10, 1.676333794e-10, 8.63665527984e-11, 1.23487895257e-11, 4.0563351289e-11, 1.29472352978e-11, 4.85679205187e-13, 1.60594749847e-13, 1.46920548102e-13, 1.50376821997e-13, 1.86475888984e-13, 1.70629406871e-13, 1.43071765915e-13, 1.55685956748e-13, 1.84242391851e-13, 1.93450561559e-13, 1.91156078054e-13, 1.67533237175e-13, 1.9342712924e-13, 2.10003984146e-13, 1.9316167589e-13, 1.7263898915e-13, 1.72228090079e-13],
        "stdev": [0.000210357640754, 0.00131203955971, 0.00272657629102, 0.00679198373109, 0.00987959653139, 0.00702824769542, 0.0052380701527, 0.0153212696314, 0.0186689607799, 0.00520047545433, 0.00214538769796, 0.00210654269904, 0.00157077249605, 0.000961872399785, 0.0010894080624, 0.000965321960393, 0.000462753610918, 0.000374347902834, 0.000434335437603, 0.000376480689738, 0.000323871005094, 0.000298966711853, 0.000253170088399, 0.00026493758196, 0.000254299404332, 0.000224413801334, 0.000251470133662, 0.000247402407695, 0.000237906511757, 0.000221222551772, 0.000242399415583, 0.000255932420259, 0.000260050408542, 0.000234253137023, 0.000264270463958, 0.000269518408459, 0.000266360933892, 0.000238566935877, 0.000247310148552, 0.000244625814958, 0.000230876670685, 0.000219159992412, 0.000193567713723, 0.000195140877622, 0.000254256010521, 0.000156593887368, 0.000127995837829, 0.000119357813674, 0.000116367256851, 0.000121534874779, 9.95111404336e-05, 7.28688028175e-05, 5.9832855186e-05, 3.94441158278e-05, 3.02667685901e-05, 2.64337977569e-05, 2.49619461101e-05, 2.42629030254e-05, 1.71361698449e-05, 1.43679826579e-05, 1.81000923476e-05, 6.47466094961e-06, 5.4472411648e-06, 5.1631950555e-06, 3.56749796993e-06, 2.75642719316e-06, 1.99706187232e-06, 2.03262402465e-06, 1.76072774138e-06, 1.30664784592e-06, 1.23754648484e-06, 9.23195898395e-07, 9.60258489613e-07, 6.32242290521e-07, 4.92248886985e-07, 3.58829964853e-07, 3.12773352107e-07, 2.58628375605e-07, 2.0005042245e-07, 1.62081434496e-07, 1.67466055245e-07, 8.8883766125e-08, 8.59383249008e-08, 6.22804918748e-08, 4.61906886073e-08, 3.83781149083e-08, 2.94166557779e-08, 1.72984329083e-08, 1.42911780188e-08, 1.15057616767e-08, 8.87291662366e-09, 6.47975095802e-09, 5.86561110794e-09, 5.17223286423e-09, 4.25891988343e-09, 3.80541020917e-09, 3.24498827808e-09, 2.79603673548e-09, 2.49381493234e-09, 2.46939690918e-09, 1.89024751407e-09, 1.59588842141e-09, 1.52372847673e-09, 1.17257603627e-09, 9.61018153944e-10, 7.05414893165e-10, 7.36015137726e-10, 6.86898371516e-10, 4.66276628419e-10, 5.56986734512e-10, 3.87045451244e-10, 1.35975078419e-10, 1.54263296581e-10, 1.07373956948e-10, 9.36739991131e-11, 7.32857038943e-11, 6.18636392113e-11, 5.30273464028e-11, 6.86468659694e-11, 6.90607224185e-11, 5.85956699828e-11, 4.09113541655e-11, 2.97164168273e-11, 3.7763788624e-11, 4.90203606873e-11, 4.78357423117e-11, 3.31401503462e-11, 3.48822290497e-11]
    },
    "mfcc": {
        "mean": [-799.650695801, 161.576202393, -26.464094162, 13.4780244827, 9.61241817474, 9.76343727112, -1.10407733917, 2.61559724808, 1.85696649551, 1.7831786871, -2.22742033005, -1.14086592197, -2.685942173],
        "cov": [[9610.50878906, 3080.21630859, -3921.67993164, -1294.50732422, -638.014160156, -403.189239502, -449.671173096, -587.386657715, -224.760238647, -169.7215271, -77.0524520874, -3.42333054543, -11.4427680969], [3080.21630859, 1371.35998535, -1031.515625, -368.133117676, -134.882217407, -137.513076782, -157.135818481, -221.698150635, -109.708961487, -53.7055625916, -22.1615104675, -24.1641426086, -48.8186569214], [-3921.67993164, -1031.515625, 2007.13659668, 734.59161377, 283.828796387, 171.919525146, 190.8671875, 236.126693726, 52.5069198608, 56.4656295776, 45.1494598389, -22.4959545135, -45.2720298767], [-1294.50732422, -368.133117676, 734.59161377, 351.505340576, 111.900939941, 67.1251754761, 81.3540725708, 94.5044174194, 14.5113925934, 14.5814971924, 20.1964626312, -14.3577356339, -27.1812419891], [-638.014160156, -134.882217407, 283.828796387, 111.900939941, 141.132797241, 64.6726760864, 41.4411735535, 49.929473877, 20.4852962494, 24.675535202, 6.49354124069, -11.0283374786, -9.26304244995], [-403.189239502, -137.513076782, 171.919525146, 67.1251754761, 64.6726760864, 81.2338104248, 51.4744033813, 35.8125152588, 20.9562187195, 20.0939655304, 3.97541999817, -3.08814620972, 5.42559146881], [-449.671173096, -157.135818481, 190.8671875, 81.3540725708, 41.4411735535, 51.4744033813, 73.2410583496, 49.9572944641, 17.3897361755, 14.7764425278, 5.86892080307, 0.693832814693, 4.43617391586], [-587.386657715, -221.698150635, 236.126693726, 94.5044174194, 49.929473877, 35.8125152588, 49.9572944641, 83.0015716553, 30.4263782501, 11.1818494797, 8.08315849304, 2.28626418114, 2.66513371468], [-224.760238647, -109.708961487, 52.5069198608, 14.5113925934, 20.4852962494, 20.9562187195, 17.3897361755, 30.4263782501, 44.7388458252, 20.3752574921, 0.121780894697, 3.63359546661, 10.5545969009], [-169.7215271, -53.7055625916, 56.4656295776, 14.5814971924, 24.675535202, 20.0939655304, 14.7764425278, 11.1818494797, 20.3752574921, 39.3582687378, 12.7716617584, 0.214664399624, 4.98748064041], [-77.0524520874, -22.1615104675, 45.1494598389, 20.1964626312, 6.49354124069, 3.97541999817, 5.86892080307, 8.08315849304, 0.121780894697, 12.7716617584, 30.7590351105, 10.5334692001, -1.37311816216], [-3.42333054543, -24.1641426086, -22.4959545135, -14.3577356339, -11.0283374786, -3.08814620972, 0.693832814693, 2.28626418114, 3.63359546661, 0.214664399624, 10.5334692001, 30.5161190033, 14.9077692032], [-11.4427680969, -48.8186569214, -45.2720298767, -27.1812419891, -9.26304244995, 5.42559146881, 4.43617391586, 2.66513371468, 10.5545969009, 4.98748064041, -1.37311816216, 14.9077692032, 37.7242088318]],
        "icov": [[0.00428193854168, -0.00566506432369, 0.00750295817852, -0.00730618648231, 0.00635159248486, -0.00487077934667, 0.00377350393683, -0.00191429571714, 0.000254849146586, 0.000598056765739, -0.00100332789589, 0.000641553429887, -0.00078122963896], [-0.00566506432369, 0.00941636878997, -0.00914973858744, 0.00973431672901, -0.00948595441878, 0.00734460167587, -0.00531458808109, 0.00521988375112, 0.00117586739361, -0.000652521499433, 0.00085745123215, -0.00034008329385, 0.00329422601499], [0.00750295817852, -0.00914973858744, 0.0158418621868, -0.0172207336873, 0.0100861238316, -0.00855475664139, 0.00703394412994, -0.00393576081842, 0.00191369920503, -0.000555240025278, -0.00102855451405, 0.000453345855931, -0.000481984345242], [-0.00730618648231, 0.00973431672901, -0.0172207336873, 0.0263484492898, -0.0119282808155, 0.00900822039694, -0.0102837830782, 0.00245198747143, -0.00016259351105, 0.00307512236759, -0.00240221899003, 0.00197686161846, 0.00428127637133], [0.00635159248486, -0.00948595441878, 0.0100861238316, -0.0119282808155, 0.0250719133765, -0.0180490817875, 0.0111124729738, -0.00965520180762, 0.00180369103327, -0.00489501049742, 0.000985355814919, 0.00184946518857, 0.000735465378966], [-0.00487077934667, 0.00734460167587, -0.00855475664139, 0.00900822039694, -0.0180490817875, 0.0380833819509, -0.0236424934119, 0.0101562123746, -0.00580588681623, -0.000780255068094, -0.000154833905981, 0.00244670221582, -0.00283995666541], [0.00377350393683, -0.00531458808109, 0.00703394412994, -0.0102837830782, 0.0111124729738, -0.0236424934119, 0.0415620692074, -0.0195227079093, 0.00818748120219, -0.00733590312302, 0.00367310387082, -0.00234449096024, -0.00234136311337], [-0.00191429571714, 0.00521988375112, -0.00393576081842, 0.00245198747143, -0.00965520180762, 0.0101562123746, -0.0195227079093, 0.0401861593127, -0.0195605158806, 0.0131801757962, -0.0088705746457, 0.00166235212237, 0.00159342924599], [0.000254849146586, 0.00117586739361, 0.00191369920503, -0.00016259351105, 0.00180369103327, -0.00580588681623, 0.00818748120219, -0.0195605158806, 0.0489440783858, -0.025741385296, 0.0153722679242, -0.00648920051754, -0.00169113103766], [0.000598056765739, -0.000652521499433, -0.000555240025278, 0.00307512236759, -0.00489501049742, -0.000780255068094, -0.00733590312302, 0.0131801757962, -0.025741385296, 0.0521564595401, -0.027410697192, 0.0130733344704, -0.00612942455336], [-0.00100332789589, 0.00085745123215, -0.00102855451405, -0.00240221899003, 0.000985355814919, -0.000154833905981, 0.00367310387082, -0.0088705746457, 0.0153722679242, -0.027410697192, 0.0558937229216, -0.0262267291546, 0.0100207766518], [0.000641553429887, -0.00034008329385, 0.000453345855931, 0.00197686161846, 0.00184946518857, 0.00244670221582, -0.00234449096024, 0.00166235212237, -0.00648920051754, 0.0130733344704, -0.0262267291546, 0.0543650239706, -0.0203678887337], [-0.00078122963896, 0.00329422601499, -0.000481984345242, 0.00428127637133, 0.000735465378966, -0.00283995666541, -0.00234136311337, 0.00159342924599, -0.00169113103766, -0.00612942455336, 0.0100207766518, -0.0203678887337, 0.0434895902872]]
    },
    "spectral_contrast_coeffs": {
        "max": [-0.377381831408, -0.64793419838, -0.690911710262, -0.697805643082, -0.56581389904, -0.621763467789],
        "mean": [-0.761140108109, -0.851594388485, -0.847239613533, -0.851293623447, -0.826888680458, -0.798632442951],
        "min": [-0.913888812065, -0.946656167507, -0.936268687248, -0.916766345501, -0.902377665043, -0.925752878189],
        "stdev": [0.0723391845822, 0.0423174053431, 0.0379404053092, 0.0370701551437, 0.0509053692222, 0.0412502996624]
    },
    "spectral_contrast_valleys": {
        "max": [-3.69928526878, -4.12734937668, -4.80610084534, -4.96954584122, -6.36861944199, -11.0012331009],
        "mean": [-7.82868385315, -7.52419710159, -7.91442918777, -8.12214374542, -9.02657318115, -12.2593889236],
        "min": [-9.45651912689, -9.91118812561, -10.329000473, -10.3156518936, -10.7489099503, -12.7691993713],
        "stdev": [0.81399667263, 1.30417835712, 1.47109866142, 1.50863754749, 0.866933405399, 0.178882524371]
    }
},
"rhythm": {
    "beats_count": 60,
    "beats_loudness": {
        "max": 0.763410508633,
        "mean": 0.040698684752,
        "min": 0.000117568139103,
        "stdev": 0.139950916171
    },
    "bpm": 106.860916138,
    "bpm_histogram_first_peak_bpm": 105,
    "bpm_histogram_first_peak_weight": 0.388888955116,
    "bpm_histogram_second_peak_bpm": 115,
    "bpm_histogram_second_peak_spread": 0.214285731316,
    "bpm_histogram_second_peak_weight": 0.186440676451,
    "danceability": 0.98947095871,
    "onset_rate": 2.33789038658,
    "beats_loudness_band_ratio": {
        "max": [0.984845399857, 0.61004537344, 0.306257098913, 0.623844921589, 0.416313022375, 0.0370274111629],
        "mean": [0.449549674988, 0.145209267735, 0.125838339329, 0.197405412793, 0.121639661491, 0.00980313681066],
        "min": [0.0121272616088, 0.00752973556519, 0.00396810565144, 0.00225770799443, 0.00191322469618, 0.000201131755603],
        "stdev": [0.328836709261, 0.118547320366, 0.0836183130741, 0.182239130139, 0.109175547957, 0.00802630744874]
    },
    "beats_position": [0.522448956966, 1.05650794506, 1.60217678547, 2.13623571396, 2.68190479279, 3.25079369545, 3.8196823597, 4.38857126236, 4.94585037231, 5.50312900543, 5.99074840546, 6.47836732864, 6.96598625183, 7.51165533066, 8.05732440948, 8.60299301147, 9.12544155121, 9.64789104462, 10.1703395844, 10.6927890778, 11.2152376175, 11.7376871109, 12.2601356506, 12.782585144, 13.3050336838, 13.8507022858, 14.3963718414, 14.9884805679, 15.5805892944, 16.1843090057, 16.7299766541, 17.2756462097, 17.8213157654, 18.3089332581, 18.7965526581, 19.272562027, 19.7950115204, 20.3174591064, 20.8863487244, 21.4552383423, 22.0241260529, 22.5930156708, 23.1619052887, 23.7307929993, 24.3112926483, 24.89179039, 25.4490699768, 26.0179595947, 26.5868473053, 27.0512466431, 27.527256012, 28.0032653809, 28.4792747498, 28.9552822113, 29.4312915802, 29.9073009491, 30.3717002869, 30.8128795624, 31.3121089935, 31.8229465485],
