{
"metadata": {
    "version": {
        "essentia": "2.1-beta5",
        "essentia_git_sha": "Undefined",
        "extractor": "music 2.0"
    },
    "audio_properties": {
        "analysis": {
            "equal_loudness": 0,
            "length": 32.4963264465,
            "sample_rate": 44100,
            "start_time": 93.9943771362,
            "downmix": "mix"
        },
        "bit_rate": 192000,
        "length": 218.499786377,
        "lossless": 0,
        "number_channels": 2,
        "replay_gain": -11.0978603363,
        "sample_rate": 48000,
        "codec": "mp3",
        "md5_encoded": "3c55ed192f79d263884ef3ed9fb64d48"
    },
    "tags": {
        "file_name": "Sweden_You_re Summer_The Nova and The Dolls.mp3",
        "encoding": ["Lavf58.29.100"]
    }
},
"lowlevel": {
    "average_loudness": 0.913184165955,
    "barkbands_crest": {
        "max": 23.795085907,
        "mean": 10.6940832138,
        "min": 3.74237942696,
        "stdev": 3.46968722343
    },
    "barkbands_flatness_db": {
        "max": 0.39957600832,
        "mean": 0.263826102018,
        "min": 0.0943643078208,
        "stdev": 0.0555541738868
    },
    "barkbands_kurtosis": {
        "max": 39.9789276123,
        "mean": 5.59656238556,
        "min": -1.52275574207,
        "stdev": 6.55345678329
    },
    "barkbands_skewness": {
        "max": 5.4080581665,
        "mean": 1.36844217777,
        "min": -1.46201169491,
        "stdev": 1.06003475189
    },
    "barkbands_spread": {
        "max": 36.6026763916,
        "mean": 7.49380970001,
        "min": 1.10665750504,
        "stdev": 5.09277820587
    },
    "dissonance": {
        "max": 0.5,
        "mean": 0.422766268253,
        "min": 0.170234069228,
        "stdev": 0.0512558706105
    },
    "dynamic_complexity": 3.02094817162,
    "erbbands_crest": {
        "max": 29.3048934937,
        "mean": 11.8422517776,
        "min": 3.46622872353,
        "stdev": 5.0547246933
    },
    "erbbands_flatness_db": {
        "max": 0.401637196541,
        "mean": 0.26291975379,
        "min": 0.118776522577,
        "stdev": 0.0414027161896
    },
    "erbbands_kurtosis": {
        "max": 34.2447853088,
        "mean": 2.40525698662,
        "min": -1.81505870819,
        "stdev": 3.58939909935
    },
    "erbbands_skewness": {
        "max": 4.02641105652,
        "mean": 0.884655058384,
        "min": -1.58757328987,
        "stdev": 0.838194072247
    },
    "erbbands_spread": {
        "max": 98.0272064209,
        "mean": 19.2366352081,
        "min": 2.29477620125,
        "stdev": 13.4093894958
    },
    "hfc": {
        "max": 63.1792106628,
        "mean": 12.35891819,
        "min": 0.122045263648,
        "stdev": 11.611041069
    },
    "loudness_ebu128": {
        "integrated": -13.1902751923,
        "loudness_range": 5.07848548889,
        "momentary": {
            "max": -9.92152118683,
            "mean": -13.8777217865,
            "min": -24.0715351105,
            "stdev": 2.66935396194
        },
        "short_term": {
            "max": -10.9366426468,
            "mean": -13.6588716507,
            "min": -17.3857784271,
            "stdev": 1.77751493454
        }
    },
    "melbands_crest": {
        "max": 29.1871356964,
        "mean": 12.917848587,
        "min": 4.38802099228,
        "stdev": 3.91060590744
    },
    "melbands_flatness_db": {
        "max": 0.510347783566,
        "mean": 0.34100240469,
        "min": 0.143057927489,
        "stdev": 0.0739378631115
    },
    "melbands_kurtosis": {
        "max": 68.7830429077,
        "mean": 9.24522972107,
        "min": -1.6038544178,
        "stdev": 11.6334285736
    },
    "melbands_skewness": {
        "max": 6.67609500885,
        "mean": 1.82681834698,
        "min": -1.17601466179,
        "stdev": 1.30839562416
    },
    "melbands_spread": {
        "max": 45.2700271606,
        "mean": 9.51864147186,
        "min": 1.04670202732,
        "stdev": 6.73571872711
    },
    "pitch_salience": {
        "max": 0.834832310677,
        "mean": 0.571876823902,
        "min": 0.258094251156,
        "stdev": 0.0895864143968
    },
    "silence_rate_20dB": {
        "max": 1,
        "mean": 1,
        "min": 1,
        "stdev": 0
    },
    "silence_rate_30dB": {
        "max": 1,
        "mean": 0.997858643532,
        "min": 0,
        "stdev": 0.0462247207761
    },
    "silence_rate_60dB": {
        "max": 1,
        "mean": 0.0513918623328,
        "min": 0,
        "stdev": 0.220794349909
    },
    "spectral_centroid": {
        "max": 2000.16455078,
        "mean": 562.560119629,
        "min": 178.517196655,
        "stdev": 302.760650635
    },
    "spectral_complexity": {
        "max": 38,
        "mean": 12.5339040756,
        "min": 0,
        "stdev": 6.53255224228
    },
    "spectral_decrease": {
        "max": -5.14886917824e-11,
        "mean": -7.33399518893e-09,
        "min": -4.14276115634e-08,
        "stdev": 5.49705214681e-09
    },
    "spectral_energy": {
        "max": 0.159142360091,
        "mean": 0.0288011748344,
        "min": 0.000205400385312,
        "stdev": 0.0215892139822
    },
    "spectral_energyband_high": {
        "max": 0.000909867580049,
        "mean": 4.01903816964e-05,
        "min": 2.54339937555e-07,
        "stdev": 8.35531755001e-05
    },
    "spectral_energyband_low": {
        "max": 0.0999785736203,
        "mean": 0.00779876718298,
        "min": 2.69589490927e-05,
        "stdev": 0.00886036641896
    },
    "spectral_energyband_middle_high": {
        "max": 0.0559639967978,
        "mean": 0.00338327325881,
        "min": 6.03035277891e-06,
        "stdev": 0.00552854128182
    },
    "spectral_energyband_middle_low": {
        "max": 0.105940401554,
        "mean": 0.019000440836,
        "min": 0.000128940984723,
        "stdev": 0.0163586046547
    },
    "spectral_entropy": {
        "max": 8.02928638458,
        "mean": 6.47739219666,
        "min": 5.04830503464,
        "stdev": 0.513231694698
    },
    "spectral_flux": {
        "max": 0.278353989124,
        "mean": 0.0807587131858,
        "min": 0.00729467859492,
        "stdev": 0.0453362837434
    },
    "spectral_kurtosis": {
        "max": 96.2958145142,
        "mean": 20.7376785278,
        "min": -0.514090538025,
        "stdev": 15.8153629303
    },
    "spectral_rms": {
        "max": 0.0124603705481,
        "mean": 0.00490696867928,
        "min": 0.000447650090791,
        "stdev": 0.00200508162379
    },
    "spectral_rolloff": {
        "max": 4220.5078125,
        "mean": 598.041015625,
        "min": 129.19921875,
        "stdev": 372.686279297
    },
    "spectral_skewness": {
        "max": 7.72562980652,
        "mean": 3.05942034721,
        "min": 0.403872549534,
        "stdev": 1.36269748211
    },
    "spectral_spread": {
        "max": 11620708,
        "mean": 2081015.375,
        "min": 936095,
        "stdev": 740231.3125
    },
    "spectral_strongpeak": {
        "max": 6.910115242,
        "mean": 1.05469930172,
        "min": 0.0163987912238,
        "stdev": 1.16415441036
    },
    "zerocrossingrate": {
        "max": 0.0859375,
        "mean": 0.0242655910552,
        "min": 0.00634765625,
        "stdev": 0.0120882010087
    },
    "barkbands": {
        "max": [0.00114276702516, 0.0412676334381, 0.0760274529457, 0.0558587983251, 0.0670580267906, 0.0407351665199, 0.0528797805309, 0.0523755401373, 0.0579743757844, 0.0485084727407, 0.0233799628913, 0.0276051983237, 0.0109889963642, 0.0129096684977, 0.00671554449946, 0.00464559998363, 0.00413871230558, 0.000935359101277, 0.00167884351686, 0.00194241874851, 0.000264321919531, 0.000366638647392, 0.000170062514371, 6.52475646348e-05, 1.37604820338e-05, 1.20022787087e-05, 1.26855384224e-05],
        "mean": [3.86395513488e-05, 0.00310526252724, 0.00342983868904, 0.00270531186834, 0.00612488016486, 0.00304487184621, 0.00184956134763, 0.00194158952218, 0.00287236459553, 0.00115692662075, 0.000652453221846, 0.000533132173587, 0.000352606963133, 0.000310181261739, 0.000203589719604, 0.000130592408823, 0.000117822513857, 7.06138453097e-05, 8.53850870044e-05, 5.16797517776e-05, 1.13895484901e-05, 7.63177740737e-06, 3.35491563419e-06, 1.18903858493e-06, 2.72370726861e-07, 4.47589023622e-08, 1.00314787588e-08],
        "min": [5.98871849888e-08, 1.31159708872e-06, 3.81171912522e-06, 3.06074184664e-06, 5.39686152479e-05, 1.05814897324e-05, 5.32452577318e-06, 2.05356718652e-06, 1.6377191514e-06, 4.68441839985e-07, 2.20637517145e-07, 1.77059803264e-07, 1.15269102707e-07, 1.9993571243e-07, 1.71559804585e-07, 1.14311902166e-07, 1.2922470205e-07, 1.93689515982e-07, 1.09457829467e-07, 6.66043220576e-08, 6.63589077021e-08, 3.30936948956e-08, 2.44185383025e-08, 2.44149127582e-08, 9.24952026082e-09, 2.15444595497e-09, 1.22773952463e-11],
        "stdev": [7.2693794209e-05, 0.00371272396296, 0.00527947768569, 0.0044267536141, 0.00729133142158, 0.00391365261748, 0.00422319071367, 0.00539014395326, 0.00660279020667, 0.00321663869545, 0.00177230301779, 0.00170698494185, 0.000885107845534, 0.00091715058079, 0.00049144634977, 0.000298158352962, 0.000268380856141, 0.000122279190691, 0.000174383545527, 0.000125661710626, 2.52585577982e-05, 2.71055978374e-05, 1.11404069685e-05, 4.3668383114e-06, 8.8413270305e-07, 3.37456526722e-07, 3.38785753229e-07]
    },
    "erbbands": {
        "max": [0.876790463924, 10.5353031158, 68.0521621704, 128.260162354, 290.774963379, 250.862045288, 213.803741455, 443.020690918, 801.271118164, 831.308227539, 1032.48120117, 1398.96691895, 2037.61950684, 1789.14916992, 1174.19372559, 561.798339844, 484.654541016, 736.057617188, 385.749542236, 626.905212402, 183.349960327, 244.891113281, 54.7939987183, 84.6817245483, 88.2635116577, 76.2316436768, 8.54994773865, 14.8194026947, 13.9016551971, 10.4952478409, 4.38149118423, 1.85731446743, 0.696270465851, 0.243909969926, 0.0868460834026, 0.048072565347, 0.022154526785, 0.00787002686411, 0.00181582744699, 0.000225900366786],
        "mean": [0.0629851967096, 0.822785556316, 3.32382941246, 7.23804712296, 17.2086448669, 18.4591579437, 22.7773513794, 24.1885986328, 30.0526218414, 24.486240387, 50.2947387695, 62.7815055847, 51.0669670105, 30.2966575623, 30.8117771149, 17.9788398743, 16.2526874542, 17.4831485748, 12.1677999496, 9.10009002686, 6.96321964264, 6.73716878891, 4.33898687363, 3.46581363678, 4.58180522919, 2.42255520821, 0.635347008705, 0.427839487791, 0.288685768843, 0.167145773768, 0.0820355266333, 0.0365258492529, 0.0139072602615, 0.00460337894037, 0.00124300899915, 0.000356117176125, 6.3821724325e-05, 9.24436335481e-06, 1.52720822371e-05, 3.25029614032e-05],
        "min": [9.43248160183e-05, 0.000970786961261, 0.00969384610653, 0.0162310674787, 0.0261315125972, 0.225993067026, 0.109697423875, 0.102297380567, 0.250470787287, 0.065092779696, 0.0846632793546, 0.0481083057821, 0.0314244776964, 0.00845606252551, 0.0172866489738, 0.00912864413112, 0.00997164659202, 0.0151737639681, 0.00881833862513, 0.00831308495253, 0.00498260185122, 0.00768327293918, 0.0108073055744, 0.00801139790565, 0.00486681284383, 0.00288444338366, 0.0027227778919, 0.00262347166426, 0.00129260472022, 0.00120818789583, 0.000604291330092, 0.000521771260537, 0.000321246014209, 0.000130864733364, 6.10605929978e-05, 2.50805751421e-05, 2.87105285679e-06, 1.40421988704e-07, 4.00823523705e-07, 9.28613189899e-07],
        "stdev": [0.0771946161985, 0.988917827606, 4.91768264771, 10.3062210083, 26.3557319641, 22.0709819794, 31.2985153198, 32.1494903564, 58.8668251038, 62.1505317688, 115.041374207, 141.133132935, 129.383773804, 99.9546737671, 89.962272644, 45.3389930725, 38.6868019104, 48.3682937622, 29.1425666809, 28.1468200684, 13.0498247147, 14.9574403763, 7.46632194519, 6.40420913696, 9.32816028595, 5.67352485657, 1.09430849552, 1.26922285557, 1.00257456303, 0.560654640198, 0.274039030075, 0.132424488664, 0.0483862571418, 0.0156005788594, 0.00383479031734, 0.0015340403188, 0.0006127624074, 0.000210172394873, 4.92384351674e-05, 2.48051564995e-05]
    },
    "gfcc": {
        "mean": [-98.6658096313, 195.882598877, -119.911300659, 21.3956069946, -50.8766899109, -7.61620140076, -25.4881134033, -7.422935009, -11.5791311264, -16.7815303802, -2.23390650749, -14.1224422455, 0.574786245823],
        "cov": [[5072.17431641, -575.430297852, -1976.9552002, 227.927337646, 43.8101768494, -36.6359329224, 327.607025146, -10.7276592255, 19.3285179138, -45.3826828003, -39.6028900146, -159.989959717, 3.47454857826], [-575.430297852, 532.54876709, 377.656463623, -244.313323975, 130.886199951, -17.792974472, 66.1313781738, -12.2996759415, 33.159122467, -39.1394424438, 30.5119075775, -31.655828476, -18.0592136383], [-1976.9552002, 377.656463623, 1196.7590332, 21.7734489441, 24.1074466705, 56.0621871948, -132.256332397, -23.9261608124, 22.8879070282, 18.2489719391, 9.10340309143, 64.4059143066, -5.01297235489], [227.927337646, -244.313323975, 21.7734489441, 461.203033447, 102.42301178, -41.1653556824, -90.8180770874, 9.25710487366, -4.47559690475, 8.93272209167, 3.92630267143, 13.5830354691, 21.6823940277], [43.8101768494, 130.886199951, 24.1074466705, 102.42301178, 254.295806885, -35.5751419067, 3.28893518448, 29.4557056427, 6.28267145157, -20.9232273102, 23.6034030914, -22.1336402893, 2.05253267288], [-36.6359329224, -17.792974472, 56.0621871948, -41.1653556824, -35.5751419067, 201.636703491, 81.3311157227, -0.842872023582, -10.6050615311, 27.5200996399, -0.627190768719, 22.5946922302, 9.28637218475], [327.607025146, 66.1313781738, -132.256332397, -90.8180770874, 3.28893518448, 81.3311157227, 190.331893921, 41.3035125732, -13.393163681, -14.4251565933, 18.6408195496, -8.84457588196, -9.07927417755], [-10.7276592255, -12.2996759415, -23.9261608124, 9.25710487366, 29.4557056427, -0.842872023582, 41.3035125732, 98.7448425293, 25.1829376221, -4.77737998962, 7.09076595306, 8.43504714966, -4.22420024872], [19.3285179138, 33.159122467, 22.8879070282, -4.47559690475, 6.28267145157, -10.6050615311, -13.393163681, 25.1829376221, 80.9212036133, 23.4603900909, -2.71669077873, -11.0403709412, -2.03238344193], [-45.3826828003, -39.1394424438, 18.2489719391, 8.93272209167, -20.9232273102, 27.5200996399, -14.4251565933, -4.77737998962, 23.4603900909, 85.3496170044, 19.7718696594, 4.10407209396, 6.1899523735], [-39.6028900146, 30.5119075775, 9.10340309143, 3.92630267143, 23.6034030914, -0.627190768719, 18.6408195496, 7.09076595306, -2.71669077873, 19.7718696594, 62.5979118347, 24.8454742432, 3.39796590805], [-159.989959717, -31.655828476, 64.4059143066, 13.5830354691, -22.1336402893, 22.5946922302, -8.84457588196, 8.43504714966, -11.0403709412, 4.10407209396, 24.8454742432, 71.8916397095, 27.1875247955], [3.47454857826, -18.0592136383, -5.01297235489, 21.6823940277, 2.05253267288, 9.28637218475, -9.07927417755, -4.22420024872, -2.03238344193, 6.1899523735, 3.39796590805, 27.1875247955, 55.7097702026]],
        "icov": [[0.000861664593685, -0.000578928156756, 0.0015546453651, -0.00113606953528, 0.000271670985967, -0.00012807060557, -0.00107293052133, 0.00111364957411, -0.00104626314715, 7.19770687283e-05, 0.000749353319407, -0.00017434055917, 0.000254774582572], [-0.000578928156756, 0.016814045608, -0.00751635152847, 0.010355681181, -0.00990775600076, 0.00506173027679, -0.00787219963968, 0.00757793942466, -0.00766806211323, 0.00689953099936, -0.00801093969494, 0.00730359740555, -0.00452928710729], [0.0015546453651, -0.00751635152847, 0.00642334856093, -0.00566626200452, 0.00394496927038, -0.00291974004358, 0.00253257784061, -0.0011159835849, 0.000985051505268, -0.00240079127252, 0.00426684971899, -0.00430331705138, 0.00306183751673], [-0.00113606953528, 0.010355681181, -0.00566626200452, 0.00991529971361, -0.0072700730525, 0.00290977326222, -0.00194441631902, 0.00260788411833, -0.00270730582997, 0.00339287542738, -0.00508893374354, 0.00396281061694, -0.0033767381683], [0.000271670985967, -0.00990775600076, 0.00394496927038, -0.0072700730525, 0.011576006189, -0.00301217637025, 0.00494425371289, -0.00637902133167, 0.00451829191297, -0.00153755978681, 0.000199497793801, 0.000497119151987, 0.000434419722296], [-0.00012807060557, 0.00506173027679, -0.00291974004358, 0.00290977326222, -0.00301217637025, 0.0100577110425, -0.00804003793746, 0.00424186093733, -0.00167744385544, -0.00244235363789, 0.00242527062073, -0.00205447967164, -0.00123575807083], [-0.00107293052133, -0.00787219963968, 0.00253257784061, -0.00194441631902, 0.00494425371289, -0.00804003793746, 0.0173846650869, -0.0108642028645, 0.00756339309737, 0.000142920107464, -0.00336447032169, 0.00149201275781, 0.0014043309493], [0.00111364957411, 0.00757793942466, -0.0011159835849, 0.00260788411833, -0.00637902133167, 0.00424186093733, -0.0108642028645, 0.0206182245165, -0.0115441679955, 0.00367679470219, -0.000118328134704, -0.00317063438706, 0.00131723983213], [-0.00104626314715, -0.00766806211323, 0.000985051505268, -0.00270730582997, 0.00451829191297, -0.00167744385544, 0.00756339309737, -0.0115441679955, 0.0223764833063, -0.00885206460953, 0.00397671852261, 0.000504367810208, 0.000503500166815], [7.19770687283e-05, 0.00689953099936, -0.00240079127252, 0.00339287542738, -0.00153755978681, -0.00244235363789, 0.000142920107464, 0.00367679470219, -0.00885206460953, 0.0211280938238, -0.0131777431816, 0.00825357157737, -0.00443323422223], [0.000749353319407, -0.00801093969494, 0.00426684971899, -0.00508893374354, 0.000199497793801, 0.00242527062073, -0.00336447032169, -0.000118328134704, 0.00397671852261, -0.0131777431816, 0.0322514437139, -0.0183917470276, 0.00736971851438], [-0.00017434055917, 0.00730359740555, -0.00430331705138, 0.00396281061694, 0.000497119151987, -0.00205447967164, 0.00149201275781, -0.00317063438706, 0.000504367810208, 0.00825357157737, -0.0183917470276, 0.0328450500965, -0.0150301558897], [0.000254774582572, -0.00452928710729, 0.00306183751673, -0.0033767381683, 0.000434419722296, -0.00123575807083, 0.0014043309493, 0.00131723983213, 0.000503500166815, -0.00443323422223, 0.00736971851438, -0.0150301558897, 0.0259709954262]]
    },
    "melbands": {
        "max": [0.0103902090341, 0.0250453706831, 0.0271411426365, 0.0164446718991, 0.00720716034994, 0.00917924102396, 0.0122458422557, 0.0110887605697, 0.00856892485172, 0.00887629296631, 0.00992337521166, 0.00769134657457, 0.00356254819781, 0.00330547452904, 0.000924668682273, 0.00130442192312, 0.00134722772054, 0.00079312530579, 0.000503596267663, 0.000613171083387, 0.000255392136751, 0.000213424224057, 0.000183692303835, 7.06284263288e-05, 7.02985053067e-05, 7.14825873729e-05, 0.000108324769826, 3.38203572028e-05, 6.45178261038e-06, 5.37381174581e-06, 1.05503877421e-05, 1.03567444967e-05, 5.160062301e-06, 5.73083525524e-06, 2.89054923996e-06, 1.46498678077e-06, 1.24334576412e-06, 5.36730397016e-07, 3.43196404629e-07, 1.56353053171e-07],
        "mean": [0.000736989837606, 0.00154340476729, 0.00155715108849, 0.00132284301799, 0.000797788787168, 0.000558137835469, 0.000440012081526, 0.000303488108329, 0.000417120550992, 0.000402409408707, 0.000248139520409, 0.000120438278827, 9.92923523881e-05, 6.88708241796e-05, 3.46675587934e-05, 3.69736117136e-05, 3.13826167258e-05, 1.94666354218e-05, 1.52822576638e-05, 9.44264320424e-06, 7.80970458436e-06, 7.06335231371e-06, 5.23232529304e-06, 3.13507348437e-06, 2.62140906671e-06, 3.66204290003e-06, 2.79558867078e-06, 1.28921408304e-06, 4.08424341458e-07, 2.45319284886e-07, 2.46674034088e-07, 1.81909015851e-07, 1.09844236817e-07, 8.52429309361e-08, 5.18455394172e-08, 2.91948083486e-08, 1.91215043799e-08, 1.03747224145e-08, 5.98144911379e-09, 3.05274938661e-09],
        "min": [4.41146852381e-07, 4.96217671753e-06, 2.60495357907e-06, 8.30434692034e-06, 4.71972771265e-06, 1.96162113753e-06, 3.48657113136e-06, 2.67596277581e-07, 6.12413032286e-07, 2.13205126443e-07, 1.44865225593e-07, 2.68870614661e-08, 4.27973034789e-08, 5.06464097327e-08, 9.63551727295e-09, 1.04391242317e-08, 2.15928377401e-08, 1.27917294535e-08, 1.25096857317e-08, 7.10712333429e-09, 4.42328618178e-09, 7.11091896477e-09, 7.24302751109e-09, 6.88218282363e-09, 5.76680436737e-09, 3.09767345108e-09, 1.98656979755e-09, 1.53767909516e-09, 1.52107315632e-09, 1.40855205277e-09, 1.25718901955e-09, 6.20330786738e-10, 6.86706302933e-10, 6.05152095101e-10, 3.63406665871e-10, 2.6691041044e-10, 2.70962308146e-10, 2.51813569996e-10, 1.46924611366e-10, 7.53040754753e-11],
        "stdev": [0.000859618885443, 0.00198346795514, 0.00204536202364, 0.00163594738115, 0.00103787693661, 0.000719857809599, 0.000900491373613, 0.000802481838036, 0.000870542426128, 0.000944084313232, 0.000648762797937, 0.000430179556133, 0.000276773003861, 0.000223743292736, 8.03551083663e-05, 9.8480944871e-05, 9.31089598453e-05, 5.41598856216e-05, 3.76854004571e-05, 2.98745180771e-05, 1.56264504767e-05, 1.52132797666e-05, 1.17464114737e-05, 5.62651257496e-06, 5.34945820618e-06, 7.66696393839e-06, 7.07827484803e-06, 3.05009189105e-06, 7.31493457806e-07, 5.20559694905e-07, 8.87793532911e-07, 6.82101699567e-07, 3.42718180946e-07, 2.98519609032e-07, 1.77864677653e-07, 9.68399476164e-08, 7.58245164434e-08, 3.65823851212e-08, 2.19551985481e-08, 1.00155608251e-08]
    },
    "melbands128": {
        "max": [0.00045201939065, 0.004087948706, 0.0178591050208, 0.0225562527776, 0.0301154442132, 0.0378369875252, 0.0244372747838, 0.0300553981215, 0.0385094955564, 0.0189206991345, 0.0158890113235, 0.0105366501957, 0.00951790250838, 0.0167813301086, 0.010938632302, 0.0142996180803, 0.00903743132949, 0.0233314745128, 0.0111959138885, 0.0146994348615, 0.0203726459295, 0.0189959555864, 0.0158520732075, 0.0178447719663, 0.0137637658045, 0.0194876380265, 0.0173723660409, 0.0139785725623, 0.00885701552033, 0.0134519878775, 0.00949026178569, 0.00332795758732, 0.00523103354499, 0.00674863578752, 0.00789869576693, 0.00358192692511, 0.00256992899813, 0.00121375347953, 0.00253537879325, 0.00154451956041, 0.00224678800441, 0.00200859131292, 0.00284680887125, 0.00256324349903, 0.00173308607191, 0.00121251761448, 0.00105027330574, 0.00116868410259, 0.000635670381598, 0.00212567462586, 0.00039680628106, 0.000325956149027, 0.000233478014707, 0.000706793915015, 0.000208132943953, 0.000199651360163, 0.000781963113695, 0.000244482827839, 0.000122390192701, 8.45681206556e-05, 0.000143844357808, 6.81780802552e-05, 0.00012686070113, 0.00010179833771, 0.000216221858864, 0.000125117279822, 0.000134664966026, 0.000183847660082, 0.000259149208432, 0.000125812584884, 6.21182334726e-05, 2.16667231143e-05, 8.98920188774e-06, 1.50754394781e-05, 1.00073648355e-05, 4.58274598714e-06, 6.78294509271e-06, 1.25859787659e-05, 1.51107415149e-05, 1.59460760187e-05, 1.99505375349e-05, 8.72005421115e-06, 5.44524391444e-06, 3.80497044716e-06, 7.82524421084e-06, 7.71335999161e-06, 5.80046889809e-06, 4.75943807032e-06, 3.63971730621e-06, 2.28333215091e-06, 1.58568013831e-06, 1.51291976636e-06, 1.90054981886e-06, 1.80033623565e-06, 1.18244804526e-06, 7.8061395925e-07, 8.81276378095e-07, 4.62234794441e-07, 4.2305180159e-07, 5.47087950054e-07, 2.70669289648e-07, 1.13514779798e-07, 1.08673070542e-07, 1.02287636139e-07, 9.7319329484e-08, 9.51133429794e-08, 9.75507461476e-08, 8.67388436632e-08, 8.38492084654e-08, 7.87209017972e-08, 7.65615553178e-08, 7.28473352751e-08, 7.00760480754e-08, 6.75371580883e-08, 6.52497931242e-08, 6.31279206686e-08, 6.11661761241e-08, 5.92920272879e-08, 5.76441046007e-08, 5.61459003734e-08, 5.48227845343e-08, 5.36289341824e-08, 5.25402725771e-08, 5.16580769272e-08, 5.09217628064e-08, 5.03065251678e-08, 4.98725150067e-08, 4.96093868207e-08],
        "mean": [2.80822696368e-05, 0.000335375312716, 0.00110254925676, 0.00138259027153, 0.00154764344916, 0.00175941293128, 0.00139027449768, 0.00142033270095, 0.00195405026898, 0.00136749830563, 0.000930252193939, 0.000833258964121, 0.000808324432001, 0.000696888542734, 0.00052038609283, 0.000514474115334, 0.00050929322606, 0.000487172801513, 0.000274346297374, 0.000198274152353, 0.000337120436598, 0.000543234753422, 0.000348860252416, 0.000415318965679, 0.000417875911808, 0.000392261106754, 0.000402544596, 0.000218879780732, 0.00013474165462, 0.000145529586007, 0.000108032225398, 8.10481142253e-05, 0.000102471072751, 0.000110514054541, 9.64279461186e-05, 5.08725424879e-05, 3.18815036735e-05, 3.74203045794e-05, 3.17135200021e-05, 3.57341159543e-05, 3.70744601241e-05, 4.13787238358e-05, 3.24938155245e-05, 2.76352802757e-05, 2.11435490201e-05, 1.67319722095e-05, 1.91356011783e-05, 1.76283701876e-05, 1.08004824142e-05, 1.34501287903e-05, 8.19015986053e-06, 7.20549405742e-06, 9.01699695532e-06, 7.59963995733e-06, 6.59695115246e-06, 6.92940102454e-06, 7.93058643467e-06, 5.78535400564e-06, 4.40697567683e-06, 3.43334522768e-06, 3.38448830917e-06, 2.64600589617e-06, 2.28014278036e-06, 2.35978814089e-06, 3.57540557161e-06, 3.89548313251e-06, 3.8601738197e-06, 2.84663656203e-06, 2.9076741157e-06, 2.08437973015e-06, 1.46248407873e-06, 7.82411348155e-07, 4.64182960513e-07, 3.83204223908e-07, 2.60195548663e-07, 2.42604073719e-07, 2.26783569701e-07, 2.67927731556e-07, 2.40259737438e-07, 2.45589319547e-07, 2.15464396547e-07, 1.43685170428e-07, 1.21229945194e-07, 1.07429677598e-07, 1.01000438235e-07, 9.14952025255e-08, 7.9354215643e-08, 7.43727639474e-08, 4.99600574244e-08, 3.72691850714e-08, 3.10181640373e-08, 2.82174568156e-08, 2.35571562257e-08, 2.07059471791e-08, 1.50710892655e-08, 1.18374270386e-08, 9.71182601006e-09, 7.63795160452e-09, 6.39980823891e-09, 4.96093255364e-09, 3.87866361251e-09, 2.66995336951e-09, 2.19601070661e-09, 1.52783996565e-09, 1.25449373112e-09, 1.00591035501e-09, 8.89544549132e-10, 6.7835176365e-10, 5.38766198321e-10, 4.48701409361e-10, 3.63003488379e-10, 1.77259748546e-10, 1.35398858792e-10, 6.42771391668e-11, 5.44280037706e-11, 5.22038592909e-11, 4.87661543092e-11, 4.68459264436e-11, 4.55497965735e-11, 4.43626871349e-11, 4.33166280622e-11, 4.23780732728e-11, 4.15197425052e-11, 4.08208501723e-11, 4.02226030261e-11, 3.97025537446e-11, 3.93423869871e-11, 3.91315244097e-11],
        "min": [1.34335378377e-08, 4.81715503042e-08, 2.70143232228e-07, 1.98567221332e-07, 8.55262044297e-07, 2.10651387533e-06, 2.40650638261e-06, 7.59069052947e-07, 1.2283196611e-06, 3.65820528714e-06, 3.50020059159e-06, 2.35456764131e-06, 7.39328982036e-07, 1.53781149947e-06, 1.02443050309e-06, 1.4590965236e-07, 2.42129999606e-06, 1.30073362925e-06, 1.45972123278e-07, 6.29533474239e-08, 9.31557764261e-08, 1.07753713507e-07, 5.94275455512e-08, 1.15967694114e-07, 1.02833098481e-07, 2.10446167159e-08, 6.87556749313e-08, 9.03157229004e-08, 1.45631764426e-08, 7.74469111064e-09, 1.65197562296e-08, 1.84316810703e-08, 1.13407292446e-08, 5.29020880435e-08, 8.61647642125e-09, 9.5202885575e-09, 5.68862645878e-09, 1.34113786743e-09, 5.72014657862e-09, 1.05285486995e-08, 8.35416447131e-09, 6.44385522719e-09, 5.84235770873e-09, 1.15284306546e-08, 4.40976455351e-09, 6.35072128219e-09, 9.80165903997e-09, 3.28462634869e-09, 4.34322933174e-09, 5.43587752588e-09, 4.04999234149e-09, 4.80075001974e-09, 3.06828806806e-09, 3.48134743255e-09, 2.67688804456e-09, 4.51849047067e-09, 3.86548748565e-09, 2.47755171934e-09, 3.53334783654e-09, 3.38035666125e-09, 7.00215530003e-09, 6.96174318193e-09, 3.16724024785e-09, 2.15165618656e-09, 2.27495955407e-09, 1.06438813319e-09, 1.50183032677e-09, 1.14073051005e-09, 9.8494079559e-10, 8.71617333864e-10, 1.00946717652e-09, 6.20995366241e-10, 9.50248213449e-10, 4.29808272306e-10, 8.00202903939e-10, 8.19763201765e-10, 8.34848579156e-10, 4.08976380539e-10, 5.20287091188e-10, 4.30935370721e-10, 3.41727285358e-10, 5.23607879277e-10, 4.31265689826e-10, 3.39794137272e-10, 4.08741929192e-10, 4.84744966389e-10, 3.05431818726e-10, 2.80786449647e-10, 3.17779774717e-10, 1.46748196928e-10, 2.1270629702e-10, 2.23185234183e-10, 1.31945648851e-10, 1.70071665084e-10, 2.46471842935e-10, 1.99196728556e-10, 1.19918977526e-10, 1.33795516333e-10, 8.4491177943e-11, 7.77648709316e-11, 3.6820393956e-11, 4.91137651382e-11, 1.61593204095e-11, 2.46025530677e-12, 4.78141354635e-12, 1.76769172217e-11, 1.93851115715e-11, 8.76957360896e-12, 1.10632466729e-11, 4.30629056719e-12, 5.35438230212e-13, 6.27369589113e-14, 3.86747823708e-14, 2.9976692515e-14, 4.09666400737e-14, 3.19753277404e-14, 4.02052658744e-14, 4.5270600826e-14, 4.57951513896e-14, 4.54773920616e-14, 3.89925518631e-14, 4.45958577683e-14, 4.12746856279e-14, 3.56549134022e-14, 3.02760305704e-14, 1.16731329938e-14, 1.65404115253e-15, 4.11659832163e-17],
        "stdev": [4.54899673059e-05, 0.000484801246785, 0.00139662076253, 0.00189413537737, 0.00244909152389, 0.00271225348115, 0.00220294855535, 0.00238399254158, 0.00346311717294, 0.00187628285494, 0.00135625677649, 0.00135240936652, 0.00129713118076, 0.00123144546524, 0.000842873123474, 0.00092060258612, 0.000851973425597, 0.00157266389579, 0.000897175283171, 0.000849496223964, 0.00121948146261, 0.00187296746299, 0.000850639189593, 0.00127431412693, 0.0012175795855, 0.00140873377677, 0.00154600548558, 0.000731641834136, 0.000443862110842, 0.000685169477947, 0.000530554680154, 0.000262330897385, 0.00037954209256, 0.00048047452583, 0.000435058842413, 0.000205343050766, 0.000140393924084, 0.000114274247608, 0.00010930604185, 0.000125545382616, 0.000140838936204, 0.000152119871927, 0.000146673322888, 0.000122795667266, 8.86917478056e-05, 6.36932236375e-05, 6.40103535261e-05, 6.2038503529e-05, 3.18226120726e-05, 9.04143016669e-05, 2.11994083656e-05, 1.81953764695e-05, 2.03608524316e-05, 2.85870482912e-05, 1.88878530025e-05, 1.58791681315e-05, 3.66917956853e-05, 1.66451791301e-05, 1.03504871731e-05, 7.54918482926e-06, 7.9438159446e-06, 5.88362536291e-06, 6.04767274126e-06, 6.02034242547e-06, 1.16654528028e-05, 9.71214376477e-06, 1.15076509246e-05, 9.29424732021e-06, 1.15701877803e-05, 7.36448691896e-06, 4.49431900051e-06, 1.85579824574e-06, 1.01072396319e-06, 8.75712487414e-07, 5.8434670791e-07, 5.65827349419e-07, 5.5261750731e-07, 8.32754551539e-07, 1.02196827356e-06, 1.08396034193e-06, 9.53992298491e-07, 4.95126812439e-07, 4.07997532648e-07, 3.24722662981e-07, 3.95182325974e-07, 3.44392503848e-07, 2.94941543189e-07, 2.7601853958e-07, 1.85747097703e-07, 1.28729354287e-07, 9.7572815605e-08, 1.02322374573e-07, 9.46326181861e-08, 9.45730889157e-08, 5.90722670779e-08, 4.3015077722e-08, 3.87368679355e-08, 2.63446882087e-08, 2.52220875296e-08, 2.18201972046e-08, 1.46989114214e-08, 8.41276381891e-09, 6.41527231338e-09, 4.80157424931e-09, 4.01583477583e-09, 4.05458022712e-09, 3.89124110711e-09, 2.95992497179e-09, 2.59044186102e-09, 2.27937579922e-09, 2.29889685066e-09, 2.10866391015e-09, 1.96280747211e-09, 1.804216887e-09, 1.74258685259e-09, 1.68589975313e-09, 1.63353053306e-09, 1.58348045787e-09, 1.53947921078e-09, 1.49945933448e-09, 1.46413070556e-09, 1.43223310989e-09, 1.4031694695e-09, 1.37961353452e-09, 1.35994782102e-09, 1.34350341963e-09, 1.33191802032e-09, 1.32489308413e-09]
    },
    "mfcc": {
        "mean": [-740.246032715, 217.119689941, -5.27250576019, 31.6976928711, -2.48085188866, 1.29997825623, -5.58099222183, 5.24753427505, -7.40109205246, 2.2144510746, -4.63112640381, -5.09172105789, -3.42576289177],
        "cov": [[6607.11914062, -1137.9576416, -1967.9005127, 67.0497207642, -477.714813232, 77.0143356323, 102.746551514, 61.0408363342, 26.7905445099, 285.927459717, -91.831703186, -37.4440078735, -32.0054702759], [-1137.9576416, 885.894836426, 276.66885376, -176.427307129, 52.359588623, -36.8137931824, 49.2709503174, 27.7531776428, 14.1073350906, -20.8504066467, 44.0001411438, 37.8571815491, -6.63117313385], [-1967.9005127, 276.66885376, 948.063049316, 3.60500597954, 137.981765747, 66.2586135864, -51.3935928345, -25.5378494263, 23.5233516693, -118.090293884, 24.0685024261, 32.1657676697, 12.0734958649], [67.0497207642, -176.427307129, 3.60500597954, 368.30291748, 193.673599243, -29.2432250977, -26.031124115, -2.78250479698, -30.4161605835, 18.1237258911, -44.8628883362, -35.2333564758, 64.9652557373], [-477.714813232, 52.359588623, 137.981765747, 193.673599243, 276.726776123, 4.71066141129, -37.9283447266, -9.19190502167, -7.35967159271, -0.182327136397, -17.982257843, -24.2497463226, 41.1420478821], [77.0143356323, -36.8137931824, 66.2586135864, -29.2432250977, 4.71066141129, 136.249221802, 52.4284248352, -12.239613533, 18.7021141052, -9.90809345245, 7.86537504196, 21.7116622925, -22.8141002655], [102.746551514, 49.2709503174, -51.3935928345, -26.031124115, -37.9283447266, 52.4284248352, 154.808288574, 57.730670929, 5.48762226105, 1.59234237671, 17.4373111725, 21.2528400421, -8.21579742432], [61.0408363342, 27.7531776428, -25.5378494263, -2.78250479698, -9.19190502167, -12.239613533, 57.730670929, 122.429832458, 19.8776912689, -0.392041444778, 12.9425697327, -5.68778562546, 14.2333650589], [26.7905445099, 14.1073350906, 23.5233516693, -30.4161605835, -7.35967159271, 18.7021141052, 5.48762226105, 19.8776912689, 69.7454833984, 24.5019226074, 9.71776771545, 5.14427232742, -11.4329433441], [285.927459717, -20.8504066467, -118.090293884, 18.1237258911, -0.182327136397, -9.90809345245, 1.59234237671, -0.392041444778, 24.5019226074, 89.5893173218, 19.7227172852, 1.50538504124, 1.35125136375], [-91.831703186, 44.0001411438, 24.0685024261, -44.8628883362, -17.982257843, 7.86537504196, 17.4373111725, 12.9425697327, 9.71776771545, 19.7227172852, 68.4831008911, 29.2135944366, -6.31627845764], [-37.4440078735, 37.8571815491, 32.1657676697, -35.2333564758, -24.2497463226, 21.7116622925, 21.2528400421, -5.68778562546, 5.14427232742, 1.50538504124, 29.2135944366, 63.2740859985, 8.53682518005], [-32.0054702759, -6.63117313385, 12.0734958649, 64.9652557373, 41.1420478821, -22.8141002655, -8.21579742432, 14.2333650589, -11.4329433441, 1.35125136375, -6.31627845764, 8.53682518005, 77.3274688721]],
        "icov": [[0.000708614999894, 0.000188923731912, 0.00131812808104, -0.000618206162471, 0.00111095746979, -0.00154810689855, 0.000804695417173, -0.000614112766925, -0.000262723478954, -0.000611253897659, 0.000681988254655, -0.000333649106324, -0.00016185179993], [0.000188923731912, 0.00200243038125, -0.000274687161436, 0.00169893121347, -0.00136478431523, 0.00153001141734, -0.00134884810541, -2.92160912068e-05, 0.000204251118703, -0.000823034381028, 0.000581780739594, -0.000876527396031, 9.39458186622e-05], [0.00131812808104, -0.000274687161436, 0.00438023824245, -0.00172431219835, 0.00169759010896, -0.00396854523569, 0.00259803258814, -0.000785505573731, -0.00213872245513, 0.00205039675348, -0.000342390179867, -0.000801412214059, -0.000658214150462], [-0.000618206162471, 0.00169893121347, -0.00172431219835, 0.00785928033292, -0.00588457146659, 0.00359514867887, -0.00274500227533, 0.000553239427973, 0.00245523825288, -0.00223509781063, 0.00241335527971, 0.000374443712644, -0.00208784174174], [0.00111095746979, -0.00136478431523, 0.00169759010896, -0.00588457146659, 0.0100301541388, -0.00550788408145, 0.00367792998441, -0.00108669395559, -0.000854532932863, -0.000807320699096, -0.000289818213787, 0.00219071493484, -0.00172696541995], [-0.00154810689855, 0.00153001141734, -0.00396854523569, 0.00359514867887, -0.00550788408145, 0.0165867116302, -0.00835549738258, 0.00487975496799, -0.00260189920664, 0.00212605670094, -0.000392757414375, -0.00242403382435, 0.00294150412083], [0.000804695417173, -0.00134884810541, 0.00259803258814, -0.00274500227533, 0.00367792998441, -0.00835549738258, 0.0135340793058, -0.00720897130668, 0.00211574928835, -0.000713293673471, 0.000345610344084, -0.00295174773782, 0.00114018609747], [-0.000614112766925, -2.92160912068e-05, -0.000785505573731, 0.000553239427973, -0.00108669395559, 0.00487975496799, -0.00720897130668, 0.0143200345337, -0.00601584464312, 0.0042035379447, -0.00477420911193, 0.00509849144146, -0.00389847159386], [-0.000262723478954, 0.000204251118703, -0.00213872245513, 0.00245523825288, -0.000854532932863, -0.00260189920664, 0.00211574928835, -0.00601584464312, 0.0218791142106, -0.0095128249377, 0.00332998973317, -0.00201687170193, 0.0030948347412], [-0.000611253897659, -0.000823034381028, 0.00205039675348, -0.00223509781063, -0.000807320699096, 0.00212605670094, -0.000713293673471, 0.0042035379447, -0.0095128249377, 0.0209684725851, -0.00927708577365, 0.00215918454342, -0.00132769497577], [0.000681988254655, 0.000581780739594, -0.000342390179867, 0.00241335527971, -0.000289818213787, -0.000392757414375, 0.000345610344084, -0.00477420911193, 0.00332998973317, -0.00927708577365, 0.0247514508665, -0.0108558125794, 0.00318656722084], [-0.000333649106324, -0.000876527396031, -0.000801412214059, 0.000374443712644, 0.00219071493484, -0.00242403382435, -0.00295174773782, 0.00509849144146, -0.00201687170193, 0.00215918454342, -0.0108558125794, 0.0260225627571, -0.00763102807105], [-0.00016185179993, 9.39458186622e-05, -0.000658214150462, -0.00208784174174, -0.00172696541995, 0.00294150412083, 0.00114018609747, -0.00389847159386, 0.0030948347412, -0.00132769497577, 0.00318656722084, -0.00763102807105, 0.0189388152212]]
    },
    "spectral_contrast_coeffs": {
        "max": [-0.41434186697, -0.444545775652, -0.487071782351, -0.630791068077, -0.639935851097, -0.640532791615],
        "mean": [-0.686798393726, -0.718229115009, -0.742621421814, -0.792215764523, -0.791108250618, -0.767021596432],
        "min": [-0.85102802515, -0.919463336468, -0.901546478271, -0.917829334736, -0.892807900906, -0.904924571514],
        "stdev": [0.0646450221539, 0.0689357817173, 0.0756226107478, 0.0512336082757, 0.0520202219486, 0.0472506172955]
    },
    "spectral_contrast_valleys": {
        "max": [-4.92616081238, -4.67248868942, -5.46771907806, -6.25911426544, -6.59912586212, -9.82290077209],
        "mean": [-6.3546795845, -6.64398813248, -7.75389003754, -8.42034816742, -8.95700263977, -12.5266466141],
        "min": [-8.41255569458, -8.78761482239, -10.4348077774, -10.5340986252, -10.6417064667, -13.6483020782],
        "stdev": [0.614823758602, 0.679589450359, 0.859256327152, 0.949189126492, 0.977980136871, 0.607065081596]
    }
},
"rhythm": {
    "beats_count": 43,
    "beats_loudness": {
        "max": 0.106345713139,
        "mean": 0.0468483902514,
        "min": 0.010947377421,
        "stdev": 0.0219012405723
    },
    "bpm": 80.1884155273,
    "bpm_histogram_first_peak_bpm": 80,
    "bpm_histogram_first_peak_weight": 0.526315808296,
    "bpm_histogram_second_peak_bpm": 85,
    "bpm_histogram_second_peak_spread": 0,
    "bpm_histogram_second_peak_weight": 0.095238097012,
    "danceability": 1.08504164219,
    "onset_rate": 3.53759741783,
    "beats_loudness_band_ratio": {
        "max": [0.837810575962, 0.833109617233, 0.667427182198, 0.516076982021, 0.0689383149147, 0.0339464172721],
        "mean": [0.377099364996, 0.348182529211, 0.272616744041, 0.0924732610583, 0.0169204846025, 0.00407262472436],
        "min": [0.0678835660219, 0.0542461313307, 0.0331044197083, 0.00936222355813, 0.0013506677933, 4.82757641294e-05],
        "stdev": [0.207642361522, 0.180307075381, 0.185694888234, 0.108552016318, 0.0184333957732, 0.00608044117689]
    },
    "beats_position": [0.731428563595, 1.46285712719, 2.18267560005, 2.90249419212, 3.62231278419, 4.34213161469, 5.05034017563, 5.75854873657, 6.46675729752, 7.17496585846, 7.89478445053, 8.6146030426, 9.36925125122, 10.1471195221, 10.9249887466, 11.7028570175, 12.4691152573, 13.235373497, 14.0016326904, 14.756280899, 15.5109291077, 16.2771873474, 17.0434455872, 17.8213157654, 18.575963974, 19.3306121826, 20.0852603912, 20.8282985687, 21.5829467773, 22.3259868622, 23.0922451019, 23.8468933105, 24.6015415192, 25.3561897278, 26.1224479675, 26.8887062073, 27.6433563232, 28.3980045319, 29.1642627716, 29.9189109802, 30.6735591888, 31.4282073975, 32.1828575134],
