{
"metadata": {
    "version": {
        "essentia": "2.1-beta5",
        "essentia_git_sha": "Undefined",
        "extractor": "music 2.0"
    },
    "audio_properties": {
        "analysis": {
            "equal_loudness": 0,
            "length": 29.0017242432,
            "sample_rate": 44100,
            "start_time": 0,
            "downmix": "mix"
        },
        "bit_rate": 192000,
        "length": 187.686889648,
        "lossless": 0,
        "number_channels": 2,
        "replay_gain": -11.3998661041,
        "sample_rate": 44100,
        "codec": "mp3",
        "md5_encoded": "05aeff1f022b5e192dd1927cee505163"
    },
    "tags": {
        "file_name": "United KingdomUK_Power To All Our Friends_Cliff Richard.mp3",
        "encoding": ["Lavf58.29.100"]
    }
},
"lowlevel": {
    "average_loudness": 0.708039820194,
    "barkbands_crest": {
        "max": 25.253692627,
        "mean": 11.4235363007,
        "min": 2.29124569893,
        "stdev": 4.7949848175
    },
    "barkbands_flatness_db": {
        "max": 0.545149624348,
        "mean": 0.204135462642,
        "min": 0.0434822849929,
        "stdev": 0.0852961987257
    },
    "barkbands_kurtosis": {
        "max": 293.316558838,
        "mean": 17.3187961578,
        "min": -1.92632210255,
        "stdev": 35.677898407
    },
    "barkbands_skewness": {
        "max": 13.5206356049,
        "mean": 2.36130619049,
        "min": -2.51488161087,
        "stdev": 2.06047463417
    },
    "barkbands_spread": {
        "max": 95.6557540894,
        "mean": 13.7667779922,
        "min": 0.399955719709,
        "stdev": 13.5629892349
    },
    "dissonance": {
        "max": 0.499888837337,
        "mean": 0.441251605749,
        "min": 0.176125019789,
        "stdev": 0.0451357811689
    },
    "dynamic_complexity": 8.3040895462,
    "erbbands_crest": {
        "max": 29.9565105438,
        "mean": 10.9311246872,
        "min": 2.45569705963,
        "stdev": 4.95109891891
    },
    "erbbands_flatness_db": {
        "max": 0.401626318693,
        "mean": 0.207822680473,
        "min": 0.0563536323607,
        "stdev": 0.0618007369339
    },
    "erbbands_kurtosis": {
        "max": 141.73475647,
        "mean": 4.66400003433,
        "min": -1.88069653511,
        "stdev": 12.1976079941
    },
    "erbbands_skewness": {
        "max": 10.5800189972,
        "mean": 1.20414948463,
        "min": -4.78735208511,
        "stdev": 1.49701583385
    },
    "erbbands_spread": {
        "max": 122.695785522,
        "mean": 30.7000274658,
        "min": 1.62639641762,
        "stdev": 22.7084064484
    },
    "hfc": {
        "max": 145.863220215,
        "mean": 11.9790649414,
        "min": 1.18757552921e-16,
        "stdev": 17.1954593658
    },
    "loudness_ebu128": {
        "integrated": -13.5908126831,
        "loudness_range": 8.56822776794,
        "momentary": {
            "max": -8.66165924072,
            "mean": -17.8391056061,
            "min": -47.7248458862,
            "stdev": 8.10807228088
        },
        "short_term": {
            "max": -10.1617231369,
            "mean": -15.3510847092,
            "min": -31.8288516998,
            "stdev": 4.36981582642
        }
    },
    "melbands_crest": {
        "max": 29.1527748108,
        "mean": 14.6203327179,
        "min": 2.7404255867,
        "stdev": 5.8860707283
    },
    "melbands_flatness_db": {
        "max": 0.689680814743,
        "mean": 0.255722820759,
        "min": 0.0069790314883,
        "stdev": 0.111167989671
    },
    "melbands_kurtosis": {
        "max": 486.028564453,
        "mean": 25.6035575867,
        "min": -1.84961593151,
        "stdev": 44.8670387268
    },
    "melbands_skewness": {
        "max": 16.1833438873,
        "mean": 2.82574057579,
        "min": -1.69654655457,
        "stdev": 2.02369999886
    },
    "melbands_spread": {
        "max": 180.935043335,
        "mean": 16.0435314178,
        "min": 0.323511302471,
        "stdev": 18.880645752
    },
    "pitch_salience": {
        "max": 0.911211311817,
        "mean": 0.558198690414,
        "min": 0.186576113105,
        "stdev": 0.143571794033
    },
    "silence_rate_20dB": {
        "max": 1,
        "mean": 1,
        "min": 1,
        "stdev": 0
    },
    "silence_rate_30dB": {
        "max": 1,
        "mean": 0.99279999733,
        "min": 0,
        "stdev": 0.0845451205969
    },
    "silence_rate_60dB": {
        "max": 1,
        "mean": 0.365599989891,
        "min": 0,
        "stdev": 0.481600910425
    },
    "spectral_centroid": {
        "max": 10630.8808594,
        "mean": 1001.8203125,
        "min": 125.222724915,
        "stdev": 768.874450684
    },
    "spectral_complexity": {
        "max": 44,
        "mean": 9.21920013428,
        "min": 0,
        "stdev": 8.46800136566
    },
    "spectral_decrease": {
        "max": -4.76370857376e-29,
        "mean": -4.56654181136e-09,
        "min": -3.56815945679e-08,
        "stdev": 5.7994653524e-09
    },
    "spectral_energy": {
        "max": 0.138125404716,
        "mean": 0.01832171157,
        "min": 1.09514561043e-20,
        "stdev": 0.0229548346251
    },
    "spectral_energyband_high": {
        "max": 0.0164655204862,
        "mean": 0.000250589044299,
        "min": 7.97393305551e-21,
        "stdev": 0.00113182980567
    },
    "spectral_energyband_low": {
        "max": 0.10268008709,
        "mean": 0.00388459395617,
        "min": 9.35837430114e-23,
        "stdev": 0.0119826318696
    },
    "spectral_energyband_middle_high": {
        "max": 0.056682497263,
        "mean": 0.00391382118687,
        "min": 1.51269180297e-21,
        "stdev": 0.00799288321286
    },
    "spectral_energyband_middle_low": {
        "max": 0.12929046154,
        "mean": 0.0111690321937,
        "min": 5.82966290449e-22,
        "stdev": 0.0146280014887
    },
    "spectral_entropy": {
        "max": 9.81175613403,
        "mean": 7.01160860062,
        "min": 4.08309936523,
        "stdev": 0.800149202347
    },
    "spectral_flux": {
        "max": 0.328008204699,
        "mean": 0.0587634146214,
        "min": 1.04649205968e-10,
        "stdev": 0.055930994451
    },
    "spectral_kurtosis": {
        "max": 130.113815308,
        "mean": 8.31785202026,
        "min": -1.19171512127,
        "stdev": 11.297451973
    },
    "spectral_rms": {
        "max": 0.011608466506,
        "mean": 0.00332144135609,
        "min": 3.26869195773e-12,
        "stdev": 0.0026158853434
    },
    "spectral_rolloff": {
        "max": 18583.1542969,
        "mean": 1164.20751953,
        "min": 129.19921875,
        "stdev": 1376.37927246
    },
    "spectral_skewness": {
        "max": 9.9740562439,
        "mean": 2.0904211998,
        "min": -0.121566683054,
        "stdev": 1.09271466732
    },
    "spectral_spread": {
        "max": 41188160,
        "mean": 4265085.5,
        "min": 768012.4375,
        "stdev": 2117378
    },
    "spectral_strongpeak": {
        "max": 7.04319572449,
        "mean": 0.909718751907,
        "min": 0,
        "stdev": 1.13345038891
    },
    "zerocrossingrate": {
        "max": 0.51025390625,
        "mean": 0.0485406257212,
        "min": 0.0048828125,
        "stdev": 0.0384384468198
    },
    "barkbands": {
        "max": [0.0017699948512, 0.00899786595255, 0.0871871188283, 0.0579663440585, 0.0600391253829, 0.0504998117685, 0.0318811871111, 0.0360516570508, 0.0478918924928, 0.0481462553144, 0.0148761346936, 0.0195845104754, 0.0157369021326, 0.00897558126599, 0.0035624706652, 0.0114635899663, 0.00671893078834, 0.00889719091356, 0.00791450310498, 0.0050961393863, 0.00542485527694, 0.00575852394104, 0.00238747498952, 0.00297442520969, 0.000963900994975, 9.656848124e-05, 1.95872118525e-07],
        "mean": [3.30379334628e-05, 0.000350431975676, 0.0027429156471, 0.00153689365834, 0.00258126133122, 0.00258679664694, 0.00128590222448, 0.000666235457174, 0.00227097980678, 0.00139247823972, 0.000448630424216, 0.000430420099292, 0.000432941305917, 0.00024755866616, 0.000148501043441, 0.00021972747345, 0.000216603977606, 0.000225490875891, 0.000177432186319, 0.000127817402245, 6.73870599712e-05, 6.6436623456e-05, 3.301369361e-05, 2.29891738854e-05, 8.10834535514e-06, 1.72385011865e-06, 8.9883434029e-10],
        "min": [1.33620005362e-23, 5.33135739358e-23, 1.84963254037e-23, 1.67861680468e-23, 2.97386014673e-23, 1.07741335014e-22, 1.00672768961e-22, 1.02653384124e-22, 7.58200595517e-23, 2.03482366477e-22, 5.40018266766e-23, 1.14075130777e-22, 8.98850582167e-23, 7.45472356365e-23, 1.45766765674e-22, 1.35918916434e-22, 2.17045245709e-22, 1.17901712012e-22, 3.4657893265e-22, 2.96988460331e-22, 5.17398746849e-22, 5.65125311242e-22, 6.24374697458e-22, 8.00306178861e-22, 1.21158392362e-21, 1.70304977066e-21, 2.5773277774e-21],
        "stdev": [0.00011562484724, 0.00101840612479, 0.00948902964592, 0.00460852868855, 0.0050218203105, 0.00595847610384, 0.00284915487282, 0.00256146374159, 0.0057834405452, 0.00441043637693, 0.00138896866702, 0.00162876490504, 0.00134826090652, 0.000740463030525, 0.000372227601474, 0.000680398836266, 0.000508736702614, 0.000611911877058, 0.000482420233311, 0.000348772417055, 0.000371026311768, 0.000329863454681, 0.000151122483658, 0.000123448655359, 4.18839335907e-05, 6.69082419336e-06, 6.00182037402e-09]
    },
    "erbbands": {
        "max": [0.180069833994, 2.64953041077, 61.8920021057, 121.936515808, 236.101348877, 257.953094482, 239.519561768, 546.138366699, 618.497802734, 518.832702637, 1255.63793945, 1444.44226074, 863.858032227, 1863.20336914, 505.226226807, 736.916625977, 809.17388916, 402.921386719, 262.207763672, 436.979492188, 434.015136719, 362.123321533, 364.145904541, 141.842086792, 485.950073242, 212.519241333, 271.681091309, 240.923080444, 212.785217285, 113.057868958, 57.4483375549, 52.5882263184, 55.7103919983, 16.2568302155, 4.07363843918, 0.723660767078, 0.174967929721, 0.0136535428464, 0.000288417824777, 0.000152466498548],
        "mean": [0.0080273989588, 0.132194831967, 2.2268280983, 4.88070249557, 6.96263599396, 8.63239192963, 11.5635480881, 24.7410697937, 23.6260204315, 12.2558574677, 24.4263896942, 57.0886802673, 33.4526901245, 39.721496582, 19.7311172485, 17.2480678558, 20.9683952332, 12.6186714172, 10.2469749451, 10.4805240631, 11.2505807877, 12.9000778198, 12.3604688644, 8.26271915436, 10.165927887, 5.85021114349, 3.23909187317, 2.56317043304, 2.35866928101, 1.71619689465, 0.810673296452, 0.530569732189, 0.353076845407, 0.129796534777, 0.0380724854767, 0.0125806089491, 0.00223147612996, 8.86790148797e-05, 1.26114073282e-05, 2.17131055251e-05],
        "min": [2.30192348544e-21, 8.99253166286e-21, 2.02317230279e-20, 4.29396338377e-20, 6.09528390758e-20, 1.15346148819e-19, 2.33794328332e-19, 1.18121195017e-18, 1.00211752478e-18, 2.18206709394e-18, 2.18306550094e-18, 1.51084518203e-18, 8.4079327574e-18, 1.90001649624e-18, 2.55680596762e-18, 4.77572809376e-18, 4.16875578156e-18, 3.96277788287e-18, 5.37938217092e-18, 8.53515727151e-18, 9.40687659697e-18, 1.08400406273e-17, 6.92278332071e-18, 1.66102366863e-17, 1.1777147753e-17, 1.47037789346e-17, 2.37959083455e-17, 1.8624330488e-17, 1.98811354758e-17, 2.14190429056e-17, 1.60217704724e-17, 1.82624125002e-17, 1.10463626331e-17, 1.03899700016e-17, 9.74113531941e-18, 5.80756973347e-18, 3.33446203613e-18, 1.30631743435e-18, 3.79792947219e-19, 3.8277246471e-20],
        "stdev": [0.0243232641369, 0.366708189249, 7.27444887161, 15.1752901077, 17.1892299652, 18.2570381165, 25.7163391113, 59.6158676147, 53.1184844971, 29.1540184021, 79.0729827881, 157.296554565, 87.8935852051, 143.028182983, 61.1743164062, 60.4144935608, 65.3993606567, 36.8893661499, 26.7623519897, 29.953168869, 31.8329143524, 29.8923377991, 29.2870597839, 17.5195083618, 27.7772712708, 15.257941246, 17.0040531158, 14.369354248, 12.0046319962, 7.67316293716, 3.74784946442, 2.64203476906, 2.09092545509, 0.709044039249, 0.178701341152, 0.0471359714866, 0.00960973836482, 0.000556812388822, 2.06606146094e-05, 2.678569399e-05]
    },
    "gfcc": {
        "mean": [-135.155914307, 104.237983704, -117.262458801, 25.1019191742, -75.9229354858, 1.09365773201, -52.7592926025, 4.66716814041, -27.3957366943, -7.1823849678, -15.3269453049, -6.51047754288, -9.43998336792],
        "cov": [[16520.4335938, 1036.4934082, -4190.43261719, -912.906433105, -1030.69750977, -1465.67578125, 341.566467285, -465.183807373, 167.077529907, -973.356201172, 396.115661621, -421.222442627, 26.442276001], [1036.4934082, 1439.73535156, 528.492370605, -267.309204102, 151.071304321, -242.197952271, 111.402656555, -168.556777954, -1.10293912888, -313.471954346, 58.2672309875, -172.292388916, -27.7268447876], [-4190.43261719, 528.492370605, 2677.80859375, 703.352294922, 512.040710449, 401.460235596, -46.157119751, 0.455640792847, -55.3928031921, 148.34161377, -166.101928711, -11.1151723862, -49.7456359863], [-912.906433105, -267.309204102, 703.352294922, 805.43939209, 237.245025635, 79.8794250488, -112.678329468, 17.6829204559, 81.2210922241, 115.284851074, -71.6683197021, -18.6496200562, 28.0710220337], [-1030.69750977, 151.071304321, 512.040710449, 237.245025635, 426.124542236, 204.319747925, 21.611246109, 64.892326355, 18.8114452362, 25.9261054993, -42.303894043, -21.2446308136, -26.1557693481], [-1465.67578125, -242.197952271, 401.460235596, 79.8794250488, 204.319747925, 671.338256836, 287.92288208, 128.862213135, -51.6136741638, 182.842605591, -41.0400466919, 23.9573574066, -77.6508865356], [341.566467285, 111.402656555, -46.157119751, -112.678329468, 21.611246109, 287.92288208, 478.192260742, 80.2901535034, -37.0795402527, -20.0232143402, 70.2407913208, -35.5191001892, -61.9942321777], [-465.183807373, -168.556777954, 0.455640792847, 17.6829204559, 64.892326355, 128.862213135, 80.2901535034, 180.796905518, 22.9695224762, 54.9833755493, -18.976064682, 31.0786533356, -21.7017631531], [167.077529907, -1.10293912888, -55.3928031921, 81.2210922241, 18.8114452362, -51.6136741638, -37.0795402527, 22.9695224762, 127.041107178, 23.9374980927, 0.359824359417, -19.5069198608, 25.8228340149], [-973.356201172, -313.471954346, 148.34161377, 115.284851074, 25.9261054993, 182.842605591, -20.0232143402, 54.9833755493, 23.9374980927, 210.806564331, -10.6496963501, 54.1815567017, -1.88440835476], [396.115661621, 58.2672309875, -166.101928711, -71.6683197021, -42.303894043, -41.0400466919, 70.2407913208, -18.976064682, 0.359824359417, -10.6496963501, 126.687034607, 18.5990066528, -2.39304947853], [-421.222442627, -172.292388916, -11.1151723862, -18.6496200562, -21.2446308136, 23.9573574066, -35.5191001892, 31.0786533356, -19.5069198608, 54.1815567017, 18.5990066528, 108.251426697, 20.4022102356], [26.442276001, -27.7268447876, -49.7456359863, 28.0710220337, -26.1557693481, -77.6508865356, -61.9942321777, -21.7017631531, 25.8228340149, -1.88440835476, -2.39304947853, 20.4022102356, 88.0224075317]],
        "icov": [[0.000211656180909, -0.000259376858594, 0.000396686315071, -0.000356129661668, 0.000288667157292, 4.18063900725e-05, -0.000167224541656, 0.000205396834644, -0.000106554587546, 0.000366044376278, 3.6474022636e-05, 6.35017713648e-05, 0.000273363606539], [-0.000259376858594, 0.0034569974523, -0.00182616699021, 0.00258127972484, -0.00194852158893, 0.00116477429401, -0.000740963034332, 0.00144918600563, -0.00170534045901, 0.00207653292455, -0.00154901633505, 0.00245911465026, -0.00047176858061], [0.000396686315071, -0.00182616699021, 0.00196387385949, -0.00198774063028, 0.000691924535204, -0.000513884297106, 1.52871398313e-05, 0.000100353572634, 0.00102283002343, -0.000586819311138, 0.00125667836983, -0.00117242860142, 0.000830447534099], [-0.000356129661668, 0.00258127972484, -0.00198774063028, 0.00415762932971, -0.00230354629457, 0.00108226586599, -0.000281838641968, 0.000903282314539, -0.00191085971892, -1.45254955441e-06, -0.000797237444203, 0.00221254373901, -0.00120869115926], [0.000288667157292, -0.00194852158893, 0.000691924535204, -0.00230354629457, 0.00551912840456, -0.00249907141551, 0.00152265559882, -0.00206754729152, -8.45906179165e-05, 0.00147534185089, -0.000332863099175, -0.00037600347423, 0.000557714665774], [4.18063900725e-05, 0.00116477429401, -0.000513884297106, 0.00108226586599, -0.00249907141551, 0.00571718811989, -0.00381102249958, 0.000923164130654, 0.000910798786208, -0.00359883718193, 0.00222502136603, 0.000231044919929, 0.00122591946274], [-0.000167224541656, -0.000740963034332, 1.52871398313e-05, -0.000281838641968, 0.00152265559882, -0.00381102249958, 0.00586644466966, -0.00302785937674, 0.000927885586862, 0.00191506498959, -0.00385208823718, 0.00200724508613, -0.000410126580391], [0.000205396834644, 0.00144918600563, 0.000100353572634, 0.000903282314539, -0.00206754729152, 0.000923164130654, -0.00302785937674, 0.0102974567562, -0.00401676958427, 0.000472511484986, 0.0027438022662, -0.00324488664046, 0.00278496532701], [-0.000106554587546, -0.00170534045901, 0.00102283002343, -0.00191085971892, -8.45906179165e-05, 0.000910798786208, 0.000927885586862, -0.00401676958427, 0.0132220191881, -0.00478963181376, -0.000486461416585, 0.00344135821797, -0.00366851757281], [0.000366044376278, 0.00207653292455, -0.000586819311138, -1.45254955441e-06, 0.00147534185089, -0.00359883718193, 0.00191506498959, 0.000472511484986, -0.00478963181376, 0.0135817117989, -0.0032157774549, -0.00100867915899, 0.000784095551353], [3.6474022636e-05, -0.00154901633505, 0.00125667836983, -0.000797237444203, -0.000332863099175, 0.00222502136603, -0.00385208823718, 0.0027438022662, -0.000486461416585, -0.0032157774549, 0.01351951994, -0.00614919001237, 0.00215965858661], [6.35017713648e-05, 0.00245911465026, -0.00117242860142, 0.00221254373901, -0.00037600347423, 0.000231044919929, 0.00200724508613, -0.00324488664046, 0.00344135821797, -0.00100867915899, -0.00614919001237, 0.0183147154748, -0.00535029172897], [0.000273363606539, -0.00047176858061, 0.000830447534099, -0.00120869115926, 0.000557714665774, 0.00122591946274, -0.000410126580391, 0.00278496532701, -0.00366851757281, 0.000784095551353, 0.00215965858661, -0.00535029172897, 0.016021611169]]
    },
    "melbands": {
        "max": [0.00185803161003, 0.0228933114558, 0.0224023032933, 0.0129726510495, 0.0106882164255, 0.0114363282919, 0.00790362991393, 0.00580999488011, 0.0117409611121, 0.00892535876483, 0.00434276321903, 0.00817122403532, 0.00208464753814, 0.00219721440226, 0.00291262776591, 0.00105944043025, 0.000853567675222, 0.000587229966186, 0.000264300324488, 0.000588819384575, 0.000583776214626, 0.000381703808671, 0.000602804066148, 0.000325892964611, 0.000113800546387, 0.000430309853982, 0.000132498753374, 0.000177532754606, 0.000228200762649, 0.000143272205605, 0.000135140333441, 0.000142523422255, 0.000121292199765, 5.35162507731e-05, 3.13459095196e-05, 2.41951929638e-05, 3.76070784114e-05, 4.43778517365e-05, 2.1855779778e-05, 1.11581102828e-05],
        "mean": [7.97495158622e-05, 0.000840217224322, 0.000914436823223, 0.000555003935006, 0.000413392292103, 0.000543040048797, 0.000340883387253, 0.00012179253099, 0.000253099104157, 0.000335498305503, 0.000162259151693, 0.000173095992068, 6.72808091622e-05, 4.87304459966e-05, 4.79976042698e-05, 3.79696721211e-05, 2.20707388507e-05, 1.80394945346e-05, 1.163993511e-05, 1.41505033753e-05, 1.32528002723e-05, 1.20773429444e-05, 1.47967848534e-05, 9.55399900704e-06, 5.89755200053e-06, 7.93752860773e-06, 6.03600301474e-06, 3.37390292771e-06, 2.1040127649e-06, 1.60561410212e-06, 1.44523676227e-06, 1.38244251957e-06, 1.19061724035e-06, 8.41842791033e-07, 4.70019358545e-07, 3.57171728638e-07, 3.15185161526e-07, 2.70252968448e-07, 1.74570118361e-07, 8.65395719529e-08],
        "min": [1.81322298083e-23, 1.10302073753e-23, 7.93234665624e-24, 5.86846643599e-24, 7.84150064553e-24, 2.38567267625e-23, 1.82361038569e-23, 2.38585742748e-23, 1.5415867745e-23, 1.07725725034e-23, 4.23770650922e-23, 7.03406837688e-24, 8.65471684234e-24, 1.07693105636e-23, 9.96592751798e-24, 1.0647821251e-23, 6.92399624819e-24, 8.72972647038e-24, 9.66070934514e-24, 1.13470273255e-23, 1.10867111154e-23, 1.21813573845e-23, 8.48035649418e-24, 4.85229959966e-24, 1.4721229964e-23, 1.28345026595e-23, 5.3306183098e-24, 1.029704005e-23, 1.51858437937e-23, 1.06448109578e-23, 1.14267496086e-23, 1.11798014354e-23, 1.0723239509e-23, 1.25213311911e-23, 8.83448483201e-24, 1.08142472362e-23, 1.11246829351e-23, 7.83111844716e-24, 6.74975028487e-24, 9.81227003542e-24],
        "stdev": [0.000228809236432, 0.0026933546178, 0.00264037796296, 0.00105529557914, 0.000937465403695, 0.0012737683719, 0.000740979914553, 0.000319332088111, 0.000757400412112, 0.000922340725083, 0.000443963275757, 0.000631586124655, 0.000211624254007, 0.000187079611351, 0.000171643550857, 0.000111529006972, 6.95244525559e-05, 5.35551989742e-05, 2.92584936687e-05, 4.34104877058e-05, 4.1474479076e-05, 2.9390805139e-05, 4.26159058406e-05, 2.52788759099e-05, 1.28774026962e-05, 2.56926650763e-05, 1.27835746753e-05, 1.06438164948e-05, 1.18789575936e-05, 9.15387772693e-06, 8.34367710922e-06, 7.65125878388e-06, 5.65999698665e-06, 3.74247019863e-06, 2.18390914597e-06, 1.67425912423e-06, 1.7168405293e-06, 1.65555650256e-06, 9.94263245957e-07, 4.87850627451e-07]
    },
    "melbands128": {
        "max": [0.000765233242419, 0.00139041931834, 0.00217367429286, 0.00501856021583, 0.0209006723017, 0.0506198816001, 0.027519762516, 0.0315868780017, 0.0322526097298, 0.0126963164657, 0.016653843224, 0.0199566800147, 0.0110305426642, 0.013216547668, 0.0141238309443, 0.0233737155795, 0.0184913910925, 0.00825936160982, 0.0058290916495, 0.00878951046616, 0.00612202472985, 0.011339796707, 0.0216737277806, 0.0159905217588, 0.0174694471061, 0.0133945560083, 0.00810738094151, 0.00785121694207, 0.00941551849246, 0.0149996690452, 0.00960717629641, 0.00281537487172, 0.00376164680347, 0.0024738763459, 0.0057376306504, 0.00447430834174, 0.0030080685392, 0.00646653166041, 0.00412934087217, 0.0028386018239, 0.00130168756004, 0.00143863412086, 0.00118638097774, 0.000835299142636, 0.0017490623286, 0.000754809298087, 0.000679619202856, 0.000340542464983, 0.00029812019784, 0.00163707870524, 0.00093494792236, 0.000529581098817, 0.000825559429359, 0.000916866760235, 0.000326038221829, 0.000551124103367, 0.000526415649801, 0.000673461938277, 0.00131025060546, 0.000302393862512, 0.000692283094395, 0.000241773872403, 0.000266091054073, 0.000152986991452, 0.000202329887543, 0.000622113468125, 0.000847163726576, 0.000205875665415, 0.00020739743195, 0.000150501859025, 0.000140986347105, 0.00028223200934, 0.000343017862178, 0.00023070127645, 0.000145681478898, 0.000163132252055, 0.000148503415403, 0.000184719887329, 0.000128918385599, 0.000165148885571, 0.000250384764513, 9.88540050457e-05, 0.000150713560288, 0.000159718096256, 7.84943476901e-05, 9.87709936453e-05, 6.6430256993e-05, 3.7937075831e-05, 3.69172848877e-05, 4.3672935135e-05, 3.37261080858e-05, 2.64891696133e-05, 3.22614905599e-05, 5.00401001773e-05, 3.78233817173e-05, 4.00822864322e-05, 5.73741017433e-05, 3.67351494788e-05, 2.75557067653e-05, 1.540444282e-05, 1.26616914713e-05, 1.2814170077e-05, 6.48297509542e-06, 3.75870558855e-06, 3.97273424824e-06, 4.25861753683e-06, 3.94542621507e-06, 2.27277837439e-06, 1.10641826723e-06, 1.0593330444e-06, 1.04985645066e-06, 7.55257644869e-07, 4.60728045937e-07, 6.52311086924e-07, 3.48094374658e-07, 4.28160653598e-08, 6.9758243626e-09, 1.67775127125e-10, 1.69958255802e-10, 1.69079653056e-10, 1.65632008109e-10, 1.63575902823e-10, 1.61361007889e-10, 1.60992871812e-10, 1.60443811015e-10, 1.59728896776e-10, 1.57122981292e-10, 1.57607163431e-10],
        "mean": [1.57783615578e-05, 5.50289696548e-05, 8.33637022879e-05, 0.0001688538905, 0.000827700248919, 0.00148417847231, 0.0010045216186, 0.000764386204537, 0.000724808196537, 0.000529220502358, 0.000464444543468, 0.000443975586677, 0.000331156566972, 0.000469132995931, 0.000571247888729, 0.000617687939666, 0.00043500418542, 0.00032620006823, 0.000168507467606, 0.000119162883493, 9.33102637646e-05, 0.000127210791106, 0.000218315821257, 0.000433251727372, 0.000531383207999, 0.000198407040443, 0.000129535954329, 0.000135290407343, 0.000214621657506, 0.000254325510468, 0.00013109043357, 6.54604082229e-05, 8.27056574053e-05, 4.45239893452e-05, 5.68309005757e-05, 4.94696505484e-05, 3.72182257706e-05, 4.37066555605e-05, 5.9636986407e-05, 5.2873914683e-05, 2.69850097538e-05, 2.73002951872e-05, 2.18499608309e-05, 1.61024508998e-05, 2.87958973786e-05, 1.5762178009e-05, 1.09317361421e-05, 9.66190418694e-06, 1.02571866591e-05, 2.0378303816e-05, 1.42520220834e-05, 8.67647486302e-06, 1.47637892951e-05, 1.55517482199e-05, 8.9785498858e-06, 1.16769851957e-05, 1.36000935527e-05, 1.855012124e-05, 1.51221602209e-05, 7.05095453668e-06, 1.16621804409e-05, 9.12036193768e-06, 5.29241469849e-06, 5.21678475707e-06, 6.35379410596e-06, 8.23475693323e-06, 9.44988187257e-06, 6.13797419646e-06, 5.96791460339e-06, 4.49476237918e-06, 3.10436166728e-06, 3.28330202137e-06, 2.20554147745e-06, 1.928601705e-06, 1.88412570878e-06, 1.55711438765e-06, 1.5052088429e-06, 1.54071210545e-06, 1.27928274196e-06, 1.56769101523e-06, 1.52369341322e-06, 1.219430942e-06, 1.26887334773e-06, 1.21439768463e-06, 1.1042756114e-06, 1.02231297205e-06, 6.96751669693e-07, 5.89783098803e-07, 4.36293049688e-07, 4.19723789946e-07, 3.73944629928e-07, 3.50640817715e-07, 2.99728696973e-07, 3.14080523367e-07, 3.29811058464e-07, 2.98087655892e-07, 2.63551356738e-07, 2.20261227923e-07, 1.91881724732e-07, 1.42020780913e-07, 1.05000133033e-07, 8.01034332198e-08, 6.08301178318e-08, 5.02711792194e-08, 3.85373262191e-08, 3.23126236879e-08, 2.9944242641e-08, 2.74800644462e-08, 1.99246432686e-08, 1.69951466233e-08, 1.40113263214e-08, 9.15487596842e-09, 5.7308566781e-09, 2.63684274415e-09, 9.89319959288e-10, 1.02159017357e-10, 1.29736507995e-11, 3.15250017931e-12, 2.90605126768e-12, 2.83474242344e-12, 2.76778556671e-12, 2.71151872656e-12, 2.65637446935e-12, 2.61113851895e-12, 2.57664419315e-12, 2.54997585547e-12, 2.52848913682e-12, 2.51176510147e-12],
        "min": [1.30400616676e-23, 2.21183013639e-23, 1.85187448306e-23, 1.39329259946e-23, 1.0420863602e-23, 9.17263321447e-24, 8.82092746849e-24, 8.1961346432e-24, 5.79238671814e-24, 4.60815937684e-24, 6.89358408258e-24, 6.91134291927e-24, 5.3735926909e-24, 1.11952110443e-23, 3.06369026236e-23, 3.24184029831e-23, 7.65562135044e-24, 1.59026343666e-23, 2.9101842411e-23, 2.72825272151e-23, 1.75955188251e-23, 2.45930100884e-23, 1.72357146331e-23, 3.54887458673e-24, 3.82540464946e-24, 9.14610539995e-24, 3.67741268703e-23, 6.81173755485e-23, 2.52252978812e-23, 3.51493108527e-24, 2.29922188297e-24, 7.61784832371e-24, 1.34306724557e-23, 3.62843239231e-24, 8.10535331909e-24, 1.4169721528e-23, 1.41396391062e-23, 1.33613726029e-23, 4.02554181656e-24, 5.9339856729e-24, 2.05839164162e-23, 2.56347411457e-24, 3.4247694114e-24, 1.27063955928e-23, 7.36407098164e-24, 1.09067183004e-23, 5.24448653186e-24, 6.8045776955e-24, 1.36905405929e-23, 1.36759640211e-23, 7.32986202849e-24, 1.45026082082e-23, 9.67730618973e-24, 7.27928500041e-24, 1.8832484279e-23, 1.14165109829e-23, 7.73297468422e-24, 1.37758495889e-23, 5.16847899478e-24, 5.35985270608e-24, 4.295571271e-24, 4.22800927877e-24, 1.00619034912e-23, 1.81155343561e-23, 2.27902325726e-23, 1.4713846226e-23, 5.73045995379e-24, 3.76108329783e-24, 4.32545213879e-24, 6.7505486121e-24, 1.61654354885e-23, 4.34565841645e-24, 1.52963726728e-23, 1.61381314349e-23, 1.98621339314e-23, 9.13052934138e-24, 7.52716166291e-24, 9.23050326162e-24, 1.44411953867e-23, 9.22639171858e-24, 1.25786427247e-23, 1.06068351938e-23, 1.14308398524e-23, 9.18467990936e-24, 1.14057761637e-23, 1.35296192791e-23, 1.23099219905e-23, 1.33905304797e-23, 7.4031771833e-24, 6.84466839556e-24, 9.0103014174e-24, 1.03958661777e-23, 1.58904133334e-23, 9.57675955647e-24, 1.03333173965e-23, 9.91963558234e-24, 6.06141116378e-24, 6.71209795386e-24, 8.33688636135e-24, 4.52216249412e-24, 8.03226298963e-24, 1.05285099834e-23, 1.34540132722e-23, 8.00245430261e-24, 1.08703597013e-23, 1.11338297773e-23, 1.60094603326e-23, 1.07131231568e-23, 8.3020699853e-24, 9.02956618956e-24, 9.55277660723e-24, 9.31880677363e-24, 1.07947568498e-23, 1.20807831411e-23, 1.25534102198e-23, 1.2807249093e-23, 8.40885493059e-24, 7.0318524666e-24, 1.20438565621e-23, 1.04122618627e-23, 1.58454687722e-23, 1.14842402137e-23, 8.21320164888e-24, 1.2074471465e-23, 1.23132864822e-23, 1.07216807199e-23, 9.38473582378e-24, 7.47103736494e-24],
        "stdev": [4.64983677375e-05, 0.000190697421203, 0.000259341555648, 0.00051773537416, 0.00261807139032, 0.00532931182534, 0.00329755805433, 0.00226458581164, 0.00200975895859, 0.00111879920587, 0.00114120426588, 0.00134972296655, 0.000869873852935, 0.00136781448964, 0.00147047627252, 0.00214671902359, 0.00124834652524, 0.000840748776682, 0.000449799408671, 0.000437719165348, 0.000322309177136, 0.000586534966715, 0.00111133651808, 0.00130737409927, 0.00171625532676, 0.000738334550988, 0.000493657425977, 0.000535207800567, 0.000804252573289, 0.00111137051135, 0.000622389256023, 0.000228380798944, 0.000323390006088, 0.000189447149751, 0.00030300419894, 0.00028183060931, 0.000193255764316, 0.000275277387118, 0.000251267309068, 0.000205973265111, 0.000108884421934, 0.000119211355923, 8.92150201253e-05, 5.83281289437e-05, 0.000122261160868, 5.56488121219e-05, 4.01687138947e-05, 3.09881725116e-05, 2.92920594802e-05, 8.88560898602e-05, 5.20236098964e-05, 3.38034260494e-05, 5.8689249272e-05, 6.16358156549e-05, 3.02507451124e-05, 4.26196020271e-05, 4.43013668701e-05, 6.12745279795e-05, 6.68385691824e-05, 1.92658444575e-05, 4.55179506389e-05, 2.6522362532e-05, 1.86236975424e-05, 1.4827328414e-05, 1.65433611983e-05, 3.50187219738e-05, 3.82888392778e-05, 1.42654034789e-05, 1.58511356858e-05, 1.19809728858e-05, 9.22229355638e-06, 1.52261927724e-05, 1.47867085616e-05, 1.27191970023e-05, 9.63174625213e-06, 1.02128933577e-05, 9.0640187409e-06, 9.26011944102e-06, 7.66826815379e-06, 9.59817680268e-06, 1.04873515738e-05, 6.24464792054e-06, 6.41741326035e-06, 6.58733279124e-06, 5.04086483488e-06, 5.47010768059e-06, 3.05320327243e-06, 2.73460977951e-06, 2.1937235033e-06, 2.33324954024e-06, 1.94828771782e-06, 1.64633968325e-06, 1.55685620484e-06, 1.93251503333e-06, 1.87957004982e-06, 1.74323679403e-06, 1.99774763132e-06, 1.40330325848e-06, 1.14006843432e-06, 7.69146595303e-07, 6.18795127139e-07, 5.1036278137e-07, 3.34316439421e-07, 2.42687121954e-07, 1.83983416946e-07, 1.54288514409e-07, 1.48568886971e-07, 1.22911430367e-07, 7.1546615743e-08, 6.15118409542e-08, 5.62721353958e-08, 4.29888267206e-08, 2.57943071347e-08, 2.73285554186e-08, 1.23859713597e-08, 1.50962775614e-09, 2.07419179055e-10, 8.66564545815e-12, 7.66938942909e-12, 7.52767466417e-12, 7.35476089753e-12, 7.22054317379e-12, 7.09355577749e-12, 7.01383309071e-12, 6.94237419288e-12, 6.88139389221e-12, 6.79878245716e-12, 6.78502783472e-12]
    },
    "mfcc": {
        "mean": [-775.526794434, 131.882736206, 8.17621898651, 17.2127990723, -1.45018136501, -10.0294055939, -12.3030700684, -1.03257894516, -11.7047157288, -2.88114213943, -5.67505407333, -9.16098308563, -4.7831697464],
        "cov": [[18037.6835938, 194.729415894, -3723.27050781, -527.179382324, -1858.02404785, -1243.48693848, -649.422668457, 165.466995239, -770.885681152, -105.220191956, 0.997616052628, -564.48638916, -202.00163269], [194.729415894, 1698.28942871, 360.191040039, -82.8174514771, 7.86813020706, -108.185935974, 76.6873931885, 107.999298096, -124.602897644, -94.0185241699, -4.94670915604, -112.494430542, -79.569694519], [-3723.27050781, 360.191040039, 1768.69580078, 518.787109375, 521.470031738, 420.76159668, 187.447540283, -43.7790184021, 194.771209717, -4.34484434128, -35.3009223938, 143.283447266, 8.8367729187], [-527.179382324, -82.8174514771, 518.787109375, 694.08001709, 371.981170654, 23.1383743286, -121.150108337, -77.7372207642, 49.3807106018, 1.49701786041, -88.7537231445, -0.625354170799, 35.7679138184], [-1858.02404785, 7.86813020706, 521.470031738, 371.981170654, 631.755981445, 164.26739502, -51.0358695984, -66.1137924194, 129.736495972, 16.7964954376, -60.9891586304, 49.4421043396, 40.834186554], [-1243.48693848, -108.185935974, 420.76159668, 23.1383743286, 164.26739502, 442.686706543, 264.527252197, 43.4321136475, 143.607559204, 70.9974594116, 67.0138702393, 124.492279053, -5.24981737137], [-649.422668457, 76.6873931885, 187.447540283, -121.150108337, -51.0358695984, 264.527252197, 426.191040039, 186.375106812, 80.7951965332, 64.1155776978, 96.2469100952, 116.152832031, -20.9737758636], [165.466995239, 107.999298096, -43.7790184021, -77.7372207642, -66.1137924194, 43.4321136475, 186.375106812, 208.289978027, 34.7070846558, 36.544834137, 54.3220710754, 30.8805789948, -3.07365465164], [-770.885681152, -124.602897644, 194.771209717, 49.3807106018, 129.736495972, 143.607559204, 80.7951965332, 34.7070846558, 213.392562866, 78.0799942017, -7.60294628143, 80.3912124634, -6.15020227432], [-105.220191956, -94.0185241699, -4.34484434128, 1.49701786041, 16.7964954376, 70.9974594116, 64.1155776978, 36.544834137, 78.0799942017, 143.11680603, 44.5045661926, 41.4861297607, -0.437749266624], [0.997616052628, -4.94670915604, -35.3009223938, -88.7537231445, -60.9891586304, 67.0138702393, 96.2469100952, 54.3220710754, -7.60294628143, 44.5045661926, 111.676055908, 48.3359146118, 3.00338864326], [-564.48638916, -112.494430542, 143.283447266, -0.625354170799, 49.4421043396, 124.492279053, 116.152832031, 30.8805789948, 80.3912124634, 41.4861297607, 48.3359146118, 141.761474609, 25.7816162109], [-202.00163269, -79.569694519, 8.8367729187, 35.7679138184, 40.834186554, -5.24981737137, -20.9737758636, -3.07365465164, -6.15020227432, -0.437749266624, 3.00338864326, 25.7816162109, 88.506652832]],
        "icov": [[0.000176750429091, -0.000118742391351, 0.000381833378924, -0.000390137342038, 0.000466790661449, -0.000266691466095, 0.000348329835106, -0.000290547555778, 0.000207446923014, -5.51402445126e-05, 0.000146597711137, -0.000135967784445, 0.000306240690406], [-0.000118742391351, 0.00100618880242, -0.000727734121028, 0.000685234437697, -0.000663498591166, 0.00080231676111, -0.000484899210278, -0.000411453365814, 0.000420922937337, 0.000169036095031, -0.000260697677732, 0.000794801919255, 0.000461236049887], [0.000381833378924, -0.000727734121028, 0.00218439893797, -0.0017363501247, 0.000870115763973, -0.00147838296834, 0.000357244745828, 0.000110660432256, -0.000148011225974, 0.000544154027011, 0.000430235173553, -0.000915631710086, 0.000544720271137], [-0.000390137342038, 0.000685234437697, -0.0017363501247, 0.00377538101748, -0.00225671031512, 0.00117973075248, -0.000206772616366, -3.80404526368e-05, 0.000521778012626, -0.00085760676302, 0.000942523474805, 0.000451200292446, -0.00069732038537], [0.000466790661449, -0.000663498591166, 0.000870115763973, -0.00225671031512, 0.00454368256032, -0.00216525024734, 0.00206291140057, -0.000708616047632, -0.000635744829196, -2.85257592623e-05, 0.00108203152195, -0.000714651425369, -0.000339366466505], [-0.000266691466095, 0.00080231676111, -0.00147838296834, 0.00117973075248, -0.00216525024734, 0.00740504777059, -0.00501251127571, 0.00315173948184, -0.00226522912271, 0.000158663126058, -0.0029951739125, 0.0010455820011, -0.0002162574674], [0.000348329835106, -0.000484899210278, 0.000357244745828, -0.000206772616366, 0.00206291140057, -0.00501251127571, 0.00987564213574, -0.0070375688374, 0.0021492803935, -0.000762582640164, 0.00111627695151, -0.0040757576935, 0.0025486999657], [-0.000290547555778, -0.000411453365814, 0.000110660432256, -3.80404526368e-05, -0.000708616047632, 0.00315173948184, -0.0070375688374, 0.0116580808535, -0.00373889622279, 0.000530028599314, -0.00348069402389, 0.00275723682716, -0.00271993456408], [0.000207446923014, 0.000420922937337, -0.000148011225974, 0.000521778012626, -0.000635744829196, -0.00226522912271, 0.0021492803935, -0.00373889622279, 0.0116059482098, -0.00517692323774, 0.00641100108624, -0.00527520151809, 0.00329419435002], [-5.51402445126e-05, 0.000169036095031, 0.000544154027011, -0.00085760676302, -2.85257592623e-05, 0.000158663126058, -0.000762582640164, 0.000530028599314, -0.00517692323774, 0.0114192645997, -0.00568353570998, 0.00133070652373, -0.000319384038448], [0.000146597711137, -0.000260697677732, 0.000430235173553, 0.000942523474805, 0.00108203152195, -0.0029951739125, 0.00111627695151, -0.00348069402389, 0.00641100108624, -0.00568353570998, 0.0183682590723, -0.00633491948247, 0.000782538671046], [-0.000135967784445, 0.000794801919255, -0.000915631710086, 0.000451200292446, -0.000714651425369, 0.0010455820011, -0.0040757576935, 0.00275723682716, -0.00527520151809, 0.00133070652373, -0.00633491948247, 0.0157960429788, -0.00491139432415], [0.000306240690406, 0.000461236049887, 0.000544720271137, -0.00069732038537, -0.000339366466505, -0.0002162574674, 0.0025486999657, -0.00271993456408, 0.00329419435002, -0.000319384038448, 0.000782538671046, -0.00491139432415, 0.0149243175983]]
    },
    "spectral_contrast_coeffs": {
        "max": [-0.308915555477, -0.375495254993, -0.463751256466, -0.554035842419, -0.533462524414, -0.616931438446],
        "mean": [-0.645100712776, -0.733142256737, -0.769559085369, -0.792164862156, -0.781314611435, -0.806327998638],
        "min": [-0.958112180233, -0.961721718311, -0.96201980114, -0.958077669144, -0.964519619942, -0.960280954838],
        "stdev": [0.129791542888, 0.11201698333, 0.0961272865534, 0.0818889215589, 0.0841997042298, 0.0550981909037]
    },
    "spectral_contrast_valleys": {
        "max": [-5.25469732285, -4.52059173584, -5.3569984436, -5.50979328156, -5.38029050827, -7.77408599854],
        "mean": [-8.20171833038, -7.66448068619, -8.71264839172, -9.05176448822, -9.16487693787, -11.42116642],
        "min": [-27.0865383148, -27.361995697, -27.1545448303, -27.1415424347, -27.1917533875, -27.1993618011],
        "stdev": [1.29286372662, 1.42492163181, 1.52449762821, 1.42779695988, 1.39579701424, 1.03498315811]
    }
},
"rhythm": {
    "beats_count": 42,
    "beats_loudness": {
        "max": 0.13137948513,
        "mean": 0.0372553877532,
        "min": 4.49144390586e-05,
        "stdev": 0.0287851691246
    },
    "bpm": 88.8571243286,
    "bpm_histogram_first_peak_bpm": 89,
    "bpm_histogram_first_peak_weight": 0.25,
    "bpm_histogram_second_peak_bpm": 96,
    "bpm_histogram_second_peak_spread": 0.399999976158,
    "bpm_histogram_second_peak_weight": 0.0731707289815,
    "danceability": 0.985354661942,
    "onset_rate": 3.27435660362,
    "beats_loudness_band_ratio": {
        "max": [0.977456629276, 0.737660706043, 0.60341745615, 0.430817037821, 0.464805841446, 0.0967860966921],
        "mean": [0.477495640516, 0.272855728865, 0.174814090133, 0.0939665436745, 0.0350553952157, 0.0137515040115],
        "min": [0.0106452014297, 0.0243890825659, 0.00110013864469, 0.000417527189711, 2.94292203762e-05, 2.1871568606e-05],
        "stdev": [0.312988221645, 0.179870128632, 0.151854217052, 0.119658172131, 0.082973703742, 0.024602284655]
    },
    "beats_position": [0.66176867485, 1.33514738083, 2.00852608681, 2.69351458549, 3.39011335373, 4.07510185242, 4.73687076569, 5.38702917099, 6.06040811539, 6.73378658295, 7.40716552734, 8.08054447174, 8.75392246246, 9.42730140686, 10.1006803513, 10.774058342, 11.4474372864, 12.144036293, 12.8290243149, 13.5140132904, 14.2106122971, 14.8956003189, 15.5805892944, 16.2539672852, 16.9273471832, 17.600725174, 18.2624931335, 18.9242630005, 19.6208610535, 20.2942390442, 20.9676189423, 21.640996933, 22.3143768311, 22.9993648529, 23.6843528748, 24.3577327728, 25.0543308258, 25.681268692, 26.3198184967, 26.958366394, 27.5853061676, 28.2122440338],
