{
"metadata": {
    "version": {
        "essentia": "2.1-beta5",
        "essentia_git_sha": "Undefined",
        "extractor": "music 2.0"
    },
    "audio_properties": {
        "analysis": {
            "equal_loudness": 0,
            "length": 12.7477550507,
            "sample_rate": 44100,
            "start_time": 0,
            "downmix": "mix"
        },
        "bit_rate": 192000,
        "length": 209.815505981,
        "lossless": 0,
        "number_channels": 2,
        "replay_gain": 21.0759754181,
        "sample_rate": 44100,
        "codec": "mp3",
        "md5_encoded": "c008a0b686d9e236bbc5733613abe045"
    },
    "tags": {
        "file_name": "Yugoslavia_Gori Vatra_Zdravko Colic.mp3",
        "encoding": ["Lavf58.29.100"]
    }
},
"lowlevel": {
    "average_loudness": 0.987829148769,
    "barkbands_crest": {
        "max": 15.9064540863,
        "mean": 7.7958316803,
        "min": 3.22057557106,
        "stdev": 2.42444562912
    },
    "barkbands_flatness_db": {
        "max": 0.166691601276,
        "mean": 0.101998068392,
        "min": 0.0517013520002,
        "stdev": 0.0192123763263
    },
    "barkbands_kurtosis": {
        "max": 17.3693180084,
        "mean": 5.95777082443,
        "min": -1.6807063818,
        "stdev": 3.22657585144
    },
    "barkbands_skewness": {
        "max": 3.91128754616,
        "mean": 2.21921825409,
        "min": -2.18831062317,
        "stdev": 0.653164684772
    },
    "barkbands_spread": {
        "max": 84.383430481,
        "mean": 22.6007289886,
        "min": 8.6230506897,
        "stdev": 7.84940624237
    },
    "dissonance": {
        "max": 0.499810129404,
        "mean": 0.47225907445,
        "min": 0.40930980444,
        "stdev": 0.0168991219252
    },
    "dynamic_complexity": 0.856124460697,
    "erbbands_crest": {
        "max": 15.9653902054,
        "mean": 5.84810352325,
        "min": 2.29493308067,
        "stdev": 2.08007526398
    },
    "erbbands_flatness_db": {
        "max": 0.150286614895,
        "mean": 0.101296171546,
        "min": 0.0693306922913,
        "stdev": 0.0116213671863
    },
    "erbbands_kurtosis": {
        "max": 6.11381435394,
        "mean": 0.0556453876197,
        "min": -1.55330550671,
        "stdev": 0.898536920547
    },
    "erbbands_skewness": {
        "max": 2.25127696991,
        "mean": 0.796395719051,
        "min": -0.77681094408,
        "stdev": 0.41044062376
    },
    "erbbands_spread": {
        "max": 98.8354644775,
        "mean": 57.0035514832,
        "min": 27.550283432,
        "stdev": 11.0731639862
    },
    "hfc": {
        "max": 216.564422607,
        "mean": 30.9664745331,
        "min": 1.20947186029e-16,
        "stdev": 12.6844539642
    },
    "loudness_ebu128": {
        "integrated": -42.9876823425,
        "loudness_range": 0.723628997803,
        "momentary": {
            "max": -41.2196350098,
            "mean": -43.0484848022,
            "min": -44.9239044189,
            "stdev": 0.729559957981
        },
        "short_term": {
            "max": -42.5608062744,
            "mean": -43.0115127563,
            "min": -43.4618301392,
            "stdev": 0.248654291034
        }
    },
    "melbands_crest": {
        "max": 24.0618801117,
        "mean": 11.6405954361,
        "min": 1.86837232113,
        "stdev": 3.48552823067
    },
    "melbands_flatness_db": {
        "max": 0.250677257776,
        "mean": 0.173582106829,
        "min": 0.00554424058646,
        "stdev": 0.0301667805761
    },
    "melbands_kurtosis": {
        "max": 60.7041549683,
        "mean": 19.6996574402,
        "min": -1.25494611263,
        "stdev": 8.75893974304
    },
    "melbands_skewness": {
        "max": 6.44549751282,
        "mean": 3.44651222229,
        "min": -0.169740393758,
        "stdev": 0.82828348875
    },
    "melbands_spread": {
        "max": 142.610824585,
        "mean": 16.4449729919,
        "min": 6.14374303818,
        "stdev": 12.706662178
    },
    "pitch_salience": {
        "max": 0.920743107796,
        "mean": 0.689247727394,
        "min": 0.398534983397,
        "stdev": 0.0704309344292
    },
    "silence_rate_20dB": {
        "max": 1,
        "mean": 1,
        "min": 1,
        "stdev": 0
    },
    "silence_rate_30dB": {
        "max": 1,
        "mean": 0.983636379242,
        "min": 0,
        "stdev": 0.126869991422
    },
    "silence_rate_60dB": {
        "max": 1,
        "mean": 0.0109090907499,
        "min": 0,
        "stdev": 0.103876285255
    },
    "spectral_centroid": {
        "max": 11787.5253906,
        "mean": 978.717407227,
        "min": 450.573303223,
        "stdev": 837.037475586
    },
    "spectral_complexity": {
        "max": 54,
        "mean": 24.8218173981,
        "min": 0,
        "stdev": 5.97549152374
    },
    "spectral_decrease": {
        "max": 4.34817216633e-17,
        "mean": -1.24991430539e-08,
        "min": -4.09165572535e-08,
        "stdev": 5.36800737194e-09
    },
    "spectral_energy": {
        "max": 0.159598171711,
        "mean": 0.0499833934009,
        "min": 1.05958217553e-20,
        "stdev": 0.0208430308849
    },
    "spectral_energyband_high": {
        "max": 0.0246783029288,
        "mean": 0.00171634566505,
        "min": 7.76146719153e-21,
        "stdev": 0.00128049391787
    },
    "spectral_energyband_low": {
        "max": 0.106916792691,
        "mean": 0.0170808713883,
        "min": 5.9985374508e-23,
        "stdev": 0.0125630246475
    },
    "spectral_energyband_middle_high": {
        "max": 0.0271733030677,
        "mean": 0.00400332640857,
        "min": 1.46336701901e-21,
        "stdev": 0.00181620020885
    },
    "spectral_energyband_middle_low": {
        "max": 0.107485353947,
        "mean": 0.0299479775131,
        "min": 2.55022625274e-22,
        "stdev": 0.0141630219296
    },
    "spectral_entropy": {
        "max": 9.800573349,
        "mean": 7.88161039352,
        "min": 7.26605701447,
        "stdev": 0.231257483363
    },
    "spectral_flux": {
        "max": 0.252167493105,
        "mean": 0.139340281487,
        "min": 6.41341216245e-11,
        "stdev": 0.0337938293815
    },
    "spectral_kurtosis": {
        "max": 7.53425979614,
        "mean": 2.44202470779,
        "min": -1.18737792969,
        "stdev": 0.78342461586
    },
    "spectral_rms": {
        "max": 0.0124782025814,
        "mean": 0.00681634899229,
        "min": 3.21518072582e-12,
        "stdev": 0.00151711690705
    },
    "spectral_rolloff": {
        "max": 20542.6757812,
        "mean": 960.616821289,
        "min": 129.19921875,
        "stdev": 1958.80407715
    },
    "spectral_skewness": {
        "max": 2.40943479538,
        "mean": 1.50481188297,
        "min": -0.0628489255905,
        "stdev": 0.222672343254
    },
    "spectral_spread": {
        "max": 40409800,
        "mean": 6900234.5,
        "min": 4806898,
        "stdev": 2500443.5
    },
    "spectral_strongpeak": {
        "max": 4.08443117142,
        "mean": 0.49237498641,
        "min": 0,
        "stdev": 0.418011635542
    },
    "zerocrossingrate": {
        "max": 0.515625,
        "mean": 0.0733478367329,
        "min": 0.001953125,
        "stdev": 0.0359352864325
    },
    "barkbands": {
        "max": [0.0657792389393, 0.0420559123158, 0.0335658192635, 0.0479241609573, 0.0569524765015, 0.0341950505972, 0.0260107927024, 0.0126934871078, 0.0282964538783, 0.00428433390334, 0.00325556681491, 0.00407698843628, 0.0042445268482, 0.0030243138317, 0.00777592370287, 0.00329476082698, 0.00227585574612, 0.00314618437551, 0.00238512805663, 0.00164563348517, 0.00175609765574, 0.00191545416601, 0.00721823843196, 0.0127166491002, 0.00206564133987, 0.000493345316499, 2.78275292658e-05],
        "mean": [0.00358843803406, 0.00470411218703, 0.00611377693713, 0.0064716017805, 0.0110767371953, 0.00433252286166, 0.00380902597681, 0.00248139025643, 0.00159792834893, 0.000551399309188, 0.000458981841803, 0.000511225487571, 0.000547694391571, 0.000433847249951, 0.000416049937485, 0.000340755737852, 0.000264668575255, 0.000244364637183, 0.000219231864321, 0.000210119906114, 0.0002091989154, 0.000228132092161, 0.000266505259788, 0.000419131625677, 0.000320484832628, 0.000166003737831, 8.18100502897e-08],
        "min": [5.36916244806e-24, 1.58247659066e-23, 1.8165551293e-23, 2.32636942661e-23, 2.7952336388e-23, 6.24860067796e-23, 1.40989323058e-23, 1.30075716424e-23, 2.07757468779e-23, 3.91719295451e-23, 5.47157710394e-23, 4.46816149417e-23, 5.18222671043e-23, 5.05898265567e-23, 9.53084138313e-23, 5.39109499003e-23, 1.49471344837e-22, 1.42650386445e-22, 2.78126152377e-22, 2.19501291562e-22, 3.40339711844e-22, 4.04777354192e-22, 5.16838844933e-22, 7.73441943564e-22, 1.11385887542e-21, 1.73899961362e-21, 2.35564963363e-21],
        "stdev": [0.00590069591999, 0.00475501548499, 0.00585924880579, 0.00670166872442, 0.00845902319998, 0.00376889575273, 0.00312006496824, 0.00199188478291, 0.00186969386414, 0.000450039718999, 0.000408222229453, 0.000439079361968, 0.000455157831311, 0.000336271594279, 0.000426585495006, 0.000304851128021, 0.00023822314688, 0.000236550113186, 0.000196591980057, 0.000167386198882, 0.000154549954459, 0.000210654092371, 0.000361952523235, 0.000560275395401, 0.000140564588946, 4.62885363959e-05, 1.18416846817e-06]
    },
    "erbbands": {
        "max": [3.11665391922, 6.55909729004, 30.3397407532, 127.020202637, 129.858276367, 268.16506958, 602.066040039, 278.495178223, 357.45300293, 485.034362793, 355.291656494, 878.196716309, 129.415298462, 155.260360718, 139.9740448, 166.78112793, 190.670516968, 129.123245239, 347.773284912, 277.420471191, 194.412521362, 117.082260132, 211.684860229, 70.5798797607, 113.32850647, 92.8811187744, 75.7327423096, 54.9536170959, 70.3098831177, 96.3891296387, 211.898376465, 435.114685059, 75.4346694946, 29.6848754883, 17.5945987701, 4.01903390884, 0.335778295994, 0.0190238226205, 0.00404390785843, 0.000430663349107],
        "mean": [0.216587349772, 0.859207451344, 5.63358879089, 16.7277488708, 27.8826141357, 39.4029579163, 37.0053443909, 34.1800231934, 51.4711227417, 57.0349617004, 53.2168655396, 38.0805435181, 19.2868404388, 18.1467151642, 19.3521595001, 22.1480674744, 25.405960083, 22.9509010315, 23.9274406433, 18.562461853, 19.1382827759, 15.1745061874, 13.9606342316, 10.7642564774, 11.4429988861, 9.90198326111, 8.71593952179, 8.1846818924, 8.29703903198, 7.75996446609, 7.84465932846, 11.2062044144, 5.07755708694, 3.52139282227, 2.32396221161, 1.29427647591, 0.14109274745, 0.00293089519255, 0.000178705711733, 7.61975898058e-05],
        "min": [8.12668601123e-22, 1.98915934686e-21, 1.3213719147e-20, 7.1654921228e-20, 7.75638730091e-20, 9.51706385295e-20, 5.28433322488e-19, 4.21119174965e-19, 3.4262456867e-19, 2.78652048607e-19, 3.48824597554e-19, 5.25144400673e-19, 7.65532030572e-19, 1.77755302694e-18, 2.98810207491e-18, 2.16286699116e-18, 2.60770094314e-18, 2.59640248316e-18, 3.13407215606e-18, 5.69394903171e-18, 4.41015438127e-18, 8.82283249058e-18, 9.57833955742e-18, 1.20177365429e-17, 1.16086229381e-17, 1.06247329585e-17, 1.18268993581e-17, 1.30633168254e-17, 1.60270627739e-17, 1.56248428924e-17, 1.30053910214e-17, 1.38103519084e-17, 1.13720236403e-17, 8.79518232425e-18, 8.82592366453e-18, 6.30632490125e-18, 2.92892267875e-18, 1.12462214632e-18, 2.91303982872e-19, 3.69842080772e-20],
        "stdev": [0.310834676027, 0.770489037037, 5.26174449921, 15.934176445, 22.5149059296, 34.5615234375, 39.4816627502, 31.4400596619, 42.5368614197, 51.1104011536, 41.5489768982, 52.5948638916, 14.7268447876, 15.3711051941, 15.0828723907, 18.6939144135, 20.3616752625, 15.5594596863, 21.262348175, 16.5702400208, 16.9044723511, 12.9250869751, 14.7322206497, 8.06039237976, 10.3449287415, 8.16072654724, 6.91298723221, 6.31834745407, 8.23733901978, 7.68847084045, 10.4211483002, 18.8465843201, 4.06712341309, 1.91768229008, 0.971595823765, 0.356088757515, 0.0434695668519, 0.00107300188392, 0.000170217637788, 2.9555592846e-05]
    },
    "gfcc": {
        "mean": [64.2685623169, 79.1123809814, -89.2729797363, 34.1193199158, -73.5370559692, 24.0910282135, -57.6856842041, 14.9664011002, -30.7491645813, 10.0286569595, -20.4849662781, -1.48977911472, -15.4681253433],
        "cov": [[13587.9628906, 1268.15588379, -722.130126953, 478.225402832, -634.92755127, 283.171081543, -563.409973145, 147.695159912, -323.993499756, 85.7715759277, -172.199371338, -48.05311203, -139.001525879], [1268.15588379, 242.71647644, -11.0341615677, 25.991809845, -39.0893325806, 27.5229148865, -51.0015029907, 13.842297554, -32.3574485779, 8.55759143829, -6.44164085388, -12.6335687637, -12.4837970734], [-722.130126953, -11.0341615677, 122.321098328, -17.5557537079, 39.4320220947, -9.8721408844, 33.9454612732, -6.60937309265, 16.0099868774, -7.00193023682, 12.8267049789, -1.92195463181, 5.41013097763], [478.225402832, 25.991809845, -17.5557537079, 93.6414642334, 1.49579000473, 12.5602216721, -15.6844472885, 3.72638630867, -4.45752477646, -0.292829036713, -5.9846367836, -6.32840776443, -5.61786603928], [-634.92755127, -39.0893325806, 39.4320220947, 1.49579000473, 88.8754272461, 4.4741859436, 30.7198677063, -4.1315741539, 14.4566812515, -3.83707380295, 4.90371608734, -0.802042961121, 5.75414562225], [283.171081543, 27.5229148865, -9.8721408844, 12.5602216721, 4.4741859436, 51.3311271667, 12.6276445389, 11.0849933624, -5.04417181015, 0.427861511707, -1.10414290428, -1.08201098442, -5.22753810883], [-563.409973145, -51.0015029907, 33.9454612732, -15.6844472885, 30.7198677063, 12.6276445389, 69.3587646484, 17.7064666748, 17.7746601105, -3.23060941696, 13.0690927505, 2.74369645119, 3.89928507805], [147.695159912, 13.842297554, -6.60937309265, 3.72638630867, -4.1315741539, 11.0849933624, 17.7064666748, 43.1734466553, 15.2179794312, 5.74948406219, 2.21707296371, 0.847608983517, -1.81485307217], [-323.993499756, -32.3574485779, 16.0099868774, -4.45752477646, 14.4566812515, -5.04417181015, 17.7746601105, 15.2179794312, 43.5966262817, 16.6486759186, 8.74450588226, 2.36859297752, 2.50650596619], [85.7715759277, 8.55759143829, -7.00193023682, -0.292829036713, -3.83707380295, 0.427861511707, -3.23060941696, 5.74948406219, 16.6486759186, 37.2334785461, 15.33867836, 5.65377950668, 0.219737842679], [-172.199371338, -6.44164085388, 12.8267049789, -5.9846367836, 4.90371608734, -1.10414290428, 13.0690927505, 2.21707296371, 8.74450588226, 15.33867836, 36.8214454651, 17.8072452545, 6.41534948349], [-48.05311203, -12.6335687637, -1.92195463181, -6.32840776443, -0.802042961121, -1.08201098442, 2.74369645119, 0.847608983517, 2.36859297752, 5.65377950668, 17.8072452545, 36.8406791687, 18.7587413788], [-139.001525879, -12.4837970734, 5.41013097763, -5.61786603928, 5.75414562225, -5.22753810883, 3.89928507805, -1.81485307217, 2.50650596619, 0.219737842679, 6.41534948349, 18.7587413788, 33.2626419067]],
        "icov": [[0.00159583392087, -0.00414158822969, 0.00328358146362, -0.00440882146358, 0.0050931670703, -0.00463633658364, 0.00482521438971, -0.00501446472481, 0.00547624612227, -0.00409227842465, 0.00410347618163, -0.00281738210469, 0.00179863232188], [-0.00414158822969, 0.0186245441437, -0.0119639365003, 0.0112015139312, -0.0121277449653, 0.00732614006847, -0.00462097721174, 0.00606903387234, -0.00731644034386, 0.00726157333702, -0.0124750714749, 0.0105847222731, -0.00541726918891], [0.00328358146362, -0.0119639365003, 0.0201361756772, -0.00797641370445, 0.00712227076292, -0.00553793879226, 0.00291433162056, -0.00405685789883, 0.0047668684274, -0.00280324416235, 0.00438498146832, -0.00372068025172, 0.00285578053445], [-0.00440882146358, 0.0112015139312, -0.00797641370445, 0.0244406294078, -0.0161023642868, 0.0096696941182, -0.009028846398, 0.0119141684845, -0.0155894597992, 0.0124921277165, -0.012339361012, 0.00968273449689, -0.00476961070672], [0.0050931670703, -0.0121277449653, 0.00712227076292, -0.0161023642868, 0.0323148556054, -0.017306977883, 0.0105838049203, -0.0114769525826, 0.0136739630252, -0.0120876757428, 0.0135520575568, -0.00752189056948, 0.00335484719835], [-0.00463633658364, 0.00732614006847, -0.00553793879226, 0.0096696941182, -0.017306977883, 0.0412801280618, -0.025823444128, 0.0133816273883, -0.0118187144399, 0.00940143316984, -0.00777625432238, 0.00366463232785, -0.00059091730509], [0.00482521438971, -0.00462097721174, 0.00291433162056, -0.009028846398, 0.0105838049203, -0.025823444128, 0.0500937774777, -0.0316727384925, 0.0168869644403, -0.00635158643126, 0.00027040502755, -0.00183201499749, 0.00269160652533], [-0.00501446472481, 0.00606903387234, -0.00405685789883, 0.0119141684845, -0.0114769525826, 0.0133816273883, -0.0316727384925, 0.055836904794, -0.0355221405625, 0.0156692638993, -0.00891123432666, 0.00451699225232, -0.00341267394833], [0.00547624612227, -0.00731644034386, 0.0047668684274, -0.0155894597992, 0.0136739630252, -0.0118187144399, 0.0168869644403, -0.0355221405625, 0.0652364641428, -0.0365654155612, 0.0165492203087, -0.00734453601763, 0.00486569432542], [-0.00409227842465, 0.00726157333702, -0.00280324416235, 0.0124921277165, -0.0120876757428, 0.00940143316984, -0.00635158643126, 0.0156692638993, -0.0365654155612, 0.0575198531151, -0.0309617761523, 0.00967759732157, -0.00375280156732], [0.00410347618163, -0.0124750714749, 0.00438498146832, -0.012339361012, 0.0135520575568, -0.00777625432238, 0.00027040502755, -0.00891123432666, 0.0165492203087, -0.0309617761523, 0.0616917274892, -0.03219614923, 0.0108006699011], [-0.00281738210469, 0.0105847222731, -0.00372068025172, 0.00968273449689, -0.00752189056948, 0.00366463232785, -0.00183201499749, 0.00451699225232, -0.00734453601763, 0.00967759732157, -0.03219614923, 0.057969789952, -0.0292155109346], [0.00179863232188, -0.00541726918891, 0.00285578053445, -0.00476961070672, 0.00335484719835, -0.00059091730509, 0.00269160652533, -0.00341267394833, 0.00486569432542, -0.00375280156732, 0.0108006699011, -0.0292155109346, 0.0471532642841]]
    },
    "melbands": {
        "max": [0.0210088454187, 0.0126837538555, 0.0188561491668, 0.0140655301511, 0.0192023925483, 0.00566187035292, 0.00508361263201, 0.0048916018568, 0.00327795883641, 0.00515285832807, 0.00063266500365, 0.000677826814353, 0.000437653739937, 0.000410418113461, 0.000419337186031, 0.000405148341088, 0.000236352294451, 0.000517613661941, 0.000571182055864, 0.000283734581899, 0.000205594289582, 0.000128147454234, 0.000158128415933, 0.000139511772431, 6.38403216726e-05, 0.000127367573441, 6.78514916217e-05, 7.01112003298e-05, 4.74240368931e-05, 4.18979470851e-05, 3.65135747415e-05, 4.36615191575e-05, 5.73540164623e-05, 6.73148533679e-05, 6.6430438892e-05, 0.000283778441371, 0.000258680403931, 5.18404885952e-05, 2.38004849962e-05, 2.46717991104e-05],
        "mean": [0.00183927081525, 0.00239812885411, 0.00314155034721, 0.00247810548171, 0.00138944201171, 0.0007876168238, 0.00079828267917, 0.000603585853241, 0.000422885670559, 0.000218146218685, 8.98655125638e-05, 7.1870694228e-05, 6.61674930598e-05, 5.52047895326e-05, 6.0312977439e-05, 5.2884734032e-05, 4.04951097153e-05, 3.84695158573e-05, 2.82403034362e-05, 2.31456651818e-05, 2.21332611545e-05, 1.60034069268e-05, 1.3389835658e-05, 1.11984645628e-05, 8.26989526104e-06, 8.73124736245e-06, 7.64941614761e-06, 6.23625510343e-06, 5.5383416111e-06, 4.83084022562e-06, 4.71197336083e-06, 4.71010207548e-06, 4.3668901526e-06, 4.320600965e-06, 4.18778972744e-06, 5.89385763305e-06, 6.75252067595e-06, 3.49916535924e-06, 2.98110876429e-06, 2.94904066322e-06],
        "min": [6.18947444871e-24, 6.40500584194e-24, 1.17621882539e-23, 6.40099330095e-24, 1.53137149909e-23, 1.0017423569e-23, 5.0098579994e-24, 3.6915720303e-24, 3.1407339288e-24, 3.20188267908e-24, 3.65891161111e-24, 6.04066924957e-24, 7.99907403363e-24, 4.03692665714e-24, 8.01532062397e-24, 4.82518171719e-24, 4.89244630885e-24, 4.70641042486e-24, 7.63574205562e-24, 5.04951245939e-24, 5.45164889975e-24, 9.91858876392e-24, 9.53371930548e-24, 5.4995871881e-24, 9.950654382e-24, 1.03049823016e-23, 6.40805084503e-24, 6.91070946397e-24, 7.56337747821e-24, 7.20680840474e-24, 7.68691309596e-24, 8.89572804838e-24, 7.77506356896e-24, 9.02076486844e-24, 7.63402786088e-24, 6.95177992927e-24, 8.54846990018e-24, 7.97031137616e-24, 6.41295874316e-24, 7.69831923579e-24],
        "stdev": [0.0022641280666, 0.00202275486663, 0.00256336433813, 0.00195715809241, 0.00133466173429, 0.000689156353474, 0.000642826431431, 0.000523409456946, 0.000348954752553, 0.000309369410388, 6.94872287568e-05, 6.37802004348e-05, 5.44073955098e-05, 4.73844265798e-05, 5.2151572163e-05, 4.18368945247e-05, 2.98485792882e-05, 3.43972096744e-05, 3.08720918838e-05, 2.24015075219e-05, 1.98872367037e-05, 1.4910482605e-05, 1.27212470034e-05, 1.16682485896e-05, 6.64305616738e-06, 9.18908335734e-06, 6.27627014183e-06, 5.6005942497e-06, 4.73658337796e-06, 3.74521846425e-06, 4.06891649618e-06, 4.90266347697e-06, 4.47135880677e-06, 4.63572405351e-06, 4.45643445346e-06, 1.2296281966e-05, 1.12442485261e-05, 3.04016793962e-06, 1.69420513885e-06, 1.65722667589e-06]
    },
    "melbands128": {
        "max": [0.0431142374873, 0.0355477370322, 0.01238944754, 0.0115484846756, 0.01754402183, 0.0194396656007, 0.0304220151156, 0.0248582325876, 0.0151620330289, 0.0202633794397, 0.0176774971187, 0.0222912989557, 0.027412282303, 0.0102010862902, 0.00933401659131, 0.00805392488837, 0.00550004141405, 0.00780728831887, 0.00889213383198, 0.00885642133653, 0.00378023320809, 0.0041270153597, 0.00515507534146, 0.00334837217815, 0.0104431919754, 0.00307432701811, 0.000942584418226, 0.00114702479914, 0.000753761094529, 0.00125643378124, 0.000665748026222, 0.00110647943802, 0.000689912005328, 0.000832511752378, 0.000631439383142, 0.000683001766447, 0.000730303290766, 0.000667942687869, 0.000607644615229, 0.000693528563716, 0.00039323954843, 0.000332833180437, 0.000322675157804, 0.000306937610731, 0.000547589675989, 0.000733170832973, 0.000419203221099, 0.000908353656996, 0.000449740153272, 0.000165596939041, 0.000315856304951, 0.000456919602584, 0.000210756901652, 0.000298114260659, 0.000219210676732, 0.000129120206111, 0.000136605420266, 9.95384034468e-05, 0.000165911173099, 0.00042441333062, 0.000194160238607, 6.11039795331e-05, 4.20864598709e-05, 0.000124771293486, 9.19932354009e-05, 0.000201014452614, 0.000110244131065, 8.77169077285e-05, 9.12226096261e-05, 5.73352372157e-05, 9.93099456537e-05, 6.75879127812e-05, 7.55129585741e-05, 4.99630405102e-05, 7.5505078712e-05, 4.68274483865e-05, 3.72606482415e-05, 3.22007290379e-05, 4.54183318652e-05, 6.08580339758e-05, 6.15115277469e-05, 7.58998066885e-05, 5.31694277015e-05, 7.88985926192e-05, 4.1633269575e-05, 6.09063245065e-05, 0.000107699001092, 4.20958567702e-05, 5.64939691685e-05, 0.00010212338384, 0.000215939537156, 0.000382998725399, 0.000335675053066, 0.000284879439278, 0.000200264898012, 7.86307646194e-05, 2.53194593824e-05, 2.0695002604e-05, 2.46238832915e-05, 2.33565460803e-05, 3.26145091094e-05, 2.54767892329e-05, 1.55623420142e-05, 3.36687990057e-05, 2.89320832962e-05, 1.24202106235e-05, 8.66583104653e-06, 1.04394666778e-05, 1.21858292914e-05, 6.53118468108e-06, 6.35687911199e-06, 1.42974590744e-06, 1.50767377249e-07, 1.51500202605e-07, 1.43787218576e-07, 1.41328598602e-07, 1.35916096156e-07, 1.30846842694e-07, 1.27665359173e-07, 1.24343557673e-07, 1.1892031182e-07, 1.18606685362e-07, 1.15390363931e-07, 1.12362272375e-07, 1.08413424016e-07, 1.10217335703e-07, 1.08423328982e-07, 1.07974869934e-07],
        "mean": [0.0026647541672, 0.00224684225395, 0.00133681937587, 0.00133653613739, 0.0023673621472, 0.00317524559796, 0.00353137287311, 0.0030262938235, 0.00272099184804, 0.00271072261967, 0.00220295158215, 0.00161524082068, 0.00133248616476, 0.000877432117704, 0.000679163611494, 0.00081812258577, 0.000798799213953, 0.000832152203657, 0.000753999920562, 0.000647100328933, 0.000528544711415, 0.000444315606728, 0.000454191234894, 0.000344029191183, 0.000265198323177, 0.000157132832101, 0.000110435030365, 8.580640133e-05, 6.84132101014e-05, 7.79791516834e-05, 6.91488821758e-05, 6.59633296891e-05, 7.84569128882e-05, 5.37429295946e-05, 5.10863173986e-05, 5.66934613744e-05, 6.0656991991e-05, 6.10853167018e-05, 6.0360525822e-05, 5.64997135371e-05, 4.91264727316e-05, 5.17475418746e-05, 4.12151239289e-05, 3.34603755618e-05, 3.74277697119e-05, 3.9367005229e-05, 4.28667772212e-05, 2.54167771345e-05, 2.4295060939e-05, 2.41999514401e-05, 2.228543417e-05, 2.25018829951e-05, 2.50954381045e-05, 2.07140237762e-05, 1.85378339665e-05, 1.57522408699e-05, 1.39493758979e-05, 1.25665374071e-05, 1.36090775413e-05, 1.40761885632e-05, 1.11791423478e-05, 9.58348664426e-06, 7.36856236472e-06, 8.48439412948e-06, 8.54277641338e-06, 9.07315734366e-06, 8.64939465828e-06, 7.762216228e-06, 7.6643536886e-06, 7.10651875124e-06, 6.29804526397e-06, 5.77690025239e-06, 5.65507480133e-06, 5.649294053e-06, 5.1565270951e-06, 4.89203830512e-06, 4.61912986793e-06, 4.6814561756e-06, 4.87174611408e-06, 4.56305770058e-06, 4.6438285608e-06, 4.95237736686e-06, 4.45090336143e-06, 4.45415253125e-06, 4.02177602155e-06, 4.35299170931e-06, 4.44284432888e-06, 4.23113033321e-06, 4.18398349211e-06, 4.08214191339e-06, 4.42454802396e-06, 5.25186214873e-06, 1.03405118352e-05, 7.9054834714e-06, 3.9681308408e-06, 3.78969161829e-06, 3.41196232512e-06, 3.09991560243e-06, 2.86464251076e-06, 2.96922894449e-06, 3.09786992148e-06, 2.92179197459e-06, 2.85842702397e-06, 2.66174401986e-06, 2.57734382103e-06, 2.56235648521e-06, 2.58838826994e-06, 2.46215199695e-06, 2.3197471819e-06, 2.33719561038e-06, 1.95283996618e-06, 3.09370932428e-07, 5.47938028284e-10, 4.16185336194e-10, 4.02856747961e-10, 4.00739580408e-10, 3.84831277955e-10, 3.68977182141e-10, 3.64755586846e-10, 3.6151112659e-10, 3.51319556779e-10, 3.5410566146e-10, 3.44486578152e-10, 3.33259003726e-10, 3.30679150728e-10, 3.39449107711e-10, 3.35967975662e-10, 3.3217087414e-10],
        "min": [4.64546105917e-24, 7.64747636159e-24, 5.81270067531e-24, 2.10276277984e-24, 2.78691995205e-24, 1.13854330187e-23, 1.65402517036e-23, 6.91284806588e-24, 6.72288089357e-24, 9.48182961286e-24, 3.22031303363e-24, 3.00636744803e-24, 2.4517112203e-23, 1.14842741347e-23, 4.94787838137e-24, 1.24618502899e-23, 7.1308000788e-24, 2.70023656312e-24, 1.76337529411e-24, 2.41547039811e-24, 3.44312896567e-24, 2.53795426707e-24, 1.69041571835e-24, 2.24672969783e-24, 2.83585220514e-24, 3.45964810746e-24, 3.45563911634e-24, 1.45121070796e-24, 4.22412334995e-24, 2.20336936653e-24, 3.435859218e-24, 2.10413934212e-24, 6.52445161033e-24, 3.81751130724e-24, 5.01316056558e-24, 2.27455242752e-24, 6.0184162723e-24, 9.2656075719e-24, 6.03556886939e-24, 3.51598105913e-24, 3.51911559794e-24, 6.2320484829e-24, 2.96502423406e-24, 3.39982168527e-24, 5.27491644685e-24, 4.86121609447e-24, 3.38514926686e-24, 4.80111672641e-24, 6.32396063912e-24, 7.66132165934e-24, 2.59673663185e-24, 2.23539238611e-24, 5.07112567047e-24, 3.9330372258e-24, 1.03415357494e-23, 1.24202781091e-23, 3.78507768555e-24, 7.19601915414e-24, 6.56592991673e-24, 4.48651584196e-24, 4.41695921494e-24, 4.30613845725e-24, 9.90988052839e-24, 7.1754866825e-24, 9.83374756242e-24, 5.90351000398e-24, 4.02049429005e-24, 4.3726477146e-24, 5.15823248048e-24, 7.4365901758e-24, 7.35908616958e-24, 5.88145305864e-24, 7.72011309602e-24, 6.64357670677e-24, 4.89386191975e-24, 6.25177552756e-24, 9.10331206243e-24, 4.26893774911e-24, 5.09835912107e-24, 5.84770558912e-24, 4.91171147545e-24, 8.10254970743e-24, 6.29294144504e-24, 5.98029417462e-24, 6.51857104672e-24, 6.76459191394e-24, 9.68375828307e-24, 1.00226268955e-23, 6.25010432573e-24, 7.24524170804e-24, 4.60682107432e-24, 6.98141270032e-24, 1.05481171212e-23, 7.33764887448e-24, 9.35261261886e-24, 7.51787519233e-24, 7.05719541204e-24, 9.38976165661e-24, 4.77444928351e-24, 6.3188933911e-24, 6.05518626238e-24, 7.91979824582e-24, 7.66703616773e-24, 8.06094518329e-24, 7.96437756443e-24, 8.04313980379e-24, 1.15737988034e-23, 1.1032682032e-23, 8.06556001958e-24, 1.05018054641e-23, 6.88328708118e-24, 7.84312017697e-24, 6.6845943184e-24, 8.33545931197e-24, 9.82528624035e-24, 9.4523222707e-24, 6.75911958584e-24, 7.73675096137e-24, 9.70724582766e-24, 7.29560258823e-24, 7.19546458492e-24, 6.85976482671e-24, 8.17894694179e-24, 1.09786371714e-23, 1.01020502003e-23, 7.50467991597e-24, 9.68363443191e-24, 1.02548075926e-23],
        "stdev": [0.0044189048931, 0.00360476621427, 0.00144061807077, 0.00139067496639, 0.0025579421781, 0.00310222967528, 0.00377395469695, 0.00317499949597, 0.00257837213576, 0.00282371859066, 0.00231144530699, 0.00181541591883, 0.00176296976861, 0.000996026210487, 0.000817414838821, 0.000973285350483, 0.000840880617034, 0.000905296241399, 0.000817742897198, 0.000825842784252, 0.000580499414355, 0.000429660314694, 0.000515921972692, 0.000411958288169, 0.000590458512306, 0.000229777549976, 0.000119371419714, 9.49754321482e-05, 7.31257314328e-05, 9.72378693405e-05, 8.18514017737e-05, 8.50849100971e-05, 7.85987285781e-05, 6.75570845488e-05, 5.68683171878e-05, 6.83165853843e-05, 7.61183473514e-05, 7.48572638258e-05, 7.26444122847e-05, 6.95627895766e-05, 5.32011763426e-05, 4.92441395181e-05, 4.13378947997e-05, 3.50732807419e-05, 4.69700644317e-05, 4.58347276435e-05, 4.91865175718e-05, 4.77123539895e-05, 3.01785130432e-05, 2.09048375837e-05, 2.89614563371e-05, 3.52389361069e-05, 2.52364370681e-05, 2.49570639426e-05, 2.1491519874e-05, 1.81927589438e-05, 1.5920279111e-05, 1.28714091261e-05, 1.52457523654e-05, 2.56109069596e-05, 1.41335531225e-05, 8.36220533529e-06, 6.13733618593e-06, 1.02592566691e-05, 9.35546086112e-06, 1.3217488231e-05, 9.98458835966e-06, 7.78499270382e-06, 7.31803402232e-06, 6.27547296972e-06, 7.44219551052e-06, 6.1134896896e-06, 6.315849987e-06, 5.49183550902e-06, 5.43271198694e-06, 4.56319685327e-06, 4.10524762628e-06, 4.23390793003e-06, 5.08953871758e-06, 5.00207715959e-06, 5.65357822779e-06, 6.81851133777e-06, 5.18300157637e-06, 5.43611395187e-06, 3.85719613405e-06, 5.03486717207e-06, 6.03751777817e-06, 4.59799366581e-06, 4.49234676125e-06, 5.50814138478e-06, 9.54928054853e-06, 1.66136032931e-05, 1.47101209222e-05, 1.25518199638e-05, 8.90119554242e-06, 4.6194022616e-06, 2.42139230977e-06, 2.10846383197e-06, 1.93439473151e-06, 2.15184331864e-06, 2.10564917325e-06, 2.02972273655e-06, 1.64586845131e-06, 1.91718936549e-06, 1.68864801253e-06, 1.13563498871e-06, 1.12872214686e-06, 1.13895930554e-06, 1.01613329662e-06, 9.62194349086e-07, 7.88426973486e-07, 2.26503999556e-07, 6.46928688397e-09, 6.44837294672e-09, 6.11968342668e-09, 6.01509331233e-09, 5.78448755562e-09, 5.56878942959e-09, 5.43319877977e-09, 5.29155785856e-09, 5.06054353977e-09, 5.0470427837e-09, 4.91017049242e-09, 4.78140105287e-09, 4.61298510501e-09, 4.68960514866e-09, 4.613179172e-09, 4.59418858512e-09]
    },
    "mfcc": {
        "mean": [-579.038269043, 109.187820435, 32.0388221741, 13.1200466156, 10.0525255203, 2.1085729599, -5.22161483765, -3.63814258575, -4.61691379547, 2.81519961357, -0.893683612347, 2.22545003891, -2.78296661377],
        "cov": [[5381.76708984, 751.99621582, 182.120819092, 106.912612915, 72.031867981, 34.9421730042, -29.200963974, -12.407037735, -36.4127044678, 8.6557559967, -22.6430606842, 5.27522230148, -32.1554679871], [751.99621582, 237.280502319, 50.8280105591, -14.7482910156, 16.0009384155, -6.17783737183, 3.76012682915, -10.6556882858, -9.05018997192, 2.53792762756, -4.81245088577, 4.24262809753, -4.2379784584], [182.120819092, 50.8280105591, 80.2820663452, 5.54424333572, -5.57685232162, -2.23997688293, -0.412147402763, 1.4794728756, -8.00203227997, 5.79724836349, -3.38908457756, -2.07180190086, 3.58367824554], [106.912612915, -14.7482910156, 5.54424333572, 62.7459716797, 20.3846588135, 2.77502703667, -4.96014642715, -2.74904632568, 1.11463665962, 0.601164996624, 1.8865288496, -0.322288364172, -5.20178890228], [72.031867981, 16.0009384155, -5.57685232162, 20.3846588135, 49.9155807495, 14.1323862076, -3.0079164505, -3.19036126137, 3.1784555912, -1.48688650131, -1.88065552711, 1.92999815941, -4.24351644516], [34.9421730042, -6.17783737183, -2.23997688293, 2.77502703667, 14.1323862076, 39.7252540588, 11.7165460587, 0.374258726835, 0.326461553574, -2.45499205589, 0.897426068783, 0.954555392265, 0.276068091393], [-29.200963974, 3.76012682915, -0.412147402763, -4.96014642715, -3.0079164505, 11.7165460587, 44.6804428101, 19.4545326233, -0.751463890076, 4.76017904282, -0.69225949049, 0.296460837126, -1.73959755898], [-12.407037735, -10.6556882858, 1.4794728756, -2.74904632568, -3.19036126137, 0.374258726835, 19.4545326233, 43.2178535461, 11.8814296722, 2.54920935631, 0.633191883564, 0.568383574486, 0.760089635849], [-36.4127044678, -9.05018997192, -8.00203227997, 1.11463665962, 3.1784555912, 0.326461553574, -0.751463890076, 11.8814296722, 34.4027366638, 11.8823642731, 1.19332516193, 0.288258582354, -0.232501938939], [8.6557559967, 2.53792762756, 5.79724836349, 0.601164996624, -1.48688650131, -2.45499205589, 4.76017904282, 2.54920935631, 11.8823642731, 38.8266220093, 12.17208004, -0.55380576849, 0.860615372658], [-22.6430606842, -4.81245088577, -3.38908457756, 1.8865288496, -1.88065552711, 0.897426068783, -0.69225949049, 0.633191883564, 1.19332516193, 12.17208004, 33.5220985413, 15.0138750076, 2.40564012527], [5.27522230148, 4.24262809753, -2.07180190086, -0.322288364172, 1.92999815941, 0.954555392265, 0.296460837126, 0.568383574486, 0.288258582354, -0.55380576849, 15.0138750076, 37.9234924316, 10.8256444931], [-32.1554679871, -4.2379784584, 3.58367824554, -5.20178890228, -4.24351644516, 0.276068091393, -1.73959755898, 0.760089635849, -0.232501938939, 0.860615372658, 2.40564012527, 10.8256444931, 32.5336990356]],
        "icov": [[0.000441556650912, -0.00164323474746, 0.000275271071587, -0.00132445548661, 0.000795013736933, -0.00118890882004, 0.001140977256, -0.00095826596953, 0.000583530054428, -0.0004687566543, 0.00047957507195, -0.000138457879075, 0.000204644151381], [-0.00164323474746, 0.0119675341994, -0.00532975746319, 0.0079396488145, -0.0070581920445, 0.00699683232233, -0.00643789069727, 0.00603413255885, -0.00235977512784, 0.0020211043302, -0.0015944626648, -0.000683935882989, 0.000601296836976], [0.000275271071587, -0.00532975746319, 0.0172496922314, -0.00516264559701, 0.00565455248579, -0.0034523983486, 0.00435834936798, -0.00505963899195, 0.00615220330656, -0.00544623332098, 0.00384113029577, 0.00028413371183, -0.00222019711509], [-0.00132445548661, 0.0079396488145, -0.00516264559701, 0.0246088840067, -0.0126666268334, 0.00607731286436, -0.0034588763956, 0.00442827213556, -0.00237649935298, 0.00206786487252, -0.00377571373247, 0.000575506302994, 0.00225243158638], [0.000795013736933, -0.0070581920445, 0.00565455248579, -0.0126666268334, 0.0317420251667, -0.0143237141892, 0.0076266140677, -0.00341098662466, 7.98702876637e-06, -0.00258160079829, 0.00543871428818, -0.00335947563872, 0.00275157438591], [-0.00118890882004, 0.00699683232233, -0.0034523983486, 0.00607731286436, -0.0143237141892, 0.0371029414237, -0.0163798704743, 0.00899363029748, -0.00515692355111, 0.00699722953141, -0.00599971832708, 0.0023313218262, -0.00273483595811], [0.001140977256, -0.00643789069727, 0.00435834936798, -0.0034588763956, 0.0076266140677, -0.0163798704743, 0.038968089968, -0.0211921092123, 0.0117059741169, -0.0105389114469, 0.00720928516239, -0.00341247511096, 0.00393336685374], [-0.00095826596953, 0.00603413255885, -0.00505963899195, 0.00442827213556, -0.00341098662466, 0.00899363029748, -0.0211921092123, 0.0382405556738, -0.0167156048119, 0.00773677323014, -0.00486966688186, 0.00146842643153, -0.0018961916212], [0.000583530054428, -0.00235977512784, 0.00615220330656, -0.00237649935298, 7.98702876637e-06, -0.00515692355111, 0.0117059741169, -0.0167156048119, 0.0422511585057, -0.016859145835, 0.00742884259671, -0.00315563566983, 0.00152160436846], [-0.0004687566543, 0.0020211043302, -0.00544623332098, 0.00206786487252, -0.00258160079829, 0.00699722953141, -0.0105389114469, 0.00773677323014, -0.016859145835, 0.038733009249, -0.0183513052762, 0.00828318484128, -0.00295424810611], [0.00047957507195, -0.0015944626648, 0.00384113029577, -0.00377571373247, 0.00543871428818, -0.00599971832708, 0.00720928516239, -0.00486966688186, 0.00742884259671, -0.0183513052762, 0.046104580164, -0.0195797905326, 0.00414368882775], [-0.000138457879075, -0.000683935882989, 0.00028413371183, 0.000575506302994, -0.00335947563872, 0.0023313218262, -0.00341247511096, 0.00146842643153, -0.00315563566983, 0.00828318484128, -0.0195797905326, 0.0380039662123, -0.0122797340155], [0.000204644151381, 0.000601296836976, -0.00222019711509, 0.00225243158638, 0.00275157438591, -0.00273483595811, 0.00393336685374, -0.0018961916212, 0.00152160436846, -0.00295424810611, 0.00414368882775, -0.0122797340155, 0.0361281074584]]
    },
    "spectral_contrast_coeffs": {
        "max": [-0.468576937914, -0.651416182518, -0.710494697094, -0.735618948936, -0.749860048294, -0.710171341896],
        "mean": [-0.673137962818, -0.784219264984, -0.807754337788, -0.820482850075, -0.816943943501, -0.785614430904],
        "min": [-0.967308521271, -0.977014243603, -0.96592348814, -0.962354004383, -0.960471689701, -0.960803925991],
        "stdev": [0.0608677640557, 0.0487241409719, 0.0362215824425, 0.0277929846197, 0.0233035720885, 0.0239143129438]
    },
    "spectral_contrast_valleys": {
        "max": [-4.86590909958, -4.65219593048, -5.72229385376, -5.7885594368, -5.9952545166, -7.36063671112],
        "mean": [-5.97725343704, -5.74098730087, -6.8808465004, -7.07455444336, -7.18606996536, -9.16293048859],
        "min": [-27.8436260223, -27.5405158997, -27.5175323486, -27.6420192719, -27.3074684143, -27.2816257477],
        "stdev": [1.78962528706, 1.72953176498, 1.64343214035, 1.63538146019, 1.59173488617, 1.43470609188]
    }
},
"rhythm": {
    "beats_count": 19,
    "beats_loudness": {
        "max": 0.110458008945,
        "mean": 0.0590561330318,
        "min": 0.0274451393634,
        "stdev": 0.0209179166704
    },
    "bpm": 90.9899139404,
    "bpm_histogram_first_peak_bpm": 91,
    "bpm_histogram_first_peak_weight": 0,
    "bpm_histogram_second_peak_bpm": 98,
    "bpm_histogram_second_peak_spread": 0.125,
    "bpm_histogram_second_peak_weight": 0.388888895512,
    "danceability": 1.39939594269,
    "onset_rate": 0.705364227295,
    "beats_loudness_band_ratio": {
        "max": [0.749315083027, 0.525292396545, 0.611070752144, 0.096674464643, 0.219677150249, 0.102818079293],
        "mean": [0.490242063999, 0.260036796331, 0.185890957713, 0.0455492399633, 0.0364773645997, 0.0410467460752],
        "min": [0.15299987793, 0.126758024096, 0.0639870464802, 0.0155754890293, 0.00990453641862, 0.0109905283898],
        "stdev": [0.159092113376, 0.108808532357, 0.127005815506, 0.0227300319821, 0.0439911670983, 0.0190721824765]
    },
    "beats_position": [0.615328788757, 1.23065757751, 1.8575963974, 2.47292518616, 3.08825397491, 3.70358276367, 4.31891155243, 4.92263031006, 5.52634906769, 6.18811798096, 6.84988641739, 7.50004529953, 8.15020370483, 8.8119726181, 9.47374153137, 10.1355104446, 10.7972784042, 11.4590473175, 12.1208162308],
    "bpm_histogram": [0, 0, 0, 0, 0, 0, 0, 0, 0, 0, 0, 0, 0, 0, 0, 0, 0, 0, 0, 0, 0, 0, 0, 0, 0, 0, 0, 0, 0, 0, 0, 0, 0, 0, 0, 0, 0, 0, 0, 0, 0, 0, 0, 0, 0, 0, 0, 0, 0, 0, 0, 0, 0, 0, 0, 0, 0, 0, 0, 0, 0, 0, 0, 0, 0, 0, 0, 0, 0, 0, 0, 0, 0, 0, 0, 0, 0, 0, 0, 0, 0, 0, 0, 0, 0, 0, 0, 0, 0, 0, 0, 0.444444447756, 0.111111111939, 0, 0, 0, 0.0555555559695, 0, 0.277777791023, 0.111111111939, 0, 0, 0, 0, 0, 0, 0, 0, 0, 0, 0, 0, 0, 0, 0, 0, 0, 0, 0, 0, 0, 0, 0, 0, 0, 0, 0, 0, 0, 0, 0, 0, 0, 0, 0, 0, 0, 0, 0, 0, 0, 0, 0, 0, 0, 0, 0, 0, 0, 0, 0, 0, 0, 0, 0, 0, 0, 0, 0, 0, 0, 0, 0, 0, 0, 0, 0, 0, 0, 0, 0, 0, 0, 0, 0, 0, 0, 0, 0, 0, 0, 0, 0, 0, 0, 0, 0, 0, 0, 0, 0, 0, 0, 0, 0, 0, 0, 0, 0, 0, 0, 0, 0, 0, 0, 0, 0, 0, 0, 0, 0, 0, 0, 0, 0, 0, 0, 0, 0, 0, 0, 0, 0, 0, 0, 0, 0, 0, 0, 0, 0, 0, 0, 0, 0, 0, 0, 0, 0, 0, 0, 0, 0, 0, 0, 0, 0, 0, 0, 0]
},
"tonal": {
    "chords_changes_rate": 0.0905797109008,
