{
"metadata": {
    "version": {
        "essentia": "2.1-beta5",
        "essentia_git_sha": "Undefined",
        "extractor": "music 2.0"
    },
    "audio_properties": {
        "analysis": {
            "equal_loudness": 0,
            "length": 48.7502937317,
            "sample_rate": 44100,
            "start_time": 12.7477550507,
            "downmix": "mix"
        },
        "bit_rate": 192000,
        "length": 166.649627686,
        "lossless": 0,
        "number_channels": 2,
        "replay_gain": -19.7296981812,
        "sample_rate": 48000,
        "codec": "mp3",
        "md5_encoded": "d537d7c4b17d359edde1d416e98596aa"
    },
    "tags": {
        "file_name": "Luxembourg_Tu Te Reconnaîtras_Anne-Marie David.mp3",
        "encoding": ["Lavf58.29.100"]
    }
},
"lowlevel": {
    "average_loudness": 0.90594035387,
    "barkbands_crest": {
        "max": 25.5039482117,
        "mean": 10.0533781052,
        "min": 3.19538807869,
        "stdev": 4.33742856979
    },
    "barkbands_flatness_db": {
        "max": 0.352413773537,
        "mean": 0.157282948494,
        "min": 0.0760011300445,
        "stdev": 0.0483007766306
    },
    "barkbands_kurtosis": {
        "max": 76.5566940308,
        "mean": 3.33214354515,
        "min": -1.80236661434,
        "stdev": 7.78079223633
    },
    "barkbands_skewness": {
        "max": 7.21899366379,
        "mean": 1.05629396439,
        "min": -1.62939763069,
        "stdev": 1.15359938145
    },
    "barkbands_spread": {
        "max": 84.5504837036,
        "mean": 18.1269187927,
        "min": 0.893435537815,
        "stdev": 9.85221481323
    },
    "dissonance": {
        "max": 0.499892562628,
        "mean": 0.455142855644,
        "min": 0.206403553486,
        "stdev": 0.0339578650892
    },
    "dynamic_complexity": 3.40710306168,
    "erbbands_crest": {
        "max": 30.2164535522,
        "mean": 10.6556901932,
        "min": 3.33225750923,
        "stdev": 4.57516241074
    },
    "erbbands_flatness_db": {
        "max": 0.359100610018,
        "mean": 0.20240047574,
        "min": 0.111084364355,
        "stdev": 0.0409244894981
    },
    "erbbands_kurtosis": {
        "max": 41.1812171936,
        "mean": 0.713070392609,
        "min": -1.78278851509,
        "stdev": 2.95374441147
    },
    "erbbands_skewness": {
        "max": 5.43808269501,
        "mean": 0.605670034885,
        "min": -2.11247515678,
        "stdev": 0.728064060211
    },
    "erbbands_spread": {
        "max": 105.416908264,
        "mean": 28.9451618195,
        "min": 3.90187311172,
        "stdev": 13.1946134567
    },
    "hfc": {
        "max": 84.2021102905,
        "mean": 20.1271266937,
        "min": 0.114503599703,
        "stdev": 17.451379776
    },
    "loudness_ebu128": {
        "integrated": -5.00838899612,
        "loudness_range": 5.41823863983,
        "momentary": {
            "max": -0.631916224957,
            "mean": -6.19575738907,
            "min": -18.6215286255,
            "stdev": 3.52502274513
        },
        "short_term": {
            "max": -1.38095378876,
            "mean": -5.56455564499,
            "min": -9.66865444183,
            "stdev": 1.82829630375
        }
    },
    "melbands_crest": {
        "max": 31.98960495,
        "mean": 12.3863277435,
        "min": 3.80245900154,
        "stdev": 5.31424856186
    },
    "melbands_flatness_db": {
        "max": 0.460997164249,
        "mean": 0.188900768757,
        "min": 0.0689226910472,
        "stdev": 0.0680640637875
    },
    "melbands_kurtosis": {
        "max": 113.901321411,
        "mean": 7.68098545074,
        "min": -1.38953900337,
        "stdev": 13.0433063507
    },
    "melbands_skewness": {
        "max": 8.01832866669,
        "mean": 1.64202940464,
        "min": -1.13271212578,
        "stdev": 1.36102616787
    },
    "melbands_spread": {
        "max": 162.762664795,
        "mean": 25.7820682526,
        "min": 1.08255267143,
        "stdev": 14.5461931229
    },
    "pitch_salience": {
        "max": 0.829531669617,
        "mean": 0.55422192812,
        "min": 0.171462625265,
        "stdev": 0.107344642282
    },
    "silence_rate_20dB": {
        "max": 1,
        "mean": 1,
        "min": 1,
        "stdev": 0
    },
    "silence_rate_30dB": {
        "max": 1,
        "mean": 1,
        "min": 1,
        "stdev": 0
    },
    "silence_rate_60dB": {
        "max": 1,
        "mean": 0.079961925745,
        "min": 0,
        "stdev": 0.271233737469
    },
    "spectral_centroid": {
        "max": 4441.02490234,
        "mean": 1519.64916992,
        "min": 185.625701904,
        "stdev": 679.11907959
    },
    "spectral_complexity": {
        "max": 36,
        "mean": 16.0923366547,
        "min": 0,
        "stdev": 7.34283828735
    },
    "spectral_decrease": {
        "max": -4.67762599488e-11,
        "mean": -4.23074242306e-09,
        "min": -1.5650654106e-08,
        "stdev": 2.75069700351e-09
    },
    "spectral_energy": {
        "max": 0.0613978244364,
        "mean": 0.0177933722734,
        "min": 0.000221461377805,
        "stdev": 0.0116683449596
    },
    "spectral_energyband_high": {
        "max": 0.0055111409165,
        "mean": 0.000802084978204,
        "min": 5.39769075658e-07,
        "stdev": 0.000860021158587
    },
    "spectral_energyband_low": {
        "max": 0.0169964786619,
        "mean": 0.00177025957964,
        "min": 1.80378356163e-06,
        "stdev": 0.00169383489992
    },
    "spectral_energyband_middle_high": {
        "max": 0.0518525354564,
        "mean": 0.00788980629295,
        "min": 9.87680959952e-06,
        "stdev": 0.00882759131491
    },
    "spectral_energyband_middle_low": {
        "max": 0.060883205384,
        "mean": 0.00767586426809,
        "min": 4.63529540866e-05,
        "stdev": 0.00826249271631
    },
    "spectral_entropy": {
        "max": 8.42573547363,
        "mean": 7.32698392868,
        "min": 5.39071702957,
        "stdev": 0.39995598793
    },
    "spectral_flux": {
        "max": 0.199796572328,
        "mean": 0.0736691206694,
        "min": 0.00747851701453,
        "stdev": 0.0389984995127
    },
    "spectral_kurtosis": {
        "max": 35.1089401245,
        "mean": 4.21876621246,
        "min": -1.22063207626,
        "stdev": 3.03260302544
    },
    "spectral_rms": {
        "max": 0.0077395294793,
        "mean": 0.0038949761074,
        "min": 0.000464822398499,
        "stdev": 0.00147937308066
    },
    "spectral_rolloff": {
        "max": 8742.48046875,
        "mean": 1612.02001953,
        "min": 107.666015625,
        "stdev": 1101.27868652
    },
    "spectral_skewness": {
        "max": 4.5505194664,
        "mean": 1.38440752029,
        "min": -0.235601499677,
        "stdev": 0.509651124477
    },
    "spectral_spread": {
        "max": 13169487,
        "mean": 3718657,
        "min": 1912631.75,
        "stdev": 916754.4375
    },
    "spectral_strongpeak": {
        "max": 10.2958154678,
        "mean": 1.78612709045,
        "min": 0.0160599146038,
        "stdev": 1.80167973042
    },
    "zerocrossingrate": {
        "max": 0.24853515625,
        "mean": 0.0590041764081,
        "min": 0.00341796875,
        "stdev": 0.0263281017542
    },
    "barkbands": {
        "max": [9.9098921055e-05, 0.00698712607846, 0.0119711868465, 0.0153073603287, 0.0201255138963, 0.0432125963271, 0.0529808476567, 0.0204503219575, 0.03254789114, 0.0453542768955, 0.0299953632057, 0.0114906150848, 0.0169745013118, 0.0165462531149, 0.0245046149939, 0.00474233366549, 0.0188706368208, 0.00854748580605, 0.00597833748907, 0.00545560149476, 0.0029689501971, 0.00125246623065, 0.00301160011441, 0.0024926289916, 0.000389304535929, 1.51101658048e-05, 8.23105983727e-06],
        "mean": [8.09744233266e-06, 0.000719158968423, 0.000816355692223, 0.00057423801627, 0.000897580466699, 0.00163613446057, 0.00144386093598, 0.000503543997183, 0.00226122420281, 0.00161579553969, 0.00159386068117, 0.000542350520846, 0.000781653739978, 0.000715426460374, 0.00160659768153, 0.000158624403412, 0.000142880613566, 0.000317166675813, 0.000440803298261, 0.000628504960332, 0.000236183506786, 4.97911169077e-05, 5.14628554811e-05, 4.06222825404e-05, 1.08142185127e-05, 6.10958750258e-07, 4.31250839483e-08],
        "min": [2.12786606113e-08, 9.00769236978e-07, 1.23081392189e-07, 6.56928477838e-07, 2.33318201026e-06, 9.96741050585e-07, 1.05216372503e-06, 1.25124779515e-06, 3.05475100504e-06, 1.94677795662e-07, 5.95650703872e-07, 3.32580924578e-07, 3.27117390952e-07, 1.68324248762e-07, 7.37540915452e-07, 1.88525064004e-07, 9.59269144118e-08, 1.98557785325e-07, 1.0081247126e-07, 1.38495977353e-07, 6.30016145919e-08, 6.13778396996e-08, 3.75736384228e-08, 3.59580205611e-08, 3.64389052265e-08, 5.82863091125e-09, 1.7138951933e-12],
        "stdev": [1.02169797174e-05, 0.000763000745792, 0.00105683470611, 0.00109484570567, 0.00152498355601, 0.00382745126262, 0.00510872108862, 0.00136142235715, 0.00391052663326, 0.00407304707915, 0.00330529152416, 0.00114380242303, 0.00136870739516, 0.00152737286408, 0.00319187692367, 0.000333868345479, 0.000585198285989, 0.000517272215802, 0.000755719782319, 0.000858500658069, 0.000340851082001, 9.16384742595e-05, 0.000119300886581, 8.48685449455e-05, 2.08708624996e-05, 8.82791937329e-07, 2.11557832586e-07]
    },
    "erbbands": {
        "max": [0.112592495978, 1.90395236015, 10.4436693192, 29.439283371, 82.3693389893, 53.3650512695, 190.302825928, 457.845184326, 940.747802734, 662.746704102, 678.843200684, 833.148681641, 1574.78649902, 1369.74609375, 648.025878906, 353.074249268, 643.37121582, 641.570861816, 1180.05749512, 835.501831055, 222.792724609, 1262.70324707, 520.664489746, 373.329986572, 257.422668457, 181.192153931, 182.406661987, 44.8849487305, 42.770942688, 70.49168396, 71.5194091797, 50.7630081177, 39.0828056335, 9.17031669617, 1.09952366352, 0.0790894627571, 0.0302840657532, 0.00808187853545, 0.0011743248906, 0.000128879095428],
        "mean": [0.0141590395942, 0.191665530205, 0.810492396355, 1.48912250996, 2.96826457977, 2.54446363449, 6.59119129181, 15.1908273697, 20.573387146, 15.1448764801, 17.0620346069, 42.2095756531, 58.6367073059, 77.7232971191, 35.9091796875, 19.7284202576, 30.8841762543, 38.8638191223, 59.8682823181, 55.3816833496, 10.9877090454, 9.03363132477, 17.905921936, 24.489906311, 17.8657073975, 26.3599891663, 20.4467906952, 4.28834056854, 2.01783943176, 1.62793064117, 1.30834710598, 0.998370707035, 0.564046323299, 0.226677253842, 0.0344447754323, 0.0040786806494, 0.00112737121526, 0.000116962066386, 1.94678723346e-05, 2.30097939493e-05],
        "min": [1.85907647392e-05, 0.000224713192438, 0.000273501500487, 0.00163609429728, 0.00464706728235, 0.0081913722679, 0.0126034142449, 0.00594510510564, 0.0262014847249, 0.0289565492421, 0.0566381365061, 0.0534924902022, 0.0276948604733, 0.0409712828696, 0.0184722561389, 0.0190151873976, 0.0193252339959, 0.0277301073074, 0.0354936532676, 0.0348335765302, 0.0138389961794, 0.0114851035178, 0.0118237463757, 0.00718060601503, 0.00546934176236, 0.00670113135129, 0.0028778386768, 0.00380407762714, 0.00293435063213, 0.00175338552799, 0.00113987061195, 0.00064431928331, 0.000493467960041, 0.000418840325437, 0.000265608337941, 0.000102347825305, 1.4345992895e-05, 1.37172924042e-06, 2.69561212463e-07, 3.25455886241e-07],
        "stdev": [0.0136954626068, 0.206811517477, 0.965181112289, 2.28492927551, 5.92280244827, 4.43803119659, 14.2009963989, 38.1460952759, 79.1196365356, 52.7618408203, 39.4521331787, 73.2584228516, 128.468475342, 145.243637085, 61.6979446411, 33.9292755127, 50.8460998535, 66.2679977417, 106.220939636, 120.348999023, 20.0253162384, 38.8751106262, 31.1841163635, 39.5071907043, 28.1611652374, 31.3026752472, 27.2959384918, 5.51134490967, 3.42020201683, 3.477663517, 3.07800459862, 2.20892453194, 1.23987543583, 0.461666882038, 0.0627050325274, 0.00499150343239, 0.00169157132041, 0.000312123302137, 3.24650973198e-05, 1.55846373673e-05]
    },
    "gfcc": {
        "mean": [-36.3417930603, 110.465820312, -149.424484253, 36.61095047, -69.4810714722, 15.5128173828, -27.4651470184, 5.72643136978, -23.6642093658, -3.39899897575, -5.94091558456, -17.9188652039, 0.597622275352],
        "cov": [[4309.6953125, -1252.08239746, -1609.23852539, 66.9352340698, -235.97315979, 149.044250488, 146.120407104, 14.4467687607, -118.856559753, 0.526248693466, 57.9816856384, -262.936767578, 54.3047637939], [-1252.08239746, 783.363647461, 598.070678711, -28.5191955566, 77.2947463989, -43.7970275879, -4.87826442719, -22.5910701752, 36.330947876, -52.7891426086, 16.9158611298, 16.7852993011, -37.0829162598], [-1609.23852539, 598.070678711, 1056.9473877, 123.749092102, -14.7303304672, 17.0985889435, -137.726318359, -16.3678264618, 92.0099639893, -47.8572769165, -18.7374973297, 112.88053894, -75.5284576416], [66.9352340698, -28.5191955566, 123.749092102, 224.433456421, 31.6875152588, 16.9591178894, -69.0379333496, 11.1768989563, 57.0726356506, -22.7407608032, -24.941865921, 2.25434017181, -17.596118927], [-235.97315979, 77.2947463989, -14.7303304672, 31.6875152588, 286.424682617, -29.14012146, 27.3797206879, 23.9224510193, -18.8179740906, 22.8879108429, -71.054473877, -4.75171041489, 6.69464063644], [149.044250488, -43.7970275879, 17.0985889435, 16.9591178894, -29.14012146, 265.240478516, 71.8810272217, -20.5618667603, -30.8919334412, -20.1743431091, -22.6667919159, -40.9208984375, -35.994682312], [146.120407104, -4.87826442719, -137.726318359, -69.0379333496, 27.3797206879, 71.8810272217, 215.218978882, 4.97608709335, -89.8774642944, 16.5369415283, 32.4625091553, -33.3989677429, 8.23851299286], [14.4467687607, -22.5910701752, -16.3678264618, 11.1768989563, 23.9224510193, -20.5618667603, 4.97608709335, 105.078605652, 60.4821128845, 4.78776216507, -2.43363213539, 3.53338813782, 10.5273160934], [-118.856559753, 36.330947876, 92.0099639893, 57.0726356506, -18.8179740906, -30.8919334412, -89.8774642944, 60.4821128845, 181.633651733, 11.8158254623, -21.8955669403, 25.6422309875, -10.3424243927], [0.526248693466, -52.7891426086, -47.8572769165, -22.7407608032, 22.8879108429, -20.1743431091, 16.5369415283, 4.78776216507, 11.8158254623, 85.0505447388, 20.6137523651, 12.7363958359, 4.1763253212], [57.9816856384, 16.9158611298, -18.7374973297, -24.941865921, -71.054473877, -22.6667919159, 32.4625091553, -2.43363213539, -21.8955669403, 20.6137523651, 121.408943176, 18.141576767, 17.0932655334], [-262.936767578, 16.7852993011, 112.88053894, 2.25434017181, -4.75171041489, -40.9208984375, -33.3989677429, 3.53338813782, 25.6422309875, 12.7363958359, 18.141576767, 89.6771392822, 17.98595047], [54.3047637939, -37.0829162598, -75.5284576416, -17.596118927, 6.69464063644, -35.994682312, 8.23851299286, 10.5273160934, -10.3424243927, 4.1763253212, 17.0932655334, 17.98595047, 73.7481307983]],
        "icov": [[0.00097515626112, 0.000576044083573, 0.00117443676572, -0.000949039822444, 0.000648392364383, -0.000190261183889, 1.32325540108e-05, -1.44024479596e-05, 1.59579467436e-05, 0.000462405878352, -0.000507521559484, 0.00124490482267, 0.000186872479389], [0.000576044083573, 0.00506940484047, -0.00264704297297, 0.00227593723685, -0.00255492446013, 0.00126065604854, -0.00175740662962, 0.00275387638249, -0.00325647718273, 0.00405293889344, -0.00359846581705, 0.00486152525991, -0.000430386484368], [0.00117443676572, -0.00264704297297, 0.00523643568158, -0.00350578641519, 0.00265790265985, -0.00145293597598, 0.0016238760436, -0.00170977087691, 0.00204241788015, -0.00113860424608, 0.00148398987949, -0.00360380136408, 0.00232865172438], [-0.000949039822444, 0.00227593723685, -0.00350578641519, 0.00847771391273, -0.00375742418692, 7.9841905972e-05, 0.000581319676712, 0.00174881925341, -0.00344288046472, 0.00330364820547, -0.00241617276333, 0.00203322153538, -0.000264699134277], [0.000648392364383, -0.00255492446013, 0.00265790265985, -0.00375742418692, 0.00766566256061, 0.000216180065763, -0.000191307684872, -0.00334114953876, 0.00390732567757, -0.00457983557135, 0.00598895270377, -0.001958549954, -0.000131772801979], [-0.000190261183889, 0.00126065604854, -0.00145293597598, 7.9841905972e-05, 0.000216180065763, 0.00571150006726, -0.00305322860368, 0.00155789603014, -0.00090597581584, 0.00133006484248, 0.000866178597789, 0.00209068413824, 0.00127873406745], [1.32325540108e-05, -0.00175740662962, 0.0016238760436, 0.000581319676712, -0.000191307684872, -0.00305322860368, 0.00929323397577, -0.00382460234687, 0.00473537296057, -0.00259550660849, -0.00132311310153, -0.000223364651902, 0.000115518152597], [-1.44024479596e-05, 0.00275387638249, -0.00170977087691, 0.00174881925341, -0.00334114953876, 0.00155789603014, -0.00382460234687, 0.0157311446965, -0.00861200038344, 0.00391712086275, -0.00296718301252, 0.00298012676649, -0.00216173147783], [1.59579467436e-05, -0.00325647718273, 0.00204241788015, -0.00344288046472, 0.00390732567757, -0.00090597581584, 0.00473537296057, -0.00861200038344, 0.0132846357301, -0.00589633500203, 0.00451153889298, -0.0041435030289, 0.00168630306143], [0.000462405878352, 0.00405293889344, -0.00113860424608, 0.00330364820547, -0.00457983557135, 0.00133006484248, -0.00259550660849, 0.00391712086275, -0.00589633500203, 0.018486071378, -0.00653938855976, 0.00128441071138, 0.00144399842247], [-0.000507521559484, -0.00359846581705, 0.00148398987949, -0.00241617276333, 0.00598895270377, 0.000866178597789, -0.00132311310153, -0.00296718301252, 0.00451153889298, -0.00653938855976, 0.0156099656597, -0.00554239237681, -0.00130526546855], [0.00124490482267, 0.00486152525991, -0.00360380136408, 0.00203322153538, -0.001958549954, 0.00209068413824, -0.000223364651902, 0.00298012676649, -0.0041435030289, 0.00128441071138, -0.00554239237681, 0.0222899205983, -0.00568543933332], [0.000186872479389, -0.000430386484368, 0.00232865172438, -0.000264699134277, -0.000131772801979, 0.00127873406745, 0.000115518152597, -0.00216173147783, 0.00168630306143, 0.00144399842247, -0.00130526546855, -0.00568543933332, 0.0183029472828]]
    },
    "melbands": {
        "max": [0.00137557822745, 0.00404131831601, 0.00627112528309, 0.00489967036992, 0.00490710278973, 0.00978901423514, 0.0122503777966, 0.0057780421339, 0.00615128362551, 0.00565760722384, 0.00758966989815, 0.00624175136909, 0.00348615460098, 0.00175125908572, 0.00210042530671, 0.00136759108864, 0.0012060176814, 0.0022172271274, 0.00226747640409, 0.000491790066008, 0.000274016725598, 0.00121278269216, 0.000609223323409, 0.000439383788034, 0.000369225541363, 0.000328482070472, 0.000168545782799, 0.000153053042595, 0.000193093888811, 5.30844372406e-05, 2.67003597401e-05, 2.84386624116e-05, 2.73256846413e-05, 4.21272670792e-05, 2.66084007308e-05, 7.10961103323e-05, 3.25221662933e-05, 3.18311795127e-05, 1.51241029016e-05, 5.46281626157e-06],
        "mean": [0.00016652578779, 0.000367970147636, 0.000315188342938, 0.000193911022507, 0.000199009868084, 0.000341466773534, 0.000316460005706, 0.000143564131577, 0.000149869447341, 0.000307359703584, 0.000293067743769, 0.000312141841277, 0.000158656795975, 6.54013419989e-05, 4.6702396503e-05, 8.91008385224e-05, 6.56490592519e-05, 7.8900695371e-05, 0.000143145283801, 1.84112923307e-05, 1.1138343325e-05, 8.7879370767e-06, 1.13456835606e-05, 1.64408011187e-05, 2.10526468436e-05, 1.47157325046e-05, 1.37879724207e-05, 1.95474476641e-05, 1.62140477187e-05, 5.56148916075e-06, 1.44475234265e-06, 1.16519368021e-06, 8.69416510341e-07, 9.44691464611e-07, 7.11525729002e-07, 7.70842234488e-07, 5.683625659e-07, 4.15411392396e-07, 2.98012366784e-07, 1.66373880006e-07],
        "min": [2.75972666941e-07, 2.2283128942e-07, 4.13121199472e-07, 4.41348078084e-07, 4.42439898052e-07, 1.47210911905e-07, 3.50687400896e-07, 2.9270131563e-07, 4.44572805236e-07, 2.99078436683e-07, 7.48039425957e-08, 1.07341790567e-07, 7.7274300736e-08, 4.36581011343e-08, 2.9052314332e-08, 3.05094047803e-08, 2.20430038667e-08, 2.94099731235e-08, 6.79278286952e-08, 1.83797350672e-08, 1.27639401271e-08, 4.91705653971e-09, 8.21331624934e-09, 8.60223092758e-09, 5.02990893381e-09, 4.31266666823e-09, 4.07039824069e-09, 3.97285226938e-09, 1.99989158567e-09, 1.3035481583e-09, 2.02701766483e-09, 1.58761426228e-09, 9.68433111481e-10, 9.0091351046e-10, 6.46530717852e-10, 3.91057630722e-10, 4.38205055575e-10, 2.58723736879e-10, 3.56499663123e-10, 3.28576443831e-10],
        "stdev": [0.000167011268786, 0.000379641860491, 0.000488869205583, 0.000348304776708, 0.000400431570597, 0.000861182343215, 0.00111801549792, 0.00047990938765, 0.000354724295903, 0.000547846779227, 0.00066105579026, 0.000603382650297, 0.00030569898081, 0.000146841950482, 0.000114436792501, 0.000150911539095, 0.00012437296391, 0.000173819629708, 0.000313234573696, 4.44930410595e-05, 2.42673741013e-05, 3.96627365262e-05, 2.5002989787e-05, 2.73236837529e-05, 3.71077294403e-05, 2.76620776276e-05, 2.27773016377e-05, 2.34752515098e-05, 2.29318375204e-05, 8.49908428791e-06, 2.18286754716e-06, 2.14140186472e-06, 1.80154279406e-06, 2.10555117519e-06, 1.61975947321e-06, 2.19380262934e-06, 1.17772367503e-06, 9.51269157667e-07, 6.64484616664e-07, 3.52661118086e-07]
    },
    "melbands128": {
        "max": [9.28201698116e-05, 0.000685719947796, 0.0020186251495, 0.00387934898026, 0.0057810023427, 0.00620991084725, 0.00640802131966, 0.0108372624964, 0.0103481831029, 0.00636413507164, 0.00356389023364, 0.00620341766626, 0.00888062920421, 0.0110087990761, 0.0114758703858, 0.0200373344123, 0.02413087897, 0.0187287013978, 0.015491806902, 0.0117589933798, 0.00396899366751, 0.00557362195104, 0.0108395749703, 0.00977909099311, 0.00748960534111, 0.0123650208116, 0.0165338721126, 0.0101015912369, 0.0160976089537, 0.0142997838557, 0.00882701016963, 0.00873474683613, 0.00485278479755, 0.00354968896136, 0.00353852426633, 0.00256482907571, 0.00165483681485, 0.00232016737573, 0.004750772845, 0.00185945886187, 0.00294501287863, 0.00346696213819, 0.00280437013134, 0.00131158542354, 0.00358119118027, 0.00526328478009, 0.00341122294776, 0.00542778009549, 0.00359460897744, 0.00140267389361, 0.000465170451207, 0.000841356057208, 0.000628651236184, 0.000764176889788, 0.000209307865589, 0.000757670321036, 0.00385430292226, 0.000279096973827, 0.000458089169115, 0.000773042091168, 0.000535728526302, 0.000968768901657, 0.000480464368593, 0.000877955113538, 0.000887636269908, 0.000761180941481, 0.000248662225204, 0.000316945282975, 0.000414230220485, 0.000278503866866, 0.00023630578653, 0.000372388894903, 0.000629671907518, 0.000368123146472, 0.000219261055463, 0.000120869553939, 5.01745380461e-05, 4.50055704277e-05, 4.35724978161e-05, 4.25982361776e-05, 3.88888402085e-05, 3.07502159558e-05, 3.52244533133e-05, 3.29678405251e-05, 5.51456178073e-05, 5.02430048073e-05, 4.39705290773e-05, 3.07358568534e-05, 2.53701291513e-05, 4.21165932494e-05, 0.000114384354674, 8.03079092293e-05, 3.96951763832e-05, 2.63722176896e-05, 3.7463290937e-05, 3.58433717338e-05, 3.3991116652e-05, 2.1386636945e-05, 1.8452090444e-05, 7.58760052122e-06, 7.91762522567e-06, 7.12942210157e-06, 5.54190683033e-06, 2.26118550017e-06, 5.1795956324e-07, 2.62859487066e-07, 1.09776465251e-07, 2.38889498405e-07, 1.0249623017e-07, 5.56794539364e-08, 7.399289359e-08, 1.2217626022e-07, 1.60960425433e-07, 6.57922498704e-08, 1.06398879041e-07, 1.02468696639e-07, 9.14920050832e-08, 3.8729194074e-08, 3.75772799543e-08, 3.64683963028e-08, 3.55232927518e-08, 3.46750148594e-08, 3.39242980374e-08, 3.33118883589e-08, 3.27880691486e-08, 3.23756701448e-08, 3.2077934975e-08, 3.18928279341e-08],
        "mean": [7.11076063453e-06, 7.83785581007e-05, 0.000235625950154, 0.000331019196892, 0.000393310241634, 0.000406896491768, 0.000274359103059, 0.0003215065517, 0.000334819691489, 0.000170460465597, 0.000121897202916, 0.00012389960466, 0.000228010772844, 0.000279479339952, 0.000329124683049, 0.000394106958993, 0.000356454082066, 0.000291014788672, 0.000296703539789, 0.000151641477714, 6.65477346047e-05, 0.000110519576992, 0.000163590098964, 0.000195301065105, 0.000184901393368, 0.000408727908507, 0.000468912214274, 0.00019421117031, 0.000256430532318, 0.000238074164372, 0.000395163282519, 0.000356060598278, 8.29325945233e-05, 7.5080904935e-05, 9.4919334515e-05, 5.287237218e-05, 3.22834566759e-05, 5.5312528275e-05, 4.56701818621e-05, 5.52021665499e-05, 0.000118114359793, 0.000107738036604, 6.44926039968e-05, 3.41225204465e-05, 7.3498027632e-05, 7.0871450589e-05, 8.91310774023e-05, 0.000236809268245, 0.00012288527796, 1.59160808835e-05, 9.74425893219e-06, 1.14223821583e-05, 1.11391991595e-05, 1.29338068291e-05, 7.33247725293e-06, 8.519324183e-06, 1.05267563413e-05, 4.73750333185e-06, 1.17553245218e-05, 2.41636116698e-05, 1.62750420714e-05, 1.26712975543e-05, 1.12392890514e-05, 2.80846161331e-05, 3.07915033773e-05, 1.18496927826e-05, 5.59480668016e-06, 1.30302369143e-05, 1.80826027645e-05, 1.12314592116e-05, 1.47601804201e-05, 2.89970394078e-05, 2.34031485888e-05, 1.14448303066e-05, 1.13466676339e-05, 6.94351365382e-06, 2.2757849365e-06, 1.97104532162e-06, 1.34840809096e-06, 9.47799890127e-07, 1.24250982481e-06, 1.23645588701e-06, 9.13031897198e-07, 9.07317769361e-07, 7.41737153476e-07, 9.07932019345e-07, 1.15395152989e-06, 7.32522892122e-07, 6.52671303669e-07, 6.27916165286e-07, 9.71359781943e-07, 7.44512192341e-07, 5.83950907185e-07, 4.92635933824e-07, 6.96038853221e-07, 4.49672342029e-07, 3.17538763284e-07, 3.69929750832e-07, 4.15913490315e-07, 1.7509749739e-07, 1.53624412746e-07, 2.18415763698e-07, 1.13094593246e-07, 4.68685286137e-08, 1.80727823818e-08, 8.87620288381e-09, 8.50414139109e-09, 6.66484467615e-09, 5.14460563039e-09, 4.75715866699e-09, 4.53457493776e-09, 4.0941205981e-09, 3.82761022877e-09, 2.51867526835e-09, 1.40305955743e-09, 7.8483025634e-10, 5.06557851221e-10, 2.30329505468e-10, 1.94192148473e-10, 1.77981684946e-10, 1.68117950117e-10, 1.59962598723e-10, 1.47273776507e-10, 1.28911201158e-10, 9.27545262819e-11, 4.45997197507e-11, 2.07240179878e-11, 1.72375152346e-11],
        "min": [1.19122503528e-10, 1.22962404703e-07, 1.88020990777e-07, 3.26270168216e-07, 1.76912664074e-07, 8.67971294838e-08, 2.34042630609e-07, 3.60077024197e-07, 3.8988176243e-07, 2.77084978961e-07, 7.3135751677e-08, 1.0067871159e-07, 2.87082883688e-07, 2.5375808832e-07, 6.62431247633e-08, 4.83122484241e-08, 1.86368652066e-07, 9.61025392598e-08, 1.66590410799e-07, 1.17990040849e-07, 6.75241267345e-08, 3.78149351832e-08, 1.11117344659e-07, 1.52944707565e-07, 1.26033967263e-07, 3.00183948809e-08, 1.00488612986e-07, 2.71004125807e-08, 1.21274972287e-08, 2.3573097252e-08, 6.95150959018e-08, 1.94868388093e-08, 1.00037880202e-08, 1.71942389215e-08, 1.44568712557e-08, 3.42239161455e-08, 2.23148397538e-08, 3.32243965673e-09, 4.31432090053e-09, 6.15049922104e-09, 1.37371634068e-08, 1.60808379945e-08, 4.87755347223e-09, 6.57363763423e-09, 1.10325801828e-08, 7.24694659837e-09, 1.52650869722e-08, 2.1650214066e-08, 1.48024232871e-08, 8.93503759869e-09, 7.33180982593e-09, 8.2077207253e-09, 5.38492317403e-09, 4.25997148668e-09, 3.12105341571e-09, 3.59894247737e-09, 4.86779061504e-09, 4.24612434102e-09, 3.79791131877e-09, 4.16791623437e-09, 2.76034550772e-09, 4.50814896524e-09, 1.86129678337e-09, 2.28658336709e-09, 3.99336919088e-09, 2.9020374992e-09, 9.51917322745e-10, 2.63076893603e-09, 1.81352288742e-09, 2.03362193751e-09, 5.35348609887e-09, 3.7548888443e-09, 1.01670394326e-09, 1.11060616259e-09, 6.68843647134e-10, 6.33937402572e-10, 1.5067985748e-09, 1.42166323158e-09, 1.19268472876e-09, 8.82000361635e-10, 1.24611143626e-09, 6.0391669443e-10, 5.75802794334e-10, 6.53952725305e-10, 5.91845294995e-10, 7.25632165466e-10, 5.50435808044e-10, 1.38732358934e-10, 4.26645885288e-10, 4.01835925645e-10, 2.34876229577e-10, 1.70124539456e-10, 2.01982069958e-10, 3.39338668276e-10, 2.32460509175e-10, 3.27195354144e-10, 2.68928324054e-10, 2.10630041186e-10, 2.61228566556e-10, 2.75737571664e-10, 2.37742658893e-10, 1.53108789536e-10, 1.88068477458e-10, 1.15190003369e-10, 3.14915593602e-11, 3.84066875525e-11, 3.023221673e-10, 9.18265602445e-11, 5.72186048542e-11, 5.07858165244e-11, 1.37412208348e-11, 3.37824108965e-11, 6.96398320954e-12, 1.06053193842e-13, 1.93622397439e-14, 8.26149265236e-15, 7.46521222524e-15, 5.9781061259e-15, 7.24647443694e-15, 7.64235053144e-15, 6.5513983534e-15, 6.96078377636e-15, 6.05464698763e-15, 4.6836881636e-15, 5.29355993244e-15, 1.93174609237e-15, 2.82320528243e-16, 2.57589766839e-17],
        "stdev": [9.64728405961e-06, 8.81844753167e-05, 0.000267949915724, 0.000410084641771, 0.000475178909255, 0.000538504857104, 0.000460704293801, 0.000639200967271, 0.000729079067241, 0.000370569847291, 0.000253196136327, 0.00032506705611, 0.000598513288423, 0.00075554556679, 0.00087138050003, 0.00158916017972, 0.00182874419261, 0.00140681886114, 0.00124495849013, 0.00072615139652, 0.000202588824322, 0.000310963892844, 0.000547227857169, 0.0005096316454, 0.000494815234561, 0.000942631275393, 0.00136538106017, 0.000674262933899, 0.00104754604399, 0.000814373721369, 0.000945964362472, 0.00089384522289, 0.000278103543678, 0.000256097293459, 0.000292282464216, 0.000158160852152, 9.20206657611e-05, 0.000168310914887, 0.000198064095457, 0.000144089397509, 0.000256456725765, 0.000267455994617, 0.000200077527552, 9.46170039242e-05, 0.000263664434897, 0.000272778794169, 0.000242143083597, 0.000607954105362, 0.000381965714041, 7.19166710041e-05, 3.10224204441e-05, 4.47400525445e-05, 3.21390325553e-05, 4.46447229479e-05, 1.82929506991e-05, 4.46328049293e-05, 0.00010280143033, 1.32878267323e-05, 2.88415649266e-05, 5.79641928198e-05, 3.89365559386e-05, 3.69536755898e-05, 2.72372417385e-05, 7.54113862058e-05, 7.85575757618e-05, 3.89882552554e-05, 1.45542871905e-05, 3.17440390063e-05, 4.0810155042e-05, 2.37361928157e-05, 2.34439485212e-05, 4.89810990985e-05, 5.21544752701e-05, 2.49311196967e-05, 2.50913617492e-05, 1.35091268021e-05, 4.42982309323e-06, 3.80217534257e-06, 2.48510309575e-06, 1.95480447474e-06, 2.46553599936e-06, 2.8423664844e-06, 1.99887131203e-06, 2.01791749532e-06, 2.17636033994e-06, 2.21764958042e-06, 2.8351958008e-06, 1.70843100022e-06, 1.55813756919e-06, 1.90916443898e-06, 3.22071673509e-06, 2.33861942434e-06, 1.49555830831e-06, 1.05161893771e-06, 1.63792890362e-06, 1.06509571651e-06, 9.27894234337e-07, 8.63982336341e-07, 1.18763898627e-06, 3.64601532965e-07, 3.5394458564e-07, 5.96805250552e-07, 2.73202260814e-07, 1.01519361806e-07, 3.21724016317e-08, 1.45815830521e-08, 1.1431216862e-08, 9.52731582515e-09, 7.26335613876e-09, 6.28760110644e-09, 6.080064896e-09, 5.88755266762e-09, 6.66167210284e-09, 5.01751307169e-09, 5.21468779269e-09, 3.16420867286e-09, 3.14932413481e-09, 9.68490843078e-10, 9.09524011661e-10, 8.65888416524e-10, 8.4107237841e-10, 8.21518353344e-10, 7.96599675112e-10, 7.6842765484e-10, 7.34723282214e-10, 7.08222869239e-10, 6.99605151588e-10, 6.95597801581e-10]
    },
    "mfcc": {
        "mean": [-664.311401367, 123.659034729, -14.0107650757, 18.1585178375, -10.2210350037, 1.32024085522, 10.5488386154, -2.33651208878, -3.47726941109, 14.4678535461, -8.17227840424, -4.78662395477, -8.38411617279],
        "cov": [[5514.80761719, -1714.13720703, -1305.58349609, -334.328887939, -435.107116699, -73.8923568726, 234.209365845, -142.774154663, 4.78688621521, 141.453262329, -6.92023086548, -53.1429023743, -144.806838989], [-1714.13720703, 938.10333252, 391.708435059, 82.9913635254, 114.122383118, 18.4623718262, -6.5316619873, 46.5175704956, -29.5666656494, -23.7605113983, 23.2595024109, 6.30852556229, 4.8285908699], [-1305.58349609, 391.708435059, 913.198303223, 20.531080246, 133.995315552, 84.3756637573, -157.229431152, 114.931846619, -44.5183906555, -101.64024353, 66.5188980103, 52.4590339661, 61.5136604309], [-334.328887939, 82.9913635254, 20.531080246, 267.796722412, 125.161399841, -54.2445373535, -52.7555007935, -8.45691204071, 28.3589191437, -2.68837356567, -54.4785766602, 49.1398429871, 20.4043502808], [-435.107116699, 114.122383118, 133.995315552, 125.161399841, 248.34072876, -6.69068574905, -117.245735168, 34.4386749268, 59.7178077698, -15.9113149643, 12.4493150711, 4.67493343353, -4.61985731125], [-73.8923568726, 18.4623718262, 84.3756637573, -54.2445373535, -6.69068574905, 194.612060547, 66.9234924316, 25.2904376984, 9.67828178406, -13.3845262527, 48.7001953125, -46.3223876953, -11.1343917847], [234.209365845, -6.5316619873, -157.229431152, -52.7555007935, -117.245735168, 66.9234924316, 291.22354126, -13.0571660995, -37.4967498779, 32.0699386597, -25.4762439728, -31.6020050049, -14.0371818542], [-142.774154663, 46.5175704956, 114.931846619, -8.45691204071, 34.4386749268, 25.2904376984, -13.0571660995, 108.373802185, 27.2597904205, 0.401978373528, 28.9880371094, -6.35483980179, 3.59826922417], [4.78688621521, -29.5666656494, -44.5183906555, 28.3589191437, 59.7178077698, 9.67828178406, -37.4967498779, 27.2597904205, 120.895004272, 17.4827880859, 24.5179615021, -10.0580673218, -7.54745054245], [141.453262329, -23.7605113983, -101.64024353, -2.68837356567, -15.9113149643, -13.3845262527, 32.0699386597, 0.401978373528, 17.4827880859, 106.79082489, -1.7374830246, -7.1771903038, -15.0055208206], [-6.92023086548, 23.2595024109, 66.5188980103, -54.4785766602, 12.4493150711, 48.7001953125, -25.4762439728, 28.9880371094, 24.5179615021, -1.7374830246, 117.163383484, 7.60229873657, -9.30778026581], [-53.1429023743, 6.30852556229, 52.4590339661, 49.1398429871, 4.67493343353, -46.3223876953, -31.6020050049, -6.35483980179, -10.0580673218, -7.1771903038, 7.60229873657, 107.785446167, 31.658203125], [-144.806838989, 4.8285908699, 61.5136604309, 20.4043502808, -4.61985731125, -11.1343917847, -14.0371818542, 3.59826922417, -7.54745054245, -15.0055208206, -9.30778026581, 31.658203125, 111.063934326]],
        "icov": [[0.000622480467428, 0.000921119237319, 0.000443947734311, 0.000232763879467, 0.000233394282986, 0.000158445720444, -0.000126660976093, -0.000150841166032, 0.000285071699182, -8.87548012543e-05, -0.0003799952392, -0.000162237818586, 0.000519157911185], [0.000921119237319, 0.0028214994818, -8.07602991699e-05, -0.000138125309604, -6.06420690019e-05, 0.000701102835592, -0.000818852102384, -7.87710450822e-05, 0.000743204611354, -0.000333887990564, -0.00107206648681, 0.000295197736705, 0.000946636078879], [0.000443947734311, -8.07602991699e-05, 0.00270857918076, 0.000531079771463, -0.000437330047134, -0.0013025655644, 0.00117140123621, -0.00208946736529, 0.00175407330971, 0.000987160135992, -0.000182711199159, -0.00131636916194, -0.000335946097039], [0.000232763879467, -0.000138125309604, 0.000531079771463, 0.00715785427019, -0.00345843215473, -1.46244656207e-05, -0.000160603813129, 0.000510108482558, -0.00102025619708, -0.000171404652065, 0.00370314414613, -0.0035674571991, -0.000247087562457], [0.000233394282986, -6.06420690019e-05, -0.000437330047134, -0.00345843215473, 0.00810890831053, -0.000147161641507, 0.00202391762286, -0.00089615926845, -0.00217953394167, 0.000368609005818, -0.00102230114862, 0.00158771860879, 0.00115535687655], [0.000158445720444, 0.000701102835592, -0.0013025655644, -1.46244656207e-05, -0.000147161641507, 0.00861480273306, -0.00300032855012, 0.000435301713878, -0.00103395979386, 0.00103117350955, -0.0037301608827, 0.00375264883041, 5.12209480803e-05], [-0.000126660976093, -0.000818852102384, 0.00117140123621, -0.000160603813129, 0.00202391762286, -0.00300032855012, 0.0059870602563, -0.00111881562043, 0.00139282294549, -0.000987829407677, 0.00173749052919, -0.000260070053628, 8.44460737426e-06], [-0.000150841166032, -7.87710450822e-05, -0.00208946736529, 0.000510108482558, -0.00089615926845, 0.000435301713878, -0.00111881562043, 0.0126598170027, -0.00316258054227, -0.00107979530003, -0.00150756060611, 0.00125053757802, -0.000518494227435], [0.000285071699182, 0.000743204611354, 0.00175407330971, -0.00102025619708, -0.00217953394167, -0.00103395979386, 0.00139282294549, -0.00316258054227, 0.0124225337058, -0.0014705004869, -0.00254643685184, 0.000873583659995, -0.000177425346919], [-8.87548012543e-05, -0.000333887990564, 0.000987160135992, -0.000171404652065, 0.000368609005818, 0.00103117350955, -0.000987829407677, -0.00107979530003, -0.0014705004869, 0.0111723756418, -0.000464360055048, 6.20528444415e-05, 0.000765316653997], [-0.0003799952392, -0.00107206648681, -0.000182711199159, 0.00370314414613, -0.00102230114862, -0.0037301608827, 0.00173749052919, -0.00150756060611, -0.00254643685184, -0.000464360055048, 0.0138524258509, -0.00440266635269, 0.00100407516584], [-0.000162237818586, 0.000295197736705, -0.00131636916194, -0.0035674571991, 0.00158771860879, 0.00375264883041, -0.000260070053628, 0.00125053757802, 0.000873583659995, 6.20528444415e-05, -0.00440266635269, 0.0142145194113, -0.00282400264405], [0.000519157911185, 0.000946636078879, -0.000335946097039, -0.000247087562457, 0.00115535687655, 5.12209480803e-05, 8.44460737426e-06, -0.000518494227435, -0.000177425346919, 0.000765316653997, 0.00100407516584, -0.00282400264405, 0.0109225297347]]
    },
    "spectral_contrast_coeffs": {
        "max": [-0.459375590086, -0.357451140881, -0.441671222448, -0.576228737831, -0.596192121506, -0.614153027534],
        "mean": [-0.738010883331, -0.747597277164, -0.704621136189, -0.745734333992, -0.756873369217, -0.769711077213],
        "min": [-0.905479073524, -0.928564429283, -0.915663659573, -0.904415845871, -0.889791369438, -0.904039859772],
        "stdev": [0.0640438050032, 0.0873848795891, 0.0849229842424, 0.0694758147001, 0.0603359751403, 0.0350491181016]
    },
    "spectral_contrast_valleys": {
        "max": [-5.7036151886, -5.25554656982, -5.69369602203, -6.45149517059, -5.84164714813, -8.30931568146],
        "mean": [-7.07575654984, -6.94527578354, -7.57293128967, -7.94790124893, -7.85392475128, -10.7023563385],
        "min": [-9.90611553192, -8.97223186493, -10.2755470276, -10.5157184601, -10.7344284058, -13.2363815308],
        "stdev": [0.525599181652, 0.595785439014, 0.733903229237, 0.724913537502, 0.814588487148, 0.823463857174]
    }
},
"rhythm": {
    "beats_count": 91,
    "beats_loudness": {
        "max": 0.0580823197961,
        "mean": 0.0223701894283,
        "min": 0.00150589784607,
        "stdev": 0.0116536747664
    },
    "bpm": 99.1331710815,
    "bpm_histogram_first_peak_bpm": 99,
    "bpm_histogram_first_peak_weight": 0.358974337578,
    "bpm_histogram_second_peak_bpm": 126,
    "bpm_histogram_second_peak_spread": 0.575757563114,
    "bpm_histogram_second_peak_weight": 0.155555561185,
    "danceability": 1.02289950848,
    "onset_rate": 2.337890625,
    "beats_loudness_band_ratio": {
        "max": [0.860661745071, 0.908556699753, 0.937276542187, 0.815955579281, 0.576100051403, 0.250750303268],
        "mean": [0.218089297414, 0.136393919587, 0.24296054244, 0.228028133512, 0.139591902494, 0.0680488944054],
        "min": [0.00125615578145, 0.00384496105835, 0.00688146892935, 0.0049370364286, 0.00114551314618, 0.000929609814193],
        "stdev": [0.234655365348, 0.156031236053, 0.217833787203, 0.201442360878, 0.139196038246, 0.0589779913425]
    },
