{
"metadata": {
    "version": {
        "essentia": "2.1-beta5",
        "essentia_git_sha": "Undefined",
        "extractor": "music 2.0"
    },
    "audio_properties": {
        "analysis": {
            "equal_loudness": 0,
            "length": 29.0017242432,
            "sample_rate": 44100,
            "start_time": 0,
            "downmix": "mix"
        },
        "bit_rate": 192000,
        "length": 222.238189697,
        "lossless": 0,
        "number_channels": 2,
        "replay_gain": -6.20957183838,
        "sample_rate": 44100,
        "codec": "mp3",
        "md5_encoded": "e869d628e9c6bfadcbf517430f0848c4"
    },
    "tags": {
        "file_name": "France_Sans Toi_Martine Clémenceau.mp3",
        "encoding": ["Lavf58.29.100"]
    }
},
"lowlevel": {
    "average_loudness": 0.171393930912,
    "barkbands_crest": {
        "max": 19.888792038,
        "mean": 6.96724748611,
        "min": 2.46476578712,
        "stdev": 2.86255311966
    },
    "barkbands_flatness_db": {
        "max": 0.181985750794,
        "mean": 0.108065456152,
        "min": 0.0483755879104,
        "stdev": 0.0208104867488
    },
    "barkbands_kurtosis": {
        "max": 26.8470954895,
        "mean": 4.03532648087,
        "min": -1.29076933861,
        "stdev": 4.64883184433
    },
    "barkbands_skewness": {
        "max": 4.74550199509,
        "mean": 1.3261538744,
        "min": -2.05046868324,
        "stdev": 1.30130314827
    },
    "barkbands_spread": {
        "max": 56.1347770691,
        "mean": 18.5294208527,
        "min": 7.0148396492,
        "stdev": 7.46712064743
    },
    "dissonance": {
        "max": 0.499999970198,
        "mean": 0.482297450304,
        "min": 0.404509842396,
        "stdev": 0.0141894575208
    },
    "dynamic_complexity": 13.2131910324,
    "erbbands_crest": {
        "max": 14.7000770569,
        "mean": 6.38121128082,
        "min": 2.6910367012,
        "stdev": 1.85254919529
    },
    "erbbands_flatness_db": {
        "max": 0.251014530659,
        "mean": 0.146915227175,
        "min": 0.074179507792,
        "stdev": 0.0483085550368
    },
    "erbbands_kurtosis": {
        "max": 6.67389392853,
        "mean": 0.612554550171,
        "min": -1.60071456432,
        "stdev": 1.25511205196
    },
    "erbbands_skewness": {
        "max": 1.75660562515,
        "mean": 0.500542938709,
        "min": -0.792500019073,
        "stdev": 0.431384503841
    },
    "erbbands_spread": {
        "max": 109.790016174,
        "mean": 40.3239326477,
        "min": 7.64945554733,
        "stdev": 23.9545249939
    },
    "hfc": {
        "max": 197.288085938,
        "mean": 16.6072368622,
        "min": 1.08011384885e-16,
        "stdev": 27.1626262665
    },
    "loudness_ebu128": {
        "integrated": -17.1620349884,
        "loudness_range": 24.6855640411,
        "momentary": {
            "max": -14.0865097046,
            "mean": -29.763376236,
            "min": -45.9107589722,
            "stdev": 11.2076892853
        },
        "short_term": {
            "max": -15.1733179092,
            "mean": -29.2016067505,
            "min": -41.7861709595,
            "stdev": 10.8850717545
        }
    },
    "melbands_crest": {
        "max": 22.7756919861,
        "mean": 9.11141872406,
        "min": 1.95366716385,
        "stdev": 4.42903232574
    },
    "melbands_flatness_db": {
        "max": 0.276381075382,
        "mean": 0.14405938983,
        "min": 0.00275217159651,
        "stdev": 0.0480258017778
    },
    "melbands_kurtosis": {
        "max": 122.421310425,
        "mean": 13.5539331436,
        "min": -1.19748330116,
        "stdev": 15.7923126221
    },
    "melbands_skewness": {
        "max": 9.06694889069,
        "mean": 2.23118162155,
        "min": -0.661551237106,
        "stdev": 1.98530507088
    },
    "melbands_spread": {
        "max": 136.685791016,
        "mean": 22.6385612488,
        "min": 3.90987849236,
        "stdev": 13.1637325287
    },
    "pitch_salience": {
        "max": 0.911826908588,
        "mean": 0.744442403316,
        "min": 0.452386766672,
        "stdev": 0.0765602737665
    },
    "silence_rate_20dB": {
        "max": 1,
        "mean": 1,
        "min": 1,
        "stdev": 0
    },
    "silence_rate_30dB": {
        "max": 1,
        "mean": 1,
        "min": 1,
        "stdev": 0
    },
    "silence_rate_60dB": {
        "max": 1,
        "mean": 0.587199985981,
        "min": 0,
        "stdev": 0.492338687181
    },
    "spectral_centroid": {
        "max": 11325.3369141,
        "mean": 1358.62561035,
        "min": 401.970153809,
        "stdev": 677.296630859
    },
    "spectral_complexity": {
        "max": 58,
        "mean": 14.7944002151,
        "min": 0,
        "stdev": 17.2808933258
    },
    "spectral_decrease": {
        "max": 7.13487949311e-21,
        "mean": -2.28950036707e-09,
        "min": -2.57119463498e-08,
        "stdev": 3.49591977589e-09
    },
    "spectral_energy": {
        "max": 0.114937506616,
        "mean": 0.0101474365219,
        "min": 1.04564111259e-20,
        "stdev": 0.01560480427
    },
    "spectral_energyband_high": {
        "max": 0.0163731258363,
        "mean": 0.000464887416456,
        "min": 7.63038652943e-21,
        "stdev": 0.00108549313154
    },
    "spectral_energyband_low": {
        "max": 0.000780397676863,
        "mean": 0.000103586091427,
        "min": 4.82009916526e-23,
        "stdev": 0.000101764751889
    },
    "spectral_energyband_middle_high": {
        "max": 0.0971137359738,
        "mean": 0.00780266709626,
        "min": 1.69031409729e-21,
        "stdev": 0.0125828506425
    },
    "spectral_energyband_middle_low": {
        "max": 0.0250465068966,
        "mean": 0.00188618828543,
        "min": 2.50543107022e-22,
        "stdev": 0.00268763373606
    },
    "spectral_entropy": {
        "max": 9.79638767242,
        "mean": 7.9073381424,
        "min": 7.30437850952,
        "stdev": 0.188589707017
    },
    "spectral_flux": {
        "max": 0.256667047739,
        "mean": 0.0497374720871,
        "min": 6.79024822481e-11,
        "stdev": 0.0523397885263
    },
    "spectral_kurtosis": {
        "max": 12.579416275,
        "mean": 3.65727376938,
        "min": -1.23327314854,
        "stdev": 1.91049134731
    },
    "spectral_rms": {
        "max": 0.010589341633,
        "mean": 0.00217395322397,
        "min": 3.19395941986e-12,
        "stdev": 0.00227461219765
    },
    "spectral_rolloff": {
        "max": 19207.6171875,
        "mean": 1499.51989746,
        "min": 193.798828125,
        "stdev": 1453.40161133
    },
    "spectral_skewness": {
        "max": 2.59542489052,
        "mean": 1.61516797543,
        "min": -0.0157855432481,
        "stdev": 0.29968085885
    },
    "spectral_spread": {
        "max": 40874084,
        "mean": 5354804.5,
        "min": 2554043.75,
        "stdev": 2009951.375
    },
    "spectral_strongpeak": {
        "max": 5.30284261703,
        "mean": 0.563587129116,
        "min": 0,
        "stdev": 0.857800960541
    },
    "zerocrossingrate": {
        "max": 0.51220703125,
        "mean": 0.0746332034469,
        "min": 0.02490234375,
        "stdev": 0.0294427461922
    },
    "barkbands": {
        "max": [0.000131775872433, 0.000161602409207, 0.000613368873019, 0.00105169625022, 0.00383316515945, 0.00303149409592, 0.0044998372905, 0.00514522474259, 0.00864385813475, 0.0134867168963, 0.00837990548462, 0.0202162265778, 0.0198796130717, 0.0207731835544, 0.0391964912415, 0.0214570313692, 0.00872049294412, 0.00351144745946, 0.00228073098697, 0.00418963609263, 0.0029429262504, 0.00255565950647, 0.0050684902817, 0.00311545119621, 0.00154858233873, 0.000529823824763, 3.42550066534e-07],
        "mean": [1.30689950311e-05, 1.82375806617e-05, 4.09668609791e-05, 7.48472011765e-05, 0.000250545330346, 0.000220280126086, 0.000313919561449, 0.000365798652638, 0.000508143333718, 0.000566281203646, 0.000714612018783, 0.00108356459532, 0.00128783553373, 0.001235072501, 0.001221785089, 0.000963104364928, 0.00042385206325, 0.00020452310855, 0.000123449659441, 0.00011919226381, 0.000115665563499, 8.96651181392e-05, 7.61532137403e-05, 6.62509555696e-05, 4.03018930228e-05, 1.03139036582e-05, 1.16589282673e-09],
        "min": [2.78929678995e-24, 4.79996301734e-24, 1.76192682715e-23, 7.16765802688e-24, 3.0780721433e-23, 1.54212099111e-23, 1.65373376514e-23, 3.0520914827e-23, 3.79900076498e-23, 5.27951156162e-23, 4.57638248186e-23, 5.91050436031e-23, 8.65981146384e-23, 8.52707583466e-23, 1.32537656646e-22, 8.61563462206e-23, 1.61833969047e-22, 2.39388462361e-22, 1.54946279333e-22, 2.74928753978e-22, 4.73866044707e-22, 5.42026908579e-22, 5.60036615667e-22, 8.13212347168e-22, 1.16862808706e-21, 1.42458707129e-21, 2.14652944866e-21],
        "stdev": [1.47231794472e-05, 1.84622913366e-05, 4.97216169606e-05, 0.000106929866888, 0.000353332667146, 0.000350816990249, 0.000512065307703, 0.000649883295409, 0.00092348374892, 0.00112143566366, 0.00124551937915, 0.00194588629529, 0.00243033794686, 0.0022499714978, 0.00231507886201, 0.00195680023171, 0.000865873647854, 0.000403958256356, 0.000240170411416, 0.000273301411653, 0.000276391976513, 0.000217240754864, 0.000222766422667, 0.000209854770219, 0.000102684316516, 2.86042359221e-05, 1.29418307182e-08]
    },
    "erbbands": {
        "max": [0.00859901402146, 0.0470760650933, 0.547487199306, 1.70287597179, 4.89510774612, 20.6396999359, 17.0253219604, 30.8262176514, 71.8747711182, 75.4851150513, 168.526519775, 145.028411865, 521.347839355, 263.63394165, 385.938598633, 1021.5579834, 809.291503906, 831.247680664, 1912.81762695, 1150.70410156, 768.65625, 480.040161133, 194.832778931, 135.014389038, 128.41494751, 216.335403442, 137.61541748, 135.877700806, 98.8728256226, 95.2924346924, 152.820571899, 73.9824905396, 52.650970459, 25.2088222504, 9.19889640808, 3.04481458664, 0.731561660767, 0.0328260324895, 0.000793861690909, 0.000167531426996],
        "mean": [0.000728869985323, 0.00402334658429, 0.0362150855362, 0.167131781578, 0.446224421263, 0.938140034676, 1.2585517168, 2.06592488289, 3.79344058037, 6.15032958984, 8.71395492554, 11.0447616577, 15.8047542572, 22.6688671112, 33.0796356201, 46.4155960083, 58.0381698608, 63.4087753296, 63.3111381531, 63.0621566772, 46.5548439026, 24.0410518646, 12.8086881638, 7.39572477341, 5.94186496735, 5.61902523041, 4.98326969147, 4.33129882812, 3.33642625809, 2.53188800812, 2.15510654449, 1.57249903679, 0.978810548782, 0.522049605846, 0.252602040768, 0.081611007452, 0.0120821595192, 0.000442305812612, 2.17746091948e-05, 1.51113999891e-05],
        "min": [1.23693945297e-22, 2.04086540529e-21, 1.17603523095e-20, 3.870837236e-20, 8.0364777649e-20, 1.30572178676e-19, 9.96668045984e-20, 1.23995045906e-19, 2.25478138797e-19, 3.97874520873e-19, 7.25519649981e-19, 7.68568713998e-19, 1.4871712729e-18, 1.40005571271e-18, 2.14028764877e-18, 2.50902491351e-18, 3.92287634448e-18, 5.83038502912e-18, 6.62457726526e-18, 5.55116731822e-18, 6.83838318768e-18, 6.59404892398e-18, 7.98983266242e-18, 9.84718566421e-18, 9.29013080685e-18, 1.40253237419e-17, 1.5708968815e-17, 1.90314886379e-17, 1.83728162966e-17, 1.94387129621e-17, 1.64681386376e-17, 1.52244758954e-17, 1.25339435672e-17, 9.2422792356e-18, 7.85837463793e-18, 5.91036512255e-18, 2.7849363835e-18, 1.29963329801e-18, 2.81043893047e-19, 2.94699701458e-20],
        "stdev": [0.000819085398689, 0.00428921356797, 0.0420236587524, 0.213863134384, 0.615823209286, 1.48312282562, 1.95021486282, 3.41301727295, 6.19344329834, 10.3203525543, 15.4929857254, 19.9064483643, 33.4461860657, 39.7699432373, 55.9784202576, 84.1642074585, 107.69896698, 113.519462585, 116.639083862, 113.290924072, 92.8709869385, 48.3185539246, 24.9518280029, 13.9670829773, 11.7370510101, 13.1488456726, 11.3595104218, 10.988779068, 7.98409414291, 6.53264379501, 6.57623720169, 4.86945295334, 3.18389940262, 1.44013118744, 0.626123309135, 0.212705358863, 0.0358774960041, 0.00160178286023, 5.06535288878e-05, 2.39794208028e-05]
    },
    "gfcc": {
        "mean": [-129.054718018, 70.5185470581, -132.41468811, 23.9071292877, -73.9807815552, 22.8702716827, -58.4130516052, 8.11990737915, -30.0719528198, 6.06862306595, -20.6672687531, -3.90439915657, -12.4574956894],
        "cov": [[21548.2148438, -1445.80578613, -6155.66943359, -2472.94775391, -300.670288086, 345.502227783, -134.218078613, -685.401733398, 66.8531646729, -148.557922363, -66.5260391235, 79.9368286133, 471.732391357], [-1445.80578613, 462.79888916, 569.768249512, 246.414459229, 1.8270689249, -32.7843666077, -22.767288208, 57.4222373962, -19.904592514, -3.72960352898, 5.09064817429, -39.6234779358, -51.7110137939], [-6155.66943359, 569.768249512, 2118.12329102, 899.004211426, 28.2216587067, -107.28074646, -8.51229953766, 241.941055298, -66.7019195557, 49.9610977173, -9.99295425415, -37.7122764587, -190.618835449], [-2472.94775391, 246.414459229, 899.004211426, 494.129699707, 9.6595249176, -51.4531173706, -17.2056293488, 104.422981262, -26.0944156647, 17.1689968109, 0.212871879339, -22.5120620728, -85.6902923584], [-300.670288086, 1.8270689249, 28.2216587067, 9.6595249176, 76.0743560791, 12.2395105362, 12.0620145798, 5.70914936066, 7.51928806305, -3.33770370483, 2.82136464119, 2.01349711418, 0.250955969095], [345.502227783, -32.7843666077, -107.28074646, -51.4531173706, 12.2395105362, 61.6411628723, 16.098077774, -10.0269889832, 7.65058755875, -1.44312739372, -2.30914878845, 2.3720741272, 13.7243375778], [-134.218078613, -22.767288208, -8.51229953766, -17.2056293488, 12.0620145798, 16.098077774, 53.5262527466, 7.94849395752, 7.29789161682, 4.60996723175, 3.05619430542, 0.435440152884, 1.27491724491], [-685.401733398, 57.4222373962, 241.941055298, 104.422981262, 5.70914936066, -10.0269889832, 7.94849395752, 70.2744293213, 6.98519515991, 10.559129715, 1.65846133232, 0.476886987686, -24.0417575836], [66.8531646729, -19.904592514, -66.7019195557, -26.0944156647, 7.51928806305, 7.65058755875, 7.29789161682, 6.98519515991, 46.2773704529, 10.9184331894, 6.53264760971, 2.8991920948, 11.5410308838], [-148.557922363, -3.72960352898, 49.9610977173, 17.1689968109, -3.33770370483, -1.44312739372, 4.60996723175, 10.559129715, 10.9184331894, 41.8914337158, 11.9178829193, 5.10834407806, -4.87476491928], [-66.5260391235, 5.09064817429, -9.99295425415, 0.212871879339, 2.82136464119, -2.30914878845, 3.05619430542, 1.65846133232, 6.53264760971, 11.9178829193, 38.6940536499, 12.3283729553, 5.05840396881], [79.9368286133, -39.6234779358, -37.7122764587, -22.5120620728, 2.01349711418, 2.3720741272, 0.435440152884, 0.476886987686, 2.8991920948, 5.10834407806, 12.3283729553, 37.4363555908, 14.6705675125], [471.732391357, -51.7110137939, -190.618835449, -85.6902923584, 0.250955969095, 13.7243375778, 1.27491724491, -24.0417575836, 11.5410308838, -4.87476491928, 5.05840396881, 14.6705675125, 46.7518920898]],
        "icov": [[0.000616896199062, -0.000487292127218, 0.00245178467594, -0.000716496491805, 0.00143962528091, -0.00131017295644, 0.00146249448881, -0.00104152585845, 0.00166461232584, -0.000956615782343, 0.00161672115792, -0.000830947188661, 0.00129629787989], [-0.000487292127218, 0.0042711510323, -0.00323184812441, 0.000967936473899, -0.000907177280169, 0.000723359524272, 0.000504036317579, 0.000704139703885, -0.00156173261348, 0.00255045224912, -0.00397083256394, 0.00475225551054, -0.00203115819022], [0.00245178467594, -0.00323184812441, 0.0129182171077, -0.00685926061124, 0.00502849090844, -0.00434847455472, 0.00452656950802, -0.00691879494116, 0.00875894352794, -0.00586596177891, 0.0083639184013, -0.00522516435012, 0.00731409247965], [-0.000716496491805, 0.000967936473899, -0.00685926061124, 0.0104178441688, -0.00161149795167, 0.00161698274314, 0.00108841317706, 0.000412143272115, -0.00292126019485, 0.00272501842119, -0.00443807337433, 0.00335768959485, -0.000424082798418], [0.00143962528091, -0.000907177280169, 0.00502849090844, -0.00161149795167, 0.018057661131, -0.00590986898169, 0.00108515890315, -0.0017206921475, 0.000775293097831, 0.00113220571075, 0.0021868145559, -0.00275158532895, 0.00329631334171], [-0.00131017295644, 0.000723359524272, -0.00434847455472, 0.00161698274314, -0.00590986898169, 0.0231558009982, -0.00853027496487, 0.0023324880749, -0.00392233300954, 0.000964604143519, -0.000509691424668, 0.00154760375153, -0.00544155901298], [0.00146249448881, 0.000504036317579, 0.00452656950802, 0.00108841317706, 0.00108515890315, -0.00853027496487, 0.0266413465142, -0.00650966726243, 0.00299046724103, -0.00292792636901, 0.00067658763146, 0.00163125002291, 0.00304725347087], [-0.00104152585845, 0.000704139703885, -0.00691879494116, 0.000412143272115, -0.0017206921475, 0.0023324880749, -0.00650966726243, 0.0301590673625, -0.0124872364104, 0.00225774222054, -0.00189216539729, -0.00428963825107, 0.00371359987184], [0.00166461232584, -0.00156173261348, 0.00875894352794, -0.00292126019485, 0.000775293097831, -0.00392233300954, 0.00299046724103, -0.0124872364104, 0.0346012413502, -0.0112882079557, 0.00299205607735, 0.0016674491344, -0.00408676313236], [-0.000956615782343, 0.00255045224912, -0.00586596177891, 0.00272501842119, 0.00113220571075, 0.000964604143519, -0.00292792636901, 0.00225774222054, -0.0112882079557, 0.0330496691167, -0.01188858971, -0.000179972063052, 0.00207804841921], [0.00161672115792, -0.00397083256394, 0.0083639184013, -0.00443807337433, 0.0021868145559, -0.000509691424668, 0.00067658763146, -0.00189216539729, 0.00299205607735, -0.01188858971, 0.0385353974998, -0.0143502922729, 0.00276420288719], [-0.000830947188661, 0.00475225551054, -0.00522516435012, 0.00335768959485, -0.00275158532895, 0.00154760375153, 0.00163125002291, -0.00428963825107, 0.0016674491344, -0.000179972063052, -0.0143502922729, 0.0412577465177, -0.0160235334188], [0.00129629787989, -0.00203115819022, 0.00731409247965, -0.000424082798418, 0.00329631334171, -0.00544155901298, 0.00304725347087, 0.00371359987184, -0.00408676313236, 0.00207804841921, 0.00276420288719, -0.0160235334188, 0.0444680042565]]
    },
    "melbands": {
        "max": [5.79775078222e-05, 0.000189929953194, 0.000411123211961, 0.000710149412043, 0.000610008137301, 0.000647833338007, 0.00102246331517, 0.000854510464706, 0.00158336746972, 0.00105870980769, 0.00263155205175, 0.00112041318789, 0.00123154406901, 0.00167654023971, 0.00333447381854, 0.0022283885628, 0.00167208025232, 0.00288670090958, 0.00301943626255, 0.001760605257, 0.00077160820365, 0.00054249673849, 0.000217253371375, 0.000141483556945, 0.000116461640573, 9.69807006186e-05, 0.000108623353299, 0.000156750626047, 0.000102240279375, 9.59623503149e-05, 7.31514301151e-05, 5.22482987435e-05, 5.6618162489e-05, 5.85808884352e-05, 8.83191823959e-05, 8.24684975669e-05, 5.27801021235e-05, 4.16039219999e-05, 2.33651171584e-05, 2.24987725232e-05],
        "mean": [6.58313319946e-06, 1.53438231791e-05, 3.60792619176e-05, 4.98752378917e-05, 4.52833482996e-05, 4.63270553155e-05, 6.00525381742e-05, 7.0373476774e-05, 7.23022603779e-05, 7.14443885954e-05, 7.88692268543e-05, 8.8540953584e-05, 0.00010329746874, 0.000118073548947, 0.000128855856019, 0.000126568062115, 0.000116299721412, 0.000101482975879, 9.17674551602e-05, 7.60368493502e-05, 4.89935555379e-05, 2.62172943621e-05, 1.48687931869e-05, 8.9247505457e-06, 5.60969965591e-06, 4.52574613519e-06, 3.90322111343e-06, 3.70004727301e-06, 3.14939916279e-06, 2.84381167148e-06, 2.39411087932e-06, 1.93693108486e-06, 1.57580984705e-06, 1.34058348067e-06, 1.26198153794e-06, 1.11916779133e-06, 8.99664314602e-07, 7.13091139914e-07, 5.49634648905e-07, 4.05910753898e-07],
        "min": [1.47028073009e-24, 7.14420124786e-24, 1.19796559062e-23, 8.21069070462e-24, 3.59193179823e-24, 2.82443423239e-24, 3.35340747619e-24, 5.83793949111e-24, 6.1575961851e-24, 4.89046587355e-24, 7.25392548889e-24, 5.18572586075e-24, 6.60978387774e-24, 7.11102806907e-24, 5.65252286293e-24, 1.17623712696e-23, 1.10248738868e-23, 8.81018318296e-24, 9.84574929224e-24, 7.04310320083e-24, 8.89571384889e-24, 7.12422492316e-24, 6.06776780496e-24, 1.1182713121e-23, 7.29976540723e-24, 6.49644310389e-24, 8.00990509386e-24, 9.79718938149e-24, 7.87244923657e-24, 1.36306534284e-23, 9.06636181763e-24, 1.10493427743e-23, 1.03340691809e-23, 1.02402436426e-23, 9.80746113934e-24, 6.56666552952e-24, 1.13130116433e-23, 7.83266382567e-24, 9.51763522048e-24, 6.0314865142e-24],
        "stdev": [6.39915469947e-06, 1.65748315339e-05, 4.45145888079e-05, 7.07065337338e-05, 6.83618854964e-05, 7.49154569348e-05, 9.6508396382e-05, 0.000119123862532, 0.000128596802824, 0.00013127712009, 0.000168823637068, 0.000157855873113, 0.000176305242348, 0.000209424193599, 0.000245080183959, 0.000240703753661, 0.00021250268037, 0.000189251848496, 0.000175330002094, 0.000149657775182, 9.89999316516e-05, 5.49671894987e-05, 2.90728639811e-05, 1.77528490894e-05, 1.09132988655e-05, 9.17548641155e-06, 8.0708095993e-06, 9.4158885986e-06, 7.20415300748e-06, 7.36786250854e-06, 6.15074577581e-06, 4.68582948088e-06, 4.04640695706e-06, 3.58875445272e-06, 3.88218904845e-06, 3.57932049155e-06, 3.00005717691e-06, 2.47368666351e-06, 1.60906733981e-06, 1.14326485345e-06]
    },
    "melbands128": {
        "max": [7.96961830929e-05, 9.11511961021e-05, 7.22520417185e-05, 9.75547372946e-05, 0.000240381035837, 0.000296804035315, 0.000389900291339, 0.00064600026235, 0.000574685400352, 0.000788449135143, 0.00157133757602, 0.000998706207611, 0.000712236738764, 0.000636609038338, 0.000843528890982, 0.000898922153283, 0.00110596232116, 0.00150244205724, 0.00117276457604, 0.00103726470843, 0.00134536460973, 0.00200076214969, 0.00254301354289, 0.00158219423611, 0.00132297689561, 0.00138725584839, 0.00320433522575, 0.00346146803349, 0.0017751804553, 0.0014571902575, 0.00151405727956, 0.001757467282, 0.00160307367332, 0.00248441495933, 0.00164114311337, 0.00232871854678, 0.00410304078832, 0.00418003695086, 0.00258346530609, 0.00248666456901, 0.00397361489013, 0.00213246978819, 0.00230905134231, 0.00302643748, 0.00228358269669, 0.00233050924726, 0.00438150530681, 0.0047296565026, 0.00161414069589, 0.00183523679152, 0.00245876447298, 0.00206738221459, 0.00139139138628, 0.000808466633316, 0.00114678312093, 0.000645317777526, 0.000550788536202, 0.000288378942059, 0.000338533747708, 0.00023738713935, 0.000174462475115, 0.000182323143235, 0.000186077770195, 0.000129810345243, 0.000127317922306, 0.000123316043755, 0.000121660530567, 9.52196351136e-05, 8.63999302965e-05, 0.000145990343299, 0.0002338677441, 0.000135949769174, 0.000165792705957, 0.000100274053693, 8.63981040311e-05, 0.000141402648296, 0.000136447502882, 0.000133114255732, 8.18248445285e-05, 8.71695374371e-05, 7.51200204832e-05, 6.63098471705e-05, 0.000124458965729, 5.2724910347e-05, 8.75612313394e-05, 6.40484940959e-05, 6.76467898302e-05, 0.00011000187078, 6.38434867142e-05, 8.94044715096e-05, 0.000142372082337, 5.9919017076e-05, 4.77585454064e-05, 6.60436126054e-05, 6.48228087812e-05, 5.30994293513e-05, 6.26058536e-05, 3.94626622437e-05, 3.79608391086e-05, 1.90992159332e-05, 2.35525749304e-05, 2.7993659387e-05, 2.68413441518e-05, 2.05695887416e-05, 9.03591171664e-06, 1.17488243632e-05, 9.85763563222e-06, 9.04194803297e-06, 7.42707288737e-06, 5.39461007065e-06, 7.33493470761e-06, 2.14678834709e-06, 1.89309935195e-06, 1.49972095187e-06, 5.11004145665e-07, 9.67626476722e-08, 1.54640709127e-08, 2.04746242183e-09, 8.64008864454e-10, 1.11880900378e-10, 1.06145446599e-10, 1.01078638515e-10, 9.84819170657e-11, 9.71024025076e-11, 9.3879952423e-11, 9.2142092567e-11, 9.06382260912e-11, 9.2501541149e-11],
        "mean": [9.16169847187e-06, 7.22765707906e-06, 5.01440126754e-06, 6.18500098426e-06, 1.32829518407e-05, 2.23105143959e-05, 3.25078653987e-05, 3.86974752473e-05, 4.349113442e-05, 5.09833516844e-05, 5.39351349289e-05, 5.15693136549e-05, 4.23966666858e-05, 3.76127172785e-05, 4.45178811788e-05, 5.11537800776e-05, 5.66639355384e-05, 6.09099988651e-05, 6.48607892799e-05, 6.90725064487e-05, 7.35026551411e-05, 7.44287608541e-05, 7.26327052689e-05, 7.00803720974e-05, 6.66804116918e-05, 7.24673518562e-05, 8.09628909337e-05, 7.72862549638e-05, 8.05389136076e-05, 8.1206439063e-05, 9.32474504225e-05, 9.91235356196e-05, 0.000101832214568, 0.000108821841422, 0.000110529574158, 0.000126512401039, 0.000118715382996, 0.000133142995765, 0.000130566113512, 0.000126586121041, 0.000126482409541, 0.000127659208374, 0.00011478200031, 0.000112746180093, 0.000108106709376, 9.78631214821e-05, 9.64516657405e-05, 9.29589368752e-05, 8.99403530639e-05, 8.61715743667e-05, 7.42993142921e-05, 6.66019986966e-05, 5.72864955757e-05, 3.94244452764e-05, 3.32842791977e-05, 2.55477698374e-05, 2.03986437555e-05, 1.61773205036e-05, 1.34177835207e-05, 1.0807390936e-05, 9.32341026783e-06, 6.99253314451e-06, 5.86916530665e-06, 5.38459607924e-06, 4.81210099679e-06, 4.58116892332e-06, 4.29495457865e-06, 4.04276897825e-06, 3.79698758479e-06, 3.65160781257e-06, 3.94825565309e-06, 3.50093773704e-06, 3.52578194907e-06, 2.95928361993e-06, 2.8751701393e-06, 3.04656146e-06, 2.73511022897e-06, 2.55840609498e-06, 2.40784083871e-06, 2.16402349906e-06, 1.98669704332e-06, 1.8467890186e-06, 1.77557353709e-06, 1.54497297444e-06, 1.42591352414e-06, 1.3579546021e-06, 1.29515490244e-06, 1.32930563268e-06, 1.26978261505e-06, 1.20781135138e-06, 1.18906325497e-06, 1.09975110263e-06, 1.00890702015e-06, 8.8869865067e-07, 8.70134385877e-07, 7.28870020339e-07, 6.96734275607e-07, 6.41325868855e-07, 5.95219660227e-07, 4.71926568935e-07, 4.3417537654e-07, 3.9710127453e-07, 3.71464096816e-07, 3.28611832856e-07, 2.8306249078e-07, 2.58883261495e-07, 2.06355124988e-07, 1.76564739718e-07, 1.37924047294e-07, 1.00180436391e-07, 7.22381159335e-08, 4.79507598072e-08, 3.11554622101e-08, 1.17436051994e-08, 4.35624114559e-09, 5.76432623856e-10, 3.41304276508e-11, 4.68359682634e-12, 2.61792974451e-12, 1.86355922013e-12, 1.82219864198e-12, 1.78335460548e-12, 1.74503272075e-12, 1.70853749985e-12, 1.69013728794e-12, 1.67779581461e-12, 1.66738888321e-12, 1.65595803129e-12],
        "min": [2.01883567092e-24, 8.52461533805e-25, 1.45044758364e-24, 2.23556751323e-24, 2.90604958443e-24, 1.21750109985e-23, 7.15292999378e-24, 3.5522509114e-24, 5.82732457877e-24, 1.14393059076e-23, 7.85855345172e-24, 1.37074876917e-24, 2.88996293564e-24, 4.00279737894e-24, 3.42675615759e-24, 7.32577010836e-25, 2.54675124945e-24, 3.50873616058e-24, 2.50662090913e-24, 2.02042187298e-24, 8.14809143635e-24, 5.68278198953e-24, 5.93549279166e-24, 2.33527736229e-24, 3.76347946283e-24, 4.66622585035e-24, 6.21505563014e-24, 4.19622015644e-24, 3.48276804287e-24, 7.70972695334e-24, 3.1007800961e-24, 6.58130166033e-24, 6.51089227466e-24, 5.76263759011e-24, 5.45835263972e-24, 9.98558750946e-24, 4.3433509983e-24, 2.76959065011e-24, 3.69308545995e-24, 7.39106974612e-24, 1.31248776256e-23, 9.15930383176e-24, 1.18084612568e-23, 7.79762577971e-24, 2.30386906256e-24, 5.49058470745e-24, 1.4051416058e-23, 1.05866356215e-23, 3.99396134794e-24, 5.31933641556e-24, 6.26864413472e-24, 6.09251516042e-24, 4.61686248478e-24, 1.26976171487e-23, 9.5446292518e-24, 3.11577377811e-24, 5.3741717148e-24, 9.33087555662e-24, 5.08364370974e-24, 2.77803501167e-24, 5.50484928477e-24, 6.25172582932e-24, 9.29614753299e-24, 5.37132313807e-24, 9.19646233584e-24, 6.35649326285e-24, 4.97354988738e-24, 6.89637665018e-24, 4.73873676147e-24, 6.87578659169e-24, 1.09729415957e-23, 9.05851817365e-24, 7.31775932448e-24, 5.57422684037e-24, 6.2370052904e-24, 1.12729359316e-23, 1.88727635168e-23, 9.54045065558e-24, 7.08960734005e-24, 5.51528867556e-24, 1.89979620533e-23, 7.67514171354e-24, 7.32259977499e-24, 1.09609130446e-23, 9.74888190624e-24, 1.38883174881e-23, 6.9402838593e-24, 9.23734741883e-24, 8.32940953769e-24, 1.2966995004e-23, 8.12276663471e-24, 3.28717293965e-24, 4.8597567018e-24, 1.40910231863e-23, 1.33224612499e-23, 6.68850549077e-24, 5.8889843137e-24, 9.57358518019e-24, 5.80304383454e-24, 1.09793045477e-23, 7.85752398824e-24, 3.412615037e-24, 4.26717543385e-24, 1.0909301031e-23, 6.82373991575e-24, 7.65445699174e-24, 8.83938523595e-24, 6.34739927434e-24, 9.44648548886e-24, 1.32730186038e-23, 6.92012925204e-24, 9.01378108285e-24, 7.45938194507e-24, 7.47442394481e-24, 7.5979690289e-24, 8.65639632721e-24, 1.09543591882e-23, 1.11391309226e-23, 8.28291565366e-24, 6.98929184304e-24, 9.08880017721e-24, 9.06812728833e-24, 6.98690080564e-24, 8.35357392494e-24, 9.95478012453e-24, 8.37994948931e-24, 6.30504651563e-24, 6.80052847247e-24],
        "stdev": [9.76556202659e-06, 8.66307709657e-06, 6.10090637565e-06, 7.64716514823e-06, 1.75229506567e-05, 2.76294340438e-05, 4.48709652119e-05, 5.86505120737e-05, 6.72616297379e-05, 8.58405037434e-05, 9.72779671429e-05, 9.07708745217e-05, 7.45677389205e-05, 6.57108976156e-05, 8.27730254969e-05, 9.75328366621e-05, 0.000105784478365, 0.000112535046355, 0.000123480669572, 0.000130638713017, 0.000146295278682, 0.000160356416018, 0.000151174113853, 0.000140361327794, 0.000135704103741, 0.000150326653966, 0.000190325430594, 0.000196896886337, 0.000174483924638, 0.000164370692801, 0.000187404453754, 0.000193650339497, 0.000194139211089, 0.000221792244702, 0.000212190905586, 0.000266747549176, 0.000256695988355, 0.00029419598286, 0.00026804333902, 0.000275189027889, 0.000275891768979, 0.000257007981418, 0.000224141069339, 0.00023981789127, 0.000226195261348, 0.000203371644602, 0.000215820095036, 0.000213027378777, 0.000183625714271, 0.000167960126419, 0.000170289757079, 0.000157223417773, 0.00013285985915, 8.22726506158e-05, 7.65990480431e-05, 6.04466258665e-05, 4.60834926344e-05, 3.36357661581e-05, 3.06266665575e-05, 2.41087091126e-05, 1.98634588742e-05, 1.52582997544e-05, 1.26082350107e-05, 1.16035071187e-05, 1.08441490738e-05, 1.00052584457e-05, 9.59944918577e-06, 8.6124146037e-06, 8.58054590935e-06, 8.36250455905e-06, 1.21564125948e-05, 9.12875930226e-06, 9.47329317569e-06, 6.85177474224e-06, 7.08089601176e-06, 8.69965697348e-06, 8.14818486106e-06, 7.63792559155e-06, 6.48805826131e-06, 5.89579804e-06, 5.35511571798e-06, 4.66782239528e-06, 5.46513183508e-06, 3.97694975618e-06, 4.24208792538e-06, 3.76681055059e-06, 3.63837420991e-06, 4.49842855232e-06, 3.77689389097e-06, 3.90854620491e-06, 4.97325936522e-06, 3.38787276633e-06, 3.1004497032e-06, 3.19870900967e-06, 3.42824637301e-06, 2.57384431279e-06, 2.81217921838e-06, 2.13594512388e-06, 1.97534473045e-06, 1.25734572975e-06, 1.24018151837e-06, 1.23130894281e-06, 1.16678882023e-06, 9.54146003096e-07, 6.91213926984e-07, 7.27430744973e-07, 5.74560999667e-07, 5.20003311522e-07, 4.15471532733e-07, 2.83895900566e-07, 2.58370818074e-07, 1.3644987007e-07, 1.12683913756e-07, 6.59030661154e-08, 3.17440651543e-08, 4.81150497222e-09, 5.17930920374e-10, 6.10339209728e-11, 2.5148695626e-11, 5.94403389356e-12, 5.75367618133e-12, 5.58393392289e-12, 5.46560886827e-12, 5.37166535211e-12, 5.26926202324e-12, 5.19690497233e-12, 5.13871150493e-12, 5.14283190686e-12]
    },
    "mfcc": {
        "mean": [-760.497924805, 99.9798355103, -4.97268342972, 0.414191305637, 3.70466589928, 3.00944280624, -8.97103023529, -6.15526628494, -5.49493598938, 0.197783574462, -3.5695579052, -0.921712100506, -3.34873485565],
        "cov": [[21676.4375, -1229.59875488, -5712.78857422, -3088.51318359, -1173.59326172, 197.580001831, -486.820159912, -326.851470947, 92.0426483154, -394.596740723, -451.644805908, -174.794921875, 120.859222412], [-1229.59875488, 346.106933594, 347.369781494, 166.202987671, 80.4826126099, -15.8901805878, 31.5844554901, 15.1369895935, -10.4133701324, 25.6047878265, 26.7303657532, 6.31475782394, -12.0694208145], [-5712.78857422, 347.369781494, 1709.48974609, 901.000427246, 320.87991333, -57.7101631165, 131.08303833, 88.8624572754, -33.0717124939, 111.671272278, 123.672340393, 46.5358314514, -47.7156219482], [-3088.51318359, 166.202987671, 901.000427246, 570.681091309, 192.085800171, -38.8294715881, 67.6540527344, 47.932926178, -25.535068512, 58.1869888306, 72.3481369019, 28.5017108917, -27.9302444458], [-1173.59326172, 80.4826126099, 320.87991333, 192.085800171, 130.563369751, -5.14706802368, 23.2854614258, 25.3262443542, -3.82333922386, 20.1451873779, 23.0969543457, 11.2679662704, -7.85736846924], [197.580001831, -15.8901805878, -57.7101631165, -38.8294715881, -5.14706802368, 53.7343444824, 6.21763324738, -5.13267612457, 6.82662391663, -3.59141135216, -5.23604679108, -4.9295129776, 3.7611322403], [-486.820159912, 31.5844554901, 131.08303833, 67.6540527344, 23.2854614258, 6.21763324738, 54.7283210754, 15.1692743301, -5.65275907516, 10.2316608429, 9.38189506531, 3.3802280426, -2.98904585838], [-326.851470947, 15.1369895935, 88.8624572754, 47.932926178, 25.3262443542, -5.13267612457, 15.1692743301, 47.7797889709, 7.16580533981, 4.76316165924, 6.36073112488, 4.47568464279, -3.82837843895], [92.0426483154, -10.4133701324, -33.0717124939, -25.535068512, -3.82333922386, 6.82662391663, -5.65275907516, 7.16580533981, 42.3624229431, 5.32410049438, -2.70880365372, 1.06393241882, 0.292772948742], [-394.596740723, 25.6047878265, 111.671272278, 58.1869888306, 20.1451873779, -3.59141135216, 10.2316608429, 4.76316165924, 5.32410049438, 43.1359291077, 18.7475776672, 2.75957298279, -0.963419377804], [-451.644805908, 26.7303657532, 123.672340393, 72.3481369019, 23.0969543457, -5.23604679108, 9.38189506531, 6.36073112488, -2.70880365372, 18.7475776672, 44.2679672241, 13.6669340134, -3.257137537], [-174.794921875, 6.31475782394, 46.5358314514, 28.5017108917, 11.2679662704, -4.9295129776, 3.3802280426, 4.47568464279, 1.06393241882, 2.75957298279, 13.6669340134, 32.8332328796, 7.93302297592], [120.859222412, -12.0694208145, -47.7156219482, -27.9302444458, -7.85736846924, 3.7611322403, -2.98904585838, -3.82837843895, 0.292772948742, -0.963419377804, -3.257137537, 7.93302297592, 30.2494621277]],
        "icov": [[0.000448039383627, 8.82490130607e-05, 0.00118489761371, 0.000250617827987, 0.000554524594918, -0.000232593418332, 0.000562050729059, 4.6045955969e-05, 0.000309648545226, 3.45082617059e-06, 0.00048265690566, -0.000193527332158, 0.000679733348079], [8.82490130607e-05, 0.00383901363239, -0.000768023601267, 0.00115849950816, -0.0012661376968, 0.000719164730981, -0.000578027160373, 0.000593645032495, 0.000441094482085, -0.000248578959145, -0.000324011925841, 0.000356967939297, 0.000496377935633], [0.00118489761371, -0.000768023601267, 0.00726434541866, -0.00487233651802, 0.000854636833537, -0.000559645297471, -0.000183877244126, -0.000500840658788, 0.00047044060193, -0.00165839830879, 0.000956364674494, -0.000747689802665, 0.0023711451795], [0.000250617827987, 0.00115849950816, -0.00487233651802, 0.0125188175589, -0.00430221809074, 0.00215241964906, -5.45524890185e-05, 0.000497657572851, 0.00251044728793, 0.000162995493156, -0.00206537102349, -0.000826944247819, 0.00198210240342], [0.000554524594918, -0.0012661376968, 0.000854636833537, -0.00430221809074, 0.0175405014306, -0.00350345531479, 0.00263634650037, -0.00368696032092, -0.000164352750289, 2.83856570604e-06, 0.00188466650434, -0.00137645413633, 6.2709955273e-06], [-0.000232593418332, 0.000719164730981, -0.000559645297471, 0.00215241964906, -0.00350345531479, 0.0224232897162, -0.00669111078605, 0.00359953031875, -0.00427328702062, 0.00163729139604, -0.00165094085969, 0.00363657949492, -0.00262079806998], [0.000562050729059, -0.000578027160373, -0.000183877244126, -5.45524890185e-05, 0.00263634650037, -0.00669111078605, 0.0263822115958, -0.0065916031599, 0.00485574780032, -0.00250840210356, 0.00164962827694, -0.00114796066191, 0.000824544520583], [4.6045955969e-05, 0.000593645032495, -0.000500840658788, 0.000497657572851, -0.00368696032092, 0.00359953031875, -0.0065916031599, 0.0269495137036, -0.00672041019425, 0.00243442086503, -0.000488902849611, -0.00090283411555, 0.00140321732033], [0.000309648545226, 0.000441094482085, 0.00047044060193, 0.00251044728793, -0.000164352750289, -0.00427328702062, 0.00485574780032, -0.00672041019425, 0.0285889878869, -0.00735545018688, 0.00325761944987, -0.00383104709908, 0.00296128494665], [3.45082617059e-06, -0.000248578959145, -0.00165839830879, 0.000162995493156, 2.83856570604e-06, 0.00163729139604, -0.00250840210356, 0.00243442086503, -0.00735545018688, 0.0334736295044, -0.0118321571499, 0.00585825042799, -0.00439412286505], [0.00048265690566, -0.000324011925841, 0.000956364674494, -0.00206537102349, 0.00188466650434, -0.00165094085969, 0.00164962827694, -0.000488902849611, 0.00325761944987, -0.0118321571499, 0.0367918685079, -0.0136785367504, 0.00548027362674], [-0.000193527332158, 0.000356967939297, -0.000747689802665, -0.000826944247819, -0.00137645413633, 0.00363657949492, -0.00114796066191, -0.00090283411555, -0.00383104709908, 0.00585825042799, -0.0136785367504, 0.0411274172366, -0.0140996873379], [0.000679733348079, 0.000496377935633, 0.0023711451795, 0.00198210240342, 6.2709955273e-06, -0.00262079806998, 0.000824544520583, 0.00140321732033, 0.00296128494665, -0.00439412286505, 0.00548027362674, -0.0140996873379, 0.0408167950809]]
    },
    "spectral_contrast_coeffs": {
        "max": [-0.558465361595, -0.699652552605, -0.677652835846, -0.744675993919, -0.685126662254, -0.643489837646],
        "mean": [-0.737857401371, -0.850702524185, -0.846593856812, -0.851286232471, -0.843048930168, -0.815131247044],
        "min": [-0.954167187214, -0.974218964577, -0.972321689129, -0.96693366766, -0.957365274429, -0.959620177746],
        "stdev": [0.0592218972743, 0.0361138917506, 0.0383789204061, 0.0366925559938, 0.0379037819803, 0.0393897257745]
    },
    "spectral_contrast_valleys": {
        "max": [-6.9311542511, -4.92757368088, -4.86410951614, -4.76528310776, -5.32392168045, -7.60650110245],
        "mean": [-8.36036491394, -7.48349285126, -8.12714195251, -8.12439727783, -8.55745792389, -10.7986326218],
        "min": [-27.8890457153, -27.3314056396, -27.5835609436, -27.2232322693, -27.3788452148, -27.3203315735],
        "stdev": [1.07620215416, 1.52388560772, 2.02361321449, 2.09769248962, 1.68549692631, 1.42583024502]
    }
},
"rhythm": {
    "beats_count": 51,
    "beats_loudness": {
        "max": 0.0599863268435,
        "mean": 0.0114312898368,
        "min": 5.63487410545e-05,
        "stdev": 0.0155610851943
    },
    "bpm": 105.929222107,
    "bpm_histogram_first_peak_bpm": 105,
    "bpm_histogram_first_peak_weight": 0.620689690113,
    "bpm_histogram_second_peak_bpm": 99,
    "bpm_histogram_second_peak_spread": 0,
    "bpm_histogram_second_peak_weight": 0.119999997318,
    "danceability": 0.782383084297,
    "onset_rate": 3.75689315796,
    "beats_loudness_band_ratio": {
        "max": [0.677815198898, 0.56239336729, 0.25819426775, 0.598473131657, 0.525888800621, 0.141429483891],
        "mean": [0.266931802034, 0.191948696971, 0.140148282051, 0.217954367399, 0.181412041187, 0.0533514022827],
        "min": [0.000795992906205, 0.0107975909486, 0.0686865076423, 0.012370669283, 0.00784935615957, 0.0129965152591],
        "stdev": [0.245466321707, 0.155651122332, 0.0494116358459, 0.203115686774, 0.162003099918, 0.0285859983414]
    },
    "beats_position": [0.557278871536, 1.1261677742, 1.69505667686, 2.26394557953, 2.83283448219, 3.43655323982, 4.04027223587, 4.63238096237, 5.22448968887, 5.81659841537, 6.40870714188, 7.00081634521, 7.5464849472, 8.08054447174, 8.62621307373, 9.13705158234, 9.64789104462, 10.1587295532, 10.6695690155, 11.1804075241, 11.6912469864, 12.2136955261, 12.7361450195, 13.2585935593, 13.8042631149, 14.3499317169, 14.9188203812, 15.4877090454, 16.0565986633, 16.6603164673, 17.2640361786, 17.8329238892, 18.390203476, 18.9474830627, 19.5395908356, 20.1433105469, 20.7470283508, 21.3159179688, 21.8848075867, 22.4536952972, 23.010974884, 23.5682544708, 24.1255321503, 24.6828117371, 25.2400894165, 25.7973690033, 26.3546485901, 26.8887062073, 27.4459857941, 28.0264854431, 28.5837631226],
