{
"metadata": {
    "version": {
        "essentia": "2.1-beta5",
        "essentia_git_sha": "Undefined",
        "extractor": "music 2.0"
    },
    "audio_properties": {
        "analysis": {
            "equal_loudness": 0,
            "length": 21.1533794403,
            "sample_rate": 44100,
            "start_time": 191.4949646,
            "downmix": "mix"
        },
        "bit_rate": 192000,
        "length": 212.671569824,
        "lossless": 0,
        "number_channels": 2,
        "replay_gain": -0.0772342681885,
        "sample_rate": 44100,
        "codec": "mp3",
        "md5_encoded": "cacc1864d4136a9462174b84581e1bb5"
    },
    "tags": {
        "file_name": "Spain_Eres Tú_Mocedades.mp3",
        "encoding": ["Lavf58.29.100"]
    }
},
"lowlevel": {
    "average_loudness": 0.324157804251,
    "barkbands_crest": {
        "max": 25.2390613556,
        "mean": 9.53419017792,
        "min": 2.37516212463,
        "stdev": 5.95534944534
    },
    "barkbands_flatness_db": {
        "max": 0.37326747179,
        "mean": 0.122911565006,
        "min": 0.0197089351714,
        "stdev": 0.071168243885
    },
    "barkbands_kurtosis": {
        "max": 215.693115234,
        "mean": 5.41081476212,
        "min": -1.83700847626,
        "stdev": 17.8121681213
    },
    "barkbands_skewness": {
        "max": 12.0468587875,
        "mean": 0.885130882263,
        "min": -2.14502549171,
        "stdev": 2.19301104546
    },
    "barkbands_spread": {
        "max": 84.1717224121,
        "mean": 33.2717590332,
        "min": 0.809152305126,
        "stdev": 13.9239015579
    },
    "dissonance": {
        "max": 0.499981880188,
        "mean": 0.4862844944,
        "min": 0.404231578112,
        "stdev": 0.0117867607623
    },
    "dynamic_complexity": 5.71177768707,
    "erbbands_crest": {
        "max": 21.8029117584,
        "mean": 5.99050331116,
        "min": 2.71007800102,
        "stdev": 2.54276514053
    },
    "erbbands_flatness_db": {
        "max": 0.267142832279,
        "mean": 0.13630181551,
        "min": 0.0630947798491,
        "stdev": 0.0292154364288
    },
    "erbbands_kurtosis": {
        "max": 9.26166820526,
        "mean": -0.119589887559,
        "min": -1.7629750967,
        "stdev": 1.15564870834
    },
    "erbbands_skewness": {
        "max": 2.70558357239,
        "mean": -0.524768054485,
        "min": -2.29324769974,
        "stdev": 0.559632837772
    },
    "erbbands_spread": {
        "max": 110.046073914,
        "mean": 49.1975135803,
        "min": 18.5956687927,
        "stdev": 17.8671607971
    },
    "hfc": {
        "max": 108.345870972,
        "mean": 20.1737594604,
        "min": 1.0548754434e-16,
        "stdev": 19.1359958649
    },
    "loudness_ebu128": {
        "integrated": -22.4952411652,
        "loudness_range": 10.1671829224,
        "momentary": {
            "max": -17.6697673798,
            "mean": -70.9725112915,
            "min": -300.691009521,
            "stdev": 99.9153442383
        },
        "short_term": {
            "max": -19.9374313354,
            "mean": -40.0537109375,
            "min": -300.691009521,
            "stdev": 53.7553520203
        }
    },
    "melbands_crest": {
        "max": 29.9350414276,
        "mean": 11.355381012,
        "min": 1.47612476349,
        "stdev": 7.11508512497
    },
    "melbands_flatness_db": {
        "max": 0.471790879965,
        "mean": 0.139134064317,
        "min": 0.00234219501726,
        "stdev": 0.112774632871
    },
    "melbands_kurtosis": {
        "max": 374.691925049,
        "mean": 19.5901241302,
        "min": -1.57170903683,
        "stdev": 41.5351257324
    },
    "melbands_skewness": {
        "max": 15.5401210785,
        "mean": 2.78502511978,
        "min": -0.296131759882,
        "stdev": 2.74256110191
    },
    "melbands_spread": {
        "max": 177.033493042,
        "mean": 57.2728843689,
        "min": 0.607408583164,
        "stdev": 44.5215263367
    },
    "pitch_salience": {
        "max": 0.889437019825,
        "mean": 0.575398683548,
        "min": 0.0528682842851,
        "stdev": 0.208176583052
    },
    "silence_rate_20dB": {
        "max": 1,
        "mean": 0.997807025909,
        "min": 0,
        "stdev": 0.0467775128782
    },
    "silence_rate_30dB": {
        "max": 1,
        "mean": 0.906798243523,
        "min": 0,
        "stdev": 0.290718317032
    },
    "silence_rate_60dB": {
        "max": 1,
        "mean": 0.282894730568,
        "min": 0,
        "stdev": 0.45040422678
    },
    "spectral_centroid": {
        "max": 11937.8613281,
        "mean": 3789.22998047,
        "min": 252.883544922,
        "stdev": 3349.64794922
    },
    "spectral_complexity": {
        "max": 43,
        "mean": 17.6458339691,
        "min": 0,
        "stdev": 12.4066886902
    },
    "spectral_decrease": {
        "max": 3.07753414016e-23,
        "mean": -8.77822614598e-09,
        "min": -1.35932154421e-07,
        "stdev": 1.29507400359e-08
    },
    "spectral_energy": {
        "max": 0.518927931786,
        "mean": 0.0349608287215,
        "min": 9.84519654687e-21,
        "stdev": 0.0499910824001
    },
    "spectral_energyband_high": {
        "max": 0.0140974223614,
        "mean": 0.00134883681312,
        "min": 7.03836108656e-21,
        "stdev": 0.00154190056492
    },
    "spectral_energyband_low": {
        "max": 0.503067493439,
        "mean": 0.0254486016929,
        "min": 1.54568112037e-23,
        "stdev": 0.0443083494902
    },
    "spectral_energyband_middle_high": {
        "max": 0.0154843330383,
        "mean": 0.00279475841671,
        "min": 1.1973993715e-21,
        "stdev": 0.00247779255733
    },
    "spectral_energyband_middle_low": {
        "max": 0.114627301693,
        "mean": 0.00617243954912,
        "min": 1.68470447584e-22,
        "stdev": 0.0096640503034
    },
    "spectral_entropy": {
        "max": 9.8189907074,
        "mean": 8.20442199707,
        "min": 6.46561098099,
        "stdev": 0.796805262566
    },
    "spectral_flux": {
        "max": 0.572578132153,
        "mean": 0.0714946389198,
        "min": 6.27090046557e-11,
        "stdev": 0.0666382312775
    },
    "spectral_kurtosis": {
        "max": 7.57229614258,
        "mean": 1.72312140465,
        "min": -1.26666212082,
        "stdev": 1.57362508774
    },
    "spectral_rms": {
        "max": 0.0225004702806,
        "mean": 0.00434895791113,
        "min": 3.09920470364e-12,
        "stdev": 0.00389803783037
    },
    "spectral_rolloff": {
        "max": 19939.7460938,
        "mean": 5393.02734375,
        "min": 64.599609375,
        "stdev": 6443.0703125
    },
    "spectral_skewness": {
        "max": 2.12690877914,
        "mean": 0.849295794964,
        "min": -0.11878875643,
        "stdev": 0.425724804401
    },
    "spectral_spread": {
        "max": 42738108,
        "mean": 10916017,
        "min": 2976442,
        "stdev": 13482492
    },
    "spectral_strongpeak": {
        "max": 8.62725734711,
        "mean": 0.429845809937,
        "min": 0,
        "stdev": 0.583262205124
    },
    "zerocrossingrate": {
        "max": 0.53466796875,
        "mean": 0.160197481513,
        "min": 0.00439453125,
        "stdev": 0.162112995982
    },
    "barkbands": {
        "max": [0.00553400116041, 0.398711174726, 0.131670951843, 0.0269243456423, 0.0183725506067, 0.106261402369, 0.00465675909072, 0.00635467516258, 0.00915272068232, 0.00249836058356, 0.000897499383427, 0.000262989284238, 0.000207408404094, 0.00052595307352, 0.00134093360975, 0.00191909726709, 0.0065080858767, 0.00868908315897, 0.00529169337824, 0.0111774476245, 0.00271869939752, 0.00448580412194, 0.00267972005531, 0.00447744503617, 0.00105795846321, 0.000176586007001, 1.13720524553e-07],
        "mean": [0.000132890694658, 0.0188935119659, 0.00569194555283, 0.00098571088165, 0.000471824459964, 0.00316390488297, 0.000408032647101, 0.000377216783818, 0.000647933571599, 0.000202098904992, 7.32402768335e-05, 1.74506876647e-05, 2.4331635359e-05, 7.22898548702e-05, 0.000165120218298, 0.000246287352638, 0.000545534014236, 0.000477415072965, 0.000525420357008, 0.000704406120349, 0.00039297688636, 0.000280743814074, 0.000169074861333, 0.00015892778174, 0.000117495539598, 1.50871064761e-05, 8.87649420633e-09],
        "min": [3.79475055006e-25, 3.41236023493e-24, 1.95950701996e-24, 1.69909989362e-24, 6.8226733758e-24, 8.33941387169e-24, 9.45159494094e-24, 3.33094505634e-24, 1.79030026065e-23, 1.28394425065e-23, 1.3167308876e-23, 2.19971275957e-23, 2.67250707678e-23, 3.94984643174e-23, 4.71130136248e-23, 5.55185222074e-23, 5.89532793867e-23, 7.4206529767e-23, 9.93939938792e-23, 1.40705774894e-22, 2.47071866604e-22, 3.10295193273e-22, 3.97539170422e-22, 5.32417749716e-22, 7.9811453394e-22, 1.31680751754e-21, 1.78657178847e-21],
        "stdev": [0.000417141418438, 0.0351391509175, 0.0129827242345, 0.00210695806891, 0.00110638234764, 0.00805169343948, 0.000562255445402, 0.000506061711349, 0.00100255291909, 0.000309800409013, 0.000125364225823, 2.79699997918e-05, 3.08151466015e-05, 8.24767921586e-05, 0.000207313525607, 0.000310701259878, 0.000782403047197, 0.000712451816071, 0.000604840286542, 0.000986262224615, 0.000487112411065, 0.000388360698707, 0.000234838371398, 0.000258246407611, 0.000177490976057, 2.51834680967e-05, 1.27120420856e-08]
    },
    "erbbands": {
        "max": [10.7573642731, 108.72996521, 188.418121338, 141.041275024, 24.0741252899, 44.7807884216, 654.092834473, 612.148010254, 61.9166793823, 69.8206558228, 151.483581543, 233.582778931, 98.1478118896, 35.5612449646, 17.4325027466, 8.96285438538, 8.05263900757, 30.1334781647, 54.981048584, 104.328018188, 117.329063416, 458.110595703, 459.948577881, 278.571289062, 407.258911133, 342.423583984, 124.052848816, 147.406478882, 202.930938721, 117.239181519, 79.5435409546, 79.9903182983, 82.33959198, 16.4431686401, 6.95382499695, 1.77131378651, 0.0442273281515, 0.00161375221796, 0.000312618853059, 0.000576711841859],
        "mean": [0.398220986128, 4.66278600693, 7.7121052742, 5.19046401978, 1.265822649, 1.88674175739, 21.5515079498, 18.3634738922, 5.48785591125, 7.80293798447, 10.9448442459, 13.4228239059, 9.01872730255, 4.16284036636, 1.45887446404, 0.853555381298, 1.12546765804, 2.95554280281, 6.03162813187, 11.1324081421, 15.1715898514, 34.8152275085, 28.8659687042, 30.2063407898, 31.2313194275, 26.9857501984, 16.5246772766, 14.4890584946, 8.69201946259, 9.30129051208, 4.62188386917, 3.02387189865, 2.99962949753, 1.71714448929, 0.671864449978, 0.168684735894, 0.00438887672499, 0.000227383206948, 3.76444295398e-05, 4.44872057415e-05],
        "min": [6.4277920103e-23, 5.70213501946e-22, 2.02141838101e-21, 4.34321601158e-21, 1.13752294563e-20, 1.94305792176e-20, 3.77221501188e-20, 6.86686182709e-20, 1.13463098004e-19, 2.1134880826e-19, 1.88837682425e-19, 4.2254784513e-19, 4.2186989307e-19, 5.59232772211e-19, 7.60008118441e-19, 1.06403395819e-18, 1.26055573491e-18, 1.90819152224e-18, 2.12042290636e-18, 3.20078861516e-18, 3.79200603182e-18, 3.70896412935e-18, 4.84513226946e-18, 6.50009071897e-18, 5.93442532503e-18, 7.41399997798e-18, 8.92410007707e-18, 1.08314420848e-17, 9.67153055241e-18, 9.07704494515e-18, 1.19690892239e-17, 1.148960571e-17, 9.38703501561e-18, 7.5556281881e-18, 6.09607626905e-18, 3.87198695243e-18, 2.07813536549e-18, 9.09324196873e-19, 2.42273705092e-19, 2.65276887069e-20],
        "stdev": [0.834796726704, 8.82376766205, 16.0993671417, 10.6080646515, 2.35956740379, 3.67692708969, 56.8969192505, 42.8493728638, 6.88379430771, 9.51462078094, 14.6588153839, 21.6748409271, 13.2947244644, 5.48916769028, 1.89447414875, 1.20902776718, 1.25193691254, 3.36895847321, 7.48234224319, 13.6686429977, 16.4302501678, 52.2352333069, 39.8320236206, 36.5205459595, 39.8943367004, 33.6940498352, 18.9611816406, 19.6939601898, 11.6393547058, 14.7019004822, 6.38912725449, 4.96182012558, 5.0276222229, 2.69283819199, 1.01647019386, 0.266375601292, 0.00637517450377, 0.000248003721936, 4.1729050281e-05, 5.7647270296e-05]
    },
    "gfcc": {
        "mean": [-235.885482788, 51.1270904541, -95.9021835327, 63.1507377625, -60.7134208679, 4.55227184296, -35.9512901306, 28.6221408844, -7.97499132156, 4.43733978271, -13.7315788269, -4.12384319305, 0.324397563934],
        "cov": [[237595.453125, 12663.0605469, -20622.3789062, 14883.0908203, -13439.6523438, 1258.3359375, -7609.91113281, 6698.89794922, -1752.76037598, 994.586669922, -2617.47216797, -896.169311523, 397.317169189], [12663.0605469, 1240.12731934, -636.608825684, 1001.86517334, -513.103088379, -74.3613891602, -275.251586914, 337.075836182, -92.9452819824, -6.79571723938, -29.1500720978, -44.4799613953, 77.790435791], [-20622.3789062, -636.608825684, 2707.75366211, -866.072631836, 1443.29125977, -188.716918945, 923.760009766, -501.046447754, 159.423904419, -141.211105347, 401.223846436, 93.7586517334, 23.771232605], [14883.0908203, 1001.86517334, -866.072631836, 1234.05053711, -689.707519531, -10.8059434891, -366.005767822, 460.417236328, -89.6930847168, 19.5397815704, -84.8673324585, -43.2664337158, 54.3205451965], [-13439.6523438, -513.103088379, 1443.29125977, -689.707519531, 926.200195312, -85.9447097778, 529.595214844, -365.551452637, 98.2309112549, -84.9724197388, 205.348495483, 46.2150993347, -7.16847133636], [1258.3359375, -74.3613891602, -188.716918945, -10.8059434891, -85.9447097778, 192.940048218, -3.00735497475, 47.6047973633, -38.9417610168, 29.8793735504, -38.4698104858, -34.7126960754, -37.0593643188], [-7609.91113281, -275.251586914, 923.760009766, -366.005767822, 529.595214844, -3.00735497475, 403.210113525, -170.633407593, 48.7935218811, -42.044090271, 160.641906738, 25.9605369568, 1.97462487221], [6698.89794922, 337.075836182, -501.046447754, 460.417236328, -365.551452637, 47.6047973633, -170.633407593, 252.663085938, -25.6878566742, 35.1111526489, -68.2948532104, -24.1889762878, 9.50755214691], [-1752.76037598, -92.9452819824, 159.423904419, -89.6930847168, 98.2309112549, -38.9417610168, 48.7935218811, -25.6878566742, 88.2229003906, 6.98973703384, 12.728228569, 11.6670713425, 5.59527349472], [994.586669922, -6.79571723938, -141.211105347, 19.5397815704, -84.9724197388, 29.8793735504, -42.044090271, 35.1111526489, 6.98973703384, 50.1217803955, -5.02301836014, 2.54751324654, -2.30876779556], [-2617.47216797, -29.1500720978, 401.223846436, -84.8673324585, 205.348495483, -38.4698104858, 160.641906738, -68.2948532104, 12.728228569, -5.02301836014, 139.435272217, 41.0281639099, 34.3617973328], [-896.169311523, -44.4799613953, 93.7586517334, -43.2664337158, 46.2150993347, -34.7126960754, 25.9605369568, -24.1889762878, 11.6670713425, 2.54751324654, 41.0281639099, 49.3037986755, 29.677854538], [397.317169189, 77.790435791, 23.771232605, 54.3205451965, -7.16847133636, -37.0593643188, 1.97462487221, 9.50755214691, 5.59527349472, -2.30876779556, 34.3617973328, 29.677854538, 61.8946914673]],
        "icov": [[0.000567596696783, -0.00159522600006, 0.0011637751013, -0.00245055858977, 0.001899584895, -0.00182660261635, 0.00134879362304, -0.00205370620824, 0.000845046539325, -0.000558776664548, -0.000414275535149, 0.000205594798899, -0.000501969538163], [-0.00159522600006, 0.0074823605828, -0.00294603733346, 0.00470051262528, -0.00561064202338, 0.00651687197387, -0.00391069566831, 0.00586228864267, -0.00118500785902, 0.00170340726618, -0.000123996607726, 0.00312658073381, -0.000940914032981], [0.0011637751013, -0.00294603733346, 0.00608991924673, -0.00616060337052, 0.000425146368798, -0.00197732588276, -0.00149082415737, -0.00368155376054, 0.00148508243728, -0.00105901493225, -0.00127292319667, -0.000177597830771, -0.000603606807999], [-0.00245055858977, 0.00470051262528, -0.00616060337052, 0.0167959295213, -0.00797570310533, 0.00774594210088, -0.00147758959793, 0.000254576269072, -0.00277296174318, 0.00614363048226, -0.00152134976815, 0.000123747362522, 0.00243578245863], [0.001899584895, -0.00561064202338, 0.000425146368798, -0.00797570310533, 0.0203459020704, -0.00638101762161, -0.0019051207928, 0.0013618619414, -0.00117902376223, 0.00174263375811, -0.000401671248255, 3.57968383469e-06, 0.000474315136671], [-0.00182660261635, 0.00651687197387, -0.00197732588276, 0.00774594210088, -0.00638101762161, 0.0175506155938, -0.0111661553383, 0.00418892269954, 0.00337589881383, -0.005176900886, 0.00444027315825, 0.00402746396139, 0.00208388525061], [0.00134879362304, -0.00391069566831, -0.00149082415737, -0.00147758959793, -0.0019051207928, -0.0111661553383, 0.0290255155414, -0.0158920921385, 0.00135167792905, 0.00589832570404, -0.0148980617523, 0.0062965922989, -0.00191550026648], [-0.00205370620824, 0.00586228864267, -0.00368155376054, 0.000254576269072, 0.0013618619414, 0.00418892269954, -0.0158920921385, 0.0349990576506, -0.00896231178194, -0.00442519597709, 0.00942936632782, -0.00454026274383, 0.0023898826912], [0.000845046539325, -0.00118500785902, 0.00148508243728, -0.00277296174318, -0.00117902376223, 0.00337589881383, 0.00135167792905, -0.00896231178194, 0.0210638530552, -0.0110516138375, 0.00463203852996, 0.00195516762324, -0.00467906333506], [-0.000558776664548, 0.00170340726618, -0.00105901493225, 0.00614363048226, 0.00174263375811, -0.005176900886, 0.00589832570404, -0.00442519597709, -0.0110516138375, 0.0404828041792, -0.0144857596606, -0.00276128575206, 0.00592982396483], [-0.000414275535149, -0.000123996607726, -0.00127292319667, -0.00152134976815, -0.000401671248255, 0.00444027315825, -0.0148980617523, 0.00942936632782, 0.00463203852996, -0.0144857596606, 0.029728712514, -0.0125623513013, -0.00516173290089], [0.000205594798899, 0.00312658073381, -0.000177597830771, 0.000123747362522, 3.57968383469e-06, 0.00402746396139, 0.0062965922989, -0.00454026274383, 0.00195516762324, -0.00276128575206, -0.0125623513013, 0.0451423563063, -0.0173321589828], [-0.000501969538163, -0.000940914032981, -0.000603606807999, 0.00243578245863, 0.000474315136671, 0.00208388525061, -0.00191550026648, 0.0023898826912, -0.00467906333506, 0.00592982396483, -0.00516173290089, -0.0173321589828, 0.0314724519849]]
    },
    "melbands": {
        "max": [0.0946913585067, 0.118305400014, 0.0204655025154, 0.00132581801154, 0.0178579986095, 0.015588670969, 0.000948625383899, 0.000730666564777, 0.00121606676839, 0.00155959255062, 0.000485930038849, 0.000150079780724, 7.94971347204e-05, 4.03637968702e-05, 3.04880759359e-05, 2.2552711016e-05, 6.08529262536e-05, 8.11443678685e-05, 0.000115526505397, 0.000143615965499, 0.000149191357195, 0.000521751353517, 0.000454421708127, 0.000391911715269, 0.000229696932365, 0.000329191068886, 0.00070969859371, 0.000133382389322, 0.000106939034595, 7.27561709937e-05, 8.22431320557e-05, 0.000104857484985, 9.30245005293e-05, 7.02580146026e-05, 4.69948681712e-05, 3.85482271668e-05, 5.11180551257e-05, 6.929407391e-05, 2.45854243985e-05, 1.56575297297e-05],
        "mean": [0.00458135316148, 0.00480783823878, 0.000782588205766, 7.13326953701e-05, 0.000597296981141, 0.000461149495095, 8.1420999777e-05, 8.44733440317e-05, 0.000102075238829, 8.23309237603e-05, 4.33664572483e-05, 1.65280962392e-05, 7.18860746929e-06, 1.45276692365e-06, 3.45917169398e-06, 1.89800357475e-06, 6.04845399721e-06, 8.43225097924e-06, 1.41840482684e-05, 1.6062755094e-05, 1.68033548107e-05, 3.58912548108e-05, 2.82366036117e-05, 2.26880329137e-05, 2.51496276178e-05, 1.72827676579e-05, 3.22335217788e-05, 1.38019568112e-05, 1.1285634173e-05, 8.4476732809e-06, 7.75113312557e-06, 4.73462250739e-06, 5.26421672475e-06, 4.58536260339e-06, 2.53102416536e-06, 2.40408439822e-06, 1.57604495143e-06, 2.29059628509e-06, 1.74169201728e-06, 1.31589752073e-06],
        "min": [1.37967295538e-24, 1.11849057599e-24, 1.76166326873e-24, 8.9947419249e-25, 1.40664046124e-24, 1.50957842773e-24, 1.86174802392e-24, 2.0626166623e-24, 1.7812416131e-24, 2.3713807649e-24, 1.68872045626e-24, 1.98784546747e-24, 2.77607350903e-24, 1.6667059122e-24, 2.14609333164e-24, 2.59704468203e-24, 3.37639172752e-24, 2.45344675373e-24, 3.90255997915e-24, 3.83455109722e-24, 3.50019910786e-24, 3.54770667816e-24, 2.80660242606e-24, 3.13637468344e-24, 3.97230474951e-24, 3.36318067394e-24, 4.55768608397e-24, 4.69108285748e-24, 3.82991851156e-24, 4.53984165587e-24, 4.90906169167e-24, 5.47291027887e-24, 5.17442661158e-24, 4.19799193803e-24, 5.47883935743e-24, 6.76585014708e-24, 6.18285945559e-24, 5.66499790929e-24, 5.47194195211e-24, 6.04309696901e-24],
        "stdev": [0.00856097042561, 0.00906589999795, 0.00158067187294, 0.00012146152585, 0.00154086283874, 0.0011104476871, 0.000107766165456, 0.000103407313873, 0.000148083476233, 0.000141231736052, 6.54971954646e-05, 2.22649268835e-05, 1.09142156361e-05, 2.64305481323e-06, 5.28912642039e-06, 2.36068171944e-06, 7.12789415047e-06, 1.09626789708e-05, 1.77691163117e-05, 2.11546357605e-05, 1.97718491108e-05, 5.6165670685e-05, 3.90344830521e-05, 3.15668148687e-05, 3.22954001604e-05, 2.17967572098e-05, 5.55844417249e-05, 1.64329267136e-05, 1.4142746295e-05, 1.03658994703e-05, 1.0853132153e-05, 6.35736932963e-06, 8.11528479971e-06, 7.16852036931e-06, 3.52486495103e-06, 3.79233347303e-06, 2.82608925772e-06, 4.4285666263e-06, 2.36459163716e-06, 2.28805288316e-06]
    },
    "melbands128": {
        "max": [0.00552357826382, 0.077327363193, 0.156011328101, 0.225774556398, 0.143057733774, 0.0620674602687, 0.0327319167554, 0.00823163241148, 0.000868595729116, 0.00104364543222, 0.00244701141492, 0.00856383424252, 0.0190077256411, 0.0476817637682, 0.0140538075939, 0.00264457054436, 0.000760500668548, 0.00176054798067, 0.00198005023412, 0.000971537898295, 0.00138195056934, 0.00230746599846, 0.00173758203164, 0.00229691620916, 0.00184676796198, 0.00334017560817, 0.000853418372571, 0.000973921851255, 0.000439742958406, 0.000236822408624, 0.000253089703619, 0.000267248280579, 6.09753587923e-05, 5.34513237653e-05, 4.33596287621e-05, 6.89967419021e-05, 3.1854131521e-05, 6.13981319475e-05, 5.51786688447e-05, 2.85180140054e-05, 3.336284135e-05, 4.02947262046e-05, 0.000114631344331, 7.31900290702e-05, 0.000108501903014, 0.00011608753266, 0.000125302118249, 0.000185978075024, 0.000159136907314, 0.000212644212297, 0.00021419924451, 0.000263462774456, 0.000212237035157, 0.000175040375325, 0.000193209256395, 0.000880926963873, 0.00111948943231, 0.000709314423148, 0.000732836720999, 0.00109040853567, 0.000327268615365, 0.00036680381163, 0.000646747357678, 0.000437178183347, 0.000187947938684, 0.000667865911964, 0.000168482889421, 0.000330563954776, 0.00164410553407, 0.000198624416953, 0.000105839601019, 0.000269984826446, 0.000129849941004, 0.000210314494325, 0.000159505652846, 0.000130335291033, 8.56509650475e-05, 0.00027035275707, 8.81170271896e-05, 7.06949285814e-05, 6.41758160782e-05, 0.000203690622584, 0.00020070138271, 9.35408897931e-05, 0.000173823122168, 7.90724297985e-05, 7.80338159529e-05, 4.97530709254e-05, 3.6355741031e-05, 6.55106050544e-05, 3.84340091841e-05, 3.87153122574e-05, 6.94429327268e-05, 5.57707826374e-05, 4.26854057878e-05, 7.19891759218e-05, 8.57376580825e-05, 6.12618605373e-05, 3.94635935663e-05, 2.06154563784e-05, 3.50698901457e-05, 1.74357846845e-05, 7.95410232968e-06, 5.62523518965e-06, 1.33533358166e-05, 1.26229151647e-05, 1.13670230348e-05, 7.99695226306e-06, 2.89211538984e-06, 1.61173119295e-08, 1.54842805244e-08, 6.55834675456e-09, 1.14774154625e-08, 7.27233295805e-09, 5.90196336248e-09, 9.00911611978e-09, 4.41496217363e-09, 3.35180744271e-10, 2.64474692147e-10, 2.17821399806e-10, 1.77563574955e-10, 1.49398438065e-10, 1.36050504196e-10, 1.34668831642e-10, 1.31497257527e-10, 1.30116140085e-10, 1.29272870186e-10, 1.28361488105e-10],
        "mean": [0.000128572632093, 0.00218634773046, 0.00703123072162, 0.0081242499873, 0.00489290524274, 0.00255948887207, 0.00110734987538, 0.000353119510692, 6.42714294372e-05, 3.40044389304e-05, 7.39482784411e-05, 0.000163858916494, 0.000750708684791, 0.0012223435333, 0.000398287025746, 0.000118872827443, 6.91766326781e-05, 7.06354112481e-05, 0.000105155886558, 8.33936719573e-05, 8.35833197925e-05, 6.0245176428e-05, 0.000104661208752, 0.00015673507005, 7.20422685845e-05, 7.49601749703e-05, 4.51920968771e-05, 5.31879850314e-05, 2.59227617789e-05, 1.24945181597e-05, 1.61545522133e-05, 1.79359994945e-05, 4.53131178801e-06, 2.21478512685e-06, 1.27170153519e-06, 1.02833610072e-06, 1.72836394086e-06, 5.21260017194e-06, 3.18863453685e-06, 1.59437036018e-06, 1.6377442762e-06, 2.0925631361e-06, 5.3286421462e-06, 9.63845923252e-06, 6.14428336121e-06, 8.20502373244e-06, 1.0008218851e-05, 1.55577035912e-05, 1.47922610267e-05, 1.44814457599e-05, 1.71405408764e-05, 1.64281264006e-05, 1.71354076883e-05, 1.622291893e-05, 1.76534176717e-05, 4.191770131e-05, 5.36208499398e-05, 1.90451537492e-05, 2.2247844754e-05, 3.59779442078e-05, 1.78155023605e-05, 1.56194564624e-05, 3.45002772519e-05, 2.5422867111e-05, 1.47576738527e-05, 2.04532952921e-05, 1.38875257107e-05, 2.42575752054e-05, 5.33912316314e-05, 1.48259068737e-05, 1.16202500067e-05, 1.43802635648e-05, 1.09807806439e-05, 1.28226720335e-05, 7.41858411857e-06, 8.14026498119e-06, 6.84924862071e-06, 1.38411442094e-05, 6.26883320365e-06, 4.72481269753e-06, 4.76739478472e-06, 5.06033802594e-06, 3.8856651372e-06, 3.52841243512e-06, 9.17574561754e-06, 5.45947932551e-06, 2.96012217404e-06, 2.60595447799e-06, 2.4877335818e-06, 2.40876488533e-06, 2.91444644063e-06, 2.28562339544e-06, 1.64980758655e-06, 1.52779330165e-06, 1.50405617205e-06, 2.1130940695e-06, 2.87298735202e-06, 1.66797781276e-06, 2.06528807212e-06, 1.23580787204e-06, 2.04236380341e-06, 1.25122255668e-06, 6.98702194768e-07, 4.58794175984e-07, 8.53345966334e-07, 8.43185205213e-07, 6.82225902437e-07, 6.57273858451e-07, 1.60682645856e-07, 1.22218113408e-09, 1.13779397015e-09, 9.99328508833e-10, 1.05523878524e-09, 9.48870426676e-10, 8.76832551011e-10, 6.63543553436e-10, 3.05207720208e-10, 8.36656698783e-12, 6.87764775686e-12, 6.67611061919e-12, 6.49832531535e-12, 6.36514365521e-12, 6.21593922168e-12, 6.08862136056e-12, 6.00330158848e-12, 5.94172194085e-12, 5.92017407319e-12, 5.86235834182e-12],
        "min": [3.77883602085e-26, 7.61946573509e-26, 1.72804541891e-26, 2.73078894877e-25, 5.59591203501e-25, 8.59456363452e-25, 2.0392106169e-25, 8.35151263139e-25, 1.70715613562e-25, 2.4557025508e-25, 3.87036089567e-25, 6.10866472087e-25, 2.70544580611e-25, 6.49772105856e-25, 2.5030107858e-25, 2.95759631978e-25, 5.50603316777e-25, 2.06571634331e-25, 7.40600564407e-25, 7.0921336671e-25, 3.88908352318e-25, 2.53612075711e-25, 9.53337417883e-25, 9.43472317833e-25, 1.1896052033e-24, 8.6101022222e-25, 8.67609240908e-25, 5.88571931702e-25, 6.96788807453e-25, 9.68957751275e-25, 7.41327992769e-25, 7.883982383e-25, 1.5403475529e-24, 2.46553249723e-25, 6.16264943084e-25, 4.82456581403e-25, 1.51543443805e-24, 9.73528115537e-25, 5.68156211475e-25, 1.28785368753e-24, 9.39614097753e-25, 7.59553243478e-25, 6.81373775112e-25, 1.23164508006e-24, 1.48816065694e-24, 1.47853714554e-24, 1.55800580984e-24, 1.4080633691e-24, 1.31017115418e-24, 7.7464331443e-25, 1.92484703558e-24, 1.22734499926e-24, 1.89621020143e-24, 1.76309840393e-24, 1.54711814884e-24, 2.22581541751e-24, 8.71740111038e-25, 2.04208655724e-24, 1.67981263892e-24, 2.64231484559e-24, 1.88572485949e-24, 2.46346666774e-24, 2.54918626585e-24, 2.39595358489e-24, 2.072858049e-24, 1.71185419674e-24, 2.32295200229e-24, 3.01780277571e-24, 2.49076717152e-24, 2.48300754122e-24, 2.56509660423e-24, 2.72541266448e-24, 2.55720188151e-24, 2.37105535978e-24, 2.5479408517e-24, 3.18764413417e-24, 2.959319192e-24, 3.00799743187e-24, 2.84286478415e-24, 2.43179981885e-24, 3.26332133575e-24, 2.49982743623e-24, 3.08894599923e-24, 3.27156572107e-24, 2.19796862755e-24, 2.96031710104e-24, 2.96988618104e-24, 3.52396117605e-24, 2.63779348931e-24, 3.49199771546e-24, 3.73847888302e-24, 2.93999663577e-24, 3.02125818369e-24, 3.66040729138e-24, 3.60408143946e-24, 4.57387627076e-24, 3.02639209046e-24, 2.59343307959e-24, 4.11571887321e-24, 4.46159848698e-24, 4.46715127889e-24, 3.54813424077e-24, 4.24440417496e-24, 4.06754392659e-24, 4.45095990881e-24, 5.05407680858e-24, 4.42643737871e-24, 4.3482936063e-24, 4.89840181426e-24, 4.99714313933e-24, 5.41282313815e-24, 4.27326977877e-24, 4.46482019492e-24, 5.26552781878e-24, 4.48327125706e-24, 5.04913656716e-24, 5.12886200569e-24, 3.6191829982e-24, 6.20665899467e-24, 5.14822735762e-24, 4.92575438285e-24, 5.03003272262e-24, 6.06894517986e-24, 5.71588417084e-24, 5.19681803394e-24, 4.94539031407e-24, 4.61799844448e-24, 6.14779734936e-24],
        "stdev": [0.000397851981688, 0.00589449796826, 0.0134119074792, 0.0165656823665, 0.0105428760871, 0.00579499918967, 0.00236981501803, 0.000757632078603, 0.000128803469124, 7.09981031832e-05, 0.000161686737556, 0.000469428428914, 0.00199941499159, 0.00354367261752, 0.00095863948809, 0.000231723548495, 9.94945366983e-05, 0.000128851665067, 0.000192492530914, 0.000116770970635, 0.000139693453093, 0.000119957068819, 0.000177154055564, 0.000300464162137, 0.000140655363793, 0.000233511760598, 7.72926578065e-05, 0.000108095031464, 4.12028784922e-05, 2.30761961575e-05, 3.25257533405e-05, 3.45711086993e-05, 6.84625865688e-06, 4.18204081143e-06, 2.70084524345e-06, 4.15440308643e-06, 3.86687861464e-06, 9.61870318861e-06, 5.6697135733e-06, 2.72002785096e-06, 2.57076180787e-06, 3.72686417904e-06, 8.07353080745e-06, 1.24870512082e-05, 9.52993104875e-06, 1.36079452204e-05, 1.69922604982e-05, 2.30450968957e-05, 2.00483482331e-05, 2.37008298427e-05, 2.787847734e-05, 2.49905551755e-05, 2.42054484261e-05, 2.33320170082e-05, 2.44068050961e-05, 7.90206395322e-05, 0.00010817378643, 4.2466497689e-05, 4.34766407125e-05, 7.25880381651e-05, 2.81147167698e-05, 2.78428633465e-05, 5.86854803259e-05, 3.95110655518e-05, 2.07600205613e-05, 3.77426731575e-05, 1.80019815161e-05, 3.79903322028e-05, 0.000114835689601, 2.15660948015e-05, 1.39671547004e-05, 2.62266166828e-05, 1.52116072059e-05, 2.32673646678e-05, 1.17979225251e-05, 1.14942913569e-05, 9.69909160631e-06, 2.82679957309e-05, 9.4348388302e-06, 6.97571431374e-06, 6.73374552207e-06, 9.36140440899e-06, 8.50981268741e-06, 5.71975806452e-06, 1.97766094061e-05, 9.47772514337e-06, 5.31617661181e-06, 4.0512486521e-06, 3.57603198609e-06, 4.13120460507e-06, 4.83496023662e-06, 4.05649052482e-06, 3.77776996174e-06, 3.07198911287e-06, 2.76499463325e-06, 4.67202289656e-06, 6.60945806885e-06, 3.07873187921e-06, 3.39115445058e-06, 2.01059287974e-06, 4.55283770862e-06, 2.30864543482e-06, 1.1264251043e-06, 7.13793269824e-07, 1.63407401033e-06, 1.44426712723e-06, 1.13163150672e-06, 1.0989169823e-06, 3.18715109415e-07, 1.53646029233e-09, 1.51741397225e-09, 1.21270937736e-09, 1.25929555672e-09, 1.10441511492e-09, 1.05082620383e-09, 8.83466744206e-10, 4.88755536043e-10, 1.82322594522e-11, 1.56753551112e-11, 1.45788710965e-11, 1.37027715563e-11, 1.31074213983e-11, 1.27041927325e-11, 1.23004020164e-11, 1.20075902346e-11, 1.17916024167e-11, 1.16564128141e-11, 1.15545663315e-11]
    },
    "mfcc": {
        "mean": [-756.20904541, 57.351600647, 13.0208911896, 45.1387443542, 5.02495956421, -12.6309785843, -9.09631156921, 6.19029903412, 12.1574249268, 10.2602739334, 2.98696947098, -1.21341657639, -0.914554476738],
        "cov": [[67081.140625, 6684.33984375, 1783.9284668, 5605.49853516, 459.365753174, -1545.09375, -787.925537109, 885.328979492, 1431.09216309, 1262.31835938, 478.181640625, -84.0588912964, -32.2526741028], [6684.33984375, 1178.51672363, 390.078857422, 874.445739746, 146.669692993, -170.628067017, -17.8413772583, 113.407333374, 134.932846069, 143.235641479, 27.0373916626, -23.7844200134, 0.807486951351], [1783.9284668, 390.078857422, 562.58013916, 557.036499023, 118.854232788, -32.6974449158, 152.576202393, 130.390060425, 46.9953117371, 60.8266601562, 53.8603630066, 32.3093338013, 32.3410606384], [5605.49853516, 874.445739746, 557.036499023, 1042.37268066, 187.331558228, -181.05871582, 26.823589325, 163.704055786, 118.739768982, 115.480293274, 34.2835578918, 26.2823085785, 19.0693836212], [459.365753174, 146.669692993, 118.854232788, 187.331558228, 94.8623504639, -0.401248067617, 19.7072486877, 33.6361808777, 18.9854297638, 17.8075447083, 0.876722574234, 2.05283594131, 2.61638188362], [-1545.09375, -170.628067017, -32.6974449158, -181.05871582, -0.401248067617, 117.893882751, 77.3308334351, -7.72268342972, -32.3173370361, -17.6279563904, 6.98104906082, 0.706030726433, 1.89161014557], [-787.925537109, -17.8413772583, 152.576202393, 26.823589325, 19.7072486877, 77.3308334351, 206.211730957, 49.6831512451, -34.2960395813, -4.77350091934, 22.9461231232, 16.3204841614, 20.6855163574], [885.328979492, 113.407333374, 130.390060425, 163.704055786, 33.6361808777, -7.72268342972, 49.6831512451, 78.4266662598, 39.8826179504, 28.4888801575, 23.1530189514, 14.7203521729, 6.20009279251], [1431.09216309, 134.932846069, 46.9953117371, 118.739768982, 18.9854297638, -32.3173370361, -34.2960395813, 39.8826179504, 88.4513473511, 51.3494911194, 17.3586902618, 0.726194560528, -3.82828116417], [1262.31835938, 143.235641479, 60.8266601562, 115.480293274, 17.8075447083, -17.6279563904, -4.77350091934, 28.4888801575, 51.3494911194, 68.3562774658, 31.9470367432, -1.02856910229, 2.58528256416], [478.181640625, 27.0373916626, 53.8603630066, 34.2835578918, 0.876722574234, 6.98104906082, 22.9461231232, 23.1530189514, 17.3586902618, 31.9470367432, 58.0561790466, 19.0712814331, 7.35461139679], [-84.0588912964, -23.7844200134, 32.3093338013, 26.2823085785, 2.05283594131, 0.706030726433, 16.3204841614, 14.7203521729, 0.726194560528, -1.02856910229, 19.0712814331, 41.3761482239, 13.0527791977], [-32.2526741028, 0.807486951351, 32.3410606384, 19.0693836212, 2.61638188362, 1.89161014557, 20.6855163574, 6.20009279251, -3.82828116417, 2.58528256416, 7.35461139679, 13.0527791977, 32.359287262]],
        "icov": [[6.63913306198e-05, -0.000186470744666, 0.000213349470869, -0.000301139953081, 0.000417782139266, 6.61887170281e-05, 4.74181142636e-05, -0.000117381227028, -0.00036678352626, -9.79473479674e-05, -0.000377360614948, 0.000250887533184, -6.14125601714e-05], [-0.000186470744666, 0.00348260137253, 0.000136146292789, -0.00203294120729, -0.0009284124244, -3.6498222471e-05, -0.000912616262212, 0.0019794953987, 4.48179707746e-05, -0.00153235078324, 0.000696685048752, 0.00208820239641, 0.000197561064851], [0.000213349470869, 0.000136146292789, 0.00726783648133, -0.00477484846488, 0.000422636425355, -0.000282357446849, -0.00335973897018, -0.00117036583833, -0.00197508372366, 0.00113510014489, -0.00446997443214, 0.00240051792935, -0.00216310564429], [-0.000301139953081, -0.00203294120729, -0.00477484846488, 0.00971929356456, -0.0075902864337, 0.00650667818263, 0.000721954624169, -0.00432263268158, 0.00418688403443, -0.0021665552631, 0.00439845770597, -0.00523215485737, 0.0011744502699], [0.000417782139266, -0.0009284124244, 0.000422636425355, -0.0075902864337, 0.0246640518308, -0.0104262446985, 0.00323136639781, -0.00118083017878, -0.00295511796139, -5.91330499446e-05, 0.00130799598992, 0.00247135036625, -0.000372984446585], [6.61887170281e-05, -3.6498222471e-05, -0.000282357446849, 0.00650667818263, -0.0104262446985, 0.024547252804, -0.00839111115783, -0.000449649203802, 0.000694867572747, -0.00269581121393, -0.00245061283931, 0.000133778885356, 0.00217346777208], [4.74181142636e-05, -0.000912616262212, -0.00335973897018, 0.000721954624169, 0.00323136639781, -0.00839111115783, 0.0141158252954, -0.00993929244578, 0.00822124071419, -0.00149976159446, 0.000788054778241, 9.29860252654e-05, -0.00301158800721], [-0.000117381227028, 0.0019794953987, -0.00117036583833, -0.00432263268158, -0.00118083017878, -0.000449649203802, -0.00993929244578, 0.0375818684697, -0.017370743677, 0.00501869572327, -0.00411190651357, -0.00333551480435, 0.00264929514378], [-0.00036678352626, 4.48179707746e-05, -0.00197508372366, 0.00418688403443, -0.00295511796139, 0.000694867572747, 0.00822124071419, -0.017370743677, 0.0344994217157, -0.0194086413831, 0.00735926954076, -0.00421326700598, 0.00307010975666], [-9.79473479674e-05, -0.00153235078324, 0.00113510014489, -0.0021665552631, -5.91330499446e-05, -0.00269581121393, -0.00149976159446, 0.00501869572327, -0.0194086413831, 0.0440261252224, -0.020670235157, 0.0108885494992, -0.00526532204822], [-0.000377360614948, 0.000696685048752, -0.00446997443214, 0.00439845770597, 0.00130799598992, -0.00245061283931, 0.000788054778241, -0.00411190651357, 0.00735926954076, -0.020670235157, 0.037712842226, -0.0174471680075, 0.00279187643901], [0.000250887533184, 0.00208820239641, 0.00240051792935, -0.00523215485737, 0.00247135036625, 0.000133778885356, 9.29860252654e-05, -0.00333551480435, -0.00421326700598, 0.0108885494992, -0.0174471680075, 0.0407037772238, -0.0125675685704], [-6.14125601714e-05, 0.000197561064851, -0.00216310564429, 0.0011744502699, -0.000372984446585, 0.00217346777208, -0.00301158800721, 0.00264929514378, 0.00307010975666, -0.00526532204822, 0.00279187643901, -0.0125675685704, 0.0388460308313]]
    },
    "spectral_contrast_coeffs": {
        "max": [-0.478499889374, -0.583640754223, -0.552142977715, -0.605776369572, -0.614028215408, -0.650986492634],
        "mean": [-0.754172861576, -0.833295166492, -0.772445321083, -0.809366881847, -0.817044734955, -0.784573078156],
        "min": [-0.980771899223, -0.983597517014, -0.977533340454, -0.973436772823, -0.966589212418, -0.964162647724],
        "stdev": [0.116421349347, 0.0819253176451, 0.106174558401, 0.0805030986667, 0.0817850679159, 0.0874360501766]
    },
    "spectral_contrast_valleys": {
        "max": [-5.02620363235, -5.37115955353, -7.03145456314, -6.6066660881, -5.58418798447, -7.78023481369],
        "mean": [-10.6263160706, -10.289147377, -11.8519878387, -11.5020179749, -10.5425310135, -12.8167905807],
        "min": [-28.1472949982, -28.4402866364, -27.7760410309, -27.7219467163, -27.4995822906, -27.4326381683],
        "stdev": [7.71196460724, 7.7991361618, 7.09727907181, 7.25378227234, 7.69181632996, 6.66740369797]
    }
},
"rhythm": {
    "beats_count": 45,
    "beats_loudness": {
        "max": 0.168006494641,
        "mean": 0.0337007790804,
        "min": 0,
        "stdev": 0.0396259576082
    },
    "bpm": 125.197685242,
    "bpm_histogram_first_peak_bpm": 126,
    "bpm_histogram_first_peak_weight": 0.38095241785,
    "bpm_histogram_second_peak_bpm": 117,
    "bpm_histogram_second_peak_spread": 0.444444477558,
    "bpm_histogram_second_peak_weight": 0.113636367023,
    "danceability": 0.82120013237,
    "onset_rate": 1.93716132641,
    "beats_loudness_band_ratio": {
        "max": [0.970422685146, 0.381790727377, 0.470391571522, 0.0826748088002, 0.383604973555, 0.82159268856],
        "mean": [0.385587006807, 0.0882160365582, 0.102181680501, 0.0208013970405, 0.125911295414, 0.153674349189],
        "min": [0, 0, 0, 0, 0, 0],
        "stdev": [0.333320468664, 0.0952269509435, 0.105933018029, 0.0205533504486, 0.124445483088, 0.165668055415]
    },
    "beats_position": [0.383129239082, 0.777868449688, 1.17260766029, 1.57895684242, 1.95047616959, 2.32199549675, 2.68190479279, 3.06503391266, 3.44816327095, 3.83129239082, 4.22603178024, 4.66721057892, 5.08516979218, 5.50312900543, 5.93269824982, 6.40870714188, 6.88471651077, 7.3491153717, 7.8251247406, 8.3011341095, 8.77714252472, 9.26476192474, 9.74077033997, 10.2167797089, 10.7043991089, 11.1804075241, 11.656416893, 12.144036293, 12.6316547394, 13.1192741394, 13.6068935394, 14.0829019547, 14.5589113235, 15.0349206924, 15.5109291077, 15.9985485077, 16.4977779388, 16.99700737, 17.5078449249, 18.0186843872, 18.5295238495, 19.0403633118, 19.5512008667, 20.0504302979, 20.549659729],
