{
"metadata": {
    "version": {
        "essentia": "2.1-beta5",
        "essentia_git_sha": "Undefined",
        "extractor": "music 2.0"
    },
    "audio_properties": {
        "analysis": {
            "equal_loudness": 0,
            "length": 32.4963264465,
            "sample_rate": 44100,
            "start_time": 29.0017242432,
            "downmix": "mix"
        },
        "bit_rate": 192000,
        "length": 218.499786377,
        "lossless": 0,
        "number_channels": 2,
        "replay_gain": -8.92079353333,
        "sample_rate": 48000,
        "codec": "mp3",
        "md5_encoded": "3c55ed192f79d263884ef3ed9fb64d48"
    },
    "tags": {
        "file_name": "Sweden_You_re Summer_The Nova and The Dolls.mp3",
        "encoding": ["Lavf58.29.100"]
    }
},
"lowlevel": {
    "average_loudness": 0.45922011137,
    "barkbands_crest": {
        "max": 26.2949848175,
        "mean": 11.3848171234,
        "min": 3.03451371193,
        "stdev": 4.56425857544
    },
    "barkbands_flatness_db": {
        "max": 0.471491247416,
        "mean": 0.240326300263,
        "min": 0.0764487460256,
        "stdev": 0.0765249356627
    },
    "barkbands_kurtosis": {
        "max": 278.882965088,
        "mean": 11.2825222015,
        "min": -1.69029712677,
        "stdev": 18.1200332642
    },
    "barkbands_skewness": {
        "max": 13.1522331238,
        "mean": 1.91763401031,
        "min": -1.61626291275,
        "stdev": 1.54906320572
    },
    "barkbands_spread": {
        "max": 62.9261512756,
        "mean": 7.6648607254,
        "min": 0.252649158239,
        "stdev": 6.85408401489
    },
    "dissonance": {
        "max": 0.499980598688,
        "mean": 0.419388473034,
        "min": 0.195363551378,
        "stdev": 0.0627772063017
    },
    "dynamic_complexity": 8.59769439697,
    "erbbands_crest": {
        "max": 30.5477390289,
        "mean": 11.5917711258,
        "min": 2.3563337326,
        "stdev": 5.67235088348
    },
    "erbbands_flatness_db": {
        "max": 0.40445715189,
        "mean": 0.242648854852,
        "min": 0.0929072350264,
        "stdev": 0.0721961855888
    },
    "erbbands_kurtosis": {
        "max": 50.383731842,
        "mean": 3.63111758232,
        "min": -1.718131423,
        "stdev": 6.29250097275
    },
    "erbbands_skewness": {
        "max": 5.65956449509,
        "mean": 0.994850814342,
        "min": -1.37752282619,
        "stdev": 1.14978027344
    },
    "erbbands_spread": {
        "max": 94.0392150879,
        "mean": 22.1672782898,
        "min": 1.68054819107,
        "stdev": 18.7526283264
    },
    "hfc": {
        "max": 91.6978912354,
        "mean": 6.21471118927,
        "min": 0.00686848396435,
        "stdev": 11.5892162323
    },
    "loudness_ebu128": {
        "integrated": -17.2335414886,
        "loudness_range": 17.129940033,
        "momentary": {
            "max": -11.4345979691,
            "mean": -23.605890274,
            "min": -45.289390564,
            "stdev": 8.96216869354
        },
        "short_term": {
            "max": -14.0486679077,
            "mean": -21.8863868713,
            "min": -42.536567688,
            "stdev": 7.55528211594
        }
    },
    "melbands_crest": {
        "max": 31.6873149872,
        "mean": 14.6917238235,
        "min": 3.11009669304,
        "stdev": 5.80933666229
    },
    "melbands_flatness_db": {
        "max": 0.572161078453,
        "mean": 0.311452150345,
        "min": 0.0845442041755,
        "stdev": 0.0888120085001
    },
    "melbands_kurtosis": {
        "max": 178.00189209,
        "mean": 14.9073495865,
        "min": -1.36837112904,
        "stdev": 18.6933269501
    },
    "melbands_skewness": {
        "max": 9.16576004028,
        "mean": 2.24269104004,
        "min": -1.7966799736,
        "stdev": 1.72358739376
    },
    "melbands_spread": {
        "max": 69.8455810547,
        "mean": 9.53495597839,
        "min": 0.484992355108,
        "stdev": 7.91367816925
    },
    "pitch_salience": {
        "max": 0.886609375477,
        "mean": 0.586848080158,
        "min": 0.130448386073,
        "stdev": 0.132115155458
    },
    "silence_rate_20dB": {
        "max": 1,
        "mean": 1,
        "min": 1,
        "stdev": 0
    },
    "silence_rate_30dB": {
        "max": 1,
        "mean": 0.995003581047,
        "min": 0,
        "stdev": 0.070508480072
    },
    "silence_rate_60dB": {
        "max": 1,
        "mean": 0.432548165321,
        "min": 0,
        "stdev": 0.495432019234
    },
    "spectral_centroid": {
        "max": 2835.10058594,
        "mean": 625.953857422,
        "min": 188.01083374,
        "stdev": 383.644714355
    },
    "spectral_complexity": {
        "max": 31,
        "mean": 7.14346885681,
        "min": 0,
        "stdev": 5.89003229141
    },
    "spectral_decrease": {
        "max": -3.61048799365e-12,
        "mean": -3.36837469028e-09,
        "min": -3.99811028728e-08,
        "stdev": 5.20778353774e-09
    },
    "spectral_energy": {
        "max": 0.159215196967,
        "mean": 0.0132767111063,
        "min": 1.42498083733e-05,
        "stdev": 0.020623870194
    },
    "spectral_energyband_high": {
        "max": 0.00147605279926,
        "mean": 2.2227415684e-05,
        "min": 5.51867671561e-08,
        "stdev": 0.000112510482722
    },
    "spectral_energyband_low": {
        "max": 0.023764912039,
        "mean": 0.00157041742932,
        "min": 1.10372934614e-06,
        "stdev": 0.00334303826094
    },
    "spectral_energyband_middle_high": {
        "max": 0.0735898688436,
        "mean": 0.00180551840458,
        "min": 1.38533971494e-06,
        "stdev": 0.00602475227788
    },
    "spectral_energyband_middle_low": {
        "max": 0.150172024965,
        "mean": 0.0104122757912,
        "min": 3.70622638002e-06,
        "stdev": 0.0173845738173
    },
    "spectral_entropy": {
        "max": 8.22637176514,
        "mean": 6.6504240036,
        "min": 4.39314126968,
        "stdev": 0.772143900394
    },
    "spectral_flux": {
        "max": 0.303997933865,
        "mean": 0.0434499084949,
        "min": 0.00218835705891,
        "stdev": 0.0421200692654
    },
    "spectral_kurtosis": {
        "max": 70.5678634644,
        "mean": 16.7103214264,
        "min": -0.807404994965,
        "stdev": 13.707783699
    },
    "spectral_rms": {
        "max": 0.0124632222578,
        "mean": 0.00274854386225,
        "min": 0.000117907809909,
        "stdev": 0.00232344516553
    },
    "spectral_rolloff": {
        "max": 5749.36523438,
        "mean": 675.120544434,
        "min": 129.19921875,
        "stdev": 558.051940918
    },
    "spectral_skewness": {
        "max": 6.84990978241,
        "mean": 2.83517050743,
        "min": 0.304083555937,
        "stdev": 1.23256599903
    },
    "spectral_spread": {
        "max": 6495119,
        "mean": 2746246,
        "min": 965411.1875,
        "stdev": 1212882.5
    },
    "spectral_strongpeak": {
        "max": 9.23694324493,
        "mean": 0.712153494358,
        "min": 0.00238253665157,
        "stdev": 1.13672792912
    },
    "zerocrossingrate": {
        "max": 0.14208984375,
        "mean": 0.0280773919076,
        "min": 0.0048828125,
        "stdev": 0.0163998752832
    },
    "barkbands": {
        "max": [0.00136107252911, 0.0134666170925, 0.0187736339867, 0.0325214862823, 0.048580288887, 0.0723816379905, 0.0772683396935, 0.1208903566, 0.111466765404, 0.0679442733526, 0.0294292196631, 0.0100360596552, 0.0159503147006, 0.00452616158873, 0.0109028061852, 0.005834386684, 0.00307486928068, 0.000658576958813, 0.00130605173763, 0.000547279487364, 0.000522896763869, 0.00071457674494, 0.000274435791653, 0.000121808698168, 1.77555466507e-05, 2.44830607699e-06, 1.71223362599e-07],
        "mean": [8.24682319944e-06, 0.000537752057426, 0.000568507413846, 0.00107377779204, 0.00305432034656, 0.0024909095373, 0.00151561258826, 0.000984273734502, 0.00114523002412, 0.000814580824226, 0.000313433643896, 0.000164319004398, 0.000211089252844, 9.5467956271e-05, 0.000107168394607, 7.82256684033e-05, 4.75149790873e-05, 1.86560537259e-05, 1.63710956258e-05, 1.31342048917e-05, 5.76938509766e-06, 7.60374223319e-06, 3.51695598511e-06, 1.04332696083e-06, 1.80835854735e-07, 3.10314050012e-08, 5.84050807717e-10],
        "min": [1.01319053147e-09, 6.15813746663e-07, 2.43524254984e-07, 9.24224821119e-08, 9.10113442387e-07, 1.60070626976e-07, 1.69373933545e-07, 1.01893448345e-07, 1.95813697701e-07, 7.75928370444e-08, 1.06374834274e-07, 8.46425578516e-08, 7.39877492606e-08, 5.15663636236e-08, 7.6697880047e-08, 8.55401438571e-08, 7.50773807567e-08, 1.39738949301e-08, 2.06270893699e-08, 2.06580761386e-08, 1.3859439818e-08, 8.13963296764e-09, 4.79832706901e-09, 5.58930057792e-09, 5.39041877801e-09, 2.97520763581e-09, 1.91186112081e-11],
        "stdev": [5.25784271304e-05, 0.001443649875, 0.00171962112654, 0.00277188443579, 0.00584653485566, 0.00753163080662, 0.00534021435305, 0.00510720349848, 0.00551833491772, 0.00413851905614, 0.00196193554439, 0.000573823635932, 0.000971982371993, 0.000317412981531, 0.000445379788289, 0.000326582579874, 0.000179912822205, 5.81820859225e-05, 6.92680041539e-05, 5.20415851497e-05, 3.08301532641e-05, 4.85469026898e-05, 2.13669227378e-05, 6.53546703688e-06, 8.02518457022e-07, 1.10520389285e-07, 4.72489158909e-09]
    },
    "erbbands": {
        "max": [0.235367760062, 3.49999761581, 16.6943492889, 51.2564048767, 191.041442871, 268.122680664, 435.950286865, 894.91809082, 1217.99658203, 568.445068359, 3353.38330078, 2932.70483398, 1240.35986328, 2823.98828125, 1058.31103516, 402.680114746, 846.095275879, 509.636779785, 663.881530762, 187.684082031, 259.627410889, 204.315612793, 45.1084899902, 23.6303844452, 90.0931167603, 33.1830558777, 18.5432529449, 28.1125831604, 29.3828468323, 11.239780426, 7.12391376495, 4.18534946442, 0.956604659557, 0.345995396376, 0.0712806656957, 0.0185027942061, 0.00224821921438, 0.000116880022688, 7.80240516178e-05, 0.000181000243174],
        "mean": [0.0113527923822, 0.141125649214, 0.50416880846, 2.40745735168, 8.61297893524, 9.52808856964, 9.93294715881, 23.7840652466, 28.4361457825, 9.28162002563, 30.6755104065, 31.5053138733, 14.6086959839, 28.9322414398, 12.096745491, 7.10859155655, 9.76289081573, 6.11802625656, 6.47251749039, 4.47749328613, 3.64649963379, 2.64948034286, 1.28062021732, 0.683966994286, 0.960847139359, 0.619064629078, 0.239407673478, 0.282220453024, 0.292464822531, 0.152644306421, 0.0883804932237, 0.0353356897831, 0.0111680384725, 0.00310145202093, 0.000884832290467, 0.000266953662504, 3.46582928614e-05, 2.25438816415e-06, 6.53669803796e-06, 1.49841825987e-05],
        "min": [2.0558025426e-05, 0.000129644366098, 0.000363164261216, 0.000367226544768, 0.00217196927406, 0.00265986775048, 0.00118706701323, 0.00149407237768, 0.00265211821534, 0.0015689159045, 0.00262872828171, 0.00522156246006, 0.00395208923146, 0.00512774800882, 0.00484130345285, 0.00409664679319, 0.00330254342407, 0.00243520690128, 0.0051246942021, 0.00245869485661, 0.00532719912007, 0.00303235789761, 0.00099176063668, 0.00131456076633, 0.000687248946633, 0.000938331650104, 0.000764567870647, 0.000340382190188, 0.000351246679202, 0.000161067349836, 0.000134241359774, 0.000109500811959, 9.82285273494e-05, 6.58661738271e-05, 4.11229048041e-05, 1.95538796106e-05, 3.30388934344e-06, 1.6904614597e-07, 3.19823847406e-08, 2.57968792994e-08],
        "stdev": [0.0265826359391, 0.380549877882, 1.39056396484, 5.12568569183, 16.5410995483, 22.6095714569, 31.1654167175, 79.3466415405, 94.7953720093, 30.8129253387, 144.030563354, 145.781661987, 55.0587234497, 175.370178223, 63.0000534058, 23.8777923584, 44.1574172974, 22.7456054688, 26.8327903748, 14.8930711746, 13.9125423431, 10.1429014206, 4.20832681656, 1.96045303345, 4.32776451111, 2.47623586655, 0.998552680016, 1.73878550529, 1.89797353745, 0.909484624863, 0.537052750587, 0.231390446424, 0.0631683021784, 0.0154404090717, 0.0033708284609, 0.000848724681418, 0.000143004275742, 7.25655263523e-06, 1.01332389022e-05, 2.33647060668e-05]
    },
    "gfcc": {
        "mean": [-179.812835693, 163.692245483, -116.597854614, 20.7184257507, -64.1706314087, -2.81902050972, -38.6775245667, -4.52422189713, -17.6480789185, -13.1895112991, -8.68365287781, -11.2310533524, -4.64947462082],
        "cov": [[7130.69580078, 1665.86462402, -1512.88305664, -1342.04699707, 10.1575241089, -793.629211426, 394.274871826, -526.661499023, 511.262023926, -317.405670166, 322.583557129, -291.167236328, 267.171417236], [1665.86462402, 1124.04772949, 138.957717896, -608.388305664, 65.0245513916, -402.265930176, 131.38520813, -161.660751343, 100.42678833, -238.815811157, 118.0676651, -138.75567627, 53.3804855347], [-1512.88305664, 138.957717896, 1287.32409668, 441.86227417, -57.0838890076, -108.22908783, -122.200012207, 60.5700378418, -131.870498657, -109.788269043, -47.940574646, 14.711022377, -100.956832886], [-1342.04699707, -608.388305664, 441.86227417, 767.424133301, 35.5461845398, 162.254058838, -134.053848267, 141.289505005, -62.566444397, 124.725769043, -69.918800354, 83.4051818848, -43.8133583069], [10.1575241089, 65.0245513916, -57.0838890076, 35.5461845398, 205.585540771, 17.5199050903, -1.76923251152, 27.9072494507, 20.2749500275, 19.9314613342, 11.4990262985, -2.04934430122, 30.9065513611], [-793.629211426, -402.265930176, -108.22908783, 162.254058838, 17.5199050903, 404.882629395, 103.792076111, 128.967346191, -49.8396148682, 125.746963501, -37.8964157104, 88.0307846069, -21.2886333466], [394.274871826, 131.38520813, -122.200012207, -134.053848267, -1.76923251152, 103.792076111, 199.668655396, 48.0892448425, 17.5678691864, -16.1712493896, 32.0635375977, 7.90375614166, 12.2394075394], [-526.661499023, -161.660751343, 60.5700378418, 141.289505005, 27.9072494507, 128.967346191, 48.0892448425, 159.594055176, 6.36368989944, 55.0645484924, -13.1433143616, 45.0221405029, -16.9827232361], [511.262023926, 100.42678833, -131.870498657, -62.566444397, 20.2749500275, -49.8396148682, 17.5678691864, 6.36368989944, 113.91519928, 22.6917953491, 30.0868415833, -19.6455211639, 21.7246017456], [-317.405670166, -238.815811157, -109.788269043, 124.725769043, 19.9314613342, 125.746963501, -16.1712493896, 55.0645484924, 22.6917953491, 143.830352783, 7.16771841049, 33.6973838806, -2.92395567894], [322.583557129, 118.0676651, -47.940574646, -69.918800354, 11.4990262985, -37.8964157104, 32.0635375977, -13.1433143616, 30.0868415833, 7.16771841049, 74.7277297974, 9.23749637604, 12.877954483], [-291.167236328, -138.75567627, 14.711022377, 83.4051818848, -2.04934430122, 88.0307846069, 7.90375614166, 45.0221405029, -19.6455211639, 33.6973838806, 9.23749637604, 77.1769104004, 16.6432514191], [267.171417236, 53.3804855347, -100.956832886, -43.8133583069, 30.9065513611, -21.2886333466, 12.2394075394, -16.9827232361, 21.7246017456, -2.92395567894, 12.877954483, 16.6432514191, 70.0008392334]],
        "icov": [[0.00141114811413, -0.00083976064343, 0.00159578793682, -0.00131605891511, 0.000570023606997, 0.00143095746171, -0.00305873341858, 0.00340944668278, -0.00359495752491, 0.00166409881786, -0.00109426258132, 0.000211965918425, -0.000386189727578], [-0.00083976064343, 0.0124745871872, -0.00663328031078, 0.0082583297044, -0.00647808937356, 0.00335084972903, -0.0057274736464, 0.00154416263103, -0.00379004562274, 0.00253822631203, -0.00594998942688, 0.00694921379909, -0.00472549861297], [0.00159578793682, -0.00663328031078, 0.00613322714344, -0.0061041014269, 0.00378561019897, 0.000320711376844, 0.000335204036674, 0.00130702089518, -0.000165585617651, 0.00203432375565, 0.00118169595953, -0.00334301637486, 0.00339105376042], [-0.00131605891511, 0.0082583297044, -0.0061041014269, 0.00909802597016, -0.00491234147921, 0.000952903355937, -0.000338979880325, -0.0020693060942, -0.000324003020069, -0.00169701792765, -0.00131339754444, 0.0026414564345, -0.0027244205121], [0.000570023606997, -0.00647808937356, 0.00378561019897, -0.00491234147921, 0.00981206353754, -0.00350884883665, 0.00495820865035, -0.00322989025153, 0.00195950572379, 0.000427119317465, -0.000953028036747, 0.00174527743366, -0.00273027550429], [0.00143095746171, 0.00335084972903, 0.000320711376844, 0.000952903355937, -0.00350884883665, 0.0140747306868, -0.0140494937077, 0.00561491306871, -0.00234518083744, -0.00553177529946, 0.00604677759111, -0.00738331815228, 0.00383031042293], [-0.00305873341858, -0.0057274736464, 0.000335204036674, -0.000338979880325, 0.00495820865035, -0.0140494937077, 0.0259106457233, -0.0159188639373, 0.0104251746088, 0.00256281625479, -0.00424836762249, 0.00367863639258, -0.00176262028981], [0.00340944668278, 0.00154416263103, 0.00130702089518, -0.0020693060942, -0.00322989025153, 0.00561491306871, -0.0159188639373, 0.023814830929, -0.0148508511484, 0.00137926277239, 0.00209204340354, -0.00661069294438, 0.00394759885967], [-0.00359495752491, -0.00379004562274, -0.000165585617651, -0.000324003020069, 0.00195950572379, -0.00234518083744, 0.0104251746088, -0.0148508511484, 0.0276079308242, -0.010324976407, 0.00229735858738, 0.00173266080674, -0.000668632739689], [0.00166409881786, 0.00253822631203, 0.00203432375565, -0.00169701792765, 0.000427119317465, -0.00553177529946, 0.00256281625479, 0.00137926277239, -0.010324976407, 0.0229307711124, -0.0135473655537, 0.00727216526866, -0.00347408046946], [-0.00109426258132, -0.00594998942688, 0.00118169595953, -0.00131339754444, -0.000953028036747, 0.00604677759111, -0.00424836762249, 0.00209204340354, 0.00229735858738, -0.0135473655537, 0.0335897319019, -0.0211630035192, 0.0106793930754], [0.000211965918425, 0.00694921379909, -0.00334301637486, 0.0026414564345, 0.00174527743366, -0.00738331815228, 0.00367863639258, -0.00661069294438, 0.00173266080674, 0.00727216526866, -0.0211630035192, 0.0401868410408, -0.0204347185791], [-0.000386189727578, -0.00472549861297, 0.00339105376042, -0.0027244205121, -0.00273027550429, 0.00383031042293, -0.00176262028981, 0.00394759885967, -0.000668632739689, -0.00347408046946, 0.0106793930754, -0.0204347185791, 0.0291409548372]]
    },
    "melbands": {
        "max": [0.00321234064177, 0.00620700186118, 0.0106458524242, 0.0128610534593, 0.0128931328654, 0.0172877833247, 0.0159766767174, 0.00525527214631, 0.0255129504949, 0.0157731100917, 0.00616429047659, 0.0120794894174, 0.00470068026334, 0.00116488581989, 0.00108067085966, 0.00173141679261, 0.000767844321672, 0.000975986302365, 0.000418135925429, 0.00043925549835, 0.000209381090826, 0.000284341193037, 0.000122514524264, 2.51467863563e-05, 1.95919419639e-05, 8.07837204775e-05, 3.59490441042e-05, 1.87150981219e-05, 1.02668109321e-05, 1.18356065286e-05, 1.77875335794e-05, 1.92624847841e-05, 1.01719551822e-05, 6.19681986791e-06, 4.70888289783e-06, 3.04474724544e-06, 2.37971721617e-06, 7.11560687705e-07, 5.12711949341e-07, 1.91795038518e-07],
        "mean": [0.000134232424898, 0.000256800820353, 0.000586052483413, 0.000734388537239, 0.000335703662131, 0.000531080469955, 0.000404237478506, 9.68009553617e-05, 0.000272400298854, 0.000171724328538, 6.65170955472e-05, 0.000120448275993, 4.60020273749e-05, 1.89247621165e-05, 1.82963085535e-05, 2.09384124901e-05, 9.9459239209e-06, 1.02424273791e-05, 6.52605831419e-06, 6.16989245827e-06, 3.82758344131e-06, 2.90178468276e-06, 1.79323058092e-06, 7.48521586047e-07, 4.93846187055e-07, 6.99497263668e-07, 6.59663498936e-07, 3.42626663041e-07, 1.49109752101e-07, 1.19135364685e-07, 1.85729746249e-07, 1.90347876128e-07, 1.02868298768e-07, 7.97394648089e-08, 5.69940041828e-08, 3.05836138637e-08, 1.7423175791e-08, 8.21868706424e-09, 4.3861700938e-09, 1.92151472511e-09],
        "min": [1.91774674363e-07, 1.77594884576e-07, 1.47806844097e-07, 2.14219141981e-07, 4.05291444849e-08, 3.66488634995e-08, 4.07509297418e-08, 1.53435184558e-08, 1.81102315366e-08, 3.09223011641e-08, 1.70331002636e-08, 1.60035202867e-08, 1.26801973366e-08, 1.54214081505e-08, 8.77496031393e-09, 6.75122224791e-09, 4.0503005394e-09, 5.83615866745e-09, 3.59718321796e-09, 3.22396909169e-09, 4.5839492202e-09, 3.898304346e-09, 1.03410613406e-09, 7.16043224713e-10, 1.16286313911e-09, 5.28543320222e-10, 6.6259914222e-10, 5.84769732637e-10, 5.5191301529e-10, 2.42155101526e-10, 1.92440147151e-10, 1.78248540927e-10, 1.80577025555e-10, 6.33660832139e-11, 6.33374533376e-11, 1.02013439363e-10, 5.26356874753e-11, 6.43009742674e-11, 7.383621492e-11, 4.73512756782e-11],
        "stdev": [0.000344584404957, 0.000613914045971, 0.00110366730951, 0.00147427851334, 0.000951390306, 0.0016938673798, 0.00134605413768, 0.000323902786477, 0.00120248016901, 0.00081611861242, 0.000277357030427, 0.000739390379749, 0.000278237654129, 6.1701190134e-05, 7.32259723009e-05, 9.49190798565e-05, 3.69785084331e-05, 4.23988312832e-05, 2.26781321544e-05, 2.7514037356e-05, 1.47994460349e-05, 1.21010280054e-05, 7.18119508747e-06, 2.09508152693e-06, 1.4572812006e-06, 3.47635477738e-06, 2.81938491753e-06, 1.41771261042e-06, 6.39445715933e-07, 6.06025594152e-07, 1.22570224903e-06, 1.26246652599e-06, 6.38248479845e-07, 4.87398494897e-07, 3.46118042671e-07, 2.00465450462e-07, 1.15110850629e-07, 4.63070080059e-08, 2.43270505962e-08, 8.62752802533e-09]
    },
    "melbands128": {
        "max": [0.000427158141974, 0.000769653357565, 0.00563103333116, 0.00600910186768, 0.00884658191353, 0.0102723557502, 0.00996107142419, 0.020185129717, 0.026789791882, 0.0183901563287, 0.0191889666021, 0.0164036303759, 0.0214505493641, 0.0266452990472, 0.0332430824637, 0.0298635121435, 0.0395169109106, 0.0278412457556, 0.0208650231361, 0.00377718312666, 0.00673047080636, 0.0297674816102, 0.0439323037863, 0.0321587212384, 0.0327824093401, 0.0154575500637, 0.0142636206001, 0.00614130031317, 0.00721884146333, 0.0195136964321, 0.0156404357404, 0.00964453816414, 0.00970181915909, 0.00200951169245, 0.00103092717472, 0.00175552361179, 0.00145503634121, 0.00185163819697, 0.00259142229334, 0.00402342388406, 0.00292231352068, 0.00328874960542, 0.000788767298218, 0.000295335485134, 0.000742315722164, 0.0013928192202, 0.00211338815279, 0.00041435888852, 0.000369742687326, 0.000590875570197, 0.000721203221474, 0.00118034868501, 0.000228550488828, 0.000369550863979, 0.00033789902227, 0.00065116758924, 0.000149310100824, 0.000340802798746, 0.000106706240331, 9.25602798816e-05, 3.56319906132e-05, 3.49959154846e-05, 1.24082698676e-05, 3.45956177625e-05, 3.40454789693e-05, 0.000107071216917, 0.000130660191644, 6.28236957709e-05, 7.37765949452e-05, 6.27880945103e-05, 1.60156014317e-05, 2.65698272415e-05, 9.10086237127e-06, 2.12652867049e-05, 1.69513004948e-05, 1.06553206933e-05, 1.76061203092e-05, 2.37397780438e-05, 2.49496315519e-05, 2.5540812203e-05, 2.38172979152e-05, 1.82206676982e-05, 1.81562736543e-05, 1.08957065095e-05, 8.05777926871e-06, 8.21006960905e-06, 7.78807316237e-06, 7.43765167499e-06, 5.0027870202e-06, 5.35546860192e-06, 3.53067662218e-06, 3.6133692447e-06, 3.55912993655e-06, 3.00113856611e-06, 1.32544744247e-06, 1.11932058644e-06, 5.64377216961e-07, 7.41118640235e-07, 5.0291515663e-07, 6.26988196473e-07, 3.03465355955e-07, 9.82241274983e-08, 7.93678580635e-08, 1.19894210115e-07, 1.18702402574e-07, 5.67687550301e-08, 3.35047793953e-08, 6.14146031808e-08, 3.29933165233e-08, 1.7324710555e-08, 1.57865223116e-08, 1.32613662274e-08, 1.1087414542e-08, 1.83011761301e-09, 2.85675572087e-09, 8.32604929446e-10, 8.18256573609e-10, 7.9862860769e-10, 7.7483064409e-10, 7.56488094389e-10, 7.44024675203e-10, 7.31321614378e-10, 7.04793889916e-10, 6.97419566542e-10, 6.89061308012e-10, 6.82115697259e-10, 6.75195011013e-10, 6.71693922705e-10],
        "mean": [4.52075482826e-06, 5.2656941989e-05, 0.000226013027714, 0.000223096561967, 0.000185849785339, 0.000327845365973, 0.00044133499614, 0.000581546803005, 0.000913817319088, 0.000988634536043, 0.00044640203123, 0.00022566280677, 0.000304064276861, 0.000429768435424, 0.000585793284699, 0.00054783950327, 0.000547937816009, 0.000420122989453, 0.000192534425878, 3.78360564355e-05, 4.96748398291e-05, 0.000221620561206, 0.000344117928762, 0.000251273391768, 0.000281338376226, 8.8058935944e-05, 4.56869238405e-05, 7.01449171174e-05, 5.64928122913e-05, 0.000170722138137, 0.000130897911731, 4.36878108303e-05, 6.35418036836e-05, 2.16470943997e-05, 2.06215499929e-05, 1.67710641108e-05, 2.03917406907e-05, 1.2876661458e-05, 2.20161582547e-05, 2.53485213761e-05, 2.12829836528e-05, 1.47111622937e-05, 9.30553869694e-06, 7.16813474355e-06, 8.68218103278e-06, 1.08121421363e-05, 1.3835469872e-05, 4.50936659036e-06, 4.46737885795e-06, 6.42058239464e-06, 7.29628754925e-06, 5.17844955539e-06, 3.35227900905e-06, 4.04691263611e-06, 2.8685151392e-06, 3.13748114422e-06, 2.32282445722e-06, 2.4054613732e-06, 1.46934132772e-06, 9.06849777493e-07, 7.16803185696e-07, 6.53925042116e-07, 4.28528664997e-07, 4.91825176141e-07, 4.94723792599e-07, 7.20115792774e-07, 8.66745779149e-07, 5.95831579631e-07, 7.05538752754e-07, 6.22925199423e-07, 2.9760178677e-07, 2.52930561828e-07, 1.55355408538e-07, 1.3362721063e-07, 1.34063768087e-07, 1.0505736725e-07, 1.15108939269e-07, 1.49428203144e-07, 1.82594334319e-07, 2.4852110414e-07, 2.07766348126e-07, 1.68924003674e-07, 1.3312957492e-07, 9.65918047768e-08, 7.76500499455e-08, 7.80258417876e-08, 8.5412651174e-08, 7.31718330371e-08, 5.95880003118e-08, 4.22221333451e-08, 3.25480868923e-08, 2.87404642307e-08, 2.38733406377e-08, 1.86947666236e-08, 1.22489733911e-08, 9.99013671787e-09, 6.93573865007e-09, 6.54754117591e-09, 4.62914551136e-09, 3.28851079701e-09, 2.47860509894e-09, 1.59828972279e-09, 1.35327959949e-09, 1.23160104337e-09, 9.30028221102e-10, 7.00560276456e-10, 6.33156971297e-10, 5.22304421935e-10, 4.17677004094e-10, 3.81337184052e-10, 2.68240624157e-10, 9.05150399078e-11, 4.45971350127e-11, 1.17927863655e-11, 9.33863663483e-12, 5.84766653502e-12, 3.25532157654e-12, 2.68459755294e-12, 2.61541049235e-12, 2.55022977562e-12, 2.49358953625e-12, 2.44236835617e-12, 2.39057948784e-12, 2.3514332842e-12, 2.29102587596e-12, 2.21199165755e-12, 2.16461809414e-12, 2.1489639495e-12],
        "min": [8.7964463491e-10, 1.54956367737e-08, 6.12874373473e-08, 2.16564558286e-07, 6.26252898428e-08, 8.90997000624e-08, 4.32436664255e-08, 6.23928215759e-08, 1.51987990193e-07, 4.55039028679e-08, 2.9383487643e-08, 5.62723911912e-08, 2.22472511524e-08, 1.13888951603e-08, 8.36550206884e-09, 1.38702926922e-09, 1.65454121515e-08, 1.8316189454e-08, 1.01737231972e-08, 7.38323890914e-09, 3.6362046707e-09, 7.33637994799e-09, 7.80329756367e-09, 1.43658929197e-09, 7.11964887046e-09, 9.06191033323e-09, 9.33051413909e-09, 1.42709142281e-08, 2.47791476227e-09, 6.89488377503e-09, 2.77909917301e-09, 9.94614435257e-09, 1.21992256297e-08, 5.57479928887e-09, 3.7616878501e-09, 1.59414237366e-09, 2.00548599949e-09, 4.13612077921e-09, 1.73178837937e-09, 1.91378313197e-09, 1.85003345976e-09, 2.36308927981e-09, 1.28754273909e-09, 1.32739530478e-09, 2.44680209427e-09, 1.32876321057e-09, 2.39650299605e-09, 1.73531189418e-09, 1.36088751379e-09, 1.66373070876e-09, 2.09525352624e-09, 3.03873926022e-09, 3.16187165339e-09, 2.66537103499e-09, 1.73471592646e-09, 8.9492330213e-10, 1.14457165967e-09, 1.54186563517e-09, 6.31540375551e-10, 7.40512595687e-10, 1.0164975528e-09, 4.05883798793e-10, 5.78129322193e-10, 1.30296684553e-09, 1.17683573997e-09, 3.29046956349e-10, 1.73142764015e-10, 3.7336406189e-10, 8.11148537228e-10, 7.26070592538e-10, 4.64814270407e-10, 7.03074487518e-10, 3.64977048584e-10, 7.25499604837e-10, 4.63544119755e-10, 1.99647159915e-10, 1.93642268886e-10, 1.13258451229e-10, 2.78377570995e-10, 1.533520394e-10, 1.10213047022e-10, 2.39532532698e-10, 2.41892700314e-10, 2.37310782136e-10, 4.00119971877e-11, 6.05687514033e-11, 8.42310943217e-11, 3.79028856912e-11, 5.49441152298e-11, 8.43989669819e-11, 1.01455795154e-10, 1.28608790284e-10, 6.89812235111e-11, 3.17888979029e-11, 5.03139231667e-11, 7.52562248629e-11, 4.00107932896e-11, 9.36580743516e-11, 9.11856493091e-11, 4.42781783461e-11, 7.16649933841e-11, 4.25239947421e-11, 1.10402494438e-11, 3.19940116067e-11, 3.83872378329e-11, 2.20866241962e-11, 2.10670786371e-11, 1.5244153162e-11, 5.97044289008e-12, 1.29044875914e-12, 6.41919297665e-13, 7.26621725029e-14, 4.30259770683e-14, 5.60386765745e-14, 6.25518449429e-14, 4.75864939359e-14, 4.7251306058e-14, 5.51039350597e-14, 4.91464372454e-14, 6.03500946049e-14, 6.04311929274e-14, 5.72113699731e-14, 6.09560890804e-14, 5.72011581439e-14, 4.85126736417e-14, 1.1792040326e-14, 2.26550650798e-15, 6.38043250864e-17],
        "stdev": [1.95708471438e-05, 0.000114776506962, 0.000597237260081, 0.00065381557215, 0.000577918777708, 0.000978029100224, 0.0010366482893, 0.00162730715238, 0.00202536280267, 0.0023396210745, 0.00137193873525, 0.000847321411129, 0.00123842863832, 0.00174875743687, 0.00257432367653, 0.00208886037581, 0.00248939916492, 0.00171745673288, 0.00100967544131, 0.00017810940335, 0.000249455100857, 0.00118410936557, 0.00199085101485, 0.00141960545443, 0.00160200032406, 0.00058200978674, 0.000399260083213, 0.000294189288979, 0.000359446945367, 0.00108143512625, 0.0010249898769, 0.000349937385181, 0.000521310430486, 9.6267896879e-05, 8.3790255303e-05, 7.34404820832e-05, 8.98121797945e-05, 7.22135300748e-05, 0.00012832552602, 0.00016830363893, 0.000128714265884, 0.00010862788622, 3.69845038222e-05, 2.3228707505e-05, 4.64007644041e-05, 5.57406674488e-05, 8.03502844064e-05, 1.94704680325e-05, 1.85230946954e-05, 3.13162236125e-05, 4.40412550233e-05, 3.98433185183e-05, 1.50011219375e-05, 2.27264881687e-05, 1.33873290906e-05, 2.19829980779e-05, 1.00686092992e-05, 1.47703813127e-05, 6.96583765603e-06, 3.9342630771e-06, 2.23485494644e-06, 1.97509916688e-06, 1.15767466013e-06, 2.09066547541e-06, 1.95900088329e-06, 4.75919250675e-06, 5.4016059039e-06, 2.95971130981e-06, 4.09966378356e-06, 3.37498227054e-06, 1.31653473545e-06, 1.27720954879e-06, 6.73810291119e-07, 7.853636248e-07, 6.80412711063e-07, 5.23196433733e-07, 6.81655308199e-07, 1.05583285404e-06, 1.36967980779e-06, 1.74077706561e-06, 1.47946718698e-06, 1.15646719223e-06, 9.40152460771e-07, 6.25265272447e-07, 4.70281577236e-07, 5.10213567395e-07, 5.56440738819e-07, 4.51850667105e-07, 3.7435350464e-07, 2.9077298791e-07, 2.0944202106e-07, 2.07473490832e-07, 1.75974506078e-07, 1.2988576259e-07, 7.27770839148e-08, 6.00552780838e-08, 3.90043126686e-08, 4.1325659339e-08, 2.48915821288e-08, 2.09802522022e-08, 1.3779422936e-08, 6.02242211656e-09, 4.63691618435e-09, 5.53669776693e-09, 4.14184864184e-09, 2.87207169158e-09, 1.89069160328e-09, 2.1150514673e-09, 1.51826140549e-09, 1.01854225054e-09, 8.36178182251e-10, 6.8781230711e-10, 4.565497147e-10, 9.15533968082e-11, 1.10276315857e-10, 4.00796097699e-11, 2.33105201808e-11, 2.20303306847e-11, 2.13780347591e-11, 2.08687511716e-11, 2.05151833021e-11, 2.01589283461e-11, 1.94491263372e-11, 1.9237597626e-11, 1.90046207937e-11, 1.88119988337e-11, 1.86237709282e-11, 1.85270288694e-11]
    },
    "mfcc": {
        "mean": [-820.690429688, 186.722457886, 3.69721198082, 22.7190322876, -3.26067209244, -2.02265334129, -10.9210252762, 1.13887834549, -8.539270401, -3.53433060646, -4.14094257355, -4.38036155701, -5.90247344971],
        "cov": [[7753.82666016, 1696.56982422, -1802.20898438, -678.432006836, -720.675964355, -233.673843384, -421.205566406, -168.591522217, -138.840560913, 207.536270142, -173.93888855, 0.453341513872, 94.5214920044], [1696.56982422, 1626.97058105, -114.568725586, -244.792114258, -185.167175293, -297.29675293, -96.6698303223, -18.5009117126, -120.20223999, -52.6762886047, -52.9450111389, -59.3842201233, -71.2352142334], [-1802.20898438, -114.568725586, 1150.23132324, 443.326416016, 151.338775635, -51.994102478, 41.124080658, 73.8693161011, -35.585811615, -137.736679077, 35.564201355, -25.4400024414, -69.0158843994], [-678.432006836, -244.792114258, 443.326416016, 472.994293213, 223.730667114, -39.5553092957, -31.6591358185, -15.0411539078, -7.13675642014, -19.2714614868, -28.5182151794, -25.2206478119, 21.8440437317], [-720.675964355, -185.167175293, 151.338775635, 223.730667114, 259.924621582, 27.2524967194, -2.43027210236, -17.7731933594, 15.9178247452, 6.78424549103, -13.0999135971, -15.2164812088, 31.1879444122], [-233.673843384, -297.29675293, -51.994102478, -39.5553092957, 27.2524967194, 181.532211304, 90.1867218018, 19.246969223, 50.8679618835, 19.1552181244, 23.3920879364, 35.6403083801, 23.0557861328], [-421.205566406, -96.6698303223, 41.124080658, -31.6591358185, -2.43027210236, 90.1867218018, 174.506896973, 89.3678665161, 41.4068260193, 3.82322478294, 36.6722755432, 32.7526779175, 2.43465948105], [-168.591522217, -18.5009117126, 73.8693161011, -15.0411539078, -17.7731933594, 19.246969223, 89.3678665161, 136.735366821, 46.4804420471, -0.190633326769, 30.0694065094, 19.4030380249, 2.58630490303], [-138.840560913, -120.20223999, -35.585811615, -7.13675642014, 15.9178247452, 50.8679618835, 41.4068260193, 46.4804420471, 90.6577529907, 43.2915077209, 12.8218612671, 19.9474143982, 18.6792907715], [207.536270142, -52.6762886047, -137.736679077, -19.2714614868, 6.78424549103, 19.1552181244, 3.82322478294, -0.190633326769, 43.2915077209, 95.9516601562, 26.774564743, 20.3779430389, 31.3990268707], [-173.93888855, -52.9450111389, 35.564201355, -28.5182151794, -13.0999135971, 23.3920879364, 36.6722755432, 30.0694065094, 12.8218612671, 26.774564743, 82.3668289185, 40.5101547241, -2.38898038864], [0.453341513872, -59.3842201233, -25.4400024414, -25.2206478119, -15.2164812088, 35.6403083801, 32.7526779175, 19.4030380249, 19.9474143982, 20.3779430389, 40.5101547241, 73.7065353394, 37.654045105], [94.5214920044, -71.2352142334, -69.0158843994, 21.8440437317, 31.1879444122, 23.0557861328, 2.43465948105, 2.58630490303, 18.6792907715, 31.3990268707, -2.38898038864, 37.654045105, 86.9383239746]],
        "icov": [[0.000904970860574, -0.00104726490099, 0.00142736628186, -0.00196996284649, 0.0027526258491, -0.0024406213779, 0.00261498335749, -0.00179263320751, 0.00179193820804, -0.00165988481604, 0.00108943670057, -0.00055069627706, -9.11199313123e-05], [-0.00104726490099, 0.00237452774309, -0.00185882288497, 0.00335405091755, -0.00342739606276, 0.00493771163747, -0.00352819613181, 0.00202045217156, -0.00130803999491, 0.00145277532283, -0.000216802494833, 0.000250713725109, 0.000366454769392], [0.00142736628186, -0.00185882288497, 0.00469498476014, -0.00582774495706, 0.00481206225231, -0.00402322877198, 0.00397516647354, -0.00347553705797, 0.00210768450052, 0.000996527611278, -0.00130580330733, -0.0002924396249, 0.000727211765479], [-0.00196996284649, 0.00335405091755, -0.00582774495706, 0.0118940854445, -0.0102219963446, 0.00839327462018, -0.00579997198656, 0.0042409049347, -0.00262523279525, 0.00029437977355, 0.00194638979156, 4.62361413156e-07, -0.000736414105631], [0.0027526258491, -0.00342739606276, 0.00481206225231, -0.0102219963446, 0.0162477567792, -0.00948271621019, 0.00759461708367, -0.00402984768152, 0.00372759159654, -0.00391531642526, 0.000876938225701, 0.00220474158414, -0.00313693378121], [-0.0024406213779, 0.00493771163747, -0.00402322877198, 0.00839327462018, -0.00948271621019, 0.0206512659788, -0.0136157125235, 0.00907610543072, -0.00872022286057, 0.00591697311029, -0.00233031390235, -0.000441729236627, -0.000703051278833], [0.00261498335749, -0.00352819613181, 0.00397516647354, -0.00579997198656, 0.00759461708367, -0.0136157125235, 0.0204992610961, -0.0128654483706, 0.00653593754396, -0.00520739285275, 0.00276895007119, -0.00379795557819, 0.00177148578223], [-0.00179263320751, 0.00202045217156, -0.00347553705797, 0.0042409049347, -0.00402984768152, 0.00907610543072, -0.0128654483706, 0.0195836536586, -0.0125269023702, 0.00767107959837, -0.00672383559868, 0.00391418952495, -0.00336279114708], [0.00179193820804, -0.00130803999491, 0.00210768450052, -0.00262523279525, 0.00372759159654, -0.00872022286057, 0.00653593754396, -0.0125269023702, 0.0270394254476, -0.0155566977337, 0.00958459917456, -0.00567815918475, 0.00300933374092], [-0.00165988481604, 0.00145277532283, 0.000996527611278, 0.00029437977355, -0.00391531642526, 0.00591697311029, -0.00520739285275, 0.00767107959837, -0.0155566977337, 0.0277791861445, -0.0158853009343, 0.00691105797887, -0.00665497407317], [0.00108943670057, -0.000216802494833, -0.00130580330733, 0.00194638979156, 0.000876938225701, -0.00233031390235, 0.00276895007119, -0.00672383559868, 0.00958459917456, -0.0158853009343, 0.0304185077548, -0.0180899314582, 0.00988685060292], [-0.00055069627706, 0.000250713725109, -0.0002924396249, 4.62361413156e-07, 0.00220474158414, -0.000441729236627, -0.00379795557819, 0.00391418952495, -0.00567815918475, 0.00691105797887, -0.0180899314582, 0.0327830798924, -0.016083849594], [-9.11199313123e-05, 0.000366454769392, 0.000727211765479, -0.000736414105631, -0.00313693378121, -0.000703051278833, 0.00177148578223, -0.00336279114708, 0.00300933374092, -0.00665497407317, 0.00988685060292, -0.016083849594, 0.0230210311711]]
    },
    "spectral_contrast_coeffs": {
        "max": [-0.386911392212, -0.403474509716, -0.49376681447, -0.60282844305, -0.656397402287, -0.615280866623],
        "mean": [-0.685600876808, -0.737393796444, -0.787180125713, -0.826379358768, -0.82546132803, -0.79678684473],
        "min": [-0.907160997391, -0.955293297768, -0.942898333073, -0.926205098629, -0.9078977108, -0.86251449585],
        "stdev": [0.0962150245905, 0.106659077108, 0.0847385078669, 0.0563142672181, 0.0425371751189, 0.0389775782824]
    },
    "spectral_contrast_valleys": {
        "max": [-5.44975280762, -5.1268529892, -4.83318996429, -5.97152328491, -6.99887943268, -9.6408033371],
        "mean": [-7.66878080368, -7.58272409439, -8.5955247879, -9.13842391968, -9.55752754211, -12.6088867188],
        "min": [-9.89599609375, -10.5382041931, -10.8900527954, -11.1907901764, -11.972076416, -14.289355278],
        "stdev": [0.881166517735, 1.06461071968, 1.08399021626, 1.08094215393, 0.767239809036, 0.434458315372]
    }
},
"rhythm": {
    "beats_count": 74,
    "beats_loudness": {
        "max": 0.165153264999,
        "mean": 0.0194837953895,
        "min": 2.97739989037e-05,
        "stdev": 0.0288284886628
    },
    "bpm": 143.987564087,
    "bpm_histogram_first_peak_bpm": 144,
    "bpm_histogram_first_peak_weight": 0.476190447807,
    "bpm_histogram_second_peak_bpm": 136,
    "bpm_histogram_second_peak_spread": 0.399999976158,
    "bpm_histogram_second_peak_weight": 0.0821917802095,
    "danceability": 0.971345841885,
    "onset_rate": 2.98388648033,
    "beats_loudness_band_ratio": {
        "max": [0.872976183891, 0.847067534924, 0.856632709503, 0.828266501427, 0.238071173429, 0.158713966608],
        "mean": [0.397843539715, 0.305826961994, 0.24688000977, 0.116098880768, 0.0296911355108, 0.00807976908982],
        "min": [0.0118677476421, 0.0295957922935, 0.0195589624345, 0.00076647818787, 0.000736204150598, 8.55845355545e-05],
        "stdev": [0.274808079004, 0.209589764476, 0.197598591447, 0.183324918151, 0.0553485900164, 0.0220255702734]
    },
