{
"metadata": {
    "version": {
        "essentia": "2.1-beta5",
        "essentia_git_sha": "Undefined",
        "extractor": "music 2.0"
    },
    "audio_properties": {
        "analysis": {
            "equal_loudness": 0,
            "length": 12.7477550507,
            "sample_rate": 44100,
            "start_time": 0,
            "downmix": "mix"
        },
        "bit_rate": 192000,
        "length": 184.459335327,
        "lossless": 0,
        "number_channels": 2,
        "replay_gain": 0.644495010376,
        "sample_rate": 48000,
        "codec": "mp3",
        "md5_encoded": "c8cc72031ab3e919550f2bce4e706f2e"
    },
    "tags": {
        "file_name": "Netherlands_De Oude Muzikant_Ben Cramer.mp3",
        "encoding": ["Lavf58.29.100"]
    }
},
"lowlevel": {
    "average_loudness": 0.65580278635,
    "barkbands_crest": {
        "max": 26.3747844696,
        "mean": 13.0069217682,
        "min": 2.93842053413,
        "stdev": 5.7770357132
    },
    "barkbands_flatness_db": {
        "max": 0.468730926514,
        "mean": 0.204933151603,
        "min": 0.0444656535983,
        "stdev": 0.115779958665
    },
    "barkbands_kurtosis": {
        "max": 368.082489014,
        "mean": 40.0983009338,
        "min": -1.87696504593,
        "stdev": 53.6534919739
    },
    "barkbands_skewness": {
        "max": 16.4697990417,
        "mean": 3.72990322113,
        "min": -5.08594989777,
        "stdev": 3.42254424095
    },
    "barkbands_spread": {
        "max": 107.204124451,
        "mean": 23.4022331238,
        "min": 0.356984317303,
        "stdev": 23.1840362549
    },
    "dissonance": {
        "max": 0.499355852604,
        "mean": 0.461705803871,
        "min": 0.295972019434,
        "stdev": 0.0331610105932
    },
    "dynamic_complexity": 12.987288475,
    "erbbands_crest": {
        "max": 34.938911438,
        "mean": 9.37920093536,
        "min": 2.45552277565,
        "stdev": 6.30733776093
    },
    "erbbands_flatness_db": {
        "max": 0.373732537031,
        "mean": 0.137508615851,
        "min": 0.0536360964179,
        "stdev": 0.062885992229
    },
    "erbbands_kurtosis": {
        "max": 114.851852417,
        "mean": 4.57342100143,
        "min": -1.73472714424,
        "stdev": 13.4109859467
    },
    "erbbands_skewness": {
        "max": 5.87819433212,
        "mean": 0.618551790714,
        "min": -7.24080705643,
        "stdev": 1.7999253273
    },
    "erbbands_spread": {
        "max": 144.87046814,
        "mean": 57.408039093,
        "min": 0.955213606358,
        "stdev": 30.1246032715
    },
    "hfc": {
        "max": 7164.39306641,
        "mean": 56.65599823,
        "min": 1.25062138261e-16,
        "stdev": 541.638549805
    },
    "loudness_ebu128": {
        "integrated": -20.0046291351,
        "loudness_range": 10.2823219299,
        "momentary": {
            "max": -9.4149723053,
            "mean": -31.3198032379,
            "min": -51.4454498291,
            "stdev": 11.026556015
        },
        "short_term": {
            "max": -17.5387935638,
            "mean": -25.9436454773,
            "min": -46.5484619141,
            "stdev": 5.56169271469
        }
    },
    "melbands_crest": {
        "max": 35.7418479919,
        "mean": 17.9774703979,
        "min": 2.07686090469,
        "stdev": 6.02953624725
    },
    "melbands_flatness_db": {
        "max": 0.574141442776,
        "mean": 0.279644101858,
        "min": 0.00653623370454,
        "stdev": 0.141315847635
    },
    "melbands_kurtosis": {
        "max": 680.706054688,
        "mean": 79.4935531616,
        "min": -1.71099185944,
        "stdev": 95.4445114136
    },
    "melbands_skewness": {
        "max": 21.036857605,
        "mean": 5.23039102554,
        "min": -4.54093551636,
        "stdev": 3.59892630577
    },
    "melbands_spread": {
        "max": 149.964675903,
        "mean": 18.9690971375,
        "min": 0.369809895754,
        "stdev": 23.3036613464
    },
    "pitch_salience": {
        "max": 0.841522932053,
        "mean": 0.475762486458,
        "min": 0.0806910917163,
        "stdev": 0.148934960365
    },
    "silence_rate_20dB": {
        "max": 1,
        "mean": 0.990909099579,
        "min": 0,
        "stdev": 0.0949118509889
    },
    "silence_rate_30dB": {
        "max": 1,
        "mean": 0.845454573631,
        "min": 0,
        "stdev": 0.361470550299
    },
    "silence_rate_60dB": {
        "max": 1,
        "mean": 0.519999980927,
        "min": 0,
        "stdev": 0.499600291252
    },
    "spectral_centroid": {
        "max": 11189.5380859,
        "mean": 1221.61779785,
        "min": 123.730667114,
        "stdev": 1053.91784668
    },
    "spectral_complexity": {
        "max": 54,
        "mean": 3.79999995232,
        "min": 0,
        "stdev": 5.24213600159
    },
    "spectral_decrease": {
        "max": 6.85492995099e-29,
        "mean": -1.10487281546e-08,
        "min": -2.02881551559e-07,
        "stdev": 2.19249969291e-08
    },
    "spectral_energy": {
        "max": 1.41555559635,
        "mean": 0.0468393117189,
        "min": 1.10847929338e-20,
        "stdev": 0.120714485645
    },
    "spectral_energyband_high": {
        "max": 1.38425314426,
        "mean": 0.00967879872769,
        "min": 8.04642445021e-21,
        "stdev": 0.102684102952
    },
    "spectral_energyband_low": {
        "max": 0.291342020035,
        "mean": 0.0308545995504,
        "min": 2.07282022312e-23,
        "stdev": 0.0563283450902
    },
    "spectral_energyband_middle_high": {
        "max": 0.0567611344159,
        "mean": 0.000700856908225,
        "min": 1.62950703264e-21,
        "stdev": 0.0038307486102
    },
    "spectral_energyband_middle_low": {
        "max": 0.212571829557,
        "mean": 0.0071026943624,
        "min": 3.04150635775e-22,
        "stdev": 0.0201258845627
    },
    "spectral_entropy": {
        "max": 9.79458427429,
        "mean": 7.29510116577,
        "min": 5.23661899567,
        "stdev": 0.907572448254
    },
    "spectral_flux": {
        "max": 0.862665176392,
        "mean": 0.0506037659943,
        "min": 1.05284343743e-10,
        "stdev": 0.0940110608935
    },
    "spectral_kurtosis": {
        "max": 20.3807125092,
        "mean": 3.60782670975,
        "min": -1.19504356384,
        "stdev": 3.4269297123
    },
    "spectral_rms": {
        "max": 0.0371622107923,
        "mean": 0.00426982855424,
        "min": 3.2885302554e-12,
        "stdev": 0.00524074956775
    },
    "spectral_rolloff": {
        "max": 19272.2167969,
        "mean": 1419.93713379,
        "min": 43.06640625,
        "stdev": 2215.17895508
    },
    "spectral_skewness": {
        "max": 3.92925047874,
        "mean": 1.57926106453,
        "min": 0.00264908466488,
        "stdev": 0.633396863937
    },
    "spectral_spread": {
        "max": 39820572,
        "mean": 6598084.5,
        "min": 2189706.75,
        "stdev": 2570694.5
    },
    "spectral_strongpeak": {
        "max": 48.7242965698,
        "mean": 0.850512802601,
        "min": 0,
        "stdev": 3.20914936066
    },
    "zerocrossingrate": {
        "max": 0.83837890625,
        "mean": 0.0670649856329,
        "min": 0.00341796875,
        "stdev": 0.0706559419632
    },
    "barkbands": {
        "max": [0.00728734629229, 0.22229206562, 0.156631335616, 0.0465630702674, 0.0754072964191, 0.0123542975634, 0.112672396004, 0.0181414596736, 0.0492404997349, 0.00238360185176, 0.000974025926553, 0.000449875136837, 0.00370433647186, 0.000783205265179, 0.000444001227152, 0.0080047622323, 0.00139817071613, 0.00286137871444, 0.0121738482267, 0.432092785835, 0.884964466095, 0.348243296146, 0.121163085103, 0.0232164300978, 0.00426240079105, 0.00963156856596, 0.00546304695308],
        "mean": [0.000387896463508, 0.0211036875844, 0.00789445638657, 0.00298567092977, 0.00229640444741, 0.000342819752404, 0.000873345707078, 0.000182226460311, 0.000418505835114, 4.86854951305e-05, 2.06820077437e-05, 1.3191747712e-05, 4.7070090659e-05, 2.32506772591e-05, 8.92099524208e-06, 0.000157468515681, 2.74793419521e-05, 3.73814509658e-05, 7.48903112253e-05, 0.00166997639462, 0.00501381279901, 0.00193171633873, 0.000960820470937, 0.000197335990379, 4.22430603066e-05, 5.08180492034e-05, 2.68035582849e-05],
        "min": [7.21272565039e-24, 9.21234447244e-24, 5.01940361079e-24, 2.24360561143e-24, 4.41583571924e-23, 4.31921729774e-23, 4.72488491618e-23, 7.13495974235e-23, 8.01430614885e-23, 6.3538132657e-23, 1.78998724064e-23, 2.00911853751e-22, 1.41139029925e-22, 1.08910035601e-22, 1.59010276147e-22, 1.37910316903e-22, 2.10827431433e-22, 2.23554345297e-22, 1.59284673524e-22, 4.17462212304e-22, 4.53410540646e-22, 5.88728635371e-22, 5.45232687837e-22, 1.00744964249e-21, 1.09253524571e-21, 1.62792597868e-21, 2.77550114785e-21],
        "stdev": [0.000908226764295, 0.0401409417391, 0.0188206955791, 0.00603707693517, 0.00805872026831, 0.00134909967892, 0.006601058878, 0.00137125852052, 0.00328216538765, 0.000230080986512, 8.0258861999e-05, 4.63831311208e-05, 0.000300048151985, 6.51798618492e-05, 3.07818736474e-05, 0.000811336329207, 0.000116071954835, 0.000211580409086, 0.000722825934645, 0.0211316607893, 0.0586000494659, 0.0207263529301, 0.0096455803141, 0.00183930213097, 0.000330642506015, 0.000575888727326, 0.000324963737512]
    },
    "erbbands": {
        "max": [5.95514059067, 58.4267616272, 120.456771851, 201.009811401, 241.376617432, 203.951217651, 80.8444366455, 240.880218506, 2032.57763672, 171.655975342, 1086.9387207, 736.464782715, 68.5704574585, 37.031578064, 47.0660629272, 18.9393920898, 79.1146469116, 130.446365356, 24.1882209778, 42.9619255066, 552.573181152, 84.8773803711, 146.904754639, 613.298828125, 1271.59118652, 13035.5722656, 48776.3945312, 16209.546875, 13201.6289062, 9277.1015625, 2788.53930664, 859.28112793, 206.027679443, 57.1707229614, 30.7497596741, 20.0771884918, 25.5866832733, 6.13497638702, 0.915290951729, 0.0420319251716],
        "mean": [0.460490971804, 5.10246229172, 9.57528018951, 10.5830430984, 11.7093858719, 5.24967193604, 1.55942749977, 4.11337280273, 15.2912788391, 2.93721675873, 9.79959201813, 6.5605301857, 1.45983481407, 0.833838582039, 0.920684278011, 0.592594027519, 1.36225605011, 1.7775799036, 0.915208220482, 1.61806285381, 10.3770675659, 2.4632897377, 2.00977683067, 3.01557517052, 9.31038761139, 78.2846221924, 274.800201416, 91.8657302856, 69.1190185547, 59.4377326965, 21.592048645, 7.06819248199, 1.89825546741, 0.550402402878, 0.289792984724, 0.145070180297, 0.120030403137, 0.0314968340099, 0.00449777860194, 0.000268131494522],
        "min": [3.62343074596e-22, 1.73700537325e-21, 5.70056769799e-21, 8.08961555665e-21, 6.14795980296e-20, 1.18046712573e-19, 3.34658638426e-19, 2.81279561974e-19, 6.06402074557e-19, 7.86534508216e-19, 2.15627456847e-18, 1.84816984942e-18, 1.28021068364e-18, 2.1984527147e-18, 2.18274103935e-18, 7.69202944393e-18, 7.31840602331e-18, 6.06551111824e-18, 5.39575538397e-18, 9.98323040519e-18, 8.28391439534e-18, 1.28050048637e-17, 1.42620909573e-17, 7.88914741108e-18, 1.13429515505e-17, 2.04180038175e-17, 2.05843928521e-17, 1.56022856771e-17, 2.25285154458e-17, 1.84331508505e-17, 1.73582875471e-17, 1.8369717678e-17, 1.77706122671e-17, 1.30392036833e-17, 7.80851219061e-18, 5.9151329916e-18, 2.88823800712e-18, 1.37182166026e-18, 3.96023316511e-19, 4.10055272381e-20],
        "stdev": [0.886421203613, 10.3700008392, 19.0518703461, 24.187253952, 29.4326648712, 19.8864898682, 5.58390665054, 17.9949512482, 118.308555603, 12.347281456, 77.9950408936, 49.1263656616, 6.75095033646, 3.22886586189, 3.84459924698, 2.04841184616, 6.93518638611, 9.87999629974, 2.34543013573, 4.12779474258, 55.9766044617, 8.31040096283, 9.868268013, 30.2617664337, 91.9381713867, 874.759887695, 3147.40942383, 1020.01275635, 747.027893066, 634.78302002, 214.391601562, 68.108757019, 17.0403690338, 4.46150541306, 2.27398991585, 1.30527067184, 1.49351680279, 0.375196993351, 0.0546493493021, 0.00267516309395]
    },
    "gfcc": {
        "mean": [-140.531204224, 80.9287109375, -73.9702453613, 61.4331092834, -51.4859313965, 29.2440738678, -40.440574646, 18.6075649261, -21.8004741669, 4.52074384689, -19.8677978516, -4.97832679749, -6.29184579849],
        "cov": [[10238.25, 1731.93371582, 270.71307373, 990.892211914, 273.277038574, -359.748199463, 514.226745605, -417.443328857, 280.86151123, -323.603881836, 68.4866333008, -465.42376709, 110.599617004], [1731.93371582, 1707.49438477, 616.274475098, 263.840362549, 493.664398193, -11.1819896698, 261.832550049, -56.9457893372, 210.636627197, -198.788635254, 125.64957428, -285.413482666, 58.7733421326], [270.71307373, 616.274475098, 1262.03918457, 144.008331299, 282.44128418, 80.003326416, 144.938812256, -81.0208358765, 77.696975708, -60.4746284485, 71.7327957153, -102.226242065, -90.0289764404], [990.892211914, 263.840362549, 144.008331299, 352.482696533, 204.667175293, -4.18329191208, 125.755905151, -55.7186584473, 84.928024292, -123.533737183, 4.71275615692, -100.92263031, 54.2814254761], [273.277038574, 493.664398193, 282.44128418, 204.667175293, 447.217071533, 52.0754470825, 152.095565796, 34.5562896729, 152.689086914, -140.500915527, -5.42125749588, -100.654304504, 58.0811004639], [-359.748199463, -11.1819896698, 80.003326416, -4.18329191208, 52.0754470825, 137.712463379, 16.3096828461, 41.6132240295, -7.951130867, 6.8541674614, -8.90030288696, 9.77158069611, -25.1694850922], [514.226745605, 261.832550049, 144.938812256, 125.755905151, 152.095565796, 16.3096828461, 221.076019287, -35.045085907, 58.207698822, -51.2089118958, 37.3149147034, -86.4288635254, 5.54374170303], [-417.443328857, -56.9457893372, -81.0208358765, -55.7186584473, 34.5562896729, 41.6132240295, -35.045085907, 129.029098511, 13.6926679611, 6.79995584488, -21.1972637177, 27.4419631958, 13.9973325729], [280.86151123, 210.636627197, 77.696975708, 84.928024292, 152.689086914, -7.951130867, 58.207698822, 13.6926679611, 139.392654419, -45.5615730286, 5.64640474319, -43.7189674377, 41.0615386963], [-323.603881836, -198.788635254, -60.4746284485, -123.533737183, -140.500915527, 6.8541674614, -51.2089118958, 6.79995584488, -45.5615730286, 125.711418152, 23.5068759918, 56.593875885, -34.6883850098], [68.4866333008, 125.64957428, 71.7327957153, 4.71275615692, -5.42125749588, -8.90030288696, 37.3149147034, -21.1972637177, 5.64640474319, 23.5068759918, 94.8186264038, -5.1028637886, 10.3431711197], [-465.42376709, -285.413482666, -102.226242065, -100.92263031, -100.654304504, 9.77158069611, -86.4288635254, 27.4419631958, -43.7189674377, 56.593875885, -5.1028637886, 107.731422424, 9.24893283844], [110.599617004, 58.7733421326, -90.0289764404, 54.2814254761, 58.0811004639, -25.1694850922, 5.54374170303, 13.9973325729, 41.0615386963, -34.6883850098, 10.3431711197, 9.24893283844, 100.139648438]],
        "icov": [[0.000213358362089, -0.000298086757539, 6.60929727019e-05, -0.000658390345052, 0.000414882990299, 0.000401985395001, -0.000310356233967, 0.000139615483931, -0.000170004699612, -0.000167165097082, 0.000449164101155, -0.000333332194714, 0.000209878897294], [-0.000298086757539, 0.00228862883523, -0.000487607758259, 0.00198449683376, -0.00157000764739, -0.000723748002201, 0.00109333463479, 0.0001228791225, -4.98499939567e-05, 0.00111543433741, -0.00293379137293, 0.00501126470044, -0.00163008936215], [6.60929727019e-05, -0.000487607758259, 0.00141682627145, -0.000512170663569, -0.000743630400393, -0.000252281141002, 5.87579888816e-05, 0.000920903985389, -0.000257434585365, -1.17540230349e-05, -0.000634353607893, -0.00132593908347, 0.00228998274542], [-0.000658390345052, 0.00198449683376, -0.000512170663569, 0.00875798985362, -0.00242314487696, -0.00240603159182, 0.000597542093601, 0.00236112461425, -0.000212448008824, 0.00384705490433, -0.00243981764652, 0.00609299680218, -0.00409880187362], [0.000414882990299, -0.00157000764739, -0.000743630400393, -0.00242314487696, 0.00878174137324, -0.0012319048401, -0.00295875407755, -0.00232668919489, -0.00415173964575, 0.00311314919963, 0.00299506960437, -0.00188588665333, -0.00116024538875], [0.000401985395001, -0.000723748002201, -0.000252281141002, -0.00240603159182, -0.0012319048401, 0.0114292558283, -0.00202503916807, -0.00351790874265, 0.00193944294006, -0.00191678653937, 0.0016981655499, -0.00405835267156, 0.00398941524327], [-0.000310356233967, 0.00109333463479, 5.87579888816e-05, 0.000597542093601, -0.00295875407755, -0.00202503916807, 0.00932694040239, 0.00167327036615, -0.00011332842405, -0.00010400620522, -0.00454931613058, 0.0064598787576, -0.000229430908803], [0.000139615483931, 0.0001228791225, 0.000920903985389, 0.00236112461425, -0.00232668919489, -0.00351790874265, 0.00167327036615, 0.0126031395048, -0.00170188501943, -0.000287829345325, 0.000957430806011, -6.8263769208e-05, -0.00156170141418], [-0.000170004699612, -4.98499939567e-05, -0.000257434585365, -0.000212448008824, -0.00415173964575, 0.00193944294006, -0.00011332842405, -0.00170188501943, 0.0135707147419, -0.00263843708672, 0.000345733133145, 0.002185853431, -0.00347574753687], [-0.000167165097082, 0.00111543433741, -1.17540230349e-05, 0.00384705490433, 0.00311314919963, -0.00191678653937, -0.00010400620522, -0.000287829345325, -0.00263843708672, 0.0193984340876, -0.0068138805218, -0.00302733038552, 0.00397754460573], [0.000449164101155, -0.00293379137293, -0.000634353607893, -0.00243981764652, 0.00299506960437, 0.0016981655499, -0.00454931613058, 0.000957430806011, 0.000345733133145, -0.0068138805218, 0.018788613379, -0.00508553208783, -0.00318730133586], [-0.000333332194714, 0.00501126470044, -0.00132593908347, 0.00609299680218, -0.00188588665333, -0.00405835267156, 0.0064598787576, -6.8263769208e-05, 0.002185853431, -0.00302733038552, -0.00508553208783, 0.0326217710972, -0.0117747988552], [0.000209878897294, -0.00163008936215, 0.00228998274542, -0.00409880187362, -0.00116024538875, 0.00398941524327, -0.000229430908803, -0.00156170141418, -0.00347574753687, 0.00397754460573, -0.00318730133586, -0.0117747988552, 0.0211179442704]]
    },
    "melbands": {
        "max": [0.0478186644614, 0.0533069781959, 0.0320632569492, 0.0192672405392, 0.00220169103704, 0.0078819654882, 0.026353277266, 0.000784411036875, 0.0117667336017, 0.0038799084723, 0.000335659366101, 0.000201300252229, 0.000141022639582, 4.45939949714e-05, 8.35259488667e-05, 0.000374999537598, 0.000212468934478, 4.30282052548e-05, 3.81517129426e-05, 0.000153023895109, 0.000705391401425, 9.46768341237e-05, 7.61241171858e-05, 0.000184363612789, 0.000552498502657, 0.000413426285377, 0.00263811647892, 0.0108138080686, 0.0391270779073, 0.0191823858768, 0.00620884913951, 0.00697104213759, 0.00772062689066, 0.00431522261351, 0.00180987687781, 0.000793062732555, 0.000423480669269, 0.000179794908036, 6.05595851084e-05, 4.15362155763e-05],
        "mean": [0.0050942748785, 0.005770358257, 0.0019120387733, 0.000627633475233, 6.55828625895e-05, 0.000107038431452, 0.000202303097467, 1.64557495737e-05, 0.000102982172393, 3.44938416674e-05, 6.94744403518e-06, 4.09341373597e-06, 3.10204609377e-06, 1.25136671159e-06, 2.08119922718e-06, 4.8223646445e-06, 2.969077741e-06, 1.69827160335e-06, 9.69283632912e-07, 4.12299687014e-06, 1.29910458782e-05, 1.92544234778e-06, 1.42649594181e-06, 1.96614200831e-06, 2.3598165626e-06, 2.78345419247e-06, 1.3111572116e-05, 5.18212218594e-05, 0.000215607156861, 9.42881233641e-05, 3.49476867996e-05, 3.65775777027e-05, 4.22332304879e-05, 2.88692790491e-05, 1.36363214551e-05, 6.22632205705e-06, 3.42437533618e-06, 1.4535006585e-06, 5.86022338211e-07, 3.99862017275e-07],
        "min": [3.40705317319e-24, 2.76687262986e-24, 2.72994723418e-24, 6.63567784253e-24, 1.01694804528e-23, 7.43498326613e-24, 9.99888928205e-24, 8.91366358992e-24, 1.88916677795e-23, 1.09300370287e-23, 5.92864192913e-24, 8.91336224506e-24, 4.8725729305e-24, 1.47491288188e-23, 2.13386275328e-23, 1.56170462085e-23, 1.10570105023e-23, 8.01080281757e-24, 1.42275686982e-23, 1.03319905324e-23, 9.20063698775e-24, 1.42387153027e-23, 1.09408649335e-23, 1.18926816248e-23, 5.65722092405e-24, 5.13084717416e-24, 1.28936538168e-23, 1.32823666056e-23, 1.36184434393e-23, 1.06183935838e-23, 7.60783531224e-24, 1.32693362011e-23, 1.10842940456e-23, 8.97818531222e-24, 1.05248930562e-23, 8.80519600432e-24, 1.16779308094e-23, 1.26151906504e-23, 1.09565309222e-23, 1.10601730457e-23],
        "stdev": [0.00923352595419, 0.0113433487713, 0.0041007087566, 0.00206424714997, 0.000195334650925, 0.000511257443577, 0.00154587836005, 4.32687520515e-05, 0.00083076901501, 0.000256625935435, 3.12599258905e-05, 1.70434104803e-05, 1.17751787911e-05, 4.24524841947e-06, 7.61585533837e-06, 3.09897150146e-05, 1.57838821906e-05, 4.40534267909e-06, 2.64957861873e-06, 1.64306911756e-05, 7.10578533472e-05, 8.22515812615e-06, 5.37877122042e-06, 1.25179876704e-05, 2.59912940237e-05, 2.566576768e-05, 0.000145866943058, 0.000603228167165, 0.00255622132681, 0.00111585611012, 0.000380520912586, 0.000392642978113, 0.000463058735477, 0.000301249150652, 0.000135219364893, 6.15574826952e-05, 3.25837936543e-05, 1.32765198941e-05, 4.84588554173e-06, 3.14412091029e-06]
    },
    "melbands128": {
        "max": [0.00702036637813, 0.0501577220857, 0.0714797377586, 0.112727612257, 0.0574269406497, 0.089543402195, 0.0452353097498, 0.0269365813583, 0.030503930524, 0.0321263223886, 0.00912463478744, 0.00235036248341, 0.00235915509984, 0.00594518659636, 0.0037411111407, 0.00562737509608, 0.0495387949049, 0.0296487882733, 0.00359439360909, 0.00034404580947, 8.70616786415e-05, 0.000351243157638, 0.0173509176821, 0.0203324761242, 0.00153966550715, 8.27106196084e-05, 8.59283900354e-05, 0.000352546223439, 0.000875338970218, 0.000251880497672, 3.12246738758e-05, 2.54705428233e-05, 0.000180040166015, 0.000260817236267, 2.10893722397e-05, 2.26073861995e-05, 4.20536889578e-05, 0.000186260396731, 3.45931839547e-05, 2.56910243479e-05, 0.000636895303614, 0.000807544623967, 7.17944567441e-05, 6.08375448792e-05, 0.000130931264721, 2.62744724751e-05, 3.8771348045e-05, 4.2784420657e-05, 3.00695865008e-05, 7.88645775174e-05, 0.000118811592984, 0.000191035331227, 0.00185547512956, 0.000208609111723, 0.000153788772877, 0.000122931334772, 0.000110334411147, 4.3898482545e-05, 0.000143445038702, 9.37970471568e-05, 0.000214563959162, 0.000241316505708, 0.00100463151466, 0.000493335945066, 0.000158883718541, 0.000314083648846, 0.000697623880114, 0.000712392560672, 0.00476327165961, 0.00353079568595, 0.00795290619135, 0.00816017948091, 0.0517674013972, 0.0645932555199, 0.0252481922507, 0.0298821162432, 0.0130507349968, 0.00817948020995, 0.00497937016189, 0.00298454426229, 0.00790769886225, 0.00809009745717, 0.00761156855151, 0.00927068013698, 0.0094321379438, 0.00526984129101, 0.00297544850037, 0.00277954828925, 0.00210660835728, 0.00136601505801, 0.00132731720805, 0.000768732163124, 0.000720316136722, 0.00042580414447, 0.000469444494229, 0.000196693523321, 0.000228871533182, 7.85833399277e-05, 6.83247199049e-05, 6.52895687381e-05, 5.99619925197e-05, 4.44313700427e-05, 4.03134981752e-05, 4.5180455345e-05, 3.48322755599e-05, 3.7184181565e-05, 2.05377582461e-05, 1.4047293007e-05, 1.94306121557e-05, 3.15778706863e-05, 8.44519818202e-05, 0.000197715649847, 8.66828704602e-05, 5.8240013459e-05, 4.95595631946e-05, 5.31199220859e-05, 5.49052856513e-05, 3.65910273104e-05, 3.72875547328e-05, 3.19085156661e-05, 2.47784391831e-05, 1.90802347788e-05, 1.29539594127e-05, 6.43307066639e-06, 5.14668727192e-06, 5.58641568205e-06, 4.25783400715e-06, 5.82924440096e-06],
        "mean": [0.000363852799637, 0.00286288466305, 0.00718312384561, 0.00918952934444, 0.00565532734618, 0.00392822548747, 0.00212684832513, 0.00149297679309, 0.00124246568885, 0.00065420975443, 0.000188114747289, 6.39529680484e-05, 2.94629790005e-05, 6.66862251819e-05, 6.35784599581e-05, 8.6137544713e-05, 0.000356863660272, 0.000222207250772, 2.69130778179e-05, 2.46458403126e-05, 5.77314312977e-06, 5.93517415837e-06, 0.000154500434292, 0.000166217505466, 1.77344281838e-05, 1.71719602804e-06, 2.7235212201e-06, 4.82115092382e-06, 1.63409367815e-05, 3.97857547796e-06, 5.57180271699e-07, 1.33391358759e-06, 4.65121229354e-06, 3.45044418282e-06, 8.0429430227e-07, 7.9092416172e-07, 1.11896656563e-06, 3.55255360773e-06, 1.33047933559e-06, 1.03823958852e-06, 7.27243559595e-06, 8.7430316853e-06, 1.14573674637e-06, 6.80898210703e-07, 3.63984281648e-06, 1.31700255679e-06, 4.37288377952e-07, 7.39600011457e-07, 6.0320405737e-07, 3.07744653583e-06, 1.17973434044e-06, 3.38620566254e-06, 3.25651781168e-05, 4.40087524112e-06, 9.30394662646e-07, 2.89117747343e-06, 1.84119619462e-06, 8.10565097709e-07, 1.4715440102e-06, 2.15432805817e-06, 1.63503193562e-06, 2.01020634449e-06, 3.20862341141e-06, 2.06207391784e-06, 1.63260403951e-06, 2.16709418055e-06, 4.06404706155e-06, 5.08610628458e-06, 1.58071434271e-05, 2.15507679968e-05, 3.66441781807e-05, 3.25174478348e-05, 0.000227899712627, 0.000303401844576, 0.000119411757623, 0.00010892561113, 7.88460747572e-05, 5.16298168804e-05, 2.4176104489e-05, 1.90995287994e-05, 4.05339778808e-05, 3.95342249249e-05, 4.06274230045e-05, 4.59787879663e-05, 4.05162318202e-05, 3.42538696714e-05, 2.31446283578e-05, 2.03029703698e-05, 1.38450450322e-05, 8.22548827273e-06, 7.77754848968e-06, 5.38126460015e-06, 4.6083214329e-06, 3.54428584615e-06, 2.68866074293e-06, 1.63479751336e-06, 1.38226312174e-06, 7.9077585724e-07, 5.83413680033e-07, 4.926089332e-07, 4.02452798198e-07, 3.58263037015e-07, 4.30451962075e-07, 3.78930650413e-07, 3.40635665452e-07, 3.06284306362e-07, 1.97166670546e-07, 1.58709895004e-07, 1.95440946982e-07, 2.44896227741e-07, 4.20351625507e-07, 6.32800720268e-07, 3.83004504556e-07, 2.64519286475e-07, 2.47065571557e-07, 2.64912500825e-07, 2.58848444901e-07, 2.20682707663e-07, 1.79705565984e-07, 1.40774062629e-07, 1.21936537312e-07, 9.22177747498e-08, 6.80396681219e-08, 3.92606303024e-08, 3.06804395223e-08, 3.00641609385e-08, 2.22474909606e-08, 2.56503103202e-08],
        "min": [5.53960334081e-24, 3.80994573673e-24, 2.09300299272e-24, 3.35045595311e-24, 3.18821231124e-24, 2.37409069933e-24, 1.2790393502e-24, 1.21715863561e-24, 7.26169734653e-24, 7.54688949643e-24, 5.20681053503e-24, 9.73246807739e-24, 1.64810524258e-23, 3.22587746124e-24, 1.9365600423e-24, 1.41412073617e-23, 1.38350756879e-23, 3.68738120674e-24, 1.35703481676e-23, 6.52586879895e-24, 7.09282510368e-24, 1.55582571384e-23, 2.4405556227e-23, 1.76523231212e-23, 1.07236812711e-23, 9.30569827197e-24, 7.44707571495e-24, 6.32342736915e-24, 1.53756100036e-24, 1.34558402741e-23, 1.06818976756e-23, 1.48908470888e-24, 3.0174568602e-24, 5.62697836353e-24, 1.63650015203e-23, 7.96840548822e-24, 2.85372010186e-23, 3.30859844128e-23, 4.7934462374e-24, 1.75046767587e-23, 2.23387848315e-23, 5.72974248479e-24, 5.13481120021e-24, 2.36798215491e-23, 6.54048205279e-24, 3.91904165005e-24, 6.97258850223e-24, 1.66884581573e-23, 1.51408329681e-23, 1.75719113737e-23, 4.33632619194e-24, 1.06485690912e-23, 1.08481217123e-23, 5.63513991846e-24, 1.12553664215e-23, 2.05360467587e-23, 1.12322330755e-23, 8.5231963745e-24, 9.14890743389e-24, 1.81572114555e-23, 1.4976000482e-23, 4.20929197607e-24, 7.64870619574e-24, 5.66073490496e-24, 3.56346141373e-24, 3.50875390995e-24, 6.8688209499e-24, 1.10960251961e-23, 1.23249166586e-23, 1.88472738432e-23, 1.38046493228e-23, 9.1836338798e-24, 1.32692999135e-23, 1.52957778717e-23, 1.31448066186e-23, 8.63245439874e-24, 1.28304881464e-23, 9.15534138343e-24, 5.1373951141e-24, 7.73560001331e-24, 1.12758405174e-23, 1.83039111849e-23, 1.14517777985e-23, 1.00581682348e-23, 9.2806969033e-24, 1.46409207684e-23, 5.51996859288e-24, 5.45049321852e-24, 1.47820116968e-23, 1.05116275712e-23, 6.63556819086e-24, 7.33684108091e-24, 1.37878686736e-23, 1.17927416256e-23, 1.03394949662e-23, 1.26203308681e-23, 1.22649174758e-23, 1.48568982625e-23, 9.75741974782e-24, 8.35250028525e-24, 1.4789610005e-23, 1.11123861713e-23, 6.89823993964e-24, 1.08190403551e-23, 7.15937498737e-24, 8.58932263988e-24, 9.08177773744e-24, 9.79992988428e-24, 1.24125890819e-23, 1.17604622262e-23, 5.96637787939e-24, 6.40420317597e-24, 1.09548175164e-23, 1.02307883558e-23, 8.4036468709e-24, 1.38081786865e-23, 1.04902857283e-23, 7.98279509999e-24, 1.28346225664e-23, 1.48085994647e-23, 1.55759891538e-23, 6.94837757219e-24, 8.63813340839e-24, 1.25269423587e-23, 1.52936179705e-23, 1.19355925026e-23, 1.37938056408e-23, 9.83578282356e-24],
        "stdev": [0.000886535737664, 0.00656740553677, 0.0137693239376, 0.0207551419735, 0.0119893429801, 0.0105121983215, 0.00530622154474, 0.00306747667491, 0.00346945971251, 0.00330460607074, 0.000720255135093, 0.00019492332649, 0.000159645234817, 0.000364215957234, 0.000282135530142, 0.000493798928801, 0.0028257840313, 0.00182355218567, 0.000164673634572, 4.92673461849e-05, 9.09361551749e-06, 2.52930149145e-05, 0.0012848082697, 0.00135259737726, 9.72754642135e-05, 4.53642587672e-06, 7.0755163506e-06, 2.60010074271e-05, 8.09433768154e-05, 1.69146624103e-05, 2.59478565567e-06, 3.03944739244e-06, 1.6260164557e-05, 2.06343429454e-05, 2.12571239899e-06, 1.64551465787e-06, 4.59337388747e-06, 1.6303423763e-05, 3.1181552913e-06, 2.38546181208e-06, 5.34551763849e-05, 6.04352135269e-05, 4.59710599898e-06, 3.69689610125e-06, 1.12257021101e-05, 3.10420887217e-06, 2.18616264647e-06, 3.47271179635e-06, 2.13334465116e-06, 5.88710008742e-06, 6.74196189721e-06, 1.70415132743e-05, 0.000187231838936, 2.00059148483e-05, 7.97373832029e-06, 1.22859783005e-05, 8.51481581776e-06, 3.32435547534e-06, 7.47695821701e-06, 7.40692667023e-06, 1.20550284919e-05, 1.48021463247e-05, 4.46882186225e-05, 2.34303424804e-05, 1.09934871944e-05, 1.95910397451e-05, 4.26998594776e-05, 4.82634277432e-05, 0.000219051798922, 0.000231264930335, 0.000426297658123, 0.000419965188485, 0.00283197895624, 0.00393444066867, 0.00147111865226, 0.00144004344475, 0.000926398672163, 0.000569194846321, 0.000277214800008, 0.000196504668565, 0.000443196011474, 0.000442831544206, 0.000464684679173, 0.000523843744304, 0.00049918575678, 0.000362746184692, 0.000239905988565, 0.000202643452212, 0.000138591814903, 8.60952422954e-05, 8.03333241493e-05, 5.41298504686e-05, 4.59910042991e-05, 3.41831328114e-05, 2.71636145044e-05, 1.50885416588e-05, 1.35119335027e-05, 6.68333814247e-06, 4.92876597491e-06, 4.4278281166e-06, 3.41545114679e-06, 2.74730246019e-06, 3.32486570187e-06, 3.11198346026e-06, 2.69642350759e-06, 2.48221840593e-06, 1.3914544752e-06, 1.05240837911e-06, 1.4841554048e-06, 2.25321809921e-06, 5.11495181854e-06, 9.3984308478e-06, 4.85112559545e-06, 3.26806389239e-06, 2.98120357911e-06, 3.20761773764e-06, 3.16317959914e-06, 2.60482920567e-06, 2.21997470362e-06, 1.79852531801e-06, 1.48627077579e-06, 1.12725592771e-06, 8.24936705612e-07, 4.63762319214e-07, 3.57743772383e-07, 3.58564847147e-07, 2.6509133022e-07, 3.21660451164e-07]
    },
    "mfcc": {
        "mean": [-791.774780273, 104.244758606, 40.5812950134, 38.3860435486, 21.5927219391, 13.7489700317, 6.29826211929, 7.34525918961, 8.74133491516, 8.1789894104, -1.66658735275, 2.57492089272, -1.78015828133],
        "cov": [[7453.33300781, 856.053771973, 46.0832710266, 1065.77832031, -147.107727051, 328.73236084, 87.9750747681, 26.5094985962, 85.8065948486, 50.6824035645, 1.86545956135, -26.3744544983, -187.377075195], [856.053771973, 1453.00830078, 413.440948486, 317.570983887, 341.581726074, 134.754989624, 175.381652832, 125.6665802, 99.6895904541, 77.8444824219, 129.645782471, 9.15237426758, -39.7384757996], [46.0832710266, 413.440948486, 717.051940918, 145.425369263, 175.241897583, 113.291854858, 54.9316978455, 29.0691661835, -49.0166740417, 12.5888385773, 86.6554489136, -5.46743392944, -14.5520372391], [1065.77832031, 317.570983887, 145.425369263, 396.304351807, 155.485153198, 120.962463379, 76.3567504883, 86.9889068604, 76.3686065674, 38.8237762451, 14.0841827393, -17.4710521698, -45.8083686829], [-147.107727051, 341.581726074, 175.241897583, 155.485153198, 306.520812988, 70.9158935547, 55.3101234436, 116.702392578, 92.9527130127, 42.9251785278, 13.2469406128, -10.5320224762, 0.187263280153], [328.73236084, 134.754989624, 113.291854858, 120.962463379, 70.9158935547, 151.582992554, 57.8598175049, 49.1427345276, 25.7248592377, 24.3983001709, 25.0237407684, -0.341656565666, -9.46889591217], [87.9750747681, 175.381652832, 54.9316978455, 76.3567504883, 55.3101234436, 57.8598175049, 122.676742554, 59.40102005, 18.732793808, 22.9989299774, 36.6085968018, -2.36093783379, -30.9236965179], [26.5094985962, 125.6665802, 29.0691661835, 86.9889068604, 116.702392578, 49.1427345276, 59.40102005, 128.885772705, 74.2783508301, 35.8697662354, 12.7186889648, -9.07442378998, -16.7986431122], [85.8065948486, 99.6895904541, -49.0166740417, 76.3686065674, 92.9527130127, 25.7248592377, 18.732793808, 74.2783508301, 122.61415863, 38.0436973572, -8.17108345032, -9.86165332794, 5.60524845123], [50.6824035645, 77.8444824219, 12.5888385773, 38.8237762451, 42.9251785278, 24.3983001709, 22.9989299774, 35.8697662354, 38.0436973572, 69.2938842773, 26.7239017487, -2.46284985542, -8.14500331879], [1.86545956135, 129.645782471, 86.6554489136, 14.0841827393, 13.2469406128, 25.0237407684, 36.6085968018, 12.7186889648, -8.17108345032, 26.7239017487, 85.3866882324, 1.11206138134, -39.6361656189], [-26.3744544983, 9.15237426758, -5.46743392944, -17.4710521698, -10.5320224762, -0.341656565666, -2.36093783379, -9.07442378998, -9.86165332794, -2.46284985542, 1.11206138134, 65.2316131592, 45.5822296143], [-187.377075195, -39.7384757996, -14.5520372391, -45.8083686829, 0.187263280153, -9.46889591217, -30.9236965179, -16.7986431122, 5.60524845123, -8.14500331879, -39.6361656189, 45.5822296143, 113.783683777]],
        "icov": [[0.000374458584702, -0.000287406845018, 0.000102672544017, -0.00115192832891, 0.00102457415778, -0.000427326944191, 0.000553534016944, -4.90798556712e-05, 2.16311254917e-05, -0.000127845982206, 0.000495895510539, -0.000243428075919, 0.000431639084127], [-0.000287406845018, 0.0015304723056, -0.0003820626589, 0.000369855493773, -0.00178671861067, 0.00073830562178, -0.00156670506112, 0.000890962372068, -0.000719484640285, 0.000281906628516, -0.00182228302583, -0.000132875371492, -0.000594553595874], [0.000102672544017, -0.0003820626589, 0.00263555208221, -0.000832479214296, -0.0012221231591, -0.00115255289711, 0.00082061154535, -9.96617236524e-05, 0.00274946819991, 0.00054705212824, -0.00226422026753, 0.00123972957954, -0.00122969050426], [-0.00115192832891, 0.000369855493773, -0.000832479214296, 0.00821665953845, -0.00364469434135, -0.00114778568968, -0.00215319893323, 0.000372533831978, -0.00178186525591, -0.000205800868571, 0.00130732462276, -0.000339979393175, 0.00147862476297], [0.00102457415778, -0.00178671861067, -0.0012221231591, -0.00364469434135, 0.0105934040621, -0.0011025472777, 0.0023055090569, -0.00460305064917, -0.00237773708068, -0.000900079554413, 0.00316902855411, -2.32423790294e-05, 0.000443374330644], [-0.000427326944191, 0.00073830562178, -0.00115255289711, -0.00114778568968, -0.0011025472777, 0.011182365939, -0.00362975010648, -0.000932221941184, -0.000275211874396, -0.000538481224794, -0.00201916205697, 0.000405501399655, -0.00213787541725], [0.000553534016944, -0.00156670506112, 0.00082061154535, -0.00215319893323, 0.0023055090569, -0.00362975010648, 0.0153234200552, -0.0062367785722, 0.00278291804716, -0.00027417743695, -0.0016096259933, -0.00119446020108, 0.00230146083049], [-4.90798556712e-05, 0.000890962372068, -9.96617236524e-05, 0.000372533831978, -0.00460305064917, -0.000932221941184, -0.0062367785722, 0.0190219338983, -0.00755420373753, -0.00150720274542, 0.000325823290041, -0.00116020976566, 0.00225343019702], [2.16311254917e-05, -0.000719484640285, 0.00274946819991, -0.00178186525591, -0.00237773708068, -0.000275211874396, 0.00278291804716, -0.00755420373753, 0.0190559383482, -0.00519198738039, 0.000781412527431, 0.00360346678644, -0.00344108068384], [-0.000127845982206, 0.000281906628516, 0.00054705212824, -0.000205800868571, -0.000900079554413, -0.000538481224794, -0.00027417743695, -0.00150720274542, -0.00519198738039, 0.0218177828938, -0.00864487327635, 0.00121842813678, -0.00214729690924], [0.000495895510539, -0.00182228302583, -0.00226422026753, 0.00130732462276, 0.00316902855411, -0.00201916205697, -0.0016096259933, 0.000325823290041, 0.000781412527431, -0.00864487327635, 0.0251803006977, -0.00708409119397, 0.0108064170927], [-0.000243428075919, -0.000132875371492, 0.00123972957954, -0.000339979393175, -2.32423790294e-05, 0.000405501399655, -0.00119446020108, -0.00116020976566, 0.00360346678644, 0.00121842813678, -0.00708409119397, 0.0252422764897, -0.0135579118505], [0.000431639084127, -0.000594553595874, -0.00122969050426, 0.00147862476297, 0.000443374330644, -0.00213787541725, 0.00230146083049, 0.00225343019702, -0.00344108068384, -0.00214729690924, 0.0108064170927, -0.0135579118505, 0.0197208635509]]
    },
    "spectral_contrast_coeffs": {
        "max": [-0.393570929766, -0.400589048862, -0.587598145008, -0.509231984615, -0.428971350193, -0.446503341198],
        "mean": [-0.724479675293, -0.799914181232, -0.803911149502, -0.80126196146, -0.807627856731, -0.823679387569],
        "min": [-0.97166633606, -0.976633429527, -0.968096077442, -0.969276785851, -0.959372639656, -0.9575715065],
        "stdev": [0.104596048594, 0.0881285965443, 0.0650789886713, 0.0762795209885, 0.0660975724459, 0.0503119751811]
    },
    "spectral_contrast_valleys": {
        "max": [-5.18107938766, -6.0902762413, -6.83809041977, -6.55275249481, -5.19019842148, -6.96600627899],
        "mean": [-7.59961128235, -8.40561962128, -9.49839401245, -9.59710788727, -9.33612632751, -10.9701099396],
        "min": [-27.309797287, -27.0706100464, -27.3612709045, -27.0471172333, -27.3502082825, -27.2613582611],
        "stdev": [1.45785450935, 1.1371666193, 1.02371871471, 0.994156897068, 1.08377456665, 0.985529363155]
    }
},
"rhythm": {
    "beats_count": 26,
    "beats_loudness": {
        "max": 1.038184762,
        "mean": 0.0973549038172,
        "min": 3.96811592509e-05,
        "stdev": 0.205333203077
    },
    "bpm": 120.425453186,
    "bpm_histogram_first_peak_bpm": 120,
    "bpm_histogram_first_peak_weight": 0.384615361691,
    "bpm_histogram_second_peak_bpm": 144,
    "bpm_histogram_second_peak_spread": 0.25,
    "bpm_histogram_second_peak_weight": 0.239999994636,
    "danceability": 1.12834751606,
    "onset_rate": 1.3323546648,
    "beats_loudness_band_ratio": {
        "max": [0.997947514057, 0.208050459623, 0.108526222408, 0.0700798407197, 0.173614293337, 0.991565525532],
        "mean": [0.827727615833, 0.0554304495454, 0.0246285311878, 0.0121787730604, 0.0177355129272, 0.0768746584654],
        "min": [0.000927825982217, 0.000794896041043, 0.000244052556809, 8.53062374517e-05, 8.85915433173e-05, 0.000122490659123],
        "stdev": [0.242479994893, 0.0577259883285, 0.0318535007536, 0.0187405031174, 0.0342326015234, 0.197938993573]
    },
    "beats_position": [0.49922901392, 0.99845802784, 1.49768710136, 2.00852608681, 2.50775504112, 3.00698399544, 3.50621318817, 4.01705217361, 4.51628112793, 5.00390005112, 5.50312900543, 5.97913837433, 6.47836732864, 6.96598625183, 7.45360517502, 7.92961454391, 8.40562343597, 8.87002277374, 9.287981987, 9.70594120026, 10.1122903824, 10.5302495956, 10.9482088089, 11.3777770996, 11.7957363129, 12.2136955261],
