{
"metadata": {
    "version": {
        "essentia": "2.1-beta5",
        "essentia_git_sha": "Undefined",
        "extractor": "music 2.0"
    },
    "audio_properties": {
        "analysis": {
            "equal_loudness": 0,
            "length": 12.7477550507,
            "sample_rate": 44100,
            "start_time": 0,
            "downmix": "mix"
        },
        "bit_rate": 192000,
        "length": 210.25668335,
        "lossless": 0,
        "number_channels": 2,
        "replay_gain": 1.86104011536,
        "sample_rate": 44100,
        "codec": "mp3",
        "md5_encoded": "c5a8ab19aa750b2e3043c0d7a3ff87b7"
    },
    "tags": {
        "file_name": "Finland_Tom Tom Tom_Marion Rung.mp3",
        "encoding": ["Lavf58.29.100"]
    }
},
"lowlevel": {
    "average_loudness": 0.0028422633186,
    "barkbands_crest": {
        "max": 19.9004459381,
        "mean": 10.585893631,
        "min": 2.95445108414,
        "stdev": 3.54282832146
    },
    "barkbands_flatness_db": {
        "max": 0.219840198755,
        "mean": 0.141910329461,
        "min": 0.0682773068547,
        "stdev": 0.0269638430327
    },
    "barkbands_kurtosis": {
        "max": 40.6640777588,
        "mean": 8.31759929657,
        "min": -1.30036091805,
        "stdev": 6.832218647
    },
    "barkbands_skewness": {
        "max": 5.38622188568,
        "mean": 2.40895962715,
        "min": -1.81597793102,
        "stdev": 1.3599807024
    },
    "barkbands_spread": {
        "max": 50.0087776184,
        "mean": 14.9633579254,
        "min": 3.65516877174,
        "stdev": 5.82050704956
    },
    "dissonance": {
        "max": 0.499834299088,
        "mean": 0.483983278275,
        "min": 0.431732326746,
        "stdev": 0.00959760509431
    },
    "dynamic_complexity": 12.707575798,
    "erbbands_crest": {
        "max": 12.425535202,
        "mean": 5.67369556427,
        "min": 2.56953072548,
        "stdev": 1.98097491264
    },
    "erbbands_flatness_db": {
        "max": 0.313255727291,
        "mean": 0.131930604577,
        "min": 0.0852695554495,
        "stdev": 0.0568961761892
    },
    "erbbands_kurtosis": {
        "max": 4.08781719208,
        "mean": -0.509672164917,
        "min": -1.34309720993,
        "stdev": 0.752452611923
    },
    "erbbands_skewness": {
        "max": 1.60012865067,
        "mean": 0.0452416352928,
        "min": -0.913253545761,
        "stdev": 0.337420880795
    },
    "erbbands_spread": {
        "max": 83.9400024414,
        "mean": 50.9977073669,
        "min": 7.2383275032,
        "stdev": 20.294172287
    },
    "hfc": {
        "max": 210.981796265,
        "mean": 6.94544696808,
        "min": 1.1794639976e-16,
        "stdev": 25.6191711426
    },
    "loudness_ebu128": {
        "integrated": -25.3574619293,
        "loudness_range": 16.2618083954,
        "momentary": {
            "max": -20.0318279266,
            "mean": -40.5477523804,
            "min": -45.2294311523,
            "stdev": 6.40356683731
        },
        "short_term": {
            "max": -25.1547031403,
            "mean": -41.0272789001,
            "min": -44.1472091675,
            "stdev": 4.81520795822
        }
    },
    "melbands_crest": {
        "max": 27.6053600311,
        "mean": 15.8052091599,
        "min": 1.85156035423,
        "stdev": 5.40985441208
    },
    "melbands_flatness_db": {
        "max": 0.306541293859,
        "mean": 0.218032881618,
        "min": 0.00541515415534,
        "stdev": 0.0313658565283
    },
    "melbands_kurtosis": {
        "max": 91.2345275879,
        "mean": 27.3380126953,
        "min": -1.09515941143,
        "stdev": 19.8063831329
    },
    "melbands_skewness": {
        "max": 7.59579277039,
        "mean": 4.02614355087,
        "min": -0.555508673191,
        "stdev": 1.97818028927
    },
    "melbands_spread": {
        "max": 132.959075928,
        "mean": 13.3495092392,
        "min": 2.64974570274,
        "stdev": 10.0683031082
    },
    "pitch_salience": {
        "max": 0.874154269695,
        "mean": 0.627493143082,
        "min": 0.360312908888,
        "stdev": 0.0980645641685
    },
    "silence_rate_20dB": {
        "max": 1,
        "mean": 1,
        "min": 1,
        "stdev": 0
    },
    "silence_rate_30dB": {
        "max": 1,
        "mean": 0.983636379242,
        "min": 0,
        "stdev": 0.126870304346
    },
    "silence_rate_60dB": {
        "max": 1,
        "mean": 0.874545454979,
        "min": 0,
        "stdev": 0.331234514713
    },
    "spectral_centroid": {
        "max": 11595.3310547,
        "mean": 1043.40539551,
        "min": 340.446960449,
        "stdev": 554.934326172
    },
    "spectral_complexity": {
        "max": 41,
        "mean": 4.73999977112,
        "min": 0,
        "stdev": 9.27989959717
    },
    "spectral_decrease": {
        "max": -2.17111993514e-29,
        "mean": -1.6416483728e-09,
        "min": -4.39760370341e-08,
        "stdev": 5.43341105441e-09
    },
    "spectral_energy": {
        "max": 0.183578163385,
        "mean": 0.00682592066005,
        "min": 1.07800423094e-20,
        "stdev": 0.0228230021894
    },
    "spectral_energyband_high": {
        "max": 0.000907613430172,
        "mean": 1.60142317327e-05,
        "min": 7.78322591905e-21,
        "stdev": 4.62652715214e-05
    },
    "spectral_energyband_low": {
        "max": 0.0063216900453,
        "mean": 0.000601965293754,
        "min": 4.11139220781e-23,
        "stdev": 0.000444050820079
    },
    "spectral_energyband_middle_high": {
        "max": 0.130706042051,
        "mean": 0.00422847643495,
        "min": 1.83751831899e-21,
        "stdev": 0.0160784833133
    },
    "spectral_energyband_middle_low": {
        "max": 0.0607200190425,
        "mean": 0.00225301017053,
        "min": 3.15468984851e-22,
        "stdev": 0.00707679288462
    },
    "spectral_entropy": {
        "max": 9.79595375061,
        "mean": 7.77929401398,
        "min": 7.13605117798,
        "stdev": 0.23694871366
    },
    "spectral_flux": {
        "max": 0.284141838551,
        "mean": 0.0286846794188,
        "min": 1.03826981734e-10,
        "stdev": 0.0481769219041
    },
    "spectral_kurtosis": {
        "max": 40.2450790405,
        "mean": 4.60340213776,
        "min": -1.19228887558,
        "stdev": 4.98544788361
    },
    "spectral_rms": {
        "max": 0.0133828492835,
        "mean": 0.00151623261627,
        "min": 3.24301002719e-12,
        "stdev": 0.0020881772507
    },
    "spectral_rolloff": {
        "max": 18712.3535156,
        "mean": 673.285766602,
        "min": 129.19921875,
        "stdev": 1195.23168945
    },
    "spectral_skewness": {
        "max": 4.11948013306,
        "mean": 1.54893648624,
        "min": -0.0917938649654,
        "stdev": 0.455880582333
    },
    "spectral_spread": {
        "max": 41063892,
        "mean": 4562251.5,
        "min": 1200851.75,
        "stdev": 2054746.25
    },
    "spectral_strongpeak": {
        "max": 4.92247819901,
        "mean": 0.233347892761,
        "min": 0,
        "stdev": 0.590397298336
    },
    "zerocrossingrate": {
        "max": 0.509765625,
        "mean": 0.0419247150421,
        "min": 0.0185546875,
        "stdev": 0.030034981668
    },
    "barkbands": {
        "max": [0.000296558573609, 0.00296307937242, 0.00166439195164, 0.00364757422358, 0.00825240276754, 0.0107994033024, 0.0242423843592, 0.0271024517715, 0.0310058835894, 0.0255583003163, 0.0261435043067, 0.0402882955968, 0.0255977846682, 0.0178303681314, 0.0165660213679, 0.0124134924263, 0.0146238952875, 0.0039870692417, 0.00143088493496, 0.000901184801478, 0.000409514992498, 5.89990195294e-05, 3.45222724718e-05, 3.23819185724e-05, 2.69164011115e-05, 2.49002441706e-05, 2.39955511461e-06],
        "mean": [2.03072650038e-05, 0.000258806743659, 0.00011854537297, 0.000294596859021, 0.000254799146205, 0.000247949850745, 0.000344235158991, 0.000395966140786, 0.000558103318326, 0.000632478506304, 0.000730019120965, 0.000816112151369, 0.000745069934055, 0.000554685189854, 0.000401331461035, 0.000253003818216, 0.000124391459394, 3.89335873479e-05, 1.57245121954e-05, 9.20096499613e-06, 5.4735392041e-06, 2.51715869126e-06, 1.50977928115e-06, 1.21164225675e-06, 7.1771603416e-07, 2.39262448076e-07, 5.09494046952e-09],
        "min": [8.44033363616e-24, 2.81661460923e-23, 2.39532210173e-24, 5.03253498941e-24, 5.30450961707e-23, 3.79376998609e-23, 8.0559939767e-23, 2.88248386373e-23, 8.90525638371e-23, 8.24788849397e-23, 1.39095526771e-22, 1.40814233802e-22, 1.33519390887e-22, 1.57100563802e-22, 2.46169081562e-22, 1.98419797975e-22, 2.10946214952e-22, 1.65563198536e-22, 2.55527041869e-22, 3.74616791026e-22, 4.70850096937e-22, 3.69704068231e-22, 6.02669385288e-22, 7.16580142696e-22, 1.12429819364e-21, 1.86457960543e-21, 2.5337737697e-21],
        "stdev": [2.01413877221e-05, 0.000189673039131, 0.000145613536006, 0.000389527383959, 0.000817305233795, 0.000919781916309, 0.00146911945194, 0.0017192910891, 0.0023697912693, 0.00272215832956, 0.00303056114353, 0.00334650604054, 0.00293320557103, 0.00226910877973, 0.00156197941396, 0.00104571611155, 0.00074658205267, 0.000202347204322, 7.52138803364e-05, 4.41021875304e-05, 2.04712650884e-05, 3.91802359445e-06, 1.58951456797e-06, 1.37796894251e-06, 1.12915586215e-06, 1.05398601136e-06, 1.02269304136e-07]
    },
    "erbbands": {
        "max": [0.0946864485741, 0.620793223381, 1.57529973984, 7.24756669998, 16.7623558044, 31.5079288483, 68.6590881348, 111.874565125, 277.82522583, 348.016326904, 674.926391602, 712.485534668, 652.916992188, 1044.04711914, 1232.29956055, 1412.11291504, 1454.86914062, 1080.21789551, 824.286987305, 764.19152832, 657.896606445, 800.578674316, 306.019714355, 79.5543746948, 59.0913696289, 33.9060058594, 34.2326469421, 5.32383584976, 2.03152966499, 1.48738276958, 0.847659051418, 0.789601147175, 0.430099993944, 0.325458437204, 0.17740739882, 0.101609371603, 0.044719196856, 0.0101132085547, 0.000231844067457, 0.000221289461479],
        "mean": [0.0118193216622, 0.0412056036294, 0.104265153408, 0.734390437603, 0.625362694263, 0.92649358511, 1.31747746468, 2.4167201519, 4.26656913757, 6.52800226212, 9.71214199066, 12.4399967194, 17.2992687225, 23.6015510559, 32.5108757019, 33.6433830261, 35.6469764709, 30.3864555359, 23.3667144775, 18.7922344208, 12.2432775497, 6.74432373047, 2.69544386864, 1.09262001514, 0.676449716091, 0.413718730211, 0.297618120909, 0.164184242487, 0.0986467078328, 0.0612581782043, 0.0416642762721, 0.0282570496202, 0.0175240971148, 0.00959375686944, 0.00443205377087, 0.00180065084714, 0.000241869667661, 2.34734670812e-05, 4.46343256044e-06, 8.260631148e-06],
        "min": [1.16124354119e-21, 4.5740975494e-21, 6.05942958621e-21, 9.49395901823e-21, 2.41621250228e-20, 2.40451477902e-19, 3.01109562799e-19, 4.00282107594e-19, 7.68556202891e-19, 1.3002012609e-18, 8.60098161632e-19, 1.96769083049e-18, 2.19998568717e-18, 3.61404184534e-18, 6.0797419335e-18, 6.29121562018e-18, 5.3940302988e-18, 6.93185128817e-18, 1.25487459643e-17, 1.21908654451e-17, 9.43302956639e-18, 1.13255286452e-17, 1.02582315629e-17, 1.24013779479e-17, 1.43174955148e-17, 2.0533789251e-17, 1.70493289709e-17, 1.709544429e-17, 1.4407861688e-17, 1.93558559345e-17, 1.34360493725e-17, 1.45192018528e-17, 1.37126676683e-17, 1.07018385993e-17, 8.5357164456e-18, 5.55629790597e-18, 3.29932030178e-18, 1.57435590267e-18, 3.48303628865e-19, 3.95103207327e-20],
        "stdev": [0.00733381696045, 0.0380368679762, 0.12220582366, 0.859862685204, 1.3742454052, 3.02588272095, 5.1083111763, 9.73412704468, 17.6829128265, 27.2995510101, 42.6217536926, 52.9341888428, 68.6871414185, 102.22089386, 133.943252563, 134.634567261, 139.920806885, 122.512435913, 90.2264404297, 73.5807418823, 52.8066558838, 40.5764465332, 15.190123558, 4.73148584366, 3.15019273758, 1.7551920414, 1.56548678875, 0.397610276937, 0.159809783101, 0.0761417374015, 0.0400494746864, 0.0338812805712, 0.0184427909553, 0.0136985173449, 0.00745130702853, 0.00427994225174, 0.0018991654506, 0.000430679036072, 1.62099640875e-05, 2.77715680568e-05]
    },
    "gfcc": {
        "mean": [-171.947570801, 111.816711426, -117.272949219, 47.7760047913, -51.2507820129, 30.2333488464, -37.2843742371, 11.6896114349, -23.8043727875, -0.813165783882, -16.2743396759, -2.887114048, -4.88675785065],
        "cov": [[7335.83447266, 1683.07531738, -1892.01098633, -1303.7052002, 27.3273429871, -349.518096924, -56.4603652954, -359.473114014, 135.202392578, -82.7142715454, 110.899879456, -182.4246521, 135.529953003], [1683.07531738, 507.887451172, -510.290527344, -428.935668945, 33.7644233704, -117.881828308, -5.07895708084, -119.340606689, 56.7255554199, -27.2030735016, 44.5332107544, -60.0111503601, 47.7447662354], [-1892.01098633, -510.290527344, 892.202941895, 730.919250488, -82.2698898315, 194.522018433, -13.6925315857, 166.672149658, -102.859397888, -0.717264950275, -84.5353775024, 63.2416343689, -76.1110687256], [-1303.7052002, -428.935668945, 730.919250488, 702.993286133, -70.6341552734, 198.415542603, -22.6289215088, 157.360214233, -95.6964492798, 5.5129404068, -79.4948196411, 57.5231742859, -62.1887016296], [27.3273429871, 33.7644233704, -82.2698898315, -70.6341552734, 58.3634719849, -3.33619403839, 12.1472301483, -21.3121623993, 18.5476398468, 2.62016820908, 9.55449485779, -8.65443134308, 10.5796823502], [-349.518096924, -117.881828308, 194.522018433, 198.415542603, -3.33619403839, 109.385505676, -2.17987680435, 51.9915924072, -24.4239234924, 11.3204507828, -21.8694267273, 20.0698242188, -16.7729110718], [-56.4603652954, -5.07895708084, -13.6925315857, -22.6289215088, 12.1472301483, -2.17987680435, 34.6534538269, 3.96887135506, 6.17112874985, -2.84169626236, 4.29129695892, -5.74366807938, 0.669292449951], [-359.473114014, -119.340606689, 166.672149658, 157.360214233, -21.3121623993, 51.9915924072, 3.96887135506, 62.7730522156, -10.6418190002, 11.3954944611, -14.4451684952, 19.7065601349, -14.1223239899], [135.202392578, 56.7255554199, -102.859397888, -95.6964492798, 18.5476398468, -24.4239234924, 6.17112874985, -10.6418190002, 39.1470909119, 13.9563455582, 17.5843658447, -4.87977838516, 12.3561248779], [-82.7142715454, -27.2030735016, -0.717264950275, 5.5129404068, 2.62016820908, 11.3204507828, -2.84169626236, 11.3954944611, 13.9563455582, 35.5361061096, 15.4531850815, 12.9767627716, 2.38308882713], [110.899879456, 44.5332107544, -84.5353775024, -79.4948196411, 9.55449485779, -21.8694267273, 4.29129695892, -14.4451684952, 17.5843658447, 15.4531850815, 33.5066947937, 6.39750480652, 13.0735769272], [-182.4246521, -60.0111503601, 63.2416343689, 57.5231742859, -8.65443134308, 20.0698242188, -5.74366807938, 19.7065601349, -4.87977838516, 12.9767627716, 6.39750480652, 35.0174560547, 8.96304416656], [135.529953003, 47.7447662354, -76.1110687256, -62.1887016296, 10.5796823502, -16.7729110718, 0.669292449951, -14.1223239899, 12.3561248779, 2.38308882713, 13.0735769272, 8.96304416656, 32.7596893311]],
        "icov": [[0.00167437957134, -0.0051340055652, 0.00492461677641, -0.00390484230593, 0.00256982562132, 0.000254326878348, -0.00071189191658, -0.000197581510292, 0.00183598801959, -0.000617654644884, 0.00260938820429, -0.00280345696956, 0.00289190141484], [-0.0051340055652, 0.0230366960168, -0.0124423289672, 0.0115837715566, -0.00347734289244, -0.00449895998463, 0.0055621387437, 0.00534812454134, -0.0111387204379, 0.00939215347171, -0.0142683619633, 0.0168631076813, -0.0136421555653], [0.00492461677641, -0.0124423289672, 0.0242291241884, -0.0204701125622, 0.0100085474551, 0.00124865304679, -0.00437546661124, 0.00196385500021, 0.00252035656013, 0.0027431610506, 0.00672191428021, -0.011012933217, 0.0127164721489], [-0.00390484230593, 0.0115837715566, -0.0204701125622, 0.025496410206, -0.00788410380483, -0.00610244646668, 0.00826646201313, -0.0119863124564, 0.00611498625949, -0.00155552884098, -0.00198194547556, 0.0084733478725, -0.00952063407749], [0.00256982562132, -0.00347734289244, 0.0100085474551, -0.00788410380483, 0.0364675968885, -0.0118944998831, -0.0101850749925, 0.02033399418, -0.0155334370211, 0.00347433635034, 0.00141615362372, 0.00171888247132, -0.00159990810789], [0.000254326878348, -0.00449895998463, 0.00124865304679, -0.00610244646668, -0.0118944998831, 0.0267059709877, -0.0019917874597, -0.0116501664743, 0.0112928170711, -0.0119380550459, 0.00916970241815, -0.00741891004145, 0.00433391658589], [-0.00071189191658, 0.0055621387437, -0.00437546661124, 0.00826646201313, -0.0101850749925, -0.0019917874597, 0.0438969172537, -0.0201472360641, 0.00112600810826, 0.0136515190825, -0.0168539099395, 0.0171031337231, -0.00631816964597], [-0.000197581510292, 0.00534812454134, 0.00196385500021, -0.0119863124564, 0.02033399418, -0.0116501664743, -0.0201472360641, 0.0696598514915, -0.0316311828792, -0.00277738762088, 0.0074804443866, -0.0126385241747, 0.00534624326974], [0.00183598801959, -0.0111387204379, 0.00252035656013, 0.00611498625949, -0.0155334370211, 0.0112928170711, 0.00112600810826, -0.0316311828792, 0.0739163160324, -0.0296007841825, 0.00352334184572, 0.00556474039331, -0.00541307032108], [-0.000617654644884, 0.00939215347171, 0.0027431610506, -0.00155552884098, 0.00347433635034, -0.0119380550459, 0.0136515190825, -0.00277738762088, -0.0296007841825, 0.0672707930207, -0.0359153524041, -0.00169951654971, 0.00464575365186], [0.00260938820429, -0.0142683619633, 0.00672191428021, -0.00198194547556, 0.00141615362372, 0.00916970241815, -0.0168539099395, 0.0074804443866, 0.00352334184572, -0.0359153524041, 0.0816783905029, -0.0347554907203, 0.00785811245441], [-0.00280345696956, 0.0168631076813, -0.011012933217, 0.0084733478725, 0.00171888247132, -0.00741891004145, 0.0171031337231, -0.0126385241747, 0.00556474039331, -0.00169951654971, -0.0347554907203, 0.0822382867336, -0.0432367324829], [0.00289190141484, -0.0136421555653, 0.0127164721489, -0.00952063407749, -0.00159990810789, 0.00433391658589, -0.00631816964597, 0.00534624326974, -0.00541307032108, 0.00464575365186, 0.00785811245441, -0.0432367324829, 0.065481454134]]
    },
    "melbands": {
        "max": [0.000841569795739, 0.000875999161508, 0.00135785050225, 0.00183259975165, 0.00214012060314, 0.00242732698098, 0.00434794975445, 0.00345191266388, 0.00524173490703, 0.00487193372101, 0.00320879695937, 0.00433730147779, 0.00391468731686, 0.00436523975804, 0.00263671041466, 0.00248841405846, 0.00201624445617, 0.00129894982092, 0.00117486424278, 0.000812068232335, 0.000809213961475, 0.000922272796743, 0.000476881890791, 0.000141910859384, 6.66005944367e-05, 4.78066249343e-05, 3.42962557625e-05, 1.94987296709e-05, 2.8993243177e-05, 7.77252898843e-06, 2.09942481888e-06, 1.34701338084e-06, 7.56547251513e-07, 8.44874534778e-07, 5.10592997216e-07, 4.2505013198e-07, 4.9282357395e-07, 3.28860920717e-07, 2.30293863979e-07, 2.9433303439e-07],
        "mean": [8.49737407407e-05, 6.18365083938e-05, 0.000114673959615, 5.17711378052e-05, 4.68916332466e-05, 5.41594235983e-05, 6.6869710281e-05, 7.32155313017e-05, 8.03192233434e-05, 8.04255323601e-05, 8.72027230798e-05, 9.37890799833e-05, 0.000105611434265, 9.26553475438e-05, 8.53710444062e-05, 7.05555721652e-05, 5.50706317881e-05, 3.82826656278e-05, 2.90992484224e-05, 2.11515180126e-05, 1.27144585349e-05, 7.60742705097e-06, 3.74956175619e-06, 1.521274271e-06, 8.02127146926e-07, 5.59579348192e-07, 3.7670565689e-07, 2.49276212116e-07, 2.08702900295e-07, 1.30679083554e-07, 8.02459041438e-08, 5.641643952e-08, 4.32624034374e-08, 3.05030525283e-08, 2.52808920465e-08, 1.82726225262e-08, 1.74629608551e-08, 1.30230484174e-08, 9.65907265282e-09, 7.57853335642e-09],
        "min": [9.18056599974e-24, 4.34347721605e-24, 1.8034326648e-24, 8.34307891946e-24, 1.21650003536e-23, 8.57917709978e-24, 1.27903193491e-23, 1.16111955434e-23, 8.00780356841e-24, 1.30737294622e-23, 1.10013390105e-23, 1.35854737866e-23, 1.94567651335e-23, 1.54983131759e-23, 1.25890178233e-23, 1.45199142387e-23, 1.21545384803e-23, 1.98855063023e-23, 2.02992748912e-23, 1.4887935206e-23, 8.8241759977e-24, 9.54538655827e-24, 1.45507508115e-23, 7.15657926432e-24, 1.04273677602e-23, 8.62270171136e-24, 1.11065533338e-23, 1.47921296267e-23, 8.57868327285e-24, 1.24697996413e-23, 8.5890962368e-24, 7.72646894833e-24, 7.81059701957e-24, 1.20934625024e-23, 6.02333363675e-24, 1.0643613467e-23, 7.94617223246e-24, 8.39712141349e-24, 1.15581170374e-23, 7.89534907978e-24],
        "stdev": [5.80011437705e-05, 6.02973086643e-05, 0.000147907398059, 0.000151559099322, 0.000171966385096, 0.00021124126215, 0.000276066421065, 0.000299709354294, 0.000349984067725, 0.000346052285749, 0.000347530498402, 0.00041427303222, 0.000438323884737, 0.00038193911314, 0.000332455645548, 0.000277933460893, 0.000227707554586, 0.000150902633322, 0.000115308466775, 8.48200070322e-05, 5.78437502554e-05, 4.66151177534e-05, 2.34778490267e-05, 7.51130528442e-06, 3.60101284969e-06, 2.64350660473e-06, 1.77085416908e-06, 1.02129286006e-06, 1.29621139422e-06, 4.29118074408e-07, 1.70265792576e-07, 9.71528137939e-08, 5.77046996852e-08, 3.90134999861e-08, 2.43197479932e-08, 1.96761433813e-08, 2.11064516975e-08, 1.4308338514e-08, 9.88295756343e-09, 1.24127055301e-08]
    },
    "melbands128": {
        "max": [0.000282409600914, 0.000784242001828, 0.00103556422982, 0.00103455688804, 0.000773761537857, 0.00104264914989, 0.00169409951195, 0.0018822029233, 0.00176940055098, 0.00273109972477, 0.00229817978106, 0.00251831603236, 0.00329782511108, 0.00117322779261, 0.00348922214471, 0.00423367833719, 0.00524549651891, 0.0038729053922, 0.00433202413842, 0.00527660222724, 0.00363061763346, 0.00564744975418, 0.00766723463312, 0.00521800946444, 0.00412792293355, 0.00751537969336, 0.00354286213405, 0.0039476477541, 0.00406193872914, 0.00711362855509, 0.00507306493819, 0.00646560871974, 0.0048460024409, 0.00570316798985, 0.00558545999229, 0.00552382785827, 0.00449821539223, 0.00308761699125, 0.00454621156678, 0.00586546259001, 0.00313986465335, 0.00352482008748, 0.00393514754251, 0.00295759760775, 0.00174560514279, 0.00167221087031, 0.00197708327323, 0.00130197405815, 0.00161846866831, 0.00101560738403, 0.00114714098163, 0.000857040751725, 0.000714499037713, 0.0012106836075, 0.0012968465453, 0.000835352228023, 0.000980688724667, 0.000475643493701, 0.000393645546865, 0.000221886031795, 0.000168267331901, 6.02689433435e-05, 6.59671932226e-05, 6.6745269578e-05, 7.38235175959e-05, 3.69727604266e-05, 3.82785692636e-05, 5.08940465807e-05, 3.07119553327e-05, 1.78700229299e-05, 1.76692901732e-05, 1.21964840218e-05, 4.54634682683e-05, 3.34568212566e-05, 8.58913608681e-06, 1.40700567499e-05, 4.35129504694e-06, 2.63988181359e-06, 2.22152220886e-06, 2.2026147235e-06, 1.81098027952e-06, 7.6108022995e-07, 1.06016352674e-06, 7.97772656824e-07, 8.58884561694e-07, 9.31159831907e-07, 8.35027890389e-07, 6.40330711121e-07, 6.06743185472e-07, 3.09353225703e-07, 2.75901527402e-07, 4.90057630032e-07, 6.27943734344e-07, 3.96854119344e-07, 5.75297690375e-07, 3.43132711578e-07, 3.0802223705e-07, 2.17357509769e-07, 2.03949781508e-07, 2.3959421469e-07, 3.0949999541e-07, 3.04119652128e-07, 2.76136518096e-07, 1.93606538801e-07, 1.59027607083e-07, 2.25776702223e-07, 1.64598162655e-07, 1.89851576238e-07, 1.90463055105e-07, 1.50735885995e-07, 1.77096140419e-07, 1.20806632253e-07, 1.16154481589e-07, 1.82334574106e-07, 1.55207828811e-07, 9.40260065363e-08, 9.57359063136e-08, 5.3693880453e-09, 3.72920666569e-10, 3.6360384148e-10, 3.4408001448e-10, 3.33529343033e-10, 3.34770156041e-10, 3.3124361587e-10, 3.23997967344e-10, 3.16885406804e-10, 3.12885023446e-10, 3.14296394466e-10],
        "mean": [1.90973187273e-05, 0.000108989283035, 0.00010621266847, 5.31435507583e-05, 3.02829757857e-05, 7.19516101526e-05, 0.000175113644218, 0.000113644178782, 5.11340404046e-05, 4.6674918849e-05, 5.25170326e-05, 5.55491023988e-05, 4.71767307317e-05, 3.16483128699e-05, 5.02070142829e-05, 6.82048193994e-05, 7.12874389137e-05, 6.1389284383e-05, 6.7848857725e-05, 7.79258843977e-05, 6.90568194841e-05, 7.8236364061e-05, 8.93698015716e-05, 7.20879688743e-05, 7.48737293179e-05, 8.65138063091e-05, 8.59734718688e-05, 8.02040303824e-05, 9.54608549364e-05, 9.81169505394e-05, 8.57347113197e-05, 0.000100964542071, 0.000107995438157, 0.000113798596431, 9.115121793e-05, 8.6818006821e-05, 9.33061164687e-05, 7.94456427684e-05, 8.77925704117e-05, 8.36347753648e-05, 6.25501343166e-05, 5.87298782193e-05, 5.9114281612e-05, 5.1831415476e-05, 4.26671249443e-05, 3.59165424015e-05, 3.36808770953e-05, 2.91185115202e-05, 2.83941153612e-05, 2.37182139244e-05, 2.10007474379e-05, 1.77335823537e-05, 1.33546254801e-05, 1.07427313196e-05, 1.0654088328e-05, 6.89403941578e-06, 5.80885944146e-06, 4.46323110737e-06, 3.06317292598e-06, 2.04877915166e-06, 1.49929803683e-06, 1.11046699658e-06, 8.44809619593e-07, 7.21705475826e-07, 7.03631258148e-07, 5.60732473787e-07, 4.80631854316e-07, 4.2330651695e-07, 3.76193440843e-07, 2.74698322755e-07, 2.4224013373e-07, 2.28226767263e-07, 2.57583280927e-07, 2.10535432643e-07, 1.45472782265e-07, 1.46029904613e-07, 1.13781304378e-07, 1.01837741795e-07, 7.45910924138e-08, 6.2232992093e-08, 5.47561995745e-08, 5.75002268022e-08, 5.33063442276e-08, 4.01987172438e-08, 3.81870783883e-08, 2.91318098533e-08, 3.18614006289e-08, 2.36601849224e-08, 2.90183272966e-08, 2.13372430835e-08, 2.06174615158e-08, 1.68795342148e-08, 1.5563568212e-08, 1.8315303052e-08, 1.72384879704e-08, 1.68081673024e-08, 1.10088969052e-08, 9.48143075163e-09, 1.14495595227e-08, 8.45191738819e-09, 8.08884070835e-09, 7.31123339648e-09, 7.11157488453e-09, 5.84574966211e-09, 4.56838655793e-09, 4.19050705247e-09, 4.08983735767e-09, 3.54252849277e-09, 2.88541657234e-09, 3.17331338984e-09, 2.2492785412e-09, 5.5232962648e-10, 2.22322951715e-10, 3.38495870222e-10, 2.88393919856e-10, 1.7634294025e-10, 1.79175632664e-10, 1.35120092198e-11, 3.29259579671e-12, 3.02907829028e-12, 2.83013825049e-12, 2.78636618986e-12, 2.73072645225e-12, 2.68704481408e-12, 2.75291291499e-12, 2.86060281365e-12, 2.94135137253e-12, 2.89832762825e-12],
        "min": [8.1091666727e-24, 1.198997894e-23, 6.8319069927e-24, 8.94884126427e-24, 4.7945419652e-24, 7.11810641937e-25, 1.80448224423e-24, 2.55845715642e-24, 9.69443097947e-25, 4.90028403638e-24, 1.54782413991e-23, 1.91371423605e-23, 1.01771174152e-23, 4.85077985913e-24, 1.09563100412e-23, 7.11151400739e-24, 1.17005703286e-23, 1.09171825403e-23, 1.69645026762e-23, 2.04019325162e-23, 3.77360212596e-24, 1.43646305194e-24, 1.1037463318e-23, 1.06260786668e-23, 1.20852047064e-23, 1.48683619892e-23, 1.41398158111e-23, 8.68262279686e-24, 7.53172680097e-24, 1.90610362159e-23, 1.37951766811e-23, 9.33549591494e-24, 2.43034555377e-23, 2.42854837086e-23, 8.81681829203e-24, 1.5036332564e-23, 2.27502546796e-23, 1.31033267345e-23, 6.1662988986e-24, 8.91234382563e-24, 2.12703169116e-23, 1.48551170146e-23, 7.83595495337e-24, 1.30420290867e-23, 1.77998732426e-23, 2.51875035552e-23, 1.46080473568e-23, 2.5002985834e-23, 2.28622066639e-23, 8.1827303187e-24, 1.57921323087e-23, 1.88702296955e-23, 1.18665829506e-23, 3.79482327317e-24, 2.71747041289e-24, 8.10943646313e-24, 1.48666548942e-23, 2.41888656026e-23, 1.06861023042e-23, 5.66871659959e-24, 6.45145436647e-24, 6.18917665371e-24, 1.39958376518e-23, 1.03105942581e-23, 8.73900505234e-24, 4.54493533073e-24, 1.37167323526e-23, 1.01036294999e-23, 1.22569010713e-23, 6.50424296609e-24, 2.38777325507e-23, 1.28052051544e-23, 4.72662695771e-24, 7.90588510603e-24, 1.28106656496e-23, 1.35857167558e-23, 1.05095749551e-23, 1.25734827855e-23, 8.41171691796e-24, 6.07917946681e-24, 4.54988543291e-24, 1.19364531498e-23, 6.82701053306e-24, 5.61572526272e-24, 9.76353973072e-24, 1.55422779719e-23, 1.19169856404e-23, 5.6626964076e-24, 5.35062382235e-24, 6.03920196829e-24, 1.07143490466e-23, 1.30389785616e-23, 8.31104643354e-24, 9.43061202972e-24, 5.35998365699e-24, 7.24155457217e-24, 9.94177259706e-24, 9.52856646605e-24, 1.2248537568e-23, 1.3108360456e-23, 7.1520235926e-24, 6.16996749624e-24, 8.25698816229e-24, 1.49181233351e-23, 8.19531028355e-24, 9.83449145826e-24, 7.8028803822e-24, 5.7570110397e-24, 8.39809960101e-24, 1.38295725942e-23, 1.26555834842e-23, 1.14554191805e-23, 6.78531055675e-24, 1.01243094885e-23, 1.54963520677e-23, 1.56744295285e-23, 1.29441701026e-23, 7.83513453803e-24, 1.10739205247e-23, 1.25754044507e-23, 8.94216355671e-24, 1.14347131594e-23, 1.07818992059e-23, 1.16580412594e-23, 1.40981071573e-23, 9.72247084313e-24, 1.02820359156e-23, 8.41596098963e-24],
        "stdev": [1.88830963452e-05, 6.50601723464e-05, 8.04746305221e-05, 6.00534986006e-05, 4.84684569528e-05, 8.80060833879e-05, 0.000195869608433, 0.000181571755093, 0.000137857074151, 0.000169422841282, 0.000187177734915, 0.000215981446672, 0.000215524574742, 0.000113797425001, 0.000236669220612, 0.000293592427624, 0.000322981009958, 0.000270108954282, 0.000297049060464, 0.000375301518943, 0.000286868802505, 0.000366600346752, 0.00044029642595, 0.000348081433913, 0.000335434393492, 0.00043566149543, 0.0003599638585, 0.0003389135818, 0.000423085817602, 0.000511645106599, 0.000396611751057, 0.000465683580842, 0.000484181713546, 0.000516513769981, 0.00041861194768, 0.000407024053857, 0.000407876417739, 0.000309800059767, 0.000412140565459, 0.0003849947243, 0.000271290162345, 0.000277118349914, 0.000283986126306, 0.000238200067542, 0.000183377080248, 0.000149466301082, 0.000148059072671, 0.000123105026432, 0.000130655098474, 9.58513192018e-05, 9.52781774686e-05, 7.73405336076e-05, 5.96129902988e-05, 6.3410247094e-05, 6.693819887e-05, 4.20132600993e-05, 4.61282834294e-05, 2.58167674474e-05, 1.91545223061e-05, 1.11015942821e-05, 8.6222335085e-06, 4.23236269853e-06, 3.71000942323e-06, 3.54985741069e-06, 3.92832453144e-06, 2.42633427661e-06, 2.18563400267e-06, 2.43903832597e-06, 1.70373948549e-06, 1.0825069694e-06, 9.66314587458e-07, 8.0633935795e-07, 1.99515739041e-06, 1.48422861912e-06, 4.69322941399e-07, 6.81748304032e-07, 2.99958571759e-07, 2.04833540352e-07, 1.83024070566e-07, 1.35417622005e-07, 1.23376722172e-07, 7.70914567738e-08, 8.89184903485e-08, 5.92010671596e-08, 4.62421780867e-08, 4.50649864092e-08, 3.9803019547e-08, 3.01645286527e-08, 2.93226349868e-08, 1.94009892596e-08, 1.72211294114e-08, 2.23719105463e-08, 2.71417768261e-08, 1.81351573758e-08, 2.49198954805e-08, 1.65120894735e-08, 1.37128104427e-08, 9.71495772717e-09, 9.68219371345e-09, 1.04105843945e-08, 1.33033122296e-08, 1.2971628216e-08, 1.18089058532e-08, 8.30262170126e-09, 6.80169742751e-09, 9.58899804004e-09, 7.02225655402e-09, 8.05102651213e-09, 8.0785618195e-09, 6.42901643033e-09, 7.51157536172e-09, 5.13783415812e-09, 4.94859619948e-09, 7.76768160904e-09, 6.61206600583e-09, 4.00567756742e-09, 4.07841715955e-09, 2.30041152793e-10, 2.02205856226e-11, 1.68558743352e-11, 1.50515641617e-11, 1.44385970194e-11, 1.44767375171e-11, 1.43977989253e-11, 1.43525295815e-11, 1.44264461488e-11, 1.46510078375e-11, 1.50697336554e-11]
    },
    "mfcc": {
        "mean": [-806.293701172, 129.276229858, 2.05900073051, 24.1650257111, 13.1094169617, 15.6561403275, 5.40309000015, 9.5282201767, 4.66278266907, 1.33431172371, -2.04039096832, 0.0430725254118, -1.7577329874],
        "cov": [[5337.08837891, 1947.05664062, -1925.8157959, -970.034729004, -422.951568604, -205.26751709, -278.573272705, -343.670837402, -101.336845398, -79.0693893433, -60.5830993652, 35.8071403503, 9.92662143707], [1947.05664062, 802.138061523, -750.315734863, -410.070770264, -164.732925415, -85.3456726074, -117.589874268, -143.07649231, -43.0060577393, -31.6606693268, -23.0801811218, 14.292673111, 3.15773630142], [-1925.8157959, -750.315734863, 979.275634766, 518.902099609, 193.632781982, 102.579170227, 137.927993774, 177.088806152, 43.3149490356, 25.8975524902, 17.1994972229, -25.1592693329, -10.9866256714], [-970.034729004, -410.070770264, 518.902099609, 319.076171875, 111.120399475, 55.8722305298, 77.1943740845, 97.6996002197, 26.5293712616, 13.2562913895, 4.94566822052, -16.1907615662, -6.13826656342], [-422.951568604, -164.732925415, 193.632781982, 111.120399475, 82.9181671143, 45.7937240601, 30.7709751129, 38.9261550903, 14.5037603378, 9.72353839874, 5.26998376846, -3.63022422791, -1.74103951454], [-205.26751709, -85.3456726074, 102.579170227, 55.8722305298, 45.7937240601, 52.2872428894, 29.417049408, 23.4494533539, 9.56626224518, 8.04134368896, 3.96348333359, -2.43226361275, -1.11445653439], [-278.573272705, -117.589874268, 137.927993774, 77.1943740845, 30.7709751129, 29.417049408, 49.7842330933, 35.9193153381, 9.0150346756, 6.24139213562, 3.03492498398, -2.82791543007, -3.5429444313], [-343.670837402, -143.07649231, 177.088806152, 97.6996002197, 38.9261550903, 23.4494533539, 35.9193153381, 56.6546592712, 18.6755561829, 5.50473976135, 2.83888506889, -4.68940925598, -4.12177371979], [-101.336845398, -43.0060577393, 43.3149490356, 26.5293712616, 14.5037603378, 9.56626224518, 9.0150346756, 18.6755561829, 25.2873802185, 9.06300735474, 0.288494855165, -1.1451830864, 0.00268056662753], [-79.0693893433, -31.6606693268, 25.8975524902, 13.2562913895, 9.72353839874, 8.04134368896, 6.24139213562, 5.50473976135, 9.06300735474, 24.1494026184, 9.29993343353, 0.487897306681, 1.54877626896], [-60.5830993652, -23.0801811218, 17.1994972229, 4.94566822052, 5.26998376846, 3.96348333359, 3.03492498398, 2.83888506889, 0.288494855165, 9.29993343353, 25.3841781616, 11.1790027618, -1.65937542915], [35.8071403503, 14.292673111, -25.1592693329, -16.1907615662, -3.63022422791, -2.43226361275, -2.82791543007, -4.68940925598, -1.1451830864, 0.487897306681, 11.1790027618, 25.564874649, 6.81447458267], [9.92662143707, 3.15773630142, -10.9866256714, -6.13826656342, -1.74103951454, -1.11445653439, -3.5429444313, -4.12177371979, 0.00268056662753, 1.54877626896, -1.65937542915, 6.81447458267, 20.9059276581]],
        "icov": [[0.00250455550849, -0.00535396579653, 0.00330438907258, -0.00477657141164, 0.00254055787809, -0.002089579124, 0.00050312676467, -0.00192767102271, 0.000852203345858, -9.68436688709e-06, -0.000136216462124, -0.000283572764602, -0.00015882930893], [-0.00535396579653, 0.0163281504065, -0.00445641996339, 0.0111284600571, -0.00335332308896, 0.00276038353331, 0.00123518425971, 0.00402275891975, -0.000623929314315, 0.00095461512683, 0.00232230848633, 0.000112334280857, 0.0019488085527], [0.00330438907258, -0.00445641996339, 0.0144823258743, -0.0173093676567, 0.00259878463112, -0.00378085346892, 0.00114814133849, -0.00923257693648, 0.00554724223912, -0.000342754879966, -0.00198250683025, 0.000818779808469, -0.000377689255401], [-0.00477657141164, 0.0111284600571, -0.0173093676567, 0.0343443900347, -0.0119320368394, 0.0092492820695, -0.00560068013147, 0.00314102042466, -0.00390444532968, 0.00111619988456, 0.00365102430806, 0.00249776267447, 0.000137501629069], [0.00254055787809, -0.00335332308896, 0.00259878463112, -0.0119320368394, 0.0428064651787, -0.0300086457282, 0.0133175421506, -0.00592779321596, -0.00055145873921, -0.00185206125025, 0.000985350692645, -0.00395222520456, 0.00171968562063], [-0.002089579124, 0.00276038353331, -0.00378085346892, 0.0092492820695, -0.0300086457282, 0.0514540113509, -0.0248895827681, 0.0073708682321, -0.00497600901872, -0.00142094143666, -0.00302547984757, 0.00464425096288, -0.00286508118734], [0.00050312676467, 0.00123518425971, 0.00114814133849, -0.00560068013147, 0.0133175421506, -0.0248895827681, 0.0535623244941, -0.0236272793263, 0.0101510649547, -0.00647053215653, 0.00519953854382, -0.00587022816762, 0.00553889526054], [-0.00192767102271, 0.00402275891975, -0.00923257693648, 0.00314102042466, -0.00592779321596, 0.0073708682321, -0.0236272793263, 0.0655054152012, -0.0316951349378, 0.0114999394864, -0.00419218139723, 0.00190724851564, 0.00338569842279], [0.000852203345858, -0.000623929314315, 0.00554724223912, -0.00390444532968, -0.00055145873921, -0.00497600901872, 0.0101510649547, -0.0316951349378, 0.0672149509192, -0.0254768021405, 0.0127915926278, -0.00554976472631, 0.00132168037817], [-9.68436688709e-06, 0.00095461512683, -0.000342754879966, 0.00111619988456, -0.00185206125025, -0.00142094143666, -0.00647053215653, 0.0114999394864, -0.0254768021405, 0.0637737140059, -0.0289792064577, 0.0139931933954, -0.0106339091435], [-0.000136216462124, 0.00232230848633, -0.00198250683025, 0.00365102430806, 0.000985350692645, -0.00302547984757, 0.00519953854382, -0.00419218139723, 0.0127915926278, -0.0289792064577, 0.0691388845444, -0.0352145768702, 0.0188309885561], [-0.000283572764602, 0.000112334280857, 0.000818779808469, 0.00249776267447, -0.00395222520456, 0.00464425096288, -0.00587022816762, 0.00190724851564, -0.00554976472631, 0.0139931933954, -0.0352145768702, 0.0626084804535, -0.0236578639597], [-0.00015882930893, 0.0019488085527, -0.000377689255401, 0.000137501629069, 0.00171968562063, -0.00286508118734, 0.00553889526054, 0.00338569842279, 0.00132168037817, -0.0106339091435, 0.0188309885561, -0.0236578639597, 0.0590467453003]]
    },
    "spectral_contrast_coeffs": {
        "max": [-0.541328132153, -0.733166873455, -0.72264444828, -0.727195620537, -0.639023005962, -0.643772184849],
        "mean": [-0.779126048088, -0.864084303379, -0.856834232807, -0.865500092506, -0.85000962019, -0.806650876999],
        "min": [-0.96103566885, -0.968073964119, -0.950306534767, -0.963643789291, -0.957208514214, -0.9603946805],
        "stdev": [0.0573134534061, 0.0357038974762, 0.0316590182483, 0.0300247222185, 0.0343404859304, 0.0253596864641]
    },
    "spectral_contrast_valleys": {
        "max": [-6.12595891953, -4.65292549133, -4.2645483017, -4.76889181137, -5.91501903534, -9.49128341675],
        "mean": [-7.79688119888, -8.03625202179, -8.39084148407, -8.65759754181, -9.00546741486, -11.6959791183],
        "min": [-27.3146305084, -27.1318473816, -27.3981304169, -27.0982341766, -27.4179019928, -27.3235549927],
        "stdev": [1.05234909058, 1.35642814636, 1.43917286396, 1.38039755821, 0.99627995491, 0.743575870991]
    }
},
"rhythm": {
    "beats_count": 30,
    "beats_loudness": {
        "max": 0.0819482803345,
        "mean": 0.00695272209123,
        "min": 0.000289313175017,
        "stdev": 0.0203246604651
    },
    "bpm": 145.468765259,
    "bpm_histogram_first_peak_bpm": 144,
    "bpm_histogram_first_peak_weight": 0.466666638851,
    "bpm_histogram_second_peak_bpm": 152,
    "bpm_histogram_second_peak_spread": 0,
    "bpm_histogram_second_peak_weight": 0.172413796186,
    "danceability": 0.996753871441,
    "onset_rate": 0.626990437508,
    "beats_loudness_band_ratio": {
        "max": [0.92042607069, 0.262954503298, 0.255779802799, 0.52532684803, 0.247610911727, 0.0464779026806],
        "mean": [0.683195114136, 0.0977366641164, 0.0718050003052, 0.10070220381, 0.0577751398087, 0.016875738278],
        "min": [0.0273195877671, 0.0372314788401, 0.01762342453, 0.0183977521956, 0.0134328603745, 0.00109005684499],
        "stdev": [0.252271771431, 0.0497141294181, 0.0626652985811, 0.135251447558, 0.0545125752687, 0.00875916797668]
    },
    "beats_position": [0.394739210606, 0.789478421211, 1.14938771725, 1.52090704441, 1.89242625237, 2.26394557953, 2.63546490669, 3.03020405769, 3.42494320869, 3.8196823597, 4.21442174911, 4.62077093124, 5.02712011337, 5.4334692955, 5.83981847763, 6.24616765976, 6.66412687302, 7.08208608627, 7.53487491608, 7.98766422272, 8.42884349823, 8.88163280487, 9.287981987, 9.70594120026, 10.1122903824, 10.5302495956, 10.9482088089, 11.3661680222, 11.7841272354, 12.202085495],
