{
"metadata": {
    "version": {
        "essentia": "2.1-beta5",
        "essentia_git_sha": "Undefined",
        "extractor": "music 2.0"
    },
    "audio_properties": {
        "analysis": {
            "equal_loudness": 0,
            "length": 48.7502937317,
            "sample_rate": 44100,
            "start_time": 12.7477550507,
            "downmix": "mix"
        },
        "bit_rate": 192000,
        "length": 209.815505981,
        "lossless": 0,
        "number_channels": 2,
        "replay_gain": -11.4554901123,
        "sample_rate": 44100,
        "codec": "mp3",
        "md5_encoded": "c008a0b686d9e236bbc5733613abe045"
    },
    "tags": {
        "file_name": "Yugoslavia_Gori Vatra_Zdravko Colic.mp3",
        "encoding": ["Lavf58.29.100"]
    }
},
"lowlevel": {
    "average_loudness": 0.777620434761,
    "barkbands_crest": {
        "max": 21.8792705536,
        "mean": 7.71801519394,
        "min": 2.26363897324,
        "stdev": 3.77240967751
    },
    "barkbands_flatness_db": {
        "max": 0.350777566433,
        "mean": 0.127197742462,
        "min": 0.0446815043688,
        "stdev": 0.0487329699099
    },
    "barkbands_kurtosis": {
        "max": 72.1212539673,
        "mean": 2.73766970634,
        "min": -1.8075221777,
        "stdev": 5.64343738556
    },
    "barkbands_skewness": {
        "max": 6.54441595078,
        "mean": 1.00350606441,
        "min": -3.85262203217,
        "stdev": 1.18758797646
    },
    "barkbands_spread": {
        "max": 110.837745667,
        "mean": 23.1980876923,
        "min": 1.34053063393,
        "stdev": 14.3612585068
    },
    "dissonance": {
        "max": 0.500000119209,
        "mean": 0.472682148218,
        "min": 0.303813934326,
        "stdev": 0.0261606816202
    },
    "dynamic_complexity": 7.27351236343,
    "erbbands_crest": {
        "max": 26.3069782257,
        "mean": 7.82034873962,
        "min": 2.42783761024,
        "stdev": 3.5603415966
    },
    "erbbands_flatness_db": {
        "max": 0.28970298171,
        "mean": 0.157193318009,
        "min": 0.0526665821671,
        "stdev": 0.0492423921824
    },
    "erbbands_kurtosis": {
        "max": 18.7944221497,
        "mean": 0.767084121704,
        "min": -1.55303311348,
        "stdev": 1.75259828568
    },
    "erbbands_skewness": {
        "max": 3.24529838562,
        "mean": 0.244675472379,
        "min": -3.82314682007,
        "stdev": 0.70834672451
    },
    "erbbands_spread": {
        "max": 126.760360718,
        "mean": 33.3907432556,
        "min": 4.5021853447,
        "stdev": 20.0478935242
    },
    "hfc": {
        "max": 528.268920898,
        "mean": 21.7694187164,
        "min": 0.00596059858799,
        "stdev": 36.602809906
    },
    "loudness_ebu128": {
        "integrated": -13.0058803558,
        "loudness_range": 10.8909702301,
        "momentary": {
            "max": -7.1443567276,
            "mean": -18.4495773315,
            "min": -48.7176513672,
            "stdev": 10.7473468781
        },
        "short_term": {
            "max": -10.3506278992,
            "mean": -16.2356739044,
            "min": -46.2275619507,
            "stdev": 7.1334810257
        }
    },
    "melbands_crest": {
        "max": 35.9492607117,
        "mean": 10.6784830093,
        "min": 2.63913321495,
        "stdev": 5.17900133133
    },
    "melbands_flatness_db": {
        "max": 0.468377500772,
        "mean": 0.16491727531,
        "min": 0.0214071143419,
        "stdev": 0.0765760987997
    },
    "melbands_kurtosis": {
        "max": 200.259307861,
        "mean": 8.53784751892,
        "min": -1.80627846718,
        "stdev": 14.4837970734
    },
    "melbands_skewness": {
        "max": 12.5485639572,
        "mean": 1.83909606934,
        "min": -1.56111419201,
        "stdev": 1.59938013554
    },
    "melbands_spread": {
        "max": 256.592590332,
        "mean": 30.0172195435,
        "min": 1.11784660816,
        "stdev": 23.8564758301
    },
    "pitch_salience": {
        "max": 0.911474943161,
        "mean": 0.634112715721,
        "min": 0.215051919222,
        "stdev": 0.132442206144
    },
    "silence_rate_20dB": {
        "max": 1,
        "mean": 1,
        "min": 1,
        "stdev": 0
    },
    "silence_rate_30dB": {
        "max": 1,
        "mean": 1,
        "min": 1,
        "stdev": 0
    },
    "silence_rate_60dB": {
        "max": 1,
        "mean": 0.233698233962,
        "min": 0,
        "stdev": 0.423190146685
    },
    "spectral_centroid": {
        "max": 5590.18310547,
        "mean": 1529.28552246,
        "min": 203.22517395,
        "stdev": 759.669799805
    },
    "spectral_complexity": {
        "max": 53,
        "mean": 17.6130409241,
        "min": 0,
        "stdev": 12.18085289
    },
    "spectral_decrease": {
        "max": -1.32128314366e-12,
        "mean": -4.11670431077e-09,
        "min": -2.27517347184e-08,
        "stdev": 3.98290023185e-09
    },
    "spectral_energy": {
        "max": 0.0962715446949,
        "mean": 0.0175119675696,
        "min": 5.56872691959e-06,
        "stdev": 0.0169082451612
    },
    "spectral_energyband_high": {
        "max": 0.0735519006848,
        "mean": 0.00116608478129,
        "min": 4.47987531516e-07,
        "stdev": 0.00402327999473
    },
    "spectral_energyband_low": {
        "max": 0.0469907969236,
        "mean": 0.0048282998614,
        "min": 8.43212660584e-07,
        "stdev": 0.00688373763114
    },
    "spectral_energyband_middle_high": {
        "max": 0.0809209570289,
        "mean": 0.00585421128199,
        "min": 3.05363556663e-07,
        "stdev": 0.00745788449422
    },
    "spectral_energyband_middle_low": {
        "max": 0.0767848789692,
        "mean": 0.00623735086992,
        "min": 6.09904247995e-07,
        "stdev": 0.00784198474139
    },
    "spectral_entropy": {
        "max": 8.87039470673,
        "mean": 7.66041851044,
        "min": 6.02155256271,
        "stdev": 0.459565162659
    },
    "spectral_flux": {
        "max": 0.26027020812,
        "mean": 0.0660999268293,
        "min": 0.0011387426639,
        "stdev": 0.0461338721216
    },
    "spectral_kurtosis": {
        "max": 36.5992202759,
        "mean": 5.29931688309,
        "min": -1.05026578903,
        "stdev": 3.80177354813
    },
    "spectral_rms": {
        "max": 0.00969141162932,
        "mean": 0.00349204381928,
        "min": 7.37082373234e-05,
        "stdev": 0.00221143919043
    },
    "spectral_rolloff": {
        "max": 11649.4628906,
        "mean": 1880.26538086,
        "min": 43.06640625,
        "stdev": 1569.13647461
    },
    "spectral_skewness": {
        "max": 4.6192240715,
        "mean": 1.74323451519,
        "min": -0.124949119985,
        "stdev": 0.523891806602
    },
    "spectral_spread": {
        "max": 13357775,
        "mean": 4672635.5,
        "min": 1807098.25,
        "stdev": 1836675
    },
    "spectral_strongpeak": {
        "max": 17.2675685883,
        "mean": 0.893140554428,
        "min": 0,
        "stdev": 1.80223810673
    },
    "zerocrossingrate": {
        "max": 0.40771484375,
        "mean": 0.0750412270427,
        "min": 0.00439453125,
        "stdev": 0.0402834042907
    },
    "barkbands": {
        "max": [0.00158816576004, 0.030194805935, 0.0312017947435, 0.0209857225418, 0.0477998256683, 0.019547380507, 0.0105661759153, 0.0423255935311, 0.0397297553718, 0.0375066921115, 0.020563704893, 0.00982227548957, 0.0152491228655, 0.0188559684902, 0.029652716592, 0.0531181432307, 0.0171212721616, 0.00706257205456, 0.0301170479506, 0.00773093523458, 0.00755493575707, 0.0153190866113, 0.0432350113988, 0.0178872682154, 0.0141754504293, 0.00448995968327, 1.65808160091e-07],
        "mean": [6.29581118119e-05, 0.0027846749872, 0.00157885858789, 0.000780324509833, 0.00157342408784, 0.00123143172823, 0.000691137451213, 0.000669776112773, 0.00098358571995, 0.000930830661673, 0.000487987330416, 0.000540314649697, 0.000726323691197, 0.000580171006732, 0.000616659701336, 0.000702389108483, 0.000499266607221, 0.000295175530482, 0.00051638513105, 0.000210403552046, 0.000204498777748, 0.000200557362405, 0.000192775100004, 0.000206625962164, 0.000177139576408, 6.82761383359e-05, 8.23725643251e-10],
        "min": [2.33926051862e-08, 1.78368708248e-07, 3.81973741526e-08, 4.1898655212e-08, 9.76555867283e-08, 2.66809614402e-08, 2.1860152799e-08, 7.40213934591e-09, 1.58274602313e-08, 1.4571561735e-08, 6.11581052468e-09, 1.08377093966e-08, 4.76142059114e-09, 1.17214549178e-08, 1.14244063099e-08, 1.37881794871e-08, 1.01722950063e-08, 1.5963866673e-08, 1.12536611141e-08, 1.46582728178e-08, 2.10042738757e-08, 2.08428332371e-08, 3.161996176e-08, 8.35723170667e-08, 8.42744469765e-08, 2.38302426681e-08, 1.35054892617e-11],
        "stdev": [0.000125513543026, 0.00454725557938, 0.00284028192982, 0.00174452411011, 0.00279303570278, 0.00224921060726, 0.00128920224961, 0.00257778679952, 0.00250682746992, 0.00230265036225, 0.000992129440419, 0.000950952642597, 0.00120594352484, 0.00106661452446, 0.001329030958, 0.00261296704412, 0.00113311083987, 0.000593098520767, 0.00142229977064, 0.000477522524307, 0.000467771315016, 0.000857339531649, 0.00141933467239, 0.00102723145392, 0.000692383968271, 0.000237281696172, 5.03036945432e-09]
    },
    "erbbands": {
        "max": [0.877648234367, 8.13729763031, 28.5796718597, 53.7356834412, 197.80241394, 120.292686462, 205.808319092, 228.690322876, 139.190475464, 479.133178711, 1259.36828613, 919.462158203, 1074.09082031, 1593.87731934, 378.517364502, 460.376098633, 842.35949707, 964.191101074, 799.89074707, 1366.71228027, 2030.7467041, 1186.49157715, 508.602325439, 816.565307617, 1571.0645752, 346.501434326, 198.107849121, 356.758728027, 419.996734619, 1427.45874023, 954.270874023, 389.439117432, 313.825195312, 207.946334839, 81.1446380615, 22.935344696, 7.00978803635, 0.924359500408, 0.0159535855055, 0.000856813392602],
        "mean": [0.0749913677573, 0.657232940197, 1.63072752953, 2.49622344971, 3.92917490005, 5.17530202866, 9.86937236786, 8.764752388, 9.0468082428, 11.7221908569, 15.2974147797, 24.4322547913, 26.9757423401, 24.7022037506, 20.9179878235, 24.3712177277, 34.3805236816, 30.3831367493, 32.8265762329, 38.7418670654, 31.1831951141, 26.7170848846, 19.1077785492, 22.6920204163, 20.1787433624, 10.9474830627, 9.0923910141, 7.34756374359, 6.62832641602, 6.85668468475, 5.57122707367, 4.6405544281, 3.18313622475, 2.13440132141, 1.12115073204, 0.449128717184, 0.102914050221, 0.00575822219253, 0.000142797944136, 3.23020612996e-05],
        "min": [3.85298562833e-06, 3.19153223245e-05, 9.73088754108e-05, 0.000176765432116, 0.000264115951722, 0.000306124100462, 0.000178514281288, 0.000226222764468, 0.000296903628623, 0.000221569134737, 0.000283165049041, 0.000438048620708, 0.000392809190089, 0.000833410245832, 0.000436115369666, 0.000576786173042, 0.000403226033086, 0.000844122609124, 0.000734180561267, 0.000684521452058, 0.000694571237545, 0.000670100387651, 0.000700501957908, 0.000718863448128, 0.000784206727985, 0.000710945110768, 0.000700330419932, 0.000830727280118, 0.000626567576546, 0.00102003617212, 0.00131052837241, 0.00192523642909, 0.00119832903147, 0.000827842275612, 0.000632874434814, 0.000157062720973, 3.24943575833e-05, 7.41820713301e-07, 5.10518241015e-08, 1.45329046575e-08],
        "stdev": [0.121259897947, 1.09775316715, 2.73575043678, 4.81658840179, 9.57886981964, 9.02852630615, 20.2691364288, 15.4697856903, 16.5451126099, 34.0227966309, 54.6556167603, 56.7964096069, 68.6015014648, 62.4690284729, 33.0722808838, 42.7836341858, 57.5565452576, 51.3249664307, 54.9700431824, 98.5345535278, 90.0283355713, 70.5512313843, 38.1793556213, 59.5797691345, 57.4312019348, 24.4026584625, 18.5850315094, 21.1718883514, 27.4266262054, 45.5773162842, 37.4363937378, 24.0470561981, 15.9402990341, 9.46586704254, 3.8734498024, 1.42197072506, 0.357414454222, 0.0316575728357, 0.000605360837653, 5.16725704074e-05]
    },
    "gfcc": {
        "mean": [-59.1952896118, 82.6620941162, -128.514785767, 25.1744918823, -61.6048965454, 23.5312538147, -47.3567581177, 14.278465271, -28.2391834259, 5.57401800156, -17.4191112518, 0.0966403260827, -8.7755317688],
        "cov": [[19392.2460938, -469.499694824, -1865.73291016, -141.445266724, 585.142456055, -257.845336914, 513.570007324, 102.836349487, -46.8840179443, -37.1075897217, 77.5380630493, 145.240020752, 69.8197860718], [-469.499694824, 1775.58850098, 435.518371582, -53.4479942322, 345.033569336, -139.762619019, 226.481262207, 8.71744060516, 124.122032166, -189.731262207, 160.414657593, -109.359893799, 102.602615356], [-1865.73291016, 435.518371582, 1687.86560059, 449.566040039, 71.7795715332, 132.632553101, 97.4663925171, 145.750350952, -19.6398124695, 59.1203269958, -13.5547523499, 55.8605995178, -35.3550300598], [-141.445266724, -53.4479942322, 449.566040039, 355.216217041, 73.2040710449, 30.1249084473, 23.54205513, 51.8820953369, -2.32303977013, 45.2951202393, -1.54156196117, 9.23856544495, -19.0237236023], [585.142456055, 345.033569336, 71.7795715332, 73.2040710449, 254.688247681, -16.3632678986, 61.8542480469, 40.7221794128, 26.0305156708, -18.9093494415, 37.0091247559, -12.2978916168, 28.8007526398], [-257.845336914, -139.762619019, 132.632553101, 30.1249084473, -16.3632678986, 128.54598999, 22.564163208, 8.70721244812, -10.9366388321, 29.3017578125, -19.4223117828, 20.2738170624, -14.0330228806], [513.570007324, 226.481262207, 97.4663925171, 23.54205513, 61.8542480469, 22.564163208, 155.352127075, 46.8373336792, 11.1867408752, -30.0035858154, 36.0143051147, 6.2865486145, 6.71092224121], [102.836349487, 8.71744060516, 145.750350952, 51.8820953369, 40.7221794128, 8.70721244812, 46.8373336792, 111.563201904, 18.187286377, 4.50788450241, 15.175989151, 15.3907356262, -18.7624340057], [-46.8840179443, 124.122032166, -19.6398124695, -2.32303977013, 26.0305156708, -10.9366388321, 11.1867408752, 18.187286377, 78.7800369263, -4.51067733765, 24.5476493835, -15.0218200684, 17.4433269501], [-37.1075897217, -189.731262207, 59.1203269958, 45.2951202393, -18.9093494415, 29.3017578125, -30.0035858154, 4.50788450241, -4.51067733765, 93.1902618408, -6.30006551743, 21.3449745178, -9.65738105774], [77.5380630493, 160.414657593, -13.5547523499, -1.54156196117, 37.0091247559, -19.4223117828, 36.0143051147, 15.175989151, 24.5476493835, -6.30006551743, 74.4664459229, 1.16340637207, 11.9612026215], [145.240020752, -109.359893799, 55.8605995178, 9.23856544495, -12.2978916168, 20.2738170624, 6.2865486145, 15.3907356262, -15.0218200684, 21.3449745178, 1.16340637207, 68.9091339111, 9.96961116791], [69.8197860718, 102.602615356, -35.3550300598, -19.0237236023, 28.8007526398, -14.0330228806, 6.71092224121, -18.7624340057, 17.4433269501, -9.65738105774, 11.9612026215, 9.96961116791, 70.1166610718]],
        "icov": [[9.10754315555e-05, 0.000153696193593, 6.03010994382e-05, 4.74104599562e-05, -0.000339865189744, 0.000371099973563, -0.000558391155209, 0.00015840040578, -3.8122980186e-05, -3.84363956982e-05, 9.35378557188e-05, -0.000162586715305, 4.87272809551e-05], [0.000153696193593, 0.00406746100634, -0.00230956543237, 0.00316225993447, -0.0041631879285, 0.00401046779007, -0.00403724843636, 0.00415534432977, -0.00298343854956, 0.00332532916218, -0.00367306056432, 0.0036361804232, -0.00109078222886], [6.03010994382e-05, -0.00230956543237, 0.00260095205158, -0.00310430233367, 0.00221075909212, -0.00256926612929, 0.00140277203172, -0.00316186831333, 0.00208884850144, -0.00197975407355, 0.00261874729767, -0.00281070941128, 0.000546758354176], [4.74104599562e-05, 0.00316225993447, -0.00310430233367, 0.00737599516287, -0.00436310935766, 0.0034093731083, -0.00283464463428, 0.00307164643891, -0.00233572581783, 0.000708491948899, -0.00269062747248, 0.0035595188383, -3.93590453314e-05], [-0.000339865189744, -0.0041631879285, 0.00221075909212, -0.00436310935766, 0.0100802956149, -0.00430268561468, 0.00384319596924, -0.00597139121965, 0.00308891548775, -0.00257420772687, 0.00194579397794, -0.00134146108758, -0.00187014229596], [0.000371099973563, 0.00401046779007, -0.00256926612929, 0.0034093731083, -0.00430268561468, 0.0151002565399, -0.00811918172985, 0.00553610408679, -0.00349484616891, -0.000408651394537, 0.000384400627809, 0.000702826131601, 0.001087032957], [-0.000558391155209, -0.00403724843636, 0.00140277203172, -0.00283464463428, 0.00384319596924, -0.00811918172985, 0.0161504037678, -0.00737207848579, 0.00359724718146, 0.00148122385144, -0.0018260210054, -0.00233014114201, -0.000368079199689], [0.00015840040578, 0.00415534432977, -0.00316186831333, 0.00307164643891, -0.00597139121965, 0.00553610408679, -0.00737207848579, 0.0187392868102, -0.00785165186971, 0.00301597453654, -0.00347746000625, -0.00116493657697, 0.00540910474956], [-3.8122980186e-05, -0.00298343854956, 0.00208884850144, -0.00233572581783, 0.00308891548775, -0.00349484616891, 0.00359724718146, -0.00785165186971, 0.0197029188275, -0.00342010217719, -0.0018020804273, 0.00309251900762, -0.00509530445561], [-3.84363956982e-05, 0.00332532916218, -0.00197975407355, 0.000708491948899, -0.00257420772687, -0.000408651394537, 0.00148122385144, 0.00301597453654, -0.00342010217719, 0.0179837495089, -0.00501288799569, -0.000549976306502, 0.000268242816674], [9.35378557188e-05, -0.00367306056432, 0.00261874729767, -0.00269062747248, 0.00194579397794, 0.000384400627809, -0.0018260210054, -0.00347746000625, -0.0018020804273, -0.00501288799569, 0.0224652588367, -0.00600008526817, 0.00117272441275], [-0.000162586715305, 0.0036361804232, -0.00281070941128, 0.0035595188383, -0.00134146108758, 0.000702826131601, -0.00233014114201, -0.00116493657697, 0.00309251900762, -0.000549976306502, -0.00600008526817, 0.0246036536992, -0.0083273332566], [4.87272809551e-05, -0.00109078222886, 0.000546758354176, -3.93590453314e-05, -0.00187014229596, 0.001087032957, -0.000368079199689, 0.00540910474956, -0.00509530445561, 0.000268242816674, 0.00117272441275, -0.0083273332566, 0.0208314750344]]
    },
    "melbands": {
        "max": [0.008375977166, 0.0109243895859, 0.00893137603998, 0.0116865094751, 0.00540211331099, 0.00443944567814, 0.00222729425877, 0.00671667978168, 0.0114657208323, 0.00496841128916, 0.00524755939841, 0.00679098442197, 0.00226492923684, 0.00133102422114, 0.00102211325429, 0.00147533568088, 0.0021266581025, 0.000756334513426, 0.00296491920017, 0.00491903442889, 0.00169904262293, 0.00136537768412, 0.000438747869339, 0.000339845340932, 0.00077315926319, 0.0019241363043, 0.000641780963633, 0.000163319331477, 0.000180204297067, 0.000224795148824, 0.000243336718995, 0.000253223843174, 0.000374483206542, 0.00106823537499, 0.00072778732283, 0.000230114426813, 0.000275715137832, 0.000211950886296, 0.000191082377569, 0.000196237131604],
        "mean": [0.0007505347603, 0.000850597629324, 0.000471345148981, 0.000337086705258, 0.000312724470859, 0.000200872484129, 0.000138872273965, 0.000132437402499, 0.000128067535115, 0.00015329499729, 0.000133989437018, 0.000102543097455, 7.10473541403e-05, 6.04405868216e-05, 6.53276365483e-05, 7.42644479033e-05, 5.47726231162e-05, 5.1085906307e-05, 4.69094811706e-05, 5.97301113885e-05, 3.08349917759e-05, 2.89497438644e-05, 2.140516699e-05, 1.34789233925e-05, 1.91104754776e-05, 1.91348553926e-05, 8.24435028335e-06, 6.99986821928e-06, 5.48816979062e-06, 5.74574005441e-06, 3.73742091142e-06, 3.71264627574e-06, 3.8051609863e-06, 3.79986045118e-06, 3.40227461493e-06, 2.67648306362e-06, 2.85043142867e-06, 2.30142700275e-06, 1.9329065708e-06, 1.7502557057e-06],
        "min": [6.5238850766e-08, 4.84923354804e-08, 4.12185379162e-08, 3.10003187565e-08, 1.02043857808e-08, 5.26778531906e-09, 5.17669995759e-09, 1.56538337848e-09, 2.39704678329e-09, 2.31700525433e-09, 1.70650205078e-09, 2.9100775123e-09, 1.17291354407e-09, 1.36626554514e-09, 8.24751322792e-10, 8.47686143501e-10, 1.08309183844e-09, 1.02279718028e-09, 1.12875209179e-09, 9.02877383968e-10, 4.58594801023e-10, 6.16995676772e-10, 5.73016745165e-10, 7.6351941436e-10, 4.3422265783e-10, 3.70811853445e-10, 4.83977635746e-10, 4.04483030403e-10, 3.86739057445e-10, 4.20253221112e-10, 3.03648245437e-10, 2.68164046524e-10, 5.09240427604e-10, 5.1801557488e-10, 5.81965919899e-10, 9.7076635619e-10, 1.04336983497e-09, 5.57154100633e-10, 6.83298639892e-10, 6.54026444113e-10],
        "stdev": [0.00121064460836, 0.00127853441518, 0.000895142147783, 0.00066135963425, 0.000571598124225, 0.0003445034381, 0.000257216452155, 0.000435057852883, 0.000475484674098, 0.000351603433955, 0.000348866684362, 0.000271520635579, 0.000134608344524, 0.000104027902125, 0.00011308012472, 0.000122863610159, 0.000105998267827, 8.23964219308e-05, 0.000115438095236, 0.000240273919189, 7.20806201571e-05, 8.0002231698e-05, 4.40578842245e-05, 2.83835506707e-05, 5.5216398323e-05, 6.15806129645e-05, 2.36425694311e-05, 1.65357396327e-05, 1.2507763131e-05, 1.43703800859e-05, 1.32557415782e-05, 1.49094794324e-05, 1.87110908882e-05, 3.10097530019e-05, 2.65929757006e-05, 1.29843529066e-05, 1.56832447828e-05, 1.14869098979e-05, 9.95410209725e-06, 7.52825326344e-06]
    },
    "melbands128": {
        "max": [0.00149483163841, 0.00678518461064, 0.0138760823756, 0.0162091739476, 0.0134771466255, 0.0156837049872, 0.011942980811, 0.0109166912735, 0.0262909773737, 0.0138434246182, 0.00781602598727, 0.00481299404055, 0.00972483772784, 0.00657052965835, 0.0080196429044, 0.00347755104303, 0.00279820663854, 0.00407263357192, 0.0034744287841, 0.00779057666659, 0.0145365875214, 0.00960601586848, 0.0218659341335, 0.0166623592377, 0.0102516422048, 0.0074413549155, 0.0099361082539, 0.00957274343818, 0.00619822926819, 0.0100492034107, 0.00888803135604, 0.00712961424142, 0.00292498688214, 0.00263615394942, 0.00168362027034, 0.00290760723874, 0.00186236645095, 0.00176218082197, 0.00208806735463, 0.00409700302407, 0.00239722640254, 0.00124883744866, 0.00250129494816, 0.00340349297039, 0.00137739512138, 0.000722599448636, 0.00242744199932, 0.00755260698497, 0.00121334323194, 0.00441047176719, 0.00951445195824, 0.00940983276814, 0.000927301647607, 0.000846380309667, 0.00118096917868, 0.00232844194397, 0.00180487032048, 0.000874795892742, 0.00058653432643, 0.00136648165062, 0.000486580189317, 0.000440823176177, 0.000783529074397, 0.00177073827945, 0.00218792050146, 0.00422992417589, 0.00107962766197, 0.001269907807, 0.000477331283037, 0.000470781291369, 0.00030537697603, 0.000383635109756, 0.000179504189873, 0.000387167558074, 0.00024030636996, 0.000470734928967, 0.000157702204888, 0.000353057432221, 0.000359773461241, 0.000365223706467, 0.00022892873676, 0.000372883485397, 0.000414828566136, 0.00045625216444, 0.000606322253589, 0.000727515551262, 0.00159031501971, 0.00144203170203, 0.000690494605806, 0.000546732568182, 0.000237178610405, 0.000216678832658, 0.000286543741822, 0.00033294345485, 0.000363481754903, 0.000224248753511, 0.000217042092117, 0.000289191433694, 0.000212852450204, 0.000217083856114, 0.000183800264494, 0.000189838465303, 0.000229916651733, 0.000110321081593, 0.000128138271975, 8.57750710566e-05, 5.3915042372e-05, 9.25343920244e-05, 5.66807357245e-05, 3.6254972656e-05, 2.36285977735e-05, 2.84031775664e-05, 1.89196143765e-05, 2.80462263618e-05, 3.85194725823e-05, 2.97314886666e-06, 9.23546039644e-09, 7.50472906041e-10, 7.12465503261e-11, 7.0056106749e-11, 6.77806283322e-11, 6.59980681217e-11, 6.37045555196e-11, 6.31082200386e-11, 6.58895576988e-11, 6.83445036676e-11, 6.9593782126e-11, 7.12400277658e-11],
        "mean": [4.98738809256e-05, 0.000477401888929, 0.0011996984249, 0.00100087316241, 0.000817377993371, 0.000783678668085, 0.000509844860062, 0.000375866831746, 0.00039669018588, 0.000385555846151, 0.000260810280452, 0.0002315078018, 0.000381656136597, 0.000340926810168, 0.000229406781727, 9.41565886023e-05, 0.000103260637843, 0.000181984956726, 0.000134095767862, 0.000121960438264, 0.000143359357025, 0.000126491184346, 0.00012049110228, 0.000126425875351, 0.000176817440661, 0.000162083379109, 0.000112523506687, 0.000148809980601, 0.000126987986732, 0.000126491795527, 8.3719191025e-05, 6.89084190526e-05, 8.6877742433e-05, 5.78797153139e-05, 5.10656900587e-05, 6.37801422272e-05, 7.35873909434e-05, 4.88215009682e-05, 7.57260568207e-05, 8.5351515736e-05, 8.10608253232e-05, 4.60195151391e-05, 5.43116184417e-05, 5.9411071561e-05, 5.01278373122e-05, 4.15031136072e-05, 6.5856402216e-05, 4.53931461379e-05, 3.15500910801e-05, 6.39300851617e-05, 7.2132133937e-05, 5.18426495546e-05, 2.41454199568e-05, 2.52241588896e-05, 3.43040737789e-05, 3.04650948237e-05, 2.27013097174e-05, 2.64084646915e-05, 1.71536466951e-05, 1.85232656804e-05, 1.31748529384e-05, 1.00642118923e-05, 1.42138078445e-05, 2.17520355363e-05, 2.76265418506e-05, 1.6470959963e-05, 2.02846313186e-05, 7.82726874604e-06, 4.94462756251e-06, 8.22815491119e-06, 6.62096090309e-06, 7.99662666395e-06, 5.17970511282e-06, 5.03270075569e-06, 4.7305939006e-06, 8.06561820355e-06, 4.28085604653e-06, 4.31112039223e-06, 3.16887667395e-06, 4.2710003072e-06, 3.34586252393e-06, 3.72409999727e-06, 3.76305342797e-06, 3.54659005097e-06, 4.30907402915e-06, 3.67735606233e-06, 3.52112147084e-06, 4.27597524322e-06, 3.23303811456e-06, 3.14721501127e-06, 2.44908164859e-06, 2.31096964853e-06, 3.41194572684e-06, 2.8179013043e-06, 2.73341265711e-06, 2.39371911448e-06, 2.30835235016e-06, 2.02409478334e-06, 1.82298435902e-06, 1.92076322492e-06, 1.96871178559e-06, 1.66137897395e-06, 1.66627114595e-06, 1.24073699226e-06, 1.41143357268e-06, 1.04670186829e-06, 1.14013050734e-06, 7.57018767672e-07, 8.3443467247e-07, 6.37752521015e-07, 5.76783236284e-07, 4.02241084885e-07, 2.7705968364e-07, 2.04466459763e-07, 1.33711424155e-07, 1.18193632659e-08, 2.66510268715e-11, 3.54895561723e-12, 2.63978379086e-12, 2.52300784431e-12, 2.45151186677e-12, 2.39327177867e-12, 2.33834110928e-12, 2.29380923977e-12, 2.2618022906e-12, 2.2359924242e-12, 2.21816770681e-12, 2.20346223906e-12],
        "min": [2.98236019214e-10, 2.46847662311e-08, 1.48382142129e-08, 1.68995732963e-08, 3.28976845765e-09, 1.48061829464e-08, 2.93240169924e-08, 1.25621770763e-08, 9.69655555849e-09, 5.22805887471e-09, 9.28373733444e-09, 1.00797210578e-08, 2.82373280314e-09, 1.32992084012e-09, 3.20947712851e-09, 3.25187476946e-09, 1.33981647998e-09, 3.38550321111e-09, 1.40430533868e-09, 1.04985764526e-09, 3.82483683614e-10, 1.97908536781e-10, 1.5099153039e-09, 1.00162056427e-09, 3.59016510965e-10, 6.01938277001e-10, 7.86684939413e-10, 1.7228661553e-10, 9.02992403073e-10, 6.78018974298e-10, 7.89465159912e-10, 6.67442767721e-10, 9.11361541789e-10, 8.27726998054e-10, 5.32696609046e-10, 3.29116234266e-10, 5.14036813115e-10, 4.78185824271e-10, 3.84264231545e-10, 1.63159236122e-10, 2.05503850048e-10, 4.64590033111e-10, 4.49204007325e-10, 3.35504429794e-10, 3.39868494459e-10, 3.08124331605e-10, 2.60340443647e-10, 3.86970538946e-10, 2.68065292186e-10, 2.08268333135e-10, 2.42318970445e-10, 3.93685500866e-10, 3.44596906565e-10, 3.54930806967e-10, 1.18313317476e-10, 1.13385009715e-10, 2.220865436e-10, 2.5496996181e-10, 9.22727796948e-11, 2.21813900581e-10, 3.14921977385e-10, 3.83082426891e-10, 2.16505383066e-10, 2.42807135509e-10, 9.68922789224e-11, 3.1860312999e-11, 2.21786158883e-10, 1.55283494396e-10, 3.08661068926e-10, 1.95758201316e-10, 2.08468395324e-10, 1.17571591352e-10, 1.61694463374e-10, 8.41440597754e-11, 5.27300807185e-11, 1.10675815734e-10, 2.91562635146e-10, 2.14565309964e-10, 1.14949154362e-10, 1.58101476355e-10, 1.95543706227e-10, 1.4227662104e-10, 2.44033071528e-10, 3.68595348688e-10, 1.27812219142e-10, 3.76516873235e-10, 1.90609528161e-10, 3.23666406177e-11, 1.71576808317e-10, 2.11018452712e-10, 1.22209187214e-10, 6.43124234423e-11, 1.56577495414e-09, 1.54814175368e-10, 6.36938557452e-11, 3.68694623443e-11, 2.04004119153e-10, 6.76239828024e-11, 1.40783967817e-10, 8.02619221085e-11, 2.76487527318e-10, 1.53973361838e-10, 5.48357470542e-11, 1.6921387902e-10, 2.09497315329e-11, 7.07243985598e-12, 3.09164395473e-11, 4.37509715956e-11, 5.65362687222e-11, 1.99826023783e-11, 2.44456000581e-11, 1.33174385148e-12, 3.13263277081e-14, 2.76785938733e-14, 2.95667455092e-14, 3.09613886449e-14, 3.42405072937e-14, 3.26671334297e-14, 3.07895798701e-14, 3.42259010575e-14, 3.62519022234e-14, 3.4731759298e-14, 3.95641229197e-14, 3.50492679042e-14, 3.87189263398e-14, 4.39013923955e-14, 4.16109068859e-14, 3.56618963418e-14],
        "stdev": [0.000109238018922, 0.000838093226776, 0.00205885944888, 0.00180824950803, 0.00138958892785, 0.00143684749492, 0.00105269532651, 0.000911262468435, 0.00115877809003, 0.00080649566371, 0.000532114878297, 0.000445561832748, 0.000940155994613, 0.0007038982003, 0.000490668113343, 0.000180897375685, 0.000206673634239, 0.000415063812397, 0.000299782055663, 0.000426928600064, 0.000799537461717, 0.000504766765516, 0.000739974842872, 0.000685871695168, 0.00049257586943, 0.000458474067273, 0.000468634272693, 0.000537318817805, 0.000429045059718, 0.000420912430855, 0.00031910566031, 0.000233589322306, 0.000209336911212, 0.000127054649056, 9.86662707874e-05, 0.000160918862093, 0.000160926269018, 0.000125546663185, 0.000161142612342, 0.000195557513507, 0.000172809057403, 9.26197462832e-05, 0.000137574839755, 0.000166428930243, 0.000123454883578, 8.02168797236e-05, 0.000164687837241, 0.000238296604948, 7.38598537282e-05, 0.000203259274713, 0.000451553118182, 0.000308889051666, 5.52087767574e-05, 5.1253791753e-05, 8.41870423756e-05, 0.000124563754071, 0.000108787091449, 7.25987265469e-05, 3.98440206482e-05, 7.05075872247e-05, 3.15024080919e-05, 2.53986145253e-05, 5.08340563101e-05, 8.50047144922e-05, 0.000109709719254, 9.95802256512e-05, 6.23141168035e-05, 3.79350276489e-05, 1.77228757821e-05, 2.6276369681e-05, 2.22360486077e-05, 2.93689008686e-05, 1.41565406011e-05, 1.91693616216e-05, 1.22086958072e-05, 2.67042287305e-05, 1.25472543004e-05, 1.74706983671e-05, 1.50759169628e-05, 1.75462755578e-05, 1.31304996103e-05, 1.83968058991e-05, 1.85775988939e-05, 1.90033424587e-05, 2.51421879511e-05, 2.41200377786e-05, 3.78582190024e-05, 4.96801221743e-05, 2.5234729037e-05, 1.86772522284e-05, 1.24459493236e-05, 1.15889988592e-05, 1.64705015777e-05, 1.78442278411e-05, 1.66910722328e-05, 1.22720557556e-05, 1.18693960758e-05, 1.15336779345e-05, 9.31088561629e-06, 1.15726043077e-05, 9.07457979338e-06, 7.41397980164e-06, 7.09682080924e-06, 4.98441886521e-06, 5.44648992218e-06, 4.21725144406e-06, 3.65032792615e-06, 3.29853469339e-06, 2.68905978373e-06, 2.38802931563e-06, 1.71980252617e-06, 1.45242302096e-06, 9.64863829722e-07, 1.08658639419e-06, 1.13203839192e-06, 1.19190730175e-07, 3.63107266477e-10, 2.25196857689e-11, 5.48125000249e-12, 5.1782354446e-12, 5.05849355459e-12, 4.97108691017e-12, 4.90059425332e-12, 4.85525465319e-12, 4.82534975518e-12, 4.79205694223e-12, 4.77744710112e-12, 4.7738566572e-12]
    },
    "mfcc": {
        "mean": [-697.813049316, 113.913002014, -7.92385053635, 6.36844396591, 6.79345226288, 3.47757363319, -0.940511882305, 1.27800953388, -0.985186219215, 1.59283614159, -1.95489549637, -1.69780552387, -1.99531030655],
        "cov": [[20351.484375, -621.743103027, -2419.85424805, -90.4311599731, -332.665679932, -101.282546997, 205.126739502, 102.576225281, 53.6997528076, -80.8892211914, 51.2096595764, -123.408996582, -62.8876647949], [-621.743103027, 1667.73986816, 187.679885864, 181.210754395, 158.028533936, -49.7355613708, 120.01399231, 151.217895508, 19.1872501373, 41.9244499207, 29.0375728607, -39.0016899109, -13.0393028259], [-2419.85424805, 187.679885864, 1365.88208008, 374.847625732, 173.064346313, 100.641723633, 129.45916748, 90.1488876343, 58.4449195862, 59.3831481934, 41.7401580811, 19.7572383881, 7.22878313065], [-90.4311599731, 181.210754395, 374.847625732, 371.246917725, 149.356704712, 22.6919689178, 85.8620910645, 45.5969848633, 26.5780830383, 49.3115844727, 21.492805481, -8.9602060318, 10.0215482712], [-332.665679932, 158.028533936, 173.064346313, 149.356704712, 195.447052002, 20.4021778107, 30.5483531952, 20.429769516, 21.7780685425, 45.1441040039, 6.36618471146, -9.58061027527, 8.40632152557], [-101.282546997, -49.7355613708, 100.641723633, 22.6919689178, 20.4021778107, 116.466110229, 29.8088760376, -14.8436746597, 21.082036972, -5.46899032593, -5.10314512253, 10.6783695221, -1.21851289272], [205.126739502, 120.01399231, 129.45916748, 85.8620910645, 30.5483531952, 29.8088760376, 129.700027466, 58.5974617004, 16.1236629486, 5.60584831238, 27.3847007751, 11.4573049545, -4.55545282364], [102.576225281, 151.217895508, 90.1488876343, 45.5969848633, 20.429769516, -14.8436746597, 58.5974617004, 129.880828857, 18.8225517273, 9.19361495972, 31.4849433899, 0.0951973572373, -4.51604747772], [53.6997528076, 19.1872501373, 58.4449195862, 26.5780830383, 21.7780685425, 21.082036972, 16.1236629486, 18.8225517273, 66.3477478027, 12.3625602722, -4.59787845612, 3.79533863068, 0.434497773647], [-80.8892211914, 41.9244499207, 59.3831481934, 49.3115844727, 45.1441040039, -5.46899032593, 5.60584831238, 9.19361495972, 12.3625602722, 76.0228271484, 19.0257606506, -11.1901855469, 7.02927446365], [51.2096595764, 29.0375728607, 41.7401580811, 21.492805481, 6.36618471146, -5.10314512253, 27.3847007751, 31.4849433899, -4.59787845612, 19.0257606506, 73.3470077515, 19.2698154449, -2.04955291748], [-123.408996582, -39.0016899109, 19.7572383881, -8.9602060318, -9.58061027527, 10.6783695221, 11.4573049545, 0.0951973572373, 3.79533863068, -11.1901855469, 19.2698154449, 60.4958229065, 9.7738275528], [-62.8876647949, -13.0393028259, 7.22878313065, 10.0215482712, 8.40632152557, -1.21851289272, -4.55545282364, -4.51604747772, 0.434497773647, 7.02927446365, -2.04955291748, 9.7738275528, 44.9523887634]],
        "icov": [[8.06460375316e-05, 4.44696779596e-05, 0.000201839589863, -0.000177772017196, 0.000121225981275, -1.20521090139e-05, -0.000224112067372, -5.97274993197e-05, -0.000182419229532, 6.19840138825e-05, -0.000124668003991, 0.000224385046749, 1.87869900401e-05], [4.44696779596e-05, 0.000778561923653, 0.000116769973829, -0.000124663682072, -0.00044864290976, 0.00041349377716, -0.00058684963733, -0.000600520637818, -2.50631110248e-05, 7.21148098819e-05, 3.25964501826e-05, 0.000483144511236, 0.00015777288354], [0.000201839589863, 0.000116769973829, 0.00162124750204, -0.00140671944246, 0.000221297159442, -0.00080064026406, -0.000559351756237, -0.000621751649305, -0.000582978245802, -9.13722396945e-05, -0.000340353959473, 0.000134375193738, 0.000162093361723], [-0.000177772017196, -0.000124663682072, -0.00140671944246, 0.00576411746442, -0.00301189883612, 0.000836829654872, -0.00187227805145, 0.000624628271908, 0.000225146417506, -0.000735117180739, 6.48813947919e-05, 0.000572634569835, -0.000893514079507], [0.000121225981275, -0.00044864290976, 0.000221297159442, -0.00301189883612, 0.00870137196034, -0.00134994683322, 0.000412456982303, -0.000191635379451, -0.000852824188769, -0.00300018512644, 0.000534227176104, 0.000395433831727, -0.000550147786271], [-1.20521090139e-05, 0.00041349377716, -0.00080064026406, 0.000836829654872, -0.00134994683322, 0.011606589891, -0.00361406826414, 0.00320371380076, -0.0032374584116, 0.00159436860122, 0.000540178443771, -0.000715348694939, 0.0005300847115], [-0.000224112067372, -0.00058684963733, -0.000559351756237, -0.00187227805145, 0.000412456982303, -0.00361406826414, 0.013649225235, -0.00436969706789, 0.000405098602641, 0.000685233215336, -0.00176359293982, -0.00232060742564, 0.00110579445027], [-5.97274993197e-05, -0.000600520637818, -0.000621751649305, 0.000624628271908, -0.000191635379451, 0.00320371380076, -0.00436969706789, 0.0124201960862, -0.00353766535409, 0.00138019770384, -0.00406404864043, 0.00179083610419, -0.000125694190501], [-0.000182419229532, -2.50631110248e-05, -0.000582978245802, 0.000225146417506, -0.000852824188769, -0.0032374584116, 0.000405098602641, -0.00353766535409, 0.0191576220095, -0.0041205175221, 0.00482414290309, -0.00345660327002, 0.000969123968389], [6.19840138825e-05, 7.21148098819e-05, -9.13722396945e-05, -0.000735117180739, -0.00300018512644, 0.00159436860122, 0.000685233215336, 0.00138019770384, -0.0041205175221, 0.0190207455307, -0.00709112174809, 0.00579334888607, -0.0034188341815], [-0.000124668003991, 3.25964501826e-05, -0.000340353959473, 6.48813947919e-05, 0.000534227176104, 0.000540178443771, -0.00176359293982, -0.00406404864043, 0.00482414290309, -0.00709112174809, 0.0207362808287, -0.00849643163383, 0.00305806100368], [0.000224385046749, 0.000483144511236, 0.000134375193738, 0.000572634569835, 0.000395433831727, -0.000715348694939, -0.00232060742564, 0.00179083610419, -0.00345660327002, 0.00579334888607, -0.00849643163383, 0.0229449719191, -0.00609253719449], [1.87869900401e-05, 0.00015777288354, 0.000162093361723, -0.000893514079507, -0.000550147786271, 0.0005300847115, 0.00110579445027, -0.000125694190501, 0.000969123968389, -0.0034188341815, 0.00305806100368, -0.00609253719449, 0.0246969666332]]
    },
    "spectral_contrast_coeffs": {
        "max": [-0.471697062254, -0.500212907791, -0.513112127781, -0.503409802914, -0.504402935505, -0.55240881443],
        "mean": [-0.741641879082, -0.80205655098, -0.791262328625, -0.802333295345, -0.786727964878, -0.77458691597],
        "min": [-0.917781710625, -0.940416753292, -0.933153390884, -0.925410687923, -0.912897288799, -0.887347102165],
        "stdev": [0.0625674948096, 0.0699830129743, 0.0722476840019, 0.064051002264, 0.0715260133147, 0.0590417012572]
    },
    "spectral_contrast_valleys": {
        "max": [-4.86568212509, -5.22613954544, -5.52705430984, -5.50129127502, -5.70998334885, -6.96184921265],
        "mean": [-7.43532800674, -7.09986305237, -7.61982584, -7.81963300705, -8.23279476166, -10.8133153915],
        "min": [-10.9361810684, -11.7353458405, -11.8851585388, -11.924161911, -11.9274492264, -13.6430673599],
        "stdev": [1.4239923954, 1.19767773151, 1.41049981117, 1.46609652042, 1.41613638401, 1.31055235863]
    }
},
"rhythm": {
    "beats_count": 82,
    "beats_loudness": {
        "max": 0.0656746178865,
        "mean": 0.023838410154,
        "min": 8.78998162079e-06,
        "stdev": 0.0185969993472
    },
    "bpm": 97.4700164795,
    "bpm_histogram_first_peak_bpm": 98,
    "bpm_histogram_first_peak_weight": 0.326923072338,
    "bpm_histogram_second_peak_bpm": 112,
    "bpm_histogram_second_peak_spread": 0.444444477558,
    "bpm_histogram_second_peak_weight": 0.185185179114,
    "danceability": 0.917963981628,
    "onset_rate": 4.1630859375,
    "beats_loudness_band_ratio": {
        "max": [0.867328703403, 0.475298285484, 0.580732405186, 0.710742115974, 0.757280230522, 0.628419101238],
        "mean": [0.289858579636, 0.132353082299, 0.152283370495, 0.196072652936, 0.187204450369, 0.0848265364766],
        "min": [0.000765151227824, 0.0129058761522, 0.013044193387, 0.0127423638478, 0.00773729290813, 0.00134332966991],
        "stdev": [0.237134918571, 0.102716371417, 0.114132814109, 0.14886534214, 0.171542838216, 0.0872956886888]
    },
