{
"metadata": {
    "version": {
        "essentia": "2.1-beta5",
        "essentia_git_sha": "Undefined",
        "extractor": "music 2.0"
    },
    "audio_properties": {
        "analysis": {
            "equal_loudness": 0,
            "length": 52.2448997498,
            "sample_rate": 44100,
            "start_time": 12.7477550507,
            "downmix": "mix"
        },
        "bit_rate": 192000,
        "length": 188.662124634,
        "lossless": 0,
        "number_channels": 2,
        "replay_gain": -11.0039615631,
        "sample_rate": 44100,
        "codec": "mp3",
        "md5_encoded": "ab1a21716ccb31fa60c5adb740067764"
    },
    "tags": {
        "file_name": "Norway_It_s Just A Game_Bendik Singers.mp3",
        "encoding": ["Lavf58.29.100"]
    }
},
"lowlevel": {
    "average_loudness": 0.75953489542,
    "barkbands_crest": {
        "max": 25.1840724945,
        "mean": 8.45643997192,
        "min": 2.36352562904,
        "stdev": 3.80450558662
    },
    "barkbands_flatness_db": {
        "max": 0.28244510293,
        "mean": 0.139737308025,
        "min": 0.0453919656575,
        "stdev": 0.0457953922451
    },
    "barkbands_kurtosis": {
        "max": 61.7592391968,
        "mean": 3.93953204155,
        "min": -1.83764207363,
        "stdev": 7.2589006424
    },
    "barkbands_skewness": {
        "max": 7.3425116539,
        "mean": 1.26672410965,
        "min": -2.53608036041,
        "stdev": 1.25013267994
    },
    "barkbands_spread": {
        "max": 91.4375610352,
        "mean": 21.6798267365,
        "min": 1.74374759197,
        "stdev": 13.5751199722
    },
    "dissonance": {
        "max": 0.500000119209,
        "mean": 0.463538080454,
        "min": 0.309220433235,
        "stdev": 0.0284406095743
    },
    "dynamic_complexity": 6.2158575058,
    "erbbands_crest": {
        "max": 29.2350330353,
        "mean": 9.0703163147,
        "min": 2.32595729828,
        "stdev": 4.72746372223
    },
    "erbbands_flatness_db": {
        "max": 0.348647654057,
        "mean": 0.166075095534,
        "min": 0.0531599484384,
        "stdev": 0.0503355711699
    },
    "erbbands_kurtosis": {
        "max": 31.6456985474,
        "mean": 0.937373757362,
        "min": -1.7151594162,
        "stdev": 2.53208470345
    },
    "erbbands_skewness": {
        "max": 4.52138662338,
        "mean": 0.494507104158,
        "min": -2.72405266762,
        "stdev": 0.759731054306
    },
    "erbbands_spread": {
        "max": 141.480667114,
        "mean": 35.7385902405,
        "min": 4.26441812515,
        "stdev": 22.392206192
    },
    "hfc": {
        "max": 162.758239746,
        "mean": 16.9196968079,
        "min": 0.00471276044846,
        "stdev": 22.4869422913
    },
    "loudness_ebu128": {
        "integrated": -14.0507926941,
        "loudness_range": 10.155790329,
        "momentary": {
            "max": -7.69049835205,
            "mean": -17.7330150604,
            "min": -51.1526947021,
            "stdev": 8.50220298767
        },
        "short_term": {
            "max": -10.5003976822,
            "mean": -16.1312141418,
            "min": -45.4738845825,
            "stdev": 5.28257608414
        }
    },
    "melbands_crest": {
        "max": 36.9926261902,
        "mean": 11.4917097092,
        "min": 3.08799266815,
        "stdev": 4.83437871933
    },
    "melbands_flatness_db": {
        "max": 0.372430115938,
        "mean": 0.180742740631,
        "min": 0.0280771236867,
        "stdev": 0.0643184408545
    },
    "melbands_kurtosis": {
        "max": 325.791473389,
        "mean": 11.7561540604,
        "min": -1.71761500835,
        "stdev": 21.8798961639
    },
    "melbands_skewness": {
        "max": 15.1157684326,
        "mean": 2.12967610359,
        "min": -1.63328957558,
        "stdev": 1.83195769787
    },
    "melbands_spread": {
        "max": 182.582443237,
        "mean": 25.5044307709,
        "min": 1.70924532413,
        "stdev": 18.2097167969
    },
    "pitch_salience": {
        "max": 0.853512883186,
        "mean": 0.600334525108,
        "min": 0.171650022268,
        "stdev": 0.105419024825
    },
    "silence_rate_20dB": {
        "max": 1,
        "mean": 1,
        "min": 1,
        "stdev": 0
    },
    "silence_rate_30dB": {
        "max": 1,
        "mean": 1,
        "min": 1,
        "stdev": 0
    },
    "silence_rate_60dB": {
        "max": 1,
        "mean": 0.218125283718,
        "min": 0,
        "stdev": 0.412971287966
    },
    "spectral_centroid": {
        "max": 3943.40429688,
        "mean": 1325.45080566,
        "min": 260.950561523,
        "stdev": 631.050720215
    },
    "spectral_complexity": {
        "max": 55,
        "mean": 15.0666370392,
        "min": 0,
        "stdev": 11.2701931
    },
    "spectral_decrease": {
        "max": -5.03036631447e-13,
        "mean": -3.98306898575e-09,
        "min": -3.13937711383e-08,
        "stdev": 3.9098364546e-09
    },
    "spectral_energy": {
        "max": 0.121341593564,
        "mean": 0.0165676474571,
        "min": 2.4695330012e-06,
        "stdev": 0.0163750704378
    },
    "spectral_energyband_high": {
        "max": 0.0152348149568,
        "mean": 0.000558987550903,
        "min": 4.18560546223e-07,
        "stdev": 0.00135529378895
    },
    "spectral_energyband_low": {
        "max": 0.0554366409779,
        "mean": 0.00288803013973,
        "min": 7.57970724408e-07,
        "stdev": 0.00402557104826
    },
    "spectral_energyband_middle_high": {
        "max": 0.106143556535,
        "mean": 0.00606250483543,
        "min": 1.60111696346e-07,
        "stdev": 0.0101804574952
    },
    "spectral_energyband_middle_low": {
        "max": 0.099853053689,
        "mean": 0.00778745952994,
        "min": 6.19297225057e-07,
        "stdev": 0.0089868446812
    },
    "spectral_entropy": {
        "max": 8.638920784,
        "mean": 7.56038713455,
        "min": 5.91869497299,
        "stdev": 0.458906173706
    },
    "spectral_flux": {
        "max": 0.325882405043,
        "mean": 0.0671261548996,
        "min": 0.000919488375075,
        "stdev": 0.0457397885621
    },
    "spectral_kurtosis": {
        "max": 17.9298248291,
        "mean": 4.59398937225,
        "min": -0.605564594269,
        "stdev": 2.72799134254
    },
    "spectral_rms": {
        "max": 0.0108803510666,
        "mean": 0.00347129302099,
        "min": 4.90846250614e-05,
        "stdev": 0.00202822126448
    },
    "spectral_rolloff": {
        "max": 10292.8710938,
        "mean": 1541.77160645,
        "min": 43.06640625,
        "stdev": 1293.86425781
    },
    "spectral_skewness": {
        "max": 3.35232329369,
        "mean": 1.63948476315,
        "min": 0.218119502068,
        "stdev": 0.433537960052
    },
    "spectral_spread": {
        "max": 17355756,
        "mean": 4648473,
        "min": 1981347.25,
        "stdev": 1804005
    },
    "spectral_strongpeak": {
        "max": 18.8776817322,
        "mean": 1.02890574932,
        "min": 0,
        "stdev": 1.60927927494
    },
    "zerocrossingrate": {
        "max": 0.30908203125,
        "mean": 0.063737295568,
        "min": 0.00927734375,
        "stdev": 0.0337537378073
    },
    "barkbands": {
        "max": [0.00141094974242, 0.0261784065515, 0.0319464281201, 0.0407628938556, 0.0498553998768, 0.0348497107625, 0.0346982851624, 0.0347704291344, 0.0778933465481, 0.0431337207556, 0.0908135101199, 0.0298808254302, 0.0302272289991, 0.0586981326342, 0.0431810468435, 0.0230468846858, 0.0367830097675, 0.00999948941171, 0.00947310496122, 0.0119432248175, 0.00625325506553, 0.0035344066564, 0.00248148012906, 0.00655159261078, 0.00211838702671, 0.00102905917447, 7.14914995115e-06],
        "mean": [5.17251428391e-05, 0.0013251521159, 0.0010370843811, 0.000927597633563, 0.00170346687082, 0.00162362132687, 0.000964238250162, 0.000891962030437, 0.00124381971546, 0.00101823208388, 0.00108207948506, 0.000680190161802, 0.000689292501193, 0.000778715126216, 0.00046861966257, 0.000298926781397, 0.000434153189417, 0.000314038014039, 0.000319495040458, 0.000264709116891, 0.000117732066428, 9.00390805327e-05, 7.06514110789e-05, 7.90082413005e-05, 7.46223595343e-05, 1.8489341528e-05, 4.49640502609e-09],
        "min": [7.2942265561e-09, 1.70269274236e-07, 4.37923368679e-08, 1.00936588865e-07, 7.44571053701e-08, 2.65933444155e-08, 1.92420426259e-08, 5.27693622132e-09, 1.31594655173e-08, 1.30664457032e-08, 4.95541296885e-09, 9.57209778107e-09, 6.48095088707e-09, 3.48082518364e-09, 2.96358382279e-09, 6.23901241781e-09, 4.85881290757e-09, 9.99911975441e-09, 9.26970589177e-09, 1.49648027303e-08, 1.69667480066e-08, 2.52400802481e-08, 3.36245307153e-08, 9.26347993868e-08, 7.90642431525e-08, 1.50033440532e-11, 1.46573638643e-11],
        "stdev": [0.000101263911347, 0.00194518174976, 0.00182912661694, 0.00204927939922, 0.00293436762877, 0.00321524427272, 0.00214082328603, 0.00188754405826, 0.00337027781643, 0.00249176751822, 0.00369089562446, 0.00219145906158, 0.00221583293751, 0.00304911984131, 0.00157342222519, 0.000809935620055, 0.00171510642394, 0.000714837806299, 0.000672050344292, 0.00064931815723, 0.000362904276699, 0.000256529339822, 0.000176056841156, 0.000251400924753, 0.000197324508918, 6.74392722431e-05, 1.54572887823e-07]
    },
    "erbbands": {
        "max": [0.718257665634, 7.90576267242, 35.5532989502, 94.3343353271, 172.444503784, 168.755737305, 168.763442993, 449.646911621, 542.90637207, 575.825927734, 1011.36340332, 1680.73278809, 1277.77819824, 977.149597168, 4317.45361328, 1491.18640137, 1690.97827148, 1919.5982666, 2594.9284668, 995.094116211, 434.739196777, 1852.42468262, 697.183105469, 766.076965332, 471.220092773, 345.739440918, 257.131958008, 212.824707031, 149.430328369, 91.8796081543, 75.3553924561, 197.671844482, 51.4127922058, 23.0597381592, 17.1847896576, 6.65102291107, 1.44481444359, 0.0325633026659, 0.00118421390653, 0.000194075953914],
        "mean": [0.0361708141863, 0.309058189392, 1.01992070675, 2.45649766922, 3.96505856514, 6.01881742477, 8.58621692657, 15.569486618, 14.1830883026, 16.8925132751, 20.2505626678, 30.3326187134, 32.3602180481, 30.5937423706, 46.472454071, 29.9087104797, 34.5766944885, 38.6149940491, 30.7160263062, 22.7695102692, 15.1464319229, 23.5201187134, 17.7191677094, 20.1736621857, 14.6680765152, 11.8898916245, 5.95566940308, 4.04040718079, 3.17507791519, 2.82841134071, 1.95368480682, 1.66194760799, 1.29964184761, 0.920423805714, 0.472135424614, 0.160789862275, 0.017396081239, 0.00040284980787, 3.04366712953e-05, 2.30663863476e-05],
        "min": [3.97768053517e-06, 2.67818340944e-05, 0.000103158148704, 0.000525022624061, 0.000228741904721, 0.000179306909558, 0.000119487267511, 0.000178424525075, 0.000300028856145, 0.00022332847584, 0.000137696668389, 0.000306894129608, 0.000320573919453, 0.000279792613583, 0.000273134181043, 0.000448306440376, 0.000405466242228, 0.000356695440132, 0.000252501806244, 0.000358837540261, 0.000415703863837, 0.000369510555174, 0.000466136145405, 0.000360820093192, 0.000544538197573, 0.000827544019558, 0.000723048928194, 0.000778398883995, 0.000855987425894, 0.000808856857475, 0.00118666689377, 0.00206938805059, 0.000994946225546, 0.000772892148234, 0.000650098198093, 7.20516909496e-05, 3.93449181502e-06, 2.52577137871e-07, 3.15930961392e-08, 1.07095825541e-08],
        "stdev": [0.0609168671072, 0.457835555077, 1.74768829346, 4.74556589127, 8.14113807678, 11.4390640259, 16.848241806, 34.7875137329, 32.3518714905, 33.1929588318, 51.7626495361, 79.0522537231, 77.4652328491, 76.177734375, 172.440795898, 97.3493804932, 106.226737976, 140.343505859, 111.477355957, 50.4197692871, 30.2385005951, 92.7417068481, 40.7689208984, 51.4391365051, 31.0346946716, 27.6637191772, 16.6434574127, 12.3409662247, 9.55624198914, 7.11975955963, 5.05833816528, 6.05149269104, 3.81913328171, 2.4353158474, 1.27659571171, 0.526595830917, 0.0744625627995, 0.0016053323634, 7.47188314563e-05, 2.43262602453e-05]
    },
    "gfcc": {
        "mean": [-56.7557373047, 100.144241333, -128.480331421, 34.8006439209, -69.0290908813, 22.4946365356, -45.8066940308, 16.3336830139, -27.3329601288, 0.00149533082731, -10.0751533508, -7.76997900009, -4.39448595047],
        "cov": [[12640.4023438, 408.27154541, -1810.99377441, -178.082138062, 78.0082702637, -448.56918335, 289.305389404, 95.1414642334, 38.2727088928, -171.737533569, 216.759124756, -180.364807129, -8.02173233032], [408.27154541, 1138.97192383, -81.4412460327, -124.933776855, 73.2313766479, -214.592926025, 106.666519165, -86.8663482666, 105.280769348, -157.230163574, 193.120666504, -136.355743408, 104.344741821], [-1810.99377441, -81.4412460327, 1216.55969238, 230.937271118, -18.5589237213, 90.3905105591, -43.8147621155, 82.5812301636, -88.8429031372, 112.081619263, -144.026184082, 137.887832642, -60.5584449768], [-178.082138062, -124.933776855, 230.937271118, 276.864318848, 60.0698127747, 5.18304443359, -14.7886199951, 49.3534469604, 34.9224967957, 26.6781997681, -47.5704421997, 20.229177475, 4.91931056976], [78.0082702637, 73.2313766479, -18.5589237213, 60.0698127747, 198.246368408, 68.6130447388, 55.6710662842, 32.197101593, 14.86033535, 7.00696325302, 7.29727697372, -16.4606170654, 1.86934423447], [-448.56918335, -214.592926025, 90.3905105591, 5.18304443359, 68.6130447388, 265.980804443, 82.6430282593, 24.9109153748, -50.366519928, 50.8634681702, -27.371711731, 15.709692955, -39.1166572571], [289.305389404, 106.666519165, -43.8147621155, -14.7886199951, 55.6710662842, 82.6430282593, 193.577178955, 39.5228500366, -20.4029788971, -13.888212204, 49.7780838013, -26.2949905396, -12.5720157623], [95.1414642334, -86.8663482666, 82.5812301636, 49.3534469604, 32.197101593, 24.9109153748, 39.5228500366, 139.032409668, 28.4473075867, 22.0230960846, -35.0246124268, 12.7744283676, -25.4610881805], [38.2727088928, 105.280769348, -88.8429031372, 34.9224967957, 14.86033535, -50.366519928, -20.4029788971, 28.4473075867, 124.198554993, -4.64878940582, 16.5629024506, -29.7031211853, 29.6168689728], [-171.737533569, -157.230163574, 112.081619263, 26.6781997681, 7.00696325302, 50.8634681702, -13.888212204, 22.0230960846, -4.64878940582, 95.6619186401, -25.3005371094, 33.1552886963, -16.8162841797], [216.759124756, 193.120666504, -144.026184082, -47.5704421997, 7.29727697372, -27.371711731, 49.7780838013, -35.0246124268, 16.5629024506, -25.3005371094, 125.488250732, -15.7869510651, 25.9555053711], [-180.364807129, -136.355743408, 137.887832642, 20.229177475, -16.4606170654, 15.709692955, -26.2949905396, 12.7744283676, -29.7031211853, 33.1552886963, -15.7869510651, 96.0919265747, 0.358051478863], [-8.02173233032, 104.344741821, -60.5584449768, 4.91931056976, 1.86934423447, -39.1166572571, -12.5720157623, -25.4610881805, 29.6168689728, -16.8162841797, 25.9555053711, 0.358051478863, 79.4175491333]],
        "icov": [[0.000130958214868, -0.000171211446286, 0.000336692959536, -0.000236548308749, 7.62551790103e-05, 0.000213385355892, -0.000145000565681, -0.000248804106377, 0.000374830065994, -0.000270346499747, 0.000179581926204, -0.000221214577323, 0.000255433929851], [-0.000171211446286, 0.00502323545516, -0.00316147110425, 0.00394688826054, -0.00342697231099, 0.00333445798606, -0.00253515061922, 0.00272616208531, -0.00422021606937, 0.00450683385134, -0.00413944013417, 0.00479640858248, -0.0032173183281], [0.000336692959536, -0.00316147110425, 0.00378953735344, -0.00371063407511, 0.00243925629184, -0.00154015375301, 0.00110534857959, -0.00223540421575, 0.00387852662243, -0.00367306987755, 0.00335334986448, -0.00423428090289, 0.00264856033027], [-0.000236548308749, 0.00394688826054, -0.00371063407511, 0.00860581826419, -0.00440801074728, 0.00282774213701, -0.00191514694598, 0.00196422683075, -0.00541527708992, 0.00353264994919, -0.00192026980221, 0.00347126973793, -0.00336959771812], [7.62551790103e-05, -0.00342697231099, 0.00243925629184, -0.00440801074728, 0.00908412598073, -0.00413074996322, 0.00102005258668, -0.00281370664015, 0.00268969894387, -0.00312975328416, 0.00212523457594, -0.00215183035471, 0.00130373460706], [0.000213385355892, 0.00333445798606, -0.00154015375301, 0.00282774213701, -0.00413074996322, 0.00928033422679, -0.00524209626019, 0.00243715499528, -0.00119016028475, -0.000210591111681, -0.000659696641378, 0.00236185383983, -0.000485162367113], [-0.000145000565681, -0.00253515061922, 0.00110534857959, -0.00191514694598, 0.00102005258668, -0.00524209626019, 0.0116429990157, -0.00588345713913, 0.00504576368257, -0.000336767057888, -0.00354351731949, 0.00103804259561, 0.000829057535157], [-0.000248804106377, 0.00272616208531, -0.00223540421575, 0.00196422683075, -0.00281370664015, 0.00243715499528, -0.00588345713913, 0.0140131888911, -0.00820245407522, 0.00183734542225, 0.00224822037853, -0.000965590646956, 0.002112201415], [0.000374830065994, -0.00422021606937, 0.00387852662243, -0.00541527708992, 0.00268969894387, -0.00119016028475, 0.00504576368257, -0.00820245407522, 0.0181312840432, -0.00595217105001, 0.000460001348983, 0.00115653162356, -0.00178233662155], [-0.000270346499747, 0.00450683385134, -0.00367306987755, 0.00353264994919, -0.00312975328416, -0.000210591111681, -0.000336767057888, 0.00183734542225, -0.00595217105001, 0.0189067684114, -0.00367259420455, 0.000613804499153, -0.00104203901719], [0.000179581926204, -0.00413944013417, 0.00335334986448, -0.00192026980221, 0.00212523457594, -0.000659696641378, -0.00354351731949, 0.00224822037853, 0.000460001348983, -0.00367259420455, 0.0169920921326, -0.00654551899061, 0.00144459994044], [-0.000221214577323, 0.00479640858248, -0.00423428090289, 0.00347126973793, -0.00215183035471, 0.00236185383983, 0.00103804259561, -0.000965590646956, 0.00115653162356, 0.000613804499153, -0.00654551899061, 0.0208968389779, -0.00695560919121], [0.000255433929851, -0.0032173183281, 0.00264856033027, -0.00336959771812, 0.00130373460706, -0.000485162367113, 0.000829057535157, 0.002112201415, -0.00178233662155, -0.00104203901719, 0.00144459994044, -0.00695560919121, 0.0196149852127]]
    },
    "melbands": {
        "max": [0.00512094330043, 0.0150726521388, 0.0181065071374, 0.01311890129, 0.00638098130003, 0.00858925748616, 0.00708570610732, 0.00509639596567, 0.0108959935606, 0.0090546682477, 0.00676863268018, 0.00398601777852, 0.0135295568034, 0.00341190467589, 0.00276552280411, 0.00303398561664, 0.00449348567054, 0.00588674284518, 0.00264722015709, 0.00235587335192, 0.000411011686083, 0.00148678384721, 0.00204552151263, 0.000473163789138, 0.00075675023254, 0.000259944994468, 0.000611035269685, 0.000221827169298, 0.000149558050907, 0.000269760086667, 8.70374497026e-05, 8.38333216961e-05, 8.47664487083e-05, 4.73956242786e-05, 3.42308157997e-05, 9.62411359069e-05, 0.000119381547847, 3.635351095e-05, 3.08376656903e-05, 1.86694687727e-05],
        "mean": [0.00034915789729, 0.000503308896441, 0.000465665216325, 0.00035216944525, 0.000306439964334, 0.000339910009643, 0.000208477271372, 0.000184380551218, 0.00017235057021, 0.000188856502064, 0.000157757240231, 0.000116946408525, 0.000152340828208, 8.97288991837e-05, 7.23776465748e-05, 6.95735216141e-05, 7.44513090467e-05, 5.15305910085e-05, 3.39429170708e-05, 2.60715423792e-05, 1.62398155226e-05, 2.43953872996e-05, 2.05455962714e-05, 1.44871892189e-05, 1.70453658939e-05, 9.84259440884e-06, 1.08679441837e-05, 7.18445153325e-06, 4.05562559536e-06, 2.84905968329e-06, 2.0896964088e-06, 1.73911132606e-06, 1.79703465619e-06, 1.45470585267e-06, 1.11927352009e-06, 1.04383195776e-06, 9.89978957477e-07, 8.93505728072e-07, 8.74620695868e-07, 7.55712051159e-07],
        "min": [9.89628432535e-08, 7.53026938582e-08, 7.42806207654e-08, 2.0826096403e-08, 4.87482543221e-09, 4.76727413101e-09, 4.03264532878e-09, 1.97939087343e-09, 9.95762694522e-10, 1.89009075058e-09, 1.45186029865e-09, 9.96466131831e-10, 7.50392192828e-10, 8.68934812992e-10, 8.58723814279e-10, 5.95244631363e-10, 5.27646148996e-10, 3.17795234572e-10, 3.26057236766e-10, 2.58984278467e-10, 3.19146792327e-10, 2.59609722608e-10, 3.05433900394e-10, 3.12349202058e-10, 2.65184790793e-10, 3.35948574515e-10, 3.4151811934e-10, 4.57675591869e-10, 4.21049722865e-10, 3.23411991632e-10, 3.58801766076e-10, 2.61198479512e-10, 3.86222026583e-10, 4.53006160361e-10, 4.95780916321e-10, 8.32517055294e-10, 1.20116294688e-09, 4.89427220973e-10, 6.29924001849e-10, 5.80151260365e-10],
        "stdev": [0.000530233606696, 0.000768662779592, 0.000859282328747, 0.000606459972914, 0.000582087028306, 0.000707416969817, 0.000453424814623, 0.000359597062925, 0.000511377293151, 0.000483387819258, 0.000392067973735, 0.000312733114697, 0.00053795077838, 0.000271269294899, 0.00022633151093, 0.000225743322517, 0.00029916150379, 0.00020916556241, 9.72308043856e-05, 7.67716410337e-05, 3.53967552655e-05, 8.73318858794e-05, 8.39004060254e-05, 3.44868167304e-05, 4.57715250377e-05, 2.02621286007e-05, 2.80956064671e-05, 1.73219668795e-05, 1.07162522909e-05, 1.1092763998e-05, 6.30733529761e-06, 5.35660865353e-06, 5.38300992048e-06, 3.57510930371e-06, 2.91536730401e-06, 3.56255236511e-06, 3.64890661331e-06, 2.67729228653e-06, 2.52297854786e-06, 1.95585266738e-06]
    },
    "melbands128": {
        "max": [0.00123260729015, 0.00648194132373, 0.00756532605737, 0.0153816286474, 0.0216115843505, 0.0166920609772, 0.0200136285275, 0.0193160902709, 0.017244419083, 0.0157224759459, 0.00915752444416, 0.0119536528364, 0.00678719533607, 0.00804394949228, 0.0154249770567, 0.00785322114825, 0.0159603189677, 0.00848289672285, 0.0131748039275, 0.00772279081866, 0.00520307663828, 0.00453834701329, 0.0168847553432, 0.0302899759263, 0.0136700086296, 0.0102587714791, 0.00782474782318, 0.0109873516485, 0.012099865824, 0.00692853890359, 0.00690130377188, 0.00477764662355, 0.0183886904269, 0.0230994615704, 0.00542996590957, 0.00327211851254, 0.00971916038543, 0.00398321822286, 0.00458547426388, 0.00908076856285, 0.00605872133747, 0.00510691152886, 0.00808280613273, 0.0106754601002, 0.01540668495, 0.00569981290027, 0.0103688752279, 0.00235313805752, 0.0022972645238, 0.00184668332804, 0.00465111946687, 0.000816746905912, 0.000731893291231, 0.000781099312007, 0.00194098288193, 0.00279986020178, 0.00500218244269, 0.0045385803096, 0.000445243436843, 0.000984884332865, 0.000651903566904, 0.000783423893154, 0.0017217482673, 0.000820985238533, 0.000896647863556, 0.000429269246524, 0.000536021485459, 0.000922748120502, 0.000717335322406, 0.000466877652798, 0.000323295535054, 0.000374436931452, 0.000207989884075, 0.000343867111951, 0.000452648295322, 0.000480707647512, 0.000227597367484, 0.000127684092149, 0.000165384481079, 6.33702875348e-05, 0.000103856116766, 6.63619211991e-05, 0.0001829018438, 0.000136421658681, 0.000110374006908, 6.87547581038e-05, 7.82663773862e-05, 7.29370221961e-05, 6.02947948209e-05, 5.11694925081e-05, 8.35557293613e-05, 6.98348521837e-05, 0.000268067116849, 0.000112468311272, 6.53495299048e-05, 3.87592845073e-05, 4.99735542689e-05, 5.86746136833e-05, 4.81261886307e-05, 4.03304620704e-05, 4.1970401071e-05, 2.2173355319e-05, 3.29884751409e-05, 3.35985932907e-05, 2.97831702483e-05, 2.56487674051e-05, 3.74420305889e-05, 2.00052891159e-05, 2.14138726733e-05, 2.63345991698e-05, 1.18183706945e-05, 1.21927423606e-05, 2.85470196104e-06, 4.06014635246e-08, 3.85880376541e-08, 3.67905919063e-08, 3.5264456244e-08, 3.39684049777e-08, 3.27992175642e-08, 3.17654134108e-08, 3.08545118344e-08, 3.00653475449e-08, 2.93681932106e-08, 2.87740800076e-08, 2.82959735642e-08, 2.79099623413e-08, 2.76310192504e-08, 2.74832707703e-08],
        "mean": [4.13579327869e-05, 0.000258134852629, 0.000492339080665, 0.000501548463944, 0.000474388682051, 0.000538155727554, 0.000505962991156, 0.000451868865639, 0.000395816314267, 0.000334095617291, 0.000335080927471, 0.000331853167154, 0.000272363889962, 0.000299404142424, 0.000403856276534, 0.000319477461744, 0.000271573779173, 0.000167822072399, 0.000156086098286, 0.000206117882044, 0.00019379069272, 0.000137573777465, 0.00018279759388, 0.000177318099304, 0.000218119996134, 0.000186789329746, 0.00013615260832, 0.000201648770599, 0.000116129485832, 0.000119975753478, 0.00011838653154, 0.000105513354356, 0.000165746198036, 0.000200935886824, 7.54889260861e-05, 6.21551007498e-05, 9.52650952968e-05, 5.21965703228e-05, 7.6691430877e-05, 9.383323777e-05, 5.88894545217e-05, 4.88875521114e-05, 8.18326880108e-05, 8.65558104124e-05, 5.98914812144e-05, 4.31934058724e-05, 4.6454508265e-05, 3.05549474433e-05, 3.0923554732e-05, 3.1791132642e-05, 2.92895856546e-05, 1.61511397891e-05, 1.23987892948e-05, 1.58882066899e-05, 2.48865471804e-05, 2.10803646041e-05, 2.96968992188e-05, 2.66888928309e-05, 1.42701637742e-05, 1.5008936316e-05, 1.19864016597e-05, 1.47023010868e-05, 2.42054975388e-05, 1.52333495862e-05, 1.06365741885e-05, 8.46668353915e-06, 9.82231176749e-06, 1.27112934933e-05, 1.06305851659e-05, 9.42293172557e-06, 6.60142859488e-06, 7.56716781325e-06, 4.4100024752e-06, 3.84739723813e-06, 2.54513111031e-06, 3.08378116642e-06, 2.83030453829e-06, 2.46629042522e-06, 2.02422597795e-06, 1.62553374139e-06, 1.84779798929e-06, 1.5811386902e-06, 1.94930566977e-06, 1.76397668383e-06, 1.76696676135e-06, 1.69016641394e-06, 1.20237336887e-06, 1.27641465042e-06, 1.08785582142e-06, 1.0506706758e-06, 1.0734542002e-06, 9.43369173001e-07, 1.16944920592e-06, 9.18181115139e-07, 1.04839909909e-06, 8.24238043151e-07, 8.4431792402e-07, 9.63975594459e-07, 9.50636433572e-07, 7.35977152999e-07, 8.37652123664e-07, 7.42161944345e-07, 7.37677282814e-07, 5.44444219486e-07, 4.96386803661e-07, 5.49770618363e-07, 4.2661184807e-07, 3.15603131185e-07, 2.81355539755e-07, 2.19542386048e-07, 1.31979973617e-07, 8.50505372796e-08, 1.32750379578e-08, 1.1981286796e-10, 3.94884819288e-11, 2.65236738822e-11, 2.30689009562e-11, 2.12970578672e-11, 2.04984779151e-11, 1.98456754502e-11, 1.92785700598e-11, 1.87864914597e-11, 1.83490393019e-11, 1.79784121618e-11, 1.76808376967e-11, 1.74481176035e-11, 1.72724733821e-11, 1.71755821371e-11],
        "min": [1.02704345029e-09, 5.10977038459e-09, 3.00675608855e-08, 7.19972481633e-09, 2.19769233922e-08, 1.94142764087e-08, 1.37674183165e-08, 2.9903258536e-08, 1.15364917619e-08, 5.58245094595e-09, 5.02888486409e-09, 3.50242079783e-09, 8.16249512425e-10, 1.9381014571e-09, 1.07871755972e-09, 2.2971029523e-09, 2.5208997112e-09, 1.13854581318e-09, 6.33450514265e-10, 9.9561359157e-10, 4.43750508561e-10, 3.26716292909e-10, 3.4598102161e-10, 1.4239158741e-09, 1.17281573342e-09, 7.27406190837e-10, 4.37362090988e-10, 4.95271490486e-10, 5.20271159488e-10, 3.58863772032e-10, 4.53073412121e-10, 6.0388194445e-10, 4.01899430402e-10, 4.44137393529e-10, 5.26626686703e-10, 2.24647897507e-10, 5.70474278927e-10, 3.99804273021e-10, 3.35535516038e-10, 2.58069537962e-10, 2.26018925797e-10, 2.73320005517e-10, 1.88833060299e-10, 2.31148059027e-10, 1.72578312752e-10, 1.29530414172e-10, 1.54765381066e-10, 1.67015359875e-10, 1.40008019067e-10, 1.07943133598e-10, 1.59298171876e-10, 2.62873223189e-10, 1.61829979972e-10, 1.23583407396e-10, 7.61654420089e-11, 8.70986407997e-11, 1.73407760373e-10, 1.97931115942e-10, 2.16417939125e-10, 2.35314878694e-10, 1.64038435613e-10, 1.49516940495e-10, 1.50957912837e-10, 6.53523068994e-11, 1.28029628566e-10, 1.18179882547e-10, 1.28331067994e-10, 1.89300755626e-10, 1.70812169964e-10, 2.31712149468e-10, 2.00629152181e-10, 1.98569799492e-10, 1.81957324208e-10, 1.55125717827e-10, 7.67621383124e-11, 1.79804782174e-10, 1.61483243444e-10, 2.1583969334e-10, 2.04893116362e-10, 7.85337211928e-11, 2.06273303993e-10, 2.21118262589e-10, 1.98600830226e-10, 2.59209903541e-10, 2.42806913464e-10, 2.54116505616e-10, 2.58701643441e-10, 2.2244794895e-10, 2.94382192234e-11, 2.18432133492e-10, 3.96212673781e-10, 3.13110315453e-10, 1.27186161603e-09, 9.12728892466e-10, 1.1967661584e-10, 2.56741766735e-10, 2.51444365329e-10, 6.94954510605e-11, 1.68233954545e-10, 6.68567701201e-11, 4.66680583067e-10, 1.79779247045e-10, 4.76638006841e-10, 3.14552411895e-10, 1.89007611645e-11, 2.17784790202e-10, 6.56552156392e-12, 5.86314200315e-13, 6.41512193302e-14, 4.82367950108e-14, 3.43174246615e-14, 5.05727255321e-14, 3.53612877369e-14, 2.59787376615e-14, 3.58855740262e-14, 3.7080795113e-14, 3.35972874142e-14, 2.96763922301e-14, 3.85613036728e-14, 4.68123125983e-14, 4.87922351719e-14, 3.84359495728e-14, 4.4109233952e-14, 3.86652820492e-14, 3.97093009787e-14, 3.82948101669e-14, 4.2572441747e-14, 4.25572866335e-14],
        "stdev": [8.48409763421e-05, 0.000495623680763, 0.000806908530649, 0.00079629587708, 0.000887313450221, 0.00096033065347, 0.00104023597669, 0.00104540924076, 0.000948102213442, 0.000702770077623, 0.000751898391172, 0.000856661004946, 0.000666752224788, 0.000686344690621, 0.0011267173104, 0.000735163805075, 0.000808395212516, 0.000477430672618, 0.000450653868029, 0.000497420900501, 0.000478498084703, 0.00036231050035, 0.000718216528185, 0.000991988228634, 0.000696467293892, 0.000582205539104, 0.00043140843627, 0.000613155774772, 0.00043629060383, 0.000417890405515, 0.00043490837561, 0.000369588145986, 0.000722921569832, 0.00101499585435, 0.000300365412841, 0.000249115779297, 0.00051452225307, 0.000222213406232, 0.000317860132782, 0.000428422121331, 0.00026178965345, 0.000256715691648, 0.000470384635264, 0.000421328033553, 0.000412911555031, 0.000211394348298, 0.000311228912324, 0.00010440620099, 0.000102180070826, 0.000100267483504, 0.000135893191327, 4.52824278909e-05, 3.67026150343e-05, 4.7526020353e-05, 9.10010858206e-05, 8.09132689028e-05, 0.000225194191444, 0.000171932770172, 3.1743915315e-05, 4.47068669018e-05, 3.87928666896e-05, 5.15532919962e-05, 9.79525066214e-05, 4.20168144046e-05, 3.41393533745e-05, 2.01164366445e-05, 2.75102265732e-05, 4.07402585552e-05, 3.18227794196e-05, 2.85854839603e-05, 1.84900254681e-05, 2.45953124249e-05, 1.15435104817e-05, 1.35472264446e-05, 1.45208268805e-05, 1.61033622135e-05, 1.13771075121e-05, 8.97380596143e-06, 8.2279993876e-06, 4.55624285678e-06, 6.80929451846e-06, 4.7668318075e-06, 8.40162192617e-06, 5.94230687057e-06, 5.78872641199e-06, 4.75099159303e-06, 3.28609735334e-06, 3.81589006793e-06, 3.34737410412e-06, 3.02872263092e-06, 3.91253024645e-06, 3.14043631988e-06, 6.70579993312e-06, 3.63482217836e-06, 3.50962318407e-06, 2.57198576037e-06, 2.99004636872e-06, 3.25097857967e-06, 3.11779717777e-06, 2.26622069022e-06, 2.90787670565e-06, 1.96550490728e-06, 2.11916585613e-06, 1.8361132561e-06, 1.58811792517e-06, 1.66579491179e-06, 1.54667475272e-06, 1.10762312033e-06, 1.13201997465e-06, 1.1102482631e-06, 6.14691202827e-07, 5.18783849657e-07, 1.03035219468e-07, 1.23506282979e-09, 8.54832371555e-10, 7.9751666382e-10, 7.6313078079e-10, 7.34750038589e-10, 7.09294567525e-10, 6.86855960996e-10, 6.67087773909e-10, 6.49948428411e-10, 6.34823527079e-10, 6.21947326973e-10, 6.11574679787e-10, 6.03252503506e-10, 5.97176530448e-10, 5.93968874085e-10]
    },
    "mfcc": {
        "mean": [-691.500488281, 120.714378357, 0.352576702833, 13.0753316879, 4.81872844696, -1.8615398407, 2.26497149467, 2.53376841545, -3.70850491524, 3.61402153969, -0.577958643436, -4.1550822258, -0.695336997509],
        "cov": [[13802.3525391, 179.539520264, -1911.78198242, 12.4732656479, -437.043792725, -439.225097656, 20.7029895782, 71.9290924072, -198.924209595, 148.641174316, 64.4020080566, -167.626556396, 44.0412254333], [179.539520264, 1020.4463501, -32.2551879883, 28.6719417572, -36.1854438782, -103.246192932, 24.3157329559, 13.7180366516, -105.676322937, 29.5859851837, 9.5722322464, -63.4632759094, 2.44879674911], [-1911.78198242, -32.2551879883, 920.984741211, 174.668167114, 91.4914016724, 71.883895874, 18.9106864929, -1.55716836452, 68.4405899048, -56.326713562, 14.8423337936, 6.26590871811, -26.7493572235], [12.4732656479, 28.6719417572, 174.668167114, 296.250427246, 87.0149002075, -44.3512916565, -38.4943885803, 8.97438335419, 45.343963623, 2.26037716866, -0.559609174728, -1.26700341702, 7.57520389557], [-437.043792725, -36.1854438782, 91.4914016724, 87.0149002075, 181.231262207, 38.5589828491, -27.5551052094, 2.04950547218, 56.9316558838, 10.6812562943, 2.07398724556, 9.31440544128, 3.97392630577], [-439.225097656, -103.246192932, 71.883895874, -44.3512916565, 38.5589828491, 182.667678833, 92.6683502197, 3.9943420887, 22.1983070374, 1.45344269276, 4.4603395462, 18.1590328217, 3.49714756012], [20.7029895782, 24.3157329559, 18.9106864929, -38.4943885803, -27.5551052094, 92.6683502197, 219.762939453, 67.5188369751, -6.0808172226, 23.7398414612, 16.7621574402, 28.1753253937, 6.71778821945], [71.9290924072, 13.7180366516, -1.55716836452, 8.97438335419, 2.04950547218, 3.9943420887, 67.5188369751, 110.852172852, 22.4804344177, 26.6501789093, 16.1130046844, 14.1481113434, 12.1995391846], [-198.924209595, -105.676322937, 68.4405899048, 45.343963623, 56.9316558838, 22.1983070374, -6.0808172226, 22.4804344177, 132.0181427, 24.3843746185, 4.3228058815, 20.1115341187, -0.96916526556], [148.641174316, 29.5859851837, -56.326713562, 2.26037716866, 10.6812562943, 1.45344269276, 23.7398414612, 26.6501789093, 24.3843746185, 105.078086853, 29.4311389923, -6.49381399155, -1.51580929756], [64.4020080566, 9.5722322464, 14.8423337936, -0.559609174728, 2.07398724556, 4.4603395462, 16.7621574402, 16.1130046844, 4.3228058815, 29.4311389923, 69.2294311523, 11.5552854538, -3.86221313477], [-167.626556396, -63.4632759094, 6.26590871811, -1.26700341702, 9.31440544128, 18.1590328217, 28.1753253937, 14.1481113434, 20.1115341187, -6.49381399155, 11.5552854538, 78.5429382324, 15.4223279953], [44.0412254333, 2.44879674911, -26.7493572235, 7.57520389557, 3.97392630577, 3.49714756012, 6.71778821945, 12.1995391846, -0.96916526556, -1.51580929756, -3.86221313477, 15.4223279953, 58.487827301]],
        "icov": [[0.000128809188027, 4.00226563215e-05, 0.000288245617412, -0.000230248217122, 0.000213039820665, 0.000179023307282, -0.000165104764164, 1.32815430334e-05, -3.26769841195e-05, 7.56529916544e-05, -0.0002585312468, 0.000333088944899, -4.94876985613e-05], [4.00226563215e-05, 0.00124521402176, 1.11308390842e-05, -0.000143491022754, -0.000190361417481, 0.000921437051147, -0.000616888341028, 1.83423635463e-05, 0.000925196392927, -0.000362748163752, -0.000197059373022, 0.000934373063501, -0.000287192233372], [0.000288245617412, 1.11308390842e-05, 0.00211954070255, -0.00140593782999, 0.000364131177776, -0.000293909863103, -0.000528284756001, 6.97200230206e-05, -0.000681847974192, 0.00141865271144, -0.00130523310509, 0.000990182277746, 0.00065109989373], [-0.000230248217122, -0.000143491022754, -0.00140593782999, 0.00541578326374, -0.00260078813881, 0.00188272458035, 3.86247920687e-05, -7.22379118088e-05, -0.000699030177202, -0.000328401481966, 0.000721118820366, -0.000296431418974, -0.000984603539109], [0.000213039820665, -0.000190361417481, 0.000364131177776, -0.00260078813881, 0.00871481001377, -0.00298525369726, 0.00211389991455, -0.000584422843531, -0.00202768715099, -0.000634004711173, -0.000293868739391, -0.000218071436393, -0.000195524320588], [0.000179023307282, 0.000921437051147, -0.000293909863103, 0.00188272458035, -0.00298525369726, 0.0104031767696, -0.00553703308105, 0.00281924125738, -0.000933509727474, 0.000395689101424, -0.000494090665597, 0.0012030529324, -0.00127799122129], [-0.000165104764164, -0.000616888341028, -0.000528284756001, 3.86247920687e-05, 0.00211389991455, -0.00553703308105, 0.00938777811825, -0.00514298118651, 0.00158187304623, -0.00156806816813, 0.000695861584973, -0.00303708738647, 0.000917817407753], [1.32815430334e-05, 1.83423635463e-05, 6.97200230206e-05, -7.22379118088e-05, -0.000584422843531, 0.00281924125738, -0.00514298118651, 0.0133310472593, -0.00247426400892, -0.00120171974413, -0.001551609952, 0.000151422951603, -0.00250283163041], [-3.26769841195e-05, 0.000925196392927, -0.000681847974192, -0.000699030177202, -0.00202768715099, -0.000933509727474, 0.00158187304623, -0.00247426400892, 0.0113421538845, -0.00328108016402, 0.00153929123189, -0.00257757632062, 0.00117677031085], [7.56529916544e-05, -0.000362748163752, 0.00141865271144, -0.000328401481966, -0.000634004711173, 0.000395689101424, -0.00156806816813, -0.00120171974413, -0.00328108016402, 0.0135857677087, -0.00578743359074, 0.00329884653911, 0.000145459547639], [-0.0002585312468, -0.000197059373022, -0.00130523310509, 0.000721118820366, -0.000293868739391, -0.000494090665597, 0.000695861584973, -0.001551609952, 0.00153929123189, -0.00578743359074, 0.0184463821352, -0.00440756604075, 0.00206162198447], [0.000333088944899, 0.000934373063501, 0.000990182277746, -0.000296431418974, -0.000218071436393, 0.0012030529324, -0.00303708738647, 0.000151422951603, -0.00257757632062, 0.00329884653911, -0.00440756604075, 0.017362171784, -0.00436495337635], [-4.94876985613e-05, -0.000287192233372, 0.00065109989373, -0.000984603539109, -0.000195524320588, -0.00127799122129, 0.000917817407753, -0.00250283163041, 0.00117677031085, 0.000145459547639, 0.00206162198447, -0.00436495337635, 0.0193888712674]]
    },
    "spectral_contrast_coeffs": {
        "max": [-0.395011365414, -0.466786563396, -0.41879850626, -0.454113543034, -0.443106263876, -0.613068521023],
        "mean": [-0.724631905556, -0.768536686897, -0.757167160511, -0.790596723557, -0.783800661564, -0.781334102154],
        "min": [-0.932727694511, -0.951495826244, -0.938249588013, -0.934829831123, -0.910263121128, -0.891146540642],
        "stdev": [0.0732925757766, 0.0826556459069, 0.0831366181374, 0.0692977011204, 0.0602442808449, 0.0450493842363]
    },
    "spectral_contrast_valleys": {
        "max": [-5.06043720245, -4.85281896591, -5.35020828247, -5.81715154648, -5.82161521912, -7.84324359894],
        "mean": [-7.24615907669, -7.02669429779, -7.77263307571, -8.06931781769, -8.15334415436, -10.7670402527],
        "min": [-10.886800766, -11.7236537933, -11.9466075897, -12.1873874664, -11.9344844818, -13.4799470901],
        "stdev": [1.06575930119, 1.0894985199, 1.15065979958, 1.17652904987, 1.19133889675, 1.1075720787]
    }
},
"rhythm": {
    "beats_count": 150,
    "beats_loudness": {
        "max": 0.0919454917312,
        "mean": 0.0250851921737,
        "min": 3.72859858544e-06,
        "stdev": 0.0175274647772
    },
    "bpm": 178.205825806,
    "bpm_histogram_first_peak_bpm": 178,
    "bpm_histogram_first_peak_weight": 0,
    "bpm_histogram_second_peak_bpm": 185,
    "bpm_histogram_second_peak_spread": 0,
    "bpm_histogram_second_peak_weight": 0.234899327159,
    "danceability": 1.10542702675,
    "onset_rate": 3.6167743206,
    "beats_loudness_band_ratio": {
        "max": [0.978540956974, 0.723687291145, 0.81410831213, 0.834543466568, 0.73114079237, 0.445843309164],
        "mean": [0.261751979589, 0.178564146161, 0.23852391541, 0.189803883433, 0.133257672191, 0.0610355176032],
        "min": [0.00967916008085, 0.00148023222573, 0.00256356433965, 0.00153000222053, 0.00165958108846, 0.00388359138742],
        "stdev": [0.205932617188, 0.151678368449, 0.152152970433, 0.174997061491, 0.115742228925, 0.0628350824118]
    },
