{
"metadata": {
    "version": {
        "essentia": "2.1-beta5",
        "essentia_git_sha": "Undefined",
        "extractor": "music 2.0"
    },
    "audio_properties": {
        "analysis": {
            "equal_loudness": 0,
            "length": 32.4963264465,
            "sample_rate": 44100,
            "start_time": 61.4980506897,
            "downmix": "mix"
        },
        "bit_rate": 192000,
        "length": 215.945571899,
        "lossless": 0,
        "number_channels": 2,
        "replay_gain": -13.6164741516,
        "sample_rate": 44100,
        "codec": "mp3",
        "md5_encoded": "c9680bf91fbce4dc3aca7c6944b826da"
    },
    "tags": {
        "file_name": "Germany_Junger Tag_Gitte.mp3",
        "encoding": ["Lavf58.29.100"]
    }
},
"lowlevel": {
    "average_loudness": 0.910374462605,
    "barkbands_crest": {
        "max": 25.1396179199,
        "mean": 8.52495384216,
        "min": 2.27527046204,
        "stdev": 3.79186487198
    },
    "barkbands_flatness_db": {
        "max": 0.323784708977,
        "mean": 0.134598612785,
        "min": 0.0511644929647,
        "stdev": 0.0410208515823
    },
    "barkbands_kurtosis": {
        "max": 94.6999206543,
        "mean": 2.35468673706,
        "min": -1.7212985754,
        "stdev": 5.68268156052
    },
    "barkbands_skewness": {
        "max": 8.63667297363,
        "mean": 0.919640243053,
        "min": -2.62075710297,
        "stdev": 1.05011248589
    },
    "barkbands_spread": {
        "max": 92.3753433228,
        "mean": 21.2465362549,
        "min": 1.18720161915,
        "stdev": 12.5644187927
    },
    "dissonance": {
        "max": 0.500000059605,
        "mean": 0.463928759098,
        "min": 0.263455420732,
        "stdev": 0.0295862201601
    },
    "dynamic_complexity": 3.39242696762,
    "erbbands_crest": {
        "max": 29.7253093719,
        "mean": 9.46127796173,
        "min": 2.73068571091,
        "stdev": 4.73772478104
    },
    "erbbands_flatness_db": {
        "max": 0.313506782055,
        "mean": 0.17049510777,
        "min": 0.0712970644236,
        "stdev": 0.0495832562447
    },
    "erbbands_kurtosis": {
        "max": 28.4243736267,
        "mean": 1.14491081238,
        "min": -1.75646424294,
        "stdev": 2.66984343529
    },
    "erbbands_skewness": {
        "max": 3.98925280571,
        "mean": 0.265855699778,
        "min": -3.03263139725,
        "stdev": 0.824844479561
    },
    "erbbands_spread": {
        "max": 103.151885986,
        "mean": 29.253578186,
        "min": 3.5178399086,
        "stdev": 14.3435220718
    },
    "hfc": {
        "max": 172.852996826,
        "mean": 16.9468269348,
        "min": 0.0231933705509,
        "stdev": 20.5442905426
    },
    "loudness_ebu128": {
        "integrated": -12.5205917358,
        "loudness_range": 4.26065731049,
        "momentary": {
            "max": -7.10228586197,
            "mean": -13.4944314957,
            "min": -21.8990345001,
            "stdev": 2.98676848412
        },
        "short_term": {
            "max": -9.41108512878,
            "mean": -12.7053804398,
            "min": -15.8525924683,
            "stdev": 1.44455087185
        }
    },
    "melbands_crest": {
        "max": 29.5798873901,
        "mean": 11.5703086853,
        "min": 3.74882054329,
        "stdev": 4.46376466751
    },
    "melbands_flatness_db": {
        "max": 0.397039115429,
        "mean": 0.172439143062,
        "min": 0.0325975269079,
        "stdev": 0.0551176592708
    },
    "melbands_kurtosis": {
        "max": 135.102096558,
        "mean": 5.36283254623,
        "min": -1.80308330059,
        "stdev": 7.77961921692
    },
    "melbands_skewness": {
        "max": 8.70660209656,
        "mean": 1.58502328396,
        "min": -1.61735737324,
        "stdev": 1.15884995461
    },
    "melbands_spread": {
        "max": 219.31463623,
        "mean": 28.4056949615,
        "min": 1.1504188776,
        "stdev": 21.0147953033
    },
    "pitch_salience": {
        "max": 0.869025588036,
        "mean": 0.613819479942,
        "min": 0.154303997755,
        "stdev": 0.0936363041401
    },
    "silence_rate_20dB": {
        "max": 1,
        "mean": 1,
        "min": 1,
        "stdev": 0
    },
    "silence_rate_30dB": {
        "max": 1,
        "mean": 1,
        "min": 1,
        "stdev": 0
    },
    "silence_rate_60dB": {
        "max": 1,
        "mean": 0.103497505188,
        "min": 0,
        "stdev": 0.304607689381
    },
    "spectral_centroid": {
        "max": 4750.15869141,
        "mean": 1409.81982422,
        "min": 312.412231445,
        "stdev": 699.516906738
    },
    "spectral_complexity": {
        "max": 45,
        "mean": 15.8815135956,
        "min": 0,
        "stdev": 6.93368864059
    },
    "spectral_decrease": {
        "max": -1.03526935288e-11,
        "mean": -3.22209880999e-09,
        "min": -1.47445806675e-08,
        "stdev": 2.58167642819e-09
    },
    "spectral_energy": {
        "max": 0.0623709745705,
        "mean": 0.0136980712414,
        "min": 4.11771397921e-05,
        "stdev": 0.0112199746072
    },
    "spectral_energyband_high": {
        "max": 0.023245697841,
        "mean": 0.000587265472859,
        "min": 2.55551213968e-07,
        "stdev": 0.00135489844251
    },
    "spectral_energyband_low": {
        "max": 0.052381336689,
        "mean": 0.00203073211014,
        "min": 1.59090598117e-06,
        "stdev": 0.00328943016939
    },
    "spectral_energyband_middle_high": {
        "max": 0.0583321638405,
        "mean": 0.0062859961763,
        "min": 6.85552004143e-06,
        "stdev": 0.00919917412102
    },
    "spectral_energyband_middle_low": {
        "max": 0.0305944979191,
        "mean": 0.00526975980029,
        "min": 3.10654686473e-05,
        "stdev": 0.00478952284902
    },
    "spectral_entropy": {
        "max": 8.74482345581,
        "mean": 7.49399232864,
        "min": 5.54565048218,
        "stdev": 0.458923816681
    },
    "spectral_flux": {
        "max": 0.227627947927,
        "mean": 0.0658451169729,
        "min": 0.00574768241495,
        "stdev": 0.037398353219
    },
    "spectral_kurtosis": {
        "max": 24.3046283722,
        "mean": 5.58473157883,
        "min": -0.645041465759,
        "stdev": 2.91190624237
    },
    "spectral_rms": {
        "max": 0.00780062377453,
        "mean": 0.00336084351875,
        "min": 0.000200431575649,
        "stdev": 0.00143829640001
    },
    "spectral_rolloff": {
        "max": 12123.1933594,
        "mean": 1777.52770996,
        "min": 107.666015625,
        "stdev": 1500.78295898
    },
    "spectral_skewness": {
        "max": 4.31429719925,
        "mean": 1.75674307346,
        "min": 0.160232752562,
        "stdev": 0.469299644232
    },
    "spectral_spread": {
        "max": 11948426,
        "mean": 4235464.5,
        "min": 1925645.75,
        "stdev": 1412184.375
    },
    "spectral_strongpeak": {
        "max": 19.2162284851,
        "mean": 1.42559683323,
        "min": 0.00804456975311,
        "stdev": 2.34382271767
    },
    "zerocrossingrate": {
        "max": 0.30419921875,
        "mean": 0.0668175071478,
        "min": 0.0107421875,
        "stdev": 0.0371730849147
    },
    "barkbands": {
        "max": [0.00141372426879, 0.0349859967828, 0.0273050256073, 0.00718856835738, 0.0254738796502, 0.0226070638746, 0.0293117128313, 0.0139294676483, 0.0266756992787, 0.0193081367761, 0.028727080673, 0.0384934842587, 0.0498836487532, 0.0260311607271, 0.0215093232691, 0.0147215630859, 0.027661351487, 0.021432755515, 0.0106611605734, 0.00544742774218, 0.00386074068956, 0.00529133901, 0.00687429122627, 0.00495496159419, 0.00477411225438, 0.00269813672639, 5.25577831922e-07],
        "mean": [4.16851144109e-05, 0.000937874254305, 0.000774883723352, 0.00058292603353, 0.00115139840636, 0.00128721515648, 0.000756656867452, 0.000370820751414, 0.000703572353814, 0.000770802143961, 0.000543378700968, 0.00121373974252, 0.000705956015736, 0.000812728016172, 0.000619104597718, 0.000251258315984, 0.000515989086125, 0.000618519086856, 0.000353507988621, 0.000249566335697, 0.000124951460748, 7.73061838117e-05, 7.5790041592e-05, 6.89977969159e-05, 6.61647718516e-05, 2.32807451539e-05, 8.50186032686e-10],
        "min": [2.06168664363e-08, 2.72936603096e-07, 7.29540147404e-07, 9.87739213087e-07, 5.70683778278e-06, 2.27319242185e-06, 1.90237915376e-06, 1.82752648925e-06, 9.44308908402e-07, 8.10975848253e-07, 1.33238529543e-07, 2.49276951081e-07, 4.34531770566e-08, 1.4224168865e-07, 3.9289446363e-08, 6.43461390837e-08, 6.37794599356e-08, 4.21165076148e-08, 1.46437159287e-07, 9.64250261859e-08, 2.84076779877e-08, 1.44600393881e-08, 1.96087253101e-08, 4.9806189395e-08, 2.59985579731e-08, 3.75578057543e-09, 9.12338607439e-12],
        "stdev": [9.75968287094e-05, 0.00202075205743, 0.00131848920137, 0.00081583840074, 0.00162455881946, 0.00224707718007, 0.00211138511077, 0.000878891558386, 0.00190793536603, 0.00162907806225, 0.00153701810632, 0.0041370857507, 0.00324016343802, 0.00236771884374, 0.00170529773459, 0.00078312883852, 0.0017311089905, 0.00185349304229, 0.000782706425525, 0.000551584875211, 0.000267882278422, 0.000281012849882, 0.000317151250783, 0.000243275542744, 0.000240714856773, 9.24872438191e-05, 1.40822953298e-08]
    },
    "erbbands": {
        "max": [0.53289103508, 9.23378562927, 35.6646766663, 16.6347122192, 52.3572463989, 90.8010101318, 136.317108154, 281.479309082, 443.444458008, 309.511474609, 413.624603271, 819.941345215, 618.228088379, 761.440795898, 1178.9465332, 1871.46386719, 2720.61254883, 1296.33740234, 1311.96289062, 918.185119629, 951.360961914, 931.223022461, 1214.02929688, 747.090454102, 283.783935547, 319.147888184, 190.127944946, 216.121200562, 195.765609741, 142.502319336, 198.722915649, 100.5340271, 89.5071411133, 67.9392318726, 22.8734664917, 18.7036380768, 1.67130923271, 0.0976034700871, 0.00200760713778, 0.000209037709283],
        "mean": [0.0224265791476, 0.229777544737, 0.801650643349, 1.56543266773, 2.67081713676, 3.99157452583, 6.3801651001, 11.2846546173, 13.2399120331, 8.69067955017, 8.97294998169, 16.4113349915, 26.1791667938, 17.6664180756, 29.8390693665, 54.7648544312, 33.3134117126, 43.125957489, 34.6286010742, 25.2188339233, 19.2402763367, 24.6965789795, 31.1103878021, 28.1698455811, 12.445104599, 11.1457128525, 8.52228355408, 3.90903019905, 2.89812970161, 2.18619418144, 2.18973183632, 1.4851372242, 1.19225120544, 0.814087986946, 0.413627624512, 0.160516500473, 0.0316966883838, 0.0016043772921, 4.81142633362e-05, 2.0627201593e-05],
        "min": [1.25788992591e-05, 6.09176058788e-05, 0.000645674124826, 0.00262263719924, 0.0089969150722, 0.0115074794739, 0.00673899287358, 0.018509209156, 0.0347431302071, 0.114851690829, 0.0651266723871, 0.0243755225092, 0.0410341918468, 0.0163641851395, 0.0107326796278, 0.0124379377812, 0.011127662845, 0.00711459992453, 0.00482332194224, 0.00419921241701, 0.00404478004202, 0.00305627495982, 0.00351081369445, 0.00782135594636, 0.0059481379576, 0.00417537661269, 0.00162044120952, 0.0012150896946, 0.00050466216635, 0.000475596258184, 0.000690984656103, 0.00167950929608, 0.000386569096008, 0.000188203703146, 0.000230625388213, 3.25647633872e-05, 3.67266056855e-06, 1.3772661589e-07, 3.23070032948e-08, 4.86773252817e-08],
        "stdev": [0.0539348460734, 0.493264853954, 1.48863279819, 2.00921082497, 3.71035814285, 6.09171724319, 13.1964006424, 21.2836017609, 34.4378700256, 16.2387180328, 26.0167236328, 45.403678894, 52.558013916, 45.0544052124, 72.7086029053, 183.304962158, 132.356658936, 124.051856995, 107.435714722, 67.2005691528, 55.3486976624, 72.1167526245, 96.1654434204, 64.884803772, 26.1456832886, 24.0034599304, 16.5686950684, 11.3688707352, 10.8380737305, 7.87825298309, 9.06037712097, 4.87344074249, 4.74841213226, 3.12811756134, 1.50438940525, 0.645235359669, 0.0918138548732, 0.0054775243625, 0.000127709980006, 1.93995656446e-05]
    },
    "gfcc": {
        "mean": [-28.7026672363, 92.4299468994, -131.520080566, 22.7413253784, -61.7193641663, 18.1746120453, -45.7293624878, 12.5273075104, -35.9284172058, 4.01547908783, -13.8986577988, -3.87437415123, -8.01829528809],
        "cov": [[3562.21826172, -1343.46154785, -481.036437988, 307.534912109, 107.452201843, 19.4299945831, 41.1599578857, 134.143218994, -35.4109916687, 202.99369812, -64.1366500854, 198.562988281, -62.6844596863], [-1343.46154785, 1163.98278809, 204.622451782, -100.699394226, 131.568374634, 19.0516872406, 113.59223175, -53.7003555298, 38.5788269043, -125.510276794, 99.6950531006, -148.738204956, 83.7645111084], [-481.036437988, 204.622451782, 778.563415527, 40.3353729248, -121.928031921, 131.884490967, -66.8220291138, 36.0008621216, 61.5856132507, -27.8642635345, -125.764755249, 44.5481147766, -81.9178543091], [307.534912109, -100.699394226, 40.3353729248, 250.448501587, 59.5539360046, -6.59788990021, 23.9087295532, 55.9024543762, 55.344871521, 6.2698969841, -5.33668231964, 17.8798828125, 9.14693832397], [107.452201843, 131.568374634, -121.928031921, 59.5539360046, 244.036758423, 43.0611305237, 66.3105773926, 17.5979347229, -2.52586174011, 12.2894248962, 22.0880088806, -17.1034259796, 31.4361305237], [19.4299945831, 19.0516872406, 131.884490967, -6.59788990021, 43.0611305237, 217.578842163, 75.1442489624, -23.7039012909, -10.3781986237, 24.1303939819, -40.4720039368, -17.5321025848, -18.1351737976], [41.1599578857, 113.59223175, -66.8220291138, 23.9087295532, 66.3105773926, 75.1442489624, 193.954193115, -13.1694402695, -20.8166160583, 20.3069095612, 30.2250366211, -32.8876647949, 13.3619527817], [134.143218994, -53.7003555298, 36.0008621216, 55.9024543762, 17.5979347229, -23.7039012909, -13.1694402695, 126.237380981, 46.1438026428, -14.254527092, -9.8761882782, 20.4316215515, 5.059009552], [-35.4109916687, 38.5788269043, 61.5856132507, 55.344871521, -2.52586174011, -10.3781986237, -20.8166160583, 46.1438026428, 95.0224075317, 0.709675312042, -4.64387369156, 12.3413667679, 3.76144528389], [202.99369812, -125.510276794, -27.8642635345, 6.2698969841, 12.2894248962, 24.1303939819, 20.3069095612, -14.254527092, 0.709675312042, 91.2337493896, 2.83455848694, 14.3045406342, -9.18854236603], [-64.1366500854, 99.6950531006, -125.764755249, -5.33668231964, 22.0880088806, -40.4720039368, 30.2250366211, -9.8761882782, -4.64387369156, 2.83455848694, 131.523223877, -20.2417984009, 33.4612121582], [198.562988281, -148.738204956, 44.5481147766, 17.8798828125, -17.1034259796, -17.5321025848, -32.8876647949, 20.4316215515, 12.3413667679, 14.3045406342, -20.2417984009, 101.436607361, -12.2873439789], [-62.6844596863, 83.7645111084, -81.9178543091, 9.14693832397, 31.4361305237, -18.1351737976, 13.3619527817, 5.059009552, 3.76144528389, -9.18854236603, 33.4612121582, -12.2873439789, 76.7526321411]],
        "icov": [[0.000664841383696, 0.000535230559763, 0.000331702991389, -0.000519748602528, -0.000223358772928, -0.000206192475162, -0.00019109834102, -0.000463310047053, 0.000337803794537, -0.000440269970568, 5.94218290644e-05, -0.000543521251529, 0.000299209408695], [0.000535230559763, 0.00468454137444, -0.00306497444399, 0.00300834979862, -0.00417881365865, 0.00271380972117, -0.00336353015155, 0.00299545493908, -0.00397960096598, 0.00437533902004, -0.00241433200426, 0.00370546849445, -0.00319965160452], [0.000331702991389, -0.00306497444399, 0.00503007182851, -0.0033963250462, 0.00409099599347, -0.00415254244581, 0.00304570049047, -0.00313791027293, 0.0024460144341, -0.00286742649041, 0.00274234265089, -0.00401069410145, 0.00410829577595], [-0.000519748602528, 0.00300834979862, -0.0033963250462, 0.00851694587618, -0.00440293317661, 0.00339543656446, -0.00356648047455, 0.00204416783527, -0.00608652597293, 0.00375028932467, -0.00165027403273, 0.00318037159741, -0.00327992299572], [-0.000223358772928, -0.00417881365865, 0.00409099599347, -0.00440293317661, 0.00954947434366, -0.00445201434195, 0.00249215285294, -0.00408589374274, 0.00434023234993, -0.00436386978254, 0.00216449867003, -0.00348921515979, 0.00190410425421], [-0.000206192475162, 0.00271380972117, -0.00415254244581, 0.00339543656446, -0.00445201434195, 0.00995793286711, -0.00514767644927, 0.00367625313811, -0.0028417436406, 0.00151162745897, 0.000368106848327, 0.00409392267466, -0.00232146587223], [-0.00019109834102, -0.00336353015155, 0.00304570049047, -0.00356648047455, 0.00249215285294, -0.00514767644927, 0.0101053807884, -0.00277391076088, 0.00460893940181, -0.00424217060208, 0.000108230764454, -0.00155794725288, 0.00234666792676], [-0.000463310047053, 0.00299545493908, -0.00313791027293, 0.00204416783527, -0.00408589374274, 0.00367625313811, -0.00277391076088, 0.0138779114932, -0.00784431770444, 0.00586825562641, -0.00118941930123, 0.00207151565701, -0.00319277425297], [0.000337803794537, -0.00397960096598, 0.0024460144341, -0.00608652597293, 0.00434023234993, -0.0028417436406, 0.00460893940181, -0.00784431770444, 0.0194211024791, -0.00650405371562, 0.0016903282376, -0.00403613550588, 0.0021071084775], [-0.000440269970568, 0.00437533902004, -0.00286742649041, 0.00375028932467, -0.00436386978254, 0.00151162745897, -0.00424217060208, 0.00586825562641, -0.00650405371562, 0.0185124129057, -0.00334666203707, 0.00213746773079, -0.00180953391828], [5.94218290644e-05, -0.00241433200426, 0.00274234265089, -0.00165027403273, 0.00216449867003, 0.000368106848327, 0.000108230764454, -0.00118941930123, 0.0016903282376, -0.00334666203707, 0.0117725329474, -0.00134374806657, -0.000763988064136], [-0.000543521251529, 0.00370546849445, -0.00401069410145, 0.00318037159741, -0.00348921515979, 0.00409392267466, -0.00155794725288, 0.00207151565701, -0.00403613550588, 0.00213746773079, -0.00134374806657, 0.0163157396019, -0.00296490080655], [0.000299209408695, -0.00319965160452, 0.00410829577595, -0.00327992299572, 0.00190410425421, -0.00232146587223, 0.00234666792676, -0.00319277425297, 0.0021071084775, -0.00180953391828, -0.000763988064136, -0.00296490080655, 0.019552892074]]
    },
    "melbands": {
        "max": [0.0076369792223, 0.0150251947343, 0.00296349613927, 0.00375374685973, 0.00584226567298, 0.00549160735682, 0.00679441122338, 0.00324098626152, 0.00356192956679, 0.00527969514951, 0.00306120887399, 0.0030830707401, 0.00476338760927, 0.00498428475112, 0.00505225872621, 0.0042826961726, 0.00248726224527, 0.00232778675854, 0.00168905500323, 0.000878834689502, 0.00105525599793, 0.000652135000564, 0.00251811090857, 0.000765303964727, 0.000643719220534, 0.000449298124295, 0.000186283956282, 0.000260513770627, 0.000167230580701, 5.63703906664e-05, 0.000172595158801, 0.000132570057758, 4.8197369324e-05, 9.98709874693e-05, 0.000110742301331, 9.64648643276e-05, 5.13204904564e-05, 6.54710165691e-05, 6.08922018728e-05, 6.07880429015e-05],
        "mean": [0.000232645135839, 0.000385327322874, 0.000304590445012, 0.000231509693549, 0.000221751935896, 0.000257423816947, 0.000193922183826, 8.79667422851e-05, 7.84654330346e-05, 0.000106637518911, 0.00012898130808, 6.74815382808e-05, 8.43079978949e-05, 0.000150147636305, 9.9820921605e-05, 6.15241369815e-05, 8.33356098155e-05, 5.62535169593e-05, 3.99241653213e-05, 2.35475472437e-05, 2.3832961233e-05, 2.19037592615e-05, 4.1556704673e-05, 2.10054913623e-05, 2.35063271248e-05, 1.130871442e-05, 6.25836537438e-06, 7.6397882367e-06, 6.68085158395e-06, 2.79645064438e-06, 2.08455617212e-06, 1.75687875981e-06, 1.20482343391e-06, 1.21672007936e-06, 1.2729469745e-06, 1.12473321678e-06, 8.13334963823e-07, 8.02111287612e-07, 8.37318680169e-07, 6.42618203983e-07],
        "min": [1.19615606309e-07, 2.49300001087e-07, 6.09581491062e-07, 1.38366135616e-06, 2.39245622424e-07, 4.53372535958e-07, 4.55159806734e-07, 1.19658878361e-07, 4.03160584028e-07, 1.3334289406e-07, 1.45530549389e-07, 4.3639790448e-08, 2.3421376838e-08, 2.963850676e-08, 5.93199480647e-08, 5.70171199143e-09, 1.27431807329e-08, 9.31806454219e-09, 3.60304386327e-09, 4.64591742855e-09, 3.60151486412e-09, 3.09983572144e-09, 3.25073234997e-09, 3.11901127148e-09, 3.32578742324e-09, 2.82389911455e-09, 3.18086601503e-09, 1.62786695235e-09, 7.32377825052e-10, 4.71866490326e-10, 5.68288693881e-10, 2.25162610779e-10, 2.36240915719e-10, 2.47050380153e-10, 2.39000208513e-10, 7.36667893353e-10, 9.73084390843e-10, 1.61123461795e-10, 1.22115581536e-10, 7.56242915512e-11],
        "stdev": [0.000512652855832, 0.000691564986482, 0.000361698068446, 0.000292998418445, 0.000417920411564, 0.000467459001811, 0.000509587698616, 0.000160738389241, 0.000247138406849, 0.000296329671983, 0.000263549591182, 0.00019445765065, 0.000246665877057, 0.000509188103024, 0.000370573456166, 0.000250811135629, 0.000248426309554, 0.000201389368158, 0.000110911016236, 5.89938535995e-05, 7.56369699957e-05, 6.11977811786e-05, 0.00016483606305, 5.44422982784e-05, 5.60131556995e-05, 2.82165037788e-05, 1.44330106195e-05, 1.71422525455e-05, 1.44533996718e-05, 5.53410473003e-06, 7.84925578046e-06, 7.17719103704e-06, 3.69819326806e-06, 4.96307802678e-06, 5.3822850532e-06, 4.24009067501e-06, 2.59976013695e-06, 3.24620418723e-06, 3.28549936057e-06, 2.59766625277e-06]
    },
    "melbands128": {
        "max": [0.00084020209033, 0.00427163066342, 0.01138599962, 0.0174052808434, 0.022526729852, 0.00972309708595, 0.00397630874068, 0.00447661522776, 0.0062025138177, 0.00472076144069, 0.00603383686393, 0.0120013728738, 0.00599250523373, 0.00752924801782, 0.00790026783943, 0.00885772984475, 0.00762228481472, 0.0130268372595, 0.00457443669438, 0.00574106536806, 0.00287715508603, 0.00324953184463, 0.00684496667236, 0.00717319082469, 0.00798022374511, 0.00764718279243, 0.00458482839167, 0.00567776057869, 0.00487723061815, 0.00681613944471, 0.00579526973888, 0.00427888054401, 0.00978185143322, 0.00360490893945, 0.00789094623178, 0.0109710991383, 0.0115553895012, 0.00718394387513, 0.0124933728948, 0.0115420501679, 0.00608623493463, 0.00899441540241, 0.00596755277365, 0.00522582791746, 0.00610451539978, 0.00509420363232, 0.00377704785205, 0.00292300037108, 0.00299483141862, 0.00235926103778, 0.000750047969632, 0.00235769362189, 0.0026235843543, 0.00162181735504, 0.00171811494511, 0.00136659422424, 0.00137626810465, 0.00596585776657, 0.00417723506689, 0.000607813126408, 0.000510862679221, 0.00237550004385, 0.00171205273364, 0.000519697670825, 0.00179107801523, 0.000567237322684, 0.000555147766136, 0.000155889836606, 0.000404409162002, 0.000427118473453, 0.00058525725035, 0.000504039344378, 0.000426382612204, 0.000272738019703, 0.000145964964759, 8.23791851872e-05, 0.000108304775495, 0.000134975387482, 0.000193906729692, 0.000318031059578, 0.00013511106954, 0.000155111047206, 5.49519427295e-05, 4.96888642374e-05, 5.36445477337e-05, 5.55308506591e-05, 0.000160802243045, 0.000109363267256, 9.92372661131e-05, 0.000188868594705, 0.000112161651487, 7.37906811992e-05, 5.11930629727e-05, 5.36652551091e-05, 5.14852908964e-05, 5.70111114939e-05, 9.25259009819e-05, 8.77332640812e-05, 6.91630557412e-05, 6.88078871462e-05, 3.75956333301e-05, 7.54010834498e-05, 6.83299585944e-05, 3.50123191311e-05, 2.74725971394e-05, 1.95704360522e-05, 2.78924562735e-05, 9.20419188333e-05, 3.249081783e-05, 7.2718694355e-06, 6.85940176481e-06, 6.88540831106e-06, 4.93766265208e-06, 2.78603056358e-06, 3.19198147736e-06, 3.69966755898e-07, 3.1752780405e-09, 2.49032150457e-09, 2.40858155642e-09, 2.33095609481e-09, 2.26733720687e-09, 2.20943530138e-09, 2.15903361855e-09, 2.12022377433e-09, 2.08499106868e-09, 2.05909356232e-09, 2.04490890887e-09, 2.03141725663e-09],
        "mean": [2.69013453362e-05, 0.000152218679432, 0.000315144949127, 0.000394610135118, 0.000400795281166, 0.000383431528462, 0.000313886237564, 0.000291687552817, 0.000278634746792, 0.000203833420528, 0.000222330054385, 0.000234162740526, 0.000208091427339, 0.000227032025578, 0.000236674255575, 0.000310214061756, 0.000255244114669, 0.000177501919097, 0.000110513363325, 9.60171819315e-05, 7.70237820689e-05, 5.34253958904e-05, 8.22865622467e-05, 9.3728529464e-05, 0.000109905944555, 9.89425097941e-05, 0.000128499683342, 0.00017856611521, 7.20289390301e-05, 8.06683383416e-05, 5.36003208254e-05, 6.38387573417e-05, 9.58922464633e-05, 9.10172311706e-05, 9.5547606179e-05, 0.000227129581617, 0.000150098072481, 6.38798519503e-05, 0.000104701226519, 5.82212887821e-05, 4.98720328324e-05, 6.26147812e-05, 0.000107217027107, 8.09199846117e-05, 4.58063805127e-05, 6.71859233989e-05, 4.7774919949e-05, 3.02777898469e-05, 5.0013190048e-05, 2.96667258226e-05, 1.70993771462e-05, 1.84852178791e-05, 1.75077002496e-05, 3.0358109143e-05, 3.26639419654e-05, 1.22071278383e-05, 1.54063764057e-05, 5.23062190041e-05, 5.6901928474e-05, 1.3824056623e-05, 1.20908089229e-05, 2.64017253357e-05, 3.99704040319e-05, 1.44939613165e-05, 1.34950259962e-05, 1.39138619488e-05, 8.86989164428e-06, 3.28779674419e-06, 6.45962472845e-06, 9.15767486731e-06, 5.957767371e-06, 7.24353913029e-06, 1.12782308861e-05, 5.25604809809e-06, 3.7840479763e-06, 3.07779305331e-06, 2.17459864871e-06, 2.08697588278e-06, 2.05522269425e-06, 2.18872878577e-06, 1.77259880729e-06, 1.74760123173e-06, 1.31927731672e-06, 1.07030791696e-06, 1.16814453577e-06, 1.19557500966e-06, 1.2643511127e-06, 1.21848074741e-06, 1.20936658732e-06, 1.40005590765e-06, 1.26779116272e-06, 9.95956384031e-07, 9.58875602919e-07, 8.49074183407e-07, 6.73194392675e-07, 7.3725624361e-07, 8.79938738763e-07, 8.30306305488e-07, 8.89197679044e-07, 8.37785080421e-07, 6.55285589346e-07, 6.01359431585e-07, 6.26906910384e-07, 5.26205326423e-07, 4.54414589512e-07, 3.97483717052e-07, 4.03339782906e-07, 3.75676762587e-07, 2.74894375707e-07, 1.87555443176e-07, 1.56676719598e-07, 1.29695038709e-07, 9.01375045714e-08, 5.85069734882e-08, 3.21397948255e-08, 2.2748780637e-09, 7.78747899499e-12, 3.95673034267e-12, 3.83290925041e-12, 3.72292648099e-12, 3.62979568277e-12, 3.54824177852e-12, 3.47163704034e-12, 3.41016039192e-12, 3.35967603564e-12, 3.32121634881e-12, 3.29583235703e-12, 3.27513580492e-12],
        "min": [9.6997530008e-09, 2.02797458826e-08, 5.63860282909e-08, 6.81039438177e-08, 9.28629546593e-08, 3.79670268558e-07, 3.33834833555e-07, 3.67966748627e-07, 3.6186440866e-07, 6.90457341079e-07, 3.87781824429e-07, 3.39576445185e-07, 9.53033207907e-08, 8.01102473247e-08, 1.35818609692e-07, 4.69735851993e-07, 5.74700209199e-07, 1.36771802772e-07, 1.3345628247e-07, 1.00701484484e-07, 6.83263081669e-08, 6.88754511202e-08, 4.8284764631e-08, 3.61878633726e-08, 2.24699672202e-08, 1.11085078913e-08, 7.90800740447e-08, 2.34647785646e-07, 1.07832050844e-07, 6.60667875962e-09, 1.23310543998e-08, 5.75056002816e-09, 6.58067733639e-09, 6.93148161091e-09, 8.92853968537e-09, 1.2299001817e-08, 1.44985037309e-08, 3.384141678e-08, 1.70891689688e-09, 4.38816494253e-09, 4.14571221796e-09, 2.36614350335e-09, 5.03292651999e-09, 1.69214064982e-08, 5.5871778315e-09, 9.85098558282e-10, 1.98173610855e-09, 1.03838093679e-09, 3.00279623389e-09, 3.71990305226e-09, 3.89856091854e-10, 2.09804618123e-09, 1.10201148207e-09, 7.19261317172e-10, 2.89712254187e-09, 2.02522221215e-09, 1.88911264409e-09, 4.63985827537e-09, 1.49277612493e-09, 2.11209272294e-09, 1.29850086239e-09, 1.11927289659e-09, 2.9904279053e-09, 7.1128580803e-10, 2.90121526803e-09, 2.26775287437e-09, 1.61771740448e-09, 3.86874754454e-09, 6.99903357493e-10, 7.17844950149e-10, 3.9745234881e-10, 2.75198780431e-10, 1.33669020297e-10, 5.74582936785e-10, 2.63352034624e-10, 2.36209329874e-10, 1.03419779685e-10, 2.98837371515e-10, 1.54402254871e-10, 1.21853166446e-10, 2.58970293127e-11, 5.3923215719e-12, 6.30626523224e-11, 2.04114031233e-10, 4.29950242076e-11, 1.8540845248e-10, 1.76369169269e-10, 4.07037147043e-11, 1.10921279106e-10, 3.19609033683e-10, 1.37404226885e-10, 8.18632175936e-11, 8.23332069189e-10, 9.61226168106e-11, 7.78628966858e-11, 9.75013403348e-11, 9.21652944935e-12, 1.06553189883e-10, 8.88100617352e-12, 8.46497785062e-12, 6.18863502111e-11, 1.21480941626e-11, 3.14652331967e-11, 2.66873519811e-11, 4.18774227535e-13, 4.99765645534e-11, 6.14836567076e-12, 3.22786831985e-11, 9.13076819015e-12, 1.28105451594e-11, 2.17314447687e-12, 6.68310513267e-13, 4.1972603507e-14, 3.20386044897e-14, 2.90001550063e-14, 2.47081357246e-14, 2.59881532798e-14, 2.44177050676e-14, 2.17481773963e-14, 2.5127352659e-14, 2.14699914477e-14, 2.77138677133e-14, 2.62364118603e-14, 2.76322577829e-14, 2.0286806699e-14, 2.81338046257e-14, 2.51696907538e-14, 2.68291739872e-14],
        "stdev": [6.40149883111e-05, 0.000407904852182, 0.000758045469411, 0.000901923922356, 0.000883704866283, 0.000615135941189, 0.000447099475423, 0.000441219075583, 0.000445785466582, 0.000307601789245, 0.000386272877222, 0.000567199313082, 0.000566259899642, 0.000565201626159, 0.000579668849241, 0.000766650307924, 0.00066038640216, 0.000839953601826, 0.000366124208085, 0.000229274752201, 0.000157412068802, 0.000180407732842, 0.000370887399185, 0.000426985498052, 0.000399793294491, 0.000431758875493, 0.000365362589946, 0.000428982370067, 0.00022123180679, 0.000353303592419, 0.000222777365707, 0.000216074709897, 0.000449013867183, 0.000246992189204, 0.000492374412715, 0.000978233409114, 0.000697354262229, 0.000354968826286, 0.000718171941116, 0.00037169380812, 0.000342646817444, 0.00036734394962, 0.000449728977401, 0.000285560614429, 0.000267972849542, 0.000348822795786, 0.000212765226024, 0.000133353387355, 0.000206676850212, 0.000106564744783, 5.00330716022e-05, 9.49253153522e-05, 9.82481215033e-05, 0.000131144319312, 0.000141174969031, 5.58737265237e-05, 7.92710488895e-05, 0.00030254732701, 0.000274360936601, 4.57672722405e-05, 3.62894024875e-05, 0.000124125464936, 0.000129077598103, 4.41133051936e-05, 7.36310539651e-05, 3.9763202949e-05, 2.85539081233e-05, 8.51517415867e-06, 2.22376038437e-05, 2.78330971923e-05, 2.21225964196e-05, 2.45952105615e-05, 3.4626438719e-05, 1.42916996992e-05, 9.73829901341e-06, 7.03933119439e-06, 5.75301601202e-06, 6.69005657983e-06, 8.58741714183e-06, 1.15287139124e-05, 7.5599318734e-06, 7.91802540334e-06, 4.32573096987e-06, 3.31252931574e-06, 3.87590398532e-06, 4.33997229266e-06, 6.41731503492e-06, 6.00648718319e-06, 4.67175777885e-06, 6.95239577908e-06, 5.43995111002e-06, 3.38811219081e-06, 2.83601093543e-06, 2.97111500913e-06, 2.400474159e-06, 2.75233423963e-06, 4.1598241296e-06, 3.73185594071e-06, 3.6630312934e-06, 3.30733701048e-06, 2.17648380385e-06, 2.91185278911e-06, 2.70891428045e-06, 2.2256253942e-06, 1.77221750164e-06, 1.33805156111e-06, 1.39184601267e-06, 2.64435379904e-06, 1.11061444841e-06, 5.17391754329e-07, 4.24424825951e-07, 3.70452937659e-07, 2.714017171e-07, 1.91623968249e-07, 1.46468380535e-07, 1.63144289189e-08, 1.1118661547e-10, 6.66780866632e-11, 6.45073508498e-11, 6.2444563409e-11, 6.07522573914e-11, 5.92132246013e-11, 5.78710412924e-11, 5.68368858922e-11, 5.58986780475e-11, 5.5209958133e-11, 5.48312957538e-11, 5.4471701455e-11]
    },
    "mfcc": {
        "mean": [-667.488830566, 123.137916565, -11.2182435989, 9.309009552, 4.38000965118, -2.10669589043, 6.75396966934, -3.49567937851, -5.53293180466, 1.07322406769, -4.96291446686, -3.14284300804, -5.35462379456],
        "cov": [[3881.28613281, -1401.95129395, -639.992614746, 227.965286255, -29.0380916595, 13.2107772827, 30.9166603088, 2.13023018837, 51.2021446228, 7.02104759216, 33.1036643982, 118.594955444, 20.0252742767], [-1401.95129395, 1078.48413086, 142.343612671, -76.8505401611, 55.6565284729, 38.6074523926, 104.683692932, 19.6502914429, -5.70654916763, 31.2170085907, -21.7476081848, -46.8063240051, 6.62869977951], [-639.992614746, 142.343612671, 751.227783203, -69.1093826294, 21.4895076752, 58.6640625, -117.821929932, 87.1438217163, 33.2759475708, -3.22088861465, 23.7518100739, -43.3240661621, 18.2912120819], [227.965286255, -76.8505401611, -69.1093826294, 241.30758667, 39.04063797, -36.0325012207, 4.67764043808, 25.7458114624, 33.476272583, -4.9521522522, 11.3075122833, 48.4671325684, 3.85162425041], [-29.0380916595, 55.6565284729, 21.4895076752, 39.04063797, 192.264846802, -21.2960414886, -18.8128509521, 31.0303688049, 46.9889945984, -8.17166805267, -2.88536453247, 12.7386827469, 17.4003257751], [13.2107772827, 38.6074523926, 58.6640625, -36.0325012207, -21.2960414886, 244.484771729, 70.8495559692, 9.77455043793, 24.2495479584, 29.6715393066, 37.5517692566, -44.1600379944, 7.58115434647], [30.9166603088, 104.683692932, -117.821929932, 4.67764043808, -18.8128509521, 70.8495559692, 195.507827759, -8.26126480103, 1.8073040247, 36.9656867981, 11.1174001694, -0.422247588634, -3.46802806854], [2.13023018837, 19.6502914429, 87.1438217163, 25.7458114624, 31.0303688049, 9.77455043793, -8.26126480103, 114.909912109, 42.6477355957, -6.09190940857, 10.1126699448, 1.80997729301, 14.2638788223], [51.2021446228, -5.70654916763, 33.2759475708, 33.476272583, 46.9889945984, 24.2495479584, 1.8073040247, 42.6477355957, 109.469673157, 14.5748510361, 11.5676450729, -7.5706486702, 0.887371718884], [7.02104759216, 31.2170085907, -3.22088861465, -4.9521522522, -8.17166805267, 29.6715393066, 36.9656867981, -6.09190940857, 14.5748510361, 89.2079772949, 12.1535997391, -10.4379453659, -9.74332332611], [33.1036643982, -21.7476081848, 23.7518100739, 11.3075122833, -2.88536453247, 37.5517692566, 11.1174001694, 10.1126699448, 11.5676450729, 12.1535997391, 62.0688056946, 9.84165000916, 5.01193475723], [118.594955444, -46.8063240051, -43.3240661621, 48.4671325684, 12.7386827469, -44.1600379944, -0.422247588634, 1.80997729301, -7.5706486702, -10.4379453659, 9.84165000916, 82.2326507568, 20.3031845093], [20.0252742767, 6.62869977951, 18.2912120819, 3.85162425041, 17.4003257751, 7.58115434647, -3.46802806854, 14.2638788223, 0.887371718884, -9.74332332611, 5.01193475723, 20.3031845093, 61.130355835]],
        "icov": [[0.000629305199254, 0.000792401551735, 0.000391184818, -0.000154362656758, -8.00760099082e-05, -0.000245945848292, -0.000182271483936, -0.000337412609952, -0.000103668855445, -0.000261761335423, 0.000187293408089, -0.000278377963696, -0.000240827692323], [0.000792401551735, 0.00213374919258, 0.000172607135028, 4.19600073656e-05, -0.000592855794821, -0.000127701074234, -0.00114584469702, -0.000533998769242, 0.000199856323889, -0.000534305581823, 0.000675483024679, 0.000159638511832, -0.000497521657962], [0.000391184818, 0.000172607135028, 0.00214996631257, 0.000311971525662, 2.91885480692e-05, -0.000661766796838, 0.00141182751395, -0.001471127267, -0.000107586514787, -0.000379315722967, -0.00055461388547, 0.000273956189631, -0.000417114322772], [-0.000154362656758, 4.19600073656e-05, 0.000311971525662, 0.00538427894935, -0.00056944246171, 0.000439883500803, -0.000173139400431, -0.000853024830576, -0.00134445552249, 0.000204375013709, -0.000564011454117, -0.00267178169452, 0.000895887089428], [-8.00760099082e-05, -0.000592855794821, 2.91885480692e-05, -0.00056944246171, 0.0065110437572, 0.000484044518089, 0.000677878793795, -0.0003570545814, -0.00274091842584, 0.000479623005958, 0.000486570002977, -0.000504973810166, -0.00142986187711], [-0.000245945848292, -0.000127701074234, -0.000661766796838, 0.000439883500803, 0.000484044518089, 0.00646124966443, -0.00236617121845, 0.000390583445551, -0.000902623462025, -0.000164463970577, -0.00352114788257, 0.00383409718052, -0.00189757859334], [-0.000182271483936, -0.00114584469702, 0.00141182751395, -0.000173139400431, 0.000677878793795, -0.00236617121845, 0.00792716722935, -0.0004324518668, 0.000126716389786, -0.00209597521462, -0.00015863259614, -0.00123003614135, 0.000509172619786], [-0.000337412609952, -0.000533998769242, -0.001471127267, -0.000853024830576, -0.0003570545814, 0.000390583445551, -0.0004324518668, 0.0119344815612, -0.00380941410549, 0.00152666051872, -0.000899750681128, 0.000311843759846, -0.00182488793507], [-0.000103668855445, 0.000199856323889, -0.000107586514787, -0.00134445552249, -0.00274091842584, -0.000902623462025, 0.000126716389786, -0.00380941410549, 0.0129957552999, -0.00208687945269, -0.000948957051151, 0.00185684463941, 0.000857196981087], [-0.000261761335423, -0.000534305581823, -0.000379315722967, 0.000204375013709, 0.000479623005958, -0.000164463970577, -0.00209597521462, 0.00152666051872, -0.00208687945269, 0.0134201012552, -0.00221055117436, 0.000901201274246, 0.00170424161479], [0.000187293408089, 0.000675483024679, -0.00055461388547, -0.000564011454117, 0.000486570002977, -0.00352114788257, -0.00015863259614, -0.000899750681128, -0.000948957051151, -0.00221055117436, 0.0202227830887, -0.00460536917672, 9.90143307718e-05], [-0.000278377963696, 0.000159638511832, 0.000273956189631, -0.00267178169452, -0.000504973810166, 0.00383409718052, -0.00123003614135, 0.000311843759846, 0.00185684463941, 0.000901201274246, -0.00460536917672, 0.0188323371112, -0.00607455288991], [-0.000240827692323, -0.000497521657962, -0.000417114322772, 0.000895887089428, -0.00142986187711, -0.00189757859334, 0.000509172619786, -0.00182488793507, 0.000857196981087, 0.00170424161479, 9.90143307718e-05, -0.00607455288991, 0.0199253223836]]
    },
    "spectral_contrast_coeffs": {
        "max": [-0.423210769892, -0.452708721161, -0.452716708183, -0.527592003345, -0.494425237179, -0.572074353695],
        "mean": [-0.724625825882, -0.764907479286, -0.750063598156, -0.783564805984, -0.774137794971, -0.766732752323],
        "min": [-0.88199955225, -0.910895109177, -0.898963332176, -0.91354817152, -0.868510305882, -0.885411143303],
        "stdev": [0.0605469420552, 0.0700583532453, 0.0689173936844, 0.0650322213769, 0.0713446438313, 0.0503425821662]
    },
    "spectral_contrast_valleys": {
        "max": [-5.42826032639, -5.43679904938, -6.11452293396, -5.95210886002, -5.91127681732, -7.36820840836],
        "mean": [-7.09089899063, -6.93288707733, -7.40599012375, -7.73286533356, -7.96127557755, -10.8298692703],
        "min": [-9.7773733139, -9.50113677979, -10.5506277084, -11.3751430511, -11.2420063019, -14.0702066422],
        "stdev": [0.650483369827, 0.514029860497, 0.562123298645, 0.677995562553, 0.836548924446, 1.09591317177]
    }
},
"rhythm": {
    "beats_count": 48,
    "beats_loudness": {
        "max": 0.0427621044219,
        "mean": 0.0157393217087,
        "min": 0.000492597639095,
        "stdev": 0.00965336803347
    },
    "bpm": 90.4496994019,
    "bpm_histogram_first_peak_bpm": 91,
    "bpm_histogram_first_peak_weight": 0.276595711708,
    "bpm_histogram_second_peak_bpm": 0,
    "bpm_histogram_second_peak_spread": 0,
    "bpm_histogram_second_peak_weight": 0,
    "danceability": 1.12265574932,
    "onset_rate": 3.99902319908,
    "beats_loudness_band_ratio": {
        "max": [0.497634232044, 0.547993242741, 0.654920220375, 0.650094389915, 0.786910831928, 0.714396417141],
        "mean": [0.151236250997, 0.230588957667, 0.191914319992, 0.20896820724, 0.202810883522, 0.0955423787236],
        "min": [0.0015088779619, 0.0125099215657, 0.0221274923533, 0.0374226942658, 0.00953621510416, 0.00588348181918],
        "stdev": [0.124940618873, 0.156122654676, 0.13415491581, 0.151437714696, 0.191316068172, 0.117256216705]
    },
    "beats_position": [0.650158703327, 1.3235373497, 2.00852608681, 2.69351458549, 3.35528349876, 4.02866220474, 4.69043064117, 5.36380958557, 6.01396799088, 6.67573690414, 7.33750534058, 7.99927425385, 8.64943313599, 9.29959201813, 9.94974994659, 10.5999088287, 11.261677742, 11.9234466553, 12.5852155685, 13.2469835281, 13.9087524414, 14.5821313858, 15.2439002991, 15.9056682587, 16.5674381256, 17.2292060852, 17.8909740448, 18.5527439117, 19.2029018402, 19.8762817383, 20.549659729, 21.2230377197, 21.8848075867, 22.5465755463, 23.1967334747, 23.8468933105, 24.497051239, 25.158821106, 25.8205890656, 26.470746994, 27.132516861, 27.7942848206, 28.4560546875, 29.1178226471, 29.7912006378, 30.4645805359, 31.1495685577, 31.8345565796],
