{
"metadata": {
    "version": {
        "essentia": "2.1-beta5",
        "essentia_git_sha": "Undefined",
        "extractor": "music 2.0"
    },
    "audio_properties": {
        "analysis": {
            "equal_loudness": 0,
            "length": 12.7477550507,
            "sample_rate": 44100,
            "start_time": 0,
            "downmix": "mix"
        },
        "bit_rate": 192000,
        "length": 175.124923706,
        "lossless": 0,
        "number_channels": 2,
        "replay_gain": -3.21244812012,
        "sample_rate": 48000,
        "codec": "mp3",
        "md5_encoded": "935935d72043304c78406564ad2228ce"
    },
    "tags": {
        "file_name": "Italy_Uno Per Tutte_Emilio Pericoli.mp3",
        "encoding": ["Lavf58.29.100"]
    }
},
"lowlevel": {
    "average_loudness": 0.90528357029,
    "barkbands_crest": {
        "max": 24.2961139679,
        "mean": 10.6033802032,
        "min": 3.15275502205,
        "stdev": 4.29299211502
    },
    "barkbands_flatness_db": {
        "max": 0.38051918149,
        "mean": 0.22337192297,
        "min": 0.0720755681396,
        "stdev": 0.0720984339714
    },
    "barkbands_kurtosis": {
        "max": 114.602897644,
        "mean": 7.09124279022,
        "min": -1.8433932066,
        "stdev": 14.4753131866
    },
    "barkbands_skewness": {
        "max": 8.66697311401,
        "mean": 1.14437937737,
        "min": -4.73040437698,
        "stdev": 1.70111906528
    },
    "barkbands_spread": {
        "max": 69.8084182739,
        "mean": 12.6927223206,
        "min": 0.885645091534,
        "stdev": 11.1518754959
    },
    "dissonance": {
        "max": 0.499823570251,
        "mean": 0.423312783241,
        "min": 0.0787095502019,
        "stdev": 0.0630496814847
    },
    "dynamic_complexity": 5.90335893631,
    "erbbands_crest": {
        "max": 30.310962677,
        "mean": 12.7249679565,
        "min": 2.75872135162,
        "stdev": 5.70553922653
    },
    "erbbands_flatness_db": {
        "max": 0.394910901785,
        "mean": 0.248408704996,
        "min": 0.100848659873,
        "stdev": 0.0680161044002
    },
    "erbbands_kurtosis": {
        "max": 37.2740516663,
        "mean": 3.72018241882,
        "min": -1.67416441441,
        "stdev": 5.6017370224
    },
    "erbbands_skewness": {
        "max": 4.51996660233,
        "mean": 0.576918363571,
        "min": -4.24059200287,
        "stdev": 1.20204901695
    },
    "erbbands_spread": {
        "max": 85.354347229,
        "mean": 21.6711483002,
        "min": 2.42292928696,
        "stdev": 17.8258857727
    },
    "hfc": {
        "max": 92.3319778442,
        "mean": 12.1661672592,
        "min": 0.019341558218,
        "stdev": 14.0847034454
    },
    "loudness_ebu128": {
        "integrated": -21.9595851898,
        "loudness_range": 4.60478019714,
        "momentary": {
            "max": -16.9620132446,
            "mean": -23.9900817871,
            "min": -43.2603302002,
            "stdev": 4.73923778534
        },
        "short_term": {
            "max": -20.1584453583,
            "mean": -22.7752132416,
            "min": -25.3594341278,
            "stdev": 1.63119733334
        }
    },
    "melbands_crest": {
        "max": 31.4818992615,
        "mean": 13.9691858292,
        "min": 3.64201426506,
        "stdev": 6.27372646332
    },
    "melbands_flatness_db": {
        "max": 0.46461725235,
        "mean": 0.263329744339,
        "min": 0.054079066962,
        "stdev": 0.0934404358268
    },
    "melbands_kurtosis": {
        "max": 260.144775391,
        "mean": 11.9948072433,
        "min": -1.76435160637,
        "stdev": 25.7732372284
    },
    "melbands_skewness": {
        "max": 12.0930900574,
        "mean": 1.69428217411,
        "min": -1.96444344521,
        "stdev": 2.01368045807
    },
    "melbands_spread": {
        "max": 165.08366394,
        "mean": 18.0579853058,
        "min": 0.699519395828,
        "stdev": 19.7181892395
    },
    "pitch_salience": {
        "max": 0.919437468052,
        "mean": 0.571964681149,
        "min": 0.137406155467,
        "stdev": 0.168578803539
    },
    "silence_rate_20dB": {
        "max": 1,
        "mean": 1,
        "min": 1,
        "stdev": 0
    },
    "silence_rate_30dB": {
        "max": 1,
        "mean": 0.98727273941,
        "min": 0,
        "stdev": 0.112094990909
    },
    "silence_rate_60dB": {
        "max": 1,
        "mean": 0.243636369705,
        "min": 0,
        "stdev": 0.429274767637
    },
    "spectral_centroid": {
        "max": 4947.71582031,
        "mean": 994.109191895,
        "min": 163.050674438,
        "stdev": 721.588623047
    },
    "spectral_complexity": {
        "max": 33,
        "mean": 9.98909091949,
        "min": 0,
        "stdev": 6.56241893768
    },
    "spectral_decrease": {
        "max": -6.13452084269e-12,
        "mean": -4.84240336718e-09,
        "min": -3.95564931921e-08,
        "stdev": 5.67702684862e-09
    },
    "spectral_energy": {
        "max": 0.15545552969,
        "mean": 0.0193798672408,
        "min": 2.49260228884e-05,
        "stdev": 0.0225141588598
    },
    "spectral_energyband_high": {
        "max": 0.00587823055685,
        "mean": 0.0001603403216,
        "min": 2.01379055653e-08,
        "stdev": 0.00052339717513
    },
    "spectral_energyband_low": {
        "max": 0.0791682973504,
        "mean": 0.00437392946333,
        "min": 1.13131659418e-06,
        "stdev": 0.00994070898741
    },
    "spectral_energyband_middle_high": {
        "max": 0.0643430277705,
        "mean": 0.00491158105433,
        "min": 2.08674759961e-06,
        "stdev": 0.00712294317782
    },
    "spectral_energyband_middle_low": {
        "max": 0.146943107247,
        "mean": 0.0104305259883,
        "min": 6.423180821e-06,
        "stdev": 0.0166840068996
    },
    "spectral_entropy": {
        "max": 8.23019504547,
        "mean": 6.98958349228,
        "min": 5.04309749603,
        "stdev": 0.65318351984
    },
    "spectral_flux": {
        "max": 0.236573174596,
        "mean": 0.0585691481829,
        "min": 0.00347482762299,
        "stdev": 0.0416137911379
    },
    "spectral_kurtosis": {
        "max": 61.7417221069,
        "mean": 10.969335556,
        "min": -0.11998796463,
        "stdev": 10.7347249985
    },
    "spectral_rms": {
        "max": 0.0123151913285,
        "mean": 0.0036649252288,
        "min": 0.000155942529091,
        "stdev": 0.00233998033218
    },
    "spectral_rolloff": {
        "max": 7579.6875,
        "mean": 1106.53283691,
        "min": 107.666015625,
        "stdev": 980.393981934
    },
    "spectral_skewness": {
        "max": 6.39470672607,
        "mean": 2.20561981201,
        "min": -0.172155246139,
        "stdev": 1.11885941029
    },
    "spectral_spread": {
        "max": 13554648,
        "mean": 3093886.25,
        "min": 857321.1875,
        "stdev": 1198024.75
    },
    "spectral_strongpeak": {
        "max": 7.09925365448,
        "mean": 1.29865050316,
        "min": 0,
        "stdev": 1.40819275379
    },
    "zerocrossingrate": {
        "max": 0.26123046875,
        "mean": 0.0434383861721,
        "min": 0.00439453125,
        "stdev": 0.0327564999461
    },
    "barkbands": {
        "max": [0.000209921214264, 0.0267013311386, 0.0581007599831, 0.0138185434043, 0.0221675951034, 0.0285095945001, 0.113583266735, 0.102091744542, 0.043765630573, 0.0094314487651, 0.0611293800175, 0.0171252582222, 0.0121681196615, 0.00951654929668, 0.00319490139373, 0.00125663517974, 0.00301626999862, 0.000881905842107, 0.00118124508299, 0.00102550478186, 0.00184673746116, 0.00252056773752, 0.000594674726017, 0.000812437210698, 7.42811025702e-05, 2.21970753955e-06, 2.4077407943e-06],
        "mean": [2.05205924431e-05, 0.00166012276895, 0.00235646078363, 0.000658490578644, 0.00122143432964, 0.00133539026137, 0.00297373137437, 0.0021726062987, 0.00173411285505, 0.000666081090458, 0.00186591909733, 0.00101138290484, 0.000706547638401, 0.000327831221512, 0.000136243121233, 8.52926095831e-05, 0.000165165154613, 5.84633708058e-05, 4.52979584225e-05, 4.19594325649e-05, 5.91950119997e-05, 4.35835063399e-05, 1.93868254428e-05, 1.18722555271e-05, 2.77818503491e-06, 5.06443686987e-09, 5.05734387701e-09],
        "min": [3.86654690487e-08, 6.32069600215e-07, 3.20895566119e-07, 3.87090665299e-07, 1.2998306147e-06, 6.17638988842e-07, 9.01944133602e-07, 2.8320647516e-07, 2.76799340782e-07, 1.47234416659e-07, 7.33209262194e-08, 3.85152354454e-08, 1.22614835618e-07, 3.01687173021e-08, 6.19713169669e-09, 5.19737408666e-09, 3.39790453552e-08, 8.57644000263e-09, 7.23102910882e-09, 4.78072115229e-09, 2.7578155315e-09, 8.29292012838e-09, 3.48243123227e-09, 2.02447858477e-09, 1.139396133e-09, 6.09181941003e-11, 7.36279370805e-11],
        "stdev": [2.73720997939e-05, 0.00393452821299, 0.00667713489383, 0.00136749597732, 0.00210017501377, 0.0026642458979, 0.00909241195768, 0.00796937383711, 0.00419227220118, 0.00144123053178, 0.0049009132199, 0.00222365371883, 0.00173617945984, 0.00113116332795, 0.000332357391017, 0.00016886938829, 0.000341860140907, 0.000110972883704, 9.01825842448e-05, 0.000103092366771, 0.00018636432651, 0.000196988563403, 6.23855012236e-05, 4.78850597574e-05, 8.23449227028e-06, 9.45452853784e-08, 1.02550480108e-07]
    },
    "erbbands": {
        "max": [0.261236041784, 7.56632089615, 67.6061630249, 22.0035800934, 114.372039795, 93.7665481567, 63.9737663269, 335.089630127, 1139.4732666, 1086.73181152, 2516.65649414, 1141.73144531, 371.883789062, 1744.81237793, 1024.18029785, 786.954833984, 427.220245361, 622.11315918, 263.026702881, 86.3904037476, 49.9455413818, 200.742782593, 58.0515861511, 82.3645172119, 47.6613960266, 29.6537590027, 111.849914551, 75.0632171631, 99.9295883179, 47.0854110718, 20.0939750671, 28.1625785828, 5.31941080093, 1.5641053915, 0.143193289638, 0.00874266494066, 0.00413985969499, 0.00148568511941, 0.000352637260221, 0.000174000073457],
        "mean": [0.0172409005463, 0.50629222393, 2.83328795433, 2.10189056396, 3.36388731003, 3.82323598862, 7.29212188721, 11.3237791061, 29.6040687561, 48.1597099304, 56.2619552612, 38.9983139038, 25.8874664307, 31.7160720825, 77.2004852295, 39.8738937378, 29.5070896149, 19.1764755249, 10.9581480026, 6.29577159882, 4.7061958313, 9.84750652313, 4.23206520081, 2.96330285072, 1.83725476265, 1.6518061161, 2.63724732399, 1.96917700768, 1.77636194229, 0.917819857597, 0.525460898876, 0.313380807638, 0.159231260419, 0.0562675222754, 0.00632905308157, 0.000245236675255, 2.80071835732e-05, 6.84558608555e-06, 1.09332531792e-05, 2.25185158342e-05],
        "min": [1.67197431438e-05, 0.000146901293192, 0.000404785823775, 0.000855461519677, 0.0057299984619, 0.00403266074136, 0.00201680674218, 0.0045385803096, 0.00962748937309, 0.012633446604, 0.00693654501811, 0.0070423767902, 0.0036426789593, 0.00299827964045, 0.00280586723238, 0.00265542045236, 0.00505515001714, 0.00745587283745, 0.000932609371375, 0.000290861178655, 0.000475382898003, 0.00208914536051, 0.000639106903691, 0.000213065126445, 0.000506609212607, 0.000259390828433, 9.00645027286e-05, 0.000164272467373, 0.000372220965801, 0.000158407056006, 5.88942493778e-05, 6.60954174236e-05, 1.96541914192e-05, 1.42894014061e-05, 6.73548447594e-06, 5.45593934476e-07, 1.93409789517e-07, 6.76950904221e-08, 4.37077964932e-08, 3.50585231956e-08],
        "stdev": [0.0352480150759, 1.23284494877, 7.9800157547, 3.32325649261, 7.17326641083, 8.45010757446, 11.2030143738, 27.9609336853, 82.7468032837, 120.396949768, 194.78175354, 103.093048096, 55.7857322693, 126.258750916, 139.57093811, 84.677406311, 64.1226654053, 63.0848693848, 29.2919025421, 11.3610877991, 8.0672750473, 21.2830600739, 7.37422180176, 5.96549844742, 3.54637646675, 3.70540881157, 8.17575740814, 6.87040376663, 7.85380363464, 3.4637503624, 1.77288651466, 1.50252008438, 0.513060212135, 0.165806099772, 0.0168505050242, 0.00069665722549, 0.000179457449121, 6.35003816569e-05, 1.83747288247e-05, 2.56004768744e-05]
    },
    "gfcc": {
        "mean": [-116.291748047, 152.269943237, -141.500534058, 30.3148365021, -71.4404144287, 10.6133203506, -27.9690856934, -4.92473888397, -9.77793502808, -15.5616474152, 3.34339547157, -17.8809776306, 3.1037774086],
        "cov": [[6703.93603516, 245.592926025, -1690.62365723, -837.643859863, 58.2528038025, -191.781723022, 348.126190186, -98.8506851196, 264.522186279, -242.137176514, 56.897895813, 18.9864826202, -237.628952026], [245.592926025, 1373.9296875, 380.862335205, -736.36895752, 278.894744873, -378.719360352, 20.2493305206, -130.952713013, 65.1927871704, -137.686309814, 50.8694419861, -83.9497756958, -65.5752792358], [-1690.62365723, 380.862335205, 1291.57409668, 419.098114014, 18.0127429962, -50.4073905945, -125.567680359, -53.6722183228, -84.5627441406, 48.6454200745, -14.6564788818, -45.7302894592, 110.7421875], [-837.643859863, -736.36895752, 419.098114014, 1116.83312988, -49.4466934204, 206.258544922, -100.881492615, 45.6729812622, -46.6676940918, 156.177871704, -45.2753982544, 17.4929599762, 130.436325073], [58.2528038025, 278.894744873, 18.0127429962, -49.4466934204, 269.622741699, -35.4046974182, 30.0585861206, 8.66114997864, 64.9631118774, -20.2193584442, 12.3876638412, -23.801153183, -12.3805208206], [-191.781723022, -378.719360352, -50.4073905945, 206.258544922, -35.4046974182, 543.605407715, 290.262451172, 145.018096924, -124.683174133, -2.21551895142, 11.4523849487, 80.7821044922, 102.320320129], [348.126190186, 20.2493305206, -125.567680359, -100.881492615, 30.0585861206, 290.262451172, 399.474121094, 109.563354492, -70.001953125, -82.9080657959, 15.0114269257, 54.9550056458, 34.7693939209], [-98.8506851196, -130.952713013, -53.6722183228, 45.6729812622, 8.66114997864, 145.018096924, 109.563354492, 126.621429443, -6.73717308044, -14.5689573288, -11.0091781616, 33.7939109802, 30.5179767609], [264.522186279, 65.1927871704, -84.5627441406, -46.6676940918, 64.9631118774, -124.683174133, -70.001953125, -6.73717308044, 143.041183472, 52.9519805908, -3.83822989464, -42.9384536743, -45.4715232849], [-242.137176514, -137.686309814, 48.6454200745, 156.177871704, -20.2193584442, -2.21551895142, -82.9080657959, -14.5689573288, 52.9519805908, 146.508300781, 12.0843343735, -41.9798278809, -6.18157958984], [56.897895813, 50.8694419861, -14.6564788818, -45.2753982544, 12.3876638412, 11.4523849487, 15.0114269257, -11.0091781616, -3.83822989464, 12.0843343735, 58.6700019836, 21.1369724274, -9.7081413269], [18.9864826202, -83.9497756958, -45.7302894592, 17.4929599762, -23.801153183, 80.7821044922, 54.9550056458, 33.7939109802, -42.9384536743, -41.9798278809, 21.1369724274, 87.485710144, 51.7652740479], [-237.628952026, -65.5752792358, 110.7421875, 130.436325073, -12.3805208206, 102.320320129, 34.7693939209, 30.5179767609, -45.4715232849, -6.18157958984, -9.7081413269, 51.7652740479, 129.660293579]],
        "icov": [[0.00034936654265, -0.000258382468019, 0.000515291350894, -0.000311539071845, 0.000460851035314, -0.000119337339129, -0.000366209686035, 0.000716431997716, -0.00106351845898, 0.000892605050467, -0.000390940433135, 0.000188159523532, 1.58501770784e-05], [-0.000258382468019, 0.00525940116495, -0.0026795649901, 0.0033344544936, -0.00368088809773, 0.00236140121706, -0.00162415276282, 0.00142039556522, 9.75389630185e-05, 0.00177038880065, -0.00348022207618, 0.00358102819882, -0.00256480486132], [0.000515291350894, -0.0026795649901, 0.00299084489234, -0.00229576532729, 0.00200400571339, -0.000680174096487, 0.000426666985732, -4.26865881309e-05, -9.57964803092e-05, 0.000488163757836, 1.63270560734e-05, 0.000613621028606, -0.000286106980639], [-0.000311539071845, 0.0033344544936, -0.00229576532729, 0.00387424486689, -0.00285389297642, 0.000813963182736, -0.000222780392505, 0.000506597571075, 0.00108099170029, -0.00162275880575, 0.000469102436909, 0.000275568949291, -0.00156869017519], [0.000460851035314, -0.00368088809773, 0.00200400571339, -0.00285389297642, 0.00818892661482, -0.00194479979109, 0.000372453039745, -0.000774491112679, -0.00494306255132, 0.00337778870016, -0.00216737226583, 0.0017230004305, 0.000118772004498], [-0.000119337339129, 0.00236140121706, -0.000680174096487, 0.000813963182736, -0.00194479979109, 0.00713921943679, -0.00387372565456, -0.00285908323713, 0.00449800025672, -0.00247062626295, -0.00206036726013, 0.00121983198915, -0.00255180569366], [-0.000366209686035, -0.00162415276282, 0.000426666985732, -0.000222780392505, 0.000372453039745, -0.00387372565456, 0.00712405284867, -0.00348574388772, 0.00116942659952, 0.00130820961203, -0.00021512870444, 0.000134981033625, 0.000772169791162], [0.000716431997716, 0.00142039556522, -4.26865881309e-05, 0.000506597571075, -0.000774491112679, -0.00285908323713, -0.00348574388772, 0.0174225978553, -0.0068946829997, 0.00253781001084, 0.00397517019883, -0.0043346802704, 0.000305707479129], [-0.00106351845898, 9.75389630185e-05, -9.57964803092e-05, 0.00108099170029, -0.00494306255132, 0.00449800025672, 0.00116942659952, -0.0068946829997, 0.0201441328973, -0.0113912895322, 0.00475137075409, -0.00128787814174, 0.00177356577478], [0.000892605050467, 0.00177038880065, 0.000488163757836, -0.00162275880575, 0.00337778870016, -0.00247062626295, 0.00130820961203, 0.00253781001084, -0.0113912895322, 0.0225866530091, -0.0154872294515, 0.0155600663275, -0.00521896779537], [-0.000390940433135, -0.00348022207618, 1.63270560734e-05, 0.000469102436909, -0.00216737226583, -0.00206036726013, -0.00021512870444, 0.00397517019883, 0.00475137075409, -0.0154872294515, 0.0362166315317, -0.0235646031797, 0.0106260702014], [0.000188159523532, 0.00358102819882, 0.000613621028606, 0.000275568949291, 0.0017230004305, 0.00121983198915, 0.000134981033625, -0.0043346802704, -0.00128787814174, 0.0155600663275, -0.0235646031797, 0.0373304970562, -0.0148373581469], [1.58501770784e-05, -0.00256480486132, -0.000286106980639, -0.00156869017519, 0.000118772004498, -0.00255180569366, 0.000772169791162, 0.000305707479129, 0.00177356577478, -0.00521896779537, 0.0106260702014, -0.0148373581469, 0.0171052832156]]
    },
    "melbands": {
        "max": [0.00488825980574, 0.0244626104832, 0.00736032333225, 0.0053073419258, 0.00290288007818, 0.00648652436212, 0.0211005285382, 0.00982876308262, 0.0166947674006, 0.00653603579849, 0.00182687689085, 0.00641954923049, 0.00524555984885, 0.001604212448, 0.00225109886378, 0.00118672603276, 0.0012704731198, 0.000539042579476, 0.00021161197219, 0.000114443151688, 5.24761198903e-05, 0.000191793136764, 0.000101741374237, 3.77919022867e-05, 8.17101899884e-05, 1.74394463102e-05, 5.2058530855e-05, 2.38374977926e-05, 6.31846342003e-05, 5.5256223277e-05, 4.11959954363e-05, 5.81789900025e-05, 4.76255299873e-05, 1.67105226865e-05, 9.51971651375e-06, 1.64578905242e-05, 1.71502542798e-05, 3.69068493455e-06, 3.05722323901e-06, 7.40033158309e-07],
        "mean": [0.000296539859846, 0.00115186243784, 0.000413229427068, 0.000265942886472, 0.000229979021242, 0.000256641651504, 0.000527612224687, 0.000526410352904, 0.000454668683233, 0.000225209529162, 0.000122539204312, 0.000113157228043, 0.000240419991314, 0.000144381163409, 0.000110010674689, 4.90852471557e-05, 3.35287331836e-05, 1.89446709555e-05, 1.13087617137e-05, 6.47893375572e-06, 4.86601265948e-06, 1.07091836981e-05, 6.16395391262e-06, 2.44631314672e-06, 2.50224684351e-06, 1.22440462746e-06, 1.33543233005e-06, 1.05516585336e-06, 1.5692554598e-06, 1.49356696966e-06, 1.06925176624e-06, 1.05330752831e-06, 7.44672263409e-07, 4.30636362125e-07, 3.23409807379e-07, 2.1795258931e-07, 1.80370790304e-07, 1.13246017008e-07, 8.470853885e-08, 3.56637279708e-08],
        "min": [1.67703916532e-07, 2.03155053669e-07, 2.97279427741e-07, 3.18013746892e-07, 7.51618998152e-08, 1.0448641774e-07, 1.4707066498e-07, 1.16791987637e-07, 5.58181980637e-08, 3.07478664752e-08, 1.65434599353e-08, 1.15422595925e-08, 1.5497469974e-08, 3.58059581984e-09, 8.4472659978e-09, 1.36360638336e-08, 6.13446760056e-09, 1.0199329159e-09, 3.39815897643e-10, 3.34636734989e-10, 5.27083043877e-10, 2.16982565249e-09, 1.26376553666e-09, 3.15158232844e-10, 1.27102689484e-10, 3.05411584911e-10, 3.21471627096e-10, 1.48264928113e-10, 4.71127373225e-11, 6.02454752752e-11, 1.07899064683e-10, 2.48085690879e-10, 1.10575430756e-10, 9.36024036058e-11, 3.25270331503e-11, 4.08730896351e-11, 3.83885423449e-11, 1.64128606539e-11, 9.09117225945e-12, 1.25140349472e-11],
        "stdev": [0.00066414650064, 0.00300518539734, 0.00065582152456, 0.000505146337673, 0.000338948302669, 0.000580811349209, 0.00156143039931, 0.00127230945509, 0.00139321002644, 0.00061212410219, 0.000269654468866, 0.000466460944153, 0.000500358350109, 0.000257031351794, 0.000307564449031, 0.000139362731716, 0.000122139288578, 5.70474112465e-05, 2.66710994765e-05, 1.34778611027e-05, 8.63337754708e-06, 2.26194442803e-05, 1.19416636153e-05, 4.52417452834e-06, 5.51798893866e-06, 2.05202536563e-06, 3.32433364747e-06, 2.63513129539e-06, 4.7601965889e-06, 5.07392633153e-06, 3.89274237023e-06, 4.66134179078e-06, 3.42481189364e-06, 1.43498812122e-06, 1.04245407329e-06, 9.65442609413e-07, 8.93204287422e-07, 3.61355432688e-07, 2.81909734667e-07, 9.77421450443e-08]
    },
    "melbands128": {
        "max": [0.000172072919668, 0.000824781600386, 0.00604390259832, 0.0158396456391, 0.0392636395991, 0.0214381963015, 0.00487281288952, 0.0093678496778, 0.0151469493285, 0.00583652034402, 0.00722731510177, 0.00313613261096, 0.00279610836878, 0.00490154558793, 0.0119382021949, 0.0136179961264, 0.00634341454133, 0.0315528251231, 0.0400586202741, 0.0118684759364, 0.0114060780033, 0.0428214892745, 0.0133244562894, 0.0105254612863, 0.0133675597608, 0.00662477035075, 0.00379720586352, 0.00365474494174, 0.00256575155072, 0.00194747885689, 0.00979021377861, 0.0182013493031, 0.00274719507433, 0.00764737604186, 0.00280019408092, 0.00139606941957, 0.00486633693799, 0.00439367536455, 0.00206776568666, 0.000635465956293, 0.00262368656695, 0.00127415417228, 0.00228162365966, 0.00199390482157, 0.0010003723437, 0.00100889510941, 0.000205536314752, 0.000517723732628, 0.000258642539848, 0.000329632370267, 0.000141737866215, 0.000170991348568, 7.16263530194e-05, 8.4470884758e-05, 0.000117306160973, 0.000161986405146, 0.000617771176621, 0.00014032467152, 7.07265135134e-05, 0.000106512175989, 2.77845610981e-05, 3.22127889376e-05, 0.000135117952595, 9.30968672037e-05, 1.58813854796e-05, 1.96342934942e-05, 1.25964033941e-05, 8.17267209641e-05, 6.25630564173e-05, 1.13529767987e-05, 2.05728010769e-05, 4.56484631286e-05, 6.82996032992e-05, 6.31377406535e-05, 0.00015215476742, 6.26084511168e-05, 0.000123708334286, 5.34253813385e-05, 4.50900115538e-05, 6.28229026916e-05, 6.16324177827e-05, 8.367747796e-05, 6.59831930534e-05, 5.60667831451e-05, 4.74728440167e-05, 1.86344968824e-05, 1.56157675519e-05, 9.37350068853e-06, 1.08771728264e-05, 1.30264998006e-05, 1.22710980577e-05, 1.76123594429e-05, 2.32199381571e-05, 2.40882018261e-05, 5.8586601881e-06, 7.35506910132e-06, 2.78257903119e-06, 2.47963293987e-06, 4.80350900034e-06, 2.48125502367e-06, 8.56876056332e-07, 8.21665878448e-07, 5.79904735787e-07, 3.4290746953e-07, 5.55525545565e-08, 2.38419879395e-08, 2.96418711798e-08, 1.55891193288e-08, 1.50250265563e-08, 1.45107206251e-08, 1.40026630291e-08, 1.35655255917e-08, 1.3157363199e-08, 1.2714503228e-08, 1.227755142e-08, 1.18990728382e-08, 1.15433431702e-08, 1.11805738001e-08, 1.0932065031e-08, 1.06564668201e-08, 1.03921085071e-08, 1.01734860536e-08, 9.99176652527e-09, 9.85172565748e-09, 9.70868985206e-09, 9.58682644381e-09, 9.51263601223e-09, 9.46370803945e-09],
        "mean": [1.31879296532e-05, 6.82932586642e-05, 0.00026304795756, 0.00100115512032, 0.00166281487327, 0.000908519490622, 0.000391282927012, 0.000320625433233, 0.000353137438651, 0.000296656740829, 0.000182820949703, 0.000175291745109, 0.000262499088421, 0.000277665560134, 0.000229908473557, 0.00026487139985, 0.000276309467154, 0.000561821216252, 0.000934613810387, 0.000445460522315, 0.00037420654553, 0.000551915669348, 0.000459192116978, 0.000417323200963, 0.000233084181673, 0.000178093963768, 0.000101197460026, 0.0001515786862, 0.000105456492747, 4.84667398268e-05, 0.000129039122839, 0.000221681591938, 0.000156703317771, 0.000414359965362, 0.000168672399013, 6.05440618529e-05, 6.58961071167e-05, 0.000180958813871, 8.10988349258e-05, 2.63836354861e-05, 7.00454111211e-05, 3.33955031238e-05, 3.72277172573e-05, 2.68779167527e-05, 2.74957401416e-05, 1.89542843145e-05, 6.03318721915e-06, 1.78670943569e-05, 8.46853890835e-06, 5.4541087593e-06, 7.40408495403e-06, 7.139218269e-06, 3.17921285387e-06, 4.60597402707e-06, 6.65942434352e-06, 1.25616588775e-05, 1.42564385897e-05, 5.97844564254e-06, 4.30712088928e-06, 3.65564801541e-06, 1.84072325737e-06, 1.83845043011e-06, 3.17753870149e-06, 2.68198914455e-06, 1.37987740345e-06, 1.13927819712e-06, 9.79817173175e-07, 1.73312071183e-06, 1.47228547576e-06, 6.5913866365e-07, 8.90444823654e-07, 1.30156934119e-06, 1.59317448833e-06, 1.13087389764e-06, 2.37295535044e-06, 1.71838667029e-06, 9.67555592979e-07, 1.0538742572e-06, 1.16521152904e-06, 1.02806427549e-06, 9.19466401683e-07, 1.32779621254e-06, 8.1440748545e-07, 7.76998604124e-07, 5.6940154991e-07, 3.16585186511e-07, 5.4899277302e-07, 3.23807768154e-07, 3.26203547729e-07, 2.79802407022e-07, 2.4253807851e-07, 1.80096165536e-07, 2.12685719703e-07, 2.01652241572e-07, 1.5129926112e-07, 1.15277998702e-07, 1.08115273179e-07, 1.03606325297e-07, 1.00109190271e-07, 6.91348560622e-08, 3.85803495817e-08, 3.63516150514e-08, 2.21295142211e-08, 1.06834061597e-08, 1.7384267359e-09, 5.41300670953e-10, 5.4940951788e-10, 7.53902010264e-11, 3.16165982284e-11, 3.0520124622e-11, 2.94503380016e-11, 2.85474630046e-11, 2.76850122688e-11, 2.67494203871e-11, 2.58440699397e-11, 2.50558844506e-11, 2.43851640269e-11, 2.35378366104e-11, 2.298123844e-11, 2.24108405444e-11, 2.18468992896e-11, 2.14015697525e-11, 2.10300145354e-11, 2.07102390792e-11, 2.03095353035e-11, 1.98667714224e-11, 1.96066097385e-11, 1.94901750988e-11],
        "min": [1.33595348117e-08, 8.24566868118e-08, 1.53958765736e-07, 2.56394770304e-07, 2.97997146959e-08, 1.0047695298e-07, 8.44725391858e-08, 2.44013733663e-07, 3.49649866394e-07, 1.14343308155e-07, 1.32491877025e-07, 5.90463926642e-08, 5.10632389705e-08, 5.85662789376e-08, 7.06787091076e-08, 7.21832122963e-08, 6.31714698329e-08, 7.15147123742e-08, 7.4661357985e-08, 5.86570365613e-08, 6.02787366688e-08, 4.9460002316e-08, 1.86894215659e-08, 7.26586968369e-09, 8.27326473996e-09, 1.18930083559e-08, 1.53771253508e-08, 1.4564846218e-08, 2.07859827128e-08, 3.75973341349e-09, 3.03093772303e-09, 5.70351854634e-09, 9.20624110279e-09, 1.30751331984e-09, 1.1622393048e-09, 5.06141395462e-09, 6.40589759016e-09, 6.64105570536e-09, 7.2636963111e-09, 5.16978460041e-09, 1.10490443461e-08, 9.02846064577e-09, 3.01481017928e-09, 7.27435112147e-10, 1.15760756536e-09, 1.20860532693e-09, 4.47619052935e-10, 3.23513354994e-10, 3.24296034471e-10, 1.817623968e-10, 4.41135961093e-10, 3.97190169643e-10, 1.0897464181e-10, 9.79081149488e-10, 6.574816247e-10, 2.33613706158e-09, 3.88209331348e-09, 1.17276532929e-09, 7.90408349882e-10, 1.40778777524e-10, 3.82419984568e-10, 3.60701080115e-10, 8.57049362035e-11, 5.70575427183e-11, 1.8166027016e-10, 1.60081545242e-10, 4.73387717914e-10, 6.57732923681e-10, 1.12316420053e-10, 1.52758819483e-10, 2.35806180138e-10, 8.12489936441e-11, 6.28787716339e-11, 4.77935746535e-11, 2.09759761644e-11, 6.84890893998e-11, 7.54686382831e-11, 3.56167595417e-11, 1.23741586422e-10, 1.3324856496e-10, 2.99350849664e-10, 3.11511316742e-10, 1.32314492696e-10, 1.15224413344e-10, 5.50615004979e-11, 2.60006391417e-11, 1.93174642948e-10, 7.16923048705e-11, 4.03321907122e-12, 6.24107796693e-12, 3.11934957031e-11, 4.53333585948e-11, 6.3167582276e-11, 2.83079566732e-11, 3.61794934289e-11, 3.66665899032e-11, 2.57429581124e-12, 3.8646165261e-12, 6.76995612348e-12, 1.50550353434e-11, 1.10525356228e-11, 9.38615157819e-12, 1.81188918036e-11, 1.73597733411e-11, 6.94215648508e-12, 6.6540761616e-13, 2.82476597451e-13, 3.02209646197e-13, 2.20276921703e-13, 2.10361526917e-13, 2.2393371879e-13, 2.36666209633e-13, 2.07498799501e-13, 1.7364831361e-13, 2.6101644175e-13, 2.49505033604e-13, 1.82408775584e-13, 2.71317283961e-13, 2.53783701953e-13, 2.42820873001e-13, 2.39005538451e-13, 2.1748054746e-13, 2.55670674519e-13, 2.07126254082e-13, 1.70604348248e-13, 6.87421921144e-14, 9.63541228006e-15, 3.07813149461e-16],
        "stdev": [2.11982533074e-05, 0.000134192465339, 0.000749524566345, 0.00253918929957, 0.00476514548063, 0.00244175991975, 0.000654509058222, 0.000739386305213, 0.00089844095055, 0.000630143098533, 0.000592042633798, 0.000315018580295, 0.00046947170631, 0.000556856684852, 0.000767909747083, 0.000902438769117, 0.000651353911962, 0.00209058821201, 0.00343079701997, 0.00128572143149, 0.00105876883026, 0.00316030788235, 0.00147362775169, 0.00114025804214, 0.00100575422402, 0.00066309957765, 0.000340092345141, 0.000452113337815, 0.000252221652772, 0.00016667379532, 0.000721137912478, 0.00127867294941, 0.000308314920403, 0.000890104274731, 0.000370943540474, 0.000165935824043, 0.000351596827386, 0.000556645623874, 0.00026673002867, 8.01451242296e-05, 0.000277555460343, 0.000129653999466, 0.000182258590939, 0.000141077034641, 9.39420424402e-05, 8.40058273752e-05, 1.94934709725e-05, 5.45971415704e-05, 2.14160882024e-05, 1.82210751518e-05, 1.72580166691e-05, 2.05488922802e-05, 6.71567931931e-06, 9.55406085268e-06, 1.48244162119e-05, 2.70047876256e-05, 5.05856587552e-05, 1.49723318827e-05, 9.92624427454e-06, 1.02830290416e-05, 3.48264870809e-06, 3.86845567846e-06, 8.3926051957e-06, 6.90864135322e-06, 2.37982067119e-06, 2.25002054322e-06, 1.79585401838e-06, 5.02923558088e-06, 4.10286293118e-06, 1.32412174025e-06, 2.07225184568e-06, 4.19084153691e-06, 5.60232729185e-06, 3.86362489735e-06, 8.85532426764e-06, 6.0349798332e-06, 6.0213251345e-06, 3.82859479942e-06, 4.05719993068e-06, 4.49405024483e-06, 4.2152282731e-06, 6.10543747825e-06, 4.49320123153e-06, 3.4545548715e-06, 2.72565671366e-06, 1.2032670611e-06, 1.76453534095e-06, 1.05671313122e-06, 1.09299821816e-06, 9.98079940473e-07, 9.85960127764e-07, 9.25867766455e-07, 1.20618881283e-06, 1.17839294944e-06, 5.32151204879e-07, 4.51977541616e-07, 3.41388982861e-07, 3.30819432293e-07, 3.74138011239e-07, 2.33274988659e-07, 1.06834832536e-07, 1.0196485789e-07, 6.16205468873e-08, 2.92972401894e-08, 4.71891192788e-09, 1.8857972961e-09, 2.00734651123e-09, 6.80672851416e-10, 6.39945707537e-10, 6.18040452149e-10, 5.96401317221e-10, 5.77781489319e-10, 5.60396506977e-10, 5.41534428411e-10, 5.22923371271e-10, 5.06802710909e-10, 4.91648000089e-10, 4.7620107857e-10, 4.6561773881e-10, 4.53879128726e-10, 4.4261999621e-10, 4.33307667524e-10, 4.25567331375e-10, 4.19603685131e-10, 4.13515777176e-10, 4.0833342263e-10, 4.05177918994e-10, 4.03094529977e-10]
    },
    "mfcc": {
        "mean": [-742.595153809, 161.100189209, -3.92251110077, 14.961933136, -8.89015197754, 3.5344119072, -2.16477704048, 2.02761387825, -2.25817584991, -4.12180185318, -0.40276876092, 3.7813911438, -0.183099195361],
        "cov": [[7577.34472656, -12.957493782, -1781.74182129, -626.952636719, -562.649230957, -72.4042205811, -193.948944092, 292.20614624, -63.3125801086, -73.0129089355, 238.175033569, 189.377380371, -127.024131775], [-12.957493782, 2269.51586914, -122.096580505, -367.99621582, 28.6433162689, -336.032958984, -137.87828064, -72.6192398071, -129.815139771, -114.819068909, 28.999080658, -10.0320882797, 50.3177947998], [-1781.74182129, -122.096580505, 1115.80383301, 417.544372559, 162.073608398, 121.45539856, 122.305084229, -99.8927001953, 39.9305763245, 13.4515180588, -151.741119385, -81.9690933228, 49.0452804565], [-626.952636719, -367.99621582, 417.544372559, 631.250366211, 248.101867676, 67.3684082031, -95.2204589844, -138.162628174, 11.0820188522, 59.721988678, -36.1623573303, -61.0779533386, 9.61812591553], [-562.649230957, 28.6433162689, 162.073608398, 248.101867676, 305.239654541, 18.0949211121, -100.401359558, -97.9175338745, -5.30894804001, 35.4992904663, 1.16677522659, -33.6186981201, 16.84674263], [-72.4042205811, -336.032958984, 121.45539856, 67.3684082031, 18.0949211121, 229.155197144, 189.376205444, 63.923538208, 75.8587417603, 50.5210113525, -0.174292057753, 10.9325447083, 17.4212284088], [-193.948944092, -137.87828064, 122.305084229, -95.2204589844, -100.401359558, 189.376205444, 397.584350586, 226.613037109, 115.716682434, -6.74561548233, -54.196182251, 22.9545726776, 53.1181640625], [292.20614624, -72.6192398071, -99.8927001953, -138.162628174, -97.9175338745, 63.923538208, 226.613037109, 275.605987549, 97.8573608398, -48.6940422058, -30.5864524841, 23.7035503387, 26.3778839111], [-63.3125801086, -129.815139771, 39.9305763245, 11.0820188522, -5.30894804001, 75.8587417603, 115.716682434, 97.8573608398, 142.714324951, 41.7951545715, -26.7684345245, 3.72736120224, 20.9173164368], [-73.0129089355, -114.819068909, 13.4515180588, 59.721988678, 35.4992904663, 50.5210113525, -6.74561548233, -48.6940422058, 41.7951545715, 114.882675171, 57.5760917664, 4.82794332504, -11.0830450058], [238.175033569, 28.999080658, -151.741119385, -36.1623573303, 1.16677522659, -0.174292057753, -54.196182251, -30.5864524841, -26.7684345245, 57.5760917664, 135.018493652, 52.7554588318, -31.7642230988], [189.377380371, -10.0320882797, -81.9690933228, -61.0779533386, -33.6186981201, 10.9325447083, 22.9545726776, 23.7035503387, 3.72736120224, 4.82794332504, 52.7554588318, 96.2617645264, 22.7949829102], [-127.024131775, 50.3177947998, 49.0452804565, 9.61812591553, 16.84674263, 17.4212284088, 53.1181640625, 26.3778839111, 20.9173164368, -11.0830450058, -31.7642230988, 22.7949829102, 82.5882415771]],
        "icov": [[0.000284777226625, -0.000107592648419, 0.00039687557728, -0.000206480646739, 0.000555360573344, -0.000745024241041, 0.000723415403627, -0.000582472130191, 0.000262285670033, -0.000167153601069, 0.000389744382119, -0.000383295118809, 0.000223371273023], [-0.000107592648419, 0.000858178769704, -0.000296571204672, 0.000688746571541, -0.000782594957855, 0.00183562748134, -0.00110930763185, 0.00099750503432, -0.000533480138984, 0.00112106406596, -0.00163901119959, 0.00114235072397, -0.00108523876406], [0.00039687557728, -0.000296571204672, 0.00234077638015, -0.00133215636015, 0.000596907862928, -0.00100775237661, -0.000549822289031, 0.00069276423892, 0.000248167169048, -0.000168858096004, 0.00213993387297, -0.000723895966075, 0.000716672220733], [-0.000206480646739, 0.000688746571541, -0.00133215636015, 0.00387503625825, -0.0023426618427, 0.000302160828141, 0.00047976168571, 0.000626854132861, -0.000473892083392, -2.94891869999e-05, -0.000740413554013, 0.00135150260758, -0.0010337572312], [0.000555360573344, -0.000782594957855, 0.000596907862928, -0.0023426618427, 0.00721427565441, -0.00380262592807, 0.00390671566129, -0.00151466846, 3.64169318345e-05, -0.000390555389458, -0.000154826266225, 0.000765404605772, -0.00178149936255], [-0.000745024241041, 0.00183562748134, -0.00100775237661, 0.000302160828141, -0.00380262592807, 0.0156421866268, -0.01061684452, 0.00533446157351, -0.00300681591034, 0.000716199341696, -0.00504984380677, 0.00213556387462, -0.000774233951233], [0.000723415403627, -0.00110930763185, -0.000549822289031, 0.00047976168571, 0.00390671566129, -0.01061684452, 0.0147236147895, -0.0100790653378, 0.00267989537679, -0.00433491682634, 0.00509945536032, -0.00252249301411, -0.00135180156212], [-0.000582472130191, 0.00099750503432, 0.00069276423892, 0.000626854132861, -0.00151466846, 0.00533446157351, -0.0100790653378, 0.0162828881294, -0.0102081773803, 0.0117488885298, -0.00726767722517, 0.00355478189886, -0.00113661168143], [0.000262285670033, -0.000533480138984, 0.000248167169048, -0.000473892083392, 3.64169318345e-05, -0.00300681591034, 0.00267989537679, -0.0102081773803, 0.0196027588099, -0.0154737140983, 0.0113517260179, -0.00499207526445, 0.00150232808664], [-0.000167153601069, 0.00112106406596, -0.000168858096004, -2.94891869999e-05, -0.000390555389458, 0.000716199341696, -0.00433491682634, 0.0117488885298, -0.0154737140983, 0.028526455164, -0.018580308184, 0.00840785354376, -0.00359178893268], [0.000389744382119, -0.00163901119959, 0.00213993387297, -0.000740413554013, -0.000154826266225, -0.00504984380677, 0.00509945536032, -0.00726767722517, 0.0113517260179, -0.018580308184, 0.0287361834198, -0.0162896513939, 0.0107314549387], [-0.000383295118809, 0.00114235072397, -0.000723895966075, 0.00135150260758, 0.000765404605772, 0.00213556387462, -0.00252249301411, 0.00355478189886, -0.00499207526445, 0.00840785354376, -0.0162896513939, 0.0226159151644, -0.0112472642213], [0.000223371273023, -0.00108523876406, 0.000716672220733, -0.0010337572312, -0.00178149936255, -0.000774233951233, -0.00135180156212, -0.00113661168143, 0.00150232808664, -0.00359178893268, 0.0107314549387, -0.0112472642213, 0.020936222747]]
    },
    "spectral_contrast_coeffs": {
        "max": [-0.413469910622, -0.381742358208, -0.47304686904, -0.613520026207, -0.60838663578, -0.637698948383],
        "mean": [-0.692727744579, -0.733311831951, -0.744924426079, -0.80385184288, -0.813208699226, -0.779490828514],
        "min": [-0.900674700737, -0.932050704956, -0.919683456421, -0.919191122055, -0.908184945583, -0.905918776989],
        "stdev": [0.102227270603, 0.113321363926, 0.0988620445132, 0.0677749589086, 0.0605528391898, 0.0454455018044]
    },
    "spectral_contrast_valleys": {
        "max": [-5.51070928574, -4.77022790909, -5.90130090714, -6.61932420731, -6.65114688873, -9.00741004944],
        "mean": [-7.54689455032, -7.16066503525, -7.93204975128, -8.47397232056, -8.67552471161, -11.5813112259],
        "min": [-10.0622768402, -9.84339618683, -11.1293182373, -11.8427209854, -12.2462234497, -14.9747915268],
        "stdev": [0.819290697575, 0.940976977348, 1.01003265381, 0.881013393402, 0.869295716286, 0.784551799297]
    }
},
"rhythm": {
    "beats_count": 23,
    "beats_loudness": {
        "max": 0.0900381654501,
        "mean": 0.0267095249146,
        "min": 0.000241806905251,
        "stdev": 0.0222667530179
    },
    "bpm": 110.518463135,
    "bpm_histogram_first_peak_bpm": 110,
    "bpm_histogram_first_peak_weight": 0.428571462631,
    "bpm_histogram_second_peak_bpm": 115,
    "bpm_histogram_second_peak_spread": 0,
    "bpm_histogram_second_peak_weight": 0.0454545468092,
    "danceability": 1.10703420639,
    "onset_rate": 3.68356895447,
    "beats_loudness_band_ratio": {
        "max": [0.899024188519, 0.638896882534, 0.804132461548, 0.543564796448, 0.249444097281, 0.951770722866],
        "mean": [0.2808855474, 0.173668399453, 0.292769581079, 0.162325054407, 0.0463063195348, 0.0906389802694],
        "min": [0.0183229278773, 0.00163211009931, 0.00448501948267, 0.00603513373062, 0.000393272872316, 0.000177261201316],
        "stdev": [0.2480147928, 0.175946176052, 0.22190438211, 0.160044953227, 0.0569407604635, 0.208555087447]
    },
    "beats_position": [0.545668900013, 1.09133780003, 1.63700675964, 2.18267560005, 2.72834467888, 3.27401351929, 3.83129239082, 4.38857126236, 4.94585037231, 5.47990942001, 6.025578022, 6.57124710083, 7.10530614853, 7.65097475052, 8.19664382935, 8.73070240021, 9.26476192474, 9.79882049561, 10.3444900513, 10.8901586533, 11.4242172241, 11.9466667175, 12.4923353195],
