{
"metadata": {
    "version": {
        "essentia": "2.1-beta5",
        "essentia_git_sha": "Undefined",
        "extractor": "music 2.0"
    },
    "audio_properties": {
        "analysis": {
            "equal_loudness": 0,
            "length": 29.0017242432,
            "sample_rate": 44100,
            "start_time": 0,
            "downmix": "mix"
        },
        "bit_rate": 192000,
        "length": 190.450088501,
        "lossless": 0,
        "number_channels": 2,
        "replay_gain": -0.431001663208,
        "sample_rate": 48000,
        "codec": "mp3",
        "md5_encoded": "79891ccac082eea2e97381a9fcda9cf1"
    },
    "tags": {
        "file_name": "Spain_Algo Prodigioso_José Guardiola.mp3",
        "encoding": ["Lavf58.29.100"]
    }
},
"lowlevel": {
    "average_loudness": 0.809946060181,
    "barkbands_crest": {
        "max": 24.3022766113,
        "mean": 10.3247108459,
        "min": 3.06382846832,
        "stdev": 3.79145145416
    },
    "barkbands_flatness_db": {
        "max": 0.432312846184,
        "mean": 0.224047675729,
        "min": 0.0325483419001,
        "stdev": 0.0967269539833
    },
    "barkbands_kurtosis": {
        "max": 163.777175903,
        "mean": 11.3899097443,
        "min": -1.91438674927,
        "stdev": 15.523235321
    },
    "barkbands_skewness": {
        "max": 8.72568035126,
        "mean": 1.59089076519,
        "min": -7.58463001251,
        "stdev": 1.74159288406
    },
    "barkbands_spread": {
        "max": 77.850730896,
        "mean": 12.7355527878,
        "min": 0.403361797333,
        "stdev": 15.4704589844
    },
    "dissonance": {
        "max": 0.500000178814,
        "mean": 0.409464657307,
        "min": 0.0690940693021,
        "stdev": 0.0870746672153
    },
    "dynamic_complexity": 8.47499847412,
    "erbbands_crest": {
        "max": 29.5587100983,
        "mean": 11.0100221634,
        "min": 2.34280943871,
        "stdev": 5.16980838776
    },
    "erbbands_flatness_db": {
        "max": 0.455349445343,
        "mean": 0.234650954604,
        "min": 0.0672181546688,
        "stdev": 0.0960962995887
    },
    "erbbands_kurtosis": {
        "max": 72.2610931396,
        "mean": 6.56127357483,
        "min": -1.78681516647,
        "stdev": 9.17954349518
    },
    "erbbands_skewness": {
        "max": 5.67075395584,
        "mean": 1.14288461208,
        "min": -7.01231956482,
        "stdev": 1.59679746628
    },
    "erbbands_spread": {
        "max": 107.784843445,
        "mean": 25.7878189087,
        "min": 1.18062281609,
        "stdev": 24.0657024384
    },
    "hfc": {
        "max": 294.799407959,
        "mean": 5.61357831955,
        "min": 1.18645638692e-16,
        "stdev": 16.8539066315
    },
    "loudness_ebu128": {
        "integrated": -27.2220687866,
        "loudness_range": 3.91805076599,
        "momentary": {
            "max": -19.6381263733,
            "mean": -30.2148170471,
            "min": -50.6782608032,
            "stdev": 5.53247404099
        },
        "short_term": {
            "max": -24.4490375519,
            "mean": -27.8411769867,
            "min": -30.7254810333,
            "stdev": 1.36503517628
        }
    },
    "melbands_crest": {
        "max": 32.0736656189,
        "mean": 13.1958456039,
        "min": 1.99143731594,
        "stdev": 4.83853530884
    },
    "melbands_flatness_db": {
        "max": 0.520326256752,
        "mean": 0.302779942751,
        "min": 0.00623623188585,
        "stdev": 0.115094229579
    },
    "melbands_kurtosis": {
        "max": 269.250152588,
        "mean": 17.5782718658,
        "min": -1.862175107,
        "stdev": 27.8425941467
    },
    "melbands_skewness": {
        "max": 12.8559989929,
        "mean": 2.09729981422,
        "min": -3.34523940086,
        "stdev": 2.12227129936
    },
    "melbands_spread": {
        "max": 184.653182983,
        "mean": 16.017206192,
        "min": 0.454565376043,
        "stdev": 26.0315933228
    },
    "pitch_salience": {
        "max": 0.925921142101,
        "mean": 0.702873766422,
        "min": 0.193206846714,
        "stdev": 0.122873201966
    },
    "silence_rate_20dB": {
        "max": 1,
        "mean": 0.999199986458,
        "min": 0,
        "stdev": 0.028273133561
    },
    "silence_rate_30dB": {
        "max": 1,
        "mean": 0.985599994659,
        "min": 0,
        "stdev": 0.119131840765
    },
    "silence_rate_60dB": {
        "max": 1,
        "mean": 0.532000005245,
        "min": 0,
        "stdev": 0.498974502087
    },
    "spectral_centroid": {
        "max": 11210.3544922,
        "mean": 962.477722168,
        "min": 133.10609436,
        "stdev": 961.632385254
    },
    "spectral_complexity": {
        "max": 32,
        "mean": 4.25680017471,
        "min": 0,
        "stdev": 4.42671585083
    },
    "spectral_decrease": {
        "max": -2.78518449186e-29,
        "mean": -2.95440272247e-09,
        "min": -9.71734550603e-08,
        "stdev": 7.27237559062e-09
    },
    "spectral_energy": {
        "max": 0.390815705061,
        "mean": 0.0116597637534,
        "min": 1.08666159694e-20,
        "stdev": 0.0289329271764
    },
    "spectral_energyband_high": {
        "max": 0.00272787641734,
        "mean": 2.13049497688e-05,
        "min": 7.97101934412e-21,
        "stdev": 0.000116510091175
    },
    "spectral_energyband_low": {
        "max": 0.0128459371626,
        "mean": 0.000718477007467,
        "min": 3.40784503176e-23,
        "stdev": 0.00113409513142
    },
    "spectral_energyband_middle_high": {
        "max": 0.165433362126,
        "mean": 0.000845984963235,
        "min": 1.51688081846e-21,
        "stdev": 0.00549849169329
    },
    "spectral_energyband_middle_low": {
        "max": 0.375590950251,
        "mean": 0.0104114469141,
        "min": 3.48207545455e-22,
        "stdev": 0.0259525831789
    },
    "spectral_entropy": {
        "max": 9.80058860779,
        "mean": 6.78142166138,
        "min": 4.70490455627,
        "stdev": 0.947422206402
    },
    "spectral_flux": {
        "max": 0.514321208,
        "mean": 0.054075807333,
        "min": 1.0424305863e-10,
        "stdev": 0.0599883757532
    },
    "spectral_kurtosis": {
        "max": 127.181137085,
        "mean": 17.3544216156,
        "min": -1.22093069553,
        "stdev": 20.6493854523
    },
    "spectral_rms": {
        "max": 0.0195264853537,
        "mean": 0.00220714416355,
        "min": 3.25600614179e-12,
        "stdev": 0.00255027203821
    },
    "spectral_rolloff": {
        "max": 18884.6191406,
        "mean": 973.628295898,
        "min": 64.599609375,
        "stdev": 1351.60949707
    },
    "spectral_skewness": {
        "max": 8.96923828125,
        "mean": 2.69486260414,
        "min": -0.556325554848,
        "stdev": 1.82194840908
    },
    "spectral_spread": {
        "max": 41221568,
        "mean": 3243396,
        "min": 642437.6875,
        "stdev": 1940414.5
    },
    "spectral_strongpeak": {
        "max": 13.3403215408,
        "mean": 0.581839323044,
        "min": 0,
        "stdev": 1.05948519707
    },
    "zerocrossingrate": {
        "max": 0.6806640625,
        "mean": 0.0419503897429,
        "min": 0.0078125,
        "stdev": 0.0413511916995
    },
    "barkbands": {
        "max": [0.0007161636604, 0.00225760787725, 0.00622023548931, 0.0142394080758, 0.0269479863346, 0.113364428282, 0.161014661193, 0.139143273234, 0.313196092844, 0.0842673406005, 0.0304528009146, 0.0401804670691, 0.0108382906765, 0.0049395840615, 0.00497910240665, 0.00270427716896, 0.00154577533249, 0.000910163740627, 0.000743434065953, 0.000476794084534, 0.00207916717045, 0.000506511365529, 8.43738525873e-05, 1.32727664095e-05, 6.92227501986e-07, 7.35571461519e-07, 7.74982652274e-07],
        "mean": [1.73407515831e-05, 0.000125011341879, 0.000350074289599, 0.00051289255498, 0.00127273646649, 0.00238704006188, 0.00290775997564, 0.00164581509307, 0.00146380381193, 0.000504136434756, 0.000144996010931, 0.00011369115964, 6.64428662276e-05, 4.02922305511e-05, 3.28034475388e-05, 2.15877189476e-05, 1.61318203027e-05, 6.7916757871e-06, 5.66623157283e-06, 8.03409602668e-06, 1.23171221276e-05, 3.46686169905e-06, 6.48895763788e-07, 1.88181076055e-07, 7.40997307958e-08, 3.16364641151e-08, 1.74372016826e-09],
        "min": [5.16806365951e-24, 2.04433840013e-23, 5.60418146666e-24, 1.96254867039e-23, 7.69214734584e-23, 4.6280809546e-23, 3.92486825558e-23, 9.58664792792e-23, 3.70825020645e-23, 1.53415308576e-22, 6.27916998467e-23, 9.26794686003e-23, 1.55962155474e-22, 1.15752463631e-22, 1.82975643256e-22, 7.59899991233e-23, 1.16917150493e-22, 2.82953652951e-22, 1.73767440303e-22, 2.46076033841e-22, 4.97158469287e-22, 8.83670424483e-22, 6.40859744675e-22, 7.08187117048e-22, 1.41985602632e-21, 1.58971663614e-21, 2.23964159169e-21],
        "stdev": [4.31188418588e-05, 0.000218848275836, 0.000659434590489, 0.00122889026534, 0.00244740443304, 0.00716736260802, 0.00998141709715, 0.00739683257416, 0.0108632240444, 0.00314428028651, 0.00104754359927, 0.0011941541452, 0.000433721434092, 0.000234489576542, 0.000255524151726, 0.000138902818435, 9.2893053079e-05, 4.03121084673e-05, 2.77590697806e-05, 2.97868828056e-05, 7.99324916443e-05, 2.09575355257e-05, 3.50498157786e-06, 5.92468097693e-07, 4.07414617598e-08, 2.64759183466e-08, 2.19122853196e-08]
    },
    "erbbands": {
        "max": [0.0511943474412, 0.626286566257, 5.11350679398, 33.292263031, 79.6932449341, 85.2984542847, 234.052093506, 1145.0144043, 1806.55432129, 2733.33789062, 3360.07446289, 8412.96582031, 2495.17749023, 951.700439453, 1432.9375, 1612.17749023, 698.597106934, 371.488067627, 264.170440674, 205.339782715, 142.345031738, 98.0893249512, 52.9569244385, 19.1081485748, 42.6355743408, 21.6681404114, 69.7042617798, 67.7986221313, 20.8316383362, 8.68821430206, 1.72870850563, 0.390539050102, 0.162988319993, 0.0120611358434, 0.00494695827365, 0.00289804069325, 0.0013478990877, 0.000478200643556, 0.000199252463062, 0.000453287182609],
        "mean": [0.00165711378213, 0.0397132486105, 0.34429705143, 1.145570755, 3.03763771057, 4.17987442017, 10.0387830734, 21.8324260712, 39.5918273926, 37.2589912415, 39.6231918335, 35.212638855, 19.8409309387, 8.85917568207, 5.8544678688, 4.52468395233, 3.30496668816, 2.56782102585, 1.7292201519, 1.58492839336, 1.06524693966, 0.907933473587, 0.466811239719, 0.227101862431, 0.342660009861, 0.381490975618, 0.530472815037, 0.380783110857, 0.134869754314, 0.0621267594397, 0.0150566957891, 0.00539884436876, 0.00248517515138, 0.00102601724211, 0.000461132760393, 0.000267204159172, 1.92160023289e-05, 4.03160174756e-06, 5.9207409322e-06, 1.31588440127e-05],
        "min": [4.73573320513e-22, 5.04847593718e-21, 6.5144560674e-21, 3.42015078731e-20, 8.6653437643e-20, 3.57857099651e-19, 2.35517371397e-19, 5.3216049493e-19, 4.00711310934e-19, 9.71527144961e-19, 2.39188993492e-18, 8.70220163993e-19, 4.11364487325e-18, 3.76253110505e-18, 2.46756744839e-18, 4.51477122206e-18, 7.21379910868e-18, 6.14949228429e-18, 5.26028677428e-18, 9.00292956227e-18, 4.67304478765e-18, 8.33192395809e-18, 1.12825160806e-17, 1.44317986405e-17, 7.57409664963e-18, 1.39453668095e-17, 1.19719405154e-17, 2.80879301683e-17, 3.16561987337e-17, 2.06117774935e-17, 1.7745518916e-17, 1.47519506248e-17, 1.27604438169e-17, 1.36604361757e-17, 1.19717816968e-17, 5.67411613575e-18, 2.77327355046e-18, 1.28086601748e-18, 2.93449947874e-19, 3.51722237089e-20],
        "stdev": [0.00296684796922, 0.0677815750241, 0.611193418503, 2.44742178917, 6.90693187714, 8.86618614197, 24.570734024, 70.6237411499, 132.470184326, 142.386062622, 186.37437439, 275.110595703, 107.160522461, 41.4574737549, 47.3433647156, 47.9670944214, 24.7334709167, 15.8468914032, 11.8294143677, 11.1773691177, 6.77628946304, 5.30743551254, 2.69654607773, 0.848369777203, 1.70317304134, 1.44001674652, 3.11972737312, 2.5166208744, 0.811005413532, 0.424690842628, 0.0805492177606, 0.0189037024975, 0.00696839252487, 0.000741554191336, 0.00027994409902, 0.000169996434124, 4.0901642933e-05, 1.3769985344e-05, 1.45186568261e-05, 3.2879968785e-05]
    },
    "gfcc": {
        "mean": [-225.257080078, 141.960708618, -98.4957504272, 30.444858551, -72.0727462769, -9.07010746002, -33.7769432068, -4.61606359482, -18.2203826904, 1.71933591366, -13.5809345245, -9.08873081207, -2.73193049431],
        "cov": [[8366.52148438, 3485.05493164, -893.778808594, -1826.90771484, -524.810791016, -1513.35473633, 295.870758057, -816.682861328, 414.364227295, -446.281860352, 78.3734741211, -490.594421387, 284.661254883], [3485.05493164, 2513.21801758, 415.361877441, -1462.20739746, -252.608718872, -794.559387207, -3.83622097969, -457.926696777, 169.139297485, -331.210845947, 95.4445953369, -230.031555176, 150.061050415], [-893.778808594, 415.361877441, 1173.64160156, -11.6294145584, 24.0810184479, -27.6256904602, -216.121704102, -47.6097488403, -78.3830490112, -131.556625366, 57.9039916992, 67.8659591675, -4.61686134338], [-1826.90771484, -1462.20739746, -11.6294145584, 1422.54821777, 306.012115479, 282.257568359, -161.684127808, 201.410171509, -86.0529022217, 148.830993652, -27.7243175507, 144.210174561, -52.1806755066], [-524.810791016, -252.608718872, 24.0810184479, 306.012115479, 314.203735352, 93.3487319946, -166.348831177, 38.659828186, -0.0843782052398, 47.4889793396, -9.41741943359, 26.1724529266, -19.9868965149], [-1513.35473633, -794.559387207, -27.6256904602, 282.257568359, 93.3487319946, 631.209533691, 144.638092041, 208.824493408, -123.216682434, 144.696762085, -38.3232917786, 81.5593185425, -105.034080505], [295.870758057, -3.83622097969, -216.121704102, -161.684127808, -166.348831177, 144.638092041, 359.375823975, 46.5139961243, -16.6490383148, 3.40793228149, -10.8162097931, -30.1393623352, -13.0059480667], [-816.682861328, -457.926696777, -47.6097488403, 201.410171509, 38.659828186, 208.824493408, 46.5139961243, 224.371826172, -4.91060400009, 72.5202560425, -29.490398407, 54.1915016174, -34.6351776123], [414.364227295, 169.139297485, -78.3830490112, -86.0529022217, -0.0843782052398, -123.216682434, -16.6490383148, -4.91060400009, 120.495193481, 3.95493388176, -14.957192421, -37.4660110474, 27.2636146545], [-446.281860352, -331.210845947, -131.556625366, 148.830993652, 47.4889793396, 144.696762085, 3.40793228149, 72.5202560425, 3.95493388176, 137.565216064, -2.59879994392, 17.4834499359, -29.6315670013], [78.3734741211, 95.4445953369, 57.9039916992, -27.7243175507, -9.41741943359, -38.3232917786, -10.8162097931, -29.490398407, -14.957192421, -2.59879994392, 78.3564529419, 16.0904312134, -5.31501817703], [-490.594421387, -230.031555176, 67.8659591675, 144.210174561, 26.1724529266, 81.5593185425, -30.1393623352, 54.1915016174, -37.4660110474, 17.4834499359, 16.0904312134, 97.4602584839, 1.57828474045], [284.661254883, 150.061050415, -4.61686134338, -52.1806755066, -19.9868965149, -105.034080505, -13.0059480667, -34.6351776123, 27.2636146545, -29.6315670013, -5.31501817703, 1.57828474045, 70.5945739746]],
        "icov": [[0.00127603660803, -0.00257381610572, 0.00184070738032, -0.00143889291212, 0.00102217134554, 3.61202000931e-05, -0.000298873172142, 0.000924039632082, -0.000759297981858, 0.000593704928178, 0.000397895928472, -0.000190625680261, 0.000700586591847], [-0.00257381610572, 0.00905745755881, -0.00511378608644, 0.00578082399443, -0.00389363989234, 0.00192906078883, -0.000795706349891, 5.30636425538e-05, 0.000171305044205, 0.000405731552746, -0.00308423326351, 0.00314353988506, -0.0034873210825], [0.00184070738032, -0.00511378608644, 0.00449993601069, -0.00310771283694, 0.00264653726481, -0.00143991131335, 0.00137940782588, 0.000549623218831, -0.000573843135498, 0.00218802061863, 0.000349742476828, -0.00142355286516, 0.0017739799805], [-0.00143889291212, 0.00578082399443, -0.00310771283694, 0.00496724527329, -0.00348079716787, 0.00190433510579, -0.000720573880244, -0.000200003501959, 0.000834216189105, -0.000401282974053, -0.00142839271575, 0.00110602087807, -0.00202358630486], [0.00102217134554, -0.00389363989234, 0.00264653726481, -0.00348079716787, 0.00808044336736, -0.00353128812276, 0.00424566259608, 0.000115939736133, -0.00196910044178, 0.00120993831661, 7.08876104909e-05, 0.000296427198919, 0.000894932541996], [3.61202000931e-05, 0.00192906078883, -0.00143991131335, 0.00190433510579, -0.00353128812276, 0.00760882114992, -0.00431197462603, -0.000861958716996, 0.0040162303485, -0.00407277978957, 0.00290621328168, -0.00161003845278, 0.00316513283178], [-0.000298873172142, -0.000795706349891, 0.00137940782588, -0.000720573880244, 0.00424566259608, -0.00431197462603, 0.00753315910697, -0.001875318354, -0.000165222358191, 0.00245476118289, -0.00180366763379, 0.00238016387448, -0.0013863989152], [0.000924039632082, 5.30636425538e-05, 0.000549623218831, -0.000200003501959, 0.000115939736133, -0.000861958716996, -0.001875318354, 0.0105205858126, -0.00499633746222, 0.000228800752666, 0.00168783520348, -0.0033199521713, 0.00184267840814], [-0.000759297981858, 0.000171305044205, -0.000573843135498, 0.000834216189105, -0.00196910044178, 0.0040162303485, -0.000165222358191, -0.00499633746222, 0.0167291443795, -0.005675425753, 0.00340726505965, 0.00256830104627, -0.00243090186268], [0.000593704928178, 0.000405731552746, 0.00218802061863, -0.000401282974053, 0.00120993831661, -0.00407277978957, 0.00245476118289, 0.000228800752666, -0.005675425753, 0.0161076579243, -0.00534468935803, 0.0025438319426, -6.89527732902e-05], [0.000397895928472, -0.00308423326351, 0.000349742476828, -0.00142839271575, 7.08876104909e-05, 0.00290621328168, -0.00180366763379, 0.00168783520348, 0.00340726505965, -0.00534468935803, 0.0198537036777, -0.00847466103733, 0.00688351225108], [-0.000190625680261, 0.00314353988506, -0.00142355286516, 0.00110602087807, 0.000296427198919, -0.00161003845278, 0.00238016387448, -0.0033199521713, 0.00256830104627, 0.0025438319426, -0.00847466103733, 0.0220130831003, -0.00974526721984], [0.000700586591847, -0.0034873210825, 0.0017739799805, -0.00202358630486, 0.000894932541996, 0.00316513283178, -0.0013863989152, 0.00184267840814, -0.00243090186268, -6.89527732902e-05, 0.00688351225108, -0.00974526721984, 0.0246308147907]]
    },
    "melbands": {
        "max": [0.000564654415939, 0.00177195726428, 0.00476747890934, 0.00710337888449, 0.00651909178123, 0.0261930506676, 0.0271645952016, 0.033572267741, 0.0340919196606, 0.0457779318094, 0.013011646457, 0.00465602613986, 0.00473902095109, 0.00231998041272, 0.00543307932094, 0.00132725143339, 0.000627750414424, 0.000373416551156, 0.000348152156221, 0.00020866470004, 0.000157674250659, 9.44958374021e-05, 0.000100525161542, 2.15615127672e-05, 1.10340961328e-05, 4.06419567298e-05, 1.85437420441e-05, 1.42562748806e-05, 3.41766499332e-05, 6.49401627015e-05, 2.68506501016e-05, 1.01577916212e-05, 1.10384517029e-05, 3.44681166098e-06, 1.04472030671e-06, 3.81770632885e-07, 2.43081586859e-07, 1.62343738452e-07, 2.5588198227e-08, 6.75908973236e-09],
        "mean": [2.41176931013e-05, 0.000140985968756, 0.000251941237366, 0.000265947252046, 0.000309984170599, 0.000498999143019, 0.000616980425548, 0.000391404726543, 0.000332331721438, 0.000200372785912, 9.38943921938e-05, 3.73267539544e-05, 1.98040415853e-05, 1.21937464428e-05, 1.06781571958e-05, 6.68243637847e-06, 4.43820226792e-06, 2.71510089078e-06, 2.45178694058e-06, 1.73849355178e-06, 1.13000919555e-06, 9.63809952736e-07, 6.95083599567e-07, 2.39714069039e-07, 1.64525530977e-07, 2.43596815608e-07, 2.49713849598e-07, 2.48285601856e-07, 3.23634054666e-07, 3.24649022332e-07, 1.80301995556e-07, 7.81080942147e-08, 5.23869125857e-08, 2.52582541549e-08, 8.72366623383e-09, 4.1122789618e-09, 2.90338020292e-09, 1.95204874487e-09, 1.01702601896e-09, 8.04705080348e-10],
        "min": [5.63825513017e-24, 4.79385210633e-24, 7.60938305734e-24, 1.49981974501e-23, 1.14947746622e-23, 1.05888136665e-23, 7.36581594196e-24, 1.16072457169e-23, 1.75447587813e-23, 4.96990219455e-24, 2.14374718042e-23, 1.63084496598e-23, 7.66745268629e-24, 8.09308416543e-24, 1.84532251993e-23, 1.33998879478e-23, 1.1419544942e-23, 6.08859018298e-24, 1.94106751463e-23, 5.20070790706e-24, 5.42498382343e-24, 7.37693099212e-24, 1.19400164346e-23, 9.74198410649e-24, 1.23149714891e-23, 5.58595286329e-24, 5.55848393771e-24, 1.01529506614e-23, 4.86572482898e-24, 1.35578273673e-23, 1.70711503597e-23, 1.87128487895e-23, 1.46259182117e-23, 1.01851511747e-23, 8.36460930014e-24, 1.32968737576e-23, 7.30584515823e-24, 9.06892955987e-24, 8.97836911681e-24, 1.23733976832e-23],
        "stdev": [4.03942431149e-05, 0.000227211974561, 0.00046429579379, 0.000573392666411, 0.000701648008544, 0.00160422932822, 0.00205173878931, 0.00154679547995, 0.00179225008469, 0.00150885793846, 0.000536079867743, 0.000190213962924, 0.000155688496307, 8.14531376818e-05, 0.000156580761541, 4.71567291243e-05, 2.75007059827e-05, 1.85482585948e-05, 1.87391306099e-05, 1.15246457426e-05, 7.41190933695e-06, 5.61815386391e-06, 4.73427144243e-06, 1.09337338472e-06, 5.66126686863e-07, 1.42420401517e-06, 1.07574658159e-06, 9.3636975862e-07, 1.74190870439e-06, 2.32726574723e-06, 1.10220673832e-06, 4.25933535553e-07, 4.23668495841e-07, 1.61032176038e-07, 4.7355904087e-08, 1.55994008821e-08, 1.05247588422e-08, 6.52805232093e-09, 1.09334130638e-09, 4.87074602873e-10]
    },
    "melbands128": {
        "max": [0.000370424881112, 0.000297400518321, 0.0008832582389, 0.00141268281732, 0.00260899262503, 0.003315245267, 0.00820236094296, 0.00539025943726, 0.0111411521211, 0.012809433043, 0.00676068803295, 0.00613341061398, 0.0100824162364, 0.0199119076133, 0.0229259375483, 0.0554019100964, 0.0531713962555, 0.0347266979516, 0.0634850636125, 0.0380463562906, 0.0532751791179, 0.0169621743262, 0.0565866529942, 0.0838375911117, 0.0952330231667, 0.0130032356828, 0.00949919037521, 0.0169841237366, 0.0247313212603, 0.0027975293342, 0.00261141452938, 0.00204109679908, 0.00766305858269, 0.00567838083953, 0.000915235548746, 0.000870178977493, 0.00544145936146, 0.0109789762646, 0.000634815718513, 0.000402573437896, 0.0029261035379, 0.000813649385236, 0.000632684270386, 0.000978574389592, 0.000637502642348, 0.000422984914621, 0.00103622174356, 0.000438582297647, 0.000709580897819, 0.000404718535719, 0.000219703550101, 0.000263231922872, 0.000164832366863, 0.00019478116883, 8.24239177746e-05, 0.000131859153043, 0.000127176113892, 0.000129023945192, 0.000116989758681, 3.06492838718e-05, 2.29396064242e-05, 1.31778779178e-05, 8.06741627457e-06, 8.13208771433e-06, 2.30139485211e-05, 6.27818371868e-05, 2.81371030724e-05, 2.77453127637e-05, 1.92731786228e-05, 1.4705958165e-05, 2.71321951004e-05, 2.02453156817e-05, 2.03963754757e-05, 4.15994909417e-05, 6.74455877743e-05, 4.62697644252e-05, 0.000103610713268, 4.18300223828e-05, 1.46774855239e-05, 1.30020853248e-05, 6.57829968986e-06, 1.52222892211e-05, 1.46753518493e-05, 1.18884890981e-05, 6.82582458467e-06, 3.9371893763e-06, 2.58582622337e-06, 2.03362287721e-06, 9.98849941425e-07, 9.2992968348e-07, 6.01398312483e-07, 1.28845698555e-07, 2.56839996382e-07, 2.71507076377e-07, 2.90367012212e-07, 3.19751450206e-07, 1.34730242962e-07, 6.2900760156e-08, 1.74509171558e-08, 7.85755016608e-09, 1.55853481232e-08, 7.26107529658e-09, 6.32519059351e-09, 6.25421359146e-09, 8.76192096655e-09, 8.21882650826e-09, 5.29776444935e-09, 5.48626788444e-09, 1.05960902275e-08, 4.86472551131e-09, 4.71431826909e-09, 4.39481917525e-09, 4.30388213957e-09, 4.00642541365e-09, 4.04939903831e-09, 3.75716568968e-09, 3.74884612242e-09, 3.58789375987e-09, 3.52604789811e-09, 3.42840422718e-09, 3.36967320713e-09, 3.27017191104e-09, 3.20857562741e-09, 3.15720516397e-09, 3.11448977719e-09, 3.07501402119e-09, 3.04346015056e-09, 3.02915692529e-09],
        "mean": [7.86380314821e-06, 9.69606480794e-06, 1.84611180885e-05, 7.36754009267e-05, 0.000154223482241, 0.000172969215782, 0.000218275410589, 0.000268538860837, 0.000317676720442, 0.000296048761811, 0.000208071491215, 0.000202504306799, 0.000336008612067, 0.00044346699724, 0.000460604176624, 0.000546145485714, 0.000615197699517, 0.00065453897696, 0.000633986084722, 0.000353602954419, 0.000318313279422, 0.000315408193273, 0.000346928311046, 0.000336663477356, 0.000265755283181, 0.000123307472677, 9.16446806514e-05, 0.000110021785076, 8.13778897282e-05, 4.11554065067e-05, 2.51912406384e-05, 1.76873418241e-05, 2.25347303058e-05, 1.96066685021e-05, 1.12215129775e-05, 1.01163568615e-05, 1.20636977954e-05, 1.56172627612e-05, 5.05865045852e-06, 5.94107723373e-06, 8.52205994306e-06, 5.57624161956e-06, 4.40243684352e-06, 4.08868527302e-06, 2.70365308097e-06, 2.41374777943e-06, 2.81596271634e-06, 2.29437409871e-06, 2.62038111032e-06, 2.00555314223e-06, 1.60869615229e-06, 1.46217576003e-06, 1.15392958833e-06, 1.03413390207e-06, 9.52741231686e-07, 1.0125869494e-06, 8.99520159692e-07, 8.81598964497e-07, 6.0840579863e-07, 3.35215162295e-07, 2.23458528126e-07, 1.65123594797e-07, 1.43641699424e-07, 1.64393441082e-07, 1.9407754337e-07, 2.59904822997e-07, 2.62335078105e-07, 2.47486838134e-07, 2.54486508311e-07, 2.41939488888e-07, 2.40025201492e-07, 2.4987033953e-07, 2.81901435528e-07, 3.52237321977e-07, 3.60012592182e-07, 3.14461402695e-07, 3.51553950395e-07, 2.35034008256e-07, 1.58603498335e-07, 1.20334192388e-07, 8.31461406392e-08, 6.26825027439e-08, 5.43084652804e-08, 5.52387326991e-08, 4.93487348763e-08, 3.04542844276e-08, 1.68782374743e-08, 1.2219049772e-08, 8.17895262628e-09, 6.83424206116e-09, 4.60468108088e-09, 3.23847171302e-09, 3.27085225571e-09, 2.96481017514e-09, 2.70555267079e-09, 2.41482567276e-09, 1.80779735626e-09, 1.27447163933e-09, 1.00050501217e-09, 8.86363260566e-10, 8.26340718074e-10, 7.89115717215e-10, 8.30680191299e-10, 4.67864358367e-10, 4.04382888286e-10, 4.17491818894e-10, 5.22160648053e-10, 7.70833341601e-10, 6.94253377009e-10, 1.47036854914e-10, 2.0468987616e-11, 1.75180599193e-11, 2.10745206009e-11, 2.3971200025e-11, 3.41228260925e-11, 5.12989685453e-11, 1.24762084344e-11, 9.91259244826e-12, 1.54467862112e-11, 9.4908187212e-12, 5.933614277e-12, 5.95311950777e-12, 5.38547114889e-12, 4.77207379515e-12, 4.4969050185e-12, 4.08158186069e-12, 3.84723026006e-12, 3.80034849076e-12],
        "min": [1.88120271435e-24, 2.38826199385e-24, 9.39026573873e-24, 7.91929258598e-24, 3.1369894033e-24, 3.27131151064e-24, 5.56825555775e-24, 1.19302960905e-23, 5.79555360024e-24, 1.18666484261e-23, 2.41925085623e-23, 2.04053719498e-23, 5.21843992249e-24, 4.03341228181e-24, 1.23926545668e-23, 1.64923473363e-23, 3.22931926137e-24, 5.29797366782e-24, 1.22964514017e-23, 1.13483557673e-23, 6.73509877127e-24, 2.38565689903e-23, 2.60108408374e-23, 2.32174188966e-24, 7.81865434625e-25, 7.97144970245e-24, 9.48628509925e-24, 2.47268829395e-23, 3.35822378756e-23, 1.23248417168e-23, 1.73001172374e-23, 6.89781079931e-24, 5.81775687928e-24, 8.85251582572e-24, 8.06281478363e-24, 4.82830363422e-24, 1.2555399727e-23, 2.262739906e-23, 1.87501287782e-23, 1.64145719619e-23, 9.57159882843e-24, 1.47656948978e-23, 8.43078684148e-24, 1.46803795909e-23, 8.25654561132e-24, 2.19699694813e-24, 2.61505910967e-24, 3.20281124725e-23, 1.99919993691e-23, 4.56303653306e-24, 5.42834160987e-24, 2.1853265399e-24, 7.5661258696e-24, 4.43447429362e-24, 5.27095675953e-24, 7.75672570835e-24, 1.05442477585e-23, 8.65025898937e-24, 1.65931085397e-23, 8.94608340655e-24, 3.41479110981e-24, 1.55990948897e-23, 1.79031162025e-23, 8.74602275896e-24, 9.29917123684e-24, 3.27218714625e-24, 5.47295051077e-24, 5.05479427758e-24, 2.90299669273e-24, 9.5590646175e-24, 1.59866496307e-23, 6.11086722051e-24, 4.75384187008e-24, 3.74421626838e-24, 5.77007891503e-24, 1.07632079356e-23, 2.0782501105e-23, 1.63447262174e-23, 1.33782573818e-23, 2.15625220349e-23, 1.81583758142e-23, 1.75620032807e-23, 2.05551419258e-23, 1.18932866811e-23, 1.36775038775e-23, 1.03439630744e-23, 1.01030567869e-23, 6.70169366738e-24, 6.65267069529e-24, 7.91962942959e-24, 2.11287037573e-23, 1.03149243156e-23, 9.59335245675e-24, 6.89167188374e-24, 5.26655688783e-24, 1.10949775888e-23, 9.58137518163e-24, 6.64237606047e-24, 9.80418815544e-24, 9.5441448912e-24, 9.71632956099e-24, 1.26188059999e-23, 1.54232309727e-23, 1.77847886444e-23, 1.78236905311e-23, 8.99768437608e-24, 7.66494489747e-24, 8.54275460292e-24, 8.19204203282e-24, 1.14501827218e-23, 1.42868815719e-23, 8.23017556898e-24, 7.84997222279e-24, 7.54936888625e-24, 7.50542617839e-24, 1.29227761948e-23, 1.02446494307e-23, 8.96377676779e-24, 1.12399252581e-23, 9.31577123686e-24, 8.40201550655e-24, 7.24193480313e-24, 1.04393971001e-23, 1.00073214163e-23, 1.20646903786e-23, 9.51470144678e-24, 1.3740040037e-23, 1.21200644698e-23],
        "stdev": [1.97127519641e-05, 2.15197833313e-05, 4.19148564106e-05, 0.000136389688123, 0.000305936147925, 0.000333321571816, 0.000557482009754, 0.000642219558358, 0.000848232884891, 0.000878542428836, 0.000563590729143, 0.000516618776601, 0.000943073246162, 0.00152711651754, 0.00159079465084, 0.00282314443029, 0.00283421785571, 0.00254209269769, 0.00318567757495, 0.00167140970007, 0.0020417990163, 0.00132846459746, 0.00252021010965, 0.00312867690809, 0.00289867981337, 0.000684538448695, 0.000479653535876, 0.000762744050007, 0.000802060414571, 0.000201444825507, 0.00012332033657, 8.82398089743e-05, 0.000237917120103, 0.000201527334866, 5.80250089115e-05, 5.53315185243e-05, 0.000161277625011, 0.000312697549816, 3.10577415803e-05, 3.1180359656e-05, 9.07624416868e-05, 3.81817881134e-05, 2.90433890768e-05, 3.23462263623e-05, 2.23742354137e-05, 1.84504988283e-05, 3.2724612538e-05, 2.0445764676e-05, 2.82540804619e-05, 1.55448251462e-05, 1.13514879558e-05, 1.30668177007e-05, 8.01700571174e-06, 7.76944489189e-06, 4.97749579154e-06, 6.7766554821e-06, 5.94252969677e-06, 6.60439809508e-06, 4.63819742436e-06, 1.68458495864e-06, 1.09397615233e-06, 6.72312125971e-07, 4.98951635564e-07, 5.71120324366e-07, 9.31126066916e-07, 1.99506348508e-06, 1.3462276911e-06, 1.2398003264e-06, 1.2021649809e-06, 9.80099230219e-07, 1.08220149286e-06, 1.00287377336e-06, 1.19052072023e-06, 1.99241003429e-06, 2.74462536254e-06, 1.99007308765e-06, 3.2402533634e-06, 1.68769463471e-06, 8.59695433064e-07, 6.40188659418e-07, 4.08072793334e-07, 4.84284271351e-07, 4.69873583597e-07, 4.99278939969e-07, 3.74090205923e-07, 1.87684548791e-07, 1.03057438139e-07, 7.85575053897e-08, 4.15997725156e-08, 4.00708977111e-08, 2.12861390736e-08, 8.30918711614e-09, 1.01938519848e-08, 1.16545963991e-08, 1.19677148191e-08, 1.07320810017e-08, 5.37220090635e-09, 2.3524053816e-09, 1.10201381354e-09, 7.92435728147e-10, 7.74740438469e-10, 5.85667458974e-10, 5.71807490246e-10, 4.06680078502e-10, 4.62308635818e-10, 4.22540280542e-10, 3.67720076611e-10, 4.69399297209e-10, 6.17503548295e-10, 1.94410654242e-10, 1.40954220518e-10, 1.24780061284e-10, 1.22521340296e-10, 1.60074814515e-10, 1.18835316587e-10, 1.11442292894e-10, 1.06083503093e-10, 1.01664794638e-10, 1.00824924798e-10, 9.72095182128e-11, 9.53213202814e-11, 9.25108531447e-11, 9.07580469112e-11, 8.92919141404e-11, 8.80895772992e-11, 8.69833649553e-11, 8.60965257421e-11, 8.56925988502e-11]
    },
    "mfcc": {
        "mean": [-870.943786621, 167.746643066, 20.4682998657, 35.7984237671, -13.5847682953, 0.198708623648, -10.3718271255, -10.5445098877, -0.387650132179, -1.85512793064, -5.05889749527, 1.30465698242, -2.49524760246],
        "cov": [[7341.12255859, 3309.04150391, -1117.28845215, -385.484008789, -1213.84667969, -591.748840332, -656.978515625, -511.810760498, 8.65750980377, -209.841705322, -192.123580933, 18.1901168823, -162.95526123], [3309.04150391, 3646.23828125, 302.086151123, -850.833679199, -535.900268555, -579.299377441, -444.410675049, -346.409301758, -112.4506073, -300.447021484, -194.911560059, -11.826997757, -64.1965484619], [-1117.28845215, 302.086151123, 937.662658691, 56.9297142029, 148.620864868, -26.2096042633, 27.3136234283, 63.3332595825, -105.710945129, -100.155990601, -58.6851654053, -45.0128936768, 43.5199661255], [-385.484008789, -850.833679199, 56.9297142029, 782.587890625, 353.854522705, 42.4245033264, -71.487991333, 0.17242282629, -45.7098922729, -5.4681634903, -44.2191047668, -15.5954856873, 26.6488761902], [-1213.84667969, -535.900268555, 148.620864868, 353.854522705, 665.703125, 92.3904190063, -38.1089324951, -1.54944336414, -61.1790885925, 1.35253572464, -10.352596283, -3.03865098953, 21.2421531677], [-591.748840332, -579.299377441, -26.2096042633, 42.4245033264, 92.3904190063, 281.200897217, 178.131011963, 65.8866348267, 19.7762374878, 55.0283279419, 60.2322731018, 13.8165988922, -3.99391818047], [-656.978515625, -444.410675049, 27.3136234283, -71.487991333, -38.1089324951, 178.131011963, 286.02532959, 135.77885437, 18.9109783173, 59.6032562256, 66.3656768799, 14.800163269, 15.150349617], [-511.810760498, -346.409301758, 63.3332595825, 0.17242282629, -1.54944336414, 65.8866348267, 135.77885437, 177.270278931, 46.1417350769, 32.8626899719, 36.4262504578, -1.5473190546, 20.3977947235], [8.65750980377, -112.4506073, -105.710945129, -45.7098922729, -61.1790885925, 19.7762374878, 18.9109783173, 46.1417350769, 145.725448608, 57.671207428, 15.7042684555, 17.5904273987, -15.8082170486], [-209.841705322, -300.447021484, -100.155990601, -5.4681634903, 1.35253572464, 55.0283279419, 59.6032562256, 32.8626899719, 57.671207428, 143.805099487, 72.3610610962, -11.754322052, -10.9770689011], [-192.123580933, -194.911560059, -58.6851654053, -44.2191047668, -10.352596283, 60.2322731018, 66.3656768799, 36.4262504578, 15.7042684555, 72.3610610962, 113.243408203, 14.7345809937, -11.5244140625], [18.1901168823, -11.826997757, -45.0128936768, -15.5954856873, -3.03865098953, 13.8165988922, 14.800163269, -1.5473190546, 17.5904273987, -11.754322052, 14.7345809937, 78.2831420898, 13.4279489517], [-162.95526123, -64.1965484619, 43.5199661255, 26.6488761902, 21.2421531677, -3.99391818047, 15.150349617, 20.3977947235, -15.8082170486, -10.9770689011, -11.5244140625, 13.4279489517, 67.0405883789]],
        "icov": [[0.00177375914063, -0.00223419861868, 0.00254291296005, -0.00264787836932, 0.00274370796978, -0.00201668101363, 0.00178319693077, -0.00110076565761, 0.00114424305502, -0.00088797044009, 0.000618962338194, -0.000358908146154, 0.000818983768113], [-0.00223419861868, 0.00379436532967, -0.00358488666825, 0.00430906750262, -0.00322830746882, 0.00357300974429, -0.00182522006799, 0.00242673419416, -0.00138032704126, 0.00200417474844, -0.000513153034262, 0.000306361820549, -0.000419982388848], [0.00254291296005, -0.00358488666825, 0.00520520843565, -0.00407640077174, 0.00349862943403, -0.00302240112796, 0.00211684103124, -0.00269361282699, 0.00225553358905, -0.000783910450991, 0.00100008118898, 0.000357803655788, 0.000545932678506], [-0.00264787836932, 0.00430906750262, -0.00407640077174, 0.006760885939, -0.00465501705185, 0.00347641622648, -0.00129992200527, 0.00190566852689, -0.00101295136847, 0.00157091557048, 0.000324515451211, 0.000323036452755, -0.000945702544414], [0.00274370796978, -0.00322830746882, 0.00349862943403, -0.00465501705185, 0.00665810983628, -0.00422237906605, 0.00417525647208, -0.00199931976385, 0.002830253914, -0.00201617344283, 0.00133698759601, -0.00127661367878, 0.00128332385793], [-0.00201668101363, 0.00357300974429, -0.00302240112796, 0.00347641622648, -0.00422237906605, 0.0109919058159, -0.00733196176589, 0.00430681044236, -0.00275338906795, 0.00275148078799, -0.00218726368621, 0.000648041081149, 0.000734362285584], [0.00178319693077, -0.00182522006799, 0.00211684103124, -0.00129992200527, 0.00417525647208, -0.00733196176589, 0.013041684404, -0.0073693068698, 0.00466879317537, -0.00358922546729, 0.0015657414915, -0.00287664518692, 0.000622902647592], [-0.00110076565761, 0.00242673419416, -0.00269361282699, 0.00190566852689, -0.00199931976385, 0.00430681044236, -0.0073693068698, 0.0142939174548, -0.00657325331122, 0.00444093020633, -0.00385288358666, 0.00374159845524, -0.00338897272013], [0.00114424305502, -0.00138032704126, 0.00225553358905, -0.00101295136847, 0.002830253914, -0.00275338906795, 0.00466879317537, -0.00657325331122, 0.0136121567339, -0.0074579641223, 0.00551286432892, -0.00576223665848, 0.00437249848619], [-0.00088797044009, 0.00200417474844, -0.000783910450991, 0.00157091557048, -0.00201617344283, 0.00275148078799, -0.00358922546729, 0.00444093020633, -0.0074579641223, 0.0171887353063, -0.00991038326174, 0.00706554809585, -0.0021550853271], [0.000618962338194, -0.000513153034262, 0.00100008118898, 0.000324515451211, 0.00133698759601, -0.00218726368621, 0.0015657414915, -0.00385288358666, 0.00551286432892, -0.00991038326174, 0.0181219615042, -0.00643954286352, 0.00458167260513], [-0.000358908146154, 0.000306361820549, 0.000357803655788, 0.000323036452755, -0.00127661367878, 0.000648041081149, -0.00287664518692, 0.00374159845524, -0.00576223665848, 0.00706554809585, -0.00643954286352, 0.018214803189, -0.00594209879637], [0.000818983768113, -0.000419982388848, 0.000545932678506, -0.000945702544414, 0.00128332385793, 0.000734362285584, 0.000622902647592, -0.00338897272013, 0.00437249848619, -0.0021550853271, 0.00458167260513, -0.00594209879637, 0.0197098236531]]
    },
    "spectral_contrast_coeffs": {
        "max": [-0.36316037178, -0.361012756824, -0.536983251572, -0.671967029572, -0.668482899666, -0.516723752022],
        "mean": [-0.713220953941, -0.770424067974, -0.824856936932, -0.851709544659, -0.850310325623, -0.772001206875],
        "min": [-0.966461241245, -0.961036920547, -0.961781561375, -0.960739850998, -0.958829581738, -0.959114670753],
        "stdev": [0.118866451085, 0.112445026636, 0.0775664448738, 0.0448718778789, 0.0388522036374, 0.0583624318242]
    },
    "spectral_contrast_valleys": {
        "max": [-6.13577985764, -4.65433740616, -4.96927547455, -6.42358255386, -6.80875205994, -11.332277298],
        "mean": [-8.16704368591, -7.84447956085, -9.15737056732, -9.73106765747, -9.78470420837, -12.9404029846],
        "min": [-27.4835681915, -27.4301643372, -26.9002494812, -27.1518745422, -27.3888168335, -27.2798519135],
        "stdev": [1.13719880581, 1.53613388538, 1.37270092964, 1.09219074249, 0.975602030754, 0.527433812618]
    }
},
"rhythm": {
    "beats_count": 70,
    "beats_loudness": {
        "max": 0.231126621366,
        "mean": 0.0250454358757,
        "min": 2.42672722379e-05,
        "stdev": 0.0388933420181
    },
    "bpm": 178.205856323,
    "bpm_histogram_first_peak_bpm": 178,
    "bpm_histogram_first_peak_weight": 0,
    "bpm_histogram_second_peak_bpm": 120,
    "bpm_histogram_second_peak_spread": 0.571428537369,
    "bpm_histogram_second_peak_weight": 0.130434781313,
    "danceability": 1.54344809055,
    "onset_rate": 5.17003679276,
    "beats_loudness_band_ratio": {
        "max": [0.953918039799, 0.85519695282, 0.798500955105, 0.268367290497, 0.251409083605, 0.611820220947],
        "mean": [0.280081570148, 0.333170354366, 0.364014148712, 0.0496809780598, 0.0207930076867, 0.0316756032407],
        "min": [0.0363014005125, 0.0432126522064, 0.0103721413761, 0.000280620151898, 6.98639560142e-05, 4.00064709538e-05],
        "stdev": [0.208871975541, 0.224767923355, 0.254757285118, 0.0688410922885, 0.0440323092043, 0.105525970459]
    },
