{
"metadata": {
    "version": {
        "essentia": "2.1-beta5",
        "essentia_git_sha": "Undefined",
        "extractor": "music 2.0"
    },
    "audio_properties": {
        "analysis": {
            "equal_loudness": 0,
            "length": 32.4963264465,
            "sample_rate": 44100,
            "start_time": 61.4980506897,
            "downmix": "mix"
        },
        "bit_rate": 192000,
        "length": 159.880996704,
        "lossless": 0,
        "number_channels": 2,
        "replay_gain": -7.34932518005,
        "sample_rate": 48000,
        "codec": "mp3",
        "md5_encoded": "8fdf0bc602b4a6f10c0992aa6bdde132"
    },
    "tags": {
        "file_name": "Monaco_L_amour S_en Va_Françoise Hardy.mp3",
        "encoding": ["Lavf58.29.100"]
    }
},
"lowlevel": {
    "average_loudness": 0.918023109436,
    "barkbands_crest": {
        "max": 25.9961853027,
        "mean": 12.1702861786,
        "min": 3.65229177475,
        "stdev": 4.27194404602
    },
    "barkbands_flatness_db": {
        "max": 0.426659196615,
        "mean": 0.241173431277,
        "min": 0.0898666903377,
        "stdev": 0.0500706359744
    },
    "barkbands_kurtosis": {
        "max": 138.971466064,
        "mean": 6.86552286148,
        "min": -1.63876378536,
        "stdev": 8.49655723572
    },
    "barkbands_skewness": {
        "max": 8.90445041656,
        "mean": 1.86991238594,
        "min": -1.53849697113,
        "stdev": 1.10841417313
    },
    "barkbands_spread": {
        "max": 60.460319519,
        "mean": 9.28157901764,
        "min": 0.525048851967,
        "stdev": 6.63278007507
    },
    "dissonance": {
        "max": 0.494913101196,
        "mean": 0.421656340361,
        "min": 0.219163611531,
        "stdev": 0.0448394976556
    },
    "dynamic_complexity": 3.24530291557,
    "erbbands_crest": {
        "max": 30.8921108246,
        "mean": 12.2891321182,
        "min": 3.58513784409,
        "stdev": 5.48949432373
    },
    "erbbands_flatness_db": {
        "max": 0.462745517492,
        "mean": 0.250885754824,
        "min": 0.134364336729,
        "stdev": 0.0539411455393
    },
    "erbbands_kurtosis": {
        "max": 48.6815185547,
        "mean": 1.77859389782,
        "min": -1.82141947746,
        "stdev": 3.28470396996
    },
    "erbbands_skewness": {
        "max": 6.03377723694,
        "mean": 0.978271126747,
        "min": -1.77263951302,
        "stdev": 0.818392395973
    },
    "erbbands_spread": {
        "max": 88.6599502563,
        "mean": 24.003370285,
        "min": 2.31607055664,
        "stdev": 12.5577278137
    },
    "hfc": {
        "max": 113.331222534,
        "mean": 11.8271141052,
        "min": 0.13031026721,
        "stdev": 12.4749097824
    },
    "loudness_ebu128": {
        "integrated": -17.6749782562,
        "loudness_range": 3.63091754913,
        "momentary": {
            "max": -12.171787262,
            "mean": -18.6278152466,
            "min": -29.2037296295,
            "stdev": 3.02275419235
        },
        "short_term": {
            "max": -15.4224023819,
            "mean": -17.8456764221,
            "min": -21.7193965912,
            "stdev": 1.3071898222
        }
    },
    "melbands_crest": {
        "max": 32.0919914246,
        "mean": 16.0765361786,
        "min": 5.49169826508,
        "stdev": 5.73607254028
    },
    "melbands_flatness_db": {
        "max": 0.450025141239,
        "mean": 0.275481402874,
        "min": 0.0853303447366,
        "stdev": 0.0517651699483
    },
    "melbands_kurtosis": {
        "max": 160.40776062,
        "mean": 12.2334699631,
        "min": -1.47937750816,
        "stdev": 12.9642248154
    },
    "melbands_skewness": {
        "max": 9.53629779816,
        "mean": 2.3129594326,
        "min": -1.23020863533,
        "stdev": 1.33407580853
    },
    "melbands_spread": {
        "max": 107.446212769,
        "mean": 10.7341957092,
        "min": 0.75839138031,
        "stdev": 8.17608737946
    },
    "pitch_salience": {
        "max": 0.808872818947,
        "mean": 0.539033174515,
        "min": 0.126815751195,
        "stdev": 0.123080447316
    },
    "silence_rate_20dB": {
        "max": 1,
        "mean": 1,
        "min": 1,
        "stdev": 0
    },
    "silence_rate_30dB": {
        "max": 1,
        "mean": 0.997858643532,
        "min": 0,
        "stdev": 0.0462245754898
    },
    "silence_rate_60dB": {
        "max": 1,
        "mean": 0.0435403287411,
        "min": 0,
        "stdev": 0.204070180655
    },
    "spectral_centroid": {
        "max": 3491.49731445,
        "mean": 724.958740234,
        "min": 250.714614868,
        "stdev": 336.392150879
    },
    "spectral_complexity": {
        "max": 29,
        "mean": 11.4632406235,
        "min": 0,
        "stdev": 4.47248649597
    },
    "spectral_decrease": {
        "max": -4.78350935251e-11,
        "mean": -5.702157857e-09,
        "min": -2.86855552645e-08,
        "stdev": 4.31572022563e-09
    },
    "spectral_energy": {
        "max": 0.116989411414,
        "mean": 0.0225939936936,
        "min": 0.00019385041378,
        "stdev": 0.0172762051225
    },
    "spectral_energyband_high": {
        "max": 0.00171852810308,
        "mean": 6.34766620351e-05,
        "min": 1.90620630747e-06,
        "stdev": 0.00011853579781
    },
    "spectral_energyband_low": {
        "max": 0.0299298800528,
        "mean": 0.00280341668986,
        "min": 3.00592864733e-06,
        "stdev": 0.00393920019269
    },
    "spectral_energyband_middle_high": {
        "max": 0.0769451633096,
        "mean": 0.00288208131678,
        "min": 1.4995550373e-05,
        "stdev": 0.00582457380369
    },
    "spectral_energyband_middle_low": {
        "max": 0.102710545063,
        "mean": 0.0172195564955,
        "min": 9.30935348151e-05,
        "stdev": 0.0148039851338
    },
    "spectral_entropy": {
        "max": 8.22616004944,
        "mean": 6.79489469528,
        "min": 5.08112859726,
        "stdev": 0.485791295767
    },
    "spectral_flux": {
        "max": 0.20496442914,
        "mean": 0.0481364652514,
        "min": 0.00680650072172,
        "stdev": 0.0250903982669
    },
    "spectral_kurtosis": {
        "max": 53.4004821777,
        "mean": 8.64462184906,
        "min": -0.835689544678,
        "stdev": 6.1724319458
    },
    "spectral_rms": {
        "max": 0.0106834452599,
        "mean": 0.00436553312466,
        "min": 0.000434882007539,
        "stdev": 0.00172773806844
    },
    "spectral_rolloff": {
        "max": 6438.42773438,
        "mean": 729.424499512,
        "min": 129.19921875,
        "stdev": 548.242675781
    },
    "spectral_skewness": {
        "max": 5.83771276474,
        "mean": 2.05079722404,
        "min": 0.0912851393223,
        "stdev": 0.68950086832
    },
    "spectral_spread": {
        "max": 23602576,
        "mean": 2895615.5,
        "min": 1276656.125,
        "stdev": 878190.0625
    },
    "spectral_strongpeak": {
        "max": 11.3936624527,
        "mean": 1.32437157631,
        "min": 0.0128655172884,
        "stdev": 1.37680053711
    },
    "zerocrossingrate": {
        "max": 0.18408203125,
        "mean": 0.0315218493342,
        "min": 0.00634765625,
        "stdev": 0.0145794413984
    },
    "barkbands": {
        "max": [0.000220711182919, 0.0124189574271, 0.0252779852599, 0.00256089516915, 0.0433851256967, 0.0600583702326, 0.0502260103822, 0.0149433147162, 0.0578319504857, 0.0905081257224, 0.00608063908294, 0.0707515329123, 0.0119270067662, 0.00937411375344, 0.00468657631427, 0.00258595286869, 0.00320513383485, 0.00163507380057, 0.00149533327203, 0.00124160817359, 0.000599901250098, 0.00068237807136, 0.000419654708821, 0.000111113717139, 3.92440197174e-05, 2.71696558229e-06, 2.87630177809e-06],
        "mean": [5.05020989294e-06, 0.000910270493478, 0.00179274193943, 0.000239838089328, 0.00411251792684, 0.00659452797845, 0.00176046742126, 0.00120615970809, 0.00217819679528, 0.00143506843597, 0.000202376642847, 0.000954379094765, 0.000168983649928, 0.000277779443422, 0.000170958039234, 0.000151148909936, 0.000159158371389, 0.000131028820761, 6.18291378487e-05, 4.17148330598e-05, 1.5714967958e-05, 1.27792072817e-05, 6.37098492007e-06, 3.46754063685e-06, 1.47434911923e-06, 3.54270768277e-09, 3.77143871688e-09],
        "min": [2.47648790364e-09, 4.06601373015e-07, 1.13192498929e-07, 1.41648058616e-07, 2.53405431749e-07, 3.47902687281e-06, 1.2198049717e-06, 5.19202615124e-07, 3.95579399992e-06, 7.08403035787e-07, 8.70589872193e-07, 2.56959310718e-07, 3.98370644916e-07, 3.19607295296e-07, 3.25958069425e-07, 2.80504906414e-07, 2.70095995347e-07, 6.6535477572e-07, 5.61985302738e-07, 8.17431612177e-07, 2.78603408788e-07, 2.67353101435e-07, 1.84477144671e-07, 2.00390644522e-07, 1.56497236503e-07, 2.13923965348e-11, 2.86083691459e-11],
        "stdev": [8.52002995089e-06, 0.00133681192528, 0.00308320554905, 0.000335440883646, 0.0062387464568, 0.00810722727329, 0.00355126266368, 0.00199098349549, 0.00599095551297, 0.00553570361808, 0.000409088650486, 0.00437877560034, 0.00085361325182, 0.00090209726477, 0.000396995834308, 0.000287792907329, 0.000342813000316, 0.000192579784198, 0.000111896464659, 6.9976078521e-05, 3.19606297126e-05, 3.86047031498e-05, 2.03208055609e-05, 8.69896484801e-06, 2.46565036832e-06, 7.64522951613e-08, 8.10354876535e-08]
    },
    "erbbands": {
        "max": [0.0793346092105, 3.69836521149, 26.821105957, 10.8650693893, 35.8058815002, 170.668563843, 537.31237793, 713.232299805, 778.061889648, 684.357177734, 399.517242432, 749.50958252, 3689.70336914, 269.980529785, 1673.20214844, 1535.00280762, 223.144271851, 564.489685059, 175.640792847, 161.824874878, 178.817687988, 119.0963974, 127.449562073, 96.8134689331, 85.5025177002, 50.7158203125, 30.6753101349, 21.6190719604, 24.4374160767, 17.6598548889, 9.31649875641, 3.46973204613, 2.15394449234, 0.838737368584, 0.0858475193381, 0.0109092537314, 0.0050253411755, 0.00178759847768, 0.000413734931499, 0.000136591072078],
        "mean": [0.00776633573696, 0.295975834131, 2.02879405022, 1.17323803902, 3.50563120842, 13.4591360092, 40.9124450684, 54.8262863159, 37.2659912109, 24.0430717468, 25.8596763611, 34.6992034912, 85.1035690308, 17.3466529846, 22.9250888824, 27.989900589, 6.65750837326, 19.311580658, 8.40952682495, 6.30770206451, 11.1035041809, 7.90742254257, 7.67406320572, 4.80192089081, 2.40719652176, 2.2310936451, 0.928447723389, 0.534149646759, 0.492528527975, 0.289317131042, 0.161729484797, 0.075401969254, 0.0613885708153, 0.0299677066505, 0.00261811190285, 9.7751733847e-05, 1.8785462089e-05, 4.77175444757e-06, 1.17446879813e-05, 2.57487845374e-05],
        "min": [1.53965156642e-05, 0.000146567515912, 0.000236507607042, 0.000643050589133, 0.000780077942181, 0.00899355020374, 0.018271189183, 0.0487116202712, 0.0363051183522, 0.0521367415786, 0.0537563487887, 0.0732917413116, 0.0679524540901, 0.10640154779, 0.057397171855, 0.0538698360324, 0.0208222102374, 0.0157945398241, 0.0300581604242, 0.0294662807137, 0.0144062666222, 0.0329765863717, 0.040534734726, 0.0402124449611, 0.0293523799628, 0.0424996167421, 0.0139147872105, 0.0117863323539, 0.00947580952197, 0.00600718706846, 0.00545689510182, 0.00406197225675, 0.00354077387601, 0.00315227708779, 0.000409536616644, 1.32500108521e-05, 1.27117789361e-06, 1.77197932771e-07, 1.38390831239e-07, 2.34934461218e-07],
        "stdev": [0.0104349870235, 0.415850102901, 3.27797985077, 1.56005942822, 5.2701587677, 22.3144168854, 70.2648696899, 83.5939712524, 59.6265563965, 57.5557136536, 42.0603294373, 85.3286437988, 272.048706055, 23.6471061707, 102.098937988, 103.533958435, 17.9675178528, 62.5745849609, 17.2215499878, 14.7363710403, 20.2228031158, 14.8795690536, 12.7436637878, 7.65027427673, 4.14392995834, 3.68798708916, 1.69576656818, 1.25188601017, 1.46496927738, 0.931928694248, 0.491947799921, 0.206405833364, 0.148130431771, 0.0518693886697, 0.00461583491415, 0.0003288363514, 0.000141444135807, 5.03076917084e-05, 1.42304161272e-05, 1.98394991457e-05]
    },
    "gfcc": {
        "mean": [-81.1160354614, 160.799880981, -149.590194702, 27.9602966309, -74.2107009888, -5.81197309494, -35.2678985596, -3.92239141464, -8.981300354, -19.4269943237, 9.39684391022, -16.5546207428, 12.99122715],
        "cov": [[1784.36181641, 94.5804901123, -189.881591797, 143.975479126, 5.6844367981, -302.345458984, -172.022262573, -72.1755599976, 22.7216510773, -133.735992432, -23.6018657684, 69.2459564209, -25.9002685547], [94.5804901123, 403.675720215, 220.844680786, 76.1388931274, 141.562286377, -17.2895908356, -11.6043300629, -13.8514680862, 12.3197126389, -39.5419387817, -21.8996925354, -34.310218811, -19.772769928], [-189.881591797, 220.844680786, 540.612976074, 325.978515625, 26.7444839478, 81.7956542969, -42.1347579956, 14.5156154633, 19.6334247589, -24.7224617004, -67.2334060669, -33.8622512817, -28.3547878265], [143.975479126, 76.1388931274, 325.978515625, 692.431884766, 104.972801208, -18.8338775635, -112.172264099, 23.751291275, 24.7648582458, -74.9620895386, -118.786079407, -12.4652452469, -32.594997406], [5.6844367981, 141.562286377, 26.7444839478, 104.972801208, 222.628311157, 57.6917114258, 34.4315795898, 23.0253162384, 11.3436393738, -25.2234172821, -25.7460403442, -23.1219329834, -15.6031417847], [-302.345458984, -17.2895908356, 81.7956542969, -18.8338775635, 57.6917114258, 410.492279053, 206.78338623, 16.7029857635, -26.9602088928, 57.8492012024, -39.7299880981, -84.5628433228, -71.774307251], [-172.022262573, -11.6043300629, -42.1347579956, -112.172264099, 34.4315795898, 206.78338623, 239.632415771, 37.9501228333, -17.2972640991, 46.8198661804, 17.1985778809, -25.3503570557, -28.3771686554], [-72.1755599976, -13.8514680862, 14.5156154633, 23.751291275, 23.0253162384, 16.7029857635, 37.9501228333, 99.5322875977, 32.7588844299, -8.35264205933, 1.22395896912, 0.900582253933, 9.8799123764], [22.7216510773, 12.3197126389, 19.6334247589, 24.7648582458, 11.3436393738, -26.9602088928, -17.2972640991, 32.7588844299, 78.2804260254, 9.00473690033, -5.39811372757, 1.23792600632, 0.570611417294], [-133.735992432, -39.5419387817, -24.7224617004, -74.9620895386, -25.2234172821, 57.8492012024, 46.8198661804, -8.35264205933, 9.00473690033, 83.0522766113, 25.1581192017, -10.4921875, -5.25429487228], [-23.6018657684, -21.8996925354, -67.2334060669, -118.786079407, -25.7460403442, -39.7299880981, 17.1985778809, 1.22395896912, -5.39811372757, 25.1581192017, 88.3017120361, 47.1933555603, 27.9650020599], [69.2459564209, -34.310218811, -33.8622512817, -12.4652452469, -23.1219329834, -84.5628433228, -25.3503570557, 0.900582253933, 1.23792600632, -10.4921875, 47.1933555603, 89.9444885254, 50.8096542358], [-25.9002685547, -19.772769928, -28.3547878265, -32.594997406, -15.6031417847, -71.774307251, -28.3771686554, 9.8799123764, 0.570611417294, -5.25429487228, 27.9650020599, 50.8096542358, 88.5330581665]],
        "icov": [[0.000913201714866, -0.000682762823999, 0.000883782340679, -0.00041519626393, 0.000551211356651, 0.000128613508423, 3.70141715393e-05, 0.000581140920985, -0.000615997705609, 0.00107565906364, 0.000261516193859, -0.000944287981838, 0.000920420920011], [-0.000682762823999, 0.00705679273233, -0.00453169411048, 0.00191753346007, -0.00510820187628, 0.00258676242083, -0.00184605002869, 0.00249078148045, -0.0005405228585, 0.00154058111366, -0.00156178080942, 0.00367546197958, -0.000563072972], [0.000883782340679, -0.00453169411048, 0.00604403484613, -0.00276513095014, 0.00390042294748, -0.00264727766626, 0.00180381594691, -0.00110657152254, -0.000775806431193, 0.000235876141232, 0.000357246957719, -0.00184203172103, 0.00037038049777], [-0.00041519626393, 0.00191753346007, -0.00276513095014, 0.00372355314903, -0.00264670979232, 0.00086665089475, 0.000621536106337, -0.000696603499819, 0.000732692074962, -0.000296334823361, 0.00341984676197, -0.00164368364494, 0.00114596413914], [0.000551211356651, -0.00510820187628, 0.00390042294748, -0.00264670979232, 0.0094549851492, -0.00266544008628, 0.000214027735638, -0.00142291246448, -0.00135905912612, 0.00182106962893, -0.000298320112051, -0.000672714668326, -0.000374827737687], [0.000128613508423, 0.00258676242083, -0.00264727766626, 0.00086665089475, -0.00266544008628, 0.00776884146035, -0.00552310002968, 0.00112316873856, 0.00165623333305, -0.00201302208006, 0.00234525464475, 0.00265664816834, 0.00162380898837], [3.70141715393e-05, -0.00184605002869, 0.00180381594691, 0.000621536106337, 0.000214027735638, -0.00552310002968, 0.010969882831, -0.00518165435642, 0.00259605515748, -0.00282471859828, -0.000758181966376, -0.00294998125173, 0.00180769897997], [0.000581140920985, 0.00249078148045, -0.00110657152254, -0.000696603499819, -0.00142291246448, 0.00112316873856, -0.00518165435642, 0.0170906335115, -0.008843280375, 0.00689905881882, -0.00359526509419, 0.00374936452135, -0.00334258726798], [-0.000615997705609, -0.0005405228585, -0.000775806431193, 0.000732692074962, -0.00135905912612, 0.00165623333305, 0.00259605515748, -0.008843280375, 0.0193286538124, -0.00834633223712, 0.00434553995728, -0.00263595650904, 0.00216277199797], [0.00107565906364, 0.00154058111366, 0.000235876141232, -0.000296334823361, 0.00182106962893, -0.00201302208006, -0.00282471859828, 0.00689905881882, -0.00834633223712, 0.0229187048972, -0.00924388784915, 0.00598081527278, -0.00145969795994], [0.000261516193859, -0.00156178080942, 0.000357246957719, 0.00341984676197, -0.000298320112051, 0.00234525464475, -0.000758181966376, -0.00359526509419, 0.00434553995728, -0.00924388784915, 0.0272004995495, -0.0151297394186, 0.00262271915562], [-0.000944287981838, 0.00367546197958, -0.00184203172103, -0.00164368364494, -0.000672714668326, 0.00265664816834, -0.00294998125173, 0.00374936452135, -0.00263595650904, 0.00598081527278, -0.0151297394186, 0.0289026405662, -0.0114156603813], [0.000920420920011, -0.000563072972, 0.00037038049777, 0.00114596413914, -0.000374827737687, 0.00162380898837, 0.00180769897997, -0.00334258726798, 0.00216277199797, -0.00145969795994, 0.00262271915562, -0.0114156603813, 0.0198045708239]]
    },
    "melbands": {
        "max": [0.00193885853514, 0.00920400116593, 0.00184942444321, 0.00673367269337, 0.0154323009774, 0.0136849619448, 0.0106580490246, 0.00657577300444, 0.00287221441977, 0.00702637434006, 0.0180808529258, 0.000828874122817, 0.00340119260363, 0.00971520226449, 0.000660160090774, 0.00122804648709, 0.0012164269574, 0.0002740836062, 0.000499804737046, 0.000130047803395, 0.000223138558795, 0.000127209132188, 0.000125276696053, 0.000116827599413, 9.00096056284e-05, 5.31358527951e-05, 7.44782737456e-05, 2.92037348117e-05, 2.125068022e-05, 1.1849610928e-05, 1.46308939293e-05, 1.75962468347e-05, 1.00511442724e-05, 1.01878977148e-05, 7.41057829146e-06, 3.00336955661e-06, 2.15985073737e-06, 1.62790229297e-06, 1.55021643877e-06, 4.71112713285e-07],
        "mean": [0.000153827713802, 0.000785000331234, 0.000267169409199, 0.0005740536144, 0.00127982103731, 0.00121947086882, 0.000551579229068, 0.00026215609978, 0.000179379305337, 0.000289899064228, 0.000421029049903, 5.8730438468e-05, 5.3685187595e-05, 0.000124849975691, 1.69361155713e-05, 2.18763998419e-05, 3.61615020665e-05, 1.10227247205e-05, 1.11606013888e-05, 6.09470453128e-06, 1.53431719809e-05, 7.98627297627e-06, 6.93963556841e-06, 7.52956839278e-06, 3.44963609678e-06, 1.98626685233e-06, 1.345408009e-06, 1.50942423716e-06, 6.28157749816e-07, 3.52780546109e-07, 2.89971751499e-07, 2.91475373615e-07, 2.1494653879e-07, 1.4541350879e-07, 9.95534037429e-08, 5.99794276468e-08, 4.0723492134e-08, 4.34793463455e-08, 3.89726437788e-08, 2.03735730508e-08],
        "min": [1.16733019695e-07, 1.21826900568e-07, 9.76888117066e-08, 7.24310211808e-08, 5.06870549088e-07, 9.20919944747e-07, 4.3725108867e-07, 1.18921640535e-07, 2.08242397548e-07, 3.98417142833e-07, 3.03467231788e-07, 1.2018624318e-07, 2.34444101466e-07, 3.61927909864e-08, 5.58717196952e-08, 3.81601878985e-08, 2.49566323163e-08, 2.83500707354e-08, 2.81594640938e-08, 2.57426773231e-08, 1.36032616282e-08, 1.41631302242e-08, 2.8109779393e-08, 2.58944687914e-08, 2.43481981244e-08, 1.74247567486e-08, 1.83676824861e-08, 2.73709073184e-08, 7.83861153764e-09, 5.60068658118e-09, 5.26281374036e-09, 3.81670561822e-09, 2.5869690834e-09, 3.44147643716e-09, 2.52989340588e-09, 2.07016470632e-09, 2.49373321992e-09, 2.40492270542e-09, 2.31079977375e-09, 2.1471557865e-09],
        "stdev": [0.000217177395825, 0.00117657112423, 0.000319742539432, 0.000843355082907, 0.00213203020394, 0.00172620650847, 0.000871629978064, 0.000562589848414, 0.000301359250443, 0.000768803700339, 0.00133136496879, 8.16150859464e-05, 0.000197773857508, 0.000575212528929, 4.92884501e-05, 9.06647910597e-05, 0.000121331700939, 2.49074382737e-05, 3.13204473059e-05, 1.13694450192e-05, 3.01941126963e-05, 1.54526806e-05, 1.30693133542e-05, 1.24575371956e-05, 6.42874647383e-06, 3.43379474543e-06, 2.6665270525e-06, 2.5544457003e-06, 1.21853065593e-06, 7.17370653547e-07, 7.94879497334e-07, 9.4308052212e-07, 6.05228933637e-07, 5.08758546403e-07, 3.39877942679e-07, 1.67538360074e-07, 1.14363650994e-07, 1.13476893659e-07, 8.05076894039e-08, 3.30971303697e-08]
    },
    "melbands128": {
        "max": [0.000130610351334, 0.000291720585665, 0.0018617809983, 0.00821730867028, 0.0144332414493, 0.0101523529738, 0.00198744423687, 0.00141189305577, 0.00497507164255, 0.00757629005238, 0.0129199773073, 0.0189743153751, 0.0270966440439, 0.014068543911, 0.0219940133393, 0.030054371804, 0.0214435793459, 0.0203782245517, 0.0176568645984, 0.0134535161778, 0.0036977219861, 0.00449772458524, 0.0042715119198, 0.00337800290436, 0.00420648045838, 0.0129398424178, 0.0189906042069, 0.0343757420778, 0.00320403766818, 0.0012249480933, 0.00107698584907, 0.00162873696536, 0.00146112742368, 0.00527861434966, 0.023513533175, 0.00675169192255, 0.00193708250299, 0.000162142066984, 0.000255387509242, 8.11356512713e-05, 0.0013991293963, 0.00389037816785, 0.0026820753701, 0.000886683003046, 0.000154411609401, 0.000520154600963, 0.000499710906297, 0.00104545603972, 0.000562383851502, 0.000224266259465, 7.49443715904e-05, 0.000266223418294, 0.000591012474615, 0.000509055214934, 0.000324759981595, 7.02359611751e-05, 0.000255984399701, 0.000226132659009, 8.92461903277e-05, 0.000144514357089, 0.000236760562984, 0.000162335811183, 8.07352116681e-05, 0.000157876987942, 9.4477822131e-05, 7.86531090853e-05, 7.05272468622e-05, 9.9713121017e-05, 6.99780939613e-05, 4.60094233858e-05, 4.18726122007e-05, 2.82969576801e-05, 2.44637103606e-05, 2.87485217996e-05, 2.28933404287e-05, 1.4694721358e-05, 9.76757291937e-06, 1.11126519187e-05, 1.33773919515e-05, 2.41565958277e-05, 2.86044942186e-05, 1.8405058654e-05, 8.44031819724e-06, 1.12169454951e-05, 9.65929757513e-06, 1.09303891804e-05, 8.34451839182e-06, 1.53142118506e-05, 8.07780361356e-06, 2.84139036921e-06, 3.91355115426e-06, 3.2653240396e-06, 1.7948018467e-06, 3.09027973344e-06, 1.72898364781e-06, 1.89340573797e-06, 2.19691946768e-06, 2.09883569369e-06, 2.30973023463e-06, 9.25794779505e-07, 6.78385447372e-07, 3.88784371808e-07, 4.35836909674e-07, 1.86978553529e-07, 2.44591209508e-08, 2.1597521993e-08, 2.0481701668e-08, 1.95630498467e-08, 1.87027744403e-08, 1.79237904518e-08, 1.71791434411e-08, 1.65395519502e-08, 1.59113060505e-08, 1.5341443671e-08, 1.48178962434e-08, 1.4353703115e-08, 1.38884583833e-08, 1.34554554165e-08, 1.30922037656e-08, 1.27534098837e-08, 1.24208083818e-08, 1.2146226247e-08, 1.19094218931e-08, 1.1698935154e-08, 1.15258709243e-08, 1.14040652477e-08, 1.13037739169e-08, 1.12412497089e-08],
        "mean": [3.45129888046e-06, 1.95529446501e-05, 0.000125158781884, 0.000571727461647, 0.00114755879622, 0.00071962212678, 0.00019441092445, 0.000133198816911, 0.000330658163875, 0.000539410219062, 0.000668212014716, 0.00125705404207, 0.00170311308466, 0.00095539027825, 0.00110188731924, 0.00168660399504, 0.00074505014345, 0.000338461133651, 0.000259136140812, 0.00027787531144, 0.000230210149311, 0.000323392363498, 0.000159470975632, 5.95344245085e-05, 7.556653145e-05, 0.000368601642549, 0.000836829829495, 0.000453853543149, 5.60045846214e-05, 8.22548245196e-05, 4.70111008326e-05, 3.59159203072e-05, 3.55887204933e-05, 4.18326853833e-05, 0.000217311957385, 0.000124492071336, 4.22013254138e-05, 3.94926928493e-06, 8.0129257185e-06, 6.07070069236e-06, 1.55747966346e-05, 6.16156612523e-05, 4.92832768941e-05, 1.65823021234e-05, 4.35839001511e-06, 1.3080761164e-05, 1.67722009792e-05, 9.26879602048e-06, 1.14408958325e-05, 6.95771268511e-06, 2.51327742262e-06, 7.60496959629e-06, 1.52491047629e-05, 2.19262565224e-05, 1.03793299786e-05, 2.92101117338e-06, 9.15018881642e-06, 9.58088094194e-06, 4.43800126959e-06, 5.21249330632e-06, 1.1664732483e-05, 5.14649718752e-06, 3.73752686755e-06, 3.11390158458e-06, 2.62413686869e-06, 1.8452368522e-06, 1.8750615709e-06, 1.27174928366e-06, 1.00516592738e-06, 1.60255035553e-06, 2.1780977022e-06, 1.0020511354e-06, 7.3677506407e-07, 6.63253388211e-07, 3.65136685332e-07, 3.38113721909e-07, 3.90885247725e-07, 2.50020548265e-07, 2.82677206087e-07, 3.14751957831e-07, 2.68949065685e-07, 3.15863701417e-07, 2.71947186548e-07, 2.09035547982e-07, 1.66486302078e-07, 1.3882296912e-07, 1.48884709006e-07, 1.22849868944e-07, 9.77577130357e-08, 8.35860944903e-08, 7.46974961885e-08, 5.20037310991e-08, 3.88672667384e-08, 3.84909313311e-08, 4.53793482791e-08, 3.77097357784e-08, 4.61427838161e-08, 4.59710491896e-08, 3.78505085052e-08, 3.80737823491e-08, 3.03856886319e-08, 1.74730381275e-08, 8.27139778892e-09, 3.81502207603e-09, 4.81284123666e-10, 2.90515077273e-11, 2.6988748042e-11, 2.54140163775e-11, 2.43129440192e-11, 2.33354464224e-11, 2.24042433911e-11, 2.1580983528e-11, 2.07919220035e-11, 2.00541666606e-11, 1.93772047019e-11, 1.87664345869e-11, 1.81819455325e-11, 1.76375702238e-11, 1.71674358757e-11, 1.67289862518e-11, 1.63099707351e-11, 1.59457655413e-11, 1.56457728717e-11, 1.53720872836e-11, 1.51093009632e-11, 1.48627655322e-11, 1.46941799006e-11, 1.46086111957e-11],
        "min": [6.22429996433e-10, 5.43013101151e-08, 8.57787370023e-08, 1.11402790992e-07, 7.58912079846e-08, 4.66653702347e-08, 5.70777061171e-08, 4.45813128636e-08, 2.13177369091e-08, 1.89414031126e-08, 8.199196877e-09, 2.71008033792e-08, 3.33860654678e-08, 1.20812927662e-07, 3.51885432792e-07, 3.28657051796e-07, 1.56024427156e-07, 1.16373989556e-07, 4.13212255523e-08, 3.32190701613e-08, 3.0895115799e-08, 5.56189760914e-08, 8.32005753182e-08, 6.11047425991e-08, 1.15633639552e-07, 5.76613281567e-08, 1.88269069668e-07, 2.30092439324e-07, 2.94693904834e-08, 1.76971486354e-08, 5.97230069843e-08, 9.07171511244e-08, 6.21229503395e-08, 4.85883902002e-08, 6.92823309834e-09, 3.04440810339e-08, 1.25318893041e-08, 2.89449744173e-08, 2.02753867029e-08, 1.60910822444e-08, 9.62775281721e-09, 3.16092174657e-09, 1.50313059777e-08, 1.22245857881e-08, 1.12105373873e-08, 3.97630239846e-09, 1.02743005215e-08, 1.28439303637e-08, 2.43265123601e-08, 1.04753272723e-08, 9.56240508998e-09, 1.04986845884e-08, 7.34593941232e-09, 1.00682386872e-08, 5.78310288546e-09, 5.99282312663e-09, 1.10366826789e-08, 1.08610338501e-08, 8.01126720518e-09, 2.05220498373e-08, 1.94998381886e-08, 1.49193191135e-08, 1.2404675509e-08, 1.62176725382e-08, 1.30277424404e-08, 1.18421619177e-08, 8.55751203233e-09, 8.04864264126e-09, 7.41920391789e-09, 7.33535276964e-09, 1.4738041898e-08, 1.03562278753e-08, 6.10829209435e-09, 3.19022053219e-09, 3.71456221337e-09, 3.42593953206e-09, 2.86757084744e-09, 2.1252972715e-09, 2.85530399324e-09, 2.284173517e-09, 1.25384891358e-09, 1.54761714555e-09, 1.99607530504e-09, 2.04195993447e-09, 2.27124963281e-09, 3.21209858711e-09, 2.13346118549e-09, 2.29083241265e-09, 1.78104708759e-09, 1.35085798103e-09, 1.67238090043e-09, 1.75106240619e-09, 1.38408728922e-09, 1.3268761645e-09, 1.75906711419e-09, 1.44597578355e-09, 1.81843196057e-09, 1.50647772035e-09, 1.18482446076e-09, 1.30478383653e-09, 1.69953251472e-09, 1.66333502527e-09, 6.86171064412e-10, 4.87520246395e-10, 1.44074014871e-11, 1.00665664498e-13, 7.69837549285e-14, 8.27570366293e-14, 9.81404559941e-14, 8.05592436292e-14, 9.34805821618e-14, 1.07005746766e-13, 9.29487538911e-14, 8.32204043091e-14, 7.29133482649e-14, 9.28395611798e-14, 8.92954262507e-14, 1.02163659206e-13, 8.23901561667e-14, 8.27301145341e-14, 9.86201612453e-14, 8.61552447223e-14, 7.99881536874e-14, 7.35104658351e-14, 6.90503562531e-14, 2.56319962542e-14, 3.96488075797e-15, 1.38976123492e-16],
        "stdev": [5.22782693224e-06, 3.24157153955e-05, 0.000227266253205, 0.000881564628799, 0.00179503124673, 0.00126894295681, 0.000292257318506, 0.000204399708309, 0.000617152429186, 0.000881144660525, 0.00142306450289, 0.00251693767495, 0.00347932288423, 0.00180868140887, 0.00220560887828, 0.00299607589841, 0.00148907466792, 0.000987396691926, 0.000779766589403, 0.00103130762, 0.000459481321741, 0.000583224114962, 0.000389511173125, 0.000237637810642, 0.000292032287689, 0.00136663031299, 0.00246834475547, 0.00209139473736, 0.000153126529767, 0.000136278846185, 8.73335375218e-05, 9.06316563487e-05, 8.50221622386e-05, 0.000254511047387, 0.00139712635428, 0.000521581387147, 0.000145606987644, 8.30143653729e-06, 1.72308937181e-05, 9.70674409473e-06, 9.69450848061e-05, 0.000285480025923, 0.000223940136493, 6.10600909567e-05, 1.08181411633e-05, 4.50459556305e-05, 4.20761753048e-05, 4.59705115645e-05, 5.07848417328e-05, 1.62270898727e-05, 5.41773897567e-06, 2.13705206988e-05, 3.81433565053e-05, 6.15829849266e-05, 2.51283527177e-05, 6.09917651673e-06, 2.53429880104e-05, 2.36557298194e-05, 9.43037866818e-06, 1.33590456244e-05, 2.39010278165e-05, 1.08646509034e-05, 8.21548292151e-06, 8.54373229231e-06, 5.2722862165e-06, 3.82452026315e-06, 3.9456435843e-06, 3.29831368617e-06, 2.52406766776e-06, 3.41884629051e-06, 4.21242020821e-06, 2.4512382879e-06, 1.80527763405e-06, 1.44564421589e-06, 1.02915635125e-06, 7.85341910614e-07, 7.51313450564e-07, 5.94341145188e-07, 8.2977362581e-07, 1.12316774903e-06, 1.12981479106e-06, 1.06927404886e-06, 7.69063035477e-07, 5.90181002735e-07, 6.06105572842e-07, 5.49227820557e-07, 4.5289422701e-07, 5.93796357862e-07, 3.71157597101e-07, 2.0683151547e-07, 2.17783522771e-07, 1.74313242951e-07, 1.12908296046e-07, 1.31666894276e-07, 1.12609995995e-07, 1.14490944725e-07, 1.29841779994e-07, 1.17599576299e-07, 9.27266370354e-08, 6.73474715995e-08, 4.91090723642e-08, 3.11961230182e-08, 2.00967562591e-08, 7.26548154972e-09, 9.43437661327e-10, 6.06363736999e-10, 5.75575087591e-10, 5.4992110865e-10, 5.2595627853e-10, 5.04202013474e-10, 4.83393491901e-10, 4.65456256871e-10, 4.47965498029e-10, 4.31961133529e-10, 4.17232137728e-10, 4.04097727502e-10, 3.91075422046e-10, 3.79023312735e-10, 3.68784641713e-10, 3.59262508631e-10, 3.4998609566e-10, 3.42193107183e-10, 3.35576400001e-10, 3.29696797641e-10, 3.24832022391e-10, 3.21346532717e-10, 3.18538667665e-10, 3.16787013288e-10]
    },
    "mfcc": {
        "mean": [-706.214782715, 167.562057495, -10.4255619049, 20.7766151428, -6.99984645844, -12.6849937439, -6.86670160294, -1.91448175907, -6.44683837891, -5.23477220535, -4.69265794754, -4.96818447113, -1.01816117764],
        "cov": [[2096.84741211, -35.1143035889, -218.217895508, 309.661224365, 62.0758934021, -173.440643311, -260.771057129, -12.3136425018, -74.9143600464, -167.151321411, -106.17035675, 23.0732116699, 75.0503540039], [-35.1143035889, 486.221923828, 45.0754814148, -18.368303299, 73.8444442749, -7.96871948242, 26.4863204956, -11.3686571121, 11.348320961, -18.6832904816, 15.4724245071, 19.9066429138, 0.637947738171], [-218.217895508, 45.0754814148, 570.589050293, 174.943099976, 87.4279327393, 97.97996521, -14.0418224335, 25.4438838959, 97.3587188721, -0.425943434238, 17.4060974121, 57.4410896301, 10.0662307739], [309.661224365, -18.368303299, 174.943099976, 506.62979126, 198.856658936, -60.3142242432, -133.649337769, 26.0981273651, 44.578754425, -65.2172317505, -61.4113044739, 39.8414802551, 51.7147369385], [62.0758934021, 73.8444442749, 87.4279327393, 198.856658936, 227.914489746, -10.0512495041, -52.4426879883, 23.172952652, 46.0294761658, -20.6492824554, -32.6026763916, 25.0995922089, 21.1998615265], [-173.440643311, -7.96871948242, 97.97996521, -60.3142242432, -10.0512495041, 268.092712402, 149.058776855, 49.9098052979, 51.3733634949, 71.2250595093, 61.5560531616, -13.6318778992, -11.7973394394], [-260.771057129, 26.4863204956, -14.0418224335, -133.649337769, -52.4426879883, 149.058776855, 238.367584229, 76.9728012085, 34.362487793, 60.047996521, 48.2909393311, -9.55694484711, -10.5049638748], [-12.3136425018, -11.3686571121, 25.4438838959, 26.0981273651, 23.172952652, 49.9098052979, 76.9728012085, 124.564697266, 51.120716095, 21.4904537201, 13.5806446075, 8.3198633194, 7.88731718063], [-74.9143600464, 11.348320961, 97.3587188721, 44.578754425, 46.0294761658, 51.3733634949, 34.362487793, 51.120716095, 118.008033752, 45.0132484436, 6.49048471451, 2.82965683937, 12.1115217209], [-167.151321411, -18.6832904816, -0.425943434238, -65.2172317505, -20.6492824554, 71.2250595093, 60.047996521, 21.4904537201, 45.0132484436, 117.174087524, 44.3524665833, -17.8249645233, -24.2296447754], [-106.17035675, 15.4724245071, 17.4060974121, -61.4113044739, -32.6026763916, 61.5560531616, 48.2909393311, 13.5806446075, 6.49048471451, 44.3524665833, 95.3141326904, 18.2382030487, -19.5205211639], [23.0732116699, 19.9066429138, 57.4410896301, 39.8414802551, 25.0995922089, -13.6318778992, -9.55694484711, 8.3198633194, 2.82965683937, -17.8249645233, 18.2382030487, 69.9242172241, 19.0000743866], [75.0503540039, 0.637947738171, 10.0662307739, 51.7147369385, 21.1998615265, -11.7973394394, -10.5049638748, 7.88731718063, 12.1115217209, -24.2296447754, -19.5205211639, 19.0000743866, 70.6293563843]],
        "icov": [[0.000715428846888, -0.000108755455585, 0.000490648555569, -0.000402885983931, 0.000376474024961, -0.000433602399426, 0.000903332431335, -0.000505174335558, 8.43633551995e-06, 0.000563422858249, 0.000239498433075, -0.000280839391053, -0.000195241635083], [-0.000108755455585, 0.00249219825491, -0.000310162315145, 0.000607099325862, -0.00152764364611, 0.000734213856049, -0.00110965699423, 0.000930511276238, -0.000342256797012, 0.000804942741524, -0.00101994350553, 0.000144264398841, 1.90820010175e-05], [0.000490648555569, -0.000310162315145, 0.00314278365113, -0.00106274837162, 0.000692050496582, -0.00186535425019, 0.00131367356516, 0.000206389799132, -0.00230365968309, 0.00119471712969, 0.000375875941245, -0.0024906732142, 0.00104349793401], [-0.000402885983931, 0.000607099325862, -0.00106274837162, 0.00435641407967, -0.0028993927408, 0.000344214698998, 0.00110260362271, -0.000977862044238, -0.000103364283859, 0.000528676027898, 0.000328357273247, 9.14823831408e-05, -0.00114948500413], [0.000376474024961, -0.00152764364611, 0.000692050496582, -0.0028993927408, 0.00845948886126, -0.00150806072634, 0.00189431081526, -0.00114480021875, -0.0019400450401, -6.69815417496e-05, 0.00255285552703, -0.00239458261058, 0.000916011282243], [-0.000433602399426, 0.000734213856049, -0.00186535425019, 0.000344214698998, -0.00150806072634, 0.00812986958772, -0.00500164180994, 0.000951130583417, -9.02637912077e-05, -0.00141345232259, -0.00359955709428, 0.00344340782613, -0.000962165591773], [0.000903332431335, -0.00110965699423, 0.00131367356516, 0.00110260362271, 0.00189431081526, -0.00500164180994, 0.0111856004223, -0.00569302029908, -5.87689355598e-05, -0.000213694438571, 0.000925910891965, -0.00129393429961, -0.000508247292601], [-0.000505174335558, 0.000930511276238, 0.000206389799132, -0.000977862044238, -0.00114480021875, 0.000951130583417, -0.00569302029908, 0.013508208096, -0.00457283528522, 0.000676216790453, -0.00119712157175, -0.000909287307877, 0.000292098149657], [8.43633551995e-06, -0.000342256797012, -0.00230365968309, -0.000103364283859, -0.0019400450401, -9.02637912077e-05, -5.87689355598e-05, -0.00457283528522, 0.0160979088396, -0.00682728504762, 0.00156614743173, 0.0014355838066, -0.00358864059672], [0.000563422858249, 0.000804942741524, 0.00119471712969, 0.000528676027898, -6.69815417496e-05, -0.00141345232259, -0.000213694438571, 0.000676216790453, -0.00682728504762, 0.0164351165295, -0.00565174687654, 0.0030848684255, 0.00293036038056], [0.000239498433075, -0.00101994350553, 0.000375875941245, 0.000328357273247, 0.00255285552703, -0.00359955709428, 0.000925910891965, -0.00119712157175, 0.00156614743173, -0.00565174687654, 0.0190369859338, -0.00915803667158, 0.00388226751238], [-0.000280839391053, 0.000144264398841, -0.0024906732142, 9.14823831408e-05, -0.00239458261058, 0.00344340782613, -0.00129393429961, -0.000909287307877, 0.0014355838066, 0.0030848684255, -0.00915803667158, 0.0225558336824, -0.00599865661934], [-0.000195241635083, 1.90820010175e-05, 0.00104349793401, -0.00114948500413, 0.000916011282243, -0.000962165591773, -0.000508247292601, 0.000292098149657, -0.00358864059672, 0.00293036038056, 0.00388226751238, -0.00599865661934, 0.0188221018761]]
    },
    "spectral_contrast_coeffs": {
        "max": [-0.386197835207, -0.417984873056, -0.405430972576, -0.586768209934, -0.628643751144, -0.620705664158],
        "mean": [-0.652779757977, -0.675415217876, -0.70786434412, -0.766075015068, -0.783823430538, -0.780767798424],
        "min": [-0.891095757484, -0.909520745277, -0.894707620144, -0.882502198219, -0.876424074173, -0.95527112484],
        "stdev": [0.0893287435174, 0.0919663235545, 0.083802215755, 0.0533219203353, 0.0394898802042, 0.0322050563991]
    },
    "spectral_contrast_valleys": {
        "max": [-5.34180116653, -5.22037553787, -6.01701164246, -6.8925485611, -6.5546631813, -9.4516544342],
        "mean": [-7.27278423309, -6.9583439827, -7.78292274475, -8.42042827606, -8.40124225616, -11.4742555618],
        "min": [-10.5107822418, -9.04239273071, -10.1347856522, -10.1417617798, -9.92140579224, -12.3300743103],
        "stdev": [0.803760349751, 0.706544697285, 0.633663117886, 0.532478034496, 0.584847092628, 0.422913044691]
    }
},
"rhythm": {
    "beats_count": 60,
    "beats_loudness": {
        "max": 0.0820587426424,
        "mean": 0.0266916844994,
        "min": 0.00244443933479,
        "stdev": 0.0175831820816
    },
    "bpm": 112.719825745,
    "bpm_histogram_first_peak_bpm": 112,
    "bpm_histogram_first_peak_weight": 0.508771896362,
    "bpm_histogram_second_peak_bpm": 117,
    "bpm_histogram_second_peak_spread": 0,
    "bpm_histogram_second_peak_weight": 0.0338983051479,
    "danceability": 1.04565405846,
    "onset_rate": 2.36865210533,
    "beats_loudness_band_ratio": {
        "max": [0.761964201927, 0.964326143265, 0.718415021896, 0.535187244415, 0.126475259662, 0.206257134676],
        "mean": [0.246788740158, 0.419775575399, 0.256277382374, 0.0852295607328, 0.0310273878276, 0.0109288347885],
        "min": [0.000156334936037, 0.0221229530871, 0.028397127986, 0.00229202024639, 0.000632470822893, 0.000404553720728],
        "stdev": [0.228620588779, 0.254262328148, 0.177861601114, 0.106502257288, 0.02641283907, 0.0262954458594]
    },
    "beats_position": [0.53405892849, 1.06811785698, 1.60217678547, 2.13623571396, 2.67029476166, 3.20435357094, 3.73841261864, 4.26086139679, 4.79492044449, 5.31736946106, 5.85142850876, 6.38548755646, 6.90793657303, 7.45360517502, 7.98766422272, 8.52172279358, 9.05578231812, 9.56662082672, 10.1006803513, 10.623128891, 11.1455783844, 11.6796369553, 12.202085495, 12.7245349884, 13.2585935593, 13.7810430527, 14.3034915924, 14.8491611481, 15.3948297501, 15.9172782898, 16.4745578766, 17.0202255249, 17.5542850494, 18.0999546051, 18.6340141296, 19.179681778, 19.7021312714, 20.2245807648, 20.7354183197, 21.2694778442, 21.8035373688, 22.3375968933, 22.8716545105, 23.405714035, 23.9397735596, 24.4738311768, 25.0078907013, 25.5419502258, 26.076007843, 26.6216773987, 27.1673469543, 27.7130146027, 28.2354640961, 28.7579135895, 29.2803630829, 29.8028106689, 30.3252601624, 30.8477096558, 31.3701572418, 31.9042167664],
