{
"metadata": {
    "version": {
        "essentia": "2.1-beta5",
        "essentia_git_sha": "Undefined",
        "extractor": "music 2.0"
    },
    "audio_properties": {
        "analysis": {
            "equal_loudness": 0,
            "length": 29.0017242432,
            "sample_rate": 44100,
            "start_time": 0,
            "downmix": "mix"
        },
        "bit_rate": 192000,
        "length": 217.025314331,
        "lossless": 0,
        "number_channels": 2,
        "replay_gain": -9.90223312378,
        "sample_rate": 48000,
        "codec": "mp3",
        "md5_encoded": "2b04be7c493b20be56a93f39db54a804"
    },
    "tags": {
        "file_name": "Sweden_En Gång I Stockholm_Monica Zetterlund.mp3",
        "encoding": ["Lavf58.29.100"]
    }
},
"lowlevel": {
    "average_loudness": 0.934814929962,
    "barkbands_crest": {
        "max": 26.4025764465,
        "mean": 11.1748495102,
        "min": 3.26662039757,
        "stdev": 4.42234516144
    },
    "barkbands_flatness_db": {
        "max": 0.426744431257,
        "mean": 0.216890871525,
        "min": 0.0538128688931,
        "stdev": 0.090775847435
    },
    "barkbands_kurtosis": {
        "max": 356.120300293,
        "mean": 15.5985221863,
        "min": -1.90486741066,
        "stdev": 27.260559082
    },
    "barkbands_skewness": {
        "max": 15.8700780869,
        "mean": 2.08851933479,
        "min": -3.3338739872,
        "stdev": 2.06232380867
    },
    "barkbands_spread": {
        "max": 69.128944397,
        "mean": 12.0128326416,
        "min": 0.338193625212,
        "stdev": 12.1766004562
    },
    "dissonance": {
        "max": 0.500000119209,
        "mean": 0.405686020851,
        "min": 0.152233228087,
        "stdev": 0.0871719866991
    },
    "dynamic_complexity": 6.62880516052,
    "erbbands_crest": {
        "max": 31.5110836029,
        "mean": 12.1646661758,
        "min": 2.43274354935,
        "stdev": 5.76581764221
    },
    "erbbands_flatness_db": {
        "max": 0.392750650644,
        "mean": 0.226267799735,
        "min": 0.0832971706986,
        "stdev": 0.0794926807284
    },
    "erbbands_kurtosis": {
        "max": 126.589065552,
        "mean": 6.37118196487,
        "min": -1.88778436184,
        "stdev": 10.5511617661
    },
    "erbbands_skewness": {
        "max": 9.54117774963,
        "mean": 1.14960348606,
        "min": -4.26213598251,
        "stdev": 1.73885178566
    },
    "erbbands_spread": {
        "max": 97.2384185791,
        "mean": 25.9231948853,
        "min": 2.07133126259,
        "stdev": 20.8768043518
    },
    "hfc": {
        "max": 52.8266639709,
        "mean": 7.48304986954,
        "min": 1.1517922253e-16,
        "stdev": 9.74118709564
    },
    "loudness_ebu128": {
        "integrated": -16.3972702026,
        "loudness_range": 3.73973274231,
        "momentary": {
            "max": -12.0527124405,
            "mean": -18.5712623596,
            "min": -36.4433059692,
            "stdev": 5.30473613739
        },
        "short_term": {
            "max": -14.908823967,
            "mean": -16.8328666687,
            "min": -20.4601325989,
            "stdev": 1.29004526138
        }
    },
    "melbands_crest": {
        "max": 30.3252239227,
        "mean": 13.0221366882,
        "min": 1.58710885048,
        "stdev": 5.03167915344
    },
    "melbands_flatness_db": {
        "max": 0.484608650208,
        "mean": 0.268297344446,
        "min": 0.00243148137815,
        "stdev": 0.106202118099
    },
    "melbands_kurtosis": {
        "max": 147.468261719,
        "mean": 16.7572040558,
        "min": -1.89844858646,
        "stdev": 20.3061656952
    },
    "melbands_skewness": {
        "max": 10.4466590881,
        "mean": 2.2377038002,
        "min": -1.83652830124,
        "stdev": 1.75779616833
    },
    "melbands_spread": {
        "max": 163.228164673,
        "mean": 18.901599884,
        "min": 0.581134796143,
        "stdev": 29.7338619232
    },
    "pitch_salience": {
        "max": 0.954906404018,
        "mean": 0.682732641697,
        "min": 0.12841925025,
        "stdev": 0.120944142342
    },
    "silence_rate_20dB": {
        "max": 1,
        "mean": 1,
        "min": 1,
        "stdev": 0
    },
    "silence_rate_30dB": {
        "max": 1,
        "mean": 1,
        "min": 1,
        "stdev": 0
    },
    "silence_rate_60dB": {
        "max": 1,
        "mean": 0.422399997711,
        "min": 0,
        "stdev": 0.493940353394
    },
    "spectral_centroid": {
        "max": 11053.6669922,
        "mean": 994.039978027,
        "min": 241.859725952,
        "stdev": 1029.50561523
    },
    "spectral_complexity": {
        "max": 39,
        "mean": 5.67360019684,
        "min": 0,
        "stdev": 4.95651435852
    },
    "spectral_decrease": {
        "max": -2.84000939791e-29,
        "mean": -3.9655461137e-09,
        "min": -2.63818478174e-08,
        "stdev": 5.20529397363e-09
    },
    "spectral_energy": {
        "max": 0.103439353406,
        "mean": 0.0156456213444,
        "min": 1.06848244505e-20,
        "stdev": 0.020469032228
    },
    "spectral_energyband_high": {
        "max": 0.00246664113365,
        "mean": 7.3532362876e-05,
        "min": 7.8175385664e-21,
        "stdev": 0.000244079012191
    },
    "spectral_energyband_low": {
        "max": 0.0142353530973,
        "mean": 0.000840536376927,
        "min": 3.88514374475e-23,
        "stdev": 0.001526232576
    },
    "spectral_energyband_middle_high": {
        "max": 0.0263715032488,
        "mean": 0.00103087502066,
        "min": 1.36379182062e-21,
        "stdev": 0.00246590189636
    },
    "spectral_energyband_middle_low": {
        "max": 0.102089174092,
        "mean": 0.0141863217577,
        "min": 2.25497820889e-22,
        "stdev": 0.0193769168109
    },
    "spectral_entropy": {
        "max": 9.81022548676,
        "mean": 6.90673494339,
        "min": 4.97028446198,
        "stdev": 0.865614295006
    },
    "spectral_flux": {
        "max": 0.320060640574,
        "mean": 0.0668926984072,
        "min": 6.75130784611e-11,
        "stdev": 0.0568553879857
    },
    "spectral_kurtosis": {
        "max": 57.7128715515,
        "mean": 12.2051868439,
        "min": -1.24675774574,
        "stdev": 10.9474258423
    },
    "spectral_rms": {
        "max": 0.0100457174703,
        "mean": 0.0029924903065,
        "min": 3.22865584095e-12,
        "stdev": 0.00251177651808
    },
    "spectral_rolloff": {
        "max": 18841.5527344,
        "mean": 1155.8157959,
        "min": 172.265625,
        "stdev": 1546.96008301
    },
    "spectral_skewness": {
        "max": 6.02553749084,
        "mean": 2.33518648148,
        "min": -0.951126396656,
        "stdev": 1.31089746952
    },
    "spectral_spread": {
        "max": 41428280,
        "mean": 3575924.25,
        "min": 1268075.25,
        "stdev": 2197091.75
    },
    "spectral_strongpeak": {
        "max": 5.72346496582,
        "mean": 0.855174601078,
        "min": 1.17653731202e-09,
        "stdev": 1.04871070385
    },
    "zerocrossingrate": {
        "max": 0.5556640625,
        "mean": 0.050501562655,
        "min": 0.009765625,
        "stdev": 0.0472071692348
    },
    "barkbands": {
        "max": [7.04515423422e-06, 0.000551790639292, 0.00661259051412, 0.0172300245613, 0.0707825049758, 0.0774578228593, 0.0774643048644, 0.0637782663107, 0.0449865460396, 0.0266214255244, 0.0107238618657, 0.0053198505193, 0.0040568029508, 0.00253937044181, 0.00376719678752, 0.00358681613579, 0.000979685457423, 0.00145428127144, 0.0031507385429, 0.00158103834838, 0.00122850737534, 0.000873975630384, 7.95200248831e-05, 2.0080244667e-06, 1.14005683827e-06, 8.41300334287e-07, 1.44020830817e-07],
        "mean": [4.27103543643e-07, 2.12669201574e-05, 0.000415034592152, 0.000960153294727, 0.00330618163571, 0.00359923392534, 0.00233528600074, 0.00224737892859, 0.00153373426292, 0.000420268188464, 0.000186638586456, 0.000117425835924, 0.000102938487544, 8.97643403732e-05, 7.4595285696e-05, 4.26612568845e-05, 3.95361530536e-05, 3.52551032847e-05, 2.69572410616e-05, 3.74732080672e-05, 3.7519945181e-05, 1.25679371195e-05, 1.60184299602e-06, 7.49020216517e-07, 6.47461206427e-07, 3.45052569628e-07, 1.01329877822e-09],
        "min": [7.7453826774e-24, 1.50066556168e-23, 1.29192491977e-23, 8.10739173566e-24, 1.67459692727e-23, 5.43328768886e-23, 5.51067999238e-23, 3.54752295245e-23, 4.24512685044e-23, 6.31459425693e-23, 4.76684947643e-23, 1.37328389991e-22, 1.185432137e-22, 5.72505830762e-23, 1.18899362311e-22, 5.52729466522e-23, 1.05748098077e-22, 1.79754276107e-22, 2.68675497758e-22, 3.43336247324e-22, 2.78633522468e-22, 4.50550497035e-22, 5.15627911889e-22, 7.90609020987e-22, 1.1119255225e-21, 1.46062546862e-21, 2.25204728139e-21],
        "stdev": [5.40650091807e-07, 4.56527886854e-05, 0.000799252477009, 0.00209997384809, 0.00588988978416, 0.00798103865236, 0.00607965793461, 0.00645841332152, 0.00449330266565, 0.00161261297762, 0.000794595107436, 0.000434995687101, 0.000319896731526, 0.000260335160419, 0.000235215993598, 0.000155410685693, 8.93005853868e-05, 0.00010426568042, 0.00014944942086, 0.000125040998682, 0.000136767543154, 5.21849542565e-05, 3.90073273593e-06, 2.10770622289e-07, 1.41681596233e-07, 2.00403164285e-07, 4.27451629648e-09]
    },
    "erbbands": {
        "max": [0.00388597045094, 0.207035288215, 4.32637691498, 37.3725662231, 101.005653381, 340.37789917, 346.945251465, 959.77154541, 1408.89770508, 769.897521973, 1770.97033691, 1124.03723145, 941.374694824, 485.575134277, 218.406234741, 226.414764404, 221.081878662, 202.15486145, 208.901901245, 330.962432861, 100.274009705, 50.5785751343, 92.9077224731, 141.867034912, 126.512367249, 73.1191940308, 59.4868354797, 50.6137695312, 32.4991149902, 10.5335569382, 1.75613319874, 0.151752457023, 0.027507763356, 0.0147804673761, 0.00800169445574, 0.00436007790267, 0.00160828279331, 0.000315197539749, 5.00435198774e-05, 0.000115581940918],
        "mean": [0.00028983206721, 0.0125476149842, 0.329350441694, 2.03149700165, 6.2852063179, 12.1828269958, 16.9798736572, 34.4303398132, 36.5279045105, 35.6247673035, 52.7865867615, 36.2314491272, 18.9600410461, 10.1275815964, 5.77671909332, 4.98605060577, 4.6656126976, 5.01144790649, 4.14026689529, 3.35407495499, 2.11452507973, 2.2731192112, 2.17543840408, 1.34501743317, 1.51007258892, 1.70552182198, 1.58060014248, 1.39365518093, 0.529997587204, 0.125714898109, 0.0403183214366, 0.0182400792837, 0.011589798145, 0.00767609383911, 0.00433452054858, 0.00185110815801, 0.000539849919733, 7.32773987693e-05, 9.00560735317e-06, 1.77373622137e-05],
        "min": [5.99188956218e-22, 3.00908132202e-21, 8.29461175351e-21, 3.15046858186e-20, 1.05298759119e-20, 6.02807095916e-20, 2.49395652618e-19, 4.4900320077e-19, 7.3422608782e-19, 6.46265562637e-19, 1.03809533194e-18, 9.45842980146e-19, 1.28612368085e-18, 2.07735802251e-18, 2.05069881855e-18, 6.19271412566e-18, 5.25632995582e-18, 4.14310656513e-18, 4.22382698521e-18, 5.98433740319e-18, 3.53144786118e-18, 6.04054639376e-18, 6.56427621219e-18, 1.20446008876e-17, 1.70898045726e-17, 1.4577994542e-17, 1.41305477332e-17, 1.72560728388e-17, 1.61996821329e-17, 1.67871474583e-17, 1.49575910338e-17, 1.40280269681e-17, 1.40328907901e-17, 1.122647873e-17, 8.94299867253e-18, 5.84731534831e-18, 2.62280546792e-18, 1.13218702322e-18, 3.08621810327e-19, 3.42919193603e-20],
        "stdev": [0.000319936400047, 0.0210620574653, 0.565025389194, 3.84250664711, 11.2515830994, 25.9028129578, 39.8733634949, 86.0304260254, 95.2060089111, 86.3500137329, 155.060424805, 104.064872742, 70.6011581421, 36.8932685852, 20.4437885284, 18.3739910126, 13.9347028732, 14.9270277023, 11.5464715958, 12.9375314713, 5.92350149155, 5.07035303116, 6.34956169128, 6.81944513321, 6.79509162903, 5.60037517548, 5.7069144249, 5.39709186554, 2.14980220795, 0.466007500887, 0.0837341919541, 0.00863251648843, 0.00309592299163, 0.00181475479621, 0.00110115110874, 0.000718378345482, 0.000403554848162, 7.12745822966e-05, 9.68713629845e-06, 2.29202287301e-05]
    },
    "gfcc": {
        "mean": [-146.098022461, 117.928939819, -114.065185547, 16.4414272308, -75.6649475098, -18.3559303284, -55.4369621277, -6.21165847778, -28.7150554657, -3.5291159153, -21.6032161713, -9.32863235474, -11.4893655777],
        "cov": [[7228.43408203, 2465.50854492, -1037.58129883, -1087.03137207, -59.0831871033, -689.930847168, 8.60599136353, -164.115142822, 205.64125061, -373.48614502, 100.475990295, -488.912567139, 14.7747449875], [2465.50854492, 1712.4263916, 84.7689056396, -990.602294922, 33.8899650574, -310.226623535, -87.5536727905, -44.8104515076, 145.354812622, -300.719940186, 148.019271851, -256.177124023, -11.1894636154], [-1037.58129883, 84.7689056396, 1161.22583008, -102.746505737, -28.1029605865, 9.3335723877, -252.936141968, -1.46326673031, -93.089012146, -14.1178741455, 24.2361087799, 204.899154663, -90.7722396851], [-1087.03137207, -990.602294922, -102.746505737, 1168.86206055, 1.63096821308, 51.7046203613, 43.1262931824, -48.5067100525, -31.5111274719, 202.9034729, -51.6448249817, 126.401374817, 110.886398315], [-59.0831871033, 33.8899650574, -28.1029605865, 1.63096821308, 181.564849854, -16.630197525, -48.2109642029, 31.1519622803, 31.9660320282, -18.958234787, -8.57485675812, 0.399297624826, 2.20331811905], [-689.930847168, -310.226623535, 9.3335723877, 51.7046203613, -16.630197525, 341.703277588, 70.508895874, 57.3704833984, -73.5674819946, 60.584941864, -51.3363380432, 44.2179946899, -31.6688156128], [8.60599136353, -87.5536727905, -252.936141968, 43.1262931824, -48.2109642029, 70.508895874, 236.279266357, -19.6434402466, -5.85743808746, 18.6183986664, -11.5142745972, -56.189994812, 12.3781614304], [-164.115142822, -44.8104515076, -1.46326673031, -48.5067100525, 31.1519622803, 57.3704833984, -19.6434402466, 138.43560791, 24.7529716492, 11.7547073364, -22.141204834, 14.6931123734, -21.68126297], [205.64125061, 145.354812622, -93.089012146, -31.5111274719, 31.9660320282, -73.5674819946, -5.85743808746, 24.7529716492, 132.915603638, 1.95122289658, 5.96420478821, -50.2608757019, 19.8899669647], [-373.48614502, -300.719940186, -14.1178741455, 202.9034729, -18.958234787, 60.584941864, 18.6183986664, 11.7547073364, 1.95122289658, 132.663375854, -16.8134098053, 32.6678924561, -6.89441871643], [100.475990295, 148.019271851, 24.2361087799, -51.6448249817, -8.57485675812, -51.3363380432, -11.5142745972, -22.141204834, 5.96420478821, -16.8134098053, 75.2398757935, -10.5260429382, 5.83274698257], [-488.912567139, -256.177124023, 204.899154663, 126.401374817, 0.399297624826, 44.2179946899, -56.189994812, 14.6931123734, -50.2608757019, 32.6678924561, -10.5260429382, 134.536209106, -7.16985464096], [14.7747449875, -11.1894636154, -90.7722396851, 110.886398315, 2.20331811905, -31.6688156128, 12.3781614304, -21.68126297, 19.8899669647, -6.89441871643, 5.83274698257, -7.16985464096, 75.2577667236]],
        "icov": [[0.00117455108557, -0.00343624292873, 0.00219772523269, -0.00110198813491, 0.00124209676869, 0.00108828069642, 0.000624160224106, 0.000496773282066, 0.00164861942176, -0.00161416304763, 0.00368263036944, -0.00329562253319, 0.00281204702333], [-0.00343624292873, 0.0133494017646, -0.00737425126135, 0.00488326977938, -0.00385887129232, -0.00258599617518, -0.00136529002339, -0.0011152299121, -0.00632119784132, 0.00760484719649, -0.0137490928173, 0.0141860144213, -0.00971766933799], [0.00219772523269, -0.00737425126135, 0.00610065693036, -0.00243205437437, 0.00293160742149, 0.00171477301046, 0.00235247053206, 0.00143502326682, 0.00335672870278, -0.0033146601636, 0.00727573316544, -0.00978590827435, 0.00738910865039], [-0.00110198813491, 0.00488326977938, -0.00243205437437, 0.00368744623847, -0.00171764707193, -0.000405995146139, -0.000614474352915, 0.000242198060732, -0.00171687151305, 0.000266458519036, -0.00407606409863, 0.00403358973563, -0.00619554705918], [0.00124209676869, -0.00385887129232, 0.00293160742149, -0.00171764707193, 0.00800031237304, 0.000821817026008, 0.00231967982836, -0.000366255640984, 0.000196392225916, 1.93442920136e-05, 0.00459848623723, -0.00432553282008, 0.00405510654673], [0.00108828069642, -0.00258599617518, 0.00171477301046, -0.000405995146139, 0.000821817026008, 0.00599911529571, -0.00102267041802, -0.00154445134103, 0.00408473843709, -0.0030056994874, 0.00483032688498, -0.00267527042888, 0.00230783084407], [0.000624160224106, -0.00136529002339, 0.00235247053206, -0.000614474352915, 0.00231967982836, -0.00102267041802, 0.00739363254979, 0.00141199491918, 0.000843481975608, -0.000366753607523, 0.00157614413183, 0.000548570300452, 0.00178331392817], [0.000496773282066, -0.0011152299121, 0.00143502326682, 0.000242198060732, -0.000366255640984, -0.00154445134103, 0.00141199491918, 0.010412491858, -0.0030607089866, -0.000390922330553, 0.0028283088468, -0.00341253099032, 0.00346778077073], [0.00164861942176, -0.00632119784132, 0.00335672870278, -0.00171687151305, 0.000196392225916, 0.00408473843709, 0.000843481975608, -0.0030607089866, 0.0155958794057, -0.00721864635125, 0.0068359025754, -0.0020605197642, 0.000498240231536], [-0.00161416304763, 0.00760484719649, -0.0033146601636, 0.000266458519036, 1.93442920136e-05, -0.0030056994874, -0.000366753607523, -0.000390922330553, -0.00721864635125, 0.0184260513633, -0.00822032336146, 0.00650747586042, 0.000592257769313], [0.00368263036944, -0.0137490928173, 0.00727573316544, -0.00407606409863, 0.00459848623723, 0.00483032688498, 0.00157614413183, 0.0028283088468, 0.0068359025754, -0.00822032336146, 0.0302045699209, -0.0139485644177, 0.00823815446347], [-0.00329562253319, 0.0141860144213, -0.00978590827435, 0.00403358973563, -0.00432553282008, -0.00267527042888, 0.000548570300452, -0.00341253099032, -0.0020605197642, 0.00650747586042, -0.0139485644177, 0.0310022011399, -0.0118873426691], [0.00281204702333, -0.00971766933799, 0.00738910865039, -0.00619554705918, 0.00405510654673, 0.00230783084407, 0.00178331392817, 0.00346778077073, 0.000498240231536, 0.000592257769313, 0.00823815446347, -0.0118873426691, 0.0290415212512]]
    },
    "melbands": {
        "max": [7.59829490562e-05, 0.00173810496926, 0.00570148183033, 0.0111423023045, 0.0130129037425, 0.018425622955, 0.0185162946582, 0.00866913795471, 0.013795921579, 0.00678663793951, 0.00473570730537, 0.00213488936424, 0.00106467679143, 0.000819917244371, 0.000409761123592, 0.000416999944719, 0.000355993601261, 0.000353279960109, 0.000409557280364, 0.000328573893057, 8.84847613634e-05, 4.49167382612e-05, 9.88821411738e-05, 7.87023673183e-05, 0.000128405285068, 0.000103441350802, 7.37484588171e-05, 5.39845750609e-05, 4.75607776025e-05, 2.88199971692e-05, 3.19639984809e-05, 1.97242079594e-05, 1.25012320495e-05, 3.46722003997e-06, 1.1822758097e-06, 1.27420506146e-07, 4.50641977068e-08, 2.26275496118e-08, 1.57559671976e-08, 1.34716167111e-08],
        "mean": [3.41350255439e-06, 0.000134227811941, 0.000469256163342, 0.000669996137731, 0.000603594409768, 0.00075835530879, 0.000543427770026, 0.000407464598538, 0.00042476534145, 0.000206361655728, 8.7986489234e-05, 4.03947233281e-05, 2.2144688046e-05, 1.41826512845e-05, 1.06015450001e-05, 1.0543892131e-05, 8.97639347386e-06, 6.60080559101e-06, 5.49517972104e-06, 3.46709157384e-06, 2.23829488277e-06, 2.22471953748e-06, 2.46980312113e-06, 1.51001393078e-06, 1.02502065147e-06, 1.03792217487e-06, 1.18512934932e-06, 1.12018904019e-06, 1.02907711153e-06, 9.00301358797e-07, 7.71704719682e-07, 3.43917321288e-07, 1.18656828363e-07, 4.6735397774e-08, 2.4386785924e-08, 1.32584787593e-08, 1.00346744247e-08, 8.15554201949e-09, 7.22002724274e-09, 6.20035356391e-09],
        "min": [5.53104459442e-24, 4.63508319954e-24, 4.52141307626e-24, 1.91611947295e-24, 7.5423740566e-24, 1.07100126782e-23, 1.22888767593e-23, 7.06124857937e-24, 8.61640186818e-24, 5.49485638925e-24, 6.53611649654e-24, 8.19003990384e-24, 5.67514699926e-24, 1.16021946405e-23, 1.3582488737e-23, 1.22977372449e-23, 6.35491001901e-24, 5.57287236619e-24, 1.00282759285e-23, 4.28035453856e-24, 4.16948329378e-24, 5.61187877694e-24, 3.71501579312e-24, 9.43483795759e-24, 8.79706679269e-24, 1.42379895507e-23, 1.10467103455e-23, 8.84567719053e-24, 1.11765000525e-23, 6.30839286359e-24, 9.81270233119e-24, 9.97807360934e-24, 7.60043579695e-24, 8.67261846286e-24, 7.82534714078e-24, 9.26171217675e-24, 8.25365364724e-24, 9.9487555938e-24, 8.1536836713e-24, 9.24807119398e-24],
        "stdev": [6.56792417431e-06, 0.000228828022955, 0.00078531721374, 0.0011150756618, 0.00134302757215, 0.00178670254536, 0.00136084575206, 0.000983631471172, 0.0012131385738, 0.000612632720731, 0.000343221385265, 0.000150001142174, 8.64398025442e-05, 5.65174595977e-05, 3.43259998772e-05, 3.46725282725e-05, 2.73716232186e-05, 1.91547860595e-05, 1.91988892766e-05, 1.37707220347e-05, 5.87893100601e-06, 4.90303864353e-06, 6.9214083851e-06, 4.75028946312e-06, 5.91944262851e-06, 5.41463623449e-06, 4.54797191196e-06, 3.78890945285e-06, 3.90249306292e-06, 3.31359183292e-06, 3.15039596899e-06, 1.44220643961e-06, 5.09422477535e-07, 1.60732213317e-07, 5.47230349923e-08, 9.27400467532e-09, 3.67120445155e-09, 2.5951489846e-09, 2.06689176885e-09, 1.68518543564e-09]
    },
    "melbands128": {
        "max": [3.40273845723e-06, 1.09269012682e-05, 8.41123546707e-05, 0.00039130327059, 0.00144003890455, 0.00412050867453, 0.00913625769317, 0.0102155571803, 0.0139801204205, 0.016758993268, 0.0239996500313, 0.0295950304717, 0.0173374786973, 0.0150749804452, 0.0360982678831, 0.0366750285029, 0.0337077528238, 0.0269687958062, 0.0178767759353, 0.0126422643661, 0.0153515907004, 0.0187048129737, 0.0244307816029, 0.0172633938491, 0.0131184374914, 0.00645866198465, 0.0111169014126, 0.00803042389452, 0.00494260154665, 0.0047068935819, 0.00249238498509, 0.00367844104767, 0.00112888182048, 0.0010136627825, 0.000887585571036, 0.00143417075742, 0.00119554961566, 0.000690244720317, 0.000361882935977, 0.00106128072366, 0.000889990362339, 0.000937721517403, 0.000540832465049, 0.000462514959509, 0.000332364172209, 0.000487840559799, 0.000406120176194, 0.000453016109532, 0.000381616235245, 0.000891016738024, 0.000253451493336, 0.000273800920695, 0.000144889621879, 5.81696840527e-05, 4.79025948152e-05, 6.82745594531e-05, 7.71946652094e-05, 0.000133762252517, 0.000121723314805, 0.000129913329147, 0.000104172271676, 5.54474027012e-05, 0.00010082769586, 0.000207124860026, 0.000103401565866, 0.000117081108328, 9.53593989834e-05, 0.000124902115203, 8.855262422e-05, 7.12022738298e-05, 4.30546315329e-05, 5.08902194269e-05, 9.64448045124e-05, 7.45953584556e-05, 5.03307455801e-05, 3.40756669175e-05, 4.59053298982e-05, 4.7214456572e-05, 3.79830453312e-05, 3.52001989086e-05, 2.31028388953e-05, 1.47106393342e-05, 2.59286862274e-05, 1.02498443084e-05, 6.91902687322e-06, 3.38747850037e-06, 3.09163829115e-06, 2.02753517442e-06, 1.1045675592e-06, 4.36856396391e-07, 1.62657087799e-07, 8.94605065582e-08, 8.81922872509e-08, 5.92779798581e-08, 2.89042265678e-08, 3.65209409381e-08, 2.79867027331e-08, 2.72773128529e-08, 2.06135606362e-08, 2.5509132584e-08, 2.49630307536e-08, 1.91335800537e-08, 2.04075547572e-08, 1.5140127374e-08, 1.54273980257e-08, 1.28406005828e-08, 1.02179686934e-08, 1.11469127262e-08, 1.21172885059e-08, 1.10875673087e-08, 9.75012781623e-09, 7.67697994064e-09, 7.69811947521e-09, 1.0801382011e-08, 7.2253585337e-09, 7.24132931396e-09, 8.42776071153e-10, 7.49758255481e-10, 6.79894918143e-10, 6.33904595482e-10, 6.03792293941e-10, 5.7837751255e-10, 5.56588497513e-10, 5.40027411677e-10, 5.30400945387e-10, 5.22484167043e-10, 5.15406106683e-10, 5.11177766782e-10],
        "mean": [2.76605305771e-07, 8.21373134841e-07, 1.6215259393e-06, 1.38691111715e-05, 9.18313962757e-05, 0.000242176931351, 0.000374397524865, 0.000524078437593, 0.000632097653579, 0.000690764456522, 0.000694931484759, 0.000639987818431, 0.000536086969078, 0.000594744225964, 0.000804951589089, 0.00086287339218, 0.000674671726301, 0.000471822306281, 0.000397190829972, 0.000369924848201, 0.000415675836848, 0.000507118005771, 0.000436501257354, 0.000344185333233, 0.000254154350841, 0.000129699765239, 0.000125210804981, 9.32124166866e-05, 5.03335359099e-05, 4.17075789301e-05, 3.7173187593e-05, 3.72527538275e-05, 1.97596982616e-05, 1.40369238579e-05, 1.23849240481e-05, 1.67201542354e-05, 1.25953465613e-05, 1.00213128462e-05, 9.15570853977e-06, 1.04402306533e-05, 1.08273006845e-05, 1.09371776489e-05, 9.91523938865e-06, 7.53520225771e-06, 6.50393531032e-06, 6.68863731335e-06, 6.37073571852e-06, 5.7781594478e-06, 5.06124479216e-06, 4.34311459685e-06, 3.24425059262e-06, 2.65692301582e-06, 2.32471529671e-06, 2.05370452022e-06, 1.99990449801e-06, 2.11058795685e-06, 2.52687982538e-06, 2.71803037322e-06, 2.42460828304e-06, 2.0674372081e-06, 1.49695620166e-06, 1.10590963232e-06, 9.43534246289e-07, 1.06781556042e-06, 1.01213663584e-06, 1.02695537407e-06, 1.03978618426e-06, 1.13949010938e-06, 1.25618032598e-06, 1.2160822962e-06, 1.03618367575e-06, 1.10707912881e-06, 1.20204538234e-06, 1.00692227534e-06, 8.57528505094e-07, 8.5939558403e-07, 9.60889224189e-07, 9.06447496618e-07, 7.86574958056e-07, 6.18181672962e-07, 3.82921342634e-07, 2.44927235826e-07, 1.67004358786e-07, 1.1125710131e-07, 7.59356524327e-08, 4.9533259272e-08, 4.0090515796e-08, 3.14414982938e-08, 2.44768649793e-08, 1.87291124831e-08, 1.40067886178e-08, 1.19605321203e-08, 1.12418208076e-08, 1.00529788938e-08, 9.39494970709e-09, 8.56186588294e-09, 7.76772690614e-09, 7.75220510008e-09, 7.25546200897e-09, 7.06774239134e-09, 6.52701004356e-09, 6.12236528141e-09, 5.72322811365e-09, 5.30571764301e-09, 4.90423879285e-09, 4.61860683032e-09, 4.11899003794e-09, 3.57476381829e-09, 3.10852188434e-09, 2.76491118889e-09, 2.41824738012e-09, 1.88122917244e-09, 1.47655832006e-09, 1.37609201811e-09, 1.27679400386e-09, 1.16200804534e-09, 6.7236695378e-11, 3.05910353472e-12, 2.93238632161e-12, 2.83317835338e-12, 2.75399690032e-12, 2.68351161604e-12, 2.62706870147e-12, 2.57368236965e-12, 2.51307633557e-12, 2.44031596146e-12, 2.39488723991e-12, 2.37760397308e-12],
        "min": [4.66861215459e-24, 4.7712966009e-24, 7.83113737982e-24, 3.51569549148e-24, 1.47746636547e-24, 8.51497881045e-24, 7.62501828048e-24, 2.78005153736e-24, 4.23158696019e-25, 7.01463301354e-25, 3.1256704326e-24, 6.86105934745e-24, 9.39066648007e-24, 8.06323209105e-24, 4.90269203429e-24, 1.74217217237e-23, 1.30508698509e-23, 8.01303134963e-24, 4.20473945979e-24, 6.3933003294e-24, 4.6717092225e-24, 1.15936063118e-23, 7.17790217459e-24, 8.15413253316e-24, 6.15675092064e-24, 1.82369613487e-24, 5.85822859916e-24, 3.98486380955e-24, 1.14386598305e-23, 3.54475121078e-24, 7.64811849437e-24, 7.66124750641e-24, 4.85457388565e-24, 2.63666462935e-24, 5.50346049514e-24, 7.57827353868e-24, 3.22930876952e-23, 1.1278814523e-23, 6.75517764789e-24, 7.54336249932e-24, 1.16971979482e-23, 3.82429038343e-24, 4.91180456104e-24, 4.0321079003e-24, 4.72445640693e-24, 3.84411445798e-24, 6.00900161182e-24, 1.2250664337e-23, 1.1250026622e-23, 2.35669355536e-24, 5.79676055743e-24, 1.78063221805e-24, 3.22456341618e-24, 5.26484505967e-24, 4.69480549209e-24, 5.25970010885e-24, 5.10932349879e-24, 3.44552000308e-24, 3.58280862186e-24, 2.50109671342e-24, 8.05327429984e-24, 9.54427347553e-24, 1.02296942057e-23, 4.62727150442e-24, 6.8407430237e-24, 2.32665688753e-23, 9.86519865785e-24, 8.46776232983e-24, 1.63150035162e-23, 5.51736771847e-24, 4.92802748555e-24, 1.0817339571e-23, 1.07766627472e-23, 3.76265510318e-24, 4.62265469597e-24, 7.90756695748e-24, 3.07365570552e-24, 1.18367671638e-23, 6.07014148742e-24, 1.27203955073e-23, 1.40967408502e-23, 5.09465029152e-24, 9.35184979036e-24, 6.36377918217e-24, 6.75574168344e-24, 1.19217992697e-23, 6.33401585465e-24, 6.71911802705e-24, 6.04776465898e-24, 1.20496625784e-23, 7.27852217191e-24, 5.41723444833e-24, 9.8044776674e-24, 5.58283134069e-24, 5.72060944766e-24, 8.4522257143e-24, 9.97326313554e-24, 1.21857615949e-23, 8.60047239992e-24, 5.10951203655e-24, 6.87631276192e-24, 6.35009165661e-24, 1.65912925819e-23, 7.21337330519e-24, 8.11188745396e-24, 1.4319712385e-23, 7.68653444273e-24, 9.37127391243e-24, 8.29438884666e-24, 8.56477881054e-24, 4.90473597289e-24, 5.5787268974e-24, 8.78829229284e-24, 9.36409606706e-24, 8.61126322824e-24, 5.61928420869e-24, 5.71205030684e-24, 5.01629352667e-24, 8.03726357891e-24, 1.07284846452e-23, 9.1782341269e-24, 8.65361085935e-24, 6.52469891823e-24, 8.84358592027e-24, 8.50484352554e-24, 8.08131751616e-24, 1.16111710887e-23, 9.90376054548e-24],
        "stdev": [3.15927906058e-07, 8.11218967556e-07, 3.74895171262e-06, 3.18509701174e-05, 0.000180242481292, 0.000487140321638, 0.000836256251205, 0.00121882627718, 0.00139405357186, 0.00147282017861, 0.0017932173796, 0.00209223595448, 0.00170353078283, 0.00161483429838, 0.00253507168964, 0.00267859967425, 0.00219755317084, 0.0017225719057, 0.00140895170625, 0.00126883608755, 0.00137680908665, 0.00189000356477, 0.00174027320463, 0.0013022281928, 0.000983166741207, 0.000524204573594, 0.000668637920171, 0.000443715922302, 0.000235382278333, 0.000228661956498, 0.000183021998964, 0.000217163775233, 8.66077098181e-05, 6.90439046593e-05, 4.98862282257e-05, 9.10937887966e-05, 6.20775317657e-05, 3.98712945753e-05, 3.05233261315e-05, 4.64675831608e-05, 4.79512891616e-05, 4.66895398858e-05, 3.6301669752e-05, 2.65258240688e-05, 2.32161291933e-05, 2.37773583649e-05, 2.3955526558e-05, 2.15313557419e-05, 2.02589508262e-05, 2.8666052458e-05, 1.18730213217e-05, 1.06883708213e-05, 8.11883364804e-06, 4.83046460431e-06, 4.49392427981e-06, 5.47812760487e-06, 6.67859603709e-06, 8.9873892648e-06, 7.33083879823e-06, 7.36510310162e-06, 5.60736543775e-06, 3.96346376874e-06, 4.88602745463e-06, 8.36085291667e-06, 5.96043673795e-06, 6.05818695476e-06, 5.14158682563e-06, 5.37509595233e-06, 5.36244215255e-06, 4.66309256808e-06, 3.60388276022e-06, 4.0972363422e-06, 5.42209727428e-06, 4.40520852862e-06, 3.51492190021e-06, 3.2137359085e-06, 3.93076697947e-06, 3.87887757825e-06, 3.40774681717e-06, 2.76393689091e-06, 1.69146028384e-06, 1.02091462395e-06, 9.14774602734e-07, 4.56382736047e-07, 3.01911427414e-07, 1.84128225555e-07, 1.38160444862e-07, 9.67965974041e-08, 5.39282751788e-08, 2.77085892009e-08, 1.21918430906e-08, 6.79448364238e-09, 6.6379834962e-09, 4.90356422134e-09, 4.14680423333e-09, 3.9466470092e-09, 3.41767214529e-09, 3.36649463861e-09, 3.05051051086e-09, 2.80982082046e-09, 2.58977550516e-09, 2.43600650762e-09, 2.27504037831e-09, 2.15643836121e-09, 2.02007521821e-09, 1.82611048505e-09, 1.75727088436e-09, 1.95183536e-09, 1.85483417514e-09, 1.73626502065e-09, 1.69768088476e-09, 1.66710334426e-09, 1.58074431322e-09, 1.53237689204e-09, 1.42943634707e-09, 1.38414446571e-09, 9.93718787812e-11, 2.18865741503e-11, 1.99452850069e-11, 1.86603371644e-11, 1.78104718473e-11, 1.70913474346e-11, 1.64755223353e-11, 1.60044096031e-11, 1.57245345217e-11, 1.54958164356e-11, 1.52937038034e-11, 1.51724934699e-11]
    },
    "mfcc": {
        "mean": [-788.675292969, 150.65447998, 3.31245279312, 24.0050849915, -9.02669525146, -13.652094841, -21.1069889069, -16.8068504333, -10.9171266556, -9.72272205353, -8.76443481445, -7.68859910965, -9.62871742249],
        "cov": [[4515.81298828, 2097.44726562, -1182.51281738, -307.787414551, -397.811737061, -437.149261475, -215.4402771, -150.970092773, 9.80447006226, 45.7422790527, 55.5307998657, -38.5015029907, -172.293579102], [2097.44726562, 2425.07495117, 24.7359848022, -852.799743652, 20.5932235718, -548.040222168, -210.491943359, -13.8078308105, -197.511077881, -97.8378982544, -7.59221887589, 42.6545906067, -139.415298462], [-1182.51281738, 24.7359848022, 910.525634766, 36.9299888611, 165.1484375, 24.6346664429, -22.7750225067, 13.6994485855, -124.318740845, -124.997200012, -45.5113372803, 44.2527351379, 30.5357666016], [-307.787414551, -852.799743652, 36.9299888611, 774.214355469, 56.7047576904, 153.483032227, -32.4711494446, -85.7331390381, 58.9446258545, -21.9551277161, -26.0912742615, -23.0015201569, 63.2879676819], [-397.811737061, 20.5932235718, 165.1484375, 56.7047576904, 328.52243042, -42.8293113708, -70.5144729614, 28.2139644623, -21.1021232605, -24.0199718475, -27.9895706177, 16.7906990051, 22.8352127075], [-437.149261475, -548.040222168, 24.6346664429, 153.483032227, -42.8293113708, 279.463653564, 114.05519104, 6.30363130569, 58.4397392273, 34.0381660461, 16.8448600769, -14.161605835, 15.3645601273], [-215.4402771, -210.491943359, -22.7750225067, -32.4711494446, -70.5144729614, 114.05519104, 173.216644287, 48.6734580994, 10.7790822983, 23.8066272736, 13.7272462845, -8.89128494263, -4.96594715118], [-150.970092773, -13.8078308105, 13.6994485855, -85.7331390381, 28.2139644623, 6.30363130569, 48.6734580994, 112.01940155, 29.4669494629, 2.68306422234, 2.90948843956, 8.48870944977, -0.475027382374], [9.80447006226, -197.511077881, -124.318740845, 58.9446258545, -21.1021232605, 58.4397392273, 10.7790822983, 29.4669494629, 122.893562317, 71.4799041748, 19.2828426361, -3.3780708313, 5.44275951385], [45.7422790527, -97.8378982544, -124.997200012, -21.9551277161, -24.0199718475, 34.0381660461, 23.8066272736, 2.68306422234, 71.4799041748, 118.676818848, 57.3794403076, -3.65225529671, -5.98653078079], [55.5307998657, -7.59221887589, -45.5113372803, -26.0912742615, -27.9895706177, 16.8448600769, 13.7272462845, 2.90948843956, 19.2828426361, 57.3794403076, 82.1875610352, 23.8265571594, -14.8233633041], [-38.5015029907, 42.6545906067, 44.2527351379, -23.0015201569, 16.7906990051, -14.161605835, -8.89128494263, 8.48870944977, -3.3780708313, -3.65225529671, 23.8265571594, 60.0990104675, 26.3853683472], [-172.293579102, -139.415298462, 30.5357666016, 63.2879676819, 22.8352127075, 15.3645601273, -4.96594715118, -0.475027382374, 5.44275951385, -5.98653078079, -14.8233633041, 26.3853683472, 74.5223617554]],
        "icov": [[0.00318671390414, -0.00456605898216, 0.00396032026038, -0.00383010366932, 0.00283071585, -0.00225105439313, 0.00113795674406, -0.000811354606412, 0.000359081343049, -0.000941591220908, 0.000420694850618, -0.000459241651697, 0.000267223396804], [-0.00456605898216, 0.00792671088129, -0.00568841025233, 0.00665297405794, -0.00409006187692, 0.00480438955128, -0.00111340568401, 0.00194032734726, -0.00036126334453, 0.00201766728424, -0.000481649476569, -0.000277580256807, 0.001345248078], [0.00396032026038, -0.00568841025233, 0.00654526893049, -0.00485646445304, 0.00301124947146, -0.0037204765249, 0.00192307634279, -0.00171561574098, 0.00223476137035, -0.000800148874987, 0.00110420200508, -0.00191390479449, 0.000588103896007], [-0.00383010366932, 0.00665297405794, -0.00485646445304, 0.00786924082786, -0.00424436340109, 0.00327399536036, -0.00109332124703, 0.00423836242408, -0.00314675923437, 0.00474955886602, -0.0025208867155, 0.00225109211169, -0.00120917172171], [0.00283071585, -0.00409006187692, 0.00301124947146, -0.00424436340109, 0.00707280961797, -0.00242312857881, 0.00383830303326, -0.00426095817238, 0.00315372645855, -0.00422224262729, 0.00344720412977, -0.00227649882436, 0.000746689795051], [-0.00225105439313, 0.00480438955128, -0.0037204765249, 0.00327399536036, -0.00242312857881, 0.0109795788303, -0.00610211025923, 0.00436126021668, -0.00522021250799, 0.00385935022496, -0.00341770425439, 0.0022514720913, -0.000158070717589], [0.00113795674406, -0.00111340568401, 0.00192307634279, -0.00109332124703, 0.00383830303326, -0.00610211025923, 0.013734399341, -0.00805914308876, 0.00756678404287, -0.00583608495072, 0.00360302766785, -0.0018905994948, 0.00199890555814], [-0.000811354606412, 0.00194032734726, -0.00171561574098, 0.00423836242408, -0.00426095817238, 0.00436126021668, -0.00805914308876, 0.0187292210758, -0.0118588730693, 0.00966789852828, -0.00529319606721, 0.00193689658772, -0.00124941649847], [0.000359081343049, -0.00036126334453, 0.00223476137035, -0.00314675923437, 0.00315372645855, -0.00522021250799, 0.00756678404287, -0.0118588730693, 0.0249439775944, -0.0181282348931, 0.0109556699172, -0.00747868604958, 0.00399860227481], [-0.000941591220908, 0.00201766728424, -0.000800148874987, 0.00474955886602, -0.00422224262729, 0.00385935022496, -0.00583608495072, 0.00966789852828, -0.0181282348931, 0.0312735959888, -0.022409254685, 0.0131676569581, -0.00722051504999], [0.000420694850618, -0.000481649476569, 0.00110420200508, -0.0025208867155, 0.00344720412977, -0.00341770425439, 0.00360302766785, -0.00529319606721, 0.0109556699172, -0.022409254685, 0.0352350845933, -0.0225132443011, 0.0139940502122], [-0.000459241651697, -0.000277580256807, -0.00191390479449, 0.00225109211169, -0.00227649882436, 0.0022514720913, -0.0018905994948, 0.00193689658772, -0.00747868604958, 0.0131676569581, -0.0225132443011, 0.0368594042957, -0.0185134038329], [0.000267223396804, 0.001345248078, 0.000588103896007, -0.00120917172171, 0.000746689795051, -0.000158070717589, 0.00199890555814, -0.00124941649847, 0.00399860227481, -0.00722051504999, 0.0139940502122, -0.0185134038329, 0.0257345605642]]
    },
    "spectral_contrast_coeffs": {
        "max": [-0.257155388594, -0.360358685255, -0.491260886192, -0.653611660004, -0.643342018127, -0.361705541611],
        "mean": [-0.609938025475, -0.734526872635, -0.809968173504, -0.835063099861, -0.831264257431, -0.793961882591],
        "min": [-0.969200730324, -0.97327452898, -0.963899195194, -0.966394782066, -0.963953614235, -0.96133852005],
        "stdev": [0.123669244349, 0.130405560136, 0.0803357958794, 0.0545917972922, 0.0471395216882, 0.0793593227863]
    },
    "spectral_contrast_valleys": {
        "max": [-6.09758758545, -4.65131521225, -5.18888521194, -6.03364038467, -6.07616901398, -11.367225647],
        "mean": [-8.33726787567, -7.36457824707, -8.60113525391, -8.80511760712, -8.90539073944, -11.8201093674],
        "min": [-27.5127487183, -27.0155239105, -27.5294151306, -27.1175556183, -27.0589580536, -27.2698497772],
        "stdev": [1.18215239048, 1.28033065796, 1.22754025459, 1.12988388538, 1.05028343201, 0.744787037373]
    }
},
"rhythm": {
    "beats_count": 58,
    "beats_loudness": {
        "max": 0.077485896647,
        "mean": 0.0251453630626,
        "min": 0.000128569008666,
        "stdev": 0.0212044306099
    },
    "bpm": 128.291412354,
    "bpm_histogram_first_peak_bpm": 129,
    "bpm_histogram_first_peak_weight": 0.529411792755,
    "bpm_histogram_second_peak_bpm": 167,
    "bpm_histogram_second_peak_spread": 0,
    "bpm_histogram_second_peak_weight": 0.140350878239,
    "danceability": 1.30684161186,
    "onset_rate": 4.17049598694,
    "beats_loudness_band_ratio": {
        "max": [0.698983371258, 0.937546789646, 0.80043810606, 0.515914916992, 0.327959805727, 0.697931647301],
        "mean": [0.217770084739, 0.398125976324, 0.349760234356, 0.0686017125845, 0.0221579801291, 0.0201152097434],
        "min": [0.00690095918253, 0.066791780293, 0.00233319750987, 0.00051656976575, 0.000175414344994, 0.000145082478411],
        "stdev": [0.162073627114, 0.224927425385, 0.230888456106, 0.116380296648, 0.046187300235, 0.0917966887355]
    },
    "beats_position": [0.545668900013, 1.09133780003, 1.64861679077, 2.18267560005, 2.71673464775, 3.23918366432, 3.76163268089, 4.29569149017, 4.73687076569, 5.20126962662, 5.67727899551, 6.15328788757, 6.60607719421, 7.05886602402, 7.53487491608, 8.01088428497, 8.47528362274, 9.04417228699, 9.61306095123, 10.1819496155, 10.7508392334, 11.3313379288, 11.9582767487, 12.5968255997, 13.2121543884, 13.8390922546, 14.4660310745, 15.0813598633, 15.696688652, 16.3236274719, 16.9505672455, 17.5775051117, 18.0535144806, 18.5295238495, 18.9939231873, 19.458322525, 19.9227199554, 20.3871192932, 20.8747386932, 21.339138031, 21.8151473999, 22.2795467377, 22.6858959198, 23.1154651642, 23.5566444397, 23.9629936218, 24.369342804, 24.7292518616, 25.1007709503, 25.4722900391, 25.8321990967, 26.1921081543, 26.5520172119, 26.9119262695, 27.2602272034, 27.620136261, 27.9800453186, 28.3399543762],
