{
"metadata": {
    "version": {
        "essentia": "2.1-beta5",
        "essentia_git_sha": "Undefined",
        "extractor": "music 2.0"
    },
    "audio_properties": {
        "analysis": {
            "equal_loudness": 0,
            "length": 48.7502937317,
            "sample_rate": 44100,
            "start_time": 12.7477550507,
            "downmix": "mix"
        },
        "bit_rate": 192000,
        "length": 159.880996704,
        "lossless": 0,
        "number_channels": 2,
        "replay_gain": -6.80167007446,
        "sample_rate": 48000,
        "codec": "mp3",
        "md5_encoded": "8fdf0bc602b4a6f10c0992aa6bdde132"
    },
    "tags": {
        "file_name": "Monaco_L_amour S_en Va_Françoise Hardy.mp3",
        "encoding": ["Lavf58.29.100"]
    }
},
"lowlevel": {
    "average_loudness": 0.807242393494,
    "barkbands_crest": {
        "max": 25.3912715912,
        "mean": 11.5177211761,
        "min": 4.28680610657,
        "stdev": 3.81587958336
    },
    "barkbands_flatness_db": {
        "max": 0.386574625969,
        "mean": 0.240720450878,
        "min": 0.0978715568781,
        "stdev": 0.0405961200595
    },
    "barkbands_kurtosis": {
        "max": 105.719436646,
        "mean": 7.54513406754,
        "min": -1.79542696476,
        "stdev": 8.50530910492
    },
    "barkbands_skewness": {
        "max": 7.97480726242,
        "mean": 1.82289850712,
        "min": -1.78820228577,
        "stdev": 0.937563478947
    },
    "barkbands_spread": {
        "max": 96.3654632568,
        "mean": 8.43968868256,
        "min": 0.499689549208,
        "stdev": 7.22072315216
    },
    "dissonance": {
        "max": 0.499603956938,
        "mean": 0.416671097279,
        "min": 0.186628967524,
        "stdev": 0.0451011247933
    },
    "dynamic_complexity": 2.93458890915,
    "erbbands_crest": {
        "max": 33.4062614441,
        "mean": 12.5603914261,
        "min": 3.05854415894,
        "stdev": 5.42406702042
    },
    "erbbands_flatness_db": {
        "max": 0.421717703342,
        "mean": 0.248477295041,
        "min": 0.105804078281,
        "stdev": 0.0407772958279
    },
    "erbbands_kurtosis": {
        "max": 159.813781738,
        "mean": 3.55343961716,
        "min": -1.8003205061,
        "stdev": 8.85880661011
    },
    "erbbands_skewness": {
        "max": 10.2821807861,
        "mean": 1.22800993919,
        "min": -2.89904236794,
        "stdev": 0.994414389133
    },
    "erbbands_spread": {
        "max": 97.8641052246,
        "mean": 21.3452110291,
        "min": 0.745352387428,
        "stdev": 12.4628200531
    },
    "hfc": {
        "max": 45.9771385193,
        "mean": 10.0852594376,
        "min": 0.20661559701,
        "stdev": 8.00752639771
    },
    "loudness_ebu128": {
        "integrated": -18.5528907776,
        "loudness_range": 5.41649246216,
        "momentary": {
            "max": -13.499382019,
            "mean": -19.3404483795,
            "min": -27.341386795,
            "stdev": 2.63644337654
        },
        "short_term": {
            "max": -15.0676174164,
            "mean": -18.9158287048,
            "min": -22.1798477173,
            "stdev": 1.85931575298
        }
    },
    "melbands_crest": {
        "max": 31.9304885864,
        "mean": 15.3802957535,
        "min": 5.30502986908,
        "stdev": 5.29647350311
    },
    "melbands_flatness_db": {
        "max": 0.43961045146,
        "mean": 0.278321176767,
        "min": 0.0667507946491,
        "stdev": 0.0492570288479
    },
    "melbands_kurtosis": {
        "max": 205.009490967,
        "mean": 10.615436554,
        "min": -1.73781645298,
        "stdev": 12.3202543259
    },
    "melbands_skewness": {
        "max": 9.78553581238,
        "mean": 2.03370332718,
        "min": -1.20524346828,
        "stdev": 1.19872117043
    },
    "melbands_spread": {
        "max": 213.563552856,
        "mean": 10.2382068634,
        "min": 0.654726266861,
        "stdev": 10.1781148911
    },
    "pitch_salience": {
        "max": 0.804212927818,
        "mean": 0.540291190147,
        "min": 0.142456769943,
        "stdev": 0.108810931444
    },
    "silence_rate_20dB": {
        "max": 1,
        "mean": 1,
        "min": 1,
        "stdev": 0
    },
    "silence_rate_30dB": {
        "max": 1,
        "mean": 1,
        "min": 1,
        "stdev": 0
    },
    "silence_rate_60dB": {
        "max": 1,
        "mean": 0.0223702993244,
        "min": 0,
        "stdev": 0.147882774472
    },
    "spectral_centroid": {
        "max": 4614.88671875,
        "mean": 670.365722656,
        "min": 297.776794434,
        "stdev": 340.586639404
    },
    "spectral_complexity": {
        "max": 29,
        "mean": 11.0028562546,
        "min": 1,
        "stdev": 3.73439764977
    },
    "spectral_decrease": {
        "max": -1.1844089598e-10,
        "mean": -5.53849233143e-09,
        "min": -2.81633987242e-08,
        "stdev": 4.31232161091e-09
    },
    "spectral_energy": {
        "max": 0.109442219138,
        "mean": 0.0218183193356,
        "min": 0.00047725441982,
        "stdev": 0.0169147849083
    },
    "spectral_energyband_high": {
        "max": 0.00424891011789,
        "mean": 7.26119542378e-05,
        "min": 2.14866645365e-06,
        "stdev": 0.0002216999128
    },
    "spectral_energyband_low": {
        "max": 0.0464365109801,
        "mean": 0.00339067634195,
        "min": 6.60252135276e-06,
        "stdev": 0.00546369329095
    },
    "spectral_energyband_middle_high": {
        "max": 0.0275720432401,
        "mean": 0.00229287683032,
        "min": 1.03180536826e-05,
        "stdev": 0.00322278309613
    },
    "spectral_energyband_middle_low": {
        "max": 0.106784582138,
        "mean": 0.0162252280861,
        "min": 0.000288488372462,
        "stdev": 0.0149204786867
    },
    "spectral_entropy": {
        "max": 8.55325222015,
        "mean": 6.78544616699,
        "min": 5.09128904343,
        "stdev": 0.444264709949
    },
    "spectral_flux": {
        "max": 0.311275273561,
        "mean": 0.0508661828935,
        "min": 0.00865533202887,
        "stdev": 0.0260066390038
    },
    "spectral_kurtosis": {
        "max": 39.2296524048,
        "mean": 8.93449497223,
        "min": -0.933900117874,
        "stdev": 5.58422231674
    },
    "spectral_rms": {
        "max": 0.0103330975398,
        "mean": 0.00431290268898,
        "min": 0.000682359212078,
        "stdev": 0.00163862865884
    },
    "spectral_rolloff": {
        "max": 8936.27929688,
        "mean": 729.925964355,
        "min": 107.666015625,
        "stdev": 681.856506348
    },
    "spectral_skewness": {
        "max": 4.91367483139,
        "mean": 2.16499757767,
        "min": -0.100935690105,
        "stdev": 0.712196826935
    },
    "spectral_spread": {
        "max": 17994638,
        "mean": 2956492,
        "min": 1344761,
        "stdev": 824835.6875
    },
    "spectral_strongpeak": {
        "max": 6.32978582382,
        "mean": 1.10597681999,
        "min": 0.019926302135,
        "stdev": 0.836089491844
    },
    "zerocrossingrate": {
        "max": 0.28955078125,
        "mean": 0.0296973083168,
        "min": 0.00439453125,
        "stdev": 0.0182886179537
    },
    "barkbands": {
        "max": [0.00016301474534, 0.00824194680899, 0.0387714207172, 0.00303201610222, 0.0538617298007, 0.0748234465718, 0.0402065142989, 0.0303682014346, 0.0303641520441, 0.0204764716327, 0.0151697807014, 0.0203915163875, 0.00709423283115, 0.00672458577901, 0.00561331538484, 0.00336874485947, 0.00226902076975, 0.00312459887937, 0.000705936399754, 0.000740967690945, 0.000834661768749, 0.00137049518526, 0.00105975707993, 0.00143173674587, 0.00038892813609, 2.59188959717e-06, 2.74997296401e-06],
        "mean": [8.57351824379e-06, 0.00106279598549, 0.00221594423056, 0.000257278938079, 0.00492846500129, 0.00446779606864, 0.00349028548226, 0.00182025425602, 0.00113248138223, 0.000941740872804, 0.000182031217264, 0.000341145816492, 0.000184658390936, 0.000252181402175, 0.000149768267875, 8.63313034642e-05, 6.76720446791e-05, 8.79929502844e-05, 5.00535934407e-05, 3.77167525585e-05, 1.81420309673e-05, 1.45676658576e-05, 8.23171376396e-06, 9.31647628022e-06, 2.88669662041e-06, 2.33330421651e-09, 2.48252485235e-09],
        "min": [1.56387558459e-09, 1.55330349116e-06, 2.1080904844e-07, 3.17472142797e-07, 1.21195864722e-06, 1.13043060992e-05, 1.59568264735e-06, 9.35152513648e-07, 4.10093934988e-06, 7.66565676713e-07, 3.50684757677e-07, 5.32476462922e-07, 2.43655534859e-07, 5.52293158762e-07, 4.68929613362e-07, 3.97065065272e-07, 3.52069491782e-07, 5.09500409862e-07, 2.71905435056e-07, 1.92169025581e-07, 2.46468971454e-07, 2.52012370083e-07, 3.13349858061e-07, 2.99371521351e-07, 1.96109922967e-07, 2.51342627267e-11, 3.15757871239e-11],
        "stdev": [1.26196482597e-05, 0.00140938500408, 0.00458550453186, 0.000368348584743, 0.00698955543339, 0.00748322857544, 0.00519033055753, 0.00283473357558, 0.00269694300368, 0.00208056881092, 0.000519020773936, 0.0010455296142, 0.000529992568772, 0.000602395622991, 0.000381852179999, 0.000217018969124, 0.000161569478223, 0.000169298305991, 7.67058154452e-05, 5.88424591115e-05, 4.16624934587e-05, 6.77968200762e-05, 4.38875467808e-05, 6.48504865239e-05, 1.51252233991e-05, 5.8380301482e-08, 6.19359070697e-08]
    },
    "erbbands": {
        "max": [0.111478604376, 3.01388430595, 40.1924705505, 18.4489841461, 63.8895988464, 330.790893555, 743.453857422, 843.035827637, 900.013305664, 1003.18377686, 800.075805664, 837.075256348, 658.283203125, 711.500854492, 450.625732422, 427.583282471, 169.082397461, 294.269134521, 282.05255127, 303.407806396, 227.783615112, 153.90222168, 143.473251343, 68.1153335571, 38.2442817688, 36.6632652283, 32.3783111572, 32.1871566772, 49.9399490356, 53.5441665649, 29.5852336884, 29.4173641205, 21.5091247559, 7.7000875473, 1.15329885483, 0.0287993736565, 0.00479131843895, 0.00170365103986, 0.000391614419641, 0.000121082244732],
        "mean": [0.0119075905532, 0.343477547169, 2.43335080147, 1.45099020004, 5.22117328644, 17.2610988617, 36.7172622681, 35.0019302368, 47.2539100647, 49.499874115, 40.38804245, 25.2392997742, 24.6406459808, 28.1634883881, 10.8993883133, 12.0679950714, 7.3985786438, 14.2426996231, 9.07874679565, 6.70755958557, 4.89933824539, 3.68086218834, 4.77540159225, 3.504352808, 2.14119052887, 2.05250883102, 0.900538086891, 0.629170417786, 0.528683066368, 0.360405683517, 0.222666323185, 0.163997411728, 0.170856356621, 0.0631652474403, 0.00579019030556, 0.000179635084351, 2.17444558075e-05, 4.4922790039e-06, 1.11846766231e-05, 2.47212137765e-05],
        "min": [3.1014878914e-05, 0.000226849471801, 0.00107626256067, 0.00230525829829, 0.00400583306327, 0.00946612469852, 0.0847670510411, 0.257647812366, 0.214102432132, 0.0571881309152, 0.0416731573641, 0.109103962779, 0.063108317554, 0.0206987280399, 0.0307288374752, 0.0282096862793, 0.0164061095566, 0.0229301955551, 0.025754198432, 0.0230469927192, 0.0228162482381, 0.0232898835093, 0.0234062150121, 0.0212383065373, 0.0135024478659, 0.0109119964764, 0.0110551556572, 0.00813523400575, 0.00911680236459, 0.00871922075748, 0.0081790285185, 0.0062449737452, 0.0047537102364, 0.00313909165561, 0.000555283157155, 1.6955571482e-05, 1.80905192337e-06, 2.80481259551e-07, 3.87998852602e-07, 8.04749618055e-07],
        "stdev": [0.0166813246906, 0.463447183371, 4.78351593018, 2.14087891579, 7.01194763184, 29.6828231812, 79.472984314, 74.5465393066, 66.4158325195, 96.4204559326, 67.8807067871, 55.4941368103, 50.6989059448, 62.2631721497, 26.7081260681, 26.9531612396, 15.3058824539, 30.9312381744, 20.0768356323, 19.2160644531, 10.6655960083, 9.67456817627, 9.28977966309, 5.52080106735, 3.37442040443, 3.23799753189, 1.98740255833, 1.54673874378, 2.45251870155, 1.84490740299, 1.26654052734, 1.14467406273, 1.16893744469, 0.334873974323, 0.0369552411139, 0.00100587378256, 0.000124385667732, 3.93592417822e-05, 1.18880161608e-05, 1.89215425053e-05]
    },
    "gfcc": {
        "mean": [-80.7957992554, 163.935760498, -140.288314819, 27.711145401, -80.064994812, -6.68821668625, -36.8598327637, -4.7874250412, -9.10096740723, -15.2362108231, 8.51632118225, -21.8282680511, 8.62342262268],
        "cov": [[1689.03845215, 60.5677146912, -382.383270264, 29.1394290924, 121.832519531, -32.0121612549, 88.5547027588, -69.1223068237, -96.2285919189, -123.160896301, -29.8285999298, 3.29522776604, 7.73088550568], [60.5677146912, 524.980957031, 130.922164917, -93.6305770874, 168.823028564, -10.3714857101, 105.515403748, -31.4360084534, -28.4726161957, -49.4112129211, 6.51976585388, -58.9885673523, -35.6654396057], [-382.383270264, 130.922164917, 561.74798584, 160.327285767, -23.3103847504, 90.0038757324, 15.2488765717, 45.2292404175, 57.4104995728, 48.6724281311, 3.92272377014, -7.72927284241, -36.8519744873], [29.1394290924, -93.6305770874, 160.327285767, 460.356048584, 106.674087524, 77.6896057129, 59.4393081665, 49.7159423828, 44.8529014587, 8.28701877594, -18.5845985413, 39.1396446228, 5.04005622864], [121.832519531, 168.823028564, -23.3103847504, 106.674087524, 231.590133667, 30.9865131378, 53.0724143982, 0.268431246281, -4.89247941971, -27.4823360443, -13.8106927872, -11.5265026093, 10.3678073883], [-32.0121612549, -10.3714857101, 90.0038757324, 77.6896057129, 30.9865131378, 198.868011475, 88.9334945679, 25.8902931213, -22.3527240753, 17.6861019135, -14.437171936, -12.3392868042, -16.8966121674], [88.5547027588, 105.515403748, 15.2488765717, 59.4393081665, 53.0724143982, 88.9334945679, 163.191558838, 27.2904529572, -23.4779930115, -7.63637161255, 7.84255743027, 6.82761716843, -22.9366531372], [-69.1223068237, -31.4360084534, 45.2292404175, 49.7159423828, 0.268431246281, 25.8902931213, 27.2904529572, 87.9081344604, 46.7638435364, 13.8503417969, 4.29124212265, 9.97849559784, -1.40718519688], [-96.2285919189, -28.4726161957, 57.4104995728, 44.8529014587, -4.89247941971, -22.3527240753, -23.4779930115, 46.7638435364, 116.116851807, 56.3976097107, 4.60229063034, 0.495236068964, -2.0825073719], [-123.160896301, -49.4112129211, 48.6724281311, 8.28701877594, -27.4823360443, 17.6861019135, -7.63637161255, 13.8503417969, 56.3976097107, 103.490470886, 27.4178657532, -13.609213829, -12.9739112854], [-29.8285999298, 6.51976585388, 3.92272377014, -18.5845985413, -13.8106927872, -14.437171936, 7.84255743027, 4.29124212265, 4.60229063034, 27.4178657532, 71.3099975586, 37.4588356018, -4.65686035156], [3.29522776604, -58.9885673523, -7.72927284241, 39.1396446228, -11.5265026093, -12.3392868042, 6.82761716843, 9.97849559784, 0.495236068964, -13.609213829, 37.4588356018, 97.8011550903, 42.460811615], [7.73088550568, -35.6654396057, -36.8519744873, 5.04005622864, 10.3678073883, -16.8966121674, -22.9366531372, -1.40718519688, -2.0825073719, -12.9739112854, -4.65686035156, 42.460811615, 90.4079742432]],
        "icov": [[0.000820557470433, -0.000121944271086, 0.00060858100187, -0.000318175152643, 3.34764008585e-05, 2.71010389952e-06, -0.000395560171455, 0.000557686726097, -0.000167355610756, 0.000701126002241, -7.27517108317e-05, 0.000141090989928, 7.92745486251e-05], [-0.000121944271086, 0.00975290499628, -0.00508309202269, 0.00477707292885, -0.00757491402328, 0.00431473180652, -0.00862927362323, 0.00485877972096, -0.00315986876376, 0.00634514493868, -0.00537865003571, 0.00700620794669, -0.00164875038899], [0.00060858100187, -0.00508309202269, 0.00535540655255, -0.00346145848744, 0.00451622018591, -0.00336885964498, 0.00464755948633, -0.00220216205344, 0.000512626487762, -0.00254385010339, 0.00196775794029, -0.00302533200011, 0.00148491491564], [-0.000318175152643, 0.00477707292885, -0.00346145848744, 0.00589779764414, -0.00544023653492, 0.00171535403933, -0.00432150624692, 0.00147579272743, -0.00191277137492, 0.00181310030166, 0.000262689980445, 3.45525477314e-05, 0.000256482162513], [3.34764008585e-05, -0.00757491402328, 0.00451622018591, -0.00544023653492, 0.0120885912329, -0.0039626294747, 0.0048178229481, -0.00214745267294, 0.000370880850824, -0.00169328483753, 0.00152096094098, -0.00151443143841, -0.00122980645392], [2.71010389952e-06, 0.00431473180652, -0.00336885964498, 0.00171535403933, -0.0039626294747, 0.0110356295481, -0.00753989350051, -0.00056430225959, 0.00369832804427, -0.00220153387636, 0.00198720535263, 0.00222183391452, -0.000343572086422], [-0.000395560171455, -0.00862927362323, 0.00464755948633, -0.00432150624692, 0.0048178229481, -0.00753989350051, 0.018241789192, -0.00790804158896, 0.00535811251029, -0.00582868140191, 0.00360553152859, -0.00816855765879, 0.00461733341217], [0.000557686726097, 0.00485877972096, -0.00220216205344, 0.00147579272743, -0.00214745267294, -0.00056430225959, -0.00790804158896, 0.0213406141847, -0.0121417716146, 0.00841331295669, -0.00559898326173, 0.00449238019064, -0.00211477791891], [-0.000167355610756, -0.00315986876376, 0.000512626487762, -0.00191277137492, 0.000370880850824, 0.00369832804427, 0.00535811251029, -0.0121417716146, 0.0219083745033, -0.0150013333187, 0.008510296233, -0.00633548852056, 0.00266815559007], [0.000701126002241, 0.00634514493868, -0.00254385010339, 0.00181310030166, -0.00169328483753, -0.00220153387636, -0.00582868140191, 0.00841331295669, -0.0150013333187, 0.0271647181362, -0.0176998954266, 0.0145076029003, -0.00443251198158], [-7.27517108317e-05, -0.00537865003571, 0.00196775794029, 0.000262689980445, 0.00152096094098, 0.00198720535263, 0.00360553152859, -0.00559898326173, 0.008510296233, -0.0176998954266, 0.033380202949, -0.0217684842646, 0.0092955371365], [0.000141090989928, 0.00700620794669, -0.00302533200011, 3.45525477314e-05, -0.00151443143841, 0.00222183391452, -0.00816855765879, 0.00449238019064, -0.00633548852056, 0.0145076029003, -0.0217684842646, 0.030645256862, -0.0134749002755], [7.92745486251e-05, -0.00164875038899, 0.00148491491564, 0.000256482162513, -0.00122980645392, -0.000343572086422, 0.00461733341217, -0.00211477791891, 0.00266815559007, -0.00443251198158, 0.0092955371365, -0.0134749002755, 0.0184428561479]]
    },
    "melbands": {
        "max": [0.00135045603383, 0.013937019743, 0.00319518963806, 0.012564631179, 0.0211148988456, 0.0172261036932, 0.0123901851475, 0.0095699718222, 0.00551034277305, 0.00454589631408, 0.00334459752776, 0.00318870111369, 0.00198767241091, 0.00274314056151, 0.000520827423315, 0.000700041244272, 0.000481069204397, 0.000595641147811, 0.0004473067238, 0.000259471707977, 0.000260611996055, 0.000143367156852, 9.43147097132e-05, 0.000242245310801, 4.26263359259e-05, 3.99545388063e-05, 3.2637239201e-05, 3.17568337778e-05, 1.92900697584e-05, 2.47334355663e-05, 1.67429388966e-05, 3.11325566145e-05, 3.51526650775e-05, 2.52998215728e-05, 1.81399482244e-05, 1.97007921088e-05, 1.56903515744e-05, 1.65175260918e-05, 1.09397115011e-05, 5.63304229217e-06],
        "mean": [0.000197884306544, 0.000930874841288, 0.000342532555806, 0.000833078753203, 0.00117220229004, 0.000779777066782, 0.000744963530451, 0.000505058909766, 0.00029105952126, 0.00015543626796, 0.000126803934108, 0.000123738966067, 3.16044133797e-05, 4.20663454861e-05, 1.76796602318e-05, 2.04798488994e-05, 2.65401940851e-05, 1.50261366798e-05, 9.73161786533e-06, 6.66422101858e-06, 5.64670517633e-06, 3.63749336429e-06, 3.50691607309e-06, 5.14527209816e-06, 2.55020790974e-06, 1.71812723693e-06, 1.293621267e-06, 1.3552934206e-06, 5.41042538771e-07, 4.31000302115e-07, 3.42748961657e-07, 3.06629033275e-07, 2.58409016851e-07, 1.75409638814e-07, 1.32386830387e-07, 1.05165341324e-07, 9.58210293334e-08, 1.26928824784e-07, 9.36612210012e-08, 4.08624565296e-08],
        "min": [5.60707746899e-07, 7.92613491285e-07, 3.20349045069e-07, 3.13553528031e-07, 2.06176491702e-06, 4.20220840169e-06, 6.19060301688e-07, 1.54831852228e-07, 2.19067089802e-07, 5.6249160707e-07, 1.99081313212e-07, 4.19105852245e-08, 5.32248947138e-08, 6.10732797668e-08, 4.98967160922e-08, 2.33320776033e-08, 4.08427816012e-08, 3.74460888963e-08, 2.9365651244e-08, 1.87608275581e-08, 1.23506671557e-08, 2.16962927624e-08, 2.1419024776e-08, 2.43903830466e-08, 1.24527854695e-08, 1.05493116465e-08, 4.4592605164e-09, 8.09740807739e-09, 5.66364644072e-09, 6.46104503232e-09, 3.82038622959e-09, 4.23968726793e-09, 3.9019836251e-09, 4.45997772047e-09, 4.01719679743e-09, 3.55835383381e-09, 3.10433589945e-09, 3.16977177839e-09, 2.54489562757e-09, 2.36582176072e-09],
        "stdev": [0.000262057146756, 0.00165849609766, 0.000407475599786, 0.00123768369667, 0.00236007315107, 0.00150894117542, 0.00100875657517, 0.000896115496289, 0.000497649889439, 0.000373591319658, 0.000270099844784, 0.000285357848043, 7.94095903984e-05, 0.000139328913065, 3.97204057663e-05, 5.59754516871e-05, 5.66530761716e-05, 4.02584591939e-05, 2.7493604648e-05, 1.96695218619e-05, 1.21891453091e-05, 9.26638313103e-06, 7.63011939853e-06, 1.1996039575e-05, 4.23025767304e-06, 2.97787801173e-06, 1.95042161977e-06, 2.28735370911e-06, 1.34823267217e-06, 1.05068124867e-06, 9.20240950109e-07, 1.43088277582e-06, 1.38184680054e-06, 8.72448083555e-07, 7.70355313762e-07, 7.16095939879e-07, 6.97421398854e-07, 8.98512951153e-07, 5.90537183598e-07, 2.07702214539e-07]
    },
    "melbands128": {
        "max": [0.000146398655488, 0.000511438469402, 0.00250326306559, 0.00568728800863, 0.0211790055037, 0.0161275304854, 0.00344741344452, 0.00161542324349, 0.00647275336087, 0.0181453898549, 0.0266123563051, 0.0221591442823, 0.0376411229372, 0.0122548677027, 0.023163093254, 0.0349384024739, 0.0246116947383, 0.0149758365005, 0.0142854889855, 0.0194890275598, 0.00422208197415, 0.0113682337105, 0.00928223691881, 0.00733964703977, 0.0104415109381, 0.0086022708565, 0.011092283763, 0.00233089970425, 0.00629303883761, 0.0068937712349, 0.00249254051596, 0.00341026275419, 0.00301248230971, 0.000764451629948, 0.00690590916201, 0.00179565977305, 0.00070084631443, 0.000974999216851, 0.00123781978618, 0.000470740575111, 0.000921653816476, 0.00210219505243, 0.000788235745858, 0.00106893607881, 0.00190410006326, 0.000494451087434, 0.00130064913537, 0.000427538849181, 0.00125476426911, 0.000633365125395, 0.00057407800341, 0.000230229183217, 0.000680810771883, 0.000141771510243, 0.000206130323932, 0.000221888083615, 0.000469332298962, 0.000162631142302, 0.000173819658812, 7.88115503383e-05, 0.000462575728307, 0.000203547562705, 8.68992865435e-05, 5.11215002916e-05, 5.21929141541e-05, 6.26114051556e-05, 6.66170162731e-05, 2.24154373427e-05, 4.59932780359e-05, 3.94628368667e-05, 7.38696253393e-05, 4.46121630375e-05, 2.83152276097e-05, 1.97619592655e-05, 2.26916490647e-05, 3.11598523695e-05, 2.44730217673e-05, 1.72423478944e-05, 1.95446991711e-05, 2.12890026887e-05, 3.47137211065e-05, 3.52383249265e-05, 4.51916166639e-05, 4.16176008002e-05, 5.27792144567e-05, 2.53319485637e-05, 1.47014798131e-05, 2.35631378018e-05, 2.64599748334e-05, 1.61855496117e-05, 1.89307666005e-05, 2.56548537436e-05, 2.82238743239e-05, 1.25549004224e-05, 1.95979591808e-05, 2.21962509386e-05, 1.81938030437e-05, 1.7742628188e-05, 1.69719460246e-05, 7.40816949474e-06, 4.63887909063e-06, 6.17741807218e-06, 5.81670292377e-06, 2.16509329221e-06, 1.66790727008e-07, 2.07360351112e-08, 1.96185307999e-08, 1.86877198161e-08, 1.78536314621e-08, 1.71128178295e-08, 1.64263607161e-08, 1.57372284093e-08, 1.51786512248e-08, 1.46463774442e-08, 1.41346259142e-08, 1.3659994913e-08, 1.3248476094e-08, 1.2826976814e-08, 1.24918182465e-08, 1.21497594208e-08, 1.18900489454e-08, 1.16229239566e-08, 1.14044755861e-08, 1.12194671331e-08, 1.10460707248e-08, 1.09229318923e-08, 1.08257856013e-08, 1.0766903813e-08],
        "mean": [6.56839301882e-06, 3.80874807888e-05, 0.000211209640838, 0.000620192848146, 0.00134121777955, 0.000909046502784, 0.000242152105784, 0.000142094155308, 0.000443380966317, 0.0010126309935, 0.000892447133083, 0.00118718028534, 0.00163334247191, 0.000611013267189, 0.000667676271405, 0.00103365862742, 0.000627875619102, 0.000838889274746, 0.000609310576692, 0.000656740856357, 0.000308695365675, 0.000463261239929, 0.000273758370895, 0.000154471374117, 0.000151061321958, 0.000154901150381, 0.000183938609553, 7.3604795034e-05, 0.000116202354548, 0.00021547000506, 8.50038850331e-05, 3.16048208333e-05, 3.17442973028e-05, 1.7961490812e-05, 6.21964063612e-05, 4.30299842265e-05, 2.70533837465e-05, 1.26366239783e-05, 1.77485053428e-05, 9.25651693251e-06, 1.46275679072e-05, 4.9032842071e-05, 2.3793483706e-05, 1.92215447896e-05, 1.92589886865e-05, 1.21648481581e-05, 1.56941332534e-05, 4.65438415631e-06, 1.11384542834e-05, 1.14526446851e-05, 3.94129119741e-06, 3.31814703713e-06, 8.78034552443e-06, 4.47869433629e-06, 4.41653764938e-06, 2.69610927717e-06, 4.03669127991e-06, 3.98248812417e-06, 2.95655604532e-06, 3.22540699926e-06, 7.83655741543e-06, 3.82694997825e-06, 2.73652335636e-06, 2.19481648855e-06, 2.21370510189e-06, 1.53213466092e-06, 1.76921082584e-06, 1.17164040603e-06, 9.67864707491e-07, 1.62331309639e-06, 2.10217194763e-06, 6.71230964144e-07, 4.93846698646e-07, 6.28905354461e-07, 4.5933563797e-07, 4.28033331445e-07, 4.54910662029e-07, 3.1092338304e-07, 3.34368479571e-07, 3.69019062418e-07, 2.89012859866e-07, 2.99212757682e-07, 2.92938437951e-07, 2.58813088294e-07, 2.35949499938e-07, 1.83562931966e-07, 1.59340231676e-07, 1.36820005991e-07, 1.47724108501e-07, 1.12253950135e-07, 1.02819683434e-07, 1.09760470934e-07, 1.00119592616e-07, 8.00725246108e-08, 1.04641230791e-07, 1.17999924498e-07, 1.35546585511e-07, 1.36435062359e-07, 1.01339871605e-07, 6.87187977633e-08, 5.49545227102e-08, 3.9150549469e-08, 2.0468624129e-08, 8.50928572049e-09, 9.31628219014e-10, 2.20265316403e-11, 1.92119029019e-11, 1.68615416768e-11, 1.60232643126e-11, 1.53829952249e-11, 1.47778664306e-11, 1.41923859817e-11, 1.3677865264e-11, 1.32006662545e-11, 1.27461487545e-11, 1.23403969335e-11, 1.19649767524e-11, 1.15961485206e-11, 1.12973805658e-11, 1.09960244035e-11, 1.07461912632e-11, 1.05158130467e-11, 1.03190555059e-11, 1.01411518072e-11, 9.94157794282e-12, 9.74045497038e-12, 9.61087112672e-12, 9.55277003334e-12],
        "min": [1.50168011359e-09, 4.45197869681e-08, 8.6068297378e-08, 2.50378093369e-07, 3.59215732715e-07, 1.14446471855e-07, 1.39633826279e-07, 7.98344501618e-08, 7.47974908677e-08, 3.48431612451e-08, 2.18150049136e-08, 4.17534451458e-08, 6.8284428778e-08, 1.16217108825e-06, 1.257905069e-06, 8.60777120693e-08, 3.47341178042e-08, 1.14903770054e-07, 1.65721175449e-07, 1.07206190592e-07, 3.54577558426e-08, 2.58670468156e-07, 1.35928985401e-07, 9.00922643154e-08, 2.3307532615e-07, 9.30662480414e-08, 4.73610626273e-08, 6.54966498814e-08, 6.70578117479e-08, 2.61207162566e-08, 2.46649687341e-08, 2.44227447155e-08, 3.47111566157e-08, 2.88429387041e-08, 2.23830642909e-08, 4.00906294828e-08, 1.89162641107e-08, 2.31676438034e-08, 1.46226426523e-08, 1.02052144513e-08, 1.30683872612e-08, 1.71567275942e-08, 1.76786247863e-08, 1.35997488826e-08, 7.80305242642e-09, 1.04729060979e-08, 1.79171344428e-08, 1.24348797925e-08, 6.8668488673e-09, 7.52320161723e-09, 8.10550382369e-09, 1.3505228047e-08, 5.68959368508e-09, 1.13953344538e-08, 1.19708589708e-08, 7.13404402219e-09, 1.18228697943e-08, 7.95517163255e-09, 6.87031231905e-09, 9.90868542772e-09, 1.60688511386e-08, 9.42348510335e-09, 5.94501203821e-09, 2.43997111404e-09, 4.94012830643e-09, 6.43948272483e-09, 3.63524854663e-09, 4.77859218861e-09, 2.33402097649e-09, 4.23591295373e-09, 5.51631718082e-09, 3.98968413862e-09, 5.40452615994e-09, 3.59418894647e-09, 3.49643780595e-09, 4.64306815218e-09, 4.3168739694e-09, 2.06099026734e-09, 2.06990380391e-09, 3.26336291323e-09, 2.54713627967e-09, 3.22120796703e-09, 2.27461161018e-09, 1.86435888949e-09, 2.14305151403e-09, 1.75611425401e-09, 2.57537213777e-09, 2.23070584227e-09, 2.44850828501e-09, 2.10549577773e-09, 2.56624677064e-09, 1.54694623777e-09, 1.92494709061e-09, 2.07548844777e-09, 1.98921279448e-09, 1.95268934355e-09, 1.85142823295e-09, 2.16851514523e-09, 1.70165681546e-09, 1.76915404548e-09, 2.02917238568e-09, 1.87070847701e-09, 1.29257093917e-09, 6.00976546306e-10, 3.94506129153e-11, 1.83007133211e-13, 9.76478690658e-14, 1.03779743859e-13, 8.98590148688e-14, 8.78075349518e-14, 9.754889496e-14, 1.01294278141e-13, 1.04690832826e-13, 9.49342668821e-14, 9.82356828261e-14, 1.03844782437e-13, 8.12209389914e-14, 1.02369820249e-13, 1.00170380617e-13, 9.28101250909e-14, 6.94924464652e-14, 7.6133476151e-14, 9.03948953451e-14, 9.4542205824e-14, 7.57568446451e-14, 3.07223423947e-14, 3.61734779839e-15, 1.30268849788e-16],
        "stdev": [1.02727881313e-05, 5.89148403378e-05, 0.000397657975554, 0.000876440026332, 0.00255558523349, 0.0018955541309, 0.000402031553676, 0.000234910548897, 0.00065935094608, 0.00172657892108, 0.00210153590888, 0.00256573734805, 0.00398246292025, 0.00131045351736, 0.0018796561053, 0.00253180484287, 0.00118036323693, 0.00156337686349, 0.00114524562377, 0.00184179481585, 0.000497603439726, 0.00089112407295, 0.000687125255354, 0.000473917287309, 0.000530249730218, 0.000611147086602, 0.000652375048958, 0.000181057635928, 0.000448648148449, 0.000591152173001, 0.000199105837964, 0.000105489671114, 0.000109190208605, 5.20645990036e-05, 0.000325569591951, 0.00010988037684, 6.44719839329e-05, 4.86181852466e-05, 6.92579124006e-05, 2.79372216028e-05, 6.29292117083e-05, 0.000174919929123, 6.35532705928e-05, 6.25453976681e-05, 0.000110792941996, 2.96554298984e-05, 4.86562385049e-05, 1.99364749278e-05, 5.53498903173e-05, 4.03129524784e-05, 2.23412062041e-05, 1.0980926163e-05, 2.84131656372e-05, 9.68659151113e-06, 1.04605178421e-05, 1.00596180346e-05, 2.4091314117e-05, 9.89248655969e-06, 9.54656479735e-06, 5.22764048583e-06, 2.41037068918e-05, 9.44353814702e-06, 6.3169918576e-06, 4.1927910388e-06, 4.169798558e-06, 3.39990447173e-06, 4.79843765788e-06, 1.76251501216e-06, 2.39787300416e-06, 3.60588114745e-06, 4.13628595197e-06, 1.69743748302e-06, 1.64256800872e-06, 1.56488374614e-06, 1.29768329771e-06, 1.31117860747e-06, 9.53153460159e-07, 7.64707408507e-07, 9.91870820144e-07, 1.25909832605e-06, 1.46317586314e-06, 1.52861002789e-06, 1.81890334261e-06, 1.47627395108e-06, 1.42873477671e-06, 1.04173216187e-06, 6.59342958897e-07, 7.65458594287e-07, 1.00098168332e-06, 6.57465534459e-07, 6.29152509646e-07, 8.48932018016e-07, 8.63938339535e-07, 5.74253363084e-07, 8.17038994683e-07, 9.2720478051e-07, 9.50782634845e-07, 9.7466340776e-07, 7.44559145005e-07, 3.57355133929e-07, 2.18716380118e-07, 2.38383066176e-07, 1.7171085176e-07, 6.46170690288e-08, 5.29737453903e-09, 4.67712257812e-10, 4.42489933583e-10, 4.20899537446e-10, 4.02071820282e-10, 3.85483617249e-10, 3.69980740489e-10, 3.54518830958e-10, 3.41887546051e-10, 3.29914040531e-10, 3.18360560136e-10, 3.07709580039e-10, 2.9838409521e-10, 2.88912033186e-10, 2.81357104281e-10, 2.73678718576e-10, 2.67781130603e-10, 2.61799026902e-10, 2.56853455172e-10, 2.52660559141e-10, 2.48760706478e-10, 2.4596530368e-10, 2.43790099219e-10, 2.42469516687e-10]
    },
    "mfcc": {
        "mean": [-707.291015625, 171.816848755, 0.175280615687, 20.0591812134, -10.3664894104, -13.2094449997, -8.64482784271, -7.88651895523, -7.5372133255, -2.32230830193, 0.813567459583, -4.04268312454, -3.05087947845],
        "cov": [[1983.82678223, -72.4273071289, -494.897064209, 68.3342514038, -50.5368614197, 35.7982406616, 102.777580261, 83.9018249512, -21.4810733795, -61.4103546143, -94.3754806519, -113.346969604, 2.71734046936], [-72.4273071289, 699.547729492, -18.3033008575, -77.2052764893, 7.08879566193, -11.2540063858, 88.7899703979, -10.2630882263, -21.5545349121, -11.7668571472, 53.5282783508, -23.169960022, -36.9542541504], [-494.897064209, -18.3033008575, 572.969177246, 64.9343185425, 20.6790237427, 57.6114768982, -3.85986614227, 10.4896793365, 56.5996589661, 18.5644874573, 44.594291687, 110.289245605, 43.6027908325], [68.3342514038, -77.2052764893, 64.9343185425, 324.452270508, 107.977790833, 67.8249206543, 9.68871021271, 73.2213058472, 41.8912506104, 21.5915546417, -17.0773544312, 15.9421930313, 64.7031478882], [-50.5368614197, 7.08879566193, 20.6790237427, 107.977790833, 171.852416992, 34.1996307373, -11.3225822449, 13.7142848969, 33.982257843, 27.4005031586, -17.041103363, -11.1316261292, 17.1398124695], [35.7982406616, -11.2540063858, 57.6114768982, 67.8249206543, 34.1996307373, 167.134292603, 96.2610473633, 42.1606826782, 31.8871135712, 30.2505817413, 30.705247879, -13.9710540771, 1.83314025402], [102.777580261, 88.7899703979, -3.85986614227, 9.68871021271, -11.3225822449, 96.2610473633, 180.150482178, 74.7567214966, 7.58351612091, -7.98552942276, 25.8643512726, -14.5318384171, -8.99838066101], [83.9018249512, -10.2630882263, 10.4896793365, 73.2213058472, 13.7142848969, 42.1606826782, 74.7567214966, 136.385452271, 35.6722450256, -18.1531333923, -16.9786720276, 13.0730075836, 30.6590843201], [-21.4810733795, -21.5545349121, 56.5996589661, 41.8912506104, 33.982257843, 31.8871135712, 7.58351612091, 35.6722450256, 96.3932113647, 41.7684783936, -4.67066287994, -7.13857650757, 13.943523407], [-61.4103546143, -11.7668571472, 18.5644874573, 21.5915546417, 27.4005031586, 30.2505817413, -7.98552942276, -18.1531333923, 41.7684783936, 101.92124939, 44.8260536194, -11.3756103516, -12.5362863541], [-94.3754806519, 53.5282783508, 44.594291687, -17.0773544312, -17.041103363, 30.705247879, 25.8643512726, -16.9786720276, -4.67066287994, 44.8260536194, 129.1434021, 48.6181373596, -16.4929828644], [-113.346969604, -23.169960022, 110.289245605, 15.9421930313, -11.1316261292, -13.9710540771, -14.5318384171, 13.0730075836, -7.13857650757, -11.3756103516, 48.6181373596, 124.241340637, 43.9109954834], [2.71734046936, -36.9542541504, 43.6027908325, 64.7031478882, 17.1398124695, 1.83314025402, -8.99838066101, 30.6590843201, 13.943523407, -12.5362863541, -16.4929828644, 43.9109954834, 90.6294403076]],
        "icov": [[0.000734845176339, 6.47704146104e-05, 0.000667544838507, -0.000308144954033, 0.000385122548323, -0.000223908267799, -0.000292796496069, 6.31184684607e-06, -0.000224029034143, 0.00030933888047, 0.000253332807915, 5.54578800802e-05, -9.98143368633e-05], [6.47704146104e-05, 0.00180831819307, -0.000103646343632, 0.000280185602605, -0.000716889975592, 0.00111977767665, -0.00147424696479, 0.000379324774258, -4.52626081824e-05, 0.000660182733554, -0.0012257512426, 0.000885258428752, -0.000130233893287], [0.000667544838507, -0.000103646343632, 0.00312061025761, -0.000547518604435, 0.000538006890565, -0.00143144663889, -1.67314192367e-05, 0.000927032029722, -0.0020111897029, 0.000623309693765, 0.000708129897248, -0.00276538264006, 0.000303564418573], [-0.000308144954033, 0.000280185602605, -0.000547518604435, 0.00544720841572, -0.00267393630929, -0.00133205298334, 0.00116806419101, -0.00253695412539, 0.00105109345168, -0.00108584202826, -0.000135564550874, 0.000495370593853, -0.00257178302854], [0.000385122548323, -0.000716889975592, 0.000538006890565, -0.00267393630929, 0.00858942233026, -0.00172407831997, 0.00126654398628, 0.000478319008835, -0.00136965047568, -0.00127987144515, 0.00191987678409, -0.00027407403104, 0.000236551437411], [-0.000223908267799, 0.00111977767665, -0.00143144663889, -0.00133205298334, -0.00172407831997, 0.0124269882217, -0.00681689428166, 0.000706201652065, -0.000882475927938, -0.00121316674631, -0.00289933360182, 0.00306731811725, -0.000783872208558], [-0.000292796496069, -0.00147424696479, -1.67314192367e-05, 0.00116806419101, 0.00126654398628, -0.00681689428166, 0.0134471897036, -0.00678666960448, 0.00157879351173, 0.00161732512061, -0.00233576958999, 0.00183464772999, 0.00077798491111], [6.31184684607e-06, 0.000379324774258, 0.000927032029722, -0.00253695412539, 0.000478319008835, 0.000706201652065, -0.00678666960448, 0.0149565385655, -0.00620604678988, 0.00335180736147, 0.00210484769195, -0.00319749000482, -0.000967829604633], [-0.000224029034143, -4.52626081824e-05, -0.0020111897029, 0.00105109345168, -0.00136965047568, -0.000882475927938, 0.00157879351173, -0.00620604678988, 0.0183852910995, -0.0089109968394, 0.00232958560809, 0.00205110921524, -0.00189252954442], [0.00030933888047, 0.000660182733554, 0.000623309693765, -0.00108584202826, -0.00127987144515, -0.00121316674631, 0.00161732512061, 0.00335180736147, -0.0089109968394, 0.0196687523276, -0.00880837254226, 0.00413009570912, 0.000516132626217], [0.000253332807915, -0.0012257512426, 0.000708129897248, -0.000135564550874, 0.00191987678409, -0.00289933360182, -0.00233576958999, 0.00210484769195, 0.00232958560809, -0.00880837254226, 0.0175306554884, -0.0104416692629, 0.0046728476882], [5.54578800802e-05, 0.000885258428752, -0.00276538264006, 0.000495370593853, -0.00027407403104, 0.00306731811725, 0.00183464772999, -0.00319749000482, 0.00205110921524, 0.00413009570912, -0.0104416692629, 0.0190347209573, -0.00827728863806], [-9.98143368633e-05, -0.000130233893287, 0.000303564418573, -0.00257178302854, 0.000236551437411, -0.000783872208558, 0.00077798491111, -0.000967829604633, -0.00189252954442, 0.000516132626217, 0.0046728476882, -0.00827728863806, 0.01827301085]]
    },
    "spectral_contrast_coeffs": {
        "max": [-0.372551143169, -0.338356822729, -0.466503202915, -0.567525207996, -0.633113026619, -0.611246407032],
        "mean": [-0.636002182961, -0.680424332619, -0.729048490524, -0.776178538799, -0.795969069004, -0.782955944538],
        "min": [-0.868632793427, -0.922993719578, -0.896863341331, -0.903584599495, -0.886933326721, -0.92385405302],
        "stdev": [0.0889871865511, 0.0799272060394, 0.0674253031611, 0.053688339889, 0.0340516828001, 0.0324079990387]
    },
    "spectral_contrast_valleys": {
        "max": [-5.86976242065, -5.20166492462, -5.6981010437, -6.38113451004, -6.65665245056, -8.21205425262],
        "mean": [-7.21163892746, -6.67038154602, -7.81877660751, -8.45005989075, -8.44936847687, -11.3976726532],
        "min": [-9.52553081512, -8.97417259216, -9.82431983948, -10.0722408295, -10.0206842422, -12.1895561218],
        "stdev": [0.668344736099, 0.587694764137, 0.65274065733, 0.539915502071, 0.566884160042, 0.448645412922]
    }
},
"rhythm": {
    "beats_count": 89,
    "beats_loudness": {
        "max": 0.0793182179332,
        "mean": 0.0251826569438,
        "min": 0.00321130384691,
        "stdev": 0.0164983291179
    },
    "bpm": 110.57875061,
    "bpm_histogram_first_peak_bpm": 110,
    "bpm_histogram_first_peak_weight": 0.477611899376,
    "bpm_histogram_second_peak_bpm": 115,
    "bpm_histogram_second_peak_spread": 0.285714268684,
    "bpm_histogram_second_peak_weight": 0.113636367023,
    "danceability": 0.950805485249,
    "onset_rate": 2.6865234375,
    "beats_loudness_band_ratio": {
        "max": [0.782468676567, 0.950435876846, 0.951223552227, 0.512751102448, 0.188220724463, 0.257092475891],
        "mean": [0.2602827847, 0.388641357422, 0.314992904663, 0.0731234252453, 0.0252663362771, 0.0123242223635],
        "min": [0.00106595992111, 0.0335173010826, 0.0357144735754, 0.00144617748447, 0.00125288893469, 0.000190184771782],
        "stdev": [0.201009124517, 0.198026403785, 0.172735884786, 0.0839102491736, 0.0308055337518, 0.0332462117076]
    },
