{
"metadata": {
    "version": {
        "essentia": "2.1-beta5",
        "essentia_git_sha": "Undefined",
        "extractor": "music 2.0"
    },
    "audio_properties": {
        "analysis": {
            "equal_loudness": 0,
            "length": 12.7477550507,
            "sample_rate": 44100,
            "start_time": 0,
            "downmix": "mix"
        },
        "bit_rate": 192000,
        "length": 192.284454346,
        "lossless": 0,
        "number_channels": 2,
        "replay_gain": -3.45528030396,
        "sample_rate": 48000,
        "codec": "mp3",
        "md5_encoded": "1517e28aa31c9cdd759b96e7e6998e30"
    },
    "tags": {
        "file_name": "Netherlands_Een Speeldoos_Annie Palmen.mp3",
        "encoding": ["Lavf58.29.100"]
    }
},
"lowlevel": {
    "average_loudness": 0.26275870204,
    "barkbands_crest": {
        "max": 23.3125476837,
        "mean": 11.9820432663,
        "min": 2.49303841591,
        "stdev": 4.06586313248
    },
    "barkbands_flatness_db": {
        "max": 0.474510610104,
        "mean": 0.214266330004,
        "min": 0.0679583996534,
        "stdev": 0.0710180774331
    },
    "barkbands_kurtosis": {
        "max": 39.0455818176,
        "mean": 5.25706577301,
        "min": -1.65773451328,
        "stdev": 7.18749380112
    },
    "barkbands_skewness": {
        "max": 5.56510686874,
        "mean": 0.325349599123,
        "min": -3.84613609314,
        "stdev": 1.42522239685
    },
    "barkbands_spread": {
        "max": 80.8581008911,
        "mean": 12.2788696289,
        "min": 0.54903447628,
        "stdev": 10.2428350449
    },
    "dissonance": {
        "max": 0.499435961246,
        "mean": 0.416549563408,
        "min": 0.0983970090747,
        "stdev": 0.0698462873697
    },
    "dynamic_complexity": 7.38451004028,
    "erbbands_crest": {
        "max": 28.2672595978,
        "mean": 13.7524957657,
        "min": 2.95518994331,
        "stdev": 4.7958984375
    },
    "erbbands_flatness_db": {
        "max": 0.45924860239,
        "mean": 0.263560652733,
        "min": 0.0968102216721,
        "stdev": 0.0590673908591
    },
    "erbbands_kurtosis": {
        "max": 28.2135429382,
        "mean": 5.32654857635,
        "min": -1.47489523888,
        "stdev": 5.64213705063
    },
    "erbbands_skewness": {
        "max": 4.04423952103,
        "mean": 0.791937172413,
        "min": -1.97057688236,
        "stdev": 1.29599583149
    },
    "erbbands_spread": {
        "max": 93.1010513306,
        "mean": 14.402721405,
        "min": 1.9869312048,
        "stdev": 13.0315446854
    },
    "hfc": {
        "max": 164.756591797,
        "mean": 5.3642873764,
        "min": 0.017562687397,
        "stdev": 15.7128582001
    },
    "loudness_ebu128": {
        "integrated": -23.6046562195,
        "loudness_range": 14.5457744598,
        "momentary": {
            "max": -15.7942714691,
            "mean": -29.5275802612,
            "min": -44.9427642822,
            "stdev": 6.42437744141
        },
        "short_term": {
            "max": -20.3488731384,
            "mean": -28.5129032135,
            "min": -35.9295730591,
            "stdev": 5.53427886963
        }
    },
    "melbands_crest": {
        "max": 30.7154769897,
        "mean": 12.4063205719,
        "min": 3.76841783524,
        "stdev": 4.43884372711
    },
    "melbands_flatness_db": {
        "max": 0.548000633717,
        "mean": 0.243264883757,
        "min": 0.0443906113505,
        "stdev": 0.0941469743848
    },
    "melbands_kurtosis": {
        "max": 120.638504028,
        "mean": 5.32019233704,
        "min": -1.62723886967,
        "stdev": 11.0304746628
    },
    "melbands_skewness": {
        "max": 8.73846530914,
        "mean": 0.534320235252,
        "min": -2.61243772507,
        "stdev": 1.4134516716
    },
    "melbands_spread": {
        "max": 125.913230896,
        "mean": 22.1279373169,
        "min": 1.40402185917,
        "stdev": 19.2955818176
    },
    "pitch_salience": {
        "max": 0.873466134071,
        "mean": 0.556341946125,
        "min": 0.306462615728,
        "stdev": 0.15090893209
    },
    "silence_rate_20dB": {
        "max": 1,
        "mean": 1,
        "min": 1,
        "stdev": 0
    },
    "silence_rate_30dB": {
        "max": 1,
        "mean": 0.976363658905,
        "min": 0,
        "stdev": 0.151913836598
    },
    "silence_rate_60dB": {
        "max": 1,
        "mean": 0.710909068584,
        "min": 0,
        "stdev": 0.453339397907
    },
    "spectral_centroid": {
        "max": 3805.95751953,
        "mean": 1129.7076416,
        "min": 242.523391724,
        "stdev": 654.817871094
    },
    "spectral_complexity": {
        "max": 21,
        "mean": 4.27454566956,
        "min": 0,
        "stdev": 3.28565168381
    },
    "spectral_decrease": {
        "max": -4.57620009595e-12,
        "mean": -2.81597900553e-09,
        "min": -8.40941325464e-08,
        "stdev": 9.135788126e-09
    },
    "spectral_energy": {
        "max": 0.332334131002,
        "mean": 0.01111470256,
        "min": 1.88862686628e-05,
        "stdev": 0.0358780510724
    },
    "spectral_energyband_high": {
        "max": 0.00094496429665,
        "mean": 1.62622436619e-05,
        "min": 2.20412754715e-08,
        "stdev": 5.78921644774e-05
    },
    "spectral_energyband_low": {
        "max": 0.00743632717058,
        "mean": 0.000570973148569,
        "min": 1.11496012778e-06,
        "stdev": 0.00121199572459
    },
    "spectral_energyband_middle_high": {
        "max": 0.0257346481085,
        "mean": 0.000952924252488,
        "min": 1.12194705082e-07,
        "stdev": 0.00216818321496
    },
    "spectral_energyband_middle_low": {
        "max": 0.329062759876,
        "mean": 0.00983504857868,
        "min": 9.32180410018e-06,
        "stdev": 0.0348092913628
    },
    "spectral_entropy": {
        "max": 8.18907833099,
        "mean": 6.98488092422,
        "min": 4.35941410065,
        "stdev": 0.696853995323
    },
    "spectral_flux": {
        "max": 0.439996808767,
        "mean": 0.0381262935698,
        "min": 0.00210253125988,
        "stdev": 0.0627304837108
    },
    "spectral_kurtosis": {
        "max": 124.069297791,
        "mean": 10.4839611053,
        "min": 0.359386205673,
        "stdev": 15.8707714081
    },
    "spectral_rms": {
        "max": 0.0180063433945,
        "mean": 0.00201854645275,
        "min": 0.000135741036502,
        "stdev": 0.00260174879804
    },
    "spectral_rolloff": {
        "max": 5921.63085938,
        "mean": 1299.19372559,
        "min": 107.666015625,
        "stdev": 927.997314453
    },
    "spectral_skewness": {
        "max": 9.42566204071,
        "mean": 2.25117921829,
        "min": 0.0690983235836,
        "stdev": 1.31928503513
    },
    "spectral_spread": {
        "max": 8030075,
        "mean": 3623910.75,
        "min": 844817.625,
        "stdev": 1176870.75
    },
    "spectral_strongpeak": {
        "max": 6.02103614807,
        "mean": 0.97006547451,
        "min": 0,
        "stdev": 0.998089253902
    },
    "zerocrossingrate": {
        "max": 0.1845703125,
        "mean": 0.051376953721,
        "min": 0.01025390625,
        "stdev": 0.0276684984565
    },
    "barkbands": {
        "max": [0.000412323919591, 0.00162303529214, 0.00511806830764, 0.0186142306775, 0.0331549458206, 0.246114656329, 0.0744482725859, 0.067983828485, 0.0480011366308, 0.034531056881, 0.0148237561807, 0.00796408206224, 0.00310699013062, 0.00457074074075, 0.00159236730542, 0.000461704446934, 0.0003007039777, 0.000369123270502, 0.000497307628393, 0.000285841349978, 0.000465490418719, 0.000291005620966, 2.87754137389e-05, 7.80426125857e-06, 2.10142729884e-06, 5.7918594365e-08, 6.30484677799e-08],
        "mean": [2.31712620007e-05, 0.000113614674774, 0.000250973593211, 0.00063976511592, 0.001240331796, 0.00392927741632, 0.00175304047298, 0.00115102156997, 0.000850737735163, 0.000394117087126, 0.000184321324923, 7.91121346992e-05, 0.000192438194063, 0.000201651739189, 4.68490070489e-05, 1.49997003973e-05, 1.09353532025e-05, 1.10838072942e-05, 8.34756792756e-06, 5.470553333e-06, 5.46080036656e-06, 4.57256555819e-06, 1.76294645371e-06, 1.13061616958e-06, 5.34903335847e-07, 4.91173102191e-10, 4.63902694037e-10],
        "min": [1.09439319829e-07, 6.35364585833e-07, 6.23114502218e-08, 1.61457478498e-07, 5.15428155268e-07, 1.48898536168e-07, 4.95567576309e-07, 2.42499709202e-07, 3.6076440324e-07, 2.93907884696e-08, 7.45705897032e-09, 1.83799215847e-08, 3.39591288423e-08, 1.54502597383e-08, 3.58369822706e-09, 5.43224309979e-09, 3.34688632364e-09, 1.11817399784e-09, 2.6438868872e-09, 4.49606485375e-09, 7.0249450701e-09, 5.19470422233e-09, 2.36137887022e-09, 3.21156568006e-09, 1.60934110482e-09, 5.33050652229e-11, 6.47365841489e-11],
        "stdev": [4.2114595999e-05, 0.000224990333663, 0.000685398874339, 0.0022695963271, 0.00369375268929, 0.0201633907855, 0.00694080535322, 0.00587999168783, 0.00367137929425, 0.00258788582869, 0.000897162361071, 0.000507987744641, 0.000398614123696, 0.000564039626624, 0.000110772496555, 4.29933097621e-05, 3.55767115252e-05, 3.76761236112e-05, 3.76810021407e-05, 1.90926366486e-05, 2.54118658631e-05, 2.17194065044e-05, 3.32480999532e-06, 9.88996589513e-07, 4.01509311132e-07, 2.62829580322e-09, 2.85553358736e-09]
    },
    "erbbands": {
        "max": [0.0496268607676, 0.470239341259, 3.97406816483, 25.9728851318, 142.589645386, 57.1119995117, 499.279052734, 3071.48413086, 1878.77490234, 792.928955078, 1795.97595215, 794.59588623, 2485.19677734, 383.263275146, 328.229217529, 213.942993164, 154.221405029, 165.679641724, 183.48878479, 46.3978004456, 20.7672977448, 15.029045105, 15.667427063, 22.8033542633, 21.4728679657, 14.5320100784, 20.7440128326, 15.4165058136, 11.8458499908, 5.36966323853, 0.6656447649, 0.266793549061, 0.135615006089, 0.0411856174469, 0.00620901631191, 0.000270827236818, 0.000109448250441, 3.88690350519e-05, 0.000159209608682, 0.000374311028281],
        "mean": [0.00303882081062, 0.0288355089724, 0.22663281858, 1.18145024776, 3.9904460907, 2.92875528336, 8.01256942749, 41.558631897, 37.2326202393, 19.3430271149, 26.8458137512, 15.4652023315, 22.5935955048, 7.50178718567, 5.57844829559, 3.17658448219, 6.15321969986, 9.14418697357, 7.11711406708, 2.64474344254, 0.927982032299, 0.604354560375, 0.568566918373, 0.503699660301, 0.384895980358, 0.270265042782, 0.232405930758, 0.206539750099, 0.163213774562, 0.103307060897, 0.0444253832102, 0.0261873826385, 0.0176849812269, 0.00977733451873, 0.00172131042928, 5.58376377739e-05, 6.58993576508e-06, 1.28455189952e-06, 5.46226738152e-06, 1.25504520838e-05],
        "min": [1.98396028281e-05, 0.000129830965307, 0.00032591065974, 0.000938630313613, 0.000740385905374, 0.00188341841567, 0.00135104474612, 0.00207288353704, 0.00650629308075, 0.00668351538479, 0.00422986038029, 0.00652946671471, 0.00205570738763, 0.000449279410532, 0.000414751033532, 0.000862978631631, 0.00154407927766, 0.00085735094035, 0.00045761896763, 0.000293233810226, 0.000244134949753, 0.000204276337172, 6.88056534273e-05, 0.000125877952087, 0.000123685444123, 0.000213486753637, 0.000315227167448, 0.000212356739212, 0.000197636763914, 0.000112588750198, 7.50811523176e-05, 8.37541156216e-05, 4.44669203716e-05, 2.44812035817e-05, 7.24130222807e-06, 8.48271213272e-07, 2.95830801633e-07, 1.03475713331e-07, 4.12550349438e-08, 2.86801693505e-08],
        "stdev": [0.00446157250553, 0.065395757556, 0.516214311123, 3.42441129684, 15.9048318863, 7.68060207367, 33.4688911438, 230.759277344, 163.907943726, 70.7867889404, 140.721343994, 63.8303260803, 144.04309082, 31.1386451721, 23.3998413086, 15.3145151138, 13.927605629, 18.337015152, 21.8838157654, 5.18061542511, 2.41603040695, 1.70717775822, 1.67756867409, 2.02498149872, 1.62163841724, 0.939750373363, 1.11128258705, 0.929617881775, 0.778931319714, 0.402621209621, 0.0732681229711, 0.0265616681427, 0.0149300601333, 0.00775859085843, 0.0011606910266, 3.55312695319e-05, 1.20010972751e-05, 2.74026956504e-06, 1.69718241523e-05, 4.01293182222e-05]
    },
    "gfcc": {
        "mean": [-192.939941406, 127.842857361, -144.227478027, 23.8423576355, -74.8356781006, 29.5940570831, -29.3206157684, 4.10416555405, -1.73588299751, -5.63795804977, -2.80570936203, -26.6250915527, 5.00905609131],
        "cov": [[3235.56860352, 1234.94213867, 75.8819732666, -812.359130859, 17.345161438, -815.503112793, -21.6804161072, -401.234832764, 93.9298553467, -187.925674438, 61.9941520691, -8.12119293213, -34.9490699768], [1234.94213867, 1540.28613281, 962.187744141, -499.276123047, -71.1686630249, -930.932128906, -309.33480835, -397.226470947, -83.3497772217, -260.059265137, 67.0662994385, 126.666809082, 10.6290483475], [75.8819732666, 962.187744141, 1093.0958252, 11.4413862228, -122.075935364, -738.886413574, -315.587188721, -263.529724121, -148.779754639, -217.723236084, 68.2032012939, 167.891113281, 9.74855518341], [-812.359130859, -499.276123047, 11.4413862228, 717.445983887, 52.7845649719, -3.01336812973, -53.6894378662, 101.427940369, -46.2761192322, 1.69742393494, -0.94862985611, 64.0057601929, -4.32747840881], [17.345161438, -71.1686630249, -122.075935364, 52.7845649719, 234.335693359, 199.172134399, -30.3830299377, -41.2583389282, 37.5810394287, 69.3753967285, 5.67189645767, -54.3031005859, 5.82495260239], [-815.503112793, -930.932128906, -738.886413574, -3.01336812973, 199.172134399, 1159.22473145, 318.232025146, 252.357574463, 90.4619216919, 300.348907471, -25.5669879913, -190.183898926, 27.9655761719], [-21.6804161072, -309.33480835, -315.587188721, -53.6894378662, -30.3830299377, 318.232025146, 246.774078369, 170.792358398, 44.1687088013, 40.5350570679, -42.4083900452, -47.2330818176, 11.7187643051], [-401.234832764, -397.226470947, -263.529724121, 101.427940369, -41.2583389282, 252.357574463, 170.792358398, 346.3359375, 109.284675598, 14.4004745483, -84.9382400513, -32.7843284607, 23.6326789856], [93.9298553467, -83.3497772217, -148.779754639, -46.2761192322, 37.5810394287, 90.4619216919, 44.1687088013, 109.284675598, 141.435394287, 55.7022857666, -27.6809902191, -51.1480407715, 0.906327486038], [-187.925674438, -260.059265137, -217.723236084, 1.69742393494, 69.3753967285, 300.348907471, 40.5350570679, 14.4004745483, 55.7022857666, 208.975097656, 77.1980361938, -85.2963104248, -64.7241134644], [61.9941520691, 67.0662994385, 68.2032012939, -0.94862985611, 5.67189645767, -25.5669879913, -42.4083900452, -84.9382400513, -27.6809902191, 77.1980361938, 135.908279419, 10.5848617554, -78.1514434814], [-8.12119293213, 126.666809082, 167.891113281, 64.0057601929, -54.3031005859, -190.183898926, -47.2330818176, -32.7843284607, -51.1480407715, -85.2963104248, 10.5848617554, 115.919578552, 43.5377388], [-34.9490699768, 10.6290483475, 9.74855518341, -4.32747840881, 5.82495260239, 27.9655761719, 11.7187643051, 23.6326789856, 0.906327486038, -64.7241134644, -78.1514434814, 43.5377388, 140.070510864]],
        "icov": [[0.00162340642419, -0.000679876713548, 0.00126381835435, 0.000652078015264, -0.00123168271966, 0.00194815930445, -0.00293841282837, 0.001925547258, -0.00199901196174, 0.00180741515942, -0.00256342068315, 0.00174786197022, -0.00115335918963], [-0.000679876713548, 0.00851183664054, -0.00554853165522, 0.00550361396745, -0.00508634233847, 0.00397025095299, -0.00119052699301, -0.00025060257758, 0.000366976251826, 0.000925696047489, -0.00218627089635, 0.000936619413551, -0.00178418587893], [0.00126381835435, -0.00554853165522, 0.00630961637944, -0.00294080423191, 0.00313150440343, -0.00107990286779, 0.00119774579071, 0.00112410006113, -0.00077181920642, 0.00204350659624, -0.00175345886964, 0.000533702783287, -0.000193054656847], [0.000652078015264, 0.00550361396745, -0.00294080423191, 0.00667041679844, -0.00616571633145, 0.00478281918913, -0.00196708925068, -0.00132496084552, 0.00173317687586, -0.00039572440437, -0.00186971318908, -0.000501133326907, -0.00123605853878], [-0.00123168271966, -0.00508634233847, 0.00313150440343, -0.00616571633145, 0.014275515452, -0.0084076570347, 0.00756239937618, 0.00266885897145, -0.00433757156134, 0.0026506667491, 0.00207828078419, 0.000151661777636, 0.00203750678338], [0.00194815930445, 0.00397025095299, -0.00107990286779, 0.00478281918913, -0.0084076570347, 0.0103605659679, -0.00840859301388, -0.000694656628184, 0.00289404974319, -0.0038057398051, -0.00438759103417, 0.00544190499932, -0.00640726974234], [-0.00293841282837, -0.00119052699301, 0.00119774579071, -0.00196708925068, 0.00756239937618, -0.00840859301388, 0.0184107236564, -0.00598439620808, 0.00318791507743, 0.000814927916508, 0.00415840744972, -0.00384191819467, 0.00391701050103], [0.001925547258, -0.00025060257758, 0.00112410006113, -0.00132496084552, 0.00266885897145, -0.000694656628184, -0.00598439620808, 0.0130361597985, -0.0120351035148, 0.0071685728617, -0.00104731763713, 0.000410133303376, 0.00138773059007], [-0.00199901196174, 0.000366976251826, -0.00077181920642, 0.00173317687586, -0.00433757156134, 0.00289404974319, 0.00318791507743, -0.0120351035148, 0.0227630659938, -0.013569814153, 0.00649921176955, 0.000440872390755, -0.00198143697344], [0.00180741515942, 0.000925696047489, 0.00204350659624, -0.00039572440437, 0.0026506667491, -0.0038057398051, 0.000814927916508, 0.0071685728617, -0.013569814153, 0.0279753990471, -0.0183294918388, 0.0103097213432, -0.000818408734631], [-0.00256342068315, -0.00218627089635, -0.00175345886964, -0.00186971318908, 0.00207828078419, -0.00438759103417, 0.00415840744972, -0.00104731763713, 0.00649921176955, -0.0183294918388, 0.0322205983102, -0.0183872245252, 0.0153896817937], [0.00174786197022, 0.000936619413551, 0.000533702783287, -0.000501133326907, 0.000151661777636, 0.00544190499932, -0.00384191819467, 0.000410133303376, 0.000440872390755, 0.0103097213432, -0.0183872245252, 0.0300050862134, -0.0153525099158], [-0.00115335918963, -0.00178418587893, -0.000193054656847, -0.00123605853878, 0.00203750678338, -0.00640726974234, 0.00391701050103, 0.00138773059007, -0.00198143697344, -0.000818408734631, 0.0153896817937, -0.0153525099158, 0.0205879807472]]
    },
    "melbands": {
        "max": [0.000325053057168, 0.00141410913784, 0.00738447438926, 0.00805187411606, 0.0136272739619, 0.0599156245589, 0.0254853069782, 0.0113760540262, 0.0126196620986, 0.00535877794027, 0.0120461788028, 0.00124600110576, 0.00175315432716, 0.00100873981137, 0.000420275464421, 0.00039789287257, 0.000273797049886, 0.000426841812441, 0.00010622132686, 4.18028175773e-05, 2.55844279309e-05, 1.74318793142e-05, 1.26264931168e-05, 2.24365121539e-05, 1.86586876225e-05, 1.89266811503e-05, 9.95484697341e-06, 8.92587559065e-06, 1.33847015604e-05, 1.2695643818e-05, 7.12422615834e-06, 7.16629165254e-06, 5.33763022759e-06, 1.71386591319e-06, 4.38172634176e-07, 3.03363407284e-07, 1.26498150621e-07, 9.55607433184e-08, 7.46465502743e-08, 3.66367309823e-08],
        "mean": [2.88826504402e-05, 9.68923632172e-05, 0.000309089868097, 0.000239726461587, 0.000242142734351, 0.000901486666407, 0.000534948892891, 0.000210231431993, 0.000206776239793, 0.000103062717244, 0.000110381683044, 2.74511021416e-05, 2.3179796699e-05, 9.02392548596e-06, 1.00281658888e-05, 1.79933940672e-05, 1.7215294065e-05, 1.50337782543e-05, 3.64186576007e-06, 2.06835306926e-06, 9.0314318868e-07, 6.28346583653e-07, 4.47403294856e-07, 6.46633509405e-07, 3.69947201762e-07, 3.16150334356e-07, 2.1379715065e-07, 1.66104697996e-07, 1.4448077934e-07, 1.33271271352e-07, 1.16437981035e-07, 9.26876069229e-08, 8.45010674766e-08, 4.66166873991e-08, 2.61884700592e-08, 1.86953066361e-08, 1.4823071659e-08, 1.28725279325e-08, 1.01584740619e-08, 7.82852893622e-09],
        "min": [1.88440765214e-07, 1.69399314132e-07, 2.43983834025e-07, 8.98852050568e-08, 5.36939772644e-08, 3.37302310527e-08, 8.16028915551e-08, 8.29054087603e-08, 2.93434876397e-08, 4.43918999338e-08, 8.08178501899e-09, 1.63685864862e-09, 1.14908627058e-09, 2.10804484979e-09, 2.90792812052e-09, 3.01960945137e-09, 1.50485546246e-09, 9.16968556641e-10, 2.3494822754e-10, 4.85467999134e-10, 2.15498799361e-10, 2.20638951554e-10, 1.21412171983e-10, 3.59028570762e-11, 1.11801561065e-10, 9.17350917451e-11, 1.2109632741e-10, 1.31553212768e-10, 2.06487646426e-10, 1.8075860253e-10, 9.2280225128e-11, 1.17686568823e-10, 9.46474010277e-11, 4.25129341453e-11, 3.95998928093e-11, 4.29860834428e-11, 5.67372052118e-11, 3.38721273252e-11, 1.73888195509e-11, 2.38492298826e-11],
        "stdev": [4.46708618256e-05, 0.00021129004017, 0.0009868030902, 0.000783737574238, 0.000957199314144, 0.00476814573631, 0.00225026509725, 0.000853167497553, 0.00108285353053, 0.000414229201851, 0.000698479707353, 0.000112627647468, 0.000103633377876, 6.12978619756e-05, 3.3979275031e-05, 4.02387850045e-05, 3.40988881362e-05, 5.09035817231e-05, 8.38219966681e-06, 4.76375817016e-06, 2.78450306723e-06, 1.90536366063e-06, 1.40543761518e-06, 2.48692367677e-06, 1.64366088029e-06, 1.43458044022e-06, 7.77030777499e-07, 5.74296166178e-07, 7.08919401404e-07, 6.59195222852e-07, 5.26264443579e-07, 4.46825680456e-07, 4.25080344257e-07, 1.46012453683e-07, 4.35001084043e-08, 2.32882335638e-08, 1.42590934615e-08, 1.10558122657e-08, 8.83580497657e-09, 6.25354701356e-09]
    },
    "melbands128": {
        "max": [0.000251722929534, 0.000538285879884, 0.000511588063091, 0.000997742987238, 0.00163000449538, 0.00321483612061, 0.00440487358719, 0.0119995176792, 0.020014571026, 0.011331839487, 0.00378231029026, 0.0115764793009, 0.0251165181398, 0.0116609195247, 0.0811983495951, 0.0934789553285, 0.0577841848135, 0.014314382337, 0.0186493769288, 0.00938456971198, 0.0245596803725, 0.0230319388211, 0.0197612103075, 0.0196046289057, 0.00496216164902, 0.00372652872466, 0.0274162404239, 0.0135060306638, 0.00298838084564, 0.00178876076825, 0.00149804481771, 0.0041980734095, 0.00197630911134, 0.00107816536911, 0.00251148664393, 0.000791602826212, 0.000611050229054, 0.000608134781942, 0.000383521692129, 0.00039739816566, 0.000429712614277, 0.000761667266488, 0.000378758733859, 0.000144463410834, 0.0013047514949, 0.000186652105185, 0.000219242676394, 0.000114797614515, 8.50324358908e-05, 8.59843203216e-05, 6.76555573591e-05, 3.73603979824e-05, 3.85804778489e-05, 4.89527519676e-05, 4.62409807369e-05, 1.86501074495e-05, 2.5848756195e-05, 2.76749342447e-05, 1.02307512861e-05, 1.1660698874e-05, 4.20558499172e-05, 3.07512673317e-05, 1.929735663e-05, 3.01307536574e-05, 1.83938118425e-05, 2.14138126466e-05, 2.10074795177e-05, 1.11070557978e-05, 5.4741240092e-06, 1.42319495353e-05, 7.71834311308e-06, 6.70877579978e-06, 1.39137609949e-05, 1.70928542502e-05, 1.01182713479e-05, 1.05442504719e-05, 1.84368018381e-05, 7.89818659541e-06, 7.83970972407e-06, 9.80400182016e-06, 7.46419254938e-06, 6.42350460112e-06, 9.97161896521e-06, 7.05398133505e-06, 6.58588487568e-06, 1.53070038778e-06, 1.34636036364e-06, 7.69615382978e-07, 4.44676345523e-07, 3.52300531858e-07, 3.55776421657e-07, 3.14138048907e-07, 1.67612910218e-07, 1.99531214662e-07, 1.21187881064e-07, 7.80972300163e-08, 1.07989698961e-07, 9.91821451635e-08, 9.177318816e-08, 5.18053724363e-08, 5.82522829973e-08, 4.08589677647e-08, 2.93090813841e-08, 2.20561648945e-08, 4.40205427665e-09, 5.21097831552e-10, 7.70252417404e-10, 4.19032836207e-10, 3.95301485989e-10, 3.82381654118e-10, 3.70689534623e-10, 3.48284012741e-10, 3.37543021312e-10, 3.27402049916e-10, 3.19822307526e-10, 3.05345443374e-10, 2.99423180694e-10, 2.91734858493e-10, 2.85013873613e-10, 2.76477896133e-10, 2.77034256646e-10, 2.69138961118e-10, 2.60239829686e-10, 2.54932408517e-10, 2.55362647694e-10, 2.53222609548e-10, 2.5018323524e-10, 2.48738474262e-10],
        "mean": [1.35464169944e-05, 2.58550007857e-05, 2.67348623311e-05, 5.02047405462e-05, 8.55313483044e-05, 0.000137315204483, 0.000182667703484, 0.000393325462937, 0.000486884004204, 0.000174982051249, 0.000118084644782, 0.000226201009355, 0.000255666178418, 0.000257179752225, 0.000850069394801, 0.00145654927474, 0.000843840825837, 0.000308260845486, 0.00021580880275, 0.000195978791453, 0.000202317591175, 0.000266694027232, 0.000230581441429, 0.000128366649733, 5.85410198255e-05, 8.45550166559e-05, 0.000209634396015, 0.000116769886517, 3.40956030414e-05, 1.97738081624e-05, 2.5783869205e-05, 3.95749048039e-05, 2.4572638722e-05, 1.05155450001e-05, 1.25156975628e-05, 7.04195826984e-06, 6.25284747002e-06, 7.73864667281e-06, 1.73288372025e-05, 7.94334027887e-06, 1.39507719723e-05, 4.26559490734e-05, 4.89037802254e-06, 4.42993587058e-06, 4.42603995907e-05, 5.81960875934e-06, 1.74554247678e-06, 4.07895913668e-06, 3.80296842195e-06, 4.6675700105e-06, 8.43924283345e-07, 8.69766495271e-07, 1.37117876875e-06, 6.13331735622e-07, 6.84839051246e-07, 6.18510853201e-07, 5.89286173636e-07, 5.74744376536e-07, 3.58823257329e-07, 2.74075318885e-07, 9.27050962218e-07, 6.60137118302e-07, 3.41158539641e-07, 3.33940619157e-07, 3.21148036164e-07, 3.26696465436e-07, 3.22146831877e-07, 2.2510826625e-07, 1.75513690692e-07, 2.12775745467e-07, 1.83553638067e-07, 1.23516812778e-07, 1.52811693965e-07, 1.48609231587e-07, 1.40741775567e-07, 1.3158150125e-07, 1.34946233743e-07, 1.16598648958e-07, 1.13228267651e-07, 1.21669643249e-07, 9.06884594087e-08, 7.69267387568e-08, 1.00285475924e-07, 9.10946198474e-08, 7.15068466661e-08, 4.68073437787e-08, 4.28015631826e-08, 3.27189368932e-08, 2.50058622697e-08, 2.14324540337e-08, 2.06073007547e-08, 1.7760894977e-08, 1.58228257163e-08, 1.5038530421e-08, 1.39172851021e-08, 1.3643965957e-08, 1.28120456466e-08, 1.15550680135e-08, 1.08854782965e-08, 8.67280292027e-09, 8.94420626452e-09, 8.07090483335e-09, 6.11989303678e-09, 3.88462639833e-09, 6.68632649248e-10, 6.78664138776e-11, 6.34210045591e-11, 8.37081619298e-12, 2.95287340586e-12, 2.82209477141e-12, 2.77318771245e-12, 2.68441237121e-12, 2.58386779854e-12, 2.48896064349e-12, 2.44722276298e-12, 2.40084623189e-12, 2.37106970342e-12, 2.1869832334e-12, 2.12611634028e-12, 2.07298913278e-12, 2.02452269359e-12, 1.98039197888e-12, 1.96497722607e-12, 1.91848902216e-12, 1.7916980833e-12, 1.59412305405e-12, 1.48468487938e-12, 1.46273726638e-12],
        "min": [1.24228920484e-08, 1.64210248954e-07, 2.13671015104e-07, 7.63796066394e-08, 8.60429096861e-08, 4.10191880462e-08, 9.06304933324e-08, 5.22029282024e-08, 4.25939745696e-08, 3.13914298999e-08, 2.72299942594e-08, 5.13837434823e-08, 9.20817733174e-09, 2.10156816394e-08, 6.67801858256e-09, 5.92567062085e-09, 1.55760169207e-08, 1.34252324813e-08, 3.71297517177e-08, 5.18607059519e-08, 1.61744893035e-08, 1.51040531193e-08, 9.13558473314e-09, 1.40931604165e-08, 1.86138162661e-08, 1.14975007293e-08, 7.59972706987e-09, 7.96730059704e-09, 3.32488725441e-09, 2.03595740267e-09, 8.51047787798e-10, 1.06184960824e-09, 1.38354794288e-09, 8.94562923737e-10, 1.69658198601e-09, 1.02471742203e-09, 1.31874200449e-09, 2.69707500777e-09, 3.79743392287e-09, 3.40193229142e-09, 3.01288038962e-09, 1.14350839908e-09, 1.32706279299e-09, 1.71946845651e-09, 1.64385249857e-09, 7.32739258158e-10, 1.63064076131e-10, 7.11864595049e-11, 3.71194575077e-10, 4.44375869435e-10, 5.77600522966e-10, 4.14381473579e-10, 2.95493213232e-10, 7.26609258872e-11, 1.52314466595e-10, 2.95966917641e-10, 2.24854634912e-10, 1.54162071997e-10, 9.77927183676e-11, 1.24814308194e-11, 1.71506350788e-11, 6.06286895688e-11, 1.01872121849e-10, 1.14681299179e-10, 1.48177567438e-10, 9.3575314164e-11, 6.65989000059e-11, 3.64692720467e-11, 1.64113000967e-10, 1.98873292834e-10, 1.26768762154e-10, 6.97065322131e-11, 1.99058741712e-10, 2.62886185043e-10, 1.78723452704e-10, 1.57930529765e-10, 2.28511293221e-10, 1.16610457401e-10, 7.11966041678e-11, 4.69866923147e-11, 1.40713343755e-10, 1.49638343383e-10, 7.13303166533e-11, 1.02198617624e-10, 1.03879634061e-10, 5.22605084208e-11, 1.911201232e-11, 1.52141788751e-11, 5.13040374073e-11, 3.9937029378e-11, 6.30240720723e-11, 2.67596014791e-11, 3.65265803715e-11, 9.43005881715e-11, 3.12874864905e-11, 4.37856591262e-11, 3.22871313019e-11, 2.61442412858e-11, 1.60328677418e-11, 1.53639878597e-11, 1.21437868442e-11, 3.07997585769e-11, 3.05548399082e-11, 1.65859791179e-11, 1.47754486597e-12, 6.22215224223e-13, 1.72172172352e-13, 2.39161229883e-13, 2.17884643162e-13, 1.6831826731e-13, 1.87509391152e-13, 1.8968323006e-13, 2.25636431197e-13, 1.9922143091e-13, 1.72546967491e-13, 2.17032148546e-13, 1.6617498935e-13, 1.75272462017e-13, 2.30722342273e-13, 2.0332983886e-13, 1.89361330435e-13, 2.16296151454e-13, 1.9238546845e-13, 1.86934940184e-13, 1.43752509354e-13, 5.8382735224e-14, 8.54389004885e-15, 2.88211960028e-16],
        "stdev": [2.52689424087e-05, 4.48346982012e-05, 4.45734331151e-05, 0.000139759242302, 0.000210794867598, 0.000414334703237, 0.000592347641941, 0.00153712683823, 0.00211240304634, 0.000779524911195, 0.00037199765211, 0.000920467195101, 0.00155258900486, 0.00105408160016, 0.00532182259485, 0.00860551465303, 0.00449657207355, 0.00141010340303, 0.00105071871076, 0.000820027140435, 0.00130044517573, 0.00172573118471, 0.00144770601764, 0.00103443628177, 0.000333029485773, 0.000297909340588, 0.00135759345721, 0.000940450525377, 0.000183917945833, 0.000112307010568, 0.000125484541059, 0.000257202627836, 9.97365350486e-05, 6.45966138109e-05, 0.000123741818243, 4.7564473789e-05, 3.86225474358e-05, 4.20397700509e-05, 4.91005921504e-05, 2.99401326629e-05, 3.79085176974e-05, 0.00011235880811, 1.97644912987e-05, 1.33016446853e-05, 0.000159426170285, 2.00698614208e-05, 1.09122465801e-05, 1.22416013255e-05, 8.81375217432e-06, 1.14845915959e-05, 4.40518260802e-06, 2.90513276013e-06, 4.85499094793e-06, 2.80717245005e-06, 3.0860253446e-06, 1.74745264303e-06, 1.9713797883e-06, 2.40122517425e-06, 1.08168853785e-06, 8.81511368789e-07, 3.98826614401e-06, 2.84758607449e-06, 1.66782729139e-06, 1.83115275831e-06, 1.56883413638e-06, 1.57829276759e-06, 1.58537341122e-06, 9.18980731512e-07, 6.08536936397e-07, 8.08127708751e-07, 6.0233315935e-07, 4.56371509472e-07, 7.86223665727e-07, 8.44626981689e-07, 7.01070007381e-07, 6.16861200342e-07, 8.48486763516e-07, 4.93353525144e-07, 5.14687258146e-07, 6.61702188154e-07, 4.50337637403e-07, 3.56732954288e-07, 6.29500050309e-07, 4.82632401599e-07, 3.763510108e-07, 1.44371497868e-07, 1.18256451742e-07, 7.05356839603e-08, 4.12634051372e-08, 2.95207769341e-08, 2.92113764289e-08, 2.35759394229e-08, 1.79355801322e-08, 1.66524927181e-08, 1.31220065924e-08, 1.26814088119e-08, 1.19001013488e-08, 1.10967137701e-08, 1.05773061421e-08, 7.75021469224e-09, 8.43636893677e-09, 7.01689417681e-09, 4.51516202205e-09, 2.9719320338e-09, 5.57497714659e-10, 8.36098898449e-11, 8.29689580928e-11, 2.11410663281e-11, 1.79616703455e-11, 1.7349410103e-11, 1.6799905217e-11, 1.58344587442e-11, 1.53404077635e-11, 1.48740342959e-11, 1.45080293265e-11, 1.38770054475e-11, 1.35844781604e-11, 1.32284313711e-11, 1.29166573271e-11, 1.25342748333e-11, 1.25242203761e-11, 1.21773450698e-11, 1.17927308543e-11, 1.15570730069e-11, 1.1556962852e-11, 1.14631238529e-11, 1.13345539551e-11, 1.12701081106e-11]
    },
    "mfcc": {
        "mean": [-820.710388184, 138.328399658, -0.0560993254185, -3.19341182709, -7.98832464218, 7.315741539, -2.41123580933, -0.612087786198, 7.21569013596, 14.3047771454, 7.68673038483, -2.05421328545, -7.22941493988],
        "cov": [[2915.02685547, 1125.51147461, -411.541137695, -117.803985596, -301.023773193, -228.163894653, -260.764770508, -151.736877441, -119.068763733, -141.199401855, -57.1470527649, 10.0407838821, -20.6173477173], [1125.51147461, 2266.98828125, 647.46496582, 128.045074463, -43.8412742615, -490.447692871, -464.503173828, -323.839447021, -305.586791992, -584.692993164, -346.476104736, 57.9079742432, 93.3192825317], [-411.541137695, 647.46496582, 688.600158691, 343.546173096, 35.5077857971, -242.678314209, -163.796478271, -83.7275466919, -170.535308838, -320.34854126, -192.193023682, 40.4084701538, 81.2892379761], [-117.803985596, 128.045074463, 343.546173096, 824.680847168, 105.376403809, -299.625030518, -253.684509277, -35.7661018372, -167.479507446, -324.309570312, -167.94631958, 1.60466516018, 36.7880058289], [-301.023773193, -43.8412742615, 35.5077857971, 105.376403809, 279.365264893, 106.850898743, -13.8237199783, -57.7341842651, -22.3432502747, 8.13516330719, 11.4447250366, 0.89235585928, -17.3153972626], [-228.163894653, -490.447692871, -242.678314209, -299.625030518, 106.850898743, 424.871948242, 250.714080811, -12.4572057724, 37.1196556091, 218.886520386, 142.321166992, -8.56283760071, -50.0594367981], [-260.764770508, -464.503173828, -163.796478271, -253.684509277, -13.8237199783, 250.714080811, 279.202728271, 90.1355438232, 61.7591285706, 181.972045898, 115.605407715, -0.444999873638, -24.1603813171], [-151.736877441, -323.839447021, -83.7275466919, -35.7661018372, -57.7341842651, -12.4572057724, 90.1355438232, 215.347686768, 169.326385498, 90.5140151978, -7.12243843079, -52.8158531189, 12.5676040649], [-119.068763733, -305.586791992, -170.535308838, -167.479507446, -22.3432502747, 37.1196556091, 61.7591285706, 169.326385498, 302.906768799, 201.609436035, -17.5127449036, -88.5663604736, -0.873058319092], [-141.199401855, -584.692993164, -320.34854126, -324.309570312, 8.13516330719, 218.886520386, 181.972045898, 90.5140151978, 201.609436035, 387.111999512, 217.450973511, -35.1693763733, -74.7542114258], [-57.1470527649, -346.476104736, -192.193023682, -167.94631958, 11.4447250366, 142.321166992, 115.605407715, -7.12243843079, -17.5127449036, 217.450973511, 320.850097656, 88.3885269165, -92.1852722168], [10.0407838821, 57.9079742432, 40.4084701538, 1.60466516018, 0.89235585928, -8.56283760071, -0.444999873638, -52.8158531189, -88.5663604736, -35.1693763733, 88.3885269165, 138.958969116, 33.3050537109], [-20.6173477173, 93.3192825317, 81.2892379761, 36.7880058289, -17.3153972626, -50.0594367981, -24.1603813171, 12.5676040649, -0.873058319092, -74.7542114258, -92.1852722168, 33.3050537109, 129.353897095]],
        "icov": [[0.00120411533862, -0.0013808371732, 0.00197023642249, -0.00101052818354, 0.00153323239647, -0.00098057964351, 0.000795676023699, -0.00103316933382, 0.00116209185217, -0.00161273719277, 0.000901393301319, -0.000832763966173, 0.000244726834353], [-0.0013808371732, 0.0033662924543, -0.0029661366716, 0.00294131971896, -0.00231591355987, 0.00261750025675, -8.20256718725e-06, 0.00289768842049, -0.00173014285974, 0.00426486879587, -0.00134010252077, 0.00166365783662, -0.0001316126436], [0.00197023642249, -0.0029661366716, 0.00624981755391, -0.00258539104834, 0.00186092196964, -0.000490721664391, -0.000578132865485, -0.00143023009878, 0.00216029817238, -0.0023827701807, 0.00208369083703, -0.00181934027933, -5.72532917431e-05], [-0.00101052818354, 0.00294131971896, -0.00258539104834, 0.00544184446335, -0.00345271942206, 0.0031662771944, 0.00170839042403, 0.000335187796736, 0.000495315995067, 0.00447072647512, -0.00112022564281, 0.00201919884421, 0.000112509558676], [0.00153323239647, -0.00231591355987, 0.00186092196964, -0.00345271942206, 0.00828977581114, -0.00605485308915, 0.00343893514946, -0.00135929381941, 0.000591711548623, -0.00352443754673, 0.00149766542017, -0.00225842860527, 0.000884499168023], [-0.00098057964351, 0.00261750025675, -0.000490721664391, 0.0031662771944, -0.00605485308915, 0.0135705051944, -0.0102462861687, 0.00828436203301, -0.00215314561501, 0.00349321193062, -0.00192282290664, 0.00413439935073, -0.0013447587844], [0.000795676023699, -8.20256718725e-06, -0.000578132865485, 0.00170839042403, 0.00343893514946, -0.0102462861687, 0.019260071218, -0.0121097713709, 0.00800636876374, -0.00573213025928, 0.00406381767243, -0.00453233113512, 0.00208362797275], [-0.00103316933382, 0.00289768842049, -0.00143023009878, 0.000335187796736, -0.00135929381941, 0.00828436203301, -0.0121097713709, 0.0214495398104, -0.0142553355545, 0.0110131837428, -0.00818639993668, 0.00786709040403, -0.00436473498121], [0.00116209185217, -0.00173014285974, 0.00216029817238, 0.000495315995067, 0.000591711548623, -0.00215314561501, 0.00800636876374, -0.0142553355545, 0.0204936210066, -0.0166853778064, 0.0121579458937, -0.0050232722424, 0.00251489086077], [-0.00161273719277, 0.00426486879587, -0.0023827701807, 0.00447072647512, -0.00352443754673, 0.00349321193062, -0.00573213025928, 0.0110131837428, -0.0166853778064, 0.027697680518, -0.0184670612216, 0.012682504952, -0.00490059098229], [0.000901393301319, -0.00134010252077, 0.00208369083703, -0.00112022564281, 0.00149766542017, -0.00192282290664, 0.00406381767243, -0.00818639993668, 0.0121579458937, -0.0184670612216, 0.0229541417211, -0.0175907369703, 0.0114278225228], [-0.000832763966173, 0.00166365783662, -0.00181934027933, 0.00201919884421, -0.00225842860527, 0.00413439935073, -0.00453233113512, 0.00786709040403, -0.0050232722424, 0.012682504952, -0.0175907369703, 0.0245397537947, -0.0126362117007], [0.000244726834353, -0.0001316126436, -5.72532917431e-05, 0.000112509558676, 0.000884499168023, -0.0013447587844, 0.00208362797275, -0.00436473498121, 0.00251489086077, -0.00490059098229, 0.0114278225228, -0.0126362117007, 0.0168624091893]]
    },
    "spectral_contrast_coeffs": {
        "max": [-0.351642727852, -0.308552742004, -0.463875740767, -0.612386226654, -0.679462254047, -0.566799104214],
        "mean": [-0.78331798315, -0.753817796707, -0.735481917858, -0.777300596237, -0.855392098427, -0.817056238651],
        "min": [-0.934748291969, -0.967263162136, -0.921158909798, -0.911926686764, -0.932050585747, -0.866825580597],
        "stdev": [0.127690628171, 0.10033378005, 0.0803604051471, 0.0708204582334, 0.0368615463376, 0.0387447141111]
    },
    "spectral_contrast_valleys": {
        "max": [-6.2287774086, -4.70917034149, -5.29810762405, -6.44930839539, -6.85820960999, -10.8987731934],
        "mean": [-8.39548873901, -8.17829799652, -8.9148979187, -9.22716999054, -9.37086963654, -11.7566585541],
        "min": [-10.2460622787, -9.73691558838, -11.3782968521, -11.9286623001, -12.2144613266, -14.3295097351],
        "stdev": [0.777488172054, 1.06104052067, 0.82725161314, 0.651062965393, 0.563087582588, 0.388097494841]
    }
},
"rhythm": {
    "beats_count": 21,
    "beats_loudness": {
        "max": 0.221186891198,
        "mean": 0.0318465530872,
        "min": 0.00027886859607,
        "stdev": 0.0657834261656
    },
    "bpm": 108.019584656,
    "bpm_histogram_first_peak_bpm": 108,
    "bpm_histogram_first_peak_weight": 0.461538434029,
    "bpm_histogram_second_peak_bpm": 96,
    "bpm_histogram_second_peak_spread": 0.666666686535,
    "bpm_histogram_second_peak_weight": 0.10000000149,
    "danceability": 1.13127946854,
    "onset_rate": 2.97820472717,
    "beats_loudness_band_ratio": {
        "max": [0.381942778826, 0.857471585274, 0.823499977589, 0.632863223553, 0.758699655533, 0.588469028473],
        "mean": [0.132720395923, 0.156961709261, 0.423947840929, 0.172179535031, 0.118982635438, 0.0348824672401],
        "min": [0.019640924409, 0.00251855538227, 0.0324438661337, 0.00242292881012, 7.76269298512e-05, 1.90477258002e-05],
        "stdev": [0.0961055830121, 0.237313017249, 0.263583540916, 0.171273335814, 0.200460895896, 0.124026708305]
    },
    "beats_position": [0.53405892849, 1.10294783115, 1.68344664574, 2.28716540337, 2.92571425438, 3.55265307426, 4.15637159348, 4.78331041336, 5.39863920212, 5.95591831207, 6.5015873909, 7.04725599289, 7.59292507172, 8.15020370483, 8.70748329163, 9.26476192474, 9.82204055786, 10.379319191, 10.9365987778, 11.4822673798, 12.0279359818],
