{
"metadata": {
    "version": {
        "essentia": "2.1-beta5",
        "essentia_git_sha": "Undefined",
        "extractor": "music 2.0"
    },
    "audio_properties": {
        "analysis": {
            "equal_loudness": 0,
            "length": 48.7502937317,
            "sample_rate": 44100,
            "start_time": 142.744674683,
            "downmix": "mix"
        },
        "bit_rate": 192000,
        "length": 217.025314331,
        "lossless": 0,
        "number_channels": 2,
        "replay_gain": -11.070848465,
        "sample_rate": 48000,
        "codec": "mp3",
        "md5_encoded": "2b04be7c493b20be56a93f39db54a804"
    },
    "tags": {
        "file_name": "Sweden_En Gång I Stockholm_Monica Zetterlund.mp3",
        "encoding": ["Lavf58.29.100"]
    }
},
"lowlevel": {
    "average_loudness": 0.833052814007,
    "barkbands_crest": {
        "max": 26.7338886261,
        "mean": 12.7728977203,
        "min": 4.0748963356,
        "stdev": 5.32900428772
    },
    "barkbands_flatness_db": {
        "max": 0.44614097476,
        "mean": 0.257138222456,
        "min": 0.0973702818155,
        "stdev": 0.0592735260725
    },
    "barkbands_kurtosis": {
        "max": 428.739135742,
        "mean": 12.5240793228,
        "min": -1.73169529438,
        "stdev": 28.4161682129
    },
    "barkbands_skewness": {
        "max": 17.7086162567,
        "mean": 2.11610341072,
        "min": -1.84265518188,
        "stdev": 1.91275990009
    },
    "barkbands_spread": {
        "max": 46.7183876038,
        "mean": 6.2837100029,
        "min": 0.192916944623,
        "stdev": 4.64481830597
    },
    "dissonance": {
        "max": 0.499998658895,
        "mean": 0.410514265299,
        "min": 0.18647056818,
        "stdev": 0.0560296960175
    },
    "dynamic_complexity": 3.10794568062,
    "erbbands_crest": {
        "max": 32.2621383667,
        "mean": 13.3102045059,
        "min": 3.50806808472,
        "stdev": 6.17602729797
    },
    "erbbands_flatness_db": {
        "max": 0.425204902887,
        "mean": 0.266040116549,
        "min": 0.122004427016,
        "stdev": 0.0528721250594
    },
    "erbbands_kurtosis": {
        "max": 93.4688720703,
        "mean": 3.34769964218,
        "min": -1.61884474754,
        "stdev": 7.41651773453
    },
    "erbbands_skewness": {
        "max": 8.42262935638,
        "mean": 1.03366196156,
        "min": -2.58587551117,
        "stdev": 1.21592879295
    },
    "erbbands_spread": {
        "max": 67.6216659546,
        "mean": 16.1543197632,
        "min": 1.26235330105,
        "stdev": 8.96771812439
    },
    "hfc": {
        "max": 65.7053527832,
        "mean": 9.68011856079,
        "min": 0.0137647306547,
        "stdev": 9.32450199127
    },
    "loudness_ebu128": {
        "integrated": -14.4617156982,
        "loudness_range": 4.29320812225,
        "momentary": {
            "max": -9.55082893372,
            "mean": -15.3243103027,
            "min": -23.952091217,
            "stdev": 2.88323879242
        },
        "short_term": {
            "max": -11.0994005203,
            "mean": -14.6861696243,
            "min": -17.670583725,
            "stdev": 1.44850826263
        }
    },
    "melbands_crest": {
        "max": 32.8730278015,
        "mean": 15.8404569626,
        "min": 4.45671367645,
        "stdev": 6.05764245987
    },
    "melbands_flatness_db": {
        "max": 0.520043611526,
        "mean": 0.320165485144,
        "min": 0.135329708457,
        "stdev": 0.0656068772078
    },
    "melbands_kurtosis": {
        "max": 199.075057983,
        "mean": 13.1325817108,
        "min": -1.53446495533,
        "stdev": 21.6998653412
    },
    "melbands_skewness": {
        "max": 9.78571414948,
        "mean": 2.17370605469,
        "min": -1.53343474865,
        "stdev": 1.57996761799
    },
    "melbands_spread": {
        "max": 58.2394065857,
        "mean": 8.67017364502,
        "min": 0.359610050917,
        "stdev": 6.144302845
    },
    "pitch_salience": {
        "max": 0.840260386467,
        "mean": 0.535836279392,
        "min": 0.0779160857201,
        "stdev": 0.14584197104
    },
    "silence_rate_20dB": {
        "max": 1,
        "mean": 1,
        "min": 1,
        "stdev": 0
    },
    "silence_rate_30dB": {
        "max": 1,
        "mean": 1,
        "min": 1,
        "stdev": 0
    },
    "silence_rate_60dB": {
        "max": 1,
        "mean": 0.0571156591177,
        "min": 0,
        "stdev": 0.232062831521
    },
    "spectral_centroid": {
        "max": 3129.78686523,
        "mean": 553.890197754,
        "min": 215.089019775,
        "stdev": 247.498123169
    },
    "spectral_complexity": {
        "max": 23,
        "mean": 10.4873867035,
        "min": 0,
        "stdev": 3.48458051682
    },
    "spectral_decrease": {
        "max": -6.48790222935e-12,
        "mean": -5.23901189098e-09,
        "min": -2.46229951983e-08,
        "stdev": 4.17057011148e-09
    },
    "spectral_energy": {
        "max": 0.0971582084894,
        "mean": 0.0206512268633,
        "min": 2.57353658526e-05,
        "stdev": 0.0164664778858
    },
    "spectral_energyband_high": {
        "max": 0.00158021482639,
        "mean": 1.71789033629e-05,
        "min": 3.62122563047e-07,
        "stdev": 8.11927675386e-05
    },
    "spectral_energyband_low": {
        "max": 0.0209142081439,
        "mean": 0.000866433489136,
        "min": 1.98078873836e-06,
        "stdev": 0.00184554851148
    },
    "spectral_energyband_middle_high": {
        "max": 0.0605922527611,
        "mean": 0.00274966680445,
        "min": 3.88998569179e-06,
        "stdev": 0.00601384555921
    },
    "spectral_energyband_middle_low": {
        "max": 0.0900137796998,
        "mean": 0.0174895767123,
        "min": 1.60937888722e-05,
        "stdev": 0.0154781974852
    },
    "spectral_entropy": {
        "max": 7.88646221161,
        "mean": 6.45155858994,
        "min": 4.7475938797,
        "stdev": 0.536719977856
    },
    "spectral_flux": {
        "max": 0.241780161858,
        "mean": 0.0559697747231,
        "min": 0.00975354108959,
        "stdev": 0.0303016621619
    },
    "spectral_kurtosis": {
        "max": 58.7793006897,
        "mean": 20.1166877747,
        "min": -0.446808338165,
        "stdev": 10.3027076721
    },
    "spectral_rms": {
        "max": 0.00973593816161,
        "mean": 0.00414833519608,
        "min": 0.000158454015036,
        "stdev": 0.00171430059709
    },
    "spectral_rolloff": {
        "max": 4478.90625,
        "mean": 691.819396973,
        "min": 129.19921875,
        "stdev": 369.994873047
    },
    "spectral_skewness": {
        "max": 6.20130252838,
        "mean": 3.30164885521,
        "min": -0.0445312224329,
        "stdev": 0.938765704632
    },
    "spectral_spread": {
        "max": 10738090,
        "mean": 2340860.75,
        "min": 1242997.5,
        "stdev": 635937.4375
    },
    "spectral_strongpeak": {
        "max": 8.82580089569,
        "mean": 1.2746758461,
        "min": 0.00262019061483,
        "stdev": 1.29413974285
    },
    "zerocrossingrate": {
        "max": 0.115234375,
        "mean": 0.0268654618412,
        "min": 0.00341796875,
        "stdev": 0.0108590070158
    },
    "barkbands": {
        "max": [7.19872696209e-06, 0.00698892399669, 0.0170746333897, 0.0281333215535, 0.0693067163229, 0.0783993154764, 0.0418704114854, 0.0515927746892, 0.0624197758734, 0.0542189218104, 0.0522216781974, 0.0315646082163, 0.00611136481166, 0.00948619935662, 0.00484661059454, 0.00182666780893, 0.00253477995284, 0.000506239419337, 0.000215834646951, 0.000550233002286, 0.000787980854511, 0.000789301586337, 7.49162136344e-05, 8.77345519257e-06, 1.35624748054e-06, 1.13174780836e-06, 1.07725088583e-06],
        "mean": [5.13124405188e-07, 0.000237521337112, 0.000398589821998, 0.000796117354184, 0.00555746164173, 0.00572421401739, 0.00180014350917, 0.00138277933002, 0.00169777136762, 0.00128814158961, 0.000688026484568, 0.000491431506816, 0.000138419025461, 0.000162704862305, 0.000136183502036, 4.91053542646e-05, 4.93246297992e-05, 1.94141648535e-05, 1.13972737381e-05, 9.44034763961e-06, 6.86313978804e-06, 3.13720374834e-06, 1.11193037355e-06, 6.39761992716e-07, 5.24447386852e-07, 2.86989347842e-07, 1.44142420222e-09],
        "min": [1.12401377095e-09, 5.20835556017e-07, 2.56022957501e-07, 8.01810102757e-08, 1.410681989e-06, 5.66949393033e-06, 4.07694869864e-06, 8.53621600072e-07, 3.12583978257e-07, 1.68110773302e-06, 3.09043628022e-07, 6.70792701385e-08, 1.28622886564e-07, 1.4170382201e-07, 2.65556735712e-07, 3.71167089952e-07, 1.18388200576e-07, 3.86749405834e-08, 1.05506728687e-07, 6.96907065389e-08, 9.72281952727e-08, 6.05127468134e-08, 4.38686313942e-08, 3.54038007799e-08, 6.88851753416e-11, 2.11074092232e-11, 1.38653888718e-11],
        "stdev": [5.9804438024e-07, 0.000642946281005, 0.00123720557895, 0.00170764024369, 0.00784486997873, 0.01031046547, 0.00403924845159, 0.00334804062732, 0.00569194322452, 0.00455789361149, 0.00306017370895, 0.00158530427143, 0.000322650827002, 0.000433691922808, 0.000274373654975, 0.000102477759356, 0.000101819765405, 3.84048871638e-05, 1.84588807315e-05, 3.01801028399e-05, 4.20742289862e-05, 2.3737686206e-05, 3.56572377314e-06, 3.57150184982e-07, 1.0011125795e-07, 1.16771140313e-07, 2.3515491776e-08]
    },
    "erbbands": {
        "max": [0.032095618546, 2.20856738091, 18.0796508789, 40.8111114502, 151.06439209, 289.360168457, 652.207580566, 1011.55969238, 572.240234375, 1159.42492676, 1205.08435059, 1901.86645508, 2006.37585449, 2220.7668457, 952.368591309, 735.196228027, 310.481201172, 171.149307251, 434.389831543, 212.154129028, 72.2447738647, 88.0786132812, 34.5607452393, 22.1078739166, 14.4734020233, 27.1940040588, 43.6005096436, 34.6250305176, 27.9214363098, 5.68091917038, 1.46012830734, 0.467880100012, 0.038560424, 0.0139493383467, 0.010368485935, 0.00472482154146, 0.00209831446409, 0.000663080892991, 0.000160750350915, 0.000109354841697],
        "mean": [0.00214625708759, 0.0746264234185, 0.455089628696, 1.50977480412, 9.23641777039, 18.6313858032, 39.1093978882, 45.3306465149, 29.6889324188, 33.8533248901, 28.3534374237, 34.3096733093, 48.0241165161, 38.0510520935, 20.6525630951, 19.2997112274, 8.35533332825, 6.40082645416, 9.33859920502, 5.06757926941, 3.02230930328, 2.18798851967, 1.20332896709, 0.807319283485, 0.511757612228, 0.426411062479, 0.326443850994, 0.242499575019, 0.123204983771, 0.054858583957, 0.0282873939723, 0.015860600397, 0.00965889263898, 0.00621673278511, 0.00350602879189, 0.0015162093332, 0.000476116169011, 5.79477164138e-05, 1.11068757178e-05, 2.33063765336e-05],
        "min": [2.13682360481e-05, 0.000150164138176, 0.000704213278368, 0.00485664326698, 0.00912112928927, 0.00231556105427, 0.0108583690599, 0.0599895082414, 0.0721710622311, 0.0361324585974, 0.0140913166106, 0.00609187455848, 0.0329342484474, 0.0668496713042, 0.0256226602942, 0.00335790100507, 0.00621738564223, 0.00672619789839, 0.0100880125538, 0.019398143515, 0.0174585394561, 0.00681277178228, 0.00256115035154, 0.0038258980494, 0.00419501634315, 0.00389681267552, 0.00443405797705, 0.00282976380549, 0.00296004931442, 0.00091019080719, 0.00142292713281, 0.000877779501025, 0.000516640895512, 0.000230755889788, 0.000107864849269, 2.96513317153e-05, 4.99137649967e-06, 7.76918056999e-07, 2.57858260966e-07, 2.51840646115e-07],
        "stdev": [0.00378614175133, 0.207108289003, 1.42754721642, 2.52445363998, 15.7640390396, 30.6125450134, 85.5485916138, 98.6300964355, 55.6006088257, 90.6410293579, 70.6596450806, 118.11151123, 154.210632324, 148.430770874, 69.3326797485, 47.1396522522, 16.632692337, 11.2211065292, 22.8280849457, 9.53007602692, 5.46773004532, 4.13593387604, 2.33448171616, 1.42065942287, 1.03738939762, 1.29434013367, 2.0127453804, 1.55192255974, 0.92171984911, 0.2653170228, 0.0733788982034, 0.0182964783162, 0.00278551038355, 0.00137460406404, 0.000746474659536, 0.000453583110357, 0.0002446041035, 3.99953896704e-05, 8.70545318321e-06, 1.85588378372e-05]
    },
    "gfcc": {
        "mean": [-99.1318740845, 153.097686768, -124.973121643, -15.4611644745, -65.21824646, -10.302075386, -50.2979316711, -9.5877199173, -28.7920055389, -8.52152061462, -14.1100034714, -5.13519525528, -3.34827518463],
        "cov": [[726.096252441, 191.224441528, -356.421051025, -151.917724609, 134.396072388, -92.3683776855, 85.9999694824, 29.6951026917, 24.6861934662, -58.3926200867, 12.6680717468, -48.7538337708, 7.40227365494], [191.224441528, 225.522766113, 102.371002197, -22.0695400238, 93.4270935059, 58.340511322, 17.4500045776, 1.47646951675, 15.0281114578, -34.3557662964, 13.2083520889, -37.2123451233, -18.8623104095], [-356.421051025, 102.371002197, 644.259094238, 158.079452515, 32.7605781555, 56.8638534546, -76.8314056396, -40.2305984497, -5.99940824509, 32.4320068359, 0.288266718388, 47.5683059692, -56.7879066467], [-151.917724609, -22.0695400238, 158.079452515, 547.862243652, 47.6727828979, 154.566299438, 36.1018714905, -24.6955165863, 25.7750778198, 48.3613510132, -24.6404075623, -20.7947483063, -21.5119132996], [134.396072388, 93.4270935059, 32.7605781555, 47.6727828979, 192.76210022, 52.6547698975, -25.2365150452, 7.47441530228, -8.31850147247, -9.46466445923, -9.327003479, -1.58035731316, -27.4366722107], [-92.3683776855, 58.340511322, 56.8638534546, 154.566299438, 52.6547698975, 321.740020752, 118.106712341, -21.1445026398, -9.46235370636, 28.2838897705, -1.88698887825, -14.9635972977, -10.6525058746], [85.9999694824, 17.4500045776, -76.8314056396, 36.1018714905, -25.2365150452, 118.106712341, 175.518066406, 46.0852165222, 0.960568547249, 8.1801366806, 10.8889875412, -7.94526958466, 11.8237085342], [29.6951026917, 1.47646951675, -40.2305984497, -24.6955165863, 7.47441530228, -21.1445026398, 46.0852165222, 145.899108887, 62.0829200745, 27.1509532928, 1.47567808628, 2.69592952728, -3.5115339756], [24.6861934662, 15.0281114578, -5.99940824509, 25.7750778198, -8.31850147247, -9.46235370636, 0.960568547249, 62.0829200745, 130.399520874, 64.6338043213, 15.4631299973, 0.617040991783, 18.174829483], [-58.3926200867, -34.3557662964, 32.4320068359, 48.3613510132, -9.46466445923, 28.2838897705, 8.1801366806, 27.1509532928, 64.6338043213, 104.514335632, 33.7564353943, 21.9265003204, -2.15305685997], [12.6680717468, 13.2083520889, 0.288266718388, -24.6404075623, -9.327003479, -1.88698887825, 10.8889875412, 1.47567808628, 15.4631299973, 33.7564353943, 88.8482589722, 42.4509391785, 25.8335609436], [-48.7538337708, -37.2123451233, 47.5683059692, -20.7947483063, -1.58035731316, -14.9635972977, -7.94526958466, 2.69592952728, 0.617040991783, 21.9265003204, 42.4509391785, 90.7056655884, 33.086265564], [7.40227365494, -18.8623104095, -56.7879066467, -21.5119132996, -27.4366722107, -10.6525058746, 11.8237085342, -3.5115339756, 18.174829483, -2.15305685997, 25.8335609436, 33.086265564, 97.0774078369]],
        "icov": [[0.0143926180899, -0.0176777187735, 0.0102223716676, -0.00062452070415, -0.00827826187015, 0.0128932176158, -0.0135521059856, 0.00866570696235, -0.00249253795482, -0.00486536882818, 0.00608231127262, -0.00746036460623, 0.00363121391274], [-0.0176777187735, 0.0357649996877, -0.0165495350957, 0.00321449805051, 0.00284431548789, -0.0166674237698, 0.0125183518976, -0.0085760075599, -0.00443961238489, 0.0154579812661, -0.0160155966878, 0.0186513680965, -0.00445242924616], [0.0102223716676, -0.0165495350957, 0.0105882948264, -0.00169802678283, -0.00340786064044, 0.00863519124687, -0.0070524699986, 0.00563312740996, 0.000127301900648, -0.00588448904455, 0.00683594448492, -0.0100055728108, 0.00430634012446], [-0.00062452070415, 0.00321449805051, -0.00169802678283, 0.0029126664158, -0.00142517930362, -0.00133986724541, -0.000676821684465, 0.000726770493202, -0.00163057656027, 0.000684645434376, -0.000757128698751, 0.00258850376122, -0.000477043940919], [-0.00827826187015, 0.00284431548789, -0.00340786064044, -0.00142517930362, 0.0152994496748, -0.0093649784103, 0.0130830975249, -0.00807673018426, 0.00544580258429, -7.34142886358e-05, 0.00031354391831, -0.00180624460336, -0.000203702467843], [0.0128932176158, -0.0166674237698, 0.00863519124687, -0.00133986724541, -0.0093649784103, 0.0179435480386, -0.0172764081508, 0.0103392731398, -0.00149629393127, -0.00727875716984, 0.00675276434049, -0.00616289256141, 0.00275539257564], [-0.0135521059856, 0.0125183518976, -0.0070524699986, -0.000676821684465, 0.0130830975249, -0.0172764081508, 0.0261098798364, -0.0144878113642, 0.00691441586241, 0.00303627434187, -0.00549210608006, 0.00477747060359, -0.00410602986813], [0.00866570696235, -0.0085760075599, 0.00563312740996, 0.000726770493202, -0.00807673018426, 0.0103392731398, -0.0144878113642, 0.017581179738, -0.00877348892391, -0.00186702923384, 0.00442689331248, -0.00509160617366, 0.00454000895843], [-0.00249253795482, -0.00443961238489, 0.000127301900648, -0.00163057656027, 0.00544580258429, -0.00149629393127, 0.00691441586241, -0.00877348892391, 0.0205318052322, -0.013589640148, 0.00331863737665, 0.000925721542444, -0.00608800491318], [-0.00486536882818, 0.0154579812661, -0.00588448904455, 0.000684645434376, -7.34142886358e-05, -0.00727875716984, 0.00303627434187, -0.00186702923384, -0.013589640148, 0.0275095514953, -0.0131805352867, 0.00422278093174, 0.00404979893938], [0.00608231127262, -0.0160155966878, 0.00683594448492, -0.000757128698751, 0.00031354391831, 0.00675276434049, -0.00549210608006, 0.00442689331248, 0.00331863737665, -0.0131805352867, 0.0250264555216, -0.0148885371163, -0.000585040077567], [-0.00746036460623, 0.0186513680965, -0.0100055728108, 0.00258850376122, -0.00180624460336, -0.00616289256141, 0.00477747060359, -0.00509160617366, 0.000925721542444, 0.00422278093174, -0.0148885371163, 0.0293054506183, -0.00914498697966], [0.00363121391274, -0.00445242924616, 0.00430634012446, -0.000477043940919, -0.000203702467843, 0.00275539257564, -0.00410602986813, 0.00454000895843, -0.00608800491318, 0.00404979893938, -0.000585040077567, -0.00914498697966, 0.0169836878777]]
    },
    "melbands": {
        "max": [0.00101284193806, 0.00631768116727, 0.0096421726048, 0.0110047226772, 0.0175237413496, 0.0193359665573, 0.00831930339336, 0.0117337759584, 0.00792190805078, 0.0106419501826, 0.00967911537737, 0.00891595426947, 0.00571465771645, 0.00380930444226, 0.00147755991202, 0.000664549588691, 0.00038623061846, 0.000968022854067, 0.000494363252074, 0.000156311041792, 0.000117861796753, 0.000140695847222, 2.34457129409e-05, 2.55036011367e-05, 2.01424500119e-05, 9.74028262135e-06, 1.99031092052e-05, 2.22403396037e-05, 3.36463454005e-05, 1.93122668861e-05, 2.4677357942e-05, 2.25832354772e-05, 5.31455998498e-06, 2.72972079074e-06, 9.45162071275e-07, 4.23303958996e-07, 2.2250657139e-07, 2.56368952734e-08, 1.51950079186e-08, 1.12466853608e-08],
        "mean": [4.13897978433e-05, 0.000189236670849, 0.000482074770844, 0.00100443419069, 0.00126824364997, 0.0010192184709, 0.000446528720204, 0.00035748470691, 0.000229577824939, 0.000225708965445, 0.000238990993239, 0.000153512097313, 8.14058148535e-05, 5.06865653733e-05, 3.81245190511e-05, 1.13069791041e-05, 1.20495597002e-05, 1.60083109222e-05, 9.64898936218e-06, 4.31465286965e-06, 3.57681165042e-06, 2.64018331109e-06, 1.30921557684e-06, 9.1728412599e-07, 6.34287857793e-07, 3.61658095471e-07, 3.54905722588e-07, 2.65876366257e-07, 2.27081415005e-07, 1.52076623294e-07, 1.35533738899e-07, 7.82801095056e-08, 3.88414029828e-08, 2.65422794854e-08, 1.69288316698e-08, 1.17971428182e-08, 8.78783357194e-09, 6.84312118082e-09, 5.88226622966e-09, 5.00005548076e-09],
        "min": [1.3001361765e-07, 1.28561651991e-07, 7.81600647315e-07, 3.701599951e-07, 3.06109058101e-07, 1.31992032948e-06, 1.04497064513e-06, 3.38005122558e-07, 9.2840338084e-08, 3.84719491819e-08, 1.68719623161e-07, 2.75793212268e-07, 1.20427102956e-07, 1.21009238185e-08, 7.68481456248e-09, 1.43838319033e-08, 1.19364607087e-08, 1.48467673711e-08, 2.16850608581e-08, 2.80000609365e-08, 1.86073521036e-08, 8.28176283107e-09, 2.14946815902e-09, 1.67845815024e-09, 3.12895354071e-09, 4.74011185858e-09, 1.37621725127e-09, 2.89754797933e-09, 2.59076937681e-09, 2.91635737781e-09, 1.03060171508e-09, 2.00607042089e-09, 7.40395245113e-10, 4.41713804422e-10, 8.10929823292e-10, 6.62732757561e-10, 5.56694579323e-10, 3.57056967326e-10, 9.84892831353e-13, 7.28462537687e-13],
        "stdev": [9.61608893704e-05, 0.000538059917744, 0.00079957669368, 0.00143062812276, 0.00251232134178, 0.00202188128605, 0.000809351971839, 0.000914358533919, 0.000591037503909, 0.000777947891038, 0.000787162338383, 0.000621999963187, 0.000310246425215, 0.000183645359357, 9.29731031647e-05, 2.55259037658e-05, 2.36613705056e-05, 4.60358533019e-05, 2.29336128541e-05, 8.42477675178e-06, 7.08587049303e-06, 5.79117977395e-06, 2.28602993957e-06, 1.786467692e-06, 1.21102277717e-06, 6.12241478848e-07, 1.03891488834e-06, 9.53464905251e-07, 1.49289041929e-06, 9.06899458641e-07, 9.58149257713e-07, 6.69505141104e-07, 2.06322198437e-07, 1.22555093185e-07, 4.52796200534e-08, 1.89159923281e-08, 7.81786724247e-09, 2.19410534186e-09, 1.63468727443e-09, 1.26809751588e-09]
    },
    "melbands128": {
        "max": [5.31952309757e-06, 9.07547728275e-05, 0.000676116032992, 0.00482519622892, 0.00970970094204, 0.00696011027321, 0.00601760298014, 0.0175990704447, 0.021301843226, 0.0191713031381, 0.0226442366838, 0.0331300608814, 0.0321052856743, 0.0255291815847, 0.033590503037, 0.0318269357085, 0.0153279127553, 0.0152941253036, 0.0137322014198, 0.0222745425999, 0.0110302679241, 0.0218746885657, 0.0106193423271, 0.0134739326313, 0.0242506358773, 0.0141984215006, 0.0258937161416, 0.0182942710817, 0.0153470011428, 0.0152388364077, 0.0173561051488, 0.0179161261767, 0.00740654394031, 0.00470667192712, 0.0107207912952, 0.00335052493028, 0.00441003357992, 0.00314090121537, 0.00159614509903, 0.00115282565821, 0.00113370805047, 0.000290424388368, 0.000596237892751, 0.00049932213733, 0.0021056716796, 0.00100030598696, 0.000792273378465, 0.000661101425067, 0.000708419654984, 0.00022551274742, 0.000204528216273, 0.000294140889309, 0.000196931927348, 0.0001386073709, 0.000468235899461, 0.00011513937352, 3.46986780642e-05, 3.16060650221e-05, 3.45956286765e-05, 7.06320497557e-05, 3.41396771546e-05, 2.14137689909e-05, 5.60428379686e-05, 9.93713820208e-06, 1.58634411491e-05, 6.14830742052e-06, 2.74002177321e-05, 1.78873688128e-05, 4.38500501332e-05, 9.36900869419e-06, 2.16338630707e-05, 3.5705154005e-05, 3.7169589632e-05, 4.54513537989e-05, 2.93207358482e-05, 1.95253705897e-05, 2.94852598017e-05, 2.57144783973e-05, 2.14514220716e-05, 4.06406325055e-05, 3.82126054319e-05, 1.23101644931e-05, 7.71187296777e-06, 4.78433867102e-06, 4.25472444476e-06, 4.03478816224e-06, 3.37835740538e-06, 1.98688826458e-06, 8.19290278287e-07, 1.00000306702e-06, 3.79326053235e-07, 5.27914778559e-07, 2.25805791843e-07, 3.25294109871e-07, 1.18275060856e-07, 4.10491978187e-08, 3.63029819539e-08, 2.00436858222e-08, 2.01703560521e-08, 1.62904232326e-08, 1.57934092471e-08, 1.50820689271e-08, 1.36285116525e-08, 1.35374023102e-08, 1.19309397917e-08, 1.15852643034e-08, 9.50822798274e-09, 1.20282823701e-08, 9.20726073161e-09, 8.88966855683e-09, 8.35740454619e-09, 7.77433939447e-09, 6.87337031735e-09, 5.91671023287e-09, 5.78565417797e-09, 5.33436450567e-09, 5.06402386691e-09, 4.99195040859e-09, 4.88146101318e-09, 4.76538630778e-09, 4.66334437732e-09, 4.56233451018e-09, 4.48536452424e-09, 4.4061061466e-09, 4.34826930018e-09, 4.29938884494e-09, 4.26368629292e-09, 4.24279233968e-09],
        "mean": [3.52599784037e-07, 4.59426428279e-06, 3.9139726141e-05, 0.000145783225889, 0.000236380801653, 0.000174628206878, 0.000206113123568, 0.000495227868669, 0.00102028972469, 0.00101884582546, 0.000969832646661, 0.00123707589228, 0.00154270604253, 0.0010689169867, 0.000984249985777, 0.00114751362707, 0.000566017930396, 0.000276871956885, 0.000307404494379, 0.000461462594103, 0.000325872242684, 0.000224887262448, 0.000214451138163, 0.000230774574447, 0.000218523447984, 0.000185683136806, 0.000343467952916, 0.000245718401857, 0.000160343581229, 0.000153933695401, 0.000162154261488, 0.000133409994305, 7.37239679438e-05, 4.25707185059e-05, 5.53269783268e-05, 4.11522196373e-05, 6.81559031364e-05, 4.06511353503e-05, 2.20661750063e-05, 1.26655004351e-05, 8.41491782921e-06, 9.03493582882e-06, 1.13429496196e-05, 1.20489021356e-05, 1.94125968846e-05, 1.66043719219e-05, 1.29795607791e-05, 1.10121736725e-05, 7.66803441365e-06, 5.4287797866e-06, 3.93756954509e-06, 3.28276951223e-06, 2.66009442385e-06, 4.04136699217e-06, 5.06770993525e-06, 1.80857273335e-06, 1.35459652029e-06, 1.77468950824e-06, 9.92099899122e-07, 1.11762255983e-06, 8.68998540682e-07, 8.2065287188e-07, 8.3690736119e-07, 4.96992640819e-07, 4.7421329441e-07, 2.75106316394e-07, 3.99618841129e-07, 3.5160624634e-07, 3.83000781312e-07, 2.80707922684e-07, 2.57047503283e-07, 2.64587555421e-07, 2.58102460293e-07, 2.38660163632e-07, 1.62489712352e-07, 1.40719649266e-07, 1.57406105927e-07, 1.53447743401e-07, 1.32355694404e-07, 1.20121555369e-07, 9.05376467131e-08, 5.97342690867e-08, 4.79749395765e-08, 3.57821399177e-08, 3.26978764065e-08, 2.90597839125e-08, 2.49530689445e-08, 2.04394936532e-08, 1.62069930809e-08, 1.50701566781e-08, 1.23649313011e-08, 1.12602744906e-08, 9.86342207909e-09, 8.96781759963e-09, 8.03318123133e-09, 7.18694304069e-09, 6.58389609498e-09, 6.318766399e-09, 5.91043702869e-09, 5.7597446812e-09, 5.28184163073e-09, 4.93716267869e-09, 4.53902471165e-09, 4.33229851993e-09, 3.90882526347e-09, 3.7357423821e-09, 3.45252981759e-09, 2.84837309295e-09, 2.50345810748e-09, 2.29338947833e-09, 2.00619520996e-09, 1.70609404382e-09, 1.39241496111e-09, 1.22521925938e-09, 1.06065312089e-09, 7.87217069309e-10, 6.38426742028e-11, 5.66067375266e-12, 5.51564826798e-12, 5.37487589158e-12, 5.2510981674e-12, 5.1351371072e-12, 5.04454941361e-12, 4.95542062245e-12, 4.87021013795e-12, 4.77979765143e-12, 4.72143288008e-12, 4.69442930709e-12],
        "min": [3.23855581241e-10, 1.76122949558e-09, 1.8873389962e-08, 4.47269599135e-08, 6.39642365741e-08, 1.4289842909e-07, 6.91905199801e-08, 5.86276591719e-08, 1.86378784406e-07, 2.46502764867e-07, 2.77205547405e-08, 1.28306780312e-07, 2.63743061168e-07, 2.38045146261e-07, 7.37465882139e-07, 5.72635940443e-07, 5.26111477939e-07, 5.37696053016e-07, 3.12409014214e-07, 1.47939644535e-07, 1.42948195503e-07, 1.41939963783e-07, 7.34861487217e-08, 4.66556464573e-08, 1.7446074807e-08, 2.31688588315e-08, 1.09402236603e-07, 1.81585477321e-07, 2.09188698364e-07, 1.53200517161e-07, 3.92399535087e-08, 3.44834667487e-08, 1.25905881276e-08, 4.42538414802e-08, 1.2652342285e-08, 5.51817880279e-09, 5.18274445582e-09, 3.06436187536e-09, 1.16644436332e-08, 1.96156353383e-08, 1.20640919477e-08, 1.20471579379e-08, 1.27644588233e-08, 1.08147633071e-08, 1.33490054566e-08, 1.74666752173e-08, 1.43753462467e-08, 7.42983052859e-09, 1.463796373e-08, 1.54127732799e-08, 1.57998343298e-08, 2.16828759392e-08, 9.28998122873e-09, 1.0011119933e-08, 1.29610917554e-08, 9.85888437555e-09, 2.24865637222e-09, 1.27351662549e-09, 2.44288278495e-09, 3.05687963831e-09, 1.53946710935e-09, 6.7847089058e-10, 1.49915724279e-09, 3.33242589079e-09, 6.36551300559e-09, 6.50630838095e-09, 2.05858530222e-09, 1.72656189346e-09, 7.52981899055e-10, 1.43112477424e-09, 3.59976515263e-09, 2.36615527172e-09, 2.15166662265e-09, 2.91308155376e-09, 2.17641060729e-09, 2.57211563159e-09, 3.47635786824e-09, 9.36489552572e-10, 6.68580024676e-10, 6.33103569569e-10, 1.9645034488e-09, 2.45151765554e-09, 8.07638678157e-10, 8.44512515474e-10, 1.5025672373e-10, 3.37993300015e-10, 4.70992744805e-10, 8.5145873685e-10, 4.41056913214e-10, 1.37418110224e-09, 8.11341216433e-10, 4.83123374639e-10, 2.69130051578e-10, 7.23795745561e-10, 6.06180827756e-10, 8.17809101689e-12, 1.06767914822e-12, 8.4121696154e-13, 7.57935869015e-13, 1.33049723582e-12, 1.07846175566e-12, 2.01577320916e-13, 1.85603146892e-13, 1.55849481541e-13, 1.51073232158e-13, 1.67421320405e-13, 1.75589252339e-13, 1.51704901896e-13, 6.78128411172e-14, 1.14994399094e-13, 1.11800590216e-13, 5.47083266276e-14, 4.6066622061e-14, 3.68620031146e-14, 3.16431383591e-14, 5.59357654596e-14, 4.54550473324e-14, 4.27443521659e-14, 4.23247557607e-14, 3.88427794974e-14, 4.42507460524e-14, 3.5173358231e-14, 3.37717829776e-14, 3.79329441393e-14, 3.1315861769e-14, 1.084870905e-14, 1.69839391523e-15, 7.35369454086e-17],
        "stdev": [3.91609034978e-07, 8.14259601611e-06, 7.18997544027e-05, 0.000440744159278, 0.000838338048197, 0.000483847805299, 0.000391703302739, 0.00114134594332, 0.00201733480208, 0.00203627999872, 0.00204593571834, 0.00303538632579, 0.00410207966343, 0.00258911331184, 0.00277109793387, 0.00306730298325, 0.00144110736437, 0.000888807582669, 0.000952698872425, 0.00162958924193, 0.000934540701564, 0.000950129004195, 0.000715590431355, 0.000949585693888, 0.00126725970767, 0.000934728537686, 0.00162665243261, 0.00104038533755, 0.00093946576817, 0.000846830545925, 0.000942747283261, 0.000780540634878, 0.000363830564311, 0.000251566350926, 0.000436987960711, 0.000133064881084, 0.000206572993193, 0.000141554322909, 6.66693304083e-05, 3.99853779527e-05, 3.39322141372e-05, 1.98300913326e-05, 3.2454940083e-05, 2.83825556835e-05, 8.35414175526e-05, 5.6155207858e-05, 3.86023421015e-05, 3.88822263631e-05, 2.41116340476e-05, 1.2734431948e-05, 1.17636300274e-05, 1.0227601706e-05, 9.71306235442e-06, 8.80193601915e-06, 1.65869241755e-05, 5.59663612876e-06, 2.71037015409e-06, 3.46575870935e-06, 2.40024542109e-06, 3.97822941522e-06, 1.75255104296e-06, 1.67773214343e-06, 2.68576309281e-06, 8.915150147e-07, 1.16406715733e-06, 4.27903302125e-07, 1.20542017612e-06, 1.06636741748e-06, 1.73849491603e-06, 7.25965321635e-07, 8.89028171969e-07, 1.2839145711e-06, 1.67476559909e-06, 1.84135433301e-06, 1.13846908789e-06, 7.3668894629e-07, 1.13916462396e-06, 9.63151251199e-07, 9.91242814052e-07, 1.12696091037e-06, 9.7978318081e-07, 4.66882653427e-07, 2.96371837294e-07, 1.79815273782e-07, 1.79865565997e-07, 1.47839955389e-07, 1.18991451359e-07, 7.52800559667e-08, 3.63067371723e-08, 3.7228019778e-08, 1.87903985704e-08, 1.99770493481e-08, 1.16976739406e-08, 9.97620563936e-09, 5.12776221484e-09, 3.31695515499e-09, 2.81141709912e-09, 2.61385135758e-09, 2.34683983358e-09, 2.23749285766e-09, 1.98772265314e-09, 1.86668236424e-09, 1.67638103399e-09, 1.56838630971e-09, 1.45455247846e-09, 1.40418598971e-09, 1.31631394673e-09, 1.35025091108e-09, 1.25409116425e-09, 1.23573318245e-09, 1.20500709411e-09, 1.15404930057e-09, 1.05755659785e-09, 9.74293201672e-10, 8.97595886507e-10, 7.12883696519e-10, 1.35268796164e-10, 1.08984155034e-10, 1.06567553393e-10, 1.04031755432e-10, 1.0180298271e-10, 9.95969834383e-11, 9.79160155734e-11, 9.61851084891e-11, 9.49229375657e-11, 9.38564989617e-11, 9.30765395313e-11, 9.26205154239e-11]
    },
    "mfcc": {
        "mean": [-746.48638916, 196.138565063, -11.9763755798, -1.42236065865, -6.66452169418, -10.1599903107, -14.1849431992, -11.3053359985, -13.0288276672, -9.87550830841, -12.4536447525, -10.5740451813, -6.38470983505],
        "cov": [[935.828308105, 129.28276062, -524.389038086, -16.1014709473, -68.6379013062, -38.693561554, 42.3087158203, 49.7039718628, 41.8051567078, 57.2474098206, -3.83968806267, -14.0331468582, -0.0595055557787], [129.28276062, 368.532287598, -6.70205402374, -135.570007324, 86.5243301392, -75.3261032104, 9.56295585632, 16.3966674805, -32.171333313, -6.37154150009, 11.0960922241, -25.4690532684, -11.1331787109], [-524.389038086, -6.70205402374, 569.631469727, 130.122375488, 78.4458999634, 154.843078613, 12.9938402176, 2.76876449585, -1.61967909336, -19.1582775116, 40.1519165039, 54.9717292786, 16.2003688812], [-16.1014709473, -135.570007324, 130.122375488, 296.457580566, 77.3848266602, 46.8101768494, -16.020860672, 2.8139603138, 29.275724411, 6.01618528366, 4.40534687042, 46.4931259155, 26.7878284454], [-68.6379013062, 86.5243301392, 78.4458999634, 77.3848266602, 223.440216064, 49.0937843323, -14.255109787, -0.169731110334, 0.442686527967, -7.11612319946, 9.65147590637, 21.2699012756, 13.3249320984], [-38.693561554, -75.3261032104, 154.843078613, 46.8101768494, 49.0937843323, 304.217895508, 111.69216156, 34.7390594482, 33.4482688904, 1.97823286057, 20.8704128265, 44.7191619873, 2.2290968895], [42.3087158203, 9.56295585632, 12.9938402176, -16.020860672, -14.255109787, 111.69216156, 165.939422607, 71.1252288818, 7.18513154984, 0.382023602724, 10.8869771957, 4.97636461258, -6.21132278442], [49.7039718628, 16.3966674805, 2.76876449585, 2.8139603138, -0.169731110334, 34.7390594482, 71.1252288818, 94.363494873, 41.9622535706, 9.71960449219, 12.618065834, 12.538192749, 2.92047071457], [41.8051567078, -32.171333313, -1.61967909336, 29.275724411, 0.442686527967, 33.4482688904, 7.18513154984, 41.9622535706, 104.484390259, 64.3331222534, 19.1600456238, 19.2413043976, 14.6372432709], [57.2474098206, -6.37154150009, -19.1582775116, 6.01618528366, -7.11612319946, 1.97823286057, 0.382023602724, 9.71960449219, 64.3331222534, 106.877914429, 51.0848236084, 10.1596260071, 15.5612821579], [-3.83968806267, 11.0960922241, 40.1519165039, 4.40534687042, 9.65147590637, 20.8704128265, 10.8869771957, 12.618065834, 19.1600456238, 51.0848236084, 80.9479064941, 46.0411071777, 17.1470890045], [-14.0331468582, -25.4690532684, 54.9717292786, 46.4931259155, 21.2699012756, 44.7191619873, 4.97636461258, 12.538192749, 19.2413043976, 10.1596260071, 46.0411071777, 95.9411849976, 54.4573059082], [-0.0595055557787, -11.1331787109, 16.2003688812, 26.7878284454, 13.3249320984, 2.2290968895, -6.21132278442, 2.92047071457, 14.6372432709, 15.5612821579, 17.1470890045, 54.4573059082, 79.8587722778]],
        "icov": [[0.00870457943529, -0.00951284915209, 0.0110341897234, -0.00925393868238, 0.00766177102923, -0.00775423785672, 0.00382774905302, -0.00324435275979, 0.00143474165816, -0.0021061480511, -0.000930185080506, -0.000228425036767, -0.000596671074163], [-0.00951284915209, 0.0157535113394, -0.0128507446498, 0.0132832508534, -0.0118969352916, 0.0107780061662, -0.00544336484745, 0.00223910692148, -0.000481641531223, 0.00154917268082, 0.000805171206594, 0.000364318781067, 0.000884379784111], [0.0110341897234, -0.0128507446498, 0.0165750626475, -0.0130892302841, 0.010117245838, -0.0115273706615, 0.00581847177818, -0.00405858550221, 0.00178478402086, -0.00105651223566, -0.00337989185937, 0.000494389794767, -0.00125317671336], [-0.00925393868238, 0.0132832508534, -0.0130892302841, 0.0162188857794, -0.0114217270166, 0.00980213284492, -0.00463036773726, 0.00280841696076, -0.00161406432744, 0.000639145204332, 0.00351856765337, -0.00258056726307, 0.00140465551522], [0.00766177102923, -0.0118969352916, 0.010117245838, -0.0114217270166, 0.0144012859091, -0.00958296004683, 0.00583144975826, -0.00308477389626, 0.00134659395553, -0.000697173178196, -0.00189121521544, 0.00071472680429, -0.00163531454746], [-0.00775423785672, 0.0107780061662, -0.0115273706615, 0.00980213284492, -0.00958296004683, 0.0146024627611, -0.00980413984507, 0.00617079203948, -0.00467531057075, 0.00259109470062, 0.00177351327147, -0.00325553002767, 0.00294163357466], [0.00382774905302, -0.00544336484745, 0.00581847177818, -0.00463036773726, 0.00583144975826, -0.00980413984507, 0.0169480331242, -0.0135434521362, 0.00793093536049, -0.00407619029284, -7.03421392245e-05, 0.00166146049742, -0.00104626175016], [-0.00324435275979, 0.00223910692148, -0.00405858550221, 0.00280841696076, -0.00308477389626, 0.00617079203948, -0.0135434521362, 0.0266709066927, -0.0163483507931, 0.0107154939324, -0.00558849563822, 0.00095733354101, -3.96968171117e-05], [0.00143474165816, -0.000481641531223, 0.00178478402086, -0.00161406432744, 0.00134659395553, -0.00467531057075, 0.00793093536049, -0.0163483507931, 0.0290589276701, -0.0219240412116, 0.0125861410052, -0.00761403795332, 0.00266945152543], [-0.0021061480511, 0.00154917268082, -0.00105651223566, 0.000639145204332, -0.000697173178196, 0.00259109470062, -0.00407619029284, 0.0107154939324, -0.0219240412116, 0.0342487879097, -0.0251519307494, 0.0158165562898, -0.00849092099816], [-0.000930185080506, 0.000805171206594, -0.00337989185937, 0.00351856765337, -0.00189121521544, 0.00177351327147, -7.03421392245e-05, -0.00558849563822, 0.0125861410052, -0.0251519307494, 0.0384549386799, -0.0236751232296, 0.0105636939406], [-0.000228425036767, 0.000364318781067, 0.000494389794767, -0.00258056726307, 0.00071472680429, -0.00325553002767, 0.00166146049742, 0.00095733354101, -0.00761403795332, 0.0158165562898, -0.0236751232296, 0.0348914787173, -0.019514394924], [-0.000596671074163, 0.000884379784111, -0.00125317671336, 0.00140465551522, -0.00163531454746, 0.00294163357466, -0.00104626175016, -3.96968171117e-05, 0.00266945152543, -0.00849092099816, 0.0105636939406, -0.019514394924, 0.0247431322932]]
    },
    "spectral_contrast_coeffs": {
        "max": [-0.266360670328, -0.403536021709, -0.43546795845, -0.624729812145, -0.647158384323, -0.406680613756],
        "mean": [-0.582555413246, -0.705364942551, -0.737399578094, -0.793137252331, -0.811138272285, -0.819452166557],
        "min": [-0.944946825504, -0.903881967068, -0.915818095207, -0.914035320282, -0.905032992363, -0.871250510216],
        "stdev": [0.103245280683, 0.0916767269373, 0.0741234645247, 0.0432930625975, 0.0379403419793, 0.0404160432518]
    },
    "spectral_contrast_valleys": {
        "max": [-5.80975627899, -4.99236488342, -5.51990938187, -6.72433948517, -7.29720211029, -11.0926532745],
        "mean": [-7.60065126419, -6.7945690155, -7.60620069504, -8.32726669312, -9.0294418335, -11.8454627991],
        "min": [-9.74829292297, -9.60238170624, -9.99622917175, -10.5663290024, -10.9144392014, -14.2281847],
        "stdev": [0.69858455658, 0.487516313791, 0.546732485294, 0.495039314032, 0.401674389839, 0.15435552597]
    }
},
"rhythm": {
    "beats_count": 103,
    "beats_loudness": {
        "max": 0.0774758383632,
        "mean": 0.024736026302,
        "min": 0.00318146822974,
        "stdev": 0.0180887598544
    },
    "bpm": 133.041152954,
    "bpm_histogram_first_peak_bpm": 133,
    "bpm_histogram_first_peak_weight": 0.596491217613,
    "bpm_histogram_second_peak_bpm": 144,
    "bpm_histogram_second_peak_spread": 0.285714328289,
    "bpm_histogram_second_peak_weight": 0.0980392172933,
    "danceability": 1.01495087147,
    "onset_rate": 1.8662109375,
    "beats_loudness_band_ratio": {
        "max": [0.897493004799, 0.990355610847, 0.830590069294, 0.857778072357, 0.266217678785, 0.0349924825132],
        "mean": [0.183503091335, 0.470985293388, 0.277176171541, 0.13496902585, 0.0241449102759, 0.00173606094904],
        "min": [0.000177378766239, 0.0118720801547, 0.00388612295501, 0.0031420562882, 0.000453526794445, 8.42751251184e-05],
        "stdev": [0.217057570815, 0.25027358532, 0.209233522415, 0.169916182756, 0.0342276804149, 0.00417381105945]
    },
