{
"metadata": {
    "version": {
        "essentia": "2.1-beta5",
        "essentia_git_sha": "Undefined",
        "extractor": "music 2.0"
    },
    "audio_properties": {
        "analysis": {
            "equal_loudness": 0,
            "length": 48.7502937317,
            "sample_rate": 44100,
            "start_time": 12.7477550507,
            "downmix": "mix"
        },
        "bit_rate": 192000,
        "length": 176.204650879,
        "lossless": 0,
        "number_channels": 2,
        "replay_gain": -8.18772506714,
        "sample_rate": 48000,
        "codec": "mp3",
        "md5_encoded": "078769593398134c8619cc05b9c454c9"
    },
    "tags": {
        "file_name": "Norway_Solhverv_Anita Thallaug.mp3",
        "encoding": ["Lavf58.29.100"]
    }
},
"lowlevel": {
    "average_loudness": 0.513126552105,
    "barkbands_crest": {
        "max": 25.4769268036,
        "mean": 12.4397659302,
        "min": 3.62809109688,
        "stdev": 4.85111570358
    },
    "barkbands_flatness_db": {
        "max": 0.441063582897,
        "mean": 0.253162145615,
        "min": 0.102428048849,
        "stdev": 0.051214620471
    },
    "barkbands_kurtosis": {
        "max": 53.9454727173,
        "mean": 3.64208054543,
        "min": -1.86283683777,
        "stdev": 5.80372810364
    },
    "barkbands_skewness": {
        "max": 6.73324966431,
        "mean": 0.676763653755,
        "min": -4.31245088577,
        "stdev": 1.28176498413
    },
    "barkbands_spread": {
        "max": 51.1958045959,
        "mean": 8.81106376648,
        "min": 0.810808360577,
        "stdev": 5.38074064255
    },
    "dissonance": {
        "max": 0.499492555857,
        "mean": 0.417474031448,
        "min": 0.154994145036,
        "stdev": 0.0496971532702
    },
    "dynamic_complexity": 3.86169505119,
    "erbbands_crest": {
        "max": 33.3765716553,
        "mean": 14.0604324341,
        "min": 3.62891197205,
        "stdev": 5.8461971283
    },
    "erbbands_flatness_db": {
        "max": 0.489923477173,
        "mean": 0.299793809652,
        "min": 0.130722224712,
        "stdev": 0.0557134412229
    },
    "erbbands_kurtosis": {
        "max": 33.9375076294,
        "mean": 2.40877938271,
        "min": -1.81207728386,
        "stdev": 3.84230303764
    },
    "erbbands_skewness": {
        "max": 4.61707258224,
        "mean": 0.594100952148,
        "min": -3.5513279438,
        "stdev": 0.930365860462
    },
    "erbbands_spread": {
        "max": 106.750465393,
        "mean": 14.5679397583,
        "min": 1.07767355442,
        "stdev": 9.54226589203
    },
    "hfc": {
        "max": 118.713859558,
        "mean": 13.2967681885,
        "min": 0.230569243431,
        "stdev": 16.1795291901
    },
    "loudness_ebu128": {
        "integrated": -17.4306049347,
        "loudness_range": 7.42948818207,
        "momentary": {
            "max": -11.0064640045,
            "mean": -18.977481842,
            "min": -31.547744751,
            "stdev": 3.76161766052
        },
        "short_term": {
            "max": -13.1809053421,
            "mean": -17.9147644043,
            "min": -22.5582027435,
            "stdev": 2.19119548798
        }
    },
    "melbands_crest": {
        "max": 34.1002502441,
        "mean": 14.1641817093,
        "min": 4.79838562012,
        "stdev": 5.55308151245
    },
    "melbands_flatness_db": {
        "max": 0.471764624119,
        "mean": 0.285306423903,
        "min": 0.132705315948,
        "stdev": 0.0538714118302
    },
    "melbands_kurtosis": {
        "max": 111.742790222,
        "mean": 5.00793981552,
        "min": -1.70273065567,
        "stdev": 9.78061199188
    },
    "melbands_skewness": {
        "max": 8.91721343994,
        "mean": 0.953822910786,
        "min": -3.25453448296,
        "stdev": 1.43891394138
    },
    "melbands_spread": {
        "max": 57.9868202209,
        "mean": 13.9071311951,
        "min": 1.09508514404,
        "stdev": 7.91108989716
    },
    "pitch_salience": {
        "max": 0.799961149693,
        "mean": 0.513006448746,
        "min": 0.0988254994154,
        "stdev": 0.115470640361
    },
    "silence_rate_20dB": {
        "max": 1,
        "mean": 1,
        "min": 1,
        "stdev": 0
    },
    "silence_rate_30dB": {
        "max": 1,
        "mean": 0.996192276478,
        "min": 0,
        "stdev": 0.0615879818797
    },
    "silence_rate_60dB": {
        "max": 1,
        "mean": 0.109471678734,
        "min": 0,
        "stdev": 0.312228262424
    },
    "spectral_centroid": {
        "max": 2165.34545898,
        "mean": 853.87109375,
        "min": 289.231170654,
        "stdev": 272.518676758
    },
    "spectral_complexity": {
        "max": 21,
        "mean": 10.5973348618,
        "min": 1,
        "stdev": 3.58770489693
    },
    "spectral_decrease": {
        "max": -1.0061575878e-10,
        "mean": -4.22068735517e-09,
        "min": -3.27035785119e-08,
        "stdev": 4.47223991173e-09
    },
    "spectral_energy": {
        "max": 0.129626438022,
        "mean": 0.0171359051019,
        "min": 0.000400956836529,
        "stdev": 0.0182544030249
    },
    "spectral_energyband_high": {
        "max": 0.000768263184,
        "mean": 2.35052502831e-05,
        "min": 4.00549481583e-07,
        "stdev": 6.16587858531e-05
    },
    "spectral_energyband_low": {
        "max": 0.0270891189575,
        "mean": 0.000930803129449,
        "min": 2.86085878543e-06,
        "stdev": 0.00174263422377
    },
    "spectral_energyband_middle_high": {
        "max": 0.101489171386,
        "mean": 0.00773379765451,
        "min": 4.36376176367e-05,
        "stdev": 0.0125154275447
    },
    "spectral_energyband_middle_low": {
        "max": 0.120571441948,
        "mean": 0.008684608154,
        "min": 0.000112962472485,
        "stdev": 0.0120672732592
    },
    "spectral_entropy": {
        "max": 8.17109107971,
        "mean": 6.62885522842,
        "min": 5.05562543869,
        "stdev": 0.436947882175
    },
    "spectral_flux": {
        "max": 0.342429995537,
        "mean": 0.0544859468937,
        "min": 0.00719780568033,
        "stdev": 0.0384299531579
    },
    "spectral_kurtosis": {
        "max": 68.9739761353,
        "mean": 15.7898454666,
        "min": -0.64333820343,
        "stdev": 10.3235225677
    },
    "spectral_rms": {
        "max": 0.0112456576899,
        "mean": 0.0036432466004,
        "min": 0.000625441782176,
        "stdev": 0.00185600004625
    },
    "spectral_rolloff": {
        "max": 6115.4296875,
        "mean": 1011.90350342,
        "min": 193.798828125,
        "stdev": 433.363555908
    },
    "spectral_skewness": {
        "max": 6.68044185638,
        "mean": 2.64058279991,
        "min": 0.412551373243,
        "stdev": 0.889432966709
    },
    "spectral_spread": {
        "max": 20631684,
        "mean": 2211464.25,
        "min": 1028572.8125,
        "stdev": 909546.625
    },
    "spectral_strongpeak": {
        "max": 12.2686185837,
        "mean": 1.9758118391,
        "min": 0.0187650416046,
        "stdev": 2.02000379562
    },
    "zerocrossingrate": {
        "max": 0.10791015625,
        "mean": 0.0384031683207,
        "min": 0.01025390625,
        "stdev": 0.0123856402934
    },
    "barkbands": {
        "max": [0.000130223183078, 0.0107725774869, 0.0178207550198, 0.00706946616992, 0.0514201968908, 0.0304184872657, 0.0815174803138, 0.0922051519156, 0.0947713777423, 0.0662147849798, 0.0805502384901, 0.0946753770113, 0.0257516875863, 0.0239559281617, 0.027091389522, 0.00402082363144, 0.00859219487756, 0.00234886235557, 0.0013450050028, 0.000329236499965, 0.000277541781543, 0.000633816292975, 0.00021557812579, 0.000152605280164, 3.86223291571e-05, 7.29311580017e-07, 7.72927648995e-07],
        "mean": [4.02055911763e-06, 0.00052297138609, 0.000323138519889, 0.0001353162952, 0.000968553533312, 0.00114464969374, 0.00256148027256, 0.00221342639998, 0.00135716155637, 0.00243712007068, 0.00166528194677, 0.00213477620855, 0.000455074943602, 0.000520350178704, 0.000250107783359, 0.00012342572154, 0.000182233052328, 6.05064597039e-05, 4.39725627075e-05, 1.49030156535e-05, 5.69237636228e-06, 5.56032682653e-06, 3.63730259778e-06, 2.0844190658e-06, 4.82432540139e-07, 1.28423471857e-09, 1.26596477745e-09],
        "min": [1.35148248148e-08, 3.37455304589e-07, 1.04055267514e-07, 1.61582590863e-07, 2.25613052862e-06, 1.19442006508e-06, 1.92978995983e-06, 1.00933652902e-06, 2.23658298637e-06, 2.4731917847e-07, 8.46624914175e-07, 6.79469394527e-07, 9.06345235308e-07, 4.27431871231e-07, 2.71023708365e-07, 3.86096786542e-07, 1.48288151536e-07, 2.01956467549e-07, 2.80792249896e-07, 1.2725479337e-07, 4.04465012593e-08, 6.52161276093e-08, 3.51811557664e-08, 5.24755598974e-08, 2.87218728801e-08, 1.84396421743e-11, 2.43925765003e-11],
        "stdev": [6.23098503638e-06, 0.00103845924605, 0.00105893914588, 0.000307739828713, 0.00322297238745, 0.00248999218456, 0.00653327954933, 0.0062410524115, 0.00530256610364, 0.00581253459677, 0.00647269142792, 0.00717131746933, 0.00182143098209, 0.00136870075949, 0.00125268672127, 0.000297346501611, 0.000690315559041, 0.000154393172124, 9.81222037808e-05, 2.74211142823e-05, 1.66217960214e-05, 2.92070253636e-05, 1.54560420924e-05, 9.98226641968e-06, 1.95930761038e-06, 2.24973444318e-08, 2.38310224887e-08]
    },
    "erbbands": {
        "max": [0.240500047803, 3.41271448135, 21.5896453857, 13.484875679, 11.0921974182, 243.70539856, 361.10635376, 371.760894775, 1153.28796387, 2573.90405273, 1454.97094727, 1714.88769531, 2381.51879883, 2927.81274414, 3751.13305664, 2962.14111328, 1160.96838379, 734.188842773, 2089.31225586, 849.009887695, 279.446990967, 544.093933105, 113.598564148, 133.572036743, 51.6375274658, 20.0757236481, 3.60711193085, 17.2008571625, 11.4365978241, 31.99634552, 6.54880285263, 3.53383374214, 2.33303880692, 0.871580779552, 0.088027998805, 0.00293932575732, 0.00135555211455, 0.000481760653201, 0.000118768395623, 0.000146722290083],
        "mean": [0.00932564865798, 0.140246540308, 0.39367672801, 0.429289102554, 0.945444941521, 3.49605798721, 7.57757759094, 11.0556669235, 29.4747619629, 47.7584381104, 44.3765792847, 28.6834621429, 54.8976287842, 70.3190994263, 77.3440551758, 78.2549819946, 25.6024837494, 15.4663410187, 27.2920379639, 9.69784164429, 8.50488471985, 9.95949554443, 3.59101676941, 3.38919305801, 1.32742929459, 0.65135961771, 0.238150954247, 0.268185853958, 0.159210041165, 0.197031125426, 0.102198474109, 0.0482505746186, 0.0317836627364, 0.0103833740577, 0.00115012738388, 5.22374139109e-05, 1.07076803033e-05, 2.99605017062e-06, 9.10423477762e-06, 2.00276081159e-05],
        "min": [8.86707948666e-06, 0.000183609401574, 0.000340200756909, 0.000617177167442, 0.00256247562356, 0.00473237084225, 0.0142438793555, 0.00891887675971, 0.0358733609319, 0.110063634813, 0.123543009162, 0.116861350834, 0.0272652804852, 0.0502857044339, 0.10927901417, 0.0431796349585, 0.0676452368498, 0.0518219172955, 0.0837623402476, 0.0692085400224, 0.0290143042803, 0.0137153910473, 0.0113651826978, 0.0235126391053, 0.0125224404037, 0.00803947262466, 0.00371711421758, 0.00176221469883, 0.0024150852114, 0.00139627221506, 0.000941788603086, 0.00109711603727, 0.000699528842233, 0.000506541633513, 8.89030779945e-05, 4.50563538834e-06, 5.87704221289e-07, 1.21608579207e-07, 2.18142659492e-07, 4.62457308004e-07],
        "stdev": [0.0198660604656, 0.277734160423, 1.20365440845, 0.789429783821, 1.26057708263, 13.5794267654, 20.1442832947, 24.9431304932, 63.297618866, 161.534042358, 119.591636658, 103.804016113, 137.804489136, 166.121078491, 276.18927002, 250.846969604, 79.6368408203, 40.9649200439, 96.3394546509, 37.3881225586, 21.7726039886, 35.2898979187, 8.19257831573, 8.38719844818, 2.52572870255, 1.30206465721, 0.327285885811, 1.08117139339, 0.647282242775, 1.29640340805, 0.438335090876, 0.228689789772, 0.150115609169, 0.0437098331749, 0.0039185937494, 0.000161176416441, 4.28983403253e-05, 1.50181722347e-05, 1.01277719295e-05, 2.14161645999e-05]
    },
    "gfcc": {
        "mean": [-118.385406494, 170.491348267, -167.14390564, -0.312500089407, -63.4161949158, -1.77941703796, -27.1793556213, -2.86333727837, -6.24779462814, -17.630405426, 9.76871871948, -16.8945178986, 8.18453121185],
        "cov": [[1904.85375977, -148.660446167, -389.999755859, -46.723449707, 119.040626526, -9.52558803558, 125.236488342, 5.62537193298, 61.4342079163, -57.5012817383, 44.4848098755, 80.9772262573, -27.1898574829], [-148.660446167, 401.123352051, 143.43788147, -24.1835956573, 164.500259399, -35.5393371582, 73.9748764038, 9.47536563873, -7.83090209961, -1.37412536144, 12.0866498947, -9.83138370514, 35.0525016785], [-389.999755859, 143.43788147, 544.981994629, 206.326766968, -127.685523987, 125.112815857, -34.0878410339, -0.727020204067, 24.403793335, 31.5782222748, -21.9861221313, 3.27982473373, 26.5414428711], [-46.723449707, -24.1835956573, 206.326766968, 503.003814697, -3.82153964043, 48.7493133545, -115.40045166, -10.7553520203, 27.430973053, -3.76246595383, -60.8309288025, 21.9191818237, 46.5264053345], [119.040626526, 164.500259399, -127.685523987, -3.82153964043, 377.180786133, 20.2816505432, 104.641960144, 54.1932144165, -9.71045398712, 10.4599161148, 61.8606147766, -8.31588840485, -28.4675559998], [-9.52558803558, -35.5393371582, 125.112815857, 48.7493133545, 20.2816505432, 349.517456055, 121.824501038, -31.4444122314, -22.0971183777, 53.5601921082, -3.94108581543, -26.6261730194, -31.0860919952], [125.236488342, 73.9748764038, -34.0878410339, -115.40045166, 104.641960144, 121.824501038, 279.187927246, 64.3404922485, -22.1049308777, 60.4363594055, 97.6385421753, -12.784532547, -78.1340026855], [5.62537193298, 9.47536563873, -0.727020204067, -10.7553520203, 54.1932144165, -31.4444122314, 64.3404922485, 185.49559021, 87.7359161377, 16.9921264648, 38.0361976624, -7.26859807968, -26.7972049713], [61.4342079163, -7.83090209961, 24.403793335, 27.430973053, -9.71045398712, -22.0971183777, -22.1049308777, 87.7359161377, 152.638320923, 55.913356781, 1.15746951103, 5.08621454239, -5.82927322388], [-57.5012817383, -1.37412536144, 31.5782222748, -3.76246595383, 10.4599161148, 53.5601921082, 60.4363594055, 16.9921264648, 55.913356781, 132.608551025, 82.2251052856, -4.61397695541, -38.0083427429], [44.4848098755, 12.0866498947, -21.9861221313, -60.8309288025, 61.8606147766, -3.94108581543, 97.6385421753, 38.0361976624, 1.15746951103, 82.2251052856, 172.468780518, 34.4910087585, -62.6541595459], [80.9772262573, -9.83138370514, 3.27982473373, 21.9191818237, -8.31588840485, -26.6261730194, -12.784532547, -7.26859807968, 5.08621454239, -4.61397695541, 34.4910087585, 82.6628189087, 38.5748138428], [-27.1898574829, 35.0525016785, 26.5414428711, 46.5264053345, -28.4675559998, -31.0860919952, -78.1340026855, -26.7972049713, -5.82927322388, -38.0083427429, -62.6541595459, 38.5748138428, 130.630722046]],
        "icov": [[0.000863367808051, 0.000353663926944, 0.00050353986444, -0.000285613059532, -0.000114146496344, -2.67363939201e-05, -0.00110317196231, 0.00120256561786, -0.00189275562298, 0.00184017862193, -0.000807263015304, -0.000160747600603, -0.000248925760388], [0.000353663926944, 0.0077175158076, -0.00429639080539, 0.00112998916302, -0.00471127405763, 0.0037649886217, -0.00477434601635, 0.00436454825103, -0.00343440519646, 0.00254368339665, -0.000804052455351, 0.00360658136196, -0.004481672775], [0.00050353986444, -0.00429639080539, 0.0057023409754, -0.00194626802113, 0.00378928845748, -0.00327872228809, 0.00207295687869, -0.00208433018997, 0.000419282121584, -3.60992125934e-05, -0.000983659876511, -0.00165053131059, 0.00167394638993], [-0.000285613059532, 0.00112998916302, -0.00194626802113, 0.00330454064533, -0.00159922125749, 0.000165123739862, 0.00135606224649, -0.000612412462942, 0.00102667987812, -0.00171540083829, 0.00200474821031, -0.00140439427923, 0.000155015048222], [-0.000114146496344, -0.00471127405763, 0.00378928845748, -0.00159922125749, 0.0065570329316, -0.00264882855117, 0.00161228177603, -0.00288461730815, 0.00147526187357, 6.53258975944e-05, -0.00179397955071, -0.000442160555394, 0.00156628596596], [-2.67363939201e-05, 0.0037649886217, -0.00327872228809, 0.000165123739862, -0.00264882855117, 0.00676255626604, -0.0049356892705, 0.00324671948329, -0.000668234773912, -0.00144813000225, 0.00241930992343, 0.00161208712962, -0.0014294392895], [-0.00110317196231, -0.00477434601635, 0.00207295687869, 0.00135606224649, 0.00161228177603, -0.0049356892705, 0.0126358866692, -0.00836741458625, 0.00847822707146, -0.00680166203529, 0.00135038944427, -0.00413902616128, 0.0054348083213], [0.00120256561786, 0.00436454825103, -0.00208433018997, -0.000612412462942, -0.00288461730815, 0.00324671948329, -0.00836741458625, 0.01640933007, -0.0147057501599, 0.0113416202366, -0.00743589643389, 0.00741060217842, -0.00488492986187], [-0.00189275562298, -0.00343440519646, 0.000419282121584, 0.00102667987812, 0.00147526187357, -0.000668234773912, 0.00847822707146, -0.0147057501599, 0.0239343158901, -0.0188296046108, 0.0121266050264, -0.00951244309545, 0.00650822604075], [0.00184017862193, 0.00254368339665, -3.60992125934e-05, -0.00171540083829, 6.53258975944e-05, -0.00144813000225, -0.00680166203529, 0.0113416202366, -0.0188296046108, 0.0281841605902, -0.0179625302553, 0.0116818640381, -0.00645801983774], [-0.000807263015304, -0.000804052455351, -0.000983659876511, 0.00200474821031, -0.00179397955071, 0.00241930992343, 0.00135038944427, -0.00743589643389, 0.0121266050264, -0.0179625302553, 0.0237510520965, -0.0161977373064, 0.010490225628], [-0.000160747600603, 0.00360658136196, -0.00165053131059, -0.00140439427923, -0.000442160555394, 0.00161208712962, -0.00413902616128, 0.00741060217842, -0.00951244309545, 0.0116818640381, -0.0161977373064, 0.0281027834862, -0.01392695494], [-0.000248925760388, -0.004481672775, 0.00167394638993, 0.000155015048222, 0.00156628596596, -0.0014294392895, 0.0054348083213, -0.00488492986187, 0.00650822604075, -0.00645801983774, 0.010490225628, -0.01392695494, 0.0182158015668]]
    },
    "melbands": {
        "max": [0.00274694454856, 0.00821133330464, 0.00228828098625, 0.00764805311337, 0.0136592397466, 0.00722613325343, 0.0171146988869, 0.0252879392356, 0.0145037956536, 0.00933105498552, 0.0121370768175, 0.0117119345814, 0.0105905411765, 0.0125282369554, 0.00489944359288, 0.0034874395933, 0.00178686610889, 0.00397487916052, 0.00198273826391, 0.000323271931848, 0.000508545723278, 0.000786068965681, 0.000220913774683, 0.000140387695865, 0.000111020417535, 5.64138208574e-05, 1.03047996163e-05, 1.89683469216e-05, 2.95818813356e-06, 5.38523272553e-06, 1.04491664388e-05, 5.53152040084e-06, 1.47313085108e-05, 1.44819096022e-05, 4.39194582214e-06, 1.92735456039e-06, 2.41408292823e-06, 2.10637881537e-06, 1.50294556533e-06, 5.64816446058e-07],
        "mean": [0.000120828044601, 0.000195878266823, 8.34640959511e-05, 0.000153269691509, 0.00026007310953, 0.000257984822383, 0.000459465954918, 0.0005385564873, 0.000345680949977, 0.00016633773339, 0.000297227641568, 0.000310440605972, 0.0002463865967, 0.000245793984504, 0.000142539298395, 2.59293628915e-05, 2.92989243462e-05, 5.41592198715e-05, 1.58647580975e-05, 8.44121677801e-06, 1.02628109744e-05, 1.2109430827e-05, 3.68263090422e-06, 3.18637989949e-06, 2.7615021736e-06, 1.37843073844e-06, 6.26563803507e-07, 3.77758226477e-07, 1.65745561276e-07, 1.05694915931e-07, 1.67249353922e-07, 8.13147735812e-08, 1.10489665417e-07, 1.00877507236e-07, 6.32332586292e-08, 3.57837954823e-08, 2.82195333767e-08, 2.44811779737e-08, 1.5454096669e-08, 6.58779475415e-09],
        "min": [9.09748649747e-08, 3.81556617413e-07, 1.63399448638e-07, 3.97111278971e-07, 4.27487350407e-07, 1.91347808709e-07, 2.73676164397e-07, 4.69950009574e-07, 6.5793091153e-07, 2.6392430641e-07, 6.84541703322e-08, 7.64987930779e-08, 2.90791234647e-07, 9.98646001449e-08, 7.11833649802e-08, 1.03290659581e-07, 5.99738214646e-08, 5.23202565716e-08, 1.30965283063e-08, 2.14427284817e-08, 2.01715586456e-08, 7.17414083695e-09, 9.42322486708e-09, 8.71431993232e-09, 1.79799268807e-08, 8.13198486327e-09, 4.19909440552e-09, 4.33742508577e-09, 2.0545938284e-09, 9.47285028197e-10, 8.90707840817e-10, 1.19560439327e-09, 9.38557787045e-10, 7.08296588048e-10, 4.93029339577e-10, 4.61640836669e-10, 6.03203487159e-10, 4.49273646064e-10, 4.15065537496e-10, 4.00428301628e-10],
        "stdev": [0.000245477771387, 0.000465870049084, 0.000131206426886, 0.00043694966007, 0.000762126990594, 0.000534365419298, 0.00101700692903, 0.00170149037149, 0.00110237521585, 0.000594160053879, 0.000745929428376, 0.000722168013453, 0.000897265970707, 0.000897105492186, 0.000494862615597, 0.000115633367386, 8.91510935617e-05, 0.000193661064259, 8.46419570735e-05, 2.26947122428e-05, 3.14782373607e-05, 4.90741185786e-05, 1.10025166578e-05, 9.04089483811e-06, 7.27859332983e-06, 3.05532694256e-06, 1.10599910386e-06, 9.61781438491e-07, 2.69127184538e-07, 2.77315422181e-07, 7.44822159504e-07, 3.2372972214e-07, 7.0596149726e-07, 6.03212583883e-07, 2.79824348581e-07, 1.51867965315e-07, 1.46189336192e-07, 1.19765147133e-07, 7.42891472783e-08, 2.66933763982e-08]
    },
    "melbands128": {
        "max": [8.85180998011e-05, 0.00109634175897, 0.00510236714035, 0.0070499763824, 0.0129294442013, 0.00645756768063, 0.00288627040572, 0.00343973445706, 0.000954006332904, 0.00328692328185, 0.0178745109588, 0.0247824341059, 0.0150370746851, 0.0105406101793, 0.0143859256059, 0.00926081836224, 0.0182891525328, 0.0301401484758, 0.0271436665207, 0.0495366044343, 0.0353477485478, 0.0178695712239, 0.0236778333783, 0.0395503267646, 0.0168672930449, 0.00661658169702, 0.0115155028179, 0.0237654838711, 0.0216146446764, 0.0159887298942, 0.0227028094232, 0.0225978307426, 0.0163854621351, 0.0284688342363, 0.0307006035, 0.0176532398909, 0.0109574906528, 0.0100760757923, 0.00497168209404, 0.0048029650934, 0.00553624983877, 0.0023900649976, 0.00190671801101, 0.00459829438478, 0.00352599844337, 0.00959037616849, 0.00202450947836, 0.0024976786226, 0.00309442565776, 0.00111297389958, 0.00041998855886, 0.000631675880868, 0.000569439900573, 0.00105735927355, 0.00153126707301, 0.00177666638047, 0.0010412777774, 0.000614163582213, 0.000108958920464, 0.000118624186143, 0.000296264828648, 0.000294834753731, 0.000232062244322, 0.00013087411935, 0.000129414445837, 0.00010382358596, 6.04591186857e-05, 1.58127531904e-05, 2.36073519773e-05, 2.17739470827e-05, 3.17098238156e-05, 2.876819417e-05, 7.75031912781e-06, 4.04539787269e-06, 1.95353527488e-06, 1.48834567426e-06, 5.68611676499e-06, 2.38404172705e-05, 1.59825631272e-05, 7.95601408754e-06, 5.36515153726e-06, 7.93692834122e-06, 1.17408171718e-05, 1.33690709845e-05, 5.18102424394e-05, 1.91249819181e-05, 5.28114469489e-06, 6.20257651462e-06, 5.29663930138e-06, 4.54805922345e-06, 2.66428583018e-06, 2.08562300941e-06, 2.45230580731e-06, 3.25695691572e-06, 3.38455151905e-06, 3.03716774397e-06, 1.91014873963e-06, 2.24643281399e-06, 3.02683656628e-06, 1.01481668935e-06, 7.93734841409e-07, 7.02029069544e-07, 3.77692458642e-07, 1.36390625016e-07, 1.57917714461e-08, 6.73360922576e-09, 7.77311370825e-09, 5.23877741188e-09, 5.01812680298e-09, 4.80381734391e-09, 4.62255567157e-09, 4.44073444683e-09, 4.27749435872e-09, 4.11628464647e-09, 3.9793337514e-09, 3.85009935044e-09, 3.72830077922e-09, 3.61518059933e-09, 3.51670514931e-09, 3.42215877858e-09, 3.33885763482e-09, 3.26932347861e-09, 3.20080961735e-09, 3.14635495435e-09, 3.09806269527e-09, 3.06490410829e-09, 3.03794389644e-09, 3.02194314017e-09],
        "mean": [2.59263515545e-06, 3.96261384594e-05, 0.000188931036973, 0.000242336798692, 0.000229248471442, 0.000136814996949, 8.71938391356e-05, 5.93095028307e-05, 8.12868893263e-05, 0.000147165264934, 0.000186437770026, 0.00029003265081, 0.000251850753557, 0.000265578360995, 0.00023460148077, 0.000200355396373, 0.000466083060019, 0.000484102580231, 0.000483152252855, 0.000558085448574, 0.000583604036365, 0.000465535005787, 0.000265301816398, 0.000320847175317, 0.00016509310808, 0.000107314299385, 0.000141809665365, 0.000203208255698, 0.000613940763287, 0.000354217045242, 0.000171716790646, 0.000271562079433, 0.000234287086641, 0.000240180219407, 0.000292730081128, 0.000239935077843, 0.000187337587704, 0.0001929433638, 7.08976585884e-05, 2.23238093895e-05, 2.19466492126e-05, 1.88031553989e-05, 1.74954038812e-05, 3.11222975142e-05, 8.18224943941e-05, 6.66199703119e-05, 1.07372416096e-05, 1.84276250366e-05, 1.5977610019e-05, 1.03019447124e-05, 6.08507707511e-06, 7.52584264774e-06, 1.17738636618e-05, 8.43718316901e-06, 1.4094512153e-05, 1.49060633703e-05, 8.91091258381e-06, 3.75542776965e-06, 2.02638125302e-06, 2.58143109022e-06, 3.6867468225e-06, 3.25391943079e-06, 2.66117376668e-06, 2.59538410319e-06, 3.19765490531e-06, 1.09758718736e-06, 5.29640033164e-07, 6.03142098043e-07, 8.08684148979e-07, 3.92196511712e-07, 3.77091083692e-07, 4.13370912611e-07, 1.94115472141e-07, 1.34854701628e-07, 9.58947268259e-08, 6.67389699061e-08, 9.40256654758e-08, 2.39970972871e-07, 1.75323762619e-07, 1.23834880128e-07, 6.67742199312e-08, 7.10671770321e-08, 8.36128180026e-08, 7.83607347898e-08, 1.99075927299e-07, 9.3762622555e-08, 7.84778606544e-08, 8.42151237634e-08, 4.84276547752e-08, 7.05922929001e-08, 3.84932263842e-08, 2.60087098525e-08, 2.64584993914e-08, 2.66157886841e-08, 3.19327426723e-08, 2.88614678823e-08, 2.12647837117e-08, 2.03398560217e-08, 1.87691711062e-08, 1.07281561412e-08, 8.38699687478e-09, 6.39239194911e-09, 3.79231623882e-09, 2.00189775867e-09, 3.12191189566e-10, 7.28417950957e-11, 7.88580728495e-11, 1.5820771776e-11, 8.16410220678e-12, 7.82791019505e-12, 7.53668221581e-12, 7.2496249455e-12, 6.98501282856e-12, 6.72852875847e-12, 6.50355247087e-12, 6.2999818036e-12, 6.11148154653e-12, 5.92740613536e-12, 5.76776603908e-12, 5.61646996272e-12, 5.47966576628e-12, 5.36525554887e-12, 5.26426298386e-12, 5.17006836648e-12, 5.05765481579e-12, 4.9394039206e-12, 4.86267319813e-12, 4.83201456278e-12],
        "min": [8.6419671419e-10, 1.52602268599e-08, 3.46095774262e-08, 1.03301964316e-07, 1.68395445144e-07, 4.21006554063e-08, 2.10699369063e-08, 4.35603197957e-08, 1.01970208277e-07, 7.01193414443e-08, 5.25620365011e-08, 1.42561304983e-07, 1.91531285054e-07, 1.58765075753e-07, 3.52416300586e-08, 4.37481517679e-08, 9.37662392175e-08, 3.5768561446e-08, 8.20397900725e-08, 8.01586423904e-08, 4.17745269488e-08, 1.47377789972e-07, 1.21740825421e-07, 1.50261030285e-07, 8.12284071117e-08, 6.07169212685e-08, 1.26969723624e-08, 4.10921430216e-08, 2.24938681015e-08, 3.17179384979e-08, 1.94986817803e-08, 1.80704660124e-08, 1.75221455123e-08, 8.4203776396e-08, 4.044846591e-08, 2.14022275458e-08, 2.00175076515e-08, 1.67133542561e-08, 2.00885992285e-08, 2.85203700656e-08, 3.36609424778e-08, 3.65287746718e-08, 9.02433150429e-09, 1.49805785554e-08, 1.94589091507e-08, 2.25426415312e-08, 1.34718209921e-08, 6.2990608285e-09, 5.60086288459e-09, 5.61056223702e-09, 8.78598704901e-09, 1.01809387587e-08, 1.29387807135e-08, 4.65512561831e-09, 2.57209187282e-09, 3.15283599228e-09, 3.96796506763e-09, 4.38681002635e-09, 3.221904743e-09, 6.35514174618e-09, 6.90651269508e-09, 3.08965075746e-09, 6.74014177804e-09, 8.273205232e-09, 5.66518920664e-09, 4.86557327761e-09, 3.0417817154e-09, 3.2388325355e-09, 1.34371180849e-09, 3.20316639879e-09, 1.93947125027e-09, 2.17596096697e-09, 1.17086407236e-09, 1.28009236544e-09, 1.01761798987e-09, 7.20170978408e-10, 5.63138646825e-10, 6.23289198032e-10, 7.90619070212e-10, 7.08578584696e-10, 5.7797683306e-10, 6.56623144746e-10, 5.44165545957e-10, 6.44213071777e-10, 5.17410503331e-10, 3.96075644504e-10, 2.61995564133e-10, 2.0186725902e-10, 4.42846370685e-10, 2.4134061416e-10, 2.36801384057e-10, 2.81575096572e-10, 4.58012988647e-10, 4.63001720297e-10, 3.42144895749e-10, 4.62690247227e-10, 2.81867029717e-10, 1.79918094312e-10, 2.16110032647e-10, 3.16090459362e-10, 2.87874640792e-10, 3.30627497602e-10, 1.20957049932e-10, 7.27801222067e-11, 7.40817563544e-12, 1.55601700687e-13, 8.30501913443e-14, 8.23161458159e-14, 5.73714930814e-14, 7.17121674543e-14, 6.94229965398e-14, 6.49946202001e-14, 6.91782378994e-14, 5.84330896386e-14, 6.40088297036e-14, 7.98686678317e-14, 6.51382498829e-14, 7.40951760668e-14, 7.71129986038e-14, 5.90986406947e-14, 8.06672572707e-14, 6.4377451666e-14, 7.27350308889e-14, 7.29388947786e-14, 6.05039157881e-14, 2.33032163851e-14, 2.50464508481e-15, 8.81622993493e-17],
        "stdev": [4.07727020502e-06, 9.01923849597e-05, 0.000428490515333, 0.000499600486364, 0.00069791963324, 0.000416393013438, 0.000172690066393, 0.000143286015373, 0.000116541123134, 0.000271025608527, 0.000910428178031, 0.00137438334059, 0.000774134823587, 0.000784244039096, 0.000794302672148, 0.000538420397788, 0.00109838950448, 0.00141867843922, 0.00184353662189, 0.00273129576817, 0.0020659789443, 0.0013027045643, 0.00141309213359, 0.00194252713118, 0.000864778470714, 0.00045268854592, 0.000686014012899, 0.000939436722547, 0.00167521741241, 0.00101088813972, 0.000876118079759, 0.00140825798735, 0.00110716710333, 0.00148743635509, 0.00163034291472, 0.00120543618686, 0.000915956916288, 0.000865994195919, 0.000340061436873, 0.000185142213013, 0.000160563897225, 9.43230043049e-05, 9.21029495657e-05, 0.000180177608854, 0.0002457734372, 0.000387843494536, 7.25028148736e-05, 0.000133318259032, 0.000115938411909, 5.32337835466e-05, 1.95617558347e-05, 3.35776894644e-05, 4.0448121581e-05, 4.89499034302e-05, 8.96432247828e-05, 8.453886403e-05, 3.63781182386e-05, 2.33030987147e-05, 6.76418221701e-06, 7.97741813585e-06, 1.59206811077e-05, 1.43385041156e-05, 1.2821737073e-05, 8.4792754933e-06, 8.32525802252e-06, 3.8497892092e-06, 2.03454533221e-06, 1.3417734408e-06, 1.91085041479e-06, 1.10903408768e-06, 1.56567341492e-06, 1.44828698012e-06, 4.59116563434e-07, 2.4686261213e-07, 1.63890973681e-07, 1.25361495407e-07, 2.78101225604e-07, 1.25240831039e-06, 9.0651053597e-07, 5.66997016449e-07, 2.75895303048e-07, 3.5099455431e-07, 4.95392555422e-07, 5.17995829341e-07, 2.01822967938e-06, 6.75957664953e-07, 3.49951790213e-07, 4.00426159786e-07, 2.54703479641e-07, 3.46108834037e-07, 1.71721907805e-07, 1.1922458043e-07, 1.35250843414e-07, 1.65345852565e-07, 1.70727091131e-07, 1.5131955422e-07, 1.12228683236e-07, 9.98758977744e-08, 1.04193183859e-07, 5.16051485988e-08, 3.51380826658e-08, 2.68003361725e-08, 1.43634331096e-08, 5.90353321783e-09, 8.06831879085e-10, 3.50425799489e-10, 3.82719633762e-10, 1.67838409837e-10, 1.54652832207e-10, 1.48099241204e-10, 1.42480902077e-10, 1.36895675351e-10, 1.31850905194e-10, 1.26915908338e-10, 1.22677423775e-10, 1.18691695361e-10, 1.14940085227e-10, 1.1146527451e-10, 1.08416241262e-10, 1.05509767589e-10, 1.02950523106e-10, 1.00788440094e-10, 9.86958223481e-11, 9.70064584216e-11, 9.55273082859e-11, 9.45030720345e-11, 9.36740407464e-11, 9.31803662008e-11]
    },
    "mfcc": {
        "mean": [-746.193664551, 190.77394104, -34.5125198364, 0.25268343091, -11.3317651749, -11.2696170807, -3.65275192261, 1.49193716049, -6.36434555054, 0.343723744154, -3.10361838341, -1.81586277485, 1.33614873886],
        "cov": [[2080.83886719, -233.604995728, -413.391082764, 14.0146541595, -46.9476394653, -5.12485694885, -50.5944061279, 121.95703125, -5.3188457489, -19.5747947693, -52.051486969, 1.82093584538, -13.9731655121], [-233.604995728, 574.551330566, -127.979759216, -23.6007614136, 16.1410808563, -48.4158401489, 114.980651855, 12.8059711456, 17.2268867493, 36.1840362549, 16.9959602356, -1.11791288853, 19.3509140015], [-413.391082764, -127.979759216, 735.764404297, 25.0301437378, -28.6495685577, 144.144332886, -80.4355010986, -25.1871051788, 58.201423645, -19.661895752, 1.7340644598, 1.26167297363, -27.7348423004], [14.0146541595, -23.6007614136, 25.0301437378, 331.94644165, 144.776062012, -29.0818595886, -30.302230835, -0.192436754704, 6.76023101807, -31.4013214111, -21.1843032837, 19.4815502167, 15.6432666779], [-46.9476394653, 16.1410808563, -28.6495685577, 144.776062012, 240.383895874, 16.8909320831, -13.2318620682, 22.2814712524, 27.7376728058, -3.84612250328, -17.5420265198, -5.49346256256, -3.46418476105], [-5.12485694885, -48.4158401489, 144.144332886, -29.0818595886, 16.8909320831, 295.204498291, 108.396156311, -4.80501127243, 12.5204725266, -1.25615167618, 25.7268695831, -19.5909423828, -9.53967857361], [-50.5944061279, 114.980651855, -80.4355010986, -30.302230835, -13.2318620682, 108.396156311, 278.527984619, 66.6115036011, -46.839717865, 68.1883163452, 57.1877593994, 45.9060745239, 47.4998397827], [121.95703125, 12.8059711456, -25.1871051788, -0.192436754704, 22.2814712524, -4.80501127243, 66.6115036011, 128.16104126, 37.3360137939, 30.7808055878, 25.6377086639, 21.5156803131, 19.0207386017], [-5.3188457489, 17.2268867493, 58.201423645, 6.76023101807, 27.7376728058, 12.5204725266, -46.839717865, 37.3360137939, 155.935684204, 29.2445354462, -11.7448720932, -19.4712085724, -30.3445568085], [-19.5747947693, 36.1840362549, -19.661895752, -31.4013214111, -3.84612250328, -1.25615167618, 68.1883163452, 30.7808055878, 29.2445354462, 141.555877686, 76.9661941528, 38.7589530945, 40.3619804382], [-52.051486969, 16.9959602356, 1.7340644598, -21.1843032837, -17.5420265198, 25.7268695831, 57.1877593994, 25.6377086639, -11.7448720932, 76.9661941528, 141.163848877, 78.347328186, 60.0413131714], [1.82093584538, -1.11791288853, 1.26167297363, 19.4815502167, -5.49346256256, -19.5909423828, 45.9060745239, 21.5156803131, -19.4712085724, 38.7589530945, 78.347328186, 153.94569397, 100.783882141], [-13.9731655121, 19.3509140015, -27.7348423004, 15.6432666779, -3.46418476105, -9.53967857361, 47.4998397827, 19.0207386017, -30.3445568085, 40.3619804382, 60.0413131714, 100.783882141, 157.102890015]],
        "icov": [[0.000798104156274, 0.000154304463649, 0.000728921499103, -0.000360692269169, 0.000701075070538, -0.000984133337624, 0.00116123526823, -0.0015378985554, 0.000609396083746, -0.00066985283047, 0.000913447933272, -0.000664408376906, 0.000374304596335], [0.000154304463649, 0.00238670827821, 0.000145346537465, 0.000325543573126, -0.000477623631014, 0.00131434260402, -0.00203584623523, 0.00112092494965, -0.00142478034832, 0.000818179862108, -0.000692977919243, 0.000884527224116, -0.000525906099938], [0.000728921499103, 0.000145346537465, 0.0025092640426, -0.000792344100773, 0.00136295286939, -0.00241349358112, 0.00231816177256, -0.00173002760857, 0.000421739794547, -0.00102711224463, 0.00113237882033, -0.00140917731915, 0.000777451903559], [-0.000360692269169, 0.000325543573126, -0.000792344100773, 0.00478117633611, -0.00334381102584, 0.00173034856562, -0.00146456051152, 0.00162932800595, -0.000884364591911, 0.00183778966311, -0.000596789701376, -2.07125303859e-05, -0.000812859216239], [0.000701075070538, -0.000477623631014, 0.00136295286939, -0.00334381102584, 0.0071767042391, -0.00285582360812, 0.00287087843753, -0.00332627771422, 0.000900343060493, -0.00209822878242, 0.00211654580198, -0.00105311977677, 0.000793966231868], [-0.000984133337624, 0.00131434260402, -0.00241349358112, 0.00173034856562, -0.00285582360812, 0.0086739724502, -0.00731877423823, 0.00553513970226, -0.00408990774304, 0.0045985118486, -0.00455287937075, 0.00390979647636, -0.00158096698578], [0.00116123526823, -0.00203584623523, 0.00231816177256, -0.00146456051152, 0.00287087843753, -0.00731877423823, 0.0123644741252, -0.00845447555184, 0.0066478815861, -0.00649002101272, 0.00422021886334, -0.00398988090456, 0.00171134748962], [-0.0015378985554, 0.00112092494965, -0.00173002760857, 0.00162932800595, -0.00332627771422, 0.00553513970226, -0.00845447555184, 0.0158691685647, -0.00699752336368, 0.00407213671133, -0.00463858200237, 0.00255376379937, -0.0021081387531], [0.000609396083746, -0.00142478034832, 0.000421739794547, -0.000884364591911, 0.000900343060493, -0.00408990774304, 0.0066478815861, -0.00699752336368, 0.012086506933, -0.00635743467137, 0.00422653881833, -0.00225786119699, 0.00280193402432], [-0.00066985283047, 0.000818179862108, -0.00102711224463, 0.00183778966311, -0.00209822878242, 0.0045985118486, -0.00649002101272, 0.00407213671133, -0.00635743467137, 0.0151952365413, -0.0087351296097, 0.00325023173355, -0.00270099681802], [0.000913447933272, -0.000692977919243, 0.00113237882033, -0.000596789701376, 0.00211654580198, -0.00455287937075, 0.00422021886334, -0.00463858200237, 0.00422653881833, -0.0087351296097, 0.0163808148354, -0.00729689840227, 0.000962986203376], [-0.000664408376906, 0.000884527224116, -0.00140917731915, -2.07125303859e-05, -0.00105311977677, 0.00390979647636, -0.00398988090456, 0.00255376379937, -0.00225786119699, 0.00325023173355, -0.00729689840227, 0.0154775148258, -0.00771490344778], [0.000374304596335, -0.000525906099938, 0.000777451903559, -0.000812859216239, 0.000793966231868, -0.00158096698578, 0.00171134748962, -0.0021081387531, 0.00280193402432, -0.00270099681802, 0.000962986203376, -0.00771490344778, 0.0121571505442]]
    },
    "spectral_contrast_coeffs": {
        "max": [-0.32331302762, -0.377811789513, -0.432271242142, -0.542501747608, -0.573473930359, -0.649804830551],
        "mean": [-0.707861602306, -0.698172867298, -0.674930870533, -0.756341874599, -0.777769327164, -0.800592243671],
        "min": [-0.907579600811, -0.883476912975, -0.891069829464, -0.899824261665, -0.897701740265, -0.944044530392],
        "stdev": [0.084576793015, 0.0836590379477, 0.0783575996757, 0.0574255101383, 0.0518564730883, 0.0349994376302]
    },
    "spectral_contrast_valleys": {
        "max": [-6.00250053406, -5.35998725891, -6.07571268082, -6.9685292244, -7.57237482071, -9.35968208313],
        "mean": [-7.69343137741, -6.9622759819, -7.77373361588, -8.43026733398, -8.97887134552, -12.1578941345],
        "min": [-9.91851902008, -9.14392757416, -9.88763237, -10.3247737885, -10.5356826782, -13.0875616074],
        "stdev": [0.640052855015, 0.597826242447, 0.588213086128, 0.507715642452, 0.484391748905, 0.513813912868]
    }
},
"rhythm": {
    "beats_count": 113,
    "beats_loudness": {
        "max": 0.10779684037,
        "mean": 0.0222986359149,
        "min": 0.00060557120014,
        "stdev": 0.0217164661735
    },
    "bpm": 140.77180481,
    "bpm_histogram_first_peak_bpm": 140,
    "bpm_histogram_first_peak_weight": 0.418604671955,
    "bpm_histogram_second_peak_bpm": 126,
    "bpm_histogram_second_peak_spread": 0.458333313465,
    "bpm_histogram_second_peak_weight": 0.116071425378,
    "danceability": 1.01308894157,
    "onset_rate": 1.7431640625,
    "beats_loudness_band_ratio": {
        "max": [0.785992860794, 0.872607767582, 0.963901996613, 0.911720812321, 0.446546494961, 0.155235692859],
        "mean": [0.124076142907, 0.162776306272, 0.348104804754, 0.327207326889, 0.0684162080288, 0.00636760005727],
        "min": [0.000751635292545, 0.00133520667441, 0.00954778585583, 0.00867185741663, 0.000651858397759, 0.000294646975817],
        "stdev": [0.16585996747, 0.191325768828, 0.249272227287, 0.276861816645, 0.0845656991005, 0.0162537842989]
    },
