{
"metadata": {
    "version": {
        "essentia": "2.1-beta5",
        "essentia_git_sha": "Undefined",
        "extractor": "music 2.0"
    },
    "audio_properties": {
        "analysis": {
            "equal_loudness": 0,
            "length": 12.7477550507,
            "sample_rate": 44100,
            "start_time": 0,
            "downmix": "mix"
        },
        "bit_rate": 192000,
        "length": 172.408157349,
        "lossless": 0,
        "number_channels": 2,
        "replay_gain": -5.12971115112,
        "sample_rate": 44100,
        "codec": "mp3",
        "md5_encoded": "d7ee0187e634d425a793f0106d9e7613"
    },
    "tags": {
        "file_name": "France_Elle était Si Jolie_Alain Barrière.mp3",
        "encoding": ["Lavf58.29.100"]
    }
},
"lowlevel": {
    "average_loudness": 0.940082907677,
    "barkbands_crest": {
        "max": 22.0024852753,
        "mean": 10.4123859406,
        "min": 3.26752018929,
        "stdev": 3.99258089066
    },
    "barkbands_flatness_db": {
        "max": 0.404039829969,
        "mean": 0.221038490534,
        "min": 0.0670791640878,
        "stdev": 0.0567264817655
    },
    "barkbands_kurtosis": {
        "max": 121.192825317,
        "mean": 4.77530813217,
        "min": -1.64681518078,
        "stdev": 9.72931671143
    },
    "barkbands_skewness": {
        "max": 8.07670974731,
        "mean": 1.48866844177,
        "min": -2.01375031471,
        "stdev": 1.08789718151
    },
    "barkbands_spread": {
        "max": 72.7147521973,
        "mean": 13.4947834015,
        "min": 0.842088937759,
        "stdev": 10.2144145966
    },
    "dissonance": {
        "max": 0.499207049608,
        "mean": 0.437225520611,
        "min": 0.205918997526,
        "stdev": 0.041762791574
    },
    "dynamic_complexity": 6.1351981163,
    "erbbands_crest": {
        "max": 27.769109726,
        "mean": 9.55971622467,
        "min": 2.22898888588,
        "stdev": 4.11561107635
    },
    "erbbands_flatness_db": {
        "max": 0.373778790236,
        "mean": 0.245218679309,
        "min": 0.0854703262448,
        "stdev": 0.059681199491
    },
    "erbbands_kurtosis": {
        "max": 40.7903289795,
        "mean": 1.1885317564,
        "min": -1.59603250027,
        "stdev": 4.67314529419
    },
    "erbbands_skewness": {
        "max": 5.69257545471,
        "mean": 0.696701526642,
        "min": -1.88987958431,
        "stdev": 0.947517752647
    },
    "erbbands_spread": {
        "max": 108.634803772,
        "mean": 28.2404785156,
        "min": 2.64421749115,
        "stdev": 18.5943660736
    },
    "hfc": {
        "max": 69.6778869629,
        "mean": 14.6701078415,
        "min": 1.18629042141e-16,
        "stdev": 10.9322948456
    },
    "loudness_ebu128": {
        "integrated": -18.5209674835,
        "loudness_range": 7.41090202332,
        "momentary": {
            "max": -15.2203140259,
            "mean": -21.9041881561,
            "min": -48.9082565308,
            "stdev": 8.34802913666
        },
        "short_term": {
            "max": -17.1149654388,
            "mean": -19.541929245,
            "min": -26.563375473,
            "stdev": 2.87210345268
        }
    },
    "melbands_crest": {
        "max": 31.4716968536,
        "mean": 12.5638103485,
        "min": 1.58216845989,
        "stdev": 4.66244602203
    },
    "melbands_flatness_db": {
        "max": 0.48018732667,
        "mean": 0.265174597502,
        "min": 0.0025847251527,
        "stdev": 0.0637976154685
    },
    "melbands_kurtosis": {
        "max": 258.905761719,
        "mean": 11.0640258789,
        "min": -1.24238276482,
        "stdev": 20.2956733704
    },
    "melbands_skewness": {
        "max": 13.6498565674,
        "mean": 2.16398453712,
        "min": -0.519458353519,
        "stdev": 1.55726361275
    },
    "melbands_spread": {
        "max": 137.733123779,
        "mean": 15.2214450836,
        "min": 1.1168448925,
        "stdev": 11.9968681335
    },
    "pitch_salience": {
        "max": 0.943137645721,
        "mean": 0.569368720055,
        "min": 0.257752597332,
        "stdev": 0.106368161738
    },
    "silence_rate_20dB": {
        "max": 1,
        "mean": 1,
        "min": 1,
        "stdev": 0
    },
    "silence_rate_30dB": {
        "max": 1,
        "mean": 0.996363639832,
        "min": 0,
        "stdev": 0.060192540288
    },
    "silence_rate_60dB": {
        "max": 1,
        "mean": 0.165454551578,
        "min": 0,
        "stdev": 0.3715890944
    },
    "spectral_centroid": {
        "max": 11576.8417969,
        "mean": 959.899902344,
        "min": 248.792572021,
        "stdev": 695.662780762
    },
    "spectral_complexity": {
        "max": 23,
        "mean": 12.7436361313,
        "min": 0,
        "stdev": 6.44316148758
    },
    "spectral_decrease": {
        "max": 3.45267178735e-29,
        "mean": -6.57055698738e-09,
        "min": -2.97213578193e-08,
        "stdev": 4.88166174151e-09
    },
    "spectral_energy": {
        "max": 0.118495218456,
        "mean": 0.0261294338852,
        "min": 1.06296885006e-20,
        "stdev": 0.0193588528782
    },
    "spectral_energyband_high": {
        "max": 0.000782193616033,
        "mean": 5.10613717779e-05,
        "min": 7.43814539298e-21,
        "stdev": 7.37070877221e-05
    },
    "spectral_energyband_low": {
        "max": 0.01728380844,
        "mean": 0.00253313081339,
        "min": 7.89763930076e-23,
        "stdev": 0.00281160883605
    },
    "spectral_energyband_middle_high": {
        "max": 0.0225300677121,
        "mean": 0.00384181318805,
        "min": 1.59604600166e-21,
        "stdev": 0.00344187091105
    },
    "spectral_energyband_middle_low": {
        "max": 0.114759586751,
        "mean": 0.020628856495,
        "min": 3.00415575026e-22,
        "stdev": 0.0168186929077
    },
    "spectral_entropy": {
        "max": 9.78651618958,
        "mean": 6.83340215683,
        "min": 5.2064166069,
        "stdev": 0.630979657173
    },
    "spectral_flux": {
        "max": 0.202994123101,
        "mean": 0.051778152585,
        "min": 1.03100382398e-10,
        "stdev": 0.0305299051106
    },
    "spectral_kurtosis": {
        "max": 41.1777801514,
        "mean": 10.5768527985,
        "min": -1.25306117535,
        "stdev": 6.92698192596
    },
    "spectral_rms": {
        "max": 0.0107519812882,
        "mean": 0.00448169419542,
        "min": 3.22031485679e-12,
        "stdev": 0.00232519302517
    },
    "spectral_rolloff": {
        "max": 19422.9492188,
        "mean": 1036.29614258,
        "min": 64.599609375,
        "stdev": 1253.56994629
    },
    "spectral_skewness": {
        "max": 4.92134428024,
        "mean": 2.14294266701,
        "min": -0.031800583005,
        "stdev": 0.791087985039
    },
    "spectral_spread": {
        "max": 42020488,
        "mean": 2852822.75,
        "min": 1399059.375,
        "stdev": 2140834.25
    },
    "spectral_strongpeak": {
        "max": 7.77962779999,
        "mean": 1.44885993004,
        "min": 0,
        "stdev": 1.37851691246
    },
    "zerocrossingrate": {
        "max": 0.5029296875,
        "mean": 0.0417045466602,
        "min": 0.00927734375,
        "stdev": 0.0335723534226
    },
    "barkbands": {
        "max": [0.000393814290874, 0.00997569877654, 0.00864833593369, 0.0108633078635, 0.0572401285172, 0.0365769714117, 0.0546029247344, 0.0229375399649, 0.0729198902845, 0.0194263570011, 0.00556738115847, 0.0035476044286, 0.0208168663085, 0.00446839910001, 0.00279065943323, 0.00107896863483, 0.00297166383825, 0.000321678642649, 0.000896534067579, 0.0018757408252, 0.00039619099698, 0.00023468080326, 7.56937442929e-05, 1.60972813319e-05, 1.28888632389e-06, 1.03671645491e-07, 1.09344938437e-07],
        "mean": [1.33935900521e-05, 0.00116173678543, 0.000635082949884, 0.00115167500917, 0.00339325214736, 0.00567194074392, 0.00446905940771, 0.00222442415543, 0.00336349662393, 0.000652257236652, 0.000409067579312, 0.00042405561544, 0.00127596734092, 0.00045847389265, 0.000175182110979, 5.50596560061e-05, 0.000355593656423, 3.42485182045e-05, 4.4823220378e-05, 0.000142048011185, 1.18976604426e-05, 4.29290548709e-06, 1.1800646007e-06, 8.72151758813e-07, 3.602247034e-07, 9.03757346737e-10, 9.77641856359e-10],
        "min": [4.1023571472e-24, 3.66209711033e-23, 2.74523847452e-23, 1.82028060381e-23, 3.5438373943e-23, 3.51869829052e-23, 3.02834298292e-23, 9.56745210219e-23, 5.93487890011e-23, 9.24651508696e-23, 8.67316151471e-23, 1.28271761928e-22, 1.27200728632e-22, 1.29629145421e-22, 1.25574728534e-22, 8.61296637893e-23, 2.30304243099e-22, 2.08071732031e-22, 2.3114997772e-22, 3.08256196092e-22, 3.58960741957e-22, 5.99852356685e-22, 8.66808945463e-22, 7.41719435806e-22, 1.04162870097e-21, 1.57506093843e-21, 2.31439581812e-21],
        "stdev": [2.19283119804e-05, 0.00173520471435, 0.00106798799243, 0.00206496752799, 0.00500111561269, 0.00615203473717, 0.0070868129842, 0.00347006414086, 0.0073550529778, 0.00130645523313, 0.000654826930258, 0.000524387636688, 0.0027038466651, 0.000693514186423, 0.000280398118775, 9.36974029173e-05, 0.000515673134942, 4.04705679102e-05, 8.96094861673e-05, 0.000203284420422, 2.40341014432e-05, 1.52125558088e-05, 3.33349953507e-06, 7.87074270647e-07, 1.76267278107e-07, 4.52509629767e-09, 4.77453232506e-09]
    },
    "erbbands": {
        "max": [0.209088683128, 2.47532534599, 8.65578174591, 24.0673961639, 90.0376586914, 262.382659912, 254.71333313, 332.63659668, 558.158813477, 697.832580566, 1126.9987793, 1135.85717773, 725.64263916, 184.685806274, 150.345199585, 150.959106445, 858.077209473, 271.3487854, 105.705123901, 88.4316940308, 80.821723938, 114.804664612, 22.9952964783, 64.3610916138, 45.4360122681, 125.771087646, 16.3809928894, 11.8823213577, 11.3499517441, 5.8551697731, 1.30029761791, 0.420998334885, 0.240934804082, 0.033320851624, 0.00452739652246, 0.000427303399192, 0.000197985282284, 6.90138913342e-05, 5.8040201111e-05, 0.000134881935082],
        "mean": [0.0241800062358, 0.299102693796, 0.745913803577, 2.74453806877, 4.48195266724, 11.9604358673, 33.665184021, 45.2890853882, 65.3523788452, 51.0800437927, 81.1968154907, 56.4940414429, 23.2116851807, 13.3350982666, 14.0808153152, 20.0980625153, 53.7263183594, 34.286895752, 11.7743301392, 7.84888219833, 10.3013706207, 14.7223567963, 2.67740440369, 2.7769753933, 2.82348775864, 7.76874637604, 1.078774333, 0.286527097225, 0.192478090525, 0.0673413798213, 0.0308019462973, 0.0204267855734, 0.0133105190471, 0.00664521381259, 0.00112323148642, 4.58538161183e-05, 1.20281829368e-05, 2.96496568808e-06, 1.30824646476e-05, 2.98149479931e-05],
        "min": [9.34517293477e-22, 8.78989179983e-21, 2.59570084013e-20, 5.78686896995e-20, 9.88438955982e-20, 1.08600762342e-19, 9.29998839576e-20, 3.61469345687e-19, 5.38566543485e-19, 1.0678050746e-18, 1.73086871092e-18, 1.61504822572e-18, 2.05409460176e-18, 4.26493662088e-18, 3.43180320305e-18, 5.42001121466e-18, 4.65603464553e-18, 7.032763187e-18, 7.17041513992e-18, 5.66766991724e-18, 6.23045961778e-18, 1.30343117372e-17, 1.14391873973e-17, 1.15831118608e-17, 1.35586722808e-17, 1.25573767668e-17, 1.38054012324e-17, 1.65467886246e-17, 2.10798426062e-17, 2.0742182517e-17, 2.40846688255e-17, 1.68260629974e-17, 1.42768908728e-17, 1.22585056581e-17, 7.03718943046e-18, 5.74083445601e-18, 2.90983796766e-18, 1.17688165967e-18, 2.8338357341e-19, 3.87719263267e-20],
        "stdev": [0.0389073677361, 0.430683970451, 1.09803283215, 4.6287317276, 6.59256696701, 18.2876281738, 40.3387832642, 52.4318847656, 80.3267745972, 91.2727737427, 127.756614685, 113.669319153, 45.5713195801, 19.9952602386, 23.3810939789, 24.4980258942, 107.563964844, 44.5879440308, 12.0290374756, 11.0376253128, 12.7561359406, 19.873128891, 2.82740187645, 6.13252782822, 4.07052612305, 12.335934639, 1.38333296776, 0.601641774178, 0.688540160656, 0.286041140556, 0.0594431869686, 0.0208525713533, 0.0116515764967, 0.00339754438028, 0.000577856902964, 2.73418463621e-05, 1.09263728518e-05, 3.42664111486e-06, 9.49579134613e-06, 2.19578996621e-05]
    },
    "gfcc": {
        "mean": [-103.933876038, 169.611816406, -149.975814819, 28.8498268127, -63.2059249878, -9.10264015198, -33.7606735229, -7.60351753235, -8.38101577759, -6.38227558136, 8.28246116638, -24.1910381317, 8.22552776337],
        "cov": [[14485.2539062, 4059.64672852, -2192.16943359, -2136.24829102, 314.589508057, -1762.25512695, 305.176116943, -711.680297852, 202.606140137, 0.688678920269, 546.947509766, -510.800323486, 105.41468811], [4059.64672852, 1431.52478027, -416.329742432, -775.666809082, 149.936126709, -564.778320312, 102.576545715, -270.602508545, 68.1242675781, -11.0824975967, 206.847885132, -152.240066528, 12.0837612152], [-2192.16943359, -416.329742432, 759.542480469, 383.900238037, -57.7811355591, 263.8699646, -95.0415344238, 33.5415153503, -38.3487548828, -36.6936378479, -58.2184333801, 108.292350769, -21.2104701996], [-2136.24829102, -775.666809082, 383.900238037, 688.192016602, -60.344959259, 357.413879395, -107.934570312, 123.354995728, -53.4241027832, -32.0917167664, -140.343490601, 97.7267227173, 2.63639450073], [314.589508057, 149.936126709, -57.7811355591, -60.344959259, 145.975753784, -50.8961410522, 12.3335027695, -38.3707389832, 10.2659292221, -0.771703600883, 28.419588089, -17.9270954132, -12.2414150238], [-1762.25512695, -564.778320312, 263.8699646, 357.413879395, -50.8961410522, 479.222839355, 16.6095619202, 137.041992188, -47.3752746582, 29.6076908112, -51.1436805725, 73.5615921021, -51.3237838745], [305.176116943, 102.576545715, -95.0415344238, -107.934570312, 12.3335027695, 16.6095619202, 142.992294312, 21.5637760162, 9.47832012177, 42.8425292969, 34.2595863342, -24.0693302155, -14.6662759781], [-711.680297852, -270.602508545, 33.5415153503, 123.354995728, -38.3707389832, 137.041992188, 21.5637760162, 128.079818726, 7.82953929901, 15.8405408859, -40.3620491028, 24.0092163086, -2.38366651535], [202.606140137, 68.1242675781, -38.3487548828, -53.4241027832, 10.2659292221, -47.3752746582, 9.47832012177, 7.82953929901, 57.6021156311, 18.4308547974, 4.89704751968, -7.53561687469, 0.891211807728], [0.688678920269, -11.0824975967, -36.6936378479, -32.0917167664, -0.771703600883, 29.6076908112, 42.8425292969, 15.8405408859, 18.4308547974, 90.196647644, 49.3562278748, -0.60505604744, 1.22233307362], [546.947509766, 206.847885132, -58.2184333801, -140.343490601, 28.419588089, -51.1436805725, 34.2595863342, -40.3620491028, 4.89704751968, 49.3562278748, 113.567520142, 14.0310401917, 7.6167011261], [-510.800323486, -152.240066528, 108.292350769, 97.7267227173, -17.9270954132, 73.5615921021, -24.0693302155, 24.0092163086, -7.53561687469, -0.60505604744, 14.0310401917, 82.5446090698, 24.2994194031], [105.41468811, 12.0837612152, -21.2104701996, 2.63639450073, -12.2414150238, -51.3237838745, -14.6662759781, -2.38366651535, 0.891211807728, 1.22233307362, 7.6167011261, 24.2994194031, 81.0405654907]],
        "icov": [[0.00144552241545, -0.00475164037198, 0.00294729415327, -0.00220372457989, 0.00188415357843, 0.000227534081205, 0.000447371974587, -7.60206312407e-05, 0.000313786091283, -0.000684340659063, 0.000312652788125, -0.000869307958055, 0.000416872702772], [-0.00475164037198, 0.0201838873327, -0.0100783100352, 0.00893846899271, -0.00669767474756, -0.000165824225405, -0.00323079456575, 0.00397176342085, -0.00518477521837, 0.00807622913271, -0.0081875231117, 0.00901850126684, -0.00334135442972], [0.00294729415327, -0.0100783100352, 0.00833944231272, -0.00539452582598, 0.00440658023581, -0.000296205747873, 0.00145517324563, 0.000940565892961, 0.000448232429335, -0.00144464918412, 0.00144051993266, -0.00432772561908, 0.00197532307357], [-0.00220372457989, 0.00893846899271, -0.00539452582598, 0.00878555420786, -0.00404568435624, -0.0019932219293, 0.000898742931895, 0.00072188989725, 0.000238815235207, 0.0009112986736, 0.00217318465002, 0.00081570999464, -0.00231872987933], [0.00188415357843, -0.00669767474756, 0.00440658023581, -0.00404568435624, 0.0108574545011, 0.000128084939206, -1.48656154124e-05, 0.00165464403108, -0.00169715040829, 0.000699009338859, -0.0020037391223, -0.000289955438348, 0.00188329804223], [0.000227534081205, -0.000165824225405, -0.000296205747873, -0.0019932219293, 0.000128084939206, 0.00694267870858, -0.00187237001956, -0.00350500061177, 0.00420372653753, -0.00254949415103, -2.6207697374e-05, -0.00279737799428, 0.00452380627394], [0.000447371974587, -0.00323079456575, 0.00145517324563, 0.000898742931895, -1.48656154124e-05, -0.00187237001956, 0.0120288347825, -0.00463482970372, 0.00267336913384, -0.00517425686121, 0.00153625919484, 6.3588422563e-06, 0.00100633117836], [-7.60206312407e-05, 0.00397176342085, 0.000940565892961, 0.00072188989725, 0.00165464403108, -0.00350500061177, -0.00463482970372, 0.0198751743883, -0.0089659942314, 0.00276555446908, 0.000211084901821, 0.00110344321001, -0.00278846453875], [0.000313786091283, -0.00518477521837, 0.000448232429335, 0.000238815235207, -0.00169715040829, 0.00420372653753, 0.00267336913384, -0.0089659942314, 0.0296365786344, -0.0146647216752, 0.0128151625395, -0.0102294320241, 0.00485850870609], [-0.000684340659063, 0.00807622913271, -0.00144464918412, 0.0009112986736, 0.000699009338859, -0.00254949415103, -0.00517425686121, 0.00276555446908, -0.0146647216752, 0.0311361309141, -0.0243274718523, 0.0163845345378, -0.00602059671655], [0.000312652788125, -0.0081875231117, 0.00144051993266, 0.00217318465002, -0.0020037391223, -2.6207697374e-05, 0.00153625919484, 0.000211084901821, 0.0128151625395, -0.0243274718523, 0.0384671203792, -0.0247031450272, 0.0051030991599], [-0.000869307958055, 0.00901850126684, -0.00432772561908, 0.00081570999464, -0.000289955438348, -0.00279737799428, 6.3588422563e-06, 0.00110344321001, -0.0102294320241, 0.0163845345378, -0.0247031450272, 0.0371396280825, -0.0121039003134], [0.000416872702772, -0.00334135442972, 0.00197532307357, -0.00231872987933, 0.00188329804223, 0.00452380627394, 0.00100633117836, -0.00278846453875, 0.00485850870609, -0.00602059671655, 0.0051030991599, -0.0121039003134, 0.0193244684488]]
    },
    "melbands": {
        "max": [0.00252768164501, 0.00349839078262, 0.0036429441534, 0.0155852939934, 0.0069070244208, 0.00782455597073, 0.00861986074597, 0.00614701537415, 0.0132559239864, 0.00617634365335, 0.00364932278171, 0.000675040995702, 0.000425720354542, 0.000206822805922, 0.000951678492129, 0.00289161177352, 0.000475246575661, 0.0001454106241, 0.000222527363803, 2.25186140597e-05, 0.000131450651679, 0.000175513036083, 2.02219944185e-05, 1.5788109522e-05, 6.76904528518e-05, 2.14656320168e-05, 8.53044621181e-05, 8.22645233711e-05, 8.81749110704e-06, 1.22844940051e-05, 4.63709193355e-06, 5.08615312356e-06, 6.03680246059e-06, 2.88743467536e-06, 7.33824265353e-07, 2.67446864655e-07, 2.44318641762e-07, 1.97090514575e-07, 6.35202397348e-08, 1.74956547028e-08],
        "mean": [0.000287237489829, 0.000412125169532, 0.000487367768073, 0.00056241749553, 0.00106893165503, 0.0010884286603, 0.000995355658233, 0.000536675273906, 0.000775061314926, 0.000311514333589, 0.000110211833089, 5.36821753485e-05, 4.64920885861e-05, 3.56647360604e-05, 7.25268400856e-05, 0.00015239539789, 5.19372988492e-05, 2.10700236494e-05, 1.64178309205e-05, 4.36049913333e-06, 1.66043064382e-05, 2.14517040149e-05, 2.53659959526e-06, 1.5287378119e-06, 2.47222919825e-06, 1.13301007332e-06, 4.55641929875e-06, 4.74762100566e-06, 6.02905345204e-07, 3.67246485666e-07, 7.99891353154e-08, 1.21646394291e-07, 6.1336081103e-08, 2.82101009219e-08, 1.78752710411e-08, 1.37822411261e-08, 1.19230199047e-08, 9.88706716498e-09, 7.18911730146e-09, 5.17484943785e-09],
        "min": [9.96877057268e-24, 1.34378921108e-23, 1.09396390437e-23, 7.60581109516e-24, 3.59966302953e-24, 7.74333558335e-24, 7.95161458385e-24, 1.55305728538e-23, 1.17151737216e-23, 1.05790452019e-23, 9.52918651072e-24, 1.67443962841e-23, 1.01499829667e-23, 1.29993319902e-23, 1.34336243733e-23, 1.25081509031e-23, 1.31836327747e-23, 1.11372234569e-23, 9.66665814523e-24, 7.1699275797e-24, 7.1567149484e-24, 1.46772115255e-23, 9.38786760158e-24, 1.12065225208e-23, 8.84246810437e-24, 8.31083186337e-24, 1.13029844323e-23, 7.55259453849e-24, 8.4404921972e-24, 8.98349119067e-24, 9.70297177928e-24, 1.1047683011e-23, 1.34920805441e-23, 1.08904630326e-23, 1.31497519877e-23, 1.51056955257e-23, 8.3867415817e-24, 8.65928513584e-24, 1.20160634147e-23, 9.42222407172e-24],
        "stdev": [0.00045045351726, 0.000491430109832, 0.000709813612048, 0.000923870946281, 0.00126619148068, 0.00120692781638, 0.00133010488935, 0.000872000935487, 0.00139405636583, 0.000618651043624, 0.000230041812756, 8.64875692059e-05, 7.17356961104e-05, 3.94747112296e-05, 0.000136580230901, 0.000370933732484, 7.33524939278e-05, 2.53851430898e-05, 2.84819525405e-05, 4.41203292212e-06, 2.2809512302e-05, 3.07589507429e-05, 2.85267060463e-06, 1.86078239039e-06, 6.33818399365e-06, 2.04363323064e-06, 7.87941917224e-06, 7.94821698946e-06, 1.05679680473e-06, 7.91537956957e-07, 2.16650278162e-07, 3.59135214012e-07, 3.42578545087e-07, 1.27654942617e-07, 3.3624758089e-08, 1.46375365162e-08, 1.19742580296e-08, 9.48531830858e-09, 4.47573933471e-09, 2.59760635224e-09]
    },
    "melbands128": {
        "max": [0.000201729097171, 0.00113771273755, 0.00449558254331, 0.00401405245066, 0.00415263231844, 0.00415281672031, 0.00578640354797, 0.0042782430537, 0.00756156118587, 0.0265678912401, 0.0155627820641, 0.0107871284708, 0.010488816537, 0.0122798699886, 0.0120436381549, 0.0170926004648, 0.0138041609898, 0.00905455090106, 0.0234463624656, 0.00650328863412, 0.006261092145, 0.00903639756143, 0.0152190830559, 0.0303809437901, 0.00399326626211, 0.00140215444844, 0.0013320883736, 0.00750322639942, 0.00222952291369, 0.000873104785569, 0.00125023478176, 0.00142890738789, 0.000356984295649, 0.00113458873238, 0.000394002971007, 0.00032199031557, 0.000412133755162, 0.00188185553998, 0.000670320296194, 0.00232202978805, 0.00535974279046, 0.000274903664831, 0.000395691400627, 0.00118274532724, 0.000250821525697, 0.000119500997243, 0.000282512744889, 0.00031745803426, 0.000270693097264, 4.01806901209e-05, 3.57354583684e-05, 5.94876946707e-05, 0.000219759953325, 0.00011821660155, 0.000642397033516, 0.000150683816173, 8.94050099305e-05, 3.35500481015e-05, 2.00188187591e-05, 5.99722916377e-05, 1.30790840558e-05, 1.61626940098e-05, 5.45981347386e-05, 0.000126676735817, 4.89330814162e-05, 1.78613699973e-05, 2.17296365008e-05, 5.60679181945e-05, 0.00016915462038, 0.000177997368155, 0.000138087052619, 5.23871531186e-05, 1.00153210951e-05, 1.42820645124e-05, 1.45481290019e-05, 1.33314251798e-05, 1.19800151879e-05, 7.88627403381e-06, 3.17955391438e-06, 1.29509373892e-06, 4.83560233988e-06, 5.91589741816e-06, 2.15128384298e-05, 3.22412779497e-06, 4.85272039441e-06, 3.7051563595e-06, 1.93179243979e-06, 1.19871617699e-06, 8.01221858637e-07, 3.82269888632e-07, 2.92282607006e-07, 2.57360852629e-07, 1.55984835715e-07, 3.39869700383e-07, 1.82845582231e-07, 2.16498179384e-07, 2.25253018016e-07, 1.54406052388e-07, 6.6785140973e-08, 3.72861599374e-08, 2.37782611379e-08, 2.85033987524e-08, 1.55003192504e-08, 1.66170863736e-08, 4.59552662591e-09, 8.10104872073e-10, 7.74813602167e-10, 7.37623739866e-10, 7.07976899328e-10, 6.83559153725e-10, 6.62714549904e-10, 6.3497157532e-10, 6.12514539089e-10, 5.86491355481e-10, 5.67793478901e-10, 5.40180344899e-10, 5.26164667392e-10, 5.15110676336e-10, 4.96030383434e-10, 4.82551110181e-10, 4.67701877227e-10, 4.56916116054e-10, 4.57868798431e-10, 4.48674097875e-10, 4.36645108959e-10, 4.34192515275e-10, 4.27575225226e-10, 4.26827378996e-10],
        "mean": [9.7613537946e-06, 0.000115494607599, 0.000474263797514, 0.000488769263029, 0.000378161086701, 0.000306313944748, 0.00061165849911, 0.000488713616505, 0.000380556186428, 0.000557008082978, 0.000605343549978, 0.000954336777795, 0.00122845696751, 0.00121625117026, 0.000852172146551, 0.00115495920181, 0.00132981385104, 0.0007468831609, 0.00101284810808, 0.000387219712138, 0.000447074067779, 0.000520031666383, 0.000774815387558, 0.00128588604275, 0.000196606401005, 8.67751004989e-05, 5.53251884412e-05, 0.000157827322255, 0.000112498324597, 3.6831756006e-05, 4.65709599666e-05, 5.63650646654e-05, 3.159406333e-05, 6.67838103254e-05, 2.09751815419e-05, 2.89476320177e-05, 4.14227579313e-05, 0.000124954269268, 3.38336030836e-05, 0.000109474276542, 0.00028586096596, 1.7070744434e-05, 2.74398280453e-05, 0.000103979371488, 2.18642235268e-05, 7.79770471127e-06, 6.54880113871e-06, 2.33190567087e-05, 1.76112589543e-05, 4.3538339014e-06, 2.75979004982e-06, 4.16897501054e-06, 5.71072951061e-06, 1.18831185318e-05, 6.35193428025e-05, 1.11415465653e-05, 5.28441751158e-06, 1.51577592078e-06, 2.11730684896e-06, 3.18458364745e-06, 8.49251023283e-07, 6.36032496004e-07, 3.28179794451e-06, 2.8899728477e-06, 1.18587684028e-06, 1.24697476167e-06, 9.66405195868e-07, 1.71696854068e-06, 3.83325641451e-06, 1.06341158244e-05, 5.83700739298e-06, 1.96993687496e-06, 6.18304e-07, 4.01046605703e-07, 1.96118193685e-07, 6.91088246185e-07, 2.1179981502e-07, 1.03679475671e-07, 6.06603478559e-08, 5.45102984972e-08, 1.54639479888e-07, 1.24704584437e-07, 1.0722586552e-07, 4.46320740366e-08, 4.07086311327e-08, 3.06604981404e-08, 2.39983215522e-08, 2.11694644037e-08, 1.78585626287e-08, 1.53699684091e-08, 1.48075427475e-08, 1.30820438926e-08, 1.24693730896e-08, 1.22497736399e-08, 1.13643219279e-08, 1.0766525449e-08, 9.80713998899e-09, 8.30391932993e-09, 7.48726769473e-09, 6.45367448371e-09, 5.7985842794e-09, 5.20546850069e-09, 4.12385103843e-09, 2.66062083476e-09, 2.74355316243e-10, 7.0317280644e-12, 6.68536666998e-12, 6.41851762712e-12, 6.16778156326e-12, 5.93898714929e-12, 5.71722010012e-12, 5.49761755217e-12, 5.3204268248e-12, 5.13986336131e-12, 4.98044921277e-12, 4.81653475784e-12, 4.67621731268e-12, 4.5377182914e-12, 4.42198231157e-12, 4.31788762731e-12, 4.2130322668e-12, 4.1336001462e-12, 4.07692933233e-12, 4.00039203152e-12, 3.94402349321e-12, 3.90763983671e-12, 3.87308848188e-12, 3.8560001546e-12],
        "min": [4.10179547824e-24, 6.38863855588e-24, 1.36526736917e-23, 1.46166711842e-23, 1.17500476845e-23, 1.49750585821e-23, 1.23703566244e-23, 8.11875291042e-24, 1.13138675574e-23, 7.58953295038e-24, 5.64284590621e-24, 5.11643902415e-24, 2.65930533176e-24, 2.03301800949e-24, 6.66857728658e-24, 1.38375101127e-23, 7.64869909599e-24, 9.36203240693e-24, 3.64405104937e-24, 8.53755127639e-24, 2.53940746718e-23, 2.68250888643e-23, 4.97176785059e-24, 3.42694351205e-24, 1.31242993905e-23, 9.6284110131e-24, 1.08028529293e-23, 1.02532267154e-23, 7.20246966976e-24, 1.60371982598e-23, 2.56004801277e-23, 8.88743633141e-24, 4.88860455624e-24, 1.55378982162e-23, 1.08891243356e-23, 1.25552664095e-23, 1.4786099574e-23, 2.10791285826e-23, 5.88173468198e-24, 2.24823661937e-24, 2.34983046548e-23, 1.20748998164e-23, 1.50375126999e-23, 8.61728302581e-24, 1.50881039275e-23, 4.9736563836e-24, 1.78583057476e-23, 1.12978513144e-23, 5.15387599613e-24, 7.17587559093e-24, 8.36153274261e-24, 6.14253249168e-24, 4.60971067181e-24, 7.68845374131e-24, 1.35579551628e-23, 1.7081107362e-23, 1.52462263628e-23, 7.00343769679e-24, 8.73592691709e-24, 1.05307337823e-23, 1.16594414875e-23, 8.69768215154e-24, 1.73148736695e-23, 5.27961411354e-24, 2.63279191395e-24, 9.70483506874e-24, 1.04280911456e-23, 9.82695310345e-24, 1.35167261365e-23, 1.11844210048e-23, 4.56116614386e-24, 6.13500439206e-24, 1.19483523277e-23, 6.33934815994e-24, 8.26297088339e-24, 1.01132488698e-23, 6.9143469016e-24, 1.2769426368e-23, 7.01868164492e-24, 1.12772036691e-23, 1.09614565697e-23, 8.58802733028e-24, 1.65336789145e-23, 1.56070308304e-23, 8.28857020863e-24, 1.35289455919e-23, 7.9924239362e-24, 1.34789049892e-23, 1.39637736114e-23, 1.16850313464e-23, 1.90211561417e-23, 1.57616712337e-23, 8.63023927731e-24, 9.15241786492e-24, 7.70672849304e-24, 6.07354976096e-24, 8.81551588268e-24, 1.26668326407e-23, 1.10534148743e-23, 1.16233447902e-23, 1.37380284416e-23, 7.18621282423e-24, 8.06207798755e-24, 7.18595644443e-24, 1.00926990432e-23, 5.24661014542e-24, 8.08652084269e-24, 9.33689850963e-24, 8.86013622206e-24, 1.39441499076e-23, 9.96629354944e-24, 9.00652040708e-24, 1.02941543968e-23, 6.25780360816e-24, 1.15752361079e-23, 8.44337706153e-24, 1.15054960707e-23, 7.63286981307e-24, 6.73799073535e-24, 8.98091713754e-24, 7.51813078326e-24, 9.16994398765e-24, 1.66605198595e-23, 9.0205842193e-24, 1.18409220942e-23, 1.09294485385e-23, 1.51837517345e-23, 1.53388654543e-23],
        "stdev": [1.3905758351e-05, 0.000183989919606, 0.000824475544505, 0.00068959890632, 0.000561868248042, 0.000514540821314, 0.00109994737431, 0.00083882274339, 0.000601338688284, 0.00139759550802, 0.00107583007775, 0.00176067557186, 0.0016298488481, 0.00175411102828, 0.00143944064621, 0.00213819090277, 0.00194614217617, 0.00113261095248, 0.00286403647624, 0.000820915098302, 0.000912809744477, 0.00120078411419, 0.00162443367299, 0.00307742925361, 0.000395590090193, 0.000139219991979, 0.000134710251587, 0.000440762902144, 0.000262736168224, 9.64931750786e-05, 0.000110144290375, 0.000133752429974, 5.27952506673e-05, 0.000174590953975, 4.52839922218e-05, 4.20827782364e-05, 5.6854034483e-05, 0.000282091757981, 9.14049523999e-05, 0.000268023984972, 0.00072453264147, 3.91909343307e-05, 4.97674591315e-05, 0.000187884012121, 3.58239522029e-05, 1.44390514834e-05, 1.75865206984e-05, 4.53928041679e-05, 3.1775329262e-05, 7.00797363606e-06, 4.77631829199e-06, 6.36564254819e-06, 1.64568045875e-05, 1.85060544027e-05, 0.000105749095383, 1.86894940271e-05, 8.83328266355e-06, 3.28649389303e-06, 2.56177713709e-06, 5.97012876824e-06, 1.44794933021e-06, 1.39804899391e-06, 6.70446524964e-06, 1.04808514152e-05, 3.22306300404e-06, 2.4470596145e-06, 2.34802996602e-06, 4.7801099754e-06, 1.33525700221e-05, 2.02592909773e-05, 1.23986246763e-05, 5.96417203269e-06, 1.08008714506e-06, 1.07507094071e-06, 7.8657103586e-07, 1.44670525515e-06, 6.08505331456e-07, 3.55048371148e-07, 1.56928493311e-07, 9.83732704185e-08, 3.58457953098e-07, 3.99696858722e-07, 1.00236491107e-06, 1.85301914257e-07, 2.20165460973e-07, 1.63516801877e-07, 8.61450502043e-08, 5.32199813108e-08, 3.7585238033e-08, 2.22558877994e-08, 1.65086948556e-08, 1.53765782329e-08, 1.1560127966e-08, 1.58147859253e-08, 1.02464978724e-08, 1.13316200867e-08, 1.09538760285e-08, 7.8276283233e-09, 5.1732835793e-09, 4.26321289382e-09, 3.68336761092e-09, 3.08994541065e-09, 2.41843989279e-09, 1.88130355738e-09, 3.60417334866e-10, 3.53573420542e-11, 3.38217370777e-11, 3.2205696443e-11, 3.09089455419e-11, 2.98371223562e-11, 2.89143414073e-11, 2.77079262312e-11, 2.67265185677e-11, 2.56013665129e-11, 2.47803895459e-11, 2.35972925228e-11, 2.29763968268e-11, 2.24845558838e-11, 2.16622171589e-11, 2.1073101597e-11, 2.04342341659e-11, 1.99632740894e-11, 1.99808433687e-11, 1.95829012728e-11, 1.90707970249e-11, 1.89574727444e-11, 1.86751603765e-11, 1.86381743372e-11]
    },
    "mfcc": {
        "mean": [-730.576049805, 181.496429443, -17.0530757904, 24.7876644135, -4.94250822067, -7.10470676422, -5.84589576721, -13.8832559586, -5.00838708878, 3.89643907547, -4.00391578674, 4.90056228638, 1.60764718056],
        "cov": [[10872.1054688, 4282.13964844, -2206.62719727, -447.33581543, -754.953491211, -831.912597656, -247.676025391, -751.392333984, -367.785797119, 114.419685364, -73.5564498901, 195.714111328, 123.856033325], [4282.13964844, 2078.32055664, -696.063415527, -235.011749268, -291.15045166, -354.541351318, -102.25352478, -332.408416748, -210.630523682, 14.8879852295, -3.31623053551, 91.3527603149, 35.4883766174], [-2206.62719727, -696.063415527, 752.87310791, 160.854232788, 168.337646484, 199.990615845, 43.6660232544, 149.861236572, 31.7738285065, -70.8084411621, 17.1031970978, -36.7342605591, -49.8631973267], [-447.33581543, -235.011749268, 160.854232788, 220.47013855, 108.038566589, 40.4458808899, -37.2319793701, 23.9820575714, 23.5341892242, -41.6411247253, -47.0250167847, -25.1162509918, -17.8494930267], [-754.953491211, -291.15045166, 168.337646484, 108.038566589, 196.416687012, 81.5674514771, -8.87764835358, 60.8341178894, 9.34792041779, -38.7548675537, -14.1725320816, -25.2330322266, -12.9668483734], [-831.912597656, -354.541351318, 199.990615845, 40.4458808899, 81.5674514771, 176.664230347, 78.3325805664, 77.623916626, 17.8252906799, 0.0216121915728, 41.9041862488, -5.45042467117, -21.8282585144], [-247.676025391, -102.25352478, 43.6660232544, -37.2319793701, -8.87764835358, 78.3325805664, 129.419967651, 51.6551246643, -3.73317956924, 33.2532539368, 43.3102035522, 14.6020288467, 4.29139566422], [-751.392333984, -332.408416748, 149.861236572, 23.9820575714, 60.8341178894, 77.623916626, 51.6551246643, 133.157058716, 45.7825889587, -11.338561058, 21.765247345, -20.3756694794, -11.4891633987], [-367.785797119, -210.630523682, 31.7738285065, 23.5341892242, 9.34792041779, 17.8252906799, -3.73317956924, 45.7825889587, 100.102882385, 26.3214111328, -13.1752977371, -5.25646686554, 2.70142459869], [114.419685364, 14.8879852295, -70.8084411621, -41.6411247253, -38.7548675537, 0.0216121915728, 33.2532539368, -11.338561058, 26.3214111328, 81.8384399414, 28.0847492218, 5.97631120682, 10.5451917648], [-73.5564498901, -3.31623053551, 17.1031970978, -47.0250167847, -14.1725320816, 41.9041862488, 43.3102035522, 21.765247345, -13.1752977371, 28.0847492218, 99.8677520752, 30.0732517242, -8.24650001526], [195.714111328, 91.3527603149, -36.7342605591, -25.1162509918, -25.2330322266, -5.45042467117, 14.6020288467, -20.3756694794, -5.25646686554, 5.97631120682, 30.0732517242, 83.3424072266, 34.6897354126], [123.856033325, 35.4883766174, -49.8631973267, -17.8494930267, -12.9668483734, -21.8282585144, 4.29139566422, -11.4891633987, 2.70142459869, 10.5451917648, -8.24650001526, 34.6897354126, 79.9745559692]],
        "icov": [[0.00162214238662, -0.00265490799211, 0.00270171207376, -0.00199080840684, 0.00185306568164, -0.00133420701604, 0.000834793434478, -0.00106453744229, 0.000795350875705, -0.000556381070055, 0.000780660600867, -0.000412061141105, -4.964276377e-05], [-0.00265490799211, 0.00567068997771, -0.00399900181219, 0.00355340959504, -0.00273895263672, 0.00366410869174, -0.0017571473727, 0.00324080372229, 9.24977721297e-05, 0.0013277187245, -0.00160621269606, 6.12392759649e-05, 0.000640524667688], [0.00270171207376, -0.00399900181219, 0.00713594630361, -0.00422398094088, 0.00317395688035, -0.00381655455567, 0.00168897327967, -0.00271837064065, 0.00186749908607, 0.000506921380293, 0.000916695862543, -0.00074370985385, 0.000375815550797], [-0.00199080840684, 0.00355340959504, -0.00422398094088, 0.0104247499257, -0.00529912486672, 0.00126450113021, 5.79158986511e-05, 0.00287327170372, -0.00222825398669, 0.00162525393534, 0.00174586416688, -0.000157827176736, 0.00120449776296], [0.00185306568164, -0.00273895263672, 0.00317395688035, -0.00529912486672, 0.0122422352433, -0.00581597117707, 0.00489335833117, -0.00516982330009, 0.00427646096796, -0.000932892144192, 0.00226412154734, -0.000367219094187, -0.00109467608854], [-0.00133420701604, 0.00366410869174, -0.00381655455567, 0.00126450113021, -0.00581597117707, 0.018024308607, -0.0101036457345, 0.00428795674816, -0.00287929177284, 0.00307820248418, -0.00587614718825, 0.000858249200974, 0.00219091586769], [0.000834793434478, -0.0017571473727, 0.00168897327967, 5.79158986511e-05, 0.00489335833117, -0.0101036457345, 0.0208835192025, -0.0120804514736, 0.00991777144372, -0.0116703789681, 0.00496512465179, -0.00528538413346, -0.000259132997598], [-0.00106453744229, 0.00324080372229, -0.00271837064065, 0.00287327170372, -0.00516982330009, 0.00428795674816, -0.0120804514736, 0.0250856690109, -0.0133977653459, 0.0132764223963, -0.00975910574198, 0.0081840204075, -0.00211308896542], [0.000795350875705, 9.24977721297e-05, 0.00186749908607, -0.00222825398669, 0.00427646096796, -0.00287929177284, 0.00991777144372, -0.0133977653459, 0.02453738451, -0.0154791157693, 0.00970584247261, -0.00753760058433, 0.00232733692974], [-0.000556381070055, 0.0013277187245, 0.000506921380293, 0.00162525393534, -0.000932892144192, 0.00307820248418, -0.0116703789681, 0.0132764223963, -0.0154791157693, 0.0292417053133, -0.0122429654002, 0.00890095066279, -0.00428242934868], [0.000780660600867, -0.00160621269606, 0.000916695862543, 0.00174586416688, 0.00226412154734, -0.00587614718825, 0.00496512465179, -0.00975910574198, 0.00970584247261, -0.0122429654002, 0.0225822236389, -0.0112813627347, 0.0060682091862], [-0.000412061141105, 6.12392759649e-05, -0.00074370985385, -0.000157827176736, -0.000367219094187, 0.000858249200974, -0.00528538413346, 0.0081840204075, -0.00753760058433, 0.00890095066279, -0.0112813627347, 0.0225670598447, -0.0101248864084], [-4.964276377e-05, 0.000640524667688, 0.000375815550797, 0.00120449776296, -0.00109467608854, 0.00219091586769, -0.000259132997598, -0.00211308896542, 0.00232733692974, -0.00428242934868, 0.0060682091862, -0.0101248864084, 0.0184341538697]]
    },
    "spectral_contrast_coeffs": {
        "max": [-0.460347414017, -0.512282669544, -0.591187119484, -0.608222007751, -0.652862906456, -0.627933204174],
        "mean": [-0.692337691784, -0.700473845005, -0.749854505062, -0.752706229687, -0.765923321247, -0.792084932327],
        "min": [-0.965432345867, -0.964227735996, -0.95784085989, -0.95779979229, -0.960390090942, -0.958017230034],
        "stdev": [0.0936436578631, 0.0976398438215, 0.0772710293531, 0.0717323347926, 0.066172555089, 0.0355449877679]
    },
    "spectral_contrast_valleys": {
        "max": [-5.39048051834, -5.01958990097, -6.54404449463, -7.22975254059, -6.68927717209, -9.80594921112],
        "mean": [-7.08704328537, -6.82130432129, -8.06430149078, -8.55380153656, -8.79471111298, -11.8827867508],
        "min": [-26.9700717926, -27.249332428, -27.4001045227, -27.4768238068, -27.1623401642, -27.3514347076],
        "stdev": [1.43882083893, 1.61626851559, 1.41643178463, 1.28403151035, 1.07875239849, 0.772202372551]
    }
},
"rhythm": {
    "beats_count": 35,
    "beats_loudness": {
        "max": 0.113572202623,
        "mean": 0.0353966802359,
        "min": 1.80966417247e-05,
        "stdev": 0.0242266431451
    },
    "bpm": 172.265609741,
    "bpm_histogram_first_peak_bpm": 172,
    "bpm_histogram_first_peak_weight": 0,
    "bpm_histogram_second_peak_bpm": 152,
    "bpm_histogram_second_peak_spread": 0.200000047684,
    "bpm_histogram_second_peak_weight": 0.117647059262,
    "danceability": 0.810345768929,
    "onset_rate": 1.80259752274,
    "beats_loudness_band_ratio": {
        "max": [0.693086862564, 0.831778645515, 0.854034245014, 0.254557788372, 0.13029178977, 0.114748038352],
        "mean": [0.197260081768, 0.354712128639, 0.400511354208, 0.0980518907309, 0.0349572449923, 0.0164494886994],
        "min": [0.0109668402001, 0.0874306336045, 0.00964370183647, 0.000187481928151, 0.00110939575825, 0.000227580036153],
        "stdev": [0.191490501165, 0.234096378088, 0.250982284546, 0.0650509223342, 0.0322239622474, 0.0281154252589]
    },
    "beats_position": [0.371519267559, 0.754648506641, 1.16099774837, 1.55573689938, 1.95047616959, 2.34521532059, 2.73995471001, 3.08825397491, 3.43655323982, 3.79646253586, 4.15637159348, 4.5046710968, 4.85297060013, 5.20126962662, 5.56117916107, 5.92108821869, 6.29260778427, 6.66412687302, 7.03564596176, 7.40716552734, 7.74385452271, 8.09215450287, 8.44045352936, 8.78875255585, 9.12544155121, 9.45052146912, 9.75238037109, 10.077460289, 10.4025392532, 10.7508392334, 11.0991382599, 11.4474372864, 11.7841272354, 12.1208162308, 12.445895195],
