{
"metadata": {
    "version": {
        "essentia": "2.1-beta5",
        "essentia_git_sha": "Undefined",
        "extractor": "music 2.0"
    },
    "audio_properties": {
        "analysis": {
            "equal_loudness": 0,
            "length": 12.7477550507,
            "sample_rate": 44100,
            "start_time": 0,
            "downmix": "mix"
        },
        "bit_rate": 192000,
        "length": 172.884185791,
        "lossless": 0,
        "number_channels": 2,
        "replay_gain": 3.85617256165,
        "sample_rate": 48000,
        "codec": "mp3",
        "md5_encoded": "b7e356ca3afa0cf733e81b38e78acbe2"
    },
    "tags": {
        "file_name": "United KingdomUK_Say Wonderful Things_Ronnie Carroll.mp3",
        "encoding": ["Lavf58.29.100"]
    }
},
"lowlevel": {
    "average_loudness": 0.932009100914,
    "barkbands_crest": {
        "max": 26.9036464691,
        "mean": 10.6878452301,
        "min": 2.50565934181,
        "stdev": 4.61962604523
    },
    "barkbands_flatness_db": {
        "max": 0.654806852341,
        "mean": 0.175966858864,
        "min": 0.0261526741087,
        "stdev": 0.0675373449922
    },
    "barkbands_kurtosis": {
        "max": 11081.3457031,
        "mean": 36.7042236328,
        "min": -1.84078657627,
        "stdev": 507.938751221
    },
    "barkbands_skewness": {
        "max": 100.719665527,
        "mean": 1.75629532337,
        "min": -2.83118700981,
        "stdev": 5.43937778473
    },
    "barkbands_spread": {
        "max": 111.075904846,
        "mean": 17.0270805359,
        "min": 0.0476013571024,
        "stdev": 25.1940822601
    },
    "dissonance": {
        "max": 0.499808758497,
        "mean": 0.42520943284,
        "min": 0.0843313261867,
        "stdev": 0.0506680160761
    },
    "dynamic_complexity": 3.62360358238,
    "erbbands_crest": {
        "max": 29.7332439423,
        "mean": 10.9028406143,
        "min": 2.42261815071,
        "stdev": 5.17612457275
    },
    "erbbands_flatness_db": {
        "max": 0.392788559198,
        "mean": 0.19825334847,
        "min": 0.048002127558,
        "stdev": 0.0672998428345
    },
    "erbbands_kurtosis": {
        "max": 34.7782287598,
        "mean": 2.12105703354,
        "min": -1.53897643089,
        "stdev": 3.75456404686
    },
    "erbbands_skewness": {
        "max": 3.03766036034,
        "mean": 0.806591749191,
        "min": -1.39523410797,
        "stdev": 0.779715538025
    },
    "erbbands_spread": {
        "max": 182.442077637,
        "mean": 25.6728076935,
        "min": 1.44697737694,
        "stdev": 20.2267112732
    },
    "hfc": {
        "max": 59.6489562988,
        "mean": 15.4790363312,
        "min": 1.20481185559e-16,
        "stdev": 10.846570015
    },
    "loudness_ebu128": {
        "integrated": -27.5311489105,
        "loudness_range": 3.80863189697,
        "momentary": {
            "max": -24.4568538666,
            "mean": -29.0663108826,
            "min": -44.8662796021,
            "stdev": 4.07911109924
        },
        "short_term": {
            "max": -26.1149845123,
            "mean": -27.7781791687,
            "min": -32.1702651978,
            "stdev": 1.40313494205
        }
    },
    "melbands_crest": {
        "max": 39.988735199,
        "mean": 14.1506967545,
        "min": 1.87936758995,
        "stdev": 5.71894788742
    },
    "melbands_flatness_db": {
        "max": 0.645491778851,
        "mean": 0.245167955756,
        "min": 0.00623471802101,
        "stdev": 0.0720431953669
    },
    "melbands_kurtosis": {
        "max": 23607.3828125,
        "mean": 70.6029281616,
        "min": -1.10859572887,
        "stdev": 1051.0748291
    },
    "melbands_skewness": {
        "max": 146.331436157,
        "mean": 2.34184169769,
        "min": -2.22643470764,
        "stdev": 7.52501249313
    },
    "melbands_spread": {
        "max": 134.757888794,
        "mean": 17.75066185,
        "min": 0.039321705699,
        "stdev": 21.3698101044
    },
    "pitch_salience": {
        "max": 0.853832960129,
        "mean": 0.548407673836,
        "min": 0.00231768819503,
        "stdev": 0.127725765109
    },
    "silence_rate_20dB": {
        "max": 1,
        "mean": 1,
        "min": 1,
        "stdev": 0
    },
    "silence_rate_30dB": {
        "max": 1,
        "mean": 0.998181819916,
        "min": 0,
        "stdev": 0.0426011830568
    },
    "silence_rate_60dB": {
        "max": 1,
        "mean": 0.119999997318,
        "min": 0,
        "stdev": 0.32496213913
    },
    "spectral_centroid": {
        "max": 10960.3808594,
        "mean": 992.091125488,
        "min": 220.904769897,
        "stdev": 880.76159668
    },
    "spectral_complexity": {
        "max": 26,
        "mean": 13.1890907288,
        "min": 0,
        "stdev": 5.534740448
    },
    "spectral_decrease": {
        "max": -2.34851057147e-30,
        "mean": -7.30810656435e-09,
        "min": -2.87697350387e-08,
        "stdev": 4.89949325555e-09
    },
    "spectral_energy": {
        "max": 0.112042345107,
        "mean": 0.0289864484221,
        "min": 1.09368633135e-20,
        "stdev": 0.0192721951753
    },
    "spectral_energyband_high": {
        "max": 0.00237922975793,
        "mean": 0.000164621160366,
        "min": 7.76822276913e-21,
        "stdev": 0.000291092088446
    },
    "spectral_energyband_low": {
        "max": 0.0649114027619,
        "mean": 0.00505197281018,
        "min": 6.98770339272e-23,
        "stdev": 0.0095894979313
    },
    "spectral_energyband_middle_high": {
        "max": 0.0580361932516,
        "mean": 0.00504398485646,
        "min": 1.63784820804e-21,
        "stdev": 0.00679410202429
    },
    "spectral_energyband_middle_low": {
        "max": 0.0886296853423,
        "mean": 0.0193940401077,
        "min": 1.97497196747e-22,
        "stdev": 0.0156881902367
    },
    "spectral_entropy": {
        "max": 9.78199672699,
        "mean": 7.12093400955,
        "min": 5.92438936234,
        "stdev": 0.657942771912
    },
    "spectral_flux": {
        "max": 0.277067989111,
        "mean": 0.0739075914025,
        "min": 1.04579456206e-10,
        "stdev": 0.0416574217379
    },
    "spectral_kurtosis": {
        "max": 34.337310791,
        "mean": 9.13706016541,
        "min": -1.12009322643,
        "stdev": 5.80836677551
    },
    "spectral_rms": {
        "max": 0.0104551231489,
        "mean": 0.00490213837475,
        "min": 3.26651357872e-12,
        "stdev": 0.00206119799986
    },
    "spectral_rolloff": {
        "max": 18927.6855469,
        "mean": 1820.18408203,
        "min": 21.533203125,
        "stdev": 3256.01977539
    },
    "spectral_skewness": {
        "max": 4.35870504379,
        "mean": 2.23352384567,
        "min": -0.0142589490861,
        "stdev": 0.740530014038
    },
    "spectral_spread": {
        "max": 38061748,
        "mean": 4104210.5,
        "min": 1628263.125,
        "stdev": 2849065.5
    },
    "spectral_strongpeak": {
        "max": 6.74494504929,
        "mean": 1.27142179012,
        "min": 0,
        "stdev": 1.20026707649
    },
    "zerocrossingrate": {
        "max": 0.5908203125,
        "mean": 0.0611772015691,
        "min": 0,
        "stdev": 0.0848042815924
    },
    "barkbands": {
        "max": [0.000325321452692, 0.0342866033316, 0.0342404544353, 0.0108756171539, 0.0482828691602, 0.0479399822652, 0.0313074700534, 0.0360514558852, 0.0531578585505, 0.0356305390596, 0.048352304846, 0.0149700986221, 0.00513458624482, 0.00232278485782, 0.0023780670017, 0.00189188285731, 0.00111373024993, 0.000811345118564, 0.00173994724173, 0.00166121451184, 0.000939106801525, 0.00115348293912, 0.00104515685234, 0.000132109489641, 0.000123332807561, 9.34295530897e-05, 7.06587015884e-05],
        "mean": [1.52028642333e-05, 0.00375350005925, 0.00106050737668, 0.000589846284129, 0.00396285718307, 0.00480486219749, 0.00347615219653, 0.00289685325697, 0.00284665636718, 0.00261807208881, 0.00117849034723, 0.000458606373286, 0.000357380980859, 0.000140173113323, 0.000248240190558, 0.000136772185215, 0.000108608415758, 7.28553786757e-05, 7.47361118556e-05, 4.52663443866e-05, 3.63036997442e-05, 4.48419668828e-05, 2.20853671635e-05, 1.22020892377e-05, 1.15569964692e-05, 9.26033044379e-06, 4.60132059743e-06],
        "min": [1.96447002001e-23, 2.66844381203e-23, 3.03353589649e-23, 6.4947541527e-24, 7.34062019797e-23, 2.53561162628e-23, 8.03238131877e-24, 4.87252654548e-23, 2.64257043652e-23, 4.02479263535e-23, 1.42064698244e-22, 8.77983507285e-23, 1.75883341955e-22, 1.02195832177e-22, 1.58656563539e-22, 1.52915650389e-22, 1.98862241658e-22, 2.26206028655e-22, 1.72143131523e-22, 2.95555989902e-22, 4.30050412868e-22, 7.74726234361e-22, 6.17785474845e-22, 8.41961720215e-22, 1.36537560089e-21, 1.91215824263e-21, 2.09349315618e-21],
        "stdev": [3.39959951816e-05, 0.00677511375397, 0.00408968934789, 0.00130582856946, 0.00562018016353, 0.00637545296922, 0.00451884046197, 0.00546463998035, 0.00701377820224, 0.00401563197374, 0.00383934099227, 0.00113502226304, 0.000513071136083, 0.000198905501748, 0.000331644230755, 0.000216833388549, 0.000138335250085, 8.8358479843e-05, 0.000129002073663, 0.000114846392535, 8.48300260259e-05, 0.000133062974783, 7.51683110138e-05, 2.21836362471e-05, 2.43645681621e-05, 2.03734070965e-05, 9.95137816062e-06]
    },
    "erbbands": {
        "max": [0.944277644157, 10.0203170776, 46.5615386963, 21.118844986, 48.3731231689, 223.350402832, 532.974609375, 417.705200195, 460.782287598, 994.479248047, 817.954284668, 1702.04418945, 927.50769043, 1730.94067383, 1962.66235352, 338.344909668, 236.821029663, 130.884017944, 105.803611755, 166.17288208, 43.5596847534, 51.3086166382, 49.8996505737, 74.8317489624, 39.5224723816, 59.7068557739, 68.9688568115, 49.8588943481, 57.6637420654, 23.9458675385, 33.5020294189, 9.39507770538, 2.41244053841, 1.45109450817, 0.929184615612, 0.451959758997, 0.192379593849, 0.122380405664, 0.00781969353557, 0.000278476130916],
        "mean": [0.0707050636411, 0.966532409191, 1.59392166138, 1.42591249943, 4.78899288177, 15.7331638336, 29.9586467743, 40.4567451477, 48.1362762451, 70.4088516235, 46.6777305603, 81.6782073975, 61.4673309326, 74.6096191406, 45.6120109558, 21.0950908661, 18.6545944214, 7.73557806015, 11.0079612732, 13.0557870865, 6.5317196846, 5.10444498062, 4.55497264862, 4.00172805786, 3.08071184158, 1.94945979118, 1.44776570797, 2.00520586967, 1.64296102524, 0.819450557232, 0.61857932806, 0.321229547262, 0.194171145558, 0.134413480759, 0.0804127082229, 0.0422528982162, 0.0168127771467, 0.00796230137348, 0.000460757612018, 4.17803385062e-05],
        "min": [1.09134930378e-21, 5.23453583725e-21, 3.11463518235e-20, 2.76990992389e-20, 1.0641261759e-19, 2.60875730448e-19, 4.11046027959e-19, 1.28952817531e-19, 1.3172909416e-19, 3.32464438453e-19, 1.08638758366e-18, 7.37151050165e-19, 9.96684705919e-19, 3.34745725035e-18, 4.58948465653e-18, 3.90156486318e-18, 6.54772515531e-18, 6.9622154341e-18, 4.55845132149e-18, 8.88275841724e-18, 1.02268425402e-17, 1.24134134258e-17, 9.12019813053e-18, 1.03384242418e-17, 1.46475869013e-17, 1.24072625108e-17, 1.81451464135e-17, 1.88545067283e-17, 2.58856246531e-17, 2.15452822476e-17, 1.65084587294e-17, 1.75613388808e-17, 1.51602420121e-17, 1.23383426493e-17, 1.10801207011e-17, 5.71869910281e-18, 4.04885305664e-18, 1.25784010096e-18, 2.99666649617e-19, 3.0316983706e-20],
        "stdev": [0.140676558018, 1.76732456684, 5.34497499466, 2.7578561306, 7.33051729202, 26.3880119324, 52.7406196594, 52.40832901, 52.9958572388, 131.867996216, 87.9245223999, 208.001708984, 90.5502243042, 162.229980469, 127.622467041, 35.7652015686, 23.5219841003, 10.7593002319, 13.2837848663, 24.3008289337, 7.13420820236, 5.88075208664, 5.46025848389, 6.08596229553, 4.19236183167, 3.76091265678, 4.13554191589, 5.45412349701, 4.82633972168, 2.21631264687, 2.22440981865, 0.762255072594, 0.363246828318, 0.279219329357, 0.176041945815, 0.0939759463072, 0.0369813926518, 0.0167592689395, 0.00104274821933, 2.5867137083e-05]
    },
    "gfcc": {
        "mean": [-42.1169624329, 109.531440735, -113.925315857, -3.2267203331, -62.7374305725, -4.09127855301, -30.3107948303, 3.40002441406, -18.6859493256, 2.649102211, -12.2694654465, 8.43190860748, -6.53801202774],
        "cov": [[15408.0634766, 3721.06005859, -1390.4029541, -211.268493652, -752.73840332, -710.338134766, -367.266204834, -291.223754883, -157.135055542, -260.463287354, -127.926841736, -47.8740959167, -42.8484725952], [3721.06005859, 2518.65698242, -995.855102539, -422.704681396, -204.055969238, -468.59954834, 75.9750976562, -240.951416016, 16.0014057159, -186.21875, 99.8557891846, 51.8916397095, 80.8731536865], [-1390.4029541, -995.855102539, 990.385559082, 454.68862915, 401.946594238, 358.174163818, -18.3193244934, 247.387466431, -11.801243782, 158.036529541, -19.1116161346, -3.42255783081, -45.6524581909], [-211.268493652, -422.704681396, 454.68862915, 596.16595459, 226.934921265, 171.404373169, 46.606174469, 116.070266724, 87.5236968994, 63.9667663574, -34.7463760376, -27.2537097931, -1.07334494591], [-752.73840332, -204.055969238, 401.946594238, 226.934921265, 503.056518555, 165.471466064, 61.6729927063, 244.088394165, 13.6115274429, 133.17477417, 35.2660980225, 24.2710494995, 25.5952739716], [-710.338134766, -468.59954834, 358.174163818, 171.404373169, 165.471466064, 309.561889648, 85.7359695435, 115.911315918, 19.5236644745, 64.8195114136, -20.0729942322, -9.61516094208, -18.0460453033], [-367.266204834, 75.9750976562, -18.3193244934, 46.606174469, 61.6729927063, 85.7359695435, 210.723846436, 50.1023864746, 62.3210868835, 6.67480611801, 13.0416765213, 8.14910411835, 2.58779025078], [-291.223754883, -240.951416016, 247.387466431, 116.070266724, 244.088394165, 115.911315918, 50.1023864746, 220.091659546, 28.8733272552, 85.5451431274, 19.3411006927, 7.46011543274, 7.24879980087], [-157.135055542, 16.0014057159, -11.801243782, 87.5236968994, 13.6115274429, 19.5236644745, 62.3210868835, 28.8733272552, 127.155395508, 24.1089553833, 0.753100574017, 4.68430709839, 12.6541128159], [-260.463287354, -186.21875, 158.036529541, 63.9667663574, 133.17477417, 64.8195114136, 6.67480611801, 85.5451431274, 24.1089553833, 117.875831604, 26.413936615, 8.92159748077, 7.30973577499], [-127.926841736, 99.8557891846, -19.1116161346, -34.7463760376, 35.2660980225, -20.0729942322, 13.0416765213, 19.3411006927, 0.753100574017, 26.413936615, 116.87122345, 53.6124420166, 16.0376777649], [-47.8740959167, 51.8916397095, -3.42255783081, -27.2537097931, 24.2710494995, -9.61516094208, 8.14910411835, 7.46011543274, 4.68430709839, 8.92159748077, 53.6124420166, 82.1688156128, 33.7344093323], [-42.8484725952, 80.8731536865, -45.6524581909, -1.07334494591, 25.5952739716, -18.0460453033, 2.58779025078, 7.24879980087, 12.6541128159, 7.30973577499, 16.0376777649, 33.7344093323, 69.6276855469]],
        "icov": [[0.000263496156549, -0.000626344175544, 0.000365454034181, -0.000714431982487, 0.000958361837547, -0.00042683511856, 0.000797375920229, -0.00124811264686, 0.000887406175025, -0.000869069888722, 0.000899051665328, -0.000887223694008, 0.000908376299776], [-0.000626344175544, 0.00235756207258, -0.000277331273537, 0.00181034125853, -0.00310005922802, 0.00170395884197, -0.00230168132111, 0.00360381742939, -0.0023392685689, 0.00286115985364, -0.00267572281882, 0.00228559086099, -0.0023524153512], [0.000365454034181, -0.000277331273537, 0.00500368420035, -0.00297027686611, 9.42274637055e-05, -0.00301549048163, 0.00289579154924, -0.00267701665871, 0.00278313574381, -0.00234129466116, 0.00171452783979, -0.0035646695178, 0.00420900480822], [-0.000714431982487, 0.00181034125853, -0.00297027686611, 0.00562513852492, -0.00366220530123, 0.00164568703622, -0.00259479763918, 0.00461925705895, -0.00537042180076, 0.00382292130962, -0.00258193234913, 0.00452901050448, -0.00403978582472], [0.000958361837547, -0.00310005922802, 9.42274637055e-05, -0.00366220530123, 0.0100455190986, -0.00181466643699, 0.00212869653478, -0.00951378792524, 0.00556236645207, -0.00622468348593, 0.00352293788455, -0.00383121031336, 0.00163145188708], [-0.00042683511856, 0.00170395884197, -0.00301549048163, 0.00164568703622, -0.00181466643699, 0.00872763060033, -0.00517168128863, 0.00215351278894, -0.00136388686951, 0.00126968906261, -0.000659935292788, 0.00220132479444, -0.00209646299481], [0.000797375920229, -0.00230168132111, 0.00289579154924, -0.00259479763918, 0.00212869653478, -0.00517168128863, 0.0105436993763, -0.00508560752496, -0.000210450278246, -0.00122728256974, 0.0020155441016, -0.0036633098498, 0.0045151761733], [-0.00124811264686, 0.00360381742939, -0.00267701665871, 0.00461925705895, -0.00951378792524, 0.00215351278894, -0.00508560752496, 0.0180506743491, -0.00663503445685, 0.00320298946463, -0.00542420754209, 0.00599068263546, -0.00505623500794], [0.000887406175025, -0.0023392685689, 0.00278313574381, -0.00537042180076, 0.00556236645207, -0.00136388686951, -0.000210450278246, -0.00663503445685, 0.0157107971609, -0.00726444087923, 0.00449353642762, -0.00494596967474, 0.00257421587594], [-0.000869069888722, 0.00286115985364, -0.00234129466116, 0.00382292130962, -0.00622468348593, 0.00126968906261, -0.00122728256974, 0.00320298946463, -0.00726444087923, 0.0191868748516, -0.00716016674414, 0.00564170023426, -0.00478303013369], [0.000899051665328, -0.00267572281882, 0.00171452783979, -0.00258193234913, 0.00352293788455, -0.000659935292788, 0.0020155441016, -0.00542420754209, 0.00449353642762, -0.00716016674414, 0.0174199901521, -0.0126263126731, 0.00580923864618], [-0.000887223694008, 0.00228559086099, -0.0035646695178, 0.00452901050448, -0.00383121031336, 0.00220132479444, -0.0036633098498, 0.00599068263546, -0.00494596967474, 0.00564170023426, -0.0126263126731, 0.0262050088495, -0.0134581429884], [0.000908376299776, -0.0023524153512, 0.00420900480822, -0.00403978582472, 0.00163145188708, -0.00209646299481, 0.0045151761733, -0.00505623500794, 0.00257421587594, -0.00478303013369, 0.00580923864618, -0.0134581429884, 0.0247830469161]]
    },
    "melbands": {
        "max": [0.00967495888472, 0.0193460397422, 0.00401483988389, 0.00906853377819, 0.0154355214909, 0.00887426827103, 0.00704109063372, 0.00950603187084, 0.00550709059462, 0.00993521977216, 0.00468025822192, 0.00706238299608, 0.00707242218778, 0.00195042346604, 0.000708204868715, 0.000332604628056, 0.000288282870315, 0.000165184013895, 0.000231006968534, 0.000189746628166, 4.84057163703e-05, 4.59141992906e-05, 7.14658235665e-05, 4.59269758721e-05, 6.81642559357e-05, 6.72410387779e-05, 5.48794741917e-05, 2.97570841212e-05, 7.38798698876e-05, 9.88346346276e-06, 4.65158445877e-05, 5.16607615282e-05, 1.90275732166e-05, 1.14520435091e-05, 1.63950207934e-05, 2.01692491828e-05, 2.32932211475e-06, 1.92960055756e-06, 1.2014298818e-06, 1.50518110331e-06],
        "mean": [0.00089288543677, 0.000981663702987, 0.000337516336003, 0.000708361214492, 0.00102687522303, 0.000912622432224, 0.000721426156815, 0.000766173470765, 0.000365073472494, 0.000490261416417, 0.000293247256195, 0.00031136002508, 0.000166094381711, 5.95420387981e-05, 5.31279947609e-05, 2.8412165193e-05, 1.28983192553e-05, 1.7551399651e-05, 1.53509317897e-05, 1.51463718794e-05, 6.52682501823e-06, 5.00713531437e-06, 5.86273517911e-06, 3.19882087751e-06, 3.2466873563e-06, 2.68299777417e-06, 1.61620823746e-06, 1.19611615901e-06, 1.07806715732e-06, 6.32245075849e-07, 1.43032252709e-06, 1.10347843929e-06, 5.75457079321e-07, 3.94953332261e-07, 3.47270145085e-07, 3.0684924468e-07, 1.64423596516e-07, 1.39770349961e-07, 1.13491772424e-07, 1.13566294146e-07],
        "min": [9.21428743685e-24, 1.24444432852e-23, 7.12318835993e-24, 1.26535079912e-23, 1.4361788648e-23, 3.19986812555e-24, 1.68786197838e-24, 5.90721291707e-24, 7.76396192944e-24, 4.3497001453e-24, 4.82991369933e-24, 1.26512423827e-23, 1.92362674665e-23, 1.00801072454e-23, 1.43064800322e-23, 1.54335981827e-23, 1.21648694027e-23, 5.47191394754e-24, 1.3633179361e-23, 1.04022393849e-23, 1.18170795622e-23, 1.35522516985e-23, 7.56213186684e-24, 1.00576602083e-23, 7.91863783143e-24, 7.82980341603e-24, 1.24186727772e-23, 6.68908924784e-24, 1.23731121156e-23, 8.6674522128e-24, 1.22423221329e-23, 1.65318203582e-23, 1.3248063778e-23, 1.11261178731e-23, 8.58095361454e-24, 9.6207795727e-24, 1.15448610188e-23, 1.07801274243e-23, 9.73306130079e-24, 1.02104302224e-23],
        "stdev": [0.00164248479996, 0.00234989495948, 0.000604179047514, 0.00105105375405, 0.00163153745234, 0.00114785891492, 0.000809087068774, 0.00143813504837, 0.000726857222617, 0.00125073699746, 0.000435301393736, 0.000680549477693, 0.000518237822689, 0.000152557651745, 7.45747238398e-05, 3.76948009944e-05, 2.06009026442e-05, 2.25195854e-05, 2.36019914155e-05, 2.68943640549e-05, 7.37043956178e-06, 5.8206273934e-06, 8.94573349797e-06, 4.30340469393e-06, 5.46712635696e-06, 5.12854103363e-06, 2.97047790809e-06, 2.33345554079e-06, 4.18647732658e-06, 1.21906464301e-06, 4.49189838037e-06, 3.71106148123e-06, 1.74064211933e-06, 1.09241466362e-06, 1.16098340186e-06, 1.29875024868e-06, 3.11601979774e-07, 2.69925209295e-07, 2.22908198566e-07, 2.47818491061e-07]
    },
    "melbands128": {
        "max": [0.00030566289206, 0.0052537843585, 0.0177182853222, 0.0217070095241, 0.0300962403417, 0.0149476472288, 0.00427549146116, 0.00648078182712, 0.00602695392445, 0.0124263484031, 0.0150863267481, 0.0179031938314, 0.0255298689008, 0.0158565491438, 0.0129513274878, 0.0117740146816, 0.00751971872523, 0.0134256808087, 0.00701608601958, 0.0194734856486, 0.0136134875938, 0.0131800789386, 0.00698119960725, 0.00980618502945, 0.0213494375348, 0.0134272398427, 0.00480318814516, 0.00740370200947, 0.00728266127408, 0.0102713722736, 0.0111736664549, 0.0148325720802, 0.0121539980173, 0.0072408313863, 0.00481076259166, 0.00159283482935, 0.000814596307464, 0.000981778139248, 0.00134015770163, 0.000710242660716, 0.000566882663406, 0.000568748160731, 0.00047504180111, 0.000311594689265, 0.000278418650851, 0.000351895781932, 0.000273900164757, 0.000187244906556, 0.000430427520769, 0.000542407913599, 0.000202645329409, 9.83897989499e-05, 0.00010001641931, 7.20552125131e-05, 0.000166071869899, 5.74393707211e-05, 8.11308855191e-05, 0.00015507680655, 6.25676475465e-05, 5.98003571213e-05, 7.78958274168e-05, 8.54505487951e-05, 7.37488735467e-05, 3.87499894714e-05, 0.00028727503377, 2.75794864137e-05, 3.96896029997e-05, 1.94756012206e-05, 7.50970721128e-05, 0.000135991343996, 9.26993379835e-06, 1.17106492326e-05, 0.000186657925951, 5.77909777348e-05, 1.25122351164e-05, 1.06793295345e-05, 1.09299726319e-05, 4.16727016272e-05, 8.70667863637e-05, 0.000102096244518, 0.0001008730178, 3.77360229322e-05, 4.05263017456e-05, 2.29174675042e-05, 1.50770010805e-05, 1.52546363097e-05, 1.15925849968e-05, 1.03254606074e-05, 1.32187533382e-05, 1.89927632164e-05, 5.56000777578e-05, 6.45741783956e-06, 3.66395875062e-06, 2.48422497862e-06, 2.6039695058e-06, 2.56237694884e-06, 2.84643761006e-06, 1.80874155831e-06, 1.63031484135e-06, 2.40522695094e-06, 1.6830919094e-06, 2.21911136578e-06, 1.53836651862e-06, 1.19440096569e-06, 1.6378418195e-06, 1.32858963298e-06, 9.29185262066e-07, 1.0690828276e-06, 9.66610286923e-07, 1.43374995787e-06, 9.3127027867e-07, 9.94088168227e-07, 9.98723976409e-07, 6.21562605829e-07, 5.53255404157e-07, 1.14601448331e-06, 2.18924583351e-06, 5.00558940075e-07, 4.12907098735e-07, 2.46891602274e-07, 2.69113627382e-07, 2.78785819319e-07, 1.94536980302e-07, 1.11461311292e-08, 1.0912426518e-08, 1.0780210502e-08, 1.07092459345e-08, 1.06522781707e-08],
        "mean": [1.31246779347e-05, 0.000307482754579, 0.00145224202424, 0.00166811211966, 0.00105372082908, 0.000416291353758, 0.000232371821767, 0.000335437187459, 0.000440641306341, 0.000652057002299, 0.000925472239032, 0.00102988560684, 0.00101643893868, 0.0010797965806, 0.00100446213037, 0.000756684516091, 0.000759769289289, 0.000780031783506, 0.000533454178367, 0.000943058053963, 0.000832518562675, 0.000359777390258, 0.000265549257165, 0.00034078504541, 0.00076254789019, 0.000427690130891, 0.000164393946761, 0.000367829285096, 0.000249092059676, 0.000462259486085, 0.000259478169028, 0.000159968578373, 0.000211349935853, 0.000142383461935, 4.55570043414e-05, 4.61600357085e-05, 5.75515150558e-05, 4.75989872939e-05, 6.21742656222e-05, 4.07909064961e-05, 1.90881528397e-05, 1.10690043584e-05, 1.12871402962e-05, 1.48864446601e-05, 1.39431531352e-05, 2.09157897189e-05, 1.98849611479e-05, 6.86289058649e-06, 1.62859832926e-05, 2.8226424547e-05, 1.07923533506e-05, 9.45322699408e-06, 5.18003207617e-06, 6.39939617031e-06, 7.00025839251e-06, 3.26951931129e-06, 3.99861573896e-06, 9.24112282519e-06, 4.89504964207e-06, 3.01283535009e-06, 3.38307859238e-06, 2.80238305095e-06, 3.59185673915e-06, 2.82741666524e-06, 3.92522633774e-06, 2.20669721784e-06, 2.81132679447e-06, 1.40392262438e-06, 1.41451073432e-06, 1.78145694463e-06, 9.68194626694e-07, 8.26513144148e-07, 1.8128737338e-06, 9.63623620009e-07, 5.25500922777e-07, 5.57005080282e-07, 5.82845416375e-07, 1.09968414108e-06, 1.45995431922e-06, 2.04667139769e-06, 1.2923541135e-06, 5.95237111156e-07, 7.31942122911e-07, 5.90158379055e-07, 4.70421127829e-07, 4.31171741866e-07, 3.65130233604e-07, 3.24329704426e-07, 3.18334002714e-07, 3.25441675386e-07, 5.38773917924e-07, 1.9770527615e-07, 1.62961939054e-07, 1.71266549387e-07, 1.61486894967e-07, 1.37845788117e-07, 1.45121148876e-07, 1.24855958461e-07, 1.07148110828e-07, 1.11510281897e-07, 1.17696750124e-07, 1.19183532377e-07, 1.00174432305e-07, 9.44458378171e-08, 9.54064347525e-08, 8.2297972881e-08, 7.80374733722e-08, 8.03801967209e-08, 7.54044862106e-08, 6.65563177904e-08, 6.1760452752e-08, 5.79191841155e-08, 5.02514332368e-08, 4.51573036742e-08, 4.02578557157e-08, 7.08896621404e-08, 1.12053662349e-07, 3.12907886268e-08, 2.10788329014e-08, 1.02585593353e-08, 4.5338945931e-09, 2.06428540928e-09, 1.31900479428e-09, 4.191844441e-11, 2.49708777961e-11, 2.36817006977e-11, 2.29884583591e-11, 2.27916800016e-11],
        "min": [1.08718009501e-23, 1.11156552109e-23, 6.74688593092e-24, 8.78252966393e-24, 1.61168590117e-23, 1.37067863944e-23, 4.52242281822e-24, 3.97688487592e-24, 1.27140183558e-23, 1.03508545633e-23, 1.55900182562e-23, 1.69443457023e-23, 1.77297119537e-23, 6.12497639223e-24, 2.91698319658e-24, 6.95086494923e-25, 2.4783004082e-24, 2.07602986148e-24, 4.66791184332e-25, 1.56119576612e-24, 9.12733445471e-24, 1.74808515817e-23, 4.54430739745e-24, 2.5956556952e-24, 6.13929303437e-24, 4.16755176785e-24, 2.84832153225e-24, 4.68570440382e-24, 6.89307842273e-24, 5.78278628092e-24, 9.49340930208e-24, 3.62960897835e-23, 2.1700449631e-23, 4.78179042309e-24, 1.52019775769e-23, 1.03048182186e-23, 4.56404035856e-24, 1.61680182191e-23, 2.12468656546e-23, 8.39923319413e-24, 1.3781917507e-23, 2.6651211299e-23, 1.15079155071e-23, 5.2576167272e-24, 6.98669885724e-24, 3.00071230141e-24, 8.14248973506e-24, 1.29153885125e-23, 2.01408069348e-23, 7.43052541316e-24, 6.55701736622e-24, 1.61280939687e-23, 1.32473001606e-23, 6.82358293243e-24, 1.50675020361e-23, 1.41781292075e-23, 1.59549453109e-23, 4.41812199591e-24, 6.72201945746e-24, 7.4922072362e-24, 8.70085889441e-24, 1.28146856847e-23, 1.41828323962e-23, 2.84410211248e-24, 5.14474769217e-24, 4.16807162719e-24, 1.13465350763e-23, 1.82301842446e-23, 9.59626887552e-24, 1.08361389152e-23, 4.46192980856e-24, 5.66953307063e-24, 1.06254057684e-23, 1.58851658307e-23, 1.13301898784e-23, 7.56958108036e-24, 8.12142951547e-24, 8.78453258177e-24, 9.41549193275e-24, 1.84659069272e-23, 2.5592974905e-23, 1.09153910372e-23, 7.21947593316e-24, 1.82534098874e-23, 1.3228270469e-23, 1.13380792763e-23, 1.17308199888e-23, 6.42722647592e-24, 6.8629833792e-24, 1.39318988977e-23, 6.13588870514e-24, 1.14416480357e-23, 8.26111074938e-24, 1.28461060146e-23, 1.14766269171e-23, 1.25418526186e-23, 9.00676022079e-24, 1.18916411173e-23, 7.08164300035e-24, 1.1215181847e-23, 1.09138006936e-23, 1.00186518254e-23, 8.70876722498e-24, 1.36446336214e-23, 1.48763263289e-23, 1.17988773857e-23, 1.24562280783e-23, 8.64630206307e-24, 7.16435901057e-24, 9.4919199327e-24, 1.28498491596e-23, 1.88072154864e-23, 1.30086807808e-23, 1.04152453347e-23, 9.694256444e-24, 1.31925824016e-23, 9.5604348689e-24, 5.75188107724e-24, 9.12854772278e-24, 1.24425657963e-23, 9.81198131233e-24, 6.09007718579e-24, 7.55152720969e-24, 7.60392571759e-24, 7.51503844852e-24, 1.55996612919e-23, 1.29340490172e-23, 1.31037740187e-23],
        "stdev": [3.1209368899e-05, 0.0006999176112, 0.00289872288704, 0.00320275058039, 0.00341386627406, 0.00147553882562, 0.000501732632983, 0.000808266922832, 0.0007862332277, 0.00116928643547, 0.00187883328181, 0.00191643438302, 0.00235661421902, 0.00198758929037, 0.00164236349519, 0.00110708118882, 0.000980452867225, 0.00132040074095, 0.000954165181611, 0.00223930366337, 0.00182383437641, 0.00109496363439, 0.000830755860079, 0.00101000606082, 0.00233288807794, 0.00125877128448, 0.000427075254265, 0.000711813278031, 0.00054572802037, 0.00101297779474, 0.000885942892637, 0.000835138314869, 0.00075500831008, 0.000446654856205, 0.000294325203868, 0.000119467185868, 0.000108972599264, 0.00011975812231, 0.000111969013233, 6.10283132119e-05, 4.53661050415e-05, 4.34928660979e-05, 2.65072903858e-05, 2.39315850195e-05, 3.07716509269e-05, 3.87799009332e-05, 3.30661969201e-05, 1.59691426234e-05, 4.0368293412e-05, 6.70135850669e-05, 2.18612458411e-05, 1.53178225446e-05, 9.70516884991e-06, 1.00889737951e-05, 1.24584848891e-05, 5.52646679353e-06, 7.6396336226e-06, 1.77724723471e-05, 8.24821199785e-06, 5.32248213858e-06, 6.28749512543e-06, 5.41000099474e-06, 6.23103869657e-06, 4.38855795437e-06, 1.90033733816e-05, 3.56002124136e-06, 5.100110684e-06, 2.07037510336e-06, 4.00696762881e-06, 6.68800748826e-06, 1.3748543779e-06, 1.30394153075e-06, 1.01563718999e-05, 3.52134679815e-06, 1.04302671389e-06, 1.12368729788e-06, 1.13451346806e-06, 3.67513780475e-06, 5.81536278332e-06, 8.65401489136e-06, 5.63786352359e-06, 2.11011570173e-06, 2.87283046418e-06, 1.82839664831e-06, 1.36624851166e-06, 1.30266641918e-06, 1.01757063931e-06, 9.7412953437e-07, 9.90394028122e-07, 1.25575843413e-06, 3.30032094098e-06, 5.71902091906e-07, 3.23459659057e-07, 3.37137748829e-07, 3.37770018177e-07, 2.92326006957e-07, 3.07119307763e-07, 2.61239961219e-07, 2.17422780224e-07, 2.46555828198e-07, 2.57026954387e-07, 2.82424281295e-07, 2.32681884427e-07, 2.12616527051e-07, 2.26437066431e-07, 1.87132812357e-07, 1.74498978822e-07, 1.85716331202e-07, 1.75756596832e-07, 1.61912097951e-07, 1.45700255416e-07, 1.42348241639e-07, 1.17157085811e-07, 1.02786771095e-07, 9.19546039313e-08, 1.48940614508e-07, 2.44840691721e-07, 7.65245431467e-08, 5.34515258721e-08, 2.93942452601e-08, 1.99887466579e-08, 1.70357434826e-08, 1.21120553587e-08, 5.21965304312e-10, 4.64701471747e-10, 4.59112942108e-10, 4.56113313785e-10, 4.53690224278e-10]
    },
    "mfcc": {
        "mean": [-688.003662109, 156.611923218, -4.94370412827, 8.04406738281, -13.7824230194, -5.86269378662, -9.08912277222, 0.25243422389, -3.16640257835, -3.38237953186, -2.2926440239, -3.39070820808, 0.860127329826],
        "cov": [[8407.12792969, 2640.64306641, -586.655456543, 269.767303467, -459.621063232, -172.543777466, -360.790344238, -45.9854888916, -142.56010437, -120.956710815, -171.33442688, -171.153091431, -37.3594017029], [2640.64306641, 2174.59912109, -713.051391602, -78.8422470093, -354.307006836, -198.181243896, -126.690643311, -13.3212060928, -155.695846558, -169.126251221, -34.7972602844, -94.4685211182, -0.776204824448], [-586.655456543, -713.051391602, 579.105163574, 118.485374451, 262.474212646, 155.488937378, 105.907592773, 39.9139976501, 86.5197067261, 58.777305603, 38.7864456177, 63.9579048157, -2.1215839386], [269.767303467, -78.8422470093, 118.485374451, 389.797943115, 224.886779785, 51.8125801086, 54.7313575745, 32.4166107178, 97.1024093628, 76.4696350098, 24.1755409241, 33.6335334778, 50.4684066772], [-459.621063232, -354.307006836, 262.474212646, 224.886779785, 524.238769531, 55.4603996277, 190.346206665, 20.1183376312, 127.235412598, 132.221847534, 33.723110199, 62.7793235779, 45.9738388062], [-172.543777466, -198.181243896, 155.488937378, 51.8125801086, 55.4603996277, 186.260971069, 55.9299087524, 52.048915863, 75.8873519897, 38.5117111206, 33.8571739197, 14.8505907059, 15.1332006454], [-360.790344238, -126.690643311, 105.907592773, 54.7313575745, 190.346206665, 55.9299087524, 236.124862671, 59.1656150818, 72.7080688477, 67.3058166504, 46.6576118469, 42.2084770203, 32.5123977661], [-45.9854888916, -13.3212060928, 39.9139976501, 32.4166107178, 20.1183376312, 52.048915863, 59.1656150818, 132.946487427, 53.3334846497, 30.457824707, 29.9911174774, 12.5728292465, 33.5202064514], [-142.56010437, -155.695846558, 86.5197067261, 97.1024093628, 127.235412598, 75.8873519897, 72.7080688477, 53.3334846497, 175.185134888, 82.8092346191, 24.5061092377, 25.7905063629, 32.7468528748], [-120.956710815, -169.126251221, 58.777305603, 76.4696350098, 132.221847534, 38.5117111206, 67.3058166504, 30.457824707, 82.8092346191, 147.972167969, 38.4188041687, 26.3463382721, 38.0290794373], [-171.33442688, -34.7972602844, 38.7864456177, 24.1755409241, 33.723110199, 33.8571739197, 46.6576118469, 29.9911174774, 24.5061092377, 38.4188041687, 91.6788406372, 30.3493099213, 12.275683403], [-171.153091431, -94.4685211182, 63.9579048157, 33.6335334778, 62.7793235779, 14.8505907059, 42.2084770203, 12.5728292465, 25.7905063629, 26.3463382721, 30.3493099213, 71.5519180298, 28.5227775574], [-37.3594017029, -0.776204824448, -2.1215839386, 50.4684066772, 45.9738388062, 15.1332006454, 32.5123977661, 33.5202064514, 32.7468528748, 38.0290794373, 12.275683403, 28.5227775574, 81.2402420044]],
        "icov": [[0.000260720757069, -0.000403355195886, -0.000302286876831, -0.000303445645841, 0.000220863264985, -9.75522016233e-06, 0.000191926621483, 2.6288222216e-05, 3.28611058649e-05, -0.000467500183731, 0.000497325963806, 6.68410793878e-05, 0.000192809427972], [-0.000403355195886, 0.0014939858811, 0.00150642450899, 0.000175212058821, -0.000353965151589, 8.75420373632e-05, -0.000413632602431, -0.000342730811099, 0.000136993534397, 0.00153204298113, -0.00114305946045, 0.000216270578676, -0.000425359263318], [-0.000302286876831, 0.00150642450899, 0.00478859245777, 1.09448737931e-05, -0.00182344159111, -0.00234207930043, 3.69043118553e-05, -0.000913516851142, 0.000576978374738, 0.00177905638702, -0.00065163441468, -0.00200367416255, 0.0015605292283], [-0.000303445645841, 0.000175212058821, 1.09448737931e-05, 0.00429318519309, -0.0019384714542, -0.000315952784149, 0.000921128259506, -0.000223494396778, -0.00099900981877, 0.000359330384526, -0.000863320892677, -5.13153063366e-05, -0.00154225004371], [0.000220863264985, -0.000353965151589, -0.00182344159111, -0.0019384714542, 0.00513848289847, 0.00134826917201, -0.00272850738838, 0.00161214591935, -0.000866018759552, -0.00230934354477, 0.00131881341804, -0.000184353193617, -0.000181910902029], [-9.75522016233e-06, 8.75420373632e-05, -0.00234207930043, -0.000315952784149, 0.00134826917201, 0.00896908063442, -0.000877408368979, -0.00102413096465, -0.00271978322417, 0.000125246078824, -0.00182206765749, 0.00207000598311, -0.000942315091379], [0.000191926621483, -0.000413632602431, 3.69043118553e-05, 0.000921128259506, -0.00272850738838, -0.000877408368979, 0.00776770478114, -0.00229177623987, -0.000318109523505, -0.000487166253151, -0.00119484891184, -0.00138808100019, 8.16685060272e-05], [2.6288222216e-05, -0.000342730811099, -0.000913516851142, -0.000223494396778, 0.00161214591935, -0.00102413096465, -0.00229177623987, 0.011048448272, -0.00217315624468, 3.29991635226e-05, -0.00181761162821, 0.00176743720658, -0.00372458971106], [3.28611058649e-05, 0.000136993534397, 0.000576978374738, -0.00099900981877, -0.000866018759552, -0.00271978322417, -0.000318109523505, -0.00217315624468, 0.01025834959, -0.00343746854924, 0.00131904135924, -0.00100373686291, 0.000299965438899], [-0.000467500183731, 0.00153204298113, 0.00177905638702, 0.000359330384526, -0.00230934354477, 0.000125246078824, -0.000487166253151, 3.29991635226e-05, -0.00343746854924, 0.0132998460904, -0.00466340128332, 0.00111841247417, -0.00344039290212], [0.000497325963806, -0.00114305946045, -0.00065163441468, -0.000863320892677, 0.00131881341804, -0.00182206765749, -0.00119484891184, -0.00181761162821, 0.00131904135924, -0.00466340128332, 0.0164958517998, -0.005961290095, 0.00280996831134], [6.68410793878e-05, 0.000216270578676, -0.00200367416255, -5.13153063366e-05, -0.000184353193617, 0.00207000598311, -0.00138808100019, 0.00176743720658, -0.00100373686291, 0.00111841247417, -0.005961290095, 0.0218827296048, -0.00734367361292], [0.000192809427972, -0.000425359263318, 0.0015605292283, -0.00154225004371, -0.000181910902029, -0.000942315091379, 8.16685060272e-05, -0.00372458971106, 0.000299965438899, -0.00344039290212, 0.00280996831134, -0.00734367361292, 0.0188184529543]]
    },
    "spectral_contrast_coeffs": {
        "max": [-0.359588980675, -0.463236868382, -0.504077136517, -0.634494185448, -0.669465959072, -0.612565875053],
        "mean": [-0.665898323059, -0.699533462524, -0.69550794363, -0.761678636074, -0.787639439106, -0.777648687363],
        "min": [-0.954464435577, -0.960607886314, -0.965517163277, -0.969604790211, -0.955118060112, -0.958849787712],
        "stdev": [0.116520375013, 0.0927810445428, 0.0863724127412, 0.0595321170986, 0.0475989170372, 0.0642871782184]
    },
    "spectral_contrast_valleys": {
        "max": [-5.12246704102, -4.83981704712, -5.57097148895, -6.96931838989, -7.13909816742, -9.31627941132],
        "mean": [-7.3334031105, -6.66828393936, -7.72431564331, -8.32603740692, -8.45696163177, -11.0609369278],
        "min": [-27.1981754303, -27.6692638397, -27.151096344, -27.2843780518, -27.4577674866, -27.2105712891],
        "stdev": [1.69854283333, 1.67963516712, 1.50694990158, 1.34402906895, 1.25172173977, 1.15358316898]
    }
},
"rhythm": {
    "beats_count": 30,
    "beats_loudness": {
        "max": 0.0923672318459,
        "mean": 0.0347651056945,
        "min": 0.000620135338977,
        "stdev": 0.0206119827926
    },
    "bpm": 147.173706055,
    "bpm_histogram_first_peak_bpm": 148,
    "bpm_histogram_first_peak_weight": 0.375,
    "bpm_histogram_second_peak_bpm": 136,
    "bpm_histogram_second_peak_spread": 0.333333313465,
    "bpm_histogram_second_peak_weight": 0.0689655169845,
    "danceability": 0.960454344749,
    "onset_rate": 1.88097131252,
    "beats_loudness_band_ratio": {
        "max": [0.868488848209, 0.628390312195, 0.79397714138, 0.8939858675, 0.0612628050148, 0.605373501778],
        "mean": [0.241005480289, 0.269983798265, 0.289389789104, 0.164396554232, 0.0223701875657, 0.0589506104589],
        "min": [0.00378775200807, 0.0246798433363, 0.0361887402833, 0.00312197091989, 0.00119834172074, 0.000677335367072],
        "stdev": [0.260609805584, 0.171063557267, 0.205003023148, 0.20285512507, 0.0146144740283, 0.15825226903]
    },
    "beats_position": [0.371519267559, 0.754648506641, 1.14938771725, 1.53251695633, 1.93886613846, 2.34521532059, 2.75156450272, 3.15791368484, 3.56426286697, 3.97061228752, 4.37696123123, 4.78331041336, 5.17804956436, 5.5727891922, 5.97913837433, 6.40870714188, 6.81505680084, 7.22140598297, 7.66258478165, 8.10376358032, 8.52172279358, 8.93968200684, 9.34603118896, 9.76399040222, 10.1703395844, 10.5766887665, 10.9946479797, 11.412607193, 11.8189563751, 12.2369155884],
