{
"metadata": {
    "version": {
        "essentia": "2.1-beta5",
        "essentia_git_sha": "Undefined",
        "extractor": "music 2.0"
    },
    "audio_properties": {
        "analysis": {
            "equal_loudness": 0,
            "length": 12.7477550507,
            "sample_rate": 44100,
            "start_time": 0,
            "downmix": "mix"
        },
        "bit_rate": 192000,
        "length": 174.045181274,
        "lossless": 0,
        "number_channels": 2,
        "replay_gain": -5.96228599548,
        "sample_rate": 48000,
        "codec": "mp3",
        "md5_encoded": "6df034531e61795cd82e7df1f75b1424"
    },
    "tags": {
        "file_name": "Belgium_Waarom_Jacques Raymond.mp3",
        "encoding": ["Lavf58.29.100"]
    }
},
"lowlevel": {
    "average_loudness": 0.551828384399,
    "barkbands_crest": {
        "max": 24.1357593536,
        "mean": 9.15210533142,
        "min": 2.45764231682,
        "stdev": 4.18933916092
    },
    "barkbands_flatness_db": {
        "max": 0.390314638615,
        "mean": 0.199416548014,
        "min": 0.0484005883336,
        "stdev": 0.0694537907839
    },
    "barkbands_kurtosis": {
        "max": 114.296958923,
        "mean": 3.45155739784,
        "min": -1.8845846653,
        "stdev": 8.39073562622
    },
    "barkbands_skewness": {
        "max": 9.35636234283,
        "mean": 1.02169418335,
        "min": -3.80008912086,
        "stdev": 1.20062875748
    },
    "barkbands_spread": {
        "max": 78.6583862305,
        "mean": 17.7248458862,
        "min": 1.08700072765,
        "stdev": 14.745100975
    },
    "dissonance": {
        "max": 0.498841136694,
        "mean": 0.444249272346,
        "min": 0.0943853929639,
        "stdev": 0.0468718968332
    },
    "dynamic_complexity": 8.07312011719,
    "erbbands_crest": {
        "max": 27.3559093475,
        "mean": 9.80497264862,
        "min": 2.26058888435,
        "stdev": 5.31559991837
    },
    "erbbands_flatness_db": {
        "max": 0.383915394545,
        "mean": 0.237067237496,
        "min": 0.0869961753488,
        "stdev": 0.0717037841678
    },
    "erbbands_kurtosis": {
        "max": 49.7794342041,
        "mean": 1.77760672569,
        "min": -1.62331712246,
        "stdev": 5.68508338928
    },
    "erbbands_skewness": {
        "max": 5.1969370842,
        "mean": 0.35324639082,
        "min": -5.34580278397,
        "stdev": 1.07809686661
    },
    "erbbands_spread": {
        "max": 117.958961487,
        "mean": 25.9594402313,
        "min": 2.84639668465,
        "stdev": 20.7033653259
    },
    "hfc": {
        "max": 137.122436523,
        "mean": 12.5962104797,
        "min": 0.00815370026976,
        "stdev": 20.0587844849
    },
    "loudness_ebu128": {
        "integrated": -19.0142726898,
        "loudness_range": 9.57101249695,
        "momentary": {
            "max": -11.3272829056,
            "mean": -24.4899597168,
            "min": -50.5754318237,
            "stdev": 9.34948921204
        },
        "short_term": {
            "max": -15.3953342438,
            "mean": -20.2232551575,
            "min": -25.9122982025,
            "stdev": 3.47558689117
        }
    },
    "melbands_crest": {
        "max": 33.0790786743,
        "mean": 12.8278226852,
        "min": 4.33338737488,
        "stdev": 5.28839969635
    },
    "melbands_flatness_db": {
        "max": 0.461492061615,
        "mean": 0.235874384642,
        "min": 0.069122299552,
        "stdev": 0.0910229384899
    },
    "melbands_kurtosis": {
        "max": 340.991638184,
        "mean": 9.15210723877,
        "min": -1.88469922543,
        "stdev": 23.1174354553
    },
    "melbands_skewness": {
        "max": 13.3059940338,
        "mean": 1.74382448196,
        "min": -1.54730832577,
        "stdev": 1.80742168427
    },
    "melbands_spread": {
        "max": 175.439804077,
        "mean": 22.2831306458,
        "min": 1.09131276608,
        "stdev": 19.4961147308
    },
    "pitch_salience": {
        "max": 0.920757174492,
        "mean": 0.59624427557,
        "min": 0.253160983324,
        "stdev": 0.109766371548
    },
    "silence_rate_20dB": {
        "max": 1,
        "mean": 1,
        "min": 1,
        "stdev": 0
    },
    "silence_rate_30dB": {
        "max": 1,
        "mean": 0.976363658905,
        "min": 0,
        "stdev": 0.151913672686
    },
    "silence_rate_60dB": {
        "max": 1,
        "mean": 0.310909092426,
        "min": 0,
        "stdev": 0.462865531445
    },
    "spectral_centroid": {
        "max": 4208.15380859,
        "mean": 1252.74255371,
        "min": 222.751403809,
        "stdev": 801.356201172
    },
    "spectral_complexity": {
        "max": 46,
        "mean": 13.389090538,
        "min": 0,
        "stdev": 10.7184457779
    },
    "spectral_decrease": {
        "max": -9.57606606858e-13,
        "mean": -3.84612652837e-09,
        "min": -4.04788380592e-08,
        "stdev": 5.72538061405e-09
    },
    "spectral_energy": {
        "max": 0.164921596646,
        "mean": 0.0156586803496,
        "min": 4.54020801044e-06,
        "stdev": 0.0232514366508
    },
    "spectral_energyband_high": {
        "max": 0.00279182428494,
        "mean": 0.000133239169372,
        "min": 3.63388075186e-08,
        "stdev": 0.00030281234649
    },
    "spectral_energyband_low": {
        "max": 0.0055547952652,
        "mean": 0.00121234706603,
        "min": 1.53413498083e-06,
        "stdev": 0.00149184186012
    },
    "spectral_energyband_middle_high": {
        "max": 0.0669850409031,
        "mean": 0.00541753927246,
        "min": 9.77255353973e-07,
        "stdev": 0.00946651026607
    },
    "spectral_energyband_middle_low": {
        "max": 0.121094323695,
        "mean": 0.00924455281347,
        "min": 1.31008300741e-06,
        "stdev": 0.0169612467289
    },
    "spectral_entropy": {
        "max": 8.53996276855,
        "mean": 7.08821392059,
        "min": 5.31931591034,
        "stdev": 0.758316397667
    },
    "spectral_flux": {
        "max": 0.26837465167,
        "mean": 0.0440174862742,
        "min": 0.00133809295949,
        "stdev": 0.0394614562392
    },
    "spectral_kurtosis": {
        "max": 74.5911636353,
        "mean": 12.6133213043,
        "min": 0.199678421021,
        "stdev": 13.7625265121
    },
    "spectral_rms": {
        "max": 0.0126846013591,
        "mean": 0.00309313647449,
        "min": 6.65542684146e-05,
        "stdev": 0.00238941074349
    },
    "spectral_rolloff": {
        "max": 5469.43359375,
        "mean": 1353.30175781,
        "min": 86.1328125,
        "stdev": 1032.59863281
    },
    "spectral_skewness": {
        "max": 7.20628881454,
        "mean": 2.22417426109,
        "min": -0.307901918888,
        "stdev": 1.4050245285
    },
    "spectral_spread": {
        "max": 12223532,
        "mean": 2942721.75,
        "min": 955235,
        "stdev": 1598245.25
    },
    "spectral_strongpeak": {
        "max": 5.36814928055,
        "mean": 0.94726228714,
        "min": 0,
        "stdev": 1.12185692787
    },
    "zerocrossingrate": {
        "max": 0.1708984375,
        "mean": 0.0508806817234,
        "min": 0.0107421875,
        "stdev": 0.028605112806
    },
    "barkbands": {
        "max": [0.00029212096706, 0.00250697159208, 0.0047805281356, 0.0186452828348, 0.0301710441709, 0.0770433172584, 0.0451843030751, 0.0165125634521, 0.0222408212721, 0.0335797406733, 0.0198935661465, 0.00962337385863, 0.0200638212264, 0.01425410714, 0.0067530060187, 0.00596581539139, 0.00885288231075, 0.00273812562227, 0.00375714758411, 0.0015723410761, 0.00146395072807, 0.000593022268731, 0.00018325856945, 0.000138605537359, 4.94625601277e-05, 3.7919463125e-08, 1.37906779329e-08],
        "mean": [8.04895898909e-06, 0.000525983399712, 0.000546055787709, 0.00056039186893, 0.00131739443168, 0.00375645165332, 0.00150757411029, 0.00072337302845, 0.000954763148911, 0.000909157039132, 0.00130413006991, 0.000652711256407, 0.000733952096198, 0.000638417433947, 0.000263670168351, 0.000323893735185, 0.000301403953927, 0.000193685642444, 0.000251361634582, 0.000103490521724, 4.84350239276e-05, 2.06753629755e-05, 8.69597079145e-06, 3.9745423237e-06, 1.00228214706e-06, 6.80540235276e-10, 5.59511714737e-10],
        "min": [6.9165624339e-09, 4.33091372543e-07, 5.05947426177e-08, 3.03815035352e-08, 1.02555716808e-07, 2.53004710515e-08, 2.10057891081e-08, 1.52783776741e-08, 3.75454689561e-08, 2.12486934714e-08, 2.54770284869e-08, 2.60988137768e-08, 2.10990496186e-08, 2.96200113326e-08, 1.4620201938e-08, 1.90801614508e-08, 4.97785768161e-09, 2.03587813274e-09, 4.07889677589e-09, 3.45235506849e-09, 2.5310987084e-08, 1.47018586194e-09, 3.74380038082e-09, 3.02322344936e-09, 1.44902900789e-09, 3.1891704555e-11, 2.78675364035e-11],
        "stdev": [1.77794754563e-05, 0.000644952117, 0.00083206378622, 0.00181322766002, 0.00293316855095, 0.00876715406775, 0.00402873428538, 0.00147832359653, 0.00270087108947, 0.00244988244958, 0.00258812610991, 0.00136020011269, 0.00158493977506, 0.00155307294335, 0.000630100839771, 0.000755442481022, 0.000771305873059, 0.000418667856138, 0.000564337940887, 0.000213403138332, 0.000115705472126, 5.27144147782e-05, 2.08058336284e-05, 1.15016746349e-05, 3.46075444213e-06, 2.02437400176e-09, 1.23963939114e-09]
    },
    "erbbands": {
        "max": [0.0488768741488, 0.787027955055, 4.12623214722, 25.1431541443, 67.6958389282, 135.341674805, 370.288970947, 826.234191895, 680.630554199, 495.638305664, 154.868103027, 525.06237793, 478.599517822, 1194.85437012, 819.121826172, 517.59375, 1076.97094727, 736.905700684, 422.70022583, 470.792602539, 300.491912842, 346.854827881, 279.4715271, 256.52835083, 121.292701721, 88.5038528442, 68.8857421875, 35.1178627014, 25.0574531555, 11.1893234253, 5.03927707672, 2.84339857101, 2.23315453529, 0.94439715147, 0.140809983015, 0.00533767323941, 0.00027036483516, 4.93642219226e-05, 9.32130933506e-05, 0.000196328546735],
        "mean": [0.00439639622346, 0.157965928316, 0.737811982632, 0.937153875828, 2.81029891968, 4.88154363632, 11.5193967819, 40.7096328735, 24.8127155304, 21.0953941345, 12.3085231781, 20.3991260529, 31.0238418579, 26.1509284973, 61.5976219177, 34.210319519, 38.5603675842, 33.5007667542, 14.4390363693, 21.6335163116, 13.6331005096, 14.0974636078, 12.3551111221, 17.9140834808, 6.72232151031, 5.05459308624, 2.65518856049, 1.46390259266, 0.780047416687, 0.47774887085, 0.233435451984, 0.110675439239, 0.0517527088523, 0.0197780765593, 0.00277426932007, 9.98783289106e-05, 1.24691769088e-05, 3.26806548401e-06, 8.63166587806e-06, 1.85419576155e-05],
        "min": [1.4097586245e-05, 5.59106083529e-05, 0.000240344830672, 0.00045980073628, 0.000422737124609, 0.000395076494897, 0.000315013749059, 0.00024227022368, 0.000286620168481, 0.000640104699414, 0.00048505430459, 0.000838493986521, 0.000731096486561, 0.000928007473703, 0.0013749753125, 0.00147073727567, 0.00165550212841, 0.00221328786574, 0.00190448085777, 0.000717804825399, 0.00113198137842, 0.000294072699035, 0.000119390766486, 0.000121359829791, 0.000240535111516, 0.000197467117687, 0.000499733781908, 0.00110209605191, 0.000104813632788, 9.39013116295e-05, 8.74226316228e-05, 4.17997143813e-05, 6.24924796284e-05, 2.96323050861e-05, 3.22681444231e-06, 2.59568878391e-07, 9.96494904371e-08, 2.68413185012e-08, 2.09102264392e-08, 1.06008410938e-08],
        "stdev": [0.00503903441131, 0.201188415289, 1.08323872089, 2.47331166267, 6.67501783371, 12.6015071869, 27.6950931549, 100.559127808, 62.7730407715, 47.1504058838, 20.2749443054, 51.4775848389, 67.6374053955, 80.5113525391, 121.941368103, 68.694770813, 83.0560302734, 79.4559707642, 36.9983139038, 46.3556365967, 31.5849266052, 34.3664550781, 26.9333133698, 40.2698097229, 14.2290487289, 11.362195015, 6.1248998642, 3.28579449654, 2.13270306587, 1.13392925262, 0.562762975693, 0.280621618032, 0.17235788703, 0.0694146975875, 0.00952718220651, 0.000333722826326, 2.43870981649e-05, 5.83835935686e-06, 1.28067813421e-05, 2.7474901799e-05]
    },
    "gfcc": {
        "mean": [-144.036132812, 153.731384277, -150.231002808, 28.4296550751, -68.1548995972, 8.8374414444, -31.9986152649, -7.13584470749, -11.3984899521, -10.9616117477, 7.48928356171, -16.7885189056, 6.06922292709],
        "cov": [[15837.0947266, 2512.60961914, -3697.93066406, -1777.16552734, 582.763244629, -1376.48718262, 646.888793945, -806.921508789, 222.445510864, -731.484375, 502.368804932, -26.2177066803, -12.4487056732], [2512.60961914, 2101.65380859, -2.10373616219, -1527.0213623, 150.675109863, -642.031066895, -74.2318649292, -418.395172119, 127.675460815, -139.506637573, 173.294326782, -53.5144577026, 127.283126831], [-3697.93066406, -2.10373616219, 1418.25256348, 193.515518188, -159.186767578, 101.038230896, -233.485794067, 72.334274292, -9.57999420166, 179.775680542, -113.34815979, -41.1721801758, 43.1836128235], [-1777.16552734, -1527.0213623, 193.515518188, 1446.39404297, -72.717300415, 414.205871582, 110.141700745, 324.228851318, -60.0078392029, 121.294509888, -137.756576538, 6.86065006256, -99.3389053345], [582.763244629, 150.675109863, -159.186767578, -72.717300415, 154.926361084, -18.9578971863, 17.8977642059, -30.577922821, 2.05522918701, -45.3609352112, 32.4977684021, 20.3880729675, 6.02900362015], [-1376.48718262, -642.031066895, 101.038230896, 414.205871582, -18.9578971863, 423.385925293, 54.4548606873, 183.853393555, -55.1813850403, 60.6501083374, -45.5149536133, 27.5028018951, -35.7441291809], [646.888793945, -74.2318649292, -233.485794067, 110.141700745, 17.8977642059, 54.4548606873, 198.114334106, 45.4118614197, 6.1804561615, -11.9920568466, 22.3055953979, -5.91668510437, -20.2931289673], [-806.921508789, -418.395172119, 72.334274292, 324.228851318, -30.577922821, 183.853393555, 45.4118614197, 181.410171509, 10.7700462341, 55.1436195374, -35.26329422, 8.5915145874, -22.9978904724], [222.445510864, 127.675460815, -9.57999420166, -60.0078392029, 2.05522918701, -55.1813850403, 6.1804561615, 10.7700462341, 83.6233825684, 28.5230293274, 4.96753501892, -18.3707637787, 2.27978420258], [-731.484375, -139.506637573, 179.775680542, 121.294509888, -45.3609352112, 60.6501083374, -11.9920568466, 55.1436195374, 28.5230293274, 104.233428955, -5.8336391449, -10.3212175369, -4.96724510193], [502.368804932, 173.294326782, -113.34815979, -137.756576538, 32.4977684021, -45.5149536133, 22.3055953979, -35.26329422, 4.96753501892, -5.8336391449, 79.5232543945, 19.89021492, 1.77784669399], [-26.2177066803, -53.5144577026, -41.1721801758, 6.86065006256, 20.3880729675, 27.5028018951, -5.91668510437, 8.5915145874, -18.3707637787, -10.3212175369, 19.89021492, 50.7240638733, 14.6374940872], [-12.4487056732, 127.283126831, 43.1836128235, -99.3389053345, 6.02900362015, -35.7441291809, -20.2931289673, -22.9978904724, 2.27978420258, -4.96724510193, 1.77784669399, 14.6374940872, 52.2679328918]],
        "icov": [[0.00062309904024, -0.000757549074478, 0.00134360895026, -0.000775435240939, 0.000304355809931, 0.000509381934535, -0.000436390342657, 0.000930875248741, -0.00103946856689, 0.00151126936544, -0.000933889648877, 0.000386781146517, 7.5142022979e-05], [-0.000757549074478, 0.0116880023852, -0.00612007966265, 0.00845719873905, -0.00650529330596, 0.00356200616807, -0.00501102115959, 0.00321628851816, -0.00738995429128, 0.0060073886998, -0.0084462761879, 0.00903084408492, -0.00620581675321], [0.00134360895026, -0.00612007966265, 0.0061734803021, -0.00480132317171, 0.0035016592592, -0.000669403991196, 0.00270775705576, -0.000124784899526, 0.00245851743966, -0.00216817692854, 0.00281712412834, -0.0018208231777, 0.00123339728452], [-0.000775435240939, 0.00845719873905, -0.00480132317171, 0.00798645243049, -0.00517867924646, 0.0026654554531, -0.00422121025622, -7.89201876614e-05, -0.00281388941221, 0.00160630140454, -0.00254709389992, 0.00452541606501, -0.00179280736484], [0.000304355809931, -0.00650529330596, 0.0035016592592, -0.00517867924646, 0.012570252642, -0.0035666746553, 0.00334419938736, -0.000260507833445, 0.00106760172639, 0.000738058472052, 0.00163178343792, -0.00661236885935, 0.00229324726388], [0.000509381934535, 0.00356200616807, -0.000669403991196, 0.0026654554531, -0.0035666746553, 0.00833535473794, -0.00367471133359, -0.00281022582203, 0.00140530092176, 0.00071997276973, -0.00167693581898, 0.00133259443101, 0.000205468269996], [-0.000436390342657, -0.00501102115959, 0.00270775705576, -0.00422121025622, 0.00334419938736, -0.00367471133359, 0.0115998610854, -0.00474622938782, 0.00448820600286, -0.00318823521957, 0.000726581958588, 0.000558642786928, 0.00067574280547], [0.000930875248741, 0.00321628851816, -0.000124784899526, -7.89201876614e-05, -0.000260507833445, -0.00281022582203, -0.00474622938782, 0.0197281725705, -0.0130638591945, 0.00495624030009, -0.00328827579506, -0.000507551711053, -0.00141680031084], [-0.00103946856689, -0.00738995429128, 0.00245851743966, -0.00281388941221, 0.00106760172639, 0.00140530092176, 0.00448820600286, -0.0130638591945, 0.0316192805767, -0.0191315077245, 0.0118289999664, -0.00275414879434, 0.00437325518578], [0.00151126936544, 0.0060073886998, -0.00216817692854, 0.00160630140454, 0.000738058472052, 0.00071997276973, -0.00318823521957, 0.00495624030009, -0.0191315077245, 0.0320787541568, -0.0191313140094, 0.0123648969457, -0.00700389081612], [-0.000933889648877, -0.0084462761879, 0.00281712412834, -0.00254709389992, 0.00163178343792, -0.00167693581898, 0.000726581958588, -0.00328827579506, 0.0118289999664, -0.0191313140094, 0.0367087312043, -0.0238449648023, 0.0137728173286], [0.000386781146517, 0.00903084408492, -0.0018208231777, 0.00452541606501, -0.00661236885935, 0.00133259443101, 0.000558642786928, -0.000507551711053, -0.00275414879434, 0.0123648969457, -0.0238449648023, 0.0463689342141, -0.0210062097758], [7.5142022979e-05, -0.00620581675321, 0.00123339728452, -0.00179280736484, 0.00229324726388, 0.000205468269996, 0.00067574280547, -0.00141680031084, 0.00437325518578, -0.00700389081612, 0.0137728173286, -0.0210062097758, 0.033908996731]]
    },
    "melbands": {
        "max": [0.00045253537246, 0.00168434693478, 0.00648547057062, 0.00446215923876, 0.0131163699552, 0.0159371029586, 0.0102846808732, 0.00526799215004, 0.00146502850112, 0.00339904986322, 0.00243126251735, 0.00517879938707, 0.0031542389188, 0.00131926045287, 0.00147687993012, 0.00163948663976, 0.0015763817355, 0.000704755948391, 0.000441347772721, 0.000536059960723, 0.000318733014865, 0.000289462244837, 0.000573454191908, 0.000150989377289, 0.000241582543822, 0.000110012457299, 6.75284536555e-05, 6.01209030719e-05, 4.28512394137e-05, 3.11915646307e-05, 1.9012564735e-05, 1.37710576382e-05, 1.18495345305e-05, 4.80103790323e-06, 3.40500264429e-06, 2.2867318421e-06, 1.67097812209e-06, 1.86900524568e-06, 1.04421235392e-06, 8.39243682549e-07],
        "mean": [8.83506436367e-05, 0.000314799253829, 0.00024383571872, 0.00025016759173, 0.00041350160609, 0.000837828789372, 0.000358791963663, 0.000213552295463, 9.50890025706e-05, 0.000138349074405, 0.000153575092554, 9.61462428677e-05, 0.000192387524294, 0.000107345724246, 8.71900920174e-05, 5.95835881541e-05, 6.72165624565e-05, 2.50125831371e-05, 1.9730619897e-05, 3.2917392673e-05, 1.24982616398e-05, 1.35218979267e-05, 1.57781068992e-05, 1.0432308045e-05, 1.5698322386e-05, 4.51591267847e-06, 4.17709998146e-06, 3.16896012009e-06, 1.71505269009e-06, 1.32578225021e-06, 7.32066041564e-07, 4.62259038159e-07, 3.28488482637e-07, 2.32427240121e-07, 1.40993194009e-07, 9.13729252261e-08, 5.87112900519e-08, 3.94981078955e-08, 2.42730013866e-08, 1.40529099468e-08],
        "min": [1.64689396343e-07, 1.55278073066e-07, 8.95399026035e-08, 2.85122467858e-08, 1.52721018054e-08, 6.12887962603e-09, 3.76301567684e-09, 6.21867801698e-09, 4.24890567174e-09, 5.28067189975e-09, 3.49357831553e-09, 3.40069483684e-09, 4.50366899329e-09, 3.86522369666e-09, 4.31463709205e-09, 2.74854650151e-09, 3.9804164409e-09, 2.95524094085e-09, 8.87329543175e-10, 9.82763870283e-10, 1.34446676014e-09, 3.08401887361e-10, 1.24989130157e-10, 8.2516035671e-11, 8.4878812312e-11, 2.06605579867e-10, 1.43165826416e-10, 1.1216375051e-10, 1.24851670669e-10, 8.10056910439e-10, 5.17969722669e-10, 4.20080567554e-11, 1.17448568232e-11, 7.48757583713e-11, 5.90406612488e-11, 2.84075402091e-11, 2.2561246274e-11, 4.2145488488e-11, 4.89784011959e-11, 1.5770704187e-11],
        "stdev": [9.90687258309e-05, 0.00043704957352, 0.000636373762973, 0.000500406080391, 0.00100076908711, 0.00198540976271, 0.000926630164031, 0.000479362875922, 0.00016017301823, 0.000371257337974, 0.0003409734054, 0.000341914827004, 0.000381633668439, 0.000208421886782, 0.000155765650561, 0.000131417633384, 0.000165394085343, 6.57345590298e-05, 4.63157630293e-05, 7.16061404091e-05, 3.07269583573e-05, 3.37935998687e-05, 4.27277300332e-05, 2.32964757743e-05, 3.67144966731e-05, 1.07283867692e-05, 8.97931658983e-06, 7.44648332329e-06, 3.94828293793e-06, 3.09557981382e-06, 1.69776456005e-06, 1.24083544506e-06, 9.4258888339e-07, 5.33272270786e-07, 3.40313448532e-07, 2.28667644819e-07, 1.53363814093e-07, 1.39538286703e-07, 8.07400581948e-08, 5.31128563352e-08]
    },
    "melbands128": {
        "max": [9.73584901658e-05, 0.000324702239595, 0.00076959800208, 0.00173204531893, 0.0026576560922, 0.00251094950363, 0.00370743498206, 0.0122924959287, 0.00730862468481, 0.00428787898272, 0.00879643950611, 0.0119756590575, 0.00740123167634, 0.0238234996796, 0.0311246681958, 0.00881033483893, 0.0131522929296, 0.0183237399906, 0.00695418100804, 0.00778838666156, 0.00603740243241, 0.00174799340311, 0.00142211071216, 0.00261720875278, 0.00462867692113, 0.00416077906266, 0.00624119769782, 0.00318554486148, 0.00150336604565, 0.0100888777524, 0.00432704389095, 0.00285056326538, 0.00631077121943, 0.00586985750124, 0.00109811243601, 0.00191054318566, 0.00212794635445, 0.000350926595274, 0.00360259413719, 0.00392520800233, 0.000305061636027, 0.00130105915014, 0.00151693471707, 0.00263577047735, 0.000890010269359, 0.000727876031306, 0.000842923705932, 0.000342621060554, 0.0004159292439, 0.00151095783804, 0.000875972968061, 0.000820032204501, 0.000359169061994, 0.00032362784259, 0.000362271704944, 0.000529853103217, 0.000281922402792, 0.00149586040061, 0.000221986498218, 0.00015119111049, 0.00030380761018, 0.000223791852477, 0.000547407078557, 0.000220861315029, 0.000300236133626, 6.73780814395e-05, 8.76208941918e-05, 0.000171696694451, 3.95403367293e-05, 9.50698085944e-05, 0.000117210758617, 7.70219703554e-05, 4.60271621705e-05, 5.14018647664e-05, 4.60486080556e-05, 5.50946533622e-05, 2.40215940721e-05, 1.52722532221e-05, 3.36138764396e-05, 1.35214868351e-05, 1.13271062219e-05, 2.20422316488e-05, 1.29765094243e-05, 1.51233061843e-05, 7.22898721506e-06, 6.26964538242e-06, 6.48076684229e-06, 4.41981501353e-06, 3.23678432324e-06, 4.12100598624e-06, 3.44148043041e-06, 2.44548277806e-06, 2.05344122151e-06, 1.22964854654e-06, 2.04834327633e-06, 2.93168432108e-06, 1.76093237769e-06, 1.17329102522e-06, 1.25288170238e-06, 8.42699478198e-07, 9.74533122644e-07, 1.07827020202e-06, 5.65973209632e-07, 3.1987121929e-07, 6.12590227433e-08, 2.87009989108e-08, 2.3524636461e-08, 2.71207367675e-09, 8.83231335291e-11, 8.49120843083e-11, 8.15481987493e-11, 7.85429915551e-11, 7.58215781826e-11, 7.32101670953e-11, 7.08524003357e-11, 6.85116130494e-11, 6.63998647732e-11, 6.44531580885e-11, 6.2595768846e-11, 6.10496792008e-11, 5.95316157481e-11, 5.8294542804e-11, 5.71682111372e-11, 5.61581336989e-11, 5.53892348654e-11, 5.46605365137e-11, 5.41149798583e-11, 5.3815424339e-11],
        "mean": [4.40517897005e-06, 1.44496370922e-05, 6.51291629765e-05, 0.000332530937158, 0.00046044375631, 0.000190576931345, 0.000119274220197, 0.000363609055057, 0.000294590514386, 0.000152023785631, 0.000280600419501, 0.000360657548299, 0.000196518958546, 0.000741358264349, 0.00132760009728, 0.000579115061555, 0.000357318407623, 0.000400812976295, 0.00022310813074, 0.00026687636273, 0.000191439001355, 8.68955321494e-05, 8.2127728092e-05, 8.82241220097e-05, 0.000137826194987, 0.000129986496177, 0.000219422974624, 0.000181375129614, 5.10746285727e-05, 0.000149694576976, 6.2057908508e-05, 8.81540909177e-05, 0.000217086853809, 0.000314604782034, 5.86966089031e-05, 8.3839695435e-05, 0.000106847961433, 2.20524198085e-05, 0.000155096829985, 9.42414917517e-05, 1.34627798616e-05, 4.54526743852e-05, 6.1750288296e-05, 0.000106100436824, 2.39525597863e-05, 1.24577318275e-05, 1.68870265043e-05, 1.06262332338e-05, 2.12456507143e-05, 4.49468534498e-05, 3.37054407282e-05, 2.85153728328e-05, 4.85322607346e-06, 1.13044816317e-05, 1.43884581121e-05, 9.30026180868e-06, 1.32706545628e-05, 2.95237041428e-05, 9.89152613329e-06, 6.13916699876e-06, 1.03069287434e-05, 6.67935046295e-06, 3.22471532854e-05, 1.0329392353e-05, 5.81459698878e-06, 3.91117782783e-06, 3.33500452143e-06, 6.98190387993e-06, 2.23522351916e-06, 4.21551294494e-06, 3.08601534016e-06, 3.39925691151e-06, 2.04514094548e-06, 1.10011853849e-06, 1.38881352996e-06, 2.10825464819e-06, 7.88659917816e-07, 6.37818004634e-07, 8.56082067457e-07, 6.75684361795e-07, 4.79828258904e-07, 3.7270748976e-07, 3.82939788324e-07, 2.84119806793e-07, 3.55261988716e-07, 2.41040936544e-07, 1.96295800947e-07, 1.9239246285e-07, 1.19955601008e-07, 1.20306921758e-07, 1.23464261037e-07, 6.35544310512e-08, 8.14121818848e-08, 4.96948331374e-08, 5.69025928598e-08, 4.72576964228e-08, 3.5523935793e-08, 2.89539521248e-08, 2.65862194482e-08, 1.8712530192e-08, 1.92153581935e-08, 1.24121397604e-08, 1.06385078524e-08, 5.20728971054e-09, 9.44359479504e-10, 1.61061941562e-10, 1.56878302016e-10, 1.88717947519e-11, 3.59924698552e-12, 3.45773344852e-12, 3.3404229903e-12, 3.22193487168e-12, 3.10626806395e-12, 2.98483048174e-12, 2.88367355168e-12, 2.81312126371e-12, 2.76020352408e-12, 2.63070099558e-12, 2.55614388163e-12, 2.4937185563e-12, 2.4311362385e-12, 2.38189004111e-12, 2.34385926466e-12, 2.2926762485e-12, 2.20450415735e-12, 2.07635471317e-12, 2.00345209173e-12, 1.9846361967e-12],
        "min": [1.67888380975e-09, 4.35337881299e-08, 1.13745464603e-07, 6.1630800019e-08, 4.21024530795e-08, 3.56070515295e-08, 7.29040507963e-08, 9.70146452062e-09, 1.69627671909e-08, 8.68585736669e-09, 6.15186657171e-09, 1.06852535708e-08, 5.83415271649e-09, 6.11946804341e-09, 3.92111854097e-09, 2.40007214103e-09, 3.10907544154e-09, 9.81025816138e-10, 2.61095434162e-09, 3.55795215512e-09, 2.87812262911e-09, 3.4277203298e-09, 2.35540387195e-09, 3.88417475961e-09, 1.10994158309e-09, 1.69483749257e-09, 7.7744555238e-10, 1.16475296075e-09, 1.22694743254e-09, 8.98758345524e-10, 2.02911243363e-09, 2.09597805778e-09, 1.46999090678e-09, 1.7251567952e-09, 1.7270469499e-09, 1.31305177842e-09, 1.77078829378e-09, 2.18475859626e-09, 1.90125604149e-09, 1.70245761932e-09, 1.32295030486e-09, 1.87486470793e-09, 1.67521230221e-09, 8.51774428767e-10, 1.98931959794e-09, 1.06878750294e-09, 9.75796110581e-10, 7.96403387682e-10, 9.26604237783e-10, 7.12276793102e-10, 6.9048555762e-10, 1.54548374098e-09, 1.38554245854e-09, 9.74342939664e-10, 5.20936072057e-10, 2.52592446959e-10, 1.01573707778e-10, 1.49956533302e-10, 1.17107767927e-10, 1.12135717378e-10, 6.66648472536e-11, 6.57319060293e-11, 1.13699119564e-10, 3.81847088671e-11, 1.22407112224e-10, 2.89917756469e-10, 2.1853847898e-10, 8.31409940893e-11, 1.2768036628e-10, 2.26554427996e-10, 1.27306318265e-10, 4.25205010091e-11, 5.11927202018e-11, 7.96992055685e-11, 2.39749775588e-10, 7.60325191695e-10, 5.15670783852e-10, 9.53356060762e-10, 3.98431010407e-10, 1.56695503795e-10, 1.40901977586e-11, 2.34280893296e-11, 6.28407395564e-12, 9.46143337288e-12, 6.8121584762e-12, 7.05680860968e-11, 8.65731583644e-11, 1.02975170058e-10, 5.95205343346e-11, 2.9471307339e-11, 3.15150371077e-11, 3.15626032255e-11, 1.97800959639e-11, 1.64754893756e-11, 3.12289985538e-11, 2.6312979573e-11, 5.50726339532e-11, 4.08197677049e-11, 5.75159503358e-11, 5.57988620586e-11, 2.25238595136e-11, 4.27590645183e-12, 1.08136190974e-11, 6.01123447894e-12, 1.77627248847e-12, 1.86655365101e-13, 6.93460927245e-14, 1.07303556774e-13, 1.12886804939e-13, 9.24422417412e-14, 9.00937243103e-14, 1.28857712803e-13, 1.19275005454e-13, 1.25796657704e-13, 9.99036465534e-14, 6.97510761172e-14, 1.11171847823e-13, 1.1353433791e-13, 1.33973954435e-13, 8.50504427085e-14, 1.25499654072e-13, 1.18439343077e-13, 8.65500433909e-14, 1.11496512164e-13, 9.24214250595e-14, 3.18145303938e-14, 4.80432810166e-15, 1.30544810475e-16],
        "stdev": [7.3565238381e-06, 2.30162822845e-05, 9.65489889495e-05, 0.00044210080523, 0.000692882458679, 0.000295024976367, 0.000336979952408, 0.00119548523799, 0.00070565281203, 0.000318804581184, 0.000797562941443, 0.00109299039468, 0.000483302079374, 0.00208473345265, 0.0037448797375, 0.00106414291076, 0.000783755909652, 0.00157430337276, 0.000628905138001, 0.000680614262819, 0.000516491709277, 0.000179031616426, 0.000156705107656, 0.000223496230319, 0.0003668233403, 0.000450330087915, 0.000685572507791, 0.000338448822731, 0.00012541009346, 0.000671692600008, 0.000280804553768, 0.000236222142121, 0.000538418476935, 0.000761770817917, 0.000145526879351, 0.000222898190259, 0.000269100011792, 4.05211831094e-05, 0.000327729590936, 0.000254337734077, 3.15439792757e-05, 0.000144421384903, 0.000153062035679, 0.000288268201984, 6.77079660818e-05, 4.48276659881e-05, 5.72856297367e-05, 3.74768860638e-05, 4.68709804409e-05, 0.000119550641102, 9.15375203476e-05, 8.06060706964e-05, 1.91253384401e-05, 3.21777370118e-05, 4.0601924411e-05, 4.12698718719e-05, 3.13889613608e-05, 0.000103071251942, 2.63298061327e-05, 1.63553013408e-05, 3.35826334776e-05, 2.14156843867e-05, 8.27801195555e-05, 2.49868080573e-05, 2.39366236201e-05, 8.83543361851e-06, 8.11861627881e-06, 1.87522437045e-05, 5.62939430893e-06, 1.12011857709e-05, 1.03130341813e-05, 8.61668286234e-06, 4.68291000288e-06, 3.19337414112e-06, 4.21401682615e-06, 5.37292726221e-06, 2.08314395422e-06, 1.6750980194e-06, 2.34305321101e-06, 1.66013080616e-06, 1.30121304664e-06, 1.48209744566e-06, 1.15302543691e-06, 1.05983951926e-06, 8.41555902298e-07, 5.77207515562e-07, 5.34170112587e-07, 4.88294233492e-07, 3.07506098807e-07, 3.60650261655e-07, 3.16036391723e-07, 1.79256900878e-07, 2.09953796571e-07, 1.28665476495e-07, 1.60263468274e-07, 1.9199842427e-07, 1.34135163421e-07, 1.02355350862e-07, 8.8119499253e-08, 6.83189682604e-08, 7.28072038214e-08, 5.60198465394e-08, 3.56202924934e-08, 1.81132175925e-08, 3.66151953202e-09, 1.29113053582e-09, 1.08763431594e-09, 1.21059204328e-10, 8.05085165201e-12, 7.72100612612e-12, 7.4140953793e-12, 7.11883763743e-12, 6.84982929752e-12, 6.6093298369e-12, 6.38367223665e-12, 6.16303319143e-12, 5.9628890367e-12, 5.80014421908e-12, 5.64268727229e-12, 5.49715785045e-12, 5.36240279611e-12, 5.23913204487e-12, 5.135751633e-12, 5.04337197005e-12, 4.97424887738e-12, 4.91237649516e-12, 4.86980985051e-12, 4.84309597634e-12]
    },
    "mfcc": {
        "mean": [-767.711975098, 163.815856934, -13.8087902069, 13.4591493607, -6.46136951447, 3.89395499229, -1.9542247057, -4.01612281799, -6.71281671524, -1.13095724583, -1.59251737595, 2.42192625999, 0.0787678211927],
        "cov": [[17767.421875, 2326.96362305, -4149.36083984, -394.205352783, -976.877502441, -359.770874023, -219.472198486, 190.847061157, -588.917236328, -247.763748169, -223.464004517, -42.9447593689, -21.5200939178], [2326.96362305, 3474.90844727, -371.339935303, -971.822387695, -212.888519287, -442.707733154, -402.965118408, -440.508605957, -283.778442383, -214.368759155, -139.108917236, -99.2540664673, -51.628112793], [-4149.36083984, -371.339935303, 1302.55761719, 215.331466675, 201.632797241, 53.5128135681, 2.28871130943, -110.01940918, 149.583236694, 57.0009231567, 42.0386962891, 25.6697292328, -3.20076370239], [-394.205352783, -971.822387695, 215.331466675, 610.218322754, 70.5461273193, 105.340087891, 77.8002166748, 87.1902923584, 93.4857177734, 81.0344238281, 26.1435470581, 32.2784957886, 6.39930009842], [-976.877502441, -212.888519287, 201.632797241, 70.5461273193, 201.705245972, 47.4257202148, 7.78707838058, 19.0778045654, 23.3550376892, 1.50289666653, 8.66649913788, -3.75412106514, 0.178618043661], [-359.770874023, -442.707733154, 53.5128135681, 105.340087891, 47.4257202148, 143.04045105, 108.233161926, 76.7772903442, 40.2523269653, 30.1893863678, 22.3979682922, 17.6566009521, 14.6912546158], [-219.472198486, -402.965118408, 2.28871130943, 77.8002166748, 7.78707838058, 108.233161926, 173.012756348, 117.082649231, 32.8284187317, 33.6109771729, 23.2790699005, 14.7359247208, 23.3889465332], [190.847061157, -440.508605957, -110.01940918, 87.1902923584, 19.0778045654, 76.7772903442, 117.082649231, 166.592941284, 47.8438873291, 24.9108333588, 20.4602851868, 14.4235782623, 16.6402072906], [-588.917236328, -283.778442383, 149.583236694, 93.4857177734, 23.3550376892, 40.2523269653, 32.8284187317, 47.8438873291, 113.404983521, 58.8997306824, 22.1135501862, 18.6287136078, 8.50455665588], [-247.763748169, -214.368759155, 57.0009231567, 81.0344238281, 1.50289666653, 30.1893863678, 33.6109771729, 24.9108333588, 58.8997306824, 94.1466751099, 46.765335083, 10.4839229584, 4.65224742889], [-223.464004517, -139.108917236, 42.0386962891, 26.1435470581, 8.66649913788, 22.3979682922, 23.2790699005, 20.4602851868, 22.1135501862, 46.765335083, 71.4488067627, 30.0232524872, 1.76147806644], [-42.9447593689, -99.2540664673, 25.6697292328, 32.2784957886, -3.75412106514, 17.6566009521, 14.7359247208, 14.4235782623, 18.6287136078, 10.4839229584, 30.0232524872, 57.546497345, 21.7638969421], [-21.5200939178, -51.628112793, -3.20076370239, 6.39930009842, 0.178618043661, 14.6912546158, 23.3889465332, 16.6402072906, 8.50455665588, 4.65224742889, 1.76147806644, 21.7638969421, 55.8809700012]],
        "icov": [[0.00045936673996, -0.000390531815356, 0.0011655165581, -0.000789552286733, 0.000968477805145, -0.000506350887008, 0.000895586272236, -0.00112036138307, 0.000908089568838, -0.000402696168749, 0.000660951191094, -0.000796548032667, 0.000246788287768], [-0.000390531815356, 0.00130291515961, -0.000862077402417, 0.00167441531084, -0.000792061677203, 0.00184066069778, -0.000970296445303, 0.00243291049264, -0.000559820909984, 0.000445036886958, -1.61982989084e-05, 0.000596737547312, -0.000171254738234], [0.0011655165581, -0.000862077402417, 0.00468523614109, -0.00232479767874, 0.000955708499532, -0.000470003607916, 0.000121854558529, 0.000947882712353, -0.00108032813296, 0.000797526387032, 0.000281213840935, -0.00167879869696, 0.000717211980373], [-0.000789552286733, 0.00167441531084, -0.00232479767874, 0.00477474788204, -0.00180744926911, 0.00113885488827, -0.000847842020448, 0.001831631409, -0.000629676680546, -0.00189019367099, 0.00168575986754, -0.000572892720811, 0.000501964299474], [0.000968477805145, -0.000792061677203, 0.000955708499532, -0.00180744926911, 0.0095052132383, -0.00458479579538, 0.00578873883933, -0.00572230899706, 0.0034288414754, 0.000268770905677, -1.50289342855e-05, 0.000987022882327, -0.000569158990402], [-0.000506350887008, 0.00184066069778, -0.000470003607916, 0.00113885488827, -0.00458479579538, 0.0191955938935, -0.0118994191289, 0.00553034804761, -0.00367475836538, 0.00167750776745, -0.000853535719216, -0.00101716048084, 0.000492655381095], [0.000895586272236, -0.000970296445303, 0.000121854558529, -0.000847842020448, 0.00578873883933, -0.0118994191289, 0.0222858022898, -0.0155636332929, 0.00879205577075, -0.00607763975859, 0.00295669212937, -0.000615260854829, -0.00271644000895], [-0.00112036138307, 0.00243291049264, 0.000947882712353, 0.001831631409, -0.00572230899706, 0.00553034804761, -0.0155636332929, 0.0255122445524, -0.0133980484679, 0.00877051614225, -0.00646683294326, 0.00386556377634, -0.000850474170875], [0.000908089568838, -0.000559820909984, -0.00108032813296, -0.000629676680546, 0.0034288414754, -0.00367475836538, 0.00879205577075, -0.0133980484679, 0.0256291292608, -0.0167266987264, 0.0108796358109, -0.00851521641016, 0.00157311942894], [-0.000402696168749, 0.000445036886958, 0.000797526387032, -0.00189019367099, 0.000268770905677, 0.00167750776745, -0.00607763975859, 0.00877051614225, -0.0167266987264, 0.0310301501304, -0.0216242987663, 0.0126997400075, -0.00429375516251], [0.000660951191094, -1.61982989084e-05, 0.000281213840935, 0.00168575986754, -1.50289342855e-05, -0.000853535719216, 0.00295669212937, -0.00646683294326, 0.0108796358109, -0.0216242987663, 0.0357141681015, -0.0207504350692, 0.00807561725378], [-0.000796548032667, 0.000596737547312, -0.00167879869696, -0.000572892720811, 0.000987022882327, -0.00101716048084, -0.000615260854829, 0.00386556377634, -0.00851521641016, 0.0126997400075, -0.0207504350692, 0.0346376150846, -0.0130128264427], [0.000246788287768, -0.000171254738234, 0.000717211980373, 0.000501964299474, -0.000569158990402, 0.000492655381095, -0.00271644000895, -0.000850474170875, 0.00157311942894, -0.00429375516251, 0.00807561725378, -0.0130128264427, 0.0240096971393]]
    },
    "spectral_contrast_coeffs": {
        "max": [-0.430393844843, -0.535807669163, -0.530475437641, -0.618120610714, -0.641938507557, -0.614426374435],
        "mean": [-0.72402125597, -0.760553717613, -0.748779833317, -0.77545183897, -0.804057002068, -0.787856280804],
        "min": [-0.922404110432, -0.954147398472, -0.932331383228, -0.924118101597, -0.927943050861, -0.869916081429],
        "stdev": [0.0940456390381, 0.0850184857845, 0.0959922224283, 0.0766047313809, 0.0602302141488, 0.0608438514173]
    },
    "spectral_contrast_valleys": {
        "max": [-6.22949647903, -5.02453804016, -5.28109788895, -5.55591583252, -5.9514093399, -9.37018966675],
        "mean": [-7.70919322968, -7.24732780457, -8.23461341858, -8.70043468475, -8.97543525696, -11.9299612045],
        "min": [-10.7853298187, -11.0322628021, -11.429561615, -11.1999044418, -12.1088142395, -14.5768709183],
        "stdev": [1.05915570259, 1.44240987301, 1.39028179646, 1.36800503731, 1.2986073494, 0.711037576199]
    }
},
"rhythm": {
    "beats_count": 22,
    "beats_loudness": {
        "max": 0.160530626774,
        "mean": 0.023164678365,
        "min": 1.46554484672e-05,
        "stdev": 0.0372285619378
    },
    "bpm": 110.800941467,
    "bpm_histogram_first_peak_bpm": 112,
    "bpm_histogram_first_peak_weight": 0.600000023842,
    "bpm_histogram_second_peak_bpm": 98,
    "bpm_histogram_second_peak_spread": 0,
    "bpm_histogram_second_peak_weight": 0.142857149243,
    "danceability": 0.803116321564,
    "onset_rate": 2.27284026146,
    "beats_loudness_band_ratio": {
        "max": [0.883957266808, 0.748198747635, 0.800758421421, 0.491649329662, 0.317773610353, 0.403822243214],
        "mean": [0.242280617356, 0.264306724072, 0.292263150215, 0.166944637895, 0.0618416555226, 0.0395384728909],
        "min": [0.0213065054268, 0.0265397429466, 0.0173727832735, 0.00281095691025, 0.00118513603229, 7.48892853153e-05],
        "stdev": [0.236698180437, 0.21458055079, 0.208127975464, 0.137817978859, 0.076899766922, 0.0838013365865]
    },
    "beats_position": [0.580498874187, 1.19582760334, 1.8111563921, 2.42648530006, 2.9837641716, 3.54104304314, 4.09832191467, 4.66721057892, 5.24770975113, 5.8282084465, 6.38548755646, 6.94276618958, 7.47682523727, 8.0224943161, 8.56816291809, 9.0906124115, 9.62467098236, 10.1471195221, 10.6811790466, 11.2152376175, 11.749297142, 12.2833557129],
