{
"metadata": {
    "version": {
        "essentia": "2.1-beta5",
        "essentia_git_sha": "Undefined",
        "extractor": "music 2.0"
    },
    "audio_properties": {
        "analysis": {
            "equal_loudness": 0,
            "length": 48.7502937317,
            "sample_rate": 44100,
            "start_time": 45.2440834045,
            "downmix": "mix"
        },
        "bit_rate": 192000,
        "length": 192.284454346,
        "lossless": 0,
        "number_channels": 2,
        "replay_gain": -7.44471740723,
        "sample_rate": 48000,
        "codec": "mp3",
        "md5_encoded": "1517e28aa31c9cdd759b96e7e6998e30"
    },
    "tags": {
        "file_name": "Netherlands_Een Speeldoos_Annie Palmen.mp3",
        "encoding": ["Lavf58.29.100"]
    }
},
"lowlevel": {
    "average_loudness": 0.760791778564,
    "barkbands_crest": {
        "max": 24.8129367828,
        "mean": 11.5869216919,
        "min": 3.43362307549,
        "stdev": 4.39602231979
    },
    "barkbands_flatness_db": {
        "max": 0.375577360392,
        "mean": 0.230605393648,
        "min": 0.102573283017,
        "stdev": 0.0415186062455
    },
    "barkbands_kurtosis": {
        "max": 66.7914962769,
        "mean": 4.53522777557,
        "min": -1.65909385681,
        "stdev": 6.85388040543
    },
    "barkbands_skewness": {
        "max": 7.35805797577,
        "mean": 1.31148791313,
        "min": -2.23121738434,
        "stdev": 1.13856208324
    },
    "barkbands_spread": {
        "max": 53.8355751038,
        "mean": 10.4279956818,
        "min": 0.76636916399,
        "stdev": 6.53488492966
    },
    "dissonance": {
        "max": 0.500000119209,
        "mean": 0.430749475956,
        "min": 0.22128637135,
        "stdev": 0.0419716387987
    },
    "dynamic_complexity": 3.59396576881,
    "erbbands_crest": {
        "max": 30.6637763977,
        "mean": 12.1251878738,
        "min": 3.17704057693,
        "stdev": 5.03321886063
    },
    "erbbands_flatness_db": {
        "max": 0.41018679738,
        "mean": 0.261580437422,
        "min": 0.135859534144,
        "stdev": 0.0443219952285
    },
    "erbbands_kurtosis": {
        "max": 46.0264472961,
        "mean": 1.8860065937,
        "min": -1.76971316338,
        "stdev": 4.03829336166
    },
    "erbbands_skewness": {
        "max": 5.11003923416,
        "mean": 0.775718450546,
        "min": -2.6444132328,
        "stdev": 0.850136876106
    },
    "erbbands_spread": {
        "max": 92.4569854736,
        "mean": 20.9555873871,
        "min": 1.76894009113,
        "stdev": 12.1431512833
    },
    "hfc": {
        "max": 126.593177795,
        "mean": 11.1863565445,
        "min": 0.0689139962196,
        "stdev": 14.4799900055
    },
    "loudness_ebu128": {
        "integrated": -18.4086971283,
        "loudness_range": 5.97662353516,
        "momentary": {
            "max": -11.7899570465,
            "mean": -19.5278720856,
            "min": -28.6726608276,
            "stdev": 3.20652747154
        },
        "short_term": {
            "max": -15.0484409332,
            "mean": -18.8081760406,
            "min": -24.0522155762,
            "stdev": 2.06069040298
        }
    },
    "melbands_crest": {
        "max": 30.9524002075,
        "mean": 13.7680053711,
        "min": 4.25014781952,
        "stdev": 5.21376800537
    },
    "melbands_flatness_db": {
        "max": 0.430518835783,
        "mean": 0.266615271568,
        "min": 0.0806503966451,
        "stdev": 0.0517621040344
    },
    "melbands_kurtosis": {
        "max": 105.322181702,
        "mean": 7.44152975082,
        "min": -1.85591638088,
        "stdev": 9.51710700989
    },
    "melbands_skewness": {
        "max": 8.05974197388,
        "mean": 1.66638219357,
        "min": -1.72015559673,
        "stdev": 1.26015079021
    },
    "melbands_spread": {
        "max": 71.9682312012,
        "mean": 13.8564758301,
        "min": 1.17407917976,
        "stdev": 8.30966663361
    },
    "pitch_salience": {
        "max": 0.874074518681,
        "mean": 0.543603658676,
        "min": 0.167160302401,
        "stdev": 0.115908198059
    },
    "silence_rate_20dB": {
        "max": 1,
        "mean": 1,
        "min": 1,
        "stdev": 0
    },
    "silence_rate_30dB": {
        "max": 1,
        "mean": 0.993336498737,
        "min": 0,
        "stdev": 0.0813587009907
    },
    "silence_rate_60dB": {
        "max": 1,
        "mean": 0.0866254195571,
        "min": 0,
        "stdev": 0.281286686659
    },
    "spectral_centroid": {
        "max": 3062.67163086,
        "mean": 826.260070801,
        "min": 244.541687012,
        "stdev": 363.783447266
    },
    "spectral_complexity": {
        "max": 29,
        "mean": 11.5530700684,
        "min": 0,
        "stdev": 4.33362293243
    },
    "spectral_decrease": {
        "max": -3.15101868209e-11,
        "mean": -4.3067287514e-09,
        "min": -4.56249473757e-08,
        "stdev": 4.86678475298e-09
    },
    "spectral_energy": {
        "max": 0.180139765143,
        "mean": 0.0172692071646,
        "min": 0.000125177102746,
        "stdev": 0.0195618458092
    },
    "spectral_energyband_high": {
        "max": 0.00344085437246,
        "mean": 9.35824064072e-05,
        "min": 1.37057284633e-07,
        "stdev": 0.000260969740339
    },
    "spectral_energyband_low": {
        "max": 0.0219717770815,
        "mean": 0.00137645134237,
        "min": 6.42518671157e-06,
        "stdev": 0.0021488184575
    },
    "spectral_energyband_middle_high": {
        "max": 0.125297799706,
        "mean": 0.00444208923727,
        "min": 7.70569113229e-06,
        "stdev": 0.00916790217161
    },
    "spectral_energyband_middle_low": {
        "max": 0.177138119936,
        "mean": 0.0116224018857,
        "min": 0.000107134212158,
        "stdev": 0.0158066637814
    },
    "spectral_entropy": {
        "max": 8.2266626358,
        "mean": 6.87614965439,
        "min": 5.65248966217,
        "stdev": 0.384775608778
    },
    "spectral_flux": {
        "max": 0.362620145082,
        "mean": 0.0627767667174,
        "min": 0.00759986415505,
        "stdev": 0.040890108794
    },
    "spectral_kurtosis": {
        "max": 45.5661010742,
        "mean": 10.1608705521,
        "min": -1.0802077055,
        "stdev": 6.92194128036
    },
    "spectral_rms": {
        "max": 0.0132569270208,
        "mean": 0.00366193475202,
        "min": 0.000349462439772,
        "stdev": 0.00185425265227
    },
    "spectral_rolloff": {
        "max": 6029.296875,
        "mean": 914.24230957,
        "min": 86.1328125,
        "stdev": 552.071777344
    },
    "spectral_skewness": {
        "max": 5.10375118256,
        "mean": 2.12069606781,
        "min": -0.00011433603504,
        "stdev": 0.768477380276
    },
    "spectral_spread": {
        "max": 8672129,
        "mean": 2592500.25,
        "min": 1282828.875,
        "stdev": 803756.125
    },
    "spectral_strongpeak": {
        "max": 11.3904619217,
        "mean": 1.29372346401,
        "min": 0.0203950442374,
        "stdev": 1.39275801182
    },
    "zerocrossingrate": {
        "max": 0.1474609375,
        "mean": 0.0357042588294,
        "min": 0.00390625,
        "stdev": 0.0154179185629
    },
    "barkbands": {
        "max": [0.000489071884658, 0.0090300925076, 0.0151101127267, 0.00536447856575, 0.0398996770382, 0.110304065049, 0.161676391959, 0.0458333157003, 0.0797321796417, 0.115891337395, 0.0934951156378, 0.0407115928829, 0.0215724613518, 0.0146303977817, 0.00546028790995, 0.00582884298638, 0.00542059587315, 0.002906531794, 0.000860058353283, 0.00281063141301, 0.00124884454999, 0.00145135656931, 0.00071084627416, 0.000412596331444, 2.56656294368e-05, 1.38919585879e-06, 1.47057255617e-06],
        "mean": [1.01304249256e-05, 0.000868640374392, 0.000390778819565, 0.000265136244707, 0.00210051075555, 0.00291174626909, 0.00279206945561, 0.00123160763178, 0.00202736561187, 0.00119664135855, 0.00124546617735, 0.00081341637997, 0.00038582101115, 0.0003376302775, 0.000144283345435, 0.000151142507093, 0.000118547563034, 9.08831643756e-05, 5.78012150072e-05, 8.82462263689e-05, 1.59705541591e-05, 1.21038619909e-05, 9.28868666961e-06, 3.47660238731e-06, 5.1814362223e-07, 1.26673449508e-09, 1.2628308399e-09],
        "min": [1.34773694427e-08, 7.89200612417e-07, 4.19629259341e-07, 2.12402440525e-07, 6.98587518855e-06, 8.46864531923e-06, 1.91745198208e-06, 2.36219671024e-06, 1.34109893679e-06, 7.45605575503e-07, 4.65330060706e-07, 2.91304019129e-07, 4.1127697159e-07, 5.39028292224e-07, 3.01631644106e-07, 2.41242304355e-07, 3.58446158089e-07, 1.60362702673e-07, 1.4576599483e-07, 8.08338427305e-08, 1.28990294002e-08, 3.20158832778e-08, 1.66007989577e-08, 1.22772405575e-08, 1.45752894198e-08, 2.20400173806e-11, 2.88478980287e-11],
        "stdev": [2.34696999541e-05, 0.00137145910412, 0.00114887452219, 0.000415289541706, 0.00350642763078, 0.00713230669498, 0.00983693264425, 0.00293366587721, 0.0060373339802, 0.00501423794776, 0.00501163024455, 0.00298818736337, 0.00124365603551, 0.000964996812399, 0.00039629774983, 0.000474551983643, 0.000347027962562, 0.00020655420667, 0.00010374768317, 0.000238092936343, 6.83199759806e-05, 5.86363894399e-05, 4.38618517364e-05, 1.93951273104e-05, 1.61252910402e-06, 3.03064595641e-08, 3.20802335807e-08]
    },
    "erbbands": {
        "max": [0.208368912339, 2.45996904373, 18.1080989838, 10.4676933289, 55.8348922729, 189.440414429, 865.32208252, 934.128417969, 2076.99194336, 3315.01098633, 909.869384766, 1403.91845703, 2407.69604492, 1794.42956543, 3178.52270508, 2026.40368652, 1126.74182129, 554.483581543, 264.718780518, 365.740234375, 247.259262085, 369.168548584, 182.693756104, 135.554489136, 40.0577735901, 166.468902588, 62.5271186829, 65.7488250732, 53.7618141174, 27.5943393707, 22.7084236145, 13.5412092209, 3.91010761261, 0.54958987236, 0.0627937912941, 0.00558358756825, 0.00256863050163, 0.000911697046831, 0.000209381818422, 0.000202638810151],
        "mean": [0.0143285831437, 0.230427205563, 0.533355593681, 0.637023568153, 2.25988507271, 8.94494533539, 18.4058609009, 23.2358989716, 24.725851059, 54.1947822571, 27.5698642731, 39.5158500671, 45.5076065063, 42.1778450012, 44.0686187744, 29.891292572, 19.1227684021, 17.2223682404, 9.85426712036, 9.03019142151, 7.91261148453, 6.8803768158, 4.93087291718, 3.98068261147, 2.57852339745, 4.45933818817, 1.50997424126, 0.467894166708, 0.437653630972, 0.387955576181, 0.241242572665, 0.111116863787, 0.0398660413921, 0.0112046711147, 0.00127038639039, 5.75740741624e-05, 1.12272300612e-05, 2.95865402222e-06, 9.03189175006e-06, 1.99582118512e-05],
        "min": [2.97083370242e-05, 0.000319821876474, 0.00142212479841, 0.00598785327747, 0.0181696545333, 0.0290826056153, 0.0674435123801, 0.0700392648578, 0.0644440725446, 0.0258237291127, 0.0779554098845, 0.0547022633255, 0.0415550321341, 0.0226427130401, 0.0246721096337, 0.0130658177659, 0.0211114361882, 0.0354707874358, 0.0186213087291, 0.0168207604438, 0.0224833283573, 0.0191018413752, 0.00971527956426, 0.0131633793935, 0.0060367314145, 0.0031280813273, 0.000762052077334, 0.000646370172035, 0.00130560842808, 0.00075199897401, 0.000424801197369, 0.000334044394549, 0.000165922450833, 0.000223574388656, 6.91100067343e-05, 5.94422226641e-06, 6.96512017839e-07, 1.51132041992e-07, 3.57598707978e-07, 3.08012062078e-07],
        "stdev": [0.0246496461332, 0.370142757893, 1.37070810795, 0.863064825535, 3.8340947628, 15.9628858566, 48.3363265991, 59.3586807251, 85.7434844971, 193.321578979, 64.1902313232, 116.157470703, 164.626724243, 117.710693359, 155.259246826, 108.493110657, 61.351146698, 44.5403175354, 25.8098335266, 26.4327125549, 20.069355011, 18.5420951843, 10.6201810837, 7.82979869843, 4.89363479614, 12.734919548, 4.23477458954, 2.53279542923, 2.24845218658, 1.61884701252, 1.2082978487, 0.655801892281, 0.198869347572, 0.0383336320519, 0.00340889021754, 0.000173696185811, 5.72889548494e-05, 2.01046859729e-05, 1.08825524876e-05, 2.2563532184e-05]
    },
    "gfcc": {
        "mean": [-101.588882446, 168.444610596, -158.415481567, 20.0577411652, -68.6498794556, -4.05734586716, -29.7503910065, -8.07306003571, -9.01925182343, -17.5052680969, 9.23896026611, -17.9557666779, 8.49067592621],
        "cov": [[1910.13232422, -236.666870117, -625.409606934, -91.5241165161, -98.1334381104, -247.046920776, 250.867477417, -40.8473548889, 83.2211837769, -57.6928710938, 76.5533905029, 63.1393890381, -85.8508529663], [-236.666870117, 498.766326904, 249.10508728, -125.146179199, 240.005203247, -11.7118358612, 39.8070526123, 53.5626792908, -6.74978780746, -0.663545012474, 20.9706573486, -22.5019817352, 27.7848911285], [-625.409606934, 249.10508728, 731.618530273, 219.710647583, 38.3647575378, 157.36227417, -101.761863708, 23.3541908264, 16.3025054932, 75.6073989868, 0.997954130173, -13.5096616745, 27.2137451172], [-91.5241165161, -125.146179199, 219.710647583, 449.913574219, 10.0844974518, 58.4152603149, -82.6237640381, 40.1569747925, 74.2665557861, 51.2121124268, -6.37938261032, 9.83072662354, 5.04539775848], [-98.1334381104, 240.005203247, 38.3647575378, 10.0844974518, 293.13671875, 49.1335754395, 46.7669029236, 74.2285842896, 25.5536117554, 2.28779983521, 4.16767883301, 4.58057069778, 24.8983478546], [-247.046920776, -11.7118358612, 157.36227417, 58.4152603149, 49.1335754395, 378.697937012, 106.50717926, 5.67470741272, -31.6891212463, 25.605348587, -17.8311481476, -13.4598588943, 4.32359361649], [250.867477417, 39.8070526123, -101.761863708, -82.6237640381, 46.7669029236, 106.50717926, 266.018218994, 53.4564628601, -35.2221107483, -5.90544891357, 27.9892692566, 7.17555856705, 2.63856601715], [-40.8473548889, 53.5626792908, 23.3541908264, 40.1569747925, 74.2285842896, 5.67470741272, 53.4564628601, 140.182037354, 63.9140625, 15.389957428, -6.92963600159, -2.66607165337, 13.695848465], [83.2211837769, -6.74978780746, 16.3025054932, 74.2665557861, 25.5536117554, -31.6891212463, -35.2221107483, 63.9140625, 145.12411499, 51.9905166626, 2.45079898834, 6.05430221558, -10.7887029648], [-57.6928710938, -0.663545012474, 75.6073989868, 51.2121124268, 2.28779983521, 25.605348587, -5.90544891357, 15.389957428, 51.9905166626, 108.219482422, 42.856010437, -12.1539783478, -3.41823768616], [76.5533905029, 20.9706573486, 0.997954130173, -6.37938261032, 4.16767883301, -17.8311481476, 27.9892692566, -6.92963600159, 2.45079898834, 42.856010437, 98.6245193481, 41.9522361755, -5.54088592529], [63.1393890381, -22.5019817352, -13.5096616745, 9.83072662354, 4.58057069778, -13.4598588943, 7.17555856705, -2.66607165337, 6.05430221558, -12.1539783478, 41.9522361755, 89.0886764526, 29.6134319305], [-85.8508529663, 27.7848911285, 27.2137451172, 5.04539775848, 24.8983478546, 4.32359361649, 2.63856601715, 13.695848465, -10.7887029648, -3.41823768616, -5.54088592529, 29.6134319305, 76.0448913574]],
        "icov": [[0.00135812885128, 0.000192235675058, 0.000525132287294, -0.000446684018243, 8.0603735114e-05, 0.00104114017449, -0.00225622695871, 0.00188326940406, -0.00213622814044, 0.00121060421225, -0.000594497774728, -2.87320508505e-05, 0.000677466043271], [0.000192235675058, 0.0119845112786, -0.00653930287808, 0.00521217752248, -0.00924314185977, 0.00376642448828, -0.00292236334644, 0.00185519037768, -0.00310236006044, 0.00583482161164, -0.00613804906607, 0.00761273317039, -0.00317761581391], [0.000525132287294, -0.00653930287808, 0.00594856543466, -0.00370201631449, 0.00504460185766, -0.00258310302161, 0.00189111300278, -0.000978203606792, 0.00158768170513, -0.00363298878074, 0.00268013658933, -0.00390268396586, 0.00148173829075], [-0.000446684018243, 0.00521217752248, -0.00370201631449, 0.00552583113313, -0.00395290460438, 0.000755603716243, 0.000484925316414, -0.000715118949302, -0.0012519992888, 0.00133712228853, -0.00182595744263, 0.00224971491843, -0.00121388549451], [8.0603735114e-05, -0.00924314185977, 0.00504460185766, -0.00395290460438, 0.0113831628114, -0.00341293890961, 0.00190168921836, -0.00309486500919, 0.00133419863414, -0.00293543306179, 0.00310000707395, -0.00483746407554, 0.00105063337833], [0.00104114017449, 0.00376642448828, -0.00258310302161, 0.000755603716243, -0.00341293890961, 0.006172882393, -0.00510014174506, 0.00313283409923, -0.00125880376436, 0.000203160569072, 0.00105861388147, 0.000742638425436, 0.00067120330641], [-0.00225622695871, -0.00292236334644, 0.00189111300278, 0.000484925316414, 0.00190168921836, -0.00510014174506, 0.0114099839702, -0.00786003377289, 0.00655271857977, -0.00285663199611, -0.000785347307101, -0.00131163944025, -0.000246501818765], [0.00188326940406, 0.00185519037768, -0.000978203606792, -0.000715118949302, -0.00309486500919, 0.00313283409923, -0.00786003377289, 0.0163258071989, -0.0102303866297, 0.00423763832077, -0.00102860550396, 0.00346430088393, -0.00267156073824], [-0.00213622814044, -0.00310236006044, 0.00158768170513, -0.0012519992888, 0.00133419863414, -0.00125880376436, 0.00655271857977, -0.0102303866297, 0.0194956157357, -0.0133859142661, 0.00900237634778, -0.0093509266153, 0.00594818918034], [0.00121060421225, 0.00583482161164, -0.00363298878074, 0.00133712228853, -0.00293543306179, 0.000203160569072, -0.00285663199611, 0.00423763832077, -0.0133859142661, 0.0271003842354, -0.0199867002666, 0.0171634480357, -0.00808933842927], [-0.000594497774728, -0.00613804906607, 0.00268013658933, -0.00182595744263, 0.00310000707395, 0.00105861388147, -0.000785347307101, -0.00102860550396, 0.00900237634778, -0.0199867002666, 0.0302827116102, -0.0217140223831, 0.0109120439738], [-2.87320508505e-05, 0.00761273317039, -0.00390268396586, 0.00224971491843, -0.00483746407554, 0.000742638425436, -0.00131163944025, 0.00346430088393, -0.0093509266153, 0.0171634480357, -0.0217140223831, 0.0310277454555, -0.0148234805092], [0.000677466043271, -0.00317761581391, 0.00148173829075, -0.00121388549451, 0.00105063337833, 0.00067120330641, -0.000246501818765, -0.00267156073824, 0.00594818918034, -0.00808933842927, 0.0109120439738, -0.0148234805092, 0.0217817239463]]
    },
    "melbands": {
        "max": [0.00226654391736, 0.00668228324503, 0.00181208737195, 0.0075457864441, 0.0225667990744, 0.0190331470221, 0.0342448875308, 0.031431760639, 0.010419071652, 0.00898965168744, 0.0138845425099, 0.00985978357494, 0.0136954262853, 0.00603034067899, 0.00497723603621, 0.0025840215385, 0.00132651231252, 0.000664280203637, 0.000552609970327, 0.000542079564184, 0.00034041662002, 0.000476512679597, 0.000189760161447, 0.000111422683403, 0.000114502530778, 4.44299766968e-05, 7.60581388022e-05, 0.000152782609803, 3.77470169042e-05, 3.00830415654e-05, 3.95018359995e-05, 3.60792109859e-05, 1.93030755327e-05, 1.76287649083e-05, 1.23216404972e-05, 1.30779890242e-05, 7.17139255357e-06, 3.59915497938e-06, 1.14075999136e-06, 4.44446470738e-07],
        "mean": [0.000192977880943, 0.000288550683763, 0.000148664577864, 0.000383376085665, 0.000609301379882, 0.000524769420736, 0.000436896516476, 0.000534520251676, 0.000219254099648, 0.000265476235654, 0.000230961857596, 0.000171556705027, 0.00017186209152, 9.55863652052e-05, 6.18794874754e-05, 3.49532310793e-05, 3.08075686917e-05, 1.74812503246e-05, 1.1316963537e-05, 1.14917575047e-05, 8.64952471602e-06, 7.71606300987e-06, 4.67487052447e-06, 4.21927643401e-06, 3.16665114042e-06, 1.93408686755e-06, 2.17680690184e-06, 3.21021070704e-06, 1.18314551401e-06, 3.29698224277e-07, 2.27595904789e-07, 2.39844609951e-07, 2.45604866222e-07, 2.04556982908e-07, 1.46909854948e-07, 9.92065523064e-08, 5.54744055137e-08, 3.17051416232e-08, 1.4352194988e-08, 7.50004058858e-09],
        "min": [3.05018204472e-07, 7.36667175261e-07, 1.33897685828e-06, 1.11393478619e-06, 2.13632461055e-06, 1.18171590202e-06, 1.12255190743e-06, 2.25092918527e-07, 6.30676595392e-07, 2.15956433181e-07, 1.62472801435e-07, 1.00048431761e-07, 6.74371207765e-08, 4.66082852313e-08, 4.92335630042e-08, 3.93426518031e-08, 5.74830139044e-08, 1.4169869722e-08, 1.95680733839e-08, 2.08806056889e-08, 2.73330904577e-08, 2.18371756233e-08, 1.18489200673e-08, 7.95024845957e-09, 9.57272039415e-09, 4.06787847851e-09, 3.89519350108e-09, 1.69678726625e-09, 5.16620857205e-10, 2.86317858311e-10, 4.01718353027e-10, 6.82775946892e-10, 6.62297383602e-10, 3.70999481136e-10, 2.61791616163e-10, 2.15893844469e-10, 1.95146176996e-10, 1.03800169848e-10, 1.41809813892e-10, 2.0081064589e-10],
        "stdev": [0.000308838440105, 0.00056186306756, 0.000186562960153, 0.000641157210339, 0.00137066561729, 0.00128916976973, 0.00148092885502, 0.00178101065103, 0.000639197882265, 0.000795525265858, 0.000858187617268, 0.000510910118464, 0.000687983934768, 0.000387262844015, 0.000218700195546, 0.000106704086647, 9.02439714991e-05, 5.39775755897e-05, 2.96570760838e-05, 4.12084809795e-05, 2.40504159592e-05, 2.35480601987e-05, 1.17784848044e-05, 8.97445625014e-06, 6.56169231661e-06, 3.59454702448e-06, 5.14439489052e-06, 9.75175953499e-06, 3.43142141901e-06, 1.68083590779e-06, 1.42179260365e-06, 1.39250425946e-06, 1.02539274849e-06, 8.75998011907e-07, 7.0426892762e-07, 6.09013909525e-07, 3.30078421484e-07, 1.69147980955e-07, 5.9005571984e-08, 2.36027304368e-08]
    },
    "melbands128": {
        "max": [0.000438869989011, 0.00118175731041, 0.0040542432107, 0.00511247245595, 0.0107338512316, 0.00541854277253, 0.00229393085465, 0.00250030541793, 0.00625708373263, 0.00868524890393, 0.014944890514, 0.0188835673034, 0.0431002862751, 0.0492130666971, 0.0355066247284, 0.0366413332522, 0.0207944642752, 0.0639926195145, 0.0581705123186, 0.0659774392843, 0.0153210442513, 0.0152316652238, 0.0126681756228, 0.0243483874947, 0.0159037522972, 0.0201934911311, 0.0319217294455, 0.023165890947, 0.0416302531958, 0.0149001274258, 0.00721758697182, 0.0176855958998, 0.0229961760342, 0.00638312427327, 0.00956099946052, 0.009810985066, 0.00871119182557, 0.0104435319081, 0.00401510717347, 0.00490497145802, 0.00264251651242, 0.00190976052545, 0.0011565706227, 0.0040304553695, 0.00163197715301, 0.00110122654587, 0.000690015265718, 0.000953345093876, 0.00108300382271, 0.00138090120163, 0.0010365259368, 0.000993282068521, 0.000428825587733, 0.000903235340957, 0.000725405057892, 0.000994209665805, 0.000262067478616, 0.000230334990192, 0.000395450275391, 0.00022477802122, 0.000240797948209, 0.000289482879452, 0.000255551130977, 7.92116989032e-05, 8.66836708155e-05, 7.35496796551e-05, 4.11713081121e-05, 5.93666482018e-05, 8.06391108199e-05, 0.000287708244286, 0.000238733671722, 0.000180524337338, 0.000114836155262, 4.41096126451e-05, 6.39723075437e-05, 4.43319804617e-05, 4.12044173572e-05, 7.06115533831e-05, 3.87470245187e-05, 3.97554431402e-05, 4.18329509557e-05, 3.47423956555e-05, 2.42863789026e-05, 1.79218841367e-05, 1.752101889e-05, 1.97509907593e-05, 2.00543381652e-05, 1.55636716954e-05, 1.04921764432e-05, 1.94079129869e-05, 2.11825790757e-05, 1.50494297486e-05, 1.08981184894e-05, 7.79873062129e-06, 6.13074416833e-06, 6.29736587143e-06, 2.78091306427e-06, 1.14221859349e-06, 1.82653354841e-06, 7.10650340352e-07, 7.0750775194e-07, 4.57098707329e-07, 2.19829900061e-07, 1.11824974169e-07, 1.31325554875e-08, 1.13802176571e-08, 1.05672128825e-08, 1.0032933595e-08, 9.56569579103e-09, 9.16095199699e-09, 8.78012063055e-09, 8.4712974413e-09, 8.15165268619e-09, 7.83455611497e-09, 7.55779883121e-09, 7.29803018018e-09, 7.09495617812e-09, 6.8772454398e-09, 6.66778099401e-09, 6.5108007874e-09, 6.36411900956e-09, 6.21796303335e-09, 6.09462791346e-09, 5.98313887323e-09, 5.89935256201e-09, 5.83394177411e-09, 5.78156900133e-09, 5.75005820735e-09],
        "mean": [6.9519628596e-06, 6.20884820819e-05, 0.000281053682556, 0.000423995050369, 0.00033459730912, 0.000159486036864, 0.00010958025814, 0.000145567944855, 0.000193395666429, 0.000353040290065, 0.000555569131393, 0.000514948333148, 0.000620194885414, 0.000760747003369, 0.000538223364856, 0.000424657569965, 0.00028951454442, 0.000359959580237, 0.000677540374454, 0.000804903334938, 0.000307730777422, 0.000227455195272, 0.000167931895703, 0.000284516514512, 0.000220957168494, 0.000282044027699, 0.000324007094605, 0.000168572209077, 0.00024070602376, 0.000148911232827, 0.00012260148651, 0.000253354490269, 0.00020847551059, 7.61250194046e-05, 0.000129909443785, 9.03906984604e-05, 5.92454016441e-05, 7.82934221206e-05, 5.03876399307e-05, 3.2963736885e-05, 2.27249893214e-05, 5.3312509408e-05, 2.63363053818e-05, 2.60829474428e-05, 2.61011882685e-05, 1.49529569171e-05, 7.7710919868e-06, 1.14193662739e-05, 1.17790732475e-05, 1.41311038533e-05, 1.13142814371e-05, 8.98780035641e-06, 1.00425068013e-05, 7.86645068729e-06, 7.1905715231e-06, 1.00921233752e-05, 5.37185451321e-06, 4.39951554654e-06, 4.89131571157e-06, 4.09234826293e-06, 4.50788138551e-06, 4.09933909395e-06, 2.97295514429e-06, 2.90399771075e-06, 3.63024309991e-06, 1.49235484059e-06, 1.21162292999e-06, 1.78338950718e-06, 1.99936971512e-06, 3.31467254e-06, 3.87659792978e-06, 2.91982200906e-06, 1.86956708603e-06, 8.16229658085e-07, 4.4174055347e-07, 3.37919971116e-07, 2.71206147318e-07, 2.71771170901e-07, 2.14553068645e-07, 1.87916256777e-07, 2.35376049318e-07, 2.58713527046e-07, 2.599680613e-07, 2.45993135195e-07, 2.38293381472e-07, 2.11991704191e-07, 2.00655833282e-07, 1.70957378032e-07, 1.43359045524e-07, 1.3302981472e-07, 1.12524048745e-07, 9.1982414574e-08, 7.12968954986e-08, 5.49522845006e-08, 4.63846774323e-08, 3.99476789426e-08, 2.91526944807e-08, 1.8008840641e-08, 1.61417101907e-08, 1.07669961835e-08, 9.88495596488e-09, 7.51887174744e-09, 3.9269454355e-09, 2.1965422814e-09, 3.71885550132e-10, 8.57918458497e-11, 8.72292099663e-11, 1.58925147348e-11, 8.13504125174e-12, 7.8032112022e-12, 7.49675235084e-12, 7.23375222569e-12, 6.96857285418e-12, 6.70559094362e-12, 6.47600159262e-12, 6.26650857941e-12, 6.09179200139e-12, 5.9108841953e-12, 5.74501167125e-12, 5.60861686955e-12, 5.47465805328e-12, 5.35471667007e-12, 5.25717013325e-12, 5.15810137658e-12, 5.04471638074e-12, 4.91470015726e-12, 4.83193519918e-12, 4.80006269107e-12],
        "min": [1.51081513966e-09, 8.41721217171e-08, 2.78012883825e-08, 2.04131737291e-07, 8.87317241904e-08, 1.38973305752e-07, 9.44588549601e-08, 5.8470533304e-08, 1.8377133415e-07, 3.25349731156e-07, 1.27000234329e-07, 1.53477529352e-07, 1.69011855178e-07, 9.21848140933e-07, 6.29225382909e-07, 5.17297067404e-08, 2.96962753055e-07, 1.46290929592e-07, 1.5391842112e-07, 1.03973867738e-07, 1.41790224006e-07, 9.77398926238e-08, 1.43240086459e-07, 1.14965430953e-07, 1.5183995572e-07, 9.4293852726e-08, 2.6964130484e-08, 6.01108922638e-08, 1.60461777199e-08, 7.63736167642e-08, 3.31558496214e-08, 3.59587595256e-08, 2.46175506646e-08, 3.65818095815e-08, 3.03243190558e-08, 2.10739656836e-08, 1.25576224974e-08, 2.61480295194e-08, 1.11391562641e-08, 1.35085809205e-08, 1.61744306837e-08, 1.65023443799e-08, 3.47022464098e-08, 1.0422190222e-08, 1.26611157114e-08, 8.958072506e-09, 9.5582022297e-09, 1.38336559985e-08, 1.44015590564e-08, 8.5912041925e-09, 1.24439889504e-08, 1.45577798705e-08, 1.37895108665e-08, 1.60100768198e-08, 1.24314549765e-08, 1.3546127775e-08, 1.01656798535e-08, 1.01569028743e-08, 8.31643465204e-09, 3.82025744372e-09, 6.69189770264e-09, 6.26689189431e-09, 3.44634720761e-09, 4.69778305145e-09, 4.85559459307e-09, 4.30145918884e-09, 2.05744488113e-09, 4.47960557537e-09, 4.82236917065e-09, 1.48352752305e-09, 1.70433900326e-09, 1.91333793254e-09, 8.00382482513e-10, 2.03300001833e-10, 2.18494042303e-10, 3.17183501686e-10, 3.23863130758e-10, 2.20203702495e-10, 5.27115906479e-10, 4.12176653919e-10, 4.14309697661e-10, 7.91421650437e-10, 1.35427669079e-09, 4.42855530025e-10, 4.19407564234e-10, 2.5249269342e-10, 4.80358974819e-10, 3.24901272553e-10, 3.16997789129e-10, 7.47361894593e-11, 2.74566258618e-10, 1.9062371126e-10, 2.66808575233e-10, 1.79144157841e-10, 1.99234934106e-10, 1.17109419384e-10, 5.24560742066e-11, 1.30890145944e-10, 9.02614996634e-11, 1.36428285336e-10, 3.43617995169e-10, 2.01175243131e-10, 6.55847390285e-11, 6.86296366958e-11, 5.5307000299e-12, 3.03065190131e-13, 1.38165967925e-13, 1.43797015853e-13, 7.07277999731e-14, 8.46175411099e-14, 8.60938111167e-14, 9.25102415462e-14, 9.9876385645e-14, 9.19376879314e-14, 6.322662527e-14, 8.99482921414e-14, 6.96771538578e-14, 8.62097800916e-14, 1.00034591071e-13, 9.84119469943e-14, 8.34203515185e-14, 9.43862772228e-14, 7.92388005796e-14, 6.7928755882e-14, 5.56227901737e-14, 2.4720588803e-14, 3.31722348463e-15, 1.19663706121e-16],
        "stdev": [2.00660051632e-05, 0.00012687126582, 0.000515099673066, 0.000708501611371, 0.000829584198073, 0.000438380229753, 0.000175319088157, 0.000225942596444, 0.000402442819905, 0.000742095988244, 0.00114846730139, 0.00120041810442, 0.00205786782317, 0.00237202155404, 0.00175502011552, 0.00158467423171, 0.00105964415707, 0.00219262088649, 0.00280755246058, 0.00342400814407, 0.000891966396011, 0.00067021290306, 0.000693055277225, 0.00140408566222, 0.000981806777418, 0.00113450177014, 0.001512317569, 0.00107090827078, 0.00137799466029, 0.000663832353894, 0.00043610658031, 0.00120216386858, 0.00109691801481, 0.000385537714465, 0.000623700616416, 0.000523555732798, 0.00039495981764, 0.000350059999619, 0.000231086116401, 0.000201941104024, 9.82880883384e-05, 0.000161289935932, 8.84874098119e-05, 0.000192916573724, 9.67106461758e-05, 6.51391019346e-05, 3.69363988284e-05, 3.5301749449e-05, 4.58327413071e-05, 6.45679901936e-05, 6.079826926e-05, 4.8323552619e-05, 2.63413821813e-05, 4.00904827984e-05, 3.56898272003e-05, 4.11729051848e-05, 1.41818563861e-05, 1.4903630472e-05, 1.79605249286e-05, 1.16714127216e-05, 1.228975907e-05, 1.37508968692e-05, 1.11058561743e-05, 6.41265751256e-06, 7.80160189606e-06, 3.7181675907e-06, 3.28851660925e-06, 4.68354573968e-06, 5.12680571774e-06, 1.25835767903e-05, 1.43753695738e-05, 1.10946784844e-05, 6.96632287145e-06, 2.71478575087e-06, 2.47198909165e-06, 1.87977673249e-06, 1.63466643244e-06, 2.06584854823e-06, 1.34973026888e-06, 1.24675170809e-06, 1.57484168994e-06, 1.50835796831e-06, 1.20082165722e-06, 1.03764182313e-06, 9.92362515717e-07, 9.73144437921e-07, 9.31216334266e-07, 7.69915629917e-07, 6.85195573169e-07, 8.25964548312e-07, 7.15307010068e-07, 6.39780751044e-07, 4.58596446151e-07, 3.33148904019e-07, 2.75780507764e-07, 2.47487889737e-07, 1.4855208974e-07, 7.90088421354e-08, 7.88969174437e-08, 4.02257676058e-08, 3.35905454563e-08, 2.41312712035e-08, 1.18342811106e-08, 5.11565856343e-09, 7.21013027061e-10, 3.6043029672e-10, 3.54725415708e-10, 2.20831783415e-10, 2.08672468194e-10, 1.99843724902e-10, 1.91535759475e-10, 1.84798135128e-10, 1.77826087189e-10, 1.70907968333e-10, 1.64871671871e-10, 1.59204496808e-10, 1.54774124073e-10, 1.50025117329e-10, 1.45455231193e-10, 1.4203108134e-10, 1.38830807961e-10, 1.35642885812e-10, 1.32952510112e-10, 1.30519886565e-10, 1.28692972945e-10, 1.27267960059e-10, 1.26126706301e-10, 1.25439492127e-10]
    },
    "mfcc": {
        "mean": [-725.460144043, 180.267868042, -22.8923225403, 15.3186941147, -11.3315315247, -6.73262119293, -5.11243200302, -1.46505403519, -10.4484367371, 0.361552804708, -4.83852958679, -2.92866873741, 0.883561372757],
        "cov": [[2253.06274414, -378.970703125, -675.895202637, 45.6781082153, -407.967651367, -107.04864502, -96.5096206665, 152.467880249, -175.442871094, 136.800247192, -79.4998245239, 7.50166606903, 85.3069000244], [-378.970703125, 770.170654297, -52.3123397827, -71.4015808105, 120.284332275, -66.9501419067, 133.765777588, 0.192458227277, 50.7464561462, -20.5083255768, 37.7516708374, -21.5327987671, -7.04901027679], [-675.895202637, -52.3123397827, 741.814575195, 89.0327758789, 140.27835083, 148.086303711, -0.327404111624, -67.3964080811, 47.7929649353, -36.3344192505, 62.1158409119, 72.2079849243, -32.5200309753], [45.6781082153, -71.4015808105, 89.0327758789, 326.60333252, 128.565948486, -68.7845306396, -81.098274231, -9.11687088013, 21.7210693359, 15.2277793884, 5.55223703384, 40.5266647339, 62.878200531], [-407.967651367, 120.284332275, 140.27835083, 128.565948486, 308.834259033, 34.6190643311, -43.1019515991, -11.9442329407, 83.4024887085, -13.8113164902, 41.5117034912, 27.9871826172, 8.11960506439], [-107.04864502, -66.9501419067, 148.086303711, -68.7845306396, 34.6190643311, 238.110443115, 115.845504761, 30.8057956696, 28.1305828094, 4.13928794861, 31.9602336884, 18.202009201, -38.5336990356], [-96.5096206665, 133.765777588, -0.327404111624, -81.098274231, -43.1019515991, 115.845504761, 267.733734131, 73.4247283936, 31.8757781982, 13.8437423706, 11.167301178, 0.0809707567096, -28.8179454803], [152.467880249, 0.192458227277, -67.3964080811, -9.11687088013, -11.9442329407, 30.8057956696, 73.4247283936, 152.470108032, 43.0847358704, 14.1540145874, -2.63089942932, -13.4460010529, 15.0221223831], [-175.442871094, 50.7464561462, 47.7929649353, 21.7210693359, 83.4024887085, 28.1305828094, 31.8757781982, 43.0847358704, 162.109680176, 38.3366279602, 17.1282920837, 5.84975862503, -4.01345825195], [136.800247192, -20.5083255768, -36.3344192505, 15.2277793884, -13.8113164902, 4.13928794861, 13.8437423706, 14.1540145874, 38.3366279602, 118.789398193, 35.4210510254, 18.6246185303, 9.89558506012], [-79.4998245239, 37.7516708374, 62.1158409119, 5.55223703384, 41.5117034912, 31.9602336884, 11.167301178, -2.63089942932, 17.1282920837, 35.4210510254, 101.684295654, 43.1605262756, 0.918416202068], [7.50166606903, -21.5327987671, 72.2079849243, 40.5266647339, 27.9871826172, 18.202009201, 0.0809707567096, -13.4460010529, 5.84975862503, 18.6246185303, 43.1605262756, 103.279151917, 43.0946922302], [85.3069000244, -7.04901027679, -32.5200309753, 62.878200531, 8.11960506439, -38.5336990356, -28.8179454803, 15.0221223831, -4.01345825195, 9.89558506012, 0.918416202068, 43.0946922302, 107.755012512]],
        "icov": [[0.00138946867082, -0.000178812566446, 0.00110534974374, -0.00116230838466, 0.00180535565596, -0.00122627103701, 0.001491231611, -0.00166736997198, 0.00111219275277, -0.00131239101756, 0.000843015906867, -0.00140611478128, 0.000673943082802], [-0.000178812566446, 0.0024484586902, -0.000172143772943, 0.00137977441773, -0.00210775551386, 0.00253698881716, -0.00259860628285, 0.000930326408707, -0.000256813742453, 0.000616464472841, -0.00129321345594, 0.00113721936941, -0.000823927926831], [0.00110534974374, -0.000172143772943, 0.00299461907707, -0.00176883849781, 0.0014957417734, -0.00245044846088, 0.0014735488221, -0.00035956359352, 0.000141383745358, 0.000146151709487, 3.97563144361e-06, -0.00213708472438, 0.00135130609851], [-0.00116230838466, 0.00137977441773, -0.00176883849781, 0.00662275590003, -0.00467575527728, 0.00399027206004, -0.00211826222949, 0.00105329812504, -0.000253505917499, -0.000201581686269, -2.74384146906e-05, 0.000888016307727, -0.00266788923182], [0.00180535565596, -0.00210775551386, 0.0014957417734, -0.00467575527728, 0.00952253583819, -0.00490076094866, 0.00482109049335, -0.00193315884098, -0.00162823859137, 0.000407824205467, -0.000329608301399, -0.00222092913464, 0.00149441405665], [-0.00122627103701, 0.00253698881716, -0.00245044846088, 0.00399027206004, -0.00490076094866, 0.0108627732843, -0.00611830316484, 0.000796041334979, -0.000315122655593, 0.000788001168985, -0.00195718370378, 0.000923235842492, 0.00013875219156], [0.001491231611, -0.00259860628285, 0.0014735488221, -0.00211826222949, 0.00482109049335, -0.00611830316484, 0.00982393883169, -0.00456947553903, 0.00051969679771, -0.00172596611083, 0.00198603863828, -0.00327748642303, 0.00251504452899], [-0.00166736997198, 0.000930326408707, -0.00035956359352, 0.00105329812504, -0.00193315884098, 0.000796041334979, -0.00456947553903, 0.0116763496771, -0.00405381293967, 0.00228829518892, -0.00206779153086, 0.00434510502964, -0.00384304812178], [0.00111219275277, -0.000256813742453, 0.000141383745358, -0.000253505917499, -0.00162823859137, -0.000315122655593, 0.00051969679771, -0.00405381293967, 0.0103271193802, -0.00483584124595, 0.00195567449555, -0.00124496768694, 0.00131740875077], [-0.00131239101756, 0.000616464472841, 0.000146151709487, -0.000201581686269, 0.000407824205467, 0.000788001168985, -0.00172596611083, 0.00228829518892, -0.00483584124595, 0.0132490936667, -0.00568617135286, 0.000932999479119, -0.00100999686401], [0.000843015906867, -0.00129321345594, 3.97563144361e-06, -2.74384146906e-05, -0.000329608301399, -0.00195718370378, 0.00198603863828, -0.00206779153086, 0.00195567449555, -0.00568617135286, 0.0160905104131, -0.0070982221514, 0.00270626368001], [-0.00140611478128, 0.00113721936941, -0.00213708472438, 0.000888016307727, -0.00222092913464, 0.000923235842492, -0.00327748642303, 0.00434510502964, -0.00124496768694, 0.000932999479119, -0.0070982221514, 0.0185735076666, -0.00846003741026], [0.000673943082802, -0.000823927926831, 0.00135130609851, -0.00266788923182, 0.00149441405665, 0.00013875219156, 0.00251504452899, -0.00384304812178, 0.00131740875077, -0.00100999686401, 0.00270626368001, -0.00846003741026, 0.0153050655499]]
    },
    "spectral_contrast_coeffs": {
        "max": [-0.344127804041, -0.391601473093, -0.433002829552, -0.59921759367, -0.631548166275, -0.608885526657],
        "mean": [-0.663176000118, -0.70345133543, -0.714900553226, -0.76597982645, -0.790416717529, -0.783016502857],
        "min": [-0.930187642574, -0.902060508728, -0.896849036217, -0.907851219177, -0.918651640415, -0.921195447445],
        "stdev": [0.0899033844471, 0.0812699571252, 0.0762645974755, 0.0528445541859, 0.0463643744588, 0.0358023755252]
    },
    "spectral_contrast_valleys": {
        "max": [-5.52556610107, -5.25705480576, -5.38617801666, -6.31387424469, -6.64087772369, -9.34679508209],
        "mean": [-7.42115020752, -6.94985485077, -7.75906467438, -8.32738876343, -8.5481262207, -11.9118251801],
        "min": [-9.2020406723, -8.73246955872, -10.1866035461, -10.1745233536, -10.7822675705, -12.788359642],
        "stdev": [0.627647638321, 0.5546656847, 0.628707528114, 0.525892317295, 0.579039156437, 0.463338434696]
    }
},
"rhythm": {
    "beats_count": 91,
    "beats_loudness": {
        "max": 0.188100352883,
        "mean": 0.0255096554756,
        "min": 0.00172123045195,
        "stdev": 0.0279665477574
    },
    "bpm": 108.161628723,
    "bpm_histogram_first_peak_bpm": 108,
    "bpm_histogram_first_peak_weight": 0.536585330963,
    "bpm_histogram_second_peak_bpm": 103,
    "bpm_histogram_second_peak_spread": 0.428571462631,
    "bpm_histogram_second_peak_weight": 0.0888888910413,
    "danceability": 1.10973227024,
    "onset_rate": 3.0966796875,
    "beats_loudness_band_ratio": {
        "max": [0.793481707573, 0.911338865757, 0.949038505554, 0.93812161684, 0.29326069355, 0.0885784849524],
        "mean": [0.131407141685, 0.272783309221, 0.360577881336, 0.22255179286, 0.046435162425, 0.0120663186535],
        "min": [0.000287427799776, 0.00992475543171, 0.00974753499031, 0.00647178012878, 0.00197800574824, 0.000268071540631],
        "stdev": [0.164576202631, 0.238844543695, 0.235952347517, 0.239343196154, 0.0551385618746, 0.0168958157301]
    },
