{
"metadata": {
    "version": {
        "essentia": "2.1-beta5",
        "essentia_git_sha": "Undefined",
        "extractor": "music 2.0"
    },
    "audio_properties": {
        "analysis": {
            "equal_loudness": 0,
            "length": 48.7502937317,
            "sample_rate": 44100,
            "start_time": 29.0017242432,
            "downmix": "mix"
        },
        "bit_rate": 192000,
        "length": 217.025314331,
        "lossless": 0,
        "number_channels": 2,
        "replay_gain": -10.1759109497,
        "sample_rate": 48000,
        "codec": "mp3",
        "md5_encoded": "2b04be7c493b20be56a93f39db54a804"
    },
    "tags": {
        "file_name": "Sweden_En Gång I Stockholm_Monica Zetterlund.mp3",
        "encoding": ["Lavf58.29.100"]
    }
},
"lowlevel": {
    "average_loudness": 0.941320538521,
    "barkbands_crest": {
        "max": 26.2481880188,
        "mean": 11.8430604935,
        "min": 3.98022866249,
        "stdev": 4.17962598801
    },
    "barkbands_flatness_db": {
        "max": 0.41992148757,
        "mean": 0.257093906403,
        "min": 0.0501052290201,
        "stdev": 0.057844851166
    },
    "barkbands_kurtosis": {
        "max": 203.430984497,
        "mean": 7.42539358139,
        "min": -1.70145821571,
        "stdev": 13.0106048584
    },
    "barkbands_skewness": {
        "max": 12.6024103165,
        "mean": 1.59876596928,
        "min": -1.77774500847,
        "stdev": 1.34882199764
    },
    "barkbands_spread": {
        "max": 50.1018066406,
        "mean": 7.07754230499,
        "min": 0.395942360163,
        "stdev": 6.63641023636
    },
    "dissonance": {
        "max": 0.500000059605,
        "mean": 0.410405546427,
        "min": 0.170990198851,
        "stdev": 0.0538147948682
    },
    "dynamic_complexity": 2.95341229439,
    "erbbands_crest": {
        "max": 32.4679298401,
        "mean": 13.4877214432,
        "min": 2.20107388496,
        "stdev": 5.79795598984
    },
    "erbbands_flatness_db": {
        "max": 0.428170710802,
        "mean": 0.272884011269,
        "min": 0.0913738310337,
        "stdev": 0.0551479421556
    },
    "erbbands_kurtosis": {
        "max": 46.4777069092,
        "mean": 2.87028765678,
        "min": -1.77039837837,
        "stdev": 5.01239442825
    },
    "erbbands_skewness": {
        "max": 6.24168348312,
        "mean": 0.795053601265,
        "min": -3.59165644646,
        "stdev": 1.1088347435
    },
    "erbbands_spread": {
        "max": 75.7179718018,
        "mean": 15.8913431168,
        "min": 1.09059798717,
        "stdev": 12.181101799
    },
    "hfc": {
        "max": 71.9098358154,
        "mean": 13.4190378189,
        "min": 0.108035482466,
        "stdev": 10.4717969894
    },
    "loudness_ebu128": {
        "integrated": -13.978925705,
        "loudness_range": 3.05230712891,
        "momentary": {
            "max": -9.35500907898,
            "mean": -15.2895555496,
            "min": -35.9601974487,
            "stdev": 4.45268106461
        },
        "short_term": {
            "max": -11.88580513,
            "mean": -14.2981500626,
            "min": -22.1895084381,
            "stdev": 1.27473521233
        }
    },
    "melbands_crest": {
        "max": 31.8990097046,
        "mean": 14.9493227005,
        "min": 5.37828731537,
        "stdev": 5.25022411346
    },
    "melbands_flatness_db": {
        "max": 0.489679932594,
        "mean": 0.316974312067,
        "min": 0.088767118752,
        "stdev": 0.0629519894719
    },
    "melbands_kurtosis": {
        "max": 155.340332031,
        "mean": 7.84253120422,
        "min": -1.77308821678,
        "stdev": 11.4937009811
    },
    "melbands_skewness": {
        "max": 9.23302268982,
        "mean": 1.68347680569,
        "min": -1.63841676712,
        "stdev": 1.21437942982
    },
    "melbands_spread": {
        "max": 49.4897994995,
        "mean": 9.7494764328,
        "min": 0.530780255795,
        "stdev": 6.98986291885
    },
    "pitch_salience": {
        "max": 0.879703998566,
        "mean": 0.549203932285,
        "min": 0.107163079083,
        "stdev": 0.126315623522
    },
    "silence_rate_20dB": {
        "max": 1,
        "mean": 1,
        "min": 1,
        "stdev": 0
    },
    "silence_rate_30dB": {
        "max": 1,
        "mean": 0.999524056911,
        "min": 0,
        "stdev": 0.0218114126474
    },
    "silence_rate_60dB": {
        "max": 1,
        "mean": 0.0533079467714,
        "min": 0,
        "stdev": 0.224639177322
    },
    "spectral_centroid": {
        "max": 2495.29638672,
        "mean": 608.273254395,
        "min": 228.909683228,
        "stdev": 308.676422119
    },
    "spectral_complexity": {
        "max": 25,
        "mean": 11.1675395966,
        "min": 0,
        "stdev": 4.14428853989
    },
    "spectral_decrease": {
        "max": -2.64902596386e-11,
        "mean": -6.67395738674e-09,
        "min": -2.77949894212e-08,
        "stdev": 4.27792468116e-09
    },
    "spectral_energy": {
        "max": 0.110789395869,
        "mean": 0.0264062024653,
        "min": 0.000113979047455,
        "stdev": 0.0169037152082
    },
    "spectral_energyband_high": {
        "max": 0.000877267855685,
        "mean": 1.51593621922e-05,
        "min": 3.00444116874e-06,
        "stdev": 4.69428523502e-05
    },
    "spectral_energyband_low": {
        "max": 0.0267556477338,
        "mean": 0.00108800223097,
        "min": 3.2024279335e-06,
        "stdev": 0.00245152949356
    },
    "spectral_energyband_middle_high": {
        "max": 0.0548205338418,
        "mean": 0.00404599960893,
        "min": 1.42377184602e-05,
        "stdev": 0.00600121309981
    },
    "spectral_energyband_middle_low": {
        "max": 0.109425574541,
        "mean": 0.0220668241382,
        "min": 5.59778454772e-05,
        "stdev": 0.016233984381
    },
    "spectral_entropy": {
        "max": 8.23982906342,
        "mean": 6.42493772507,
        "min": 5.00906419754,
        "stdev": 0.534634411335
    },
    "spectral_flux": {
        "max": 0.225373342633,
        "mean": 0.0579227954149,
        "min": 0.00552352983505,
        "stdev": 0.0297293104231
    },
    "spectral_kurtosis": {
        "max": 70.7810287476,
        "mean": 21.1060962677,
        "min": -0.445528745651,
        "stdev": 10.307305336
    },
    "spectral_rms": {
        "max": 0.0103965001181,
        "mean": 0.00476624490693,
        "min": 0.000333465257427,
        "stdev": 0.00174499140121
    },
    "spectral_rolloff": {
        "max": 4026.70898438,
        "mean": 799.52746582,
        "min": 150.732421875,
        "stdev": 452.87197876
    },
    "spectral_skewness": {
        "max": 6.87964582443,
        "mean": 3.39179682732,
        "min": 0.520148634911,
        "stdev": 0.949739456177
    },
    "spectral_spread": {
        "max": 18613138,
        "mean": 2313252.25,
        "min": 1208248.75,
        "stdev": 909287
    },
    "spectral_strongpeak": {
        "max": 9.7672290802,
        "mean": 1.58089590073,
        "min": 0.00870820507407,
        "stdev": 1.50642609596
    },
    "zerocrossingrate": {
        "max": 0.10986328125,
        "mean": 0.0303199179471,
        "min": 0.00634765625,
        "stdev": 0.0158253517002
    },
    "barkbands": {
        "max": [8.37453808344e-06, 0.0121116675436, 0.0148763777688, 0.0364347435534, 0.0719742551446, 0.0742861032486, 0.0504789464176, 0.0536607913673, 0.0666013732553, 0.0694719105959, 0.0119302617386, 0.040670003742, 0.0338645763695, 0.0166555289179, 0.0184303093702, 0.00168645102531, 0.00140764773823, 0.00185915327165, 0.000429484876804, 0.000369965739083, 0.000409977626987, 0.000319105951348, 3.79263656214e-05, 4.45717250841e-06, 1.36477035539e-06, 1.12370992156e-06, 7.13884389825e-07],
        "mean": [5.0906692195e-07, 0.000267988158157, 0.000419927906478, 0.00113118742593, 0.0062755132094, 0.00602623727173, 0.00370669318363, 0.00245891069062, 0.00174409220926, 0.00127604347654, 0.000622498628218, 0.000554459460545, 0.00115118373651, 0.000245153903961, 0.000324153574184, 8.18761254777e-05, 5.73881115997e-05, 3.21586121572e-05, 1.13121777758e-05, 7.65232834965e-06, 4.85900363856e-06, 3.13353893944e-06, 1.36849757837e-06, 8.78806588389e-07, 6.6655769615e-07, 3.74470033648e-07, 1.83068193937e-09],
        "min": [4.19951268205e-10, 1.3209989902e-07, 3.10136584858e-07, 5.85959583077e-07, 2.5237866339e-06, 2.25960343414e-06, 2.28355293075e-06, 8.89487978384e-07, 1.26545432977e-06, 7.50600634092e-07, 5.01145848375e-07, 9.04345029085e-07, 6.18216631665e-07, 6.52881226415e-07, 6.30273518709e-07, 7.82413223988e-07, 7.98483540621e-07, 4.78678089166e-07, 3.79846767373e-07, 3.48028123653e-07, 2.96031771541e-07, 3.2116707871e-07, 3.19981779739e-07, 3.4147259953e-07, 2.5986298624e-07, 1.97254140105e-11, 1.68916478027e-11],
        "stdev": [6.73141130392e-07, 0.00101524649654, 0.00128034409136, 0.00319086946547, 0.0075821406208, 0.00900153629482, 0.0049462732859, 0.00478298123926, 0.00543713709339, 0.00326538598165, 0.00134496844839, 0.00268835597672, 0.00358842429705, 0.000812868995126, 0.00127711892128, 0.000160540221259, 0.000122868586914, 7.29917301214e-05, 2.38443099079e-05, 2.05534161068e-05, 2.14090759982e-05, 1.50682744788e-05, 2.11793303606e-06, 4.23580786446e-07, 1.27494146795e-07, 1.12057179535e-07, 2.22067360056e-08]
    },
    "erbbands": {
        "max": [0.0552628710866, 3.79401135445, 19.9060249329, 47.847946167, 193.842041016, 423.380981445, 582.931213379, 757.750427246, 891.35333252, 1139.79772949, 1062.16638184, 907.688171387, 2545.33666992, 687.624633789, 1002.13635254, 810.720825195, 1847.34899902, 1055.82617188, 1077.95581055, 154.409210205, 66.2605438232, 66.6205291748, 93.8563156128, 20.7110443115, 16.8762722015, 16.6523952484, 22.3801422119, 20.4929466248, 10.6971769333, 3.19715237617, 0.892525374889, 0.171610891819, 0.0529806762934, 0.0189052037895, 0.00803295429796, 0.00548991840333, 0.00176485441625, 0.000504334690049, 0.000112002038804, 0.00012606792734],
        "mean": [0.00206694169901, 0.0835812389851, 0.490925997496, 2.14201688766, 10.5192890167, 20.7774715424, 44.0706291199, 47.0657806396, 58.2527389526, 58.747882843, 39.8659248352, 32.8917160034, 58.9971542358, 24.9680728912, 29.6355361938, 24.4907131195, 60.2052154541, 15.5994167328, 18.1164283752, 10.0528774261, 4.03966331482, 2.66481113434, 2.00546693802, 0.928573906422, 0.492540299892, 0.367664337158, 0.236188143492, 0.182544514537, 0.120169401169, 0.0637118071318, 0.0361061021686, 0.0216211825609, 0.0130389714614, 0.00796990469098, 0.004454722628, 0.00191414763685, 0.00062679243274, 8.2525119069e-05, 1.44615041791e-05, 2.99401344819e-05],
        "min": [5.19850937053e-06, 5.71822820348e-05, 0.00191560399253, 0.00720199849457, 0.0210160147399, 0.0114299468696, 0.0194222293794, 0.0284267030656, 0.0389622449875, 0.0221085511148, 0.0351972132921, 0.0259563270956, 0.0321437567472, 0.0276154465973, 0.0313940756023, 0.0388345010579, 0.0299842357635, 0.0420351363719, 0.0597847737372, 0.0324645675719, 0.0618788413703, 0.0586505755782, 0.0328375324607, 0.0396989546716, 0.0189979802817, 0.0169421285391, 0.0136700505391, 0.0118906088173, 0.0116570442915, 0.0114292921498, 0.00892790686339, 0.00564852450043, 0.00576161826029, 0.00321642309427, 0.000600340950768, 9.72257912508e-05, 1.03141937871e-05, 9.45826855059e-07, 5.26457085925e-07, 2.30983616234e-07],
        "stdev": [0.00507456064224, 0.318566590548, 1.6691557169, 4.53483295441, 20.1732444763, 31.9223003387, 62.7005691528, 93.4167022705, 77.4757080078, 110.761192322, 71.7719116211, 70.5834579468, 166.771575928, 42.9971618652, 77.8235549927, 63.8666725159, 188.284805298, 48.0986824036, 73.872756958, 19.5310878754, 6.78032302856, 5.46890926361, 4.87827587128, 1.48630130291, 1.06138134003, 0.962243199348, 0.879831314087, 1.00687301159, 0.598868191242, 0.17241768539, 0.0463597998023, 0.0141650913283, 0.00495723448694, 0.00193969951943, 0.00087788089877, 0.000476531538879, 0.000233167345868, 4.56461348222e-05, 8.59229476191e-06, 1.90816317627e-05]
    },
    "gfcc": {
        "mean": [-84.7461929321, 150.524703979, -126.192718506, -21.0485630035, -70.2197265625, -14.3086881638, -52.1962966919, -9.67294406891, -25.9740543365, -6.87790584564, -14.3436870575, -5.37614583969, -7.83764696121],
        "cov": [[1104.22631836, 612.005249023, -370.434875488, -370.658966064, 180.917144775, -112.583312988, 3.06904292107, -79.6450042725, 56.6476402283, -70.0668945312, 103.357269287, -62.593952179, 105.112388611], [612.005249023, 618.772827148, 120.205429077, -206.951889038, 128.618515015, -54.1475257874, 20.8233509064, 9.36458969116, 32.4700012207, -85.3399124146, 28.351474762, -45.4798049927, 69.6804733276], [-370.434875488, 120.205429077, 680.297424316, 256.192779541, -60.4527015686, 9.22239017487, 44.5126609802, 92.9480209351, 6.44540452957, -26.2140274048, -79.0695724487, 8.88768005371, -14.6566905975], [-370.658966064, -206.951889038, 256.192779541, 559.542297363, -16.9551124573, 62.1319732666, 53.6426734924, 72.1731109619, 16.4135761261, 26.0337429047, -73.083694458, -14.6115474701, -26.4402961731], [180.917144775, 128.618515015, -60.4527015686, -16.9551124573, 235.693832397, 63.8072853088, -31.4083747864, 14.554224968, -2.80782103539, -1.50529766083, 0.127532675862, 3.73489832878, -7.4350605011], [-112.583312988, -54.1475257874, 9.22239017487, 62.1319732666, 63.8072853088, 215.059753418, 96.2521514893, 23.0647449493, -18.7618179321, 32.1012420654, -3.68095064163, 30.0837249756, -34.3698043823], [3.06904292107, 20.8233509064, 44.5126609802, 53.6426734924, -31.4083747864, 96.2521514893, 161.328186035, 69.9519882202, -7.39278841019, -5.45148134232, 4.26346540451, 5.72614860535, 3.33511447906], [-79.6450042725, 9.36458969116, 92.9480209351, 72.1731109619, 14.554224968, 23.0647449493, 69.9519882202, 144.672683716, 32.6009292603, -2.08277130127, -23.5702476501, 4.54428434372, -7.64171171188], [56.6476402283, 32.4700012207, 6.44540452957, 16.4135761261, -2.80782103539, -18.7618179321, -7.39278841019, 32.6009292603, 91.0149078369, 37.9697303772, 2.93141412735, -10.0018215179, 8.98953533173], [-70.0668945312, -85.3399124146, -26.2140274048, 26.0337429047, -1.50529766083, 32.1012420654, -5.45148134232, -2.08277130127, 37.9697303772, 87.1519927979, 29.9195289612, 12.5543670654, -21.7456703186], [103.357269287, 28.351474762, -79.0695724487, -73.083694458, 0.127532675862, -3.68095064163, 4.26346540451, -23.5702476501, 2.93141412735, 29.9195289612, 96.9851150513, 48.4302520752, 13.6700849533], [-62.593952179, -45.4798049927, 8.88768005371, -14.6115474701, 3.73489832878, 30.0837249756, 5.72614860535, 4.54428434372, -10.0018215179, 12.5543670654, 48.4302520752, 93.8145141602, 25.570772171], [105.112388611, 69.6804733276, -14.6566905975, -26.4402961731, -7.4350605011, -34.3698043823, 3.33511447906, -7.64171171188, 8.98953533173, -21.7456703186, 13.6700849533, 25.570772171, 95.3531646729]],
        "icov": [[0.0154342781752, -0.0147447399795, 0.0103125264868, -0.00130176404491, -0.00673505524173, 0.010866317898, -0.0138034373522, 0.0113014159724, -0.00903678312898, 0.00149360438809, -0.000103103455331, -0.00250977091491, 0.00164559867699], [-0.0147447399795, 0.0219811685383, -0.0139392502606, 0.0045265336521, 0.000242923386395, -0.0097667677328, 0.00959568750113, -0.00840012729168, 0.00239281263202, 0.00700695393607, -0.00842872541398, 0.0109738698229, -0.00556900212541], [0.0103125264868, -0.0139392502606, 0.0111149968579, -0.00330395926721, -0.000827154901344, 0.00724375760183, -0.00750515796244, 0.00567916128784, -0.00308403931558, -0.00266986200586, 0.00579468021169, -0.00753559870645, 0.00374670140445], [-0.00130176404491, 0.0045265336521, -0.00330395926721, 0.0040084682405, -0.00206208531745, -0.000730487925466, -0.000899969716556, -0.000249524280662, -0.00150900683366, 0.00158501788974, -0.00164970883634, 0.00364849017933, -0.00191995466594], [-0.00673505524173, 0.000242923386395, -0.000827154901344, -0.00206208531745, 0.0147313410416, -0.0109288841486, 0.0153572121635, -0.0108402166516, 0.0093375723809, -0.0045612398535, 0.00338140246458, -0.00241437996738, 0.000593582750298], [0.010866317898, -0.0097667677328, 0.00724375760183, -0.000730487925466, -0.0109288841486, 0.0224254541099, -0.0227404944599, 0.0140770180151, -0.00618266314268, -0.00492359744385, 0.00775580573827, -0.0100468173623, 0.00626654084772], [-0.0138034373522, 0.00959568750113, -0.00750515796244, -0.000899969716556, 0.0153572121635, -0.0227404944599, 0.0344606749713, -0.0222854502499, 0.0140661513433, 3.15946017508e-05, -0.00632371706888, 0.00799604505301, -0.00574632454664], [0.0113014159724, -0.00840012729168, 0.00567916128784, -0.000249524280662, -0.0108402166516, 0.0140770180151, -0.0222854502499, 0.0244740787894, -0.0154218897223, 0.00394597323611, 0.00423963693902, -0.00674238847569, 0.00500787468627], [-0.00903678312898, 0.00239281263202, -0.00308403931558, -0.00150900683366, 0.0093375723809, -0.00618266314268, 0.0140661513433, -0.0154218897223, 0.0298843402416, -0.018492134288, 0.00581267056987, 0.000405813625548, -0.00388445472345], [0.00149360438809, 0.00700695393607, -0.00266986200586, 0.00158501788974, -0.0045612398535, -0.00492359744385, 3.15946017508e-05, 0.00394597323611, -0.018492134288, 0.0333409681916, -0.0183107219636, 0.00922216847539, 0.000945892068557], [-0.000103103455331, -0.00842872541398, 0.00579468021169, -0.00164970883634, 0.00338140246458, 0.00775580573827, -0.00632371706888, 0.00423963693902, 0.00581267056987, -0.0183107219636, 0.0344453528523, -0.0240529309958, 0.0071147182025], [-0.00250977091491, 0.0109738698229, -0.00753559870645, 0.00364849017933, -0.00241437996738, -0.0100468173623, 0.00799604505301, -0.00674238847569, 0.000405813625548, 0.00922216847539, -0.0240529309958, 0.0336606055498, -0.0135424286127], [0.00164559867699, -0.00556900212541, 0.00374670140445, -0.00191995466594, 0.000593582750298, 0.00626654084772, -0.00574632454664, 0.00500787468627, -0.00388445472345, 0.000945892068557, 0.0071147182025, -0.0135424286127, 0.018887411803]]
    },
    "melbands": {
        "max": [0.00175754271913, 0.00809431169182, 0.0127970548347, 0.0180884897709, 0.0163002163172, 0.015628894791, 0.0116621861234, 0.0121826818213, 0.00754332588986, 0.00772773567587, 0.0129207605496, 0.00301180547103, 0.00198704283684, 0.00531785935163, 0.0028077098541, 0.00269879144616, 0.00177017471287, 0.00151557964273, 0.000830580247566, 0.000171454506926, 8.02873400971e-05, 5.38141430297e-05, 0.000221737005631, 2.570423203e-05, 1.99350470211e-05, 2.04402513191e-05, 1.28162428155e-05, 1.16482478916e-05, 1.78646077984e-05, 8.60769614519e-06, 1.31770066218e-05, 7.81275957706e-06, 4.19006300945e-06, 1.20706465623e-06, 6.15713020125e-07, 1.90569338088e-07, 7.49666781985e-08, 4.3654431181e-08, 2.15718820584e-08, 1.56629482717e-08],
        "mean": [4.42996133643e-05, 0.000213743871427, 0.000603819207754, 0.00114260590635, 0.00140299263876, 0.00107191607822, 0.000877131242305, 0.000628982612398, 0.000291934818961, 0.00022677758534, 0.000295236968668, 9.59117169259e-05, 0.000101852914668, 6.77357602399e-05, 0.000108073101728, 9.10998569452e-05, 2.30439545703e-05, 2.71442331723e-05, 1.87449277291e-05, 8.80556126504e-06, 4.18507306676e-06, 2.69257157015e-06, 2.79011624116e-06, 1.37777715281e-06, 6.66092205392e-07, 3.71121331e-07, 2.87657826448e-07, 2.31706593468e-07, 1.65254235185e-07, 1.05775733061e-07, 1.0448458454e-07, 7.4231067515e-08, 4.57324631498e-08, 3.07314849124e-08, 2.15785114221e-08, 1.57707162884e-08, 1.21482077731e-08, 9.36652710948e-09, 7.66022090204e-09, 6.37150554539e-09],
        "min": [4.39334755242e-08, 6.15863143594e-07, 7.84210726579e-07, 1.06776064968e-06, 6.52212293062e-07, 5.13645602496e-07, 5.27150746166e-07, 2.44123981474e-07, 1.98719291689e-07, 1.4597598863e-07, 1.48285508317e-07, 8.51279864378e-08, 7.83544891192e-08, 1.09591454134e-07, 8.26290431633e-08, 6.73409203955e-08, 6.78319125313e-08, 8.04290607448e-08, 5.21536520637e-08, 3.79461866373e-08, 4.22896277996e-08, 4.64776732656e-08, 3.66417580722e-08, 2.13005506566e-08, 2.356173745e-08, 1.34132971397e-08, 7.35551708431e-09, 1.14661817818e-08, 7.54377627032e-09, 4.73576333704e-09, 6.47905684659e-09, 5.42313083329e-09, 4.96137664285e-09, 4.55073623229e-09, 4.61410376573e-09, 3.3284330847e-09, 3.2802900396e-09, 3.58549523405e-09, 1.71014724604e-09, 2.69096833705e-09],
        "stdev": [0.000148403822095, 0.00068409263622, 0.00124409259297, 0.00170102226548, 0.00187692453619, 0.00193640496582, 0.0011002762476, 0.00121736817528, 0.000521249079611, 0.000636215670966, 0.000841683009639, 0.000183286625543, 0.00022800557781, 0.000350568589056, 0.00029686500784, 0.000268884963589, 8.04741430329e-05, 0.000105805062049, 6.25109678367e-05, 1.73075495695e-05, 7.66984521761e-06, 5.21121091879e-06, 1.13463411253e-05, 2.49600975621e-06, 1.18154014217e-06, 9.48583647187e-07, 6.67487199735e-07, 6.58937267417e-07, 6.64693459385e-07, 4.35717737446e-07, 6.43453120119e-07, 4.0656436795e-07, 1.60676378869e-07, 7.06596026134e-08, 2.91227131299e-08, 1.31787825097e-08, 7.11317582613e-09, 4.01414057549e-09, 2.40465447554e-09, 1.67308344956e-09]
    },
    "melbands128": {
        "max": [5.56335544388e-06, 7.77866735007e-05, 0.00065261987038, 0.00835522450507, 0.0127471620217, 0.0049584787339, 0.0060945013538, 0.0244097560644, 0.0268201138824, 0.0259652156383, 0.0325624383986, 0.0292229317129, 0.0297142751515, 0.022921346128, 0.0279270913452, 0.0269062556326, 0.0216142833233, 0.0147464284673, 0.00831713993102, 0.0212143138051, 0.0216299854219, 0.0157546028495, 0.00894449837506, 0.00403821328655, 0.00626097153872, 0.0169516280293, 0.0296031776816, 0.0259964708239, 0.00766146183014, 0.00573724042624, 0.00282597704791, 0.00325779570267, 0.00372146232985, 0.0036035431549, 0.0141732972115, 0.00464793853462, 0.00339389173314, 0.00110335787758, 0.00827133469284, 0.0070077474229, 0.000727886450477, 0.00638310890645, 0.00159312190954, 0.000458490598248, 0.00126028130762, 0.00151290965732, 0.00437364540994, 0.000252917088801, 0.000273676589131, 0.000573598255869, 0.000204912037589, 0.000244842580287, 0.000114291462523, 0.000203760369914, 0.000112591216748, 7.87024473539e-05, 9.42565311561e-05, 0.000394600239815, 0.000261337292613, 3.33647767548e-05, 5.66112612432e-05, 7.09405139787e-05, 2.38011580223e-05, 2.80893800664e-05, 2.36506730289e-05, 3.96149771404e-05, 1.91249873751e-05, 1.33479197757e-05, 1.90135669982e-05, 1.51393578562e-05, 1.87260429811e-05, 1.15971797641e-05, 1.53195269377e-05, 2.77486396953e-05, 1.00015295175e-05, 7.02287434251e-06, 1.30913822431e-05, 1.57809317898e-05, 1.43195638884e-05, 1.81010836968e-05, 8.062192137e-06, 7.91105139797e-06, 4.63701553599e-06, 5.65560640098e-06, 2.0162869987e-06, 2.16661737795e-06, 1.16636624625e-06, 1.31161584704e-06, 4.53698504543e-07, 4.44122719045e-07, 2.89442255053e-07, 1.65231284655e-07, 1.52295470457e-07, 7.07904135311e-08, 5.93757540912e-08, 7.16527495115e-08, 4.62325608908e-08, 4.03698869889e-08, 2.89674471077e-08, 2.7051619611e-08, 2.57241588031e-08, 2.12419148937e-08, 1.51999977049e-08, 1.60856750142e-08, 1.47065284395e-08, 1.22031655891e-08, 1.12399547447e-08, 1.17443974545e-08, 1.4136103843e-08, 1.11381437407e-08, 8.89185702846e-09, 8.51442294447e-09, 7.46707140564e-09, 6.65154020751e-09, 6.5450391773e-09, 7.21664328296e-09, 3.2980616016e-09, 3.30407567972e-09, 3.24225757353e-09, 3.16783266285e-09, 3.10249381741e-09, 3.03777469846e-09, 2.98639579732e-09, 2.9398381507e-09, 2.89443846668e-09, 2.86176837783e-09, 2.83693468717e-09, 2.8227733484e-09],
        "mean": [3.49822641965e-07, 3.69130111721e-06, 3.49177571479e-05, 0.000170772444108, 0.000249001663178, 0.000188746067579, 0.000336188881192, 0.000661472324282, 0.0011018490186, 0.00123867497314, 0.0010629997123, 0.00133346673101, 0.00187568110414, 0.000961740035564, 0.000946512212977, 0.00128905766178, 0.000933528819587, 0.000923446961679, 0.000615454104263, 0.00069651537342, 0.000654722156469, 0.000318759586662, 0.000298923929222, 0.000167255100678, 0.000156989321113, 0.000224304341828, 0.000456243840745, 0.000338076060871, 0.000131479813717, 0.000112877423817, 6.50007277727e-05, 8.63937020767e-05, 0.000136563161504, 7.1683927672e-05, 0.000102571582829, 4.68149737571e-05, 5.53304307687e-05, 2.403036342e-05, 0.000246065406827, 0.000169901628396, 1.59922219609e-05, 4.04583188356e-05, 2.1496842237e-05, 1.79964408744e-05, 1.51986560013e-05, 2.40939752985e-05, 5.52656129003e-05, 6.42175882604e-06, 1.17433301057e-05, 1.85050575965e-05, 4.89339663545e-06, 4.36293703387e-06, 4.48814853371e-06, 3.74013211513e-06, 4.58770864498e-06, 1.76748676495e-06, 1.56678231633e-06, 4.57586747871e-06, 2.40902318183e-06, 9.16617921121e-07, 1.68639951426e-06, 1.48342417106e-06, 7.13425095e-07, 5.21887614013e-07, 3.43982009099e-07, 3.48009763229e-07, 4.49549190762e-07, 2.63765059572e-07, 2.64016165374e-07, 2.77664867099e-07, 2.47908559459e-07, 1.94979278945e-07, 1.99709120352e-07, 1.74149036525e-07, 1.02509410738e-07, 1.03632856963e-07, 1.03870746671e-07, 1.17162002766e-07, 1.03477240998e-07, 9.80171606102e-08, 7.79585960231e-08, 6.72569129279e-08, 5.32302699696e-08, 4.46254269093e-08, 3.88815522001e-08, 3.3857261883e-08, 2.74493139329e-08, 2.49408138586e-08, 2.1511491255e-08, 1.94166833722e-08, 1.6697448757e-08, 1.49957113393e-08, 1.36693971697e-08, 1.22609664643e-08, 1.12248192963e-08, 1.00783861257e-08, 8.91351703558e-09, 8.40089509069e-09, 7.77282860298e-09, 7.35908400884e-09, 6.69395872066e-09, 6.32186347715e-09, 5.78469139256e-09, 5.45543210606e-09, 5.01707519973e-09, 4.6920893837e-09, 4.38500169508e-09, 3.69359653973e-09, 3.13475734259e-09, 2.80616485604e-09, 2.53272514072e-09, 2.19513940358e-09, 1.86654514067e-09, 1.69433367336e-09, 1.44823542048e-09, 1.19628040807e-09, 1.00923720769e-10, 7.24561079538e-12, 7.05327246261e-12, 6.86714747566e-12, 6.70406308592e-12, 6.55704787342e-12, 6.43612333567e-12, 6.32447609908e-12, 6.20941015619e-12, 6.09457232945e-12, 6.01964571939e-12, 5.98445381791e-12],
        "min": [1.8291047843e-10, 4.15118828201e-09, 2.97798923299e-08, 4.18141965497e-08, 2.7494007071e-08, 1.34791122264e-07, 9.50884242457e-08, 2.7264903224e-07, 3.56042704652e-07, 1.0417740981e-07, 3.9237039573e-07, 3.52254971858e-07, 1.1354590157e-07, 2.37774898437e-07, 4.21202059897e-07, 9.16982685339e-08, 1.76145192654e-07, 1.64733862107e-07, 1.90368581343e-07, 8.70692389299e-08, 1.47220745816e-07, 1.29299465357e-07, 1.62218825039e-07, 1.40362999446e-07, 9.48943679191e-08, 4.49592896246e-08, 2.49136746788e-08, 5.29136414684e-08, 3.37425625219e-08, 7.23533375435e-08, 5.50536647381e-08, 4.43889049961e-08, 4.90248872609e-08, 2.04810124416e-08, 3.32853353768e-08, 4.67739553756e-08, 3.0339652568e-08, 3.18639514774e-08, 2.48684717263e-08, 3.78280304858e-08, 1.23803758356e-08, 3.17006758621e-08, 3.57320182331e-08, 1.78068031431e-08, 1.96079401604e-08, 1.44530867274e-08, 3.22419708709e-08, 1.90034796788e-08, 1.59490092244e-08, 2.111434938e-08, 1.72588148217e-08, 2.04182661889e-08, 6.50122844448e-09, 2.31371686255e-08, 2.71219331438e-08, 1.38264200089e-08, 9.14653597306e-09, 2.50890792586e-08, 2.14034763246e-08, 1.04701332049e-08, 1.59404454081e-08, 1.58443551612e-08, 1.44583491846e-08, 1.20386562941e-08, 9.45853173562e-09, 8.9909857337e-09, 6.22440454734e-09, 5.80058623356e-09, 4.14702183704e-09, 4.88493201445e-09, 6.18226891902e-09, 4.24984403224e-09, 4.26802948539e-09, 3.53254314689e-09, 4.27183222129e-09, 3.56652574141e-09, 3.16957859958e-09, 4.04753963679e-09, 2.33017605211e-09, 3.19362292167e-09, 2.48290299432e-09, 3.87120913103e-09, 2.94789259669e-09, 3.54021945093e-09, 2.98353675099e-09, 2.93925239703e-09, 2.83762857656e-09, 2.73740918821e-09, 2.32566810254e-09, 1.69390901306e-09, 2.08476635954e-09, 2.02263739091e-09, 1.58421464835e-09, 1.93306126661e-09, 2.32612840101e-09, 1.74939096542e-09, 1.97458471796e-09, 5.79290171387e-10, 1.04221287156e-09, 1.60241186986e-09, 5.08214637041e-10, 8.48513592722e-10, 9.23310761181e-10, 1.77036746374e-10, 5.37849140225e-11, 1.02791256409e-11, 8.2427450282e-12, 1.28336130243e-13, 1.48953698226e-13, 1.17479065213e-13, 1.08502847007e-13, 9.04394628306e-14, 8.82798201944e-14, 8.90544894229e-14, 5.82056985617e-14, 5.31421762606e-14, 6.4306111163e-14, 5.14090418185e-14, 4.11405630429e-14, 5.21169885677e-14, 4.24634692643e-14, 4.91952839414e-14, 4.76258775798e-14, 4.68291922709e-14, 3.48358054371e-14, 1.38728894163e-14, 2.26069197271e-15, 3.69921489594e-17],
        "stdev": [4.32877754974e-07, 7.68273093854e-06, 7.97091488494e-05, 0.000700314820278, 0.00106261635665, 0.00046247013961, 0.000696166011039, 0.00209081312642, 0.00252635916695, 0.00242840847932, 0.00223081256263, 0.00214840634726, 0.00306571647525, 0.00177303352393, 0.0025606311392, 0.00308926263824, 0.00206757429987, 0.00141699018423, 0.00099031359423, 0.00184202275705, 0.00161177152768, 0.000903608161025, 0.000737491005566, 0.000348463508999, 0.000376483105356, 0.000983771984465, 0.00203829887323, 0.0011729641119, 0.000425131991506, 0.00030042702565, 0.000176491113962, 0.000226851232583, 0.000366047403077, 0.000247916410444, 0.000885332701728, 0.000228634875384, 0.000167323087226, 6.67364656692e-05, 0.000828361196909, 0.000599046761636, 5.34522187081e-05, 0.000273502315395, 7.87639219197e-05, 4.58612776129e-05, 6.44646133878e-05, 9.89112304524e-05, 0.000314633391099, 1.94926778931e-05, 2.74885460385e-05, 4.64638469566e-05, 1.07577925519e-05, 1.12861789603e-05, 1.09526727101e-05, 1.10515120468e-05, 1.01684408946e-05, 5.28206692252e-06, 4.46464582637e-06, 2.16105363506e-05, 1.05294438981e-05, 2.00629301617e-06, 4.13019006373e-06, 4.03390004067e-06, 1.48612286921e-06, 1.20282470562e-06, 9.84749476629e-07, 1.32257491714e-06, 1.0922869933e-06, 6.36958986888e-07, 8.45041540742e-07, 7.4639427794e-07, 8.2478021568e-07, 6.44546503281e-07, 8.23777213554e-07, 8.66734580995e-07, 3.74983841311e-07, 3.68731036815e-07, 5.64274728276e-07, 7.21368337508e-07, 6.57889302147e-07, 6.91944023856e-07, 4.37457714497e-07, 3.5235342466e-07, 2.18405858732e-07, 1.67223134895e-07, 1.15383585353e-07, 9.52174588065e-08, 5.56897532533e-08, 4.94836456255e-08, 2.84861982891e-08, 2.17866791274e-08, 1.64673963354e-08, 1.28440253988e-08, 1.09545972293e-08, 8.17518142071e-09, 6.77664990789e-09, 5.72297320645e-09, 4.50032500154e-09, 4.02516597831e-09, 3.31007621313e-09, 2.96799496091e-09, 2.61637245202e-09, 2.41240583065e-09, 2.05692929356e-09, 1.92126292653e-09, 1.78925496641e-09, 1.6459325014e-09, 1.60853663722e-09, 1.63930691244e-09, 1.4895467082e-09, 1.38307176822e-09, 1.26930199684e-09, 1.23431465049e-09, 1.12805531582e-09, 1.08765885187e-09, 1.01327524149e-09, 9.60319490595e-10, 1.49839238239e-10, 1.03005742824e-10, 1.00923623625e-10, 9.85394404962e-11, 9.64433324868e-11, 9.44168146444e-11, 9.2786694994e-11, 9.13083567089e-11, 8.99069083071e-11, 8.88793552645e-11, 8.81070771896e-11, 8.76623287849e-11]
    },
    "mfcc": {
        "mean": [-732.930664062, 195.689422607, -10.833937645, -4.15045976639, -10.7506799698, -14.5559749603, -20.376001358, -13.4826860428, -13.8094110489, -9.65546512604, -9.80181694031, -7.86728143692, -5.82286119461],
        "cov": [[1205.49169922, 584.309082031, -536.513000488, -177.377304077, 0.107321180403, -56.0457725525, -30.9924316406, -61.6786460876, -34.3967552185, -4.78902864456, -22.8039054871, -29.5517177582, -3.71879220009], [584.309082031, 861.573364258, -82.7915725708, -210.143280029, 92.5190505981, -115.595077515, 8.14600467682, 10.9233818054, 5.03637742996, -26.9513645172, -45.7351417542, -50.1537628174, 21.3430328369], [-536.513000488, -82.7915725708, 624.293945312, 241.976531982, -28.1898555756, 28.3711299896, 32.8226051331, 82.985710144, 78.1008834839, 21.2083702087, -8.56793785095, 2.27606058121, 37.4722938538], [-177.377304077, -210.143280029, 241.976531982, 338.735198975, 55.619354248, 17.1590194702, 8.43753051758, 37.6543617249, 61.5188064575, 41.6280212402, -12.477388382, -11.1289367676, 26.9777011871], [0.107321180403, 92.5190505981, -28.1898555756, 55.619354248, 199.464294434, 33.25548172, -4.58209991455, 8.85462188721, 21.1551933289, 6.08507919312, -6.08321380615, -2.63873958588, 18.7338562012], [-56.0457725525, -115.595077515, 28.3711299896, 17.1590194702, 33.25548172, 173.014846802, 66.1919708252, 18.4247112274, 16.3670330048, 6.18955278397, 17.4159221649, 32.5146446228, 13.34471035], [-30.9924316406, 8.14600467682, 32.8226051331, 8.43753051758, -4.58209991455, 66.1919708252, 159.448257446, 96.8361434937, 28.9568443298, 11.3837442398, -1.44439172745, 7.23998117447, 31.4172840118], [-61.6786460876, 10.9233818054, 82.985710144, 37.6543617249, 8.85462188721, 18.4247112274, 96.8361434937, 134.443832397, 67.4283447266, 9.98513126373, -1.35771656036, 11.7850227356, 36.3720169067], [-34.3967552185, 5.03637742996, 78.1008834839, 61.5188064575, 21.1551933289, 16.3670330048, 28.9568443298, 67.4283447266, 111.80480957, 59.1211585999, -4.71109390259, -6.00288963318, 13.281493187], [-4.78902864456, -26.9513645172, 21.2083702087, 41.6280212402, 6.08507919312, 6.18955278397, 11.3837442398, 9.98513126373, 59.1211585999, 91.9453887939, 32.7326812744, -6.95553064346, -3.13710689545], [-22.8039054871, -45.7351417542, -8.56793785095, -12.477388382, -6.08321380615, 17.4159221649, -1.44439172745, -1.35771656036, -4.71109390259, 32.7326812744, 85.4650650024, 54.7504043579, 1.90858757496], [-29.5517177582, -50.1537628174, 2.27606058121, -11.1289367676, -2.63873958588, 32.5146446228, 7.23998117447, 11.7850227356, -6.00288963318, -6.95553064346, 54.7504043579, 93.3053207397, 36.7262420654], [-3.71879220009, 21.3430328369, 37.4722938538, 26.9777011871, 18.7338562012, 13.34471035, 31.4172840118, 36.3720169067, 13.281493187, -3.13710689545, 1.90858757496, 36.7262420654, 79.0631256104]],
        "icov": [[0.00851468928158, -0.00979845318943, 0.0110226469114, -0.0105624962598, 0.0107099246234, -0.00902193319052, 0.00759883783758, -0.00565961841494, 0.00417772913352, -0.00428723311052, 0.00234876363538, -0.00194359035231, -3.11548210448e-05], [-0.00979845318943, 0.013602568768, -0.0133329257369, 0.0144521575421, -0.014337124303, 0.0127186495811, -0.0105058513582, 0.00833833683282, -0.00686315493658, 0.00637197494507, -0.0034372897353, 0.00379500747658, -0.00142995256465], [0.0110226469114, -0.0133329257369, 0.0170643664896, -0.0161563251168, 0.0155909601599, -0.0128865875304, 0.0109382523224, -0.00878421775997, 0.00483642984182, -0.00462100328878, 0.00230871886015, -0.00206791376695, -0.00037283077836], [-0.0105624962598, 0.0144521575421, -0.0161563251168, 0.0202512498945, -0.0167119260877, 0.013357960619, -0.0104868169874, 0.00830505322665, -0.00656865537167, 0.00392028223723, -0.00181373918895, 0.00357377319597, -0.00195645424537], [0.0107099246234, -0.014337124303, 0.0155909601599, -0.0167119260877, 0.0214839987457, -0.0152626363561, 0.0128518631682, -0.00951113551855, 0.00582536449656, -0.00540899066254, 0.00246490864083, -0.00161477841903, -0.00106150563806], [-0.00902193319052, 0.0127186495811, -0.0128865875304, 0.013357960619, -0.0152626363561, 0.0212322752923, -0.0170687828213, 0.0142103219405, -0.0111435521394, 0.00920311361551, -0.0047155818902, 0.000239362343564, 0.000209797464777], [0.00759883783758, -0.0105058513582, 0.0109382523224, -0.0104868169874, 0.0128518631682, -0.0170687828213, 0.0272980965674, -0.0246329996735, 0.0171454008669, -0.015173971653, 0.00867084600031, -0.00228523160331, -0.000722120108549], [-0.00565961841494, 0.00833833683282, -0.00878421775997, 0.00830505322665, -0.00951113551855, 0.0142103219405, -0.0246329996735, 0.0370769910514, -0.0285271722823, 0.0229020174593, -0.0144636388868, 0.00644288305193, -0.00554370181635], [0.00417772913352, -0.00686315493658, 0.00483642984182, -0.00656865537167, 0.00582536449656, -0.0111435521394, 0.0171454008669, -0.0285271722823, 0.0418693386018, -0.0343707501888, 0.0227728374302, -0.0123889697716, 0.00561729399487], [-0.00428723311052, 0.00637197494507, -0.00462100328878, 0.00392028223723, -0.00540899066254, 0.00920311361551, -0.015173971653, 0.0229020174593, -0.0343707501888, 0.045746345073, -0.0320369936526, 0.0202898923308, -0.00690980069339], [0.00234876363538, -0.0034372897353, 0.00230871886015, -0.00181373918895, 0.00246490864083, -0.0047155818902, 0.00867084600031, -0.0144636388868, 0.0227728374302, -0.0320369936526, 0.0438131168485, -0.0297210868448, 0.011634808965], [-0.00194359035231, 0.00379500747658, -0.00206791376695, 0.00357377319597, -0.00161477841903, 0.000239362343564, -0.00228523160331, 0.00644288305193, -0.0123889697716, 0.0202898923308, -0.0297210868448, 0.0364652499557, -0.016403933987], [-3.11548210448e-05, -0.00142995256465, -0.00037283077836, -0.00195645424537, -0.00106150563806, 0.000209797464777, -0.000722120108549, -0.00554370181635, 0.00561729399487, -0.00690980069339, 0.011634808965, -0.016403933987, 0.0230515822768]]
    },
    "spectral_contrast_coeffs": {
        "max": [-0.306142061949, -0.424126088619, -0.411098271608, -0.540818154812, -0.64831328392, -0.544131755829],
        "mean": [-0.568350255489, -0.689742982388, -0.727793812752, -0.77559196949, -0.811908960342, -0.817312955856],
        "min": [-0.934491574764, -0.903941035271, -0.936065614223, -0.923332870007, -0.896298348904, -0.947774767876],
        "stdev": [0.100816741586, 0.0876433998346, 0.0794816240668, 0.0684069469571, 0.0388805009425, 0.0313475765288]
    },
    "spectral_contrast_valleys": {
        "max": [-5.80880641937, -4.82062482834, -5.43756628036, -6.603723526, -7.35071611404, -10.7280397415],
        "mean": [-7.59062099457, -6.55607748032, -7.60703992844, -8.27004814148, -8.92555046082, -11.6954460144],
        "min": [-10.809044838, -8.76183986664, -9.79394245148, -9.6162147522, -9.92224788666, -12.3949794769],
        "stdev": [0.759978652, 0.670903503895, 0.604886353016, 0.525429010391, 0.357421159744, 0.1465844661]
    }
},
"rhythm": {
    "beats_count": 96,
    "beats_loudness": {
        "max": 0.0995866805315,
        "mean": 0.0302117913961,
        "min": 0.000104550977994,
        "stdev": 0.0195640474558
    },
    "bpm": 138.294692993,
    "bpm_histogram_first_peak_bpm": 140,
    "bpm_histogram_first_peak_weight": 0.517241358757,
    "bpm_histogram_second_peak_bpm": 123,
    "bpm_histogram_second_peak_spread": 0.434782624245,
    "bpm_histogram_second_peak_weight": 0.136842101812,
    "danceability": 1.05940401554,
    "onset_rate": 1.4765625,
    "beats_loudness_band_ratio": {
        "max": [0.750031113625, 0.94447851181, 0.92827808857, 0.696859300137, 0.478130251169, 0.177721068263],
        "mean": [0.151458591223, 0.404060930014, 0.347070127726, 0.155835360289, 0.0319115035236, 0.00544912507758],
        "min": [0.000492549443152, 0.0323876179755, 0.00283190282062, 0.00246724137105, 0.000510205340106, 7.4370065704e-05],
        "stdev": [0.189719125628, 0.236695840955, 0.218707561493, 0.183277919888, 0.0681283473969, 0.022367682308]
    },
