{
"metadata": {
    "version": {
        "essentia": "2.1-beta5",
        "essentia_git_sha": "Undefined",
        "extractor": "music 2.0"
    },
    "audio_properties": {
        "analysis": {
            "equal_loudness": 0,
            "length": 48.7502937317,
            "sample_rate": 44100,
            "start_time": 110.248344421,
            "downmix": "mix"
        },
        "bit_rate": 192000,
        "length": 195.047622681,
        "lossless": 0,
        "number_channels": 2,
        "replay_gain": -6.67010498047,
        "sample_rate": 48000,
        "codec": "mp3",
        "md5_encoded": "73a74801b50519bbcb8e66c5b678189d"
    },
    "tags": {
        "file_name": "Yugoslavia_Brodovi_Vice Vukov.mp3",
        "encoding": ["Lavf58.29.100"]
    }
},
"lowlevel": {
    "average_loudness": 0.880373299122,
    "barkbands_crest": {
        "max": 25.1238460541,
        "mean": 9.71457767487,
        "min": 2.97699785233,
        "stdev": 4.01465845108
    },
    "barkbands_flatness_db": {
        "max": 0.355388104916,
        "mean": 0.229575663805,
        "min": 0.0881581306458,
        "stdev": 0.0422976315022
    },
    "barkbands_kurtosis": {
        "max": 39.4592552185,
        "mean": 1.90096974373,
        "min": -1.85459947586,
        "stdev": 3.81635642052
    },
    "barkbands_skewness": {
        "max": 5.88508367538,
        "mean": 0.758732259274,
        "min": -1.54065787792,
        "stdev": 0.85355257988
    },
    "barkbands_spread": {
        "max": 79.9055633545,
        "mean": 11.4484519958,
        "min": 1.36955082417,
        "stdev": 7.22513961792
    },
    "dissonance": {
        "max": 0.499919652939,
        "mean": 0.431881099939,
        "min": 0.228889197111,
        "stdev": 0.0461385622621
    },
    "dynamic_complexity": 2.85897254944,
    "erbbands_crest": {
        "max": 29.6710510254,
        "mean": 12.0296630859,
        "min": 3.62164378166,
        "stdev": 4.94475841522
    },
    "erbbands_flatness_db": {
        "max": 0.3995462358,
        "mean": 0.28854188323,
        "min": 0.111377581954,
        "stdev": 0.042479801923
    },
    "erbbands_kurtosis": {
        "max": 21.447303772,
        "mean": 1.02531433105,
        "min": -1.82832932472,
        "stdev": 2.24035668373
    },
    "erbbands_skewness": {
        "max": 3.99339175224,
        "mean": 0.451191693544,
        "min": -3.16676092148,
        "stdev": 0.805783689022
    },
    "erbbands_spread": {
        "max": 82.7096786499,
        "mean": 17.095457077,
        "min": 3.17869472504,
        "stdev": 9.00461578369
    },
    "hfc": {
        "max": 81.8334732056,
        "mean": 18.8786373138,
        "min": 0.0337503999472,
        "stdev": 15.8610601425
    },
    "loudness_ebu128": {
        "integrated": -17.6005897522,
        "loudness_range": 4.88060188293,
        "momentary": {
            "max": -13.493730545,
            "mean": -18.475151062,
            "min": -28.5795879364,
            "stdev": 2.86951327324
        },
        "short_term": {
            "max": -13.974114418,
            "mean": -17.9449577332,
            "min": -20.8748664856,
            "stdev": 1.5837521553
        }
    },
    "melbands_crest": {
        "max": 31.8439445496,
        "mean": 12.3154535294,
        "min": 3.77373051643,
        "stdev": 5.25702524185
    },
    "melbands_flatness_db": {
        "max": 0.391741096973,
        "mean": 0.255985468626,
        "min": 0.0859161987901,
        "stdev": 0.0561503618956
    },
    "melbands_kurtosis": {
        "max": 81.8332290649,
        "mean": 3.25614380836,
        "min": -1.51156890392,
        "stdev": 5.59639310837
    },
    "melbands_skewness": {
        "max": 7.7110004425,
        "mean": 1.06368434429,
        "min": -0.991150677204,
        "stdev": 0.906765818596
    },
    "melbands_spread": {
        "max": 139.806533813,
        "mean": 18.1417369843,
        "min": 1.87047791481,
        "stdev": 10.9845132828
    },
    "pitch_salience": {
        "max": 0.876855969429,
        "mean": 0.584319412708,
        "min": 0.151113495231,
        "stdev": 0.109038181603
    },
    "silence_rate_20dB": {
        "max": 1,
        "mean": 1,
        "min": 1,
        "stdev": 0
    },
    "silence_rate_30dB": {
        "max": 1,
        "mean": 1,
        "min": 1,
        "stdev": 0
    },
    "silence_rate_60dB": {
        "max": 1,
        "mean": 0.0480723455548,
        "min": 0,
        "stdev": 0.21392044425
    },
    "spectral_centroid": {
        "max": 4199.69873047,
        "mean": 1050.88793945,
        "min": 292.859832764,
        "stdev": 461.386291504
    },
    "spectral_complexity": {
        "max": 42,
        "mean": 16.4940509796,
        "min": 0,
        "stdev": 7.10717010498
    },
    "spectral_decrease": {
        "max": -1.51928400416e-11,
        "mean": -5.36866995304e-09,
        "min": -2.51609222346e-08,
        "stdev": 3.52986195828e-09
    },
    "spectral_energy": {
        "max": 0.0996816754341,
        "mean": 0.0219749677926,
        "min": 6.04026281508e-05,
        "stdev": 0.0145705612376
    },
    "spectral_energyband_high": {
        "max": 0.00190740148537,
        "mean": 7.358831499e-05,
        "min": 8.17740897219e-07,
        "stdev": 0.000192986044567
    },
    "spectral_energyband_low": {
        "max": 0.011733174324,
        "mean": 0.00102032721043,
        "min": 4.94781625093e-06,
        "stdev": 0.00144335266668
    },
    "spectral_energyband_middle_high": {
        "max": 0.0544269271195,
        "mean": 0.00848641991615,
        "min": 1.62126962095e-05,
        "stdev": 0.00831183232367
    },
    "spectral_energyband_middle_low": {
        "max": 0.0936560407281,
        "mean": 0.0127933826298,
        "min": 1.53059754666e-05,
        "stdev": 0.0101155368611
    },
    "spectral_entropy": {
        "max": 8.20653152466,
        "mean": 6.9042301178,
        "min": 5.80961179733,
        "stdev": 0.381229937077
    },
    "spectral_flux": {
        "max": 0.253997564316,
        "mean": 0.0719111934304,
        "min": 0.0102731529623,
        "stdev": 0.0366602912545
    },
    "spectral_kurtosis": {
        "max": 50.3227615356,
        "mean": 13.5034732819,
        "min": -0.748965501785,
        "stdev": 8.31007957458
    },
    "spectral_rms": {
        "max": 0.00986156240106,
        "mean": 0.00435726204887,
        "min": 0.000242753769271,
        "stdev": 0.00156628515106
    },
    "spectral_rolloff": {
        "max": 6503.02734375,
        "mean": 1278.15258789,
        "min": 86.1328125,
        "stdev": 661.789794922
    },
    "spectral_skewness": {
        "max": 5.54432582855,
        "mean": 2.21162080765,
        "min": -0.20991705358,
        "stdev": 0.77667760849
    },
    "spectral_spread": {
        "max": 17082600,
        "mean": 2060059.625,
        "min": 1095027.875,
        "stdev": 732678
    },
    "spectral_strongpeak": {
        "max": 8.82755851746,
        "mean": 1.80371248722,
        "min": 0.00259600020945,
        "stdev": 1.37326836586
    },
    "zerocrossingrate": {
        "max": 0.1943359375,
        "mean": 0.043679907918,
        "min": 0.00634765625,
        "stdev": 0.0166811197996
    },
    "barkbands": {
        "max": [7.34507339075e-05, 0.00648722937331, 0.00588938081637, 0.00394545076415, 0.0174689330161, 0.0245011560619, 0.0700796768069, 0.0522519536316, 0.0384395867586, 0.0264859907329, 0.0356772914529, 0.0297961980104, 0.0244826916605, 0.0235503856093, 0.0189042389393, 0.00451403204352, 0.00755592435598, 0.00451394636184, 0.00274688540958, 0.000900813436601, 0.000899877632037, 0.000831679673865, 0.000486179167638, 9.15027485462e-05, 1.74725155375e-05, 1.03306831534e-07, 1.09945567317e-07],
        "mean": [5.59739100936e-06, 0.000676433730405, 0.000253874313785, 0.000265764858341, 0.00133442110382, 0.00156157277524, 0.00383509788662, 0.00306576117873, 0.00213796785101, 0.00202562194318, 0.00104097754229, 0.00144155626185, 0.00115979416296, 0.00114165060222, 0.000466811150545, 0.000278750725556, 0.000652359740343, 0.00035151236807, 0.000185563214472, 3.85370731237e-05, 2.76477476291e-05, 1.73567077582e-05, 6.56655083731e-06, 3.02310354527e-06, 7.46772172988e-07, 9.1164947813e-10, 8.81170081346e-10],
        "min": [4.8532555752e-09, 3.67283547575e-07, 9.29614216716e-08, 3.42810650977e-08, 9.67502501226e-07, 1.48730782712e-06, 2.13885550693e-06, 3.02011869735e-07, 7.91137608758e-07, 5.77274158786e-06, 1.0818815781e-06, 1.1521271972e-06, 8.85164411102e-07, 2.95543543416e-07, 1.33038085437e-07, 2.39907762989e-07, 1.89468593703e-07, 2.67483329708e-07, 1.81250186415e-07, 1.15840052217e-07, 1.07073041988e-07, 1.11393596569e-07, 8.54011261708e-08, 8.70164598155e-08, 5.30688062383e-08, 2.4128440565e-11, 3.38464464789e-11],
        "stdev": [7.0932487688e-06, 0.00105881760828, 0.000598926679231, 0.000375954579795, 0.00152446969878, 0.00198313198052, 0.00647646468133, 0.00558578129858, 0.00399372400716, 0.00276814587414, 0.00177431153134, 0.00266638840549, 0.00224995287135, 0.0027392229531, 0.00114852853585, 0.000465573655674, 0.00115800707135, 0.000613426673226, 0.000339267251547, 9.3268827186e-05, 7.71460399847e-05, 5.40878645552e-05, 2.27303607971e-05, 9.14635256777e-06, 2.18595914703e-06, 3.43563666405e-09, 3.6133604997e-09]
    },
    "erbbands": {
        "max": [0.131357997656, 1.81825661659, 8.01705265045, 5.85270309448, 37.0578422546, 90.0522689819, 152.329940796, 306.916229248, 532.897460938, 1929.56506348, 1548.23217773, 884.800537109, 1705.55249023, 741.403625488, 1380.24499512, 1412.23706055, 1369.40161133, 1254.18762207, 1121.9342041, 415.358459473, 255.266921997, 557.247009277, 241.108840942, 226.087661743, 78.427947998, 51.7218399048, 52.7121047974, 28.6531143188, 36.0100440979, 24.0968704224, 9.53283405304, 2.8388645649, 1.14321267605, 0.339641720057, 0.0674773752689, 0.00210034148768, 0.000191845276277, 6.83307516738e-05, 4.79937989439e-05, 0.000112584137241],
        "mean": [0.0112360473722, 0.179170966148, 0.362187564373, 0.546753883362, 2.4166405201, 4.55050611496, 8.46713638306, 15.2683763504, 38.3428077698, 86.3067626953, 46.534992218, 53.2543296814, 51.7882423401, 59.9207115173, 50.1007652283, 65.817565918, 61.635635376, 64.0370635986, 33.998046875, 18.1650600433, 19.3959312439, 34.1438293457, 21.4381065369, 15.0632619858, 5.2491645813, 2.22032380104, 1.36430191994, 0.839785516262, 0.622605264187, 0.37343364954, 0.177903175354, 0.0817822441459, 0.0412148162723, 0.0144549300894, 0.00184588436969, 7.75419248384e-05, 1.39929470606e-05, 4.0831610022e-06, 1.20097638501e-05, 2.60503820755e-05],
        "min": [1.79188627953e-05, 0.000215924155782, 0.00048662541667, 0.00100826774724, 0.0005722992355, 0.00295582204126, 0.0166076235473, 0.0205754898489, 0.0414908267558, 0.0110014416277, 0.00819474738091, 0.0202917139977, 0.0660714581609, 0.146627262235, 0.0875370875001, 0.0486101321876, 0.0412522517145, 0.0339418947697, 0.0207229554653, 0.0114629603922, 0.0112924128771, 0.0114834727719, 0.0151290744543, 0.00984690804034, 0.00887866597623, 0.00681425631046, 0.00649183383211, 0.0040917233564, 0.00423417845741, 0.00361978355795, 0.00248643499799, 0.00224628555588, 0.00151391793042, 0.000862218032125, 0.000184762393474, 8.67452945386e-06, 7.75891408011e-07, 1.61230715889e-07, 2.14617600136e-07, 4.10144792795e-07],
        "stdev": [0.0194020494819, 0.281246781349, 0.796893835068, 0.636307358742, 4.09695720673, 5.4984331131, 11.6942434311, 19.804397583, 65.0673675537, 155.820541382, 92.9901885986, 94.3199768066, 92.5677719116, 78.8368225098, 78.0973510742, 121.561279297, 111.143745422, 145.265090942, 75.9153060913, 37.3858566284, 30.5429992676, 64.4984054565, 36.1305541992, 27.2480983734, 8.84098529816, 5.31982517242, 3.77405571938, 2.36814880371, 2.03171849251, 1.26615595818, 0.583961844444, 0.253794431686, 0.122843541205, 0.0418440960348, 0.00503789773211, 0.000171086285263, 1.51799995365e-05, 4.41696374764e-06, 8.22330366645e-06, 1.74980759766e-05]
    },
    "gfcc": {
        "mean": [-79.5419921875, 171.018814087, -180.044616699, 3.5135269165, -60.8377571106, -10.5550937653, -28.3370628357, -3.29097819328, -6.45315074921, -20.5171470642, 10.0246829987, -12.6470861435, 1.56249189377],
        "cov": [[2245.87988281, -431.182525635, -726.663146973, 43.821975708, 17.6013755798, 68.5637207031, 68.373664856, -49.8372840881, 51.6361083984, -15.9810714722, -16.4596767426, -61.8558235168, -140.316864014], [-431.182525635, 655.931152344, 351.694396973, -188.865844727, 163.210083008, -117.284591675, 61.4436798096, 33.4573707581, -8.82125091553, -23.2884254456, 39.379573822, 48.186466217, 27.4687194824], [-726.663146973, 351.694396973, 776.077148438, 232.162124634, -80.8866271973, 85.3725204468, 64.2892837524, 39.078163147, 5.18423461914, 49.0311279297, 8.34909248352, 70.8278808594, 130.699386597], [43.821975708, -188.865844727, 232.162124634, 536.126281738, -15.8988599777, 202.383285522, -12.6669092178, -32.6967163086, 30.8540840149, 83.9437561035, -33.1798095703, -5.02699279785, 92.6144638062], [17.6013755798, 163.210083008, -80.8866271973, -15.8988599777, 343.217407227, 4.00275945663, -27.3238830566, 79.1768264771, 57.9513282776, -20.6744098663, 38.6554260254, 10.4096345901, -61.645614624], [68.5637207031, -117.284591675, 85.3725204468, 202.383285522, 4.00275945663, 254.793685913, 78.1137542725, 5.76773881912, -10.9632787704, 39.5316925049, -16.5419330597, -25.5898246765, 35.5355873108], [68.373664856, 61.4436798096, 64.2892837524, -12.6669092178, -27.3238830566, 78.1137542725, 191.314163208, 60.7486763, -11.6477470398, 0.434755265713, 20.8957862854, 26.7876586914, -4.97740125656], [-49.8372840881, 33.4573707581, 39.078163147, -32.6967163086, 79.1768264771, 5.76773881912, 60.7486763, 171.914245605, 71.3669967651, -29.9841690063, 51.3455543518, 44.6881408691, -42.6129760742], [51.6361083984, -8.82125091553, 5.18423461914, 30.8540840149, 57.9513282776, -10.9632787704, -11.6477470398, 71.3669967651, 122.513755798, 28.0661849976, 25.9456539154, 28.3059940338, -25.3377819061], [-15.9810714722, -23.2884254456, 49.0311279297, 83.9437561035, -20.6744098663, 39.5316925049, 0.434755265713, -29.9841690063, 28.0661849976, 94.4721679688, 7.6665763855, -17.444234848, 35.2890014648], [-16.4596767426, 39.379573822, 8.34909248352, -33.1798095703, 38.6554260254, -16.5419330597, 20.8957862854, 51.3455543518, 25.9456539154, 7.6665763855, 84.1605072021, 48.8529281616, -33.5793151855], [-61.8558235168, 48.186466217, 70.8278808594, -5.02699279785, 10.4096345901, -25.5898246765, 26.7876586914, 44.6881408691, 28.3059940338, -17.444234848, 48.8529281616, 98.9180679321, 10.0684223175], [-140.316864014, 27.4687194824, 130.699386597, 92.6144638062, -61.645614624, 35.5355873108, -4.97740125656, -42.6129760742, -25.3377819061, 35.2890014648, -33.5793151855, 10.0684223175, 134.226455688]],
        "icov": [[0.000873916666023, -0.000606739195064, 0.001374023268, -0.000827301642857, 0.000671444868203, -0.000366177002434, -0.000557644816581, 0.000429458246799, -0.000927403569221, 0.000566121947486, -7.70229526097e-05, -3.48796493199e-05, 0.000451066705864], [-0.000606739195064, 0.0116288522258, -0.00891738012433, 0.00576643832028, -0.00971058104187, 0.00642139371485, -0.00736148748547, 0.00801419839263, -0.00285373162478, 0.004742693156, -0.00549071934074, 0.00665073981509, -0.00585628999397], [0.001374023268, -0.00891738012433, 0.00974873825908, -0.00568357249722, 0.00790660642087, -0.00474085053429, 0.00441572023556, -0.00640285015106, 0.0018287935527, -0.00357705401257, 0.00407298374921, -0.00594536261633, 0.00345820072107], [-0.000827301642857, 0.00576643832028, -0.00568357249722, 0.00703114503995, -0.00494420202449, 7.99792978796e-05, -0.00143880210817, 0.00382812693715, -0.00164299539756, 0.000123326462926, -0.000890447059646, 0.00155648333021, -0.00317407841794], [0.000671444868203, -0.00971058104187, 0.00790660642087, -0.00494420202449, 0.0119651490822, -0.00613780226558, 0.00716840010136, -0.0078073781915, 0.00124285789207, -0.00293720187619, 0.00323956250213, -0.00505741732195, 0.00550567125902], [-0.000366177002434, 0.00642139371485, -0.00474085053429, 7.99792978796e-05, -0.00613780226558, 0.0116046527401, -0.00779608869925, 0.00364637956955, -0.000251088582445, 0.00199660426006, -0.00334723573178, 0.00664445478469, -0.00406651897356], [-0.000557644816581, -0.00736148748547, 0.00441572023556, -0.00143880210817, 0.00716840010136, -0.00779608869925, 0.0152545627207, -0.0112863499671, 0.00788657367229, -0.00883112568408, 0.00717849517241, -0.00980131700635, 0.00629689870402], [0.000429458246799, 0.00801419839263, -0.00640285015106, 0.00382812693715, -0.0078073781915, 0.00364637956955, -0.0112863499671, 0.0229695476592, -0.0152309602126, 0.0160818751901, -0.0137910023332, 0.0102652059868, -0.00659849494696], [-0.000927403569221, -0.00285373162478, 0.0018287935527, -0.00164299539756, 0.00124285789207, -0.000251088582445, 0.00788657367229, -0.0152309602126, 0.0242237746716, -0.0187552534044, 0.0124753117561, -0.0133178597316, 0.00868525821716], [0.000566121947486, 0.004742693156, -0.00357705401257, 0.000123326462926, -0.00293720187619, 0.00199660426006, -0.00883112568408, 0.0160818751901, -0.0187552534044, 0.0331843942404, -0.0215908978134, 0.0197919402272, -0.0132310707122], [-7.70229526097e-05, -0.00549071934074, 0.00407298374921, -0.000890447059646, 0.00323956250213, -0.00334723573178, 0.00717849517241, -0.0137910023332, 0.0124753117561, -0.0215908978134, 0.0361203551292, -0.0239802673459, 0.0148198110983], [-3.48796493199e-05, 0.00665073981509, -0.00594536261633, 0.00155648333021, -0.00505741732195, 0.00664445478469, -0.00980131700635, 0.0102652059868, -0.0133178597316, 0.0197919402272, -0.0239802673459, 0.0320199392736, -0.0139870299026], [0.000451066705864, -0.00585628999397, 0.00345820072107, -0.00317407841794, 0.00550567125902, -0.00406651897356, 0.00629689870402, -0.00659849494696, 0.00868525821716, -0.0132310707122, 0.0148198110983, -0.0139870299026, 0.0195613317192]]
    },
    "melbands": {
        "max": [0.00156971544493, 0.0034344359301, 0.00187511253171, 0.00286547653377, 0.00438452372327, 0.00597498286515, 0.0084405336529, 0.0179430060089, 0.0135546522215, 0.00644636293873, 0.00825762748718, 0.00328375492245, 0.00583420414478, 0.00301965791732, 0.0030019513797, 0.00253495853394, 0.00278071453795, 0.0015970626846, 0.000970892899204, 0.000393436785089, 0.000393907277612, 0.000646232103463, 0.00045018401579, 0.000215013613342, 0.000193362560822, 7.14843990863e-05, 4.38754432253e-05, 4.38028291683e-05, 4.8944784794e-05, 2.12522081711e-05, 1.53537330334e-05, 2.15540530917e-05, 1.47676655615e-05, 1.50374635268e-05, 6.33167246633e-06, 2.26547740567e-06, 1.81813697964e-06, 1.03654872419e-06, 5.40905773505e-07, 2.54396837818e-07],
        "mean": [0.000152707114466, 0.000206811950193, 0.000150779815158, 0.000249900564086, 0.000290407828288, 0.000328216876369, 0.000637993973214, 0.000920791702811, 0.000332183524733, 0.000337969016982, 0.000256418250501, 0.000248062890023, 0.000160026422236, 0.000147422018927, 0.000167105550645, 0.000114532776934, 0.000121987162856, 5.61114757147e-05, 2.7014173611e-05, 2.15288255276e-05, 2.40263379965e-05, 3.90392669942e-05, 2.34936123888e-05, 1.77362380782e-05, 1.18631987789e-05, 5.12924680152e-06, 1.57253896305e-06, 1.35849722938e-06, 9.0408042297e-07, 6.77474702115e-07, 4.17531339281e-07, 3.82040923341e-07, 2.69299903266e-07, 1.74077555926e-07, 1.12119508344e-07, 5.96219180693e-08, 4.42184351357e-08, 3.25960662906e-08, 1.83571113865e-08, 9.75695080285e-09],
        "min": [1.48685870727e-07, 4.89152682803e-07, 2.27431684152e-07, 8.38982714413e-08, 4.90445927426e-07, 2.94449620242e-07, 5.78693743591e-07, 9.33057364705e-08, 7.35367748916e-08, 1.21849296875e-07, 3.49396430011e-07, 5.99647307808e-07, 2.15435150608e-07, 1.75629253363e-07, 8.89691023076e-08, 8.63664340045e-08, 2.61231161147e-08, 3.30982139474e-08, 1.22979102457e-08, 9.28668697497e-09, 1.21017462718e-08, 1.19848273528e-08, 1.3919564168e-08, 1.11290363591e-08, 7.73796582365e-09, 6.16519546526e-09, 7.24543181008e-09, 3.66615759972e-09, 3.79722520094e-09, 2.13795070536e-09, 2.03740824212e-09, 1.97301530669e-09, 1.53964629934e-09, 1.61107438501e-09, 1.23903343141e-09, 1.19925436248e-09, 1.04107500398e-09, 8.33152713486e-10, 6.45972941804e-10, 6.40859976198e-10],
        "stdev": [0.000244532129727, 0.000358066172339, 0.000202684706892, 0.000286886934191, 0.000381305202609, 0.000422492914367, 0.00103121146094, 0.00159559515305, 0.000714619352948, 0.000651637499686, 0.000460914976429, 0.000343027786585, 0.000269784737611, 0.000238745124079, 0.00029968842864, 0.000219951136387, 0.000303694891045, 0.0001284271857, 6.20879363851e-05, 3.89243541576e-05, 4.1958213842e-05, 7.84577568993e-05, 4.25466096203e-05, 3.1360261346e-05, 2.25951971515e-05, 8.9701898105e-06, 3.27968336933e-06, 3.47440550286e-06, 2.79405253423e-06, 2.0237703211e-06, 1.23029485621e-06, 1.26778741105e-06, 9.01554642496e-07, 6.38375695416e-07, 3.83179695973e-07, 1.81601606641e-07, 1.41660422059e-07, 9.94919844288e-08, 5.58544286378e-08, 2.80231624572e-08]
    },
    "melbands128": {
        "max": [5.31699588464e-05, 0.000778474321123, 0.00285633769818, 0.00391892064363, 0.005239140708, 0.00201809057035, 0.00138396362308, 0.00270200148225, 0.00523215858266, 0.00297919823788, 0.00642224214971, 0.00701629463583, 0.00772155448794, 0.00640433095396, 0.00855091027915, 0.00853049382567, 0.0100876642391, 0.0149153396487, 0.0195319559425, 0.0368700325489, 0.0188452452421, 0.0153335491195, 0.0269982032478, 0.00813342630863, 0.00937399547547, 0.0148201398551, 0.017158664763, 0.0103480173275, 0.00368027505465, 0.00667974585667, 0.00339016248472, 0.00413450133055, 0.0120367566124, 0.00716965924948, 0.00452825892717, 0.00639338092878, 0.00912977661937, 0.0041899769567, 0.00633304938674, 0.00688472855836, 0.00357023440301, 0.0043895021081, 0.00589108839631, 0.00465587433428, 0.00225218292326, 0.00134288379923, 0.00457694800571, 0.000400112912757, 0.00163155375049, 0.00132117222529, 0.000379802746465, 0.000379606994102, 0.000617386773229, 0.000795298023149, 0.00112719892059, 0.0014286324149, 0.00095366477035, 0.00102360569872, 0.000584339199122, 0.000323503831169, 0.00039060934796, 0.000328267255099, 0.000342531275237, 0.000362066843081, 0.000110114036943, 0.00013200363901, 0.000139712909004, 3.09932147502e-05, 5.35813924216e-05, 8.54467434692e-05, 7.21048127161e-05, 3.90025306842e-05, 4.0002498281e-05, 8.54522222653e-05, 2.51526489592e-05, 3.54940530087e-05, 3.362480129e-05, 1.5882851585e-05, 1.93495907297e-05, 3.52213901351e-05, 2.59156768152e-05, 2.76124428638e-05, 1.67264479387e-05, 1.59432092914e-05, 1.49028719534e-05, 1.34821220854e-05, 1.84620948858e-05, 1.28025249069e-05, 8.03073180577e-06, 7.86345117376e-06, 3.83318410968e-06, 1.53387429691e-06, 2.63257061306e-06, 3.142154128e-06, 1.68671726897e-06, 1.70613486716e-06, 2.01948887479e-06, 6.64413335016e-07, 7.8630932876e-07, 9.54671122599e-07, 3.09563915835e-07, 3.72857385855e-07, 3.705922893e-07, 1.5634189765e-07, 1.68940204048e-08, 9.25565402099e-09, 4.93783236521e-09, 7.45299599814e-10, 7.11912917506e-10, 6.8377253859e-10, 6.52535581125e-10, 6.27674801024e-10, 6.06329819686e-10, 5.82553172368e-10, 5.64383484392e-10, 5.45086920045e-10, 5.30523514009e-10, 5.15879228224e-10, 5.02457853102e-10, 4.87245521708e-10, 4.75485373297e-10, 4.62007987423e-10, 4.56258308912e-10, 4.45615128131e-10, 4.40640884891e-10, 4.35239705388e-10, 4.31501945286e-10, 4.29139973557e-10],
        "mean": [3.44560817211e-06, 4.42885429948e-05, 0.000235101906583, 0.00032351189293, 0.00023053168843, 0.000103111531644, 8.19634078653e-05, 0.000159652277944, 0.000265119568212, 0.000243700531428, 0.000240540801315, 0.000298587634461, 0.000275497528492, 0.000308777292958, 0.000389041553717, 0.000274283229373, 0.000380947720259, 0.000783607247286, 0.000772316765506, 0.00119885988533, 0.00090601935517, 0.000381075282348, 0.000266080227448, 0.000224882227485, 0.000370302703232, 0.000398057483835, 0.000252901663771, 0.000266259768978, 0.000166267156601, 0.000405518745538, 0.000188630801858, 0.000119506461488, 0.000192559688003, 0.000174094340764, 9.91858541965e-05, 0.000126990067656, 0.000254336569924, 0.000138172545121, 0.000152792737936, 0.000149085448356, 8.09708435554e-05, 0.000100527133327, 0.000140265896334, 0.000146231192048, 4.58755348518e-05, 4.1064202378e-05, 6.80290613673e-05, 1.09100819827e-05, 1.77186029759e-05, 3.35733857355e-05, 1.73120770341e-05, 1.79743983608e-05, 1.5409599655e-05, 2.56238326983e-05, 4.64240911242e-05, 4.21286531491e-05, 3.10455761792e-05, 3.13461569021e-05, 1.70102557604e-05, 1.57498452609e-05, 2.13351922866e-05, 1.54753524839e-05, 1.46688153109e-05, 1.1479170098e-05, 5.73203396925e-06, 5.86197984376e-06, 4.48434320788e-06, 1.09068605525e-06, 8.94714673905e-07, 2.03605554816e-06, 1.50315133851e-06, 1.06438403691e-06, 8.13936480881e-07, 1.11281406134e-06, 5.05976686327e-07, 9.07968569663e-07, 6.37536913928e-07, 3.80423443858e-07, 3.73687726096e-07, 4.78067761378e-07, 3.98835425131e-07, 3.42160006994e-07, 3.13227786819e-07, 2.42846653009e-07, 2.75859889598e-07, 1.94192168124e-07, 1.44494151755e-07, 1.14507507476e-07, 1.264722016e-07, 9.86083108501e-08, 5.91176636533e-08, 4.68370764395e-08, 6.09510237837e-08, 4.25383248626e-08, 3.82902705098e-08, 3.537740767e-08, 3.6609026921e-08, 1.87714093158e-08, 1.83720274549e-08, 1.9749956337e-08, 1.10710836054e-08, 8.66410410083e-09, 6.59626486765e-09, 3.45269701718e-09, 5.94396976084e-10, 1.28250590703e-10, 1.21226279015e-10, 1.52221135002e-11, 5.6405652718e-12, 5.4176654482e-12, 5.21371400913e-12, 5.02396691957e-12, 4.84456919025e-12, 4.67177295113e-12, 4.51694454409e-12, 4.37936535994e-12, 4.25883547178e-12, 4.13222364312e-12, 4.02510750425e-12, 3.91908510852e-12, 3.82178967293e-12, 3.7402225414e-12, 3.67885236163e-12, 3.6071885496e-12, 3.50636902326e-12, 3.37921531035e-12, 3.30251277714e-12, 3.27769647361e-12],
        "min": [8.37843960877e-10, 5.25558174758e-09, 9.37457933503e-09, 1.65524909335e-07, 7.55592779456e-08, 3.35248842021e-08, 7.55418199105e-08, 1.68875473605e-08, 3.8765016086e-08, 1.56602606438e-08, 8.9287055971e-08, 5.85221826555e-08, 2.10316812854e-08, 2.02162397045e-07, 4.93838712146e-08, 4.25923083469e-08, 2.30220905451e-07, 2.42486777324e-07, 2.05284820254e-07, 6.51556462117e-08, 6.97590181176e-08, 5.37345599128e-08, 6.13778894376e-08, 1.03551812458e-07, 1.47224483271e-07, 1.37372907716e-07, 4.34006999228e-08, 6.80168454892e-08, 4.58770301748e-07, 3.55445422429e-07, 2.39891562615e-07, 5.02733392693e-08, 5.5002495003e-08, 4.27236521716e-08, 2.99582048058e-08, 3.54689575488e-08, 5.25782688499e-08, 4.50753709913e-08, 5.98115477146e-08, 9.91548745333e-08, 3.74600972464e-08, 1.95455349683e-08, 2.40675710472e-08, 1.88370101739e-08, 1.83656645447e-08, 2.90809545334e-08, 8.9771612366e-09, 1.31172335216e-08, 6.65412569489e-09, 2.86657675375e-09, 4.74934402916e-09, 1.1084427598e-08, 6.90261225955e-09, 1.46705536608e-08, 1.02816439806e-08, 9.49653333748e-09, 8.03975552799e-09, 9.17151510293e-09, 1.49668046845e-08, 1.4465649123e-08, 1.10934221809e-08, 6.63053922878e-09, 7.85230458433e-09, 5.48577583359e-09, 2.77704415019e-09, 5.96839999645e-09, 5.41065370285e-09, 2.61501309495e-09, 2.77254885717e-09, 3.69915853504e-09, 4.60863702756e-09, 2.23747087524e-09, 1.57457091809e-09, 1.91073357136e-09, 1.66217550834e-09, 9.5856023119e-10, 8.46970271695e-10, 7.5810108191e-10, 1.16113996196e-09, 1.06233899455e-09, 1.12125153606e-09, 9.76857705837e-10, 1.07551600959e-09, 8.64298632663e-10, 6.67696009593e-10, 7.02736924207e-10, 6.31885155311e-10, 8.86441919867e-10, 7.01640967549e-10, 8.59468995973e-10, 8.13431266788e-10, 5.24201460017e-10, 5.52885626171e-10, 5.28114940668e-10, 4.44839054481e-10, 5.4754245582e-10, 5.3282650514e-10, 4.75681993795e-10, 3.70590086396e-10, 4.12333306388e-10, 5.4390963955e-10, 4.45804504423e-10, 3.22708332279e-10, 1.75681288961e-10, 1.23901201798e-11, 2.87602136117e-13, 7.40563006426e-14, 1.26449753988e-13, 8.84143832366e-14, 9.75433452001e-14, 8.3788153553e-14, 1.09190115987e-13, 9.96066022631e-14, 8.63621037205e-14, 9.21850418808e-14, 1.06055233497e-13, 9.77903806651e-14, 9.63027739693e-14, 1.0954948835e-13, 7.77604231548e-14, 9.83754771438e-14, 1.02122141039e-13, 9.49198063357e-14, 9.26291446432e-14, 6.00954087383e-14, 2.79656465628e-14, 4.76380477492e-15, 1.44519437972e-16],
        "stdev": [4.50279958386e-06, 8.84491382749e-05, 0.000423368182965, 0.000528924050741, 0.00051886739675, 0.000212815895793, 0.000110258675704, 0.000248298078077, 0.000561038847081, 0.000344717642292, 0.000351729016984, 0.000507492746692, 0.00049863755703, 0.000499225920066, 0.000613741984125, 0.00053970591398, 0.000903715321328, 0.00168006191961, 0.00159616931342, 0.00277489121072, 0.00192598858848, 0.000990696717054, 0.00114266166929, 0.000566248549148, 0.000747336249333, 0.00118384929374, 0.000818695465568, 0.000706535589416, 0.000278287916444, 0.000687619263772, 0.000300886196783, 0.000277874525636, 0.000446224381449, 0.000411454559071, 0.00024627536186, 0.000307221664116, 0.000657014374156, 0.000386276486097, 0.000413259753259, 0.000415728572989, 0.000246310199145, 0.000332420720952, 0.000482400879264, 0.000455739209428, 0.000159223316587, 0.000107323321572, 0.000234852152062, 2.57794017671e-05, 6.06011308264e-05, 0.000101247882412, 3.32825438818e-05, 3.7370431528e-05, 3.83083570341e-05, 6.12245858065e-05, 0.000113058005809, 0.000128908155602, 8.10984056443e-05, 6.92645917297e-05, 4.11032779084e-05, 3.48396133631e-05, 4.58094837086e-05, 3.3903055737e-05, 3.16122095683e-05, 2.83403878711e-05, 1.21137827591e-05, 1.22852834465e-05, 1.01098985397e-05, 2.19501521315e-06, 2.44344164457e-06, 6.87388228471e-06, 4.38379447587e-06, 3.31992168867e-06, 2.64086065727e-06, 4.26554470323e-06, 1.56382986916e-06, 3.12418546855e-06, 2.12022905544e-06, 1.22447238482e-06, 1.25739938994e-06, 1.69272743733e-06, 1.49202560351e-06, 1.45621231695e-06, 1.08364815787e-06, 8.71518125223e-07, 9.62347371569e-07, 6.77719071973e-07, 6.42528561912e-07, 5.30817715116e-07, 4.42434867409e-07, 4.01682086704e-07, 1.93242996716e-07, 1.39579512393e-07, 2.3231133639e-07, 1.60574245456e-07, 1.17523143217e-07, 1.21039079204e-07, 1.25989316757e-07, 5.83108175078e-08, 6.28296632499e-08, 7.16936412459e-08, 3.22621467319e-08, 2.59370604994e-08, 2.16504840722e-08, 9.85436532375e-09, 1.45799838869e-09, 5.28765364827e-10, 4.28469815184e-10, 4.46040392121e-11, 2.33852694154e-11, 2.2454474044e-11, 2.14670781151e-11, 2.06408275888e-11, 1.9913001803e-11, 1.91644616843e-11, 1.85504320238e-11, 1.79260373906e-11, 1.74315822193e-11, 1.69478511086e-11, 1.64975637318e-11, 1.60092772372e-11, 1.56200833518e-11, 1.52014564131e-11, 1.49859638587e-11, 1.46602729956e-11, 1.44831533919e-11, 1.43146718437e-11, 1.41911048884e-11, 1.4114030257e-11]
    },
    "mfcc": {
        "mean": [-700.866577148, 191.368621826, -50.6036186218, 6.66115140915, -11.8512020111, -14.4395170212, -9.16816139221, 5.94618415833, -10.268245697, -7.32218265533, 3.70401191711, 0.68664753437, -0.986284434795],
        "cov": [[2848.54467773, -723.123840332, -739.091308594, -126.825431824, -124.936531067, 146.125411987, -43.3944206238, 36.9652137756, -62.0044898987, 102.128921509, 88.7321548462, -3.24790430069, -149.357055664], [-723.123840332, 1026.84143066, -5.71980857849, -58.1208000183, 54.2539367676, -217.360900879, 48.4214363098, 65.6554260254, -18.0786075592, -101.817749023, 34.4100265503, 32.0014266968, 67.9616317749], [-739.091308594, -5.71980857849, 870.77557373, 222.49307251, -80.4326248169, 152.023147583, 75.3224716187, -55.7736740112, 133.217163086, -15.2202072144, -125.843734741, 39.3552970886, 91.299911499], [-126.825431824, -58.1208000183, 222.49307251, 248.141265869, 96.1133117676, 82.8899154663, -6.01347208023, -15.5436248779, 50.9270324707, 8.71074676514, -21.901134491, 5.80721855164, 42.8944816589], [-124.936531067, 54.2539367676, -80.4326248169, 96.1133117676, 335.637969971, 17.7373580933, -36.4521369934, 55.7371559143, -2.24547672272, 41.874256134, 56.8872566223, 6.28881883621, 12.8132171631], [146.125411987, -217.360900879, 152.023147583, 82.8899154663, 17.7373580933, 263.114440918, 67.8965988159, -78.4448394775, 66.1365737915, 49.8892021179, -59.9268989563, -0.367018997669, 0.263563454151], [-43.3944206238, 48.4214363098, 75.3224716187, -6.01347208023, -36.4521369934, 67.8965988159, 174.746459961, 52.1739349365, 27.3349952698, 9.86545372009, -10.8038434982, 35.1323127747, 6.88559341431], [36.9652137756, 65.6554260254, -55.7736740112, -15.5436248779, 55.7371559143, -78.4448394775, 52.1739349365, 246.953216553, -4.87560749054, -23.119052887, 116.443405151, 64.0792770386, 11.5895376205], [-62.0044898987, -18.0786075592, 133.217163086, 50.9270324707, -2.24547672272, 66.1365737915, 27.3349952698, -4.87560749054, 121.277770996, 34.6297645569, -38.9875259399, -4.39191198349, 13.8352003098], [102.128921509, -101.817749023, -15.2202072144, 8.71074676514, 41.874256134, 49.8892021179, 9.86545372009, -23.119052887, 34.6297645569, 109.211982727, 15.6337852478, -9.57116794586, -16.611038208], [88.7321548462, 34.4100265503, -125.843734741, -21.901134491, 56.8872566223, -59.9268989563, -10.8038434982, 116.443405151, -38.9875259399, 15.6337852478, 166.066833496, 66.475692749, -10.2313709259], [-3.24790430069, 32.0014266968, 39.3552970886, 5.80721855164, 6.28881883621, -0.367018997669, 35.1323127747, 64.0792770386, -4.39191198349, -9.57116794586, 66.475692749, 107.849472046, 30.8551158905], [-149.357055664, 67.9616317749, 91.299911499, 42.8944816589, 12.8132171631, 0.263563454151, 6.88559341431, 11.5895376205, 13.8352003098, -16.611038208, -10.2313709259, 30.8551158905, 84.3238372803]],
        "icov": [[0.000749430153519, 0.000217939901631, 0.000897124991752, -0.000476649118355, 0.000797555199824, -0.00084121839609, 0.000585476052947, -0.000725931487978, 0.000202612092835, -0.000586134032346, 0.000551835575607, -0.000686936371494, 0.000525897659827], [0.000217939901631, 0.00183824729174, 4.3414758693e-05, 0.000529311015271, -0.00086538947653, 0.00179027765989, -0.00174235820305, 0.00128774018958, -0.00118957238737, 0.00183383002877, -0.00114250683691, 0.000393813243136, -0.00104690506123], [0.000897124991752, 4.3414758693e-05, 0.0033295575995, -0.00241362955421, 0.00193321565166, -0.00146969652269, 0.000733983819373, -0.00114141101949, -0.000715120288078, -0.000790757185314, 0.00214891252108, -0.00217405729927, 2.386977485e-06], [-0.000476649118355, 0.000529311015271, -0.00241362955421, 0.00795542448759, -0.00323336781003, -0.00018908130005, -0.000250141049037, 0.00141131877899, -0.00163784984034, 0.00220363051631, -0.00211551925167, 0.00189835450146, -0.00263450900093], [0.000797555199824, -0.00086538947653, 0.00193321565166, -0.00323336781003, 0.00611074268818, -0.00288843456656, 0.00305847241543, -0.00336575740948, 0.00183530140202, -0.00383021542802, 0.00135667063296, -0.000818646105472, 0.000363605213352], [-0.00084121839609, 0.00179027765989, -0.00146969652269, -0.00018908130005, -0.00288843456656, 0.0101123033091, -0.00575559772551, 0.00511971255764, -0.00336485123262, 0.00155505735893, -0.00132046977524, -5.85833731748e-05, -0.000352166127414], [0.000585476052947, -0.00174235820305, 0.000733983819373, -0.000250141049037, 0.00305847241543, -0.00575559772551, 0.0118916407228, -0.00654466077685, 0.00232775672339, -0.00464456388727, 0.00567717058584, -0.0043613454327, 0.00224338960834], [-0.000725931487978, 0.00128774018958, -0.00114141101949, 0.00141131877899, -0.00336575740948, 0.00511971255764, -0.00654466077685, 0.0116158397868, -0.00464630359784, 0.00613989401609, -0.00855712592602, 0.00158859346993, -0.00202010874636], [0.000202612092835, -0.00118957238737, -0.000715120288078, -0.00163784984034, 0.00183530140202, -0.00336485123262, 0.00232775672339, -0.00464630359784, 0.0144575834274, -0.00700406171381, 0.0053492821753, -0.000824948423542, 0.000304294691887], [-0.000586134032346, 0.00183383002877, -0.000790757185314, 0.00220363051631, -0.00383021542802, 0.00155505735893, -0.00464456388727, 0.00613989401609, -0.00700406171381, 0.0172458011657, -0.00804438814521, 0.00407371390611, -0.000588659837376], [0.000551835575607, -0.00114250683691, 0.00214891252108, -0.00211551925167, 0.00135667063296, -0.00132046977524, 0.00567717058584, -0.00855712592602, 0.0053492821753, -0.00804438814521, 0.0195500794798, -0.0111861210316, 0.0051610795781], [-0.000686936371494, 0.000393813243136, -0.00217405729927, 0.00189835450146, -0.000818646105472, -5.85833731748e-05, -0.0043613454327, 0.00158859346993, -0.000824948423542, 0.00407371390611, -0.0111861210316, 0.0197244454175, -0.00752033852041], [0.000525897659827, -0.00104690506123, 2.386977485e-06, -0.00263450900093, 0.000363605213352, -0.000352166127414, 0.00224338960834, -0.00202010874636, 0.000304294691887, -0.000588659837376, 0.0051610795781, -0.00752033852041, 0.0182242710143]]
    },
    "spectral_contrast_coeffs": {
        "max": [-0.423923552036, -0.387018710375, -0.501707077026, -0.586931943893, -0.473820596933, -0.592244207859],
        "mean": [-0.678789973259, -0.696970582008, -0.705817759037, -0.755978524685, -0.721528410912, -0.770853996277],
        "min": [-0.943897724152, -0.946897506714, -0.899410545826, -0.922239363194, -0.891361057758, -0.927747428417],
        "stdev": [0.0753979235888, 0.0792189538479, 0.0646969005466, 0.0531963668764, 0.0754091590643, 0.0401540137827]
    },
    "spectral_contrast_valleys": {
        "max": [-5.93865203857, -5.00010967255, -5.48306846619, -5.96440696716, -6.36861276627, -9.73383712769],
        "mean": [-7.48790740967, -6.51916265488, -7.2273311615, -7.84350252151, -8.52484130859, -12.0153884888],
        "min": [-9.94285202026, -9.27844524384, -9.70140075684, -10.7783002853, -11.6767759323, -12.8317756653],
        "stdev": [0.66248935461, 0.585658848286, 0.66606849432, 0.723817169666, 0.651233792305, 0.581301808357]
    }
},
"rhythm": {
    "beats_count": 103,
    "beats_loudness": {
        "max": 0.0756536498666,
        "mean": 0.0237201843411,
        "min": 0.00158777204342,
        "stdev": 0.015744516626
    },
    "bpm": 144.418869019,
    "bpm_histogram_first_peak_bpm": 144,
    "bpm_histogram_first_peak_weight": 0.431818246841,
    "bpm_histogram_second_peak_bpm": 117,
    "bpm_histogram_second_peak_spread": 0.4375,
    "bpm_histogram_second_peak_weight": 0.088235296309,
    "danceability": 0.955915331841,
    "onset_rate": 1.8662109375,
    "beats_loudness_band_ratio": {
        "max": [0.899276971817, 0.7160115242, 0.874714851379, 0.741616725922, 0.389872848988, 0.227217510343],
        "mean": [0.104845613241, 0.1938790977, 0.397102504969, 0.259693086147, 0.0813007280231, 0.0117844184861],
        "min": [0.000458174326923, 0.00243388046511, 0.0303401611745, 0.0169751271605, 0.00264924811199, 0.000266972841928],
        "stdev": [0.126103326678, 0.162430241704, 0.193988189101, 0.146371603012, 0.0827760919929, 0.0276504009962]
    },
