{
"metadata": {
    "version": {
        "essentia": "2.1-beta5",
        "essentia_git_sha": "Undefined",
        "extractor": "music 2.0"
    },
    "audio_properties": {
        "analysis": {
            "equal_loudness": 0,
            "length": 29.0017242432,
            "sample_rate": 44100,
            "start_time": 0,
            "downmix": "mix"
        },
        "bit_rate": 192000,
        "length": 178.120285034,
        "lossless": 0,
        "number_channels": 1,
        "replay_gain": -9.26928329468,
        "sample_rate": 48000,
        "codec": "mp3",
        "md5_encoded": "6e97c4cefc73793700f3405a8ca77c2b"
    },
    "tags": {
        "file_name": "Germany_Marcel_Heidi Brühl.mp3",
        "encoding": ["Lavf58.29.100"]
    }
},
"lowlevel": {
    "average_loudness": 0.952557265759,
    "barkbands_crest": {
        "max": 24.7718009949,
        "mean": 11.8023262024,
        "min": 2.73533916473,
        "stdev": 4.64913511276
    },
    "barkbands_flatness_db": {
        "max": 0.444789856672,
        "mean": 0.254230678082,
        "min": 0.0649816542864,
        "stdev": 0.0782589018345
    },
    "barkbands_kurtosis": {
        "max": 128.73727417,
        "mean": 14.5679855347,
        "min": -1.87946367264,
        "stdev": 18.8851299286
    },
    "barkbands_skewness": {
        "max": 8.65250301361,
        "mean": 2.11871743202,
        "min": -2.92007112503,
        "stdev": 1.83053660393
    },
    "barkbands_spread": {
        "max": 60.9136123657,
        "mean": 9.60655117035,
        "min": 0.446686536074,
        "stdev": 11.8239736557
    },
    "dissonance": {
        "max": 0.500000119209,
        "mean": 0.398811340332,
        "min": 0.15424542129,
        "stdev": 0.0879128575325
    },
    "dynamic_complexity": 5.8049249649,
    "erbbands_crest": {
        "max": 31.7518424988,
        "mean": 12.9984636307,
        "min": 2.7729370594,
        "stdev": 6.01093387604
    },
    "erbbands_flatness_db": {
        "max": 0.427976161242,
        "mean": 0.27393373847,
        "min": 0.096508026123,
        "stdev": 0.068489946425
    },
    "erbbands_kurtosis": {
        "max": 71.4169082642,
        "mean": 6.43984508514,
        "min": -1.83111321926,
        "stdev": 9.13220596313
    },
    "erbbands_skewness": {
        "max": 6.63648509979,
        "mean": 1.36792230606,
        "min": -3.95928263664,
        "stdev": 1.60423326492
    },
    "erbbands_spread": {
        "max": 94.673500061,
        "mean": 20.5548648834,
        "min": 1.60471451283,
        "stdev": 16.7932662964
    },
    "hfc": {
        "max": 48.594455719,
        "mean": 8.34491443634,
        "min": 1.11689883539e-16,
        "stdev": 10.5548667908
    },
    "loudness_ebu128": {
        "integrated": -19.9559631348,
        "loudness_range": 1.9238948822,
        "momentary": {
            "max": -16.1733474731,
            "mean": -21.4274215698,
            "min": -36.575340271,
            "stdev": 4.08821582794
        },
        "short_term": {
            "max": -18.9197845459,
            "mean": -20.1542701721,
            "min": -22.4109477997,
            "stdev": 0.720624387264
        }
    },
    "melbands_crest": {
        "max": 31.2188301086,
        "mean": 13.7403230667,
        "min": 1.65472757816,
        "stdev": 5.32733440399
    },
    "melbands_flatness_db": {
        "max": 0.483552008867,
        "mean": 0.285676598549,
        "min": 0.00134507776238,
        "stdev": 0.0939516872168
    },
    "melbands_kurtosis": {
        "max": 106.319114685,
        "mean": 15.4627141953,
        "min": -1.87753641605,
        "stdev": 16.6081409454
    },
    "melbands_skewness": {
        "max": 7.42864751816,
        "mean": 2.03580164909,
        "min": -1.49244844913,
        "stdev": 1.55012786388
    },
    "melbands_spread": {
        "max": 158.570587158,
        "mean": 15.2032594681,
        "min": 0.824726998806,
        "stdev": 24.3056030273
    },
    "pitch_salience": {
        "max": 0.958987593651,
        "mean": 0.67101174593,
        "min": 0.2203322649,
        "stdev": 0.114065490663
    },
    "silence_rate_20dB": {
        "max": 1,
        "mean": 1,
        "min": 1,
        "stdev": 0
    },
    "silence_rate_30dB": {
        "max": 1,
        "mean": 1,
        "min": 1,
        "stdev": 0
    },
    "silence_rate_60dB": {
        "max": 1,
        "mean": 0.373600006104,
        "min": 0,
        "stdev": 0.483758747578
    },
    "spectral_centroid": {
        "max": 11161.6523438,
        "mean": 906.767883301,
        "min": 265.674468994,
        "stdev": 1092.15612793
    },
    "spectral_complexity": {
        "max": 32,
        "mean": 6.67759990692,
        "min": 0,
        "stdev": 5.29596471786
    },
    "spectral_decrease": {
        "max": 1.17195015824e-28,
        "mean": -4.11862721705e-09,
        "min": -2.43108857489e-08,
        "stdev": 5.15697928805e-09
    },
    "spectral_energy": {
        "max": 0.0946985036135,
        "mean": 0.0163015313447,
        "min": 1.03395258202e-20,
        "stdev": 0.0203629471362
    },
    "spectral_energyband_high": {
        "max": 0.00453430833295,
        "mean": 4.52229287475e-05,
        "min": 7.42571425778e-21,
        "stdev": 0.000207705772482
    },
    "spectral_energyband_low": {
        "max": 0.011583045125,
        "mean": 0.000589495408349,
        "min": 2.56580369971e-23,
        "stdev": 0.00108019995969
    },
    "spectral_energyband_middle_high": {
        "max": 0.0335179418325,
        "mean": 0.00146806112025,
        "min": 1.43944017356e-21,
        "stdev": 0.00331796240062
    },
    "spectral_energyband_middle_low": {
        "max": 0.0939106047153,
        "mean": 0.0146773317829,
        "min": 1.84079972792e-22,
        "stdev": 0.0192457027733
    },
    "spectral_entropy": {
        "max": 9.79495239258,
        "mean": 6.75795173645,
        "min": 4.96472358704,
        "stdev": 0.76508295536
    },
    "spectral_flux": {
        "max": 0.309970647097,
        "mean": 0.0742494985461,
        "min": 6.51045120592e-11,
        "stdev": 0.0594464763999
    },
    "spectral_kurtosis": {
        "max": 62.4551010132,
        "mean": 13.1380252838,
        "min": -1.22680306435,
        "stdev": 11.9888381958
    },
    "spectral_rms": {
        "max": 0.00961190834641,
        "mean": 0.00314399343915,
        "min": 3.17605750727e-12,
        "stdev": 0.00245341891423
    },
    "spectral_rolloff": {
        "max": 19487.5488281,
        "mean": 1112.73205566,
        "min": 215.33203125,
        "stdev": 1848.72009277
    },
    "spectral_skewness": {
        "max": 6.1655960083,
        "mean": 2.35409235954,
        "min": -0.870963931084,
        "stdev": 1.2971585989
    },
    "spectral_spread": {
        "max": 41263688,
        "mean": 3007770,
        "min": 1115520.875,
        "stdev": 3005479.75
    },
    "spectral_strongpeak": {
        "max": 5.69315719604,
        "mean": 0.9704631567,
        "min": 0,
        "stdev": 1.16223847866
    },
    "zerocrossingrate": {
        "max": 0.79638671875,
        "mean": 0.0431277342141,
        "min": 0.0107421875,
        "stdev": 0.0542327873409
    },
    "barkbands": {
        "max": [3.12650881824e-05, 0.000214475439861, 0.00472740409896, 0.0115795014426, 0.0439507700503, 0.0856974124908, 0.0695790052414, 0.0657442286611, 0.0367345437407, 0.0307243205607, 0.0111141474918, 0.00951330922544, 0.00606500357389, 0.00332237454131, 0.00247562257573, 0.00160805229098, 0.00157734460663, 0.00244883075356, 0.00293983030133, 0.00176368514076, 0.00302101182751, 0.000507131509949, 1.21959246826e-05, 1.6644966081e-06, 3.76322162765e-07, 2.28678196379e-08, 2.47727456326e-08],
        "mean": [6.37173116047e-07, 9.52179743763e-06, 0.000223445851589, 0.000825845170766, 0.00222798949108, 0.0038398753386, 0.00283260061406, 0.00303189456463, 0.00166185724083, 0.000667512067594, 0.000231083104154, 0.000185072683962, 0.000165831894265, 0.000107702660898, 6.87498468324e-05, 4.84337761009e-05, 4.99255475006e-05, 3.75285344489e-05, 2.57850970229e-05, 3.00783212879e-05, 2.24045888899e-05, 6.02066074862e-06, 1.02649960354e-06, 6.09308813182e-07, 1.25601843592e-07, 5.54015944232e-10, 5.78421421871e-10],
        "min": [4.04101808422e-24, 8.32939612706e-24, 3.38902849036e-24, 6.13868245603e-24, 1.2616684753e-23, 1.096420575e-23, 1.11698239227e-23, 3.07548815052e-23, 2.57438634858e-23, 4.17254218082e-23, 1.61730874393e-23, 5.20695118893e-23, 4.55933709096e-23, 9.9529280369e-23, 5.51061246588e-23, 8.83760430357e-23, 9.85097312915e-23, 1.17147775557e-22, 1.79589019213e-22, 1.47252903889e-22, 3.19234161154e-22, 4.22177429572e-22, 5.61965071347e-22, 5.63959564151e-22, 9.92963581426e-22, 1.48295177209e-21, 2.09957200472e-21],
        "stdev": [1.25937890516e-06, 2.20750134758e-05, 0.000454961089417, 0.00145867688116, 0.0037607580889, 0.0080824829638, 0.00723287509754, 0.00824927352369, 0.00429939059541, 0.00234299828298, 0.000858612940647, 0.000607089023106, 0.000448512088042, 0.000273922312772, 0.000171556006535, 0.000126958519104, 0.000123690333567, 0.000115317365271, 0.000127307328512, 0.000112971902126, 0.000124434576719, 2.48010073847e-05, 1.0296975006e-06, 1.88640825627e-07, 6.92671804359e-08, 1.29738264576e-09, 1.34138133934e-09]
    },
    "erbbands": {
        "max": [0.00299028423615, 0.0824934393167, 2.93706321716, 25.5738945007, 175.486099243, 168.960601807, 415.341156006, 978.797302246, 1225.07507324, 991.213195801, 1502.75927734, 748.893554688, 970.61730957, 597.496398926, 447.874420166, 387.445404053, 223.933029175, 155.129379272, 122.958557129, 93.6609344482, 79.4000473022, 95.3755340576, 117.304512024, 125.131614685, 89.4103775024, 75.4860229492, 160.58895874, 77.3581848145, 22.1056594849, 1.73024308681, 0.331866979599, 0.0475456006825, 0.0257165692747, 0.00729206996039, 0.00195041950792, 0.000156630412675, 4.28403327533e-05, 1.53902929014e-05, 4.39107934653e-05, 0.000104943857878],
        "mean": [0.000192472711205, 0.00572445522994, 0.175318822265, 1.66018509865, 4.92574882507, 7.31979465485, 17.3555755615, 34.8007125854, 44.5528030396, 40.6052856445, 70.2777404785, 37.2314720154, 29.4439258575, 15.7312688828, 7.59714460373, 7.7815580368, 7.59778499603, 6.22527170181, 4.48879766464, 3.07183504105, 2.64703583717, 2.82001876831, 2.33896565437, 1.34946489334, 1.38756072521, 1.41134333611, 1.05768334866, 0.750273287296, 0.25772100687, 0.0653098523617, 0.0272787101567, 0.0154206668958, 0.00864772964269, 0.00267825531773, 0.000296254933346, 2.12406812352e-05, 6.88154932504e-06, 1.61975583524e-06, 8.01935220807e-06, 1.8465139874e-05],
        "min": [1.8945676037e-22, 1.54456360108e-21, 5.20610594655e-21, 1.5860869975e-20, 1.18152087628e-20, 3.84852403898e-20, 5.33177390709e-20, 1.05868145339e-19, 1.15537240465e-19, 2.50784540566e-19, 4.88188504145e-19, 6.31500802294e-19, 8.178049339e-19, 9.25518221918e-19, 1.1408789337e-18, 2.19066687718e-18, 2.33862984323e-18, 4.77145239717e-18, 3.48792864838e-18, 5.52043259538e-18, 6.50027890256e-18, 7.58227250281e-18, 6.60978148564e-18, 7.90682674231e-18, 9.93374680659e-18, 7.98087181484e-18, 1.23163694235e-17, 1.66270284528e-17, 1.49861668152e-17, 1.21067262875e-17, 1.26227447147e-17, 1.17872699621e-17, 9.79032775044e-18, 9.35651784127e-18, 8.01016889778e-18, 5.55740136491e-18, 2.91076523713e-18, 1.19629062556e-18, 2.7276833876e-19, 3.18016921262e-20],
        "stdev": [0.000203084870009, 0.0105903819203, 0.315536916256, 2.79814314842, 10.2930669785, 14.7537851334, 39.7485275269, 80.8653640747, 115.560424805, 100.980957031, 187.867767334, 90.6586532593, 93.0972824097, 51.0626869202, 24.5349235535, 25.5490341187, 19.8667373657, 15.3545608521, 10.544342041, 7.61709451675, 6.74083614349, 6.8625793457, 6.26398229599, 6.27079105377, 5.40594291687, 5.41770553589, 5.94205331802, 3.89332509041, 1.11231577396, 0.143210172653, 0.0236686877906, 0.00537946308032, 0.00286843860522, 0.00119929027278, 0.000293942954158, 1.54331646627e-05, 7.23563834981e-06, 1.85019121091e-06, 9.79573178483e-06, 2.2923850338e-05]
    },
    "gfcc": {
        "mean": [-168.784194946, 154.783676147, -146.059249878, 22.0422668457, -87.368927002, -22.0021800995, -46.9668884277, -21.9562854767, -10.4127855301, -25.2141532898, -1.42630505562, -26.045124054, 0.304585397243],
        "cov": [[11744.1904297, 2425.55224609, -1749.87670898, -1120.20617676, -170.332321167, -847.458496094, 94.9928207397, -362.651794434, 133.729263306, -486.651916504, -23.5286426544, -383.09362793, -259.938537598], [2425.55224609, 1067.09362793, 40.5858306885, -749.401672363, 43.5588798523, -178.626235962, -9.29932880402, -67.8741531372, 101.873168945, -234.857116699, 66.9288482666, -85.9700546265, -105.085884094], [-1749.87670898, 40.5858306885, 1057.65075684, 125.765235901, -66.1831970215, 15.220035553, -208.962295532, 26.9054393768, -7.90715408325, 9.79769420624, 94.1416397095, 112.842384338, 65.2516021729], [-1120.20617676, -749.401672363, 125.765235901, 1227.21191406, -54.662399292, 26.2006721497, -134.362213135, -17.8086109161, -85.8798980713, 191.763793945, -30.2994174957, 92.3476638794, 162.047027588], [-170.332321167, 43.5588798523, -66.1831970215, -54.662399292, 265.876037598, -67.8347930908, 33.5382919312, 1.8981897831, 44.387840271, -45.581905365, -1.2192851305, 9.09109306335, -23.734085083], [-847.458496094, -178.626235962, 15.220035553, 26.2006721497, -67.8347930908, 435.98248291, 29.3997077942, 62.2874412537, -57.4534645081, 47.2058296204, -29.3865318298, 0.212656900287, 34.3184547424], [94.9928207397, -9.29932880402, -208.962295532, -134.362213135, 33.5382919312, 29.3997077942, 267.367340088, -19.7434158325, -3.76240372658, 1.53645431995, -41.7330284119, -45.5602416992, -54.1895637512], [-362.651794434, -67.8741531372, 26.9054393768, -17.8086109161, 1.8981897831, 62.2874412537, -19.7434158325, 151.617980957, 18.5123806, 11.6422319412, -7.17821741104, 0.90140157938, 2.52525949478], [133.729263306, 101.873168945, -7.90715408325, -85.8798980713, 44.387840271, -57.4534645081, -3.76240372658, 18.5123806, 98.0902862549, 5.23163509369, -9.50059223175, -18.7111053467, -20.0082302094], [-486.651916504, -234.857116699, 9.79769420624, 191.763793945, -45.581905365, 47.2058296204, 1.53645431995, 11.6422319412, 5.23163509369, 139.887176514, -8.59328651428, -3.00379920006, 12.3518457413], [-23.5286426544, 66.9288482666, 94.1416397095, -30.2994174957, -1.2192851305, -29.3865318298, -41.7330284119, -7.17821741104, -9.50059223175, -8.59328651428, 70.8789978027, 22.8255004883, -7.84811925888], [-383.09362793, -85.9700546265, 112.842384338, 92.3476638794, 9.09109306335, 0.212656900287, -45.5602416992, 0.90140157938, -18.7111053467, -3.00379920006, 22.8255004883, 83.933265686, 38.2126655579], [-259.938537598, -105.085884094, 65.2516021729, 162.047027588, -23.734085083, 34.3184547424, -54.1895637512, 2.52525949478, -20.0082302094, 12.3518457413, -7.84811925888, 38.2126655579, 76.8262481689]],
        "icov": [[0.00121676654089, -0.0041180937551, 0.0024294462055, -0.00115849543363, 0.00160718359984, 0.0013801115565, 0.000734520494007, -6.76829877193e-05, 0.00216127163731, -0.00123798334971, 0.00209092977457, -0.000871933996677, 0.000673674279824], [-0.0041180937551, 0.0175125766546, -0.00855458620936, 0.00498504191637, -0.00472987489775, -0.00452832737938, -0.00209370651282, 0.00188307499047, -0.0106067098677, 0.00883796345443, -0.0101178949699, 0.00641839252785, -0.00261448160745], [0.0024294462055, -0.00855458620936, 0.00620594667271, -0.0024173243437, 0.00346026266925, 0.00259399972856, 0.00199483288452, -0.000382874946808, 0.00414784904569, -0.00289752660319, 0.00326056173071, -0.00325141963549, 0.00117275549565], [-0.00115849543363, 0.00498504191637, -0.0024173243437, 0.00317090423778, -0.00181603222154, -0.000736249785405, -8.27432522783e-05, 0.000697833253071, -0.00134109298233, 2.04374064197e-05, -0.00184463022742, 0.00143294397276, -0.00330331339501], [0.00160718359984, -0.00472987489775, 0.00346026266925, -0.00181603222154, 0.00716766202822, 0.00197130045854, 0.000308150658384, 6.15114331595e-05, -0.000538075575605, 0.00142533727922, 0.00193783885334, -0.00250413338654, 0.00248295930214], [0.0013801115565, -0.00452832737938, 0.00259399972856, -0.000736249785405, 0.00197130045854, 0.00478748697788, 0.00045786058763, -0.00139155623037, 0.00474951276556, -0.00271635758691, 0.00346055929549, -0.00046848229249, -0.00107540434692], [0.000734520494007, -0.00209370651282, 0.00199483288452, -8.27432522783e-05, 0.000308150658384, 0.00045786058763, 0.00638446537778, 0.00101722532418, 0.00268283020705, -0.00139431806747, 0.00437878491357, -0.000452590640634, 0.00405743764713], [-6.76829877193e-05, 0.00188307499047, -0.000382874946808, 0.000697833253071, 6.15114331595e-05, -0.00139155623037, 0.00101722532418, 0.00837324652821, -0.00353125692345, 0.00185119477101, -0.00066682510078, 0.00107575382572, 0.000462424242869], [0.00216127163731, -0.0106067098677, 0.00414784904569, -0.00134109298233, -0.000538075575605, 0.00474951276556, 0.00268283020705, -0.00353125692345, 0.0226944796741, -0.0106691112742, 0.0106250336394, -0.00260966620408, 0.00183985475451], [-0.00123798334971, 0.00883796345443, -0.00289752660319, 2.04374064197e-05, 0.00142533727922, -0.00271635758691, -0.00139431806747, 0.00185119477101, -0.0106691112742, 0.0190511550754, -0.00759692490101, 0.00615071924403, 0.00125056400429], [0.00209092977457, -0.0101178949699, 0.00326056173071, -0.00184463022742, 0.00193783885334, 0.00346055929549, 0.00437878491357, -0.00066682510078, 0.0106250336394, -0.00759692490101, 0.0280258879066, -0.0104301171377, 0.00855908822268], [-0.000871933996677, 0.00641839252785, -0.00325141963549, 0.00143294397276, -0.00250413338654, -0.00046848229249, -0.000452590640634, 0.00107575382572, -0.00260966620408, 0.00615071924403, -0.0104301171377, 0.0244603771716, -0.0102510452271], [0.000673674279824, -0.00261448160745, 0.00117275549565, -0.00330331339501, 0.00248295930214, -0.00107540434692, 0.00405743764713, 0.000462424242869, 0.00183985475451, 0.00125056400429, 0.00855908822268, -0.0102510452271, 0.0280364435166]]
    },
    "melbands": {
        "max": [2.93026969302e-05, 0.00144153879955, 0.00645329756662, 0.01047268603, 0.0107564805076, 0.0194748844951, 0.0164540242404, 0.0119798146188, 0.011046404019, 0.00477441819385, 0.00505916960537, 0.00241551664658, 0.00166112359148, 0.000874890130945, 0.000762619718444, 0.000809064600617, 0.000299411447486, 0.000196585329832, 0.000218862012844, 0.000114455804578, 9.69943357632e-05, 0.000104089507659, 7.37543305149e-05, 0.000150501829921, 0.000113276932098, 0.000113244059321, 4.90479724249e-05, 6.00567582296e-05, 9.74982758635e-05, 8.21564317448e-05, 4.25014259235e-05, 1.54710305651e-05, 2.87416423816e-06, 4.74230347436e-07, 2.08173190686e-07, 7.13402172892e-08, 2.4462989856e-08, 2.09739070556e-08, 1.50577204039e-08, 6.06938588277e-09],
        "mean": [1.76558592102e-06, 7.74916625232e-05, 0.000381746591302, 0.000440256466391, 0.000544922426343, 0.000787408556789, 0.000659482902847, 0.000486643606564, 0.0005352885928, 0.000222932794713, 0.000144426521729, 6.51179871056e-05, 2.76294940704e-05, 2.06266340683e-05, 1.8615857698e-05, 1.61746665981e-05, 1.08220983748e-05, 7.51652123654e-06, 4.81194047097e-06, 3.43886131304e-06, 3.02839953292e-06, 2.81782695311e-06, 2.83816689262e-06, 1.55976522365e-06, 1.02132730717e-06, 9.88045371741e-07, 1.04091009234e-06, 9.10754408778e-07, 6.83711334659e-07, 5.53595214114e-07, 3.89479879459e-07, 1.65555803733e-07, 5.72312224278e-08, 2.56580676705e-08, 1.59525939125e-08, 1.12940741204e-08, 8.66618332651e-09, 6.59711441031e-09, 4.05551814353e-09, 1.59954083312e-09],
        "min": [2.3409001656e-24, 2.46562637168e-24, 3.17893353206e-24, 1.26671083476e-24, 2.74703731405e-24, 2.26162615273e-24, 1.8668379517e-24, 2.92886107523e-24, 3.38694076998e-24, 4.04693375215e-24, 3.81303688818e-24, 3.97692234681e-24, 2.64921836458e-24, 6.91700851829e-24, 5.0208661589e-24, 5.68539548571e-24, 7.53166684754e-24, 6.12735678002e-24, 4.58643572523e-24, 6.43270905921e-24, 7.14247995336e-24, 7.17712751318e-24, 5.35024438026e-24, 5.20928992485e-24, 5.88130435836e-24, 6.23363606547e-24, 4.19492958e-24, 5.41254230366e-24, 6.15481623927e-24, 8.08044740259e-24, 9.48998091259e-24, 8.01648813811e-24, 7.94503706162e-24, 5.70956933929e-24, 6.56709979745e-24, 7.3984795166e-24, 6.93160796707e-24, 6.18651306487e-24, 8.28038183243e-24, 7.57443415265e-24],
        "stdev": [3.23021367876e-06, 0.000138480449095, 0.000600177154411, 0.000818663917016, 0.00113643705845, 0.00173953210469, 0.00162884884048, 0.00121859228238, 0.00140093837399, 0.000576261605602, 0.000465008371975, 0.000216706175706, 9.4938222901e-05, 6.44552710583e-05, 5.93870972807e-05, 4.68010439363e-05, 2.78233474091e-05, 1.85553217307e-05, 1.27504226839e-05, 9.05274464458e-06, 8.2184205894e-06, 7.51193829274e-06, 6.1828905018e-06, 6.18129342911e-06, 5.2744144341e-06, 4.8144252105e-06, 3.69491590391e-06, 3.80333585781e-06, 3.70626139556e-06, 3.22873347613e-06, 1.99358601094e-06, 7.51653374209e-07, 1.6703417316e-07, 4.20518944111e-08, 1.452914411e-08, 5.5590017034e-09, 3.16443382609e-09, 2.47030018663e-09, 1.58259250149e-09, 1.08872855176e-09]
    },
    "melbands128": {
        "max": [1.98600228032e-05, 2.68228795903e-05, 2.7241616408e-05, 0.000152616630658, 0.00073297531344, 0.00323089025915, 0.00621811486781, 0.0057168812491, 0.0241879466921, 0.0134920859709, 0.0115300696343, 0.0118846297264, 0.0196517277509, 0.0192224588245, 0.0314302295446, 0.0312976501882, 0.032757088542, 0.0244254190475, 0.0147259347141, 0.0194794163108, 0.0265613347292, 0.0223162062466, 0.0165374018252, 0.0150038078427, 0.00821285974234, 0.00751903606579, 0.0125456089154, 0.00779980560765, 0.00802370533347, 0.00521061709151, 0.00419582379982, 0.00328242499381, 0.00317021156661, 0.00189911038615, 0.00112321425695, 0.00164516433142, 0.00154457148165, 0.00143643259071, 0.00102470756974, 0.000821104506031, 0.00176498375367, 0.000647029839456, 0.000563230656553, 0.000614406773821, 0.000345083913999, 0.000262996356469, 0.000277715269476, 0.000328491471009, 0.00018152143457, 0.000222347938688, 0.000149361090735, 0.00011338985496, 0.0001235925738, 0.000136943199323, 0.000183611817192, 0.000167714257259, 0.000169418330188, 7.91536149336e-05, 8.22011716082e-05, 0.000138072064146, 0.000170256840647, 0.000200345777557, 7.73424326326e-05, 0.000130989967147, 0.000216959466343, 0.000146271529957, 5.515614248e-05, 7.0725553087e-05, 5.34190730832e-05, 7.90173944551e-05, 6.20147475274e-05, 0.000103291196865, 8.52319572004e-05, 6.4922576712e-05, 0.000174577289727, 8.07103788247e-05, 6.28698180662e-05, 5.61269698665e-05, 3.47392779076e-05, 3.5866167309e-05, 1.92261632037e-05, 8.96294386621e-06, 5.6426251831e-06, 2.72525380751e-06, 1.55849897965e-06, 7.09457594894e-07, 4.60316329054e-07, 2.68761880307e-07, 2.98913278129e-07, 1.74231033157e-07, 1.12346775438e-07, 6.12039912085e-08, 4.96443135489e-08, 4.45273435901e-08, 2.95958990648e-08, 2.8319005807e-08, 2.26338077169e-08, 2.72017679492e-08, 2.09266382001e-08, 1.12574429778e-08, 1.67230815862e-08, 7.74269359738e-09, 1.4470273868e-08, 6.02163297003e-09, 4.03765865187e-09, 2.24174945274e-09, 1.79439019199e-09, 1.91947818751e-10, 2.70195171792e-10, 1.53088333676e-10, 1.44020573245e-10, 1.39234762608e-10, 1.33853261808e-10, 1.31562330474e-10, 1.26685689716e-10, 1.22897983457e-10, 1.21050544588e-10, 1.14038743726e-10, 1.11079895282e-10, 1.06971209668e-10, 1.08218128902e-10, 1.04982696147e-10, 1.0514108334e-10, 1.00936807523e-10, 9.83506193153e-11, 9.8737101828e-11, 9.79565109582e-11, 9.73038871699e-11],
        "mean": [3.74630729993e-07, 8.30154419873e-07, 1.15733075745e-06, 5.67018696529e-06, 3.57398494089e-05, 0.000137989190989, 0.000308585324092, 0.000445740326541, 0.000522540009115, 0.000448988488642, 0.000373498856789, 0.000418714771513, 0.000601094565354, 0.000688556116074, 0.000745314522646, 0.00089946744265, 0.000812604790553, 0.000625888991635, 0.000464257958811, 0.000367589265807, 0.00052076036809, 0.000766787037719, 0.000571833166759, 0.000286788825179, 0.00018610956613, 0.000229990764637, 0.000205756878131, 0.000130577958771, 0.000103432808828, 6.84961414663e-05, 5.93252007093e-05, 4.0045579226e-05, 2.47703173955e-05, 1.8688995624e-05, 1.94251842913e-05, 2.25489293371e-05, 2.03365052585e-05, 2.00548656721e-05, 1.58096663654e-05, 1.63986787811e-05, 1.78779064299e-05, 1.31104052343e-05, 1.1373866073e-05, 9.24917276279e-06, 8.47120281833e-06, 7.48905540604e-06, 6.1194191403e-06, 4.85710597786e-06, 4.24497284257e-06, 4.04955608246e-06, 3.16813930112e-06, 3.02396733787e-06, 3.14147109748e-06, 3.01656564261e-06, 2.82713926936e-06, 2.49433787758e-06, 3.13107625516e-06, 3.28189776155e-06, 2.69976658274e-06, 2.07819243769e-06, 1.50470384597e-06, 1.21273694731e-06, 9.79964966064e-07, 1.01792295482e-06, 9.66089146459e-07, 1.0055259736e-06, 9.6721976206e-07, 1.01834905308e-06, 1.06794846033e-06, 1.08019594336e-06, 8.79737001469e-07, 8.96549806839e-07, 7.40134964872e-07, 6.07965432664e-07, 6.82712254729e-07, 5.15900637765e-07, 5.48542743672e-07, 5.01586441715e-07, 3.6688092564e-07, 2.88601484044e-07, 1.91205870692e-07, 1.19598297488e-07, 7.62337961646e-08, 5.26602335071e-08, 4.03125071102e-08, 2.75982259268e-08, 2.16048405832e-08, 1.81834707291e-08, 1.58320947463e-08, 1.43755478632e-08, 1.23870007585e-08, 1.03996411482e-08, 9.4196064282e-09, 8.85736017864e-09, 8.09737432661e-09, 7.40020755785e-09, 6.30569774174e-09, 5.39398259392e-09, 4.43682468543e-09, 3.28304272657e-09, 2.23876317484e-09, 1.34715005817e-09, 7.54538265202e-10, 4.30157992559e-10, 1.55201809737e-10, 7.26769547321e-11, 1.74148161169e-11, 4.4086726457e-12, 4.0518964052e-12, 3.73514977628e-12, 3.4021156118e-12, 3.27468260841e-12, 3.15316587944e-12, 3.0466371613e-12, 2.95035827366e-12, 2.86599780366e-12, 2.78459156774e-12, 2.71179107815e-12, 2.64776351885e-12, 2.57739966522e-12, 2.51789604791e-12, 2.46498546401e-12, 2.43248108288e-12, 2.38120157273e-12, 2.29326280188e-12, 2.17334678899e-12, 2.10351874808e-12, 2.08479197447e-12],
        "min": [1.84943311633e-24, 5.71112812844e-25, 1.12576436657e-24, 1.85852986586e-24, 2.64854684674e-24, 1.04249280106e-24, 3.11934790966e-24, 1.39575132113e-24, 8.59131944405e-25, 1.33280258748e-24, 7.57231330011e-25, 1.48036414739e-24, 7.33152928601e-25, 1.71334948259e-24, 1.82958064279e-24, 2.35141292046e-24, 1.48206009973e-24, 1.63242024232e-24, 1.88229193405e-24, 1.54859529088e-24, 2.80332885052e-24, 1.4060867795e-24, 2.73158786765e-24, 2.3382397322e-24, 3.75441466217e-24, 4.80515687754e-24, 2.56204095152e-24, 3.02482344055e-24, 3.07232548882e-24, 7.35034401303e-24, 1.39037010647e-24, 1.60966042191e-24, 1.78577460508e-24, 4.34031585597e-24, 3.20568972181e-24, 5.77156355125e-24, 4.6641515406e-24, 2.97031137706e-24, 4.13383466947e-24, 4.18782509869e-24, 3.62623541469e-24, 4.01989081146e-24, 6.27888197155e-24, 2.76110487335e-24, 6.25083126105e-24, 3.49338966053e-24, 3.82549931277e-24, 4.33174803768e-24, 3.16094829228e-24, 3.91570989601e-24, 3.46492124818e-24, 5.90555907018e-24, 9.54111408761e-24, 3.93592721772e-24, 2.08264327688e-24, 4.00572523619e-24, 6.59504519502e-24, 2.8511056196e-24, 3.69020453992e-24, 1.87949838037e-24, 5.3660531528e-24, 6.29683920677e-24, 4.93208301946e-24, 3.27340080875e-24, 3.95396215574e-24, 3.33864197219e-24, 6.72652543095e-24, 3.86022299766e-24, 4.13564037208e-24, 3.00040444845e-24, 4.48667243085e-24, 5.66984033195e-24, 4.38310051603e-24, 3.90425169136e-24, 6.5063413361e-24, 6.80062155806e-24, 4.95230744092e-24, 5.26132831776e-24, 5.81317359742e-24, 7.26245701958e-24, 4.66466351133e-24, 8.4492414535e-24, 4.44124705892e-24, 7.28763193765e-24, 5.1070350133e-24, 4.65441029171e-24, 6.41830288136e-24, 4.90457583413e-24, 5.64555091025e-24, 2.51350174837e-24, 7.45211811386e-24, 5.76125629466e-24, 6.38474434402e-24, 4.80399646314e-24, 5.76076956749e-24, 5.32262004908e-24, 5.52811397615e-24, 4.69634022098e-24, 7.08849899048e-24, 5.67202429337e-24, 5.58594418582e-24, 4.99700311652e-24, 7.0095111369e-24, 6.07526080027e-24, 5.82368516898e-24, 7.36129813556e-24, 9.17329191333e-24, 7.94045614634e-24, 7.53521198845e-24, 8.9393670448e-24, 7.09039146779e-24, 6.82500840408e-24, 6.41451043256e-24, 8.0755840751e-24, 5.89897720922e-24, 8.81932055883e-24, 7.68195983834e-24, 1.02893257792e-23, 7.2654531133e-24, 6.70968640607e-24, 7.14259749364e-24, 6.73662285054e-24, 8.17383433427e-24, 7.97120909987e-24, 6.79910852284e-24, 7.98510015155e-24, 8.7145984848e-24, 8.38680942374e-24],
        "stdev": [7.23939194813e-07, 1.10591417979e-06, 1.71625299572e-06, 1.53883247549e-05, 8.81475207279e-05, 0.000288239039946, 0.0006257975474, 0.000824311573524, 0.00135020492598, 0.00114978186321, 0.00100698892493, 0.00105779687874, 0.0016991518205, 0.00198728218675, 0.00211061560549, 0.00277770054527, 0.00268527213484, 0.00214057601988, 0.0015510506928, 0.00140906556044, 0.00191193935461, 0.00253434060141, 0.00191825954244, 0.00107147230301, 0.000670685258228, 0.000815917737782, 0.000878535967786, 0.000585006433539, 0.000509153585881, 0.000302856788039, 0.000282806024188, 0.000188265752513, 0.00012133072596, 8.30198623589e-05, 6.95558992447e-05, 9.47162843659e-05, 9.21495302464e-05, 8.41493165353e-05, 5.85075467825e-05, 5.37396845175e-05, 7.69321413827e-05, 4.11537257605e-05, 3.85756648029e-05, 3.38572608598e-05, 2.64499831246e-05, 2.14804003917e-05, 1.79213893716e-05, 1.67264915945e-05, 1.22173132695e-05, 1.23871086544e-05, 9.43008944887e-06, 9.10179733182e-06, 9.37689310376e-06, 1.00322367871e-05, 9.18795922189e-06, 8.17849922896e-06, 8.66639493324e-06, 7.64007290854e-06, 6.69492965244e-06, 7.048324278e-06, 7.19265017324e-06, 7.39404185879e-06, 4.52425183539e-06, 5.85706948186e-06, 7.16648946764e-06, 5.57970361115e-06, 4.13166526414e-06, 4.12232975577e-06, 4.00631188313e-06, 4.47765933131e-06, 3.72138651983e-06, 5.07185040988e-06, 3.57849125976e-06, 3.00273018183e-06, 5.64932952329e-06, 2.95749600809e-06, 2.9796688068e-06, 2.73067712442e-06, 1.87294767784e-06, 1.51479446231e-06, 9.60354100243e-07, 5.06276251144e-07, 2.87912797603e-07, 1.49245792613e-07, 9.93852182773e-08, 5.11284099503e-08, 3.27948797008e-08, 2.25441691981e-08, 1.65081477377e-08, 1.23552004183e-08, 8.97768348551e-09, 5.70371572195e-09, 4.84259699007e-09, 4.62266047663e-09, 3.95091470651e-09, 3.81942788508e-09, 3.18072634897e-09, 2.91280777276e-09, 2.35701058671e-09, 1.94098626061e-09, 1.8078503139e-09, 1.35637523435e-09, 1.12579379152e-09, 7.06213254542e-10, 3.86383258721e-10, 2.27655672091e-10, 7.04283159569e-11, 1.15056445274e-11, 1.23081276074e-11, 9.53058552217e-12, 7.93076802147e-12, 7.63409561261e-12, 7.3524832056e-12, 7.12981583495e-12, 6.88259995871e-12, 6.66179394634e-12, 6.48420640098e-12, 6.24088801471e-12, 6.07391264021e-12, 5.90101665449e-12, 5.81757125112e-12, 5.67225866971e-12, 5.59707185113e-12, 5.46314382621e-12, 5.36977016671e-12, 5.33053592586e-12, 5.28585552065e-12, 5.25567176585e-12]
    },
    "mfcc": {
        "mean": [-788.135070801, 164.613143921, -6.80997276306, 19.0902805328, -17.3851470947, -14.6039533615, -25.8185653687, -14.3544626236, -16.4840946198, -7.09990549088, -13.0714826584, -4.69003248215, -12.100060463],
        "cov": [[4954.72314453, 1932.24658203, -1407.39294434, -269.158111572, -472.475189209, -280.59765625, -162.193344116, 17.4883384705, -100.1876297, 77.6026916504, -71.0028305054, 49.7039871216, -202.187561035], [1932.24658203, 1856.33105469, -162.949569702, -723.769958496, -87.2196578979, -326.247283936, -153.643310547, 113.106750488, -165.145706177, -28.4857254028, -47.8372116089, 72.3937683105, -73.3795166016], [-1407.39294434, -162.949569702, 1042.38586426, 128.576400757, 198.636032104, 9.27134132385, -30.7035007477, -55.3545532227, -48.6881752014, -119.036903381, -8.37071418762, -5.60185956955, 85.5363998413], [-269.158111572, -723.769958496, 128.576400757, 880.29083252, 116.134643555, 62.1478881836, -54.8186607361, -135.189102173, 22.9426422119, -56.3493156433, -41.3885116577, -26.2291202545, 43.3783416748], [-472.475189209, -87.2196578979, 198.636032104, 116.134643555, 327.513977051, -30.178686142, -59.7107009888, 12.339217186, -16.5817394257, -49.1844215393, -31.5658626556, -0.0783773213625, 49.0303115845], [-280.59765625, -326.247283936, 9.27134132385, 62.1478881836, -30.178686142, 266.465942383, 89.8887557983, -14.9985351562, 57.9025535583, 26.3232116699, 9.68305778503, -16.2387561798, -12.7466259003], [-162.193344116, -153.643310547, -30.7035007477, -54.8186607361, -59.7107009888, 89.8887557983, 160.915344238, 43.3237113953, 23.0042934418, 13.1866493225, 24.8380775452, -10.146730423, -11.9854269028], [17.4883384705, 113.106750488, -55.3545532227, -135.189102173, 12.339217186, -14.9985351562, 43.3237113953, 129.103408813, 24.6453971863, 0.606362104416, -5.16641998291, 7.80416536331, -12.3485813141], [-100.1876297, -165.145706177, -48.6881752014, 22.9426422119, -16.5817394257, 57.9025535583, 23.0042934418, 24.6453971863, 114.733886719, 57.2575683594, 14.2332010269, -11.8441677094, -6.61739778519], [77.6026916504, -28.4857254028, -119.036903381, -56.3493156433, -49.1844215393, 26.3232116699, 13.1866493225, 0.606362104416, 57.2575683594, 135.793624878, 54.4907188416, -3.93670797348, -26.4270572662], [-71.0028305054, -47.8372116089, -8.37071418762, -41.3885116577, -31.5658626556, 9.68305778503, 24.8380775452, -5.16641998291, 14.2332010269, 54.4907188416, 92.6534729004, 16.730463028, -10.7784490585], [49.7039871216, 72.3937683105, -5.60185956955, -26.2291202545, -0.0783773213625, -16.2387561798, -10.146730423, 7.80416536331, -11.8441677094, -3.93670797348, 16.730463028, 58.1705360413, 12.3379011154], [-202.187561035, -73.3795166016, 85.5363998413, 43.3783416748, 49.0303115845, -12.7466259003, -11.9854269028, -12.3485813141, -6.61739778519, -26.4270572662, -10.7784490585, 12.3379011154, 75.8103561401]],
        "icov": [[0.00147354556248, -0.00214602472261, 0.00171600107569, -0.00148411584087, 0.000892447133083, -0.000361591140972, -0.000310809991788, 0.000960288918577, -0.000757646164857, 0.000494141248055, -0.000252505909884, 0.000530295306817, 0.000219019508222], [-0.00214602472261, 0.00459822220728, -0.00253384746611, 0.00315573601983, -0.000971269037109, 0.00136501761153, 0.00167433265597, -0.00202162563801, 0.00248007639311, -0.00103703723289, 0.00157764810137, -0.00199315603822, 0.000977275427431], [0.00171600107569, -0.00253384746611, 0.00330301537178, -0.0016654052306, 0.000398553936975, -0.000641063787043, -0.000352675124304, 0.00166085199453, -0.000982373720035, 0.00182036473416, -0.00126007571816, 0.00121030956507, -0.000627916888334], [-0.00148411584087, 0.00315573601983, -0.0016654052306, 0.00380549300462, -0.00128729862627, 0.000774552114308, 0.00108865380753, 0.000639507255983, 0.000469115417218, 0.000247798190685, 0.00132199400105, -0.00116811227053, 0.000542432186194], [0.000892447133083, -0.000971269037109, 0.000398553936975, -0.00128729862627, 0.00501395249739, -0.000361164478818, 0.00199606805108, -0.00194706115872, 0.000612957635894, 0.000176032583113, 0.000216503845877, 0.000826261530165, -0.00156695034821], [-0.000361591140972, 0.00136501761153, -0.000641063787043, 0.000774552114308, -0.000361164478818, 0.00637535424903, -0.00306468084455, 0.0019112698501, -0.00189507799223, -0.000454954220913, 0.0019115076866, -0.00149630964734, 0.001960598398], [-0.000310809991788, 0.00167433265597, -0.000352675124304, 0.00108865380753, 0.00199606805108, -0.00306468084455, 0.0118902400136, -0.0057545802556, 0.00256743119098, 0.000846126989927, -0.00276119681075, 0.00211534881964, -0.0005148522323], [0.000960288918577, -0.00202162563801, 0.00166085199453, 0.000639507255983, -0.00194706115872, 0.0019112698501, -0.0057545802556, 0.0147658195347, -0.00635129399598, 0.00249240733683, 0.00187201693188, -0.00248759496026, 0.00242590415291], [-0.000757646164857, 0.00248007639311, -0.000982373720035, 0.000469115417218, 0.000612957635894, -0.00189507799223, 0.00256743119098, -0.00635129399598, 0.0163842905313, -0.00702723674476, 0.00146788265556, 0.00112488155719, -0.00111769197974], [0.000494141248055, -0.00103703723289, 0.00182036473416, 0.000247798190685, 0.000176032583113, -0.000454954220913, 0.000846126989927, 0.00249240733683, -0.00702723674476, 0.0151526546106, -0.00793392769992, 0.00237433006987, 0.00162210816052], [-0.000252505909884, 0.00157764810137, -0.00126007571816, 0.00132199400105, 0.000216503845877, 0.0019115076866, -0.00276119681075, 0.00187201693188, 0.00146788265556, -0.00793392769992, 0.0187752489001, -0.00771559216082, 0.00285618053749], [0.000530295306817, -0.00199315603822, 0.00121030956507, -0.00116811227053, 0.000826261530165, -0.00149630964734, 0.00211534881964, -0.00248759496026, 0.00112488155719, 0.00237433006987, -0.00771559216082, 0.0229710284621, -0.00597844691947], [0.000219019508222, 0.000977275427431, -0.000627916888334, 0.000542432186194, -0.00156695034821, 0.001960598398, -0.0005148522323, 0.00242590415291, -0.00111769197974, 0.00162210816052, 0.00285618053749, -0.00597844691947, 0.0186227560043]]
    },
    "spectral_contrast_coeffs": {
        "max": [-0.303647220135, -0.380819827318, -0.430731415749, -0.635998547077, -0.655354619026, -0.293544828892],
        "mean": [-0.594051718712, -0.722606956959, -0.794250071049, -0.831412494183, -0.822777450085, -0.767082035542],
        "min": [-0.976533472538, -0.969836056232, -0.967906832695, -0.968571603298, -0.959890365601, -0.962031722069],
        "stdev": [0.106763318181, 0.129836216569, 0.0870880708098, 0.0551526173949, 0.0470971502364, 0.0732653737068]
    },
    "spectral_contrast_valleys": {
        "max": [-5.71155834198, -4.75972175598, -5.50145530701, -6.00395107269, -6.44819307327, -11.8075466156],
        "mean": [-8.50829601288, -7.24189710617, -8.4576625824, -8.77797412872, -9.04845046997, -12.4393978119],
        "min": [-27.9047870636, -27.6444816589, -27.5887508392, -27.4856414795, -27.4411869049, -27.3845462799],
        "stdev": [1.65175926685, 1.71498155594, 1.71735095978, 1.63483643532, 1.56280505657, 1.19496309757]
    }
},
"rhythm": {
    "beats_count": 52,
    "beats_loudness": {
        "max": 0.086908698082,
        "mean": 0.0255251657218,
        "min": 0.00013593386393,
        "stdev": 0.0244349576533
    },
    "bpm": 106.094184875,
    "bpm_histogram_first_peak_bpm": 105,
    "bpm_histogram_first_peak_weight": 0.545454502106,
    "bpm_histogram_second_peak_bpm": 110,
    "bpm_histogram_second_peak_spread": 0.5,
    "bpm_histogram_second_peak_weight": 0.0980392172933,
    "danceability": 1.52300417423,
    "onset_rate": 4.37729787827,
    "beats_loudness_band_ratio": {
        "max": [0.708053648472, 0.798392236233, 0.948679089546, 0.580447793007, 0.372954636812, 0.086057625711],
        "mean": [0.174323871732, 0.350101321936, 0.424473613501, 0.0895537286997, 0.0283052325249, 0.00656569190323],
        "min": [0.000462246185634, 0.0522236339748, 0.014713329263, 0.00153000792488, 0.0010713232914, 0.00021683331579],
        "stdev": [0.169016480446, 0.230076134205, 0.285970777273, 0.144921943545, 0.060975600034, 0.0152159947902]
    },
    "beats_position": [0.580498874187, 1.18421769142, 1.72988653183, 2.31038546562, 2.89088439941, 3.48299312592, 4.05188179016, 4.62077093124, 5.18965959549, 5.7701587677, 6.30421733856, 6.83827638626, 7.37233543396, 7.8831744194, 8.42884349823, 8.99773216248, 9.55501079559, 10.1122903824, 10.6811790466, 11.2384576797, 11.7957363129, 12.3646259308, 12.9219045639, 13.4907932281, 14.0480718613, 14.6169614792, 15.2090702057, 15.8127889633, 16.4165077209, 17.031835556, 17.6471652985, 18.2741031647, 18.877822876, 19.4234924316, 19.96916008, 20.5148296356, 21.0837192535, 21.6526069641, 22.2447166443, 22.7787742615, 23.312833786, 23.8352832794, 24.3461227417, 24.8685703278, 25.3097496033, 25.7509288788, 26.2153282166, 26.6681175232, 27.1209068298, 27.5969161987, 28.0613155365, 28.5257129669],
