{
"metadata": {
    "version": {
        "essentia": "2.1-beta5",
        "essentia_git_sha": "Undefined",
        "extractor": "music 2.0"
    },
    "audio_properties": {
        "analysis": {
            "equal_loudness": 0,
            "length": 32.4963264465,
            "sample_rate": 44100,
            "start_time": 110.248344421,
            "downmix": "mix"
        },
        "bit_rate": 192000,
        "length": 217.025314331,
        "lossless": 0,
        "number_channels": 2,
        "replay_gain": -11.5594348907,
        "sample_rate": 48000,
        "codec": "mp3",
        "md5_encoded": "2b04be7c493b20be56a93f39db54a804"
    },
    "tags": {
        "file_name": "Sweden_En Gång I Stockholm_Monica Zetterlund.mp3",
        "encoding": ["Lavf58.29.100"]
    }
},
"lowlevel": {
    "average_loudness": 0.818257331848,
    "barkbands_crest": {
        "max": 26.7109279633,
        "mean": 13.2047128677,
        "min": 3.83702683449,
        "stdev": 5.34100532532
    },
    "barkbands_flatness_db": {
        "max": 0.451196372509,
        "mean": 0.272060275078,
        "min": 0.0969092324376,
        "stdev": 0.0670584887266
    },
    "barkbands_kurtosis": {
        "max": 449.062133789,
        "mean": 12.0321731567,
        "min": -1.77016997337,
        "stdev": 35.4645500183
    },
    "barkbands_skewness": {
        "max": 16.1199054718,
        "mean": 1.66645252705,
        "min": -1.68109738827,
        "stdev": 2.11749267578
    },
    "barkbands_spread": {
        "max": 43.7232131958,
        "mean": 6.66489887238,
        "min": 0.155815735459,
        "stdev": 6.96600246429
    },
    "dissonance": {
        "max": 0.499999940395,
        "mean": 0.399365782738,
        "min": 0.147364363074,
        "stdev": 0.0653872191906
    },
    "dynamic_complexity": 3.38221311569,
    "erbbands_crest": {
        "max": 32.1370048523,
        "mean": 15.2100038528,
        "min": 3.81124949455,
        "stdev": 6.41377449036
    },
    "erbbands_flatness_db": {
        "max": 0.421895802021,
        "mean": 0.29682597518,
        "min": 0.142829790711,
        "stdev": 0.0616864562035
    },
    "erbbands_kurtosis": {
        "max": 107.488723755,
        "mean": 4.23781633377,
        "min": -1.74053561687,
        "stdev": 10.1832847595
    },
    "erbbands_skewness": {
        "max": 8.57065868378,
        "mean": 0.864271819592,
        "min": -2.54593992233,
        "stdev": 1.44869887829
    },
    "erbbands_spread": {
        "max": 57.7428283691,
        "mean": 13.0156345367,
        "min": 0.968401968479,
        "stdev": 9.7659406662
    },
    "hfc": {
        "max": 55.5489006042,
        "mean": 13.1570043564,
        "min": 0.407426923513,
        "stdev": 11.0915746689
    },
    "loudness_ebu128": {
        "integrated": -13.1753797531,
        "loudness_range": 4.76965045929,
        "momentary": {
            "max": -8.66787052155,
            "mean": -14.122885704,
            "min": -24.9554023743,
            "stdev": 3.09987092018
        },
        "short_term": {
            "max": -9.99615573883,
            "mean": -13.4460659027,
            "min": -16.57762146,
            "stdev": 1.5227200985
        }
    },
    "melbands_crest": {
        "max": 32.5871696472,
        "mean": 15.808760643,
        "min": 4.84458971024,
        "stdev": 6.21024274826
    },
    "melbands_flatness_db": {
        "max": 0.519990921021,
        "mean": 0.324824303389,
        "min": 0.105778925121,
        "stdev": 0.0721580013633
    },
    "melbands_kurtosis": {
        "max": 347.388671875,
        "mean": 11.133023262,
        "min": -1.67721581459,
        "stdev": 23.4024467468
    },
    "melbands_skewness": {
        "max": 12.1065177917,
        "mean": 1.66090989113,
        "min": -1.03055739403,
        "stdev": 1.75421082973
    },
    "melbands_spread": {
        "max": 90.6505432129,
        "mean": 10.0347805023,
        "min": 0.369740307331,
        "stdev": 10.0648880005
    },
    "pitch_salience": {
        "max": 0.837862730026,
        "mean": 0.52874559164,
        "min": 0.0382313467562,
        "stdev": 0.146327108145
    },
    "silence_rate_20dB": {
        "max": 1,
        "mean": 1,
        "min": 1,
        "stdev": 0
    },
    "silence_rate_30dB": {
        "max": 1,
        "mean": 1,
        "min": 1,
        "stdev": 0
    },
    "silence_rate_60dB": {
        "max": 1,
        "mean": 0.096359744668,
        "min": 0,
        "stdev": 0.295083791018
    },
    "spectral_centroid": {
        "max": 3112.11572266,
        "mean": 682.866638184,
        "min": 281.183990479,
        "stdev": 358.250091553
    },
    "spectral_complexity": {
        "max": 23,
        "mean": 10.473233223,
        "min": 1,
        "stdev": 3.49459147453
    },
    "spectral_decrease": {
        "max": -1.30601890413e-10,
        "mean": -5.98541038954e-09,
        "min": -2.2202456762e-08,
        "stdev": 4.4943013755e-09
    },
    "spectral_energy": {
        "max": 0.0870773717761,
        "mean": 0.0237836837769,
        "min": 0.000546603056137,
        "stdev": 0.0178461242467
    },
    "spectral_energyband_high": {
        "max": 0.000328975787852,
        "mean": 1.15448810902e-05,
        "min": 1.45279636854e-06,
        "stdev": 2.8678075978e-05
    },
    "spectral_energyband_low": {
        "max": 0.00665932428092,
        "mean": 0.000294948695228,
        "min": 1.44105854361e-06,
        "stdev": 0.00054625060875
    },
    "spectral_energyband_middle_high": {
        "max": 0.044151801616,
        "mean": 0.00451448559761,
        "min": 8.1129015598e-05,
        "stdev": 0.00687154242769
    },
    "spectral_energyband_middle_low": {
        "max": 0.0858269780874,
        "mean": 0.0194647889584,
        "min": 0.000203718387638,
        "stdev": 0.016224866733
    },
    "spectral_entropy": {
        "max": 7.86156129837,
        "mean": 6.33062744141,
        "min": 4.42497062683,
        "stdev": 0.575648128986
    },
    "spectral_flux": {
        "max": 0.24021653831,
        "mean": 0.0554311722517,
        "min": 0.010006046854,
        "stdev": 0.02979577519
    },
    "spectral_kurtosis": {
        "max": 72.5972671509,
        "mean": 24.8158874512,
        "min": 0.061717748642,
        "stdev": 14.3556213379
    },
    "spectral_rms": {
        "max": 0.00921702384949,
        "mean": 0.00442496547475,
        "min": 0.000730254221708,
        "stdev": 0.00190348969772
    },
    "spectral_rolloff": {
        "max": 4048.2421875,
        "mean": 850.801025391,
        "min": 279.931640625,
        "stdev": 494.277313232
    },
    "spectral_skewness": {
        "max": 7.06701421738,
        "mean": 3.61478066444,
        "min": 0.20430444181,
        "stdev": 1.25585222244
    },
    "spectral_spread": {
        "max": 9334862,
        "mean": 2135804.75,
        "min": 1106022.375,
        "stdev": 659986.1875
    },
    "spectral_strongpeak": {
        "max": 8.32680702209,
        "mean": 1.83153915405,
        "min": 0.0219042990357,
        "stdev": 1.58160805702
    },
    "zerocrossingrate": {
        "max": 0.12109375,
        "mean": 0.0316420905292,
        "min": 0.009765625,
        "stdev": 0.0136663112789
    },
    "barkbands": {
        "max": [3.5144854337e-05, 0.0026335963048, 0.00407529436052, 0.00641724281013, 0.0402381643653, 0.0804188251495, 0.0418253317475, 0.0267247501761, 0.0623430497944, 0.0418611578643, 0.036189943552, 0.010440947488, 0.00397980585694, 0.00661010853946, 0.00411253562197, 0.00197883928195, 0.00131965999026, 0.000736995076295, 0.000798196648248, 0.000517164706253, 0.000111459070467, 7.95138839749e-05, 2.74891899608e-05, 1.99667329071e-06, 7.79337142376e-07, 7.99088468284e-07, 6.76074762396e-07],
        "mean": [3.14867065754e-07, 0.000101044752228, 0.000101118268503, 0.000212777944398, 0.00275708036497, 0.00774229643866, 0.0028004210908, 0.00139397382736, 0.00372978718951, 0.00258732959628, 0.00133212259971, 0.000351972179487, 0.000221164751565, 0.000160993819009, 0.000111581684905, 5.31858022441e-05, 5.9155812778e-05, 3.47116183548e-05, 1.70885286934e-05, 8.00868383521e-06, 3.83398128179e-06, 1.7219917936e-06, 7.87392593793e-07, 5.09403264459e-07, 4.63778519588e-07, 2.74370222542e-07, 1.65024116594e-09],
        "min": [3.59483970369e-10, 9.34063209002e-08, 2.49821425768e-07, 4.11487377505e-07, 7.82856659498e-06, 8.43130146677e-06, 7.43872578823e-06, 4.77529874843e-06, 2.92141749014e-06, 2.10058510675e-06, 4.92437322919e-07, 1.05218168756e-06, 6.27557142252e-07, 1.10508813123e-06, 1.89061722722e-07, 4.09755585906e-07, 1.91160566487e-07, 2.61871008433e-07, 2.72260024303e-07, 1.88755223007e-07, 1.66142683611e-07, 2.35407938476e-07, 1.71624705558e-07, 1.5915524898e-07, 1.73998373043e-07, 4.31109858923e-09, 1.09874149709e-11],
        "stdev": [9.85703877632e-07, 0.000217111766688, 0.000271425116807, 0.00050270895008, 0.00487240543589, 0.0118623068556, 0.00549647212029, 0.00290853856131, 0.00887593813241, 0.00515197264031, 0.00449957186356, 0.000750726088881, 0.00040871227975, 0.000452427746495, 0.000199719899683, 0.000120227356092, 0.000108410124085, 7.00723394402e-05, 4.42976743216e-05, 3.02201060549e-05, 1.15637958515e-05, 4.96798475069e-06, 1.45740477819e-06, 1.54444833811e-07, 7.67869892115e-08, 8.81110153728e-08, 1.89134201634e-08]
    },
    "erbbands": {
        "max": [0.0136809656397, 0.820215940475, 5.08305978775, 11.7518491745, 61.2219009399, 157.504394531, 643.051025391, 831.884643555, 868.065490723, 639.604248047, 635.194824219, 1814.83972168, 1166.51708984, 1364.69299316, 1722.23803711, 513.30065918, 172.581893921, 224.358200073, 232.14100647, 225.05279541, 87.7444229126, 49.4465408325, 46.1723060608, 34.8605270386, 34.227771759, 20.9885158539, 6.90826702118, 4.83723020554, 3.03900885582, 2.62734937668, 0.449560672045, 0.0877733752131, 0.0219688527286, 0.00992638431489, 0.0053225052543, 0.00310209882446, 0.00147811532952, 0.000469962833449, 9.75669172476e-05, 9.73067217274e-05],
        "mean": [0.00118157989345, 0.029412612319, 0.120956867933, 0.471890330315, 3.1474943161, 8.92871665955, 41.2502937317, 66.2579040527, 44.8589248657, 36.0070571899, 34.5714263916, 92.6251068115, 73.8834609985, 70.2129364014, 59.2226028442, 16.398355484, 11.0231647491, 8.32255172729, 7.40412378311, 4.56289291382, 3.20272636414, 2.85237240791, 2.01083707809, 1.0463770628, 0.833060443401, 0.415163755417, 0.190894767642, 0.137267172337, 0.0621289797127, 0.0387899205089, 0.0200125891715, 0.0118424333632, 0.00803283881396, 0.00542603852227, 0.00314543023705, 0.0014193537645, 0.000457110028947, 5.84632762184e-05, 1.28241417769e-05, 2.70639156952e-05],
        "min": [8.99258338904e-06, 5.35467370355e-05, 0.000500426453073, 0.00230687553994, 0.0142840137705, 0.0255376491696, 0.0320596955717, 0.0812585800886, 0.106149666011, 0.20635317266, 0.134074985981, 0.0857436284423, 0.110535077751, 0.0529971905053, 0.033756416291, 0.0560256056488, 0.0921001285315, 0.109065242112, 0.0486448593438, 0.0326756425202, 0.0379495434463, 0.0162999834865, 0.0138587793335, 0.0163013897836, 0.0100162122399, 0.00838351249695, 0.00740184122697, 0.00645196577534, 0.00838313344866, 0.00658053997904, 0.00507718045264, 0.00383615982719, 0.00246685324237, 0.00209631514736, 0.000851936929394, 0.000196729713934, 1.20829135994e-05, 1.17264335131e-06, 8.43534905925e-07, 7.21215144495e-07],
        "stdev": [0.00183261139318, 0.0665531903505, 0.342571973801, 0.896142661572, 6.13837909698, 16.1937294006, 81.4210662842, 108.550819397, 90.9785003662, 63.2907752991, 67.3912277222, 236.397415161, 134.723129272, 144.759094238, 200.717025757, 31.8796520233, 19.3742046356, 16.5968952179, 15.6816825867, 10.4734354019, 6.18638134003, 4.8277721405, 3.95567345619, 2.2064511776, 2.05853033066, 1.36599028111, 0.623857200146, 0.412042111158, 0.178951501846, 0.127549409866, 0.0276104416698, 0.00572249153629, 0.00201527797617, 0.00109056325164, 0.000600013358053, 0.000347310269717, 0.000188903693925, 3.49427718902e-05, 9.11580627871e-06, 2.02301453101e-05]
    },
    "gfcc": {
        "mean": [-102.813591003, 148.099395752, -135.398345947, -29.9652004242, -71.5213775635, -16.7763900757, -47.408821106, -3.70606446266, -25.3790950775, -6.45382642746, -10.9545850754, -0.839563369751, -1.79901182652],
        "cov": [[676.101806641, 258.096588135, -319.810058594, -199.548858643, 37.4106025696, -102.32359314, 103.977210999, 14.2321481705, -36.1425170898, -125.259208679, 30.0164642334, -70.0139923096, 45.7903671265], [258.096588135, 326.049316406, 141.536315918, -224.352630615, -54.1766166687, 11.5175228119, 68.2779769897, 2.05277442932, -2.11114311218, -57.6787567139, 25.9810218811, -16.6060009003, 29.8025665283], [-319.810058594, 141.536315918, 638.233215332, 89.7925186157, -73.4118499756, 54.7856254578, -39.8593788147, -26.6669330597, 47.2065162659, 68.8795700073, -6.24850463867, 67.4667434692, -9.83182144165], [-199.548858643, -224.352630615, 89.7925186157, 1064.20556641, 331.593292236, 59.0790138245, -110.310523987, 54.2044410706, 44.423866272, 114.888519287, -80.4941940308, -46.778049469, -135.956130981], [37.4106025696, -54.1766166687, -73.4118499756, 331.593292236, 314.904846191, 46.6442832947, -80.0106887817, 65.6994171143, 20.1899337769, 18.6746883392, -31.7797431946, -19.6995544434, -68.9341430664], [-102.32359314, 11.5175228119, 54.7856254578, 59.0790138245, 46.6442832947, 284.149902344, 148.379760742, 50.4048423767, 14.7725639343, 51.7531929016, -19.4055767059, 19.3397006989, -39.0727500916], [103.977210999, 68.2779769897, -39.8593788147, -110.310523987, -80.0106887817, 148.379760742, 229.554458618, 57.4170379639, -17.5381507874, -1.37700331211, 13.3939552307, 5.57171726227, 11.0232372284], [14.2321481705, 2.05277442932, -26.6669330597, 54.2044410706, 65.6994171143, 50.4048423767, 57.4170379639, 114.50944519, 35.9612426758, 15.1571846008, -6.86062765121, 3.48496031761, -21.7852611542], [-36.1425170898, -2.11114311218, 47.2065162659, 44.423866272, 20.1899337769, 14.7725639343, -17.5381507874, 35.9612426758, 94.3604125977, 48.8064079285, -3.25363492966, 12.6522417068, 7.0783033371], [-125.259208679, -57.6787567139, 68.8795700073, 114.888519287, 18.6746883392, 51.7531929016, -1.37700331211, 15.1571846008, 48.8064079285, 102.975952148, 15.5600709915, 12.4101867676, -26.6933784485], [30.0164642334, 25.9810218811, -6.24850463867, -80.4941940308, -31.7797431946, -19.4055767059, 13.3939552307, -6.86062765121, -3.25363492966, 15.5600709915, 87.3910140991, 38.4701881409, 19.3653297424], [-70.0139923096, -16.6060009003, 67.4667434692, -46.778049469, -19.6995544434, 19.3397006989, 5.57171726227, 3.48496031761, 12.6522417068, 12.4101867676, 38.4701881409, 81.2057952881, 32.1076431274], [45.7903671265, 29.8025665283, -9.83182144165, -135.956130981, -68.9341430664, -39.0727500916, 11.0232372284, -21.7852611542, 7.0783033371, -26.6933784485, 19.3653297424, 32.1076431274, 93.4976959229]],
        "icov": [[0.022127520293, -0.0246126856655, 0.0146918576211, -0.00185716897249, -0.0119908247143, 0.0197585839778, -0.0229028295726, 0.0156882945448, -0.00813624728471, 5.05232892465e-05, 0.00679927552119, -0.00953870732337, 0.00412271916866], [-0.0246126856655, 0.0369154885411, -0.0211020242423, 0.00401497352868, 0.00972418207675, -0.0219600275159, 0.0211032629013, -0.0160925351083, 0.00424337247387, 0.00849208049476, -0.0152777573094, 0.0207309089601, -0.0061904815957], [0.0146918576211, -0.0211020242423, 0.01440432854, -0.00255850260146, -0.0046795392409, 0.0123257171363, -0.0119014587253, 0.00989229883999, -0.00356718222611, -0.00459207128733, 0.00924249272794, -0.0136555479839, 0.00446833856404], [-0.00185716897249, 0.00401497352868, -0.00255850260146, 0.00247993762605, -0.00184724177234, -0.000725150865037, 0.000281589338556, -0.000412167137256, 0.000102016419987, -0.00056055560708, -0.000501669826917, 0.00273771677166, 0.000168615879375], [-0.0119908247143, 0.00972418207675, -0.0046795392409, -0.00184724177234, 0.0173012912273, -0.0156465712935, 0.0215843953192, -0.0154882622883, 0.0072904410772, -0.000240157867665, -0.00297997449525, 0.00234902114607, -0.00115160213318], [0.0197585839778, -0.0219600275159, 0.0123257171363, -0.000725150865037, -0.0156465712935, 0.0286597702652, -0.0307730715722, 0.0189466290176, -0.00893145985901, -0.00425456650555, 0.0116957472637, -0.0140656745061, 0.00791775248945], [-0.0229028295726, 0.0211032629013, -0.0119014587253, 0.000281589338556, 0.0215843953192, -0.0307730715722, 0.0428775623441, -0.0281469635665, 0.016464015469, -0.00217597815208, -0.00855076033622, 0.010701674968, -0.0086835892871], [0.0156882945448, -0.0160925351083, 0.00989229883999, -0.000412167137256, -0.0154882622883, 0.0189466290176, -0.0281469635665, 0.0315296687186, -0.0164419431239, 0.0026688373182, 0.00658456934616, -0.0105630233884, 0.00932098831981], [-0.00813624728471, 0.00424337247387, -0.00356718222611, 0.000102016419987, 0.0072904410772, -0.00893145985901, 0.016464015469, -0.0164419431239, 0.0271463152021, -0.0152424527332, 0.00386816239916, 0.000168834390934, -0.00899006612599], [5.05232892465e-05, 0.00849208049476, -0.00459207128733, -0.00056055560708, -0.000240157867665, -0.00425456650555, -0.00217597815208, 0.0026688373182, -0.0152424527332, 0.0294072553515, -0.0147894946858, 0.009466515854, 0.00425574043766], [0.00679927552119, -0.0152777573094, 0.00924249272794, -0.000501669826917, -0.00297997449525, 0.0116957472637, -0.00855076033622, 0.00658456934616, 0.00386816239916, -0.0147894946858, 0.0287497490644, -0.022020207718, 0.00410720380023], [-0.00953870732337, 0.0207309089601, -0.0136555479839, 0.00273771677166, 0.00234902114607, -0.0140656745061, 0.010701674968, -0.0105630233884, 0.000168834390934, 0.009466515854, -0.022020207718, 0.0391719304025, -0.0134616866708], [0.00412271916866, -0.0061904815957, 0.00446833856404, 0.000168615879375, -0.00115160213318, 0.00791775248945, -0.0086835892871, 0.00932098831981, -0.00899006612599, 0.00425574043766, 0.00410720380023, -0.0134616866708, 0.0226877555251]]
    },
    "melbands": {
        "max": [0.000396899937186, 0.00198393827304, 0.00261116889305, 0.00601575709879, 0.0177593398839, 0.0160358902067, 0.0115597834811, 0.006165755447, 0.00643639313057, 0.0122922789305, 0.00592002691701, 0.00598326371983, 0.00547527894378, 0.00159295671619, 0.0012642708607, 0.000341442180797, 0.000541008077562, 0.000507080636453, 0.00039558915887, 0.000123949692352, 0.000131746652187, 6.32506707916e-05, 7.79831170803e-05, 4.32021770393e-05, 3.00334122585e-05, 3.33423995471e-05, 2.19148823817e-05, 1.10559676614e-05, 5.03909632243e-06, 3.43564806826e-06, 2.47297748501e-06, 1.68710153048e-06, 1.85712985967e-06, 1.2925502233e-06, 2.92465358598e-07, 8.12601612665e-08, 3.39048789044e-08, 1.89072970613e-08, 1.02770201238e-08, 9.82381198611e-09],
        "mean": [1.96969194803e-05, 5.69097355765e-05, 0.000143035620567, 0.000427201070124, 0.00123867986258, 0.00145298102871, 0.000659612589516, 0.000365891086403, 0.000297548569506, 0.000604244880378, 0.000362911116099, 0.000291170290438, 0.000194803084014, 6.78213618812e-05, 2.83990175376e-05, 2.02830779017e-05, 1.5282741515e-05, 1.2699756553e-05, 6.97418954587e-06, 4.72994815937e-06, 3.77518790629e-06, 3.29580007019e-06, 2.15877616938e-06, 1.7284335172e-06, 7.0643085337e-07, 6.85897759922e-07, 3.91083034401e-07, 2.54307025216e-07, 1.21340107739e-07, 1.01489874282e-07, 6.97883137946e-08, 3.66823300624e-08, 2.61487524966e-08, 1.93016216343e-08, 1.19295870959e-08, 8.39752090087e-09, 6.7508851842e-09, 5.69292257779e-09, 5.00917485269e-09, 4.41747349811e-09],
        "min": [4.69990943941e-08, 1.99099829956e-07, 4.46677034915e-07, 1.35900188525e-06, 1.27043324483e-06, 1.63375818829e-06, 1.0330331861e-06, 2.22631979341e-06, 7.46850162159e-07, 4.67814828653e-07, 5.066808626e-07, 1.16780455528e-07, 6.90665089564e-08, 9.64260991054e-08, 5.78563934539e-08, 5.07324102728e-08, 1.40849309105e-07, 5.51432322027e-08, 1.07678630457e-08, 3.10430721129e-08, 2.82955685549e-08, 1.28975781166e-08, 1.03492237002e-08, 1.29088837397e-08, 1.14033023024e-08, 7.19817494499e-09, 7.01320956864e-09, 4.32073088419e-09, 5.35183009021e-09, 3.28671201366e-09, 3.68293417985e-09, 3.94341093113e-09, 4.03729849552e-09, 2.89703350198e-09, 2.62001820239e-09, 2.57695575989e-09, 2.01421013202e-09, 1.66148039771e-09, 1.96675564723e-09, 1.66254088274e-09],
        "stdev": [3.58751931344e-05, 0.000140696778544, 0.000262395769823, 0.000714423833415, 0.00232720957138, 0.00230500963517, 0.00131494610105, 0.000658031087369, 0.000628224574029, 0.00158108340111, 0.000689783191774, 0.000661727797706, 0.000654165400192, 0.000167489473824, 7.02609613654e-05, 3.61013590009e-05, 3.6955345422e-05, 3.36650955433e-05, 1.5368215827e-05, 9.18215391721e-06, 8.2831884356e-06, 6.30577505945e-06, 5.46309365745e-06, 3.95741790271e-06, 1.69054669641e-06, 1.83999907222e-06, 1.21811740428e-06, 8.83248560513e-07, 4.32288402408e-07, 3.14714100114e-07, 2.14707725377e-07, 1.03722435085e-07, 9.04431942672e-08, 6.20413374008e-08, 1.66720734995e-08, 5.67605251689e-09, 2.71929212481e-09, 1.68717417814e-09, 1.27224009105e-09, 1.03376140981e-09]
    },
    "melbands128": {
        "max": [1.9625735149e-05, 3.28781025019e-05, 0.000269002397545, 0.00177913170774, 0.00308938091621, 0.00146575574763, 0.00242363894358, 0.00321165216155, 0.00850939936936, 0.00912353303283, 0.0113295102492, 0.0184530168772, 0.0326506197453, 0.0376451686025, 0.0311204567552, 0.027986459434, 0.0280745662749, 0.0180490240455, 0.00822116993368, 0.0125496108085, 0.0108631784096, 0.0103745441884, 0.00982900708914, 0.0151624279097, 0.0204164348543, 0.0216022692621, 0.0112768830732, 0.0120145808905, 0.011920160614, 0.0121460128576, 0.00564022641629, 0.00621972186491, 0.00934195984155, 0.0108292764053, 0.00129752000794, 0.000938185548875, 0.00324427057058, 0.00208314298652, 0.000861496780999, 0.000591343850829, 0.000552242505364, 0.000342250685208, 0.000649338704534, 0.00148910155986, 0.00110143003985, 0.000588166119996, 0.000470167025924, 0.000268689182121, 0.000889997463673, 0.000423762074206, 0.000184885779163, 0.00012348301243, 0.00015097038704, 0.000324260705383, 0.000166072815773, 6.75198971294e-05, 5.36386141903e-05, 0.000102968238934, 0.000106243736809, 8.49447460496e-05, 7.36708461773e-05, 5.43298338016e-05, 1.69609375007e-05, 3.81056779588e-05, 6.06271969446e-05, 3.81917707273e-05, 2.42476544372e-05, 2.5858542358e-05, 3.19562750519e-05, 2.01059665415e-05, 1.36044554893e-05, 1.30456483021e-05, 1.08944477688e-05, 4.87281204187e-06, 5.34219861947e-06, 7.67469282437e-06, 5.87646718486e-06, 3.71930150322e-06, 3.20100866702e-06, 2.59405874203e-06, 2.32754177887e-06, 2.12480131268e-06, 1.98361226467e-06, 2.1069063223e-06, 2.60216029346e-06, 1.66094571341e-06, 1.12690781862e-06, 4.67895119982e-07, 4.07777719147e-07, 1.56579218924e-07, 1.15734337669e-07, 6.82082514913e-08, 7.48467385847e-08, 3.28570806118e-08, 3.20278701338e-08, 3.22126894048e-08, 1.68287179747e-08, 1.88842452786e-08, 1.37709905701e-08, 1.23548984376e-08, 1.43566243338e-08, 1.3185439407e-08, 1.26140422552e-08, 1.18776810609e-08, 8.76090666679e-09, 9.46797307222e-09, 1.07667679217e-08, 8.43191649835e-09, 6.79253453484e-09, 6.192847124e-09, 6.26474472298e-09, 5.67002000906e-09, 5.28157340085e-09, 5.33917843271e-09, 6.5234071478e-09, 4.33146896128e-09, 3.49529094557e-09, 3.20826432088e-09, 3.08354408673e-09, 2.9814415381e-09, 2.90024404492e-09, 2.82582024447e-09, 2.76774780872e-09, 2.71601829915e-09, 2.66760924461e-09, 2.63302157855e-09, 2.61184474049e-09, 2.59676591341e-09],
        "mean": [2.12871981375e-07, 3.09787105834e-06, 2.48357500823e-05, 5.65719674341e-05, 6.31371221971e-05, 4.59684670204e-05, 7.85721858847e-05, 0.000114375790872, 0.000305199675495, 0.000495314889122, 0.000387254229281, 0.000737490772735, 0.00140101078432, 0.00194780423772, 0.00181252253242, 0.00101629586425, 0.000617695914116, 0.000770076352637, 0.000430657033576, 0.000432625092799, 0.000293029908789, 0.000245245639235, 0.000252056663157, 0.000386349303881, 0.000657985627186, 0.000752836465836, 0.000367594009731, 0.000359248544555, 0.000222801827476, 0.000518062501214, 0.000187932600966, 0.000116218165203, 0.000239881963353, 0.000254430837231, 5.31662954018e-05, 3.23618296534e-05, 4.0635222831e-05, 2.17560773308e-05, 2.94454712275e-05, 2.43798767769e-05, 1.84105119843e-05, 1.33080529849e-05, 1.38029490699e-05, 1.81229352165e-05, 1.41647378769e-05, 1.15021612146e-05, 1.2391461496e-05, 4.46327521786e-06, 6.40768394078e-06, 7.38230073694e-06, 3.51799121745e-06, 3.44472778124e-06, 3.19962214235e-06, 3.54673420588e-06, 6.13345537204e-06, 2.53818052443e-06, 1.64451557794e-06, 3.16926616506e-06, 1.89175375453e-06, 1.14806653073e-06, 2.36879100157e-06, 1.60064848842e-06, 5.90925026245e-07, 5.60917555958e-07, 6.40793587081e-07, 6.13134375271e-07, 9.26675113533e-07, 4.04774823437e-07, 2.73386433491e-07, 2.96752659779e-07, 3.01319317941e-07, 2.12662456534e-07, 1.47048282884e-07, 1.02288176151e-07, 9.11026134531e-08, 9.637596321e-08, 1.24115317135e-07, 7.89490215425e-08, 5.93318389974e-08, 6.51027534104e-08, 3.50521425219e-08, 2.77889231626e-08, 2.91470190206e-08, 2.57255159397e-08, 2.47908733542e-08, 2.14934381404e-08, 1.75685830328e-08, 1.41971359113e-08, 1.1739217598e-08, 1.03211350577e-08, 8.96958507468e-09, 7.96711141504e-09, 7.17923631655e-09, 6.76316957993e-09, 6.51452092271e-09, 6.01357763585e-09, 5.45320544276e-09, 5.32608046555e-09, 5.03317210132e-09, 4.93028196047e-09, 4.56635751434e-09, 4.43467618183e-09, 4.06643296813e-09, 3.84294507327e-09, 3.48615936119e-09, 3.37162964215e-09, 3.10889691768e-09, 2.6906883388e-09, 2.40290765063e-09, 2.10931450084e-09, 1.9118373551e-09, 1.62023039429e-09, 1.32151001253e-09, 1.20542276161e-09, 1.04377861909e-09, 8.22489298891e-10, 6.26944746118e-11, 6.90953154067e-12, 6.70042667184e-12, 6.51463475179e-12, 6.35041541922e-12, 6.20532791817e-12, 6.09028496038e-12, 5.98049647998e-12, 5.8711295374e-12, 5.77167740684e-12, 5.70719426579e-12, 5.67349466019e-12],
        "min": [1.91660118332e-10, 4.04888966798e-09, 5.73844216589e-09, 2.06127683811e-08, 2.39564048599e-08, 1.42594615227e-07, 1.11664228086e-07, 1.45071822999e-07, 2.49102953376e-07, 2.13285645145e-07, 2.59242824541e-07, 2.32391784039e-07, 6.4009691414e-07, 2.92507934319e-07, 6.96767642694e-07, 3.08146553607e-07, 5.42505858903e-07, 2.99073889209e-07, 6.66840890062e-07, 5.65109360195e-07, 2.94708598858e-07, 2.1304214215e-07, 2.2474448258e-07, 1.58876218848e-07, 4.49207533393e-08, 1.56018373332e-07, 2.25275258003e-07, 2.1510132342e-07, 1.70541113675e-07, 6.62911574523e-08, 3.52260762781e-08, 4.80337440933e-08, 8.42367384735e-08, 2.56473811078e-08, 3.25735456386e-08, 2.73594711331e-08, 4.65579397257e-08, 2.56945771326e-08, 4.9951811576e-09, 8.54562554053e-09, 1.83836412759e-08, 2.61416346348e-08, 2.15207123233e-08, 1.450540843e-08, 1.88714963656e-08, 1.21041177081e-08, 1.33128326141e-08, 1.11402549408e-08, 5.32231236861e-09, 1.22456924601e-08, 6.22539220174e-09, 1.09478337507e-08, 7.93633780916e-09, 7.2336230339e-09, 6.46185771558e-09, 8.35494962104e-09, 4.14103595858e-09, 5.27767651803e-09, 4.19943235741e-09, 5.02316810369e-09, 3.05790681665e-09, 6.25680041111e-09, 4.41771419446e-09, 6.03600947002e-09, 3.91941901157e-09, 3.30408655991e-09, 5.40589839559e-09, 4.35095293128e-09, 3.52695095351e-09, 4.72006389529e-09, 3.23038640282e-09, 3.71855923831e-09, 3.75699427124e-09, 2.68130362358e-09, 2.9807416535e-09, 2.6090805072e-09, 3.03526759282e-09, 2.93896684767e-09, 1.71304948005e-09, 2.48276332826e-09, 2.76551559431e-09, 2.76520828457e-09, 2.03165906321e-09, 1.97037963723e-09, 1.94510363372e-09, 1.72271197307e-09, 1.55760915277e-09, 1.66892255571e-09, 1.5005655607e-09, 2.00688732299e-09, 1.76094916426e-09, 1.19313281477e-09, 1.4221277489e-09, 1.33596333995e-09, 1.52336798731e-09, 1.34580457889e-09, 1.02538089131e-09, 3.68624658575e-10, 1.16975107378e-09, 1.01817876352e-09, 1.04750264018e-09, 6.85596746042e-10, 4.15067785697e-10, 1.08146103184e-09, 4.83774444116e-11, 4.97947405531e-10, 7.08771541458e-10, 3.99301459952e-11, 1.13891047201e-12, 2.97651416318e-13, 1.90455060035e-13, 1.14047321391e-13, 7.59681217672e-14, 5.99579386791e-14, 4.93850735317e-14, 4.76580377267e-14, 4.03189072027e-14, 3.31089627557e-14, 2.93292239182e-14, 3.43063522468e-14, 3.53557447533e-14, 2.84942866015e-14, 3.91609758944e-14, 3.72882978563e-14, 2.88863171664e-14, 1.06601586689e-14, 1.38180539856e-15, 7.75074388186e-17],
        "stdev": [5.69119322336e-07, 5.07453341925e-06, 4.11051405536e-05, 0.000142505334225, 0.000212712577195, 0.000104777922388, 0.000175123321242, 0.00029895233456, 0.000727022008505, 0.00100483675487, 0.000980580924079, 0.00201324583031, 0.00368604925461, 0.00432678824291, 0.00361039931886, 0.00218224921264, 0.00206685718149, 0.00199598073959, 0.000898741534911, 0.00104465603363, 0.000800817564595, 0.000732911226805, 0.000800405337941, 0.00131159229204, 0.001974665327, 0.00269071548246, 0.00109124823939, 0.00103452347685, 0.000839829095639, 0.00138315372169, 0.000462140364107, 0.000495470885653, 0.00094799650833, 0.00110401643906, 0.000156789174071, 9.00453305803e-05, 0.000143509838381, 9.51983602135e-05, 7.63644711697e-05, 6.03931257501e-05, 4.66876408609e-05, 2.90183324978e-05, 4.36206937593e-05, 7.00297532603e-05, 7.487404946e-05, 3.43997344316e-05, 2.68333551503e-05, 1.40242427733e-05, 2.96437592624e-05, 2.33865757764e-05, 7.38238168196e-06, 7.99374902272e-06, 9.83952031675e-06, 1.62064970937e-05, 1.55006928253e-05, 5.81204039918e-06, 4.45239538749e-06, 8.63969398779e-06, 6.67868653181e-06, 4.4151424845e-06, 6.49334197078e-06, 4.30883255831e-06, 1.42002545545e-06, 1.99646592591e-06, 2.87382340503e-06, 2.07838093047e-06, 2.09952736441e-06, 1.35893083097e-06, 1.43269642194e-06, 1.17055901683e-06, 1.0331126532e-06, 8.85115355231e-07, 6.53173856335e-07, 3.4042031416e-07, 3.48503448322e-07, 3.62090418093e-07, 3.94371824086e-07, 2.73490115887e-07, 2.13233391833e-07, 1.85802605301e-07, 1.15047981808e-07, 8.72981118505e-08, 1.06340614536e-07, 8.36769800117e-08, 1.07187169363e-07, 7.89733292095e-08, 5.09426918427e-08, 2.58837733469e-08, 1.72595520098e-08, 1.09042188612e-08, 7.48753592461e-09, 5.19462028947e-09, 4.3272248007e-09, 3.35789263062e-09, 2.98526647846e-09, 2.66262056847e-09, 2.24949925354e-09, 2.09650430349e-09, 1.95796023839e-09, 1.86716286876e-09, 1.6994736729e-09, 1.59017377044e-09, 1.47381074012e-09, 1.36097400016e-09, 1.24996057949e-09, 1.24982291183e-09, 1.11041098538e-09, 1.14798992534e-09, 1.11630782396e-09, 1.02327701867e-09, 9.63405022425e-10, 8.95408081014e-10, 8.82077078046e-10, 8.23071832912e-10, 7.76012254455e-10, 6.69880428905e-10, 1.1834397351e-10, 8.95769430853e-11, 8.62410143299e-11, 8.34487895451e-11, 8.11961747837e-11, 7.91645290987e-11, 7.75747452386e-11, 7.61362362045e-11, 7.48010126062e-11, 7.38459918215e-11, 7.32500934908e-11, 7.28304430653e-11]
    },
    "mfcc": {
        "mean": [-750.015441895, 196.943389893, -20.5852012634, -9.5139131546, -16.0048980713, -20.5141143799, -17.6807518005, -10.755695343, -11.6383934021, -9.52160072327, -9.594165802, -8.72106170654, -4.66924905777],
        "cov": [[899.541320801, 167.742370605, -481.712982178, 5.42135047913, -75.1620025635, -86.7476654053, 92.0183258057, 54.8817901611, -14.6968193054, 6.61007881165, -19.7872486115, -30.5582675934, -25.2003078461], [167.742370605, 622.861633301, 108.853347778, -424.118927002, -175.859680176, -146.378265381, 17.7733192444, 27.9380187988, -33.8488960266, -24.8305053711, -60.5308761597, -44.3418540955, 12.2327804565], [-481.712982178, 108.853347778, 627.617736816, 27.6095542908, -53.1342010498, 100.726593018, -26.6653575897, -9.54012870789, 36.1026802063, -3.38456892967, -5.07276725769, 49.1933555603, 62.9463996887], [5.42135047913, -424.118927002, 27.6095542908, 659.317993164, 326.820220947, 109.654808044, -22.9343738556, -24.3493080139, 33.1997299194, 22.1453342438, 52.5336227417, 73.6861877441, 7.0642118454], [-75.1620025635, -175.859680176, -53.1342010498, 326.820220947, 389.550750732, 74.8272628784, -48.7226715088, 0.0802767202258, 22.1539707184, 10.8900527954, 49.218952179, 46.5219650269, -14.1136007309], [-86.7476654053, -146.378265381, 100.726593018, 109.654808044, 74.8272628784, 223.656356812, 79.2866668701, 41.664855957, 65.8903579712, 29.918800354, 56.8103866577, 56.6973609924, 6.58919382095], [92.0183258057, 17.7733192444, -26.6653575897, -22.9343738556, -48.7226715088, 79.2866668701, 170.154067993, 85.3881149292, 21.1684989929, 21.9031105042, 37.3245773315, 30.6357116699, 1.54817438126], [54.8817901611, 27.9380187988, -9.54012870789, -24.3493080139, 0.0802767202258, 41.664855957, 85.3881149292, 116.429862976, 56.0531654358, 12.5823898315, 24.2664070129, 28.9950389862, 10.7465524673], [-14.6968193054, -33.8488960266, 36.1026802063, 33.1997299194, 22.1539707184, 65.8903579712, 21.1684989929, 56.0531654358, 116.991264343, 55.1590805054, 15.1162481308, 20.7389240265, 10.6069793701], [6.61007881165, -24.8305053711, -3.38456892967, 22.1453342438, 10.8900527954, 29.918800354, 21.9031105042, 12.5823898315, 55.1590805054, 87.5853042603, 37.9138259888, 2.64943528175, 7.82600164413], [-19.7872486115, -60.5308761597, -5.07276725769, 52.5336227417, 49.218952179, 56.8103866577, 37.3245773315, 24.2664070129, 15.1162481308, 37.9138259888, 84.2185668945, 51.5275726318, 5.43941068649], [-30.5582675934, -44.3418540955, 49.1933555603, 73.6861877441, 46.5219650269, 56.6973609924, 30.6357116699, 28.9950389862, 20.7389240265, 2.64943528175, 51.5275726318, 95.8832168579, 44.7036094666], [-25.2003078461, 12.2327804565, 62.9463996887, 7.0642118454, -14.1136007309, 6.58919382095, 1.54817438126, 10.7465524673, 10.6069793701, 7.82600164413, 5.43941068649, 44.7036094666, 79.6869506836]],
        "icov": [[0.0127812726423, -0.0158920958638, 0.0166620127857, -0.0162078272551, 0.0143202422187, -0.0127247450873, 0.00886919349432, -0.00840001087636, 0.00489783938974, -0.00349905015901, 0.00304773612879, -0.00151979527436, -0.000358036806574], [-0.0158920958638, 0.0244857817888, -0.0225518867373, 0.023623149842, -0.0200625434518, 0.0196889266372, -0.0140706477687, 0.0106763532385, -0.00622740574181, 0.00363954971544, -0.0017428426072, 0.000903914449736, 0.00067099800799], [0.0166620127857, -0.0225518867373, 0.0245975591242, -0.022672880441, 0.0204579420388, -0.0197800286114, 0.0142372939736, -0.0113992188126, 0.00672600883991, -0.00449099065736, 0.00412974273786, -0.00249426509254, -0.00150624825619], [-0.0162078272551, 0.023623149842, -0.022672880441, 0.0260653086007, -0.0223247557878, 0.0189334508032, -0.0146347740665, 0.0129399308935, -0.00720594404265, 0.00384818576276, -0.00184845598415, -8.46534167067e-05, 0.000621697341558], [0.0143202422187, -0.0200625434518, 0.0204579420388, -0.0223247557878, 0.0231611095369, -0.0183223839849, 0.0161214396358, -0.0133344419301, 0.00795452855527, -0.0051324502565, 0.00232562446035, -0.00313947512768, 0.00157734658569], [-0.0127247450873, 0.0196889266372, -0.0197800286114, 0.0189334508032, -0.0183223839849, 0.0263066161424, -0.0187099520117, 0.0145884752274, -0.0136951953173, 0.00879220478237, -0.0077961049974, 0.00246479478665, -1.57125414262e-05], [0.00886919349432, -0.0140706477687, 0.0142372939736, -0.0146347740665, 0.0161214396358, -0.0187099520117, 0.0264572389424, -0.0216532368213, 0.0157128516585, -0.0123681975529, 0.00638064136729, -0.00694235507399, 0.00440658861771], [-0.00840001087636, 0.0106763532385, -0.0113992188126, 0.0129399308935, -0.0133344419301, 0.0145884752274, -0.0216532368213, 0.0331254862249, -0.0231735184789, 0.0176937673241, -0.012747393921, 0.00695869652554, -0.00573934568092], [0.00489783938974, -0.00622740574181, 0.00672600883991, -0.00720594404265, 0.00795452855527, -0.0136951953173, 0.0157128516585, -0.0231735184789, 0.0338595919311, -0.0273372009397, 0.0202565900981, -0.0141567727551, 0.00792872905731], [-0.00349905015901, 0.00363954971544, -0.00449099065736, 0.00384818576276, -0.0051324502565, 0.00879220478237, -0.0123681975529, 0.0176937673241, -0.0273372009397, 0.0403769686818, -0.0298147890717, 0.0228518918157, -0.0133519181982], [0.00304773612879, -0.0017428426072, 0.00412974273786, -0.00184845598415, 0.00232562446035, -0.0077961049974, 0.00638064136729, -0.012747393921, 0.0202565900981, -0.0298147890717, 0.0442769192159, -0.0293208248913, 0.0144428927451], [-0.00151979527436, 0.000903914449736, -0.00249426509254, -8.46534167067e-05, -0.00313947512768, 0.00246479478665, -0.00694235507399, 0.00695869652554, -0.0141567727551, 0.0228518918157, -0.0293208248913, 0.0398202054203, -0.0209022331983], [-0.000358036806574, 0.00067099800799, -0.00150624825619, 0.000621697341558, 0.00157734658569, -1.57125414262e-05, 0.00440658861771, -0.00573934568092, 0.00792872905731, -0.0133519181982, 0.0144428927451, -0.0209022331983, 0.0254326276481]]
    },
    "spectral_contrast_coeffs": {
        "max": [-0.251864224672, -0.358379006386, -0.439998596907, -0.639503240585, -0.66322016716, -0.613427639008],
        "mean": [-0.593989193439, -0.692178785801, -0.700337588787, -0.780468940735, -0.798225462437, -0.820273578167],
        "min": [-0.859027147293, -0.900937795639, -0.898079156876, -0.896297633648, -0.902388513088, -0.946218192577],
        "stdev": [0.109104976058, 0.0940677523613, 0.0869888961315, 0.042513884604, 0.0461566075683, 0.0352963134646]
    },
    "spectral_contrast_valleys": {
        "max": [-5.8731803894, -4.74378919601, -5.54790115356, -6.8160815239, -6.9399561882, -11.4464330673],
        "mean": [-7.95191287994, -6.58535289764, -7.6610455513, -8.42674160004, -9.12632656097, -11.9202232361],
        "min": [-9.72802639008, -8.49294662476, -9.55268669128, -10.0474176407, -11.2592325211, -12.2774620056],
        "stdev": [0.630440175533, 0.612152099609, 0.604059278965, 0.50366538763, 0.433740496635, 0.103829704225]
    }
},
"rhythm": {
    "beats_count": 43,
    "beats_loudness": {
        "max": 0.0780501663685,
        "mean": 0.0247792731971,
        "min": 0.00123376096599,
        "stdev": 0.0180788207799
    },
    "bpm": 73.1019744873,
    "bpm_histogram_first_peak_bpm": 74,
    "bpm_histogram_first_peak_weight": 0.285714328289,
    "bpm_histogram_second_peak_bpm": 82,
    "bpm_histogram_second_peak_spread": 0.33333337307,
    "bpm_histogram_second_peak_weight": 0.190476194024,
    "danceability": 1.04638385773,
    "onset_rate": 1.35351550579,
    "beats_loudness_band_ratio": {
        "max": [0.599766850471, 0.985103607178, 0.836783349514, 0.735090374947, 0.216176450253, 0.17675229907],
        "mean": [0.0796085596085, 0.44968444109, 0.342473357916, 0.16934427619, 0.0268167126924, 0.00750214327127],
        "min": [0.000546938739717, 0.0524222664535, 0.00627266103402, 0.00119314482436, 0.000661161029711, 6.98897201801e-05],
        "stdev": [0.12917932868, 0.262233674526, 0.220318183303, 0.180138915777, 0.0435629598796, 0.0269464310259]
    },
    "beats_position": [0.684988677502, 1.39319729805, 2.11301589012, 2.82122445107, 3.56426286697, 4.29569149017, 5.02712011337, 5.75854873657, 6.51319694519, 7.26784563065, 7.85995435715, 8.45206356049, 9.06739234924, 9.67111110687, 10.2864398956, 10.9133787155, 11.5403175354, 12.2136955261, 12.8870744705, 13.572063446, 14.2454423904, 14.9304304123, 15.6038093567, 16.2887973785, 17.031835556, 17.7632656097, 18.5063037872, 19.3190021515, 20.1317005157, 20.9560089111, 21.7803173065, 22.616235733, 23.4521541595, 24.2880725861, 25.1123809814, 25.9831295013, 26.8538761139, 27.7014045715, 28.5024929047, 29.3035831451, 30.1162815094, 30.9289798737, 31.7416782379],
