{
"metadata": {
    "version": {
        "essentia": "2.1-beta5",
        "essentia_git_sha": "Undefined",
        "extractor": "music 2.0"
    },
    "audio_properties": {
        "analysis": {
            "equal_loudness": 0,
            "length": 48.7502937317,
            "sample_rate": 44100,
            "start_time": 29.0017242432,
            "downmix": "mix"
        },
        "bit_rate": 192000,
        "length": 190.450088501,
        "lossless": 0,
        "number_channels": 2,
        "replay_gain": 2.15114402771,
        "sample_rate": 48000,
        "codec": "mp3",
        "md5_encoded": "79891ccac082eea2e97381a9fcda9cf1"
    },
    "tags": {
        "file_name": "Spain_Algo Prodigioso_José Guardiola.mp3",
        "encoding": ["Lavf58.29.100"]
    }
},
"lowlevel": {
    "average_loudness": 0.326876044273,
    "barkbands_crest": {
        "max": 25.7533798218,
        "mean": 11.1906452179,
        "min": 3.19003915787,
        "stdev": 4.35497713089
    },
    "barkbands_flatness_db": {
        "max": 0.396282047033,
        "mean": 0.221312642097,
        "min": 0.0330233983696,
        "stdev": 0.060590390116
    },
    "barkbands_kurtosis": {
        "max": 174.022216797,
        "mean": 6.76711702347,
        "min": -1.86087942123,
        "stdev": 11.6082210541
    },
    "barkbands_skewness": {
        "max": 9.16870689392,
        "mean": 1.62610065937,
        "min": -2.24902057648,
        "stdev": 1.27206516266
    },
    "barkbands_spread": {
        "max": 70.900428772,
        "mean": 11.5297212601,
        "min": 0.643715083599,
        "stdev": 10.4309072495
    },
    "dissonance": {
        "max": 0.49920463562,
        "mean": 0.425991714001,
        "min": 0.167001098394,
        "stdev": 0.0562190450728
    },
    "dynamic_complexity": 6.77016735077,
    "erbbands_crest": {
        "max": 34.0222396851,
        "mean": 11.76948452,
        "min": 2.16636157036,
        "stdev": 5.43085050583
    },
    "erbbands_flatness_db": {
        "max": 0.393153995275,
        "mean": 0.227796673775,
        "min": 0.0670317411423,
        "stdev": 0.0598940961063
    },
    "erbbands_kurtosis": {
        "max": 69.3823623657,
        "mean": 2.46178174019,
        "min": -1.78764760494,
        "stdev": 5.64186906815
    },
    "erbbands_skewness": {
        "max": 5.80475854874,
        "mean": 0.695161700249,
        "min": -6.54259586334,
        "stdev": 1.05738830566
    },
    "erbbands_spread": {
        "max": 101.410797119,
        "mean": 25.2200965881,
        "min": 2.04028105736,
        "stdev": 16.3427715302
    },
    "hfc": {
        "max": 111.727897644,
        "mean": 7.73308038712,
        "min": 0.0104624517262,
        "stdev": 14.1223316193
    },
    "loudness_ebu128": {
        "integrated": -28.9165325165,
        "loudness_range": 11.058177948,
        "momentary": {
            "max": -20.912229538,
            "mean": -32.5259971619,
            "min": -58.3396682739,
            "stdev": 6.81926107407
        },
        "short_term": {
            "max": -23.5185146332,
            "mean": -30.6819553375,
            "min": -44.5110168457,
            "stdev": 3.6419479847
        }
    },
    "melbands_crest": {
        "max": 32.7430267334,
        "mean": 15.9147539139,
        "min": 4.64378166199,
        "stdev": 5.78936386108
    },
    "melbands_flatness_db": {
        "max": 0.518895626068,
        "mean": 0.297167986631,
        "min": 0.0662597045302,
        "stdev": 0.0718662440777
    },
    "melbands_kurtosis": {
        "max": 209.376541138,
        "mean": 12.6337814331,
        "min": -1.83982944489,
        "stdev": 18.1867465973
    },
    "melbands_skewness": {
        "max": 11.8821706772,
        "mean": 2.24421620369,
        "min": -1.10229861736,
        "stdev": 1.70504689217
    },
    "melbands_spread": {
        "max": 151.104095459,
        "mean": 12.6291465759,
        "min": 0.569767355919,
        "stdev": 11.6190443039
    },
    "pitch_salience": {
        "max": 0.890351712704,
        "mean": 0.515279173851,
        "min": 0.12743614614,
        "stdev": 0.140844911337
    },
    "silence_rate_20dB": {
        "max": 1,
        "mean": 1,
        "min": 1,
        "stdev": 0
    },
    "silence_rate_30dB": {
        "max": 1,
        "mean": 0.992860555649,
        "min": 0,
        "stdev": 0.0841928869486
    },
    "silence_rate_60dB": {
        "max": 1,
        "mean": 0.278438836336,
        "min": 0,
        "stdev": 0.448224872351
    },
    "spectral_centroid": {
        "max": 3847.6237793,
        "mean": 823.077575684,
        "min": 149.539840698,
        "stdev": 537.790039062
    },
    "spectral_complexity": {
        "max": 36,
        "mean": 8.92812919617,
        "min": 0,
        "stdev": 6.28023433685
    },
    "spectral_decrease": {
        "max": -1.50649631658e-12,
        "mean": -3.54010198933e-09,
        "min": -3.30823901606e-08,
        "stdev": 4.82758055753e-09
    },
    "spectral_energy": {
        "max": 0.133184209466,
        "mean": 0.0140625741333,
        "min": 6.81284700477e-06,
        "stdev": 0.0194380059838
    },
    "spectral_energyband_high": {
        "max": 0.00288257841021,
        "mean": 3.24609900417e-05,
        "min": 7.32348325982e-07,
        "stdev": 0.00016522599617
    },
    "spectral_energyband_low": {
        "max": 0.0249618217349,
        "mean": 0.00336832739413,
        "min": 1.13925295864e-06,
        "stdev": 0.00388741935603
    },
    "spectral_energyband_middle_high": {
        "max": 0.0891360342503,
        "mean": 0.00250455574133,
        "min": 1.07252242287e-06,
        "stdev": 0.00590617163107
    },
    "spectral_energyband_middle_low": {
        "max": 0.107843726873,
        "mean": 0.00866734050214,
        "min": 1.63675895237e-06,
        "stdev": 0.0147976465523
    },
    "spectral_entropy": {
        "max": 8.88292980194,
        "mean": 6.81047296524,
        "min": 4.91697740555,
        "stdev": 0.553480088711
    },
    "spectral_flux": {
        "max": 0.328307211399,
        "mean": 0.0476512648165,
        "min": 0.00141399144195,
        "stdev": 0.0434736721218
    },
    "spectral_kurtosis": {
        "max": 61.0690994263,
        "mean": 11.5138759613,
        "min": -0.496100902557,
        "stdev": 8.99784660339
    },
    "spectral_rms": {
        "max": 0.0113989394158,
        "mean": 0.0030874630902,
        "min": 8.15271705505e-05,
        "stdev": 0.00204625492916
    },
    "spectral_rolloff": {
        "max": 5340.234375,
        "mean": 797.826721191,
        "min": 64.599609375,
        "stdev": 725.363342285
    },
    "spectral_skewness": {
        "max": 6.489569664,
        "mean": 2.28669786453,
        "min": -0.115869186819,
        "stdev": 0.977751076221
    },
    "spectral_spread": {
        "max": 30367226,
        "mean": 2860438.75,
        "min": 945023.4375,
        "stdev": 1204282.875
    },
    "spectral_strongpeak": {
        "max": 6.31859397888,
        "mean": 0.739034116268,
        "min": 0,
        "stdev": 0.957874536514
    },
    "zerocrossingrate": {
        "max": 0.16650390625,
        "mean": 0.0316409021616,
        "min": 0.00439453125,
        "stdev": 0.0213902164251
    },
    "barkbands": {
        "max": [0.000449910003226, 0.0113599523902, 0.0189924240112, 0.0119538027793, 0.0195426810533, 0.0582942031324, 0.0796510577202, 0.0716083347797, 0.070372261107, 0.0603485479951, 0.0126573136076, 0.0214142352343, 0.0165044609457, 0.012271206826, 0.0123147964478, 0.00917667057365, 0.00461539439857, 0.00350552308373, 0.00524405669421, 0.000948887609411, 0.00103943084832, 0.000976591138169, 0.000296419282677, 8.78872015164e-05, 7.04782269167e-06, 1.3676301478e-06, 1.40503789225e-06],
        "mean": [1.20012919069e-05, 0.00146500160918, 0.00156556116417, 0.000506551528815, 0.00104491575621, 0.00132655317429, 0.00270125642419, 0.00125980156008, 0.00146211439278, 0.00101135892328, 0.000358809891623, 0.000355679774657, 0.000223871014896, 0.000194946682313, 0.000152063221321, 0.000113995709398, 0.000116008806799, 8.27334806672e-05, 6.59278957755e-05, 1.92117277038e-05, 1.20779113786e-05, 8.08160621091e-06, 2.88454907604e-06, 8.35066600757e-07, 2.59725567275e-07, 7.66537340269e-08, 2.14563966594e-09],
        "min": [6.81764866783e-09, 3.67314527239e-07, 6.55232739177e-08, 1.55664494628e-08, 7.74572441742e-08, 2.34345503003e-08, 1.59978288394e-08, 2.6189843183e-08, 2.43381084175e-08, 3.11103924844e-08, 2.09620871772e-08, 3.68108032944e-08, 6.99417839201e-08, 2.50147369485e-08, 3.00964444477e-08, 2.44468321142e-08, 5.43117515406e-08, 7.23977038319e-08, 7.45219210785e-08, 1.05567004027e-07, 1.21986516888e-07, 1.2692294149e-07, 7.85038380968e-08, 6.33012646745e-08, 5.18068183908e-08, 2.93421842379e-09, 2.51903414794e-10],
        "stdev": [2.45397204708e-05, 0.00195410265587, 0.00231726770289, 0.000967248342931, 0.00191954697948, 0.00345042720437, 0.0066763907671, 0.00472128670663, 0.00555974245071, 0.00320824119262, 0.00109654455446, 0.00145416904707, 0.000889632792678, 0.00084570114268, 0.000608690432273, 0.000463631760795, 0.000360237143468, 0.000260599161265, 0.000217512977542, 6.91426248522e-05, 6.08593327343e-05, 5.14619678142e-05, 1.80110691872e-05, 4.38435472461e-06, 4.00952757218e-07, 4.69476866272e-08, 3.06814769147e-08]
    },
    "erbbands": {
        "max": [0.208095610142, 3.44427394867, 18.8699626923, 27.448764801, 20.9825553894, 81.2950820923, 430.311859131, 659.78326416, 1041.35778809, 2014.89074707, 1823.84753418, 1604.69018555, 1715.78198242, 861.361328125, 621.244567871, 1000.73162842, 618.497802734, 528.369262695, 834.814453125, 449.191497803, 413.125732422, 257.23614502, 199.935562134, 192.78074646, 237.085220337, 52.0016860962, 49.8698654175, 50.2673187256, 34.2838439941, 21.8112983704, 7.71372318268, 3.27347683907, 0.809392392635, 0.159947574139, 0.0185964666307, 0.00770875765011, 0.00252541503869, 0.00088497356046, 0.000209919147892, 0.000154717665282],
        "mean": [0.0169904511422, 0.427514612675, 1.84184634686, 1.75172758102, 1.6326751709, 3.90041351318, 9.33586120605, 10.0625047684, 33.4964370728, 30.0053520203, 36.8455657959, 33.8133087158, 30.9076786041, 26.4183635712, 14.573559761, 15.953289032, 10.621925354, 10.6502819061, 9.40024662018, 5.77226734161, 7.01833486557, 6.25320100784, 4.83470487595, 4.18274068832, 2.33843946457, 0.904098510742, 0.596103310585, 0.408116549253, 0.302098870277, 0.168767035007, 0.0749681964517, 0.0268659330904, 0.00966621376574, 0.00405024876818, 0.00133312807884, 0.000682642334141, 3.95887618652e-05, 5.75388457946e-06, 7.37091659175e-06, 1.60636373039e-05],
        "min": [3.76987054551e-06, 0.000110135581053, 0.000163034972502, 0.000178765709279, 0.000410192500567, 0.000326628767652, 0.000263178924797, 0.000339646532666, 0.000450186489616, 0.000674883311149, 0.000552599725779, 0.000491333485115, 0.000983706908301, 0.00110553577542, 0.00101920985617, 0.00176202598959, 0.00344786699861, 0.0025855305139, 0.00210620160215, 0.00228655873798, 0.0029899245128, 0.00369874131866, 0.00348186655901, 0.00471734441817, 0.00338566140272, 0.00428465008736, 0.00494493544102, 0.00497215380892, 0.0042486791499, 0.00277616735548, 0.00195254140999, 0.00158448715229, 0.000906383618712, 0.000565305759665, 0.000253925070865, 8.43669185997e-05, 8.08094864624e-06, 1.23839663502e-06, 1.02756345655e-07, 2.0391873079e-08],
        "stdev": [0.026617275551, 0.564067959785, 2.66189336777, 2.71636986732, 2.33528780937, 7.73862886429, 28.5432128906, 28.8249092102, 80.1371765137, 105.894020081, 129.198974609, 128.978607178, 108.717056274, 68.2653198242, 48.4036064148, 66.1181182861, 38.3543434143, 40.4996490479, 40.9880981445, 22.5807037354, 26.0608100891, 20.0421772003, 14.2558021545, 13.6213769913, 7.63435983658, 3.12919068336, 2.80174660683, 2.32157516479, 1.91080057621, 1.10981869698, 0.474652409554, 0.160814136267, 0.0392493382096, 0.00881729833782, 0.0010421150364, 0.000337658857461, 5.67736278754e-05, 1.94027998077e-05, 1.08672757051e-05, 2.2481313863e-05]
    },
    "gfcc": {
        "mean": [-135.520858765, 156.149612427, -121.398345947, 25.7199668884, -53.3966064453, 1.52234590054, -29.2206192017, 5.26930189133, -16.0455970764, -5.16020154953, -7.09511566162, -7.91831350327, -2.26017856598],
        "cov": [[5532.46728516, 1678.94506836, -1724.07299805, -779.669189453, 77.9380187988, -846.989746094, 248.895111084, -135.686096191, 280.107299805, -461.968444824, 221.717895508, -255.990631104, 14.3697404861], [1678.94506836, 966.326538086, -187.4193573, -466.465515137, 83.2803192139, -270.359588623, 73.8704833984, -60.0538864136, 125.613555908, -122.669883728, 121.399581909, -78.9430541992, 20.238609314], [-1724.07299805, -187.4193573, 1174.06054688, 296.387817383, -13.3779220581, 296.542388916, -51.8002662659, 7.03554344177, 4.83035039902, 203.207336426, 10.3011074066, 81.6891784668, 12.6000919342], [-779.669189453, -466.465515137, 296.387817383, 730.932312012, 215.741653442, 157.017105103, -59.4527626038, 41.6944007874, -65.7776947021, 23.1509017944, -104.88533783, 36.3520469666, 69.8157806396], [77.9380187988, 83.2803192139, -13.3779220581, 215.741653442, 368.773010254, 36.0979728699, -38.1974487305, 30.5815620422, -30.0986461639, -66.7398757935, -50.4506454468, -0.627208590508, 56.3061485291], [-846.989746094, -270.359588623, 296.542388916, 157.017105103, 36.0979728699, 310.345367432, 69.9236831665, 23.7462234497, -59.0206336975, 68.6236038208, -35.2497673035, 43.6821212769, 21.6204719543], [248.895111084, 73.8704833984, -51.8002662659, -59.4527626038, -38.1974487305, 69.9236831665, 210.686431885, 52.721622467, -0.794483304024, -30.2354431152, 34.0011558533, 8.56993103027, 0.0703885406256], [-135.686096191, -60.0538864136, 7.03554344177, 41.6944007874, 30.5815620422, 23.7462234497, 52.721622467, 104.634117126, 9.83600139618, -6.39086818695, -10.1277599335, 15.3269529343, -0.234069794416], [280.107299805, 125.613555908, 4.83035039902, -65.7776947021, -30.0986461639, -59.0206336975, -0.794483304024, 9.83600139618, 123.124839783, 46.8881454468, 46.0838317871, -28.0517654419, -19.3487319946], [-461.968444824, -122.669883728, 203.207336426, 23.1509017944, -66.7398757935, 68.6236038208, -30.2354431152, -6.39086818695, 46.8881454468, 154.498443604, 36.7205619812, 6.6351556778, -31.7004508972], [221.717895508, 121.399581909, 10.3011074066, -104.88533783, -50.4506454468, -35.2497673035, 34.0011558533, -10.1277599335, 46.0838317871, 36.7205619812, 107.867332458, 18.785326004, -23.6364803314], [-255.990631104, -78.9430541992, 81.6891784668, 36.3520469666, -0.627208590508, 43.6821212769, 8.56993103027, 15.3269529343, -28.0517654419, 6.6351556778, 18.785326004, 83.6181106567, 26.8411235809], [14.3697404861, 20.238609314, 12.6000919342, 69.8157806396, 56.3061485291, 21.6204719543, 0.0703885406256, -0.234069794416, -19.3487319946, -31.7004508972, -23.6364803314, 26.8411235809, 91.9634780884]],
        "icov": [[0.00316094560549, -0.00418621115386, 0.00366878556088, -0.0026159978006, 0.00127254135441, 0.000940665486269, -0.00218618032522, 0.00316545972601, -0.00400050077587, 0.00329991220497, -0.00238230125979, 0.0012991783442, 0.000224445291678], [-0.00418621115386, 0.0134466951713, -0.0077061005868, 0.00847898982465, -0.00742256874219, 0.00477997632697, -0.00246352120303, 0.000959372380748, 0.00146158610005, -0.000220289832214, -0.000955111172516, 0.00368510652333, -0.00535059999675], [0.00366878556088, -0.0077061005868, 0.00679491972551, -0.00523280119523, 0.00379010965116, -0.00238521280698, 0.000129449923406, 0.00177024991717, -0.00375245767646, 0.00151128461584, -0.00176766386721, -0.00109558552504, 0.00200572493486], [-0.0026159978006, 0.00847898982465, -0.00523280119523, 0.00765356002375, -0.0058086225763, 0.00303162145428, -0.00151724705938, 0.000170781422639, 0.00140665424988, -0.00110225961544, 0.00109935901128, 0.00189337797929, -0.00405938271433], [0.00127254135441, -0.00742256874219, 0.00379010965116, -0.0058086225763, 0.00909612886608, -0.00568371685222, 0.0052745542489, -0.00433241343126, 0.000765881733969, 0.00138189748395, 2.21579648496e-06, -0.00154697196558, 0.00216657645069], [0.000940665486269, 0.00477997632697, -0.00238521280698, 0.00303162145428, -0.00568371685222, 0.013595899567, -0.010195216164, 0.00634927395731, -0.000567572831642, -0.00193867844064, 0.00111300346907, 0.00213514408097, -0.00399090023711], [-0.00218618032522, -0.00246352120303, 0.000129449923406, -0.00151724705938, 0.0052745542489, -0.010195216164, 0.0155258728191, -0.011239935644, 0.00495341606438, 0.000539309054147, -0.00271626375616, -0.00105849467218, 0.00198370590806], [0.00316545972601, 0.000959372380748, 0.00177024991717, 0.000170781422639, -0.00433241343126, 0.00634927395731, -0.011239935644, 0.0211621131748, -0.0105674602091, 0.00493161519989, 0.00119420897681, -0.00161649798974, 0.000399756710976], [-0.00400050077587, 0.00146158610005, -0.00375245767646, 0.00140665424988, 0.000765881733969, -0.000567572831642, 0.00495341606438, -0.0105674602091, 0.0226499401033, -0.0120668429881, -0.000346368586179, 0.00285148597322, -0.000931840215344], [0.00329991220497, -0.000220289832214, 0.00151128461584, -0.00110225961544, 0.00138189748395, -0.00193867844064, 0.000539309054147, 0.00493161519989, -0.0120668429881, 0.022195244208, -0.010646677576, 0.00535167800263, 0.000598069455009], [-0.00238230125979, -0.000955111172516, -0.00176766386721, 0.00109935901128, 2.21579648496e-06, 0.00111300346907, -0.00271626375616, 0.00119420897681, -0.000346368586179, -0.010646677576, 0.0256540458649, -0.0147098777816, 0.00687621114776], [0.0012991783442, 0.00368510652333, -0.00109558552504, 0.00189337797929, -0.00154697196558, 0.00213514408097, -0.00105849467218, -0.00161649798974, 0.00285148597322, 0.00535167800263, -0.0147098777816, 0.0262634158134, -0.0108608575538], [0.000224445291678, -0.00535059999675, 0.00200572493486, -0.00405938271433, 0.00216657645069, -0.00399090023711, 0.00198370590806, 0.000399756710976, -0.000931840215344, 0.000598069455009, 0.00687621114776, -0.0108608575538, 0.019381865859]]
    },
    "melbands": {
        "max": [0.002321225591, 0.0075798900798, 0.00433764373884, 0.00346978311427, 0.0117778880522, 0.0133273499086, 0.0162804592401, 0.0193118751049, 0.0123825045303, 0.00863833166659, 0.00896767526865, 0.00419509457424, 0.00179353263229, 0.00251701497473, 0.00175403058529, 0.00119367102161, 0.00102317158598, 0.00162354204804, 0.000651499372907, 0.000633710762486, 0.000408497086028, 0.000344420404872, 0.000249878386967, 0.00018846502644, 0.000172679327079, 0.000253302365309, 5.99696359131e-05, 3.69721383322e-05, 3.452429155e-05, 2.84929064946e-05, 3.17638878187e-05, 1.89102393051e-05, 2.03635081562e-05, 9.16019780561e-06, 5.24956703885e-06, 2.69452607427e-06, 1.79574658432e-06, 6.12290762092e-07, 2.78522378494e-07, 1.01213757375e-07],
        "mean": [0.000280908221612, 0.00081546860747, 0.000294598867185, 0.000187963727512, 0.000290682015475, 0.000235289349803, 0.000549134274479, 0.000299196370179, 0.0003084060736, 0.000200330789085, 0.000150999650941, 0.000109487817099, 4.80280614283e-05, 4.41437550762e-05, 2.92956210615e-05, 2.13973235077e-05, 1.96525488718e-05, 1.54274894157e-05, 9.93626508716e-06, 7.1245340223e-06, 8.45255090098e-06, 6.94060963724e-06, 4.86737644678e-06, 3.88347325497e-06, 3.39263579008e-06, 2.19978937821e-06, 9.67088453763e-07, 5.02955231241e-07, 3.89915186361e-07, 2.91528408525e-07, 2.21168392045e-07, 1.79983615567e-07, 1.31661181513e-07, 7.71020864931e-08, 4.74769557002e-08, 2.31462085054e-08, 1.34079884972e-08, 7.07603531325e-09, 4.41642900029e-09, 3.01328628716e-09],
        "min": [6.00125957817e-08, 1.08353376049e-07, 3.08220151624e-08, 4.48803980646e-08, 8.52099990567e-09, 7.36480565422e-09, 5.82370329738e-09, 8.062251311e-09, 5.65829649801e-09, 3.04139780027e-09, 3.75478048653e-09, 4.27018820304e-09, 3.35544925179e-09, 4.55814364031e-09, 3.54059204177e-09, 5.73210590105e-09, 3.67620422992e-09, 2.12380490971e-09, 3.09332004456e-09, 2.86976908903e-09, 3.24443161226e-09, 3.12312598005e-09, 2.96293856117e-09, 3.43156170146e-09, 3.32170291273e-09, 1.66624491982e-09, 2.83294676606e-09, 2.0265351619e-09, 2.85771428743e-09, 2.81174838968e-09, 2.2444632819e-09, 2.21546914148e-09, 1.48728551697e-09, 1.18264331661e-09, 1.03659003603e-09, 9.56058343604e-10, 7.94613208566e-10, 4.09951239622e-10, 5.27735743994e-10, 4.53194787253e-10],
        "stdev": [0.000384718470741, 0.00107408000622, 0.00041106165736, 0.000329973699991, 0.000805116025731, 0.000661107420456, 0.00128887197934, 0.00102549698204, 0.00107165623922, 0.000752858701162, 0.000540616747458, 0.000296830869047, 0.000156213034643, 0.000170751605765, 0.000120062926726, 7.77860987e-05, 7.89983459981e-05, 7.37774244044e-05, 3.58665856766e-05, 3.14419157803e-05, 3.13179189106e-05, 2.36366158788e-05, 1.44296664075e-05, 1.3114916328e-05, 1.13437326945e-05, 8.18462285679e-06, 2.9991831525e-06, 2.05707715395e-06, 1.84741861631e-06, 1.52740858539e-06, 1.35602999762e-06, 1.10602422865e-06, 9.2027539722e-07, 4.99436282553e-07, 3.05059955963e-07, 1.4223437006e-07, 7.99610830882e-08, 2.97231590451e-08, 1.24830590309e-08, 5.57667378942e-09]
    },
    "melbands128": {
        "max": [0.000239341738052, 0.00105523399543, 0.00416130525991, 0.00765303522348, 0.0119204856455, 0.0095113478601, 0.00639649201185, 0.00498584052548, 0.00212471163832, 0.0045016631484, 0.00652294326574, 0.008624965325, 0.0218157563359, 0.0142788551748, 0.0203893296421, 0.019424084574, 0.017614306882, 0.0291320327669, 0.0217161569744, 0.0396749973297, 0.00967843271792, 0.0281639974564, 0.0193046405911, 0.0260610245168, 0.0146746784449, 0.0177606958896, 0.00970288831741, 0.00985940080136, 0.0180376321077, 0.00817312207073, 0.004628052935, 0.00349320587702, 0.00307436916046, 0.003614196321, 0.00243617477827, 0.00473200296983, 0.00558259524405, 0.00307987770066, 0.00310159171931, 0.00163583504036, 0.0012119676685, 0.00206541386433, 0.00195970246568, 0.00214623822831, 0.0018464353634, 0.0028183166869, 0.00228417990729, 0.000767238496337, 0.000929556030314, 0.000942949904129, 0.000710946100298, 0.00137297110632, 0.000454599037766, 0.0005915404181, 0.000537264917511, 0.000542024150491, 0.000336680561304, 0.000552960380446, 0.000256179162534, 0.000147509403178, 0.000278787192656, 0.000187611251022, 0.000237088301219, 0.000235631814576, 0.000234768987866, 0.000339904334396, 0.000194938314962, 0.000105957878986, 6.86087369104e-05, 6.27123008599e-05, 4.41260235675e-05, 4.63004835183e-05, 5.11471153004e-05, 3.19811697409e-05, 3.58661891369e-05, 2.82467972283e-05, 3.23078638758e-05, 3.40078513545e-05, 3.34765572916e-05, 4.31509688497e-05, 1.77014062501e-05, 3.02929838654e-05, 2.77925300907e-05, 2.16907010326e-05, 2.01883103728e-05, 1.23951358546e-05, 1.12840070869e-05, 7.26447706256e-06, 5.42421776117e-06, 4.61873332824e-06, 2.70258942692e-06, 3.18191450788e-06, 3.25121254718e-06, 2.25099142881e-06, 1.01826401533e-06, 7.68782683735e-07, 8.10317430933e-07, 5.23491792137e-07, 2.63690111524e-07, 1.55913440381e-07, 2.16101682327e-07, 8.94949891972e-08, 8.31970226045e-08, 2.21929976618e-08, 1.16801990302e-08, 1.77792305323e-08, 1.01634869409e-08, 1.29871864374e-08, 3.28279661233e-08, 8.9222620403e-09, 8.60995452712e-09, 8.40351699338e-09, 7.88722509526e-09, 7.78362441167e-09, 7.35684002606e-09, 7.17209358569e-09, 6.84988599176e-09, 6.57170584617e-09, 6.40542108243e-09, 6.21209705898e-09, 6.0109295319e-09, 5.91638560365e-09, 5.85255444108e-09, 5.72976022184e-09, 5.6344631183e-09, 5.55042767303e-09, 5.51479439892e-09, 5.48851719628e-09],
        "mean": [7.53007589083e-06, 5.62836175959e-05, 0.000324933324009, 0.000832892430481, 0.00106057093944, 0.000657722179312, 0.000369415123714, 0.00020878725627, 0.000132583430968, 0.000185863493243, 0.000219377339818, 0.000244816299528, 0.000398473202949, 0.000231052064919, 0.000162777359947, 0.000282034103293, 0.000348716421286, 0.000732446205802, 0.000644125801045, 0.00027656648308, 0.000119124153571, 0.000308039103402, 0.000358905846952, 0.000290028110612, 0.00022637276561, 0.000152196138515, 0.00016477148165, 0.000173084248672, 0.000104049664515, 0.000148648789036, 0.000100548175396, 5.16119471285e-05, 4.92316976306e-05, 4.48745158792e-05, 3.01457894238e-05, 5.49459327885e-05, 4.97785986227e-05, 1.85164553841e-05, 2.80720760202e-05, 2.12601044041e-05, 1.90955397557e-05, 2.2777770937e-05, 1.75474269781e-05, 2.20859910769e-05, 1.43264587678e-05, 1.48541403178e-05, 1.62126561918e-05, 1.03475467768e-05, 6.94803020451e-06, 6.26988639851e-06, 6.21886147201e-06, 1.00259994724e-05, 7.27727956473e-06, 8.85370718606e-06, 8.55079451867e-06, 7.05824913894e-06, 4.87660645376e-06, 5.7043457673e-06, 4.34973571828e-06, 4.56159023088e-06, 3.85364592148e-06, 3.20462663694e-06, 3.86988267564e-06, 3.41170175489e-06, 2.88328988063e-06, 2.30062005357e-06, 1.79786400167e-06, 1.08631559215e-06, 8.57126622122e-07, 6.09846324551e-07, 4.95758399666e-07, 4.58404798565e-07, 4.17628967853e-07, 3.93245244368e-07, 3.22155926824e-07, 3.4465605836e-07, 2.44061681087e-07, 2.2091059293e-07, 2.21091980279e-07, 2.23974467417e-07, 1.81349662398e-07, 1.7022578902e-07, 1.5395367825e-07, 1.30274955268e-07, 1.13533523916e-07, 8.59416431354e-08, 6.61184884621e-08, 5.34684474474e-08, 5.15851823479e-08, 3.99172286336e-08, 2.52946215085e-08, 1.87392092954e-08, 1.79001382605e-08, 1.39435272217e-08, 1.06799946664e-08, 8.0352196008e-09, 6.42305097998e-09, 5.40360112211e-09, 4.49073667141e-09, 3.71033803681e-09, 3.91735754945e-09, 2.85858270388e-09, 2.11126160998e-09, 1.42637723854e-09, 1.11497855393e-09, 1.20985332863e-09, 1.51639101276e-09, 1.93375049307e-09, 1.75181358308e-09, 3.6409880666e-10, 4.19952128627e-11, 3.77518849515e-11, 4.0111716032e-11, 3.95068353032e-11, 5.13335554619e-11, 5.79589189142e-11, 1.680183076e-11, 1.21416323176e-11, 1.3803987467e-11, 9.51872781985e-12, 8.59980836543e-12, 8.63030740622e-12, 7.40869691984e-12, 6.19498896626e-12, 5.71988203329e-12, 4.98917964234e-12, 4.60112590389e-12, 4.52762306813e-12],
        "min": [2.18931450746e-09, 1.41910607709e-08, 7.28193594313e-09, 1.05115518068e-07, 4.84202438145e-08, 2.29224799142e-08, 2.7985084472e-08, 1.03625774628e-08, 1.24080568042e-08, 9.76655556428e-09, 7.00421987077e-09, 4.44940440048e-09, 1.08426789769e-09, 9.51733913901e-10, 1.53923818136e-09, 1.14560250175e-09, 3.98769106624e-09, 1.736759625e-09, 3.23034443639e-09, 3.44412387498e-09, 3.11268610886e-09, 1.62489488531e-09, 2.5774347101e-09, 1.66148472758e-09, 1.01366426364e-09, 2.32974795011e-09, 8.06238631412e-10, 6.55068832511e-10, 2.58812193898e-09, 8.88283779865e-10, 1.38575795283e-09, 1.99446459348e-09, 9.82830705709e-10, 9.52433687473e-10, 2.14203721427e-09, 1.33373700972e-09, 5.86326098784e-10, 1.2292067364e-09, 1.54925527962e-09, 2.90384383206e-09, 1.75822056914e-09, 1.57593604833e-09, 1.49939316518e-09, 9.16681008878e-10, 5.72793035225e-10, 5.71034275421e-10, 1.55645807354e-09, 1.10572684342e-09, 4.31049002048e-10, 1.08510123109e-09, 7.51466056048e-10, 8.15981560098e-10, 7.83767772905e-10, 1.33069577579e-09, 1.40207978561e-09, 4.14445311403e-10, 1.92486110384e-10, 1.61369917429e-09, 1.29867971932e-09, 1.06287889601e-09, 7.59782181614e-10, 1.2180654263e-09, 1.03542119323e-09, 6.08652517275e-10, 6.99729496567e-10, 9.73520375425e-10, 5.69354452473e-10, 1.0258905947e-09, 5.98201987945e-10, 1.71831426865e-09, 1.37030031766e-09, 2.94173269078e-10, 8.74809003015e-10, 1.79793269162e-09, 2.34809893751e-10, 4.9214760045e-10, 7.0123018503e-10, 2.09472328372e-10, 3.43594014351e-10, 7.93962784407e-10, 6.84524714689e-10, 3.46254053207e-10, 2.47582759849e-10, 1.97919541867e-10, 7.29627469553e-10, 3.69188485339e-10, 1.71188410669e-10, 2.33809083205e-10, 4.27641810852e-10, 2.6681273857e-10, 2.14466625015e-10, 1.08121490927e-10, 3.15789033811e-10, 7.41469802223e-11, 1.75603670494e-10, 7.11062458914e-11, 6.86388723636e-11, 4.77624086115e-11, 1.36324646016e-10, 7.0099863414e-11, 1.52123438846e-10, 4.29422643278e-11, 4.64615151907e-11, 1.499583617e-11, 1.95060426145e-11, 5.09014046191e-11, 1.01389431573e-10, 7.95757418293e-11, 2.08701198684e-12, 1.56782030934e-12, 8.54549395655e-13, 8.10303647097e-13, 1.18205803219e-12, 9.53157041142e-13, 6.79742883074e-13, 9.56290710681e-13, 6.8383813152e-13, 6.67499313201e-13, 7.484710551e-13, 5.97574615659e-13, 7.78962940158e-13, 6.58372390893e-13, 7.82125070004e-13, 6.47644318817e-13, 5.38358908234e-13, 1.89529829006e-13, 2.70192024407e-14, 6.300024068e-16],
        "stdev": [1.36179978654e-05, 0.000111963505333, 0.000595347490162, 0.00116172770504, 0.00160040426999, 0.00098618445918, 0.000647437758744, 0.000392270885641, 0.000211821039557, 0.000413625442889, 0.000536541454494, 0.000691610737704, 0.00140242988709, 0.000728651706595, 0.000681088771671, 0.0011204626644, 0.00110203842632, 0.00206189695746, 0.00171047763433, 0.00184659345541, 0.000551803794224, 0.0015418943949, 0.00137966603506, 0.00159732019529, 0.00112977088429, 0.0008223313489, 0.000685198989231, 0.000735151348636, 0.000635755131952, 0.000456697947811, 0.000273604731774, 0.00017952840426, 0.000214093379327, 0.000198705907678, 0.000136735252454, 0.000253176840488, 0.000272220815532, 0.00011423061369, 0.000164893528563, 9.11663737497e-05, 7.31113614165e-05, 0.000123698628158, 8.73218741617e-05, 0.000110187829705, 9.98686155071e-05, 0.000101678415376, 8.56731639942e-05, 3.6963247112e-05, 3.60652556992e-05, 4.0339800762e-05, 2.98442973872e-05, 5.56287886866e-05, 3.16178957291e-05, 3.93978225475e-05, 2.85664700641e-05, 3.24999273289e-05, 1.83419797395e-05, 2.08126584766e-05, 1.45179510582e-05, 1.36652088258e-05, 1.56646074174e-05, 1.22455412566e-05, 1.38281238833e-05, 1.26888817249e-05, 1.17653962661e-05, 1.01162004285e-05, 6.12040321357e-06, 4.15775593865e-06, 2.94723872685e-06, 2.59577518591e-06, 2.14990927816e-06, 2.20665538109e-06, 2.31535113926e-06, 1.85432270428e-06, 1.84381110557e-06, 1.82024018613e-06, 1.45306682953e-06, 1.39970518376e-06, 1.49512027292e-06, 1.50861751536e-06, 1.04295270376e-06, 1.23671327401e-06, 1.15152795388e-06, 9.49327954913e-07, 8.17406260012e-07, 6.03729574777e-07, 4.64585838245e-07, 3.59775015113e-07, 3.39321502452e-07, 2.83814216573e-07, 1.53742703901e-07, 1.17957817736e-07, 1.29596884335e-07, 9.1601236818e-08, 5.48092025099e-08, 3.6311455176e-08, 2.98920959096e-08, 2.12548272316e-08, 1.3223327322e-08, 9.30288024392e-09, 9.9448342894e-09, 4.86512385933e-09, 3.47400486156e-09, 1.46272682855e-09, 9.6242547265e-10, 9.9272623455e-10, 9.56432266719e-10, 1.09175679608e-09, 1.2250167547e-09, 3.38673894484e-10, 1.90301718828e-10, 1.85015058829e-10, 1.73863201613e-10, 1.72025685363e-10, 1.63591473701e-10, 1.62302213336e-10, 1.49744064371e-10, 1.43782249995e-10, 1.40800468507e-10, 1.35878308605e-10, 1.31373106838e-10, 1.29347171862e-10, 1.27860694255e-10, 1.25131308093e-10, 1.2305943764e-10, 1.21238172279e-10, 1.20468676701e-10, 1.19895121609e-10]
    },
    "mfcc": {
        "mean": [-778.016479492, 180.446060181, -5.06890296936, 28.7306518555, -0.676013946533, 0.0284338574857, -1.60899329185, 4.10514354706, 0.21016728878, 1.16398358345, -1.35030138493, -1.51996743679, 0.806260406971],
        "cov": [[6564.70898438, 1643.46765137, -1947.28552246, -148.927154541, -590.94519043, -656.819091797, -328.986236572, 142.265930176, -198.968719482, -44.4647064209, 148.580474854, -166.39364624, -157.740127563], [1643.46765137, 1274.69128418, -311.24786377, -275.616851807, -129.772689819, -249.341552734, -104.397247314, -8.10472297668, -83.8680801392, -38.5320014954, 86.6606063843, 5.5485625267, -2.95175027847], [-1947.28552246, -311.24786377, 1068.32788086, 86.7463378906, 128.419036865, 261.34085083, 82.7226257324, -82.1831512451, 57.3003311157, 36.7801704407, -17.8649787903, 129.438034058, 112.972190857], [-148.927154541, -275.616851807, 86.7463378906, 431.21484375, 254.38192749, 75.5119018555, 24.2519187927, 33.1969223022, 65.3055038452, 5.06690263748, -70.8397445679, -31.9343299866, 8.60252571106], [-590.94519043, -129.772689819, 128.419036865, 254.38192749, 415.147796631, 125.199401855, 17.4739227295, -7.48876190186, 57.6143875122, 10.1790790558, -77.5062255859, -36.6544303894, 7.41350746155], [-656.819091797, -249.341552734, 261.34085083, 75.5119018555, 125.199401855, 240.014801025, 107.1639328, -7.19023370743, 56.4125175476, 19.2664966583, -40.8269081116, 18.1985054016, 21.0015830994], [-328.986236572, -104.397247314, 82.7226257324, 24.2519187927, 17.4739227295, 107.1639328, 187.424377441, 91.3938217163, 51.0309944153, -7.91242647171, -27.4986915588, 13.1993055344, 5.87386751175], [142.265930176, -8.10472297668, -82.1831512451, 33.1969223022, -7.48876190186, -7.19023370743, 91.3938217163, 154.173095703, 49.3239173889, -24.9967937469, -15.4736680984, -10.7076530457, -6.54112386703], [-198.968719482, -83.8680801392, 57.3003311157, 65.3055038452, 57.6143875122, 56.4125175476, 51.0309944153, 49.3239173889, 112.477836609, 28.1956214905, -38.2438163757, -12.715344429, -4.43137598038], [-44.4647064209, -38.5320014954, 36.7801704407, 5.06690263748, 10.1790790558, 19.2664966583, -7.91242647171, -24.9967937469, 28.1956214905, 99.9301376343, 40.1398086548, 3.03436088562, -9.19036865234], [148.580474854, 86.6606063843, -17.8649787903, -70.8397445679, -77.5062255859, -40.8269081116, -27.4986915588, -15.4736680984, -38.2438163757, 40.1398086548, 132.069854736, 61.0610542297, 1.44310498238], [-166.39364624, 5.5485625267, 129.438034058, -31.9343299866, -36.6544303894, 18.1985054016, 13.1993055344, -10.7076530457, -12.715344429, 3.03436088562, 61.0610542297, 124.661705017, 58.9276351929], [-157.740127563, -2.95175027847, 112.972190857, 8.60252571106, 7.41350746155, 21.0015830994, 5.87386751175, -6.54112386703, -4.43137598038, -9.19036865234, 1.44310498238, 58.9276351929, 95.6172714233]],
        "icov": [[0.00117300008424, -0.00149028818123, 0.00180298124906, -0.00201496295631, 0.00228865048848, -0.001824698993, 0.00200394843705, -0.00151691911742, 0.00131526053883, -0.00140979536809, 0.000874511140864, -0.00049080082681, 0.000151334548718], [-0.00149028818123, 0.00308055686764, -0.00220635160804, 0.00338297896087, -0.00349184754305, 0.00354408985004, -0.00277984561399, 0.00214079511352, -0.00196964270435, 0.00234516640194, -0.00179779576138, 0.000889778952114, -0.000638561032247], [0.00180298124906, -0.00220635160804, 0.00439641205594, -0.00316528533585, 0.00350825884379, -0.00401704758406, 0.00292933778837, -0.00135705259163, 0.00150215474423, -0.00227233441547, 0.00163019041065, -0.0019759000279, -0.000621484708972], [-0.00201496295631, 0.00338297896087, -0.00316528533585, 0.00791942514479, -0.00652574794367, 0.00408510211855, -0.0031215781346, 0.00163386855274, -0.00298444600776, 0.00244673527777, -0.00125195703004, 0.00106942269485, -0.000823440845124], [0.00228865048848, -0.00349184754305, 0.00350825884379, -0.00652574794367, 0.00930558051914, -0.00617338856682, 0.00508232275024, -0.00290573155507, 0.00246582692489, -0.00316918664612, 0.00284322840162, -0.0004495017929, 0.000277120416285], [-0.001824698993, 0.00354408985004, -0.00401704758406, 0.00408510211855, -0.00617338856682, 0.0143728256226, -0.00985783524811, 0.00675683608279, -0.00445665605366, 0.00234898575582, -0.00143520405982, 0.000803608098067, -0.000586963666137], [0.00200394843705, -0.00277984561399, 0.00292933778837, -0.0031215781346, 0.00508232275024, -0.00985783524811, 0.0167549941689, -0.01130889263, 0.00338011025451, -0.00346567900851, 0.00383847556077, -0.00310257356614, 0.00168584519997], [-0.00151691911742, 0.00214079511352, -0.00135705259163, 0.00163386855274, -0.00290573155507, 0.00675683608279, -0.01130889263, 0.0175470691174, -0.00915742479265, 0.00744198495522, -0.00507612805814, 0.00272523099557, -0.0016557223862], [0.00131526053883, -0.00196964270435, 0.00150215474423, -0.00298444600776, 0.00246582692489, -0.00445665605366, 0.00338011025451, -0.00915742479265, 0.0193861797452, -0.0105200866237, 0.00838430412114, -0.0032073801849, 0.00229370314628], [-0.00140979536809, 0.00234516640194, -0.00227233441547, 0.00244673527777, -0.00316918664612, 0.00234898575582, -0.00346567900851, 0.00744198495522, -0.0105200866237, 0.0197435934097, -0.0113733811304, 0.00520340353251, -0.000961929326877], [0.000874511140864, -0.00179779576138, 0.00163019041065, -0.00125195703004, 0.00284322840162, -0.00143520405982, 0.00383847556077, -0.00507612805814, 0.00838430412114, -0.0113733811304, 0.0199997909367, -0.0117388563231, 0.00531353056431], [-0.00049080082681, 0.000889778952114, -0.0019759000279, 0.00106942269485, -0.0004495017929, 0.000803608098067, -0.00310257356614, 0.00272523099557, -0.0032073801849, 0.00520340353251, -0.0117388563231, 0.0200545173138, -0.0101391915232], [0.000151334548718, -0.000638561032247, -0.000621484708972, -0.000823440845124, 0.000277120416285, -0.000586963666137, 0.00168584519997, -0.0016557223862, 0.00229370314628, -0.000961929326877, 0.00531353056431, -0.0101391915232, 0.0175695791841]]
    },
    "spectral_contrast_coeffs": {
        "max": [-0.444477379322, -0.423896074295, -0.511869251728, -0.613743245602, -0.54636245966, -0.574319899082],
        "mean": [-0.728770017624, -0.724781811237, -0.738135039806, -0.792132079601, -0.785810291767, -0.768721759319],
        "min": [-0.933783173561, -0.933567047119, -0.93341177702, -0.924786865711, -0.925222158432, -0.94806343317],
        "stdev": [0.0733945965767, 0.0946584269404, 0.0763682126999, 0.0576863288879, 0.0627328753471, 0.0416354462504]
    },
    "spectral_contrast_valleys": {
        "max": [-5.5290851593, -4.72908210754, -4.67310762405, -6.04835796356, -6.84267520905, -9.9416437149],
        "mean": [-7.27553367615, -7.49425649643, -8.43399429321, -8.93199062347, -9.22429084778, -12.5422916412],
        "min": [-10.8070850372, -11.0513534546, -11.504576683, -11.2853050232, -10.8365507126, -13.4527015686],
        "stdev": [0.785247027874, 1.15285336971, 1.15573036671, 0.997010171413, 0.827539861202, 0.389332354069]
    }
},
"rhythm": {
    "beats_count": 118,
    "beats_loudness": {
        "max": 0.117538124323,
        "mean": 0.0184361636639,
        "min": 1.04862792796e-05,
        "stdev": 0.0222746077925
    },
    "bpm": 154.479202271,
    "bpm_histogram_first_peak_bpm": 157,
    "bpm_histogram_first_peak_weight": 0.487804889679,
    "bpm_histogram_second_peak_bpm": 152,
    "bpm_histogram_second_peak_spread": 0.33333337307,
    "bpm_histogram_second_peak_weight": 0.153846159577,
    "danceability": 1.00999200344,
    "onset_rate": 2.70703125,
    "beats_loudness_band_ratio": {
        "max": [0.943772912025, 0.760689139366, 0.843497097492, 0.453625053167, 0.336756795645, 0.213161125779],
        "mean": [0.469766825438, 0.151132032275, 0.27480328083, 0.089516505599, 0.0343597792089, 0.0154130589217],
        "min": [0.00902253389359, 0.00967821199447, 0.00394783774391, 0.000943348859437, 0.000314053613693, 0.000104483609903],
        "stdev": [0.308456033468, 0.155487641692, 0.249999403954, 0.10336548835, 0.0512928627431, 0.0390834882855]
    },
