{
"metadata": {
    "version": {
        "essentia": "2.1-beta5",
        "essentia_git_sha": "Undefined",
        "extractor": "music 2.0"
    },
    "audio_properties": {
        "analysis": {
            "equal_loudness": 0,
            "length": 48.7502937317,
            "sample_rate": 44100,
            "start_time": 45.2440834045,
            "downmix": "mix"
        },
        "bit_rate": 192000,
        "length": 174.045181274,
        "lossless": 0,
        "number_channels": 2,
        "replay_gain": -7.24241828918,
        "sample_rate": 48000,
        "codec": "mp3",
        "md5_encoded": "6df034531e61795cd82e7df1f75b1424"
    },
    "tags": {
        "file_name": "Belgium_Waarom_Jacques Raymond.mp3",
        "encoding": ["Lavf58.29.100"]
    }
},
"lowlevel": {
    "average_loudness": 0.826727390289,
    "barkbands_crest": {
        "max": 23.587387085,
        "mean": 10.0573959351,
        "min": 2.80151224136,
        "stdev": 3.51366519928
    },
    "barkbands_flatness_db": {
        "max": 0.361877769232,
        "mean": 0.223717287183,
        "min": 0.0734608322382,
        "stdev": 0.0366642996669
    },
    "barkbands_kurtosis": {
        "max": 35.3870010376,
        "mean": 2.43773531914,
        "min": -1.85370326042,
        "stdev": 3.21599030495
    },
    "barkbands_skewness": {
        "max": 4.48499250412,
        "mean": 0.99700242281,
        "min": -1.55336296558,
        "stdev": 0.71830946207
    },
    "barkbands_spread": {
        "max": 51.9037055969,
        "mean": 10.3337450027,
        "min": 1.49607491493,
        "stdev": 5.77073383331
    },
    "dissonance": {
        "max": 0.500000059605,
        "mean": 0.42781072855,
        "min": 0.21711166203,
        "stdev": 0.042819339782
    },
    "dynamic_complexity": 3.43431663513,
    "erbbands_crest": {
        "max": 29.2136058807,
        "mean": 11.5694589615,
        "min": 3.21688079834,
        "stdev": 4.34313964844
    },
    "erbbands_flatness_db": {
        "max": 0.418625503778,
        "mean": 0.275912821293,
        "min": 0.113636851311,
        "stdev": 0.0437436401844
    },
    "erbbands_kurtosis": {
        "max": 18.9402732849,
        "mean": 1.40535736084,
        "min": -1.72289836407,
        "stdev": 2.5010035038
    },
    "erbbands_skewness": {
        "max": 3.67102575302,
        "mean": 0.604621946812,
        "min": -1.99233067036,
        "stdev": 0.702494382858
    },
    "erbbands_spread": {
        "max": 80.8779754639,
        "mean": 18.2255554199,
        "min": 2.55533313751,
        "stdev": 9.76468658447
    },
    "hfc": {
        "max": 92.1968307495,
        "mean": 14.2846632004,
        "min": 0.189008593559,
        "stdev": 14.3030567169
    },
    "loudness_ebu128": {
        "integrated": -17.9326896667,
        "loudness_range": 5.13175773621,
        "momentary": {
            "max": -12.5610790253,
            "mean": -19.0042190552,
            "min": -27.2667865753,
            "stdev": 3.12265467644
        },
        "short_term": {
            "max": -15.1980819702,
            "mean": -18.3489665985,
            "min": -23.4727916718,
            "stdev": 1.81991279125
        }
    },
    "melbands_crest": {
        "max": 29.4565525055,
        "mean": 12.8035326004,
        "min": 4.43456506729,
        "stdev": 4.55869817734
    },
    "melbands_flatness_db": {
        "max": 0.388450473547,
        "mean": 0.25574606657,
        "min": 0.0891213789582,
        "stdev": 0.0408692806959
    },
    "melbands_kurtosis": {
        "max": 38.6480064392,
        "mean": 3.99895739555,
        "min": -1.64650142193,
        "stdev": 4.4943447113
    },
    "melbands_skewness": {
        "max": 5.17943477631,
        "mean": 1.25716423988,
        "min": -1.33321273327,
        "stdev": 0.879002213478
    },
    "melbands_spread": {
        "max": 57.5337333679,
        "mean": 14.8862838745,
        "min": 2.49308300018,
        "stdev": 7.4438958168
    },
    "pitch_salience": {
        "max": 0.859257757664,
        "mean": 0.598496854305,
        "min": 0.233909532428,
        "stdev": 0.0978819206357
    },
    "silence_rate_20dB": {
        "max": 1,
        "mean": 1,
        "min": 1,
        "stdev": 0
    },
    "silence_rate_30dB": {
        "max": 1,
        "mean": 0.999524056911,
        "min": 0,
        "stdev": 0.0218116492033
    },
    "silence_rate_60dB": {
        "max": 1,
        "mean": 0.0637791529298,
        "min": 0,
        "stdev": 0.244357913733
    },
    "spectral_centroid": {
        "max": 2636.38891602,
        "mean": 871.748535156,
        "min": 272.388946533,
        "stdev": 283.386993408
    },
    "spectral_complexity": {
        "max": 36,
        "mean": 13.5335550308,
        "min": 0,
        "stdev": 5.07398509979
    },
    "spectral_decrease": {
        "max": -7.53153373001e-11,
        "mean": -4.83991113853e-09,
        "min": -2.59349057785e-08,
        "stdev": 4.25474011578e-09
    },
    "spectral_energy": {
        "max": 0.105773583055,
        "mean": 0.0195626150817,
        "min": 0.000301401596516,
        "stdev": 0.0173032060266
    },
    "spectral_energyband_high": {
        "max": 0.00129671371542,
        "mean": 3.70600100723e-05,
        "min": 1.75094010046e-06,
        "stdev": 0.000102192621853
    },
    "spectral_energyband_low": {
        "max": 0.0261025466025,
        "mean": 0.0011747678509,
        "min": 3.10296877615e-06,
        "stdev": 0.00212978199124
    },
    "spectral_energyband_middle_high": {
        "max": 0.064713537693,
        "mean": 0.00619421200827,
        "min": 5.53727441002e-05,
        "stdev": 0.00750157842413
    },
    "spectral_energyband_middle_low": {
        "max": 0.0797386914492,
        "mean": 0.0129911573604,
        "min": 0.000170161350979,
        "stdev": 0.0124004846439
    },
    "spectral_entropy": {
        "max": 8.74452972412,
        "mean": 6.9386715889,
        "min": 6.05319499969,
        "stdev": 0.298502087593
    },
    "spectral_flux": {
        "max": 0.272622227669,
        "mean": 0.0678577721119,
        "min": 0.0116293188184,
        "stdev": 0.0415230244398
    },
    "spectral_kurtosis": {
        "max": 40.7963104248,
        "mean": 11.263710022,
        "min": -0.801167488098,
        "stdev": 6.39828443527
    },
    "spectral_rms": {
        "max": 0.0101584317163,
        "mean": 0.00398345384747,
        "min": 0.000542264082469,
        "stdev": 0.001793759875
    },
    "spectral_rolloff": {
        "max": 6481.49414062,
        "mean": 1089.51269531,
        "min": 215.33203125,
        "stdev": 524.91986084
    },
    "spectral_skewness": {
        "max": 4.50411558151,
        "mean": 2.16491794586,
        "min": 0.203843519092,
        "stdev": 0.606394767761
    },
    "spectral_spread": {
        "max": 29261656,
        "mean": 2303639.25,
        "min": 1265821,
        "stdev": 867025.625
    },
    "spectral_strongpeak": {
        "max": 8.11434364319,
        "mean": 1.42050421238,
        "min": 0,
        "stdev": 1.27676403522
    },
    "zerocrossingrate": {
        "max": 0.13720703125,
        "mean": 0.0387513116002,
        "min": 0.009765625,
        "stdev": 0.0124092381448
    },
    "barkbands": {
        "max": [0.000108406151412, 0.00750580430031, 0.0184935033321, 0.0112877674401, 0.0327811427414, 0.0231771692634, 0.0750657021999, 0.0534801520407, 0.0503201819956, 0.0525830127299, 0.0628744959831, 0.0264892578125, 0.012936736457, 0.0127756698057, 0.011347161606, 0.00410902639851, 0.00370973162353, 0.00160872051492, 0.00329367723316, 0.000517194042914, 0.000474554079119, 0.000554318015929, 0.000515640422236, 0.0003694834013, 3.35941258527e-05, 3.86161275401e-07, 4.0863187678e-07],
        "mean": [8.96969595487e-06, 0.000438517628936, 0.000542955473065, 0.000360866659321, 0.00226397905499, 0.00121718039736, 0.00208648503758, 0.00257946457714, 0.00305852969177, 0.00284299766645, 0.00126830814406, 0.000890414288733, 0.000377550604753, 0.000410975160776, 0.000480553018861, 0.000241450223257, 0.000249101343798, 0.000110315340862, 8.71245138114e-05, 1.81978484761e-05, 1.03083511931e-05, 1.19152482512e-05, 4.19898879045e-06, 1.84968905614e-06, 4.08068984825e-07, 1.09973352647e-09, 1.12157139132e-09],
        "min": [3.2881448675e-08, 8.74830789144e-07, 2.43932163357e-07, 2.42573207743e-07, 2.66878896582e-06, 1.67192411027e-06, 6.48976038065e-06, 2.42166174758e-06, 3.80435358238e-06, 9.26872871787e-06, 4.42894133812e-06, 2.16824196286e-06, 1.42223257171e-06, 3.72667415149e-07, 3.89883234675e-06, 1.80938764061e-06, 1.88037245152e-06, 8.46084333261e-07, 1.11426345484e-06, 6.40911594019e-07, 3.93202981286e-07, 2.51726618217e-07, 1.0886190438e-07, 9.15974212035e-08, 5.42498632683e-08, 1.82590574604e-11, 2.8999760926e-11],
        "stdev": [1.18531415865e-05, 0.000941604026593, 0.00127771950793, 0.000641096325126, 0.00265739229508, 0.00245293718763, 0.00525456294417, 0.00497831916437, 0.00592622486874, 0.00489483401179, 0.00350554543547, 0.00223952531815, 0.000821850553621, 0.00109932140913, 0.00133679935243, 0.000407260522479, 0.000424233061494, 0.000155806046678, 0.000169065198861, 3.1569503335e-05, 3.0239147236e-05, 3.90340901504e-05, 2.14499887079e-05, 1.1851670024e-05, 1.55009286118e-06, 1.20646985735e-08, 1.27624444346e-08]
    },
    "erbbands": {
        "max": [0.148438036442, 2.60518836975, 21.0042724609, 17.8431434631, 69.474105835, 116.285728455, 396.228240967, 175.334365845, 1073.67797852, 1294.16931152, 1302.05505371, 1260.07226562, 2065.21557617, 1103.02612305, 1935.57666016, 864.306884766, 696.498840332, 757.805725098, 684.782836914, 399.596710205, 170.051345825, 143.22567749, 58.8998908997, 197.525314331, 51.73021698, 19.2211265564, 15.5100030899, 22.3996524811, 23.8902664185, 12.0009794235, 17.5603656769, 9.43038368225, 5.44047355652, 0.882937967777, 0.0497011840343, 0.0019779058639, 0.000719245232176, 0.000254856859101, 6.37520497548e-05, 0.000124495389173],
        "mean": [0.00592687167227, 0.126645311713, 0.607562124729, 0.972830116749, 2.73858070374, 8.91209125519, 12.0090904236, 9.44591140747, 21.1745376587, 52.8772926331, 49.8297729492, 65.7515869141, 109.962600708, 51.4223098755, 56.8071060181, 37.3129653931, 19.5423851013, 22.7656364441, 28.5445423126, 15.9686574936, 13.9846248627, 11.5327396393, 6.4419631958, 6.62219190598, 2.40591263771, 0.919710040092, 0.419091969728, 0.468600004911, 0.466141372919, 0.220493793488, 0.104621618986, 0.0513298325241, 0.0247693248093, 0.00840595550835, 0.000967535481323, 4.68866455776e-05, 1.10235887405e-05, 3.08447556563e-06, 1.02702142613e-05, 2.2765410904e-05],
        "min": [3.61860111298e-05, 0.000130914471811, 0.000761439325288, 0.00267901644111, 0.00963580235839, 0.0160459913313, 0.0305677354336, 0.0587566830218, 0.112133324146, 0.286282628775, 0.203413173556, 0.101393811405, 0.133155986667, 0.528488814831, 0.394489884377, 0.183852598071, 0.177056491375, 0.121432252228, 0.184769243002, 0.215605467558, 0.0560085140169, 0.131706148386, 0.0627651512623, 0.0531119592488, 0.0432397909462, 0.0479599349201, 0.0177066717297, 0.0153305586427, 0.00954201165587, 0.00531035428867, 0.00317663745955, 0.00203615403734, 0.00138024950866, 0.00103796774056, 0.00015957809228, 7.23239963918e-06, 8.50921480833e-07, 1.84343960541e-07, 3.69629816532e-07, 7.96336621534e-07],
        "stdev": [0.0127183804289, 0.278673112392, 1.50308418274, 1.53786933422, 4.17539548874, 10.4346866608, 30.9283866882, 17.129617691, 54.1223449707, 107.962997437, 110.107650757, 123.715103149, 207.647033691, 81.2499542236, 141.540542603, 85.2642822266, 38.6308860779, 59.0520973206, 80.4664993286, 29.9260520935, 22.4374141693, 16.6851329803, 8.11116218567, 12.2734565735, 4.1448764801, 1.48552680016, 1.13011848927, 1.38963925838, 1.55447328091, 0.799853742123, 0.620578348637, 0.326426953077, 0.161493569613, 0.0357476063073, 0.00243255426176, 0.000101993864519, 2.43000686169e-05, 8.30946191854e-06, 9.16275348573e-06, 2.02128267119e-05]
    },
    "gfcc": {
        "mean": [-89.9297714233, 169.99130249, -174.452026367, 8.48192501068, -68.0007629395, -9.14006233215, -29.2783679962, -7.622610569, -7.34689855576, -26.5043849945, -1.39586520195, -17.3628196716, 6.63344049454],
        "cov": [[1525.76098633, 10.4132814407, -301.954650879, -221.702682495, 82.4987564087, -33.5436706543, 205.488983154, 53.8354415894, 143.141479492, -85.7887802124, -36.5063362122, 37.4188652039, -160.092483521], [10.4132814407, 348.537963867, 164.274383545, -24.8591880798, 156.478240967, -8.88076496124, 51.8833427429, 21.7019252777, 22.2830734253, -6.59030389786, 18.1387882233, -16.2242240906, -14.8392829895], [-301.954650879, 164.274383545, 477.979431152, 261.645843506, -45.8762741089, 137.489349365, -2.40009903908, -17.332616806, -42.5681877136, 32.5045547485, 5.72716426849, -29.0485210419, 80.8976669312], [-221.702682495, -24.8591880798, 261.645843506, 419.398834229, 35.7249755859, 141.418914795, -98.4597167969, -57.382774353, -10.2238378525, 57.0355949402, -20.2007026672, -34.710899353, 90.2473068237], [82.4987564087, 156.478240967, -45.8762741089, 35.7249755859, 286.353393555, -18.8392124176, -37.385799408, 9.14872074127, 46.284614563, 4.97004365921, -2.00106716156, -4.24765014648, -14.1411743164], [-33.5436706543, -8.88076496124, 137.489349365, 141.418914795, -18.8392124176, 213.280838013, 72.0130157471, 13.5033750534, -25.9727859497, 7.80832147598, 6.58928251266, -20.8819522858, 20.1066150665], [205.488983154, 51.8833427429, -2.40009903908, -98.4597167969, -37.385799408, 72.0130157471, 260.942657471, 127.405830383, -17.5050315857, -42.8569641113, 36.2396011353, 31.7047996521, -42.4938430786], [53.8354415894, 21.7019252777, -17.332616806, -57.382774353, 9.14872074127, 13.5033750534, 127.405830383, 133.723464966, -0.0517615713179, -29.0095424652, 31.2004127502, 15.7093267441, -18.3195285797], [143.141479492, 22.2830734253, -42.5681877136, -10.2238378525, 46.284614563, -25.9727859497, -17.5050315857, -0.0517615713179, 111.185333252, 46.9240264893, -21.7474937439, -5.26789951324, -25.959066391], [-85.7887802124, -6.59030389786, 32.5045547485, 57.0355949402, 4.97004365921, 7.80832147598, -42.8569641113, -29.0095424652, 46.9240264893, 100.203857422, 16.8149700165, -10.7305374146, 6.69311857224], [-36.5063362122, 18.1387882233, 5.72716426849, -20.2007026672, -2.00106716156, 6.58928251266, 36.2396011353, 31.2004127502, -21.7474937439, 16.8149700165, 79.3262939453, 34.4490776062, -0.66531175375], [37.4188652039, -16.2242240906, -29.0485210419, -34.710899353, -4.24765014648, -20.8819522858, 31.7047996521, 15.7093267441, -5.26789951324, -10.7305374146, 34.4490776062, 76.331703186, 26.5980911255], [-160.092483521, -14.8392829895, 80.8976669312, 90.2473068237, -14.1411743164, 20.1066150665, -42.4938430786, -18.3195285797, -25.959066391, 6.69311857224, -0.66531175375, 26.5980911255, 110.177467346]],
        "icov": [[0.00131944729947, 0.000589736388065, 0.000149209750816, -0.000133221561555, -0.000510382582434, 0.000259506428847, -0.00189950142521, 0.00193855760153, -0.00284454948269, 0.00242008268833, -0.000898428435903, 0.000251194287557, 0.000589770206716], [0.000589736388065, 0.0155626395717, -0.0105008501559, 0.00616583414376, -0.0111014982685, 0.00515684252605, -0.00862632598728, 0.0091022439301, -0.00812717154622, 0.00727345468476, -0.00959171913564, 0.010330519639, -0.00347535824403], [0.000149209750816, -0.0105008501559, 0.0111527023837, -0.00638197455555, 0.00803028419614, -0.0036595063284, 0.00388145027682, -0.00483826454729, 0.0045469305478, -0.00390846701339, 0.00484641641378, -0.00481156352907, 0.000731804058887], [-0.000133221561555, 0.00616583414376, -0.00638197455555, 0.00880393292755, -0.00548462476581, -0.00156585290097, -0.000125770631712, 0.00216143252328, -0.00170135998633, -1.60039380717e-05, -0.00161023065448, 0.00357001530938, -0.00326731242239], [-0.000510382582434, -0.0111014982685, 0.00803028419614, -0.00548462476581, 0.012178843841, -0.00350940460339, 0.00718177063391, -0.00744273979217, 0.00359039194882, -0.00358146498911, 0.00536085944623, -0.00695647951216, 0.00287067564204], [0.000259506428847, 0.00515684252605, -0.0036595063284, -0.00156585290097, -0.00350940460339, 0.0112762963399, -0.0086356587708, 0.00594208063558, -0.00281547475606, 0.00318921543658, -0.00543164508417, 0.00771590089425, -0.00256230169907], [-0.00189950142521, -0.00862632598728, 0.00388145027682, -0.000125770631712, 0.00718177063391, -0.0086356587708, 0.0194198042154, -0.0169189777225, 0.00955032929778, -0.0074903559871, 0.00930284429342, -0.0128402393311, 0.00636681355536], [0.00193855760153, 0.0091022439301, -0.00483826454729, 0.00216143252328, -0.00744273979217, 0.00594208063558, -0.0169189777225, 0.0258526373655, -0.0137043269351, 0.013618927449, -0.0158183481544, 0.0131628848612, -0.00577109539881], [-0.00284454948269, -0.00812717154622, 0.0045469305478, -0.00170135998633, 0.00359039194882, -0.00281547475606, 0.00955032929778, -0.0137043269351, 0.0295780077577, -0.0224515721202, 0.0199964176863, -0.0136567596346, 0.00695701409131], [0.00242008268833, 0.00727345468476, -0.00390846701339, -1.60039380717e-05, -0.00358146498911, 0.00318921543658, -0.0074903559871, 0.013618927449, -0.0224515721202, 0.03035463579, -0.0212000925094, 0.0138355549425, -0.00488906772807], [-0.000898428435903, -0.00959171913564, 0.00484641641378, -0.00161023065448, 0.00536085944623, -0.00543164508417, 0.00930284429342, -0.0158183481544, 0.0199964176863, -0.0212000925094, 0.0365734733641, -0.0237906463444, 0.00976370926946], [0.000251194287557, 0.010330519639, -0.00481156352907, 0.00357001530938, -0.00695647951216, 0.00771590089425, -0.0128402393311, 0.0131628848612, -0.0136567596346, 0.0138355549425, -0.0237906463444, 0.0365308970213, -0.0157204102725], [0.000589770206716, -0.00347535824403, 0.000731804058887, -0.00326731242239, 0.00287067564204, -0.00256230169907, 0.00636681355536, -0.00577109539881, 0.00695701409131, -0.00488906772807, 0.00976370926946, -0.0157204102725, 0.0197263658047]]
    },
    "melbands": {
        "max": [0.00143297971226, 0.00782949570566, 0.00479074614123, 0.00869772396982, 0.0115000586957, 0.00392468832433, 0.016857765615, 0.0120573518798, 0.0100105777383, 0.00751872966066, 0.010214144364, 0.00406197505072, 0.00932199135423, 0.00398191250861, 0.0014859494986, 0.00124953954946, 0.00142886256799, 0.00105803727638, 0.00063058588421, 0.000349226786057, 0.000254551880062, 0.000193469633814, 9.05215056264e-05, 7.40273098927e-05, 0.000190036516869, 5.95619203523e-05, 2.45303290285e-05, 1.34399297167e-05, 1.04066457425e-05, 1.11930057756e-05, 1.33296907734e-05, 1.42668850458e-05, 1.21477987705e-05, 6.61011199554e-06, 1.09246493594e-05, 8.22020410851e-06, 4.84507791043e-06, 4.76691275253e-06, 1.7197987745e-06, 3.72181347075e-07],
        "mean": [8.75818586792e-05, 0.000265130162006, 0.000207305332879, 0.000409855099861, 0.00044226506725, 0.000216679647565, 0.000348633911926, 0.00059297576081, 0.000387540785596, 0.00044097827049, 0.000548552430701, 0.000207967110327, 0.000186359378858, 0.000121124314319, 6.18620542809e-05, 3.73301445507e-05, 4.14853238908e-05, 4.4450200221e-05, 2.67880568572e-05, 1.98366051336e-05, 1.62489595823e-05, 1.3709549421e-05, 6.74028478898e-06, 5.58904775971e-06, 5.57214298169e-06, 2.20877632273e-06, 9.3045474614e-07, 5.32743513304e-07, 2.40636779836e-07, 2.53513690041e-07, 2.78329679304e-07, 2.88026598128e-07, 1.83744674587e-07, 1.01480765125e-07, 6.31179233324e-08, 4.05661033653e-08, 2.74532307998e-08, 1.90051547833e-08, 1.13131477519e-08, 5.54093082528e-09],
        "min": [3.90501554648e-07, 1.79458879757e-07, 4.98606766541e-07, 5.40897246992e-07, 8.56197971189e-07, 1.09280256311e-06, 1.22775361433e-06, 2.63777974396e-06, 1.94144263332e-06, 5.49590481569e-07, 6.68275333737e-07, 1.05835022168e-06, 1.45048977629e-06, 5.3986786952e-07, 1.60908470548e-07, 1.57682507052e-07, 4.13498000285e-08, 1.17316837134e-07, 2.6765079042e-07, 1.93084048306e-07, 3.69897925623e-08, 1.18678777028e-07, 9.76031628852e-08, 4.36409202109e-08, 3.44522170792e-08, 2.79996896779e-08, 2.20623785907e-08, 1.59261261956e-08, 8.48378789442e-09, 8.62320703732e-09, 8.11358358277e-09, 5.49032952435e-09, 3.39724026688e-09, 2.16194195879e-09, 1.63381064233e-09, 8.89754936395e-10, 9.73741087762e-10, 8.10672862173e-10, 7.37155447794e-10, 7.24575455191e-10],
        "stdev": [0.000180360410013, 0.00059398484882, 0.000286404218059, 0.000498284818605, 0.000893698132131, 0.00039270913112, 0.000891054514796, 0.00111129751895, 0.000853530946188, 0.000831424957141, 0.00103544560261, 0.000339725491358, 0.000502427923493, 0.000287266972009, 0.000134556103148, 8.34307211335e-05, 0.000118368523545, 0.000123781705042, 6.60695732222e-05, 3.4157110349e-05, 2.84576290142e-05, 2.20941565203e-05, 1.01853120213e-05, 7.78945104685e-06, 1.09858528958e-05, 4.03965896112e-06, 1.64457628671e-06, 9.55738642006e-07, 6.73819897656e-07, 7.68940026319e-07, 8.50593664836e-07, 9.80571144282e-07, 6.3624906943e-07, 3.98681549996e-07, 3.82535688459e-07, 2.75406421224e-07, 1.72030695467e-07, 1.33341174546e-07, 6.23066327421e-08, 1.89202626899e-08]
    },
    "melbands128": {
        "max": [9.8269789305e-05, 0.000916414137464, 0.00255652656779, 0.00513627566397, 0.0119998827577, 0.0072113731876, 0.00368421780877, 0.00700492225587, 0.00746824778616, 0.0157504081726, 0.00558342318982, 0.0107341036201, 0.0199226513505, 0.00548637937754, 0.00638038385659, 0.00900744833052, 0.00958977453411, 0.0315530411899, 0.0264454744756, 0.025330984965, 0.0172396097332, 0.0200425460935, 0.0166970454156, 0.0128359943628, 0.0148930922151, 0.0164775326848, 0.0181914288551, 0.0200872663409, 0.00822395179421, 0.0060561792925, 0.00659660669044, 0.0197630282491, 0.0175990983844, 0.0115209566429, 0.00701164314523, 0.00598536431789, 0.00357102137059, 0.0027373789344, 0.00205894373357, 0.00370632857084, 0.00134141230956, 0.00239835772663, 0.00335750635713, 0.00221085525118, 0.00122627010569, 0.0019260472618, 0.00302856229246, 0.00105166737922, 0.00128891528584, 0.000632251496427, 0.000648987130262, 0.000600988976657, 0.000411636196077, 0.000635169388261, 0.000452222273452, 0.00031190100708, 0.00020610410138, 0.000167957317899, 9.37367512961e-05, 8.06806638138e-05, 8.41954752104e-05, 0.000128757747007, 0.000222101865802, 0.000263424270088, 0.000158474373166, 6.01106548856e-05, 5.69639778405e-05, 2.89496529149e-05, 3.94601775042e-05, 2.47505849984e-05, 2.1458046831e-05, 1.95396587515e-05, 1.72950167325e-05, 9.69984466792e-06, 1.54303143063e-05, 1.29106128952e-05, 1.48739663928e-05, 1.93959549506e-05, 1.23995669128e-05, 2.80870735878e-05, 1.93365394807e-05, 1.90869595826e-05, 2.21275822696e-05, 1.03087832031e-05, 7.6680444181e-06, 9.81284301815e-06, 6.24580343356e-06, 6.0926754486e-06, 1.60454728757e-05, 1.21749599202e-05, 9.00268150872e-06, 6.88947693561e-06, 7.4168970059e-06, 4.17716910306e-06, 4.21415415985e-06, 8.4419216364e-06, 3.23998779095e-06, 2.99423004435e-06, 1.8988479269e-06, 1.09317613806e-06, 5.96605218561e-07, 3.75663233854e-07, 1.54971999677e-07, 6.50503864108e-08, 7.09708558588e-09, 3.1001008427e-09, 3.05579561655e-09, 2.78373479823e-09, 2.6658195651e-09, 2.55403476146e-09, 2.44954367901e-09, 2.35127117776e-09, 2.26111485091e-09, 2.18623719128e-09, 2.11005191098e-09, 2.03564765044e-09, 1.96894700544e-09, 1.91062055066e-09, 1.86066884122e-09, 1.80929227156e-09, 1.76871084445e-09, 1.72927383524e-09, 1.69385583337e-09, 1.66119829004e-09, 1.63580293755e-09, 1.61868218829e-09, 1.60389823645e-09, 1.59518021015e-09],
        "mean": [6.47535489406e-06, 2.63500696747e-05, 0.000100626086351, 0.000241275600274, 0.000328958733007, 0.000240514753386, 0.000189307917026, 0.000176741785253, 0.000249659118708, 0.000395469745854, 0.000525017094333, 0.000578950159252, 0.000455615023384, 0.000235562183661, 0.000187330020708, 0.00021156699222, 0.000261818175204, 0.000370026740711, 0.000422852026531, 0.000708948820829, 0.000614917080384, 0.000439843366621, 0.000350631395122, 0.000329251313815, 0.000402699137339, 0.000430213607615, 0.0006662873202, 0.000653915281873, 0.000372682639863, 0.000256876606727, 0.000122762561659, 0.000141265147249, 0.000223353985348, 0.00021188017854, 0.000107329513412, 0.000112373651064, 0.000108403539343, 4.7837744205e-05, 4.84949196107e-05, 3.79872799385e-05, 2.84002708213e-05, 4.50623010693e-05, 5.00431706314e-05, 3.69916233467e-05, 2.3354021323e-05, 5.40240762348e-05, 6.36743789073e-05, 1.7961838239e-05, 1.63906788657e-05, 2.12676241063e-05, 2.2776386686e-05, 1.58855218615e-05, 1.1855282537e-05, 1.90456121345e-05, 2.11945534829e-05, 1.19154819913e-05, 8.36330764287e-06, 9.44832936511e-06, 4.53122720501e-06, 4.63642254545e-06, 6.29447822575e-06, 5.32197054781e-06, 6.90506885803e-06, 5.81276253797e-06, 3.25093424181e-06, 2.06045456252e-06, 1.59728188009e-06, 1.25667042994e-06, 7.02360921423e-07, 5.32813714926e-07, 7.40703171687e-07, 3.9024604348e-07, 2.59816061998e-07, 2.01167750902e-07, 2.30384472388e-07, 2.47032431844e-07, 2.68636654255e-07, 2.74634544439e-07, 2.49650497608e-07, 3.2577759157e-07, 2.98143419286e-07, 2.78638424334e-07, 2.52240965892e-07, 1.80947452577e-07, 1.2192204224e-07, 1.0671534767e-07, 1.01077716863e-07, 7.05349947339e-08, 6.6306100166e-08, 5.23454737333e-08, 4.5395108117e-08, 3.70187471788e-08, 3.31289626843e-08, 2.65492445806e-08, 2.53968170938e-08, 2.19424460823e-08, 1.76893415471e-08, 1.43507667971e-08, 1.21244951856e-08, 9.51573486674e-09, 7.4107662229e-09, 5.09002662241e-09, 2.947884159e-09, 1.79727610572e-09, 2.96340813e-10, 5.62632683498e-11, 6.20129572693e-11, 1.23497739812e-11, 7.21366672993e-12, 6.92077992137e-12, 6.65730404831e-12, 6.41037353408e-12, 6.17435052738e-12, 5.95804135195e-12, 5.75807413902e-12, 5.57546760496e-12, 5.40818648545e-12, 5.24937298491e-12, 5.11652916216e-12, 4.98114743896e-12, 4.85931694189e-12, 4.75917439138e-12, 4.67531959328e-12, 4.58486026922e-12, 4.47376857782e-12, 4.34745382055e-12, 4.26758671804e-12, 4.23861510127e-12],
        "min": [2.07799596974e-10, 4.26380850627e-08, 1.71161701701e-07, 1.1096980046e-07, 7.12313905638e-08, 1.05543506379e-07, 1.4249458502e-07, 1.16596027055e-07, 5.08223081397e-07, 3.96423132543e-07, 3.9822339204e-08, 1.1959184576e-07, 7.40441450375e-08, 1.46865318129e-07, 1.6722555074e-07, 1.35723723815e-07, 2.28981875239e-07, 1.3216840955e-07, 9.24415473946e-07, 1.1166943068e-06, 2.08202266094e-07, 1.45274668739e-07, 1.55394005219e-07, 2.2707700964e-07, 2.66183775466e-07, 1.53220483412e-07, 1.62033842344e-07, 1.33050264139e-07, 3.13648968131e-07, 3.80764113572e-08, 9.71725242493e-08, 6.50898499543e-08, 5.19151228673e-07, 2.75706668162e-07, 7.28025852936e-08, 3.9075480629e-08, 2.22810143669e-08, 3.15257011607e-08, 4.48784511775e-08, 4.95157443936e-08, 1.96918694684e-08, 1.90881817019e-08, 5.16980520615e-08, 3.40376615782e-08, 2.2077488282e-08, 6.7984188945e-08, 6.68351134436e-08, 2.59283154946e-08, 6.38060058122e-08, 1.03250087591e-07, 8.81863471136e-08, 3.57525173911e-08, 4.68995686731e-08, 2.00287644248e-08, 7.11029723988e-09, 2.63130495171e-08, 1.43648630768e-08, 5.75134677661e-08, 2.48845424267e-08, 2.88791000003e-08, 5.27032959496e-08, 1.38278428707e-08, 1.39681564093e-08, 2.72406648349e-08, 3.4746317823e-08, 1.15455396354e-08, 1.30790303032e-08, 1.38809728156e-08, 8.06068101156e-09, 6.67377086927e-09, 1.40812446148e-08, 5.31130650572e-09, 2.71019184872e-09, 3.22374105188e-09, 4.94554441843e-09, 7.3187189642e-09, 7.05101044218e-09, 3.06134939621e-09, 4.52088633196e-09, 3.63087404587e-09, 2.38497732674e-09, 1.343380851e-09, 9.16440257015e-10, 1.90751303641e-09, 8.27711510443e-10, 1.15872700324e-09, 1.88231896736e-09, 1.03591579759e-09, 1.04881747731e-09, 8.03376587477e-10, 7.47916506505e-10, 4.86712170567e-10, 6.5979038899e-10, 6.74571454251e-10, 5.63070645665e-10, 3.39350991752e-10, 5.48830703107e-10, 4.23371004921e-10, 4.27808038994e-10, 5.65491153903e-10, 3.89680454571e-10, 5.25394838746e-10, 2.97537328109e-10, 1.37992214877e-10, 6.2809488513e-12, 1.75206474762e-13, 1.04942760753e-13, 8.12640902378e-14, 9.01391998152e-14, 8.34335584562e-14, 7.38628315412e-14, 7.89403739316e-14, 8.87167739987e-14, 8.21718927168e-14, 7.12761894319e-14, 7.41711312052e-14, 7.91956222281e-14, 8.92991125381e-14, 8.69327532052e-14, 9.41672548315e-14, 1.02129459403e-13, 9.4479423742e-14, 1.01765255565e-13, 9.1401854889e-14, 6.92532308084e-14, 2.74368252591e-14, 3.9846386485e-15, 1.49233838068e-16],
        "stdev": [9.73174974206e-06, 6.23876403552e-05, 0.000261467997916, 0.00057052372722, 0.000897291407455, 0.00051144574536, 0.000350499816705, 0.000332959578373, 0.000453761866083, 0.000747838581447, 0.000682275160216, 0.000930347363465, 0.00156341423281, 0.000562961562537, 0.0004156222858, 0.000660610035993, 0.000740916468203, 0.00137465132866, 0.00156360783149, 0.0018106122734, 0.00125079520512, 0.00139939785004, 0.00112533185165, 0.00102600920945, 0.00113424821757, 0.00109118118417, 0.00177234783769, 0.00159378314856, 0.00083256571088, 0.000506052398123, 0.000332731287926, 0.000630056310911, 0.000751666899305, 0.000688129919581, 0.000422414508648, 0.000376366893761, 0.000337545730872, 0.000167125021107, 0.000116709110443, 0.000154228546307, 9.16884819162e-05, 0.000160891766427, 0.0002120120771, 0.00014285587531, 8.7925036496e-05, 0.000188428966794, 0.000254625512753, 6.80699376971e-05, 6.12262956565e-05, 5.11196922162e-05, 5.2912200772e-05, 3.68732180505e-05, 2.92183995043e-05, 4.97942564834e-05, 5.23714224983e-05, 2.53394173342e-05, 1.64426855918e-05, 1.82541334652e-05, 8.66656500875e-06, 7.37486334401e-06, 9.16819681152e-06, 1.05892322608e-05, 1.58300499606e-05, 1.31727883854e-05, 6.92314233675e-06, 4.4720486585e-06, 3.47871105078e-06, 2.48100150202e-06, 1.66652944245e-06, 1.16102557968e-06, 1.33471883146e-06, 9.61997784543e-07, 8.06092600669e-07, 6.62605486923e-07, 8.23395680527e-07, 8.20118088996e-07, 7.86259192864e-07, 1.080526431e-06, 7.52228800138e-07, 1.30479054405e-06, 1.09976235763e-06, 1.07624805423e-06, 9.57825250225e-07, 6.1500099946e-07, 4.4330909077e-07, 4.73407084201e-07, 4.10251885796e-07, 3.285946093e-07, 4.77531898468e-07, 3.97218457238e-07, 3.10332410436e-07, 2.38988405954e-07, 2.46102416668e-07, 1.63253716323e-07, 1.37724740057e-07, 2.07725378232e-07, 1.11234960798e-07, 9.13855515705e-08, 7.29680706968e-08, 4.83588742384e-08, 2.73090066116e-08, 1.61386690678e-08, 7.20663750897e-09, 3.44007200503e-09, 4.15947942756e-10, 1.74140618592e-10, 1.92876672966e-10, 8.8179324953e-11, 8.32211799473e-11, 7.97173715927e-11, 7.64844854118e-11, 7.34232535882e-11, 7.06269556727e-11, 6.82539788577e-11, 6.58843049561e-11, 6.35807864691e-11, 6.14948023059e-11, 5.96663204955e-11, 5.81147803491e-11, 5.65017720111e-11, 5.52159810929e-11, 5.40022852824e-11, 5.29149640771e-11, 5.18950125927e-11, 5.10928660491e-11, 5.05668076856e-11, 5.01073696424e-11, 4.98356980683e-11]
    },
    "mfcc": {
        "mean": [-710.137084961, 186.206939697, -40.9788360596, 8.4050321579, -15.1750173569, -10.9224414825, -12.8612785339, 4.54933738708, -2.78063321114, -6.03742647171, -3.93147802353, -10.2473831177, -5.16790533066],
        "cov": [[1614.65234375, 17.9999732971, -406.268066406, -137.666778564, -139.328018188, -16.3588542938, -66.0678329468, 213.338088989, 18.5212516785, 27.7227096558, 163.384857178, -21.1900539398, -24.2759170532], [17.9999732971, 513.796386719, -117.76423645, -21.7451057434, 38.2281837463, -74.6082305908, 40.331199646, 68.5121536255, 7.23002052307, -8.18858909607, 68.2852096558, 24.8426303864, 39.1705513], [-406.268066406, -117.76423645, 642.011779785, 115.561424255, -4.17991876602, 151.662826538, 102.695449829, -54.4093551636, 42.3823165894, 41.59349823, -130.695037842, 24.5081310272, 31.9668750763], [-137.666778564, -21.7451057434, 115.561424255, 207.929641724, 150.493026733, 64.9830245972, -13.9430894852, -54.988079071, 29.4822635651, 13.148062706, -32.1260223389, -3.49579334259, -7.02782726288], [-139.328018188, 38.2281837463, -4.17991876602, 150.493026733, 308.316650391, 100.560554504, -64.4443817139, -90.5823135376, 14.0316572189, 23.4263114929, -25.5761871338, -19.1034946442, -28.884557724], [-16.3588542938, -74.6082305908, 151.662826538, 64.9830245972, 100.560554504, 200.053543091, 6.21471118927, -51.4375038147, 29.1158885956, 35.4163856506, -6.54381847382, -9.59085273743, -14.7821083069], [-66.0678329468, 40.331199646, 102.695449829, -13.9430894852, -64.4443817139, 6.21471118927, 227.051605225, 121.803199768, 4.6912021637, 17.937707901, -27.6022357941, 45.6200714111, 37.1999664307], [213.338088989, 68.5121536255, -54.4093551636, -54.988079071, -90.5823135376, -51.4375038147, 121.803199768, 199.790481567, 24.1888084412, 2.36095738411, 28.2297458649, 18.642168045, 24.5226593018], [18.5212516785, 7.23002052307, 42.3823165894, 29.4822635651, 14.0316572189, 29.1158885956, 4.6912021637, 24.1888084412, 88.2151870728, 31.6195831299, -4.3849606514, -7.81484365463, -5.06946897507], [27.7227096558, -8.18858909607, 41.59349823, 13.148062706, 23.4263114929, 35.4163856506, 17.937707901, 2.36095738411, 31.6195831299, 87.1819839478, 26.4301548004, 1.36396467686, 0.629440367222], [163.384857178, 68.2852096558, -130.695037842, -32.1260223389, -25.5761871338, -6.54381847382, -27.6022357941, 28.2297458649, -4.3849606514, 26.4301548004, 153.973403931, 20.3804759979, -2.11020851135], [-21.1900539398, 24.8426303864, 24.5081310272, -3.49579334259, -19.1034946442, -9.59085273743, 45.6200714111, 18.642168045, -7.81484365463, 1.36396467686, 20.3804759979, 77.2282180786, 32.7219696045], [-24.2759170532, 39.1705513, 31.9668750763, -7.02782726288, -28.884557724, -14.7821083069, 37.1999664307, 24.5226593018, -5.06946897507, 0.629440367222, -2.11020851135, 32.7219696045, 73.0174942017]],
        "icov": [[0.00117440754548, -7.96681415522e-05, 0.000824142189231, -0.000373703398509, 0.0009965429781, -0.00142509746365, 0.00157549127471, -0.00211014202796, 0.000672152149491, -0.00104844931047, 0.000447851023637, -0.000448705337476, 0.000317878555506], [-7.96681415522e-05, 0.00284297764301, -0.000356023811037, 0.00103100691922, -0.00206848653033, 0.00190802873112, -0.00133914873004, 0.000262505083811, -0.00137788278516, 0.00153625779785, -0.00224727299064, 0.000811059959233, -0.00167173345108], [0.000824142189231, -0.000356023811037, 0.00418107630685, -0.00242627225816, 0.00320611777715, -0.00379464053549, 0.000543927133549, -0.000468580052257, 0.000420220516389, -0.00254360260442, 0.00355087849312, -0.0017044354463, -0.00030111594242], [-0.000373703398509, 0.00103100691922, -0.00242627225816, 0.0100105488673, -0.00614266982302, 0.0024802503176, -0.0018432692159, 0.00188779411837, -0.00355925434269, 0.0028270650655, -0.00233362312429, 0.000834704202134, -0.000987353851087], [0.0009965429781, -0.00206848653033, 0.00320611777715, -0.00614266982302, 0.00995498523116, -0.00599501514807, 0.00350829656236, -0.00136710517108, 0.00283260154538, -0.00448777107522, 0.00475063966587, -0.00220170430839, 0.00220156833529], [-0.00142509746365, 0.00190802873112, -0.00379464053549, 0.0024802503176, -0.00599501514807, 0.0121133709326, -0.00480184098706, 0.004797719419, -0.0039003866259, 0.00257457816042, -0.00524174142629, 0.00319001986645, -0.000555559352506], [0.00157549127471, -0.00133914873004, 0.000543927133549, -0.0018432692159, 0.00350829656236, -0.00480184098706, 0.0134210577235, -0.010328671895, 0.00507754879072, -0.00552537385374, 0.00556106120348, -0.00586228771135, 0.00106161821168], [-0.00211014202796, 0.000262505083811, -0.000468580052257, 0.00188779411837, -0.00136710517108, 0.004797719419, -0.010328671895, 0.0157641321421, -0.00672539090738, 0.00438610138372, -0.00406616926193, 0.00336659536697, -0.00218822970055], [0.000672152149491, -0.00137788278516, 0.000420220516389, -0.00355925434269, 0.00283260154538, -0.0039003866259, 0.00507754879072, -0.00672539090738, 0.0176963210106, -0.00765697378665, 0.00392653653398, -0.000887874746695, 0.00224486342631], [-0.00104844931047, 0.00153625779785, -0.00254360260442, 0.0028270650655, -0.00448777107522, 0.00257457816042, -0.00552537385374, 0.00438610138372, -0.00765697378665, 0.0189287532121, -0.00750566693023, 0.0033310346771, -0.00210362719372], [0.000447851023637, -0.00224727299064, 0.00355087849312, -0.00233362312429, 0.00475063966587, -0.00524174142629, 0.00556106120348, -0.00406616926193, 0.00392653653398, -0.00750566693023, 0.0141416396946, -0.00645464798436, 0.00256440835074], [-0.000448705337476, 0.000811059959233, -0.0017044354463, 0.000834704202134, -0.00220170430839, 0.00319001986645, -0.00586228771135, 0.00336659536697, -0.000887874746695, 0.0033310346771, -0.00645464798436, 0.020396348089, -0.00754420366138], [0.000317878555506, -0.00167173345108, -0.00030111594242, -0.000987353851087, 0.00220156833529, -0.000555559352506, 0.00106161821168, -0.00218822970055, 0.00224486342631, -0.00210362719372, 0.00256440835074, -0.00754420366138, 0.0193160735071]]
    },
    "spectral_contrast_coeffs": {
        "max": [-0.352172493935, -0.39964568615, -0.449379354715, -0.607655107975, -0.593455314636, -0.615374326706],
        "mean": [-0.643491625786, -0.715125322342, -0.690500378609, -0.773260772228, -0.76282030344, -0.757939577103],
        "min": [-0.895919620991, -0.888515949249, -0.913260400295, -0.891414344311, -0.886944115162, -0.947498977184],
        "stdev": [0.0792761594057, 0.0765425041318, 0.06989710778, 0.0511963553727, 0.0535953678191, 0.0334941148758]
    },
    "spectral_contrast_valleys": {
        "max": [-5.64649581909, -5.07659387589, -5.22154712677, -6.08108711243, -6.72706460953, -9.1756105423],
        "mean": [-7.58034896851, -6.68715858459, -7.44665336609, -7.91595077515, -8.52565193176, -11.9977312088],
        "min": [-9.9780664444, -8.30803108215, -9.19357204437, -9.73118400574, -9.84613800049, -12.7908344269],
        "stdev": [0.727637290955, 0.55897372961, 0.702755153179, 0.530669689178, 0.43546167016, 0.419488340616]
    }
},
"rhythm": {
    "beats_count": 78,
    "beats_loudness": {
        "max": 0.0942248255014,
        "mean": 0.0255215317011,
        "min": 0.0031355987303,
        "stdev": 0.0192307736725
    },
    "bpm": 96.6739883423,
    "bpm_histogram_first_peak_bpm": 98,
    "bpm_histogram_first_peak_weight": 0.486111104488,
    "bpm_histogram_second_peak_bpm": 92,
    "bpm_histogram_second_peak_spread": 0,
    "bpm_histogram_second_peak_weight": 0.0649350658059,
    "danceability": 0.993332803249,
    "onset_rate": 2.9326171875,
    "beats_loudness_band_ratio": {
        "max": [0.686314642429, 0.74127304554, 0.82640349865, 0.776581823826, 0.348200410604, 0.0491882003844],
        "mean": [0.118582651019, 0.200056523085, 0.408286988735, 0.271671503782, 0.053504075855, 0.00633563520387],
        "min": [0.00110266194679, 0.00457430584356, 0.027110952884, 0.029177846387, 0.00581986922771, 0.000710771884769],
        "stdev": [0.145772352815, 0.173396334052, 0.225014939904, 0.157999455929, 0.0626982748508, 0.00836328323931]
    },
