{
"metadata": {
    "version": {
        "essentia": "2.1-beta5",
        "essentia_git_sha": "Undefined",
        "extractor": "music 2.0"
    },
    "audio_properties": {
        "analysis": {
            "equal_loudness": 0,
            "length": 48.7502937317,
            "sample_rate": 44100,
            "start_time": 93.9943771362,
            "downmix": "mix"
        },
        "bit_rate": 192000,
        "length": 174.045181274,
        "lossless": 0,
        "number_channels": 2,
        "replay_gain": -7.12161445618,
        "sample_rate": 48000,
        "codec": "mp3",
        "md5_encoded": "6df034531e61795cd82e7df1f75b1424"
    },
    "tags": {
        "file_name": "Belgium_Waarom_Jacques Raymond.mp3",
        "encoding": ["Lavf58.29.100"]
    }
},
"lowlevel": {
    "average_loudness": 0.741064846516,
    "barkbands_crest": {
        "max": 23.4168338776,
        "mean": 9.73098945618,
        "min": 3.28762102127,
        "stdev": 3.25786614418
    },
    "barkbands_flatness_db": {
        "max": 0.321704566479,
        "mean": 0.2233594805,
        "min": 0.0766575485468,
        "stdev": 0.0344946943223
    },
    "barkbands_kurtosis": {
        "max": 18.3170032501,
        "mean": 2.24042963982,
        "min": -1.80951833725,
        "stdev": 2.5625910759
    },
    "barkbands_skewness": {
        "max": 4.04143810272,
        "mean": 0.878009319305,
        "min": -1.71483838558,
        "stdev": 0.664167106152
    },
    "barkbands_spread": {
        "max": 64.8545532227,
        "mean": 10.2841234207,
        "min": 2.4249651432,
        "stdev": 6.57454299927
    },
    "dissonance": {
        "max": 0.498609423637,
        "mean": 0.430286675692,
        "min": 0.162821933627,
        "stdev": 0.04063295573
    },
    "dynamic_complexity": 3.29636049271,
    "erbbands_crest": {
        "max": 24.9789505005,
        "mean": 10.5752592087,
        "min": 3.42810988426,
        "stdev": 3.66837096214
    },
    "erbbands_flatness_db": {
        "max": 0.393973708153,
        "mean": 0.277894973755,
        "min": 0.143230363727,
        "stdev": 0.0407033972442
    },
    "erbbands_kurtosis": {
        "max": 20.0995616913,
        "mean": 1.67906582355,
        "min": -1.63570427895,
        "stdev": 2.44192433357
    },
    "erbbands_skewness": {
        "max": 3.34877371788,
        "mean": 0.659779787064,
        "min": -1.88276684284,
        "stdev": 0.680059790611
    },
    "erbbands_spread": {
        "max": 75.3070373535,
        "mean": 17.461315155,
        "min": 3.1800994873,
        "stdev": 10.1424598694
    },
    "hfc": {
        "max": 86.9833679199,
        "mean": 14.6838006973,
        "min": 0.521174013615,
        "stdev": 14.2025003433
    },
    "loudness_ebu128": {
        "integrated": -18.0341396332,
        "loudness_range": 5.21398162842,
        "momentary": {
            "max": -12.5233879089,
            "mean": -19.0148563385,
            "min": -26.0733852386,
            "stdev": 2.95607376099
        },
        "short_term": {
            "max": -15.3300237656,
            "mean": -18.5634155273,
            "min": -22.5950145721,
            "stdev": 1.75656783581
        }
    },
    "melbands_crest": {
        "max": 27.6494922638,
        "mean": 11.6394863129,
        "min": 4.56956100464,
        "stdev": 3.90459537506
    },
    "melbands_flatness_db": {
        "max": 0.374648928642,
        "mean": 0.252677708864,
        "min": 0.0610992200673,
        "stdev": 0.0404749289155
    },
    "melbands_kurtosis": {
        "max": 30.2245903015,
        "mean": 3.33456540108,
        "min": -1.60407578945,
        "stdev": 3.53524661064
    },
    "melbands_skewness": {
        "max": 4.92285776138,
        "mean": 1.06055402756,
        "min": -1.22720003128,
        "stdev": 0.82675164938
    },
    "melbands_spread": {
        "max": 89.1876068115,
        "mean": 15.292470932,
        "min": 3.53855776787,
        "stdev": 8.63563632965
    },
    "pitch_salience": {
        "max": 0.875873982906,
        "mean": 0.606852173805,
        "min": 0.231584832072,
        "stdev": 0.0975584238768
    },
    "silence_rate_20dB": {
        "max": 1,
        "mean": 1,
        "min": 1,
        "stdev": 0
    },
    "silence_rate_30dB": {
        "max": 1,
        "mean": 0.999524056911,
        "min": 0,
        "stdev": 0.0218114368618
    },
    "silence_rate_60dB": {
        "max": 1,
        "mean": 0.0504521653056,
        "min": 0,
        "stdev": 0.218879327178
    },
    "spectral_centroid": {
        "max": 2922.2421875,
        "mean": 915.005126953,
        "min": 334.781219482,
        "stdev": 311.580047607
    },
    "spectral_complexity": {
        "max": 33,
        "mean": 14.3212757111,
        "min": 0,
        "stdev": 4.70925188065
    },
    "spectral_decrease": {
        "max": -9.76458428004e-11,
        "mean": -4.78545558735e-09,
        "min": -2.76895875118e-08,
        "stdev": 4.04988842462e-09
    },
    "spectral_energy": {
        "max": 0.112396456301,
        "mean": 0.0193932428956,
        "min": 0.000415810674895,
        "stdev": 0.0165200792253
    },
    "spectral_energyband_high": {
        "max": 0.00512770749629,
        "mean": 4.9116279115e-05,
        "min": 1.11860424568e-06,
        "stdev": 0.000216258267756
    },
    "spectral_energyband_low": {
        "max": 0.0181389730424,
        "mean": 0.00106759625487,
        "min": 1.1553713648e-06,
        "stdev": 0.00180201872718
    },
    "spectral_energyband_middle_high": {
        "max": 0.0590270720422,
        "mean": 0.0064072906971,
        "min": 9.363686695e-05,
        "stdev": 0.0079352799803
    },
    "spectral_energyband_middle_low": {
        "max": 0.0705758631229,
        "mean": 0.0124115189537,
        "min": 0.000184358243132,
        "stdev": 0.0107155283913
    },
    "spectral_entropy": {
        "max": 8.30149269104,
        "mean": 6.94740104675,
        "min": 6.12741756439,
        "stdev": 0.297287523746
    },
    "spectral_flux": {
        "max": 0.260116815567,
        "mean": 0.0692035779357,
        "min": 0.0138049563393,
        "stdev": 0.040230974555
    },
    "spectral_kurtosis": {
        "max": 42.1331977844,
        "mean": 11.1712675095,
        "min": -0.910362482071,
        "stdev": 7.06063318253
    },
    "spectral_rms": {
        "max": 0.0104716317728,
        "mean": 0.00399553449824,
        "min": 0.000636921438854,
        "stdev": 0.00171930284705
    },
    "spectral_rolloff": {
        "max": 7536.62109375,
        "mean": 1116.23486328,
        "min": 236.865234375,
        "stdev": 602.933654785
    },
    "spectral_skewness": {
        "max": 4.81252193451,
        "mean": 2.15093994141,
        "min": 0.162472531199,
        "stdev": 0.706298053265
    },
    "spectral_spread": {
        "max": 15318980,
        "mean": 2299775.75,
        "min": 1201424.375,
        "stdev": 783530.125
    },
    "spectral_strongpeak": {
        "max": 7.5079293251,
        "mean": 1.42629110813,
        "min": 0.0149922156706,
        "stdev": 1.17695868015
    },
    "zerocrossingrate": {
        "max": 0.19482421875,
        "mean": 0.0405896268785,
        "min": 0.009765625,
        "stdev": 0.0147397341207
    },
    "barkbands": {
        "max": [0.000325331347995, 0.00671566650271, 0.0121362060308, 0.00855076685548, 0.0429473780096, 0.0246696732938, 0.0544244535267, 0.0492876619101, 0.0440738871694, 0.0396043173969, 0.0553992055357, 0.0284856334329, 0.0269014332443, 0.0125240851194, 0.0177812147886, 0.00967102032155, 0.00349316815846, 0.00219990871847, 0.00284181511961, 0.000502145325299, 0.000716843875125, 0.000941842561588, 0.00224355980754, 0.00121374148875, 9.79142714641e-05, 2.57309102381e-06, 2.72130114354e-06],
        "mean": [8.54322297528e-06, 0.000329756701831, 0.000474192376714, 0.000470154656796, 0.00176196242683, 0.00163933821023, 0.0016126484843, 0.00218205805868, 0.00410040328279, 0.00217719422653, 0.00143585912883, 0.00112293381244, 0.00056178518571, 0.000355382886482, 0.000378177675884, 0.000258855085121, 0.000183458731044, 0.000181760187843, 9.3253373052e-05, 2.41297457251e-05, 1.36473672683e-05, 1.32578570629e-05, 9.57621432462e-06, 4.40111580247e-06, 5.55428073312e-07, 1.97623406528e-09, 2.04649919233e-09],
        "min": [8.60112248091e-09, 1.20445889706e-07, 1.53339570375e-07, 4.348131597e-07, 8.31733541418e-06, 6.47787646813e-06, 3.55685142495e-06, 3.34105880029e-06, 1.20797503769e-05, 6.45050977255e-06, 2.38096004068e-06, 2.58188811131e-06, 2.33956143347e-06, 1.17121794574e-06, 2.44092831281e-07, 4.63994012989e-07, 3.902147796e-07, 3.72397494175e-07, 3.85552027637e-07, 3.35104431315e-07, 3.07924352683e-07, 1.78106262183e-07, 8.21169479082e-08, 5.87651882711e-08, 3.7110030604e-08, 2.05975739936e-11, 3.02034369737e-11],
        "stdev": [1.39407111419e-05, 0.000781332084443, 0.00107969820965, 0.000718995637726, 0.00301680271514, 0.00269876606762, 0.00378623022698, 0.00408881623298, 0.00616658339277, 0.00429079355672, 0.00279641570523, 0.00243819272146, 0.00154292397201, 0.00101691891905, 0.00121184601448, 0.000662937527522, 0.000332139024977, 0.000270377960987, 0.000211200036574, 3.51607341145e-05, 3.91945031879e-05, 5.41851295566e-05, 8.66131085786e-05, 3.99163072871e-05, 3.51673247678e-06, 5.61934250243e-08, 5.94318549929e-08]
    },
    "erbbands": {
        "max": [0.165493696928, 1.94169461727, 14.09907341, 19.7483386993, 115.146766663, 253.483673096, 278.223175049, 308.982696533, 563.204040527, 1073.05224609, 807.910400391, 1413.37268066, 1030.93212891, 1126.09008789, 1687.12207031, 786.272094727, 1054.67602539, 704.971984863, 1008.27770996, 658.840148926, 350.351196289, 178.385696411, 109.590606689, 210.111114502, 45.4877052307, 21.0517520905, 30.3373661041, 23.056854248, 28.1618156433, 80.8096084595, 57.4691505432, 30.4869613647, 15.9394378662, 1.78351318836, 0.0935396552086, 0.0103171570227, 0.00476319715381, 0.00169045256916, 0.000387345673516, 0.000131375869387],
        "mean": [0.00519571453333, 0.0943003222346, 0.50303953886, 1.18640995026, 2.83796548843, 6.80105447769, 9.45586395264, 15.474603653, 19.4659442902, 36.3973083496, 50.9213218689, 83.8061676025, 91.9984817505, 61.4227027893, 54.4649085999, 42.388130188, 26.5046348572, 20.5251369476, 17.4769020081, 17.6000328064, 14.621348381, 11.4800443649, 9.96109867096, 8.13800525665, 2.65741610527, 0.987070560455, 0.560878574848, 0.55291891098, 0.484221071005, 0.391246587038, 0.242759108543, 0.133961796761, 0.0502704232931, 0.0115880491212, 0.0010953748133, 5.71722666791e-05, 1.3661484445e-05, 3.95536972064e-06, 1.04531536635e-05, 2.26826923608e-05],
        "min": [3.85607154385e-06, 3.24031825585e-05, 0.000384867424145, 0.00237090955488, 0.00366129772738, 0.0256896018982, 0.107748948038, 0.0989808514714, 0.0983446016908, 0.137835949659, 0.183138996363, 0.56640458107, 0.377742409706, 0.499091655016, 0.0959386453032, 0.175301477313, 0.114964626729, 0.0846166089177, 0.0452866181731, 0.0217487234622, 0.0237099528313, 0.0266226250678, 0.0236913952976, 0.0179379507899, 0.0200588367879, 0.0148336980492, 0.0115868328139, 0.0116195855662, 0.00780020607635, 0.00379859097302, 0.00225480133668, 0.00136529549491, 0.00102409964893, 0.000648395041935, 0.000122866593301, 6.50722495266e-06, 1.0110995845e-06, 1.7688384446e-07, 6.39435995708e-07, 1.26643283238e-06],
        "stdev": [0.0126859424636, 0.224536657333, 1.22783005238, 1.74159944057, 5.62966918945, 14.4802217484, 18.2101688385, 24.4213256836, 40.5961341858, 80.0147018433, 79.9789352417, 148.392196655, 131.835906982, 104.721595764, 110.606376648, 93.2698135376, 63.5171127319, 52.2307281494, 54.7866706848, 48.7958221436, 33.5445404053, 19.6647834778, 13.6513414383, 16.7980079651, 4.28816699982, 1.42508542538, 1.61357939243, 1.44914841652, 1.6816649437, 2.94625806808, 2.15262961388, 1.17133283615, 0.46564874053, 0.0688781365752, 0.00399276334792, 0.000274827849353, 0.000105422637716, 3.71243331756e-05, 1.20133690871e-05, 1.93783434952e-05]
    },
    "gfcc": {
        "mean": [-87.8491287231, 169.040328979, -176.115127563, 6.82040071487, -71.9596405029, -9.98223114014, -24.9957962036, -6.87474012375, -9.20606517792, -27.5664100647, -0.505837142467, -17.0635471344, 4.57782077789],
        "cov": [[1540.27709961, -67.2079620361, -335.682617188, -66.9540863037, 154.857284546, -94.2140426636, 114.415412903, 53.8018798828, 132.79864502, -54.8429641724, -8.67180347443, 68.5195083618, -93.8373565674], [-67.2079620361, 452.846435547, 149.758239746, -107.192138672, 184.770980835, -55.2387161255, 60.7668190002, 10.5658578873, -5.29807186127, -20.8420886993, -0.184307217598, -32.8341064453, -25.6443958282], [-335.682617188, 149.758239746, 470.415771484, 180.540115356, -94.125038147, 161.359359741, 11.177901268, 2.76889824867, -31.6855697632, 6.85960245132, -13.8719472885, -52.6929740906, 31.4041442871], [-66.9540863037, -107.192138672, 180.540115356, 423.712463379, 23.4232654572, 116.443862915, -80.1598434448, -11.3233537674, 1.98579847813, 24.6293544769, -2.6712911129, -25.8537654877, 58.1604003906], [154.857284546, 184.770980835, -94.125038147, 23.4232654572, 308.960357666, -58.1393470764, -14.0852203369, 16.5185222626, 13.5114994049, -5.88726472855, 9.21799564362, 2.28440856934, -11.3012685776], [-94.2140426636, -55.2387161255, 161.359359741, 116.443862915, -58.1393470764, 226.655578613, 81.513168335, 33.045501709, -19.7597675323, 7.18071460724, 16.7197856903, -14.8699321747, 0.358774870634], [114.415412903, 60.7668190002, 11.177901268, -80.1598434448, -14.0852203369, 81.513168335, 285.006439209, 134.363632202, -21.9583377838, -38.0232391357, 44.1033935547, 42.5822906494, -43.1791877747], [53.8018798828, 10.5658578873, 2.76889824867, -11.3233537674, 16.5185222626, 33.045501709, 134.363632202, 141.252304077, 12.6984634399, -19.4429950714, 33.9693641663, 22.7655391693, -13.5721473694], [132.79864502, -5.29807186127, -31.6855697632, 1.98579847813, 13.5114994049, -19.7597675323, -21.9583377838, 12.6984634399, 97.3242950439, 41.0123939514, -6.41710853577, 3.58386826515, -8.8480014801], [-54.8429641724, -20.8420886993, 6.85960245132, 24.6293544769, -5.88726472855, 7.18071460724, -38.0232391357, -19.4429950714, 41.0123939514, 87.8827590942, 21.6029758453, -9.43234539032, 5.498254776], [-8.67180347443, -0.184307217598, -13.8719472885, -2.6712911129, 9.21799564362, 16.7197856903, 44.1033935547, 33.9693641663, -6.41710853577, 21.6029758453, 74.8763961792, 36.5761146545, -14.5718164444], [68.5195083618, -32.8341064453, -52.6929740906, -25.8537654877, 2.28440856934, -14.8699321747, 42.5822906494, 22.7655391693, 3.58386826515, -9.43234539032, 36.5761146545, 82.1624298096, 10.4294252396], [-93.8373565674, -25.6443958282, 31.4041442871, 58.1604003906, -11.3012685776, 0.358774870634, -43.1791877747, -13.5721473694, -8.8480014801, 5.498254776, -14.5718164444, 10.4294252396, 91.2136077881]],
        "icov": [[0.00117289181799, 0.000835490005556, 5.11050420755e-05, -8.00557318144e-05, -0.000924857624341, 0.000520776375197, -0.00136869749986, 0.00138594023883, -0.00260696141049, 0.00191395520233, -0.000531771162059, 0.000324687105604, 0.00042630606913], [0.000835490005556, 0.0159882046282, -0.0120144914836, 0.00695237563923, -0.0129509652033, 0.00808695238084, -0.0089985942468, 0.00972679071128, -0.0087990667671, 0.00782017968595, -0.00973303150386, 0.010015274398, -0.00341588747688], [5.11050420755e-05, -0.0120144914836, 0.0128963412717, -0.00641995249316, 0.0103481551632, -0.00754386512563, 0.00597394630313, -0.00683030579239, 0.00583227677271, -0.00490796100348, 0.00728305801749, -0.00578126078472, 0.00213776784949], [-8.00557318144e-05, 0.00695237563923, -0.00641995249316, 0.00717065203935, -0.00641039246693, 0.00129635026678, -0.00156985851936, 0.0029959557578, -0.00340461055748, 0.00301519036293, -0.00486537115648, 0.00447098817676, -0.00338679039851], [-0.000924857624341, -0.0129509652033, 0.0103481551632, -0.00641039246693, 0.0143699841574, -0.00552736502141, 0.00747570767999, -0.00858560204506, 0.00723295751959, -0.00593134108931, 0.00689537543803, -0.00712338276207, 0.0029708549846], [0.000520776375197, 0.00808695238084, -0.00754386512563, 0.00129635026678, -0.00552736502141, 0.0123459184542, -0.00804483611137, 0.00594026548788, -0.004217882175, 0.00322854146361, -0.00618486339226, 0.00676999241114, -0.00144364777952], [-0.00136869749986, -0.0089985942468, 0.00597394630313, -0.00156985851936, 0.00747570767999, -0.00804483611137, 0.0159697737545, -0.0147202434018, 0.0101887714118, -0.00625795824453, 0.00767173524946, -0.0102035077289, 0.00509147951379], [0.00138594023883, 0.00972679071128, -0.00683030579239, 0.0029959557578, -0.00858560204506, 0.00594026548788, -0.0147202434018, 0.0243748165667, -0.0153728909791, 0.0133999120444, -0.0155033161864, 0.0113419145346, -0.00589935062453], [-0.00260696141049, -0.0087990667671, 0.00583227677271, -0.00340461055748, 0.00723295751959, -0.004217882175, 0.0101887714118, -0.0153728909791, 0.0290510002524, -0.0212679151446, 0.0181597210467, -0.0133377918974, 0.00698183849454], [0.00191395520233, 0.00782017968595, -0.00490796100348, 0.00301519036293, -0.00593134108931, 0.00322854146361, -0.00625795824453, 0.0133999120444, -0.0212679151446, 0.0310339666903, -0.02238978073, 0.014956317842, -0.00700207799673], [-0.000531771162059, -0.00973303150386, 0.00728305801749, -0.00486537115648, 0.00689537543803, -0.00618486339226, 0.00767173524946, -0.0155033161864, 0.0181597210467, -0.02238978073, 0.0393128842115, -0.0236346013844, 0.0116088474169], [0.000324687105604, 0.010015274398, -0.00578126078472, 0.00447098817676, -0.00712338276207, 0.00676999241114, -0.0102035077289, 0.0113419145346, -0.0133377918974, 0.014956317842, -0.0236346013844, 0.0314286202192, -0.0113270450383], [0.00042630606913, -0.00341588747688, 0.00213776784949, -0.00338679039851, 0.0029708549846, -0.00144364777952, 0.00509147951379, -0.00589935062453, 0.00698183849454, -0.00700207799673, 0.0116088474169, -0.0113270450383, 0.0180202275515]]
    },
    "melbands": {
        "max": [0.00167334044818, 0.00527966907248, 0.00356912612915, 0.0106676090509, 0.00741139333695, 0.00594268320128, 0.0103013003245, 0.00981867685914, 0.00568528147414, 0.00847495626658, 0.00511489948258, 0.00524375215173, 0.00766403088346, 0.00423617521301, 0.00196355278604, 0.00372827728279, 0.00124843395315, 0.00138750928454, 0.00164845655672, 0.000950372137595, 0.00047908272245, 0.000211925886106, 8.81493469933e-05, 9.96454109554e-05, 0.000198331181309, 5.77355931455e-05, 1.88261055882e-05, 1.28873498397e-05, 1.81505820365e-05, 1.92806255654e-05, 1.17641020552e-05, 1.40106949402e-05, 2.46774143307e-05, 5.79061961616e-05, 4.05419959861e-05, 1.87276309589e-05, 2.20634155994e-05, 1.48558146975e-05, 3.38973927683e-06, 5.47212891888e-07],
        "mean": [6.93582333042e-05, 0.000218917892198, 0.000239956774749, 0.000352048984496, 0.000334276905051, 0.0003371941566, 0.000309692986775, 0.000437124457676, 0.000427845079685, 0.000564531888813, 0.000460623094114, 0.000254092650721, 0.000182829098776, 0.000144185265526, 6.78490905557e-05, 6.29840724287e-05, 3.32451563736e-05, 2.62690409727e-05, 3.15804500133e-05, 1.8350296159e-05, 1.56571168191e-05, 1.24994849102e-05, 7.93095023255e-06, 9.02855208551e-06, 6.61717604089e-06, 2.44398370342e-06, 1.24083385344e-06, 4.88610226057e-07, 3.4422095041e-07, 3.34929325163e-07, 3.0970016951e-07, 2.93524038852e-07, 2.20267182272e-07, 2.17327837504e-07, 1.4700133022e-07, 1.06576116821e-07, 7.16860171224e-08, 3.98767419085e-08, 1.86184188067e-08, 6.23949736323e-09],
        "min": [3.70270178962e-08, 1.67857223232e-07, 4.46305335799e-07, 7.48111176563e-07, 9.87835505839e-07, 1.9146809791e-06, 1.41979705859e-06, 6.44181682219e-07, 1.27641521885e-06, 1.67415942087e-06, 8.13183305581e-07, 2.99122916658e-07, 2.84748608692e-07, 1.85950312925e-07, 2.34935214394e-07, 2.33710764519e-07, 1.49904877844e-07, 6.06417742688e-08, 2.17789786205e-08, 3.1795128308e-08, 2.25616538785e-08, 2.56598102766e-08, 2.25150333932e-08, 1.39611611161e-08, 1.19000347354e-08, 1.45953062969e-08, 1.50815040456e-08, 7.51248308006e-09, 4.3261341176e-09, 7.16924608568e-09, 5.44851497253e-09, 4.18682999381e-09, 2.94003621448e-09, 1.44856482365e-09, 1.18997034448e-09, 8.96008489626e-10, 6.26130203241e-10, 6.23844642611e-10, 5.7565169298e-10, 4.3851894338e-10],
        "stdev": [0.000161468342412, 0.000477778434288, 0.000304764747852, 0.00071629328886, 0.000546612602193, 0.00051660236204, 0.000655424199067, 0.000890101888217, 0.000688468688168, 0.000925439817365, 0.000677164294757, 0.000469478254672, 0.000381951511372, 0.000314201315632, 0.000144437537529, 0.00019830315432, 9.47434018599e-05, 8.84359615156e-05, 0.00010074214515, 5.32626909262e-05, 3.71583155356e-05, 2.33151386055e-05, 1.12144180093e-05, 1.30601183628e-05, 1.48844374053e-05, 4.95295216751e-06, 1.87063278645e-06, 7.86326779689e-07, 9.37354457164e-07, 1.09042434815e-06, 8.03312445896e-07, 9.20508682611e-07, 1.20631284517e-06, 1.92037259694e-06, 1.39709186442e-06, 8.71189627105e-07, 6.94996003858e-07, 4.20557796588e-07, 1.28305316593e-07, 2.85789152343e-08]
    },
    "melbands128": {
        "max": [0.00021082306921, 0.00098744535353, 0.00288604688831, 0.00417546229437, 0.00815755873919, 0.00460948981345, 0.00478798896074, 0.00330530991778, 0.0141550470144, 0.0158020593226, 0.0194497145712, 0.0064865835011, 0.0136075522751, 0.00767875369638, 0.0107917366549, 0.00814071856439, 0.00981094967574, 0.0163116063923, 0.0184448324144, 0.0211758222431, 0.0203330479562, 0.01297445409, 0.00992590747774, 0.0138651886955, 0.0170411523432, 0.0132447276264, 0.0134727098048, 0.00790011044592, 0.00959575455636, 0.0123548610136, 0.00689622201025, 0.0128538925201, 0.0123293381184, 0.00972427148372, 0.00729853427038, 0.00532566523179, 0.00367550598457, 0.00336772110313, 0.00287197995931, 0.002540291287, 0.00745920883492, 0.00217964220792, 0.00242649810389, 0.00180376868229, 0.00299531407654, 0.00205271551386, 0.00445283018053, 0.0032977135852, 0.00261159217916, 0.00100825272966, 0.00205530971289, 0.000865541340318, 0.00107461411972, 0.000942079350352, 0.000444636418251, 0.000452421954833, 0.000210569254705, 9.23884581425e-05, 0.000122826953884, 0.000205297779758, 0.000137910930789, 0.000169996128534, 0.000324534252286, 0.00020306262013, 0.000138934585266, 7.25454010535e-05, 3.05060293613e-05, 2.31020640058e-05, 3.79594421247e-05, 2.79631130979e-05, 1.07677678898e-05, 2.2576406991e-05, 1.76281664608e-05, 2.48522082984e-05, 2.66127754003e-05, 3.68813052773e-05, 2.43315735133e-05, 1.66729423654e-05, 1.37905190059e-05, 1.1591186194e-05, 2.11619153561e-05, 2.17620236072e-05, 1.35529799081e-05, 2.5435056159e-05, 3.98888842028e-05, 7.05799029674e-05, 6.41562073724e-05, 6.89622247592e-05, 3.64847765013e-05, 2.89518284262e-05, 1.7775420929e-05, 1.59950213856e-05, 2.49249060289e-05, 2.62290232058e-05, 2.20596903091e-05, 2.93296725431e-05, 8.84446217242e-06, 4.29113288192e-06, 4.27220811616e-06, 4.7828652896e-06, 7.24445158085e-07, 4.20691407044e-07, 2.27667683816e-07, 2.78379729934e-07, 2.19660520884e-08, 2.05249524043e-08, 1.9410494545e-08, 1.84596871122e-08, 1.77221171072e-08, 1.69807918837e-08, 1.63130700059e-08, 1.57032129522e-08, 1.51044883268e-08, 1.45265790508e-08, 1.40300064899e-08, 1.35669449008e-08, 1.31274822124e-08, 1.27300934238e-08, 1.23699948062e-08, 1.20415659666e-08, 1.17631993035e-08, 1.14959739506e-08, 1.12771267879e-08, 1.1086692453e-08, 1.09111812918e-08, 1.07819451145e-08, 1.0687798202e-08, 1.06291846436e-08],
        "mean": [6.30143267699e-06, 2.64946957031e-05, 8.377944323e-05, 0.000172367537743, 0.00025189833832, 0.00022192018514, 0.000242305817665, 0.000222204005695, 0.000259772816207, 0.000387577834772, 0.000393518042983, 0.000352391012711, 0.000321043218719, 0.000297893740935, 0.000374844763428, 0.000339480902767, 0.000278724532109, 0.000295797304716, 0.000366176536772, 0.000377628632123, 0.0005236947909, 0.000480912276544, 0.000332864146912, 0.000491639715619, 0.00052397052059, 0.000586536130868, 0.000684928440023, 0.000355525087798, 0.000433118053479, 0.000239799672272, 0.00021663113148, 0.000224439427257, 0.000151122090756, 0.000192425563, 0.000158002920216, 0.000139219933772, 0.000102436511952, 7.21030664863e-05, 3.91112589568e-05, 4.84906267957e-05, 8.92208554433e-05, 4.564993651e-05, 3.15108518407e-05, 2.48481392191e-05, 3.25819528371e-05, 2.27654963965e-05, 2.38067223108e-05, 3.99433956773e-05, 3.41072700394e-05, 1.1881114915e-05, 1.79656490218e-05, 2.14403316932e-05, 2.06397653528e-05, 1.06395982584e-05, 9.72340876615e-06, 1.6574816982e-05, 1.13472206067e-05, 5.39717620995e-06, 7.04451076672e-06, 1.17546424008e-05, 8.4223365775e-06, 7.89802379586e-06, 8.72690270626e-06, 5.7562992879e-06, 4.25121379521e-06, 2.44793227466e-06, 1.25240228499e-06, 1.31114938995e-06, 1.59076626005e-06, 5.36933953299e-07, 4.44279208978e-07, 5.0695820164e-07, 3.38346779927e-07, 3.31986115043e-07, 2.94136469847e-07, 3.38576882086e-07, 3.59369835223e-07, 3.37846245202e-07, 2.80275060049e-07, 3.04094783132e-07, 3.25298543657e-07, 2.90809225589e-07, 2.15218591393e-07, 2.07651140727e-07, 2.32059761629e-07, 2.16466375491e-07, 2.28807138569e-07, 1.87390710948e-07, 1.36036447884e-07, 1.22036226458e-07, 1.17592790616e-07, 1.0117783944e-07, 9.18016596074e-08, 7.16138259804e-08, 5.8942799086e-08, 5.44860014884e-08, 3.32703145034e-08, 2.44500864e-08, 1.97216056819e-08, 1.63661972863e-08, 7.94257637438e-09, 4.95100449527e-09, 3.14862425022e-09, 1.92490001716e-09, 3.06785624682e-10, 6.04013020156e-11, 6.7764946432e-11, 1.88888089198e-11, 1.32324984303e-11, 1.26946335388e-11, 1.22048959481e-11, 1.17547646963e-11, 1.13161303245e-11, 1.08889060962e-11, 1.05201281714e-11, 1.01862563523e-11, 9.87171976108e-12, 9.57664763462e-12, 9.3187723163e-12, 9.07823122231e-12, 8.85890492908e-12, 8.66272331645e-12, 8.50437689021e-12, 8.35601986909e-12, 8.18384509466e-12, 8.00918099203e-12, 7.89616462493e-12, 7.84706067486e-12],
        "min": [7.88220599901e-11, 1.82017423356e-08, 3.16455590621e-08, 4.82993556261e-08, 7.2878357571e-08, 4.92912235472e-08, 2.11023944985e-07, 1.55168777383e-07, 3.34529858037e-07, 1.01272256359e-07, 4.08686162245e-07, 1.72906823082e-07, 2.66098481916e-07, 3.15615125146e-07, 1.04284993085e-06, 8.62428350956e-07, 1.39817416311e-07, 1.23106588035e-07, 2.46217894073e-07, 2.22058901045e-07, 2.74492293784e-07, 1.47070622347e-07, 2.3468258803e-07, 2.77247721669e-07, 7.29900079932e-07, 1.07376627057e-06, 2.41384185529e-07, 1.68998496974e-07, 3.57226156211e-07, 3.37307994869e-08, 1.68349274077e-07, 2.17078365949e-07, 1.51883753574e-07, 1.79022876523e-07, 1.19301304835e-07, 7.12932006763e-08, 1.06073983375e-07, 6.16965607492e-08, 2.97427931173e-08, 1.37175746318e-07, 1.34370338856e-07, 1.28933763222e-07, 2.88193380271e-08, 3.27032942948e-08, 3.36706840187e-08, 2.02675032313e-08, 6.03012884071e-09, 1.44518192968e-08, 1.56023638453e-08, 1.52308459178e-08, 1.59783457576e-08, 4.09067695273e-08, 2.38734081393e-08, 8.41513703165e-09, 6.84607970314e-09, 1.2113241965e-08, 1.15769775988e-08, 6.60841026345e-09, 4.54620385781e-09, 1.24063177509e-08, 1.04912594168e-08, 8.42589997774e-09, 8.09650657629e-09, 5.97135629832e-09, 1.02580282046e-08, 7.33430605138e-09, 6.73069866508e-09, 8.09067124408e-09, 7.54485807164e-09, 4.09517220135e-09, 7.48537409834e-09, 4.81262718566e-09, 2.93152124797e-09, 3.05633296449e-09, 2.50638154675e-09, 4.10997236244e-09, 5.98005422958e-09, 2.51297671561e-09, 2.75094746982e-09, 3.31117666619e-09, 2.59250931833e-09, 1.88036919369e-09, 9.69068048029e-10, 1.71263769833e-09, 1.56843171784e-09, 1.15678722157e-09, 8.02327204674e-10, 1.11632514344e-09, 8.23128010197e-10, 4.97200891569e-10, 6.68810062887e-10, 4.57104187834e-10, 4.11413431101e-10, 4.21020607266e-10, 4.09982325866e-10, 4.64703414638e-10, 4.28696134147e-10, 4.00224520192e-10, 4.41872261003e-10, 2.8257093887e-10, 3.65821040127e-10, 2.99198388287e-10, 2.04751451904e-10, 1.81676632072e-10, 5.32152100163e-12, 1.85264415029e-13, 8.16594106787e-14, 5.66083096197e-14, 7.2637547561e-14, 7.18802662249e-14, 7.132077047e-14, 8.73322952583e-14, 8.73644011952e-14, 8.77061484962e-14, 8.81189516971e-14, 8.61232743107e-14, 7.93792860761e-14, 8.90747843324e-14, 9.1193227286e-14, 8.71836037066e-14, 9.77430823453e-14, 9.37464624158e-14, 8.12157280447e-14, 1.10896467248e-13, 7.15229877277e-14, 2.32788523294e-14, 3.51218230524e-15, 1.05056748677e-16],
        "stdev": [1.12006973723e-05, 6.83156613377e-05, 0.000247789022978, 0.000447039434221, 0.000718343479093, 0.000449029059382, 0.000418531621108, 0.000328210619045, 0.000632564304397, 0.00101195147727, 0.00106166675687, 0.000634128460661, 0.000804528244771, 0.000746557489038, 0.00075068656588, 0.000610972754657, 0.000747851096094, 0.00094137666747, 0.00109868950676, 0.00128551898524, 0.00131097016856, 0.00108468532562, 0.000792938051745, 0.00127866968978, 0.0015490433434, 0.0010638263775, 0.00131920014974, 0.000811867415905, 0.00106032018084, 0.000809000921436, 0.000446742022177, 0.0006127183442, 0.00053229049081, 0.000523055903614, 0.0004637070233, 0.000454363384051, 0.000344108790159, 0.000182091418537, 0.00014896497305, 0.000177580659511, 0.000378253142117, 0.000136821588967, 0.000144650010043, 0.00011885278218, 0.000146419683006, 0.000110937478894, 0.000171870939084, 0.000158063383424, 0.000140321702929, 4.71074054076e-05, 9.23025872908e-05, 6.26801629551e-05, 6.90272790962e-05, 3.6877583625e-05, 2.97529295494e-05, 3.91548492189e-05, 2.24887990043e-05, 1.06741636046e-05, 1.2742171748e-05, 1.97471745196e-05, 1.33287467179e-05, 1.60648778547e-05, 2.25765506912e-05, 1.58990496857e-05, 1.05023200376e-05, 6.10629558651e-06, 2.71503631666e-06, 1.96435735234e-06, 3.19496507473e-06, 1.74407716713e-06, 7.19731531262e-07, 8.98102882729e-07, 7.70791132254e-07, 1.13670057544e-06, 1.27434634578e-06, 1.53954101734e-06, 1.16066246392e-06, 9.76953629106e-07, 7.76323474838e-07, 8.70770918482e-07, 1.09985273866e-06, 1.04070522866e-06, 8.08566028354e-07, 1.22350502352e-06, 1.65958272191e-06, 2.00625004254e-06, 2.15357908928e-06, 2.14513624996e-06, 1.26996860672e-06, 1.12828479359e-06, 9.60126953942e-07, 8.29511975553e-07, 8.22147114832e-07, 7.30225679035e-07, 6.49842888834e-07, 7.87994849816e-07, 2.72295409331e-07, 1.75651436507e-07, 1.45276146668e-07, 1.44363326626e-07, 3.76517022005e-08, 1.89890307922e-08, 1.04270183598e-08, 7.08254654924e-09, 7.8770989731e-10, 4.66343519356e-10, 4.54222354174e-10, 4.03465927334e-10, 3.87025522741e-10, 3.70844854825e-10, 3.56260215773e-10, 3.42941564035e-10, 3.29869964677e-10, 3.17245063552e-10, 3.06399433603e-10, 2.96290048052e-10, 2.86695361895e-10, 2.78016415445e-10, 2.70153982518e-10, 2.62984439781e-10, 2.56901527829e-10, 2.51062837187e-10, 2.4628304951e-10, 2.42126929617e-10, 2.38297076516e-10, 2.35476360633e-10, 2.3342067168e-10, 2.32140320855e-10]
    },
    "mfcc": {
        "mean": [-707.676940918, 185.606277466, -40.2490882874, 7.25492715836, -22.543718338, -12.9147453308, -9.79821777344, 6.71476984024, -3.8545691967, -7.80746889114, -2.99329185486, -7.13116979599, -7.39990234375],
        "cov": [[1694.80895996, -123.748703003, -471.071105957, 30.8042449951, -16.4215660095, -40.6385955811, -96.0427474976, 166.243728638, 11.8359355927, 4.06854200363, 137.318191528, -5.35660362244, -40.5657310486], [-123.748703003, 697.016235352, -154.469223022, -43.5742797852, 32.6783294678, -78.8949279785, 59.0270500183, 26.0552787781, 19.4185371399, -38.3207969666, 73.1304931641, -3.07100558281, 10.7945022583], [-471.071105957, -154.469223022, 689.953979492, 16.8027019501, -42.4087600708, 139.308044434, 70.8773040771, -18.605173111, 36.8300590515, 65.8954544067, -96.0009078979, 23.024728775, 30.8294296265], [30.8042449951, -43.5742797852, 16.8027019501, 235.796020508, 142.739212036, 25.7509174347, -5.8439078331, -14.7693099976, 11.6362066269, 17.9128913879, -27.8049507141, -17.3340206146, 1.53957796097], [-16.4215660095, 32.6783294678, -42.4087600708, 142.739212036, 294.889312744, 64.0819778442, -68.0812530518, -87.5805053711, -4.08122444153, 22.7939739227, -29.3308963776, -37.5783081055, -15.7437667847], [-40.6385955811, -78.8949279785, 139.308044434, 25.7509174347, 64.0819778442, 152.690200806, 18.9612121582, -27.784526825, 7.81513690948, 27.291809082, -15.414484024, -0.781111896038, 1.24215447903], [-96.0427474976, 59.0270500183, 70.8773040771, -5.8439078331, -68.0812530518, 18.9612121582, 242.205505371, 141.301528931, 14.7208557129, 14.0098466873, 2.21540617943, 45.7634353638, 41.2629852295], [166.243728638, 26.0552787781, -18.605173111, -14.7693099976, -87.5805053711, -27.784526825, 141.301528931, 217.519378662, 30.0125427246, -2.06023073196, 41.3122177124, 44.0017967224, 27.9824790955], [11.8359355927, 19.4185371399, 36.8300590515, 11.6362066269, -4.08122444153, 7.81513690948, 14.7208557129, 30.0125427246, 78.2796325684, 33.4829330444, -6.56274747849, -8.68942165375, -4.22868919373], [4.06854200363, -38.3207969666, 65.8954544067, 17.9128913879, 22.7939739227, 27.291809082, 14.0098466873, -2.06023073196, 33.4829330444, 100.802330017, 10.6873521805, -5.60948133469, 3.18791985512], [137.318191528, 73.1304931641, -96.0009078979, -27.8049507141, -29.3308963776, -15.414484024, 2.21540617943, 41.3122177124, -6.56274747849, 10.6873521805, 141.778030396, 42.288230896, -2.59931325912], [-5.35660362244, -3.07100558281, 23.024728775, -17.3340206146, -37.5783081055, -0.781111896038, 45.7634353638, 44.0017967224, -8.68942165375, -5.60948133469, 42.288230896, 91.1359176636, 26.3921031952], [-40.5657310486, 10.7945022583, 30.8294296265, 1.53957796097, -15.7437667847, 1.24215447903, 41.2629852295, 27.9824790955, -4.22868919373, 3.18791985512, -2.59931325912, 26.3921031952, 85.7763290405]],
        "icov": [[0.00104851508513, 0.000181706040166, 0.00078136328375, -0.00033520400757, 0.000342794606695, -0.000787277997006, 0.00114279869013, -0.00152184756007, 0.000168323516846, -0.000509643286932, -0.000225048905122, 0.000133731635287, 0.000198493900825], [0.000181706040166, 0.00221084966324, 3.85317725886e-05, 0.000835490529425, -0.00130919436924, 0.00148920610081, -0.00145926792175, 0.000744989549275, -0.00171692890581, 0.00162814476062, -0.00196853559464, 0.0010940610664, -0.000565479393117], [0.00078136328375, 3.85317725886e-05, 0.0030609536916, -0.000701243174262, 0.00156298407819, -0.00282119680196, 0.000833324971609, -0.000745903118514, -0.000176706205821, -0.00182695314288, 0.0018944949843, -0.00129496550653, -3.76635434804e-05], [-0.00033520400757, 0.000835490529425, -0.000701243174262, 0.00686791073531, -0.00423703668639, 0.0017093642382, -0.00134511408396, 0.0001586345752, -0.00137657660525, 0.000790815276559, -0.000256568368059, 0.000575541052967, -0.000624133099336], [0.000342794606695, -0.00130919436924, 0.00156298407819, -0.00423703668639, 0.00773491384462, -0.00423393305391, 0.00230009085499, 0.000189562037122, 0.00172005745117, -0.0025221647229, 0.00201602326706, -0.000393911032006, 0.000514692917932], [-0.000787277997006, 0.00148920610081, -0.00282119680196, 0.0017093642382, -0.00423393305391, 0.0118275079876, -0.00388801470399, 0.00320643186569, -0.00180416239891, 0.00142557022627, -0.00252201827243, 0.000948594126385, -0.000210719837924], [0.00114279869013, -0.00145926792175, 0.000833324971609, -0.00134511408396, 0.00230009085499, -0.00388801470399, 0.0106299333274, -0.00766159780324, 0.00286963093095, -0.00341216544621, 0.00316332420334, -0.00240762066096, -0.000582014035899], [-0.00152184756007, 0.000744989549275, -0.000745903118514, 0.0001586345752, 0.000189562037122, 0.00320643186569, -0.00766159780324, 0.0126455873251, -0.00510037643835, 0.00322604016401, -0.00289365486242, -0.000571940734517, -0.00128260487691], [0.000168323516846, -0.00171692890581, -0.000176706205821, -0.00137657660525, 0.00172005745117, -0.00180416239891, 0.00286963093095, -0.00510037643835, 0.0187220312655, -0.00728466082364, 0.003175876569, 0.000710771302693, 0.00208041584119], [-0.000509643286932, 0.00162814476062, -0.00182695314288, 0.000790815276559, -0.0025221647229, 0.00142557022627, -0.00341216544621, 0.00322604016401, -0.00728466082364, 0.0155076151714, -0.0050718379207, 0.00286120199598, -0.00166754995007], [-0.000225048905122, -0.00196853559464, 0.0018944949843, -0.000256568368059, 0.00201602326706, -0.00252201827243, 0.00316332420334, -0.00289365486242, 0.003175876569, -0.0050718379207, 0.0130009008572, -0.00663098040968, 0.00207309192047], [0.000133731635287, 0.0010940610664, -0.00129496550653, 0.000575541052967, -0.000393911032006, 0.000948594126385, -0.00240762066096, -0.000571940734517, 0.000710771302693, 0.00286120199598, -0.00663098040968, 0.0172463171184, -0.00393927050754], [0.000198493900825, -0.000565479393117, -3.76635434804e-05, -0.000624133099336, 0.000514692917932, -0.000210719837924, -0.000582014035899, -0.00128260487691, 0.00208041584119, -0.00166754995007, 0.00207309192047, -0.00393927050754, 0.0140833370388]]
    },
    "spectral_contrast_coeffs": {
        "max": [-0.352092295885, -0.429891228676, -0.517894864082, -0.573049485683, -0.58628475666, -0.616218328476],
        "mean": [-0.65761756897, -0.719492435455, -0.690907597542, -0.768232345581, -0.757999658585, -0.752282321453],
        "min": [-0.866559147835, -0.915027618408, -0.871645331383, -0.894860863686, -0.886696696281, -0.911784946918],
        "stdev": [0.0822181925178, 0.0732645988464, 0.0637300983071, 0.048538621515, 0.052085082978, 0.033676572144]
    },
    "spectral_contrast_valleys": {
        "max": [-5.74488544464, -5.0174074173, -4.99389362335, -6.18738079071, -7.18540525436, -8.74143314362],
        "mean": [-7.60573530197, -6.5654668808, -7.24778747559, -8.00329494476, -8.5244512558, -11.9989385605],
        "min": [-9.90481567383, -8.24789237976, -9.18576335907, -9.97821331024, -10.1733121872, -12.8829107285],
        "stdev": [0.687957465649, 0.530452668667, 0.646206498146, 0.581784844398, 0.497562527657, 0.472910523415]
    }
},
"rhythm": {
    "beats_count": 77,
    "beats_loudness": {
        "max": 0.0833734944463,
        "mean": 0.0243600774556,
        "min": 0.00249406718649,
        "stdev": 0.0173490233719
    },
    "bpm": 94.9073486328,
    "bpm_histogram_first_peak_bpm": 96,
    "bpm_histogram_first_peak_weight": 0.550724625587,
    "bpm_histogram_second_peak_bpm": 105,
    "bpm_histogram_second_peak_spread": 0.428571403027,
    "bpm_histogram_second_peak_weight": 0.0526315793395,
    "danceability": 1.01003181934,
    "onset_rate": 2.994140625,
    "beats_loudness_band_ratio": {
        "max": [0.629669904709, 0.606856942177, 0.877177596092, 0.709005594254, 0.410673201084, 0.0855857953429],
        "mean": [0.119188293815, 0.188189312816, 0.428632378578, 0.240795657039, 0.0528936944902, 0.00709245633334],
        "min": [0.00168851751368, 0.0169992521405, 0.0552219711244, 0.0330503694713, 0.00270107015967, 0.000350077723851],
        "stdev": [0.138158395886, 0.13610637188, 0.177774176002, 0.144299834967, 0.075763374567, 0.0125558273867]
    },
