{
"metadata": {
    "version": {
        "essentia": "2.1-beta5",
        "essentia_git_sha": "Undefined",
        "extractor": "music 2.0"
    },
    "audio_properties": {
        "analysis": {
            "equal_loudness": 0,
            "length": 32.4963264465,
            "sample_rate": 44100,
            "start_time": 61.4980506897,
            "downmix": "mix"
        },
        "bit_rate": 192000,
        "length": 166.603179932,
        "lossless": 0,
        "number_channels": 2,
        "replay_gain": -7.685962677,
        "sample_rate": 48000,
        "codec": "mp3",
        "md5_encoded": "dcacd869acd924e4960e19c198cb8a02"
    },
    "tags": {
        "file_name": "Luxembourg_A Force De Prier_Nana Mouskouri.mp3",
        "encoding": ["Lavf58.29.100"]
    }
},
"lowlevel": {
    "average_loudness": 0.783986926079,
    "barkbands_crest": {
        "max": 24.7779064178,
        "mean": 12.5678853989,
        "min": 4.05731916428,
        "stdev": 4.43575382233
    },
    "barkbands_flatness_db": {
        "max": 0.37791004777,
        "mean": 0.240636542439,
        "min": 0.0935307964683,
        "stdev": 0.0427601076663
    },
    "barkbands_kurtosis": {
        "max": 90.2127761841,
        "mean": 3.53337311745,
        "min": -1.82404923439,
        "stdev": 5.33290624619
    },
    "barkbands_skewness": {
        "max": 7.85160207748,
        "mean": 1.09662294388,
        "min": -2.04607343674,
        "stdev": 0.914192378521
    },
    "barkbands_spread": {
        "max": 42.700969696,
        "mean": 9.87496757507,
        "min": 0.869360923767,
        "stdev": 5.03398275375
    },
    "dissonance": {
        "max": 0.499999940395,
        "mean": 0.433666735888,
        "min": 0.205944702029,
        "stdev": 0.0430392585695
    },
    "dynamic_complexity": 3.71841835976,
    "erbbands_crest": {
        "max": 30.011932373,
        "mean": 13.3061704636,
        "min": 4.02117681503,
        "stdev": 5.33805608749
    },
    "erbbands_flatness_db": {
        "max": 0.435912400484,
        "mean": 0.285384237766,
        "min": 0.110609039664,
        "stdev": 0.0496390685439
    },
    "erbbands_kurtosis": {
        "max": 24.2904033661,
        "mean": 1.94173109531,
        "min": -1.65916860104,
        "stdev": 3.08275175095
    },
    "erbbands_skewness": {
        "max": 3.51466941833,
        "mean": 0.918123304844,
        "min": -2.15711236,
        "stdev": 0.679011046886
    },
    "erbbands_spread": {
        "max": 67.8308334351,
        "mean": 18.6240119934,
        "min": 1.68926262856,
        "stdev": 9.95016098022
    },
    "hfc": {
        "max": 76.1528320312,
        "mean": 15.710269928,
        "min": 0.127243041992,
        "stdev": 14.9217567444
    },
    "loudness_ebu128": {
        "integrated": -17.6602706909,
        "loudness_range": 5.85647964478,
        "momentary": {
            "max": -12.9999265671,
            "mean": -18.8642272949,
            "min": -29.8455753326,
            "stdev": 3.43701648712
        },
        "short_term": {
            "max": -14.3133640289,
            "mean": -17.8864307404,
            "min": -22.4606304169,
            "stdev": 1.90590775013
        }
    },
    "melbands_crest": {
        "max": 31.8844852448,
        "mean": 14.8267097473,
        "min": 4.89081764221,
        "stdev": 5.31225395203
    },
    "melbands_flatness_db": {
        "max": 0.412824213505,
        "mean": 0.258027881384,
        "min": 0.114681340754,
        "stdev": 0.0444982200861
    },
    "melbands_kurtosis": {
        "max": 113.988189697,
        "mean": 5.81443786621,
        "min": -1.29403603077,
        "stdev": 8.7605342865
    },
    "melbands_skewness": {
        "max": 8.37907981873,
        "mean": 1.29957973957,
        "min": -1.64984369278,
        "stdev": 1.1595261097
    },
    "melbands_spread": {
        "max": 66.6293792725,
        "mean": 14.4192752838,
        "min": 1.53416264057,
        "stdev": 7.23539686203
    },
    "pitch_salience": {
        "max": 0.885897874832,
        "mean": 0.536737143993,
        "min": 0.1758223176,
        "stdev": 0.102947413921
    },
    "silence_rate_20dB": {
        "max": 1,
        "mean": 1,
        "min": 1,
        "stdev": 0
    },
    "silence_rate_30dB": {
        "max": 1,
        "mean": 1,
        "min": 1,
        "stdev": 0
    },
    "silence_rate_60dB": {
        "max": 1,
        "mean": 0.0956459641457,
        "min": 0,
        "stdev": 0.294104278088
    },
    "spectral_centroid": {
        "max": 3090.64526367,
        "mean": 1082.47802734,
        "min": 250.346923828,
        "stdev": 417.117950439
    },
    "spectral_complexity": {
        "max": 26,
        "mean": 12.0999288559,
        "min": 1,
        "stdev": 4.72074508667
    },
    "spectral_decrease": {
        "max": -8.23373938474e-11,
        "mean": -4.53417525748e-09,
        "min": -2.2909237174e-08,
        "stdev": 3.71270592048e-09
    },
    "spectral_energy": {
        "max": 0.0927629545331,
        "mean": 0.0185380075127,
        "min": 0.000341110659065,
        "stdev": 0.0152754019946
    },
    "spectral_energyband_high": {
        "max": 0.00346856703982,
        "mean": 9.16468634387e-05,
        "min": 1.57241743182e-06,
        "stdev": 0.00022579182405
    },
    "spectral_energyband_low": {
        "max": 0.0132107716054,
        "mean": 0.000826028292067,
        "min": 3.49049150827e-06,
        "stdev": 0.00169653666671
    },
    "spectral_energyband_middle_high": {
        "max": 0.0716643407941,
        "mean": 0.00818256195635,
        "min": 1.08059248305e-05,
        "stdev": 0.0108395414427
    },
    "spectral_energyband_middle_low": {
        "max": 0.0863472595811,
        "mean": 0.00977733638138,
        "min": 0.000134442612762,
        "stdev": 0.0106621785089
    },
    "spectral_entropy": {
        "max": 8.40601730347,
        "mean": 6.81836795807,
        "min": 5.61242818832,
        "stdev": 0.362463027239
    },
    "spectral_flux": {
        "max": 0.215897873044,
        "mean": 0.0614380910993,
        "min": 0.0066349087283,
        "stdev": 0.035299602896
    },
    "spectral_kurtosis": {
        "max": 54.3216209412,
        "mean": 9.00269317627,
        "min": 0.102108478546,
        "stdev": 6.73032331467
    },
    "spectral_rms": {
        "max": 0.00951317232102,
        "mean": 0.00389245175757,
        "min": 0.00057688029483,
        "stdev": 0.00171308894642
    },
    "spectral_rolloff": {
        "max": 3854.44335938,
        "mean": 1113.91333008,
        "min": 107.666015625,
        "stdev": 518.14666748
    },
    "spectral_skewness": {
        "max": 5.4867310524,
        "mean": 1.90274000168,
        "min": 0.389589101076,
        "stdev": 0.733132302761
    },
    "spectral_spread": {
        "max": 25873534,
        "mean": 2638609.25,
        "min": 1185758.375,
        "stdev": 993255.3125
    },
    "spectral_strongpeak": {
        "max": 10.9137992859,
        "mean": 2.01645040512,
        "min": 0.0162217207253,
        "stdev": 1.79739570618
    },
    "zerocrossingrate": {
        "max": 0.1044921875,
        "mean": 0.0425038188696,
        "min": 0.0048828125,
        "stdev": 0.0124953873456
    },
    "barkbands": {
        "max": [4.8585505283e-05, 0.00857118610293, 0.00789414532483, 0.00237458245829, 0.0207377970219, 0.0388330258429, 0.0405829921365, 0.0179174225777, 0.0827446877956, 0.0636915192008, 0.0599719062448, 0.0305117089301, 0.0158080700785, 0.0235526151955, 0.00560046173632, 0.00274605210871, 0.000870032585226, 0.00462683709338, 0.00609586155042, 0.00358838075772, 0.000145889411215, 5.63877401873e-05, 9.000213322e-05, 0.000150996347656, 8.02023496362e-05, 5.34700120625e-07, 5.65513573747e-07],
        "mean": [3.54223448085e-06, 0.000478904898046, 0.000277472834568, 0.000114140035294, 0.000544606591575, 0.00276214606129, 0.00152484711725, 0.000544476206414, 0.00371221941896, 0.00296982936561, 0.0024105028715, 0.000710883992724, 0.000871358381119, 0.000579807965551, 0.000190795442904, 7.52553823986e-05, 3.69536137441e-05, 0.00018627740792, 0.000356401258614, 0.000168983809999, 9.19862486626e-06, 2.61237255472e-06, 3.0049243378e-06, 2.7687246984e-06, 1.0146452496e-06, 1.32212218951e-09, 1.40303646479e-09],
        "min": [4.74509187498e-09, 4.37972943246e-07, 2.18973355004e-07, 2.27244854045e-07, 2.28709859584e-06, 2.47122761721e-06, 3.70440091046e-07, 7.89703165083e-07, 1.6073244069e-06, 7.78705611992e-07, 7.2399268447e-07, 8.03854106834e-07, 2.9480207786e-07, 3.28838979158e-07, 2.39956932546e-07, 2.34158676449e-07, 8.4629945718e-08, 3.02913576888e-07, 1.95600023289e-07, 3.62643817198e-07, 2.43042279635e-07, 1.64368813671e-07, 9.72228235696e-08, 1.7205485392e-07, 7.74180151097e-08, 2.10325316191e-11, 2.76818793582e-11],
        "stdev": [5.64169295103e-06, 0.0010174869094, 0.000881513231434, 0.000209516103496, 0.00121851731092, 0.00498401001096, 0.00278372736648, 0.00135806191247, 0.00799672584981, 0.00701375538483, 0.00577215012163, 0.0024894324597, 0.00175503152423, 0.00154487625696, 0.000432485045167, 0.000212902596104, 6.21173167019e-05, 0.000410013220971, 0.000688407628331, 0.000327018584358, 1.18329453471e-05, 3.78690469915e-06, 5.01590147906e-06, 8.12672897155e-06, 3.72827912543e-06, 2.01764152052e-08, 2.13412647554e-08]
    },
    "erbbands": {
        "max": [0.153679087758, 2.47306370735, 9.48813247681, 5.92436170578, 12.8649673462, 89.4772186279, 325.380493164, 498.68182373, 524.685180664, 748.250915527, 382.141784668, 1486.9888916, 2096.85449219, 2402.19238281, 1017.12316895, 1333.36499023, 628.312866211, 903.774169922, 744.772705078, 279.400390625, 128.150863647, 59.6404953003, 233.032165527, 298.523010254, 200.071289062, 224.043991089, 37.5039520264, 3.38296222687, 1.28325891495, 3.19728136063, 2.24714374542, 3.19997286797, 2.05572032928, 1.61461365223, 0.118550874293, 0.00309721310623, 0.000994727946818, 0.000351800554199, 8.93394608283e-05, 0.000107406514871],
        "mean": [0.00646326271817, 0.132648468018, 0.379222840071, 0.331122070551, 0.697659492493, 2.01312923431, 8.41796970367, 28.0215644836, 24.2646789551, 17.3173522949, 21.0628032684, 66.076133728, 103.800544739, 118.464546204, 57.8791999817, 26.5252799988, 40.1381149292, 31.6130390167, 17.9669075012, 8.07594490051, 3.76792097092, 2.52479672432, 7.72839975357, 19.4638309479, 13.2199239731, 8.35983181, 1.29396939278, 0.252477139235, 0.0899837091565, 0.104102276266, 0.0818885490298, 0.0666537210345, 0.040778528899, 0.0203446429223, 0.00180236680899, 6.71012021485e-05, 1.33230078063e-05, 3.86210058423e-06, 1.01926507341e-05, 2.19448083953e-05],
        "min": [1.35339150802e-05, 9.50047760853e-05, 0.000722928147297, 0.00219724373892, 0.00394143722951, 0.0165760181844, 0.0307358894497, 0.0646518990397, 0.040378484875, 0.0558497309685, 0.0663438215852, 0.0397252142429, 0.0434577688575, 0.0412567779422, 0.0351600646973, 0.0309399068356, 0.0144874565303, 0.00962927751243, 0.0194964632392, 0.0310357771814, 0.0150520717725, 0.0157580617815, 0.0208434332162, 0.0115689281374, 0.0129402698949, 0.0291710626334, 0.0158392712474, 0.00706739863381, 0.00491329282522, 0.00432177772745, 0.00251944921911, 0.00285485270433, 0.00302190030925, 0.00139704358298, 0.000268584641162, 1.04518721855e-05, 8.61123396589e-07, 1.33372793698e-07, 1.94837980416e-07, 4.03319006637e-07],
        "stdev": [0.015824938193, 0.283616423607, 1.12194752693, 0.575030624866, 1.09286260605, 4.58640623093, 17.5765018463, 58.1030807495, 38.8605384827, 42.4435195923, 37.6192817688, 130.823699951, 227.135101318, 243.397399902, 116.53339386, 81.5873031616, 74.8905715942, 75.5751800537, 41.412021637, 16.4468231201, 10.183965683, 4.3799533844, 16.6134033203, 35.2397346497, 23.9974346161, 16.8015079498, 2.49281740189, 0.368002235889, 0.106570005417, 0.189445048571, 0.14397212863, 0.169416755438, 0.133688181639, 0.0751948058605, 0.00550679629669, 0.000168750266312, 3.89823035221e-05, 1.35078134917e-05, 8.80965399119e-06, 1.81759241968e-05]
    },
    "gfcc": {
        "mean": [-96.2157745361, 149.872680664, -177.119094849, 8.55016326904, -75.5997467041, -4.79333496094, -22.4049949646, -0.307870417833, -19.0762901306, -16.8615531921, 19.3521556854, -24.446647644, 8.35037899017],
        "cov": [[1900.3482666, -37.2967720032, -599.605285645, -118.245323181, 217.967010498, -167.580551147, 340.666229248, 59.7327613831, -29.0900535583, 19.9015598297, 201.571716309, -25.3072814941, -43.2695884705], [-37.2967720032, 418.39642334, 280.484924316, 34.4725723267, 85.6912460327, 87.3757400513, 83.9570159912, -27.7840900421, 57.0104179382, -10.8029317856, -34.8596611023, 8.86839675903, 2.33094906807], [-599.605285645, 280.484924316, 766.123779297, 263.1378479, -67.9964141846, 218.12663269, -101.99823761, -10.2012090683, 58.7875938416, -28.7384395599, -115.46157074, 34.3654937744, 52.299621582], [-118.245323181, 34.4725723267, 263.1378479, 472.868438721, 68.0538711548, 30.2896404266, -111.054634094, 34.1514472961, 65.0361022949, -30.1862564087, -61.9594764709, 9.13043212891, 22.2461986542], [217.967010498, 85.6912460327, -67.9964141846, 68.0538711548, 221.754882812, 15.4673967361, 89.2613754272, 57.3561210632, 22.1949100494, 36.3753433228, 26.7074451447, -14.2749357224, -22.3729228973], [-167.580551147, 87.3757400513, 218.12663269, 30.2896404266, 15.4673967361, 245.991119385, 75.2555847168, 3.42675614357, 9.94009971619, 19.7908878326, -36.9704818726, 6.88503074646, -22.4166488647], [340.666229248, 83.9570159912, -101.99823761, -111.054634094, 89.2613754272, 75.2555847168, 351.025390625, 83.1459655762, -59.8783378601, 60.3477973938, 135.66418457, 8.65770339966, -22.4482917786], [59.7327613831, -27.7840900421, -10.2012090683, 34.1514472961, 57.3561210632, 3.42675614357, 83.1459655762, 134.95765686, 17.8293018341, 23.2482910156, 33.3844604492, -8.81336975098, 14.6917495728], [-29.0900535583, 57.0104179382, 58.7875938416, 65.0361022949, 22.1949100494, 9.94009971619, -59.8783378601, 17.8293018341, 152.019195557, 12.6331806183, -69.3775024414, 7.52111387253, 6.0328245163], [19.9015598297, -10.8029317856, -28.7384395599, -30.1862564087, 36.3753433228, 19.7908878326, 60.3477973938, 23.2482910156, 12.6331806183, 88.824546814, 65.5811462402, 11.384180069, -6.43356466293], [201.571716309, -34.8596611023, -115.46157074, -61.9594764709, 26.7074451447, -36.9704818726, 135.66418457, 33.3844604492, -69.3775024414, 65.5811462402, 194.906921387, 41.6222190857, -0.0900401100516], [-25.3072814941, 8.86839675903, 34.3654937744, 9.13043212891, -14.2749357224, 6.88503074646, 8.65770339966, -8.81336975098, 7.52111387253, 11.384180069, 41.6222190857, 83.1778488159, 34.9018859863], [-43.2695884705, 2.33094906807, 52.299621582, 22.2461986542, -22.3729228973, -22.4166488647, -22.4482917786, 14.6917495728, 6.0328245163, -6.43356466293, -0.0900401100516, 34.9018859863, 104.560516357]],
        "icov": [[0.00103676901199, 0.000327775167534, 0.000380832090741, -0.000134411573526, -0.000761062605307, 0.000401238910854, -0.00123324675951, 0.00097774900496, -0.0011510848999, 0.0014972173376, -0.00103409215808, 0.000754091015551, -0.000313197990181], [0.000327775167534, 0.00845821108669, -0.00516769755632, 0.00213223602623, -0.00569504452869, 0.00293099693954, -0.00524517009035, 0.00658296560869, -0.00528568401933, 0.00495644845068, -0.00128309126012, 0.00179643649608, -0.000553840305656], [0.000380832090741, -0.00516769755632, 0.00629957392812, -0.00273669068702, 0.00427581835538, -0.00424183392897, 0.00312472670339, -0.00372879137285, 0.00257397303358, -0.00224213441834, 0.000502813840285, -0.0010100704385, -0.00104449363425], [-0.000134411573526, 0.00213223602623, -0.00273669068702, 0.00416983757168, -0.00322357914411, 0.00091417459771, 0.000308992806822, 0.000376160198357, -0.00168123736512, 0.00253738299944, -0.000883650325704, -3.80917190341e-05, 0.000163326258189], [-0.000761062605307, -0.00569504452869, 0.00427581835538, -0.00322357914411, 0.0109787620604, -0.00240108510479, 0.00232785590924, -0.00584365939721, 0.00333842565306, -0.00608607986942, 0.00211874418892, -0.000864037894644, 0.0012375357328], [0.000401238910854, 0.00293099693954, -0.00424183392897, 0.00091417459771, -0.00240108510479, 0.00971345789731, -0.00536247529089, 0.0029369792901, -0.000607288093306, -0.00152964191511, 0.0039408733137, -0.00165391690098, 0.00252903508954], [-0.00123324675951, -0.00524517009035, 0.00312472670339, 0.000308992806822, 0.00232785590924, -0.00536247529089, 0.0110674276948, -0.00777208199725, 0.00497881975025, -0.00331193977036, -0.00221490790136, -0.00149789056741, 0.000801512913313], [0.00097774900496, 0.00658296560869, -0.00372879137285, 0.000376160198357, -0.00584365939721, 0.0029369792901, -0.00777208199725, 0.0170602872968, -0.00762960873544, 0.00482014799491, -0.00369512313046, 0.00598436594009, -0.00390748819336], [-0.0011510848999, -0.00528568401933, 0.00257397303358, -0.00168123736512, 0.00333842565306, -0.000607288093306, 0.00497881975025, -0.00762960873544, 0.0158315971494, -0.0107716554776, 0.00922705791891, -0.00684739090502, 0.00215416448191], [0.0014972173376, 0.00495644845068, -0.00224213441834, 0.00253738299944, -0.00608607986942, -0.00152964191511, -0.00331193977036, 0.00482014799491, -0.0107716554776, 0.0256425701082, -0.0126675674692, 0.00489154458046, -0.0013722035801], [-0.00103409215808, -0.00128309126012, 0.000502813840285, -0.000883650325704, 0.00211874418892, 0.0039408733137, -0.00221490790136, -0.00369512313046, 0.00922705791891, -0.0126675674692, 0.0182737167925, -0.00986341945827, 0.00287538790144], [0.000754091015551, 0.00179643649608, -0.0010100704385, -3.80917190341e-05, -0.000864037894644, -0.00165391690098, -0.00149789056741, 0.00598436594009, -0.00684739090502, 0.00489154458046, -0.00986341945827, 0.02121302858, -0.00730983680114], [-0.000313197990181, -0.000553840305656, -0.00104449363425, 0.000163326258189, 0.0012375357328, 0.00252903508954, 0.000801512913313, -0.00390748819336, 0.00215416448191, -0.0013722035801, 0.00287538790144, -0.00730983680114, 0.0136961322278]]
    },
    "melbands": {
        "max": [0.00174768758006, 0.00357238552533, 0.000987804261968, 0.00330401631072, 0.00860129389912, 0.00959101691842, 0.00673270877451, 0.00660032080486, 0.00357362884097, 0.0122012794018, 0.0107297627255, 0.00889710895717, 0.00523717561737, 0.00423859711736, 0.00413556490093, 0.00186208856758, 0.00173824524973, 0.00184081343468, 0.000580258842092, 0.000224204341066, 0.000152366425027, 7.01451062923e-05, 0.00010811365064, 0.000307843467453, 0.000281400018139, 0.000286433612928, 0.00013932697766, 0.000206925804378, 4.02760742872e-05, 1.90423304502e-06, 2.0537988803e-06, 6.33082606782e-07, 1.75641605438e-06, 1.68666974787e-06, 1.28101976316e-06, 1.60388310633e-06, 2.69249972007e-06, 1.51592325892e-06, 1.20791776226e-06, 1.39507221775e-06],
        "mean": [9.84524594969e-05, 0.000189190817764, 6.5094740421e-05, 9.19586309465e-05, 0.00024869677145, 0.000601854233537, 0.000363190076314, 0.00016484214575, 0.000204388736165, 0.000480839225929, 0.000527170777787, 0.000487088400405, 0.000271503638942, 7.33147317078e-05, 7.90775447967e-05, 9.1431538749e-05, 5.35417493666e-05, 3.33000025421e-05, 1.43955376188e-05, 6.76995932736e-06, 3.64554216503e-06, 2.44558623308e-06, 2.59628109234e-06, 1.08417852971e-05, 1.6833682821e-05, 1.22765013657e-05, 7.26392408978e-06, 5.23823518961e-06, 8.42152246605e-07, 1.68008909895e-07, 1.09602012799e-07, 4.36349942845e-08, 5.3371991271e-08, 5.8743896858e-08, 4.7233100986e-08, 4.33166285063e-08, 4.03307929275e-08, 2.9972632376e-08, 2.41451285632e-08, 1.43882452619e-08],
        "min": [1.46334897977e-07, 3.50357709067e-07, 3.53358075245e-07, 5.44840361272e-07, 9.60636839409e-07, 1.43778174788e-06, 9.97974112238e-08, 1.85069552572e-07, 2.51140647833e-07, 1.84738254916e-07, 1.23524401374e-07, 1.4958375516e-07, 1.24089680753e-07, 1.04605824447e-07, 3.49129649635e-08, 2.51728557998e-08, 1.82477837285e-08, 3.55967024745e-08, 2.10978843285e-08, 1.82090360568e-08, 1.49715706499e-08, 5.63180213575e-09, 1.52162353828e-08, 1.45848542132e-08, 8.77390249343e-09, 7.02389391094e-09, 1.12829745547e-08, 1.32583766188e-08, 6.8336230008e-09, 3.42371442308e-09, 2.49996556789e-09, 2.79046874496e-09, 2.13230277879e-09, 2.18844897759e-09, 1.47123568883e-09, 1.44283318626e-09, 1.86402515645e-09, 1.7072717684e-09, 1.4508469981e-09, 1.03532682427e-09],
        "stdev": [0.000213922656258, 0.000467001431389, 0.000102734593384, 0.000168951009982, 0.000511385966092, 0.00115433346946, 0.000555016973522, 0.000408346153563, 0.000372142152628, 0.00105258135591, 0.00118470296729, 0.00100272370037, 0.000618962862063, 0.000286390539259, 0.000220240617637, 0.000207670964301, 0.000139632669743, 9.60498073255e-05, 3.60935009667e-05, 1.72265972651e-05, 1.05855497168e-05, 4.90947559229e-06, 5.04615309183e-06, 2.41082198045e-05, 3.25785513269e-05, 2.70407599601e-05, 1.32799204948e-05, 1.31501656142e-05, 2.05021910915e-06, 2.20115126126e-07, 1.89590110722e-07, 5.31368655743e-08, 9.36689303899e-08, 1.07125146087e-07, 8.61266258312e-08, 7.9430215294e-08, 1.23284692677e-07, 1.00865094055e-07, 8.31934130474e-08, 5.75456695628e-08]
    },
    "melbands128": {
        "max": [4.07857551181e-05, 0.000738139322493, 0.00313822180033, 0.00535262329504, 0.00563005544245, 0.00285194371827, 0.00151060859207, 0.00129002891481, 0.00152034685016, 0.002700811252, 0.00689836125821, 0.00917837955058, 0.0148313138634, 0.011461132206, 0.0148370470852, 0.0129689052701, 0.013943053782, 0.00653223600239, 0.0144886411726, 0.0120044890791, 0.00504028378054, 0.00740520050749, 0.00535618513823, 0.00750480033457, 0.0105646038428, 0.0275532472879, 0.0272401198745, 0.0194219760597, 0.0226183272898, 0.0103575000539, 0.0191647130996, 0.0147557854652, 0.00825242791325, 0.00192839186639, 0.0103658912703, 0.00526017602533, 0.00800595805049, 0.00903951376677, 0.00229681073688, 0.00252828653902, 0.00369618134573, 0.00586544256657, 0.00394661771134, 0.00187841244042, 0.0060963970609, 0.000867327966262, 0.000943964987528, 0.000962218968198, 0.0010924419621, 0.000425446720328, 0.00039164404734, 0.000610126182437, 0.000384680344723, 4.92442813993e-05, 2.85803253064e-05, 0.000121953809867, 8.62951565068e-05, 3.31387927872e-05, 6.41975202598e-05, 0.000492977385875, 0.000664652383421, 0.000488083023811, 0.000598387036007, 0.000572409131564, 0.000890591822099, 0.000494004867505, 0.000280158856185, 0.000443447963335, 0.000226238524192, 0.000243338945438, 0.000310493924189, 0.000349009467755, 3.35461118084e-05, 1.54749650392e-05, 4.29034162153e-06, 4.90017373522e-06, 5.03922046846e-06, 5.79512015975e-06, 2.11840642805e-06, 7.93013498424e-07, 6.69765711336e-07, 7.79486924785e-07, 1.38430925745e-06, 1.34050196721e-06, 3.20357275996e-06, 2.00804356609e-06, 1.48817662193e-06, 1.97746408048e-06, 1.66468225871e-06, 1.1458902236e-06, 1.18844548069e-06, 2.12876852856e-06, 1.62587195973e-06, 2.73425007435e-06, 4.59842203782e-06, 1.96251767193e-06, 1.27655778215e-06, 1.56139503815e-06, 1.20712525131e-06, 1.58080968049e-06, 2.09530753636e-06, 1.56303076437e-06, 3.72513909497e-07, 4.87862692466e-08, 8.20354895126e-09, 4.24015400569e-09, 4.02537514432e-09, 3.84773279904e-09, 3.68537866891e-09, 3.52833673389e-09, 3.38500116825e-09, 3.25333915363e-09, 3.13156633958e-09, 3.01516567269e-09, 2.9124664902e-09, 2.81555578852e-09, 2.7287234694e-09, 2.64484811829e-09, 2.56954613143e-09, 2.50297338411e-09, 2.44461451082e-09, 2.39276487513e-09, 2.34239072583e-09, 2.30216046226e-09, 2.26776042389e-09, 2.2410120426e-09, 2.22011808937e-09, 2.20819740271e-09],
        "mean": [2.42847067966e-06, 2.29340676015e-05, 0.000131452106871, 0.000254769052844, 0.000240299312281, 0.000105828185042, 6.50050642435e-05, 5.12012338731e-05, 6.44217725494e-05, 9.32694820222e-05, 0.000101990372059, 0.000142835342558, 0.000258140818914, 0.000411004730267, 0.00066461856477, 0.000731661508325, 0.000433459994383, 0.000302302360069, 0.000255915161688, 0.000210649828659, 8.6287058366e-05, 0.000119449825434, 0.000175808920176, 0.000362899707397, 0.000306504633045, 0.000589527713601, 0.000794240680989, 0.00035791224218, 0.000547065923456, 0.000376149808289, 0.000524141651113, 0.000568332325201, 0.000256739935139, 5.52973906451e-05, 0.000113360183605, 5.73198813072e-05, 4.21146833105e-05, 0.000100379933428, 8.01879577921e-05, 9.23817206058e-05, 9.11031966098e-05, 9.89014006336e-05, 4.64759141323e-05, 2.46108356805e-05, 7.06160426489e-05, 2.09109857678e-05, 1.50640125867e-05, 1.78921127372e-05, 1.27537723529e-05, 8.79208710103e-06, 5.37087635166e-06, 5.18941897099e-06, 5.26038093085e-06, 2.35045718e-06, 1.48443848502e-06, 3.29813155986e-06, 2.3144127681e-06, 1.59615763096e-06, 2.01556440516e-06, 5.52153915123e-06, 1.2532650544e-05, 1.36221406137e-05, 1.33660114443e-05, 1.79508388101e-05, 2.27025411732e-05, 1.16222236102e-05, 5.89656929151e-06, 9.72574252955e-06, 6.4570763243e-06, 5.90257741351e-06, 6.99296606399e-06, 4.13936641053e-06, 9.45760405102e-07, 5.26464020822e-07, 2.35239866697e-07, 1.42221679766e-07, 1.38153168905e-07, 1.94009601273e-07, 8.67544329708e-08, 6.0224920162e-08, 4.1165296949e-08, 3.62432395207e-08, 4.66527332321e-08, 5.12229405558e-08, 6.66142483396e-08, 5.61679200928e-08, 6.23689402346e-08, 5.15428979497e-08, 4.43554633023e-08, 4.5415990968e-08, 4.44466863314e-08, 4.28415098952e-08, 4.08907574467e-08, 4.12538625483e-08, 3.99746902247e-08, 3.49669697641e-08, 2.72676867752e-08, 2.35605082111e-08, 2.3552871653e-08, 2.62795154526e-08, 2.06520400781e-08, 1.3126937759e-08, 5.55422108306e-09, 2.49899057003e-09, 3.51237788854e-10, 1.18167272842e-11, 1.05365030936e-11, 9.54885389509e-12, 9.08711474124e-12, 8.70830577787e-12, 8.36639611757e-12, 8.05280061383e-12, 7.74915288188e-12, 7.46699750642e-12, 7.21594962602e-12, 6.98530643051e-12, 6.77813794675e-12, 6.5688565698e-12, 6.38655447971e-12, 6.22700545641e-12, 6.07765400507e-12, 5.94750334051e-12, 5.83633532128e-12, 5.72764882398e-12, 5.60384291054e-12, 5.4693983717e-12, 5.38226668095e-12, 5.34785497136e-12],
        "min": [8.85688800079e-10, 1.01317239043e-08, 2.91498274407e-08, 3.81830851381e-08, 8.96786929161e-08, 1.24210473018e-07, 7.66221148751e-08, 8.94566341003e-08, 7.52293658479e-08, 1.01877965619e-07, 1.43103065398e-07, 3.58947488621e-07, 8.60775628553e-08, 3.30752740751e-08, 2.30063534445e-07, 1.06739825867e-07, 5.56173134214e-08, 5.21258982644e-08, 3.958626138e-08, 2.19968825377e-08, 6.31730827649e-08, 6.78288856193e-08, 9.29310246534e-08, 1.19475075167e-07, 3.52746347687e-08, 3.61435432694e-08, 1.00638821721e-08, 7.14690244763e-08, 9.68018643022e-09, 3.91040302361e-08, 4.38357048438e-08, 4.8332449154e-08, 8.36398612591e-08, 3.29234737251e-08, 6.7565750328e-08, 2.3846510544e-08, 4.14847853847e-08, 1.02035615512e-08, 3.77810351893e-08, 2.09027302134e-08, 2.70791709056e-08, 9.63052659841e-09, 1.11196358787e-08, 7.33618232829e-09, 1.27294761398e-08, 1.20680159199e-08, 5.50522383236e-09, 1.57114392607e-08, 1.66876379382e-08, 6.71382327511e-09, 7.43927230928e-09, 3.83364362477e-09, 1.06498090346e-08, 6.42052855326e-09, 2.76349276795e-09, 2.33657848625e-09, 1.66424984904e-09, 2.89581225665e-09, 1.14686828923e-08, 9.84929382497e-09, 9.05767461035e-09, 1.13712106398e-08, 5.68944003021e-09, 5.80643888526e-09, 4.56660798065e-09, 3.94651067381e-09, 2.3538107019e-09, 4.25015800332e-09, 4.48695525179e-09, 8.69467786657e-09, 7.48129469486e-09, 4.1133776385e-09, 1.87431559162e-09, 2.36589192681e-09, 1.39739464444e-09, 2.45357223427e-09, 2.00608707424e-09, 1.95637905875e-09, 1.26959487368e-09, 1.51072054866e-09, 1.65560765097e-09, 1.53310930617e-09, 1.69596181543e-09, 1.49052081788e-09, 1.58033386377e-09, 1.45027501119e-09, 1.51118939584e-09, 1.89373206005e-09, 1.04112618526e-09, 1.155848528e-09, 7.57345686164e-10, 1.75300485239e-09, 1.60069646427e-09, 1.3549666944e-09, 1.56213197933e-09, 1.07611264344e-09, 1.1339984507e-09, 1.24822296943e-09, 9.63628621342e-10, 8.51520520762e-10, 1.07855413489e-09, 8.57525273013e-10, 6.00620164715e-10, 4.36610136934e-10, 1.64217858062e-11, 1.47086349719e-13, 7.42550552296e-14, 9.51260893515e-14, 6.56190122313e-14, 7.84455237313e-14, 7.98186590065e-14, 7.8069061632e-14, 8.9377032793e-14, 6.84512193564e-14, 8.32828814593e-14, 1.09315524298e-13, 1.02881699199e-13, 6.61940730636e-14, 7.21151654018e-14, 9.27210172248e-14, 8.59933191278e-14, 7.48440887174e-14, 7.57164106803e-14, 8.25190474762e-14, 5.55624170534e-14, 2.61342732394e-14, 3.08180634705e-15, 1.72284675057e-16],
        "stdev": [4.42544433099e-06, 6.74725160934e-05, 0.000343481166055, 0.000567526905797, 0.000705730170012, 0.000318712816807, 0.000124974816572, 9.93302965071e-05, 0.00012123806664, 0.000169484017533, 0.000290776428301, 0.000500420108438, 0.000761605275329, 0.000766434939578, 0.00158109795302, 0.00185046030674, 0.00090849067783, 0.00065980682848, 0.000669244676828, 0.000719730160199, 0.00026993904612, 0.000462871888885, 0.000399246811867, 0.000786817749031, 0.000865582551342, 0.00191085087135, 0.00254706689157, 0.00126132159494, 0.00185012305155, 0.00106610858347, 0.00160972762387, 0.00159776373766, 0.00076788692968, 0.000142700024298, 0.000577857950702, 0.000305789173581, 0.000312009156914, 0.000411096785683, 0.000196950291866, 0.000257851846982, 0.000341770937666, 0.000332771072863, 0.000217335007619, 9.9143544503e-05, 0.00029328445089, 6.15267199464e-05, 5.31902624061e-05, 6.89071166562e-05, 4.47623606306e-05, 2.81270840787e-05, 2.28780882026e-05, 3.02525859297e-05, 2.17399865505e-05, 4.23381743531e-06, 2.85953387902e-06, 9.12665655051e-06, 5.36600009582e-06, 3.24474058289e-06, 3.9136984924e-06, 2.02270821319e-05, 3.90537134081e-05, 4.03843587264e-05, 4.10145439673e-05, 5.02624388901e-05, 6.31636939943e-05, 4.46964731964e-05, 1.89101901924e-05, 2.75603524642e-05, 1.64997818501e-05, 1.67582566064e-05, 2.11316291825e-05, 1.9788465579e-05, 2.16634020944e-06, 1.07960772766e-06, 3.86546616937e-07, 3.04070255197e-07, 3.03078849129e-07, 4.89479134558e-07, 1.41335618764e-07, 7.9317189261e-08, 5.79926009436e-08, 5.62506485835e-08, 7.40741512573e-08, 8.6346972239e-08, 1.694879046e-07, 1.19921566011e-07, 1.07604058996e-07, 9.86364696587e-08, 9.50646992237e-08, 8.97774796726e-08, 7.46411146224e-08, 9.03493599935e-08, 8.93882088349e-08, 1.33691671067e-07, 1.63685228927e-07, 1.21363868288e-07, 9.65820134979e-08, 8.49389394375e-08, 7.77628130777e-08, 9.90291795233e-08, 8.5867831956e-08, 5.93755977718e-08, 2.01459382509e-08, 3.90190635358e-09, 4.85677331685e-10, 1.6008783188e-10, 1.52135026799e-10, 1.45242526339e-10, 1.39123421117e-10, 1.33178731931e-10, 1.27732283084e-10, 1.22791471435e-10, 1.18172027719e-10, 1.13786882694e-10, 1.099136962e-10, 1.06250716558e-10, 1.02986563721e-10, 9.9812109966e-11, 9.6949726025e-11, 9.44649219958e-11, 9.2250533601e-11, 9.03086702642e-11, 8.83909195837e-11, 8.6875860672e-11, 8.55844214942e-11, 8.45698441831e-11, 8.37842642487e-11, 8.33351859741e-11]
    },
    "mfcc": {
        "mean": [-718.699157715, 164.925491333, -36.0064888, 4.37868499756, -21.3023357391, -19.31366539, 11.3328952789, -2.90435552597, -20.1437397003, 10.0914125443, -3.83952212334, -8.48143959045, -2.46393036842],
        "cov": [[2109.45898438, -37.0330123901, -779.498596191, 77.2553329468, -154.528778076, -134.045028687, 188.875305176, 51.0350723267, -120.398826599, 175.138519287, 43.4956207275, -59.3577346802, 57.9275741577], [-37.0330123901, 493.392333984, 73.6416320801, -84.0390396118, -37.0563201904, 111.574943542, 67.6005554199, 39.6103591919, 52.7438621521, -8.02631092072, 45.5614814758, 46.2898330688, 18.800075531], [-779.498596191, 73.6416320801, 825.120544434, 65.8987579346, 146.410583496, 195.42350769, -108.100379944, 45.0374755859, 107.545669556, -79.0393981934, -70.111076355, 59.2335586548, -38.5002250671], [77.2553329468, -84.0390396118, 65.8987579346, 342.050567627, 157.221115112, -20.8244552612, -12.6985187531, 34.8740577698, 21.569355011, 46.4970588684, -42.8668251038, 3.48866534233, 38.9458885193], [-154.528778076, -37.0563201904, 146.410583496, 157.221115112, 244.010452271, 35.4198913574, -110.318893433, 10.7229175568, 77.7684631348, 1.95008945465, -23.734828949, -8.42253303528, -16.5930156708], [-134.045028687, 111.574943542, 195.42350769, -20.8244552612, 35.4198913574, 229.13835144, -3.43260645866, 47.35389328, 63.5288162231, -38.1403007507, 50.3867301941, 39.1115608215, -23.1218261719], [188.875305176, 67.6005554199, -108.100379944, -12.6985187531, -110.318893433, -3.43260645866, 368.268463135, 46.5389556885, -72.2146911621, 73.3989028931, 53.0507659912, 31.79662323, 101.50402832], [51.0350723267, 39.6103591919, 45.0374755859, 34.8740577698, 10.7229175568, 47.35389328, 46.5389556885, 105.903541565, 38.5128211975, 23.1723003387, 22.0606403351, 7.99263381958, 24.9644889832], [-120.398826599, 52.7438621521, 107.545669556, 21.569355011, 77.7684631348, 63.5288162231, -72.2146911621, 38.5128211975, 203.900558472, 1.72668981552, -11.2809410095, 23.1185970306, 6.20842552185], [175.138519287, -8.02631092072, -79.0393981934, 46.4970588684, 1.95008945465, -38.1403007507, 73.3989028931, 23.1723003387, 1.72668981552, 136.737182617, 18.7815494537, -11.6564846039, 17.2604827881], [43.4956207275, 45.5614814758, -70.111076355, -42.8668251038, -23.734828949, 50.3867301941, 53.0507659912, 22.0606403351, -11.2809410095, 18.7815494537, 161.06388855, 30.1334991455, -3.53824090958], [-59.3577346802, 46.2898330688, 59.2335586548, 3.48866534233, -8.42253303528, 39.1115608215, 31.79662323, 7.99263381958, 23.1185970306, -11.6564846039, 30.1334991455, 88.3676376343, 49.356262207], [57.9275741577, 18.800075531, -38.5002250671, 38.9458885193, -16.5930156708, -23.1218261719, 101.50402832, 24.9644889832, 6.20842552185, 17.2604827881, -3.53824090958, 49.356262207, 136.207290649]],
        "icov": [[0.000882187043317, -4.83309013362e-05, 0.000908865593374, -0.000407809857279, 0.000359222845873, -0.00044495795737, 7.62345516705e-05, -0.000608587462921, 0.000275970320217, -0.000623297411948, 0.000425537029514, -9.38258890528e-05, 0.000139409923577], [-4.83309013362e-05, 0.00253403140232, -6.86901039444e-05, 0.000615662487689, 8.89267030288e-05, -0.000881300948095, -0.000393809576053, -0.000280795415165, -0.000489318917971, -5.87357135373e-05, -2.90852949547e-05, -0.000602569198236, -7.11532484274e-05], [0.000908865593374, -6.86901039444e-05, 0.00303570367396, -0.000354769232217, -0.000574575795326, -0.00180237647146, 6.57569034956e-05, -0.00141778390389, 0.000377676798962, -0.000208452649531, 0.0021160019096, -0.00206070672721, 0.00122824171558], [-0.000407809857279, 0.000615662487689, -0.000354769232217, 0.00561893405393, -0.0039720707573, 0.000593442062382, -0.000160013209097, -0.00156017881818, 0.00101320934482, -0.0011456750799, 0.00119619583711, -0.00128901598509, -0.000999229494482], [0.000359222845873, 8.89267030288e-05, -0.000574575795326, -0.0039720707573, 0.00872385594994, -0.00104043469764, 0.00178010889795, 0.0011820551008, -0.00200027762912, -0.00054277543677, -0.00111547275446, 0.00245195883326, -0.0006063162582], [-0.00044495795737, -0.000881300948095, -0.00180237647146, 0.000593442062382, -0.00104043469764, 0.00863317586482, -0.00102212186903, -0.00215205992572, -0.00141841336153, 0.00249624811113, -0.00246867956594, -0.0018549526576, 0.00248300703242], [7.62345516705e-05, -0.000393809576053, 6.57569034956e-05, -0.000160013209097, 0.00178010889795, -0.00102212186903, 0.00535045517609, -0.00114175316412, 0.00192185805645, -0.0024551062379, -0.000687450927217, 0.000439436262241, -0.00360194407403], [-0.000608587462921, -0.000280795415165, -0.00141778390389, -0.00156017881818, 0.0011820551008, -0.00215205992572, -0.00114175316412, 0.0144048221409, -0.00277204555459, -0.000887027767021, -0.0024437897373, 0.00401006592438, -0.00294550810941], [0.000275970320217, -0.000489318917971, 0.000377676798962, 0.00101320934482, -0.00200027762912, -0.00141841336153, 0.00192185805645, -0.00277204555459, 0.00765852583572, -0.00179311959073, 0.00150347396266, -0.00206234841608, -0.000976857729256], [-0.000623297411948, -5.87357135373e-05, -0.000208452649531, -0.0011456750799, -0.00054277543677, 0.00249624811113, -0.0024551062379, -0.000887027767021, -0.00179311959073, 0.0108280945569, -0.00180060288403, 0.00156385020819, 0.000987763865851], [0.000425537029514, -2.90852949547e-05, 0.0021160019096, 0.00119619583711, -0.00111547275446, -0.00246867956594, -0.000687450927217, -0.0024437897373, 0.00150347396266, -0.00180060288403, 0.00987542700022, -0.00527975242585, 0.00281372037716], [-9.38258890528e-05, -0.000602569198236, -0.00206070672721, -0.00128901598509, 0.00245195883326, -0.0018549526576, 0.000439436262241, 0.00401006592438, -0.00206234841608, 0.00156385020819, -0.00527975242585, 0.0211498066783, -0.00907466839999], [0.000139409923577, -7.11532484274e-05, 0.00122824171558, -0.000999229494482, -0.0006063162582, 0.00248300703242, -0.00360194407403, -0.00294550810941, -0.000976857729256, 0.000987763865851, 0.00281372037716, -0.00907466839999, 0.0147776538506]]
    },
    "spectral_contrast_coeffs": {
        "max": [-0.428278237581, -0.426272571087, -0.443263411522, -0.562394618988, -0.577785968781, -0.678996145725],
        "mean": [-0.696112275124, -0.681819200516, -0.667097270489, -0.737237870693, -0.746318519115, -0.806671917439],
        "min": [-0.862443089485, -0.900664627552, -0.967362642288, -0.903678536415, -0.889410853386, -0.938981235027],
        "stdev": [0.0788719207048, 0.0861846655607, 0.0874082446098, 0.0611618384719, 0.063271202147, 0.0336364433169]
    },
    "spectral_contrast_valleys": {
        "max": [-5.99592971802, -5.25264215469, -6.06336164474, -6.99771308899, -7.19455194473, -9.69735527039],
        "mean": [-7.8605465889, -7.06586742401, -7.65137624741, -8.38515281677, -8.48638629913, -11.6919441223],
        "min": [-9.80783176422, -8.93216514587, -9.85061359406, -10.1912975311, -10.2075643539, -12.6054353714],
        "stdev": [0.694432854652, 0.640217125416, 0.625868320465, 0.581461429596, 0.538874208927, 0.362426578999]
    }
},
"rhythm": {
    "beats_count": 50,
    "beats_loudness": {
        "max": 0.0661173909903,
        "mean": 0.021677300334,
        "min": 0.0028975806199,
        "stdev": 0.0153666976839
    },
    "bpm": 92.4406890869,
    "bpm_histogram_first_peak_bpm": 92,
    "bpm_histogram_first_peak_weight": 0.617647051811,
    "bpm_histogram_second_peak_bpm": 98,
    "bpm_histogram_second_peak_spread": 0.33333337307,
    "bpm_histogram_second_peak_weight": 0.163265302777,
    "danceability": 0.979056477547,
    "onset_rate": 2.76855444908,
    "beats_loudness_band_ratio": {
        "max": [0.890653073788, 0.823204755783, 0.818389594555, 0.89833766222, 0.158768326044, 0.394331306219],
        "mean": [0.135359406471, 0.223734915257, 0.296851575375, 0.307170271873, 0.0459705591202, 0.0251314230263],
        "min": [0.000570858945139, 0.00415855506435, 0.034401409328, 0.0146577879786, 0.00259950291365, 0.000505371543113],
        "stdev": [0.207445368171, 0.21582698822, 0.186062753201, 0.259757548571, 0.0466392561793, 0.0554359443486]
    },
    "beats_position": [0.650158703327, 1.30031740665, 1.95047616959, 2.60063481331, 3.25079369545, 3.87773227692, 4.5046710968, 5.14321994781, 5.78176879883, 6.43192720413, 7.07047605515, 7.72063493729, 8.37079334259, 9.0093421936, 9.63628101349, 10.2748298645, 10.9249887466, 11.5635375977, 12.2136955261, 12.840634346, 13.4675731659, 14.1061220169, 14.756280899, 15.3251695633, 15.8940582275, 16.4861679077, 17.0898857117, 17.6703853607, 18.3321533203, 18.970703125, 19.6440811157, 20.3174591064, 20.9792289734, 21.6526069641, 22.3143768311, 22.9877548218, 23.6611328125, 24.3345127106, 25.0195007324, 25.6116104126, 26.2153282166, 26.8074378967, 27.3995456696, 28.014875412, 28.6302032471, 29.2455329895, 29.8608608246, 30.4878005981, 31.1031284332, 31.7184581757],
