{
"metadata": {
    "version": {
        "essentia": "2.1-beta5",
        "essentia_git_sha": "Undefined",
        "extractor": "music 2.0"
    },
    "audio_properties": {
        "analysis": {
            "equal_loudness": 0,
            "length": 12.7477550507,
            "sample_rate": 44100,
            "start_time": 0,
            "downmix": "mix"
        },
        "bit_rate": 192000,
        "length": 195.047622681,
        "lossless": 0,
        "number_channels": 2,
        "replay_gain": -3.53986167908,
        "sample_rate": 48000,
        "codec": "mp3",
        "md5_encoded": "73a74801b50519bbcb8e66c5b678189d"
    },
    "tags": {
        "file_name": "Yugoslavia_Brodovi_Vice Vukov.mp3",
        "encoding": ["Lavf58.29.100"]
    }
},
"lowlevel": {
    "average_loudness": 0.683559298515,
    "barkbands_crest": {
        "max": 22.581489563,
        "mean": 9.98258686066,
        "min": 3.36408495903,
        "stdev": 3.54959487915
    },
    "barkbands_flatness_db": {
        "max": 0.355851978064,
        "mean": 0.204237893224,
        "min": 0.0607332326472,
        "stdev": 0.0592816770077
    },
    "barkbands_kurtosis": {
        "max": 40.4992675781,
        "mean": 3.71979212761,
        "min": -1.62543952465,
        "stdev": 4.62875175476
    },
    "barkbands_skewness": {
        "max": 5.81104755402,
        "mean": 1.29760444164,
        "min": -2.13309645653,
        "stdev": 0.883838713169
    },
    "barkbands_spread": {
        "max": 59.3924026489,
        "mean": 14.697060585,
        "min": 1.08421099186,
        "stdev": 12.9676609039
    },
    "dissonance": {
        "max": 0.499522298574,
        "mean": 0.444875061512,
        "min": 0.293381929398,
        "stdev": 0.0426421388984
    },
    "dynamic_complexity": 10.0809860229,
    "erbbands_crest": {
        "max": 24.8690910339,
        "mean": 9.17650222778,
        "min": 2.25126433372,
        "stdev": 4.32563877106
    },
    "erbbands_flatness_db": {
        "max": 0.382049560547,
        "mean": 0.213374063373,
        "min": 0.0914612561464,
        "stdev": 0.0650920495391
    },
    "erbbands_kurtosis": {
        "max": 16.0490875244,
        "mean": 1.51669871807,
        "min": -1.51148748398,
        "stdev": 2.76206016541
    },
    "erbbands_skewness": {
        "max": 2.65998291969,
        "mean": 0.640793025494,
        "min": -1.68714356422,
        "stdev": 0.814486920834
    },
    "erbbands_spread": {
        "max": 99.4404144287,
        "mean": 28.7536869049,
        "min": 2.69228696823,
        "stdev": 23.5669784546
    },
    "hfc": {
        "max": 108.751754761,
        "mean": 8.08013820648,
        "min": 0.000185403157957,
        "stdev": 12.0906190872
    },
    "loudness_ebu128": {
        "integrated": -21.929567337,
        "loudness_range": 6.52804756165,
        "momentary": {
            "max": -17.4600162506,
            "mean": -28.6567821503,
            "min": -50.1881332397,
            "stdev": 10.4626779556
        },
        "short_term": {
            "max": -18.7110843658,
            "mean": -23.2251033783,
            "min": -40.0598068237,
            "stdev": 3.58436226845
        }
    },
    "melbands_crest": {
        "max": 33.026550293,
        "mean": 12.6488084793,
        "min": 4.45702552795,
        "stdev": 5.07553386688
    },
    "melbands_flatness_db": {
        "max": 0.410797685385,
        "mean": 0.256014615297,
        "min": 0.0860994234681,
        "stdev": 0.0668691322207
    },
    "melbands_kurtosis": {
        "max": 135.140411377,
        "mean": 10.2284564972,
        "min": -0.90332698822,
        "stdev": 16.1702823639
    },
    "melbands_skewness": {
        "max": 9.55498504639,
        "mean": 2.05699825287,
        "min": -1.78759562969,
        "stdev": 1.70330011845
    },
    "melbands_spread": {
        "max": 108.160591125,
        "mean": 14.2288446426,
        "min": 1.8135869503,
        "stdev": 10.7293901443
    },
    "pitch_salience": {
        "max": 0.804607152939,
        "mean": 0.596002161503,
        "min": 0.245098039508,
        "stdev": 0.0988368242979
    },
    "silence_rate_20dB": {
        "max": 1,
        "mean": 1,
        "min": 1,
        "stdev": 0
    },
    "silence_rate_30dB": {
        "max": 1,
        "mean": 0.996363639832,
        "min": 0,
        "stdev": 0.0601925738156
    },
    "silence_rate_60dB": {
        "max": 1,
        "mean": 0.300000011921,
        "min": 0,
        "stdev": 0.458254933357
    },
    "spectral_centroid": {
        "max": 3657.92456055,
        "mean": 906.983459473,
        "min": 341.077514648,
        "stdev": 661.116577148
    },
    "spectral_complexity": {
        "max": 34,
        "mean": 9.43454551697,
        "min": 0,
        "stdev": 7.20975875854
    },
    "spectral_decrease": {
        "max": -4.73645577512e-14,
        "mean": -4.06701605726e-09,
        "min": -3.83536082893e-08,
        "stdev": 5.10494269079e-09
    },
    "spectral_energy": {
        "max": 0.154619455338,
        "mean": 0.0160827506334,
        "min": 1.95581051798e-07,
        "stdev": 0.0202899575233
    },
    "spectral_energyband_high": {
        "max": 0.00319063710049,
        "mean": 4.21524018748e-05,
        "min": 2.04970866946e-08,
        "stdev": 0.000215809399378
    },
    "spectral_energyband_low": {
        "max": 0.00893094018102,
        "mean": 0.00190490856767,
        "min": 9.77627436782e-08,
        "stdev": 0.00165318034124
    },
    "spectral_energyband_middle_high": {
        "max": 0.0522737987339,
        "mean": 0.00240506255068,
        "min": 1.31135005077e-08,
        "stdev": 0.0054215490818
    },
    "spectral_energyband_middle_low": {
        "max": 0.100905023515,
        "mean": 0.0120268203318,
        "min": 5.57394983502e-08,
        "stdev": 0.0159048326313
    },
    "spectral_entropy": {
        "max": 8.39059352875,
        "mean": 7.09773635864,
        "min": 5.61814308167,
        "stdev": 0.672876179218
    },
    "spectral_flux": {
        "max": 0.212771892548,
        "mean": 0.0475344248116,
        "min": 0.000442245451268,
        "stdev": 0.0418052263558
    },
    "spectral_kurtosis": {
        "max": 54.5121116638,
        "mean": 10.9686355591,
        "min": 0.29354262352,
        "stdev": 8.82980918884
    },
    "spectral_rms": {
        "max": 0.0122820297256,
        "mean": 0.0031380886212,
        "min": 1.38134273584e-05,
        "stdev": 0.00241721025668
    },
    "spectral_rolloff": {
        "max": 5620.16601562,
        "mean": 851.892822266,
        "min": 64.599609375,
        "stdev": 702.427307129
    },
    "spectral_skewness": {
        "max": 5.80803585052,
        "mean": 2.33431005478,
        "min": 0.177841752768,
        "stdev": 1.02476549149
    },
    "spectral_spread": {
        "max": 13793045,
        "mean": 3252324.5,
        "min": 1354002.875,
        "stdev": 1611032.25
    },
    "spectral_strongpeak": {
        "max": 4.64355421066,
        "mean": 0.593016445637,
        "min": 0,
        "stdev": 0.732745468616
    },
    "zerocrossingrate": {
        "max": 0.18212890625,
        "mean": 0.038539595902,
        "min": 0.0126953125,
        "stdev": 0.0264183860272
    },
    "barkbands": {
        "max": [0.000161183765158, 0.00814895890653, 0.00271994294599, 0.00413227034733, 0.0451974868774, 0.0568672530353, 0.0306604914367, 0.0330515578389, 0.016443066299, 0.0156806427985, 0.0168584492058, 0.0303587540984, 0.0128063503653, 0.0106357345358, 0.00510871456936, 0.0015213303268, 0.00192384724505, 0.000766839249991, 0.00051859638188, 0.00253775436431, 0.00108549487777, 0.000852431345265, 0.000416197843151, 0.000131270368001, 3.43287501892e-05, 2.46720706087e-08, 1.09919593427e-08],
        "mean": [1.23367381093e-05, 0.00150907901116, 0.000268181291176, 0.000363735802239, 0.00314072193578, 0.00359381642193, 0.00180037179962, 0.00170125532895, 0.00110876269173, 0.000803338654805, 0.000498827314004, 0.000331380142597, 0.000356230069883, 0.000178692105692, 0.000136740607559, 7.76755186962e-05, 9.17696379474e-05, 2.91592023132e-05, 2.22245362238e-05, 2.51805558946e-05, 1.14111289804e-05, 1.2122822227e-05, 6.05345485383e-06, 2.91425681098e-06, 7.8572657003e-07, 7.0433070487e-10, 6.03190164483e-10],
        "min": [2.72494666831e-08, 4.98330123833e-08, 2.72275002544e-08, 8.12543987649e-09, 1.12431788324e-08, 1.39473375071e-08, 1.78477161938e-08, 3.85462195496e-09, 6.83803680346e-10, 4.60237820077e-10, 1.41926692621e-09, 8.07983679962e-10, 2.59619081788e-09, 2.54324139526e-09, 2.98412461408e-10, 3.60558943813e-10, 5.75636538436e-10, 9.18085996116e-10, 1.992082721e-09, 1.88914484056e-09, 7.09677339117e-09, 5.10759035066e-09, 3.19673798543e-09, 2.1323227628e-09, 2.15135997905e-09, 3.37950153972e-11, 2.96166910441e-11],
        "stdev": [1.77143629116e-05, 0.00155004952103, 0.000362235790817, 0.000577893690206, 0.00581280933693, 0.00611125538126, 0.00343542709015, 0.00355083751492, 0.00240799924359, 0.00192267540842, 0.00139653799124, 0.00176512892358, 0.0012063216418, 0.000664672174025, 0.000414345471654, 0.000187311597983, 0.000227698983508, 7.35271896701e-05, 5.53689496883e-05, 0.000168649406987, 6.7803717684e-05, 5.45555412828e-05, 2.87929360638e-05, 9.30356782192e-06, 2.13955127037e-06, 1.57842616755e-09, 1.24749299779e-09]
    },
    "erbbands": {
        "max": [0.190718412399, 1.97722315788, 2.53371691704, 8.439868927, 82.0269241333, 246.124420166, 387.875244141, 473.368377686, 421.218170166, 697.281616211, 849.716125488, 462.037536621, 496.161560059, 408.959289551, 544.800964355, 1516.23498535, 678.982116699, 615.470947266, 304.001739502, 85.9353027344, 91.8563156128, 85.4404220581, 46.0642814636, 31.420791626, 68.100692749, 110.045196533, 66.8355789185, 29.1526813507, 31.2262897491, 23.5124073029, 10.1213054657, 4.26042461395, 1.26045954227, 0.606270253658, 0.08576194942, 0.00324643868953, 0.000162086013006, 3.11608891934e-05, 7.91153215687e-05, 0.000178951522685],
        "mean": [0.0386421866715, 0.358421504498, 0.36749702692, 0.804150462151, 4.55833339691, 11.1861953735, 22.3441982269, 28.3331069946, 27.7687339783, 32.41040802, 35.2557945251, 30.8180751801, 19.2423934937, 23.7628326416, 18.8613185883, 16.1927032471, 18.1163196564, 11.4085187912, 7.2902879715, 5.55567741394, 4.63628578186, 4.66189813614, 1.95013582706, 1.21437132359, 1.30051541328, 1.21920585632, 0.562801063061, 0.505818843842, 0.364109992981, 0.247313782573, 0.158530071378, 0.0812885984778, 0.0359010249376, 0.0159936696291, 0.00204764329828, 7.70200640545e-05, 9.79049309535e-06, 2.03316153602e-06, 8.00961424829e-06, 1.8245080355e-05],
        "min": [1.71080534983e-06, 1.03722977656e-05, 3.00984320347e-05, 3.32319650624e-05, 1.44114355862e-05, 4.74376938655e-05, 8.92395983101e-05, 0.000123191231978, 0.000240861132625, 0.000202629918931, 5.19796521985e-05, 1.63959903148e-05, 9.14924203244e-06, 3.56620294042e-05, 5.93588592892e-05, 2.87726379611e-05, 0.000102293597593, 0.000177309193532, 3.49957917933e-05, 1.66118916241e-05, 2.01391176233e-05, 3.48411740561e-05, 5.30145916855e-05, 6.05511922913e-05, 0.000121293611301, 9.2374815722e-05, 9.2712121841e-05, 0.00040613533929, 0.000179739537998, 0.000130534666823, 9.62134290603e-05, 4.17707524321e-05, 3.98090851377e-05, 3.73343427782e-05, 7.30262354409e-06, 3.30365310219e-07, 6.10000583379e-08, 2.22129550309e-08, 5.16112086402e-09, 6.59029775196e-10],
        "stdev": [0.0399635508657, 0.364841759205, 0.381087064743, 1.07109200954, 8.96830844879, 23.8498878479, 41.6274261475, 48.0187568665, 46.3309402466, 64.9374465942, 77.2017440796, 66.8248291016, 49.0722694397, 51.3044433594, 49.7124443054, 87.2361984253, 59.0804672241, 39.5721626282, 23.9741172791, 11.6995782852, 11.5447158813, 12.0645303726, 4.52432870865, 2.73034763336, 4.78590679169, 8.0700378418, 3.73677706718, 1.91365540028, 1.91453254223, 1.61854255199, 0.716674566269, 0.299950897694, 0.0967419445515, 0.0402891375124, 0.00543852522969, 0.000202707306016, 1.44383875522e-05, 3.12125166602e-06, 1.01215118775e-05, 2.31183021242e-05]
    },
    "gfcc": {
        "mean": [-146.960144043, 160.255630493, -128.1275177, 34.0184249878, -69.9573669434, 14.142786026, -35.5846405029, 0.866965413094, -4.86482954025, -11.3899183273, 8.23759078979, -13.3228940964, 11.4716453552],
        "cov": [[12229.9648438, 3917.35620117, -1272.50537109, -2362.78295898, -37.0968894958, -1480.08703613, 313.132904053, -803.596496582, 781.09173584, -596.581665039, 450.405609131, -39.0722312927, 331.948272705], [3917.35620117, 2018.67419434, -158.078781128, -1098.27832031, 125.331283569, -627.567443848, 108.928627014, -270.259735107, 331.157714844, -204.099899292, 223.217651367, -24.2730197906, 156.539291382], [-1272.50537109, -158.078781128, 430.359985352, 223.869491577, -28.311794281, 99.8354873657, -45.8062477112, 72.0967330933, -44.9448280334, 53.2573738098, -19.855676651, 18.5234909058, 3.58506202698], [-2362.78295898, -1098.27832031, 223.869491577, 747.605224609, -41.4569740295, 371.594818115, -50.6012458801, 177.313537598, -188.066955566, 105.150588989, -133.148834229, 13.8995656967, -76.759727478], [-37.0968894958, 125.331283569, -28.311794281, -41.4569740295, 148.289855957, 19.5033378601, 12.5021505356, 14.0554256439, -3.98013472557, 0.736639797688, 15.7320451736, -18.9313240051, 0.550138413906], [-1480.08703613, -627.567443848, 99.8354873657, 371.594818115, 19.5033378601, 313.954956055, -13.0586853027, 105.079483032, -120.873321533, 55.8081169128, -83.4343948364, -3.37452363968, -47.9309539795], [313.132904053, 108.928627014, -45.8062477112, -50.6012458801, 12.5021505356, -13.0586853027, 85.3223800659, 18.3635025024, 32.7326545715, -12.622844696, 9.56467533112, -1.64475238323, 1.75352692604], [-803.596496582, -270.259735107, 72.0967330933, 177.313537598, 14.0554256439, 105.079483032, 18.3635025024, 138.305221558, -21.1141586304, 43.1415100098, -34.9848365784, -7.46084833145, -21.4519939423], [781.09173584, 331.157714844, -44.9448280334, -188.066955566, -3.98013472557, -120.873321533, 32.7326545715, -21.1141586304, 127.747596741, -8.43480300903, 35.115978241, -3.73851251602, 24.9380455017], [-596.581665039, -204.099899292, 53.2573738098, 105.150588989, 0.736639797688, 55.8081169128, -12.622844696, 43.1415100098, -8.43480300903, 85.0444412231, -3.37809824944, -2.86270618439, -21.5562419891], [450.405609131, 223.217651367, -19.855676651, -133.148834229, 15.7320451736, -83.4343948364, 9.56467533112, -34.9848365784, 35.115978241, -3.37809824944, 75.0015563965, 15.7223577499, 14.3412256241], [-39.0722312927, -24.2730197906, 18.5234909058, 13.8995656967, -18.9313240051, -3.37452363968, -1.64475238323, -7.46084833145, -3.73851251602, -2.86270618439, 15.7223577499, 48.0352745056, 19.3848056793], [331.948272705, 156.539291382, 3.58506202698, -76.759727478, 0.550138413906, -47.9309539795, 1.75352692604, -21.4519939423, 24.9380455017, -21.5562419891, 14.3412256241, 19.3848056793, 57.8161506653]],
        "icov": [[0.00119490048382, -0.000744945311453, 0.00211918214336, -0.00110101199243, 0.00136487651616, 0.000841476081405, -0.00150079897139, 0.00272417487577, -0.00302209029905, 0.00355192041025, -0.00282805599272, 0.00291339843534, -0.00234323740005], [-0.000744945311453, 0.0161413215101, -0.0100947385654, 0.0113401412964, -0.0119972722605, 0.0083075100556, -0.00829206220806, 0.00622156262398, -0.00932780373842, 0.0135068753734, -0.00610872078687, 0.0095228170976, -0.00680148415267], [0.00211918214336, -0.0100947385654, 0.0118695981801, -0.00877740327269, 0.00922534335405, -0.0036710544955, 0.00404178537428, -0.000757612870075, 0.000719297502656, -0.00301893427968, -0.0020258363802, -0.000917870027479, -0.00138509855606], [-0.00110101199243, 0.0113401412964, -0.00877740327269, 0.0144253773615, -0.00761209242046, 0.00253677507862, -0.00403220998123, -7.40803807275e-05, -0.00132485001814, 0.00474903220311, 0.00183487380855, 0.00100250751711, -0.000865176494699], [0.00136487651616, -0.0119972722605, 0.00922534335405, -0.00761209242046, 0.0183670036495, -0.00783681962639, 0.00470575597137, -0.00442153541371, 0.0060000307858, -0.00694399280474, -0.00212506158277, 0.000295624748105, 0.000764447206166], [0.000841476081405, 0.0083075100556, -0.0036710544955, 0.00253677507862, -0.00783681962639, 0.0160230379552, -0.00835645385087, 0.00528603140265, -0.00417691795155, 0.00915896426886, -0.00136610306799, 0.00676911650226, -0.00486999657005], [-0.00150079897139, -0.00829206220806, 0.00404178537428, -0.00403220998123, 0.00470575597137, -0.00835645385087, 0.0236967243254, -0.0129656028003, 0.00582631723955, -0.00966729689389, 0.00571903726086, -0.0114743150771, 0.00927299913019], [0.00272417487577, 0.00622156262398, -0.000757612870075, -7.40803807275e-05, -0.00442153541371, 0.00528603140265, -0.0129656028003, 0.0245536919683, -0.01540408656, 0.0129408789799, -0.0085714161396, 0.0139622064307, -0.00969524588436], [-0.00302209029905, -0.00932780373842, 0.000719297502656, -0.00132485001814, 0.0060000307858, -0.00417691795155, 0.00582631723955, -0.01540408656, 0.0331439301372, -0.0254059191793, 0.0145928356797, -0.0144718438387, 0.00885489396751], [0.00355192041025, 0.0135068753734, -0.00301893427968, 0.00474903220311, -0.00694399280474, 0.00915896426886, -0.00966729689389, 0.0129408789799, -0.0254059191793, 0.0455738343298, -0.0234979148954, 0.0220994185656, -0.0113481264561], [-0.00282805599272, -0.00610872078687, -0.0020258363802, 0.00183487380855, -0.00212506158277, -0.00136610306799, 0.00571903726086, -0.0085714161396, 0.0145928356797, -0.0234979148954, 0.0402837358415, -0.0266062617302, 0.0147452531382], [0.00291339843534, 0.0095228170976, -0.000917870027479, 0.00100250751711, 0.000295624748105, 0.00676911650226, -0.0114743150771, 0.0139622064307, -0.0144718438387, 0.0220994185656, -0.0266062617302, 0.0496403649449, -0.0255473088473], [-0.00234323740005, -0.00680148415267, -0.00138509855606, -0.000865176494699, 0.000764447206166, -0.00486999657005, 0.00927299913019, -0.00969524588436, 0.00885489396751, -0.0113481264561, 0.0147452531382, -0.0255473088473, 0.0370366945863]]
    },
    "melbands": {
        "max": [0.002098236233, 0.00138658599462, 0.00345291523263, 0.0091635575518, 0.0135663384572, 0.0105025470257, 0.0056600663811, 0.00690743327141, 0.00673420028761, 0.00256001250818, 0.00245926319622, 0.00157102011144, 0.00253528193571, 0.00282562011853, 0.00229897350073, 0.00105499336496, 0.00104021793231, 0.000448609673185, 0.000211193037103, 0.000146622638567, 0.000120545824757, 0.000115287679364, 4.05413884437e-05, 4.52091953775e-05, 2.41180405283e-05, 2.60680080828e-05, 0.000121265904454, 6.8993846071e-05, 5.1806699048e-05, 1.93625564862e-05, 1.43890692925e-05, 1.57914582815e-05, 1.96436085389e-05, 1.04832370198e-05, 6.75088267599e-06, 2.99322027786e-06, 2.40034773924e-06, 8.65749257173e-07, 7.69487769503e-07, 4.16599874598e-07],
        "mean": [0.000412543537095, 0.000284405454295, 0.000243125992711, 0.000541779212654, 0.00077596551273, 0.0006630353746, 0.000412116147345, 0.000355998345185, 0.000293331540888, 0.000162696218467, 9.05859560589e-05, 9.59397075349e-05, 7.45238503441e-05, 3.53277173417e-05, 4.54065011581e-05, 3.22477571899e-05, 1.88592948689e-05, 1.06595807665e-05, 7.83215364208e-06, 6.38279561826e-06, 5.36105426363e-06, 5.74386194785e-06, 2.09425343201e-06, 1.61212687999e-06, 8.66020570811e-07, 8.82686265413e-07, 1.08636163532e-06, 7.00790906194e-07, 3.54244946266e-07, 2.61181043015e-07, 3.3843394931e-07, 2.31170474763e-07, 1.56513522143e-07, 1.33736705266e-07, 9.74805445253e-08, 5.87593511625e-08, 4.68003591436e-08, 2.74592917293e-08, 1.7319996104e-08, 1.17380238862e-08],
        "min": [1.59821151868e-08, 1.48979921732e-08, 5.03962604981e-09, 1.93238913759e-09, 3.08764103174e-09, 2.82672307783e-09, 3.71062425231e-09, 1.92880067473e-09, 3.06932229632e-10, 9.12935560482e-11, 4.19396808948e-11, 1.32657967944e-10, 2.04093505984e-10, 1.08733133608e-10, 8.71730604368e-11, 3.32735089481e-10, 3.16729781291e-10, 5.24351430331e-11, 1.61111315261e-11, 2.73322579847e-11, 2.2442868744e-11, 4.23182287823e-11, 2.87780129588e-11, 4.95552557322e-11, 4.46861783687e-11, 9.02980606954e-11, 8.28001625597e-11, 5.52535205089e-11, 2.9876864871e-11, 1.48130410715e-10, 2.61918819966e-10, 9.29760227142e-11, 9.19058162907e-11, 6.41269815027e-11, 5.84990875185e-11, 3.64814255194e-11, 2.27612859116e-11, 2.52641275955e-11, 2.94753318975e-11, 3.66934885254e-11],
        "stdev": [0.000425621983595, 0.000245427538175, 0.000373403279809, 0.00106134242378, 0.00138153473381, 0.00111817813013, 0.000700941483956, 0.000689781212714, 0.000629589310847, 0.000355718279025, 0.000240159031819, 0.000208644938539, 0.000209576814086, 0.000166676734807, 0.000179692317033, 9.76651135716e-05, 6.76012059557e-05, 3.59558798664e-05, 1.95828997676e-05, 1.41367245305e-05, 1.41097762025e-05, 1.56526948558e-05, 4.57323039882e-06, 4.47792990599e-06, 1.98532643481e-06, 2.36310097534e-06, 6.77229945723e-06, 4.76052582599e-06, 2.67604150395e-06, 1.35423067604e-06, 1.07432538243e-06, 9.65023446042e-07, 1.29046873099e-06, 7.78140645252e-07, 4.56856554365e-07, 2.32798356592e-07, 1.68935599731e-07, 7.59560236929e-08, 4.37907985429e-08, 2.99490601208e-08]
    },
    "melbands128": {
        "max": [0.000127647828776, 0.00104350387119, 0.00365357636474, 0.00317676225677, 0.00118106708396, 0.00128245423548, 0.00192887510639, 0.00307254702784, 0.0106846606359, 0.00903899408877, 0.0185791999102, 0.0148008521646, 0.0157764218748, 0.0205091126263, 0.0145423486829, 0.0101608522236, 0.0121676661074, 0.00887835398316, 0.0127578787506, 0.0109158921987, 0.00746737606823, 0.0119168264791, 0.0113573605195, 0.00510434340686, 0.00582797266543, 0.000906455679797, 0.00113776873332, 0.00477982312441, 0.00136685266625, 0.00279748346657, 0.00123626249842, 0.00326461484656, 0.0046526202932, 0.0011906317668, 0.00114707264584, 0.00338754383847, 0.00812041945755, 0.00285294093192, 0.00259190029465, 0.00257286406122, 0.000494622800034, 0.00342589546926, 0.00111280870624, 0.000280529202428, 0.000221496055019, 0.00060972198844, 0.000899143167771, 0.000108555352199, 0.000139950177982, 0.000223116381676, 0.000304952351144, 9.28105655476e-05, 0.00022123636154, 0.000130560161779, 0.00024275163014, 0.000188123856788, 0.000103149461211, 7.34061468393e-05, 3.7062633055e-05, 3.49304973497e-05, 6.75620467518e-05, 5.06815667904e-05, 1.99007117772e-05, 2.7092786695e-05, 1.69695431396e-05, 3.13696145895e-05, 3.96596733481e-05, 5.49338001292e-05, 0.000201372749871, 0.000135151669383, 0.000105456987512, 2.90240041068e-05, 4.73725958727e-05, 8.65459587658e-05, 1.68959340954e-05, 2.40550052695e-05, 2.2871139663e-05, 2.09533209272e-05, 1.60460622283e-05, 1.67101497937e-05, 1.33361290864e-05, 1.68322512764e-05, 2.81330230791e-05, 1.89752972801e-05, 1.47106056829e-05, 1.57683316502e-05, 1.2181958482e-05, 9.49867262534e-06, 8.61440094013e-06, 5.45885768588e-06, 3.57676708518e-06, 3.05830985781e-06, 2.84767634184e-06, 2.93450102617e-06, 1.94765880224e-06, 1.32226318783e-06, 7.03670480107e-07, 6.98306564573e-07, 7.45328520679e-07, 9.61782575359e-07, 4.19734305979e-07, 3.6593155528e-07, 3.18242598496e-07, 2.16714681756e-07, 2.02060199683e-08, 1.52419588062e-08, 1.86930133594e-08, 2.83979084692e-09, 6.88908791124e-11, 6.63169033577e-11, 6.4277451417e-11, 6.21784290722e-11, 6.02952549e-11, 5.79432266057e-11, 5.59891265295e-11, 5.44050048068e-11, 5.27111375381e-11, 5.13398837332e-11, 4.98044730457e-11, 4.84122360256e-11, 4.73787259425e-11, 4.64880287043e-11, 4.56500878765e-11, 4.49492630616e-11, 4.4286584816e-11, 4.34923590198e-11, 4.30546188979e-11, 4.28009953868e-11],
        "mean": [8.71195243235e-06, 0.000205299293157, 0.000741329102311, 0.000525246490724, 0.000215717314859, 0.000130354936118, 0.000120538417832, 0.000218246786972, 0.000527027761564, 0.000449621205917, 0.000625566404779, 0.00081686739577, 0.000687897554599, 0.000940125319175, 0.00063608965138, 0.000572655815631, 0.000532607140485, 0.000347740075085, 0.000296546553727, 0.000400406046538, 0.000366047868738, 0.000274916616036, 0.000294670375297, 0.000271123630228, 0.000296017999062, 4.01368706662e-05, 5.57023086003e-05, 0.000137300870847, 5.50817421754e-05, 0.000137532493682, 7.28275626898e-05, 8.59086794662e-05, 0.000113777474326, 2.98733539239e-05, 2.78252155113e-05, 3.37551828125e-05, 5.82772299822e-05, 2.85787918983e-05, 5.90956078668e-05, 4.43720746262e-05, 1.20026779769e-05, 3.88357693737e-05, 2.28143599088e-05, 7.95311734691e-06, 5.22248546986e-06, 1.30319112941e-05, 1.68104797922e-05, 2.91445599032e-06, 6.2493159021e-06, 1.11372582978e-05, 4.58552767668e-06, 3.88355692849e-06, 6.401036444e-06, 4.1426669668e-06, 7.71107715991e-06, 7.07765593688e-06, 2.61953346126e-06, 3.36935386258e-06, 1.12903092031e-06, 1.27259602323e-06, 2.29699548981e-06, 1.22589972307e-06, 8.20188574835e-07, 7.94228355971e-07, 8.94331947165e-07, 8.31608815588e-07, 9.74406930254e-07, 8.39251811158e-07, 1.29560726236e-06, 1.12647501282e-06, 8.5212451495e-07, 3.51557218892e-07, 3.09552575573e-07, 4.51487181863e-07, 2.49053869084e-07, 3.18473468042e-07, 2.30746834973e-07, 1.93018209416e-07, 2.7173939543e-07, 6.93521087669e-07, 1.28324970206e-07, 1.25692650954e-07, 1.91860806353e-07, 1.68012732615e-07, 1.24947334257e-07, 1.15684287039e-07, 1.79687020818e-07, 9.07389221538e-08, 9.13968349892e-08, 9.84561268069e-08, 6.94722430694e-08, 4.08267908369e-08, 5.28963894908e-08, 5.31814094984e-08, 3.44337678371e-08, 4.25512816093e-08, 2.1560943253e-08, 1.49750754019e-08, 2.09718997723e-08, 1.27531603056e-08, 2.01042720249e-08, 9.53149825733e-09, 6.37180930241e-09, 4.06779721018e-09, 7.05007052737e-10, 1.32325608804e-10, 1.48924983456e-10, 1.75360420629e-11, 3.83019007136e-12, 3.69145382664e-12, 3.58542319098e-12, 3.47904257486e-12, 3.36720581973e-12, 3.25186492317e-12, 3.15709936492e-12, 3.10822851832e-12, 3.04442734043e-12, 2.83834891354e-12, 2.76404290081e-12, 2.68937107827e-12, 2.61328025192e-12, 2.56830082375e-12, 2.54155464036e-12, 2.48732805186e-12, 2.35959602551e-12, 2.14900493234e-12, 2.03449843778e-12, 2.00997204991e-12],
        "min": [1.46406984314e-08, 1.52578571999e-08, 1.65181042178e-08, 1.74090111216e-08, 1.63698938849e-08, 1.27006583028e-08, 7.46087813752e-09, 2.91149238052e-09, 7.96640420297e-10, 1.46012768543e-09, 2.92044211037e-09, 2.9246696176e-09, 3.14108783428e-09, 2.78224265848e-09, 2.5649995461e-09, 2.82636936078e-09, 3.70958019857e-09, 4.19182466516e-09, 3.40606098881e-09, 1.87779436445e-09, 1.25472665591e-09, 4.86097162522e-10, 1.66401253887e-10, 1.36849920285e-10, 9.20282738903e-11, 8.58136547932e-11, 5.54022452914e-11, 1.91611934652e-11, 3.88794829664e-11, 1.05208751433e-10, 1.60775226465e-10, 2.03507904972e-10, 2.08218775555e-10, 2.11534970096e-10, 1.71498829027e-10, 5.95830676464e-11, 3.22610341219e-11, 7.34427380022e-11, 1.12418734044e-10, 2.16267753705e-10, 3.90494414582e-10, 4.92852980649e-10, 4.20693563319e-10, 1.80307019315e-10, 4.19974714727e-11, 4.8606649955e-11, 3.88098234105e-11, 4.39190741067e-12, 6.71143522701e-12, 3.43641191891e-11, 3.01073471709e-11, 2.16145400189e-11, 1.74317244667e-11, 1.44738630803e-11, 5.32870449155e-11, 5.96943675046e-11, 2.14806904902e-11, 4.72409568061e-12, 3.21232138112e-11, 7.29663274246e-11, 5.57398432965e-11, 3.4040128355e-11, 2.11305868636e-11, 5.76209878422e-11, 6.2878764695e-11, 8.7482465716e-11, 1.37884995088e-10, 3.54630838584e-11, 1.14017705e-10, 7.15932452211e-11, 6.24585938525e-11, 3.4221615125e-11, 2.92530999424e-11, 2.63771834236e-11, 3.31314593816e-11, 6.33480629064e-11, 2.43134679057e-10, 3.18544746136e-10, 2.86070639399e-10, 2.08669886925e-10, 4.17491700933e-11, 8.88533344123e-11, 9.130991796e-11, 9.29799709448e-11, 9.71167729569e-11, 4.69802252656e-11, 7.18587897519e-11, 6.18987638923e-11, 4.03192618181e-11, 7.53322057512e-11, 5.34066263436e-11, 1.5674026313e-11, 2.61272999763e-11, 1.86876954883e-11, 2.51264304502e-11, 2.64701958269e-11, 1.52932076725e-11, 3.90986028276e-11, 3.4940970256e-11, 2.64339817396e-11, 1.34115166889e-11, 6.26076690491e-11, 3.01558118754e-11, 9.7898729054e-12, 3.94622832675e-12, 4.41897468053e-13, 2.51149361724e-13, 2.89429585984e-13, 1.86373973979e-13, 1.72981962955e-13, 2.04869243315e-13, 2.01185043017e-13, 1.13275674376e-13, 1.03235311738e-13, 2.09403552983e-13, 2.09341197805e-13, 1.39882056676e-13, 1.56046941861e-13, 1.42431219271e-13, 2.26896924643e-13, 1.115082351e-13, 1.01602530371e-13, 1.61514451444e-13, 1.17243237688e-13, 7.1522249115e-14, 3.64931033254e-14, 3.55760360001e-15, 2.84064224974e-16],
        "stdev": [1.194970082e-05, 0.000212956641917, 0.000781586917583, 0.000543106289115, 0.000226620803005, 0.000176761634066, 0.000204220865271, 0.00037073349813, 0.00112309108954, 0.00103361415677, 0.00159026589245, 0.00163102173246, 0.00161524012219, 0.00189036643133, 0.00123676098883, 0.00109858089127, 0.0010087544797, 0.000824762624688, 0.000955150229856, 0.000920306309126, 0.000837020517793, 0.000759588787332, 0.000873006356414, 0.000638144323602, 0.000730339670554, 8.15342355054e-05, 0.000132849701913, 0.000431890861364, 0.000136409260449, 0.000326920562657, 0.000163668693858, 0.000267454510322, 0.000365865329513, 8.63170207595e-05, 8.59521896928e-05, 0.000196925713681, 0.000452609412605, 0.000183239302714, 0.000224508199608, 0.00019500804774, 3.93500849896e-05, 0.000197841567569, 8.45122049213e-05, 2.81094417005e-05, 1.68772003235e-05, 5.31514488102e-05, 6.78129363223e-05, 9.54320603341e-06, 1.48648596223e-05, 2.53575217357e-05, 1.6577390852e-05, 1.09294724098e-05, 2.1201747586e-05, 1.19985152196e-05, 2.20364290726e-05, 2.44245438807e-05, 8.7107246145e-06, 7.38301696401e-06, 3.14232033816e-06, 3.41590066455e-06, 7.06484297552e-06, 3.97011990572e-06, 2.02876799449e-06, 1.98838893084e-06, 2.07896891879e-06, 2.32350521401e-06, 3.29014233102e-06, 3.84348550142e-06, 1.04955861389e-05, 8.33247759147e-06, 6.24830227025e-06, 1.80777010428e-06, 2.35284937844e-06, 4.37586140833e-06, 1.16259775496e-06, 1.5401528799e-06, 1.3621307744e-06, 1.05897936464e-06, 1.04580328752e-06, 2.10729172068e-06, 6.85843701831e-07, 1.02871251784e-06, 1.69485315382e-06, 1.39802784815e-06, 9.92588979898e-07, 8.60024158555e-07, 8.21381149763e-07, 5.66988148876e-07, 4.84487827634e-07, 3.91662013044e-07, 2.83326698991e-07, 1.99836421189e-07, 1.86761440091e-07, 2.08834023852e-07, 1.36086470093e-07, 1.32775355155e-07, 5.82309738206e-08, 3.74237352219e-08, 4.89444289542e-08, 5.02071202391e-08, 5.06118880139e-08, 2.54342200634e-08, 2.01123651067e-08, 1.22212888698e-08, 1.28159050039e-09, 6.86509349368e-10, 8.62714788497e-10, 1.23157137266e-10, 7.96104588502e-12, 7.64559509453e-12, 7.36776958887e-12, 7.0905859309e-12, 6.84200395992e-12, 6.59995409019e-12, 6.37215887694e-12, 6.16481865556e-12, 5.95753177693e-12, 5.82282702957e-12, 5.67240135071e-12, 5.52837159731e-12, 5.39478531292e-12, 5.28950190939e-12, 5.18136922256e-12, 5.09119482683e-12, 5.02005555181e-12, 4.96100469732e-12, 4.91666863472e-12, 4.89049165747e-12]
    },
    "mfcc": {
        "mean": [-775.796447754, 167.974899292, 8.28627109528, 15.2907314301, 2.24718284607, 0.250162959099, -5.09795475006, 1.46582746506, -1.89301466942, 1.19978010654, -1.38898551464, 1.66960990429, 2.00971221924],
        "cov": [[12256.9345703, 4308.61816406, -1463.91491699, -816.623962402, -877.318237305, -675.54284668, -857.738952637, -131.043243408, -320.508270264, -190.408889771, -202.482727051, 28.2224750519, -126.246513367], [4308.61816406, 2760.16381836, -461.065917969, -415.142181396, -256.479492188, -401.896759033, -385.641601562, -119.164176941, -141.270568848, -80.334815979, -36.3676834106, 7.98338603973, 2.7114906311], [-1463.91491699, -461.065917969, 454.561431885, 140.065887451, 84.1348114014, 70.7845840454, 58.573677063, 14.3495903015, 34.8446235657, 1.87345266342, 9.20430469513, -8.49305152893, 15.4825906754], [-816.623962402, -415.142181396, 140.065887451, 177.259033203, 66.5587310791, 49.1075019836, 67.378868103, 23.4888935089, 29.2950592041, 17.7511138916, 11.5659923553, -1.63074707985, 21.0451259613], [-877.318237305, -256.479492188, 84.1348114014, 66.5587310791, 155.355911255, 65.3736038208, 76.2714920044, 11.9372081757, 19.351228714, 21.2320995331, 9.19433021545, -18.4640750885, 3.69486451149], [-675.54284668, -401.896759033, 70.7845840454, 49.1075019836, 65.3736038208, 137.045776367, 80.8003005981, 19.8603515625, 20.224527359, 3.92269778252, 6.71731805801, -12.2132062912, -14.5071392059], [-857.738952637, -385.641601562, 58.573677063, 67.378868103, 76.2714920044, 80.8003005981, 147.49168396, 45.2818603516, 23.8657512665, 18.137254715, 10.9706916809, -4.03163099289, 6.2405962944], [-131.043243408, -119.164176941, 14.3495903015, 23.4888935089, 11.9372081757, 19.8603515625, 45.2818603516, 79.9790420532, 33.879650116, 0.894452214241, 2.2825512886, 4.87988328934, 0.788124144077], [-320.508270264, -141.270568848, 34.8446235657, 29.2950592041, 19.351228714, 20.224527359, 23.8657512665, 33.879650116, 89.6007080078, 29.0753765106, 17.628736496, 4.73819637299, -5.00093793869], [-190.408889771, -80.334815979, 1.87345266342, 17.7511138916, 21.2320995331, 3.92269778252, 18.137254715, 0.894452214241, 29.0753765106, 68.4799194336, 26.1129703522, 1.95598423481, 15.6117067337], [-202.482727051, -36.3676834106, 9.20430469513, 11.5659923553, 9.19433021545, 6.71731805801, 10.9706916809, 2.2825512886, 17.628736496, 26.1129703522, 57.7952423096, 26.7607460022, 6.67216825485], [28.2224750519, 7.98338603973, -8.49305152893, -1.63074707985, -18.4640750885, -12.2132062912, -4.03163099289, 4.87988328934, 4.73819637299, 1.95598423481, 26.7607460022, 56.3607521057, 16.3917770386], [-126.246513367, 2.7114906311, 15.4825906754, 21.0451259613, 3.69486451149, -14.5071392059, 6.2405962944, 0.788124144077, -5.00093793869, 15.6117067337, 6.67216825485, 16.3917770386, 58.3431892395]],
        "icov": [[0.000557097082492, -0.000581575965043, 0.000920115504414, -0.0005392114399, 0.0014470377937, -0.000702986086253, 0.00139633624349, -0.00119727803394, 0.00094627548242, -0.00100003334228, 0.00150947191287, -0.000641219317913, 0.00113944709301], [-0.000581575965043, 0.00165682018269, -0.000681793841068, 0.00200057285838, -0.0018843136495, 0.00269475742243, -0.00037241858081, 0.00115439784713, -0.000728224753402, 0.00193961896002, -0.0024255621247, 0.0015188754769, -0.00179329991806], [0.000920115504414, -0.000681793841068, 0.00472070742399, -0.00257800682448, 0.00161423604004, -0.0014192960225, 0.00299153942615, -0.00152124511078, 0.000713849090971, -0.000102726182377, 0.00184949568938, -0.000363964849385, 0.000924716528971], [-0.0005392114399, 0.00200057285838, -0.00257800682448, 0.0117746181786, -0.00328599358909, 0.00293571595103, -0.00186367530841, 0.000658428005408, -0.00180366763379, 0.00207643583417, -0.00289813196287, 0.00212180218659, -0.00466927792877], [0.0014470377937, -0.0018843136495, 0.00161423604004, -0.00328599358909, 0.0144004272297, -0.00446031242609, -0.000251631834544, -0.00169358903076, 0.00208858447149, -0.00411400198936, 0.0028962357901, 0.00141937297303, 0.00255431211554], [-0.000702986086253, 0.00269475742243, -0.0014192960225, 0.00293571595103, -0.00446031242609, 0.0172470305115, -0.00557133741677, 0.00236543617211, -0.00167116033845, 0.00448323693126, -0.0046780356206, 0.00341842370108, 0.00103791547008], [0.00139633624349, -0.00037241858081, 0.00299153942615, -0.00186367530841, -0.000251631834544, -0.00557133741677, 0.0191734377295, -0.0095786601305, 0.00452293967828, -0.00391632271931, 0.00281757325865, -0.00123677856755, 0.00108720583376], [-0.00119727803394, 0.00115439784713, -0.00152124511078, 0.000658428005408, -0.00169358903076, 0.00236543617211, -0.0095786601305, 0.0215285401791, -0.00964654516429, 0.00610343925655, -0.00186676951125, 8.53655219544e-05, -0.00331956986338], [0.00094627548242, -0.000728224753402, 0.000713849090971, -0.00180366763379, 0.00208858447149, -0.00167116033845, 0.00452293967828, -0.00964654516429, 0.0194113422185, -0.00956104509532, 0.00137668696698, -0.00266556045972, 0.0064550419338], [-0.00100003334228, 0.00193961896002, -0.000102726182377, 0.00207643583417, -0.00411400198936, 0.00448323693126, -0.00391632271931, 0.00610343925655, -0.00956104509532, 0.0270717218518, -0.014189876616, 0.0086338724941, -0.0101305069402], [0.00150947191287, -0.0024255621247, 0.00184949568938, -0.00289813196287, 0.0028962357901, -0.0046780356206, 0.00281757325865, -0.00186676951125, 0.00137668696698, -0.014189876616, 0.0344711504877, -0.0180487111211, 0.00735453236848], [-0.000641219317913, 0.0015188754769, -0.000363964849385, 0.00212180218659, 0.00141937297303, 0.00341842370108, -0.00123677856755, 8.53655219544e-05, -0.00266556045972, 0.0086338724941, -0.0180487111211, 0.0304445289075, -0.0102638574317], [0.00113944709301, -0.00179329991806, 0.000924716528971, -0.00466927792877, 0.00255431211554, 0.00103791547008, 0.00108720583376, -0.00331956986338, 0.0064550419338, -0.0101305069402, 0.00735453236848, -0.0102638574317, 0.0264593176544]]
    },
    "spectral_contrast_coeffs": {
        "max": [-0.425609320402, -0.520295977592, -0.593804955482, -0.61229377985, -0.680481135845, -0.672623634338],
        "mean": [-0.730791091919, -0.775851070881, -0.788840889931, -0.821406066418, -0.826830923557, -0.810820281506],
        "min": [-0.929756999016, -0.933105111122, -0.939118027687, -0.927937090397, -0.923326432705, -0.919035077095],
        "stdev": [0.0979998186231, 0.0829397886992, 0.0716301649809, 0.0557301230729, 0.0436554774642, 0.0409160293639]
    },
    "spectral_contrast_valleys": {
        "max": [-5.70198106766, -4.58632421494, -5.47677755356, -6.25220251083, -6.87185287476, -9.35380935669],
        "mean": [-7.31256723404, -7.12819242477, -8.20656204224, -8.71353816986, -9.10173511505, -11.7955312729],
        "min": [-11.6802110672, -12.1566905975, -13.036860466, -13.3765392303, -12.7063369751, -14.459651947],
        "stdev": [1.1517534256, 1.58808815479, 1.30179643631, 1.10102128983, 0.785024821758, 0.419883161783]
    }
},
"rhythm": {
    "beats_count": 33,
    "beats_loudness": {
        "max": 0.0840094685555,
        "mean": 0.0202947482467,
        "min": 2.39802284341e-05,
        "stdev": 0.0222436636686
    },
    "bpm": 156.334182739,
    "bpm_histogram_first_peak_bpm": 157,
    "bpm_histogram_first_peak_weight": 0.407407402992,
    "bpm_histogram_second_peak_bpm": 167,
    "bpm_histogram_second_peak_spread": 0,
    "bpm_histogram_second_peak_weight": 0.125,
    "danceability": 0.783834218979,
    "onset_rate": 1.72422373295,
    "beats_loudness_band_ratio": {
        "max": [0.957045316696, 0.805698096752, 0.642748713493, 0.449567735195, 0.114398881793, 0.135571047664],
        "mean": [0.318431079388, 0.343979001045, 0.25135025382, 0.100493595004, 0.0264709182084, 0.0185411330312],
        "min": [0.0281375981867, 0.0309952031821, 0.00372474663891, 0.00631613191217, 0.0017932318151, 0.000241251080297],
        "stdev": [0.252092093229, 0.230357721448, 0.182145088911, 0.0914101004601, 0.0279098730534, 0.0342438109219]
    },
    "beats_position": [0.359909296036, 0.731428563595, 1.10294783115, 1.47446703911, 1.84598636627, 2.22911548615, 2.61224484444, 2.99537420273, 3.36689329147, 3.73841261864, 4.09832191467, 4.45823097229, 4.82975053787, 5.20126962662, 5.56117916107, 5.92108821869, 6.30421733856, 6.68734693527, 7.07047605515, 7.45360517502, 7.83673477173, 8.2198638916, 8.60299301147, 8.99773216248, 9.38086128235, 9.75238037109, 10.1355104446, 10.5186395645, 10.9017686844, 11.2848978043, 11.6680269241, 12.0395460129, 12.4110651016],
