{
"metadata": {
    "version": {
        "essentia": "2.1-beta5",
        "essentia_git_sha": "Undefined",
        "extractor": "music 2.0"
    },
    "audio_properties": {
        "analysis": {
            "equal_loudness": 0,
            "length": 48.7502937317,
            "sample_rate": 44100,
            "start_time": 29.0017242432,
            "downmix": "mix"
        },
        "bit_rate": 192000,
        "length": 164.32762146,
        "lossless": 0,
        "number_channels": 2,
        "replay_gain": -7.04538345337,
        "sample_rate": 48000,
        "codec": "mp3",
        "md5_encoded": "80f28bb834b2ab5e7cdecf961473dd8b"
    },
    "tags": {
        "file_name": "Austria_Vielleicht Geschieht Ein Wunder_Carmela Corren.mp3",
        "encoding": ["Lavf58.29.100"]
    }
},
"lowlevel": {
    "average_loudness": 0.782904684544,
    "barkbands_crest": {
        "max": 25.5465011597,
        "mean": 11.6742019653,
        "min": 2.84484004974,
        "stdev": 4.92571020126
    },
    "barkbands_flatness_db": {
        "max": 0.377923578024,
        "mean": 0.226585999131,
        "min": 0.0720816031098,
        "stdev": 0.0491378568113
    },
    "barkbands_kurtosis": {
        "max": 104.977531433,
        "mean": 5.18525791168,
        "min": -1.80606365204,
        "stdev": 9.05233573914
    },
    "barkbands_skewness": {
        "max": 8.36682510376,
        "mean": 1.38678789139,
        "min": -1.56727409363,
        "stdev": 1.21554374695
    },
    "barkbands_spread": {
        "max": 52.3262710571,
        "mean": 13.0551166534,
        "min": 0.674123227596,
        "stdev": 9.28030872345
    },
    "dissonance": {
        "max": 0.499850928783,
        "mean": 0.439624100924,
        "min": 0.257651925087,
        "stdev": 0.0425185523927
    },
    "dynamic_complexity": 3.96645498276,
    "erbbands_crest": {
        "max": 29.6451339722,
        "mean": 11.9978742599,
        "min": 2.95887470245,
        "stdev": 5.59989023209
    },
    "erbbands_flatness_db": {
        "max": 0.421248942614,
        "mean": 0.25624281168,
        "min": 0.1215364784,
        "stdev": 0.0544467121363
    },
    "erbbands_kurtosis": {
        "max": 42.5564155579,
        "mean": 1.99463164806,
        "min": -1.83268940449,
        "stdev": 5.19659471512
    },
    "erbbands_skewness": {
        "max": 5.44358539581,
        "mean": 0.716745316982,
        "min": -3.41755890846,
        "stdev": 1.04837405682
    },
    "erbbands_spread": {
        "max": 102.348693848,
        "mean": 24.127620697,
        "min": 1.64488899708,
        "stdev": 13.7121171951
    },
    "hfc": {
        "max": 99.8293609619,
        "mean": 12.673956871,
        "min": 0.0562046170235,
        "stdev": 16.3210258484
    },
    "loudness_ebu128": {
        "integrated": -18.7335662842,
        "loudness_range": 6.69745254517,
        "momentary": {
            "max": -11.8919620514,
            "mean": -20.3414783478,
            "min": -35.8494262695,
            "stdev": 3.85492181778
        },
        "short_term": {
            "max": -14.5379276276,
            "mean": -19.2414855957,
            "min": -24.2719306946,
            "stdev": 2.09471964836
        }
    },
    "melbands_crest": {
        "max": 31.3770923615,
        "mean": 14.5770053864,
        "min": 3.99048638344,
        "stdev": 5.76537466049
    },
    "melbands_flatness_db": {
        "max": 0.414446234703,
        "mean": 0.259421855211,
        "min": 0.0885128006339,
        "stdev": 0.0601680055261
    },
    "melbands_kurtosis": {
        "max": 121.776145935,
        "mean": 8.88533687592,
        "min": -1.84397518635,
        "stdev": 11.714805603
    },
    "melbands_skewness": {
        "max": 7.88099813461,
        "mean": 1.83129787445,
        "min": -1.57883381844,
        "stdev": 1.34404885769
    },
    "melbands_spread": {
        "max": 136.098754883,
        "mean": 17.4439353943,
        "min": 1.04685020447,
        "stdev": 14.3045816422
    },
    "pitch_salience": {
        "max": 0.838002443314,
        "mean": 0.538344562054,
        "min": 0.161186829209,
        "stdev": 0.124408371747
    },
    "silence_rate_20dB": {
        "max": 1,
        "mean": 1,
        "min": 1,
        "stdev": 0
    },
    "silence_rate_30dB": {
        "max": 1,
        "mean": 1,
        "min": 1,
        "stdev": 0
    },
    "silence_rate_60dB": {
        "max": 1,
        "mean": 0.137077584863,
        "min": 0,
        "stdev": 0.343925088644
    },
    "spectral_centroid": {
        "max": 4019.12402344,
        "mean": 1087.92907715,
        "min": 263.273803711,
        "stdev": 676.108825684
    },
    "spectral_complexity": {
        "max": 39,
        "mean": 12.0456924438,
        "min": 0,
        "stdev": 5.99903249741
    },
    "spectral_decrease": {
        "max": -2.16346281168e-11,
        "mean": -3.82483422712e-09,
        "min": -2.51492870973e-08,
        "stdev": 3.70760422364e-09
    },
    "spectral_energy": {
        "max": 0.101840533316,
        "mean": 0.0155853573233,
        "min": 9.89684194792e-05,
        "stdev": 0.015263389796
    },
    "spectral_energyband_high": {
        "max": 0.00534424604848,
        "mean": 0.000276076432783,
        "min": 8.7804278337e-07,
        "stdev": 0.00065545795951
    },
    "spectral_energyband_low": {
        "max": 0.0426974073052,
        "mean": 0.00210858485661,
        "min": 3.22875143866e-06,
        "stdev": 0.00425018183887
    },
    "spectral_energyband_middle_high": {
        "max": 0.0844613686204,
        "mean": 0.00488741649315,
        "min": 1.06626230263e-05,
        "stdev": 0.00944518111646
    },
    "spectral_energyband_middle_low": {
        "max": 0.0993623510003,
        "mean": 0.00851643644273,
        "min": 3.49625879608e-05,
        "stdev": 0.0114564215764
    },
    "spectral_entropy": {
        "max": 8.69073009491,
        "mean": 6.93763113022,
        "min": 5.65857934952,
        "stdev": 0.463395476341
    },
    "spectral_flux": {
        "max": 0.282211363316,
        "mean": 0.0562948435545,
        "min": 0.00457840505987,
        "stdev": 0.0356600023806
    },
    "spectral_kurtosis": {
        "max": 45.8740234375,
        "mean": 8.47188282013,
        "min": -0.86604809761,
        "stdev": 7.00062036514
    },
    "spectral_rms": {
        "max": 0.00996777880937,
        "mean": 0.00351377693005,
        "min": 0.000310732284561,
        "stdev": 0.00169073767029
    },
    "spectral_rolloff": {
        "max": 6115.4296875,
        "mean": 1135.48730469,
        "min": 86.1328125,
        "stdev": 861.75994873
    },
    "spectral_skewness": {
        "max": 5.38557004929,
        "mean": 1.80670559406,
        "min": -0.398408293724,
        "stdev": 0.911652028561
    },
    "spectral_spread": {
        "max": 27061920,
        "mean": 2779854.75,
        "min": 1350291.375,
        "stdev": 1027082.8125
    },
    "spectral_strongpeak": {
        "max": 10.5947132111,
        "mean": 1.38383555412,
        "min": 0.0129039390013,
        "stdev": 1.84384679794
    },
    "zerocrossingrate": {
        "max": 0.17236328125,
        "mean": 0.0412824265659,
        "min": 0.0048828125,
        "stdev": 0.021535795182
    },
    "barkbands": {
        "max": [0.000163689910551, 0.0209749881178, 0.0237839948386, 0.00506463367492, 0.041758403182, 0.0324352756143, 0.0317751914263, 0.0447819046676, 0.0894554704428, 0.0399122908711, 0.0698464214802, 0.0286420565099, 0.0354570634663, 0.0389624163508, 0.00753250485286, 0.00513950036839, 0.00512422109023, 0.00379200023599, 0.00517527014017, 0.00703911297023, 0.00373555161059, 0.000317968340823, 0.000291819713311, 0.000341527134879, 8.06156895123e-05, 1.9068293966e-07, 2.03642372298e-07],
        "mean": [6.67145013722e-06, 0.00109443056863, 0.000904548738617, 0.000271863857051, 0.0017770655686, 0.00189216597937, 0.000960267905612, 0.000809697026853, 0.00253806216642, 0.00098231586162, 0.00103870395105, 0.000603313208558, 0.00057656224817, 0.000793835672084, 0.000292707671179, 0.000154750945512, 0.000152355642058, 0.000124912156025, 0.000212921469938, 0.000309045251925, 7.17544025974e-05, 8.03036164143e-06, 5.166371011e-06, 3.353638931e-06, 8.63028162712e-07, 8.2318890593e-10, 7.41555761241e-10],
        "min": [9.85064740888e-09, 6.41773453935e-07, 2.57366139067e-07, 1.5290238764e-07, 2.49334834734e-06, 1.92395009435e-06, 8.20061416107e-07, 9.12023892852e-07, 8.44037685965e-07, 6.74086891195e-07, 9.43024190292e-07, 6.53600693568e-07, 5.73720058128e-07, 4.74725339927e-07, 4.33956785173e-07, 2.84584416477e-07, 2.10679687029e-07, 1.88517461197e-07, 2.01423134172e-07, 1.75277335757e-07, 1.31867167852e-07, 6.30351237874e-08, 8.1759012005e-08, 7.54283675519e-08, 4.57846098811e-08, 2.37443745221e-11, 2.8794692325e-11],
        "stdev": [1.03384809336e-05, 0.00211945641786, 0.00251240516081, 0.000451531872386, 0.00339105422609, 0.00310836755671, 0.00215213000774, 0.00296807358973, 0.00924441497773, 0.00308497832157, 0.00520490203053, 0.00167045264971, 0.00205136020668, 0.0025882110931, 0.000772261060774, 0.000393417401938, 0.000442827265942, 0.000295096891932, 0.000471196894068, 0.000715204048902, 0.000246740441071, 2.31793110288e-05, 1.82505882549e-05, 1.36105154525e-05, 3.28862643073e-06, 5.9700400179e-09, 6.32777164e-09]
    },
    "erbbands": {
        "max": [0.184998095036, 6.39073181152, 31.3983974457, 11.0324068069, 32.6131477356, 159.526107788, 543.096130371, 354.537231445, 264.348907471, 796.815246582, 1282.4239502, 957.007324219, 2254.578125, 1547.75488281, 2470.83032227, 629.266845703, 1263.80200195, 2186.69360352, 810.940612793, 288.078918457, 342.224151611, 348.922698975, 182.448501587, 141.257995605, 348.261108398, 247.514328003, 238.607498169, 38.9756774902, 12.200928688, 8.50934410095, 9.54146099091, 6.86993217468, 4.68597650528, 1.72485935688, 0.121550522745, 0.00433533731848, 0.000357847980922, 0.000127371749841, 5.19548193552e-05, 0.000117950476124],
        "mean": [0.0146760754287, 0.308625280857, 1.12631654739, 0.816572010517, 1.72115015984, 6.93274831772, 13.9985609055, 15.6431493759, 13.4904918671, 15.3871974945, 20.7186927795, 38.7902450562, 59.1554374695, 38.0244750977, 41.8748703003, 20.9875068665, 25.1521892548, 41.888961792, 23.4747104645, 11.8800125122, 8.58671855927, 9.3338136673, 6.87335300446, 8.22557353973, 13.276222229, 14.4818868637, 7.37131738663, 0.842520713806, 0.318675786257, 0.201737701893, 0.141779348254, 0.084582477808, 0.0478260554373, 0.0173516571522, 0.00205375510268, 8.18743792479e-05, 1.20481554404e-05, 3.37770302394e-06, 8.66676873557e-06, 1.85029657587e-05],
        "min": [1.22414194266e-05, 0.000187866346096, 0.000883881060872, 0.00116643472575, 0.00199213204905, 0.0114657878876, 0.012753399089, 0.0135711058974, 0.0217234306037, 0.0249225366861, 0.0335254631937, 0.0202962122858, 0.0253991112113, 0.0347470901906, 0.0403518863022, 0.0308418311179, 0.0337744131684, 0.0363140664995, 0.0331088937819, 0.0262261237949, 0.0173244606704, 0.0106664160267, 0.0104841915891, 0.0101284459233, 0.00970502477139, 0.00946814846247, 0.00621260236949, 0.00455807056278, 0.00253972946666, 0.00200928957202, 0.00234214332886, 0.00199233531021, 0.00126822805032, 0.00094469008036, 0.000180168848601, 7.48164529796e-06, 5.56339841751e-07, 8.70041532153e-08, 7.20879853588e-08, 1.26164678704e-07],
        "stdev": [0.026822546497, 0.624003887177, 3.09282469749, 1.19437563419, 2.56362175941, 13.8351755142, 29.4188137054, 27.1808071136, 27.3340053558, 43.8325462341, 77.0768890381, 111.289672852, 221.037887573, 131.645568848, 163.208694458, 51.0517539978, 78.8929748535, 140.049942017, 64.2178344727, 26.5629901886, 21.3172569275, 27.1392173767, 16.2576389313, 15.5805625916, 30.9765930176, 32.494228363, 20.2269268036, 1.89463317394, 0.886645317078, 0.641491472721, 0.513508915901, 0.311915904284, 0.197526812553, 0.0683916285634, 0.00642804661766, 0.000224703995627, 1.91216131498e-05, 5.61722254133e-06, 8.64005505719e-06, 1.83021420526e-05]
    },
    "gfcc": {
        "mean": [-102.380393982, 162.083343506, -159.206863403, 28.269739151, -65.5592422485, -4.40052938461, -25.1841964722, -6.07095193863, -14.8290138245, -14.458855629, 8.97360038757, -22.3871536255, 12.1699609756],
        "cov": [[2915.33154297, -391.836090088, -980.839111328, 146.283706665, 266.403259277, -192.158447266, 374.727966309, 21.7807102203, -100.295310974, 110.261421204, 57.680606842, -189.401077271, -50.6443786621], [-391.836090088, 607.945617676, 369.23324585, -167.939910889, 103.469490051, -14.8050460815, -29.3637447357, 4.85127258301, 83.0967102051, -43.3913726807, 54.9574775696, 24.3070068359, -12.2187299728], [-980.839111328, 369.23324585, 1007.35736084, 166.980148315, -205.624633789, 223.182678223, -280.128082275, 3.15905547142, 173.46055603, -99.629234314, -16.1290168762, 136.827545166, -44.0925636292], [146.283706665, -167.939910889, 166.980148315, 615.172851562, 62.5995979309, 25.0001049042, -69.9184646606, 56.2382659912, 44.8445053101, 9.86618995667, -34.6440010071, 59.686164856, 3.74208378792], [266.403259277, 103.469490051, -205.624633789, 62.5995979309, 322.770812988, -57.3064460754, 137.536087036, 45.8014640808, -18.8972911835, 53.6498603821, 35.7664108276, -22.6266345978, 41.8198776245], [-192.158447266, -14.8050460815, 223.182678223, 25.0001049042, -57.3064460754, 490.920135498, 72.1376419067, -50.4570960999, 27.5734615326, 39.0168075562, -42.8378639221, -20.9119758606, -61.3105163574], [374.727966309, -29.3637447357, -280.128082275, -69.9184646606, 137.536087036, 72.1376419067, 315.462890625, 27.7496871948, -69.6675186157, 85.5582122803, 20.2512798309, -77.3558197021, 18.6957588196], [21.7807102203, 4.85127258301, 3.15905547142, 56.2382659912, 45.8014640808, -50.4570960999, 27.7496871948, 154.010482788, 69.2231521606, -23.9845104218, 0.711309790611, 22.1812152863, 29.832069397], [-100.295310974, 83.0967102051, 173.46055603, 44.8445053101, -18.8972911835, 27.5734615326, -69.6675186157, 69.2231521606, 152.514480591, -18.7385578156, -15.2240610123, 43.4548225403, 2.73330402374], [110.261421204, -43.3913726807, -99.629234314, 9.86618995667, 53.6498603821, 39.0168075562, 85.5582122803, -23.9845104218, -18.7385578156, 128.082962036, 44.6590499878, -38.310382843, 2.17592096329], [57.680606842, 54.9574775696, -16.1290168762, -34.6440010071, 35.7664108276, -42.8378639221, 20.2512798309, 0.711309790611, -15.2240610123, 44.6590499878, 99.1820220947, 21.9933815002, -0.0827541351318], [-189.401077271, 24.3070068359, 136.827545166, 59.686164856, -22.6266345978, -20.9119758606, -77.3558197021, 22.1812152863, 43.4548225403, -38.310382843, 21.9933815002, 134.960159302, 50.0041313171], [-50.6443786621, -12.2187299728, -44.0925636292, 3.74208378792, 41.8198776245, -61.3105163574, 18.6957588196, 29.832069397, 2.73330402374, 2.17592096329, -0.0827541351318, 50.0041313171, 98.0933227539]],
        "icov": [[0.000732075015549, 0.000177055728273, 0.000703867641278, -0.000572659366298, 4.39639043179e-05, 0.000152650769451, -0.000813505321275, 0.000829986121971, -0.00122875568923, 0.00114282045979, -0.00127217010595, 0.000766935641877, 0.000334408337949], [0.000177055728273, 0.00669357087463, -0.00417199637741, 0.00262473081239, -0.00495743239298, 0.00195222999901, -0.00230151694268, 0.00307139055803, -0.00344779668376, 0.00340539170429, -0.0030098001007, 0.00204332824796, 0.000764394935686], [0.000703867641278, -0.00417199637741, 0.00572574604303, -0.00284682773054, 0.00388218672015, -0.00235579884611, 0.00174619792961, -0.000681386445649, -0.000771103368606, 0.00053668115288, -0.00113839679398, -0.000685131060891, -0.000369196844986], [-0.000572659366298, 0.00262473081239, -0.00284682773054, 0.0040405895561, -0.00317988474853, 0.000871239870321, 0.000606100191362, -0.00122049392667, 0.00113263260573, -0.00225564115681, 0.00291674258187, -0.00221228366718, 0.00190205220133], [4.39639043179e-05, -0.00495743239298, 0.00388218672015, -0.00317988474853, 0.00860586855561, -0.00120425783098, -0.000217770575546, -0.00190489727538, 0.00106410239823, -0.00146307458635, -0.000540617911611, 0.000167466627317, -0.00261228182353], [0.000152650769451, 0.00195222999901, -0.00235579884611, 0.000871239870321, -0.00120425783098, 0.00446750642732, -0.00327752809972, 0.00214388570748, -0.00157603877597, -0.00109241320752, 0.00229633483104, -0.00124153168872, 0.00321116787381], [-0.000813505321275, -0.00230151694268, 0.00174619792961, 0.000606100191362, -0.000217770575546, -0.00327752809972, 0.00965626817197, -0.00573561573401, 0.0056193061173, -0.00484526250511, 0.00190114194993, 0.000530552642886, -0.00231462693773], [0.000829986121971, 0.00307139055803, -0.000681386445649, -0.00122049392667, -0.00190489727538, 0.00214388570748, -0.00573561573401, 0.0152844972908, -0.0108987623826, 0.00872715935111, -0.00657925428823, 0.00418057385832, -0.00287823751569], [-0.00122875568923, -0.00344779668376, -0.000771103368606, 0.00113263260573, 0.00106410239823, -0.00157603877597, 0.0056193061173, -0.0108987623826, 0.0176969543099, -0.00910355895758, 0.00902357511222, -0.00651389732957, 0.00238810828887], [0.00114282045979, 0.00340539170429, 0.00053668115288, -0.00225564115681, -0.00146307458635, -0.00109241320752, -0.00484526250511, 0.00872715935111, -0.00910355895758, 0.0220079757273, -0.0160047058016, 0.010926050134, -0.00626586657017], [-0.00127217010595, -0.0030098001007, -0.00113839679398, 0.00291674258187, -0.000540617911611, 0.00229633483104, 0.00190114194993, -0.00657925428823, 0.00902357511222, -0.0160047058016, 0.0258470997214, -0.0138833746314, 0.00885217823088], [0.000766935641877, 0.00204332824796, -0.000685131060891, -0.00221228366718, 0.000167466627317, -0.00124153168872, 0.000530552642886, 0.00418057385832, -0.00651389732957, 0.010926050134, -0.0138833746314, 0.0214468352497, -0.0127983065322], [0.000334408337949, 0.000764394935686, -0.000369196844986, 0.00190205220133, -0.00261228182353, 0.00321116787381, -0.00231462693773, -0.00287823751569, 0.00238810828887, -0.00626586657017, 0.00885217823088, -0.0127983065322, 0.0212649330497]]
    },
    "melbands": {
        "max": [0.00333921285346, 0.0127891981974, 0.00219500740059, 0.00523361144587, 0.0169576946646, 0.00720755010843, 0.00383530161344, 0.0079087195918, 0.0112781971693, 0.00950712058693, 0.0112296016887, 0.00676973769441, 0.011148808524, 0.00388140417635, 0.00145986920688, 0.00383089995012, 0.00486669037491, 0.00186696276069, 0.000575381040107, 0.000492104969453, 0.000416306022089, 0.000340006488841, 0.000224909439567, 0.000133258872665, 0.000119618125609, 0.000224809846259, 0.000274991471088, 0.000176110319444, 0.000213903622353, 2.79509058601e-05, 2.11034857784e-05, 8.28183692647e-06, 5.29143017047e-06, 6.30226259091e-06, 6.85891018293e-06, 2.99599219034e-06, 5.73194620301e-06, 4.51019286629e-06, 1.92545667232e-06, 1.20253059777e-06],
        "mean": [0.000220476387767, 0.000514616956934, 0.000171608364326, 0.000281988992356, 0.000484281074023, 0.000348942354321, 0.00020469071751, 0.000165155375726, 0.000169650855241, 0.00030685288948, 0.000297126418445, 0.000146979189594, 0.000155940157128, 7.60803377489e-05, 4.4572429033e-05, 6.4437801484e-05, 7.89456462371e-05, 4.15961003455e-05, 1.92398601939e-05, 1.19402002383e-05, 9.04008174984e-06, 9.49417426455e-06, 7.2541101872e-06, 6.04612614552e-06, 6.3899133238e-06, 9.12640552997e-06, 9.39511937759e-06, 1.00864453998e-05, 6.46467242404e-06, 8.30024987408e-07, 2.76586575865e-07, 1.77840675519e-07, 1.37486225071e-07, 1.0166299802e-07, 8.80381989532e-08, 6.0598615903e-08, 4.82444519889e-08, 3.62120466946e-08, 2.37006396731e-08, 1.15158718117e-08],
        "min": [1.88691387848e-07, 4.55641611552e-07, 1.82083169875e-07, 3.73174657398e-07, 4.93804748203e-07, 3.49091266116e-07, 3.40184101333e-07, 1.85912270467e-07, 2.79069723774e-07, 1.03978507582e-07, 1.23764110072e-07, 1.31407219328e-07, 1.37055835125e-07, 7.95913237539e-08, 5.0227743742e-08, 7.58810116963e-08, 4.24950741262e-08, 3.71325299398e-08, 3.06856939858e-08, 2.33496830759e-08, 1.86858422069e-08, 9.60658130822e-09, 1.08926769826e-08, 6.85709533599e-09, 7.20587411962e-09, 7.6408088745e-09, 6.6907301921e-09, 5.03842478849e-09, 2.97277846784e-09, 3.21941184822e-09, 1.98453542488e-09, 1.5246134355e-09, 9.9861185987e-10, 1.23692711629e-09, 1.35412214775e-09, 1.03908870397e-09, 1.12401521424e-09, 7.58428098102e-10, 6.85403678258e-10, 6.81817990955e-10],
        "stdev": [0.000393117108615, 0.00123823632021, 0.000245425908361, 0.00047244183952, 0.000964529055636, 0.000578450795729, 0.000401926692575, 0.000463489966933, 0.000644167943392, 0.00103444443084, 0.00111130345613, 0.000543477421161, 0.000732417858671, 0.000211489765206, 0.000125560196466, 0.000231142767007, 0.000279500120087, 0.000131852706545, 4.99722773384e-05, 3.10214345518e-05, 2.47908901656e-05, 2.85219612124e-05, 2.11545757338e-05, 1.35925492941e-05, 1.28620295072e-05, 2.19641042349e-05, 2.27013169933e-05, 2.39815526584e-05, 1.86797624337e-05, 1.94014432964e-06, 8.40650727696e-07, 5.23627647908e-07, 4.22439256909e-07, 3.52064375875e-07, 3.42889848071e-07, 2.04358130418e-07, 2.05466733405e-07, 1.61748062055e-07, 9.54956576038e-08, 4.53123121247e-08]
    },
    "melbands128": {
        "max": [0.000114138805657, 0.00123354385141, 0.00379458162934, 0.013708146289, 0.019942317158, 0.00811933539808, 0.0019850935787, 0.00359878712334, 0.00428600795567, 0.00483683217317, 0.0121258553118, 0.0195777304471, 0.0250936336815, 0.010205601342, 0.013353113085, 0.00710172718391, 0.00820765923709, 0.0066593196243, 0.00987562164664, 0.0156348552555, 0.00991930812597, 0.0186984203756, 0.022380547598, 0.00976625923067, 0.0101243183017, 0.0132558690384, 0.0373477116227, 0.00684234499931, 0.00590121001005, 0.0126977888867, 0.0104952026159, 0.0224883891642, 0.0230551045388, 0.00627307873219, 0.0084149427712, 0.00270831258968, 0.00315264821984, 0.00224124686792, 0.00407097768039, 0.00658430997282, 0.00732166133821, 0.00756677426398, 0.00802636519074, 0.00698627671227, 0.00531588401645, 0.00220342376269, 0.00148251617793, 0.00134545622859, 0.000817641383037, 0.000834582198877, 0.00106720998883, 0.000830406730529, 0.00107512320392, 0.000481273804326, 0.000311810697895, 0.000591216376051, 0.000979979289696, 0.000632648472674, 0.000326691602822, 0.000184417891433, 0.000248102965998, 0.000315309880534, 0.000254480895819, 0.000229692755966, 0.000403357495088, 0.000395337672671, 0.00066373788286, 0.000541109533515, 0.000308772403514, 0.000329356058501, 0.000402878795285, 0.00047532748431, 0.00067286984995, 0.000498306646477, 8.31135112094e-05, 3.75574745703e-05, 2.00056601898e-05, 4.95278800372e-05, 1.57294398377e-05, 1.54935005412e-05, 7.79929177952e-06, 1.09712109406e-05, 6.67759786666e-06, 9.3479111456e-06, 5.66419885217e-06, 6.62906222715e-06, 1.17733361549e-05, 8.51845197758e-06, 9.40158679441e-06, 5.9789581428e-06, 4.89520789415e-06, 3.862097401e-06, 3.06430638375e-06, 3.50921663994e-06, 1.16676374091e-05, 6.38270103082e-06, 2.79246205537e-06, 2.73860791822e-06, 2.29966826737e-06, 1.52381221596e-06, 2.51631513493e-06, 9.7705378721e-07, 3.5303810364e-07, 1.94803035924e-07, 5.16060758571e-08, 1.12715223821e-08, 1.74303842471e-08, 1.36186140143e-09, 1.30794619579e-09, 1.25958343755e-09, 1.21270127273e-09, 1.16498677372e-09, 1.12295250876e-09, 1.08341291494e-09, 1.04974051673e-09, 1.01571107081e-09, 9.83063852544e-10, 9.5302277181e-10, 9.242452359e-10, 9.01906493933e-10, 8.80103601109e-10, 8.60193749563e-10, 8.43402070405e-10, 8.29239343858e-10, 8.16536005477e-10, 8.07361399957e-10, 8.00042587734e-10, 7.95429888623e-10],
        "mean": [4.50787865702e-06, 5.80263658776e-05, 0.000275470199995, 0.000592502765357, 0.000679623219185, 0.000360806967365, 0.000138015457196, 0.000153757166117, 0.000153422515723, 0.000204591095098, 0.000412004097598, 0.000547370291315, 0.000496615306474, 0.000430705375038, 0.00036577283754, 0.000316323566949, 0.000214950588997, 0.000195976826944, 0.000157597052748, 0.000196104389033, 0.000135690686875, 0.000175241235411, 0.000182630697964, 0.000155695335707, 0.000141076481668, 0.000352617556928, 0.00073759566294, 0.000152150474605, 0.00010596998618, 0.000181589028216, 0.000116188355605, 0.000169847553479, 0.000208493933314, 8.85203044163e-05, 0.000121178796689, 5.40703222214e-05, 3.97895673814e-05, 3.60170415661e-05, 5.84372937737e-05, 5.05299431097e-05, 4.50087536592e-05, 0.000124995436636, 7.09153464413e-05, 7.06631908542e-05, 5.57840430702e-05, 3.51276139554e-05, 2.71157496172e-05, 1.81532577699e-05, 1.69941176864e-05, 1.60414929269e-05, 9.27761175262e-06, 9.23912648432e-06, 1.41308137245e-05, 5.63338562642e-06, 5.4983111113e-06, 1.12217630885e-05, 1.18760390251e-05, 8.21585854283e-06, 5.6376206885e-06, 5.15886449648e-06, 6.17639761913e-06, 6.4815208134e-06, 6.24993981546e-06, 5.78359777137e-06, 7.65020558902e-06, 8.77212551131e-06, 9.52500158746e-06, 1.2906966731e-05, 7.17108969184e-06, 8.00132056611e-06, 1.19985552374e-05, 9.70901692199e-06, 9.19736612559e-06, 7.07791741661e-06, 1.54434769684e-06, 8.40519192025e-07, 4.13505887309e-07, 3.35542353014e-07, 2.6779144946e-07, 2.27005742204e-07, 1.69718290977e-07, 1.80392873972e-07, 1.32111438234e-07, 1.55486702624e-07, 1.17185571469e-07, 8.65815152906e-08, 1.14619332692e-07, 9.40921651704e-08, 9.51993683884e-08, 7.01651075019e-08, 7.01577747009e-08, 5.32378514606e-08, 5.42320641728e-08, 4.72318859579e-08, 4.84214446317e-08, 3.92532406579e-08, 3.45603616836e-08, 2.92232584798e-08, 2.58016044086e-08, 2.02444443431e-08, 1.4631297951e-08, 1.06895212681e-08, 6.86288892382e-09, 3.66948782471e-09, 6.78880396343e-10, 1.433590191e-10, 1.4669818138e-10, 1.67421632113e-11, 4.73785247146e-12, 4.55717668463e-12, 4.39302804203e-12, 4.23122214349e-12, 4.07640024166e-12, 3.93105513419e-12, 3.80681770829e-12, 3.69096463462e-12, 3.58538741231e-12, 3.4759270115e-12, 3.38457387117e-12, 3.2995780587e-12, 3.21478629307e-12, 3.15102870012e-12, 3.09786441291e-12, 3.03944673249e-12, 2.95126054671e-12, 2.83615123574e-12, 2.76819062464e-12, 2.74677242756e-12],
        "min": [4.42577663406e-09, 4.18631529442e-08, 5.04968085124e-08, 2.34069545968e-07, 3.32589905838e-07, 9.24646528233e-08, 3.81626428236e-08, 4.67078109523e-08, 3.9758809578e-08, 3.16757990504e-07, 3.75014764131e-07, 4.63144317564e-07, 1.24238397348e-07, 6.69822313171e-08, 1.68537454215e-07, 3.68361732228e-08, 8.26944912546e-08, 2.44739037925e-08, 1.40139931659e-07, 1.11638840394e-07, 1.24568506621e-08, 5.35003081836e-08, 3.24224807002e-08, 1.40129245096e-07, 6.66351382961e-08, 5.47229426218e-08, 9.07629100766e-08, 3.72079824729e-08, 4.46982362234e-08, 5.28986561221e-08, 2.99376132773e-08, 5.90814757118e-08, 3.5311309432e-08, 4.79605333226e-08, 1.45225271808e-08, 1.8158997861e-08, 7.1648331712e-09, 2.97720568199e-08, 1.45978589217e-08, 9.96949101051e-09, 1.06190629623e-08, 1.99744185636e-08, 1.23993908474e-08, 4.99099828133e-09, 6.84301637577e-09, 1.08537792087e-08, 1.59269735178e-08, 8.69560778938e-09, 9.04928576517e-09, 1.47358250047e-08, 1.15378036014e-08, 1.14022329356e-08, 9.40994127063e-09, 7.59238005799e-09, 5.34550226305e-09, 5.15269382717e-09, 5.40213562772e-09, 5.31284261029e-09, 5.57360912978e-09, 3.08233905066e-09, 3.11509751327e-09, 5.35709610006e-09, 2.71057287726e-09, 2.65509081387e-09, 4.35426539269e-09, 3.70510444547e-09, 2.995045989e-09, 3.33071570324e-09, 2.94336843787e-09, 4.90678697673e-09, 4.78195083531e-09, 2.85917556297e-09, 1.92211091488e-09, 2.10415351809e-09, 1.9191466194e-09, 1.42456246799e-09, 8.29125434976e-10, 1.4145208338e-09, 1.30284016908e-09, 1.52821133526e-09, 1.16658671612e-09, 9.67028013221e-10, 8.16457346176e-10, 9.6689822815e-10, 6.68634314582e-10, 7.81083142609e-10, 8.02971245051e-10, 1.00133246139e-09, 5.81954540113e-10, 3.98684973923e-10, 5.92354276741e-10, 4.83498463488e-10, 4.89916773816e-10, 7.56993134843e-10, 6.53242571147e-10, 6.12362049957e-10, 5.94930438247e-10, 4.90355200888e-10, 4.60499555155e-10, 5.02811903225e-10, 4.86829299096e-10, 4.76791106596e-10, 3.71115860265e-10, 2.12725254078e-10, 1.84812304349e-11, 2.34087868447e-13, 1.51950771844e-13, 1.20075119552e-13, 8.73293950175e-14, 7.63268978186e-14, 9.99666319233e-14, 1.00724611215e-13, 9.42516802994e-14, 7.64221043219e-14, 8.53771534807e-14, 7.59583842764e-14, 9.30137585876e-14, 8.64392447051e-14, 9.59232828801e-14, 8.73531864789e-14, 8.3922946988e-14, 9.38446572513e-14, 7.47377081555e-14, 8.23239046377e-14, 6.49877897265e-14, 2.40198147288e-14, 3.93143989721e-15, 1.42011466059e-16],
        "stdev": [7.70644055592e-06, 0.000136650589411, 0.000533585378435, 0.00130962359253, 0.00190390623175, 0.000934140000027, 0.000215508101974, 0.000282929249806, 0.000295477249892, 0.000338665064191, 0.000940008030739, 0.00140105269384, 0.00128655217122, 0.000966339313891, 0.000842298381031, 0.000671539222822, 0.000556406215765, 0.000589224859141, 0.000463491596747, 0.000772762577981, 0.000511881837156, 0.000747862854041, 0.00111822132021, 0.000564027111977, 0.00056191108888, 0.00137116713449, 0.00362362572923, 0.0004866340023, 0.000456501613371, 0.00088058039546, 0.000604871136602, 0.00113842182327, 0.00129650207236, 0.000389573629946, 0.000438018527348, 0.000184153745067, 0.000192877196241, 0.000135386231705, 0.000234753679251, 0.000285048794467, 0.000293414690532, 0.000597841513809, 0.00034291727934, 0.000410274544265, 0.000280455569737, 0.000148752063978, 0.000113617286843, 8.48149138619e-05, 5.99915038038e-05, 5.6828965171e-05, 4.825265205e-05, 3.68736800738e-05, 5.07132062921e-05, 2.1027177354e-05, 2.11120150198e-05, 4.26579499617e-05, 5.45120019524e-05, 3.57552344212e-05, 2.01899601961e-05, 1.69028553501e-05, 1.9211000108e-05, 1.83504889719e-05, 1.84352902579e-05, 1.62436153914e-05, 2.14737101487e-05, 3.03321976389e-05, 3.4492029954e-05, 4.65084012831e-05, 2.10417256312e-05, 2.11900623981e-05, 3.80993224098e-05, 3.3391504985e-05, 3.33923089784e-05, 3.03480264847e-05, 4.64956656288e-06, 2.24870223064e-06, 1.06520042209e-06, 1.45744286328e-06, 8.48333570502e-07, 7.39167091979e-07, 4.82945267777e-07, 6.48417994853e-07, 4.29395072388e-07, 5.21491529071e-07, 4.02975132374e-07, 3.08966690454e-07, 4.65085690848e-07, 3.86149224596e-07, 4.102566038e-07, 2.72217533848e-07, 2.5427533501e-07, 2.06886269893e-07, 1.87808410601e-07, 1.78931898631e-07, 3.10482846544e-07, 2.10922650012e-07, 1.34188169909e-07, 1.22088735566e-07, 1.13076708885e-07, 8.08078084447e-08, 7.34649745482e-08, 4.07703772964e-08, 2.14323154779e-08, 1.08061000148e-08, 2.45236031482e-09, 6.11766859393e-10, 6.74455158389e-10, 6.70355715382e-11, 4.06566655342e-11, 3.91332591332e-11, 3.77021087961e-11, 3.6182203067e-11, 3.49006483435e-11, 3.3654971171e-11, 3.26198408562e-11, 3.15620064806e-11, 3.05463189465e-11, 2.96149493817e-11, 2.87197089027e-11, 2.80203030917e-11, 2.7349959103e-11, 2.67288136069e-11, 2.62087313657e-11, 2.5770701545e-11, 2.53686099905e-11, 2.50955436987e-11, 2.4862381251e-11, 2.47203316844e-11]
    },
    "mfcc": {
        "mean": [-726.573913574, 172.237335205, -24.9111461639, 23.4895153046, -10.8675279617, -7.05722236633, 4.56466197968, -6.03839206696, -8.08162307739, 5.51861763, -9.24655818939, -3.30116987228, -1.9297529459],
        "cov": [[3439.05297852, -577.769592285, -1142.72998047, 301.471557617, -212.121002197, -25.6255512238, 349.669311523, -90.7820739746, -49.6700973511, 312.234191895, -62.5186157227, 65.7265777588, 9.38607311249], [-577.769592285, 861.045898438, 84.5174789429, -160.851364136, 45.7486457825, -73.9936065674, -2.16639280319, 15.5192489624, -47.603679657, -2.54437422752, 79.1247406006, -49.3518104553, -12.9912233353], [-1142.72998047, 84.5174789429, 1249.86865234, -130.276580811, 173.809555054, 190.392105103, -341.091766357, 173.398422241, 39.6908302307, -231.002059937, 143.441680908, 23.4288578033, -11.7743854523], [301.471557617, -160.851364136, -130.276580811, 514.013061523, 142.518325806, -137.171447754, 6.36241006851, 7.32262945175, 42.6142272949, -25.83984375, -81.9405822754, 105.699829102, 52.5408821106], [-212.121002197, 45.7486457825, 173.809555054, 142.518325806, 247.878143311, -1.72169244289, -110.122909546, 74.770362854, 38.7004508972, -53.8785018921, 12.0281476974, 28.3366470337, 34.8836021423], [-25.6255512238, -73.9936065674, 190.392105103, -137.171447754, -1.72169244289, 370.045623779, 90.9350662231, 10.7623977661, 58.8736343384, 12.3853769302, 97.3198242188, -23.0619754791, -1.72449505329], [349.669311523, -2.16639280319, -341.091766357, 6.36241006851, -110.122909546, 90.9350662231, 335.361663818, -52.8269538879, 0.0445535369217, 142.509277344, -7.16708755493, -0.377558112144, 5.18802642822], [-90.7820739746, 15.5192489624, 173.398422241, 7.32262945175, 74.770362854, 10.7623977661, -52.8269538879, 172.898422241, 62.1337852478, -35.9474258423, 25.4237308502, 7.48664283752, 12.5077352524], [-49.6700973511, -47.603679657, 39.6908302307, 42.6142272949, 38.7004508972, 58.8736343384, 0.0445535369217, 62.1337852478, 150.03465271, 18.61926651, -3.54934811592, 12.4205904007, 10.8496713638], [312.234191895, -2.54437422752, -231.002059937, -25.83984375, -53.8785018921, 12.3853769302, 142.509277344, -35.9474258423, 18.61926651, 210.889541626, 13.7283735275, -29.6331501007, -0.326966583729], [-62.5186157227, 79.1247406006, 143.441680908, -81.9405822754, 12.0281476974, 97.3198242188, -7.16708755493, 25.4237308502, -3.54934811592, 13.7283735275, 137.492782593, 6.92615652084, -12.4864253998], [65.7265777588, -49.3518104553, 23.4288578033, 105.699829102, 28.3366470337, -23.0619754791, -0.377558112144, 7.48664283752, 12.4205904007, -29.6331501007, 6.92615652084, 115.399375916, 28.1070137024], [9.38607311249, -12.9912233353, -11.7743854523, 52.5408821106, 34.8836021423, -1.72449505329, 5.18802642822, 12.5077352524, 10.8496713638, -0.326966583729, -12.4864253998, 28.1070137024, 77.832572937]],
        "icov": [[0.000620664970484, 0.000218809364014, 0.00064226007089, -0.000492410035804, 0.000532212317921, -0.000642240978777, 0.000550132826902, -0.000757819158025, 0.000781986454967, -0.000730623025447, -8.84978362592e-05, -0.000479738606373, 0.000270557124168], [0.000218809364014, 0.00178881024476, -2.86471390609e-06, 0.000726657395717, -0.000986963743344, 0.0013729177881, -0.00111543945968, 0.000283318950096, -0.000109128792246, 0.000472202402307, -0.00159864220768, 0.00075480871601, -0.000229036828387], [0.00064226007089, -2.86471390609e-06, 0.00251763081178, -0.000451452622656, 0.000504747848026, -0.00204858346842, 0.00236026966013, -0.0019133859314, 0.00119388487656, -0.000151273125084, -0.000556101906113, -0.0011579755228, 0.000648126297165], [-0.000492410035804, 0.000726657395717, -0.000451452622656, 0.00478451512754, -0.00361071736552, 0.00261069391854, -0.00226422981359, 0.00166739802808, -0.00193937309086, 0.0014605531469, 0.000560620101169, -0.00171732308809, -0.000571736309212], [0.000532212317921, -0.000986963743344, 0.000504747848026, -0.00361071736552, 0.00870478060097, -0.00276137376204, 0.00383232417516, -0.00305625144392, 0.00117787264753, -0.00155216793064, 0.000143791243318, -0.00015983384219, -0.00153193611186], [-0.000642240978777, 0.0013729177881, -0.00204858346842, 0.00261069391854, -0.00276137376204, 0.00823500007391, -0.00552730914205, 0.00350274448283, -0.00459960428998, 0.00333241652697, -0.00468057440594, 0.00311673735268, -0.00176127674058], [0.000550132826902, -0.00111543945968, 0.00236026966013, -0.00226422981359, 0.00383232417516, -0.00552730914205, 0.0092240255326, -0.00270102382638, 0.00298025808297, -0.004728930071, 0.00238441536203, -0.0028581507504, 0.000591511256061], [-0.000757819158025, 0.000283318950096, -0.0019133859314, 0.00166739802808, -0.00305625144392, 0.00350274448283, -0.00270102382638, 0.0104339094833, -0.00548565294594, 0.00278080021963, -0.00247484329157, 0.00204185466282, -0.00168368581217], [0.000781986454967, -0.000109128792246, 0.00119388487656, -0.00193937309086, 0.00117787264753, -0.00459960428998, 0.00298025808297, -0.00548565294594, 0.0116030378267, -0.00406886683777, 0.00329078547657, -0.00259957369417, 0.00126250495669], [-0.000730623025447, 0.000472202402307, -0.000151273125084, 0.0014605531469, -0.00155216793064, 0.00333241652697, -0.004728930071, 0.00278080021963, -0.00406886683777, 0.0100746368989, -0.00400980748236, 0.00382196111605, -0.0016180324601], [-8.84978362592e-05, -0.00159864220768, -0.000556101906113, 0.000560620101169, 0.000143791243318, -0.00468057440594, 0.00238441536203, -0.00247484329157, 0.00329078547657, -0.00400980748236, 0.0139302480966, -0.00474403658882, 0.00282427365892], [-0.000479738606373, 0.00075480871601, -0.0011579755228, -0.00171732308809, -0.00015983384219, 0.00311673735268, -0.0028581507504, 0.00204185466282, -0.00259957369417, 0.00382196111605, -0.00474403658882, 0.0141921946779, -0.0043367263861], [0.000270557124168, -0.000229036828387, 0.000648126297165, -0.000571736309212, -0.00153193611186, -0.00176127674058, 0.000591511256061, -0.00168368581217, 0.00126250495669, -0.0016180324601, 0.00282427365892, -0.0043367263861, 0.015976332128]]
    },
    "spectral_contrast_coeffs": {
        "max": [-0.345336973667, -0.441721767187, -0.422446995974, -0.536739706993, -0.594891309738, -0.657131552696],
        "mean": [-0.691632330418, -0.737873792648, -0.71944463253, -0.766176819801, -0.783615410328, -0.784484446049],
        "min": [-0.946755886078, -0.928968667984, -0.905608654022, -0.90100222826, -0.90554356575, -0.939322292805],
        "stdev": [0.0863149240613, 0.0778538063169, 0.0852299630642, 0.0682075545192, 0.0614647679031, 0.0389435067773]
    },
    "spectral_contrast_valleys": {
        "max": [-5.48900032043, -5.29630994797, -5.41961860657, -6.18589115143, -6.12349033356, -9.32560157776],
        "mean": [-7.34135818481, -6.97791910172, -7.83450889587, -8.33769607544, -8.39869403839, -11.8419237137],
        "min": [-9.76374721527, -9.47131824493, -9.77297878265, -10.2959671021, -10.3950681686, -12.8927726746],
        "stdev": [0.68890029192, 0.591583490372, 0.661173701286, 0.657118320465, 0.811468482018, 0.574387431145]
    }
},
"rhythm": {
    "beats_count": 93,
    "beats_loudness": {
        "max": 0.092489503324,
        "mean": 0.0197719242424,
        "min": 0.000117878218589,
        "stdev": 0.0167541131377
    },
    "bpm": 116.875312805,
    "bpm_histogram_first_peak_bpm": 117,
    "bpm_histogram_first_peak_weight": 0.469696938992,
    "bpm_histogram_second_peak_bpm": 112,
    "bpm_histogram_second_peak_spread": 0.0714285373688,
    "bpm_histogram_second_peak_weight": 0.141304343939,
    "danceability": 1.02234637737,
    "onset_rate": 2.7890625,
    "beats_loudness_band_ratio": {
        "max": [0.748612523079, 0.899895131588, 0.937377274036, 0.821799814701, 0.375372171402, 0.243022173643],
        "mean": [0.230481892824, 0.298657864332, 0.224663063884, 0.178720086813, 0.066959194839, 0.0349836573005],
        "min": [0.000445898098405, 0.00612871907651, 0.0135016059503, 0.00307601643726, 0.000885341549292, 0.000233338927501],
        "stdev": [0.206378519535, 0.243783861399, 0.192928954959, 0.208155184984, 0.0806628391147, 0.0540173538029]
    },
