{
"metadata": {
    "version": {
        "essentia": "2.1-beta5",
        "essentia_git_sha": "Undefined",
        "extractor": "music 2.0"
    },
    "audio_properties": {
        "analysis": {
            "equal_loudness": 0,
            "length": 48.7502937317,
            "sample_rate": 44100,
            "start_time": 158.987030029,
            "downmix": "mix"
        },
        "bit_rate": 192000,
        "length": 254.397827148,
        "lossless": 0,
        "number_channels": 2,
        "replay_gain": -11.8446941376,
        "sample_rate": 44100,
        "codec": "mp3",
        "md5_encoded": "6dba06328e62cce943da3adc5d6dec2a"
    },
    "tags": {
        "file_name": "Finland_Lapponia_Monica Aspelund.mp3",
        "encoding": ["Lavf58.29.100"]
    }
},
"lowlevel": {
    "average_loudness": 0.861019492149,
    "barkbands_crest": {
        "max": 23.2272434235,
        "mean": 8.65818214417,
        "min": 3.01077318192,
        "stdev": 4.16886281967
    },
    "barkbands_flatness_db": {
        "max": 0.341405361891,
        "mean": 0.170819282532,
        "min": 0.085034519434,
        "stdev": 0.0513566359878
    },
    "barkbands_kurtosis": {
        "max": 57.5440406799,
        "mean": 4.09614849091,
        "min": -1.38584017754,
        "stdev": 7.36064291
    },
    "barkbands_skewness": {
        "max": 5.34999799728,
        "mean": 0.8439001441,
        "min": -1.89071774483,
        "stdev": 1.27451574802
    },
    "barkbands_spread": {
        "max": 22.4345340729,
        "mean": 8.8862323761,
        "min": 0.928974211216,
        "stdev": 3.65839743614
    },
    "dissonance": {
        "max": 0.500000119209,
        "mean": 0.445765405893,
        "min": 0.195939779282,
        "stdev": 0.0520106106997
    },
    "dynamic_complexity": 3.42817759514,
    "erbbands_crest": {
        "max": 31.3548984528,
        "mean": 10.5057468414,
        "min": 3.7817504406,
        "stdev": 5.39217233658
    },
    "erbbands_flatness_db": {
        "max": 0.356119513512,
        "mean": 0.237950965762,
        "min": 0.128974854946,
        "stdev": 0.0358935929835
    },
    "erbbands_kurtosis": {
        "max": 32.8234863281,
        "mean": 1.39438247681,
        "min": -1.58669948578,
        "stdev": 2.56076788902
    },
    "erbbands_skewness": {
        "max": 4.01426935196,
        "mean": 0.356125801802,
        "min": -1.39583349228,
        "stdev": 0.805012226105
    },
    "erbbands_spread": {
        "max": 39.9574584961,
        "mean": 13.9127721786,
        "min": 2.85958814621,
        "stdev": 5.30386400223
    },
    "hfc": {
        "max": 60.6059913635,
        "mean": 17.9334449768,
        "min": 0.0546066835523,
        "stdev": 11.5876760483
    },
    "loudness_ebu128": {
        "integrated": -12.0170793533,
        "loudness_range": 9.12796115875,
        "momentary": {
            "max": -8.68265533447,
            "mean": -14.0316171646,
            "min": -29.7184391022,
            "stdev": 5.0260219574
        },
        "short_term": {
            "max": -10.2047309875,
            "mean": -13.4859600067,
            "min": -27.8143138885,
            "stdev": 4.07715749741
        }
    },
    "melbands_crest": {
        "max": 31.2822608948,
        "mean": 10.3152351379,
        "min": 2.90218067169,
        "stdev": 5.35124015808
    },
    "melbands_flatness_db": {
        "max": 0.451300501823,
        "mean": 0.243275791407,
        "min": 0.136079281569,
        "stdev": 0.0667094662786
    },
    "melbands_kurtosis": {
        "max": 50.8067588806,
        "mean": 3.20394706726,
        "min": -1.57636034489,
        "stdev": 5.38911533356
    },
    "melbands_skewness": {
        "max": 5.97309160233,
        "mean": 0.919411957264,
        "min": -1.53583025932,
        "stdev": 1.05114674568
    },
    "melbands_spread": {
        "max": 45.3638267517,
        "mean": 15.8616523743,
        "min": 1.06273841858,
        "stdev": 8.63866901398
    },
    "pitch_salience": {
        "max": 0.881925046444,
        "mean": 0.671413302422,
        "min": 0.128896579146,
        "stdev": 0.138679206371
    },
    "silence_rate_20dB": {
        "max": 1,
        "mean": 1,
        "min": 1,
        "stdev": 0
    },
    "silence_rate_30dB": {
        "max": 1,
        "mean": 1,
        "min": 1,
        "stdev": 0
    },
    "silence_rate_60dB": {
        "max": 1,
        "mean": 0.130890056491,
        "min": 0,
        "stdev": 0.337281554937
    },
    "spectral_centroid": {
        "max": 1810.00195312,
        "mean": 920.980834961,
        "min": 301.862213135,
        "stdev": 418.288146973
    },
    "spectral_complexity": {
        "max": 38,
        "mean": 18.8267498016,
        "min": 0,
        "stdev": 9.68844127655
    },
    "spectral_decrease": {
        "max": -2.01504854469e-11,
        "mean": -5.84927839498e-09,
        "min": -3.01168725514e-08,
        "stdev": 4.50552306575e-09
    },
    "spectral_energy": {
        "max": 0.117027379572,
        "mean": 0.0237031560391,
        "min": 8.10056008049e-05,
        "stdev": 0.0178447272629
    },
    "spectral_energyband_high": {
        "max": 0.000171499545104,
        "mean": 3.47605200659e-05,
        "min": 1.25339727219e-06,
        "stdev": 2.8569585993e-05
    },
    "spectral_energyband_low": {
        "max": 0.0247124247253,
        "mean": 0.000876585429069,
        "min": 5.73734268983e-06,
        "stdev": 0.00173580623232
    },
    "spectral_energyband_middle_high": {
        "max": 0.0489495918155,
        "mean": 0.00877751689404,
        "min": 1.02782532849e-05,
        "stdev": 0.00745466118678
    },
    "spectral_energyband_middle_low": {
        "max": 0.101988732815,
        "mean": 0.0149799045175,
        "min": 6.55454932712e-05,
        "stdev": 0.0160481017083
    },
    "spectral_entropy": {
        "max": 7.75300550461,
        "mean": 6.98958873749,
        "min": 5.17139816284,
        "stdev": 0.514549434185
    },
    "spectral_flux": {
        "max": 0.259306967258,
        "mean": 0.0804849341512,
        "min": 0.00826753396541,
        "stdev": 0.0398873649538
    },
    "spectral_kurtosis": {
        "max": 43.8552093506,
        "mean": 16.9451732635,
        "min": 5.62001609802,
        "stdev": 5.55222511292
    },
    "spectral_rms": {
        "max": 0.0106851793826,
        "mean": 0.0044075823389,
        "min": 0.000281122484012,
        "stdev": 0.00192307541147
    },
    "spectral_rolloff": {
        "max": 2347.11914062,
        "mean": 1185.85266113,
        "min": 301.46484375,
        "stdev": 552.655883789
    },
    "spectral_skewness": {
        "max": 5.36374187469,
        "mean": 3.02014780045,
        "min": 1.79147362709,
        "stdev": 0.567323148251
    },
    "spectral_spread": {
        "max": 20638686,
        "mean": 2298323,
        "min": 1596008.875,
        "stdev": 533133.875
    },
    "spectral_strongpeak": {
        "max": 8.22221565247,
        "mean": 1.43103718758,
        "min": 0.0131491255015,
        "stdev": 1.3613563776
    },
    "zerocrossingrate": {
        "max": 0.080078125,
        "mean": 0.0441310033202,
        "min": 0.0078125,
        "stdev": 0.0161501206458
    },
    "barkbands": {
        "max": [0.00128044071607, 0.0021425022278, 0.0106014348567, 0.0412728413939, 0.070310331881, 0.0437135510147, 0.0724185630679, 0.0632180273533, 0.0308172237128, 0.0509432889521, 0.0296080280095, 0.0349825508893, 0.011029179208, 0.00851363595575, 0.0073225395754, 0.00331004965119, 0.00441453419626, 0.00130840972997, 0.000806336291134, 0.000114604699775, 6.1664810346e-05, 3.62967948604e-05, 1.38438763315e-05, 8.83474785951e-06, 9.3276885309e-06, 7.93668186816e-06, 7.03956311554e-06],
        "mean": [4.59960792796e-05, 0.000132947374368, 0.000264387781499, 0.00103350740392, 0.00243086623959, 0.00332444207743, 0.00376819656231, 0.00220453762449, 0.00125639990438, 0.00236473302357, 0.00107152946293, 0.00232560234144, 0.000960207951721, 0.000887962989509, 0.000698303687386, 0.000446665420895, 0.000276012637187, 0.000118406300317, 4.7325513151e-05, 1.80179285962e-05, 9.5574396255e-06, 6.21972276349e-06, 2.97132055493e-06, 2.36909977502e-06, 2.59472130892e-06, 2.57056353803e-06, 8.13090139218e-07],
        "min": [5.89149529162e-09, 1.88192848327e-06, 6.97869154465e-07, 8.66133632371e-07, 8.99809856492e-06, 9.90832086245e-06, 4.99286761624e-06, 5.12929432261e-07, 2.16665125663e-06, 1.70370674368e-06, 4.89266199111e-07, 4.32737579104e-07, 1.93945936644e-07, 5.59462648653e-07, 3.17769348612e-07, 2.91598951208e-07, 2.27322033197e-07, 1.7986594969e-07, 1.18445441899e-07, 8.97740051187e-08, 7.413188996e-08, 5.84225610112e-08, 5.80945958006e-08, 7.88705847299e-08, 1.61003043786e-07, 1.3380594055e-07, 8.91248741475e-11],
        "stdev": [0.000102131736639, 0.000166855374118, 0.000621821382083, 0.00264457147568, 0.00463892519474, 0.00507476646453, 0.00747389765456, 0.00455912388861, 0.00183268182445, 0.00403542770073, 0.00210886495188, 0.00420406041667, 0.00122197926976, 0.00113065598998, 0.000836070335936, 0.000550273805857, 0.000355550582753, 0.000134019632242, 5.40510009159e-05, 1.95520169655e-05, 9.11895494937e-06, 6.28644693279e-06, 2.26014481086e-06, 1.65583912803e-06, 1.79320602456e-06, 1.66598510987e-06, 5.48349078144e-07]
    },
    "erbbands": {
        "max": [0.0496400035918, 0.608863294125, 7.66896390915, 59.0667533875, 221.239303589, 423.924133301, 521.45690918, 371.020202637, 1075.81396484, 1054.93566895, 1716.49035645, 623.419372559, 1812.91345215, 1750.23950195, 983.871643066, 1752.47705078, 446.221099854, 496.353027344, 461.69039917, 227.231735229, 164.176177979, 221.593063354, 76.1051025391, 58.1402549744, 12.84770298, 6.32887363434, 4.28550481796, 1.96512830257, 1.50382959843, 0.783535838127, 0.34583646059, 0.198868528008, 0.211004152894, 0.139806970954, 0.0502604208887, 0.0283029843122, 0.0198661591858, 0.00689669325948, 0.000981361838058, 0.000130003099912],
        "mean": [0.00358706736006, 0.0337459594011, 0.238564729691, 2.045566082, 5.50835847855, 8.24302768707, 14.0293722153, 29.0123767853, 63.9710388184, 32.4674720764, 57.4315490723, 30.1538047791, 68.008354187, 58.5096702576, 46.1990814209, 107.271980286, 50.5774116516, 49.5895881653, 40.4637451172, 31.0017795563, 22.8973655701, 14.4576568604, 7.50756645203, 3.77498936653, 1.7144087553, 0.861648261547, 0.477367520332, 0.334577381611, 0.23207744956, 0.15430764854, 0.0741748437285, 0.0385438278317, 0.0479880981147, 0.0337986834347, 0.0154709164053, 0.00913129933178, 0.00523874349892, 0.00205781450495, 5.83398104936e-05, 2.87300481432e-05],
        "min": [3.83532387787e-05, 0.000500097521581, 0.0014581407886, 0.0059840073809, 0.00936813373119, 0.0347137823701, 0.0280891489238, 0.073928296566, 0.0935965403914, 0.106378786266, 0.0913953408599, 0.0738675445318, 0.0588209033012, 0.0531994849443, 0.0378808937967, 0.016587946564, 0.0108533846214, 0.0293617080897, 0.0236194971949, 0.022689178586, 0.015842596069, 0.0131332194433, 0.0101623740047, 0.00713311880827, 0.00584230059758, 0.0043490473181, 0.00327223353088, 0.00272711901926, 0.00195105106104, 0.00158242508769, 0.00170626386534, 0.00198824540712, 0.000970164313912, 0.00047435212764, 0.00110798969399, 0.000649649999104, 0.000230217236094, 0.000152800042997, 5.83718338021e-06, 9.62913190961e-07],
        "stdev": [0.00481205899268, 0.0454251989722, 0.502788901329, 4.77948760986, 12.5322084427, 20.4018974304, 25.5063495636, 45.4225082397, 117.378631592, 69.7219619751, 123.32585907, 38.1829071045, 132.4559021, 91.8503875732, 65.9825057983, 206.496505737, 53.3407287598, 59.5717926025, 47.7367668152, 36.8460655212, 26.5517349243, 18.0497665405, 8.5923871994, 4.22002363205, 1.68265223503, 0.922490239143, 0.484929263592, 0.31432056427, 0.235015705228, 0.140238568187, 0.0539859086275, 0.0247897971421, 0.0372965820134, 0.0288861040026, 0.00829826109111, 0.00576524296775, 0.00383261498064, 0.000865836685989, 2.81625489151e-05, 2.02467799681e-05]
    },
    "gfcc": {
        "mean": [-48.8820037842, 123.114067078, -137.147247314, -28.9341068268, -50.0735397339, -4.55866622925, -44.1746826172, 0.0508118718863, -26.1954059601, 1.72478675842, -16.6675014496, 4.51905012131, -14.0266237259],
        "cov": [[4232.70849609, -30.8778915405, -1743.98852539, 127.666381836, 57.1390609741, 310.947875977, 68.204574585, 152.282394409, 14.4066066742, -52.5977516174, -22.0634231567, -66.7637710571, 101.160484314], [-30.8778915405, 414.393798828, 385.69720459, -38.2146263123, -111.068748474, -183.652175903, -60.3194961548, -67.9876251221, -54.0297431946, -94.5565032959, 8.92894935608, -76.8859710693, -48.5375900269], [-1743.98852539, 385.69720459, 1144.09692383, -54.280544281, -139.230392456, -306.628326416, -76.1827011108, -130.023468018, -64.6011276245, -58.9696159363, 28.4634895325, -38.0718040466, -88.5693359375], [127.666381836, -38.2146263123, -54.280544281, 131.053787231, 102.796409607, 27.5199604034, -17.9425067902, 28.945186615, 31.7857246399, -0.0290989484638, -41.276512146, -7.28939342499, -4.68780231476], [57.1390609741, -111.068748474, -139.230392456, 102.796409607, 191.03263855, 106.455963135, -4.03940868378, 35.5440444946, 56.4781265259, 19.2356700897, -81.9562606812, -5.42787647247, 1.63228905201], [310.947875977, -183.652175903, -306.628326416, 27.5199604034, 106.455963135, 211.206832886, 89.1965560913, 42.3437652588, 13.7667131424, 50.0666999817, -25.1448726654, 16.9670333862, 26.0473976135], [68.204574585, -60.3194961548, -76.1827011108, -17.9425067902, -4.03940868378, 89.1965560913, 89.5319824219, 30.7310600281, -15.931139946, 21.0916576385, 17.2286453247, 9.61679840088, 11.4468955994], [152.282394409, -67.9876251221, -130.023468018, 28.945186615, 35.5440444946, 42.3437652588, 30.7310600281, 68.2506484985, 44.585735321, 13.8323411942, -17.3729305267, 5.92893600464, 9.37973022461], [14.4066066742, -54.0297431946, -64.6011276245, 31.7857246399, 56.4781265259, 13.7667131424, -15.931139946, 44.585735321, 77.3394165039, 30.8172588348, -30.6919727325, 3.72539997101, 6.61148071289], [-52.5977516174, -94.5565032959, -58.9696159363, -0.0290989484638, 19.2356700897, 50.0666999817, 21.0916576385, 13.8323411942, 30.8172588348, 64.8199539185, 26.0378398895, 26.3594074249, 14.4479598999], [-22.0634231567, 8.92894935608, 28.4634895325, -41.276512146, -81.9562606812, -25.1448726654, 17.2286453247, -17.3729305267, -30.6919727325, 26.0378398895, 103.581352234, 46.504524231, 9.15371322632], [-66.7637710571, -76.8859710693, -38.0718040466, -7.28939342499, -5.42787647247, 16.9670333862, 9.61679840088, 5.92893600464, 3.72539997101, 26.3594074249, 46.504524231, 63.2108421326, 28.0822734833], [101.160484314, -48.5375900269, -88.5693359375, -4.68780231476, 1.63228905201, 26.0473976135, 11.4468955994, 9.37973022461, 6.61148071289, 14.4479598999, 9.15371322632, 28.0822734833, 46.5038452148]],
        "icov": [[0.00327178859152, -0.00643503339961, 0.00750634586439, -0.00553339952603, 0.00376517116092, 0.000454515742604, -0.00332066207193, 0.00355647224933, -0.00126232439652, -0.000713844608981, 0.00141090189572, -0.000911278126296, 0.00029199293931], [-0.00643503339961, 0.0244857911021, -0.0177813377231, 0.0111648105085, -0.0082987556234, -0.00360386352986, 0.00655179889873, 0.000176967005245, -0.0120607307181, 0.024366080761, -0.0220114383847, 0.0231024362147, -0.00799749419093], [0.00750634586439, -0.0177813377231, 0.0217436887324, -0.0142076807097, 0.00713247898966, 0.0125000327826, -0.0213084276766, 0.0187385547906, -0.00386175676249, -0.00888398382813, 0.0128337414935, -0.0123678278178, 0.00755759514868], [-0.00553339952603, 0.0111648105085, -0.0142076807097, 0.0272891670465, -0.0183162335306, -0.0019366084598, 0.018352355808, -0.0240336060524, 0.014081469737, -0.000837439903989, -0.00823969114572, 0.00783063843846, -0.00340940407477], [0.00376517116092, -0.0082987556234, 0.00713247898966, -0.0183162335306, 0.0320020653307, -0.0175721328706, 0.00730880489573, 0.00531201157719, -0.00841292459518, -0.000944416970015, 0.0151102785021, -0.0108959367499, 0.00582931470126], [0.000454515742604, -0.00360386352986, 0.0125000327826, -0.0019366084598, -0.0175721328706, 0.0543431006372, -0.0567582324147, 0.0316754430532, 0.000634602678474, -0.022836631164, 0.0243526622653, -0.0204204823822, 0.0111648291349], [-0.00332066207193, 0.00655179889873, -0.0213084276766, 0.018352355808, 0.00730880489573, -0.0567582324147, 0.108008429408, -0.0910860076547, 0.0569517277181, -0.0123756080866, -0.0191571768373, 0.0251877568662, -0.0170424785465], [0.00355647224933, 0.000176967005245, 0.0187385547906, -0.0240336060524, 0.00531201157719, 0.0316754430532, -0.0910860076547, 0.121339693666, -0.0913980305195, 0.0432879514992, -0.00101974827703, -0.0101567758247, 0.0116121601313], [-0.00126232439652, -0.0120607307181, -0.00386175676249, 0.014081469737, -0.00841292459518, 0.000634602678474, 0.0569517277181, -0.0913980305195, 0.11587625742, -0.0824964120984, 0.0403784066439, -0.020891148597, 0.00240189232863], [-0.000713844608981, 0.024366080761, -0.00888398382813, -0.000837439903989, -0.000944416970015, -0.022836631164, -0.0123756080866, 0.0432879514992, -0.0824964120984, 0.106945149601, -0.067060045898, 0.0450848676264, -0.0184035152197], [0.00141090189572, -0.0220114383847, 0.0128337414935, -0.00823969114572, 0.0151102785021, 0.0243526622653, -0.0191571768373, -0.00101974827703, 0.0403784066439, -0.067060045898, 0.0832764655352, -0.0692185908556, 0.0288202818483], [-0.000911278126296, 0.0231024362147, -0.0123678278178, 0.00783063843846, -0.0108959367499, -0.0204204823822, 0.0251877568662, -0.0101567758247, -0.020891148597, 0.0450848676264, -0.0692185908556, 0.0893746241927, -0.0403847545385], [0.00029199293931, -0.00799749419093, 0.00755759514868, -0.00340940407477, 0.00582931470126, 0.0111648291349, -0.0170424785465, 0.0116121601313, 0.00240189232863, -0.0184035152197, 0.0288202818483, -0.0403847545385, 0.0460564568639]]
    },
    "melbands": {
        "max": [0.000402755453251, 0.00318402377889, 0.0139349652454, 0.0155849223956, 0.0163288675249, 0.00922568608075, 0.0166187807918, 0.010048658587, 0.0125376414508, 0.0040213689208, 0.0092766629532, 0.00669144233689, 0.00405758572742, 0.00427813502029, 0.00250869989395, 0.001380002941, 0.000956133648288, 0.000714789144695, 0.000325618573697, 0.000292198528768, 0.000247081799898, 0.000330460316036, 9.79440592346e-05, 6.13217853243e-05, 5.86255955568e-05, 1.20513032016e-05, 7.08673860572e-06, 4.13208954342e-06, 3.79979837817e-06, 1.4106137769e-06, 1.17126296573e-06, 9.91018509922e-07, 5.85620512084e-07, 3.87052523365e-07, 2.5576090934e-07, 1.3624453743e-07, 1.18933719762e-07, 1.58903375791e-07, 1.55388306666e-07, 1.24159669213e-07],
        "mean": [3.68890359823e-05, 0.000114968956041, 0.000456942914752, 0.000482696807012, 0.000461405958049, 0.0007179172826, 0.000926631502807, 0.000332386232913, 0.000447635538876, 0.000176639077836, 0.000342186627677, 0.000239712913753, 0.000149040672113, 0.000229680925258, 0.000204284107895, 9.7062002169e-05, 9.0105131676e-05, 6.53414390399e-05, 4.88470795972e-05, 3.4816977859e-05, 2.55045288213e-05, 1.62394553627e-05, 9.26370194065e-06, 5.00315400132e-06, 2.8795182061e-06, 1.42974920436e-06, 8.45974795993e-07, 4.98205736221e-07, 3.17973842812e-07, 2.19956021397e-07, 1.82107584124e-07, 1.35405414881e-07, 1.05817342444e-07, 7.75728210556e-08, 4.63804994411e-08, 2.43944349165e-08, 2.32464731909e-08, 3.29612248606e-08, 3.31240634921e-08, 2.75092126856e-08],
        "min": [4.41618965397e-07, 1.06204095118e-06, 1.03894785752e-06, 1.36685207508e-06, 8.11129552858e-07, 1.39962162393e-06, 1.37546476253e-06, 3.944172704e-07, 2.39609846631e-07, 3.9721916778e-07, 2.60758241666e-07, 2.17019703541e-07, 6.14793762566e-08, 7.10171192964e-08, 2.24820499994e-08, 2.42265141281e-08, 4.12190885868e-08, 2.86818426787e-08, 2.92948403313e-08, 2.09116794991e-08, 1.62381699198e-08, 1.26178303361e-08, 8.54502779646e-09, 7.83406850502e-09, 4.83614792657e-09, 4.12272527228e-09, 2.97616264966e-09, 1.82010628791e-09, 1.60700885932e-09, 1.42093181665e-09, 1.24701071691e-09, 9.29181065423e-10, 8.87431295116e-10, 7.58987206417e-10, 8.25831902862e-10, 1.16982146192e-09, 9.80690084695e-10, 6.18437523414e-10, 3.6457689645e-10, 1.96355251503e-10],
        "stdev": [4.45878504252e-05, 0.000223993629334, 0.00102421548218, 0.00100566085894, 0.000835149083287, 0.00113837979734, 0.00171624508221, 0.000666657288093, 0.000958569522481, 0.000241717527388, 0.000671531015541, 0.000384217564715, 0.000276623031823, 0.000422468176112, 0.000316325749736, 0.000124581507407, 0.000113427304314, 8.08566474007e-05, 5.95325909671e-05, 4.30771870015e-05, 3.07374430122e-05, 2.25428193517e-05, 1.15078455565e-05, 5.5196469475e-06, 3.64276820619e-06, 1.46225863773e-06, 9.08133586108e-07, 5.62039474516e-07, 3.45238333921e-07, 2.16423146071e-07, 1.77707079274e-07, 1.42233758993e-07, 1.10950757914e-07, 6.92887596188e-08, 3.55617508774e-08, 1.7377855599e-08, 1.54746437886e-08, 2.66119783987e-08, 2.97425302165e-08, 2.37568880124e-08]
    },
    "melbands128": {
        "max": [0.000547885196283, 0.000453379179817, 0.000483266834635, 0.00136999040842, 0.002631502226, 0.00640157191083, 0.0146995186806, 0.0262318812311, 0.0308083910495, 0.0161779057235, 0.0333740115166, 0.0164667516947, 0.0230489335954, 0.0112145012245, 0.00841134879738, 0.0204810351133, 0.0298691559583, 0.0315066128969, 0.0259982421994, 0.0195598918945, 0.00698690488935, 0.0186180919409, 0.0192537344992, 0.0042179338634, 0.00534154986963, 0.00444878358394, 0.0134546030313, 0.0177947022021, 0.010797156021, 0.00659136846662, 0.0145666496828, 0.0058117331937, 0.00820606201887, 0.00292758084834, 0.00235512829386, 0.0095474999398, 0.00902563612908, 0.00300469226204, 0.00152037350927, 0.00189890596084, 0.00309912487864, 0.00284119462594, 0.00229175505228, 0.00206409092061, 0.00118309329264, 0.00126914610155, 0.00137819827069, 0.000547461444512, 0.000602801213972, 0.000835947750602, 0.000367575907148, 0.000331398681737, 0.000359505036613, 0.000412715453422, 0.000712560780812, 0.000497634347994, 0.000173473643372, 0.000223665905651, 0.000157728689373, 0.000166952901054, 9.53348644543e-05, 0.00016764945758, 7.36877846066e-05, 0.000119044139865, 2.41919115069e-05, 1.64482898981e-05, 1.09066349978e-05, 1.31494562083e-05, 8.63721106725e-06, 7.54570646677e-06, 7.99964345788e-06, 3.4042407151e-06, 5.23201561009e-06, 4.49747312814e-06, 2.44477496381e-06, 2.01181910597e-06, 1.74728575075e-06, 2.56927773989e-06, 1.28742749439e-06, 1.71617011802e-06, 1.13755038456e-06, 1.10542544007e-06, 1.11587826268e-06, 8.76135686667e-07, 1.02270348634e-06, 5.9590206547e-07, 7.33611670967e-07, 4.08800474361e-07, 4.4133969368e-07, 2.73357130709e-07, 1.51483263267e-07, 1.81802150223e-07, 1.3724029202e-07, 1.19049509806e-07, 1.98747343916e-07, 2.92051623774e-07, 3.12582471906e-07, 2.2197617966e-07, 2.08160642501e-07, 2.12262747823e-07, 1.60441175012e-07, 1.79642071885e-07, 1.89791151683e-07, 1.58840265385e-07, 7.36396899015e-08, 6.53819256513e-08, 5.47771215054e-08, 7.60980967129e-08, 9.35185724416e-08, 1.58480105483e-07, 8.81246293716e-08, 9.64762350009e-08, 1.04861456407e-07, 9.3290083214e-08, 7.96923345092e-08, 8.11960489955e-08, 1.14862729106e-07, 3.41446515506e-08, 3.14242249999e-08, 3.00995388614e-08, 2.91510868777e-08, 2.83831536052e-08, 2.77568936724e-08, 2.72419455882e-08, 2.68260169634e-08, 2.6490132754e-08, 2.62710457832e-08, 2.61152326431e-08],
        "mean": [2.44574930548e-05, 2.76524551737e-05, 4.15159629483e-05, 5.54855141672e-05, 7.10175663698e-05, 0.000155322763021, 0.000384632556234, 0.000552573532332, 0.000591086049099, 0.000434951856732, 0.000458037015051, 0.000467714678962, 0.000543430040125, 0.000349261739757, 0.000370900874259, 0.00112760427874, 0.00138432951644, 0.000823878042866, 0.000500104681123, 0.00031103551737, 0.000193569736439, 0.000484455988044, 0.000642644241452, 0.000198463007109, 0.000137153547257, 0.000147891740198, 0.000275285507087, 0.000458656635601, 0.000290028518066, 0.000275374011835, 0.000218479661271, 0.00016220685211, 0.000171694089659, 0.000114108755952, 0.000103786711406, 0.00026967789745, 0.000457005517092, 0.000171138934093, 9.23899788177e-05, 8.94446784514e-05, 9.87629973679e-05, 0.000108605701826, 9.11316747079e-05, 8.76560297911e-05, 6.16889301455e-05, 6.40353682684e-05, 6.64407052682e-05, 4.71731036669e-05, 4.31195330748e-05, 4.14599890064e-05, 3.38600475516e-05, 2.82345354208e-05, 2.58058880718e-05, 2.44701768679e-05, 2.4351891625e-05, 1.37939714477e-05, 1.16654300655e-05, 1.09800585051e-05, 8.43973884912e-06, 5.80727373745e-06, 5.15689862368e-06, 4.06725121138e-06, 3.35985237143e-06, 2.75450156551e-06, 1.6330913013e-06, 1.41400789744e-06, 1.32950469833e-06, 9.30543308186e-07, 7.59709848808e-07, 6.67485721806e-07, 5.2142468121e-07, 3.94455156538e-07, 3.69659687749e-07, 3.14773672017e-07, 2.42801263539e-07, 2.35001621718e-07, 1.87054595813e-07, 2.1872605771e-07, 1.78899767889e-07, 1.55082219067e-07, 1.4091141054e-07, 1.29448395114e-07, 1.16203352718e-07, 1.04982142091e-07, 9.8994490827e-08, 7.84608644722e-08, 7.98938444291e-08, 5.4369319713e-08, 4.74081787161e-08, 3.67576085125e-08, 2.95541955353e-08, 1.95704590311e-08, 1.78620744862e-08, 2.28939907032e-08, 2.53481200474e-08, 2.98531865894e-08, 3.63333860776e-08, 3.61572141117e-08, 3.40055201775e-08, 3.08841379137e-08, 2.97514848313e-08, 2.73711737719e-08, 2.46361366862e-08, 1.85936688268e-08, 1.52739794146e-08, 1.58146757911e-08, 1.52043231338e-08, 1.2247653558e-08, 1.46780569921e-08, 1.91299971419e-08, 1.77605681273e-08, 1.74738001846e-08, 1.70517289177e-08, 1.51860408693e-08, 1.31786936919e-08, 2.47687523824e-08, 2.88929005166e-08, 3.29002589061e-11, 1.89894142077e-11, 1.82075899496e-11, 1.76408696678e-11, 1.71824863365e-11, 1.68012513624e-11, 1.64875856024e-11, 1.62396103509e-11, 1.60347030792e-11, 1.59002897654e-11, 1.58060665251e-11],
        "min": [6.49608908332e-11, 4.43765628688e-08, 3.04277193663e-07, 2.19922782208e-07, 5.50016750367e-07, 2.3630383339e-07, 3.25096863207e-07, 4.84727820549e-07, 4.69255610369e-07, 3.11143878662e-07, 5.00961959915e-07, 6.40561324872e-07, 1.38052797638e-07, 1.22020679783e-07, 9.22582842122e-07, 1.52178316171e-07, 8.18817625259e-07, 4.95193717143e-07, 2.41802410983e-07, 1.79763233632e-07, 5.93104658719e-08, 6.13013071415e-08, 3.26095310754e-08, 1.0976189202e-07, 1.21240788076e-07, 3.55015821185e-08, 1.44655643908e-07, 9.4205816481e-08, 9.03604657765e-08, 7.25619884179e-08, 2.56974477253e-08, 4.36620766209e-08, 2.08294324011e-08, 3.9760472248e-08, 5.90568660641e-08, 3.68172194953e-08, 2.50392222512e-08, 1.7360756388e-08, 1.41021381239e-08, 2.36844002188e-08, 7.81657227833e-09, 4.5921848546e-09, 2.74256777288e-08, 1.8183540007e-08, 1.79730044181e-08, 1.29064963161e-08, 1.33226212284e-08, 1.00337427256e-08, 7.14780856725e-09, 1.3499244389e-08, 1.13617115716e-08, 9.61922630438e-09, 7.17589809796e-09, 7.39821182094e-09, 5.80617065538e-09, 4.83345630187e-09, 4.03149735817e-09, 4.53537296607e-09, 3.80222253682e-09, 4.5349479727e-09, 2.71815592257e-09, 2.50513165767e-09, 1.82898018952e-09, 1.4184226016e-09, 1.88025817138e-09, 2.58152144106e-09, 1.43862011193e-09, 1.35368571907e-09, 9.39935906885e-10, 1.16499421221e-09, 5.39763622687e-10, 6.9319355811e-10, 1.03164132792e-09, 9.13047026874e-10, 4.7049680818e-10, 9.78912839678e-10, 1.08723496872e-09, 5.4064669408e-10, 6.16105666484e-10, 5.71030334129e-10, 6.77951028649e-10, 3.8361855359e-10, 5.37326960703e-10, 5.9336346947e-10, 5.16045095544e-10, 4.04146410782e-10, 5.54438051026e-10, 5.24822407755e-10, 4.03227090606e-10, 4.2870421102e-10, 5.12330733393e-10, 1.2224868895e-09, 1.11092657296e-09, 6.21725726457e-10, 3.7040631673e-10, 4.20385309896e-10, 3.46373929538e-10, 2.83075118901e-10, 2.1075184653e-10, 1.28404883948e-10, 1.05731041977e-10, 4.04673482224e-11, 3.88387481898e-11, 8.72881697478e-11, 7.22854165414e-10, 1.33753386145e-09, 1.63803148823e-09, 4.45385756054e-10, 4.10570084874e-11, 2.16874643244e-10, 4.418913499e-11, 4.01917783993e-13, 5.89771287363e-14, 1.1737136328e-13, 5.36497346548e-10, 1.67857505673e-09, 7.70267252759e-11, 8.1380709734e-14, 4.2210358879e-14, 3.83064958334e-14, 3.27531377671e-14, 4.01881761376e-14, 4.16208544409e-14, 3.39055430325e-14, 3.68175067799e-14, 3.50075091799e-14, 4.51244639257e-14, 3.7965046688e-14],
        "stdev": [5.07607182954e-05, 4.51798587164e-05, 5.48343014088e-05, 8.23478403618e-05, 0.000160345807672, 0.000374868017389, 0.000973419111688, 0.00153506745119, 0.00151410477702, 0.00102701212745, 0.00148077134509, 0.00103587203193, 0.00112260133028, 0.000701956800185, 0.000713787332643, 0.00216439645737, 0.00279555865563, 0.00245706504211, 0.00174307555426, 0.000977963092737, 0.000388540705899, 0.00112609704956, 0.00160893879365, 0.000396607152652, 0.00025471515255, 0.000265196838882, 0.000630398804788, 0.00116536288988, 0.000667044892907, 0.000534515711479, 0.000550992554054, 0.000393590686144, 0.000460628012661, 0.000192071966012, 0.000164607117767, 0.000744961958844, 0.00106564350426, 0.000319908722304, 0.000148331047967, 0.000143449375173, 0.000161154734087, 0.000184143951628, 0.000149932093336, 0.000154276363901, 0.000103378144559, 9.92154236883e-05, 9.87575476756e-05, 7.29667226551e-05, 6.47823617328e-05, 6.17488112766e-05, 4.92058097734e-05, 4.2505125748e-05, 3.87851468986e-05, 3.51307207893e-05, 4.65301636723e-05, 2.51204401138e-05, 1.76674857357e-05, 1.76427620318e-05, 1.36743310577e-05, 1.11518047561e-05, 6.81643405187e-06, 6.56166866975e-06, 4.88607884108e-06, 5.41799818166e-06, 2.07183393286e-06, 1.70291764334e-06, 1.47134574036e-06, 1.17715580927e-06, 9.87562202681e-07, 8.87314399733e-07, 7.08231311819e-07, 4.99288887568e-07, 4.43672092842e-07, 4.20271618395e-07, 2.88730916509e-07, 2.66062130549e-07, 2.211511827e-07, 2.75086449619e-07, 1.91478051192e-07, 1.82620667033e-07, 1.65294494536e-07, 1.54176362344e-07, 1.4755848099e-07, 1.22767474409e-07, 1.10019968247e-07, 8.49341788012e-08, 8.57697770584e-08, 5.24041752215e-08, 4.50966872734e-08, 3.22443831635e-08, 2.33690613527e-08, 1.73718799346e-08, 1.49605003941e-08, 1.78654531169e-08, 2.20495870451e-08, 2.92674737778e-08, 3.94374062296e-08, 3.37939880524e-08, 3.40135990484e-08, 3.44601929214e-08, 2.99395637171e-08, 2.66146606975e-08, 2.33016645979e-08, 1.58674762218e-08, 1.04819495306e-08, 7.25023330261e-09, 6.48295239714e-09, 8.91958418237e-09, 1.22577716866e-08, 1.85992803381e-08, 1.61046944669e-08, 1.74504446449e-08, 1.5418752497e-08, 1.33777700029e-08, 8.71503491595e-09, 1.0865299771e-08, 1.86515176637e-08, 7.45062400664e-10, 6.85768553055e-10, 6.56833643031e-10, 6.36121488817e-10, 6.19349294073e-10, 6.05673511345e-10, 5.94435500822e-10, 5.85359316574e-10, 5.78027736786e-10, 5.73245451108e-10, 5.69845060028e-10]
    },
    "mfcc": {
        "mean": [-698.153198242, 180.863601685, -36.2031860352, -11.716506958, -3.09012174606, -8.6044921875, -10.3160018921, -6.42670583725, -7.79988145828, -8.21472644806, -2.55525803566, -3.30482912064, -1.9392772913],
        "cov": [[5867.44238281, -622.795837402, -1714.60583496, -381.94708252, -3.07237577438, 70.8832626343, 162.399719238, 108.500289917, 343.833129883, -106.251144409, 225.670532227, -100.945007324, 143.935058594], [-622.795837402, 508.665771484, 488.951629639, 111.673561096, -49.930519104, -127.025970459, -74.7253036499, -51.8511924744, -146.882843018, 9.18011188507, -89.0102844238, -0.581164002419, -100.42338562], [-1714.60583496, 488.951629639, 840.431396484, 207.976577759, -86.6457290649, -133.731643677, -65.9269561768, -69.5600814819, -228.326629639, 4.9176568985, -130.190979004, 52.9758682251, -103.105712891], [-381.94708252, 111.673561096, 207.976577759, 156.969314575, 54.1513938904, -44.7610626221, -52.4523849487, -5.39202737808, -42.3737945557, 8.92326545715, -37.1482543945, -1.79997336864, -12.4191761017], [-3.07237577438, -49.930519104, -86.6457290649, 54.1513938904, 140.999649048, 59.253944397, -39.6337890625, 15.2997074127, 65.3460693359, 17.0002861023, 20.7346096039, -31.375246048, 27.2117958069], [70.8832626343, -127.025970459, -133.731643677, -44.7610626221, 59.253944397, 125.687011719, 56.0746154785, 16.0469551086, 72.3531417847, 17.0465126038, 35.150390625, -17.779794693, 21.0323295593], [162.399719238, -74.7253036499, -65.9269561768, -52.4523849487, -39.6337890625, 56.0746154785, 109.927268982, 25.4610424042, 5.09686803818, -7.25880384445, 13.7673912048, 7.54060649872, -0.012865036726], [108.500289917, -51.8511924744, -69.5600814819, -5.39202737808, 15.2997074127, 16.0469551086, 25.4610424042, 51.9636154175, 43.4293289185, 5.36437797546, 12.7486028671, -0.942157804966, 9.39071273804], [343.833129883, -146.882843018, -228.326629639, -42.3737945557, 65.3460693359, 72.3531417847, 5.09686803818, 43.4293289185, 140.809555054, 42.2828216553, 45.2367858887, -26.7731189728, 31.671295166], [-106.251144409, 9.18011188507, 4.9176568985, 8.92326545715, 17.0002861023, 17.0465126038, -7.25880384445, 5.36437797546, 42.2828216553, 69.6675033569, 17.5749187469, -15.8709936142, -10.8476085663], [225.670532227, -89.0102844238, -130.190979004, -37.1482543945, 20.7346096039, 35.150390625, 13.7673912048, 12.7486028671, 45.2367858887, 17.5749187469, 62.6552696228, 7.67500305176, 19.1857509613], [-100.945007324, -0.581164002419, 52.9758682251, -1.79997336864, -31.375246048, -17.779794693, 7.54060649872, -0.942157804966, -26.7731189728, -15.8709936142, 7.67500305176, 59.7890968323, 19.272983551], [143.935058594, -100.42338562, -103.105712891, -12.4191761017, 27.2117958069, 21.0323295593, -0.012865036726, 9.39071273804, 31.671295166, -10.8476085663, 19.1857509613, 19.272983551, 63.280670166]],
        "icov": [[0.00125450489577, -0.00278906547464, 0.00487005570903, -0.00439088791609, 0.00415687961504, -0.000292250304483, -0.00125380337704, 0.00197959435172, -0.00204689800739, 0.00289334054105, -0.0015801609261, 4.81104543724e-05, -0.000205869466299], [-0.00278906547464, 0.0134582100436, -0.0151499835774, 0.0150466822088, -0.0164396800101, 0.00884551368654, 9.60651814239e-05, -0.00238317530602, 0.00437992624938, -0.00771908182651, 0.0048513431102, 0.000864394358359, 0.00520357349887], [0.00487005570903, -0.0151499835774, 0.0284567289054, -0.0269603431225, 0.0261109694839, -0.0143929552287, 0.00359740923159, 0.00331249088049, 0.00057119037956, 0.0063270800747, 0.00015924606123, -0.0076967026107, 0.00211437046528], [-0.00439088791609, 0.0150466822088, -0.0269603431225, 0.0452929288149, -0.0439464785159, 0.0255479216576, -0.00824609957635, -0.00465145893395, 0.00654327357188, -0.0147774014622, 0.0100604183972, 0.000953550566919, 0.000773598614614], [0.00415687961504, -0.0164396800101, 0.0261109694839, -0.0439464785159, 0.0668102875352, -0.0455561168492, 0.029322899878, -0.0113811744377, 0.000553044723347, 0.014615050517, -0.0133541673422, 0.00910433102399, -0.0100140422583], [-0.000292250304483, 0.00884551368654, -0.0143929552287, 0.0255479216576, -0.0455561168492, 0.061351403594, -0.0428961701691, 0.0272183157504, -0.0228079743683, 0.000916351331398, -0.00152017665096, 0.00266671879217, 0.0026369469706], [-0.00125380337704, 9.60651814239e-05, 0.00359740923159, -0.00824609957635, 0.029322899878, -0.0428961701691, 0.0474107041955, -0.0319300182164, 0.0239682588726, -0.00546296359971, 0.00187603291124, -0.000451102270745, 0.000279475789284], [0.00197959435172, -0.00238317530602, 0.00331249088049, -0.00465145893395, -0.0113811744377, 0.0272183157504, -0.0319300182164, 0.0522826351225, -0.031661003828, 0.0119738932699, -0.00280072726309, -0.00487869791687, 0.00451575079933], [-0.00204689800739, 0.00437992624938, 0.00057119037956, 0.00654327357188, 0.000553044723347, -0.0228079743683, 0.0239682588726, -0.031661003828, 0.0457944981754, -0.0242349226028, 0.00720583740622, 0.000559934473131, -0.00356186786667], [0.00289334054105, -0.00771908182651, 0.0063270800747, -0.0147774014622, 0.014615050517, 0.000916351331398, -0.00546296359971, 0.0119738932699, -0.0242349226028, 0.0374174006283, -0.0181355383247, 0.00844518560916, 0.00168041291181], [-0.0015801609261, 0.0048513431102, 0.00015924606123, 0.0100604183972, -0.0133541673422, -0.00152017665096, 0.00187603291124, -0.00280072726309, 0.00720583740622, -0.0181355383247, 0.0403350144625, -0.0192569792271, 0.00711141806096], [4.81104543724e-05, 0.000864394358359, -0.0076967026107, 0.000953550566919, 0.00910433102399, 0.00266671879217, -0.000451102270745, -0.00487869791687, 0.000559934473131, 0.00844518560916, -0.0192569792271, 0.0408170595765, -0.0205940548331], [-0.000205869466299, 0.00520357349887, 0.00211437046528, 0.000773598614614, -0.0100140422583, 0.0026369469706, 0.000279475789284, 0.00451575079933, -0.00356186786667, 0.00168041291181, 0.00711141806096, -0.0205940548331, 0.0370721146464]]
    },
    "spectral_contrast_coeffs": {
        "max": [-0.313622117043, -0.367283433676, -0.427511960268, -0.576398551464, -0.6279733181, -0.737586855888],
        "mean": [-0.66700553894, -0.749265551567, -0.761527359486, -0.814484536648, -0.784892559052, -0.80173188448],
        "min": [-0.895899057388, -0.921788334846, -0.914087414742, -0.914736330509, -0.900708854198, -0.949612021446],
        "stdev": [0.0857654586434, 0.106875434518, 0.093905583024, 0.0414908640087, 0.0396382771432, 0.0249912850559]
    },
    "spectral_contrast_valleys": {
        "max": [-5.49032735825, -4.66438627243, -5.25067281723, -5.57465457916, -6.95746421814, -10.0757083893],
        "mean": [-7.48156690598, -6.31932210922, -6.82606887817, -7.26940393448, -8.44167995453, -11.4933185577],
        "min": [-9.189037323, -8.75276184082, -9.9592590332, -10.1240911484, -11.1519060135, -13.4426784515],
        "stdev": [0.634895920753, 0.731843948364, 0.968307077885, 1.11603915691, 0.856395423412, 0.641152977943]
    }
},
"rhythm": {
    "beats_count": 83,
    "beats_loudness": {
        "max": 0.0780304223299,
        "mean": 0.0268786046654,
        "min": 0.000322161184158,
        "stdev": 0.0180954989046
    },
    "bpm": 102.982543945,
    "bpm_histogram_first_peak_bpm": 103,
    "bpm_histogram_first_peak_weight": 0.696428537369,
    "bpm_histogram_second_peak_bpm": 115,
    "bpm_histogram_second_peak_spread": 0.416666686535,
    "bpm_histogram_second_peak_weight": 0.0853658542037,
    "danceability": 0.967371702194,
    "onset_rate": 2.0712890625,
    "beats_loudness_band_ratio": {
        "max": [0.388324290514, 0.729707300663, 0.818112850189, 0.838062345982, 0.36495757103, 0.016166286543],
        "mean": [0.0985593348742, 0.225218445063, 0.323861122131, 0.334234476089, 0.112054549158, 0.00478449836373],
        "min": [0.00220675277524, 0.0138194356114, 0.0566147640347, 0.021724473685, 0.000979030271992, 0.000552187440917],
        "stdev": [0.0991217568517, 0.19957998395, 0.171535164118, 0.205092564225, 0.117149062455, 0.0035695778206]
    },
