{
"metadata": {
    "version": {
        "essentia": "2.1-beta5",
        "essentia_git_sha": "Undefined",
        "extractor": "music 2.0"
    },
    "audio_properties": {
        "analysis": {
            "equal_loudness": 0,
            "length": 45.2556915283,
            "sample_rate": 44100,
            "start_time": 146.239273071,
            "downmix": "mix"
        },
        "bit_rate": 192000,
        "length": 270.466033936,
        "lossless": 0,
        "number_channels": 2,
        "replay_gain": -11.4731731415,
        "sample_rate": 44100,
        "codec": "mp3",
        "md5_encoded": "53f604f2c57e024c04b0371ac49169e7"
    },
    "tags": {
        "file_name": "Spain_Enseñame A Cantar_Micky.mp3",
        "encoding": ["Lavf58.29.100"]
    }
},
"lowlevel": {
    "average_loudness": 0.974483132362,
    "barkbands_crest": {
        "max": 23.4013061523,
        "mean": 8.78679275513,
        "min": 3.04680323601,
        "stdev": 3.49904918671
    },
    "barkbands_flatness_db": {
        "max": 0.304659932852,
        "mean": 0.172675326467,
        "min": 0.0987091809511,
        "stdev": 0.0281137116253
    },
    "barkbands_kurtosis": {
        "max": 35.8163299561,
        "mean": 1.91324949265,
        "min": -1.45004308224,
        "stdev": 3.57823014259
    },
    "barkbands_skewness": {
        "max": 5.36603307724,
        "mean": 1.05329632759,
        "min": -1.03665685654,
        "stdev": 0.852218985558
    },
    "barkbands_spread": {
        "max": 29.4104290009,
        "mean": 11.2078294754,
        "min": 2.16686153412,
        "stdev": 3.89583325386
    },
    "dissonance": {
        "max": 0.500000119209,
        "mean": 0.455751478672,
        "min": 0.289736330509,
        "stdev": 0.0269379001111
    },
    "dynamic_complexity": 2.09263086319,
    "erbbands_crest": {
        "max": 25.5009231567,
        "mean": 8.83041286469,
        "min": 3.2911272049,
        "stdev": 3.5063829422
    },
    "erbbands_flatness_db": {
        "max": 0.309418261051,
        "mean": 0.221695035696,
        "min": 0.153156667948,
        "stdev": 0.0188410803676
    },
    "erbbands_kurtosis": {
        "max": 10.4004583359,
        "mean": 0.0737963616848,
        "min": -1.75571894646,
        "stdev": 1.15802812576
    },
    "erbbands_skewness": {
        "max": 2.81249976158,
        "mean": 0.274966001511,
        "min": -1.43290352821,
        "stdev": 0.522328019142
    },
    "erbbands_spread": {
        "max": 49.6283607483,
        "mean": 21.2475585938,
        "min": 5.2085518837,
        "stdev": 7.82933998108
    },
    "hfc": {
        "max": 73.1753768921,
        "mean": 18.2982692719,
        "min": 1.2242770195,
        "stdev": 11.4234848022
    },
    "loudness_ebu128": {
        "integrated": -12.210893631,
        "loudness_range": 1.40082931519,
        "momentary": {
            "max": -9.81956958771,
            "mean": -12.3351736069,
            "min": -18.0333595276,
            "stdev": 1.08248615265
        },
        "short_term": {
            "max": -11.0944099426,
            "mean": -12.2250776291,
            "min": -13.2526435852,
            "stdev": 0.477822095156
        }
    },
    "melbands_crest": {
        "max": 28.0740604401,
        "mean": 11.1113033295,
        "min": 3.83361816406,
        "stdev": 4.17986011505
    },
    "melbands_flatness_db": {
        "max": 0.388644009829,
        "mean": 0.244358658791,
        "min": 0.14474606514,
        "stdev": 0.034756641835
    },
    "melbands_kurtosis": {
        "max": 52.3000602722,
        "mean": 4.08033895493,
        "min": -1.39519810677,
        "stdev": 5.67031669617
    },
    "melbands_skewness": {
        "max": 6.02726316452,
        "mean": 1.48256671429,
        "min": -0.695616364479,
        "stdev": 0.952380597591
    },
    "melbands_spread": {
        "max": 58.9691886902,
        "mean": 16.1789264679,
        "min": 2.36501741409,
        "stdev": 6.20627975464
    },
    "pitch_salience": {
        "max": 0.816579580307,
        "mean": 0.625485420227,
        "min": 0.281999498606,
        "stdev": 0.0825855508447
    },
    "silence_rate_20dB": {
        "max": 1,
        "mean": 1,
        "min": 1,
        "stdev": 0
    },
    "silence_rate_30dB": {
        "max": 1,
        "mean": 0.998974382877,
        "min": 0,
        "stdev": 0.0320094935596
    },
    "silence_rate_60dB": {
        "max": 1,
        "mean": 0.00717948703095,
        "min": 0,
        "stdev": 0.0844268873334
    },
    "spectral_centroid": {
        "max": 2292.18334961,
        "mean": 809.051513672,
        "min": 269.496459961,
        "stdev": 227.519973755
    },
    "spectral_complexity": {
        "max": 36,
        "mean": 19.8738460541,
        "min": 5,
        "stdev": 5.25410604477
    },
    "spectral_decrease": {
        "max": -4.39438319066e-10,
        "mean": -7.35569960497e-09,
        "min": -3.83047797925e-08,
        "stdev": 4.7134989245e-09
    },
    "spectral_energy": {
        "max": 0.149506941438,
        "mean": 0.0294218733907,
        "min": 0.00178078771569,
        "stdev": 0.018680986017
    },
    "spectral_energyband_high": {
        "max": 0.00020409746503,
        "mean": 3.35876211466e-05,
        "min": 2.25920393859e-06,
        "stdev": 2.67227551376e-05
    },
    "spectral_energyband_low": {
        "max": 0.0603796280921,
        "mean": 0.0022552292794,
        "min": 2.71177668765e-05,
        "stdev": 0.00299393036403
    },
    "spectral_energyband_middle_high": {
        "max": 0.0534012317657,
        "mean": 0.00768590578809,
        "min": 0.000252675439697,
        "stdev": 0.0064135491848
    },
    "spectral_energyband_middle_low": {
        "max": 0.140269607306,
        "mean": 0.0207950938493,
        "min": 0.000773507461417,
        "stdev": 0.0158760529011
    },
    "spectral_entropy": {
        "max": 7.6702375412,
        "mean": 7.07425069809,
        "min": 6.0956029892,
        "stdev": 0.201831221581
    },
    "spectral_flux": {
        "max": 0.304043620825,
        "mean": 0.0994617715478,
        "min": 0.0230577643961,
        "stdev": 0.0396612137556
    },
    "spectral_kurtosis": {
        "max": 40.8798217773,
        "mean": 14.4091510773,
        "min": 3.32917881012,
        "stdev": 4.79262781143
    },
    "spectral_rms": {
        "max": 0.0120772691444,
        "mean": 0.00508515629917,
        "min": 0.00131808721926,
        "stdev": 0.00168684776872
    },
    "spectral_rolloff": {
        "max": 2993.11523438,
        "mean": 1050.47644043,
        "min": 193.798828125,
        "stdev": 380.727172852
    },
    "spectral_skewness": {
        "max": 4.79960155487,
        "mean": 2.6398794651,
        "min": 1.40277051926,
        "stdev": 0.462673395872
    },
    "spectral_spread": {
        "max": 3812979.75,
        "mean": 2287203.5,
        "min": 1711543,
        "stdev": 237823.25
    },
    "spectral_strongpeak": {
        "max": 6.91707372665,
        "mean": 1.14982104301,
        "min": 0.046404376626,
        "stdev": 0.973498344421
    },
    "zerocrossingrate": {
        "max": 0.08349609375,
        "mean": 0.0372738875449,
        "min": 0.01025390625,
        "stdev": 0.00869624782354
    },
    "barkbands": {
        "max": [0.00111240847036, 0.00234812637791, 0.0206406768411, 0.0633919090033, 0.0649975240231, 0.0607084222138, 0.0529754385352, 0.102574773133, 0.050928786397, 0.0474592633545, 0.0296927336603, 0.0260950513184, 0.0121646719053, 0.00844641216099, 0.00399211235344, 0.0037560693454, 0.00361835863441, 0.00142081617378, 0.000550308206584, 0.000168731814483, 8.73868048075e-05, 5.34042992513e-05, 5.55798542337e-05, 1.45506210174e-05, 8.93475771591e-06, 6.74875036566e-06, 2.93628841064e-06],
        "mean": [3.7797522964e-05, 0.000393182621337, 0.000800053705461, 0.00306495465338, 0.00494731357321, 0.00397989852354, 0.00349394162185, 0.00225190306082, 0.00250176340342, 0.0018989238888, 0.0014316131128, 0.001340558636, 0.00104502413888, 0.000899044272956, 0.000487578945467, 0.000278595107375, 0.000253756064922, 0.000195421831449, 7.07656508894e-05, 2.40060671786e-05, 9.7655256468e-06, 5.60894295631e-06, 3.69905296793e-06, 2.36908954321e-06, 2.13540647565e-06, 2.13525981962e-06, 5.81697712221e-08],
        "min": [3.32043859075e-09, 3.03280171465e-06, 4.06400147313e-07, 2.73611294688e-06, 7.21081669326e-05, 3.50613336195e-05, 2.16880380322e-05, 2.04918233067e-05, 3.23403182847e-05, 1.01751684269e-05, 5.92860988036e-06, 8.18894477561e-06, 9.90640182863e-06, 4.33746799899e-06, 9.640607459e-06, 5.9156855059e-06, 5.51982793695e-06, 1.70380121745e-06, 1.64768528066e-06, 9.55144855652e-07, 2.79213509202e-07, 1.90299388692e-07, 2.35914427549e-07, 1.48475294282e-07, 1.66160234016e-07, 1.50444051883e-07, 2.69661203089e-11],
        "stdev": [8.79354265635e-05, 0.00038369424874, 0.00118874036707, 0.00479508610442, 0.00606159307063, 0.00574276037514, 0.00484272977337, 0.0053007430397, 0.00378994247876, 0.00311674899422, 0.00225690146908, 0.00217895419337, 0.00141274917405, 0.00111205899157, 0.000551855191588, 0.000306782923872, 0.0003649131977, 0.000215084946831, 6.67054118821e-05, 2.08157998713e-05, 9.94974925561e-06, 5.23708376932e-06, 3.64251513929e-06, 1.65793187534e-06, 1.39251392284e-06, 1.3787230273e-06, 9.33056298891e-08]
    },
    "erbbands": {
        "max": [0.0553652048111, 0.823653638363, 14.3039922714, 147.092102051, 215.955841064, 215.158813477, 563.14630127, 735.1328125, 897.856689453, 1159.04003906, 2199.46118164, 1357.8873291, 1087.20861816, 789.853942871, 684.682312012, 600.796142578, 532.270568848, 545.509521484, 302.769348145, 260.543426514, 138.952407837, 177.375793457, 84.9259567261, 31.303894043, 22.9288673401, 8.92213344574, 3.84388256073, 3.90687656403, 2.23415589333, 1.41905081272, 1.63836419582, 0.503824055195, 0.177708655596, 0.129771247506, 0.0514889918268, 0.0273368582129, 0.0145637383685, 0.00209663482383, 0.000428658531746, 0.000166976780747],
        "mean": [0.0059056407772, 0.11544971168, 0.77296423912, 5.42242002487, 14.5588750839, 17.3232898712, 20.8249187469, 36.6890411377, 45.5215492249, 56.9505653381, 47.995464325, 53.1914215088, 66.4404907227, 53.9492607117, 58.3810844421, 45.1428375244, 49.6726455688, 44.2482910156, 34.2414245605, 23.6253643036, 15.0953063965, 14.8829240799, 11.8310966492, 5.42486763, 2.91824102402, 1.10373044014, 0.498816281557, 0.327018558979, 0.210926324129, 0.153889909387, 0.0943813994527, 0.0444539748132, 0.0437884256244, 0.0283948946744, 0.0135455727577, 0.00799776241183, 0.00415172008798, 0.000635024975054, 2.68489966402e-05, 3.42232415278e-05],
        "min": [7.68427344155e-05, 0.000633747200482, 0.00704891700298, 0.0555979833007, 0.118376590312, 0.197419092059, 0.378525733948, 0.327186733484, 0.35963010788, 0.310175538063, 0.740948677063, 0.853739202023, 0.74718105793, 0.709960699081, 0.354957431555, 0.632433533669, 0.516515374184, 0.539304196835, 0.729564428329, 0.476614713669, 0.269154340029, 0.313597798347, 0.16029599309, 0.146767616272, 0.0774171501398, 0.0419744700193, 0.0170458015054, 0.0106876511127, 0.00734956283122, 0.00737107079476, 0.00591358076781, 0.00307700433768, 0.00292456336319, 0.00174954126123, 0.00102248706389, 0.000570770644117, 0.000257943436736, 3.89499437006e-05, 1.84938767234e-06, 2.10446910387e-06],
        "stdev": [0.00540569610894, 0.109529152513, 0.884353041649, 8.49284934998, 20.8155651093, 24.3019657135, 29.0675258636, 58.8663139343, 65.965133667, 88.1769104004, 99.1593933105, 82.5476150513, 97.0153045654, 74.2979660034, 78.0306472778, 60.705329895, 63.9619369507, 52.2641143799, 35.8696594238, 26.8313865662, 16.9019298553, 20.0893516541, 12.9131593704, 4.84079313278, 2.76208043098, 0.917222380638, 0.480848699808, 0.343981355429, 0.203200727701, 0.137095496058, 0.0982570052147, 0.0377169027925, 0.031110027805, 0.0197704490274, 0.00852399971336, 0.00530066667125, 0.00278800283559, 0.000414609268773, 1.81224386324e-05, 2.13921666727e-05]
    },
    "gfcc": {
        "mean": [-23.3668193817, 144.39704895, -138.545181274, -11.5755500793, -47.6116981506, -5.90986776352, -46.7070388794, 1.47446000576, -29.2136974335, -5.14122724533, -18.1537494659, -2.23755049706, -16.1971340179],
        "cov": [[1549.77575684, -123.031700134, -167.986160278, -82.229675293, -71.2483062744, 67.5568389893, 104.314903259, 2.69567418098, -10.1688051224, 51.9070129395, -44.2288856506, -23.2228870392, -26.711561203], [-123.031700134, 177.653427124, 134.896850586, -0.0918339788914, 34.8910446167, 5.24695491791, 2.90557861328, -28.837430954, -9.20493888855, -15.3152170181, 12.7052516937, -19.6868896484, 8.32667922974], [-167.986160278, 134.896850586, 164.200149536, 66.3549346924, 28.4013690948, -34.8769874573, -26.0192699432, -26.4367160797, 1.32576036453, -27.6072597504, 15.6751270294, -7.69191646576, 2.1878054142], [-82.229675293, -0.0918339788914, 66.3549346924, 164.979293823, 49.216960907, -60.7617340088, -48.0541954041, 5.62203931808, 14.7436237335, -25.7616539001, -1.15251612663, 9.8742723465, -5.91420030594], [-71.2483062744, 34.8910446167, 28.4013690948, 49.216960907, 77.7800445557, 33.5617141724, 0.533303797245, 0.223719984293, -4.18697881699, -6.93434047699, -5.35912418365, 2.01146435738, -1.9743783474], [67.5568389893, 5.24695491791, -34.8769874573, -60.7617340088, 33.5617141724, 151.475875854, 92.2317352295, 2.71624851227, -17.7580661774, 21.1958999634, -7.50173187256, -9.6166639328, -4.83784580231], [104.314903259, 2.90557861328, -26.0192699432, -48.0541954041, 0.533303797245, 92.2317352295, 103.1014328, 27.3199539185, -22.4583263397, 12.8409662247, 1.98907470703, -18.4197006226, -6.79827547073], [2.69567418098, -28.837430954, -26.4367160797, 5.62203931808, 0.223719984293, 2.71624851227, 27.3199539185, 61.0777549744, 28.5469551086, 9.58001041412, 0.873427331448, 7.56432819366, -2.32258343697], [-10.1688051224, -9.20493888855, 1.32576036453, 14.7436237335, -4.18697881699, -17.7580661774, -22.4583263397, 28.5469551086, 67.7414627075, 31.296787262, 0.719795465469, 14.014424324, 5.42012548447], [51.9070129395, -15.3152170181, -27.6072597504, -25.7616539001, -6.93434047699, 21.1958999634, 12.8409662247, 9.58001041412, 31.296787262, 60.2629623413, 27.2375106812, 8.37865924835, 1.39524567127], [-44.2288856506, 12.7052516937, 15.6751270294, -1.15251612663, -5.35912418365, -7.50173187256, 1.98907470703, 0.873427331448, 0.719795465469, 27.2375106812, 56.3147163391, 23.2193431854, -0.119236215949], [-23.2228870392, -19.6868896484, -7.69191646576, 9.8742723465, 2.01146435738, -9.6166639328, -18.4197006226, 7.56432819366, 14.014424324, 8.37865924835, 23.2193431854, 49.979259491, 19.9623718262], [-26.711561203, 8.32667922974, 2.1878054142, -5.91420030594, -1.9743783474, -4.83784580231, -6.79827547073, -2.32258343697, 5.42012548447, 1.39524567127, -0.119236215949, 19.9623718262, 38.2514457703]],
        "icov": [[0.00101293902844, -0.000744227902032, 0.00143295770977, -0.000578125996981, 0.00037678287481, 0.00203470769338, -0.00381971616298, 0.00281128706411, -0.000692559871823, -0.00153624860104, 0.00276345573366, -0.00256220321171, 0.00196656072512], [-0.000744227902032, 0.0370354428887, -0.0297576971352, 0.0198574941605, -0.0241327155381, 0.00901571754366, -0.0102398972958, 0.00876812357455, -0.0112496195361, 0.00900241546333, -0.0115853659809, 0.0151081131771, -0.0118572590873], [0.00143295770977, -0.0297576971352, 0.0431690812111, -0.0174131542444, 0.00888104457408, 0.00261939596385, -0.011252488941, 0.0178101174533, -0.0190554223955, 0.0181516855955, -0.0106513453647, -0.00264522782527, 0.00557352462783], [-0.000578125996981, 0.0198574941605, -0.0174131542444, 0.0245365221053, -0.0254464745522, 0.0152757372707, -0.011800268665, 0.00811862573028, -0.0120629295707, 0.0092299124226, -0.00531886564568, 0.00321443844587, -0.00124390481506], [0.00037678287481, -0.0241327155381, 0.00888104457408, -0.0254464745522, 0.0534708499908, -0.0360574536026, 0.0408899337053, -0.0343083664775, 0.0348466746509, -0.0216573663056, 0.0146970972419, -0.00615834351629, 0.00356964650564], [0.00203470769338, 0.00901571754366, 0.00261939596385, 0.0152757372707, -0.0360574536026, 0.055515576154, -0.0674672722816, 0.048590272665, -0.0317071452737, 0.00526022352278, 0.0110575063154, -0.0204420741647, 0.0127937402576], [-0.00381971616298, -0.0102398972958, -0.011252488941, -0.011800268665, 0.0408899337053, -0.0674672722816, 0.11014970392, -0.0857123658061, 0.0657780021429, -0.0261509735137, -0.0057512591593, 0.0292634721845, -0.0173258651048], [0.00281128706411, 0.00876812357455, 0.0178101174533, 0.00811862573028, -0.0343083664775, 0.048590272665, -0.0857123658061, 0.094509139657, -0.0741454362869, 0.0392576828599, -0.0119912615046, -0.0141062680632, 0.0115694059059], [-0.000692559871823, -0.0112496195361, -0.0190554223955, -0.0120629295707, 0.0348466746509, -0.0317071452737, 0.0657780021429, -0.0741454362869, 0.0992729738355, -0.0732355713844, 0.0453462079167, -0.0150790112093, 0.00278220069595], [-0.00153624860104, 0.00900241546333, 0.0181516855955, 0.0092299124226, -0.0216573663056, 0.00526022352278, -0.0261509735137, 0.0392576828599, -0.0732355713844, 0.0909499228001, -0.0653320476413, 0.0317721739411, -0.0150850247592], [0.00276345573366, -0.0115853659809, -0.0106513453647, -0.00531886564568, 0.0146970972419, 0.0110575063154, -0.0057512591593, -0.0119912615046, 0.0453462079167, -0.0653320476413, 0.0820698663592, -0.0541595183313, 0.0291231628507], [-0.00256220321171, 0.0151081131771, -0.00264522782527, 0.00321443844587, -0.00615834351629, -0.0204420741647, 0.0292634721845, -0.0141062680632, -0.0150790112093, 0.0317721739411, -0.0541595183313, 0.0731406509876, -0.0403497889638], [0.00196656072512, -0.0118572590873, 0.00557352462783, -0.00124390481506, 0.00356964650564, 0.0127937402576, -0.0173258651048, 0.0115694059059, 0.00278220069595, -0.0150850247592, 0.0291231628507, -0.0403497889638, 0.0503158830106]]
    },
    "melbands": {
        "max": [0.000502691313159, 0.00704028317705, 0.0227510966361, 0.0154232997447, 0.0163042079657, 0.0144300013781, 0.0125653157011, 0.0178411528468, 0.0147045357153, 0.00828761141747, 0.00613820087165, 0.00361668691039, 0.00324523448944, 0.00357448682189, 0.00233105337247, 0.00108092848677, 0.000904940825421, 0.00066237791907, 0.000422847690061, 0.000328888127115, 0.000177364636329, 0.000213134524529, 0.000123768040794, 7.4411094829e-05, 2.51829405897e-05, 2.8688877137e-05, 1.17195486382e-05, 5.27234169567e-06, 2.51634583037e-06, 2.19467574425e-06, 2.3069501367e-06, 1.31604781473e-06, 7.20658533737e-07, 1.08954975531e-06, 1.25991869027e-06, 5.01707802414e-07, 2.59122487023e-07, 1.48412823364e-07, 1.22464015817e-07, 1.17888447448e-07],
        "mean": [8.24243179522e-05, 0.000354300573235, 0.00127949379385, 0.00111528788693, 0.000748332473449, 0.000818554311991, 0.000704022531863, 0.000607512658462, 0.000385297578759, 0.00033760414226, 0.000336348544806, 0.000223587252549, 0.000211748469155, 0.0001381260372, 0.000125118574942, 0.000100071993074, 8.08231561678e-05, 6.21080980636e-05, 3.49844958691e-05, 2.32202346524e-05, 1.61797852343e-05, 1.55583838932e-05, 1.28285810206e-05, 9.08002130018e-06, 3.83100314139e-06, 2.59790544987e-06, 1.39285475598e-06, 5.60018406759e-07, 3.23329913954e-07, 2.31872164136e-07, 1.73706737883e-07, 1.26128895772e-07, 9.08277755229e-08, 8.386724204e-08, 6.05494108186e-08, 3.12034345029e-08, 2.59523691426e-08, 3.14143022706e-08, 2.74827733904e-08, 2.33745929279e-08],
        "min": [6.75575449804e-07, 3.74025694327e-06, 1.46759402924e-05, 1.47165701492e-05, 1.24625676108e-05, 6.01745250606e-06, 4.85937971462e-06, 2.85405326395e-06, 3.14698445436e-06, 5.26377471033e-06, 2.74035187431e-06, 2.90185198537e-06, 8.84562894043e-07, 1.04412549717e-06, 1.25706617382e-06, 7.99835845555e-07, 5.84245924529e-07, 7.97366794814e-07, 7.32532555503e-07, 4.06049991852e-07, 2.35368560197e-07, 2.97413606631e-07, 2.17659561486e-07, 7.14599366347e-08, 1.05143847406e-07, 6.14086772543e-08, 2.75889053825e-08, 1.82957116124e-08, 8.0062205754e-09, 6.42105701942e-09, 3.4978762109e-09, 3.98349842001e-09, 2.75989608944e-09, 3.87988619011e-09, 2.99420155336e-09, 2.01186134419e-09, 1.68031355496e-09, 1.4000178794e-09, 1.38657574311e-09, 1.33803346181e-09],
        "stdev": [7.22766053514e-05, 0.000392929068767, 0.00180967652705, 0.00138744164724, 0.000938001088798, 0.00122981460299, 0.000970373919699, 0.00101756432559, 0.000747381942347, 0.000521777197719, 0.00050418486353, 0.000321223924402, 0.000300361396512, 0.000255636346992, 0.000190289109014, 0.000136669885251, 0.000101454272226, 7.36504443921e-05, 4.21355834987e-05, 2.61222558038e-05, 2.12510585698e-05, 2.40602512349e-05, 1.55780708155e-05, 1.02254061858e-05, 3.59513114745e-06, 2.72852594208e-06, 1.35839491122e-06, 5.04201182139e-07, 3.20787421515e-07, 2.48715849693e-07, 1.9594020273e-07, 1.26409375412e-07, 8.49159746963e-08, 7.95849288693e-08, 6.79647556012e-08, 3.2404329886e-08, 2.11783461879e-08, 2.35306139018e-08, 2.03189074455e-08, 1.69416018991e-08]
    },
    "melbands128": {
        "max": [0.000543487083632, 0.000488519493956, 0.000600070809014, 0.00155233731493, 0.00399773009121, 0.0137897580862, 0.0340693704784, 0.0299400761724, 0.026664070785, 0.016452498734, 0.0169381443411, 0.0133703444153, 0.0234539154917, 0.0201150570065, 0.0214911289513, 0.0197028629482, 0.0169110950083, 0.0192856322974, 0.0168358478695, 0.012961840257, 0.0377061776817, 0.0368933007121, 0.0115328105167, 0.0151280276477, 0.012547114864, 0.00946978293359, 0.0138718411326, 0.00719409482554, 0.0168523471802, 0.00731892883778, 0.00494742766023, 0.00965889450163, 0.00586649123579, 0.00407999567688, 0.00809170864522, 0.00303409178741, 0.00146392686293, 0.00495741795748, 0.00328959384933, 0.00223783240654, 0.00182306044735, 0.00336503703147, 0.00129324384034, 0.0015921255108, 0.00182717072312, 0.000931610411499, 0.000696549192071, 0.000822257250547, 0.000641881895717, 0.000559569278266, 0.000571226351894, 0.000295361329336, 0.000265777256573, 0.00037928603706, 0.000565796159208, 0.000386822532164, 0.000274346239166, 0.000302144821035, 0.000253433041507, 0.000153866261826, 0.000116569055535, 0.000155678833835, 6.55819894746e-05, 4.44570468972e-05, 7.23261910025e-05, 6.58304197714e-05, 4.78373731312e-05, 2.25527437578e-05, 1.51720796566e-05, 1.41923192132e-05, 5.59109548703e-06, 3.99844566346e-06, 3.62974583368e-06, 3.24888310388e-06, 3.59159571417e-06, 2.65717653747e-06, 1.73674357029e-06, 2.73233899861e-06, 2.7819803563e-06, 1.72930947429e-06, 1.4580404013e-06, 1.204358e-06, 1.54829240273e-06, 6.83046266658e-07, 8.18963144411e-07, 1.00869544895e-06, 1.52793131747e-06, 1.59106116371e-06, 1.58622788149e-06, 9.7354245554e-07, 6.23086123142e-07, 4.24320631964e-07, 4.54879312883e-07, 4.0610714791e-07, 2.60794251972e-07, 2.89094032269e-07, 3.10540457349e-07, 2.14547696942e-07, 2.44542491146e-07, 2.02330184607e-07, 1.27121523974e-07, 1.96770855609e-07, 1.39217661399e-07, 1.2433221741e-07, 1.16715135334e-07, 3.94343260268e-08, 4.87446385478e-08, 1.07388352433e-07, 8.72713386002e-08, 8.8052011904e-08, 1.17133261313e-07, 1.00543246617e-07, 7.32006668613e-08, 7.30674116767e-08, 5.52351089311e-08, 3.10214716137e-08, 2.90980288753e-08, 1.32991182511e-08, 1.33123254642e-08, 1.30984441071e-08, 1.28725581305e-08, 1.26323991267e-08, 1.2428256646e-08, 1.22437979755e-08, 1.20573409035e-08, 1.19190906034e-08, 1.1820553425e-08, 1.178644915e-08],
        "mean": [1.85394255823e-05, 2.91382766591e-05, 9.31954273256e-05, 0.000212038212339, 0.000288098206511, 0.000439547089627, 0.00089929200476, 0.00181517377496, 0.00152362370864, 0.000938853016123, 0.00101954222191, 0.000769571110141, 0.000658130215015, 0.000749513972551, 0.000799315632321, 0.000904874643311, 0.00077194563346, 0.000627530564088, 0.000649479508866, 0.000695306283887, 0.000567527138628, 0.000457792339148, 0.000305807567202, 0.000391533627408, 0.000335739227012, 0.000314234377583, 0.000362277351087, 0.00031798784039, 0.000375829549739, 0.000197763525648, 0.000155283734784, 0.000277092447504, 0.000238345295656, 0.000121415818285, 0.000232998063439, 8.64776229719e-05, 8.30178396427e-05, 0.000168169397512, 0.000118696436402, 9.93232097244e-05, 9.34982890612e-05, 0.000104834158265, 6.58314020257e-05, 7.47317608329e-05, 0.000102300131402, 5.1203493058e-05, 3.15195102303e-05, 3.22732958011e-05, 3.92046458728e-05, 3.46433116647e-05, 1.66271365742e-05, 1.62881933647e-05, 2.13838138734e-05, 1.25606766233e-05, 1.32469813252e-05, 1.88321319001e-05, 1.35833452077e-05, 1.48846647789e-05, 1.20058866742e-05, 9.93168578134e-06, 1.04386826933e-05, 7.67691653891e-06, 3.38099289365e-06, 2.95856170851e-06, 3.81840391128e-06, 2.55034888141e-06, 2.023251227e-06, 1.81059897386e-06, 1.20546883409e-06, 8.71661711699e-07, 5.5794743048e-07, 4.14986715214e-07, 3.57427381914e-07, 3.14953751968e-07, 2.6847496315e-07, 2.3983562869e-07, 2.21595485073e-07, 1.85395279573e-07, 1.74176875589e-07, 1.50438395963e-07, 1.41584905577e-07, 1.08167967028e-07, 1.02080356612e-07, 8.6118475906e-08, 8.57395363596e-08, 8.83095268023e-08, 8.19026340082e-08, 7.80562672276e-08, 6.05684036259e-08, 4.91963803029e-08, 3.77584150613e-08, 2.52747245355e-08, 2.04180210517e-08, 2.54980196956e-08, 2.87129839904e-08, 3.20539790266e-08, 3.16590273997e-08, 3.12103054512e-08, 3.02094527171e-08, 2.35876598254e-08, 2.24962892759e-08, 2.43697346747e-08, 2.33070061029e-08, 1.95086578003e-08, 1.52942494225e-08, 1.0129596717e-08, 9.15747211394e-09, 1.27145112216e-08, 1.48202063954e-08, 1.52139882914e-08, 1.5200306791e-08, 1.33044979478e-08, 1.37663613842e-08, 1.36622357871e-08, 1.12492317683e-08, 7.95065524528e-09, 2.44183562259e-09, 1.39976606695e-11, 1.16281611076e-11, 1.13940202759e-11, 1.1166906809e-11, 1.09466801942e-11, 1.07494577475e-11, 1.05773731787e-11, 1.04234407564e-11, 1.03018106198e-11, 1.02172255032e-11, 1.01759815851e-11],
        "min": [2.62820015751e-10, 3.61625502876e-08, 4.67728284548e-07, 3.50703999175e-07, 6.87484032369e-07, 1.76089685056e-07, 9.39842834669e-07, 1.78458981281e-06, 4.02322166337e-06, 3.9711444515e-06, 2.3151815185e-06, 3.10001064463e-06, 1.41201178394e-06, 3.57680028173e-06, 4.91896798849e-06, 1.63829349731e-06, 3.56298414772e-06, 1.72927514086e-06, 1.01729119706e-06, 3.38134555022e-07, 7.46819182496e-07, 7.01596491126e-07, 4.84826728098e-07, 1.65247274708e-06, 1.01728096524e-06, 9.65155777521e-07, 1.01841567357e-06, 1.27020325635e-06, 1.36220791092e-07, 2.35930272652e-07, 4.92841820687e-07, 4.96760947044e-07, 3.10397780368e-07, 4.60721253148e-07, 5.03493993165e-07, 4.23848661057e-07, 4.21021468355e-07, 6.69001906317e-07, 2.82336145574e-07, 4.08069240621e-07, 1.71154411532e-07, 1.49592295884e-07, 1.44956914028e-07, 1.46627527897e-07, 2.52972284898e-07, 5.29816759354e-07, 2.99179845342e-07, 2.10331975836e-07, 3.18167252544e-07, 1.73463661213e-07, 1.34826350973e-07, 1.12042648936e-07, 1.38902720437e-07, 2.23613142225e-07, 1.07407828409e-07, 1.74698442379e-07, 1.58060800004e-07, 2.0094708475e-07, 1.0659373828e-07, 7.22449158275e-08, 7.5222317264e-08, 2.07631192239e-08, 4.50235404514e-08, 4.55817534828e-08, 3.89930470135e-08, 2.72824003389e-08, 3.07375387365e-08, 9.22492215949e-09, 8.75552519375e-09, 1.52746597593e-08, 1.1153537649e-08, 6.63293331371e-09, 4.92164753396e-09, 5.45080602876e-09, 4.94320007149e-09, 4.55439019831e-09, 2.81152590098e-09, 2.16140572107e-09, 1.33264466129e-09, 2.54296139701e-09, 2.83157097769e-09, 2.27848184764e-09, 1.82742943e-09, 1.5325494207e-09, 3.30603389109e-09, 2.1939492445e-09, 2.90488899601e-09, 1.55909329891e-09, 1.78372117077e-09, 2.08755346343e-09, 1.67115987715e-09, 8.76600403377e-10, 8.44728564875e-10, 8.54734061306e-10, 1.33489053145e-09, 1.31535760062e-09, 8.34336433275e-10, 7.675109992e-10, 1.28493593543e-09, 6.21022899772e-10, 1.05788855453e-09, 8.78101036328e-10, 6.48110953794e-10, 7.21997572839e-10, 7.09488967576e-10, 6.3221250457e-10, 2.81457079865e-10, 7.32837068806e-10, 5.1492959896e-10, 5.64158608718e-10, 5.94318927405e-10, 5.21566734246e-10, 5.17639764386e-10, 6.2661525968e-10, 7.39114713877e-10, 3.41643130453e-10, 1.69794334842e-11, 4.92964806616e-14, 4.45761727226e-14, 3.92571412389e-14, 4.67690766486e-14, 4.02695997208e-14, 4.33680665706e-14, 4.53518583907e-14, 4.27230001593e-14, 5.21215591574e-14, 4.81421814306e-14, 4.84560816764e-14],
        "stdev": [4.32033557445e-05, 4.28645471402e-05, 8.97147256183e-05, 0.000239999717451, 0.000306166824885, 0.000744638731703, 0.00169497658499, 0.00279092788696, 0.00247156829573, 0.00144024880137, 0.00173057662323, 0.0011464334093, 0.00119552039541, 0.00126982084475, 0.00151055026799, 0.00182907911949, 0.00129059783649, 0.00128371175379, 0.00119630491827, 0.00131900422275, 0.00155713886488, 0.00150641996879, 0.000747170939576, 0.00088077102555, 0.000746466452256, 0.000637490244117, 0.000770183687564, 0.000652672722936, 0.000823464011773, 0.00042621648754, 0.000362050166586, 0.00054636929417, 0.000431997905253, 0.00026495824568, 0.000577335129492, 0.000180160961463, 0.000147861312144, 0.000348276720615, 0.000246939831413, 0.000191565195564, 0.000168586499058, 0.000207682081964, 0.000113605041406, 0.000148751729284, 0.00016778925783, 7.89545811131e-05, 5.17576409038e-05, 5.65964692214e-05, 6.59722209093e-05, 5.19724890182e-05, 2.88709343295e-05, 2.31547091971e-05, 3.05945577566e-05, 2.65008475253e-05, 3.58972611139e-05, 3.36874436471e-05, 2.09134905163e-05, 2.26083175221e-05, 2.00987942662e-05, 1.60524396051e-05, 1.41642540257e-05, 1.2392329154e-05, 4.57133774034e-06, 3.69954273083e-06, 5.42929410585e-06, 3.73923398911e-06, 3.34700598614e-06, 2.22340531764e-06, 1.33713251671e-06, 9.86496274891e-07, 5.93731272147e-07, 4.57651395891e-07, 3.90577838516e-07, 3.58022560931e-07, 3.40540623256e-07, 3.00230652783e-07, 2.51137748819e-07, 2.38029386423e-07, 2.37307048678e-07, 1.80563276331e-07, 1.59566496905e-07, 1.2315622655e-07, 1.25144381968e-07, 8.77475514471e-08, 8.82018724724e-08, 9.43395690456e-08, 9.50786471776e-08, 8.48868353387e-08, 8.63620073233e-08, 5.97621649945e-08, 3.98243358291e-08, 3.14539683188e-08, 2.38650450513e-08, 2.39336479524e-08, 2.67921045349e-08, 2.83763501585e-08, 2.99690938732e-08, 2.90869177633e-08, 2.67888413674e-08, 2.24702603191e-08, 1.79904926512e-08, 2.15888427135e-08, 1.89027016262e-08, 1.52573473855e-08, 1.17164544733e-08, 6.8449166335e-09, 6.48786002699e-09, 1.01577848355e-08, 1.19410961119e-08, 1.24197114815e-08, 1.20473533372e-08, 1.08772688634e-08, 1.06835527092e-08, 1.02898631837e-08, 8.34968272301e-09, 5.42479927645e-09, 2.56056553738e-09, 3.01367292233e-10, 3.01668190428e-10, 2.96814045564e-10, 2.91688756482e-10, 2.86239643099e-10, 2.81608375508e-10, 2.77426970285e-10, 2.73205180701e-10, 2.70068106767e-10, 2.67834587842e-10, 2.67061955883e-10]
    },
    "mfcc": {
        "mean": [-667.452026367, 190.89352417, -33.8146362305, 1.76036775112, 2.6658911705, -9.83024120331, -7.55150127411, -2.86941027641, -9.85409355164, -6.70025777817, -1.87820541859, -8.47420787811, -5.43736457825],
        "cov": [[1687.33007812, -159.455200195, -153.182174683, -113.371047974, -164.389709473, 46.4027137756, 48.0912284851, -19.0709457397, 76.9027709961, -2.32901787758, 68.7763824463, 35.411190033, -45.1989212036], [-159.455200195, 200.917419434, 85.4134063721, -27.8474807739, 15.283039093, 25.4974899292, 34.5208244324, -12.1200370789, -10.3392267227, 3.16657400131, -14.2008895874, -1.5166503191, -5.52302455902], [-153.182174683, 85.4134063721, 120.163467407, 66.8972167969, 29.1426410675, -0.7914301157, -17.7322273254, -1.56595599651, -26.1046409607, -0.138459473848, -32.1714744568, 14.8379440308, 7.94660568237], [-113.371047974, -27.8474807739, 66.8972167969, 203.339538574, 88.3564910889, -55.7004165649, -64.7432556152, 6.21699428558, -31.8137664795, -9.4323797226, -36.5593757629, 0.49124404788, 21.7986545563], [-164.389709473, 15.283039093, 29.1426410675, 88.3564910889, 109.003799438, 7.63141202927, -39.8429908752, 4.69793987274, -4.25988197327, -20.6081638336, -1.82462966442, -14.2807846069, 14.1226139069], [46.4027137756, 25.4974899292, -0.7914301157, -55.7004165649, 7.63141202927, 95.2085266113, 63.8050842285, 3.67512130737, 18.0210590363, 2.3868932724, 17.9166622162, -3.85349988937, -11.855963707], [48.0912284851, 34.5208244324, -17.7322273254, -64.7432556152, -39.8429908752, 63.8050842285, 130.151412964, 30.0356998444, 1.65208399296, 18.6461048126, 13.2690496445, 0.201413214207, -21.3985939026], [-19.0709457397, -12.1200370789, -1.56595599651, 6.21699428558, 4.69793987274, 3.67512130737, 30.0356998444, 56.9814071655, 18.6164550781, 3.67376041412, 0.857680797577, 0.490375459194, -3.45400190353], [76.9027709961, -10.3392267227, -26.1046409607, -31.8137664795, -4.25988197327, 18.0210590363, 1.65208399296, 18.6164550781, 71.19165802, 13.4794683456, 13.252374649, -4.3697309494, -3.25171971321], [-2.32901787758, 3.16657400131, -0.138459473848, -9.4323797226, -20.6081638336, 2.3868932724, 18.6461048126, 3.67376041412, 13.4794683456, 62.9905357361, 16.317943573, -2.84399008751, -6.88303089142], [68.7763824463, -14.2008895874, -32.1714744568, -36.5593757629, -1.82462966442, 17.9166622162, 13.2690496445, 0.857680797577, 13.252374649, 16.317943573, 64.5032501221, 16.7548122406, -4.0614862442], [35.411190033, -1.5166503191, 14.8379440308, 0.49124404788, -14.2807846069, -3.85349988937, 0.201413214207, 0.490375459194, -4.3697309494, -2.84399008751, 16.7548122406, 61.1514358521, 27.8863487244], [-45.1989212036, -5.52302455902, 7.94660568237, 21.7986545563, 14.1226139069, -11.855963707, -21.3985939026, -3.45400190353, -3.25171971321, -6.88303089142, -4.0614862442, 27.8863487244, 57.5534477234]],
        "icov": [[0.00105586997233, -0.000658448494505, 0.00192847242579, -0.00241987081245, 0.00389440078288, -0.00259004835971, 0.00139559060335, -0.000148190651089, -0.000710705586243, 0.00119252188597, -0.0011838581413, -0.000272550940281, 0.000588100985624], [-0.000658448494505, 0.0187388006598, -0.022000901401, 0.0158482417464, -0.0188326761127, 0.018295481801, -0.0177694633603, 0.0132402554154, -0.00653593847528, 6.29404748906e-05, 0.00146982143633, 0.00206327950582, -0.000363560277037], [0.00192847242579, -0.022000901401, 0.0429224446416, -0.0229001678526, 0.022735517472, -0.0300637539476, 0.0259661134332, -0.0172752272338, 0.0120688481256, -0.00479071820155, 0.00775421503931, -0.0125172976404, 0.00571700884029], [-0.00241987081245, 0.0158482417464, -0.0229001678526, 0.0322723984718, -0.0364992134273, 0.0284275002778, -0.0176342185587, 0.00969774834812, -0.00136556266807, -0.00694523891434, 0.0104653388262, -0.00333244190551, 0.000842284294777], [0.00389440078288, -0.0188326761127, 0.022735517472, -0.0364992134273, 0.0607903823256, -0.0403735525906, 0.0300955027342, -0.0190064776689, 0.00472759176046, 0.0129514113069, -0.0187381301075, 0.0130652599037, -0.00708541180938], [-0.00259004835971, 0.018295481801, -0.0300637539476, 0.0284275002778, -0.0403735525906, 0.0533977746964, -0.0379065684974, 0.0236206464469, -0.0144559228793, 0.000445330631919, 0.00193694268819, 0.00131613912527, 7.16957583791e-05], [0.00139559060335, -0.0177694633603, 0.0259661134332, -0.0176342185587, 0.0300955027342, -0.0379065684974, 0.041720494628, -0.0274530723691, 0.016014739871, -0.00419629178941, -0.000567254435737, -0.00291781057604, 0.00293195457198], [-0.000148190651089, 0.0132402554154, -0.0172752272338, 0.00969774834812, -0.0190064776689, 0.0236206464469, -0.0274530723691, 0.0388162136078, -0.0172883886844, 0.00304451421835, 0.000999012729153, -0.000584940833505, 0.00125967070926], [-0.000710705586243, -0.00653593847528, 0.0120688481256, -0.00136556266807, 0.00472759176046, -0.0144559228793, 0.016014739871, -0.0172883886844, 0.0267061553895, -0.0079710604623, 0.00256702583283, -0.00151627243031, -8.42896915856e-05], [0.00119252188597, 6.29404748906e-05, -0.00479071820155, -0.00694523891434, 0.0129514113069, 0.000445330631919, -0.00419629178941, 0.00304451421835, -0.0079710604623, 0.02556530945, -0.0140167735517, 0.00949598103762, -0.00321234995499], [-0.0011838581413, 0.00146982143633, 0.00775421503931, 0.0104653388262, -0.0187381301075, 0.00193694268819, -0.000567254435737, 0.000999012729153, 0.00256702583283, -0.0140167735517, 0.0346948318183, -0.019832899794, 0.00954965688288], [-0.000272550940281, 0.00206327950582, -0.0125172976404, -0.00333244190551, 0.0130652599037, 0.00131613912527, -0.00291781057604, -0.000584940833505, -0.00151627243031, 0.00949598103762, -0.019832899794, 0.0374736227095, -0.0195870548487], [0.000588100985624, -0.000363560277037, 0.00571700884029, 0.000842284294777, -0.00708541180938, 7.16957583791e-05, 0.00293195457198, 0.00125967070926, -8.42896915856e-05, -0.00321234995499, 0.00954965688288, -0.0195870548487, 0.0293883308768]]
    },
    "spectral_contrast_coeffs": {
        "max": [-0.39495280385, -0.401699483395, -0.54792290926, -0.679825663567, -0.646919608116, -0.719432353973],
        "mean": [-0.645697832108, -0.748459339142, -0.745322346687, -0.785958051682, -0.765330076218, -0.798319458961],
        "min": [-0.832482278347, -0.932457149029, -0.893258929253, -0.884835958481, -0.862276554108, -0.848301410675],
        "stdev": [0.0708944946527, 0.0668683722615, 0.056359436363, 0.0374327562749, 0.0311541948467, 0.0189241562039]
    },
    "spectral_contrast_valleys": {
        "max": [-5.28947687149, -4.40633010864, -5.34668540955, -5.80204153061, -7.01227045059, -10.5305624008],
        "mean": [-6.7823433876, -6.0059428215, -6.75593900681, -7.15179491043, -8.14696788788, -11.3611860275],
        "min": [-8.5276966095, -7.63540315628, -8.64029407501, -8.4944601059, -9.44814491272, -12.4443759918],
        "stdev": [0.510058224201, 0.486428111792, 0.529150426388, 0.452210307121, 0.486729741096, 0.392652362585]
    }
},
"rhythm": {
    "beats_count": 70,
    "beats_loudness": {
        "max": 0.0815935432911,
        "mean": 0.0445082113147,
        "min": 0.0146234547719,
        "stdev": 0.0133904032409
    },
    "bpm": 93.7053222656,
    "bpm_histogram_first_peak_bpm": 94,
    "bpm_histogram_first_peak_weight": 0.514705896378,
    "bpm_histogram_second_peak_bpm": 99,
    "bpm_histogram_second_peak_spread": 0,
    "bpm_histogram_second_peak_weight": 0.0144927538931,
    "danceability": 1.7379513979,
    "onset_rate": 3.46828699112,
    "beats_loudness_band_ratio": {
        "max": [0.602724850178, 0.693898916245, 0.723774850368, 0.593183159828, 0.14623247087, 0.0127283455804],
        "mean": [0.254581600428, 0.288597077131, 0.293581306934, 0.168858110905, 0.0611962378025, 0.00379045424052],
        "min": [0.0514454469085, 0.049689501524, 0.0844379961491, 0.0190955344588, 0.00547400396317, 0.000619650061708],
        "stdev": [0.121708586812, 0.150387302041, 0.150436595082, 0.128350690007, 0.0332844778895, 0.00202588154934]
    },
    "beats_position": [0.580498874187, 1.18421769142, 1.82276642323, 2.46131515503, 3.08825397491, 3.72680258751, 4.35374164581, 4.99229001999, 5.61922883987, 6.24616765976, 6.8963265419, 7.55809497833, 8.19664382935, 8.84680271149, 9.4853515625, 10.1355104446, 10.774058342, 11.412607193, 12.051156044, 12.7013149261, 13.3514738083, 13.9900226593, 14.6285715103, 15.2787294388, 15.9172782898, 16.5558280945, 17.1827659607, 17.8329238892, 18.483083725, 19.1216316223, 19.760181427, 20.4103393555, 21.0604991913, 21.7106571198, 22.3608150482, 23.010974884, 23.6379127502, 24.2764625549, 24.9150104523, 25.553560257, 26.168888092, 26.8074378967, 27.4459857941, 28.0961437225, 28.7463035583, 29.3964614868, 30.0350112915, 30.6735591888, 31.3237190247, 31.9506568909, 32.5775947571, 33.2161445618, 33.8546943665, 34.4932403564, 35.1317901611, 35.7819480896, 36.4088897705, 37.059047699, 37.6975975037, 38.3477554321, 38.9863014221, 39.6364631653, 40.2750091553, 40.9019508362, 41.5404968262, 42.1906585693, 42.8292045593, 43.4561424255, 44.0946922302, 44.7332420349],
