{
"metadata": {
    "version": {
        "essentia": "2.1-beta5",
        "essentia_git_sha": "Undefined",
        "extractor": "music 2.0"
    },
    "audio_properties": {
        "analysis": {
            "equal_loudness": 0,
            "length": 32.4963264465,
            "sample_rate": 44100,
            "start_time": 110.248344421,
            "downmix": "mix"
        },
        "bit_rate": 192000,
        "length": 166.289703369,
        "lossless": 0,
        "number_channels": 2,
        "replay_gain": -17.0210380554,
        "sample_rate": 48000,
        "codec": "mp3",
        "md5_encoded": "87458c0157951e85cef2163aa1300f11"
    },
    "tags": {
        "file_name": "Belgium_A Million In One, Two, Three_Dream Express.mp3",
        "encoding": ["Lavf58.29.100"]
    }
},
"lowlevel": {
    "average_loudness": 0.942400634289,
    "barkbands_crest": {
        "max": 23.1975212097,
        "mean": 6.55105161667,
        "min": 2.42330694199,
        "stdev": 3.06414055824
    },
    "barkbands_flatness_db": {
        "max": 0.256279736757,
        "mean": 0.117293007672,
        "min": 0.0544812902808,
        "stdev": 0.0293861944228
    },
    "barkbands_kurtosis": {
        "max": 20.2934703827,
        "mean": 0.182671636343,
        "min": -1.89317917824,
        "stdev": 2.54460382462
    },
    "barkbands_skewness": {
        "max": 4.46613693237,
        "mean": -0.639946579933,
        "min": -4.3886089325,
        "stdev": 0.91398537159
    },
    "barkbands_spread": {
        "max": 105.710861206,
        "mean": 43.3187332153,
        "min": 6.64788341522,
        "stdev": 17.5390644073
    },
    "dissonance": {
        "max": 0.499860107899,
        "mean": 0.488205224276,
        "min": 0.432132869959,
        "stdev": 0.00896559003741
    },
    "dynamic_complexity": 2.89227437973,
    "erbbands_crest": {
        "max": 30.6541118622,
        "mean": 8.18544960022,
        "min": 2.88787055016,
        "stdev": 4.26277685165
    },
    "erbbands_flatness_db": {
        "max": 0.328810334206,
        "mean": 0.18234936893,
        "min": 0.114796571434,
        "stdev": 0.0310397092253
    },
    "erbbands_kurtosis": {
        "max": 34.7976951599,
        "mean": 2.54183197021,
        "min": -1.68123495579,
        "stdev": 3.94871687889
    },
    "erbbands_skewness": {
        "max": 1.17663550377,
        "mean": -0.983273208141,
        "min": -4.78634977341,
        "stdev": 0.73683744669
    },
    "erbbands_spread": {
        "max": 115.092575073,
        "mean": 29.3516120911,
        "min": 3.54931211472,
        "stdev": 15.4696750641
    },
    "hfc": {
        "max": 297.7550354,
        "mean": 35.794342041,
        "min": 0.160917162895,
        "stdev": 38.1128044128
    },
    "loudness_ebu128": {
        "integrated": -8.55327129364,
        "loudness_range": 2.76034879684,
        "momentary": {
            "max": -4.83075094223,
            "mean": -8.98391151428,
            "min": -15.3425731659,
            "stdev": 2.00590181351
        },
        "short_term": {
            "max": -7.00485754013,
            "mean": -8.75092315674,
            "min": -11.2543926239,
            "stdev": 0.995029211044
        }
    },
    "melbands_crest": {
        "max": 28.8525810242,
        "mean": 9.52509689331,
        "min": 2.29775547981,
        "stdev": 4.36111831665
    },
    "melbands_flatness_db": {
        "max": 0.292561382055,
        "mean": 0.0796969905496,
        "min": 0.0125018665567,
        "stdev": 0.0359825119376
    },
    "melbands_kurtosis": {
        "max": 89.5454711914,
        "mean": 0.887076079845,
        "min": -1.87163805962,
        "stdev": 5.47755336761
    },
    "melbands_skewness": {
        "max": 8.72696590424,
        "mean": 0.829956591129,
        "min": -2.02378535271,
        "stdev": 1.12575650215
    },
    "melbands_spread": {
        "max": 294.729522705,
        "mean": 100.49041748,
        "min": 4.75765037537,
        "stdev": 47.3195610046
    },
    "pitch_salience": {
        "max": 0.799949347973,
        "mean": 0.610817432404,
        "min": 0.221929043531,
        "stdev": 0.0903615429997
    },
    "silence_rate_20dB": {
        "max": 1,
        "mean": 1,
        "min": 1,
        "stdev": 0
    },
    "silence_rate_30dB": {
        "max": 1,
        "mean": 1,
        "min": 1,
        "stdev": 0
    },
    "silence_rate_60dB": {
        "max": 1,
        "mean": 0.179157748818,
        "min": 0,
        "stdev": 0.383488386869
    },
    "spectral_centroid": {
        "max": 6712.54882812,
        "mean": 3171.12353516,
        "min": 824.62310791,
        "stdev": 618.972229004
    },
    "spectral_complexity": {
        "max": 49,
        "mean": 19.1206283569,
        "min": 0,
        "stdev": 11.4832401276
    },
    "spectral_decrease": {
        "max": -1.63890949423e-11,
        "mean": -2.01258698596e-09,
        "min": -7.07476877082e-09,
        "stdev": 1.4834112827e-09
    },
    "spectral_energy": {
        "max": 0.037225805223,
        "mean": 0.0108426231891,
        "min": 7.64519063523e-05,
        "stdev": 0.00796930585057
    },
    "spectral_energyband_high": {
        "max": 0.0336293540895,
        "mean": 0.00333868269809,
        "min": 1.74064607563e-05,
        "stdev": 0.00446594972163
    },
    "spectral_energyband_low": {
        "max": 0.0107829151675,
        "mean": 0.00147043215111,
        "min": 1.28855072035e-05,
        "stdev": 0.00183714437298
    },
    "spectral_energyband_middle_high": {
        "max": 0.0292659122497,
        "mean": 0.00484451185912,
        "min": 1.66916070157e-05,
        "stdev": 0.00482177734375
    },
    "spectral_energyband_middle_low": {
        "max": 0.00957696512341,
        "mean": 0.00137454876676,
        "min": 3.06464025925e-05,
        "stdev": 0.00122187717352
    },
    "spectral_entropy": {
        "max": 8.64459228516,
        "mean": 7.96370601654,
        "min": 6.95105600357,
        "stdev": 0.291742175817
    },
    "spectral_flux": {
        "max": 0.159003689885,
        "mean": 0.0642792806029,
        "min": 0.00948173366487,
        "stdev": 0.0287218596786
    },
    "spectral_kurtosis": {
        "max": 9.07990074158,
        "mean": 1.86598706245,
        "min": -1.22950291634,
        "stdev": 1.75692522526
    },
    "spectral_rms": {
        "max": 0.0060264300555,
        "mean": 0.00300702289678,
        "min": 0.000273106619716,
        "stdev": 0.00123934692238
    },
    "spectral_rolloff": {
        "max": 10206.7382812,
        "mean": 5431.20751953,
        "min": 129.19921875,
        "stdev": 2198.2175293
    },
    "spectral_skewness": {
        "max": 2.21096420288,
        "mean": 0.793968856335,
        "min": -0.303848356009,
        "stdev": 0.30680552125
    },
    "spectral_spread": {
        "max": 10146200,
        "mean": 4512122,
        "min": 2320744.25,
        "stdev": 1521165.875
    },
    "spectral_strongpeak": {
        "max": 22.6907939911,
        "mean": 1.7051653862,
        "min": 0.00537332706153,
        "stdev": 2.40627837181
    },
    "zerocrossingrate": {
        "max": 0.3916015625,
        "mean": 0.169120624661,
        "min": 0.0283203125,
        "stdev": 0.0613488592207
    },
    "barkbands": {
        "max": [0.000320945662679, 0.00564479455352, 0.00801131222397, 0.00635584723204, 0.0026505603455, 0.00260101910681, 0.0025404188782, 0.00353318220004, 0.00412641372532, 0.00439546210691, 0.00660391105339, 0.00517098512501, 0.00576365180314, 0.00726437661797, 0.0213259160519, 0.0119638592005, 0.0116453962401, 0.017761291936, 0.00644624605775, 0.0122566996142, 0.00912270043045, 0.00694359419867, 0.0143657438457, 0.0165072027594, 0.0150920171291, 5.80927917326e-06, 5.18260367244e-06],
        "mean": [2.27910259127e-05, 0.00067496590782, 0.000634342082776, 0.000346718268702, 0.000316506921081, 0.000249182397965, 0.000110281980596, 0.000129142048536, 0.000161392279551, 0.000147817801917, 0.00020215123368, 0.000171603664057, 0.000189938451513, 0.000240546476562, 0.00064288219437, 0.000462984811747, 0.00066971295746, 0.000871962343808, 0.000763190386351, 0.00090747064678, 0.000591150368564, 0.000381409219699, 0.000680977711454, 0.000851313525345, 0.000421512377216, 4.4332023208e-07, 2.41511003196e-07],
        "min": [7.56737161822e-09, 2.62520211436e-06, 5.22817515503e-07, 8.95446646609e-07, 2.69238512374e-06, 8.91498416422e-07, 4.43359368774e-07, 7.47487945318e-07, 5.17801481692e-07, 1.28326718141e-07, 2.49241395522e-07, 3.04267246065e-07, 3.56435123194e-07, 3.22993855661e-07, 4.59347120341e-07, 6.02616239576e-07, 2.23969709623e-06, 1.64249706813e-06, 4.03192552767e-06, 5.2591271924e-06, 7.08680090611e-06, 3.45344960806e-06, 1.96312180378e-06, 2.99881980936e-06, 4.68933620823e-07, 2.93259492211e-12, 3.41564688859e-12],
        "stdev": [3.25202636304e-05, 0.000816208717879, 0.00118141435087, 0.000567132374272, 0.00036574684782, 0.000336941302521, 0.000190712715266, 0.000275344093097, 0.000361724058166, 0.000305675494019, 0.000488874735311, 0.000393628142774, 0.000436325208284, 0.000509355159011, 0.00138898845762, 0.000891821167897, 0.0012088046642, 0.00136520795058, 0.000883651548065, 0.00115129258484, 0.000766306940932, 0.000598704908043, 0.00133812066633, 0.00165770109743, 0.00119993858971, 7.7027232237e-07, 5.38003803285e-07]
    },
    "erbbands": {
        "max": [0.156278342009, 1.44135129452, 8.2093372345, 11.8984088898, 19.1524887085, 7.69517421722, 18.2983570099, 27.9395961761, 59.0025863647, 50.7605323792, 109.724899292, 93.1081314087, 107.34022522, 176.786773682, 349.94921875, 231.263336182, 242.937301636, 423.048217773, 557.577575684, 625.335083008, 505.377868652, 713.389953613, 1181.6854248, 564.067321777, 325.000183105, 605.197265625, 351.427490234, 540.336425781, 252.650619507, 497.933624268, 524.650512695, 226.160598755, 353.819763184, 317.185333252, 18.2666625977, 0.501711308956, 0.03915662691, 0.00742162857205, 0.00164262030739, 0.000319521379424],
        "mean": [0.0150909004733, 0.173002496362, 0.688973665237, 0.912418842316, 1.34858489037, 0.858430325985, 1.51793086529, 1.92914044857, 1.57358896732, 2.04140615463, 3.26681137085, 3.63287901878, 4.64209127426, 5.92664289474, 7.92399311066, 7.45599460602, 8.14484024048, 13.3819408417, 20.7732944489, 34.9755439758, 26.874124527, 36.4586181641, 44.5974693298, 48.5855903625, 38.5744590759, 40.9090881348, 29.5749721527, 18.9117488861, 14.0365152359, 14.2916107178, 20.9595050812, 16.6862220764, 15.0943336487, 9.37923812866, 0.42830953002, 0.0151462489739, 0.00187986297533, 0.000389335124055, 9.73045898718e-05, 2.94097171718e-05],
        "min": [5.51789016754e-05, 0.000687622406986, 0.00118561822455, 0.00350393168628, 0.0135846082121, 0.0108781429008, 0.0142262931913, 0.00604627234861, 0.0125955650583, 0.0146295996383, 0.0203920155764, 0.012878941372, 0.00258379499428, 0.008485423401, 0.0121097043157, 0.0115259727463, 0.0256777200848, 0.0179966688156, 0.0309199113399, 0.0397190451622, 0.0736221000552, 0.125794783235, 0.0867191031575, 0.101399555802, 0.297885447741, 0.237688571215, 0.347675055265, 0.164773643017, 0.150758355856, 0.0666703954339, 0.0590535029769, 0.0537776239216, 0.0492883883417, 0.0131623791531, 0.000500700378325, 2.37980566453e-05, 3.09465121973e-06, 7.05283582647e-07, 7.04612659774e-07, 5.39003337963e-07],
        "stdev": [0.0201724935323, 0.21402259171, 1.20390045643, 1.24791884422, 2.00555586815, 0.974834144115, 2.05164027214, 2.79017019272, 2.83528351784, 4.09226703644, 7.31864309311, 7.8684425354, 9.39517498016, 12.9498786926, 23.7484073639, 17.0240001678, 16.8439350128, 28.1072654724, 37.8814544678, 66.7580337524, 42.6328315735, 64.2834243774, 73.9205780029, 63.2147789001, 44.1048660278, 53.6284561157, 38.1353187561, 27.3241901398, 20.6897678375, 25.3910293579, 45.0951957703, 28.443441391, 34.2952423096, 25.7447376251, 1.16628956795, 0.0368894673884, 0.00352142914198, 0.000720465381164, 0.000180769711733, 3.56976997864e-05]
    },
    "gfcc": {
        "mean": [-23.6032390594, 41.8168449402, -150.722198486, 83.2793045044, -72.527557373, 27.238576889, -45.0493888855, 9.78936672211, -16.4200725555, -12.2953195572, 1.67300963402, -16.7053527832, 3.427546978],
        "cov": [[2915.69921875, -534.730285645, 98.7877197266, -129.420303345, 208.194091797, 131.912704468, 87.0207061768, 152.619598389, 66.9047317505, 110.339546204, -168.414962769, -41.5563163757, -112.309028625], [-534.730285645, 821.828063965, -287.252197266, 58.5204582214, 142.420791626, -164.700454712, 104.142280579, -62.0171661377, -10.6395692825, -47.0823669434, 27.0150299072, -51.9863777161, 29.611749649], [98.7877197266, -287.252197266, 694.022888184, 140.226547241, -110.910682678, 166.690353394, -127.886772156, 37.4501113892, -20.0818443298, 2.15645384789, -21.5652885437, -12.9387845993, -60.7111778259], [-129.420303345, 58.5204582214, 140.226547241, 217.699798584, 62.7195014954, -40.7255401611, -22.0328960419, -4.91839122772, 13.6229448318, -31.1865959167, -11.929599762, -2.93899703026, -12.6934709549], [208.194091797, 142.420791626, -110.910682678, 62.7195014954, 237.410598755, -28.2471065521, 62.2217788696, 17.0787239075, 22.7104930878, -8.92626857758, -32.435836792, -10.9582328796, -12.4408330917], [131.912704468, -164.700454712, 166.690353394, -40.7255401611, -28.2471065521, 230.075088501, 28.4240283966, -3.42442846298, -36.8686904907, 4.56304216385, 8.60885334015, -6.50182247162, -20.8861808777], [87.0207061768, 104.142280579, -127.886772156, -22.0328960419, 62.2217788696, 28.4240283966, 171.844223022, 13.6005468369, -18.4350299835, -7.4618601799, -3.91879367828, -19.7722530365, -18.78175354], [152.619598389, -62.0171661377, 37.4501113892, -4.91839122772, 17.0787239075, -3.42442846298, 13.6005468369, 91.3196029663, 38.9486923218, 14.3921718597, -21.9274101257, -6.82994651794, -3.567278862], [66.9047317505, -10.6395692825, -20.0818443298, 13.6229448318, 22.7104930878, -36.8686904907, -18.4350299835, 38.9486923218, 90.2610015869, 28.0613498688, -17.4309387207, -5.56868648529, 3.82819676399], [110.339546204, -47.0823669434, 2.15645384789, -31.1865959167, -8.92626857758, 4.56304216385, -7.4618601799, 14.3921718597, 28.0613498688, 74.2829742432, 14.5616979599, -8.71902656555, -0.804355919361], [-168.414962769, 27.0150299072, -21.5652885437, -11.929599762, -32.435836792, 8.60885334015, -3.91879367828, -21.9274101257, -17.4309387207, 14.5616979599, 83.1774368286, 36.622253418, 6.23007440567], [-41.5563163757, -51.9863777161, -12.9387845993, -2.93899703026, -10.9582328796, -6.50182247162, -19.7722530365, -6.82994651794, -5.56868648529, -8.71902656555, 36.622253418, 76.0210189819, 35.1699676514], [-112.309028625, 29.611749649, -60.7111778259, -12.6934709549, -12.4408330917, -20.8861808777, -18.78175354, -3.567278862, 3.82819676399, -0.804355919361, 6.23007440567, 35.1699676514, 84.8245925903]],
        "icov": [[0.000617579557002, 0.000287735223537, -9.50062822085e-05, 0.000463798234705, -0.000672511814628, -4.86672388433e-06, -0.000229213997955, -0.00024353567278, 0.000211539314478, -0.00101867772173, 0.00135594012681, -0.000742884352803, 0.000747036247049], [0.000287735223537, 0.00312544056214, -0.000722629250959, 0.000895406876225, -0.00227342662401, 0.00257437140681, -0.00203689397313, 0.00215069483966, -0.000987152801827, 0.00262789078988, -0.00393528165296, 0.00526461098343, -0.00297773932107], [-9.50062822085e-05, -0.000722629250959, 0.00519944773987, -0.00482839532197, 0.00304942973889, -0.00459163822234, 0.00412935391068, -0.00417715497315, 0.00305843050592, -0.00271988520399, 0.0034429829102, -0.00263240770437, 0.00385537347756], [0.000463798234705, 0.000895406876225, -0.00482839532197, 0.0105683850124, -0.00492079230025, 0.00479566399008, -0.00255432655104, 0.00408426392823, -0.00389570021071, 0.0049258726649, -0.00325482827611, 0.00270670815371, -0.0021681911312], [-0.000672511814628, -0.00227342662401, 0.00304942973889, -0.00492079230025, 0.00900539383292, -0.0031876838766, 0.000746740377508, -0.00277174031362, 0.000758077949286, -0.002547029173, 0.00514033809304, -0.0049850656651, 0.00356507720426], [-4.86672388433e-06, 0.00257437140681, -0.00459163822234, 0.00479566399008, -0.0031876838766, 0.0104460585862, -0.00517133204266, 0.00440572435036, -0.00100965017918, 0.00352563732304, -0.00577918672934, 0.00569855235517, -0.00418828893453], [-0.000229213997955, -0.00203689397313, 0.00412935391068, -0.00255432655104, 0.000746740377508, -0.00517133204266, 0.0117256045341, -0.00596976000816, 0.00464239856228, -0.00181950628757, 0.00249884207733, -0.0019099812489, 0.004543854855], [-0.00024353567278, 0.00215069483966, -0.00417715497315, 0.00408426392823, -0.00277174031362, 0.00440572435036, -0.00596976000816, 0.0193610489368, -0.0090527497232, 0.00278666731901, -0.00201608706266, 0.00349487434141, -0.00414703972638], [0.000211539314478, -0.000987152801827, 0.00305843050592, -0.00389570021071, 0.000758077949286, -0.00100965017918, 0.00464239856228, -0.0090527497232, 0.0202615913004, -0.00968720577657, 0.00668128533289, -0.00395110948011, 0.00288171507418], [-0.00101867772173, 0.00262789078988, -0.00271988520399, 0.0049258726649, -0.002547029173, 0.00352563732304, -0.00181950628757, 0.00278666731901, -0.00968720577657, 0.0258288588375, -0.0157241001725, 0.013819151558, -0.00715952273458], [0.00135594012681, -0.00393528165296, 0.0034429829102, -0.00325482827611, 0.00514033809304, -0.00577918672934, 0.00249884207733, -0.00201608706266, 0.00668128533289, -0.0157241001725, 0.0320246480405, -0.0228997338563, 0.0116376029328], [-0.000742884352803, 0.00526461098343, -0.00263240770437, 0.00270670815371, -0.0049850656651, 0.00569855235517, -0.0019099812489, 0.00349487434141, -0.00395110948011, 0.013819151558, -0.0228997338563, 0.0356395319104, -0.0166899934411], [0.000747036247049, -0.00297773932107, 0.00385537347756, -0.0021681911312, 0.00356507720426, -0.00418828893453, 0.004543854855, -0.00414703972638, 0.00288171507418, -0.00715952273458, 0.0116376029328, -0.0166899934411, 0.0224431771785]]
    },
    "melbands": {
        "max": [0.00131343852263, 0.00288131926209, 0.00223763170652, 0.000732658954803, 0.000517623790074, 0.000674646289553, 0.000779580208473, 0.000681535690092, 0.00114760408178, 0.000600538798608, 0.000591502408497, 0.000695333525073, 0.00106998137198, 0.00060109194601, 0.00109715224244, 0.000672679510899, 0.000793588522356, 0.000474390399177, 0.0021290818695, 0.00120341847651, 0.000678761338349, 0.00071434880374, 0.000460690585896, 0.00115309632383, 0.000462440075353, 0.000292606448056, 0.00051510456251, 0.000316668098094, 0.000308833201416, 0.000200012465939, 0.000313122727675, 0.000159468385391, 0.000184585907846, 0.000303109089145, 0.000273616489721, 0.00030487641925, 0.000149673505803, 0.000182170711923, 0.00048106739996, 0.000288341427222],
        "mean": [0.000163828881341, 0.000308601942379, 0.000181697527296, 7.58480091463e-05, 4.91183163831e-05, 4.45808036602e-05, 2.41277084569e-05, 2.24974064622e-05, 2.73746700259e-05, 2.3271279133e-05, 2.25388739636e-05, 2.24553750741e-05, 2.53183698078e-05, 1.93232517631e-05, 1.94640597329e-05, 2.0582567231e-05, 2.46476029133e-05, 2.57513493125e-05, 5.55440128664e-05, 4.09735548601e-05, 2.97562128253e-05, 3.83086153306e-05, 3.56420787284e-05, 4.30568143202e-05, 3.95083734475e-05, 2.51950696111e-05, 3.17630074278e-05, 2.58140626102e-05, 1.91319577425e-05, 1.55844281835e-05, 9.10581002245e-06, 7.77168133936e-06, 7.3489704846e-06, 8.04476349003e-06, 1.13864180094e-05, 1.2828932995e-05, 9.26477878238e-06, 8.82382846612e-06, 1.3383654732e-05, 6.06649155088e-06],
        "min": [6.56009547129e-07, 1.19471621929e-06, 1.27521752802e-06, 6.54507971376e-07, 5.37174912552e-07, 1.43254197837e-07, 8.88978206603e-08, 9.58887085289e-08, 1.3434596724e-07, 6.35565342577e-08, 9.63844470903e-09, 3.23304192307e-08, 3.68266235284e-08, 3.19275059724e-08, 4.45444356956e-08, 4.67507383917e-08, 2.98197981863e-08, 4.52641195636e-08, 5.30686214972e-08, 5.27314441001e-08, 7.36287120162e-08, 1.13096660925e-07, 9.99225377996e-08, 5.24139700531e-08, 7.84996601055e-08, 1.49473905253e-07, 1.88742333762e-07, 1.09926851621e-07, 1.64195867569e-07, 1.84499313605e-07, 7.23843314177e-08, 8.16344396526e-08, 6.56175984659e-08, 3.32821095128e-08, 4.1058871858e-08, 2.03833785406e-08, 3.71465347371e-08, 2.73971565434e-08, 1.84467499054e-08, 5.56742829616e-09],
        "stdev": [0.00020173782832, 0.000455570610939, 0.00024591005058, 9.41384350881e-05, 5.97228972765e-05, 6.26553082839e-05, 4.16649963881e-05, 4.70627492177e-05, 6.59166180412e-05, 5.30768375029e-05, 4.74271619169e-05, 5.13524391863e-05, 6.83458565618e-05, 4.51595915365e-05, 5.63017420063e-05, 5.11028447363e-05, 5.2222301747e-05, 4.67986792501e-05, 0.000131344291731, 8.3082843048e-05, 5.54303987883e-05, 7.01488024788e-05, 5.3890140407e-05, 7.50455656089e-05, 5.47342860955e-05, 3.14929311571e-05, 4.22845951107e-05, 3.51567468897e-05, 2.77629806078e-05, 2.04582702281e-05, 1.48848957906e-05, 1.14532949738e-05, 1.33913181344e-05, 1.46170095832e-05, 2.40651243075e-05, 2.79051655525e-05, 1.53073524416e-05, 1.74595224962e-05, 3.97603362217e-05, 1.71448646142e-05]
    },
    "melbands128": {
        "max": [0.00028101465432, 0.00125457183458, 0.00213824096136, 0.00269678235054, 0.00435420917347, 0.00346225500107, 0.00227099307813, 0.00403035990894, 0.00200777687132, 0.000618118327111, 0.000502612558194, 0.000741324445698, 0.000833378173411, 0.00102023710497, 0.000842817593366, 0.00133449933492, 0.00177949131466, 0.000598015612923, 0.000587478047237, 0.000562295783311, 0.00136558397207, 0.000776125583798, 0.00180710316636, 0.00170615466777, 0.000900590675883, 0.00101931672543, 0.00120366492774, 0.000765979115386, 0.00133514450863, 0.000513149076141, 0.00141496711876, 0.000821953988634, 0.00129969057161, 0.00273074652068, 0.000763084855862, 0.000758482783567, 0.000845553702675, 0.0021763171535, 0.00141381355934, 0.000415859656641, 0.00116062909365, 0.00185600994155, 0.00173586863093, 0.000443766883109, 0.000945528910961, 0.000765321485233, 0.0015908718342, 0.0048851124011, 0.00175115698949, 0.00168227776885, 0.00255415774882, 0.00141603441443, 0.00082968280185, 0.00177324062679, 0.00224480568431, 0.00105238263495, 0.00240017985925, 0.000537431333214, 0.000702857272699, 0.00211134529673, 0.00181119970512, 0.00146711198613, 0.00107539503369, 0.000995215261355, 0.000460310664494, 0.000587905175053, 0.000424999307143, 0.000644751416985, 0.000752065447159, 0.00139133923221, 0.000350277667167, 0.000493925705086, 0.00102091790177, 0.000457925605588, 0.000418200826971, 0.000430462299846, 0.000330885581207, 0.000719106930774, 0.000263272580924, 0.000154830806423, 0.000238221356994, 0.000113125555799, 0.000177852387424, 0.00015679882199, 0.0002455530921, 0.00047700869618, 0.000266808841843, 0.000230870369705, 0.000389873370295, 0.000610668561421, 0.000434127519839, 0.000339469697792, 0.00018035848916, 0.000245982519118, 0.000147987288074, 0.000323744257912, 0.000173785563675, 0.000483846059069, 0.000764436379541, 0.000354828604031, 0.000512861530297, 0.000312053511152, 1.19849837574e-05, 4.38007788262e-07, 1.88365476106e-07, 1.63344324733e-07, 1.1889661522e-07, 5.34689448273e-08, 7.2306924892e-08, 4.2873860906e-08, 4.88974016832e-08, 3.36163665793e-08, 3.41007648785e-08, 2.82546377406e-08, 3.04799634421e-08, 2.75185030318e-08, 2.89042620949e-08, 4.12347844758e-08, 5.24012939707e-08, 4.29400515145e-08, 4.83870294943e-08, 3.13928829598e-08, 3.08168672802e-08, 1.65617464187e-09, 6.28248064682e-10, 2.78401024456e-10, 1.11559088356e-10, 1.10842550416e-10],
        "mean": [1.91397921299e-05, 9.66229272308e-05, 0.000223466020543, 0.000294721219689, 0.000367014145013, 0.000286451890133, 0.000168468701304, 0.000191496539628, 0.000143025332363, 5.9402671468e-05, 4.01754514314e-05, 4.03813210141e-05, 5.18995548191e-05, 6.23031082796e-05, 4.32889064541e-05, 3.88365297113e-05, 2.81239263131e-05, 1.81003015314e-05, 2.44035127253e-05, 2.27320688282e-05, 2.13664898183e-05, 2.11855440284e-05, 3.52089991793e-05, 2.4583105187e-05, 1.88577159861e-05, 2.66035949608e-05, 2.21351074288e-05, 2.75649781543e-05, 1.57941540238e-05, 1.70470157173e-05, 2.9858063499e-05, 2.40853132709e-05, 1.84123928193e-05, 3.85864441341e-05, 1.38455770866e-05, 1.67487251019e-05, 1.98642537725e-05, 2.58586060227e-05, 1.35443096951e-05, 1.19861770145e-05, 2.66263068625e-05, 2.51851724897e-05, 2.72825454886e-05, 2.33123300859e-05, 1.64010507433e-05, 2.31353587878e-05, 3.75230738427e-05, 6.9375957537e-05, 5.99141385464e-05, 3.21424849972e-05, 4.93527804792e-05, 3.81431127607e-05, 1.44171272041e-05, 3.57773424184e-05, 4.29770334449e-05, 3.1983898225e-05, 4.55100125691e-05, 2.84107172774e-05, 3.37411293003e-05, 4.47467245976e-05, 4.36761401943e-05, 3.632809603e-05, 5.89093906456e-05, 3.39466787409e-05, 2.2141754016e-05, 2.54517763096e-05, 2.59370935964e-05, 2.79996493191e-05, 3.49955189449e-05, 3.49873116647e-05, 2.1734764232e-05, 2.56198054558e-05, 2.26293759624e-05, 1.56113765115e-05, 1.76483135874e-05, 1.88311623788e-05, 1.26550612549e-05, 1.17389390653e-05, 8.63068362378e-06, 6.40886719339e-06, 7.66824359744e-06, 8.49685784488e-06, 7.85212978371e-06, 6.51989739708e-06, 7.89263049228e-06, 7.34302511773e-06, 8.39827134769e-06, 8.82052154338e-06, 1.02498888737e-05, 1.46442971527e-05, 1.45674803207e-05, 1.23541594803e-05, 9.68148833635e-06, 1.01729729067e-05, 8.0773670561e-06, 7.24697520127e-06, 7.82044753578e-06, 1.24737598526e-05, 1.68396309164e-05, 1.12313073259e-05, 1.00199358712e-05, 6.02358841206e-06, 2.06095833732e-07, 7.53184536961e-09, 5.13122877521e-09, 4.03589117681e-09, 3.98927246792e-09, 3.33458971546e-09, 3.10062775455e-09, 2.94927327005e-09, 2.93469915036e-09, 2.76242206887e-09, 2.536275856e-09, 2.3742166011e-09, 2.31209384971e-09, 2.1627006852e-09, 1.38447242559e-09, 1.15351295182e-09, 1.79621340024e-09, 1.86563342552e-09, 1.72831471357e-09, 1.73883185628e-09, 9.57879331409e-10, 2.18109731664e-11, 2.73041615359e-12, 2.04655975326e-12, 1.66494986201e-12, 1.58711553015e-12],
        "min": [6.72610367403e-09, 9.80189440725e-08, 9.84803847359e-08, 4.55367171526e-07, 2.27150621868e-07, 1.91037955233e-07, 8.35658298115e-08, 2.62931422412e-07, 4.21568188358e-07, 2.34650400444e-07, 2.40433628562e-08, 1.77686025893e-08, 1.18212248879e-07, 1.5982995194e-07, 1.07300230923e-07, 2.32402879163e-08, 7.69748140783e-08, 7.16539858558e-08, 2.63104436016e-08, 5.53684493809e-08, 1.58158695029e-08, 5.17197946692e-08, 2.66147655026e-08, 2.35858870212e-08, 2.75565312791e-08, 7.38258076893e-09, 6.15046147345e-09, 7.55889661974e-09, 8.45798808768e-09, 1.96122602603e-08, 2.37048336515e-08, 1.05270148154e-08, 1.70479328432e-08, 1.11967004557e-08, 7.34229477217e-09, 7.17260872918e-09, 2.25656151542e-08, 3.68638701786e-08, 9.92452520165e-09, 1.68589000538e-08, 9.85340786741e-09, 1.51019818873e-08, 1.71714749087e-08, 3.90954717489e-08, 7.18377490827e-09, 9.54349044235e-09, 1.76934662477e-08, 1.75934644631e-08, 1.6281186177e-08, 2.62257309203e-08, 3.77915512217e-08, 3.23890247955e-08, 1.47583127941e-08, 7.84403120235e-09, 2.68729714037e-08, 5.05983450694e-08, 1.61955231448e-08, 3.14179509076e-08, 2.26456684516e-08, 4.57562450151e-08, 3.46122064343e-08, 4.86644218256e-08, 2.6189812985e-08, 4.31977618121e-08, 5.96915725737e-08, 3.42883978988e-08, 2.90908896972e-08, 1.67566241771e-07, 1.05971622588e-07, 2.66041055852e-08, 3.27937073052e-08, 6.00701355324e-08, 9.41190947401e-08, 6.78512321883e-08, 7.01460152186e-08, 6.45421209811e-08, 1.85240551787e-08, 3.83592784203e-08, 8.23976975539e-09, 3.42770505313e-08, 2.49651055384e-08, 1.10109645846e-08, 6.53090026503e-08, 4.0620914632e-08, 8.52153814179e-09, 3.66173491528e-09, 1.141414252e-08, 2.98091045181e-08, 1.5791542296e-08, 1.05563575659e-08, 1.75813337222e-08, 4.02009758815e-09, 1.91798665838e-08, 3.20685060728e-08, 2.46745646137e-08, 1.6420759863e-08, 5.27815702256e-09, 4.0404395385e-09, 1.86694446569e-08, 7.56779361399e-10, 5.36572963838e-09, 2.49268883312e-10, 1.0243704756e-12, 1.59391000832e-13, 1.91024716797e-14, 1.8060246766e-14, 2.16866590875e-14, 1.44399517164e-14, 1.78697083986e-14, 9.67317554995e-15, 1.68283203534e-14, 1.49414765364e-14, 1.89012674734e-14, 1.41136373557e-14, 1.34896019255e-14, 1.52023118622e-14, 1.50057239854e-14, 1.50409266747e-14, 1.15885110142e-14, 1.27577815526e-14, 1.19460842789e-14, 1.26575953427e-14, 1.2238705363e-14, 1.19296620041e-14, 9.77519304515e-15, 3.60331923872e-15, 3.09614470902e-16, 1.42704686426e-17],
        "stdev": [2.78870284092e-05, 0.000144071149407, 0.000319279904943, 0.000386636645999, 0.00063965813024, 0.000527207157575, 0.000241908652242, 0.000340263621183, 0.000223475246457, 7.989511505e-05, 5.765311289e-05, 6.13629817963e-05, 7.93482395238e-05, 0.000112919435196, 7.21951073501e-05, 8.23959489935e-05, 7.07708386471e-05, 3.89055167034e-05, 5.41071458429e-05, 5.53536738153e-05, 6.98805961292e-05, 5.04046838614e-05, 0.000106142841105, 8.27473631944e-05, 5.41545268788e-05, 8.41468427097e-05, 7.25465943106e-05, 6.7690772994e-05, 5.82215106988e-05, 4.93466577609e-05, 8.8261491328e-05, 6.6785949457e-05, 6.44783285679e-05, 0.000158786220709, 4.85783602926e-05, 5.35090912308e-05, 6.14059899817e-05, 9.60667312029e-05, 5.56047816644e-05, 3.14658100251e-05, 8.04252413218e-05, 0.000104427104816, 8.10618585092e-05, 4.72028041258e-05, 5.90478557569e-05, 5.56370323466e-05, 0.000101828816696, 0.000221654074267, 0.000152560925926, 9.72364359768e-05, 0.000134815156343, 0.000100939701952, 3.68806540791e-05, 0.000101042278402, 0.00011820616055, 7.11582033546e-05, 0.000158175811521, 5.85167399549e-05, 6.5554457251e-05, 0.000118558455142, 0.000109650143713, 8.10404744698e-05, 0.000105420134787, 6.23895903118e-05, 3.52838651452e-05, 4.49571416539e-05, 4.08732485084e-05, 4.0682607505e-05, 5.7392699091e-05, 8.10962810647e-05, 3.67756656487e-05, 4.00721728511e-05, 5.13528029842e-05, 3.14364333462e-05, 3.03196775349e-05, 2.87923649012e-05, 2.50685461651e-05, 2.76269202004e-05, 1.58448474394e-05, 1.17418203445e-05, 1.29990894493e-05, 1.26294080474e-05, 1.52222110046e-05, 1.35734117066e-05, 1.56256119226e-05, 1.7827078409e-05, 1.52871598402e-05, 1.56957084982e-05, 2.21409172809e-05, 4.47390120826e-05, 3.67631182598e-05, 2.59898915829e-05, 1.78167319973e-05, 1.81660543603e-05, 1.43741181091e-05, 1.55128855113e-05, 1.55460838869e-05, 3.6579422158e-05, 5.71287710045e-05, 3.24889770127e-05, 2.99139755953e-05, 1.77650708792e-05, 7.52331686726e-07, 2.49717153622e-08, 1.43234730743e-08, 9.74241931573e-09, 9.24984533412e-09, 6.12840711511e-09, 5.93471982668e-09, 5.44139755476e-09, 5.28798471677e-09, 4.87817430894e-09, 4.51510118182e-09, 4.24634416518e-09, 4.20647383592e-09, 3.90886034651e-09, 3.28305671538e-09, 3.54845774986e-09, 4.6073513893e-09, 4.60029792038e-09, 4.30998570167e-09, 4.12961798091e-09, 2.64738875266e-09, 1.05956146634e-10, 2.02867826704e-11, 9.75307508366e-12, 5.14375477975e-12, 4.93180236233e-12]
    },
    "mfcc": {
        "mean": [-636.688049316, 33.8235397339, -0.832752764225, 33.475025177, 14.5839605331, 2.45160603523, 4.60726070404, 3.82490420341, -1.75319957733, 3.92495918274, -4.48315095901, 0.227953612804, -2.14919137955],
        "cov": [[2779.24462891, -245.901992798, -273.731231689, -101.200447083, 58.1799850464, 26.9242572784, 40.1884346008, 36.0055274963, 161.280944824, 199.269836426, 21.1326618195, -35.7665634155, 14.2583093643], [-245.901992798, 618.455871582, -320.35647583, 137.247802734, -35.279094696, -8.35179042816, 44.4889259338, -15.5795116425, 8.47854709625, -0.135636329651, -3.65583705902, 6.5507144928, -38.1198158264], [-273.731231689, -320.35647583, 774.779724121, -75.0316772461, 100.819992065, 38.3816375732, -15.8611774445, 2.98869800568, -39.9880371094, -28.4672145844, 22.545255661, 5.05491399765, 15.7949409485], [-101.200447083, 137.247802734, -75.0316772461, 312.030731201, 64.1497268677, -33.7330169678, -31.3705253601, 14.0988712311, 23.606754303, -3.79097771645, -9.1324672699, 24.2025222778, -14.5242929459], [58.1799850464, -35.279094696, 100.819992065, 64.1497268677, 174.239959717, 15.8605289459, -30.8043193817, 6.38635063171, 24.4696846008, 4.81460189819, 5.70882511139, 2.26598334312, -1.01914608479], [26.9242572784, -8.35179042816, 38.3816375732, -33.7330169678, 15.8605289459, 132.604568481, 71.1522827148, 21.7505569458, -13.3417882919, 0.895183980465, 11.2585382462, -10.05905056, -15.3823575974], [40.1884346008, 44.4889259338, -15.8611774445, -31.3705253601, -30.8043193817, 71.1522827148, 145.760406494, 43.8615188599, -11.3331546783, 1.47367882729, 12.2161283493, -3.60729074478, -13.6763210297], [36.0055274963, -15.5795116425, 2.98869800568, 14.0988712311, 6.38635063171, 21.7505569458, 43.8615188599, 90.9067153931, 16.2659435272, -1.28829598427, 3.22211050987, -1.63251101971, -7.20985364914], [161.280944824, 8.47854709625, -39.9880371094, 23.606754303, 24.4696846008, -13.3417882919, -11.3331546783, 16.2659435272, 100.699333191, 49.1666679382, -7.40228366852, -12.0573577881, -5.69597673416], [199.269836426, -0.135636329651, -28.4672145844, -3.79097771645, 4.81460189819, 0.895183980465, 1.47367882729, -1.28829598427, 49.1666679382, 121.195510864, 26.9166316986, -25.3145008087, -12.4939203262], [21.1326618195, -3.65583705902, 22.545255661, -9.1324672699, 5.70882511139, 11.2585382462, 12.2161283493, 3.22211050987, -7.40228366852, 26.9166316986, 74.5523605347, 24.334022522, -18.248210907], [-35.7665634155, 6.5507144928, 5.05491399765, 24.2025222778, 2.26598334312, -10.05905056, -3.60729074478, -1.63251101971, -12.0573577881, -25.3145008087, 24.334022522, 83.7070465088, 17.2744903564], [14.2583093643, -38.1198158264, 15.7949409485, -14.5242929459, -1.01914608479, -15.3823575974, -13.6763210297, -7.20985364914, -5.69597673416, -12.4939203262, -18.248210907, 17.2744903564, 74.6932678223]],
        "icov": [[0.000505538133439, 0.000340254657203, 0.000328222085955, 0.000157474321895, -0.000324536580592, -1.19667683975e-05, -0.000295493518934, 4.64113654743e-05, -0.000429113657447, -0.000605766137596, 5.37513660674e-05, -0.000118016083434, -0.000111780806037], [0.000340254657203, 0.00269543658942, 0.00108340394218, -0.000896191631909, -0.000118983982247, 0.000188125137356, -0.00142691622023, 0.00120531395078, -0.000358193385182, -9.41385515034e-05, -9.14857446332e-06, -0.000122931000078, 0.000782629533205], [0.000328222085955, 0.00108340394218, 0.0020826740656, 0.000289443414658, -0.00128280336503, -0.000165546647622, -0.000315866229357, 0.000172901069163, 0.000344256986864, -1.83894044312e-05, -0.000462723430246, 4.71707389806e-05, -8.73873577802e-05], [0.000157474321895, -0.000896191631909, 0.000289443414658, 0.00461001507938, -0.00200882391073, 0.000953281589318, 0.00073155813152, -0.00138344510924, 2.5015184292e-05, -0.000608935602941, 0.00147965503857, -0.00190163042862, 0.00121844664682], [-0.000324536580592, -0.000118983982247, -0.00128280336503, -0.00200882391073, 0.00828756205738, -0.00249069812708, 0.0025299412664, -0.000343106832588, -0.00207588914782, 0.00104152713902, -0.00135197443888, 0.000629658112302, -0.000547879084479], [-1.19667683975e-05, 0.000188125137356, -0.000165546647622, 0.000953281589318, -0.00249069812708, 0.0116482647136, -0.00577467260882, -5.66373564652e-05, 0.00146054790821, -0.000135244452395, -0.000160601935931, 0.000843509682454, 0.00147516431753], [-0.000295493518934, -0.00142691622023, -0.000315866229357, 0.00073155813152, 0.0025299412664, -0.00577467260882, 0.0126091893762, -0.00530707417056, 0.00124002771918, -0.000240591660258, -0.00062594586052, -0.000271293072728, 0.000143113225931], [4.64113654743e-05, 0.00120531395078, 0.000172901069163, -0.00138344510924, -0.000343106832588, -5.66373564652e-05, -0.00530707417056, 0.0147726796567, -0.00370717188343, 0.00212725298479, -0.00121479132213, 0.000769907550421, 0.000336857978255], [-0.000429113657447, -0.000358193385182, 0.000344256986864, 2.5015184292e-05, -0.00207588914782, 0.00146054790821, 0.00124002771918, -0.00370717188343, 0.0158085040748, -0.00681935949251, 0.00478738127276, -0.00146655563731, 0.00154647603631], [-0.000605766137596, -9.41385515034e-05, -1.83894044312e-05, -0.000608935602941, 0.00104152713902, -0.000135244452395, -0.000240591660258, 0.00212725298479, -0.00681935949251, 0.0150182032958, -0.00849759019911, 0.00623635482043, -0.0014255597489], [5.37513660674e-05, -9.14857446332e-06, -0.000462723430246, 0.00147965503857, -0.00135197443888, -0.000160601935931, -0.00062594586052, -0.00121479132213, 0.00478738127276, -0.00849759019911, 0.022600799799, -0.0102905891836, 0.00693243928254], [-0.000118016083434, -0.000122931000078, 4.71707389806e-05, -0.00190163042862, 0.000629658112302, 0.000843509682454, -0.000271293072728, 0.000769907550421, -0.00146655563731, 0.00623635482043, -0.0102905891836, 0.0184580441564, -0.00606461474672], [-0.000111780806037, 0.000782629533205, -8.73873577802e-05, 0.00121844664682, -0.000547879084479, 0.00147516431753, 0.000143113225931, 0.000336857978255, 0.00154647603631, -0.0014255597489, 0.00693243928254, -0.00606461474672, 0.0173950027674]]
    },
    "spectral_contrast_coeffs": {
        "max": [-0.571059942245, -0.572487473488, -0.547854483128, -0.558127760887, -0.639392733574, -0.584884405136],
        "mean": [-0.757623970509, -0.792324185371, -0.777869224548, -0.771286487579, -0.769512176514, -0.724329769611],
        "min": [-0.91223347187, -0.928633272648, -0.930604159832, -0.89604973793, -0.877040922642, -0.827423393726],
        "stdev": [0.0518566071987, 0.0510937795043, 0.057036165148, 0.0518386587501, 0.0405441969633, 0.0442982576787]
    },
    "spectral_contrast_valleys": {
        "max": [-5.84598731995, -6.12555456161, -6.37593603134, -6.44081926346, -5.57429361343, -7.47196006775],
        "mean": [-7.46378087997, -7.69088697433, -8.18987846375, -7.83207178116, -6.93987751007, -9.62374305725],
        "min": [-9.48134613037, -9.60429000854, -10.2174386978, -10.0562400818, -9.1727771759, -12.4296207428],
        "stdev": [0.619175314903, 0.559456706047, 0.636538207531, 0.662456810474, 0.610147297382, 1.00019359589]
    }
},
"rhythm": {
    "beats_count": 60,
    "beats_loudness": {
        "max": 0.0333939865232,
        "mean": 0.0197304543108,
        "min": 0.00534502090886,
        "stdev": 0.00645936839283
    },
    "bpm": 111.994132996,
    "bpm_histogram_first_peak_bpm": 112,
    "bpm_histogram_first_peak_weight": 0.293103456497,
    "bpm_histogram_second_peak_bpm": 120,
    "bpm_histogram_second_peak_spread": 0,
    "bpm_histogram_second_peak_weight": 0.0169491525739,
    "danceability": 1.23451673985,
    "onset_rate": 3.87597632408,
    "beats_loudness_band_ratio": {
        "max": [0.559560000896, 0.189679980278, 0.208192288876, 0.322991669178, 0.609838545322, 0.945760607719],
        "mean": [0.172968089581, 0.0415461100638, 0.0450141839683, 0.0628414005041, 0.245521515608, 0.450907409191],
        "min": [0.0187310110778, 0.0033565943595, 0.00222431425937, 0.00468067452312, 0.00975165702403, 0.137878865004],
        "stdev": [0.115712657571, 0.0350926667452, 0.040372248739, 0.0683377459645, 0.160706698895, 0.210628673434]
    },
    "beats_position": [0.557278871536, 1.11455774307, 1.64861679077, 2.18267560005, 2.72834467888, 3.27401351929, 3.83129239082, 4.3653512001, 4.92263031006, 5.46829938889, 6.01396799088, 6.54802703857, 7.10530614853, 7.65097475052, 8.19664382935, 8.73070240021, 9.26476192474, 9.78721046448, 10.321269989, 10.8553285599, 11.4009971619, 11.9350566864, 12.4691152573, 13.0031747818, 13.5372333527, 14.0712919235, 14.6053514481, 15.1394100189, 15.6734695435, 16.2075271606, 16.7415866852, 17.2640361786, 17.786485672, 18.3205432892, 18.8546028137, 19.3886623383, 19.9227199554, 20.45677948, 20.9908390045, 21.5248966217, 22.0589561462, 22.5930156708, 23.1270751953, 23.6611328125, 24.195192337, 24.7292518616, 25.2633094788, 25.7857589722, 26.2849884033, 26.8190479279, 27.353105545, 27.8871650696, 28.4212245941, 28.9552822113, 29.4893417358, 30.0234012604, 30.5458488464, 31.0682983398, 31.6023578644, 32.1364173889],
