{
"metadata": {
    "version": {
        "essentia": "2.1-beta5",
        "essentia_git_sha": "Undefined",
        "extractor": "music 2.0"
    },
    "audio_properties": {
        "analysis": {
            "equal_loudness": 0,
            "length": 12.7477550507,
            "sample_rate": 44100,
            "start_time": 0,
            "downmix": "mix"
        },
        "bit_rate": 192000,
        "length": 179.025848389,
        "lossless": 0,
        "number_channels": 2,
        "replay_gain": -12.2198753357,
        "sample_rate": 48000,
        "codec": "mp3",
        "md5_encoded": "5851f7976b039901eb15cc64e2e31715"
    },
    "tags": {
        "file_name": "Sweden_Beatles_Forbes.mp3",
        "encoding": ["Lavf58.29.100"]
    }
},
"lowlevel": {
    "average_loudness": 0.960757255554,
    "barkbands_crest": {
        "max": 25.4463558197,
        "mean": 9.20206451416,
        "min": 3.22210860252,
        "stdev": 3.75603604317
    },
    "barkbands_flatness_db": {
        "max": 0.396452397108,
        "mean": 0.217221572995,
        "min": 0.065615400672,
        "stdev": 0.0481691285968
    },
    "barkbands_kurtosis": {
        "max": 69.8895263672,
        "mean": 3.31747508049,
        "min": -1.5912925005,
        "stdev": 5.51897096634
    },
    "barkbands_skewness": {
        "max": 7.67610406876,
        "mean": 1.39906859398,
        "min": -1.7461206913,
        "stdev": 0.995956420898
    },
    "barkbands_spread": {
        "max": 50.1546211243,
        "mean": 11.2042808533,
        "min": 1.11412072182,
        "stdev": 4.38527345657
    },
    "dissonance": {
        "max": 0.499883115292,
        "mean": 0.451343238354,
        "min": 0.277635067701,
        "stdev": 0.0365336239338
    },
    "dynamic_complexity": 7.15714597702,
    "erbbands_crest": {
        "max": 26.9251499176,
        "mean": 8.14070129395,
        "min": 2.43699097633,
        "stdev": 4.01580429077
    },
    "erbbands_flatness_db": {
        "max": 0.370616257191,
        "mean": 0.256769359112,
        "min": 0.0566951595247,
        "stdev": 0.0638973936439
    },
    "erbbands_kurtosis": {
        "max": 14.8919677734,
        "mean": -0.035379871726,
        "min": -1.75241112709,
        "stdev": 1.52161431313
    },
    "erbbands_skewness": {
        "max": 2.65011310577,
        "mean": 0.394945055246,
        "min": -1.07346141338,
        "stdev": 0.481490582228
    },
    "erbbands_spread": {
        "max": 71.4563751221,
        "mean": 26.3138160706,
        "min": 4.22776937485,
        "stdev": 13.9300680161
    },
    "hfc": {
        "max": 64.6270370483,
        "mean": 13.4003839493,
        "min": 1.13365301474e-16,
        "stdev": 10.8505887985
    },
    "loudness_ebu128": {
        "integrated": -11.9342842102,
        "loudness_range": 1.67379951477,
        "momentary": {
            "max": -8.59792137146,
            "mean": -16.7208595276,
            "min": -57.4616775513,
            "stdev": 12.1063785553
        },
        "short_term": {
            "max": -11.2184314728,
            "mean": -12.4311771393,
            "min": -15.6133337021,
            "stdev": 0.846069097519
        }
    },
    "melbands_crest": {
        "max": 30.9469966888,
        "mean": 11.5953969955,
        "min": 2.43705105782,
        "stdev": 4.55162239075
    },
    "melbands_flatness_db": {
        "max": 0.473973423243,
        "mean": 0.276400983334,
        "min": 0.00757892848924,
        "stdev": 0.0507517009974
    },
    "melbands_kurtosis": {
        "max": 92.0662994385,
        "mean": 7.84037399292,
        "min": -1.17175078392,
        "stdev": 11.0699281693
    },
    "melbands_skewness": {
        "max": 7.81156206131,
        "mean": 1.96962070465,
        "min": -0.67748349905,
        "stdev": 1.32032692432
    },
    "melbands_spread": {
        "max": 134.559692383,
        "mean": 14.5450363159,
        "min": 1.32242977619,
        "stdev": 8.91359233856
    },
    "pitch_salience": {
        "max": 0.83374530077,
        "mean": 0.638587117195,
        "min": 0.168493583798,
        "stdev": 0.0954319015145
    },
    "silence_rate_20dB": {
        "max": 1,
        "mean": 1,
        "min": 1,
        "stdev": 0
    },
    "silence_rate_30dB": {
        "max": 1,
        "mean": 0.998181819916,
        "min": 0,
        "stdev": 0.0426010861993
    },
    "silence_rate_60dB": {
        "max": 1,
        "mean": 0.154545456171,
        "min": 0,
        "stdev": 0.36147326231
    },
    "spectral_centroid": {
        "max": 10882.1923828,
        "mean": 820.222351074,
        "min": 258.952056885,
        "stdev": 499.811950684
    },
    "spectral_complexity": {
        "max": 35,
        "mean": 15.6418180466,
        "min": 0,
        "stdev": 8.41907215118
    },
    "spectral_decrease": {
        "max": -9.19537238063e-29,
        "mean": -5.69767077963e-09,
        "min": -3.73686965816e-08,
        "stdev": 4.95983831783e-09
    },
    "spectral_energy": {
        "max": 0.146899655461,
        "mean": 0.0227197464556,
        "min": 1.06296230693e-20,
        "stdev": 0.0195956602693
    },
    "spectral_energyband_high": {
        "max": 8.87619244168e-05,
        "mean": 1.42565622809e-05,
        "min": 7.47270764854e-21,
        "stdev": 1.61635853146e-05
    },
    "spectral_energyband_low": {
        "max": 0.0258638598025,
        "mean": 0.00159998936579,
        "min": 1.20226971038e-22,
        "stdev": 0.00259464699775
    },
    "spectral_energyband_middle_high": {
        "max": 0.0306206047535,
        "mean": 0.0050595626235,
        "min": 1.74310300299e-21,
        "stdev": 0.00491702416912
    },
    "spectral_energyband_middle_low": {
        "max": 0.126343354583,
        "mean": 0.0166586730629,
        "min": 3.04804771859e-22,
        "stdev": 0.0165012665093
    },
    "spectral_entropy": {
        "max": 9.80639648438,
        "mean": 7.01621103287,
        "min": 5.60810947418,
        "stdev": 0.440382868052
    },
    "spectral_flux": {
        "max": 0.277916908264,
        "mean": 0.0700407624245,
        "min": 1.03100063209e-10,
        "stdev": 0.0415492393076
    },
    "spectral_kurtosis": {
        "max": 59.2273597717,
        "mean": 13.8654212952,
        "min": -1.20458364487,
        "stdev": 10.7010526657
    },
    "spectral_rms": {
        "max": 0.0119714969769,
        "mean": 0.00410594698042,
        "min": 3.22030488213e-12,
        "stdev": 0.00230365176685
    },
    "spectral_rolloff": {
        "max": 18690.8203125,
        "mean": 962.065673828,
        "min": 172.265625,
        "stdev": 1083.38964844
    },
    "spectral_skewness": {
        "max": 5.44566202164,
        "mean": 2.17831087112,
        "min": 0.0258598681539,
        "stdev": 0.815513134003
    },
    "spectral_spread": {
        "max": 41479296,
        "mean": 2270551.75,
        "min": 1033186.9375,
        "stdev": 2042870
    },
    "spectral_strongpeak": {
        "max": 5.87872266769,
        "mean": 0.993704855442,
        "min": 0,
        "stdev": 1.03980445862
    },
    "zerocrossingrate": {
        "max": 0.84716796875,
        "mean": 0.0384650230408,
        "min": 0.00927734375,
        "stdev": 0.0449585802853
    },
    "barkbands": {
        "max": [0.00174530688673, 0.00449903402478, 0.0193726718426, 0.0371842570603, 0.0927537530661, 0.0201906654984, 0.0391967631876, 0.0173528715968, 0.0311594717205, 0.0198085736483, 0.0220823548734, 0.0090333558619, 0.00490760011598, 0.00642442377284, 0.00620097341016, 0.00263816094957, 0.00190641148947, 0.00184620241635, 0.000482430128613, 0.00022433444974, 4.70305203635e-05, 1.43842553371e-05, 3.80227311325e-06, 1.58971784003e-06, 1.24288465031e-06, 1.2228496189e-06, 1.30305284074e-06],
        "mean": [2.47012758336e-05, 0.000324120162986, 0.000942828773987, 0.000986834405921, 0.00578913604841, 0.00296369753778, 0.0028514682781, 0.00129707565065, 0.00217246077955, 0.0013186695287, 0.00125587347429, 0.000556536775548, 0.000561200780794, 0.000410071370425, 0.000566937669646, 0.00021751782333, 0.000218685818254, 0.000157133647008, 7.27753795218e-05, 2.45967294177e-05, 5.32583453605e-06, 1.26912709675e-06, 5.63265700748e-07, 2.37806574432e-07, 5.4798530158e-08, 6.43579189941e-09, 3.1175060311e-09],
        "min": [3.96319932251e-23, 7.86985372642e-23, 8.33506961469e-24, 2.61553680439e-23, 2.35706779097e-23, 4.15828462437e-23, 3.48485426442e-23, 1.66500311649e-23, 1.23188683042e-22, 1.54899061275e-22, 1.94757438647e-22, 8.40014117304e-23, 1.14379668951e-22, 7.99725854914e-23, 1.0634269094e-22, 1.43492498617e-22, 9.21873077479e-23, 2.92906023105e-22, 3.58821624759e-22, 3.22991764392e-22, 4.79363584801e-22, 5.51353339693e-22, 6.95978831897e-22, 9.07063621311e-22, 1.02697512372e-21, 1.69083795142e-21, 2.13314875212e-21],
        "stdev": [9.04329281184e-05, 0.000451404048363, 0.0018669012934, 0.00253612990491, 0.0107200937346, 0.00328327785246, 0.0043158964254, 0.00205237139016, 0.00421819882467, 0.00215908628888, 0.00233363825828, 0.000866195594426, 0.000787339988165, 0.000695365481079, 0.000804308976512, 0.000327574845869, 0.000276315317024, 0.000216202213778, 8.65100300871e-05, 3.24476968672e-05, 7.01212593412e-06, 1.88332023754e-06, 6.5986972686e-07, 2.65928974841e-07, 7.47398445355e-08, 5.23497725169e-08, 5.54970540634e-08]
    },
    "erbbands": {
        "max": [0.0363359078765, 1.37248504162, 14.7824859619, 50.3349266052, 208.898025513, 394.403198242, 164.219467163, 239.960418701, 415.665679932, 597.511901855, 281.51651001, 959.849609375, 766.382019043, 889.172668457, 422.808776855, 362.851654053, 208.120239258, 317.262573242, 249.429611206, 199.735488892, 172.034301758, 83.5850753784, 118.826225281, 37.7360153198, 20.0395050049, 6.73462295532, 2.57673764229, 1.15622341633, 0.570071935654, 0.238271340728, 0.0998583734035, 0.0450528636575, 0.0220352299511, 0.0139796519652, 0.00876857992262, 0.00486889388412, 0.00226408964954, 0.000806371390354, 0.000186079152627, 0.000165010918863],
        "mean": [0.00328001193702, 0.107380568981, 0.910975635052, 2.21930646896, 10.2154407501, 24.7413482666, 17.8851642609, 27.813085556, 36.1885795593, 38.3823661804, 30.0565834045, 53.9576873779, 42.9389152527, 58.3209495544, 29.4621372223, 25.3463001251, 26.9682655334, 24.2550926208, 25.5337562561, 19.6952991486, 13.5718135834, 11.2608356476, 10.2969894409, 5.36727523804, 2.64091587067, 0.973363816738, 0.377881526947, 0.129222229123, 0.0517043806612, 0.0272217951715, 0.0149187194183, 0.00712073594332, 0.00270847789943, 0.000887579808477, 0.000294744444545, 6.85470586177e-05, 1.46404909174e-05, 3.97089024773e-06, 1.17419758681e-05, 2.60322176473e-05],
        "min": [3.53261980485e-21, 1.28459323516e-20, 1.03774759619e-20, 5.67329125573e-20, 6.00039336662e-20, 8.60845700261e-20, 2.67918733925e-19, 2.77100335326e-19, 3.09634356945e-19, 8.38769051043e-19, 4.25285244271e-19, 2.69845816598e-18, 3.66356680298e-18, 7.15626952426e-18, 5.9088865372e-18, 3.60621588957e-18, 5.03372862194e-18, 4.13354063494e-18, 4.61680932729e-18, 7.81753176801e-18, 7.66220958285e-18, 6.26197850784e-18, 1.33649920763e-17, 2.01864379138e-17, 1.44292476155e-17, 1.30056366941e-17, 1.4849827598e-17, 2.37016378798e-17, 2.51869084984e-17, 1.48906952833e-17, 2.14020592333e-17, 1.80451717103e-17, 1.52198866973e-17, 1.27478905239e-17, 7.01481005899e-18, 4.5510054552e-18, 3.27476151619e-18, 1.35551420808e-18, 3.11564867247e-19, 3.17566850998e-20],
        "stdev": [0.00372009421699, 0.14109402895, 1.54865014553, 4.42977571487, 20.7814941406, 48.2367591858, 21.3681468964, 32.4565544128, 48.2685241699, 59.5396003723, 40.2246208191, 106.353775024, 79.9496841431, 94.7886505127, 45.2271003723, 38.1098442078, 35.2081680298, 35.6783180237, 33.3383750916, 26.5715885162, 19.4051971436, 13.679019928, 14.3110313416, 6.33982372284, 3.01366019249, 1.10439574718, 0.449512958527, 0.168838664889, 0.0787255987525, 0.0345960110426, 0.0169902555645, 0.0079171070829, 0.00313371303491, 0.0010649288306, 0.000456520268926, 0.000217763124965, 9.64713253779e-05, 3.43125611835e-05, 1.21494686027e-05, 2.21593109018e-05]
    },
    "gfcc": {
        "mean": [-136.261810303, 188.975738525, -162.288513184, 9.50340557098, -46.1128005981, -17.9394111633, -32.7336158752, -8.72983455658, -14.5154685974, -19.9499874115, -0.216949686408, -17.1595191956, 0.511653959751],
        "cov": [[24147.6875, 4583.83691406, -3821.52416992, -2493.0222168, 639.106018066, -2470.02856445, 187.332992554, -1143.51098633, 111.829772949, -928.130249023, 375.467895508, -467.080718994, 132.908569336], [4583.83691406, 1277.828125, -641.738769531, -697.568786621, 235.603912354, -580.063964844, 36.80909729, -247.118743896, 7.27735948563, -204.263824463, 123.365760803, -134.823135376, -8.86088085175], [-3821.52416992, -641.738769531, 817.808837891, 454.366333008, -94.5735015869, 397.997680664, -40.8374671936, 190.601242065, -30.4587593079, 127.406974792, -89.8812026978, 57.8426246643, -41.4066810608], [-2493.0222168, -697.568786621, 454.366333008, 624.495056152, -147.610031128, 403.296630859, -49.1950035095, 171.354705811, -8.39861965179, 113.197158813, -91.3368911743, 61.1793403625, 12.1573028564], [639.106018066, 235.603912354, -94.5735015869, -147.610031128, 146.044692993, -124.345756531, 1.40704035759, -55.9951133728, 3.06197071075, -32.1889915466, 23.4231872559, -26.283946991, -6.63503265381], [-2470.02856445, -580.063964844, 397.997680664, 403.296630859, -124.345756531, 446.968963623, 12.4959783554, 158.071640015, -13.048412323, 132.330230713, -51.3774375916, 57.1591415405, 7.39850664139], [187.332992554, 36.80909729, -40.8374671936, -49.1950035095, 1.40704035759, 12.4959783554, 106.577774048, 28.6449165344, -15.7677898407, -18.6277828217, 10.6503448486, -1.03348481655, -3.46028065681], [-1143.51098633, -247.118743896, 190.601242065, 171.354705811, -55.9951133728, 158.071640015, 28.6449165344, 134.447799683, -2.19325423241, 51.2926826477, -19.9446544647, 29.0454902649, -9.93916988373], [111.829772949, 7.27735948563, -30.4587593079, -8.39861965179, 3.06197071075, -13.048412323, -15.7677898407, -2.19325423241, 50.0871353149, 24.2067146301, 4.6818318367, -3.5318198204, 3.8852045536], [-928.130249023, -204.263824463, 127.406974792, 113.197158813, -32.1889915466, 132.330230713, -18.6277828217, 51.2926826477, 24.2067146301, 100.782920837, 3.54708361626, 20.156993866, 0.260075926781], [375.467895508, 123.365760803, -89.8812026978, -91.3368911743, 23.4231872559, -51.3774375916, 10.6503448486, -19.9446544647, 4.6818318367, 3.54708361626, 58.2306175232, 2.97150468826, 5.03382015228], [-467.080718994, -134.823135376, 57.8426246643, 61.1793403625, -26.283946991, 57.1591415405, -1.03348481655, 29.0454902649, -3.5318198204, 20.156993866, 2.97150468826, 49.7966156006, 14.6421232224], [132.908569336, -8.86088085175, -41.4066810608, 12.1573028564, -6.63503265381, 7.39850664139, -3.46028065681, -9.93916988373, 3.8852045536, 0.260075926781, 5.03382015228, 14.6421232224, 43.8904533386]],
        "icov": [[0.000573136319872, -0.00169094337616, 0.00172370963264, -0.0010473098373, 0.000707477563992, 0.000617791083641, -0.000832983467262, 0.000904615037143, -0.000442535761977, -0.000121084733109, 0.00170588679612, -0.000921749859117, 0.000133054854814], [-0.00169094337616, 0.00926647800952, -0.00509148417041, 0.00479267537594, -0.00358134694397, -0.00104396662209, 0.00292938039638, -0.00273063289933, 0.000372602051357, 0.00481359055266, -0.0106649938971, 0.00948738306761, -0.00189583504107], [0.00172370963264, -0.00509148417041, 0.00857020542026, -0.0035431291908, 0.00106591940857, 0.000424494995968, -0.000738389266189, 0.00074709818, 0.000853908597492, -0.00164358539041, 0.00762849859893, -0.00436333985999, 0.00353443715721], [-0.0010473098373, 0.00479267537594, -0.0035431291908, 0.00861397758126, -0.00087852764409, -0.00435910793021, 0.00533246574923, -0.00484513444826, 0.000571460695937, 0.00290214340203, -0.0016633233754, 0.00396945187822, -0.00286564580165], [0.000707477563992, -0.00358134694397, 0.00106591940857, -0.00087852764409, 0.0114404801279, 0.00229495647363, -0.00181054393761, 0.00280701718293, -0.000428463041317, -0.00201513944194, 0.00218465970829, -0.000931635848247, 0.000329202128341], [0.000617791083641, -0.00104396662209, 0.000424494995968, -0.00435910793021, 0.00229495647363, 0.0115980766714, -0.00546256545931, 0.000416892231442, 0.00363956904039, -0.00872929114848, 0.00300219561905, -0.000136554648634, -0.00298723997548], [-0.000832983467262, 0.00292938039638, -0.000738389266189, 0.00533246574923, -0.00181054393761, -0.00546256545931, 0.0173297803849, -0.00939016137272, 0.00318438606337, 0.00649610813707, -0.00490959361196, 0.00349305383861, -9.54877323238e-05], [0.000904615037143, -0.00273063289933, 0.00074709818, -0.00484513444826, 0.00280701718293, 0.000416892231442, -0.00939016137272, 0.0208291057497, -0.00381271960214, -0.00265655689873, 0.00191929494031, -0.00601021479815, 0.0052250190638], [-0.000442535761977, 0.000372602051357, 0.000853908597492, 0.000571460695937, -0.000428463041317, 0.00363956904039, 0.00318438606337, -0.00381271960214, 0.0307273380458, -0.0153732271865, 0.00439740344882, 0.00208913977258, -0.00305823073722], [-0.000121084733109, 0.00481359055266, -0.00164358539041, 0.00290214340203, -0.00201513944194, -0.00872929114848, 0.00649610813707, -0.00265655689873, -0.0153732271865, 0.0336755104363, -0.0176412593573, 0.00693831127137, 0.000931342714466], [0.00170588679612, -0.0106649938971, 0.00762849859893, -0.0016633233754, 0.00218465970829, 0.00300219561905, -0.00490959361196, 0.00191929494031, 0.00439740344882, -0.0176412593573, 0.0428260043263, -0.0186747889966, 0.00124397641048], [-0.000921749859117, 0.00948738306761, -0.00436333985999, 0.00396945187822, -0.000931635848247, -0.000136554648634, 0.00349305383861, -0.00601021479815, 0.00208913977258, 0.00693831127137, -0.0186747889966, 0.0431882441044, -0.0142048709095], [0.000133054854814, -0.00189583504107, 0.00353443715721, -0.00286564580165, 0.000329202128341, -0.00298723997548, -9.54877323238e-05, 0.0052250190638, -0.00305823073722, 0.000931342714466, 0.00124397641048, -0.0142048709095, 0.032716896385]]
    },
    "melbands": {
        "max": [0.000671659072395, 0.00553837046027, 0.0154311480001, 0.0253128353506, 0.0060517298989, 0.00467619113624, 0.00609192810953, 0.00528070749715, 0.00272456067614, 0.00540211517364, 0.00381917878985, 0.00331463082694, 0.00143704691436, 0.000704869278707, 0.001103560091, 0.000672819791362, 0.000724493875168, 0.000383428618079, 0.000658259319607, 0.000147544284118, 0.000257083942415, 9.10491799004e-05, 0.000121130404295, 6.22653460596e-05, 3.44398831658e-05, 2.30891655519e-05, 1.37822680699e-05, 3.37752794621e-06, 2.18795253204e-06, 1.61999491866e-06, 5.71619352741e-07, 3.80584111781e-07, 2.20349164692e-07, 1.27465440869e-07, 6.85820324975e-08, 3.35669589901e-08, 2.55440664176e-08, 1.99485779007e-08, 1.34437661004e-08, 1.11774731693e-08],
        "mean": [5.81550812058e-05, 0.000361645914381, 0.000588194758166, 0.00135595968459, 0.000713739893399, 0.000592256663367, 0.000584506371524, 0.000389143562643, 0.000251355930232, 0.000343665567925, 0.000201533883228, 0.00022508057009, 0.000119884905871, 6.25674510957e-05, 6.61655139993e-05, 5.42591260455e-05, 4.48686078016e-05, 3.66895983461e-05, 4.38116621808e-05, 1.57388512889e-05, 1.57092781592e-05, 1.16870996862e-05, 1.17420277093e-05, 6.09808830632e-06, 4.31116450272e-06, 2.21802520173e-06, 1.31847104967e-06, 4.72203765867e-07, 2.69080715043e-07, 1.35195861617e-07, 5.22364658195e-08, 3.10154923966e-08, 1.85206179282e-08, 1.33366748756e-08, 9.43170430645e-09, 5.43275335829e-09, 3.82173004354e-09, 2.07354755588e-09, 1.0754916957e-09, 6.00547056528e-10],
        "min": [2.79784192849e-23, 9.52424350829e-24, 9.47962553549e-24, 5.79942138526e-24, 7.34852963295e-24, 6.4272379144e-24, 5.64298159028e-24, 8.17829218724e-24, 3.5608175464e-24, 1.94539757214e-23, 1.87146584364e-23, 2.79957868466e-23, 2.56901893898e-23, 4.93643516508e-24, 1.3535529425e-23, 1.15834607717e-23, 7.45201161763e-24, 7.50343746004e-24, 8.91608065974e-24, 1.15396908244e-23, 7.91314420408e-24, 4.87128472064e-24, 1.18998657811e-23, 1.21004612763e-23, 1.73383754136e-23, 1.20156902835e-23, 9.56935530801e-24, 8.64544299354e-24, 9.70929449943e-24, 1.08999056976e-23, 1.37865228769e-23, 1.52785270614e-23, 7.98373226674e-24, 8.84260931047e-24, 1.27098216158e-23, 1.2304661866e-23, 1.03430961163e-23, 1.0075719601e-23, 1.18709911053e-23, 1.00833289533e-23],
        "stdev": [7.55349756218e-05, 0.000577938044444, 0.00108985998668, 0.00282290903851, 0.000854528800119, 0.000670335255563, 0.000803198781796, 0.000599767372478, 0.000385620456655, 0.000678933749441, 0.000399102253141, 0.000363113271305, 0.000192203136976, 8.97879654076e-05, 0.000102967424027, 8.40168650029e-05, 7.72569110268e-05, 5.08311823069e-05, 7.37471709726e-05, 2.00556714844e-05, 2.51170295087e-05, 1.4873582586e-05, 1.62760406965e-05, 7.94724201114e-06, 5.59964701097e-06, 3.02494436255e-06, 1.83775921414e-06, 5.46081651009e-07, 3.29409346023e-07, 1.91311627873e-07, 7.30979721197e-08, 5.05251058769e-08, 2.70307207728e-08, 1.69895830737e-08, 1.11919211676e-08, 6.20790396866e-09, 4.32526325866e-09, 2.50871878826e-09, 1.27943422523e-09, 7.77672592989e-10]
    },
    "melbands128": {
        "max": [0.000448248698376, 0.000206391487154, 0.00060293241404, 0.0030709260609, 0.00530768977478, 0.0108806816861, 0.00847891066223, 0.0252828337252, 0.0246000681072, 0.0445587784052, 0.0269413348287, 0.0111132375896, 0.00675374176353, 0.00580888520926, 0.00883560068905, 0.00393276382238, 0.00418494921178, 0.0112016024068, 0.0168517641723, 0.0062297093682, 0.0055704889819, 0.0027041817084, 0.00316835427657, 0.00676009152085, 0.0122927315533, 0.00979056768119, 0.0106909200549, 0.00760215334594, 0.00168371829204, 0.0032768282108, 0.00713846739382, 0.00480362679809, 0.000903032778297, 0.0032460950315, 0.000735702342354, 0.00117098772898, 0.00171253609005, 0.00200916687027, 0.00100238423329, 0.000568177667446, 0.00126237794757, 0.000306764704874, 0.000673715490848, 0.00155047723092, 0.000857585284393, 0.000592964643147, 0.000757424626499, 0.00152868707664, 0.000509234785568, 0.000241629415541, 0.000267775962129, 0.00035717204446, 0.000448994454928, 0.000375382078346, 0.000236007952481, 0.00011803839152, 0.000124146303278, 0.000224985924433, 0.000216222993913, 0.000172952801222, 4.17465053033e-05, 6.04640190431e-05, 9.72028137767e-05, 5.35918334208e-05, 5.00089881825e-05, 4.56055167888e-05, 2.26536631089e-05, 2.48815722443e-05, 1.77246638486e-05, 8.66499885888e-06, 3.49725564774e-06, 4.42578220827e-06, 4.22281209467e-06, 2.49335175795e-06, 2.95776681014e-06, 2.55687905337e-06, 7.8064221043e-07, 1.00765043953e-06, 4.93833056225e-07, 3.73103318907e-07, 7.25406437141e-07, 4.0374121113e-07, 2.60119605855e-07, 2.97634585422e-07, 1.78864922873e-07, 1.443234936e-07, 2.37700945149e-07, 1.3354357975e-07, 1.17788367504e-07, 5.90222200003e-08, 5.97121356805e-08, 3.51336773008e-08, 6.59253842628e-08, 4.35017675215e-08, 2.71183306921e-08, 2.97355811085e-08, 2.23421015022e-08, 1.49390171345e-08, 1.31375719192e-08, 1.35317215211e-08, 1.12310400979e-08, 1.08363940043e-08, 1.07703543861e-08, 1.05758131141e-08, 1.00295567407e-08, 9.09163855312e-09, 9.44244149537e-09, 8.83563178178e-09, 8.26451440616e-09, 8.05345390376e-09, 7.73584662994e-09, 7.45327888296e-09, 7.18653847542e-09, 6.92990642648e-09, 6.67225874551e-09, 6.46396980386e-09, 6.27159124633e-09, 6.08376815592e-09, 5.91385385107e-09, 5.77011372016e-09, 5.63050850388e-09, 5.50658185716e-09, 5.40800737525e-09, 5.31396837644e-09, 5.2335904499e-09, 5.17193532446e-09, 5.12936848551e-09, 5.10226527695e-09],
        "mean": [1.04022037704e-05, 1.14072572615e-05, 4.8812951718e-05, 0.000198956186068, 0.000420416821726, 0.000462772790343, 0.000356289121555, 0.000592142459936, 0.000888816779479, 0.00171684252564, 0.00153567211237, 0.000685108243488, 0.000540914072189, 0.000603042717557, 0.000785985321272, 0.00044982531108, 0.000388261949411, 0.000711588480044, 0.000734381319489, 0.000358046643669, 0.000290939846309, 0.00019434504793, 0.000257899257122, 0.000280014268355, 0.000367045635357, 0.00041687162593, 0.000181467199582, 0.000256864499534, 9.39079982345e-05, 0.000174621498445, 0.000333925883751, 0.000225280164159, 6.17919213255e-05, 9.85090591712e-05, 4.04549718951e-05, 6.44983883831e-05, 7.02935431036e-05, 7.20475654816e-05, 6.18705234956e-05, 5.3761061281e-05, 6.9585374149e-05, 2.17150809476e-05, 4.37007511209e-05, 6.65197367198e-05, 2.04637308343e-05, 3.75228046323e-05, 3.9233455027e-05, 6.88056534273e-05, 3.02772768919e-05, 1.21451530504e-05, 1.52027150762e-05, 1.89954425878e-05, 1.28078627313e-05, 1.83751017175e-05, 1.39523153848e-05, 9.19793455978e-06, 1.06911438706e-05, 1.19979031297e-05, 1.21767934615e-05, 1.29394220494e-05, 2.82526866613e-06, 3.6372773593e-06, 6.15968929196e-06, 4.18864829044e-06, 2.3362479169e-06, 2.33721425502e-06, 1.89658294403e-06, 1.61300124546e-06, 1.25295298403e-06, 7.84507392382e-07, 3.42672791476e-07, 4.62613485297e-07, 3.52787992597e-07, 2.05559317124e-07, 1.88359464914e-07, 1.76915634142e-07, 9.1670187885e-08, 7.00788191921e-08, 4.50672992258e-08, 3.56683962366e-08, 3.61987559927e-08, 2.81450809325e-08, 2.01253129717e-08, 1.82118089498e-08, 1.68429448166e-08, 1.41740033044e-08, 1.24405001856e-08, 1.02515427258e-08, 1.11665343638e-08, 6.79172007523e-09, 6.0250338052e-09, 4.86315077097e-09, 4.96443330888e-09, 3.80509135312e-09, 3.33879812686e-09, 2.46109976842e-09, 1.83765413997e-09, 1.36588673705e-09, 1.17903242725e-09, 8.82335537966e-10, 6.81414369375e-10, 5.60878010702e-10, 4.907714235e-10, 3.73361896955e-10, 2.96673879907e-10, 2.29471733282e-10, 2.15809703441e-10, 1.4624393363e-10, 6.18183143564e-11, 3.8940337066e-11, 2.02486794693e-11, 1.78627824338e-11, 1.72411772359e-11, 1.6625117949e-11, 1.60189275039e-11, 1.55317529671e-11, 1.5029536643e-11, 1.45599990398e-11, 1.41581746327e-11, 1.38066112362e-11, 1.34731687612e-11, 1.31774782058e-11, 1.29388687264e-11, 1.27127596644e-11, 1.25109384658e-11, 1.23364903362e-11, 1.22199854402e-11, 1.21531023092e-11],
        "min": [1.85079626798e-23, 3.23861070177e-23, 3.35467770002e-23, 1.7136307115e-23, 4.78961868429e-24, 4.99154893222e-24, 1.24426778145e-23, 1.21482891242e-23, 2.48721571972e-24, 9.69588149746e-24, 3.17040259301e-24, 3.42130749531e-24, 1.20622472764e-23, 7.9738943824e-24, 4.04148548431e-24, 9.06683355645e-24, 2.95917759146e-24, 4.40665195835e-24, 7.78530692781e-24, 1.31328845638e-23, 6.40935443768e-24, 1.15753958523e-24, 2.23318278672e-24, 7.62669382104e-24, 9.12539937891e-24, 3.79329761618e-23, 1.45806865052e-23, 1.65836627192e-23, 1.79546240864e-23, 2.63270052442e-23, 3.35785712501e-23, 2.75426241219e-23, 3.99903758898e-23, 9.33045588262e-24, 1.94962555104e-24, 3.21290444644e-24, 8.43361727441e-24, 2.52326516425e-23, 4.82622695788e-24, 8.05383517995e-24, 2.02489550318e-23, 6.78113906028e-24, 1.96698581577e-24, 1.24836520388e-23, 9.61702065049e-24, 3.8998561584e-24, 8.79213010114e-24, 6.08031621538e-24, 1.07254980178e-23, 1.27037150435e-23, 9.66022419569e-24, 1.37391959558e-23, 8.53363615972e-24, 6.40814156404e-24, 4.82547399015e-24, 4.37542844929e-24, 4.63317178956e-24, 1.14839254581e-23, 1.48450685044e-23, 9.71369949873e-24, 1.39210457494e-23, 1.19896910058e-23, 1.02796259456e-23, 2.12869918534e-23, 2.76886580527e-23, 5.47335519642e-24, 7.44858165042e-24, 1.20266586055e-23, 1.00192332159e-23, 6.95460799562e-24, 6.7809126572e-24, 1.01339572574e-23, 1.26483212307e-23, 1.04073370041e-23, 5.20962755732e-24, 5.74599656931e-24, 1.90759819746e-23, 1.4819566209e-23, 1.41784053088e-23, 9.17992386696e-24, 1.29084812464e-23, 2.27455041593e-23, 1.21880177371e-23, 4.3911098208e-24, 5.83061373431e-24, 6.76439312099e-24, 1.11327009173e-23, 1.0705901924e-23, 1.54432506848e-23, 9.70350741583e-24, 1.37327446513e-23, 1.27476396075e-23, 1.17124261191e-23, 9.15601270406e-24, 1.03455131861e-23, 1.12207243837e-23, 8.1752542839e-24, 1.09145777216e-23, 1.27700440461e-23, 1.17371419201e-23, 1.27171012242e-23, 1.06162368381e-23, 5.52714288838e-24, 8.55842769139e-24, 9.30640903564e-24, 6.96885797901e-24, 5.84233068534e-24, 7.16496880005e-24, 8.20918240257e-24, 6.05119265405e-24, 1.16426947594e-23, 1.28224212548e-23, 1.04166637066e-23, 8.08921559155e-24, 1.11927971299e-23, 1.49367025871e-23, 7.33965573662e-24, 1.24480397021e-23, 8.09125400813e-24, 7.04277266811e-24, 1.27931600372e-23, 9.49194912055e-24, 7.63152874953e-24, 1.02928590872e-23, 8.84090694864e-24, 8.86672005518e-24, 8.62910095103e-24, 1.25559574516e-23],
        "stdev": [2.92952809104e-05, 1.81920640898e-05, 6.90774904797e-05, 0.000292915996397, 0.000644099432975, 0.00100168562494, 0.000822155969217, 0.00162046926562, 0.00187969475519, 0.00480955233797, 0.00301416777074, 0.00127227115445, 0.000824059476145, 0.000795797619503, 0.00109430972952, 0.000584981346037, 0.000575048907194, 0.00122022849973, 0.00153006333858, 0.000669768895023, 0.00067256775219, 0.000323562417179, 0.000475661974633, 0.000732423679437, 0.00107228779234, 0.00105360127054, 0.000630306138191, 0.000687915657181, 0.000170022132806, 0.000358393212082, 0.000687126128469, 0.00053652015049, 0.0001081843875, 0.000259684544289, 7.32773623895e-05, 0.000128458719701, 0.000152240885654, 0.000168340440723, 0.000131368695293, 8.30145436339e-05, 0.000140148360515, 3.49806105078e-05, 8.54988247738e-05, 0.000147245984408, 5.57399689569e-05, 7.51018087612e-05, 6.96640709066e-05, 0.000161331321578, 5.66551352676e-05, 2.25121475523e-05, 2.60693850578e-05, 3.83861770388e-05, 3.56258315151e-05, 3.62869504897e-05, 2.46114977926e-05, 1.70281491592e-05, 1.82076164492e-05, 2.69760130323e-05, 2.24267841986e-05, 2.34953495237e-05, 4.65946959594e-06, 5.79829611524e-06, 1.12093530333e-05, 6.8369345172e-06, 5.09891151523e-06, 4.53538814327e-06, 3.17347917189e-06, 2.94819983537e-06, 2.17383967538e-06, 1.2932878235e-06, 4.58774792378e-07, 7.19244269476e-07, 5.19541686117e-07, 3.14668881174e-07, 3.24948018715e-07, 3.00249638485e-07, 1.28282692913e-07, 1.08235745699e-07, 6.80042333556e-08, 5.71640086378e-08, 6.98411497524e-08, 4.87846349984e-08, 3.18097264085e-08, 3.23422852944e-08, 2.44550619755e-08, 2.05686294663e-08, 1.92927345211e-08, 1.40081164446e-08, 1.48435637115e-08, 8.59694271327e-09, 8.09623390552e-09, 5.75382541612e-09, 6.92220769594e-09, 4.68924366004e-09, 4.26079749261e-09, 3.09210146376e-09, 2.5584574459e-09, 1.84074944176e-09, 1.42416500815e-09, 1.13293541215e-09, 9.15123476997e-10, 7.94325938358e-10, 6.89488521832e-10, 5.88579740501e-10, 5.22348775345e-10, 4.53787035726e-10, 4.58784871205e-10, 4.08021477716e-10, 3.78850284477e-10, 3.50622753054e-10, 3.295328177e-10, 3.17434939445e-10, 3.06074665612e-10, 2.9514499178e-10, 2.84171741693e-10, 2.75300504615e-10, 2.67106975427e-10, 2.59107763023e-10, 2.51870940771e-10, 2.45749115502e-10, 2.39803343849e-10, 2.34525371345e-10, 2.30326938078e-10, 2.26321933416e-10, 2.2289918522e-10, 2.20274395946e-10, 2.18462012369e-10, 2.17307769002e-10]
    },
    "mfcc": {
        "mean": [-761.80645752, 211.873687744, -46.9921264648, 22.8175811768, -2.22791457176, -9.56710243225, -7.6619682312, -0.365299522877, -11.6134729385, -0.243234083056, -8.84746742249, -3.69508910179, -6.63607645035],
        "cov": [[20212.1601562, 5285.99609375, -4188.89306641, -187.17956543, -943.86138916, -893.819580078, -696.236877441, -380.827392578, -776.688964844, -232.997970581, -541.821228027, -296.033905029, -295.58380127], [5285.99609375, 2201.46118164, -1163.95568848, -141.705444336, -186.682342529, -355.992279053, -143.626724243, -137.429992676, -296.680786133, -44.0533943176, -138.881790161, -67.443107605, -77.4259109497], [-4188.89306641, -1163.95568848, 1052.32287598, 101.877693176, 195.404449463, 229.067749023, 142.805953979, 103.358901978, 193.621704102, 42.853717804, 113.429527283, 58.5799446106, 48.2478485107], [-187.17956543, -141.705444336, 101.877693176, 138.588897705, 49.9439468384, 11.0021762848, -4.76109933853, 23.7383651733, 27.7160568237, -6.9715514183, -6.79406070709, -1.02589452267, 5.46239614487], [-943.86138916, -186.682342529, 195.404449463, 49.9439468384, 141.668640137, 56.8685569763, 3.25546741486, -7.63891029358, 31.2843780518, 15.454000473, 14.4389352798, 16.55427742, 22.9392318726], [-893.819580078, -355.992279053, 229.067749023, 11.0021762848, 56.8685569763, 141.506347656, 51.8859825134, 17.6835021973, 62.6521606445, 24.5137271881, 21.4660835266, 14.4278125763, 16.8222789764], [-696.236877441, -143.626724243, 142.805953979, -4.76109933853, 3.25546741486, 51.8859825134, 117.455947876, 57.1530265808, 29.673406601, 19.9912757874, 21.2540245056, 13.2071208954, 9.35025596619], [-380.827392578, -137.429992676, 103.358901978, 23.7383651733, -7.63891029358, 17.6835021973, 57.1530265808, 88.9803619385, 37.1184768677, -2.46744728088, 17.3028316498, -2.96407675743, -0.385102123022], [-776.688964844, -296.680786133, 193.621704102, 27.7160568237, 31.2843780518, 62.6521606445, 29.673406601, 37.1184768677, 84.8397903442, 23.9726085663, 25.3553619385, 8.24356079102, 7.07846975327], [-232.997970581, -44.0533943176, 42.853717804, -6.9715514183, 15.454000473, 24.5137271881, 19.9912757874, -2.46744728088, 23.9726085663, 65.0136413574, 17.641576767, 13.1995420456, 6.01911401749], [-541.821228027, -138.881790161, 113.429527283, -6.79406070709, 14.4389352798, 21.4660835266, 21.2540245056, 17.3028316498, 25.3553619385, 17.641576767, 70.419052124, 23.1840782166, 2.70844650269], [-296.033905029, -67.443107605, 58.5799446106, -1.02589452267, 16.55427742, 14.4278125763, 13.2071208954, -2.96407675743, 8.24356079102, 13.1995420456, 23.1840782166, 49.6858406067, 20.5480556488], [-295.58380127, -77.4259109497, 48.2478485107, 5.46239614487, 22.9392318726, 16.8222789764, 9.35025596619, -0.385102123022, 7.07846975327, 6.01911401749, 2.70844650269, 20.5480556488, 46.6133079529]],
        "icov": [[0.00103978253901, -0.00134648557287, 0.00253972830251, -0.00262205069885, 0.00359276169911, -0.00345088820904, 0.00306941941381, -0.0011121861171, 0.0002472786, 5.62330642424e-05, 0.00071148830466, -0.000584274006542, 0.00105923728552], [-0.00134648557287, 0.00332483742386, -0.00215995404869, 0.00388188613579, -0.00559768918902, 0.00627094460651, -0.0047788801603, 0.00153274857439, 0.00167420343496, -0.000911595125217, -0.000237614207435, 0.000678587704897, -0.000193867104826], [0.00253972830251, -0.00215995404869, 0.00977034494281, -0.00656250258908, 0.00593747664243, -0.00836515892297, 0.00522436015308, -0.00262396177277, -0.00158928171732, 0.00119391782209, 0.000105482009531, -0.00195109692868, 0.00314168212935], [-0.00262205069885, 0.00388188613579, -0.00656250258908, 0.0169045329094, -0.0130321113393, 0.0107963513583, -0.00580356642604, -0.00100038060918, -0.00221835426055, 0.000571703072637, 0.0015708769206, 0.00065535644535, -0.00181154930033], [0.00359276169911, -0.00559768918902, 0.00593747664243, -0.0130321113393, 0.0257270466536, -0.0157350394875, 0.0130391260609, -0.00103976321407, 0.00208227639087, -0.00134153303225, 0.00178502919152, -0.00171941693407, -0.000229021388805], [-0.00345088820904, 0.00627094460651, -0.00836515892297, 0.0107963513583, -0.0157350394875, 0.0283690579236, -0.0164693240076, 0.0083091603592, -0.0068349246867, -0.000671658490319, -0.000298632745398, 0.00271018082276, -0.00324827362783], [0.00306941941381, -0.0047788801603, 0.00522436015308, -0.00580356642604, 0.0130391260609, -0.0164693240076, 0.0278906095773, -0.015994546935, 0.00663549406454, -0.00499479752034, 0.00337756169029, -0.00461599742994, 0.00207442627288], [-0.0011121861171, 0.00153274857439, -0.00262396177277, -0.00100038060918, -0.00103976321407, 0.0083091603592, -0.015994546935, 0.0265281461179, -0.0109455697238, 0.00610098196194, -0.00474967062473, 0.00554439751431, -0.00202667922713], [0.0002472786, 0.00167420343496, -0.00158928171732, -0.00221835426055, 0.00208227639087, -0.0068349246867, 0.00663549406454, -0.0109455697238, 0.0336523242295, -0.0103057539091, 5.39212596777e-05, 0.000668739841785, 0.00219694525003], [5.62330642424e-05, -0.000911595125217, 0.00119391782209, 0.000571703072637, -0.00134153303225, -0.000671658490319, -0.00499479752034, 0.00610098196194, -0.0103057539091, 0.021887563169, -0.00383053999394, -0.00200967979617, -0.000658322416712], [0.00071148830466, -0.000237614207435, 0.000105482009531, 0.0015708769206, 0.00178502919152, -0.000298632745398, 0.00337756169029, -0.00474967062473, 5.39212596777e-05, -0.00383053999394, 0.0230921395123, -0.0100812744349, 0.00592501880601], [-0.000584274006542, 0.000678587704897, -0.00195109692868, 0.00065535644535, -0.00171941693407, 0.00271018082276, -0.00461599742994, 0.00554439751431, 0.000668739841785, -0.00200967979617, -0.0100812744349, 0.0317461825907, -0.0130459219217], [0.00105923728552, -0.000193867104826, 0.00314168212935, -0.00181154930033, -0.000229021388805, -0.00324827362783, 0.00207442627288, -0.00202667922713, 0.00219694525003, -0.000658322416712, 0.00592501880601, -0.0130459219217, 0.0308184809983]]
    },
    "spectral_contrast_coeffs": {
        "max": [-0.393126994371, -0.557754874229, -0.493972182274, -0.665177285671, -0.639932572842, -0.687323570251],
        "mean": [-0.669308125973, -0.766713559628, -0.765121936798, -0.802862167358, -0.770385086536, -0.78043782711],
        "min": [-0.964036822319, -0.9636759758, -0.967301785946, -0.951367497444, -0.965257883072, -0.960477292538],
        "stdev": [0.101555354893, 0.0805741399527, 0.0803885981441, 0.0585405416787, 0.0620877444744, 0.0432796515524]
    },
    "spectral_contrast_valleys": {
        "max": [-5.36418056488, -4.59658193588, -5.70446109772, -6.08484172821, -7.21022748947, -11.4955873489],
        "mean": [-7.37754774094, -6.75365829468, -7.64269638062, -8.04305267334, -8.90317726135, -12.9660015106],
        "min": [-26.9472026825, -27.3392944336, -26.8932876587, -27.5714206696, -27.0722694397, -27.2428340912],
        "stdev": [1.61960196495, 1.90235173702, 1.86167526245, 1.79870760441, 1.51474475861, 0.947771370411]
    }
},
"rhythm": {
    "beats_count": 25,
    "beats_loudness": {
        "max": 0.0740527585149,
        "mean": 0.0342125482857,
        "min": 2.96957023238e-06,
        "stdev": 0.0198775194585
    },
    "bpm": 118.024414062,
    "bpm_histogram_first_peak_bpm": 117,
    "bpm_histogram_first_peak_weight": 0.600000023842,
    "bpm_histogram_second_peak_bpm": 129,
    "bpm_histogram_second_peak_spread": 0.375000059605,
    "bpm_histogram_second_peak_weight": 0.208333328366,
    "danceability": 1.27127420902,
    "onset_rate": 2.97820472717,
    "beats_loudness_band_ratio": {
        "max": [0.850430071354, 0.757050216198, 0.650645494461, 0.442610621452, 0.181697994471, 0.0263120103627],
        "mean": [0.220997676253, 0.349455326796, 0.266702085733, 0.162984013557, 0.0609602071345, 0.006295342464],
        "min": [0.0337297469378, 0.106161884964, 0.0369756668806, 0.0108833583072, 0.00784109905362, 0.000467769277748],
        "stdev": [0.211361467838, 0.171671271324, 0.145569577813, 0.102240808308, 0.0396723039448, 0.00649518705904]
    },
    "beats_position": [0.487619042397, 0.986848056316, 1.48607707024, 1.97369611263, 2.49614500999, 2.99537420273, 3.50621318817, 4.01705217361, 4.53950119019, 5.0387301445, 5.54956912994, 6.04879808426, 6.5596370697, 7.05886602402, 7.56970500946, 8.08054447174, 8.60299301147, 9.05578231812, 9.52018165588, 9.98458003998, 10.4373693466, 10.9017686844, 11.3777770996, 11.8421764374, 12.3065757751],
