{
"metadata": {
    "version": {
        "essentia": "2.1-beta5",
        "essentia_git_sha": "Undefined",
        "extractor": "music 2.0"
    },
    "audio_properties": {
        "analysis": {
            "equal_loudness": 0,
            "length": 32.4963264465,
            "sample_rate": 44100,
            "start_time": 81.2466201782,
            "downmix": "mix"
        },
        "bit_rate": 192000,
        "length": 134.164901733,
        "lossless": 0,
        "number_channels": 2,
        "replay_gain": -13.5548267365,
        "sample_rate": 44100,
        "codec": "mp3",
        "md5_encoded": "0d67d96fb9048865e4ada953d05ee818"
    },
    "tags": {
        "file_name": "Norway_Casanova_Anita Skorgan.mp3",
        "encoding": ["Lavf58.29.100"]
    }
},
"lowlevel": {
    "average_loudness": 0.964230298996,
    "barkbands_crest": {
        "max": 21.4160270691,
        "mean": 6.95785427094,
        "min": 2.5199406147,
        "stdev": 2.70507645607
    },
    "barkbands_flatness_db": {
        "max": 0.234956756234,
        "mean": 0.108235187829,
        "min": 0.0297241602093,
        "stdev": 0.0242212433368
    },
    "barkbands_kurtosis": {
        "max": 39.7232322693,
        "mean": 0.0166899841279,
        "min": -1.77755439281,
        "stdev": 1.88302350044
    },
    "barkbands_skewness": {
        "max": 5.38244009018,
        "mean": 0.458506911993,
        "min": -1.311196208,
        "stdev": 0.631535410881
    },
    "barkbands_spread": {
        "max": 74.1300888062,
        "mean": 27.456495285,
        "min": 3.39480066299,
        "stdev": 8.83289051056
    },
    "dissonance": {
        "max": 0.500000059605,
        "mean": 0.475467830896,
        "min": 0.388580977917,
        "stdev": 0.0167210809886
    },
    "dynamic_complexity": 2.05087947845,
    "erbbands_crest": {
        "max": 28.176197052,
        "mean": 8.6444196701,
        "min": 2.5601849556,
        "stdev": 3.59696412086
    },
    "erbbands_flatness_db": {
        "max": 0.258905827999,
        "mean": 0.170516625047,
        "min": 0.0873192101717,
        "stdev": 0.0348788648844
    },
    "erbbands_kurtosis": {
        "max": 10.1267538071,
        "mean": -0.0344898253679,
        "min": -1.61805570126,
        "stdev": 1.10745215416
    },
    "erbbands_skewness": {
        "max": 2.1322927475,
        "mean": 0.138433530927,
        "min": -2.50904607773,
        "stdev": 0.576597332954
    },
    "erbbands_spread": {
        "max": 85.2290115356,
        "mean": 32.0219955444,
        "min": 8.98080253601,
        "stdev": 11.631603241
    },
    "hfc": {
        "max": 87.3272171021,
        "mean": 29.8505916595,
        "min": 0.182719036937,
        "stdev": 17.0735111237
    },
    "loudness_ebu128": {
        "integrated": -10.4834032059,
        "loudness_range": 1.34253406525,
        "momentary": {
            "max": -8.12291145325,
            "mean": -10.8259925842,
            "min": -18.5294780731,
            "stdev": 1.84521126747
        },
        "short_term": {
            "max": -9.44915008545,
            "mean": -10.5486736298,
            "min": -11.5981178284,
            "stdev": 0.445254832506
        }
    },
    "melbands_crest": {
        "max": 23.3160057068,
        "mean": 9.50208950043,
        "min": 4.01703119278,
        "stdev": 3.5134704113
    },
    "melbands_flatness_db": {
        "max": 0.300303161144,
        "mean": 0.120003081858,
        "min": 0.0522570647299,
        "stdev": 0.0294951293617
    },
    "melbands_kurtosis": {
        "max": 86.2447052002,
        "mean": 2.465031147,
        "min": -1.71338832378,
        "stdev": 4.68065595627
    },
    "melbands_skewness": {
        "max": 7.20928192139,
        "mean": 1.19260406494,
        "min": -0.387716799974,
        "stdev": 0.846042752266
    },
    "melbands_spread": {
        "max": 100.375579834,
        "mean": 41.1492500305,
        "min": 2.65108108521,
        "stdev": 14.3330421448
    },
    "pitch_salience": {
        "max": 0.878427505493,
        "mean": 0.616948485374,
        "min": 0.276088744402,
        "stdev": 0.0760560110211
    },
    "silence_rate_20dB": {
        "max": 1,
        "mean": 1,
        "min": 1,
        "stdev": 0
    },
    "silence_rate_30dB": {
        "max": 1,
        "mean": 1,
        "min": 1,
        "stdev": 0
    },
    "silence_rate_60dB": {
        "max": 1,
        "mean": 0.0199857242405,
        "min": 0,
        "stdev": 0.139949098229
    },
    "spectral_centroid": {
        "max": 3696.57836914,
        "mean": 2153.765625,
        "min": 329.161651611,
        "stdev": 499.518463135
    },
    "spectral_complexity": {
        "max": 51,
        "mean": 25.0235538483,
        "min": 0,
        "stdev": 8.30795478821
    },
    "spectral_decrease": {
        "max": -9.23547696652e-11,
        "mean": -4.80390349722e-09,
        "min": -1.45307739174e-08,
        "stdev": 2.57528331993e-09
    },
    "spectral_energy": {
        "max": 0.0570943690836,
        "mean": 0.0208385810256,
        "min": 0.000365141633665,
        "stdev": 0.0110287591815
    },
    "spectral_energyband_high": {
        "max": 0.00787881482393,
        "mean": 0.0014458381338,
        "min": 3.20898743666e-06,
        "stdev": 0.00112475838978
    },
    "spectral_energyband_low": {
        "max": 0.00835273321718,
        "mean": 0.00176246860065,
        "min": 1.69421582541e-05,
        "stdev": 0.00154627929442
    },
    "spectral_energyband_middle_high": {
        "max": 0.0392882861197,
        "mean": 0.0113608436659,
        "min": 4.90183956572e-05,
        "stdev": 0.00808157306165
    },
    "spectral_energyband_middle_low": {
        "max": 0.0485806688666,
        "mean": 0.00687318854034,
        "min": 0.000190644350369,
        "stdev": 0.00602329382673
    },
    "spectral_entropy": {
        "max": 8.9363155365,
        "mean": 7.71842432022,
        "min": 7.01199817657,
        "stdev": 0.26913818717
    },
    "spectral_flux": {
        "max": 0.197889536619,
        "mean": 0.0879069492221,
        "min": 0.0151379834861,
        "stdev": 0.0309616681188
    },
    "spectral_kurtosis": {
        "max": 10.1738147736,
        "mean": 3.71114206314,
        "min": 0.0834782123566,
        "stdev": 1.39386296272
    },
    "spectral_rms": {
        "max": 0.00746336532757,
        "mean": 0.00431446451694,
        "min": 0.000596854893956,
        "stdev": 0.00130986107979
    },
    "spectral_rolloff": {
        "max": 9151.61132812,
        "mean": 2666.37011719,
        "min": 236.865234375,
        "stdev": 1037.00720215
    },
    "spectral_skewness": {
        "max": 2.61650514603,
        "mean": 1.31758081913,
        "min": 0.481828153133,
        "stdev": 0.208513483405
    },
    "spectral_spread": {
        "max": 25416822,
        "mean": 4269411.5,
        "min": 2498840,
        "stdev": 1140419.25
    },
    "spectral_strongpeak": {
        "max": 12.0970907211,
        "mean": 1.74130642414,
        "min": 0.0175214484334,
        "stdev": 1.73470795155
    },
    "zerocrossingrate": {
        "max": 0.22412109375,
        "mean": 0.0895767807961,
        "min": 0.0166015625,
        "stdev": 0.0212236698717
    },
    "barkbands": {
        "max": [0.000549549760763, 0.00148808944505, 0.00762438913807, 0.0173045732081, 0.0262871421874, 0.0261691194028, 0.0226830542088, 0.0187972448766, 0.0169279482216, 0.0231956709176, 0.0265747029334, 0.0181315988302, 0.0135412635282, 0.0124403163791, 0.0129348859191, 0.00693385954946, 0.0116747394204, 0.00894222036004, 0.0091700758785, 0.00807500071824, 0.00719055486843, 0.00121697678696, 0.000694491027389, 0.000899080943782, 0.00085175584536, 0.000321546569467, 3.47619038621e-06],
        "mean": [2.22478574869e-05, 0.000321062107105, 0.00113338162191, 0.000857972889207, 0.00164552219212, 0.00106677145232, 0.000897851015907, 0.00083550211275, 0.00104984350037, 0.00193435139954, 0.00214402913116, 0.00115979462862, 0.00127502635587, 0.00111042452045, 0.00109260960016, 0.000361940794392, 0.00046224243124, 0.000556456448976, 0.0010729348287, 0.000982974539511, 0.000448449194664, 0.000104201266367, 9.347035666e-05, 0.000100431963801, 8.73871249496e-05, 2.17133601836e-05, 5.70241764919e-09],
        "min": [6.98578048741e-08, 6.22756579105e-06, 1.06177947146e-06, 1.18453806408e-06, 1.46097481775e-05, 7.85011070548e-06, 7.1365234362e-06, 3.55492966264e-06, 3.93890513806e-06, 6.27292638455e-06, 3.0928367778e-06, 2.52243239629e-06, 8.0267100202e-06, 2.29267311624e-06, 8.29009604786e-06, 2.63287211055e-06, 1.82220242095e-06, 4.56020416095e-06, 4.18634363086e-06, 2.10642747334e-06, 1.32588695578e-06, 5.34824607712e-07, 2.30678608659e-07, 1.5479264448e-07, 8.05696345196e-08, 2.73949112284e-08, 9.05249746691e-12],
        "stdev": [3.39322068612e-05, 0.000268183037406, 0.00133738061413, 0.00165291270241, 0.00233359821141, 0.00185867608525, 0.00152001495007, 0.00134830467869, 0.00163666193839, 0.0025865919888, 0.00353945675306, 0.00203799386509, 0.00165745464619, 0.00178558391053, 0.00158740906045, 0.000493940431625, 0.000931237475015, 0.000688077823725, 0.00109641836025, 0.000906819826923, 0.000639777048491, 0.000121311801195, 8.59668871271e-05, 8.78374266904e-05, 0.000101676530903, 2.78672323475e-05, 1.31185018404e-07]
    },
    "erbbands": {
        "max": [0.0389721430838, 0.507242560387, 6.94629907608, 25.1480026245, 93.3730545044, 96.2696914673, 99.9894485474, 287.9637146, 525.209533691, 250.562591553, 374.955078125, 488.111846924, 825.703063965, 864.213562012, 1225.66809082, 809.465698242, 616.488647461, 654.050537109, 812.788696289, 337.869720459, 281.503143311, 711.808044434, 640.261962891, 415.313598633, 518.941833496, 238.71673584, 416.074523926, 87.665473938, 40.1718826294, 29.1400489807, 21.1683292389, 15.9314231873, 20.9683227539, 11.1763305664, 8.54106426239, 2.27547311783, 0.37118935585, 0.0073274737224, 0.000546789262444, 8.09168559499e-05],
        "mean": [0.00527917221189, 0.107581533492, 1.09135150909, 1.99810051918, 4.1341085434, 6.04374504089, 7.04529047012, 9.57344532013, 11.9010972977, 16.6305732727, 17.9573688507, 25.2550296783, 41.864730835, 72.35546875, 94.1817779541, 47.2378730774, 60.9735069275, 61.337020874, 63.2286643982, 32.8796081543, 20.4399280548, 24.9829502106, 26.5373916626, 46.5349273682, 56.921787262, 48.185962677, 33.3547897339, 7.78431510925, 4.11474561691, 2.87387514114, 2.51577425003, 2.34951639175, 1.62364351749, 1.0396181345, 0.547597885132, 0.1709010005, 0.0233262293041, 0.000519195571542, 3.95864844904e-05, 3.04893819703e-05],
        "min": [0.000101683355751, 0.00167525815777, 0.00356798619032, 0.00459054112434, 0.0123458439484, 0.0642912983894, 0.0831535086036, 0.128873765469, 0.0777327045798, 0.0558481477201, 0.127563685179, 0.113085217774, 0.21176572144, 0.197021648288, 0.107042886317, 0.156670436263, 0.362320065498, 0.130869463086, 0.401517868042, 0.206516638398, 0.110317446291, 0.10779171437, 0.266571432352, 0.211998224258, 0.175077646971, 0.0928485989571, 0.0676964372396, 0.0414861664176, 0.0196762476116, 0.0130465971306, 0.00473247701302, 0.00330327334814, 0.00250428728759, 0.0010482390644, 0.000583287677728, 0.000278129853541, 1.76236972038e-05, 5.69769440517e-07, 2.17455806251e-07, 4.21663941097e-07],
        "stdev": [0.00527357123792, 0.082163207233, 1.2167545557, 2.59519553185, 7.79140329361, 8.39266777039, 9.01630687714, 19.2273578644, 24.9693107605, 24.8412227631, 27.6965522766, 39.0752639771, 59.1997451782, 95.4608764648, 156.956069946, 75.40184021, 76.1644210815, 86.688369751, 88.7163391113, 39.9871826172, 24.709394455, 51.5397186279, 40.6892127991, 47.0411720276, 59.6020202637, 40.377872467, 43.1472053528, 7.34212112427, 4.60399675369, 2.82672667503, 2.27538990974, 1.94695401192, 1.68199002743, 1.13085365295, 0.73352766037, 0.202658638358, 0.0316735431552, 0.000651060487144, 3.59883233614e-05, 1.5514984625e-05]
    },
    "gfcc": {
        "mean": [23.2988262177, 74.2055664062, -153.429504395, 33.6038360596, -70.441734314, 18.4494438171, -40.5250434875, 12.3070268631, -43.2143516541, 2.53359460831, -13.4319114685, -11.5619840622, -8.19694519043],
        "cov": [[1621.50610352, -317.9375, -118.477050781, -111.333137512, -67.1268615723, 43.5907440186, 2.74537611008, 73.5922470093, -88.5613327026, 43.2219696045, -53.785900116, -23.9385185242, -48.9850234985], [-317.9375, 463.400299072, -54.3980026245, 57.9317092896, 59.0139579773, -61.7040863037, 87.2221679688, -67.4851531982, 8.14867782593, -96.2607498169, 67.9100799561, -88.4123153687, 44.5350036621], [-118.477050781, -54.3980026245, 405.082458496, 51.6603240967, -68.812461853, -9.77852725983, -147.418945312, 9.20110797882, 38.1199417114, 39.5042037964, -93.5582580566, 93.9563980103, -67.0238418579], [-111.333137512, 57.9317092896, 51.6603240967, 188.776992798, 45.8099784851, -57.4283638, -26.133108139, -13.3234500885, 38.8976173401, -14.3934822083, 8.67444133759, -9.85671710968, 19.1590156555], [-67.1268615723, 59.0139579773, -68.812461853, 45.8099784851, 119.436599731, 30.7861557007, 32.1857223511, -13.7387962341, -6.31749868393, -12.1012468338, 15.9927625656, -26.5407314301, 9.71173095703], [43.5907440186, -61.7040863037, -9.77852725983, -57.4283638, 30.7861557007, 155.535842896, 55.9114456177, -5.0037355423, -33.6791229248, 2.2445371151, -18.6000614166, -9.0662279129, -18.1265869141], [2.74537611008, 87.2221679688, -147.418945312, -26.133108139, 32.1857223511, 55.9114456177, 172.736938477, 18.6888542175, -39.4477272034, -29.1283035278, 51.1125679016, -60.124370575, 21.9546756744], [73.5922470093, -67.4851531982, 9.20110797882, -13.3234500885, -13.7387962341, -5.0037355423, 18.6888542175, 85.7463302612, 19.3844261169, 13.2911958694, 1.65785455704, 10.6839094162, -5.86220502853], [-88.5613327026, 8.14867782593, 38.1199417114, 38.8976173401, -6.31749868393, -33.6791229248, -39.4477272034, 19.3844261169, 74.7363357544, 19.6715984344, -10.3204174042, 17.0501251221, 2.16986608505], [43.2219696045, -96.2607498169, 39.5042037964, -14.3934822083, -12.1012468338, 2.2445371151, -29.1283035278, 13.2911958694, 19.6715984344, 83.2642211914, -4.20921421051, 24.7486515045, -14.5707187653], [-53.785900116, 67.9100799561, -93.5582580566, 8.67444133759, 15.9927625656, -18.6000614166, 51.1125679016, 1.65785455704, -10.3204174042, -4.20921421051, 87.6945114136, -21.7264213562, 25.2326507568], [-23.9385185242, -88.4123153687, 93.9563980103, -9.85671710968, -26.5407314301, -9.0662279129, -60.124370575, 10.6839094162, 17.0501251221, 24.7486515045, -21.7264213562, 96.9678344727, -10.5253505707], [-48.9850234985, 44.5350036621, -67.0238418579, 19.1590156555, 9.71173095703, -18.1265869141, 21.9546756744, -5.86220502853, 2.16986608505, -14.5707187653, 25.2326507568, -10.5253505707, 73.7338943481]],
        "icov": [[0.00095145299565, -0.000260668544797, 0.0012313707266, -0.000741456111427, 0.00109941500705, -0.000490582722705, 0.00107260025106, -0.0016806256026, 0.002207566984, -0.00105273863301, 0.00131015758961, 8.11606296338e-05, 0.000673343311064], [-0.000260668544797, 0.0120186321437, -0.00924304872751, 0.00769850006327, -0.00859407428652, 0.00925679691136, -0.0108185168356, 0.0133528495207, -0.01266005449, 0.0119633339345, -0.00850106123835, 0.00786808691919, -0.00337515957654], [0.0012313707266, -0.00924304872751, 0.0146447457373, -0.0102720158175, 0.0109995575622, -0.00930450577289, 0.0119929630309, -0.0127994567156, 0.0128330392763, -0.0106794098392, 0.0107381986454, -0.00877439975739, 0.00664184289053], [-0.000741456111427, 0.00769850006327, -0.0102720158175, 0.015630595386, -0.0117714162916, 0.00991865526885, -0.00853508152068, 0.0112628405914, -0.0137445321307, 0.00994874164462, -0.00783143751323, 0.00712539907545, -0.00504785776138], [0.00109941500705, -0.00859407428652, 0.0109995575622, -0.0117714162916, 0.0204278547317, -0.0114750638604, 0.0094991568476, -0.0105004422367, 0.0116276731715, -0.00949151627719, 0.0070338328369, -0.00542167946696, 0.00440471898764], [-0.000490582722705, 0.00925679691136, -0.00930450577289, 0.00991865526885, -0.0114750638604, 0.0186729356647, -0.0139540033415, 0.0125548960641, -0.00892405305058, 0.00798898376524, -0.00315536814742, 0.00551977520809, -0.00198794063181], [0.00107260025106, -0.0108185168356, 0.0119929630309, -0.00853508152068, 0.0094991568476, -0.0139540033415, 0.0246709063649, -0.0185867268592, 0.0166915915906, -0.00929532572627, 0.00397806568071, -0.00281763658859, 0.00276938732713], [-0.0016806256026, 0.0133528495207, -0.0127994567156, 0.0112628405914, -0.0105004422367, 0.0125548960641, -0.0185867268592, 0.0320662781596, -0.0224410388619, 0.0131261320785, -0.0108135389164, 0.00636057602242, -0.00332677504048], [0.002207566984, -0.01266005449, 0.0128330392763, -0.0137445321307, 0.0116276731715, -0.00892405305058, 0.0166915915906, -0.0224410388619, 0.0380098484457, -0.0181265436113, 0.01345811598, -0.00833476986736, 0.00337431416847], [-0.00105273863301, 0.0119633339345, -0.0106794098392, 0.00994874164462, -0.00949151627719, 0.00798898376524, -0.00929532572627, 0.0131261320785, -0.0181265436113, 0.0277252420783, -0.0123986378312, 0.00605429569259, -0.00207285629585], [0.00131015758961, -0.00850106123835, 0.0107381986454, -0.00783143751323, 0.0070338328369, -0.00315536814742, 0.00397806568071, -0.0108135389164, 0.01345811598, -0.0123986378312, 0.0259084887803, -0.00658486783504, 0.0014021837851], [8.11606296338e-05, 0.00786808691919, -0.00877439975739, 0.00712539907545, -0.00542167946696, 0.00551977520809, -0.00281763658859, 0.00636057602242, -0.00833476986736, 0.00605429569259, -0.00658486783504, 0.021286983043, -0.00437622237951], [0.000673343311064, -0.00337515957654, 0.00664184289053, -0.00504785776138, 0.00440471898764, -0.00198794063181, 0.00276938732713, -0.00332677504048, 0.00337431416847, -0.00207285629585, 0.0014021837851, -0.00437622237951, 0.0196258202195]]
    },
    "melbands": {
        "max": [0.000392081186874, 0.00235231895931, 0.00650596478954, 0.00689475191757, 0.00291435769759, 0.00591966556385, 0.00683757988736, 0.00258268648759, 0.00267028063536, 0.00321562052704, 0.00422892393544, 0.00359939038754, 0.00394130684435, 0.00242479355074, 0.00160028343089, 0.00183495646343, 0.00148529850412, 0.00126460602041, 0.000811251753476, 0.000636838376522, 0.000455028552096, 0.00101240433287, 0.000687021354679, 0.000436425529188, 0.000404912600061, 0.000634892494418, 0.000223117138376, 0.000191430968698, 0.000400943477871, 7.09312807885e-05, 3.56217497028e-05, 2.43774939008e-05, 2.68648782367e-05, 1.2877527297e-05, 1.43209545058e-05, 1.41295058711e-05, 9.453241546e-06, 1.37843471748e-05, 1.73954758793e-05, 8.20924651634e-06],
        "mean": [6.76363997627e-05, 0.000411252258345, 0.000432523636846, 0.000362692080671, 0.000256680854363, 0.000208872486837, 0.00018487982743, 0.000184334581718, 0.000149307059473, 0.000156829395564, 0.00020905333804, 0.000285547983367, 0.000301117717754, 0.00017292976554, 0.00011731536506, 0.000120823955513, 0.000114982234663, 9.80371114565e-05, 7.02650577296e-05, 2.94499986921e-05, 2.21959053306e-05, 2.5522953365e-05, 2.42848545895e-05, 2.61598561337e-05, 3.81659119739e-05, 4.14013011323e-05, 3.40650185535e-05, 3.23683307215e-05, 2.63093370449e-05, 8.44631904329e-06, 3.02017633658e-06, 2.30716932492e-06, 1.83639610896e-06, 1.52970699219e-06, 1.38126824822e-06, 1.62497246947e-06, 1.36158439545e-06, 9.90978037407e-07, 1.35180096095e-06, 7.04896365278e-07],
        "min": [1.65051562817e-06, 1.95126995095e-06, 8.76894375779e-07, 2.6868290206e-06, 3.01078512166e-06, 1.37256415655e-06, 1.27598309518e-06, 4.68883712301e-07, 7.90026149389e-07, 5.2602587175e-07, 1.02122214685e-06, 8.38418259264e-07, 4.1635317416e-07, 2.03619151762e-07, 4.4752388817e-07, 4.34644306324e-07, 1.94265822984e-07, 6.13623399204e-07, 5.63049979974e-07, 1.65138843045e-07, 1.1572271319e-07, 1.11087018695e-07, 1.69052114529e-07, 1.84340862575e-07, 1.35623494657e-07, 1.43027321542e-07, 1.01397802155e-07, 5.3038025527e-08, 4.26798258957e-08, 3.16889128271e-08, 1.9037251775e-08, 1.08088773487e-08, 6.47035669488e-09, 7.10928471648e-09, 2.4545177002e-09, 2.62682009478e-09, 1.57813440094e-09, 1.7870471769e-09, 1.0342989798e-09, 8.12159117736e-10],
        "stdev": [5.9880738263e-05, 0.000411616929341, 0.000638407946099, 0.000549416756257, 0.000305969355395, 0.000416776165366, 0.000352797156665, 0.000276793580269, 0.000231190337217, 0.000244948576437, 0.000303663255181, 0.000404689053539, 0.000500577734783, 0.000282250053715, 0.000161862917594, 0.000169119753991, 0.000188727033674, 0.000146093501826, 0.000104035316326, 4.36762275058e-05, 3.08712587866e-05, 6.16215693299e-05, 4.39585455752e-05, 3.42417115462e-05, 4.26129990956e-05, 5.31324003532e-05, 3.26110312017e-05, 2.95416102745e-05, 3.81747813663e-05, 1.01336418084e-05, 3.2429309158e-06, 2.78818401966e-06, 2.18255604523e-06, 1.42958162996e-06, 1.29217562517e-06, 1.68646272414e-06, 1.10853738988e-06, 1.05604453893e-06, 1.85560247701e-06, 7.91749130258e-07]
    },
    "melbands128": {
        "max": [0.000219413341256, 0.000267769471975, 0.000667308631819, 0.00100905040745, 0.00330455065705, 0.00366231845692, 0.00374565925449, 0.011768296361, 0.0106371045113, 0.00922715105116, 0.00660450244322, 0.00457787513733, 0.00447344873101, 0.00454748794436, 0.00843347143382, 0.01131766662, 0.0171480178833, 0.00501168146729, 0.00292564043775, 0.0040783835575, 0.0041461060755, 0.00594791583717, 0.00289952359162, 0.00660080695525, 0.0046402993612, 0.00448636198416, 0.00410754932091, 0.00812845211476, 0.00639264332131, 0.00629410427064, 0.00570403086022, 0.00646357424557, 0.00727618252859, 0.00933639518917, 0.00453950604424, 0.00537890009582, 0.00306293973699, 0.00320062786341, 0.00263894395903, 0.00218955613673, 0.00362339173444, 0.00178171799053, 0.00231925025582, 0.00265361857601, 0.00297312554903, 0.00260081887245, 0.00267491326667, 0.00191118835937, 0.00102340837475, 0.00116014189553, 0.00118847424164, 0.00101544265635, 0.000775039894506, 0.00107357557863, 0.00139758898877, 0.00215044314973, 0.000927395187318, 0.00187421939336, 0.000384335638955, 0.00168606895022, 0.000627304951195, 0.000392823043512, 0.000853745674249, 0.00101865443867, 0.000684803526383, 0.00127751752734, 0.000776480592322, 0.000549241318367, 0.000356765347533, 0.000356842909241, 0.000305584428133, 0.000381620862754, 0.000803063099738, 0.000846900453325, 0.000313787313644, 0.000124216690892, 0.000146756778122, 6.78475335008e-05, 3.54650219379e-05, 5.54298858333e-05, 3.56050295522e-05, 2.66391798505e-05, 3.94670605601e-05, 2.91788910545e-05, 2.84671750705e-05, 1.36156922963e-05, 1.70363928191e-05, 1.50681134983e-05, 1.9677918317e-05, 1.28575184135e-05, 1.4562790966e-05, 2.4151380785e-05, 1.02971998786e-05, 1.05535937109e-05, 1.24365951706e-05, 1.26216018543e-05, 1.51727517732e-05, 2.5156628908e-05, 3.15481811413e-05, 1.67889120348e-05, 7.40895211493e-06, 9.63930142461e-06, 1.3169507838e-05, 1.86019096873e-05, 2.06307722692e-05, 8.29106465972e-06, 3.34537253366e-06, 3.00920828522e-06, 3.46362276105e-06, 9.12922860152e-06, 4.21371260018e-06, 1.34715662625e-06, 1.88576521509e-07, 2.22813820727e-08, 1.9216306768e-08, 1.81136279309e-08, 1.72741252413e-08, 1.65748552661e-08, 1.59719970583e-08, 1.54481210046e-08, 1.49893359946e-08, 1.45869663015e-08, 1.42466571873e-08, 1.3956053202e-08, 1.37157893931e-08, 1.35334810025e-08, 1.33969804139e-08, 1.33106023981e-08],
        "mean": [1.35715781653e-05, 2.84367488348e-05, 7.41679978091e-05, 0.000170924613485, 0.000510359881446, 0.00053559395019, 0.00034625371336, 0.000506757234689, 0.000400220160373, 0.000347009918187, 0.000354386284016, 0.00027477365802, 0.000240697481786, 0.000210626589251, 0.000238094959059, 0.000193145722733, 0.000158506634762, 0.000209936712054, 0.000177883470315, 0.000193130021216, 0.000188501435332, 0.000144185047247, 0.000136702568852, 0.000158543771249, 0.000178962669452, 0.000138146948302, 0.000152808672283, 0.00024324154947, 0.000192829451407, 0.000347779219737, 0.000301106658299, 0.000206023716601, 0.000296152604278, 0.000424073426984, 0.000185981742106, 0.000118325377116, 9.65788422036e-05, 8.392536256e-05, 0.000166796307894, 0.000149657629663, 0.000105772203824, 8.09091943665e-05, 0.000131079286803, 0.000132590081193, 6.58505305182e-05, 9.91713459371e-05, 0.000129310355987, 7.99811459729e-05, 4.05113496527e-05, 3.09524257318e-05, 3.16776095133e-05, 2.35895331571e-05, 2.15670643229e-05, 2.12964678212e-05, 2.43398444582e-05, 2.46876315941e-05, 2.64152276941e-05, 3.07212503685e-05, 1.84083964996e-05, 2.33185764955e-05, 2.00355752895e-05, 2.97841434076e-05, 5.27192751179e-05, 3.43218744092e-05, 2.86827125819e-05, 3.89431988879e-05, 5.32691155968e-05, 4.30797845183e-05, 2.4123233743e-05, 2.89889776468e-05, 3.42088023899e-05, 3.44187865267e-05, 3.04235636577e-05, 2.96253929264e-05, 1.39732555908e-05, 9.72361158347e-06, 5.31723253516e-06, 3.35974709742e-06, 2.91596870738e-06, 2.37143535742e-06, 2.23066649596e-06, 2.16730495595e-06, 2.70254599855e-06, 1.45138676544e-06, 1.64358630173e-06, 1.43823024246e-06, 1.60207457611e-06, 1.48775120579e-06, 1.41857833569e-06, 1.21783671148e-06, 1.44958460169e-06, 2.02432693186e-06, 1.3541731505e-06, 1.44253976941e-06, 1.31183708163e-06, 9.81434709502e-07, 8.97172071745e-07, 9.69701659415e-07, 1.90340824702e-06, 1.08964866286e-06, 6.93337483426e-07, 6.97216592016e-07, 7.12765825028e-07, 7.87069552644e-07, 8.29046030049e-07, 4.02913457265e-07, 3.08225338586e-07, 2.57166959727e-07, 2.32758040397e-07, 4.02033094815e-07, 2.55433462826e-07, 8.01895723157e-08, 1.59738213767e-08, 7.27889193364e-10, 3.18676231237e-11, 2.97460181486e-11, 2.83379049393e-11, 2.71808860142e-11, 2.61918525063e-11, 2.53347742091e-11, 2.45858038789e-11, 2.39310186251e-11, 2.33731072691e-11, 2.28969534305e-11, 2.25069407556e-11, 2.22102752856e-11, 2.19887510977e-11, 2.18472340913e-11],
        "min": [3.33959060406e-09, 1.11105244116e-07, 2.9117285294e-07, 1.2771135971e-06, 1.50758796735e-06, 7.22566255718e-07, 5.64153310734e-07, 4.53807302847e-07, 6.74936075029e-07, 1.38752750445e-06, 2.20999982048e-06, 1.36167523124e-06, 1.27953035189e-06, 9.24277799186e-07, 3.34679640446e-07, 4.55964425328e-07, 3.23515592981e-07, 1.32611972958e-07, 4.28669125085e-07, 5.91884315781e-07, 2.55073587141e-07, 4.35324153614e-07, 4.82717666728e-07, 3.2716656051e-07, 3.01221717791e-07, 2.15656058344e-07, 1.49800413851e-07, 3.98076934971e-07, 3.20802371334e-07, 3.2083156043e-07, 8.26330108339e-07, 4.73212338647e-07, 1.35781206723e-07, 2.53579059972e-07, 1.78443286813e-07, 5.33015338533e-08, 2.57272148474e-07, 1.85012737575e-07, 4.37772371242e-07, 4.15922073671e-07, 1.21573918932e-07, 1.02814382785e-07, 1.45483596725e-07, 8.78599735188e-08, 1.34747935476e-07, 2.04477345278e-07, 1.32791143415e-07, 3.18141616162e-07, 1.36888118618e-07, 1.18781606773e-07, 1.24223106468e-07, 4.93687615233e-08, 8.85824036345e-08, 1.64128067581e-07, 7.68740449075e-08, 6.89934296361e-08, 5.4383875181e-08, 7.4945987194e-08, 1.14998464085e-07, 7.21820683225e-08, 2.07202234037e-07, 1.1572105052e-07, 8.07883324683e-08, 1.35450733296e-07, 7.64989636082e-08, 1.10212155846e-07, 9.25277987562e-08, 1.34683403985e-07, 3.36406351664e-08, 4.83795830064e-08, 6.79448746155e-08, 3.74064477171e-08, 2.22630447411e-08, 4.86296549695e-08, 4.82185811279e-08, 8.1165580923e-09, 2.96004554201e-08, 2.81165952742e-08, 8.46323988668e-09, 1.20233547563e-08, 1.19751550898e-08, 7.68222996328e-09, 7.14828907178e-09, 1.87269200147e-09, 7.45217221265e-09, 7.65784857748e-09, 6.55730580945e-09, 3.53391493846e-09, 1.9900621151e-09, 1.59568491753e-09, 1.80553050289e-09, 2.8397997287e-09, 2.18246110073e-09, 1.32770772154e-09, 1.28275545741e-09, 1.4706864615e-09, 1.92411375721e-09, 1.59255941767e-09, 8.91771323452e-10, 5.39727873505e-10, 1.00955199756e-09, 4.42926251232e-10, 5.08033282109e-10, 5.53132151193e-10, 5.07553776785e-10, 3.24056920187e-10, 4.52402643125e-10, 4.52250653593e-10, 4.38369229805e-10, 3.21461524067e-10, 1.37366076847e-10, 7.84817523469e-12, 4.34644894132e-14, 3.94983999392e-14, 3.96888840965e-14, 3.22069133244e-14, 2.73837501746e-14, 3.15065322735e-14, 2.64196589681e-14, 2.2903982652e-14, 3.20193497367e-14, 3.36131845285e-14, 2.81732509501e-14, 2.85328401531e-14, 3.20692501417e-14, 2.83982957457e-14, 3.03087531472e-14, 3.24207620386e-14],
        "stdev": [1.68945989572e-05, 3.59324112651e-05, 9.7473639471e-05, 0.000146418387885, 0.000571274082176, 0.000635969394352, 0.000424985802965, 0.00105290859938, 0.00087147479644, 0.000600439379923, 0.000535530154593, 0.000414273614297, 0.00037360645365, 0.000355202617357, 0.000513428298291, 0.000628893147223, 0.000648164772429, 0.000412498397054, 0.000300272018649, 0.000375528004952, 0.000373085524188, 0.00032384894439, 0.000276208884316, 0.00036808924051, 0.000374730618205, 0.000314862496452, 0.000320337567246, 0.00051347783301, 0.000388843880501, 0.000678533513565, 0.000528818694875, 0.000491751008667, 0.000672256224789, 0.000960564590059, 0.000393334921682, 0.000357323820936, 0.000256610888755, 0.000205145581276, 0.000295565929264, 0.00025501914206, 0.000258352985838, 0.000179100010428, 0.000275169441011, 0.000295710924547, 0.000193875821424, 0.000218083005166, 0.00028094946174, 0.000187868325156, 8.56940387166e-05, 7.51233746996e-05, 6.46650587441e-05, 4.71827261208e-05, 4.14174865e-05, 4.4371594413e-05, 6.15728204139e-05, 0.000109365573735, 7.49726095819e-05, 8.55672114994e-05, 3.23799831676e-05, 8.45858448884e-05, 3.92983492929e-05, 4.35680012743e-05, 8.22701840661e-05, 6.35031028651e-05, 5.73698889639e-05, 9.13405820029e-05, 8.41744695208e-05, 7.12890250725e-05, 3.87169784517e-05, 4.22742814408e-05, 4.7660931159e-05, 5.154646351e-05, 6.48602799629e-05, 6.78794531268e-05, 3.03604028886e-05, 1.51001868289e-05, 8.13578935777e-06, 4.54340670331e-06, 3.51499352291e-06, 3.7432002955e-06, 3.33276375386e-06, 2.66549159278e-06, 3.6250382891e-06, 2.05360333894e-06, 2.22901303459e-06, 1.48008587075e-06, 1.62744368026e-06, 1.50390883391e-06, 1.55072712005e-06, 1.35999664508e-06, 1.63230072303e-06, 2.71056069323e-06, 1.29812860905e-06, 1.29820898565e-06, 1.33934599944e-06, 1.13905218768e-06, 1.13549572234e-06, 1.23818142583e-06, 3.11797680297e-06, 1.48602521222e-06, 8.0857012108e-07, 8.46545560762e-07, 9.95785853775e-07, 1.33446906148e-06, 1.53881194365e-06, 5.06393519117e-07, 3.52412996563e-07, 2.99215514588e-07, 2.9851059935e-07, 6.74128557421e-07, 4.16500284928e-07, 1.18513263203e-07, 1.99565626247e-08, 1.37279199119e-09, 7.24836413113e-10, 6.83377965327e-10, 6.51757259273e-10, 6.25425045087e-10, 6.02713046138e-10, 5.82973447294e-10, 5.65678059949e-10, 5.50520240505e-10, 5.37680566737e-10, 5.26722720995e-10, 5.17672460454e-10, 5.10777642404e-10, 5.05632535841e-10, 5.02379859935e-10]
    },
    "mfcc": {
        "mean": [-604.78112793, 96.8765869141, -23.2664833069, 13.6651878357, -7.20631456375, -2.54636192322, 14.2597265244, -4.60807609558, -8.5267572403, 4.91767597198, -8.96515464783, -4.86384916306, -4.66717672348],
        "cov": [[1672.38122559, -241.604415894, -183.503646851, -127.176216125, -98.9238967896, -65.6155471802, 98.4156265259, -12.4001369476, -2.06173801422, 58.6895523071, -37.6037864685, -17.1103134155, 9.93429088593], [-241.604415894, 337.779510498, -31.2212047577, 36.1305885315, -20.5911960602, 4.62717294693, 44.675403595, 12.7912330627, -35.2187004089, 19.3139381409, -17.4463424683, -25.3439083099, -25.4128761292], [-183.503646851, -31.2212047577, 355.849517822, 34.1508827209, 48.1731414795, 2.24199271202, -150.570663452, -6.47371244431, 24.8550605774, -65.9722747803, 42.1876182556, 9.98087692261, -3.20577526093], [-127.176216125, 36.1305885315, 34.1508827209, 223.484939575, 58.8332939148, -38.58644104, -50.3430595398, -15.4313116074, -2.49278521538, -2.86998414993, -17.5328159332, 30.2285175323, -6.3198223114], [-98.9238967896, -20.5911960602, 48.1731414795, 58.8332939148, 125.337669373, 20.8009853363, -61.3532104492, -7.53822755814, 11.3227682114, -23.5524921417, 2.95481538773, 5.20786428452, -1.86959576607], [-65.6155471802, 4.62717294693, 2.24199271202, -38.58644104, 20.8009853363, 129.428482056, 32.6922531128, 2.17149114609, 2.18076705933, -11.5234918594, 11.5620422363, -23.1166725159, -12.9022226334], [98.4156265259, 44.675403595, -150.570663452, -50.3430595398, -61.3532104492, 32.6922531128, 211.521636963, 32.9833984375, -26.3028850555, 63.5926742554, -26.1126613617, -15.183098793, -3.0380461216], [-12.4001369476, 12.7912330627, -6.47371244431, -15.4313116074, -7.53822755814, 2.17149114609, 32.9833984375, 75.3108596802, 16.2386856079, -10.22793293, 5.03062438965, -1.31595647335, -1.50974452496], [-2.06173801422, -35.2187004089, 24.8550605774, -2.49278521538, 11.3227682114, 2.18076705933, -26.3028850555, 16.2386856079, 70.5022888184, 4.05292415619, 2.74704885483, 5.53411531448, 1.69592022896], [58.6895523071, 19.3139381409, -65.9722747803, -2.86998414993, -23.5524921417, -11.5234918594, 63.5926742554, -10.22793293, 4.05292415619, 85.4417953491, -4.17701387405, -4.82097911835, 0.473382860422], [-37.6037864685, -17.4463424683, 42.1876182556, -17.5328159332, 2.95481538773, 11.5620422363, -26.1126613617, 5.03062438965, 2.74704885483, -4.17701387405, 61.3452835083, 15.2112569809, 1.79759562016], [-17.1103134155, -25.3439083099, 9.98087692261, 30.2285175323, 5.20786428452, -23.1166725159, -15.183098793, -1.31595647335, 5.53411531448, -4.82097911835, 15.2112569809, 62.9607887268, 18.8537712097], [9.93429088593, -25.4128761292, -3.20577526093, -6.3198223114, -1.86959576607, -12.9022226334, -3.0380461216, -1.50974452496, 1.69592022896, 0.473382860422, 1.79759562016, 18.8537712097, 48.8767127991]],
        "icov": [[0.000806979543995, 0.00067694648169, 0.000260593777057, 0.000287505390588, 0.000321958912537, 0.000453577027656, -0.000104814309452, 9.05757697183e-05, 0.0001293624955, -0.00023490159947, 0.000349024368916, 0.000236112246057, 0.000264419883024], [0.00067694648169, 0.00416078465059, 0.000160552954185, -0.000679100630805, 0.000989475287497, -7.64769501984e-05, 0.000138244999107, -0.001331700827, 0.00213644420728, -0.00130479154177, 0.000924354710151, 0.0011233096011, 0.00140480545815], [0.000260593777057, 0.000160552954185, 0.00450264802203, -0.000369742774637, 0.00022599172371, -0.000245398492552, 0.00238350965083, -0.000199335700017, -0.000668476161081, 0.00145122373942, -0.0019681036938, 0.000647834793199, 0.000195514061488], [0.000287505390588, -0.000679100630805, -0.000369742774637, 0.00698310462758, -0.00301954499446, 0.00148313050158, 0.00109487760346, 1.49518873513e-05, 0.00112704746425, -0.00167609064374, 0.00336164678447, -0.0041486392729, 0.00226546521299], [0.000321958912537, 0.000989475287497, 0.00022599172371, -0.00301954499446, 0.0118879275396, -0.00366836274043, 0.00348635204136, -0.00106202310417, 3.05579014821e-05, -0.000245344359428, 0.00108952401206, 0.000216741420445, -0.000378671684302], [0.000453577027656, -7.64769501984e-05, -0.000245398492552, 0.00148313050158, -0.00366836274043, 0.0122373998165, -0.00580507842824, 0.00401234952733, -0.00325032137334, 0.00516392989084, -0.00468555372208, 0.00426803855225, 0.00148560886737], [-0.000104814309452, 0.000138244999107, 0.00238350965083, 0.00109487760346, 0.00348635204136, -0.00580507842824, 0.0142538389191, -0.00855912454426, 0.00671791564673, -0.00972717627883, 0.00610505184159, -0.00296605471522, 0.000394355593016], [9.05757697183e-05, -0.001331700827, -0.000199335700017, 1.49518873513e-05, -0.00106202310417, 0.00401234952733, -0.00855912454426, 0.0206836499274, -0.00900627672672, 0.00945995282382, -0.00576558895409, 0.00237511051819, -7.97894826974e-05], [0.0001293624955, 0.00213644420728, -0.000668476161081, 0.00112704746425, 3.05579014821e-05, -0.00325032137334, 0.00671791564673, -0.00900627672672, 0.0207347217947, -0.00848766881973, 0.00494904769585, -0.003241810482, 0.000900187238585], [-0.00023490159947, -0.00130479154177, 0.00145122373942, -0.00167609064374, -0.000245344359428, 0.00516392989084, -0.00972717627883, 0.00945995282382, -0.00848766881973, 0.0225303079933, -0.00697003025562, 0.00420904997736, -0.00100181589369], [0.000349024368916, 0.000924354710151, -0.0019681036938, 0.00336164678447, 0.00108952401206, -0.00468555372208, 0.00610505184159, -0.00576558895409, 0.00494904769585, -0.00697003025562, 0.0244168676436, -0.00879383832216, 0.00211136043072], [0.000236112246057, 0.0011233096011, 0.000647834793199, -0.0041486392729, 0.000216741420445, 0.00426803855225, -0.00296605471522, 0.00237511051819, -0.003241810482, 0.00420904997736, -0.00879383832216, 0.0242695305496, -0.0079005472362], [0.000264419883024, 0.00140480545815, 0.000195514061488, 0.00226546521299, -0.000378671684302, 0.00148560886737, 0.000394355593016, -7.97894826974e-05, 0.000900187238585, -0.00100181589369, 0.00211136043072, -0.0079005472362, 0.0247901715338]]
    },
    "spectral_contrast_coeffs": {
        "max": [-0.499065697193, -0.544327497482, -0.475206196308, -0.581800162792, -0.603625416756, -0.689910054207],
        "mean": [-0.705776572227, -0.775772869587, -0.725064694881, -0.757460772991, -0.748151242733, -0.77778673172],
        "min": [-0.855175793171, -0.917927384377, -0.934540569782, -0.889634728432, -0.876799225807, -0.913496673107],
        "stdev": [0.053822748363, 0.058407984674, 0.0755925551057, 0.0553081482649, 0.0530992299318, 0.0242587700486]
    },
    "spectral_contrast_valleys": {
        "max": [-5.48029375076, -5.072514534, -5.43296670914, -5.86607027054, -5.60649871826, -8.45816040039],
        "mean": [-7.01029872894, -6.57719421387, -7.01022338867, -7.23244285583, -7.02861022949, -9.72730731964],
        "min": [-8.59160518646, -8.37659645081, -9.01622200012, -9.08090400696, -9.1134557724, -12.734539032],
        "stdev": [0.505168199539, 0.518612265587, 0.531464219093, 0.434737712145, 0.430785566568, 0.58494591713]
    }
},
"rhythm": {
    "beats_count": 64,
    "beats_loudness": {
        "max": 0.0431132242084,
        "mean": 0.0275014359504,
        "min": 0.00823887903243,
        "stdev": 0.00764325726777
    },
    "bpm": 119.314628601,
    "bpm_histogram_first_peak_bpm": 120,
    "bpm_histogram_first_peak_weight": 0.483870923519,
    "bpm_histogram_second_peak_bpm": 115,
    "bpm_histogram_second_peak_spread": 0,
    "bpm_histogram_second_peak_weight": 0.0158730167896,
    "danceability": 1.23153495789,
    "onset_rate": 3.72216773033,
    "beats_loudness_band_ratio": {
        "max": [0.445617675781, 0.659764409065, 0.572295188904, 0.667194843292, 0.401131272316, 0.280484110117],
        "mean": [0.170633926988, 0.153738066554, 0.181129962206, 0.272147536278, 0.141238123178, 0.124328583479],
        "min": [0.0113837560639, 0.0220888592303, 0.0241725668311, 0.0333902798593, 0.0196222402155, 0.0110859004781],
        "stdev": [0.107917256653, 0.124009661376, 0.104214332998, 0.149476245046, 0.0820939540863, 0.0535952225327]
    },
    "beats_position": [0.49922901392, 1.02167797089, 1.50929701328, 2.00852608681, 2.50775504112, 3.01859402657, 3.51782298088, 4.01705217361, 4.52789115906, 5.0387301445, 5.53795909882, 6.03718805313, 6.53641700745, 7.03564596176, 7.5464849472, 8.05732440948, 8.55655288696, 9.04417228699, 9.54340076447, 10.0542402267, 10.5418596268, 11.0526981354, 11.5635375977, 12.0743761063, 12.5852155685, 13.0960540771, 13.5952835083, 14.0945119858, 14.5821313858, 15.0929698944, 15.6038093567, 16.1030387878, 16.602268219, 17.1014957428, 17.600725174, 18.0999546051, 18.5991840363, 19.1100215912, 19.6208610535, 20.1200904846, 20.6193199158, 21.1301574707, 21.6293869019, 22.128616333, 22.6278457642, 23.1270751953, 23.6379127502, 24.1487522125, 24.6595916748, 25.158821106, 25.6580486298, 26.1456680298, 26.6565074921, 27.1673469543, 27.6781845093, 28.1774139404, 28.6766433716, 29.1874828339, 29.686712265, 30.1859397888, 30.6967792511, 31.2076187134, 31.7068481445, 32.2060775757],
