{
"metadata": {
    "version": {
        "essentia": "2.1-beta5",
        "essentia_git_sha": "Undefined",
        "extractor": "music 2.0"
    },
    "audio_properties": {
        "analysis": {
            "equal_loudness": 0,
            "length": 23.5217914581,
            "sample_rate": 44100,
            "start_time": 142.744674683,
            "downmix": "mix"
        },
        "bit_rate": 192000,
        "length": 166.289703369,
        "lossless": 0,
        "number_channels": 2,
        "replay_gain": -17.1147422791,
        "sample_rate": 48000,
        "codec": "mp3",
        "md5_encoded": "87458c0157951e85cef2163aa1300f11"
    },
    "tags": {
        "file_name": "Belgium_A Million In One, Two, Three_Dream Express.mp3",
        "encoding": ["Lavf58.29.100"]
    }
},
"lowlevel": {
    "average_loudness": 0.975282788277,
    "barkbands_crest": {
        "max": 22.5748004913,
        "mean": 5.58997631073,
        "min": 2.26808857918,
        "stdev": 2.41501092911
    },
    "barkbands_flatness_db": {
        "max": 0.240583688021,
        "mean": 0.0976816639304,
        "min": 0.0485614798963,
        "stdev": 0.0244489070028
    },
    "barkbands_kurtosis": {
        "max": 16.0580787659,
        "mean": -0.327182084322,
        "min": -1.85833704472,
        "stdev": 1.66970944405
    },
    "barkbands_skewness": {
        "max": 2.62877249718,
        "mean": -0.622915387154,
        "min": -3.99834132195,
        "stdev": 0.682740211487
    },
    "barkbands_spread": {
        "max": 100.256378174,
        "mean": 45.9013977051,
        "min": 12.6733455658,
        "stdev": 14.6326341629
    },
    "dissonance": {
        "max": 0.499998480082,
        "mean": 0.490669339895,
        "min": 0.44481164217,
        "stdev": 0.00637354841456
    },
    "dynamic_complexity": 2.12272024155,
    "erbbands_crest": {
        "max": 24.5337657928,
        "mean": 6.97521924973,
        "min": 3.13677740097,
        "stdev": 2.70827484131
    },
    "erbbands_flatness_db": {
        "max": 0.286740273237,
        "mean": 0.175425618887,
        "min": 0.118010573089,
        "stdev": 0.0231077484787
    },
    "erbbands_kurtosis": {
        "max": 55.8473815918,
        "mean": 2.00682425499,
        "min": -1.34629762173,
        "stdev": 3.07798409462
    },
    "erbbands_skewness": {
        "max": 1.0155313015,
        "mean": -0.912084341049,
        "min": -6.63040828705,
        "stdev": 0.584432184696
    },
    "erbbands_spread": {
        "max": 64.8166503906,
        "mean": 27.1251869202,
        "min": 6.67162561417,
        "stdev": 8.8460111618
    },
    "hfc": {
        "max": 275.276031494,
        "mean": 44.9327926636,
        "min": 0.0363971590996,
        "stdev": 30.5126686096
    },
    "loudness_ebu128": {
        "integrated": -7.11589622498,
        "loudness_range": 1.82755661011,
        "momentary": {
            "max": -4.77567005157,
            "mean": -7.61199331284,
            "min": -29.1581897736,
            "stdev": 2.58219242096
        },
        "short_term": {
            "max": -5.84606075287,
            "mean": -7.18919658661,
            "min": -8.70200634003,
            "stdev": 0.676378726959
        }
    },
    "melbands_crest": {
        "max": 25.9992847443,
        "mean": 9.8692817688,
        "min": 2.1667611599,
        "stdev": 4.76227474213
    },
    "melbands_flatness_db": {
        "max": 0.219873011112,
        "mean": 0.0690529644489,
        "min": 0.0110647594556,
        "stdev": 0.0314250588417
    },
    "melbands_kurtosis": {
        "max": 31.4037895203,
        "mean": 0.0814264342189,
        "min": -1.87073433399,
        "stdev": 2.60560584068
    },
    "melbands_skewness": {
        "max": 5.32419872284,
        "mean": 0.793930947781,
        "min": -1.01164567471,
        "stdev": 0.820411145687
    },
    "melbands_spread": {
        "max": 295.779663086,
        "mean": 102.276473999,
        "min": 11.8687858582,
        "stdev": 33.8017234802
    },
    "pitch_salience": {
        "max": 0.781390964985,
        "mean": 0.603509366512,
        "min": 0.320380330086,
        "stdev": 0.0731288641691
    },
    "silence_rate_20dB": {
        "max": 1,
        "mean": 1,
        "min": 1,
        "stdev": 0
    },
    "silence_rate_30dB": {
        "max": 1,
        "mean": 1,
        "min": 1,
        "stdev": 0
    },
    "silence_rate_60dB": {
        "max": 1,
        "mean": 0.0710059180856,
        "min": 0,
        "stdev": 0.256835281849
    },
    "spectral_centroid": {
        "max": 6630.84716797,
        "mean": 3233.19262695,
        "min": 1584.75891113,
        "stdev": 416.432495117
    },
    "spectral_complexity": {
        "max": 52,
        "mean": 28.1222877502,
        "min": 0,
        "stdev": 11.358631134
    },
    "spectral_decrease": {
        "max": -7.59889807328e-12,
        "mean": -2.78784195729e-09,
        "min": -6.13675910088e-09,
        "stdev": 1.39267464228e-09
    },
    "spectral_energy": {
        "max": 0.0358846336603,
        "mean": 0.0145974811167,
        "min": 3.19814134855e-05,
        "stdev": 0.00725381588563
    },
    "spectral_energyband_high": {
        "max": 0.033347800374,
        "mean": 0.00442800298333,
        "min": 1.95562461158e-06,
        "stdev": 0.00366385956295
    },
    "spectral_energyband_low": {
        "max": 0.0124558024108,
        "mean": 0.00227303244174,
        "min": 5.14493967785e-06,
        "stdev": 0.00215418892913
    },
    "spectral_energyband_middle_high": {
        "max": 0.0179883036762,
        "mean": 0.00641406513751,
        "min": 8.05375748314e-06,
        "stdev": 0.00415571313351
    },
    "spectral_energyband_middle_low": {
        "max": 0.00835704151541,
        "mean": 0.00170859391801,
        "min": 3.25129894918e-06,
        "stdev": 0.00118673313409
    },
    "spectral_entropy": {
        "max": 8.60283756256,
        "mean": 7.98697423935,
        "min": 7.24854660034,
        "stdev": 0.209148719907
    },
    "spectral_flux": {
        "max": 0.162459477782,
        "mean": 0.0770870447159,
        "min": 0.00445833103731,
        "stdev": 0.0244756489992
    },
    "spectral_kurtosis": {
        "max": 14.3969478607,
        "mean": 1.89579367638,
        "min": -0.986609458923,
        "stdev": 1.39103102684
    },
    "spectral_rms": {
        "max": 0.00591687392443,
        "mean": 0.00360959093086,
        "min": 0.000176639121491,
        "stdev": 0.00110105215572
    },
    "spectral_rolloff": {
        "max": 10185.2050781,
        "mean": 5351.95556641,
        "min": 193.798828125,
        "stdev": 1619.83105469
    },
    "spectral_skewness": {
        "max": 2.48713850975,
        "mean": 0.80396091938,
        "min": -0.389004081488,
        "stdev": 0.237391516566
    },
    "spectral_spread": {
        "max": 8860608,
        "mean": 4136735.5,
        "min": 1834286.625,
        "stdev": 905759.9375
    },
    "spectral_strongpeak": {
        "max": 22.1483402252,
        "mean": 1.40038979053,
        "min": 0.00278890808113,
        "stdev": 2.08597040176
    },
    "zerocrossingrate": {
        "max": 0.3740234375,
        "mean": 0.165471479297,
        "min": 0.03662109375,
        "stdev": 0.044558390975
    },
    "barkbands": {
        "max": [0.00036195712164, 0.0060330121778, 0.00909329019487, 0.00401804596186, 0.00283655105159, 0.00283545139246, 0.00533642107621, 0.00298713101074, 0.00407717050985, 0.00481317192316, 0.00605857884511, 0.006165033672, 0.00418887613341, 0.0057917800732, 0.00729489233345, 0.00834992434829, 0.011141737923, 0.0069082332775, 0.00809530448169, 0.0101455431432, 0.00653295731172, 0.00777100026608, 0.00989513564855, 0.0284857172519, 0.00660419138148, 3.31422916133e-06, 3.63055346497e-06],
        "mean": [3.16568402923e-05, 0.00087265286129, 0.00122318137437, 0.000373331276933, 0.00033283396624, 0.00024953254615, 0.000266886665486, 0.000178359812708, 0.000228051765589, 0.000210060141399, 0.000190619583009, 0.000201832066523, 0.00026629367494, 0.000363527709851, 0.000648445740808, 0.000862350279931, 0.000853899808135, 0.00114116002806, 0.00107295799535, 0.00137679616455, 0.00102749618236, 0.000667646352667, 0.000688932195771, 0.000987864797935, 0.000280015548924, 7.28343877654e-07, 3.8136005287e-07],
        "min": [3.31941016896e-08, 3.85574594475e-06, 7.068805985e-08, 3.56551367986e-07, 3.36963836389e-07, 1.69748147982e-07, 1.93399131376e-07, 1.56382014893e-07, 2.60752017311e-07, 5.8199614017e-08, 7.07244325326e-08, 1.91474754274e-07, 4.8420326948e-07, 5.01551710386e-07, 8.97203619843e-07, 8.36686695038e-07, 6.78784147112e-07, 1.04056903183e-06, 1.80762947366e-06, 7.93383833297e-07, 5.93800223214e-07, 1.85781559026e-07, 3.46616335634e-09, 1.37339717377e-09, 7.47353123831e-10, 2.77770471555e-12, 3.47858612575e-12],
        "stdev": [4.11967703258e-05, 0.000868890609127, 0.00169478275348, 0.000518503075, 0.000328356865793, 0.00029984745197, 0.00048158573918, 0.00029419735074, 0.000287239381578, 0.000374079856556, 0.000412037654314, 0.000408445921494, 0.000422065524617, 0.000638323661406, 0.000892682000995, 0.00119230651762, 0.000958597229328, 0.00107136694714, 0.000953022623435, 0.00123591138981, 0.000900256098248, 0.000672478810884, 0.000851228425745, 0.00188264355529, 0.000470043421956, 7.87205408415e-07, 5.44464285213e-07]
    },
    "erbbands": {
        "max": [0.22495354712, 1.23625743389, 8.49081611633, 14.070734024, 13.0523052216, 7.37459135056, 10.5126037598, 33.6623306274, 85.2633132935, 58.7225036621, 80.1968612671, 118.029296875, 151.612335205, 142.463485718, 330.86730957, 287.297698975, 156.413070679, 260.935089111, 447.524810791, 462.898925781, 521.77545166, 475.436950684, 362.821411133, 609.821655273, 463.237579346, 631.871276855, 369.414764404, 219.199523926, 288.183258057, 268.072174072, 336.529632568, 545.681884766, 451.366607666, 138.216644287, 8.33716487885, 0.234857261181, 0.0182248130441, 0.00368106062524, 0.00146396434866, 0.000239177417825],
        "mean": [0.0197512954473, 0.232309177518, 1.25320076942, 1.27306902409, 1.39770579338, 0.982332825661, 1.11023080349, 2.46875953674, 4.15353631973, 3.42555642128, 3.63544034958, 6.29453802109, 5.8026714325, 5.9113574028, 9.64208126068, 9.79124355316, 12.3955984116, 17.0727367401, 33.3772583008, 35.17786026, 49.4850959778, 43.4979171753, 56.4403648376, 64.2123260498, 55.4729957581, 63.8955917358, 55.0910110474, 30.8814220428, 24.4809951782, 22.1249599457, 20.2077713013, 20.8913116455, 14.7756118774, 6.45419979095, 0.323037177324, 0.0129463849589, 0.00217901193537, 0.000520899018738, 0.000126985789393, 3.52223833033e-05],
        "min": [0.000121740791656, 0.000617500860244, 0.000305947760353, 0.000737260910682, 0.00100002204999, 0.00132743676659, 0.001256620395, 0.00213052192703, 0.00288790627383, 0.00266124960035, 0.00682105822489, 0.00510400673375, 0.0021255381871, 0.00248463195749, 0.00503428000957, 0.00995525158942, 0.0278312992305, 0.0325598567724, 0.0395528674126, 0.0505368746817, 0.0289043784142, 0.0412739627063, 0.0608453974128, 0.0299900155514, 0.117455206811, 0.0479766130447, 0.0386576354504, 0.0124265383929, 0.00821342598647, 0.0017349490663, 0.000260910397628, 5.73232464376e-05, 1.17864010463e-05, 2.03301424335e-05, 1.30163448375e-06, 2.4450781666e-07, 8.07937681202e-08, 2.60396770813e-08, 3.1206820239e-08, 5.55774164468e-08],
        "stdev": [0.024830205366, 0.215478807688, 1.5989818573, 1.49549746513, 1.76922810078, 0.951805591583, 1.16798329353, 3.06259346008, 7.76235580444, 4.51731109619, 6.10052013397, 7.75439023972, 10.2181005478, 10.7943868637, 21.5962982178, 18.807975769, 18.3469219208, 24.9873714447, 53.5438308716, 47.4898109436, 65.2066192627, 42.0981674194, 47.5949668884, 61.9858016968, 47.2821655273, 57.0874443054, 48.0270423889, 26.7537956238, 23.8010864258, 24.2811813354, 26.0650119781, 37.2821960449, 27.0125522614, 10.2202701569, 0.584435522556, 0.0179412662983, 0.00226369081065, 0.000580936321057, 0.000148456427269, 2.50555094681e-05]
    },
    "gfcc": {
        "mean": [7.13541030884, 41.2274398804, -154.177566528, 84.1591415405, -71.3571929932, 26.5221195221, -41.0478286743, 11.383023262, -10.9169893265, -9.25842380524, -1.21425890923, -18.2870960236, 0.374575346708],
        "cov": [[3058.74267578, -798.581604004, 282.21862793, -111.125442505, -38.8826065063, 197.27130127, -93.3999099731, 107.836212158, -147.934814453, 1.04221630096, -90.5509109497, -33.5835952759, -168.401153564], [-798.581604004, 671.357971191, -166.38142395, 39.5836410522, 107.452667236, -56.8570022583, 105.86693573, -73.9851531982, 19.2519340515, -1.41585588455, 53.8229217529, -16.1048069, 39.3684158325], [282.21862793, -166.38142395, 349.34552002, 115.746246338, -44.7441864014, 59.453212738, -93.6771011353, 19.996099472, -8.33549118042, -9.94980812073, -16.0253543854, -3.46507191658, -32.5361022949], [-111.125442505, 39.5836410522, 115.746246338, 154.181518555, 30.7083148956, -32.1446342468, -32.5264587402, 3.13037371635, 34.4330863953, -8.17961788177, -1.80480599403, -7.48492097855, 6.97323846817], [-38.8826065063, 107.452667236, -44.7441864014, 30.7083148956, 168.998214722, 9.18026924133, 61.2696456909, 4.34548044205, 7.01150655746, -4.9513463974, -22.703578949, -1.22283685207, -10.0358772278], [197.27130127, -56.8570022583, 59.453212738, -32.1446342468, 9.18026924133, 180.036071777, 38.9010009766, -22.1285686493, -54.8055992126, -14.273982048, -5.97121334076, -4.72000551224, -18.776216507], [-93.3999099731, 105.86693573, -93.6771011353, -32.5264587402, 61.2696456909, 38.9010009766, 133.924865723, -11.288397789, -12.1785354614, 0.145465925336, 1.85412871838, 5.44655942917, -6.82907676697], [107.836212158, -73.9851531982, 19.996099472, 3.13037371635, 4.34548044205, -22.1285686493, -11.288397789, 85.0097885132, 34.0380020142, 3.46688175201, -12.9252481461, 0.469845980406, 4.2963142395], [-147.934814453, 19.2519340515, -8.33549118042, 34.4330863953, 7.01150655746, -54.8055992126, -12.1785354614, 34.0380020142, 89.3306274414, 24.5973262787, 3.91610479355, 0.0878352448344, 12.128575325], [1.04221630096, -1.41585588455, -9.94980812073, -8.17961788177, -4.9513463974, -14.273982048, 0.145465925336, 3.46688175201, 24.5973262787, 62.004524231, 32.9006462097, 7.41237974167, 3.75845003128], [-90.5509109497, 53.8229217529, -16.0253543854, -1.80480599403, -22.703578949, -5.97121334076, 1.85412871838, -12.9252481461, 3.91610479355, 32.9006462097, 72.2908477783, 24.2632045746, 8.36183452606], [-33.5835952759, -16.1048069, -3.46507191658, -7.48492097855, -1.22283685207, -4.72000551224, 5.44655942917, 0.469845980406, 0.0878352448344, 7.41237974167, 24.2632045746, 46.5533409119, 18.0686721802], [-168.401153564, 39.3684158325, -32.5361022949, 6.97323846817, -10.0358772278, -18.776216507, -6.82907676697, 4.2963142395, 12.128575325, 3.75845003128, 8.36183452606, 18.0686721802, 63.0001602173]],
        "icov": [[0.00064798607491, 0.000524868955836, -7.79138717917e-05, 0.000146055463119, -0.000281518470729, -0.000216547225136, 0.000290655851131, -0.000821227789856, 0.00117312034126, -0.000680373341311, 0.000202735653147, 0.000202390656341, 0.00105560827069], [0.000524868955836, 0.00383757473901, -0.000569419993553, 0.000710578111466, -0.00264239567332, 0.00164565164596, -0.00228377687745, 0.00242721778341, -0.000420155352913, 0.00253262510523, -0.005156096071, 0.00543381273746, -0.00265565165319], [-7.79138717917e-05, -0.000569419993553, 0.00940257124603, -0.0091440686956, 0.00389412301593, -0.00530204921961, 0.00501456903294, -0.0036635636352, 0.00287057436071, -0.00399888446555, 0.00534426327795, -0.00679164147004, 0.00677360361442], [0.000146055463119, 0.000710578111466, -0.0091440686956, 0.0178182218224, -0.00677219685167, 0.00537744443864, -0.00182060734369, 0.00491944281384, -0.00665330328047, 0.00752682052553, -0.00786514021456, 0.00886039342731, -0.00742267211899], [-0.000281518470729, -0.00264239567332, 0.00389412301593, -0.00677219685167, 0.0118189621717, -0.00297257676721, -0.0012122647604, -0.00341951451264, 0.00161001947708, -0.00486385496333, 0.00936676748097, -0.00809937156737, 0.00581792229787], [-0.000216547225136, 0.00164565164596, -0.00530204921961, 0.00537744443864, -0.00297257676721, 0.011098115705, -0.00570730119944, 0.00375560601242, 0.00138040003367, 0.00370128685609, -0.00511965109035, 0.00643494399264, -0.00463390862569], [0.000290655851131, -0.00228377687745, 0.00501456903294, -0.00182060734369, -0.0012122647604, -0.00570730119944, 0.0152107179165, -0.00309543311596, 0.00189270277042, -0.00339918304235, 0.00442311260849, -0.00704561173916, 0.00623317994177], [-0.000821227789856, 0.00242721778341, -0.0036635636352, 0.00491944281384, -0.00341951451264, 0.00375560601242, -0.00309543311596, 0.0199250839651, -0.00994415860623, 0.00512205716223, -0.00324388686568, 0.00465956609696, -0.00656520435587], [0.00117312034126, -0.000420155352913, 0.00287057436071, -0.00665330328047, 0.00161001947708, 0.00138040003367, 0.00189270277042, -0.00994415860623, 0.023301647976, -0.0114936176687, 0.00544826639816, -0.00244639650919, 0.0033466797322], [-0.000680373341311, 0.00253262510523, -0.00399888446555, 0.00752682052553, -0.00486385496333, 0.00370128685609, -0.00339918304235, 0.00512205716223, -0.0114936176687, 0.030939605087, -0.0196315273643, 0.00974587351084, -0.00651164725423], [0.000202735653147, -0.005156096071, 0.00534426327795, -0.00786514021456, 0.00936676748097, -0.00511965109035, 0.00442311260849, -0.00324388686568, 0.00544826639816, -0.0196315273643, 0.0358432494104, -0.0226825270802, 0.00993181671947], [0.000202390656341, 0.00543381273746, -0.00679164147004, 0.00886039342731, -0.00809937156737, 0.00643494399264, -0.00704561173916, 0.00465956609696, -0.00244639650919, 0.00974587351084, -0.0226825270802, 0.0425549000502, -0.0171014238149], [0.00105560827069, -0.00265565165319, 0.00677360361442, -0.00742267211899, 0.00581792229787, -0.00463390862569, 0.00623317994177, -0.00656520435587, 0.0033466797322, -0.00651164725423, 0.00993181671947, -0.0171014238149, 0.0286737363786]]
    },
    "melbands": {
        "max": [0.00189640477765, 0.0030687127728, 0.0019712287467, 0.000700357893948, 0.000294220168144, 0.000657708442304, 0.00121941510588, 0.000576408870984, 0.000641278689727, 0.000785682292189, 0.000764953205362, 0.000622284016572, 0.000880274514202, 0.000817610591184, 0.000472491316032, 0.000344333209796, 0.000582788779866, 0.000750780454837, 0.000616815115791, 0.000617180310655, 0.000689372653142, 0.000707978091668, 0.000378512690077, 0.000395255163312, 0.000604014727287, 0.000250372686423, 0.000402907491662, 0.000434410030721, 0.000331940012984, 0.000182339979801, 0.000168831276824, 0.000175488152308, 0.000127763021737, 0.000193399391719, 0.000187414974789, 0.000230948033277, 0.000511089921929, 0.000452889187727, 0.000121992641652, 0.000122210709378],
        "mean": [0.000210769823752, 0.00051597278798, 0.000240464520175, 8.16914835013e-05, 4.03249177907e-05, 5.46112205484e-05, 6.15989338257e-05, 3.72980030079e-05, 2.85588066617e-05, 3.97609801439e-05, 2.80535114143e-05, 2.32708225667e-05, 2.72983434115e-05, 2.69571337412e-05, 2.49172881013e-05, 2.58495565504e-05, 3.19673381455e-05, 5.25039686181e-05, 4.08969644923e-05, 5.9224490542e-05, 5.7448833104e-05, 4.31862899859e-05, 5.01319445902e-05, 5.49904689251e-05, 5.19718596479e-05, 3.7212674215e-05, 4.10868524341e-05, 4.29342944699e-05, 3.79567718483e-05, 2.57673254964e-05, 1.55927373271e-05, 1.36431954161e-05, 1.27719558805e-05, 1.20875911307e-05, 1.18640655273e-05, 1.12284715215e-05, 1.3574463992e-05, 1.12198731586e-05, 7.96567110228e-06, 4.52917038274e-06],
        "min": [1.30051853375e-06, 3.69788239141e-07, 1.2557154605e-07, 1.00723916319e-07, 5.48625891383e-08, 4.64564209324e-08, 3.93280572553e-08, 2.78184124625e-08, 5.14809421759e-08, 2.86622618972e-08, 9.954917779e-09, 9.5260093147e-09, 1.10175042423e-08, 1.85703807887e-08, 2.54155860802e-08, 5.47305027965e-08, 4.83880207014e-08, 6.24830391871e-08, 5.47773630899e-08, 6.2160019354e-08, 2.76786664699e-08, 2.44262885474e-08, 9.92828006474e-08, 2.6108272877e-08, 1.41892009253e-08, 1.00959915983e-07, 4.01299544706e-08, 2.81376735245e-08, 3.31767822104e-08, 6.50702158822e-09, 5.53460521857e-09, 5.6000559745e-09, 1.73652281443e-09, 5.13138642688e-10, 7.42424940969e-11, 2.76966505286e-11, 2.70327996099e-11, 6.66755192724e-12, 6.16105820875e-12, 1.47783417448e-11],
        "stdev": [0.000232008314924, 0.000562600500416, 0.000262686575297, 8.43106827233e-05, 4.00889002776e-05, 6.80828889017e-05, 0.000112445377454, 5.08195407747e-05, 4.66004603368e-05, 5.1307684771e-05, 5.19815839652e-05, 4.62621865154e-05, 5.96155914536e-05, 5.38030144526e-05, 4.32408705819e-05, 4.04405036534e-05, 5.31332480023e-05, 9.32426919462e-05, 5.82670436415e-05, 8.11080244603e-05, 8.21269932203e-05, 5.03183546243e-05, 4.50978513982e-05, 5.62024251849e-05, 5.56140475965e-05, 3.29384056386e-05, 3.70726083929e-05, 4.27661543654e-05, 3.70706075046e-05, 2.619843508e-05, 1.56752521434e-05, 1.35388172566e-05, 1.41774398799e-05, 1.39923513416e-05, 1.56768564921e-05, 1.59424780577e-05, 3.07919290208e-05, 2.49576205533e-05, 1.13770502139e-05, 8.23684331408e-06]
    },
    "melbands128": {
        "max": [0.000260274216998, 0.00171144492924, 0.00304433563724, 0.00227744411677, 0.00457517150789, 0.00458502629772, 0.00347883347422, 0.00201320718043, 0.00149706483353, 0.000774262472987, 0.000404946971685, 0.000493880186696, 0.000405843951739, 0.000711466593202, 0.00123890105169, 0.00121022760868, 0.00186244759243, 0.00226286752149, 0.000880793842953, 0.00112515408546, 0.000561860506423, 0.000586700160056, 0.00119981169701, 0.000386785657611, 0.00094053405337, 0.00122252374422, 0.000567092909478, 0.00154590292368, 0.00127296266146, 0.00116004864685, 0.00059796863934, 0.00031424043118, 0.000555037287995, 0.0023633830715, 0.000417428906076, 0.00186977302656, 0.000933257397264, 0.000814166967757, 0.000807768490631, 0.000541388930287, 0.000661122670863, 0.000610349292401, 0.000854328856803, 0.0014223359758, 0.00102921936195, 0.00157083279919, 0.0015213281149, 0.00131685973611, 0.00105746462941, 0.00118634907994, 0.000939806166571, 0.00161993713118, 0.001600050251, 0.00143708148971, 0.00172000261955, 0.000647564418614, 0.000491324986797, 0.000742442673072, 0.000532139732968, 0.000575361249503, 0.000681949837599, 0.00084722059546, 0.00105778081343, 0.000651669455692, 0.000400035176426, 0.000411710614571, 0.000480287329992, 0.00109633791726, 0.000341078120982, 0.000746762205381, 0.000777025124989, 0.000738387112506, 0.00102793902624, 0.000419159798184, 0.000462180149043, 0.000411581451772, 0.000244775117608, 0.000176364279469, 0.000335834687576, 0.000195622706087, 0.000129936961457, 0.000237308166106, 0.000208088487852, 0.000114443944767, 0.000166273515788, 0.000130968095618, 0.000319186714478, 0.000259882886894, 0.000239771834458, 0.000240016641328, 0.000297325401334, 0.000345598353306, 0.000299657316646, 0.000398405682063, 0.00108920072671, 0.00088392192265, 0.000243182847043, 0.000154461813509, 0.000150599618792, 0.00011473261111, 0.000180383489351, 0.000176179120899, 8.78743503563e-06, 2.00778629278e-07, 9.53398924253e-08, 8.05048685493e-08, 5.18167695418e-08, 3.98251494005e-08, 2.7948914294e-08, 2.5579462104e-08, 2.82681895669e-08, 2.50623521936e-08, 2.238140695e-08, 3.30437686102e-08, 2.95066939771e-08, 2.58468748626e-08, 2.24374403501e-08, 3.15500194858e-08, 5.4946720951e-08, 4.93655321065e-08, 4.24484731809e-08, 3.00799811725e-08, 2.12499582375e-08, 2.09170569754e-09, 7.25562221415e-10, 7.15931258721e-10, 7.08943681538e-10, 7.04306613031e-10],
        "mean": [2.54251754086e-05, 0.000129493855638, 0.00027930890792, 0.000383454666007, 0.000642180268187, 0.000557693070732, 0.000238388442085, 0.000206835655263, 0.000141526776133, 6.55658805044e-05, 5.03415685671e-05, 4.28551829827e-05, 3.19951359415e-05, 4.28539533459e-05, 5.87117028772e-05, 5.665851495e-05, 6.50410511298e-05, 7.37588343327e-05, 4.36275113316e-05, 3.28116257151e-05, 3.94850794692e-05, 2.99734383589e-05, 2.86296271952e-05, 2.15269028558e-05, 4.60428273072e-05, 5.00506066601e-05, 1.8728635041e-05, 3.5361994378e-05, 1.98756133614e-05, 3.20847757393e-05, 2.13737293961e-05, 1.22167393783e-05, 2.33795508393e-05, 5.06669493916e-05, 1.6685204173e-05, 2.80909280264e-05, 2.80159310933e-05, 1.67166890606e-05, 3.29641188728e-05, 2.65296293946e-05, 2.836272688e-05, 1.50010318976e-05, 3.3604032069e-05, 4.07436200476e-05, 2.95679255942e-05, 6.95141497999e-05, 6.15531462245e-05, 3.11486146529e-05, 3.55969787051e-05, 4.83237854496e-05, 6.42794911982e-05, 7.07223443897e-05, 5.24135793967e-05, 5.77319442527e-05, 5.63118155696e-05, 3.14002973028e-05, 3.77459837182e-05, 6.28419729765e-05, 4.4898064516e-05, 4.91589671583e-05, 4.85660420964e-05, 6.42287777737e-05, 7.32238258934e-05, 4.32633714809e-05, 2.79225114355e-05, 3.50501904904e-05, 4.38138886238e-05, 4.27306513302e-05, 3.44604995917e-05, 4.99088928336e-05, 3.78144359274e-05, 4.35759648099e-05, 4.92372382723e-05, 3.31846422341e-05, 2.83689823846e-05, 3.52795395884e-05, 1.95109314518e-05, 1.31107699417e-05, 1.84091240953e-05, 1.34686933961e-05, 1.28891879285e-05, 1.38235654958e-05, 1.47049149746e-05, 1.10088958536e-05, 1.41050950333e-05, 1.08067924884e-05, 1.26795821416e-05, 1.15045122584e-05, 1.32220702653e-05, 1.04948476292e-05, 9.98937593977e-06, 1.14684544315e-05, 1.3393350855e-05, 1.27913272081e-05, 1.47928785736e-05, 1.35460268211e-05, 9.55166524363e-06, 9.40745121625e-06, 8.27361600386e-06, 7.01130056768e-06, 7.08857442078e-06, 4.93583956995e-06, 1.73667089598e-07, 7.81139064543e-09, 6.40288932985e-09, 6.0144071945e-09, 5.62475754862e-09, 5.45972911326e-09, 5.04676922475e-09, 4.66557636969e-09, 4.74237804582e-09, 4.51060166995e-09, 4.17455403579e-09, 4.06159150756e-09, 3.89698984193e-09, 3.6728857733e-09, 2.29676411223e-09, 2.0805990264e-09, 3.04805292117e-09, 3.01903102518e-09, 2.61580668237e-09, 2.51111553773e-09, 1.27751031975e-09, 2.16836271161e-11, 2.77003593674e-12, 2.71658823908e-12, 2.68045199751e-12, 2.66083596129e-12],
        "min": [2.111649966e-09, 4.22731915251e-07, 3.56979427352e-07, 8.014277455e-07, 1.90602705175e-07, 3.33956577947e-08, 1.6093676436e-07, 1.43378628081e-07, 5.05991124555e-08, 1.2627251067e-07, 5.42916183122e-08, 1.29444650554e-08, 2.98492111028e-08, 2.46567886109e-08, 1.55993937767e-08, 1.7190039614e-08, 3.67787507116e-08, 4.70010945719e-08, 1.23834311694e-08, 1.76403815999e-08, 2.03249701514e-08, 2.0501648379e-08, 1.23300321064e-08, 1.65736011581e-08, 2.28298446814e-08, 1.74754060112e-08, 1.31207391618e-08, 8.53929904565e-09, 4.83089523939e-09, 6.30578789185e-09, 1.4840191298e-08, 5.18464382537e-09, 2.62918931071e-09, 2.36351898053e-08, 6.58232002237e-09, 1.06602886518e-08, 3.21276694137e-08, 2.87440258262e-08, 1.57776618437e-08, 4.92911951255e-08, 6.20915372451e-08, 2.39593749285e-08, 2.18791615936e-08, 5.05117547789e-08, 8.53818882263e-09, 8.84512161292e-08, 5.18368352687e-08, 3.02976843614e-08, 4.5197719345e-08, 2.68119588753e-08, 4.0205712537e-08, 1.88733668693e-08, 3.59052449994e-08, 3.10502095147e-08, 8.30399571328e-09, 1.51553116723e-08, 2.81572010152e-08, 1.35399375267e-07, 7.8784012203e-08, 2.72900511078e-08, 1.47453036448e-08, 2.11431974151e-08, 1.02581809713e-08, 7.62350360617e-09, 1.56849857547e-08, 1.04837049264e-07, 1.57290372726e-07, 1.61803423993e-08, 9.83908954311e-09, 3.12346166709e-08, 2.26651089008e-08, 3.22908135786e-08, 3.61320005027e-08, 3.35740288904e-08, 1.70458747117e-09, 1.74294567667e-09, 4.92256635454e-09, 3.14949910596e-09, 5.1202446727e-09, 6.62571508769e-09, 2.34478170213e-09, 5.18236475955e-09, 1.72589809111e-09, 2.79860967733e-10, 2.25084240135e-09, 3.91326193672e-10, 4.49485171305e-11, 5.90392595923e-11, 8.01697735975e-11, 8.77268604982e-11, 3.81965336096e-12, 4.65116617096e-12, 2.3463054416e-11, 2.90938280412e-11, 5.91198661207e-12, 7.50024695129e-12, 1.34134988273e-12, 1.0892984648e-12, 1.21264651966e-12, 3.84332496384e-12, 2.54457843685e-11, 3.51703068795e-13, 2.31397153093e-14, 2.62741590366e-14, 2.0640737722e-14, 1.66583428638e-14, 2.09150205428e-14, 1.56827828312e-14, 1.38749527885e-14, 1.33463635719e-14, 7.61867341946e-15, 2.04834962197e-14, 1.41845916116e-14, 9.32894898348e-15, 9.94149271775e-15, 1.09467395611e-14, 1.07394180829e-14, 1.38474030419e-14, 1.43192461333e-14, 1.28258448851e-14, 1.3125657279e-14, 1.25988705484e-14, 1.15700888947e-14, 1.16883719636e-14, 8.45287551163e-15, 3.33246308966e-15, 5.80381787382e-16, 5.50051251459e-17],
        "stdev": [3.32180534315e-05, 0.000180685281521, 0.000386332161725, 0.000380266545108, 0.000790657184552, 0.000792179023847, 0.000313131517032, 0.000298527127597, 0.000198255685973, 7.92145146988e-05, 5.77244645683e-05, 5.72349708818e-05, 4.23433084507e-05, 5.84239787713e-05, 8.68915594765e-05, 0.000100861238025, 0.000143280136399, 0.000178075264557, 7.9205739894e-05, 6.26868204563e-05, 7.16850117897e-05, 6.04495180596e-05, 7.24760539015e-05, 3.5314802517e-05, 6.39957361273e-05, 8.41817600303e-05, 3.90376408177e-05, 9.08385918592e-05, 5.91068237554e-05, 7.81538765295e-05, 5.14624298376e-05, 2.84159050352e-05, 5.35973740625e-05, 0.000147258906509, 3.99666641897e-05, 8.75276018633e-05, 6.67556450935e-05, 5.14312196174e-05, 7.47330632294e-05, 4.85420423502e-05, 6.2020139012e-05, 3.91370922443e-05, 6.10144234088e-05, 8.88691138243e-05, 8.77979618963e-05, 0.000163383840118, 0.000120626078569, 7.50355102355e-05, 7.71000923123e-05, 0.00011169577192, 0.000111973728053, 0.000138756528031, 0.000123666992295, 0.000112494235509, 0.000114906106319, 5.11454090883e-05, 5.25945797563e-05, 8.01368732937e-05, 5.34428218089e-05, 6.11607174505e-05, 7.24054552848e-05, 9.79482429102e-05, 0.000100944256701, 6.87310748617e-05, 3.61339807569e-05, 3.90735767724e-05, 4.9104772188e-05, 7.11830944056e-05, 3.91072098864e-05, 6.28447742201e-05, 5.35190811206e-05, 6.65585175739e-05, 7.708229532e-05, 4.30419859185e-05, 3.66352724086e-05, 4.79559021187e-05, 2.6193623853e-05, 1.53150413098e-05, 2.41057787207e-05, 1.64950506587e-05, 1.43234565257e-05, 1.63393524417e-05, 1.90581922652e-05, 1.4115697013e-05, 2.00755766855e-05, 1.37845217978e-05, 1.72331256181e-05, 1.67126981978e-05, 1.94818621821e-05, 1.62631240528e-05, 1.59778537636e-05, 1.87309051398e-05, 2.22920425585e-05, 2.56153925875e-05, 5.43189053133e-05, 4.28956736869e-05, 1.5485462427e-05, 1.43260476761e-05, 1.25694141389e-05, 1.11038607429e-05, 1.20190716189e-05, 1.12374564196e-05, 5.77720470574e-07, 1.20517986701e-08, 9.85832127043e-09, 8.43391401162e-09, 7.05118985422e-09, 6.23433127345e-09, 5.75954173243e-09, 5.3506328257e-09, 5.28309218595e-09, 4.97445729053e-09, 4.75828088042e-09, 4.75804862177e-09, 4.55173632119e-09, 4.3026417984e-09, 3.59680019102e-09, 4.24040313973e-09, 5.12329556557e-09, 4.98809704652e-09, 4.37073266468e-09, 4.1512255855e-09, 2.55786303249e-09, 1.080993281e-10, 2.29305810451e-11, 2.26259132957e-11, 2.24048453401e-11, 2.22583184523e-11]
    },
    "mfcc": {
        "mean": [-604.282592773, 32.6865501404, -5.49851322174, 35.5394859314, 12.6212253571, 3.86612820625, 1.49633347988, 4.42130374908, 2.85539746284, 8.09805870056, -1.94208550453, 2.72245812416, -2.17974424362],
        "cov": [[2849.74633789, -573.771179199, 167.701400757, -243.120346069, 60.9937095642, -34.009098053, 115.66469574, 28.8317871094, -26.6751747131, 22.015542984, -17.227519989, 27.3423709869, -25.8958683014], [-573.771179199, 508.868804932, -206.936721802, 76.5080795288, -37.7572250366, 63.7360267639, 53.4287605286, -6.4891872406, -4.14348840714, -0.040727108717, 14.8899421692, 0.863050818443, 4.28493356705], [167.701400757, -206.936721802, 400.784851074, 1.11956262589, 71.7931518555, -1.83516049385, -39.1811408997, -4.9486618042, -35.4497871399, -18.7248020172, 6.88734436035, 1.91038608551, -7.53015899658], [-243.120346069, 76.5080795288, 1.11956262589, 212.72517395, 57.4867668152, -39.2570571899, -53.770690918, -6.47279453278, 21.223115921, 18.579454422, -18.7643318176, 20.361700058, 23.8650550842], [60.9937095642, -37.7572250366, 71.7931518555, 57.4867668152, 126.417373657, -3.16824102402, -19.4502010345, 10.4881410599, 17.8943195343, 9.29636096954, -11.1492872238, -6.08395147324, 8.42406368256], [-34.009098053, 63.7360267639, -1.83516049385, -39.2570571899, -3.16824102402, 151.865921021, 78.1543197632, 16.005815506, -13.1079435349, -9.66855621338, 15.3898363113, -21.9805488586, -15.7433290482], [115.66469574, 53.4287605286, -39.1811408997, -53.770690918, -19.4502010345, 78.1543197632, 122.260780334, 29.8462867737, -9.79779815674, -12.8263168335, 9.92080307007, -11.3284540176, -8.62824249268], [28.8317871094, -6.4891872406, -4.9486618042, -6.47279453278, 10.4881410599, 16.005815506, 29.8462867737, 67.936958313, 23.7651863098, -1.47925496101, -3.2971842289, -9.86313438416, 2.60504865646], [-26.6751747131, -4.14348840714, -35.4497871399, 21.223115921, 17.8943195343, -13.1079435349, -9.79779815674, 23.7651863098, 77.6030044556, 23.4483356476, -9.57892990112, -10.4897089005, 1.21278190613], [22.015542984, -0.040727108717, -18.7248020172, 18.579454422, 9.29636096954, -9.66855621338, -12.8263168335, -1.47925496101, 23.4483356476, 58.2129554749, 8.04471206665, 3.79579567909, -0.08603220433], [-17.227519989, 14.8899421692, 6.88734436035, -18.7643318176, -11.1492872238, 15.3898363113, 9.92080307007, -3.2971842289, -9.57892990112, 8.04471206665, 55.9857406616, 14.9041843414, -2.21964597702], [27.3423709869, 0.863050818443, 1.91038608551, 20.361700058, -6.08395147324, -21.9805488586, -11.3284540176, -9.86313438416, -10.4897089005, 3.79579567909, 14.9041843414, 69.8039093018, 24.1226844788], [-25.8958683014, 4.28493356705, -7.53015899658, 23.8650550842, 8.42406368256, -15.7433290482, -8.62824249268, 2.60504865646, 1.21278190613, -0.08603220433, -2.21964597702, 24.1226844788, 55.0666732788]],
        "icov": [[0.000594837591052, 0.000641215767246, 7.32139742468e-05, 0.000476464396343, -0.00053403241327, 0.000422662327765, -0.0011017692741, 0.000131626657094, 0.000304099550704, -0.000582714972552, 0.000448233360657, -0.000585915753618, 0.000324155844282], [0.000641215767246, 0.00393190700561, 0.00167654152028, -0.00147631042637, -2.6731271646e-05, -0.000762223731726, -0.00200931751169, 0.000768940313719, 0.000868507835548, -1.0417626072e-05, -0.000725146266632, -0.000207076431252, 0.000341957056662], [7.32139742468e-05, 0.00167654152028, 0.00407652137801, -0.000376845739083, -0.00205336208455, -0.000855769379996, 0.00108965951949, -0.000413123139879, 0.00215365923941, 0.0011250221869, -0.00115534884389, -0.000171635125298, 0.000867423368618], [0.000476464396343, -0.00147631042637, -0.000376845739083, 0.00813817977905, -0.00345378392376, 0.000944996369071, 0.00175977742765, -0.000107623563963, -0.00052543496713, -0.00182573578786, 0.00285807764158, -0.00253502302803, -0.000925775733776], [-0.00053403241327, -2.6731271646e-05, -0.00205336208455, -0.00345378392376, 0.0117475353181, -0.00142526859418, 0.00119750050362, -0.00114294083323, -0.0020629405044, -0.000612207630184, 0.000477907189634, 0.00214996747673, -0.00187401520088], [0.000422662327765, -0.000762223731726, -0.000855769379996, 0.000944996369071, -0.00142526859418, 0.0114832520485, -0.00711653474718, 0.000262344779912, 0.000937053526286, -0.000441959826276, -0.00170638796408, 0.00211916910484, 0.00108663318679], [-0.0011017692741, -0.00200931751169, 0.00108965951949, 0.00175977742765, 0.00119750050362, -0.00711653474718, 0.017924124375, -0.00636931182817, 0.00156107568182, 0.00208824500442, -0.000785991258454, 0.000147324957652, -0.000210747326491], [0.000131626657094, 0.000768940313719, -0.000413123139879, -0.000107623563963, -0.00114294083323, 0.000262344779912, -0.00636931182817, 0.020468596369, -0.00724118715152, 0.00203182315454, -0.000104814076622, 0.0013998815557, -0.00217904476449], [0.000304099550704, 0.000868507835548, 0.00215365923941, -0.00052543496713, -0.0020629405044, 0.000937053526286, 0.00156107568182, -0.00724118715152, 0.0198406539857, -0.00700102187693, 0.00191085482948, 0.00209900550544, 0.000477913301438], [-0.000582714972552, -1.0417626072e-05, 0.0011250221869, -0.00182573578786, -0.000612207630184, -0.000441959826276, 0.00208824500442, 0.00203182315454, -0.00700102187693, 0.0224778037518, -0.00549638736993, -0.000267240771791, 0.000955076946411], [0.000448233360657, -0.000725146266632, -0.00115534884389, 0.00285807764158, 0.000477907189634, -0.00170638796408, -0.000785991258454, -0.000104814076622, 0.00191085482948, -0.00549638736993, 0.022939439863, -0.00659383786842, 0.00195391895249], [-0.000585915753618, -0.000207076431252, -0.000171635125298, -0.00253502302803, 0.00214996747673, 0.00211916910484, 0.000147324957652, 0.0013998815557, 0.00209900550544, -0.000267240771791, -0.00659383786842, 0.0210479106754, -0.00848317984492], [0.000324155844282, 0.000341957056662, 0.000867423368618, -0.000925775733776, -0.00187401520088, 0.00108663318679, -0.000210747326491, -0.00217904476449, 0.000477913301438, 0.000955076946411, 0.00195391895249, -0.00848317984492, 0.0232587754726]]
    },
    "spectral_contrast_coeffs": {
        "max": [-0.587417006493, -0.567124605179, -0.560532331467, -0.602916896343, -0.65348470211, -0.560293316841],
        "mean": [-0.763884305954, -0.78251349926, -0.774956285954, -0.759300768375, -0.763645589352, -0.703427493572],
        "min": [-0.928996503353, -0.928367078304, -0.888367414474, -0.897835552692, -0.868565201759, -0.806757926941],
        "stdev": [0.0527794845402, 0.0517888516188, 0.0484204739332, 0.0468346886337, 0.0371720902622, 0.0367016606033]
    },
    "spectral_contrast_valleys": {
        "max": [-5.90391016006, -5.88976335526, -6.5699968338, -6.2706451416, -5.67014026642, -7.53992891312],
        "mean": [-7.24456691742, -7.33286857605, -7.94218397141, -7.4504108429, -6.59161329269, -9.45643901825],
        "min": [-9.85853767395, -9.98182201385, -10.7735652924, -10.2292919159, -9.69732666016, -15.5997009277],
        "stdev": [0.553451836109, 0.544046342373, 0.568596601486, 0.510915696621, 0.517138600349, 0.976319789886]
    }
},
"rhythm": {
    "beats_count": 44,
    "beats_loudness": {
        "max": 0.0263403318822,
        "mean": 0.0199268423021,
        "min": 0.000266293762252,
        "stdev": 0.00546475034207
    },
    "bpm": 112.802070618,
    "bpm_histogram_first_peak_bpm": 112,
    "bpm_histogram_first_peak_weight": 0.514285683632,
    "bpm_histogram_second_peak_bpm": 117,
    "bpm_histogram_second_peak_spread": 0,
    "bpm_histogram_second_peak_weight": 0.186046510935,
    "danceability": 1.11639249325,
    "onset_rate": 2.97449278831,
    "beats_loudness_band_ratio": {
        "max": [0.363652378321, 0.106787674129, 0.164286911488, 0.347233831882, 0.661899387836, 0.927442789078],
        "mean": [0.165220052004, 0.0320480912924, 0.0543255805969, 0.0704411193728, 0.267306774855, 0.422787755728],
        "min": [0.0159352961928, 0.00663533527404, 0.00599960424006, 0.00367702264339, 0.0326791964471, 0.141587540507],
        "stdev": [0.100802436471, 0.0240710489452, 0.0376357473433, 0.0694298669696, 0.136846080422, 0.154289230704]
    },
    "beats_position": [0.53405892849, 1.09133780003, 1.64861679077, 2.19428563118, 2.72834467888, 3.25079369545, 3.7732424736, 4.29569149017, 4.80653047562, 5.34058952332, 5.88625860214, 6.43192720413, 6.96598625183, 7.50004529953, 8.03410434723, 8.56816291809, 9.07900238037, 9.58984088898, 10.1006803513, 10.6347389221, 11.1687984467, 11.7028570175, 12.2253055573, 12.7593650818, 13.2818136215, 13.8042631149, 14.3267116547, 14.8491611481, 15.3599996567, 15.8824491501, 16.3932876587, 16.9273471832, 17.4381847382, 17.9606342316, 18.4946937561, 19.0171432495, 19.5395908356, 20.062040329, 20.5960998535, 21.1301574707, 21.640996933, 22.1750564575, 22.7091159821, 23.2431735992],
