{
"metadata": {
    "version": {
        "essentia": "2.1-beta5",
        "essentia_git_sha": "Undefined",
        "extractor": "music 2.0"
    },
    "audio_properties": {
        "analysis": {
            "equal_loudness": 0,
            "length": 46.6372795105,
            "sample_rate": 44100,
            "start_time": 207.737319946,
            "downmix": "mix"
        },
        "bit_rate": 192000,
        "length": 254.397827148,
        "lossless": 0,
        "number_channels": 2,
        "replay_gain": -0.831176757812,
        "sample_rate": 44100,
        "codec": "mp3",
        "md5_encoded": "6dba06328e62cce943da3adc5d6dec2a"
    },
    "tags": {
        "file_name": "Finland_Lapponia_Monica Aspelund.mp3",
        "encoding": ["Lavf58.29.100"]
    }
},
"lowlevel": {
    "average_loudness": 0.861325502396,
    "barkbands_crest": {
        "max": 25.0323543549,
        "mean": 12.1933956146,
        "min": 4.33426904678,
        "stdev": 4.1641831398
    },
    "barkbands_flatness_db": {
        "max": 0.341761112213,
        "mean": 0.192667007446,
        "min": 0.113456375897,
        "stdev": 0.0344430059195
    },
    "barkbands_kurtosis": {
        "max": 171.645248413,
        "mean": 20.41771698,
        "min": -0.314460515976,
        "stdev": 16.2300128937
    },
    "barkbands_skewness": {
        "max": 8.69954109192,
        "mean": 2.76131939888,
        "min": -0.496111214161,
        "stdev": 1.20219969749
    },
    "barkbands_spread": {
        "max": 20.4793014526,
        "mean": 5.33837223053,
        "min": 0.515180528164,
        "stdev": 2.40039777756
    },
    "dissonance": {
        "max": 0.500000178814,
        "mean": 0.425865262747,
        "min": 0.242825359106,
        "stdev": 0.0418066456914
    },
    "dynamic_complexity": 2.89976072311,
    "erbbands_crest": {
        "max": 28.9533405304,
        "mean": 12.7552461624,
        "min": 4.29590272903,
        "stdev": 5.39967823029
    },
    "erbbands_flatness_db": {
        "max": 0.340653955936,
        "mean": 0.206286802888,
        "min": 0.103664450347,
        "stdev": 0.0382530800998
    },
    "erbbands_kurtosis": {
        "max": 80.7984619141,
        "mean": 6.01200914383,
        "min": -1.50983333588,
        "stdev": 6.05609846115
    },
    "erbbands_skewness": {
        "max": 6.80248212814,
        "mean": 1.63132441044,
        "min": -0.680293738842,
        "stdev": 0.810366928577
    },
    "erbbands_spread": {
        "max": 39.2835884094,
        "mean": 13.0487651825,
        "min": 1.94601500034,
        "stdev": 5.25301456451
    },
    "hfc": {
        "max": 113.422836304,
        "mean": 9.66153144836,
        "min": 0.0511973425746,
        "stdev": 11.0203943253
    },
    "loudness_ebu128": {
        "integrated": -24.5481853485,
        "loudness_range": 6.15756797791,
        "momentary": {
            "max": -17.3489341736,
            "mean": -25.4888687134,
            "min": -32.3026237488,
            "stdev": 2.91173028946
        },
        "short_term": {
            "max": -21.6524791718,
            "mean": -24.9379005432,
            "min": -30.2074203491,
            "stdev": 2.0620777607
        }
    },
    "melbands_crest": {
        "max": 30.429599762,
        "mean": 13.6389942169,
        "min": 5.27227735519,
        "stdev": 4.88909673691
    },
    "melbands_flatness_db": {
        "max": 0.452072650194,
        "mean": 0.308127880096,
        "min": 0.212738454342,
        "stdev": 0.0327551811934
    },
    "melbands_kurtosis": {
        "max": 70.3859786987,
        "mean": 8.38257217407,
        "min": -0.824677228928,
        "stdev": 6.51935958862
    },
    "melbands_skewness": {
        "max": 4.25748586655,
        "mean": 1.54699587822,
        "min": -1.08611130714,
        "stdev": 0.725264072418
    },
    "melbands_spread": {
        "max": 24.6471595764,
        "mean": 6.21476268768,
        "min": 0.683665513992,
        "stdev": 2.65021967888
    },
    "pitch_salience": {
        "max": 0.846090853214,
        "mean": 0.637540578842,
        "min": 0.224289745092,
        "stdev": 0.116978213191
    },
    "silence_rate_20dB": {
        "max": 1,
        "mean": 1,
        "min": 1,
        "stdev": 0
    },
    "silence_rate_30dB": {
        "max": 1,
        "mean": 0.987064659595,
        "min": 0,
        "stdev": 0.112996160984
    },
    "silence_rate_60dB": {
        "max": 1,
        "mean": 0.0169154237956,
        "min": 0,
        "stdev": 0.128954574466
    },
    "spectral_centroid": {
        "max": 1046.16809082,
        "mean": 441.72668457,
        "min": 287.679595947,
        "stdev": 77.5385971069
    },
    "spectral_complexity": {
        "max": 29,
        "mean": 10.5507459641,
        "min": 0,
        "stdev": 2.91721391678
    },
    "spectral_decrease": {
        "max": -2.95265409345e-11,
        "mean": -5.56531665197e-09,
        "min": -4.5880799604e-08,
        "stdev": 5.3153117463e-09
    },
    "spectral_energy": {
        "max": 0.183437511325,
        "mean": 0.0218811258674,
        "min": 0.000116083763714,
        "stdev": 0.021021572873
    },
    "spectral_energyband_high": {
        "max": 0.000115559400001,
        "mean": 3.83419683203e-05,
        "min": 1.3888753756e-06,
        "stdev": 8.42347981234e-06
    },
    "spectral_energyband_low": {
        "max": 0.0144744943827,
        "mean": 0.00118435244076,
        "min": 1.14209087769e-05,
        "stdev": 0.000827356358059
    },
    "spectral_energyband_middle_high": {
        "max": 0.0283803511411,
        "mean": 0.00112093228381,
        "min": 2.91024389298e-06,
        "stdev": 0.00168672623113
    },
    "spectral_energyband_middle_low": {
        "max": 0.178659081459,
        "mean": 0.0199918784201,
        "min": 0.000106271945697,
        "stdev": 0.0202678646892
    },
    "spectral_entropy": {
        "max": 7.49210453033,
        "mean": 6.57641553879,
        "min": 5.25342702866,
        "stdev": 0.301642715931
    },
    "spectral_flux": {
        "max": 0.333774477243,
        "mean": 0.0690087452531,
        "min": 0.0214163009077,
        "stdev": 0.0277282465249
    },
    "spectral_kurtosis": {
        "max": 38.6689109802,
        "mean": 19.0762519836,
        "min": 7.41149234772,
        "stdev": 5.21263694763
    },
    "spectral_rms": {
        "max": 0.0133777214214,
        "mean": 0.00426206272095,
        "min": 0.000336530007189,
        "stdev": 0.00178388913628
    },
    "spectral_rolloff": {
        "max": 1851.85546875,
        "mean": 545.508789062,
        "min": 258.3984375,
        "stdev": 154.825393677
    },
    "spectral_skewness": {
        "max": 5.17473173141,
        "mean": 3.59735584259,
        "min": 2.08377957344,
        "stdev": 0.458939194679
    },
    "spectral_spread": {
        "max": 5345777,
        "mean": 2911804.25,
        "min": 1789209.125,
        "stdev": 559085.3125
    },
    "spectral_strongpeak": {
        "max": 9.37369728088,
        "mean": 1.08907544613,
        "min": 0.00874559860677,
        "stdev": 1.14085412025
    },
    "zerocrossingrate": {
        "max": 0.083984375,
        "mean": 0.0329480543733,
        "min": 0.00439453125,
        "stdev": 0.0100226895884
    },
    "barkbands": {
        "max": [8.43183952384e-05, 0.00151737721171, 0.00724006257951, 0.00906750094146, 0.0453829318285, 0.136694565415, 0.0870023742318, 0.0290024261922, 0.149376153946, 0.0217362325639, 0.00793286040425, 0.00520085310563, 0.0056821317412, 0.00115235871635, 0.00189234153368, 0.000992297544144, 0.0010447561508, 0.000716529437341, 6.57709679217e-05, 2.50586999755e-05, 3.80774581572e-05, 1.54713343363e-05, 1.59051960509e-05, 1.25706765175e-05, 1.44456726048e-05, 1.55597081175e-05, 3.6710222048e-05],
        "mean": [1.88720459846e-05, 0.000420696218498, 0.000350510090357, 0.000865251931828, 0.00463989889249, 0.00662469118834, 0.00390497478656, 0.000919160374906, 0.0028810177464, 0.000419478281401, 0.000221136084292, 0.000172571191797, 0.000206545490073, 7.16293143341e-05, 6.21654180577e-05, 2.88549981633e-05, 1.89374241018e-05, 9.39069923334e-06, 5.39534539712e-06, 3.38719905812e-06, 2.72213219432e-06, 1.64151447279e-06, 1.83197016668e-06, 2.38952134168e-06, 6.02807540417e-06, 4.91828586746e-06, 1.70375897142e-05],
        "min": [1.64704196948e-08, 7.96796371105e-07, 4.43373710368e-06, 3.76991920348e-06, 5.57207167731e-05, 2.58690051851e-05, 7.08364177626e-06, 5.20180265084e-07, 1.64629250321e-06, 5.48573893866e-07, 5.06377944021e-07, 2.76573757674e-07, 1.65093979376e-07, 6.27605345471e-07, 3.36998340345e-07, 3.1280615076e-07, 9.73868239385e-08, 8.08703717325e-08, 1.04648925969e-07, 5.39102593677e-08, 6.93338222391e-08, 9.42880049593e-08, 1.12826604948e-07, 8.57355288986e-08, 1.79280121415e-07, 2.08917938949e-07, 6.09164146681e-07],
        "stdev": [1.45144313137e-05, 0.000236814885284, 0.000372139504179, 0.000879290571902, 0.00446006283164, 0.0116045651957, 0.00641834922135, 0.0012658406049, 0.0119939977303, 0.00112756795716, 0.000587953778449, 0.00039585432387, 0.000507992052007, 9.46365908021e-05, 9.86039158306e-05, 5.5060172599e-05, 4.50490915682e-05, 2.35538773268e-05, 4.95971835335e-06, 1.79334256245e-06, 2.83785811916e-06, 7.8775400425e-07, 1.11239648959e-06, 9.89949967334e-07, 1.19238370644e-06, 1.54002293584e-06, 3.67355710296e-06]
    },
    "erbbands": {
        "max": [0.0409058555961, 0.395702064037, 5.22375392914, 25.8070640564, 76.8458175659, 228.961486816, 724.543212891, 1683.90649414, 1525.53149414, 465.354034424, 875.661499023, 3897.62573242, 261.799438477, 777.624633789, 217.939697266, 181.256546021, 274.697021484, 60.8274383545, 82.455619812, 84.7034683228, 41.892364502, 60.6550788879, 52.6252632141, 4.56341600418, 2.28025054932, 1.18534386158, 2.3250143528, 0.802517712116, 0.638202488422, 0.440947890282, 0.54042071104, 0.338692814112, 0.203997939825, 0.125559985638, 0.141399666667, 0.0599315799773, 0.0213089790195, 0.0622994601727, 0.00220061372966, 0.000257756910287],
        "mean": [0.0109186135232, 0.0997321456671, 0.350082248449, 1.88231277466, 7.6609621048, 17.7057723999, 29.0906066895, 64.1111602783, 68.1462249756, 31.1748580933, 32.4630889893, 71.9148178101, 17.1473426819, 12.1751003265, 8.99097633362, 6.9642457962, 10.1551170349, 4.12639427185, 3.38448095322, 2.77970051765, 1.40138995647, 1.04574000835, 0.616329550743, 0.333523184061, 0.227688476443, 0.155723944306, 0.142937198281, 0.0857622772455, 0.0622366629541, 0.0502585098147, 0.0584348663688, 0.0624801628292, 0.0269104931504, 0.0139124495909, 0.0585867874324, 0.0185816120356, 0.00833386275917, 0.0316940136254, 0.00076552311657, 3.83546139346e-05],
        "min": [7.61687488193e-06, 0.000303680921206, 0.00418667355552, 0.0299399737269, 0.120724923909, 0.20565469563, 0.172948181629, 0.230660259724, 0.163954466581, 0.0298155061901, 0.0112035227939, 0.0373408906162, 0.0300916396081, 0.0124025726691, 0.0235717594624, 0.00949368532747, 0.00804753415287, 0.0231368336827, 0.0227729659528, 0.0237906072289, 0.0128329945728, 0.00585519196466, 0.00539791211486, 0.00592033518478, 0.00265933619812, 0.00275567802601, 0.00324311293662, 0.00270525109954, 0.00363020575605, 0.00230039190501, 0.00360651221126, 0.002294708509, 0.00118616584223, 0.000595668912865, 0.00177224923391, 0.000609553593677, 0.000338641431881, 0.00114448007662, 2.75735546893e-05, 6.91124682817e-07],
        "stdev": [0.00777826318517, 0.0570565834641, 0.289091855288, 1.82610702515, 7.47579526901, 19.3978595734, 40.1118202209, 134.545501709, 108.891639709, 38.6530151367, 72.7431488037, 317.314300537, 28.544298172, 36.4285583496, 18.9670848846, 12.1353254318, 24.8754367828, 5.05968236923, 4.72111654282, 4.93519735336, 2.38067388535, 2.52614617348, 1.72160315514, 0.354597359896, 0.156857773662, 0.0804601088166, 0.164631068707, 0.0526806376874, 0.0319515839219, 0.0236934926361, 0.0399430170655, 0.0244183149189, 0.0139671750367, 0.00661993632093, 0.012017111294, 0.00477130385116, 0.00177490047645, 0.00613466231152, 0.00015295780031, 2.445111204e-05]
    },
    "gfcc": {
        "mean": [-55.3212776184, 124.088729858, -67.9876937866, -29.0387516022, -52.5069274902, -13.6873674393, -44.1155204773, -3.40885877609, -23.846206665, 6.51629543304, -19.0924701691, 5.6250576973, -16.0122928619],
        "cov": [[692.282775879, 223.574859619, -264.385009766, -200.265762329, -58.4906044006, -20.5683670044, -34.1005821228, -23.9993305206, 32.4410896301, -1.17170000076, 26.1278743744, -30.9515991211, 12.7235298157], [223.574859619, 120.540618896, -48.2196807861, -61.58751297, -23.8770275116, -12.0961046219, -9.3814201355, -15.0556020737, 1.90680849552, -3.94349575043, 11.0775814056, -11.0549383163, 7.75491428375], [-264.385009766, -48.2196807861, 192.496932983, 102.208007812, 5.44629526138, -13.8510627747, 17.1295013428, 2.69750332832, -25.5578708649, -4.8208322525, -5.1640996933, 6.19421625137, -0.998518168926], [-200.265762329, -61.58751297, 102.208007812, 112.071708679, 44.7620391846, -6.94456577301, -4.95122098923, 7.66671514511, -10.4863634109, -9.44215393066, -14.0665493011, 3.65435671806, -8.0055065155], [-58.4906044006, -23.8770275116, 5.44629526138, 44.7620391846, 67.0296401978, 28.3480911255, -7.42516469955, 1.061170578, -1.85540533066, -3.57767939568, -12.2584543228, 6.20336818695, -8.59251213074], [-20.5683670044, -12.0961046219, -13.8510627747, -6.94456577301, 28.3480911255, 63.2151107788, 31.0836086273, 2.09428048134, -4.83319807053, 3.63092422485, -3.90112161636, 4.57314825058, -7.07878684998], [-34.1005821228, -9.3814201355, 17.1295013428, -4.95122098923, -7.42516469955, 31.0836086273, 47.7449989319, 20.6486759186, -4.05773019791, 1.92600405216, -0.192173346877, 0.997192203999, -2.59965395927], [-23.9993305206, -15.0556020737, 2.69750332832, 7.66671514511, 1.061170578, 2.09428048134, 20.6486759186, 40.5224914551, 19.8480606079, 0.843309342861, -8.10372543335, -3.2391936779, -1.34246110916], [32.4410896301, 1.90680849552, -25.5578708649, -10.4863634109, -1.85540533066, -4.83319807053, -4.05773019791, 19.8480606079, 37.3135719299, 18.5136108398, 0.435718536377, -3.34965872765, 1.18041622639], [-1.17170000076, -3.94349575043, -4.8208322525, -9.44215393066, -3.57767939568, 3.63092422485, 1.92600405216, 0.843309342861, 18.5136108398, 35.4928359985, 24.4552726746, 6.76730442047, -0.350303798914], [26.1278743744, 11.0775814056, -5.1640996933, -14.0665493011, -12.2584543228, -3.90112161636, -0.192173346877, -8.10372543335, 0.435718536377, 24.4552726746, 45.7707290649, 23.6690883636, 6.08874797821], [-30.9515991211, -11.0549383163, 6.19421625137, 3.65435671806, 6.20336818695, 4.57314825058, 0.997192203999, -3.2391936779, -3.34965872765, 6.76730442047, 23.6690883636, 38.2966499329, 18.0095996857], [12.7235298157, 7.75491428375, -0.998518168926, -8.0055065155, -8.59251213074, -7.07878684998, -2.59965395927, -1.34246110916, 1.18041622639, -0.350303798914, 6.08874797821, 18.0095996857, 34.6376609802]],
        "icov": [[0.0121794044971, -0.0131602697074, 0.0102823963389, 0.00428096111864, -0.00429359870031, 0.00540059013292, -0.00635826867074, 0.00718826288357, -0.0109769785777, 0.0131706446409, -0.012967181392, 0.0111217033118, -0.0033975946717], [-0.0131602697074, 0.0348645411432, -0.0175440441817, 0.0148544078693, -0.0149886086583, 0.00695975497365, -0.00876904651523, 0.0116021661088, -0.0118557745591, 0.0159164518118, -0.0126045458019, 0.00990890618414, -0.00491981348023], [0.0102823963389, -0.0175440441817, 0.028725579381, -0.0226217415184, 0.0136728640646, 0.00363385234959, -0.00891353935003, 0.00261741084978, 0.00923519954085, -0.010793665424, 0.00579918408766, -0.00172892271075, -0.00122690526769], [0.00428096111864, 0.0148544078693, -0.0226217415184, 0.0619565919042, -0.0528299845755, 0.0300986841321, -0.0193060450256, 0.0164212211967, -0.0287902988493, 0.0389931984246, -0.0307429656386, 0.0241990294307, -0.00480017717928], [-0.00429359870031, -0.0149886086583, 0.0136728640646, -0.0528299845755, 0.0898577198386, -0.0661312192678, 0.0714176148176, -0.0517310239375, 0.0515403822064, -0.0525509901345, 0.0476137660444, -0.0409667305648, 0.0158906262368], [0.00540059013292, 0.00695975497365, 0.00363385234959, 0.0300986841321, -0.0661312192678, 0.0904783532023, -0.0936584174633, 0.0619255751371, -0.039949323982, 0.0248490925878, -0.013053980656, 0.0110982460901, -0.000887396570761], [-0.00635826867074, -0.00876904651523, -0.00891353935003, -0.0193060450256, 0.0714176148176, -0.0936584174633, 0.147844851017, -0.112607680261, 0.0897044613957, -0.0618483349681, 0.0343378968537, -0.0242491960526, 0.00777707900852], [0.00718826288357, 0.0116021661088, 0.00261741084978, 0.0164212211967, -0.0517310239375, 0.0619255751371, -0.112607680261, 0.134194016457, -0.116694591939, 0.0831970199943, -0.0435874573886, 0.0276011284441, -0.00666593108326], [-0.0109769785777, -0.0118557745591, 0.00923519954085, -0.0287902988493, 0.0515403822064, -0.039949323982, 0.0897044613957, -0.116694591939, 0.168544217944, -0.139900237322, 0.0866089612246, -0.0446286909282, 0.00795096997172], [0.0131706446409, 0.0159164518118, -0.010793665424, 0.0389931984246, -0.0525509901345, 0.0248490925878, -0.0618483349681, 0.0831970199943, -0.139900237322, 0.17943136394, -0.126245051622, 0.0691934376955, -0.0162782371044], [-0.012967181392, -0.0126045458019, 0.00579918408766, -0.0307429656386, 0.0476137660444, -0.013053980656, 0.0343378968537, -0.0435874573886, 0.0866089612246, -0.126245051622, 0.138016194105, -0.0925207436085, 0.030294707045], [0.0111217033118, 0.00990890618414, -0.00172892271075, 0.0241990294307, -0.0409667305648, 0.0110982460901, -0.0242491960526, 0.0276011284441, -0.0446286909282, 0.0691934376955, -0.0925207436085, 0.107202224433, -0.046660091728], [-0.0033975946717, -0.00491981348023, -0.00122690526769, -0.00480017717928, 0.0158906262368, -0.000887396570761, 0.00777707900852, -0.00666593108326, 0.00795096997172, -0.0162782371044, 0.030294707045, -0.046660091728, 0.052660651505]]
    },
    "melbands": {
        "max": [0.00038088276051, 0.00226056901738, 0.00386326713488, 0.0105287842453, 0.0211878214031, 0.03301262483, 0.0204806867987, 0.00407067220658, 0.014000242576, 0.0212029982358, 0.00128733285237, 0.00348411803134, 0.00109841988888, 0.000624192529358, 0.00075695378473, 0.000371854112018, 0.000100023957202, 0.000115359878691, 0.000154323293827, 8.88164795469e-05, 4.84105985379e-05, 5.62065761187e-05, 8.93063697731e-05, 1.64047305589e-05, 3.92233505409e-06, 2.34206459027e-06, 1.16613932732e-06, 7.37246807603e-07, 1.40205861499e-06, 7.47415924707e-07, 4.37465558889e-07, 3.64320442259e-07, 2.81486506992e-07, 2.33678221662e-07, 2.85527164579e-07, 4.20026339043e-07, 2.1731962363e-07, 1.51971264017e-07, 1.19437245871e-07, 1.00988359009e-07],
        "mean": [0.000108425141661, 0.000180070695933, 0.000462376483483, 0.000945590203628, 0.000985218212008, 0.00137605157215, 0.00100041204132, 0.000285404094029, 0.000354271120159, 0.00040042650653, 7.21548058209e-05, 4.9333939387e-05, 3.32218805852e-05, 1.9042268832e-05, 2.44756647589e-05, 1.54622539412e-05, 6.9439724939e-06, 5.41485360372e-06, 4.43007638751e-06, 2.72021407e-06, 1.4236552488e-06, 1.1307878367e-06, 7.57396890094e-07, 4.02212890549e-07, 2.55358600043e-07, 1.91142532913e-07, 1.23313597555e-07, 9.80931957884e-08, 9.73261933268e-08, 6.25066718385e-08, 4.57235493911e-08, 3.50843905039e-08, 2.98739166738e-08, 2.67975366341e-08, 3.10293621908e-08, 4.16707166551e-08, 3.57419445152e-08, 1.98419733977e-08, 1.2446127684e-08, 9.2964649312e-09],
        "min": [1.3591184711e-07, 1.77778235866e-06, 7.70722544985e-06, 1.23608351714e-05, 6.78243259244e-06, 5.10260906594e-06, 2.22407334149e-06, 2.19418339498e-07, 9.67153965803e-08, 2.52431789249e-07, 1.45203699731e-07, 4.54380497672e-08, 7.74626585098e-08, 4.18721342044e-08, 1.78967471953e-08, 1.49886645318e-08, 4.99021446387e-08, 4.23815080808e-08, 2.97067188626e-08, 2.607184868e-08, 1.39552636114e-08, 5.8840221584e-09, 6.1194849188e-09, 2.72899569609e-09, 5.42536815473e-09, 2.48671971903e-09, 1.43046885448e-09, 1.71551794992e-09, 2.60776555905e-09, 9.93543025629e-10, 1.64944047309e-09, 2.39047692752e-09, 1.27878074796e-09, 1.23860854906e-09, 2.19527152012e-09, 2.13139506045e-09, 1.00223929156e-09, 8.90472140469e-10, 5.52888290706e-10, 4.18286599801e-10],
        "stdev": [6.51034642942e-05, 0.000125757287606, 0.00039340404328, 0.000938981189393, 0.00121550238691, 0.00268809986301, 0.00158534001093, 0.000338719779393, 0.00110469840001, 0.00170855619945, 0.000125597653096, 0.000163111340953, 8.48602285259e-05, 4.30666550528e-05, 5.84490080655e-05, 3.17788180837e-05, 9.07188314159e-06, 7.72609746491e-06, 8.07819287729e-06, 5.13204895469e-06, 2.48922879109e-06, 2.66770894086e-06, 2.63662855104e-06, 7.50792992221e-07, 2.95042724474e-07, 1.48930539012e-07, 7.80047955118e-08, 5.27957482177e-08, 1.02848730421e-07, 5.82768855395e-08, 2.89269728171e-08, 1.85148962828e-08, 1.54988448742e-08, 1.33560380533e-08, 2.53868197575e-08, 1.78223018565e-08, 1.80542709671e-08, 1.25078676305e-08, 6.56326815118e-09, 5.3910036435e-09]
    },
    "melbands128": {
        "max": [7.480916247e-05, 0.00034717968083, 0.000571887358092, 0.000743131095078, 0.00124679249711, 0.00443382468075, 0.00614609196782, 0.00414851401001, 0.00967084802687, 0.0173146035522, 0.0175619833171, 0.019977748394, 0.0357855781913, 0.0293376091868, 0.0431945808232, 0.0526399165392, 0.0328941009939, 0.0257972907275, 0.00731536233798, 0.00663625821471, 0.0035454032477, 0.00707050319761, 0.0104279741645, 0.0441957004368, 0.0436596758664, 0.0041438639164, 0.00342712877318, 0.00240730703808, 0.00124444835819, 0.00747305108234, 0.00232930853963, 0.00192087888718, 0.00176119047683, 0.00130309129599, 0.00163663516287, 0.00037801390863, 0.000520724337548, 0.00165455159731, 0.00154978875071, 0.000601503474172, 0.000148386054207, 0.000411694083596, 0.000185384124052, 0.000157891816343, 0.000325141067151, 8.28187476145e-05, 0.000233354367083, 0.00019389357476, 0.000106933432107, 0.000158561364515, 0.000118595540698, 6.78297074046e-05, 5.60006665182e-05, 4.36459013144e-05, 5.4971431382e-05, 6.64181716274e-05, 6.51886584819e-05, 0.000121422461234, 8.90860828804e-05, 5.23515045643e-05, 1.06433008114e-05, 8.1120433606e-06, 7.20917796571e-06, 7.9361598182e-06, 3.91319690607e-06, 3.00821375276e-06, 2.6090983738e-06, 1.71305111962e-06, 1.05347635326e-06, 1.09886116206e-06, 7.79730214617e-07, 8.83651807726e-07, 1.01765772342e-06, 1.57114425292e-06, 3.67751590602e-06, 9.61415707934e-07, 5.40294820439e-07, 4.01978041964e-07, 5.18717001796e-07, 3.88792585682e-07, 3.57097690085e-07, 3.29653772724e-07, 4.71887318554e-07, 3.13968030241e-07, 2.40193230638e-07, 2.62206697244e-07, 2.79156978422e-07, 2.30434508808e-07, 3.62787233144e-07, 4.72244181537e-07, 5.5404387922e-07, 4.19990612954e-07, 2.61374395905e-07, 2.07251119377e-07, 5.85911493545e-07, 2.04960343808e-07, 1.2582908937e-07, 1.32776349915e-07, 1.24939802504e-07, 1.18239213975e-07, 9.06906265641e-08, 1.04860170325e-07, 1.00455558538e-07, 1.61340196314e-07, 2.00737162004e-07, 2.82985922695e-07, 3.02477729974e-07, 1.92268515775e-07, 1.31240881274e-07, 6.95057664757e-08, 7.66285879195e-08, 6.27549141541e-08, 5.79092045427e-08, 6.0525309209e-08, 1.3898856821e-07, 7.50411004447e-07, 1.24692576264e-06, 8.1652252959e-08, 6.52584262184e-08, 5.99424510028e-08, 5.6602164733e-08, 5.42391553893e-08, 5.2487166613e-08, 5.10857063318e-08, 5.01123018637e-08, 4.92396914353e-08, 4.86509712516e-08, 4.83593396439e-08],
        "mean": [1.60766394401e-05, 7.70525439293e-05, 0.000148145190906, 0.000167504316778, 0.000144513760461, 0.00019207537116, 0.000349415146047, 0.000453181099147, 0.000736281624995, 0.00109551416244, 0.0010024686344, 0.000849664560519, 0.000872649892699, 0.00127077265643, 0.00158002832904, 0.00142831285484, 0.000947133870795, 0.00128164538182, 0.000526356627233, 0.000280765787465, 0.000181769981282, 0.000183721203939, 0.00020337208116, 0.000741950643715, 0.000715310685337, 0.000115285722131, 0.000109038781375, 6.77285206621e-05, 3.37181991199e-05, 7.74862273829e-05, 3.18167221849e-05, 4.20266987931e-05, 4.33349086961e-05, 1.5545203496e-05, 2.83876670437e-05, 1.53017681441e-05, 1.34036727104e-05, 1.78468817467e-05, 4.58165777673e-05, 1.85962417163e-05, 7.19808485883e-06, 1.00984807432e-05, 6.73385375194e-06, 5.45324837731e-06, 6.26367000223e-06, 4.97793689647e-06, 5.38978247278e-06, 4.43946464657e-06, 3.74291062144e-06, 4.50278503195e-06, 2.12142526834e-06, 1.71435283391e-06, 1.59764078944e-06, 1.22594246932e-06, 1.21963353195e-06, 1.19721494229e-06, 9.69203483692e-07, 9.00605812149e-07, 6.32639228115e-07, 5.59715431336e-07, 3.89980158388e-07, 3.07965194679e-07, 2.52832933256e-07, 2.68668912895e-07, 2.0463117778e-07, 2.00447587417e-07, 1.79551904012e-07, 1.2637892155e-07, 1.09914786606e-07, 1.21656142937e-07, 7.86619196447e-08, 9.95153826011e-08, 1.12826946008e-07, 8.77288570678e-08, 1.01879081171e-07, 5.58504034132e-08, 5.12634272809e-08, 5.09154034489e-08, 4.80406150416e-08, 3.78978306514e-08, 3.21055040331e-08, 3.73559707612e-08, 3.39799441917e-08, 2.75336304867e-08, 2.85390822086e-08, 2.59814356696e-08, 2.85498398256e-08, 2.33302746011e-08, 3.15702450848e-08, 3.48572157804e-08, 3.59440051056e-08, 4.37521237018e-08, 5.48602798744e-08, 3.23703659433e-08, 2.87833152868e-08, 2.18225988391e-08, 1.86293487303e-08, 1.58301656228e-08, 1.34166571186e-08, 1.01145962716e-08, 8.83617623515e-09, 8.98591512311e-09, 9.86374182332e-09, 1.31141817405e-08, 3.70159725094e-08, 1.47977516463e-07, 1.58180029075e-07, 1.91100753e-08, 1.14721245836e-08, 1.29477228938e-08, 7.561964388e-09, 4.378181373e-09, 2.91736301783e-09, 3.55582985279e-09, 4.29373088195e-08, 3.79540097128e-07, 6.01574981829e-07, 2.15145595783e-10, 3.65102323374e-11, 3.36871641693e-11, 3.19394267978e-11, 3.07139556843e-11, 2.97582479492e-11, 2.89901488232e-11, 2.84903142744e-11, 2.80288153798e-11, 2.77234398632e-11, 2.75516762183e-11],
        "min": [4.10782252658e-09, 9.20371423518e-09, 1.22139411474e-07, 4.98793440329e-07, 1.30669866394e-06, 2.37462973018e-06, 1.94531980924e-06, 2.49861795965e-06, 7.04885087544e-06, 9.29136331251e-06, 1.91548065231e-06, 8.62862520989e-07, 5.40254950465e-06, 3.56529244527e-06, 2.02086266654e-06, 3.77081960323e-06, 2.05509923035e-06, 1.47099808601e-06, 4.64412579504e-07, 1.88834633263e-07, 1.62512876045e-07, 4.64114577881e-08, 7.14296390925e-08, 1.50117870135e-07, 2.54888590234e-07, 3.09672941512e-07, 2.26738649189e-07, 1.34233872018e-07, 6.81902818656e-08, 4.74857948518e-08, 2.89841075585e-08, 5.50278649314e-08, 9.04755879105e-08, 9.10523070274e-08, 5.73405465332e-08, 2.87493957529e-08, 1.05518811466e-08, 1.80207884171e-08, 2.24998863985e-08, 1.60153454942e-08, 1.05502335757e-08, 1.55969281934e-08, 4.64711682469e-08, 6.76976412706e-08, 7.33095504302e-08, 2.71312874389e-08, 1.15034755055e-08, 2.79795031588e-08, 3.82404152788e-08, 2.74551172907e-08, 2.85681096557e-08, 8.39305780431e-09, 1.33343327491e-08, 1.96797156349e-08, 7.44604289338e-09, 4.55090942708e-09, 3.76058562068e-09, 4.52870407841e-09, 9.0895566629e-09, 5.27809973505e-09, 2.23634399887e-09, 1.94038299317e-10, 3.50558937434e-09, 9.50574730041e-09, 4.40804770463e-09, 1.55142654279e-09, 1.8514464406e-09, 1.05950770379e-09, 9.16244080607e-10, 2.48275178194e-09, 2.18018580966e-09, 5.31045929453e-10, 2.60191046486e-09, 4.24453050485e-09, 8.05982558472e-10, 6.14411466149e-10, 1.03699038245e-09, 1.89914128867e-09, 1.3635025331e-09, 1.86848381212e-09, 2.51999909828e-09, 3.37176553344e-09, 6.12404071898e-10, 1.31375343937e-09, 1.43034595279e-09, 7.44509842665e-10, 1.08425957102e-09, 2.32937935607e-09, 2.60039145772e-09, 1.94971327971e-09, 1.56109569716e-09, 2.84229573211e-09, 1.86307214101e-09, 6.77605138666e-10, 5.6740528942e-10, 9.65173052592e-10, 1.04381514543e-09, 7.74515562796e-10, 5.59009283307e-10, 3.83704179541e-10, 5.29174013636e-12, 2.15024900663e-10, 9.0311707765e-12, 5.94608251525e-10, 1.49903689461e-09, 3.73573261214e-09, 4.49344339515e-09, 1.08051134706e-09, 5.03681041319e-10, 2.97156743656e-10, 1.10121377295e-10, 1.64712677091e-12, 5.02455715923e-13, 1.4951160969e-12, 1.76851300271e-09, 1.46337333362e-08, 2.06519032986e-08, 4.75690285773e-11, 4.67663397157e-13, 4.38493615333e-13, 4.63857684901e-13, 2.58604552703e-13, 4.32156616265e-13, 4.27007170942e-13, 3.54975055426e-13, 4.47279827108e-13, 3.389697648e-13, 4.18570533052e-13],
        "stdev": [1.34587317007e-05, 6.50156216579e-05, 0.00010473747534, 0.000105964463728, 0.000113430913188, 0.000223780880333, 0.000406264793128, 0.000480232876725, 0.000820845365524, 0.00134000834078, 0.00133034470491, 0.00126897718292, 0.00176059978548, 0.00203626486473, 0.00365110835992, 0.004088497255, 0.00166137400083, 0.00260215741582, 0.000810784986243, 0.000523567432538, 0.000247445626883, 0.000330972980009, 0.000481024762848, 0.00339423306286, 0.00358866807073, 0.00027231691638, 0.000247055868385, 0.000166090030689, 7.51823972678e-05, 0.000353235402144, 0.000101877652924, 0.000127478211652, 0.000142496122862, 3.81607278541e-05, 9.95214650175e-05, 2.97568822134e-05, 3.02335429296e-05, 7.25339778e-05, 0.000144646881381, 4.84675838379e-05, 1.0868152458e-05, 2.07911252801e-05, 1.08879976324e-05, 8.82776203071e-06, 1.40650990943e-05, 7.07539038558e-06, 1.03250577013e-05, 1.13461801448e-05, 7.08559809937e-06, 1.02390376924e-05, 5.21630636285e-06, 3.76068965124e-06, 3.34761375598e-06, 2.20994934352e-06, 2.65693711299e-06, 3.43655187862e-06, 2.81738107333e-06, 3.51674407284e-06, 2.56883345173e-06, 1.92262177734e-06, 6.1050587874e-07, 4.02480708317e-07, 3.23338753105e-07, 4.75861810401e-07, 2.55190656162e-07, 1.7784833517e-07, 1.67756780911e-07, 1.1067036354e-07, 8.32347808455e-08, 8.75900028063e-08, 5.51116023928e-08, 7.45198818208e-08, 9.95619160449e-08, 1.14614408631e-07, 2.35016187844e-07, 4.88809597243e-08, 4.15881444837e-08, 3.14806882784e-08, 4.92281202469e-08, 2.5625130462e-08, 2.04140278015e-08, 2.33767298852e-08, 2.44326461285e-08, 1.76658918605e-08, 1.53745585152e-08, 1.840943753e-08, 1.7213924508e-08, 1.49779104675e-08, 3.3916709441e-08, 3.86378964379e-08, 2.65981583425e-08, 1.88107005528e-08, 1.91656610582e-08, 2.14394670905e-08, 3.97428081556e-08, 1.82528427928e-08, 9.2462038026e-09, 1.02307176064e-08, 7.93360932505e-09, 7.61303464714e-09, 5.98454930056e-09, 6.70608013564e-09, 6.39688835236e-09, 1.2328641219e-08, 1.67982410204e-08, 3.28525295856e-08, 3.45328139417e-08, 1.38797870974e-08, 9.55294954252e-09, 5.58829693631e-09, 4.35303393331e-09, 4.56399629201e-09, 3.79523301675e-09, 4.06323419355e-09, 1.79188219818e-08, 7.60130518529e-08, 1.26726376948e-07, 1.82377146718e-09, 1.45515866024e-09, 1.33660360557e-09, 1.26212329477e-09, 1.20943077775e-09, 1.17037302072e-09, 1.13912446142e-09, 1.11741282893e-09, 1.09793918401e-09, 1.08480868732e-09, 1.07830833151e-09]
    },
    "mfcc": {
        "mean": [-730.916381836, 195.551696777, 17.8159275055, 2.18509411812, -3.15206122398, -6.87504482269, -16.2485771179, -9.7369146347, -11.7970294952, 0.0595822222531, -7.79582643509, 0.803023099899, -6.21049261093],
        "cov": [[828.022521973, 228.401031494, -232.071334839, -195.461730957, -52.4441184998, -59.8118095398, -67.3619155884, -64.0708084106, -13.0343036652, -12.3052883148, 11.1221809387, 32.9213180542, -3.49550032616], [228.401031494, 120.825401306, -31.5715255737, -56.3861846924, -28.1020641327, -17.5313816071, -12.5129823685, -22.4416313171, -11.6904792786, -3.99276566505, -8.28297138214, 5.03462696075, -0.442524254322], [-232.071334839, -31.5715255737, 143.306365967, 76.0309448242, -13.3734922409, 2.48593401909, 23.3443031311, 7.20695352554, -9.78679275513, 6.99534320831, -14.6531906128, -7.49131727219, -6.57820034027], [-195.461730957, -56.3861846924, 76.0309448242, 109.845237732, 38.0583534241, -3.71268153191, 1.66727006435, 11.8223981857, -4.63181591034, 4.77577590942, -10.5719642639, -16.1747512817, -5.0701789856], [-52.4441184998, -28.1020641327, -13.3734922409, 38.0583534241, 67.2767410278, 20.7803440094, -5.45495653152, 6.43670272827, 5.54248189926, -6.03910207748, 0.936642706394, -12.68405056, 3.98823237419], [-59.8118095398, -17.5313816071, 2.48593401909, -3.71268153191, 20.7803440094, 52.1163864136, 25.2404632568, 7.07296037674, 1.36414051056, -8.46224212646, 2.98147034645, -2.35773348808, 4.79742860794], [-67.3619155884, -12.5129823685, 23.3443031311, 1.66727006435, -5.45495653152, 25.2404632568, 49.185295105, 21.1620845795, -1.12546312809, -6.67380285263, 0.308824539185, 1.62105798721, 1.14986288548], [-64.0708084106, -22.4416313171, 7.20695352554, 11.8223981857, 6.43670272827, 7.07296037674, 21.1620845795, 42.1888923645, 19.8573703766, -0.960019767284, -0.715010344982, -4.11703872681, -3.24012923241], [-13.0343036652, -11.6904792786, -9.78679275513, -4.63181591034, 5.54248189926, 1.36414051056, -1.12546312809, 19.8573703766, 40.6059341431, 15.2767629623, 3.72589063644, -5.6013584137, -6.48304462433], [-12.3052883148, -3.99276566505, 6.99534320831, 4.77577590942, -6.03910207748, -8.46224212646, -6.67380285263, -0.960019767284, 15.2767629623, 40.1543197632, 13.606801033, -1.75560486317, -11.1345872879], [11.1221809387, -8.28297138214, -14.6531906128, -10.5719642639, 0.936642706394, 2.98147034645, 0.308824539185, -0.715010344982, 3.72589063644, 13.606801033, 38.3318061829, 18.1867637634, -2.26217079163], [32.9213180542, 5.03462696075, -7.49131727219, -16.1747512817, -12.68405056, -2.35773348808, 1.62105798721, -4.11703872681, -5.6013584137, -1.75560486317, 18.1867637634, 39.3650741577, 14.1146478653], [-3.49550032616, -0.442524254322, -6.57820034027, -5.0701789856, 3.98823237419, 4.79742860794, 1.14986288548, -3.24012923241, -6.48304462433, -11.1345872879, -2.26217079163, 14.1146478653, 39.3366889954]],
        "icov": [[0.00740889878944, -0.00944527983665, 0.0090092625469, 0.00120751000941, 0.000641545280814, 0.00387792824768, 5.63267894904e-05, 0.00386950490065, -0.00069132738281, 0.00146427319851, 0.000846812617965, -0.00367292622104, 0.00366058130749], [-0.00944527983665, 0.0258427318186, -0.013201133348, 0.00840203370899, -0.00407346663997, 0.000879129976965, -0.0010158928344, -0.00168038101401, 0.00444873142987, -0.00352094741538, 0.00462255161256, 0.00345339160413, -0.00271292147227], [0.0090092625469, -0.013201133348, 0.0316916555166, -0.0202271677554, 0.0180948004127, -0.00372482975945, -0.00510596483946, 0.00853807199746, -0.00273578846827, 0.000334063457558, 0.00405781483278, -0.00531448377296, 0.00460086157545], [0.00120751000941, 0.00840203370899, -0.0202271677554, 0.0433583296835, -0.0313466154039, 0.0190559327602, 0.000880359846633, -0.00701149646193, 0.012534674257, -0.00731598306447, 0.00673024635762, -0.000676114461385, 0.00328327645548], [0.000641545280814, -0.00407346663997, 0.0180948004127, -0.0313466154039, 0.047336038202, -0.02490523085, 0.0113394744694, -0.000147995699081, -0.00753937521949, 0.00901243183762, -0.00947654247284, 0.00961094815284, -0.00579376006499], [0.00387792824768, 0.000879129976965, -0.00372482975945, 0.0190559327602, -0.02490523085, 0.0462526716292, -0.024331567809, 0.0113090071827, -0.00257565500215, 0.00346129271202, -0.000837682746351, 0.0004962819512, 0.00104369153269], [5.63267894904e-05, -0.0010158928344, -0.00510596483946, 0.000880359846633, 0.0113394744694, -0.024331567809, 0.0487781353295, -0.0280921310186, 0.0129068307579, 0.000593141303398, -0.00277714990079, 6.8756955443e-05, -0.000558152445592], [0.00386950490065, -0.00168038101401, 0.00853807199746, -0.00701149646193, -0.000147995699081, 0.0113090071827, -0.0280921310186, 0.0563406534493, -0.0308791659772, 0.0121472198516, 8.0313104263e-05, -0.00191778142471, 0.00398866273463], [-0.00069132738281, 0.00444873142987, -0.00273578846827, 0.012534674257, -0.00753937521949, -0.00257565500215, 0.0129068307579, -0.0308791659772, 0.0512230172753, -0.0219408906996, 0.00536237517372, 0.0016821656609, 0.00124072749168], [0.00146427319851, -0.00352094741538, 0.000334063457558, -0.00731598306447, 0.00901243183762, 0.00346129271202, 0.000593141303398, 0.0121472198516, -0.0219408906996, 0.0450661480427, -0.0205493364483, 0.00755230616778, 0.00409940304235], [0.000846812617965, 0.00462255161256, 0.00405781483278, 0.00673024635762, -0.00947654247284, -0.000837682746351, -0.00277714990079, 8.0313104263e-05, 0.00536237517372, -0.0205493364483, 0.0516526773572, -0.028770191595, 0.01118481718], [-0.00367292622104, 0.00345339160413, -0.00531448377296, -0.000676114461385, 0.00961094815284, 0.0004962819512, 6.8756955443e-05, -0.00191778142471, 0.0016821656609, 0.00755230616778, -0.028770191595, 0.0506620518863, -0.019876241684], [0.00366058130749, -0.00271292147227, 0.00460086157545, 0.00328327645548, -0.00579376006499, 0.00104369153269, -0.000558152445592, 0.00398866273463, 0.00124072749168, 0.00409940304235, 0.01118481718, -0.019876241684, 0.0368538796902]]
    },
    "spectral_contrast_coeffs": {
        "max": [-0.437106281519, -0.451439797878, -0.566366732121, -0.670183718204, -0.655311524868, -0.755029022694],
        "mean": [-0.648446857929, -0.742843389511, -0.787594854832, -0.836606502533, -0.845280885696, -0.820072233677],
        "min": [-0.891326665878, -0.912113428116, -0.927063167095, -0.90671980381, -0.896402418613, -0.853368639946],
        "stdev": [0.0642728284001, 0.0763565227389, 0.052030749619, 0.0351981669664, 0.022615659982, 0.0122273992747]
    },
    "spectral_contrast_valleys": {
        "max": [-5.50974941254, -4.66772842407, -5.61131334305, -6.20007419586, -7.42830276489, -9.93336296082],
        "mean": [-6.76470184326, -6.07766342163, -7.49222373962, -8.08992767334, -8.9000749588, -11.5519790649],
        "min": [-8.06078147888, -9.0923614502, -9.53734779358, -10.372004509, -11.0785722733, -13.2865486145],
        "stdev": [0.324116706848, 0.487056225538, 0.433926314116, 0.421150624752, 0.221542552114, 0.189366102219]
    }
},
"rhythm": {
    "beats_count": 116,
    "beats_loudness": {
        "max": 0.186361119151,
        "mean": 0.0261580962688,
        "min": 0.00294512230903,
        "stdev": 0.024918589741
    },
    "bpm": 152.204589844,
    "bpm_histogram_first_peak_bpm": 152,
    "bpm_histogram_first_peak_weight": 0.448979616165,
    "bpm_histogram_second_peak_bpm": 157,
    "bpm_histogram_second_peak_spread": 0.333333313465,
    "bpm_histogram_second_peak_weight": 0.208695650101,
    "danceability": 1.01243686676,
    "onset_rate": 1.11471045017,
    "beats_loudness_band_ratio": {
        "max": [0.497493982315, 0.958443641663, 0.857067942619, 0.28104236722, 0.0921527966857, 0.012098159641],
        "mean": [0.165641769767, 0.526702284813, 0.330092817545, 0.0517990514636, 0.00869351066649, 0.00301670702174],
        "min": [0.0134517950937, 0.043752707541, 0.0234014820307, 0.00187037384603, 0.000423717749072, 0.00043210858712],
        "stdev": [0.114606097341, 0.218138068914, 0.19503569603, 0.0521271377802, 0.00971583276987, 0.0021912951488]
    },
