{
"metadata": {
    "version": {
        "essentia": "2.1-beta5",
        "essentia_git_sha": "Undefined",
        "extractor": "music 2.0"
    },
    "audio_properties": {
        "analysis": {
            "equal_loudness": 0,
            "length": 32.4963264465,
            "sample_rate": 44100,
            "start_time": 0,
            "downmix": "mix"
        },
        "bit_rate": 192000,
        "length": 240.848999023,
        "lossless": 0,
        "number_channels": 2,
        "replay_gain": -11.4283390045,
        "sample_rate": 48000,
        "codec": "mp3",
        "md5_encoded": "c1a8723bc88f881e72fc10fffa9537c3"
    },
    "tags": {
        "file_name": "Portugal_Portugal No Coração_Os Amigos.mp3",
        "encoding": ["Lavf58.29.100"]
    }
},
"lowlevel": {
    "average_loudness": 0.726063787937,
    "barkbands_crest": {
        "max": 22.0095539093,
        "mean": 9.89285755157,
        "min": 2.91312408447,
        "stdev": 3.61556363106
    },
    "barkbands_flatness_db": {
        "max": 0.369025170803,
        "mean": 0.194682717323,
        "min": 0.0385468192399,
        "stdev": 0.0689935237169
    },
    "barkbands_kurtosis": {
        "max": 57.2573509216,
        "mean": 4.92487573624,
        "min": -1.70884275436,
        "stdev": 7.33417844772
    },
    "barkbands_skewness": {
        "max": 5.58392381668,
        "mean": 1.54579472542,
        "min": -1.79924464226,
        "stdev": 1.14991044998
    },
    "barkbands_spread": {
        "max": 45.7988204956,
        "mean": 11.2177696228,
        "min": 1.10622644424,
        "stdev": 7.34571218491
    },
    "dissonance": {
        "max": 0.5,
        "mean": 0.45435449481,
        "min": 0.200156673789,
        "stdev": 0.0396314375103
    },
    "dynamic_complexity": 8.74372196198,
    "erbbands_crest": {
        "max": 26.3906612396,
        "mean": 9.99377918243,
        "min": 3.04910707474,
        "stdev": 3.85982894897
    },
    "erbbands_flatness_db": {
        "max": 0.398997753859,
        "mean": 0.235453128815,
        "min": 0.0949954912066,
        "stdev": 0.0679360628128
    },
    "erbbands_kurtosis": {
        "max": 20.7409439087,
        "mean": 0.731063127518,
        "min": -1.74873256683,
        "stdev": 2.32173252106
    },
    "erbbands_skewness": {
        "max": 3.9135093689,
        "mean": 0.59105604887,
        "min": -3.56619668007,
        "stdev": 0.883641242981
    },
    "erbbands_spread": {
        "max": 65.6137008667,
        "mean": 22.9082336426,
        "min": 3.8334581852,
        "stdev": 10.4747257233
    },
    "hfc": {
        "max": 76.5277252197,
        "mean": 6.35291528702,
        "min": 1.240942443e-16,
        "stdev": 12.5958957672
    },
    "loudness_ebu128": {
        "integrated": -15.5284509659,
        "loudness_range": 5.21720123291,
        "momentary": {
            "max": -9.27966880798,
            "mean": -20.2472610474,
            "min": -36.1105575562,
            "stdev": 6.85074520111
        },
        "short_term": {
            "max": -13.3554515839,
            "mean": -16.9155349731,
            "min": -25.4277667999,
            "stdev": 1.97258973122
        }
    },
    "melbands_crest": {
        "max": 26.1704292297,
        "mean": 11.6557292938,
        "min": 2.13852071762,
        "stdev": 4.0798830986
    },
    "melbands_flatness_db": {
        "max": 0.44765779376,
        "mean": 0.260745644569,
        "min": 0.0051239579916,
        "stdev": 0.0798147618771
    },
    "melbands_kurtosis": {
        "max": 66.5739898682,
        "mean": 8.36402511597,
        "min": -1.85241055489,
        "stdev": 9.78327274323
    },
    "melbands_skewness": {
        "max": 6.82998275757,
        "mean": 1.99402201176,
        "min": -0.995340943336,
        "stdev": 1.17250359058
    },
    "melbands_spread": {
        "max": 123.313407898,
        "mean": 14.8737592697,
        "min": 1.6589012146,
        "stdev": 12.2559967041
    },
    "pitch_salience": {
        "max": 0.952361106873,
        "mean": 0.723135054111,
        "min": 0.284379959106,
        "stdev": 0.0912916585803
    },
    "silence_rate_20dB": {
        "max": 1,
        "mean": 1,
        "min": 1,
        "stdev": 0
    },
    "silence_rate_30dB": {
        "max": 1,
        "mean": 0.998572468758,
        "min": 0,
        "stdev": 0.0377559475601
    },
    "silence_rate_60dB": {
        "max": 1,
        "mean": 0.591006398201,
        "min": 0,
        "stdev": 0.491646230221
    },
    "spectral_centroid": {
        "max": 11496.4208984,
        "mean": 810.812744141,
        "min": 236.246948242,
        "stdev": 503.732421875
    },
    "spectral_complexity": {
        "max": 31,
        "mean": 6.51748752594,
        "min": 0,
        "stdev": 7.04100561142
    },
    "spectral_decrease": {
        "max": 9.56434504864e-29,
        "mean": -2.80437140177e-09,
        "min": -3.0615002089e-08,
        "stdev": 5.31111155055e-09
    },
    "spectral_energy": {
        "max": 0.120804697275,
        "mean": 0.0111605701968,
        "min": 1.08947360712e-20,
        "stdev": 0.021160857752
    },
    "spectral_energyband_high": {
        "max": 8.36835606606e-05,
        "mean": 2.08179039873e-06,
        "min": 7.65900988668e-21,
        "stdev": 3.84835220757e-06
    },
    "spectral_energyband_low": {
        "max": 0.0307911224663,
        "mean": 0.00023298470478,
        "min": 5.18839150064e-23,
        "stdev": 0.000886803900357
    },
    "spectral_energyband_middle_high": {
        "max": 0.0467069074512,
        "mean": 0.00208780635148,
        "min": 1.61410069276e-21,
        "stdev": 0.00490545947105
    },
    "spectral_energyband_middle_low": {
        "max": 0.112485736609,
        "mean": 0.00896534882486,
        "min": 3.14249898141e-22,
        "stdev": 0.017194179818
    },
    "spectral_entropy": {
        "max": 9.79696273804,
        "mean": 6.95045804977,
        "min": 5.41089391708,
        "stdev": 0.546727597713
    },
    "spectral_flux": {
        "max": 0.303544998169,
        "mean": 0.0474625602365,
        "min": 1.04377853583e-10,
        "stdev": 0.0536644756794
    },
    "spectral_kurtosis": {
        "max": 103.787719727,
        "mean": 19.6646099091,
        "min": -1.21465480328,
        "stdev": 16.9070682526
    },
    "spectral_rms": {
        "max": 0.010856253095,
        "mean": 0.00222043716349,
        "min": 3.26021631566e-12,
        "stdev": 0.00244090240449
    },
    "spectral_rolloff": {
        "max": 18949.21875,
        "mean": 1036.13220215,
        "min": 150.732421875,
        "stdev": 813.967773438
    },
    "spectral_skewness": {
        "max": 7.94823455811,
        "mean": 3.01453232765,
        "min": -0.0331360697746,
        "stdev": 1.18564593792
    },
    "spectral_spread": {
        "max": 40611484,
        "mean": 2658762.5,
        "min": 740692.75,
        "stdev": 1561075.75
    },
    "spectral_strongpeak": {
        "max": 5.13806581497,
        "mean": 0.585795879364,
        "min": 0,
        "stdev": 0.867665827274
    },
    "zerocrossingrate": {
        "max": 0.56640625,
        "mean": 0.0398452840745,
        "min": 0.00830078125,
        "stdev": 0.0243799611926
    },
    "barkbands": {
        "max": [0.00163445807993, 0.00153602962382, 0.0135025745258, 0.0266303084791, 0.0254478063434, 0.0499884299934, 0.0857453718781, 0.0498788654804, 0.0312868431211, 0.0204389952123, 0.0300047434866, 0.0196136813611, 0.019285377115, 0.0129635045305, 0.00327787734568, 0.00441924948245, 0.00149954471271, 0.000821433612145, 0.00114415900316, 5.58385036129e-05, 3.60588783224e-05, 7.65905770095e-06, 5.70798238186e-06, 4.21283039032e-06, 1.87568684851e-06, 6.86065391164e-07, 2.27633023542e-08],
        "mean": [2.97283058899e-05, 6.43831881462e-05, 7.44979115552e-05, 0.000179806243978, 0.000987466541119, 0.00269462587312, 0.00319615914486, 0.00104763277341, 0.000712391163688, 0.00055330642499, 0.00058958347654, 0.000357218901627, 0.000238323598751, 0.000154049383127, 0.000110418266559, 0.00010260642739, 3.76841489924e-05, 1.6238886019e-05, 1.2014495951e-05, 7.14455438811e-07, 4.57914268281e-07, 3.25403760826e-07, 2.93408874086e-07, 3.1149050983e-07, 2.41112473987e-07, 1.01494457283e-07, 4.10937506246e-10],
        "min": [4.00239308772e-23, 1.94524043104e-23, 6.23158542155e-24, 2.20647266644e-23, 4.07522672183e-23, 3.56530797933e-23, 4.63057059961e-23, 5.52152903863e-23, 1.09764340407e-22, 5.9353604208e-23, 1.79948133941e-22, 7.40548917684e-23, 1.25381577519e-22, 1.54719806834e-22, 8.30005113247e-23, 1.85478692597e-22, 2.3587743811e-22, 1.51430206372e-22, 1.76385145844e-22, 2.79907210974e-22, 3.20469555197e-22, 6.03710934119e-22, 4.70638656971e-22, 7.91076228591e-22, 1.27220368113e-21, 1.96297148722e-21, 2.36093159382e-21],
        "stdev": [0.000108567612187, 0.000145860074554, 0.00038837295142, 0.000762598239817, 0.00195684819482, 0.00566754117608, 0.00907500647008, 0.00392162613571, 0.00222530309111, 0.00179784488864, 0.00220366730355, 0.00134874531068, 0.00107661180664, 0.000713755085599, 0.000299231265672, 0.000282930239337, 0.000104449638457, 5.32532212674e-05, 5.24360402778e-05, 2.53868370237e-06, 1.56299984155e-06, 4.64352950758e-07, 3.84558319411e-07, 2.63081801677e-07, 1.22186108342e-07, 4.80804622782e-08, 1.30278143828e-09]
    },
    "erbbands": {
        "max": [0.0796903818846, 0.388724088669, 10.000002861, 65.5837173462, 47.8097381592, 111.021911621, 371.27911377, 629.703979492, 1511.19396973, 1026.95117188, 1159.04528809, 596.904724121, 669.004699707, 831.693115234, 1212.80493164, 418.95098877, 941.966369629, 533.391540527, 363.415618896, 298.913208008, 258.820831299, 50.2771873474, 43.9916038513, 53.8323936462, 25.5307693481, 2.43246245384, 2.4648001194, 0.656002521515, 0.333672970533, 0.22401830554, 0.2095028162, 0.0916215181351, 0.066939689219, 0.0283020213246, 0.00873260293156, 0.00463498663157, 0.0010032748105, 2.69419106189e-05, 5.88692091696e-05, 0.000136013899464],
        "mean": [0.00155233975966, 0.0161704402417, 0.0765736028552, 0.378503799438, 1.34344649315, 3.80938529968, 10.8062562943, 25.6925106049, 45.0696029663, 37.3400230408, 18.8716487885, 15.9303102493, 15.4849567413, 22.8413925171, 22.3927230835, 12.5145235062, 11.2198638916, 8.89326095581, 5.7943983078, 7.02863168716, 4.50599384308, 2.03504514694, 0.95320135355, 0.824850261211, 0.304538190365, 0.0418159216642, 0.0227835960686, 0.0157926529646, 0.0121575724334, 0.00964439846575, 0.00831592082977, 0.0071904733777, 0.00480139162391, 0.00311485584825, 0.00152837205678, 0.00081858568592, 8.33523008623e-05, 2.8283498068e-06, 5.61086562811e-06, 1.27152079585e-05],
        "min": [1.44900455036e-21, 1.41679428675e-21, 8.02713353204e-21, 3.14973348972e-20, 1.15198135188e-19, 1.43615227198e-19, 1.48281172088e-19, 3.78935341869e-19, 4.90820179264e-19, 9.1686932483e-19, 1.42064909785e-18, 2.8990374704e-18, 1.19788946228e-18, 4.87408235013e-18, 6.01809671194e-18, 4.01804430114e-18, 6.36085306082e-18, 8.51404927664e-18, 4.68061928051e-18, 5.93120221577e-18, 1.15287809838e-17, 1.18967225008e-17, 1.02410369595e-17, 7.7158464553e-18, 1.21743003261e-17, 1.26648978387e-17, 1.34369253567e-17, 1.23143990793e-17, 1.9970054083e-17, 1.68161235951e-17, 1.52105792611e-17, 1.67737570585e-17, 1.29770021828e-17, 1.21607337369e-17, 9.88594486617e-18, 6.71547614277e-18, 4.05156455469e-18, 1.18050326318e-18, 3.75517302331e-19, 3.46358940169e-20],
        "stdev": [0.00414239335805, 0.0364337712526, 0.302648246288, 1.82280349731, 3.03362751007, 8.20422840118, 24.6136837006, 59.6888504028, 133.420211792, 106.707443237, 66.2324981689, 49.1191711426, 46.3256912231, 73.633354187, 89.0924377441, 39.0579071045, 49.1879425049, 37.7790527344, 20.661699295, 19.1681442261, 12.4501934052, 5.20597839355, 2.70403814316, 3.1993637085, 1.23541617393, 0.130734488368, 0.0988509505987, 0.0383304841816, 0.0191282127053, 0.0133046424016, 0.0112349931151, 0.00622858479619, 0.00420057913288, 0.00183280312922, 0.000731447013095, 0.000354271731339, 4.94330670335e-05, 2.45678029387e-06, 1.04651990114e-05, 2.41079069383e-05]
    },
    "gfcc": {
        "mean": [-184.110931396, 144.569503784, -130.770050049, -3.98101186752, -59.8030052185, -1.38713049889, -64.1956787109, 4.23221540451, -20.7039756775, -3.88206672668, -8.58028697968, -1.02666497231, -3.12436461449],
        "cov": [[5647.84863281, 2222.78613281, -600.943237305, -1389.70227051, 247.979019165, -720.41998291, 184.892944336, -334.775756836, 407.089233398, -388.056488037, 372.036407471, -130.140258789, 290.618377686], [2222.78613281, 1237.47729492, -59.2903671265, -768.913757324, 107.394721985, -343.738372803, 125.467781067, -217.655487061, 188.004180908, -217.750091553, 173.962615967, -55.8867225647, 192.817214966], [-600.943237305, -59.2903671265, 408.237335205, 150.25541687, -116.973518372, 36.91355896, -35.833442688, -59.4089355469, -65.0132446289, 1.73578906059, -74.1743621826, 18.160194397, 32.3818206787], [-1389.70227051, -768.913757324, 150.25541687, 679.771911621, -0.0934628322721, 174.40020752, -175.245361328, 100.937767029, -141.547134399, 106.482704163, -125.555343628, 41.790561676, -115.589118958], [247.979019165, 107.394721985, -116.973518372, -0.0934628322721, 228.201904297, -65.6528015137, -93.2913131714, -34.8847122192, 42.7767028809, -14.3842029572, 43.1411590576, -8.05780315399, -6.72665786743], [-720.41998291, -343.738372803, 36.91355896, 174.40020752, -65.6528015137, 268.14453125, 50.5944519043, 76.9233703613, -57.8337059021, 108.828536987, -67.0563659668, 5.71079778671, -64.4940032959], [184.892944336, 125.467781067, -35.833442688, -175.245361328, -93.2913131714, 50.5944519043, 237.34664917, 85.6588439941, 23.8159790039, -18.0722522736, 19.0421447754, -7.00358724594, 11.2393503189], [-334.775756836, -217.655487061, -59.4089355469, 100.937767029, -34.8847122192, 76.9233703613, 85.6588439941, 178.493225098, -4.41192722321, 16.7634716034, -35.0054702759, 18.0821781158, -43.6484603882], [407.089233398, 188.004180908, -65.0132446289, -141.547134399, 42.7767028809, -57.8337059021, 23.8159790039, -4.41192722321, 107.050415039, 1.19375348091, 33.4452590942, -21.9385433197, 30.6484966278], [-388.056488037, -217.750091553, 1.73578906059, 106.482704163, -14.3842029572, 108.828536987, -18.0722522736, 16.7634716034, 1.19375348091, 143.46546936, 1.82252156734, -10.4474439621, -52.1710166931], [372.036407471, 173.962615967, -74.1743621826, -125.555343628, 43.1411590576, -67.0563659668, 19.0421447754, -35.0054702759, 33.4452590942, 1.82252156734, 107.570388794, 7.49512147903, 9.12629127502], [-130.140258789, -55.8867225647, 18.160194397, 41.790561676, -8.05780315399, 5.71079778671, -7.00358724594, 18.0821781158, -21.9385433197, -10.4474439621, 7.49512147903, 60.4247932434, 11.7360954285], [290.618377686, 192.817214966, 32.3818206787, -115.589118958, -6.72665786743, -64.4940032959, 11.2393503189, -43.6484603882, 30.6484966278, -52.1710166931, 9.12629127502, 11.7360954285, 87.9806747437]],
        "icov": [[0.00146575598046, -0.00410241493955, 0.00303774466738, -0.0020622946322, 0.00216118176468, 0.000553077901714, 0.000434318761108, 0.000360948703019, -0.000480337446788, -0.000741952972021, 0.000907237408683, -0.000500083202496, 0.000715812260751], [-0.00410241493955, 0.0201444830745, -0.0116992816329, 0.0115167526528, -0.00967391766608, -0.000820309680421, -0.0033019783441, 0.00246087647974, -0.00271571590565, 0.00886155106127, -0.00755207519978, 0.005390455015, -0.00459367828444], [0.00303774466738, -0.0116992816329, 0.0121221551672, -0.00828386005014, 0.00778242573142, 0.00141140259802, 0.0002121644211, 0.00304020079784, 0.00042957716505, -0.00430602161214, 0.00595968542621, -0.00360376643948, 0.000531005207449], [-0.0020622946322, 0.0115167526528, -0.00828386005014, 0.0128019740805, -0.00683247530833, -0.000623932632152, 0.00253041181713, -0.00310186995193, 0.00246553169563, 0.00292036938481, -0.00227649207227, 0.00200640712865, -0.000560138898436], [0.00216118176468, -0.00967391766608, 0.00778242573142, -0.00683247530833, 0.0131706232205, -0.00100320845377, 0.0050997370854, 0.000103693171695, -0.00365873216651, 1.54474582814e-05, -0.00026492588222, -0.00144773558713, 0.00339734461159], [0.000553077901714, -0.000820309680421, 0.00141140259802, -0.000623932632152, -0.00100320845377, 0.0115112476051, -0.00545283220708, 0.00143195129931, 0.00388505798765, -0.00883023999631, 0.0077104344964, -0.00319411139935, 0.00143694656435], [0.000434318761108, -0.0033019783441, 0.0002121644211, 0.00253041181713, 0.0050997370854, -0.00545283220708, 0.0148768769577, -0.0100539466366, 0.00141908670776, 0.00204683514312, -0.00508265569806, 0.00362856942229, -0.000684790022206], [0.000360948703019, 0.00246087647974, 0.00304020079784, -0.00310186995193, 0.000103693171695, 0.00143195129931, -0.0100539466366, 0.0186289735138, -0.00866301450878, 0.00403394689783, 0.00455366913229, -0.00668334029615, 0.00563339563087], [-0.000480337446788, -0.00271571590565, 0.00042957716505, 0.00246553169563, -0.00365873216651, 0.00388505798765, 0.00141908670776, -0.00866301450878, 0.0248616747558, -0.0122408187017, 0.00288913631812, 0.00465224962682, -0.00813099369407], [-0.000741952972021, 0.00886155106127, -0.00430602161214, 0.00292036938481, 1.54474582814e-05, -0.00883023999631, 0.00204683514312, 0.00403394689783, -0.0122408187017, 0.0246614236385, -0.0132202124223, 0.00659670960158, 0.00309895677492], [0.000907237408683, -0.00755207519978, 0.00595968542621, -0.00227649207227, -0.00026492588222, 0.0077104344964, -0.00508265569806, 0.00455366913229, 0.00288913631812, -0.0132202124223, 0.0268077310175, -0.0139121701941, 0.00713938567787], [-0.000500083202496, 0.005390455015, -0.00360376643948, 0.00200640712865, -0.00144773558713, -0.00319411139935, 0.00362856942229, -0.00668334029615, 0.00465224962682, 0.00659670960158, -0.0139121701941, 0.0296967104077, -0.0126578686759], [0.000715812260751, -0.00459367828444, 0.000531005207449, -0.000560138898436, 0.00339734461159, 0.00143694656435, -0.000684790022206, 0.00563339563087, -0.00813099369407, 0.00309895677492, 0.00713938567787, -0.0126578686759, 0.0279511418194]]
    },
    "melbands": {
        "max": [0.000569768191781, 0.00438238028437, 0.0104353129864, 0.00697023654357, 0.00962845794857, 0.0121802669019, 0.0205856245011, 0.0118306139484, 0.00796064082533, 0.00366390426643, 0.00324578606524, 0.00332337105647, 0.00440066726878, 0.0024372311309, 0.00115890754387, 0.00188226636965, 0.00111034628935, 0.000821011082735, 0.00026183357113, 0.000394609262003, 0.00032647443004, 6.85667328071e-05, 3.03380402329e-05, 4.39639406977e-05, 4.96835637023e-05, 4.41064148617e-05, 1.6387911046e-06, 1.72431566625e-06, 1.60639319802e-06, 1.09533868908e-06, 2.51309330679e-07, 2.05563424061e-07, 1.43340926684e-07, 1.27527741256e-07, 1.32176737111e-07, 1.02810318481e-07, 5.35111510658e-08, 5.9733459068e-08, 2.8595087187e-08, 2.34144241773e-08],
        "mean": [1.71875835804e-05, 3.6356595956e-05, 8.80231818883e-05, 0.000182853909791, 0.000332821073243, 0.000575371785089, 0.000689981272444, 0.000372906215489, 0.000139442185173, 9.83423014986e-05, 7.57341913413e-05, 9.0623361757e-05, 7.97877655714e-05, 4.55612826045e-05, 2.57242427324e-05, 2.27173495659e-05, 1.58258208103e-05, 9.4855649877e-06, 8.88179692993e-06, 8.65955917106e-06, 4.64357663077e-06, 2.33533455685e-06, 9.84119083114e-07, 7.56063116114e-07, 6.76535080402e-07, 4.13542238675e-07, 3.57734499801e-08, 2.09949906349e-08, 1.42889344801e-08, 1.16262128813e-08, 8.13901834817e-09, 6.87820156386e-09, 6.1020588582e-09, 5.05386621441e-09, 4.71934802349e-09, 4.68762673123e-09, 4.21233181669e-09, 3.50974427299e-09, 2.79671663606e-09, 2.51111975658e-09],
        "min": [1.08137344766e-23, 3.0091582407e-24, 9.10113322861e-24, 8.16663834509e-24, 6.2229107126e-24, 8.12177740313e-24, 8.34369028666e-24, 1.03634321615e-23, 1.22770935439e-23, 1.84965589065e-23, 4.72471278673e-24, 1.83432390564e-23, 2.16198091139e-23, 1.0859636715e-23, 1.42635297114e-23, 9.72955323634e-24, 1.73841766777e-23, 7.27625340795e-24, 5.5058625766e-24, 9.40573608994e-24, 1.41913820707e-23, 1.0582254288e-23, 1.40023000003e-23, 7.61924066321e-24, 5.76121724605e-24, 6.92831605051e-24, 1.25271088083e-23, 7.10010471212e-24, 7.63803921858e-24, 6.98940149471e-24, 8.05329717681e-24, 1.1759368865e-23, 1.08224995101e-23, 7.87450421922e-24, 8.59226035789e-24, 9.12714039493e-24, 1.12728980663e-23, 9.23020664992e-24, 1.066539155e-23, 9.62258448645e-24],
        "stdev": [3.98312986363e-05, 0.000131797394715, 0.00030428939499, 0.000408149557188, 0.000704142381437, 0.00126891036052, 0.00196194089949, 0.00109594780952, 0.000488165242132, 0.000298384547932, 0.00022862975311, 0.000294207246043, 0.000312296760967, 0.000175821987796, 8.99916776689e-05, 0.00011075414659, 7.08497027517e-05, 4.03343765356e-05, 2.42307396547e-05, 2.45104401984e-05, 1.48802500917e-05, 6.40644884697e-06, 2.48059131991e-06, 2.72707370641e-06, 2.79386335933e-06, 1.87989360256e-06, 1.13999206519e-07, 7.91846019865e-08, 6.52434408721e-08, 4.72947370156e-08, 1.58836908071e-08, 1.12339852976e-08, 8.65759819391e-09, 7.03391389578e-09, 6.6157919143e-09, 5.898142863e-09, 3.70080166512e-09, 3.61360430468e-09, 1.95023797112e-09, 1.52886825422e-09]
    },
    "melbands128": {
        "max": [0.000569295953028, 0.00075445859693, 0.000700126460288, 0.000774745014496, 0.00219835015014, 0.00830880366266, 0.0150557858869, 0.0113745704293, 0.0035863132216, 0.0123342005536, 0.00670470623299, 0.00678596738726, 0.0170671958476, 0.0136928707361, 0.0187912881374, 0.0188886485994, 0.0278777424246, 0.0328347608447, 0.0224514435977, 0.0172390863299, 0.0187823902816, 0.016823085025, 0.00925506744534, 0.00988367572427, 0.00635166093707, 0.00461658788845, 0.00552010349929, 0.00440992228687, 0.00311816553585, 0.00357997859828, 0.00549147790298, 0.00538969179615, 0.00700149079785, 0.00460221711546, 0.0061692991294, 0.0016513124574, 0.00150210561696, 0.00115786120296, 0.00152963795699, 0.00388499628752, 0.00204315991141, 0.00189406995196, 0.00097242067568, 0.00223597907461, 0.00133820448536, 0.00053939857753, 0.000341739621945, 0.00046950406977, 0.000294586177915, 0.00078623695299, 0.000453091983218, 0.000273009558441, 0.000580760999583, 0.000243006492383, 0.000158719019964, 6.35490869172e-05, 4.04627571697e-05, 4.26010301453e-05, 3.50343652826e-05, 5.72864155401e-05, 6.01367464697e-05, 9.21434257179e-05, 6.45794934826e-05, 8.16694591776e-05, 0.000146908612805, 3.88301014027e-05, 6.4245455178e-06, 2.61400555246e-06, 1.7257464151e-06, 1.08302981516e-06, 1.54837459831e-06, 2.61671698354e-06, 1.86743216091e-06, 1.17543368106e-06, 1.9209498987e-06, 1.63980428169e-06, 6.64149922613e-07, 4.37273399712e-07, 3.21247711099e-07, 1.43028501043e-07, 2.74433517689e-07, 2.23967077773e-07, 1.61696618761e-07, 1.94729736336e-07, 2.08537528579e-07, 1.46060415318e-07, 1.35455181294e-07, 1.19857176628e-07, 1.34045620825e-07, 2.4891846806e-07, 1.79108909037e-07, 1.16703965602e-07, 5.55249428658e-08, 6.16471922399e-08, 7.37909573445e-08, 1.00566623473e-07, 5.28965671265e-08, 3.7576949552e-08, 3.60821736933e-08, 2.16478319714e-08, 2.48396236913e-08, 2.52259244604e-08, 2.50958454018e-08, 1.19538796639e-08, 1.22384964385e-08, 1.48441641201e-08, 9.13350195475e-09, 8.50891979098e-09, 9.579863125e-09, 1.28913777431e-08, 6.38307717793e-09, 5.15365705667e-09, 3.70790242954e-09, 4.58563242933e-10, 2.99597457953e-10, 2.79142348125e-10, 1.9253965089e-10, 1.06410831535e-10, 1.03448784261e-10, 1.00849675833e-10, 9.84106476865e-11, 9.619106206e-11, 9.43154165878e-11, 9.27330504052e-11, 9.1343141384e-11, 9.02621033472e-11, 8.94609872293e-11, 8.89724960373e-11],
        "mean": [1.29221825773e-05, 1.20491931739e-05, 1.76179673872e-05, 2.93072462227e-05, 3.33721727657e-05, 3.88127482438e-05, 7.06124556018e-05, 9.49449458858e-05, 0.000119484415336, 0.000198988404009, 0.000210526588489, 0.000220966219786, 0.000360801117495, 0.000472236570204, 0.000565414316952, 0.000629897636827, 0.000687489926349, 0.000782144314144, 0.000600877101533, 0.000389708613511, 0.000297970371321, 0.000182991454494, 9.81473422144e-05, 0.000123409205116, 0.000105307582999, 8.49943971843e-05, 9.06608911464e-05, 7.00098680682e-05, 6.49643261568e-05, 9.0728593932e-05, 9.62789345067e-05, 9.98672112473e-05, 7.58558308007e-05, 7.07380677341e-05, 6.29748174106e-05, 3.37174278684e-05, 2.42200985667e-05, 2.71264889307e-05, 2.27075433941e-05, 2.89500203507e-05, 1.98760571948e-05, 2.1026322429e-05, 1.3251053133e-05, 1.75230379682e-05, 1.04220562207e-05, 8.44041733217e-06, 6.92171306582e-06, 8.09378161648e-06, 9.66645802691e-06, 1.15168049888e-05, 8.91620402399e-06, 5.50114964426e-06, 5.11206508236e-06, 4.27277245763e-06, 3.42348403137e-06, 2.23583151637e-06, 1.34725746648e-06, 1.05295441699e-06, 8.83848201738e-07, 7.69267444412e-07, 7.55694657073e-07, 7.81228720825e-07, 5.61172612379e-07, 6.29049395684e-07, 9.00566476503e-07, 4.65945873884e-07, 9.57576347105e-08, 3.93998149661e-08, 2.70429811877e-08, 2.3498834878e-08, 2.17224993548e-08, 1.99615080021e-08, 1.5941978404e-08, 1.27214381251e-08, 1.30100472617e-08, 1.26313235427e-08, 1.06941477895e-08, 9.17118647692e-09, 8.00448063387e-09, 6.7335870213e-09, 7.05962754921e-09, 6.92153268034e-09, 6.50994413931e-09, 6.36580921309e-09, 5.317625007e-09, 5.21698062528e-09, 5.00573404949e-09, 4.65252636417e-09, 4.66502703134e-09, 4.74932049244e-09, 4.83761564141e-09, 4.34847713393e-09, 5.03405939156e-09, 4.30862501233e-09, 3.68737129719e-09, 3.67002495061e-09, 3.71130348675e-09, 2.98649682762e-09, 2.58930188402e-09, 2.47838904954e-09, 3.57385032679e-09, 2.11413886397e-09, 2.0518757804e-09, 1.79361059338e-09, 1.63843816292e-09, 1.53769397215e-09, 1.58598489897e-09, 1.563519203e-09, 1.61687729872e-09, 1.35776689891e-09, 1.04499831011e-09, 1.43435846534e-10, 6.7645602661e-12, 3.94399140083e-12, 3.3474004818e-12, 3.17521182958e-12, 2.36104798906e-12, 1.90054048888e-12, 1.866588481e-12, 1.82838705114e-12, 1.74174195032e-12, 1.68447460841e-12, 1.65247026132e-12, 1.62251245425e-12, 1.58246430283e-12, 1.53475376938e-12, 1.50537535996e-12, 1.4949782948e-12],
        "min": [2.16110874677e-23, 1.69742719296e-23, 4.82741379912e-24, 1.64522739911e-24, 4.37609464233e-24, 2.12385494829e-24, 3.56642595301e-24, 1.4757249353e-23, 1.35913350232e-23, 2.75589582758e-24, 9.03520417845e-24, 1.0196520238e-23, 4.23475758938e-24, 2.8555301432e-24, 9.46428613519e-24, 1.02801308165e-23, 7.72516653898e-24, 5.91844511307e-24, 1.27978782143e-23, 8.85359893174e-24, 1.20517483266e-23, 8.30099476788e-24, 1.53544643899e-23, 9.99313690832e-24, 2.28147424809e-23, 2.17750774504e-23, 6.02691190982e-24, 2.32329870665e-24, 2.81030612801e-24, 1.31734927566e-23, 2.52568444288e-23, 2.65386944904e-23, 1.97278350955e-23, 2.4028493336e-23, 8.77909811899e-24, 7.19666286464e-24, 1.18226907298e-23, 6.96432755083e-24, 2.78968289792e-23, 1.23166801619e-23, 3.65367396913e-24, 6.4360739454e-24, 2.91185410186e-23, 1.34693802826e-23, 5.00266477124e-24, 1.0670194924e-23, 4.4964921714e-24, 2.62027880506e-24, 6.43514387839e-24, 1.16296170233e-23, 6.40039810539e-24, 1.05076280464e-23, 1.83075651886e-23, 1.62984800357e-23, 6.04707756114e-24, 7.77227257907e-24, 1.11191064773e-23, 2.82910985042e-23, 6.93470030182e-24, 6.07684996056e-24, 9.87408359823e-24, 6.33593278665e-24, 4.15444168847e-24, 5.38775550516e-24, 9.72429942271e-24, 5.06598703053e-24, 4.94652154061e-24, 1.24438256071e-23, 1.79473066126e-23, 9.41768575493e-24, 5.91902847571e-24, 6.92308984701e-24, 3.21659039902e-24, 8.87440592698e-24, 1.08051019717e-23, 9.50121665846e-24, 3.87731840234e-24, 3.50217757101e-24, 9.83371995229e-24, 8.75849938303e-24, 1.58432205186e-23, 9.55309215159e-24, 1.19454122431e-23, 7.21150449371e-24, 1.62272774503e-23, 8.38276177843e-24, 4.35355728069e-24, 6.84417220205e-24, 9.89449379643e-24, 1.06363228145e-23, 4.59653511697e-24, 1.23149809555e-23, 9.65333349568e-24, 7.62981455478e-24, 1.38191138764e-23, 1.77563644083e-23, 3.87571780356e-24, 5.28135986272e-24, 1.14276702093e-23, 1.26213208885e-23, 1.17852285143e-23, 7.06727468783e-24, 9.56511596951e-24, 1.22749470534e-23, 1.0854838863e-23, 1.30765070415e-23, 8.28645132824e-24, 1.1916801047e-23, 1.15377786256e-23, 1.07616207475e-23, 1.37408178538e-23, 1.47339069588e-23, 1.19224650683e-23, 1.55050721362e-23, 1.02579748691e-23, 8.62148292127e-24, 5.97621339716e-24, 9.46263189387e-24, 1.30296597477e-23, 1.20065497522e-23, 1.25423038471e-23, 1.11467568409e-23, 1.15492470854e-23, 9.1177158737e-24, 7.55075964803e-24, 1.11108060829e-23, 1.39575668538e-23, 1.3509407085e-23],
        "stdev": [4.35899783042e-05, 3.77981232305e-05, 4.43803146482e-05, 6.97134964867e-05, 9.58289820119e-05, 0.000233520724578, 0.000415513699409, 0.000343854684616, 0.000287167320494, 0.000599968712777, 0.000531285186298, 0.00053206528537, 0.00101749715395, 0.00122268532868, 0.00162306672428, 0.0017671296373, 0.00233258237131, 0.00284149427898, 0.00196815934032, 0.00142311630771, 0.00125948688947, 0.000840901280753, 0.000437508861069, 0.000512560305651, 0.00040600306238, 0.000264426489593, 0.00034265848808, 0.000252130033914, 0.000237556290813, 0.0003175700258, 0.000374863768229, 0.00038960450911, 0.000358960678568, 0.000324952881783, 0.000345028412994, 0.000127691339003, 9.17081342777e-05, 0.000106156810944, 9.67008454609e-05, 0.000173114050995, 0.000103210892121, 0.000124270038214, 5.89450573898e-05, 0.000103860693343, 5.60209336982e-05, 3.48082467099e-05, 2.15492636926e-05, 2.8419206501e-05, 2.78472161881e-05, 4.22433586209e-05, 2.83187018795e-05, 1.63067834364e-05, 2.09459267353e-05, 1.58640996233e-05, 1.13609985419e-05, 6.13242218606e-06, 3.74382648261e-06, 2.84331940748e-06, 2.6967904887e-06, 2.81535494651e-06, 3.05876665152e-06, 4.00996168537e-06, 2.64655955107e-06, 3.03520664602e-06, 5.07222011947e-06, 2.07964581023e-06, 3.64585218904e-07, 1.56953475994e-07, 9.41987892134e-08, 7.02614570969e-08, 7.65158389981e-08, 1.0284514218e-07, 7.71508226194e-08, 5.00487509214e-08, 6.81769520838e-08, 6.67658994757e-08, 3.47646107457e-08, 2.27659704422e-08, 1.74172036793e-08, 9.43514066876e-09, 1.29828023887e-08, 1.32560167287e-08, 1.11372235878e-08, 8.75170691472e-09, 9.56240775452e-09, 8.70781313722e-09, 7.34185867657e-09, 6.40724362455e-09, 6.71035627064e-09, 9.99375693311e-09, 8.91336515707e-09, 5.88327830897e-09, 4.24388257869e-09, 4.13209333416e-09, 4.35654357034e-09, 5.96574656342e-09, 3.67507091426e-09, 2.83184875549e-09, 2.37948727388e-09, 2.07203565417e-09, 2.59338239772e-09, 1.78082770752e-09, 1.51846235585e-09, 1.34165478727e-09, 1.2538504679e-09, 1.08389219822e-09, 1.06186426319e-09, 9.75669989245e-10, 1.08345343808e-09, 1.01268449182e-09, 7.89478871166e-10, 2.33401270533e-10, 9.96031104816e-11, 1.8097955426e-11, 1.19429856629e-11, 1.08792046552e-11, 8.32973967579e-12, 6.03657271739e-12, 5.88460270096e-12, 5.77442390778e-12, 5.5688678495e-12, 5.44204785402e-12, 5.33468972122e-12, 5.24363668805e-12, 5.16612534002e-12, 5.10637452461e-12, 5.06155187208e-12, 5.03409857203e-12]
    },
    "mfcc": {
        "mean": [-825.747619629, 183.252639771, -15.1668787003, -2.73992490768, 12.4973554611, -14.2244405746, -20.3917808533, -6.2920165062, -11.3378753662, -7.78363513947, -4.17492961884, -4.6886973381, -2.42066502571],
        "cov": [[4480.13476562, 2441.2265625, -821.786071777, -552.188110352, -236.345962524, -383.188781738, -282.578826904, -6.83658361435, -90.8950576782, -66.4016418457, -87.1601257324, -100.887641907, 217.622192383], [2441.2265625, 1865.14770508, -288.861328125, -436.430755615, -199.054748535, -223.069442749, -163.665267944, -31.6546115875, -35.6431694031, -88.9136352539, -141.273284912, -87.0471115112, 170.15045166], [-821.786071777, -288.861328125, 506.409637451, 107.10382843, -85.2385177612, 85.19896698, 44.9508323669, -32.9256515503, 39.5889701843, -15.615447998, -84.1449966431, -7.77149915695, -24.0540180206], [-552.188110352, -436.430755615, 107.10382843, 298.354522705, 171.755630493, 11.6965351105, -22.5724391937, -3.69653487206, -30.4363117218, -32.4817771912, 5.89870023727, -14.3211603165, -72.1010971069], [-236.345962524, -199.054748535, -85.2385177612, 171.755630493, 315.550811768, 51.2263717651, -80.2766952515, -55.3070259094, -68.1931304932, -26.700876236, 31.062538147, -28.9438533783, -73.604133606], [-383.188781738, -223.069442749, 85.19896698, 11.6965351105, 51.2263717651, 162.178146362, 39.2214775085, -65.5208969116, -7.9331073761, 29.6298217773, 17.3433933258, 18.3443241119, -19.1619720459], [-282.578826904, -163.665267944, 44.9508323669, -22.5724391937, -80.2766952515, 39.2214775085, 132.045684814, 56.822013855, 20.7660064697, 23.4455966949, 25.6121006012, 32.0600776672, 15.1433143616], [-6.83658361435, -31.6546115875, -32.9256515503, -3.69653487206, -55.3070259094, -65.5208969116, 56.822013855, 148.088821411, 55.7294082642, -13.4425792694, -0.993838965893, 11.6653299332, 13.3213224411], [-90.8950576782, -35.6431694031, 39.5889701843, -30.4363117218, -68.1931304932, -7.9331073761, 20.7660064697, 55.7294082642, 112.033706665, 39.6512947083, -19.7763957977, 3.54280471802, 11.4028463364], [-66.4016418457, -88.9136352539, -15.615447998, -32.4817771912, -26.700876236, 29.6298217773, 23.4455966949, -13.4425792694, 39.6512947083, 111.07043457, 55.8133811951, 1.43928861618, -4.35416555405], [-87.1601257324, -141.273284912, -84.1449966431, 5.89870023727, 31.062538147, 17.3433933258, 25.6121006012, -0.993838965893, -19.7763957977, 55.8133811951, 119.513259888, 35.8926048279, -19.626909256], [-100.887641907, -87.0471115112, -7.77149915695, -14.3211603165, -28.9438533783, 18.3443241119, 32.0600776672, 11.6653299332, 3.54280471802, 1.43928861618, 35.8926048279, 87.8910064697, 27.2383556366], [217.622192383, 170.15045166, -24.0540180206, -72.1010971069, -73.604133606, -19.1619720459, 15.1433143616, 13.3213224411, 11.4028463364, -4.35416555405, -19.626909256, 27.2383556366, 94.9419326782]],
        "icov": [[0.0015969396336, -0.00189385260455, 0.00207920884714, -0.00154732761439, 0.00213314662687, -0.00114721374121, 0.00208886875771, -0.00105538289063, 0.00137541093864, -0.00118698866572, 0.000466708297608, -8.69076538947e-05, 0.000224212984904], [-0.00189385260455, 0.00395363150164, -0.00233172555454, 0.00422311201692, -0.00264998665079, 0.00286128255539, -0.0012587319361, 0.00174749619327, -0.00103550672065, 0.00230894773267, -3.31493429258e-05, 0.00158104335424, -0.00187965738587], [0.00207920884714, -0.00233172555454, 0.00718226470053, -0.00511526921764, 0.00626067863777, -0.00421727634966, 0.00244259741157, 0.000150788080646, 0.000693275360391, -0.000781481678132, 0.00320755876601, 0.000137231822009, 0.00144424336031], [-0.00154732761439, 0.00422311201692, -0.00511526921764, 0.013056830503, -0.00829049572349, 0.00690925493836, -0.00214527337812, 0.00102576077916, -8.07172182249e-05, 0.00237674615346, -0.000148729304783, 0.0006880669971, -0.000346022483427], [0.00213314662687, -0.00264998665079, 0.00626067863777, -0.00829049572349, 0.0141773736104, -0.00917956512421, 0.00929421558976, -0.00339110102504, 0.00381447887048, 0.000285850197542, -0.00100762723014, 0.00231574871577, 0.00196388829499], [-0.00114721374121, 0.00286128255539, -0.00421727634966, 0.00690925493836, -0.00917956512421, 0.019020235166, -0.0112524963915, 0.0107682570815, -0.00389340147376, 0.000130724714836, 0.00145229347982, -0.00254489853978, 0.000190484162886], [0.00208886875771, -0.0012587319361, 0.00244259741157, -0.00214527337812, 0.00929421558976, -0.0112524963915, 0.0239853020757, -0.0137902125716, 0.00846126209944, -0.00392801919952, -0.00143469509203, 0.000476884684758, -0.00212874356657], [-0.00105538289063, 0.00174749619327, 0.000150788080646, 0.00102576077916, -0.00339110102504, 0.0107682570815, -0.0137902125716, 0.02178013511, -0.0135679645464, 0.00938816647977, -0.00322155770846, 0.00123581907246, -0.000167950347532], [0.00137541093864, -0.00103550672065, 0.000693275360391, -8.07172182249e-05, 0.00381447887048, -0.00389340147376, 0.00846126209944, -0.0135679645464, 0.0237275585532, -0.0148778371513, 0.0101478286088, -0.00384823512286, 0.00121278245933], [-0.00118698866572, 0.00230894773267, -0.000781481678132, 0.00237674615346, 0.000285850197542, 0.000130724714836, -0.00392801919952, 0.00938816647977, -0.0148778371513, 0.025661079213, -0.0156465899199, 0.0090305134654, -0.00311462278478], [0.000466708297608, -3.31493429258e-05, 0.00320755876601, -0.000148729304783, -0.00100762723014, 0.00145229347982, -0.00143469509203, -0.00322155770846, 0.0101478286088, -0.0156465899199, 0.0245825964957, -0.0110327629372, 0.00619286810979], [-8.69076538947e-05, 0.00158104335424, 0.000137231822009, 0.0006880669971, 0.00231574871577, -0.00254489853978, 0.000476884684758, 0.00123581907246, -0.00384823512286, 0.0090305134654, -0.0110327629372, 0.0210689362139, -0.00849374756217], [0.000224212984904, -0.00187965738587, 0.00144424336031, -0.000346022483427, 0.00196388829499, 0.000190484162886, -0.00212874356657, -0.000167950347532, 0.00121278245933, -0.00311462278478, 0.00619286810979, -0.00849374756217, 0.0188431795686]]
    },
    "spectral_contrast_coeffs": {
        "max": [-0.396015763283, -0.498918503523, -0.524241447449, -0.665773689747, -0.545747876167, -0.70958507061],
        "mean": [-0.681454241276, -0.772077023983, -0.816436588764, -0.831812739372, -0.782231628895, -0.828488886356],
        "min": [-0.964830458164, -0.969995379448, -0.973775148392, -0.970057547092, -0.958017528057, -0.959327757359],
        "stdev": [0.0871946811676, 0.0832270160317, 0.0653775036335, 0.040455751121, 0.0672685578465, 0.0240092165768]
    },
    "spectral_contrast_valleys": {
        "max": [-5.60949134827, -4.56823158264, -5.28887081146, -5.81137895584, -7.17813396454, -11.0739336014],
        "mean": [-8.30381393433, -7.32931470871, -8.30892944336, -8.56349849701, -9.90322303772, -12.6285142899],
        "min": [-27.3929920197, -27.8214664459, -27.0213985443, -26.9647827148, -27.3444309235, -27.3043498993],
        "stdev": [0.945356428623, 1.2169469595, 1.24680674076, 1.0300962925, 0.641698777676, 0.55494582653]
    }
},
"rhythm": {
    "beats_count": 57,
    "beats_loudness": {
        "max": 0.0950482562184,
        "mean": 0.0183733515441,
        "min": 0.000101311998151,
        "stdev": 0.0245353132486
    },
    "bpm": 98.0494232178,
    "bpm_histogram_first_peak_bpm": 98,
    "bpm_histogram_first_peak_weight": 0.391304373741,
    "bpm_histogram_second_peak_bpm": 103,
    "bpm_histogram_second_peak_spread": 0.416666686535,
    "bpm_histogram_second_peak_weight": 0.125,
    "danceability": 1.32976663113,
    "onset_rate": 3.72216773033,
    "beats_loudness_band_ratio": {
        "max": [0.52128046751, 0.912197470665, 0.875115156174, 0.486730933189, 0.596672832966, 0.123998180032],
        "mean": [0.0939416065812, 0.415574193001, 0.364089250565, 0.127486184239, 0.0744107365608, 0.00684650847688],
        "min": [0.00716842152178, 0.0289988163859, 0.0161371082067, 0.00327803753316, 0.00168916536495, 6.56722986605e-05],
        "stdev": [0.0924119949341, 0.235041305423, 0.218279108405, 0.101809278131, 0.106874339283, 0.0173257999122]
    },
    "beats_position": [0.487619042397, 0.986848056316, 1.48607707024, 1.99691605568, 2.49614500999, 3.01859402657, 3.52943301201, 4.04027223587, 4.67882061005, 5.31736946106, 5.95591831207, 6.59446716309, 7.22140598297, 7.83673477173, 8.45206356049, 9.05578231812, 9.63628101349, 10.2167797089, 10.7276191711, 11.2268476486, 11.7260770798, 12.202085495, 12.6780948639, 13.1424942017, 13.6301136017, 14.1061220169, 14.5821313858, 15.0929698944, 15.6038093567, 16.1262588501, 16.7183666229, 17.298866272, 17.8909740448, 18.483083725, 19.0635814667, 19.6440811157, 20.247800827, 20.851518631, 21.4552383423, 22.0473461151, 22.6626758575, 23.2663936615, 23.8701133728, 24.4854412079, 25.1007709503, 25.7160987854, 26.3314285278, 26.9351463318, 27.5156459808, 28.0961437225, 28.6650333405, 29.2339229584, 29.8028106689, 30.3717002869, 30.9289798737, 31.4978675842, 32.0551452637],
