{
"metadata": {
    "version": {
        "essentia": "2.1-beta5",
        "essentia_git_sha": "Undefined",
        "extractor": "music 2.0"
    },
    "audio_properties": {
        "analysis": {
            "equal_loudness": 0,
            "length": 12.7477550507,
            "sample_rate": 44100,
            "start_time": 0,
            "downmix": "mix"
        },
        "bit_rate": 192000,
        "length": 185.527435303,
        "lossless": 0,
        "number_channels": 2,
        "replay_gain": -12.4088077545,
        "sample_rate": 44100,
        "codec": "mp3",
        "md5_encoded": "ceb27f277108204e644c00e833ce76c9"
    },
    "tags": {
        "file_name": "Netherlands_De Mallemolen_Heddy Lester.mp3",
        "encoding": ["Lavf58.29.100"]
    }
},
"lowlevel": {
    "average_loudness": 0.816601037979,
    "barkbands_crest": {
        "max": 23.0256824493,
        "mean": 9.36159133911,
        "min": 3.73854756355,
        "stdev": 3.37834024429
    },
    "barkbands_flatness_db": {
        "max": 0.268682867289,
        "mean": 0.159992560744,
        "min": 0.062042914331,
        "stdev": 0.0409535504878
    },
    "barkbands_kurtosis": {
        "max": 18.6161155701,
        "mean": 2.03853416443,
        "min": -1.40276312828,
        "stdev": 3.10484313965
    },
    "barkbands_skewness": {
        "max": 3.95852255821,
        "mean": 1.18555402756,
        "min": -1.97249412537,
        "stdev": 0.850959599018
    },
    "barkbands_spread": {
        "max": 44.42918396,
        "mean": 16.0014915466,
        "min": 3.0928812027,
        "stdev": 7.09498691559
    },
    "dissonance": {
        "max": 0.498809963465,
        "mean": 0.449644982815,
        "min": 0.336731642485,
        "stdev": 0.0314275771379
    },
    "dynamic_complexity": 6.88680362701,
    "erbbands_crest": {
        "max": 27.760559082,
        "mean": 10.5270223618,
        "min": 2.82371330261,
        "stdev": 4.83559083939
    },
    "erbbands_flatness_db": {
        "max": 0.300021052361,
        "mean": 0.202611595392,
        "min": 0.0695423558354,
        "stdev": 0.0535473190248
    },
    "erbbands_kurtosis": {
        "max": 6.74949932098,
        "mean": 0.1698217839,
        "min": -1.3883420229,
        "stdev": 1.23037219048
    },
    "erbbands_skewness": {
        "max": 2.30390024185,
        "mean": 0.336301773787,
        "min": -1.34347653389,
        "stdev": 0.524875402451
    },
    "erbbands_spread": {
        "max": 78.3189849854,
        "mean": 28.8817481995,
        "min": 6.94374084473,
        "stdev": 14.6163387299
    },
    "hfc": {
        "max": 69.3409957886,
        "mean": 14.8395175934,
        "min": 1.20247325056e-16,
        "stdev": 12.835395813
    },
    "loudness_ebu128": {
        "integrated": -12.1967563629,
        "loudness_range": 4.36491012573,
        "momentary": {
            "max": -8.16529750824,
            "mean": -17.0911750793,
            "min": -46.115486145,
            "stdev": 10.6419773102
        },
        "short_term": {
            "max": -9.91685009003,
            "mean": -12.5664834976,
            "min": -19.0496616364,
            "stdev": 1.94064640999
        }
    },
    "melbands_crest": {
        "max": 24.0511207581,
        "mean": 12.2496948242,
        "min": 2.01035165787,
        "stdev": 3.71406078339
    },
    "melbands_flatness_db": {
        "max": 0.350389003754,
        "mean": 0.201260924339,
        "min": 0.00544063281268,
        "stdev": 0.0501979552209
    },
    "melbands_kurtosis": {
        "max": 41.6460266113,
        "mean": 6.20181035995,
        "min": -1.38574409485,
        "stdev": 7.79153871536
    },
    "melbands_skewness": {
        "max": 5.40295934677,
        "mean": 1.84013521671,
        "min": -0.362332075834,
        "stdev": 1.09538722038
    },
    "melbands_spread": {
        "max": 146.194473267,
        "mean": 20.5188312531,
        "min": 3.36697769165,
        "stdev": 12.5276060104
    },
    "pitch_salience": {
        "max": 0.83440130949,
        "mean": 0.55300962925,
        "min": 0.340098470449,
        "stdev": 0.0896593183279
    },
    "silence_rate_20dB": {
        "max": 1,
        "mean": 1,
        "min": 1,
        "stdev": 0
    },
    "silence_rate_30dB": {
        "max": 1,
        "mean": 1,
        "min": 1,
        "stdev": 0
    },
    "silence_rate_60dB": {
        "max": 1,
        "mean": 0.169090911746,
        "min": 0,
        "stdev": 0.374835878611
    },
    "spectral_centroid": {
        "max": 10915.7177734,
        "mean": 1154.08813477,
        "min": 332.364929199,
        "stdev": 649.441894531
    },
    "spectral_complexity": {
        "max": 44,
        "mean": 15.5563640594,
        "min": 0,
        "stdev": 8.91757774353
    },
    "spectral_decrease": {
        "max": 3.27701283287e-29,
        "mean": -4.5651038505e-09,
        "min": -1.81872508165e-08,
        "stdev": 3.73748987315e-09
    },
    "spectral_energy": {
        "max": 0.0749322921038,
        "mean": 0.0185757465661,
        "min": 1.07831046548e-20,
        "stdev": 0.0151523202658
    },
    "spectral_energyband_high": {
        "max": 0.00232294085436,
        "mean": 0.000211650738493,
        "min": 7.88885866042e-21,
        "stdev": 0.000355711119482
    },
    "spectral_energyband_low": {
        "max": 0.0252049025148,
        "mean": 0.00111913192086,
        "min": 4.69891656181e-23,
        "stdev": 0.00265273218974
    },
    "spectral_energyband_middle_high": {
        "max": 0.0364784039557,
        "mean": 0.00507621560246,
        "min": 1.72683363665e-21,
        "stdev": 0.00445344951004
    },
    "spectral_energyband_middle_low": {
        "max": 0.0605824664235,
        "mean": 0.012637081556,
        "min": 3.14930211786e-22,
        "stdev": 0.0114231212065
    },
    "spectral_entropy": {
        "max": 9.80076217651,
        "mean": 7.29265356064,
        "min": 6.16887569427,
        "stdev": 0.439606696367
    },
    "spectral_flux": {
        "max": 0.190300643444,
        "mean": 0.0521331839263,
        "min": 1.03841726884e-10,
        "stdev": 0.0315576791763
    },
    "spectral_kurtosis": {
        "max": 29.3237304688,
        "mean": 6.63039159775,
        "min": -1.17073130608,
        "stdev": 4.39893960953
    },
    "spectral_rms": {
        "max": 0.00855012703687,
        "mean": 0.00375252380036,
        "min": 3.24347081311e-12,
        "stdev": 0.00201028562151
    },
    "spectral_rolloff": {
        "max": 19078.4179688,
        "mean": 1368.37658691,
        "min": 258.3984375,
        "stdev": 1448.66320801
    },
    "spectral_skewness": {
        "max": 4.41131258011,
        "mean": 1.74128210545,
        "min": 0.00872031133622,
        "stdev": 0.523786902428
    },
    "spectral_spread": {
        "max": 40230776,
        "mean": 3577473,
        "min": 1953410.125,
        "stdev": 2305348.5
    },
    "spectral_strongpeak": {
        "max": 7.61123800278,
        "mean": 1.33356797695,
        "min": 0,
        "stdev": 1.17856216431
    },
    "zerocrossingrate": {
        "max": 0.505859375,
        "mean": 0.054535690695,
        "min": 0.00830078125,
        "stdev": 0.0387018918991
    },
    "barkbands": {
        "max": [0.000387552689062, 0.00203488860279, 0.018303219229, 0.00830659177154, 0.0136218704283, 0.051167640835, 0.010125962086, 0.0206110924482, 0.0364340282977, 0.00589041505009, 0.00609285756946, 0.0278557352722, 0.0121817728505, 0.00344304321334, 0.00609380146489, 0.00213659345172, 0.00380002055317, 0.00310814753175, 0.00319821690209, 0.00220941845328, 0.0008935702499, 0.000551450357307, 0.000194349573576, 0.000103303311334, 4.28401908721e-05, 1.24492744362e-05, 2.94847410487e-07],
        "mean": [1.59898409038e-05, 0.000293765508104, 0.000502364186104, 0.000972399371676, 0.00201787031256, 0.0038111009635, 0.000716249283869, 0.00165491702501, 0.00313543598168, 0.00065764435567, 0.000735422887374, 0.00109557493124, 0.000703336903825, 0.000320613151416, 0.000575807876885, 0.000231671714573, 0.000341268780176, 0.000260926724877, 0.000219976427616, 0.000170947198058, 6.59178040223e-05, 4.38408278569e-05, 1.69250306499e-05, 9.92737750494e-06, 4.90577849632e-06, 9.5989298643e-07, 1.16467180344e-09],
        "min": [1.87999942537e-23, 1.19696373727e-23, 1.33675493838e-23, 3.23376583363e-23, 8.11037362989e-23, 2.08442010718e-23, 2.38714279744e-23, 4.41322174974e-23, 7.63694285969e-23, 7.04977475528e-23, 1.36668813921e-22, 5.51421850685e-23, 1.60996173522e-22, 1.4722922544e-22, 9.59995948238e-23, 1.42354178642e-22, 2.53901281585e-22, 1.90485826265e-22, 3.24284410804e-22, 3.20910231831e-22, 4.2526029799e-22, 4.60065547948e-22, 6.16167464331e-22, 6.02302142138e-22, 1.08878809331e-21, 2.15770567655e-21, 2.55670521153e-21],
        "stdev": [3.83640908694e-05, 0.000435733236372, 0.00185413111467, 0.00134299229831, 0.00221012555994, 0.0057997261174, 0.00125054328237, 0.00301507744007, 0.00532894022763, 0.000930733862333, 0.00106014544144, 0.00247292290442, 0.00150850333739, 0.000468722515507, 0.000845156551804, 0.000322877196595, 0.00049172033323, 0.000431401655078, 0.000415002781665, 0.000280577514786, 0.000110096159915, 8.35388564155e-05, 2.92157292279e-05, 1.69507366081e-05, 7.46606019675e-06, 1.59007583989e-06, 1.25777583904e-08]
    },
    "erbbands": {
        "max": [0.0343804322183, 0.560546576977, 11.8429527283, 37.9852561951, 35.3362121582, 69.0740127563, 206.772003174, 466.735748291, 186.805984497, 212.946426392, 564.577514648, 1049.84619141, 227.81451416, 207.377151489, 325.100250244, 1037.73522949, 457.96484375, 215.80670166, 162.93901062, 265.315093994, 105.01750946, 250.264282227, 207.289978027, 235.498199463, 133.566635132, 86.9580459595, 44.6126174927, 22.988237381, 22.4538154602, 13.8945055008, 5.85651159286, 2.48489665985, 1.58725476265, 0.814008831978, 0.347538083792, 0.0932008475065, 0.013189050369, 0.000289782212349, 4.92952822242e-05, 9.04026601347e-05],
        "mean": [0.00351032335311, 0.0844919905066, 0.441881895065, 1.91114795208, 4.47410678864, 6.71762132645, 22.2660160065, 30.560716629, 12.6443338394, 15.0819349289, 56.5881233215, 74.6186752319, 26.0966777802, 20.1094989777, 34.5168380737, 51.2534103394, 36.6531143188, 21.5490894318, 20.2760009766, 27.0333518982, 13.9444150925, 16.721162796, 14.4880304337, 15.8804264069, 8.77126598358, 7.72217845917, 3.44124269485, 2.19946074486, 1.62659323215, 0.977133214474, 0.488118678331, 0.244701892138, 0.138697877526, 0.0725736767054, 0.0288189798594, 0.00850571040064, 0.000862476299517, 2.35877450905e-05, 1.13900323413e-05, 2.21618065552e-05],
        "min": [6.40913059051e-22, 1.93718611071e-21, 1.06555750532e-20, 6.0638213175e-20, 3.10672908053e-19, 1.81257153723e-19, 1.05050535465e-19, 1.99141212156e-19, 3.1221624613e-19, 5.89504894293e-19, 1.10556917829e-18, 2.21077274274e-18, 2.23821983624e-18, 2.43623508756e-18, 5.95952653431e-18, 2.2778750816e-18, 6.93406937298e-18, 6.79685168989e-18, 7.38427193394e-18, 4.60867359238e-18, 8.64140613965e-18, 1.32935608945e-17, 1.12109872914e-17, 1.08796907028e-17, 2.31236305375e-17, 1.36660783747e-17, 1.56076110658e-17, 1.7641936051e-17, 1.84784257541e-17, 1.332325916e-17, 1.67257011737e-17, 1.37783036227e-17, 1.13365640618e-17, 1.05983483785e-17, 9.40494513024e-18, 8.09054521072e-18, 3.85578000269e-18, 1.63615022354e-18, 3.3503180028e-19, 3.66285882684e-20],
        "stdev": [0.00403647124767, 0.123686589301, 1.21330094337, 3.95572209358, 5.60151338577, 7.76562786102, 31.4547977448, 51.8028945923, 22.7675266266, 26.3164958954, 96.9279403687, 132.082641602, 35.0782165527, 24.9155426025, 51.3913154602, 107.288261414, 68.7809829712, 28.4876937866, 24.4657936096, 39.1274185181, 15.48807621, 25.9146232605, 22.7048053741, 29.8020133972, 16.2714958191, 12.5841817856, 5.77062559128, 3.73925566673, 3.16327810287, 1.7453430891, 0.870615839958, 0.420372664928, 0.237973928452, 0.11969537288, 0.0431144610047, 0.0133149586618, 0.00153161666822, 3.76736825274e-05, 9.71125064098e-06, 1.80464412551e-05]
    },
    "gfcc": {
        "mean": [-83.5440979004, 119.944847107, -151.836273193, 19.2455749512, -67.287399292, 2.7458255291, -44.2177238464, 2.08556032181, -28.6671867371, -3.28924274445, -13.2168283463, -7.35425806046, -3.29060697556],
        "cov": [[22309.4453125, 2342.15380859, -4153.91748047, -530.49206543, -973.790527344, -1446.12023926, 110.585235596, -678.363586426, 166.844909668, -749.219299316, 251.403427124, -397.039031982, 505.334991455], [2342.15380859, 1331.79785156, -213.858520508, -237.257904053, 199.561126709, -226.025970459, 116.690925598, -295.414764404, -82.7025680542, -213.128234863, 76.6698684692, -104.698692322, 82.8471679688], [-4153.91748047, -213.858520508, 1066.67956543, 164.490661621, 230.643600464, 338.21081543, -53.3249778748, 133.510040283, -60.7041358948, 168.603149414, -76.4879074097, 39.5979995728, -156.532623291], [-530.49206543, -237.257904053, 164.490661621, 226.445388794, 47.4082069397, 128.91368103, 18.9812297821, 104.056091309, -6.16491699219, 56.4951515198, -29.3192996979, 14.9666957855, -71.8295288086], [-973.790527344, 199.561126709, 230.643600464, 47.4082069397, 227.386505127, 91.8099899292, 70.2835617065, -27.8596477509, -48.5834770203, -11.1377191544, 15.2457809448, 16.0339241028, -29.1332015991], [-1446.12023926, -226.025970459, 338.21081543, 128.91368103, 91.8099899292, 244.854507446, 10.5470237732, 88.4242935181, -37.7830047607, 74.3608016968, -35.7121124268, 44.9164009094, -81.6293411255], [110.585235596, 116.690925598, -53.3249778748, 18.9812297821, 70.2835617065, 10.5470237732, 125.021644592, -9.89400482178, -15.8483285904, -43.6881370544, 11.0047512054, -11.4794845581, -2.17072844505], [-678.363586426, -295.414764404, 133.510040283, 104.056091309, -27.8596477509, 88.4242935181, -9.89400482178, 145.450683594, 34.0772590637, 79.5088119507, -33.8023262024, 15.965672493, -43.8560523987], [166.844909668, -82.7025680542, -60.7041358948, -6.16491699219, -48.5834770203, -37.7830047607, -15.8483285904, 34.0772590637, 93.8743515015, 37.9858283997, 14.7592163086, -11.1542549133, 12.6487073898], [-749.219299316, -213.128234863, 168.603149414, 56.4951515198, -11.1377191544, 74.3608016968, -43.6881370544, 79.5088119507, 37.9858283997, 114.826385498, 5.50084877014, 19.1159648895, -37.6746101379], [251.403427124, 76.6698684692, -76.4879074097, -29.3192996979, 15.2457809448, -35.7121124268, 11.0047512054, -33.8023262024, 14.7592163086, 5.50084877014, 77.4052505493, 26.8789749146, 28.3816719055], [-397.039031982, -104.698692322, 39.5979995728, 14.9666957855, 16.0339241028, 44.9164009094, -11.4794845581, 15.965672493, -11.1542549133, 19.1159648895, 26.8789749146, 79.1930847168, 21.2146053314], [505.334991455, 82.8471679688, -156.532623291, -71.8295288086, -29.1332015991, -81.6293411255, -2.17072844505, -43.8560523987, 12.6487073898, -37.6746101379, 28.3816719055, 21.2146053314, 94.3162765503]],
        "icov": [[0.0007167342701, -0.00193042505998, 0.00261544762179, -0.00218146154657, 0.00251150643453, -0.0007705874159, 0.00114631722681, -2.62064577328e-06, -0.000221634298214, -0.000269272597507, 0.000171339357621, 7.67184101278e-05, 0.000522244372405], [-0.00193042505998, 0.00758238695562, -0.00724178925157, 0.00684305420145, -0.00893771927804, 0.00292332749814, -0.0031403475441, 0.00125524320174, 0.00156787049491, 0.00230049085803, -0.00250231428072, 0.00319481873885, -0.00210092240013], [0.00261544762179, -0.00724178925157, 0.0126355895773, -0.00707179168239, 0.00596179347485, -0.00432071415707, 0.00612216256559, -0.000878874154296, 0.000264145026449, -0.00440913811326, 0.00320339761674, 7.87647732068e-05, 0.00298883044161], [-0.00218146154657, 0.00684305420145, -0.00707179168239, 0.0160303842276, -0.0107507398352, 0.000920012185816, -0.00338053982705, -0.00525257084519, 0.00198155245744, 0.00149453838822, -0.00121935643256, 0.00073395203799, 0.00163715379313], [0.00251150643453, -0.00893771927804, 0.00596179347485, -0.0107507398352, 0.0225406698883, -0.00514096347615, -0.00190761813428, 0.00398423429579, -0.00185443775263, 0.000227723619901, -0.0015473786043, -0.003215422621, 0.00195188226644], [-0.0007705874159, 0.00292332749814, -0.00432071415707, 0.000920012185816, -0.00514096347615, 0.0156359709799, -0.0048267962411, 0.000294002937153, 0.00339007982984, -0.00480885105208, 0.00545557634905, -0.008116225712, 0.00486932508647], [0.00114631722681, -0.0031403475441, 0.00612216256559, -0.00338053982705, -0.00190761813428, -0.0048267962411, 0.0180199313909, -0.00700527708977, -0.000161342686624, 0.00842844601721, -0.00621983734891, 0.00625561177731, 0.000446347490652], [-2.62064577328e-06, 0.00125524320174, -0.000878874154296, -0.00525257084519, 0.00398423429579, 0.000294002937153, -0.00700527708977, 0.0247619841248, -0.00606394605711, -0.0105800107121, 0.0107233515009, -0.00611739093438, 0.00102667964529], [-0.000221634298214, 0.00156787049491, 0.000264145026449, 0.00198155245744, -0.00185443775263, 0.00339007982984, -0.000161342686624, -0.00606394605711, 0.020758299157, -0.00766362017021, -0.00487448181957, 0.00783277489245, -0.00484446948394], [-0.000269272597507, 0.00230049085803, -0.00440913811326, 0.00149453838822, 0.000227723619901, -0.00480885105208, 0.00842844601721, -0.0105800107121, -0.00766362017021, 0.034095492214, -0.0172199867666, 0.00536861410365, 0.0030467628967], [0.000171339357621, -0.00250231428072, 0.00320339761674, -0.00121935643256, -0.0015473786043, 0.00545557634905, -0.00621983734891, 0.0107233515009, -0.00487448181957, -0.0172199867666, 0.0334845036268, -0.0182450618595, 0.00255765812472], [7.67184101278e-05, 0.00319481873885, 7.87647732068e-05, 0.00073395203799, -0.003215422621, -0.008116225712, 0.00625561177731, -0.00611739093438, 0.00783277489245, 0.00536861410365, -0.0182450618595, 0.0343035012484, -0.0143774589524], [0.000522244372405, -0.00210092240013, 0.00298883044161, 0.00163715379313, 0.00195188226644, 0.00486932508647, 0.000446347490652, 0.00102667964529, -0.00484446948394, 0.0030467628967, 0.00255765812472, -0.0143774589524, 0.0254931114614]]
    },
    "melbands": {
        "max": [0.000375762290787, 0.00472742179409, 0.00537520786747, 0.00331513350829, 0.00577128492296, 0.0101771904156, 0.00253917044029, 0.00247976672836, 0.00575099280104, 0.00587483495474, 0.00113396241795, 0.000918332894798, 0.000836523249745, 0.00160576903727, 0.00384269398637, 0.00158064428251, 0.000360127800377, 0.000285070971586, 0.000679283344653, 0.00025494658621, 0.000184591917787, 0.000284897454549, 0.000153550936375, 0.000174816857907, 0.000229115321417, 0.00012513481488, 0.000163032746059, 6.56311458442e-05, 2.45712071774e-05, 2.43554623012e-05, 1.53013334057e-05, 1.56194782903e-05, 1.23504651128e-05, 5.08785888087e-06, 3.72306953977e-06, 2.01696002478e-06, 1.78481298008e-06, 1.40700956308e-06, 1.24384166611e-06, 7.0752338388e-07],
        "mean": [5.69342228118e-05, 0.000209294928936, 0.000432805885794, 0.0003724716953, 0.00068981864024, 0.000680018274579, 0.000189435537322, 0.0001787772635, 0.000540978973731, 0.000433474575402, 0.000112650719529, 7.45935467421e-05, 9.87137827906e-05, 0.000117080533528, 0.00011538273975, 6.96062124916e-05, 3.64957668353e-05, 2.62370995188e-05, 5.07561235281e-05, 2.30245423154e-05, 1.55933939823e-05, 1.93367814063e-05, 1.22514484246e-05, 1.38158557093e-05, 1.32540180857e-05, 5.12683300258e-06, 7.0007490649e-06, 4.64684899271e-06, 2.17816909753e-06, 1.70124337728e-06, 1.12002078367e-06, 9.28415659018e-07, 7.87383044099e-07, 4.23567399821e-07, 3.07048367176e-07, 1.77930402856e-07, 1.38037492547e-07, 1.02526549028e-07, 7.94534784632e-08, 5.45966258869e-08],
        "min": [6.16060726717e-24, 4.89187793457e-24, 1.87620216452e-23, 2.03857798003e-23, 3.29684023283e-24, 4.50879327393e-24, 4.88589836891e-24, 7.61962483847e-24, 9.43443090537e-24, 1.28793454577e-23, 1.09411260465e-23, 8.99956502048e-24, 1.87326839081e-23, 9.31431815508e-24, 8.60566231581e-24, 1.73291394301e-23, 1.16081789393e-23, 1.26776305688e-23, 7.16541292874e-24, 7.5686865121e-24, 9.91290423224e-24, 1.3760394226e-23, 1.23067965236e-23, 9.97645486676e-24, 7.63013956548e-24, 1.59250490603e-23, 1.40470441909e-23, 7.88932849336e-24, 9.70799051236e-24, 1.06389591876e-23, 9.47464861204e-24, 1.07207822073e-23, 8.33209245363e-24, 7.40039171544e-24, 7.69931004509e-24, 1.29475582602e-23, 6.8911441358e-24, 7.82945158407e-24, 7.52193861485e-24, 9.23612626215e-24],
        "stdev": [7.69244870753e-05, 0.00049740052782, 0.000659949786495, 0.000416956841946, 0.000877467624377, 0.00111555191688, 0.000344045081874, 0.000335082469974, 0.000914221745916, 0.000786442484241, 0.000161881776876, 0.000106705767394, 0.000147030033986, 0.000187972997082, 0.000297200225759, 0.000173392196302, 4.98433619214e-05, 3.41446611856e-05, 8.5702391516e-05, 3.23402382492e-05, 2.03953914024e-05, 3.13702294079e-05, 1.90841383301e-05, 2.42292717303e-05, 2.7342382964e-05, 1.13132482511e-05, 1.40428473969e-05, 8.48916624818e-06, 3.94064591092e-06, 2.97485053125e-06, 2.15886575461e-06, 1.87092928172e-06, 1.61282071076e-06, 7.39500933378e-07, 5.76402953811e-07, 3.23509624423e-07, 2.51066552437e-07, 1.88305932625e-07, 1.42212684295e-07, 9.4558828323e-08]
    },
    "melbands128": {
        "max": [0.00016066711396, 0.000295275967801, 0.000439466210082, 0.00119892391376, 0.0026080631651, 0.011425126344, 0.0095053166151, 0.00439001247287, 0.00469290046021, 0.00397149519995, 0.00482661277056, 0.00439001712948, 0.0104491049424, 0.0126583836973, 0.0110533833504, 0.0146855469793, 0.00595352239907, 0.00349939288571, 0.00442500365898, 0.00352202309296, 0.00473538413644, 0.00766529049724, 0.00988117605448, 0.00879211723804, 0.0130263529718, 0.00621649716049, 0.00153028185014, 0.00228343834169, 0.000806233438198, 0.00187893258408, 0.000836661027279, 0.000703856465407, 0.00145162525587, 0.00252909353003, 0.000692020868883, 0.0021826273296, 0.00445634871721, 0.0081888390705, 0.00188896432519, 0.00185803940985, 0.00363497296348, 0.000510292418767, 0.000445578421932, 0.000941654318012, 0.000624190550297, 0.000656243530102, 0.000464056123747, 0.00102933414746, 0.000831835553981, 0.000809760240372, 0.000321893981891, 0.000278188759694, 0.000254646321991, 0.00024860346457, 0.000717970659025, 0.000488718156703, 0.000472000916488, 0.00019234593492, 0.000230236939387, 0.000385632214602, 0.000309105584165, 0.000468568730867, 0.000501568079926, 0.000206472934224, 8.67278213263e-05, 0.000151460102643, 0.000225074923947, 0.000243404952926, 0.000280654610833, 0.00015593371063, 0.000133057314088, 0.000110513923573, 4.13019806729e-05, 3.94771377614e-05, 4.45019286417e-05, 5.10410136485e-05, 1.60856397997e-05, 2.2937065296e-05, 2.53663274634e-05, 1.75430868694e-05, 2.19545327127e-05, 1.4508039385e-05, 4.03397134505e-05, 1.66073314176e-05, 1.92261995835e-05, 6.72797023071e-06, 8.01280293672e-06, 5.23882454218e-06, 6.83583675709e-06, 7.84762869444e-06, 3.48202183886e-06, 2.69933480013e-06, 1.83597205705e-06, 1.9289498141e-06, 4.24145537181e-06, 2.28535213864e-06, 1.70276587141e-06, 1.33822550197e-06, 2.78821903521e-06, 6.72420355841e-07, 9.68644826571e-07, 8.42009569624e-07, 6.86266218963e-07, 6.35384537873e-07, 1.20818003779e-06, 3.48037730191e-07, 5.11599353104e-07, 4.64909106768e-07, 2.8972934274e-07, 1.86838690297e-07, 1.37487106144e-07, 7.51341460159e-08, 2.26958061234e-08, 1.58572310838e-09, 1.53447776707e-09, 1.47849565924e-09, 1.426459173e-09, 1.38463929211e-09, 1.34150390796e-09, 1.30692812128e-09, 1.27547661322e-09, 1.24595711526e-09, 1.21570120637e-09, 1.1992907778e-09, 1.17879894734e-09, 1.17014298251e-09, 1.15686993318e-09, 1.14719511668e-09],
        "mean": [9.66357129073e-06, 1.44966588778e-05, 5.89187911828e-05, 0.000169126607943, 0.000171005929587, 0.000290535623208, 0.000322142645018, 0.000586128153373, 0.000450106046628, 0.000294997211313, 0.000346336222719, 0.000480058835819, 0.000766011653468, 0.000990352593362, 0.000802013499197, 0.000498648674693, 0.000193492523977, 0.0001322862081, 0.000184663920663, 0.000127973267809, 0.000181887880899, 0.000294650031719, 0.000654821400531, 0.00070412066998, 0.000576331396587, 0.000303377251839, 0.00012236146722, 0.000138649251312, 3.47611130564e-05, 9.16133431019e-05, 8.28246629681e-05, 5.46520677744e-05, 8.15276798676e-05, 0.000181199196959, 4.88967671117e-05, 0.000114525937533, 0.000193686049897, 0.000113736808999, 7.72137427703e-05, 6.89138760208e-05, 9.21008177102e-05, 2.95114186883e-05, 3.15877368848e-05, 4.77566973132e-05, 1.74718061317e-05, 2.18627847062e-05, 2.88262890535e-05, 7.60648908908e-05, 4.11286309827e-05, 3.11264375341e-05, 2.22909748118e-05, 1.6406593204e-05, 7.98233486421e-06, 1.78448481165e-05, 2.76624487014e-05, 1.79858834599e-05, 1.47049840962e-05, 1.23689278553e-05, 9.90983426163e-06, 1.47238715726e-05, 1.2414460798e-05, 1.22897026813e-05, 2.41440775426e-05, 9.18240311876e-06, 4.24904965257e-06, 4.1441862777e-06, 6.75787214277e-06, 6.69316614221e-06, 7.78941284807e-06, 5.67997904e-06, 5.27279871676e-06, 4.09297899751e-06, 2.38244774664e-06, 1.79639505404e-06, 1.57418867275e-06, 2.54194674199e-06, 1.04865262074e-06, 1.38846360187e-06, 1.13367559607e-06, 8.83522830009e-07, 9.32102466322e-07, 8.92181958534e-07, 1.01566934063e-06, 6.83725716044e-07, 8.09873654362e-07, 4.24825657319e-07, 3.43819522186e-07, 2.61524576217e-07, 4.0108596977e-07, 2.23730140192e-07, 2.16514635554e-07, 1.44461168361e-07, 1.5376878082e-07, 1.29326835463e-07, 1.48182238036e-07, 1.20979635199e-07, 8.90575293511e-08, 6.83848000449e-08, 1.10374095641e-07, 5.24379331068e-08, 7.10458181175e-08, 5.11285485061e-08, 4.50512231964e-08, 3.7035867706e-08, 3.7960795396e-08, 2.11775716963e-08, 2.23472635952e-08, 1.48547885104e-08, 1.31495170308e-08, 1.4971178075e-08, 8.55039594683e-09, 2.35183206243e-09, 5.24314369699e-10, 3.00186993318e-11, 6.03448107456e-12, 5.82274116076e-12, 5.62779250285e-12, 5.45759227741e-12, 5.29404818594e-12, 5.15903292309e-12, 5.03465888771e-12, 4.92477499753e-12, 4.81507498803e-12, 4.73693263434e-12, 4.66440037636e-12, 4.62170406113e-12, 4.57646941177e-12, 4.54413633458e-12],
        "min": [1.42597905107e-23, 7.14033188512e-24, 3.30165543979e-24, 3.17381106377e-24, 3.30278390532e-24, 8.09861644695e-24, 8.11064420918e-24, 2.12424480335e-23, 3.64952803175e-23, 2.65713060002e-23, 5.26221420855e-24, 2.59466251932e-24, 4.47200987321e-24, 1.64390980419e-24, 3.17412404433e-24, 7.12224172684e-24, 6.00007210081e-24, 2.95223916537e-24, 6.14044161585e-24, 6.14947446765e-24, 6.81366852857e-24, 1.43841181448e-23, 4.15635664832e-24, 1.1837701964e-23, 2.15147501962e-23, 9.06934923387e-24, 4.63669799781e-24, 1.676342992e-23, 9.06863137045e-24, 8.00657767856e-24, 6.16961093111e-24, 1.74089516433e-23, 1.25403411612e-23, 3.29499658601e-23, 1.13558239135e-23, 2.53602057177e-24, 3.32827200117e-24, 5.35940108321e-24, 1.38458341729e-23, 1.81733957258e-23, 1.85942072648e-23, 1.70704624729e-23, 1.07697688918e-23, 8.10874542098e-24, 1.36224066765e-23, 1.39547663976e-23, 1.00766512458e-23, 1.05304553144e-23, 3.57321134008e-24, 3.4402551454e-24, 8.95508509834e-24, 1.07514081542e-23, 9.3865091831e-24, 1.20489494481e-23, 6.35579669867e-24, 1.78416418498e-23, 9.66220660314e-24, 2.45907018814e-23, 5.52035237371e-24, 7.04632254218e-24, 1.31690538363e-23, 7.73192707694e-24, 1.12062748185e-23, 4.3550442835e-24, 8.07329874506e-24, 1.30297607219e-23, 2.69179441037e-23, 1.72021344021e-23, 1.06684397085e-23, 7.88619119354e-24, 9.42341998485e-24, 4.8111818027e-24, 1.19132361845e-23, 1.09028284273e-23, 6.21239480231e-24, 1.18373201553e-23, 1.1729486025e-23, 1.0925997272e-23, 9.92712266119e-24, 5.44958405633e-24, 1.21003492581e-23, 1.37023766619e-23, 7.83853926169e-24, 1.06233176536e-23, 4.36254082868e-24, 6.92809911376e-24, 9.95786851497e-24, 4.98888770996e-24, 5.8605372006e-24, 8.03113412968e-24, 2.12520437376e-23, 9.92356647623e-24, 7.93960654315e-24, 6.77221309914e-24, 5.82936181206e-24, 9.00801687622e-24, 6.00398445647e-24, 1.10810423609e-23, 4.75774002625e-24, 7.76616285136e-24, 1.06145179102e-23, 9.35644806058e-24, 7.5695440039e-24, 8.63610998017e-24, 1.16101589802e-23, 1.198020732e-23, 9.22559575793e-24, 1.54903551471e-23, 1.53106337003e-23, 1.48784893855e-23, 1.25483228558e-23, 1.33458304654e-23, 1.39159497079e-23, 1.03992787899e-23, 6.23675285491e-24, 1.47477388459e-23, 1.78187633059e-23, 7.84605000637e-24, 1.58358415137e-23, 1.02408581652e-23, 8.13048642753e-24, 9.46272103515e-24, 8.96718938007e-24, 1.21521971411e-23, 1.31571530807e-23, 8.09901008855e-24, 7.76582127459e-24, 9.88385285168e-24],
        "stdev": [1.76512421604e-05, 2.1121935788e-05, 8.15131425043e-05, 0.000267784867901, 0.000312206888339, 0.00116385344882, 0.000946139392909, 0.000778910703957, 0.000643039122224, 0.000505407981109, 0.000493528845254, 0.00068764766911, 0.00136450969148, 0.00180935417302, 0.00152869743761, 0.00127554999199, 0.000564647605643, 0.000281571701635, 0.000420665513957, 0.000295558420476, 0.000513513281476, 0.000811221252661, 0.00136130582541, 0.00145114131738, 0.00139100058004, 0.000809692020994, 0.000220316098421, 0.000299093546346, 6.68461652822e-05, 0.000194608612219, 0.000124129990581, 0.00010255289817, 0.000157829505042, 0.00037853885442, 7.60835173423e-05, 0.000272999663139, 0.000476801855257, 0.000598183076363, 0.000211274440517, 0.000173277323483, 0.000353196839569, 5.48615316802e-05, 4.59661241621e-05, 0.000105621511466, 5.22275258845e-05, 5.40190230822e-05, 4.70846171083e-05, 0.000155329122208, 8.24063827167e-05, 7.73882638896e-05, 3.98388256144e-05, 3.21404841088e-05, 2.12670129258e-05, 2.8626907806e-05, 6.21683211648e-05, 4.14220157836e-05, 3.97294788854e-05, 2.48075884883e-05, 2.06041804631e-05, 3.66957901861e-05, 2.87880120595e-05, 3.88586413465e-05, 6.08445188846e-05, 1.99818969122e-05, 9.26952088776e-06, 1.12136649477e-05, 2.22614435188e-05, 1.75414534169e-05, 2.09070876735e-05, 1.17059771583e-05, 1.34204192364e-05, 9.99836265692e-06, 5.37659298061e-06, 3.98979182137e-06, 3.32997046826e-06, 5.42402858628e-06, 2.09191512113e-06, 2.89097806672e-06, 2.84923521576e-06, 2.12850864045e-06, 2.03717695513e-06, 2.12129066313e-06, 2.80770700556e-06, 1.668537152e-06, 1.91810727301e-06, 7.88468469182e-07, 7.5851477277e-07, 5.43894600469e-07, 8.67645439939e-07, 5.49608728306e-07, 4.68681605525e-07, 2.90745759912e-07, 2.67267012077e-07, 2.50442155902e-07, 3.73457652358e-07, 2.48240183964e-07, 1.72486039673e-07, 1.30359765649e-07, 2.53929869132e-07, 9.94011060129e-08, 1.36736218792e-07, 9.98215767822e-08, 7.69411485635e-08, 6.41660165002e-08, 8.11298974668e-08, 4.40924168288e-08, 4.60884947984e-08, 3.18916413278e-08, 2.65667292609e-08, 3.04866034639e-08, 1.60299560292e-08, 7.83151943295e-09, 1.98534988449e-09, 1.35507313703e-10, 6.54570217473e-11, 6.30696814219e-11, 6.08506092736e-11, 5.90663767897e-11, 5.72268170351e-11, 5.57515977828e-11, 5.44095983546e-11, 5.31503695222e-11, 5.18609183375e-11, 5.11599755615e-11, 5.02862855523e-11, 4.9915765965e-11, 4.93501142729e-11, 4.89380931612e-11]
    },
    "mfcc": {
        "mean": [-711.031799316, 144.913406372, -26.6661453247, 14.4584827423, -7.16322231293, -4.09671878815, -6.11177921295, -5.21719121933, -6.90248394012, -4.06598186493, -5.68866109848, -4.84275341034, -4.3532075882],
        "cov": [[18851.1132812, 1402.49035645, -2894.02563477, 151.682312012, -1410.67687988, -707.649597168, -724.367797852, -203.114868164, -301.729431152, -192.759185791, -434.05456543, -263.877655029, -162.592590332], [1402.49035645, 1410.54394531, -219.715026855, 65.5833969116, -14.5361261368, 60.1145057678, 76.4535827637, -48.4907684326, -95.9187088013, -140.251022339, -152.772750854, 10.3234262466, -2.43131494522], [-2894.02563477, -219.715026855, 640.235656738, -1.71777260303, 253.844009399, 116.965530396, 97.9404296875, 13.5176305771, 57.4758720398, 66.5214309692, 103.539207458, 50.8741378784, 9.3023481369], [151.682312012, 65.5833969116, -1.71777260303, 127.91746521, 36.4274291992, 27.9947872162, 49.5858535767, 25.5706348419, 9.76968479156, 2.40547990799, 16.9036846161, 22.3489894867, 2.01596808434], [-1410.67687988, -14.5361261368, 253.844009399, 36.4274291992, 205.86769104, 106.55316925, 79.5258331299, 23.6534080505, 16.4098320007, 9.19644451141, 46.2538566589, 38.0154800415, 12.2024354935], [-707.649597168, 60.1145057678, 116.965530396, 27.9947872162, 106.55316925, 141.113250732, 103.750648499, 45.2368621826, 3.24153017998, -13.8234739304, 16.1699581146, 20.684015274, 13.8869686127], [-724.367797852, 76.4535827637, 97.9404296875, 49.5858535767, 79.5258331299, 103.750648499, 153.791107178, 61.961227417, 15.5160522461, -16.1590003967, 5.85509967804, 29.0940818787, 21.4220199585], [-203.114868164, -48.4907684326, 13.5176305771, 25.5706348419, 23.6534080505, 45.2368621826, 61.961227417, 81.6516571045, 27.4195079803, -7.88321733475, 4.91210889816, 2.66886639595, 11.4365386963], [-301.729431152, -95.9187088013, 57.4758720398, 9.76968479156, 16.4098320007, 3.24153017998, 15.5160522461, 27.4195079803, 68.0752182007, 34.8549766541, 17.9451503754, -2.24632120132, 0.154684305191], [-192.759185791, -140.251022339, 66.5214309692, 2.40547990799, 9.19644451141, -13.8234739304, -16.1590003967, -7.88321733475, 34.8549766541, 77.3669281006, 51.2560386658, 5.703540802, -11.1534767151], [-434.05456543, -152.772750854, 103.539207458, 16.9036846161, 46.2538566589, 16.1699581146, 5.85509967804, 4.91210889816, 17.9451503754, 51.2560386658, 95.2204589844, 39.0521278381, 4.48578643799], [-263.877655029, 10.3234262466, 50.8741378784, 22.3489894867, 38.0154800415, 20.684015274, 29.0940818787, 2.66886639595, -2.24632120132, 5.703540802, 39.0521278381, 72.0993270874, 27.4543151855], [-162.592590332, -2.43131494522, 9.3023481369, 2.01596808434, 12.2024354935, 13.8869686127, 21.4220199585, 11.4365386963, 0.154684305191, -11.1534767151, 4.48578643799, 27.4543151855, 61.5490036011]],
        "icov": [[0.000292480661301, -0.000174254455487, 0.000816150568426, -0.000773701292928, 0.000978426192887, -0.000424413534347, 0.000977508490905, -0.000240214882069, 0.000327167363139, -0.000407291576266, 3.45039479726e-05, -8.62001834321e-05, 0.000235248007812], [-0.000174254455487, 0.00128495087847, -0.000159568226081, -0.000125995662529, -0.000670791254379, -0.000400921679102, -0.00123912503477, 0.001726268325, -1.96916316781e-05, 0.000994716072455, 0.00166348321363, -0.000903504434973, 0.000414719193941], [0.000816150568426, -0.000159568226081, 0.00648077856749, -0.000338989368174, -0.00199286057614, -0.000651981390547, 0.000553850433789, 0.00154402223416, -0.000902126019355, -0.00196360633709, -0.00137401244137, -7.79563288233e-06, 0.000993907102384], [-0.000773701292928, -0.000125995662529, -0.000338989368174, 0.0128542399034, -0.00558536499739, 0.00333658140153, -0.00613023992628, -0.0008846570272, -0.0017597747501, 0.000267764204182, -0.00244094291702, -0.001199249411, 0.000999653129838], [0.000978426192887, -0.000670791254379, -0.00199286057614, -0.00558536499739, 0.0181441642344, -0.0091402316466, 0.00521995592862, -6.53807219351e-05, 0.000358275079634, 0.0010861052433, -0.000820437271614, -0.00222687516361, 0.000951779191382], [-0.000424413534347, -0.000400921679102, -0.000651981390547, 0.00333658140153, -0.0091402316466, 0.021423574537, -0.0113440183923, -0.00358235836029, 0.00314645818435, 0.00142896303441, -0.003515238408, 0.00342101813294, -0.00057415215997], [0.000977508490905, -0.00123912503477, 0.000553850433789, -0.00613023992628, 0.00521995592862, -0.0113440183923, 0.0226561203599, -0.00924169179052, 0.000386564410292, -0.00171325274277, 0.00440344400704, -0.00514544965699, -0.000330411014147], [-0.000240214882069, 0.001726268325, 0.00154402223416, -0.0008846570272, -6.53807219351e-05, -0.00358235836029, -0.00924169179052, 0.0267856735736, -0.011662398465, 0.00878465455025, -0.00388797256164, 0.00341133424081, -0.00132715783548], [0.000327167363139, -1.96916316781e-05, -0.000902126019355, -0.0017597747501, 0.000358275079634, 0.00314645818435, 0.000386564410292, -0.011662398465, 0.02805467695, -0.0152684487402, 0.00499517051503, 0.00154493341688, -0.00158153194934], [-0.000407291576266, 0.000994716072455, -0.00196360633709, 0.000267764204182, 0.0010861052433, 0.00142896303441, -0.00171325274277, 0.00878465455025, -0.0152684487402, 0.0339499600232, -0.0162164177746, 0.00331528880633, 0.00357124698348], [3.45039479726e-05, 0.00166348321363, -0.00137401244137, -0.00244094291702, -0.000820437271614, -0.003515238408, 0.00440344400704, -0.00388797256164, 0.00499517051503, -0.0162164177746, 0.0295323468745, -0.0137524567544, 0.00162090244703], [-8.62001834321e-05, -0.000903504434973, -7.79563288233e-06, -0.001199249411, -0.00222687516361, 0.00342101813294, -0.00514544965699, 0.00341133424081, 0.00154493341688, 0.00331528880633, -0.0137524567544, 0.0272236019373, -0.00994038861245], [0.000235248007812, 0.000414719193941, 0.000993907102384, 0.000999653129838, 0.000951779191382, -0.00057415215997, -0.000330411014147, -0.00132715783548, -0.00158153194934, 0.00357124698348, 0.00162090244703, -0.00994038861245, 0.0219715069979]]
    },
    "spectral_contrast_coeffs": {
        "max": [-0.410405874252, -0.502576768398, -0.49055492878, -0.581521213055, -0.634144365788, -0.621021568775],
        "mean": [-0.655839204788, -0.732861816883, -0.722332000732, -0.763186216354, -0.777294933796, -0.741973400116],
        "min": [-0.972634017467, -0.96227645874, -0.965057373047, -0.95866048336, -0.957697987556, -0.96022349596],
        "stdev": [0.105397582054, 0.0923040956259, 0.093933917582, 0.0693463161588, 0.060240726918, 0.0601542592049]
    },
    "spectral_contrast_valleys": {
        "max": [-5.63714265823, -4.93275308609, -5.81297445297, -6.31873321533, -6.26291465759, -9.43367004395],
        "mean": [-7.7375702858, -7.12016582489, -8.00176048279, -8.27286338806, -8.38101387024, -11.8572053909],
        "min": [-26.7993774414, -27.4295368195, -27.289390564, -27.292766571, -27.3258419037, -27.2115917206],
        "stdev": [1.53429043293, 1.64891970158, 1.58184409142, 1.55225360394, 1.61002242565, 1.25903260708]
    }
},
"rhythm": {
    "beats_count": 21,
    "beats_loudness": {
        "max": 0.0649993419647,
        "mean": 0.0208629518747,
        "min": 1.1239712876e-05,
        "stdev": 0.0156074687839
    },
    "bpm": 104.629852295,
    "bpm_histogram_first_peak_bpm": 105,
    "bpm_histogram_first_peak_weight": 0.631578981876,
    "bpm_histogram_second_peak_bpm": 99,
    "bpm_histogram_second_peak_spread": 0,
    "bpm_histogram_second_peak_weight": 0.0500000007451,
    "danceability": 0.78412014246,
    "onset_rate": 0.862111866474,
    "beats_loudness_band_ratio": {
        "max": [0.68258690834, 0.557555556297, 0.535544097424, 0.44101408124, 0.443947285414, 0.0787671804428],
        "mean": [0.205031707883, 0.288873374462, 0.229453220963, 0.191838651896, 0.0898375585675, 0.0267232209444],
        "min": [0.00238316622563, 0.060068950057, 0.0714388787746, 0.0374589264393, 0.0268072150648, 0.0044987690635],
        "stdev": [0.209987521172, 0.160355091095, 0.123213067651, 0.121687889099, 0.0878014490008, 0.0252534672618]
    },
    "beats_position": [0.545668900013, 1.10294783115, 1.67183673382, 2.24072551727, 2.80961441994, 3.3785033226, 3.93578219414, 4.5046710968, 5.07355976105, 5.64244890213, 6.19972801208, 6.7570066452, 7.31428575516, 7.90639448166, 8.498503685, 9.0906124115, 9.682721138, 10.2632198334, 10.8553285599, 11.4474372864, 12.051156044],
