{
"metadata": {
    "version": {
        "essentia": "2.1-beta5",
        "essentia_git_sha": "Undefined",
        "extractor": "music 2.0"
    },
    "audio_properties": {
        "analysis": {
            "equal_loudness": 0,
            "length": 97.5005874634,
            "sample_rate": 44100,
            "start_time": 61.4980506897,
            "downmix": "mix"
        },
        "bit_rate": 192000,
        "length": 178.967819214,
        "lossless": 0,
        "number_channels": 2,
        "replay_gain": -12.0599117279,
        "sample_rate": 48000,
        "codec": "mp3",
        "md5_encoded": "5d136943d1fa80f2350ffc06bd872ae1"
    },
    "tags": {
        "file_name": "Greece_Mathima Solfez_Pascalis, Marianna, Robert and Bessy.mp3",
        "encoding": ["Lavf58.29.100"]
    }
},
"lowlevel": {
    "average_loudness": 0.940400183201,
    "barkbands_crest": {
        "max": 25.8923931122,
        "mean": 10.4864635468,
        "min": 3.87248468399,
        "stdev": 3.92136645317
    },
    "barkbands_flatness_db": {
        "max": 0.440998286009,
        "mean": 0.251689821482,
        "min": 0.142834171653,
        "stdev": 0.0396135635674
    },
    "barkbands_kurtosis": {
        "max": 167.174362183,
        "mean": 5.82531118393,
        "min": -1.43565869331,
        "stdev": 9.29775905609
    },
    "barkbands_skewness": {
        "max": 11.5239048004,
        "mean": 1.63779902458,
        "min": -1.48917198181,
        "stdev": 1.1191996336
    },
    "barkbands_spread": {
        "max": 29.0939044952,
        "mean": 7.70460653305,
        "min": 0.464478850365,
        "stdev": 3.64963936806
    },
    "dissonance": {
        "max": 0.499999970198,
        "mean": 0.437370806932,
        "min": 0.194810479879,
        "stdev": 0.0415887907147
    },
    "dynamic_complexity": 2.57288312912,
    "erbbands_crest": {
        "max": 29.9054145813,
        "mean": 10.9845075607,
        "min": 3.19248104095,
        "stdev": 4.86979818344
    },
    "erbbands_flatness_db": {
        "max": 0.442606270313,
        "mean": 0.28866571188,
        "min": 0.179860889912,
        "stdev": 0.0328935496509
    },
    "erbbands_kurtosis": {
        "max": 79.9897460938,
        "mean": 1.47587752342,
        "min": -1.66804742813,
        "stdev": 4.35275316238
    },
    "erbbands_skewness": {
        "max": 7.42741203308,
        "mean": 0.857056319714,
        "min": -1.38301563263,
        "stdev": 0.88405418396
    },
    "erbbands_spread": {
        "max": 57.8674354553,
        "mean": 18.8485069275,
        "min": 1.2723236084,
        "stdev": 7.74690628052
    },
    "hfc": {
        "max": 66.3407058716,
        "mean": 14.6696863174,
        "min": 0.270509839058,
        "stdev": 10.5981845856
    },
    "loudness_ebu128": {
        "integrated": -12.0763244629,
        "loudness_range": 3.58910655975,
        "momentary": {
            "max": -8.98559188843,
            "mean": -12.5325107574,
            "min": -24.0977802277,
            "stdev": 2.21787953377
        },
        "short_term": {
            "max": -10.152765274,
            "mean": -12.2749042511,
            "min": -17.2286624908,
            "stdev": 1.33580887318
        }
    },
    "melbands_crest": {
        "max": 31.7515869141,
        "mean": 12.5159769058,
        "min": 4.67140293121,
        "stdev": 4.16682386398
    },
    "melbands_flatness_db": {
        "max": 0.503013253212,
        "mean": 0.313401728868,
        "min": 0.178153961897,
        "stdev": 0.0492888502777
    },
    "melbands_kurtosis": {
        "max": 191.932571411,
        "mean": 8.32079696655,
        "min": -1.3133995533,
        "stdev": 11.7259368896
    },
    "melbands_skewness": {
        "max": 9.86116027832,
        "mean": 1.83377277851,
        "min": -1.2809150219,
        "stdev": 1.06318950653
    },
    "melbands_spread": {
        "max": 34.6233062744,
        "mean": 10.6693124771,
        "min": 0.484309971333,
        "stdev": 5.5702009201
    },
    "pitch_salience": {
        "max": 0.871919691563,
        "mean": 0.603132963181,
        "min": 0.0731884390116,
        "stdev": 0.108800694346
    },
    "silence_rate_20dB": {
        "max": 1,
        "mean": 1,
        "min": 1,
        "stdev": 0
    },
    "silence_rate_30dB": {
        "max": 1,
        "mean": 0.999761879444,
        "min": 0,
        "stdev": 0.0154285822064
    },
    "silence_rate_60dB": {
        "max": 1,
        "mean": 0.0290476195514,
        "min": 0,
        "stdev": 0.167946442962
    },
    "spectral_centroid": {
        "max": 1934.84912109,
        "mean": 644.589172363,
        "min": 209.440063477,
        "stdev": 211.748504639
    },
    "spectral_complexity": {
        "max": 33,
        "mean": 15.0438098907,
        "min": 2,
        "stdev": 5.60344266891
    },
    "spectral_decrease": {
        "max": -1.87345611247e-10,
        "mean": -6.95709045928e-09,
        "min": -3.56479787911e-08,
        "stdev": 4.70254768459e-09
    },
    "spectral_energy": {
        "max": 0.138309046626,
        "mean": 0.0275882203132,
        "min": 0.000731621694285,
        "stdev": 0.0185980312526
    },
    "spectral_energyband_high": {
        "max": 0.000279990257695,
        "mean": 1.94819185708e-05,
        "min": 2.36517465169e-07,
        "stdev": 2.08060228033e-05
    },
    "spectral_energyband_low": {
        "max": 0.0276762675494,
        "mean": 0.00238686217926,
        "min": 1.3640630641e-05,
        "stdev": 0.00265687191859
    },
    "spectral_energyband_middle_high": {
        "max": 0.0342405587435,
        "mean": 0.00415885774419,
        "min": 3.0122751923e-05,
        "stdev": 0.0047448775731
    },
    "spectral_energyband_middle_low": {
        "max": 0.131960809231,
        "mean": 0.0222878735512,
        "min": 0.000591023592278,
        "stdev": 0.0169189795852
    },
    "spectral_entropy": {
        "max": 7.60431718826,
        "mean": 6.7136425972,
        "min": 4.92227888107,
        "stdev": 0.360830873251
    },
    "spectral_flux": {
        "max": 0.279289573431,
        "mean": 0.087931714952,
        "min": 0.0108325676993,
        "stdev": 0.0418167002499
    },
    "spectral_kurtosis": {
        "max": 93.8514175415,
        "mean": 16.8110370636,
        "min": -0.0325536727905,
        "stdev": 11.6948537827
    },
    "spectral_rms": {
        "max": 0.0116161806509,
        "mean": 0.00487059541047,
        "min": 0.000844853406306,
        "stdev": 0.00178679625969
    },
    "spectral_rolloff": {
        "max": 3143.84765625,
        "mean": 756.58605957,
        "min": 193.798828125,
        "stdev": 343.010345459
    },
    "spectral_skewness": {
        "max": 7.22697305679,
        "mean": 2.5355527401,
        "min": 0.639754354954,
        "stdev": 0.91599714756
    },
    "spectral_spread": {
        "max": 13186893,
        "mean": 1826316.25,
        "min": 776680.5625,
        "stdev": 390610.0625
    },
    "spectral_strongpeak": {
        "max": 7.16654682159,
        "mean": 1.2666939497,
        "min": 0.0464286319911,
        "stdev": 1.10590624809
    },
    "zerocrossingrate": {
        "max": 0.0673828125,
        "mean": 0.0300219729543,
        "min": 0.00732421875,
        "stdev": 0.00900686718524
    },
    "barkbands": {
        "max": [0.00223728525452, 0.00276425736956, 0.0219794809818, 0.041710190475, 0.0953445583582, 0.0704311132431, 0.0685780420899, 0.0676345005631, 0.0767266452312, 0.0525146760046, 0.0263400450349, 0.0201026126742, 0.0163191966712, 0.0114832175896, 0.00777198467404, 0.00567916128784, 0.0041628764011, 0.0021531728562, 0.0024524286855, 0.000268521980615, 0.000189000274986, 2.32330457948e-05, 1.57195736392e-05, 2.36356499954e-05, 2.67150735453e-05, 3.74998271582e-05, 7.18808166766e-07],
        "mean": [2.52101162914e-05, 0.000188356119907, 0.00123422383331, 0.00213863840327, 0.004638671875, 0.00515172397718, 0.00436621205881, 0.00288530718535, 0.00243060011417, 0.00110446009785, 0.000859002990182, 0.000790390826296, 0.000531500612851, 0.000443551776698, 0.000291568081593, 0.000155636793352, 0.000141397278639, 0.000115182003356, 6.29977075732e-05, 2.33774917433e-05, 8.09405446489e-06, 1.3775328398e-06, 4.20128515088e-07, 2.71633894044e-07, 6.91861075097e-08, 1.33977806627e-08, 1.05777642201e-09],
        "min": [1.44686318482e-09, 6.75411342854e-07, 6.22711581855e-07, 8.68062954851e-07, 5.37365922355e-05, 2.53866201092e-05, 1.48547005665e-05, 5.63947924093e-06, 2.98638838103e-06, 2.69178917733e-06, 1.84702662409e-06, 1.25561473396e-06, 7.37086168101e-07, 4.51396772405e-07, 7.6024775808e-07, 4.69876340503e-07, 4.49857452622e-07, 2.22100254632e-07, 1.47074601387e-07, 5.60443496056e-08, 5.12131421715e-08, 3.33120269147e-08, 1.97723402096e-08, 1.90801632272e-08, 1.01034327571e-08, 2.88314268293e-11, 8.85844262527e-12],
        "stdev": [9.15746059036e-05, 0.000240945766564, 0.0018126355717, 0.00301484228112, 0.00593038788065, 0.00674674799666, 0.00713290274143, 0.00580724840984, 0.0047863307409, 0.00258905277587, 0.0018543349579, 0.00169384852052, 0.00107845361345, 0.000910571950953, 0.000513400416821, 0.000253808917478, 0.000232129037613, 0.000165135701536, 8.63494205987e-05, 2.55894628935e-05, 9.92855439108e-06, 1.94744438886e-06, 5.85011036947e-07, 4.65047492071e-07, 4.14890564571e-07, 5.78620529268e-07, 1.17943876887e-08]
    },
    "erbbands": {
        "max": [0.0870746672153, 0.991947352886, 15.4286546707, 64.6440811157, 182.507232666, 496.828063965, 378.427215576, 886.649841309, 1260.7545166, 1316.09436035, 1790.97912598, 2272.42016602, 2130.56274414, 1004.82940674, 1309.53637695, 837.153259277, 577.863037109, 483.916320801, 634.279846191, 335.639038086, 261.218414307, 266.637023926, 135.869247437, 179.932403564, 15.9019699097, 7.69518280029, 10.8515434265, 3.58826756477, 1.0959893465, 0.475264757872, 0.465569585562, 0.453845739365, 0.392372697592, 0.282700181007, 0.203021362424, 0.154901131988, 0.0711961835623, 0.00701729208231, 0.000146033722558, 0.00015273198369],
        "mean": [0.00303290132433, 0.0707531794906, 1.04969680309, 4.6737446785, 9.75200653076, 16.8099994659, 28.9109230042, 43.6589660645, 54.5441513062, 79.5073852539, 52.6974983215, 55.5037231445, 52.82289505, 23.0264396667, 40.8042869568, 30.2040328979, 23.8360557556, 24.7629776001, 20.2060337067, 10.5589942932, 9.21252918243, 7.86354923248, 6.9312915802, 4.66295719147, 2.12342524529, 1.01176643372, 0.505450487137, 0.200592160225, 0.0607611872256, 0.0208508335054, 0.0114260148257, 0.00753355538473, 0.00340215745382, 0.00114654225763, 0.000353720621206, 9.93607536657e-05, 2.91198211926e-05, 4.44982379122e-06, 1.36490698424e-05, 3.13216551149e-05],
        "min": [2.90326806862e-05, 0.000609457667451, 0.00294522871263, 0.0128806494176, 0.0367652513087, 0.193276718259, 0.599695146084, 0.315096616745, 0.194029808044, 0.183623716235, 0.146896287799, 0.0997182950377, 0.102427303791, 0.0792825296521, 0.142071962357, 0.129154071212, 0.0789123997092, 0.0386809669435, 0.0436631701887, 0.0301154740155, 0.0274430029094, 0.027475701645, 0.0138262202963, 0.00865352712572, 0.00450702523813, 0.00259176711552, 0.00221408880316, 0.00145076878835, 0.00120824074838, 0.000812902813777, 0.000557258725166, 0.000404696969781, 0.000273378478596, 0.00014196326083, 5.52775600227e-05, 6.55468465993e-06, 6.64784977289e-07, 8.06676112575e-08, 3.7122657659e-07, 8.17930924768e-07],
        "stdev": [0.00398591160774, 0.0888264998794, 1.49421310425, 5.56704425812, 14.3401823044, 26.305639267, 34.4503593445, 65.9391326904, 88.6626815796, 134.866439819, 99.7952575684, 116.654762268, 109.496795654, 42.9150276184, 91.6857147217, 61.9662666321, 41.6382102966, 41.6253051758, 40.7082099915, 16.4027729034, 13.6855373383, 13.1241102219, 10.0701570511, 6.83232927322, 2.10744357109, 1.02568531036, 0.577811539173, 0.252684473991, 0.0835350826383, 0.0316055677831, 0.0153653454036, 0.0109753292054, 0.00696253683418, 0.00445438781753, 0.00313701829873, 0.00238983193412, 0.0010984831024, 0.000108486783574, 9.42568294704e-06, 2.10338421311e-05]
    },
    "gfcc": {
        "mean": [-91.7869949341, 200.516403198, -160.322967529, 2.58510541916, -50.3361663818, -29.3819732666, -32.1249542236, -15.1481161118, -17.1854667664, -18.7809448242, 0.0979313105345, -22.4316883087, 0.230830684304],
        "cov": [[2500.60888672, -181.076797485, -693.650695801, -16.6101779938, -94.2673110962, -76.651222229, 193.004348755, -25.2111377716, 97.3166732788, 3.77593708038, -66.0198669434, -86.8768234253, -105.954483032], [-181.076797485, 208.456619263, 171.777664185, -72.8976669312, 81.9907531738, 1.70556998253, 1.35632526875, -9.87879753113, -16.6525058746, -20.5994300842, -9.77451324463, -13.2265577316, -6.66258764267], [-693.650695801, 171.777664185, 455.16708374, 49.1405525208, 38.3365249634, -4.9107093811, -69.9486923218, -6.84502029419, -22.6993637085, -17.4441070557, 20.4124240875, 27.4859008789, 19.9528656006], [-16.6101779938, -72.8976669312, 49.1405525208, 241.790100098, -0.77718269825, -13.28403759, -35.7732849121, 8.61105251312, 2.52722191811, 1.03457164764, 2.38567638397, -18.1349143982, -6.46651697159], [-94.2673110962, 81.9907531738, 38.3365249634, -0.77718269825, 121.839675903, 26.9454345703, -7.83798885345, 0.970345139503, -7.22670602798, -8.90701675415, -12.1001625061, -6.98636007309, -18.9844284058], [-76.651222229, 1.70556998253, -4.9107093811, -13.28403759, 26.9454345703, 217.758743286, 73.6737060547, -22.3112258911, -28.1567707062, 4.70251464844, -13.8969163895, -40.2650756836, 0.781193435192], [193.004348755, 1.35632526875, -69.9486923218, -35.7732849121, -7.83798885345, 73.6737060547, 117.581619263, 15.5089044571, -8.1118106842, 8.32926750183, -9.74815368652, -23.0507564545, -12.930346489], [-25.2111377716, -9.87879753113, -6.84502029419, 8.61105251312, 0.970345139503, -22.3112258911, 15.5089044571, 72.8363418579, 39.9400634766, -1.32969677448, -2.90124678612, 10.7252349854, -5.66843652725], [97.3166732788, -16.6525058746, -22.6993637085, 2.52722191811, -7.22670602798, -28.1567707062, -8.1118106842, 39.9400634766, 74.8386459351, 18.9545001984, -5.8359131813, 11.069893837, -5.59121799469], [3.77593708038, -20.5994300842, -17.4441070557, 1.03457164764, -8.90701675415, 4.70251464844, 8.32926750183, -1.32969677448, 18.9545001984, 53.5648956299, 23.5993385315, 0.334439814091, -2.02650713921], [-66.0198669434, -9.77451324463, 20.4124240875, 2.38567638397, -12.1001625061, -13.8969163895, -9.74815368652, -2.90124678612, -5.8359131813, 23.5993385315, 62.0197982788, 34.0355987549, 1.51997697353], [-86.8768234253, -13.2265577316, 27.4859008789, -18.1349143982, -6.98636007309, -40.2650756836, -23.0507564545, 10.7252349854, 11.069893837, 0.334439814091, 34.0355987549, 82.9260864258, 28.6349697113], [-105.954483032, -6.66258764267, 19.9528656006, -6.46651697159, -18.9844284058, 0.781193435192, -12.930346489, -5.66843652725, -5.59121799469, -2.02650713921, 1.51997697353, 28.6349697113, 62.083442688]],
        "icov": [[0.00140236527659, -0.000944722560234, 0.00203470559791, -0.00104092771653, 0.000670646433719, 0.00122769211885, -0.00296349171549, 0.00386089435779, -0.0037868716754, 0.00237022619694, -0.000463564792881, 2.02780338441e-05, 0.00119285006076], [-0.000944722560234, 0.0228598210961, -0.0108512863517, 0.0089664272964, -0.0150636658072, 0.00571741443127, -0.00717772403732, 0.00405171047896, -0.00439889216796, 0.00768123567104, -0.00700942473486, 0.0128609016538, -0.00644661020488], [0.00203470559791, -0.0108512863517, 0.00968484953046, -0.00537253217772, 0.00650343485177, -0.00153985770885, 0.0013404233614, 0.00198130565695, -0.00155771977734, 2.78901916317e-06, 0.00163109134883, -0.00576643971726, 0.00358348572627], [-0.00104092771653, 0.0089664272964, -0.00537253217772, 0.00856621470302, -0.00552950892597, 0.00129356514663, 0.000847182003781, -0.00215209461749, 0.000822378497105, 0.00131660711486, -0.00311132962815, 0.00682520167902, -0.0028773243539], [0.000670646433719, -0.0150636658072, 0.00650343485177, -0.00552950892597, 0.0202067121863, -0.00600639171898, 0.00741406902671, -0.0046984073706, 0.00566091062501, -0.00650117779151, 0.00892205815762, -0.011288093403, 0.00951726641506], [0.00122769211885, 0.00571741443127, -0.00153985770885, 0.00129356514663, -0.00600639171898, 0.0104651832953, -0.0107933813706, 0.00844163633883, -0.00610060943291, 0.00522201927379, -0.00383689138107, 0.00711079174653, -0.00367192132398], [-0.00296349171549, -0.00717772403732, 0.0013404233614, 0.000847182003781, 0.00741406902671, -0.0107933813706, 0.0264854151756, -0.0196840986609, 0.0180697105825, -0.0142476018518, 0.00788698066026, -0.00609756167978, 0.00373305636458], [0.00386089435779, 0.00405171047896, 0.00198130565695, -0.00215209461749, -0.0046984073706, 0.00844163633883, -0.0196840986609, 0.0383360981941, -0.0290420297533, 0.0181873459369, -0.00783537048846, 0.00368724274449, 0.000489970145281], [-0.0037868716754, -0.00439889216796, -0.00155771977734, 0.000822378497105, 0.00566091062501, -0.00610060943291, 0.0180697105825, -0.0290420297533, 0.0428383499384, -0.0267349109054, 0.0177741646767, -0.0122291054577, 0.00476162880659], [0.00237022619694, 0.00768123567104, 2.78901916317e-06, 0.00131660711486, -0.00650117779151, 0.00522201927379, -0.0142476018518, 0.0181873459369, -0.0267349109054, 0.0426071546972, -0.0247447621077, 0.0152218518779, -0.005786804948], [-0.000463564792881, -0.00700942473486, 0.00163109134883, -0.00311132962815, 0.00892205815762, -0.00383689138107, 0.00788698066026, -0.00783537048846, 0.0177741646767, -0.0247447621077, 0.0394442342222, -0.0232962183654, 0.0118844648823], [2.02780338441e-05, 0.0128609016538, -0.00576643971726, 0.00682520167902, -0.011288093403, 0.00711079174653, -0.00609756167978, 0.00368724274449, -0.0122291054577, 0.0152218518779, -0.0232962183654, 0.0347086973488, -0.0165385343134], [0.00119285006076, -0.00644661020488, 0.00358348572627, -0.0028773243539, 0.00951726641506, -0.00367192132398, 0.00373305636458, 0.000489970145281, 0.00476162880659, -0.005786804948, 0.0118844648823, -0.0165385343134, 0.0273557268083]]
    },
    "melbands": {
        "max": [0.000683936290443, 0.00591090740636, 0.0156821142882, 0.0232159737498, 0.0127712199464, 0.0171688552946, 0.0164997596294, 0.0134347220883, 0.0125013710931, 0.0143306059763, 0.0105177704245, 0.00397605029866, 0.00376290874556, 0.00278547522612, 0.00175256154034, 0.00213693641126, 0.00105682318099, 0.00117342558224, 0.000563290494028, 0.000401420518756, 0.000231888727285, 0.000364323816029, 0.000136159185786, 0.000125010104966, 0.000181239709491, 2.0792344003e-05, 1.33739094963e-05, 5.1028737289e-06, 6.34903653918e-06, 5.61081515116e-06, 1.71038618646e-06, 8.16085332644e-07, 4.30916514915e-07, 2.74664444078e-07, 2.79438467032e-07, 2.4170608981e-07, 2.86394055138e-07, 2.8895073001e-07, 2.45928617915e-07, 2.3634075319e-07],
        "mean": [3.87720683648e-05, 0.000422934128437, 0.000967766449321, 0.000912168878131, 0.000985841383226, 0.00099998479709, 0.000880331266671, 0.000837127678096, 0.000397882220568, 0.000359762489097, 0.0002555794199, 8.3652594185e-05, 0.000124305704958, 0.000102279875136, 5.54519501748e-05, 5.66792004975e-05, 4.46798439953e-05, 3.46267443092e-05, 1.93233936443e-05, 1.12461084427e-05, 1.04189157355e-05, 8.80740026332e-06, 6.1450064095e-06, 5.33666434421e-06, 3.77373680749e-06, 1.67789073657e-06, 1.15869454476e-06, 5.6400875792e-07, 3.42911022244e-07, 2.14050103864e-07, 8.08570632671e-08, 3.64941747932e-08, 1.67693592346e-08, 9.15009668034e-09, 6.75223299496e-09, 5.13910425326e-09, 4.42795355937e-09, 2.56930166032e-09, 1.42175027307e-09, 7.77553743614e-10],
        "min": [1.69130373706e-07, 1.70582211467e-06, 5.52298797629e-06, 8.37450716062e-06, 1.17022018458e-05, 5.05919206262e-06, 3.61111892744e-06, 1.63424715538e-06, 5.90086870034e-07, 5.6771096979e-07, 2.66626841494e-07, 2.79940962855e-07, 3.46383615124e-07, 1.68649165744e-07, 3.34230122689e-07, 7.60039640113e-08, 5.96025877542e-08, 6.31807779428e-08, 4.34854960929e-08, 2.9002489299e-08, 2.78948188992e-08, 2.47490294925e-08, 1.22769723276e-08, 8.16308975971e-09, 5.83367132378e-09, 3.3995277704e-09, 2.20020579533e-09, 1.65884106451e-09, 1.31212696264e-09, 1.24312027339e-09, 6.19455542417e-10, 5.76997283286e-10, 4.81430839638e-10, 3.34708039063e-10, 2.74990114013e-10, 2.3309759678e-10, 2.38658676155e-10, 1.81324566473e-10, 1.21702273259e-10, 8.91862070307e-11],
        "stdev": [4.50648876722e-05, 0.000545480579603, 0.00117955997121, 0.00125747011043, 0.00114405842032, 0.00147348467726, 0.00136752182152, 0.0014447113499, 0.000764381315093, 0.000786067219451, 0.000544696697034, 0.000172516622115, 0.000271856988547, 0.000225362164201, 0.000103181664599, 0.000126122205984, 8.28968986752e-05, 7.98871187726e-05, 3.21902916767e-05, 1.90727150766e-05, 1.66175541381e-05, 1.58077964443e-05, 9.48931483435e-06, 8.34894763102e-06, 6.21471463091e-06, 1.93466826204e-06, 1.36200605994e-06, 6.15423516592e-07, 4.0953102598e-07, 2.7164662697e-07, 1.13711649874e-07, 5.26841645865e-08, 2.59166981209e-08, 1.47004222129e-08, 9.37274879931e-09, 7.33275840048e-09, 6.75198963407e-09, 5.21711251977e-09, 4.01990485344e-09, 3.69458708072e-09]
    },
    "melbands128": {
        "max": [0.00148406857625, 0.0010361954337, 0.000760671915486, 0.00194851285778, 0.00572415534407, 0.0130180194974, 0.012637283653, 0.0258711464703, 0.0209475662559, 0.0299510564655, 0.0361377522349, 0.0233635101467, 0.016738133505, 0.013379319571, 0.0280310176313, 0.0352160185575, 0.0417173504829, 0.0159417819232, 0.0253437049687, 0.022874282673, 0.0262890737504, 0.024125661701, 0.0160117391497, 0.0185966566205, 0.0221140161157, 0.0178503803909, 0.0162872299552, 0.0200581364334, 0.00510459300131, 0.00328480219468, 0.007758051157, 0.00407399469987, 0.00506367953494, 0.00881179887801, 0.00560516538098, 0.00417272048071, 0.00390355056152, 0.00348966615275, 0.00147047650535, 0.00239245500416, 0.00464690802619, 0.00339239276946, 0.00153879483696, 0.00207524118014, 0.00298293470405, 0.00258225388825, 0.000956018047873, 0.00120609917212, 0.00125829444733, 0.000845083559398, 0.000416700786445, 0.00116854673252, 0.000380849145586, 0.000451916712336, 0.000423188903369, 0.000766896642745, 0.000564425776247, 0.000300117128063, 0.000277036917396, 0.000250399432844, 0.000234228471527, 0.000180338916834, 0.000296347599942, 0.000219359717448, 8.50329524837e-05, 3.63437902706e-05, 2.43684680754e-05, 2.44649891101e-05, 2.26538359129e-05, 7.66979246691e-06, 8.4879620772e-06, 7.31187947167e-06, 9.32189959713e-06, 7.56535519031e-06, 1.01988889583e-05, 9.36181186262e-06, 3.2331690818e-06, 4.20421383751e-06, 1.75062598373e-06, 1.41709551826e-06, 1.27935720684e-06, 1.15382147214e-06, 7.90954800323e-07, 8.60527336499e-07, 3.65540444136e-07, 5.17811827194e-07, 3.64082495707e-07, 2.54495915897e-07, 3.07157677071e-07, 2.84571200382e-07, 1.67092167658e-07, 2.48533808644e-07, 3.31909490114e-07, 2.41475532903e-07, 2.88114080149e-07, 3.59252709359e-07, 2.46006720772e-07, 2.66508294544e-07, 2.41193077954e-07, 2.45110840069e-07, 2.36614908999e-07, 2.06759622756e-07, 2.77301666074e-07, 2.41310800675e-07, 2.25781064955e-07, 1.99071052975e-07, 2.13704154817e-07, 2.98261852549e-07, 2.82208247881e-07, 2.51376832239e-07, 3.00801133335e-07, 2.77677287386e-07, 2.30225140285e-07, 1.78636710757e-07, 2.08587451311e-07, 5.11844966411e-08, 3.48290662977e-09, 3.384531988e-09, 3.27622040608e-09, 3.18093040796e-09, 3.10071879284e-09, 3.03368552501e-09, 2.97866642462e-09, 2.91975044142e-09, 2.87268497878e-09, 2.83494139275e-09, 2.80828649224e-09, 2.79292944327e-09],
        "mean": [1.26508120957e-05, 1.61673779075e-05, 3.66093736375e-05, 0.000104998543975, 0.000368412875105, 0.00067718635546, 0.000901963212527, 0.001137356041, 0.000979301286861, 0.000778750807513, 0.000962728867307, 0.00101746490691, 0.00102148146834, 0.000925212807488, 0.000900164246559, 0.00117777497508, 0.000945568142924, 0.000644132844172, 0.00109704921488, 0.000937363656703, 0.000746468489524, 0.00040176071343, 0.00040791023639, 0.000303125794744, 0.000316293619107, 0.000437281792983, 0.000322547159158, 0.000303726730635, 0.000118489981105, 6.98124349583e-05, 8.38107735035e-05, 8.01456044428e-05, 0.00011763904331, 0.000181335723028, 0.000105161809188, 8.95498596947e-05, 7.19862946426e-05, 6.12421281403e-05, 3.65271662304e-05, 4.62154057459e-05, 7.70394763094e-05, 4.61419513158e-05, 3.9246162487e-05, 4.91965765832e-05, 3.84049417335e-05, 3.53347677446e-05, 2.50684352068e-05, 2.35306233662e-05, 1.43964416566e-05, 9.64870832831e-06, 1.12944117063e-05, 1.25674232549e-05, 9.69898155745e-06, 1.0999036931e-05, 9.26388020162e-06, 9.89357067738e-06, 6.96534834788e-06, 4.33881086792e-06, 6.56106112729e-06, 8.45126396598e-06, 4.82120367451e-06, 3.37065694112e-06, 4.51812638858e-06, 4.22294715463e-06, 2.17837555283e-06, 1.38631207847e-06, 1.47033938447e-06, 1.50035077695e-06, 1.10059909275e-06, 6.12873179762e-07, 5.68620578179e-07, 5.78631897952e-07, 3.98334492502e-07, 2.95322934107e-07, 2.5469049092e-07, 2.89084567839e-07, 1.54395166874e-07, 1.07756051193e-07, 7.39583754239e-08, 5.12357871685e-08, 4.04850375446e-08, 3.16041628423e-08, 2.18178470845e-08, 1.56977879584e-08, 1.21555023824e-08, 9.47440081944e-09, 8.41220959558e-09, 7.53634576967e-09, 6.99824420636e-09, 5.75609560016e-09, 5.67355140646e-09, 4.84195084027e-09, 4.46098757934e-09, 5.20552134731e-09, 3.77383102546e-09, 2.9429823023e-09, 2.41855357963e-09, 1.88530657752e-09, 1.49823331519e-09, 1.15744502871e-09, 9.1487434295e-10, 7.18487103146e-10, 6.07126460217e-10, 4.39632608096e-10, 3.46993239697e-10, 2.71402456065e-10, 2.44919029502e-10, 2.16952469878e-10, 1.08439361657e-10, 7.74159764072e-11, 7.97495749993e-11, 7.23070561759e-11, 6.07838362976e-11, 4.82503481614e-11, 5.51995463227e-11, 1.74961121979e-11, 5.15193530198e-12, 4.95010976653e-12, 4.82122848589e-12, 4.68078050278e-12, 4.56810457516e-12, 4.46556810627e-12, 4.38127398944e-12, 4.30412953542e-12, 4.22705490402e-12, 4.14844200658e-12, 4.09792425687e-12, 4.07376996719e-12],
        "min": [2.75611616862e-10, 1.22163488214e-08, 1.18774124758e-07, 2.94984999982e-07, 2.46291818939e-07, 2.78551198107e-07, 3.06689571516e-07, 3.76487264475e-07, 7.68989366406e-07, 9.62987542152e-07, 6.2172921389e-07, 1.14259523798e-06, 3.6929000089e-06, 1.22017831927e-06, 3.07643745145e-06, 1.02854642137e-06, 1.33779428779e-06, 6.33661898064e-07, 1.10184338098e-07, 5.92674666677e-07, 5.00953717619e-07, 2.70974311434e-07, 2.47260857122e-07, 1.2747659639e-07, 1.10943247478e-07, 1.16306303255e-07, 4.30642792537e-08, 2.49399761287e-07, 9.68053228689e-08, 1.45511720007e-07, 1.5638528339e-07, 1.39715027103e-07, 1.42877269127e-07, 1.07361429968e-07, 5.95038756046e-08, 4.33169837777e-08, 7.76294371008e-08, 8.34207369849e-08, 3.07996792515e-08, 1.23369661154e-08, 3.06877652179e-08, 1.28183001991e-08, 3.08019139084e-08, 1.92649682873e-08, 9.80636105652e-09, 1.92457481063e-08, 3.9895919457e-08, 1.83216872784e-08, 3.44602888447e-08, 2.19278266655e-08, 1.11064348829e-08, 1.09675371007e-08, 1.32329427416e-08, 1.77131873613e-08, 1.90033020431e-08, 6.24687190864e-09, 5.84366244283e-09, 8.53610604423e-09, 5.10167907919e-09, 7.02525149165e-09, 4.82214446151e-09, 4.72317873701e-09, 3.75742281733e-09, 5.76837333455e-09, 3.57399909667e-09, 2.32961006041e-09, 1.96945992847e-09, 1.86366988508e-09, 1.40451916764e-09, 1.16731069255e-09, 8.91402118786e-10, 1.11133457992e-09, 6.97678026462e-10, 7.22501947159e-10, 6.5215199907e-10, 7.23462345587e-10, 7.3033468162e-10, 4.40559061454e-10, 2.60939492236e-10, 3.80060455329e-10, 2.84256479466e-10, 4.17512135975e-10, 4.11266742883e-10, 2.44562786689e-10, 1.90720148008e-10, 1.43799361307e-10, 1.53505916312e-10, 1.15767742614e-10, 1.43475800685e-10, 2.04357433753e-10, 1.54107240857e-10, 1.19109583308e-10, 1.12718397116e-10, 1.41961484235e-10, 1.12178898115e-10, 9.69793897965e-11, 8.7843746166e-11, 8.49832426653e-11, 7.59092372293e-11, 4.91499063671e-11, 5.32031571576e-11, 5.01272530429e-11, 4.55612561567e-11, 3.67193948858e-11, 2.55125781612e-11, 2.13369322211e-11, 3.37875886124e-12, 2.96249353174e-13, 1.83203753275e-13, 2.9303585925e-14, 2.41314096255e-14, 3.66481510124e-14, 3.76287170097e-14, 2.96903005111e-14, 3.56249826459e-14, 3.43987940346e-14, 3.00982010853e-14, 2.61649680194e-14, 2.92283931162e-14, 3.07561999957e-14, 2.98346620304e-14, 3.14142429517e-14, 2.95861086823e-14, 3.23730232617e-14, 2.35972774253e-14, 9.33196950297e-15, 1.24922843693e-15, 3.11756332676e-17],
        "stdev": [4.76889945276e-05, 3.82935577363e-05, 4.19398857048e-05, 0.000159511633683, 0.000632574083284, 0.00098241167143, 0.00115115940571, 0.00177977944259, 0.00163786881603, 0.0013719657436, 0.00184435932897, 0.00158581417054, 0.00145244086161, 0.00128513539676, 0.00158731185365, 0.00261178053916, 0.00244584842585, 0.0011722613126, 0.00255077634938, 0.00191883719526, 0.00191784044728, 0.00112366583198, 0.00103725027293, 0.000799039495178, 0.000927626737393, 0.00129371252842, 0.000833487370983, 0.00089689908782, 0.000333092088113, 0.00017949269386, 0.000274978810921, 0.000193474377738, 0.000340795668308, 0.000565974623896, 0.000335561373504, 0.000298057304462, 0.000213514940697, 0.000162817144883, 8.34728198242e-05, 0.000118347721582, 0.000225005467655, 0.000126819213619, 9.00052473298e-05, 0.000143152283272, 0.000137983239256, 0.000116115246783, 6.37594566797e-05, 5.11386933795e-05, 4.03209378419e-05, 2.89433337457e-05, 2.49703280133e-05, 3.17525846185e-05, 2.43404356297e-05, 2.29936194955e-05, 2.0803154257e-05, 2.57400406554e-05, 1.99823734874e-05, 1.05871240521e-05, 1.37865326906e-05, 1.75705044967e-05, 1.19044016174e-05, 8.91262425284e-06, 1.06634261101e-05, 8.46086641104e-06, 4.28727571489e-06, 2.30147588809e-06, 1.91310709852e-06, 2.11410997508e-06, 1.66505242305e-06, 8.01324858912e-07, 7.50029698793e-07, 8.18616513243e-07, 5.75512444811e-07, 4.47018521754e-07, 4.06584689472e-07, 4.2669964273e-07, 2.21620481966e-07, 1.80634629032e-07, 1.17820924572e-07, 8.29709136951e-08, 6.82388190398e-08, 5.02718080497e-08, 3.72344750588e-08, 2.98201356941e-08, 2.116163067e-08, 1.96806677621e-08, 1.49166154984e-08, 1.15223155461e-08, 1.03228430248e-08, 8.70262439889e-09, 8.39575253764e-09, 7.65495755672e-09, 7.51292983381e-09, 7.78274866775e-09, 6.41121378209e-09, 6.46623066203e-09, 4.74275552165e-09, 4.63076732515e-09, 4.0153707026e-09, 3.9426053533e-09, 3.74057051999e-09, 3.25164739579e-09, 4.30281010821e-09, 3.73167319268e-09, 3.48928685945e-09, 3.07627145979e-09, 3.29922511533e-09, 4.60155069604e-09, 4.35463354265e-09, 3.87921605949e-09, 4.64138105727e-09, 4.2846606263e-09, 3.55256069007e-09, 2.75678746497e-09, 3.21872040132e-09, 7.91830268021e-10, 5.71893574164e-11, 5.54846030232e-11, 5.37413308299e-11, 5.22173936035e-11, 5.09049261077e-11, 4.97840726976e-11, 4.88575603586e-11, 4.79233527861e-11, 4.71479071062e-11, 4.65279516304e-11, 4.60952283288e-11, 4.58460179542e-11]
    },
    "mfcc": {
        "mean": [-723.430603027, 227.129241943, -46.3210487366, 25.5886268616, -9.55842018127, -13.8698606491, -8.20054912567, -10.8451356888, -12.7801551819, -4.26430225372, -8.92627906799, -1.49229073524, -10.1536998749],
        "cov": [[3073.33618164, -390.527130127, -658.101013184, -6.9181432724, -352.368988037, 17.0230903625, -53.927936554, 6.2441701889, 60.1174697876, 109.04221344, 93.2820739746, 48.5369758606, -50.1830253601], [-390.527130127, 377.979370117, 77.6164016724, -64.4857254028, 67.235786438, -10.3076305389, 19.8313999176, 8.85792827606, -8.47275066376, -10.9044971466, -13.6681852341, -31.2502975464, 17.5928096771], [-658.101013184, 77.6164016724, 354.257843018, 57.2930717468, 80.0522232056, 15.4283838272, 11.373336792, -6.37905883789, -16.370513916, -30.9906425476, -32.6973571777, 0.287385314703, 7.91910457611], [-6.9181432724, -64.4857254028, 57.2930717468, 206.030044556, 51.1891365051, -69.6377258301, -48.2994346619, -12.3303308487, -4.51081371307, -32.4711685181, -3.31595563889, 32.2849311829, 7.10187625885], [-352.368988037, 67.235786438, 80.0522232056, 51.1891365051, 151.756759644, 9.3240814209, -16.8629150391, 3.61618089676, -9.07855129242, -19.3273830414, -10.4157905579, -0.515990197659, -1.67285716534], [17.0230903625, -10.3076305389, 15.4283838272, -69.6377258301, 9.3240814209, 148.240737915, 79.3343734741, 0.844213604927, 7.59062004089, 29.1896572113, 9.20251464844, -23.4277057648, -24.998167038], [-53.927936554, 19.8313999176, 11.373336792, -48.2994346619, -16.8629150391, 79.3343734741, 121.379898071, 12.5363521576, -5.13445186615, 24.8056945801, 2.26261496544, -17.8485431671, -24.0217380524], [6.2441701889, 8.85792827606, -6.37905883789, -12.3303308487, 3.61618089676, 0.844213604927, 12.5363521576, 76.174697876, 20.9246673584, -0.275419384241, 8.88145923615, -3.86061954498, 9.47891521454], [60.1174697876, -8.47275066376, -16.370513916, -4.51081371307, -9.07855129242, 7.59062004089, -5.13445186615, 20.9246673584, 70.8871459961, 30.3334445953, -3.01702308655, -4.11741828918, -0.980543494225], [109.04221344, -10.9044971466, -30.9906425476, -32.4711685181, -19.3273830414, 29.1896572113, 24.8056945801, -0.275419384241, 30.3334445953, 76.4987335205, 22.8119792938, -7.38684940338, -14.5336580276], [93.2820739746, -13.6681852341, -32.6973571777, -3.31595563889, -10.4157905579, 9.20251464844, 2.26261496544, 8.88145923615, -3.01702308655, 22.8119792938, 74.1276855469, 19.9095497131, -8.57423019409], [48.5369758606, -31.2502975464, 0.287385314703, 32.2849311829, -0.515990197659, -23.4277057648, -17.8485431671, -3.86061954498, -4.11741828918, -7.38684940338, 19.9095497131, 65.4458084106, 25.4975261688], [-50.1830253601, 17.5928096771, 7.91910457611, 7.10187625885, -1.67285716534, -24.998167038, -24.0217380524, 9.47891521454, -0.980543494225, -14.5336580276, -8.57423019409, 25.4975261688, 77.7253189087]],
        "icov": [[0.000941429520026, -0.000153714339831, 0.00149036734365, -0.00123450194951, 0.00215730443597, -0.00172170635778, 0.00159168220125, -0.000930610694923, 0.000716513255611, -0.00101554812863, 0.000697405368555, -0.00103631289676, 0.000937719363719], [-0.000153714339831, 0.00417930539697, -0.00103206303902, 0.00275727338158, -0.00315670785494, 0.00327276275493, -0.00254931231029, 0.00133558362722, -0.00122961692978, 0.00120888627134, -0.001656691893, 0.00262282416224, -0.0019907457754], [0.00149036734365, -0.00103206303902, 0.00603395607322, -0.0032558706589, 0.00247907475568, -0.00385167403147, 0.00219960999675, -0.00150109350216, 0.00164948054589, -0.00121075415518, 0.00258157378994, -0.00221520825289, 0.0013619097881], [-0.00123450194951, 0.00275727338158, -0.0032558706589, 0.0106533616781, -0.00682451808825, 0.00752726057544, -0.00377940270118, 0.00353646092117, -0.00352727761492, 0.00401765340939, -0.00267508719116, 0.000269973970717, -0.00106504291762], [0.00215730443597, -0.00315670785494, 0.00247907475568, -0.00682451808825, 0.0157224852592, -0.00897145178169, 0.00810485333204, -0.00503322901204, 0.00429146364331, -0.00307015283033, 0.00379185075872, -0.00378861045465, 0.00419121980667], [-0.00172170635778, 0.00327276275493, -0.00385167403147, 0.00752726057544, -0.00897145178169, 0.0187766216695, -0.0125620048493, 0.00573837896809, -0.00558187346905, 0.00305030588061, -0.00543167814612, 0.00542906671762, -0.00276430440135], [0.00159168220125, -0.00254931231029, 0.00219960999675, -0.00377940270118, 0.00810485333204, -0.0125620048493, 0.0199459604919, -0.00752708176151, 0.00775995897129, -0.00706908293068, 0.0056077549234, -0.00422573275864, 0.00572349550202], [-0.000930610694923, 0.00133558362722, -0.00150109350216, 0.00353646092117, -0.00503322901204, 0.00573837896809, -0.00752708176151, 0.0193531867117, -0.00973020028323, 0.00691831856966, -0.00710052670911, 0.0050885938108, -0.00530429417267], [0.000716513255611, -0.00122961692978, 0.00164948054589, -0.00352727761492, 0.00429146364331, -0.00558187346905, 0.00775995897129, -0.00973020028323, 0.0238076485693, -0.0129312891513, 0.00774406595156, -0.00311295106076, 0.00253503490239], [-0.00101554812863, 0.00120888627134, -0.00121075415518, 0.00401765340939, -0.00307015283033, 0.00305030588061, -0.00706908293068, 0.00691831856966, -0.0129312891513, 0.0244449321181, -0.00963939074427, 0.0043077156879, -0.0013553025201], [0.000697405368555, -0.001656691893, 0.00258157378994, -0.00267508719116, 0.00379185075872, -0.00543167814612, 0.0056077549234, -0.00710052670911, 0.00774406595156, -0.00963939074427, 0.0219564642757, -0.0103666931391, 0.00585851958022], [-0.00103631289676, 0.00262282416224, -0.00221520825289, 0.000269973970717, -0.00378861045465, 0.00542906671762, -0.00422573275864, 0.0050885938108, -0.00311295106076, 0.0043077156879, -0.0103666931391, 0.0256198067218, -0.0101056070998], [0.000937719363719, -0.0019907457754, 0.0013619097881, -0.00106504291762, 0.00419121980667, -0.00276430440135, 0.00572349550202, -0.00530429417267, 0.00253503490239, -0.0013553025201, 0.00585851958022, -0.0101056070998, 0.0192372780293]]
    },
    "spectral_contrast_coeffs": {
        "max": [-0.384335547686, -0.396194070578, -0.478236883879, -0.63691842556, -0.623759388924, -0.625584721565],
        "mean": [-0.630049347878, -0.721154987812, -0.750642120838, -0.796548485756, -0.783083856106, -0.76326584816],
        "min": [-0.820879340172, -0.903806447983, -0.900612533092, -0.903839766979, -0.899271070957, -0.907180666924],
        "stdev": [0.0685437768698, 0.0813936963677, 0.0696834921837, 0.0447211787105, 0.0380798727274, 0.0344931036234]
    },
    "spectral_contrast_valleys": {
        "max": [-5.35772705078, -4.36572217941, -5.42380952835, -6.19697904587, -7.02213668823, -9.50879478455],
        "mean": [-6.88934659958, -6.19463586807, -7.20420265198, -7.70271968842, -8.44172286987, -12.7256450653],
        "min": [-9.02251243591, -8.51216125488, -9.31848716736, -10.0856628418, -10.8066387177, -13.6846590042],
        "stdev": [0.56278526783, 0.664602041245, 0.631427526474, 0.642617821693, 0.690884590149, 0.442531764507]
    }
},
"rhythm": {
    "beats_count": 230,
    "beats_loudness": {
        "max": 0.0827594026923,
        "mean": 0.0348153226078,
        "min": 0.00190735678189,
        "stdev": 0.0169172026217
    },
    "bpm": 147.982116699,
    "bpm_histogram_first_peak_bpm": 148,
    "bpm_histogram_first_peak_weight": 0.488505780697,
    "bpm_histogram_second_peak_bpm": 140,
    "bpm_histogram_second_peak_spread": 0.133333325386,
    "bpm_histogram_second_peak_weight": 0.0567685589194,
    "danceability": 1.18652260303,
    "onset_rate": 3.49699831009,
    "beats_loudness_band_ratio": {
        "max": [0.782497167587, 0.969207465649, 0.867784619331, 0.680940389633, 0.304511606693, 0.0201883036643],
        "mean": [0.181491315365, 0.372408896685, 0.370770871639, 0.112992189825, 0.0382559336722, 0.0034440481104],
        "min": [0.00572372227907, 0.0427935011685, 0.0263922717422, 0.00340759335086, 0.000463731907075, 4.31601329183e-05],
        "stdev": [0.151041522622, 0.212952032685, 0.190102994442, 0.104017712176, 0.0407553240657, 0.00312236789614]
    },
