{
"metadata": {
    "version": {
        "essentia": "2.1-beta5",
        "essentia_git_sha": "Undefined",
        "extractor": "music 2.0"
    },
    "audio_properties": {
        "analysis": {
            "equal_loudness": 0,
            "length": 45.2556915283,
            "sample_rate": 44100,
            "start_time": 32.4963264465,
            "downmix": "mix"
        },
        "bit_rate": 192000,
        "length": 240.848999023,
        "lossless": 0,
        "number_channels": 2,
        "replay_gain": -11.3567714691,
        "sample_rate": 48000,
        "codec": "mp3",
        "md5_encoded": "c1a8723bc88f881e72fc10fffa9537c3"
    },
    "tags": {
        "file_name": "Portugal_Portugal No Coração_Os Amigos.mp3",
        "encoding": ["Lavf58.29.100"]
    }
},
"lowlevel": {
    "average_loudness": 0.685623645782,
    "barkbands_crest": {
        "max": 22.2160148621,
        "mean": 8.55834579468,
        "min": 2.66147470474,
        "stdev": 3.49826598167
    },
    "barkbands_flatness_db": {
        "max": 0.352540969849,
        "mean": 0.153794273734,
        "min": 0.0461594834924,
        "stdev": 0.0569516643882
    },
    "barkbands_kurtosis": {
        "max": 37.7613258362,
        "mean": 2.53191590309,
        "min": -1.72440648079,
        "stdev": 4.10370349884
    },
    "barkbands_skewness": {
        "max": 4.76074743271,
        "mean": 1.07183110714,
        "min": -3.45596456528,
        "stdev": 1.07314479351
    },
    "barkbands_spread": {
        "max": 83.5512542725,
        "mean": 16.5761051178,
        "min": 1.58584499359,
        "stdev": 9.74460792542
    },
    "dissonance": {
        "max": 0.500000059605,
        "mean": 0.464445620775,
        "min": 0.253903359175,
        "stdev": 0.0333225987852
    },
    "dynamic_complexity": 6.45781803131,
    "erbbands_crest": {
        "max": 28.0226688385,
        "mean": 8.56142616272,
        "min": 2.62661838531,
        "stdev": 3.68083906174
    },
    "erbbands_flatness_db": {
        "max": 0.384668797255,
        "mean": 0.203902751207,
        "min": 0.085533708334,
        "stdev": 0.0550743564963
    },
    "erbbands_kurtosis": {
        "max": 54.9434585571,
        "mean": 0.496080160141,
        "min": -1.85543084145,
        "stdev": 2.83191919327
    },
    "erbbands_skewness": {
        "max": 2.98182463646,
        "mean": 0.227857738733,
        "min": -5.99982261658,
        "stdev": 0.827134907246
    },
    "erbbands_spread": {
        "max": 96.1260452271,
        "mean": 28.0421257019,
        "min": 2.56335544586,
        "stdev": 13.4904289246
    },
    "hfc": {
        "max": 168.0990448,
        "mean": 9.08468818665,
        "min": 0.0148267084733,
        "stdev": 16.4822826385
    },
    "loudness_ebu128": {
        "integrated": -15.7721910477,
        "loudness_range": 6.56336021423,
        "momentary": {
            "max": -8.34183120728,
            "mean": -18.7468910217,
            "min": -38.1892776489,
            "stdev": 5.46252822876
        },
        "short_term": {
            "max": -12.5423116684,
            "mean": -16.883890152,
            "min": -23.1845359802,
            "stdev": 2.30357980728
        }
    },
    "melbands_crest": {
        "max": 26.603805542,
        "mean": 10.7195854187,
        "min": 2.78827142715,
        "stdev": 4.21250534058
    },
    "melbands_flatness_db": {
        "max": 0.43746316433,
        "mean": 0.198504254222,
        "min": 0.0479629002512,
        "stdev": 0.0795719623566
    },
    "melbands_kurtosis": {
        "max": 55.3264923096,
        "mean": 6.0598320961,
        "min": -1.8214751482,
        "stdev": 6.95415687561
    },
    "melbands_skewness": {
        "max": 5.88117313385,
        "mean": 1.72780752182,
        "min": -1.59360480309,
        "stdev": 1.20817196369
    },
    "melbands_spread": {
        "max": 134.215255737,
        "mean": 23.3138980865,
        "min": 2.47988033295,
        "stdev": 16.5451564789
    },
    "pitch_salience": {
        "max": 0.918419241905,
        "mean": 0.69005137682,
        "min": 0.275216281414,
        "stdev": 0.103867061436
    },
    "silence_rate_20dB": {
        "max": 1,
        "mean": 1,
        "min": 1,
        "stdev": 0
    },
    "silence_rate_30dB": {
        "max": 1,
        "mean": 0.993846178055,
        "min": 0,
        "stdev": 0.0782057195902
    },
    "silence_rate_60dB": {
        "max": 1,
        "mean": 0.427692294121,
        "min": 0,
        "stdev": 0.49474555254
    },
    "spectral_centroid": {
        "max": 3840.98535156,
        "mean": 1243.06140137,
        "min": 322.711334229,
        "stdev": 628.747741699
    },
    "spectral_complexity": {
        "max": 58,
        "mean": 10.8548717499,
        "min": 0,
        "stdev": 8.27470397949
    },
    "spectral_decrease": {
        "max": -3.94871201709e-12,
        "mean": -2.86365220425e-09,
        "min": -3.87681566849e-08,
        "stdev": 5.06348785123e-09
    },
    "spectral_energy": {
        "max": 0.159061536193,
        "mean": 0.0116320801899,
        "min": 1.67834332387e-05,
        "stdev": 0.020396174863
    },
    "spectral_energyband_high": {
        "max": 0.0192506611347,
        "mean": 0.000202730865567,
        "min": 2.71094933169e-07,
        "stdev": 0.000879917992279
    },
    "spectral_energyband_low": {
        "max": 0.0100692491978,
        "mean": 0.000575948797632,
        "min": 6.45081456696e-07,
        "stdev": 0.000894398952369
    },
    "spectral_energyband_middle_high": {
        "max": 0.12675191462,
        "mean": 0.00272709107958,
        "min": 3.44104773831e-06,
        "stdev": 0.00586735736579
    },
    "spectral_energyband_middle_low": {
        "max": 0.136074095964,
        "mean": 0.00833833776414,
        "min": 3.91176081393e-06,
        "stdev": 0.0159482453018
    },
    "spectral_entropy": {
        "max": 8.71427249908,
        "mean": 7.37475013733,
        "min": 5.75960493088,
        "stdev": 0.500214874744
    },
    "spectral_flux": {
        "max": 0.333759486675,
        "mean": 0.0524173825979,
        "min": 0.00267909257673,
        "stdev": 0.0488652028143
    },
    "spectral_kurtosis": {
        "max": 96.8208694458,
        "mean": 10.5007839203,
        "min": -0.60773396492,
        "stdev": 11.9126768112
    },
    "spectral_rms": {
        "max": 0.012457205914,
        "mean": 0.00259151356295,
        "min": 0.000127961247927,
        "stdev": 0.00215230998583
    },
    "spectral_rolloff": {
        "max": 9926.80664062,
        "mean": 1504.6973877,
        "min": 215.33203125,
        "stdev": 1056.48876953
    },
    "spectral_skewness": {
        "max": 7.46604156494,
        "mean": 2.09052681923,
        "min": 0.262529999018,
        "stdev": 1.00630366802
    },
    "spectral_spread": {
        "max": 10557762,
        "mean": 3168587.25,
        "min": 668244.5625,
        "stdev": 1190192
    },
    "spectral_strongpeak": {
        "max": 12.0499830246,
        "mean": 0.682188212872,
        "min": 0,
        "stdev": 0.930873632431
    },
    "zerocrossingrate": {
        "max": 0.25732421875,
        "mean": 0.0573337338865,
        "min": 0.013671875,
        "stdev": 0.02996157296
    },
    "barkbands": {
        "max": [0.00162222492509, 0.00233041378669, 0.00296786893159, 0.0229609422386, 0.0366254635155, 0.069384239614, 0.0957758575678, 0.0568834394217, 0.0574098676443, 0.101014137268, 0.0226662587374, 0.0294289793819, 0.00911136344075, 0.0175878759474, 0.00977184902877, 0.00523107359186, 0.00539986463264, 0.00829760637134, 0.00441571185365, 0.00673378119245, 0.0024006892927, 0.00163128995337, 0.00656071584672, 0.00493761105463, 0.00470345327631, 0.000686901272275, 1.98118050321e-06],
        "mean": [2.76754763036e-05, 0.000228936245549, 0.000183653231943, 0.000447449623607, 0.00129434932023, 0.00192667567171, 0.00223076879047, 0.00117882806808, 0.00107454264071, 0.00062530185096, 0.000411649729358, 0.000364186795196, 0.000286336260615, 0.000275823695119, 0.000257651990978, 0.000209005898796, 0.00014998127881, 0.000121150427731, 0.000103803620732, 5.2940864407e-05, 5.39032153029e-05, 4.53813372587e-05, 3.34444375767e-05, 2.51424007729e-05, 1.95399315999e-05, 3.97807207264e-06, 3.19642734503e-09],
        "min": [3.14708614724e-08, 1.83529280662e-07, 5.97351785814e-08, 2.6252187979e-08, 4.21335755618e-07, 3.45140449554e-07, 2.98650775221e-07, 1.99020277591e-07, 2.23045077519e-07, 1.59134671662e-07, 6.82841800881e-08, 2.04042322594e-07, 1.26627725194e-07, 2.61719122818e-07, 1.75039502892e-07, 2.49063361935e-07, 1.44355965404e-07, 1.6637643796e-07, 5.48433121139e-08, 1.77925016942e-08, 1.15475380369e-08, 2.84771459746e-08, 3.00908915563e-08, 5.25301082632e-08, 6.10939920875e-08, 6.88068046983e-09, 1.13670392543e-11],
        "stdev": [9.0705420007e-05, 0.000338609854225, 0.000325207744027, 0.00115725025535, 0.00244507822208, 0.00497752567753, 0.00794582813978, 0.00399429863319, 0.00366924377158, 0.00317381508648, 0.00144057173748, 0.00126903434284, 0.000753301545046, 0.000903395703062, 0.000586959766224, 0.000404171034461, 0.000312915130053, 0.00034782581497, 0.000301743275486, 0.000305752531858, 0.000180765346158, 0.000145313839312, 0.000226222546189, 0.000199399510166, 0.000189751037396, 2.6381938369e-05, 6.13676220951e-08]
    },
    "erbbands": {
        "max": [0.0521146841347, 0.650920629501, 2.57458901405, 31.7976150513, 95.4026641846, 218.250732422, 178.710418701, 845.766479492, 1459.29406738, 1516.26477051, 1019.69049072, 1448.71179199, 1218.171875, 4848.17919922, 569.709289551, 1089.59692383, 495.399261475, 1016.23327637, 786.365905762, 379.551483154, 336.332275391, 224.923919678, 433.403015137, 376.006286621, 223.454025269, 251.313659668, 137.39956665, 88.0425949097, 55.5260353088, 67.6543121338, 217.214050293, 139.358398438, 81.8706817627, 67.9285507202, 26.2935447693, 6.04300451279, 0.907703220844, 0.0291107129306, 0.00122748373542, 0.000223159280722],
        "mean": [0.00412847381085, 0.0599046647549, 0.191953122616, 0.861482143402, 3.16650223732, 4.50292539597, 6.7420463562, 19.1994419098, 32.0675735474, 28.5055427551, 26.9725036621, 24.6830406189, 17.4896030426, 22.5732898712, 15.1929254532, 14.8993206024, 13.4665050507, 14.2787084579, 13.8128871918, 12.8512239456, 11.0555782318, 8.33404159546, 6.56061124802, 6.39261817932, 4.16788291931, 2.37257766724, 2.16932177544, 2.04910874367, 1.63119876385, 1.22639548779, 0.939831316471, 0.583938241005, 0.411080896854, 0.283733934164, 0.107075184584, 0.0343913771212, 0.00370806013234, 0.000105378509033, 1.13902360681e-05, 1.44400037243e-05],
        "min": [1.86376814781e-06, 4.95984822919e-05, 0.000211552149267, 0.00021338328952, 0.00110073760152, 0.00166564201936, 0.00229033618234, 0.0021782014519, 0.00338327838108, 0.00909322220832, 0.00403781794012, 0.00515707209706, 0.00955024641007, 0.00685071432963, 0.00764111429453, 0.00972701981664, 0.0115838469937, 0.0167896877974, 0.00927390996367, 0.0112797692418, 0.0143480943516, 0.00906358193606, 0.010915601626, 0.0066323610954, 0.00206444226205, 0.00107439688873, 0.000410731241573, 0.000578530831262, 0.000871435273439, 0.000734589295462, 0.00108984857798, 0.000842867419124, 0.00086462800391, 0.000634066702332, 0.000302339205518, 0.000130947853904, 6.61851072437e-06, 2.58784240259e-07, 4.82514721512e-08, 2.6109358231e-08],
        "stdev": [0.00561693497002, 0.0917504876852, 0.302030265331, 1.9647346735, 5.83797216415, 11.5383138657, 15.9680595398, 53.852268219, 105.794494629, 102.200569153, 81.3906478882, 89.3666534424, 62.1062698364, 136.110336304, 46.8483734131, 48.3841094971, 34.1544342041, 40.7964668274, 42.9446182251, 25.21043396, 20.5688209534, 15.9616584778, 17.9436378479, 19.7348194122, 14.3036804199, 12.4336385727, 8.04281234741, 6.67458963394, 5.08127832413, 4.60504007339, 7.31435441971, 4.5712852478, 3.50255775452, 2.82794547081, 1.00669598579, 0.238578870893, 0.0296604968607, 0.000937507953495, 4.52504755231e-05, 2.52907429967e-05]
    },
    "gfcc": {
        "mean": [-109.219779968, 117.612884521, -147.254440308, 16.8522663116, -60.2633666992, 6.2440738678, -54.2429847717, 6.18119287491, -22.8196582794, -0.667963802814, -11.4886283875, -0.957170248032, -6.59578943253],
        "cov": [[7486.35498047, -426.603637695, -673.273681641, 420.53729248, -621.621337891, -99.6138305664, 623.655029297, -320.353942871, 201.915115356, 38.9985923767, -112.170211792, -297.863037109, -55.228187561], [-426.603637695, 1841.99938965, 437.489105225, -545.957580566, 236.186203003, -503.398712158, 39.5739974976, -192.980560303, 92.310760498, -258.387207031, 144.602172852, -78.2124481201, 98.7294845581], [-673.273681641, 437.489105225, 638.573303223, 25.8003635406, 38.6973419189, -55.72240448, -74.0570220947, -45.7132148743, -98.0841674805, -43.5460968018, -34.9493560791, 9.25499153137, -6.16096496582], [420.53729248, -545.957580566, 25.8003635406, 766.474304199, -21.2603149414, 148.920211792, 122.995780945, -9.27365493774, -71.3609466553, 100.619171143, -118.789924622, -55.6287956238, -87.6906890869], [-621.621337891, 236.186203003, 38.6973419189, -21.2603149414, 282.903991699, -28.0792713165, -78.8827819824, 28.0691986084, -17.1224956512, -34.9984893799, 38.1567077637, 13.3367767334, 24.6242542267], [-99.6138305664, -503.398712158, -55.72240448, 148.920211792, -28.0792713165, 284.105224609, 32.72889328, 72.6281051636, -36.8651885986, 94.0224761963, -46.4687461853, 20.6762981415, -26.3531665802], [623.655029297, 39.5739974976, -74.0570220947, 122.995780945, -78.8827819824, 32.72889328, 278.409484863, 19.0229816437, 23.0018424988, 9.60212898254, -31.1384849548, -53.6946220398, -44.0858726501], [-320.353942871, -192.980560303, -45.7132148743, -9.27365493774, 28.0691986084, 72.6281051636, 19.0229816437, 153.299240112, -2.96649122238, 17.1530056, -0.452141523361, 29.2373867035, -22.4267368317], [201.915115356, 92.310760498, -98.0841674805, -71.3609466553, -17.1224956512, -36.8651885986, 23.0018424988, -2.96649122238, 116.250274658, 12.4011049271, 28.185295105, -16.2762813568, 14.0975189209], [38.9985923767, -258.387207031, -43.5460968018, 100.619171143, -34.9984893799, 94.0224761963, 9.60212898254, 17.1530056, 12.4011049271, 125.393585205, -9.27642917633, 3.25937724113, -20.9590206146], [-112.170211792, 144.602172852, -34.9493560791, -118.789924622, 38.1567077637, -46.4687461853, -31.1384849548, -0.452141523361, 28.185295105, -9.27642917633, 95.5004806519, 22.2256813049, 26.4854507446], [-297.863037109, -78.2124481201, 9.25499153137, -55.6287956238, 13.3367767334, 20.6762981415, -53.6946220398, 29.2373867035, -16.2762813568, 3.25937724113, 22.2256813049, 80.933555603, 23.8607387543], [-55.228187561, 98.7294845581, -6.16096496582, -87.6906890869, 24.6242542267, -26.3531665802, -44.0858726501, -22.4267368317, 14.0975189209, -20.9590206146, 26.4854507446, 23.8607387543, 90.4326629639]],
        "icov": [[0.000298894708976, 0.000615163415205, -0.000176635221578, 0.000215645457502, -7.277361874e-05, 0.000583804270718, -0.000955011812039, 0.000965913233813, -0.000453168933745, 0.000375232397346, -0.000306809612084, 0.000807865231764, -0.000293764082016], [0.000615163415205, 0.0091424677521, -0.00613084388897, 0.00462489901111, -0.00691575743258, 0.00745463324711, -0.00919276662171, 0.00804548803717, -0.00550355063751, 0.00455578463152, -0.00488172797486, 0.00590291479602, -0.00218326644972], [-0.000176635221578, -0.00613084388897, 0.00630486058071, -0.00314726238139, 0.0048158429563, -0.00438238075003, 0.00617050146684, -0.00456919940189, 0.00514920568094, -0.0029256423004, 0.0040446263738, -0.0038150397595, 0.00159099674784], [0.000215645457502, 0.00462489901111, -0.00314726238139, 0.00456150714308, -0.00426764879376, 0.0034341616556, -0.00528437737375, 0.0046519106254, -0.00170428561978, 0.000711072992999, -0.00068647909211, 0.00327411247417, -0.000200752954697], [-7.277361874e-05, -0.00691575743258, 0.0048158429563, -0.00426764879376, 0.0104416580871, -0.00542742013931, 0.00782476458699, -0.00714544253424, 0.00460898363963, -0.00199027801864, 0.00147271947935, -0.00250075780787, 0.000362112914445], [0.000583804270718, 0.00745463324711, -0.00438238075003, 0.0034341616556, -0.00542742013931, 0.0125867947936, -0.00805480778217, 0.0044292085804, -0.00229399558157, -0.000487320648972, -0.00175470742397, 0.00377661013044, -0.00267094187438], [-0.000955011812039, -0.00919276662171, 0.00617050146684, -0.00528437737375, 0.00782476458699, -0.00805480778217, 0.0148925613612, -0.00987270195037, 0.00468807434663, -0.00332724698819, 0.00448950519785, -0.00362738105468, 0.00322327041067], [0.000965913233813, 0.00804548803717, -0.00456919940189, 0.0046519106254, -0.00714544253424, 0.0044292085804, -0.00987270195037, 0.0172961205244, -0.0058738286607, 0.00453063240275, -0.00361455394886, 0.00153173622675, 0.00133878423367], [-0.000453168933745, -0.00550355063751, 0.00514920568094, -0.00170428561978, 0.00460898363963, -0.00229399558157, 0.00468807434663, -0.0058738286607, 0.0164848063141, -0.0063105369918, 0.00091243890347, -9.18794394238e-05, -0.000940172118135], [0.000375232397346, 0.00455578463152, -0.0029256423004, 0.000711072992999, -0.00199027801864, -0.000487320648972, -0.00332724698819, 0.00453063240275, -0.0063105369918, 0.0154893994331, -0.00458209449425, 0.00229878467508, 0.000956135860179], [-0.000306809612084, -0.00488172797486, 0.0040446263738, -0.00068647909211, 0.00147271947935, -0.00175470742397, 0.00448950519785, -0.00361455394886, 0.00091243890347, -0.00458209449425, 0.019027967006, -0.00722569832578, 0.000261500157649], [0.000807865231764, 0.00590291479602, -0.0038150397595, 0.00327411247417, -0.00250075780787, 0.00377661013044, -0.00362738105468, 0.00153173622675, -9.18794394238e-05, 0.00229878467508, -0.00722569832578, 0.0239368528128, -0.00629561254755], [-0.000293764082016, -0.00218326644972, 0.00159099674784, -0.000200752954697, 0.000362112914445, -0.00267094187438, 0.00322327041067, 0.00133878423367, -0.000940172118135, 0.000956135860179, 0.000261500157649, -0.00629561254755, 0.0161549281329]]
    },
    "melbands": {
        "max": [0.000493032974191, 0.00116881518625, 0.00856107473373, 0.009261848405, 0.00513048330322, 0.0164871662855, 0.021999899298, 0.0146201960742, 0.00816977582872, 0.00782391615212, 0.00600326759741, 0.0201179329306, 0.00254611228593, 0.00449203606695, 0.00138957682066, 0.00111726368777, 0.00218186201528, 0.00157276715618, 0.000461988936877, 0.000539955450222, 0.000552162877284, 0.000247816875344, 0.000358796532964, 0.000371075526346, 0.000317856960464, 0.000187993544387, 0.000334742828272, 0.000131390217575, 0.000100710407423, 7.12924229447e-05, 4.31193548138e-05, 3.48989669874e-05, 4.06423205277e-05, 3.92966067011e-05, 0.00010537327762, 0.000146703707287, 6.54191026115e-05, 4.13144625782e-05, 9.03944019228e-05, 4.80845264974e-05],
        "mean": [5.27000775037e-05, 0.000100137731351, 0.000221504145884, 0.000283145054709, 0.000226379037485, 0.000424717058195, 0.000491640006658, 0.000295767269563, 0.000224680785323, 0.000144742880366, 8.28784686746e-05, 9.08921647351e-05, 5.26036383235e-05, 4.20773721999e-05, 3.65616870113e-05, 2.57590254478e-05, 2.67424966296e-05, 2.19905832637e-05, 1.85728949873e-05, 1.6024141587e-05, 1.22142437249e-05, 9.02757346921e-06, 6.73045906296e-06, 5.13749000675e-06, 5.27878910361e-06, 3.68893938685e-06, 2.27948135034e-06, 1.34471292768e-06, 1.27100736336e-06, 1.39549513278e-06, 1.10967846467e-06, 9.55079713094e-07, 7.87579494954e-07, 6.13552913364e-07, 5.01651925333e-07, 5.36455729616e-07, 2.91688820653e-07, 2.41044403992e-07, 3.45874326513e-07, 2.07244397643e-07],
        "min": [4.04697537704e-08, 1.26317800664e-07, 4.84758864161e-08, 9.42045588204e-08, 9.17270597256e-08, 6.21661300215e-08, 5.54389529839e-08, 7.84669396126e-08, 3.20333590764e-08, 3.14875627794e-08, 3.92429342355e-08, 2.22290772456e-08, 1.59735531469e-08, 2.22096989688e-08, 2.70616169473e-08, 2.13172981489e-08, 2.59198138508e-08, 1.21197993863e-08, 1.12239710859e-08, 1.70574505631e-08, 1.44287950476e-08, 9.73472769061e-09, 8.53735127038e-09, 6.99662416892e-09, 4.82039963501e-09, 1.47470069489e-09, 6.33998853417e-10, 4.08571454447e-10, 2.51774157078e-10, 2.21172746784e-10, 3.88209214774e-10, 4.83779405425e-10, 5.63700031098e-10, 3.24027721321e-10, 5.35297139947e-10, 4.68311445179e-10, 5.12610898173e-10, 4.77491990392e-10, 4.87363926993e-10, 2.80479639514e-10],
        "stdev": [7.09678570274e-05, 0.000148998049553, 0.000442772987299, 0.000550361291971, 0.000519795052242, 0.00113345612772, 0.00164961838163, 0.0010523024248, 0.000687191437464, 0.000510242767632, 0.000307072390569, 0.000566477247048, 0.000172332962393, 0.000171278850758, 0.000104720973468, 6.4115258283e-05, 8.4045510448e-05, 7.97591856099e-05, 3.63556064258e-05, 3.35199401889e-05, 2.49571075983e-05, 1.7978312826e-05, 1.60028066603e-05, 1.56785554282e-05, 1.69860777532e-05, 1.11389454105e-05, 1.37397173603e-05, 6.7275695983e-06, 5.10145082444e-06, 4.92011304232e-06, 3.56409168489e-06, 2.97174528896e-06, 2.7603309718e-06, 2.45341379923e-06, 3.64603101843e-06, 4.85848477183e-06, 2.16433477362e-06, 1.78879702162e-06, 3.56300984095e-06, 2.05924334296e-06]
    },
    "melbands128": {
        "max": [0.000602019252256, 0.000428054016083, 0.000601771112997, 0.00140119134448, 0.00110245740507, 0.00148500618525, 0.0055410922505, 0.0150729557499, 0.0106095494702, 0.0110062416643, 0.0167301371694, 0.00508340075612, 0.00758519489318, 0.0149897765368, 0.0292104240507, 0.0230058077723, 0.0234502032399, 0.0401793271303, 0.031845446676, 0.0292153358459, 0.0222102291882, 0.0186476651579, 0.0121035277843, 0.022815098986, 0.016189577058, 0.00884010549635, 0.008723821491, 0.00861724000424, 0.00877788569778, 0.0233935527503, 0.032493468374, 0.00532384077087, 0.00315666757524, 0.00371016003191, 0.00421913852915, 0.00856864731759, 0.00197760341689, 0.00261456426233, 0.00232707965188, 0.00135411240626, 0.00206577731296, 0.000975167611614, 0.00241540581919, 0.00338593334891, 0.00265139713883, 0.00318103283644, 0.00164397526532, 0.000642794533633, 0.00049990741536, 0.000779976602644, 0.000677100557368, 0.000528491102159, 0.000234817096498, 0.00143071566708, 0.00054488517344, 0.000232447710005, 0.000325070664985, 0.000299018749502, 0.000351929862518, 0.000632192706689, 0.000293805816909, 0.000496991269756, 0.000410853186622, 0.000438441347796, 0.000286209251499, 0.000258299609413, 0.000228696444537, 0.00015143629571, 0.000741681375075, 0.000300672458252, 0.000138184041134, 0.000116371331387, 0.000158878930961, 7.95134910732e-05, 0.000117923198559, 8.69037685334e-05, 0.000157505302923, 6.54994000797e-05, 6.21036888333e-05, 7.1860740718e-05, 5.56270206289e-05, 4.06045619457e-05, 3.71078021999e-05, 5.10073332407e-05, 4.46752128482e-05, 3.79428129236e-05, 3.98733354814e-05, 6.09990202065e-05, 6.59853685647e-05, 0.000185703771422, 0.000230653909966, 8.32703735796e-05, 0.000106342027721, 7.07043436705e-05, 3.64414154319e-05, 4.16722868977e-05, 2.32509155467e-05, 9.03477703105e-05, 0.000115934308269, 8.84938926902e-05, 7.60635448387e-05, 4.27196682722e-05, 3.74777264369e-05, 3.23348649545e-05, 2.84135512629e-05, 3.46633205481e-05, 1.72445106728e-05, 8.9093709903e-06, 5.88011607761e-06, 1.05456956589e-05, 8.19042725198e-06, 4.62629759568e-06, 7.88991712852e-07, 2.15712333329e-07, 1.60454547427e-07, 1.18449889897e-07, 5.29958974482e-08, 8.19458545465e-09, 7.96491672617e-09, 7.74816744098e-09, 7.55473461567e-09, 7.39319272469e-09, 7.25004900559e-09, 7.12876557785e-09, 7.04241820415e-09, 6.95282498242e-09, 6.89492729578e-09, 6.85814560697e-09],
        "mean": [1.30034950416e-05, 2.2861528123e-05, 6.79944787407e-05, 0.000111798544822, 8.90018782229e-05, 9.91527776932e-05, 0.000139628929901, 0.000266138027655, 0.000339638703736, 0.000298300670693, 0.000251528486842, 0.000182510862942, 0.00020534437499, 0.000280130392639, 0.000433181878179, 0.000505784410052, 0.000497128348798, 0.00054191815434, 0.000427549384767, 0.00029818090843, 0.000244538328843, 0.000209261444979, 0.000228385775699, 0.000238498163526, 0.000172125946847, 9.69638567767e-05, 9.80267504929e-05, 8.56399274198e-05, 6.12108924543e-05, 9.58583550528e-05, 0.000108407140942, 6.7910666985e-05, 4.51499363407e-05, 4.60722440039e-05, 4.23256678914e-05, 4.3820728024e-05, 3.46687629644e-05, 4.13609777752e-05, 3.399661e-05, 2.65397811745e-05, 2.48152573477e-05, 2.22248090722e-05, 3.05109424517e-05, 2.68576677627e-05, 2.04450007004e-05, 2.29935576499e-05, 2.16242424358e-05, 1.78111622517e-05, 1.78513801075e-05, 1.73687076312e-05, 1.54295139509e-05, 1.60162053362e-05, 1.14185058919e-05, 1.2012354091e-05, 1.06823645183e-05, 8.7897915364e-06, 7.76457636675e-06, 6.00925613981e-06, 7.45302304495e-06, 6.07916399531e-06, 3.87628188037e-06, 5.38670519745e-06, 5.91741718381e-06, 4.99463749293e-06, 4.89355988975e-06, 3.88872376789e-06, 3.00329293168e-06, 1.88647936739e-06, 2.73644718618e-06, 1.84047848961e-06, 1.13002965918e-06, 1.210022333e-06, 1.21779521578e-06, 1.17202603178e-06, 1.48919752974e-06, 1.4544792748e-06, 1.3587941794e-06, 1.22518667922e-06, 1.07740640942e-06, 9.97332449515e-07, 9.78502725957e-07, 9.71641611613e-07, 8.05846127605e-07, 7.3822440072e-07, 8.13135613953e-07, 7.13685494702e-07, 5.14673956786e-07, 4.8174473477e-07, 3.99168413878e-07, 6.09177334354e-07, 6.83621749431e-07, 4.80874916775e-07, 3.56291195658e-07, 3.09139579713e-07, 2.3447127262e-07, 2.02789522064e-07, 1.91333953126e-07, 3.61292848083e-07, 4.28786933071e-07, 2.85577044679e-07, 2.56716845115e-07, 1.82624916079e-07, 1.70339035321e-07, 1.25101720982e-07, 1.22226495591e-07, 1.11285430648e-07, 7.60838219094e-08, 6.00793583772e-08, 5.74837848433e-08, 6.01529634991e-08, 3.31103642282e-08, 1.32923254625e-08, 2.34929431464e-09, 4.45269765503e-10, 3.6818945115e-10, 3.17548431994e-10, 7.3590626648e-11, 6.01666893391e-12, 5.81149278006e-12, 5.76272146321e-12, 5.40425646942e-12, 5.27596065794e-12, 5.17340077028e-12, 5.08353515533e-12, 5.00141811646e-12, 4.90792172528e-12, 4.85009124876e-12, 4.82147611766e-12],
        "min": [8.55459522664e-11, 9.13246722689e-09, 2.47311167101e-08, 2.66807091975e-08, 1.76149406172e-08, 2.52020466718e-08, 3.62880001603e-08, 5.68591396188e-09, 4.48042101198e-08, 5.02409562841e-08, 2.94908311105e-08, 3.3898096774e-08, 3.11645607098e-08, 3.98262827161e-08, 1.41205109827e-08, 1.60060693588e-08, 4.44558381218e-08, 2.8953161646e-08, 4.69900847122e-08, 1.62252558056e-08, 1.01234682859e-08, 1.98087342085e-08, 9.02529073699e-09, 1.01736281621e-08, 1.32705766376e-08, 6.94275037461e-09, 1.51724037778e-08, 1.33466215857e-08, 1.24944206092e-08, 8.45774561498e-09, 1.70523719589e-08, 3.61271812466e-09, 6.66471589028e-09, 6.24668983207e-09, 2.29630736648e-09, 1.37851809967e-08, 7.79483588786e-09, 2.34674697452e-08, 1.13938165569e-08, 6.61206378538e-09, 8.5795939242e-09, 1.33227437971e-08, 1.62963225137e-08, 1.15765921294e-08, 4.11769551789e-09, 8.25786639069e-09, 5.59152368851e-09, 8.96759377866e-09, 6.52239329213e-09, 5.93837512497e-09, 6.08819128445e-09, 1.00344719201e-08, 7.26582793931e-09, 6.81360656785e-09, 6.08416161896e-09, 7.55399476304e-09, 5.67825431119e-09, 5.88828497072e-09, 4.87730345e-09, 2.40362263426e-09, 2.72870082085e-09, 2.87639223551e-09, 2.78816347787e-09, 2.32533325928e-09, 7.35357219561e-10, 1.65471047975e-09, 2.78289474798e-10, 2.80266920782e-10, 1.59562446589e-10, 2.97975977226e-10, 3.03013586445e-10, 1.17984316761e-10, 7.4967407282e-11, 4.68700390999e-11, 1.36733185538e-11, 1.4647252855e-10, 1.75102862765e-10, 1.66186758799e-10, 2.40450936939e-10, 1.38232883473e-10, 7.96118726498e-11, 6.50108786249e-11, 2.38462333213e-10, 2.75377581849e-10, 1.89766119485e-11, 1.8603747709e-10, 9.49404443951e-11, 4.73163314085e-11, 2.80835649874e-11, 2.67967953382e-10, 1.47046652632e-10, 3.20386009389e-11, 4.52760412495e-10, 6.39029176797e-11, 5.54329707136e-11, 9.8042463037e-11, 1.45738004997e-11, 4.96615457091e-11, 4.96531808725e-11, 2.05677471582e-11, 6.98720525882e-11, 2.08236639737e-11, 2.88817112587e-11, 2.81723862988e-11, 6.24945373229e-11, 4.43867408106e-11, 5.99849423605e-12, 7.7734580925e-12, 1.75097523286e-11, 9.24126769032e-13, 4.2694146829e-13, 1.18618764984e-13, 4.07933168039e-14, 3.37080488305e-14, 3.52329419166e-14, 3.35870993019e-14, 3.57215105206e-14, 3.38500081643e-14, 3.27932363068e-14, 3.51699802636e-14, 3.26460490856e-14, 2.86583772121e-14, 2.90125725094e-14, 3.78771890426e-14, 2.71336298156e-14, 8.37187290385e-15, 1.31389929657e-15, 3.25745247236e-17],
        "stdev": [3.62268874596e-05, 3.67644097423e-05, 9.89497857518e-05, 0.000189979400602, 0.000145978105138, 0.000182162810233, 0.000381086894777, 0.0006936849677, 0.000705086102244, 0.000647503184155, 0.000845512549859, 0.000503581832163, 0.000594678160269, 0.000880687497556, 0.00157039647456, 0.00155850325245, 0.00166789419018, 0.00248533627018, 0.00202526128851, 0.00140177342109, 0.00116265972611, 0.000881587271579, 0.000855428166687, 0.00109092565253, 0.000886034686118, 0.000413840374677, 0.000443554570666, 0.000379467033781, 0.000314095465001, 0.000703447847627, 0.000846448994707, 0.000306674191961, 0.000167069840245, 0.000167935533682, 0.000189955913811, 0.000274485326372, 0.000115477909276, 0.000136608286994, 0.000132692468469, 8.36057006381e-05, 8.22308211355e-05, 6.00240200583e-05, 0.000108992389869, 0.000111516099423, 0.000108615153295, 0.0001216493838, 7.47876983951e-05, 3.86600331694e-05, 3.91937319364e-05, 4.54528199043e-05, 3.91654866689e-05, 3.88243825e-05, 2.3808752303e-05, 4.13605266658e-05, 2.6929197702e-05, 1.83788815775e-05, 2.10265297937e-05, 1.48843200805e-05, 2.00901795324e-05, 2.44283510256e-05, 1.12204497782e-05, 2.10805010283e-05, 2.12488193938e-05, 1.80040115083e-05, 1.59378450917e-05, 1.3336358279e-05, 1.15757811727e-05, 8.33263402455e-06, 2.54939841398e-05, 1.22382816699e-05, 5.4403408285e-06, 5.58746160095e-06, 6.19516185907e-06, 4.7491512305e-06, 6.07954052612e-06, 5.43444002687e-06, 6.17363139099e-06, 4.55369490737e-06, 3.69198983208e-06, 3.65014420822e-06, 3.35869731316e-06, 3.15234956361e-06, 2.84644124804e-06, 3.00102487927e-06, 3.19544824379e-06, 2.80868061964e-06, 2.38209099734e-06, 2.67882182925e-06, 2.45495266427e-06, 6.36622962702e-06, 7.59749173085e-06, 3.54598023478e-06, 2.94276514978e-06, 2.6311597594e-06, 1.44623379583e-06, 1.36844050758e-06, 1.23025904486e-06, 3.60372087016e-06, 4.66627216156e-06, 3.01359636978e-06, 2.83380177279e-06, 1.70697796875e-06, 1.66645611444e-06, 1.195409709e-06, 1.10873702397e-06, 1.21794630559e-06, 6.78881406202e-07, 4.14737968413e-07, 3.3628947449e-07, 4.16214476218e-07, 2.66633350066e-07, 1.35916991439e-07, 2.65567940971e-08, 6.28618934684e-09, 5.01672881015e-09, 4.32858504595e-09, 1.31973521e-09, 1.85613094339e-10, 1.80365111735e-10, 1.75555403548e-10, 1.7105560024e-10, 1.67398081508e-10, 1.64156896409e-10, 1.61410718125e-10, 1.59455809667e-10, 1.57427959557e-10, 1.56117355155e-10, 1.55284562986e-10]
    },
    "mfcc": {
        "mean": [-742.389160156, 147.303390503, -26.614824295, 8.95722579956, 6.54223680496, -4.57894659042, -13.2894496918, -2.07541370392, -7.48688745499, -6.51493358612, -0.170153528452, -2.44498586655, -1.995657444],
        "cov": [[8377.62890625, -1205.828125, -343.213867188, 360.056182861, -1032.67333984, 380.806365967, -24.8881435394, -108.089942932, 170.484085083, 220.083511353, 101.470046997, 64.6526641846, 13.7057571411], [-1205.828125, 2399.11254883, 107.352890015, -169.419113159, 117.529975891, -365.248565674, -167.3828125, -5.37494039536, -147.25062561, -157.259719849, -103.381668091, -144.994552612, 56.9894828796], [-343.213867188, 107.352890015, 527.254089355, 143.327316284, -16.6785488129, 52.1410179138, 32.854839325, -31.7274971008, -10.2829551697, -27.8257846832, -40.0742759705, -28.2356090546, -17.3918628693], [360.056182861, -169.419113159, 143.327316284, 540.028137207, -28.3577957153, 142.804733276, 72.7967681885, -4.57191371918, 24.169046402, 22.1301841736, 35.2785491943, -17.0290279388, -47.5385704041], [-1032.67333984, 117.529975891, -16.6785488129, -28.3577957153, 377.897705078, -50.025428772, -16.0419139862, -11.5956058502, -49.5456542969, -42.3390464783, -52.9986953735, -20.9118309021, -10.1901597977], [380.806365967, -365.248565674, 52.1410179138, 142.804733276, -50.025428772, 223.225814819, 70.8388290405, -29.4188613892, 47.0707702637, 48.1415596008, 18.8889636993, 27.6972618103, -11.1390504837], [-24.8881435394, -167.3828125, 32.854839325, 72.7967681885, -16.0419139862, 70.8388290405, 162.654876709, 49.9936027527, 35.0520973206, 22.2946224213, 15.2944831848, 22.2809753418, -2.31158471107], [-108.089942932, -5.37494039536, -31.7274971008, -4.57191371918, -11.5956058502, -29.4188613892, 49.9936027527, 127.39641571, 25.3129043579, -1.62069475651, 25.7063140869, 1.27064347267, 1.62433505058], [170.484085083, -147.25062561, -10.2829551697, 24.169046402, -49.5456542969, 47.0707702637, 35.0520973206, 25.3129043579, 93.8428726196, 41.4303436279, 7.24859857559, 13.7492837906, 1.27465713024], [220.083511353, -157.259719849, -27.8257846832, 22.1301841736, -42.3390464783, 48.1415596008, 22.2946224213, -1.62069475651, 41.4303436279, 102.919128418, 39.7674713135, 15.1261768341, -1.36899077892], [101.470046997, -103.381668091, -40.0742759705, 35.2785491943, -52.9986953735, 18.8889636993, 15.2944831848, 25.7063140869, 7.24859857559, 39.7674713135, 120.46396637, 29.9627952576, -20.0590286255], [64.6526641846, -144.994552612, -28.2356090546, -17.0290279388, -20.9118309021, 27.6972618103, 22.2809753418, 1.27064347267, 13.7492837906, 15.1261768341, 29.9627952576, 79.4481124878, 8.71083450317], [13.7057571411, 56.9894828796, -17.3918628693, -47.5385704041, -10.1901597977, -11.1390504837, -2.31158471107, 1.62433505058, 1.27465713024, -1.36899077892, -20.0590286255, 8.71083450317, 75.4152679443]],
        "icov": [[0.000230808349443, 6.35048127151e-05, 0.000228532560868, -0.000157499933266, 0.000635441276245, -0.000161533564096, 0.000187516576261, 0.000121021097584, 9.88446481642e-05, -0.000153840068378, 0.000266018381808, 5.77262471779e-05, -1.17456074804e-05], [6.35048127151e-05, 0.000674439943396, -0.000105097285996, -8.14372178866e-05, 0.000176174638909, 0.000831443700008, 0.000153390166815, 0.000141905111377, 0.000296560814604, 0.000289284507744, 1.4600979739e-05, 0.000782333430834, -0.00053475482855], [0.000228532560868, -0.000105097285996, 0.00252428511158, -0.000635794887785, 0.000898823083844, -0.000580968800932, -0.000406815204769, 0.000635198550299, 0.000313613709295, 0.000350122019881, 0.000991210574284, 0.000382101337891, 0.000449297338491], [-0.000157499933266, -8.14372178866e-05, -0.000635794887785, 0.00272031757049, -0.000486963836011, -0.00141866854392, -0.000664162100293, -7.87573299021e-05, -0.000156017806148, 0.000385837367503, -0.00108045805246, 0.00114699848928, 0.000954086659476], [0.000635441276245, 0.000176174638909, 0.000898823083844, -0.000486963836011, 0.00487418472767, -9.11727547646e-05, 0.000203196657822, 0.000278463819996, 0.00175259774551, -0.000309205817757, 0.0022473167628, 8.76619160408e-05, 0.000849456468131], [-0.000161533564096, 0.000831443700008, -0.000580968800932, -0.00141866854392, -9.11727547646e-05, 0.00918646343052, -0.00277686421759, 0.00338085903786, -0.0021225544624, -0.000864751578774, -0.000261733162915, -0.00068790424848, -0.000410561420722], [0.000187516576261, 0.000153390166815, -0.000406815204769, -0.000664162100293, 0.000203196657822, -0.00277686421759, 0.00968687236309, -0.00454802485183, -0.000235761399381, -0.000963099242654, 0.00109166896436, -0.00195328821428, -0.000147809943883], [0.000121021097584, 0.000141905111377, 0.000635198550299, -7.87573299021e-05, 0.000278463819996, 0.00338085903786, -0.00454802485183, 0.0122600672767, -0.0042150891386, 0.00257943593897, -0.00343602197245, 0.0019788632635, -0.000923284620512], [9.88446481642e-05, 0.000296560814604, 0.000313613709295, -0.000156017806148, 0.00175259774551, -0.0021225544624, -0.000235761399381, -0.0042150891386, 0.0167469680309, -0.0059139537625, 0.00371848745272, -0.00135518657044, 0.000493943516631], [-0.000153840068378, 0.000289284507744, 0.000350122019881, 0.000385837367503, -0.000309205817757, -0.000864751578774, -0.000963099242654, 0.00257943593897, -0.0059139537625, 0.0152155458927, -0.00533591862768, 0.00159601867199, -0.00134871318005], [0.000266018381808, 1.4600979739e-05, 0.000991210574284, -0.00108045805246, 0.0022473167628, -0.000261733162915, 0.00109166896436, -0.00343602197245, 0.00371848745272, -0.00533591862768, 0.0137677742168, -0.00488813500851, 0.00392746180296], [5.77262471779e-05, 0.000782333430834, 0.000382101337891, 0.00114699848928, 8.76619160408e-05, -0.00068790424848, -0.00195328821428, 0.0019788632635, -0.00135518657044, 0.00159601867199, -0.00488813500851, 0.0172559805214, -0.00322422198951], [-1.17456074804e-05, -0.00053475482855, 0.000449297338491, 0.000954086659476, 0.000849456468131, -0.000410561420722, -0.000147809943883, -0.000923284620512, 0.000493943516631, -0.00134871318005, 0.00392746180296, -0.00322422198951, 0.0158248860389]]
    },
    "spectral_contrast_coeffs": {
        "max": [-0.402762502432, -0.495407223701, -0.527838766575, -0.615219950676, -0.475538164377, -0.499104470015],
        "mean": [-0.701110541821, -0.770361244678, -0.806631505489, -0.817465543747, -0.778224229813, -0.771977126598],
        "min": [-0.906172454357, -0.931972503662, -0.928618848324, -0.916810512543, -0.888097286224, -0.892219662666],
        "stdev": [0.0837652534246, 0.0867990627885, 0.0613460354507, 0.0449897125363, 0.0587252341211, 0.0754482075572]
    },
    "spectral_contrast_valleys": {
        "max": [-5.56027126312, -4.15528202057, -5.31842041016, -5.64643859863, -5.4814453125, -7.40884876251],
        "mean": [-7.90737915039, -7.13520860672, -7.78953075409, -7.9010310173, -8.68291378021, -11.8128595352],
        "min": [-10.7419748306, -9.89820861816, -10.4720487595, -10.3203554153, -11.4370718002, -13.9960727692],
        "stdev": [0.90424913168, 0.909757256508, 0.907548964024, 0.88460534811, 1.16263008118, 1.13585734367]
    }
},
"rhythm": {
    "beats_count": 94,
    "beats_loudness": {
        "max": 0.0949402451515,
        "mean": 0.0179519671947,
        "min": 0.000126374288811,
        "stdev": 0.023290740326
    },
    "bpm": 127.98462677,
    "bpm_histogram_first_peak_bpm": 129,
    "bpm_histogram_first_peak_weight": 0.451612830162,
    "bpm_histogram_second_peak_bpm": 117,
    "bpm_histogram_second_peak_spread": 0.5,
    "bpm_histogram_second_peak_weight": 0.118279568851,
    "danceability": 1.2415497303,
    "onset_rate": 3.6450150013,
    "beats_loudness_band_ratio": {
        "max": [0.853313565254, 0.893945217133, 0.758244514465, 0.46214735508, 0.754390776157, 0.272466629744],
        "mean": [0.180759862065, 0.286602914333, 0.305816322565, 0.142371833324, 0.129091113806, 0.0339922495186],
        "min": [0.00262209679931, 0.0133387334645, 0.00654816348106, 0.00224915030412, 0.00257534184493, 9.34431518544e-05],
        "stdev": [0.193586960435, 0.218199416995, 0.213908389211, 0.108516447246, 0.160820931196, 0.0463710650802]
    },
