{
"metadata": {
    "version": {
        "essentia": "2.1-beta5",
        "essentia_git_sha": "Undefined",
        "extractor": "music 2.0"
    },
    "audio_properties": {
        "analysis": {
            "equal_loudness": 0,
            "length": 36.2463264465,
            "sample_rate": 44100,
            "start_time": 142.756286621,
            "downmix": "mix"
        },
        "bit_rate": 192000,
        "length": 179.025848389,
        "lossless": 0,
        "number_channels": 2,
        "replay_gain": -11.374912262,
        "sample_rate": 48000,
        "codec": "mp3",
        "md5_encoded": "5851f7976b039901eb15cc64e2e31715"
    },
    "tags": {
        "file_name": "Sweden_Beatles_Forbes.mp3",
        "encoding": ["Lavf58.29.100"]
    }
},
"lowlevel": {
    "average_loudness": 0.923241317272,
    "barkbands_crest": {
        "max": 21.2147521973,
        "mean": 7.79718399048,
        "min": 3.12340116501,
        "stdev": 2.92088341713
    },
    "barkbands_flatness_db": {
        "max": 0.328193306923,
        "mean": 0.22161911428,
        "min": 0.105588555336,
        "stdev": 0.0332070663571
    },
    "barkbands_kurtosis": {
        "max": 19.0430412292,
        "mean": 0.848112642765,
        "min": -1.65057349205,
        "stdev": 1.74073624611
    },
    "barkbands_skewness": {
        "max": 3.66941142082,
        "mean": 0.452455371618,
        "min": -1.80492162704,
        "stdev": 0.80877250433
    },
    "barkbands_spread": {
        "max": 41.0439376831,
        "mean": 10.9837398529,
        "min": 1.95589256287,
        "stdev": 3.83885550499
    },
    "dissonance": {
        "max": 0.5,
        "mean": 0.459235757589,
        "min": 0.280578881502,
        "stdev": 0.0315027236938
    },
    "dynamic_complexity": 3.89756321907,
    "erbbands_crest": {
        "max": 26.1279239655,
        "mean": 9.27284908295,
        "min": 3.57246589661,
        "stdev": 3.67070388794
    },
    "erbbands_flatness_db": {
        "max": 0.389688432217,
        "mean": 0.29537948966,
        "min": 0.204291954637,
        "stdev": 0.0239824466407
    },
    "erbbands_kurtosis": {
        "max": 10.8039808273,
        "mean": 0.257698953152,
        "min": -1.7453417778,
        "stdev": 1.25985240936
    },
    "erbbands_skewness": {
        "max": 2.54143571854,
        "mean": 0.0656225532293,
        "min": -1.65572929382,
        "stdev": 0.528654515743
    },
    "erbbands_spread": {
        "max": 47.3287506104,
        "mean": 16.2544879913,
        "min": 3.65364027023,
        "stdev": 6.74053764343
    },
    "hfc": {
        "max": 62.8328704834,
        "mean": 17.1881942749,
        "min": 1.37018960231e-05,
        "stdev": 12.2224674225
    },
    "loudness_ebu128": {
        "integrated": -12.5572471619,
        "loudness_range": 5.63929176331,
        "momentary": {
            "max": -9.31171798706,
            "mean": -14.3725528717,
            "min": -44.233795166,
            "stdev": 5.06089115143
        },
        "short_term": {
            "max": -10.6040716171,
            "mean": -13.3225650787,
            "min": -24.4977531433,
            "stdev": 2.71828389168
        }
    },
    "melbands_crest": {
        "max": 27.2066612244,
        "mean": 9.42066860199,
        "min": 3.43296599388,
        "stdev": 3.75921940804
    },
    "melbands_flatness_db": {
        "max": 0.39873996377,
        "mean": 0.267712563276,
        "min": 0.140998065472,
        "stdev": 0.0522405728698
    },
    "melbands_kurtosis": {
        "max": 32.0755119324,
        "mean": 1.68879508972,
        "min": -1.5907074213,
        "stdev": 2.98366236687
    },
    "melbands_skewness": {
        "max": 4.68171453476,
        "mean": 0.827238321304,
        "min": -1.08497238159,
        "stdev": 0.874033629894
    },
    "melbands_spread": {
        "max": 76.1951751709,
        "mean": 18.7481460571,
        "min": 3.21594810486,
        "stdev": 8.50873279572
    },
    "pitch_salience": {
        "max": 0.869132936001,
        "mean": 0.658407747746,
        "min": 0.32565715909,
        "stdev": 0.0971422120929
    },
    "silence_rate_20dB": {
        "max": 1,
        "mean": 1,
        "min": 1,
        "stdev": 0
    },
    "silence_rate_30dB": {
        "max": 1,
        "mean": 0.998719573021,
        "min": 0,
        "stdev": 0.035760294646
    },
    "silence_rate_60dB": {
        "max": 1,
        "mean": 0.0960307270288,
        "min": 0,
        "stdev": 0.294633001089
    },
    "spectral_centroid": {
        "max": 2581.51098633,
        "mean": 1001.99536133,
        "min": 314.554534912,
        "stdev": 446.832336426
    },
    "spectral_complexity": {
        "max": 33,
        "mean": 18.7842502594,
        "min": 0,
        "stdev": 6.78583812714
    },
    "spectral_decrease": {
        "max": -2.5807556538e-15,
        "mean": -6.20265350193e-09,
        "min": -3.94364718659e-08,
        "stdev": 5.04877206708e-09
    },
    "spectral_energy": {
        "max": 0.153991863132,
        "mean": 0.0249692648649,
        "min": 1.09831921336e-08,
        "stdev": 0.02005571872
    },
    "spectral_energyband_high": {
        "max": 0.000235571482335,
        "mean": 1.61683601618e-05,
        "min": 4.4969875046e-11,
        "stdev": 2.55330196524e-05
    },
    "spectral_energyband_low": {
        "max": 0.0290636252612,
        "mean": 0.00176731287502,
        "min": 4.38642511202e-10,
        "stdev": 0.00233023357578
    },
    "spectral_energyband_middle_high": {
        "max": 0.0487237609923,
        "mean": 0.00791225489229,
        "min": 8.43338820999e-09,
        "stdev": 0.00652215396985
    },
    "spectral_energyband_middle_low": {
        "max": 0.146973639727,
        "mean": 0.0160657372326,
        "min": 1.74090397653e-09,
        "stdev": 0.0161211267114
    },
    "spectral_entropy": {
        "max": 7.69585466385,
        "mean": 6.99852085114,
        "min": 5.98954057693,
        "stdev": 0.278388798237
    },
    "spectral_flux": {
        "max": 0.276676446199,
        "mean": 0.0804030522704,
        "min": 0.000454587454442,
        "stdev": 0.038987647742
    },
    "spectral_kurtosis": {
        "max": 64.3233032227,
        "mean": 17.0940227509,
        "min": 1.44737482071,
        "stdev": 10.0140304565
    },
    "spectral_rms": {
        "max": 0.0122570786625,
        "mean": 0.00447811931372,
        "min": 3.27342468154e-06,
        "stdev": 0.00207526120357
    },
    "spectral_rolloff": {
        "max": 2928.515625,
        "mean": 1315.56494141,
        "min": 301.46484375,
        "stdev": 555.782287598
    },
    "spectral_skewness": {
        "max": 5.51818799973,
        "mean": 2.38952350616,
        "min": 0.807289779186,
        "stdev": 0.758163630962
    },
    "spectral_spread": {
        "max": 2733466,
        "mean": 1568769.25,
        "min": 973036.3125,
        "stdev": 225311.5
    },
    "spectral_strongpeak": {
        "max": 8.60336589813,
        "mean": 1.38537335396,
        "min": 0,
        "stdev": 1.30876970291
    },
    "zerocrossingrate": {
        "max": 0.1123046875,
        "mean": 0.0454376637936,
        "min": 0.01513671875,
        "stdev": 0.0178238786757
    },
    "barkbands": {
        "max": [0.00155790522695, 0.00413387222216, 0.0170272886753, 0.0623075440526, 0.0508446767926, 0.120996519923, 0.0326403751969, 0.0620921291411, 0.0319079570472, 0.030296318233, 0.0218125358224, 0.0206976272166, 0.014233100228, 0.00986668188125, 0.00608486915007, 0.00746227055788, 0.00557405408472, 0.00540783908218, 0.000520107918419, 0.000194772466784, 0.000161155126989, 0.000153316548676, 6.93914489602e-06, 7.63080606703e-06, 8.09030643723e-06, 1.07250016299e-05, 5.82180952335e-08],
        "mean": [3.20379840559e-05, 0.000451436266303, 0.00078653905075, 0.00135021749884, 0.00370583194308, 0.003350159619, 0.00195579789579, 0.00306491763331, 0.00206780945882, 0.0022463076748, 0.00155298074242, 0.00115271273535, 0.0011026422726, 0.000502388575114, 0.000617680780124, 0.000387911306461, 0.000368995999452, 0.000182045288966, 6.14248419879e-05, 1.98225807253e-05, 6.38430128674e-06, 2.34224353335e-06, 5.71424720874e-07, 2.40616373048e-07, 7.28902378455e-08, 1.51139829541e-08, 7.63434260254e-10],
        "min": [4.2078934781e-10, 1.14416455477e-10, 5.88670223678e-11, 4.80630049648e-11, 3.08064407317e-10, 3.49618500817e-10, 4.3827547147e-10, 1.8921052225e-10, 3.8082403897e-10, 1.27901544911e-09, 1.76330131052e-10, 1.15880738338e-09, 1.1867954397e-09, 2.77280598482e-09, 1.10549047694e-09, 3.18622989104e-10, 3.3160696411e-10, 8.36560404283e-11, 2.0170641199e-11, 1.14708893426e-11, 5.02242388303e-12, 5.38868906094e-12, 3.98387572931e-12, 6.01766336414e-12, 3.44716269418e-12, 8.23125248517e-12, 9.26175108829e-12],
        "stdev": [8.38673731778e-05, 0.000521379173733, 0.00145740446169, 0.00321784755215, 0.00527604389936, 0.00551867857575, 0.00300487386994, 0.00661797495559, 0.00305726379156, 0.00320761883631, 0.0021474249661, 0.00188553263433, 0.00143281649798, 0.000676220166497, 0.000762321578804, 0.000663861341309, 0.00063927937299, 0.000437434966443, 6.1091282987e-05, 2.21044847422e-05, 1.20110034914e-05, 9.47112403082e-06, 6.49563389743e-07, 3.36807175927e-07, 2.37877941345e-07, 2.95734736255e-07, 1.92733251581e-09]
    },
    "erbbands": {
        "max": [0.0527390651405, 1.42113006115, 12.9113512039, 86.7614440918, 245.254501343, 272.184417725, 997.157653809, 583.750061035, 330.217803955, 767.748901367, 1638.60412598, 772.225036621, 630.107177734, 1172.50439453, 681.796936035, 1028.41552734, 517.746459961, 529.926513672, 410.494537354, 243.813461304, 323.627380371, 367.391723633, 252.66293335, 61.8204574585, 17.7353878021, 5.48506975174, 5.98353004456, 8.15638065338, 3.72294735909, 0.393463462591, 0.205691665411, 0.158396139741, 0.129501387477, 0.0945648625493, 0.0566666983068, 0.0440065562725, 0.021194351837, 0.00175422930624, 7.25064383005e-05, 0.000171373059857],
        "mean": [0.00627747131512, 0.133440762758, 0.785096287727, 2.75010180473, 7.65701961517, 14.0439119339, 22.0704059601, 26.6317920685, 26.8786907196, 35.7387123108, 74.216003418, 56.1957778931, 49.7347145081, 93.3093261719, 44.1522827148, 52.1059646606, 50.5708274841, 35.2287063599, 30.9210338593, 25.2205410004, 21.1742191315, 19.4178409576, 12.6915683746, 4.06992340088, 2.37843751907, 0.858564555645, 0.374072879553, 0.205724060535, 0.0843145102262, 0.0287581793964, 0.0148730585352, 0.00716824643314, 0.00294105126522, 0.00112637411803, 0.000406584033044, 0.000114380549348, 3.14300959872e-05, 4.70473150926e-06, 1.28506353576e-05, 2.88963419735e-05],
        "min": [6.37996055985e-09, 2.0198536177e-08, 6.17485582666e-08, 1.4005165383e-07, 1.2286925255e-07, 1.16149499263e-06, 2.75761931334e-06, 2.83387839772e-06, 3.19217292599e-06, 9.78973184829e-06, 3.38585027748e-06, 9.13433905225e-06, 2.0720075554e-05, 3.37100282195e-05, 1.70457060449e-05, 5.11985490448e-05, 7.01627723174e-05, 0.000132468194352, 0.000102611687907, 1.43730749187e-05, 2.42901278398e-05, 1.88748035725e-05, 6.62661386741e-06, 2.39849214267e-06, 8.37709478674e-07, 4.72266521001e-07, 2.86598776711e-07, 1.71188403897e-07, 1.74634351424e-07, 1.51103748181e-07, 1.05546497764e-07, 1.05411089635e-07, 1.10929065045e-07, 4.94553837882e-08, 2.60938151087e-08, 2.61941845991e-08, 1.56521018368e-08, 5.00299179862e-09, 1.45597434109e-09, 1.48974291236e-10],
        "stdev": [0.00661890627816, 0.152360334992, 1.29606711864, 5.24421072006, 15.4304771423, 22.6607398987, 41.7971382141, 38.1621246338, 36.9590835571, 59.568321228, 164.448852539, 80.7451171875, 63.8023986816, 126.143081665, 59.1294593811, 87.2494354248, 62.137714386, 41.6788253784, 36.5458908081, 30.1157264709, 30.8816242218, 35.2113838196, 25.598115921, 4.27317476273, 2.29509139061, 0.864925682545, 0.531090140343, 0.552554905415, 0.259638905525, 0.0374476052821, 0.0169453062117, 0.00894416216761, 0.00482686469331, 0.00294163473882, 0.00161227653734, 0.00122047343757, 0.000580434745643, 4.82634568471e-05, 9.89917862171e-06, 2.27933942369e-05]
    },
    "gfcc": {
        "mean": [-92.5471420288, 193.119415283, -183.709762573, -5.62437105179, -38.9557723999, -14.8045883179, -27.0804901123, -8.74802875519, -10.5055217743, -20.1884498596, 0.732630133629, -15.7328710556, 2.25463843346],
        "cov": [[5279.92578125, 650.934326172, 369.967163086, 131.290252686, -177.140289307, -418.293395996, 71.2194671631, -134.701553345, -142.132339478, -124.429534912, -70.3877487183, -66.3707427979, -58.5754432678], [650.934326172, 800.95715332, 582.002502441, -104.543060303, 12.6783638, -258.161865234, -24.629201889, -64.4890975952, -95.2788543701, -92.2486801147, 27.754983902, -132.351699829, -69.1289825439], [369.967163086, 582.002502441, 616.967468262, 16.8636283875, 4.16382551193, -186.74949646, -53.7580909729, -8.76369285583, -74.1840133667, -67.2806472778, -8.32903575897, -95.3524398804, -52.1096611023], [131.290252686, -104.543060303, 16.8636283875, 215.761230469, 42.3382453918, 37.8075141907, -34.3252639771, 11.8574371338, 24.9982700348, 7.15585851669, -33.3007164001, 6.00963592529, 22.6117649078], [-177.140289307, 12.6783638, 4.16382551193, 42.3382453918, 98.3231201172, 51.400062561, -8.43855953217, 3.27287435532, 7.5211520195, 2.25161099434, -4.22533369064, -7.06445169449, 4.42521047592], [-418.293395996, -258.161865234, -186.74949646, 37.8075141907, 51.400062561, 202.542724609, 54.0017700195, 32.337677002, 27.9410114288, 37.3767700195, 2.01390957832, 36.9753875732, 16.7872161865], [71.2194671631, -24.629201889, -53.7580909729, -34.3252639771, -8.43855953217, 54.0017700195, 99.3836898804, 25.2606658936, 0.921547174454, 5.01675033569, 13.3509130478, 13.7331476212, -6.37929058075], [-134.701553345, -64.4890975952, -8.76369285583, 11.8574371338, 3.27287435532, 32.337677002, 25.2606658936, 73.9358291626, 33.604473114, 14.0970373154, -1.01311218739, 14.8439474106, 6.64519357681], [-142.132339478, -95.2788543701, -74.1840133667, 24.9982700348, 7.5211520195, 27.9410114288, 0.921547174454, 33.604473114, 72.1699447632, 30.8910732269, -5.55383872986, 11.414390564, 15.4637918472], [-124.429534912, -92.2486801147, -67.2806472778, 7.15585851669, 2.25161099434, 37.3767700195, 5.01675033569, 14.0970373154, 30.8910732269, 57.2901687622, 20.7242450714, 16.5245113373, 2.28254437447], [-70.3877487183, 27.754983902, -8.32903575897, -33.3007164001, -4.22533369064, 2.01390957832, 13.3509130478, -1.01311218739, -5.55383872986, 20.7242450714, 55.1332130432, 14.3118095398, -7.3409781456], [-66.3707427979, -132.351699829, -95.3524398804, 6.00963592529, -7.06445169449, 36.9753875732, 13.7331476212, 14.8439474106, 11.414390564, 16.5245113373, 14.3118095398, 65.7576446533, 28.3611907959], [-58.5754432678, -69.1289825439, -52.1096611023, 22.6117649078, 4.42521047592, 16.7872161865, -6.37929058075, 6.64519357681, 15.4637918472, 2.28254437447, -7.3409781456, 28.3611907959, 51.8727264404]],
        "icov": [[0.000389093154809, -0.00130352377892, 0.000974060210865, -0.0011240078602, 0.00100015406497, 0.000354551972123, -0.000504037889186, -0.0001631671621, 0.000829084310681, -0.000860073312651, 0.00160373258404, -0.00120337004773, 0.000605118868407], [-0.00130352377892, 0.025985352695, -0.0184243042022, 0.0107499593869, -0.0161337889731, 0.0122813591734, -0.0112930340692, 0.0134943388402, -0.00928437337279, 0.0138036450371, -0.0221772901714, 0.0203084498644, -0.00783402752131], [0.000974060210865, -0.0184243042022, 0.0166822541505, -0.00882438849658, 0.0102448798716, -0.00556482793763, 0.00816723145545, -0.0127274533734, 0.0100957965478, -0.00899031478912, 0.0145752439275, -0.0110461385921, 0.00620140181854], [-0.0011240078602, 0.0107499593869, -0.00882438849658, 0.0121169034392, -0.00854652468115, 0.00166501989588, -0.000632455572486, 0.00492931157351, -0.00587252853438, 0.00463301083073, -0.00611698906869, 0.00700137903914, -0.00475554959849], [0.00100015406497, -0.0161337889731, 0.0102448798716, -0.00854652468115, 0.0247528161854, -0.0132727604359, 0.00925663486123, -0.00711802951992, 0.00392261473462, -0.0057262731716, 0.0112338187173, -0.00928154867142, 0.00362664530985], [0.000354551972123, 0.0122813591734, -0.00556482793763, 0.00166501989588, -0.0132727604359, 0.0207982584834, -0.0137471128255, 0.00487920455635, 0.00036812358303, 0.000783438270446, -0.00662116147578, 0.00792544987053, -0.00287735788152], [-0.000504037889186, -0.0112930340692, 0.00816723145545, -0.000632455572486, 0.00925663486123, -0.0137471128255, 0.0241527333856, -0.0125035066158, 0.00389264826663, -0.00170928635634, 0.00496948231012, -0.00846534967422, 0.00533894775435], [-0.0001631671621, 0.0134943388402, -0.0127274533734, 0.00492931157351, -0.00711802951992, 0.00487920455635, -0.0125035066158, 0.0304499734193, -0.0165139418095, 0.0075310561806, -0.00907573755831, 0.00441117445007, -0.00265000760555], [0.000829084310681, -0.00928437337279, 0.0100957965478, -0.00587252853438, 0.00392261473462, 0.00036812358303, 0.00389264826663, -0.0165139418095, 0.0327841080725, -0.0190126374364, 0.0135192573071, -0.00240719271824, -0.00230178819038], [-0.000860073312651, 0.0138036450371, -0.00899031478912, 0.00463301083073, -0.0057262731716, 0.000783438270446, -0.00170928635634, 0.0075310561806, -0.0190126374364, 0.0417989082634, -0.0265763066709, 0.00950571522117, 0.000303799635731], [0.00160373258404, -0.0221772901714, 0.0145752439275, -0.00611698906869, 0.0112338187173, -0.00662116147578, 0.00496948231012, -0.00907573755831, 0.0135192573071, -0.0265763066709, 0.0493430383503, -0.0266210716218, 0.0111996727064], [-0.00120337004773, 0.0203084498644, -0.0110461385921, 0.00700137903914, -0.00928154867142, 0.00792544987053, -0.00846534967422, 0.00441117445007, -0.00240719271824, 0.00950571522117, -0.0266210716218, 0.0462201423943, -0.0205609947443], [0.000605118868407, -0.00783402752131, 0.00620140181854, -0.00475554959849, 0.00362664530985, -0.00287735788152, 0.00533894775435, -0.00265000760555, -0.00230178819038, 0.000303799635731, 0.0111996727064, -0.0205609947443, 0.0329411178827]]
    },
    "melbands": {
        "max": [0.000689173059072, 0.00490255234763, 0.0232870094478, 0.0119653828442, 0.0264442060143, 0.0143930027261, 0.00547850551084, 0.00942403450608, 0.0129829477519, 0.00488082505763, 0.00313386530615, 0.00508126756176, 0.0021026392933, 0.00244221929461, 0.00148539082147, 0.00185713323299, 0.00120609439909, 0.00067573034903, 0.00065887614619, 0.000749631610233, 0.000377431453671, 0.000351054652128, 0.000465034099761, 0.000233010927332, 5.06870346726e-05, 2.18724071601e-05, 1.15839957289e-05, 3.57674662155e-06, 3.35382446792e-06, 2.97323504128e-06, 5.04945501234e-06, 3.43097281075e-06, 6.37564369299e-07, 1.52076424342e-07, 1.59990250381e-07, 1.00774954603e-07, 9.63073745197e-08, 8.85341435719e-08, 9.66799404978e-08, 7.21420434502e-08],
        "mean": [9.27551300265e-05, 0.000343530467944, 0.000629398098681, 0.000776472210418, 0.000746108067688, 0.000601882697083, 0.000423250952736, 0.000431366672274, 0.000576494785491, 0.000333550444338, 0.000241024565184, 0.000379236298613, 0.000162651311257, 0.000137931507197, 9.78827520157e-05, 0.000121707285871, 5.70514530409e-05, 4.61620220449e-05, 4.48231257906e-05, 2.96549042105e-05, 2.34053950408e-05, 1.97463868972e-05, 1.93940977624e-05, 5.49568221686e-06, 3.04128343487e-06, 2.10478538065e-06, 1.08864276172e-06, 4.39817654296e-07, 2.55674166283e-07, 1.49419619788e-07, 1.13021648929e-07, 5.72597187443e-08, 2.03636858487e-08, 1.34236168847e-08, 9.14292197507e-09, 5.71945779626e-09, 3.79233888737e-09, 2.18935625185e-09, 1.31194233255e-09, 7.92512555581e-10],
        "min": [7.56296969495e-11, 3.14786703648e-11, 2.18210362973e-11, 3.76829435711e-11, 9.5664386135e-11, 6.33233465663e-11, 6.34450894599e-11, 9.65693844335e-11, 2.3684063391e-11, 6.03342306671e-11, 1.19001516974e-10, 1.59428428792e-10, 3.77090719761e-11, 1.30121649566e-10, 1.25189705824e-10, 1.36788746996e-10, 2.66648730873e-10, 1.86098303434e-10, 4.28862362289e-11, 5.99252678729e-12, 3.36797569001e-11, 2.07496572008e-11, 1.02113126982e-11, 3.37695474882e-12, 1.78311412944e-12, 6.38935844337e-13, 4.83019440417e-13, 2.56338787002e-13, 2.05750089817e-13, 9.20605009325e-14, 1.10001587103e-13, 9.02554669457e-14, 1.08134604515e-13, 7.14943647903e-14, 5.98860967326e-14, 6.96967982459e-14, 6.12068108328e-14, 8.05145880522e-14, 5.53015817276e-14, 4.32581996211e-14],
        "stdev": [0.000100904442661, 0.000482872419525, 0.00126274174545, 0.00121187698096, 0.00123457005247, 0.000880435109138, 0.000597703212406, 0.000765107630286, 0.00125014455989, 0.000502116919961, 0.000323613436194, 0.00052668270655, 0.000210768528632, 0.0002185254707, 0.000134728281409, 0.000174322427483, 7.95603482402e-05, 5.61310771445e-05, 6.04399574513e-05, 5.22205118614e-05, 3.51382550434e-05, 3.65100167983e-05, 5.03153678437e-05, 9.7517931863e-06, 3.4812821923e-06, 2.28103044719e-06, 1.19819549127e-06, 4.96382881465e-07, 3.62220276884e-07, 2.68504521728e-07, 4.02870540483e-07, 2.23563375812e-07, 3.01831839522e-08, 1.61732263138e-08, 1.07077804401e-08, 6.82224543525e-09, 5.08279285327e-09, 3.43347550391e-09, 3.11569348099e-09, 2.25270269105e-09]
    },
    "melbands128": {
        "max": [0.000598649610765, 0.000528876087628, 0.000876354111824, 0.00264939549379, 0.00615132600069, 0.00949461292475, 0.0131981149316, 0.0415608137846, 0.0275593400002, 0.0143097825348, 0.0191922411323, 0.0115479985252, 0.0402012057602, 0.0478824749589, 0.015234503895, 0.00813305098563, 0.0101720429957, 0.00977014005184, 0.0126793570817, 0.0100447805598, 0.0160102490336, 0.023326523602, 0.0232548303902, 0.0087651507929, 0.00752835348248, 0.00818372052163, 0.00402331165969, 0.00616930052638, 0.0071318000555, 0.010170144029, 0.00582128670067, 0.00578939309344, 0.00236762710847, 0.00473230425268, 0.00227713072672, 0.00499291950837, 0.0053441314958, 0.00145077565685, 0.00125812029, 0.00206795148551, 0.00379419699311, 0.00216821790673, 0.0015449761413, 0.00189364363905, 0.00049430684885, 0.00113490479998, 0.00113670120481, 0.00110020837747, 0.00073536648415, 0.000465527875349, 0.00165506347548, 0.00131865718868, 0.000982988043688, 0.000496009422932, 0.000519195280503, 0.000547458592337, 0.00112819694914, 0.000982835772447, 0.000860740197822, 0.000462477124529, 0.000332261202857, 0.000199306668947, 9.24709820538e-05, 3.88913722418e-05, 4.57507485407e-05, 2.44528146141e-05, 2.06492732104e-05, 2.03760846489e-05, 1.53354594659e-05, 1.41543814607e-05, 4.52604217571e-06, 6.40207690594e-06, 4.46919284514e-06, 4.30665886597e-06, 8.20554396341e-06, 6.25646134722e-06, 3.36736525242e-06, 9.09518075787e-06, 7.75110493123e-06, 1.76385783561e-05, 5.49309788767e-06, 2.10072062146e-06, 1.82379767466e-06, 2.76974418512e-07, 1.85138844699e-07, 1.85396473285e-07, 1.57307923132e-07, 2.17923286527e-07, 2.2958010959e-07, 9.31832033757e-08, 8.16220691036e-08, 1.31465199615e-07, 8.60588968976e-08, 9.40103674907e-08, 9.43656104369e-08, 1.05103616477e-07, 7.4279483897e-08, 8.78265211668e-08, 9.99704283799e-08, 9.87354056292e-08, 9.24339360608e-08, 5.30099555363e-08, 7.60723111171e-08, 4.73680472624e-08, 7.50856230525e-08, 5.74675240728e-08, 5.32657260521e-08, 8.87976554509e-08, 8.23149477469e-08, 6.59169643313e-08, 8.91946712045e-08, 7.67961978454e-08, 8.09298867921e-08, 5.5919866071e-08, 4.05269737769e-08, 1.28592585469e-08, 2.82538992202e-10, 2.7431995564e-10, 2.64835459118e-10, 2.57310589502e-10, 2.52132009715e-10, 2.46220210887e-10, 2.41471703744e-10, 2.3528598514e-10, 2.32081964757e-10, 2.29636060167e-10, 2.2804412525e-10, 2.26603347198e-10],
        "mean": [1.65377277881e-05, 2.74162903224e-05, 0.000107867905172, 0.000246654963121, 0.000357370561687, 0.000396397983423, 0.000483324605739, 0.000768933852669, 0.000750570325181, 0.000776343687903, 0.000830772216432, 0.000647927925456, 0.000789942161646, 0.00076967861969, 0.000646337633952, 0.000507733726408, 0.00037869688822, 0.00042279009358, 0.000484178803163, 0.000313526514219, 0.000422194454586, 0.000681926961988, 0.000731108651962, 0.000285370158963, 0.000353489362169, 0.000394060538383, 0.000151480257045, 0.000259710068349, 0.000220451140194, 0.000418100971729, 0.000472594110761, 0.000263191264821, 0.000106080013211, 0.000131311127916, 8.89755392564e-05, 0.000175298497197, 0.000164355777088, 6.93241527188e-05, 7.00431482983e-05, 0.000129534193547, 0.000162870041095, 5.83710097999e-05, 5.20024514117e-05, 6.66950654704e-05, 2.85804526357e-05, 5.11689977429e-05, 5.09676865477e-05, 5.8656125475e-05, 3.34646065312e-05, 2.15497148019e-05, 3.74972332793e-05, 2.83356166619e-05, 1.93429423234e-05, 2.63033907686e-05, 2.17428932956e-05, 1.65074925462e-05, 1.95082848222e-05, 2.3862141461e-05, 1.9776107365e-05, 1.01984351204e-05, 3.53252562491e-06, 2.84056841338e-06, 3.44488648807e-06, 3.1780862173e-06, 2.36996356762e-06, 2.28561202675e-06, 1.76119101525e-06, 1.38461257393e-06, 9.58263512985e-07, 6.14380951447e-07, 4.08360847359e-07, 4.08275155905e-07, 2.9540012747e-07, 2.30659367162e-07, 1.92883007344e-07, 1.69191508803e-07, 1.17118062803e-07, 1.15590417238e-07, 9.89248079009e-08, 1.44078015296e-07, 5.74853942226e-08, 3.05407859003e-08, 2.40199433676e-08, 2.0090572761e-08, 1.67556333253e-08, 1.41667229059e-08, 1.2723164744e-08, 1.07008073513e-08, 9.68823510306e-09, 7.19904136304e-09, 6.51767440019e-09, 5.2045625587e-09, 4.62302818249e-09, 3.92409038596e-09, 3.2745917089e-09, 2.52958654023e-09, 1.97203275931e-09, 1.62378410717e-09, 1.42389344759e-09, 1.09877906773e-09, 8.98501217872e-10, 7.39703409636e-10, 6.70438871087e-10, 5.22077603371e-10, 4.18191925533e-10, 3.29249599806e-10, 2.85186957383e-10, 2.57780186086e-10, 1.30631214179e-10, 9.10902880902e-11, 8.8200641235e-11, 7.2922612393e-11, 7.84936074472e-11, 5.47368365911e-11, 4.09923796296e-11, 1.60284042983e-11, 3.90947040366e-12, 3.56278309806e-12, 3.46714063709e-12, 3.37786135868e-12, 3.29584168117e-12, 3.22394324778e-12, 3.16403262098e-12, 3.10648382018e-12, 3.04606340151e-12, 2.97875136016e-12, 2.93686884707e-12, 2.91842244815e-12],
        "min": [2.33205094125e-10, 7.36730398909e-11, 3.20535473164e-11, 3.52879774013e-11, 3.08497324908e-11, 3.01917449375e-11, 3.19225444689e-11, 1.93360622652e-11, 6.25912472893e-12, 1.53274025416e-11, 6.68303468121e-11, 1.23012586228e-10, 1.0482628654e-10, 6.27616361659e-11, 5.88884496722e-11, 7.66402774577e-11, 3.80815275147e-11, 2.86078105649e-11, 1.35318339867e-10, 1.43779418926e-10, 5.4945700767e-11, 2.74723663957e-11, 1.35914855759e-11, 2.58557723842e-11, 5.67169505805e-11, 8.89979201446e-11, 3.94631584355e-11, 4.01154387486e-11, 2.66951682981e-10, 2.95612062606e-10, 5.85970993949e-11, 2.5674594395e-11, 4.39335963442e-11, 2.19814340341e-11, 1.05409743434e-10, 1.838985908e-10, 1.48394449506e-10, 6.23149171153e-11, 1.45241305094e-10, 2.30583163674e-10, 6.66859414911e-11, 9.16660219952e-11, 3.79129672101e-10, 2.92511181943e-10, 1.64102231803e-10, 2.45880871219e-10, 1.00754730947e-10, 4.80308813555e-11, 1.00396427283e-11, 3.41450739211e-12, 6.39165695197e-13, 7.70602592154e-12, 4.85501881753e-11, 3.60829040258e-11, 2.14136590404e-11, 2.26372635914e-11, 1.53361247313e-11, 1.59575685998e-11, 5.53515610083e-12, 5.80938509104e-12, 1.7770765328e-12, 3.29254917601e-12, 3.23605487025e-12, 7.67817829716e-13, 4.03298379935e-13, 9.44143960062e-13, 5.37366104305e-13, 3.69104459453e-13, 6.15582725853e-13, 3.91050229307e-13, 2.13506350186e-13, 2.08981337552e-13, 2.38890775651e-13, 2.1975119207e-13, 1.49691877275e-13, 1.17253835764e-13, 4.04280118226e-14, 6.82076872196e-14, 1.49950080022e-13, 1.28482416221e-13, 4.53747282803e-14, 1.0412031209e-13, 1.18471096648e-13, 8.712353213e-14, 1.34267244675e-13, 7.16258107512e-14, 2.64885617103e-14, 1.16623168913e-13, 4.92890504886e-14, 3.75128259619e-14, 6.02057805194e-14, 9.5765273966e-14, 4.9574066911e-14, 5.93028637265e-14, 6.43554355856e-14, 7.77719292504e-14, 6.70901729354e-14, 1.14562236108e-13, 7.04431426927e-14, 1.45253004503e-14, 2.05215906795e-14, 5.73383978101e-14, 6.5549487767e-14, 1.92691592934e-14, 3.04551034998e-14, 1.87405446657e-14, 2.00111279679e-14, 3.15493921407e-14, 2.64961477373e-14, 3.34705441802e-14, 3.12895122681e-14, 4.02080170374e-14, 3.13454774289e-14, 2.7697997704e-14, 4.04957812346e-14, 4.00723223592e-14, 3.00909742002e-14, 3.08458126934e-14, 3.13474256047e-14, 3.6659711318e-14, 4.18875139652e-14, 3.6424527538e-14, 4.1249982759e-14, 3.59426369418e-14, 2.50107484094e-14, 1.10824647324e-14, 1.4784977035e-15, 4.17350139946e-17],
        "stdev": [3.71978821931e-05, 3.82613616239e-05, 0.000138355244417, 0.000306989240926, 0.000587268150412, 0.00074709369801, 0.000927824585233, 0.00204820302315, 0.00176270026714, 0.00142616068479, 0.00154722109437, 0.00117419892922, 0.00171379302628, 0.00194821949117, 0.00107849866617, 0.000746615580283, 0.000628780690022, 0.000815422739834, 0.00095186533872, 0.00064876471879, 0.00122008554172, 0.00181907205842, 0.00195334316231, 0.000586988287978, 0.000606795307249, 0.000760037626605, 0.000282696593786, 0.000506864686031, 0.000448581005912, 0.000860135769472, 0.000723410514183, 0.000431053136708, 0.000176235698746, 0.000322817009874, 0.000183112264494, 0.000352867558831, 0.000377484684577, 0.000133062567329, 0.000132117667818, 0.000196690190933, 0.000286654394586, 0.000116173221613, 9.14456031751e-05, 0.000129793887027, 3.9264530642e-05, 8.09200646472e-05, 9.94388974505e-05, 0.000107868596388, 6.05370842095e-05, 4.07255538448e-05, 9.15490018087e-05, 6.52055314276e-05, 5.54466314497e-05, 4.3593794544e-05, 4.09857893828e-05, 4.91502833029e-05, 6.40448124614e-05, 8.76220728969e-05, 6.87556894263e-05, 2.23007682507e-05, 9.83877544058e-06, 7.03463138052e-06, 5.80186679144e-06, 3.9094152271e-06, 3.36896187036e-06, 3.19481023325e-06, 2.14007286559e-06, 2.01032094083e-06, 1.35147297442e-06, 8.73853991834e-07, 5.10003928866e-07, 5.92089065776e-07, 4.25054139441e-07, 4.02882591288e-07, 3.80250952503e-07, 3.21057996189e-07, 2.53283303664e-07, 4.14194516907e-07, 4.05063076414e-07, 9.87074258774e-07, 2.27033879696e-07, 7.00623559169e-08, 5.62962902961e-08, 2.87785830722e-08, 2.2958056789e-08, 1.88277233804e-08, 1.62575943818e-08, 1.37697364622e-08, 1.28006272249e-08, 8.8933740372e-09, 8.55348858408e-09, 7.05222458208e-09, 6.30508267818e-09, 5.75444580875e-09, 5.03672925589e-09, 3.96058741359e-09, 3.19069703991e-09, 3.35564442899e-09, 3.34596328422e-09, 3.07032466118e-09, 2.81041301342e-09, 1.85846338319e-09, 2.3593278442e-09, 1.54562185273e-09, 2.06870010011e-09, 1.62352120636e-09, 1.52320211999e-09, 2.51357490377e-09, 2.26558305449e-09, 1.82984560837e-09, 2.44197972954e-09, 2.08458894591e-09, 2.22773621772e-09, 1.52782797525e-09, 1.11214382148e-09, 3.59401230998e-10, 1.13329441317e-11, 9.046515273e-12, 8.7605027399e-12, 8.52141360946e-12, 8.33607748801e-12, 8.14589107972e-12, 7.98846752637e-12, 7.81241824704e-12, 7.70391129362e-12, 7.61920734837e-12, 7.56102559035e-12, 7.5162757962e-12]
    },
    "mfcc": {
        "mean": [-717.225219727, 221.88394165, -70.7850494385, 9.88481712341, -4.54752588272, -7.35128068924, -6.80391645432, 2.21450614929, -8.4788980484, 0.530204415321, -7.83910417557, -2.36801671982, -4.43466520309],
        "cov": [[4633.02832031, 568.630615234, -11.1174039841, 479.866790771, -337.1015625, -24.6004962921, -94.059928894, -1.05179488659, -84.0789489746, -122.852905273, -33.9640769958, -31.4389038086, -113.000411987], [568.630615234, 1062.16003418, 410.961151123, 189.086257935, -1.35106134415, -202.015960693, 23.7931442261, -46.188747406, -185.468048096, 41.9534034729, -44.8892669678, -124.187850952, -24.3042697906], [-11.1174039841, 410.961151123, 426.844970703, 177.125045776, 49.3860473633, -99.3866119385, -3.05969929695, -22.5815315247, -63.3441848755, 25.5830879211, -27.5791511536, -63.7750854492, -22.0823860168], [479.866790771, 189.086257935, 177.125045776, 228.582199097, 52.6125030518, -44.5141487122, -40.7610778809, -20.4664344788, -19.6521854401, 4.63073015213, -31.2996826172, -38.6668510437, -21.422170639], [-337.1015625, -1.35106134415, 49.3860473633, 52.6125030518, 151.483673096, 22.6977081299, -11.1889247894, -7.9331202507, 12.5261602402, 27.4460487366, -24.03474617, -15.2756166458, 8.04345607758], [-24.6004962921, -202.015960693, -99.3866119385, -44.5141487122, 22.6977081299, 125.005897522, 35.8433151245, 16.697561264, 39.4784736633, -6.16910982132, 11.783613205, 30.857717514, 0.172717541456], [-94.059928894, 23.7931442261, -3.05969929695, -40.7610778809, -11.1889247894, 35.8433151245, 92.9619140625, 29.1697711945, -9.07897663116, 0.979840934277, 11.8502244949, 16.0032939911, -0.352420419455], [-1.05179488659, -46.188747406, -22.5815315247, -20.4664344788, -7.9331202507, 16.697561264, 29.1697711945, 61.6691474915, 32.8753051758, -1.05985546112, 3.58311605453, 14.9576539993, 3.61600804329], [-84.0789489746, -185.468048096, -63.3441848755, -19.6521854401, 12.5261602402, 39.4784736633, -9.07897663116, 32.8753051758, 97.0346221924, 11.8284788132, 1.64684188366, 21.6994132996, 7.0934548378], [-122.852905273, 41.9534034729, 25.5830879211, 4.63073015213, 27.4460487366, -6.16910982132, 0.979840934277, -1.05985546112, 11.8284788132, 67.6854400635, 8.45532226562, -8.78760719299, 5.01577854156], [-33.9640769958, -44.8892669678, -27.5791511536, -31.2996826172, -24.03474617, 11.783613205, 11.8502244949, 3.58311605453, 1.64684188366, 8.45532226562, 62.1881790161, 29.8369255066, 0.987640142441], [-31.4389038086, -124.187850952, -63.7750854492, -38.6668510437, -15.2756166458, 30.857717514, 16.0032939911, 14.9576539993, 21.6994132996, -8.78760719299, 29.8369255066, 69.3481826782, 18.5621891022], [-113.000411987, -24.3042697906, -22.0823860168, -21.422170639, 8.04345607758, 0.172717541456, -0.352420419455, 3.61600804329, 7.0934548378, 5.01577854156, 0.987640142441, 18.5621891022, 47.7451820374]],
        "icov": [[0.000891445029993, -0.000927550718188, 0.00125812692568, -0.00295413006097, 0.00285130459815, -0.00209589023143, 0.00142352108378, -0.000946171057876, 0.000230922611081, 0.00028866934008, 0.000469247665023, -0.00074026803486, 0.000716953596566], [-0.000927550718188, 0.00383087806404, -0.00233122636564, 0.00210902537219, -0.00246220384724, 0.00449400721118, -0.00339457788505, 0.000467959733214, 0.00316037470475, -0.00194874033332, -1.29889540403e-05, 0.00274934642948, -0.00137250858825], [0.00125812692568, -0.00233122636564, 0.00693742791191, -0.00686492025852, 0.0028230024036, -0.00076203502249, 6.33950403426e-05, -0.000920780119486, -3.80839956051e-05, 0.000194328473299, -3.65354981113e-06, -0.000302734901197, 0.00161982525606], [-0.00295413006097, 0.00210902537219, -0.00686492025852, 0.0180973745883, -0.0112200770527, 0.00594652723521, -0.000725642836187, 0.00292272213846, -0.00167756271549, 0.000236972831772, -3.1795589166e-05, 0.00107590679545, 0.000475435750559], [0.00285130459815, -0.00246220384724, 0.0028230024036, -0.0112200770527, 0.0189209580421, -0.0105203036219, 0.00556095130742, -0.00243293633685, 0.00120049505495, -0.00331753934734, 0.00489291734993, -0.00144634919707, -0.000526533520315], [-0.00209589023143, 0.00449400721118, -0.00076203502249, 0.00594652723521, -0.0105203036219, 0.0222021844238, -0.0124254720286, 0.00521467253566, -0.00348681421019, 0.00076901097782, -0.00198467052542, 0.00105571339373, 0.000916047021747], [0.00142352108378, -0.00339457788505, 6.33950403426e-05, -0.000725642836187, 0.00556095130742, -0.0124254720286, 0.0234093684703, -0.0121180852875, 0.00638991827145, -0.00135683757253, 0.00122028263286, -0.00524731166661, 0.00275152502581], [-0.000946171057876, 0.000467959733214, -0.000920780119486, 0.00292272213846, -0.00243293633685, 0.00521467253566, -0.0121180852875, 0.028063012287, -0.012535572052, 0.00249257101677, -0.000215156018385, -0.000259752414422, -0.00123346585315], [0.000230922611081, 0.00316037470475, -3.80839956051e-05, -0.00167756271549, 0.00120049505495, -0.00348681421019, 0.00638991827145, -0.012535572052, 0.0235649663955, -0.00733755202964, 0.0035178840626, -0.0020251260139, 0.000176281406311], [0.00028866934008, -0.00194874033332, 0.000194328473299, 0.000236972831772, -0.00331753934734, 0.00076901097782, -0.00135683757253, 0.00249257101677, -0.00733755202964, 0.0207614917308, -0.00696444138885, 0.00420301500708, -0.00233615539037], [0.000469247665023, -1.29889540403e-05, -3.65354981113e-06, -3.1795589166e-05, 0.00489291734993, -0.00198467052542, 0.00122028263286, -0.000215156018385, 0.0035178840626, -0.00696444138885, 0.0249249301851, -0.0120659228414, 0.00468055158854], [-0.00074026803486, 0.00274934642948, -0.000302734901197, 0.00107590679545, -0.00144634919707, 0.00105571339373, -0.00524731166661, -0.000259752414422, -0.0020251260139, 0.00420301500708, -0.0120659228414, 0.0291090924293, -0.0109969880432], [0.000716953596566, -0.00137250858825, 0.00161982525606, 0.000475435750559, -0.000526533520315, 0.000916047021747, 0.00275152502581, -0.00123346585315, 0.000176281406311, -0.00233615539037, 0.00468055158854, -0.0109969880432, 0.0275020878762]]
    },
    "spectral_contrast_coeffs": {
        "max": [-0.40749040246, -0.568887650967, -0.564294397831, -0.655247271061, -0.658781468868, -0.665303230286],
        "mean": [-0.683651745319, -0.775019347668, -0.756663918495, -0.792570829391, -0.755819499493, -0.767914533615],
        "min": [-0.884694695473, -0.933380186558, -0.910710096359, -0.914311230183, -0.887012660503, -0.901100516319],
        "stdev": [0.0862065479159, 0.0687253177166, 0.0672902315855, 0.0459689088166, 0.0302847325802, 0.0357655212283]
    },
    "spectral_contrast_valleys": {
        "max": [-5.19535017014, -4.62075185776, -5.11257123947, -5.94476604462, -7.06140422821, -10.261015892],
        "mean": [-7.16364240646, -6.2207326889, -6.76443099976, -7.20271348953, -8.43273258209, -12.8029508591],
        "min": [-14.3501138687, -13.307923317, -13.2753458023, -13.7035694122, -14.8855352402, -17.6785430908],
        "stdev": [1.0030298233, 0.815382242203, 0.694900929928, 0.635277807713, 0.722395718098, 0.605482339859]
    }
},
"rhythm": {
    "beats_count": 66,
    "beats_loudness": {
        "max": 0.0923636555672,
        "mean": 0.033242341131,
        "min": 0.000216739368625,
        "stdev": 0.0232962351292
    },
    "bpm": 111.649520874,
    "bpm_histogram_first_peak_bpm": 112,
    "bpm_histogram_first_peak_weight": 0.55932199955,
    "bpm_histogram_second_peak_bpm": 105,
    "bpm_histogram_second_peak_spread": 0.25,
    "bpm_histogram_second_peak_weight": 0.0461538471282,
    "danceability": 1.11101973057,
    "onset_rate": 2.84075570107,
    "beats_loudness_band_ratio": {
        "max": [0.551989138126, 0.634729504585, 0.678373992443, 0.76122969389, 0.705198824406, 0.0380917303264],
        "mean": [0.148707956076, 0.217230111361, 0.280313909054, 0.289192676544, 0.12212421, 0.0046670967713],
        "min": [0.0034581690561, 0.00684136105701, 0.0712610706687, 0.0141039295122, 0.00591664807871, 0.000268437579507],
        "stdev": [0.148648932576, 0.151297166944, 0.144120469689, 0.171684131026, 0.136408388615, 0.00501054059714]
    },
    "beats_position": [0.568888902664, 1.14938771725, 1.71827661991, 2.28716540337, 2.8444442749, 3.40172338486, 3.97061228752, 4.52789115906, 5.07355976105, 5.61922883987, 6.15328788757, 6.68734693527, 7.23301553726, 7.77868461609, 8.31274318695, 8.84680271149, 9.38086128235, 9.91492080688, 10.4489793777, 11.0062580109, 11.5519275665, 12.0743761063, 12.6084346771, 13.1541042328, 13.7113828659, 14.2570514679, 14.7911109924, 15.3251695633, 15.8592290878, 16.4048976898, 16.9273471832, 17.4730148315, 18.0186843872, 18.5527439117, 19.0868015289, 19.6324710846, 20.1781406403, 20.7121982574, 21.246257782, 21.7803173065, 22.3143768311, 22.8484344482, 23.3824939728, 23.9165534973, 24.4622211456, 25.0078907013, 25.5419502258, 26.076007843, 26.6332874298, 27.1905670166, 27.7362346649, 28.2586841583, 28.7695236206, 29.291973114, 29.8144207001, 30.3368701935, 30.8593196869, 31.3817672729, 31.9042167664, 32.4150543213, 32.9375038147, 33.4599533081, 33.99401474, 34.5280723572, 35.0621299744, 35.5961914062],
