{
"metadata": {
    "version": {
        "essentia": "2.1-beta5",
        "essentia_git_sha": "Undefined",
        "extractor": "music 2.0"
    },
    "audio_properties": {
        "analysis": {
            "equal_loudness": 0,
            "length": 12.7477550507,
            "sample_rate": 44100,
            "start_time": 0,
            "downmix": "mix"
        },
        "bit_rate": 192000,
        "length": 182.334701538,
        "lossless": 0,
        "number_channels": 2,
        "replay_gain": -9.54729270935,
        "sample_rate": 48000,
        "codec": "mp3",
        "md5_encoded": "2e802309110def8f7c2583c226e24092"
    },
    "tags": {
        "file_name": "Luxembourg_Frère Jacques_Anne Marie B..mp3",
        "encoding": ["Lavf58.29.100"]
    }
},
"lowlevel": {
    "average_loudness": 0.876550555229,
    "barkbands_crest": {
        "max": 23.0220603943,
        "mean": 9.98364162445,
        "min": 3.90169024467,
        "stdev": 3.62528920174
    },
    "barkbands_flatness_db": {
        "max": 0.337957561016,
        "mean": 0.220061480999,
        "min": 0.0325485095382,
        "stdev": 0.041375592351
    },
    "barkbands_kurtosis": {
        "max": 35.3270645142,
        "mean": 4.16824865341,
        "min": -1.67192804813,
        "stdev": 6.67813444138
    },
    "barkbands_skewness": {
        "max": 5.19798851013,
        "mean": 1.04504215717,
        "min": -2.4345831871,
        "stdev": 1.51930856705
    },
    "barkbands_spread": {
        "max": 88.3021697998,
        "mean": 11.1375780106,
        "min": 1.81058907509,
        "stdev": 5.86240100861
    },
    "dissonance": {
        "max": 0.499999970198,
        "mean": 0.453691899776,
        "min": 0.313862323761,
        "stdev": 0.0367377214134
    },
    "dynamic_complexity": 6.9638171196,
    "erbbands_crest": {
        "max": 31.9892959595,
        "mean": 11.6306552887,
        "min": 3.04509663582,
        "stdev": 5.94799518585
    },
    "erbbands_flatness_db": {
        "max": 0.38985055685,
        "mean": 0.256251424551,
        "min": 0.0566559992731,
        "stdev": 0.0642721951008
    },
    "erbbands_kurtosis": {
        "max": 19.4984016418,
        "mean": 1.38970339298,
        "min": -1.53417336941,
        "stdev": 2.61090946198
    },
    "erbbands_skewness": {
        "max": 2.90890860558,
        "mean": 0.0978703945875,
        "min": -2.01999592781,
        "stdev": 0.773267447948
    },
    "erbbands_spread": {
        "max": 61.0627746582,
        "mean": 21.5210819244,
        "min": 2.10980129242,
        "stdev": 13.016210556
    },
    "hfc": {
        "max": 83.6343536377,
        "mean": 15.2204065323,
        "min": 1.63456789437e-07,
        "stdev": 15.7122383118
    },
    "loudness_ebu128": {
        "integrated": -14.4654436111,
        "loudness_range": 5.11256217957,
        "momentary": {
            "max": -11.0144329071,
            "mean": -18.7345161438,
            "min": -52.3028411865,
            "stdev": 9.80835914612
        },
        "short_term": {
            "max": -12.5184392929,
            "mean": -15.1343307495,
            "min": -20.7043704987,
            "stdev": 1.92203807831
        }
    },
    "melbands_crest": {
        "max": 27.0946884155,
        "mean": 13.0324697495,
        "min": 4.94313573837,
        "stdev": 4.08240652084
    },
    "melbands_flatness_db": {
        "max": 0.429165452719,
        "mean": 0.288334667683,
        "min": 0.109877415001,
        "stdev": 0.0496010668576
    },
    "melbands_kurtosis": {
        "max": 66.122756958,
        "mean": 7.98651885986,
        "min": -1.66943180561,
        "stdev": 12.8321390152
    },
    "melbands_skewness": {
        "max": 6.81431770325,
        "mean": 1.64182794094,
        "min": -2.04306077957,
        "stdev": 1.69971060753
    },
    "melbands_spread": {
        "max": 63.3842964172,
        "mean": 17.125421524,
        "min": 2.02629446983,
        "stdev": 11.0415449142
    },
    "pitch_salience": {
        "max": 0.815081894398,
        "mean": 0.560293912888,
        "min": 0.262665808201,
        "stdev": 0.102708443999
    },
    "silence_rate_20dB": {
        "max": 1,
        "mean": 1,
        "min": 1,
        "stdev": 0
    },
    "silence_rate_30dB": {
        "max": 1,
        "mean": 0.994545459747,
        "min": 0,
        "stdev": 0.0736534148455
    },
    "silence_rate_60dB": {
        "max": 1,
        "mean": 0.180000007153,
        "min": 0,
        "stdev": 0.38418841362
    },
    "spectral_centroid": {
        "max": 11382.3154297,
        "mean": 856.739746094,
        "min": 258.306488037,
        "stdev": 621.007995605
    },
    "spectral_complexity": {
        "max": 31,
        "mean": 12.7690906525,
        "min": 0,
        "stdev": 7.08874702454
    },
    "spectral_decrease": {
        "max": -9.96225310486e-18,
        "mean": -5.89189275146e-09,
        "min": -3.11544887666e-08,
        "stdev": 5.69874147871e-09
    },
    "spectral_energy": {
        "max": 0.121786952019,
        "mean": 0.0236178562045,
        "min": 5.24258483847e-11,
        "stdev": 0.0226852484047
    },
    "spectral_energyband_high": {
        "max": 0.000177263020305,
        "mean": 2.15408635995e-05,
        "min": 1.22265435623e-11,
        "stdev": 2.58560103248e-05
    },
    "spectral_energyband_low": {
        "max": 0.028878826648,
        "mean": 0.00377548858523,
        "min": 2.47460333475e-11,
        "stdev": 0.00479796249419
    },
    "spectral_energyband_middle_high": {
        "max": 0.0703500658274,
        "mean": 0.00848859362304,
        "min": 1.1262210782e-11,
        "stdev": 0.0118910484016
    },
    "spectral_energyband_middle_low": {
        "max": 0.101187735796,
        "mean": 0.0124832727015,
        "min": 4.52030426978e-12,
        "stdev": 0.0157808642834
    },
    "spectral_entropy": {
        "max": 9.81993865967,
        "mean": 6.89643478394,
        "min": 5.94185352325,
        "stdev": 0.385271698236
    },
    "spectral_flux": {
        "max": 0.240391910076,
        "mean": 0.0759426653385,
        "min": 7.24056963008e-06,
        "stdev": 0.0497252084315
    },
    "spectral_kurtosis": {
        "max": 62.5655670166,
        "mean": 14.2921648026,
        "min": -1.22034275532,
        "stdev": 9.83962059021
    },
    "spectral_rms": {
        "max": 0.0109002999961,
        "mean": 0.00411140592769,
        "min": 2.2615739681e-07,
        "stdev": 0.00247753364965
    },
    "spectral_rolloff": {
        "max": 8699.4140625,
        "mean": 971.930664062,
        "min": 150.732421875,
        "stdev": 631.316162109
    },
    "spectral_skewness": {
        "max": 5.66145658493,
        "mean": 2.3398039341,
        "min": -0.0382605604827,
        "stdev": 0.800235748291
    },
    "spectral_spread": {
        "max": 41098472,
        "mean": 2325061.75,
        "min": 1125614.75,
        "stdev": 1935313.625
    },
    "spectral_strongpeak": {
        "max": 9.45626163483,
        "mean": 1.57274532318,
        "min": 2.6704915399e-06,
        "stdev": 1.90578353405
    },
    "zerocrossingrate": {
        "max": 0.25634765625,
        "mean": 0.0375887788832,
        "min": 0.01171875,
        "stdev": 0.0207418203354
    },
    "barkbands": {
        "max": [0.00109022960532, 0.00363486586139, 0.0224172193557, 0.0506928227842, 0.0373064652085, 0.0302291754633, 0.0151553973556, 0.0142373126, 0.0199364870787, 0.00597121147439, 0.0562021881342, 0.0207522772253, 0.0141092548147, 0.00709999538958, 0.00655950140208, 0.00327216926962, 0.00193801987916, 0.000842018576805, 0.000651660375297, 0.000222727336222, 8.84723631316e-05, 1.83364372788e-05, 4.48765058536e-06, 2.65604467131e-06, 2.61658919953e-06, 2.53351481661e-06, 2.74117587651e-06],
        "mean": [3.08270973619e-05, 0.000575059908442, 0.00205579120666, 0.00334830093198, 0.00387348048389, 0.0021224853117, 0.000609197013546, 0.000792686245404, 0.00166438310407, 0.000349497364368, 0.00413673045114, 0.00110997108277, 0.00129157106858, 0.000402478704927, 0.000780248956289, 0.000151190790348, 0.000122892815853, 0.000105293242086, 5.49323922314e-05, 3.04047534883e-05, 8.47685896588e-06, 1.30504724893e-06, 3.43411471704e-07, 1.76249642436e-07, 1.42723578733e-07, 2.73834039888e-08, 5.64111957146e-09],
        "min": [3.73976977858e-12, 1.46274329454e-11, 6.07367541677e-12, 1.04156462101e-12, 7.97261074433e-13, 5.70430204808e-13, 3.73276117047e-13, 1.05593550397e-12, 5.21841250767e-13, 5.79187468385e-13, 1.14246643829e-12, 1.0052002633e-12, 1.00765381282e-12, 8.20787394214e-13, 2.03229772421e-12, 1.98037810109e-12, 1.35507078648e-12, 4.04526997837e-13, 5.31646233114e-13, 7.16769688307e-13, 7.5722501186e-13, 8.35724447545e-13, 1.24247508983e-12, 2.04413135724e-12, 2.00334627359e-12, 2.66980318062e-12, 2.47043097784e-12],
        "stdev": [9.53118287725e-05, 0.000726510130335, 0.00315158232115, 0.00594708044082, 0.00621969718486, 0.00338452355936, 0.00116802251432, 0.0016184708802, 0.00288636074401, 0.000551385630388, 0.00806123949587, 0.00258128438145, 0.0022916039452, 0.000847727875225, 0.00123833492398, 0.000294143013889, 0.000205549498787, 0.000113046182378, 8.3875580458e-05, 3.68698856619e-05, 1.0951240256e-05, 2.14737860915e-06, 5.08239395458e-07, 1.90832793123e-07, 1.23059763268e-07, 1.10564954525e-07, 1.16754570456e-07]
    },
    "erbbands": {
        "max": [0.0850997641683, 1.12799417973, 17.9556846619, 85.2025146484, 140.46925354, 159.534042358, 374.073516846, 230.492324829, 139.950866699, 202.66847229, 512.781433105, 537.14666748, 166.40423584, 579.861694336, 2806.22998047, 460.9765625, 562.026916504, 300.943054199, 413.391174316, 213.75428772, 194.603927612, 136.14112854, 54.754108429, 70.242729187, 24.9493465424, 8.62553405762, 4.90157794952, 3.88371109962, 0.874707937241, 0.224919825792, 0.111389271915, 0.0620370469987, 0.042155969888, 0.0288889706135, 0.0186896231025, 0.0101837152615, 0.00472902832553, 0.00169375212863, 0.000397961062845, 0.000136027374538],
        "mean": [0.00742965936661, 0.195749208331, 1.96304440498, 6.42348194122, 11.8083648682, 10.6424922943, 24.3310928345, 15.8306713104, 7.06009483337, 14.2470149994, 20.0583744049, 42.4171295166, 15.3514900208, 41.0031585693, 196.610519409, 34.803894043, 53.3416633606, 31.4923973083, 44.1271247864, 18.6070137024, 8.36720371246, 7.21926259995, 5.89555597305, 4.22385978699, 2.33133792877, 1.32157433033, 0.612953901291, 0.167396783829, 0.0562000162899, 0.0194682981819, 0.00888391956687, 0.0047474168241, 0.00235232152045, 0.00112744455691, 0.00113754137419, 0.00038273842074, 3.1757306715e-05, 6.14719874648e-06, 1.27195507957e-05, 2.72681991191e-05],
        "min": [5.27202559386e-10, 2.85988877025e-09, 7.27357862829e-09, 5.54266188502e-09, 1.17598919491e-09, 3.90293086738e-09, 3.67931685119e-09, 5.238364853e-09, 3.10463765807e-09, 1.53035646377e-08, 2.14002646715e-08, 1.37524001076e-08, 1.72263092679e-08, 1.67459432987e-08, 6.56356817785e-08, 3.59433975916e-08, 4.39089617998e-08, 4.69216381305e-08, 6.80374867557e-08, 9.92537110278e-08, 1.23494032778e-07, 7.75968587163e-08, 2.91693407206e-08, 1.29578872077e-08, 3.78490270236e-08, 3.61660212889e-08, 2.40620163794e-08, 3.36046213079e-08, 3.52120039793e-08, 2.53856971e-08, 3.80556990365e-08, 4.30765609849e-08, 3.30403615578e-08, 2.14739745985e-08, 1.44033833749e-08, 1.02623172182e-08, 5.33127764157e-09, 1.54409085518e-09, 4.27332197406e-10, 3.00636078532e-11],
        "stdev": [0.00949775706977, 0.233484819531, 2.86195778847, 10.0913705826, 20.4026679993, 17.8784542084, 46.908405304, 23.7143230438, 12.0903091431, 22.0448989868, 47.9042129517, 74.3575286865, 19.9602680206, 61.8904380798, 417.917358398, 63.0690917969, 88.9392700195, 48.7826805115, 64.4230651855, 28.484621048, 16.3827381134, 11.7982568741, 6.49054527283, 6.58023452759, 3.22907757759, 1.5770907402, 0.727241456509, 0.276192337275, 0.0883021950722, 0.0301636643708, 0.0125583028421, 0.00548688415438, 0.00256275990978, 0.00143066619057, 0.000907271285541, 0.00047846668167, 0.000202176015591, 7.20834505046e-05, 1.99579826585e-05, 2.59568769252e-05]
    },
    "gfcc": {
        "mean": [-124.767112732, 178.29045105, -151.356002808, 11.3635721207, -35.5027732849, -4.16963386536, -29.0586090088, -6.27276277542, -27.7590751648, -10.4829320908, -9.94693565369, -16.8721885681, 1.19011855125],
        "cov": [[14457.6816406, 2893.41210938, -2863.3046875, -1248.05187988, 881.135803223, -1473.11535645, 722.350402832, -951.281799316, -209.91973877, -636.436340332, 382.819000244, -557.068237305, 200.740402222], [2893.41210938, 1040.58251953, -238.481079102, -368.083251953, 140.920074463, -425.976928711, 98.4330978394, -181.62739563, -31.1829776764, -180.674987793, 25.071100235, -183.207122803, 71.3424453735], [-2863.3046875, -238.481079102, 1213.02856445, 341.453857422, -329.981201172, 229.17678833, -206.242675781, 226.857772827, 9.81197738647, 85.2994918823, -167.858963013, 82.3904342651, -53.6203384399], [-1248.05187988, -368.083251953, 341.453857422, 397.28994751, -67.2997817993, 140.309020996, -59.8243179321, 126.125541687, 16.7322483063, 74.2178726196, -56.8353385925, 52.5203742981, -26.6627578735], [881.135803223, 140.920074463, -329.981201172, -67.2997817993, 225.185470581, -56.1826705933, 64.7431335449, -75.6238021851, 12.8312921524, -30.5615673065, 48.3603553772, -45.0893974304, 12.9884366989], [-1473.11535645, -425.976928711, 229.17678833, 140.309020996, -56.1826705933, 333.507232666, -18.2160491943, 88.6264038086, 3.94956254959, 93.2428131104, -2.98502492905, 104.595367432, -54.5522232056], [722.350402832, 98.4330978394, -206.242675781, -59.8243179321, 64.7431335449, -18.2160491943, 142.753479004, -37.5053634644, -22.7706184387, -29.0707015991, 37.9961624146, -15.7281045914, 1.74100768566], [-951.281799316, -181.62739563, 226.857772827, 126.125541687, -75.6238021851, 88.6264038086, -37.5053634644, 166.899383545, 57.6510658264, 37.3190994263, -51.4102363586, 26.4882736206, -0.933324277401], [-209.91973877, -31.1829776764, 9.81197738647, 16.7322483063, 12.8312921524, 3.94956254959, -22.7706184387, 57.6510658264, 83.2231292725, 22.9355354309, -19.5586013794, -6.40048742294, 11.2164058685], [-636.436340332, -180.674987793, 85.2994918823, 74.2178726196, -30.5615673065, 93.2428131104, -29.0707015991, 37.3190994263, 22.9355354309, 86.0036849976, 11.00203228, 39.069732666, -18.0481681824], [382.819000244, 25.071100235, -167.858963013, -56.8353385925, 48.3603553772, -2.98502492905, 37.9961624146, -51.4102363586, -19.5586013794, 11.00203228, 88.69190979, 32.2530555725, 5.89640378952], [-557.068237305, -183.207122803, 82.3904342651, 52.5203742981, -45.0893974304, 104.595367432, -15.7281045914, 26.4882736206, -6.40048742294, 39.069732666, 32.2530555725, 105.274925232, 7.57561349869], [200.740402222, 71.3424453735, -53.6203384399, -26.6627578735, 12.9884366989, -54.5522232056, 1.74100768566, -0.933324277401, 11.2164058685, -18.0481681824, 5.89640378952, 7.57561349869, 53.6329650879]],
        "icov": [[0.000784418254625, -0.00241672829725, 0.00202124216594, -0.00140007853042, 0.000934369745664, 0.000102800411696, -0.000408932974096, 0.000735316541977, -6.97401119396e-05, 0.000704290636349, 0.000630919937976, -0.00148200674448, 0.00189941353165], [-0.00241672829725, 0.0133728645742, -0.00982296373695, 0.00754608307034, -0.00517958961427, 0.00373978237621, -0.00203069462441, -8.49222706165e-05, -0.00119378173258, 0.00131310301367, -0.00691331597045, 0.0104482565075, -0.00971387512982], [0.00202124216594, -0.00982296373695, 0.00977521575987, -0.00622637337074, 0.00548402359709, -0.00260125729255, 0.00252649514005, -0.000401644967496, 0.00175974238664, -0.000214182029595, 0.00698197446764, -0.00806302018464, 0.00804711785167], [-0.00140007853042, 0.00754608307034, -0.00622637337074, 0.00906170997769, -0.00518648093566, 0.00291209039278, -0.00113612809218, -0.00308892922476, 0.00228956411593, -0.00315778329968, -0.000476165296277, 0.00333329499699, -0.00427629612386], [0.000934369745664, -0.00517958961427, 0.00548402359709, -0.00518648093566, 0.0123991789296, -0.00454340456054, 0.000309259572532, 0.00410209503025, -0.00528799695894, 0.00376262771897, -0.00264339148998, 0.00207721116021, 0.00110362633131], [0.000102800411696, 0.00373978237621, -0.00260125729255, 0.00291209039278, -0.00454340456054, 0.0121433427557, -0.00409511756152, -0.0016942282673, 0.00148934894241, -0.00317582045682, 0.00167772127315, -0.0062639429234, 0.00636300677434], [-0.000408932974096, -0.00203069462441, 0.00252649514005, -0.00113612809218, 0.000309259572532, -0.00409511756152, 0.0131268976256, -0.0037533887662, 0.00372830126435, 0.00117705075536, -0.00113442481961, 4.97303262819e-05, 0.00119533471297], [0.000735316541977, -8.49222706165e-05, -0.000401644967496, -0.00308892922476, 0.00410209503025, -0.0016942282673, -0.0037533887662, 0.0177706126124, -0.0119950221851, 0.00430797971785, 7.1600836236e-05, 0.00188543682452, -0.00317792478018], [-6.97401119396e-05, -0.00119378173258, 0.00175974238664, 0.00228956411593, -0.00528799695894, 0.00148934894241, 0.00372830126435, -0.0119950221851, 0.02611528337, -0.0117020849138, 0.00771514046937, -0.00136397697497, -0.00284273922443], [0.000704290636349, 0.00131310301367, -0.000214182029595, -0.00315778329968, 0.00376262771897, -0.00317582045682, 0.00117705075536, 0.00430797971785, -0.0117020849138, 0.0295992363244, -0.0139019964263, 0.00395298702642, 0.00310641573742], [0.000630919937976, -0.00691331597045, 0.00698197446764, -0.000476165296277, -0.00264339148998, 0.00167772127315, -0.00113442481961, 7.1600836236e-05, 0.00771514046937, -0.0139019964263, 0.0366965383291, -0.023161130026, 0.00890834536403], [-0.00148200674448, 0.0104482565075, -0.00806302018464, 0.00333329499699, 0.00207721116021, -0.0062639429234, 4.97303262819e-05, 0.00188543682452, -0.00136397697497, 0.00395298702642, -0.023161130026, 0.0383233912289, -0.0228498261422], [0.00189941353165, -0.00971387512982, 0.00804711785167, -0.00427629612386, 0.00110362633131, 0.00636300677434, 0.00119533471297, -0.00317792478018, -0.00284273922443, 0.00310641573742, 0.00890834536403, -0.0228498261422, 0.0403754152358]]
    },
    "melbands": {
        "max": [0.000765809672885, 0.00650590937585, 0.0179160572588, 0.00852135475725, 0.0117509588599, 0.00505108945072, 0.00257149967365, 0.00194482959341, 0.005112150684, 0.00374544737861, 0.000872842792887, 0.00211882893927, 0.00783845037222, 0.00364955281839, 0.000757907575462, 0.00190013065003, 0.000680946104694, 0.00065003905911, 0.000666322652251, 0.000154832785483, 0.000234471197473, 0.000169808146893, 5.9935850004e-05, 4.9700611271e-05, 6.45287145744e-05, 2.62716421275e-05, 1.42922590385e-05, 5.65052414458e-06, 3.77526430384e-06, 3.65925893675e-06, 1.35011816838e-06, 6.54353925711e-07, 1.99360655984e-07, 1.03885710701e-07, 7.34614928888e-08, 4.4789267406e-08, 3.56009834945e-08, 3.00545934806e-08, 2.66661128734e-08, 2.31593713096e-08],
        "mean": [0.000110822278657, 0.000773747917265, 0.00138756481465, 0.000726565427613, 0.000822381000035, 0.000345313834259, 0.000113930916996, 0.0001638084359, 0.000174308006535, 0.000269014475634, 6.43738094368e-05, 0.000122910059872, 0.000593243399635, 0.000253857957432, 4.09125568694e-05, 0.000153370885528, 4.29045139754e-05, 6.88661530148e-05, 5.16102336405e-05, 1.160577267e-05, 8.51985259942e-06, 8.56622864376e-06, 4.70112763651e-06, 4.73351565233e-06, 3.40357337336e-06, 1.54291342369e-06, 1.50325490722e-06, 7.33289311938e-07, 4.37559805277e-07, 2.00447558996e-07, 6.00987846155e-08, 3.51197080306e-08, 1.57624810981e-08, 8.458452605e-09, 5.3071338435e-09, 3.49793682908e-09, 2.65036037561e-09, 1.73781988799e-09, 1.1606000605e-09, 8.2516443678e-10],
        "min": [4.54766216004e-12, 3.71920549913e-12, 8.09700451219e-13, 1.56480311022e-13, 1.502221199e-13, 1.11957101576e-13, 5.64023518645e-14, 1.84615276083e-13, 1.53659853938e-13, 8.56044971237e-14, 8.84317236951e-14, 6.11001727728e-14, 1.89523350898e-13, 1.40048739207e-13, 7.2363800065e-14, 1.06400402811e-13, 8.66845454466e-14, 8.89875467151e-14, 1.8051398321e-13, 9.94535603502e-14, 1.5535985584e-13, 8.19782677614e-14, 3.54845411952e-14, 2.43325968912e-14, 7.12494892594e-15, 2.04801148642e-14, 3.27896550515e-14, 2.11812870439e-14, 1.65952439914e-14, 1.20160737643e-14, 2.28416003695e-14, 1.77222416565e-14, 1.82825420927e-14, 1.29700497033e-14, 1.9247709031e-14, 2.82452894081e-14, 2.64228099307e-14, 2.4743751766e-14, 1.93125646497e-14, 1.72165680692e-14],
        "stdev": [0.000134768197313, 0.00103614421096, 0.00219872780144, 0.00116136716679, 0.00152496807277, 0.000515325518791, 0.000205959833693, 0.000261668174062, 0.00045980795403, 0.000478719884995, 9.05545020942e-05, 0.000221458030865, 0.00119047786575, 0.000562152417842, 7.79266119935e-05, 0.000289680698188, 8.06175303296e-05, 0.000105088132841, 9.59095414146e-05, 1.91011895367e-05, 1.85081989912e-05, 1.55267243827e-05, 5.85053749091e-06, 5.48583193449e-06, 5.91568868913e-06, 2.59582861872e-06, 1.95746929421e-06, 9.60945044426e-07, 5.58504495984e-07, 2.98309174696e-07, 1.06403966527e-07, 5.95557771987e-08, 2.53778722481e-08, 1.34007027697e-08, 7.80181164117e-09, 4.46775993979e-09, 2.92725244044e-09, 1.88076976215e-09, 1.42434630757e-09, 1.12635112348e-09]
    },
    "melbands128": {
        "max": [0.00055711629102, 0.000610021641478, 0.00121123436838, 0.00221389369108, 0.00714378524572, 0.0120368264616, 0.0150051573291, 0.0292595140636, 0.0141654936597, 0.0103562092409, 0.0102579342201, 0.0150569863617, 0.0161279179156, 0.0088079944253, 0.00721439858899, 0.0030639313627, 0.0017525163712, 0.00274670426734, 0.00502128619701, 0.00245493091643, 0.00345577159896, 0.00548955006525, 0.00903836358339, 0.00572577817366, 0.00479919463396, 0.00741189299151, 0.000905224180315, 0.00096400489565, 0.00164497632068, 0.000623361673206, 0.0032988707535, 0.00709213223308, 0.00889002438635, 0.0206043217331, 0.00596155226231, 0.00352053856477, 0.00036993145477, 0.00138195895124, 0.00113762158435, 0.00167285883799, 0.00394499814138, 0.00170311238617, 0.000689941924065, 0.00156209978741, 0.00158089236356, 0.00123035721481, 0.00134382524993, 0.00166441267356, 0.000592178665102, 0.000224256509682, 0.000245305040153, 0.000354297604645, 0.000359806435881, 0.000200653244974, 0.000295645644655, 0.000324054504745, 0.000105698454718, 4.6294357162e-05, 7.63345597079e-05, 8.62379092723e-05, 6.46309927106e-05, 8.80650186446e-05, 0.000185884797247, 2.62482990365e-05, 1.25142132674e-05, 4.55948138551e-05, 4.77467110613e-05, 2.66580027528e-05, 2.50675693678e-05, 1.46665124703e-05, 6.90071692588e-06, 1.36291919262e-05, 7.16345630281e-06, 5.71503414903e-06, 6.15470480625e-06, 2.13799353332e-06, 1.0620613466e-05, 1.32413674692e-06, 6.75011392559e-07, 1.62821265803e-06, 1.57729095918e-06, 4.49882577414e-07, 2.84341410861e-07, 2.91300125355e-07, 1.37638153319e-07, 1.16513469095e-07, 1.11357309152e-07, 7.89178500327e-08, 1.12236676841e-07, 5.00961974126e-08, 5.70551037526e-08, 3.84889382588e-08, 4.01693789343e-08, 3.71111390507e-08, 3.56703289128e-08, 2.9733850937e-08, 3.08281329353e-08, 2.60852086598e-08, 2.68654503088e-08, 2.70168687422e-08, 2.5454742314e-08, 2.14024105105e-08, 2.21459188765e-08, 2.1830553365e-08, 2.20603872947e-08, 1.97226253107e-08, 2.07728163559e-08, 1.69261760163e-08, 1.78613959179e-08, 1.69381699777e-08, 1.60291904194e-08, 1.54945549724e-08, 1.49835504004e-08, 1.44823912862e-08, 1.40129783333e-08, 1.35707320936e-08, 1.31567912121e-08, 1.27830608321e-08, 1.24520553868e-08, 1.21335510528e-08, 1.18682761396e-08, 1.15825997682e-08, 1.13702318671e-08, 1.11680167336e-08, 1.10263904674e-08, 1.08991562442e-08, 1.08039186486e-08, 1.07446451736e-08],
        "mean": [1.76294579433e-05, 3.18267702824e-05, 0.000110074564873, 0.000331595801981, 0.000857934413943, 0.00101841019932, 0.0010948398849, 0.00199044425972, 0.00117634586059, 0.000431776134064, 0.000492638035212, 0.000990338274278, 0.000971621600911, 0.000531202007551, 0.000441088108346, 0.000178700080141, 6.80701559759e-05, 0.000104040060251, 0.000169214428752, 0.000151589920279, 0.00017925062275, 0.000150939566083, 0.00016124661488, 0.000209163263207, 0.00030703243101, 0.000341365637723, 6.10033748671e-05, 4.07111474487e-05, 5.19147833984e-05, 4.2924490117e-05, 0.000175883964403, 0.000231887257542, 0.000518814893439, 0.0011473542545, 0.000296111596981, 3.16131918225e-05, 1.65725741681e-05, 3.93198970414e-05, 3.56898344762e-05, 0.000143198194564, 0.00025009617093, 5.54445432499e-05, 2.21912450797e-05, 4.53581669717e-05, 4.49815997854e-05, 8.37628249428e-05, 7.84239164204e-05, 8.13347214716e-05, 2.05254618777e-05, 5.68276982449e-06, 1.46806796693e-05, 1.32774330268e-05, 7.71728628024e-06, 6.12630265096e-06, 1.0365190974e-05, 1.09838638309e-05, 5.40470045962e-06, 1.87161799658e-06, 5.71232385482e-06, 7.90374087956e-06, 3.09473898596e-06, 3.57458202416e-06, 5.99046506977e-06, 2.57328088082e-06, 8.3006409568e-07, 1.51183758135e-06, 2.02125397664e-06, 1.61219043093e-06, 1.61551565725e-06, 9.62032345342e-07, 6.26884514077e-07, 7.64386868468e-07, 4.64286273427e-07, 3.95511875695e-07, 3.68223766145e-07, 1.9635885451e-07, 1.62631707212e-07, 7.04043188193e-08, 4.50631887361e-08, 4.34117204406e-08, 4.18457517526e-08, 3.096708312e-08, 1.93355891298e-08, 1.56600439283e-08, 1.12901936689e-08, 8.91332252451e-09, 8.15398681908e-09, 5.93629057022e-09, 5.45469980295e-09, 4.48085213378e-09, 3.88523613282e-09, 3.19260617943e-09, 2.89853052671e-09, 2.82962875353e-09, 2.30379981758e-09, 2.11382134019e-09, 1.55644830357e-09, 1.30348032368e-09, 1.28896993079e-09, 1.00826036409e-09, 9.02009689163e-10, 7.94847132557e-10, 7.26315063648e-10, 6.7689409633e-10, 8.77905470542e-10, 2.13181383657e-09, 2.44101472369e-09, 5.71225899915e-10, 4.31836927328e-10, 3.0791577621e-10, 8.27239735046e-11, 4.37514434404e-11, 3.19361030676e-11, 2.99474819943e-11, 2.89518582719e-11, 2.82838891197e-11, 2.71292068671e-11, 2.63838655784e-11, 2.56978639757e-11, 2.49631461335e-11, 2.4405545293e-11, 2.38271971598e-11, 2.33898421464e-11, 2.2973095648e-11, 2.26541233689e-11, 2.23441057323e-11, 2.21243561666e-11, 2.19996659778e-11],
        "min": [3.12795926313e-12, 4.82832523963e-12, 4.70079183912e-12, 4.84688244401e-12, 4.24463545909e-12, 2.66397689498e-12, 1.23671797629e-12, 2.91755524904e-13, 3.16979820484e-14, 1.35651418483e-13, 2.63715048063e-13, 2.05992991761e-13, 1.18223817238e-13, 8.05931452759e-14, 1.18200642416e-13, 1.5052280982e-13, 4.91214091158e-14, 6.37180788682e-15, 8.96085573907e-14, 2.07885005868e-13, 1.99535605595e-13, 2.254508971e-13, 1.80780859575e-13, 3.66196364952e-14, 6.07164871765e-14, 1.46798372069e-13, 4.52455150982e-14, 9.24300715718e-14, 1.10127679816e-13, 6.77269587526e-14, 3.54673938602e-14, 5.53306383458e-14, 1.85784303523e-13, 3.35163103868e-13, 1.65500588494e-13, 8.62352385138e-14, 8.13507789778e-14, 5.51075840776e-14, 7.05280018415e-14, 1.1392445418e-13, 1.2292879388e-13, 9.75597844156e-14, 5.02541462762e-14, 1.24905240231e-13, 7.3136219574e-14, 5.21692674412e-14, 1.27803583688e-13, 2.44589586215e-13, 1.88584486026e-13, 7.61162915466e-14, 8.51301722258e-14, 9.79803532145e-14, 2.11002968028e-13, 1.61126618775e-13, 8.15600571021e-14, 6.04110674245e-14, 1.13854279195e-13, 3.15456584194e-14, 1.58334039239e-14, 1.56286235445e-14, 4.43527627006e-14, 1.01686822008e-14, 3.56954634104e-15, 5.74089073738e-15, 1.36466748682e-14, 9.64621618531e-15, 3.46386907059e-14, 4.03559496476e-14, 2.02926851077e-14, 4.63343183537e-14, 1.19947632623e-14, 1.80587576821e-14, 1.87977600472e-14, 1.88622633002e-14, 1.01049904054e-14, 9.61855208925e-15, 1.46357467703e-14, 1.46677578395e-14, 3.6442420262e-14, 1.40995003758e-14, 1.0219847226e-14, 1.94096922237e-14, 3.34611082332e-14, 1.52712738966e-14, 8.68609841036e-15, 1.60731210242e-14, 9.83306064204e-15, 1.57299676485e-14, 1.88257612624e-14, 1.71161167379e-14, 4.03485974016e-14, 2.20104628425e-14, 3.05911234386e-14, 2.23282238646e-14, 2.3873074741e-14, 3.6261019686e-14, 1.88741844419e-14, 2.30155131742e-14, 1.58831247579e-14, 1.94775531153e-14, 2.35747700658e-14, 1.21786371745e-14, 1.68878837103e-14, 1.57506589694e-14, 1.26525512615e-14, 2.10611557491e-14, 1.72945035707e-14, 1.12509421267e-14, 1.65179691756e-14, 2.42461453204e-14, 2.14621275938e-14, 1.25536195073e-14, 2.3649358093e-14, 1.17914219919e-14, 1.47854107159e-14, 1.45567999115e-14, 1.10315961688e-14, 7.28222854468e-15, 1.15869406152e-14, 1.60528515258e-14, 9.78352192012e-15, 1.98682758613e-14, 1.4057959339e-14, 7.54920655339e-15, 4.01894051824e-15, 3.29401245253e-15, 6.94991909651e-16, 2.04887955887e-17],
        "stdev": [5.12647347932e-05, 6.16912802798e-05, 0.000169947219547, 0.000455011875601, 0.00129365373868, 0.00157219730318, 0.00178375071846, 0.00361005263403, 0.00215966906399, 0.000950223766267, 0.000932063674554, 0.00196215277538, 0.00208358070813, 0.000947750231717, 0.000733188644517, 0.00029201284633, 0.000134042464197, 0.000241966103204, 0.000375585135771, 0.000270085292868, 0.000358005287126, 0.000415171060013, 0.000677660107613, 0.000693562033121, 0.000606542686, 0.000748565595131, 0.000108061991341, 7.63517309679e-05, 0.000116973627883, 6.85178529238e-05, 0.000359991099685, 0.000644833024126, 0.00125093525276, 0.0027970445808, 0.00073680409696, 0.000170585451997, 3.03613305732e-05, 0.000118689087685, 0.00010982961976, 0.00026646401966, 0.000544521259144, 0.00014872122847, 6.78141732351e-05, 0.000143600846059, 0.000123288700706, 0.00017265790666, 0.00017725113139, 0.000212509243283, 4.30157670053e-05, 1.33265712066e-05, 2.90499610855e-05, 3.04631339532e-05, 3.06472211378e-05, 1.37039924084e-05, 2.89695344691e-05, 2.59617445408e-05, 1.26533150251e-05, 3.73909006157e-06, 8.69567247719e-06, 1.1209157492e-05, 6.2598301156e-06, 7.67359051679e-06, 1.48888002514e-05, 4.37008429799e-06, 1.29662748805e-06, 3.59652153747e-06, 4.63631113234e-06, 2.71784756478e-06, 2.79601613329e-06, 1.71848967057e-06, 9.96758899419e-07, 1.42318742746e-06, 7.51859090542e-07, 6.87964529789e-07, 5.7885915794e-07, 2.88206052801e-07, 5.78294304887e-07, 1.2269583749e-07, 7.64623777627e-08, 1.01594316959e-07, 9.35228143817e-08, 4.84359716779e-08, 3.1975368131e-08, 2.93029582821e-08, 1.93261584513e-08, 1.50517092123e-08, 1.34935707052e-08, 1.00857286967e-08, 8.47846148844e-09, 6.64926425031e-09, 5.26364285491e-09, 4.21307833065e-09, 3.83272613647e-09, 3.40812222888e-09, 2.55188981058e-09, 2.30156249614e-09, 1.86740067853e-09, 1.56748536373e-09, 1.57883639496e-09, 1.39217537498e-09, 1.28545951661e-09, 1.08515707531e-09, 1.0865065514e-09, 1.05610165058e-09, 1.04879083196e-09, 1.44761858056e-09, 1.68837044345e-09, 8.2836859594e-10, 9.78006231556e-10, 8.46406500443e-10, 7.04628910775e-10, 6.70135169578e-10, 6.38235575501e-10, 6.16844908485e-10, 5.96850513457e-10, 5.78005698859e-10, 5.60383461856e-10, 5.44463862884e-10, 5.30365584783e-10, 5.16803211337e-10, 5.05504860193e-10, 4.93336760332e-10, 4.84291384772e-10, 4.75678496592e-10, 4.69647321033e-10, 4.64230098807e-10, 4.60174620631e-10, 4.57650195518e-10]
    },
    "mfcc": {
        "mean": [-762.268676758, 208.102737427, -43.921497345, 24.7605247498, 0.87368530035, 3.30763626099, 5.55799245834, -3.25890684128, -4.70822238922, -0.849981844425, -9.06981372833, -5.84820413589, -8.21277809143],
        "cov": [[13832.9121094, 3230.00219727, -3459.19458008, 197.16305542, -617.157226562, -293.475708008, 215.532012939, -418.473052979, -364.363677979, -208.546081543, -371.237243652, -155.728988647, -130.848754883], [3230.00219727, 1456.1204834, -518.27911377, 30.0809574127, -123.652832031, -229.035354614, -27.9967136383, -118.230773926, -60.9971542358, -53.7183418274, -144.081268311, -80.5927505493, -85.345123291], [-3459.19458008, -518.27911377, 1306.98999023, 71.6684875488, 128.503265381, 26.8230934143, -107.874824524, 122.737121582, 103.279380798, 19.8692798615, 69.1842041016, 19.5344657898, 0.906126081944], [197.16305542, 30.0809574127, 71.6684875488, 233.875411987, 27.4157752991, -36.515335083, -14.7464742661, -9.41005706787, 38.4570846558, -3.2379462719, -17.4305706024, -6.25077438354, -30.9985198975], [-617.157226562, -123.652832031, 128.503265381, 27.4157752991, 130.785369873, 33.3735847473, -16.8688545227, 23.09623909, 30.4769458771, 23.8689918518, 19.4824943542, 8.7010717392, 9.08469772339], [-293.475708008, -229.035354614, 26.8230934143, -36.515335083, 33.3735847473, 160.289733887, 61.9701576233, 9.86515045166, -28.7533855438, -5.12462043762, 38.1266975403, 20.2695674896, 32.8068733215], [215.532012939, -27.9967136383, -107.874824524, -14.7464742661, -16.8688545227, 61.9701576233, 97.5991592407, 13.9363117218, -26.5510787964, -5.88762903214, 7.3598408699, 12.0120754242, 12.6478357315], [-418.473052979, -118.230773926, 122.737121582, -9.41005706787, 23.09623909, 9.86515045166, 13.9363117218, 87.1003265381, 39.5019569397, 7.84809494019, 12.9729404449, 8.17255973816, 15.4472742081], [-364.363677979, -60.9971542358, 103.279380798, 38.4570846558, 30.4769458771, -28.7533855438, -26.5510787964, 39.5019569397, 98.2653656006, 42.0983276367, 0.695344269276, 1.02070450783, -5.11703777313], [-208.546081543, -53.7183418274, 19.8692798615, -3.2379462719, 23.8689918518, -5.12462043762, -5.88762903214, 7.84809494019, 42.0983276367, 70.0873947144, 23.9391326904, 6.78245306015, -5.38195466995], [-371.237243652, -144.081268311, 69.1842041016, -17.4305706024, 19.4824943542, 38.1266975403, 7.3598408699, 12.9729404449, 0.695344269276, 23.9391326904, 57.1422309875, 23.8145484924, 7.94471645355], [-155.728988647, -80.5927505493, 19.5344657898, -6.25077438354, 8.7010717392, 20.2695674896, 12.0120754242, 8.17255973816, 1.02070450783, 6.78245306015, 23.8145484924, 43.04504776, 22.7175216675], [-130.848754883, -85.345123291, 0.906126081944, -30.9985198975, 9.08469772339, 32.8068733215, 12.6478357315, 15.4472742081, -5.11703777313, -5.38195466995, 7.94471645355, 22.7175216675, 59.9009284973]],
        "icov": [[0.00153716711793, -0.00250628078356, 0.00329237617552, -0.00324073806405, 0.00371103547513, -0.00342032965273, 0.00283842347562, -0.00291478564031, 0.00206291256472, -0.000777781184297, 0.000592040538322, -0.000613891577814, -0.00021650812414], [-0.00250628078356, 0.00539172720164, -0.0051357736811, 0.00544093130156, -0.00614371988922, 0.00714607676491, -0.0052078361623, 0.00550575135276, -0.00285335746594, 0.0013752526138, 0.000691044435371, 0.00133099069353, 0.00108169671148], [0.00329237617552, -0.0051357736811, 0.00832640565932, -0.00728541892022, 0.0076411687769, -0.00777187338099, 0.00795401912183, -0.00788896623999, 0.0042442008853, -0.000994822243229, 0.000414354813984, -0.00142001872882, 0.000187879588339], [-0.00324073806405, 0.00544093130156, -0.00728541892022, 0.0126668037847, -0.00966207683086, 0.00875252205878, -0.00825596414506, 0.00911139044911, -0.00811708346009, 0.00469148764387, -0.000550095166545, 0.000100238226878, 0.00316655053757], [0.00371103547513, -0.00614371988922, 0.0076411687769, -0.00966207683086, 0.0199875961989, -0.0125780170783, 0.0111511545256, -0.0096507165581, 0.00506797106937, -0.00565519323573, 0.00208650249988, -0.00201004114933, -0.00136056577321], [-0.00342032965273, 0.00714607676491, -0.00777187338099, 0.00875252205878, -0.0125780170783, 0.023146148771, -0.016671763733, 0.0114499190822, -0.00464772852138, 0.00587167590857, -0.0078821182251, 0.00544048380107, -0.00373205798678], [0.00283842347562, -0.0052078361623, 0.00795401912183, -0.00825596414506, 0.0111511545256, -0.016671763733, 0.0273880288005, -0.0157790202647, 0.0105353482068, -0.00657023722306, 0.00573418755084, -0.00693843513727, 0.00229402864352], [-0.00291478564031, 0.00550575135276, -0.00788896623999, 0.00911139044911, -0.0096507165581, 0.0114499190822, -0.0157790202647, 0.0285933818668, -0.0161285828799, 0.00893770623952, -0.00658975820988, 0.00500254472718, -0.00413550343364], [0.00206291256472, -0.00285335746594, 0.0042442008853, -0.00811708346009, 0.00506797106937, -0.00464772852138, 0.0105353482068, -0.0161285828799, 0.0286519825459, -0.0174399353564, 0.0108020594344, -0.00406904611737, 0.000878908671439], [-0.000777781184297, 0.0013752526138, -0.000994822243229, 0.00469148764387, -0.00565519323573, 0.00587167590857, -0.00657023722306, 0.00893770623952, -0.0174399353564, 0.0300799626857, -0.016030177474, 0.00311444629915, 0.0015853070654], [0.000592040538322, 0.000691044435371, 0.000414354813984, -0.000550095166545, 0.00208650249988, -0.0078821182251, 0.00573418755084, -0.00658975820988, 0.0108020594344, -0.016030177474, 0.040832106024, -0.018126571551, 0.00741742644459], [-0.000613891577814, 0.00133099069353, -0.00142001872882, 0.000100238226878, -0.00201004114933, 0.00544048380107, -0.00693843513727, 0.00500254472718, -0.00406904611737, 0.00311444629915, -0.018126571551, 0.0404841639102, -0.0148884607479], [-0.00021650812414, 0.00108169671148, 0.000187879588339, 0.00316655053757, -0.00136056577321, -0.00373205798678, 0.00229402864352, -0.00413550343364, 0.000878908671439, 0.0015853070654, 0.00741742644459, -0.0148884607479, 0.0271109342575]]
    },
    "spectral_contrast_coeffs": {
        "max": [-0.458296120167, -0.558925867081, -0.477139115334, -0.557345032692, -0.652069687843, -0.669617891312],
        "mean": [-0.700003862381, -0.785270273685, -0.732109248638, -0.766921341419, -0.792994260788, -0.778530716896],
        "min": [-0.973620057106, -0.97226703167, -0.965495884418, -0.962669730186, -0.96195101738, -0.960765242577],
        "stdev": [0.0926519483328, 0.0732573270798, 0.0993325859308, 0.0820082575083, 0.0583458058536, 0.0405090637505]
    },
    "spectral_contrast_valleys": {
        "max": [-5.01613092422, -4.95383501053, -5.76038837433, -6.0010509491, -6.90246200562, -11.5588607788],
        "mean": [-7.06589126587, -7.03814935684, -7.78474092484, -8.23520374298, -8.8577299118, -12.8279724121],
        "min": [-26.7824878693, -27.2750053406, -27.0277767181, -27.3830795288, -27.1738872528, -27.2813529968],
        "stdev": [1.3899769783, 1.50599360466, 1.46312940121, 1.47299897671, 1.3915374279, 0.816546916962]
    }
},
"rhythm": {
    "beats_count": 25,
    "beats_loudness": {
        "max": 0.0918972045183,
        "mean": 0.0391366444528,
        "min": 1.32332816065e-05,
        "stdev": 0.0255287252367
    },
    "bpm": 123.625183105,
    "bpm_histogram_first_peak_bpm": 123,
    "bpm_histogram_first_peak_weight": 0.285714268684,
    "bpm_histogram_second_peak_bpm": 117,
    "bpm_histogram_second_peak_spread": 0,
    "bpm_histogram_second_peak_weight": 0.0833333358169,
    "danceability": 0.968060612679,
    "onset_rate": 2.89983081818,
    "beats_loudness_band_ratio": {
        "max": [0.829373240471, 0.673508584499, 0.228329047561, 0.817503929138, 0.71276473999, 0.0212264601141],
        "mean": [0.382881134748, 0.242784425616, 0.109384715557, 0.225409895182, 0.0799504294991, 0.00479923048988],
        "min": [0.0114016421139, 0.00851238146424, 0.030261464417, 0.0144809782505, 0.00708481203765, 0.000987032428384],
        "stdev": [0.217822551727, 0.169581308961, 0.0629930868745, 0.235840708017, 0.17185869813, 0.00534693105146]
    },
    "beats_position": [0.46439909935, 0.952018141747, 1.43963718414, 1.92725622654, 2.40326523781, 2.87927436829, 3.36689329147, 3.84290242195, 4.31891155243, 4.80653047562, 5.28253936768, 5.7701587677, 6.26938772202, 6.78022670746, 7.26784563065, 7.75546455383, 8.2198638916, 8.70748329163, 9.19510173798, 9.70594120026, 10.1935596466, 10.6811790466, 11.1687984467, 11.656416893, 12.144036293],
