{
"metadata": {
    "version": {
        "essentia": "2.1-beta5",
        "essentia_git_sha": "Undefined",
        "extractor": "music 2.0"
    },
    "audio_properties": {
        "analysis": {
            "equal_loudness": 0,
            "length": 32.4150352478,
            "sample_rate": 44100,
            "start_time": 243.739868164,
            "downmix": "mix"
        },
        "bit_rate": 192000,
        "length": 276.178131104,
        "lossless": 0,
        "number_channels": 2,
        "replay_gain": -9.75996780396,
        "sample_rate": 48000,
        "codec": "mp3",
        "md5_encoded": "e01b3a4829475b1465c98959040e1c36"
    },
    "tags": {
        "file_name": "Germany_Telegram_Silver Convention.mp3",
        "encoding": ["Lavf58.29.100"]
    }
},
"lowlevel": {
    "average_loudness": 0.423939138651,
    "barkbands_crest": {
        "max": 26.9115047455,
        "mean": 10.0711593628,
        "min": 2.62263298035,
        "stdev": 4.31237268448
    },
    "barkbands_flatness_db": {
        "max": 0.660467505455,
        "mean": 0.212472319603,
        "min": 0.0532163716853,
        "stdev": 0.0736069530249
    },
    "barkbands_kurtosis": {
        "max": 9977.85644531,
        "mean": 16.3667163849,
        "min": -1.82116663456,
        "stdev": 300.299804688
    },
    "barkbands_skewness": {
        "max": 96.3399810791,
        "mean": 1.51819193363,
        "min": -2.582665205,
        "stdev": 3.5457868576
    },
    "barkbands_spread": {
        "max": 112.540260315,
        "mean": 12.8027734756,
        "min": 0.0529946312308,
        "stdev": 9.26719665527
    },
    "dissonance": {
        "max": 0.500000119209,
        "mean": 0.454011619091,
        "min": 0.205707594752,
        "stdev": 0.0443475469947
    },
    "dynamic_complexity": 10.3403129578,
    "erbbands_crest": {
        "max": 31.6227970123,
        "mean": 9.85736846924,
        "min": 2.79444003105,
        "stdev": 4.72020959854
    },
    "erbbands_flatness_db": {
        "max": 0.419282615185,
        "mean": 0.257913500071,
        "min": 0.0555850453675,
        "stdev": 0.065387301147
    },
    "erbbands_kurtosis": {
        "max": 30.5106391907,
        "mean": 0.800539016724,
        "min": -1.81756210327,
        "stdev": 2.93266129494
    },
    "erbbands_skewness": {
        "max": 3.93354177475,
        "mean": 0.405167490244,
        "min": -4.85020828247,
        "stdev": 0.961465597153
    },
    "erbbands_spread": {
        "max": 182.045516968,
        "mean": 24.1781520844,
        "min": 2.63826751709,
        "stdev": 12.3379945755
    },
    "hfc": {
        "max": 86.2146682739,
        "mean": 5.06605577469,
        "min": 1.07807541112e-16,
        "stdev": 11.3460445404
    },
    "loudness_ebu128": {
        "integrated": -17.8988628387,
        "loudness_range": 6.9920501709,
        "momentary": {
            "max": -10.9568042755,
            "mean": -26.6288127899,
            "min": -300.691009521,
            "stdev": 23.322593689
        },
        "short_term": {
            "max": -15.3018436432,
            "mean": -20.0164489746,
            "min": -30.2625331879,
            "stdev": 3.13662433624
        }
    },
    "melbands_crest": {
        "max": 39.9940567017,
        "mean": 11.7566385269,
        "min": 1.6192214489,
        "stdev": 5.45644903183
    },
    "melbands_flatness_db": {
        "max": 0.645002663136,
        "mean": 0.255236744881,
        "min": 0.0038196304813,
        "stdev": 0.0885499119759
    },
    "melbands_kurtosis": {
        "max": 18172.765625,
        "mean": 29.6381931305,
        "min": -1.80349779129,
        "stdev": 542.227844238
    },
    "melbands_skewness": {
        "max": 131.084747314,
        "mean": 2.14782738686,
        "min": -1.55178892612,
        "stdev": 4.6267490387
    },
    "melbands_spread": {
        "max": 148.045593262,
        "mean": 19.1598072052,
        "min": 0.0505015328526,
        "stdev": 20.217716217
    },
    "pitch_salience": {
        "max": 0.925565898418,
        "mean": 0.705589711666,
        "min": 0.00154336926062,
        "stdev": 0.12494854629
    },
    "silence_rate_20dB": {
        "max": 1,
        "mean": 1,
        "min": 1,
        "stdev": 0
    },
    "silence_rate_30dB": {
        "max": 1,
        "mean": 0.999284207821,
        "min": 0,
        "stdev": 0.0267456118017
    },
    "silence_rate_60dB": {
        "max": 1,
        "mean": 0.658554017544,
        "min": 0,
        "stdev": 0.474196493626
    },
    "spectral_centroid": {
        "max": 11377.9296875,
        "mean": 1095.13500977,
        "min": 254.224502563,
        "stdev": 1376.84936523
    },
    "spectral_complexity": {
        "max": 37,
        "mean": 5.81102371216,
        "min": 0,
        "stdev": 7.16149520874
    },
    "spectral_decrease": {
        "max": 1.96846964426e-28,
        "mean": -2.19210316565e-09,
        "min": -3.23298863236e-08,
        "stdev": 4.86404072575e-09
    },
    "spectral_energy": {
        "max": 0.127167806029,
        "mean": 0.00873300153762,
        "min": 1.02394264647e-20,
        "stdev": 0.0193602070212
    },
    "spectral_energyband_high": {
        "max": 0.000390386761865,
        "mean": 7.04254671291e-06,
        "min": 7.35830065345e-21,
        "stdev": 3.21196093864e-05
    },
    "spectral_energyband_low": {
        "max": 0.00239860406145,
        "mean": 0.000135252979817,
        "min": 2.72873550439e-23,
        "stdev": 0.000235498257098
    },
    "spectral_energyband_middle_high": {
        "max": 0.0357927680016,
        "mean": 0.0016017149901,
        "min": 1.22056668906e-21,
        "stdev": 0.00399118568748
    },
    "spectral_energyband_middle_low": {
        "max": 0.116416119039,
        "mean": 0.00706861075014,
        "min": 1.8298783589e-22,
        "stdev": 0.0159941781312
    },
    "spectral_entropy": {
        "max": 9.81580257416,
        "mean": 7.04881715775,
        "min": 5.25789356232,
        "stdev": 0.658653736115
    },
    "spectral_flux": {
        "max": 0.309259057045,
        "mean": 0.0380848497152,
        "min": 6.3907344694e-11,
        "stdev": 0.0465607307851
    },
    "spectral_kurtosis": {
        "max": 99.8739471436,
        "mean": 15.9406166077,
        "min": -1.26222240925,
        "stdev": 15.9056091309
    },
    "spectral_rms": {
        "max": 0.0111384987831,
        "mean": 0.00183859944809,
        "min": 3.16064622391e-12,
        "stdev": 0.00226705824025
    },
    "spectral_rolloff": {
        "max": 19659.8144531,
        "mean": 1383.5513916,
        "min": 21.533203125,
        "stdev": 2315.46777344
    },
    "spectral_skewness": {
        "max": 7.40464925766,
        "mean": 2.45041561127,
        "min": -0.0430520623922,
        "stdev": 1.19044625759
    },
    "spectral_spread": {
        "max": 43066644,
        "mean": 2966312.5,
        "min": 760240.9375,
        "stdev": 4817443.5
    },
    "spectral_strongpeak": {
        "max": 5.13609933853,
        "mean": 0.481366306543,
        "min": 0,
        "stdev": 0.750068366528
    },
    "zerocrossingrate": {
        "max": 0.6083984375,
        "mean": 0.048212967813,
        "min": 0,
        "stdev": 0.0630638971925
    },
    "barkbands": {
        "max": [0.00123903574422, 0.000885719258804, 0.0017503220588, 0.0018909946084, 0.0408192873001, 0.0966492593288, 0.0877824276686, 0.0429212525487, 0.0333455428481, 0.0234779771417, 0.0207517985255, 0.0080598294735, 0.0126031963155, 0.0207073669881, 0.0114224944264, 0.00365849537775, 0.00328871957026, 0.00159510434605, 0.00172903377097, 0.000183962620213, 0.00010477595788, 9.47647567955e-05, 7.69635225879e-05, 5.15438805451e-05, 4.91569926453e-06, 1.84138286841e-08, 1.97073379837e-08],
        "mean": [2.01772527362e-05, 3.93617119698e-05, 4.47285165137e-05, 0.000119235082821, 0.00102602003608, 0.00246181199327, 0.00240204739384, 0.000539534783456, 0.000439830706455, 0.000424320140155, 0.000273160549114, 0.000104339400423, 0.000214055005927, 0.000256794213783, 0.000156952795805, 0.000107942956674, 5.00093810842e-05, 2.60544638877e-05, 1.81873347174e-05, 2.78750576399e-06, 2.01718194148e-06, 1.55505165367e-06, 1.19638082197e-06, 8.19830972887e-07, 7.80419284752e-08, 2.90428292526e-10, 2.99358371425e-10],
        "min": [6.99579254994e-25, 4.07635353075e-24, 1.28626866875e-24, 3.17593941049e-24, 1.02613748596e-23, 1.45042080181e-23, 1.02796993096e-23, 8.12611377153e-24, 6.79633015474e-24, 3.41632307768e-23, 3.04758866466e-23, 2.89268635959e-23, 4.37798175538e-23, 6.63781959988e-23, 4.61739883131e-23, 9.22463397871e-23, 5.93239051727e-23, 1.3254920557e-22, 1.58831741147e-22, 1.95060878728e-22, 3.13166823672e-22, 3.11902576253e-22, 4.87979813908e-22, 5.79801203792e-22, 8.57647657647e-22, 1.52752016656e-21, 1.94016505144e-21],
        "stdev": [8.3740298578e-05, 8.81057130755e-05, 0.000128540399601, 0.000242947382503, 0.00282938079908, 0.00630998099223, 0.0079431142658, 0.00243632402271, 0.00172168470453, 0.00193409516942, 0.00120814458933, 0.000407038081903, 0.000838732114062, 0.00122900854331, 0.000730253348593, 0.000296448852168, 0.000181922427146, 8.9442000899e-05, 6.88254804118e-05, 1.41783357321e-05, 9.40905010793e-06, 7.38157768865e-06, 5.54188591195e-06, 3.92749188904e-06, 3.69119931065e-07, 8.94318452627e-10, 9.55654666512e-10]
    },
    "erbbands": {
        "max": [0.0254979971796, 0.246219813824, 1.94052422047, 2.4670445919, 32.1011962891, 249.540603638, 257.212799072, 1021.52502441, 1318.17663574, 1210.66381836, 357.679412842, 720.651550293, 650.72277832, 1214.55603027, 512.379455566, 221.774047852, 507.243438721, 905.030090332, 850.561096191, 544.608276367, 206.458587646, 157.981643677, 48.97057724, 129.759872437, 19.69896698, 8.92406749725, 6.22823286057, 4.72559499741, 3.76197504997, 2.81204771996, 2.10976481438, 1.40455579758, 0.69508510828, 0.126740083098, 0.0051223677583, 0.0001976921194, 4.36288646597e-05, 1.36570179166e-05, 6.07531619607e-05, 0.000142877557664],
        "mean": [0.00094324874226, 0.0100449128076, 0.0500610508025, 0.235136479139, 1.44613516331, 4.46935033798, 8.47214794159, 25.0757083893, 34.8079299927, 25.3939781189, 9.40307235718, 10.0197076797, 10.7194566727, 16.0050315857, 7.74698162079, 4.59930467606, 9.32559776306, 13.0748376846, 9.38629722595, 7.86873149872, 5.32254123688, 2.88228583336, 1.42636919022, 1.35107409954, 0.487602472305, 0.142903268337, 0.09475582093, 0.0706148445606, 0.0552913844585, 0.0466398708522, 0.0322414971888, 0.0220582745969, 0.0108193876222, 0.0020334252622, 7.75548323872e-05, 9.0993125923e-06, 3.82876305594e-06, 9.72694124357e-07, 4.37344533566e-06, 9.97474217002e-06],
        "min": [1.31864537413e-22, 1.12585743717e-21, 2.41740262455e-21, 6.07532454023e-21, 2.09821196308e-20, 4.94335250965e-20, 6.25979203684e-20, 1.06732206575e-19, 1.87235459428e-19, 3.40193381453e-19, 2.84136230219e-19, 2.29315429658e-19, 5.295847579e-19, 8.397564979e-19, 1.81917323984e-18, 1.50675808263e-18, 1.94185984112e-18, 3.10892400429e-18, 2.8498650985e-18, 3.44271123378e-18, 4.92069232329e-18, 5.21992780501e-18, 7.27803133761e-18, 8.25542133196e-18, 7.52122161052e-18, 7.93127571968e-18, 1.03170747102e-17, 1.36049687525e-17, 1.13848068895e-17, 1.44144228846e-17, 1.37329244943e-17, 1.17078846116e-17, 8.13230211522e-18, 9.22602596374e-18, 6.97195879453e-18, 4.84390390625e-18, 2.72620201052e-18, 1.00821777501e-18, 2.70718921244e-19, 2.70155039329e-20],
        "stdev": [0.00155913759954, 0.0250242836773, 0.140006110072, 0.385296911001, 3.64437747002, 15.4593191147, 19.5674419403, 70.6660385132, 115.72971344, 98.7603988647, 33.0899543762, 39.0279769897, 44.6616859436, 75.1690444946, 28.2197704315, 15.9636726379, 35.636516571, 55.1088447571, 40.3765678406, 30.8748874664, 15.4154195786, 9.84059047699, 4.17191028595, 5.57523393631, 1.55323326588, 0.680496454239, 0.459246039391, 0.33206820488, 0.266055524349, 0.217550948262, 0.148532241583, 0.104122973979, 0.0526158511639, 0.00944104325026, 0.000338379410096, 1.99535279535e-05, 7.53828635425e-06, 1.95249322132e-06, 9.56752137427e-06, 2.20503698074e-05]
    },
    "gfcc": {
        "mean": [-251.716918945, 166.609222412, -155.429550171, 17.2117404938, -59.8148536682, -4.49260950089, -47.2628860474, -15.2978134155, 2.0767121315, -25.344165802, 10.6006479263, -12.7874059677, 5.45718431473],
        "cov": [[30700.5039062, 6267.52783203, -3927.4909668, -1394.85510254, -886.396728516, -1516.88879395, -1410.26916504, -1046.89733887, 157.951629639, -823.736450195, 277.206390381, -423.726531982, 19.2113323212], [6267.52783203, 2069.60644531, -482.205841064, -676.991333008, -126.650566101, -505.842102051, -300.403778076, -333.89831543, 38.237663269, -259.67880249, 29.1575565338, -115.441497803, 5.67791604996], [-3927.4909668, -482.205841064, 932.494018555, -20.9081420898, 107.559677124, 29.3255367279, 137.504089355, -16.2677841187, -51.9405326843, 86.489982605, -84.787689209, 67.2548141479, 40.7061767578], [-1394.85510254, -676.991333008, -20.9081420898, 923.766906738, -111.215797424, 329.272766113, -79.1611022949, 104.88671875, -30.2378005981, 7.3313703537, 24.2062721252, -15.2677373886, 37.0428161621], [-886.396728516, -126.650566101, 107.559677124, -111.215797424, 357.286804199, -125.831619263, -27.7198295593, 3.50123286247, 38.6469726562, 47.0898895264, -14.3729801178, 33.6901168823, -54.7213401794], [-1516.88879395, -505.842102051, 29.3255367279, 329.272766113, -125.831619263, 442.911224365, 150.722167969, 118.257362366, -13.5858783722, 81.9264678955, 9.90375423431, -11.3236789703, 22.2649745941], [-1410.26916504, -300.403778076, 137.504089355, -79.1611022949, -27.7198295593, 150.722167969, 286.866729736, 173.512374878, -18.842880249, 37.9980735779, 1.79471409321, 32.526550293, -12.9220733643], [-1046.89733887, -333.89831543, -16.2677841187, 104.88671875, 3.50123286247, 118.257362366, 173.512374878, 244.922790527, 20.6900920868, 15.2993679047, 8.84904098511, 29.2927036285, -20.2642002106], [157.951629639, 38.237663269, -51.9405326843, -30.2378005981, 38.6469726562, -13.5858783722, -18.842880249, 20.6900920868, 84.2387771606, 47.1078529358, 1.63054859638, -9.17596435547, -5.54145097733], [-823.736450195, -259.67880249, 86.489982605, 7.3313703537, 47.0898895264, 81.9264678955, 37.9980735779, 15.2993679047, 47.1078529358, 162.009338379, 31.6753444672, 7.6585149765, -17.672334671], [277.206390381, 29.1575565338, -84.787689209, 24.2062721252, -14.3729801178, 9.90375423431, 1.79471409321, 8.84904098511, 1.63054859638, 31.6753444672, 80.4861907959, 15.6807632446, -16.8799800873], [-423.726531982, -115.441497803, 67.2548141479, -15.2677373886, 33.6901168823, -11.3236789703, 32.526550293, 29.2927036285, -9.17596435547, 7.6585149765, 15.6807632446, 66.015411377, 15.6696605682], [19.2113323212, 5.67791604996, 40.7061767578, 37.0428161621, -54.7213401794, 22.2649745941, -12.9220733643, -20.2642002106, -5.54145097733, -17.672334671, -16.8799800873, 15.6696605682, 63.6840744019]],
        "icov": [[0.000390539207729, -0.000900820537936, 0.001413987251, -0.000259096588707, 0.000536127772648, 0.000649719499052, -3.21474472003e-05, 0.000410357723013, 0.000696664617863, -0.00110750971362, 0.00107763824053, -0.000886290916242, -0.000176023619133], [-0.000900820537936, 0.00440223049372, -0.00338567653671, 0.00230351323262, -0.000676986004692, -0.0012509515509, 0.000978265423328, 0.00029342120979, -0.00453988974914, 0.00702940393239, -0.00673612346873, 0.00575935421512, -0.00079596939031], [0.001413987251, -0.00338567653671, 0.00729884346947, -0.00180472375359, 0.00147018104326, 0.00336621981114, -0.00250681489706, 0.00310047413222, 0.00408048275858, -0.00641153147444, 0.00728836935014, -0.00509600201622, -0.00141440203879], [-0.000259096588707, 0.00230351323262, -0.00180472375359, 0.00454117776826, 6.83192556608e-05, -0.00305572198704, 0.00569064030424, -0.00331328576431, -0.000492026098073, 0.00446284143254, -0.0055863186717, 0.00452615506947, -0.00178641628008], [0.000536127772648, -0.000676986004692, 0.00147018104326, 6.83192556608e-05, 0.00606066640466, 0.001685619005, 0.00144865864422, 0.000717898190487, -0.00153450178914, -0.00154206692241, 0.00356866745278, -0.00530780898407, 0.00575038697571], [0.000649719499052, -0.0012509515509, 0.00336621981114, -0.00305572198704, 0.001685619005, 0.00793017074466, -0.00535602075979, 0.00228016171604, 0.0018982461188, -0.00533895241097, 0.00320196780376, 0.000760888040531, -0.00279897241853], [-3.21474472003e-05, 0.000978265423328, -0.00250681489706, 0.00569064030424, 0.00144865864422, -0.00535602075979, 0.0169872120023, -0.0113790035248, 0.00482858903706, 0.00113611482084, -0.0035583935678, 0.00165109871887, 0.000544151989743], [0.000410357723013, 0.00029342120979, 0.00310047413222, -0.00331328576431, 0.000717898190487, 0.00228016171604, -0.0113790035248, 0.0163466110826, -0.00924732256681, 0.00393428187817, 0.00176707119681, -0.00566708575934, 0.00465762522072], [0.000696664617863, -0.00453988974914, 0.00408048275858, -0.000492026098073, -0.00153450178914, 0.0018982461188, 0.00482858903706, -0.00924732256681, 0.0285256318748, -0.0174060445279, 0.00900232791901, 0.000396061281208, -0.00613166252151], [-0.00110750971362, 0.00702940393239, -0.00641153147444, 0.00446284143254, -0.00154206692241, -0.00533895241097, 0.00113611482084, 0.00393428187817, -0.0174060445279, 0.0259332340211, -0.018033631146, 0.00869523733854, 0.00199607363902], [0.00107763824053, -0.00673612346873, 0.00728836935014, -0.0055863186717, 0.00356866745278, 0.00320196780376, -0.0035583935678, 0.00176707119681, 0.00900232791901, -0.018033631146, 0.0338916927576, -0.021107794717, 0.0106093287468], [-0.000886290916242, 0.00575935421512, -0.00509600201622, 0.00452615506947, -0.00530780898407, 0.000760888040531, 0.00165109871887, -0.00566708575934, 0.000396061281208, 0.00869523733854, -0.021107794717, 0.0387863330543, -0.0186074767262], [-0.000176023619133, -0.00079596939031, -0.00141440203879, -0.00178641628008, 0.00575038697571, -0.00279897241853, 0.000544151989743, 0.00465762522072, -0.00613166252151, 0.00199607363902, 0.0106093287468, -0.0186074767262, 0.0326927490532]]
    },
    "melbands": {
        "max": [0.000187895086128, 0.000685913197231, 0.00102596334182, 0.0100585715845, 0.00810624659061, 0.0208184588701, 0.0192091464996, 0.0133559042588, 0.0035864142701, 0.00506907282397, 0.00345446914434, 0.00468448828906, 0.00164839811623, 0.000910542148631, 0.000885813089553, 0.00118076568469, 0.00202414346859, 0.00175679509994, 0.00111713237129, 0.000260400644038, 0.000282690685708, 0.000216985819861, 6.14100281382e-05, 8.94917611731e-05, 0.000126798739075, 2.75466354651e-05, 8.357619663e-06, 6.81616165821e-06, 4.94460118716e-06, 2.71573935606e-06, 2.67718678515e-06, 2.31617536883e-06, 1.87592047496e-06, 1.49105437686e-06, 1.10180690172e-06, 1.09785128188e-06, 7.7616306271e-07, 5.4451595588e-07, 2.7805577929e-07, 5.23201926228e-08],
        "mean": [1.04097780422e-05, 2.24715076911e-05, 6.82162717567e-05, 0.000220290443394, 0.000276672188193, 0.000544984126464, 0.000524139672052, 0.00023944505665, 6.85099366819e-05, 6.25387692708e-05, 5.38243766641e-05, 6.64527979097e-05, 3.0218718166e-05, 1.28790779854e-05, 1.4270968677e-05, 2.35068291659e-05, 2.46134168265e-05, 1.56791938934e-05, 1.25081742226e-05, 8.38458163344e-06, 5.78424851483e-06, 3.30166380991e-06, 1.39576798119e-06, 1.21744710668e-06, 1.1165302567e-06, 6.00355974711e-07, 1.06229627761e-07, 8.45645118375e-08, 5.97014491177e-08, 4.99344920968e-08, 3.74099400346e-08, 3.07006899902e-08, 3.02001588182e-08, 2.38809008124e-08, 1.84083610577e-08, 1.65795874807e-08, 1.24323928929e-08, 8.50112158446e-09, 4.15311118829e-09, 7.87061138485e-10],
        "min": [1.77711133462e-24, 3.13577179649e-24, 1.82890735001e-24, 2.6627278048e-24, 2.28367757604e-24, 2.26582289275e-24, 2.76476006036e-24, 2.98198454631e-24, 2.70710478059e-24, 9.48419954823e-25, 2.21500486766e-24, 2.6484492252e-24, 4.9604023371e-24, 4.34690560554e-24, 2.69764239404e-24, 4.81812062322e-24, 5.18753629653e-24, 3.81100557135e-24, 4.30190542963e-24, 4.2039068171e-24, 5.78969196928e-24, 3.92248305574e-24, 6.13196846087e-24, 6.3062727999e-24, 6.16791369688e-24, 4.91201321474e-24, 3.90652124419e-24, 5.66590509933e-24, 5.6175708028e-24, 6.20178186212e-24, 5.8807699051e-24, 6.05541779306e-24, 5.35583977066e-24, 7.71691742049e-24, 7.17003802023e-24, 6.81345474727e-24, 6.67776751612e-24, 4.70823939887e-24, 6.8157826758e-24, 7.29965891101e-24],
        "stdev": [1.94311051018e-05, 5.45335387869e-05, 0.000123429606901, 0.000689465086907, 0.000608646194451, 0.00145076867193, 0.0016982248053, 0.000959320168477, 0.000249615433859, 0.000247855205089, 0.000232072110521, 0.000312692282023, 0.000113345689897, 5.07534386998e-05, 5.80723972234e-05, 9.22981271287e-05, 0.000110709377623, 7.60101174819e-05, 6.46122934995e-05, 2.41093184741e-05, 1.90370137716e-05, 1.26799213831e-05, 3.99448845201e-06, 4.4479902499e-06, 4.98785038872e-06, 2.01439138436e-06, 5.38748395229e-07, 4.50689384479e-07, 3.03680678826e-07, 2.35155255268e-07, 1.79690445634e-07, 1.51218927158e-07, 1.42346891607e-07, 1.12582519307e-07, 8.45391951998e-08, 8.01757806812e-08, 6.01125478283e-08, 4.15791809871e-08, 2.02306331687e-08, 3.70435149222e-09]
    },
    "melbands128": {
        "max": [0.000445293058874, 0.000236629144638, 0.000245854724199, 0.000495582004078, 0.00107860972639, 0.000681669567712, 0.000571733631659, 0.00128692167345, 0.00393679877743, 0.0107038030401, 0.01965174824, 0.00402222201228, 0.0111354086548, 0.0251670479774, 0.0351367332041, 0.0205082297325, 0.0252056475729, 0.0351556912065, 0.0276104100049, 0.0209053941071, 0.0150845199823, 0.00523827318102, 0.00532750878483, 0.00716134579852, 0.00480820192024, 0.00927982758731, 0.00370323983952, 0.00429596425965, 0.00746383331716, 0.00784066040069, 0.0095443315804, 0.0039196992293, 0.000828225631267, 0.00294215115719, 0.00218419614248, 0.000760824827012, 0.000950264220592, 0.000773083535023, 0.00174423935823, 0.00121230212972, 0.00195401674137, 0.00160770129878, 0.00175645726267, 0.00469542201608, 0.0032047687564, 0.00182764523197, 0.00108822167385, 0.00168056203984, 0.00198996020481, 0.000245061295573, 0.00052991125267, 0.000322702806443, 0.000300136889564, 0.000385858758818, 0.000414177018683, 0.000304826447973, 7.56339359214e-05, 9.30058668018e-05, 7.94232473709e-05, 5.44101894775e-05, 7.65426375438e-05, 0.000187400524737, 0.000155296977027, 0.000169155391632, 7.4358904385e-05, 3.63119033864e-05, 1.2481325939e-05, 9.62534159044e-06, 9.83085828921e-06, 9.21029641177e-06, 9.3995286079e-06, 1.31703918669e-05, 7.22459981262e-06, 5.10944528287e-06, 3.97109488404e-06, 3.54434860128e-06, 3.81489417123e-06, 4.23313349529e-06, 2.320223075e-06, 2.75928346127e-06, 2.93174502985e-06, 2.53749090007e-06, 2.35543257077e-06, 2.43514500653e-06, 1.48297158375e-06, 2.20607353185e-06, 1.27624241486e-06, 1.25297674458e-06, 1.17483136819e-06, 1.96190740098e-06, 1.59434557645e-06, 1.37129961786e-06, 1.05404228634e-06, 9.25644542349e-07, 1.05446315501e-06, 8.43810767037e-07, 6.84818246555e-07, 6.39187931029e-07, 3.4838137708e-07, 2.09164880971e-07, 8.33342070905e-08, 6.97158455409e-08, 1.52025592115e-08, 3.4326386178e-10, 1.48368803354e-10, 1.42715408935e-10, 1.36177943921e-10, 1.31924499103e-10, 1.26058025129e-10, 1.2064307886e-10, 1.16928688954e-10, 1.11221289123e-10, 1.06577531522e-10, 1.05509614934e-10, 1.0236601844e-10, 9.74227989947e-11, 9.39446090364e-11, 9.3309256155e-11, 9.19020207157e-11, 8.91086093802e-11, 8.35035859903e-11, 8.23181037224e-11, 8.07030067773e-11, 8.02092212093e-11, 7.88855508693e-11, 7.79572795206e-11, 7.75213088167e-11, 7.70527114335e-11],
        "mean": [7.93943672761e-06, 7.40855830372e-06, 1.02630237961e-05, 1.81820905709e-05, 2.39841447183e-05, 2.11547376239e-05, 3.69566332665e-05, 6.90947126714e-05, 0.000121138640679, 0.000264792121015, 0.000274242687738, 0.000163733682712, 0.000228712393437, 0.000455820409115, 0.00064256391488, 0.000515602470841, 0.000538026739378, 0.00059629837051, 0.000418163195718, 0.000280515727354, 0.000156807320309, 7.46512087062e-05, 5.12257065566e-05, 6.93698093528e-05, 6.44023748464e-05, 6.60566583974e-05, 4.60530427517e-05, 4.63528085675e-05, 6.5842665208e-05, 6.84568221914e-05, 7.57145899115e-05, 4.65727353003e-05, 2.29279539781e-05, 2.39736054937e-05, 1.38953528221e-05, 9.25685253605e-06, 1.10224109449e-05, 1.19905680549e-05, 1.82506646524e-05, 2.10219659493e-05, 2.66267998086e-05, 2.32098518609e-05, 2.63596957666e-05, 2.48582036875e-05, 2.05700507649e-05, 1.22876463138e-05, 1.16658829938e-05, 1.42461358337e-05, 1.26251288748e-05, 9.19669128052e-06, 8.33065405459e-06, 6.77275647831e-06, 6.35749802314e-06, 5.26700569026e-06, 4.24939480581e-06, 3.62722244063e-06, 2.0514426069e-06, 1.38027826324e-06, 1.26101815567e-06, 1.15098418974e-06, 1.16902970149e-06, 1.3451160612e-06, 1.15756449759e-06, 9.70062615124e-07, 1.19292576528e-06, 7.03365458321e-07, 1.75602096419e-07, 1.03100099125e-07, 9.74605072201e-08, 9.90291866287e-08, 9.35577091354e-08, 7.13040435585e-08, 6.41960227199e-08, 5.78801220286e-08, 5.4320022258e-08, 5.33260404723e-08, 4.68470062742e-08, 4.22510630926e-08, 3.56720164518e-08, 3.31816352173e-08, 3.12488772636e-08, 2.87938632937e-08, 3.10474419507e-08, 3.14032035931e-08, 2.8716556244e-08, 2.61760355613e-08, 2.23535341348e-08, 1.89861619759e-08, 1.78098460424e-08, 1.80813692907e-08, 1.86785644729e-08, 1.58901674041e-08, 1.34484334779e-08, 1.31297674955e-08, 1.1457137461e-08, 9.35693389437e-09, 8.36187119546e-09, 6.59024035343e-09, 4.35928448894e-09, 2.99100033629e-09, 1.48041012782e-09, 3.06212250001e-10, 5.82242240532e-11, 3.17433948051e-12, 2.2052793619e-12, 2.16099338944e-12, 2.11724951807e-12, 2.04437226696e-12, 1.97351965499e-12, 1.89926134715e-12, 1.83465937754e-12, 1.77190976735e-12, 1.71215938562e-12, 1.65935884824e-12, 1.61184607328e-12, 1.55312904464e-12, 1.43008326535e-12, 1.38136680913e-12, 1.39454474444e-12, 1.36781785984e-12, 1.32696208622e-12, 1.29975912845e-12, 1.26102980055e-12, 1.20311518994e-12, 1.16305337756e-12, 1.1072181583e-12, 1.07535128805e-12, 1.06630893351e-12],
        "min": [2.58484203921e-25, 6.58304869141e-25, 1.79951064559e-24, 1.05310909391e-24, 1.36950759514e-24, 7.01598443088e-25, 7.11643847159e-25, 1.08625081687e-24, 1.28284935116e-24, 1.59461980268e-24, 1.48772234609e-24, 8.73361022983e-25, 2.44956812188e-24, 1.11670479211e-24, 8.45690247618e-25, 3.11233878191e-25, 2.23803901445e-24, 8.60621708224e-25, 9.19687569895e-25, 1.83202413944e-24, 1.15387187506e-24, 5.79672841134e-25, 2.5982747134e-24, 8.10749921796e-25, 2.92028418504e-25, 2.51374225234e-25, 1.40985260424e-24, 1.08735048897e-24, 2.18190603902e-24, 6.97124517072e-25, 1.39068446754e-24, 1.01337101467e-24, 1.79292937627e-24, 2.31055012278e-24, 1.62027306628e-24, 1.44413344235e-24, 2.03966179603e-24, 2.31294727386e-24, 2.16082156196e-24, 1.76521511495e-24, 1.46181891498e-24, 1.7942469712e-24, 3.01515121699e-24, 2.76595577628e-24, 2.9304356416e-24, 2.37611136654e-24, 1.84758008207e-24, 3.62231043726e-24, 1.78394148955e-24, 2.29405089973e-24, 2.14274619482e-24, 1.43724570057e-24, 3.29581885517e-24, 2.28663047963e-24, 4.08007774309e-24, 3.00201648571e-24, 2.35204223424e-24, 3.61570688262e-24, 4.35445579327e-24, 2.81422301962e-24, 2.27654075143e-24, 3.59372842894e-24, 3.89989402372e-24, 3.52664251427e-24, 3.0814812057e-24, 3.35702361458e-24, 2.48103282516e-24, 2.22862553727e-24, 3.16035763268e-24, 2.09020214208e-24, 3.99544203986e-24, 6.2396566519e-24, 5.61352197421e-24, 2.62995635343e-24, 3.5544372394e-24, 5.10672735755e-24, 5.25789361737e-24, 5.4529706362e-24, 2.94695951655e-24, 2.89636040037e-24, 2.98070304177e-24, 4.27019558783e-24, 4.97226601625e-24, 3.30064076745e-24, 3.77196090085e-24, 5.80551415246e-24, 4.01273899849e-24, 4.26604184073e-24, 3.55882172831e-24, 6.96217711601e-24, 5.42395712096e-24, 4.57302232883e-24, 4.69368097087e-24, 6.27577504288e-24, 5.24877911847e-24, 3.91965341168e-24, 2.95982110475e-24, 7.21076296446e-24, 6.07969025425e-24, 4.04386744981e-24, 6.20155309246e-24, 6.19660890673e-24, 7.05213408047e-24, 6.23721552183e-24, 5.38783320796e-24, 6.27973196918e-24, 6.47969006485e-24, 4.88743822539e-24, 6.15358916613e-24, 5.75589401266e-24, 6.18367119346e-24, 6.90707912608e-24, 6.8690631302e-24, 6.75617950124e-24, 5.78348402839e-24, 7.11805445316e-24, 5.88038927971e-24, 6.02296957744e-24, 6.30835144839e-24, 7.92724667049e-24, 6.82320427919e-24, 7.93110577804e-24, 5.69157147774e-24, 5.71208777773e-24, 6.21614623034e-24, 6.91186356747e-24, 6.21195737894e-24, 6.94266858582e-24],
        "stdev": [2.71638236882e-05, 1.29619556901e-05, 2.1367399313e-05, 5.05662646901e-05, 7.76211090852e-05, 5.53735226276e-05, 6.64197796141e-05, 0.000155032495968, 0.000347059656633, 0.000900136481505, 0.00116454367526, 0.00040211121086, 0.000679839053191, 0.00126514874864, 0.00215668720193, 0.0017131427303, 0.00198285561055, 0.00252111721784, 0.00185040885117, 0.00148326170165, 0.000848988594953, 0.000321816216456, 0.000223601688049, 0.000321329775034, 0.000285059708403, 0.000349680689396, 0.000216725617065, 0.000236751497141, 0.000397635798436, 0.000392780319089, 0.000455969508039, 0.000226354386541, 7.80591872171e-05, 0.000128669344122, 7.81458365964e-05, 3.70493653463e-05, 5.03577830386e-05, 5.04640956933e-05, 9.901944577e-05, 8.96302371984e-05, 0.000121741875773, 0.000104605489469, 0.000123363468447, 0.000164891142049, 0.000128238505567, 6.68119537295e-05, 6.13212250755e-05, 9.01815292309e-05, 8.06471507531e-05, 2.77671915683e-05, 2.96973303193e-05, 2.08312721952e-05, 2.19868634304e-05, 2.21415320993e-05, 1.95655338757e-05, 1.63341901498e-05, 5.83768996876e-06, 4.294637165e-06, 4.71090243082e-06, 3.71022269974e-06, 4.33711647929e-06, 7.38057588023e-06, 6.30363956589e-06, 5.33095408173e-06, 4.55529470855e-06, 2.60230149252e-06, 7.97768848315e-07, 5.81860604143e-07, 5.50152776668e-07, 5.51623031697e-07, 5.4481671441e-07, 4.82514906253e-07, 3.59166307362e-07, 3.16096816277e-07, 2.82599671664e-07, 2.640165917e-07, 2.40621488956e-07, 2.21377774778e-07, 1.79572779757e-07, 1.67378814808e-07, 1.67069075019e-07, 1.52413946353e-07, 1.58368209213e-07, 1.55718311134e-07, 1.38631307323e-07, 1.34851717348e-07, 1.08131906984e-07, 8.80595649733e-08, 8.34255757809e-08, 9.42946272176e-08, 9.6528410154e-08, 8.11248241916e-08, 6.39410231429e-08, 6.57948078242e-08, 6.02268031002e-08, 4.74681591811e-08, 4.21962234043e-08, 3.50614897116e-08, 2.2016607204e-08, 1.46505918508e-08, 6.33068530931e-09, 2.79307132978e-09, 6.08791572709e-10, 1.47033253628e-11, 7.27584052035e-12, 6.97765196317e-12, 6.66440166941e-12, 6.40253952286e-12, 6.14007109045e-12, 5.87947746045e-12, 5.66677000463e-12, 5.43586573323e-12, 5.23183796633e-12, 5.08411628769e-12, 4.91473615277e-12, 4.73091921541e-12, 4.58601602873e-12, 4.48309965539e-12, 4.38349747126e-12, 4.2607323919e-12, 4.10723711985e-12, 4.02690337672e-12, 3.94760049302e-12, 3.89133343603e-12, 3.83290144415e-12, 3.7887206393e-12, 3.75915661446e-12, 3.73814867949e-12]
    },
    "mfcc": {
        "mean": [-859.00213623, 178.874511719, -23.9784698486, 6.26377534866, 8.97552967072, -5.18761205673, -24.0806388855, 1.00835573673, -15.3169584274, -3.97032523155, -6.76363992691, -2.10218429565, -6.72175121307],
        "cov": [[10851.8417969, 3826.59570312, -1481.88598633, -339.373840332, -37.7421302795, -403.647613525, -789.552368164, -287.953552246, -493.194335938, -83.3236160278, -169.881790161, -190.483840942, -73.3373565674], [3826.59570312, 2865.21948242, -395.907287598, -337.295654297, -62.4351272583, -301.228607178, -404.407958984, -146.766830444, -223.483078003, -71.3564300537, -132.147659302, -183.277053833, -34.4566841125], [-1481.88598633, -395.907287598, 600.413635254, 88.9842987061, -94.1606063843, 114.043830872, 114.132858276, -25.3204689026, 70.7165985107, -29.2614364624, -88.8539199829, 9.42140865326, 22.709022522], [-339.373840332, -337.295654297, 88.9842987061, 314.67590332, 171.248077393, 2.50667929649, -35.0425453186, 8.06774902344, -19.1951389313, -43.1447639465, -7.12243700027, -5.19597291946, -39.5198364258], [-37.7421302795, -62.4351272583, -94.1606063843, 171.248077393, 286.763824463, 41.1776237488, -100.756919861, -43.5360145569, -43.5671463013, -26.7265701294, 17.7920341492, -16.134098053, -48.6736946106], [-403.647613525, -301.228607178, 114.043830872, 2.50667929649, 41.1776237488, 192.047943115, 57.8023986816, -63.8980789185, 15.0739278793, 20.4436721802, 0.959212660789, 37.0508918762, 7.36365270615], [-789.552368164, -404.407958984, 114.132858276, -35.0425453186, -100.756919861, 57.8023986816, 210.114974976, 105.702880859, 57.3539962769, 23.2623405457, 42.1125030518, 48.1527404785, 26.1761169434], [-287.953552246, -146.766830444, -25.3204689026, 8.06774902344, -43.5360145569, -63.8980789185, 105.702880859, 191.215240479, 66.9923858643, -1.62528634071, 29.7627487183, 15.5680379868, 1.36476826668], [-493.194335938, -223.483078003, 70.7165985107, -19.1951389313, -43.5671463013, 15.0739278793, 57.3539962769, 66.9923858643, 119.642440796, 43.4873085022, -3.45711278915, 13.827755928, 16.6291637421], [-83.3236160278, -71.3564300537, -29.2614364624, -43.1447639465, -26.7265701294, 20.4436721802, 23.2623405457, -1.62528634071, 43.4873085022, 100.487388611, 57.7253036499, 14.030465126, 9.534491539], [-169.881790161, -132.147659302, -88.8539199829, -7.12243700027, 17.7920341492, 0.959212660789, 42.1125030518, 29.7627487183, -3.45711278915, 57.7253036499, 128.302429199, 49.5923080444, -2.43081235886], [-190.483840942, -183.277053833, 9.42140865326, -5.19597291946, -16.134098053, 37.0508918762, 48.1527404785, 15.5680379868, 13.827755928, 14.030465126, 49.5923080444, 87.2614822388, 31.9521961212], [-73.3373565674, -34.4566841125, 22.709022522, -39.5198364258, -48.6736946106, 7.36365270615, 26.1761169434, 1.36476826668, 16.6291637421, 9.534491539, -2.43081235886, 31.9521961212, 67.9725570679]],
        "icov": [[0.000442361604655, -0.000459046248579, 0.00118375988677, -0.000926637672819, 0.00130490667652, -0.0010642540874, 0.000850078184158, -0.000420082506025, 0.000812348676845, -0.000528486969415, 0.00101848517079, -0.00058926246129, 0.000229930519708], [-0.000459046248579, 0.00140483537689, -0.00150984840002, 0.00239108433016, -0.00152821198571, 0.00173966027796, 0.00085703691002, -0.000596581783611, 0.00115281878971, -0.000236785694142, -0.000241252433625, 0.000925287604332, -0.000181760187843], [0.00118375988677, -0.00150984840002, 0.0069447895512, -0.00532364705577, 0.00574494712055, -0.00424313358963, -0.000421336415457, 0.00189371628221, -0.00129978684708, 0.000830256787594, 0.00344883161597, -0.000998456845991, 0.000588359311223], [-0.000926637672819, 0.00239108433016, -0.00532364705577, 0.0111184716225, -0.00842571631074, 0.00575465150177, 0.000483831885504, -0.00206108298153, 0.00296079833061, -0.000974175112788, 0.000449808780104, -0.000759468588512, 0.00143883749843], [0.00130490667652, -0.00152821198571, 0.00574494712055, -0.00842571631074, 0.0150403100997, -0.0103357201442, 0.00823153182864, -0.00255227228627, 0.000412661262089, 0.00320499530062, -0.00273869675584, 0.00225322297774, 0.000878488877788], [-0.0010642540874, 0.00173966027796, -0.00424313358963, 0.00575465150177, -0.0103357201442, 0.0181979760528, -0.0109504628927, 0.00928780157119, -0.00226159556769, -0.00300120119937, 0.00402410607785, -0.00563695421442, 0.00292287883349], [0.000850078184158, 0.00085703691002, -0.000421336415457, 0.000483831885504, 0.00823153182864, -0.0109504628927, 0.023020407185, -0.0148795610294, 0.00752609036863, -0.00106593838427, -0.00339829013683, 0.0015962618636, -0.00227555213496], [-0.000420082506025, -0.000596581783611, 0.00189371628221, -0.00206108298153, -0.00255227228627, 0.00928780157119, -0.0148795610294, 0.0208603292704, -0.0142915081233, 0.00815843418241, -0.00355155835859, -0.000273973477306, 0.0022445388604], [0.000812348676845, 0.00115281878971, -0.00129978684708, 0.00296079833061, 0.000412661262089, -0.00226159556769, 0.00752609036863, -0.0142915081233, 0.0272097438574, -0.0174850840122, 0.0128173232079, -0.00487357890233, 9.09078225959e-05], [-0.000528486969415, -0.000236785694142, 0.000830256787594, -0.000974175112788, 0.00320499530062, -0.00300120119937, -0.00106593838427, 0.00815843418241, -0.0174850840122, 0.0289255157113, -0.0198054686189, 0.00998622085899, -0.00384944421239], [0.00101848517079, -0.000241252433625, 0.00344883161597, 0.000449808780104, -0.00273869675584, 0.00402410607785, -0.00339829013683, -0.00355155835859, 0.0128173232079, -0.0198054686189, 0.0294573251158, -0.0167135596275, 0.00762127293274], [-0.00058926246129, 0.000925287604332, -0.000998456845991, -0.000759468588512, 0.00225322297774, -0.00563695421442, 0.0015962618636, -0.000273973477306, -0.00487357890233, 0.00998622085899, -0.0167135596275, 0.0273317433894, -0.012313913554], [0.000229930519708, -0.000181760187843, 0.000588359311223, 0.00143883749843, 0.000878488877788, 0.00292287883349, -0.00227555213496, 0.0022445388604, 9.09078225959e-05, -0.00384944421239, 0.00762127293274, -0.012313913554, 0.0232301466167]]
    },
    "spectral_contrast_coeffs": {
        "max": [-0.355859100819, -0.409224241972, -0.513760864735, -0.631283044815, -0.453472137451, -0.690216302872],
        "mean": [-0.701205432415, -0.77757191658, -0.825486719608, -0.839106678963, -0.783246636391, -0.80437117815],
        "min": [-0.97901403904, -0.982751965523, -0.974416851997, -0.968683063984, -0.964671671391, -0.96329075098],
        "stdev": [0.110482476652, 0.0960405543447, 0.0696417316794, 0.050762783736, 0.0821626856923, 0.0324657745659]
    },
    "spectral_contrast_valleys": {
        "max": [-5.9746131897, -4.67916965485, -5.60447502136, -5.87487411499, -6.95398187637, -10.2864456177],
        "mean": [-8.9056186676, -8.10056304932, -8.90695667267, -9.03440380096, -10.3554840088, -13.3945436478],
        "min": [-27.6951885223, -27.8025970459, -27.7051429749, -27.5890769958, -27.4990768433, -27.3154945374],
        "stdev": [2.62033939362, 2.81303358078, 2.66899871826, 2.63901329041, 2.31483483315, 1.87812459469]
    }
},
"rhythm": {
    "beats_count": 72,
    "beats_loudness": {
        "max": 0.0912994146347,
        "mean": 0.0179704613984,
        "min": 9.10057917913e-10,
        "stdev": 0.0270982738584
    },
    "bpm": 140.601608276,
    "bpm_histogram_first_peak_bpm": 140,
    "bpm_histogram_first_peak_weight": 0.538461565971,
    "bpm_histogram_second_peak_bpm": 133,
    "bpm_histogram_second_peak_spread": 0.0999999642372,
    "bpm_histogram_second_peak_weight": 0.126760557294,
    "danceability": 1.20465040207,
    "onset_rate": 4.07072353363,
    "beats_loudness_band_ratio": {
        "max": [0.930784106255, 0.908015191555, 0.805094599724, 0.755395829678, 0.635219335556, 0.145967513323],
        "mean": [0.109472073615, 0.377867281437, 0.338483899832, 0.154270485044, 0.0818870514631, 0.0108448565006],
        "min": [0.00329283811152, 8.25910319691e-05, 0.000463009608211, 0.00142738001887, 0.00177082733717, 5.43173082406e-05],
        "stdev": [0.131878912449, 0.23148727417, 0.202444404364, 0.139814481139, 0.121943123639, 0.027898805216]
    },
