{
"metadata": {
    "version": {
        "essentia": "2.1-beta5",
        "essentia_git_sha": "Undefined",
        "extractor": "music 2.0"
    },
    "audio_properties": {
        "analysis": {
            "equal_loudness": 0,
            "length": 29.0017242432,
            "sample_rate": 44100,
            "start_time": 0,
            "downmix": "mix"
        },
        "bit_rate": 192000,
        "length": 180.059143066,
        "lossless": 0,
        "number_channels": 2,
        "replay_gain": -12.4286289215,
        "sample_rate": 48000,
        "codec": "mp3",
        "md5_encoded": "d06bf6c552e9e66c46ea3d24d82f103d"
    },
    "tags": {
        "file_name": "Israel_Ah-haa-vah Hee Shir Lish-naa-yim_Ilanit.mp3",
        "encoding": ["Lavf58.29.100"]
    }
},
"lowlevel": {
    "average_loudness": 0.81362169981,
    "barkbands_crest": {
        "max": 26.4695129395,
        "mean": 13.0824041367,
        "min": 4.26488018036,
        "stdev": 5.1703042984
    },
    "barkbands_flatness_db": {
        "max": 0.48543921113,
        "mean": 0.281472980976,
        "min": 0.061685308814,
        "stdev": 0.0630068257451
    },
    "barkbands_kurtosis": {
        "max": 324.15725708,
        "mean": 8.64702987671,
        "min": -1.70251369476,
        "stdev": 19.6675739288
    },
    "barkbands_skewness": {
        "max": 13.8589944839,
        "mean": 1.42284202576,
        "min": -2.57628464699,
        "stdev": 1.91591703892
    },
    "barkbands_spread": {
        "max": 98.2649002075,
        "mean": 7.74489545822,
        "min": 0.211772784591,
        "stdev": 5.59268522263
    },
    "dissonance": {
        "max": 0.498864591122,
        "mean": 0.396656632423,
        "min": 0.238835304976,
        "stdev": 0.0583554469049
    },
    "dynamic_complexity": 5.89242601395,
    "erbbands_crest": {
        "max": 32.7089805603,
        "mean": 14.8502550125,
        "min": 2.6335234642,
        "stdev": 6.67120790482
    },
    "erbbands_flatness_db": {
        "max": 0.440380513668,
        "mean": 0.315639972687,
        "min": 0.0400266051292,
        "stdev": 0.0674752369523
    },
    "erbbands_kurtosis": {
        "max": 86.853187561,
        "mean": 3.19892334938,
        "min": -1.79179883003,
        "stdev": 6.77294921875
    },
    "erbbands_skewness": {
        "max": 7.70592212677,
        "mean": 0.55829924345,
        "min": -3.90038967133,
        "stdev": 1.47293066978
    },
    "erbbands_spread": {
        "max": 85.0522689819,
        "mean": 16.812374115,
        "min": 1.22674822807,
        "stdev": 15.0276556015
    },
    "hfc": {
        "max": 67.8148574829,
        "mean": 9.39233207703,
        "min": 6.58891394778e-08,
        "stdev": 9.68090820312
    },
    "loudness_ebu128": {
        "integrated": -13.3560314178,
        "loudness_range": 5.35675048828,
        "momentary": {
            "max": -8.01366615295,
            "mean": -16.5936069489,
            "min": -56.7113418579,
            "stdev": 8.05925559998
        },
        "short_term": {
            "max": -11.0004854202,
            "mean": -14.2105093002,
            "min": -26.1851329803,
            "stdev": 2.4953649044
        }
    },
    "melbands_crest": {
        "max": 31.3555812836,
        "mean": 14.9433221817,
        "min": 5.82617092133,
        "stdev": 5.68647289276
    },
    "melbands_flatness_db": {
        "max": 0.559223115444,
        "mean": 0.342929691076,
        "min": 0.140726730227,
        "stdev": 0.0674843713641
    },
    "melbands_kurtosis": {
        "max": 155.843582153,
        "mean": 11.237622261,
        "min": -1.84608197212,
        "stdev": 19.243894577
    },
    "melbands_skewness": {
        "max": 9.78972911835,
        "mean": 1.72129380703,
        "min": -1.61923456192,
        "stdev": 1.84752547741
    },
    "melbands_spread": {
        "max": 47.534198761,
        "mean": 12.091632843,
        "min": 0.449159711599,
        "stdev": 8.47980976105
    },
    "pitch_salience": {
        "max": 0.832241475582,
        "mean": 0.494688868523,
        "min": 0.0938370972872,
        "stdev": 0.127886354923
    },
    "silence_rate_20dB": {
        "max": 1,
        "mean": 1,
        "min": 1,
        "stdev": 0
    },
    "silence_rate_30dB": {
        "max": 1,
        "mean": 0.994400024414,
        "min": 0,
        "stdev": 0.0746235772967
    },
    "silence_rate_60dB": {
        "max": 1,
        "mean": 0.197600007057,
        "min": 0,
        "stdev": 0.39818996191
    },
    "spectral_centroid": {
        "max": 10401.8300781,
        "mean": 723.860473633,
        "min": 245.181747437,
        "stdev": 427.909057617
    },
    "spectral_complexity": {
        "max": 25,
        "mean": 8.4111995697,
        "min": 0,
        "stdev": 4.43825387955
    },
    "spectral_decrease": {
        "max": -2.96434441374e-18,
        "mean": -4.30757784997e-09,
        "min": -3.45177255667e-08,
        "stdev": 4.90241935935e-09
    },
    "spectral_energy": {
        "max": 0.136428654194,
        "mean": 0.0171096902341,
        "min": 1.7164485111e-11,
        "stdev": 0.0192754883319
    },
    "spectral_energyband_high": {
        "max": 0.00115212635137,
        "mean": 1.08934045784e-05,
        "min": 5.18814548614e-12,
        "stdev": 5.71248529013e-05
    },
    "spectral_energyband_low": {
        "max": 0.0174144953489,
        "mean": 0.000972318463027,
        "min": 8.19291422899e-12,
        "stdev": 0.00203635892831
    },
    "spectral_energyband_middle_high": {
        "max": 0.0317354723811,
        "mean": 0.00345346750692,
        "min": 1.30747474479e-12,
        "stdev": 0.00513399066404
    },
    "spectral_energyband_middle_low": {
        "max": 0.132327288389,
        "mean": 0.0130205126479,
        "min": 4.10907766146e-12,
        "stdev": 0.0179930254817
    },
    "spectral_entropy": {
        "max": 9.79120635986,
        "mean": 6.29242324829,
        "min": 4.37582206726,
        "stdev": 0.627921044827
    },
    "spectral_flux": {
        "max": 0.219914838672,
        "mean": 0.0469537898898,
        "min": 4.14300438933e-06,
        "stdev": 0.0407444275916
    },
    "spectral_kurtosis": {
        "max": 84.6692199707,
        "mean": 25.74908638,
        "min": -1.22345197201,
        "stdev": 16.0821228027
    },
    "spectral_rms": {
        "max": 0.0115369465202,
        "mean": 0.00347774429247,
        "min": 1.29405719917e-07,
        "stdev": 0.00214422377758
    },
    "spectral_rolloff": {
        "max": 11907.8613281,
        "mean": 879.034912109,
        "min": 150.732421875,
        "stdev": 594.047607422
    },
    "spectral_skewness": {
        "max": 7.51540899277,
        "mean": 3.25685572624,
        "min": -0.0572259016335,
        "stdev": 1.26244115829
    },
    "spectral_spread": {
        "max": 41382780,
        "mean": 1892654.5,
        "min": 841100.375,
        "stdev": 1440329.5
    },
    "spectral_strongpeak": {
        "max": 7.73582315445,
        "mean": 1.6302677393,
        "min": 3.09991537506e-06,
        "stdev": 1.58447730541
    },
    "zerocrossingrate": {
        "max": 0.2626953125,
        "mean": 0.03357148543,
        "min": 0.00732421875,
        "stdev": 0.0175578296185
    },
    "barkbands": {
        "max": [0.000897782330867, 0.00152931315824, 0.0153337223455, 0.0148544842377, 0.0541979707778, 0.108149044216, 0.0655571967363, 0.0507697202265, 0.0659981444478, 0.0218108650297, 0.0226958394051, 0.0148705523461, 0.0209118239582, 0.0136154470965, 0.00150132342242, 0.00115124601871, 0.000920611200854, 0.000610945862718, 0.000449294602731, 0.00107326777652, 0.000289319345029, 1.74083743332e-05, 3.04246486849e-06, 7.98607470642e-06, 3.51246427499e-07, 2.8927411222e-07, 3.06636650294e-07],
        "mean": [6.35332708043e-06, 6.69899018249e-05, 0.000632630835753, 0.000508902419824, 0.00355969648808, 0.00412841094658, 0.00191569887102, 0.00101235695183, 0.00169200263917, 0.0010467839893, 0.000662334903609, 0.000216378073674, 0.000832174671814, 0.000596952333581, 6.37318225927e-05, 6.60221048747e-05, 3.81119389203e-05, 2.90898569801e-05, 1.64072589541e-05, 1.5004472516e-05, 3.0839566989e-06, 3.414059222e-07, 1.36592717581e-07, 9.64942046267e-08, 2.63971706715e-08, 2.86212831213e-09, 7.76940733971e-10],
        "min": [2.01994132277e-14, 2.32333358281e-12, 4.18960135681e-12, 2.71421513737e-12, 6.055900139e-13, 2.58097986343e-13, 2.21560562865e-13, 5.37463784144e-14, 2.36840549343e-13, 1.0907413346e-13, 7.17921951271e-14, 1.72378943259e-13, 1.22060578333e-13, 2.08476763413e-13, 4.11923235322e-14, 7.47234034631e-14, 1.83255713664e-13, 1.61406830826e-13, 9.63369737716e-14, 1.5125300643e-13, 2.97551886559e-13, 3.78244283767e-13, 5.13833550361e-13, 6.74833398797e-13, 7.3350429463e-13, 1.10363877325e-12, 1.43543673042e-12],
        "stdev": [3.41818922607e-05, 0.000133690904477, 0.0016865094658, 0.000971543195192, 0.00673904875293, 0.0112538672984, 0.00601508608088, 0.00379666592926, 0.00402189884335, 0.00284379650839, 0.0021961806342, 0.000724271172658, 0.00242818822153, 0.00145651365165, 0.000116330047604, 0.000119693046145, 8.56545375427e-05, 5.51689445274e-05, 3.78635122615e-05, 6.26335167908e-05, 1.52661614266e-05, 9.63345428318e-07, 2.58829430777e-07, 3.32508875545e-07, 2.59082124643e-08, 9.86449766316e-09, 8.72118821604e-09]
    },
    "erbbands": {
        "max": [0.0195834767073, 0.713253200054, 13.714425087, 25.2134780884, 104.58807373, 272.112518311, 520.276550293, 847.302307129, 711.698852539, 1646.93566895, 792.083557129, 1144.78308105, 887.05456543, 750.660949707, 796.294494629, 290.05279541, 1141.42004395, 752.196289062, 93.5517807007, 50.4116096497, 68.7737350464, 67.6471252441, 48.7937202454, 19.7048549652, 37.2704391479, 56.065574646, 25.6046867371, 4.06968593597, 0.899052321911, 0.105157352984, 0.101160779595, 0.222655758262, 0.0669336467981, 0.00778908189386, 0.00232243072242, 0.00146536261309, 0.00053903152002, 0.000191775281564, 6.7173386924e-05, 0.000153882632731],
        "mean": [0.00132622616366, 0.0285865385085, 0.523114621639, 1.43454682827, 2.91359949112, 15.0270080566, 33.2067375183, 29.5008716583, 24.9246368408, 28.8174724579, 25.2689933777, 31.9125785828, 32.9961051941, 35.8062210083, 19.8316841125, 10.237704277, 38.3092842102, 36.4384117126, 7.80430698395, 3.73533058167, 3.73767852783, 2.40449404716, 1.71376383305, 1.12078285217, 0.789379298687, 0.711305320263, 0.26423099637, 0.061226207763, 0.0154304197058, 0.00569293834269, 0.00381521228701, 0.00268036988564, 0.00116436800454, 0.000412627356127, 0.000154648500029, 3.75592026103e-05, 7.64678225096e-06, 1.79748292339e-06, 8.47453156894e-06, 1.94496333279e-05],
        "min": [3.78339963525e-11, 6.70463684571e-10, 3.96431065752e-09, 8.15963918654e-09, 5.55466828089e-09, 1.03390496164e-09, 4.55594950655e-10, 2.89486234983e-09, 3.12537840053e-09, 3.17818238393e-09, 1.84774429091e-09, 5.36198019319e-09, 3.09456305025e-09, 3.22488191706e-09, 6.57782628366e-09, 3.9813259356e-09, 6.56904042273e-09, 1.1383383125e-08, 4.03858457787e-09, 2.53412624218e-09, 4.9379811351e-09, 9.70775726472e-09, 8.80932571334e-09, 6.96216551077e-09, 5.7645355156e-09, 6.46467324117e-09, 1.28286883339e-08, 1.01251087514e-08, 1.14032436827e-08, 1.55627937204e-08, 1.6836395389e-08, 1.31358923738e-08, 1.15104237253e-08, 7.6248811709e-09, 6.04610450594e-09, 5.22519272295e-09, 1.8817207792e-09, 7.88375142946e-10, 2.11612602441e-10, 1.86558563736e-11],
        "stdev": [0.00196577771567, 0.0690772384405, 1.44750976562, 2.49112057686, 7.52364063263, 30.5419197083, 71.3628616333, 79.5483016968, 58.0491828918, 125.32408905, 72.291595459, 70.9018554688, 84.2456512451, 93.754486084, 61.3945999146, 22.6656494141, 124.660919189, 90.4205322266, 12.0291872025, 5.1237950325, 6.92231178284, 5.35790061951, 3.72124028206, 1.77381002903, 2.32125377655, 3.13198900223, 1.40701603889, 0.259455531836, 0.0490001626313, 0.00920183304697, 0.00783480703831, 0.00943913497031, 0.00321872951463, 0.000509364181198, 0.000123584075482, 6.14654782112e-05, 1.6826139472e-05, 5.63562571188e-06, 9.32300463319e-06, 2.16289772652e-05]
    },
    "gfcc": {
        "mean": [-173.581634521, 189.679443359, -152.172714233, -8.88499069214, -48.1010780334, -18.4453678131, -34.7065582275, -11.6249246597, -15.5936136246, -17.1543712616, -0.729158461094, -19.6565227509, 2.90274906158],
        "cov": [[9231.52246094, 1826.27416992, -1613.84631348, -1311.52600098, 346.554107666, -1371.10253906, 232.732192993, -576.963256836, -156.285873413, -305.285217285, 145.140396118, -237.914474487, 73.8027114868], [1826.27416992, 698.014892578, -115.000747681, -407.042694092, 123.883132935, -348.085357666, -41.8576507568, -149.888076782, -34.5571289062, -146.08265686, 22.2003955841, -31.7481822968, 33.3989334106], [-1613.84631348, -115.000747681, 849.204345703, 396.304382324, -160.253143311, -0.973369717598, -180.989822388, 58.1601600647, 31.8095378876, -47.8342590332, -44.2288856506, 150.720428467, 61.216293335], [-1311.52600098, -407.042694092, 396.304382324, 760.111206055, -59.9541625977, 135.732116699, -22.7141017914, 135.857437134, -33.1847915649, 51.9012832642, -34.3886985779, 46.1133537292, 0.644209325314], [346.554107666, 123.883132935, -160.253143311, -59.9541625977, 233.184555054, 13.9002151489, 11.4080228806, -25.0554466248, -22.2747249603, -22.4346199036, -3.99165654182, -50.8586120605, -52.8566169739], [-1371.10253906, -348.085357666, -0.973369717598, 135.732116699, 13.9002151489, 568.062927246, 127.173027039, 110.173927307, -11.7573728561, 91.4485931396, -27.427154541, -32.3847503662, -80.6574325562], [232.732192993, -41.8576507568, -180.989822388, -22.7141017914, 11.4080228806, 127.173027039, 199.114135742, 25.612071991, -54.765789032, 16.2810745239, -4.32642650604, -40.9317970276, -30.9211063385], [-576.963256836, -149.888076782, 58.1601600647, 135.857437134, -25.0554466248, 110.173927307, 25.612071991, 133.451156616, 43.4267959595, 33.7735824585, -17.9974060059, -0.567862331867, -14.5987434387], [-156.285873413, -34.5571289062, 31.8095378876, -33.1847915649, -22.2747249603, -11.7573728561, -54.765789032, 43.4267959595, 123.019126892, 50.9203872681, 2.42479348183, 9.94423961639, -10.8391923904], [-305.285217285, -146.08265686, -47.8342590332, 51.9012832642, -22.4346199036, 91.4485931396, 16.2810745239, 33.7735824585, 50.9203872681, 119.390609741, 34.9582443237, -22.0410327911, -36.0380592346], [145.140396118, 22.2003955841, -44.2288856506, -34.3886985779, -3.99165654182, -27.427154541, -4.32642650604, -17.9974060059, 2.42479348183, 34.9582443237, 68.4805908203, 14.5967178345, -3.65167760849], [-237.914474487, -31.7481822968, 150.720428467, 46.1133537292, -50.8586120605, -32.3847503662, -40.9317970276, -0.567862331867, 9.94423961639, -22.0410327911, 14.5967178345, 105.516090393, 52.6149978638], [73.8027114868, 33.3989334106, 61.216293335, 0.644209325314, -52.8566169739, -80.6574325562, -30.9211063385, -14.5987434387, -10.8391923904, -36.0380592346, -3.65167760849, 52.6149978638, 115.141189575]],
        "icov": [[0.00106382952072, -0.00212651770562, 0.00203790469095, -0.00109267549124, 0.000834247563034, 0.00128380069509, -0.00165779376402, 0.00214311224408, -0.00164932943881, 0.000973247748334, -0.000151970918523, -0.000240326189669, 0.000220743924729], [-0.00212651770562, 0.00968874245882, -0.0058220801875, 0.00417466601357, -0.00412971992046, -0.000660189194605, 0.00148993649054, -0.00274653057568, 0.0014548257459, 0.00367137952708, -0.00456677470356, 0.00519949803129, -0.00191643962171], [0.00203790469095, -0.0058220801875, 0.00762138841674, -0.00405729422346, 0.00398102030158, 0.00133480108343, -0.000295503938105, 0.0038178616669, -0.00301837967709, 0.00191311817616, 0.00245207292028, -0.00472372537479, 0.00207148981281], [-0.00109267549124, 0.00417466601357, -0.00405729422346, 0.00502187013626, -0.00246868748218, 7.36217480153e-05, 0.0017215681728, -0.0051159192808, 0.00564608070999, -0.00350011396222, 0.000915910117328, 0.000735890236683, -0.000520784466062], [0.000834247563034, -0.00412971992046, 0.00398102030158, -0.00246868748218, 0.00818739179522, -0.000569593394175, 0.00102495460305, 0.00193969148677, -0.0010198126547, 0.00196286127903, 0.00121069664601, -0.00122500013094, 0.00355762732215], [0.00128380069509, -0.000660189194605, 0.00133480108343, 7.36217480153e-05, -0.000569593394175, 0.0055840080604, -0.00369527516887, 0.000687169318553, 0.00031579338247, -0.00131810025778, 0.00133896025363, -0.000328581489157, 0.00121326139197], [-0.00165779376402, 0.00148993649054, -0.000295503938105, 0.0017215681728, 0.00102495460305, -0.00369527516887, 0.0134553629905, -0.00756085477769, 0.00982840266079, -0.0052701830864, 0.0041563892737, -0.00264634215273, 0.00193143589422], [0.00214311224408, -0.00274653057568, 0.0038178616669, -0.0051159192808, 0.00193969148677, 0.000687169318553, -0.00756085477769, 0.0206112600863, -0.0142390308902, 0.00805923063308, -0.00271276175044, 0.00294896960258, -0.00087512814207], [-0.00164932943881, 0.0014548257459, -0.00301837967709, 0.00564608070999, -0.0010198126547, 0.00031579338247, 0.00982840266079, -0.0142390308902, 0.0265285074711, -0.018951382488, 0.0114205488935, -0.00776617275551, 0.00327224680223], [0.000973247748334, 0.00367137952708, 0.00191311817616, -0.00350011396222, 0.00196286127903, -0.00131810025778, -0.0052701830864, 0.00805923063308, -0.018951382488, 0.0341244265437, -0.0219714604318, 0.0130136013031, -0.000849045522045], [-0.000151970918523, -0.00456677470356, 0.00245207292028, 0.000915910117328, 0.00121069664601, 0.00133896025363, 0.0041563892737, -0.00271276175044, 0.0114205488935, -0.0219714604318, 0.0330045670271, -0.0156374685466, 0.00476997159421], [-0.000240326189669, 0.00519949803129, -0.00472372537479, 0.000735890236683, -0.00122500013094, -0.000328581489157, -0.00264634215273, 0.00294896960258, -0.00776617275551, 0.0130136013031, -0.0156374685466, 0.0251328703016, -0.00861479341984], [0.000220743924729, -0.00191643962171, 0.00207148981281, -0.000520784466062, 0.00355762732215, 0.00121326139197, 0.00193143589422, -0.00087512814207, 0.00327224680223, -0.000849045522045, 0.00476997159421, -0.00861479341984, 0.0150219695643]]
    },
    "melbands": {
        "max": [0.00022530030401, 0.00471114832908, 0.00690230261534, 0.0119122350588, 0.014867910184, 0.0194001477212, 0.0120420400053, 0.0169101487845, 0.0101082548499, 0.00623025605455, 0.00431499397382, 0.00335864210501, 0.00343043776229, 0.00194753194228, 0.00159349734895, 0.00166564725805, 0.00128131732345, 0.000217951048398, 0.000141407479532, 0.000106719890027, 0.000102305450127, 6.8864399509e-05, 4.18042181991e-05, 3.31955925503e-05, 1.77256806637e-05, 1.94524418475e-05, 2.59259632003e-05, 4.69143633381e-05, 2.00444374059e-05, 5.06868218508e-06, 2.22616199608e-06, 5.49237824998e-07, 1.41443408097e-07, 4.01324129484e-08, 7.17316694931e-08, 8.76123422699e-08, 1.57633209596e-07, 6.11038046827e-08, 1.17210401385e-08, 4.09671052637e-09],
        "mean": [1.45212025018e-05, 0.000198491878109, 0.000271004188107, 0.000590946816374, 0.00111716904212, 0.000699260388501, 0.000371061498299, 0.000293216318823, 0.000230216930504, 0.000203028248507, 0.000166365833138, 0.000149779982166, 8.36382168927e-05, 2.41102152359e-05, 5.76497805014e-05, 9.03944528545e-05, 6.06140201853e-05, 1.33812936838e-05, 4.99954467159e-06, 4.35849096903e-06, 4.02673458666e-06, 2.37227118305e-06, 1.72726959136e-06, 1.59317755788e-06, 8.16447538909e-07, 5.95902292844e-07, 5.59906652597e-07, 4.58664999314e-07, 1.99412880875e-07, 6.37321946328e-08, 2.38605775138e-08, 8.84567175063e-09, 4.18243617517e-09, 2.6725011093e-09, 2.25939555953e-09, 1.83396020592e-09, 1.56299995169e-09, 8.93625173859e-10, 4.73848738025e-10, 2.84742868173e-10],
        "min": [4.95338145501e-13, 1.70820345716e-12, 1.33144092539e-12, 2.01774117163e-13, 1.46098140096e-14, 6.06683960339e-14, 4.87030968126e-14, 2.97897930011e-14, 2.16208192165e-14, 3.18393349066e-14, 1.53000509939e-14, 1.32972974943e-14, 1.75914868745e-14, 1.94062312471e-14, 8.55831756104e-15, 1.77501886616e-14, 2.0492964354e-14, 6.50810014671e-15, 2.38959281134e-15, 5.20002081352e-15, 5.69237861939e-15, 9.84741869753e-15, 8.19891385822e-15, 9.04946622737e-15, 5.22086163567e-15, 3.45181045544e-15, 4.92146471145e-15, 3.93332073387e-15, 7.24748071209e-15, 7.8889480804e-15, 4.95524946759e-15, 6.13728860416e-15, 8.28688415902e-15, 8.01704741412e-15, 1.01415568177e-14, 8.61249717648e-15, 7.25232658758e-15, 7.72815920416e-15, 7.16858213415e-15, 6.32283201829e-15],
        "stdev": [2.40294120886e-05, 0.000508162775077, 0.000473767111544, 0.00124992639758, 0.00211660354398, 0.00184690090828, 0.000946796906646, 0.00125897815451, 0.00071989337448, 0.000428076484241, 0.000430676242104, 0.000400206772611, 0.000270583142992, 9.33051487664e-05, 0.000201750808628, 0.000209953766898, 0.000152497930685, 2.63672664005e-05, 1.00438564914e-05, 7.30625515644e-06, 8.18636181066e-06, 5.42895259059e-06, 4.26788892582e-06, 3.32223703481e-06, 1.41631380757e-06, 1.54180293066e-06, 1.91981484932e-06, 2.31888679991e-06, 1.11084693799e-06, 3.04746919255e-07, 9.97470763764e-08, 2.94350428476e-08, 8.11139422296e-09, 4.23402557459e-09, 4.62090543607e-09, 4.9981485617e-09, 6.34815622291e-09, 2.73344502588e-09, 7.52131912307e-10, 2.95992036436e-10]
    },
    "melbands128": {
        "max": [0.000301679829136, 0.000216255357373, 0.000359068362741, 0.00104447361082, 0.00609944015741, 0.00738955102861, 0.00544012943283, 0.00879611261189, 0.0119494572282, 0.0186310037971, 0.0209130272269, 0.018426893279, 0.0210593231022, 0.0479194186628, 0.0257290247828, 0.0231536384672, 0.0143333189189, 0.0212576575577, 0.0273030847311, 0.0313371270895, 0.0178992412984, 0.0106136351824, 0.00908339302987, 0.0276538878679, 0.0072206389159, 0.00448621995747, 0.0111799966544, 0.00593639304861, 0.00723260035738, 0.00776052940637, 0.00550831062719, 0.00631263945252, 0.00654608057812, 0.00419447943568, 0.00521693518385, 0.000835939776152, 0.000638371915556, 0.00132368924096, 0.00465277815238, 0.00433192774653, 0.00106360169593, 0.00390993384644, 0.00156068184879, 0.000341447885148, 0.000670661160257, 0.000160789408255, 0.000178623289685, 0.000351693684934, 0.000134175788844, 0.000179516864591, 0.000208971148822, 0.000182991105248, 0.000132507004309, 0.000141997355968, 5.65970985917e-05, 0.000110904751637, 0.000162090465892, 0.000105007857201, 4.59118746221e-05, 0.000111227964226, 7.83883588156e-05, 3.28684873239e-05, 5.30823672307e-05, 1.54201734404e-05, 3.27006782754e-05, 1.80071438081e-05, 3.7670823076e-05, 4.99081907037e-05, 2.92062377412e-05, 2.86683898594e-05, 6.50124784443e-05, 5.27183074155e-05, 2.95948611893e-05, 2.03185754799e-05, 1.19430487757e-05, 6.55674057271e-06, 2.9783006994e-06, 2.66745655608e-06, 3.15915508509e-06, 1.1480599369e-06, 5.53404959192e-07, 3.85398379876e-07, 3.58458095207e-07, 9.73545084548e-08, 5.49078897905e-08, 4.0391054057e-08, 7.04678697616e-08, 7.49199173811e-08, 9.07868269451e-08, 7.51193027781e-08, 5.12059550317e-08, 1.21720916013e-07, 1.51542977278e-07, 2.07659581974e-07, 1.15541631374e-07, 9.53786738478e-08, 4.62331826157e-08, 2.19418847536e-08, 1.31136648207e-08, 1.02734825091e-08, 6.90434509565e-09, 3.53988882651e-09, 2.54201526495e-09, 2.65291100199e-09, 2.76148615086e-09, 2.5513373636e-09, 2.48135090253e-09, 3.19880055777e-09, 4.1320138422e-09, 2.26400187486e-09, 1.81749604256e-09, 1.74852443635e-09, 1.68589542326e-09, 1.62964530759e-09, 1.57254953503e-09, 1.52718249158e-09, 1.47926970673e-09, 1.43494083282e-09, 1.39218714335e-09, 1.35487776554e-09, 1.32412547593e-09, 1.29531663173e-09, 1.26514188015e-09, 1.2486977008e-09, 1.23503895999e-09, 1.2206450295e-09, 1.20844856344e-09, 1.20211485211e-09],
        "mean": [3.05849061988e-06, 7.34096465749e-06, 1.57687682076e-05, 3.45536354871e-05, 0.000192684383364, 0.000340370723279, 0.000297318445519, 0.000245671020821, 0.000208754951018, 0.000484547839733, 0.00091185682686, 0.00106621300802, 0.00110929238144, 0.00136363890488, 0.000661964819301, 0.000350875459844, 0.000418569426984, 0.000362442398909, 0.000325621804222, 0.000367688364349, 0.000257247098489, 0.000145659592818, 0.000215925043449, 0.000345933658537, 0.000187604659004, 0.000143572658999, 0.000237976521021, 0.000118650139484, 0.000172869375092, 0.00017168353952, 0.000131592692924, 0.000126515966258, 0.000101656078186, 2.78241186606e-05, 4.2210038373e-05, 1.3676519302e-05, 1.17731351565e-05, 2.94600213238e-05, 0.000125496226246, 8.66015980137e-05, 3.37789169862e-05, 0.000184044256457, 5.23568269273e-05, 8.73001408763e-06, 3.23159802065e-05, 7.51422703615e-06, 3.7134257127e-06, 5.53489235244e-06, 5.03336468682e-06, 5.42098086953e-06, 3.00974784295e-06, 4.23271785621e-06, 7.40140922062e-06, 2.09824838748e-06, 1.12100337901e-06, 2.9901752896e-06, 2.69587121693e-06, 2.26225824917e-06, 1.13994212825e-06, 1.14440877041e-06, 2.21181585403e-06, 1.38856671583e-06, 6.65544177991e-07, 6.76130014199e-07, 1.04594812456e-06, 4.20286369263e-07, 4.29429661608e-07, 7.35046796763e-07, 4.83134158458e-07, 5.10422864863e-07, 5.40125256521e-07, 4.10143599083e-07, 2.57758017597e-07, 1.73076998067e-07, 1.08699197199e-07, 6.66975452646e-08, 4.62505553855e-08, 2.9429813253e-08, 2.41688589142e-08, 1.42876075415e-08, 9.32135080234e-09, 6.91858081936e-09, 5.62025448403e-09, 3.93460286574e-09, 3.07225023199e-09, 2.47084464e-09, 2.85015566703e-09, 2.40529707263e-09, 2.35657315883e-09, 1.96178873146e-09, 1.91242555125e-09, 1.81394532728e-09, 1.70213587669e-09, 1.69968694674e-09, 1.3445322633e-09, 1.16929743665e-09, 7.62895635553e-10, 5.66897029319e-10, 5.34402466723e-10, 3.86292775545e-10, 3.24512750005e-10, 2.68364275247e-10, 2.33677133199e-10, 1.90111815179e-10, 1.54419019238e-10, 1.28809282685e-10, 1.17395523858e-10, 9.0159303634e-11, 2.69517238388e-11, 1.07879104955e-11, 5.48139788767e-12, 4.47507092147e-12, 4.36501355894e-12, 4.20397310713e-12, 4.06839926331e-12, 3.94558604538e-12, 3.80132557376e-12, 3.63826720487e-12, 3.53378372571e-12, 3.4351829107e-12, 3.35342430907e-12, 3.28118868881e-12, 3.21448575223e-12, 3.16178225095e-12, 3.10735400084e-12, 3.04624424644e-12, 3.0059542095e-12, 2.98797510172e-12],
        "min": [1.71776333527e-14, 1.84060652462e-13, 6.42063604974e-13, 1.18416615489e-12, 1.80467186334e-12, 2.13298346e-12, 1.80098969592e-12, 1.18039107135e-12, 5.04518464766e-13, 1.18381663521e-13, 2.62722464362e-14, 6.93134429925e-15, 8.32771199411e-15, 2.32799433078e-14, 7.05864538911e-14, 8.23079262082e-14, 4.93571383851e-14, 4.42622081023e-14, 4.33374344711e-14, 4.28114168465e-14, 1.88535100617e-14, 2.01004306515e-15, 9.8237246449e-15, 6.07306766725e-14, 3.92479221323e-14, 2.50785500087e-14, 8.56144904184e-15, 1.27122653902e-14, 2.38146413261e-14, 1.14605878634e-14, 1.33152723805e-14, 7.67171123449e-15, 1.06497291522e-14, 2.61541276917e-14, 4.26986801493e-14, 6.34429710373e-15, 4.59448924151e-15, 6.50209298905e-15, 1.05950065886e-14, 1.83142295952e-14, 1.04047926348e-14, 3.21883328097e-14, 3.00249801692e-14, 7.42255564602e-15, 8.74686878916e-15, 6.23764718534e-15, 5.60147927865e-15, 1.02795187913e-15, 1.36015915395e-15, 3.66628809153e-15, 5.30478057789e-15, 7.94760934717e-15, 4.22352226841e-15, 4.88321228004e-15, 8.7701926884e-15, 6.86434229905e-15, 1.64273603672e-14, 9.5618991376e-15, 4.24326957103e-15, 6.7758616609e-15, 1.09762019081e-14, 1.04254000994e-14, 4.3370928695e-15, 5.59926555805e-15, 2.86055774134e-15, 3.24566084729e-15, 2.85667684813e-15, 6.376028652e-15, 4.4095582322e-15, 4.78659716098e-15, 2.70909406257e-15, 4.84034775423e-15, 4.3915697935e-15, 6.26803195122e-15, 1.40694840693e-14, 4.84800959075e-15, 8.95843051433e-15, 5.79598176027e-15, 3.59834122609e-15, 4.92439883358e-15, 6.13314407195e-15, 5.79347666032e-15, 6.92289641615e-15, 5.78481574844e-15, 1.44481899589e-14, 8.19042235293e-15, 4.46878743455e-15, 9.2886124275e-15, 1.0857913757e-14, 1.17529912601e-14, 7.06034657008e-15, 6.84225930309e-15, 1.3005674215e-14, 5.65014682719e-15, 5.23828891505e-15, 6.54229994899e-15, 8.12657300936e-15, 1.04071541627e-14, 7.48562233114e-15, 4.74418368021e-15, 6.79000329947e-15, 6.73478733922e-15, 4.90781519903e-15, 8.20931203468e-15, 5.96111888015e-15, 6.42719960641e-15, 7.3200722827e-15, 1.12198848167e-14, 9.4032168323e-15, 9.05669904171e-15, 8.17983867625e-15, 7.76957064495e-15, 4.57869250056e-15, 5.27069258396e-15, 3.78793811638e-15, 2.81255532542e-15, 9.48842919382e-15, 7.82780246601e-15, 4.75183535234e-15, 7.22512327744e-15, 7.62379881583e-15, 5.28366785816e-15, 5.81574812112e-15, 7.69503513372e-15, 5.14963971734e-15, 1.30292259661e-15, 3.15957000672e-16, 2.15100377361e-17],
        "stdev": [1.33675839606e-05, 1.2032433915e-05, 2.77267045021e-05, 8.59395950101e-05, 0.000627214612905, 0.000859742285684, 0.000541480665561, 0.00050791160902, 0.000723770470358, 0.001548933913, 0.00210790126584, 0.0023391272407, 0.00255103758536, 0.00478902505711, 0.00216447329149, 0.00129312649369, 0.00109629135113, 0.00118392822333, 0.00192250288092, 0.0020480719395, 0.00131818128284, 0.000658731907606, 0.00092461600434, 0.00143918592948, 0.000525231123902, 0.000404565827921, 0.00085075176321, 0.000496336317156, 0.000595674209762, 0.000665567582473, 0.000512206403073, 0.000479729555082, 0.000427594874054, 0.000167843536474, 0.000224831906962, 5.30878169229e-05, 4.56296729681e-05, 9.10031449166e-05, 0.000565658672713, 0.000382530328352, 9.2117501481e-05, 0.00054222199833, 0.000156916299602, 2.4351887987e-05, 7.48433958506e-05, 1.7728722014e-05, 1.10958717414e-05, 2.03754425456e-05, 9.08298170543e-06, 1.05815088318e-05, 1.00216038845e-05, 1.28400006361e-05, 1.62781780091e-05, 7.64356991567e-06, 3.38906215802e-06, 7.88941451901e-06, 1.00663437479e-05, 7.34676814318e-06, 3.55937299901e-06, 5.20925823366e-06, 5.8838672885e-06, 2.93131256512e-06, 2.15233399103e-06, 1.46948957536e-06, 2.48834589911e-06, 1.41411851473e-06, 1.92304696611e-06, 2.71551630249e-06, 1.90091930108e-06, 1.97160079551e-06, 3.14659496325e-06, 2.29495617532e-06, 1.52145673837e-06, 1.02881915609e-06, 6.1208356783e-07, 3.47927169742e-07, 1.96939495822e-07, 1.34208221425e-07, 1.19437345347e-07, 5.81986441262e-08, 3.43991359841e-08, 2.08333954532e-08, 1.51428807271e-08, 7.71728281279e-09, 4.81782924666e-09, 3.89078946839e-09, 5.25355847714e-09, 5.35585487071e-09, 4.90722262825e-09, 4.81140682851e-09, 4.28613633474e-09, 6.0632849852e-09, 6.39934860658e-09, 7.95386956298e-09, 5.31102140044e-09, 4.08494793547e-09, 2.15959072847e-09, 1.25843768739e-09, 7.71437580482e-10, 6.011527387e-10, 4.45931097603e-10, 2.77035200336e-10, 1.72342404237e-10, 1.43870346192e-10, 1.46001502555e-10, 1.29863453324e-10, 1.29050686803e-10, 1.30609231763e-10, 1.39038891511e-10, 9.15526474077e-11, 5.2538352141e-11, 4.97277531653e-11, 4.79444782486e-11, 4.63445809507e-11, 4.47365165746e-11, 4.34546391925e-11, 4.20973048088e-11, 4.08094773252e-11, 3.95934465769e-11, 3.85329962382e-11, 3.76578733474e-11, 3.68384385496e-11, 3.59821547558e-11, 3.55125685803e-11, 3.51228039708e-11, 3.47140788337e-11, 3.4368178442e-11, 3.41880274091e-11]
    },
    "mfcc": {
        "mean": [-812.610656738, 222.322494507, -38.0983543396, 11.4947500229, -4.48316383362, -11.8559808731, -8.43574333191, -6.9699344635, -11.5828208923, -0.03519064188, -8.1500415802, -8.38881969452, -10.4356374741],
        "cov": [[8431.05273438, 2277.84985352, -2053.17749023, 46.5981178284, -650.294372559, -478.454956055, -63.1125221252, -345.774230957, -410.793182373, -96.5607223511, -287.193481445, -127.695297241, -215.145492554], [2277.84985352, 1319.90222168, -503.953765869, -194.537582397, -69.489151001, -238.441070557, -145.880584717, -110.864891052, -164.755386353, -118.475891113, -104.997062683, -109.782424927, -68.4860687256], [-2053.17749023, -503.953765869, 897.66192627, 210.928039551, 148.805236816, 49.9259109497, -82.1815795898, 63.8958282471, 90.313873291, -94.6624908447, -23.1708335876, 66.4822921753, 84.3075485229], [46.5981178284, -194.537582397, 210.928039551, 479.450714111, 85.0804443359, -69.3755569458, -26.6125125885, -23.5292167664, -7.31694984436, -70.9794998169, -88.385597229, 55.5781517029, 24.5049552917], [-650.294372559, -69.489151001, 148.805236816, 85.0804443359, 240.230361938, 26.2163333893, -48.6368141174, 26.2690143585, 21.3505249023, -22.8718929291, 19.2794914246, 14.9514989853, 7.884141922], [-478.454956055, -238.441070557, 49.9259109497, -69.3755569458, 26.2163333893, 201.085510254, 130.356491089, 54.5858955383, 40.0527534485, 43.4331474304, 54.450592041, 15.1192426682, 7.37155103683], [-63.1125221252, -145.880584717, -82.1815795898, -26.6125125885, -48.6368141174, 130.356491089, 240.18119812, 67.1683502197, 9.2725315094, 64.8232040405, 14.4820871353, -22.7094364166, -15.5041952133], [-345.774230957, -110.864891052, 63.8958282471, -23.5292167664, 26.2690143585, 54.5858955383, 67.1683502197, 116.082687378, 57.6836662292, -3.6536052227, 16.4547958374, -2.44238328934, -3.42366933823], [-410.793182373, -164.755386353, 90.313873291, -7.31694984436, 21.3505249023, 40.0527534485, 9.2725315094, 57.6836662292, 105.252540588, 40.3078575134, 18.0148544312, 9.08278846741, -0.260704278946], [-96.5607223511, -118.475891113, -94.6624908447, -70.9794998169, -22.8718929291, 43.4331474304, 64.8232040405, -3.6536052227, 40.3078575134, 149.998718262, 75.164855957, -13.5314216614, -18.5104217529], [-287.193481445, -104.997062683, -23.1708335876, -88.385597229, 19.2794914246, 54.450592041, 14.4820871353, 16.4547958374, 18.0148544312, 75.164855957, 141.95552063, 56.25182724, -1.63468670845], [-127.695297241, -109.782424927, 66.4822921753, 55.5781517029, 14.9514989853, 15.1192426682, -22.7094364166, -2.44238328934, 9.08278846741, -13.5314216614, 56.25182724, 140.710861206, 54.0095748901], [-215.145492554, -68.4860687256, 84.3075485229, 24.5049552917, 7.884141922, 7.37155103683, -15.5041952133, -3.42366933823, -0.260704278946, -18.5104217529, -1.63468670845, 54.0095748901, 89.7326583862]],
        "icov": [[0.00159332226031, -0.0020513208583, 0.00274490495212, -0.00277956575155, 0.00350160640664, -0.00231090001762, 0.00228336523287, -0.00139759888407, 0.00153379992116, -0.00138765538577, 0.00200293096714, -0.0017225840129, 0.00144958018791], [-0.0020513208583, 0.00447742128745, -0.00276690814644, 0.00464467238635, -0.00509676523507, 0.00466762669384, -0.00305957277305, 0.00235732714646, -0.00119704951067, 0.00330992322415, -0.00203344365582, 0.00242194999009, -0.00135963608045], [0.00274490495212, -0.00276690814644, 0.00692585343495, -0.00521668372676, 0.00556365493685, -0.00422728946432, 0.00466448953375, -0.00235333573073, 0.00124716688879, -0.000335436721798, 0.002883563051, -0.00201605749317, 0.0011619789293], [-0.00277956575155, 0.00464467238635, -0.00521668372676, 0.00943437404931, -0.00829361751676, 0.00728068780154, -0.00625675078481, 0.00425638025627, -0.00243754382245, 0.00290844007395, 0.00021074655524, -0.000346027809428, -0.000777641544119], [0.00350160640664, -0.00509676523507, 0.00556365493685, -0.00829361751676, 0.0140531482175, -0.00840298179537, 0.00856371689588, -0.00600994657725, 0.00443231733516, -0.00377216842026, 0.00255058566108, -0.00223685614765, 0.00287665240467], [-0.00231090001762, 0.00466762669384, -0.00422728946432, 0.00728068780154, -0.00840298179537, 0.0177929643542, -0.0132451234385, 0.00763281481341, -0.00775061827153, 0.00790693238378, -0.00694217998534, 0.00279764854349, -0.00291727785952], [0.00228336523287, -0.00305957277305, 0.00466448953375, -0.00625675078481, 0.00856371689588, -0.0132451234385, 0.019104398787, -0.0149494316429, 0.0130634661764, -0.0126808695495, 0.00958648417145, -0.0039516617544, 0.00350707606412], [-0.00139759888407, 0.00235732714646, -0.00235333573073, 0.00425638025627, -0.00600994657725, 0.00763281481341, -0.0149494316429, 0.0273974109441, -0.0198863316327, 0.0169006753713, -0.011628751643, 0.00653754547238, -0.00285791559145], [0.00153379992116, -0.00119704951067, 0.00124716688879, -0.00243754382245, 0.00443231733516, -0.00775061827153, 0.0130634661764, -0.0198863316327, 0.0296011362225, -0.0183283966035, 0.0135238738731, -0.00823983922601, 0.00551445782185], [-0.00138765538577, 0.00330992322415, -0.000335436721798, 0.00290844007395, -0.00377216842026, 0.00790693238378, -0.0126808695495, 0.0169006753713, -0.0183283966035, 0.0270210076123, -0.0181403905153, 0.0108963632956, -0.00451246788725], [0.00200293096714, -0.00203344365582, 0.002883563051, 0.00021074655524, 0.00255058566108, -0.00694217998534, 0.00958648417145, -0.011628751643, 0.0135238738731, -0.0181403905153, 0.0272994693369, -0.0162277910858, 0.00860437378287], [-0.0017225840129, 0.00242194999009, -0.00201605749317, -0.000346027809428, -0.00223685614765, 0.00279764854349, -0.0039516617544, 0.00653754547238, -0.00823983922601, 0.0108963632956, -0.0162277910858, 0.020226560533, -0.0110056642443], [0.00144958018791, -0.00135963608045, 0.0011619789293, -0.000777641544119, 0.00287665240467, -0.00291727785952, 0.00350707606412, -0.00285791559145, 0.00551445782185, -0.00451246788725, 0.00860437378287, -0.0110056642443, 0.0190526880324]]
    },
    "spectral_contrast_coeffs": {
        "max": [-0.357005596161, -0.375286281109, -0.474409937859, -0.543823719025, -0.671796381474, -0.651508748531],
        "mean": [-0.618166863918, -0.698584079742, -0.704862535, -0.75136834383, -0.787862241268, -0.809275925159],
        "min": [-0.970051348209, -0.958907485008, -0.963534891605, -0.959709227085, -0.952094733715, -0.958442509174],
        "stdev": [0.109776236117, 0.0958488211036, 0.0845499113202, 0.0767629593611, 0.0485515259206, 0.0372805818915]
    },
    "spectral_contrast_valleys": {
        "max": [-5.6481347084, -4.92052030563, -5.64886522293, -6.49016237259, -7.07768630981, -10.4379644394],
        "mean": [-8.0837097168, -7.53396081924, -8.49768257141, -8.90456295013, -9.65575504303, -13.222743988],
        "min": [-27.1254692078, -27.2534179688, -26.7831993103, -27.2250347137, -27.3871059418, -27.260931015],
        "stdev": [1.11371302605, 1.25380301476, 1.25384914875, 1.16568648815, 1.05819880962, 0.574360489845]
    }
},
"rhythm": {
    "beats_count": 43,
    "beats_loudness": {
        "max": 0.101495139301,
        "mean": 0.0232658255845,
        "min": 7.44991348256e-06,
        "stdev": 0.0204691756517
    },
    "bpm": 90.1338653564,
    "bpm_histogram_first_peak_bpm": 91,
    "bpm_histogram_first_peak_weight": 0.428571462631,
    "bpm_histogram_second_peak_bpm": 86,
    "bpm_histogram_second_peak_spread": 0,
    "bpm_histogram_second_peak_weight": 0.190476194024,
    "danceability": 1.14451503754,
    "onset_rate": 2.86075353622,
    "beats_loudness_band_ratio": {
        "max": [0.904393672943, 0.970610976219, 0.66388875246, 0.888024926186, 0.201339125633, 0.0187183637172],
        "mean": [0.147544458508, 0.357232004404, 0.272069633007, 0.236666738987, 0.0273585617542, 0.00269124214537],
        "min": [0.0017988999607, 0.0110437879339, 0.0127653395757, 0.00196968088858, 0.000244475144427, 1.8421205823e-05],
        "stdev": [0.220043167472, 0.285355836153, 0.179072201252, 0.26835924387, 0.0406682156026, 0.0045403954573]
    },
    "beats_position": [0.626938760281, 1.27709746361, 1.91564619541, 2.55419492722, 3.20435357094, 3.85451245308, 4.5046710968, 5.16644001007, 5.81659841537, 6.5015873909, 7.16335582733, 7.8251247406, 8.48689365387, 9.17188167572, 9.84526062012, 10.4954195023, 11.1339683533, 11.7957363129, 12.4691152573, 13.1308841705, 13.7926530838, 14.4544210434, 15.1277999878, 15.8011789322, 16.4861679077, 17.1827659607, 17.8793640137, 18.575963974, 19.272562027, 19.96916008, 20.6657600403, 21.3739681244, 22.0821762085, 22.7555541992, 23.3941040039, 24.0442619324, 24.6944217682, 25.286529541, 25.8786392212, 26.470746994, 27.0744667053, 27.6897945404, 28.3051242828],
