{
"metadata": {
    "version": {
        "essentia": "2.1-beta5",
        "essentia_git_sha": "Undefined",
        "extractor": "music 2.0"
    },
    "audio_properties": {
        "analysis": {
            "equal_loudness": 0,
            "length": 20.7934684753,
            "sample_rate": 44100,
            "start_time": 223.991287231,
            "downmix": "mix"
        },
        "bit_rate": 192000,
        "length": 244.807998657,
        "lossless": 0,
        "number_channels": 2,
        "replay_gain": -9.07265663147,
        "sample_rate": 48000,
        "codec": "mp3",
        "md5_encoded": "312a27f48f67745fa67a2900035253ec"
    },
    "tags": {
        "file_name": "Ireland_It_s Nice To Be In Love Again_The Swarbriggs Plus Two.mp3",
        "encoding": ["Lavf58.29.100"]
    }
},
"lowlevel": {
    "average_loudness": 0.457134276628,
    "barkbands_crest": {
        "max": 26.9000282288,
        "mean": 10.0767307281,
        "min": 3.0975792408,
        "stdev": 4.26126098633
    },
    "barkbands_flatness_db": {
        "max": 0.576892912388,
        "mean": 0.215406492352,
        "min": 0.0636941194534,
        "stdev": 0.0858467593789
    },
    "barkbands_kurtosis": {
        "max": 4501.12353516,
        "mean": 16.4092979431,
        "min": -1.69951033592,
        "stdev": 173.77204895
    },
    "barkbands_skewness": {
        "max": 65.5338973999,
        "mean": 1.79580688477,
        "min": -3.53936553001,
        "stdev": 3.42852473259
    },
    "barkbands_spread": {
        "max": 89.8997039795,
        "mean": 13.1668891907,
        "min": 0.123381242156,
        "stdev": 8.9319896698
    },
    "dissonance": {
        "max": 0.499999910593,
        "mean": 0.460618913174,
        "min": 0.232891082764,
        "stdev": 0.03917549178
    },
    "dynamic_complexity": 10.1799345016,
    "erbbands_crest": {
        "max": 29.0027656555,
        "mean": 9.18435287476,
        "min": 2.77899336815,
        "stdev": 4.15535831451
    },
    "erbbands_flatness_db": {
        "max": 0.40292519331,
        "mean": 0.251405507326,
        "min": 0.0447984784842,
        "stdev": 0.0733412802219
    },
    "erbbands_kurtosis": {
        "max": 35.3853149414,
        "mean": 0.684310674667,
        "min": -1.86401772499,
        "stdev": 3.27313542366
    },
    "erbbands_skewness": {
        "max": 5.23151063919,
        "mean": 0.390739411116,
        "min": -4.62125492096,
        "stdev": 0.980112433434
    },
    "erbbands_spread": {
        "max": 155.586975098,
        "mean": 27.5153007507,
        "min": 3.02718806267,
        "stdev": 13.831363678
    },
    "hfc": {
        "max": 98.9814529419,
        "mean": 6.02930116653,
        "min": 1.11133581416e-16,
        "stdev": 13.5714235306
    },
    "loudness_ebu128": {
        "integrated": -17.8672542572,
        "loudness_range": 7.23952865601,
        "momentary": {
            "max": -10.9184455872,
            "mean": -28.2475280762,
            "min": -300.691009521,
            "stdev": 33.6628646851
        },
        "short_term": {
            "max": -14.7831964493,
            "mean": -19.2909297943,
            "min": -26.3632850647,
            "stdev": 2.46564698219
        }
    },
    "melbands_crest": {
        "max": 39.9778938293,
        "mean": 11.9289855957,
        "min": 1.66766452789,
        "stdev": 5.49132394791
    },
    "melbands_flatness_db": {
        "max": 0.567485392094,
        "mean": 0.260787010193,
        "min": 0.0037355076056,
        "stdev": 0.102976202965
    },
    "melbands_kurtosis": {
        "max": 7925.68847656,
        "mean": 29.6175041199,
        "min": -1.72447860241,
        "stdev": 306.477325439
    },
    "melbands_skewness": {
        "max": 84.1489639282,
        "mean": 2.55812621117,
        "min": -1.77957653999,
        "stdev": 4.2675447464
    },
    "melbands_spread": {
        "max": 151.529525757,
        "mean": 20.093421936,
        "min": 0.109360992908,
        "stdev": 24.7277698517
    },
    "pitch_salience": {
        "max": 0.933045983315,
        "mean": 0.714276611805,
        "min": 0.00271374266595,
        "stdev": 0.118499785662
    },
    "silence_rate_20dB": {
        "max": 1,
        "mean": 1,
        "min": 1,
        "stdev": 0
    },
    "silence_rate_30dB": {
        "max": 1,
        "mean": 0.987736880779,
        "min": 0,
        "stdev": 0.110058605671
    },
    "silence_rate_60dB": {
        "max": 1,
        "mean": 0.594202876091,
        "min": 0,
        "stdev": 0.491046309471
    },
    "spectral_centroid": {
        "max": 11661.0986328,
        "mean": 1226.92492676,
        "min": 250.494873047,
        "stdev": 1868.59838867
    },
    "spectral_complexity": {
        "max": 37,
        "mean": 5.97212934494,
        "min": 0,
        "stdev": 7.38013744354
    },
    "spectral_decrease": {
        "max": 1.76982104459e-28,
        "mean": -2.75975309272e-09,
        "min": -3.93576620183e-08,
        "stdev": 5.68088065478e-09
    },
    "spectral_energy": {
        "max": 0.156395033002,
        "mean": 0.0109628112987,
        "min": 1.01774751605e-20,
        "stdev": 0.0226142462343
    },
    "spectral_energyband_high": {
        "max": 8.89652365004e-05,
        "mean": 2.22222047341e-06,
        "min": 7.20605903106e-21,
        "stdev": 7.43431473893e-06
    },
    "spectral_energyband_low": {
        "max": 0.00733286142349,
        "mean": 0.000307604728732,
        "min": 1.49048830937e-23,
        "stdev": 0.000585069821682
    },
    "spectral_energyband_middle_high": {
        "max": 0.0395363345742,
        "mean": 0.00193908985239,
        "min": 1.15080351616e-21,
        "stdev": 0.00522466748953
    },
    "spectral_energyband_middle_low": {
        "max": 0.129206970334,
        "mean": 0.00891624577343,
        "min": 1.62312410031e-22,
        "stdev": 0.0186117067933
    },
    "spectral_entropy": {
        "max": 9.8167848587,
        "mean": 7.07092285156,
        "min": 5.07504749298,
        "stdev": 0.802760899067
    },
    "spectral_flux": {
        "max": 0.278110325336,
        "mean": 0.0410450324416,
        "min": 6.26225113431e-11,
        "stdev": 0.0467390492558
    },
    "spectral_kurtosis": {
        "max": 100.023040771,
        "mean": 16.9425411224,
        "min": -1.24840211868,
        "stdev": 18.292755127
    },
    "spectral_rms": {
        "max": 0.0123523483053,
        "mean": 0.00212002033368,
        "min": 3.15107033348e-12,
        "stdev": 0.00249016983435
    },
    "spectral_rolloff": {
        "max": 19336.8164062,
        "mean": 1631.09899902,
        "min": 21.533203125,
        "stdev": 3243.59643555
    },
    "spectral_skewness": {
        "max": 8.11685752869,
        "mean": 2.46154999733,
        "min": -0.077217169106,
        "stdev": 1.38916277885
    },
    "spectral_spread": {
        "max": 42820772,
        "mean": 3687658.25,
        "min": 691541,
        "stdev": 6848324
    },
    "spectral_strongpeak": {
        "max": 6.14369726181,
        "mean": 0.523884534836,
        "min": 0,
        "stdev": 0.876296758652
    },
    "zerocrossingrate": {
        "max": 0.5908203125,
        "mean": 0.0547413900495,
        "min": 0,
        "stdev": 0.0862515494227
    },
    "barkbands": {
        "max": [0.000312078831485, 0.00145556393545, 0.00332457246259, 0.00833641178906, 0.103460267186, 0.0616764947772, 0.0753152370453, 0.0419502817094, 0.0376176461577, 0.0360575057566, 0.015437874943, 0.0105885844678, 0.0173442456871, 0.0240308381617, 0.0100150667131, 0.00578175485134, 0.00226416601799, 0.0017147253966, 0.00110215693712, 7.48622551328e-05, 4.68954676762e-05, 9.98450377665e-06, 8.78940863913e-06, 1.3552737073e-05, 1.37193137562e-06, 1.32740547087e-06, 1.41422799516e-06],
        "mean": [9.72739871941e-06, 6.07706861047e-05, 9.79649412329e-05, 0.000363059458323, 0.00226593064144, 0.00266680051573, 0.00228080851957, 0.000538677966688, 0.000654368312098, 0.000637518242002, 0.000336224096827, 0.000152861626702, 0.000165384233696, 0.000284872221528, 0.000174473054358, 0.00016463069187, 6.42129161861e-05, 2.31574304053e-05, 1.88258854905e-05, 8.0724282725e-07, 8.05568163287e-07, 3.23300724858e-07, 2.81426224547e-07, 3.09097856643e-07, 3.27408713474e-08, 1.81741532934e-09, 1.9243695526e-09],
        "min": [9.25018987715e-25, 5.46366877336e-24, 1.95795079461e-24, 2.30562131984e-24, 1.71406190287e-23, 1.16991906108e-23, 7.91719106053e-24, 8.97904990378e-24, 2.45116217311e-23, 1.66329617926e-23, 1.30125990529e-23, 4.12641022618e-23, 3.75707722549e-23, 4.34208953083e-23, 4.80008891954e-23, 7.95200633217e-23, 6.03796913647e-23, 1.14383733163e-22, 1.30444928571e-22, 1.71853815208e-22, 2.51412469605e-22, 2.78661896217e-22, 3.75139812117e-22, 6.14607816901e-22, 9.92242322745e-22, 1.32727732997e-21, 2.03506504358e-21],
        "stdev": [2.89514919132e-05, 0.000165324599948, 0.00027980239247, 0.000848658382893, 0.00670877285302, 0.0057740365155, 0.00732203805819, 0.00238524610177, 0.00312811275944, 0.00287439790554, 0.00130498409271, 0.000687279331032, 0.000931116635911, 0.00151276972611, 0.000675008865073, 0.000541101268027, 0.000196636217879, 9.9849079561e-05, 6.7148153903e-05, 3.88221496905e-06, 3.62655941899e-06, 6.36239747109e-07, 5.95754045207e-07, 1.03567401766e-06, 7.00209881188e-08, 4.42967156289e-08, 4.71946215441e-08]
    },
    "erbbands": {
        "max": [0.0310995392501, 0.40375071764, 2.36224889755, 18.0856304169, 62.6662979126, 484.725646973, 943.978027344, 418.407104492, 1158.68688965, 1090.65844727, 294.457855225, 581.970947266, 1103.65136719, 1138.71435547, 627.681335449, 395.919769287, 832.128173828, 804.612487793, 715.270019531, 389.879638672, 335.413299561, 100.0154953, 104.961837769, 97.41456604, 18.3955612183, 3.55472159386, 2.2864382267, 1.18596959114, 0.297678291798, 0.345568954945, 0.346956849098, 0.426472425461, 0.131191670895, 0.0171111878008, 0.00958794448525, 0.00528710661456, 0.00245677889325, 0.000875996774994, 0.000200575188501, 0.000177330701263],
        "mean": [0.00103373697493, 0.0171553045511, 0.0973040610552, 0.704331755638, 2.99264883995, 9.36560249329, 14.4400978088, 23.696187973, 32.975276947, 26.3130950928, 8.97494792938, 12.1058654785, 19.1236000061, 21.3746128082, 11.9226903915, 6.06211042404, 7.9055147171, 12.292142868, 11.7318172455, 9.41138648987, 8.5206823349, 3.45123767853, 1.42393124104, 1.27346134186, 0.41289627552, 0.048279710114, 0.0395365990698, 0.0240016561002, 0.0120541527867, 0.00891171395779, 0.00816458184272, 0.00853187404573, 0.00368220102973, 0.0008102930733, 4.99089546793e-05, 1.42809685713e-05, 7.07387152943e-06, 2.05550236387e-06, 5.64726178709e-06, 1.24919079099e-05],
        "min": [1.99891370662e-22, 1.06282752657e-21, 3.16046365401e-21, 1.06944573888e-20, 3.11550372199e-20, 3.48684513225e-20, 1.01518099433e-19, 1.06872549398e-19, 1.45699011484e-19, 2.7009191834e-19, 3.98960634867e-19, 6.5581872323e-19, 7.27311271489e-19, 1.29947313517e-18, 9.27453617756e-19, 1.45583581014e-18, 2.16647287824e-18, 1.68531814934e-18, 3.19881703017e-18, 3.74869113263e-18, 4.87468329684e-18, 4.3680248319e-18, 5.06775800516e-18, 6.42099240008e-18, 8.37832961763e-18, 9.42500177855e-18, 8.03851058711e-18, 1.01427075186e-17, 1.06402814724e-17, 1.15603776288e-17, 1.24337480068e-17, 9.87427334773e-18, 1.05756794938e-17, 8.1618746493e-18, 7.34996379086e-18, 4.54826004275e-18, 2.24231375988e-18, 9.02768687121e-19, 2.85521680197e-19, 2.99560130727e-20],
        "stdev": [0.00252324319445, 0.0451866909862, 0.228741541505, 1.44256305695, 7.23705339432, 30.6358528137, 49.4027900696, 54.6218948364, 98.4944610596, 101.788482666, 29.119934082, 48.8414344788, 90.9455108643, 88.2236404419, 47.7285118103, 25.6901473999, 44.0600547791, 58.5857276917, 53.8732872009, 30.6248683929, 30.4680023193, 9.98228645325, 5.3459148407, 5.10628271103, 1.26253974438, 0.180237233639, 0.17719835043, 0.0970819145441, 0.02324757725, 0.0183181725442, 0.0193819645792, 0.0312305092812, 0.00945805758238, 0.00130731484387, 0.000322556355968, 0.000176796515007, 8.22991787572e-05, 2.92871682177e-05, 1.29617410494e-05, 2.57692081505e-05]
    },
    "gfcc": {
        "mean": [-260.123840332, 164.154907227, -147.260696411, 18.4668941498, -56.4209709167, -5.75328350067, -51.1713867188, -15.6930685043, -1.8415671587, -28.6578350067, 7.82075166702, -13.4126424789, 4.44913005829],
        "cov": [[49095.1328125, 10083.7314453, -6137.74853516, -1200.84924316, -1627.76269531, -1962.49682617, -2413.1472168, -1328.69555664, 92.1552276611, -1780.8013916, 258.939025879, -651.95135498, 185.628311157], [10083.7314453, 2587.74584961, -977.439819336, -683.188903809, -206.029296875, -618.569885254, -479.147064209, -386.051940918, 51.6985588074, -473.076141357, 17.907579422, -110.837051392, 45.4169006348], [-6137.74853516, -977.439819336, 1291.37109375, -86.2678756714, 249.123931885, 15.9407653809, 292.889648438, 13.8807592392, -56.634552002, 138.39163208, -116.46471405, 116.310012817, 23.3662414551], [-1200.84924316, -683.188903809, -86.2678756714, 923.15826416, -184.54737854, 351.46987915, -103.820884705, 68.4431838989, -87.8458175659, 53.4433860779, 18.8724250793, -85.3810577393, -6.64842557907], [-1627.76269531, -206.029296875, 249.123931885, -184.54737854, 444.319641113, -152.090408325, 9.39414787292, -6.2121462822, 45.276309967, 31.5714168549, -14.1473875046, 66.0006103516, -32.2714538574], [-1962.49682617, -618.569885254, 15.9407653809, 351.46987915, -152.090408325, 500.829193115, 158.210906982, 129.518280029, -16.3089370728, 168.141082764, 20.2590732574, -25.9943656921, -19.7410850525], [-2413.1472168, -479.147064209, 292.889648438, -103.820884705, 9.39414787292, 158.210906982, 348.74017334, 192.983856201, 0.367381155491, 115.21333313, 2.79913067818, 54.3734741211, -26.6147403717], [-1328.69555664, -386.051940918, 13.8807592392, 68.4431838989, -6.2121462822, 129.518280029, 192.983856201, 248.930679321, 29.6750030518, 75.5134124756, 19.2879142761, 31.5632133484, -32.4844360352], [92.1552276611, 51.6985588074, -56.634552002, -87.8458175659, 45.276309967, -16.3089370728, 0.367381155491, 29.6750030518, 94.1771850586, 47.7311477661, 1.1631526947, 1.04312038422, -0.177325993776], [-1780.8013916, -473.076141357, 138.39163208, 53.4433860779, 31.5714168549, 168.141082764, 115.21333313, 75.5134124756, 47.7311477661, 209.997055054, 27.1365814209, 5.8554186821, -20.2770652771], [258.939025879, 17.907579422, -116.46471405, 18.8724250793, -14.1473875046, 20.2590732574, 2.79913067818, 19.2879142761, 1.1631526947, 27.1365814209, 66.7510528564, 4.6037569046, -20.3030643463], [-651.95135498, -110.837051392, 116.310012817, -85.3810577393, 66.0006103516, -25.9943656921, 54.3734741211, 31.5632133484, 1.04312038422, 5.8554186821, 4.6037569046, 81.1068649292, 19.8860416412], [185.628311157, 45.4169006348, 23.3662414551, -6.64842557907, -32.2714538574, -19.7410850525, -26.6147403717, -32.4844360352, -0.177325993776, -20.2770652771, -20.3030643463, 19.8860416412, 63.0149803162]],
        "icov": [[0.00054279359756, -0.001967667602, 0.0015485099284, -0.000712803099304, 0.000474961911095, 0.00090938952053, 0.000103525366285, -0.000127731938846, 0.00185059150681, -0.00212438520975, 0.00215844903141, -0.00144070025999, 0.000147528291564], [-0.001967667602, 0.0100282132626, -0.00482908310369, 0.00460324250162, -0.000402072852012, -0.00296042626724, 0.000246800744208, 0.00242477143183, -0.00960709992796, 0.0125729106367, -0.0104062771425, 0.0079228496179, -0.000768557889387], [0.0015485099284, -0.00482908310369, 0.00709880935028, -0.00246645673178, 0.00111015571747, 0.00394893437624, -0.00256401509978, 0.0025960591156, 0.00596698513255, -0.00705656176433, 0.0103113166988, -0.00628979410976, 0.00114067853428], [-0.000712803099304, 0.00460324250162, -0.00246645673178, 0.00574212148786, 0.000253214122495, -0.00338906934485, 0.00491560576484, -0.00254488526843, -0.000931355694775, 0.00600903388113, -0.00636625103652, 0.00702491216362, -0.00220243306831], [0.000474961911095, -0.000402072852012, 0.00111015571747, 0.000253214122495, 0.00525272963569, 0.00204667588696, 0.00144083355553, 0.00112400646321, -0.00150878727436, -0.000657826196402, 0.00233263266273, -0.00435426365584, 0.00493465363979], [0.00090938952053, -0.00296042626724, 0.00394893437624, -0.00338906934485, 0.00204667588696, 0.00750190578401, -0.00362481828779, 0.00184563640505, 0.00320716830902, -0.00699442764744, 0.00638085464016, -0.003771151416, 0.00145605811849], [0.000103525366285, 0.000246800744208, -0.00256401509978, 0.00491560576484, 0.00144083355553, -0.00362481828779, 0.0147552182898, -0.010228343308, 0.0050358325243, -0.000739217619412, -0.00254137720913, 0.0019339058781, -0.000104754435597], [-0.000127731938846, 0.00242477143183, 0.0025960591156, -0.00254488526843, 0.00112400646321, 0.00184563640505, -0.010228343308, 0.0158172044903, -0.00928779039532, 0.0042626131326, 0.00120706192683, -0.00542291300371, 0.00583092356101], [0.00185059150681, -0.00960709992796, 0.00596698513255, -0.000931355694775, -0.00150878727436, 0.00320716830902, 0.0050358325243, -0.00928779039532, 0.0313043557107, -0.0206255912781, 0.0141599327326, -0.00403812527657, -0.0039793336764], [-0.00212438520975, 0.0125729106367, -0.00705656176433, 0.00600903388113, -0.000657826196402, -0.00699442764744, -0.000739217619412, 0.0042626131326, -0.0206255912781, 0.0296793058515, -0.0215805619955, 0.0134983099997, -0.00191669422202], [0.00215844903141, -0.0104062771425, 0.0103113166988, -0.00636625103652, 0.00233263266273, 0.00638085464016, -0.00254137720913, 0.00120706192683, 0.0141599327326, -0.0215805619955, 0.041250564158, -0.0209836401045, 0.0123973572627], [-0.00144070025999, 0.0079228496179, -0.00628979410976, 0.00702491216362, -0.00435426365584, -0.003771151416, 0.0019339058781, -0.00542291300371, -0.00403812527657, 0.0134983099997, -0.0209836401045, 0.035692371428, -0.0174752119929], [0.000147528291564, -0.000768557889387, 0.00114067853428, -0.00220243306831, 0.00493465363979, 0.00145605811849, -0.000104754435597, 0.00583092356101, -0.0039793336764, -0.00191669422202, 0.0123973572627, -0.0174752119929, 0.0301593281329]]
    },
    "melbands": {
        "max": [0.000318489328492, 0.00102592119947, 0.003536114702, 0.0170525275171, 0.0293875001371, 0.00819953344762, 0.0170811284333, 0.0121925342828, 0.00198750407435, 0.00501701189205, 0.00590038439259, 0.0048663909547, 0.00246674148366, 0.00093599880347, 0.00127745419741, 0.00165307451971, 0.00170203007292, 0.0016859107418, 0.000789205136243, 0.000372941052774, 0.000415802729549, 0.000139507494168, 6.50291112834e-05, 9.88294705166e-05, 8.52892189869e-05, 2.76294649666e-05, 1.87825037301e-06, 2.57642477663e-06, 1.48847777837e-06, 1.99215014618e-06, 3.87472738339e-07, 1.49353994061e-07, 2.69523866336e-07, 1.51604055532e-07, 1.54318016143e-07, 2.29808748031e-07, 3.65814287306e-07, 1.24533940493e-07, 3.82235540997e-08, 1.28538104605e-08],
        "mean": [1.37708493639e-05, 4.62911739305e-05, 0.000176545305294, 0.000445395213319, 0.000495604705065, 0.000532343459781, 0.000506342737935, 0.000249552831519, 6.44338142592e-05, 8.62163506099e-05, 9.57814991125e-05, 8.81101150298e-05, 4.65837474621e-05, 1.73503212864e-05, 1.58028487931e-05, 1.69966424437e-05, 2.47288426181e-05, 2.09836471186e-05, 1.30045073092e-05, 1.16337050713e-05, 9.59730186878e-06, 3.98117072109e-06, 1.47587229549e-06, 1.08617712158e-06, 1.06485276774e-06, 5.94890423145e-07, 2.85601835515e-08, 2.49861251689e-08, 2.49052831691e-08, 2.36802204512e-08, 9.82485826029e-09, 6.75832678709e-09, 5.9678009201e-09, 4.51834880622e-09, 4.44443193359e-09, 5.02236296995e-09, 5.36450395217e-09, 2.74835376679e-09, 1.43356793103e-09, 3.81579712272e-10],
        "min": [1.61909943847e-24, 1.81745663954e-24, 3.31879620397e-24, 3.63774962846e-24, 3.28786851775e-24, 2.59741840489e-24, 2.38471231699e-24, 2.9333861786e-24, 3.50942010298e-24, 3.84532378174e-24, 3.38762392352e-24, 5.41706208222e-24, 2.10027924849e-24, 4.13570742526e-24, 2.82528482167e-24, 4.08326079684e-24, 2.74943347905e-24, 4.8309080585e-24, 4.23599018455e-24, 4.50596441872e-24, 4.99327219887e-24, 3.52019357637e-24, 2.81730805741e-24, 4.9798591969e-24, 4.26170192246e-24, 5.97087438655e-24, 4.69682773702e-24, 5.83020668209e-24, 4.87787959781e-24, 4.18862776466e-24, 5.99016558556e-24, 5.66889212115e-24, 5.39614109658e-24, 4.86266602082e-24, 6.18962393785e-24, 5.35993671977e-24, 6.29855616253e-24, 6.51664543725e-24, 7.33992473819e-24, 6.64024376945e-24],
        "stdev": [3.55157571903e-05, 9.75803704932e-05, 0.000361266371328, 0.00125944160391, 0.00160855532158, 0.00116380688269, 0.00151501607616, 0.000983762205578, 0.00020745243819, 0.000389384978916, 0.000467771023978, 0.00037058579619, 0.000193595144083, 6.78029973642e-05, 8.73367389431e-05, 9.08985166461e-05, 0.000126598068164, 0.000108421743789, 4.79940499645e-05, 3.55789306923e-05, 3.72753675038e-05, 1.2138609236e-05, 4.38660299551e-06, 5.45314151168e-06, 4.39622999693e-06, 1.9100591544e-06, 9.79506467047e-08, 1.26208988149e-07, 1.13263084245e-07, 1.27812214146e-07, 3.06517620174e-08, 1.34502293747e-08, 1.20835004225e-08, 9.65124691277e-09, 9.7900185736e-09, 1.34030502252e-08, 2.33663879357e-08, 7.3068906481e-09, 2.66512589775e-09, 6.5372490754e-10]
    },
    "melbands128": {
        "max": [0.000123736303067, 0.000283119268715, 0.000513562641572, 0.000853990321048, 0.000859091989696, 0.00209916569293, 0.00365652283654, 0.00427117757499, 0.00844178628176, 0.0165060404688, 0.0364910289645, 0.0492351353168, 0.0478757321835, 0.0180825907737, 0.0115112736821, 0.0151103651151, 0.0149191161618, 0.032104101032, 0.031916949898, 0.0182734839618, 0.0151428980753, 0.00300200562924, 0.00233243196271, 0.00295434473082, 0.00233843526803, 0.0103883650154, 0.0146305914968, 0.0062042940408, 0.0114691490307, 0.00878664292395, 0.00496437912807, 0.00237341877073, 0.00453910790384, 0.00128674844746, 0.00231178128161, 0.000633233285043, 0.00118195672985, 0.00245647784323, 0.00237646396272, 0.00373892020434, 0.00110412295908, 0.00113055610564, 0.00293901911937, 0.00328505085781, 0.00430666655302, 0.00163891282864, 0.00116560119204, 0.000949273700826, 0.00060131092323, 0.000766504206695, 0.000357749668183, 0.000463928794488, 0.000841305300128, 0.000559705193155, 0.000368496985175, 9.74442373263e-05, 0.000109491178591, 5.84663321206e-05, 0.000101444093161, 0.000146387028508, 0.000155841611559, 0.00010981134983, 8.33367885207e-05, 8.28080737847e-05, 8.49538701004e-05, 1.87892164831e-05, 2.70663326774e-06, 1.94999392988e-06, 1.42305998452e-06, 3.77377682526e-06, 1.41034490753e-06, 3.73161128664e-06, 2.17244087253e-06, 2.48826518146e-06, 1.36488893077e-06, 3.31979435941e-06, 2.83877011498e-06, 9.37289939884e-07, 2.96549075074e-07, 4.35792657072e-07, 2.16631036665e-07, 1.88407625501e-07, 1.17658380816e-07, 3.55303484412e-07, 3.59124982197e-07, 1.94890546368e-07, 1.9266082063e-07, 1.29400490323e-07, 1.124000093e-07, 4.20900818199e-07, 3.73545447019e-07, 1.15493918429e-07, 4.94070945933e-07, 7.24457322576e-07, 4.9862353535e-07, 1.84446008689e-07, 1.42476082488e-07, 1.11184128571e-07, 5.14845801547e-08, 4.23337418454e-08, 1.36534614725e-08, 1.25634134207e-08, 1.19323377845e-08, 1.13501572585e-08, 1.08284776701e-08, 1.03379216299e-08, 9.8931618453e-09, 9.50264578137e-09, 9.09408903738e-09, 8.74351169244e-09, 8.42439540349e-09, 8.12244937975e-09, 7.78610775853e-09, 7.47876516272e-09, 7.26147675323e-09, 7.03418434611e-09, 6.82068135305e-09, 6.59639542988e-09, 6.42059028166e-09, 6.27059204561e-09, 6.10451067473e-09, 5.98671912044e-09, 5.86450266127e-09, 5.7613291915e-09, 5.67953284403e-09, 5.60546320472e-09, 5.55887957887e-09, 5.52924106501e-09],
        "mean": [5.09457140652e-06, 5.5292871366e-06, 1.64269677043e-05, 3.11227413476e-05, 3.65620253433e-05, 5.39242028026e-05, 0.000121972669149, 0.000203355099075, 0.000255681428825, 0.000476344575873, 0.000569836876821, 0.000473320222227, 0.000500533846207, 0.000486254866701, 0.0005064230063, 0.000601913314313, 0.00052074569976, 0.000530564866494, 0.000437854847405, 0.00029928778531, 0.000160543466336, 6.25428365311e-05, 5.15063802595e-05, 6.53296010569e-05, 5.56044724362e-05, 0.000100917408417, 0.000146849575685, 7.74608706706e-05, 7.06533755874e-05, 0.000106483217678, 8.96614583326e-05, 5.7504963479e-05, 5.72655480937e-05, 2.58666823356e-05, 2.03294075618e-05, 1.43384668263e-05, 1.36186981763e-05, 1.62253818417e-05, 1.53484616021e-05, 1.9906061425e-05, 1.630978295e-05, 1.4909976926e-05, 2.16545067815e-05, 3.30894872604e-05, 2.96157468256e-05, 1.66472418641e-05, 1.39986796057e-05, 1.21752436826e-05, 1.28416913867e-05, 1.37209608511e-05, 1.06538172986e-05, 1.03218571894e-05, 1.18360903798e-05, 8.68943607202e-06, 6.32000183032e-06, 3.47878835782e-06, 2.06700974559e-06, 1.56119210715e-06, 1.33638559419e-06, 1.1307722616e-06, 1.17685226542e-06, 9.5980453807e-07, 7.97404652531e-07, 1.16787691695e-06, 1.40808424476e-06, 6.34094647012e-07, 8.17574630219e-08, 2.63428159286e-08, 2.17262083879e-08, 2.56779060237e-08, 2.11458921484e-08, 2.76317404513e-08, 2.86450436704e-08, 2.54075196437e-08, 1.77829804215e-08, 2.82265055773e-08, 2.62244519433e-08, 1.22192362895e-08, 7.07624536744e-09, 7.53538831333e-09, 7.05315228444e-09, 6.43696340674e-09, 5.94464699688e-09, 6.80708689416e-09, 4.99880714599e-09, 4.43779324399e-09, 4.54560167285e-09, 4.1795376049e-09, 4.12300149577e-09, 4.7963397698e-09, 5.3695234925e-09, 4.40121006307e-09, 5.67047253597e-09, 6.4977498937e-09, 4.63067229006e-09, 2.70649969103e-09, 2.57438070861e-09, 2.44055176069e-09, 1.31318855789e-09, 1.02004238389e-09, 8.59489313054e-10, 1.31238450662e-10, 5.46174945548e-11, 1.76110428324e-11, 1.46545293261e-11, 1.40774761639e-11, 1.35196428705e-11, 1.2973258752e-11, 1.24323251346e-11, 1.19568946758e-11, 1.15194928249e-11, 1.11121173027e-11, 1.06703430813e-11, 1.02661689913e-11, 9.96362974764e-12, 9.65755253546e-12, 9.30204871463e-12, 8.97076857242e-12, 8.76128510019e-12, 8.56402188748e-12, 8.3396935191e-12, 8.16760895028e-12, 7.99213820124e-12, 7.82645302733e-12, 7.68872205487e-12, 7.54164265759e-12, 7.45269731345e-12, 7.40910544722e-12],
        "min": [6.13876149003e-26, 1.17138369968e-24, 1.11678150884e-24, 1.63248453448e-24, 5.4879741695e-25, 6.86038063125e-25, 1.93644467139e-24, 7.51273458024e-25, 6.873679347e-25, 1.56817866425e-24, 1.17556121121e-24, 7.18162697857e-25, 9.58192856755e-25, 1.93648825596e-24, 1.13679500861e-24, 1.09773002494e-25, 6.35093277955e-25, 1.67298603386e-24, 1.0318400234e-24, 1.27329703446e-24, 1.10733460367e-24, 1.06542498758e-24, 1.93442144039e-24, 2.84334342551e-24, 2.34754375493e-24, 1.63229165799e-24, 1.62219216764e-24, 6.00959266586e-25, 2.38252046696e-24, 1.65211277431e-24, 1.62624365865e-24, 1.09968561112e-24, 1.54729199406e-24, 1.23403365227e-24, 2.687780055e-24, 1.35538718215e-24, 1.09475631515e-24, 1.34344461691e-24, 9.41491192277e-25, 2.46068652469e-24, 1.37960254954e-24, 2.17763692101e-24, 8.38223383327e-25, 2.19424066813e-24, 2.66030422688e-24, 1.37376113314e-24, 2.94398294714e-24, 2.12736399881e-24, 3.3552455221e-24, 5.18909942441e-25, 1.9365160633e-24, 1.98592064686e-24, 2.36103465692e-24, 2.41514696514e-24, 1.9246050525e-24, 2.8438459299e-24, 4.10162350656e-24, 2.29058582821e-24, 3.00617595204e-24, 1.57500319855e-24, 9.03357853334e-25, 4.69287554388e-24, 3.05784673577e-24, 2.92810593813e-24, 2.72071420893e-24, 3.72758392506e-24, 3.05650468615e-24, 2.96977534608e-24, 3.87267003945e-24, 3.52361762713e-24, 3.76187965291e-24, 4.62846386768e-24, 2.11740029115e-24, 4.44806045056e-24, 4.49870847612e-24, 3.8225868383e-24, 1.60331078188e-24, 4.99364927438e-24, 4.35964413144e-24, 4.146856002e-24, 4.29316366751e-24, 4.15284858387e-24, 3.7446024158e-24, 3.41968638615e-24, 2.13858140367e-24, 4.7679782575e-24, 2.91570741128e-24, 4.99933893366e-24, 4.33477331925e-24, 5.35479058565e-24, 3.92702452798e-24, 3.13869965374e-24, 4.63642820738e-24, 4.61845992811e-24, 5.17753945671e-24, 6.31255371043e-24, 2.55021868756e-24, 4.29735173006e-24, 5.40372520533e-24, 4.93039367384e-24, 5.69920646801e-24, 5.8965834108e-24, 5.15594951702e-24, 5.94899927365e-24, 5.79053289501e-24, 4.60556165788e-24, 6.66181359318e-24, 5.49373305132e-24, 5.75476475828e-24, 4.93405793274e-24, 4.692092205e-24, 5.77260011448e-24, 5.98203519064e-24, 5.60368527315e-24, 6.08781631043e-24, 3.44649897946e-24, 5.40542086184e-24, 7.95245235413e-24, 5.54389079983e-24, 6.53602419981e-24, 5.73282219777e-24, 6.15859212199e-24, 5.97276646943e-24, 6.42187878784e-24, 7.68657467463e-24, 8.13085403671e-24, 6.46917297126e-24, 7.70290172879e-24],
        "stdev": [1.2078864529e-05, 1.42516992128e-05, 5.06142387167e-05, 8.9239780209e-05, 9.48505912675e-05, 0.000162142358022, 0.000274151971098, 0.000525257841218, 0.000747890677303, 0.00151220115367, 0.00219257012941, 0.00214240769856, 0.00225373310968, 0.00135176850017, 0.00139779585879, 0.00172232021578, 0.00149536109529, 0.00224083359353, 0.001897810027, 0.00150839868002, 0.000825085386168, 0.000228356700973, 0.000198665919015, 0.000245467759669, 0.000191906190594, 0.000648242596071, 0.000938639452215, 0.000376696611056, 0.000480906746816, 0.000569252006244, 0.000392903399188, 0.000233508559177, 0.000291173957521, 0.000104603284854, 0.000105471524876, 5.63601497561e-05, 6.88016443746e-05, 0.000112839567009, 0.000102052050352, 0.000153108223458, 8.54017853271e-05, 7.02477773302e-05, 0.000132302186103, 0.000197046028916, 0.000201978386031, 9.48973465711e-05, 6.72471724101e-05, 5.15799074492e-05, 4.86815479235e-05, 4.81289607706e-05, 3.38522004313e-05, 3.68801338482e-05, 5.37888881809e-05, 3.926246427e-05, 2.38509128394e-05, 9.99093572318e-06, 6.76720355841e-06, 4.48280661658e-06, 5.19551485922e-06, 5.94064295001e-06, 7.23007451597e-06, 5.49329388377e-06, 4.23535584559e-06, 5.01891736349e-06, 5.17290845892e-06, 1.93211144506e-06, 2.21209660367e-07, 1.03566200949e-07, 8.66145271061e-08, 1.62038418239e-07, 9.09043009756e-08, 1.66456771922e-07, 1.42076046927e-07, 1.39870834914e-07, 8.25885351219e-08, 1.7928336149e-07, 1.57581268923e-07, 5.06560517977e-08, 1.6560592897e-08, 2.28733032515e-08, 1.56031862986e-08, 1.4166867679e-08, 8.58863113962e-09, 1.54679042907e-08, 1.50381627151e-08, 9.81771020037e-09, 1.05754534019e-08, 7.7588344638e-09, 8.21985945976e-09, 1.73942300563e-08, 1.77115300204e-08, 8.23471513201e-09, 2.35148185368e-08, 3.50390969572e-08, 2.46190694497e-08, 7.09031588997e-09, 7.34452099138e-09, 5.8307567663e-09, 2.77276801519e-09, 2.35955521788e-09, 1.02852359962e-09, 5.46587997086e-10, 4.22718693383e-10, 3.80234149722e-10, 3.61362578749e-10, 3.44988260181e-10, 3.30144689364e-10, 3.17112558434e-10, 3.03479130714e-10, 2.91779517214e-10, 2.81129730606e-10, 2.71053207657e-10, 2.59829269211e-10, 2.49572723598e-10, 2.42321024357e-10, 2.34735952898e-10, 2.27613261572e-10, 2.20130441653e-10, 2.14262385612e-10, 2.09256126316e-10, 2.03713657054e-10, 1.99783356525e-10, 1.95705548989e-10, 1.92263482912e-10, 1.89533805317e-10, 1.8706429461e-10, 1.85511481177e-10, 1.84522425117e-10]
    },
    "mfcc": {
        "mean": [-858.493408203, 176.921234131, -20.0818729401, 8.18195438385, 14.2968215942, -6.65171957016, -23.8117027283, 1.31264352798, -15.4336366653, -7.54077863693, -9.11873817444, -3.84560132027, -6.82648801804],
        "cov": [[13183.7216797, 6146.72949219, -1398.63378906, -112.708496094, 273.320251465, -674.665100098, -1061.54614258, -97.8227462769, -513.902832031, -257.882537842, -471.461669922, -332.298583984, -143.172912598], [6146.72949219, 3600.54663086, -565.827026367, -290.426055908, 74.5021438599, -404.965667725, -590.077697754, -11.3611288071, -248.37272644, -190.164657593, -292.516113281, -256.232574463, -16.9487438202], [-1398.63378906, -565.827026367, 585.268432617, 98.9193191528, -140.606781006, 122.702461243, 135.964431763, -39.402961731, 65.0180053711, -28.4653987885, -66.5842514038, 20.1228504181, 16.9261302948], [-112.708496094, -290.426055908, 98.9193191528, 310.534362793, 147.838302612, -2.66394400597, -18.1441001892, -16.935426712, -36.9105453491, -52.6974258423, -28.2048835754, -15.0140447617, -62.3636665344], [273.320251465, 74.5021438599, -140.606781006, 147.838302612, 315.210968018, 26.9399108887, -116.883094788, -41.4203872681, -71.0447845459, -55.8169059753, -5.06369161606, -44.1315307617, -59.5977096558], [-674.665100098, -404.965667725, 122.702461243, -2.66394400597, 26.9399108887, 214.610702515, 86.2823638916, -70.2968902588, 19.9207782745, 33.1747550964, 25.1163978577, 54.8402442932, 4.33134746552], [-1061.54614258, -590.077697754, 135.964431763, -18.1441001892, -116.883094788, 86.2823638916, 229.041030884, 69.2137832642, 52.6223487854, 46.0729637146, 77.4538040161, 69.3994522095, 28.7295951843], [-97.8227462769, -11.3611288071, -39.402961731, -16.935426712, -41.4203872681, -70.2968902588, 69.2137832642, 165.134552002, 39.335483551, -8.37381458282, 34.1091957092, 8.10039901733, 7.34450483322], [-513.902832031, -248.37272644, 65.0180053711, -36.9105453491, -71.0447845459, 19.9207782745, 52.6223487854, 39.335483551, 114.290634155, 51.2926063538, 11.61602211, 30.5613040924, 24.4793510437], [-257.882537842, -190.164657593, -28.4653987885, -52.6974258423, -55.8169059753, 33.1747550964, 46.0729637146, -8.37381458282, 51.2926063538, 126.306388855, 83.0509033203, 33.5787620544, 11.2411251068], [-471.461669922, -292.516113281, -66.5842514038, -28.2048835754, -5.06369161606, 25.1163978577, 77.4538040161, 34.1091957092, 11.61602211, 83.0509033203, 159.704666138, 58.1775283813, -0.0182439219207], [-332.298583984, -256.232574463, 20.1228504181, -15.0140447617, -44.1315307617, 54.8402442932, 69.3994522095, 8.10039901733, 30.5613040924, 33.5787620544, 58.1775283813, 100.033027649, 28.2725276947], [-143.172912598, -16.9487438202, 16.9261302948, -62.3636665344, -59.5977096558, 4.33134746552, 28.7295951843, 7.34450483322, 24.4793510437, 11.2411251068, -0.0182439219207, 28.2725276947, 69.6532974243]],
        "icov": [[0.00121774384752, -0.00233184359968, 0.00214099371806, -0.00314397946931, 0.00171844556462, -0.00114202511031, -0.000603061169386, 0.00068796321284, 8.26266295917e-06, -0.000938887882512, 0.0011833307799, -0.00179716723505, 0.00119644170627], [-0.00233184359968, 0.00546750565991, -0.00402269000188, 0.00707487761974, -0.00289404089563, 0.00223426194862, 0.00356041546911, -0.00290870456956, 0.0023339483887, 0.00103192590177, -0.000814197934233, 0.00346365571022, -0.00232066819444], [0.00214099371806, -0.00402269000188, 0.00817409157753, -0.00844774395227, 0.00676569901407, -0.00501434970647, -0.00175030971877, 0.00276873027906, -0.0027087405324, 0.00187561661005, 0.00149442302063, -0.00039409060264, 0.00121240352746], [-0.00314397946931, 0.00707487761974, -0.00844774395227, 0.0172027889639, -0.0102897984907, 0.00810791086406, 0.000872001517564, -0.00251609180123, 0.00388486264274, -0.00053236092208, 0.00169967440888, 3.08528069581e-06, 0.0020312606357], [0.00171844556462, -0.00289404089563, 0.00676569901407, -0.0102897984907, 0.0146272806451, -0.010012820363, 0.0065296641551, -0.00105093303137, -0.000285055575659, 0.00467966683209, -0.00381349073723, 0.00349358981475, 0.000452732347185], [-0.00114202511031, 0.00223426194862, -0.00501434970647, 0.00810791086406, -0.010012820363, 0.0164606515318, -0.00826997682452, 0.00655087688938, -0.000546694209334, -0.00267132697627, 0.00327029731125, -0.00569155905396, 0.00273786694743], [-0.000603061169386, 0.00356041546911, -0.00175030971877, 0.000872001517564, 0.0065296641551, -0.00826997682452, 0.0214006118476, -0.012258771807, 0.00694786245003, -0.000446964986622, -0.00311849080026, 0.00207892945036, -0.00381463114172], [0.00068796321284, -0.00290870456956, 0.00276873027906, -0.00251609180123, -0.00105093303137, 0.00655087688938, -0.012258771807, 0.0183622855693, -0.0115759680048, 0.0077571393922, -0.00477350130677, -0.00012328849698, 0.0024595297873], [8.26266295917e-06, 0.0023339483887, -0.0027087405324, 0.00388486264274, -0.000285055575659, -0.000546694209334, 0.00694786245003, -0.0115759680048, 0.0241474006325, -0.0138855809346, 0.0102747166529, -0.00487148063257, -0.00139912427403], [-0.000938887882512, 0.00103192590177, 0.00187561661005, -0.00053236092208, 0.00467966683209, -0.00267132697627, -0.000446964986622, 0.0077571393922, -0.0138855809346, 0.0255345609039, -0.0161625612527, 0.00776473339647, -0.00147149455734], [0.0011833307799, -0.000814197934233, 0.00149442302063, 0.00169967440888, -0.00381349073723, 0.00327029731125, -0.00311849080026, -0.00477350130677, 0.0102747166529, -0.0161625612527, 0.023038122803, -0.0117940232158, 0.00550685217604], [-0.00179716723505, 0.00346365571022, -0.00039409060264, 3.08528069581e-06, 0.00349358981475, -0.00569155905396, 0.00207892945036, -0.00012328849698, -0.00487148063257, 0.00776473339647, -0.0117940232158, 0.024728666991, -0.00983568932861], [0.00119644170627, -0.00232066819444, 0.00121240352746, 0.0020312606357, 0.000452732347185, 0.00273786694743, -0.00381463114172, 0.0024595297873, -0.00139912427403, -0.00147149455734, 0.00550685217604, -0.00983568932861, 0.0240296497941]]
    },
    "spectral_contrast_coeffs": {
        "max": [-0.359270215034, -0.464321255684, -0.478206396103, -0.68090814352, -0.447708904743, -0.692001461983],
        "mean": [-0.690290749073, -0.783961772919, -0.830715894699, -0.841137468815, -0.772026777267, -0.812761366367],
        "min": [-0.97891664505, -0.982428133488, -0.975113272667, -0.971674978733, -0.96843457222, -0.963593065739],
        "stdev": [0.123554840684, 0.0950244441628, 0.0746552124619, 0.0506161190569, 0.0939541235566, 0.0378537066281]
    },
    "spectral_contrast_valleys": {
        "max": [-5.7266368866, -4.63871002197, -5.26850700378, -5.64614295959, -7.7679271698, -10.9297637939],
        "mean": [-8.99988651276, -8.38055896759, -9.17956542969, -9.30931472778, -10.6623716354, -13.5286836624],
        "min": [-27.9129657745, -27.8016777039, -27.797498703, -27.5105648041, -27.4242782593, -27.3563480377],
        "stdev": [3.62962031364, 3.77213597298, 3.62292933464, 3.5565841198, 3.16732096672, 2.58937191963]
    }
},
"rhythm": {
    "beats_count": 38,
    "beats_loudness": {
        "max": 0.130307406187,
        "mean": 0.0197106562555,
        "min": 6.32023378078e-10,
        "stdev": 0.0279648881406
    },
    "bpm": 129.246749878,
    "bpm_histogram_first_peak_bpm": 129,
    "bpm_histogram_first_peak_weight": 0.588235259056,
    "bpm_histogram_second_peak_bpm": 89,
    "bpm_histogram_second_peak_spread": 0.25,
    "bpm_histogram_second_peak_weight": 0.0810810849071,
    "danceability": 1.13349843025,
    "onset_rate": 3.79714989662,
    "beats_loudness_band_ratio": {
        "max": [0.901825129986, 0.877145290375, 0.623209834099, 0.539818942547, 0.366750508547, 0.0701468586922],
        "mean": [0.169857546687, 0.445257633924, 0.267200350761, 0.127721518278, 0.0674035698175, 0.00728858774528],
        "min": [0.0111288977787, 0.000330929848133, 0.00423924159259, 0.00537990825251, 0.00472749536857, 0.000100191769889],
        "stdev": [0.170901298523, 0.241395518184, 0.180433884263, 0.137290492654, 0.0717630386353, 0.0132830282673]
    },
    "beats_position": [0.638548731804, 1.31192743778, 1.98530614376, 2.67029476166, 3.32045340538, 3.95900225639, 4.58594083786, 5.21287965775, 5.8282084465, 6.3622674942, 6.90793657303, 7.47682523727, 8.03410434723, 8.56816291809, 9.13705158234, 9.682721138, 10.2399997711, 10.7043991089, 11.1920175552, 11.6796369553, 12.1788663864, 12.6780948639, 13.1541042328, 13.6185035706, 14.0945119858, 14.5473012924, 15.0117006302, 15.4644899368, 15.9172782898, 16.3932876587, 16.8692970276, 17.3336963654, 17.7980957031, 18.2741031647, 18.7385025024, 19.2029018402, 19.6556911469, 20.1084804535],
