{
"metadata": {
    "version": {
        "essentia": "2.1-beta5",
        "essentia_git_sha": "Undefined",
        "extractor": "music 2.0"
    },
    "audio_properties": {
        "analysis": {
            "equal_loudness": 0,
            "length": 45.2556915283,
            "sample_rate": 44100,
            "start_time": 32.4963264465,
            "downmix": "mix"
        },
        "bit_rate": 192000,
        "length": 178.491790771,
        "lossless": 0,
        "number_channels": 2,
        "replay_gain": -12.4604034424,
        "sample_rate": 48000,
        "codec": "mp3",
        "md5_encoded": "c62610ef26b2e93c3a065417ca437216"
    },
    "tags": {
        "file_name": "Italy_Liberà_Mia Martini.mp3",
        "encoding": ["Lavf58.29.100"]
    }
},
"lowlevel": {
    "average_loudness": 0.883945643902,
    "barkbands_crest": {
        "max": 23.2756595612,
        "mean": 10.9612083435,
        "min": 3.11202526093,
        "stdev": 4.13154745102
    },
    "barkbands_flatness_db": {
        "max": 0.386320948601,
        "mean": 0.242659404874,
        "min": 0.132297664881,
        "stdev": 0.0426905974746
    },
    "barkbands_kurtosis": {
        "max": 35.85364151,
        "mean": 2.58833312988,
        "min": -1.74538493156,
        "stdev": 3.94750761986
    },
    "barkbands_skewness": {
        "max": 5.66944885254,
        "mean": 0.726313173771,
        "min": -2.6323223114,
        "stdev": 1.06712388992
    },
    "barkbands_spread": {
        "max": 33.7658576965,
        "mean": 9.66305351257,
        "min": 1.14126837254,
        "stdev": 5.43010044098
    },
    "dissonance": {
        "max": 0.499532848597,
        "mean": 0.430914014578,
        "min": 0.233443751931,
        "stdev": 0.046149302274
    },
    "dynamic_complexity": 2.10359025002,
    "erbbands_crest": {
        "max": 30.2733802795,
        "mean": 13.3783712387,
        "min": 3.60068035126,
        "stdev": 5.56304550171
    },
    "erbbands_flatness_db": {
        "max": 0.412175565958,
        "mean": 0.297249853611,
        "min": 0.157913431525,
        "stdev": 0.0361290052533
    },
    "erbbands_kurtosis": {
        "max": 16.3733272552,
        "mean": 1.56209230423,
        "min": -1.81224322319,
        "stdev": 2.73582720757
    },
    "erbbands_skewness": {
        "max": 3.4562265873,
        "mean": 0.330852746964,
        "min": -2.72258400917,
        "stdev": 0.897485613823
    },
    "erbbands_spread": {
        "max": 52.816493988,
        "mean": 15.7126312256,
        "min": 2.40237569809,
        "stdev": 8.73143959045
    },
    "hfc": {
        "max": 54.0539970398,
        "mean": 16.7923870087,
        "min": 0.498950123787,
        "stdev": 10.1930332184
    },
    "loudness_ebu128": {
        "integrated": -11.7160997391,
        "loudness_range": 2.37948131561,
        "momentary": {
            "max": -7.46809196472,
            "mean": -12.0731744766,
            "min": -17.6881999969,
            "stdev": 1.81622970104
        },
        "short_term": {
            "max": -9.65758419037,
            "mean": -11.7468032837,
            "min": -13.6154651642,
            "stdev": 0.815175175667
        }
    },
    "melbands_crest": {
        "max": 29.4679317474,
        "mean": 13.1266117096,
        "min": 3.82229351997,
        "stdev": 4.81790208817
    },
    "melbands_flatness_db": {
        "max": 0.469020754099,
        "mean": 0.306500345469,
        "min": 0.188550338149,
        "stdev": 0.0550146885216
    },
    "melbands_kurtosis": {
        "max": 72.1039199829,
        "mean": 3.6029779911,
        "min": -1.6487647295,
        "stdev": 5.39689254761
    },
    "melbands_skewness": {
        "max": 7.31564092636,
        "mean": 1.05134618282,
        "min": -1.89240133762,
        "stdev": 1.10830962658
    },
    "melbands_spread": {
        "max": 56.9033622742,
        "mean": 15.5458679199,
        "min": 1.94104909897,
        "stdev": 9.5407743454
    },
    "pitch_salience": {
        "max": 0.806682229042,
        "mean": 0.564684092999,
        "min": 0.247242420912,
        "stdev": 0.102151691914
    },
    "silence_rate_20dB": {
        "max": 1,
        "mean": 1,
        "min": 1,
        "stdev": 0
    },
    "silence_rate_30dB": {
        "max": 1,
        "mean": 0.999487161636,
        "min": 0,
        "stdev": 0.0226394534111
    },
    "silence_rate_60dB": {
        "max": 1,
        "mean": 0.00307692307979,
        "min": 0,
        "stdev": 0.0553847961128
    },
    "spectral_centroid": {
        "max": 1892.07189941,
        "mean": 802.528503418,
        "min": 250.504257202,
        "stdev": 307.897369385
    },
    "spectral_complexity": {
        "max": 29,
        "mean": 14.8861541748,
        "min": 4,
        "stdev": 4.11655187607
    },
    "spectral_decrease": {
        "max": -2.38064346014e-10,
        "mean": -6.5048162412e-09,
        "min": -3.26855627009e-08,
        "stdev": 4.0204577445e-09
    },
    "spectral_energy": {
        "max": 0.12729935348,
        "mean": 0.0260737240314,
        "min": 0.000943766790442,
        "stdev": 0.015876384452
    },
    "spectral_energyband_high": {
        "max": 0.000131305336254,
        "mean": 1.36784619826e-05,
        "min": 3.86292356325e-07,
        "stdev": 1.57653394126e-05
    },
    "spectral_energyband_low": {
        "max": 0.035389624536,
        "mean": 0.00193838053383,
        "min": 5.94076191192e-05,
        "stdev": 0.00211052480154
    },
    "spectral_energyband_middle_high": {
        "max": 0.0485466085374,
        "mean": 0.0072120372206,
        "min": 0.000101265519334,
        "stdev": 0.00782356411219
    },
    "spectral_energyband_middle_low": {
        "max": 0.122019827366,
        "mean": 0.0176206547767,
        "min": 0.00069209682988,
        "stdev": 0.0158367287368
    },
    "spectral_entropy": {
        "max": 7.37622880936,
        "mean": 6.67402029037,
        "min": 5.58785820007,
        "stdev": 0.356750011444
    },
    "spectral_flux": {
        "max": 0.230173826218,
        "mean": 0.0851254239678,
        "min": 0.0205797627568,
        "stdev": 0.0340328812599
    },
    "spectral_kurtosis": {
        "max": 87.2051544189,
        "mean": 21.3771915436,
        "min": 2.49079227448,
        "stdev": 14.7264575958
    },
    "spectral_rms": {
        "max": 0.0111442580819,
        "mean": 0.00482128327712,
        "min": 0.000959556200542,
        "stdev": 0.0014808755368
    },
    "spectral_rolloff": {
        "max": 2627.05078125,
        "mean": 1000.29870605,
        "min": 215.33203125,
        "stdev": 460.444152832
    },
    "spectral_skewness": {
        "max": 7.11912155151,
        "mean": 2.83436369896,
        "min": 1.06968319416,
        "stdev": 1.09328150749
    },
    "spectral_spread": {
        "max": 5326773,
        "mean": 1670137.25,
        "min": 745825,
        "stdev": 332931.03125
    },
    "spectral_strongpeak": {
        "max": 12.1160240173,
        "mean": 2.03393149376,
        "min": 0.0287071410567,
        "stdev": 1.71335339546
    },
    "zerocrossingrate": {
        "max": 0.07763671875,
        "mean": 0.0365935489535,
        "min": 0.01025390625,
        "stdev": 0.0130172744393
    },
    "barkbands": {
        "max": [0.00128748244606, 0.00312139722519, 0.0142826428637, 0.0448209941387, 0.0376356728375, 0.086719468236, 0.0634733960032, 0.0508918613195, 0.0481707677245, 0.032925978303, 0.0455962754786, 0.0342566892505, 0.0291607566178, 0.0132688814774, 0.00894769653678, 0.00646335631609, 0.00380463269539, 0.00128894799855, 0.000515169231221, 0.000274855556199, 6.78610304021e-05, 2.63960009761e-05, 6.67120639264e-06, 2.22354947255e-06, 1.39441658575e-06, 1.33538014779e-06, 1.41236614581e-06],
        "mean": [3.59596779163e-05, 0.00040493675624, 0.000839736720081, 0.00164181389846, 0.00304455333389, 0.0043670698069, 0.00324767688289, 0.00253337644972, 0.00268014334142, 0.000919314217754, 0.00188448408153, 0.00183243595529, 0.000942494545598, 0.000476671033539, 0.000534894992597, 0.000355593889253, 0.000157539456268, 0.000114691873023, 3.48772737198e-05, 1.7984320948e-05, 5.13917802891e-06, 1.44843295402e-06, 5.67762299397e-07, 2.4061989734e-07, 1.0124218619e-07, 3.2038414588e-08, 1.87329241008e-09],
        "min": [1.12632294602e-08, 4.37979178969e-06, 1.01153602827e-06, 2.19149774239e-06, 1.07801060949e-05, 2.35065963352e-05, 8.46283637657e-06, 6.57646887703e-06, 7.06229184289e-06, 4.31465605288e-06, 5.34739729119e-06, 2.23270353672e-06, 4.13583347836e-06, 2.57026999861e-06, 3.17459307553e-06, 2.08005690183e-06, 1.81487098416e-06, 1.03305592347e-06, 5.20004846294e-07, 2.49527431606e-07, 6.26184828434e-08, 4.08277820441e-08, 2.61383590328e-08, 2.62109516314e-08, 1.70355001217e-08, 1.39214151318e-09, 8.74734312761e-12],
        "stdev": [9.25409694901e-05, 0.000378104537958, 0.0011626589112, 0.00265478831716, 0.004145138897, 0.00826726853848, 0.00536148110405, 0.00548887625337, 0.00580297410488, 0.00211982708424, 0.00446810387075, 0.00444431696087, 0.00223206053488, 0.000969215587247, 0.00110665208194, 0.000618528632913, 0.000328604568494, 0.00014891414321, 4.23585843237e-05, 2.3105798391e-05, 7.16810882295e-06, 2.45462661042e-06, 5.52230176254e-07, 2.20674110096e-07, 6.06456893593e-08, 5.05877579826e-08, 3.53054119273e-08]
    },
    "erbbands": {
        "max": [0.0688565075397, 0.985719263554, 11.4784431458, 92.8927383423, 82.5979537964, 149.788192749, 995.147888184, 706.410705566, 818.338684082, 1100.34594727, 1289.59545898, 1386.71728516, 1083.42456055, 1441.15258789, 1519.75341797, 975.854980469, 1433.76049805, 793.856994629, 580.567626953, 681.296630859, 272.982452393, 195.55140686, 69.7947998047, 69.939491272, 15.6670007706, 18.3926811218, 4.18267583847, 2.08597898483, 1.00270450115, 0.319994539022, 0.189148396254, 0.0697207674384, 0.0233281198889, 0.0160063114017, 0.00991235859692, 0.00528839696199, 0.00245711253956, 0.000875625060871, 0.000201568109333, 0.000141131327837],
        "mean": [0.00768422707915, 0.116358697414, 0.791872918606, 3.33428382874, 6.7480969429, 10.4149942398, 28.8572616577, 34.0049667358, 37.5060043335, 49.627620697, 69.8242340088, 69.658821106, 24.4302101135, 51.5676002502, 92.1930160522, 57.0728607178, 46.5386505127, 23.5001506805, 22.5001239777, 36.1912765503, 15.6168117523, 8.80916404724, 6.47744560242, 3.46176815033, 1.25405287743, 0.959554612637, 0.321411281824, 0.136520653963, 0.0572429262102, 0.0256948657334, 0.0150197790936, 0.00742069119588, 0.00279735447839, 0.00107667723205, 0.000730329484213, 0.00030900441925, 4.69800506835e-05, 4.45348950961e-06, 1.3377400137e-05, 3.00033643725e-05],
        "min": [0.000176782050403, 0.00224645668641, 0.0126028927043, 0.0219566319138, 0.104442849755, 0.118068218231, 0.201472446322, 0.310917794704, 0.157541915774, 0.354201376438, 0.367005228996, 0.30357080698, 0.428524971008, 0.489552915096, 0.609770059586, 0.208961993456, 0.242368727922, 0.168887451291, 0.24353043735, 0.18656219542, 0.14529325068, 0.139572232962, 0.0882976353168, 0.0557048246264, 0.0271858386695, 0.0144795998931, 0.00494302017614, 0.00204360182397, 0.00151762866881, 0.00133712997194, 0.000756560184527, 0.00061307096621, 0.000361512036761, 0.000163418633747, 0.000118568939797, 3.15967045026e-05, 2.96084976981e-06, 2.13059166754e-07, 4.77303956359e-07, 1.07304197172e-06],
        "stdev": [0.00670315138996, 0.112633600831, 1.0322470665, 4.81964254379, 9.32540798187, 14.7530460358, 65.8068771362, 63.5931091309, 60.7904548645, 84.2481536865, 148.026535034, 156.922683716, 52.0444755554, 110.27255249, 176.40927124, 114.409095764, 108.712615967, 49.2367668152, 40.0696411133, 80.1287460327, 23.2673664093, 17.0194835663, 8.21897506714, 4.25516462326, 1.19551324844, 1.35088300705, 0.388133764267, 0.210716232657, 0.0920434221625, 0.0287260655314, 0.0145293362439, 0.0071255969815, 0.00247367215343, 0.00098395999521, 0.000364012346836, 0.000225891970331, 9.93446956272e-05, 2.19906796701e-05, 8.98741291167e-06, 1.78989612323e-05]
    },
    "gfcc": {
        "mean": [-83.0271759033, 193.689956665, -157.859939575, -4.62146043777, -40.6017913818, -15.2931566238, -31.4415683746, -5.90611934662, -16.8292636871, -14.4725761414, -2.71591114998, -12.8900899887, -1.39962434769],
        "cov": [[1218.37451172, -368.327819824, -504.049438477, 147.160491943, 20.9033584595, 56.0046730042, 145.988174438, -121.032875061, 37.2003860474, 41.63722229, -83.5952072144, 45.9275588989, -26.7948284149], [-368.327819824, 396.793365479, 342.920532227, -184.892211914, -67.2789459229, -123.153320312, -43.8959884644, 26.5034751892, -10.2357244492, -31.9972858429, 78.312789917, -50.0736312866, -3.46325659752], [-504.049438477, 342.920532227, 485.164245605, -86.8895874023, -76.7370605469, -147.136810303, -100.363075256, 56.3908576965, 9.15442371368, -33.2364883423, 38.5897140503, -40.707359314, 5.58204746246], [147.160491943, -184.892211914, -86.8895874023, 339.46282959, 124.420173645, 57.791809082, -47.1029586792, 3.30988550186, -9.46997451782, -39.2789764404, -76.8035430908, -5.19596338272, -3.94811177254], [20.9033584595, -67.2789459229, -76.7370605469, 124.420173645, 144.721618652, 110.094535828, -1.98430848122, -18.6095981598, -35.5034561157, -9.24904727936, -21.4664211273, -5.68832063675, -4.88473749161], [56.0046730042, -123.153320312, -147.136810303, 57.791809082, 110.094535828, 234.283279419, 76.8805923462, -40.8808822632, -53.5929832458, 13.8268480301, -2.15233898163, -4.63993024826, -12.6741428375], [145.988174438, -43.8959884644, -100.363075256, -47.1029586792, -1.98430848122, 76.8805923462, 116.016731262, -0.182539239526, -7.8080291748, 11.8991823196, 4.47857522964, 4.83498859406, -8.53106975555], [-121.032875061, 26.5034751892, 56.3908576965, 3.30988550186, -18.6095981598, -40.8808822632, -0.182539239526, 95.2235412598, 53.4895057678, -4.09114074707, -20.6226062775, -2.08265161514, 1.36500203609], [37.2003860474, -10.2357244492, 9.15442371368, -9.46997451782, -35.5034561157, -53.5929832458, -7.8080291748, 53.4895057678, 98.8080825806, 37.6733512878, -20.9505310059, 3.13993000984, -2.64852547646], [41.63722229, -31.9972858429, -33.2364883423, -39.2789764404, -9.24904727936, 13.8268480301, 11.8991823196, -4.09114074707, 37.6733512878, 90.9160690308, 26.3090801239, 6.32403707504, -11.1076221466], [-83.5952072144, 78.312789917, 38.5897140503, -76.8035430908, -21.4664211273, -2.15233898163, 4.47857522964, -20.6226062775, -20.9505310059, 26.3090801239, 101.095596313, 20.4630298615, -5.29353904724], [45.9275588989, -50.0736312866, -40.707359314, -5.19596338272, -5.68832063675, -4.63993024826, 4.83498859406, -2.08265161514, 3.13993000984, 6.32403707504, 20.4630298615, 69.3954086304, 31.2739048004], [-26.7948284149, -3.46325659752, 5.58204746246, -3.94811177254, -4.88473749161, -12.6741428375, -8.53106975555, 1.36500203609, -2.64852547646, -11.1076221466, -5.29353904724, 31.2739048004, 61.6159324646]],
        "icov": [[0.00376957189292, -0.00199907412753, 0.00312423729338, -0.00317008444108, 0.00117090716958, 0.00281744939275, -0.00591489626095, 0.00774064194411, -0.00374424108304, -0.000767265970353, 0.00341948121786, -0.00324840168469, 0.00236595165916], [-0.00199907412753, 0.022228455171, -0.0124346269295, 0.0107489572838, -0.0119688836858, 0.00600534072146, -0.00141731859185, -0.00256874598563, -0.00258663762361, 0.0105616841465, -0.0157962702215, 0.0166943315417, -0.00569529877976], [0.00312423729338, -0.0124346269295, 0.0121450712904, -0.00641818996519, 0.00755407754332, -0.000962473161053, 0.000762802141253, 0.00256728823297, 0.000393006310333, -0.0047401455231, 0.00766572682187, -0.00700406963006, 0.00297377468087], [-0.00317008444108, 0.0107489572838, -0.00641818996519, 0.0125467386097, -0.00995362270623, 0.00053661968559, 0.0061599733308, -0.00656785303727, 0.000723716279026, 0.00672248192132, -0.00597168738022, 0.00776590267196, -0.00228106812574], [0.00117090716958, -0.0119688836858, 0.00755407754332, -0.00995362270623, 0.0238416083157, -0.0108734769747, 0.00532587710768, -0.000584516790695, 0.00477308733389, -0.00650674523786, 0.00882367603481, -0.00846603326499, 0.00300540076569], [0.00281744939275, 0.00600534072146, -0.000962473161053, 0.00053661968559, -0.0108734769747, 0.0166281014681, -0.0132191972807, 0.00753217376769, -0.000910179049242, -9.47729204199e-05, -0.00238088844344, 0.00410912092775, -0.000100867873698], [-0.00591489626095, -0.00141731859185, 0.000762802141253, 0.0061599733308, 0.00532587710768, -0.0132191972807, 0.0280298218131, -0.0175513345748, 0.00855139549822, 5.88652401348e-05, -0.00196164241061, 0.00145814288408, -0.00088390824385], [0.00774064194411, -0.00256874598563, 0.00256728823297, -0.00656785303727, -0.000584516790695, 0.00753217376769, -0.0175513345748, 0.0359562262893, -0.0207757651806, 0.0040398966521, 0.00682783825323, -0.00676409946755, 0.00469975825399], [-0.00374424108304, -0.00258663762361, 0.000393006310333, 0.000723716279026, 0.00477308733389, -0.000910179049242, 0.00855139549822, -0.0207757651806, 0.0316347889602, -0.0149870403111, 0.0066056442447, -0.00219087395817, 0.000410116103012], [-0.000767265970353, 0.0105616841465, -0.0047401455231, 0.00672248192132, -0.00650674523786, -9.47729204199e-05, 5.88652401348e-05, 0.0040398966521, -0.0149870403111, 0.0252909511328, -0.0138941155747, 0.0083578331396, -0.00101726374123], [0.00341948121786, -0.0157962702215, 0.00766572682187, -0.00597168738022, 0.00882367603481, -0.00238088844344, -0.00196164241061, 0.00682783825323, 0.0066056442447, -0.0138941155747, 0.0307160653174, -0.0216179508716, 0.010699509643], [-0.00324840168469, 0.0166943315417, -0.00700406963006, 0.00776590267196, -0.00846603326499, 0.00410912092775, 0.00145814288408, -0.00676409946755, -0.00219087395817, 0.0083578331396, -0.0216179508716, 0.0385528840125, -0.0188290551305], [0.00236595165916, -0.00569529877976, 0.00297377468087, -0.00228106812574, 0.00300540076569, -0.000100867873698, -0.00088390824385, 0.00469975825399, 0.000410116103012, -0.00101726374123, 0.010699509643, -0.0188290551305, 0.0268241465092]]
    },
    "melbands": {
        "max": [0.000603157503065, 0.0043668737635, 0.0153543362394, 0.00919632893056, 0.0266163498163, 0.0148979397491, 0.0130142783746, 0.0106425862759, 0.00942394137383, 0.00782898347825, 0.00558145856485, 0.00609790673479, 0.00674209184945, 0.00509210955352, 0.00268845958635, 0.00184878741857, 0.00148532178719, 0.000980200245976, 0.0008108203765, 0.000724817160517, 0.000381217600079, 0.000285900605377, 0.000131958309794, 5.79931438551e-05, 6.17028490524e-05, 1.4194499272e-05, 7.9745095718e-06, 1.19258684208e-05, 2.69154293164e-06, 1.74887600224e-06, 1.0610267509e-06, 7.66725520407e-07, 2.42589266009e-07, 1.32410235665e-07, 1.21997132396e-07, 6.52437961435e-08, 4.02861779492e-08, 1.61160205181e-08, 1.4901246459e-08, 1.31364936706e-08],
        "mean": [9.32449329412e-05, 0.000343641120708, 0.000696767412592, 0.000591117539443, 0.000901103951037, 0.000770560058299, 0.000608481175732, 0.000510987825692, 0.000596523052081, 0.000390020693885, 0.000108403110062, 0.000195972708752, 0.000309665920213, 0.000241549088969, 0.000103154961835, 7.79880865593e-05, 3.98657903133e-05, 3.75465169782e-05, 3.95706701966e-05, 3.79983212042e-05, 1.56804089784e-05, 8.9564218797e-06, 7.71621307649e-06, 5.11307234774e-06, 2.54558403867e-06, 1.10663825126e-06, 7.2651357641e-07, 5.69280700802e-07, 2.12643868736e-07, 1.1012643597e-07, 6.69796094144e-08, 3.5179038349e-08, 1.8854020567e-08, 1.24512915534e-08, 9.03746322223e-09, 6.20142959207e-09, 3.8370338018e-09, 2.06977857076e-09, 1.22227017396e-09, 7.51016138167e-10],
        "min": [1.16533271921e-06, 9.74098838924e-06, 7.70142469264e-06, 5.50106733499e-06, 6.98019675838e-06, 5.34679156772e-06, 2.49882896242e-06, 1.30967237055e-06, 8.5794908955e-07, 1.12309635369e-06, 7.04878289071e-07, 1.58316311172e-06, 1.61992511494e-06, 4.64848938009e-07, 4.88243188101e-07, 4.16113238089e-07, 2.89884724225e-07, 3.37667160011e-07, 2.69291291488e-07, 1.98068420332e-07, 1.0531814354e-07, 1.11511127443e-07, 6.08764239018e-08, 4.12157525886e-08, 4.12132550309e-08, 2.26722605134e-08, 1.36802542627e-08, 6.17217876808e-09, 2.54152832113e-09, 1.36080036128e-09, 8.79051498259e-10, 6.61949661751e-10, 6.65776989095e-10, 5.97025540117e-10, 4.28571039768e-10, 3.81980197472e-10, 3.25086568775e-10, 2.0775420273e-10, 1.32741595493e-10, 6.88418419492e-11],
        "stdev": [7.96893364168e-05, 0.000395290844608, 0.000961587182246, 0.000760236056522, 0.00185010966379, 0.00139971845783, 0.000992180663161, 0.000830468838103, 0.00122131733224, 0.000903723819647, 0.000268247647909, 0.000436212867498, 0.000649771012831, 0.000601283682045, 0.000242148686084, 0.000169638718944, 9.17054348974e-05, 7.47637386667e-05, 8.26432806207e-05, 7.90507765487e-05, 3.14343778882e-05, 2.1693906092e-05, 1.32940785988e-05, 6.70559893479e-06, 3.56988925887e-06, 1.2823244333e-06, 8.10616086255e-07, 8.50630385685e-07, 2.63416438884e-07, 1.61416991773e-07, 1.12593326662e-07, 6.32335002138e-08, 2.54089709273e-08, 1.33543718306e-08, 8.8108995655e-09, 6.3482308299e-09, 3.73049591218e-09, 1.89205828782e-09, 1.16563103614e-09, 7.37256311556e-10]
    },
    "melbands128": {
        "max": [0.00063902628608, 0.000483056064695, 0.00103437516373, 0.00196452927776, 0.00488604977727, 0.00788019970059, 0.0204024016857, 0.0210653655231, 0.00987698789686, 0.0165299642831, 0.00971426814795, 0.0178542621434, 0.049472335726, 0.0346879065037, 0.0242820866406, 0.0173223949969, 0.0093241892755, 0.0244588330388, 0.0231416653842, 0.016717819497, 0.019863974303, 0.0179955027997, 0.0173573568463, 0.0149744581431, 0.0172459762543, 0.0106787169352, 0.00962362624705, 0.00983064994216, 0.00659238919616, 0.00858481228352, 0.0125083671883, 0.0137662971392, 0.0127110294998, 0.00830448698252, 0.0109000112861, 0.0076993801631, 0.00476609962061, 0.00466820271686, 0.0078503889963, 0.00474511506036, 0.003189352341, 0.00397941330448, 0.00259161950089, 0.00170090422034, 0.00151365424972, 0.00217823055573, 0.00184621114749, 0.00183484738227, 0.00146636553109, 0.00248381821439, 0.00119391456246, 0.000358495395631, 0.00083237234503, 0.000871932425071, 0.000493905798066, 0.000598443322815, 0.000332088908181, 0.000300892017549, 0.000223598573939, 6.78663491271e-05, 0.00012424394663, 0.000110638837214, 0.000188530379091, 5.96813988523e-05, 5.25181785633e-05, 1.54095669131e-05, 2.93476477964e-05, 6.16864963376e-06, 1.11115896289e-05, 2.69383672276e-05, 1.96279343072e-05, 5.12900624017e-06, 3.00334136227e-06, 6.21307162874e-06, 6.10082270214e-06, 3.29815657096e-06, 3.06957258545e-06, 2.72001238955e-06, 1.6619857206e-06, 2.14223587136e-06, 1.93098208001e-06, 4.50359266324e-07, 4.98293843521e-07, 3.05020051883e-07, 5.48421439817e-07, 1.50959579059e-07, 2.4892162287e-07, 1.35028528803e-07, 1.27706627495e-07, 1.49600580812e-07, 6.67065833682e-08, 1.22364014032e-07, 5.80758765523e-08, 5.27569632425e-08, 3.84709117895e-08, 2.4675740562e-08, 1.87961255449e-08, 1.73743721632e-08, 1.54707162636e-08, 1.40524090142e-08, 1.27129453631e-08, 1.3519261266e-08, 1.29676882565e-08, 1.1536736011e-08, 1.15007807722e-08, 1.08373248153e-08, 9.12964814859e-09, 9.736004003e-09, 9.15639475352e-09, 8.6553102463e-09, 8.37427815981e-09, 1.02073069996e-08, 7.80469466832e-09, 7.50816120387e-09, 7.25873938734e-09, 7.04375135996e-09, 6.79607081722e-09, 6.59222765265e-09, 6.41731245921e-09, 6.2529856848e-09, 6.10056583028e-09, 5.96053251201e-09, 5.85471937598e-09, 5.76250069884e-09, 5.67348346081e-09, 5.6124318526e-09, 5.56046542144e-09, 5.52978596247e-09],
        "mean": [1.94678013941e-05, 4.30672516814e-05, 0.000120354823594, 0.000195570493815, 0.000324854190694, 0.000439797557192, 0.000619997736067, 0.000905694731046, 0.000633080140688, 0.000553567428142, 0.000539352244232, 0.000663836661261, 0.00104661390651, 0.00115441065282, 0.000841069035232, 0.000528271892108, 0.000450711027952, 0.000674674403854, 0.000713545130566, 0.000613780459389, 0.000288148439722, 0.000533145386726, 0.000708494510036, 0.000536027888302, 0.00061232317239, 0.000223446812015, 0.000138043003972, 6.3706014771e-05, 0.000114625414426, 0.000184557604371, 0.000189726168173, 0.000281618820736, 0.000383833190426, 0.000204543495784, 0.000430348212831, 0.000182562158443, 7.78637186158e-05, 6.64027538733e-05, 0.000168142345501, 0.000107557032607, 3.87087238778e-05, 6.38737983536e-05, 3.60279882443e-05, 2.31737376453e-05, 5.70609918213e-05, 3.49097608705e-05, 2.66280658252e-05, 2.00450213015e-05, 4.94942141813e-05, 8.53166129673e-05, 2.11357419175e-05, 1.35100372063e-05, 1.97169574676e-05, 1.53881937877e-05, 9.73749956756e-06, 9.18417572393e-06, 5.88301145399e-06, 1.08956237455e-05, 7.72005387262e-06, 3.18631873597e-06, 6.13265774518e-06, 5.58218061997e-06, 2.46710783358e-06, 1.91990648091e-06, 2.11403971662e-06, 8.41098085402e-07, 7.89668831658e-07, 6.06449134466e-07, 5.64928996027e-07, 1.14343390578e-06, 6.59880754483e-07, 2.52060971206e-07, 2.18822663101e-07, 2.36079259253e-07, 1.66934242429e-07, 1.00525433311e-07, 9.74617719862e-08, 8.10965801179e-08, 6.02311871489e-08, 5.82016745909e-08, 3.78848419302e-08, 2.58056456204e-08, 2.48110563206e-08, 1.85787474294e-08, 1.40018716621e-08, 1.21405046016e-08, 1.34581235045e-08, 9.83735759519e-09, 8.71105410027e-09, 8.66185345672e-09, 6.73545441643e-09, 5.61540858257e-09, 5.02779018419e-09, 3.95895227712e-09, 3.01240876688e-09, 2.4959234679e-09, 1.84468351705e-09, 1.50530832244e-09, 1.32908328787e-09, 1.01883601555e-09, 8.45437497787e-10, 7.15699777221e-10, 6.20918538807e-10, 5.61905799668e-10, 6.17175754947e-10, 1.15343823381e-09, 1.26824450941e-09, 4.52793719186e-10, 4.42493736097e-10, 4.11224276853e-10, 2.11338391232e-10, 2.53121856808e-10, 2.3730618165e-11, 1.3081589631e-11, 1.20964696593e-11, 1.17815340817e-11, 9.43114163154e-12, 8.711485526e-12, 8.4737624903e-12, 8.25401292454e-12, 8.05620327393e-12, 7.87434700777e-12, 7.73083506933e-12, 7.59662211608e-12, 7.47165263687e-12, 7.3606190587e-12, 7.2823361924e-12, 7.24079043252e-12],
        "min": [3.59797613925e-09, 6.09649504213e-08, 8.90526223429e-07, 1.56797375439e-06, 1.9597289338e-06, 5.94653897679e-07, 1.97337243435e-07, 1.28666977162e-06, 1.29927116177e-06, 3.15918714477e-06, 2.08501930388e-07, 2.76903534768e-07, 5.3556544799e-07, 2.53363123193e-06, 2.25995336223e-06, 4.04147471045e-07, 5.46477565422e-07, 5.22375898981e-07, 7.79248125582e-07, 4.2024493041e-07, 3.76709664351e-07, 2.62169635334e-07, 1.24482667729e-07, 2.20699178044e-07, 4.43348426415e-07, 1.09267915605e-07, 9.54170999989e-08, 9.79082841468e-08, 4.37701856981e-07, 3.70271493466e-07, 3.13651355555e-07, 4.49378376288e-07, 5.09744154442e-07, 5.78127071549e-07, 1.15451392446e-07, 1.42156551419e-07, 1.3408310906e-07, 1.95356136601e-07, 6.04900236567e-08, 1.45423214803e-07, 1.60783656611e-07, 1.43501125649e-07, 1.85655295581e-07, 2.38609594305e-08, 5.89213975388e-08, 6.85774281806e-08, 1.06095058072e-07, 8.23372019454e-08, 8.38728055896e-08, 1.17969975122e-07, 7.36748830832e-08, 3.74281547977e-08, 5.04780111044e-08, 4.51099246845e-08, 3.74513398071e-08, 3.0686386765e-08, 4.39825491583e-08, 2.7100488964e-08, 1.95614280329e-08, 1.16718075205e-08, 2.54330156935e-08, 2.85616703621e-08, 1.72409926336e-08, 8.71917205103e-09, 7.71967201274e-09, 2.15983870788e-08, 1.11513340784e-08, 4.09637745946e-09, 4.24958068734e-09, 3.93343801974e-09, 4.53529080957e-09, 1.78276415852e-09, 1.62503976942e-09, 1.32909827588e-09, 7.01841307293e-10, 4.7803294656e-10, 9.58809809326e-10, 5.63398494524e-10, 4.32927915739e-10, 3.56527835033e-10, 2.46654391356e-10, 2.12845352454e-10, 4.04911437712e-10, 2.60190285983e-10, 3.89711735105e-10, 3.3358588114e-10, 2.43100539699e-10, 3.06014491525e-10, 2.93046836797e-10, 2.7750773901e-10, 1.7780794892e-10, 2.95223928637e-10, 2.37010855386e-10, 1.70669936517e-10, 2.1890735058e-10, 1.7428880561e-10, 9.68942218127e-11, 9.60270266082e-11, 7.77940004082e-11, 3.59067081623e-11, 3.70007635642e-11, 1.8827999923e-11, 1.98546786651e-11, 1.63222716593e-11, 6.97902916014e-11, 1.09510095436e-10, 9.97062987729e-11, 6.21200035855e-11, 2.11232312024e-12, 3.24630289826e-14, 2.35851038677e-14, 3.24157882611e-14, 4.20440592064e-14, 3.1200455224e-14, 3.23722710964e-14, 3.63105541728e-14, 3.8952056912e-14, 3.44355620407e-14, 3.49685524406e-14, 3.40869029509e-14, 3.24958836966e-14, 2.73881649104e-14, 3.10472201876e-14, 3.0189074168e-14, 1.99738093903e-14, 9.38250941784e-15, 1.48836891959e-15, 4.39601563121e-17],
        "stdev": [4.64349213871e-05, 4.98816116306e-05, 0.000117382514873, 0.000217627835809, 0.000460469949758, 0.000611127761658, 0.000957754149567, 0.00149742001668, 0.0009889556095, 0.00100299564656, 0.000905641412828, 0.00149012345355, 0.00300349015743, 0.00283187581226, 0.00200331932865, 0.00101112946868, 0.000760613125749, 0.00153550389223, 0.0014992285287, 0.00137273431756, 0.000727476843167, 0.00142944499385, 0.00203768559732, 0.00138775235973, 0.0018175963778, 0.000734692788683, 0.000498225679621, 0.000293274031719, 0.00037062301999, 0.000472978135804, 0.00072388217086, 0.0008704229258, 0.00108113395981, 0.000640377635136, 0.00128578429576, 0.000575320795178, 0.000308006710839, 0.000271078723017, 0.00052399886772, 0.000330580049194, 0.000140095231473, 0.000197556917556, 0.000138603907544, 7.47718877392e-05, 0.000138959439937, 0.000109542132122, 9.7566851764e-05, 8.14153609099e-05, 0.000141273747431, 0.000243664035224, 6.09285998507e-05, 3.25927394442e-05, 4.64677978016e-05, 4.97201945109e-05, 3.48940775439e-05, 3.82558027923e-05, 1.47279388329e-05, 2.51098717854e-05, 1.76464600372e-05, 5.87055956203e-06, 1.12708066808e-05, 9.81467292149e-06, 7.62460149417e-06, 3.31232968165e-06, 4.05180207963e-06, 1.11207748432e-06, 1.39426549595e-06, 7.68678887653e-07, 8.25512358915e-07, 2.26019096772e-06, 1.26483007534e-06, 4.23671252747e-07, 3.09687095523e-07, 3.98680640501e-07, 3.41268105331e-07, 1.66149462189e-07, 2.07374171168e-07, 1.71874901866e-07, 1.15992619953e-07, 1.38181704301e-07, 9.95603173237e-08, 4.10730969236e-08, 4.33943050382e-08, 2.74836260417e-08, 2.33472423616e-08, 1.41524374442e-08, 1.68844955795e-08, 1.04360005082e-08, 9.05103014759e-09, 1.10552491606e-08, 7.70455166332e-09, 6.40355546366e-09, 6.0486002873e-09, 4.25205870513e-09, 3.01385405521e-09, 2.52772491827e-09, 1.85767434768e-09, 1.58881863221e-09, 1.36763611547e-09, 1.06543052159e-09, 9.04198937945e-10, 7.74999842079e-10, 6.49772124994e-10, 5.44187306328e-10, 4.73139416535e-10, 6.39535147062e-10, 7.44101225081e-10, 3.85018378291e-10, 5.35084421216e-10, 5.41748756966e-10, 5.65303359679e-10, 8.96521468174e-10, 2.04576008911e-10, 1.88286955471e-10, 1.81782477959e-10, 1.7620505055e-10, 1.70059299975e-10, 1.64885827214e-10, 1.60443075492e-10, 1.56286372732e-10, 1.52526574704e-10, 1.49009540817e-10, 1.46364392828e-10, 1.43934197894e-10, 1.4175462193e-10, 1.40181505293e-10, 1.38902597757e-10, 1.38139749639e-10]
    },
    "mfcc": {
        "mean": [-720.7734375, 228.01222229, -50.2601776123, 16.8014678955, -3.28466367722, -7.6655216217, -6.93455505371, 0.325862079859, -11.4369001389, -0.0375303030014, -9.14345169067, -0.997334122658, -1.08032715321],
        "cov": [[1671.58764648, -664.880615234, -513.951904297, 73.695350647, -153.440460205, 258.475982666, 27.2017116547, 1.78051412106, 116.464172363, -65.7915725708, 33.6202316284, 28.905008316, -17.3343219757], [-664.880615234, 660.333251953, 313.318450928, -115.780036926, -42.6983451843, -210.539093018, -35.7164421082, -50.6787605286, -121.410842896, 35.0608177185, 12.777135849, -0.849980175495, 2.18711972237], [-513.951904297, 313.318450928, 341.0440979, 29.8062667847, 22.0768051147, -142.571090698, -62.7544059753, -19.5911903381, -52.4278144836, 23.54845047, -18.626115799, 3.9710226059, 2.28117966652], [73.695350647, -115.780036926, 29.8062667847, 199.36239624, 95.4566574097, -28.0565509796, -52.1856765747, 20.209405899, 34.7580451965, -17.1924877167, -28.4629611969, 2.72913217545, -13.4660520554], [-153.440460205, -42.6983451843, 22.0768051147, 95.4566574097, 173.353881836, 39.8990898132, 9.39494514465, 25.9209671021, 1.41541862488, 8.15723514557, -36.6683425903, -16.9937534332, -10.5895681381], [258.475982666, -210.539093018, -142.571090698, -28.0565509796, 39.8990898132, 214.995346069, 114.091873169, 9.8557434082, 9.49786090851, 7.04154443741, -4.08201265335, -19.6341209412, -7.61701917648], [27.2017116547, -35.7164421082, -62.7544059753, -52.1856765747, 9.39494514465, 114.091873169, 145.252700806, 29.6745605469, -34.3600387573, 9.82195091248, -9.80648422241, -18.3041439056, -8.79958248138], [1.78051412106, -50.6787605286, -19.5911903381, 20.209405899, 25.9209671021, 9.8557434082, 29.6745605469, 83.6403961182, 35.0704917908, -13.0246095657, -13.2049198151, -4.62315273285, -9.75365829468], [116.464172363, -121.410842896, -52.4278144836, 34.7580451965, 1.41541862488, 9.49786090851, -34.3600387573, 35.0704917908, 122.602294922, 6.41400194168, 9.19246006012, -2.34985947609, 2.08437085152], [-65.7915725708, 35.0608177185, 23.54845047, -17.1924877167, 8.15723514557, 7.04154443741, 9.82195091248, -13.0246095657, 6.41400194168, 82.3228988647, 19.4675731659, -11.2689981461, -4.10792636871], [33.6202316284, 12.777135849, -18.626115799, -28.4629611969, -36.6683425903, -4.08201265335, -9.80648422241, -13.2049198151, 9.19246006012, 19.4675731659, 95.7107315063, 36.1697006226, -2.55641222], [28.905008316, -0.849980175495, 3.9710226059, 2.72913217545, -16.9937534332, -19.6341209412, -18.3041439056, -4.62315273285, -2.34985947609, -11.2689981461, 36.1697006226, 77.8048782349, 31.8848171234], [-17.3343219757, 2.18711972237, 2.28117966652, -13.4660520554, -10.5895681381, -7.61701917648, -8.79958248138, -9.75365829468, 2.08437085152, -4.10792636871, -2.55641222, 31.8848171234, 71.1217498779]],
        "icov": [[0.00270307413302, -0.000434064888395, 0.00327199860476, -0.00398529879749, 0.00533825485036, -0.00477094715461, 0.00323047442362, -0.00111330486834, 0.000967119412962, -0.000588120426983, 0.001138748019, -0.00134474074002, 0.000925014202949], [-0.000434064888395, 0.00632066372782, -0.00423108786345, 0.00540603650734, -0.00331363431178, 0.00724072242156, -0.00394973531365, 0.00259312102571, 0.00107201351784, 0.000360020203516, -0.00154387508519, 0.00122648116667, 0.000392176647438], [0.00327199860476, -0.00423108786345, 0.0111091835424, -0.00768939219415, 0.00678121205419, -0.00622829934582, 0.00607763137668, -0.00265981978737, 0.00234380620532, -0.00291764899157, 0.00325792748481, -0.0026113349013, 0.000895792676602], [-0.00398529879749, 0.00540603650734, -0.00768939219415, 0.0187617335469, -0.0149377901107, 0.0129545694217, -0.00530592305586, 0.00380837521516, -0.00299575855024, 0.00274706119671, -0.000698477728292, 0.000131216904265, 0.00185297697317], [0.00533825485036, -0.00331363431178, 0.00678121205419, -0.0149377901107, 0.0223874244839, -0.0165358074009, 0.0103038558736, -0.00747567554936, 0.00465450948104, -0.00429517636076, 0.00459876377136, -0.00213609449565, 0.000907647539862], [-0.00477094715461, 0.00724072242156, -0.00622829934582, 0.0129545694217, -0.0165358074009, 0.0289042666554, -0.020619051531, 0.0112170828506, -0.00547222141176, 0.0026921571698, -0.00358289736323, 0.00326219317503, -0.000387579377275], [0.00323047442362, -0.00394973531365, 0.00607763137668, -0.00530592305586, 0.0103038558736, -0.020619051531, 0.0276841856539, -0.0151788033545, 0.0107280453667, -0.00518586300313, 0.00307474564761, -0.000630312541034, 0.000157955262694], [-0.00111330486834, 0.00259312102571, -0.00265981978737, 0.00380837521516, -0.00747567554936, 0.0112170828506, -0.0151788033545, 0.0243103932589, -0.0110255107284, 0.00561066437513, 0.00075557269156, -0.00177858560346, 0.0034711889457], [0.000967119412962, 0.00107201351784, 0.00234380620532, -0.00299575855024, 0.00465450948104, -0.00547222141176, 0.0107280453667, -0.0110255107284, 0.0171454958618, -0.00470150774345, -0.00160413119011, 0.00279040494934, -0.00260006054305], [-0.000588120426983, 0.000360020203516, -0.00291764899157, 0.00274706119671, -0.00429517636076, 0.0026921571698, -0.00518586300313, 0.00561066437513, -0.00470150774345, 0.0168530717492, -0.00550589291379, 0.00430875224993, -0.000782451767009], [0.001138748019, -0.00154387508519, 0.00325792748481, -0.000698477728292, 0.00459876377136, -0.00358289736323, 0.00307474564761, 0.00075557269156, -0.00160413119011, -0.00550589291379, 0.0186811964959, -0.0119634643197, 0.00663718115538], [-0.00134474074002, 0.00122648116667, -0.0026113349013, 0.000131216904265, -0.00213609449565, 0.00326219317503, -0.000630312541034, -0.00177858560346, 0.00279040494934, 0.00430875224993, -0.0119634643197, 0.0247451942414, -0.0119039649144], [0.000925014202949, 0.000392176647438, 0.000895792676602, 0.00185297697317, 0.000907647539862, -0.000387579377275, 0.000157955262694, 0.0034711889457, -0.00260006054305, -0.000782451767009, 0.00663718115538, -0.0119039649144, 0.0207913909107]]
    },
    "spectral_contrast_coeffs": {
        "max": [-0.403007596731, -0.446975976229, -0.511799931526, -0.608281850815, -0.618418574333, -0.689806580544],
        "mean": [-0.671590924263, -0.720690131187, -0.726228773594, -0.77130150795, -0.768674373627, -0.778515160084],
        "min": [-0.890790581703, -0.907089948654, -0.919477462769, -0.907126188278, -0.88624471426, -0.881063222885],
        "stdev": [0.0729687735438, 0.0795253142715, 0.0692463815212, 0.052121758461, 0.0341108180583, 0.0349657945335]
    },
    "spectral_contrast_valleys": {
        "max": [-5.45774698257, -4.95286178589, -5.81789016724, -6.56033372879, -7.39868879318, -10.9000816345],
        "mean": [-6.81103467941, -6.30467939377, -7.18414449692, -7.63654756546, -8.62998580933, -12.6960678101],
        "min": [-8.33563327789, -8.10919094086, -8.83310413361, -9.20132923126, -10.1299419403, -13.5974445343],
        "stdev": [0.433572471142, 0.515290498734, 0.479489475489, 0.487606078386, 0.569107294083, 0.393875837326]
    }
},
"rhythm": {
    "beats_count": 91,
    "beats_loudness": {
        "max": 0.0994198396802,
        "mean": 0.0332184359431,
        "min": 0.0102979801595,
        "stdev": 0.0160069614649
    },
    "bpm": 122.438827515,
    "bpm_histogram_first_peak_bpm": 123,
    "bpm_histogram_first_peak_weight": 0.49315071106,
    "bpm_histogram_second_peak_bpm": 117,
    "bpm_histogram_second_peak_spread": 0.0769230723381,
    "bpm_histogram_second_peak_weight": 0.133333340287,
    "danceability": 1.11200809479,
    "onset_rate": 2.65091991425,
    "beats_loudness_band_ratio": {
        "max": [0.729969978333, 0.774412751198, 0.798143982887, 0.766734302044, 0.403360933065, 0.0174688715488],
        "mean": [0.202372476459, 0.271968871355, 0.276113659143, 0.222917437553, 0.0621845237911, 0.00296325120144],
        "min": [0.010421234183, 0.027173306793, 0.0267215874046, 0.00742243789136, 0.00155714678112, 0.00011133539374],
        "stdev": [0.161126285791, 0.183371976018, 0.209690317512, 0.211909487844, 0.0723895281553, 0.00292071606964]
    },
