{
"metadata": {
    "version": {
        "essentia": "2.1-beta5",
        "essentia_git_sha": "Undefined",
        "extractor": "music 2.0"
    },
    "audio_properties": {
        "analysis": {
            "equal_loudness": 0,
            "length": 12.7477550507,
            "sample_rate": 44100,
            "start_time": 0,
            "downmix": "mix"
        },
        "bit_rate": 192000,
        "length": 220.891433716,
        "lossless": 0,
        "number_channels": 2,
        "replay_gain": 19.567358017,
        "sample_rate": 44100,
        "codec": "mp3",
        "md5_encoded": "2637d0f1317011c937036261d1f4e49a"
    },
    "tags": {
        "file_name": "Switzerland_Swiss Lady_Pepe Lienhard Band.mp3",
        "encoding": ["Lavf58.29.100"]
    }
},
"lowlevel": {
    "average_loudness": 7.11853863322e-05,
    "barkbands_crest": {
        "max": 8.95865726471,
        "mean": 6.47442770004,
        "min": 3.34350252151,
        "stdev": 0.71862834692
    },
    "barkbands_flatness_db": {
        "max": 0.172068744898,
        "mean": 0.0803126245737,
        "min": 0.0531786754727,
        "stdev": 0.0181900020689
    },
    "barkbands_kurtosis": {
        "max": 5.57226467133,
        "mean": 3.14203691483,
        "min": 0.131616592407,
        "stdev": 0.859601080418
    },
    "barkbands_skewness": {
        "max": -0.134293213487,
        "mean": -1.76409673691,
        "min": -2.26742720604,
        "stdev": 0.318989932537
    },
    "barkbands_spread": {
        "max": 58.0819473267,
        "mean": 25.1695594788,
        "min": 7.17143917084,
        "stdev": 5.16911745071
    },
    "dissonance": {
        "max": 0.499973624945,
        "mean": 0.49307090044,
        "min": 0.460821986198,
        "stdev": 0.00533295702189
    },
    "dynamic_complexity": 17.4771022797,
    "erbbands_crest": {
        "max": 9.32312202454,
        "mean": 3.74017310143,
        "min": 2.44017481804,
        "stdev": 1.05555152893
    },
    "erbbands_flatness_db": {
        "max": 0.297607630491,
        "mean": 0.111940160394,
        "min": 0.0817973688245,
        "stdev": 0.0433843024075
    },
    "erbbands_kurtosis": {
        "max": 1.98157835007,
        "mean": 0.164407357574,
        "min": -0.574041604996,
        "stdev": 0.359923869371
    },
    "erbbands_skewness": {
        "max": 0.637876212597,
        "mean": -0.602066218853,
        "min": -0.974052250385,
        "stdev": 0.179684922099
    },
    "erbbands_spread": {
        "max": 44.3608093262,
        "mean": 34.1799507141,
        "min": 7.95010232925,
        "stdev": 7.07437849045
    },
    "hfc": {
        "max": 1097.45251465,
        "mean": 19.3182792664,
        "min": 1.03376665443e-16,
        "stdev": 98.6215515137
    },
    "loudness_ebu128": {
        "integrated": -34.045337677,
        "loudness_range": 16.3879776001,
        "momentary": {
            "max": -31.2213535309,
            "mean": -278.394195557,
            "min": -300.691009521,
            "stdev": 72.0693283081
        },
        "short_term": {
            "max": -38.8289489746,
            "mean": -273.482788086,
            "min": -300.691009521,
            "stdev": 77.3032150269
        }
    },
    "melbands_crest": {
        "max": 9.90015888214,
        "mean": 2.56854867935,
        "min": 1.37826085091,
        "stdev": 0.9810115695
    },
    "melbands_flatness_db": {
        "max": 0.176194563508,
        "mean": 0.0169070884585,
        "min": 0.00276714167558,
        "stdev": 0.0363095887005
    },
    "melbands_kurtosis": {
        "max": 1.60473060608,
        "mean": -1.07366144657,
        "min": -1.42655718327,
        "stdev": 0.397191792727
    },
    "melbands_skewness": {
        "max": 0.32090741396,
        "mean": -0.0385391451418,
        "min": -0.774227619171,
        "stdev": 0.165742754936
    },
    "melbands_spread": {
        "max": 164.682250977,
        "mean": 123.855796814,
        "min": 18.2749900818,
        "stdev": 28.814283371
    },
    "pitch_salience": {
        "max": 0.915154159069,
        "mean": 0.791413068771,
        "min": 0.725766658783,
        "stdev": 0.0146919554099
    },
    "silence_rate_20dB": {
        "max": 1,
        "mean": 0.985454559326,
        "min": 0,
        "stdev": 0.119724206626
    },
    "silence_rate_30dB": {
        "max": 1,
        "mean": 0.956363618374,
        "min": 0,
        "stdev": 0.204284638166
    },
    "silence_rate_60dB": {
        "max": 1,
        "mean": 0.934545457363,
        "min": 0,
        "stdev": 0.247326165438
    },
    "spectral_centroid": {
        "max": 11954.921875,
        "mean": 10320.0722656,
        "min": 1612.20214844,
        "stdev": 2447.82104492
    },
    "spectral_complexity": {
        "max": 64,
        "mean": 3.17272734642,
        "min": 0,
        "stdev": 12.1236524582
    },
    "spectral_decrease": {
        "max": 3.86482638074e-17,
        "mean": -2.97759772394e-09,
        "min": -1.68636475451e-07,
        "stdev": 1.52534873621e-08
    },
    "spectral_energy": {
        "max": 0.73601603508,
        "mean": 0.0129903480411,
        "min": 9.85477617078e-21,
        "stdev": 0.0664888471365
    },
    "spectral_energyband_high": {
        "max": 0.0132350791246,
        "mean": 0.000136245158501,
        "min": 6.79831391903e-21,
        "stdev": 0.000824621820357
    },
    "spectral_energyband_low": {
        "max": 0.0251182876527,
        "mean": 0.000381824793294,
        "min": 7.89048654116e-24,
        "stdev": 0.00225780648179
    },
    "spectral_energyband_middle_high": {
        "max": 0.655610322952,
        "mean": 0.0108951115981,
        "min": 1.0514414743e-21,
        "stdev": 0.055913798511
    },
    "spectral_energyband_middle_low": {
        "max": 0.110549494624,
        "mean": 0.00171496008988,
        "min": 1.27990346844e-22,
        "stdev": 0.00930965784937
    },
    "spectral_entropy": {
        "max": 9.82797145844,
        "mean": 9.63705921173,
        "min": 7.42952299118,
        "stdev": 0.562663078308
    },
    "spectral_flux": {
        "max": 0.548118948936,
        "mean": 0.0177874267101,
        "min": 6.23607970818e-11,
        "stdev": 0.0756185352802
    },
    "spectral_kurtosis": {
        "max": 26.58177948,
        "mean": -0.448519289494,
        "min": -1.27495026588,
        "stdev": 2.89873027802
    },
    "spectral_rms": {
        "max": 0.0267967246473,
        "mean": 0.000818775268272,
        "min": 3.10071217834e-12,
        "stdev": 0.00346455187537
    },
    "spectral_rolloff": {
        "max": 19681.3476562,
        "mean": 17539.0683594,
        "min": 1808.7890625,
        "stdev": 4311.61279297
    },
    "spectral_skewness": {
        "max": 4.18601322174,
        "mean": 0.134441182017,
        "min": -0.107060350478,
        "stdev": 0.480810046196
    },
    "spectral_spread": {
        "max": 43301160,
        "mean": 37455308,
        "min": 1546648.875,
        "stdev": 10314653
    },
    "spectral_strongpeak": {
        "max": 9.52685260773,
        "mean": 0.233519732952,
        "min": 0,
        "stdev": 1.03315007687
    },
    "zerocrossingrate": {
        "max": 0.533203125,
        "mean": 0.466441750526,
        "min": 0.0048828125,
        "stdev": 0.11711088568
    },
    "barkbands": {
        "max": [0.0198193471879, 0.0183833315969, 0.00811283476651, 0.00456396117806, 0.0143144810572, 0.0177348852158, 0.00953469146043, 0.0334247387946, 0.0310565531254, 0.0985574573278, 0.133107066154, 0.153700202703, 0.0890485644341, 0.100786678493, 0.0955551564693, 0.0482280887663, 0.0554891489446, 0.0211523659527, 0.0214274916798, 0.0115719456226, 0.00515126576647, 0.00247240392491, 0.000759170390666, 0.000336173310643, 8.19652777864e-05, 3.48437461071e-05, 2.55391914834e-05],
        "mean": [0.000141284617712, 0.000182282761671, 9.04628759599e-05, 6.16624747636e-05, 0.000163008386153, 0.000218548011617, 0.000168022525031, 0.000268711504759, 0.000525839626789, 0.00097437488148, 0.00119052338414, 0.00150174787268, 0.00157529732678, 0.00162311457098, 0.0016596961068, 0.00100433104672, 0.000807424832601, 0.000411961227655, 0.000219904613914, 0.000113113193947, 5.06405885972e-05, 2.15293093788e-05, 1.21413277157e-05, 3.82076859751e-06, 5.92034439251e-07, 1.94661851083e-07, 1.21612174553e-07],
        "min": [8.10374990999e-26, 1.93352253338e-24, 5.67157661481e-25, 5.50204695501e-25, 4.92833908561e-24, 4.82364383285e-24, 1.20554226435e-24, 4.76479402046e-24, 5.71780346942e-24, 8.03865039638e-24, 9.6297489212e-24, 1.71276722435e-23, 2.04675862539e-23, 2.85167158786e-23, 2.7762236687e-23, 4.76350344402e-23, 4.3241561981e-23, 8.1011603656e-23, 6.64152724614e-23, 1.58022571806e-22, 1.99756103105e-22, 2.48726253073e-22, 3.68667315675e-22, 5.25598659347e-22, 6.78950947402e-22, 1.25745720762e-21, 1.73300618925e-21],
        "stdev": [0.00112968427129, 0.00117104081437, 0.000648746557999, 0.000374030700186, 0.000986249418929, 0.00130932813045, 0.000979545642622, 0.00185861287173, 0.00293088355102, 0.00596714019775, 0.00791199412197, 0.00933325104415, 0.00831141788512, 0.00861762277782, 0.00874941702932, 0.00499474303797, 0.00439523393288, 0.00223145005293, 0.00130927772261, 0.000678950222209, 0.000326446664985, 0.000150243067765, 7.1215472417e-05, 2.40680383286e-05, 5.04684021507e-06, 1.94670542442e-06, 1.34207300562e-06]
    },
    "erbbands": {
        "max": [0.82358199358, 2.92694234848, 7.89509820938, 15.5774784088, 24.8947105408, 67.5254211426, 152.98828125, 145.445419312, 175.254577637, 230.294937134, 859.388977051, 754.491943359, 2911.58154297, 2526.73266602, 5234.92871094, 7145.36816406, 4900.90820312, 6040.38964844, 3959.41088867, 5414.51416016, 2699.49633789, 3409.71630859, 1438.5645752, 1284.42468262, 600.328063965, 446.860290527, 240.925231934, 188.174606323, 97.1125259399, 46.2739334106, 21.3512191772, 10.8889923096, 4.5575261116, 1.23086309433, 0.446118712425, 0.181571274996, 0.0545613132417, 0.0145509606227, 0.00404890999198, 0.00131729536224],
        "mean": [0.00771426269785, 0.0328888893127, 0.0938832908869, 0.174592286348, 0.349040269852, 0.586434006691, 1.12247300148, 1.88032472134, 2.27985715866, 3.20430922508, 7.22305870056, 11.9796676636, 26.0566291809, 35.3301887512, 51.3466720581, 66.1353149414, 75.5482406616, 82.3662567139, 82.9594345093, 80.2350692749, 52.9449996948, 44.6025657654, 25.5866756439, 15.0479917526, 9.43724822998, 5.07391548157, 2.85256028175, 1.50164747238, 0.811767935753, 0.528742909431, 0.323828101158, 0.142339512706, 0.0376190505922, 0.0096538066864, 0.00304265250452, 0.00106570508797, 0.000328874943079, 7.8286670032e-05, 2.57017454715e-05, 1.84755408554e-05],
        "min": [3.24600548389e-23, 3.32541752376e-22, 6.75889460271e-22, 1.81889443636e-21, 7.19546724181e-21, 1.29071598728e-20, 1.87534123328e-20, 5.06802090643e-20, 3.07089703811e-20, 1.13087738951e-19, 1.51877029608e-19, 1.84914209683e-19, 3.85158893702e-19, 3.77760021616e-19, 7.45641335369e-19, 1.00138619373e-18, 1.20846848193e-18, 1.75109544825e-18, 1.87327829653e-18, 2.61157132123e-18, 2.8731864219e-18, 3.50082273977e-18, 4.72626972416e-18, 4.99303919402e-18, 5.66863110111e-18, 6.67115994145e-18, 6.92861122171e-18, 9.40223528655e-18, 9.65606227496e-18, 8.40666303516e-18, 1.04161742563e-17, 9.54899946109e-18, 8.77266812233e-18, 7.66906029268e-18, 5.25162577967e-18, 3.50772928429e-18, 2.23044578604e-18, 9.06826835206e-19, 2.22651455848e-19, 2.25640250041e-20],
        "stdev": [0.0511184856296, 0.209688737988, 0.645120441914, 1.13826489449, 2.10008692741, 3.80142211914, 8.20327758789, 10.8857879639, 12.8803815842, 18.6061401367, 48.030090332, 66.5029067993, 164.433532715, 203.841384888, 317.807647705, 429.768615723, 412.435211182, 447.087036133, 414.452392578, 439.957092285, 262.666503906, 247.599029541, 137.039459229, 88.422203064, 51.8916473389, 28.5158805847, 16.7405166626, 10.7801961899, 5.72762012482, 3.30295872688, 1.92281389236, 0.883976578712, 0.276186138391, 0.0799940302968, 0.0260319970548, 0.0102502871305, 0.00329346209764, 0.000793972867541, 0.000223457172979, 9.9727367342e-05]
    },
    "gfcc": {
        "mean": [-1165.69116211, 7.42961454391, -16.2957515717, 0.958525598049, -3.14251947403, 0.983872830868, -1.94605696201, -0.284795463085, -0.50851982832, -0.743219852448, -0.182695895433, -0.342152357101, -0.155284330249],
        "cov": [[118421.335938, 9664.97558594, -19231.7089844, 1255.91943359, -3619.68994141, 1156.60229492, -2203.66870117, -413.636627197, -552.92565918, -966.366333008, -146.621322632, -457.323791504, -147.819778442], [9664.97558594, 967.438293457, -1565.84594727, 116.115585327, -270.696502686, 88.4653625488, -166.997039795, -47.428527832, -33.2298088074, -97.891418457, 2.73669886589, -50.9827041626, -7.44741201401], [-19231.7089844, -1565.84594727, 3156.28808594, -196.770523071, 592.900756836, -186.422317505, 364.736450195, 66.9165649414, 88.4399795532, 157.441696167, 23.2454376221, 76.2110595703, 25.4289646149], [1255.91943359, 116.115585327, -196.770523071, 25.4189167023, -35.5921325684, 13.2736320496, -18.2361526489, -6.81993103027, -3.62854337692, -12.9603748322, 0.0382798910141, -7.0779838562, 1.89129161835], [-3619.68994141, -270.696502686, 592.900756836, -35.5921325684, 118.552284241, -35.3837814331, 69.246673584, 11.3770914078, 17.0437965393, 27.7151622772, 5.18852615356, 13.5779933929, 4.14177370071], [1156.60229492, 88.4653625488, -186.422317505, 13.2736320496, -35.3837814331, 14.4178190231, -19.3959884644, -2.53990054131, -4.86855125427, -8.75991821289, -1.55705177784, -4.36478710175, -0.952531635761], [-2203.66870117, -166.997039795, 364.736450195, -18.2361526489, 69.246673584, -19.3959884644, 48.2597389221, 7.38058042526, 12.55078125, 16.8231048584, 4.99922704697, 6.82288646698, 5.09160137177], [-413.636627197, -47.428527832, 66.9165649414, -6.81993103027, 11.3770914078, -2.53990054131, 7.38058042526, 5.07937145233, 1.55427861214, 5.85874605179, -0.579895436764, 3.23074388504, 0.0187359582633], [-552.92565918, -33.2298088074, 88.4399795532, -3.62854337692, 17.0437965393, -4.86855125427, 12.55078125, 1.55427861214, 6.61732292175, 3.70438766479, 3.07906317711, 0.607540845871, 2.22970676422], [-966.366333008, -97.891418457, 157.441696167, -12.9603748322, 27.7151622772, -8.75991821289, 16.8231048584, 5.85874605179, 3.70438766479, 12.0892705917, -0.043896894902, 6.69988775253, 0.295473992825], [-146.621322632, 2.73669886589, 23.2454376221, 0.0382798910141, 5.18852615356, -1.55705177784, 4.99922704697, -0.579895436764, 3.07906317711, -0.043896894902, 4.24047422409, -0.199769616127, 1.80632138252], [-457.323791504, -50.9827041626, 76.2110595703, -7.0779838562, 13.5779933929, -4.36478710175, 6.82288646698, 3.23074388504, 0.607540845871, 6.69988775253, -0.199769616127, 6.15205144882, -0.0395093075931], [-147.819778442, -7.44741201401, 25.4289646149, 1.89129161835, 4.14177370071, -0.952531635761, 5.09160137177, 0.0187359582633, 2.22970676422, 0.295473992825, 1.80632138252, -0.0395093075931, 3.52621459961]],
        "icov": [[0.00334222777747, -0.0110102966428, 0.0062385792844, -0.015399527736, 0.0313486605883, -0.0251849852502, 0.00702744955197, -0.00316392886452, 0.0249341353774, -0.0190509781241, 0.0105740129948, -0.0123112760484, 0.00664454232901], [-0.0110102966428, 0.0620461702347, 0.004872626625, 0.0489826872945, -0.156396210194, 0.111622415483, -0.0573405921459, 0.0255489163101, -0.106542266905, 0.136114791036, -0.0610840134323, 0.0265056267381, -0.00786116253585], [0.0062385792844, 0.004872626625, 0.056579913944, -0.0155986370519, -0.0289808250964, 0.0370585173368, -0.0807058289647, 0.0077012614347, 0.019825367257, 0.00635922653601, 0.0295912176371, -0.0468974038959, 0.00394983030856], [-0.015399527736, 0.0489826872945, -0.0155986370519, 0.23780824244, -0.161373198032, 0.0428231656551, -0.0947038456798, 0.139454856515, -0.13981346786, 0.118480280042, 0.0352450497448, 0.0312458071858, -0.159269720316], [0.0313486605883, -0.156396210194, -0.0289808250964, -0.161373198032, 0.589136719704, -0.272767364979, 0.102287255228, -0.0731320679188, 0.25158688426, -0.203426629305, 0.136216938496, -0.159085825086, 0.152809858322], [-0.0251849852502, 0.111622415483, 0.0370585173368, 0.0428231656551, -0.272767364979, 0.796704828739, -0.323148816824, -0.214482262731, -0.213791906834, 0.272278606892, -0.0159919094294, 0.0054904348217, 0.013738441281], [0.00702744955197, -0.0573405921459, -0.0807058289647, -0.0947038456798, 0.102287255228, -0.323148816824, 0.498642653227, -0.0481967553496, 0.085161074996, -0.213273212314, -0.134115934372, 0.17424634099, -0.086222268641], [-0.00316392886452, 0.0255489163101, 0.0077012614347, 0.139454856515, -0.0731320679188, -0.214482262731, -0.0481967553496, 0.67755740881, -0.102954238653, -0.2008151263, 0.0982137024403, -0.0200425572693, -0.0836612358689], [0.0249341353774, -0.106542266905, 0.019825367257, -0.13981346786, 0.25158688426, -0.213791906834, 0.085161074996, -0.102954238653, 0.710070252419, -0.38156247139, -0.166823506355, 0.156471952796, -0.0532414466143], [-0.0190509781241, 0.136114791036, 0.00635922653601, 0.118480280042, -0.203426629305, 0.272278606892, -0.213273212314, -0.2008151263, -0.38156247139, 1.10580074787, -0.00293823843822, -0.412260740995, 0.146452859044], [0.0105740129948, -0.0610840134323, 0.0295912176371, 0.0352450497448, 0.136216938496, -0.0159919094294, -0.134115934372, 0.0982137024403, -0.166823506355, -0.00293823843822, 0.635501086712, -0.221423387527, -0.111513875425], [-0.0123112760484, 0.0265056267381, -0.0468974038959, 0.0312458071858, -0.159085825086, 0.0054904348217, 0.17424634099, -0.0200425572693, 0.156471952796, -0.412260740995, -0.221423387527, 0.681615948677, -0.145160377026], [0.00664454232901, -0.00786116253585, 0.00394983030856, -0.159269720316, 0.152809858322, 0.013738441281, -0.086222268641, -0.0836612358689, -0.0532414466143, 0.146452859044, -0.111513875425, -0.145160377026, 0.628529191017]]
    },
    "melbands": {
        "max": [0.00616092421114, 0.00361469737254, 0.00264153932221, 0.00323699531145, 0.00414551189169, 0.00326957111247, 0.00236341543496, 0.00331750162877, 0.0064217695035, 0.00481173349544, 0.014894223772, 0.0100088370964, 0.0194335021079, 0.0134004093707, 0.0161601640284, 0.0103746000677, 0.0112817380577, 0.00662572076544, 0.00944134499878, 0.00383458589204, 0.00327362958342, 0.00393248349428, 0.0015642461367, 0.00121647072956, 0.0011210013181, 0.000600802071858, 0.00047201642883, 0.0002636659774, 0.000151816420839, 0.000117534946185, 0.000111333873065, 5.47402778466e-05, 4.58904542029e-05, 1.59701194207e-05, 1.24536290969e-05, 1.28186602524e-05, 5.34252194484e-06, 3.50569939656e-06, 1.87502519111e-06, 7.80067296091e-07],
        "mean": [6.67327112751e-05, 4.70844461233e-05, 3.49072979589e-05, 3.32323033945e-05, 3.65063024219e-05, 4.25432481279e-05, 3.52583956555e-05, 3.90086061088e-05, 6.02369873377e-05, 7.93076760601e-05, 0.000132755754748, 0.000137907933095, 0.00017027449212, 0.000158240145538, 0.000177035690285, 0.000158056471264, 0.00015060606529, 0.000131852648337, 0.000125939885038, 8.19627020974e-05, 5.80555606575e-05, 4.96825305163e-05, 2.8647174986e-05, 1.92735860765e-05, 1.13843743748e-05, 7.61222008805e-06, 5.3735043366e-06, 2.91864762403e-06, 1.87850366729e-06, 1.25769042825e-06, 7.47477315599e-07, 4.74218921909e-07, 3.61928499615e-07, 2.60032578581e-07, 1.90665389255e-07, 1.44597123608e-07, 6.4055065252e-08, 2.79036207473e-08, 1.31278881099e-08, 6.0864895346e-09],
        "min": [4.59860449634e-25, 3.42041731509e-25, 5.04027736338e-25, 7.5647698177e-25, 8.02994728845e-25, 1.14940455575e-24, 4.06708333043e-25, 1.15572283856e-24, 1.27350292715e-24, 7.78178939703e-25, 2.01826098575e-24, 1.07536532524e-24, 2.28159873034e-24, 1.6615599753e-24, 2.26743808545e-24, 1.75304141346e-24, 2.51105272969e-24, 2.01424233108e-24, 2.03843669504e-24, 3.24431333781e-24, 2.09813946329e-24, 2.44068377315e-24, 2.30761043262e-24, 3.96407811356e-24, 3.31063819892e-24, 3.00876381024e-24, 3.5866689127e-24, 4.0935858028e-24, 3.84893321482e-24, 4.51213725531e-24, 4.78858567093e-24, 4.9019461663e-24, 3.29241748416e-24, 3.50244617815e-24, 5.17262682542e-24, 5.20560831101e-24, 4.57125961914e-24, 5.5001299244e-24, 4.06011798446e-24, 5.76177378742e-24],
        "stdev": [0.000417252042098, 0.000301555381157, 0.00020948445308, 0.00020487405709, 0.000246646028245, 0.000245819217525, 0.000197301691514, 0.000232873222558, 0.000378772616386, 0.000444071047241, 0.000843983783852, 0.000795141211711, 0.0011141016148, 0.000914791307878, 0.00109748565592, 0.000840957043692, 0.00082803145051, 0.000664084800519, 0.000704379053786, 0.000424246885814, 0.000290723284706, 0.000280511652818, 0.000150401712744, 0.000110443979793, 6.97219220456e-05, 4.25029102189e-05, 3.11776238959e-05, 1.64436514751e-05, 1.07769174065e-05, 8.16709689389e-06, 5.90163017478e-06, 3.3645651456e-06, 2.60024785348e-06, 1.52732172864e-06, 1.10481414595e-06, 9.35233629207e-07, 3.98494393039e-07, 2.06538913972e-07, 1.12601469482e-07, 5.05531971839e-08]
    },
    "melbands128": {
        "max": [0.00577695993707, 0.00744150113314, 0.00798050872982, 0.0050039361231, 0.00426462618634, 0.00406911270693, 0.00356062082574, 0.00173999951221, 0.00317833642475, 0.00341321015731, 0.00458087958395, 0.00212164432742, 0.00678638461977, 0.00512411026284, 0.00366782629862, 0.00363973714411, 0.00365987303667, 0.00254731113091, 0.00284054665826, 0.00260453298688, 0.0030895776581, 0.00999019108713, 0.00801266822964, 0.00401947554201, 0.00721513526514, 0.00782080553472, 0.00717123178765, 0.0247076004744, 0.0123573224992, 0.0135099552572, 0.0106960497797, 0.0152676161379, 0.0304995179176, 0.0137958284467, 0.00834048911929, 0.00969384238124, 0.0342799276114, 0.0165293067694, 0.0135811306536, 0.0142878293991, 0.0114744370803, 0.00936738215387, 0.0180880147964, 0.00888541061431, 0.00694883801043, 0.00885476917028, 0.00602828338742, 0.0112223224714, 0.0138342417777, 0.00607345113531, 0.00494889449328, 0.00383869954385, 0.00367912231013, 0.0047168652527, 0.00284775765613, 0.0063105407171, 0.0034678268712, 0.00183451757766, 0.00131555378903, 0.0016581149539, 0.00189939362463, 0.000999346375465, 0.00106049817987, 0.00141127826646, 0.00096302543534, 0.00061000790447, 0.000364566483768, 0.000476970133604, 0.00062939961208, 0.000227073411224, 0.000270874617854, 0.00027946010232, 0.000201880087843, 9.07278081286e-05, 0.000191614963114, 0.000102469108242, 0.000103918406239, 0.000108234031359, 0.000127950552269, 0.000101916237327, 4.6520595788e-05, 3.68610635633e-05, 5.82717548241e-05, 4.53316279163e-05, 4.46498161182e-05, 2.12076301978e-05, 1.54315985128e-05, 1.73420030478e-05, 1.20831991808e-05, 1.58191433002e-05, 1.50450860019e-05, 1.41093587445e-05, 6.60364594296e-06, 6.36718641545e-06, 4.62520438305e-06, 3.5812263377e-06, 3.84714712709e-06, 2.90728303298e-06, 1.72840714185e-06, 1.52166876433e-06, 9.73918076852e-07, 5.57185330763e-07, 7.466982197e-07, 7.45287195514e-07, 4.22937063149e-07, 3.05833083303e-07, 4.79099810491e-07, 4.53857154525e-07, 2.03326180781e-07, 3.35937556883e-07, 2.33079049394e-07, 2.1736568101e-07, 2.40700956056e-07, 1.0918297022e-07, 9.71153113483e-08, 1.34502244009e-07, 1.05769693448e-07, 8.5593164556e-08, 1.17284393752e-07, 1.0370862924e-07, 1.05934802264e-07, 1.32209379444e-07, 1.01350870807e-07, 1.40441130725e-07, 7.54186189056e-08, 1.11236829525e-07, 4.62508360499e-08, 6.24574525432e-08],
        "mean": [7.75444350438e-05, 7.48616803321e-05, 6.17457480985e-05, 5.20967514603e-05, 4.69647602586e-05, 4.5018234232e-05, 3.50052760041e-05, 3.04245677398e-05, 3.67946413462e-05, 3.25831970258e-05, 3.29539834638e-05, 2.97225196846e-05, 3.84150007449e-05, 4.45511068392e-05, 4.13238522015e-05, 4.44604884251e-05, 3.68444889318e-05, 3.29132017214e-05, 3.43575993611e-05, 3.12861957354e-05, 4.04289348808e-05, 6.39180725557e-05, 6.30362919765e-05, 5.64162764931e-05, 6.83727412252e-05, 9.05891283765e-05, 0.000100334269518, 0.000151135973283, 0.000140818185173, 0.000139077063068, 0.000126315702801, 0.000159238305059, 0.000193585598026, 0.000165355959325, 0.000129917418235, 0.000147218466736, 0.000219904322876, 0.000162837503012, 0.000164437355124, 0.000184585500392, 0.000138262577821, 0.000151353800902, 0.000170979488757, 0.000138483534101, 0.000126407845528, 0.000149941857671, 0.000106506784505, 0.000128886807943, 0.000142059696373, 9.71209155978e-05, 7.64904616517e-05, 6.00064267928e-05, 6.15551980445e-05, 5.5478176364e-05, 5.51969205844e-05, 5.22266927874e-05, 4.29784668086e-05, 3.21254556184e-05, 2.26164338528e-05, 2.22860526264e-05, 2.1653220756e-05, 1.42947974382e-05, 1.41131886267e-05, 9.46730142459e-06, 9.04352964426e-06, 7.99763347459e-06, 6.36258164377e-06, 6.56839029034e-06, 5.40136124982e-06, 3.31171258949e-06, 2.93002585749e-06, 2.78124593933e-06, 2.1530486265e-06, 1.47647301674e-06, 1.96744190362e-06, 1.24090695408e-06, 1.08168603674e-06, 8.28954568988e-07, 7.02883312442e-07, 6.7720492325e-07, 4.82889106479e-07, 3.8740574837e-07, 4.18274424874e-07, 3.50550095618e-07, 3.391962764e-07, 2.9644459687e-07, 2.18868422053e-07, 2.07060750768e-07, 1.89410656048e-07, 1.84628930811e-07, 1.65583628586e-07, 1.41913631069e-07, 9.24193344076e-08, 6.42178932253e-08, 4.52028032782e-08, 3.27521867405e-08, 2.54118379672e-08, 1.90996445326e-08, 1.3645663266e-08, 9.8914618718e-09, 7.21751769461e-09, 5.39033528923e-09, 4.75011452394e-09, 4.32901625658e-09, 3.07550385159e-09, 2.33338126598e-09, 2.57354004773e-09, 2.37200548092e-09, 1.46796919065e-09, 1.47986278787e-09, 1.28785571096e-09, 1.10941655862e-09, 1.17085774409e-09, 6.67976618463e-10, 5.39851829906e-10, 6.51734499701e-10, 5.59869317573e-10, 4.42624187302e-10, 5.24122301115e-10, 5.64063129538e-10, 5.31780786073e-10, 5.25505972071e-10, 5.26741372742e-10, 6.2813509949e-10, 4.51351428454e-10, 4.37031438816e-10, 2.91997953594e-10, 3.19337639665e-10],
        "min": [3.65917660674e-26, 7.64582971306e-26, 2.54975695741e-25, 2.17617067511e-25, 2.03035244849e-25, 2.80005142928e-25, 3.61962268954e-25, 1.99396476012e-25, 4.40099976996e-25, 1.77226600303e-25, 2.28010112722e-25, 9.32839545189e-26, 3.04697105559e-25, 2.20039634699e-25, 3.24923203346e-25, 1.64623968022e-25, 7.30206939876e-26, 2.61737367687e-25, 2.4794544131e-25, 1.25515301177e-25, 1.82599827751e-25, 2.88709656024e-25, 1.39556815749e-25, 5.3985957359e-25, 3.22649903433e-25, 5.07072985951e-25, 4.55111901415e-25, 3.70789671788e-25, 3.03928853645e-25, 7.38292801133e-25, 3.58670968694e-25, 6.71312938949e-25, 6.2982565926e-25, 5.6332364957e-25, 8.06960332615e-25, 4.51611084629e-25, 4.43195565796e-25, 8.78794302467e-25, 5.48265478181e-25, 8.99267510933e-25, 1.00654963581e-24, 1.11960770164e-24, 1.07463444561e-24, 8.94651294131e-25, 1.29577809114e-24, 8.79806904047e-25, 6.94677519848e-25, 4.80196642821e-25, 1.23551621773e-24, 1.30081496802e-24, 1.09461264385e-24, 1.60394906896e-24, 1.27637940984e-24, 1.32324977774e-24, 1.41187583525e-24, 1.34081120199e-24, 1.80471594427e-24, 1.23042244426e-24, 9.30292029829e-25, 1.20884177369e-24, 1.70586832019e-24, 1.38203766455e-24, 1.4893375388e-24, 1.34390097294e-24, 1.58104725359e-24, 1.74170015744e-24, 2.00504243799e-24, 1.57438098451e-24, 2.12192066135e-24, 2.31286976827e-24, 2.68873161847e-24, 1.9546452702e-24, 1.44458121952e-24, 2.10050170727e-24, 2.46838560991e-24, 2.23462955762e-24, 2.7794782327e-24, 2.56003369494e-24, 2.2196863627e-24, 2.00799948309e-24, 2.36983992234e-24, 2.88879640758e-24, 2.24156463105e-24, 2.59676601692e-24, 2.78823596925e-24, 2.39838781242e-24, 1.58725440562e-24, 2.492200729e-24, 2.63127099013e-24, 2.1832930537e-24, 2.42579086812e-24, 3.23285335822e-24, 3.21603602701e-24, 3.15851288145e-24, 3.58826832818e-24, 3.77624599329e-24, 3.24627957361e-24, 2.75081122462e-24, 2.91432157989e-24, 3.10672613518e-24, 3.44766333816e-24, 4.40200004559e-24, 3.60086485912e-24, 3.21976122542e-24, 3.90922427608e-24, 3.4656221511e-24, 4.47909187199e-24, 3.35163687789e-24, 4.51501147001e-24, 3.78809665624e-24, 4.16378416817e-24, 4.55686842964e-24, 4.11299059777e-24, 4.31343581505e-24, 4.51058832692e-24, 4.52714336187e-24, 4.52559246134e-24, 4.83151469253e-24, 4.74662615938e-24, 3.94570909295e-24, 4.84312238632e-24, 4.87216745599e-24, 4.39649064103e-24, 3.55320346095e-24, 5.25805217842e-24, 4.15808938129e-24, 4.85662413515e-24, 4.82708563298e-24],
        "stdev": [0.000520935922395, 0.000496018328704, 0.000428661704063, 0.00034247271833, 0.000321809406159, 0.000325505010551, 0.000246037670877, 0.000176676549017, 0.000231451165746, 0.000216302869376, 0.000238899490796, 0.000184003976756, 0.000330059294356, 0.000316026533255, 0.000254855229286, 0.000262554181973, 0.000226508826017, 0.000202561685001, 0.000227593744057, 0.000202620067284, 0.000244828814175, 0.000506784941535, 0.000439290539362, 0.00031519701588, 0.00043805205496, 0.00059368822258, 0.000615082448348, 0.00119130092207, 0.000848547671922, 0.000889995018952, 0.000762811745517, 0.00107961799949, 0.00153430795763, 0.00103652523831, 0.000710704247467, 0.000846871815156, 0.00184198294301, 0.0010780824814, 0.00095628539566, 0.00108167110011, 0.000811955193058, 0.000822377740405, 0.00107914826367, 0.000781771552283, 0.000665712752379, 0.000815173378214, 0.00056689203484, 0.000770845450461, 0.000918321951758, 0.000564896734431, 0.000405884580687, 0.000330951297656, 0.000340341794072, 0.000325705303112, 0.000290979456622, 0.000362906925147, 0.000270166201517, 0.000171615378349, 0.000120638171211, 0.000121472068713, 0.00014342009672, 8.26643954497e-05, 8.91801100806e-05, 6.95914859534e-05, 5.51453558728e-05, 4.6566430683e-05, 3.50425580109e-05, 3.82264734071e-05, 3.56420496246e-05, 1.87759669643e-05, 1.65434830706e-05, 1.68347705767e-05, 1.28456422317e-05, 8.16651936475e-06, 1.34180163514e-05, 7.61894261814e-06, 7.45110719436e-06, 6.27936196906e-06, 6.25451048109e-06, 5.58513966098e-06, 3.36311290994e-06, 2.58170439338e-06, 3.29737872562e-06, 2.6380998861e-06, 2.50130210588e-06, 1.85609758319e-06, 1.23124550555e-06, 1.22665528579e-06, 1.0945844906e-06, 1.22082167309e-06, 1.12713837552e-06, 9.33197839004e-07, 5.64864024e-07, 4.28654061579e-07, 3.06102293735e-07, 2.27668778052e-07, 2.11931549643e-07, 1.64500832511e-07, 1.12298288002e-07, 9.07837218733e-08, 6.23268050504e-08, 4.07848688155e-08, 4.27834407901e-08, 4.02897519791e-08, 2.53405527673e-08, 1.97852969563e-08, 2.68900830491e-08, 2.48695481986e-08, 1.31058097708e-08, 1.6407408765e-08, 1.28964225965e-08, 1.16146336993e-08, 1.34186333156e-08, 6.62476073998e-09, 5.50652634601e-09, 7.12994019381e-09, 6.0246962974e-09, 4.85083351265e-09, 6.03435079682e-09, 6.17382589496e-09, 5.90734483552e-09, 6.36351460415e-09, 5.67141045238e-09, 7.26248705618e-09, 4.65281368989e-09, 5.27359356184e-09, 2.89012103138e-09, 3.41032824203e-09]
    },
    "mfcc": {
        "mean": [-1213.88964844, 9.90672874451, -6.76087474823, 0.165192961693, -0.268172442913, 0.943298339844, -0.437348395586, 0.84675937891, -0.480312496424, 0.631279587746, -0.528035521507, 0.261745274067, -0.0744037851691],
        "cov": [[34231.328125, 6449.99414062, -4388.98730469, 141.093704224, -213.737731934, 644.55078125, -279.020324707, 557.62286377, -306.174407959, 408.707244873, -343.275695801, 164.219619751, -63.3575401306], [6449.99414062, 1261.47192383, -856.409179688, 18.8653621674, -34.4465179443, 117.112640381, -56.574508667, 106.778495789, -62.8242988586, 81.1954116821, -67.9809341431, 32.160900116, -10.4011096954], [-4388.98730469, -856.409179688, 589.304321289, -12.4145956039, 24.6556797028, -80.6781234741, 38.9155082703, -72.4155578613, 42.9982948303, -54.6219673157, 46.3744392395, -22.645614624, 6.97310447693], [141.093704224, 18.8653621674, -12.4145956039, 6.92234802246, -0.631079912186, 4.6915473938, -0.247793897986, 2.32963204384, -0.253506422043, 0.561488032341, -0.817972898483, -0.135263621807, -1.71739387512], [-213.737731934, -34.4465179443, 24.6556797028, -0.631079912186, 5.5639166832, -4.16169404984, 1.4504147768, -3.10577249527, 1.25352180004, -2.79216599464, 1.96366524696, -1.51367938519, 0.383045703173], [644.55078125, 117.112640381, -80.6781234741, 4.6915473938, -4.16169404984, 14.8103456497, -4.41235637665, 11.0768871307, -4.90779352188, 7.6483502388, -6.32738018036, 2.51112389565, -0.959853112698], [-279.020324707, -56.574508667, 38.9155082703, -0.247793897986, 1.4504147768, -4.41235637665, 5.49991512299, -3.89400649071, 3.88493418694, -3.41565299034, 3.30763268471, -1.61118924618, 0.605244159698], [557.62286377, 106.778495789, -72.4155578613, 2.32963204384, -3.10577249527, 11.0768871307, -3.89400649071, 10.8772373199, -4.59283828735, 7.56659650803, -5.81816530228, 2.58925008774, -0.765792012215], [-306.174407959, -62.8242988586, 42.9982948303, -0.253506422043, 1.25352180004, -4.90779352188, 3.88493418694, -4.59283828735, 5.82459497452, -3.22447705269, 3.73144674301, -1.35805773735, 0.545627176762], [408.707244873, 81.1954116821, -54.6219673157, 0.561488032341, -2.79216599464, 7.6483502388, -3.41565299034, 7.56659650803, -3.22447705269, 7.33283138275, -4.52068519592, 1.92339670658, -0.459556996822], [-343.275695801, -67.9809341431, 46.3744392395, -0.817972898483, 1.96366524696, -6.32738018036, 3.30763268471, -5.81816530228, 3.73144674301, -4.52068519592, 5.57899856567, -0.950221776962, 1.22303974628], [164.219619751, 32.160900116, -22.645614624, -0.135263621807, -1.51367938519, 2.51112389565, -1.61118924618, 2.58925008774, -1.35805773735, 1.92339670658, -0.950221776962, 2.4058675766, 0.341275811195], [-63.3575401306, -10.4011096954, 6.97310447693, -1.71739387512, 0.383045703173, -0.959853112698, 0.605244159698, -0.765792012215, 0.545627176762, -0.459556996822, 1.22303974628, 0.341275811195, 2.53185033798]],
        "icov": [[0.00241986475885, -0.0133357802406, -0.00335731054656, -0.000813540071249, 0.0173034779727, -0.0223876852542, 0.00173317082226, -0.00428375368938, -0.00575737189502, 0.0158928204328, -0.00796953495592, 0.00102238659747, 0.00948724523187], [-0.0133357802406, 0.148376464844, 0.117780640721, -0.0228024553508, -0.116464972496, 0.154788076878, -0.00537273054942, -0.0251846984029, 0.0587794855237, -0.150583192706, 0.0510724931955, 0.00500295916572, -0.059400588274], [-0.00335731054656, 0.117780640721, 0.175305888057, -0.0599244050682, -0.033470403403, 0.160052537918, -0.0212892908603, -0.0111364135519, -0.0274371020496, -0.0580813288689, -0.0347259268165, 0.137145370245, -0.0625042691827], [-0.000813540071249, -0.0228024553508, -0.0599244050682, 0.355491518974, -0.0365809984505, -0.285766243935, 0.0171935427934, -0.0223228055984, -0.00538341701031, 0.10098093003, -0.0965966135263, -0.0301208589226, 0.248690024018], [0.0173034779727, -0.116464972496, -0.033470403403, -0.0365809984505, 0.40985879302, -0.028065579012, 0.0314383283257, -0.0972311794758, -0.0608767494559, 0.222394138575, -0.119407966733, 0.212937787175, -0.0051826806739], [-0.0223876852542, 0.154788076878, 0.160052537918, -0.285766243935, -0.028065579012, 0.888107120991, -0.0250736083835, -0.192737385631, -0.0749359130859, -0.0936767756939, 0.0690993666649, 0.304359048605, -0.345620721579], [0.00173317082226, -0.00537273054942, -0.0212892908603, 0.0171935427934, 0.0314383283257, -0.0250736083835, 0.461774349213, -0.192841634154, -0.160576581955, 0.106048308313, -0.0778682008386, 0.112799711525, -0.0151170920581], [-0.00428375368938, -0.0251846984029, -0.0111364135519, -0.0223228055984, -0.0972311794758, -0.192737385631, -0.192841634154, 0.89625877142, 0.00758695555851, -0.309550821781, 0.112106233835, -0.1303499192, -0.0307091977447], [-0.00575737189502, 0.0587794855237, -0.0274371020496, -0.00538341701031, -0.0608767494559, -0.0749359130859, -0.160576581955, 0.00758695555851, 0.583844542503, -0.258820474148, -0.0183994639665, -0.20563596487, 0.0546012222767], [0.0158928204328, -0.150583192706, -0.0580813288689, 0.10098093003, 0.222394138575, -0.0936767756939, 0.106048308313, -0.309550821781, -0.258820474148, 0.832121551037, -0.0555160082877, 0.191848039627, 0.02719001472], [-0.00796953495592, 0.0510724931955, -0.0347259268165, -0.0965966135263, -0.119407966733, 0.0690993666649, -0.0778682008386, 0.112106233835, -0.0183994639665, -0.0555160082877, 0.812440574169, -0.406917750835, -0.206438958645], [0.00102238659747, 0.00500295916572, 0.137145370245, -0.0301208589226, 0.212937787175, 0.304359048605, 0.112799711525, -0.1303499192, -0.20563596487, 0.191848039627, -0.406917750835, 1.2015709877, -0.221493437886], [0.00948724523187, -0.059400588274, -0.0625042691827, 0.248690024018, -0.0051826806739, -0.345620721579, -0.0151170920581, -0.0307091977447, 0.0546012222767, 0.02719001472, -0.206438958645, -0.221493437886, 0.716019272804]]
    },
    "spectral_contrast_coeffs": {
        "max": [-0.639028906822, -0.707098603249, -0.682804524899, -0.720877528191, -0.662031769753, -0.618290245533],
        "mean": [-0.947489321232, -0.952586770058, -0.947999179363, -0.948600530624, -0.943869650364, -0.939908862114],
        "min": [-0.982650101185, -0.98209053278, -0.977786004543, -0.974528193474, -0.971217215061, -0.967020750046],
        "stdev": [0.0569366775453, 0.0420666262507, 0.0456269904971, 0.0458583980799, 0.0582117252052, 0.0707155168056]
    },
    "spectral_contrast_valleys": {
        "max": [-5.23516368866, -4.41337633133, -3.89932370186, -4.20124149323, -4.87978506088, -8.85542297363],
        "mean": [-25.6578445435, -25.5532989502, -25.5801773071, -25.5346298218, -25.6240692139, -25.9548339844],
        "min": [-28.300447464, -27.9199371338, -27.964553833, -27.7946205139, -27.6162605286, -27.446144104],
        "stdev": [5.36359500885, 5.64258623123, 5.78141021729, 5.80126857758, 5.53750705719, 4.40705823898]
    }
},
"rhythm": {
    "beats_count": 29,
    "beats_loudness": {
        "max": 0.116388313472,
        "mean": 0.0042182514444,
        "min": 0,
        "stdev": 0.0215895026922
    },
    "bpm": 140.981719971,
    "bpm_histogram_first_peak_bpm": 140,
    "bpm_histogram_first_peak_weight": 0.466666698456,
    "bpm_histogram_second_peak_bpm": 126,
    "bpm_histogram_second_peak_spread": 0,
    "bpm_histogram_second_peak_weight": 0.25,
    "danceability": 1.38110184669,
    "onset_rate": 0.470242828131,
    "beats_loudness_band_ratio": {
        "max": [0.0388627946377, 0.0359461605549, 0.109442360699, 0.570182740688, 0.422039449215, 0.0330662950873],
        "mean": [0.00193526654039, 0.00166889757384, 0.00767168728635, 0.0355890206993, 0.0240154229105, 0.00156300887465],
        "min": [0, 0, 0, 0, 0, 0],
        "stdev": [0.00765388598666, 0.00689309416339, 0.0276660304517, 0.129750341177, 0.0895753651857, 0.00637915730476]
    },
    "beats_position": [0.406349211931, 0.824308395386, 1.24226760864, 1.66022670269, 2.07818579674, 2.49614500999, 2.91410422325, 3.34367346764, 3.7732424736, 4.20281171799, 4.63238096237, 5.06195020676, 5.4915189743, 5.92108821869, 6.32743740082, 6.73378658295, 7.14013576508, 7.59292507172, 8.04571437836, 8.498503685, 8.97451210022, 9.45052146912, 9.92653083801, 10.4025392532, 10.8785486221, 11.354557991, 11.8305664062, 12.2601356506, 12.7013149261],
    "bpm_histogram": [0, 0, 0, 0, 0, 0, 0, 0, 0, 0, 0, 0, 0, 0, 0, 0, 0, 0, 0, 0, 0, 0, 0, 0, 0, 0, 0, 0, 0, 0, 0, 0, 0, 0, 0, 0, 0, 0, 0, 0, 0, 0, 0, 0, 0, 0, 0, 0, 0, 0, 0, 0, 0, 0, 0, 0, 0, 0, 0, 0, 0, 0, 0, 0, 0, 0, 0, 0, 0, 0, 0, 0, 0, 0, 0, 0, 0, 0, 0, 0, 0, 0, 0, 0, 0, 0, 0, 0, 0, 0, 0, 0, 0, 0, 0, 0, 0, 0, 0, 0, 0, 0, 0, 0, 0, 0, 0, 0, 0, 0, 0, 0, 0, 0, 0, 0, 0, 0, 0, 0, 0, 0, 0, 0, 0, 0, 0.25, 0, 0, 0, 0, 0, 0, 0.107142858207, 0, 0, 0.0357142873108, 0, 0, 0, 0.285714298487, 0, 0, 0, 0.214285716414, 0, 0, 0, 0.107142858207, 0, 0, 0, 0, 0, 0, 0, 0, 0, 0, 0, 0, 0, 0, 0, 0, 0, 0, 0, 0, 0, 0, 0, 0, 0, 0, 0, 0, 0, 0, 0, 0, 0, 0, 0, 0, 0, 0, 0, 0, 0, 0, 0, 0, 0, 0, 0, 0, 0, 0, 0, 0, 0, 0, 0, 0, 0, 0, 0, 0, 0, 0, 0, 0, 0, 0, 0, 0, 0, 0, 0, 0, 0, 0, 0, 0, 0, 0, 0, 0, 0, 0, 0, 0, 0, 0, 0, 0, 0, 0, 0, 0, 0, 0, 0, 0, 0, 0, 0, 0, 0]
},
"tonal": {
    "chords_changes_rate": 0.0181159414351,
    "chords_number_rate": 0.0108695654199,
    "chords_strength": {
        "max": 0.440416246653,
        "mean": -0.799814522266,
