{
"metadata": {
    "version": {
        "essentia": "2.1-beta5",
        "essentia_git_sha": "Undefined",
        "extractor": "music 2.0"
    },
    "audio_properties": {
        "analysis": {
            "equal_loudness": 0,
            "length": 48.7502937317,
            "sample_rate": 44100,
            "start_time": 191.4949646,
            "downmix": "mix"
        },
        "bit_rate": 192000,
        "length": 270.466033936,
        "lossless": 0,
        "number_channels": 2,
        "replay_gain": -8.2114982605,
        "sample_rate": 44100,
        "codec": "mp3",
        "md5_encoded": "53f604f2c57e024c04b0371ac49169e7"
    },
    "tags": {
        "file_name": "Spain_Enseñame A Cantar_Micky.mp3",
        "encoding": ["Lavf58.29.100"]
    }
},
"lowlevel": {
    "average_loudness": 0.221969991922,
    "barkbands_crest": {
        "max": 24.929058075,
        "mean": 9.74011421204,
        "min": 2.99116683006,
        "stdev": 4.90569543839
    },
    "barkbands_flatness_db": {
        "max": 0.349840760231,
        "mean": 0.18369731307,
        "min": 0.090845502913,
        "stdev": 0.0533019267023
    },
    "barkbands_kurtosis": {
        "max": 68.5921401978,
        "mean": 7.19494819641,
        "min": -1.56750321388,
        "stdev": 9.45579624176
    },
    "barkbands_skewness": {
        "max": 6.90038394928,
        "mean": 1.24463403225,
        "min": -1.67725431919,
        "stdev": 1.39886271954
    },
    "barkbands_spread": {
        "max": 24.7317028046,
        "mean": 7.77753591537,
        "min": 0.691638410091,
        "stdev": 4.37596035004
    },
    "dissonance": {
        "max": 0.500000178814,
        "mean": 0.454181671143,
        "min": 0.198535934091,
        "stdev": 0.0420339480042
    },
    "dynamic_complexity": 9.22755718231,
    "erbbands_crest": {
        "max": 29.1404685974,
        "mean": 10.3965368271,
        "min": 3.76788473129,
        "stdev": 5.33685159683
    },
    "erbbands_flatness_db": {
        "max": 0.348701000214,
        "mean": 0.227124512196,
        "min": 0.129760786891,
        "stdev": 0.033740516752
    },
    "erbbands_kurtosis": {
        "max": 56.3831558228,
        "mean": 2.99056577682,
        "min": -1.73484957218,
        "stdev": 4.94637107849
    },
    "erbbands_skewness": {
        "max": 6.10804653168,
        "mean": 0.849649250507,
        "min": -1.8833527565,
        "stdev": 1.17109715939
    },
    "erbbands_spread": {
        "max": 46.6481704712,
        "mean": 14.5880403519,
        "min": 2.12109994888,
        "stdev": 5.89054965973
    },
    "hfc": {
        "max": 122.32509613,
        "mean": 16.8416194916,
        "min": 0.00243335263804,
        "stdev": 23.8220348358
    },
    "loudness_ebu128": {
        "integrated": -15.0486536026,
        "loudness_range": 18.1930713654,
        "momentary": {
            "max": -10.5404644012,
            "mean": -23.7202186584,
            "min": -38.2331848145,
            "stdev": 8.29083061218
        },
        "short_term": {
            "max": -12.293431282,
            "mean": -22.8553009033,
            "min": -35.246055603,
            "stdev": 7.33316040039
        }
    },
    "melbands_crest": {
        "max": 29.4649982452,
        "mean": 11.2751893997,
        "min": 3.1855700016,
        "stdev": 5.79048728943
    },
    "melbands_flatness_db": {
        "max": 0.42706233263,
        "mean": 0.246831521392,
        "min": 0.130027621984,
        "stdev": 0.0690332353115
    },
    "melbands_kurtosis": {
        "max": 66.818107605,
        "mean": 7.01358127594,
        "min": -1.59931600094,
        "stdev": 8.60727024078
    },
    "melbands_skewness": {
        "max": 6.29176712036,
        "mean": 1.27875614166,
        "min": -1.43669474125,
        "stdev": 1.14929127693
    },
    "melbands_spread": {
        "max": 48.1813964844,
        "mean": 13.7527599335,
        "min": 1.0123925209,
        "stdev": 10.0678920746
    },
    "pitch_salience": {
        "max": 0.902209162712,
        "mean": 0.692707538605,
        "min": 0.206968337297,
        "stdev": 0.120602279902
    },
    "silence_rate_20dB": {
        "max": 1,
        "mean": 1,
        "min": 1,
        "stdev": 0
    },
    "silence_rate_30dB": {
        "max": 1,
        "mean": 0.99857211113,
        "min": 0,
        "stdev": 0.0377618744969
    },
    "silence_rate_60dB": {
        "max": 1,
        "mean": 0.534031391144,
        "min": 0,
        "stdev": 0.498841971159
    },
    "spectral_centroid": {
        "max": 1912.2454834,
        "mean": 825.081115723,
        "min": 267.149963379,
        "stdev": 491.481750488
    },
    "spectral_complexity": {
        "max": 45,
        "mean": 14.4888153076,
        "min": 0,
        "stdev": 14.3825426102
    },
    "spectral_decrease": {
        "max": -1.39849297507e-12,
        "mean": -3.54762130783e-09,
        "min": -4.19032737398e-08,
        "stdev": 4.75845540748e-09
    },
    "spectral_energy": {
        "max": 0.166590750217,
        "mean": 0.0149171287194,
        "min": 5.49894457436e-06,
        "stdev": 0.0200590770692
    },
    "spectral_energyband_high": {
        "max": 0.000438787217718,
        "mean": 4.94493287988e-05,
        "min": 2.36518093999e-08,
        "stdev": 7.79609035817e-05
    },
    "spectral_energyband_low": {
        "max": 0.0243746489286,
        "mean": 0.000336344324751,
        "min": 4.56755600453e-07,
        "stdev": 0.000796345062554
    },
    "spectral_energyband_middle_high": {
        "max": 0.0526284240186,
        "mean": 0.00927832443267,
        "min": 4.84899715048e-07,
        "stdev": 0.0136620160192
    },
    "spectral_energyband_middle_low": {
        "max": 0.123765662313,
        "mean": 0.0055036037229,
        "min": 4.67862219011e-06,
        "stdev": 0.00882785022259
    },
    "spectral_entropy": {
        "max": 7.81322145462,
        "mean": 6.99885797501,
        "min": 5.40102434158,
        "stdev": 0.501596391201
    },
    "spectral_flux": {
        "max": 0.274344652891,
        "mean": 0.0569814220071,
        "min": 0.00493368506432,
        "stdev": 0.0543794594705
    },
    "spectral_kurtosis": {
        "max": 44.6101760864,
        "mean": 14.1965141296,
        "min": 3.71659708023,
        "stdev": 5.4218788147
    },
    "spectral_rms": {
        "max": 0.0127486297861,
        "mean": 0.00290128216147,
        "min": 7.32449625502e-05,
        "stdev": 0.00247706868686
    },
    "spectral_rolloff": {
        "max": 2433.25195312,
        "mean": 1024.62866211,
        "min": 258.3984375,
        "stdev": 659.59777832
    },
    "spectral_skewness": {
        "max": 5.33630084991,
        "mean": 2.85958504677,
        "min": 1.21093761921,
        "stdev": 0.565907537937
    },
    "spectral_spread": {
        "max": 15022928,
        "mean": 2572513,
        "min": 1616412.25,
        "stdev": 609803.5
    },
    "spectral_strongpeak": {
        "max": 7.78157520294,
        "mean": 0.766479432583,
        "min": 0.00161931361072,
        "stdev": 0.932398080826
    },
    "zerocrossingrate": {
        "max": 0.0810546875,
        "mean": 0.0380222573876,
        "min": 0.005859375,
        "stdev": 0.0198293961585
    },
    "barkbands": {
        "max": [0.00307424133644, 0.00343912863173, 0.0112355630845, 0.018334152177, 0.0290888287127, 0.0292371083051, 0.048748344183, 0.0233551878482, 0.0687070935965, 0.0503509230912, 0.0142589276657, 0.0146006066352, 0.0292203836143, 0.0140080070123, 0.0129720224068, 0.00997664965689, 0.00443664705381, 0.00257670972496, 0.00203703856096, 0.000386418396374, 0.000150237014168, 8.82218737388e-05, 3.77347823814e-05, 1.83242682397e-05, 2.13113871723e-05, 1.78145182872e-05, 1.09695679384e-06],
        "mean": [5.74563018745e-05, 0.00012954439444, 9.39536985243e-05, 0.000171165404026, 0.000717547314707, 0.00101693894248, 0.000872210774105, 0.000707291765139, 0.00158614781685, 0.00125381303951, 0.00114153255709, 0.00141189165879, 0.00155424315017, 0.00139608199243, 0.0012510655215, 0.000807444390375, 0.0004343635228, 0.000182776217116, 6.65160041535e-05, 2.8491136618e-05, 1.35990658237e-05, 1.02924550447e-05, 3.87478348784e-06, 2.71853900813e-06, 3.27398424815e-06, 2.85957298729e-06, 5.70666784938e-08],
        "min": [2.53616914137e-08, 1.0930008898e-07, 9.27479106849e-08, 1.38031225561e-07, 1.16203000289e-06, 1.89164461517e-06, 4.08308210353e-07, 3.0916098126e-08, 2.54864033877e-07, 2.34336567928e-07, 6.25182465797e-08, 5.5432536783e-08, 3.77137148178e-08, 5.60888970824e-08, 5.20492697831e-08, 4.44233760888e-09, 1.22613155185e-08, 3.08745420341e-08, 6.98484825534e-09, 8.88864892801e-09, 3.70325303756e-09, 6.09678574293e-09, 3.90241261528e-09, 4.15503098594e-09, 2.47465292702e-09, 1.1661933641e-09, 3.35928377129e-12],
        "stdev": [0.0001662804425, 0.000247343821684, 0.00032046152046, 0.000622652005404, 0.00129705341533, 0.00209257332608, 0.00174329779111, 0.00147588201798, 0.00474082026631, 0.00288694165647, 0.00196319632232, 0.00233514257707, 0.00266147614457, 0.00228555989452, 0.00204368145205, 0.00132414000109, 0.000708277977537, 0.000305937050143, 0.000122468933114, 4.99350353493e-05, 2.32368711295e-05, 1.59637347679e-05, 5.81613312534e-06, 3.91631601815e-06, 4.82647692479e-06, 4.17424234911e-06, 1.2150587736e-07]
    },
    "erbbands": {
        "max": [0.176400348544, 0.55212688446, 7.38455152512, 51.3605995178, 100.14025116, 119.042427063, 70.2065658569, 358.772460938, 312.489715576, 1036.06311035, 842.914794922, 1334.59875488, 2111.21191406, 652.599975586, 491.882629395, 593.978759766, 1433.50512695, 659.648193359, 784.104125977, 604.158752441, 394.468353271, 254.272125244, 142.933959961, 91.8973770142, 55.1052284241, 17.538646698, 8.40874958038, 7.44094228745, 3.4137597084, 1.83464097977, 0.95083874464, 0.382708787918, 0.365040183067, 0.341921627522, 0.0919147059321, 0.0578504018486, 0.0436140559614, 0.00557107105851, 0.000143780212966, 0.000191813320271],
        "mean": [0.0046162311919, 0.0265696514398, 0.0924245044589, 0.383037537336, 1.25379490852, 2.85621523857, 3.686866045, 10.8054580688, 13.0255441666, 12.2722835541, 18.1729278564, 35.0416603088, 41.8171539307, 41.1507873535, 51.4452667236, 59.4789848328, 70.9645843506, 70.5772857666, 71.2370147705, 57.7822875977, 40.0915603638, 24.2745018005, 11.9645090103, 5.21118783951, 2.5512907505, 1.3531242609, 0.730150878429, 0.461510688066, 0.388002365828, 0.235718622804, 0.0929006412625, 0.0432998128235, 0.05747256428, 0.0499771721661, 0.0149707067758, 0.00922373775393, 0.00643970258534, 0.000755131884944, 2.27637556236e-05, 1.8757660655e-05],
        "min": [5.14018665854e-06, 1.95363263629e-05, 0.000115653128887, 0.000733874563593, 0.00208045751788, 0.00399712892249, 0.0116053419188, 0.0205235350877, 0.0106152212247, 0.0015590818366, 0.000742562580854, 0.00454836431891, 0.0109661836177, 0.00376049731858, 0.00262667215429, 0.00193159643095, 0.00157866731752, 0.00304448977113, 0.0028934571892, 0.00140489381738, 0.000350531336153, 0.000914983043913, 0.00189669826068, 0.000384748389479, 0.000540596724022, 0.000346354412613, 0.000168203288922, 0.000139156050864, 0.000248011026997, 0.000153757937369, 0.000110057975689, 5.86850292166e-05, 9.24779960769e-05, 3.58663019142e-05, 1.24420903376e-05, 7.07592380422e-06, 1.52558743594e-06, 1.22492650689e-07, 5.64840751949e-09, 6.40200070734e-09],
        "stdev": [0.00983682274818, 0.0518598258495, 0.254981309175, 1.42911827564, 3.49959516525, 5.22416877747, 5.12081480026, 24.3838882446, 23.9906005859, 30.1460933685, 39.8893356323, 103.428947449, 120.797554016, 68.9586181641, 85.1760177612, 97.9092941284, 120.560470581, 114.106147766, 115.871185303, 92.7953567505, 64.3724975586, 38.8958206177, 19.4588565826, 9.01103973389, 4.54074859619, 2.35473155975, 1.27528786659, 0.77021753788, 0.606456935406, 0.357382416725, 0.138924479485, 0.0627226084471, 0.0837609916925, 0.0743967369199, 0.0216994471848, 0.013423871249, 0.00956983026117, 0.00111978128552, 3.22465057252e-05, 2.53228590736e-05]
    },
    "gfcc": {
        "mean": [-127.847976685, 132.270217896, -128.800231934, -8.48852348328, -59.6440162659, 2.72936582565, -47.7937355042, -0.717781424522, -22.6310710907, 3.17142009735, -14.383389473, 3.10659193993, -7.46800804138],
        "cov": [[13783.0332031, -2174.05175781, -4054.38378906, -1327.17333984, 1527.40478516, 507.415710449, 369.873504639, 512.025024414, 83.7743148804, 214.414749146, -457.840911865, 236.714355469, -189.156021118], [-2174.05175781, 473.665618896, 736.100158691, 139.423782349, -276.220062256, -127.867050171, -67.6736984253, -128.141021729, -26.7655677795, -53.0458717346, 85.7892990112, -46.1807479858, 39.3060951233], [-4054.38378906, 736.100158691, 1336.51525879, 377.960632324, -493.26574707, -201.9584198, -111.265274048, -197.610977173, -43.2049255371, -75.8141479492, 157.474990845, -77.8125, 74.2987976074], [-1327.17333984, 139.423782349, 377.960632324, 309.50592041, -85.5440597534, -5.47351789474, -21.2571125031, 3.88729643822, 3.02189803123, -12.155125618, 25.2644691467, -35.7864837646, 6.18353939056], [1527.40478516, -276.220062256, -493.26574707, -85.5440597534, 238.867721558, 102.551803589, 37.8804779053, 75.036529541, 16.6361656189, 29.2357749939, -68.518081665, 24.1453514099, -34.8200759888], [507.415710449, -127.867050171, -201.9584198, -5.47351789474, 102.551803589, 114.406478882, 56.4106826782, 49.3115959167, -2.77589344978, 12.7393093109, -39.0737304688, 7.45054531097, -20.8083724976], [369.873504639, -67.6736984253, -111.265274048, -21.2571125031, 37.8804779053, 56.4106826782, 69.1331634521, 48.2315750122, -4.35703516006, 0.482303649187, -19.8358516693, 3.13701701164, -7.00668144226], [512.025024414, -128.141021729, -197.610977173, 3.88729643822, 75.036529541, 49.3115959167, 48.2315750122, 97.119720459, 34.0862579346, 15.0215597153, -32.8416481018, 6.7295627594, -15.4601097107], [83.7743148804, -26.7655677795, -43.2049255371, 3.02189803123, 16.6361656189, -2.77589344978, -4.35703516006, 34.0862579346, 45.6719360352, 27.7322444916, -0.457400560379, 2.27050065994, -1.71110117435], [214.414749146, -53.0458717346, -75.8141479492, -12.155125618, 29.2357749939, 12.7393093109, 0.482303649187, 15.0215597153, 27.7322444916, 49.0614242554, 17.356595993, 12.3044195175, -3.02961754799], [-457.840911865, 85.7892990112, 157.474990845, 25.2644691467, -68.518081665, -39.0737304688, -19.8358516693, -32.8416481018, -0.457400560379, 17.356595993, 62.6926422119, 16.0887184143, 16.9719982147], [236.714355469, -46.1807479858, -77.8125, -35.7864837646, 24.1453514099, 7.45054531097, 3.13701701164, 6.7295627594, 2.27050065994, 12.3044195175, 16.0887184143, 41.2490158081, 14.6788043976], [-189.156021118, 39.3060951233, 74.2987976074, 6.18353939056, -34.8200759888, -20.8083724976, -7.00668144226, -15.4601097107, -1.71110117435, -3.02961754799, 16.9719982147, 14.6788043976, 36.8313217163]],
        "icov": [[0.00163521675859, 0.00089622248197, 0.00281455437653, 0.00126082310453, -0.00525196176022, 0.00584543123841, -0.00659478502348, 0.00280888448469, 0.000515470339451, -0.00150622974616, 0.000979223521426, 0.000449477258371, -0.000916351156775], [0.00089622248197, 0.0291390642524, -0.0196702480316, 0.0134279849008, -0.0127563904971, 0.00143791560549, -0.0021372854244, 0.00091012212215, -0.00891705788672, 0.0135221928358, -0.00890872720629, 0.00884273089468, 0.000938633165788], [0.00281455437653, -0.0196702480316, 0.0345419831574, -0.0177106969059, 0.0124301547185, 0.00792712159455, -0.0189702175558, 0.0254148542881, -0.0121178571135, 0.00649477401748, -0.0075936447829, 0.00408171536401, -0.00612762058154], [0.00126082310453, 0.0134279849008, -0.0177106969059, 0.0212012175471, -0.0177951417863, -0.00119985174388, 0.0107590705156, -0.0228192601353, 0.0145065328106, -0.00531080598012, -0.00182404031511, 0.00896051898599, -0.00321362749673], [-0.00525196176022, -0.0127563904971, 0.0124301547185, -0.0177951417863, 0.0513546206057, -0.0271323099732, 0.0214869845659, 0.00536841526628, -0.0100151374936, 0.00569954374805, 0.00265819462948, -0.00817800499499, 0.00615387549624], [0.00584543123841, 0.00143791560549, 0.00792712159455, -0.00119985174388, -0.0271323099732, 0.055417496711, -0.0485144816339, 0.0168856680393, 0.011570408009, -0.0269063264132, 0.0297010876238, -0.0183103345335, 0.00814850721508], [-0.00659478502348, -0.0021372854244, -0.0189702175558, 0.0107590705156, 0.0214869845659, -0.0485144816339, 0.0895744860172, -0.064313352108, 0.038502112031, -0.00321438070387, -0.0143083548173, 0.0171661879867, -0.0109009221196], [0.00280888448469, 0.00091012212215, 0.0254148542881, -0.0228192601353, 0.00536841526628, 0.0168856680393, -0.064313352108, 0.0917214006186, -0.0736869871616, 0.03322603181, -0.000890725757927, -0.0129143549129, 0.0117646427825], [0.000515470339451, -0.00891705788672, -0.0121178571135, 0.0145065328106, -0.0100151374936, 0.011570408009, 0.038502112031, -0.0736869871616, 0.114573687315, -0.0790555328131, 0.0365736074746, -0.00424006395042, -0.0087076080963], [-0.00150622974616, 0.0135221928358, 0.00649477401748, -0.00531080598012, 0.00569954374805, -0.0269063264132, -0.00321438070387, 0.03322603181, -0.0790555328131, 0.107084736228, -0.0750036239624, 0.0306350104511, -0.00336571759544], [0.000979223521426, -0.00890872720629, -0.0075936447829, -0.00182404031511, 0.00265819462948, 0.0297010876238, -0.0143083548173, -0.000890725757927, 0.0365736074746, -0.0750036239624, 0.103719383478, -0.0642995685339, 0.0197196416557], [0.000449477258371, 0.00884273089468, 0.00408171536401, 0.00896051898599, -0.00817800499499, -0.0183103345335, 0.0171661879867, -0.0129143549129, -0.00424006395042, 0.0306350104511, -0.0642995685339, 0.0861577987671, -0.0394831523299], [-0.000916351156775, 0.000938633165788, -0.00612762058154, -0.00321362749673, 0.00615387549624, 0.00814850721508, -0.0109009221196, 0.0117646427825, -0.0087076080963, -0.00336571759544, 0.0197196416557, -0.0394831523299, 0.0535969175398]]
    },
    "melbands": {
        "max": [0.00136785057839, 0.0033437856473, 0.00838647410274, 0.007479082793, 0.00201823725365, 0.00704997964203, 0.00546097522601, 0.00950823910534, 0.0088129946962, 0.0105520784855, 0.0101944496855, 0.00281306519173, 0.00198618019931, 0.00156602379866, 0.00273275072686, 0.00192422349937, 0.00139734661207, 0.00146688031964, 0.000928783090785, 0.000847223913297, 0.00043639173964, 0.000302011409076, 0.000190538528841, 8.30069548101e-05, 8.12116777524e-05, 7.93438157416e-05, 2.05109117815e-05, 1.06322440843e-05, 6.64068693368e-06, 3.78229083253e-06, 4.80193602925e-06, 2.13465477827e-06, 1.59441503911e-06, 9.05046874777e-07, 6.50278991543e-07, 2.75129650618e-07, 2.28317276196e-07, 2.58222542016e-07, 3.69109983467e-07, 2.82339698288e-07],
        "mean": [4.15832037106e-05, 4.62280695501e-05, 8.71693118825e-05, 0.000152671593241, 0.000129579304485, 0.000234116712818, 0.00019220134709, 0.000135230628075, 0.000156031746883, 0.000234609571635, 0.000207452714676, 0.000162123600603, 0.000166051846463, 0.000158554103109, 0.000159033806995, 0.000149720057379, 0.000128742947709, 0.000116784744023, 9.20228267205e-05, 6.32367373328e-05, 4.31022381235e-05, 2.67911036644e-05, 1.49972865984e-05, 7.62387026043e-06, 3.84618715543e-06, 2.20478545998e-06, 1.27130738292e-06, 8.04589205927e-07, 4.92253320772e-07, 3.17268643357e-07, 2.48763910804e-07, 2.27160043664e-07, 1.80614776468e-07, 1.10142742926e-07, 5.74369778406e-08, 3.01101366063e-08, 2.40595117162e-08, 3.57136045182e-08, 5.06703869974e-08, 3.95907306938e-08],
        "min": [4.38121077195e-08, 5.38331477173e-08, 1.65218779102e-07, 2.11250082316e-07, 3.64654141549e-07, 4.52928958339e-07, 1.42544067216e-07, 1.10699671652e-08, 4.88050755365e-09, 3.65874406327e-08, 5.52111387719e-08, 1.52121799601e-08, 8.50031423028e-09, 6.56723253556e-09, 3.93148047451e-09, 4.3192036614e-09, 5.56771739824e-09, 4.44027170587e-09, 3.71780606301e-09, 5.60029078667e-10, 3.44576533973e-10, 8.63262128448e-10, 1.7534240726e-09, 1.12749953818e-09, 2.27865393221e-10, 2.2892063245e-10, 5.22029031114e-10, 1.60544660899e-10, 1.14995658829e-10, 1.02980443617e-10, 5.59905212472e-11, 1.31205712961e-10, 1.36637437476e-10, 7.60026278024e-11, 7.12359685129e-11, 3.71199182503e-11, 3.4520865333e-11, 8.03485611378e-11, 3.54740820052e-11, 2.71498067084e-11],
        "stdev": [8.21728463052e-05, 0.000115956077934, 0.000277627841569, 0.000302718428429, 0.000171371662873, 0.000502838462126, 0.000346989894751, 0.000312085670885, 0.000369796296582, 0.000721055665053, 0.000595460296609, 0.000277918006759, 0.000282137159957, 0.000261433713604, 0.00027140774182, 0.000251831894275, 0.00021260867652, 0.000194377513253, 0.000150648280396, 0.000104919978185, 7.08235311322e-05, 4.41741394752e-05, 2.46736071858e-05, 1.29251675389e-05, 6.97679479345e-06, 4.28348585046e-06, 2.24843597607e-06, 1.44332602758e-06, 8.82263009316e-07, 5.56324607714e-07, 4.18261407731e-07, 3.5975867263e-07, 2.81356165033e-07, 1.69183053345e-07, 8.78465584719e-08, 4.54218813672e-08, 3.51454971792e-08, 5.23672696318e-08, 7.60720269e-08, 5.93601114929e-08]
    },
    "melbands128": {
        "max": [0.00148122839164, 0.00177332642488, 0.0012981693726, 0.000976237875875, 0.00133383180946, 0.00735443783924, 0.0121842827648, 0.00693761417642, 0.0140556003898, 0.0111423861235, 0.00677951285616, 0.00401613488793, 0.00253779231571, 0.00501136295497, 0.00888979900628, 0.011981706135, 0.0082028247416, 0.00527474097908, 0.0150441583246, 0.0165835767984, 0.00590119278058, 0.00628071045503, 0.0107086710632, 0.0148623045534, 0.0133627923205, 0.0237398911268, 0.0174828004092, 0.0184725318104, 0.00309219234623, 0.0039236578159, 0.00327508198097, 0.00251178536564, 0.00291482894681, 0.00300372531638, 0.00317948427983, 0.00261773890816, 0.00287536415271, 0.00229257717729, 0.00711386231706, 0.00356503832154, 0.00210941839032, 0.00215309020132, 0.00203746976331, 0.00216602208093, 0.00181993748993, 0.00231338851154, 0.00162793393247, 0.00122155924328, 0.00161673198454, 0.00132482801564, 0.00115575804375, 0.000785460870247, 0.000865089765284, 0.000601031875703, 0.000416802358814, 0.000367532396922, 0.00026253570104, 0.000321814237395, 0.000441493029939, 0.000128710351419, 0.000118793243018, 0.000154718189151, 9.79818942142e-05, 9.23498300835e-05, 0.000221934664296, 6.49626454106e-05, 4.81802562717e-05, 2.73917048617e-05, 2.18576769839e-05, 1.89991278603e-05, 1.37206734507e-05, 1.51350332089e-05, 1.01806463135e-05, 1.11336676127e-05, 6.53695224173e-06, 5.82862594456e-06, 5.55661335966e-06, 6.40869075141e-06, 5.36763855052e-06, 3.58946840606e-06, 3.19407672578e-06, 2.56849011748e-06, 3.9172259676e-06, 1.82475798738e-06, 1.29051215936e-06, 1.42198632602e-06, 1.1185305766e-06, 1.11878443931e-06, 6.76239153563e-07, 7.21344974863e-07, 3.9050374312e-07, 3.84837107958e-07, 2.16678358811e-07, 2.74113716614e-07, 3.6207507037e-07, 4.49721369478e-07, 3.52710515017e-07, 5.43709347767e-07, 5.4848152331e-07, 6.498958669e-07, 4.95349013363e-07, 3.30118297143e-07, 2.30153659686e-07, 1.96274442033e-07, 1.82564988904e-07, 1.04593837591e-07, 1.21892000493e-07, 1.02156043624e-07, 1.59758243967e-07, 1.68172235249e-07, 1.87303257349e-07, 2.51304186349e-07, 2.0442384141e-07, 1.34237168936e-07, 1.23157903431e-07, 7.94069805465e-08, 3.67796602063e-08, 1.32252064855e-09, 1.27515431547e-09, 1.23589960488e-09, 1.19459109271e-09, 1.15470943918e-09, 1.1366427799e-09, 1.11990805518e-09, 1.09420428274e-09, 1.08103825891e-09, 1.06853426107e-09, 1.06249165022e-09],
        "mean": [3.36506345775e-05, 4.09652093367e-05, 4.49919934908e-05, 4.27858794865e-05, 3.9718055632e-05, 5.02993934788e-05, 7.28363957023e-05, 8.9274632046e-05, 0.000117523253721, 0.000173700420419, 0.000171154315467, 0.000117227580631, 0.000109749089461, 0.00014147371985, 0.000265116163064, 0.000260479253484, 0.000242998969043, 0.000173461477971, 0.000143211320392, 0.000128592946567, 0.000136339920573, 0.000140493022627, 0.00015499885194, 0.00017101848789, 0.000212658662349, 0.000280711072264, 0.000248850788921, 0.00020451907767, 0.000161678151926, 0.000167962192791, 0.000158614057, 0.000156731053721, 0.000173525884748, 0.000164817320183, 0.000163180506206, 0.000153579210746, 0.000158287366503, 0.000152099659317, 0.000170287676156, 0.000156950089149, 0.000147146376548, 0.000135959562613, 0.000127156235976, 0.000124795027659, 0.000127265462652, 0.000117177427455, 0.000103099511762, 9.7609772638e-05, 8.64772737259e-05, 7.23731209291e-05, 6.06718822382e-05, 5.36932748219e-05, 4.69412552775e-05, 3.92481524614e-05, 3.22546438838e-05, 2.6536958103e-05, 2.15944946831e-05, 1.67699399753e-05, 1.32297200253e-05, 1.00155612017e-05, 7.65121058066e-06, 5.5843552218e-06, 4.44161423729e-06, 3.31021283273e-06, 2.92554204862e-06, 2.22762741942e-06, 1.78541631612e-06, 1.45392698414e-06, 1.17360764307e-06, 9.76290152721e-07, 8.46198133786e-07, 7.02538045516e-07, 5.78864387535e-07, 4.54904778735e-07, 3.95512614659e-07, 3.26312033394e-07, 2.83825016822e-07, 2.59382005652e-07, 2.46448053076e-07, 2.35203970078e-07, 2.30626781672e-07, 2.2679817846e-07, 2.10344126117e-07, 1.80804306638e-07, 1.54000602492e-07, 1.26870702388e-07, 9.54067971293e-08, 7.34544514103e-08, 5.8670067915e-08, 4.32684501561e-08, 3.3690607637e-08, 2.6850750956e-08, 2.26964260719e-08, 2.25073204518e-08, 2.47930849184e-08, 3.05325684735e-08, 3.65646215528e-08, 4.53102089182e-08, 5.23463405955e-08, 5.38681170781e-08, 4.8012058329e-08, 3.86521570306e-08, 2.78801159936e-08, 2.02041210429e-08, 1.4717612018e-08, 1.09569757711e-08, 9.63268664833e-09, 1.04681898705e-08, 1.42327012398e-08, 1.94938287734e-08, 2.52090028852e-08, 2.70845763595e-08, 2.28826380066e-08, 1.68928373512e-08, 1.27581589737e-08, 8.81623396509e-09, 2.53298182429e-09, 5.0839211313e-12, 2.65001779201e-12, 2.55706805556e-12, 2.49686599521e-12, 2.44139582682e-12, 2.39381604816e-12, 2.35098897815e-12, 2.31855832276e-12, 2.29597612623e-12, 2.27843937294e-12, 2.26370810118e-12],
        "min": [9.51524192772e-10, 5.13670919133e-08, 3.75167417133e-08, 2.78391993902e-08, 3.73094337647e-08, 5.03483441605e-08, 1.37068695949e-07, 6.26220284516e-08, 2.12641865005e-07, 2.01961910307e-07, 8.77316423953e-08, 1.4144012539e-07, 1.7615626291e-08, 2.51256267347e-07, 1.57265048983e-07, 1.48497946384e-07, 2.3386689918e-07, 9.30378618591e-08, 2.61783466016e-08, 7.29292137791e-09, 7.38248084886e-09, 7.32097360512e-09, 3.3481146744e-09, 2.97339641797e-09, 1.53484460697e-08, 1.54293502419e-08, 3.22995958868e-08, 3.27653495447e-08, 3.20176702928e-08, 8.77938788335e-09, 1.09455697839e-08, 1.00261043912e-08, 6.37711217166e-09, 9.60643831149e-09, 8.94290419495e-09, 4.49808412739e-09, 4.5419281669e-09, 4.96776708658e-09, 2.35114083758e-09, 1.93619520417e-09, 4.29157109849e-09, 8.42112957145e-09, 6.40769126647e-09, 3.53836582256e-09, 2.96642843622e-09, 3.15636716763e-09, 4.83943862761e-09, 5.07393504989e-09, 2.3490656087e-09, 8.14391776238e-10, 2.58164267741e-10, 3.66361885273e-10, 2.09200504142e-10, 3.19891640954e-10, 7.07586045312e-10, 1.29693522588e-09, 5.75172187656e-10, 6.06228567346e-10, 2.82572498733e-09, 2.09067230195e-09, 6.99617197508e-10, 3.86910864458e-10, 2.75619416179e-10, 2.25517313157e-10, 3.55926087214e-11, 7.47826731096e-11, 4.58594107133e-10, 6.09307937438e-10, 6.21478535301e-10, 2.93812640884e-10, 5.47752572466e-11, 1.79596504335e-10, 1.36681832519e-10, 1.24943916324e-10, 5.57346217789e-11, 4.97926977427e-11, 1.95569102579e-10, 8.10955746999e-11, 2.31176050525e-11, 2.52307359033e-11, 1.03263689266e-10, 1.76838543808e-10, 2.0593757255e-10, 1.45051942679e-10, 6.90375950851e-11, 4.39474602543e-11, 8.98670304839e-11, 1.24794993783e-10, 3.38080813345e-11, 7.66859631351e-11, 5.39971470315e-11, 1.07556220874e-11, 3.68669747508e-11, 1.92519108294e-11, 4.49133612246e-11, 7.06523867189e-11, 1.26699331582e-10, 4.13095772867e-11, 9.8270046614e-12, 5.7686896926e-11, 2.55905904106e-11, 1.9815307381e-11, 2.75266458932e-11, 2.38808712388e-11, 9.71492504498e-12, 9.0367201569e-12, 4.68361764303e-12, 7.22593426067e-12, 1.46434496473e-11, 2.14309577029e-11, 7.0772112129e-12, 6.96385917681e-12, 1.65627141993e-13, 9.42794128357e-13, 1.29279548763e-13, 1.30641225377e-13, 8.32275126096e-14, 1.25207707226e-14, 1.62554177611e-14, 1.53732651338e-14, 1.2917597188e-14, 9.20632825887e-15, 1.68026857483e-14, 1.16427075703e-14, 1.49231636841e-14, 1.14435574189e-14, 1.06006130997e-14, 1.25691972902e-14],
        "stdev": [9.41555772442e-05, 9.63459606282e-05, 8.86094130692e-05, 9.01131279534e-05, 9.54941715463e-05, 0.000193939034943, 0.000314700038871, 0.000313123251544, 0.000421712815296, 0.000378630735213, 0.000347366760252, 0.000199179237825, 0.000182257208508, 0.000251064426266, 0.000602681189775, 0.000787262863014, 0.000555274134967, 0.000318160833558, 0.000413440837292, 0.000441920215962, 0.000316605321132, 0.000329454953317, 0.000446758291218, 0.000576691527385, 0.00071311352076, 0.00118012703024, 0.00100060820114, 0.000834182021208, 0.000326947309077, 0.00033708542469, 0.000303911452647, 0.000304279499687, 0.000343775813235, 0.000323059473885, 0.0003072086256, 0.000294396770187, 0.000312874210067, 0.000287397007924, 0.000368384353351, 0.0003101969196, 0.000280234467937, 0.000266156275757, 0.000236731269979, 0.00023640935251, 0.000234785387875, 0.000234370643739, 0.000194139545783, 0.000177631198312, 0.000162462732987, 0.000133871100843, 0.000117437462904, 9.87123567029e-05, 8.85785630089e-05, 7.2930524766e-05, 5.97090584051e-05, 4.95473832416e-05, 3.88242588087e-05, 3.07796435663e-05, 2.57662068179e-05, 1.84687887668e-05, 1.44238656503e-05, 1.05814542621e-05, 8.80086645338e-06, 6.67555423206e-06, 7.44318958823e-06, 4.62601656182e-06, 3.60702711077e-06, 2.78695574707e-06, 2.28305293604e-06, 1.90735454453e-06, 1.64066875641e-06, 1.38991322274e-06, 1.12934185381e-06, 9.00750308119e-07, 7.7670375731e-07, 6.19041770733e-07, 5.42947759641e-07, 4.90310981149e-07, 4.52240357163e-07, 4.12606652844e-07, 3.88647180216e-07, 3.79278333185e-07, 3.66938110119e-07, 2.9751583952e-07, 2.50594723639e-07, 2.11496200109e-07, 1.54776884642e-07, 1.20129172387e-07, 9.71980114173e-08, 7.10603202947e-08, 5.31243919966e-08, 4.44505019459e-08, 3.68762833602e-08, 3.40349508576e-08, 4.02949744682e-08, 4.87120459525e-08, 5.68876750151e-08, 7.17474577527e-08, 8.18057799279e-08, 8.7753136313e-08, 7.59336487022e-08, 6.11550419194e-08, 4.3392930138e-08, 3.17201696021e-08, 2.2837697955e-08, 1.69959726293e-08, 1.47982817111e-08, 1.59222324214e-08, 2.22893774549e-08, 3.02783824679e-08, 3.87352514508e-08, 4.30842952426e-08, 3.55306397637e-08, 2.59841677064e-08, 1.96482812242e-08, 1.3585638392e-08, 4.89921925251e-09, 3.13331825763e-11, 2.82285670533e-11, 2.73488696967e-11, 2.64431046504e-11, 2.55697910762e-11, 2.51667211376e-11, 2.4794510195e-11, 2.42320018218e-11, 2.39404485819e-11, 2.36656336888e-11, 2.35322941688e-11]
    },
    "mfcc": {
        "mean": [-771.614501953, 175.349853516, -17.0928134918, -4.23681879044, -1.77916324139, -3.005235672, -12.5496301651, -7.74864196777, -6.44822025299, -6.36454105377, -2.99740815163, -3.44927167892, -1.48426759243],
        "cov": [[15683.4355469, -1566.89501953, -4926.47119141, -1480.94714355, 321.450317383, 152.218490601, 370.791229248, 337.189788818, 814.534851074, -56.4516372681, 536.729431152, -194.006149292, 321.627502441], [-1566.89501953, 361.245666504, 562.801269531, 83.2252960205, -86.9385986328, -47.1858444214, -67.1857070923, -76.6504211426, -132.183517456, -21.11876297, -102.465316772, 14.9050645828, -42.3298110962], [-4926.47119141, 562.801269531, 1661.16687012, 493.291381836, -139.937927246, -59.1435470581, -113.501342773, -126.612678528, -284.390136719, 14.077337265, -203.666625977, 61.1502456665, -109.498573303], [-1480.94714355, 83.2252960205, 493.291381836, 248.37097168, 10.9555130005, -15.6670122147, -31.4266700745, -22.9180107117, -66.9741363525, 25.540977478, -45.6034011841, 19.8533554077, -27.765838623], [321.450317383, -86.9385986328, -139.937927246, 10.9555130005, 83.8065338135, 29.6190662384, 0.703299880028, 10.5691308975, 32.0921211243, 2.77499938011, 32.9321289062, -9.10096931458, 11.6833896637], [152.218490601, -47.1858444214, -59.1435470581, -15.6670122147, 29.6190662384, 60.1891670227, 36.6812705994, 8.39843273163, 16.7709674835, -5.21524429321, 18.0163154602, -5.01268625259, 1.65313470364], [370.791229248, -67.1857070923, -113.501342773, -31.4266700745, 0.703299880028, 36.6812705994, 70.1185379028, 40.3983955383, 30.9229354858, -0.712341785431, 17.0938282013, -3.19485449791, 1.92623400688], [337.189788818, -76.6504211426, -126.612678528, -22.9180107117, 10.5691308975, 8.39843273163, 40.3983955383, 67.3187561035, 55.3466186523, 7.15943956375, 21.9078655243, -4.1982922554, 1.75243532658], [814.534851074, -132.183517456, -284.390136719, -66.9741363525, 32.0921211243, 16.7709674835, 30.9229354858, 55.3466186523, 101.321754456, 22.4541339874, 46.8454780579, -13.4384155273, 12.8006811142], [-56.4516372681, -21.11876297, 14.077337265, 25.540977478, 2.77499938011, -5.21524429321, -0.712341785431, 7.15943956375, 22.4541339874, 48.5670318604, 19.4410800934, 0.699326515198, -5.40208482742], [536.729431152, -102.465316772, -203.666625977, -45.6034011841, 32.9321289062, 18.0163154602, 17.0938282013, 21.9078655243, 46.8454780579, 19.4410800934, 71.7037887573, 4.99254655838, 13.4704065323], [-194.006149292, 14.9050645828, 61.1502456665, 19.8533554077, -9.10096931458, -5.01268625259, -3.19485449791, -4.1982922554, -13.4384155273, 0.699326515198, 4.99254655838, 36.33852005, 12.9859714508], [321.627502441, -42.3298110962, -109.498573303, -27.765838623, 11.6833896637, 1.65313470364, 1.92623400688, 1.75243532658, 12.8006811142, -5.40208482742, 13.4704065323, 12.9859714508, 42.7587051392]],
        "icov": [[0.00144389260095, -0.00145528616849, 0.00576920248568, -0.00279994495213, 0.00302288890816, -0.000434606190538, -0.00172823888715, 0.00232187751681, -0.00118000374641, 0.000470064143883, 0.000780771428254, 0.000437144190073, -0.000138215051265], [-0.00145528616849, 0.0157093182206, -0.0130902221426, 0.0161014460027, -0.00954327080399, 0.00810185726732, 0.000734637957066, 0.000671536428854, 0.00432356959209, -0.00212578335777, 0.00571694644168, -0.00233365548775, 0.00301041221246], [0.00576920248568, -0.0130902221426, 0.0335176326334, -0.0275030005723, 0.0264814849943, -0.0170544218272, 0.0041789370589, 0.00238251918927, 0.0015012586955, -8.35008613649e-05, 0.00475449441001, -0.00154968479183, 0.00327031081542], [-0.00279994495213, 0.0161014460027, -0.0275030005723, 0.0417349226773, -0.0364968962967, 0.0244442205876, -0.0115590048954, 0.000408934545703, 0.00332279969007, -0.00973362103105, 0.00635882094502, -0.00437636068091, 0.000303619308397], [0.00302288890816, -0.00954327080399, 0.0264814849943, -0.0364968962967, 0.0580791532993, -0.0399135276675, 0.0284341461957, -0.00825865287334, 0.000963920378126, 0.00715056573972, -0.00778193026781, 0.00830247905105, -0.00279402919114], [-0.000434606190538, 0.00810185726732, -0.0170544218272, 0.0244442205876, -0.0399135276675, 0.0663900896907, -0.0491406172514, 0.0293455198407, -0.015941016376, 0.00912697333843, -0.00587493367493, 0.00274696620181, -0.000218883084017], [-0.00172823888715, 0.000734637957066, 0.0041789370589, -0.0115590048954, 0.0284341461957, -0.0491406172514, 0.0646649077535, -0.0405171401799, 0.0196261666715, -0.00690448237583, 0.00347592704929, -0.00301152188331, 0.00287238974124], [0.00232187751681, 0.000671536428854, 0.00238251918927, 0.000408934545703, -0.00825865287334, 0.0293455198407, -0.0405171401799, 0.0588739253581, -0.0354637242854, 0.0143175758421, -0.00262955785729, -0.00125727884006, 0.00373691669665], [-0.00118000374641, 0.00432356959209, 0.0015012586955, 0.00332279969007, 0.000963920378126, -0.015941016376, 0.0196261666715, -0.0354637242854, 0.0504570379853, -0.0229308530688, 0.0041972133331, 0.00169370498043, 0.000241499379626], [0.000470064143883, -0.00212578335777, -8.35008613649e-05, -0.00973362103105, 0.00715056573972, 0.00912697333843, -0.00690448237583, 0.0143175758421, -0.0229308530688, 0.0417088605464, -0.0182774402201, 0.00565914157778, 0.00141640356742], [0.000780771428254, 0.00571694644168, 0.00475449441001, 0.00635882094502, -0.00778193026781, -0.00587493367493, 0.00347592704929, -0.00262955785729, 0.0041972133331, -0.0182774402201, 0.0409323684871, -0.0188682377338, 0.00766570027918], [0.000437144190073, -0.00233365548775, -0.00154968479183, -0.00437636068091, 0.00830247905105, 0.00274696620181, -0.00301152188331, -0.00125727884006, 0.00169370498043, 0.00565914157778, -0.0188682377338, 0.0493394210935, -0.0234288498759], [-0.000138215051265, 0.00301041221246, 0.00327031081542, 0.000303619308397, -0.00279402919114, -0.000218883084017, 0.00287238974124, 0.00373691669665, 0.000241499379626, 0.00141640356742, 0.00766570027918, -0.0234288498759, 0.0412753149867]]
    },
    "spectral_contrast_coeffs": {
        "max": [-0.459370046854, -0.475920826197, -0.576073527336, -0.6922570467, -0.667377114296, -0.72594076395],
        "mean": [-0.70013821125, -0.794620037079, -0.810231506824, -0.839533448219, -0.821464955807, -0.813759684563],
        "min": [-0.864903330803, -0.930073618889, -0.920287370682, -0.92481726408, -0.905188262463, -0.897923529148],
        "stdev": [0.062386136502, 0.0663381516933, 0.0486746691167, 0.0396177768707, 0.0586701668799, 0.030449513346]
    },
    "spectral_contrast_valleys": {
        "max": [-5.52939367294, -4.49537563324, -4.90957212448, -5.11340475082, -6.54837465286, -10.1108942032],
        "mean": [-7.86853265762, -6.82991170883, -7.61446237564, -8.03148174286, -9.06000137329, -11.8965978622],
        "min": [-9.80547523499, -10.090051651, -10.1468410492, -11.3235559464, -12.035235405, -13.6559743881],
        "stdev": [0.644172489643, 0.947707533836, 1.49600708485, 1.72906792164, 1.31595695019, 0.989295482635]
    }
},
"rhythm": {
    "beats_count": 110,
    "beats_loudness": {
        "max": 0.0731758549809,
        "mean": 0.0159627664834,
        "min": 0.000228474920732,
        "stdev": 0.0195148158818
    },
    "bpm": 165.840362549,
    "bpm_histogram_first_peak_bpm": 167,
    "bpm_histogram_first_peak_weight": 0,
    "bpm_histogram_second_peak_bpm": 136,
    "bpm_histogram_second_peak_spread": 0.518518507481,
    "bpm_histogram_second_peak_weight": 0.119266055524,
    "danceability": 0.797461748123,
    "onset_rate": 1.5791015625,
    "beats_loudness_band_ratio": {
        "max": [0.579645395279, 0.927163720131, 0.813198983669, 0.737525463104, 0.401491165161, 0.0168499965221],
        "mean": [0.118461534381, 0.384266108274, 0.252983570099, 0.206529945135, 0.102171897888, 0.00435411231592],
        "min": [0.0034822835587, 0.0201267730445, 0.034065887332, 0.00692716008052, 0.00122289278079, 0.000258811138337],
        "stdev": [0.128475561738, 0.286144852638, 0.158028230071, 0.204995557666, 0.123911775649, 0.00394524866715]
    },
