{
"metadata": {
    "version": {
        "essentia": "2.1-beta5",
        "essentia_git_sha": "Undefined",
        "extractor": "music 2.0"
    },
    "audio_properties": {
        "analysis": {
            "equal_loudness": 0,
            "length": 12.7477550507,
            "sample_rate": 44100,
            "start_time": 0,
            "downmix": "mix"
        },
        "bit_rate": 192000,
        "length": 270.466033936,
        "lossless": 0,
        "number_channels": 2,
        "replay_gain": -7.99473381042,
        "sample_rate": 44100,
        "codec": "mp3",
        "md5_encoded": "53f604f2c57e024c04b0371ac49169e7"
    },
    "tags": {
        "file_name": "Spain_Enseñame A Cantar_Micky.mp3",
        "encoding": ["Lavf58.29.100"]
    }
},
"lowlevel": {
    "average_loudness": 0.945271551609,
    "barkbands_crest": {
        "max": 16.250087738,
        "mean": 5.30595254898,
        "min": 2.70851159096,
        "stdev": 1.80003774166
    },
    "barkbands_flatness_db": {
        "max": 0.242669016123,
        "mean": 0.127573773265,
        "min": 0.0549748279154,
        "stdev": 0.0186129026115
    },
    "barkbands_kurtosis": {
        "max": 13.6265544891,
        "mean": 0.618425309658,
        "min": -1.22799146175,
        "stdev": 1.6860460043
    },
    "barkbands_skewness": {
        "max": 3.02037858963,
        "mean": -0.40775474906,
        "min": -1.94947171211,
        "stdev": 0.598158836365
    },
    "barkbands_spread": {
        "max": 30.2016448975,
        "mean": 12.9070463181,
        "min": 3.30924654007,
        "stdev": 3.54978895187
    },
    "dissonance": {
        "max": 0.500000059605,
        "mean": 0.484538674355,
        "min": 0.30285012722,
        "stdev": 0.022830883041
    },
    "dynamic_complexity": 3.8900179863,
    "erbbands_crest": {
        "max": 23.2904205322,
        "mean": 7.31204891205,
        "min": 3.04998660088,
        "stdev": 2.37747788429
    },
    "erbbands_flatness_db": {
        "max": 0.277902185917,
        "mean": 0.228352859616,
        "min": 0.0842664912343,
        "stdev": 0.0260247197002
    },
    "erbbands_kurtosis": {
        "max": 26.549905777,
        "mean": 1.09090220928,
        "min": -1.45941781998,
        "stdev": 1.78545069695
    },
    "erbbands_skewness": {
        "max": 3.80750608444,
        "mean": -0.316407263279,
        "min": -1.58682513237,
        "stdev": 0.511962234974
    },
    "erbbands_spread": {
        "max": 52.3656387329,
        "mean": 12.7965211868,
        "min": 4.16639566422,
        "stdev": 5.74350070953
    },
    "hfc": {
        "max": 93.7858581543,
        "mean": 34.1202468872,
        "min": 1.15923499793e-16,
        "stdev": 21.8714542389
    },
    "loudness_ebu128": {
        "integrated": -14.2547798157,
        "loudness_range": 3.10502243042,
        "momentary": {
            "max": -12.011844635,
            "mean": -16.7800788879,
            "min": -37.9462356567,
            "stdev": 5.93426609039
        },
        "short_term": {
            "max": -12.9188308716,
            "mean": -14.185336113,
            "min": -17.8345050812,
            "stdev": 1.19626557827
        }
    },
    "melbands_crest": {
        "max": 26.5573959351,
        "mean": 5.68909311295,
        "min": 1.95891427994,
        "stdev": 2.73736953735
    },
    "melbands_flatness_db": {
        "max": 0.323146045208,
        "mean": 0.165859952569,
        "min": 0.00522405235097,
        "stdev": 0.0300097148865
    },
    "melbands_kurtosis": {
        "max": 27.502117157,
        "mean": 0.112707450986,
        "min": -1.39097630978,
        "stdev": 2.85073471069
    },
    "melbands_skewness": {
        "max": 3.98565459251,
        "mean": 0.00113818643149,
        "min": -0.910121560097,
        "stdev": 0.61703389883
    },
    "melbands_spread": {
        "max": 142.444915771,
        "mean": 28.5810527802,
        "min": 5.84677314758,
        "stdev": 12.7101411819
    },
    "pitch_salience": {
        "max": 0.95172315836,
        "mean": 0.783976972103,
        "min": 0.196155309677,
        "stdev": 0.0735972821712
    },
    "silence_rate_20dB": {
        "max": 1,
        "mean": 1,
        "min": 1,
        "stdev": 0
    },
    "silence_rate_30dB": {
        "max": 1,
        "mean": 1,
        "min": 1,
        "stdev": 0
    },
    "silence_rate_60dB": {
        "max": 1,
        "mean": 0.158181816339,
        "min": 0,
        "stdev": 0.364910274744
    },
    "spectral_centroid": {
        "max": 11491.0664062,
        "mean": 1590.33300781,
        "min": 423.588043213,
        "stdev": 1029.34912109
    },
    "spectral_complexity": {
        "max": 48,
        "mean": 28.2745456696,
        "min": 0,
        "stdev": 11.4635772705
    },
    "spectral_decrease": {
        "max": 1.23775846222e-28,
        "mean": -6.25121865383e-09,
        "min": -2.42761402092e-08,
        "stdev": 4.17828838195e-09
    },
    "spectral_energy": {
        "max": 0.100130461156,
        "mean": 0.0266883820295,
        "min": 1.05186281942e-20,
        "stdev": 0.0177342053503
    },
    "spectral_energyband_high": {
        "max": 0.000479827605886,
        "mean": 0.000106114712253,
        "min": 7.02964984073e-21,
        "stdev": 8.40571301524e-05
    },
    "spectral_energyband_low": {
        "max": 0.00643306598067,
        "mean": 0.000714151537977,
        "min": 3.29881309507e-23,
        "stdev": 0.000942202226724
    },
    "spectral_energyband_middle_high": {
        "max": 0.0603872202337,
        "mean": 0.0202507115901,
        "min": 1.58951266827e-21,
        "stdev": 0.0133395912126
    },
    "spectral_energyband_middle_low": {
        "max": 0.0464390479028,
        "mean": 0.00590775813907,
        "min": 2.39146149535e-22,
        "stdev": 0.00452350452542
    },
    "spectral_entropy": {
        "max": 9.81704616547,
        "mean": 7.53619337082,
        "min": 6.32665920258,
        "stdev": 0.286381483078
    },
    "spectral_flux": {
        "max": 0.202642485499,
        "mean": 0.101117655635,
        "min": 6.71333960645e-11,
        "stdev": 0.0458658784628
    },
    "spectral_kurtosis": {
        "max": 28.0611209869,
        "mean": 13.2101545334,
        "min": -1.24779450893,
        "stdev": 4.05553913116
    },
    "spectral_rms": {
        "max": 0.00988373719156,
        "mean": 0.00463222293183,
        "min": 3.20344748991e-12,
        "stdev": 0.00214008311741
    },
    "spectral_rolloff": {
        "max": 19552.1484375,
        "mean": 2056.06933594,
        "min": 301.46484375,
        "stdev": 1808.67944336
    },
    "spectral_skewness": {
        "max": 4.61379861832,
        "mean": 2.51948785782,
        "min": -0.0411070212722,
        "stdev": 0.434089809656
    },
    "spectral_spread": {
        "max": 42153828,
        "mean": 2732931.5,
        "min": 1804793.625,
        "stdev": 4167673
    },
    "spectral_strongpeak": {
        "max": 4.49985408783,
        "mean": 1.21467638016,
        "min": 6.81073475395e-10,
        "stdev": 0.87189656496
    },
    "zerocrossingrate": {
        "max": 0.50927734375,
        "mean": 0.0681383162737,
        "min": 0.0185546875,
        "stdev": 0.0460229516029
    },
    "barkbands": {
        "max": [0.00225953990594, 0.00412699719891, 0.0030601520557, 0.00288737146184, 0.00800165906549, 0.00919230561703, 0.00806853082031, 0.00692648114637, 0.0161308217794, 0.0114740068093, 0.0219778604805, 0.0167602729052, 0.0173036325723, 0.0121084069833, 0.0115626882762, 0.00856367684901, 0.00550682563335, 0.00185617012903, 0.000568698858842, 0.000374527066015, 0.000163767675986, 9.86919912975e-05, 3.08304515784e-05, 1.91292183445e-05, 2.04181433219e-05, 1.76898211066e-05, 1.7075933556e-06],
        "mean": [0.000163146047271, 0.0003320807009, 0.000189474230865, 0.000214685889659, 0.000748248654418, 0.000857505190652, 0.00100126501638, 0.00095866288757, 0.0015876396792, 0.00214580399916, 0.00255723902956, 0.0032109527383, 0.00343441939913, 0.003018344054, 0.00262090237811, 0.00191752566025, 0.00105510954745, 0.000404562189942, 0.000131684762891, 6.02843356319e-05, 2.93880839308e-05, 2.29631241382e-05, 7.78081175667e-06, 5.57592557016e-06, 6.92269122737e-06, 6.08568689131e-06, 1.35000291834e-07],
        "min": [2.20527486004e-24, 1.00270587161e-23, 5.94523561827e-24, 4.15067961081e-24, 1.20132069493e-23, 2.32341324926e-23, 1.95834909048e-23, 2.08736886925e-23, 2.10374783045e-23, 3.16571332769e-23, 2.93051918197e-23, 4.7038535689e-23, 2.67084005592e-23, 7.13766521972e-23, 8.46156314529e-23, 3.00455567119e-23, 1.23713976053e-22, 1.10714545455e-22, 2.00339292195e-22, 2.59523752003e-22, 3.42638212708e-22, 3.23494085773e-22, 5.4432503079e-22, 7.94362282335e-22, 1.10241395519e-21, 1.28792617122e-21, 2.15529360496e-21],
        "stdev": [0.000265166076133, 0.000508369936142, 0.000320792547427, 0.00031061770278, 0.000865095702466, 0.000902172294445, 0.00106187094934, 0.000958289776463, 0.00152594270185, 0.00204562558793, 0.00264623970725, 0.00276455678977, 0.00303733674809, 0.00238532316871, 0.00204329006374, 0.00141098769382, 0.000861338106915, 0.000338176265359, 0.000114184847916, 5.85488996876e-05, 2.74401172646e-05, 1.67258112924e-05, 5.64411993764e-06, 3.84968416256e-06, 4.54449445897e-06, 3.94277458327e-06, 1.75114053036e-07]
    },
    "erbbands": {
        "max": [0.174664184451, 0.808260202408, 3.45956325531, 8.00101566315, 15.2073202133, 40.1263008118, 44.4890861511, 84.8938903809, 135.670440674, 127.109428406, 187.790008545, 404.066436768, 363.078277588, 459.791351318, 956.432861328, 641.167663574, 788.528747559, 671.481079102, 619.689941406, 496.522888184, 427.637939453, 296.091644287, 109.934143066, 46.3276901245, 22.2569999695, 19.1529064178, 10.22336483, 7.12778282166, 3.87925004959, 2.05343937874, 0.668529987335, 0.326798707247, 0.405584096909, 0.339378863573, 0.0794351249933, 0.0557849407196, 0.0390943773091, 0.00510150333866, 0.00012949972006, 0.000121721132018],
        "mean": [0.0115127442405, 0.0685526356101, 0.199269533157, 0.517940223217, 1.42726409435, 2.62837600708, 4.37616968155, 7.97901630402, 12.6605148315, 17.3606204987, 23.9360198975, 34.9408378601, 55.4207687378, 83.2291412354, 114.506767273, 136.075973511, 156.822006226, 157.946594238, 147.138214111, 124.857284546, 97.499961853, 57.894908905, 26.5779571533, 10.7639064789, 5.13970327377, 2.88274145126, 1.53601741791, 1.02580368519, 0.854162573814, 0.517256140709, 0.181277483702, 0.0840896442533, 0.121166214347, 0.109045699239, 0.0297904405743, 0.0188944488764, 0.0140746971592, 0.00161106418818, 4.64150471089e-05, 3.43471110682e-05],
        "min": [3.77998416846e-22, 8.64856609386e-22, 8.68094548925e-21, 6.19821579115e-21, 1.11402285752e-20, 5.81186404162e-20, 2.208935678e-19, 2.44619718557e-19, 4.00955044872e-19, 3.33686675357e-19, 3.16619612874e-19, 5.37173571334e-19, 8.34546966101e-19, 1.24786657752e-18, 2.06616585524e-18, 2.48908282971e-18, 1.62996591108e-18, 4.30071176878e-18, 4.79126792233e-18, 2.68324569413e-18, 2.5079162847e-18, 6.69719503764e-18, 6.38790352121e-18, 9.74452179684e-18, 1.11791077506e-17, 1.17271794265e-17, 1.11281616967e-17, 1.31029147885e-17, 1.29108070543e-17, 1.1910811041e-17, 1.51931671092e-17, 1.61614101403e-17, 1.24536681703e-17, 9.94627528415e-18, 9.02948288711e-18, 4.66378367351e-18, 2.35970992075e-18, 1.00052644288e-18, 2.38691315106e-19, 3.40592942e-20],
        "stdev": [0.0196374449879, 0.105729959905, 0.333097666502, 0.723477959633, 1.95575749874, 3.40131568909, 4.57015657425, 8.87481021881, 14.3290624619, 17.0161495209, 23.3325195312, 34.9588775635, 51.9770584106, 77.2496566772, 112.963150024, 116.375282288, 136.496261597, 118.864715576, 112.391410828, 89.4535827637, 70.9855651855, 45.1852912903, 21.2955036163, 8.87774085999, 4.40188455582, 2.80415892601, 1.53823304176, 0.907095193863, 0.643114864826, 0.371333599091, 0.130778193474, 0.0624643526971, 0.0817174240947, 0.0724055841565, 0.0195683483034, 0.0126514919102, 0.00922571402043, 0.00106943654828, 3.03214983433e-05, 2.26119955187e-05]
    },
    "gfcc": {
        "mean": [-33.8838424683, 104.437484741, -167.813140869, -14.502571106, -38.1095809937, 13.4917144775, -43.3318977356, 5.60050201416, -20.9991130829, 5.56545305252, -19.605714798, 6.9384598732, -9.62113571167],
        "cov": [[25844.1484375, 981.730407715, -3849.87255859, -763.522216797, -68.2879104614, 192.534973145, -411.903533936, 115.120727539, -407.560180664, 213.005020142, -193.482788086, 345.512542725, -33.2323379517], [981.730407715, 247.086410522, -36.1021270752, 49.6171569824, -75.4384155273, 30.1776237488, -52.8013763428, 0.954715251923, -24.2727966309, -6.66879272461, -27.1958351135, -18.987361908, -19.7235298157], [-3849.87255859, -36.1021270752, 718.976501465, 223.694366455, -33.7199020386, -15.2941217422, 79.8589782715, -15.7419061661, 47.8243408203, -31.8995304108, 26.0825328827, -89.5905914307, -10.0588827133], [-763.522216797, 49.6171569824, 223.694366455, 173.123718262, -15.5387935638, 2.45283532143, 16.2476158142, 0.16404864192, -6.08042573929, -10.1234903336, 1.24224376678, -38.1438903809, -10.3040828705], [-68.2879104614, -75.4384155273, -33.7199020386, -15.5387935638, 103.313354492, 21.2692260742, 16.1807899475, -7.12341785431, 1.86506867409, -0.699447393417, 3.46055984497, 25.5909442902, 15.4746379852], [192.534973145, 30.1776237488, -15.2941217422, 2.45283532143, 21.2692260742, 45.3215026855, 7.10372447968, 2.31683349609, 0.0872213989496, 0.612488090992, -9.94627285004, 3.76793384552, 2.18796348572], [-411.903533936, -52.8013763428, 79.8589782715, 16.2476158142, 16.1807899475, 7.10372447968, 71.4543457031, 19.7607650757, 9.09752941132, 6.25533008575, 18.4248695374, -13.105805397, 3.01473593712], [115.120727539, 0.954715251923, -15.7419061661, 0.16404864192, -7.12341785431, 2.31683349609, 19.7607650757, 31.6000823975, 15.7109622955, 7.61335134506, 5.1441693306, 1.38677608967, -2.00122380257], [-407.560180664, -24.2727966309, 47.8243408203, -6.08042573929, 1.86506867409, 0.0872213989496, 9.09752941132, 15.7109622955, 41.0893516541, 16.490032196, 7.32472467422, 3.42505025864, 4.67051696777], [213.005020142, -6.66879272461, -31.8995304108, -10.1234903336, -0.699447393417, 0.612488090992, 6.25533008575, 7.61335134506, 16.490032196, 31.3790798187, 15.5221405029, 6.81863594055, 4.81678104401], [-193.482788086, -27.1958351135, 26.0825328827, 1.24224376678, 3.46055984497, -9.94627285004, 18.4248695374, 5.1441693306, 7.32472467422, 15.5221405029, 34.7943687439, 11.8368988037, 5.23057413101], [345.512542725, -18.987361908, -89.5905914307, -38.1438903809, 25.5909442902, 3.76793384552, -13.105805397, 1.38677608967, 3.42505025864, 6.81863594055, 11.8368988037, 44.8189620972, 20.635011673], [-33.2323379517, -19.7235298157, -10.0588827133, -10.3040828705, 15.4746379852, 2.18796348572, 3.01473593712, -2.00122380257, 4.67051696777, 4.81678104401, 5.23057413101, 20.635011673, 28.6199913025]],
        "icov": [[0.000912851130124, -0.00284819118679, 0.00489394273609, -0.00184806913603, 0.000536067760549, 0.00116983684711, -0.00404454302043, 0.00103211181704, 0.00327483797446, -0.00516565982252, 0.00387445301749, -0.00313379918225, 0.00215707509778], [-0.00284819118679, 0.0206785649061, -0.0156737230718, 0.00354884797707, 0.00584908714518, -0.0170971993357, 0.0247250515968, -0.0123190311715, -0.00136810808908, 0.0133049348369, -0.0138412863016, 0.0134339323267, -0.00778113631532], [0.00489394273609, -0.0156737230718, 0.0401520244777, -0.0219672452658, 0.00762539589778, 0.00340378843248, -0.0318454280496, 0.0326735638082, -0.0189969819039, 0.00562257366255, -0.00170668680221, 0.00160078634508, 0.0036516780965], [-0.00184806913603, 0.00354884797707, -0.0219672452658, 0.0231345947832, -0.00814970582724, -0.000160832452821, 0.0188434813172, -0.0279077421874, 0.0245537403971, -0.0134547352791, 0.00321965152398, 0.0034754825756, -0.003446000861], [0.000536067760549, 0.00584908714518, 0.00762539589778, -0.00814970582724, 0.0235154423863, -0.0126118147746, -0.0101612070575, 0.0177508108318, -0.00959713198245, 0.00780654000118, 0.000873147393577, -0.0114398244768, 0.00330119207501], [0.00116983684711, -0.0170971993357, 0.00340378843248, -0.000160832452821, -0.0126118147746, 0.0489270873368, -0.0269867777824, 0.00787765998393, 0.00411353865638, -0.0215192772448, 0.0348884165287, -0.0269797649235, 0.0132130905986], [-0.00404454302043, 0.0247250515968, -0.0318454280496, 0.0188434813172, -0.0101612070575, -0.0269867777824, 0.0797160118818, -0.0640650764108, 0.0255202967674, 0.00673295650631, -0.0398718193173, 0.0491482391953, -0.030831573531], [0.00103211181704, -0.0123190311715, 0.0326735638082, -0.0279077421874, 0.0177508108318, 0.00787765998393, -0.0640650764108, 0.125591576099, -0.0935470014811, 0.053269226104, -0.0148136960343, -0.0089520085603, 0.0149374231696], [0.00327483797446, -0.00136810808908, -0.0189969819039, 0.0245537403971, -0.00959713198245, 0.00411353865638, 0.0255202967674, -0.0935470014811, 0.151135072112, -0.122789800167, 0.0691362097859, -0.0466870181262, 0.0176962371916], [-0.00516565982252, 0.0133049348369, 0.00562257366255, -0.0134547352791, 0.00780654000118, -0.0215192772448, 0.00673295650631, 0.053269226104, -0.122789800167, 0.16527697444, -0.107465036213, 0.0744516029954, -0.0410747863352], [0.00387445301749, -0.0138412863016, -0.00170668680221, 0.00321965152398, 0.000873147393577, 0.0348884165287, -0.0398718193173, -0.0148136960343, 0.0691362097859, -0.107465036213, 0.133064836264, -0.0972952917218, 0.0481794439256], [-0.00313379918225, 0.0134339323267, 0.00160078634508, 0.0034754825756, -0.0114398244768, -0.0269797649235, 0.0491482391953, -0.0089520085603, -0.0466870181262, 0.0744516029954, -0.0972952917218, 0.133571907878, -0.0735570937395], [0.00215707509778, -0.00778113631532, 0.0036516780965, -0.003446000861, 0.00330119207501, 0.0132130905986, -0.030831573531, 0.0149374231696, 0.0176962371916, -0.0410747863352, 0.0481794439256, -0.0735570937395, 0.0818773061037]]
    },
    "melbands": {
        "max": [0.00136901531368, 0.00149703363422, 0.00156923022587, 0.00178382580634, 0.00153005379252, 0.0017920404207, 0.00189087050967, 0.00126885029022, 0.0013876974117, 0.00278087332845, 0.00182138523087, 0.0019012063276, 0.00319132674485, 0.0022753435187, 0.00181942398194, 0.00195382256061, 0.00134029157925, 0.000991709763184, 0.000705052167177, 0.000633361807559, 0.000522539252415, 0.000362770399079, 0.000176023284439, 6.38387937215e-05, 3.71499154426e-05, 1.93345549633e-05, 1.4912379811e-05, 1.30510779854e-05, 8.13728456706e-06, 5.06280093759e-06, 3.61936940863e-06, 2.23571646529e-06, 1.84067471309e-06, 1.0557554333e-06, 4.31520589927e-07, 3.00709046996e-07, 1.9271634244e-07, 2.65374438868e-07, 4.43927689275e-07, 2.64486402557e-07],
        "mean": [0.00010653812933, 0.000101769597677, 0.000113890688226, 0.000147655504406, 0.000148765640915, 0.000178616319317, 0.000199091489776, 0.000192628489458, 0.000201791219297, 0.000227017677389, 0.000279966596281, 0.000329249189235, 0.000367761560483, 0.000360035977792, 0.000357483630069, 0.000335230783094, 0.000287543109152, 0.000239678018261, 0.000192654682905, 0.000145366429933, 0.00010687152826, 6.49793728371e-05, 3.39250036632e-05, 1.64729044627e-05, 7.84278199717e-06, 4.26612677984e-06, 2.67367886408e-06, 1.72388195097e-06, 1.03607749224e-06, 6.8182242785e-07, 5.60306489206e-07, 4.98405199778e-07, 4.06125565178e-07, 2.36376919815e-07, 1.09742899213e-07, 5.93887072853e-08, 4.55575204228e-08, 7.33754461635e-08, 1.10217342808e-07, 8.71207248565e-08],
        "min": [4.95097229384e-24, 4.16125941884e-24, 2.32603329298e-24, 1.79382335289e-24, 6.52689471256e-24, 5.49510133056e-24, 5.85766219703e-24, 4.4387988291e-24, 2.53781799135e-24, 3.12545132648e-24, 4.27461044788e-24, 4.71541606096e-24, 7.35941039141e-24, 5.35598452663e-24, 6.43545232301e-24, 4.52140479322e-24, 6.8858674452e-24, 7.49068079035e-24, 5.3006234516e-24, 2.17581268017e-24, 3.15920530411e-24, 5.72746662108e-24, 6.32364312261e-24, 5.86182304388e-24, 8.07068524888e-24, 5.4534901011e-24, 8.5201434828e-24, 7.51472842618e-24, 6.89992652425e-24, 7.04988503803e-24, 7.58653054577e-24, 6.59547512421e-24, 6.58984778495e-24, 6.42065408129e-24, 7.34805316096e-24, 1.00414199289e-23, 8.53292460718e-24, 8.07319619314e-24, 8.04349242462e-24, 7.44707177064e-24],
        "stdev": [0.000163574542967, 0.000154316338012, 0.000152975684614, 0.000185203447472, 0.000152281019837, 0.000192543157027, 0.000216876214836, 0.000186239456525, 0.000194851891138, 0.000231084297411, 0.000265702459728, 0.000312848831527, 0.000376166863134, 0.000325028930092, 0.000325291446643, 0.000290673517156, 0.000224898976739, 0.000191813611309, 0.000149612533278, 0.000107603234937, 8.18910993985e-05, 5.36444022146e-05, 2.86227386823e-05, 1.39451858558e-05, 6.89147736921e-06, 3.75824379262e-06, 2.4901200959e-06, 1.80310166797e-06, 1.10883627258e-06, 6.764871614e-07, 5.00283249494e-07, 3.88823053754e-07, 2.98956280176e-07, 1.77743444851e-07, 8.19994951939e-08, 4.69947565307e-08, 3.54823086468e-08, 5.18823988216e-08, 7.48135420281e-08, 5.88427333525e-08]
    },
    "melbands128": {
        "max": [0.00159385998268, 0.001588955638, 0.00166281312704, 0.00142983091064, 0.00195712433197, 0.00168312387541, 0.00168031291105, 0.00153501960449, 0.00177448394243, 0.00222249142826, 0.00275100045837, 0.00150774838403, 0.00173449190333, 0.00228032772429, 0.00252435682341, 0.00219586142339, 0.00223409570754, 0.00278380489908, 0.00197888142429, 0.00163771002553, 0.00116089277435, 0.00182211026549, 0.00187136931345, 0.00188270770013, 0.00235349009745, 0.00466595124453, 0.00202157022431, 0.00243240687996, 0.00223280419596, 0.00313497311436, 0.00286298478022, 0.00250536669046, 0.00427106022835, 0.0044654365629, 0.00304101966321, 0.00259445165284, 0.00251216627657, 0.00233808741905, 0.0026331380941, 0.00282541336492, 0.00263536348939, 0.00189416308422, 0.00211747037247, 0.00213300832547, 0.00183207262307, 0.001580681419, 0.00126094557345, 0.00089584896341, 0.000851940712892, 0.00111630000174, 0.000773930398282, 0.000924775609747, 0.000892641372047, 0.000570366333704, 0.000660560384858, 0.000402616336942, 0.000365174986655, 0.000325146393152, 0.000260774686467, 0.000140036907396, 9.8352029454e-05, 0.000104642087535, 6.52820526739e-05, 4.64178046968e-05, 3.232121162e-05, 2.67582945526e-05, 2.60878732661e-05, 2.18881414185e-05, 2.38998345594e-05, 1.60366853379e-05, 1.89675229194e-05, 1.56859350682e-05, 1.25644364743e-05, 7.58741680329e-06, 7.8126504377e-06, 6.17039313511e-06, 7.98899873189e-06, 4.37889366367e-06, 3.56610735253e-06, 3.98160636905e-06, 2.86111617243e-06, 2.5729752906e-06, 2.48584069595e-06, 2.18200671043e-06, 2.66812071459e-06, 1.76947082764e-06, 1.06511026843e-06, 8.40437849092e-07, 5.35331651008e-07, 5.99000657076e-07, 3.86358095739e-07, 3.17582561138e-07, 2.59999836771e-07, 2.71744170277e-07, 2.75151535334e-07, 2.41672694301e-07, 2.93037686561e-07, 4.68536910603e-07, 5.2835906672e-07, 5.64643755752e-07, 4.15488386807e-07, 4.62694515591e-07, 2.78373022411e-07, 1.52831944433e-07, 1.22448483353e-07, 9.89041666344e-08, 6.71827464771e-08, 9.33446813178e-08, 1.17750040829e-07, 1.78695728437e-07, 1.94096486439e-07, 2.2756398721e-07, 1.96553486376e-07, 1.56635465487e-07, 9.37359629916e-08, 6.49048388368e-08, 6.35025045881e-08, 1.13656728473e-09, 3.17595894028e-10, 5.90601179074e-11, 5.79298067849e-11, 5.69344155155e-11, 5.60306315234e-11, 5.51681200722e-11, 5.44219461163e-11, 5.38503894254e-11, 5.34498903471e-11, 5.31223745548e-11],
        "mean": [9.30355599849e-05, 0.000102015168522, 0.000113166795927, 0.000113593006972, 9.82893034234e-05, 9.58166347118e-05, 9.89812906482e-05, 0.000111841472972, 0.000146395381307, 0.000155890025781, 0.000142618839163, 0.0001475502213, 0.000147898244904, 0.000151269603521, 0.000176074536284, 0.000196573295398, 0.000195445201825, 0.000197981615202, 0.000206805780181, 0.000195253320271, 0.000181490293471, 0.000194366075448, 0.000204546828172, 0.00020888306608, 0.000217157314182, 0.000228943390539, 0.000262168381596, 0.000268337753369, 0.000311015697662, 0.000336790981237, 0.00032030013972, 0.00034944343497, 0.000379078148399, 0.000382258847822, 0.000346169632394, 0.000362374179531, 0.000363463157555, 0.000354719581082, 0.000361761223758, 0.000343223073287, 0.000335077289492, 0.000314371631248, 0.000286210852209, 0.000279645144474, 0.000258809828665, 0.000233360449784, 0.000217402339331, 0.000204572963412, 0.000175713226781, 0.000160986033734, 0.000141270575114, 0.00013395678252, 0.00011133980297, 0.000100641911558, 8.25447714305e-05, 6.43402818241e-05, 4.75386550534e-05, 3.87281979783e-05, 2.97765764117e-05, 2.18129844143e-05, 1.6377576685e-05, 1.24817452161e-05, 8.89873717824e-06, 6.89925718689e-06, 5.202891316e-06, 4.21353115598e-06, 3.76616230824e-06, 3.00039869217e-06, 2.48573519457e-06, 2.08999631468e-06, 1.83608619864e-06, 1.48542630996e-06, 1.23073652958e-06, 9.76263891062e-07, 7.80714458415e-07, 7.00215878169e-07, 6.34901937246e-07, 5.83124062814e-07, 5.51857169739e-07, 5.37631990483e-07, 5.1165034165e-07, 4.88358352868e-07, 4.53242563481e-07, 4.18597522867e-07, 3.52886729615e-07, 2.73832938547e-07, 1.98188885747e-07, 1.48463982441e-07, 1.06171555103e-07, 8.18533223423e-08, 6.66923014592e-08, 5.39744640093e-08, 4.50168613497e-08, 4.29112922973e-08, 4.47229382416e-08, 5.79246055565e-08, 7.63078205068e-08, 9.97340094955e-08, 1.14745461133e-07, 1.15596670014e-07, 1.05890421764e-07, 8.62944062874e-08, 6.01415877099e-08, 3.98800636958e-08, 2.69196913649e-08, 2.13074429212e-08, 1.83865047632e-08, 1.93556140005e-08, 2.72309659266e-08, 4.26469703996e-08, 5.54725474444e-08, 5.79882559748e-08, 5.13956663895e-08, 3.7947902598e-08, 2.54910688113e-08, 1.84861068675e-08, 5.81390358079e-09, 1.49472066668e-11, 4.57585315125e-12, 3.8841005065e-12, 3.79201531286e-12, 3.70965324431e-12, 3.63367994548e-12, 3.56703837474e-12, 3.51994952283e-12, 3.48322130687e-12, 3.45832889236e-12, 3.43685084732e-12],
        "min": [1.31911456887e-24, 1.15897965081e-24, 2.66782739612e-24, 9.55933066084e-25, 1.52644920426e-24, 1.92614313405e-24, 1.89541680457e-25, 3.24126734864e-24, 4.45886715471e-25, 4.44846996797e-25, 3.56188053647e-24, 4.74213083551e-24, 7.76070551162e-24, 5.39183115503e-24, 6.05673637406e-24, 1.78492164922e-24, 9.60423242635e-24, 2.03371339037e-24, 3.96914220614e-24, 1.57480401117e-24, 2.70593904139e-24, 2.0755806052e-24, 7.48740573569e-25, 3.3096095243e-24, 3.87683325288e-24, 2.60853739935e-24, 2.29026811448e-24, 1.15059869394e-24, 3.54056196494e-24, 2.53021455551e-24, 3.54008628181e-24, 2.92482427676e-24, 6.07356474932e-24, 6.39439802935e-24, 4.90219150204e-24, 5.00628169849e-24, 4.89319888216e-24, 4.49212898174e-24, 2.13569831428e-24, 1.16781824561e-24, 3.03699714204e-24, 3.29212856386e-24, 7.31183971225e-24, 5.29449439679e-24, 5.31801665127e-24, 2.83121291415e-24, 5.74925219827e-24, 5.27468294402e-24, 3.96440391311e-24, 3.09993009848e-24, 1.80949939959e-24, 1.65631700851e-24, 1.5498531296e-24, 5.4574742431e-24, 3.69970360851e-24, 5.60415819526e-24, 4.28529004682e-24, 5.2831793704e-24, 6.39689556297e-24, 3.55966896492e-24, 5.61391877124e-24, 5.11815637434e-24, 4.9829858471e-24, 8.78457912456e-24, 6.92339355846e-24, 3.194630878e-24, 5.91248684665e-24, 5.05044213196e-24, 5.81438725992e-24, 6.7231688278e-24, 3.56750077599e-24, 3.96670778138e-24, 7.83931786741e-24, 8.41583477188e-24, 4.20462980812e-24, 5.60115184635e-24, 6.22381316948e-24, 6.63133752983e-24, 8.21399129865e-24, 4.21269827746e-24, 3.48996284876e-24, 5.74153319431e-24, 3.66431215286e-24, 4.27908171149e-24, 4.49353985946e-24, 6.35940494845e-24, 6.93619913754e-24, 6.04123012968e-24, 3.93224757603e-24, 5.77153870213e-24, 1.05722325991e-23, 6.1660799897e-24, 8.0991765382e-24, 8.28646237229e-24, 4.95265808959e-24, 3.92751046629e-24, 7.94831556754e-24, 6.32714250958e-24, 7.47740347245e-24, 7.0069970372e-24, 7.57633136313e-24, 4.34902448593e-24, 6.965920261e-24, 8.71826037712e-24, 8.58863948634e-24, 1.01302417225e-23, 6.67608566467e-24, 5.71076801344e-24, 8.16974172389e-24, 7.77592894937e-24, 7.81610405755e-24, 6.51008329781e-24, 6.98630521565e-24, 7.95364511182e-24, 7.21068250065e-24, 5.43393226711e-24, 6.63733918359e-24, 7.65773313108e-24, 6.0217515762e-24, 8.06445955862e-24, 5.55154906149e-24, 7.20327430789e-24, 7.33649477098e-24, 7.76614312984e-24, 1.0313232209e-23, 6.5202532926e-24, 8.63992491151e-24, 9.51774566101e-24],
        "stdev": [0.00016711767239, 0.000189129073988, 0.000179871509317, 0.0001854946604, 0.000178113463335, 0.00015821128909, 0.000147491169628, 0.00016897104797, 0.000223679002374, 0.000229858604143, 0.000216005311813, 0.000181248891749, 0.000175796536496, 0.000194942287635, 0.000231172700296, 0.000255869264947, 0.000263990368694, 0.000269439828116, 0.00024793879129, 0.000231470665312, 0.000210095109651, 0.000236023173784, 0.00023854621395, 0.000238161941525, 0.000264170404989, 0.000313298951369, 0.000307044538204, 0.00031554105226, 0.000352741888491, 0.000399633398047, 0.000371124100639, 0.000389375229133, 0.000484468124341, 0.000482601899421, 0.000387603766285, 0.000418287992943, 0.000381640857086, 0.00039375628694, 0.000418111594627, 0.000383050180972, 0.000355655822204, 0.000313859520247, 0.000279158091871, 0.000278192484984, 0.000270563119557, 0.000248400232522, 0.000213848834392, 0.000194784981431, 0.00015627357061, 0.000156248454005, 0.00012704260007, 0.000122682671645, 0.000110670865979, 9.35358038987e-05, 8.62560482346e-05, 6.28985944786e-05, 4.78434412798e-05, 3.90242785215e-05, 3.0072986192e-05, 2.13964904106e-05, 1.65178043972e-05, 1.28180909087e-05, 9.39108031162e-06, 7.2635430115e-06, 5.23554035681e-06, 4.38668121205e-06, 4.00071166951e-06, 3.0989078823e-06, 2.81521920442e-06, 2.29536021834e-06, 2.23688221013e-06, 1.77648144017e-06, 1.50568143908e-06, 1.10966834654e-06, 9.4275480933e-07, 7.76346837483e-07, 7.19055776699e-07, 6.13692691331e-07, 5.51329549126e-07, 4.98729434639e-07, 4.6378070806e-07, 4.25884167043e-07, 4.06136166475e-07, 3.43829270832e-07, 3.05582119609e-07, 2.37049476937e-07, 1.67799043993e-07, 1.24319470274e-07, 9.03314898437e-08, 7.2650742311e-08, 5.84482044985e-08, 4.87355613643e-08, 3.95869967917e-08, 3.84460925318e-08, 3.90678280837e-08, 4.7064734332e-08, 5.92248525777e-08, 7.86892400129e-08, 8.4718813298e-08, 9.20615974564e-08, 7.67044241456e-08, 6.7545400384e-08, 4.68956287136e-08, 2.95950854934e-08, 2.02597281174e-08, 1.63046482982e-08, 1.44272860325e-08, 1.54605945824e-08, 2.07614032632e-08, 3.18219015583e-08, 3.88279204344e-08, 4.24976356328e-08, 3.66140255892e-08, 2.86353234458e-08, 1.82930453008e-08, 1.33696769211e-08, 6.49875753211e-09, 6.70077535125e-11, 1.54202865754e-11, 7.50956154899e-12, 7.33405870756e-12, 7.17612384446e-12, 7.03706407382e-12, 6.91722330456e-12, 6.81890134635e-12, 6.74151142896e-12, 6.67949636574e-12, 6.64496929703e-12]
    },
    "mfcc": {
        "mean": [-660.120178223, 152.073974609, -63.5767250061, -15.707780838, 7.15099811554, 3.3097922802, -7.0280828476, -1.97058904171, 3.58744049072, -7.93149852753, 3.3054997921, -4.23508405685, 3.17956233025],
        "cov": [[12854.2275391, 924.762451172, -2184.7902832, -555.567871094, -75.0552444458, -8.02143096924, 152.98487854, -70.0998764038, 100.891372681, -197.537399292, 63.8590774536, -114.87915802, 201.01411438], [924.762451172, 372.344299316, -59.8850822449, -39.645526886, 21.4089813232, 13.0962715149, -21.6073741913, -2.47675156593, 3.15764141083, -12.8845510483, 3.40025353432, -11.5412311554, 0.212104901671], [-2184.7902832, -59.8850822449, 553.306274414, 194.207977295, -11.4734792709, 13.0756225586, -2.07812666893, 9.67218399048, -26.2921199799, 71.3031005859, -13.2532777786, 44.7118034363, -56.7285575867], [-555.567871094, -39.645526886, 194.207977295, 142.391860962, 6.60331487656, 5.89007616043, 21.6014442444, 3.1643280983, -16.4208068848, 31.0835781097, -10.7310094833, 21.6198940277, -21.8157863617], [-75.0552444458, 21.4089813232, -11.4734792709, 6.60331487656, 59.6740226746, 27.6692695618, -10.7338972092, 1.8853559494, 6.36955738068, -18.6868267059, -4.31447076797, -10.548207283, 3.4043507576], [-8.02143096924, 13.0962715149, 13.0756225586, 5.89007616043, 27.6692695618, 43.1531257629, 14.9045324326, -0.463844567537, 9.37181949615, -4.25440645218, -4.19211149216, -2.52436327934, -2.07804203033], [152.98487854, -21.6073741913, -2.07812666893, 21.6014442444, -10.7338972092, 14.9045324326, 50.2568283081, 11.7791290283, -3.55994153023, 11.592461586, -2.42948269844, 2.8571407795, -5.42714834213], [-70.0998764038, -2.47675156593, 9.67218399048, 3.1643280983, 1.8853559494, -0.463844567537, 11.7791290283, 29.5398674011, 7.60804462433, 0.694313943386, 1.52372562885, 2.10157871246, -4.0499792099], [100.891372681, 3.15764141083, -26.2921199799, -16.4208068848, 6.36955738068, 9.37181949615, -3.55994153023, 7.60804462433, 36.0134277344, 4.61276197433, 1.16534173489, -0.185871526599, 6.3911614418], [-197.537399292, -12.8845510483, 71.3031005859, 31.0835781097, -18.6868267059, -4.25440645218, 11.592461586, 0.694313943386, 4.61276197433, 43.2821044922, 8.3981180191, 10.970076561, -3.23288583755], [63.8590774536, 3.40025353432, -13.2532777786, -10.7310094833, -4.31447076797, -4.19211149216, -2.42948269844, 1.52372562885, 1.16534173489, 8.3981180191, 28.8144207001, 7.5534529686, 3.00772857666], [-114.87915802, -11.5412311554, 44.7118034363, 21.6198940277, -10.548207283, -2.52436327934, 2.8571407795, 2.10157871246, -0.185871526599, 10.970076561, 7.5534529686, 32.3709411621, 2.31889748573], [201.01411438, 0.212104901671, -56.7285575867, -21.8157863617, 3.4043507576, -2.07804203033, -5.42714834213, -4.0499792099, 6.3911614418, -3.23288583755, 3.00772857666, 2.31889748573, 31.9180717468]],
        "icov": [[0.00102158286609, -0.0023482372053, 0.00510761560872, -0.00412510801107, 0.00487289763987, -0.00251715583727, -0.00112007092685, 0.00147765502334, -0.00147877028212, 0.00104833999649, -0.00114527414553, -0.000190463164472, -0.000322289706673], [-0.0023482372053, 0.00842609908432, -0.0108748069033, 0.00961561780423, -0.0108323814347, 0.00264132348821, 0.00599478185177, -0.00519520696253, 0.00532327638939, -0.00425870344043, 0.00306471739896, 0.000379662931664, 0.00185079441871], [0.00510761560872, -0.0108748069033, 0.03363571316, -0.0284234974533, 0.0316888727248, -0.0270922407508, 0.0107895238325, -0.00279942061752, 0.00130066787824, -0.00533619057387, -0.00117823074106, -0.00399349117652, 0.00419537955895], [-0.00412510801107, 0.00961561780423, -0.0284234974533, 0.040541280061, -0.0393909402192, 0.0293335467577, -0.0165102183819, 0.00521769793704, 0.00482463371009, -0.00808856915683, 0.0106169488281, -0.00851803645492, 0.00490635866299], [0.00487289763987, -0.0108323814347, 0.0316888727248, -0.0393909402192, 0.0777326077223, -0.0612392760813, 0.0327554121614, -0.0170843675733, 0.00207884353586, 0.0115441046655, -0.00926835276186, 0.0136820552871, -0.00946264900267], [-0.00251715583727, 0.00264132348821, -0.0270922407508, 0.0293335467577, -0.0612392760813, 0.0942562222481, -0.0599832013249, 0.0374265648425, -0.0297197140753, 0.0161663684994, -0.00114878593013, -0.00550157576799, 0.00304724066518], [-0.00112007092685, 0.00599478185177, 0.0107895238325, -0.0165102183819, 0.0327554121614, -0.0599832013249, 0.078527957201, -0.0462182238698, 0.0326748788357, -0.0273560453206, 0.0112722748891, 0.00286365766078, 0.00441119633615], [0.00147765502334, -0.00519520696253, -0.00279942061752, 0.00521769793704, -0.0170843675733, 0.0374265648425, -0.0462182238698, 0.0664130374789, -0.0316383168101, 0.0203998405486, -0.0105412546545, -0.00401692651212, 0.00383302965201], [-0.00147877028212, 0.00532327638939, 0.00130066787824, 0.00482463371009, 0.00207884353586, -0.0297197140753, 0.0326748788357, -0.0316383168101, 0.0551916435361, -0.0284463521093, 0.0125671382993, -0.00377349113114, -0.000571053882595], [0.00104833999649, -0.00425870344043, -0.00533619057387, -0.00808856915683, 0.0115441046655, 0.0161663684994, -0.0273560453206, 0.0203998405486, -0.0284463521093, 0.0598927140236, -0.0236220508814, 0.00687974970788, -0.0103397881612], [-0.00114527414553, 0.00306471739896, -0.00117823074106, 0.0106169488281, -0.00926835276186, -0.00114878593013, 0.0112722748891, -0.0105412546545, 0.0125671382993, -0.0236220508814, 0.0502267070115, -0.0158819463104, 0.00535960448906], [-0.000190463164472, 0.000379662931664, -0.00399349117652, -0.00851803645492, 0.0136820552871, -0.00550157576799, 0.00286365766078, -0.00401692651212, -0.00377349113114, 0.00687974970788, -0.0158819463104, 0.0479563698173, -0.0140981031582], [-0.000322289706673, 0.00185079441871, 0.00419537955895, 0.00490635866299, -0.00946264900267, 0.00304724066518, 0.00441119633615, 0.00383302965201, -0.000571053882595, -0.0103397881612, 0.00535960448906, -0.0140981031582, 0.0461879596114]]
    },
    "spectral_contrast_coeffs": {
        "max": [-0.595699489117, -0.616035819054, -0.695263445377, -0.733371794224, -0.673647284508, -0.728018164635],
        "mean": [-0.738988935947, -0.831172943115, -0.817249774933, -0.821032106876, -0.758264243603, -0.784893751144],
        "min": [-0.987000346184, -0.986647069454, -0.971977055073, -0.964381277561, -0.963707983494, -0.961479961872],
        "stdev": [0.0531900338829, 0.0442910753191, 0.0402096435428, 0.034155536443, 0.0452221110463, 0.0308908745646]
    },
    "spectral_contrast_valleys": {
        "max": [-5.45189237595, -4.96108913422, -4.83813142776, -5.22680044174, -6.49506092072, -9.9753408432],
        "mean": [-7.61795520782, -6.43991041183, -6.40315055847, -6.44468164444, -8.00087070465, -11.1158351898],
        "min": [-27.4839515686, -27.4143409729, -27.3829288483, -27.5558242798, -27.3876934052, -27.3778247833],
        "stdev": [2.1882686615, 2.35027527809, 2.48495864868, 2.48626565933, 2.26695656776, 1.85665667057]
    }
},
"rhythm": {
    "beats_count": 31,
    "beats_loudness": {
        "max": 0.0643379166722,
        "mean": 0.0272247195244,
        "min": 0.000452117499663,
        "stdev": 0.0173992142081
    },
    "bpm": 146.702667236,
    "bpm_histogram_first_peak_bpm": 148,
    "bpm_histogram_first_peak_weight": 0.428571403027,
    "bpm_histogram_second_peak_bpm": 161,
    "bpm_histogram_second_peak_spread": 0.199999988079,
    "bpm_histogram_second_peak_weight": 0.133333340287,
    "danceability": 0.839562416077,
    "onset_rate": 3.21332597733,
    "beats_loudness_band_ratio": {
        "max": [0.294819056988, 0.700987398624, 0.663667559624, 0.622937738895, 0.524030268192, 0.0133233228698],
        "mean": [0.0501760281622, 0.0953844040632, 0.166566208005, 0.428774565458, 0.2825306952, 0.00878855027258],
        "min": [0.0122864823788, 0.0214396379888, 0.0337858423591, 0.0313467085361, 0.00695451209322, 0.00190258957446],
        "stdev": [0.0570421218872, 0.124519430101, 0.101569183171, 0.145075857639, 0.117928370833, 0.00281890365295]
    },
    "beats_position": [0.336689323187, 0.696598649025, 1.06811785698, 1.42802715302, 1.79954648018, 2.15945577621, 2.53097510338, 2.90249419212, 3.29723358154, 3.68036270142, 4.08671188354, 4.5046710968, 4.92263031006, 5.34058952332, 5.74693870544, 6.14167785645, 6.54802703857, 6.9543762207, 7.36072540283, 7.77868461609, 8.20825386047, 8.62621307373, 9.03256225586, 9.43891143799, 9.85687065125, 10.2632198334, 10.6811790466, 11.0875282288, 11.4938774109, 11.900226593, 12.3065757751],
