{
"metadata": {
    "version": {
        "essentia": "2.1-beta5",
        "essentia_git_sha": "Undefined",
        "extractor": "music 2.0"
    },
    "audio_properties": {
        "analysis": {
            "equal_loudness": 0,
            "length": 48.7502937317,
            "sample_rate": 44100,
            "start_time": 61.4980506897,
            "downmix": "mix"
        },
        "bit_rate": 192000,
        "length": 189.730255127,
        "lossless": 0,
        "number_channels": 2,
        "replay_gain": -1.6957988739,
        "sample_rate": 48000,
        "codec": "mp3",
        "md5_encoded": "720e2a5a9fb438e302452e8ba9549df7"
    },
    "tags": {
        "file_name": "France_L_oiseau Et L_enfant_Marie Myriam.mp3",
        "encoding": ["Lavf58.29.100"]
    }
},
"lowlevel": {
    "average_loudness": 0.972431004047,
    "barkbands_crest": {
        "max": 22.8254928589,
        "mean": 8.63346767426,
        "min": 2.71850442886,
        "stdev": 3.45627641678
    },
    "barkbands_flatness_db": {
        "max": 0.264730781317,
        "mean": 0.14260083437,
        "min": 0.0692226961255,
        "stdev": 0.0292106121778
    },
    "barkbands_kurtosis": {
        "max": 63.0916900635,
        "mean": 1.38064301014,
        "min": -1.66914856434,
        "stdev": 3.0040602684
    },
    "barkbands_skewness": {
        "max": 6.67560720444,
        "mean": 1.00387692451,
        "min": -1.30189990997,
        "stdev": 0.756234407425
    },
    "barkbands_spread": {
        "max": 58.5024147034,
        "mean": 19.3212509155,
        "min": 1.93204557896,
        "stdev": 7.66988182068
    },
    "dissonance": {
        "max": 0.499999970198,
        "mean": 0.460594505072,
        "min": 0.328709870577,
        "stdev": 0.0249059330672
    },
    "dynamic_complexity": 1.69078552723,
    "erbbands_crest": {
        "max": 27.6675758362,
        "mean": 9.62434005737,
        "min": 2.74437451363,
        "stdev": 4.1825003624
    },
    "erbbands_flatness_db": {
        "max": 0.314103215933,
        "mean": 0.197720870376,
        "min": 0.0988014042377,
        "stdev": 0.0339827239513
    },
    "erbbands_kurtosis": {
        "max": 17.9017028809,
        "mean": 0.184042021632,
        "min": -1.74400055408,
        "stdev": 1.41862523556
    },
    "erbbands_skewness": {
        "max": 4.08645677567,
        "mean": 0.437780916691,
        "min": -1.80884945393,
        "stdev": 0.629330456257
    },
    "erbbands_spread": {
        "max": 90.7179489136,
        "mean": 31.9628257751,
        "min": 6.73193359375,
        "stdev": 12.4410963058
    },
    "hfc": {
        "max": 75.0090026855,
        "mean": 26.6685123444,
        "min": 0.785853683949,
        "stdev": 13.8769311905
    },
    "loudness_ebu128": {
        "integrated": -21.9172382355,
        "loudness_range": 1.43148231506,
        "momentary": {
            "max": -19.2488365173,
            "mean": -22.1216030121,
            "min": -29.8958282471,
            "stdev": 1.40522348881
        },
        "short_term": {
            "max": -20.9387168884,
            "mean": -21.9481754303,
            "min": -23.498758316,
            "stdev": 0.499613404274
        }
    },
    "melbands_crest": {
        "max": 27.2807102203,
        "mean": 10.7206897736,
        "min": 3.38086104393,
        "stdev": 4.04606676102
    },
    "melbands_flatness_db": {
        "max": 0.319993376732,
        "mean": 0.153274327517,
        "min": 0.034823782742,
        "stdev": 0.0353086963296
    },
    "melbands_kurtosis": {
        "max": 87.2343063354,
        "mean": 5.16381645203,
        "min": -1.47397947311,
        "stdev": 6.22468805313
    },
    "melbands_skewness": {
        "max": 6.79949140549,
        "mean": 1.64954006672,
        "min": -0.718780994415,
        "stdev": 0.974570691586
    },
    "melbands_spread": {
        "max": 125.345657349,
        "mean": 26.4375743866,
        "min": 1.92082846165,
        "stdev": 11.6864643097
    },
    "pitch_salience": {
        "max": 0.87969905138,
        "mean": 0.597193419933,
        "min": 0.281811505556,
        "stdev": 0.0823682770133
    },
    "silence_rate_20dB": {
        "max": 1,
        "mean": 1,
        "min": 1,
        "stdev": 0
    },
    "silence_rate_30dB": {
        "max": 1,
        "mean": 1,
        "min": 1,
        "stdev": 0
    },
    "silence_rate_60dB": {
        "max": 1,
        "mean": 0.00523560214788,
        "min": 0,
        "stdev": 0.0721692666411
    },
    "spectral_centroid": {
        "max": 3715.99169922,
        "mean": 1560.89086914,
        "min": 414.474212646,
        "stdev": 457.308349609
    },
    "spectral_complexity": {
        "max": 45,
        "mean": 22.8776779175,
        "min": 2,
        "stdev": 6.55317115784
    },
    "spectral_decrease": {
        "max": -1.97989888373e-10,
        "mean": -6.03804428678e-09,
        "min": -1.80941412964e-08,
        "stdev": 2.84466450395e-09
    },
    "spectral_energy": {
        "max": 0.0718852132559,
        "mean": 0.0252078790218,
        "min": 0.000861251726747,
        "stdev": 0.011706170626
    },
    "spectral_energyband_high": {
        "max": 0.00808395352215,
        "mean": 0.000890137569513,
        "min": 2.10526286537e-05,
        "stdev": 0.00076156295836
    },
    "spectral_energyband_low": {
        "max": 0.0108843399212,
        "mean": 0.000913657655474,
        "min": 7.6087872003e-06,
        "stdev": 0.000800433044787
    },
    "spectral_energyband_middle_high": {
        "max": 0.0449246950448,
        "mean": 0.00975853390992,
        "min": 0.000206748591154,
        "stdev": 0.00778095377609
    },
    "spectral_energyband_middle_low": {
        "max": 0.0655956938863,
        "mean": 0.0141808893532,
        "min": 0.000382008263841,
        "stdev": 0.0092535763979
    },
    "spectral_entropy": {
        "max": 8.46449184418,
        "mean": 7.54802036285,
        "min": 6.50601196289,
        "stdev": 0.253784686327
    },
    "spectral_flux": {
        "max": 0.216578900814,
        "mean": 0.0907276421785,
        "min": 0.0199335552752,
        "stdev": 0.0297573208809
    },
    "spectral_kurtosis": {
        "max": 17.3508605957,
        "mean": 3.31708550453,
        "min": 0.126884698868,
        "stdev": 1.54578495026
    },
    "spectral_rms": {
        "max": 0.0083744795993,
        "mean": 0.00480834487826,
        "min": 0.000916649121791,
        "stdev": 0.00121361296624
    },
    "spectral_rolloff": {
        "max": 6610.69335938,
        "mean": 1743.76379395,
        "min": 344.53125,
        "stdev": 819.817993164
    },
    "spectral_skewness": {
        "max": 3.28175187111,
        "mean": 1.26949310303,
        "min": 0.37970238924,
        "stdev": 0.245007932186
    },
    "spectral_spread": {
        "max": 17509990,
        "mean": 3819393,
        "min": 2388669.25,
        "stdev": 967752.6875
    },
    "spectral_strongpeak": {
        "max": 11.5969266891,
        "mean": 1.90440142155,
        "min": 0.0518739521503,
        "stdev": 1.68560254574
    },
    "zerocrossingrate": {
        "max": 0.19091796875,
        "mean": 0.0674994811416,
        "min": 0.02197265625,
        "stdev": 0.0191712062806
    },
    "barkbands": {
        "max": [0.000103005571873, 0.00103461602703, 0.00478360056877, 0.0115990899503, 0.0206216573715, 0.0565023496747, 0.043787099421, 0.0311817377806, 0.041049618274, 0.0274206008762, 0.0243697911501, 0.0324652977288, 0.0391395688057, 0.0249882526696, 0.0167923793197, 0.0211394280195, 0.00902650691569, 0.00764925312251, 0.00442551216111, 0.00386201706715, 0.00272591412067, 0.00230356189422, 0.00250003486872, 0.000823363952804, 0.000559182022698, 0.000141795375384, 1.19494404771e-06],
        "mean": [2.50158541348e-06, 0.00011773454753, 0.000527443771716, 0.000664953666274, 0.0020326373633, 0.00400673784316, 0.00224084290676, 0.00200041709468, 0.00275683030486, 0.00157083454542, 0.00149137515109, 0.00147272087634, 0.00127846526448, 0.00110891682561, 0.000626149470918, 0.000625757966191, 0.000484579795739, 0.000672923575621, 0.000396670104237, 0.00064484361792, 0.000185969052836, 9.48331071413e-05, 0.000106453342596, 6.61670928821e-05, 2.78292664007e-05, 3.28337728206e-06, 2.52006704393e-09],
        "min": [2.02726779808e-10, 4.45595134124e-07, 6.30390275091e-07, 2.38103461925e-06, 2.59845037363e-05, 2.63389483734e-05, 9.08401489141e-06, 1.15163002192e-05, 2.05883006856e-05, 4.08819596487e-06, 3.97502481064e-06, 6.12814619672e-06, 4.52350332125e-06, 4.6385762289e-06, 6.00505882176e-06, 3.13464352075e-06, 9.6092453532e-06, 1.09212414827e-05, 3.81298605134e-06, 1.49737725224e-05, 4.15145859733e-06, 1.33925198043e-06, 1.20577635698e-06, 6.20636342319e-07, 2.14074574956e-07, 1.31085697852e-09, 1.04409841883e-10],
        "stdev": [5.30457054992e-06, 0.000110508037324, 0.000595854828134, 0.00091741560027, 0.00178608775605, 0.00570521317422, 0.00379739748314, 0.00319217308424, 0.00421810476109, 0.00246962881647, 0.00276539893821, 0.00280989403836, 0.00297203846276, 0.00217735604383, 0.00117753923405, 0.00166166562121, 0.000810797384474, 0.000839848187752, 0.000390213710489, 0.000651347159874, 0.000221162918024, 0.000117433170089, 0.000145473095472, 7.63251664466e-05, 5.39628126717e-05, 9.31282647798e-06, 4.30821636144e-08]
    },
    "erbbands": {
        "max": [0.00845899060369, 0.324556320906, 4.09019470215, 23.7842521667, 46.0378303528, 76.2479248047, 277.619140625, 657.209655762, 683.782470703, 849.315979004, 758.507080078, 1254.01733398, 904.860595703, 980.73236084, 1277.97668457, 1057.66381836, 1858.45300293, 1439.28808594, 1034.21630859, 755.491271973, 1015.15234375, 612.697265625, 424.899627686, 254.733566284, 157.656997681, 210.482803345, 167.026443481, 71.517829895, 89.5648269653, 126.535079956, 55.5597572327, 25.1800899506, 13.271150589, 8.16219139099, 5.37910461426, 1.52482271194, 0.103080116212, 0.00224772514775, 0.000195788510609, 8.34714082885e-05],
        "mean": [0.00124601298012, 0.0427629426122, 0.490116268396, 1.48317933083, 4.17230796814, 6.84049224854, 20.0929527283, 34.9100570679, 35.1327476501, 32.6695556641, 50.9290390015, 63.1493110657, 51.603843689, 53.6582069397, 57.0528640747, 61.4192619324, 60.6009368896, 54.546661377, 43.456741333, 34.9795875549, 28.7750530243, 29.9450759888, 35.9228019714, 28.8514461517, 18.5335216522, 30.9729995728, 15.0681266785, 4.96627616882, 3.42478275299, 3.3446354866, 2.95076203346, 1.66631925106, 0.977598309517, 0.443230003119, 0.136843949556, 0.0333097949624, 0.00235738162883, 6.9494220952e-05, 2.04119205591e-05, 3.20559156535e-05],
        "min": [1.67789858097e-05, 0.000272470584605, 0.00181019259617, 0.0158117245883, 0.0537911951542, 0.0569661334157, 0.183282151818, 0.237534761429, 0.380365043879, 0.675604224205, 0.636622726917, 0.460288852453, 0.39951017499, 0.490481495857, 0.459928274155, 0.267544746399, 0.217991575599, 0.169599980116, 0.502602398396, 0.511662900448, 0.321421414614, 0.697164356709, 0.601222991943, 0.416521549225, 0.348486870527, 0.669602811337, 0.34229362011, 0.138442471623, 0.0456964336336, 0.0481381341815, 0.0287088584155, 0.0151931475848, 0.00856791436672, 0.0045399419032, 0.00101450027432, 0.000238145963522, 1.42387125379e-05, 1.02892852283e-06, 5.72474732508e-07, 1.0488688531e-06],
        "stdev": [0.000875209167134, 0.0387319475412, 0.533524096012, 1.59672272205, 4.64891386032, 6.55967473984, 24.718214035, 56.8211402893, 61.1117706299, 51.7363700867, 74.9487915039, 104.791625977, 76.158203125, 97.3654022217, 106.042297363, 110.398155212, 131.832199097, 96.4860916138, 79.7143936157, 65.5785064697, 65.6182327271, 47.5961341858, 47.079536438, 27.1667060852, 16.14793396, 32.4791412354, 16.5518760681, 5.25599527359, 4.19091320038, 4.94097852707, 4.00729751587, 1.97753179073, 1.23101842403, 0.760340571404, 0.326745629311, 0.0877154320478, 0.00624148640782, 0.000150846346514, 1.30223234009e-05, 1.4149524759e-05]
    },
    "gfcc": {
        "mean": [8.54441356659, 99.3569335938, -165.961624146, 30.0896186829, -89.2004699707, 3.11722517014, -46.8441429138, -0.892825961113, -29.4893455505, -9.23296737671, -6.21179008484, -15.0411539078, -6.38680028915],
        "cov": [[789.700134277, -259.735748291, -98.3704910278, -3.55341792107, -53.7848014832, 30.7602329254, -47.9658126831, 56.2990188599, -3.15194272995, 0.641444683075, -23.9800949097, -10.4902391434, -0.555013179779], [-259.735748291, 448.599456787, -50.0009765625, -29.2103157043, 51.0463485718, -65.986579895, 150.801742554, -88.3934326172, 20.5272312164, -60.6265716553, 104.143157959, -48.111869812, 9.24712276459], [-98.3704910278, -50.0009765625, 421.83996582, 64.1237640381, -61.2598571777, 15.2279510498, -131.858123779, 42.5969009399, -40.8205299377, 63.47397995, -55.6006240845, 77.5009155273, -48.5947189331], [-3.55341792107, -29.2103157043, 64.1237640381, 166.203140259, 52.8324203491, -34.8402366638, -63.5834388733, 26.8631668091, 47.9855537415, -4.71108675003, -34.7971534729, 16.9796772003, 12.7645683289], [-53.7848014832, 51.0463485718, -61.2598571777, 52.8324203491, 130.248321533, 25.0236415863, -0.312859475613, 1.84416151047, 37.903842926, -8.95703697205, -11.9236564636, -11.4854516983, 9.29189682007], [30.7602329254, -65.986579895, 15.2279510498, -34.8402366638, 25.0236415863, 166.107208252, 55.3111534119, 2.07239961624, -62.0917396545, 10.0162324905, -7.23620986938, -15.8781938553, -22.6177196503], [-47.9658126831, 150.801742554, -131.858123779, -63.5834388733, -0.312859475613, 55.3111534119, 244.458572388, -24.8658618927, -64.4825973511, -44.3616333008, 67.4601898193, -59.2853355408, -2.38056993484], [56.2990188599, -88.3934326172, 42.5969009399, 26.8631668091, 1.84416151047, 2.07239961624, -24.8658618927, 106.13923645, 37.02318573, 5.12632513046, -57.1865653992, 9.07088947296, -3.5478477478], [-3.15194272995, 20.5272312164, -40.8205299377, 47.9855537415, 37.903842926, -62.0917396545, -64.4825973511, 37.02318573, 139.190292358, 8.71300411224, -21.6751899719, 0.941610693932, 16.3411369324], [0.641444683075, -60.6265716553, 63.47397995, -4.71108675003, -8.95703697205, 10.0162324905, -44.3616333008, 5.12632513046, 8.71300411224, 85.8508300781, 6.33394527435, 19.0660133362, -18.328836441], [-23.9800949097, 104.143157959, -55.6006240845, -34.7971534729, -11.9236564636, -7.23620986938, 67.4601898193, -57.1865653992, -21.6751899719, 6.33394527435, 132.174240112, 5.8726644516, -1.89294803143], [-10.4902391434, -48.111869812, 77.5009155273, 16.9796772003, -11.4854516983, -15.8781938553, -59.2853355408, 9.07088947296, 0.941610693932, 19.0660133362, 5.8726644516, 81.4811096191, 12.8881130219], [-0.555013179779, 9.24712276459, -48.5947189331, 12.7645683289, 9.29189682007, -22.6177196503, -2.38056993484, -3.5478477478, 16.3411369324, -18.328836441, -1.89294803143, 12.8881130219, 62.9101791382]],
        "icov": [[0.00181300425902, 0.000765076605603, 0.000866385758854, -0.000462303723907, 0.00107142620254, -0.000478460191516, 0.000732542015612, -0.000943242688663, 0.000254813116044, 0.000413505273173, -0.000742853444535, 0.000571367621887, 0.000225712123211], [0.000765076605603, 0.0139752337709, -0.0102113084868, 0.00739134382457, -0.0113493064418, 0.008992834948, -0.0104722194374, 0.00956238247454, -0.00913614127785, 0.00880354084074, -0.00654648384079, 0.00699494266883, -0.00307437032461], [0.000866385758854, -0.0102113084868, 0.0141092957929, -0.00890449713916, 0.0122903818265, -0.00809209886938, 0.0100412257016, -0.00884056929499, 0.00953017920256, -0.00830882042646, 0.00594697054476, -0.0086475443095, 0.00642505427822], [-0.000462303723907, 0.00739134382457, -0.00890449713916, 0.0144146718085, -0.0119412317872, 0.00738745974377, -0.00549494847655, 0.00476088514552, -0.0064381416887, 0.00645822333172, -0.0032834361773, 0.0044094263576, -0.00386147620156], [0.00107142620254, -0.0113493064418, 0.0122903818265, -0.0119412317872, 0.0236071422696, -0.0126870078966, 0.00966802798212, -0.00722157396376, 0.00471319491044, -0.00707757240161, 0.00599314784631, -0.00649146409705, 0.0037286223378], [-0.000478460191516, 0.008992834948, -0.00809209886938, 0.00738745974377, -0.0126870078966, 0.0162014588714, -0.00911327823997, 0.0054946555756, -0.00178914447315, 0.00351119111292, -0.00256285513751, 0.00508073298261, -0.00104225298855], [0.000732542015612, -0.0104722194374, 0.0100412257016, -0.00549494847655, 0.00966802798212, -0.00911327823997, 0.0179799143225, -0.0114320861176, 0.0110097536817, -0.00376685196534, -0.000574923062231, -3.93478621845e-05, 0.00178171158768], [-0.000943242688663, 0.00956238247454, -0.00884056929499, 0.00476088514552, -0.00722157396376, 0.0054946555756, -0.0114320861176, 0.0232001040131, -0.0125576974824, 0.00565787171945, 0.00297971535474, 0.000770999293309, -0.000448836828582], [0.000254813116044, -0.00913614127785, 0.00953017920256, -0.0064381416887, 0.00471319491044, -0.00178914447315, 0.0110097536817, -0.0125576974824, 0.0207506045699, -0.00835059955716, 0.00274106650613, -0.00201043998823, 0.00105342152528], [0.000413505273173, 0.00880354084074, -0.00830882042646, 0.00645822333172, -0.00707757240161, 0.00351119111292, -0.00376685196534, 0.00565787171945, -0.00835059955716, 0.0217589475214, -0.00728451879695, 0.00349016417749, 0.00103973189835], [-0.000742853444535, -0.00654648384079, 0.00594697054476, -0.0032834361773, 0.00599314784631, -0.00256285513751, -0.000574923062231, 0.00297971535474, 0.00274106650613, -0.00728451879695, 0.0174944661558, -0.00959238223732, 0.00421253079548], [0.000571367621887, 0.00699494266883, -0.0086475443095, 0.0044094263576, -0.00649146409705, 0.00508073298261, -3.93478621845e-05, 0.000770999293309, -0.00201043998823, 0.00349016417749, -0.00959238223732, 0.0251719653606, -0.0096765672788], [0.000225712123211, -0.00307437032461, 0.00642505427822, -0.00386147620156, 0.0037286223378, -0.00104225298855, 0.00178171158768, -0.000448836828582, 0.00105342152528, 0.00103973189835, 0.00421253079548, -0.0096765672788, 0.0233511906117]]
    },
    "melbands": {
        "max": [0.000170650266227, 0.001736511942, 0.00443039601669, 0.00333655346185, 0.0078972382471, 0.0128999939188, 0.00905486382544, 0.00852498598397, 0.00680514285341, 0.00764233106747, 0.00466248719022, 0.00376798468642, 0.00332951056771, 0.00400543306023, 0.00389961036853, 0.00267248251475, 0.00315742474049, 0.00189758313354, 0.000866122543812, 0.00207492872141, 0.000899366044905, 0.000607005960774, 0.00054242630722, 0.000378677650588, 0.000242893045652, 0.00018054182874, 0.000136866045068, 0.000198508088943, 0.00011626414198, 8.35791797726e-05, 3.39655234711e-05, 4.97407963849e-05, 5.5368996982e-05, 7.48561142245e-05, 4.20911601395e-05, 3.86581850762e-05, 1.24677235362e-05, 9.96160906652e-06, 9.48127490119e-06, 7.10914537194e-06],
        "mean": [2.0622917873e-05, 0.000190875449334, 0.000340567930834, 0.000383800303098, 0.000629567890428, 0.000794387946371, 0.000504754949361, 0.000364194129361, 0.000456049339846, 0.000376667740056, 0.000252026104135, 0.000213837760384, 0.000197102825041, 0.000155128233018, 0.000174323911779, 0.000110528235382, 0.000102305893961, 7.57037269068e-05, 4.6955417929e-05, 5.04476120113e-05, 2.82266810245e-05, 2.94974997814e-05, 3.27285742969e-05, 3.15766992571e-05, 2.29982033488e-05, 1.24401003632e-05, 1.5518076907e-05, 2.26999873121e-05, 1.16166884254e-05, 4.04551701649e-06, 2.35305333263e-06, 1.92343077288e-06, 1.77223444098e-06, 1.90067646599e-06, 1.70965802226e-06, 1.4332003957e-06, 8.72114014783e-07, 6.58770488826e-07, 6.19510160504e-07, 2.9283665981e-07],
        "min": [1.22784499013e-07, 8.16176680019e-07, 5.09335313836e-06, 5.52796245756e-06, 5.33091042598e-06, 5.42571933693e-06, 3.41978466167e-06, 4.32259957961e-06, 3.3444298424e-06, 2.5979647944e-06, 1.22822734738e-06, 2.10125654121e-06, 1.40190900311e-06, 7.92418290985e-07, 8.22679055545e-07, 2.00773271786e-07, 1.81721475201e-07, 4.34716469044e-07, 4.35027459389e-07, 4.44762690677e-07, 3.12593556373e-07, 5.60077523915e-07, 5.5153861922e-07, 4.3882877776e-07, 2.84256742589e-07, 1.34139483521e-07, 3.84568181744e-07, 4.36799837189e-07, 1.87274565633e-07, 1.07623066015e-07, 6.3060639377e-08, 2.48726674812e-08, 2.39154598347e-08, 2.49289673349e-08, 1.93062277276e-08, 7.67124941348e-09, 1.07517381664e-08, 5.84332049414e-09, 4.7624508781e-09, 2.04954941907e-09],
        "stdev": [1.7024221961e-05, 0.000187691111933, 0.000352708331775, 0.000341456296155, 0.00072516547516, 0.00120550894644, 0.000854901387356, 0.000584599969443, 0.000674732145853, 0.000620780920144, 0.000392739428207, 0.000390727742342, 0.000357643613825, 0.000312474439852, 0.000378472439479, 0.000238795721089, 0.000196127788513, 0.000163754812093, 8.7849512056e-05, 0.000147071463289, 6.73922186252e-05, 5.19024360983e-05, 5.57906641916e-05, 3.84933664463e-05, 2.39868586505e-05, 1.27648190755e-05, 1.62262076628e-05, 2.64978316409e-05, 1.46250822581e-05, 5.24046436112e-06, 2.71959629572e-06, 2.39156065618e-06, 2.41044085669e-06, 3.08973699248e-06, 2.4432436021e-06, 2.03433705792e-06, 1.04015896341e-06, 8.19985189082e-07, 9.60402985584e-07, 5.89557032526e-07]
    },
    "melbands128": {
        "max": [5.37619707757e-05, 6.3315834268e-05, 0.000131138105644, 0.000660815800074, 0.00170340412296, 0.00268268422224, 0.00476025324315, 0.00606825109571, 0.00554908439517, 0.00347032304853, 0.00543207861483, 0.00873666256666, 0.0135580040514, 0.0220501217991, 0.0195804648101, 0.0195602178574, 0.0185378137976, 0.0147292222828, 0.00935497041792, 0.0162444002926, 0.0119350515306, 0.00921477749944, 0.0131476214156, 0.0139085659757, 0.0136195216328, 0.00918097235262, 0.0094531737268, 0.00783263519406, 0.00617738580331, 0.00570252584293, 0.00826619006693, 0.00661424407735, 0.00508844200522, 0.00926387868822, 0.00965051911771, 0.00539577705786, 0.00608883844689, 0.00676345499232, 0.011721140705, 0.00506938109174, 0.00607378548011, 0.00730808405206, 0.00598902860656, 0.00489999074489, 0.00516593549401, 0.00394442304969, 0.00182326638605, 0.00186310906429, 0.00147037266288, 0.00204541184939, 0.0047046574764, 0.00475309323519, 0.00162933708634, 0.00111600093078, 0.00121652672533, 0.00111969327554, 0.00164643675089, 0.00135636073537, 0.00140517391264, 0.000670906389132, 0.000811154488474, 0.00065528403502, 0.000413328612922, 0.000493593746796, 0.000401245808462, 0.000348445959389, 0.000137089489726, 0.000231547674048, 0.000260699132923, 0.000542603898793, 0.000344430591213, 0.000446261779871, 0.000370738183847, 0.000184151809663, 0.000261333421804, 0.000141112992424, 7.4560441135e-05, 6.86463026796e-05, 4.39810864918e-05, 4.06654762628e-05, 4.08551968576e-05, 8.57567720232e-05, 5.09945894009e-05, 5.48228417756e-05, 6.64488907205e-05, 0.000106320905616, 0.000108179410745, 5.09552919539e-05, 5.42101843166e-05, 4.0604667447e-05, 8.22993315523e-05, 2.3561558919e-05, 1.89354650502e-05, 1.42491080624e-05, 1.70386883838e-05, 1.06846246126e-05, 1.25848082462e-05, 1.06999832497e-05, 1.56262649398e-05, 8.28921020002e-06, 9.96175276669e-06, 1.06133811641e-05, 6.34414664091e-06, 5.75899048272e-06, 6.70219333188e-06, 7.86655618867e-06, 5.89403134654e-06, 4.43978251496e-06, 2.79332516584e-06, 1.82199755727e-06, 1.60713148034e-06, 2.39032118543e-07, 6.61515064948e-09, 6.27689278332e-09, 6.11031714115e-09, 5.90919180254e-09, 5.74752423432e-09, 5.58633939107e-09, 5.42343192578e-09, 5.28488985907e-09, 5.16279108354e-09, 5.0567638965e-09, 4.95223861918e-09, 4.87126294857e-09, 4.79238249085e-09, 4.73808814405e-09, 4.69895322652e-09, 4.67097116541e-09],
        "mean": [1.44854118389e-06, 4.24270228905e-06, 1.70524872374e-05, 7.23737903172e-05, 0.00020939281967, 0.000265391892754, 0.000267228082521, 0.000370308640413, 0.000450179766631, 0.000357344106305, 0.000348761765053, 0.000444052420789, 0.000640734448098, 0.000968934211414, 0.000840428285301, 0.000656243879348, 0.000683510792442, 0.00045680013136, 0.000320035382174, 0.000351954629878, 0.000398225936806, 0.000366275868146, 0.000453335640486, 0.000562055443879, 0.000465971883386, 0.000268836593023, 0.000252794648986, 0.000254040729487, 0.000270891119726, 0.000167276171851, 0.000234773979173, 0.000215270949411, 0.000203725518077, 0.0001739605068, 0.000158670023666, 0.000138821473229, 0.00016094899911, 0.000198621666641, 0.000181657407666, 0.000106442945253, 9.40677491599e-05, 0.000111050503619, 9.76505325525e-05, 9.57894008025e-05, 0.000115981660201, 5.83036817261e-05, 5.13819504704e-05, 5.50912154722e-05, 3.92554829887e-05, 4.00097851525e-05, 6.83160396875e-05, 3.97510266339e-05, 2.89454237645e-05, 2.51077271969e-05, 2.02918199648e-05, 3.48008943547e-05, 3.05811699945e-05, 3.13159835059e-05, 3.52826282324e-05, 3.1879018934e-05, 3.38955214829e-05, 2.87975781248e-05, 2.55731320067e-05, 2.18705863517e-05, 1.86795386981e-05, 9.55469567998e-06, 9.41849430092e-06, 1.56933965627e-05, 1.44966425069e-05, 1.90083574125e-05, 2.50536159001e-05, 2.4939989089e-05, 1.66003756021e-05, 8.48542003951e-06, 6.95720473232e-06, 3.62768173545e-06, 3.26683607454e-06, 2.89862146019e-06, 2.06881736631e-06, 2.02814385375e-06, 1.88542469459e-06, 1.91308959074e-06, 1.89231491277e-06, 1.59910916864e-06, 1.89185993804e-06, 1.88117712696e-06, 2.06788126889e-06, 1.60068259447e-06, 1.58102011483e-06, 1.89299294107e-06, 1.74384024376e-06, 1.23324014112e-06, 1.04710125015e-06, 8.85446411303e-07, 7.60962734603e-07, 6.47857234526e-07, 5.8155512761e-07, 7.53883114157e-07, 7.53420124511e-07, 4.60992993112e-07, 3.76009893444e-07, 2.64043279685e-07, 2.04747692578e-07, 1.69289776863e-07, 1.5780435092e-07, 1.26974086356e-07, 9.75120784119e-08, 6.39913650957e-08, 5.32372830264e-08, 4.03355073786e-08, 2.60368224758e-08, 2.7868309882e-09, 2.98361647888e-11, 2.11607849299e-11, 2.28981313077e-11, 2.32087144642e-11, 1.40893633566e-11, 1.16586401991e-11, 1.1334520128e-11, 1.10395650954e-11, 1.0764056313e-11, 1.05328436945e-11, 1.03263387424e-11, 1.01195562346e-11, 9.82440691299e-12, 9.42538061488e-12, 9.19559220436e-12, 9.12012913107e-12],
        "min": [6.54434909042e-11, 1.43669804942e-08, 1.10548956656e-08, 1.82404576776e-07, 1.36074888246e-07, 3.93121268871e-07, 1.08005383481e-06, 8.73299711657e-07, 1.66530526258e-06, 3.60053218174e-06, 8.8234054374e-07, 8.75081013874e-07, 2.74968647318e-06, 3.82165035262e-06, 2.30644218391e-06, 1.74604610947e-06, 1.39748374295e-06, 1.01207081116e-06, 1.0030357771e-06, 8.5962369667e-07, 6.7881603627e-07, 4.08772223182e-07, 1.35185212002e-06, 1.03292234144e-06, 4.6207699711e-07, 3.82163705126e-07, 3.8763303678e-07, 3.64211842907e-07, 1.83074490678e-07, 1.19788097663e-07, 7.46582884403e-08, 1.95337648279e-07, 1.35864993922e-07, 1.54770006588e-07, 2.34074278183e-07, 2.01715209869e-07, 6.17746209741e-08, 3.70795845583e-07, 9.39734405847e-08, 1.44124442158e-07, 7.28084970092e-09, 5.2258968708e-08, 1.79822237101e-07, 1.27941191863e-07, 2.11368714531e-07, 4.26061319558e-08, 1.69545216977e-07, 4.85788902438e-08, 1.08706650792e-07, 7.26895734715e-08, 6.53603464684e-08, 3.03898204379e-08, 3.22414379639e-08, 1.73237229006e-08, 5.23471399561e-08, 2.58215663962e-07, 8.83603235025e-08, 1.02574219341e-07, 1.19407744137e-07, 1.43056681168e-07, 2.64926597993e-07, 2.83048393612e-07, 8.64673239676e-08, 1.05184319921e-07, 1.49824614937e-07, 5.80185428589e-08, 1.03377836069e-07, 1.90439834569e-07, 1.9868905099e-07, 4.96419048091e-08, 2.24891948619e-07, 1.32482060877e-08, 6.54357350527e-08, 5.62217117306e-08, 2.03550811761e-08, 4.41826628617e-08, 7.24696462839e-08, 3.27587521554e-08, 1.82713595365e-08, 3.78423425929e-09, 2.56055248116e-08, 1.55729296125e-08, 1.52507304563e-08, 9.83606618377e-09, 1.95888407717e-08, 1.38535183325e-08, 1.16394698324e-08, 4.34043156972e-09, 1.55530610613e-09, 1.57900466036e-08, 6.49563336452e-09, 6.61845556138e-09, 5.37173683313e-09, 5.05656272409e-09, 2.00418037721e-09, 4.02323019344e-09, 1.11083553467e-09, 1.95782923207e-09, 1.97860794415e-09, 2.3491761314e-10, 5.62998370146e-10, 3.74577903417e-11, 7.52635313014e-13, 1.28808005928e-11, 1.48553166296e-11, 1.6813035339e-11, 1.4848997032e-11, 1.91711767988e-11, 9.32740104771e-13, 5.81831241173e-13, 6.23063395582e-13, 5.12143170754e-13, 3.25557560511e-13, 2.48176669103e-13, 2.24704329037e-13, 3.49584971431e-13, 2.26321240394e-13, 2.78788521131e-13, 3.20304953351e-13, 3.26530442225e-13, 3.10113805295e-13, 3.12230710037e-13, 3.07664348642e-13, 3.1545358231e-13, 2.12024110291e-13, 9.71708268862e-14, 1.19032642223e-14, 4.10105056866e-16],
        "stdev": [2.87244347419e-06, 5.01111571793e-06, 1.63414333656e-05, 7.57235320634e-05, 0.000252538156928, 0.000299163686577, 0.000312070507789, 0.000546442694031, 0.000569651136175, 0.000404322723625, 0.000426273618359, 0.00059216079535, 0.000888356589712, 0.00171693868469, 0.00172172859311, 0.00143537798431, 0.00149069819599, 0.00098625686951, 0.000664487131871, 0.00079134281259, 0.000838214997202, 0.000801434973255, 0.00100234360434, 0.00115402694792, 0.00109919253737, 0.000676985131577, 0.000642587663606, 0.00053936248878, 0.000561204040423, 0.000443472381448, 0.000713824061677, 0.00049139757175, 0.000484318006784, 0.000545153627172, 0.000501203641761, 0.000406647683121, 0.000451750587672, 0.000547731353436, 0.000713994901162, 0.000332094496116, 0.000317538739182, 0.000371927744709, 0.000269670388661, 0.000280220992863, 0.000359913945431, 0.000209281672142, 0.000140734104207, 0.000147736893268, 0.000108659514808, 0.000113397938549, 0.000282342312858, 0.000188052668818, 9.19640588108e-05, 7.95061132521e-05, 5.76964775973e-05, 7.90460471762e-05, 7.69643738749e-05, 7.53517306293e-05, 9.95674708975e-05, 6.01209358138e-05, 6.15134922555e-05, 4.96065658808e-05, 3.99738601118e-05, 3.48078210664e-05, 2.8855394703e-05, 1.7875487174e-05, 1.21405446407e-05, 2.19856428885e-05, 2.21408390644e-05, 3.36815828632e-05, 4.16595721617e-05, 4.21800468757e-05, 3.52023016603e-05, 1.41709588206e-05, 1.2989262359e-05, 6.48783952784e-06, 4.98799136039e-06, 4.35733318227e-06, 2.79491337096e-06, 2.81438497041e-06, 2.44203283728e-06, 2.98009945254e-06, 2.67342898042e-06, 2.5327997264e-06, 2.73690716313e-06, 3.38876225214e-06, 4.24205018135e-06, 2.88645696855e-06, 2.62676803686e-06, 3.0431660889e-06, 3.07335426442e-06, 1.77340245955e-06, 1.46827471781e-06, 1.23618258385e-06, 1.02302442428e-06, 8.85674694473e-07, 8.76072022038e-07, 1.12857094337e-06, 1.33563423788e-06, 8.29779196465e-07, 7.40600341942e-07, 6.50740446417e-07, 4.87010936467e-07, 4.51223058917e-07, 4.31148095004e-07, 3.51524505504e-07, 2.70380041911e-07, 2.14396337128e-07, 1.55719007466e-07, 1.11116882806e-07, 7.71173844782e-08, 1.12764322324e-08, 2.71373007399e-10, 2.51415832597e-10, 2.59634924671e-10, 2.57335874831e-10, 2.10893899566e-10, 2.02386357673e-10, 1.95945218384e-10, 1.90979648762e-10, 1.86419449322e-10, 1.82234588531e-10, 1.78056902556e-10, 1.74744649306e-10, 1.72198255655e-10, 1.6993437213e-10, 1.68463368255e-10, 1.67441630006e-10]
    },
    "mfcc": {
        "mean": [-610.594604492, 112.43901825, -21.4447212219, 12.0478439331, -18.0580101013, -9.63346099854, -6.94029140472, -6.11207866669, -16.9596214294, -0.481545478106, -8.75414466858, -3.3242931366, -7.2160782814],
        "cov": [[893.172851562, -264.442321777, -148.807907104, -68.1576385498, -19.5250854492, -52.1580429077, -7.81922149658, 18.3152160645, 21.7616157532, 44.776058197, -27.7479496002, -9.29954147339, -10.600069046], [-264.442321777, 399.57522583, -40.4312362671, 15.3745584488, -90.3191452026, 31.4493675232, 71.499710083, 10.6012935638, -62.6743545532, 0.961605072021, 15.1215639114, 13.8976230621, 8.18874359131], [-148.807907104, -40.4312362671, 365.332550049, 27.6960525513, 41.3488616943, -15.1952476501, -37.8362922668, -31.0336036682, -18.1621856689, -55.3571090698, 13.0109462738, 22.7169818878, 20.7443904877], [-68.1576385498, 15.3745584488, 27.6960525513, 190.040512085, 68.6625137329, -40.7198753357, -83.2238998413, 0.820313930511, 27.3505249023, -18.6272106171, -10.5980520248, 28.1712684631, 14.1032972336], [-19.5250854492, -90.3191452026, 41.3488616943, 68.6625137329, 218.732818604, -7.87523794174, -128.666687012, -10.1619672775, 59.0750160217, -9.82857894897, 3.10646510124, 3.94328022003, 2.97452569008], [-52.1580429077, 31.4493675232, -15.1952476501, -40.7198753357, -7.87523794174, 119.637634277, 84.2725448608, 0.0399290956557, -24.2417964935, 7.99464845657, 12.6646995544, -16.670337677, -12.5273656845], [-7.81922149658, 71.499710083, -37.8362922668, -83.2238998413, -128.666687012, 84.2725448608, 247.975631714, 38.5655174255, -55.6148872375, 21.2087802887, -0.337822258472, -21.3837966919, -1.93263995647], [18.3152160645, 10.6012935638, -31.0336036682, 0.820313930511, -10.1619672775, 0.0399290956557, 38.5655174255, 87.0232772827, 27.1693820953, 10.1236667633, -8.84683799744, -11.5192327499, 0.69583773613], [21.7616157532, -62.6743545532, -18.1621856689, 27.3505249023, 59.0750160217, -24.2417964935, -55.6148872375, 27.1693820953, 130.144195557, 21.75349617, -3.53817820549, -14.0131616592, -24.4175205231], [44.776058197, 0.961605072021, -55.3571090698, -18.6272106171, -9.82857894897, 7.99464845657, 21.2087802887, 10.1236667633, 21.75349617, 78.2044830322, 20.0232467651, -11.5425224304, -16.1870689392], [-27.7479496002, 15.1215639114, 13.0109462738, -10.5980520248, 3.10646510124, 12.6646995544, -0.337822258472, -8.84683799744, -3.53817820549, 20.0232467651, 71.9230575562, 16.1096229553, -8.20992088318], [-9.29954147339, 13.8976230621, 22.7169818878, 28.1712684631, 3.94328022003, -16.670337677, -21.3837966919, -11.5192327499, -14.0131616592, -11.5425224304, 16.1096229553, 71.9488220215, 32.1075706482], [-10.600069046, 8.18874359131, 20.7443904877, 14.1032972336, 2.97452569008, -12.5273656845, -1.93263995647, 0.69583773613, -24.4175205231, -16.1870689392, -8.20992088318, 32.1075706482, 86.6887054443]],
        "icov": [[0.00175057048909, 0.00130855024327, 0.000714897236321, 0.000428869767347, 0.000267011579126, 0.000704801641405, 3.46311098838e-05, -0.000373413728084, 0.000570926407818, -0.000740319490433, 0.000534849008545, -0.000547365401872, 0.000222020680667], [0.00130855024327, 0.0041288905777, 0.000854094687384, -0.000759602058679, 0.00144489156082, -0.000283361092443, 4.83851872559e-05, -0.00087969051674, 0.00157348182984, -0.000463247677544, -0.00038601597771, -0.000623900501523, 0.000158015827765], [0.000714897236321, 0.000854094687384, 0.00363293057308, -6.23959276709e-05, -0.000396709394408, 0.000768045254517, -0.000378728582291, 0.00065342290327, 0.000374832132366, 0.00213575013913, -0.00117125548422, -0.000203930743737, -0.00027256316389], [0.000428869767347, -0.000759602058679, -6.23959276709e-05, 0.00748666841537, -0.00176794966683, 0.00138083274942, 0.00109838403296, -0.000828992866445, -0.000565651105717, 0.000340051861713, 0.00167451042216, -0.0026429023128, 0.000254103972111], [0.000267011579126, 0.00144489156082, -0.000396709394408, -0.00176794966683, 0.00889436714351, -0.00395351601765, 0.00465998798609, -0.000744274293538, -0.00183993286919, -2.3704727937e-05, -0.000567986571696, 0.000808960641734, -0.001364018186], [0.000704801641405, -0.000283361092443, 0.000768045254517, 0.00138083274942, -0.00395351601765, 0.0141257466748, -0.00609470764175, 0.00189491582569, 0.00126522406936, 0.000618914433289, -0.00199092086405, 0.00148200662807, 0.00146487704478], [3.46311098838e-05, 4.83851872559e-05, -0.000378728582291, 0.00109838403296, 0.00465998798609, -0.00609470764175, 0.0101389689371, -0.00431879376993, 0.0019782606978, -0.00190715794452, 0.00104561005719, 0.000524539500475, -0.000762493582442], [-0.000373413728084, -0.00087969051674, 0.00065342290327, -0.000828992866445, -0.000744274293538, 0.00189491582569, -0.00431879376993, 0.0154400942847, -0.00467855576426, 0.00046503014164, 0.000425893958891, 0.00175521953497, -0.00174563482869], [0.000570926407818, 0.00157348182984, 0.000374832132366, -0.000565651105717, -0.00183993286919, 0.00126522406936, 0.0019782606978, -0.00467855576426, 0.0126523710787, -0.00355637469329, 0.000897535937838, 0.000424833619036, 0.00307849934325], [-0.000740319490433, -0.000463247677544, 0.00213575013913, 0.000340051861713, -2.3704727937e-05, 0.000618914433289, -0.00190715794452, 0.00046503014164, -0.00355637469329, 0.0182239953429, -0.00630767596886, 0.00231329328381, 0.000377848598873], [0.000534849008545, -0.00038601597771, -0.00117125548422, 0.00167451042216, -0.000567986571696, -0.00199092086405, 0.00104561005719, 0.000425893958891, 0.000897535937838, -0.00630767596886, 0.0187312047929, -0.00663871970028, 0.00316917756572], [-0.000547365401872, -0.000623900501523, -0.000203930743737, -0.0026429023128, 0.000808960641734, 0.00148200662807, 0.000524539500475, 0.00175521953497, 0.000424833619036, 0.00231329328381, -0.00663871970028, 0.0209246929735, -0.00717236381024], [0.000222020680667, 0.000158015827765, -0.00027256316389, 0.000254103972111, -0.001364018186, 0.00146487704478, -0.000762493582442, -0.00174563482869, 0.00307849934325, 0.000377848598873, 0.00316917756572, -0.00717236381024, 0.0157214347273]]
    },
    "spectral_contrast_coeffs": {
        "max": [-0.441024303436, -0.452583283186, -0.463302701712, -0.529073655605, -0.610542356968, -0.591720581055],
        "mean": [-0.653932631016, -0.719598710537, -0.724847912788, -0.753724932671, -0.757581233978, -0.732410788536],
        "min": [-0.91971629858, -0.924752354622, -0.893990337849, -0.912536025047, -0.860273182392, -0.882802784443],
        "stdev": [0.0631397590041, 0.0692525431514, 0.0669918134809, 0.0552303418517, 0.0448373369873, 0.0329140424728]
    },
    "spectral_contrast_valleys": {
        "max": [-5.67305517197, -5.07134151459, -5.64390277863, -6.18678188324, -6.08803749084, -8.37582778931],
        "mean": [-7.11142921448, -6.26991558075, -7.03680181503, -7.37302589417, -7.17687749863, -10.3647079468],
        "min": [-9.42432308197, -7.63883256912, -8.75088214874, -8.79906749725, -8.77103424072, -12.2786111832],
        "stdev": [0.471024543047, 0.42128393054, 0.498389035463, 0.392081797123, 0.391506165266, 0.652708888054]
    }
},
"rhythm": {
    "beats_count": 101,
    "beats_loudness": {
        "max": 0.0570609085262,
        "mean": 0.0302086751908,
        "min": 0.00517194066197,
        "stdev": 0.0115738855675
    },
    "bpm": 125.714118958,
    "bpm_histogram_first_peak_bpm": 126,
    "bpm_histogram_first_peak_weight": 0.617977499962,
    "bpm_histogram_second_peak_bpm": 120,
    "bpm_histogram_second_peak_spread": 0,
    "bpm_histogram_second_peak_weight": 0.0500000007451,
    "danceability": 1.33401739597,
    "onset_rate": 3.0146484375,
    "beats_loudness_band_ratio": {
        "max": [0.449113428593, 0.827369689941, 0.660450816154, 0.646883308887, 0.42966362834, 0.170116096735],
        "mean": [0.096053801477, 0.245892256498, 0.306869357824, 0.225812003016, 0.114488579333, 0.0642549991608],
        "min": [0.00888898130506, 0.0274556223303, 0.0625842735171, 0.00643774867058, 0.00582066131756, 0.00805305317044],
        "stdev": [0.0827118232846, 0.162117511034, 0.14475607872, 0.158105537295, 0.102482862771, 0.0333697088063]
    },
