{
"metadata": {
    "version": {
        "essentia": "2.1-beta5",
        "essentia_git_sha": "Undefined",
        "extractor": "music 2.0"
    },
    "audio_properties": {
        "analysis": {
            "equal_loudness": 0,
            "length": 29.7447624207,
            "sample_rate": 44100,
            "start_time": 146.239273071,
            "downmix": "mix"
        },
        "bit_rate": 192000,
        "length": 176.007263184,
        "lossless": 0,
        "number_channels": 2,
        "replay_gain": -13.4235782623,
        "sample_rate": 44100,
        "codec": "mp3",
        "md5_encoded": "f67652a84b54b5150c41011ee7a1a97b"
    },
    "tags": {
        "file_name": "United KingdomUK_Rock Bottom_Lynsey de Paul and Mike Moran.mp3",
        "encoding": ["Lavf58.29.100"]
    }
},
"lowlevel": {
    "average_loudness": 0.977920472622,
    "barkbands_crest": {
        "max": 22.4187011719,
        "mean": 8.99962425232,
        "min": 2.91603922844,
        "stdev": 3.59882187843
    },
    "barkbands_flatness_db": {
        "max": 0.233322948217,
        "mean": 0.12743203342,
        "min": 0.0567541234195,
        "stdev": 0.0336334593594
    },
    "barkbands_kurtosis": {
        "max": 24.9398269653,
        "mean": 3.29573655128,
        "min": -1.50203835964,
        "stdev": 4.05681753159
    },
    "barkbands_skewness": {
        "max": 4.6022143364,
        "mean": 1.44444990158,
        "min": -0.945884287357,
        "stdev": 0.944788634777
    },
    "barkbands_spread": {
        "max": 56.0481071472,
        "mean": 15.6430196762,
        "min": 2.92920279503,
        "stdev": 7.02273416519
    },
    "dissonance": {
        "max": 0.499782919884,
        "mean": 0.465204060078,
        "min": 0.291119486094,
        "stdev": 0.0260558351874
    },
    "dynamic_complexity": 2.4515953064,
    "erbbands_crest": {
        "max": 27.0013751984,
        "mean": 8.61970615387,
        "min": 2.41053199768,
        "stdev": 3.8718495369
    },
    "erbbands_flatness_db": {
        "max": 0.277721524239,
        "mean": 0.184456020594,
        "min": 0.0970107987523,
        "stdev": 0.0320850126445
    },
    "erbbands_kurtosis": {
        "max": 10.3081359863,
        "mean": 0.220946222544,
        "min": -1.75521445274,
        "stdev": 1.45763301849
    },
    "erbbands_skewness": {
        "max": 2.90832734108,
        "mean": 0.596087396145,
        "min": -1.2524381876,
        "stdev": 0.566699504852
    },
    "erbbands_spread": {
        "max": 91.6893081665,
        "mean": 32.3827590942,
        "min": 6.94421815872,
        "stdev": 13.6774177551
    },
    "hfc": {
        "max": 65.0995407104,
        "mean": 19.118686676,
        "min": 0.556759178638,
        "stdev": 12.8754863739
    },
    "loudness_ebu128": {
        "integrated": -11.0010004044,
        "loudness_range": 1.37871360779,
        "momentary": {
            "max": -6.63219547272,
            "mean": -11.2838640213,
            "min": -17.5648612976,
            "stdev": 1.6537784338
        },
        "short_term": {
            "max": -10.0856246948,
            "mean": -11.1006717682,
            "min": -12.3614797592,
            "stdev": 0.501198112965
        }
    },
    "melbands_crest": {
        "max": 25.9903774261,
        "mean": 11.2178287506,
        "min": 3.1457324028,
        "stdev": 4.24574279785
    },
    "melbands_flatness_db": {
        "max": 0.30873632431,
        "mean": 0.175408422947,
        "min": 0.0545594654977,
        "stdev": 0.0523667447269
    },
    "melbands_kurtosis": {
        "max": 55.7200546265,
        "mean": 8.50614070892,
        "min": -1.12984371185,
        "stdev": 7.99843645096
    },
    "melbands_skewness": {
        "max": 5.86314201355,
        "mean": 2.09293341637,
        "min": -0.66537886858,
        "stdev": 1.18143773079
    },
    "melbands_spread": {
        "max": 58.3313179016,
        "mean": 19.6286373138,
        "min": 3.51701140404,
        "stdev": 9.81219863892
    },
    "pitch_salience": {
        "max": 0.869588136673,
        "mean": 0.649616599083,
        "min": 0.280798316002,
        "stdev": 0.0923645198345
    },
    "silence_rate_20dB": {
        "max": 1,
        "mean": 1,
        "min": 1,
        "stdev": 0
    },
    "silence_rate_30dB": {
        "max": 1,
        "mean": 1,
        "min": 1,
        "stdev": 0
    },
    "silence_rate_60dB": {
        "max": 1,
        "mean": 0.0218408741057,
        "min": 0,
        "stdev": 0.146163463593
    },
    "spectral_centroid": {
        "max": 2636.68701172,
        "mean": 1275.27453613,
        "min": 399.730041504,
        "stdev": 539.551940918
    },
    "spectral_complexity": {
        "max": 51,
        "mean": 22.1404056549,
        "min": 1,
        "stdev": 9.5606584549
    },
    "spectral_decrease": {
        "max": -1.46985396077e-10,
        "mean": -5.61624835527e-09,
        "min": -2.41761561881e-08,
        "stdev": 3.72862407616e-09
    },
    "spectral_energy": {
        "max": 0.0962030664086,
        "mean": 0.0229311473668,
        "min": 0.000605256471317,
        "stdev": 0.0149864098057
    },
    "spectral_energyband_high": {
        "max": 0.00285635422915,
        "mean": 0.000482200499391,
        "min": 3.72713498109e-06,
        "stdev": 0.000500903406646
    },
    "spectral_energyband_low": {
        "max": 0.0208267495036,
        "mean": 0.00151886686217,
        "min": 1.64281864272e-05,
        "stdev": 0.00220718933269
    },
    "spectral_energyband_middle_high": {
        "max": 0.0336153842509,
        "mean": 0.00607618968934,
        "min": 0.000192234729184,
        "stdev": 0.00559440953657
    },
    "spectral_energyband_middle_low": {
        "max": 0.0814643204212,
        "mean": 0.0156978964806,
        "min": 0.000320317572914,
        "stdev": 0.0125803658739
    },
    "spectral_entropy": {
        "max": 8.45313167572,
        "mean": 7.53900384903,
        "min": 6.67812919617,
        "stdev": 0.312000900507
    },
    "spectral_flux": {
        "max": 0.248129993677,
        "mean": 0.0815658867359,
        "min": 0.0162842851132,
        "stdev": 0.0346678495407
    },
    "spectral_kurtosis": {
        "max": 19.0990829468,
        "mean": 4.5869383812,
        "min": 0.161960124969,
        "stdev": 2.47678995132
    },
    "spectral_rms": {
        "max": 0.00968796387315,
        "mean": 0.00447612954304,
        "min": 0.00076843611896,
        "stdev": 0.00152842944954
    },
    "spectral_rolloff": {
        "max": 7816.55273438,
        "mean": 1344.78173828,
        "min": 279.931640625,
        "stdev": 813.613037109
    },
    "spectral_skewness": {
        "max": 3.32446527481,
        "mean": 1.49985027313,
        "min": 0.656527459621,
        "stdev": 0.378236413002
    },
    "spectral_spread": {
        "max": 8476897,
        "mean": 3627128.5,
        "min": 2131136.5,
        "stdev": 765315.6875
    },
    "spectral_strongpeak": {
        "max": 6.19604444504,
        "mean": 1.15463876724,
        "min": 0.0399543680251,
        "stdev": 0.870340049267
    },
    "zerocrossingrate": {
        "max": 0.1982421875,
        "mean": 0.0561420619488,
        "min": 0.0185546875,
        "stdev": 0.023324681446
    },
    "barkbands": {
        "max": [0.00152942573186, 0.00267395447008, 0.00628472073004, 0.0250887367874, 0.0327668376267, 0.0464589372277, 0.0620553456247, 0.0383037477732, 0.0212357472628, 0.0189649611712, 0.0178749691695, 0.0198382306844, 0.0143377557397, 0.010471121408, 0.00464904960245, 0.00487192254514, 0.00742933573201, 0.0035771348048, 0.00287050637417, 0.00469634542242, 0.00208399165422, 0.000596844067331, 0.000822304864414, 0.00067111174576, 0.000887562695425, 5.20052126376e-05, 1.03659056094e-06],
        "mean": [2.72395027423e-05, 0.000339149381034, 0.000537415442523, 0.00115463580005, 0.00341330352239, 0.00447879126295, 0.00308853574097, 0.00161656888667, 0.00149437459186, 0.00113028462511, 0.000693377165589, 0.000870258139912, 0.00080723175779, 0.000563720124774, 0.000504546915181, 0.000393107591663, 0.000429954001447, 0.000394351809518, 0.000388209125958, 0.000261180655798, 0.000148153456394, 7.41346375435e-05, 5.77666578465e-05, 3.92750152969e-05, 2.1776466383e-05, 3.5178845792e-06, 2.95204472422e-07],
        "min": [8.43561096531e-08, 1.81729262749e-06, 1.74777051143e-06, 7.52162918616e-07, 1.10266864795e-05, 5.38508993486e-06, 1.98056677618e-05, 7.26948928786e-06, 7.25681866243e-06, 8.15285420686e-06, 3.18815887113e-06, 1.20118129416e-05, 5.97071675656e-06, 3.95157394451e-06, 2.04017987926e-06, 2.51372011917e-06, 3.63279241355e-06, 9.10500773443e-07, 9.64129640124e-07, 1.68796486832e-06, 5.66489461562e-07, 7.13630811333e-07, 3.44765680893e-07, 1.35908621246e-07, 1.07750885547e-07, 5.96159850375e-08, 4.99829205802e-11],
        "stdev": [7.94381194282e-05, 0.000393763970351, 0.0007742952439, 0.00243155285716, 0.00394204584882, 0.00553819863126, 0.00510631268844, 0.00301659014076, 0.00239584245719, 0.00200321851298, 0.00150503392797, 0.00173926353455, 0.00152114534285, 0.000863671361003, 0.000662718783133, 0.000579884334002, 0.000575979647692, 0.000494875595905, 0.000439463939983, 0.000352548609953, 0.00017384403327, 8.73680110089e-05, 7.77685418143e-05, 5.65636473766e-05, 4.40016119683e-05, 5.33137108505e-06, 1.62734281162e-07]
    },
    "erbbands": {
        "max": [0.0315388254821, 0.751969277859, 4.55906295776, 50.18800354, 96.7538223267, 157.249603271, 219.853500366, 378.106079102, 1089.61218262, 832.924072266, 1036.18566895, 642.350280762, 681.571777344, 801.394348145, 545.28894043, 969.930541992, 774.498474121, 530.286315918, 411.413391113, 251.563186646, 256.984527588, 497.868225098, 189.04510498, 259.359832764, 103.458473206, 295.005218506, 119.964378357, 27.1712417603, 23.2896633148, 19.6933784485, 26.2377471924, 14.3506288528, 11.3718204498, 11.3220720291, 4.89199876785, 0.607238590717, 0.0394926294684, 0.00194683403242, 0.00010262260912, 0.00011109130719],
        "mean": [0.00480653857812, 0.0973172485828, 0.534198760986, 2.63015961647, 6.23703765869, 13.3038263321, 17.0753116608, 42.1147727966, 51.6951179504, 34.7111816406, 40.942779541, 34.8584136963, 39.2582435608, 31.032617569, 28.8096790314, 38.2434539795, 40.0791702271, 29.4675312042, 27.5200157166, 24.6821060181, 23.6617641449, 22.776556015, 20.5061721802, 23.6078338623, 15.5626325607, 12.7892770767, 8.69355773926, 4.01335859299, 2.7372303009, 2.09862375259, 1.59692418575, 0.996104896069, 0.561040878296, 0.305863052607, 0.123572848737, 0.0309731662273, 0.00346497772262, 0.000591949443333, 2.97289352602e-05, 2.83498084173e-05],
        "min": [6.93003166816e-05, 0.000511361518875, 0.00331864552572, 0.00576710840687, 0.0138311432675, 0.0279978811741, 0.0440615490079, 0.0706504806876, 0.201562821865, 0.224418982863, 0.385382324457, 0.239708840847, 0.228700071573, 0.334027439356, 0.222566694021, 0.545311927795, 0.445952922106, 0.359210461378, 0.47641351819, 0.261187493801, 0.164637386799, 0.280536800623, 0.0574607439339, 0.0717864558101, 0.0498906373978, 0.078835003078, 0.0457920655608, 0.0158846303821, 0.025071747601, 0.012732649222, 0.00830208044499, 0.00463547650725, 0.00154949969146, 0.00130858947523, 0.000665587256663, 0.000341776903952, 0.000107521969767, 4.62363459519e-05, 2.25874669013e-06, 7.81786070547e-07],
        "stdev": [0.00486458232626, 0.113380722702, 0.692328572273, 5.282143116, 8.56865119934, 18.4088382721, 22.4020118713, 56.7491645813, 76.3829116821, 60.7112197876, 77.4855880737, 58.5918540955, 62.3491020203, 63.2635002136, 53.031703949, 74.23072052, 75.9836730957, 41.3488464355, 37.9595108032, 33.4035339355, 30.9206047058, 30.9921760559, 24.8248596191, 29.6496047974, 16.3335533142, 17.7294502258, 11.0066137314, 4.32603359222, 3.29291605949, 2.45427942276, 2.2855322361, 1.35027515888, 0.898997366428, 0.608642876148, 0.249705404043, 0.0487898923457, 0.00502448389307, 0.000271774129942, 1.33963276312e-05, 1.78107402462e-05]
    },
    "gfcc": {
        "mean": [-4.1763420105, 102.253707886, -148.715240479, 22.9381923676, -73.3495178223, -2.81144118309, -43.6298828125, 0.106486849487, -27.0302410126, -2.55879807472, -9.758685112, -5.12971067429, -9.35311222076],
        "cov": [[1950.07568359, -492.56362915, -301.474090576, 155.913619995, -261.878814697, 207.869293213, -141.934127808, 173.102172852, -63.0193138123, 25.5550441742, -12.9107208252, -66.7128982544, -1.58619987965], [-492.56362915, 975.610046387, 430.194580078, -41.215965271, 39.5861206055, -429.376159668, 98.7435379028, -194.347671509, 42.0262031555, -106.409118652, 91.1246337891, -59.5025253296, -9.61857128143], [-301.474090576, 430.194580078, 519.160522461, 123.092704773, -9.68417167664, -110.920097351, 8.10104179382, -96.5784759521, -40.4048423767, -35.8585700989, 2.45484876633, -20.5783424377, -23.6006259918], [155.913619995, -41.215965271, 123.092704773, 291.44644165, 24.3530864716, 25.9692897797, -16.092508316, 3.09038949013, -13.1588354111, -20.9931850433, -38.6193161011, -25.2627258301, -8.02869510651], [-261.878814697, 39.5861206055, -9.68417167664, 24.3530864716, 167.175918579, 30.4699020386, 38.8110046387, 6.07510232925, 22.4123325348, -13.6139030457, -23.0079555511, 5.19075584412, -1.18090438843], [207.869293213, -429.376159668, -110.920097351, 25.9692897797, 30.4699020386, 372.819335938, 25.7318477631, 96.8062133789, -61.6474380493, 46.4010162354, -46.6333770752, 29.4292240143, -16.2886486053], [-141.934127808, 98.7435379028, 8.10104179382, -16.092508316, 38.8110046387, 25.7318477631, 124.461654663, -5.26596164703, -9.1836309433, -10.8203449249, 18.6201515198, -1.83618199825, -15.2185583115], [173.102172852, -194.347671509, -96.5784759521, 3.09038949013, 6.07510232925, 96.8062133789, -5.26596164703, 121.509651184, 18.6544036865, 26.5263156891, -18.5276050568, 1.9309951067, 8.89494037628], [-63.0193138123, 42.0262031555, -40.4048423767, -13.1588354111, 22.4123325348, -61.6474380493, -9.1836309433, 18.6544036865, 104.793457031, 23.7325534821, 12.081073761, 5.14890241623, 13.9028015137], [25.5550441742, -106.409118652, -35.8585700989, -20.9931850433, -13.6139030457, 46.4010162354, -10.8203449249, 26.5263156891, 23.7325534821, 84.3109130859, 22.8676166534, 22.3306465149, 3.06330990791], [-12.9107208252, 91.1246337891, 2.45484876633, -38.6193161011, -23.0079555511, -46.6333770752, 18.6201515198, -18.5276050568, 12.081073761, 22.8676166534, 77.1231994629, 14.413939476, 2.61623620987], [-66.7128982544, -59.5025253296, -20.5783424377, -25.2627258301, 5.19075584412, 29.4292240143, -1.83618199825, 1.9309951067, 5.14890241623, 22.3306465149, 14.413939476, 55.0953826904, 16.2065563202], [-1.58619987965, -9.61857128143, -23.6006259918, -8.02869510651, -1.18090438843, -16.2886486053, -15.2185583115, 8.89494037628, 13.9028015137, 3.06330990791, 2.61623620987, 16.2065563202, 46.0564155579]],
        "icov": [[0.00170849112328, -0.00281149172224, 0.00297193252482, -0.00233255582862, 0.00348394573666, -0.00253773620352, 0.00308994320221, -0.00257532508112, 0.00152036792133, -0.000828803691547, 0.00044091133168, 0.000129572377773, 0.000823715468869], [-0.00281149172224, 0.0172763466835, -0.0134456800297, 0.00827268976718, -0.0100453356281, 0.0116969961673, -0.0125998780131, 0.00922176986933, -0.00711304461583, 0.00890481472015, -0.0100455116481, 0.00916469562799, -0.00510114524513], [0.00297193252482, -0.0134456800297, 0.0137189319357, -0.00829783361405, 0.00906597729772, -0.00859066378325, 0.0100701181218, -0.0064633009024, 0.00686641503125, -0.00697164610028, 0.00735674193129, -0.00649000378326, 0.00490457424894], [-0.00233255582862, 0.00827268976718, -0.00829783361405, 0.00914564635605, -0.0068665840663, 0.00533485645428, -0.00601462833583, 0.00492680119351, -0.00405981717631, 0.00428463798016, -0.00295873824507, 0.00488318735734, -0.00284835207276], [0.00348394573666, -0.0100453356281, 0.00906597729772, -0.0068665840663, 0.0164331197739, -0.00857021287084, 0.00600456353277, -0.00612850254402, 0.00145802809857, -0.00265672639944, 0.00685722194612, -0.0046919840388, 0.00302690058015], [-0.00253773620352, 0.0116969961673, -0.00859066378325, 0.00533485645428, -0.00857021287084, 0.0146494600922, -0.0106976609677, 0.00291013531387, 5.15594401804e-05, 0.00177226599772, -0.00250110123307, 0.00147698214278, -0.00076337630162], [0.00308994320221, -0.0125998780131, 0.0100701181218, -0.00601462833583, 0.00600456353277, -0.0106976609677, 0.0208060704172, -0.00766524625942, 0.0056050051935, -0.00313325203024, 0.00114320742432, -0.00413474999368, 0.0062191686593], [-0.00257532508112, 0.00922176986933, -0.0064633009024, 0.00492680119351, -0.00612850254402, 0.00291013531387, -0.00766524625942, 0.0196476168931, -0.00805335026234, 0.00251504429616, -0.00273994798772, 0.00701536983252, -0.00612047500908], [0.00152036792133, -0.00711304461583, 0.00686641503125, -0.00405981717631, 0.00145802809857, 5.15594401804e-05, 0.0056050051935, -0.00805335026234, 0.0188147127628, -0.00943287741393, 0.00417846255004, -0.00416075298563, 0.00101538456511], [-0.000828803691547, 0.00890481472015, -0.00697164610028, 0.00428463798016, -0.00265672639944, 0.00177226599772, -0.00313325203024, 0.00251504429616, -0.00943287741393, 0.0245863962919, -0.0127257481217, 0.00149187224451, -0.000546707073227], [0.00044091133168, -0.0100455116481, 0.00735674193129, -0.00295873824507, 0.00685722194612, -0.00250110123307, 0.00114320742432, -0.00273994798772, 0.00417846255004, -0.0127257481217, 0.0279752742499, -0.0116730900481, 0.00347299873829], [0.000129572377773, 0.00916469562799, -0.00649000378326, 0.00488318735734, -0.0046919840388, 0.00147698214278, -0.00413474999368, 0.00701536983252, -0.00416075298563, 0.00149187224451, -0.0116730900481, 0.0339523106813, -0.0130025120452], [0.000823715468869, -0.00510114524513, 0.00490457424894, -0.00284835207276, 0.00302690058015, -0.00076337630162, 0.0062191686593, -0.00612047500908, 0.00101538456511, -0.000546707073227, 0.00347299873829, -0.0130025120452, 0.0298449043185]]
    },
    "melbands": {
        "max": [0.000500055844896, 0.00213903095573, 0.00943176355213, 0.00758719351143, 0.00736411707476, 0.00894276890904, 0.0146685624495, 0.00731179956347, 0.00743101723492, 0.00362312002108, 0.00337521499023, 0.00314006069675, 0.00238022464328, 0.00255364994518, 0.00178348529153, 0.00138594361488, 0.00110753183253, 0.000853498175275, 0.000326544279233, 0.000285012123641, 0.000300934276311, 0.000492074701469, 0.000270730786724, 0.000231313126278, 0.000236608379055, 0.000121916818898, 0.000113181522465, 0.000194996260689, 0.000117345822218, 3.14887402055e-05, 1.71723386302e-05, 1.33255080073e-05, 1.28865240185e-05, 1.28779665829e-05, 1.42048265843e-05, 1.47163555084e-05, 7.22376580597e-06, 7.95073901827e-06, 1.04841847133e-05, 1.00138286143e-05],
        "mean": [6.94609625498e-05, 0.000252706115134, 0.000531398167368, 0.000705405895133, 0.00060062186094, 0.000948898028582, 0.000775193911977, 0.000351193652023, 0.000321613624692, 0.000214044601307, 0.000193306594156, 0.000124723315821, 9.73872156464e-05, 9.86787927104e-05, 9.47623411776e-05, 7.40021496313e-05, 5.33196907782e-05, 4.49769431725e-05, 3.56644486601e-05, 2.86747617793e-05, 2.86304311885e-05, 2.49175827776e-05, 1.92707939277e-05, 1.85982735275e-05, 1.95836255443e-05, 1.26536324387e-05, 9.05244178284e-06, 8.26697669254e-06, 6.24424546913e-06, 3.35028403242e-06, 1.95652864932e-06, 1.59801572863e-06, 1.28115118514e-06, 1.12057466595e-06, 9.59282374424e-07, 7.2877577395e-07, 5.65607308545e-07, 3.95769092165e-07, 3.24633560922e-07, 2.37253999558e-07],
        "min": [6.71827251608e-07, 1.52112897922e-06, 2.06025629268e-06, 1.57025760927e-06, 1.51889719291e-06, 1.48544427248e-06, 3.33928687724e-06, 2.28258363677e-06, 2.98524446407e-06, 1.06695790691e-06, 1.09976451768e-06, 1.40798783832e-06, 4.90233958317e-07, 1.05099672965e-06, 1.13188355044e-06, 8.47558794703e-07, 5.32573949386e-07, 6.58982116875e-07, 1.58774113856e-07, 1.57352872066e-07, 1.43234700545e-07, 2.33233080849e-07, 1.0062292688e-07, 3.86791292328e-08, 6.21687163971e-08, 2.66301327656e-08, 4.85906177516e-08, 5.29686232653e-08, 3.42460495517e-08, 1.21904779604e-08, 9.65128421626e-09, 1.53187347252e-08, 5.42986677843e-09, 5.18037390762e-09, 4.26450741386e-09, 3.49638473729e-09, 1.99718708238e-09, 9.17116826926e-10, 1.11968823102e-09, 9.82185666132e-10],
        "stdev": [7.3539398727e-05, 0.000309292634483, 0.00090839114273, 0.000898521742783, 0.000739264825825, 0.0012290495215, 0.00112320680637, 0.000577220984269, 0.000595993187744, 0.000353505834937, 0.000314239354338, 0.000266648625256, 0.00020103098359, 0.000207347984542, 0.000165543548064, 0.000132863788167, 8.38228661451e-05, 6.76838681102e-05, 4.82820214529e-05, 4.20919277531e-05, 3.83376100217e-05, 3.48821704392e-05, 2.70052696578e-05, 2.3677785066e-05, 2.61891964328e-05, 1.49578872879e-05, 1.07795976874e-05, 1.25600108731e-05, 9.59193403105e-06, 3.54975031769e-06, 2.33769833358e-06, 1.98661268769e-06, 1.58739169365e-06, 1.37311155868e-06, 1.34110689487e-06, 1.13442536076e-06, 7.7221062611e-07, 5.99151462666e-07, 6.59887234633e-07, 4.97959035783e-07]
    },
    "melbands128": {
        "max": [0.000577200669795, 0.000231781610637, 0.000577652011998, 0.00163858011365, 0.00215166644193, 0.00384838390164, 0.0123981032521, 0.012791601941, 0.0103440089151, 0.00884476862848, 0.0111633306369, 0.0111009404063, 0.00982984527946, 0.0115432944149, 0.0128743397072, 0.016600638628, 0.0244404114783, 0.026661336422, 0.0216822177172, 0.0125928595662, 0.00513939652592, 0.0122592197731, 0.0103795081377, 0.00682975025848, 0.00786747317761, 0.00408897176385, 0.00486258789897, 0.0056594167836, 0.00532609922811, 0.00617072544992, 0.00601541670039, 0.00604658806697, 0.0047746412456, 0.00206545018591, 0.00397303327918, 0.00454189861193, 0.00425356253982, 0.00315493531525, 0.00357193034142, 0.00381309119985, 0.00147185800597, 0.000640512618702, 0.00214375485666, 0.00132580962963, 0.0020789380651, 0.00103650486562, 0.000570980831981, 0.000553585181478, 0.000575248617679, 0.000685148115736, 0.000475374486996, 0.000453949352959, 0.00038484678953, 0.000485655822558, 0.00055879552383, 0.000439240830019, 0.00126858975273, 0.000509189616423, 0.000541959481779, 0.000270385819022, 0.000503042712808, 0.000405643862905, 0.000568095187191, 0.000208535435377, 0.000330110895447, 0.000189621190657, 0.00014595130051, 0.000140343647217, 0.000136717833811, 0.000423569930717, 0.000270038261078, 0.000211011138163, 0.00025882862974, 0.000212354731048, 6.37945704511e-05, 5.66377602809e-05, 4.48653445346e-05, 2.38801239902e-05, 2.2805565095e-05, 2.52706395258e-05, 1.85589287867e-05, 1.69492723217e-05, 2.38494812947e-05, 1.7555519662e-05, 2.51302444667e-05, 1.29685759021e-05, 1.55533889483e-05, 1.82544572453e-05, 1.35352911457e-05, 2.47931166086e-05, 2.77586987067e-05, 7.64077503845e-06, 1.25120395751e-05, 1.13081759991e-05, 8.27606254461e-06, 8.43092766445e-06, 9.3273974926e-06, 1.08118829303e-05, 1.75531386049e-05, 1.2729808077e-05, 8.54803329275e-06, 9.29215821088e-06, 1.2591192899e-05, 1.03824295365e-05, 6.02585123488e-06, 3.636879228e-06, 2.12871077565e-06, 1.28063811644e-06, 8.82122094481e-07, 6.88042007368e-07, 3.00797353248e-07, 1.6577655515e-07, 5.92891140627e-08, 1.54666714991e-08, 6.64230048741e-09, 2.22899512181e-08, 3.37719541221e-08, 1.63601876491e-09, 1.58789392746e-09, 1.55220891696e-09, 1.51178780605e-09, 1.48401368971e-09, 1.4602604681e-09, 1.4359119449e-09, 1.41583855751e-09, 1.40314437846e-09, 1.38874323152e-09, 1.38220879187e-09],
        "mean": [1.22060255308e-05, 2.30073164857e-05, 7.78438261477e-05, 0.00018545659259, 0.000223858194659, 0.000286688940832, 0.000546428840607, 0.00054680876201, 0.000599956896622, 0.000734404427931, 0.000795923522674, 0.000625078158919, 0.000568326620851, 0.000524925650097, 0.000799426052254, 0.00141306524165, 0.00102391501423, 0.000616238161456, 0.000518740387633, 0.000389472872484, 0.000208485638723, 0.000375844538212, 0.00037526912638, 0.000218157234485, 0.000230133460718, 0.000185387645615, 0.000233510581893, 0.000212872153497, 0.000143376877531, 0.000133722132887, 0.000112835448817, 0.000112600493594, 0.000109315951704, 7.20470343367e-05, 8.42333247419e-05, 0.000118360658234, 0.000106970772322, 7.6464486483e-05, 0.000100807192212, 0.000107713553007, 5.56120212423e-05, 4.77327521367e-05, 5.42625784874e-05, 5.82457978453e-05, 4.59034090454e-05, 4.53032480436e-05, 4.05881291954e-05, 3.28071946569e-05, 3.60729354725e-05, 3.4613389289e-05, 2.6732979677e-05, 2.35857532971e-05, 2.53555117524e-05, 3.22569758282e-05, 3.39212783729e-05, 2.22107173613e-05, 1.96303153643e-05, 2.03829949896e-05, 1.93780961126e-05, 1.64968168974e-05, 1.76741759788e-05, 1.95016600628e-05, 2.50215725828e-05, 1.77137226274e-05, 1.44557961903e-05, 1.31338438223e-05, 1.15341763376e-05, 9.26886514208e-06, 7.62407671573e-06, 9.99406802293e-06, 8.76122521731e-06, 7.03665864421e-06, 7.56942608859e-06, 6.395114724e-06, 4.14870555687e-06, 4.0149952838e-06, 2.68442840934e-06, 2.06198865271e-06, 1.91565072782e-06, 1.72620514149e-06, 1.74074887127e-06, 1.47996831856e-06, 1.40323277265e-06, 1.22157268834e-06, 1.27786142912e-06, 1.07367736746e-06, 1.15124885269e-06, 1.02464412066e-06, 9.45040881106e-07, 9.25091001136e-07, 8.09396851764e-07, 6.58545332044e-07, 6.09404139595e-07, 6.38662015717e-07, 4.72790674166e-07, 4.19254746475e-07, 3.72756232991e-07, 3.76021489501e-07, 3.45942680724e-07, 2.87805363541e-07, 2.61105412847e-07, 2.30044690852e-07, 2.10656111221e-07, 1.68856217897e-07, 1.49902334101e-07, 1.0347902446e-07, 7.6006784866e-08, 6.11085368973e-08, 4.99777357277e-08, 4.06120683749e-08, 2.86270331884e-08, 1.34502613491e-08, 3.4855167641e-09, 5.92648208286e-10, 2.55906407176e-10, 5.71465141874e-09, 1.0000685613e-08, 8.9317693866e-12, 4.30648355518e-12, 4.19752600733e-12, 4.09307223531e-12, 4.00945769641e-12, 3.93224081768e-12, 3.86305180552e-12, 3.80894968344e-12, 3.76730461063e-12, 3.73384916735e-12, 3.71295312204e-12],
        "min": [9.40769573354e-10, 1.18334888555e-07, 1.45021317621e-07, 3.97544454245e-07, 2.06551931115e-07, 8.49952130011e-07, 5.56912254979e-07, 1.99536358991e-07, 5.91156094742e-07, 5.93522372583e-07, 1.83273527909e-07, 6.65428501634e-07, 7.34433967864e-07, 7.44974101963e-07, 9.47088551584e-07, 5.61203592042e-07, 9.44748308029e-07, 1.12241991701e-06, 8.09261393897e-07, 1.15416492008e-06, 2.9551168268e-07, 7.91098386799e-07, 5.8933562741e-07, 3.9977913957e-07, 5.40842279406e-07, 9.59845692705e-07, 3.2770824987e-07, 3.07472504346e-07, 5.44361739685e-07, 4.82995346829e-07, 2.30287682257e-07, 7.62323338677e-07, 2.61316841943e-07, 1.03161994502e-07, 4.01389087301e-07, 7.11487928129e-07, 3.83265160053e-07, 2.8386787676e-07, 2.56936687038e-07, 8.79116868191e-08, 3.74218473098e-07, 3.01025636418e-07, 3.65742039321e-07, 2.14182662717e-07, 1.41249046237e-07, 1.90076249851e-07, 2.57187991792e-07, 5.27093924063e-08, 6.63586661176e-08, 7.29014928424e-08, 1.19051769332e-07, 2.26503132694e-07, 1.6158205085e-07, 4.61645832672e-08, 4.33517683973e-08, 7.77244366645e-08, 9.61069090977e-08, 9.44265607927e-08, 3.64081387261e-08, 5.15093478981e-09, 1.93675333549e-08, 7.63681597959e-08, 9.91159865293e-08, 4.85993929544e-08, 1.74372107864e-08, 2.29961951703e-08, 3.33534266872e-08, 4.08302653909e-08, 4.1016051e-08, 4.65288785279e-08, 4.31386304456e-08, 3.71560950896e-08, 1.26562929026e-08, 2.42724613742e-08, 2.54451109072e-08, 1.57996318251e-08, 3.06253400417e-09, 1.56587298683e-09, 8.54248760618e-09, 9.7278878286e-09, 1.21381944496e-08, 4.27806146064e-09, 4.29159774384e-09, 2.70507150013e-09, 4.50997861279e-09, 3.29999183535e-09, 3.56311691263e-09, 4.56344606548e-09, 2.46698661499e-09, 1.85604620562e-09, 2.23426721568e-09, 2.59274868242e-09, 2.32073982254e-09, 8.47482473088e-10, 8.88663309606e-10, 8.55656212551e-10, 8.74395167383e-10, 7.2686195951e-10, 8.23526802307e-10, 7.24426296728e-10, 1.0128621275e-09, 5.20489540357e-10, 5.77725978168e-10, 4.75283812307e-10, 6.78771039375e-10, 5.93610327559e-10, 3.86869231095e-10, 4.38630881616e-10, 3.48616857604e-10, 2.92934176915e-10, 3.09346714911e-11, 3.32898964471e-12, 8.58712718445e-14, 4.70832377806e-14, 6.81677140408e-14, 2.96616545345e-13, 6.53171581492e-13, 1.95856907624e-13, 3.46216653437e-14, 2.01699483396e-14, 2.96886640435e-14, 3.23016082198e-14, 3.13619030919e-14, 3.37016113801e-14, 2.12860616313e-14, 2.74589158784e-14, 2.79164678299e-14, 2.6710369146e-14],
        "stdev": [2.90847492579e-05, 2.76468654192e-05, 9.82270285022e-05, 0.000242136215093, 0.000312457123073, 0.000449841289083, 0.00121347641107, 0.00113208871335, 0.000902444124222, 0.00109735690057, 0.00129458284937, 0.000912532676011, 0.000922560167965, 0.00101118837483, 0.00139390979894, 0.00220111617818, 0.00183659722097, 0.00142735161353, 0.00133891322184, 0.000887566246092, 0.000411370856455, 0.000919136800803, 0.000855891790707, 0.000555364706088, 0.000575728481635, 0.000379525474273, 0.000431356136687, 0.000497537315823, 0.000349432666553, 0.000386292958865, 0.000346925517078, 0.000318541540764, 0.000305713328999, 0.000184637639904, 0.000249502772931, 0.000327531568473, 0.000283856934402, 0.000167739708559, 0.000258024316281, 0.000287031027256, 0.000108103471575, 8.10305136838e-05, 0.000117440096801, 0.000111401204776, 0.000106812585727, 8.92822135938e-05, 6.72896931064e-05, 5.81162130402e-05, 6.2067185354e-05, 6.08668051427e-05, 5.12609294674e-05, 4.44471406809e-05, 4.26655351475e-05, 5.44184549653e-05, 5.47224481124e-05, 4.03054618801e-05, 4.65890552732e-05, 3.47935529135e-05, 3.3263961086e-05, 2.67144714599e-05, 2.96620637528e-05, 3.62819446309e-05, 4.46689373348e-05, 2.61256936938e-05, 2.58281343122e-05, 2.04268435482e-05, 1.5479978174e-05, 1.34119663926e-05, 1.22552792163e-05, 1.80676161108e-05, 1.80256320164e-05, 1.42804628922e-05, 1.8009393898e-05, 1.27316552607e-05, 5.70752308704e-06, 5.01831709698e-06, 3.5204118376e-06, 2.81271059066e-06, 2.61236573351e-06, 2.5444169296e-06, 2.34430012824e-06, 2.12514078157e-06, 2.03150398193e-06, 1.71983958808e-06, 1.77765889475e-06, 1.44320040363e-06, 1.63679601428e-06, 1.43132569974e-06, 1.33384298806e-06, 1.79221819963e-06, 1.60632521329e-06, 9.54415668275e-07, 8.79461708791e-07, 9.61135015132e-07, 6.95506400916e-07, 6.21490585218e-07, 6.03527723797e-07, 7.43672217141e-07, 7.85349186572e-07, 6.72032399507e-07, 5.42691054761e-07, 4.79435243506e-07, 5.67912195493e-07, 4.238161182e-07, 3.12421434501e-07, 1.95904419797e-07, 1.32422471211e-07, 1.05582401488e-07, 8.09062115081e-08, 6.45161151169e-08, 4.37740510506e-08, 2.25256613362e-08, 6.04175554031e-09, 1.18728205045e-09, 4.07949091175e-10, 3.01798741553e-09, 5.49940493144e-09, 4.63094770864e-11, 4.45164426155e-11, 4.3514258169e-11, 4.23817682338e-11, 4.16015832894e-11, 4.09341623098e-11, 4.02514202524e-11, 3.96883394205e-11, 3.93313263902e-11, 3.89282876767e-11, 3.87448233219e-11]
    },
    "mfcc": {
        "mean": [-633.513916016, 127.431365967, -21.5041065216, 17.487865448, -11.597366333, -7.40590286255, -7.83945083618, -5.87788009644, -12.6284313202, -2.45423197746, -6.11854982376, -1.57634747028, -3.27745223045],
        "cov": [[2363.65039062, -830.810668945, -152.123504639, -188.233322144, -28.3776035309, -74.8295669556, 0.590779721737, 39.8449745178, 13.8549547195, 78.0373535156, 29.6303672791, 2.24087738991, -33.2136039734], [-830.810668945, 1049.02575684, 234.588378906, 256.865020752, -97.9385299683, -128.528106689, -59.3348083496, -84.5778121948, -130.865493774, -23.5615367889, -32.7465629578, -34.976650238, -7.45487213135], [-152.123504639, 234.588378906, 470.675292969, 179.90788269, -6.74504423141, 20.641708374, 16.9109401703, -39.3299179077, -53.8309364319, -40.0086288452, -25.3829498291, -9.99004459381, -0.099430501461], [-188.233322144, 256.865020752, 179.90788269, 352.258209229, 28.0607585907, -35.2226524353, -48.2891769409, -32.9411621094, -32.8332672119, -1.10143482685, -42.0035247803, -20.157535553, -14.7198009491], [-28.3776035309, -97.9385299683, -6.74504423141, 28.0607585907, 143.060684204, 34.8948135376, -7.15549135208, 22.2269229889, 49.2006111145, 9.96875095367, -4.24164247513, -3.24882054329, -8.88214874268], [-74.8295669556, -128.528106689, 20.641708374, -35.2226524353, 34.8948135376, 164.441726685, 77.1693344116, 40.9438896179, 23.3974571228, -8.3524684906, 13.1268568039, 2.76944541931, -0.382239282131], [0.590779721737, -59.3348083496, 16.9109401703, -48.2891769409, -7.15549135208, 77.1693344116, 150.336898804, 54.6965827942, 0.838386535645, 9.17626667023, 7.70855283737, 4.04561233521, -17.1715335846], [39.8449745178, -84.5778121948, -39.3299179077, -32.9411621094, 22.2269229889, 40.9438896179, 54.6965827942, 88.979133606, 33.4354400635, 16.048116684, 10.3064899445, -10.7449121475, -14.5379781723], [13.8549547195, -130.865493774, -53.8309364319, -32.8332672119, 49.2006111145, 23.3974571228, 0.838386535645, 33.4354400635, 96.8209533691, 21.0936260223, 5.76880693436, 7.17862939835, 2.85702252388], [78.0373535156, -23.5615367889, -40.0086288452, -1.10143482685, 9.96875095367, -8.3524684906, 9.17626667023, 16.048116684, 21.0936260223, 61.7274055481, 18.1614742279, 5.21186351776, -5.51777172089], [29.6303672791, -32.7465629578, -25.3829498291, -42.0035247803, -4.24164247513, 13.1268568039, 7.70855283737, 10.3064899445, 5.76880693436, 18.1614742279, 52.1701431274, 21.0664539337, 10.0125017166], [2.24087738991, -34.976650238, -9.99004459381, -20.157535553, -3.24882054329, 2.76944541931, 4.04561233521, -10.7449121475, 7.17862939835, 5.21186351776, 21.0664539337, 58.1569824219, 28.4356269836], [-33.2136039734, -7.45487213135, -0.099430501461, -14.7198009491, -8.88214874268, -0.382239282131, -17.1715335846, -14.5379781723, 2.85702252388, -5.51777172089, 10.0125017166, 28.4356269836, 67.7415161133]],
        "icov": [[0.000791884434875, 0.000890488328878, -0.000248534546699, 5.24941133335e-05, 0.00039245467633, 0.000824376591481, 0.000157629547175, -0.00021884853777, 0.000838980311528, -0.00100920570549, -3.00644933304e-05, 0.000248814874794, 0.000328810769133], [0.000890488328878, 0.00253954553045, -0.00061677308986, -0.000777173496317, 0.00104209186975, 0.0017487287987, 1.48975877892e-05, 7.83610739745e-05, 0.00190524582285, -0.00110311701428, -0.000501107482705, 0.00106884748675, 0.000168589918758], [-0.000248534546699, -0.00061677308986, 0.00328296422958, -0.00154227379244, -0.000248729658779, -0.000851031742059, -0.00132677413058, 0.00132757925894, -3.27205489157e-05, 0.0020450677257, -0.000485308351927, 0.000263337220531, -0.000479713489767], [5.24941133335e-05, -0.000777173496317, -0.00154227379244, 0.00499845296144, -0.00139958260115, -0.000289712101221, 0.00185472145677, -0.000612784933764, 0.00112906866707, -0.0024763320107, 0.00350394006819, -0.000875514466316, 0.000777859473601], [0.00039245467633, 0.00104209186975, -0.000248729658779, -0.00139958260115, 0.0101227741688, -0.00169169856235, 0.00198416365311, -0.00115755898878, -0.00346708716825, -0.00106289156247, 0.000897000834811, -0.000198989990167, 0.00158548320178], [0.000824376591481, 0.0017487287987, -0.000851031742059, -0.000289712101221, -0.00169169856235, 0.0112164672464, -0.00506464811042, -0.000681077770423, -0.000390422239434, 0.0027070757933, -0.00359795521945, 0.00203907722607, -0.00114324735478], [0.000157629547175, 1.48975877892e-05, -0.00132677413058, 0.00185472145677, 0.00198416365311, -0.00506464811042, 0.0132908439264, -0.00732217682526, 0.00333060836419, -0.0036530313082, 0.00380805670284, -0.00466580269858, 0.00346689298749], [-0.00021884853777, 7.83610739745e-05, 0.00132757925894, -0.000612784933764, -0.00115755898878, -0.000681077770423, -0.00732217682526, 0.0204398389906, -0.00575575139374, -0.00019605133275, -0.00455275038257, 0.00655954098329, 0.000291234144242], [0.000838980311528, 0.00190524582285, -3.27205489157e-05, 0.00112906866707, -0.00346708716825, -0.000390422239434, 0.00333060836419, -0.00575575139374, 0.0182553306222, -0.0058613489382, 0.00325425108895, -0.00256911944598, -0.000631378847174], [-0.00100920570549, -0.00110311701428, 0.0020450677257, -0.0024763320107, -0.00106289156247, 0.0027070757933, -0.0036530313082, -0.00019605133275, -0.0058613489382, 0.0243558678776, -0.00948354881257, 0.000245107890805, 0.00128643843345], [-3.00644933304e-05, -0.000501107482705, -0.000485308351927, 0.00350394006819, 0.000897000834811, -0.00359795521945, 0.00380805670284, -0.00455275038257, 0.00325425108895, -0.00948354881257, 0.029929459095, -0.0103412866592, -0.000216176529648], [0.000248814874794, 0.00106884748675, 0.000263337220531, -0.000875514466316, -0.000198989990167, 0.00203907722607, -0.00466580269858, 0.00655954098329, -0.00256911944598, 0.000245107890805, -0.0103412866592, 0.0278096888214, -0.00975657068193], [0.000328810769133, 0.000168589918758, -0.000479713489767, 0.000777859473601, 0.00158548320178, -0.00114324735478, 0.00346689298749, 0.000291234144242, -0.000631378847174, 0.00128643843345, -0.000216176529648, -0.00975657068193, 0.0205116774887]]
    },
    "spectral_contrast_coeffs": {
        "max": [-0.440909892321, -0.485583782196, -0.548341453075, -0.626747250557, -0.648974657059, -0.682152569294],
        "mean": [-0.667284369469, -0.731278121471, -0.767482876778, -0.800179004669, -0.790629446507, -0.760735213757],
        "min": [-0.883086204529, -0.925361037254, -0.911562681198, -0.896940767765, -0.894180774689, -0.860146045685],
        "stdev": [0.0758800879121, 0.0886602923274, 0.062773257494, 0.0441604405642, 0.0375438332558, 0.027402870357]
    },
    "spectral_contrast_valleys": {
        "max": [-5.58962631226, -4.82827329636, -5.66253900528, -5.67105674744, -5.86682462692, -8.34137535095],
        "mean": [-7.0853395462, -6.32599401474, -6.96920537949, -7.25576639175, -7.26247215271, -10.4034814835],
        "min": [-9.00302791595, -8.15324211121, -8.69065666199, -8.71506404877, -9.14657497406, -12.5284872055],
        "stdev": [0.654901742935, 0.529475748539, 0.500825285912, 0.595393896103, 0.572290360928, 0.797667682171]
    }
},
"rhythm": {
    "beats_count": 75,
    "beats_loudness": {
        "max": 0.0900878384709,
        "mean": 0.0303559042513,
        "min": 0.00670382380486,
        "stdev": 0.0148949930444
    },
    "bpm": 154.69909668,
    "bpm_histogram_first_peak_bpm": 157,
    "bpm_histogram_first_peak_weight": 0.10526317358,
    "bpm_histogram_second_peak_bpm": 152,
    "bpm_histogram_second_peak_spread": 0.172413766384,
    "bpm_histogram_second_peak_weight": 0.324324309826,
    "danceability": 1.39753627777,
    "onset_rate": 2.65489339828,
    "beats_loudness_band_ratio": {
        "max": [0.602828919888, 0.731939971447, 0.745896458626, 0.590933024883, 0.51281940937, 0.131237715483],
        "mean": [0.174724087119, 0.333633333445, 0.263545930386, 0.165881454945, 0.0990318655968, 0.0449120216072],
        "min": [0.0042575141415, 0.00789576396346, 0.0306646414101, 0.0194685030729, 0.0100835300982, 0.00350636523217],
        "stdev": [0.168837323785, 0.197187528014, 0.165245860815, 0.141794294119, 0.128728121519, 0.0287655554712]
    },
