{
"metadata": {
    "version": {
        "essentia": "2.1-beta5",
        "essentia_git_sha": "Undefined",
        "extractor": "music 2.0"
    },
    "audio_properties": {
        "analysis": {
            "equal_loudness": 0,
            "length": 29.0017242432,
            "sample_rate": 44100,
            "start_time": 0,
            "downmix": "mix"
        },
        "bit_rate": 192000,
        "length": 183.25189209,
        "lossless": 0,
        "number_channels": 2,
        "replay_gain": -11.1196041107,
        "sample_rate": 48000,
        "codec": "mp3",
        "md5_encoded": "e3cd2b48399f67db824db6d572997c39"
    },
    "tags": {
        "file_name": "Monaco_Une Petite Française_Michèle Torr.mp3",
        "encoding": ["Lavf58.29.100"]
    }
},
"lowlevel": {
    "average_loudness": 0.866318583488,
    "barkbands_crest": {
        "max": 24.671503067,
        "mean": 12.0729980469,
        "min": 4.52487468719,
        "stdev": 4.4050359726
    },
    "barkbands_flatness_db": {
        "max": 0.375605642796,
        "mean": 0.247480615973,
        "min": 0.0387263819575,
        "stdev": 0.0428858846426
    },
    "barkbands_kurtosis": {
        "max": 70.8121337891,
        "mean": 5.35998296738,
        "min": -1.73576271534,
        "stdev": 8.23731994629
    },
    "barkbands_skewness": {
        "max": 6.45478630066,
        "mean": 1.23849749565,
        "min": -1.70425367355,
        "stdev": 1.35987186432
    },
    "barkbands_spread": {
        "max": 107.212936401,
        "mean": 9.38679981232,
        "min": 1.00365459919,
        "stdev": 6.66012716293
    },
    "dissonance": {
        "max": 0.499365419149,
        "mean": 0.422381579876,
        "min": 0.227295011282,
        "stdev": 0.050350997597
    },
    "dynamic_complexity": 7.03730487823,
    "erbbands_crest": {
        "max": 31.720375061,
        "mean": 13.8253669739,
        "min": 2.8310379982,
        "stdev": 5.69965028763
    },
    "erbbands_flatness_db": {
        "max": 0.392236381769,
        "mean": 0.276695907116,
        "min": 0.045472279191,
        "stdev": 0.0592148080468
    },
    "erbbands_kurtosis": {
        "max": 44.8765525818,
        "mean": 2.20112633705,
        "min": -1.83335411549,
        "stdev": 4.01486968994
    },
    "erbbands_skewness": {
        "max": 4.50537729263,
        "mean": 0.659359097481,
        "min": -1.9372998476,
        "stdev": 0.870293259621
    },
    "erbbands_spread": {
        "max": 85.090057373,
        "mean": 20.2488193512,
        "min": 1.64016532898,
        "stdev": 14.49680233
    },
    "hfc": {
        "max": 83.3414535522,
        "mean": 13.1219434738,
        "min": 1.35897565201e-07,
        "stdev": 15.262597084
    },
    "loudness_ebu128": {
        "integrated": -13.6719293594,
        "loudness_range": 14.3848810196,
        "momentary": {
            "max": -9.82189750671,
            "mean": -18.0361499786,
            "min": -52.3637924194,
            "stdev": 8.29448127747
        },
        "short_term": {
            "max": -12.388967514,
            "mean": -15.7334861755,
            "min": -29.2344264984,
            "stdev": 4.87074232101
        }
    },
    "melbands_crest": {
        "max": 31.8216972351,
        "mean": 14.8029966354,
        "min": 5.36216211319,
        "stdev": 5.43001461029
    },
    "melbands_flatness_db": {
        "max": 0.462293416262,
        "mean": 0.313511639833,
        "min": 0.0986051335931,
        "stdev": 0.0571393221617
    },
    "melbands_kurtosis": {
        "max": 80.8054885864,
        "mean": 9.01729393005,
        "min": -1.60591781139,
        "stdev": 14.2866868973
    },
    "melbands_skewness": {
        "max": 7.42821455002,
        "mean": 1.6750818491,
        "min": -1.67757105827,
        "stdev": 1.64007496834
    },
    "melbands_spread": {
        "max": 58.7658882141,
        "mean": 13.1438951492,
        "min": 1.37963855267,
        "stdev": 9.15133190155
    },
    "pitch_salience": {
        "max": 0.826575219631,
        "mean": 0.520062804222,
        "min": 0.149911448359,
        "stdev": 0.118443340063
    },
    "silence_rate_20dB": {
        "max": 1,
        "mean": 1,
        "min": 1,
        "stdev": 0
    },
    "silence_rate_30dB": {
        "max": 1,
        "mean": 1,
        "min": 1,
        "stdev": 0
    },
    "silence_rate_60dB": {
        "max": 1,
        "mean": 0.22159999609,
        "min": 0,
        "stdev": 0.415319859982
    },
    "spectral_centroid": {
        "max": 11092.8818359,
        "mean": 814.880126953,
        "min": 254.788101196,
        "stdev": 493.974945068
    },
    "spectral_complexity": {
        "max": 24,
        "mean": 9.90480041504,
        "min": 0,
        "stdev": 5.24212026596
    },
    "spectral_decrease": {
        "max": -4.28950595302e-18,
        "mean": -4.47357439981e-09,
        "min": -3.09277190524e-08,
        "stdev": 4.74037920029e-09
    },
    "spectral_energy": {
        "max": 0.120330117643,
        "mean": 0.0180744733661,
        "min": 2.85159101193e-11,
        "stdev": 0.0191387608647
    },
    "spectral_energyband_high": {
        "max": 0.000572605000343,
        "mean": 4.06425933761e-05,
        "min": 1.10025764541e-11,
        "stdev": 7.94585212134e-05
    },
    "spectral_energyband_low": {
        "max": 0.0190717708319,
        "mean": 0.00142838060856,
        "min": 1.05917713836e-11,
        "stdev": 0.00217521330342
    },
    "spectral_energyband_middle_high": {
        "max": 0.0846984609962,
        "mean": 0.00639714719728,
        "min": 3.78555129951e-12,
        "stdev": 0.0118121849373
    },
    "spectral_energyband_middle_low": {
        "max": 0.118965342641,
        "mean": 0.0109210694209,
        "min": 2.98326662852e-12,
        "stdev": 0.0144464010373
    },
    "spectral_entropy": {
        "max": 9.80295753479,
        "mean": 6.55527734756,
        "min": 5.33549261093,
        "stdev": 0.483338326216
    },
    "spectral_flux": {
        "max": 0.354864478111,
        "mean": 0.0605165362358,
        "min": 5.34002901986e-06,
        "stdev": 0.0531078055501
    },
    "spectral_kurtosis": {
        "max": 87.5919189453,
        "mean": 17.4241256714,
        "min": -1.25186121464,
        "stdev": 13.5283489227
    },
    "spectral_rms": {
        "max": 0.0108349081129,
        "mean": 0.00356567883864,
        "min": 1.66794492884e-07,
        "stdev": 0.00221801036969
    },
    "spectral_rolloff": {
        "max": 12704.5898438,
        "mean": 925.446716309,
        "min": 86.1328125,
        "stdev": 703.092285156
    },
    "spectral_skewness": {
        "max": 7.76226472855,
        "mean": 2.67448496819,
        "min": -0.0195526666939,
        "stdev": 1.22015345097
    },
    "spectral_spread": {
        "max": 41985432,
        "mean": 2305701,
        "min": 1068890.625,
        "stdev": 1501536.75
    },
    "spectral_strongpeak": {
        "max": 9.86516666412,
        "mean": 1.57362473011,
        "min": 2.04238835977e-06,
        "stdev": 1.80154263973
    },
    "zerocrossingrate": {
        "max": 0.25048828125,
        "mean": 0.0338226556778,
        "min": 0.0068359375,
        "stdev": 0.0172545593232
    },
    "barkbands": {
        "max": [0.00217490969226, 0.00238208239898, 0.0128696952015, 0.0181798506528, 0.0617374405265, 0.0865014195442, 0.0803816467524, 0.00711040338501, 0.0473810397089, 0.0761136040092, 0.0528435893357, 0.0116089871153, 0.0194634981453, 0.0242217630148, 0.0145259434357, 0.00753247411922, 0.00728129036725, 0.00545002240688, 0.00138285907451, 0.00127793569118, 0.000306278845528, 6.87775827828e-05, 1.87133955478e-05, 6.82013705955e-06, 3.66998074242e-06, 3.46307433574e-06, 3.67609504792e-06],
        "mean": [3.59943369403e-05, 0.000308503687847, 0.000671674730256, 0.000760658003855, 0.00137182883918, 0.00298992125317, 0.00340472185053, 0.000477983849123, 0.00124758656602, 0.00314579554833, 0.00089641084196, 0.000350962392986, 0.000436936563347, 0.000414836395066, 0.000588514609262, 0.000243363072514, 0.000365317449905, 0.000257442996372, 4.68145626655e-05, 4.10710090364e-05, 1.29145755636e-05, 3.82369535146e-06, 9.03150692011e-07, 3.3143439282e-07, 1.50138461663e-07, 3.93901586904e-08, 3.48112694226e-09],
        "min": [1.73705277592e-12, 7.12151258103e-12, 1.85407310165e-12, 1.29295323905e-13, 1.25015384329e-12, 3.85034398028e-13, 4.28692617429e-13, 7.34393760539e-14, 6.17675398676e-13, 3.94438306886e-13, 4.88748906798e-13, 4.80639833489e-13, 3.57871962316e-13, 2.50411941616e-13, 2.21641308822e-13, 2.90945056675e-13, 1.88911237456e-13, 6.4547033083e-13, 4.08920943981e-13, 2.69322595909e-13, 1.0024352225e-12, 7.93597934763e-13, 1.06422531378e-12, 1.20321016605e-12, 1.74460966507e-12, 2.46034052506e-12, 2.64451047866e-12],
        "stdev": [0.00010897158063, 0.000375160423573, 0.00129740906414, 0.00156835909002, 0.00333335017785, 0.00751916924492, 0.00842419359833, 0.000811524572782, 0.00381734920666, 0.00852581020445, 0.00417015282437, 0.00112667318899, 0.00147916213609, 0.00166542571969, 0.00155177700799, 0.000732234562747, 0.000855351914652, 0.000582326785661, 0.000101065095805, 9.36012002057e-05, 2.77129547612e-05, 8.10246910987e-06, 1.96766359295e-06, 5.61463707527e-07, 1.81852243486e-07, 1.14946153928e-07, 1.039232842e-07]
    },
    "erbbands": {
        "max": [0.0694283470511, 0.649797260761, 8.45795154572, 43.416934967, 78.8736419678, 285.908081055, 573.983459473, 738.368774414, 1323.58605957, 734.437255859, 203.243942261, 1367.86413574, 1737.75964355, 2600.01928711, 871.121643066, 422.689056396, 1010.90545654, 1232.78527832, 760.454650879, 481.068054199, 508.46005249, 446.641448975, 299.01071167, 152.007003784, 71.098197937, 52.077205658, 21.0148887634, 8.70519256592, 3.57996630669, 1.33963656425, 0.610818147659, 0.214194461703, 0.0810668617487, 0.040970697999, 0.0258488021791, 0.0140954693779, 0.00639533717185, 0.00227753003128, 0.000521961716004, 0.000133233057568],
        "mean": [0.00594916474074, 0.0877776071429, 0.590635478497, 2.00255513191, 3.5501973629, 4.47486543655, 7.26120376587, 30.3575134277, 57.1837806702, 23.1726150513, 11.9817829132, 30.7401409149, 62.3799858093, 105.68107605, 22.1810150146, 15.5174732208, 19.2112293243, 23.7853946686, 32.7671928406, 14.7484035492, 19.0718135834, 18.3213310242, 15.5297002792, 5.48731184006, 1.85717475414, 1.85617280006, 0.968150377274, 0.395102202892, 0.161451816559, 0.0536600872874, 0.0222160872072, 0.00958000216633, 0.00422548828647, 0.00175569497515, 0.000988790648989, 0.000393834430724, 4.34311223216e-05, 4.98344297739e-06, 9.86668783298e-06, 2.10842026718e-05],
        "min": [2.62245086757e-10, 1.3552639011e-09, 2.52020448954e-09, 1.14314779864e-09, 2.14885842453e-09, 5.16243536808e-09, 2.66861399645e-09, 3.39899375312e-09, 4.30892077574e-09, 6.25850615776e-09, 3.16842951875e-09, 1.25864323408e-08, 1.27600046085e-08, 1.80275652184e-08, 2.53860967803e-08, 1.6807806702e-08, 1.67107963023e-08, 1.23326264756e-08, 1.87152924269e-08, 6.18380191497e-09, 1.70071530192e-08, 1.14154197206e-08, 1.86792927792e-08, 3.91773689046e-08, 2.05864871816e-08, 1.31579369622e-08, 3.96520611901e-08, 3.29466764981e-08, 2.75248588366e-08, 4.03699829121e-08, 2.39288180381e-08, 2.21151150726e-08, 2.32601458094e-08, 1.76030443555e-08, 1.32487665283e-08, 1.14441816024e-08, 3.83085385636e-09, 1.74780578899e-09, 3.80525499999e-10, 3.43107764422e-11],
        "stdev": [0.00758975511417, 0.107999309897, 1.03143513203, 3.9214053154, 6.34053134918, 13.5693283081, 26.4432544708, 73.530128479, 138.205291748, 58.982006073, 21.2397136688, 88.8695983887, 152.87852478, 310.326416016, 75.2009048462, 42.0707626343, 61.711151123, 85.9989929199, 87.9429626465, 35.345375061, 48.3841972351, 43.0852241516, 34.6009559631, 10.5656375885, 4.71957206726, 4.0278172493, 2.03057289124, 0.843653440475, 0.325249671936, 0.110224768519, 0.0494001321495, 0.0176697149873, 0.00689755845815, 0.00273205642588, 0.00105275434908, 0.000579527230002, 0.000194759835722, 6.44171814201e-05, 1.75696477527e-05, 2.22631842917e-05]
    },
    "gfcc": {
        "mean": [-143.577484131, 173.527694702, -138.473068237, 13.8459768295, -50.1783294678, -13.1888561249, -32.6735954285, 2.36212992668, -15.0452919006, -9.9529132843, -7.88160562515, -10.8873853683, 3.21904873848],
        "cov": [[11352.4482422, 467.352783203, -3741.77734375, -772.062255859, 583.265380859, -1128.32910156, 424.979125977, -549.047790527, 253.441680908, -423.838012695, 100.447135925, -5.57197713852, 181.347473145], [467.352783203, 824.550598145, 192.753295898, -414.713989258, 88.4625549316, -107.510284424, -4.44017982483, -25.131893158, -4.14990234375, -125.67137146, 10.927318573, -170.724243164, -13.7340173721], [-3741.77734375, 192.753295898, 1896.51403809, 282.853729248, -366.343963623, 258.530639648, -256.403198242, 205.081207275, -45.0754013062, 108.240745544, -87.8135070801, -59.06067276, -107.436912537], [-772.062255859, -414.713989258, 282.853729248, 535.073730469, -73.7411270142, 35.2144889832, -76.3256378174, 46.155380249, -38.2028770447, 82.7972412109, -8.72872161865, 77.4052581787, -17.7895736694], [583.265380859, 88.4625549316, -366.343963623, -73.7411270142, 258.219268799, 32.2050285339, 68.6263122559, -37.7178611755, -35.3608055115, -64.3710632324, 15.3556032181, -5.227622509, 20.6675205231], [-1128.32910156, -107.510284424, 258.530639648, 35.2144889832, 32.2050285339, 456.077911377, 113.102455139, 7.14635705948, -106.777305603, 52.6634063721, -21.9301815033, -25.2416687012, -16.9700145721], [424.979125977, -4.44017982483, -256.403198242, -76.3256378174, 68.6263122559, 113.102455139, 196.250228882, -17.232126236, -34.8718643188, -25.1694965363, -3.96311473846, -36.3013114929, 14.7184171677], [-549.047790527, -25.131893158, 205.081207275, 46.155380249, -37.7178611755, 7.14635705948, -17.232126236, 172.64680481, 57.1017684937, -17.1049594879, -31.596786499, 35.0885543823, -10.216594696], [253.441680908, -4.14990234375, -45.0754013062, -38.2028770447, -35.3608055115, -106.777305603, -34.8718643188, 57.1017684937, 133.182052612, 13.6263952255, -16.676109314, 29.0892868042, -1.90254473686], [-423.838012695, -125.67137146, 108.240745544, 82.7972412109, -64.3710632324, 52.6634063721, -25.1694965363, -17.1049594879, 13.6263952255, 134.356658936, 39.9925956726, 8.06131649017, -6.13601589203], [100.447135925, 10.927318573, -87.8135070801, -8.72872161865, 15.3556032181, -21.9301815033, -3.96311473846, -31.596786499, -16.676109314, 39.9925956726, 81.5675354004, 16.816116333, 2.80449938774], [-5.57197713852, -170.724243164, -59.06067276, 77.4052581787, -5.227622509, -25.2416687012, -36.3013114929, 35.0885543823, 29.0892868042, 8.06131649017, 16.816116333, 127.335266113, 29.6329784393], [181.347473145, -13.7340173721, -107.436912537, -17.7895736694, 20.6675205231, -16.9700145721, 14.7184171677, -10.216594696, -1.90254473686, -6.13601589203, 2.80449938774, 29.6329784393, 79.2875442505]],
        "icov": [[0.00070374988718, -0.00158221588936, 0.00167538237292, -0.00105574331246, 0.001157323597, 0.000320786115481, -0.000618392892648, 0.00132503150962, -0.000886071764398, 0.000335395016009, 0.00127505289856, -0.00123420811724, 0.000623006199021], [-0.00158221588936, 0.0110790729523, -0.00736017571762, 0.0065777990967, -0.00691918097436, 0.0017752245767, 0.000373399350792, -0.00122913636733, -0.00116339849774, 0.00555710587651, -0.0103403050452, 0.010098317638, -0.00400985544547], [0.00167538237292, -0.00736017571762, 0.00751035660505, -0.00470598600805, 0.00660654716194, -0.00181520241313, 0.0018173630815, 0.000299203878967, 0.00061019702116, -0.00224327039905, 0.00707393838093, -0.00472427206114, 0.00296106631868], [-0.00105574331246, 0.0065777990967, -0.00470598600805, 0.00727436644956, -0.00463821226731, 0.00225662975572, 0.000276577688055, -0.00218310183845, 0.00341659225523, -0.000983526348136, -0.00261521735229, 0.00292492145672, -0.000825936615001], [0.001157323597, -0.00691918097436, 0.00660654716194, -0.00463821226731, 0.0117333885282, -0.00346441171132, 0.00147549749818, 0.000580816355068, 0.000221681024414, 0.00131162838079, 0.00349923875183, -0.00426529347897, 0.00164395070169], [0.000320786115481, 0.0017752245767, -0.00181520241313, 0.00225662975572, -0.00346441171132, 0.00727725401521, -0.00520378956571, 0.000547259463929, 0.0039515402168, -0.00387052469887, 0.00320109957829, -0.00155530474149, 0.00138091994449], [-0.000618392892648, 0.000373399350792, 0.0018173630815, 0.000276577688055, 0.00147549749818, -0.00520378956571, 0.0125728165731, -0.00420631095767, 0.00180564052425, 0.001084443531, -0.00113506242633, 0.00507856626064, -0.00210128026083], [0.00132503150962, -0.00122913636733, 0.000299203878967, -0.00218310183845, 0.000580816355068, 0.000547259463929, -0.00420631095767, 0.014243574813, -0.00968546699733, 0.00662162201479, -0.00057355617173, -0.00344245345332, 0.000840902037453], [-0.000886071764398, -0.00116339849774, 0.00061019702116, 0.00341659225523, 0.000221681024414, 0.0039515402168, 0.00180564052425, -0.00968546699733, 0.0226251203567, -0.0142441997305, 0.0123860156164, -0.00624000094831, 0.00395786622539], [0.000335395016009, 0.00555710587651, -0.00224327039905, -0.000983526348136, 0.00131162838079, -0.00387052469887, 0.001084443531, 0.00662162201479, -0.0142441997305, 0.0258135274053, -0.0198473185301, 0.0102077312768, -0.00504040997475], [0.00127505289856, -0.0103403050452, 0.00707393838093, -0.00261521735229, 0.00349923875183, 0.00320109957829, -0.00113506242633, -0.00057355617173, 0.0123860156164, -0.0198473185301, 0.0346899665892, -0.0163002666086, 0.00782726425678], [-0.00123420811724, 0.010098317638, -0.00472427206114, 0.00292492145672, -0.00426529347897, -0.00155530474149, 0.00507856626064, -0.00344245345332, -0.00624000094831, 0.0102077312768, -0.0163002666086, 0.0244740955532, -0.00971072539687], [0.000623006199021, -0.00400985544547, 0.00296106631868, -0.000825936615001, 0.00164395070169, 0.00138091994449, -0.00210128026083, 0.000840902037453, 0.00395786622539, -0.00504040997475, 0.00782726425678, -0.00971072539687, 0.0177426021546]]
    },
    "melbands": {
        "max": [0.000679565826431, 0.00338476151228, 0.00625453749672, 0.00980331003666, 0.0167034417391, 0.0150254443288, 0.0185777060688, 0.00646880455315, 0.00245715817437, 0.00888796336949, 0.00965315010399, 0.01032644324, 0.00442573102191, 0.00178300880361, 0.00166870187968, 0.00195048423484, 0.0028027871158, 0.00154948141426, 0.00154487264808, 0.000476782472106, 0.00067911791848, 0.000626302149612, 0.000463442673208, 0.000224124203669, 0.000125464663142, 4.44462675659e-05, 5.91460047872e-05, 2.85164551315e-05, 2.10886901186e-05, 6.34790967524e-06, 4.43495446234e-06, 2.74135709333e-06, 1.26808038203e-06, 5.23332573721e-07, 4.27300619776e-07, 1.9388900796e-07, 1.08515592956e-07, 6.49615685688e-08, 3.75932174279e-08, 3.35845697919e-08],
        "mean": [7.21387114027e-05, 0.000259217078565, 0.000380688812584, 0.000295013393043, 0.000239412998781, 0.000692624074873, 0.000849778938573, 0.000202854513191, 8.64294197527e-05, 0.000211551683606, 0.000317952857586, 0.00045081099961, 8.75389087014e-05, 4.6017463319e-05, 3.40036349371e-05, 4.24518257205e-05, 4.48986756965e-05, 4.95164749736e-05, 3.60724880011e-05, 1.17126555779e-05, 2.58800537267e-05, 1.84961627383e-05, 2.15792424569e-05, 8.18040098238e-06, 4.11361452279e-06, 1.20317440633e-06, 1.2774910374e-06, 1.24443067762e-06, 7.81270557582e-07, 2.72513290156e-07, 2.03878641969e-07, 1.02104039001e-07, 4.22392609778e-08, 2.42175559606e-08, 1.38545290795e-08, 7.47427009173e-09, 5.0530517548e-09, 3.13072856528e-09, 2.00162886266e-09, 1.25406518503e-09],
        "min": [2.24665685361e-12, 1.44142748952e-12, 2.19830000015e-13, 2.83546867626e-13, 1.22446012205e-13, 7.54999632691e-14, 7.6224406832e-14, 5.74333468154e-14, 3.31742080095e-14, 8.6084486978e-14, 6.04975461003e-14, 6.91907333294e-14, 7.59741458655e-14, 6.42760652103e-14, 4.04786881097e-14, 2.38188409155e-14, 2.25104206515e-14, 3.30588692272e-14, 7.2255823693e-15, 1.4663426113e-14, 1.96208660078e-14, 1.28503334547e-14, 6.34384690571e-15, 3.11464890608e-14, 3.21169550373e-14, 1.56401940146e-14, 1.12519805891e-14, 7.365327559e-15, 1.98136168253e-14, 2.76691935016e-14, 1.66661220144e-14, 1.40326550767e-14, 1.77741800228e-14, 2.5565045076e-14, 1.40320231901e-14, 1.15150410705e-14, 1.37603348312e-14, 1.56086793067e-14, 1.64151309055e-14, 1.38525962009e-14],
        "stdev": [8.68372808327e-05, 0.000402384088375, 0.000629049434792, 0.000613200711086, 0.00088486506138, 0.00167755002622, 0.00196877750568, 0.000512432481628, 0.000173456486664, 0.000627316592727, 0.000826605071779, 0.00134135060944, 0.000370418856619, 0.00015486968914, 0.000115006041597, 0.000147592741996, 0.000188429199625, 0.000144812380313, 0.000104434810055, 3.5082706745e-05, 6.93286638125e-05, 5.04181953147e-05, 5.31663827132e-05, 1.87521145563e-05, 8.89011789695e-06, 3.14931048706e-06, 4.09807080359e-06, 2.64496975433e-06, 1.8039280576e-06, 5.72239571284e-07, 4.59576824596e-07, 2.20560835373e-07, 8.76993055954e-08, 5.32245785223e-08, 3.40266730348e-08, 1.54989638901e-08, 9.03387764595e-09, 5.29850519015e-09, 3.1850488913e-09, 2.06468553365e-09]
    },
    "melbands128": {
        "max": [0.000900481478311, 0.000400019634981, 0.00122678186744, 0.00138414814137, 0.00334521546029, 0.00799406412989, 0.0111473295838, 0.0094535946846, 0.00891881715506, 0.00885888375342, 0.019055493176, 0.0210370142013, 0.0210543423891, 0.0265527572483, 0.0278383586556, 0.027126327157, 0.0399754606187, 0.0351793766022, 0.0233005844057, 0.00750802271068, 0.00180070917122, 0.00194780330639, 0.00229596439749, 0.00561851449311, 0.0118842991069, 0.0146936625242, 0.0159293357283, 0.0115166362375, 0.0246939584613, 0.0209773313254, 0.0209961980581, 0.0157850757241, 0.00431952206418, 0.00677775312215, 0.0029362491332, 0.00348525680602, 0.00199850741774, 0.00209002569318, 0.0048673148267, 0.00278467545286, 0.00443579396233, 0.00138919614255, 0.00424512010068, 0.00581269152462, 0.00300139351748, 0.00241844332777, 0.00228816573508, 0.00346541497856, 0.00167858682107, 0.000333593285177, 0.00105033803266, 0.00159606477246, 0.00151352130342, 0.00138364802115, 0.00134260463528, 0.00141507864464, 0.00088615110144, 0.000999321229756, 0.000931785674766, 0.000718729919754, 0.000304064102238, 0.000491371378303, 0.000227818542044, 0.000198939669644, 5.2514795243e-05, 5.219808736e-05, 0.000106170366053, 9.90619737422e-05, 0.000103205704363, 4.40306866949e-05, 4.26211918239e-05, 4.04531492677e-05, 6.58486023895e-05, 1.88683989109e-05, 8.46653256303e-06, 7.86136297393e-06, 6.88464251652e-06, 8.8929937192e-06, 6.03330545346e-06, 5.60331272936e-06, 5.22655318491e-06, 5.13991199114e-06, 1.14573174415e-06, 1.9307135517e-06, 1.66338429608e-06, 5.73434022044e-07, 6.52056769468e-07, 4.82839709548e-07, 6.20625598913e-07, 4.04857871672e-07, 2.31890979308e-07, 2.45529463427e-07, 1.64068893582e-07, 1.46901143694e-07, 6.71039401823e-08, 7.83511922009e-08, 1.05161426234e-07, 3.93308496882e-08, 3.87239893485e-08, 3.60147538458e-08, 3.46982531596e-08, 3.46138513407e-08, 3.0302217624e-08, 2.8148797071e-08, 2.71971796195e-08, 3.15022390396e-08, 2.9932454737e-08, 2.50397942381e-08, 2.36239632301e-08, 2.27938130593e-08, 2.18905960025e-08, 2.10207051765e-08, 2.02520755721e-08, 1.95388754065e-08, 1.88796462908e-08, 1.82640764734e-08, 1.77035062165e-08, 1.7183035439e-08, 1.67064833079e-08, 1.62774753676e-08, 1.5879882298e-08, 1.5544781462e-08, 1.52301993239e-08, 1.49605163813e-08, 1.47640761838e-08, 1.45913361393e-08, 1.44606904229e-08, 1.43820733101e-08],
        "mean": [1.67530142789e-05, 3.32940217049e-05, 9.47702137637e-05, 0.000147087906953, 0.000230249410379, 0.000367003522115, 0.000426206766861, 0.000350776710548, 0.000368275766959, 0.000320673309034, 0.000226329546422, 0.000215864536585, 0.000207986930036, 0.000293614401016, 0.000570537988096, 0.00101514102425, 0.00104917399585, 0.000874838093296, 0.000584999914281, 0.000151351152454, 7.42272750358e-05, 9.93545399979e-05, 9.77410090854e-05, 4.7660243581e-05, 0.000180624410859, 0.000296229351079, 0.000240034481976, 0.000305711815599, 0.000337110628607, 0.000619897968136, 0.000475448381621, 0.000179027323611, 2.87007951556e-05, 5.63227113162e-05, 3.73169823433e-05, 5.7435096096e-05, 3.56100354111e-05, 1.88109079318e-05, 4.84609881823e-05, 3.85972271033e-05, 5.7424276747e-05, 1.90730570466e-05, 5.31582227268e-05, 5.49282085558e-05, 2.09568352147e-05, 5.67826755287e-05, 7.4515977758e-05, 3.9255432057e-05, 2.21882128244e-05, 7.29341945771e-06, 8.67760991241e-06, 1.69457343873e-05, 2.20420970436e-05, 3.27724155795e-05, 2.89569707093e-05, 1.20384347611e-05, 1.32013292387e-05, 2.65537619271e-05, 2.44795010076e-05, 1.27141565827e-05, 4.97972769153e-06, 6.94762229614e-06, 6.97853920428e-06, 2.49405161412e-06, 9.15025282211e-07, 1.19823857858e-06, 1.38168741159e-06, 1.05344975054e-06, 1.39502776619e-06, 1.36348216984e-06, 1.10523080821e-06, 1.28582962589e-06, 1.309607228e-06, 5.78044023314e-07, 3.46712738519e-07, 2.68277716486e-07, 2.33749304357e-07, 2.63313609139e-07, 1.95093079469e-07, 1.65570313015e-07, 1.03736304879e-07, 8.9313758167e-08, 5.59603741124e-08, 3.62236249885e-08, 3.21978887996e-08, 2.45593341219e-08, 2.46033238227e-08, 1.69071174838e-08, 1.45190428569e-08, 9.92844828573e-09, 8.03640620717e-09, 7.05761626918e-09, 6.05039307544e-09, 5.29088906021e-09, 4.21648715943e-09, 3.61643626157e-09, 2.93642332672e-09, 2.36661779063e-09, 2.1636763492e-09, 1.72359182482e-09, 1.43232614658e-09, 1.19183207747e-09, 1.01443742295e-09, 8.70245653317e-10, 8.78066175325e-10, 1.44815237579e-09, 1.52239121309e-09, 5.59072232953e-10, 5.78266712292e-10, 6.43539999068e-10, 2.85733076089e-10, 9.87266587926e-11, 2.61557372983e-11, 2.05251753094e-11, 1.94083377841e-11, 1.87110760913e-11, 1.70123689441e-11, 1.62509797286e-11, 1.5800446021e-11, 1.53901405509e-11, 1.50144913863e-11, 1.46952450208e-11, 1.44030846277e-11, 1.41460038128e-11, 1.39397460588e-11, 1.37448351312e-11, 1.36049791225e-11, 1.35285628186e-11],
        "min": [1.51134671184e-12, 2.38907027841e-12, 2.40518239006e-12, 2.26595044811e-12, 1.60248875801e-12, 7.59199506647e-13, 2.14001464661e-13, 4.14137514971e-14, 2.14573205124e-13, 3.53384232684e-13, 3.19674950573e-13, 1.51183861437e-13, 6.55576938222e-14, 8.57330157387e-14, 7.89991851232e-14, 7.41057673667e-14, 5.44283856267e-14, 6.2171588136e-14, 1.29292369454e-13, 7.65740891377e-14, 1.73763743872e-14, 9.12789639609e-15, 2.09002533704e-14, 7.63040211528e-14, 8.650780694e-14, 7.98611665079e-14, 1.11937355544e-13, 4.57684698517e-14, 3.02947804917e-14, 6.82779096391e-14, 9.16509300094e-14, 5.65423969039e-14, 5.2413856675e-14, 1.15998356753e-13, 8.82548022293e-14, 4.80217502861e-14, 3.24269148859e-14, 1.29308769706e-14, 8.54531492767e-14, 2.86831207386e-14, 5.63361104999e-15, 1.65836531925e-14, 3.21320152831e-14, 1.621913934e-14, 1.74577081849e-14, 6.31053098232e-14, 1.507849428e-14, 4.70616079472e-15, 3.4954616631e-15, 3.25000083235e-15, 1.28219290518e-14, 3.21261300982e-14, 2.08805344434e-14, 1.64791953954e-14, 1.21776359816e-14, 1.48988656969e-14, 1.07449415847e-14, 5.65763841009e-15, 1.93532523008e-15, 1.24893466473e-14, 2.27475373607e-14, 5.03637286227e-14, 6.54517537174e-14, 7.81122941936e-15, 1.60420738786e-14, 1.4417239375e-14, 2.11439447494e-14, 9.21922094736e-15, 1.13806550582e-14, 9.10825709017e-15, 4.59570939247e-15, 8.63153678306e-15, 9.23454207931e-15, 1.29896652923e-14, 4.46165728061e-14, 3.42634449459e-14, 1.57043093265e-14, 2.30282271388e-14, 1.47217138382e-14, 1.25768129635e-14, 1.44015133613e-14, 1.42963017049e-14, 1.54775636887e-14, 1.96367970034e-14, 1.56018522212e-14, 2.66518273109e-14, 3.26598929921e-14, 1.77199428091e-14, 1.28984017274e-14, 1.02960827323e-14, 9.87112545566e-15, 1.25043052491e-14, 1.39953093941e-14, 1.42425456059e-14, 1.30755357984e-14, 1.29723392334e-14, 1.61222506293e-14, 2.1168642536e-14, 1.27173314943e-14, 1.6293129362e-14, 1.73296656024e-14, 1.04787115061e-14, 1.53103068689e-14, 1.57921873007e-14, 1.7980190294e-14, 8.90064762074e-15, 1.6972073703e-14, 1.66884633554e-14, 2.93618211342e-14, 2.08782305138e-14, 1.04170364961e-14, 9.55939446118e-15, 1.24220575029e-14, 1.19522117152e-14, 1.30848734896e-14, 1.21938016054e-14, 1.19633976323e-14, 2.01680696205e-14, 1.33669041208e-14, 9.45255311334e-15, 8.07493957496e-15, 1.64686532234e-14, 1.17725475568e-14, 1.14548178749e-14, 1.03601124939e-14, 1.69847311281e-15, 2.67358167686e-16, 2.77350003251e-17],
        "stdev": [4.63463074993e-05, 4.58459544461e-05, 0.000144448786159, 0.000195433865883, 0.000438446382759, 0.000749560655095, 0.000954370771069, 0.000726812228095, 0.000760775059462, 0.000668991939165, 0.000852980592754, 0.0010085584363, 0.000913889321964, 0.00125422386918, 0.00164749787655, 0.00302284187637, 0.00321409502067, 0.00268688146025, 0.00184871221427, 0.000521302805282, 0.000152620152221, 0.0002073860378, 0.000233187602134, 0.000236656356719, 0.000643030100036, 0.00107472739182, 0.00101692473982, 0.000997862662189, 0.00158499332611, 0.00227562501095, 0.00180785148405, 0.0011085922597, 0.000210712503758, 0.000376016250812, 0.000206733428058, 0.000229322278756, 0.000138267088914, 9.49516834226e-05, 0.000269654381555, 0.000156405221787, 0.000285672431346, 9.28015433601e-05, 0.000267781753791, 0.000316270830808, 0.000145875979797, 0.000234891733271, 0.000254886283074, 0.000189826139831, 9.53557973844e-05, 2.77178587567e-05, 4.27222112194e-05, 8.6232474132e-05, 9.60709876381e-05, 0.000112964604341, 0.000103593032691, 7.33374836273e-05, 6.22642328381e-05, 8.41862565721e-05, 7.99936387921e-05, 4.96369466418e-05, 2.05048290809e-05, 2.31100166275e-05, 1.80544975592e-05, 8.8090346253e-06, 3.01129534819e-06, 3.56348687092e-06, 4.76252671433e-06, 4.50978268418e-06, 6.03801800025e-06, 3.97370877181e-06, 3.48066691913e-06, 3.65444384443e-06, 4.14103124058e-06, 1.90451476101e-06, 9.04309501948e-07, 7.20247953723e-07, 6.40326220491e-07, 7.80776247211e-07, 5.39377083442e-07, 4.88787236463e-07, 2.94122315836e-07, 2.51289918651e-07, 1.19017983025e-07, 9.78208092306e-08, 9.21233791473e-08, 5.84610582166e-08, 6.86915271331e-08, 4.65938043703e-08, 4.4623693185e-08, 2.65008530675e-08, 1.89554612007e-08, 1.675155481e-08, 1.28444108682e-08, 1.053223464e-08, 7.47500372711e-09, 6.34239150088e-09, 6.08852390727e-09, 4.03948607897e-09, 3.70759267732e-09, 2.98687141687e-09, 2.53356335911e-09, 2.15777307133e-09, 1.6316719087e-09, 1.42923717306e-09, 1.2503867941e-09, 1.31471478149e-09, 1.24556176484e-09, 9.25285736919e-10, 1.16126352978e-09, 1.4521980285e-09, 1.1392871091e-09, 6.82140177677e-10, 5.73793956793e-10, 5.52429546552e-10, 5.33754429544e-10, 5.16338583001e-10, 5.00474217624e-10, 4.85765261349e-10, 4.72293093523e-10, 4.60165128224e-10, 4.48925202567e-10, 4.39451863787e-10, 4.30558533271e-10, 4.22934687272e-10, 4.17381795792e-10, 4.12499340241e-10, 4.0880643315e-10, 4.06583988699e-10]
    },
    "mfcc": {
        "mean": [-785.090270996, 200.340393066, -24.9245567322, 29.6902523041, -2.83549642563, -8.76599407196, -8.91429042816, -0.298449039459, -0.909006178379, -1.7603648901, -5.30853462219, -0.646205365658, -6.24116802216],
        "cov": [[12240.7275391, 346.468658447, -4005.74780273, 88.6688690186, -628.063720703, -278.170135498, -290.836181641, -103.849403381, 10.8640117645, -341.66796875, -290.029449463, -75.1611251831, -134.467437744], [346.468658447, 1325.00085449, 14.4720153809, -295.876037598, 26.1482925415, -177.592056274, -17.3445568085, -18.8797683716, -31.2406768799, 59.3501319885, -2.18168926239, -56.7081108093, -85.5265045166], [-4005.74780273, 14.4720153809, 1809.23864746, 99.11769104, 151.913299561, 33.2274398804, -33.6160888672, -7.27186536789, -7.11561727524, 98.4561309814, 116.650642395, 57.4796257019, 30.6823558807], [88.6688690186, -295.876037598, 99.11769104, 362.913604736, 38.3341064453, -83.8808135986, -78.2048416138, -34.7754364014, -9.93639945984, -64.540435791, -33.362903595, 70.2676239014, 29.9683189392], [-628.063720703, 26.1482925415, 151.913299561, 38.3341064453, 169.163345337, 12.486369133, 4.54766893387, 33.524269104, -2.09491586685, -17.276266098, -9.44787216187, 13.6004972458, 14.9569921494], [-278.170135498, -177.592056274, 33.2274398804, -83.8808135986, 12.486369133, 277.923126221, 173.006027222, -8.38681221008, -23.8666725159, 45.0497894287, 21.9636669159, -80.5796432495, -20.6948719025], [-290.836181641, -17.3445568085, -33.6160888672, -78.2048416138, 4.54766893387, 173.006027222, 258.228637695, 30.4888839722, -24.943529129, 65.0377349854, 7.37935590744, -84.6094970703, -44.4403266907], [-103.849403381, -18.8797683716, -7.27186536789, -34.7754364014, 33.524269104, -8.38681221008, 30.4888839722, 157.333068848, 70.7017288208, -10.9807128906, -2.64019751549, -0.72642070055, -6.6348695755], [10.8640117645, -31.2406768799, -7.11561727524, -9.93639945984, -2.09491586685, -23.8666725159, -24.943529129, 70.7017288208, 112.380126953, 20.022983551, -10.5506820679, 9.49743175507, 1.07120335102], [-341.66796875, 59.3501319885, 98.4561309814, -64.540435791, -17.276266098, 45.0497894287, 65.0377349854, -10.9807128906, 20.022983551, 118.116256714, 37.999961853, -47.4579429626, -21.0218467712], [-290.029449463, -2.18168926239, 116.650642395, -33.362903595, -9.44787216187, 21.9636669159, 7.37935590744, -2.64019751549, -10.5506820679, 37.999961853, 92.4584579468, 21.7285881042, -16.8094520569], [-75.1611251831, -56.7081108093, 57.4796257019, 70.2676239014, 13.6004972458, -80.5796432495, -84.6094970703, -0.72642070055, 9.49743175507, -47.4579429626, 21.7285881042, 137.829879761, 58.5969772339], [-134.467437744, -85.5265045166, 30.6823558807, 29.9683189392, 14.9569921494, -20.6948719025, -44.4403266907, -6.6348695755, 1.07120335102, -21.0218467712, -16.8094520569, 58.5969772339, 97.5566177368]],
        "icov": [[0.000809797260445, -0.000807688280474, 0.00172486330848, -0.00157562387176, 0.00216910475865, -0.00164388632402, 0.00176361738704, -0.000766943150666, 0.000208505211049, 0.000292738870485, 0.000262760644546, -0.000109781387437, 0.000591581454501], [-0.000807688280474, 0.00237234216183, -0.00183941435535, 0.00334026082419, -0.00308490428142, 0.0036394209601, -0.00218527158722, 0.00147715676576, 0.000424249155913, -0.000829033844639, 0.000645559455734, -7.65445001889e-05, 0.000842846231535], [0.00172486330848, -0.00183941435535, 0.00442100036889, -0.0037864970509, 0.0040385145694, -0.00389554724097, 0.00420656334609, -0.00190083589405, 0.000711531145498, -0.000312781194225, -0.000138758899993, -0.000402365549235, 0.00102158519439], [-0.00157562387176, 0.00334026082419, -0.0037864970509, 0.00877924636006, -0.00588237913325, 0.00616101128981, -0.00428976118565, 0.00374157773331, -0.000259842287051, 0.00028423537151, 0.0018274578033, -0.00140223442577, 0.000980962766334], [0.00216910475865, -0.00308490428142, 0.0040385145694, -0.00588237913325, 0.0138168381527, -0.00668986607343, 0.00550998421386, -0.00529953977093, 0.00222245324403, 0.000825931783766, 0.00225167511962, -0.00121549703181, 0.000705867190845], [-0.00164388632402, 0.0036394209601, -0.00389554724097, 0.00616101128981, -0.00668986607343, 0.0143931219354, -0.0103979660198, 0.00631970819086, -0.00338301807642, 0.00355451763608, -0.00471857283264, 0.00537474593148, -0.00320881698281], [0.00176361738704, -0.00218527158722, 0.00420656334609, -0.00428976118565, 0.00550998421386, -0.0103979660198, 0.0150658609346, -0.00807604845613, 0.00745719578117, -0.0073050474748, 0.00563489738852, -0.00288964970969, 0.00482367584482], [-0.000766943150666, 0.00147715676576, -0.00190083589405, 0.00374157773331, -0.00529953977093, 0.00631970819086, -0.00807604845613, 0.0156553182751, -0.0120957652107, 0.00854609534144, -0.00583160622045, 0.00406887102872, -0.00224913423881], [0.000208505211049, 0.000424249155913, 0.000711531145498, -0.000259842287051, 0.00222245324403, -0.00338301807642, 0.00745719578117, -0.0120957652107, 0.0214007701725, -0.012827125378, 0.0101000294089, -0.00721310963854, 0.00510513084009], [0.000292738870485, -0.000829033844639, -0.000312781194225, 0.00028423537151, 0.000825931783766, 0.00355451763608, -0.0073050474748, 0.00854609534144, -0.012827125378, 0.0235909987241, -0.0134389055893, 0.0111245410517, -0.0062044961378], [0.000262760644546, 0.000645559455734, -0.000138758899993, 0.0018274578033, 0.00225167511962, -0.00471857283264, 0.00563489738852, -0.00583160622045, 0.0101000294089, -0.0134389055893, 0.0251739546657, -0.0139662893489, 0.0109541099519], [-0.000109781387437, -7.65445001889e-05, -0.000402365549235, -0.00140223442577, -0.00121549703181, 0.00537474593148, -0.00288964970969, 0.00406887102872, -0.00721310963854, 0.0111245410517, -0.0139662893489, 0.0212046485394, -0.0120408032089], [0.000591581454501, 0.000842846231535, 0.00102158519439, 0.000980962766334, 0.000705867190845, -0.00320881698281, 0.00482367584482, -0.00224913423881, 0.00510513084009, -0.0062044961378, 0.0109541099519, -0.0120408032089, 0.0201642867178]]
    },
    "spectral_contrast_coeffs": {
        "max": [-0.398329347372, -0.388041377068, -0.427803754807, -0.573348879814, -0.606612026691, -0.625338315964],
        "mean": [-0.716510236263, -0.69952082634, -0.705786645412, -0.772597193718, -0.773423850536, -0.781939327717],
        "min": [-0.970793426037, -0.949813008308, -0.968664288521, -0.961721718311, -0.96233355999, -0.959252417088],
        "stdev": [0.0783996656537, 0.100857287645, 0.104082450271, 0.0825086161494, 0.073729917407, 0.0521665140986]
    },
    "spectral_contrast_valleys": {
        "max": [-5.8322725296, -5.34966182709, -6.38914346695, -6.76312017441, -6.71792840958, -10.5057239532],
        "mean": [-7.40321016312, -7.32022476196, -8.42685508728, -8.83548641205, -9.24859333038, -12.7922763824],
        "min": [-26.784444809, -27.7227935791, -26.9311599731, -27.2364711761, -27.1558322906, -27.3381443024],
        "stdev": [0.897845983505, 1.15923261642, 1.19543659687, 1.27766013145, 1.22316837311, 0.755811154842]
    }
},
"rhythm": {
    "beats_count": 66,
    "beats_loudness": {
        "max": 0.0787398666143,
        "mean": 0.0233883485198,
        "min": 2.2650212486e-05,
        "stdev": 0.0214434601367
    },
    "bpm": 143.177185059,
    "bpm_histogram_first_peak_bpm": 144,
    "bpm_histogram_first_peak_weight": 0.486486494541,
    "bpm_histogram_second_peak_bpm": 136,
    "bpm_histogram_second_peak_spread": 0.0909090638161,
    "bpm_histogram_second_peak_weight": 0.153846159577,
    "danceability": 1.00075721741,
    "onset_rate": 2.48161745071,
    "beats_loudness_band_ratio": {
        "max": [0.87235224247, 0.940578758717, 0.885855972767, 0.885241866112, 0.480302393436, 0.0514070950449],
        "mean": [0.213810607791, 0.266186267138, 0.357460528612, 0.186700105667, 0.0685212761164, 0.00420355750248],
        "min": [0.00779773900285, 0.0115833794698, 0.0158195793629, 0.0013792758109, 0.000456043868326, 8.63911191118e-05],
        "stdev": [0.216500043869, 0.222270354629, 0.242139294744, 0.237681567669, 0.0884823054075, 0.00708276592195]
    },
    "beats_position": [0.510838985443, 1.02167797089, 1.53251695633, 2.04335594177, 2.55419492722, 3.01859402657, 3.49460315704, 3.97061228752, 4.446621418, 4.8994102478, 5.34058952332, 5.78176879883, 6.2229475975, 6.66412687302, 7.0936961174, 7.52326536179, 7.95283412933, 8.35918331146, 8.76553249359, 9.18349170685, 9.6014509201, 10.0194101334, 10.4489793777, 10.866938591, 11.2848978043, 11.6912469864, 12.0975961685, 12.5155553818, 12.933514595, 13.3514738083, 13.722992897, 14.1061220169, 14.512471199, 14.9304304123, 15.3367795944, 15.7315187454, 16.1262588501, 16.5326080322, 16.9505672455, 17.3685264587, 17.8445339203, 18.3205432892, 18.8081626892, 19.2841720581, 19.7137413025, 20.1317005157, 20.549659729, 20.9792289734, 21.4087982178, 21.826757431, 22.2447166443, 22.6626758575, 23.0806350708, 23.4753742218, 23.8933334351, 24.3229026794, 24.764081955, 25.1936511993, 25.6348285675, 26.0643978119, 26.4939670563, 26.9351463318, 27.3763256073, 27.8175048828, 28.2354640961, 28.6766433716],
