{
"metadata": {
    "version": {
        "essentia": "2.1-beta5",
        "essentia_git_sha": "Undefined",
        "extractor": "music 2.0"
    },
    "audio_properties": {
        "analysis": {
            "equal_loudness": 0,
            "length": 35.9909286499,
            "sample_rate": 44100,
            "start_time": 12.7477550507,
            "downmix": "mix"
        },
        "bit_rate": 192000,
        "length": 182.334701538,
        "lossless": 0,
        "number_channels": 2,
        "replay_gain": -11.6587772369,
        "sample_rate": 48000,
        "codec": "mp3",
        "md5_encoded": "2e802309110def8f7c2583c226e24092"
    },
    "tags": {
        "file_name": "Luxembourg_Frère Jacques_Anne Marie B..mp3",
        "encoding": ["Lavf58.29.100"]
    }
},
"lowlevel": {
    "average_loudness": 0.953274548054,
    "barkbands_crest": {
        "max": 23.8153648376,
        "mean": 9.71820259094,
        "min": 3.68507504463,
        "stdev": 3.59716653824
    },
    "barkbands_flatness_db": {
        "max": 0.36648824811,
        "mean": 0.248287022114,
        "min": 0.11926098913,
        "stdev": 0.0330301336944
    },
    "barkbands_kurtosis": {
        "max": 42.0223922729,
        "mean": 3.14702272415,
        "min": -1.61116027832,
        "stdev": 4.45206403732
    },
    "barkbands_skewness": {
        "max": 4.89592504501,
        "mean": 1.17928898335,
        "min": -1.49311447144,
        "stdev": 0.924522399902
    },
    "barkbands_spread": {
        "max": 29.2063503265,
        "mean": 9.01700115204,
        "min": 1.23959314823,
        "stdev": 4.27016639709
    },
    "dissonance": {
        "max": 0.499273985624,
        "mean": 0.439440369606,
        "min": 0.26219829917,
        "stdev": 0.0379704982042
    },
    "dynamic_complexity": 2.6294772625,
    "erbbands_crest": {
        "max": 30.5779819489,
        "mean": 11.9257221222,
        "min": 3.45127606392,
        "stdev": 5.40619182587
    },
    "erbbands_flatness_db": {
        "max": 0.385117411613,
        "mean": 0.285486727953,
        "min": 0.143052473664,
        "stdev": 0.0309972763062
    },
    "erbbands_kurtosis": {
        "max": 15.4697685242,
        "mean": 1.01584863663,
        "min": -1.72289562225,
        "stdev": 2.14380455017
    },
    "erbbands_skewness": {
        "max": 3.30168247223,
        "mean": 0.448551684618,
        "min": -1.70197951794,
        "stdev": 0.792397856712
    },
    "erbbands_spread": {
        "max": 61.0604438782,
        "mean": 18.4681797028,
        "min": 2.47398352623,
        "stdev": 7.667491436
    },
    "hfc": {
        "max": 64.229675293,
        "mean": 14.4151878357,
        "min": 0.421440243721,
        "stdev": 11.2444181442
    },
    "loudness_ebu128": {
        "integrated": -12.6574525833,
        "loudness_range": 3.95537281036,
        "momentary": {
            "max": -8.43995380402,
            "mean": -13.1773471832,
            "min": -19.893825531,
            "stdev": 2.22138476372
        },
        "short_term": {
            "max": -11.0818367004,
            "mean": -12.8340358734,
            "min": -15.5317544937,
            "stdev": 1.33648872375
        }
    },
    "melbands_crest": {
        "max": 28.4485855103,
        "mean": 12.7830696106,
        "min": 4.41704082489,
        "stdev": 4.20105552673
    },
    "melbands_flatness_db": {
        "max": 0.484410971403,
        "mean": 0.319162636995,
        "min": 0.205240771174,
        "stdev": 0.0432644672692
    },
    "melbands_kurtosis": {
        "max": 48.5817184448,
        "mean": 5.31785774231,
        "min": -1.5797188282,
        "stdev": 6.26777601242
    },
    "melbands_skewness": {
        "max": 5.67468452454,
        "mean": 1.56201612949,
        "min": -1.67097580433,
        "stdev": 0.994394779205
    },
    "melbands_spread": {
        "max": 48.180973053,
        "mean": 12.6842136383,
        "min": 1.5839805603,
        "stdev": 6.53395175934
    },
    "pitch_salience": {
        "max": 0.821572721004,
        "mean": 0.581444203854,
        "min": 0.219877645373,
        "stdev": 0.0967238470912
    },
    "silence_rate_20dB": {
        "max": 1,
        "mean": 1,
        "min": 1,
        "stdev": 0
    },
    "silence_rate_30dB": {
        "max": 1,
        "mean": 0.999355256557,
        "min": 0,
        "stdev": 0.0253836512566
    },
    "silence_rate_60dB": {
        "max": 1,
        "mean": 0.0225660856813,
        "min": 0,
        "stdev": 0.14851282537
    },
    "spectral_centroid": {
        "max": 1749.09570312,
        "mean": 667.947753906,
        "min": 206.75340271,
        "stdev": 230.787902832
    },
    "spectral_complexity": {
        "max": 29,
        "mean": 14.5415859222,
        "min": 2,
        "stdev": 4.32520055771
    },
    "spectral_decrease": {
        "max": -2.7613225595e-10,
        "mean": -6.65848354231e-09,
        "min": -3.09152099476e-08,
        "stdev": 4.40335190532e-09
    },
    "spectral_energy": {
        "max": 0.122481919825,
        "mean": 0.0264381188899,
        "min": 0.00112311542034,
        "stdev": 0.0175076574087
    },
    "spectral_energyband_high": {
        "max": 0.000266225077212,
        "mean": 1.84343916771e-05,
        "min": 4.04825499345e-07,
        "stdev": 2.64771933871e-05
    },
    "spectral_energyband_low": {
        "max": 0.0290259923786,
        "mean": 0.00301993638277,
        "min": 3.71178030036e-05,
        "stdev": 0.00277275568806
    },
    "spectral_energyband_middle_high": {
        "max": 0.0497226193547,
        "mean": 0.00553531898186,
        "min": 2.62297944573e-05,
        "stdev": 0.00706543726847
    },
    "spectral_energyband_middle_low": {
        "max": 0.112789496779,
        "mean": 0.0190228428692,
        "min": 0.000633182004094,
        "stdev": 0.0152656286955
    },
    "spectral_entropy": {
        "max": 7.77228736877,
        "mean": 6.68014144897,
        "min": 5.56601476669,
        "stdev": 0.29039683938
    },
    "spectral_flux": {
        "max": 0.26916500926,
        "mean": 0.0819656923413,
        "min": 0.0192487481982,
        "stdev": 0.0313682593405
    },
    "spectral_kurtosis": {
        "max": 70.0336914062,
        "mean": 17.9550495148,
        "min": 0.770576000214,
        "stdev": 10.7334527969
    },
    "spectral_rms": {
        "max": 0.01093135681,
        "mean": 0.00480012455955,
        "min": 0.00104676757473,
        "stdev": 0.00165895721875
    },
    "spectral_rolloff": {
        "max": 2347.11914062,
        "mean": 825.842895508,
        "min": 172.265625,
        "stdev": 364.926116943
    },
    "spectral_skewness": {
        "max": 6.45681858063,
        "mean": 2.65172386169,
        "min": 0.963320553303,
        "stdev": 0.872509539127
    },
    "spectral_spread": {
        "max": 17439038,
        "mean": 1755320,
        "min": 950135.8125,
        "stdev": 491629.3125
    },
    "spectral_strongpeak": {
        "max": 9.58488845825,
        "mean": 1.42281377316,
        "min": 0.0273900330067,
        "stdev": 1.57425713539
    },
    "zerocrossingrate": {
        "max": 0.06982421875,
        "mean": 0.0308432560414,
        "min": 0.0078125,
        "stdev": 0.00979307014495
    },
    "barkbands": {
        "max": [0.00107997166924, 0.0044223703444, 0.0110121974722, 0.051710601896, 0.0346818566322, 0.0680348277092, 0.1017793715, 0.0786974579096, 0.0674279108644, 0.0189767591655, 0.0421181544662, 0.0239521116018, 0.0158225856721, 0.0087953871116, 0.00562018761411, 0.00663498230278, 0.00478723878041, 0.00147459923755, 0.00109235220589, 0.000247729039984, 0.000139159412356, 2.64207465079e-05, 1.29715563162e-05, 1.25619071696e-05, 1.21104239952e-05, 1.18302214105e-05, 1.25875349113e-05],
        "mean": [1.83373231266e-05, 0.000481627153931, 0.0014396951301, 0.002875065431, 0.00398855097592, 0.00497609097511, 0.00202596443705, 0.00208062725142, 0.00293328450061, 0.000735782436095, 0.00242570415139, 0.000885090092197, 0.000483017938677, 0.000200488837436, 0.000379765988328, 0.000227041658945, 9.91958368104e-05, 0.000105394472484, 4.64511176688e-05, 2.24961058848e-05, 6.54972564007e-06, 1.30464081849e-06, 3.48534229033e-07, 1.5413108656e-07, 9.75509806267e-08, 2.4321419545e-08, 9.95646765034e-09],
        "min": [1.64846412076e-08, 3.04663672068e-06, 1.12244140382e-06, 1.2947900359e-05, 6.0168094933e-05, 1.22446917885e-05, 1.29666286739e-05, 9.98888754111e-06, 7.435718544e-06, 4.19457592216e-06, 3.25904534293e-06, 1.32277000375e-06, 2.17740739572e-06, 7.28463135147e-07, 1.22751794152e-06, 6.94931941325e-07, 3.92835033836e-07, 4.0336479401e-07, 3.07766384822e-07, 9.21885927596e-08, 7.83715563557e-08, 5.20792937664e-08, 3.31777734175e-08, 2.8346081038e-08, 1.38309816933e-08, 2.0193080541e-10, 1.19556109804e-11],
        "stdev": [6.17845580564e-05, 0.000469495920697, 0.0015798038803, 0.00391892297193, 0.00438885716721, 0.00658689858392, 0.00520536350086, 0.00449674436823, 0.00614496925846, 0.0016158381477, 0.00540547585115, 0.00196339888498, 0.00106499507092, 0.000415981427068, 0.000614659336861, 0.000532352016307, 0.000232251069974, 0.000147604630911, 7.81521812314e-05, 2.73404020845e-05, 9.53503422352e-06, 2.41800921685e-06, 6.56710483327e-07, 3.49219618556e-07, 3.11404846798e-07, 3.03490566012e-07, 3.2232611602e-07]
    },
    "erbbands": {
        "max": [0.0549823306501, 1.29867839813, 9.74799633026, 93.5044937134, 145.337493896, 107.489387512, 588.668273926, 493.652160645, 736.966308594, 1319.14794922, 1341.92993164, 1656.77380371, 572.737365723, 960.344604492, 2076.67211914, 852.691833496, 785.148132324, 421.520355225, 335.495056152, 200.833084106, 454.221466064, 121.374145508, 95.0763168335, 67.0703430176, 26.7421569824, 10.3603878021, 8.37342357635, 2.5574259758, 1.33649587631, 0.471154123545, 0.360648274422, 0.279390960932, 0.197461441159, 0.136728063226, 0.0857390612364, 0.0470884293318, 0.0218745339662, 0.00779840815812, 0.00179272110108, 0.000203676449019],
        "mean": [0.0066664791666, 0.156321823597, 1.40393769741, 5.51300382614, 9.55518627167, 12.0238695145, 38.0497360229, 40.5767211914, 26.752866745, 38.8417778015, 50.9654159546, 69.0771331787, 26.3192844391, 44.1754798889, 102.161346436, 31.5011138916, 23.5325489044, 10.5754022598, 19.2393264771, 14.0338306427, 12.3699607849, 5.97482919693, 5.91898488998, 3.74466443062, 1.68223369122, 0.934366762638, 0.458836138248, 0.157919809222, 0.0565995573997, 0.0205545574427, 0.00878134928644, 0.00425003189594, 0.00207551638596, 0.000933387957048, 0.000734168512281, 0.000254960730672, 3.81126083084e-05, 8.53504388942e-06, 1.4373533304e-05, 3.01904055959e-05],
        "min": [6.16249235463e-05, 0.00183648674283, 0.00291714584455, 0.0323586910963, 0.0608858987689, 0.192028924823, 0.122375480831, 0.146491199732, 0.252836972475, 0.353409975767, 0.361613750458, 0.195431441069, 0.206741318107, 0.0875690951943, 0.172743439674, 0.180978268385, 0.122149594128, 0.0534704253078, 0.0528033860028, 0.069135569036, 0.0375851988792, 0.031078029424, 0.0259454157203, 0.016825126484, 0.01215999946, 0.00485512008891, 0.00417678570375, 0.00266708876006, 0.0016877282178, 0.00118451681919, 0.000883653527126, 0.000734940636903, 0.000415514368797, 0.000199424335733, 8.76312042237e-05, 1.47607352119e-05, 1.92444554159e-06, 1.59916012876e-07, 6.2031114112e-07, 1.32836089506e-06],
        "stdev": [0.00535062607378, 0.14385047555, 1.48587429523, 6.82683563232, 12.0757026672, 13.7889080048, 52.2289772034, 56.0298042297, 67.9791259766, 65.1674346924, 113.968612671, 133.820144653, 47.85389328, 75.6984786987, 261.856262207, 58.4949264526, 49.289276123, 16.6430511475, 25.0882854462, 21.8568000793, 33.4772071838, 9.93999004364, 8.27274417877, 5.77226877213, 2.06250691414, 1.18048143387, 0.623912334442, 0.258247762918, 0.104694657028, 0.038334749639, 0.0161743350327, 0.00845829211175, 0.00532076088712, 0.00354742468335, 0.00220575858839, 0.00121165765449, 0.00056075619068, 0.000199629561394, 4.63675787614e-05, 2.04059688258e-05]
    },
    "gfcc": {
        "mean": [-89.0012512207, 201.895324707, -152.491943359, 1.30860197544, -41.4321212769, -21.6716651917, -27.7513828278, -8.84974479675, -22.1411914825, -13.9824151993, -5.81766176224, -16.8796520233, 3.49554467201],
        "cov": [[1738.88208008, -136.862380981, -616.085144043, 11.7167310715, -58.3306655884, -190.419418335, 152.745407104, -104.919624329, 96.0431518555, -87.9585571289, -25.6760807037, 32.4462280273, -27.5157299042], [-136.862380981, 231.470428467, 168.55178833, -33.2973327637, 44.5246505737, -17.5087680817, 1.95460307598, -25.3359622955, -4.40348052979, -5.76107120514, 16.455329895, -66.3566513062, -9.04358959198], [-616.085144043, 168.55178833, 515.750854492, 60.9760971069, 12.5274448395, 42.3326263428, -76.4315567017, 19.9274196625, -19.418466568, 21.311674118, -18.2015323639, -46.1306495667, -10.9687671661], [11.7167310715, -33.2973327637, 60.9760971069, 238.072021484, 46.0969161987, -26.8230342865, -26.9379062653, 27.4928913116, 31.9401187897, -5.91515350342, -41.9832115173, -33.1934623718, -15.7094326019], [-58.3306655884, 44.5246505737, 12.5274448395, 46.0969161987, 138.889846802, 64.7961425781, -9.91947937012, -7.02751874924, -28.0670318604, 6.58157205582, -5.27799320221, -18.9447803497, -11.8933458328], [-190.419418335, -17.5087680817, 42.3326263428, -26.8230342865, 64.7961425781, 196.428039551, 42.91847229, -10.3275566101, -61.9723472595, 17.3101558685, 8.42697811127, 10.3799352646, -20.0432491302], [152.745407104, 1.95460307598, -76.4315567017, -26.9379062653, -9.91947937012, 42.91847229, 123.800643921, 2.35442399979, -39.73695755, -20.5314369202, 18.2411804199, -3.3089838028, -21.7515087128], [-104.919624329, -25.3359622955, 19.9274196625, 27.4928913116, -7.02751874924, -10.3275566101, 2.35442399979, 91.1947250366, 28.1993103027, -5.37859869003, -15.1514425278, 0.193180680275, -10.271771431], [96.0431518555, -4.40348052979, -19.418466568, 31.9401187897, -28.0670318604, -61.9723472595, -39.73695755, 28.1993103027, 123.983253479, 14.2543897629, -16.8408412933, -10.5981969833, 3.32791996002], [-87.9585571289, -5.76107120514, 21.311674118, -5.91515350342, 6.58157205582, 17.3101558685, -20.5314369202, -5.37859869003, 14.2543897629, 69.4007034302, 19.9767017365, -1.59301960468, 4.49748706818], [-25.6760807037, 16.455329895, -18.2015323639, -41.9832115173, -5.27799320221, 8.42697811127, 18.2411804199, -15.1514425278, -16.8408412933, 19.9767017365, 64.8900375366, 26.9931468964, 7.91213083267], [32.4462280273, -66.3566513062, -46.1306495667, -33.1934623718, -18.9447803497, 10.3799352646, -3.3089838028, 0.193180680275, -10.5981969833, -1.59301960468, 26.9931468964, 91.2289886475, 38.8522834778], [-27.5157299042, -9.04358959198, -10.9687671661, -15.7094326019, -11.8933458328, -20.0432491302, -21.7515087128, -10.271771431, 3.32791996002, 4.49748706818, 7.91213083267, 38.8522834778, 61.4673347473]],
        "icov": [[0.00241739163175, -0.000205595541047, 0.00180869083852, -0.000432859582361, -0.000902352272533, 0.00281458767131, -0.0038326238282, 0.004542008508, -0.00253885099664, 0.000338290206855, 0.00325761479326, -0.00360048259608, 0.00337913888507], [-0.000205595541047, 0.0203696079552, -0.00912375375628, 0.00773401046172, -0.0124851642177, 0.00692437728867, -0.00748498225585, 0.00486284727231, -0.00630205823109, 0.00775028532371, -0.0109064653516, 0.0150785883889, -0.00709341652691], [0.00180869083852, -0.00912375375628, 0.00812108349055, -0.00450729206204, 0.00627411482856, -0.00264940829948, 0.00344245461747, -0.000133624489536, 0.0023835725151, -0.00294348155148, 0.00596248824149, -0.00669152941555, 0.00485887145624], [-0.000432859582361, 0.00773401046172, -0.00450729206204, 0.00879048835486, -0.0074075772427, 0.00392978824675, -0.00302304467186, 0.000545933900867, -0.00310892285779, 0.00242799613625, -0.00148043071385, 0.00562335224822, -0.00211716769263], [-0.000902352272533, -0.0124851642177, 0.00627411482856, -0.0074075772427, 0.019512206316, -0.0104075595737, 0.0103891929612, -0.00541040394455, 0.00741074606776, -0.00389433815144, 0.00288857985288, -0.0035193269141, 0.00187599845231], [0.00281458767131, 0.00692437728867, -0.00264940829948, 0.00392978824675, -0.0104075595737, 0.0157030262053, -0.0118645848706, 0.00809466652572, -0.00327836535871, -0.00151878595352, 0.0042191571556, -0.00427612429485, 0.00551950233057], [-0.0038326238282, -0.00748498225585, 0.00344245461747, -0.00302304467186, 0.0103891929612, -0.0118645848706, 0.0241536628455, -0.0119118504226, 0.010112398304, 0.00168824766297, -0.00758420303464, 0.00486147869378, -0.00104474381078], [0.004542008508, 0.00486284727231, -0.000133624489536, 0.000545933900867, -0.00541040394455, 0.00809466652572, -0.0119118504226, 0.0235259551555, -0.0100322691724, 0.00244703632779, 0.00682673649862, -0.00708036357537, 0.00813388731331], [-0.00253885099664, -0.00630205823109, 0.0023835725151, -0.00310892285779, 0.00741074606776, -0.00327836535871, 0.010112398304, -0.0100322691724, 0.0175693612546, -0.00633171200752, 0.00144916540012, 0.000756429275498, -0.00131864426658], [0.000338290206855, 0.00775028532371, -0.00294348155148, 0.00242799613625, -0.00389433815144, -0.00151878595352, 0.00168824766297, 0.00244703632779, -0.00633171200752, 0.023830158636, -0.0137175610289, 0.0101649053395, -0.00491553824395], [0.00325761479326, -0.0109064653516, 0.00596248824149, -0.00148043071385, 0.00288857985288, 0.0042191571556, -0.00758420303464, 0.00682673649862, 0.00144916540012, -0.0137175610289, 0.0361164174974, -0.0223765317351, 0.0113509912044], [-0.00360048259608, 0.0150785883889, -0.00669152941555, 0.00562335224822, -0.0035193269141, -0.00427612429485, 0.00486147869378, -0.00708036357537, 0.000756429275498, 0.0101649053395, -0.0223765317351, 0.0384584926069, -0.022901577875], [0.00337913888507, -0.00709341652691, 0.00485887145624, -0.00211716769263, 0.00187599845231, 0.00551950233057, -0.00104474381078, 0.00813388731331, -0.00131864426658, -0.00491553824395, 0.0113509912044, -0.022901577875, 0.0336617007852]]
    },
    "melbands": {
        "max": [0.000725414021872, 0.00346822873689, 0.0172345042229, 0.00866125989705, 0.0163554511964, 0.00965554453433, 0.0157118141651, 0.0116946687922, 0.0112662455067, 0.00892797298729, 0.00297974608839, 0.00354658882134, 0.00558547955006, 0.00292183202691, 0.00327348290011, 0.00194278534036, 0.000744346179999, 0.000746301957406, 0.000584791589063, 0.000247070856858, 0.000555701903068, 0.000201038841624, 9.51430847635e-05, 8.70001094881e-05, 6.84303595335e-05, 4.28864987043e-05, 1.0978274986e-05, 9.02677129488e-06, 5.32393960384e-06, 3.6052199448e-06, 1.18827801998e-06, 9.69004986473e-07, 2.91923981877e-07, 2.47940135978e-07, 2.11129730587e-07, 1.85063044e-07, 1.64069234643e-07, 1.38593065913e-07, 1.2640452951e-07, 1.11795330326e-07],
        "mean": [9.50188623392e-05, 0.000573165540118, 0.0011460876558, 0.00068634969648, 0.00121929880697, 0.000894930271897, 0.000407269195421, 0.000444166420493, 0.00044989224989, 0.000417648319853, 0.000118385643873, 0.000159922608873, 0.000323261279846, 0.000154025270604, 5.93550867052e-05, 4.4331070967e-05, 1.57809408847e-05, 2.97263304674e-05, 2.8878390367e-05, 1.45483636516e-05, 1.37295337481e-05, 6.49468029223e-06, 4.77304502056e-06, 4.69059023089e-06, 2.9668674415e-06, 1.43836075495e-06, 9.35832360938e-07, 5.62395314319e-07, 3.36072872642e-07, 1.57486667263e-07, 6.6097072704e-08, 3.49680142619e-08, 1.61107358565e-08, 9.14185527279e-09, 5.24267296242e-09, 3.30158567152e-09, 2.31226460201e-09, 1.54600976465e-09, 9.96716265078e-10, 6.76998068716e-10],
        "min": [6.85853478899e-07, 1.95353027266e-06, 1.35412474265e-05, 9.36752257985e-06, 4.17075170844e-06, 2.26816473514e-06, 2.55035547525e-06, 2.91950959763e-06, 2.11518295146e-06, 1.04218884189e-06, 7.94866821252e-07, 2.24194565135e-07, 4.81729216517e-07, 1.66417805758e-07, 1.78169969445e-07, 2.18409425656e-07, 7.51783630903e-08, 7.51399156229e-08, 9.27581140786e-08, 5.73345744215e-08, 3.06442053954e-08, 2.34117010223e-08, 2.47572629064e-08, 1.4581109653e-08, 1.15105391885e-08, 8.08080624637e-09, 5.30656940612e-09, 2.77212452993e-09, 2.27683361054e-09, 1.70423852808e-09, 1.16334075706e-09, 8.8024304512e-10, 6.53236298387e-10, 5.79612136065e-10, 4.11828959823e-10, 3.15696552233e-10, 3.95910776385e-10, 2.8193783419e-10, 1.5566627154e-10, 9.85876727477e-11],
        "stdev": [8.38757769088e-05, 0.000539134780411, 0.00138612894807, 0.000714761379641, 0.00155220855959, 0.00119529326912, 0.00102289870847, 0.000766142155044, 0.00108884728979, 0.000792679085862, 0.000248163123615, 0.00029571421328, 0.00074746098835, 0.00036225511576, 0.000184309305041, 9.72777270363e-05, 2.90900934488e-05, 4.29152059951e-05, 5.99909290031e-05, 2.58561740338e-05, 4.34943030996e-05, 1.31760598379e-05, 6.92241110301e-06, 7.24345864e-06, 5.07894719703e-06, 2.55673353422e-06, 1.11750557608e-06, 9.07951573481e-07, 4.97492521845e-07, 2.5226586331e-07, 1.15939819523e-07, 6.93583146472e-08, 3.03277865044e-08, 1.7903092342e-08, 9.81659464827e-09, 6.4217000606e-09, 4.74344608037e-09, 3.78512021726e-09, 3.3081859474e-09, 2.89531643105e-09]
    },
    "melbands128": {
        "max": [0.000428374187322, 0.000484363816213, 0.000773689127527, 0.00290849269368, 0.00444829836488, 0.00625905301422, 0.0188604407012, 0.0267015565187, 0.0156423002481, 0.00586566887796, 0.00636535789818, 0.0158233903348, 0.0265708193183, 0.0254671908915, 0.0181358531117, 0.0102349454537, 0.0199924223125, 0.0158517435193, 0.0428332127631, 0.0108120804653, 0.0235517919064, 0.0248504001647, 0.0191742237657, 0.0222702436149, 0.0168191473931, 0.0141893550754, 0.00690203160048, 0.00406194198877, 0.00556105654687, 0.00227317772806, 0.00588649744168, 0.00884284544736, 0.00666220113635, 0.0160553939641, 0.00686126668006, 0.00271765235811, 0.00282364641316, 0.00705842580646, 0.00244260206819, 0.00350493262522, 0.00214633974247, 0.00210538459942, 0.000677838688716, 0.000418794807047, 0.00192398717627, 0.000799187051598, 0.000493892293889, 0.0014269266976, 0.000739834620617, 0.000549993244931, 0.000461417919723, 0.000400211109081, 0.00150362402201, 0.00126612407621, 0.000630910915788, 0.000176115732756, 9.86860904959e-05, 0.000198319481569, 0.000234003033256, 0.000236437976127, 0.000111454784928, 0.000230901452596, 0.000125013495563, 0.000131912631332, 0.000179947674042, 4.49242179457e-05, 2.10950074688e-05, 1.42449434861e-05, 2.00971062441e-05, 6.56198153592e-06, 1.22624178402e-05, 2.71290373348e-05, 1.13586938824e-05, 8.55136477185e-06, 8.82204130903e-06, 3.61017077921e-06, 6.02077125222e-06, 2.04770458367e-06, 1.24492885334e-06, 1.23080485537e-06, 1.53484052134e-06, 1.20656227409e-06, 5.27897441316e-07, 4.52667165973e-07, 3.46249663608e-07, 3.31074147653e-07, 2.41067056095e-07, 2.20758224145e-07, 2.15491226641e-07, 2.02580991981e-07, 1.79573476089e-07, 1.88086403341e-07, 1.79679275902e-07, 1.65780804195e-07, 1.53671763314e-07, 1.42701878758e-07, 1.33236753186e-07, 1.35784972599e-07, 1.30056648118e-07, 1.19681686783e-07, 1.14442762822e-07, 1.12276602238e-07, 1.05993827049e-07, 1.04563611103e-07, 9.4969351494e-08, 9.33506640877e-08, 8.78393819903e-08, 8.50351042914e-08, 8.08614046832e-08, 7.76832749239e-08, 7.47636335063e-08, 7.19819013284e-08, 6.93642334681e-08, 6.69694628641e-08, 6.4655147014e-08, 6.2524719624e-08, 6.06183618856e-08, 5.88368180843e-08, 5.71935210303e-08, 5.56968693388e-08, 5.43917053619e-08, 5.32133128672e-08, 5.21854346403e-08, 5.12807361019e-08, 5.053118457e-08, 4.99520851349e-08, 4.95289711466e-08, 4.92627698634e-08],
        "mean": [1.00852757896e-05, 3.00755746139e-05, 0.000102043159131, 0.000269326788839, 0.000607010326348, 0.000716649868991, 0.000989389955066, 0.00163928733673, 0.000906535249669, 0.000429686449934, 0.000572414137423, 0.00113759201486, 0.00141278898809, 0.00129619636573, 0.00114202033728, 0.000486981967697, 0.000379125558538, 0.000392934540287, 0.00046645256225, 0.000391619512811, 0.000502947485074, 0.000389592983993, 0.000393948197598, 0.000608169299085, 0.000477294204757, 0.000410265376559, 9.18273653951e-05, 8.49827119964e-05, 0.000140751799336, 9.4413793704e-05, 0.000203672592761, 0.000223522467422, 0.000266212853603, 0.000544041744433, 0.000175872206455, 5.34606151632e-05, 4.67887512059e-05, 7.97012980911e-05, 4.4350992539e-05, 5.73257711949e-05, 5.04853996972e-05, 1.56561418407e-05, 1.14539325295e-05, 1.47279952216e-05, 2.78552470263e-05, 3.54045478161e-05, 2.44151087827e-05, 4.89521080453e-05, 1.69634113263e-05, 8.50790365803e-06, 1.80546867341e-05, 1.43575534821e-05, 1.86996967386e-05, 1.1688770428e-05, 7.70681890572e-06, 7.14475299901e-06, 4.12490362578e-06, 2.17979686568e-06, 6.39752124698e-06, 7.46956447983e-06, 3.61296770279e-06, 3.56629266207e-06, 3.7874717691e-06, 2.39628366216e-06, 2.55389659287e-06, 1.27885812162e-06, 8.51207062169e-07, 1.17889237572e-06, 1.03791103356e-06, 4.45205898814e-07, 5.11257383096e-07, 7.56011900194e-07, 3.75641690198e-07, 2.80292908883e-07, 2.26575991746e-07, 1.7050194856e-07, 1.35638117627e-07, 7.95506878148e-08, 6.07636110317e-08, 4.15718517388e-08, 4.29530402357e-08, 2.94009669943e-08, 2.10355182162e-08, 1.47503946835e-08, 1.27485160206e-08, 9.75440883622e-09, 8.65898108771e-09, 5.94387561392e-09, 5.38444222542e-09, 4.3537258243e-09, 3.71173047853e-09, 3.05288261337e-09, 2.49187026569e-09, 2.30410424074e-09, 2.268741639e-09, 1.79952319712e-09, 1.36588063082e-09, 1.18080023537e-09, 1.09743669707e-09, 8.45397252203e-10, 7.3417288915e-10, 6.51954656927e-10, 6.00281879759e-10, 5.33835864402e-10, 6.12381534371e-10, 1.21430210331e-09, 1.3685781397e-09, 4.05011801874e-10, 2.84106793647e-10, 2.29812183172e-10, 1.43768205674e-10, 9.3894607367e-11, 5.89905208015e-11, 5.36735100809e-11, 5.16440709641e-11, 4.99644527141e-11, 4.80153868054e-11, 4.65391059024e-11, 4.52338895507e-11, 4.40502946619e-11, 4.30207050539e-11, 4.20880170993e-11, 4.12802431127e-11, 4.05687289318e-11, 3.99658223182e-11, 3.94704061102e-11, 3.91205783046e-11, 3.89095908271e-11],
        "min": [3.03354474873e-09, 1.74378875784e-08, 4.76588724041e-07, 2.58711054357e-07, 8.10323967926e-07, 3.82334889082e-07, 6.92963965321e-07, 3.60044691661e-06, 3.47343393514e-06, 2.44968077823e-06, 3.25232781506e-06, 2.08497368703e-07, 7.30541046323e-07, 2.59044827544e-06, 1.39835935897e-06, 5.8371040268e-07, 8.11676159174e-07, 1.24930943457e-06, 1.25802807815e-06, 1.50006246713e-06, 1.00125294011e-06, 7.80799382483e-07, 3.70500657709e-07, 6.23322307547e-07, 1.87735821555e-07, 6.2559985281e-07, 2.94366515163e-07, 4.31766352449e-07, 1.81491230933e-07, 1.86827463722e-07, 1.22866737229e-07, 1.42766893418e-07, 1.68601431483e-07, 2.66888321221e-07, 1.3951678568e-07, 1.85120416774e-08, 6.32867624972e-08, 6.25037444024e-08, 7.92015271145e-08, 1.29214612343e-07, 3.67941019874e-08, 9.30854540115e-08, 5.00625212396e-08, 9.68154623138e-09, 5.18140588213e-08, 9.2738218882e-08, 6.72401156976e-08, 7.79679609764e-08, 3.05344158846e-08, 2.00774117332e-08, 2.97371407498e-08, 1.29430519635e-08, 1.39549616307e-08, 1.13211946484e-08, 2.0629613573e-08, 8.41450376043e-09, 5.07043518283e-09, 6.44112763126e-09, 1.13332703222e-08, 7.43977146556e-09, 6.49688391974e-09, 5.87525406104e-09, 8.11900058295e-09, 6.27894491956e-09, 6.94626001163e-09, 3.68114028149e-09, 4.16013401505e-09, 3.41542105708e-09, 1.82482373656e-09, 2.76686051848e-09, 1.58181689969e-09, 9.03785990491e-10, 1.62500979339e-09, 1.00008745729e-09, 1.05060560252e-09, 8.69056882014e-10, 1.08034237112e-09, 1.25796439931e-09, 6.51389553408e-10, 5.19348064554e-10, 4.32142044371e-10, 4.32286595409e-10, 5.28853461024e-10, 2.87558948875e-10, 2.96732333149e-10, 3.12310205475e-10, 3.02075864322e-10, 2.50211934505e-10, 3.24251986372e-10, 2.44871956046e-10, 2.08826844705e-10, 2.19664730849e-10, 1.41924777486e-10, 1.75930631174e-10, 2.40670927631e-10, 1.9350648861e-10, 1.64475461029e-10, 8.88000228905e-11, 1.05234029824e-10, 6.15893377964e-11, 3.28214400103e-11, 3.14541934165e-11, 1.77394418599e-11, 3.3559779955e-11, 5.1463375228e-11, 4.50961559761e-11, 1.51404635357e-11, 3.41232879626e-12, 2.13706483065e-12, 4.14705738554e-14, 3.66323250488e-14, 4.00221170224e-14, 4.17640368903e-14, 3.01380760083e-14, 3.75060361458e-14, 3.80099462105e-14, 3.45389712111e-14, 3.44025006507e-14, 4.04945377903e-14, 3.67861089626e-14, 4.27519381929e-14, 2.7495155336e-14, 3.60055714898e-14, 4.38133212978e-14, 2.88806284931e-14, 1.09482464327e-14, 1.56090479778e-15, 5.91468085468e-17],
        "stdev": [2.8836346246e-05, 3.4314354707e-05, 0.000110324959678, 0.000297730090097, 0.000711575034074, 0.000776840490289, 0.00133543717675, 0.00226876907982, 0.00125645496882, 0.000594464421738, 0.00077186326962, 0.00167292822152, 0.00225962325931, 0.00224221427925, 0.00187625153922, 0.000908597721718, 0.00147769984324, 0.00120603805408, 0.00166514806915, 0.000635244417936, 0.00119038287085, 0.00130714045372, 0.00137399672531, 0.002151674591, 0.00106972118374, 0.000962929741945, 0.000323610263877, 0.000262503570411, 0.000443572411314, 0.000220539892325, 0.000459034636151, 0.000689553504344, 0.000753931119107, 0.00183137145359, 0.000494369887747, 0.000155790170538, 0.000159473580425, 0.000344106636476, 0.000154066641699, 0.000162620926858, 0.000117446754302, 5.9742898884e-05, 2.92580352834e-05, 3.21216430166e-05, 7.6472220826e-05, 6.17934492766e-05, 4.06424587709e-05, 0.000139321942697, 4.37102971773e-05, 2.51477540587e-05, 4.09163621953e-05, 3.49027977791e-05, 8.96907731658e-05, 6.43296880298e-05, 2.81665361399e-05, 1.56365113071e-05, 9.39179517445e-06, 6.47103342999e-06, 1.15381762953e-05, 1.33490511871e-05, 9.35591833695e-06, 9.64286209637e-06, 9.55776613409e-06, 6.43612747808e-06, 7.62366107665e-06, 3.05686376123e-06, 1.68822987234e-06, 1.60822594353e-06, 1.5050585489e-06, 6.74735304074e-07, 9.60796455729e-07, 1.91232925317e-06, 7.32168871309e-07, 5.28919940734e-07, 4.28086565307e-07, 2.67572090706e-07, 3.75733321789e-07, 1.53246674017e-07, 1.23732633028e-07, 8.18050125417e-08, 1.02683969772e-07, 6.98284807754e-08, 4.49760051424e-08, 3.15832373587e-08, 2.71885429726e-08, 2.24494680623e-08, 1.87315336575e-08, 1.15958185276e-08, 1.06236219821e-08, 8.75328254324e-09, 7.18015913392e-09, 6.38452890556e-09, 5.50549428269e-09, 4.79422235244e-09, 4.66197969118e-09, 4.04979649815e-09, 3.63822216798e-09, 3.62049856761e-09, 3.42264150355e-09, 3.13522163786e-09, 2.97668312221e-09, 2.91499957505e-09, 2.74672573575e-09, 2.69700062283e-09, 2.45158404688e-09, 2.48682452408e-09, 2.41659114941e-09, 2.18815654485e-09, 2.10073802798e-09, 2.01346117557e-09, 1.97112748346e-09, 1.85745785419e-09, 1.77617176522e-09, 1.71464409338e-09, 1.65543956321e-09, 1.6009699122e-09, 1.55217505515e-09, 1.50662893272e-09, 1.46450862548e-09, 1.42618850063e-09, 1.39278999445e-09, 1.36261946171e-09, 1.33631306021e-09, 1.31316957308e-09, 1.29399835291e-09, 1.27913268866e-09, 1.26830212999e-09, 1.26149402035e-09]
    },
    "mfcc": {
        "mean": [-727.84387207, 234.244155884, -45.9212112427, 26.6948413849, -7.4181137085, -7.8229060173, -1.78579235077, -6.2634510994, -6.61600255966, -3.45682764053, -10.8280944824, -4.48965740204, -6.24565029144],
        "cov": [[2252.75024414, -321.386016846, -623.101745605, 92.3653945923, -279.261779785, -35.7793731689, -125.425201416, 34.9070014954, 18.5529823303, -38.8620910645, 16.1379051208, -37.685874939, 1.99372720718], [-321.386016846, 328.982086182, 117.286552429, -55.1563186646, 42.3210525513, -5.98709106445, 52.3402786255, -44.8706893921, -23.2136306763, 16.4986553192, -0.516523301601, 10.6488599777, -20.7727127075], [-623.101745605, 117.286552429, 398.485839844, 48.4734992981, 72.0030136108, 7.10584163666, -11.8847856522, -11.9007711411, 9.52057743073, 14.4839315414, 2.12089729309, 14.1042337418, -10.0156240463], [92.3653945923, -55.1563186646, 48.4734992981, 209.516357422, 53.2964630127, -42.3161087036, -46.9403762817, -8.7420129776, 36.9103736877, 9.73700618744, -3.87029361725, 7.61543607712, -18.0804347992], [-279.261779785, 42.3210525513, 72.0030136108, 53.2964630127, 174.887664795, 38.4653816223, -15.1947917938, -10.832192421, 18.7661190033, 16.8529644012, -4.87742233276, 8.84635353088, 0.567462801933], [-35.7793731689, -5.98709106445, 7.10584163666, -42.3161087036, 38.4653816223, 147.346038818, 76.3294906616, -3.46515274048, -12.4052820206, -3.77879118919, 4.76347208023, -0.810255467892, 8.70276165009], [-125.425201416, 52.3402786255, -11.8847856522, -46.9403762817, -15.1947917938, 76.3294906616, 174.633224487, 28.2704582214, -37.4860839844, -10.1997594833, -1.45568454266, 3.83442234993, -0.171702578664], [34.9070014954, -44.8706893921, -11.9007711411, -8.7420129776, -10.832192421, -3.46515274048, 28.2704582214, 93.1361312866, 14.8733062744, -11.2194042206, 0.395558834076, -8.03816986084, 7.20442438126], [18.5529823303, -23.2136306763, 9.52057743073, 36.9103736877, 18.7661190033, -12.4052820206, -37.4860839844, 14.8733062744, 62.3614311218, 23.491104126, -0.810579061508, 1.38070547581, -3.73878526688], [-38.8620910645, 16.4986553192, 14.4839315414, 9.73700618744, 16.8529644012, -3.77879118919, -10.1997594833, -11.2194042206, 23.491104126, 69.5078430176, 32.9071350098, -1.91415405273, -13.1031856537], [16.1379051208, -0.516523301601, 2.12089729309, -3.87029361725, -4.87742233276, 4.76347208023, -1.45568454266, 0.395558834076, -0.810579061508, 32.9071350098, 60.2457046509, 11.4514570236, -9.60998916626], [-37.685874939, 10.6488599777, 14.1042337418, 7.61543607712, 8.84635353088, -0.810255467892, 3.83442234993, -8.03816986084, 1.38070547581, -1.91415405273, 11.4514570236, 59.4815483093, 23.3662719727], [1.99372720718, -20.7727127075, -10.0156240463, -18.0804347992, 0.567462801933, 8.70276165009, -0.171702578664, 7.20442438126, -3.73878526688, -13.1031856537, -9.60998916626, 23.3662719727, 66.3910980225]],
        "icov": [[0.00177891517524, -0.000885321584065, 0.00282466458157, -0.00270791514777, 0.00343971676193, -0.0029965264257, 0.00313795404509, -0.00185046193656, 0.00108464143705, -0.000202902723686, -2.28914777836e-05, -5.71413220314e-05, -3.16081059282e-05], [-0.000885321584065, 0.00590352434665, -0.00291927112266, 0.00404827017337, -0.00392683548853, 0.00481141917408, -0.00494111608714, 0.00444695865735, -0.00127758923918, 5.18973547514e-06, 0.0001240321144, -0.00048168914509, 0.00155987148173], [0.00282466458157, -0.00291927112266, 0.00768439332023, -0.00539600895718, 0.00512041384354, -0.00577284255996, 0.00606753537431, -0.00400127237663, 0.00233906693757, -0.000805352116004, 0.00028842111351, -0.000783610157669, 0.000144689242006], [-0.00270791514777, 0.00404827017337, -0.00539600895718, 0.0120032541454, -0.00839300546795, 0.00847977772355, -0.00676953326911, 0.00571042345837, -0.00578539073467, 0.00200104317628, -0.00046932202531, -0.000780245522037, 0.00240161083639], [0.00343971676193, -0.00392683548853, 0.00512041384354, -0.00839300546795, 0.0156587585807, -0.0109901688993, 0.00941665004939, -0.00587332760915, 0.00330946291797, -0.00368165550753, 0.00306877796538, -0.00178769615013, -0.00034356105607], [-0.0029965264257, 0.00481141917408, -0.00577284255996, 0.00847977772355, -0.0109901688993, 0.0190263893455, -0.0138013642281, 0.00925327464938, -0.00690089026466, 0.00474379956722, -0.00483213039115, 0.00350384437479, -0.00179106090218], [0.00313795404509, -0.00494111608714, 0.00606753537431, -0.00676953326911, 0.00941665004939, -0.0138013642281, 0.0190595816821, -0.0116911120713, 0.0113612450659, -0.00551716517657, 0.00525458715856, -0.00447864364833, 0.00236589973792], [-0.00185046193656, 0.00444695865735, -0.00400127237663, 0.00571042345837, -0.00587332760915, 0.00925327464938, -0.0116911120713, 0.0206615123898, -0.0126044871286, 0.00870280433446, -0.00715155201033, 0.00599009497091, -0.00317218690179], [0.00108464143705, -0.00127758923918, 0.00233906693757, -0.00578539073467, 0.00330946291797, -0.00690089026466, 0.0113612450659, -0.0126044871286, 0.0324059464037, -0.0163025148213, 0.0115485871211, -0.00669886497781, 0.00325516960584], [-0.000202902723686, 5.18973547514e-06, -0.000805352116004, 0.00200104317628, -0.00368165550753, 0.00474379956722, -0.00551716517657, 0.00870280433446, -0.0163025148213, 0.0304172430187, -0.019160239026, 0.00757324649021, -0.0014714631252], [-2.28914777836e-05, 0.0001240321144, 0.00028842111351, -0.00046932202531, 0.00306877796538, -0.00483213039115, 0.00525458715856, -0.00715155201033, 0.0115485871211, -0.019160239026, 0.0312428381294, -0.0114298379049, 0.00676589738578], [-5.71413220314e-05, -0.00048168914509, -0.000783610157669, -0.000780245522037, -0.00178769615013, 0.00350384437479, -0.00447864364833, 0.00599009497091, -0.00669886497781, 0.00757324649021, -0.0114298379049, 0.0255213882774, -0.0111045418307], [-3.16081059282e-05, 0.00155987148173, 0.000144689242006, 0.00240161083639, -0.00034356105607, -0.00179106090218, 0.00236589973792, -0.00317218690179, 0.00325516960584, -0.0014714631252, 0.00676589738578, -0.0111045418307, 0.0215956773609]]
    },
    "spectral_contrast_coeffs": {
        "max": [-0.404181271791, -0.475224107504, -0.492565482855, -0.630038440228, -0.661234557629, -0.631517291069],
        "mean": [-0.656340539455, -0.737599015236, -0.735661566257, -0.786907732487, -0.785715997219, -0.76682060957],
        "min": [-0.85645699501, -0.924597740173, -0.886874258518, -0.8907558918, -0.880168914795, -0.94592165947],
        "stdev": [0.0687413811684, 0.0724311769009, 0.0746114701033, 0.0442897118628, 0.0365093909204, 0.0342983342707]
    },
    "spectral_contrast_valleys": {
        "max": [-5.29975700378, -4.82157468796, -5.52757024765, -6.20420789719, -7.32740402222, -9.14716529846],
        "mean": [-6.63317537308, -6.26955699921, -7.1873755455, -7.7513718605, -8.56355571747, -12.8476886749],
        "min": [-8.65104961395, -7.93653106689, -9.06080245972, -9.55605697632, -10.4882850647, -13.6025981903],
        "stdev": [0.507102966309, 0.559929430485, 0.546376168728, 0.557458400726, 0.596152305603, 0.36843842268]
    }
},
"rhythm": {
    "beats_count": 74,
    "beats_loudness": {
        "max": 0.0816290974617,
        "mean": 0.0359925143421,
        "min": 0.00789160933346,
        "stdev": 0.0161704160273
    },
    "bpm": 125.204483032,
    "bpm_histogram_first_peak_bpm": 126,
    "bpm_histogram_first_peak_weight": 0.560606062412,
    "bpm_histogram_second_peak_bpm": 120,
    "bpm_histogram_second_peak_spread": 0,
    "bpm_histogram_second_peak_weight": 0.0958904102445,
    "danceability": 1.10175716877,
    "onset_rate": 3.22199487686,
    "beats_loudness_band_ratio": {
        "max": [0.741374433041, 0.898687243462, 0.831843793392, 0.547981619835, 0.17082080245, 0.012083299458],
        "mean": [0.296238571405, 0.332790791988, 0.229903534055, 0.146408259869, 0.0354800075293, 0.00251468666829],
        "min": [0.0134240780026, 0.0598852783442, 0.0106231076643, 0.00421169260517, 0.000986748957075, 0.000160540497745],
        "stdev": [0.213093310595, 0.191378071904, 0.17265817523, 0.147506549954, 0.0345274619758, 0.00238776323386]
    },
