{
"metadata": {
    "version": {
        "essentia": "2.1-beta5",
        "essentia_git_sha": "Undefined",
        "extractor": "music 2.0"
    },
    "audio_properties": {
        "analysis": {
            "equal_loudness": 0,
            "length": 29.0017242432,
            "sample_rate": 44100,
            "start_time": 0,
            "downmix": "mix"
        },
        "bit_rate": 192000,
        "length": 200.64364624,
        "lossless": 0,
        "number_channels": 2,
        "replay_gain": -0.287340164185,
        "sample_rate": 48000,
        "codec": "mp3",
        "md5_encoded": "c8ac07c84849215f24977412f92915cc"
    },
    "tags": {
        "file_name": "North MacedoniaNorth MacedoniaN_Pred Da Se Razdeni_Esma _ Lozano.mp3",
        "encoding": ["Lavf58.29.100"]
    }
},
"lowlevel": {
    "average_loudness": 0.661818802357,
    "barkbands_crest": {
        "max": 24.9644966125,
        "mean": 10.3535909653,
        "min": 2.69679689407,
        "stdev": 4.31169033051
    },
    "barkbands_flatness_db": {
        "max": 0.356728971004,
        "mean": 0.168661847711,
        "min": 0.0262020602822,
        "stdev": 0.0602062605321
    },
    "barkbands_kurtosis": {
        "max": 111.933578491,
        "mean": 4.95246219635,
        "min": -1.86259019375,
        "stdev": 8.28761577606
    },
    "barkbands_skewness": {
        "max": 9.76628398895,
        "mean": 1.4562805891,
        "min": -1.92338562012,
        "stdev": 1.1987169981
    },
    "barkbands_spread": {
        "max": 93.4302825928,
        "mean": 14.9673652649,
        "min": 1.3645195961,
        "stdev": 11.3452768326
    },
    "dissonance": {
        "max": 0.499999821186,
        "mean": 0.451900780201,
        "min": 0.289721906185,
        "stdev": 0.0429548434913
    },
    "dynamic_complexity": 7.18275356293,
    "erbbands_crest": {
        "max": 31.0517177582,
        "mean": 10.3279800415,
        "min": 3.07902598381,
        "stdev": 5.12877750397
    },
    "erbbands_flatness_db": {
        "max": 0.382546424866,
        "mean": 0.19832277298,
        "min": 0.0656774267554,
        "stdev": 0.0542382374406
    },
    "erbbands_kurtosis": {
        "max": 32.4392814636,
        "mean": 1.68755781651,
        "min": -1.54589056969,
        "stdev": 3.2531478405
    },
    "erbbands_skewness": {
        "max": 4.29137420654,
        "mean": 0.732965946198,
        "min": -2.83531117439,
        "stdev": 0.795996785164
    },
    "erbbands_spread": {
        "max": 97.2979888916,
        "mean": 25.9271640778,
        "min": 2.29033541679,
        "stdev": 13.6107578278
    },
    "hfc": {
        "max": 132.363433838,
        "mean": 10.2432937622,
        "min": 1.12877913422e-16,
        "stdev": 15.4620819092
    },
    "loudness_ebu128": {
        "integrated": -24.2375240326,
        "loudness_range": 13.7815189362,
        "momentary": {
            "max": -19.3047561646,
            "mean": -28.6479282379,
            "min": -52.3687133789,
            "stdev": 7.62519216537
        },
        "short_term": {
            "max": -21.7467079163,
            "mean": -27.1329078674,
            "min": -43.553894043,
            "stdev": 5.61257982254
        }
    },
    "melbands_crest": {
        "max": 37.792755127,
        "mean": 14.94394207,
        "min": 1.71595144272,
        "stdev": 6.60638427734
    },
    "melbands_flatness_db": {
        "max": 0.410954773426,
        "mean": 0.223091840744,
        "min": 0.00471925642341,
        "stdev": 0.0725292861462
    },
    "melbands_kurtosis": {
        "max": 157.218338013,
        "mean": 8.95428371429,
        "min": -1.50683116913,
        "stdev": 13.3720264435
    },
    "melbands_skewness": {
        "max": 11.6974945068,
        "mean": 1.91728925705,
        "min": -1.38084745407,
        "stdev": 1.467476964
    },
    "melbands_spread": {
        "max": 162.594390869,
        "mean": 18.5745487213,
        "min": 1.9086586237,
        "stdev": 16.3849506378
    },
    "pitch_salience": {
        "max": 0.831618845463,
        "mean": 0.548467159271,
        "min": 0.0951658412814,
        "stdev": 0.132809638977
    },
    "silence_rate_20dB": {
        "max": 1,
        "mean": 1,
        "min": 1,
        "stdev": 0
    },
    "silence_rate_30dB": {
        "max": 1,
        "mean": 0.997600018978,
        "min": 0,
        "stdev": 0.0489306487143
    },
    "silence_rate_60dB": {
        "max": 1,
        "mean": 0.277599990368,
        "min": 0,
        "stdev": 0.447811990976
    },
    "spectral_centroid": {
        "max": 11018.4023438,
        "mean": 1069.25915527,
        "min": 257.262481689,
        "stdev": 650.512023926
    },
    "spectral_complexity": {
        "max": 41,
        "mean": 9.4608001709,
        "min": 0,
        "stdev": 6.3639292717
    },
    "spectral_decrease": {
        "max": 5.61407314897e-29,
        "mean": -4.32496571889e-09,
        "min": -5.20666034731e-08,
        "stdev": 5.10781861252e-09
    },
    "spectral_energy": {
        "max": 0.197054803371,
        "mean": 0.0172525197268,
        "min": 1.00264791558e-20,
        "stdev": 0.0202364474535
    },
    "spectral_energyband_high": {
        "max": 0.0201996397227,
        "mean": 0.000241775924223,
        "min": 7.45551860923e-21,
        "stdev": 0.00134211732075
    },
    "spectral_energyband_low": {
        "max": 0.102300047874,
        "mean": 0.00383837195113,
        "min": 4.28851577794e-23,
        "stdev": 0.00783769786358
    },
    "spectral_energyband_middle_high": {
        "max": 0.0353292003274,
        "mean": 0.00249554985203,
        "min": 1.39437952988e-21,
        "stdev": 0.00425080070272
    },
    "spectral_energyband_middle_low": {
        "max": 0.122880853713,
        "mean": 0.0108889592811,
        "min": 2.64810104566e-22,
        "stdev": 0.015164126642
    },
    "spectral_entropy": {
        "max": 9.81044769287,
        "mean": 7.3464922905,
        "min": 5.90803289413,
        "stdev": 0.520612478256
    },
    "spectral_flux": {
        "max": 0.274154663086,
        "mean": 0.0601889230311,
        "min": 1.00132305225e-10,
        "stdev": 0.0488320402801
    },
    "spectral_kurtosis": {
        "max": 32.7959022522,
        "mean": 6.41427516937,
        "min": -1.1585149765,
        "stdev": 4.50282907486
    },
    "spectral_rms": {
        "max": 0.0138653730974,
        "mean": 0.00340059003793,
        "min": 3.12760798163e-12,
        "stdev": 0.00229514902458
    },
    "spectral_rolloff": {
        "max": 18841.5527344,
        "mean": 1100.41235352,
        "min": 21.533203125,
        "stdev": 1192.12719727
    },
    "spectral_skewness": {
        "max": 4.26298713684,
        "mean": 1.83341383934,
        "min": 0.0292475093156,
        "stdev": 0.567718744278
    },
    "spectral_spread": {
        "max": 40066056,
        "mean": 3658518,
        "min": 1749305.25,
        "stdev": 1587167
    },
    "spectral_strongpeak": {
        "max": 13.2747335434,
        "mean": 0.904243826866,
        "min": 0,
        "stdev": 1.29853832722
    },
    "zerocrossingrate": {
        "max": 0.57421875,
        "mean": 0.0451921857893,
        "min": 0.0068359375,
        "stdev": 0.0353485271335
    },
    "barkbands": {
        "max": [0.171927213669, 0.0330765508115, 0.045144405216, 0.0470537766814, 0.0452080592513, 0.0304233599454, 0.0475202836096, 0.0989863276482, 0.0925706773996, 0.0175539366901, 0.0253879670054, 0.0170116499066, 0.0266344640404, 0.0113553022966, 0.0184705965221, 0.0194342918694, 0.00376693718135, 0.0036670381669, 0.00422975514084, 0.00418425304815, 0.0061946301721, 0.00528853479773, 0.00329626817256, 0.00409868918359, 0.000698809162714, 0.000741072173696, 4.08320265706e-05],
        "mean": [0.00118376803584, 0.00143897370435, 0.00110201048665, 0.00115364359226, 0.00253970269114, 0.000887085334398, 0.00143872050103, 0.00326571590267, 0.00143623584881, 0.000488410936669, 0.000328585214447, 0.000482467323309, 0.000261862936895, 0.000225052455789, 0.000194133623154, 0.000267486582743, 5.65464870306e-05, 6.07492438576e-05, 0.00016076832253, 6.37769408058e-05, 6.32884839433e-05, 5.39185057278e-05, 4.22837474616e-05, 4.11090986745e-05, 1.18530178952e-05, 4.23257324655e-06, 1.45757326209e-07],
        "min": [3.47142974508e-24, 3.34594942742e-23, 5.79044178157e-24, 4.67061901673e-24, 3.83936835523e-23, 5.43157806951e-23, 3.73438800814e-23, 2.75931617069e-23, 9.29834703496e-23, 4.40465408922e-23, 2.29640770057e-23, 6.2576429172e-23, 7.18543611178e-23, 6.66859716587e-23, 1.39805842373e-22, 1.47315154481e-22, 2.31427429567e-22, 2.11113642791e-22, 1.92271832598e-22, 3.69591936387e-22, 5.06817559889e-22, 4.41769629501e-22, 4.72275802096e-22, 8.21029567463e-22, 1.05829338128e-21, 1.89439890106e-21, 2.32387567952e-21],
        "stdev": [0.00724560301751, 0.00349829369225, 0.00292799319141, 0.00312630040571, 0.0041597080417, 0.00229927944019, 0.00491031492129, 0.0087467385456, 0.00437336182222, 0.00129695911892, 0.00139653484803, 0.00158744526561, 0.0011627067579, 0.000724052544683, 0.000899954349734, 0.00146546261385, 0.000148996536154, 0.000177360736416, 0.000464145734441, 0.000291023170575, 0.000377212156309, 0.000303032109514, 0.000225964613492, 0.000267512077698, 5.49744436285e-05, 2.70817708952e-05, 1.66083839304e-06]
    },
    "erbbands": {
        "max": [2.170140028, 5.7618470192, 34.7120895386, 86.480255127, 149.564208984, 223.488479614, 203.707275391, 280.668762207, 642.235229492, 1132.46691895, 2726.73779297, 2509.98681641, 667.518188477, 266.03994751, 1225.46386719, 840.882873535, 1334.52636719, 403.872619629, 473.578765869, 1850.82458496, 522.473937988, 139.664932251, 200.018844604, 150.119766235, 271.597869873, 166.817626953, 239.970306396, 261.973297119, 225.527633667, 101.179832458, 92.1055526733, 115.324630737, 42.6066741943, 14.3564662933, 3.85351538658, 3.90102934837, 1.04761517048, 0.115794539452, 0.00728007173166, 0.000211935155676],
        "mean": [0.0634939819574, 0.259033352137, 1.00981366634, 3.01500225067, 5.80321025848, 9.5499753952, 9.74708938599, 5.0390958786, 14.5659980774, 37.0516700745, 78.8207015991, 33.4151382446, 14.9798488617, 14.0607185364, 16.2868175507, 20.1225948334, 12.5649738312, 13.6189937592, 8.69976329803, 17.0050697327, 8.299451828, 3.33513402939, 3.77979326248, 3.69981980324, 9.36656188965, 2.86789059639, 2.39535808563, 2.6682446003, 2.1072678566, 1.36008024216, 1.17276263237, 1.02638030052, 0.538845658302, 0.182011589408, 0.0618002675474, 0.0276261046529, 0.00527429115027, 0.000539493688848, 3.7814515963e-05, 2.10826910916e-05],
        "min": [1.27153674657e-21, 6.53280307879e-21, 7.66711528733e-21, 1.04049789095e-20, 2.97147412901e-20, 1.14377313526e-19, 3.8785459777e-19, 5.48709638952e-19, 3.51745475695e-19, 8.15959804146e-19, 8.36620190908e-19, 2.04273782554e-18, 1.32575876369e-18, 1.52469363305e-18, 1.7549331527e-18, 1.93541569056e-18, 2.6886997095e-18, 3.68500277496e-18, 6.44713420256e-18, 8.66941530237e-18, 8.61729878788e-18, 1.09470141056e-17, 1.12454013137e-17, 9.21353140059e-18, 1.45428856881e-17, 1.67369359407e-17, 2.07139045206e-17, 1.66219148222e-17, 1.49956198353e-17, 1.76478288856e-17, 1.36076422003e-17, 1.34531223803e-17, 1.63861666933e-17, 1.32111637793e-17, 6.87659479607e-18, 5.83873955331e-18, 3.41951522825e-18, 1.44893298793e-18, 3.00901061585e-19, 3.5199294487e-20],
        "stdev": [0.187428683043, 0.622878193855, 2.28850436211, 8.09046363831, 11.0596895218, 17.776632309, 21.5584487915, 14.4702510834, 53.1412887573, 104.529647827, 206.515853882, 102.397941589, 44.8354873657, 25.7664680481, 65.6338043213, 70.2470245361, 52.3103981018, 39.3708190918, 25.7896366119, 98.0584945679, 36.7940330505, 7.40852642059, 10.8777666092, 9.5465297699, 26.8986358643, 12.558131218, 14.8000431061, 15.8664798737, 12.2736272812, 7.02689218521, 6.44374322891, 7.04819774628, 3.23454427719, 0.923904597759, 0.274782329798, 0.155126646161, 0.0378110334277, 0.00452323723584, 0.000310179544613, 2.46232611971e-05]
    },
    "gfcc": {
        "mean": [-96.9353103638, 120.655502319, -136.665374756, 21.6617221832, -68.8572769165, 11.1471204758, -33.2103385925, 4.83654117584, -20.7237815857, -5.73042964935, -14.1975841522, -14.1878938675, -7.41918516159],
        "cov": [[9716.51074219, 333.20892334, 639.235961914, 571.335144043, -325.868438721, 84.0677032471, -274.745178223, -25.8756809235, -85.464881897, -159.85874939, 59.7510566711, -215.920028687, -230.309921265], [333.20892334, 1739.71276855, 89.299041748, -58.4736862183, 91.2162704468, -326.933227539, 133.881851196, -232.701843262, 164.935882568, -273.721374512, 174.202255249, -296.920776367, 43.0165214539], [639.235961914, 89.299041748, 621.618652344, 181.546325684, 192.346328735, 94.6517791748, 10.7340927124, 46.6101799011, -28.2348041534, 20.6536388397, -48.1459197998, 52.3477935791, -10.6569261551], [571.335144043, -58.4736862183, 181.546325684, 480.33895874, 173.582290649, 181.058410645, 11.1485929489, 25.5589237213, 40.7847557068, 16.0914478302, 9.33672332764, 20.6992454529, 90.1240539551], [-325.868438721, 91.2162704468, 192.346328735, 173.582290649, 409.624084473, 158.059173584, 105.130119324, 100.286476135, 69.1827774048, 64.177772522, -8.80383396149, 58.2999267578, 106.71182251], [84.0677032471, -326.933227539, 94.6517791748, 181.058410645, 158.059173584, 326.274780273, 99.3185424805, 131.287887573, 4.88189935684, 79.1036148071, -17.800994873, 113.711807251, 57.0110282898], [-274.745178223, 133.881851196, 10.7340927124, 11.1485929489, 105.130119324, 99.3185424805, 249.764465332, 76.3251876831, 45.0529670715, -6.62886333466, 41.3851547241, 40.3429908752, 25.2367763519], [-25.8756809235, -232.701843262, 46.6101799011, 25.5589237213, 100.286476135, 131.287887573, 76.3251876831, 168.184112549, 21.2585716248, 75.9359207153, -23.074754715, 79.0272827148, 26.2345428467], [-85.464881897, 164.935882568, -28.2348041534, 40.7847557068, 69.1827774048, 4.88189935684, 45.0529670715, 21.2585716248, 113.32723999, 4.68132305145, 31.7141628265, -25.6295871735, 38.9311180115], [-159.85874939, -273.721374512, 20.6536388397, 16.0914478302, 64.177772522, 79.1036148071, -6.62886333466, 75.9359207153, 4.68132305145, 140.566116333, -14.6840629578, 85.6123809814, 22.1420135498], [59.7510566711, 174.202255249, -48.1459197998, 9.33672332764, -8.80383396149, -17.800994873, 41.3851547241, -23.074754715, 31.7141628265, -14.6840629578, 115.273918152, 10.5935564041, 26.3379917145], [-215.920028687, -296.920776367, 52.3477935791, 20.6992454529, 58.2999267578, 113.711807251, 40.3429908752, 79.0272827148, -25.6295871735, 85.6123809814, 10.5935564041, 197.713058472, 51.7103233337], [-230.309921265, 43.0165214539, -10.6569261551, 90.1240539551, 106.71182251, 57.0110282898, 25.2367763519, 26.2345428467, 38.9311180115, 22.1420135498, 26.3379917145, 51.7103233337, 131.101821899]],
        "icov": [[0.000163850229001, -0.000156324982527, -0.000109874679765, -0.000271570519544, 0.000289662741125, -0.000181656825589, 0.000332490832079, -0.000447645463282, 0.000150407882757, 4.26211081503e-05, -0.000209418183658, 5.10617610416e-05, 0.000355752097676], [-0.000156324982527, 0.00284944078885, -0.00122040545102, 0.00121109106112, -0.0012718209764, 0.00162544078194, -0.00195718859322, 0.00250167865306, -0.00204122671857, 0.00220098858699, -0.00235757511109, 0.00264757871628, -0.00227302615531], [-0.000109874679765, -0.00122040545102, 0.00318221678026, -0.00123668962624, -0.0011874132324, -0.000143869867316, 0.000823267037049, -0.000978489173576, 0.0016060823109, -0.000452417851193, 0.00186354946345, -0.0023706308566, 0.00254277256317], [-0.000271570519544, 0.00121109106112, -0.00123668962624, 0.00459892908111, -0.00111062952783, -0.00178013846744, -0.000143242825288, 0.00255999574438, -0.00181947625242, 0.00109612382948, -0.00120132428128, 0.00188778771553, -0.00309110898525], [0.000289662741125, -0.0012718209764, -0.0011874132324, -0.00111062952783, 0.00616964930668, -0.00149877474178, -0.000339076825185, -0.00192210427485, -0.000663073791657, -0.00232393341139, 0.00170403916854, 0.000100652519905, -0.00211971346289], [-0.000181656825589, 0.00162544078194, -0.000143869867316, -0.00178013846744, -0.00149877474178, 0.00829049665481, -0.00309172598645, -0.00147289549932, 0.000501181639265, 0.000228993725614, -0.000107857551484, -0.000365149317076, -0.00115760485642], [0.000332490832079, -0.00195718859322, 0.000823267037049, -0.000143242825288, -0.000339076825185, -0.00309172598645, 0.00860734842718, -0.00462652184069, -0.000214888234041, 0.00213135778904, -0.00156919588335, -0.00253814435564, 0.0033012542408], [-0.000447645463282, 0.00250167865306, -0.000978489173576, 0.00255999574438, -0.00192210427485, -0.00147289549932, -0.00462652184069, 0.0156883168966, -0.00462146755308, -0.00220476440154, 0.00173118850216, 0.000174735090695, -0.0021623284556], [0.000150407882757, -0.00204122671857, 0.0016060823109, -0.00181947625242, -0.000663073791657, 0.000501181639265, -0.000214888234041, -0.00462146755308, 0.0159689988941, -0.00346344918944, -0.00179124600254, 0.00265253195539, -0.00124023633543], [4.26211081503e-05, 0.00220098858699, -0.000452417851193, 0.00109612382948, -0.00232393341139, 0.000228993725614, 0.00213135778904, -0.00220476440154, -0.00346344918944, 0.0150546375662, -0.00193013402168, -0.00257984735072, 0.000276530277915], [-0.000209418183658, -0.00235757511109, 0.00186354946345, -0.00120132428128, 0.00170403916854, -0.000107857551484, -0.00156919588335, 0.00173118850216, -0.00179124600254, -0.00193013402168, 0.0149939516559, -0.00511247199029, -0.000139332667459], [5.10617610416e-05, 0.00264757871628, -0.0023706308566, 0.00188778771553, 0.000100652519905, -0.000365149317076, -0.00253814435564, 0.000174735090695, 0.00265253195539, -0.00257984735072, -0.00511247199029, 0.0135600650683, -0.00641232309863], [0.000355752097676, -0.00227302615531, 0.00254277256317, -0.00309110898525, -0.00211971346289, -0.00115760485642, 0.0033012542408, -0.0021623284556, -0.00124023633543, 0.000276530277915, -0.000139332667459, -0.00641232309863, 0.0162348281592]]
    },
    "melbands": {
        "max": [0.0222465898842, 0.0123181166127, 0.0162262264639, 0.0116487015039, 0.00546040292829, 0.00700140325353, 0.00939407944679, 0.0167052559555, 0.020824490115, 0.0174394045025, 0.00333414273337, 0.00131853017956, 0.00346432765946, 0.00200366880745, 0.00100404035766, 0.00336149474606, 0.00092630047584, 0.000629098154604, 0.00149463058915, 0.00210179295391, 0.00048690661788, 8.42234003358e-05, 0.000295524805551, 8.97567369975e-05, 0.000130940126837, 0.00027408049209, 0.000158126917086, 0.000118450239825, 0.000153887594934, 0.00013932280126, 0.00017743272474, 0.000157272297656, 6.64728504489e-05, 6.16912002442e-05, 5.92796131968e-05, 6.28672132734e-05, 7.0281974331e-05, 3.63853105227e-05, 2.24306513701e-05, 9.45324973145e-06],
        "mean": [0.000547359872144, 0.000479488517158, 0.000584478257224, 0.00057865731651, 0.000346554676071, 0.000125639824546, 0.000250365555985, 0.000454370107036, 0.000640108482912, 0.000173302847543, 7.020146586e-05, 5.67085262446e-05, 4.67720456072e-05, 6.05101049587e-05, 3.225117689e-05, 2.85409387288e-05, 2.473400491e-05, 1.30321604956e-05, 1.675540625e-05, 2.50891152973e-05, 6.30114300293e-06, 2.9242050914e-06, 4.27265240432e-06, 2.53285361396e-06, 2.44222542278e-06, 8.21442426968e-06, 4.11988230553e-06, 1.39533869969e-06, 1.43292811572e-06, 1.55002601332e-06, 1.56391911332e-06, 1.33652849854e-06, 7.70936424033e-07, 7.72400767346e-07, 7.11853488156e-07, 5.93573417973e-07, 6.33045033283e-07, 4.16502302869e-07, 2.34604144111e-07, 1.21840642464e-07],
        "min": [1.06094928662e-23, 5.06238548607e-24, 2.17317808196e-24, 5.23644803923e-24, 1.21084981912e-23, 1.11826003139e-23, 5.9787590513e-24, 8.28974008935e-24, 8.74724076019e-24, 1.29017775064e-23, 6.42466386127e-24, 6.21792156181e-24, 4.69293194744e-24, 7.32118613625e-24, 3.09813563713e-24, 8.73539916915e-24, 5.86602412263e-24, 9.75699849609e-24, 1.07743774172e-23, 1.09285800026e-23, 1.09561901343e-23, 1.03846548865e-23, 1.53399351497e-23, 7.94013902426e-24, 6.95443917939e-24, 8.86424224307e-24, 1.2610395165e-23, 1.06833405022e-23, 1.13312785064e-23, 1.34244593873e-23, 8.70570013379e-24, 7.68977192788e-24, 9.97526210907e-24, 9.3585038321e-24, 8.15042646463e-24, 6.53102400497e-24, 8.31364888567e-24, 1.20902786598e-23, 1.05212082869e-23, 1.16530872129e-23],
        "stdev": [0.00158865470439, 0.000995396636426, 0.00130212353542, 0.00104607723188, 0.000639685895294, 0.000363266241038, 0.000891585659701, 0.00127308710944, 0.00162480201107, 0.000638186524156, 0.000224238508963, 0.000110707944259, 0.00019892223645, 0.000194844411453, 0.000101896730484, 0.000140010102768, 7.61439659982e-05, 4.23692436016e-05, 8.37516199681e-05, 0.000145511643495, 2.61099739873e-05, 5.74515570406e-06, 1.58872262546e-05, 6.01449346505e-06, 7.11319034963e-06, 2.56080093095e-05, 1.28951824081e-05, 8.00009729574e-06, 9.50825233303e-06, 9.04164153326e-06, 9.52799746301e-06, 8.06306616141e-06, 4.27095528721e-06, 4.0523136704e-06, 3.83286669603e-06, 3.90781633541e-06, 4.33229524788e-06, 2.52901418207e-06, 1.35725053951e-06, 6.03349292305e-07]
    },
    "melbands128": {
        "max": [0.0797015503049, 0.026657210663, 0.0158494021744, 0.00999672804028, 0.0128552103415, 0.0274105928838, 0.0222119223326, 0.0299145374447, 0.0152688166127, 0.0174386017025, 0.0146363312379, 0.0048289950937, 0.00996392592788, 0.00857393443584, 0.00417604111135, 0.0156439244747, 0.014170893468, 0.0178652741015, 0.0175941903144, 0.0155371874571, 0.0374094694853, 0.0267455074936, 0.0352142751217, 0.0239380449057, 0.0154245384037, 0.033090531826, 0.00280669913627, 0.00682553229854, 0.00474925804883, 0.00253016548231, 0.00164546607994, 0.00451994827017, 0.00463966466486, 0.00828997883946, 0.00325173721649, 0.00440812762827, 0.00376571854576, 0.00152941211127, 0.00220340909436, 0.00625604437664, 0.00368312536739, 0.00203935545869, 0.00145268940832, 0.00258706393652, 0.00173671205994, 0.00103816436604, 0.0024556487333, 0.00132378365379, 0.00359833147377, 0.00713117932901, 0.00355803011917, 0.00220616580918, 0.000699092517607, 0.000179514507181, 7.10808162694e-05, 0.00014573908993, 0.000158002614626, 0.000791083206423, 0.000484384625452, 0.000201109069167, 9.79136893875e-05, 6.97755967849e-05, 8.24120361358e-05, 0.000195771310246, 0.000406173494412, 0.000534823164344, 0.000418448384153, 0.000225179639529, 0.000344232859788, 0.000132568689878, 0.000143042954733, 0.000167708203662, 0.000205142816412, 0.000174709202838, 0.000163976525073, 0.00018536906282, 0.000143547498737, 0.000176770830876, 0.000215728243347, 0.000225884374231, 0.000194170803297, 0.000139020165079, 0.000114517024485, 8.01979549578e-05, 5.38967433386e-05, 6.05577151873e-05, 8.73843819136e-05, 6.86856510583e-05, 6.29615024081e-05, 6.31285656709e-05, 4.58905924461e-05, 8.55852267705e-05, 0.000126308586914, 8.14618033473e-05, 5.90498129895e-05, 5.10452009621e-05, 3.69350746041e-05, 3.20504150295e-05, 2.17641936615e-05, 2.54068090726e-05, 1.35254240377e-05, 1.56476562552e-05, 9.96764629235e-06, 1.07189107439e-05, 5.09835535922e-06, 1.14891633984e-06, 4.12433564634e-06, 6.47289107292e-06, 5.59342561246e-06, 1.22154997371e-05, 6.2181420617e-06, 2.78914194496e-06, 2.96124676424e-06, 2.18715103983e-06, 2.88306750917e-06, 5.42348175259e-07, 6.59589943552e-07, 3.92208647781e-07, 5.35430501714e-07, 3.18179473879e-07, 5.21983771762e-08, 1.36563315323e-07, 5.69150628849e-08, 7.86932563557e-09, 7.75318120816e-09, 7.71291919222e-09, 7.69262875622e-09, 7.66680940956e-09],
        "mean": [0.000682395300828, 0.000621261773631, 0.000499749672599, 0.000389984139474, 0.000421019649366, 0.00059374544071, 0.00062548101414, 0.000554756261408, 0.000543810834642, 0.00068740232382, 0.000544077949598, 0.000335438875481, 0.000379637174774, 0.000249376549618, 7.5410665886e-05, 8.28024203656e-05, 0.000122999903397, 0.000298938073684, 0.000402343983296, 0.000354250048986, 0.000524627510458, 0.000608750910033, 0.000863155291881, 0.000402808771469, 0.000160477502504, 0.000114586175187, 5.17228254466e-05, 8.18639091449e-05, 6.24465174042e-05, 6.53579918435e-05, 5.6450109696e-05, 3.53536743205e-05, 3.80789642804e-05, 6.70918670949e-05, 4.94693122164e-05, 6.99015945429e-05, 6.15630269749e-05, 2.15009949898e-05, 2.10737216548e-05, 2.92151744361e-05, 2.91538453894e-05, 3.04327277263e-05, 2.47352199949e-05, 2.6031404559e-05, 1.15466045827e-05, 1.02384492493e-05, 1.48022936628e-05, 1.18426978588e-05, 1.55188536155e-05, 3.543341154e-05, 2.89626896119e-05, 1.4002318494e-05, 6.03520629738e-06, 4.24643394581e-06, 2.87129000753e-06, 2.49262279794e-06, 2.7440694339e-06, 5.11976759299e-06, 4.58373187939e-06, 3.32288823301e-06, 2.76281230072e-06, 1.59739272476e-06, 1.33596961405e-06, 1.97530926016e-06, 5.10416202815e-06, 1.0475306226e-05, 9.10526159714e-06, 5.26232634002e-06, 3.42373141393e-06, 1.54229519467e-06, 1.29717091113e-06, 1.22580729567e-06, 1.54117628881e-06, 1.43715976719e-06, 1.3479655081e-06, 1.62566789186e-06, 1.60656475146e-06, 1.50101186591e-06, 1.59369278663e-06, 1.54975680289e-06, 1.59716853432e-06, 1.14096030757e-06, 9.4333540801e-07, 7.2077546065e-07, 6.51870550428e-07, 6.73581439514e-07, 8.95673053947e-07, 8.10667245332e-07, 7.42924328279e-07, 6.08715993167e-07, 5.03500871218e-07, 6.05887294114e-07, 7.087281233e-07, 6.9357696475e-07, 5.57560497327e-07, 4.53450098803e-07, 4.16835860051e-07, 3.10345058097e-07, 2.37366421629e-07, 2.03711522317e-07, 1.42890655752e-07, 1.03634178572e-07, 9.72224114548e-08, 1.1051357518e-07, 6.67431550028e-08, 2.4372553753e-08, 5.48882752582e-08, 6.04188059583e-08, 4.66814107369e-08, 5.19284206746e-08, 2.70171405248e-08, 1.71727023712e-08, 1.25418289088e-08, 1.0598133926e-08, 8.46390957321e-09, 3.62158636413e-09, 2.73515121663e-09, 1.04922281974e-09, 1.50020251777e-09, 7.95835675138e-10, 1.44059070228e-10, 1.9492808756e-10, 1.3664801235e-10, 1.0149248629e-11, 8.89482584809e-12, 8.4647401935e-12, 8.22564412417e-12, 8.16484119898e-12],
        "min": [1.42495248665e-24, 9.70785088398e-24, 1.70696941224e-23, 7.86961801478e-24, 4.33594911643e-24, 2.17583220448e-24, 1.93048857434e-24, 2.40759125539e-24, 1.56904858061e-24, 6.76577047213e-24, 4.54898060945e-24, 1.19143382232e-23, 1.67188750561e-23, 7.26139284622e-24, 1.68952138674e-23, 8.94614730428e-24, 4.51253641892e-24, 3.86474593166e-24, 1.01719708867e-23, 1.06226210894e-23, 7.51449413449e-24, 1.50404289215e-24, 8.34071785877e-24, 1.64985982701e-23, 1.4569112338e-23, 1.17497542283e-23, 8.80406320006e-24, 4.20005599259e-24, 5.88911171474e-24, 8.1379064532e-24, 6.57433089094e-24, 2.22342753555e-24, 4.08690217878e-24, 3.40310058562e-24, 1.49474421395e-23, 3.4439103324e-24, 5.36143240004e-24, 2.66648278271e-24, 2.11690646422e-24, 4.91236583557e-24, 1.32058052881e-23, 8.75554431008e-24, 6.88021920112e-24, 2.79258456499e-24, 5.97823958639e-24, 1.35629802068e-23, 1.09969639879e-23, 8.27109930616e-24, 1.09351259704e-23, 1.55328242628e-23, 1.07279963403e-23, 7.27022966608e-24, 6.60675346858e-24, 1.44276711554e-23, 1.74042815868e-23, 6.02884067473e-24, 6.49626916006e-24, 2.33597333482e-23, 1.41794387166e-23, 6.88625714249e-24, 6.17879208876e-24, 1.10005880149e-23, 9.09967935796e-24, 3.21965867351e-24, 7.97718393237e-24, 8.12928578123e-24, 1.1824102002e-23, 1.05541605846e-23, 1.52911819681e-23, 9.33278696659e-24, 1.1745615864e-23, 1.08164655131e-23, 7.58308795678e-24, 1.15665570603e-23, 1.60104369424e-23, 1.58161909886e-23, 1.17043568609e-23, 7.22940453651e-24, 1.02376522345e-23, 7.4339104153e-24, 6.37116370911e-24, 9.10492528298e-24, 8.45999047219e-24, 9.77667347593e-24, 1.12943471943e-23, 1.15826671777e-23, 7.7801233228e-24, 5.91074267519e-24, 1.01712664339e-23, 7.95960022279e-24, 6.10724871554e-24, 4.51589223321e-24, 1.01249397884e-23, 7.21517664122e-24, 7.86477361996e-24, 1.30877893301e-23, 1.27218438559e-23, 1.12703610896e-23, 9.352492712e-24, 1.16930974492e-23, 1.08390111577e-23, 1.45481775473e-23, 7.06417130902e-24, 9.19618386794e-24, 5.15683935212e-24, 6.6016700489e-24, 1.00401735287e-23, 1.25850182985e-23, 6.92913173269e-24, 1.27098287155e-23, 9.82606879037e-24, 1.20175346403e-23, 1.00636658064e-23, 9.8254266576e-24, 1.45333895607e-23, 1.32355350891e-23, 1.22594206931e-23, 8.00097361069e-24, 9.81959934209e-24, 9.728942658e-24, 7.49014120949e-24, 9.74055784597e-24, 1.15635428227e-23, 1.12918378277e-23, 1.04241357971e-23, 8.76055988772e-24, 7.3762028735e-24, 1.02284249285e-23],
        "stdev": [0.00378457084298, 0.00204942445271, 0.00134156621061, 0.00101831939537, 0.000953363545705, 0.00172797229607, 0.00192975788377, 0.00152242055628, 0.00121050293092, 0.00161938427482, 0.00114649767056, 0.00063936348306, 0.000983541016467, 0.000711144413799, 0.000272049917839, 0.000570303818677, 0.000738334667403, 0.00133708491921, 0.00158129550982, 0.00133941567037, 0.00213407957926, 0.00220308103599, 0.00258522969671, 0.00126431626268, 0.000719898380339, 0.00100904947612, 0.000162271768204, 0.000358872493962, 0.000276229460724, 0.000158225666382, 0.000123019752209, 0.00017910990573, 0.000247908144956, 0.000393548834836, 0.000216963511775, 0.000316581514198, 0.000292396987788, 9.17234938242e-05, 0.000101380712294, 0.000214285682887, 0.000196701992536, 0.000138104485814, 9.3076225312e-05, 0.000130778280436, 6.96963907103e-05, 4.04780730605e-05, 8.84306646185e-05, 5.74838741159e-05, 0.000136582501, 0.000294762925478, 0.000206582335522, 0.000107028536149, 3.25514738506e-05, 1.15889679364e-05, 5.25378118255e-06, 6.58062299408e-06, 8.27208350529e-06, 2.81065294985e-05, 2.16628141061e-05, 1.17029985631e-05, 7.13161080057e-06, 4.39077803094e-06, 3.832828952e-06, 7.4645145105e-06, 2.03465879167e-05, 4.09323183703e-05, 3.1714389479e-05, 1.8916960471e-05, 1.58312104759e-05, 7.93168328528e-06, 8.58093972056e-06, 7.92436094343e-06, 1.14808608487e-05, 1.03376751213e-05, 8.42439749249e-06, 9.76194860414e-06, 9.75116745394e-06, 9.49678178586e-06, 1.03888996819e-05, 9.75202874542e-06, 1.05051967694e-05, 6.86558814778e-06, 5.96764220973e-06, 4.17094270233e-06, 3.37122878591e-06, 3.53910832018e-06, 5.02527109347e-06, 4.45777959612e-06, 4.16192506236e-06, 3.32336708198e-06, 2.86234785563e-06, 4.48087939731e-06, 5.85760426475e-06, 5.01015256305e-06, 3.57721251021e-06, 2.85508485831e-06, 2.67255836661e-06, 2.0250831767e-06, 1.40525423831e-06, 1.18562059015e-06, 7.23787138668e-07, 6.38607446035e-07, 5.05291552599e-07, 5.42862721886e-07, 3.23202471009e-07, 9.67857900491e-08, 2.3756678047e-07, 3.1467047279e-07, 2.52361672892e-07, 4.17854124635e-07, 2.15157626826e-07, 1.04902888154e-07, 1.08174972979e-07, 8.42184135763e-08, 8.99149554812e-08, 2.47952858246e-08, 2.69098858752e-08, 1.41241747187e-08, 2.26933938308e-08, 1.33424853388e-08, 1.80816261963e-09, 4.0214827024e-09, 1.96181559886e-09, 2.22718440912e-10, 2.19169224436e-10, 2.18041459887e-10, 2.17473483666e-10, 2.16744330817e-10]
    },
    "mfcc": {
        "mean": [-730.006835938, 144.325180054, -10.0593414307, 11.2841033936, -8.84306812286, 1.03076851368, -1.97263753414, 1.36540353298, -1.3482247591, 6.5467877388, -2.42246007919, -3.36501908302, -6.16383838654],
        "cov": [[8340.4765625, -41.5338401794, 833.255126953, 323.20022583, 131.905654907, 41.1930541992, -136.244827271, 63.9882087708, -283.011871338, -70.3661575317, 209.747955322, -127.602844238, -61.9600982666], [-41.5338401794, 1511.94799805, 20.2229099274, 123.895088196, -56.4029350281, -130.854324341, -48.2631340027, -38.1574058533, -62.8253593445, -35.9292411804, -3.96012592316, 36.9470748901, -10.1176691055], [833.255126953, 20.2229099274, 423.591522217, 134.324920654, 88.4314422607, 60.0730705261, 21.5016536713, 27.9804840088, -14.7909374237, -54.2785148621, 16.1181297302, -21.5385284424, 4.85903549194], [323.20022583, 123.895088196, 134.324920654, 275.732696533, 147.688049316, 83.1351623535, 29.854724884, 11.5035085678, 44.1622810364, 11.1266336441, -15.4166431427, 10.0622720718, 4.66814851761], [131.905654907, -56.4029350281, 88.4314422607, 147.688049316, 326.406036377, 126.53604126, 69.2636260986, 13.1428537369, 117.01449585, 55.9014320374, -26.093460083, 4.65055751801, 20.1381721497], [41.1930541992, -130.854324341, 60.0730705261, 83.1351623535, 126.53604126, 198.148178101, 105.438552856, 75.4705200195, 82.2700881958, 25.9007663727, 8.89670562744, 13.7286453247, 23.3213596344], [-136.244827271, -48.2631340027, 21.5016536713, 29.854724884, 69.2636260986, 105.438552856, 190.393859863, 110.047836304, 94.8817596436, 32.3880615234, 17.027469635, 28.6542072296, 31.8853988647], [63.9882087708, -38.1574058533, 27.9804840088, 11.5035085678, 13.1428537369, 75.4705200195, 110.047836304, 174.042327881, 66.0213394165, 21.6655597687, 24.4620895386, 15.7035579681, 38.0352630615], [-283.011871338, -62.8253593445, -14.7909374237, 44.1622810364, 117.01449585, 82.2700881958, 94.8817596436, 66.0213394165, 191.411361694, 63.6021080017, -2.54369592667, 21.2353782654, 25.0581264496], [-70.3661575317, -35.9292411804, -54.2785148621, 11.1266336441, 55.9014320374, 25.9007663727, 32.3880615234, 21.6655597687, 63.6021080017, 100.178413391, 15.5345964432, 12.734585762, 7.59443712234], [209.747955322, -3.96012592316, 16.1181297302, -15.4166431427, -26.093460083, 8.89670562744, 17.027469635, 24.4620895386, -2.54369592667, 15.5345964432, 90.0854721069, 24.806137085, 2.30184197426], [-127.602844238, 36.9470748901, -21.5385284424, 10.0622720718, 4.65055751801, 13.7286453247, 28.6542072296, 15.7035579681, 21.2353782654, 12.734585762, 24.806137085, 81.485710144, 19.242351532], [-61.9600982666, -10.1176691055, 4.85903549194, 4.66814851761, 20.1381721497, 23.3213596344, 31.8853988647, 38.0352630615, 25.0581264496, 7.59443712234, 2.30184197426, 19.242351532, 65.7496032715]],
        "icov": [[0.000185613083886, 2.50476878136e-05, -0.000272083387244, -0.000139772309922, -0.000133286754135, 6.70088920742e-05, 0.00018012477085, -0.000233032478718, 0.00033004389843, -0.000120809090731, -0.00046424291213, 0.000252186437137, 0.000103928141471], [2.50476878136e-05, 0.000803366536275, 2.93678676826e-05, -0.000687219493557, 5.72786157136e-05, 0.000819898792543, -0.000137931667268, -0.000111685018055, 0.000153837405378, 0.000180020215339, -8.33130179672e-05, -0.000357290002285, 4.50447660114e-05], [-0.000272083387244, 2.93678676826e-05, 0.00401808973402, -0.00134683214128, -0.000823962385766, -8.56320693856e-05, -0.000392851739889, -0.000318860402331, 4.10333341279e-05, 0.00287583959289, -0.0011539615225, 0.00103719159961, -0.00040645187255], [-0.000139772309922, -0.000687219493557, -0.00134683214128, 0.00634114164859, -0.00168843951542, -0.00186260242481, 0.000602651271038, 0.000160573079484, -0.00025674153585, -0.000549188232981, 0.00160931865685, -0.00138497911394, 0.000714786583558], [-0.000133286754135, 5.72786157136e-05, -0.000823962385766, -0.00168843951542, 0.00661120191216, -0.00246659945697, -0.000538317486644, 0.00236576818861, -0.00240990985185, -0.0024567306973, 0.00213101622649, 0.000153181579662, -0.00111076142639], [6.70088920742e-05, 0.000819898792543, -8.56320693856e-05, -0.00186260242481, -0.00246659945697, 0.0103898094967, -0.00311586330645, -0.0018916312838, -0.000334836047841, 0.00100293406285, -0.00127258198336, 0.000101941834146, 2.99196981359e-05], [0.00018012477085, -0.000137931667268, -0.000392851739889, 0.000602651271038, -0.000538317486644, -0.00311586330645, 0.0113362157717, -0.00485076149926, -0.00199843919836, -0.000157584465342, -0.000506730459165, -0.00162676314358, -1.29152604131e-05], [-0.000233032478718, -0.000111685018055, -0.000318860402331, 0.000160573079484, 0.00236576818861, -0.0018916312838, -0.00485076149926, 0.0112459752709, -0.00198962027207, -0.0005427490687, -0.000800538167823, 0.00107079441659, -0.00389591371641], [0.00033004389843, 0.000153837405378, 4.10333341279e-05, -0.00025674153585, -0.00240990985185, -0.000334836047841, -0.00199843919836, -0.00198962027207, 0.0104587385431, -0.00380650861189, 0.000532187521458, -0.000501382863149, -9.13070034585e-05], [-0.000120809090731, 0.000180020215339, 0.00287583959289, -0.000549188232981, -0.0024567306973, 0.00100293406285, -0.000157584465342, -0.0005427490687, -0.00380650861189, 0.0158225763589, -0.00388933462091, 0.000347988330759, 0.000184873963008], [-0.00046424291213, -8.33130179672e-05, -0.0011539615225, 0.00160931865685, 0.00213101622649, -0.00127258198336, -0.000506730459165, -0.000800538167823, 0.000532187521458, -0.00388933462091, 0.0158653892577, -0.00543786725029, 0.00131067098118], [0.000252186437137, -0.000357290002285, 0.00103719159961, -0.00138497911394, 0.000153181579662, 0.000101941834146, -0.00162676314358, 0.00107079441659, -0.000501382863149, 0.000347988330759, -0.00543786725029, 0.0163245946169, -0.00414557056502], [0.000103928141471, 4.50447660114e-05, -0.00040645187255, 0.000714786583558, -0.00111076142639, 2.99196981359e-05, -1.29152604131e-05, -0.00389591371641, -9.13070034585e-05, 0.000184873963008, 0.00131067098118, -0.00414557056502, 0.019063776359]]
    },
    "spectral_contrast_coeffs": {
        "max": [-0.357457786798, -0.441645145416, -0.475597500801, -0.526772081852, -0.617977797985, -0.608813107014],
        "mean": [-0.70018196106, -0.75395232439, -0.785855948925, -0.8231959939, -0.817206084728, -0.775853335857],
        "min": [-0.96383023262, -0.95600259304, -0.968450009823, -0.956812381744, -0.964371800423, -0.963750660419],
        "stdev": [0.100231707096, 0.0989291667938, 0.0691844522953, 0.0557193532586, 0.0498692058027, 0.0386299230158]
    },
    "spectral_contrast_valleys": {
        "max": [-5.25088453293, -5.31226587296, -5.95889902115, -6.57448244095, -6.07709646225, -7.9023938179],
        "mean": [-7.5757484436, -7.15435647964, -7.72495079041, -8.10771369934, -8.45991706848, -11.4043035507],
        "min": [-26.9850616455, -27.2294616699, -27.0197277069, -27.4474124908, -27.1911411285, -27.0907382965],
        "stdev": [1.39911723137, 1.04931890965, 0.907752990723, 0.873478770256, 0.903933227062, 1.20504415035]
    }
},
"rhythm": {
    "beats_count": 45,
    "beats_loudness": {
        "max": 0.0876655653119,
        "mean": 0.0171281807125,
        "min": 1.27611492644e-05,
        "stdev": 0.0208691321313
    },
    "bpm": 85.0556030273,
    "bpm_histogram_first_peak_bpm": 86,
    "bpm_histogram_first_peak_weight": 0.518518507481,
    "bpm_histogram_second_peak_bpm": 115,
    "bpm_histogram_second_peak_spread": 0.58333337307,
    "bpm_histogram_second_peak_weight": 0.113636367023,
    "danceability": 0.826941728592,
    "onset_rate": 2.13694834709,
    "beats_loudness_band_ratio": {
        "max": [0.967795312405, 0.447082906961, 0.839269995689, 0.563220500946, 0.267879992723, 0.606544077396],
        "mean": [0.383877694607, 0.153975054622, 0.255136609077, 0.143792062998, 0.049638684839, 0.052832916379],
        "min": [0.000401498517022, 0.00882369372994, 0.00603111926466, 0.00740545988083, 0.00186734064482, 0.000409117899835],
        "stdev": [0.286533862352, 0.126992091537, 0.223169729114, 0.149454325438, 0.0542239509523, 0.121416836977]
    },
    "beats_position": [0.522448956966, 1.05650794506, 1.57895684242, 2.11301589012, 2.63546490669, 3.14630389214, 3.65714287758, 4.1679816246, 4.69043064117, 5.21287965775, 5.73532867432, 6.26938772202, 6.80344676971, 7.3491153717, 7.97605419159, 8.59138298035, 9.26476192474, 9.93814086914, 10.623128891, 11.3081178665, 11.9931058884, 12.6664848328, 13.3398637772, 14.0480718613, 14.7446708679, 15.4644899368, 16.1843090057, 16.9157371521, 17.6471652985, 18.3669834137, 19.0868015289, 19.7485713959, 20.4103393555, 21.1069393158, 21.8035373688, 22.5001354218, 23.1967334747, 23.8933334351, 24.589931488, 25.2981395721, 26.0063495636, 26.7029476166, 27.4227657318, 28.1309738159, 28.8391838074],
