{
"metadata": {
    "version": {
        "essentia": "2.1-beta5",
        "essentia_git_sha": "Undefined",
        "extractor": "music 2.0"
    },
    "audio_properties": {
        "analysis": {
            "equal_loudness": 0,
            "length": 26.0992298126,
            "sample_rate": 44100,
            "start_time": 175.240997314,
            "downmix": "mix"
        },
        "bit_rate": 192000,
        "length": 201.363464355,
        "lossless": 0,
        "number_channels": 2,
        "replay_gain": -1.07058334351,
        "sample_rate": 48000,
        "codec": "mp3",
        "md5_encoded": "749f67178367b78991a80d55a8a1d769"
    },
    "tags": {
        "file_name": "Belgium_Love Kills_Roberto Bellarosa.mp3",
        "encoding": ["Lavf58.29.100"]
    }
},
"lowlevel": {
    "average_loudness": 0.880716025829,
    "barkbands_crest": {
        "max": 22.8138275146,
        "mean": 10.5278291702,
        "min": 2.58611869812,
        "stdev": 4.26439523697
    },
    "barkbands_flatness_db": {
        "max": 0.276790261269,
        "mean": 0.146246179938,
        "min": 0.0420310236514,
        "stdev": 0.0604660958052
    },
    "barkbands_kurtosis": {
        "max": 17.2423629761,
        "mean": 0.895202994347,
        "min": -1.6976121664,
        "stdev": 2.03815770149
    },
    "barkbands_skewness": {
        "max": 4.09201717377,
        "mean": 1.14342713356,
        "min": -0.885536670685,
        "stdev": 0.664314806461
    },
    "barkbands_spread": {
        "max": 82.1356582642,
        "mean": 29.0151481628,
        "min": 5.92973899841,
        "stdev": 17.2479152679
    },
    "dissonance": {
        "max": 0.500000119209,
        "mean": 0.482327580452,
        "min": 0.408375203609,
        "stdev": 0.0153006678447
    },
    "dynamic_complexity": 2.12843465805,
    "erbbands_crest": {
        "max": 25.730966568,
        "mean": 7.46009111404,
        "min": 2.46882176399,
        "stdev": 3.06978082657
    },
    "erbbands_flatness_db": {
        "max": 0.34784296155,
        "mean": 0.189498841763,
        "min": 0.0677032470703,
        "stdev": 0.0875533148646
    },
    "erbbands_kurtosis": {
        "max": 7.88338565826,
        "mean": 0.166732802987,
        "min": -1.43193149567,
        "stdev": 0.986224532127
    },
    "erbbands_skewness": {
        "max": 1.90587878227,
        "mean": 0.306003242731,
        "min": -1.82758033276,
        "stdev": 0.638271927834
    },
    "erbbands_spread": {
        "max": 98.183555603,
        "mean": 33.7146263123,
        "min": 10.0409135818,
        "stdev": 16.0663948059
    },
    "hfc": {
        "max": 130.790847778,
        "mean": 35.4060554504,
        "min": 0.788897752762,
        "stdev": 24.5504360199
    },
    "loudness_ebu128": {
        "integrated": -20.4898891449,
        "loudness_range": 4.73774337769,
        "momentary": {
            "max": -17.5674438477,
            "mean": -21.2127361298,
            "min": -31.3257083893,
            "stdev": 2.70852541924
        },
        "short_term": {
            "max": -18.6400852203,
            "mean": -20.8739871979,
            "min": -25.2202510834,
            "stdev": 1.91306829453
        }
    },
    "melbands_crest": {
        "max": 31.3264503479,
        "mean": 15.3770627975,
        "min": 4.70352125168,
        "stdev": 6.22705554962
    },
    "melbands_flatness_db": {
        "max": 0.285394132137,
        "mean": 0.156706541777,
        "min": 0.0570589229465,
        "stdev": 0.0401091426611
    },
    "melbands_kurtosis": {
        "max": 64.3061218262,
        "mean": 7.64826822281,
        "min": -1.06393694878,
        "stdev": 7.97371292114
    },
    "melbands_skewness": {
        "max": 7.29852056503,
        "mean": 2.33994150162,
        "min": -0.190840363503,
        "stdev": 1.11830127239
    },
    "melbands_spread": {
        "max": 104.905731201,
        "mean": 29.068353653,
        "min": 5.7670879364,
        "stdev": 16.358007431
    },
    "pitch_salience": {
        "max": 0.887041151524,
        "mean": 0.57415497303,
        "min": 0.191584095359,
        "stdev": 0.152996152639
    },
    "silence_rate_20dB": {
        "max": 1,
        "mean": 1,
        "min": 1,
        "stdev": 0
    },
    "silence_rate_30dB": {
        "max": 1,
        "mean": 0.997333347797,
        "min": 0,
        "stdev": 0.0515710897744
    },
    "silence_rate_60dB": {
        "max": 1,
        "mean": 0.0240000002086,
        "min": 0,
        "stdev": 0.153048992157
    },
    "spectral_centroid": {
        "max": 3740.84765625,
        "mean": 2015.76757812,
        "min": 987.040466309,
        "stdev": 437.235717773
    },
    "spectral_complexity": {
        "max": 54,
        "mean": 28.5048885345,
        "min": 1,
        "stdev": 9.71894931793
    },
    "spectral_decrease": {
        "max": -1.36038444398e-10,
        "mean": -7.84595499681e-09,
        "min": -3.13273247343e-08,
        "stdev": 5.99033933568e-09
    },
    "spectral_energy": {
        "max": 0.122775644064,
        "mean": 0.032823946327,
        "min": 0.000584996014368,
        "stdev": 0.0242082364857
    },
    "spectral_energyband_high": {
        "max": 0.0226783417165,
        "mean": 0.00245518330485,
        "min": 1.27303992485e-05,
        "stdev": 0.00272447592579
    },
    "spectral_energyband_low": {
        "max": 0.0977299138904,
        "mean": 0.0143534308299,
        "min": 1.13374127864e-08,
        "stdev": 0.0188911091536
    },
    "spectral_energyband_middle_high": {
        "max": 0.0424128547311,
        "mean": 0.0092421611771,
        "min": 0.000298303115414,
        "stdev": 0.00565051008016
    },
    "spectral_energyband_middle_low": {
        "max": 0.0677735581994,
        "mean": 0.00748387211934,
        "min": 0.000111705674499,
        "stdev": 0.00644085463136
    },
    "spectral_entropy": {
        "max": 8.61499118805,
        "mean": 7.94431257248,
        "min": 7.29677677155,
        "stdev": 0.254135876894
    },
    "spectral_flux": {
        "max": 0.255230158567,
        "mean": 0.0935669690371,
        "min": 0.0200685020536,
        "stdev": 0.0373611971736
    },
    "spectral_kurtosis": {
        "max": 10.2581624985,
        "mean": 2.7915263176,
        "min": -0.340838193893,
        "stdev": 1.75225925446
    },
    "spectral_rms": {
        "max": 0.010944455862,
        "mean": 0.00525512872264,
        "min": 0.000755465298425,
        "stdev": 0.00209926837124
    },
    "spectral_rolloff": {
        "max": 9410.00976562,
        "mean": 2222.39892578,
        "min": 86.1328125,
        "stdev": 1218.98632812
    },
    "spectral_skewness": {
        "max": 2.7849407196,
        "mean": 1.24870347977,
        "min": 0.462847113609,
        "stdev": 0.301220178604
    },
    "spectral_spread": {
        "max": 13735640,
        "mean": 4742340.5,
        "min": 2196130,
        "stdev": 1533433.875
    },
    "spectral_strongpeak": {
        "max": 20.7183418274,
        "mean": 0.864744901657,
        "min": 0,
        "stdev": 1.11197006702
    },
    "zerocrossingrate": {
        "max": 0.2392578125,
        "mean": 0.081011287868,
        "min": 0.0146484375,
        "stdev": 0.0257760416716
    },
    "barkbands": {
        "max": [0.0210575684905, 0.096204303205, 0.0496434494853, 0.0361212231219, 0.0289272554219, 0.0272848587483, 0.00541327660903, 0.0125375511125, 0.0259578507394, 0.0162004400045, 0.0155506879091, 0.0157249737531, 0.0132160382345, 0.0331919193268, 0.00701601617038, 0.022257970646, 0.0131804989651, 0.00313868327066, 0.00267317704856, 0.0191151984036, 0.00410362705588, 0.00294855469838, 0.00272750132717, 0.00375102064572, 0.00301586766727, 0.000667391868774, 1.52539678311e-06],
        "mean": [0.000351936119841, 0.0113581893966, 0.00218376331031, 0.00100093672518, 0.00128246052191, 0.000734378641937, 0.00025970779825, 0.000857331149746, 0.00283661251888, 0.0017818226479, 0.00123756565154, 0.00106366293039, 0.00115987262689, 0.000990176922642, 0.0007660384872, 0.000882540247403, 0.000556165818125, 0.000473517371574, 0.000331126851961, 0.000706723832991, 0.000510972342454, 0.000517043401487, 0.000372612092178, 0.000313252938213, 0.000224321920541, 7.11298853275e-05, 2.84002457107e-08],
        "min": [8.30332608226e-11, 1.13522735656e-09, 5.18844578412e-10, 1.7958662335e-09, 2.04274726912e-07, 7.51530080834e-07, 8.57626957895e-07, 4.17927822127e-06, 6.68930715619e-06, 3.25020992022e-05, 2.87502143692e-06, 1.69219965755e-05, 1.3010461771e-05, 3.40720616805e-05, 3.51440903614e-05, 2.72363286058e-05, 1.30651560539e-05, 2.80434346678e-06, 8.81566393218e-06, 5.7546599237e-06, 2.63290075964e-06, 1.78045752364e-06, 3.62775335816e-06, 1.44836383242e-06, 7.64176547818e-07, 1.80083142842e-10, 1.16378871817e-10],
        "stdev": [0.00108394026756, 0.0167258940637, 0.00532007031143, 0.00284773274325, 0.00236103869975, 0.00174515007529, 0.000469100748887, 0.00130201526918, 0.00368309207261, 0.00212323199958, 0.00163564796094, 0.00143301149365, 0.00129666982684, 0.00160163012333, 0.00077638681978, 0.00177466636524, 0.00106862944085, 0.000432366272435, 0.000267671508482, 0.0012212699512, 0.000560650369152, 0.000549268792383, 0.000434013491031, 0.000465919554699, 0.000359785568435, 0.00011123335571, 1.02593055828e-07]
    },
    "erbbands": {
        "max": [3.73233819008, 19.1607971191, 52.2881011963, 83.2098922729, 178.909729004, 87.9705886841, 248.173065186, 197.580078125, 90.5916442871, 88.4936599731, 278.776763916, 690.75970459, 705.858581543, 491.054718018, 723.174987793, 444.275238037, 577.577026367, 1854.05053711, 372.9090271, 731.987182617, 576.86730957, 933.977905273, 188.292770386, 158.476852417, 198.587173462, 645.14050293, 551.579284668, 127.304450989, 114.390769958, 96.1101226807, 83.4760742188, 62.1822357178, 75.8194961548, 58.1129837036, 12.621878624, 4.89727878571, 0.928013503551, 0.0261953566223, 0.000817059713881, 0.000178328802576],
        "mean": [0.393466293812, 2.27985477448, 2.8391354084, 2.98101186752, 4.13958311081, 3.78614854813, 5.64330816269, 6.10700082779, 3.9023475647, 7.78100156784, 23.0392856598, 63.0939254761, 67.5890655518, 56.0516891479, 46.4256095886, 40.1876296997, 53.4926452637, 52.7382278442, 42.3435173035, 46.4405593872, 40.7490234375, 35.7910881042, 25.8355102539, 18.2951812744, 21.288061142, 33.9676971436, 25.3217945099, 18.2537002563, 19.070892334, 14.5557842255, 10.3573350906, 6.9924955368, 4.9621796608, 2.88469552994, 1.38059043884, 0.539695322514, 0.0849503278732, 0.00237681902945, 0.000109490021714, 5.13197264809e-05],
        "min": [1.23944786878e-07, 9.46734701301e-07, 5.35356366527e-06, 0.000102830905234, 0.000218323548324, 0.000872705539223, 0.00290977302939, 0.008301214315, 0.0176265258342, 0.0621346011758, 0.531841814518, 0.477749794722, 0.861409127712, 0.540057182312, 0.462628424168, 0.783227920532, 0.526256084442, 1.71213626862, 1.91237485409, 2.01651477814, 1.13803374767, 0.856301903725, 0.227282196283, 0.352586716413, 0.427198141813, 0.274201005697, 0.141368418932, 0.0629362091422, 0.0713139772415, 0.0741880014539, 0.111045487225, 0.0313868746161, 0.0263406727463, 0.0125434426591, 0.00280474429019, 0.000299417850329, 1.13101950774e-05, 1.19207561511e-06, 1.09597840492e-06, 1.66411723512e-06],
        "stdev": [0.660746097565, 3.25690984726, 5.67838478088, 7.17359972, 10.9813299179, 6.65263414383, 12.7393493652, 15.1840581894, 7.0675778389, 10.4250602722, 26.3187961578, 83.1798782349, 82.3513946533, 66.4923324585, 57.567276001, 45.9479598999, 57.0469322205, 92.4143295288, 39.03099823, 62.0789489746, 59.1291999817, 73.6734085083, 23.5862216949, 15.3316802979, 21.0728092194, 56.2647285461, 36.0884857178, 19.1192474365, 20.1286659241, 16.5950336456, 12.0610380173, 9.23557376862, 8.09907722473, 4.93791770935, 2.15548157692, 0.828213691711, 0.138340383768, 0.00375003786758, 0.00014227705833, 3.96917639591e-05]
    },
    "gfcc": {
        "mean": [11.336561203, 42.7090988159, -174.830322266, 22.2258014679, -78.0287322998, 31.8806285858, -31.8549022675, 15.7574129105, -21.6359462738, -0.452992558479, -21.0037956238, -8.08961391449, -5.55223226547],
        "cov": [[6233.921875, 1199.9375, 4718.47705078, 2421.70385742, 1385.61169434, 1012.20251465, -64.9663085938, 240.090713501, -339.066497803, 1028.09777832, 154.533737183, 965.334655762, -146.785202026], [1199.9375, 663.277099609, 1346.74084473, 729.16027832, 518.411071777, 340.962799072, 81.0273666382, 123.971389771, -31.58634758, 282.937896729, 95.0161437988, 257.143127441, -21.1179580688], [4718.47705078, 1346.74084473, 4531.67236328, 2361.07617188, 1456.94958496, 1015.13000488, -2.98506546021, 332.078308105, -194.234100342, 956.221618652, 156.311141968, 879.291381836, -167.000213623], [2421.70385742, 729.16027832, 2361.07617188, 1394.72924805, 800.508544922, 535.826660156, -4.57320547104, 164.385284424, -21.8058490753, 518.507263184, 94.4578781128, 464.928039551, -69.2767410278], [1385.61169434, 518.411071777, 1456.94958496, 800.508544922, 639.670837402, 402.765014648, 61.5882644653, 170.364974976, -46.102558136, 316.380096436, 65.5053482056, 296.896972656, -33.0320587158], [1012.20251465, 340.962799072, 1015.13000488, 535.826660156, 402.765014648, 330.125183105, 74.1869735718, 120.147323608, -45.9114990234, 219.850967407, 59.1518859863, 197.978729248, -11.7998657227], [-64.9663085938, 81.0273666382, -2.98506546021, -4.57320547104, 61.5882644653, 74.1869735718, 143.587677002, 71.7186355591, 5.67849731445, 9.26971340179, 28.780330658, 2.33329367638, 13.8747873306], [240.090713501, 123.971389771, 332.078308105, 164.385284424, 170.364974976, 120.147323608, 71.7186355591, 117.815711975, 15.6823320389, 75.2482147217, 17.5953388214, 64.7054367065, -15.2282361984], [-339.066497803, -31.58634758, -194.234100342, -21.8058490753, -46.102558136, -45.9114990234, 5.67849731445, 15.6823320389, 134.822982788, -5.4280371666, 4.89947843552, -28.6275005341, 8.33379459381], [1028.09777832, 282.937896729, 956.221618652, 518.507263184, 316.380096436, 219.850967407, 9.26971340179, 75.2482147217, -5.4280371666, 267.613006592, 69.5427703857, 213.812210083, -22.3412399292], [154.533737183, 95.0161437988, 156.311141968, 94.4578781128, 65.5053482056, 59.1518859863, 28.780330658, 17.5953388214, 4.89947843552, 69.5427703857, 78.9180450439, 63.1305122375, 22.3738670349], [965.334655762, 257.143127441, 879.291381836, 464.928039551, 296.896972656, 197.978729248, 2.33329367638, 64.7054367065, -28.6275005341, 213.812210083, 63.1305122375, 230.222259521, -1.91881084442], [-146.785202026, -21.1179580688, -167.000213623, -69.2767410278, -33.0320587158, -11.7998657227, 13.8747873306, -15.2282361984, 8.33379459381, -22.3412399292, 22.3738670349, -1.91881084442, 75.9933624268]],
        "icov": [[0.00117307261098, 0.00042436431977, -0.00066551490454, -0.000753005035222, 0.000896516197827, -0.00020015888731, -0.000287102913717, 0.000260605040239, 0.00188821949996, -0.0014685485512, 0.00094938109396, -0.0010483500082, -0.000246727053309], [0.00042436431977, 0.00892476085573, -0.00621755700558, 0.00238398835063, -0.00645185913891, 0.00556995626539, -0.00660159531981, 0.00651173153892, -0.00421935785562, 0.00477889087051, -0.0079035256058, 0.00612900685519, -0.00327039556578], [-0.00066551490454, -0.00621755700558, 0.0114043205976, -0.0079839695245, 0.005637250375, -0.00815811939538, 0.00730116525665, -0.00874086003751, 0.00878048688173, -0.00763988122344, 0.00839891657233, -0.00962785352021, 0.00694424565881], [-0.000753005035222, 0.00238398835063, -0.0079839695245, 0.0133850174025, -0.0072513804771, 0.00223871949129, -0.0031816563569, 0.00979708693922, -0.0119751933962, 0.00403455272317, -0.0039423215203, 0.00448534917086, -0.00262215430848], [0.000896516197827, -0.00645185913891, 0.005637250375, -0.0072513804771, 0.0179867427796, -0.0113391736522, 0.00640303082764, -0.0123707633466, 0.00840129237622, -0.00568468635902, 0.00890194624662, -0.00956674478948, 0.00267105968669], [-0.00020015888731, 0.00556995626539, -0.00815811939538, 0.00223871949129, -0.0113391736522, 0.0270396824926, -0.0110373226926, 0.00208306289278, -0.00155318807811, 0.00312869739719, -0.00957233738154, 0.0116047775373, -0.00882208533585], [-0.000287102913717, -0.00660159531981, 0.00730116525665, -0.0031816563569, 0.00640303082764, -0.0110373226926, 0.0207427851856, -0.0154834222049, 0.00598110398278, -0.00422740308568, 0.00211521144956, -0.00339802913368, 0.00232743704692], [0.000260605040239, 0.00651173153892, -0.00874086003751, 0.00979708693922, -0.0123707633466, 0.00208306289278, -0.0154834222049, 0.0340612791479, -0.0146755436435, 0.00650522904471, -0.00371710304171, 0.00314311124384, 0.00132982130162], [0.00188821949996, -0.00421935785562, 0.00878048688173, -0.0119751933962, 0.00840129237622, -0.00155318807811, 0.00598110398278, -0.0146755436435, 0.0237881559879, -0.0130801014602, 0.00705232331529, -0.00480614695698, 0.00157952762675], [-0.0014685485512, 0.00477889087051, -0.00763988122344, 0.00403455272317, -0.00568468635902, 0.00312869739719, -0.00422740308568, 0.00650522904471, -0.0130801014602, 0.0321769528091, -0.0160205960274, -0.00240181479603, 0.00102075794712], [0.00094938109396, -0.0079035256058, 0.00839891657233, -0.0039423215203, 0.00890194624662, -0.00957233738154, 0.00211521144956, -0.00371710304171, 0.00705232331529, -0.0160205960274, 0.0340264476836, -0.0150709068403, -0.000129106454551], [-0.0010483500082, 0.00612900685519, -0.00962785352021, 0.00448534917086, -0.00956674478948, 0.0116047775373, -0.00339802913368, 0.00314311124384, -0.00480614695698, -0.00240181479603, -0.0150709068403, 0.0367711372674, -0.0133102620021], [-0.000246727053309, -0.00327039556578, 0.00694424565881, -0.00262215430848, 0.00267105968669, -0.00882208533585, 0.00232743704692, 0.00132982130162, 0.00157952762675, 0.00102075794712, -0.000129106454551, -0.0133102620021, 0.0241052079946]]
    },
    "melbands": {
        "max": [0.0297972671688, 0.0195204801857, 0.0151813197881, 0.00790033861995, 0.00644830102101, 0.00395753374323, 0.0012348954333, 0.00146124104504, 0.00235608872026, 0.00483046937734, 0.00345810456201, 0.0019568214193, 0.00231388607062, 0.00135939975735, 0.00164555583615, 0.00224903924391, 0.00315877539106, 0.000775452819653, 0.000606262125075, 0.00226458883844, 0.00039188444498, 0.00105370115489, 0.000266170070972, 0.000218340894207, 0.000134764050017, 0.000150894687977, 0.000367199187167, 0.000630890193861, 0.000609699171036, 0.00012545271602, 7.93659855844e-05, 6.9140951382e-05, 6.31691800663e-05, 5.92347205384e-05, 4.85245509481e-05, 4.66399433208e-05, 4.96781940456e-05, 5.61162923987e-05, 5.02051880176e-05, 4.79584632558e-05],
        "mean": [0.00335586862639, 0.00192499451805, 0.000560860848054, 0.000281641550828, 0.000190253223991, 0.000133246765472, 5.77122846153e-05, 0.000114246133307, 0.000196506545763, 0.000433819106547, 0.000335702992743, 0.000228443590458, 0.000157297850819, 0.000120814576803, 0.000102241690911, 0.000131046777824, 9.14798001759e-05, 6.87441352056e-05, 5.94491357333e-05, 7.22212716937e-05, 3.82719044865e-05, 3.98605516239e-05, 2.21563404921e-05, 2.30657951761e-05, 1.35005275297e-05, 1.33747471409e-05, 1.79195885721e-05, 2.47529696935e-05, 1.75668119482e-05, 1.12657116915e-05, 1.0316431144e-05, 1.07530358946e-05, 9.97329789243e-06, 7.43146802051e-06, 6.30456679573e-06, 4.645597528e-06, 4.07930110669e-06, 3.63388039659e-06, 2.91543756248e-06, 2.25905796469e-06],
        "min": [3.29046401237e-10, 1.49778855985e-09, 2.0227403752e-08, 1.59989639315e-08, 8.91540423709e-08, 1.67983699839e-07, 1.9607621482e-07, 7.33853198653e-07, 3.99223199565e-06, 1.19136109333e-06, 3.33083517035e-06, 2.03748459171e-06, 1.28675230826e-06, 1.7016949414e-06, 5.93686138473e-07, 1.40146005378e-06, 3.43117426382e-06, 2.49374079431e-06, 2.57358669842e-06, 1.08398933207e-06, 6.92916387379e-07, 8.49947809911e-07, 3.473801371e-07, 1.56346345648e-07, 1.30658420971e-07, 3.57704919907e-07, 2.74123635791e-07, 1.34230546678e-07, 1.05338699541e-07, 4.64732750061e-08, 2.85534653699e-08, 4.26113651031e-08, 3.09629584194e-08, 5.21317282676e-08, 7.18289854262e-08, 1.94579197199e-08, 1.99704146553e-08, 1.94083895622e-08, 1.33013857706e-08, 9.45537959041e-09],
        "stdev": [0.00522291939706, 0.00274371751584, 0.00132815644611, 0.000583216140512, 0.000371855887352, 0.00031434657285, 0.000102911209979, 0.000176302884938, 0.000208040684811, 0.000580739520956, 0.000414435809944, 0.000272121804301, 0.000194510022993, 0.000142982040416, 0.000139865456731, 0.000179909809958, 0.000164080352988, 7.06125792931e-05, 6.23496380285e-05, 0.000169272781932, 4.32763335994e-05, 9.03835898498e-05, 2.36825580942e-05, 2.46778872679e-05, 1.25427923194e-05, 1.26965160234e-05, 2.65472663159e-05, 4.74175103591e-05, 3.08313174173e-05, 1.21631164802e-05, 1.16527971841e-05, 1.17740619316e-05, 1.11096860564e-05, 9.02358715393e-06, 7.3670207712e-06, 5.82128268434e-06, 5.83872451898e-06, 5.91301204622e-06, 5.20115327163e-06, 3.91130606658e-06]
    },
    "melbands128": {
        "max": [0.0168973598629, 0.0297658983618, 0.048673145473, 0.0319963432848, 0.0279786251485, 0.0220415368676, 0.0174323227257, 0.0216124281287, 0.0214186962694, 0.0111537855119, 0.00397304957733, 0.00240470096469, 0.0109215378761, 0.0101522943005, 0.00699424976483, 0.00267410394736, 0.00175640243106, 0.0016740571009, 0.0011115509551, 0.000521531677805, 0.0032146545127, 0.00451585557312, 0.00321605755016, 0.00319336587563, 0.00583035359159, 0.00982618145645, 0.0109048103914, 0.00341097521596, 0.00359204411507, 0.00345564144664, 0.00374508881941, 0.00321569829248, 0.00328277470544, 0.00352749694139, 0.00269215810113, 0.00138452276587, 0.00183595204726, 0.00358987622894, 0.00113514857367, 0.00312786130235, 0.00327633018605, 0.00951142702252, 0.00387558643706, 0.00136332784314, 0.00167489354499, 0.00145335646812, 0.0010938514024, 0.0014418453211, 0.00166578381322, 0.00147771718912, 0.00492319790646, 0.00172288983595, 0.000655866228044, 0.000283652479993, 0.000382043770514, 0.00226571969688, 0.00148009438999, 0.000457662477857, 0.000247199612204, 0.000299631559756, 0.000418634037487, 0.00041733882972, 0.000335656979587, 8.8282606157e-05, 0.000230155375903, 0.000293864286505, 0.000253489270108, 0.000315193989081, 0.000879740400705, 0.000583737681154, 0.000607845198829, 0.0014993409859, 0.0014444332337, 0.000349278445356, 0.000303483277094, 0.00018605151854, 0.000152972046635, 0.000101990721305, 0.000115103874123, 0.000130262400489, 0.000109014457848, 0.000128595464048, 0.000123846795759, 0.000102016863821, 0.000119904456369, 6.91009772709e-05, 8.77279017004e-05, 6.31915172562e-05, 6.68989523547e-05, 7.34449713491e-05, 7.65451841289e-05, 3.59248515451e-05, 5.69704316149e-05, 6.48945788271e-05, 6.93104011589e-05, 5.65691589145e-05, 5.71727141505e-05, 6.79678705637e-05, 6.08271657256e-05, 6.17705372861e-05, 8.34094098536e-05, 4.85594464408e-05, 2.2967284167e-05, 1.96407418116e-05, 2.52718655247e-05, 1.42842118294e-05, 1.23428935694e-05, 1.14797703645e-05, 1.09240672828e-05, 1.30749594973e-05, 7.58626765673e-06, 6.26816017757e-06, 2.97871588373e-06, 3.19831457318e-07, 1.61112907904e-07, 2.14637154272e-07, 8.39839913169e-08, 5.12884490433e-09, 4.85164397546e-09, 4.57282034461e-09, 4.35443858748e-09, 4.20618784247e-09, 4.0546139779e-09, 3.98308941385e-09, 3.88545995378e-09, 3.79873421608e-09, 3.75016195875e-09, 3.72138742044e-09],
        "mean": [0.000305355555611, 0.0030320615042, 0.00507985102013, 0.00324291083962, 0.00167249550577, 0.000972444191575, 0.000583972141612, 0.000497205299325, 0.000437564769527, 0.000266132497927, 0.000190297621884, 0.000178577261977, 0.000209873731364, 0.000170596496901, 0.000168089478393, 9.01657476788e-05, 5.59293366678e-05, 5.5488642829e-05, 5.77424689254e-05, 4.13402849517e-05, 0.000184282587725, 0.000226424192078, 0.000153803674038, 0.000212873113924, 0.000393402500777, 0.000573767581955, 0.000426295038778, 0.000275534403045, 0.000318110425724, 0.000204845637199, 0.000240463356022, 0.000184298653039, 0.000134030589834, 0.000148962601088, 0.000154422930791, 9.86150334938e-05, 8.3800725406e-05, 0.000128739324282, 7.75806838647e-05, 0.00012797031377, 0.000149393366883, 0.000125988954096, 8.92496100278e-05, 6.93045731168e-05, 9.32306065806e-05, 6.19325219304e-05, 5.19316017744e-05, 6.55661715427e-05, 6.52021553833e-05, 4.18738818553e-05, 9.84416692518e-05, 7.00458767824e-05, 4.17492628912e-05, 2.46093386522e-05, 2.43077538471e-05, 5.95282726863e-05, 3.46958586306e-05, 1.44896839629e-05, 2.30700261454e-05, 2.49506174441e-05, 2.36907962972e-05, 2.19754329009e-05, 1.5169019207e-05, 9.51374659053e-06, 1.33502517201e-05, 1.18798197946e-05, 1.45744497786e-05, 1.72858108272e-05, 1.96850814973e-05, 1.73357148014e-05, 2.32128168136e-05, 3.47638633684e-05, 1.63395943673e-05, 1.70047787833e-05, 1.36259814099e-05, 1.08923968583e-05, 1.0820778698e-05, 9.85193219094e-06, 1.07380619738e-05, 9.74105932983e-06, 1.08309568532e-05, 1.05661811176e-05, 1.1954249203e-05, 1.00513689176e-05, 8.60060845298e-06, 7.21308015272e-06, 7.65402728575e-06, 6.47628985462e-06, 6.69673363518e-06, 5.74740533921e-06, 4.74661510452e-06, 4.15672911913e-06, 4.797515885e-06, 3.89645947507e-06, 3.95278357246e-06, 3.70113502868e-06, 3.76770981347e-06, 3.14171006721e-06, 2.96163830171e-06, 2.81583538708e-06, 2.51562801168e-06, 2.30056934925e-06, 1.71333488197e-06, 1.68895121533e-06, 1.61079378813e-06, 1.47153866692e-06, 1.16693740893e-06, 1.01436717159e-06, 9.92406057776e-07, 7.85000736414e-07, 6.32044361737e-07, 4.44434647306e-07, 1.50843646907e-07, 1.28917649889e-08, 8.06708655432e-09, 7.06023994823e-09, 1.29779398339e-09, 1.19766046039e-11, 1.09047172334e-11, 1.0495037131e-11, 1.00507258766e-11, 9.8130019735e-12, 9.72685040151e-12, 9.08402780081e-12, 8.62107520788e-12, 8.14428559315e-12, 7.87984347911e-12, 7.79870265588e-12],
        "min": [6.65441746844e-12, 1.3353462433e-11, 7.9891454563e-11, 3.00108798923e-10, 3.89318272065e-10, 2.76268119492e-10, 9.71879354772e-10, 4.38299202488e-10, 1.8801522117e-08, 9.62981694386e-09, 7.26771887116e-09, 2.0223904329e-08, 2.2268102029e-08, 5.45221041648e-08, 1.46489496089e-08, 2.99450846342e-08, 1.96474747582e-08, 4.09196800888e-08, 4.15953564925e-08, 1.68888902863e-07, 5.40760197509e-07, 3.72453172304e-07, 7.33293404664e-07, 5.31368982593e-07, 2.77768663182e-07, 3.02643883288e-07, 3.14022798875e-07, 3.28869731447e-07, 5.10821564603e-07, 2.48258902502e-06, 4.85985083287e-08, 9.03151615717e-08, 3.51766828999e-07, 2.47878062964e-07, 8.00943951162e-07, 5.78281856178e-07, 7.6088454648e-08, 1.13607903529e-07, 2.17862464069e-07, 3.12594380603e-07, 1.13540204438e-06, 1.73818008875e-07, 7.7158098577e-08, 6.31483317193e-07, 7.58583325933e-07, 4.90705019729e-07, 3.10053252406e-07, 8.20438572191e-07, 7.96002609604e-07, 2.65394788812e-07, 2.25544226851e-07, 6.88692807671e-07, 3.99506944859e-07, 1.03579800736e-07, 4.15990200509e-07, 6.05804586939e-07, 1.12070281943e-07, 8.21658403538e-08, 6.65753745466e-08, 5.862338881e-08, 9.80917960192e-08, 2.29312576039e-07, 1.46481076158e-08, 1.06257616039e-08, 1.36159838959e-08, 5.6733554743e-08, 1.65188509982e-07, 1.43093501492e-07, 3.47550866309e-07, 2.12384293263e-07, 1.10330638847e-07, 3.3764287366e-08, 5.99369229803e-08, 7.69194343775e-08, 2.5268111159e-08, 2.40101059035e-08, 3.15499164572e-08, 5.53357182298e-08, 8.94015528274e-09, 2.79138951953e-08, 4.87605937849e-08, 3.94726384911e-08, 3.78516133992e-08, 2.92625941256e-08, 2.05991117497e-08, 2.28051550977e-08, 4.174902557e-08, 3.66722616718e-08, 5.89264352868e-08, 6.23599802907e-08, 1.87128073037e-08, 8.84573392312e-09, 1.04834780856e-08, 2.07528785268e-08, 2.48260931812e-08, 1.99010337099e-08, 1.75701604377e-08, 8.79159500755e-09, 1.91648474868e-09, 2.13335393795e-09, 9.05403219065e-09, 5.63845237167e-09, 1.63255561847e-10, 2.68313778314e-12, 1.00806244862e-12, 1.01276192294e-12, 3.10386178565e-12, 4.70662571417e-12, 8.53633624291e-13, 5.33204502686e-13, 4.54692707097e-13, 2.56026563882e-13, 4.21760066108e-13, 3.49445515926e-13, 4.19755918392e-13, 2.32368757482e-13, 2.77636854479e-13, 3.76847668739e-13, 3.58050855674e-13, 4.46326433928e-13, 3.15651638941e-13, 3.67583513541e-13, 3.34091722386e-13, 4.34019953224e-13, 2.79173304482e-13, 9.89316864108e-14, 1.43974933429e-14, 5.28128748382e-16],
        "stdev": [0.000908765883651, 0.00545062124729, 0.00825635902584, 0.00467669265345, 0.00323937181383, 0.0024161839392, 0.00150258559734, 0.00149992061779, 0.00128408055753, 0.000632091891021, 0.000374640105292, 0.000326585985022, 0.000538881751709, 0.000504163850565, 0.000525205919985, 0.000202598472242, 0.000130837535835, 0.000126000959426, 0.000116047762276, 6.28980851616e-05, 0.000360703008482, 0.000425838748924, 0.000247743475484, 0.000305666675558, 0.000650312751532, 0.000938244804274, 0.00085613632109, 0.000407726387493, 0.000436895381426, 0.000321595900459, 0.000385682797059, 0.000309637543978, 0.000238777982304, 0.000299543695292, 0.000249453791184, 0.000124029596918, 0.00012911426893, 0.000278927007457, 0.000103346494143, 0.000206468059332, 0.000228365519433, 0.00046338440734, 0.000207438410143, 0.000108986001578, 0.000118548072351, 0.000101116500446, 8.06023308542e-05, 9.3700378784e-05, 0.000114268012112, 7.26794169168e-05, 0.000343429943314, 0.000173008971615, 5.40006221854e-05, 2.61997702182e-05, 3.06611364067e-05, 0.000181768191396, 8.70749427122e-05, 2.59519893007e-05, 2.57775700447e-05, 3.17051999446e-05, 3.9507427573e-05, 3.61017046089e-05, 2.50742759818e-05, 9.33689625526e-06, 1.68126607605e-05, 1.73934877239e-05, 1.90402879525e-05, 2.76110567938e-05, 4.44462930318e-05, 4.20227806899e-05, 4.69522419735e-05, 9.79499673122e-05, 5.17572916579e-05, 2.97506776405e-05, 2.22678718274e-05, 1.37282495416e-05, 1.36449489219e-05, 1.18199013741e-05, 1.51722961164e-05, 1.37430452014e-05, 1.4062653463e-05, 1.3391804714e-05, 1.48759363583e-05, 1.2656166291e-05, 1.21996035887e-05, 9.61726891546e-06, 1.07237065095e-05, 8.05879790278e-06, 8.6505242507e-06, 7.79748188506e-06, 6.63176842863e-06, 5.77277342018e-06, 6.58398994346e-06, 5.82276561545e-06, 6.97265295457e-06, 6.42063059786e-06, 6.11195400779e-06, 6.05696368439e-06, 5.6280005083e-06, 5.36319885214e-06, 4.82719360662e-06, 4.13299449065e-06, 3.05522485178e-06, 2.88973387796e-06, 2.74327976513e-06, 2.27747477766e-06, 1.90489208762e-06, 1.73316539076e-06, 1.58455998189e-06, 1.33604658004e-06, 1.07326900434e-06, 8.17040756829e-07, 3.10255586555e-07, 2.99501756729e-08, 1.87524111794e-08, 1.81896879781e-08, 4.30452118394e-09, 1.54653553852e-10, 1.45847806055e-10, 1.37696049007e-10, 1.30899291406e-10, 1.26526428224e-10, 1.22857890528e-10, 1.1899338459e-10, 1.1593834226e-10, 1.13352507936e-10, 1.11905637534e-10, 1.11046713491e-10]
    },
    "mfcc": {
        "mean": [-608.134643555, 67.4108123779, -37.3379936218, -9.39517688751, -17.5154800415, 6.35500907898, 0.0844212546945, 8.71958637238, 7.48163127899, 8.19111442566, -2.10656070709, -2.96221971512, -6.50964450836],
        "cov": [[3808.31323242, 574.369140625, 2688.1003418, 1512.04833984, 1270.71679688, 962.16394043, 606.428161621, 29.8229846954, 20.1904907227, -106.719833374, 162.161315918, 359.015533447, 458.626159668], [574.369140625, 491.894287109, 761.710327148, 456.787475586, 435.512329102, 302.464172363, 285.899749756, 89.0677642822, 41.3758544922, 26.6905593872, 101.082801819, 109.093086243, 135.336456299], [2688.1003418, 761.710327148, 2847.43481445, 1639.88293457, 1439.31567383, 1028.67468262, 610.64239502, 136.151611328, 87.2761306763, 31.8475761414, 216.985214233, 368.347381592, 510.674255371], [1512.04833984, 456.787475586, 1639.88293457, 1074.3963623, 898.500488281, 637.41418457, 338.98135376, 99.065574646, 79.8861541748, 39.1433601379, 134.563354492, 240.229263306, 327.639343262], [1270.71679688, 435.512329102, 1439.31567383, 898.500488281, 886.317626953, 567.754333496, 337.781555176, 100.320243835, 82.5494003296, 24.2438621521, 132.840530396, 207.51612854, 273.766540527], [962.16394043, 302.464172363, 1028.67468262, 637.41418457, 567.754333496, 449.695648193, 259.636749268, 68.7552032471, 55.3245124817, 26.681022644, 88.7481613159, 156.052246094, 209.38494873], [606.428161621, 285.899749756, 610.64239502, 338.98135376, 337.781555176, 259.636749268, 320.365386963, 90.0693740845, 42.6779518127, 12.0278024673, 86.4293670654, 81.2068862915, 99.2244567871], [29.8229846954, 89.0677642822, 136.151611328, 99.065574646, 100.320243835, 68.7552032471, 90.0693740845, 96.7723007202, 55.4432373047, 34.549446106, 42.4155158997, 25.9446811676, 32.7352752686], [20.1904907227, 41.3758544922, 87.2761306763, 79.8861541748, 82.5494003296, 55.3245124817, 42.6779518127, 55.4432373047, 81.4759902954, 37.5541725159, 21.5590724945, 27.1495304108, 31.7818260193], [-106.719833374, 26.6905593872, 31.8475761414, 39.1433601379, 24.2438621521, 26.681022644, 12.0278024673, 34.549446106, 37.5541725159, 81.2783966064, 29.8021183014, 10.6918020248, 23.449930191], [162.161315918, 101.082801819, 216.985214233, 134.563354492, 132.840530396, 88.7481613159, 86.4293670654, 42.4155158997, 21.5590724945, 29.8021183014, 83.5167922974, 48.7069015503, 44.7215385437], [359.015533447, 109.093086243, 368.347381592, 240.229263306, 207.51612854, 156.052246094, 81.2068862915, 25.9446811676, 27.1495304108, 10.6918020248, 48.7069015503, 107.91796875, 102.016281128], [458.626159668, 135.336456299, 510.674255371, 327.639343262, 273.766540527, 209.38494873, 99.2244567871, 32.7352752686, 31.7818260193, 23.449930191, 44.7215385437, 102.016281128, 159.599060059]],
        "icov": [[0.00121002306696, 0.000732655229513, -0.00115803605877, -0.000553963182028, 0.000813672493678, -0.00010499660857, -0.00111838197336, 0.00134927348699, -0.00065659469692, 0.00189988734201, -0.00035295332782, -0.000512605067343, 0.000182963660336], [0.000732655229513, 0.00563721777871, -0.000713123881724, -0.0011091864435, -0.000543878646567, 0.000944563013036, -0.00393202807754, 7.49606260797e-05, 0.00101151491981, 0.000129587002448, -0.000681776553392, -0.000887381844223, 0.000333962234436], [-0.00115803605877, -0.000713123881724, 0.00525752641261, -0.00323791778646, -0.00221702107228, -0.00151707103942, -0.000372380076442, -0.000232951919315, 0.00254868110642, -0.00147557479795, 0.000108209409518, 0.00138974131551, -0.00137995113619], [-0.000553963182028, -0.0011091864435, -0.00323791778646, 0.0135093908757, -0.00429117493331, -0.00493349367753, 0.00397301372141, -0.00255983555689, 0.000137295617606, -0.0017667185748, 0.000780827598646, -0.00121088104788, -0.00216466956772], [0.000813672493678, -0.000543878646567, -0.00221702107228, -0.00429117493331, 0.0108276484534, -0.0036586264614, -0.000187007492059, 0.00111015047878, -0.00424815202132, 0.00455117179081, -0.00328700849786, 0.000594882294536, 0.000859643507283], [-0.00010499660857, 0.000944563013036, -0.00151707103942, -0.00493349367753, -0.0036586264614, 0.0229311268777, -0.0065258173272, 0.00213575852104, -0.000589737610426, -0.00336293154396, 0.0036448740866, -0.00392585853115, -0.00360691850074], [-0.00111838197336, -0.00393202807754, -0.000372380076442, 0.00397301372141, -0.000187007492059, -0.0065258173272, 0.0124739566818, -0.00662856129929, 0.000253217091085, 0.00171233073343, -0.003491620766, 0.00220289942808, 0.00133837317117], [0.00134927348699, 7.49606260797e-05, -0.000232951919315, -0.00255983555689, 0.00111015047878, 0.00213575852104, -0.00662856129929, 0.0263044387102, -0.0135682420805, 0.000332106312271, -0.00600401777774, 0.00269945524633, -0.00131091487128], [-0.00065659469692, 0.00101151491981, 0.00254868110642, 0.000137295617606, -0.00424815202132, -0.000589737610426, 0.000253217091085, -0.0135682420805, 0.0269307978451, -0.00934989377856, 0.00617772946134, -0.00525279762223, 0.000915819546208], [0.00189988734201, 0.000129587002448, -0.00147557479795, -0.0017667185748, 0.00455117179081, -0.00336293154396, 0.00171233073343, 0.000332106312271, -0.00934989377856, 0.0240179225802, -0.0100225377828, 0.00589023577049, -0.00437231780961], [-0.00035295332782, -0.000681776553392, 0.000108209409518, 0.000780827598646, -0.00328700849786, 0.0036448740866, -0.003491620766, -0.00600401777774, 0.00617772946134, -0.0100225377828, 0.026455136016, -0.0114580523223, 0.00405530957505], [-0.000512605067343, -0.000887381844223, 0.00138974131551, -0.00121088104788, 0.000594882294536, -0.00392585853115, 0.00220289942808, 0.00269945524633, -0.00525279762223, 0.00589023577049, -0.0114580523223, 0.0313688591123, -0.0141884963959], [0.000182963660336, 0.000333962234436, -0.00137995113619, -0.00216466956772, 0.000859643507283, -0.00360691850074, 0.00133837317117, -0.00131091487128, 0.000915819546208, -0.00437231780961, 0.00405530957505, -0.0141884963959, 0.0254033822566]]
    },
    "spectral_contrast_coeffs": {
        "max": [-0.403213322163, -0.463384568691, -0.55141723156, -0.585169434547, -0.605864405632, -0.623474001884],
        "mean": [-0.741139888763, -0.721719861031, -0.756078660488, -0.792609572411, -0.778984248638, -0.744328737259],
        "min": [-0.894663691521, -0.894943594933, -0.901030302048, -0.883719265461, -0.86979752779, -0.872317194939],
        "stdev": [0.0674747079611, 0.0825817584991, 0.0495975837111, 0.0495125986636, 0.046442180872, 0.0345015563071]
    },
    "spectral_contrast_valleys": {
        "max": [-5.00089406967, -5.36362600327, -5.30256986618, -5.50679683685, -5.7184920311, -7.71267414093],
        "mean": [-7.90699386597, -7.04869270325, -6.60404539108, -6.77869844437, -7.00773000717, -9.47227668762],
        "min": [-12.2738361359, -9.0710439682, -8.79625988007, -8.63184738159, -9.19579315186, -11.3271522522],
        "stdev": [2.10788369179, 0.680754184723, 0.553434967995, 0.426787912846, 0.491794317961, 0.879445493221]
    }
},
"rhythm": {
    "beats_count": 64,
    "beats_loudness": {
        "max": 0.100054107606,
        "mean": 0.0343483015895,
        "min": 0.00160182814579,
        "stdev": 0.027599144727
    },
    "bpm": 172.265655518,
    "bpm_histogram_first_peak_bpm": 172,
    "bpm_histogram_first_peak_weight": 0,
    "bpm_histogram_second_peak_bpm": 167,
    "bpm_histogram_second_peak_spread": 0,
    "bpm_histogram_second_peak_weight": 0.222222223878,
    "danceability": 0.921377420425,
    "onset_rate": 1.83831691742,
    "beats_loudness_band_ratio": {
        "max": [0.856842875481, 0.170132189989, 0.552989006042, 0.672153234482, 0.386654376984, 0.288603752851],
        "mean": [0.3087413311, 0.0252925474197, 0.219073727727, 0.245226487517, 0.13518255949, 0.0894339233637],
        "min": [1.62924643519e-05, 0.000256497325609, 0.0105987079442, 0.0105119394138, 0.00954323913902, 0.0197514686733],
        "stdev": [0.321462601423, 0.0351418815553, 0.168060168624, 0.196838021278, 0.0938890576363, 0.0682236552238]
    },
    "beats_position": [0.46439909935, 0.9287981987, 1.39319729805, 1.84598636627, 2.29877543449, 2.73995471001, 3.1811337471, 3.62231278419, 4.06349182129, 4.51628112793, 4.96907043457, 5.4334692955, 5.89786815643, 6.35065746307, 6.80344676971, 7.25623559952, 7.72063493729, 8.17342376709, 8.6146030426, 9.07900238037, 9.54340076447, 10.0078001022, 10.4838094711, 10.9365987778, 11.4009971619, 11.8537864685, 12.3065757751, 12.782585144, 13.2585935593, 13.6068935394, 13.9551925659, 14.3034915924, 14.6517915726, 15.0000905991, 15.3367795944, 15.6734695435, 16.0101585388, 16.3584575653, 16.7067565918, 17.0550556183, 17.4033565521, 17.7632656097, 18.1231746674, 18.483083725, 18.8313827515, 19.179681778, 19.5395908356, 19.8878898621, 20.2361907959, 20.5844898224, 20.94439888, 21.3043079376, 21.6642169952, 22.0241260529, 22.3724250793, 22.7323360443, 23.0922451019, 23.4521541595, 23.800453186, 24.1487522125, 24.497051239, 24.8569602966, 25.2168693542, 25.5767803192],
