{
"metadata": {
    "version": {
        "essentia": "2.1-beta5",
        "essentia_git_sha": "Undefined",
        "extractor": "music 2.0"
    },
    "audio_properties": {
        "analysis": {
            "equal_loudness": 0,
            "length": 12.7477550507,
            "sample_rate": 44100,
            "start_time": 0,
            "downmix": "mix"
        },
        "bit_rate": 192000,
        "length": 204.080184937,
        "lossless": 0,
        "number_channels": 2,
        "replay_gain": -5.48734283447,
        "sample_rate": 48000,
        "codec": "mp3",
        "md5_encoded": "a1bf9b10499330f6cec7af44bc9b6788"
    },
    "tags": {
        "file_name": "Norway_I Feed You My Love_Margaret Berger.mp3",
        "encoding": ["Lavf58.29.100"]
    }
},
"lowlevel": {
    "average_loudness": 0.920585691929,
    "barkbands_crest": {
        "max": 19.8354225159,
        "mean": 7.97809743881,
        "min": 3.46303701401,
        "stdev": 2.75470423698
    },
    "barkbands_flatness_db": {
        "max": 0.311667650938,
        "mean": 0.151216045022,
        "min": 0.0596660971642,
        "stdev": 0.0554114431143
    },
    "barkbands_kurtosis": {
        "max": 15.5213508606,
        "mean": 2.17635154724,
        "min": -0.7104575634,
        "stdev": 1.76956796646
    },
    "barkbands_skewness": {
        "max": 3.16490602493,
        "mean": 0.643116950989,
        "min": -2.15562582016,
        "stdev": 1.24099445343
    },
    "barkbands_spread": {
        "max": 34.3112831116,
        "mean": 12.8042182922,
        "min": 1.75758004189,
        "stdev": 7.49916553497
    },
    "dissonance": {
        "max": 0.500000119209,
        "mean": 0.487541496754,
        "min": 0.352031201124,
        "stdev": 0.0143043594435
    },
    "dynamic_complexity": 1.74175727367,
    "erbbands_crest": {
        "max": 25.0294799805,
        "mean": 7.71317481995,
        "min": 2.71526479721,
        "stdev": 3.89839506149
    },
    "erbbands_flatness_db": {
        "max": 0.403250783682,
        "mean": 0.21911996603,
        "min": 0.0873515233397,
        "stdev": 0.0843027457595
    },
    "erbbands_kurtosis": {
        "max": 14.7996692657,
        "mean": 0.681916832924,
        "min": -1.46359980106,
        "stdev": 1.32767271996
    },
    "erbbands_skewness": {
        "max": 3.10650277138,
        "mean": 0.552567601204,
        "min": -0.884854733944,
        "stdev": 0.68449229002
    },
    "erbbands_spread": {
        "max": 67.2363052368,
        "mean": 21.0758342743,
        "min": 3.29660272598,
        "stdev": 11.2708511353
    },
    "hfc": {
        "max": 83.8835220337,
        "mean": 27.7474079132,
        "min": 1.00195831733e-16,
        "stdev": 20.8399105072
    },
    "loudness_ebu128": {
        "integrated": -15.8690891266,
        "loudness_range": 3.35169029236,
        "momentary": {
            "max": -13.60987854,
            "mean": -61.9808425903,
            "min": -300.691009521,
            "stdev": 104.215301514
        },
        "short_term": {
            "max": -14.2169895172,
            "mean": -16.4259433746,
            "min": -22.4019908905,
            "stdev": 1.57428896427
        }
    },
    "melbands_crest": {
        "max": 23.7253189087,
        "mean": 9.05158233643,
        "min": 1.6031345129,
        "stdev": 4.60334253311
    },
    "melbands_flatness_db": {
        "max": 0.29338991642,
        "mean": 0.147274449468,
        "min": 0.00335242250003,
        "stdev": 0.0694248974323
    },
    "melbands_kurtosis": {
        "max": 27.4584312439,
        "mean": 3.36206173897,
        "min": -1.39934325218,
        "stdev": 3.56709694862
    },
    "melbands_skewness": {
        "max": 4.39680194855,
        "mean": 1.24900817871,
        "min": -0.328175127506,
        "stdev": 0.767459928989
    },
    "melbands_spread": {
        "max": 160.784118652,
        "mean": 35.8204689026,
        "min": 2.75409221649,
        "stdev": 46.2894821167
    },
    "pitch_salience": {
        "max": 0.882447481155,
        "mean": 0.739553034306,
        "min": 0.40053743124,
        "stdev": 0.0678290575743
    },
    "silence_rate_20dB": {
        "max": 1,
        "mean": 1,
        "min": 1,
        "stdev": 0
    },
    "silence_rate_30dB": {
        "max": 1,
        "mean": 1,
        "min": 1,
        "stdev": 0
    },
    "silence_rate_60dB": {
        "max": 1,
        "mean": 0.192727267742,
        "min": 0,
        "stdev": 0.394444346428
    },
    "spectral_centroid": {
        "max": 11689.9892578,
        "mean": 3160.13696289,
        "min": 645.184875488,
        "stdev": 3718.36962891
    },
    "spectral_complexity": {
        "max": 44,
        "mean": 23.9599990845,
        "min": 0,
        "stdev": 12.3717441559
    },
    "spectral_decrease": {
        "max": 2.0627051557e-28,
        "mean": -5.9708180622e-09,
        "min": -1.5193123204e-08,
        "stdev": 3.90048082721e-09
    },
    "spectral_energy": {
        "max": 0.0649508908391,
        "mean": 0.025052016601,
        "min": 9.62206700001e-21,
        "stdev": 0.0163704361767
    },
    "spectral_energyband_high": {
        "max": 0.00285433232784,
        "mean": 0.000306566740619,
        "min": 6.4926323125e-21,
        "stdev": 0.000317632307997
    },
    "spectral_energyband_low": {
        "max": 0.00937310606241,
        "mean": 0.000548206851818,
        "min": 1.77405524803e-23,
        "stdev": 0.00151215342339
    },
    "spectral_energyband_middle_high": {
        "max": 0.0624560080469,
        "mean": 0.016067635268,
        "min": 1.23709848733e-21,
        "stdev": 0.0150447217748
    },
    "spectral_energyband_middle_low": {
        "max": 0.0370095819235,
        "mean": 0.00868123956025,
        "min": 1.88305238018e-22,
        "stdev": 0.0101596619934
    },
    "spectral_entropy": {
        "max": 9.82667160034,
        "mean": 8.00171947479,
        "min": 7.02077198029,
        "stdev": 0.850053668022
    },
    "spectral_flux": {
        "max": 0.180880963802,
        "mean": 0.0858263224363,
        "min": 6.21843479487e-11,
        "stdev": 0.0482187047601
    },
    "spectral_kurtosis": {
        "max": 16.7483406067,
        "mean": 5.84235525131,
        "min": -1.24468398094,
        "stdev": 3.8527841568
    },
    "spectral_rms": {
        "max": 0.00796032138169,
        "mean": 0.00435657612979,
        "min": 3.06388356526e-12,
        "stdev": 0.00233693234622
    },
    "spectral_rolloff": {
        "max": 19638.28125,
        "mean": 4731.59082031,
        "min": 624.462890625,
        "stdev": 6594.65039062
    },
    "spectral_skewness": {
        "max": 3.38182711601,
        "mean": 1.62710726261,
        "min": -0.0898919701576,
        "stdev": 0.792068779469
    },
    "spectral_spread": {
        "max": 42737916,
        "mean": 9884882,
        "min": 1906610.125,
        "stdev": 14432008
    },
    "spectral_strongpeak": {
        "max": 9.6376285553,
        "mean": 1.48254144192,
        "min": 0,
        "stdev": 1.59401452541
    },
    "zerocrossingrate": {
        "max": 0.5263671875,
        "mean": 0.140878900886,
        "min": 0.02294921875,
        "stdev": 0.169784486294
    },
    "barkbands": {
        "max": [6.15241879132e-05, 0.00126953783911, 0.00633128080517, 0.010330343619, 0.0247618481517, 0.0109863039106, 0.0109601784497, 0.0103458771482, 0.0136040868238, 0.017499724403, 0.0277873165905, 0.0314792394638, 0.00875619985163, 0.0142676308751, 0.00545459333807, 0.0143547439948, 0.00610882602632, 0.00263312575407, 0.00285585969687, 0.00262011308223, 0.00203091814183, 0.00126481871121, 0.000225459632929, 0.000249868404353, 0.000249665317824, 0.000115005859698, 6.87260253471e-05],
        "mean": [1.05227411495e-06, 0.000100302218925, 0.000260953907855, 0.000389331951737, 0.002220767783, 0.00134872528724, 0.00114249018952, 0.000841810193378, 0.00196575024165, 0.00299438531511, 0.00401849672198, 0.00350576476194, 0.00120570242871, 0.00107090093661, 0.000915247073863, 0.00142930366565, 0.000608462840319, 0.000360829464626, 0.000307000125758, 0.000135365335154, 9.32333277888e-05, 5.25146460859e-05, 3.59294826922e-05, 2.49666427408e-05, 1.48895014718e-05, 6.46864418741e-06, 1.37854158311e-06],
        "min": [3.70920869217e-25, 2.92420403488e-24, 1.14874418056e-24, 4.48666562693e-25, 7.31470485505e-24, 8.68084470438e-24, 1.05392889788e-23, 7.1199201092e-24, 2.49248191846e-23, 1.44398353905e-23, 1.17750245985e-23, 1.26337209931e-23, 3.62847964508e-23, 3.81788956604e-23, 5.41619338859e-23, 6.5785761459e-23, 7.30680709521e-23, 7.03123147529e-23, 1.21411802252e-22, 1.66420482081e-22, 1.9413131028e-22, 3.06473118011e-22, 3.62176568147e-22, 5.57657562638e-22, 7.97422103392e-22, 1.35932916506e-21, 1.69118106173e-21],
        "stdev": [3.67883058061e-06, 0.0002138040727, 0.000877702434082, 0.00139133620542, 0.00432576518506, 0.00236992770806, 0.00211805221625, 0.00139153376222, 0.00181902723853, 0.00309152039699, 0.00468280725181, 0.00494437338784, 0.00134477636311, 0.00138317374513, 0.000854123791214, 0.00199251319282, 0.000671896210406, 0.000362542778021, 0.000360982608981, 0.00018607491802, 0.000144570425618, 7.13072149665e-05, 2.97719197988e-05, 2.48738888331e-05, 2.07992870855e-05, 1.17081581266e-05, 4.50137758889e-06]
    },
    "erbbands": {
        "max": [0.0144464308396, 0.396987974644, 4.69455003738, 20.0954971313, 48.0124969482, 112.659751892, 94.9624633789, 109.805839539, 190.248825073, 150.921066284, 202.159973145, 326.916320801, 482.210845947, 606.582214355, 1312.89660645, 1112.9519043, 379.751220703, 862.286804199, 342.851715088, 682.145751953, 971.383789062, 201.33265686, 125.906616211, 96.0443649292, 147.521194458, 134.41104126, 69.6100921631, 104.016441345, 41.7211112976, 9.24656295776, 6.41583442688, 5.83006620407, 5.02108383179, 3.42228078842, 1.36828780174, 0.799337565899, 0.153428837657, 0.0719154179096, 0.013724450022, 0.000308029120788],
        "mean": [0.00166083860677, 0.0300731975585, 0.231009945273, 0.918238759041, 2.69761872292, 9.68958759308, 10.1367321014, 12.0475826263, 16.5622768402, 15.6277914047, 21.1425991058, 42.6662216187, 77.0823974609, 118.347572327, 177.970657349, 132.188110352, 61.0511207581, 61.4356765747, 47.4663352966, 57.5093841553, 76.9734268188, 33.7831764221, 20.8128376007, 17.7940044403, 12.4087686539, 6.59020137787, 4.89481115341, 3.16005349159, 1.96416676044, 1.32661473751, 0.992628514767, 0.610017895699, 0.361675083637, 0.193981677294, 0.0904576927423, 0.0338375940919, 0.0102629354224, 0.00250329100527, 0.000271588447504, 3.80595774914e-05],
        "min": [1.11368088316e-22, 5.89350686905e-22, 1.72013420071e-21, 6.36592706425e-21, 1.04804526781e-20, 3.06151015375e-20, 3.57354367709e-20, 6.1991868398e-20, 9.67649386873e-20, 1.93913572857e-19, 2.55368000039e-19, 5.34146245388e-19, 5.50953676556e-19, 5.1447423606e-19, 5.76492671173e-19, 1.55478212104e-18, 1.74673620642e-18, 2.14958908796e-18, 3.01459191364e-18, 2.59054831917e-18, 3.8753887327e-18, 4.49857419848e-18, 5.02258815345e-18, 5.83456105044e-18, 7.53014027188e-18, 8.50505037875e-18, 8.00880074105e-18, 8.41858022624e-18, 1.0375659777e-17, 1.1382290606e-17, 1.12014962211e-17, 1.15625961272e-17, 9.34243922725e-18, 7.77513297135e-18, 6.12508797468e-18, 4.10339362392e-18, 2.2669143181e-18, 9.57357230875e-19, 2.34527623945e-19, 2.57159999594e-20],
        "stdev": [0.00308422814123, 0.0650287568569, 0.689294934273, 3.01595973969, 7.21720409393, 19.0449028015, 17.233215332, 22.3684196472, 33.4125099182, 25.9929523468, 29.2448348999, 39.926410675, 71.9318008423, 122.236846924, 216.052612305, 180.068557739, 65.6538009644, 79.4130935669, 45.2472839355, 69.0516433716, 108.233573914, 32.6357383728, 19.5677547455, 18.9760856628, 17.3955860138, 8.63525390625, 6.49731636047, 6.68883371353, 2.70151662827, 1.07723176479, 0.845736801624, 0.577142834663, 0.418596982956, 0.258661031723, 0.136049762368, 0.0609342344105, 0.018228540197, 0.00619253981858, 0.000916737189982, 3.24548673234e-05]
    },
    "gfcc": {
        "mean": [-233.42906189, 41.570148468, -163.996856689, -19.441488266, -63.0340766907, 4.27402162552, -33.6763725281, 1.34386694431, -24.6729373932, -9.00725746155, -16.7355422974, 0.467096120119, -4.9062333107],
        "cov": [[236483.421875, 10317.3173828, -35781.359375, -3937.44433594, -14240, 824.07635498, -7815.41601562, 277.756561279, -5556.1796875, -1821.48901367, -3802.53417969, 90.2718200684, -1152.33862305], [10317.3173828, 1462.74255371, -22.9002456665, 276.248809814, -459.386077881, -105.361129761, -454.539398193, -19.9080238342, -150.653656006, 91.8912811279, -153.173171997, 12.5932769775, -101.041969299], [-35781.359375, -22.9002456665, 8415.171875, 1428.2734375, 2431.63574219, -375.455596924, 949.696228027, -69.1194839478, 939.868225098, 622.901245117, 572.182006836, 9.54257202148, 60.1898841858], [-3937.44433594, 276.248809814, 1428.2734375, 341.745849609, 332.273986816, -77.5624465942, 73.1554946899, -10.6940488815, 118.89074707, 124.100097656, 62.2735214233, 1.96786105633, -15.0166959763], [-14240, -459.386077881, 2431.63574219, 332.273986816, 927.351379395, -57.4693603516, 461.744934082, -25.3790092468, 345.201812744, 134.288970947, 227.72038269, -7.10374498367, 56.0736236572], [824.07635498, -105.361129761, -375.455596924, -77.5624465942, -57.4693603516, 73.0629119873, -4.33347558975, 9.46298408508, -35.2910957336, -43.0181808472, -23.8477878571, -3.41499066353, -5.34740447998], [-7815.41601562, -454.539398193, 949.696228027, 73.1554946899, 461.744934082, -4.33347558975, 337.066497803, -8.54236507416, 174.642227173, 31.0475120544, 133.977722168, -13.6981639862, 45.3253555298], [277.756561279, -19.9080238342, -69.1194839478, -10.6940488815, -25.3790092468, 9.46298408508, -8.54236507416, 41.2396583557, 2.01257777214, 0.165574356914, -1.24140965939, 6.78043937683, -2.84010529518], [-5556.1796875, -150.653656006, 939.868225098, 118.89074707, 345.201812744, -35.2910957336, 174.642227173, 2.01257777214, 178.350479126, 74.8057022095, 102.837928772, 5.05744075775, 35.4159431458], [-1821.48901367, 91.8912811279, 622.901245117, 124.100097656, 134.288970947, -43.0181808472, 31.0475120544, 0.165574356914, 74.8057022095, 92.7135238647, 49.735710144, 9.08317089081, 4.16985940933], [-3802.53417969, -153.173171997, 572.182006836, 62.2735214233, 227.72038269, -23.8477878571, 133.977722168, -1.24140965939, 102.837928772, 49.735710144, 106.698577881, 13.2534332275, 27.8784313202], [90.2718200684, 12.5932769775, 9.54257202148, 1.96786105633, -7.10374498367, -3.41499066353, -13.6981639862, 6.78043937683, 5.05744075775, 9.08317089081, 13.2534332275, 30.4618015289, 9.71488666534], [-1152.33862305, -101.041969299, 60.1898841858, -15.0166959763, 56.0736236572, -5.34740447998, 45.3253555298, -2.84010529518, 35.4159431458, 4.16985940933, 27.8784313202, 9.71488666534, 38.3347549438]],
        "icov": [[0.000318775593769, -0.00114091695286, 0.000859080813825, -0.000659923243802, 0.00132557901088, -0.00013928442786, 0.000454112741863, -0.000473531370517, 0.00200233561918, -0.00171792414039, 0.000933133589569, -0.000384133076295, 0.000193113446585], [-0.00114091695286, 0.00779060879722, -0.00333496765234, -0.00381553685293, 0.000296191283269, 0.000695651280694, 0.00055829656776, 0.00530329532921, -0.0114502953365, 0.00815645232797, -0.00380231696181, 0.00131402036641, 0.0015001418069], [0.000859080813825, -0.00333496765234, 0.004801009316, -0.00469114910811, -0.00190067605581, 0.00300134252757, 0.00130822928622, -0.00167713756673, 0.00556427659467, -0.00870973989367, 0.00422552227974, -0.00249197147787, 0.00255102990195], [-0.000659923243802, -0.00381553685293, -0.00469114910811, 0.0290792230517, -0.012350355275, 0.00105955055915, -0.00106352521107, -0.00630145100877, 0.00811005663127, -0.00541015667841, 0.00178357225377, 0.000962403370067, -0.000578756735194], [0.00132557901088, 0.000296191283269, -0.00190067605581, -0.012350355275, 0.0355471298099, -0.0109432870522, -0.0042962403968, 0.00852260924876, -0.00883560068905, 0.0088809132576, -0.00362890353426, 0.000782753282692, 0.000599860562943], [-0.00013928442786, 0.000695651280694, 0.00300134252757, 0.00105955055915, -0.0109432870522, 0.027744082734, -0.00103351462167, -0.00529405474663, 0.00291035394184, -0.00170686200727, 0.00663904752582, -0.00502520659938, 0.00799855124205], [0.000454112741863, 0.00055829656776, 0.00130822928622, -0.00106352521107, -0.0042962403968, -0.00103351462167, 0.0200222320855, -0.00112303870264, 0.000510151206981, 0.00320840184577, -0.00820954889059, 0.00945377722383, -0.00221089459956], [-0.000473531370517, 0.00530329532921, -0.00167713756673, -0.00630145100877, 0.00852260924876, -0.00529405474663, -0.00112303870264, 0.0343626439571, -0.0168761145324, 0.00562059367076, -0.00188385392539, -0.00748519459739, 0.00882443040609], [0.00200233561918, -0.0114502953365, 0.00556427659467, 0.00811005663127, -0.00883560068905, 0.00291035394184, 0.000510151206981, -0.0168761145324, 0.0524840168655, -0.0279437135905, 0.00483929924667, 0.000496848602779, -0.01316697523], [-0.00171792414039, 0.00815645232797, -0.00870973989367, -0.00541015667841, 0.0088809132576, -0.00170686200727, 0.00320840184577, 0.00562059367076, -0.0279437135905, 0.0535021722317, -0.0213383436203, 0.00515167973936, -0.000982762663625], [0.000933133589569, -0.00380231696181, 0.00422552227974, 0.00178357225377, -0.00362890353426, 0.00663904752582, -0.00820954889059, -0.00188385392539, 0.00483929924667, -0.0213383436203, 0.0402496084571, -0.018314531073, 0.0011137916008], [-0.000384133076295, 0.00131402036641, -0.00249197147787, 0.000962403370067, 0.000782753282692, -0.00502520659938, 0.00945377722383, -0.00748519459739, 0.000496848602779, 0.00515167973936, -0.018314531073, 0.0518349185586, -0.0182086154819], [0.000193113446585, 0.0015001418069, 0.00255102990195, -0.000578756735194, 0.000599860562943, 0.00799855124205, -0.00221089459956, 0.00882443040609, -0.01316697523, -0.000982762663625, 0.0011137916008, -0.0182086154819, 0.0511948466301]]
    },
    "melbands": {
        "max": [0.000201942035346, 0.00175776320975, 0.00387791451067, 0.0056220991537, 0.00283644511364, 0.00235711317509, 0.00267159962095, 0.00174878432881, 0.00154899829067, 0.00225679669529, 0.00244502024725, 0.00246591260657, 0.00407652650028, 0.00452504772693, 0.001331354375, 0.00094297126634, 0.0018909831997, 0.000574543897528, 0.000443400174845, 0.00111214304343, 0.00111609708983, 0.00031557388138, 0.000199907328351, 0.000167571677594, 9.27924338612e-05, 0.000106897292426, 9.57069714786e-05, 0.00011434523185, 6.34397147223e-05, 4.77430730825e-05, 7.53849744797e-05, 3.51399321517e-05, 4.25522193837e-06, 5.18139677297e-06, 3.83082488042e-06, 5.43773785466e-06, 2.91064816338e-06, 4.49782783107e-06, 1.96438190869e-06, 3.4434385725e-06],
        "mean": [2.13466846617e-05, 9.96347298496e-05, 0.000197732559172, 0.000429816223914, 0.000402486213716, 0.000271634868113, 0.000244210241362, 0.000169878301676, 0.000178169095307, 0.000289615243673, 0.000388029060559, 0.000459842151031, 0.00059368199436, 0.000444760458777, 0.000206370576052, 0.000117482843052, 0.000113664093078, 7.31923137209e-05, 6.98599760653e-05, 8.95872435649e-05, 8.70412332006e-05, 3.56745440513e-05, 2.28945100389e-05, 1.60149611474e-05, 1.4459275917e-05, 9.98785071715e-06, 6.01411238677e-06, 4.13202815253e-06, 3.43750616594e-06, 2.20652941607e-06, 1.69802262917e-06, 1.17035995117e-06, 8.46296245527e-07, 6.92783601153e-07, 6.08530854151e-07, 4.26946286325e-07, 3.54133391056e-07, 2.65719762638e-07, 2.00915138748e-07, 1.51952789906e-07],
        "min": [1.17263907321e-24, 1.58456577044e-24, 1.42528804836e-24, 1.63520383663e-24, 1.5537764307e-24, 1.55125937277e-24, 1.91829594019e-24, 1.83364110709e-24, 1.80210225088e-24, 3.27981069804e-24, 2.45140202627e-24, 1.7086920478e-24, 1.36827845124e-24, 3.5302164486e-24, 2.56057623403e-24, 2.28725939898e-24, 3.53346340008e-24, 4.10480537702e-24, 4.69952524688e-24, 3.51530027217e-24, 4.19766850506e-24, 3.7553916664e-24, 3.72877116072e-24, 3.22307582173e-24, 4.14192009932e-24, 4.34743572007e-24, 5.57539277679e-24, 4.53419183406e-24, 4.0863740364e-24, 4.70691687357e-24, 3.82291421558e-24, 5.01252789914e-24, 5.76374081209e-24, 5.0878487328e-24, 5.79901472746e-24, 5.66936228225e-24, 5.46302664058e-24, 5.65854542151e-24, 5.5169717103e-24, 6.15565361512e-24],
        "stdev": [4.17722731072e-05, 0.000275264872471, 0.000582549488172, 0.000890023482498, 0.000682460027747, 0.000501921982504, 0.000478362926515, 0.000288374867523, 0.00023736107687, 0.000267606694251, 0.000370164023479, 0.000492863764521, 0.000706788676325, 0.000665553787258, 0.000274105317658, 0.000130861822981, 0.000165344565175, 7.40835166653e-05, 6.98466828908e-05, 0.000127369814436, 0.000125943464809, 3.85610037483e-05, 2.62830271822e-05, 1.81446848728e-05, 1.66495465237e-05, 1.30293637994e-05, 8.38346841192e-06, 6.65001789457e-06, 5.34929267815e-06, 3.0045641779e-06, 4.51595178674e-06, 2.00437534659e-06, 6.81282301684e-07, 6.08776701938e-07, 5.28652549292e-07, 4.6366881179e-07, 3.3189462556e-07, 3.32205758014e-07, 2.30511517429e-07, 2.3829667839e-07]
    },
    "melbands128": {
        "max": [3.12018928526e-05, 0.00010104028479, 0.000278056802927, 0.000838462612592, 0.00198692129925, 0.00360901956446, 0.00479242298752, 0.00588138820603, 0.00550725823268, 0.00831284094602, 0.00746462726966, 0.00528647936881, 0.00432791188359, 0.0034747896716, 0.00302976649255, 0.00278498907574, 0.00355692766607, 0.00346022029407, 0.00275254854932, 0.00215079588816, 0.00272560329176, 0.00306241959333, 0.00198867567815, 0.00263333041221, 0.00212517310865, 0.00345355039462, 0.00364538584836, 0.00363862491213, 0.00308288214728, 0.00445826165378, 0.00381806539372, 0.00430548656732, 0.00736957229674, 0.00625374959782, 0.00954625755548, 0.00735732819885, 0.00414068298414, 0.00231977924705, 0.00103342242073, 0.00117232184857, 0.00154673971701, 0.00172499846667, 0.00329837319441, 0.00161843770184, 0.00099514471367, 0.000718575669453, 0.000712667708285, 0.000416502356529, 0.000516622327268, 0.00170393206645, 0.00155117816757, 0.00180879374966, 0.00290845055133, 0.000685695558786, 0.0010864889482, 0.000199441754376, 0.000231114623602, 0.000379955366952, 0.000225124429562, 0.000155356014147, 0.00025857044966, 0.000176705259946, 0.000152120992425, 0.00020260909514, 0.000129723659484, 9.99701805995e-05, 0.000226709074923, 0.000161454532645, 9.24915293581e-05, 6.84135447955e-05, 7.68494137446e-05, 0.000234390579863, 0.000131744105602, 6.31015864201e-05, 6.61624289933e-05, 3.00653828162e-05, 5.34243445145e-05, 0.00011491101759, 0.000111629000457, 9.0302884928e-05, 4.97123583045e-05, 9.56553139986e-06, 7.72141447669e-06, 4.33507784692e-06, 9.52495247475e-06, 9.32116290642e-06, 6.94533218848e-06, 4.09443373428e-06, 4.60432784166e-06, 4.01983061238e-06, 7.59282647778e-06, 6.17926571067e-06, 5.32507738171e-06, 3.14810108648e-06, 3.68841392628e-06, 5.53188556296e-06, 5.49725427845e-06, 2.84412021756e-06, 2.10248072108e-06, 3.2733585158e-06, 1.9425328901e-06, 4.10208940593e-06, 4.55487088402e-06, 3.12205975206e-06, 2.53111375059e-06, 7.90234594206e-07, 1.42584781315e-06, 2.27233249461e-06, 1.94924950847e-06, 1.36155438213e-06, 1.32332547764e-06, 6.02694171903e-07, 4.76995580811e-07, 5.13403733748e-07, 9.16126339234e-07, 1.32178399781e-06, 4.98744213928e-07, 6.7643895818e-07, 1.05015908503e-06, 8.9271128445e-07, 2.86588829113e-07, 2.00022881813e-07, 2.37161017935e-07, 2.08079722341e-08, 4.7588084584e-09, 4.69654359847e-09, 4.64575089509e-09, 4.61555238473e-09],
        "mean": [6.2911965415e-07, 7.96812946646e-06, 2.76082610071e-05, 5.11601901962e-05, 8.84129403858e-05, 0.000142448188853, 0.00017927295994, 0.00019948942645, 0.00023793822038, 0.000386072002584, 0.000630014634226, 0.000517870939802, 0.000315743585816, 0.000292336510029, 0.000288710987661, 0.000229389988817, 0.000292000826448, 0.000254398124525, 0.000175388835487, 0.000170479572262, 0.00016720223357, 0.000170611776412, 0.000171925392351, 0.000188775462448, 0.000249502947554, 0.000334789627232, 0.000380391604267, 0.000383138889447, 0.000387414154829, 0.00048539909767, 0.00044170950423, 0.000495528744068, 0.000711839529686, 0.000565806869417, 0.000486046134029, 0.000432667584391, 0.000334441836458, 0.000213594408706, 0.000115112488857, 0.000111335313704, 0.000128591243993, 0.000107068786747, 0.000133842593641, 0.000105219362013, 6.82531099301e-05, 7.14811176294e-05, 7.55144646973e-05, 6.33192539681e-05, 6.86657804181e-05, 8.20023778942e-05, 8.31169963931e-05, 0.000103346363176, 0.000125126040075, 5.85925772612e-05, 5.26342555531e-05, 3.17857775372e-05, 2.38067113969e-05, 2.73932473647e-05, 2.20634410653e-05, 1.56214446179e-05, 1.62773721968e-05, 1.53669388965e-05, 1.45968642755e-05, 1.62385640579e-05, 1.10800574475e-05, 7.66149878473e-06, 1.20140548461e-05, 8.06316893431e-06, 3.77805395146e-06, 4.09892481912e-06, 4.22072298534e-06, 3.96356836063e-06, 4.48429454991e-06, 3.29597196469e-06, 2.32979164139e-06, 2.35182210417e-06, 2.11011229112e-06, 1.7972798787e-06, 1.63424101629e-06, 1.66426286796e-06, 1.21309506085e-06, 1.00077647858e-06, 9.3664709766e-07, 8.73277144819e-07, 7.07730976046e-07, 7.20852995073e-07, 7.08506320279e-07, 6.0875163399e-07, 6.4724213189e-07, 5.84501549383e-07, 4.26617873472e-07, 3.97228831162e-07, 3.87797172152e-07, 3.36214839081e-07, 3.74203068532e-07, 2.80288787735e-07, 2.47822526944e-07, 2.26446957186e-07, 2.11684707097e-07, 1.84846712159e-07, 1.53341545683e-07, 1.50469119831e-07, 1.4352158928e-07, 1.29901053469e-07, 1.00240370671e-07, 7.81286573215e-08, 7.17374746273e-08, 6.50633964483e-08, 5.74278580245e-08, 5.19523268849e-08, 4.22103738629e-08, 3.28148352935e-08, 2.89438659706e-08, 2.85564532021e-08, 2.755463413e-08, 2.51635796644e-08, 1.94188594094e-08, 9.67732649571e-09, 9.60108703651e-09, 8.96037111175e-09, 6.47096687345e-09, 4.65488669832e-09, 2.57126187009e-09, 1.24604798701e-10, 1.22302263802e-11, 1.1979489449e-11, 1.18036622143e-11, 1.17223479187e-11],
        "min": [1.24493566067e-25, 3.23749600186e-25, 5.73262853241e-25, 5.26417137246e-25, 7.63491631547e-25, 6.00858637516e-25, 3.45530320951e-25, 2.38629856836e-25, 6.93520458115e-25, 5.64383878626e-25, 2.92268059656e-25, 1.06112490678e-24, 7.65762269055e-25, 3.93608262332e-25, 6.01130646617e-25, 9.40783091007e-25, 1.78897962368e-25, 6.88552064222e-25, 1.09375022167e-24, 6.83289178693e-25, 7.64308447711e-25, 4.59764701642e-25, 3.83204370284e-25, 3.21437769348e-25, 1.20344931776e-24, 8.81440437766e-25, 4.83638886685e-25, 9.10781330275e-25, 7.88678974175e-25, 1.1450247014e-24, 9.3056300355e-25, 6.81847584693e-25, 3.62210415013e-25, 8.56714184338e-25, 1.18745841696e-24, 4.47240696607e-25, 3.53474322829e-25, 1.59784851175e-24, 7.40413209942e-25, 1.95315136486e-24, 1.04382045397e-24, 1.32977868641e-24, 1.43637933408e-24, 1.69100065871e-24, 1.54319889065e-24, 4.06977729042e-25, 2.2514257868e-24, 2.03528933725e-24, 1.87841192169e-24, 7.42650764596e-25, 1.11110437272e-24, 1.92188565174e-24, 1.96315826266e-24, 1.60503809144e-24, 1.3308561718e-24, 1.10489810816e-24, 7.40999580114e-25, 2.67240515596e-24, 1.99458391732e-24, 2.15216696897e-24, 2.19882178062e-24, 1.71546303817e-24, 2.26031782692e-24, 2.21054228152e-24, 1.65071747658e-24, 2.25927515002e-24, 2.64656345321e-24, 2.8439908831e-24, 2.38207811321e-24, 2.68235249476e-24, 2.82734749572e-24, 2.18341572157e-24, 3.32737979948e-24, 2.77850004517e-24, 1.74466607723e-24, 2.24666698338e-24, 3.11755739262e-24, 2.27786485446e-24, 3.37798759313e-24, 3.25855069942e-24, 3.16256249891e-24, 3.49376989148e-24, 3.5308317601e-24, 3.84931029033e-24, 3.22080824106e-24, 4.42341249157e-24, 3.33859109067e-24, 4.15092691871e-24, 4.5752587495e-24, 3.1511825887e-24, 3.57807269541e-24, 4.42984683555e-24, 3.39898983144e-24, 3.32369069146e-24, 4.63932056589e-24, 3.41928130608e-24, 4.92080901384e-24, 3.5397092063e-24, 2.5466897183e-24, 3.27136909749e-24, 4.17332820183e-24, 4.46115790817e-24, 4.20023388073e-24, 3.76344830282e-24, 4.2716731243e-24, 4.23655974212e-24, 4.70564128548e-24, 4.03537654546e-24, 5.1935833098e-24, 5.55455974914e-24, 4.23025832121e-24, 4.43999553109e-24, 5.39729874996e-24, 5.30688582389e-24, 5.53119881672e-24, 5.15357938443e-24, 4.78806147286e-24, 5.06855437835e-24, 5.71628885648e-24, 5.96334825909e-24, 5.69076565633e-24, 5.81343826025e-24, 5.5416626622e-24, 5.97421836793e-24, 5.48793768468e-24, 5.89036639801e-24, 5.98603865973e-24, 5.64743116022e-24],
        "stdev": [1.93550363292e-06, 1.69549402926e-05, 5.59873005841e-05, 0.000125608494272, 0.00026188060292, 0.000506994256284, 0.000652716087643, 0.000732480781153, 0.000753879721742, 0.00100626412313, 0.00126718648244, 0.000979544245638, 0.000600991072133, 0.000566688016988, 0.000558589294087, 0.000481589377159, 0.000660506892018, 0.000536061241291, 0.000323943124386, 0.000316220248351, 0.000350839691237, 0.000317954545608, 0.000259215361439, 0.000283245462924, 0.000292725075269, 0.000366833730368, 0.000429398642154, 0.000457217363873, 0.000490223697852, 0.000673074799124, 0.000548263895325, 0.000672902679071, 0.00101683835965, 0.000890761555638, 0.000979789532721, 0.000831762561575, 0.000576317077503, 0.000355829193722, 0.000162399985129, 0.0001471114374, 0.000189187048818, 0.000138530886034, 0.00027099851286, 0.000166995450854, 9.12651885301e-05, 8.51175136631e-05, 8.82047097548e-05, 7.15573842172e-05, 7.83786526881e-05, 0.000146714053699, 0.000148214312503, 0.000204308904358, 0.000260890607024, 8.58481726027e-05, 9.33177798288e-05, 3.7130961573e-05, 2.73415753327e-05, 4.55188201158e-05, 2.77871349681e-05, 1.734180114e-05, 2.50458306255e-05, 2.07984739973e-05, 1.93186151591e-05, 2.41561283474e-05, 1.58280508913e-05, 1.21559787658e-05, 2.45596966124e-05, 1.55259513122e-05, 5.30895067641e-06, 5.42752968613e-06, 5.94672610532e-06, 1.14680406114e-05, 9.99396706902e-06, 5.38973790754e-06, 3.92258607462e-06, 2.85812939183e-06, 3.32919148605e-06, 5.52599203729e-06, 5.54074222237e-06, 5.34240416528e-06, 2.58235422734e-06, 1.17180297821e-06, 9.72628185991e-07, 7.61406624861e-07, 7.22731840597e-07, 9.02183785456e-07, 7.33634294647e-07, 5.7350877114e-07, 6.6846126856e-07, 5.9281353515e-07, 5.53951736038e-07, 4.97824032664e-07, 4.43618546342e-07, 3.41830997286e-07, 4.02684122491e-07, 3.72505866153e-07, 4.08838275234e-07, 3.05061661265e-07, 2.53687943541e-07, 2.50409755154e-07, 2.04733666465e-07, 2.72108849231e-07, 2.94977382964e-07, 2.53974860698e-07, 1.76638394578e-07, 1.01898450566e-07, 1.07981463771e-07, 1.31768899791e-07, 1.30712138002e-07, 1.14307837862e-07, 9.2635367821e-08, 5.8238935452e-08, 5.17213436524e-08, 5.84265791304e-08, 7.42689394428e-08, 7.54522346824e-08, 4.6980495938e-08, 3.80643641051e-08, 5.34380930617e-08, 4.68266492248e-08, 2.59382559875e-08, 1.90635898178e-08, 1.35399078616e-08, 1.06431030655e-09, 2.02652797321e-10, 2.00004485196e-10, 1.978432973e-10, 1.96557478627e-10]
    },
    "mfcc": {
        "mean": [-741.867431641, 79.6958465576, -59.2142448425, -25.2108135223, -22.0433235168, -9.87258338928, -8.99143218994, 1.09549033642, -4.88846540451, -6.45082330704, -11.7512016296, -7.34748077393, -4.93655395508],
        "cov": [[61824.5664062, 9678.73632812, -6259.49804688, -2581.02856445, -2374.57202148, -1108.07531738, -1077.4552002, 4.14150571823, -573.436340332, -715.54486084, -1303.43884277, -802.520629883, -564.509277344], [9678.73632812, 2302.87060547, 111.336334229, 125.829849243, -60.2550086975, -110.781646729, -230.563064575, -123.316940308, -88.6722412109, -74.8902893066, -86.356262207, -97.8119430542, -113.399330139], [-6259.49804688, 111.336334229, 2604.0793457, 1172.27368164, 786.828491211, 200.474487305, 38.6001815796, -234.775024414, 54.1805305481, 126.736198425, 333.232208252, 131.294570923, 13.1607933044], [-2581.02856445, 125.829849243, 1172.27368164, 591.655517578, 355.301177979, 95.4906311035, 20.5531787872, -109.426399231, 20.9221725464, 61.8124923706, 147.984832764, 59.4262046814, 7.42107343674], [-2374.57202148, -60.2550086975, 786.828491211, 355.301177979, 297.551177979, 77.3314666748, 11.6997556686, -58.5884056091, 23.5614280701, 39.3402671814, 110.20565033, 42.0970497131, 3.51247048378], [-1108.07531738, -110.781646729, 200.474487305, 95.4906311035, 77.3314666748, 71.1616516113, 30.7468471527, -7.85114002228, 15.1533164978, 11.9869623184, 31.9164142609, 18.6502895355, 3.22551202774], [-1077.4552002, -230.563064575, 38.6001815796, 20.5531787872, 11.6997556686, 30.7468471527, 71.8752670288, 23.1028614044, 5.71281528473, 10.4286003113, 13.0101299286, 12.640291214, 12.1800813675], [4.14150571823, -123.316940308, -234.775024414, -109.426399231, -58.5884056091, -7.85114002228, 23.1028614044, 68.270324707, 7.43482017517, -9.79528522491, -24.7208938599, -7.23211240768, 3.93626856804], [-573.436340332, -88.6722412109, 54.1805305481, 20.9221725464, 23.5614280701, 15.1533164978, 5.71281528473, 7.43482017517, 36.8035316467, 9.79621982574, 11.3245429993, 6.97337532043, -0.604320049286], [-715.54486084, -74.8902893066, 126.736198425, 61.8124923706, 39.3402671814, 11.9869623184, 10.4286003113, -9.79528522491, 9.79621982574, 43.0803222656, 31.0572738647, 11.8157482147, 7.34140539169], [-1303.43884277, -86.356262207, 333.232208252, 147.984832764, 110.20565033, 31.9164142609, 13.0101299286, -24.7208938599, 11.3245429993, 31.0572738647, 78.3070297241, 27.2769298553, 4.10881376266], [-802.520629883, -97.8119430542, 131.294570923, 59.4262046814, 42.0970497131, 18.6502895355, 12.640291214, -7.23211240768, 6.97337532043, 11.8157482147, 27.2769298553, 42.9903488159, 19.4429244995], [-564.509277344, -113.399330139, 13.1607933044, 7.42107343674, 3.51247048378, 3.22551202774, 12.1800813675, 3.93626856804, -0.604320049286, 7.34140539169, 4.10881376266, 19.4429244995, 43.8845748901]],
        "icov": [[0.000345187727362, -0.00143555365503, 0.000621069106273, 0.000406930601457, 3.02937460219e-05, 0.000877416401636, -0.00074245466385, 0.000765174161643, 8.43987800181e-05, 0.000457726680906, 0.000495600746945, 1.14110353024e-05, 0.000419381773099], [-0.00143555365503, 0.00705128721893, -0.00275967479683, -0.00311779789627, 0.00129364349414, -0.00376408151351, 0.00618563732132, -0.00366971758194, 0.00146101461723, -0.00134163617622, -0.000841864792164, 0.000600623781793, -4.78737165395e-05], [0.000621069106273, -0.00275967479683, 0.00708657782525, -0.00611378112808, -0.00575017277151, 0.00342167611234, -0.00367011362687, 0.00573574891314, -0.00193269934971, 0.00236598122865, -0.00267614098266, -0.000580633291975, 0.000564952613786], [0.000406930601457, -0.00311779789627, -0.00611378112808, 0.0187314059585, -0.002508695703, -0.000717498594895, -0.0055026197806, 0.00299553037621, -2.19923913392e-05, -0.00354029959999, 0.00148526392877, -0.00100468308665, -0.00174592225812], [3.02937460219e-05, 0.00129364349414, -0.00575017277151, -0.002508695703, 0.022881263867, -0.00758150732145, 0.00984640792012, -0.00723854824901, 0.00219526677392, 0.00178478041198, -0.00372281763703, 0.00205878191628, 0.00169153336901], [0.000877416401636, -0.00376408151351, 0.00342167611234, -0.000717498594895, -0.00758150732145, 0.0294964388013, -0.0140912123024, 0.00648038834333, -0.00701451348141, 0.00407830998302, 0.000814305967651, -0.00374088436365, 0.00322615960613], [-0.00074245466385, 0.00618563732132, -0.00367011362687, -0.0055026197806, 0.00984640792012, -0.0140912123024, 0.0351749323308, -0.0164476390928, 0.00970061868429, -0.00346383778378, 0.000968425825704, 0.000852222903632, 0.000669469067361], [0.000765174161643, -0.00366971758194, 0.00573574891314, 0.00299553037621, -0.00723854824901, 0.00648038834333, -0.0164476390928, 0.0343221835792, -0.0106798987836, 0.00481364084408, -0.000819526030682, 0.000767639663536, -0.00149274850264], [8.43987800181e-05, 0.00146101461723, -0.00193269934971, -2.19923913392e-05, 0.00219526677392, -0.00701451348141, 0.00970061868429, -0.0106798987836, 0.038289822638, -0.00709988642484, 0.00392233394086, -0.00264145294204, 0.00656777760014], [0.000457726680906, -0.00134163617622, 0.00236598122865, -0.00354029959999, 0.00178478041198, 0.00407830998302, -0.00346383778378, 0.00481364084408, -0.00709988642484, 0.0372622981668, -0.0139044541866, 0.00299426191486, -0.00395882315934], [0.000495600746945, -0.000841864792164, -0.00267614098266, 0.00148526392877, -0.00372281763703, 0.000814305967651, 0.000968425825704, -0.000819526030682, 0.00392233394086, -0.0139044541866, 0.0412516146898, -0.0102052874863, 0.00783319212496], [1.14110353024e-05, 0.000600623781793, -0.000580633291975, -0.00100468308665, 0.00205878191628, -0.00374088436365, 0.000852222903632, 0.000767639663536, -0.00264145294204, 0.00299426191486, -0.0102052874863, 0.0406990088522, -0.015765722841], [0.000419381773099, -4.78737165395e-05, 0.000564952613786, -0.00174592225812, 0.00169153336901, 0.00322615960613, 0.000669469067361, -0.00149274850264, 0.00656777760014, -0.00395882315934, 0.00783319212496, -0.015765722841, 0.0347637087107]]
    },
    "spectral_contrast_coeffs": {
        "max": [-0.465430915356, -0.658374905586, -0.602949619293, -0.704775929451, -0.673866510391, -0.679566085339],
        "mean": [-0.712644994259, -0.835125565529, -0.807351768017, -0.841841459274, -0.817314386368, -0.800610721111],
        "min": [-0.98061388731, -0.985764861107, -0.975746333599, -0.973150730133, -0.968532860279, -0.96677750349],
        "stdev": [0.131426647305, 0.0737962424755, 0.0806808844209, 0.0636334940791, 0.0727090314031, 0.0795458033681]
    },
    "spectral_contrast_valleys": {
        "max": [-5.57602930069, -4.71628475189, -4.76805686951, -5.51840543747, -6.40542221069, -9.12476539612],
        "mean": [-12.0278024673, -10.0948410034, -9.70202541351, -10.1177530289, -10.7216024399, -13.2156171799],
        "min": [-28.0639019012, -27.9661903381, -28.1481742859, -27.6516075134, -27.5224781036, -27.401927948],
        "stdev": [7.24536657333, 8.05356693268, 8.23451805115, 8.02874279022, 7.75301218033, 6.58774280548]
    }
},
"rhythm": {
    "beats_count": 19,
    "beats_loudness": {
        "max": 0.0472677350044,
        "mean": 0.0260476060212,
        "min": 0,
        "stdev": 0.0141490129754
    },
    "bpm": 91.1643600464,
    "bpm_histogram_first_peak_bpm": 96,
    "bpm_histogram_first_peak_weight": 0.583333313465,
    "bpm_histogram_second_peak_bpm": 89,
    "bpm_histogram_second_peak_spread": 0.16666662693,
    "bpm_histogram_second_peak_weight": 0.277777791023,
    "danceability": 0.729090154171,
    "onset_rate": 0.940485656261,
    "beats_loudness_band_ratio": {
        "max": [0.126842185855, 0.452129244804, 0.484225869179, 0.764614284039, 0.270573973656, 0.0443063266575],
        "mean": [0.0214569848031, 0.10753057152, 0.193896085024, 0.405143380165, 0.121196620166, 0.0204659011215],
        "min": [0, 0, 0, 0, 0, 0],
        "stdev": [0.0377895757556, 0.157520323992, 0.155868053436, 0.288626432419, 0.0862128287554, 0.014011525549]
    },
    "beats_position": [0.673378646374, 1.34675729275, 2.02013611794, 2.69351458549, 3.34367346764, 4.01705217361, 4.7020406723, 5.36380958557, 6.00235795975, 6.64090681076, 7.27945566177, 7.90639448166, 8.53333282471, 9.17188167572, 9.79882049561, 10.4141492844, 11.0410881042, 11.656416893, 12.2833557129],
