{
"metadata": {
    "version": {
        "essentia": "2.1-beta5",
        "essentia_git_sha": "Undefined",
        "extractor": "music 2.0"
    },
    "audio_properties": {
        "analysis": {
            "equal_loudness": 0,
            "length": 32.4963264465,
            "sample_rate": 44100,
            "start_time": 77.7404098511,
            "downmix": "mix"
        },
        "bit_rate": 192000,
        "length": 191.48336792,
        "lossless": 0,
        "number_channels": 2,
        "replay_gain": -3.1487865448,
        "sample_rate": 48000,
        "codec": "mp3",
        "md5_encoded": "f9edde69588d41bd16828d728731f8df"
    },
    "tags": {
        "file_name": "Montenegro_Igranka_Who See.mp3",
        "encoding": ["Lavf58.29.100"]
    }
},
"lowlevel": {
    "average_loudness": 0.94775146246,
    "barkbands_crest": {
        "max": 26.5338878632,
        "mean": 13.7938842773,
        "min": 2.34172463417,
        "stdev": 6.52547883987
    },
    "barkbands_flatness_db": {
        "max": 0.476241469383,
        "mean": 0.143587455153,
        "min": 0.0249967053533,
        "stdev": 0.0715368166566
    },
    "barkbands_kurtosis": {
        "max": 1038.19702148,
        "mean": 12.6450328827,
        "min": -1.94402015209,
        "stdev": 55.9611358643
    },
    "barkbands_skewness": {
        "max": 27.4789066315,
        "mean": 2.17335176468,
        "min": -1.72997272015,
        "stdev": 2.69005846977
    },
    "barkbands_spread": {
        "max": 112.389305115,
        "mean": 33.6523132324,
        "min": 0.151484802365,
        "stdev": 20.6744022369
    },
    "dissonance": {
        "max": 0.49989053607,
        "mean": 0.478333085775,
        "min": 0.376848220825,
        "stdev": 0.019892256707
    },
    "dynamic_complexity": 2.31060051918,
    "erbbands_crest": {
        "max": 28.5156135559,
        "mean": 8.20749950409,
        "min": 2.4872481823,
        "stdev": 4.18791103363
    },
    "erbbands_flatness_db": {
        "max": 0.286779254675,
        "mean": 0.135390430689,
        "min": 0.0609167814255,
        "stdev": 0.0364319942892
    },
    "erbbands_kurtosis": {
        "max": 37.8144836426,
        "mean": 0.413974672556,
        "min": -1.81968963146,
        "stdev": 2.96969819069
    },
    "erbbands_skewness": {
        "max": 3.36940383911,
        "mean": -0.287136912346,
        "min": -4.62803506851,
        "stdev": 0.914166271687
    },
    "erbbands_spread": {
        "max": 191.227096558,
        "mean": 50.8023452759,
        "min": 5.85839176178,
        "stdev": 23.296207428
    },
    "hfc": {
        "max": 187.316177368,
        "mean": 35.7095985413,
        "min": 0.510367155075,
        "stdev": 26.0412635803
    },
    "loudness_ebu128": {
        "integrated": -18.5688323975,
        "loudness_range": 3.16744422913,
        "momentary": {
            "max": -15.4646501541,
            "mean": -18.8243122101,
            "min": -23.2451725006,
            "stdev": 1.50689303875
        },
        "short_term": {
            "max": -16.4063911438,
            "mean": -18.789182663,
            "min": -20.199546814,
            "stdev": 0.987484872341
        }
    },
    "melbands_crest": {
        "max": 35.70337677,
        "mean": 20.6364765167,
        "min": 4.60252857208,
        "stdev": 8.24664592743
    },
    "melbands_flatness_db": {
        "max": 0.588238596916,
        "mean": 0.200002267957,
        "min": 0.0250240955502,
        "stdev": 0.0912378653884
    },
    "melbands_kurtosis": {
        "max": 790.880493164,
        "mean": 43.7258415222,
        "min": -1.58657360077,
        "stdev": 89.7500152588
    },
    "melbands_skewness": {
        "max": 25.1722946167,
        "mean": 4.4600353241,
        "min": -0.551330506802,
        "stdev": 3.7922167778
    },
    "melbands_spread": {
        "max": 239.685684204,
        "mean": 33.5600509644,
        "min": 0.223061412573,
        "stdev": 31.5155162811
    },
    "pitch_salience": {
        "max": 0.846079826355,
        "mean": 0.42899915576,
        "min": 0.0349051952362,
        "stdev": 0.181594133377
    },
    "silence_rate_20dB": {
        "max": 1,
        "mean": 1,
        "min": 1,
        "stdev": 0
    },
    "silence_rate_30dB": {
        "max": 1,
        "mean": 0.84154176712,
        "min": 0,
        "stdev": 0.365171432495
    },
    "silence_rate_60dB": {
        "max": 1,
        "mean": 0.0064239827916,
        "min": 0,
        "stdev": 0.0798926800489
    },
    "spectral_centroid": {
        "max": 5348.89648438,
        "mean": 2254.34570312,
        "min": 167.475830078,
        "stdev": 816.617797852
    },
    "spectral_complexity": {
        "max": 54,
        "mean": 21.3169174194,
        "min": 0,
        "stdev": 10.745092392
    },
    "spectral_decrease": {
        "max": -7.81299469566e-11,
        "mean": -1.33812161351e-08,
        "min": -6.18516295958e-08,
        "stdev": 1.20055592134e-08
    },
    "spectral_energy": {
        "max": 0.234926775098,
        "mean": 0.053742762655,
        "min": 0.000341172562912,
        "stdev": 0.0457578934729
    },
    "spectral_energyband_high": {
        "max": 0.0176621563733,
        "mean": 0.00279185315594,
        "min": 7.19330819265e-06,
        "stdev": 0.00288201146759
    },
    "spectral_energyband_low": {
        "max": 0.233891755342,
        "mean": 0.0381009653211,
        "min": 5.35489707545e-05,
        "stdev": 0.0443057045341
    },
    "spectral_energyband_middle_high": {
        "max": 0.0516016632318,
        "mean": 0.00688417255878,
        "min": 4.95516251249e-05,
        "stdev": 0.00783150456846
    },
    "spectral_energyband_middle_low": {
        "max": 0.0656839236617,
        "mean": 0.00686533469707,
        "min": 6.76484487485e-05,
        "stdev": 0.00842883996665
    },
    "spectral_entropy": {
        "max": 8.81098842621,
        "mean": 7.96601057053,
        "min": 6.66861867905,
        "stdev": 0.339400500059
    },
    "spectral_flux": {
        "max": 0.400474339724,
        "mean": 0.129257142544,
        "min": 0.0197409186512,
        "stdev": 0.0706991925836
    },
    "spectral_kurtosis": {
        "max": 8.13042831421,
        "mean": 1.83385753632,
        "min": -1.00684428215,
        "stdev": 1.22029018402
    },
    "spectral_rms": {
        "max": 0.0151392491534,
        "mean": 0.00661523174495,
        "min": 0.000576932623517,
        "stdev": 0.00294460123405
    },
    "spectral_rolloff": {
        "max": 10680.46875,
        "mean": 2157.13623047,
        "min": 64.599609375,
        "stdev": 2315.12426758
    },
    "spectral_skewness": {
        "max": 2.58510136604,
        "mean": 0.952591300011,
        "min": -0.155245497823,
        "stdev": 0.293294727802
    },
    "spectral_spread": {
        "max": 14226989,
        "mean": 5430279.5,
        "min": 2483301.5,
        "stdev": 1609080.75
    },
    "spectral_strongpeak": {
        "max": 11.4169740677,
        "mean": 0.830104291439,
        "min": 0,
        "stdev": 1.28586733341
    },
    "zerocrossingrate": {
        "max": 0.34228515625,
        "mean": 0.0775283277035,
        "min": 0.001953125,
        "stdev": 0.0531186647713
    },
    "barkbands": {
        "max": [0.0109110753983, 0.227733582258, 0.120514765382, 0.0345252156258, 0.0444000549614, 0.0182001385838, 0.0144553054124, 0.0280030630529, 0.0563078969717, 0.026810567826, 0.0342694707215, 0.0432541482151, 0.0209411904216, 0.0123978350312, 0.0145020764321, 0.0106836315244, 0.00643730582669, 0.00719223311171, 0.00654050614685, 0.00971369259059, 0.0057000182569, 0.00809475407004, 0.00472152791917, 0.00439675524831, 0.00273678242229, 0.000949799490627, 0.000922288978472],
        "mean": [0.00141412392259, 0.0308404788375, 0.00519570382312, 0.0011881403625, 0.00190532009583, 0.000684061727952, 0.000625392131042, 0.00116556533612, 0.00087889842689, 0.000907615176402, 0.000633622403257, 0.00160202058032, 0.000624122912996, 0.000569533382077, 0.000411488173995, 0.000430164800491, 0.000445787300123, 0.00038869434502, 0.000494844804052, 0.00102413399145, 0.000509189267177, 0.000670928857289, 0.000456465990283, 0.000393697730033, 0.000198991197976, 7.52923806431e-05, 8.49626576382e-06],
        "min": [4.66406753219e-08, 2.88188084596e-06, 1.6729603658e-06, 9.90494072539e-07, 2.02948467631e-06, 8.25161464491e-07, 7.36645688448e-07, 2.24569475904e-06, 2.26118640967e-06, 5.80512164561e-07, 8.88087583917e-07, 1.20438835438e-06, 1.24134135149e-06, 2.45119690589e-06, 1.59115222687e-06, 1.85165367839e-06, 1.47649893734e-06, 3.78884374186e-06, 2.5678559723e-06, 5.80987261856e-06, 6.92099263233e-07, 1.31155741201e-06, 1.62251615166e-06, 1.00905504041e-06, 1.98460099909e-07, 8.16575962403e-09, 7.48583486865e-11],
        "stdev": [0.00166003324557, 0.0382652804255, 0.0134432958439, 0.00309101375751, 0.00397979002446, 0.00141411845107, 0.00131931179203, 0.00249693589285, 0.00255771796219, 0.00212456146255, 0.00175121857319, 0.00495930435136, 0.00159630796406, 0.00121016940102, 0.000806539726909, 0.000885258021299, 0.000662444508635, 0.000553539779503, 0.000662123959046, 0.00137507286854, 0.00062198593514, 0.000865385984071, 0.000582662294619, 0.000577102124225, 0.000311393727316, 0.000121972276247, 4.09974636568e-05]
    },
    "erbbands": {
        "max": [7.4615111351, 51.3692321777, 133.110473633, 116.282310486, 78.0596618652, 209.533874512, 175.739349365, 142.205307007, 224.089828491, 360.828826904, 810.499938965, 1168.73010254, 1012.30932617, 1007.52728271, 962.920532227, 2199.19726562, 576.875488281, 691.644592285, 775.026611328, 348.843109131, 389.764984131, 383.067749023, 435.305297852, 200.96472168, 373.916412354, 631.393798828, 337.06451416, 191.433013916, 317.450164795, 290.297515869, 100.489723206, 124.482978821, 71.7314758301, 50.292301178, 10.9264879227, 5.79142379761, 2.2761054039, 0.553459405899, 0.198941513896, 0.00671214796603],
        "mean": [1.16633021832, 5.78898143768, 7.06090021133, 4.72474765778, 5.14922809601, 6.17412567139, 6.66142606735, 4.99792051315, 7.95401239395, 14.7557477951, 25.8931407928, 18.9631977081, 31.8564281464, 23.4298210144, 38.580532074, 60.6479034424, 29.6079311371, 34.175868988, 22.0825061798, 22.0411014557, 23.8624782562, 25.8638439178, 24.260383606, 14.4343452454, 40.1188697815, 48.6258354187, 24.6366939545, 19.9119358063, 23.4131145477, 20.6553974152, 11.759677887, 8.26458454132, 6.46072816849, 3.09632110596, 0.963445544243, 0.414715200663, 0.113828912377, 0.0180948041379, 0.00164019537624, 0.000114875634608],
        "min": [0.000153133558342, 0.00180458091199, 0.00703292898834, 0.0159970633686, 0.0230324175209, 0.0114446822554, 0.0104292100295, 0.00930154230446, 0.0170537214726, 0.0475103370845, 0.03505410254, 0.0532805323601, 0.0897987484932, 0.0560941174626, 0.0609485991299, 0.114185407758, 0.089044071734, 0.168177887797, 0.154885932803, 0.0866690576077, 0.0895138680935, 0.0934321954846, 0.216672599316, 0.0882719531655, 0.25755366683, 0.255409806967, 0.0616498999298, 0.0335119590163, 0.0499269999564, 0.0375919267535, 0.0392330177128, 0.0228456351906, 0.010129859671, 0.00360784353688, 0.0007063212106, 8.12010548543e-05, 6.55804342387e-06, 8.75067257766e-07, 1.64078869602e-06, 1.50221831063e-06],
        "stdev": [1.42674148083, 7.97830533981, 15.869969368, 11.4051246643, 10.0371570587, 15.9540100098, 15.044921875, 11.2778348923, 17.0314617157, 27.7550354004, 59.7950553894, 50.4535484314, 80.5179672241, 53.5148849487, 93.8607711792, 199.15486145, 62.9828109741, 71.7379760742, 41.270160675, 37.4421157837, 39.2459068298, 38.1329307556, 35.346321106, 16.2214946747, 51.9796257019, 70.7580184937, 31.4157905579, 23.8042392731, 31.2909221649, 26.1705360413, 15.4058818817, 12.1619405746, 9.79316234589, 4.99787330627, 1.45656359196, 0.655710458755, 0.198499277234, 0.043549221009, 0.00860534701496, 0.00028226809809]
    },
    "gfcc": {
        "mean": [30.5801334381, 61.7495384216, -112.733657837, 60.1454277039, -57.3231277466, 34.6945800781, -20.6261730194, 18.7724285126, -16.5206375122, 6.89019680023, -10.4523897171, 0.924472033978, -7.89924001694],
        "cov": [[2675.11645508, -650.850402832, -7.87628698349, -422.125579834, -166.986557007, -29.6460323334, -136.138031006, -82.6574859619, -202.147460938, 90.7229309082, -233.343521118, 107.547424316, -174.632965088], [-650.850402832, 1419.34521484, -220.752120972, 253.717071533, 142.270965576, -124.346160889, 236.765319824, 8.35041332245, 193.086471558, -149.324951172, 180.617004395, -154.894042969, 92.5840148926], [-7.87628698349, -220.752120972, 772.467956543, 79.9060974121, 33.0029983521, 74.5642318726, -89.5751113892, 22.2440662384, -64.2686462402, 9.08722686768, -92.1577224731, 63.3230171204, -25.4779663086], [-422.125579834, 253.717071533, 79.9060974121, 470.694610596, 150.402572632, 37.7897987366, 56.3132858276, 29.2900161743, 137.198654175, -32.7662124634, 56.4392852783, -56.1093978882, 72.3386917114], [-166.986557007, 142.270965576, 33.0029983521, 150.402572632, 328.413024902, 121.08644104, 80.7307128906, 21.7946529388, 77.7409744263, 23.1414279938, 40.2540435791, -34.1404533386, 25.8249835968], [-29.6460323334, -124.346160889, 74.5642318726, 37.7897987366, 121.08644104, 288.971710205, 105.198974609, 53.331993103, 25.8233947754, 37.8357658386, 24.4889736176, 7.31884336472, 9.5450553894], [-136.138031006, 236.765319824, -89.5751113892, 56.3132858276, 80.7307128906, 105.198974609, 341.074005127, 94.4180145264, 67.4354934692, -29.2286300659, 94.1498413086, -20.7049160004, 31.4268016815], [-82.6574859619, 8.35041332245, 22.2440662384, 29.2900161743, 21.7946529388, 53.331993103, 94.4180145264, 148.12689209, 50.4515724182, 16.1281433105, 32.077003479, -0.22119808197, 8.87699127197], [-202.147460938, 193.086471558, -64.2686462402, 137.198654175, 77.7409744263, 25.8233947754, 67.4354934692, 50.4515724182, 182.443527222, 15.6654920578, 51.7118988037, -31.5038146973, 34.3739547729], [90.7229309082, -149.324951172, 9.08722686768, -32.7662124634, 23.1414279938, 37.8357658386, -29.2286300659, 16.1281433105, 15.6654920578, 109.686485291, 4.43836736679, 17.8854293823, -15.0598869324], [-233.343521118, 180.617004395, -92.1577224731, 56.4392852783, 40.2540435791, 24.4889736176, 94.1498413086, 32.077003479, 51.7118988037, 4.43836736679, 146.002761841, -18.7284507751, 33.7044067383], [107.547424316, -154.894042969, 63.3230171204, -56.1093978882, -34.1404533386, 7.31884336472, -20.7049160004, -0.22119808197, -31.5038146973, 17.8854293823, -18.7284507751, 97.028793335, 0.98063069582], [-174.632965088, 92.5840148926, -25.4779663086, 72.3386917114, 25.8249835968, 9.5450553894, 31.4268016815, 8.87699127197, 34.3739547729, -15.0598869324, 33.7044067383, 0.98063069582, 87.4326629639]],
        "icov": [[0.000542326888535, 5.69641088077e-05, 0.000112357964099, 0.000170127255842, 2.19171197386e-05, 2.16005591938e-05, -0.000193138374016, 0.000168856684468, 0.000143883269629, -0.000337208737619, 0.00066518218955, -0.000288576004095, 0.000590487557929], [5.69641088077e-05, 0.00155122799333, -8.96380734048e-05, 0.000102854282886, -0.000478936213767, 0.00100002810359, -0.000696153263561, 0.00053586543072, -0.00105679337867, 0.00152667425573, -0.00105313584208, 0.00131554040127, -0.000342298706528], [0.000112357964099, -8.96380734048e-05, 0.00181545934174, -0.000733735214453, -0.000163719640113, -0.000540175649803, 0.000506443844642, -0.000749298080336, 0.000923733226955, 1.70114417415e-05, 0.00103526911698, -0.00129782385193, 0.00071203551488], [0.000170127255842, 0.000102854282886, -0.000733735214453, 0.00382319930941, -0.000989804742858, 0.000142617471283, 0.00020174223755, 0.000223271854338, -0.00222550751641, 0.00126193382312, -0.000406083679991, 0.00133377243765, -0.00173059932422], [2.19171197386e-05, -0.000478936213767, -0.000163719640113, -0.000989804742858, 0.00468185869977, -0.00177771714516, -0.000390412285924, 0.000710162159521, -0.000400916731451, -0.00160420243628, 0.000295237405226, 0.00066827685805, -3.84311315429e-05], [2.16005591938e-05, 0.00100002810359, -0.000540175649803, 0.000142617471283, -0.00177771714516, 0.00566195789725, -0.00191093015019, -0.000263760506641, -0.000205787626328, -0.000727927545086, -0.000481951603433, 0.000526264600921, -0.000535190105438], [-0.000193138374016, -0.000696153263561, 0.000506443844642, 0.00020174223755, -0.000390412285924, -0.00191093015019, 0.00555290374905, -0.00277445162646, -7.30445390218e-05, 0.00206858594902, -0.00188974023331, -0.000696135684848, 6.30606518826e-05], [0.000168856684468, 0.00053586543072, -0.000749298080336, 0.000223271854338, 0.000710162159521, -0.000263760506641, -0.00277445162646, 0.0097163869068, -0.00246749888174, -0.00115767505486, -0.000542853900697, 0.000291986303637, 0.000173214517417], [0.000143883269629, -0.00105679337867, 0.000923733226955, -0.00222550751641, -0.000400916731451, -0.000205787626328, -7.30445390218e-05, -0.00246749888174, 0.00997704360634, -0.00335817737505, 0.000464900629595, 7.26161088096e-05, -0.000746324192733], [-0.000337208737619, 0.00152667425573, 1.70114417415e-05, 0.00126193382312, -0.00160420243628, -0.000727927545086, 0.00206858594902, -0.00115767505486, -0.00335817737505, 0.0141216414049, -0.00313116493635, -0.000854847487062, 0.0015673104208], [0.00066518218955, -0.00105313584208, 0.00103526911698, -0.000406083679991, 0.000295237405226, -0.000481951603433, -0.00188974023331, -0.000542853900697, 0.000464900629595, -0.00313116493635, 0.0115315346047, -0.000625341141131, -0.00137916661333], [-0.000288576004095, 0.00131554040127, -0.00129782385193, 0.00133377243765, 0.00066827685805, 0.000526264600921, -0.000696135684848, 0.000291986303637, 7.26161088096e-05, -0.000854847487062, -0.000625341141131, 0.0144886644557, -0.00358263752423], [0.000590487557929, -0.000342298706528, 0.00071203551488, -0.00173059932422, -3.84311315429e-05, -0.000535190105438, 6.30606518826e-05, 0.000173214517417, -0.000746324192733, 0.0015673104208, -0.00137916661333, -0.00358263752423, 0.0157833099365]]
    },
    "melbands": {
        "max": [0.0653350055218, 0.0516854263842, 0.0180267523974, 0.0105731701478, 0.00709419930354, 0.00308472616598, 0.00315423309803, 0.00414281850681, 0.00679592508823, 0.00905365031213, 0.00508538959548, 0.00374286109582, 0.00304546626285, 0.00530953658745, 0.00422942684963, 0.0021107760258, 0.0014042169787, 0.00105807185173, 0.000833072932437, 0.000913536176085, 0.000398665724788, 0.000397636642447, 0.000501381291542, 0.00036649699905, 0.000190602702787, 0.000249277160037, 0.000475706241559, 0.000541267625522, 0.000337781879352, 0.000126362094306, 0.000148749386426, 0.000186310979188, 0.000213627892663, 0.000163251723279, 6.89026201144e-05, 7.94970546849e-05, 7.08675506758e-05, 6.29982241662e-05, 7.11659085937e-05, 3.52592433046e-05],
        "mean": [0.00941001810133, 0.00476178852841, 0.000837195548229, 0.000412812369177, 0.000242440728471, 0.00011764208466, 0.000123711739434, 0.000185106677236, 0.000202351511689, 0.000120331613289, 0.000159141636686, 9.20854290598e-05, 0.000102856596641, 0.00019023148343, 8.87322603376e-05, 6.67489366606e-05, 6.29905189271e-05, 3.45506159647e-05, 3.11302028422e-05, 3.01683812722e-05, 2.70564323728e-05, 2.6383318982e-05, 2.6199984859e-05, 1.66551926668e-05, 9.70485416474e-06, 2.2396503482e-05, 3.76612952095e-05, 3.12599877361e-05, 1.57538361236e-05, 1.21174107335e-05, 1.13515261546e-05, 1.29359177663e-05, 1.36201106216e-05, 1.06084098661e-05, 7.16482554708e-06, 5.09475785293e-06, 4.97857718074e-06, 4.85160489916e-06, 3.54854068974e-06, 2.29815032071e-06],
        "min": [1.20418656024e-06, 5.65000391362e-06, 3.36239281751e-06, 4.18070385422e-07, 2.81428128801e-07, 1.66674965385e-07, 1.51959909545e-07, 4.15013175825e-07, 2.14422513523e-07, 3.1013578905e-07, 4.15559867406e-07, 2.20817995e-07, 1.84111897283e-07, 1.59310644676e-07, 2.01297140734e-07, 2.08211488939e-07, 2.80499051541e-07, 2.35892386513e-07, 1.16875511935e-07, 1.17763740093e-07, 8.8725798264e-08, 8.21374896987e-08, 1.49633748947e-07, 2.08524113532e-07, 4.14986622843e-08, 1.39247035236e-07, 2.03487473982e-07, 1.37369113418e-07, 5.00230399325e-08, 9.44558831151e-09, 2.37740138687e-08, 3.08035765784e-08, 2.22015312801e-08, 2.0152414848e-08, 2.6250067009e-08, 1.0745403678e-08, 1.18243832503e-08, 7.27000326606e-09, 4.69787675428e-09, 2.47618014981e-09],
        "stdev": [0.0114830350503, 0.00773046910763, 0.00187555607408, 0.000867079710588, 0.000566078466363, 0.000254810089245, 0.000263015681412, 0.000351546652382, 0.000484457908897, 0.000365401880117, 0.000407474173699, 0.000215721447603, 0.000248461350566, 0.000582009262871, 0.000304182816762, 0.000181763592991, 0.000140722448123, 6.96878705639e-05, 6.04592132731e-05, 7.20595562598e-05, 4.50955558335e-05, 4.31338194176e-05, 3.65099767805e-05, 2.8185055271e-05, 1.31139740915e-05, 3.0215458537e-05, 5.4345895478e-05, 5.38917447557e-05, 2.44403145189e-05, 1.57188042067e-05, 1.4701498003e-05, 1.81520808837e-05, 1.87007699424e-05, 1.3707411199e-05, 9.66478455666e-06, 7.68646896177e-06, 7.68533118389e-06, 7.48699130781e-06, 5.97861571805e-06, 3.75406671083e-06]
    },
    "melbands128": {
        "max": [0.00989849306643, 0.0681490823627, 0.109149940312, 0.0853219404817, 0.0741968303919, 0.0500957742333, 0.0258050225675, 0.0139842685312, 0.00810654647648, 0.0191256217659, 0.0138387558982, 0.0116676921025, 0.00837514735758, 0.0055558308959, 0.00438036536798, 0.00611024675891, 0.00438760593534, 0.00523409619927, 0.00568652292714, 0.00590208685026, 0.00753980968148, 0.00661433394998, 0.0128558045253, 0.00624762428924, 0.00341353099793, 0.0207956824452, 0.0138268005103, 0.0101992990822, 0.00630886573344, 0.00336805940606, 0.00548452883959, 0.0104405386373, 0.00377079518512, 0.00606978265569, 0.0109627041966, 0.00984170846641, 0.0124837690964, 0.00855036918074, 0.00193194136955, 0.00249675288796, 0.00325347762555, 0.00470158783719, 0.00304352934472, 0.00336110778153, 0.00130797130987, 0.00116271246225, 0.00340466620401, 0.00120836787391, 0.00108967197593, 0.00111458241008, 0.00174352934118, 0.00168105273042, 0.00074755056994, 0.000764448312111, 0.000510176061653, 0.000805663992651, 0.00110805756412, 0.0010222090641, 0.00106375827454, 0.000975510571152, 0.000650048721582, 0.000326638662955, 0.000206172335311, 0.000309297523927, 0.000694168964401, 0.000532467325684, 0.000712316599675, 0.000859277439304, 0.00107817910612, 0.000716918671969, 0.00128029694315, 0.000743516837247, 0.000875188154168, 0.000638138270006, 0.000215589869185, 0.000162726908457, 0.000221925103688, 0.000131464228616, 0.000262076442596, 0.000162104406627, 0.000227390322834, 0.000232847116422, 0.00029243613244, 0.000298142957035, 0.0002011533943, 0.0002321999782, 0.000145934216562, 0.000131654553115, 0.000108805594209, 6.08154950896e-05, 9.13968251552e-05, 7.85710071796e-05, 0.00013187341392, 9.1696936579e-05, 7.98561668489e-05, 9.65388608165e-05, 7.46340010664e-05, 6.44653046038e-05, 9.50134417508e-05, 8.96275232662e-05, 4.15547001467e-05, 5.01654394611e-05, 3.38138161169e-05, 1.84279815585e-05, 1.7646150809e-05, 6.43578323434e-06, 1.71129213413e-05, 9.88495321508e-06, 1.10948622023e-05, 1.40186821227e-05, 9.05647812033e-06, 8.97297741176e-06, 7.95191408542e-06, 8.64572939463e-06, 5.86610303799e-06, 4.66194978799e-06, 5.54539428776e-06, 3.50541495209e-06, 8.53052824823e-06, 4.40964095105e-06, 8.12363759906e-06, 7.97351822257e-06, 2.37085714616e-06, 1.39031683943e-07, 4.16114787072e-09, 4.07923073098e-09, 4.0224743536e-09, 3.9902157134e-09],
        "mean": [0.00134685426019, 0.00964268855751, 0.0133810006082, 0.00812329165637, 0.00430677877739, 0.00216050259769, 0.000933227594942, 0.000522480346262, 0.000527842552401, 0.000441276672063, 0.000319285289152, 0.000290866359137, 0.000250572455116, 0.000147198879858, 9.487864736e-05, 0.00011335688032, 0.000122601282783, 0.000124125246657, 0.000128327999846, 0.000146298028994, 0.00022949797858, 0.000258385611232, 0.000213873528992, 0.000131892637, 9.30756432354e-05, 0.000120178607176, 0.000164089724422, 0.000196739259991, 0.00012341159163, 8.27821349958e-05, 8.79866274772e-05, 9.23953048186e-05, 6.91196182743e-05, 0.000131395179778, 0.000202095354325, 0.000212779268622, 0.000178303511348, 7.02083707438e-05, 4.42200653197e-05, 5.81387103011e-05, 7.82935676398e-05, 7.11105094524e-05, 6.61036683596e-05, 6.27793488093e-05, 3.3682135836e-05, 2.8410455343e-05, 3.56684577127e-05, 3.26103727275e-05, 2.99645307678e-05, 2.51750461757e-05, 3.36392477038e-05, 3.13495220325e-05, 2.49373024417e-05, 2.83445933746e-05, 2.3925649657e-05, 2.71427288681e-05, 2.70408418146e-05, 2.58020227193e-05, 2.69515876425e-05, 2.52234876825e-05, 1.66050631378e-05, 1.04040182123e-05, 8.14786562842e-06, 8.77075126482e-06, 1.28899137053e-05, 2.05194428418e-05, 2.77774961432e-05, 3.89724300476e-05, 3.99945129175e-05, 3.64525221812e-05, 3.61078200513e-05, 2.61595869233e-05, 1.80555307452e-05, 1.38009836519e-05, 1.31033921207e-05, 1.25704100356e-05, 1.18677435239e-05, 1.00643183032e-05, 1.15447601274e-05, 1.20828462968e-05, 1.25649294205e-05, 1.30756616272e-05, 1.43382949318e-05, 1.39126514114e-05, 1.31016740852e-05, 1.14568965728e-05, 9.73180976871e-06, 8.79204799276e-06, 7.42738211557e-06, 5.70482825424e-06, 4.95325139127e-06, 4.9890209084e-06, 5.13588611284e-06, 4.83167059429e-06, 4.96920665682e-06, 5.25976929566e-06, 4.91392438562e-06, 4.22454149884e-06, 3.64827792509e-06, 3.22745449921e-06, 2.66644019575e-06, 2.17295837501e-06, 1.79737810413e-06, 1.5251403056e-06, 1.07609866973e-06, 3.59372450021e-07, 7.59726390243e-07, 8.53460562666e-07, 7.5230082075e-07, 7.01452677276e-07, 5.04389731759e-07, 4.30295131082e-07, 3.03296616266e-07, 2.73754096725e-07, 2.33497857494e-07, 1.59889111728e-07, 1.24281015701e-07, 4.81586504009e-08, 6.71231532579e-08, 5.10010700339e-08, 3.44779884642e-08, 3.26316147437e-08, 1.52483501381e-08, 4.42617387186e-10, 1.51583190444e-11, 1.47374248222e-11, 1.44873739741e-11, 1.43820034007e-11],
        "min": [1.63706026513e-08, 1.64940672676e-07, 7.51336187932e-07, 9.61848172665e-07, 1.7763991309e-06, 5.16761076597e-07, 1.05154140329e-06, 2.70191861773e-07, 5.40897758583e-07, 1.56126304773e-07, 2.27185068979e-07, 6.98678306321e-08, 3.37997860811e-08, 7.70257742033e-08, 3.06962100183e-08, 9.8469055132e-09, 2.89301489431e-08, 6.30716030514e-08, 5.34417914366e-08, 1.03875692048e-07, 2.04602642384e-07, 1.23755356185e-07, 6.36171719748e-08, 7.39439016684e-08, 8.89798101866e-08, 1.1784870857e-08, 2.10945145795e-07, 1.91412254935e-07, 7.93041152747e-08, 7.54348263854e-08, 6.36762536033e-08, 1.03950178243e-07, 6.76141809208e-08, 9.42286035865e-08, 8.12474638678e-08, 3.99372162008e-08, 8.0803125968e-08, 5.97967186877e-08, 9.78567911147e-08, 1.25342666024e-07, 6.89408281573e-08, 6.33885974821e-08, 1.29180193653e-07, 9.08665214183e-08, 1.09969676032e-07, 1.31052885877e-07, 8.97699408142e-08, 6.34681214251e-08, 8.45693008955e-08, 3.3348676709e-08, 5.04432335902e-08, 6.85752397089e-08, 7.64308012435e-08, 3.00097866557e-08, 7.77891813186e-08, 1.83392305786e-08, 1.13787621103e-07, 1.09074655086e-07, 8.94404195151e-08, 1.92423115664e-07, 1.22364056665e-07, 2.16709530321e-08, 9.5667997968e-09, 2.16131432751e-08, 6.13821882212e-08, 6.73128610629e-08, 9.41876052707e-08, 1.85777565775e-07, 2.19434298288e-07, 8.94638816362e-08, 1.20642738466e-07, 8.95052352234e-08, 8.25638508672e-08, 2.80806808917e-08, 1.22201457842e-08, 5.26652321753e-09, 2.53795401362e-10, 3.24663429474e-09, 6.88479229183e-09, 3.36100747234e-08, 1.62348463562e-08, 3.56711922223e-08, 1.90534041877e-08, 2.75494063118e-08, 1.50657530895e-08, 1.84753403687e-08, 1.90213178541e-08, 2.58575045819e-08, 2.76571938684e-08, 1.45658596296e-08, 7.94401966431e-09, 6.33697316843e-09, 9.04638941535e-09, 1.08844853131e-08, 8.39259506336e-09, 5.79709791282e-09, 5.73466163445e-09, 5.76940317742e-09, 5.12916242812e-09, 1.85732673685e-09, 2.17634599231e-09, 1.48508505493e-09, 2.3515989156e-10, 9.82839937907e-12, 6.84631518144e-12, 8.082042674e-11, 1.13409774627e-10, 8.56843762609e-11, 2.02747922617e-11, 2.69536042791e-12, 2.77817981294e-12, 2.30487748028e-13, 2.80134178658e-13, 2.05309158346e-13, 3.63264268926e-13, 3.01532155364e-13, 3.20232582856e-13, 3.00272664806e-13, 2.31419836636e-13, 1.7997368461e-13, 2.82162287242e-13, 2.45815303876e-13, 2.17200362513e-13, 2.70230804964e-13, 1.63051226709e-13, 7.5620174185e-14, 9.05274932708e-15, 3.00958429456e-16],
        "stdev": [0.00158022460528, 0.0119172902778, 0.0180380996317, 0.0124078821391, 0.00957388523966, 0.00562698673457, 0.00243598013185, 0.0013540830696, 0.00107821030542, 0.00109849462751, 0.00100058165845, 0.000833193422295, 0.00061552785337, 0.000355013355147, 0.000284254056169, 0.000314912816975, 0.000316672376357, 0.000342349492712, 0.000367903383449, 0.000358607998351, 0.000573100522161, 0.000670613022521, 0.000737237278372, 0.00045999448048, 0.000267761730356, 0.000705486396328, 0.00059249100741, 0.000648167508189, 0.00036163002369, 0.000240896028117, 0.000299342762446, 0.000435393681983, 0.000204474388738, 0.000457054993603, 0.000850707932841, 0.000850312644616, 0.000856232014485, 0.000391295005102, 0.000127842635266, 0.000194682710571, 0.000299484672723, 0.000272034696536, 0.000205577773158, 0.000195273707504, 9.81372286333e-05, 8.1444348325e-05, 0.000134311412694, 8.58329003677e-05, 7.60697585065e-05, 6.41358928988e-05, 0.0001236503158, 0.000103172351373, 5.61832639505e-05, 6.50184520055e-05, 4.53190223197e-05, 6.58832650515e-05, 6.80775410729e-05, 5.17065018357e-05, 5.02596922161e-05, 5.85458656133e-05, 4.24397549068e-05, 1.98833513423e-05, 1.39406902235e-05, 1.5572328266e-05, 2.75560232694e-05, 3.99905620725e-05, 5.06955584569e-05, 8.13284495962e-05, 8.13012811705e-05, 7.05656493665e-05, 9.47377702687e-05, 5.88672955928e-05, 4.27219420089e-05, 3.0128940125e-05, 2.0041843527e-05, 1.89493021026e-05, 1.98848356376e-05, 1.40182073665e-05, 1.89925831364e-05, 1.79625531018e-05, 2.07511166082e-05, 2.12466529774e-05, 2.3327076633e-05, 2.19861358346e-05, 1.98716679733e-05, 1.66163772519e-05, 1.41491946124e-05, 1.2709038856e-05, 1.12828456622e-05, 8.7399594122e-06, 8.53360961628e-06, 8.22544461698e-06, 9.00670420378e-06, 8.03553211881e-06, 8.22409765533e-06, 8.9674949777e-06, 8.24162816571e-06, 6.87779447617e-06, 6.64565232e-06, 6.24627591606e-06, 4.78370884593e-06, 3.83101587431e-06, 3.11404801323e-06, 2.51106530413e-06, 1.88487604191e-06, 6.10229449194e-07, 1.34976176014e-06, 1.41228031225e-06, 1.27103692193e-06, 1.24902999232e-06, 8.81133871644e-07, 7.61083811085e-07, 6.05740297033e-07, 5.8657332147e-07, 4.87244562919e-07, 3.80552819479e-07, 3.73651488417e-07, 2.25508728136e-07, 3.94141324023e-07, 2.78995344161e-07, 2.92533599122e-07, 3.02475370972e-07, 1.2304565189e-07, 4.74644368254e-09, 1.59619692464e-10, 1.57070273454e-10, 1.55432319793e-10, 1.54387350126e-10]
    },
    "mfcc": {
        "mean": [-607.409362793, 79.2895050049, 11.6097660065, 30.6003608704, 3.19493079185, 19.0272159576, 11.6989927292, 15.4947471619, 7.71597623825, 10.7498435974, 4.63264131546, 5.11684131622, 6.73584794998],
        "cov": [[2565.6862793, -329.916351318, -208.617172241, -289.6277771, -222.663192749, -59.695274353, -116.206047058, -138.428390503, -32.9339790344, -112.217720032, -79.2970962524, -28.7342472076, -33.3750038147], [-329.916351318, 954.59161377, -128.860412598, 166.639862061, -29.8417129517, -23.361038208, 46.2333755493, 89.0989303589, -13.0269088745, 54.0956420898, 43.8442802429, 5.25711393356, 51.8538551331], [-208.617172241, -128.860412598, 591.419616699, 48.114944458, 78.3498916626, 2.78262352943, -1.24554169178, 7.8480887413, 19.3204879761, -56.4261512756, -17.4995708466, -18.8752098083, -32.4948616028], [-289.6277771, 166.639862061, 48.114944458, 383.795013428, 100.018013, 33.8107070923, -19.0106277466, 58.5176277161, 29.37748909, 56.1805877686, 18.9311332703, -14.9679336548, 22.9301528931], [-222.663192749, -29.8417129517, 78.3498916626, 100.018013, 312.541717529, 98.0213317871, -12.810423851, -14.4689455032, 24.143989563, 51.647403717, 12.0208625793, 6.57519483566, -9.30878448486], [-59.695274353, -23.361038208, 2.78262352943, 33.8107070923, 98.0213317871, 211.117752075, 68.7715606689, 48.6114234924, 51.5838279724, 33.1991004944, 40.7795143127, 23.4827518463, -2.32026386261], [-116.206047058, 46.2333755493, -1.24554169178, -19.0106277466, -12.810423851, 68.7715606689, 238.211608887, 100.133827209, 35.6458778381, 42.3476448059, 37.0118103027, 36.7760314941, 28.655878067], [-138.428390503, 89.0989303589, 7.8480887413, 58.5176277161, -14.4689455032, 48.6114234924, 100.133827209, 181.883148193, 65.0446090698, 44.262046814, 56.6898994446, 27.8324184418, 22.3231811523], [-32.9339790344, -13.0269088745, 19.3204879761, 29.37748909, 24.143989563, 51.5838279724, 35.6458778381, 65.0446090698, 122.906944275, 45.3981170654, 16.6717529297, 20.4458808899, 8.13743400574], [-112.217720032, 54.0956420898, -56.4261512756, 56.1805877686, 51.647403717, 33.1991004944, 42.3476448059, 44.262046814, 45.3981170654, 151.812210083, 54.6730194092, 18.5888290405, 36.3824539185], [-79.2970962524, 43.8442802429, -17.4995708466, 18.9311332703, 12.0208625793, 40.7795143127, 37.0118103027, 56.6898994446, 16.6717529297, 54.6730194092, 104.788391113, 37.3060264587, 7.75947666168], [-28.7342472076, 5.25711393356, -18.8752098083, -14.9679336548, 6.57519483566, 23.4827518463, 36.7760314941, 27.8324184418, 20.4458808899, 18.5888290405, 37.3060264587, 90.2121810913, 33.8340911865], [-33.3750038147, 51.8538551331, -32.4948616028, 22.9301528931, -9.30878448486, -2.32026386261, 28.655878067, 22.3231811523, 8.13743400574, 36.3824539185, 7.75947666168, 33.8340911865, 97.6907577515]],
        "icov": [[0.000490168575197, 0.000123129444546, 0.000164638229762, 0.000204566211323, 0.000294260738883, -0.000132059576572, 0.000186080273124, 0.000183311043656, -0.000159543895279, 0.000142798744491, 8.68404313223e-05, 8.30301578389e-05, -3.82631551474e-05], [0.000123129444546, 0.00131581060123, 0.000325004017213, -0.000511414313223, 0.000149959596456, 0.000255299528362, -0.000126640006783, -0.000435925176134, 0.000389025866752, 3.17825761158e-05, -0.000272771518212, 0.000209912963328, -0.000366378197214], [0.000164638229762, 0.000325004017213, 0.0020812463481, -0.000271304015769, -0.000612704840023, 0.00046441835002, -0.000279931846308, -0.000139179581311, -0.00063280534232, 0.00131815974601, -0.000309776864015, 0.000453871412901, 0.00013547349954], [0.000204566211323, -0.000511414313223, -0.000271304015769, 0.00372664374299, -0.000893048592843, -0.00028790338547, 0.00111839384772, -0.00132839882281, -8.24272137834e-05, -0.000682858400978, 0.000211616948945, 0.00115877226926, -0.000897026562598], [0.000294260738883, 0.000149959596456, -0.000612704840023, -0.000893048592843, 0.00502800289541, -0.00240990775637, 0.00068266649032, 0.00126339844428, 0.000276418897556, -0.00200320407748, 0.000940095167607, -0.000994475441985, 0.000952445378061], [-0.000132059576572, 0.000255299528362, 0.00046441835002, -0.00028790338547, -0.00240990775637, 0.00731442403048, -0.00193629926071, -0.000119007308967, -0.00217871111818, 0.00123283965513, -0.00226351176389, 9.75842049229e-05, 0.000449024693808], [0.000186080273124, -0.000126640006783, -0.000279931846308, 0.00111839384772, 0.00068266649032, -0.00193629926071, 0.00656362855807, -0.00326608284377, 0.000920782331377, -0.00140947464388, 0.00111976882908, -0.00116868293844, -0.000620727543719], [0.000183311043656, -0.000435925176134, -0.000139179581311, -0.00132839882281, 0.00126339844428, -0.000119007308967, -0.00326608284377, 0.010925989598, -0.00455398438498, 0.00107356067747, -0.00431551784277, 0.000610836374108, -0.000750813982449], [-0.000159543895279, 0.000389025866752, -0.00063280534232, -8.24272137834e-05, 0.000276418897556, -0.00217871111818, 0.000920782331377, -0.00455398438498, 0.0126283168793, -0.00406592991203, 0.00353308580816, -0.00265063974075, 0.00139271013904], [0.000142798744491, 3.17825761158e-05, 0.00131815974601, -0.000682858400978, -0.00200320407748, 0.00123283965513, -0.00140947464388, 0.00107356067747, -0.00406592991203, 0.0119664110243, -0.0061845513992, 0.00276873423718, -0.00394840817899], [8.68404313223e-05, -0.000272771518212, -0.000309776864015, 0.000211616948945, 0.000940095167607, -0.00226351176389, 0.00111976882908, -0.00431551784277, 0.00353308580816, -0.0061845513992, 0.0170682799071, -0.00653771869838, 0.00363275990821], [8.30301578389e-05, 0.000209912963328, 0.000453871412901, 0.00115877226926, -0.000994475441985, 9.75842049229e-05, -0.00116868293844, 0.000610836374108, -0.00265063974075, 0.00276873423718, -0.00653771869838, 0.0167789254338, -0.00619554519653], [-3.82631551474e-05, -0.000366378197214, 0.00013547349954, -0.000897026562598, 0.000952445378061, 0.000449024693808, -0.000620727543719, -0.000750813982449, 0.00139271013904, -0.00394840817899, 0.00363275990821, -0.00619554519653, 0.0143401511014]]
    },
    "spectral_contrast_coeffs": {
        "max": [-0.465480566025, -0.487342983484, -0.498714864254, -0.597835302353, -0.608071804047, -0.592806816101],
        "mean": [-0.747269868851, -0.778572320938, -0.7780341506, -0.79926776886, -0.774193823338, -0.743146181107],
        "min": [-0.889392495155, -0.944169521332, -0.924679338932, -0.904615283012, -0.881328940392, -0.86055713892],
        "stdev": [0.0676506459713, 0.0822382941842, 0.0766817629337, 0.0549130514264, 0.0517655499279, 0.0448052175343]
    },
    "spectral_contrast_valleys": {
        "max": [-4.86367416382, -5.06454849243, -5.60329389572, -6.03950977325, -5.8033862114, -7.61373662949],
        "mean": [-6.54584980011, -6.94008111954, -7.19674062729, -7.4383893013, -7.05421924591, -9.33704471588],
        "min": [-8.75222587585, -9.26967334747, -9.36689853668, -9.20190906525, -9.17669010162, -11.8358020782],
        "stdev": [0.68575501442, 0.711171269417, 0.648030519485, 0.575551986694, 0.537565529346, 0.813160300255]
    }
},
"rhythm": {
    "beats_count": 69,
    "beats_loudness": {
        "max": 0.190101459622,
        "mean": 0.0925798043609,
        "min": 0.00786069780588,
        "stdev": 0.0504347831011
    },
    "bpm": 129.915252686,
    "bpm_histogram_first_peak_bpm": 129,
    "bpm_histogram_first_peak_weight": 0.246153831482,
    "bpm_histogram_second_peak_bpm": 120,
    "bpm_histogram_second_peak_spread": 0.33333337307,
    "bpm_histogram_second_peak_weight": 0.0294117648154,
    "danceability": 1.30307531357,
    "onset_rate": 4.64501905441,
    "beats_loudness_band_ratio": {
        "max": [0.99238717556, 0.268256753683, 0.453022330999, 0.516689956188, 0.517176449299, 0.54244530201],
        "mean": [0.726388335228, 0.0362125858665, 0.0568679496646, 0.0628338903189, 0.0500182583928, 0.0859660878778],
        "min": [0.0268365293741, 0.001113998238, 0.00180285028182, 0.000480937800603, 0.000942189071793, 0.001025391859],
        "stdev": [0.263040184975, 0.0490802973509, 0.0807978212833, 0.0903768911958, 0.0873292088509, 0.116681613028]
    },
    "beats_position": [0.487619042397, 0.975238084793, 1.47446703911, 1.97369611263, 2.43809509277, 2.90249419212, 3.36689329147, 3.83129239082, 4.29569149017, 4.76009082794, 5.21287965775, 5.67727899551, 6.13006782532, 6.58285713196, 7.03564596176, 7.50004529953, 7.96444416046, 8.42884349823, 8.893242836, 9.35764122009, 9.82204055786, 10.2864398956, 10.7508392334, 11.2152376175, 11.6796369553, 12.144036293, 12.6084346771, 13.0728340149, 13.5256233215, 13.9900226593, 14.4428119659, 14.90721035, 15.3716096878, 15.8360090256, 16.3004074097, 16.7648067474, 17.2292060852, 17.6819953918, 18.1347846985, 18.5991840363, 19.0635814667, 19.5279808044, 19.9923801422, 20.45677948, 20.9211788177, 21.3855781555, 21.8383674622, 22.2911567688, 22.7555541992, 23.2315635681, 23.6843528748, 24.1371421814, 24.589931488, 25.0543308258, 25.5187301636, 25.9831295013, 26.4475269318, 26.9119262695, 27.3763256073, 27.8407249451, 28.2935142517, 28.7463035583, 29.2107028961, 29.6751022339, 30.1394996643, 30.6038990021, 31.0682983398, 31.5326976776, 31.9970970154],
