{
"metadata": {
    "version": {
        "essentia": "2.1-beta5",
        "essentia_git_sha": "Undefined",
        "extractor": "music 2.0"
    },
    "audio_properties": {
        "analysis": {
            "equal_loudness": 0,
            "length": 12.7477550507,
            "sample_rate": 44100,
            "start_time": 0,
            "downmix": "mix"
        },
        "bit_rate": 192000,
        "length": 198.321640015,
        "lossless": 0,
        "number_channels": 2,
        "replay_gain": 10.7317485809,
        "sample_rate": 48000,
        "codec": "mp3",
        "md5_encoded": "f47b6ecbdc3716846263696501918b97"
    },
    "tags": {
        "file_name": "Moldova_O Mie_Aliona Moon.mp3",
        "encoding": ["Lavf58.29.100"]
    }
},
"lowlevel": {
    "average_loudness": 0.524669647217,
    "barkbands_crest": {
        "max": 23.8966941833,
        "mean": 10.8611745834,
        "min": 2.19056797028,
        "stdev": 4.98591804504
    },
    "barkbands_flatness_db": {
        "max": 0.325696915388,
        "mean": 0.166033759713,
        "min": 0.0375257581472,
        "stdev": 0.0631910711527
    },
    "barkbands_kurtosis": {
        "max": 82.1926956177,
        "mean": 3.87355995178,
        "min": -1.77743804455,
        "stdev": 6.83257579803
    },
    "barkbands_skewness": {
        "max": 8.19237041473,
        "mean": 1.46445417404,
        "min": -0.802202761173,
        "stdev": 1.18796360493
    },
    "barkbands_spread": {
        "max": 96.0127563477,
        "mean": 17.5338535309,
        "min": 1.96322095394,
        "stdev": 10.8101406097
    },
    "dissonance": {
        "max": 0.499997645617,
        "mean": 0.472660243511,
        "min": 0.334572941065,
        "stdev": 0.0288924947381
    },
    "dynamic_complexity": 3.47745156288,
    "erbbands_crest": {
        "max": 24.4287662506,
        "mean": 8.70250511169,
        "min": 2.94968247414,
        "stdev": 4.70386266708
    },
    "erbbands_flatness_db": {
        "max": 0.345188051462,
        "mean": 0.195444971323,
        "min": 0.0762472674251,
        "stdev": 0.0586722865701
    },
    "erbbands_kurtosis": {
        "max": 8.39951896667,
        "mean": 0.36360630393,
        "min": -1.70629251003,
        "stdev": 1.18680858612
    },
    "erbbands_skewness": {
        "max": 2.43537569046,
        "mean": 0.441701799631,
        "min": -1.28480827808,
        "stdev": 0.487004727125
    },
    "erbbands_spread": {
        "max": 68.2227859497,
        "mean": 27.121389389,
        "min": 7.47724866867,
        "stdev": 11.470656395
    },
    "hfc": {
        "max": 393.350128174,
        "mean": 16.5594406128,
        "min": 0.00436081457883,
        "stdev": 21.0249938965
    },
    "loudness_ebu128": {
        "integrated": -32.0477371216,
        "loudness_range": 9.14500617981,
        "momentary": {
            "max": -27.5679798126,
            "mean": -34.0531196594,
            "min": -43.9706573486,
            "stdev": 4.40296459198
        },
        "short_term": {
            "max": -29.7308864594,
            "mean": -33.5061759949,
            "min": -40.1859741211,
            "stdev": 3.02049875259
        }
    },
    "melbands_crest": {
        "max": 37.9308586121,
        "mean": 15.875790596,
        "min": 3.48747372627,
        "stdev": 7.38945960999
    },
    "melbands_flatness_db": {
        "max": 0.401392459869,
        "mean": 0.207792639732,
        "min": 0.0195537973195,
        "stdev": 0.0808548405766
    },
    "melbands_kurtosis": {
        "max": 178.233688354,
        "mean": 8.58816432953,
        "min": -0.773157119751,
        "stdev": 13.5839767456
    },
    "melbands_skewness": {
        "max": 12.3747806549,
        "mean": 2.09173226357,
        "min": -0.298963963985,
        "stdev": 1.45957016945
    },
    "melbands_spread": {
        "max": 109.20098114,
        "mean": 21.6353359222,
        "min": 1.60940432549,
        "stdev": 14.3529253006
    },
    "pitch_salience": {
        "max": 0.86206048727,
        "mean": 0.554887413979,
        "min": 0.132998615503,
        "stdev": 0.137327373028
    },
    "silence_rate_20dB": {
        "max": 1,
        "mean": 0.98727273941,
        "min": 0,
        "stdev": 0.112095482647
    },
    "silence_rate_30dB": {
        "max": 1,
        "mean": 0.8836363554,
        "min": 0,
        "stdev": 0.320662111044
    },
    "silence_rate_60dB": {
        "max": 1,
        "mean": 0.118181817234,
        "min": 0,
        "stdev": 0.322822630405
    },
    "spectral_centroid": {
        "max": 3326.83618164,
        "mean": 1303.41564941,
        "min": 284.047576904,
        "stdev": 671.613525391
    },
    "spectral_complexity": {
        "max": 51,
        "mean": 19.9309082031,
        "min": 0,
        "stdev": 9.76462078094
    },
    "spectral_decrease": {
        "max": -1.09814826503e-13,
        "mean": -1.33225350751e-08,
        "min": -2.38922297058e-07,
        "stdev": 2.11743049761e-08
    },
    "spectral_energy": {
        "max": 0.90557205677,
        "mean": 0.0517842844129,
        "min": 8.10006895335e-07,
        "stdev": 0.0807388648391
    },
    "spectral_energyband_high": {
        "max": 0.0423107743263,
        "mean": 0.000522965565324,
        "min": 3.95167887746e-07,
        "stdev": 0.00199249666184
    },
    "spectral_energyband_low": {
        "max": 0.79820805788,
        "mean": 0.0285615492612,
        "min": 2.81079888254e-08,
        "stdev": 0.0644363090396
    },
    "spectral_energyband_middle_high": {
        "max": 0.0192836616188,
        "mean": 0.00476900860667,
        "min": 3.20015317357e-07,
        "stdev": 0.00323291076347
    },
    "spectral_energyband_middle_low": {
        "max": 0.108134455979,
        "mean": 0.0140910260379,
        "min": 6.632811278e-08,
        "stdev": 0.0175620131195
    },
    "spectral_entropy": {
        "max": 8.51684188843,
        "mean": 7.52009248734,
        "min": 6.13487482071,
        "stdev": 0.555087208748
    },
    "spectral_flux": {
        "max": 0.507955670357,
        "mean": 0.0952756404877,
        "min": 0.000900003826246,
        "stdev": 0.0836590901017
    },
    "spectral_kurtosis": {
        "max": 28.34633255,
        "mean": 6.19335603714,
        "min": 0.185053825378,
        "stdev": 5.54045963287
    },
    "spectral_rms": {
        "max": 0.0297234747559,
        "mean": 0.00583270937204,
        "min": 2.81113971141e-05,
        "stdev": 0.00406211661175
    },
    "spectral_rolloff": {
        "max": 10981.9335938,
        "mean": 1219.20996094,
        "min": 21.533203125,
        "stdev": 1119.03100586
    },
    "spectral_skewness": {
        "max": 4.36250257492,
        "mean": 1.74550127983,
        "min": 0.442925691605,
        "stdev": 0.692144274712
    },
    "spectral_spread": {
        "max": 8474305,
        "mean": 3537436,
        "min": 1642684.875,
        "stdev": 1105410.25
    },
    "spectral_strongpeak": {
        "max": 4.64228868484,
        "mean": 0.669647693634,
        "min": 0,
        "stdev": 0.791621088982
    },
    "zerocrossingrate": {
        "max": 0.20263671875,
        "mean": 0.0489710569382,
        "min": 0.00537109375,
        "stdev": 0.0301267597824
    },
    "barkbands": {
        "max": [0.601915538311, 0.322263062, 0.0940366908908, 0.0710216611624, 0.0863992422819, 0.0115272328258, 0.00924908835441, 0.0121672181413, 0.0253703556955, 0.012553256005, 0.00397963961586, 0.00940026156604, 0.00209544319659, 0.00380972749554, 0.00263667502441, 0.00243775104173, 0.00208749133162, 0.00314355106093, 0.00407612277195, 0.00244754482992, 0.00239258958027, 0.00767984939739, 0.00862409640104, 0.00840399973094, 0.00716213602573, 0.00632167607546, 1.19556361824e-05],
        "mean": [0.0146469250321, 0.0129700321704, 0.00499478867278, 0.00250463373959, 0.00614488823339, 0.0014422617387, 0.000527903146576, 0.0011153887026, 0.00192457041703, 0.00153119349852, 0.000549596094061, 0.0007547144196, 0.000444748351583, 0.000467992911581, 0.000398428441258, 0.000297967111692, 0.00017838414351, 0.000141991578857, 0.000132085799123, 0.000178458401933, 0.00012770378089, 9.56703006523e-05, 8.06579992059e-05, 6.04072629358e-05, 4.27644736192e-05, 3.01439922623e-05, 3.2120890836e-08],
        "min": [9.81530767774e-09, 2.00199483658e-08, 2.34504904384e-09, 7.03128222312e-10, 4.22893142726e-09, 1.93345410793e-08, 6.91039003797e-09, 6.20818463304e-09, 2.0741410367e-08, 2.60617838421e-08, 3.64518690787e-08, 1.87432771526e-08, 3.30523413083e-08, 2.07296935173e-08, 7.50859907583e-09, 4.30295230558e-08, 2.04260892644e-08, 2.74196665373e-08, 5.84420583039e-08, 5.41004183674e-08, 3.62535530485e-08, 4.23857926535e-08, 3.61542475957e-08, 7.83711655572e-08, 3.38372743158e-08, 1.41517864094e-09, 1.12382669837e-09],
        "stdev": [0.0483446270227, 0.034154381603, 0.0111777577549, 0.00481822434813, 0.0123520670459, 0.00191717525013, 0.00106059608515, 0.0018017020775, 0.00317705213092, 0.00158809963614, 0.000562476692721, 0.00107735942584, 0.000421452743467, 0.000493931991514, 0.000382582569728, 0.000350922549842, 0.000252120080404, 0.00024615926668, 0.000291596195893, 0.000279041734757, 0.000222551287152, 0.000372738635633, 0.000405221740948, 0.000410308741266, 0.000326642068103, 0.000287718139589, 5.10205552473e-07]
    },
    "erbbands": {
        "max": [23.7503204346, 48.302028656, 86.635307312, 121.728256226, 175.38861084, 411.386108398, 188.305145264, 101.385757446, 112.786491394, 176.449554443, 323.695831299, 746.466430664, 306.884521484, 281.506072998, 178.564971924, 485.232879639, 124.131584167, 156.182342529, 215.15133667, 104.826438904, 164.757904053, 109.22530365, 170.832794189, 141.704101562, 200.854263306, 133.002807617, 104.812210083, 107.204284668, 245.742599487, 319.459075928, 217.915313721, 196.339080811, 122.371162415, 95.8970336914, 40.3368797302, 35.5827064514, 11.2185945511, 0.263772934675, 0.00804163422436, 0.000976219365839],
        "mean": [0.703908145428, 1.85311841965, 4.90684175491, 8.37246608734, 10.9993476868, 27.2313423157, 16.2045211792, 10.8238372803, 8.02495002747, 10.5000123978, 29.4691333771, 49.0124855042, 43.733505249, 41.2772026062, 25.7877235413, 31.8516540527, 22.2631587982, 22.2925643921, 24.7676315308, 18.4230194092, 15.0321483612, 9.93720626831, 7.9205121994, 6.50330209732, 8.1242351532, 7.99490833282, 6.17202663422, 4.243475914, 3.41807746887, 3.1552670002, 2.12304496765, 1.449629426, 0.887749552727, 0.569522500038, 0.250664621592, 0.185052677989, 0.0434369295835, 0.00114768964704, 6.35932156001e-05, 6.13607262494e-05],
        "min": [7.60802436162e-07, 3.73936768483e-06, 4.30754971603e-06, 1.78620746283e-06, 3.81189397558e-06, 1.08292597361e-05, 9.54989154707e-05, 0.000172136176843, 0.000112292196718, 9.83884747257e-05, 0.000200659560505, 0.000516404106747, 0.000653834955301, 0.00134152348619, 0.000909866881557, 0.00104592496064, 0.00140930304769, 0.0014217577409, 0.0003956402943, 0.000477018678794, 0.00278906687163, 0.00151399103925, 0.00156222470105, 0.0026535151992, 0.0031721026171, 0.00173988984898, 0.00158725550864, 0.00135993282311, 0.00151788978837, 0.001677302178, 0.000987505307421, 0.00116847071331, 0.00155069713946, 0.00107139686588, 0.000132963556098, 2.62003595708e-05, 7.29560451873e-06, 1.97258145818e-06, 2.89317824809e-07, 2.75261662352e-08],
        "stdev": [1.99525284767, 4.86930561066, 10.2291107178, 13.2522745132, 21.3618736267, 57.6521644592, 25.9146881104, 16.501909256, 15.5561418533, 18.6462192535, 43.604385376, 88.9446563721, 42.5382385254, 44.9804000854, 23.5155620575, 50.2036247253, 19.6865997314, 22.835515976, 22.9056243896, 19.2771606445, 18.4924163818, 13.5377845764, 13.0321083069, 12.4395694733, 15.1194477081, 12.0383796692, 10.228468895, 8.31563472748, 12.3637485504, 15.28211689, 10.2954273224, 9.59960079193, 5.80752229691, 4.31466960907, 1.88384437561, 1.65784037113, 0.495639145374, 0.0119863050058, 0.000372425070964, 9.61641562753e-05]
    },
    "gfcc": {
        "mean": [-26.8139896393, 122.901786804, -148.813034058, 31.2952060699, -63.9628829956, 26.36784935, -24.4205474854, 2.59709334373, -14.7695379257, -9.38493061066, -8.21482563019, -15.8028373718, 5.7936668396],
        "cov": [[4511.09082031, 6.29407787323, 1503.02819824, 699.144042969, 638.346435547, 465.821380615, -65.5323181152, 379.05178833, -97.6870498657, 318.424194336, -273.542449951, 389.292480469, -195.19984436], [6.29407787323, 2490.3269043, 552.016479492, -53.2050704956, 156.604446411, -365.835083008, 77.9726257324, -729.521240234, 308.005126953, -517.396850586, 359.07434082, -360.565704346, 32.7850227356], [1503.02819824, 552.016479492, 1077.26159668, 200.531356812, 287.987182617, 45.4793510437, -124.633125305, -57.2671890259, -65.8608474731, 45.8700294495, -64.0445709229, 155.359359741, -161.019287109], [699.144042969, -53.2050704956, 200.531356812, 290.637908936, 101.631286621, 145.108917236, 7.87963724136, 56.4862289429, 0.0493748560548, 43.45936203, 16.3565139771, 75.5469512939, 39.4877319336], [638.346435547, 156.604446411, 287.987182617, 101.631286621, 188.422653198, 54.715133667, 10.6049280167, 33.628868103, 10.1218128204, 33.4410018921, -14.5162181854, 47.8826217651, -31.114440918], [465.821380615, -365.835083008, 45.4793510437, 145.108917236, 54.715133667, 187.428863525, 4.56568241119, 160.459472656, -28.8246479034, 110.364929199, -53.8508453369, 97.692817688, 1.62160384655], [-65.5323181152, 77.9726257324, -124.633125305, 7.87963724136, 10.6049280167, 4.56568241119, 153.369628906, 13.2724409103, 57.3977928162, -46.1808547974, 37.016418457, -63.4254837036, 27.1571426392], [379.05178833, -729.521240234, -57.2671890259, 56.4862289429, 33.628868103, 160.459472656, 13.2724409103, 343.792022705, -63.43567276, 219.235641479, -123.736152649, 141.410308838, -28.977104187], [-97.6870498657, 308.005126953, -65.8608474731, 0.0493748560548, 10.1218128204, -28.8246479034, 57.3977928162, -63.43567276, 132.729705811, -64.3316345215, 79.6212692261, -71.1880340576, 32.2283325195], [318.424194336, -517.396850586, 45.8700294495, 43.45936203, 33.4410018921, 110.364929199, -46.1808547974, 219.235641479, -64.3316345215, 222.689300537, -91.5978393555, 140.201782227, -35.0030937195], [-273.542449951, 359.07434082, -64.0445709229, 16.3565139771, -14.5162181854, -53.8508453369, 37.016418457, -123.736152649, 79.6212692261, -91.5978393555, 161.844284058, -57.4165496826, 74.7446746826], [389.292480469, -360.565704346, 155.359359741, 75.5469512939, 47.8826217651, 97.692817688, -63.4254837036, 141.410308838, -71.1880340576, 140.201782227, -57.4165496826, 180.722671509, -19.4099826813], [-195.19984436, 32.7850227356, -161.019287109, 39.4877319336, -31.114440918, 1.62160384655, 27.1571426392, -28.977104187, 32.2283325195, -35.0030937195, 74.7446746826, -19.4099826813, 129.711929321]],
        "icov": [[0.00100576190744, -0.000497570959851, -0.000565824389923, -0.00134482420981, -0.000854119018186, -0.000571991957258, -6.05747263762e-05, -0.000974672148004, -3.51928210875e-05, 2.0375206077e-05, 0.00164234254044, -0.00034596331534, -4.0376191464e-05], [-0.000497570959851, 0.00458554690704, -0.002753542969, 0.00212324992754, -0.00165421899874, 0.00160603818949, -0.000489020021632, 0.00426120357588, -0.00452489871532, 0.00137927918695, -0.00375588284805, 0.00359665160067, -0.00113592832349], [-0.000565824389923, -0.002753542969, 0.00585287343711, -0.00234298640862, -0.00182500446681, 0.000927041808609, 0.00149747275282, -0.000240937370108, 0.00365771003999, -0.00062835769495, 0.00145573762711, -0.00476967962459, 0.00437562214211], [-0.00134482420981, 0.00212324992754, -0.00234298640862, 0.0118237165734, -0.00031330800266, -0.00683151325211, -0.000613210373558, 0.00306043843739, -0.00111034594011, 0.000835037848447, -0.00504631875083, 0.00219795433804, -0.0045080780983], [-0.000854119018186, -0.00165421899874, -0.00182500446681, -0.00031330800266, 0.0138610219583, -0.00113356427755, -0.00245201517828, -0.00214623776264, -0.000375588191673, -0.00152257736772, 0.000539909582585, -0.000841815664899, -0.0004190102336], [-0.000571991957258, 0.00160603818949, 0.000927041808609, -0.00683151325211, -0.00113356427755, 0.0181522611529, -0.000522618240211, -0.00230747973546, -0.00232155481353, 0.000169859704329, 0.000949389475863, -0.00205060467124, 0.000827603274956], [-6.05747263762e-05, -0.000489020021632, 0.00149747275282, -0.000613210373558, -0.00245201517828, -0.000522618240211, 0.0120563963428, -0.00549970986322, -0.00110642006621, 0.0041654035449, -0.00198426889256, 0.00337794446386, 0.000791411905084], [-0.000974672148004, 0.00426120357588, -0.000240937370108, 0.00306043843739, -0.00214623776264, -0.00230747973546, -0.00549970986322, 0.0188107527792, -0.00418359274045, -0.00817069783807, 0.000697372190189, -0.000449898827355, -0.000541440851521], [-3.51928210875e-05, -0.00452489871532, 0.00365771003999, -0.00111034594011, -0.000375588191673, -0.00232155481353, -0.00110642006621, -0.00418359274045, 0.0186641439795, -0.00190764898434, -0.003151941346, 0.000649222056381, 0.0019665712025], [2.0375206077e-05, 0.00137927918695, -0.00062835769495, 0.000835037848447, -0.00152257736772, 0.000169859704329, 0.0041654035449, -0.00817069783807, -0.00190764898434, 0.0185114052147, -0.00129018677399, -0.00433310167864, 0.0011474568164], [0.00164234254044, -0.00375588284805, 0.00145573762711, -0.00504631875083, 0.000539909582585, 0.000949389475863, -0.00198426889256, 0.000697372190189, -0.003151941346, -0.00129018677399, 0.0205787830055, -0.00630186311901, -0.00491324579343], [-0.00034596331534, 0.00359665160067, -0.00476967962459, 0.00219795433804, -0.000841815664899, -0.00205060467124, 0.00337794446386, -0.000449898827355, 0.000649222056381, -0.00433310167864, -0.00630186311901, 0.0207333769649, -0.00360044348054], [-4.0376191464e-05, -0.00113592832349, 0.00437562214211, -0.0045080780983, -0.0004190102336, 0.000827603274956, 0.000791411905084, -0.000541440851521, 0.0019665712025, 0.0011474568164, -0.00491324579343, -0.00360044348054, 0.0164557863027]]
    },
    "melbands": {
        "max": [0.197238400578, 0.029300102964, 0.024235278368, 0.0230403710157, 0.010190051049, 0.00206043268554, 0.00172673526686, 0.00227967998944, 0.00237658130936, 0.00473778834566, 0.00157865206711, 0.00132535747252, 0.000467927253339, 0.000998493749648, 0.000576823425945, 0.000286104506813, 0.000322991807479, 0.00038784465869, 0.000183925774763, 0.000143670971738, 0.000233115322771, 0.000126551298308, 8.33249432617e-05, 0.000203572490136, 9.6645722806e-05, 0.000196798588149, 0.000139720257721, 9.54743300099e-05, 8.64679605002e-05, 4.19736243202e-05, 7.11087850505e-05, 0.000119570780953, 0.000196600929485, 0.000168150887475, 0.00012821170094, 0.000102593046904, 0.000146292091813, 0.000104416641989, 5.41020381206e-05, 9.35779971769e-05],
        "mean": [0.00580689450726, 0.00244567613117, 0.00145516369957, 0.00141476409044, 0.000717125658412, 0.000237158747041, 0.000120015254652, 0.000131601089379, 0.000247380172368, 0.000309587572701, 0.00021499065042, 0.000175033113919, 7.73075007601e-05, 9.12892573979e-05, 6.05281165917e-05, 4.36843401985e-05, 4.15709728259e-05, 4.11859728047e-05, 2.83772042167e-05, 2.16124572034e-05, 1.68393253261e-05, 1.08734584501e-05, 7.42580323276e-06, 6.64347589918e-06, 4.94183586852e-06, 5.51069661014e-06, 6.37406856185e-06, 5.06811466039e-06, 4.23303890784e-06, 2.80223503069e-06, 2.3148627406e-06, 1.86042166206e-06, 1.95457437258e-06, 1.65897188253e-06, 1.31079877974e-06, 9.07374271719e-07, 9.25064910007e-07, 6.70966414873e-07, 5.03129740537e-07, 4.77099092677e-07],
        "min": [6.67378285968e-09, 3.09635361795e-09, 4.01030181285e-10, 3.81385534265e-10, 2.76563461021e-09, 3.7307996692e-09, 1.70084146767e-09, 1.18470810939e-09, 1.99120364641e-09, 3.13881343139e-09, 3.17710679987e-09, 5.2921365068e-09, 4.22443680037e-09, 2.02379557557e-09, 3.59586538323e-09, 2.6878876902e-09, 2.59256305313e-09, 4.60812582537e-10, 5.03918518024e-10, 1.15694631653e-09, 3.6108271928e-09, 1.50341505911e-09, 1.18632292878e-09, 1.36173761156e-09, 2.26730523245e-09, 2.33064323396e-09, 2.34834907076e-09, 9.30640842167e-10, 8.70732874692e-10, 1.31686328508e-09, 5.55990642415e-10, 8.20977896776e-10, 7.51265216703e-10, 1.02245234501e-09, 5.00014418758e-10, 7.31100791018e-10, 6.47004838594e-10, 1.10058584468e-09, 1.0307088516e-09, 3.72446157249e-10],
        "stdev": [0.016068322584, 0.0045110960491, 0.0022263918072, 0.00303197838366, 0.00128055724781, 0.000338245881721, 0.00023887034331, 0.000233579034102, 0.000353954295861, 0.00057174928952, 0.000213801846257, 0.000197928005946, 7.47011727071e-05, 0.00012352487829, 6.88805521349e-05, 4.40948424512e-05, 4.6723682317e-05, 4.00455683121e-05, 2.85700298264e-05, 2.49062559305e-05, 2.24579216592e-05, 1.51487884068e-05, 1.14838667287e-05, 1.27240055008e-05, 9.43577106227e-06, 1.34042875288e-05, 1.27331759359e-05, 8.70382336871e-06, 7.72113253333e-06, 4.90567299494e-06, 5.10836753165e-06, 6.41501128484e-06, 9.34861327551e-06, 8.22467609396e-06, 6.1619743974e-06, 4.87608849653e-06, 7.09633877705e-06, 4.90919364893e-06, 2.58591740021e-06, 4.17533010477e-06]
    },
    "melbands128": {
        "max": [0.509015619755, 0.287117362022, 0.124611854553, 0.0658567845821, 0.0404567085207, 0.0446767136455, 0.0224666073918, 0.0394084453583, 0.016029143706, 0.0415279716253, 0.0315656587481, 0.0200999267399, 0.00531159341335, 0.00401857076213, 0.00369378365576, 0.0018609999679, 0.00159883114975, 0.00331381056458, 0.00200274516828, 0.0021442908328, 0.00401997705922, 0.00333038857207, 0.00368692912161, 0.00436057243496, 0.00693728402257, 0.00815869681537, 0.0032301528845, 0.0018753441982, 0.00227705365978, 0.00274799950421, 0.0016321054427, 0.00105860433541, 0.000750400067773, 0.00136531144381, 0.000746123550925, 0.00166087888647, 0.00229824660346, 0.000855450984091, 0.00041976411012, 0.000333028874593, 0.000551527773496, 0.00034728978062, 0.000565432826988, 0.000568164687138, 0.000627747678664, 0.000472442945465, 0.000339251331752, 0.000209043864743, 0.000207375647733, 0.000345676759025, 0.000182035917533, 0.000227838565479, 0.000324505352182, 0.000276792881778, 0.000265613285592, 0.000160967421834, 0.000147726866999, 0.000128697021864, 0.000128659972688, 0.000131512017106, 0.000369063287508, 0.000132474509883, 0.00011961186101, 0.000111833091069, 0.000151280095452, 0.000283087050775, 0.000201244300115, 0.0001850984263, 0.000241284171352, 9.2173970188e-05, 8.50192227517e-05, 0.000172654559719, 8.17208638182e-05, 0.000105621642433, 0.000112451896712, 7.95239102445e-05, 4.52610584034e-05, 6.79355944158e-05, 8.37776897242e-05, 7.95542291598e-05, 8.93122851267e-05, 0.000146424135892, 0.000151115003973, 0.000227204393013, 0.000214275176404, 0.00015902701125, 0.000181866344064, 0.00013087138359, 0.000137275856105, 9.83296849881e-05, 0.000133751003887, 0.000103957208921, 6.2889259425e-05, 0.000100020261016, 0.000283512112219, 0.000151701664436, 4.34608919022e-05, 5.83074033784e-05, 3.98379306716e-05, 6.47533524898e-05, 7.15217829566e-05, 0.000141036885907, 6.14752134425e-05, 4.17746414314e-05, 2.21190730372e-05, 4.78098882013e-05, 5.00663736602e-05, 5.92879623582e-05, 6.77780772094e-05, 7.16695867595e-05, 5.30747165612e-05, 7.50104154577e-05, 3.54595940735e-05, 6.43876660433e-07, 7.15130909157e-07, 5.03267472141e-07, 5.78053551692e-08, 5.57311103933e-08, 5.40452766984e-08, 5.34208233205e-08, 5.18590965726e-08, 5.06074542272e-08, 4.94719643029e-08, 4.83373803206e-08, 4.77904684715e-08, 4.74722625654e-08, 4.70068037828e-08, 4.67709817542e-08],
        "mean": [0.00904111564159, 0.00735167227685, 0.00464011589065, 0.00250526191667, 0.00230563268997, 0.00251428573392, 0.00181441823952, 0.00107699621003, 0.000872936332598, 0.0016342101153, 0.00173519842792, 0.000927166081965, 0.000507291813847, 0.000349430047208, 0.000285183195956, 0.000144162811921, 8.29503769637e-05, 0.000161004369147, 0.000101352830825, 9.26371212699e-05, 0.000144554069266, 0.000234405946685, 0.00028411517269, 0.000208243844099, 0.000353397976141, 0.000357291894034, 0.000201045098947, 0.00021079799626, 0.0001932062587, 0.000248828931944, 0.000147847167682, 7.07211584086e-05, 6.85335253365e-05, 8.97069621715e-05, 7.89036494098e-05, 0.000102659025288, 9.45499996305e-05, 4.8609526857e-05, 5.10858189955e-05, 4.87972247356e-05, 4.28305575042e-05, 3.30504044541e-05, 4.33307359344e-05, 4.30975451309e-05, 4.40703770437e-05, 4.14917849412e-05, 3.87257423426e-05, 2.80404365185e-05, 2.33132832363e-05, 2.61123041128e-05, 2.03940362553e-05, 1.940171569e-05, 1.70276944118e-05, 1.70359326148e-05, 1.34259607876e-05, 1.06459219751e-05, 8.26015548228e-06, 7.08702464181e-06, 7.37624350222e-06, 7.47392277844e-06, 6.73903377901e-06, 6.06884395893e-06, 5.29335784449e-06, 4.50661127616e-06, 4.40243729827e-06, 5.95168557993e-06, 5.70870042793e-06, 6.16495526629e-06, 7.35556022846e-06, 5.35930439582e-06, 4.35999709225e-06, 6.02105455982e-06, 4.11823020841e-06, 4.38287452198e-06, 3.45370108334e-06, 2.92050458484e-06, 2.28660974244e-06, 2.70721329798e-06, 2.4452085654e-06, 1.83001895948e-06, 1.76815035502e-06, 1.98488419301e-06, 1.78026459707e-06, 2.03510126084e-06, 2.05491755878e-06, 1.62345907029e-06, 1.67842927112e-06, 1.42206067721e-06, 1.43402155572e-06, 1.01421562704e-06, 1.05108881598e-06, 8.52387586292e-07, 7.42200995774e-07, 8.18826549676e-07, 1.22874075714e-06, 8.21911498861e-07, 4.7536084935e-07, 5.44622253074e-07, 4.20829479708e-07, 6.26505084256e-07, 4.25302630447e-07, 5.60322632737e-07, 3.57973050313e-07, 2.76890830264e-07, 1.98758201009e-07, 2.54324675097e-07, 2.80121014384e-07, 5.2221309943e-07, 3.1404599099e-07, 2.57748126842e-07, 2.12031352476e-07, 3.11912714324e-07, 1.05678488183e-07, 4.08823552789e-09, 2.94619484364e-09, 2.36735364645e-09, 4.73616812435e-10, 1.22723137208e-10, 1.20160742467e-10, 1.16243008275e-10, 1.130182406e-10, 1.10538335429e-10, 1.08790025599e-10, 1.05983111176e-10, 1.0190524119e-10, 9.60618459778e-11, 9.27886795177e-11, 9.19129564125e-11],
        "min": [5.51234258239e-09, 6.88906531821e-09, 7.29290183799e-09, 6.06508088197e-09, 3.10854320063e-09, 8.10630174097e-10, 2.47198705949e-10, 4.21462587052e-10, 4.52335058299e-10, 8.71415092862e-11, 3.32737448705e-10, 1.68404212797e-09, 3.52672158144e-09, 3.92999588428e-09, 4.47790160507e-09, 3.45524164835e-09, 1.70054670345e-09, 1.51658974268e-09, 1.52940471398e-09, 6.8913785789e-10, 1.24417631753e-09, 2.00484162605e-09, 7.82034825786e-10, 3.54321727514e-09, 4.94544050156e-09, 1.27834343111e-09, 3.18691495416e-09, 3.44060335777e-09, 3.01111668932e-09, 4.34884706024e-09, 5.37715560966e-09, 8.96465035538e-09, 4.55045379155e-09, 6.06936223502e-10, 1.28025923196e-09, 2.9289044523e-09, 2.70142752612e-09, 2.8870934532e-09, 5.83013637367e-09, 1.72977265844e-09, 2.34363217722e-09, 2.79270229164e-09, 4.32989688548e-09, 1.28875887739e-09, 1.20301643647e-10, 2.60554189335e-10, 1.06066744276e-09, 3.27730009797e-10, 4.45886771949e-10, 4.19398460405e-10, 2.44954723172e-10, 2.88473378518e-09, 5.07656805482e-09, 3.8199168273e-09, 7.03869129648e-10, 1.87023818654e-09, 1.434936725e-09, 7.53951678867e-10, 1.11632780797e-09, 1.95020444238e-09, 1.25296506504e-09, 8.81152983911e-10, 1.85224502403e-09, 2.0487271879e-09, 4.43312009324e-09, 1.51163292994e-09, 1.77478565178e-09, 3.04660674466e-09, 2.95050028853e-09, 5.11000408654e-10, 6.21012574697e-10, 1.22643950551e-09, 1.53812418358e-09, 3.74376335488e-10, 7.29318050396e-10, 1.86781079492e-09, 1.05558395358e-09, 8.33303148706e-10, 3.96527949365e-10, 6.42684405694e-10, 2.43288222901e-10, 1.46995371431e-09, 9.50013512302e-10, 2.33091212998e-10, 1.11937958902e-09, 9.82911085856e-10, 1.25802757101e-09, 5.07780983927e-10, 5.33271871106e-10, 3.35980049337e-10, 4.4819578604e-10, 1.18433718388e-09, 6.72090882947e-10, 5.16967357811e-10, 6.18859685719e-10, 8.8038237811e-10, 1.42279343862e-09, 1.19717835645e-09, 8.15346623551e-10, 3.2064439992e-10, 2.17449003248e-10, 9.63965973017e-12, 6.53620517085e-12, 7.43080943999e-12, 3.71685494882e-12, 8.03445504571e-12, 7.67724512435e-12, 4.66996363455e-12, 5.11562493755e-12, 5.25869712359e-12, 5.85180471788e-12, 6.14652296074e-12, 4.76119751264e-12, 4.17035243144e-12, 4.13070185695e-12, 6.13332128141e-12, 5.03971083615e-12, 4.60328650198e-12, 3.68132217418e-12, 3.75068986286e-12, 4.4305119469e-12, 5.51765967985e-12, 6.12149350307e-12, 5.77036682325e-12, 3.12041711914e-12, 1.14090312718e-12, 1.94703072567e-13, 4.91340815758e-15],
        "stdev": [0.0356255248189, 0.0218757931143, 0.0130969583988, 0.00681357970461, 0.00487251859158, 0.00543558737263, 0.00297764362767, 0.00228794547729, 0.00170678074937, 0.00489328615367, 0.00378061854281, 0.0022627657745, 0.000865910435095, 0.000538392108865, 0.000566140981391, 0.000240322042373, 0.000146165009937, 0.000432075525168, 0.000198693684069, 0.000222711241804, 0.000372361391783, 0.000397372816224, 0.000502871000208, 0.000431496999227, 0.000771541381255, 0.000913985655643, 0.000314251228701, 0.000262746412773, 0.000240378591116, 0.000339927180903, 0.000209049700061, 0.00010431039118, 9.04483677004e-05, 0.000136193353683, 0.000120792159578, 0.00019134383183, 0.000224696559599, 6.71439629514e-05, 6.62198290229e-05, 5.74390978727e-05, 6.55345938867e-05, 3.88442895201e-05, 6.68194916216e-05, 5.52879137103e-05, 5.57859384571e-05, 5.41183653695e-05, 4.37337948824e-05, 3.54552321369e-05, 3.11217881972e-05, 3.96157993237e-05, 2.7053994927e-05, 2.86486047116e-05, 2.79113664874e-05, 2.60035922111e-05, 2.25960302487e-05, 1.6298969058e-05, 1.37817751238e-05, 1.37199995152e-05, 1.33839976115e-05, 1.21014136312e-05, 1.82606236194e-05, 1.17838808364e-05, 1.0542686141e-05, 9.35003572522e-06, 9.91103570414e-06, 1.93571086129e-05, 1.34067195177e-05, 1.39116182254e-05, 2.09719873965e-05, 1.02153517219e-05, 7.92448463471e-06, 1.53148230311e-05, 9.57131487667e-06, 1.00711577034e-05, 7.41321173336e-06, 6.26240125712e-06, 4.25631469625e-06, 6.09012204222e-06, 6.42664736006e-06, 5.25400264451e-06, 5.28796772414e-06, 8.3342565631e-06, 7.89511432231e-06, 1.06875768324e-05, 1.09858983706e-05, 8.62528031575e-06, 9.2339969342e-06, 6.45744830763e-06, 6.88882073518e-06, 4.75819160783e-06, 6.22440484221e-06, 5.0589028433e-06, 3.54459666596e-06, 5.36169000043e-06, 1.2766798136e-05, 7.06731589162e-06, 2.29354100156e-06, 2.97706014862e-06, 1.96898940885e-06, 3.38289260071e-06, 3.16520572596e-06, 6.22231573288e-06, 2.94132837553e-06, 1.93561027118e-06, 1.03006220797e-06, 2.27885038839e-06, 2.48389369517e-06, 3.36030029757e-06, 3.19200535159e-06, 3.14155454362e-06, 2.34118101616e-06, 3.37968663189e-06, 1.53173130002e-06, 3.35545458086e-08, 3.16401447265e-08, 2.2559072832e-08, 3.66949204356e-09, 2.37354380594e-09, 2.30175967175e-09, 2.27511964823e-09, 2.20862239608e-09, 2.15530238101e-09, 2.10690020985e-09, 2.05857419999e-09, 2.03540007071e-09, 2.0220514152e-09, 2.00232586067e-09, 1.99229610587e-09]
    },
    "mfcc": {
        "mean": [-651.293823242, 137.082427979, -15.7864236832, 7.88279628754, -5.67242431641, 13.1075983047, 5.47457742691, 6.22990655899, 5.89267015457, 9.35441875458, -5.37324285507, -3.23590183258, -4.93459415436],
        "cov": [[3641.99829102, -77.3966751099, 728.792724609, 537.489685059, 603.950012207, 375.833312988, 204.119827271, 301.785522461, 261.458953857, -29.6597576141, 193.726272583, 128.023208618, 103.996025085], [-77.3966751099, 1984.55493164, 517.432861328, 207.486236572, 126.214309692, 105.90007782, -171.395874023, -109.591567993, -257.502655029, -194.396377563, -43.9114189148, 75.1911468506, -48.6951980591], [728.792724609, 517.432861328, 587.373718262, 233.598800659, 241.44190979, 143.170791626, -15.3180885315, 21.1856155396, -78.8511581421, -146.740188599, 24.9158267975, 50.6607666016, 8.9853105545], [537.489685059, 207.486236572, 233.598800659, 197.046966553, 138.16947937, 95.2986679077, 30.2291355133, 39.1449127197, -7.95638990402, -35.6567001343, 18.5486164093, 31.9630641937, 15.042552948], [603.950012207, 126.214309692, 241.44190979, 138.16947937, 223.795928955, 90.6321792603, 20.3350639343, 34.4230003357, 10.7594871521, -56.2214698792, 41.5054626465, 43.3443107605, 24.0535449982], [375.833312988, 105.90007782, 143.170791626, 95.2986679077, 90.6321792603, 124.868614197, 20.8096103668, 32.8128356934, -3.10093402863, -25.8959274292, 8.5834569931, 15.4387331009, 13.2930202484], [204.119827271, -171.395874023, -15.3180885315, 30.2291355133, 20.3350639343, 20.8096103668, 99.2386169434, 46.2538642883, 49.1962623596, 38.2677841187, 7.02506923676, -2.54779052734, 22.9884929657], [301.785522461, -109.591567993, 21.1856155396, 39.1449127197, 34.4230003357, 32.8128356934, 46.2538642883, 100.267456055, 52.1086845398, 17.8781471252, 32.6506614685, 15.5938606262, 14.7721815109], [261.458953857, -257.502655029, -78.8511581421, -7.95638990402, 10.7594871521, -3.10093402863, 49.1962623596, 52.1086845398, 134.251449585, 62.0883789062, 42.3264007568, 9.72920227051, 15.57097435], [-29.6597576141, -194.396377563, -146.740188599, -35.6567001343, -56.2214698792, -25.8959274292, 38.2677841187, 17.8781471252, 62.0883789062, 108.467956543, 7.44886302948, -6.15170764923, 7.47063732147], [193.726272583, -43.9114189148, 24.9158267975, 18.5486164093, 41.5054626465, 8.5834569931, 7.02506923676, 32.6506614685, 42.3264007568, 7.44886302948, 85.1576385498, 47.5931625366, 18.2717971802], [128.023208618, 75.1911468506, 50.6607666016, 31.9630641937, 43.3443107605, 15.4387331009, -2.54779052734, 15.5938606262, 9.72920227051, -6.15170764923, 47.5931625366, 77.8581008911, 23.8826503754], [103.996025085, -48.6951980591, 8.9853105545, 15.042552948, 24.0535449982, 13.2930202484, 22.9884929657, 14.7721815109, 15.57097435, 7.47063732147, 18.2717971802, 23.8826503754, 56.5488090515]],
        "icov": [[0.000939043762628, 0.000103722624772, -0.000535591330845, -0.000937002128921, -0.00103723898064, -0.000747326819692, 0.000100209552329, -0.000831185490824, -0.00141626480035, -0.00034879668965, -0.000251073972322, 0.000327408168232, -0.000131105320179], [0.000103722624772, 0.000993324792944, -0.000560595712159, -0.000823689159006, 0.000244683149504, -0.000282293884084, 0.00101570074912, 0.000338051992003, 0.000720362004358, -0.000120091062854, 0.000458502763649, -0.00109493860509, 0.000565662747249], [-0.000535591330845, -0.000560595712159, 0.00624036276713, -0.00286349235103, -0.0019317046972, -0.000589373114053, -0.00016925073578, 0.000206568904105, 0.00182203808799, 0.00422626035288, -0.000775441527367, 0.000147510902025, 0.000375674135284], [-0.000937002128921, -0.000823689159006, -0.00286349235103, 0.0155162280425, -0.00273285876028, -0.00268249539658, -0.00337716192007, -0.0011034036288, 0.00212651514448, -0.00263848970644, 0.00133385101799, -0.00153409049381, 0.000775524938945], [-0.00103723898064, 0.000244683149504, -0.0019317046972, -0.00273285876028, 0.0130642941222, -0.00152878148947, -0.000762122159358, 0.00233242218383, -0.00148619653191, 0.00389787764288, -0.00183297588956, -0.00164241855964, -0.00116477534175], [-0.000747326819692, -0.000282293884084, -0.000589373114053, -0.00268249539658, -0.00152878148947, 0.015053646639, -0.000631286529824, -0.00223665637895, 0.00148125528358, 0.000150614738232, 0.00172588601708, 0.000444682955276, -0.00128222466446], [0.000100209552329, 0.00101570074912, -0.00016925073578, -0.00337716192007, -0.000762122159358, -0.000631286529824, 0.01891011931, -0.00483587989584, -0.00203127437271, -0.00450736517087, 0.0031876899302, 0.00198584492318, -0.00504988897592], [-0.000831185490824, 0.000338051992003, 0.000206568904105, -0.0011034036288, 0.00233242218383, -0.00223665637895, -0.00483587989584, 0.0176280084997, -0.00251800357364, 0.00134214560967, -0.0036323571112, -0.000859134248458, 0.00102755369153], [-0.00141626480035, 0.000720362004358, 0.00182203808799, 0.00212651514448, -0.00148619653191, 0.00148125528358, -0.00203127437271, -0.00251800357364, 0.0186574514955, -0.00560789601877, -0.00498527288437, 0.000464524666313, 0.00115528970491], [-0.00034879668965, -0.000120091062854, 0.00422626035288, -0.00263848970644, 0.00389787764288, 0.000150614738232, -0.00450736517087, 0.00134214560967, -0.00560789601877, 0.0203839726746, -0.000388883723645, -0.000964961131103, -0.000258842745097], [-0.000251073972322, 0.000458502763649, -0.000775441527367, 0.00133385101799, -0.00183297588956, 0.00172588601708, 0.0031876899302, -0.0036323571112, -0.00498527288437, -0.000388883723645, 0.0238929018378, -0.0124586895108, -0.000382383615943], [0.000327408168232, -0.00109493860509, 0.000147510902025, -0.00153409049381, -0.00164241855964, 0.000444682955276, 0.00198584492318, -0.000859134248458, 0.000464524666313, -0.000964961131103, -0.0124586895108, 0.0247679241002, -0.00758436741307], [-0.000131105320179, 0.000565662747249, 0.000375674135284, 0.000775524938945, -0.00116477534175, -0.00128222466446, -0.00504988897592, 0.00102755369153, 0.00115528970491, -0.000258842745097, -0.000382383615943, -0.00758436741307, 0.0237701945007]]
    },
    "spectral_contrast_coeffs": {
        "max": [-0.497540146112, -0.596794486046, -0.586804032326, -0.699626684189, -0.680042386055, -0.667229652405],
        "mean": [-0.722828567028, -0.789196550846, -0.766092121601, -0.822483778, -0.821001529694, -0.756645262241],
        "min": [-0.882493376732, -0.934034109116, -0.917032420635, -0.888335168362, -0.900523900986, -0.869145393372],
        "stdev": [0.0734730139375, 0.0695597082376, 0.0631400644779, 0.0335040986538, 0.0302976742387, 0.0288409739733]
    },
    "spectral_contrast_valleys": {
        "max": [-4.39062595367, -4.93325614929, -5.59002494812, -5.93958330154, -5.97663021088, -7.29543352127],
        "mean": [-6.84184169769, -6.59002828598, -6.78644752502, -7.14295625687, -7.60071659088, -10.6739797592],
        "min": [-12.5892353058, -11.3406114578, -11.3758935928, -11.9109544754, -11.1289110184, -13.0311784744],
        "stdev": [1.30350756645, 0.639989554882, 0.569502770901, 0.593263149261, 0.652153968811, 0.953886806965]
    }
},
"rhythm": {
    "beats_count": 24,
    "beats_loudness": {
        "max": 0.174088999629,
        "mean": 0.0416825860739,
        "min": 0.00104979763273,
        "stdev": 0.0417648144066
    },
    "bpm": 123.057601929,
    "bpm_histogram_first_peak_bpm": 123,
    "bpm_histogram_first_peak_weight": 0.153846144676,
    "bpm_histogram_second_peak_bpm": 115,
    "bpm_histogram_second_peak_spread": 0.300000011921,
    "bpm_histogram_second_peak_weight": 0.304347813129,
    "danceability": 0.801403582096,
    "onset_rate": 1.80259752274,
    "beats_loudness_band_ratio": {
        "max": [0.81851285696, 0.3991304636, 0.554805397987, 0.767036676407, 0.238079413772, 0.2167301476],
        "mean": [0.415929824114, 0.128100290895, 0.173759520054, 0.208516597748, 0.0639658719301, 0.0440644808114],
        "min": [0.00367981707677, 0.00359277753159, 0.0321362018585, 0.0249891001731, 0.00531893922016, 0.000606985529885],
        "stdev": [0.264050364494, 0.113864846528, 0.140068173409, 0.197699546814, 0.0543918348849, 0.0546064861119]
    },
    "beats_position": [0.522448956966, 1.05650794506, 1.59056687355, 2.12462592125, 2.6470746994, 3.16952371597, 3.69197273254, 4.21442174911, 4.73687076569, 5.25931978226, 5.78176879883, 6.26938772202, 6.7570066452, 7.25623559952, 7.74385452271, 8.23147392273, 8.71909236908, 9.2067117691, 9.69433116913, 10.1819496155, 10.6695690155, 11.1571884155, 11.6331968307, 12.1208162308],
