{
"metadata": {
    "version": {
        "essentia": "2.1-beta5",
        "essentia_git_sha": "Undefined",
        "extractor": "music 2.0"
    },
    "audio_properties": {
        "analysis": {
            "equal_loudness": 0,
            "length": 29.001745224,
            "sample_rate": 44100,
            "start_time": 81.2350082397,
            "downmix": "mix"
        },
        "bit_rate": 192000,
        "length": 197.160980225,
        "lossless": 0,
        "number_channels": 2,
        "replay_gain": -0.290422439575,
        "sample_rate": 48000,
        "codec": "mp3",
        "md5_encoded": "f25d65718a2bee48c77934065a391b4a"
    },
    "tags": {
        "file_name": "United KingdomUK_Believe In Me_Bonnie Tyler.mp3",
        "encoding": ["Lavf58.29.100"]
    }
},
"lowlevel": {
    "average_loudness": 0.956055521965,
    "barkbands_crest": {
        "max": 24.7297840118,
        "mean": 9.94989585876,
        "min": 3.19628238678,
        "stdev": 4.27173233032
    },
    "barkbands_flatness_db": {
        "max": 0.308810830116,
        "mean": 0.133017897606,
        "min": 0.0475445054471,
        "stdev": 0.0391360968351
    },
    "barkbands_kurtosis": {
        "max": 94.8240127563,
        "mean": 3.4810397625,
        "min": -1.96552431583,
        "stdev": 7.27604150772
    },
    "barkbands_skewness": {
        "max": 8.66158485413,
        "mean": 1.52539134026,
        "min": -1.84682667255,
        "stdev": 1.12423098087
    },
    "barkbands_spread": {
        "max": 107.279800415,
        "mean": 27.5382385254,
        "min": 1.77392590046,
        "stdev": 16.6218318939
    },
    "dissonance": {
        "max": 0.499802708626,
        "mean": 0.467153519392,
        "min": 0,
        "stdev": 0.0262772962451
    },
    "dynamic_complexity": 2.49385976791,
    "erbbands_crest": {
        "max": 28.7981624603,
        "mean": 8.7919883728,
        "min": 2.24674201012,
        "stdev": 4.20491981506
    },
    "erbbands_flatness_db": {
        "max": 0.24886867404,
        "mean": 0.138897359371,
        "min": 0.068600602448,
        "stdev": 0.0318930856884
    },
    "erbbands_kurtosis": {
        "max": 20.4604282379,
        "mean": 0.469133347273,
        "min": -1.66580379009,
        "stdev": 1.99945068359
    },
    "erbbands_skewness": {
        "max": 2.83533716202,
        "mean": 0.187336727977,
        "min": -4.45133399963,
        "stdev": 0.795100748539
    },
    "erbbands_spread": {
        "max": 117.023361206,
        "mean": 43.8624458313,
        "min": 6.86889362335,
        "stdev": 19.3695144653
    },
    "hfc": {
        "max": 141.798217773,
        "mean": 24.9955368042,
        "min": 1.42084763866e-05,
        "stdev": 20.9910430908
    },
    "loudness_ebu128": {
        "integrated": -22.6577091217,
        "loudness_range": 3.80742263794,
        "momentary": {
            "max": -19.5409011841,
            "mean": -23.1019515991,
            "min": -28.5045337677,
            "stdev": 2.02886867523
        },
        "short_term": {
            "max": -20.6224994659,
            "mean": -23.0895061493,
            "min": -25.0909843445,
            "stdev": 1.3658863306
        }
    },
    "melbands_crest": {
        "max": 28.5102653503,
        "mean": 14.068107605,
        "min": 1.00000047684,
        "stdev": 4.98238563538
    },
    "melbands_flatness_db": {
        "max": 0.401180297136,
        "mean": 0.182204157114,
        "min": 2.54545795997e-07,
        "stdev": 0.0533447153866
    },
    "melbands_kurtosis": {
        "max": 240.07661438,
        "mean": 14.1957015991,
        "min": -1.48422026634,
        "stdev": 20.9153728485
    },
    "melbands_skewness": {
        "max": 13.0827102661,
        "mean": 2.83775234222,
        "min": -0.27915006876,
        "stdev": 1.68891441822
    },
    "melbands_spread": {
        "max": 218.508377075,
        "mean": 26.3367061615,
        "min": 1.23315632343,
        "stdev": 20.6186904907
    },
    "pitch_salience": {
        "max": 0.996097624302,
        "mean": 0.531351804733,
        "min": 0.12501706183,
        "stdev": 0.108786307275
    },
    "silence_rate_20dB": {
        "max": 1,
        "mean": 1,
        "min": 1,
        "stdev": 0
    },
    "silence_rate_30dB": {
        "max": 1,
        "mean": 0.97362112999,
        "min": 0,
        "stdev": 0.160259976983
    },
    "silence_rate_60dB": {
        "max": 1,
        "mean": 0.000799360510428,
        "min": 0,
        "stdev": 0.0282616615295
    },
    "spectral_centroid": {
        "max": 11025.0263672,
        "mean": 1449.64013672,
        "min": 301.301391602,
        "stdev": 710.663330078
    },
    "spectral_complexity": {
        "max": 46,
        "mean": 20.4684257507,
        "min": 0,
        "stdev": 9.37100791931
    },
    "spectral_decrease": {
        "max": -1.20507671e-29,
        "mean": -7.64059215896e-09,
        "min": -5.87438400146e-08,
        "stdev": 6.82955558773e-09
    },
    "spectral_energy": {
        "max": 0.224268585443,
        "mean": 0.0311045441777,
        "min": 1.28875865535e-09,
        "stdev": 0.0265919286758
    },
    "spectral_energyband_high": {
        "max": 0.0187162905931,
        "mean": 0.00130622182041,
        "min": 9.35449606665e-10,
        "stdev": 0.00205547316
    },
    "spectral_energyband_low": {
        "max": 0.215479165316,
        "mean": 0.0138651076704,
        "min": 8.80122450614e-12,
        "stdev": 0.0227346271276
    },
    "spectral_energyband_middle_high": {
        "max": 0.0761356428266,
        "mean": 0.00642870552838,
        "min": 1.88597540363e-10,
        "stdev": 0.00730021158233
    },
    "spectral_energyband_middle_low": {
        "max": 0.069226026535,
        "mean": 0.0109347114339,
        "min": 3.89768425868e-11,
        "stdev": 0.00859431456774
    },
    "spectral_entropy": {
        "max": 10.0015554428,
        "mean": 7.79777288437,
        "min": 7.02886390686,
        "stdev": 0.323779016733
    },
    "spectral_flux": {
        "max": 0.423112809658,
        "mean": 0.0927388817072,
        "min": 0.0186552777886,
        "stdev": 0.056163161993
    },
    "spectral_kurtosis": {
        "max": 11.5443639755,
        "mean": 2.93837785721,
        "min": -1.20000219345,
        "stdev": 1.79601967335
    },
    "spectral_rms": {
        "max": 0.0147918434814,
        "mean": 0.00517360446975,
        "min": 1.12130521757e-06,
        "stdev": 0.00189200637396
    },
    "spectral_rolloff": {
        "max": 18755.4199219,
        "mean": 1603.37072754,
        "min": 86.1328125,
        "stdev": 1714.20800781
    },
    "spectral_skewness": {
        "max": 2.9329252243,
        "mean": 1.36812281609,
        "min": -0.332267045975,
        "stdev": 0.394473284483
    },
    "spectral_spread": {
        "max": 40596008,
        "mean": 5349421,
        "min": 2533775.75,
        "stdev": 1801490.25
    },
    "spectral_strongpeak": {
        "max": 11.5834054947,
        "mean": 0.812310576439,
        "min": 0,
        "stdev": 1.33971619606
    },
    "zerocrossingrate": {
        "max": 0.30712890625,
        "mean": 0.0664234235883,
        "min": 0.00048828125,
        "stdev": 0.0387751422822
    },
    "barkbands": {
        "max": [0.00391067564487, 0.186574235559, 0.0556555576622, 0.0363678112626, 0.0419623330235, 0.0421425327659, 0.0280126258731, 0.0422127619386, 0.0216646529734, 0.041547447443, 0.0299359448254, 0.0193908978254, 0.0175790544599, 0.00766642112285, 0.0196920000017, 0.0167690981179, 0.00877815298736, 0.00997179932892, 0.00766318384558, 0.00314063299447, 0.00273083895445, 0.00646504946053, 0.011589853093, 0.0109913796186, 0.00311308749951, 0.0017779058544, 7.11168922862e-06],
        "mean": [0.000139309602673, 0.00942188408226, 0.00317766750231, 0.00186310650315, 0.00345755950548, 0.00172349077184, 0.00112799403723, 0.00127337756567, 0.000906727684196, 0.00160024547949, 0.000868959294166, 0.000563674315345, 0.000480329152197, 0.000386964238714, 0.000614511256572, 0.000720170210116, 0.00050481420476, 0.000420794502134, 0.000401153636631, 0.000268123461865, 0.00018428824842, 0.000252013240242, 0.000283433735603, 0.000287654314889, 0.00014007856953, 3.62090577255e-05, 1.57532689116e-08],
        "min": [2.5146354183e-12, 3.77195323586e-12, 2.5146354183e-12, 2.5146354183e-12, 6.28658843732e-12, 6.28658843732e-12, 6.28658843732e-12, 6.28658843732e-12, 8.80122450614e-12, 8.80122450614e-12, 8.80122450614e-12, 1.1315860575e-11, 1.25731786094e-11, 1.38304966438e-11, 1.63451318452e-11, 1.88597661793e-11, 2.13744005134e-11, 2.64036691816e-11, 3.26902567516e-11, 4.02341597538e-11, 5.28073314243e-11, 6.41231998055e-11, 7.66964061705e-11, 1.04357460173e-10, 1.45848874644e-10, 1.39351682971e-10, 1.56202481505e-10],
        "stdev": [0.00034826353658, 0.0191995408386, 0.00480866571888, 0.00339776067995, 0.00426524272189, 0.00284736114554, 0.00185772986151, 0.00287499371916, 0.00193110562395, 0.0032263842877, 0.00232688314281, 0.00137522711884, 0.00100880116224, 0.000669732922688, 0.00133894151077, 0.00169454060961, 0.000887094414793, 0.000793628394604, 0.000661537866108, 0.000351080758264, 0.00024026693427, 0.000485264288727, 0.000603057444096, 0.000785382930189, 0.000274835241726, 8.37323677843e-05, 2.21591378136e-07]
    },
    "erbbands": {
        "max": [5.96420669556, 45.5823898315, 81.8069763184, 116.580696106, 79.8586273193, 151.988708496, 603.768493652, 174.418380737, 319.599853516, 273.086791992, 1062.68933105, 494.581665039, 1200.30895996, 2876.51489258, 1425.90759277, 868.176147461, 888.966491699, 298.252685547, 796.310852051, 492.920593262, 1107.99963379, 369.873687744, 261.120330811, 594.928466797, 142.410705566, 139.322219849, 141.196258545, 151.63369751, 268.983947754, 466.457366943, 237.716705322, 301.091888428, 142.757095337, 44.3659629822, 20.2677001953, 12.866768837, 1.39082407951, 0.0467550829053, 0.00151484052185, 0.000282391527435],
        "mean": [0.208581328392, 2.30176687241, 4.21385622025, 5.46466255188, 8.24973297119, 10.6890907288, 16.8605556488, 11.3119516373, 16.5180931091, 17.2824478149, 31.478061676, 19.4423885345, 42.4254646301, 49.359539032, 30.400970459, 24.0320110321, 23.705915451, 21.4591598511, 30.1221866608, 26.5676765442, 45.5942230225, 26.2124958038, 20.5277862549, 28.5705909729, 15.1149969101, 13.211435318, 8.43393135071, 7.08631515503, 8.6842880249, 10.0382728577, 7.43206214905, 6.23587751389, 4.37737369537, 1.77389359474, 0.90956902504, 0.305589407682, 0.0410910509527, 0.0010989557486, 6.57400305499e-05, 4.36406880908e-05],
        "min": [1.37461653171e-10, 7.66756325099e-10, 2.58845700429e-09, 6.28306562334e-09, 1.26819621471e-08, 2.25678196131e-08, 3.6706033768e-08, 5.58585604438e-08, 8.07514055623e-08, 1.12089210802e-07, 1.50584554603e-07, 1.96949585529e-07, 2.51897120052e-07, 3.16171991699e-07, 3.90457586263e-07, 4.75462144323e-07, 5.7180523072e-07, 6.80023788391e-07, 8.004547567e-07, 9.3314190508e-07, 1.07764424229e-06, 1.2329232959e-06, 1.39697760915e-06, 1.56656244599e-06, 1.73676312443e-06, 1.90060325167e-06, 2.04859611586e-06, 2.16854459723e-06, 2.24568339036e-06, 2.2633903427e-06, 2.20515107685e-06, 2.05790774999e-06, 1.81703046565e-06, 1.49221591528e-06, 1.112507789e-06, 7.26375958493e-07, 3.92536918525e-07, 1.59407903766e-07, 4.03864852672e-08, 4.29490576437e-09],
        "stdev": [0.484067171812, 4.54253816605, 6.58066177368, 9.57714080811, 8.93024349213, 13.8724431992, 39.0852622986, 14.4505004883, 25.1202831268, 26.7971172333, 73.8512878418, 37.5185089111, 83.7086257935, 133.756378174, 76.9774856567, 55.4648094177, 49.2789421082, 34.1515617371, 62.3554458618, 44.9607658386, 109.790664673, 43.675365448, 30.1687145233, 56.9319229126, 18.9710159302, 17.5076408386, 10.8647823334, 10.3104848862, 16.6423206329, 23.6080055237, 14.8030185699, 18.6068515778, 11.0096216202, 3.80239129066, 1.76188838482, 0.666138827801, 0.0840506106615, 0.0024438535329, 0.00010329131328, 3.49306610588e-05]
    },
    "gfcc": {
        "mean": [22.9713554382, 90.823135376, -114.708511353, 46.7465209961, -65.6703643799, 28.6410083771, -42.2711830139, 16.274728775, -24.595457077, -0.748059630394, -15.9625816345, -1.38440239429, -7.40872383118],
        "cov": [[2991.23168945, -739.556274414, -33.8722953796, 74.7883300781, 39.9096565247, 57.9791183472, -227.380569458, 237.117294312, -110.943099976, 269.278625488, -47.8666496277, 166.684005737, -114.580238342], [-739.556274414, 903.724975586, -201.224304199, -102.308609009, 108.003936768, -113.438713074, 178.41583252, -50.766368866, 81.9778442383, -137.972167969, 112.152526855, -135.358978271, 93.0407562256], [-33.8722953796, -201.224304199, 446.144287109, 96.306892395, -44.6126747131, 101.061347961, -35.0316085815, 0.459238022566, 4.44873523712, 50.8382835388, -38.9948234558, 72.8273162842, -35.2934532166], [74.7883300781, -102.308609009, 96.306892395, 281.76373291, 59.488948822, -8.47102546692, -65.6573410034, -34.2916030884, 79.9354095459, 14.806552887, 33.6397705078, 42.8265609741, 24.1760101318], [39.9096565247, 108.003936768, -44.6126747131, 59.488948822, 184.803894043, -15.2113656998, 14.0918626785, 38.0754699707, 26.3648910522, 21.8671798706, 34.0144920349, 7.25969457626, 26.7976055145], [57.9791183472, -113.438713074, 101.061347961, -8.47102546692, -15.2113656998, 203.470733643, 103.168769836, 18.2479152679, 0.375676512718, 22.2849750519, 2.65017962456, 9.92241477966, -17.1874732971], [-227.380569458, 178.41583252, -35.0316085815, -65.6573410034, 14.0918626785, 103.168769836, 252.656051636, 35.3250656128, -4.1309132576, -16.8148975372, 32.439956665, -46.7860794067, -0.284905284643], [237.117294312, -50.766368866, 0.459238022566, -34.2916030884, 38.0754699707, 18.2479152679, 35.3250656128, 124.85030365, 7.93635082245, 45.2663459778, 2.28384447098, 9.73220443726, -16.1206798553], [-110.943099976, 81.9778442383, 4.44873523712, 79.9354095459, 26.3648910522, 0.375676512718, -4.1309132576, 7.93635082245, 128.327514648, 4.77185535431, 40.0765609741, -0.982233285904, 26.9721336365], [269.278625488, -137.972167969, 50.8382835388, 14.806552887, 21.8671798706, 22.2849750519, -16.8148975372, 45.2663459778, 4.77185535431, 120.714515686, 20.2149925232, 46.8333702087, -28.3975429535], [-47.8666496277, 112.152526855, -38.9948234558, 33.6397705078, 34.0144920349, 2.65017962456, 32.439956665, 2.28384447098, 40.0765609741, 20.2149925232, 108.649261475, 10.2942714691, 16.3672084808], [166.684005737, -135.358978271, 72.8273162842, 42.8265609741, 7.25969457626, 9.92241477966, -46.7860794067, 9.73220443726, -0.982233285904, 46.8333702087, 10.2942714691, 105.95905304, 14.0495300293], [-114.580238342, 93.0407562256, -35.2934532166, 24.1760101318, 26.7976055145, -17.1874732971, -0.284905284643, -16.1206798553, 26.9721336365, -28.3975429535, 16.3672084808, 14.0495300293, 77.8771820068]],
        "icov": [[0.000729480816517, -0.000382859638194, 0.000817282532807, -0.00100546085741, 0.000551438715775, -0.00106885796413, 0.00116726674605, -0.00171328661963, 0.00123234151397, -0.00112373125739, 0.000591250427533, -0.000685799168423, 0.000600064755417], [-0.000382859638194, 0.00538714928553, -0.0020700043533, 0.0044364342466, -0.00380722014233, 0.00502114044502, -0.00419300142676, 0.00405718479306, -0.00409347750247, 0.00375662115403, -0.00471261516213, 0.00383580196649, -0.0029859917704], [0.000817282532807, -0.0020700043533, 0.00503889704123, -0.00369712314568, 0.00254164799117, -0.00426841666922, 0.00264420430176, -0.00292187789455, 0.00224501872435, -0.00260416977108, 0.00361076695845, -0.0038003155496, 0.002894657664], [-0.00100546085741, 0.0044364342466, -0.00369712314568, 0.0105484724045, -0.00572939263657, 0.00495518464595, -0.00331935472786, 0.00713150342926, -0.00764334388077, 0.00431053154171, -0.00493626808748, 0.00214715441689, -0.00233145360835], [0.000551438715775, -0.00380722014233, 0.00254164799117, -0.00572939263657, 0.0103982100263, -0.00338696106337, 0.00283141876571, -0.00628717523068, 0.00423826882616, -0.00445420388132, 0.00250833341852, -0.00188523239922, -0.00060544902226], [-0.00106885796413, 0.00502114044502, -0.00426841666922, 0.00495518464595, -0.00338696106337, 0.013344601728, -0.00868433155119, 0.00565579906106, -0.00538241583854, 0.00337995798327, -0.00406752247363, 0.00281823496334, -0.00235144747421], [0.00116726674605, -0.00419300142676, 0.00264420430176, -0.00331935472786, 0.00283141876571, -0.00868433155119, 0.0114824641496, -0.00681080576032, 0.00525469332933, -0.00267992238514, 0.00120321719442, -0.000466748781037, 0.00173103355337], [-0.00171328661963, 0.00405718479306, -0.00292187789455, 0.00713150342926, -0.00628717523068, 0.00565579906106, -0.00681080576032, 0.0178193468601, -0.00764993485063, 0.000958859687671, -0.0021498799324, 0.00207518180832, -0.000754014938138], [0.00123234151397, -0.00409347750247, 0.00224501872435, -0.00764334388077, 0.00423826882616, -0.00538241583854, 0.00525469332933, -0.00764993485063, 0.0163148120046, -0.00470022764057, 0.000429586158134, 1.04657483462e-05, -0.00157333351672], [-0.00112373125739, 0.00375662115403, -0.00260416977108, 0.00431053154171, -0.00445420388132, 0.00337995798327, -0.00267992238514, 0.000958859687671, -0.00470022764057, 0.0183999855071, -0.00658640637994, -0.00273820338771, 0.00402315706015], [0.000591250427533, -0.00471261516213, 0.00361076695845, -0.00493626808748, 0.00250833341852, -0.00406752247363, 0.00120321719442, -0.0021498799324, 0.000429586158134, -0.00658640637994, 0.0174072757363, -0.0055753798224, 0.00226436625235], [-0.000685799168423, 0.00383580196649, -0.0038003155496, 0.00214715441689, -0.00188523239922, 0.00281823496334, -0.000466748781037, 0.00207518180832, 1.04657483462e-05, -0.00273820338771, -0.0055753798224, 0.0196621026844, -0.00965947657824], [0.000600064755417, -0.0029859917704, 0.002894657664, -0.00233145360835, -0.00060544902226, -0.00235144747421, 0.00173103355337, -0.000754014938138, -0.00157333351672, 0.00402315706015, 0.00226436625235, -0.00965947657824, 0.0221449080855]]
    },
    "melbands": {
        "max": [0.0538975819945, 0.0462932437658, 0.0157316606492, 0.00932418368757, 0.0167524963617, 0.00502025429159, 0.00529617490247, 0.00311873294413, 0.0072668036446, 0.00333466217853, 0.00603926554322, 0.0114449188113, 0.00362079101615, 0.00213770358823, 0.00195707031526, 0.00212774029933, 0.000661819940433, 0.000948474626057, 0.00153447268531, 0.000695548369549, 0.00167110259645, 0.000497419387102, 0.000331783958245, 0.000348008819856, 0.000524837814737, 0.000120557771879, 0.00018588975945, 8.38843407109e-05, 9.93150824797e-05, 7.12560940883e-05, 0.000113377936941, 0.000165734862094, 0.000135207345011, 0.000328404596075, 0.00019757989503, 0.00013222952839, 0.000240746812779, 0.000126078477479, 4.61567287857e-05, 3.40762853739e-05],
        "mean": [0.00232242443599, 0.0025198305957, 0.000995128415525, 0.000694015063345, 0.000565728754736, 0.000276487087831, 0.000251965248026, 0.000198813941097, 0.000247423100518, 0.00012043404422, 0.000211489066714, 0.000200084148673, 0.000112128625915, 6.63482715026e-05, 5.5676784541e-05, 4.66637975478e-05, 3.85462408303e-05, 4.39742434537e-05, 4.34458888776e-05, 3.4850276279e-05, 5.92060314375e-05, 2.86613230855e-05, 1.96984474314e-05, 1.87991099665e-05, 2.45723695116e-05, 1.08511267172e-05, 1.02419817267e-05, 8.21198955236e-06, 5.45456441614e-06, 3.98440488425e-06, 4.17215369453e-06, 4.77994944958e-06, 5.13884060638e-06, 5.90149238633e-06, 4.54868222732e-06, 3.50257960235e-06, 3.91388130083e-06, 3.39303778674e-06, 2.1022144665e-06, 1.25365920667e-06],
        "min": [1.25731770915e-12, 1.25731770915e-12, 1.25731781757e-12, 1.25731781757e-12, 1.25731770915e-12, 1.25731770915e-12, 1.25731770915e-12, 1.25731781757e-12, 1.25731760073e-12, 1.25731760073e-12, 1.25731781757e-12, 1.25731781757e-12, 1.25731770915e-12, 1.25731760073e-12, 1.25731749231e-12, 1.25731770915e-12, 1.25731770915e-12, 1.25731749231e-12, 1.25731770915e-12, 1.25731770915e-12, 1.25731770915e-12, 1.25731792599e-12, 1.25731749231e-12, 1.25731781757e-12, 1.25731760073e-12, 1.25731760073e-12, 1.25731716705e-12, 1.25731760073e-12, 1.25731770915e-12, 1.25731760073e-12, 1.25731792599e-12, 1.25731760073e-12, 1.25731781757e-12, 1.25731792599e-12, 1.25731760073e-12, 1.25731803441e-12, 1.25731792599e-12, 1.25731770915e-12, 1.25731749231e-12, 1.25731705863e-12],
        "stdev": [0.00495883496478, 0.00408434076235, 0.00140003138222, 0.000766431388911, 0.00120934087317, 0.000366095686331, 0.000392990594264, 0.000338327605277, 0.00058274588082, 0.000237145257415, 0.000424761412432, 0.000545651419088, 0.000278553372482, 0.000148093153257, 0.000132898800075, 0.000107749146991, 6.56878255541e-05, 8.70302246767e-05, 9.45467691054e-05, 6.52905437164e-05, 0.000154326102347, 5.45847578906e-05, 3.0515348044e-05, 3.31239170919e-05, 5.17953958479e-05, 1.43458855746e-05, 1.48975386765e-05, 1.12831930892e-05, 7.49907667341e-06, 5.16497220815e-06, 6.70654617352e-06, 9.40381596592e-06, 1.09847587737e-05, 1.49366287587e-05, 9.83762402029e-06, 7.79514721216e-06, 1.31393890115e-05, 9.0781459221e-06, 4.75484057461e-06, 2.66472602561e-06]
    },
    "melbands128": {
        "max": [0.00327231385745, 0.0422848127782, 0.0873329415917, 0.0789208337665, 0.0550354719162, 0.0237961485982, 0.0296648479998, 0.0142427589744, 0.00840458180755, 0.0160119235516, 0.00882339663804, 0.0180942416191, 0.0307818949223, 0.0173551701009, 0.00312108010985, 0.00495705287904, 0.00625764485449, 0.00781788583845, 0.00932724401355, 0.00430008210242, 0.00523957563564, 0.0159855745733, 0.0103405993432, 0.00879117101431, 0.00373238581233, 0.0066763642244, 0.00551247783005, 0.0121340639889, 0.00473613711074, 0.00973347760737, 0.0216906554997, 0.00639701960608, 0.00466772075742, 0.0109793357551, 0.00346166524105, 0.00212551606819, 0.0052169742994, 0.00306758587249, 0.00127368199173, 0.00422776443884, 0.00207453640178, 0.0012669574935, 0.000965223473031, 0.00139628851321, 0.00163363222964, 0.00114772620145, 0.00350619549863, 0.00270932423882, 0.00100540171843, 0.00186121894512, 0.00106120633427, 0.00202559656464, 0.00281548057683, 0.0036278294865, 0.00134502537549, 0.000888332317118, 0.000299599429127, 0.000437546492321, 0.000644487328827, 0.000612897507381, 0.000319638871588, 0.00114620022941, 0.00150100514293, 0.000473167456221, 0.000413797009969, 0.00017559780099, 0.000192394945771, 0.000160326017067, 0.000468294136226, 0.000238593347603, 0.00014863270917, 0.00014874774206, 6.8443492637e-05, 0.000185446682735, 0.000113111025712, 8.53193268995e-05, 5.83306609769e-05, 8.2528902567e-05, 0.00018107231881, 8.17705440568e-05, 0.000182498450158, 0.000212104961975, 0.000143534285598, 0.000140417614602, 0.000230428224313, 0.000335208867909, 0.00026663125027, 0.000559487845749, 0.000144682751852, 8.05837480584e-05, 4.89356716571e-05, 0.000162925862242, 0.000298886036035, 0.000359896046575, 0.000246079347562, 0.000151179265231, 0.000156852867804, 9.56512012635e-05, 5.71540622332e-05, 4.64890545118e-05, 5.18847700732e-05, 2.98725281027e-05, 2.1913969249e-05, 4.14939931943e-05, 2.71605167654e-05, 2.51397777902e-05, 2.5609821023e-05, 3.48117209796e-05, 2.29665456573e-05, 1.76956546056e-05, 1.75700115506e-05, 5.85253610552e-06, 1.38095902003e-06, 4.16274076542e-07, 4.1141663587e-07, 5.81677397804e-07, 1.1011071166e-07, 3.32911263001e-08, 3.23863780238e-08, 3.15003667595e-08, 3.07470600092e-08, 3.00633793415e-08, 2.94676798518e-08, 2.89312023227e-08, 2.85398424893e-08, 2.81993433049e-08, 2.79659513325e-08, 2.78086762506e-08],
        "mean": [0.000117142837553, 0.0012150228722, 0.00351582909934, 0.00396555289626, 0.00257507781498, 0.00141708890442, 0.00115453370381, 0.000806193449534, 0.000850002339575, 0.000761090253945, 0.000513196690008, 0.000622765277512, 0.000696605828125, 0.000350588787114, 0.000177115522092, 0.000309995783027, 0.000291524804197, 0.000239774235524, 0.000205585136428, 0.000182153671631, 0.000174549772055, 0.000294216064503, 0.000304126850097, 0.000147430531797, 8.95536286407e-05, 9.55716677709e-05, 0.000206361088203, 0.000266396586085, 0.000158471681061, 0.00022374020773, 0.000221048831008, 0.000138415256515, 0.000118295734865, 8.15759049146e-05, 6.43299426883e-05, 6.0311438574e-05, 7.41048934287e-05, 4.25161742896e-05, 5.74133337068e-05, 6.0819380451e-05, 3.43690517184e-05, 4.43734934379e-05, 3.91640096495e-05, 3.80810452043e-05, 2.82036362478e-05, 3.55415795639e-05, 8.02893773653e-05, 4.43851859018e-05, 2.6823445296e-05, 3.43935607816e-05, 3.10287578031e-05, 3.74926748918e-05, 7.14248162694e-05, 6.19443599135e-05, 4.63325959572e-05, 2.38620377786e-05, 1.37731431096e-05, 2.42669793806e-05, 2.01998282137e-05, 1.59041901497e-05, 1.3544421563e-05, 2.18825116463e-05, 3.87086620321e-05, 2.08032415685e-05, 1.14872473205e-05, 1.00682445918e-05, 1.1395841284e-05, 9.00333270692e-06, 1.05940307549e-05, 1.07729920273e-05, 9.34985473577e-06, 6.13359316048e-06, 5.2797004173e-06, 5.98160841037e-06, 4.89685180582e-06, 3.76807201974e-06, 3.68032510778e-06, 3.81826566809e-06, 4.28269640906e-06, 4.44232455266e-06, 4.64616232421e-06, 4.90620732307e-06, 5.1417900977e-06, 5.00985788676e-06, 5.19937475474e-06, 5.87109343542e-06, 6.35236528979e-06, 5.74874957238e-06, 4.56001134808e-06, 3.59785803994e-06, 3.19904052049e-06, 3.49745323547e-06, 3.96555196858e-06, 4.01301940656e-06, 3.8228986341e-06, 3.73994794245e-06, 3.44552950082e-06, 2.69967085842e-06, 2.16387684304e-06, 1.76568835286e-06, 1.53977021e-06, 1.16168416753e-06, 8.80313507423e-07, 1.04411390112e-06, 1.04864011519e-06, 1.11772942546e-06, 9.50342666783e-07, 6.12092492247e-07, 4.69977265993e-07, 3.59868209898e-07, 3.22372017081e-07, 2.0732116468e-07, 6.63065335971e-08, 3.59899421376e-09, 2.34859531822e-09, 2.29234053961e-09, 4.39083797099e-10, 3.41897204992e-11, 3.323999756e-11, 3.24059355739e-11, 3.16516084176e-11, 3.10333911346e-11, 3.0484479524e-11, 2.99259957093e-11, 2.93399401996e-11, 2.86281224421e-11, 2.81996717644e-11, 2.80217897497e-11],
        "min": [1.25731770915e-12, 1.25731770915e-12, 1.25731760073e-12, 1.25731760073e-12, 1.25731781757e-12, 1.25731770915e-12, 1.25731781757e-12, 1.25731770915e-12, 1.25731760073e-12, 1.25731781757e-12, 1.25731781757e-12, 1.25731760073e-12, 1.25731770915e-12, 1.25731770915e-12, 1.25731781757e-12, 1.25731760073e-12, 1.25731760073e-12, 1.25731760073e-12, 1.25731770915e-12, 1.25731781757e-12, 1.25731781757e-12, 1.25731781757e-12, 1.25731781757e-12, 1.25731781757e-12, 1.25731781757e-12, 1.25731770915e-12, 1.25731770915e-12, 1.25731781757e-12, 1.25731781757e-12, 1.25731760073e-12, 1.25731770915e-12, 1.25731781757e-12, 1.25731770915e-12, 1.25731770915e-12, 1.25731770915e-12, 1.25731770915e-12, 1.25731760073e-12, 1.25731781757e-12, 1.25731760073e-12, 1.25731781757e-12, 1.25731760073e-12, 1.25731770915e-12, 1.25731781757e-12, 1.25731770915e-12, 1.25731770915e-12, 1.25731770915e-12, 1.25731781757e-12, 1.25731770915e-12, 1.25731770915e-12, 1.25731781757e-12, 1.25731760073e-12, 1.25731760073e-12, 1.25731781757e-12, 1.25731770915e-12, 1.25731770915e-12, 1.25731770915e-12, 1.25731760073e-12, 1.25731770915e-12, 1.25731770915e-12, 1.25731749231e-12, 1.25731749231e-12, 1.25731770915e-12, 1.25731781757e-12, 1.25731770915e-12, 1.25731781757e-12, 1.25731760073e-12, 1.25731749231e-12, 1.25731770915e-12, 1.25731760073e-12, 1.25731781757e-12, 1.25731770915e-12, 1.25731781757e-12, 1.25731781757e-12, 1.25731770915e-12, 1.25731760073e-12, 1.25731770915e-12, 1.25731781757e-12, 1.25731760073e-12, 1.25731770915e-12, 1.25731760073e-12, 1.25731760073e-12, 1.25731770915e-12, 1.25731792599e-12, 1.25731760073e-12, 1.25731770915e-12, 1.25731770915e-12, 1.25731781757e-12, 1.25731781757e-12, 1.25731770915e-12, 1.25731792599e-12, 1.25731770915e-12, 1.25731781757e-12, 1.25731760073e-12, 1.25731760073e-12, 1.25731738389e-12, 1.25731760073e-12, 1.25731760073e-12, 1.25731770915e-12, 1.25731760073e-12, 1.25731781757e-12, 1.25731792599e-12, 1.25731770915e-12, 1.25731760073e-12, 1.25731792599e-12, 1.25731770915e-12, 1.25731760073e-12, 1.25731770915e-12, 9.27477062165e-13, 7.06957279176e-13, 7.91705947762e-13, 7.13518762303e-13, 6.55714577687e-13, 5.28038929856e-13, 3.96666992872e-13, 5.07638093887e-13, 5.87939907263e-13, 4.19969045434e-13, 3.64391676555e-13, 4.67430510531e-13, 3.43573802221e-13, 5.22609679057e-13, 3.99744717579e-13, 4.95093441071e-13, 4.1382115833e-13, 3.58119377252e-13, 1.52401013901e-13, 2.10155328605e-14, 6.54599978891e-16],
        "stdev": [0.000312138028676, 0.00317140482366, 0.00787875428796, 0.0077989557758, 0.00449852226302, 0.00220402842388, 0.00235913484357, 0.00135925260838, 0.00104063865729, 0.00112572230864, 0.000757684581913, 0.00152288144454, 0.00183514005039, 0.000908898306079, 0.00030148413498, 0.00047147704754, 0.000481093418784, 0.000542314432096, 0.000492588791531, 0.000347417255398, 0.000481177848997, 0.000933272647671, 0.000802629219834, 0.000585520348977, 0.000243562026299, 0.000310041767079, 0.000443240249297, 0.000721852935385, 0.000427592545748, 0.000652878079563, 0.000881545944139, 0.000437446549768, 0.00035306630889, 0.000409106432926, 0.00020885351114, 0.000145667334436, 0.000284015724901, 0.000183021795237, 0.000120146025438, 0.000197920919163, 0.000115982446005, 9.84667276498e-05, 8.23179871077e-05, 9.33728297241e-05, 8.18683256512e-05, 7.90088597569e-05, 0.000253273232374, 0.000133669149363, 6.3943596615e-05, 0.000104390521301, 6.46242551738e-05, 0.000126226354041, 0.000245200819336, 0.000209826204809, 0.000113218717161, 6.65412808303e-05, 2.46353993134e-05, 4.27936065535e-05, 4.48008504463e-05, 4.27499580837e-05, 2.37842959905e-05, 7.15424612281e-05, 0.000119478572742, 4.48479113402e-05, 2.51780984399e-05, 1.53962191689e-05, 2.00603208214e-05, 1.5473115127e-05, 2.48347023444e-05, 2.19745834329e-05, 1.65799301612e-05, 1.02663871075e-05, 7.7257209341e-06, 1.07503628897e-05, 7.66687026044e-06, 5.29604631083e-06, 5.42755060451e-06, 6.41601263851e-06, 8.3622026068e-06, 7.25383870304e-06, 1.00485312942e-05, 1.11368435682e-05, 1.10133451017e-05, 1.12697343866e-05, 1.33973117045e-05, 1.65989185916e-05, 1.59458395501e-05, 1.93960750039e-05, 9.88208103081e-06, 6.93307856636e-06, 5.64304309592e-06, 8.8531678557e-06, 1.38639898069e-05, 1.64844022947e-05, 1.25935730466e-05, 1.0731256225e-05, 9.755964129e-06, 6.7143682827e-06, 5.16944055562e-06, 4.28460816693e-06, 3.56461259798e-06, 2.53749703916e-06, 1.8619889488e-06, 2.47692560151e-06, 2.19214734898e-06, 2.18653963202e-06, 2.30828595704e-06, 1.57567410497e-06, 1.12611257919e-06, 8.69517123192e-07, 8.5044774778e-07, 4.21157437813e-07, 1.32615468829e-07, 1.80999997212e-08, 1.46027074877e-08, 1.87157649378e-08, 3.52475626464e-09, 9.42789624148e-10, 9.17368292441e-10, 8.92477813874e-10, 8.71266503388e-10, 8.52050763278e-10, 8.35290170365e-10, 8.20101042631e-10, 8.09128819501e-10, 7.99542709817e-10, 7.92967858043e-10, 7.88537957153e-10]
    },
    "mfcc": {
        "mean": [-613.995300293, 109.322151184, 12.3737678528, 20.7223148346, 8.23462677002, 7.6507973671, 0.983784139156, 10.3060846329, 1.09412515163, 3.34891819954, -2.22021961212, -1.83070361614, -0.665113687515],
        "cov": [[2673.62329102, -630.174926758, -194.725830078, 2.87750077248, 142.059570312, -117.180038452, -23.2387180328, -73.6911315918, -66.1229934692, 97.4480895996, 16.206287384, 8.57058620453, 81.564201355], [-630.174926758, 812.818908691, -219.906417847, -27.2552776337, -88.6852035522, -73.4110717773, 105.042472839, 28.4305725098, 31.0789718628, 20.8685646057, 7.54116773605, 1.31620824337, -34.7199440002], [-194.725830078, -219.906417847, 461.964294434, -5.46238851547, 16.2242412567, 102.987068176, -46.5633010864, 25.2356071472, 8.48582935333, -41.4833641052, 19.7865924835, 25.4279174805, 9.83760070801], [2.87750077248, -27.2552776337, -5.46238851547, 246.271057129, 112.461364746, -5.75649547577, -69.3503570557, -20.2346286774, -14.2771863937, -12.2109098434, -21.7644844055, 29.839389801, 54.1833305359], [142.059570312, -88.6852035522, 16.2242412567, 112.461364746, 211.357055664, -6.19701576233, -83.6872787476, -21.3828296661, -7.28739452362, -5.83308410645, -16.4399757385, 13.1387434006, 60.2687606812], [-117.180038452, -73.4110717773, 102.987068176, -5.75649547577, -6.19701576233, 163.979766846, 36.9225463867, 32.6757202148, 9.9790391922, -5.2784204483, 25.0850944519, 9.12896537781, -0.0203564334661], [-23.2387180328, 105.042472839, -46.5633010864, -69.3503570557, -83.6872787476, 36.9225463867, 203.670928955, 47.3194503784, 23.7405338287, 35.8771324158, 38.0920295715, 8.5259552002, -34.6855201721], [-73.6911315918, 28.4305725098, 25.2356071472, -20.2346286774, -21.3828296661, 32.6757202148, 47.3194503784, 94.0748443604, 32.0480079651, 15.2433547974, 11.4909801483, 6.53331661224, -4.3752117157], [-66.1229934692, 31.0789718628, 8.48582935333, -14.2771863937, -7.28739452362, 9.9790391922, 23.7405338287, 32.0480079651, 95.192276001, 19.5877323151, -0.461203724146, 4.85283851624, -1.71258950233], [97.4480895996, 20.8685646057, -41.4833641052, -12.2109098434, -5.83308410645, -5.2784204483, 35.8771324158, 15.2433547974, 19.5877323151, 88.5592041016, 42.8706092834, -6.34145212173, -8.35981369019], [16.206287384, 7.54116773605, 19.7865924835, -21.7644844055, -16.4399757385, 25.0850944519, 38.0920295715, 11.4909801483, -0.461203724146, 42.8706092834, 103.974975586, 26.0467624664, -0.263128608465], [8.57058620453, 1.31620824337, 25.4279174805, 29.839389801, 13.1387434006, 9.12896537781, 8.5259552002, 6.53331661224, 4.85283851624, -6.34145212173, 26.0467624664, 85.4197998047, 40.1306724548], [81.564201355, -34.7199440002, 9.83760070801, 54.1833305359, 60.2687606812, -0.0203564334661, -34.6855201721, -4.3752117157, -1.71258950233, -8.35981369019, -0.263128608465, 40.1306724548, 94.9311676025]],
        "icov": [[0.000637646706309, 0.000642889004666, 0.000379213801352, 0.000238569118665, -0.000291147909593, 0.000496376189403, -0.000334876211127, 0.000164657118148, 0.000334418436978, -0.000698128482327, 0.000101613470179, -0.000171016014065, -0.000400886172429], [0.000642889004666, 0.00225017475896, 0.00102909421548, -8.58931116454e-07, 0.000129166248371, 0.00112294650171, -0.000862362154294, -0.000261920737103, -0.000131797671202, -0.000192276362213, -0.000205762728001, -0.000322990876157, -0.000127805658849], [0.000379213801352, 0.00102909421548, 0.00341326394118, 0.000393490336137, -0.000157361238962, -0.00118533230852, 0.000849862175528, -0.000782764982432, -0.000363099446986, 0.00121933280025, -0.000965134648141, -0.000811063684523, 0.000287366041448], [0.000238569118665, -8.58931116454e-07, 0.000393490336137, 0.00607429537922, -0.00254586129449, -0.000397558353143, 0.000865525740664, 0.000296109094052, 0.000858478189912, -0.000937030243222, 0.00139800808392, -0.00202490738593, -0.000974126334768], [-0.000291147909593, 0.000129166248371, -0.000157361238962, -0.00254586129449, 0.00786228477955, -0.00037721201079, 0.00181345560122, 0.000273149082204, -0.000487930432428, -0.00062027561944, 0.000185766693903, 0.000929501547944, -0.00300546758808], [0.000496376189403, 0.00112294650171, -0.00118533230852, -0.000397558353143, -0.00037721201079, 0.00882243551314, -0.00226442492567, -0.00175286433659, -9.65256549534e-05, 0.00125372305047, -0.00191599573009, 0.000861565582454, -0.000593672448304], [-0.000334876211127, -0.000862362154294, 0.000849862175528, 0.000865525740664, 0.00181345560122, -0.00226442492567, 0.0083435010165, -0.00236896658316, -0.000387564010452, -0.00140483805444, -0.000765017408412, -0.00191778247245, 0.00185566942673], [0.000164657118148, -0.000261920737103, -0.000782764982432, 0.000296109094052, 0.000273149082204, -0.00175286433659, -0.00236896658316, 0.0142946289852, -0.00332522345707, -0.00177574600093, 0.000781371141784, -0.000428587198257, -0.000738714763429], [0.000334418436978, -0.000131797671202, -0.000363099446986, 0.000858478189912, -0.000487930432428, -9.65256549534e-05, -0.000387564010452, -0.00332522345707, 0.0130673516542, -0.00409075478092, 0.00282297702506, -0.00166439230088, -0.000186083576409], [-0.000698128482327, -0.000192276362213, 0.00121933280025, -0.000937030243222, -0.00062027561944, 0.00125372305047, -0.00140483805444, -0.00177574600093, -0.00409075478092, 0.0190758444369, -0.00899565126747, 0.00446393620223, 0.000430959422374], [0.000101613470179, -0.000205762728001, -0.000965134648141, 0.00139800808392, 0.000185766693903, -0.00191599573009, -0.000765017408412, 0.000781371141784, 0.00282297702506, -0.00899565126747, 0.0160096082836, -0.00601898878813, 0.000625229440629], [-0.000171016014065, -0.000322990876157, -0.000811063684523, -0.00202490738593, 0.000929501547944, 0.000861565582454, -0.00191778247245, -0.000428587198257, -0.00166439230088, 0.00446393620223, -0.00601898878813, 0.0184492375702, -0.00749452412128], [-0.000400886172429, -0.000127805658849, 0.000287366041448, -0.000974126334768, -0.00300546758808, -0.000593672448304, 0.00185566942673, -0.000738714763429, -0.000186083576409, 0.000430959422374, 0.000625229440629, -0.00749452412128, 0.0171142984182]]
    },
    "spectral_contrast_coeffs": {
        "max": [-0.513479292393, -0.506807386875, -0.559868037701, -0.593908667564, -0.646279633045, -0.665672540665],
        "mean": [-0.721559166908, -0.755340635777, -0.750102698803, -0.791902065277, -0.790400207043, -0.77642929554],
        "min": [-1, -1, -1, -1, -1, -1],
        "stdev": [0.0633995309472, 0.0617993585765, 0.0598537139595, 0.0501988269389, 0.0442084595561, 0.0295025054365]
    },
    "spectral_contrast_valleys": {
        "max": [-5.05011987686, -5.16104269028, -5.2762799263, -5.82626390457, -5.82205295563, -7.56182050705],
        "mean": [-6.30680513382, -6.64745235443, -7.19549036026, -7.39058446884, -7.35711956024, -9.59307289124],
        "min": [-13.6703939438, -13.6703939438, -13.6703939438, -13.6703939438, -13.6703929901, -13.6703948975],
        "stdev": [0.546781480312, 0.578605413437, 0.58250784874, 0.573873221874, 0.620315015316, 0.807282805443]
    }
},
"rhythm": {
    "beats_count": 63,
    "beats_loudness": {
        "max": 0.0923074707389,
        "mean": 0.041644718498,
        "min": 0.00565755460411,
        "stdev": 0.0210182797164
    },
    "bpm": 131.928863525,
    "bpm_histogram_first_peak_bpm": 133,
    "bpm_histogram_first_peak_weight": 0.344262301922,
    "bpm_histogram_second_peak_bpm": 123,
    "bpm_histogram_second_peak_spread": 0,
    "bpm_histogram_second_peak_weight": 0.0161290317774,
    "danceability": 1.11710715294,
    "onset_rate": 3.03187513351,
    "beats_loudness_band_ratio": {
        "max": [0.9104809165, 0.769694030285, 0.53955489397, 0.338256150484, 0.432285636663, 0.32098415494],
        "mean": [0.557203233242, 0.137673035264, 0.147358998656, 0.079583697021, 0.066940613091, 0.0525806806982],
        "min": [0.0966517701745, 0.0133351301774, 0.0179304946214, 0.0040554064326, 0.00667722523212, 0.00478677125648],
        "stdev": [0.209866732359, 0.133268073201, 0.132220104337, 0.0800505355, 0.0808710828424, 0.045845951885]
    },
    "beats_position": [0.487619042397, 0.975238084793, 1.43963718414, 1.89242625237, 2.35682535172, 2.80961441994, 3.25079369545, 3.7151927948, 4.1679816246, 4.62077093124, 5.07355976105, 5.52634906769, 5.97913837433, 6.43192720413, 6.88471651077, 7.33750534058, 7.80190467834, 8.25469398499, 8.71909236908, 9.17188167572, 9.62467098236, 10.077460289, 10.5302495956, 10.9830379486, 11.4474372864, 11.900226593, 12.3530158997, 12.8058052063, 13.2585935593, 13.6997728348, 14.1641721725, 14.6285715103, 15.0697498322, 15.5341491699, 15.9753284454, 16.4397277832, 16.8925170898, 17.3453063965, 17.8097057343, 18.2624931335, 18.7152824402, 19.1680717468, 19.6208610535, 20.0736503601, 20.5264396667, 20.9792289734, 21.43201828, 21.8964176178, 22.3492050171, 22.8019943237, 23.2547836304, 23.707572937, 24.1719722748, 24.6363716125, 25.1007709503, 25.553560257, 26.0063495636, 26.4475269318, 26.9003162384, 27.353105545, 27.8058948517, 28.2586841583, 28.7230834961],
