{
"metadata": {
    "version": {
        "essentia": "2.1-beta5",
        "essentia_git_sha": "Undefined",
        "extractor": "music 2.0"
    },
    "audio_properties": {
        "analysis": {
            "equal_loudness": 0,
            "length": 29.6634922028,
            "sample_rate": 44100,
            "start_time": 175.240997314,
            "downmix": "mix"
        },
        "bit_rate": 192000,
        "length": 204.927734375,
        "lossless": 0,
        "number_channels": 2,
        "replay_gain": 1.64721870422,
        "sample_rate": 48000,
        "codec": "mp3",
        "md5_encoded": "9229a2fa6d3b2b5b5233e6b6136438cd"
    },
    "tags": {
        "file_name": "Netherlands_Birds_Anouk.mp3",
        "encoding": ["Lavf58.29.100"]
    }
},
"lowlevel": {
    "average_loudness": 0.835228919983,
    "barkbands_crest": {
        "max": 23.5851535797,
        "mean": 10.6070861816,
        "min": 3.6460609436,
        "stdev": 3.8882727623
    },
    "barkbands_flatness_db": {
        "max": 0.281664162874,
        "mean": 0.178275346756,
        "min": 0.0490635670722,
        "stdev": 0.0388038307428
    },
    "barkbands_kurtosis": {
        "max": 42.5464324951,
        "mean": 3.18821549416,
        "min": -1.57985806465,
        "stdev": 5.28111505508
    },
    "barkbands_skewness": {
        "max": 5.07519435883,
        "mean": 1.41150212288,
        "min": -0.180024072528,
        "stdev": 0.801577746868
    },
    "barkbands_spread": {
        "max": 74.1069030762,
        "mean": 15.2938251495,
        "min": 2.18509984016,
        "stdev": 8.19481277466
    },
    "dissonance": {
        "max": 0.500000059605,
        "mean": 0.45916634798,
        "min": 0.294559299946,
        "stdev": 0.0429878272116
    },
    "dynamic_complexity": 2.51323080063,
    "erbbands_crest": {
        "max": 29.9683246613,
        "mean": 10.0879802704,
        "min": 3.46761918068,
        "stdev": 4.45284366608
    },
    "erbbands_flatness_db": {
        "max": 0.339486807585,
        "mean": 0.224745184183,
        "min": 0.0900905355811,
        "stdev": 0.0560931749642
    },
    "erbbands_kurtosis": {
        "max": 26.8667392731,
        "mean": 1.32503592968,
        "min": -1.71549379826,
        "stdev": 3.13757348061
    },
    "erbbands_skewness": {
        "max": 4.42143154144,
        "mean": 0.940811276436,
        "min": -1.56942605972,
        "stdev": 0.641725182533
    },
    "erbbands_spread": {
        "max": 104.900939941,
        "mean": 26.1561012268,
        "min": 5.34201622009,
        "stdev": 11.4024429321
    },
    "hfc": {
        "max": 74.3618392944,
        "mean": 23.7658348083,
        "min": 0.064584761858,
        "stdev": 14.8341817856
    },
    "loudness_ebu128": {
        "integrated": -24.0975532532,
        "loudness_range": 4.86577606201,
        "momentary": {
            "max": -19.892911911,
            "mean": -24.7778873444,
            "min": -31.9022407532,
            "stdev": 2.62387180328
        },
        "short_term": {
            "max": -22.1134052277,
            "mean": -24.5484867096,
            "min": -27.6953926086,
            "stdev": 1.83240675926
        }
    },
    "melbands_crest": {
        "max": 32.3980026245,
        "mean": 13.3156366348,
        "min": 5.04361963272,
        "stdev": 4.78697919846
    },
    "melbands_flatness_db": {
        "max": 0.327776163816,
        "mean": 0.19109134376,
        "min": 0.0762621611357,
        "stdev": 0.048579774797
    },
    "melbands_kurtosis": {
        "max": 66.7566146851,
        "mean": 7.6875166893,
        "min": -0.609274148941,
        "stdev": 8.11205196381
    },
    "melbands_skewness": {
        "max": 6.9894695282,
        "mean": 2.03709745407,
        "min": -0.13926269114,
        "stdev": 1.02689361572
    },
    "melbands_spread": {
        "max": 62.2588386536,
        "mean": 18.6453323364,
        "min": 2.86142849922,
        "stdev": 8.27954101562
    },
    "pitch_salience": {
        "max": 0.842131614685,
        "mean": 0.599597334862,
        "min": 0.158800423145,
        "stdev": 0.130415260792
    },
    "silence_rate_20dB": {
        "max": 1,
        "mean": 1,
        "min": 1,
        "stdev": 0
    },
    "silence_rate_30dB": {
        "max": 1,
        "mean": 0.992181420326,
        "min": 0,
        "stdev": 0.0880760252476
    },
    "silence_rate_60dB": {
        "max": 1,
        "mean": 0.0164190772921,
        "min": 0,
        "stdev": 0.127079114318
    },
    "spectral_centroid": {
        "max": 3368.3894043,
        "mean": 1446.53845215,
        "min": 346.712219238,
        "stdev": 590.154174805
    },
    "spectral_complexity": {
        "max": 45,
        "mean": 22.3494911194,
        "min": 0,
        "stdev": 10.364156723
    },
    "spectral_decrease": {
        "max": -1.80378264408e-11,
        "mean": -6.53221832181e-09,
        "min": -4.22260910682e-08,
        "stdev": 5.05444885945e-09
    },
    "spectral_energy": {
        "max": 0.161385625601,
        "mean": 0.0268097277731,
        "min": 7.39370589145e-05,
        "stdev": 0.0198519192636
    },
    "spectral_energyband_high": {
        "max": 0.00408308021724,
        "mean": 0.000651807349641,
        "min": 2.93649304695e-06,
        "stdev": 0.000615278840996
    },
    "spectral_energyband_low": {
        "max": 0.147528722882,
        "mean": 0.0050517488271,
        "min": 1.36355140512e-08,
        "stdev": 0.0128020700067
    },
    "spectral_energyband_middle_high": {
        "max": 0.0393641218543,
        "mean": 0.00863192137331,
        "min": 2.50957837125e-05,
        "stdev": 0.00701216142625
    },
    "spectral_energyband_middle_low": {
        "max": 0.0907900482416,
        "mean": 0.0131077114493,
        "min": 1.39714074976e-05,
        "stdev": 0.0122202821076
    },
    "spectral_entropy": {
        "max": 8.34954452515,
        "mean": 7.54169511795,
        "min": 6.23887491226,
        "stdev": 0.441825389862
    },
    "spectral_flux": {
        "max": 0.279475778341,
        "mean": 0.0842658281326,
        "min": 0.0171120297164,
        "stdev": 0.034577190876
    },
    "spectral_kurtosis": {
        "max": 17.9077606201,
        "mean": 3.92761039734,
        "min": -0.556079387665,
        "stdev": 2.0502705574
    },
    "spectral_rms": {
        "max": 0.0125478841364,
        "mean": 0.00482861278579,
        "min": 0.000268577219686,
        "stdev": 0.00168532738462
    },
    "spectral_rolloff": {
        "max": 6739.89257812,
        "mean": 1509.64855957,
        "min": 86.1328125,
        "stdev": 940.171142578
    },
    "spectral_skewness": {
        "max": 3.27985572815,
        "mean": 1.50168931484,
        "min": 0.0419876612723,
        "stdev": 0.39716231823
    },
    "spectral_spread": {
        "max": 9161492,
        "mean": 3871375.75,
        "min": 2630069,
        "stdev": 834941
    },
    "spectral_strongpeak": {
        "max": 7.30754184723,
        "mean": 1.43825399876,
        "min": 0,
        "stdev": 1.25566220284
    },
    "zerocrossingrate": {
        "max": 0.14013671875,
        "mean": 0.0599914044142,
        "min": 0.01513671875,
        "stdev": 0.0251201502979
    },
    "barkbands": {
        "max": [0.0518507137895, 0.100575260818, 0.027306381613, 0.00990773551166, 0.0322353839874, 0.020466633141, 0.0300595890731, 0.0435336045921, 0.0655987262726, 0.0380330868065, 0.0300150588155, 0.0112586989999, 0.00480345636606, 0.00820424128324, 0.00627231411636, 0.00309033924714, 0.00197170302272, 0.0023195585236, 0.00591457542032, 0.00156513834372, 0.00252098357305, 0.00159390841145, 0.00106992921792, 0.0010271318024, 0.000734107336029, 0.00077311496716, 5.13813517955e-07],
        "mean": [0.00052242691163, 0.00361113366671, 0.000938558776397, 0.000211592298001, 0.00195437972434, 0.00123062904458, 0.000699775351677, 0.00172664434649, 0.00598202226683, 0.00306161749177, 0.00169482303318, 0.000705694081262, 0.000637969642412, 0.00100677926093, 0.000584139605053, 0.000379093515221, 0.000248005642788, 0.000280990818283, 0.000509763485752, 0.00026824863744, 0.000223009847105, 0.000149356215843, 9.00468221516e-05, 5.77872633585e-05, 2.70306809398e-05, 8.21142566565e-06, 4.39491465443e-09],
        "min": [8.26695378819e-11, 8.34993019172e-10, 1.15025444725e-09, 4.38920810808e-09, 5.82856500841e-07, 6.69574149015e-07, 7.67739379626e-07, 4.6146996624e-07, 2.49128174801e-06, 2.11310430132e-06, 4.92393496643e-07, 2.4995908916e-06, 3.58531019629e-06, 2.30157274927e-06, 2.9968173294e-06, 2.27871009884e-06, 1.30651855557e-07, 2.11764316305e-07, 1.99405960188e-07, 8.24719677439e-07, 7.74743114107e-07, 4.61169094024e-07, 2.48949618253e-07, 1.59093119123e-07, 1.20485012189e-07, 1.97758504017e-10, 2.17824244753e-10],
        "stdev": [0.00334397889674, 0.00981108378619, 0.0024081566371, 0.000640698766802, 0.00377186550759, 0.00248238071799, 0.00204219506122, 0.00437908573076, 0.00784066133201, 0.00409716134891, 0.00258518522605, 0.00119617441669, 0.000678645272274, 0.0012634252198, 0.000626170367468, 0.000387653009966, 0.000255774793914, 0.000299305014778, 0.00072240649024, 0.000250380573561, 0.000281670247205, 0.000180972871021, 9.25785061554e-05, 6.21861618129e-05, 5.40420114703e-05, 3.81620011467e-05, 2.74498450636e-08]
    },
    "erbbands": {
        "max": [6.57261705399, 23.2851371765, 33.4215431213, 19.5257263184, 73.9652404785, 188.963943481, 157.83241272, 182.853820801, 261.431152344, 717.168151855, 792.203979492, 1290.1451416, 1651.53491211, 620.087524414, 934.744812012, 426.17086792, 199.284606934, 424.133636475, 233.862167358, 304.181518555, 160.064285278, 102.305915833, 149.624313354, 132.810897827, 368.516174316, 81.5487365723, 72.5801696777, 118.654304504, 62.064655304, 27.2445850372, 31.6804542542, 13.1799688339, 26.3507804871, 7.936627388, 9.30698394775, 5.73244428635, 0.822862505913, 0.0165897421539, 0.000689148437232, 0.00018409351469],
        "mean": [0.127750426531, 0.711146891117, 1.20229101181, 0.872699737549, 2.10078167915, 8.65698814392, 9.55896663666, 9.70583438873, 7.48554849625, 21.5246105194, 57.9594039917, 123.49811554, 132.39263916, 80.6397247314, 49.1864128113, 27.9882698059, 28.7508888245, 47.9011192322, 38.8834762573, 25.6600856781, 20.7462730408, 14.4940032959, 15.0956878662, 15.9244556427, 29.4425964355, 12.9925832748, 8.35537242889, 8.94167232513, 5.71380758286, 3.58336925507, 2.43023943901, 1.52866053581, 0.781158685684, 0.370571315289, 0.154275923967, 0.0622978433967, 0.00903586763889, 0.000258805142948, 2.5497882234e-05, 3.3544627513e-05],
        "min": [1.32409979869e-07, 1.08001449917e-06, 1.07230753201e-05, 6.26018008916e-05, 0.000474708824186, 0.00145779189188, 0.0020917460788, 0.00774363428354, 0.0117042874917, 0.00977866724133, 0.014729116112, 0.0565934740007, 0.0712544322014, 0.0398274175823, 0.0738190561533, 0.217490896583, 0.207854360342, 0.0863712579012, 0.249760478735, 0.124573126435, 0.0776581764221, 0.0103029394522, 0.00997291505337, 0.0164477992803, 0.0109376832843, 0.041814699769, 0.0234962012619, 0.0352251082659, 0.0212629009038, 0.0115944547579, 0.00529583031312, 0.00355203775689, 0.0029449025169, 0.00313099240884, 0.000455889065051, 2.63097481366e-05, 3.49371839548e-06, 6.79568415762e-07, 8.638220379e-07, 7.9018229826e-07],
        "stdev": [0.354533851147, 2.14270401001, 3.19551968575, 2.18622016907, 4.53203201294, 19.1508808136, 17.8307094574, 19.3778209686, 20.0118999481, 59.5265617371, 106.160598755, 164.566192627, 175.961639404, 91.804359436, 66.4669418335, 40.0829734802, 29.4210014343, 56.5918426514, 39.206287384, 26.9652423859, 21.0278739929, 14.4888763428, 16.3644428253, 17.669675827, 44.2877197266, 12.3689231873, 8.86092853546, 12.5371417999, 7.14325141907, 3.8635559082, 2.55734086037, 1.2860199213, 1.28783655167, 0.591629445553, 0.498193174601, 0.284331828356, 0.0428931936622, 0.00110679958016, 3.97602270823e-05, 2.33707451116e-05]
    },
    "gfcc": {
        "mean": [-22.9373569489, 72.6570892334, -179.567352295, 12.2932090759, -88.152671814, 20.171421051, -31.4755573273, 14.0169754028, -18.4218521118, -7.30114030838, -13.3411169052, -16.5165023804, 0.906959235668],
        "cov": [[1342.33129883, 190.939865112, 303.844055176, 147.129684448, 249.677871704, 219.552505493, 272.052886963, 272.019500732, -6.45047521591, 71.869934082, 56.8917121887, 61.0140419006, -26.0188522339], [190.939865112, 3882.80639648, 3217.00927734, 1368.92041016, 965.026000977, -31.9463615417, -177.792892456, -121.019485474, 194.050476074, 42.9126815796, 745.981201172, 182.092773438, 443.183288574], [303.844055176, 3217.00927734, 3486.85131836, 1400.0925293, 1113.96313477, 216.015548706, -179.903121948, 0.834936082363, 113.992416382, 241.22593689, 527.916748047, 346.619476318, 297.057373047], [147.129684448, 1368.92041016, 1400.0925293, 769.324707031, 533.719116211, 145.51739502, -30.8286132812, -19.1669120789, 86.1211700439, 100.730201721, 231.73210144, 167.49382019, 164.830841064], [249.677871704, 965.026000977, 1113.96313477, 533.719116211, 626.35369873, 225.729507446, 39.9306640625, 115.582305908, 61.5255966187, 124.813858032, 126.974998474, 170.038848877, 81.7834396362], [219.552505493, -31.9463615417, 216.015548706, 145.51739502, 225.729507446, 248.279312134, 115.562026978, 100.689491272, 2.99891924858, 65.5180206299, -39.8255195618, 74.9427337646, -17.804069519], [272.052886963, -177.792892456, -179.903121948, -30.8286132812, 39.9306640625, 115.562026978, 209.196548462, 121.707221985, -20.7346477509, 2.70897626877, -15.7138748169, 4.55814790726, -18.3472824097], [272.019500732, -121.019485474, 0.834936082363, -19.1669120789, 115.582305908, 100.689491272, 121.707221985, 180.115005493, 9.47497558594, 41.3362159729, -7.22174596786, 31.1229152679, -26.3753662109], [-6.45047521591, 194.050476074, 113.992416382, 86.1211700439, 61.5255966187, 2.99891924858, -20.7346477509, 9.47497558594, 136.996963501, 20.995847702, 44.7441902161, 3.60433888435, 26.0817203522], [71.869934082, 42.9126815796, 241.22593689, 100.730201721, 124.813858032, 65.5180206299, 2.70897626877, 41.3362159729, 20.995847702, 120.174041748, 0.82910913229, 71.9647674561, -14.2788763046], [56.8917121887, 745.981201172, 527.916748047, 231.73210144, 126.974998474, -39.8255195618, -15.7138748169, -7.22174596786, 44.7441902161, 0.82910913229, 237.227233887, 22.3879680634, 105.166900635], [61.0140419006, 182.092773438, 346.619476318, 167.49382019, 170.038848877, 74.9427337646, 4.55814790726, 31.1229152679, 3.60433888435, 71.9647674561, 22.3879680634, 124.370002747, 19.5005111694], [-26.0188522339, 443.183288574, 297.057373047, 164.830841064, 81.7834396362, -17.804069519, -18.3472824097, -26.3753662109, 26.0817203522, -14.2788763046, 105.166900635, 19.5005111694, 114.401359558]],
        "icov": [[0.0013383772457, -0.000727744947653, 0.000386399391573, -0.000531943573151, 0.000958092336077, -0.000786962511484, -0.000399756769184, -0.00218620267697, 0.000570932636037, -0.000581634987611, 0.000347607478034, -0.000126547834952, 0.00101044902112], [-0.000727744947653, 0.00913770962507, -0.00685277907178, 0.00138397957198, -0.00734497141093, 0.00846088305116, -0.00705579901114, 0.00891669560224, -0.00473355129361, 0.00703691132367, -0.00702779460698, 0.00525952549651, -0.0047511793673], [0.000386399391573, -0.00685277907178, 0.00697296392173, -0.00305879232474, 0.00431738514453, -0.00635918229818, 0.00735183991492, -0.00721001066267, 0.00475269276649, -0.00592092238367, 0.00356074841693, -0.00397999817505, 0.00395930744708], [-0.000531943573151, 0.00138397957198, -0.00305879232474, 0.00964811258018, -0.00434665288776, -0.000155612447998, -0.00371599802747, 0.00766217103228, -0.00327715603635, 0.000762568495702, -0.00185993057676, -0.00129806203768, -0.00441393861547], [0.000958092336077, -0.00734497141093, 0.00431738514453, -0.00434665288776, 0.0144499111921, -0.00997881963849, 0.00689884787425, -0.0124283283949, 0.00337326037697, -0.00529615441337, 0.00645702518523, -0.00555025739595, 0.00366218271665], [-0.000786962511484, 0.00846088305116, -0.00635918229818, -0.000155612447998, -0.00997881963849, 0.0196013301611, -0.0120298834518, 0.00822964217514, -0.0046450686641, 0.00561665836722, -0.00225424906239, 0.00388885848224, -0.00289758527651], [-0.000399756769184, -0.00705579901114, 0.00735183991492, -0.00371599802747, 0.00689884787425, -0.0120298834518, 0.019755454734, -0.013975687325, 0.00667268550023, -0.00414680410177, 0.00252080778591, -0.00305719743483, 0.00281396158971], [-0.00218620267697, 0.00891669560224, -0.00721001066267, 0.00766217103228, -0.0124283283949, 0.00822964217514, -0.013975687325, 0.0263015404344, -0.00744252372533, 0.00470170890912, -0.00811417214572, 0.00337074301206, -0.00420168600976], [0.000570932636037, -0.00473355129361, 0.00475269276649, -0.00327715603635, 0.00337326037697, -0.0046450686641, 0.00667268550023, -0.00744252372533, 0.0122055504471, -0.00603048177436, 0.00194654695224, 0.000138802235597, 0.00171955011319], [-0.000581634987611, 0.00703691132367, -0.00592092238367, 0.000762568495702, -0.00529615441337, 0.00561665836722, -0.00414680410177, 0.00470170890912, -0.00603048177436, 0.0215111318976, -0.00510412827134, -0.00326375523582, 0.00127024890389], [0.000347607478034, -0.00702779460698, 0.00356074841693, -0.00185993057676, 0.00645702518523, -0.00225424906239, 0.00252080778591, -0.00811417214572, 0.00194654695224, -0.00510412827134, 0.0169606525451, -0.00268822954968, -0.00190934736747], [-0.000126547834952, 0.00525952549651, -0.00397999817505, -0.00129806203768, -0.00555025739595, 0.00388885848224, -0.00305719743483, 0.00337074301206, 0.000138802235597, -0.00326375523582, -0.00268822954968, 0.0208875369281, -0.00486738840118], [0.00101044902112, -0.0047511793673, 0.00395930744708, -0.00441393861547, 0.00366218271665, -0.00289758527651, 0.00281396158971, -0.00420168600976, 0.00171955011319, 0.00127024890389, -0.00190934736747, -0.00486738840118, 0.022220576182]]
    },
    "melbands": {
        "max": [0.0420185439289, 0.0206206738949, 0.00333345495164, 0.0082567287609, 0.00455100648105, 0.00460310745984, 0.00381404790096, 0.00907746329904, 0.00747710373253, 0.00896461308002, 0.00824640877545, 0.00264218891971, 0.00446133455262, 0.00167070049793, 0.000973838265054, 0.000614678603597, 0.000900537939742, 0.000557983934414, 0.000666011706926, 0.000224014278501, 0.000197466622922, 0.000140357282362, 0.000115745147923, 0.00010976291378, 0.000112887049909, 0.00036819226807, 0.000178286951268, 4.00968710892e-05, 4.45129298896e-05, 6.09126291238e-05, 8.41078508529e-05, 4.14469686802e-05, 2.26139181905e-05, 2.08870114875e-05, 2.1879117412e-05, 1.58779712365e-05, 7.69799589762e-06, 3.03251945297e-05, 7.60185412219e-06, 6.88433556206e-06],
        "mean": [0.00109076173976, 0.000711329397745, 0.00017758111062, 0.000374340539565, 0.000364661158528, 0.000218889908865, 0.000125848280732, 0.000250171986409, 0.000566400936805, 0.000815109873656, 0.000655096257105, 0.000325508153765, 0.000207858291105, 8.31698052934e-05, 6.09445851296e-05, 6.70736772008e-05, 9.40201498452e-05, 6.76833078614e-05, 4.35852634837e-05, 2.7140498787e-05, 2.34955314227e-05, 1.64228658832e-05, 1.08629765236e-05, 1.40284355439e-05, 1.1504410395e-05, 2.32143829635e-05, 1.59172650456e-05, 6.85896202413e-06, 4.72341935165e-06, 5.68708264836e-06, 4.94141204399e-06, 3.40550195688e-06, 2.38863958657e-06, 1.84991961305e-06, 1.51711378749e-06, 1.05850824639e-06, 8.67287667461e-07, 5.94498317241e-07, 3.99681283625e-07, 2.68887362154e-07],
        "min": [2.32169006242e-10, 1.74161041144e-09, 2.66000057536e-08, 6.61861960793e-08, 2.65550266221e-08, 8.29075759157e-08, 1.74239602302e-07, 1.00853441154e-07, 1.37318295401e-07, 3.83625717859e-07, 3.69240069631e-07, 1.81369529173e-07, 1.16211722911e-07, 3.5870954207e-07, 4.11100643305e-07, 2.52959125646e-07, 1.36832028375e-07, 4.14005398852e-07, 1.59189355031e-07, 1.93530894421e-07, 6.39745749709e-08, 8.58562110295e-09, 5.09486985933e-09, 1.14257279193e-08, 1.42477851739e-08, 4.07478539799e-09, 1.7207696601e-08, 3.09037453405e-08, 1.16085008273e-08, 2.44698501461e-08, 1.62129598635e-08, 1.36825510921e-08, 5.48054401861e-09, 6.80735379177e-09, 2.96132451894e-09, 2.25256413522e-09, 2.02369743185e-09, 1.12265918784e-09, 4.40473391095e-09, 2.04083527855e-09],
        "stdev": [0.00290822703391, 0.00199851254001, 0.000376946874894, 0.000786017626524, 0.000650266709272, 0.000449506012956, 0.000328266614815, 0.000717823160812, 0.000981315854006, 0.0010733390227, 0.000885834801011, 0.000381287216442, 0.000316712132189, 0.000156326728757, 7.05795755493e-05, 7.18585724826e-05, 0.000118629774079, 7.69891194068e-05, 5.44972972421e-05, 2.79299183603e-05, 2.4976563509e-05, 1.73534172063e-05, 1.28957708512e-05, 1.49861416503e-05, 1.42631424751e-05, 3.58549295925e-05, 2.18889254029e-05, 6.31306011201e-06, 5.18484921486e-06, 7.3978412729e-06, 7.31469890525e-06, 4.42325654149e-06, 2.88089267997e-06, 2.07935681829e-06, 1.79484663931e-06, 9.90588659988e-07, 7.68452764532e-07, 1.33684397952e-06, 5.70589577364e-07, 4.91660330226e-07]
    },
    "melbands128": {
        "max": [0.0387397632003, 0.0726463496685, 0.0393936559558, 0.0472593009472, 0.0236275773495, 0.012920614332, 0.0043004672043, 0.00523939542472, 0.00711752939969, 0.0141843520105, 0.0145449051633, 0.00816608686, 0.00767354015261, 0.00684615550563, 0.00342086749151, 0.0102444170043, 0.00838585849851, 0.00635481160134, 0.00983458664268, 0.011032031849, 0.0159384049475, 0.0152830202132, 0.0138666834682, 0.014482232742, 0.0151487356052, 0.0186505131423, 0.0260934792459, 0.0125302327797, 0.00658577494323, 0.00405160151422, 0.00441300356761, 0.0084730964154, 0.00825331266969, 0.00243846117519, 0.00369153311476, 0.00340301310644, 0.00258309487253, 0.0014842817327, 0.000999392825179, 0.000615029886831, 0.000860503292643, 0.00111453398131, 0.0016766586341, 0.0014260878088, 0.00143084232695, 0.000663552549668, 0.000536095583811, 0.00118394044694, 0.00110852625221, 0.000345762877259, 0.000426483369665, 0.000567939656321, 0.000357150827767, 0.000382861035177, 0.000350015994627, 0.000220486850594, 0.000145910817082, 0.000116412120406, 0.000274922203971, 0.000282271619653, 0.000154573659529, 0.000192987165065, 0.000204631156521, 0.000224902760237, 0.000370554917026, 0.000532543403096, 0.000633377581835, 0.00056655658409, 0.000139625713928, 0.000181434850674, 5.95392739342e-05, 5.88703915128e-05, 5.94440098212e-05, 5.21013207617e-05, 5.23953713127e-05, 8.72967939358e-05, 8.50547876325e-05, 0.000150657098857, 0.000133959125378, 7.9957782873e-05, 4.07058905694e-05, 4.4714044634e-05, 7.61608462199e-05, 3.73786970158e-05, 2.1090692826e-05, 2.27284326684e-05, 2.9320595786e-05, 2.99283819913e-05, 4.80795715703e-05, 1.77974616236e-05, 2.84509387711e-05, 1.2740182683e-05, 9.62565354712e-06, 8.49322350405e-06, 1.38160712595e-05, 3.68442561012e-05, 4.55101580883e-05, 9.99094754661e-06, 1.12556335807e-05, 2.3201257136e-05, 1.13928090286e-05, 1.20354579849e-05, 8.39449421619e-06, 2.25248040806e-05, 3.13452146656e-05, 8.29728833196e-06, 8.56376846059e-06, 1.10824494186e-05, 1.17786930787e-05, 2.66031856881e-05, 8.07504147815e-06, 4.54194741906e-06, 1.10382336516e-06, 8.07215840837e-08, 1.12166191002e-07, 1.04969466008e-07, 1.47802170503e-08, 2.08260231283e-09, 1.98327709811e-09, 1.96550042908e-09, 1.92410865019e-09, 1.89756965696e-09, 1.88773396914e-09, 1.83369186502e-09, 1.80145320883e-09, 1.80103232328e-09, 1.78687686869e-09, 1.78385428651e-09],
        "mean": [0.000395441253204, 0.00107469980139, 0.00140079518314, 0.00110500457231, 0.000725089921616, 0.00040651470772, 0.000161968142493, 0.000105326427729, 0.000181642724783, 0.000345692533301, 0.000569355208427, 0.000444539036835, 0.000331076327711, 0.000244543334702, 0.000190625607502, 0.000263319845544, 0.000120810189401, 6.28147681709e-05, 0.000162201584317, 0.000268281175522, 0.000259088235907, 0.000316041405313, 0.000568522780668, 0.000878843304235, 0.000761734496336, 0.000819049077109, 0.000919452111702, 0.000650281668641, 0.000451366679044, 0.000282677647192, 0.000293197430437, 0.000365716026863, 0.000219581066631, 8.32548612379e-05, 9.66365041677e-05, 8.37902189232e-05, 6.31176808383e-05, 5.95101992076e-05, 6.03141270403e-05, 5.81445165153e-05, 6.65198240313e-05, 8.27661206131e-05, 8.61378575792e-05, 0.000115387949336, 8.73203534866e-05, 5.36120933248e-05, 4.88173973281e-05, 5.18988636031e-05, 3.7458485167e-05, 2.83774697891e-05, 2.56155963143e-05, 2.5851173632e-05, 2.49639597314e-05, 2.24529703701e-05, 2.05827163882e-05, 1.90707232832e-05, 9.58601231105e-06, 6.7696091719e-06, 1.27223775053e-05, 1.57097638294e-05, 1.56671867444e-05, 1.16358769446e-05, 9.79790638667e-06, 1.07447121991e-05, 1.45781295942e-05, 2.56243347394e-05, 2.88126248051e-05, 1.93197793124e-05, 1.30500502564e-05, 1.06999414129e-05, 6.73142494634e-06, 5.02065131514e-06, 4.57230044049e-06, 4.54060318589e-06, 4.95129052069e-06, 5.93029199081e-06, 5.66639664612e-06, 6.06729645369e-06, 4.68155258204e-06, 4.28185421697e-06, 3.47154423253e-06, 3.22312348544e-06, 2.68203689302e-06, 2.39506539401e-06, 2.07444099942e-06, 1.77956121661e-06, 1.79774815479e-06, 1.88105548204e-06, 1.6309829789e-06, 1.1402275959e-06, 1.07727714749e-06, 1.03940192275e-06, 1.01644855022e-06, 9.34592321755e-07, 7.29174701064e-07, 6.69106839268e-07, 6.14619580119e-07, 3.8633766053e-07, 3.81321257237e-07, 4.49331935215e-07, 3.27156897129e-07, 2.42804645723e-07, 1.79116184995e-07, 1.87025918308e-07, 1.95948757664e-07, 1.44671375324e-07, 1.20212618526e-07, 1.45023392406e-07, 9.74313181246e-08, 1.0490931146e-07, 5.49759135993e-08, 5.04115895694e-08, 1.4439225815e-08, 1.10342701642e-09, 8.93763507648e-10, 7.75024877608e-10, 1.38303341002e-10, 7.27757003965e-12, 7.08546589456e-12, 6.96256550678e-12, 6.74957355631e-12, 6.62055956932e-12, 6.57232645043e-12, 6.4032798161e-12, 5.97497008467e-12, 5.34448874046e-12, 4.98359470011e-12, 4.91717257189e-12],
        "min": [3.37081404456e-11, 4.36368684242e-11, 9.70446223381e-11, 9.92077392459e-11, 1.98616706415e-10, 7.11756598104e-10, 3.75065489777e-09, 1.02674468927e-09, 9.88197168539e-09, 9.53217949018e-09, 3.71729980131e-09, 1.93518054914e-08, 2.36426842548e-08, 3.75227209304e-08, 3.48854918286e-08, 5.6165745832e-08, 6.46523830028e-08, 9.39662854194e-08, 1.18468584276e-07, 1.00417167914e-07, 8.1118777473e-08, 8.77826664691e-08, 1.08783396513e-07, 1.43789719687e-07, 3.64906668437e-07, 4.02033606406e-07, 3.28753401391e-07, 3.06596632527e-07, 1.45552746744e-07, 2.29958601494e-07, 4.34180904563e-08, 6.56934915355e-08, 3.85285403581e-08, 1.19808788668e-07, 7.60868203997e-08, 8.04459148185e-08, 4.04669897591e-08, 6.43526831823e-08, 4.33924647325e-08, 1.79964096958e-08, 1.30760184902e-07, 1.00486978738e-07, 7.57838378718e-08, 8.33679862922e-08, 1.7952261544e-07, 1.81287035161e-07, 6.26938430059e-08, 1.07994821974e-07, 6.64639401293e-08, 2.02533200877e-07, 6.2871031048e-08, 4.51848194416e-08, 4.62745575192e-08, 4.01764452818e-08, 9.1964533766e-09, 5.99316107852e-09, 7.17404802231e-09, 2.86012880046e-09, 2.95149193974e-09, 1.14391234263e-08, 1.1353768592e-08, 8.85674644735e-09, 2.48737883624e-08, 1.19379661712e-08, 5.28595789362e-09, 2.73040212662e-09, 5.15296516568e-09, 2.54934029442e-09, 2.09810462337e-08, 3.00827736055e-08, 2.47708289436e-08, 2.73259779249e-08, 1.24712187244e-08, 5.83773385188e-09, 8.22459522709e-09, 2.1622003743e-08, 1.38241817993e-08, 6.72271394109e-09, 5.05452968369e-09, 5.52743140148e-09, 1.07593676191e-08, 7.03754698961e-09, 4.59512738971e-09, 5.85382586848e-09, 4.42807079892e-09, 7.86638842953e-09, 8.80001049808e-09, 2.29139751617e-09, 3.03472647012e-09, 3.00318592217e-09, 1.56743606983e-09, 2.15428164196e-09, 3.03328984153e-09, 2.05945993592e-09, 1.56853219302e-09, 8.8983953539e-10, 4.70764371929e-10, 2.07019623666e-09, 2.97840685448e-09, 1.96462024427e-09, 1.48348600071e-09, 9.43810918308e-10, 3.54812988886e-12, 2.33477213257e-12, 1.18492553009e-12, 1.41763987702e-12, 1.14053981103e-12, 7.82500908687e-13, 8.18459070049e-13, 8.67256678798e-13, 7.20490832794e-13, 7.73920695325e-13, 6.43384542691e-13, 6.45097094232e-13, 5.66568927191e-13, 6.71220078217e-13, 5.29913949093e-13, 7.48779131147e-13, 7.08602881233e-13, 6.54549765083e-13, 7.74878045843e-13, 7.55116184425e-13, 6.83629259972e-13, 6.38557511989e-13, 4.54546990325e-13, 1.86964850611e-13, 1.9733141919e-14, 4.60481520841e-16],
        "stdev": [0.00248479889706, 0.00347684067674, 0.00342770782299, 0.00399795593694, 0.00221123779193, 0.00107123353519, 0.000467726989882, 0.000303359760437, 0.000451270665508, 0.000873098557349, 0.00140662712511, 0.000949606474023, 0.000710164837074, 0.000645387684926, 0.000385777733754, 0.000731351145077, 0.00051936582895, 0.000286347174551, 0.000626464083325, 0.000880491163116, 0.00115569471382, 0.00118788762484, 0.00141949218232, 0.00182416522875, 0.00152790918946, 0.00158397410996, 0.00183711142745, 0.0011224579066, 0.000733561755624, 0.000430884858361, 0.000502259412315, 0.000685645500198, 0.000470829982078, 0.000183349460713, 0.000268106145086, 0.00022888793319, 0.000121691737149, 9.03606560314e-05, 0.000100762954389, 8.46140246722e-05, 8.73226454132e-05, 0.000112658592116, 0.000134728295961, 0.000202347728191, 0.000143161858432, 7.19078670954e-05, 6.34899479337e-05, 8.92243770068e-05, 6.98295480106e-05, 3.52296592609e-05, 3.50300324499e-05, 3.84874729207e-05, 3.23025233229e-05, 3.13254713546e-05, 2.77292638202e-05, 2.42714686465e-05, 1.32459717861e-05, 9.46538784774e-06, 2.04792977456e-05, 2.46018335019e-05, 2.01250095415e-05, 1.59716310009e-05, 1.5849565898e-05, 1.75472923729e-05, 2.60134729615e-05, 4.90305828862e-05, 6.48014756734e-05, 4.20741598646e-05, 1.80913211807e-05, 1.81157811312e-05, 7.22768481864e-06, 5.96185554969e-06, 6.07329138802e-06, 5.6241119637e-06, 6.19455022388e-06, 8.40284883452e-06, 8.77734237292e-06, 1.18194338938e-05, 8.31503984955e-06, 6.85869235895e-06, 4.79689242638e-06, 4.7523003559e-06, 4.80396874991e-06, 3.20202843795e-06, 2.70429222837e-06, 2.19001208279e-06, 2.34957474277e-06, 2.60976412392e-06, 2.51779420068e-06, 1.33501703203e-06, 1.33303444727e-06, 1.0685827192e-06, 9.91501565295e-07, 9.35736920837e-07, 8.82789208845e-07, 1.67549592334e-06, 1.90758009921e-06, 5.7261144093e-07, 5.67011568364e-07, 1.00617683074e-06, 5.96117104124e-07, 5.6445418295e-07, 4.498205044e-07, 7.72356145262e-07, 1.12566260668e-06, 5.01993667967e-07, 4.55855285963e-07, 5.99656345912e-07, 5.10767279138e-07, 1.00512352219e-06, 3.10106116785e-07, 2.63197136974e-07, 8.00151980229e-08, 6.46912123869e-09, 6.5017871087e-09, 5.71395109006e-09, 9.6025509766e-10, 5.90318002813e-11, 5.62607183063e-11, 5.57632828802e-11, 5.45980725908e-11, 5.38493173663e-11, 5.35429374449e-11, 5.20122174497e-11, 5.11471143216e-11, 5.11301313788e-11, 5.07339413536e-11, 5.06454184146e-11]
    },
    "mfcc": {
        "mean": [-640.511474609, 94.6100311279, -36.267780304, -12.4125480652, -24.8236427307, -6.97967243195, -3.22104215622, 4.53002262115, 2.42912840843, 12.7735385895, -4.65543317795, -8.53839206696, -9.44809913635],
        "cov": [[1406.01696777, -665.858642578, -652.656188965, -329.998748779, -356.581268311, -72.0802841187, 159.545837402, 195.631591797, 148.75944519, 103.297218323, 108.708747864, -24.1765594482, -13.3634109497], [-665.858642578, 2854.22509766, 2315.18041992, 1356.26159668, 1323.76428223, 247.316482544, 310.790161133, -61.657497406, -192.531646729, 45.8524093628, -127.54095459, 237.661682129, 344.694335938], [-652.656188965, 2315.18041992, 2342.77197266, 1267.78564453, 1241.4597168, 360.837341309, 284.682006836, -61.3309135437, -141.756118774, 11.0710220337, -94.5348052979, 230.477554321, 320.45602417], [-329.998748779, 1356.26159668, 1267.78564453, 860.458312988, 769.756958008, 255.133880615, 180.285919189, -2.65711164474, -46.1226081848, 3.05926775932, -41.1615524292, 140.216186523, 208.799468994], [-356.581268311, 1323.76428223, 1241.4597168, 769.756958008, 908.881774902, 285.416046143, 199.367492676, 39.5277023315, 4.13307380676, 37.8822135925, -24.6409931183, 171.925827026, 205.078857422], [-72.0802841187, 247.316482544, 360.837341309, 255.133880615, 285.416046143, 273.438232422, 95.0251922607, 60.6593475342, 73.2200241089, -8.35528373718, 32.7411804199, 54.4351539612, 49.673915863], [159.545837402, 310.790161133, 284.682006836, 180.285919189, 199.367492676, 95.0251922607, 297.773101807, 98.9952087402, 60.6343765259, 6.62299251556, 39.7225608826, 52.0501289368, 75.1804885864], [195.631591797, -61.657497406, -61.3309135437, -2.65711164474, 39.5277023315, 60.6593475342, 98.9952087402, 148.322296143, 90.045539856, 34.4637451172, 41.4511260986, 19.1120433807, 22.5111923218], [148.75944519, -192.531646729, -141.756118774, -46.1226081848, 4.13307380676, 73.2200241089, 60.6343765259, 90.045539856, 151.779434204, 20.4297866821, 39.1747093201, 14.980676651, -4.63425397873], [103.297218323, 45.8524093628, 11.0710220337, 3.05926775932, 37.8822135925, -8.35528373718, 6.62299251556, 34.4637451172, 20.4297866821, 105.522018433, 21.8470935822, 22.9311599731, 33.0123748779], [108.708747864, -127.54095459, -94.5348052979, -41.1615524292, -24.6409931183, 32.7411804199, 39.7225608826, 41.4511260986, 39.1747093201, 21.8470935822, 86.2975082397, 15.0222530365, 9.01085090637], [-24.1765594482, 237.661682129, 230.477554321, 140.216186523, 171.925827026, 54.4351539612, 52.0501289368, 19.1120433807, 14.980676651, 22.9311599731, 15.0222530365, 87.473739624, 56.0039138794], [-13.3634109497, 344.694335938, 320.45602417, 208.799468994, 205.078857422, 49.673915863, 75.1804885864, 22.5111923218, -4.63425397873, 33.0123748779, 9.01085090637, 56.0039138794, 123.502983093]],
        "icov": [[0.0012384961592, 0.000124281272292, 0.00010407584341, -0.000389904540498, 0.000723942648619, 0.000246268813498, -0.000783311668783, -0.000873610435519, -0.000194467414985, -0.00102315959521, -0.000168075886904, -0.000139034542372, -0.000147319369717], [0.000124281272292, 0.00307140708901, -0.00134571001399, -0.00207953038625, -0.00141997518949, 0.0021923459135, -0.000959257071372, -0.000307014386635, 0.00139506615233, -0.00112039071973, 0.000829942058772, -3.82780899599e-06, 0.000857718812767], [0.00010407584341, -0.00134571001399, 0.00372291216627, -0.00146980886348, -0.000923076819163, -0.00157473434228, -0.000741199823096, 0.00137499987613, 0.00132251554169, -0.000128262050566, 0.000904829241335, -0.000741821189877, -0.000686886545736], [-0.000389904540498, -0.00207953038625, -0.00146980886348, 0.00987534970045, -0.00207520532422, -0.00301033584401, 0.000885403947905, 0.000522364338394, -0.000414121052017, 0.00259054452181, 0.000215666790609, 0.000983076402918, -0.00426721386611], [0.000723942648619, -0.00141997518949, -0.000923076819163, -0.00207520532422, 0.00815742090344, -0.00242197769694, 8.05689778645e-05, -0.001345752622, -0.00196775654331, -0.00145697360858, 0.000778947665822, -0.00350543670356, -0.000581774278544], [0.000246268813498, 0.0021923459135, -0.00157473434228, -0.00301033584401, -0.00242197769694, 0.0101199410856, 0.000114274902444, -0.00180299568456, -0.00297553325072, 0.00158889277373, -0.00342679582536, 0.000888868875336, 0.00260433205403], [-0.000783311668783, -0.000959257071372, -0.000741199823096, 0.000885403947905, 8.05689778645e-05, 0.000114274902444, 0.00684669893235, -0.00310463760979, -0.00168716069311, 0.00306604919024, -0.00238193920814, 0.00019004906062, -0.00155811803415], [-0.000873610435519, -0.000307014386635, 0.00137499987613, 0.000522364338394, -0.001345752622, -0.00180299568456, -0.00310463760979, 0.0150773478672, -0.00460035540164, -0.00229731155559, -0.000437537179096, 0.000888948387001, -0.00151672319043], [-0.000194467414985, 0.00139506615233, 0.00132251554169, -0.000414121052017, -0.00196775654331, -0.00297553325072, -0.00168716069311, -0.00460035540164, 0.0147654991597, -0.00154391885735, 0.00102594227064, -0.00226201605983, 0.00160138134379], [-0.00102315959521, -0.00112039071973, -0.000128262050566, 0.00259054452181, -0.00145697360858, 0.00158889277373, 0.00306604919024, -0.00229731155559, -0.00154391885735, 0.0144792739302, -0.00297824223526, -0.000983567209914, -0.00396295264363], [-0.000168075886904, 0.000829942058772, 0.000904829241335, 0.000215666790609, 0.000778947665822, -0.00342679582536, -0.00238193920814, -0.000437537179096, 0.00102594227064, -0.00297824223526, 0.0181686189026, -0.00411441456527, -0.00205766712315], [-0.000139034542372, -3.82780899599e-06, -0.000741821189877, 0.000983076402918, -0.00350543670356, 0.000888868875336, 0.00019004906062, 0.000888948387001, -0.00226201605983, -0.000983567209914, -0.00411441456527, 0.0216608643532, -0.00390012352727], [-0.000147319369717, 0.000857718812767, -0.000686886545736, -0.00426721386611, -0.000581774278544, 0.00260433205403, -0.00155811803415, -0.00151672319043, 0.00160138134379, -0.00396295264363, -0.00205766712315, -0.00390012352727, 0.0188653431833]]
    },
    "spectral_contrast_coeffs": {
        "max": [-0.43937921524, -0.447712004185, -0.46056997776, -0.638944864273, -0.586560487747, -0.643732666969],
        "mean": [-0.711134672165, -0.687610805035, -0.711476862431, -0.798509895802, -0.785756289959, -0.749487042427],
        "min": [-0.899694144726, -0.922664225101, -0.88027971983, -0.900064885616, -0.875305533409, -0.853493750095],
        "stdev": [0.0784015208483, 0.0849360600114, 0.0712708309293, 0.0416840016842, 0.0432715713978, 0.043516818434]
    },
    "spectral_contrast_valleys": {
        "max": [-4.79169893265, -5.33302783966, -5.4188952446, -5.80119419098, -6.1389503479, -8.85190200806],
        "mean": [-8.10069561005, -6.94863080978, -6.90250778198, -7.1509809494, -7.41450691223, -10.1777410507],
        "min": [-12.0560722351, -9.13838195801, -9.28841972351, -9.10208892822, -10.1472139359, -12.3963289261],
        "stdev": [1.70593225956, 0.527406036854, 0.842479288578, 0.790742814541, 0.724609434605, 0.599287688732]
    }
},
"rhythm": {
    "beats_count": 57,
    "beats_loudness": {
        "max": 0.0995514541864,
        "mean": 0.0260660499334,
        "min": 0.00224904273637,
        "stdev": 0.0184231307358
    },
    "bpm": 156.221313477,
    "bpm_histogram_first_peak_bpm": 157,
    "bpm_histogram_first_peak_weight": 0,
    "bpm_histogram_second_peak_bpm": 136,
    "bpm_histogram_second_peak_spread": 0.47058826685,
    "bpm_histogram_second_peak_weight": 0.160714283586,
    "danceability": 0.922338724136,
    "onset_rate": 0.775060534477,
    "beats_loudness_band_ratio": {
        "max": [0.772915482521, 0.755901515484, 0.815276145935, 0.709189891815, 0.333948910236, 0.226092532277],
        "mean": [0.161101907492, 0.154433637857, 0.374148070812, 0.224507436156, 0.0786385312676, 0.0523540601134],
        "min": [4.35892106907e-05, 0.000336553319357, 0.0413154698908, 0.0201735179871, 0.00308016082272, 0.00193852966186],
        "stdev": [0.217594787478, 0.190508544445, 0.204624459147, 0.19207046926, 0.0704180002213, 0.0481109656394]
    },
    "beats_position": [0.429569154978, 0.882358253002, 1.33514738083, 1.77632653713, 2.21750569344, 2.67029476166, 3.13469386101, 3.59909296036, 4.05188179016, 4.5046710968, 4.95746040344, 5.42185926437, 5.88625860214, 6.32743740082, 6.7570066452, 7.19818592072, 7.58131504059, 7.96444416046, 8.34757328033, 8.73070240021, 9.11383247375, 9.50857162476, 9.89170074463, 10.2748298645, 10.6579589844, 11.0410881042, 11.4242172241, 11.807346344, 12.2485256195, 12.689704895, 13.1192741394, 13.5604534149, 14.0016326904, 14.4428119659, 14.9304304123, 15.4180498123, 15.9056682587, 16.4397277832, 16.9505672455, 17.4730148315, 18.0651245117, 18.6572322845, 19.2493419647, 19.9227199554, 20.5960998535, 21.3043079376, 22.0125160217, 22.7207260132, 23.4289340973, 24.1371421814, 24.8453502655, 25.5419502258, 26.2385482788, 26.9351463318, 27.6317462921, 28.3051242828, 28.9901123047],
