{
"metadata": {
    "version": {
        "essentia": "2.1-beta5",
        "essentia_git_sha": "Undefined",
        "extractor": "music 2.0"
    },
    "audio_properties": {
        "analysis": {
            "equal_loudness": 0,
            "length": 32.4963264465,
            "sample_rate": 44100,
            "start_time": 93.9943771362,
            "downmix": "mix"
        },
        "bit_rate": 192000,
        "length": 198.809265137,
        "lossless": 0,
        "number_channels": 2,
        "replay_gain": 0.382696151733,
        "sample_rate": 48000,
        "codec": "mp3",
        "md5_encoded": "519628d64f2f246055f56e17d739719e"
    },
    "tags": {
        "file_name": "Iceland_Ég Á Líf_Eythor Ingi.mp3",
        "encoding": ["Lavf58.29.100"]
    }
},
"lowlevel": {
    "average_loudness": 0.889796972275,
    "barkbands_crest": {
        "max": 25.1248245239,
        "mean": 9.62230491638,
        "min": 2.82780194283,
        "stdev": 3.83724713326
    },
    "barkbands_flatness_db": {
        "max": 0.312263906002,
        "mean": 0.141344279051,
        "min": 0.0563601367176,
        "stdev": 0.0368291698396
    },
    "barkbands_kurtosis": {
        "max": 37.4380645752,
        "mean": 2.48337292671,
        "min": -1.74187159538,
        "stdev": 4.4264960289
    },
    "barkbands_skewness": {
        "max": 5.85340356827,
        "mean": 1.26976418495,
        "min": -1.29665029049,
        "stdev": 0.934534132481
    },
    "barkbands_spread": {
        "max": 85.9731674194,
        "mean": 23.4327735901,
        "min": 3.17144107819,
        "stdev": 11.7811203003
    },
    "dissonance": {
        "max": 0.499101340771,
        "mean": 0.453569978476,
        "min": 0.310631901026,
        "stdev": 0.0282467231154
    },
    "dynamic_complexity": 2.30305576324,
    "erbbands_crest": {
        "max": 23.2643127441,
        "mean": 9.91693401337,
        "min": 2.985060215,
        "stdev": 3.81491303444
    },
    "erbbands_flatness_db": {
        "max": 0.280861020088,
        "mean": 0.163087248802,
        "min": 0.0852992013097,
        "stdev": 0.0323309004307
    },
    "erbbands_kurtosis": {
        "max": 10.4632101059,
        "mean": 0.682395815849,
        "min": -1.6622300148,
        "stdev": 1.67280983925
    },
    "erbbands_skewness": {
        "max": 2.48585772514,
        "mean": 0.392599463463,
        "min": -2.69655704498,
        "stdev": 0.741487562656
    },
    "erbbands_spread": {
        "max": 115.739479065,
        "mean": 34.8530693054,
        "min": 7.10644388199,
        "stdev": 14.7394046783
    },
    "hfc": {
        "max": 96.4296264648,
        "mean": 23.2306690216,
        "min": 0.709093868732,
        "stdev": 16.3915367126
    },
    "loudness_ebu128": {
        "integrated": -22.7578029633,
        "loudness_range": 4.06150817871,
        "momentary": {
            "max": -18.7678642273,
            "mean": -23.1706809998,
            "min": -31.2327156067,
            "stdev": 2.03037452698
        },
        "short_term": {
            "max": -20.423324585,
            "mean": -22.9830379486,
            "min": -26.1788520813,
            "stdev": 1.36971771717
        }
    },
    "melbands_crest": {
        "max": 27.962808609,
        "mean": 13.7419395447,
        "min": 4.76536989212,
        "stdev": 4.87880897522
    },
    "melbands_flatness_db": {
        "max": 0.399814099073,
        "mean": 0.192696720362,
        "min": 0.0508927740157,
        "stdev": 0.0515684559941
    },
    "melbands_kurtosis": {
        "max": 158.52444458,
        "mean": 8.65271759033,
        "min": -1.67669761181,
        "stdev": 11.6954498291
    },
    "melbands_skewness": {
        "max": 10.6183071136,
        "mean": 2.16210460663,
        "min": -0.546638906002,
        "stdev": 1.33388733864
    },
    "melbands_spread": {
        "max": 149.806671143,
        "mean": 25.501033783,
        "min": 2.36801576614,
        "stdev": 16.2064476013
    },
    "pitch_salience": {
        "max": 0.774253487587,
        "mean": 0.496767997742,
        "min": 0.123827129602,
        "stdev": 0.103872522712
    },
    "silence_rate_20dB": {
        "max": 1,
        "mean": 1,
        "min": 1,
        "stdev": 0
    },
    "silence_rate_30dB": {
        "max": 1,
        "mean": 0.973590314388,
        "min": 0,
        "stdev": 0.16035144031
    },
    "silence_rate_60dB": {
        "max": 0,
        "mean": 0,
        "min": 0,
        "stdev": 0
    },
    "spectral_centroid": {
        "max": 4562.5625,
        "mean": 1368.69946289,
        "min": 373.276580811,
        "stdev": 564.308898926
    },
    "spectral_complexity": {
        "max": 48,
        "mean": 18.4468231201,
        "min": 1,
        "stdev": 6.4927520752
    },
    "spectral_decrease": {
        "max": -1.76845177391e-10,
        "mean": -8.07469291431e-09,
        "min": -5.1715268512e-08,
        "stdev": 6.42396846828e-09
    },
    "spectral_energy": {
        "max": 0.197774022818,
        "mean": 0.0325828529894,
        "min": 0.000733620661777,
        "stdev": 0.0250165387988
    },
    "spectral_energyband_high": {
        "max": 0.0109437406063,
        "mean": 0.000753012311179,
        "min": 8.65763286129e-06,
        "stdev": 0.000979563454166
    },
    "spectral_energyband_low": {
        "max": 0.178073972464,
        "mean": 0.014054145664,
        "min": 6.92379035172e-05,
        "stdev": 0.0200199335814
    },
    "spectral_energyband_middle_high": {
        "max": 0.0401178114116,
        "mean": 0.00722954841331,
        "min": 0.000130492815515,
        "stdev": 0.00630843406543
    },
    "spectral_energyband_middle_low": {
        "max": 0.0949717983603,
        "mean": 0.0111668920144,
        "min": 0.000322792882798,
        "stdev": 0.00941503513604
    },
    "spectral_entropy": {
        "max": 8.58564567566,
        "mean": 7.53580951691,
        "min": 6.59905529022,
        "stdev": 0.293766260147
    },
    "spectral_flux": {
        "max": 0.363223791122,
        "mean": 0.0889491140842,
        "min": 0.0123033849522,
        "stdev": 0.0477825477719
    },
    "spectral_kurtosis": {
        "max": 21.3735580444,
        "mean": 3.4196805954,
        "min": -0.396854639053,
        "stdev": 2.00059103966
    },
    "spectral_rms": {
        "max": 0.0138906538486,
        "mean": 0.00532510364428,
        "min": 0.000846006791107,
        "stdev": 0.00185239547864
    },
    "spectral_rolloff": {
        "max": 8591.74804688,
        "mean": 1371.3157959,
        "min": 86.1328125,
        "stdev": 1131.53942871
    },
    "spectral_skewness": {
        "max": 3.66567087173,
        "mean": 1.45685982704,
        "min": 0.0512272119522,
        "stdev": 0.355468064547
    },
    "spectral_spread": {
        "max": 15964823,
        "mean": 4673394,
        "min": 2398078.25,
        "stdev": 1149635
    },
    "spectral_strongpeak": {
        "max": 12.2189416885,
        "mean": 1.1603500843,
        "min": 0.0365937016904,
        "stdev": 1.49958848953
    },
    "zerocrossingrate": {
        "max": 0.23583984375,
        "mean": 0.0560293160379,
        "min": 0.00830078125,
        "stdev": 0.0280696731061
    },
    "barkbands": {
        "max": [0.00289373053238, 0.161106944084, 0.0566708035767, 0.0160317514092, 0.0305704530329, 0.0136630441993, 0.0282929055393, 0.0910400301218, 0.02786700055, 0.0233913976699, 0.0239324327558, 0.0273770261556, 0.0173089876771, 0.00974645931274, 0.00682123471051, 0.0225846488029, 0.0164863932878, 0.00208425149322, 0.00576932262629, 0.0069462233223, 0.00325680943206, 0.0039323088713, 0.00241396366619, 0.00208954676054, 0.00219673896208, 0.000784217263572, 3.81112295145e-06],
        "mean": [0.000253618112765, 0.00895024556667, 0.00434676324949, 0.00109319551848, 0.0015572643606, 0.000938571814913, 0.0024218603503, 0.00244065676816, 0.00240908144042, 0.00184807076585, 0.000835614919197, 0.000732535321731, 0.000675033137668, 0.000472688581795, 0.000379216100555, 0.00104030128568, 0.000694874208421, 0.000156852067448, 0.00033850982436, 0.000306487898342, 0.000127206862089, 0.000237683620071, 0.000168665355886, 7.37629161449e-05, 6.33716990706e-05, 2.06964668905e-05, 9.7933687826e-09],
        "min": [3.26850333465e-08, 3.95922370444e-06, 1.32812947413e-05, 3.54423633553e-07, 4.11752034779e-06, 3.78810045731e-06, 4.4455105126e-06, 3.0096618957e-06, 7.89005753177e-06, 7.19677882444e-06, 1.79841208592e-06, 1.98842781174e-06, 2.99082512356e-06, 2.39525184043e-06, 1.59311821335e-06, 5.41835879631e-06, 2.3121212962e-06, 2.02890896617e-06, 2.82851669908e-06, 3.40572273672e-06, 1.39358621709e-06, 1.56524390604e-06, 4.46949854904e-07, 1.99777971943e-07, 6.83387497702e-08, 1.53498949662e-10, 1.66576849536e-10],
        "stdev": [0.000375865551177, 0.016914466396, 0.00599074037746, 0.00152236397844, 0.00190030399244, 0.00156632787548, 0.00318506197073, 0.00655167549849, 0.00386952608824, 0.0023877567146, 0.00189638254233, 0.00162460259162, 0.00124380458146, 0.000941261765547, 0.000663579674438, 0.00223133247346, 0.0015291988384, 0.000227565018577, 0.000479231617646, 0.000547965348233, 0.000248630152782, 0.000323643325828, 0.000236520514591, 0.000129517386085, 0.000161522970302, 6.31946531939e-05, 1.08628789519e-07]
    },
    "erbbands": {
        "max": [4.30700016022, 36.8290557861, 82.6945724487, 46.3010292053, 103.999916077, 86.8159942627, 69.7646331787, 151.996261597, 457.461181641, 885.596618652, 1713.18994141, 686.379943848, 945.679443359, 691.318237305, 960.805175781, 687.140808105, 865.987915039, 563.281677246, 377.892181396, 458.789306641, 1409.08300781, 1182.97229004, 250.156280518, 128.487350464, 369.683135986, 451.081268311, 101.247779846, 146.345611572, 152.670516968, 84.4568252563, 71.8224029541, 57.7551651001, 38.3544654846, 21.5734004974, 21.2563591003, 8.48751831055, 1.04551696777, 0.0278219655156, 0.00107228255365, 0.000217776876525],
        "mean": [0.190491467714, 2.23334360123, 5.64881896973, 3.76369071007, 4.75441646576, 5.0050330162, 4.96148252487, 9.92953109741, 32.2774124146, 40.9520530701, 51.1537895203, 50.9853057861, 51.9997825623, 54.5151519775, 40.9835128784, 25.5118770599, 33.6262969971, 26.6048278809, 18.0116939545, 26.5988693237, 65.8746185303, 42.2371025085, 11.5310554504, 7.83034849167, 25.9483375549, 12.7426109314, 4.07878065109, 6.40280294418, 8.52393722534, 7.16324090958, 4.28448629379, 1.92730987072, 1.09341466427, 0.647935330868, 0.461966872215, 0.182245343924, 0.0203495919704, 0.000568131508771, 4.19254138251e-05, 4.1427101678e-05],
        "min": [0.000132290209876, 0.00342522771098, 0.0359563678503, 0.0338286943734, 0.0265141911805, 0.037878703326, 0.0586630664766, 0.0271107144654, 0.0770644769073, 0.0869876518846, 0.370610684156, 0.305198580027, 0.254730373621, 0.395394474268, 0.195950746536, 0.312766760588, 0.203841462731, 0.192730754614, 0.193724453449, 0.187144219875, 0.328984797001, 0.1576936692, 0.129195675254, 0.107263691723, 0.17968519032, 0.146648108959, 0.0568946823478, 0.0639065727592, 0.0547276772559, 0.0256770458072, 0.0141302905977, 0.00705832289532, 0.00345533201471, 0.00162916874979, 7.65689474065e-05, 6.95056769473e-06, 2.5338586056e-06, 4.62541692059e-07, 1.63929973951e-06, 3.6184765122e-06],
        "stdev": [0.421652853489, 4.0480389595, 7.43250083923, 4.15636825562, 6.6112279892, 6.41301107407, 6.77341651917, 16.527797699, 46.0226593018, 76.9554824829, 119.36063385, 81.0781707764, 93.2705307007, 62.3473587036, 77.2391433716, 47.7661514282, 58.715007782, 53.5591125488, 24.5362224579, 47.4326782227, 141.224746704, 100.819015503, 18.0064220428, 10.1047048569, 35.9988365173, 23.4946784973, 7.37739372253, 12.006649971, 12.2785434723, 9.28643512726, 6.05841588974, 3.15286040306, 2.05694842339, 1.30169117451, 1.42227482796, 0.604760944843, 0.0654189363122, 0.0017327433452, 7.26230427972e-05, 2.98085124086e-05]
    },
    "gfcc": {
        "mean": [15.5921411514, 104.665328979, -126.082817078, 40.0863571167, -68.7297134399, 29.3585910797, -30.6362895966, 18.2237167358, -13.4705438614, 1.50417160988, -15.4595069885, -2.13897585869, -8.24460220337],
        "cov": [[1860.53869629, -575.344238281, -123.333000183, -94.6778106689, 11.3057928085, -31.0127067566, -176.814025879, 245.208831787, -7.52469873428, 115.051269531, -96.9956130981, 103.294433594, -217.143386841], [-575.344238281, 746.399414062, -49.284412384, -28.8557872772, 115.540901184, -26.0559768677, 160.863510132, -95.5701217651, 69.9198608398, -138.798141479, 139.355178833, -79.7489547729, 97.9657058716], [-123.333000183, -49.284412384, 419.317199707, 87.1096954346, 28.0388774872, 58.9884414673, -11.1213235855, -12.3015985489, -37.009475708, 57.3816413879, -66.4755554199, 52.7717018127, 23.782661438], [-94.6778106689, -28.8557872772, 87.1096954346, 219.619033813, 44.4553527832, -7.43665790558, -46.240032196, -16.9370670319, 39.1240692139, -31.5352306366, -15.7992830276, 8.25793933868, 65.3520507812], [11.3057928085, 115.540901184, 28.0388774872, 44.4553527832, 218.8568573, -10.6566514969, 7.10732269287, 67.7806167603, -0.169099256396, -11.4929056168, 5.57074451447, -2.39838933945, 32.7937240601], [-31.0127067566, -26.0559768677, 58.9884414673, -7.43665790558, -10.6566514969, 127.909889221, 66.0066146851, -19.8373222351, -6.90437936783, 0.441160529852, 10.7171878815, -0.622592508793, -9.61530017853], [-176.814025879, 160.863510132, -11.1213235855, -46.240032196, 7.10732269287, 66.0066146851, 207.634078979, -9.95437431335, -25.0248241425, -3.93359446526, 56.2209091187, -40.5113105774, -11.8912277222], [245.208831787, -95.5701217651, -12.3015985489, -16.9370670319, 67.7806167603, -19.8373222351, -9.95437431335, 159.412918091, 18.022441864, 26.3623218536, -6.17810487747, 11.3404521942, -18.2012062073], [-7.52469873428, 69.9198608398, -37.009475708, 39.1240692139, -0.169099256396, -6.90437936783, -25.0248241425, 18.022441864, 133.978790283, -16.6173801422, 21.6552429199, 8.12333297729, 18.1524600983], [115.051269531, -138.798141479, 57.3816413879, -31.5352306366, -11.4929056168, 0.441160529852, -3.93359446526, 26.3623218536, -16.6173801422, 129.669418335, -14.4875001907, 22.98412323, -35.9313316345], [-96.9956130981, 139.355178833, -66.4755554199, -15.7992830276, 5.57074451447, 10.7171878815, 56.2209091187, -6.17810487747, 21.6552429199, -14.4875001907, 113.869674683, -13.2401618958, 10.9503145218], [103.294433594, -79.7489547729, 52.7717018127, 8.25793933868, -2.39838933945, -0.622592508793, -40.5113105774, 11.3404521942, 8.12333297729, 22.98412323, -13.2401618958, 100.428672791, 16.1756343842], [-217.143386841, 97.9657058716, 23.782661438, 65.3520507812, 32.7937240601, -9.61530017853, -11.8912277222, -18.2012062073, 18.1524600983, -35.9313316345, 10.9503145218, 16.1756343842, 123.64414978]],
        "icov": [[0.00115664652549, -4.37743583461e-05, 0.000661514815874, -0.000317980651744, 2.48961223406e-05, -0.000622433261015, 0.000890054740012, -0.00150072562974, 0.000407625193475, -0.000254190177657, 0.000480584567413, -0.00123845925555, 0.00190223031677], [-4.37743583461e-05, 0.00859544984996, -0.00356303737499, 0.00605106400326, -0.00595127139241, 0.00725049572065, -0.00586235010996, 0.00738503737375, -0.00688435463235, 0.00681727426127, -0.00592219363898, 0.00376288639382, -0.00371052697301], [0.000661514815874, -0.00356303737499, 0.0056725256145, -0.00427777180448, 0.00203198380768, -0.00519144255668, 0.00266665220261, -0.00352162728086, 0.00404262403026, -0.00471815094352, 0.00453434418887, -0.00363003253005, 0.00205883826129], [-0.000317980651744, 0.00605106400326, -0.00427777180448, 0.0112863667309, -0.0052957944572, 0.00551798474044, -0.00315550318919, 0.00647933455184, -0.00696871802211, 0.0059725176543, -0.00389728136361, 0.00391093827784, -0.00541914254427], [2.48961223406e-05, -0.00595127139241, 0.00203198380768, -0.0052957944572, 0.0102521255612, -0.00464449357241, 0.00361589249223, -0.00828030705452, 0.00567198218778, -0.00406285421923, 0.00351462559775, -0.00202587572858, 0.00115616619587], [-0.000622433261015, 0.00725049572065, -0.00519144255668, 0.00551798474044, -0.00464449357241, 0.0171832665801, -0.00892761070281, 0.00794817414135, -0.0067891147919, 0.00683225598186, -0.00545563641936, 0.00288408971392, -0.00278819282539], [0.000890054740012, -0.00586235010996, 0.00266665220261, -0.00315550318919, 0.00361589249223, -0.00892761070281, 0.0124178593978, -0.00626443559304, 0.00625629443675, -0.00494949286804, 0.000981685705483, -0.000795350584667, 0.00364195881411], [-0.00150072562974, 0.00738503737375, -0.00352162728086, 0.00647933455184, -0.00828030705452, 0.00794817414135, -0.00626443559304, 0.0167792961001, -0.00815141573548, 0.00462387315929, -0.00484334304929, 0.00377466576174, -0.00407678587362], [0.000407625193475, -0.00688435463235, 0.00404262403026, -0.00696871802211, 0.00567198218778, -0.0067891147919, 0.00625629443675, -0.00815141573548, 0.0149141633883, -0.00504554156214, 0.00274622580037, -0.00408558128402, 0.0030810770113], [-0.000254190177657, 0.00681727426127, -0.00471815094352, 0.0059725176543, -0.00406285421923, 0.00683225598186, -0.00494949286804, 0.00462387315929, -0.00504554156214, 0.0156461261213, -0.00505586480722, 0.0013676303206, -0.000727166770957], [0.000480584567413, -0.00592219363898, 0.00453434418887, -0.00389728136361, 0.00351462559775, -0.00545563641936, 0.000981685705483, -0.00484334304929, 0.00274622580037, -0.00505586480722, 0.0163892935961, -0.0034732404165, 0.00187948171515], [-0.00123845925555, 0.00376288639382, -0.00363003253005, 0.00391093827784, -0.00202587572858, 0.00288408971392, -0.000795350584667, 0.00377466576174, -0.00408558128402, 0.0013676303206, -0.0034732404165, 0.0155558101833, -0.00601474288851], [0.00190223031677, -0.00371052697301, 0.00205883826129, -0.00541914254427, 0.00115616619587, -0.00278819282539, 0.00364195881411, -0.00407678587362, 0.0030810770113, -0.000727166770957, 0.00187948171515, -0.00601474288851, 0.0160200335085]]
    },
    "melbands": {
        "max": [0.0444443039596, 0.0382459945977, 0.00789419841021, 0.00789154879749, 0.00224922876805, 0.00316322292201, 0.00628326507285, 0.0123620089144, 0.0111693199724, 0.00432157330215, 0.00460013234988, 0.00276823039167, 0.00375947658904, 0.00344609236345, 0.00214694906026, 0.00119069323409, 0.0011633754475, 0.000718218274415, 0.000690878834575, 0.000722163240425, 0.00222324253991, 0.0014426719863, 0.000664631545078, 9.09841110115e-05, 0.000110897402919, 0.00023877286003, 0.000279512460111, 0.00030099513242, 5.57987659704e-05, 7.25951686036e-05, 0.000103698570456, 0.000103395905171, 7.48413513065e-05, 4.68956422992e-05, 5.16721047461e-05, 4.58662616438e-05, 3.25110886479e-05, 3.08384333039e-05, 2.31567446463e-05, 1.60867730301e-05],
        "mean": [0.00214414694346, 0.00289915455505, 0.00071048369864, 0.000366093561752, 0.000178503396455, 0.000222352959099, 0.000488791265525, 0.000499644491356, 0.000406077044317, 0.000317209312925, 0.000261822540779, 0.000233330167248, 0.000141006545164, 8.96364290384e-05, 7.02931938577e-05, 6.56623233226e-05, 4.49189647043e-05, 2.69029060291e-05, 2.70491327683e-05, 4.46385383839e-05, 8.36360413814e-05, 4.81639362988e-05, 1.57894064614e-05, 6.35751575828e-06, 5.04887384523e-06, 1.70297334989e-05, 1.89711463463e-05, 5.75814738113e-06, 2.07495986615e-06, 2.930733217e-06, 3.98802558266e-06, 4.78516858493e-06, 4.69452470497e-06, 3.83284032068e-06, 2.80304789158e-06, 1.49340712596e-06, 1.02335627616e-06, 8.11290590264e-07, 6.25579161806e-07, 4.93216816722e-07],
        "min": [1.16525870908e-06, 7.80161553848e-06, 5.62883269595e-06, 2.41513816945e-06, 2.41203861151e-06, 6.384246376e-07, 1.03977436083e-06, 1.11367796762e-06, 1.5014792325e-06, 1.23362974591e-06, 1.31231649902e-06, 1.49662025706e-06, 4.15626288941e-07, 3.08320068143e-07, 9.69566187337e-08, 2.20523148187e-07, 9.17666440614e-08, 2.72937199952e-07, 1.51569338414e-07, 2.75832917396e-07, 3.63433514394e-07, 1.35323588779e-07, 1.16036183329e-07, 5.51768231105e-08, 7.64130234643e-08, 1.1134980582e-07, 1.10415456334e-07, 6.68203128384e-08, 2.00209839818e-08, 2.84138206297e-08, 3.52854954144e-08, 3.01177038864e-08, 1.69220797375e-08, 1.00404431436e-08, 8.46110381758e-09, 6.22773876913e-09, 2.66653477077e-09, 2.34924701914e-09, 2.32847319204e-09, 7.87740650487e-10],
        "stdev": [0.00440360046923, 0.00382942287251, 0.000736176792998, 0.000476088549476, 0.000222920774831, 0.000357689103112, 0.000656375428662, 0.00106310483534, 0.000853657431435, 0.000512723345309, 0.00047035823809, 0.000272009550827, 0.0002936879755, 0.000214273197344, 0.000155815432663, 0.000111307861516, 9.80767363217e-05, 3.98121082981e-05, 5.24010683876e-05, 8.51083750604e-05, 0.000188848731341, 0.000114387919893, 3.45130465575e-05, 8.49701700645e-06, 7.41653957448e-06, 2.44822658715e-05, 3.08144444716e-05, 1.39316362038e-05, 4.35414176536e-06, 5.61649494557e-06, 8.17606451164e-06, 7.67081291997e-06, 6.13460042587e-06, 5.48843036086e-06, 4.31338094131e-06, 2.30791556532e-06, 1.8805410491e-06, 1.59144701684e-06, 1.26682755308e-06, 1.02118337963e-06]
    },
    "melbands128": {
        "max": [0.00263186404482, 0.024520078674, 0.0786801353097, 0.0572110638022, 0.056213080883, 0.0196425244212, 0.00987087935209, 0.00718171708286, 0.0116470595822, 0.0105793299153, 0.00389869092032, 0.0035968539305, 0.00314398482442, 0.00503692682832, 0.00358114414848, 0.00563135789707, 0.00954673439264, 0.0101226652041, 0.00760997086763, 0.0158384665847, 0.0251533202827, 0.0336221903563, 0.00708800088614, 0.0112887918949, 0.00814720522612, 0.00933300424367, 0.0114319073036, 0.00767592852935, 0.00495171360672, 0.00538190826774, 0.00538591481745, 0.00427792407572, 0.00761553877965, 0.00373475719243, 0.00874277204275, 0.00557612767443, 0.00133596896194, 0.00427653081715, 0.0051544168964, 0.0030334291514, 0.00145860866178, 0.00199851463549, 0.00241090985946, 0.000975385657512, 0.000668980181217, 0.00134458171669, 0.000771880499087, 0.000964301638305, 0.00141518260352, 0.00134954310488, 0.00146450928878, 0.00219300203025, 0.00368153280579, 0.00338779459707, 0.00267852167599, 0.00296580861323, 0.00225154939108, 0.00157935137395, 0.000396775198169, 0.000177768131834, 9.98822943075e-05, 0.000111353001557, 9.40393219935e-05, 7.35681387596e-05, 0.000469385384349, 0.000314933713526, 0.000556616170797, 0.000540214648936, 0.00053225515876, 0.000451598811196, 0.00061515282141, 9.11553870537e-05, 5.98025762883e-05, 8.53984165587e-05, 8.43237648951e-05, 0.000110913635581, 6.07370238868e-05, 9.37855656957e-05, 0.000147547558299, 0.000167987818713, 0.000121896358905, 0.000108211213956, 8.00335110398e-05, 9.6460840723e-05, 7.28967133909e-05, 5.5462729506e-05, 7.16749418643e-05, 0.000101420737337, 6.87510182615e-05, 4.2913336074e-05, 8.67545386427e-05, 2.02997489396e-05, 4.73326545034e-05, 2.97113219858e-05, 4.58508002339e-05, 2.6096633519e-05, 3.57890166924e-05, 3.27659545292e-05, 2.03729159693e-05, 2.8780201319e-05, 2.16623666347e-05, 1.37706811074e-05, 1.0106915397e-05, 1.80860552064e-05, 1.49595289258e-05, 4.12676454289e-05, 5.81035710638e-05, 1.40402153193e-05, 9.79077503871e-06, 5.85026145927e-06, 4.25694179285e-06, 4.43169665232e-06, 4.32061870015e-06, 1.5438114076e-07, 1.20062352948e-07, 6.06796675129e-08, 1.84448296636e-08, 1.78276060581e-08, 1.7293398713e-08, 1.68109206555e-08, 1.6461774166e-08, 1.61392179621e-08, 1.58082098523e-08, 1.55186050677e-08, 1.52783030671e-08, 1.51019019512e-08, 1.49777310554e-08, 1.49030228158e-08],
        "mean": [0.000231205049204, 0.0011757905595, 0.00295575638302, 0.00398243963718, 0.00349228456616, 0.00175484782085, 0.000692058936693, 0.00055854616221, 0.000456810579635, 0.00042515763198, 0.000247885240242, 0.000190763661521, 0.00016062380746, 0.000154614885105, 0.000190021877643, 0.000242711073952, 0.000430366751971, 0.00066718988819, 0.000354064744897, 0.000414311070926, 0.000612232484855, 0.000662168371491, 0.000210343394428, 0.00038944275002, 0.000393727212213, 0.000198911031475, 0.0003855858522, 0.000175837238203, 0.000265013426542, 0.000359697703971, 0.000151526983245, 0.000115083355922, 0.00020502845291, 7.6159623859e-05, 0.000151170184836, 7.19525996828e-05, 3.02489588648e-05, 6.53281604173e-05, 0.00010846935038, 7.41293333704e-05, 3.55309675797e-05, 8.28606571304e-05, 5.79915540584e-05, 1.44768328028e-05, 2.87446982838e-05, 2.79611886072e-05, 3.1558345654e-05, 1.59474639077e-05, 2.9366256058e-05, 4.43805256509e-05, 3.05338435282e-05, 5.65021655348e-05, 0.000117874398711, 7.81279668445e-05, 4.80652925035e-05, 5.77882492507e-05, 3.78866716346e-05, 1.33603762151e-05, 1.28166911963e-05, 8.42523422762e-06, 5.89523415329e-06, 4.75849310533e-06, 3.43287092619e-06, 3.47410764334e-06, 1.055357734e-05, 1.55262514454e-05, 2.31050689763e-05, 2.35554998653e-05, 1.85538319784e-05, 1.13698388304e-05, 6.15292265138e-06, 2.82978317045e-06, 1.62969968187e-06, 2.27605005421e-06, 1.8550998675e-06, 2.82970108856e-06, 3.4594979752e-06, 3.38086351803e-06, 4.06336357628e-06, 4.56534144178e-06, 4.58239037471e-06, 4.90335969516e-06, 5.2805676205e-06, 4.85154805574e-06, 4.06594108426e-06, 3.62071091331e-06, 3.87902082366e-06, 4.04824277211e-06, 2.77326398646e-06, 1.92525112652e-06, 1.67493897152e-06, 1.33564947191e-06, 1.25976168874e-06, 9.82729829957e-07, 9.18388025184e-07, 9.10067001314e-07, 8.39631240979e-07, 5.94361154072e-07, 5.81663414323e-07, 6.74136515499e-07, 6.23930134225e-07, 4.40006743929e-07, 3.4999996501e-07, 4.55379108644e-07, 4.98359156609e-07, 6.5805761551e-07, 6.34738341887e-07, 4.1511418658e-07, 3.15898802228e-07, 1.60687605444e-07, 1.12075447589e-07, 9.88386616996e-08, 4.63289921981e-08, 1.67250457928e-09, 1.18132581495e-09, 1.00292818495e-09, 2.25979332469e-10, 2.4067846674e-11, 2.33670374716e-11, 2.27016912213e-11, 2.21763250124e-11, 2.17457805235e-11, 2.13465443238e-11, 2.09468744433e-11, 2.03828967593e-11, 1.96986975343e-11, 1.93008595217e-11, 1.91664357996e-11],
        "min": [5.35354516273e-09, 1.74652626583e-07, 7.57661098305e-07, 3.73548346033e-07, 2.58424506683e-06, 6.57443115415e-06, 4.56602901977e-06, 1.55467773766e-07, 4.89605689324e-08, 2.12111046949e-07, 7.15800979378e-07, 7.55207906877e-07, 5.86677515457e-07, 1.43085415516e-07, 1.34894463599e-07, 3.21872647646e-07, 2.45552797651e-07, 5.05721402533e-08, 6.31128642681e-08, 1.27156098984e-07, 1.29133965743e-07, 1.91834345742e-07, 1.35991911066e-07, 9.78820295927e-08, 2.1159249286e-07, 2.12743998418e-07, 1.21558159094e-07, 9.44328704122e-08, 3.51490768935e-07, 8.92994023616e-07, 1.45704447618e-07, 5.64864421904e-08, 4.47519177271e-08, 5.44423492954e-08, 7.48562243302e-08, 5.66063995677e-08, 4.35891429618e-08, 1.73409482329e-08, 6.83240060084e-08, 5.49151444318e-08, 1.38417020068e-08, 3.04606224688e-08, 1.35851276895e-08, 4.51844570648e-08, 6.52681748647e-08, 1.0765233327e-07, 9.74916005703e-08, 5.11188140706e-08, 3.90899437264e-08, 9.26007075464e-08, 4.20242329824e-08, 9.72727036697e-08, 2.38666984842e-07, 9.36212742886e-08, 5.24812300284e-08, 3.45845165839e-08, 4.03584436981e-08, 2.21896012675e-08, 1.28160504431e-08, 8.89863294162e-09, 1.23718093548e-08, 1.54784984829e-08, 1.16835785491e-08, 4.16007566173e-08, 5.00487509214e-08, 5.35981250493e-08, 3.73764414974e-08, 4.28864943558e-08, 2.7428610494e-08, 5.91804685257e-08, 1.62852611396e-08, 7.6360304746e-09, 1.97630867227e-09, 8.39561253851e-10, 1.76381775852e-09, 1.79786607823e-09, 1.40388332071e-08, 1.09652624758e-08, 1.33981599149e-08, 3.08204484156e-08, 2.60911630079e-08, 2.82578316302e-08, 7.41844585761e-09, 1.42271607828e-08, 1.13074616337e-08, 6.4960872237e-09, 4.79629358452e-09, 6.75411149231e-09, 5.98952931696e-09, 7.81825360008e-09, 4.21893675551e-09, 2.57535481829e-09, 1.67113656246e-09, 3.04062752754e-09, 2.37743424947e-09, 3.09978154256e-09, 1.55950385938e-09, 1.29805455273e-09, 1.18575915753e-09, 1.93631555234e-09, 1.27796417893e-09, 2.8503371885e-10, 5.83682130406e-11, 1.60294618291e-12, 1.03964623369e-12, 1.13841564214e-12, 1.01743852059e-12, 8.34583650019e-13, 6.98117290972e-13, 6.30559840453e-13, 5.6911371232e-13, 6.71704391327e-13, 5.8456473169e-13, 6.57961369849e-13, 5.13829972494e-13, 5.52541302642e-13, 5.15706943295e-13, 4.84690467015e-13, 5.23971274355e-13, 4.55495179335e-13, 4.70027933675e-13, 5.11125213334e-13, 5.24241457536e-13, 5.43837978123e-13, 3.65461675679e-13, 1.5238202681e-13, 1.88406690423e-14, 5.61559180047e-16],
        "stdev": [0.000351596187102, 0.00261112954468, 0.00738062849268, 0.00685777002946, 0.00470690475777, 0.00236748741008, 0.000858071143739, 0.000806288677268, 0.000775842519943, 0.000700629898347, 0.000379591627279, 0.000293049146421, 0.000271747267107, 0.000337445846526, 0.000388340820791, 0.000575726036914, 0.000877929560374, 0.00102343235631, 0.000540720124263, 0.00116134714335, 0.00182373390999, 0.00220317160711, 0.000617601093836, 0.000973048794549, 0.000795963860583, 0.000643794424832, 0.00103972596116, 0.000552349956706, 0.000546500843484, 0.000474388332805, 0.000281086628092, 0.000288160343189, 0.000517041480634, 0.000246621406404, 0.000425546197221, 0.000256513914792, 8.90556912054e-05, 0.00025745187304, 0.000268646195764, 0.000189166632481, 0.000121640863654, 0.000208201730857, 0.000171826177393, 4.9056881835e-05, 5.70131305722e-05, 6.12830044702e-05, 5.90090021433e-05, 5.05130228703e-05, 9.63941856753e-05, 9.64384598774e-05, 9.51190013438e-05, 0.000164403521921, 0.000328027643263, 0.000254667567788, 0.000133289693622, 0.000185725468327, 0.00014736209414, 4.83440926473e-05, 2.69819320238e-05, 1.6576877897e-05, 9.1635638455e-06, 7.66091579862e-06, 6.56055817672e-06, 5.41871622772e-06, 2.19224129978e-05, 2.91837513942e-05, 4.05935825256e-05, 4.74016705994e-05, 3.92301008105e-05, 2.6894178518e-05, 2.54196947935e-05, 6.59941542835e-06, 3.85608518627e-06, 5.49747483092e-06, 5.55379074285e-06, 6.49126786811e-06, 6.1681284933e-06, 7.0617320489e-06, 1.00529869087e-05, 1.0166399079e-05, 9.11601637199e-06, 7.96252152213e-06, 8.25271945359e-06, 7.09438791091e-06, 6.04559545536e-06, 5.45651118955e-06, 6.50964193483e-06, 8.1970665633e-06, 4.68745838589e-06, 3.03194156004e-06, 3.28095597979e-06, 2.09751055991e-06, 2.3917375529e-06, 1.86657428003e-06, 2.20016204366e-06, 1.904730766e-06, 1.68836072589e-06, 1.41135888043e-06, 1.19672051824e-06, 1.55102782173e-06, 1.39151791245e-06, 9.57088218456e-07, 7.83198231602e-07, 1.13280236747e-06, 1.33777894007e-06, 2.7872076771e-06, 3.07484287987e-06, 1.30091746087e-06, 1.05984770471e-06, 4.77104947549e-07, 3.21200815279e-07, 3.27376113773e-07, 2.07459052604e-07, 6.75150824136e-09, 5.25690069253e-09, 3.98931598866e-09, 9.97080529253e-10, 4.96148566675e-10, 4.81316597689e-10, 4.68027283596e-10, 4.58240057011e-10, 4.49047216078e-10, 4.39974862099e-10, 4.32055557997e-10, 4.25286222905e-10, 4.20419088432e-10, 4.16987555596e-10, 4.14890261036e-10]
    },
    "mfcc": {
        "mean": [-620.194091797, 123.049415588, 4.43579959869, 15.3865566254, -3.08831715584, 9.91263484955, -3.44370555878, 15.5927085876, 6.67167377472, 7.92987918854, 3.55946540833, -1.00663208961, 9.73349285126],
        "cov": [[1818.76013184, -407.875183105, -252.264175415, -117.816833496, 69.6623687744, -190.251266479, -150.817337036, 97.147064209, -79.0213928223, 96.6895904541, 45.1209220886, -13.7753295898, 152.913253784], [-407.875183105, 632.122802734, -93.0559616089, 4.28676605225, -14.0913619995, 17.7168102264, 107.666007996, 45.561580658, -18.8468780518, 6.56582403183, 41.2499732971, -21.0812072754, -11.5643482208], [-252.264175415, -93.0559616089, 364.324829102, 38.9407577515, -4.51273822784, 103.227882385, -11.0591173172, -33.9532814026, 41.2358436584, -44.9134559631, -23.9548244476, 17.5139789581, -48.6189231873], [-117.816833496, 4.28676605225, 38.9407577515, 197.204376221, 94.6332702637, -6.62325286865, -15.7470817566, -14.8795146942, 54.2655029297, -18.2291488647, -50.2138710022, 14.7453308105, 7.4454832077], [69.6623687744, -14.0913619995, -4.51273822784, 94.6332702637, 242.94631958, -53.0903167725, -46.5634880066, 14.0669727325, 53.9763565063, 5.70085716248, -62.3359107971, 19.3397064209, 38.8960075378], [-190.251266479, 17.7168102264, 103.227882385, -6.62325286865, -53.0903167725, 174.452087402, 33.8034477234, -11.2027215958, -1.04250395298, -26.7142276764, 13.7441949844, -4.38718557358, -40.8110389709], [-150.817337036, 107.666007996, -11.0591173172, -15.7470817566, -46.5634880066, 33.8034477234, 220.970474243, 11.249786377, -4.11471939087, 15.1195259094, 24.5690593719, 12.7407226562, -22.5944328308], [97.147064209, 45.561580658, -33.9532814026, -14.8795146942, 14.0669727325, -11.2027215958, 11.249786377, 127.701469421, -2.7585773468, 18.5028591156, 4.66764116287, 1.90276193619, 21.8155822754], [-79.0213928223, -18.8468780518, 41.2358436584, 54.2655029297, 53.9763565063, -1.04250395298, -4.11471939087, -2.7585773468, 119.839706421, -9.69733142853, -28.2276878357, 15.4941101074, -11.8148593903], [96.6895904541, 6.56582403183, -44.9134559631, -18.2291488647, 5.70085716248, -26.7142276764, 15.1195259094, 18.5028591156, -9.69733142853, 108.90246582, 34.0890960693, -10.7418260574, 15.8613290787], [45.1209220886, 41.2499732971, -23.9548244476, -50.2138710022, -62.3359107971, 13.7441949844, 24.5690593719, 4.66764116287, -28.2276878357, 34.0890960693, 119.348182678, 0.577245593071, -16.657535553], [-13.7753295898, -21.0812072754, 17.5139789581, 14.7453308105, 19.3397064209, -4.38718557358, 12.7407226562, 1.90276193619, 15.4941101074, -10.7418260574, 0.577245593071, 99.6135482788, 26.0515518188], [152.913253784, -11.5643482208, -48.6189231873, 7.4454832077, 38.8960075378, -40.8110389709, -22.5944328308, 21.8155822754, -11.8148593903, 15.8613290787, -16.657535553, 26.0515518188, 116.098953247]],
        "icov": [[0.00103794957977, 0.00077154423343, 0.000467043719254, 0.000399821816245, -0.000357794080628, 0.000451261381386, 0.000257170031546, -0.000659131794237, 0.000327618967276, -0.000109712615085, -0.000668079941534, 0.000385349121643, -0.000801875663456], [0.00077154423343, 0.00249132351018, 0.000851844670251, -8.87810529093e-05, -0.00046656341874, 5.47337767784e-05, -0.000692352943588, -0.0010677149985, 0.000405620143283, 0.000378271302907, -0.00117454631254, 0.000821702880785, -0.000527485681232], [0.000467043719254, 0.000851844670251, 0.0041292514652, -0.000251391844358, -0.000168592378031, -0.00196449295618, 0.000406466890126, 3.36427292496e-05, -0.000576117134187, 0.000398795469664, 0.000155356319738, -0.000601129489951, 0.000697817886248], [0.000399821816245, -8.87810529093e-05, -0.000251391844358, 0.00730793224648, -0.00223889364861, 5.27763331775e-05, 9.21891551116e-05, 0.000715029134881, -0.00167565816082, 0.000312982243486, 0.00113121210597, -0.000179306356586, -0.000467908917926], [-0.000357794080628, -0.00046656341874, -0.000168592378031, -0.00223889364861, 0.00663323234767, 0.000958954624366, 0.000856465077959, -0.000426880520536, -0.00168701296207, -0.00113638304174, 0.00235699769109, -0.000843287678435, -0.000629584188573], [0.000451261381386, 5.47337767784e-05, -0.00196449295618, 5.27763331775e-05, 0.000958954624366, 0.00824803486466, -0.000780659203883, -0.000456338282675, 0.000418698124122, 0.00126192893367, -0.000999953132123, 0.000593377335463, 0.000690519227646], [0.000257170031546, -0.000692352943588, 0.000406466890126, 9.21891551116e-05, 0.000856465077959, -0.000780659203883, 0.00563236931339, -0.000440605683252, -0.000130287531647, -0.00126683281269, 0.000117961513752, -0.00145521445666, 0.000877473910805], [-0.000659131794237, -0.0010677149985, 3.36427292496e-05, 0.000715029134881, -0.000426880520536, -0.000456338282675, -0.000440605683252, 0.00910650659353, -0.000566543196328, -0.000891436939128, 0.000487405690365, -0.000261341920123, -0.000891576346476], [0.000327618967276, 0.000405620143283, -0.000576117134187, -0.00167565816082, -0.00168701296207, 0.000418698124122, -0.000130287531647, -0.000566543196328, 0.0108881276101, -0.000259508204181, 0.000949450070038, -0.00135770672932, 0.0018529392546], [-0.000109712615085, 0.000378271302907, 0.000398795469664, 0.000312982243486, -0.00113638304174, 0.00126192893367, -0.00126683281269, -0.000891436939128, -0.000259508204181, 0.0118536483496, -0.00400639185682, 0.00217280932702, -0.00163384270854], [-0.000668079941534, -0.00117454631254, 0.000155356319738, 0.00113121210597, 0.00235699769109, -0.000999953132123, 0.000117961513752, 0.000487405690365, 0.000949450070038, -0.00400639185682, 0.0125805474818, -0.00237542577088, 0.00252767419443], [0.000385349121643, 0.000821702880785, -0.000601129489951, -0.000179306356586, -0.000843287678435, 0.000593377335463, -0.00145521445666, -0.000261341920123, -0.00135770672932, 0.00217280932702, -0.00237542577088, 0.012268230319, -0.00393763463944], [-0.000801875663456, -0.000527485681232, 0.000697817886248, -0.000467908917926, -0.000629584188573, 0.000690519227646, 0.000877473910805, -0.000891576346476, 0.0018529392546, -0.00163384270854, 0.00252767419443, -0.00393763463944, 0.0123891485855]]
    },
    "spectral_contrast_coeffs": {
        "max": [-0.503389000893, -0.496286034584, -0.471734046936, -0.552162706852, -0.548834085464, -0.601538062096],
        "mean": [-0.731617152691, -0.71992123127, -0.69765740633, -0.741056740284, -0.734787464142, -0.737986862659],
        "min": [-0.891169905663, -0.896930158138, -0.87770318985, -0.877258300781, -0.89137917757, -0.919545054436],
        "stdev": [0.0578316561878, 0.0676311254501, 0.0681777447462, 0.0618012547493, 0.0669224187732, 0.039383482188]
    },
    "spectral_contrast_valleys": {
        "max": [-5.00150156021, -4.94454336166, -5.76112413406, -6.23433828354, -6.36744832993, -8.03581142426],
        "mean": [-6.52844285965, -6.51391601562, -7.41226959229, -7.68520545959, -7.9466176033, -10.1180686951],
        "min": [-8.53989219666, -8.78057575226, -9.15787792206, -9.29010391235, -9.48986816406, -12.5206565857],
        "stdev": [0.507595181465, 0.548544943333, 0.561136424541, 0.500060677528, 0.480345010757, 0.635402500629]
    }
},
"rhythm": {
    "beats_count": 83,
    "beats_loudness": {
        "max": 0.158053308725,
        "mean": 0.0444284304976,
        "min": 0.00672080833465,
        "stdev": 0.0298239216208
    },
    "bpm": 150.384597778,
    "bpm_histogram_first_peak_bpm": 152,
    "bpm_histogram_first_peak_weight": 0.452830195427,
    "bpm_histogram_second_peak_bpm": 172,
    "bpm_histogram_second_peak_spread": 0,
    "bpm_histogram_second_peak_weight": 0.146341457963,
    "danceability": 1.04876184464,
    "onset_rate": 2.70703101158,
    "beats_loudness_band_ratio": {
        "max": [0.931528925896, 0.415589570999, 0.582655966282, 0.629775345325, 0.382167190313, 0.547545671463],
        "mean": [0.458567231894, 0.0869623050094, 0.219969376922, 0.129894927144, 0.0709156021476, 0.0595819987357],
        "min": [0.0537800006568, 0.00726892286912, 0.0177953038365, 0.00877129845321, 0.00368598429486, 0.00140717590693],
        "stdev": [0.239921987057, 0.087861597538, 0.15539175272, 0.122661143541, 0.0837454870343, 0.0850044414401]
    },
