{
"metadata": {
    "version": {
        "essentia": "2.1-beta5",
        "essentia_git_sha": "Undefined",
        "extractor": "music 2.0"
    },
    "audio_properties": {
        "analysis": {
            "equal_loudness": 0,
            "length": 12.7477550507,
            "sample_rate": 44100,
            "start_time": 0,
            "downmix": "mix"
        },
        "bit_rate": 192000,
        "length": 198.925354004,
        "lossless": 0,
        "number_channels": 2,
        "replay_gain": 9.15963554382,
        "sample_rate": 48000,
        "codec": "mp3",
        "md5_encoded": "7a5513ea6b1b9d3d3afb469bd8fc64d5"
    },
    "tags": {
        "file_name": "Estonia_Et Uus Saaks Alguse_Birgit.mp3",
        "encoding": ["Lavf58.29.100"]
    }
},
"lowlevel": {
    "average_loudness": 0.531108140945,
    "barkbands_crest": {
        "max": 23.9969425201,
        "mean": 10.933719635,
        "min": 2.38910794258,
        "stdev": 4.30756616592
    },
    "barkbands_flatness_db": {
        "max": 0.309404492378,
        "mean": 0.164267987013,
        "min": 0.0214164312929,
        "stdev": 0.0512305498123
    },
    "barkbands_kurtosis": {
        "max": 61.4052429199,
        "mean": 3.37815856934,
        "min": -1.78330528736,
        "stdev": 6.10704469681
    },
    "barkbands_skewness": {
        "max": 7.23415708542,
        "mean": 1.15770602226,
        "min": -1.44611251354,
        "stdev": 1.11107850075
    },
    "barkbands_spread": {
        "max": 91.4433059692,
        "mean": 15.744468689,
        "min": 2.22357988358,
        "stdev": 9.46530246735
    },
    "dissonance": {
        "max": 0.499875962734,
        "mean": 0.470374584198,
        "min": 0.328036487103,
        "stdev": 0.0303110908717
    },
    "dynamic_complexity": 3.17977166176,
    "erbbands_crest": {
        "max": 30.5563011169,
        "mean": 11.7468748093,
        "min": 2.62514328957,
        "stdev": 5.98337078094
    },
    "erbbands_flatness_db": {
        "max": 0.381797164679,
        "mean": 0.214922964573,
        "min": 0.0757568925619,
        "stdev": 0.0615389421582
    },
    "erbbands_kurtosis": {
        "max": 19.1544361115,
        "mean": 1.52401077747,
        "min": -1.3814804554,
        "stdev": 2.25332260132
    },
    "erbbands_skewness": {
        "max": 3.75409078598,
        "mean": 0.716949462891,
        "min": -1.21424603462,
        "stdev": 0.590517699718
    },
    "erbbands_spread": {
        "max": 69.6358566284,
        "mean": 22.2512893677,
        "min": 3.43547677994,
        "stdev": 11.8203954697
    },
    "hfc": {
        "max": 281.465332031,
        "mean": 17.7048377991,
        "min": 0.000500302645378,
        "stdev": 19.5796089172
    },
    "loudness_ebu128": {
        "integrated": -31.9943084717,
        "loudness_range": 6.29673957825,
        "momentary": {
            "max": -27.5322666168,
            "mean": -33.0286521912,
            "min": -41.0361328125,
            "stdev": 3.27031946182
        },
        "short_term": {
            "max": -30.2367305756,
            "mean": -32.7973480225,
            "min": -37.6012115479,
            "stdev": 2.38777852058
        }
    },
    "melbands_crest": {
        "max": 37.4622802734,
        "mean": 15.0324754715,
        "min": 4.30164909363,
        "stdev": 6.55758523941
    },
    "melbands_flatness_db": {
        "max": 0.373838156462,
        "mean": 0.189018025994,
        "min": 0.0438381843269,
        "stdev": 0.0539167448878
    },
    "melbands_kurtosis": {
        "max": 139.821868896,
        "mean": 6.61920642853,
        "min": -1.01142287254,
        "stdev": 12.1211967468
    },
    "melbands_skewness": {
        "max": 10.78120327,
        "mean": 1.48288440704,
        "min": -0.840265035629,
        "stdev": 1.47683596611
    },
    "melbands_spread": {
        "max": 103.688186646,
        "mean": 20.833732605,
        "min": 2.01136875153,
        "stdev": 11.5452489853
    },
    "pitch_salience": {
        "max": 0.829785943031,
        "mean": 0.540960609913,
        "min": 0.106001406908,
        "stdev": 0.127246409655
    },
    "silence_rate_20dB": {
        "max": 1,
        "mean": 0.992727279663,
        "min": 0,
        "stdev": 0.084969766438
    },
    "silence_rate_30dB": {
        "max": 1,
        "mean": 0.932727277279,
        "min": 0,
        "stdev": 0.25049200654
    },
    "silence_rate_60dB": {
        "max": 1,
        "mean": 0.0818181782961,
        "min": 0,
        "stdev": 0.274087905884
    },
    "spectral_centroid": {
        "max": 3348.49853516,
        "mean": 1297.34619141,
        "min": 549.749694824,
        "stdev": 410.811340332
    },
    "spectral_complexity": {
        "max": 51,
        "mean": 19.4036369324,
        "min": 0,
        "stdev": 8.56317329407
    },
    "spectral_decrease": {
        "max": -1.73710567144e-14,
        "mean": -9.15010112124e-09,
        "min": -1.66526859857e-07,
        "stdev": 1.4487428146e-08
    },
    "spectral_energy": {
        "max": 0.631216228008,
        "mean": 0.0361404679716,
        "min": 1.10941407172e-07,
        "stdev": 0.0553586557508
    },
    "spectral_energyband_high": {
        "max": 0.0297835282981,
        "mean": 0.000428457948146,
        "min": 4.80274913173e-08,
        "stdev": 0.00144902279135
    },
    "spectral_energyband_low": {
        "max": 0.490339845419,
        "mean": 0.0151345254853,
        "min": 1.4529482506e-08,
        "stdev": 0.0420346446335
    },
    "spectral_energyband_middle_high": {
        "max": 0.102955505252,
        "mean": 0.00855850242078,
        "min": 3.11081898019e-08,
        "stdev": 0.0118815405294
    },
    "spectral_energyband_middle_low": {
        "max": 0.0837635621428,
        "mean": 0.00915550533682,
        "min": 1.56983457344e-08,
        "stdev": 0.00980278477073
    },
    "spectral_entropy": {
        "max": 8.61733722687,
        "mean": 7.58931922913,
        "min": 6.43501329422,
        "stdev": 0.39419823885
    },
    "spectral_flux": {
        "max": 0.473498374224,
        "mean": 0.0866919159889,
        "min": 0.000333078671247,
        "stdev": 0.068892210722
    },
    "spectral_kurtosis": {
        "max": 22.9880275726,
        "mean": 4.52526187897,
        "min": 0.180243253708,
        "stdev": 2.64752388
    },
    "spectral_rms": {
        "max": 0.0248157344759,
        "mean": 0.00501017924398,
        "min": 1.0403629858e-05,
        "stdev": 0.00318702147342
    },
    "spectral_rolloff": {
        "max": 10228.2714844,
        "mean": 1227.19458008,
        "min": 21.533203125,
        "stdev": 837.188476562
    },
    "spectral_skewness": {
        "max": 4.03744411469,
        "mean": 1.57140231133,
        "min": 0.411196827888,
        "stdev": 0.335660785437
    },
    "spectral_spread": {
        "max": 8754446,
        "mean": 3588142.5,
        "min": 2063751.625,
        "stdev": 914992.3125
    },
    "spectral_strongpeak": {
        "max": 11.5806503296,
        "mean": 1.3249951601,
        "min": 0,
        "stdev": 1.74476110935
    },
    "zerocrossingrate": {
        "max": 0.1982421875,
        "mean": 0.051391158253,
        "min": 0.0048828125,
        "stdev": 0.020787037909
    },
    "barkbands": {
        "max": [0.53379046917, 0.205753028393, 0.025303946808, 0.0282957851887, 0.0593039393425, 0.010857546702, 0.0150393052027, 0.00691767688841, 0.0121351489797, 0.0967517793179, 0.0219470281154, 0.00311912968755, 0.00218242499977, 0.0264178458601, 0.0166981294751, 0.00216881860979, 0.00131219718605, 0.00166894646827, 0.00398596655577, 0.00224302965216, 0.00197076098993, 0.00363424513489, 0.00572466570884, 0.00903036817908, 0.00487578799948, 0.00320861744694, 4.3868276407e-06],
        "mean": [0.00962787680328, 0.00774012552574, 0.00112071551848, 0.000959191005677, 0.0026631494984, 0.000825075083412, 0.000964572944213, 0.000764855532907, 0.0019042264903, 0.00540256407112, 0.00069361977512, 0.000363540340913, 0.0004235029337, 0.000687296618707, 0.000745564117096, 0.000274860154605, 0.00020236200362, 0.000148794410052, 0.000138170420541, 0.000133119247039, 0.000117341522127, 7.15382775525e-05, 6.65586121613e-05, 5.34753671673e-05, 3.09186580125e-05, 1.7475700588e-05, 1.47802676764e-08],
        "min": [5.3672684075e-09, 9.35505539701e-09, 1.77208969721e-09, 4.95189111938e-10, 3.34796879109e-09, 7.02110758422e-10, 3.2043970255e-10, 5.71315394993e-09, 4.24644319708e-09, 4.30748992031e-09, 3.74936881542e-09, 3.84831055911e-09, 2.77990586106e-09, 2.70616218323e-09, 1.6014707338e-09, 3.67445363025e-09, 1.30424038236e-09, 2.40074493618e-09, 2.26033036732e-09, 4.22053458848e-09, 4.56969928564e-09, 8.0764301913e-09, 5.31335642151e-09, 1.0101749659e-08, 8.53250536892e-09, 8.63215610103e-10, 1.17552789725e-09],
        "stdev": [0.0366938859224, 0.0209803562611, 0.0029416710604, 0.00215026619844, 0.005675137043, 0.00133156706579, 0.00187423056923, 0.000986617640592, 0.00208580400795, 0.0110315959901, 0.00158320227638, 0.00036945156171, 0.000329138099914, 0.00140289030969, 0.00123690650798, 0.000289413816063, 0.000214022802538, 0.000192124643945, 0.000261637935182, 0.000195298096514, 0.000191517639905, 0.00019726161554, 0.000285580201307, 0.000412502762629, 0.000232355901971, 0.000162091339007, 1.90165422964e-07]
    },
    "erbbands": {
        "max": [14.4296684265, 34.6039581299, 23.616727829, 54.3321151733, 104.334205627, 347.784240723, 145.717269897, 108.253349304, 146.064788818, 200.742675781, 186.071014404, 301.136901855, 2922.09936523, 3771.29296875, 330.142425537, 117.918579102, 94.2606430054, 1296.10229492, 495.029693604, 687.740722656, 133.695251465, 75.9592590332, 118.900848389, 147.176254272, 160.969284058, 98.1376342773, 86.8522796631, 74.0038223267, 92.0047149658, 185.525787354, 139.55480957, 213.46270752, 119.703674316, 63.0649375916, 28.2217197418, 18.2790756226, 5.52989435196, 0.174568504095, 0.00487285293639, 0.000680600292981],
        "mean": [0.437215954065, 1.01538550854, 1.33341133595, 2.29830598831, 4.79562091827, 11.7179508209, 7.26548194885, 7.89031982422, 13.6936302185, 15.3003158569, 15.9008026123, 41.1453285217, 95.6520080566, 168.819793701, 28.439994812, 15.0578708649, 19.6177940369, 33.4917144775, 40.1615486145, 27.2479476929, 14.8426876068, 10.8960638046, 8.86007595062, 6.40797281265, 7.22689628601, 6.39029359818, 5.62642288208, 3.69418430328, 2.5813100338, 2.44501495361, 1.76178216934, 1.30825793743, 0.747084438801, 0.414107710123, 0.183835789561, 0.112181201577, 0.0228688362986, 0.000709387415554, 4.10046122852e-05, 4.33336754213e-05],
        "min": [4.19697983034e-07, 1.54214387749e-06, 2.3024526854e-06, 1.86434533589e-06, 1.01770183392e-05, 9.14126940188e-06, 3.16515911436e-06, 5.75023977945e-06, 7.18207593309e-06, 1.74568031071e-05, 0.000170858096681, 9.5152790891e-05, 8.5944935563e-05, 0.000193966290681, 0.000162809737958, 0.000154466280947, 0.000136752103572, 6.76905765431e-05, 0.000137770170113, 0.000118713534903, 0.000213940846152, 7.56059089326e-05, 7.90485282778e-05, 0.0001319120056, 0.000147556740558, 0.000218357308768, 9.92159330053e-05, 0.000243107191636, 0.000273592217127, 0.000209051708225, 0.000190602717339, 0.000177233596332, 0.000188738238649, 7.68089594203e-05, 7.25844438421e-05, 1.54668541654e-05, 4.85738155476e-06, 1.1324332263e-06, 2.37256983837e-07, 1.40214817534e-08],
        "stdev": [1.24810516834, 2.98668885231, 3.18467593193, 5.35650491714, 8.93853187561, 30.2700157166, 14.1586589813, 13.5634670258, 25.2401313782, 26.3976078033, 20.4163608551, 46.7464332581, 160.351669312, 400.117401123, 34.6480293274, 14.0751914978, 14.9220600128, 67.0290985107, 54.4729728699, 46.1394195557, 15.6909389496, 10.9448308945, 11.4503059387, 11.0253477097, 12.1098022461, 9.09752082825, 9.05816268921, 6.434653759, 5.94630479813, 9.34154987335, 7.37433052063, 9.70610809326, 5.54997301102, 2.99918723106, 1.38672220707, 0.984647929668, 0.248669937253, 0.00789383333176, 0.000226391901379, 6.48258501315e-05]
    },
    "gfcc": {
        "mean": [-32.2202949524, 107.419380188, -168.217910767, 22.1836605072, -74.1666870117, 20.8331336975, -28.5532855988, 3.24374008179, -15.0750303268, -11.3708286285, -13.0760583878, -16.9784049988, 6.60919618607],
        "cov": [[3993.87304688, 157.708618164, 1344.41516113, 748.706176758, 752.452209473, 513.079528809, 117.531272888, 444.058074951, -106.198860168, 280.491821289, -183.387924194, 341.349395752, -15.6076812744], [157.708618164, 1071.49902344, -97.3152999878, 35.5217094421, -91.2365951538, -464.849151611, -100.1720047, -428.946166992, 72.8989868164, -384.56350708, 185.834960938, -122.098602295, 218.770050049], [1344.41516113, -97.3152999878, 1031.59716797, 457.011627197, 465.550231934, 393.624389648, 37.2852096558, 304.378326416, -118.459014893, 265.632141113, -96.0713195801, 250.475784302, -37.082359314], [748.706176758, 35.5217094421, 457.011627197, 465.423065186, 287.266296387, 329.644683838, 82.4926376343, 147.086990356, 40.2625732422, 132.439178467, 38.9678840637, 78.1433410645, 48.1153526306], [752.452209473, -91.2365951538, 465.550231934, 287.266296387, 360.44418335, 322.389343262, 105.947738647, 233.618423462, 6.09833574295, 186.426300049, -42.1182556152, 115.817489624, -15.1043338776], [513.079528809, -464.849151611, 393.624389648, 329.644683838, 322.389343262, 611.014099121, 186.938537598, 382.683441162, 43.576789856, 332.100311279, -49.8853378296, 117.313308716, -45.3576126099], [117.531272888, -100.1720047, 37.2852096558, 82.4926376343, 105.947738647, 186.938537598, 154.846908569, 126.042320251, 62.1246070862, 92.4081802368, -4.0664601326, 17.9409236908, 1.45516574383], [444.058074951, -428.946166992, 304.378326416, 147.086990356, 233.618423462, 382.683441162, 126.042320251, 385.939483643, 0.130244135857, 284.088409424, -88.5587081909, 105.324729919, -85.6635818481], [-106.198860168, 72.8989868164, -118.459014893, 40.2625732422, 6.09833574295, 43.576789856, 62.1246070862, 0.130244135857, 122.370689392, -0.0446195341647, 65.3018035889, -38.6647567749, 38.5975837708], [280.491821289, -384.56350708, 265.632141113, 132.439178467, 186.426300049, 332.100311279, 92.4081802368, 284.088409424, -0.0446195341647, 305.99710083, -47.1601638794, 113.327178955, -60.2315444946], [-183.387924194, 185.834960938, -96.0713195801, 38.9678840637, -42.1182556152, -49.8853378296, -4.0664601326, -88.5587081909, 65.3018035889, -47.1601638794, 127.016197205, -30.8627300262, 77.2423858643], [341.349395752, -122.098602295, 250.475784302, 78.1433410645, 115.817489624, 117.313308716, 17.9409236908, 105.324729919, -38.6647567749, 113.327178955, -30.8627300262, 124.952552795, -14.8704080582], [-15.6076812744, 218.770050049, -37.082359314, 48.1153526306, -15.1043338776, -45.3576126099, 1.45516574383, -85.6635818481, 38.5975837708, -60.2315444946, 77.2423858643, -14.8704080582, 119.506576538]],
        "icov": [[0.000655935145915, -0.000668144668452, 0.000119901837024, -0.000840871362016, -0.000215186417336, 0.000104866419861, 0.000131142442115, -0.000733371591195, 0.000103327671241, 0.000184966134839, 0.00131082895678, -0.00124384986702, 0.000227681099204], [-0.000668144668452, 0.00690082414076, -0.00291674095206, 0.000719931966159, -0.00274001061916, 0.00473320577294, -0.00157928047702, 0.00268057105131, -0.00323704490438, 0.00250055454671, -0.00371455564164, 0.00522617995739, -0.0051671131514], [0.000119901837024, -0.00291674095206, 0.00724179903045, -0.00394701305777, -0.00255291908979, -0.00107013864908, 0.00246776663698, -0.0020113887731, 0.00518033374101, -0.00105422874913, 0.00228205742314, -0.00710217282176, 0.00242747366428], [-0.000840871362016, 0.000719931966159, -0.00394701305777, 0.0106057841331, -0.00194759794977, -0.00490509765223, 0.00082102563465, 0.00275201001205, -0.00206162175164, 0.00120840512682, -0.00538431154564, 0.00498760584742, -0.00169208296575], [-0.000215186417336, -0.00274001061916, -0.00255291908979, -0.00194759794977, 0.0138691365719, -0.00275825709105, -0.00256012403406, -0.00254198769107, -0.00163954682648, -0.000841901928652, 0.00285829463974, -0.00232540001161, 0.00186326890253], [0.000104866419861, 0.00473320577294, -0.00107013864908, -0.00490509765223, -0.00275825709105, 0.0131140174344, -0.00454087089747, -0.00195888895541, -0.00216916180216, -0.00236532697454, -4.98360204801e-05, 0.00310826511122, -0.00380088551901], [0.000131142442115, -0.00157928047702, 0.00246776663698, 0.00082102563465, -0.00256012403406, -0.00454087089747, 0.0156685113907, -0.00270305643789, -0.00509322155267, 0.000803310540505, 0.00309723825194, -0.00236469414085, -0.00107830390334], [-0.000733371591195, 0.00268057105131, -0.0020113887731, 0.00275201001205, -0.00254198769107, -0.00195888895541, -0.00270305643789, 0.0151513004676, -0.00243618176319, -0.00614663632587, 0.00109764433, 0.00390434730798, 0.000559053267352], [0.000103327671241, -0.00323704490438, 0.00518033374101, -0.00206162175164, -0.00163954682648, -0.00216916180216, -0.00509322155267, -0.00243618176319, 0.0227078069001, -0.00152398087084, -0.00735539523885, 0.000678084034007, 0.00239833211526], [0.000184966134839, 0.00250055454671, -0.00105422874913, 0.00120840512682, -0.000841901928652, -0.00236532697454, 0.000803310540505, -0.00614663632587, -0.00152398087084, 0.0164174102247, -0.00456663453951, -0.0050915023312, 0.00029775389703], [0.00131082895678, -0.00371455564164, 0.00228205742314, -0.00538431154564, 0.00285829463974, -4.98360204801e-05, 0.00309723825194, 0.00109764433, -0.00735539523885, -0.00456663453951, 0.0245567299426, -0.00511333625764, -0.00549588771537], [-0.00124384986702, 0.00522617995739, -0.00710217282176, 0.00498760584742, -0.00232540001161, 0.00310826511122, -0.00236469414085, 0.00390434730798, 0.000678084034007, -0.0050915023312, -0.00511333625764, 0.0267159976065, -0.00638397596776], [0.000227681099204, -0.0051671131514, 0.00242747366428, -0.00169208296575, 0.00186326890253, -0.00380088551901, -0.00107830390334, 0.000559053267352, 0.00239833211526, 0.00029775389703, -0.00549588771537, -0.00638397596776, 0.020631050691]]
    },
    "melbands": {
        "max": [0.119822725654, 0.0196875147521, 0.00985556188971, 0.0127920629457, 0.00757385231555, 0.00240172352642, 0.00253667356446, 0.00186504691374, 0.00178752024658, 0.00205779611133, 0.0145178055391, 0.0164697803557, 0.0015897648409, 0.000360083504347, 0.000241632864345, 0.000296153797535, 0.00297052483074, 0.000969783577602, 0.00187337608077, 0.000122389319586, 0.00017469987506, 8.44885071274e-05, 0.000153143017087, 8.81089799805e-05, 0.000115172937512, 0.000182385396329, 0.000141575786984, 7.11253014742e-05, 5.72254793951e-05, 4.38645147369e-05, 4.50005027233e-05, 3.88918597309e-05, 0.000103650781966, 9.54302449827e-05, 6.77290954627e-05, 0.000112865600386, 0.000155262416229, 0.000119091659144, 3.02696480503e-05, 6.31634538877e-05],
        "mean": [0.0035970362369, 0.000868510163855, 0.000481807044707, 0.000554303580429, 0.000355495489202, 0.000169391118106, 0.000212586528505, 0.000169901453773, 0.000133779307362, 0.000286457769107, 0.000485047057737, 0.000729377206881, 9.088961815e-05, 4.53068823845e-05, 3.66618842236e-05, 4.58650538349e-05, 6.43915336695e-05, 6.31185539532e-05, 5.34286264156e-05, 2.26760948863e-05, 1.64473422046e-05, 1.20661443361e-05, 9.14371867111e-06, 6.38807387077e-06, 4.93098741572e-06, 5.48645266463e-06, 4.80263270219e-06, 4.0879754124e-06, 3.68367454939e-06, 2.72456827588e-06, 1.93646019397e-06, 1.39987662351e-06, 1.44140096836e-06, 1.30316345803e-06, 1.06722177406e-06, 8.32645071114e-07, 8.26978464374e-07, 6.10839322235e-07, 3.53991310931e-07, 3.51170683643e-07],
        "min": [3.41448602725e-09, 1.42135148096e-09, 5.51338086296e-10, 8.35540803212e-10, 1.26727253691e-10, 1.44070824715e-10, 9.15920325695e-11, 3.2487582069e-10, 1.43105116646e-09, 5.36211297586e-10, 4.10471351353e-10, 7.72617525513e-10, 4.99354335659e-10, 5.38717848109e-10, 3.6279521054e-10, 1.70764680174e-10, 1.35819550051e-10, 2.70940492264e-10, 1.03512351468e-10, 1.97331345708e-10, 2.78076867088e-10, 8.18326933993e-11, 4.83927516115e-11, 1.10852223234e-10, 1.03633629456e-10, 1.05610624412e-10, 1.46266027068e-10, 1.36345087998e-10, 4.86728539417e-11, 9.51248940728e-11, 1.43676737174e-10, 1.36999384059e-10, 1.87252324757e-10, 7.643744665e-11, 1.00862158903e-10, 1.06317586679e-10, 1.1654409382e-10, 1.71709368946e-10, 6.08479586162e-11, 6.56347962091e-11],
        "stdev": [0.0102890115231, 0.00216539669782, 0.000951934896875, 0.0011701870244, 0.000787384167779, 0.000288690876914, 0.000396119168727, 0.000276554113952, 0.00017754806322, 0.000327424902935, 0.000810633879155, 0.00174309953582, 0.000138154267916, 4.52054227935e-05, 3.37779601978e-05, 3.61450656783e-05, 0.000152207590872, 9.78166863206e-05, 0.00012264578254, 2.26772172027e-05, 1.95024404093e-05, 1.25366095745e-05, 1.34518959385e-05, 9.21858645597e-06, 8.85999816091e-06, 1.20591976156e-05, 8.28846623335e-06, 6.15283988736e-06, 5.96677728026e-06, 4.54924111182e-06, 3.66921062778e-06, 3.09200299853e-06, 5.26660551259e-06, 4.97486098539e-06, 4.09695167036e-06, 5.16734417033e-06, 6.98889971318e-06, 5.420513844e-06, 1.66631900811e-06, 2.9229190659e-06]
    },
    "melbands128": {
        "max": [0.323058664799, 0.176428675652, 0.0901543796062, 0.0451614409685, 0.0132505875081, 0.0138759212568, 0.0110095189884, 0.0143875833601, 0.0118883214891, 0.00976009014994, 0.0265998914838, 0.0133945029229, 0.00332682393491, 0.00301361666061, 0.00275419070385, 0.00296820187941, 0.00317369611003, 0.00408925907686, 0.00595203693956, 0.00280582718551, 0.0024547430221, 0.0018616640009, 0.00314098852687, 0.00207088957541, 0.00262838671915, 0.0037471561227, 0.0104743642733, 0.0274039208889, 0.00596557883546, 0.030649356544, 0.0161306634545, 0.00492259860039, 0.000809542019852, 0.00103279424366, 0.000609525712207, 0.000279432017123, 0.000433677632827, 0.000325877452269, 0.000361964310287, 0.000310835952405, 0.000444903911557, 0.000570819887798, 0.00257036904804, 0.00643543014303, 0.000745711440686, 0.00221093324944, 0.000922106090002, 0.00318201212212, 0.00195658649318, 0.000335863267537, 0.000140967575135, 0.000172981497599, 0.000219216351979, 0.00022372053354, 0.000190755585209, 0.000120946962852, 9.98987597995e-05, 0.000238331194851, 0.000179136492079, 0.000302312924759, 0.000112978610559, 0.000104586637462, 0.000108899912448, 0.000173086824361, 0.000220740126679, 0.000284369074507, 0.000111518551421, 8.34241945995e-05, 0.000327136367559, 6.31680668448e-05, 9.56019357545e-05, 9.83235368039e-05, 5.92163487454e-05, 9.13797193789e-05, 9.86709565041e-05, 5.62032291782e-05, 3.61621569027e-05, 6.04296292295e-05, 4.96944448969e-05, 5.17956468684e-05, 3.28604946844e-05, 6.00157654844e-05, 4.18138079112e-05, 0.000124259342556, 0.000141799668199, 0.000118271003885, 6.84271435603e-05, 8.00785564934e-05, 9.3255948741e-05, 3.18059464917e-05, 0.000150425752508, 0.000125018224935, 8.81754240254e-05, 8.5128347564e-05, 0.00025927927345, 0.000258967891568, 3.72615286324e-05, 1.9426095605e-05, 2.40649023908e-05, 4.27161612606e-05, 3.80401324946e-05, 9.18329169508e-05, 5.88572547713e-05, 2.93856082862e-05, 7.45318129702e-06, 4.66473429697e-05, 2.8558422855e-05, 4.36552945757e-05, 3.49985712091e-05, 2.75314414466e-05, 1.70459115907e-05, 4.02878722525e-05, 1.81771720236e-05, 1.34734216317e-06, 5.87690522025e-07, 6.96210122442e-07, 2.11792382743e-07, 2.03154328915e-08, 2.00628935687e-08, 1.9399283957e-08, 1.90814741785e-08, 1.86098318977e-08, 1.81922725773e-08, 1.80100485636e-08, 1.74621703763e-08, 1.73182694851e-08, 1.72325034242e-08, 1.71309686436e-08],
        "mean": [0.00589278154075, 0.00462952116504, 0.00276694819331, 0.00137635797728, 0.000726441154256, 0.000544950016774, 0.00041830126429, 0.000536651990842, 0.00047667537001, 0.000393316324335, 0.000795180501882, 0.000593553646468, 0.000174696207978, 0.000152988621267, 0.000192567196791, 0.000165293517057, 0.000162226933753, 0.000279554195004, 0.000204907599255, 0.000141012787935, 0.000198127643671, 0.000102769430669, 0.000127776540467, 0.000138919946039, 0.000245873088716, 0.000315228680847, 0.000455339119071, 0.000481002265587, 0.000364312058082, 0.00125258730259, 0.000668028311338, 0.000110111999675, 6.29580099485e-05, 7.59850954637e-05, 4.8560956202e-05, 3.64075167454e-05, 3.60776284651e-05, 3.54239818989e-05, 3.67539760191e-05, 4.4775839342e-05, 4.82846517116e-05, 4.56453781226e-05, 6.90423548804e-05, 7.62369600125e-05, 5.00011010445e-05, 6.85116028762e-05, 6.75315095577e-05, 6.12681978964e-05, 4.30182517448e-05, 2.90030820906e-05, 2.03841773327e-05, 1.72598065546e-05, 1.61801490322e-05, 1.60092731676e-05, 1.6915559172e-05, 1.26015993374e-05, 6.49112917017e-06, 1.00014758573e-05, 8.81595587998e-06, 9.56751227932e-06, 5.80921050641e-06, 4.9491873142e-06, 5.03221917825e-06, 4.50545394415e-06, 5.46247247257e-06, 5.71634109292e-06, 5.55879660169e-06, 4.83142366647e-06, 4.95677159051e-06, 4.19613252234e-06, 3.98222800868e-06, 4.46000831289e-06, 3.30969237439e-06, 3.82864618587e-06, 3.62863761438e-06, 2.84174666376e-06, 2.21903451347e-06, 2.27905411521e-06, 2.06085155696e-06, 1.42698593208e-06, 1.2953132682e-06, 1.55202735641e-06, 1.27521877857e-06, 1.44839577843e-06, 1.54987787937e-06, 1.37277595513e-06, 1.25284407204e-06, 1.08360916329e-06, 1.25151268549e-06, 7.64826040722e-07, 9.75914986157e-07, 8.14202394395e-07, 7.1814582725e-07, 6.60306682221e-07, 1.07958271656e-06, 9.26481618535e-07, 3.8384436607e-07, 3.5736846371e-07, 3.28427148588e-07, 4.08776259064e-07, 3.10215625632e-07, 4.07485373444e-07, 2.99664407066e-07, 1.99946057933e-07, 1.30023138922e-07, 2.14178683677e-07, 2.00470481104e-07, 3.21898539823e-07, 1.93247487346e-07, 1.41528460063e-07, 9.85354802197e-08, 1.51086226197e-07, 6.19263502699e-08, 5.47860468103e-09, 2.76667777577e-09, 2.67702149337e-09, 6.4401795008e-10, 4.94376727056e-11, 4.96889647483e-11, 4.76867746679e-11, 4.62462707018e-11, 4.52904762305e-11, 4.46883398342e-11, 4.3752969997e-11, 4.08605441149e-11, 3.71673733457e-11, 3.51983373004e-11, 3.47386008848e-11],
        "min": [1.56441160026e-09, 3.54888962661e-09, 3.4591640663e-09, 2.29982211053e-09, 1.39094002982e-09, 7.73790420627e-10, 2.8864194368e-10, 2.90974994099e-10, 1.19448517744e-09, 1.23020915677e-09, 3.55493717796e-10, 9.18746329015e-11, 7.07926287036e-11, 1.53056040064e-10, 9.01432192779e-11, 1.77073397611e-10, 2.12568060376e-10, 3.04802016959e-11, 8.6483207748e-12, 5.4273044392e-11, 3.64272972897e-10, 1.42022260619e-09, 1.9713028987e-09, 9.98255589302e-10, 4.65205318712e-10, 4.11159079006e-10, 4.06316758017e-10, 4.08436395816e-10, 3.41705636009e-10, 8.02683364221e-10, 1.05409136975e-09, 4.87882234612e-10, 3.69906438813e-10, 5.67866587087e-10, 6.27244700624e-10, 6.26930951597e-10, 2.34038871616e-10, 2.13150275208e-10, 6.40762609638e-10, 2.90858476193e-10, 1.46315095456e-11, 4.65943117423e-11, 8.79590011937e-11, 9.2858769285e-11, 5.48815548562e-10, 2.35293284856e-10, 8.86212353501e-11, 6.82314205136e-11, 1.26352442398e-10, 1.66960306691e-10, 2.50470838514e-10, 1.58015128759e-10, 2.98487345951e-10, 3.70484698475e-10, 1.2782853942e-10, 6.07046149459e-11, 1.96701092914e-11, 4.39584861567e-11, 6.58548285348e-11, 4.13656366105e-11, 4.08457781487e-11, 2.89181179003e-10, 8.20742224183e-11, 3.57713789145e-11, 1.42685224747e-10, 9.93828491724e-11, 1.09612305343e-10, 5.85498802219e-11, 1.31386790336e-10, 3.44151512843e-10, 8.3887841118e-11, 9.00323426922e-11, 5.30925754749e-11, 3.61460757159e-11, 3.63423284522e-11, 9.41763958484e-11, 7.55327744795e-11, 2.38793124163e-10, 1.42899442279e-10, 6.62348231817e-11, 1.05622670332e-10, 2.27245652851e-10, 1.08861107628e-10, 2.10571587944e-10, 2.4254245834e-10, 4.66906305285e-11, 3.7984646678e-11, 6.66475416522e-11, 7.40589950476e-11, 1.58893162516e-10, 1.56089488557e-10, 6.38191999247e-11, 8.03971542118e-11, 5.96817317788e-11, 2.2455678983e-10, 1.3652806663e-10, 2.6164753697e-10, 4.23770289693e-11, 5.79255567124e-11, 5.93227481027e-11, 3.253970704e-11, 1.24636525059e-11, 5.86893077539e-12, 7.21134220047e-12, 4.29159962775e-12, 5.17057490573e-12, 4.59922551432e-12, 4.52017980337e-12, 3.70460129587e-12, 3.06692084923e-12, 3.35319510873e-12, 3.26290492021e-12, 3.10220685945e-12, 3.00903637944e-12, 3.45463913552e-12, 2.98588129048e-12, 2.97723586236e-12, 3.61202127236e-12, 3.89999317563e-12, 4.19303307353e-12, 3.53026744122e-12, 2.85941149231e-12, 3.31051614073e-12, 2.93033544478e-12, 2.97373627459e-12, 1.06057578084e-12, 1.25082182025e-13, 2.45314061118e-15],
        "stdev": [0.0249194949865, 0.0137982126325, 0.00808601267636, 0.00416999962181, 0.00179726758506, 0.00148319930304, 0.00118608772755, 0.00111933646258, 0.000975909701083, 0.000873833720107, 0.00228033051826, 0.00145883916412, 0.000326859473716, 0.000312053918606, 0.000391940498957, 0.000370111549273, 0.000390849279938, 0.000590168172494, 0.000529349548742, 0.000284497975372, 0.000331116578309, 0.000162657350302, 0.000285951420665, 0.00020278863667, 0.000381787831429, 0.000471399660455, 0.000771719205659, 0.00133914721664, 0.000565296271816, 0.00324408663437, 0.00173636293039, 0.000332065392286, 0.000101504017948, 0.00011373955931, 6.28780471743e-05, 4.78467591165e-05, 4.79581212858e-05, 4.20093128923e-05, 4.05558530474e-05, 4.66365745524e-05, 5.04098243255e-05, 5.51546399947e-05, 0.000143955767271, 0.000326204113662, 7.35727444408e-05, 0.000191152095795, 0.000111849571113, 0.000211299979128, 0.000123214413179, 4.19666357629e-05, 2.42197547777e-05, 2.11194565054e-05, 2.22328144446e-05, 2.38906959567e-05, 2.33194859902e-05, 1.45835847434e-05, 1.02116227936e-05, 2.12752838706e-05, 1.39739531733e-05, 2.05172218557e-05, 9.08568745217e-06, 8.94142431207e-06, 8.48739091452e-06, 9.9309036159e-06, 1.61588395713e-05, 1.93358227989e-05, 9.24946743908e-06, 7.31637874196e-06, 1.57692520588e-05, 6.00733937972e-06, 8.3542381617e-06, 8.52071661939e-06, 5.6749831856e-06, 7.35085677661e-06, 7.92677565187e-06, 5.38469294042e-06, 3.66504718841e-06, 5.03974024468e-06, 4.53846223536e-06, 3.16005275636e-06, 2.76375362773e-06, 4.77321873404e-06, 3.23180711348e-06, 6.2275566961e-06, 7.54960365157e-06, 6.18843387201e-06, 4.68699727207e-06, 4.17327009927e-06, 5.50853064851e-06, 2.42093960878e-06, 6.75172168485e-06, 5.74964406042e-06, 4.27812847192e-06, 3.92971696783e-06, 1.16032360893e-05, 1.13148771561e-05, 2.11617748391e-06, 1.21463745018e-06, 1.41398879805e-06, 2.27095893024e-06, 2.07183325074e-06, 4.09351378039e-06, 2.7457986107e-06, 1.37410268053e-06, 4.57798677189e-07, 2.16198691305e-06, 1.66320683093e-06, 2.63745687334e-06, 1.86675902114e-06, 1.36648702664e-06, 7.96659890057e-07, 1.77706385784e-06, 8.00906320819e-07, 7.05282374724e-08, 3.13576329347e-08, 3.25954339075e-08, 9.23776344308e-09, 8.64989746496e-10, 8.54273873863e-10, 8.2597451101e-10, 8.12469813649e-10, 7.92361398716e-10, 7.7456829839e-10, 7.66827434884e-10, 7.43568817629e-10, 7.37582384058e-10, 7.34005300984e-10, 7.29691251866e-10]
    },
    "mfcc": {
        "mean": [-651.394775391, 123.456291199, -29.3891639709, 0.00306893442757, -14.8229188919, 4.94481897354, -2.03638982773, 3.90124201775, 6.34739255905, 9.35947990417, -6.87663078308, -9.32227039337, -9.5649061203],
        "cov": [[3214.58618164, 210.333129883, 621.433044434, 543.187072754, 585.866149902, 365.915985107, 311.353485107, 304.27142334, 257.912017822, 76.9542694092, 4.54586553574, 99.2479705811, 158.616439819], [210.333129883, 742.331542969, 22.1940860748, 173.482849121, -51.0047569275, -169.59413147, -199.859115601, -124.853126526, -157.34777832, -204.224975586, -236.150054932, -135.840591431, -16.4768714905], [621.433044434, 22.1940860748, 473.684661865, 246.45513916, 310.372314453, 196.157287598, 173.010223389, 99.4501266479, 69.4076538086, 6.01333141327, 28.9720611572, 61.4829750061, 59.4303092957], [543.187072754, 173.482849121, 246.45513916, 267.440490723, 194.237808228, 99.8121948242, 64.8422470093, 44.8952445984, 19.9245681763, -34.6499900818, -27.4835987091, 21.558423996, 34.3796653748], [585.866149902, -51.0047569275, 310.372314453, 194.237808228, 348.767730713, 209.551116943, 199.909332275, 126.538894653, 123.085708618, 63.1703453064, 79.0674819946, 104.611289978, 66.5953521729], [365.915985107, -169.59413147, 196.157287598, 99.8121948242, 209.551116943, 284.659057617, 194.192367554, 133.625366211, 133.131408691, 113.579444885, 120.415512085, 101.049995422, 38.9531440735], [311.353485107, -199.859115601, 173.010223389, 64.8422470093, 199.909332275, 194.192367554, 247.932113647, 134.371932983, 156.515457153, 123.791351318, 126.754058838, 114.561256409, 51.2304763794], [304.27142334, -124.853126526, 99.4501266479, 44.8952445984, 126.538894653, 133.625366211, 134.371932983, 146.892410278, 114.764221191, 86.3388366699, 81.0235595703, 67.469581604, 35.3316726685], [257.912017822, -157.34777832, 69.4076538086, 19.9245681763, 123.085708618, 133.131408691, 156.515457153, 114.764221191, 178.026290894, 119.716300964, 109.261451721, 86.2207107544, 41.8204689026], [76.9542694092, -204.224975586, 6.01333141327, -34.6499900818, 63.1703453064, 113.579444885, 123.791351318, 86.3388366699, 119.716300964, 160.086746216, 124.124519348, 85.030166626, 19.4099159241], [4.54586553574, -236.150054932, 28.9720611572, -27.4835987091, 79.0674819946, 120.415512085, 126.754058838, 81.0235595703, 109.261451721, 124.124519348, 176.631820679, 107.063217163, 24.3162746429], [99.2479705811, -135.840591431, 61.4829750061, 21.558423996, 104.611289978, 101.049995422, 114.561256409, 67.469581604, 86.2207107544, 85.030166626, 107.063217163, 133.222473145, 41.3941345215], [158.616439819, -16.4768714905, 59.4303092957, 34.3796653748, 66.5953521729, 38.9531440735, 51.2304763794, 35.3316726685, 41.8204689026, 19.4099159241, 24.3162746429, 41.3941345215, 58.0990638733]],
        "icov": [[0.000631710456219, -5.1075952797e-05, -6.92467947374e-05, -0.00081406661775, -0.000304860353936, -7.80812479206e-06, 0.000264974631136, -0.000734411180019, -0.000466305296868, -0.000399705808377, 0.000527086784132, 0.00035803677747, -0.000625430955552], [-5.1075952797e-05, 0.00336911459453, 0.000465541874291, -0.00274173100479, -4.12967856391e-05, 0.000643910898361, 0.00129128945991, 0.00068393687252, -0.000566036964301, 0.000528278003912, 0.00232434808277, 0.00011207038915, -0.000519529508892], [-6.92467947374e-05, 0.000465541874291, 0.00712420744821, -0.00295046600513, -0.00369162415154, -0.00113253167365, -0.00253141461872, 0.000197926347028, 0.00195963587612, 0.00172064639628, -0.000106496037915, 0.00165373354685, -0.00123695691582], [-0.00081406661775, -0.00274173100479, -0.00295046600513, 0.0130374971777, -0.00313845649362, -0.00195178866852, 0.000471756997285, 6.70835361234e-05, 0.000519582477864, 0.00229383795522, 0.000215924883378, -0.00179230875801, 0.00124367082026], [-0.000304860353936, -4.12967856391e-05, -0.00369162415154, -0.00313845649362, 0.0126666445285, -0.00157497974578, -0.0029112950433, -0.000610191258602, -0.00135431683157, 0.0010462582577, -0.000206455122679, -0.00272816000506, -0.00141540763434], [-7.80812479206e-06, 0.000643910898361, -0.00113253167365, -0.00195178866852, -0.00157497974578, 0.0106035070494, -0.00240604369901, -0.00261139101349, 0.000317544036079, -0.00241533573717, -0.00175118737388, 0.000174046333996, 0.0021103634499], [0.000264974631136, 0.00129128945991, -0.00253141461872, 0.000471756997285, -0.0029112950433, -0.00240604369901, 0.0181428063661, -0.00249469000846, -0.00597864110023, -0.00245615770109, 0.000444963603513, -0.00271782977507, -0.000703360245097], [-0.000734411180019, 0.00068393687252, 0.000197926347028, 6.70835361234e-05, -0.000610191258602, -0.00261139101349, -0.00249469000846, 0.0185626354069, -0.00508499005809, -0.00112854258623, -0.000192651132238, 0.000883322907612, -0.00119305867702], [-0.000466305296868, -0.000566036964301, 0.00195963587612, 0.000519582477864, -0.00135431683157, 0.000317544036079, -0.00597864110023, -0.00508499005809, 0.0200739558786, -0.00630394602194, -0.00225710310042, 0.00136896641925, -0.0038699763827], [-0.000399705808377, 0.000528278003912, 0.00172064639628, 0.00229383795522, 0.0010462582577, -0.00241533573717, -0.00245615770109, -0.00112854258623, -0.00630394602194, 0.0216638389975, -0.00595628749579, -0.00252318405546, 0.00298657477833], [0.000527086784132, 0.00232434808277, -0.000106496037915, 0.000215924883378, -0.000206455122679, -0.00175118737388, 0.000444963603513, -0.000192651132238, -0.00225710310042, -0.00595628749579, 0.0202466081828, -0.00822804030031, 0.00133991602343], [0.00035803677747, 0.00011207038915, 0.00165373354685, -0.00179230875801, -0.00272816000506, 0.000174046333996, -0.00271782977507, 0.000883322907612, 0.00136896641925, -0.00252318405546, -0.00822804030031, 0.0206371061504, -0.00810913555324], [-0.000625430955552, -0.000519529508892, -0.00123695691582, 0.00124367082026, -0.00141540763434, 0.0021103634499, -0.000703360245097, -0.00119305867702, -0.0038699763827, 0.00298657477833, 0.00133991602343, -0.00810913555324, 0.0278593748808]]
    },
    "spectral_contrast_coeffs": {
        "max": [-0.35474717617, -0.57733809948, -0.459756433964, -0.614615559578, -0.670662283897, -0.608731806278],
        "mean": [-0.699164390564, -0.766878843307, -0.720139741898, -0.807490706444, -0.816030561924, -0.751606047153],
        "min": [-0.914014518261, -0.908362448215, -0.953670084476, -0.893550395966, -0.895895957947, -0.876148223877],
        "stdev": [0.116024844348, 0.0696372464299, 0.0845113545656, 0.0412080995739, 0.0327163822949, 0.0335929617286]
    },
    "spectral_contrast_valleys": {
        "max": [-4.74745702744, -5.03622579575, -5.57375335693, -5.87526512146, -5.83382129669, -7.46053409576],
        "mean": [-7.59134960175, -6.70526456833, -6.88938856125, -7.10115528107, -7.52665472031, -10.6180725098],
        "min": [-12.8509693146, -12.8982152939, -12.0181827545, -12.8904180527, -12.6895647049, -14.0738687515],
        "stdev": [1.28532004356, 0.615750610828, 0.595134556293, 0.588552772999, 0.560435533524, 0.82803863287]
    }
},
"rhythm": {
    "beats_count": 28,
    "beats_loudness": {
        "max": 0.119868800044,
        "mean": 0.0370559170842,
        "min": 0.00173794850707,
        "stdev": 0.0335309021175
    },
    "bpm": 153.082275391,
    "bpm_histogram_first_peak_bpm": 152,
    "bpm_histogram_first_peak_weight": 0.111111104488,
    "bpm_histogram_second_peak_bpm": 112,
    "bpm_histogram_second_peak_spread": 0.333333313465,
    "bpm_histogram_second_peak_weight": 0.148148149252,
    "danceability": 0.836695492268,
    "onset_rate": 2.19446659088,
    "beats_loudness_band_ratio": {
        "max": [0.788175523281, 0.398338466883, 0.756408333778, 0.913428723812, 0.237305372953, 0.0978310108185],
        "mean": [0.217221945524, 0.0898866653442, 0.271858543158, 0.348523586988, 0.0831530615687, 0.0290913488716],
        "min": [0.00178117363248, 0.00323176942766, 0.0214853268117, 0.0274801757187, 0.0141961611807, 0.0028435473796],
        "stdev": [0.262889802456, 0.0990588143468, 0.188948020339, 0.248386889696, 0.0543438643217, 0.0271753165871]
    },
    "beats_position": [0.53405892849, 1.07972788811, 1.6137868166, 2.14784574509, 2.68190479279, 3.21596360207, 3.76163268089, 4.27247142792, 4.77170038223, 5.27092981339, 5.7701587677, 6.17650794983, 6.57124710083, 6.96598625183, 7.36072540283, 7.73224496841, 8.10376358032, 8.48689365387, 8.87002277374, 9.26476192474, 9.65950107574, 10.0542402267, 10.4373693466, 10.8088884354, 11.1920175552, 11.5635375977, 11.9582767487, 12.3530158997],
