{
"metadata": {
    "version": {
        "essentia": "2.1-beta5",
        "essentia_git_sha": "Undefined",
        "extractor": "music 2.0"
    },
    "audio_properties": {
        "analysis": {
            "equal_loudness": 0,
            "length": 12.7477550507,
            "sample_rate": 44100,
            "start_time": 0,
            "downmix": "mix"
        },
        "bit_rate": 192000,
        "length": 204.649078369,
        "lossless": 0,
        "number_channels": 2,
        "replay_gain": 7.71091651917,
        "sample_rate": 48000,
        "codec": "mp3",
        "md5_encoded": "1c9f19b7fa2d54a0720eed9304948d44"
    },
    "tags": {
        "file_name": "Ireland_Only Love Survives_Ryan Dolan.mp3",
        "encoding": ["Lavf58.29.100"]
    }
},
"lowlevel": {
    "average_loudness": 0.837256550789,
    "barkbands_crest": {
        "max": 24.5583534241,
        "mean": 11.0626592636,
        "min": 2.66141247749,
        "stdev": 4.70240783691
    },
    "barkbands_flatness_db": {
        "max": 0.368611603975,
        "mean": 0.162637725472,
        "min": 0.0268248338252,
        "stdev": 0.0502246692777
    },
    "barkbands_kurtosis": {
        "max": 80.6400604248,
        "mean": 5.45320558548,
        "min": -1.30934977531,
        "stdev": 9.34376335144
    },
    "barkbands_skewness": {
        "max": 8.03893852234,
        "mean": 1.57500040531,
        "min": -1.27248215675,
        "stdev": 1.4636837244
    },
    "barkbands_spread": {
        "max": 88.5894927979,
        "mean": 16.4971828461,
        "min": 1.50916874409,
        "stdev": 9.72510623932
    },
    "dissonance": {
        "max": 0.499999701977,
        "mean": 0.478774309158,
        "min": 0.378847658634,
        "stdev": 0.0182844270021
    },
    "dynamic_complexity": 4.24704456329,
    "erbbands_crest": {
        "max": 23.5681037903,
        "mean": 8.7580537796,
        "min": 2.76686811447,
        "stdev": 3.38251662254
    },
    "erbbands_flatness_db": {
        "max": 0.323037356138,
        "mean": 0.18737603724,
        "min": 0.0566527917981,
        "stdev": 0.055987983942
    },
    "erbbands_kurtosis": {
        "max": 12.0367012024,
        "mean": 0.959528148174,
        "min": -1.44928944111,
        "stdev": 1.46369254589
    },
    "erbbands_skewness": {
        "max": 2.63189721107,
        "mean": 0.666622817516,
        "min": -1.075735569,
        "stdev": 0.541194438934
    },
    "erbbands_spread": {
        "max": 98.3714675903,
        "mean": 28.264383316,
        "min": 4.64601278305,
        "stdev": 15.9032554626
    },
    "hfc": {
        "max": 236.545471191,
        "mean": 12.8532142639,
        "min": 0.00138282810804,
        "stdev": 20.7628879547
    },
    "loudness_ebu128": {
        "integrated": -31.0011043549,
        "loudness_range": 9.06905555725,
        "momentary": {
            "max": -26.9767131805,
            "mean": -33.6642570496,
            "min": -42.5367431641,
            "stdev": 4.98930501938
        },
        "short_term": {
            "max": -27.9958953857,
            "mean": -32.6999511719,
            "min": -40.1959686279,
            "stdev": 3.03731608391
        }
    },
    "melbands_crest": {
        "max": 38.154712677,
        "mean": 16.0047988892,
        "min": 3.13799023628,
        "stdev": 6.83080673218
    },
    "melbands_flatness_db": {
        "max": 0.42645123601,
        "mean": 0.203943371773,
        "min": 0.0237361434847,
        "stdev": 0.0627119466662
    },
    "melbands_kurtosis": {
        "max": 163.249420166,
        "mean": 12.3311500549,
        "min": -1.02476978302,
        "stdev": 19.7706737518
    },
    "melbands_skewness": {
        "max": 10.2723474503,
        "mean": 2.23603129387,
        "min": -1.16010570526,
        "stdev": 1.9160990715
    },
    "melbands_spread": {
        "max": 111.281028748,
        "mean": 18.9791431427,
        "min": 1.64126312733,
        "stdev": 11.0936822891
    },
    "pitch_salience": {
        "max": 0.882077515125,
        "mean": 0.534250259399,
        "min": 0.0952631011605,
        "stdev": 0.142599582672
    },
    "silence_rate_20dB": {
        "max": 1,
        "mean": 0.992727279663,
        "min": 0,
        "stdev": 0.084969766438
    },
    "silence_rate_30dB": {
        "max": 1,
        "mean": 0.921818196774,
        "min": 0,
        "stdev": 0.268457859755
    },
    "silence_rate_60dB": {
        "max": 1,
        "mean": 0.250909090042,
        "min": 0,
        "stdev": 0.43353676796
    },
    "spectral_centroid": {
        "max": 3254.71533203,
        "mean": 1208.57727051,
        "min": 221.45753479,
        "stdev": 419.475799561
    },
    "spectral_complexity": {
        "max": 47,
        "mean": 15.6072731018,
        "min": 0,
        "stdev": 8.96794033051
    },
    "spectral_decrease": {
        "max": -3.88401333665e-14,
        "mean": -9.81994929816e-09,
        "min": -1.97546768277e-07,
        "stdev": 1.67165232767e-08
    },
    "spectral_energy": {
        "max": 0.748078644276,
        "mean": 0.0382285937667,
        "min": 2.72018610303e-07,
        "stdev": 0.0641015321016
    },
    "spectral_energyband_high": {
        "max": 0.024202523753,
        "mean": 0.000519071705639,
        "min": 1.24261120504e-07,
        "stdev": 0.0018251799047
    },
    "spectral_energyband_low": {
        "max": 0.543802797794,
        "mean": 0.0241632107645,
        "min": 1.06461213178e-08,
        "stdev": 0.0486961305141
    },
    "spectral_energyband_middle_high": {
        "max": 0.0261259377003,
        "mean": 0.00337778870016,
        "min": 9.60419939133e-08,
        "stdev": 0.00350246438757
    },
    "spectral_energyband_middle_low": {
        "max": 0.216036871076,
        "mean": 0.00915260706097,
        "min": 4.10291036701e-08,
        "stdev": 0.0181896220893
    },
    "spectral_entropy": {
        "max": 8.53064060211,
        "mean": 7.67299175262,
        "min": 6.36222982407,
        "stdev": 0.283762931824
    },
    "spectral_flux": {
        "max": 0.578217148781,
        "mean": 0.10319712013,
        "min": 0.000521554029547,
        "stdev": 0.0947818234563
    },
    "spectral_kurtosis": {
        "max": 14.8133239746,
        "mean": 4.4586186409,
        "min": 0.0316715240479,
        "stdev": 2.44789195061
    },
    "spectral_rms": {
        "max": 0.0270154178143,
        "mean": 0.00482812104747,
        "min": 1.62906108017e-05,
        "stdev": 0.00373971415684
    },
    "spectral_rolloff": {
        "max": 11089.5996094,
        "mean": 1046.39550781,
        "min": 21.533203125,
        "stdev": 943.01965332
    },
    "spectral_skewness": {
        "max": 2.88126158714,
        "mean": 1.60252273083,
        "min": 0.480247974396,
        "stdev": 0.328102886677
    },
    "spectral_spread": {
        "max": 9471092,
        "mean": 3931300.75,
        "min": 2212498.5,
        "stdev": 1244544.875
    },
    "spectral_strongpeak": {
        "max": 2.91891694069,
        "mean": 0.464265435934,
        "min": 0,
        "stdev": 0.46973335743
    },
    "zerocrossingrate": {
        "max": 0.18798828125,
        "mean": 0.0467711277306,
        "min": 0.00390625,
        "stdev": 0.025107126683
    },
    "barkbands": {
        "max": [0.535353600979, 0.261502683163, 0.15046530962, 0.109914064407, 0.0670907273889, 0.0161222945899, 0.0122005045414, 0.0168133359402, 0.0152911050245, 0.0117191364989, 0.00491948937997, 0.00437486032024, 0.00298271607608, 0.00254554557614, 0.0109917512164, 0.00275044399314, 0.00291327130981, 0.00216182251461, 0.00347241340205, 0.00820671394467, 0.0064304145053, 0.0069184419699, 0.00342719978653, 0.0045856218785, 0.00349791906774, 0.00270175118931, 5.6036328715e-06],
        "mean": [0.00773591455072, 0.0129910791293, 0.00466667395085, 0.00289006670937, 0.00245968881063, 0.000646681466606, 0.000355590280378, 0.000584907422308, 0.00173714349512, 0.00120449392125, 0.000527224736288, 0.000410554843256, 0.000340597616741, 0.000325620145304, 0.000267605413683, 0.00017237571592, 0.000131532069645, 0.000115270115202, 0.000107201361971, 0.000100169643702, 0.000110177672468, 0.000116532974062, 8.73129174579e-05, 8.85556146386e-05, 4.077684207e-05, 1.48508934217e-05, 2.06280965642e-08],
        "min": [2.93368596083e-09, 5.95290483574e-09, 2.34056440895e-09, 2.5769657519e-09, 1.17612142247e-08, 4.18999634988e-09, 1.12225508886e-08, 8.18544521053e-09, 2.51922305239e-09, 2.13395989768e-09, 1.74541892051e-09, 4.05552480487e-09, 6.1343961022e-09, 9.57857526629e-09, 1.45670444596e-08, 1.19704699486e-08, 7.7972215351e-09, 9.21341669624e-09, 2.29304184529e-08, 1.33428343929e-08, 8.80624018151e-09, 1.73467995523e-08, 1.3275785804e-08, 1.64021649596e-08, 1.38321674115e-08, 6.43208208917e-10, 4.42121450561e-10],
        "stdev": [0.0324041396379, 0.0300057269633, 0.0135171143338, 0.00953033845872, 0.00658158259466, 0.00141904037446, 0.00103451183531, 0.00147474498954, 0.00189253920689, 0.00160664261784, 0.00065990636358, 0.000579195911996, 0.000376260111807, 0.00037999972119, 0.000548982818145, 0.000242952199187, 0.000201542119612, 0.000196989494725, 0.000276001403108, 0.000440054631326, 0.000416542286985, 0.000463389063952, 0.000296997954138, 0.000339472928317, 0.000184538541362, 0.000127833729493, 2.46834275686e-07]
    },
    "erbbands": {
        "max": [16.5122432709, 66.4247055054, 135.294250488, 264.228942871, 304.534423828, 278.449554443, 156.712112427, 159.36151123, 216.166534424, 163.199157715, 465.017272949, 383.296905518, 356.617706299, 419.623016357, 246.107467651, 156.068634033, 107.66368103, 137.327178955, 286.782287598, 464.40335083, 184.88873291, 160.024871826, 83.446762085, 221.822982788, 267.522186279, 273.784881592, 404.718261719, 343.60635376, 238.849227905, 229.959182739, 128.628112793, 103.449180603, 72.7272186279, 39.400478363, 24.1739807129, 16.1350898743, 4.52626991272, 0.13462691009, 0.00378367607482, 0.000804912473541],
        "mean": [0.496742665768, 2.52975916862, 5.13451004028, 8.94588470459, 7.6474814415, 9.24857330322, 6.74876594543, 4.71835708618, 5.19374036789, 6.58487176895, 18.2743320465, 37.5084762573, 43.4669418335, 32.0846366882, 18.5692501068, 16.293674469, 15.0279245377, 17.8022575378, 14.3611383438, 11.9220733643, 9.30231666565, 7.42039251328, 6.38283395767, 5.57652759552, 5.2188372612, 4.32783031464, 4.77755689621, 4.35650539398, 3.93889379501, 3.8423602581, 2.27775335312, 2.14665007591, 1.23550212383, 0.564029097557, 0.224218249321, 0.100902169943, 0.0205147508532, 0.000659457873553, 4.09809945268e-05, 4.51940250059e-05],
        "min": [1.48358580532e-07, 1.41039117807e-06, 3.28908163283e-06, 5.21766469319e-06, 1.84319651453e-05, 4.55871813756e-05, 4.43686876679e-05, 4.15003632952e-05, 0.00014873710461, 0.000109101776616, 0.000222723916522, 6.72838214086e-05, 5.42621783097e-05, 6.95710914442e-05, 6.98519070284e-05, 0.000225978947128, 0.000280274776742, 0.000296925805742, 0.000729457708076, 0.000699938391335, 0.000836075108964, 0.000453876127722, 0.000546858180314, 0.000650250294711, 0.00132969766855, 0.000747782294638, 0.000272487231996, 0.000658951583318, 0.000565509370063, 0.000436068192357, 0.000378785014618, 0.000288734299829, 0.000322274659993, 0.000328975176672, 4.06342442147e-05, 1.0862578165e-05, 2.95903919323e-06, 8.7110839786e-07, 9.15059459317e-08, 8.64877414131e-09],
        "stdev": [1.19897723198, 6.65324640274, 14.0933837891, 26.1618919373, 26.1454677582, 26.0562820435, 14.7476673126, 12.0924987793, 16.307800293, 15.7693786621, 37.0527915955, 42.8491592407, 48.313041687, 45.2168922424, 23.7420387268, 21.2407646179, 16.2001571655, 20.3780574799, 18.69764328, 23.7608203888, 13.1714468002, 11.2193746567, 9.98510169983, 14.1252002716, 15.1156206131, 15.2545776367, 21.9984722137, 18.8780937195, 15.6864624023, 15.0149002075, 8.01002597809, 8.41811275482, 4.72264194489, 2.27271819115, 1.18036901951, 0.773768782616, 0.205163627863, 0.00646142708138, 0.000184641263331, 7.33520719223e-05]
    },
    "gfcc": {
        "mean": [-50.1211624146, 111.768386841, -150.136154175, 31.7646064758, -63.4162979126, 33.4913482666, -21.3674659729, 12.7630243301, -12.7339057922, -10.1415987015, -10.4838676453, -14.878247261, 4.4652633667],
        "cov": [[6575.25097656, 533.184448242, 2293.29956055, 1257.53613281, 327.815887451, 425.2918396, -127.919242859, 132.466491699, -105.954589844, 155.542129517, -228.798690796, 285.708770752, -174.505767822], [533.184448242, 1317.00439453, 148.558303833, 356.324737549, 163.400131226, -68.3213653564, 232.112472534, -250.240066528, 279.768798828, -238.553741455, 290.497558594, -183.007095337, 203.723556519], [2293.29956055, 148.558303833, 1457.08764648, 590.174255371, 294.096191406, 158.894302368, -105.68662262, 120.067596436, -152.356765747, 164.511276245, -143.258544922, 228.964920044, -111.178894043], [1257.53613281, 356.324737549, 590.174255371, 482.59375, 148.17527771, 80.0850753784, 43.8799591064, -41.1223640442, 40.8732299805, -19.5492916107, 7.19218587875, 2.25743150711, -12.403134346], [327.815887451, 163.400131226, 294.096191406, 148.17527771, 222.763442993, 35.1061172485, 55.938999176, 41.8485145569, 5.88370466232, 37.0198249817, 7.28427410126, 47.9388465881, 5.93474912643], [425.2918396, -68.3213653564, 158.894302368, 80.0850753784, 35.1061172485, 129.971466064, 24.5560913086, 54.1029472351, -14.4835453033, 26.4404411316, -44.4490814209, 19.6093044281, -36.0563316345], [-127.919242859, 232.112472534, -105.68662262, 43.8799591064, 55.938999176, 24.5560913086, 188.10824585, -7.30969715118, 112.310974121, -37.2392234802, 66.5528335571, -57.5726470947, 32.7558784485], [132.466491699, -250.240066528, 120.067596436, -41.1223640442, 41.8485145569, 54.1029472351, -7.30969715118, 162.225646973, -52.7232894897, 111.334922791, -73.4308395386, 74.1054534912, -44.7619514465], [-105.954589844, 279.768798828, -152.356765747, 40.8732299805, 5.88370466232, -14.4835453033, 112.310974121, -52.7232894897, 164.723403931, -65.762298584, 107.454650879, -82.0354766846, 53.9853553772], [155.542129517, -238.553741455, 164.511276245, -19.5492916107, 37.0198249817, 26.4404411316, -37.2392234802, 111.334922791, -65.762298584, 147.572525024, -62.5573768616, 101.977157593, -41.6231803894], [-228.798690796, 290.497558594, -143.258544922, 7.19218587875, 7.28427410126, -44.4490814209, 66.5528335571, -73.4308395386, 107.454650879, -62.5573768616, 156.032165527, -53.1616210938, 83.5470352173], [285.708770752, -183.007095337, 228.964920044, 2.25743150711, 47.9388465881, 19.6093044281, -57.5726470947, 74.1054534912, -82.0354766846, 101.977157593, -53.1616210938, 154.531204224, -13.5623788834], [-174.505767822, 203.723556519, -111.178894043, -12.403134346, 5.93474912643, -36.0563316345, 32.7558784485, -44.7619514465, 53.9853553772, -41.6231803894, 83.5470352173, -13.5623788834, 123.159393311]],
        "icov": [[0.000581425556447, -0.000624325766694, -0.000144773221109, -0.00101913255639, 0.000746063538827, -0.00106620846782, 0.000857491570059, -0.000690163404215, -0.000416266237153, 7.95000014477e-05, 0.000601052830461, -0.00105507008266, 0.000481648079585], [-0.000624325766694, 0.00535009615123, -0.00244409986772, 0.00158802396618, -0.00210986379534, 0.00305864098482, -0.00390679948032, 0.00372930523008, -0.0013647491578, 0.00210395012982, -0.00305513897911, 0.00455147074535, -0.00450629275292], [-0.000144773221109, -0.00244409986772, 0.00509104132652, -0.00417969701812, -0.00105161499232, -0.00127271423116, 0.00327574391849, -0.00265198363923, 0.00222428119741, -0.00128924078308, 0.000860544736497, -0.00450615445152, 0.00336494622752], [-0.00101913255639, 0.00158802396618, -0.00417969701812, 0.0102031137794, -0.00220980774611, 0.000173091248143, -0.0031041323673, 0.0056866100058, -0.00245577935129, -0.000246608542511, -8.61798107508e-05, 0.0052305101417, -0.00213932641782], [0.000746063538827, -0.00210986379534, -0.00105161499232, -0.00220980774611, 0.00975685380399, -0.000734016939532, -0.00191394228023, -0.00367354997434, 0.00140859966632, -0.000324252789142, -2.27162709052e-05, -0.00314798555337, 0.000805834599305], [-0.00106620846782, 0.00305864098482, -0.00127271423116, 0.000173091248143, -0.000734016939532, 0.0149603178725, -0.00566756073385, -0.00214722147211, 0.000689549255185, 0.00302288657986, -0.000313867058139, 0.00287244655192, -0.00131090183277], [0.000857491570059, -0.00390679948032, 0.00327574391849, -0.0031041323673, -0.00191394228023, -0.00566756073385, 0.0154978074133, -0.00490813702345, -0.00601075589657, -0.000730754283722, 0.00213976344094, -0.00325156422332, 0.00342733715661], [-0.000690163404215, 0.00372930523008, -0.00265198363923, 0.0056866100058, -0.00367354997434, -0.00214722147211, -0.00490813702345, 0.0211432445794, -0.00249037262984, -0.00974502600729, 0.0022793514654, 0.00455338554457, -0.00367643381469], [-0.000416266237153, -0.0013647491578, 0.00222428119741, -0.00245577935129, 0.00140859966632, 0.000689549255185, -0.00601075589657, -0.00249037262984, 0.0202302075922, -0.000888380804099, -0.00821272283792, 0.002910441719, 0.000979624805041], [7.95000014477e-05, 0.00210395012982, -0.00128924078308, -0.000246608542511, -0.000324252789142, 0.00302288657986, -0.000730754283722, -0.00974502600729, -0.000888380804099, 0.0226325020194, -0.00218391930684, -0.00763483438641, 0.00167597737163], [0.000601052830461, -0.00305513897911, 0.000860544736497, -8.61798107508e-05, -2.27162709052e-05, -0.000313867058139, 0.00213976344094, 0.0022793514654, -0.00821272283792, -0.00218391930684, 0.0199008360505, -0.00268368236721, -0.00409173080698], [-0.00105507008266, 0.00455147074535, -0.00450615445152, 0.0052305101417, -0.00314798555337, 0.00287244655192, -0.00325156422332, 0.00455338554457, 0.002910441719, -0.00763483438641, -0.00268368236721, 0.0225341878831, -0.00860648881644], [0.000481648079585, -0.00450629275292, 0.00336494622752, -0.00213932641782, 0.000805834599305, -0.00131090183277, 0.00342733715661, -0.00367643381469, 0.000979624805041, 0.00167597737163, -0.00409173080698, -0.00860648881644, 0.0183728411794]]
    },
    "melbands": {
        "max": [0.136377885938, 0.07473462075, 0.0465606153011, 0.0160332918167, 0.00646095816046, 0.00355195254087, 0.00294074439444, 0.00157111580484, 0.00356426741928, 0.00230865576304, 0.00180323328823, 0.00180024502333, 0.000815067614894, 0.000517943874002, 0.000500658003148, 0.000223789509619, 0.000269043463049, 0.000304063578369, 0.000937245378736, 0.000309829716571, 0.000193733620108, 0.000198691355763, 0.000100805649708, 0.000114895337902, 0.000202642157092, 0.000155800502398, 0.000163468052051, 0.000215560226934, 0.000342287443345, 0.000172197862412, 0.00025378720602, 0.000151763684698, 0.000140290096169, 0.000125690392451, 5.182901441e-05, 0.000116967094073, 7.09360465407e-05, 6.06901885476e-05, 3.36771736329e-05, 3.16293262586e-05],
        "mean": [0.00455067353323, 0.00291026732884, 0.00146840978414, 0.000562344153877, 0.000288232491584, 0.000109387801785, 7.81642374932e-05, 8.01291171229e-05, 0.000168196551385, 0.00024898731499, 0.000215440013562, 0.000131233668071, 6.62177335471e-05, 4.94723208249e-05, 3.62670252798e-05, 3.28905443894e-05, 3.28002897731e-05, 2.24853210966e-05, 2.04062289413e-05, 1.26364420794e-05, 1.04968576125e-05, 7.86978034739e-06, 6.35502510704e-06, 5.25064024259e-06, 4.40544772573e-06, 4.01904026148e-06, 3.1480033158e-06, 2.89740978587e-06, 3.24804523189e-06, 2.6041534511e-06, 2.50530388257e-06, 2.14292344936e-06, 2.36179721469e-06, 1.99961118597e-06, 1.22934761748e-06, 1.31941408199e-06, 1.32180116452e-06, 9.16317048905e-07, 6.43501550712e-07, 4.19957046915e-07],
        "min": [1.66851277239e-09, 1.77925119083e-09, 1.29593180631e-09, 2.25327378978e-09, 1.84687332094e-09, 9.59938128986e-10, 2.2838215763e-09, 1.19675880317e-09, 1.72720171498e-09, 3.10345277255e-10, 2.63481875207e-10, 2.77927819647e-10, 2.13960613116e-10, 3.71850328307e-10, 9.08636221819e-10, 4.14199285981e-10, 5.13862841167e-10, 1.26168553383e-09, 9.53897627554e-10, 5.70090752383e-10, 1.14044684807e-09, 4.52124032657e-10, 3.84889731198e-10, 4.91761742438e-10, 5.09500552859e-10, 7.94977916829e-10, 8.63552673813e-10, 4.58900889511e-10, 1.54610269032e-10, 1.65244942729e-10, 4.82107631594e-10, 3.86246451489e-10, 1.96986260637e-10, 2.3336929611e-10, 1.95660737612e-10, 2.31165198095e-10, 1.4959708472e-10, 1.99323585415e-10, 2.80885564807e-10, 1.35381525435e-10],
        "stdev": [0.0106955757365, 0.00707805762067, 0.00429012719542, 0.00156374101061, 0.000702538585756, 0.000270236690994, 0.000240099165239, 0.000191767467186, 0.00030115689151, 0.000274292629911, 0.000242074529524, 0.000193725572899, 8.42384542921e-05, 7.13465342415e-05, 5.18645247212e-05, 3.31219634973e-05, 3.9668269892e-05, 2.63064521278e-05, 4.64704426122e-05, 2.0887098799e-05, 1.46178290379e-05, 1.2566645637e-05, 1.02234916994e-05, 9.34772469918e-06, 1.22300098155e-05, 1.06807610791e-05, 9.48605611484e-06, 1.16070423246e-05, 1.81006835192e-05, 1.01914456536e-05, 1.22447208923e-05, 8.84895052877e-06, 9.27285600483e-06, 8.21938556328e-06, 3.82047528547e-06, 6.21396884526e-06, 5.17214311913e-06, 3.69301483261e-06, 2.37379754253e-06, 1.78797517947e-06]
    },
    "melbands128": {
        "max": [0.341359734535, 0.1973772645, 0.102616533637, 0.122630625963, 0.0897369384766, 0.0759940296412, 0.0574364587665, 0.0511044077575, 0.0307513922453, 0.0172005183995, 0.0212840419263, 0.0125752203166, 0.00529064750299, 0.00253999326378, 0.00344010535628, 0.00418302835897, 0.00485384557396, 0.00268710078672, 0.00210477411747, 0.00215421873145, 0.00283871707506, 0.00418176967651, 0.00577585957944, 0.00340373441577, 0.00324991298839, 0.00298577593639, 0.00325442710891, 0.0022525859531, 0.0024610303808, 0.00328985601664, 0.001598044415, 0.00123286945745, 0.00099014386069, 0.00077207328286, 0.000909036200028, 0.000589588598814, 0.000585076806601, 0.000989989726804, 0.000749586441088, 0.00034335066448, 0.00030674575828, 0.000507434015162, 0.000457478134194, 0.000320948864101, 0.000193326093722, 0.00024125778873, 0.000731092237402, 0.0012168554822, 0.00101781147532, 0.000394101371057, 0.000173102365807, 0.000225618627155, 0.000233112485148, 0.000120953918668, 0.000259648630163, 0.000245359959081, 0.000130794549477, 0.000121371427667, 0.000165979377925, 8.0185905972e-05, 0.000123907913803, 0.000182909861906, 0.000238697772147, 0.000253407750279, 0.000216973625356, 0.00014508611639, 0.000329238973791, 0.000262956978986, 0.000110103515908, 0.00011771156278, 5.04503695993e-05, 0.000365661457181, 0.000698000716511, 0.000255737249972, 6.31499278825e-05, 0.000198735258891, 0.00022872905538, 0.000258004845819, 0.00025187182473, 0.000334025477059, 0.000145399622852, 0.000110009437776, 0.000214815459913, 0.000120026321383, 0.000150989770191, 0.00015235041792, 0.000130177315441, 4.49317667517e-05, 3.93297304981e-05, 0.000112885143608, 0.000151646396262, 9.20051388675e-05, 0.000120938748296, 6.72632450005e-05, 9.34833660722e-05, 9.98998584691e-05, 4.02899131586e-05, 4.19907082687e-05, 2.40803856286e-05, 4.16322945966e-05, 4.01243341912e-05, 3.0151777537e-05, 1.92071893252e-05, 2.45105820795e-05, 1.03409165604e-05, 5.30479919689e-05, 3.28006863128e-05, 3.12799566018e-05, 2.80008516711e-05, 2.69374068012e-05, 1.7546255549e-05, 2.47242369369e-05, 1.94551394088e-05, 6.5316561404e-07, 6.52448875371e-07, 6.19245440703e-07, 1.00444999873e-07, 2.67324029579e-08, 2.5791784708e-08, 2.4955680189e-08, 2.41660966793e-08, 2.35466508514e-08, 2.28954952775e-08, 2.24948983885e-08, 2.20452474053e-08, 2.17153832693e-08, 2.14860058634e-08, 2.13405790817e-08],
        "mean": [0.00462256837636, 0.00444613583386, 0.00499454932287, 0.00389918591827, 0.00268607959151, 0.00231619738042, 0.00199053273536, 0.00119193014689, 0.000729839142878, 0.000441766140284, 0.000575382320676, 0.000406284991186, 0.000208710916922, 0.000157233080245, 9.34818235692e-05, 9.79496035143e-05, 8.3152364823e-05, 7.99004264991e-05, 6.33063682471e-05, 6.16407123744e-05, 9.03253385331e-05, 0.000130500920932, 0.000161904434208, 0.000231632162468, 0.000228218414122, 0.000272819946986, 0.000268404750386, 0.000222408663831, 0.000154683482833, 0.000144636738696, 0.000129272812046, 9.20206366573e-05, 5.90878662479e-05, 4.75885499327e-05, 5.7315617596e-05, 5.10162208229e-05, 3.64563602488e-05, 3.62050450349e-05, 3.69652261725e-05, 2.85817877739e-05, 3.08718117594e-05, 4.11837900174e-05, 3.41369886883e-05, 2.96967100439e-05, 2.24043487833e-05, 2.03597282962e-05, 2.26215852308e-05, 2.51372221101e-05, 1.73892913153e-05, 1.32439618028e-05, 1.23374265968e-05, 1.13395008157e-05, 1.09557859105e-05, 1.02329677247e-05, 9.12775340112e-06, 7.7551103459e-06, 6.71457291901e-06, 6.4619252953e-06, 6.54611994833e-06, 5.47070567336e-06, 5.28863438376e-06, 5.07003369421e-06, 4.36552363681e-06, 4.54888868262e-06, 3.77900187232e-06, 4.07308698414e-06, 4.1222215259e-06, 3.69076701645e-06, 2.91474930236e-06, 2.46998411058e-06, 2.04938896786e-06, 3.63157892025e-06, 4.3600321078e-06, 2.80673270936e-06, 2.49107074524e-06, 2.79635901279e-06, 2.45980368163e-06, 2.54580299952e-06, 2.6431414426e-06, 2.37389190261e-06, 2.05796322916e-06, 2.02693286155e-06, 2.31333638112e-06, 2.2846381853e-06, 2.63927154265e-06, 2.2598119358e-06, 1.86369288713e-06, 1.24241273625e-06, 1.15334967177e-06, 1.11236875e-06, 1.52745280957e-06, 1.1233511259e-06, 1.54189694967e-06, 1.33166156502e-06, 1.2263917597e-06, 1.08475296656e-06, 7.50755361878e-07, 8.90659350716e-07, 5.73284410166e-07, 6.35716048691e-07, 4.50650787798e-07, 4.15579080482e-07, 3.19970212104e-07, 2.53491180047e-07, 1.94557827626e-07, 2.67154604217e-07, 2.21680963364e-07, 2.77478875432e-07, 1.54175850753e-07, 1.22206202491e-07, 8.82818653736e-08, 1.21207648363e-07, 6.84024854536e-08, 3.00028912825e-09, 2.73299383124e-09, 2.85895462859e-09, 4.75847028447e-10, 6.02418948059e-11, 5.80979014897e-11, 5.69035443765e-11, 5.50572885893e-11, 5.3203167566e-11, 5.20151179073e-11, 5.10225126038e-11, 4.87545351313e-11, 4.56415391592e-11, 4.39095808324e-11, 4.3441361619e-11],
        "min": [1.43355960436e-09, 1.16110165926e-09, 1.76770598159e-09, 2.62046540023e-09, 2.07492512061e-09, 9.39815891776e-10, 8.3782242255e-10, 1.50202106308e-09, 1.84066606401e-09, 2.02819028239e-09, 2.76502243324e-09, 2.74343125994e-09, 1.33159372417e-09, 1.09830611272e-09, 9.40230449054e-10, 5.12863251867e-10, 2.05757144656e-09, 3.03927327749e-09, 2.17075224462e-09, 7.82611364603e-10, 6.86285861473e-10, 2.21107177012e-09, 2.3083428502e-09, 7.66978425215e-10, 3.06397296423e-10, 1.52402507281e-10, 6.69437838496e-11, 3.39445305197e-10, 4.07812283942e-10, 1.72788089392e-10, 3.71060404625e-10, 1.80918252601e-10, 2.59947258163e-10, 1.78402514983e-10, 1.232343394e-10, 5.74710390389e-10, 4.95014140789e-10, 1.04220565511e-09, 1.2470275923e-09, 3.14375969701e-10, 2.4372504015e-10, 3.71831565538e-10, 7.76697317573e-10, 1.10657129293e-10, 1.14338893908e-09, 2.07025663279e-09, 5.73541270033e-10, 5.11476971887e-10, 1.58121338245e-09, 1.04945130364e-09, 1.46141265756e-10, 1.86317100637e-10, 1.72214287275e-09, 1.25094656855e-09, 4.92359097937e-10, 3.97918087369e-10, 3.60053431514e-10, 4.27247154322e-10, 1.52020368516e-10, 8.13936640309e-10, 4.97318297654e-10, 3.61107949098e-10, 2.38317837686e-10, 9.32965260603e-10, 3.42952055643e-10, 4.22893803309e-10, 1.08969155921e-09, 1.85363735472e-09, 3.55319385026e-10, 3.68882424606e-10, 7.1608885488e-10, 2.80794387741e-10, 2.03547054212e-10, 1.27987204168e-10, 1.19019086253e-10, 1.12988493561e-10, 1.34965344456e-10, 4.53735216066e-10, 3.57616075641e-10, 8.47605374776e-10, 3.75120517981e-10, 2.50067327956e-10, 2.2793252008e-10, 1.2074684308e-10, 1.84689236127e-10, 4.67825667094e-10, 1.02784190881e-10, 1.13174247751e-10, 2.08429037918e-10, 2.26269447623e-10, 3.07619568707e-10, 2.03368849538e-10, 1.82463974485e-10, 1.59751586959e-10, 1.01535349573e-10, 1.61960722611e-10, 2.1526888605e-10, 2.61974358873e-10, 2.43227715746e-10, 3.4377670155e-10, 2.05622671667e-10, 8.99763388795e-11, 5.63007149582e-12, 3.61245495323e-12, 2.85128669807e-12, 4.08814909009e-12, 2.95912296402e-12, 2.46599377203e-12, 3.46181373498e-12, 2.29520309009e-12, 2.85574927421e-12, 2.16783665671e-12, 2.3067775988e-12, 2.13406050643e-12, 2.00209748953e-12, 2.15587768991e-12, 1.87872981061e-12, 2.80902861735e-12, 1.97835432932e-12, 1.73641331348e-12, 1.99856797778e-12, 1.76051198359e-12, 1.39358869496e-12, 1.21235855556e-12, 2.07153304926e-12, 8.72295020504e-13, 9.03275731664e-14, 2.30125066308e-15],
        "stdev": [0.0206363480538, 0.0124194193631, 0.0126447929069, 0.0109579367563, 0.00768399145454, 0.0066036102362, 0.00597016699612, 0.00424330634996, 0.00269839260727, 0.00137422420084, 0.00181429751683, 0.00121122470591, 0.000458333670394, 0.000315504672471, 0.000262881454546, 0.000331258430379, 0.000302454194752, 0.000259402353549, 0.000180345668923, 0.000173676147824, 0.000252848520176, 0.000384130253224, 0.000378202763386, 0.000356338452548, 0.000337658246281, 0.000343141058693, 0.000354405725375, 0.000297936843708, 0.000250952813076, 0.000295058387564, 0.000203732270165, 0.000141454205732, 9.60117104114e-05, 7.32903645257e-05, 9.89747350104e-05, 9.28859954001e-05, 6.08186055615e-05, 7.51795450924e-05, 7.47311132727e-05, 4.16125549236e-05, 3.90188070014e-05, 6.19083803031e-05, 5.06721771671e-05, 4.51882988273e-05, 2.94057463179e-05, 2.53626021731e-05, 4.45929144917e-05, 6.78290161886e-05, 4.82552022731e-05, 2.53765774687e-05, 2.07627672353e-05, 1.8722294044e-05, 1.76015455509e-05, 1.40569836731e-05, 1.62505439221e-05, 1.48206054291e-05, 1.21956509247e-05, 1.28110250444e-05, 1.25994420159e-05, 9.0093790277e-06, 9.85157021205e-06, 1.17200270324e-05, 1.23386043924e-05, 1.44235000334e-05, 1.2381846318e-05, 1.1257389815e-05, 1.63306958711e-05, 1.38726118166e-05, 8.49675325298e-06, 6.50236552246e-06, 3.91738512917e-06, 1.87607292901e-05, 3.6093268136e-05, 1.41683431139e-05, 5.77195851292e-06, 1.17593772302e-05, 1.2469487956e-05, 1.25138076328e-05, 1.25410269902e-05, 1.52180600708e-05, 8.3984923549e-06, 7.66635457694e-06, 1.1949092368e-05, 8.62991419126e-06, 1.04388336695e-05, 9.94353194983e-06, 8.65763558977e-06, 3.8451976252e-06, 3.26397798744e-06, 5.45002330909e-06, 7.70900896896e-06, 5.29247836312e-06, 7.73054125602e-06, 4.9802565627e-06, 5.63127241549e-06, 5.2651794249e-06, 2.87203170046e-06, 3.48787784787e-06, 2.01802549782e-06, 2.60839283328e-06, 2.08718779504e-06, 1.88131855339e-06, 1.29582872432e-06, 1.23438417177e-06, 7.13961242127e-07, 2.33865580412e-06, 1.5143151586e-06, 1.75590025719e-06, 1.38963480367e-06, 1.24439145566e-06, 7.95249832208e-07, 1.15724435545e-06, 8.50944843478e-07, 3.17643085168e-08, 3.25756239761e-08, 3.37159740127e-08, 4.71931516088e-09, 1.13841314153e-09, 1.09835762707e-09, 1.06276720757e-09, 1.02913733091e-09, 1.00273811476e-09, 9.74998193293e-10, 9.57943058211e-10, 9.38847888321e-10, 9.24901044641e-10, 9.15184983352e-10, 9.08998099014e-10]
    },
    "mfcc": {
        "mean": [-674.003967285, 126.669456482, -16.8034057617, 4.19976806641, -4.5912861824, 11.1596126556, 8.49303817749, 14.6398992538, 11.2574872971, 11.6269226074, 0.242341533303, -2.95069909096, -8.77723693848],
        "cov": [[5512.25585938, 277.748443604, 1626.98669434, 880.669311523, 556.992431641, 491.826904297, 59.3587532043, 246.667129517, 95.5599060059, -87.1582717896, 36.3073921204, 15.9708757401, 192.298934937], [277.748443604, 749.279785156, 145.767593384, 251.657073975, 91.4865493774, 91.8234634399, 39.7273864746, 33.134185791, 7.90397834778, -14.4673662186, -0.11886613071, 58.9310569763, 33.0594711304], [1626.98669434, 145.767593384, 933.330993652, 464.562805176, 321.892425537, 198.876846313, 56.346206665, 67.9636459351, 17.1778411865, -79.2065658569, 7.14039373398, -6.52008199692, 102.224662781], [880.669311523, 251.657073975, 464.562805176, 436.246856689, 207.439788818, 157.006393433, 51.8298835754, 50.1324005127, 30.1764259338, -32.1523017883, 15.0387105942, 27.4901714325, 71.6410369873], [556.992431641, 91.4865493774, 321.892425537, 207.439788818, 229.224609375, 76.7833938599, 48.2129135132, 26.6038990021, 14.3479261398, -34.6609992981, -1.97171843052, 6.67734003067, 46.3359565735], [491.826904297, 91.8234634399, 198.876846313, 157.006393433, 76.7833938599, 147.145233154, 35.1417655945, 56.8042106628, 24.3421154022, -4.22735071182, 17.2319297791, 8.32561779022, 27.143201828], [59.3587532043, 39.7273864746, 56.346206665, 51.8298835754, 48.2129135132, 35.1417655945, 91.555305481, 33.8600502014, 38.3845863342, 8.12226867676, 20.7898521423, 9.89563369751, 20.8214797974], [246.667129517, 33.134185791, 67.9636459351, 50.1324005127, 26.6038990021, 56.8042106628, 33.8600502014, 82.4536437988, 37.1922988892, 16.8843097687, 23.1076774597, 12.224697113, 16.9143409729], [95.5599060059, 7.90397834778, 17.1778411865, 30.1764259338, 14.3479261398, 24.3421154022, 38.3845863342, 37.1922988892, 82.744354248, 29.3083057404, 22.9093799591, 3.42650699615, 18.5340137482], [-87.1582717896, -14.4673662186, -79.2065658569, -32.1523017883, -34.6609992981, -4.22735071182, 8.12226867676, 16.8843097687, 29.3083057404, 74.9685897827, 27.587928772, 17.4322414398, -5.72524785995], [36.3073921204, -0.11886613071, 7.14039373398, 15.0387105942, -1.97171843052, 17.2319297791, 20.7898521423, 23.1076774597, 22.9093799591, 27.587928772, 64.127204895, 28.6250247955, 10.9319124222], [15.9708757401, 58.9310569763, -6.52008199692, 27.4901714325, 6.67734003067, 8.32561779022, 9.89563369751, 12.224697113, 3.42650699615, 17.4322414398, 28.6250247955, 61.0626220703, 16.3971195221], [192.298934937, 33.0594711304, 102.224662781, 71.6410369873, 46.3359565735, 27.143201828, 20.8214797974, 16.9143409729, 18.5340137482, -5.72524785995, 10.9319124222, 16.3971195221, 64.2011642456]],
        "icov": [[0.000445817102445, 4.05060345656e-05, -0.000646925065666, -2.11151127587e-05, -6.43010353087e-05, -0.000468366401037, 0.000643595587462, -0.000608906615525, -0.000256452069152, -7.90678532212e-05, 0.000159784118296, -0.000157619797392, -2.64112804871e-05], [4.05060345656e-05, 0.00190435664263, 0.000349933252437, -0.00144002318848, 0.00017811296857, -0.000274051155429, -0.000376906478778, -0.000268751318799, 0.000143018667586, 0.000304195214994, 0.00111150299199, -0.00174545124173, 0.000370494060917], [-0.000646925065666, 0.000349933252437, 0.00433919858187, -0.00218317611143, -0.00221124617383, -0.000272350036539, -0.000151605621795, 1.87438181456e-05, 0.00128899805713, 0.00128078996204, -0.00126242765691, 0.00214791786857, -0.0015516517451], [-2.11151127587e-05, -0.00144002318848, -0.00218317611143, 0.0080787865445, -0.00226776697673, -0.00376335904002, 0.000478735426441, 0.00186534761451, -0.00155423267279, 4.06562503485e-05, 7.2372113209e-06, -0.00175601139199, -0.00125337869395], [-6.43010353087e-05, 0.00017811296857, -0.00221124617383, -0.00226776697673, 0.0104373693466, 0.000753411906771, -0.00362901668996, 0.000396216957597, -7.43849523133e-05, 0.00135424418841, 0.0020917779766, -0.00133435928728, -0.000499764049891], [-0.000468366401037, -0.000274051155429, -0.000272350036539, -0.00376335904002, 0.000753411906771, 0.0151609769091, -0.0016622254625, -0.00662051513791, 0.00123321032152, 4.96102911711e-05, -0.00137688976247, 0.00181051914115, 0.000927315850276], [0.000643595587462, -0.000376906478778, -0.000151605621795, 0.000478735426441, -0.00362901668996, -0.0016622254625, 0.0174824595451, -0.00345219857991, -0.00552871730179, 0.000878481601831, -0.00280196173117, 0.000183363750693, -0.001360187307], [-0.000608906615525, -0.000268751318799, 1.87438181456e-05, 0.00186534761451, 0.000396216957597, -0.00662051513791, -0.00345219857991, 0.0222988240421, -0.00528814736754, -0.00166055257432, -0.00177211256232, -0.00179521820974, -0.000252476136666], [-0.000256452069152, 0.000143018667586, 0.00128899805713, -0.00155423267279, -7.43849523133e-05, 0.00123321032152, -0.00552871730179, -0.00528814736754, 0.0212097913027, -0.00673845922574, -0.00276053207926, 0.0058372290805, -0.00464969687164], [-7.90678532212e-05, 0.000304195214994, 0.00128078996204, 4.06562503485e-05, 0.00135424418841, 4.96102911711e-05, 0.000878481601831, -0.00166055257432, -0.00673845922574, 0.0213175993413, -0.00515556894243, -0.00420137029141, 0.00294692581519], [0.000159784118296, 0.00111150299199, -0.00126242765691, 7.2372113209e-06, 0.0020917779766, -0.00137688976247, -0.00280196173117, -0.00177211256232, -0.00276053207926, -0.00515556894243, 0.0256873555481, -0.0109418742359, 0.000156922862516], [-0.000157619797392, -0.00174545124173, 0.00214791786857, -0.00175601139199, -0.00133435928728, 0.00181051914115, 0.000183363750693, -0.00179521820974, 0.0058372290805, -0.00420137029141, -0.0109418742359, 0.027125345543, -0.00660306448117], [-2.64112804871e-05, 0.000370494060917, -0.0015516517451, -0.00125337869395, -0.000499764049891, 0.000927315850276, -0.001360187307, -0.000252476136666, -0.00464969687164, 0.00294692581519, 0.000156922862516, -0.00660306448117, 0.0230747293681]]
    },
    "spectral_contrast_coeffs": {
        "max": [-0.501053512096, -0.541222333908, -0.644411742687, -0.706650197506, -0.715325117111, -0.641246497631],
        "mean": [-0.750709235668, -0.79161965847, -0.767252862453, -0.828053832054, -0.825815558434, -0.767423212528],
        "min": [-0.900099873543, -0.950729012489, -0.916358947754, -0.90013897419, -0.90024381876, -0.882192015648],
        "stdev": [0.0616473518312, 0.0614062026143, 0.0459211096168, 0.0281068868935, 0.0226583462209, 0.0378673188388]
    },
    "spectral_contrast_valleys": {
        "max": [-4.39765644073, -4.40001535416, -5.44277858734, -5.88639211655, -5.66888427734, -7.6133518219],
        "mean": [-7.202709198, -6.93540096283, -6.95380592346, -7.36538743973, -7.77271747589, -10.680688858],
        "min": [-12.4320440292, -11.7344808578, -12.6660423279, -12.2066745758, -11.7575387955, -13.5941314697],
        "stdev": [1.48349428177, 0.836420834064, 0.650097191334, 0.586825728416, 0.625405967236, 0.951101541519]
    }
},
"rhythm": {
    "beats_count": 25,
    "beats_loudness": {
        "max": 0.337937325239,
        "mean": 0.0628975108266,
        "min": 0.000793284852989,
        "stdev": 0.0866617187858
    },
    "bpm": 110.9427948,
    "bpm_histogram_first_peak_bpm": 112,
    "bpm_histogram_first_peak_weight": 0.300000011921,
    "bpm_histogram_second_peak_bpm": 123,
    "bpm_histogram_second_peak_spread": 0.444444477558,
    "bpm_histogram_second_peak_weight": 0.208333328366,
    "danceability": 0.909332692623,
    "onset_rate": 3.05657839775,
    "beats_loudness_band_ratio": {
        "max": [0.95488768816, 0.521898925304, 0.542129218578, 0.65263825655, 0.205762267113, 0.0620555095375],
        "mean": [0.524377405643, 0.0770067870617, 0.164544656873, 0.185861095786, 0.0543555468321, 0.0190401952714],
        "min": [0.00187488156371, 0.00614883331582, 0.0115381488577, 0.00246633007191, 0.00232170871459, 0.00102496542968],
        "stdev": [0.348440468311, 0.112624667585, 0.155074164271, 0.195791646838, 0.0521033965051, 0.0168566312641]
    },
    "beats_position": [0.510838985443, 1.04489791393, 1.57895684242, 2.11301589012, 2.6470746994, 3.1811337471, 3.7151927948, 4.2492518425, 4.80653047562, 5.36380958557, 5.92108821869, 6.420317173, 6.91954612732, 7.40716552734, 7.89478445053, 8.38240337372, 8.87002277374, 9.35764122009, 9.82204055786, 10.2864398956, 10.7508392334, 11.2152376175, 11.6912469864, 12.1672563553, 12.6316547394],
