{
"metadata": {
    "version": {
        "essentia": "2.1-beta5",
        "essentia_git_sha": "Undefined",
        "extractor": "music 2.0"
    },
    "audio_properties": {
        "analysis": {
            "equal_loudness": 0,
            "length": 32.4963264465,
            "sample_rate": 44100,
            "start_time": 61.4980506897,
            "downmix": "mix"
        },
        "bit_rate": 192000,
        "length": 199.947036743,
        "lossless": 0,
        "number_channels": 2,
        "replay_gain": -0.124866485596,
        "sample_rate": 48000,
        "codec": "mp3",
        "md5_encoded": "189e1e1d89205967ee64ff832eb9ae06"
    },
    "tags": {
        "file_name": "Denmark_Only Teardrops_Emmelie de Forest.mp3",
        "encoding": ["Lavf58.29.100"]
    }
},
"lowlevel": {
    "average_loudness": 0.66096329689,
    "barkbands_crest": {
        "max": 24.575881958,
        "mean": 10.3066997528,
        "min": 2.61246418953,
        "stdev": 4.36313772202
    },
    "barkbands_flatness_db": {
        "max": 0.301389694214,
        "mean": 0.130935326219,
        "min": 0.0329159162939,
        "stdev": 0.0370246618986
    },
    "barkbands_kurtosis": {
        "max": 42.0978050232,
        "mean": 1.75347757339,
        "min": -1.81916844845,
        "stdev": 3.87703227997
    },
    "barkbands_skewness": {
        "max": 5.97984933853,
        "mean": 0.822083353996,
        "min": -3.27934193611,
        "stdev": 1.13561832905
    },
    "barkbands_spread": {
        "max": 95.0010375977,
        "mean": 27.38256073,
        "min": 2.85368251801,
        "stdev": 15.0927286148
    },
    "dissonance": {
        "max": 0.499842226505,
        "mean": 0.465784579515,
        "min": 0.303559035063,
        "stdev": 0.0298796668649
    },
    "dynamic_complexity": 3.67718625069,
    "erbbands_crest": {
        "max": 30.2153587341,
        "mean": 11.7321872711,
        "min": 2.76886582375,
        "stdev": 6.09361171722
    },
    "erbbands_flatness_db": {
        "max": 0.290908515453,
        "mean": 0.172972559929,
        "min": 0.0706436485052,
        "stdev": 0.0471189171076
    },
    "erbbands_kurtosis": {
        "max": 27.8218574524,
        "mean": 1.8041087389,
        "min": -1.77869546413,
        "stdev": 3.79970097542
    },
    "erbbands_skewness": {
        "max": 4.41723299026,
        "mean": 0.30998274684,
        "min": -4.3964381218,
        "stdev": 1.12431621552
    },
    "erbbands_spread": {
        "max": 108.515045166,
        "mean": 35.4978599548,
        "min": 5.07073450089,
        "stdev": 19.6226806641
    },
    "hfc": {
        "max": 242.352645874,
        "mean": 28.816236496,
        "min": 0.264849722385,
        "stdev": 32.2613754272
    },
    "loudness_ebu128": {
        "integrated": -23.3594970703,
        "loudness_range": 7.59430885315,
        "momentary": {
            "max": -17.9893512726,
            "mean": -24.631526947,
            "min": -31.4780082703,
            "stdev": 3.3737578392
        },
        "short_term": {
            "max": -19.2797641754,
            "mean": -24.5507850647,
            "min": -29.0066585541,
            "stdev": 2.63461613655
        }
    },
    "melbands_crest": {
        "max": 28.6779937744,
        "mean": 12.7056150436,
        "min": 3.22560977936,
        "stdev": 5.5422911644
    },
    "melbands_flatness_db": {
        "max": 0.400358140469,
        "mean": 0.152728378773,
        "min": 0.0246707666665,
        "stdev": 0.0469120591879
    },
    "melbands_kurtosis": {
        "max": 91.3993377686,
        "mean": 7.25512123108,
        "min": -1.91481018066,
        "stdev": 10.8190488815
    },
    "melbands_skewness": {
        "max": 8.67313861847,
        "mean": 1.79666304588,
        "min": -0.944675147533,
        "stdev": 1.50068283081
    },
    "melbands_spread": {
        "max": 203.265182495,
        "mean": 37.9284591675,
        "min": 2.31055307388,
        "stdev": 33.4694633484
    },
    "pitch_salience": {
        "max": 0.820833444595,
        "mean": 0.561659932137,
        "min": 0.199796974659,
        "stdev": 0.116415038705
    },
    "silence_rate_20dB": {
        "max": 1,
        "mean": 1,
        "min": 1,
        "stdev": 0
    },
    "silence_rate_30dB": {
        "max": 1,
        "mean": 0.997144877911,
        "min": 0,
        "stdev": 0.053356423974
    },
    "silence_rate_60dB": {
        "max": 1,
        "mean": 0.0613847263157,
        "min": 0,
        "stdev": 0.240035295486
    },
    "spectral_centroid": {
        "max": 5086.21923828,
        "mean": 1692.79370117,
        "min": 344.455657959,
        "stdev": 831.176269531
    },
    "spectral_complexity": {
        "max": 56,
        "mean": 18.1170597076,
        "min": 0,
        "stdev": 10.341550827
    },
    "spectral_decrease": {
        "max": -5.92993085191e-11,
        "mean": -5.24948884362e-09,
        "min": -3.37864989319e-08,
        "stdev": 5.18787190984e-09
    },
    "spectral_energy": {
        "max": 0.134222775698,
        "mean": 0.0224265158176,
        "min": 0.000247832824243,
        "stdev": 0.021489392966
    },
    "spectral_energyband_high": {
        "max": 0.0313431881368,
        "mean": 0.0022492709104,
        "min": 8.22220681584e-06,
        "stdev": 0.00384587771259
    },
    "spectral_energyband_low": {
        "max": 0.0824373066425,
        "mean": 0.00599214667454,
        "min": 9.44369458011e-06,
        "stdev": 0.0104774385691
    },
    "spectral_energyband_middle_high": {
        "max": 0.0698217079043,
        "mean": 0.00770864961669,
        "min": 4.39564355474e-05,
        "stdev": 0.0103798210621
    },
    "spectral_energyband_middle_low": {
        "max": 0.0727396681905,
        "mean": 0.00696719950065,
        "min": 0.000135849768412,
        "stdev": 0.00770685495809
    },
    "spectral_entropy": {
        "max": 8.68420982361,
        "mean": 7.86216115952,
        "min": 6.79640388489,
        "stdev": 0.308392256498
    },
    "spectral_flux": {
        "max": 0.2844004035,
        "mean": 0.0767854005098,
        "min": 0.0145387332886,
        "stdev": 0.0457133054733
    },
    "spectral_kurtosis": {
        "max": 10.6994638443,
        "mean": 2.07302427292,
        "min": -1.03687679768,
        "stdev": 1.69771075249
    },
    "spectral_rms": {
        "max": 0.0114432973787,
        "mean": 0.00421642372385,
        "min": 0.00049171957653,
        "stdev": 0.00202515977435
    },
    "spectral_rolloff": {
        "max": 9496.14257812,
        "mean": 2167.73583984,
        "min": 86.1328125,
        "stdev": 1900.3927002
    },
    "spectral_skewness": {
        "max": 2.39063739777,
        "mean": 1.13549566269,
        "min": -0.40585309267,
        "stdev": 0.431005269289
    },
    "spectral_spread": {
        "max": 15655564,
        "mean": 5191452.5,
        "min": 2605892.5,
        "stdev": 1417725.75
    },
    "spectral_strongpeak": {
        "max": 9.21416950226,
        "mean": 1.62167775631,
        "min": 0.0252231489867,
        "stdev": 1.80782091618
    },
    "zerocrossingrate": {
        "max": 0.28564453125,
        "mean": 0.0853777751327,
        "min": 0.01416015625,
        "stdev": 0.049035474658
    },
    "barkbands": {
        "max": [0.00255218567327, 0.080361187458, 0.0334607213736, 0.0188165660948, 0.0253928974271, 0.0210908148438, 0.0362056866288, 0.0184675268829, 0.0701628029346, 0.0555276051164, 0.043747972697, 0.0432021990418, 0.0282522607595, 0.013837008737, 0.0217565409839, 0.0174824222922, 0.00889486912638, 0.0098684951663, 0.00243144249544, 0.00395784573629, 0.00574329681695, 0.0153634520248, 0.01094388403, 0.00905134156346, 0.00482988171279, 0.00122986256611, 6.31194006928e-06],
        "mean": [0.000116788789455, 0.00452825287357, 0.00104777398519, 0.000646353524644, 0.0016577366041, 0.00119637767784, 0.000482378614834, 0.000581411761232, 0.0020374932792, 0.00183630280662, 0.00189675064757, 0.000813131860923, 0.00119176576845, 0.000409549480537, 0.000612329633441, 0.000417544069933, 0.0002309770789, 0.000195263899514, 0.000155671325047, 0.000294585013762, 0.000418862764491, 0.000585345609579, 0.000616861565504, 0.000293833581964, 0.000132799672429, 3.03474771499e-05, 1.67974238963e-08],
        "min": [1.26161303626e-08, 1.19150996625e-07, 3.41127270076e-06, 1.07670211946e-06, 4.37037579104e-06, 1.45670201164e-05, 3.18087995765e-06, 2.37941731029e-06, 3.67321581507e-06, 3.341237516e-06, 5.19950754096e-06, 1.28935994326e-06, 2.55882810052e-06, 2.6549616905e-06, 4.92684648634e-06, 2.95202698908e-06, 1.05636536318e-06, 8.35645607822e-07, 4.77657238207e-07, 1.98186057787e-06, 2.78391348729e-06, 2.34751882999e-06, 7.7999328596e-07, 4.48708846079e-07, 2.55370366631e-07, 1.35077227181e-10, 1.34007180352e-10],
        "stdev": [0.000256010593148, 0.00928471796215, 0.00235735648312, 0.00133746024221, 0.00275187334046, 0.00180055189412, 0.00146889535245, 0.00126994471066, 0.00493556540459, 0.00461328076199, 0.00498376972973, 0.00256103975698, 0.00227408111095, 0.000915957149118, 0.00131211383268, 0.0012904307805, 0.000612647854723, 0.000496204360388, 0.000261994660832, 0.000463536183815, 0.000708256615326, 0.00142838840839, 0.00125857582316, 0.000593332981225, 0.000305907829897, 7.48921156628e-05, 1.76355584358e-07]
    },
    "erbbands": {
        "max": [1.87866461277, 19.2982559204, 35.2705841064, 39.7767562866, 97.9437332153, 104.970794678, 152.003631592, 167.643676758, 379.660919189, 382.074188232, 495.093200684, 2114.02685547, 1249.15710449, 2419.43969727, 1767.98876953, 1057.60192871, 1094.83972168, 479.308959961, 950.47088623, 522.027038574, 1182.46740723, 419.493347168, 420.046417236, 208.967102051, 122.017951965, 212.650360107, 208.909454346, 309.670288086, 543.927246094, 434.65838623, 323.573303223, 185.347076416, 150.689285278, 78.6983261108, 22.827419281, 8.68309879303, 1.75557470322, 0.0421919412911, 0.00144607794937, 0.000230045974604],
        "mean": [0.132157459855, 0.993725538254, 1.35165774822, 1.81168520451, 3.58925509453, 5.8830871582, 7.88764381409, 10.2365703583, 7.76509094238, 7.90261125565, 17.2549285889, 52.3272476196, 39.9593582153, 73.7072372437, 78.5714645386, 33.4342689514, 56.0854187012, 25.7965717316, 35.8167533875, 22.5602436066, 20.0149936676, 12.4094705582, 11.0829353333, 8.82363033295, 9.28891372681, 14.2929115295, 16.1176929474, 18.0122814178, 19.8397274017, 20.8309364319, 17.2284469604, 7.18516540527, 4.63136768341, 2.02664399147, 0.689912199974, 0.24639236927, 0.0328864231706, 0.00096742407186, 5.81599488214e-05, 3.52780407411e-05],
        "min": [1.17098479677e-05, 0.000191198458197, 0.00346292741597, 0.0144637515768, 0.0128660751507, 0.0141061963513, 0.0594458319247, 0.108814626932, 0.163547202945, 0.0643118992448, 0.132684916258, 0.256287306547, 0.324684470892, 0.25744971633, 0.376864403486, 0.270170748234, 0.11894967407, 0.116847366095, 0.278845280409, 0.27951747179, 0.163510262966, 0.0607215203345, 0.0772110670805, 0.0611544512212, 0.0713254287839, 0.0839186161757, 0.0962494015694, 0.123873963952, 0.0892551168799, 0.0393427573144, 0.0206180494279, 0.0116342380643, 0.00707827415317, 0.00407545687631, 0.00134599150624, 5.2292674809e-05, 4.32672322859e-06, 6.93783192673e-07, 9.05142314878e-07, 1.64242840128e-06],
        "stdev": [0.275781810284, 2.12540841103, 2.89999890327, 3.30155920982, 6.09261894226, 11.1260194778, 16.2192459106, 16.1957435608, 19.1692123413, 17.6067085266, 35.7767333984, 136.111724854, 81.0944366455, 195.016540527, 189.044158936, 70.8191986084, 98.1620483398, 46.4141540527, 69.6386489868, 45.8407440186, 75.7340698242, 31.4933776855, 26.4186172485, 18.2380008698, 14.5853891373, 23.1484909058, 26.6945343018, 34.2742843628, 47.6226577759, 50.2741699219, 34.2975997925, 14.3722085953, 9.52773189545, 4.72344446182, 1.60421216488, 0.596452236176, 0.0836747512221, 0.00231913779862, 0.000103127153125, 3.50610134774e-05]
    },
    "gfcc": {
        "mean": [-4.20945596695, 81.74609375, -137.778396606, 36.9962425232, -82.8343505859, 33.7543983459, -37.1391563416, -0.447701841593, -24.7083053589, -0.409318655729, -15.1121034622, -3.75266551971, -2.22694611549],
        "cov": [[4122.05957031, -1280.06994629, 777.328674316, 179.692764282, -5.00929164886, 555.467041016, 234.48614502, 683.698730469, -161.409347534, 178.76020813, -100.352302551, 252.471206665, -208.105987549], [-1280.06994629, 1113.96081543, -408.487091064, -77.9736633301, 325.006896973, -137.477462769, 98.41746521, -88.7584609985, 170.973876953, -52.1588172913, 171.216186523, -109.286842346, 175.992248535], [777.328674316, -408.487091064, 804.241882324, 260.470703125, -56.0318565369, 197.751968384, -28.638671875, 124.964096069, -54.0040626526, 161.053665161, -44.4071731567, 111.653862, -103.915298462], [179.692764282, -77.9736633301, 260.470703125, 373.43447876, 86.5016937256, 55.8306655884, 36.8216056824, 48.3121032715, 64.5644836426, 88.384475708, 5.46744012833, 54.4575653076, 5.92987155914], [-5.00929164886, 325.006896973, -56.0318565369, 86.5016937256, 367.057312012, 60.106842041, 85.8227233887, 110.425949097, 89.4543380737, 81.7222976685, 54.7094802856, 28.135723114, 69.8637237549], [555.467041016, -137.477462769, 197.751968384, 55.8306655884, 60.106842041, 258.497833252, 147.016784668, 123.462791443, 2.03602528572, 69.0072937012, 37.9200363159, 41.0916366577, -18.632396698], [234.48614502, 98.41746521, -28.638671875, 36.8216056824, 85.8227233887, 147.016784668, 234.6875, 101.124778748, 47.2602081299, 18.2253036499, 61.3172111511, 9.61565494537, 26.6186599731], [683.698730469, -88.7584609985, 124.964096069, 48.3121032715, 110.425949097, 123.462791443, 101.124778748, 244.749694824, 48.2478866577, 62.5068969727, 23.680398941, 60.998588562, 5.72162103653], [-161.409347534, 170.973876953, -54.0040626526, 64.5644836426, 89.4543380737, 2.03602528572, 47.2602081299, 48.2478866577, 148.2706604, 40.98387146, 50.4232978821, 7.70012903214, 59.4658584595], [178.76020813, -52.1588172913, 161.053665161, 88.384475708, 81.7222976685, 69.0072937012, 18.2253036499, 62.5068969727, 40.98387146, 137.232528687, 26.5293693542, 49.8542671204, -3.71108269691], [-100.352302551, 171.216186523, -44.4071731567, 5.46744012833, 54.7094802856, 37.9200363159, 61.3172111511, 23.680398941, 50.4232978821, 26.5293693542, 127.955993652, 20.3706760406, 37.5678482056], [252.471206665, -109.286842346, 111.653862, 54.4575653076, 28.135723114, 41.0916366577, 9.61565494537, 60.998588562, 7.70012903214, 49.8542671204, 20.3706760406, 93.7680892944, 2.21356463432], [-208.105987549, 175.992248535, -103.915298462, 5.92987155914, 69.8637237549, -18.632396698, 26.6186599731, 5.72162103653, 59.4658584595, -3.71108269691, 37.5678482056, 2.21356463432, 104.782455444]],
        "icov": [[0.00099435239099, 0.000681392266415, 4.06781582569e-05, -0.000139051291626, -8.25899769552e-05, -0.000566450704355, -0.000125047707115, -0.00235477415845, 0.000998070114292, 0.000222744216444, 6.63182363496e-05, -0.000257763109403, 0.000416431081248], [0.000681392266415, 0.00639060139656, -0.00293540838175, 0.00273018772714, -0.00655199075118, 0.00515292491764, -0.00395663268864, 0.0021043648012, -0.0026774907019, 0.0039482312277, -0.00633912812918, 0.00582388741896, -0.00246179592796], [4.06781582569e-05, -0.00293540838175, 0.00537226349115, -0.00364579330198, 0.00467404304072, -0.00550033012405, 0.00412282487378, -0.00316453841515, 0.00312016997486, -0.00442138873041, 0.00384896877222, -0.0039638238959, 0.00235259579495], [-0.000139051291626, 0.00273018772714, -0.00364579330198, 0.0062085413374, -0.00428429991007, 0.00399134075269, -0.0035259120632, 0.00353499269113, -0.00412287563086, 0.00189713411964, -0.00224808393978, 0.00174125831109, -0.00138355465606], [-8.25899769552e-05, -0.00655199075118, 0.00467404304072, -0.00428429991007, 0.0118922349066, -0.00663876254112, 0.00442226557061, -0.00568662118167, 0.00395346758887, -0.00718744378537, 0.00692438334227, -0.00593439582735, 0.000940467638429], [-0.000566450704355, 0.00515292491764, -0.00550033012405, 0.00399134075269, -0.00663876254112, 0.0161209162325, -0.00998265203089, 0.00359867024235, -0.00200809631497, 0.00178982212674, -0.00716349110007, 0.00619358941913, -0.00218754424714], [-0.000125047707115, -0.00395663268864, 0.00412282487378, -0.0035259120632, 0.00442226557061, -0.00998265203089, 0.012774544768, -0.00431684264913, 0.0014015956549, -0.00110595417209, 0.00221329275519, -0.00263079325669, 0.00137972610537], [-0.00235477415845, 0.0021043648012, -0.00316453841515, 0.00353499269113, -0.00568662118167, 0.00359867024235, -0.00431684264913, 0.0157634913921, -0.00721045443788, 0.00267618568614, -0.00269666360691, 0.000621627492364, -0.0017417515628], [0.000998070114292, -0.0026774907019, 0.00312016997486, -0.00412287563086, 0.00395346758887, -0.00200809631497, 0.0014015956549, -0.00721045443788, 0.0158763192594, -0.00623182440177, 0.00121948076412, -0.00107763358392, -0.00279362522997], [0.000222744216444, 0.0039482312277, -0.00442138873041, 0.00189713411964, -0.00718744378537, 0.00178982212674, -0.00110595417209, 0.00267618568614, -0.00623182440177, 0.017650142312, -0.00560207432136, 0.000237048545387, 0.000729405146558], [6.63182363496e-05, -0.00633912812918, 0.00384896877222, -0.00224808393978, 0.00692438334227, -0.00716349110007, 0.00221329275519, -0.00269666360691, 0.00121948076412, -0.00560207432136, 0.0182009804994, -0.00935957953334, 0.00119918456767], [-0.000257763109403, 0.00582388741896, -0.0039638238959, 0.00174125831109, -0.00593439582735, 0.00619358941913, -0.00263079325669, 0.000621627492364, -0.00107763358392, 0.000237048545387, -0.00935957953334, 0.022903976962, -0.0051389769651], [0.000416431081248, -0.00246179592796, 0.00235259579495, -0.00138355465606, 0.000940467638429, -0.00218754424714, 0.00137972610537, -0.0017417515628, -0.00279362522997, 0.000729405146558, 0.00119918456767, -0.0051389769651, 0.0169353354722]]
    },
    "melbands": {
        "max": [0.0212293472141, 0.0142092220485, 0.00891030393541, 0.00546388188377, 0.00611853227019, 0.00350579619408, 0.00670126685873, 0.00367821473628, 0.00409754551947, 0.013699025847, 0.0062049292028, 0.0102579053491, 0.00672497507185, 0.00593253504485, 0.00207864725962, 0.00385805475526, 0.00100246514194, 0.00116769201122, 0.00157735182438, 0.000690569810104, 0.00160527275875, 0.00029744146741, 0.000845657486934, 0.000189352780581, 0.000171791529283, 0.000123858146253, 0.000107571235276, 0.000146185746416, 0.000182978998055, 0.000159584495123, 0.000214645973756, 0.000287465401925, 0.000335048389388, 0.000291264237603, 0.000210557947867, 0.000115313727292, 0.000110695909825, 0.000113003625302, 9.30079695536e-05, 6.87516876496e-05],
        "mean": [0.00124956725631, 0.000909231777769, 0.0003636944748, 0.000344350613886, 0.000286746682832, 0.000226693286095, 0.000113396548841, 8.93848555279e-05, 0.000168126425706, 0.000327874586219, 0.000192002233234, 0.000294717785437, 0.000279022642644, 0.000117294875963, 9.93457360892e-05, 0.000103772013972, 4.19480129494e-05, 5.52873134438e-05, 3.84824852517e-05, 2.83689278149e-05, 2.17003380385e-05, 1.09361144496e-05, 1.45714275277e-05, 8.23359459901e-06, 6.88009913574e-06, 5.95120627622e-06, 7.83167888585e-06, 9.63126240094e-06, 1.04094142444e-05, 9.45087776927e-06, 1.08934145828e-05, 1.10290111479e-05, 1.16633946163e-05, 1.15998927868e-05, 1.11458766696e-05, 5.8839286794e-06, 3.94355993194e-06, 3.49064953298e-06, 2.43703698288e-06, 1.42011947446e-06],
        "min": [3.60789336185e-08, 1.56878274993e-06, 2.48168976213e-06, 8.48527406561e-07, 1.77872698259e-06, 2.29117677009e-06, 7.8934897374e-07, 1.02191492601e-07, 1.05717685983e-06, 1.26416568946e-06, 7.88057946011e-07, 1.05894753233e-06, 9.30591795623e-07, 2.72257921097e-07, 2.35036139884e-07, 2.84490596414e-07, 1.94947745058e-07, 3.89370683251e-07, 4.87913325742e-07, 2.35749268995e-07, 1.84563020866e-07, 4.9260727053e-08, 6.9160208227e-08, 3.72484123545e-08, 9.72033387114e-09, 1.55948018943e-08, 4.32450342203e-08, 4.71807730662e-08, 5.34492983206e-08, 5.70032625546e-08, 7.99890855774e-08, 4.76410022543e-08, 3.70421062712e-08, 1.63686593169e-08, 1.19774119511e-08, 7.61109220093e-09, 5.89329163247e-09, 4.76902606295e-09, 4.00419697399e-09, 2.77673484206e-09],
        "stdev": [0.00257236626931, 0.00174693646841, 0.000631722970866, 0.000522601418197, 0.000581068976317, 0.000344030442648, 0.000300725660054, 0.000187515877769, 0.000342237821314, 0.000866407994181, 0.000414686714066, 0.000815919891465, 0.000703494297341, 0.000357628887286, 0.00017789939011, 0.000232560254517, 8.44618698466e-05, 0.00010645706061, 8.0536090536e-05, 6.79854856571e-05, 9.50230023591e-05, 2.34999242821e-05, 4.94668929605e-05, 1.54869103426e-05, 1.50972518895e-05, 1.0834162822e-05, 1.25229898913e-05, 1.60510189744e-05, 1.87470941455e-05, 1.69625127455e-05, 2.24889754463e-05, 2.62218691205e-05, 3.19833416143e-05, 2.75070560747e-05, 2.25649746426e-05, 1.14701551865e-05, 8.44293936098e-06, 7.33639262762e-06, 5.3292942539e-06, 3.53762152372e-06]
    },
    "melbands128": {
        "max": [0.00221673282795, 0.014122415334, 0.0379755571485, 0.0300211217254, 0.0188815742731, 0.0143271228299, 0.00734653417021, 0.0104238651693, 0.0113316969946, 0.00544252758846, 0.00743660843, 0.0118068028241, 0.00771241541952, 0.00931922812015, 0.00586369773373, 0.00403039623052, 0.0071878945455, 0.0102323889732, 0.0105844764039, 0.00310639571398, 0.00233473838307, 0.00336583680473, 0.00768441846594, 0.0076157161966, 0.0196519177407, 0.0178980808705, 0.0147153921425, 0.00790015235543, 0.0103160385042, 0.0149211818352, 0.0163792539388, 0.0135880168527, 0.0132074113935, 0.0102362101898, 0.0141836069524, 0.0075041949749, 0.00218602153473, 0.00360720558092, 0.00498710060492, 0.0032507525757, 0.00769562320784, 0.0024528990034, 0.00154786149506, 0.00216782372445, 0.00284557812847, 0.0014209265355, 0.00454661296681, 0.00214810227044, 0.00149725365918, 0.00174378126394, 0.0010892553255, 0.0014295054134, 0.00350571773015, 0.00103088165633, 0.000283458648482, 0.000272326898994, 0.000684480823111, 0.00156220071949, 0.00134408520535, 0.000254440325079, 0.000147857426782, 0.000577995437197, 0.000419867545133, 8.98333382793e-05, 0.00013733569358, 0.00027936353581, 0.000133754889248, 0.000125455349917, 0.000136443777592, 0.000276425183984, 0.000254033860983, 0.000193965766812, 0.000268090254394, 0.000355191819835, 0.000176831672434, 0.000186391625903, 0.000375733739929, 0.000336239521857, 0.000223606664804, 0.000287014263449, 0.00032730208477, 0.000452044187114, 0.000389360444387, 0.000517045380548, 0.000338098703651, 0.000394896836951, 0.000341351347743, 0.00037428655196, 0.000282902183244, 0.000293571531074, 0.000159353454364, 0.000141501615872, 0.000112706991786, 0.000118077048683, 0.000110561435577, 0.000139241688885, 0.000111274704977, 6.97566138115e-05, 0.000136190152261, 5.3726202168e-05, 0.000128068131744, 5.80629603064e-05, 3.08348680846e-05, 2.72105153272e-05, 2.90171756205e-05, 2.33995488088e-05, 3.09274473693e-05, 2.21281788981e-05, 2.02618284675e-05, 8.36888921185e-06, 8.29493183119e-06, 1.14404492706e-05, 5.8496557358e-06, 2.89022437983e-07, 2.15630024059e-07, 2.49051339551e-07, 3.5840677981e-08, 3.03866265483e-08, 2.91527086915e-08, 2.81042211725e-08, 2.70905413657e-08, 2.63918185084e-08, 2.57302144036e-08, 2.51348222235e-08, 2.47356553018e-08, 2.43555327017e-08, 2.40797284334e-08, 2.39129054336e-08],
        "mean": [0.00010419573664, 0.000923809595406, 0.00192064850125, 0.00154597393703, 0.000800799403805, 0.000498700246681, 0.000351632217644, 0.000329681846779, 0.000363711151294, 0.000357352691935, 0.000322837673593, 0.000310136034386, 0.000235181491007, 0.000316655903589, 0.000274657475529, 0.0001533125469, 0.000120658340165, 0.00012306861754, 8.02120266599e-05, 7.98782784841e-05, 9.90868502413e-05, 9.65030267253e-05, 0.000149507599417, 0.000241315312451, 0.000434832269093, 0.000336747936672, 0.000175728797331, 0.000173138192622, 0.000165185992955, 0.000365658721421, 0.000290179887088, 0.000250937970122, 0.000337539036991, 0.000267669791356, 0.000140849631862, 7.84302974353e-05, 6.47706765449e-05, 4.39172908955e-05, 0.000188239340787, 0.000140252144774, 8.54195750435e-05, 4.7675366659e-05, 3.03921169689e-05, 5.17621119798e-05, 3.45364387613e-05, 4.77185167256e-05, 0.000100060395198, 2.62317134911e-05, 1.75672666956e-05, 3.73377151845e-05, 2.5324350645e-05, 2.63242127403e-05, 3.00484607578e-05, 1.61676234711e-05, 1.05818935481e-05, 7.69250982557e-06, 1.17445524666e-05, 2.33148457482e-05, 1.15669317893e-05, 7.02065472069e-06, 7.40375980968e-06, 9.55045743467e-06, 9.47844819166e-06, 5.09455139763e-06, 4.48033642897e-06, 5.94262155573e-06, 6.83796497469e-06, 6.93116862749e-06, 6.8329941314e-06, 1.11662156996e-05, 9.53394919634e-06, 8.50616015668e-06, 1.13464111564e-05, 1.14455187941e-05, 8.28045722301e-06, 9.19303056435e-06, 1.02612611954e-05, 9.64213177213e-06, 1.09738612082e-05, 1.23662703118e-05, 1.06948846224e-05, 1.05674189399e-05, 1.12717352749e-05, 1.19578708109e-05, 1.1968747458e-05, 1.12439420263e-05, 1.14459407996e-05, 1.2277476344e-05, 1.16871233331e-05, 1.03538477561e-05, 7.36886158847e-06, 4.3458780965e-06, 3.67248071598e-06, 3.91972571379e-06, 4.23196115662e-06, 3.72126646653e-06, 3.42234784512e-06, 2.97601172861e-06, 2.51450887845e-06, 2.08861774809e-06, 2.02108526537e-06, 1.28985084302e-06, 7.24463177448e-07, 7.76263789248e-07, 8.17153704702e-07, 7.1604125651e-07, 6.05232457929e-07, 4.78805247894e-07, 4.42777206899e-07, 3.32936537006e-07, 2.44496703772e-07, 1.59070978611e-07, 5.1744564189e-08, 5.02550623338e-09, 3.45862760653e-09, 3.12321946083e-09, 5.87372483984e-10, 2.68611244358e-11, 2.56764002421e-11, 2.4756462505e-11, 2.38964802807e-11, 2.33225053853e-11, 2.27980221507e-11, 2.22571700653e-11, 2.16924030821e-11, 2.0977339657e-11, 2.05391086083e-11, 2.03703789947e-11],
        "min": [3.40457356751e-10, 1.59403086286e-08, 1.31527659875e-08, 3.17328172628e-08, 2.22303953024e-07, 1.25924157146e-06, 9.21835351164e-07, 3.87987199701e-07, 1.74980414158e-07, 6.96036295267e-07, 4.73810473522e-07, 1.74344435777e-07, 5.52823053113e-07, 1.6081908143e-06, 2.56656505826e-07, 5.04869603901e-08, 2.57622929212e-07, 2.27015902965e-07, 9.16767675108e-08, 3.23980451356e-08, 4.00569177827e-08, 1.41400207099e-07, 1.9419377395e-07, 2.01990914661e-07, 2.21581075266e-07, 8.25015717965e-08, 1.35979703941e-07, 9.51294296669e-08, 2.04969637707e-07, 1.31756365818e-07, 1.25324504552e-07, 1.8753306108e-07, 6.61376361677e-07, 1.03743687419e-07, 5.41848308444e-08, 5.35474384833e-08, 4.61857396772e-08, 6.74920741517e-08, 1.71033718743e-07, 2.87832847334e-07, 8.94512339755e-08, 4.89761653455e-08, 1.17043960302e-07, 6.81201726138e-08, 2.95418001173e-08, 1.66869810414e-07, 9.09055373199e-08, 4.29006021818e-08, 1.78625839453e-07, 5.02132664337e-08, 1.41704958878e-07, 3.12905363842e-08, 6.46703739449e-08, 3.78236251208e-08, 5.57279982161e-08, 1.2455152465e-08, 4.64492622143e-08, 2.58498964456e-08, 1.39564804158e-08, 3.17948618545e-08, 1.12905889083e-08, 2.79056000529e-09, 5.21029053235e-10, 5.65776270278e-09, 2.95458324473e-09, 5.37322053518e-09, 5.12149478382e-09, 2.61781423205e-08, 3.86947682784e-08, 1.88373530108e-08, 2.7493070931e-08, 2.86769967772e-08, 3.60432572677e-08, 4.97773768871e-08, 3.05413152546e-08, 3.76115423251e-08, 4.36870983833e-08, 4.81993467361e-08, 4.54268338501e-08, 4.86862887783e-08, 3.86941003683e-08, 2.37997852537e-08, 2.06114112444e-08, 3.16911510367e-08, 9.56978496447e-09, 1.23339747304e-08, 1.13574261107e-08, 1.12599938262e-08, 7.80287301438e-09, 6.7539143167e-09, 8.5377660497e-09, 4.76073447331e-09, 3.06539771344e-09, 4.97489782703e-09, 4.38379466061e-09, 3.8521426049e-09, 1.66733093998e-09, 2.43936826294e-09, 3.46311779253e-09, 3.23742788133e-09, 2.14208584204e-09, 1.52798540487e-09, 5.68091892972e-11, 5.32850763513e-10, 6.70516680373e-12, 9.24492687265e-12, 2.02871313498e-12, 1.08214067047e-12, 6.38317415418e-13, 5.07930069532e-13, 6.2276767944e-13, 5.33397328042e-13, 5.59495104326e-13, 4.99257536354e-13, 3.52158162657e-13, 4.72350674199e-13, 4.18971172859e-13, 5.18897912919e-13, 4.90185962567e-13, 4.44662075173e-13, 4.32763769482e-13, 4.25290363907e-13, 4.73215433852e-13, 3.79201607181e-13, 3.67301187295e-13, 9.46710768048e-14, 1.62998751324e-14, 6.97976959636e-16],
        "stdev": [0.000232731952565, 0.0020144043956, 0.0043060965836, 0.00343754887581, 0.00186090695206, 0.00106259994209, 0.000688044412527, 0.000735651701689, 0.000704089528881, 0.000648070883472, 0.00071899080649, 0.000957282551099, 0.000662926409859, 0.00057444703998, 0.000528022472281, 0.000314696488203, 0.00032656188705, 0.000436088361312, 0.000371062662452, 0.000196464461624, 0.00022133528546, 0.000253170874203, 0.000477580761071, 0.000644576502964, 0.00134556577541, 0.00117542035878, 0.000586740614381, 0.000516254338436, 0.000532133097295, 0.00121932651382, 0.00112204428297, 0.00103853433393, 0.00107860565186, 0.000902059255168, 0.000706641119905, 0.000299824692775, 0.000171866631717, 0.000191495346371, 0.000377941061743, 0.000300431594951, 0.000410678272601, 0.000164137032698, 6.83074758854e-05, 0.000160742769367, 0.000137719791383, 0.000113959795272, 0.00027770732413, 8.49968273542e-05, 5.54006473976e-05, 0.0001263069571, 7.1750531788e-05, 9.8813266959e-05, 0.00019266178424, 6.5531967266e-05, 2.30399418797e-05, 1.56520782184e-05, 4.16477814724e-05, 9.5712399343e-05, 5.23288545082e-05, 1.64579923876e-05, 1.32201848828e-05, 2.99625298794e-05, 3.05063513224e-05, 9.8334521681e-06, 1.02701633296e-05, 1.61918669619e-05, 1.28906867758e-05, 1.33361427288e-05, 1.29794143504e-05, 2.37549611484e-05, 1.95573993551e-05, 1.57514095918e-05, 2.35042189161e-05, 2.68277854047e-05, 1.53199525812e-05, 1.81375035027e-05, 2.62581634161e-05, 2.17899323616e-05, 2.50358352787e-05, 2.90049720206e-05, 2.68908770522e-05, 3.00878818962e-05, 3.17787962558e-05, 3.63847939298e-05, 3.47652057826e-05, 3.21622246702e-05, 2.70930104307e-05, 2.91245196422e-05, 2.55205031863e-05, 2.16952194023e-05, 1.52225538841e-05, 9.66637617239e-06, 8.00601264928e-06, 8.95997163752e-06, 9.72923226072e-06, 8.7584985522e-06, 7.4457871051e-06, 6.40383723294e-06, 6.21210347163e-06, 4.56897078038e-06, 5.91042726228e-06, 3.32491572408e-06, 1.82627661616e-06, 1.95645043277e-06, 2.04799653147e-06, 1.72501165707e-06, 1.67101120496e-06, 1.28100282382e-06, 1.22307130823e-06, 8.12728899291e-07, 5.81131132549e-07, 4.76574712138e-07, 2.07508904282e-07, 1.69878493494e-08, 1.25920056604e-08, 1.24069865493e-08, 2.33232788638e-09, 8.1158602061e-10, 7.78643205468e-10, 7.50643935898e-10, 7.23575532824e-10, 7.04911795602e-10, 6.87241985542e-10, 6.71341315872e-10, 6.60685839371e-10, 6.50546838621e-10, 6.43189779215e-10, 6.38735508929e-10]
    },
    "mfcc": {
        "mean": [-631.930969238, 96.732131958, 2.96834540367, 4.24337100983, -12.3875389099, 18.2490558624, -2.25234341621, 2.1923494339, -1.75013911724, 0.13452295959, -6.47110414505, -3.2694978714, -4.47330379486],
        "cov": [[3654.14453125, -1019.99151611, 465.562469482, -110.397735596, 93.4594955444, -61.7833747864, 412.12286377, 413.089904785, 189.875015259, 233.398544312, 17.1334323883, 177.853790283, 151.280334473], [-1019.99151611, 982.468383789, -490.682769775, 16.3295021057, 93.0480041504, -18.7253551483, 31.3215427399, -42.3632240295, 19.2091007233, 23.2473735809, 58.4691200256, -51.4827690125, -10.9515123367], [465.562469482, -490.682769775, 791.387329102, 70.0168380737, 32.989780426, 92.5596618652, 28.9360637665, 10.7371225357, -19.2842960358, 23.5341434479, 3.0218963623, 97.9443664551, 59.2976379395], [-110.397735596, 16.3295021057, 70.0168380737, 311.584075928, 116.750114441, 60.9193153381, -28.242477417, -3.779545784, 60.0190849304, 2.88088440895, 39.1141319275, 34.6465568542, 52.8863601685], [93.4594955444, 93.0480041504, 32.989780426, 116.750114441, 223.379440308, 26.8980026245, 36.5445785522, 16.6085090637, 58.3590393066, 49.8326950073, 28.8597602844, 36.2536773682, 61.7883758545], [-61.7833747864, -18.7253551483, 92.5596618652, 60.9193153381, 26.8980026245, 176.093688965, 61.6178131104, 15.1623382568, 31.630689621, 23.2817268372, 42.0992927551, 26.3693752289, 42.0856285095], [412.12286377, 31.3215427399, 28.9360637665, -28.242477417, 36.5445785522, 61.6178131104, 223.044799805, 106.472557068, 49.9465751648, 69.9813308716, 38.8563156128, 48.2696609497, 47.5160942078], [413.089904785, -42.3632240295, 10.7371225357, -3.779545784, 16.6085090637, 15.1623382568, 106.472557068, 153.86366272, 61.7331237793, 55.0922813416, 27.3939285278, 39.5981826782, 43.386302948], [189.875015259, 19.2091007233, -19.2842960358, 60.0190849304, 58.3590393066, 31.630689621, 49.9465751648, 61.7331237793, 126.74230957, 68.4054031372, 22.5319747925, 7.30057477951, 44.6219100952], [233.398544312, 23.2473735809, 23.5341434479, 2.88088440895, 49.8326950073, 23.2817268372, 69.9813308716, 55.0922813416, 68.4054031372, 131.671386719, 33.8246421814, 15.7155694962, 37.1238365173], [17.1334323883, 58.4691200256, 3.0218963623, 39.1141319275, 28.8597602844, 42.0992927551, 38.8563156128, 27.3939285278, 22.5319747925, 33.8246421814, 90.4789657593, 45.7452964783, 30.3765983582], [177.853790283, -51.4827690125, 97.9443664551, 34.6465568542, 36.2536773682, 26.3693752289, 48.2696609497, 39.5981826782, 7.30057477951, 15.7155694962, 45.7452964783, 126.546470642, 53.4059524536], [151.280334473, -10.9515123367, 59.2976379395, 52.8863601685, 61.7883758545, 42.0856285095, 47.5160942078, 43.386302948, 44.6219100952, 37.1238365173, 30.3765983582, 53.4059524536, 101.870132446]],
        "icov": [[0.000920542166568, 0.00109932140913, 9.66337684076e-05, 0.000223790833843, -0.000555378152058, 0.00114737125114, -0.0013328671921, -0.000895600183867, -0.000370312453015, -0.000482811447, -0.000136855785968, -8.82273743628e-05, -0.000130086147692], [0.00109932140913, 0.00314322859049, 0.0012525531929, 0.000188928694115, -0.00148968631402, 0.00146550138015, -0.00228050141595, -7.28432714823e-05, -3.31366791215e-05, -0.000792138336692, -0.00140429183375, 0.000433375738794, -0.000234215112869], [9.66337684076e-05, 0.0012525531929, 0.00233471835963, -0.0003617250768, -0.0004792099935, -0.00071668846067, -0.000388421758544, 0.000474996544654, 0.00114620255772, -0.000977820018306, 0.000474532513181, -0.00100644596387, -0.000374048482627], [0.000223790833843, 0.000188928694115, -0.0003617250768, 0.0053799059242, -0.00234554591589, -0.000925103609916, 0.00148393283598, -0.000126020269818, -0.00266326591372, 0.00181573466398, -0.00153625279199, -0.000367382599507, -0.00057252170518], [-0.000555378152058, -0.00148968631402, -0.0004792099935, -0.00234554591589, 0.00764032220468, 0.000181046416401, -4.01121142204e-05, 0.00173645396717, -0.000926986918785, -0.0012616708409, 0.000902753788978, -0.00071344996104, -0.00229788781144], [0.00114737125114, 0.00146550138015, -0.00071668846067, -0.000925103609916, 0.000181046416401, 0.00976349785924, -0.00444659451023, 0.000897989608347, -0.0016655868385, 0.00021071084484, -0.00329942419194, 0.00128523109015, -0.00213783537038], [-0.0013328671921, -0.00228050141595, -0.000388421758544, 0.00148393283598, -4.01121142204e-05, -0.00444659451023, 0.0108625683933, -0.00379484053701, 0.000723951437976, -0.000974388385657, 0.000461292773252, -0.00135476759169, 0.000211415186641], [-0.000895600183867, -7.28432714823e-05, 0.000474996544654, -0.000126020269818, 0.00173645396717, 0.000897989608347, -0.00379484053701, 0.013790008612, -0.00381998973899, -0.000175816428964, -0.00100264349021, -0.00134471768979, -0.00167491706088], [-0.000370312453015, -3.31366791215e-05, 0.00114620255772, -0.00266326591372, -0.000926986918785, -0.0016655868385, 0.000723951437976, -0.00381998973899, 0.0160429310054, -0.00572862429544, 0.000925785861909, 0.00247691734694, -0.00271277199499], [-0.000482811447, -0.000792138336692, -0.000977820018306, 0.00181573466398, -0.0012616708409, 0.00021071084484, -0.000974388385657, -0.000175816428964, -0.00572862429544, 0.0136924032122, -0.00362619035877, 0.00163461442571, -0.000790258636698], [-0.000136855785968, -0.00140429183375, 0.000474532513181, -0.00153625279199, 0.000902753788978, -0.00329942419194, 0.000461292773252, -0.00100264349021, 0.000925785861909, -0.00362619035877, 0.0180542673916, -0.00600791908801, 0.000283033470623], [-8.82273743628e-05, 0.000433375738794, -0.00100644596387, -0.000367382599507, -0.00071344996104, 0.00128523109015, -0.00135476759169, -0.00134471768979, 0.00247691734694, 0.00163461442571, -0.00600791908801, 0.0139527702704, -0.00514338677749], [-0.000130086147692, -0.000234215112869, -0.000374048482627, -0.00057252170518, -0.00229788781144, -0.00213783537038, 0.000211415186641, -0.00167491706088, -0.00271277199499, -0.000790258636698, 0.000283033470623, -0.00514338677749, 0.0174793861806]]
    },
    "spectral_contrast_coeffs": {
        "max": [-0.398714661598, -0.480319112539, -0.479855686426, -0.603426873684, -0.617188930511, -0.583619773388],
        "mean": [-0.717607200146, -0.7594794631, -0.76015406847, -0.786111533642, -0.808382451534, -0.738140642643],
        "min": [-0.931990385056, -0.899995148182, -0.893774211407, -0.908637821674, -0.889117836952, -0.847556054592],
        "stdev": [0.0757155492902, 0.069871082902, 0.0808342844248, 0.0506229437888, 0.0433077216148, 0.0382546521723]
    },
    "spectral_contrast_valleys": {
        "max": [-5.16983222961, -5.21139621735, -5.27363681793, -5.78458309174, -5.861079216, -7.26725053787],
        "mean": [-7.02797603607, -6.83009433746, -7.11872577667, -7.42249822617, -7.52543735504, -9.80433177948],
        "min": [-8.98565101624, -8.86653137207, -9.06834411621, -8.8303232193, -9.32865047455, -11.9540023804],
        "stdev": [0.74973410368, 0.531953394413, 0.642866134644, 0.533039808273, 0.612569630146, 1.01884067059]
    }
},
"rhythm": {
    "beats_count": 68,
    "beats_loudness": {
        "max": 0.108882889152,
        "mean": 0.0259473733604,
        "min": 0.00223278813064,
        "stdev": 0.0265822969377
    },
    "bpm": 109.400352478,
    "bpm_histogram_first_peak_bpm": 110,
    "bpm_histogram_first_peak_weight": 0.384615421295,
    "bpm_histogram_second_peak_bpm": 133,
    "bpm_histogram_second_peak_spread": 0.4375,
    "bpm_histogram_second_peak_weight": 0.134328365326,
    "danceability": 0.899973213673,
    "onset_rate": 2.52246069908,
    "beats_loudness_band_ratio": {
        "max": [0.887948393822, 0.589401841164, 0.553437113762, 0.737487316132, 0.6756336689, 0.830476105213],
        "mean": [0.291606038809, 0.164125084877, 0.17465621233, 0.219334289432, 0.0798310935497, 0.109464801848],
        "min": [0.00202764151618, 0.00941665563732, 0.0147902676836, 0.0104272542521, 0.00242074183188, 0.00265342043713],
        "stdev": [0.229829251766, 0.14821626246, 0.134100094438, 0.174537435174, 0.111666604877, 0.189186170697]
    },
    "beats_position": [0.46439909935, 0.952018141747, 1.50929701328, 2.03174591064, 2.57741498947, 3.12308382988, 3.66875267029, 4.20281171799, 4.74848079681, 5.2941493988, 5.8282084465, 6.39709758759, 6.96598625183, 7.5464849472, 8.12698364258, 8.6958732605, 9.25315189362, 9.81043052673, 10.3677091599, 10.8321084976, 11.2965078354, 11.749297142, 12.1904764175, 12.6316547394, 13.0728340149, 13.4907932281, 13.9087524414, 14.3267116547, 14.7446708679, 15.0813598633, 15.4064397812, 15.7431287766, 16.0798187256, 16.4048976898, 16.7415866852, 17.0666656494, 17.4033565521, 17.7284355164, 18.0651245117, 18.4018135071, 18.7268924713, 19.0635814667, 19.5163707733, 19.96916008, 20.4219493866, 20.8747386932, 21.3275279999, 21.7803173065, 22.2331066132, 22.6742858887, 23.1154651642, 23.5682544708, 24.1139221191, 24.6595916748, 25.2168693542, 25.7857589722, 26.343038559, 26.8887062073, 27.4227657318, 27.9684352875, 28.5141029358, 29.0597724915, 29.6054420471, 30.1511096954, 30.6967792511, 31.2308387756, 31.776506424, 32.322177887],
