{
"metadata": {
    "version": {
        "essentia": "2.1-beta5",
        "essentia_git_sha": "Undefined",
        "extractor": "music 2.0"
    },
    "audio_properties": {
        "analysis": {
            "equal_loudness": 0,
            "length": 32.4963264465,
            "sample_rate": 44100,
            "start_time": 93.9943771362,
            "downmix": "mix"
        },
        "bit_rate": 192000,
        "length": 200.64364624,
        "lossless": 0,
        "number_channels": 2,
        "replay_gain": -2.84602546692,
        "sample_rate": 48000,
        "codec": "mp3",
        "md5_encoded": "c8ac07c84849215f24977412f92915cc"
    },
    "tags": {
        "file_name": "North MacedoniaNorth MacedoniaN_Pred Da Se Razdeni_Esma _ Lozano.mp3",
        "encoding": ["Lavf58.29.100"]
    }
},
"lowlevel": {
    "average_loudness": 0.975813627243,
    "barkbands_crest": {
        "max": 24.6223888397,
        "mean": 13.5268726349,
        "min": 2.72404122353,
        "stdev": 4.41229200363
    },
    "barkbands_flatness_db": {
        "max": 0.227198988199,
        "mean": 0.129124596715,
        "min": 0.0197084080428,
        "stdev": 0.034266743809
    },
    "barkbands_kurtosis": {
        "max": 51.2859382629,
        "mean": 3.63939166069,
        "min": -1.86861813068,
        "stdev": 6.07041215897
    },
    "barkbands_skewness": {
        "max": 6.65547227859,
        "mean": 1.6265758276,
        "min": -2.65217256546,
        "stdev": 1.12551319599
    },
    "barkbands_spread": {
        "max": 106.092430115,
        "mean": 28.2101573944,
        "min": 4.5513958931,
        "stdev": 14.5496206284
    },
    "dissonance": {
        "max": 0.499852925539,
        "mean": 0.461808621883,
        "min": 0.32281216979,
        "stdev": 0.0286370087415
    },
    "dynamic_complexity": 1.52688634396,
    "erbbands_crest": {
        "max": 30.0673561096,
        "mean": 11.8916120529,
        "min": 2.16748070717,
        "stdev": 5.83581209183
    },
    "erbbands_flatness_db": {
        "max": 0.255924165249,
        "mean": 0.134454250336,
        "min": 0.0431423708797,
        "stdev": 0.0397986322641
    },
    "erbbands_kurtosis": {
        "max": 21.2945899963,
        "mean": 1.28241705894,
        "min": -1.76789581776,
        "stdev": 2.42508602142
    },
    "erbbands_skewness": {
        "max": 3.97625660896,
        "mean": 0.336556077003,
        "min": -2.44014811516,
        "stdev": 0.926702320576
    },
    "erbbands_spread": {
        "max": 105.508995056,
        "mean": 39.9487228394,
        "min": 6.14009666443,
        "stdev": 19.8761501312
    },
    "hfc": {
        "max": 189.015701294,
        "mean": 41.8547096252,
        "min": 0.263075262308,
        "stdev": 24.3875961304
    },
    "loudness_ebu128": {
        "integrated": -18.11901474,
        "loudness_range": 1.98881149292,
        "momentary": {
            "max": -16.3132266998,
            "mean": -18.2538223267,
            "min": -22.5515270233,
            "stdev": 1.13388097286
        },
        "short_term": {
            "max": -17.1715717316,
            "mean": -18.2066555023,
            "min": -19.7681808472,
            "stdev": 0.677404820919
        }
    },
    "melbands_crest": {
        "max": 33.5847015381,
        "mean": 19.727098465,
        "min": 5.04621505737,
        "stdev": 5.67615461349
    },
    "melbands_flatness_db": {
        "max": 0.329667925835,
        "mean": 0.204233855009,
        "min": 0.0333819054067,
        "stdev": 0.0481326393783
    },
    "melbands_kurtosis": {
        "max": 147.928131104,
        "mean": 15.5419578552,
        "min": -1.5543473959,
        "stdev": 20.1577167511
    },
    "melbands_skewness": {
        "max": 10.6361885071,
        "mean": 2.9884557724,
        "min": -1.04122281075,
        "stdev": 1.81520843506
    },
    "melbands_spread": {
        "max": 128.144317627,
        "mean": 25.0763454437,
        "min": 2.49671030045,
        "stdev": 16.028093338
    },
    "pitch_salience": {
        "max": 0.785729706287,
        "mean": 0.43887463212,
        "min": 0.114020489156,
        "stdev": 0.103232182562
    },
    "silence_rate_20dB": {
        "max": 1,
        "mean": 1,
        "min": 1,
        "stdev": 0
    },
    "silence_rate_30dB": {
        "max": 1,
        "mean": 0.925767302513,
        "min": 0,
        "stdev": 0.262149453163
    },
    "silence_rate_60dB": {
        "max": 1,
        "mean": 0.000713775865734,
        "min": 0,
        "stdev": 0.0267074238509
    },
    "spectral_centroid": {
        "max": 4501.40722656,
        "mean": 1525.55688477,
        "min": 447.230834961,
        "stdev": 589.345825195
    },
    "spectral_complexity": {
        "max": 49,
        "mean": 20.4354038239,
        "min": 0,
        "stdev": 6.15598011017
    },
    "spectral_decrease": {
        "max": -7.07285341406e-11,
        "mean": -1.54592925128e-08,
        "min": -6.89061110393e-08,
        "stdev": 8.1065527624e-09
    },
    "spectral_energy": {
        "max": 0.265309333801,
        "mean": 0.0621433667839,
        "min": 0.000290806376142,
        "stdev": 0.031159222126
    },
    "spectral_energyband_high": {
        "max": 0.0233862865716,
        "mean": 0.00238492712379,
        "min": 2.0347222744e-05,
        "stdev": 0.00280381878838
    },
    "spectral_energyband_low": {
        "max": 0.240534931421,
        "mean": 0.0361686125398,
        "min": 1.87280620594e-05,
        "stdev": 0.0277221538126
    },
    "spectral_energyband_middle_high": {
        "max": 0.053438115865,
        "mean": 0.0111868977547,
        "min": 5.37777668796e-05,
        "stdev": 0.00930720660836
    },
    "spectral_energyband_middle_low": {
        "max": 0.0786978006363,
        "mean": 0.0139116523787,
        "min": 5.16625877935e-05,
        "stdev": 0.0120880156755
    },
    "spectral_entropy": {
        "max": 8.67580604553,
        "mean": 7.86836194992,
        "min": 6.99420547485,
        "stdev": 0.29235008359
    },
    "spectral_flux": {
        "max": 0.384673506021,
        "mean": 0.135094732046,
        "min": 0.0382041707635,
        "stdev": 0.0553823821247
    },
    "spectral_kurtosis": {
        "max": 7.67115688324,
        "mean": 2.43434214592,
        "min": -0.606568813324,
        "stdev": 1.44474458694
    },
    "spectral_rms": {
        "max": 0.0160884540528,
        "mean": 0.00755227683112,
        "min": 0.000532647653017,
        "stdev": 0.00189494155347
    },
    "spectral_rolloff": {
        "max": 10465.1367188,
        "mean": 1434.42370605,
        "min": 64.599609375,
        "stdev": 1568.34887695
    },
    "spectral_skewness": {
        "max": 2.38345813751,
        "mean": 1.31768882275,
        "min": 0.106292001903,
        "stdev": 0.35361212492
    },
    "spectral_spread": {
        "max": 11077713,
        "mean": 6066185.5,
        "min": 3485171.75,
        "stdev": 1301531.25
    },
    "spectral_strongpeak": {
        "max": 11.5666418076,
        "mean": 1.06824040413,
        "min": 0,
        "stdev": 1.58573949337
    },
    "zerocrossingrate": {
        "max": 0.248046875,
        "mean": 0.0630499720573,
        "min": 0.005859375,
        "stdev": 0.0351694226265
    },
    "barkbands": {
        "max": [0.0181372947991, 0.216048359871, 0.070151232183, 0.0396634787321, 0.0420097708702, 0.0333109609783, 0.0511140972376, 0.0636958107352, 0.0589321143925, 0.0458264313638, 0.0261833686382, 0.0245173349977, 0.0306980740279, 0.0289909746498, 0.0333815701306, 0.019556004554, 0.00712455157191, 0.00490422500297, 0.00463696150109, 0.00411679176614, 0.00849331356585, 0.0106901070103, 0.00576564529911, 0.012322338298, 0.0027505136095, 0.00283274706453, 0.00153596419841],
        "mean": [0.00183954159729, 0.0296447202563, 0.00364545849152, 0.00196082121693, 0.00250483653508, 0.00215873983689, 0.00102136249188, 0.00280791963451, 0.00254793418571, 0.00317175942473, 0.00141795130912, 0.000797149958089, 0.00161857332569, 0.00122315110639, 0.00153960869648, 0.000883260159753, 0.000271520228125, 0.000276109349215, 0.000296409183647, 0.000231589117902, 0.000385620136512, 0.000656749180052, 0.000487868353957, 0.000377699354431, 0.000212423343328, 0.000134251022246, 3.03352353512e-05],
        "min": [2.31883930724e-07, 3.24895836457e-06, 5.0088789294e-07, 1.32535467401e-06, 3.00269380205e-06, 2.32290835811e-06, 1.61426430623e-06, 7.57627549319e-06, 2.90160051009e-06, 1.05791277747e-05, 5.70104020881e-06, 2.63041465587e-06, 1.41402333611e-05, 1.1674325151e-06, 2.61754348685e-06, 1.19101707696e-06, 3.95684082832e-06, 1.32726461288e-06, 1.97173517336e-06, 8.97523932508e-06, 4.3958407332e-06, 4.77363073514e-06, 1.97834287974e-06, 1.51158042172e-06, 2.86672593575e-06, 3.65322733842e-07, 1.32106825479e-10],
        "stdev": [0.00218860805035, 0.0238057971001, 0.00738901551813, 0.00441767368466, 0.00314892432652, 0.00315495114774, 0.00283723999746, 0.0069687385112, 0.00573750818148, 0.00628798175603, 0.00323861744255, 0.00192022020929, 0.00351318251342, 0.00275911437348, 0.00340101635084, 0.00192347506527, 0.000448135338956, 0.000340617669281, 0.000372062902898, 0.000316584279062, 0.000574728590436, 0.000854174722917, 0.000686055747792, 0.000812826910987, 0.000300909829093, 0.000232453821809, 0.000109347587568]
    },
    "erbbands": {
        "max": [6.37909173965, 47.2389030457, 74.9775619507, 112.662841797, 158.633361816, 96.7088851929, 310.315185547, 384.877593994, 606.461608887, 1051.2947998, 1607.09411621, 1660.08410645, 1191.00549316, 1668.15686035, 1034.16418457, 1169.80957031, 1506.65869141, 1554.59484863, 999.705871582, 1467.59851074, 856.516174316, 369.195770264, 333.826507568, 106.522148132, 282.344970703, 207.402984619, 215.45602417, 371.444030762, 431.243011475, 203.784683228, 140.25227356, 183.674911499, 273.553009033, 48.3163986206, 15.7494621277, 10.6704273224, 5.16661071777, 1.69057583809, 0.298254400492, 0.00995554029942],
        "mean": [1.10457837582, 5.59911346436, 5.10296297073, 6.13102388382, 6.33006715775, 7.98251724243, 19.3222236633, 14.1291570663, 12.3488969803, 21.2980690002, 78.4803314209, 62.6130905151, 81.6838607788, 97.317276001, 40.1571273804, 38.609085083, 72.0482254028, 74.7570571899, 65.0948867798, 75.005241394, 39.1011352539, 15.3791027069, 17.0033588409, 11.3454780579, 17.2032527924, 10.5379590988, 11.3608322144, 19.7336463928, 24.4811935425, 19.3619613647, 12.5057573318, 7.732421875, 6.39598369598, 3.03577280045, 1.19349253178, 0.652939379215, 0.223580226302, 0.0462552420795, 0.00589624652639, 0.000260023138253],
        "min": [0.000107123960333, 0.000583582383115, 0.000992329441942, 0.0134462146088, 0.00356429838575, 0.01294259727, 0.0201703794301, 0.0202252678573, 0.0706597268581, 0.247026696801, 0.381952494383, 0.248041391373, 0.235534310341, 0.565489172935, 0.164007663727, 0.172623708844, 0.633061647415, 0.180714339018, 0.109830334783, 0.0866101831198, 0.129981398582, 0.179352924228, 0.107700079679, 0.0395578704774, 0.338549315929, 0.297272771597, 0.261755734682, 0.106865137815, 0.211516216397, 0.0769153609872, 0.0665626302361, 0.0285599865019, 0.0267107281834, 0.0295383166522, 0.0172444041818, 0.00363705004565, 0.000299940089462, 1.33799785544e-05, 3.41104077961e-06, 5.61783110697e-07],
        "stdev": [0.890979468822, 5.19321060181, 7.67030525208, 13.8508052826, 10.5930538177, 10.9114627838, 26.3809185028, 26.4827671051, 33.380115509, 50.6823158264, 184.911575317, 146.952423096, 168.846038818, 185.896682739, 75.7158813477, 84.9754562378, 146.087860107, 149.599563599, 100.952430725, 172.561950684, 80.5720748901, 20.9778137207, 21.1178817749, 11.7801427841, 21.3972568512, 15.3901615143, 16.522649765, 28.5012989044, 32.8845977783, 27.6624679565, 16.6380710602, 13.5950565338, 14.7754678726, 4.63930416107, 1.72697269917, 1.06250762939, 0.400504648685, 0.111444085836, 0.0226932875812, 0.000785905867815]
    },
    "gfcc": {
        "mean": [63.8565979004, 67.200958252, -99.6212844849, 35.6347045898, -53.1704521179, 37.3999519348, -27.8746242523, 13.2845611572, -14.4041614532, 13.5450391769, -16.6902370453, 6.04080533981, -8.85680580139],
        "cov": [[1032.82385254, -258.349700928, 218.54447937, -98.5474700928, 76.3686447144, 59.6133918762, 44.1813774109, -11.2025022507, -30.130897522, -40.5087623596, -10.461145401, 20.3921012878, -84.2537384033], [-258.349700928, 729.677001953, -68.2483596802, 7.52440214157, 122.711593628, -31.1975898743, 12.0427007675, 55.513343811, 30.8198719025, 30.0281867981, 35.3773651123, -36.9531288147, 40.7886924744], [218.54447937, -68.2483596802, 508.314422607, 87.4404678345, 105.718894958, -1.81424295902, -29.6242637634, 23.7286472321, -29.3476676941, 9.20626354218, 1.63683664799, 7.57937717438, -21.8567295074], [-98.5474700928, 7.52440214157, 87.4404678345, 295.26751709, 79.4261169434, -1.50919187069, -92.8862762451, -19.2059726715, 11.10476017, 21.2063846588, -13.0449104309, 6.61730623245, 51.3055953979], [76.3686447144, 122.711593628, 105.718894958, 79.4261169434, 283.512573242, -8.96730899811, -80.2911148071, 0.911273002625, 34.5392456055, 17.9614849091, -20.086517334, 17.4803676605, 57.7009086609], [59.6133918762, -31.1975898743, -1.81424295902, -1.50919187069, -8.96730899811, 180.258789062, 142.147445679, 4.3037853241, -35.1014060974, -26.2505893707, 5.67353820801, 23.4728908539, -15.0194683075], [44.1813774109, 12.0427007675, -29.6242637634, -92.8862762451, -80.2911148071, 142.147445679, 287.866973877, 37.0327644348, -40.2955589294, -46.3194236755, 9.19923782349, -4.20238208771, -62.2275619507], [-11.2025022507, 55.513343811, 23.7286472321, -19.2059726715, 0.911273002625, 4.3037853241, 37.0327644348, 97.9828796387, 44.3723449707, 6.79844045639, 4.38190031052, -22.4643325806, -6.06169939041], [-30.130897522, 30.8198719025, -29.3476676941, 11.10476017, 34.5392456055, -35.1014060974, -40.2955589294, 44.3723449707, 132.58921814, 36.834602356, -6.72537755966, -9.85288047791, 7.12344884872], [-40.5087623596, 30.0281867981, 9.20626354218, 21.2063846588, 17.9614849091, -26.2505893707, -46.3194236755, 6.79844045639, 36.834602356, 88.7626190186, 34.5032501221, 2.37199115753, 2.97672915459], [-10.461145401, 35.3773651123, 1.63683664799, -13.0449104309, -20.086517334, 5.67353820801, 9.19923782349, 4.38190031052, -6.72537755966, 34.5032501221, 75.776008606, 19.7446289062, -6.45567941666], [20.3921012878, -36.9531288147, 7.57937717438, 6.61730623245, 17.4803676605, 23.4728908539, -4.20238208771, -22.4643325806, -9.85288047791, 2.37199115753, 19.7446289062, 87.4606170654, 55.0830688477], [-84.2537384033, 40.7886924744, -21.8567295074, 51.3055953979, 57.7009086609, -15.0194683075, -62.2275619507, -6.06169939041, 7.12344884872, 2.97672915459, -6.45567941666, 55.0830688477, 137.82131958]],
        "icov": [[0.00142191688064, 0.000475731067127, -0.00046034247498, 0.000657722703181, -0.000772885628976, -0.000335524149705, 0.000159110553795, 4.25864054705e-05, -5.37915002496e-05, 0.000589391740505, -0.000182325020432, -0.000444114557467, 0.000930348294787], [0.000475731067127, 0.00208420515992, 0.000315414072247, 0.000138764007716, -0.00147907005157, 0.000580114894547, -0.000715242931619, -0.000660921214148, 0.000252558733337, 0.000129943524371, -0.00169124745298, 0.00151344854385, -0.000697150477208], [-0.00046034247498, 0.000315414072247, 0.00291435746476, -0.00106547982432, -0.00113283633254, 0.000687431369442, 5.95285855525e-05, -0.00211558747105, 0.00175794051029, -0.000518682762049, 8.90961164259e-05, -0.00106842571404, 0.00131860596593], [0.000657722703181, 0.000138764007716, -0.00106547982432, 0.0048969918862, -0.000521406647749, -0.00194423098583, 0.00160842516925, 0.00116660888307, -0.000499168236274, -0.000435673049651, 0.000323546439176, 0.00135547970422, -0.00133835349698], [-0.000772885628976, -0.00147907005157, -0.00113283633254, -0.000521406647749, 0.00603899126872, -0.0013732482912, 0.0013986879494, 0.000790929654613, -0.00143794785254, -0.000764019612689, 0.0022114366293, -0.00047894497402, -0.00164613220841], [-0.000335524149705, 0.000580114894547, 0.000687431369442, -0.00194423098583, -0.0013732482912, 0.0112222414464, -0.00613296451047, -0.000330631883116, 0.00142836850137, 1.10074361146e-05, -0.000206009033718, -0.00282331509516, 0.000514935120009], [0.000159110553795, -0.000715242931619, 5.95285855525e-05, 0.00160842516925, 0.0013986879494, -0.00613296451047, 0.00886473897845, -0.00308290892281, 0.00100671534892, 0.00212646974251, 0.0002197586291, -0.00116716255434, 0.00271142204292], [4.25864054705e-05, -0.000660921214148, -0.00211558747105, 0.00116660888307, 0.000790929654613, -0.000330631883116, -0.00308290892281, 0.0169262196869, -0.00706020416692, 0.00101149454713, -0.00282342080027, 0.00615010317415, -0.00381002249196], [-5.37915002496e-05, 0.000252558733337, 0.00175794051029, -0.000499168236274, -0.00143794785254, 0.00142836850137, 0.00100671534892, -0.00706020416692, 0.0126660950482, -0.00510307587683, 0.00373975513503, -0.00226577185094, 0.00179496640339], [0.000589391740505, 0.000129943524371, -0.000518682762049, -0.000435673049651, -0.000764019612689, 1.10074361146e-05, 0.00212646974251, 0.00101149454713, -0.00510307587683, 0.0187142752111, -0.00980666838586, 0.00124067685101, 0.000631800096016], [-0.000182325020432, -0.00169124745298, 8.90961164259e-05, 0.000323546439176, 0.0022114366293, -0.000206009033718, 0.0002197586291, -0.00282342080027, 0.00373975513503, -0.00980666838586, 0.0220732670277, -0.0084585705772, 0.00374258426018], [-0.000444114557467, 0.00151344854385, -0.00106842571404, 0.00135547970422, -0.00047894497402, -0.00282331509516, -0.00116716255434, 0.00615010317415, -0.00226577185094, 0.00124067685101, -0.0084585705772, 0.0233382955194, -0.0113906068727], [0.000930348294787, -0.000697150477208, 0.00131860596593, -0.00133835349698, -0.00164613220841, 0.000514935120009, 0.00271142204292, -0.00381002249196, 0.00179496640339, 0.000631800096016, 0.00374258426018, -0.0113906068727, 0.0151614956558]]
    },
    "melbands": {
        "max": [0.0612320713699, 0.0360996313393, 0.0168289616704, 0.0109160151333, 0.00971715245396, 0.00756808929145, 0.00974270887673, 0.00955588277429, 0.0115507170558, 0.0110482973978, 0.00613075029105, 0.00700198486447, 0.00415341556072, 0.00369874830358, 0.0047337631695, 0.00421155663207, 0.00353101850487, 0.0017461887328, 0.00373716675676, 0.00157898315229, 0.000731298059691, 0.000322888139635, 0.000381104560802, 0.000174786589923, 9.63670099736e-05, 0.000308823218802, 0.000149002793478, 0.000130156666273, 0.000122422701679, 0.000277095590718, 0.000176510176971, 0.00029996552621, 0.000189479862456, 0.000142197706737, 8.99558508536e-05, 5.14120401931e-05, 0.000154651730554, 0.000233732323977, 8.06890020613e-05, 3.07229383907e-05],
        "mean": [0.00909668300301, 0.00414592260495, 0.00104430573992, 0.000494211679325, 0.000603997090366, 0.000330064067384, 0.00019963257364, 0.000271265162155, 0.000643569219392, 0.000377055781428, 0.000408874591812, 0.000408235093346, 0.000157069283887, 9.06217901502e-05, 0.000107021391159, 0.0001794713462, 0.000133192166686, 9.37417717068e-05, 0.000120032855193, 8.13922306406e-05, 3.5926255805e-05, 1.35180098368e-05, 1.90896644199e-05, 1.1810732758e-05, 8.24863127491e-06, 1.32748018586e-05, 1.05286235339e-05, 6.06465482633e-06, 6.02435329711e-06, 8.67904236657e-06, 1.26607392303e-05, 1.48603849084e-05, 1.10353712444e-05, 1.08894855657e-05, 7.68056088418e-06, 4.99131056131e-06, 4.68734742753e-06, 4.90913726026e-06, 3.2198693134e-06, 2.36871119341e-06],
        "min": [1.11681049475e-06, 6.81272467773e-07, 2.04641332857e-06, 5.51207449462e-07, 7.11595475877e-07, 4.56619801525e-07, 7.03965440607e-07, 1.51031451878e-06, 1.8199174292e-06, 5.32744991233e-07, 1.09723680453e-06, 2.26200336328e-06, 9.04470823571e-07, 1.45618486158e-07, 1.01195507796e-06, 1.34298761623e-06, 2.06645538015e-07, 1.4184715269e-07, 2.07284628573e-07, 6.37590673591e-08, 1.8528517387e-07, 2.12104552588e-07, 1.32331436475e-07, 5.77458045825e-08, 2.08320791728e-08, 1.05196129141e-07, 2.15459749597e-07, 1.70114546449e-07, 1.51054905473e-07, 1.48970045188e-07, 3.27076676854e-08, 1.32470688641e-07, 8.34524982452e-08, 2.65818655976e-08, 5.45079821279e-08, 1.01135224639e-08, 1.90447462245e-08, 1.72855507685e-08, 2.18777653771e-08, 2.58306460665e-08],
        "stdev": [0.00707658613101, 0.00443672947586, 0.00211524660699, 0.000685100210831, 0.000782237271778, 0.000570009287912, 0.000522206944879, 0.000629812828265, 0.0014375501778, 0.0009673210443, 0.000875498983078, 0.000798374821898, 0.000343246356351, 0.000206060663913, 0.00026851327857, 0.000402831676183, 0.000324353779433, 0.000159404866281, 0.000315019133268, 0.000179941067472, 7.61584451539e-05, 2.13269522646e-05, 3.17715821438e-05, 1.54090394062e-05, 9.77181298367e-06, 1.98024063138e-05, 1.37785254992e-05, 1.02136009446e-05, 8.79114941199e-06, 1.44430196087e-05, 1.85282151506e-05, 2.11574133573e-05, 1.48951057781e-05, 1.71918218257e-05, 1.06662018879e-05, 6.6019474616e-06, 9.95826849248e-06, 1.25747246784e-05, 5.98791302764e-06, 3.49895253748e-06]
    },
    "melbands128": {
        "max": [0.0163565017283, 0.0551445893943, 0.103813678026, 0.0709300562739, 0.0412863120437, 0.0363268107176, 0.0270052291453, 0.0166672412306, 0.0181961227208, 0.015688251704, 0.00550664588809, 0.0110535547137, 0.0140570867807, 0.0131445769221, 0.013885691762, 0.00967212300748, 0.0138944108039, 0.0129677830264, 0.0177015606314, 0.0161250084639, 0.0131151713431, 0.0254740100354, 0.0178046412766, 0.016549827531, 0.0152528276667, 0.0165798012167, 0.0126598104835, 0.0112727470696, 0.0135036995634, 0.0142023200169, 0.0113478153944, 0.0088435234502, 0.00837708730251, 0.004314863123, 0.00324876233935, 0.00731959985569, 0.00720860576257, 0.0100967725739, 0.00869381986558, 0.00822355877608, 0.00723976781592, 0.00399482669309, 0.00487267179415, 0.00535032432526, 0.00329263578169, 0.00408589560539, 0.00373422470875, 0.00736649520695, 0.0059670493938, 0.00437200348824, 0.00272206845693, 0.00411336729303, 0.00120896974113, 0.00111644843128, 0.000439057912445, 0.00051880691899, 0.000751856539864, 0.000956015544944, 0.000464339071186, 0.000636257696897, 0.000297971564578, 0.000231379279285, 0.000207344142837, 0.000160355572007, 0.000397083873395, 0.000504447729327, 0.000406769278925, 0.000361568148946, 0.000178957328899, 0.000440788106062, 0.000243785820203, 0.00012555612193, 0.000176102432306, 0.000115396702313, 0.000187362966244, 0.00025544752134, 0.000365943997167, 0.000321360072121, 0.000210514670471, 0.000255036371527, 0.00036444736179, 0.000420801457949, 0.000215353677049, 0.000241149566136, 0.000165439181728, 0.000169052917045, 0.000301292486256, 0.000227382639423, 0.000105090606667, 0.000133031047881, 8.76354970387e-05, 6.21967628831e-05, 9.51826441451e-05, 0.000169257560628, 0.000192836989299, 0.000280767475488, 0.000359861413017, 0.000189640501048, 0.000101678473584, 6.50120564387e-05, 4.60913906863e-05, 4.62318312202e-05, 2.69462816505e-05, 3.28848109348e-05, 2.10507605516e-05, 9.97207916953e-06, 2.21191803575e-05, 2.30198766076e-05, 2.08584569918e-05, 2.76425671473e-05, 1.98381021619e-05, 1.76478897629e-05, 1.65309938893e-05, 1.31979259095e-05, 2.07844241231e-05, 1.34522342705e-05, 9.95136724669e-06, 1.26598115457e-05, 1.57534705068e-05, 9.81217999652e-06, 1.01320138128e-05, 8.86152156454e-06, 6.38323945168e-06, 3.71702185475e-07, 2.99531350834e-08, 2.87567907264e-08, 2.82332557333e-08, 2.79531882086e-08],
        "mean": [0.00168954348192, 0.00901266932487, 0.0130609832704, 0.00790666416287, 0.00308721908368, 0.00174365052953, 0.00130522693507, 0.000859890307765, 0.000599630991928, 0.000486246513901, 0.000388120184653, 0.000505904841702, 0.000789680809248, 0.000573244178668, 0.000333843636326, 0.000192621533643, 0.000136820541229, 0.000216391403228, 0.00026818367769, 0.00017624051543, 0.000238833323237, 0.000616256555077, 0.000904286513105, 0.000393824739149, 0.000355556607246, 0.000396465387894, 0.000307595997583, 0.000445661920821, 0.000444300327217, 0.000454994704342, 0.000422993820393, 0.000262863497483, 0.000125086618937, 0.00010507004481, 5.87620925216e-05, 0.000102379999589, 0.000115854687465, 7.84773510532e-05, 0.000114260539704, 0.000187605241081, 0.000218698827666, 0.000131056949613, 0.000143575001857, 0.000135093199788, 6.98321164236e-05, 9.3237758847e-05, 0.000108266904135, 0.000130205182359, 0.000129107866087, 8.45776012284e-05, 8.09142220533e-05, 7.21830947441e-05, 4.19939970016e-05, 2.21725167648e-05, 1.47219670907e-05, 1.06016486825e-05, 1.17663694255e-05, 2.44131842919e-05, 1.88620979316e-05, 1.62575252034e-05, 1.12015859486e-05, 9.44599014474e-06, 6.72355736242e-06, 7.6407322922e-06, 1.08786525743e-05, 1.41978534884e-05, 1.46990132635e-05, 1.20799959404e-05, 1.00655661299e-05, 7.45221313991e-06, 5.63998628422e-06, 5.79362085773e-06, 5.26100620846e-06, 5.3691451285e-06, 7.6334199548e-06, 9.07186131371e-06, 8.28313204693e-06, 1.04746750367e-05, 1.37011138577e-05, 1.43785273394e-05, 1.51709800775e-05, 1.60303643497e-05, 1.17843364933e-05, 1.02733829408e-05, 1.06219522422e-05, 1.05667404569e-05, 1.21962684716e-05, 9.23560764932e-06, 7.09150708644e-06, 6.89332318871e-06, 5.75746071263e-06, 4.05985247198e-06, 4.32189244748e-06, 4.59348439108e-06, 5.01260728925e-06, 5.21231777384e-06, 4.99163343193e-06, 4.45934347226e-06, 3.06844526676e-06, 2.79155324279e-06, 2.44594343712e-06, 2.4239582217e-06, 2.08938558899e-06, 1.89743832379e-06, 1.23874133351e-06, 5.50459844817e-07, 1.2111028127e-06, 1.23476752378e-06, 1.1971604863e-06, 1.12554482712e-06, 9.69656070993e-07, 8.82105553046e-07, 6.14320867953e-07, 5.51804362203e-07, 5.16873342349e-07, 4.07406588465e-07, 3.49148876921e-07, 2.03151515166e-07, 2.06279622716e-07, 2.01017996915e-07, 1.59408983791e-07, 1.40766175605e-07, 8.12476912415e-08, 3.04817437957e-09, 2.97182937981e-11, 2.85109262588e-11, 2.7938446695e-11, 2.76715386716e-11],
        "min": [1.1491134444e-07, 1.60629284096e-07, 5.90108356846e-07, 1.9364892978e-07, 2.41775865106e-07, 2.8131339036e-07, 1.66600375451e-06, 4.14929019144e-07, 1.818883959e-07, 5.77212517783e-07, 1.76289645992e-07, 7.4714114362e-07, 6.94497657605e-07, 6.8001446607e-07, 4.32078905988e-07, 1.94160875822e-07, 2.12983877645e-07, 1.69997463217e-07, 1.65405850794e-07, 7.99906274551e-08, 1.74163744759e-07, 1.42705357575e-06, 6.40694167942e-07, 3.85439960837e-07, 1.76042149747e-07, 1.31849290597e-07, 2.59035459749e-07, 1.43385619822e-07, 7.82703637014e-07, 9.11719325813e-07, 5.21118295183e-07, 4.0593323547e-07, 7.51420898837e-08, 9.54712575663e-08, 2.47904008432e-08, 7.71684440792e-08, 4.49933963864e-07, 5.35708124971e-07, 3.10953254257e-07, 6.56595886994e-07, 3.2096241398e-07, 3.52360331135e-07, 1.18194328991e-07, 1.93580717678e-07, 5.30506767404e-08, 9.53046779273e-08, 2.74093792996e-07, 3.14051987971e-07, 7.10288645678e-08, 3.0073113777e-08, 3.98943953428e-08, 7.47736663698e-08, 1.0777479531e-07, 1.68508734077e-07, 6.38092387817e-08, 4.99628178829e-08, 4.99049157554e-08, 1.12067539249e-07, 8.93649101386e-08, 6.45972590974e-08, 5.08742061811e-08, 1.22506262912e-08, 1.42451463958e-08, 3.26687334962e-08, 1.25635963855e-08, 4.69994283492e-08, 8.51520454148e-08, 1.52107517692e-07, 2.47347145432e-07, 3.80030726888e-08, 7.03242619693e-08, 6.07708372513e-08, 1.14901546056e-07, 5.95692064564e-08, 1.7619284165e-07, 2.7955098858e-07, 2.79890279842e-08, 3.6047310914e-08, 2.86113301939e-08, 2.15271604986e-08, 1.52084652427e-07, 1.72442895519e-07, 9.00753676092e-08, 1.10572628387e-07, 3.14137977853e-08, 1.85653501461e-08, 2.05160333167e-08, 4.52965984721e-08, 6.24363920565e-08, 7.85757503508e-09, 1.08020659084e-08, 4.47199699494e-09, 2.2800547228e-08, 1.41621603333e-08, 2.51150549246e-08, 1.76691212772e-08, 1.13327782714e-08, 2.29575487509e-08, 1.54538266628e-08, 3.41206707333e-08, 1.3947630606e-08, 2.8676627295e-08, 2.66098005852e-08, 2.54284273637e-08, 9.07206310075e-09, 3.05846592497e-09, 4.94324225997e-09, 3.31038307877e-09, 1.07100532887e-08, 4.35873248605e-09, 1.72983971591e-09, 5.42490441457e-10, 9.82799779059e-12, 5.02613185446e-12, 1.06961987011e-12, 7.94333674357e-13, 8.17499659547e-13, 4.62068317636e-13, 3.59793276986e-13, 3.2073879685e-13, 3.04039237363e-13, 2.92343189587e-13, 3.18104700567e-13, 2.98019502956e-13, 1.71016006261e-13, 7.70330522461e-14, 9.13488865307e-15, 4.67674842266e-16],
        "stdev": [0.00204153778031, 0.00799983553588, 0.0111474506557, 0.00831735972315, 0.00443027494475, 0.00385172269307, 0.00327808852307, 0.00180304865353, 0.00111723854207, 0.000904810498469, 0.000655842421111, 0.00088209140813, 0.00121075450443, 0.000944220111705, 0.000845829723403, 0.000532564765308, 0.000655849173199, 0.000643532082904, 0.000776055792812, 0.000685118662659, 0.000925371597987, 0.00190542358905, 0.002338322578, 0.00100411614403, 0.00126791582443, 0.00149430520833, 0.00100552779622, 0.00131308659911, 0.00137211207766, 0.00118692719843, 0.0011160816066, 0.00080759008415, 0.000430271320511, 0.000284490466584, 0.000175927925739, 0.000358629855327, 0.00036992400419, 0.000400827615522, 0.000389686814742, 0.000563070119824, 0.000712459324859, 0.000296275975415, 0.000455909757875, 0.000494569656439, 0.000199538146262, 0.000273010926321, 0.000268139236141, 0.000496360764373, 0.00049009633949, 0.000305255962303, 0.000237278931309, 0.000270473130513, 0.000122099940199, 5.71802956983e-05, 3.26027147821e-05, 2.97975711874e-05, 2.87815200863e-05, 6.89733060426e-05, 3.45240987372e-05, 3.40272054018e-05, 1.98214165721e-05, 1.97578083316e-05, 1.08038748294e-05, 1.19244014058e-05, 2.26917927648e-05, 3.06780275423e-05, 2.72794568446e-05, 2.23166553042e-05, 1.58616639965e-05, 2.01538387046e-05, 1.46461725308e-05, 1.03330512502e-05, 9.24401683733e-06, 9.01388557395e-06, 1.33815437948e-05, 1.5403753423e-05, 1.80463157449e-05, 1.89842085092e-05, 2.42841779254e-05, 2.36372106883e-05, 2.58380241576e-05, 2.66882125288e-05, 1.73600492417e-05, 1.60545660037e-05, 1.73741100298e-05, 1.75361583388e-05, 2.34035651374e-05, 1.65542678587e-05, 1.04542496047e-05, 1.10727469291e-05, 8.21144112706e-06, 6.14089276496e-06, 7.42227484807e-06, 1.00036841104e-05, 1.25985525301e-05, 1.62156320584e-05, 1.39711264637e-05, 1.05641120172e-05, 6.1477617237e-06, 4.67692461825e-06, 3.91044659409e-06, 4.03728654419e-06, 3.10766813527e-06, 3.07999835059e-06, 1.94116864805e-06, 9.27814937768e-07, 1.91897788682e-06, 2.02854039344e-06, 2.14159240386e-06, 1.9948802219e-06, 1.74049966972e-06, 1.63469371728e-06, 1.19526566777e-06, 1.03564491383e-06, 1.13423016046e-06, 1.00714510154e-06, 8.73843305271e-07, 7.42031602385e-07, 8.45983834097e-07, 7.98962105364e-07, 7.74749992161e-07, 7.01688804838e-07, 4.49430871186e-07, 2.03134238319e-08, 7.99820654152e-10, 7.67880647956e-10, 7.53904660922e-10, 7.46423034492e-10]
    },
    "mfcc": {
        "mean": [-585.174499512, 99.0578079224, 16.546831131, 13.1009140015, 7.38185596466, 23.5230617523, 3.81501078606, 8.71605491638, 8.07207870483, 9.75516796112, 8.68064975739, -1.07298564911, 0.299592286348],
        "cov": [[868.281860352, -162.472793579, 40.5648078918, -92.5580825806, -16.1296615601, 28.5020542145, 33.2586708069, 63.6512680054, -27.8465480804, -21.9852199554, 11.1162967682, 5.01877069473, -28.8525028229], [-162.472793579, 670.480041504, -91.6134185791, 20.6047973633, 73.9846572876, -55.8846969604, 37.3747367859, -6.69314336777, 34.7635917664, 36.2726325989, 22.9124603271, 33.5890045166, 30.5117263794], [40.5648078918, -91.6134185791, 329.26171875, 59.5852127075, 27.6006603241, 13.2575073242, 62.7611656189, 11.181227684, -17.08735466, -16.8920249939, -3.24550890923, 46.7462348938, 11.7881126404], [-92.5580825806, 20.6047973633, 59.5852127075, 234.327346802, 175.754547119, 2.34551215172, -47.9062461853, -68.8176040649, 24.4928150177, -2.53800916672, -54.4144821167, 14.7805814743, 34.2729644775], [-16.1296615601, 73.9846572876, 27.6006603241, 175.754547119, 345.534942627, -15.6161718369, -87.3339691162, -90.1988372803, 46.0723190308, 2.92729043961, -104.759468079, 30.484916687, 60.7906455994], [28.5020542145, -55.8846969604, 13.2575073242, 2.34551215172, -15.6161718369, 145.901702881, 64.4547958374, 50.5082359314, 9.84928417206, -33.6339187622, 8.65315246582, -12.7720088959, -16.2835063934], [33.2586708069, 37.3747367859, 62.7611656189, -47.9062461853, -87.3339691162, 64.4547958374, 193.506134033, 77.9801101685, -6.12555456161, -21.0265159607, 25.0318222046, 13.2421865463, -18.7658252716], [63.6512680054, -6.69314336777, 11.181227684, -68.8176040649, -90.1988372803, 50.5082359314, 77.9801101685, 149.019836426, 22.4861564636, 19.2469158173, 37.0230369568, -34.0690193176, -27.7160205841], [-27.8465480804, 34.7635917664, -17.08735466, 24.4928150177, 46.0723190308, 9.84928417206, -6.12555456161, 22.4861564636, 100.576972961, 26.064874649, -31.4234409332, -7.07682275772, 8.78923416138], [-21.9852199554, 36.2726325989, -16.8920249939, -2.53800916672, 2.92729043961, -33.6339187622, -21.0265159607, 19.2469158173, 26.064874649, 104.94593811, 47.5810699463, -14.2776641846, -7.10325956345], [11.1162967682, 22.9124603271, -3.24550890923, -54.4144821167, -104.759468079, 8.65315246582, 25.0318222046, 37.0230369568, -31.4234409332, 47.5810699463, 159.94392395, 25.067489624, -43.8054695129], [5.01877069473, 33.5890045166, 46.7462348938, 14.7805814743, 30.484916687, -12.7720088959, 13.2421865463, -34.0690193176, -7.07682275772, -14.2776641846, 25.067489624, 109.355224609, 33.1512641907], [-28.8525028229, 30.5117263794, 11.7881126404, 34.2729644775, 60.7906455994, -16.2835063934, -18.7658252716, -27.7160205841, 8.78923416138, -7.10325956345, -43.8054695129, 33.1512641907, 83.4231491089]],
        "icov": [[0.00137153081596, 0.000342766055837, -4.89847225253e-05, 0.000717334100045, -0.000667056476232, 9.95993686956e-05, -3.73748189304e-05, -0.000756303779781, 0.000431507185567, 0.000216985878069, 3.61208221875e-05, -0.000364320148947, 0.000443811499281], [0.000342766055837, 0.00208071782254, 0.00084656738909, 3.09098650177e-05, -0.00104294635821, 0.00137857464142, -0.00146651500836, -0.000218277578824, -0.000581911823247, 0.000344036699971, -0.00118142482825, 2.73053919955e-05, -0.000688728643581], [-4.89847225253e-05, 0.00084656738909, 0.00424115452915, -0.00156942906324, -0.000343256775523, 0.000858385930769, -0.00177179835737, -0.00115820730571, 0.000995975569822, -0.000128090017824, 0.00026427290868, -0.00185632170178, 0.000113837515528], [0.000717334100045, 3.09098650177e-05, -0.00156942906324, 0.00828559417278, -0.00356595916674, -0.00120597355999, 0.000242919326411, 0.00225121411495, -0.000930196198169, 0.000108954249299, -0.000663819490001, 0.00130332820117, -0.000538951193448], [-0.000667056476232, -0.00104294635821, -0.000343256775523, -0.00356595916674, 0.00741288764402, -0.00195313501172, 0.00231036404148, 0.00129127199762, -0.000450483785244, -0.00277083716355, 0.00441554421559, -0.00259257829748, -9.65503932093e-06], [9.95993686956e-05, 0.00137857464142, 0.000858385930769, -0.00120597355999, -0.00195313501172, 0.011601109989, -0.00364937656559, -0.0026789996773, -0.00249645905569, 0.00601004716009, -0.00415890105069, 0.00262427423149, -0.000570811505895], [-3.73748189304e-05, -0.00146651500836, -0.00177179835737, 0.000242919326411, 0.00231036404148, -0.00364937656559, 0.00987130589783, -0.00355636351742, 0.00129704352003, -0.0001964521216, 0.00257372669876, -0.00327986106277, 0.00181855191477], [-0.000756303779781, -0.000218277578824, -0.00115820730571, 0.00225121411495, 0.00129127199762, -0.0026789996773, -0.00355636351742, 0.0140390163288, -0.00442979810759, -0.00162272923626, -0.00243119290099, 0.00492137856781, -0.00144634593744], [0.000431507185567, -0.000581911823247, 0.000995975569822, -0.000930196198169, -0.000450483785244, -0.00249645905569, 0.00129704352003, -0.00442979810759, 0.0154485236853, -0.00646109413356, 0.00652563991025, -0.00379697629251, 0.00202222866938], [0.000216985878069, 0.000344036699971, -0.000128090017824, 0.000108954249299, -0.00277083716355, 0.00601004716009, -0.0001964521216, -0.00162272923626, -0.00646109413356, 0.018683899194, -0.0104521214962, 0.0063010645099, -0.00318929553032], [3.61208221875e-05, -0.00118142482825, 0.00026427290868, -0.000663819490001, 0.00441554421559, -0.00415890105069, 0.00257372669876, -0.00243119290099, 0.00652563991025, -0.0104521214962, 0.0176023822278, -0.00985090900213, 0.00800193101168], [-0.000364320148947, 2.73053919955e-05, -0.00185632170178, 0.00130332820117, -0.00259257829748, 0.00262427423149, -0.00327986106277, 0.00492137856781, -0.00379697629251, 0.0063010645099, -0.00985090900213, 0.0181609690189, -0.00856350548565], [0.000443811499281, -0.000688728643581, 0.000113837515528, -0.000538951193448, -9.65503932093e-06, -0.000570811505895, 0.00181855191477, -0.00144634593744, 0.00202222866938, -0.00318929553032, 0.00800193101168, -0.00856350548565, 0.0195422004908]]
    },
    "spectral_contrast_coeffs": {
        "max": [-0.428010642529, -0.417231321335, -0.486050575972, -0.535076379776, -0.650988042355, -0.637832462788],
        "mean": [-0.758023619652, -0.737269461155, -0.739112138748, -0.754089653492, -0.793450176716, -0.758753180504],
        "min": [-0.904290676117, -0.920314610004, -0.897042274475, -0.88997823, -0.872702419758, -0.846251964569],
        "stdev": [0.0650657787919, 0.0838849246502, 0.0849346891046, 0.0637491941452, 0.0357809178531, 0.039985422045]
    },
    "spectral_contrast_valleys": {
        "max": [-4.62439346313, -5.10540962219, -5.65347099304, -5.92327451706, -6.09491252899, -7.53588676453],
        "mean": [-6.05920505524, -6.62870359421, -7.03478813171, -7.14211368561, -7.25218248367, -9.11177444458],
        "min": [-9.36038589478, -8.30202770233, -8.95541763306, -8.97155761719, -9.02252960205, -11.2753257751],
        "stdev": [0.63740748167, 0.5263646245, 0.472909778357, 0.368824064732, 0.349173367023, 0.547102034092]
    }
},
"rhythm": {
    "beats_count": 67,
    "beats_loudness": {
        "max": 0.196478545666,
        "mean": 0.0775593519211,
        "min": 0.0207082312554,
        "stdev": 0.0369807220995
    },
    "bpm": 124.950080872,
    "bpm_histogram_first_peak_bpm": 126,
    "bpm_histogram_first_peak_weight": 0.399999976158,
    "bpm_histogram_second_peak_bpm": 115,
    "bpm_histogram_second_peak_spread": 0.399999976158,
    "bpm_histogram_second_peak_weight": 0.0454545468092,
    "danceability": 1.15159237385,
    "onset_rate": 3.44531226158,
    "beats_loudness_band_ratio": {
        "max": [0.924164354801, 0.471603989601, 0.544084787369, 0.60802847147, 0.315062761307, 0.377805292606],
        "mean": [0.597188055515, 0.073817923665, 0.111318953335, 0.119004920125, 0.0559598915279, 0.0662113800645],
        "min": [0.00368203246035, 0.00749880820513, 0.00324553856626, 0.00466320523992, 0.00393741764128, 0.00715376017615],
        "stdev": [0.237123906612, 0.0736106112599, 0.126950293779, 0.130775630474, 0.0618217997253, 0.0792909786105]
    },
    "beats_position": [0.441179126501, 0.905578196049, 1.38158726692, 1.8575963974, 2.34521532059, 2.82122445107, 3.29723358154, 3.78485250473, 4.26086139679, 4.73687076569, 5.22448968887, 5.71210861206, 6.21133756638, 6.72217655182, 7.24462556839, 7.76707458496, 8.28952407837, 8.80036258698, 9.287981987, 9.77560043335, 10.2632198334, 10.7392292023, 11.2152376175, 11.6912469864, 12.1672563553, 12.6548748016, 13.1424942017, 13.6185035706, 14.0945119858, 14.5821313858, 15.0581407547, 15.5341491699, 16.0217685699, 16.4977779388, 16.9737873077, 17.4614048004, 17.9374141693, 18.4134235382, 18.9010429382, 19.3770523071, 19.853061676, 20.3290691376, 20.8050785065, 21.2926979065, 21.7687072754, 22.2447166443, 22.7323360443, 23.2083435059, 23.6843528748, 24.1719722748, 24.6595916748, 25.1472110748, 25.6232185364, 26.0992279053, 26.5752372742, 27.0512466431, 27.5388660431, 28.014875412, 28.4908847809, 28.9785022736, 29.4545116425, 29.9305210114, 30.4181404114, 30.8941497803, 31.3701572418, 31.8577766418, 32.3453979492],
