{
"metadata": {
    "version": {
        "essentia": "2.1-beta5",
        "essentia_git_sha": "Undefined",
        "extractor": "music 2.0"
    },
    "audio_properties": {
        "analysis": {
            "equal_loudness": 0,
            "length": 48.7502937317,
            "sample_rate": 44100,
            "start_time": 110.236732483,
            "downmix": "mix"
        },
        "bit_rate": 192000,
        "length": 197.160980225,
        "lossless": 0,
        "number_channels": 2,
        "replay_gain": -1.62034416199,
        "sample_rate": 48000,
        "codec": "mp3",
        "md5_encoded": "f25d65718a2bee48c77934065a391b4a"
    },
    "tags": {
        "file_name": "United KingdomUK_Believe In Me_Bonnie Tyler.mp3",
        "encoding": ["Lavf58.29.100"]
    }
},
"lowlevel": {
    "average_loudness": 0.958287060261,
    "barkbands_crest": {
        "max": 23.7152042389,
        "mean": 8.57446193695,
        "min": 2.5834069252,
        "stdev": 3.75452566147
    },
    "barkbands_flatness_db": {
        "max": 0.253746956587,
        "mean": 0.109800510108,
        "min": 0.0302592404187,
        "stdev": 0.0309881679714
    },
    "barkbands_kurtosis": {
        "max": 66.9136123657,
        "mean": 1.29984843731,
        "min": -1.84754872322,
        "stdev": 4.50783920288
    },
    "barkbands_skewness": {
        "max": 7.63598489761,
        "mean": 1.13123714924,
        "min": -0.736253082752,
        "stdev": 0.911489963531
    },
    "barkbands_spread": {
        "max": 98.0463256836,
        "mean": 33.5199813843,
        "min": 4.03902339935,
        "stdev": 14.3893098831
    },
    "dissonance": {
        "max": 0.499974220991,
        "mean": 0.478958010674,
        "min": 0.346219390631,
        "stdev": 0.014410873875
    },
    "dynamic_complexity": 1.57487237453,
    "erbbands_crest": {
        "max": 28.6338977814,
        "mean": 7.7163233757,
        "min": 2.29899954796,
        "stdev": 4.25354909897
    },
    "erbbands_flatness_db": {
        "max": 0.229712828994,
        "mean": 0.133710026741,
        "min": 0.0712639242411,
        "stdev": 0.0264486297965
    },
    "erbbands_kurtosis": {
        "max": 8.27901649475,
        "mean": 0.172099798918,
        "min": -1.47274744511,
        "stdev": 1.33559775352
    },
    "erbbands_skewness": {
        "max": 2.43442082405,
        "mean": -0.167062476277,
        "min": -2.34630298615,
        "stdev": 0.667503356934
    },
    "erbbands_spread": {
        "max": 109.155937195,
        "mean": 41.8213119507,
        "min": 11.1038608551,
        "stdev": 15.3874797821
    },
    "hfc": {
        "max": 145.470046997,
        "mean": 32.4143943787,
        "min": 1.2338322401,
        "stdev": 20.0283222198
    },
    "loudness_ebu128": {
        "integrated": -20.3434028625,
        "loudness_range": 1.54480552673,
        "momentary": {
            "max": -17.6759662628,
            "mean": -20.5234336853,
            "min": -25.5693092346,
            "stdev": 1.29817533493
        },
        "short_term": {
            "max": -18.938539505,
            "mean": -20.3915138245,
            "min": -23.3949623108,
            "stdev": 0.647734582424
        }
    },
    "melbands_crest": {
        "max": 27.4133319855,
        "mean": 12.8144664764,
        "min": 4.19219970703,
        "stdev": 4.34509420395
    },
    "melbands_flatness_db": {
        "max": 0.341756910086,
        "mean": 0.152496114373,
        "min": 0.0617389492691,
        "stdev": 0.044981084764
    },
    "melbands_kurtosis": {
        "max": 213.616256714,
        "mean": 9.23391342163,
        "min": -1.4399933815,
        "stdev": 14.2431154251
    },
    "melbands_skewness": {
        "max": 12.6212625504,
        "mean": 2.46161532402,
        "min": -0.129908904433,
        "stdev": 1.35488796234
    },
    "melbands_spread": {
        "max": 127.856895447,
        "mean": 33.7465438843,
        "min": 1.96608495712,
        "stdev": 18.0156326294
    },
    "pitch_salience": {
        "max": 0.813544213772,
        "mean": 0.567565500736,
        "min": 0.168638810515,
        "stdev": 0.099312543869
    },
    "silence_rate_20dB": {
        "max": 1,
        "mean": 1,
        "min": 1,
        "stdev": 0
    },
    "silence_rate_30dB": {
        "max": 1,
        "mean": 0.996668279171,
        "min": 0,
        "stdev": 0.0576249621809
    },
    "silence_rate_60dB": {
        "max": 0,
        "mean": 0,
        "min": 0,
        "stdev": 0
    },
    "spectral_centroid": {
        "max": 3730.38037109,
        "mean": 1753.18066406,
        "min": 591.093078613,
        "stdev": 528.56237793
    },
    "spectral_complexity": {
        "max": 52,
        "mean": 29.2179908752,
        "min": 2,
        "stdev": 8.21364688873
    },
    "spectral_decrease": {
        "max": -2.10034573067e-10,
        "mean": -8.14466627475e-09,
        "min": -4.82709978655e-08,
        "stdev": 5.05910469073e-09
    },
    "spectral_energy": {
        "max": 0.184992939234,
        "mean": 0.0336799547076,
        "min": 0.000904632208403,
        "stdev": 0.0197518188506
    },
    "spectral_energyband_high": {
        "max": 0.01927478984,
        "mean": 0.0016462916974,
        "min": 1.20572976812e-05,
        "stdev": 0.00204036990181
    },
    "spectral_energyband_low": {
        "max": 0.173791721463,
        "mean": 0.0137764094397,
        "min": 0.000197549437871,
        "stdev": 0.0172098018229
    },
    "spectral_energyband_middle_high": {
        "max": 0.0649377480149,
        "mean": 0.00919629819691,
        "min": 0.000351226393832,
        "stdev": 0.00815903302282
    },
    "spectral_energyband_middle_low": {
        "max": 0.0573042854667,
        "mean": 0.0106337163597,
        "min": 0.000256474915659,
        "stdev": 0.00643775844947
    },
    "spectral_entropy": {
        "max": 8.82565021515,
        "mean": 7.90843200684,
        "min": 7.16350603104,
        "stdev": 0.236236661673
    },
    "spectral_flux": {
        "max": 0.360272139311,
        "mean": 0.101863130927,
        "min": 0.0234829243273,
        "stdev": 0.0433293655515
    },
    "spectral_kurtosis": {
        "max": 10.4311189651,
        "mean": 2.90550374985,
        "min": -0.923600912094,
        "stdev": 1.4623901844
    },
    "spectral_rms": {
        "max": 0.0134343188256,
        "mean": 0.00555069698021,
        "min": 0.000939450925216,
        "stdev": 0.00143116980325
    },
    "spectral_rolloff": {
        "max": 10637.4023438,
        "mean": 1995.65856934,
        "min": 86.1328125,
        "stdev": 1463.4420166
    },
    "spectral_skewness": {
        "max": 2.38266658783,
        "mean": 1.29766428471,
        "min": 0.13595983386,
        "stdev": 0.274890303612
    },
    "spectral_spread": {
        "max": 19766984,
        "mean": 4919506.5,
        "min": 2774931,
        "stdev": 1269008.375
    },
    "spectral_strongpeak": {
        "max": 11.444111824,
        "mean": 0.851485729218,
        "min": 0,
        "stdev": 1.4127163887
    },
    "zerocrossingrate": {
        "max": 0.27392578125,
        "mean": 0.0765225738287,
        "min": 0.01123046875,
        "stdev": 0.0335443802178
    },
    "barkbands": {
        "max": [0.00533253094181, 0.146451324224, 0.053489100188, 0.037425853312, 0.0296193994582, 0.0188311617821, 0.0250449031591, 0.0258264578879, 0.0248901955783, 0.052132088691, 0.0320736952126, 0.0194527991116, 0.0193886999041, 0.0134910950437, 0.0225853491575, 0.0153034608811, 0.016726994887, 0.010136788711, 0.00602969992906, 0.00410579191521, 0.00355670275167, 0.00741854356602, 0.00821493845433, 0.00683497730643, 0.00509047601372, 0.000760103866924, 3.40390238307e-06],
        "mean": [0.000167618665728, 0.00861962139606, 0.0037438783329, 0.00227435445413, 0.00308680254966, 0.00160947418772, 0.0010847565718, 0.00110919319559, 0.000844896188937, 0.00223731808364, 0.000911287148483, 0.000538387219422, 0.000612435454968, 0.000602568208706, 0.000838268373627, 0.00112056662329, 0.00106204196345, 0.000652859162074, 0.000630202819593, 0.000489967351314, 0.00026986314333, 0.000328969676048, 0.00037626226549, 0.000275945552858, 0.000158316877787, 3.40756087098e-05, 1.23258940832e-08],
        "min": [5.23077368086e-08, 1.18691314128e-05, 1.39122603287e-05, 1.02946214611e-05, 5.58572428417e-05, 2.65612761723e-05, 4.54849941889e-06, 1.82424878403e-06, 7.34857167117e-06, 2.20000783884e-05, 2.59096646005e-06, 4.89603053211e-06, 1.10874461825e-05, 1.06583920569e-05, 1.20789536595e-05, 1.11047756945e-05, 1.24450925796e-05, 9.39089113672e-06, 4.62927710032e-06, 3.83195765608e-06, 3.62274090548e-06, 2.45671731136e-06, 1.48932087995e-06, 1.01345335679e-06, 6.92014964443e-07, 1.07717453013e-10, 1.05621816848e-10],
        "stdev": [0.000312326650601, 0.0136482780799, 0.00492126075551, 0.00312689342536, 0.00284776859917, 0.00150167336687, 0.00157420756295, 0.00199789227918, 0.001398203196, 0.00506995758042, 0.00248067849316, 0.000997067894787, 0.00114764738828, 0.00107507151552, 0.00125183153432, 0.00165998435114, 0.00164054718334, 0.000770025071688, 0.000691793917213, 0.00047878807527, 0.000283747038338, 0.000535174971446, 0.000614367541857, 0.00056261185091, 0.000305577443214, 5.50985132577e-05, 1.08445796343e-07]
    },
    "erbbands": {
        "max": [3.4653813839, 35.9248580933, 61.7675132751, 102.205558777, 73.9185028076, 98.3548583984, 242.291473389, 116.369773865, 283.329101562, 557.573791504, 671.187744141, 442.153442383, 1149.46496582, 2425.80444336, 598.483947754, 908.743591309, 1046.2421875, 728.442016602, 1115.33813477, 598.973571777, 1034.70141602, 893.262023926, 378.677276611, 713.744506836, 197.827331543, 182.487808228, 136.794372559, 184.280212402, 304.599639893, 309.449523926, 243.635101318, 176.176071167, 92.0854797363, 47.1048736572, 37.4287567139, 6.31470441818, 0.685759365559, 0.0195034444332, 0.000990012078546, 0.000230117759202],
        "mean": [0.183035507798, 2.13569760323, 4.71777915955, 6.35897684097, 8.5807094574, 9.66592597961, 14.1124334335, 11.2646989822, 15.4258289337, 20.7877349854, 21.6299686432, 19.0173473358, 50.9946670532, 69.5341491699, 29.7286148071, 25.2584075928, 29.4633235931, 31.0596752167, 40.4582366943, 46.527015686, 70.0239639282, 52.2336273193, 35.8483581543, 38.1234436035, 28.1285247803, 23.8696670532, 12.7243461609, 10.3532152176, 11.4003610611, 12.8430566788, 9.99190425873, 6.40287733078, 4.15366649628, 1.90093648434, 1.06813108921, 0.310411810875, 0.0369700454175, 0.00104187149554, 6.75459668855e-05, 4.79244590679e-05],
        "min": [0.000193305240828, 0.00530304154381, 0.077637784183, 0.158879756927, 0.147501319647, 0.15078780055, 0.280088603497, 0.205554351211, 0.163922160864, 0.0710548311472, 0.134705647826, 0.734126150608, 0.70344376564, 0.512649059296, 0.38187250495, 0.911058366299, 0.723648548126, 0.589561522007, 0.899930655956, 1.42512762547, 0.906067311764, 0.767622351646, 0.758867561817, 0.476329058409, 0.244477987289, 0.183361008763, 0.116602264345, 0.131253570318, 0.0818469300866, 0.0933761894703, 0.0309165548533, 0.0225470401347, 0.0152379274368, 0.0108009567484, 0.0027766332496, 0.000117623945698, 9.64702667261e-06, 1.09043276098e-06, 4.70373333883e-06, 6.36463801129e-06],
        "stdev": [0.332818627357, 3.28925013542, 6.13834667206, 8.01365375519, 8.25587463379, 10.3844547272, 16.6169452667, 10.0003023148, 17.0740203857, 41.4609222412, 35.0265731812, 28.1859493256, 101.929275513, 201.008377075, 49.6878204346, 40.7817420959, 53.3768692017, 49.2708320618, 60.5318756104, 57.3509864807, 99.4974594116, 80.2069015503, 41.3655929565, 49.7559585571, 24.6438484192, 22.7838172913, 12.3994865417, 12.9272680283, 18.7214050293, 22.0000400543, 16.178937912, 13.3986701965, 8.15376377106, 3.93790006638, 1.99771654606, 0.502338945866, 0.0542691238225, 0.00154120242223, 7.61398332543e-05, 2.66995521088e-05]
    },
    "gfcc": {
        "mean": [50.2377929688, 85.1441116333, -125.074119568, 52.2939033508, -61.1853065491, 27.572265625, -44.8499412537, 17.1472015381, -23.5088424683, 0.97150015831, -16.638507843, -0.497247874737, -7.21777772903],
        "cov": [[1047.63708496, -531.639465332, -8.58400058746, 2.51090502739, -85.8129806519, 43.5274200439, -62.9636611938, 94.4907150269, -103.502204895, 26.4317893982, -92.3806915283, 47.0067062378, -62.6765174866], [-531.639465332, 581.342163086, -101.335090637, -43.0423278809, 88.6677474976, -60.2702255249, 94.4675827026, -55.549369812, 72.2658691406, -40.4769515991, 96.3817443848, -73.3281936646, 49.1670417786], [-8.58400058746, -101.335090637, 287.555541992, 64.4940490723, -0.295412123203, 79.2451095581, -10.1549654007, 0.889537513256, 13.9483032227, 45.5425758362, -26.368144989, 29.2841739655, -25.6946697235], [2.51090502739, -43.0423278809, 64.4940490723, 181.747131348, 52.4551048279, -31.0248966217, -24.9066562653, 11.0117883682, 35.7365913391, 0.542546987534, 8.47142696381, 14.9553279877, 12.346950531], [-85.8129806519, 88.6677474976, -0.295412123203, 52.4551048279, 144.637313843, -12.4996347427, 11.7899589539, 35.5670089722, 17.3864307404, 4.774913311, 19.2248802185, 13.2559537888, 20.599439621], [43.5274200439, -60.2702255249, 79.2451095581, -31.0248966217, -12.4996347427, 148.742858887, 62.358707428, -12.2875213623, -2.16807675362, 5.87570619583, -15.2699747086, 8.4699344635, 1.05341291428], [-62.9636611938, 94.4675827026, -10.1549654007, -24.9066562653, 11.7899589539, 62.358707428, 125.533317566, 11.9219093323, 13.0901546478, -7.25592803955, 2.49795079231, -14.6009054184, 10.4099712372], [94.4907150269, -55.549369812, 0.889537513256, 11.0117883682, 35.5670089722, -12.2875213623, 11.9219093323, 100.382843018, 21.8529682159, 11.3558073044, -6.34596443176, 7.50539016724, -0.203734606504], [-103.502204895, 72.2658691406, 13.9483032227, 35.7365913391, 17.3864307404, -2.16807675362, 13.0901546478, 21.8529682159, 88.6704177856, 16.6210212708, 20.6328639984, -5.54384803772, 15.9592838287], [26.4317893982, -40.4769515991, 45.5425758362, 0.542546987534, 4.774913311, 5.87570619583, -7.25592803955, 11.3558073044, 16.6210212708, 71.8051452637, 14.8583278656, 10.416437149, -21.9720134735], [-92.3806915283, 96.3817443848, -26.368144989, 8.47142696381, 19.2248802185, -15.2699747086, 2.49795079231, -6.34596443176, 20.6328639984, 14.8583278656, 71.9727478027, -2.2687265873, 7.68391799927], [47.0067062378, -73.3281936646, 29.2841739655, 14.9553279877, 13.2559537888, 8.4699344635, -14.6009054184, 7.50539016724, -5.54384803772, 10.416437149, -2.2687265873, 70.5026397705, 22.04545784], [-62.6765174866, 49.1670417786, -25.6946697235, 12.346950531, 20.599439621, 1.05341291428, 10.4099712372, -0.203734606504, 15.9592838287, -21.9720134735, 7.68391799927, 22.04545784, 68.9997940063]],
        "icov": [[0.00222908821888, 0.000866705086082, 0.00134001590777, -0.00112649577204, 0.00118182587903, -0.00150096765719, 0.000794770021457, -0.00246310420334, 0.0021520704031, -0.00102326925844, 0.000933567702305, -0.000436800910393, 0.000862702261657], [0.000866705086082, 0.0126112317666, -0.00404610764235, 0.00872694607824, -0.00922543741763, 0.0114308474585, -0.0105895288289, 0.0109327267855, -0.00902759470046, 0.00800132006407, -0.0104441558942, 0.0083747766912, -0.00393454311416], [0.00134001590777, -0.00404610764235, 0.00886727124453, -0.00690280692652, 0.00453588319942, -0.00952048692852, 0.00601409422234, -0.00565823027864, 0.00425005238503, -0.00676923757419, 0.00683739455417, -0.00493497448042, 0.00418146373704], [-0.00112649577204, 0.00872694607824, -0.00690280692652, 0.0158947594464, -0.010473517701, 0.0124368825927, -0.00788874272257, 0.0108520565554, -0.0115825021639, 0.00937082991004, -0.00891817547381, 0.00555819226429, -0.0036171420943], [0.00118182587903, -0.00922543741763, 0.00453588319942, -0.010473517701, 0.0175525229424, -0.010075557977, 0.00785205420107, -0.013814104721, 0.0101347127929, -0.00799532420933, 0.0067921448499, -0.00734141655266, 0.00159783428535], [-0.00150096765719, 0.0114308474585, -0.00952048692852, 0.0124368825927, -0.010075557977, 0.0253560561687, -0.0176114235073, 0.0154417352751, -0.0111750541255, 0.00929681118578, -0.0100531959906, 0.00690642558038, -0.005497852806], [0.000794770021457, -0.0105895288289, 0.00601409422234, -0.00788874272257, 0.00785205420107, -0.0176114235073, 0.0223428625613, -0.0134618934244, 0.00824979320168, -0.00703676044941, 0.00919228885323, -0.00453148316592, 0.0027082329616], [-0.00246310420334, 0.0109327267855, -0.00565823027864, 0.0108520565554, -0.013814104721, 0.0154417352751, -0.0134618934244, 0.0270611513406, -0.0155274253339, 0.00794086977839, -0.00798265635967, 0.00646357657388, -0.00313346157782], [0.0021520704031, -0.00902759470046, 0.00425005238503, -0.0115825021639, 0.0101347127929, -0.0111750541255, 0.00824979320168, -0.0155274253339, 0.0266971495003, -0.0127479825169, 0.00617878837511, -0.00245161750354, -0.00224175816402], [-0.00102326925844, 0.00800132006407, -0.00676923757419, 0.00937082991004, -0.00799532420933, 0.00929681118578, -0.00703676044941, 0.00794086977839, -0.0127479825169, 0.0282418131828, -0.0133344102651, 0.000504524388816, 0.00576699711382], [0.000933567702305, -0.0104441558942, 0.00683739455417, -0.00891817547381, 0.0067921448499, -0.0100531959906, 0.00919228885323, -0.00798265635967, 0.00617878837511, -0.0133344102651, 0.0281350109726, -0.00721470918506, 0.00264417356811], [-0.000436800910393, 0.0083747766912, -0.00493497448042, 0.00555819226429, -0.00734141655266, 0.00690642558038, -0.00453148316592, 0.00646357657388, -0.00245161750354, 0.000504524388816, -0.00721470918506, 0.0266701932997, -0.013397635892], [0.000862702261657, -0.00393454311416, 0.00418146373704, -0.0036171420943, 0.00159783428535, -0.005497852806, 0.0027082329616, -0.00313346157782, -0.00224175816402, 0.00576699711382, 0.00264417356811, -0.013397635892, 0.0258145388216]]
    },
    "melbands": {
        "max": [0.0355736017227, 0.0349756963551, 0.0143442051485, 0.00507285725325, 0.00675314199179, 0.00243856711313, 0.00400611106306, 0.00536594400182, 0.0050076842308, 0.00357295013964, 0.00595302553847, 0.00992020592093, 0.00292926165275, 0.00257963873446, 0.00141326023731, 0.00221999990754, 0.0016266432358, 0.00144376396202, 0.00139944488183, 0.00111151335295, 0.0013541552471, 0.00131830910686, 0.000317872443702, 0.000314167817123, 0.000634501688182, 0.000157018366735, 0.000155000161612, 0.000122716024634, 9.90196203929e-05, 8.30669450806e-05, 0.000134090005304, 0.000190293052583, 0.000123303616419, 0.000193618499907, 0.000132140441565, 0.000167073958437, 0.000121108816529, 7.38574090065e-05, 5.56383965886e-05, 4.54576293123e-05],
        "mean": [0.00207159342244, 0.00262075010687, 0.0011611796217, 0.000645818770863, 0.000487568438984, 0.000271404132945, 0.000234630933846, 0.000232040096307, 0.000162681535585, 0.000123182544485, 0.000258610292803, 0.000290838826913, 0.000109816275653, 6.64714898448e-05, 6.33181334706e-05, 5.77233004151e-05, 5.81786189287e-05, 6.1130427639e-05, 6.00619350735e-05, 6.87286446919e-05, 8.81123851286e-05, 6.15004173596e-05, 3.36008379236e-05, 3.1102936191e-05, 3.14485514536e-05, 2.05916421692e-05, 1.95995125978e-05, 1.45178964885e-05, 8.33336889627e-06, 5.93099139223e-06, 6.02348018219e-06, 6.27131248621e-06, 6.68306347507e-06, 7.49410583012e-06, 6.20134460405e-06, 4.33770946984e-06, 3.7391503156e-06, 3.15122770189e-06, 2.10193366001e-06, 1.40184567954e-06],
        "min": [2.90711750495e-06, 3.57233111572e-05, 2.97519181913e-05, 1.30924772748e-05, 6.62288721287e-06, 4.04725415137e-06, 2.24604764298e-06, 8.80998186403e-07, 1.01287309917e-06, 2.25324811254e-06, 2.69268866759e-06, 6.73938700402e-07, 1.09160316697e-06, 9.38846426379e-07, 1.59987803272e-06, 9.96939434117e-07, 7.77700904564e-07, 1.08805568289e-06, 1.72798422682e-06, 1.78382742888e-06, 8.63792081418e-07, 7.18017702184e-07, 5.12234805683e-07, 3.42047997037e-07, 2.9944399671e-07, 1.53652777612e-07, 1.4526386849e-07, 8.65144116347e-08, 6.17105371248e-08, 8.06344644388e-08, 6.84387018168e-08, 4.46823165134e-08, 4.64622864627e-08, 3.93766335094e-08, 1.68536686829e-08, 1.24844437011e-08, 1.09770628143e-08, 9.03774122207e-09, 9.55526680002e-09, 7.77651720796e-09],
        "stdev": [0.00346454698592, 0.00334145221859, 0.00124562287237, 0.000579249463044, 0.00054284586804, 0.00023749328102, 0.000272307224805, 0.000461068877485, 0.000261709705228, 0.000201906063012, 0.000541312096175, 0.000839968153741, 0.000226783042308, 0.000126640748931, 9.03988984646e-05, 0.000117949290143, 0.000101043347968, 9.55211362452e-05, 9.1394809715e-05, 9.81926714303e-05, 0.000135304333526, 0.000108406224172, 4.22140183218e-05, 3.53444229404e-05, 4.56796879007e-05, 1.9313145458e-05, 2.06501481443e-05, 1.40359979923e-05, 9.03471391211e-06, 6.44215833745e-06, 8.38884261611e-06, 1.06093048089e-05, 1.14125114123e-05, 1.32309169203e-05, 9.99256099021e-06, 8.19846718514e-06, 8.70103940542e-06, 6.47967681289e-06, 4.04520460506e-06, 3.1082768146e-06]
    },
    "melbands128": {
        "max": [0.004732911475, 0.0219495259225, 0.0578882284462, 0.0631513148546, 0.0389710925519, 0.0242007896304, 0.0254302565008, 0.0129787158221, 0.00831327680498, 0.00528510473669, 0.0066014979966, 0.0110827535391, 0.0118137598038, 0.00607260502875, 0.00390638224781, 0.00440033664927, 0.00615172507241, 0.00666816066951, 0.00884771998972, 0.0103832036257, 0.00942491460592, 0.00722086708993, 0.00776957953349, 0.00223738397472, 0.00416698353365, 0.00509312795475, 0.00774189876392, 0.0108684198931, 0.0123355584219, 0.0175527129322, 0.0173224657774, 0.00975950621068, 0.00311014591716, 0.00395861733705, 0.00475938664749, 0.00583149958402, 0.00211822311394, 0.00133551436011, 0.00292074377649, 0.00444495724514, 0.00351639091969, 0.00303755584173, 0.00283276243135, 0.0025882855989, 0.003051050473, 0.00134329032153, 0.00551726389676, 0.0027891676873, 0.00134995591361, 0.00197475962341, 0.00201573548838, 0.00289662904106, 0.00337999174371, 0.00308259343728, 0.0021261589136, 0.00218562479131, 0.000788093253504, 0.000631307309959, 0.000568070099689, 0.000907759822439, 0.000483362295199, 0.000715767499059, 0.00184123800136, 0.000677987292875, 0.000536478648428, 0.000253281235928, 0.000266755640041, 0.000283312459942, 0.000260838249233, 0.000315476238029, 0.000250338838669, 0.000172781234141, 0.000121576784295, 0.000179959504749, 0.000146419552038, 8.70786170708e-05, 0.000126249928144, 8.34164166008e-05, 0.000205500575248, 0.000210476820939, 0.000159828894539, 0.000328448135406, 0.000176005822141, 0.000180846865987, 0.000136983377161, 0.00032532872865, 0.00023680528102, 0.000146168473293, 0.000186971999938, 9.70239270828e-05, 0.000268660165602, 0.000193957443116, 0.000131412700284, 0.00014429888688, 0.000114324160677, 0.000122960627778, 7.00893142493e-05, 7.70331535023e-05, 6.6184613388e-05, 5.74917939957e-05, 8.07375763543e-05, 4.41840384156e-05, 9.65600193013e-05, 6.20555292699e-05, 4.13185698562e-05, 3.38659701811e-05, 2.65021462837e-05, 1.87735113286e-05, 1.46271340782e-05, 8.41074779601e-06, 4.08708774557e-06, 3.6475134948e-06, 1.29983607167e-06, 1.7798866736e-07, 2.64112372861e-07, 1.17303983416e-07, 1.73409340221e-08, 1.57554271851e-08, 1.53240211631e-08, 1.49347822997e-08, 1.45634793114e-08, 1.42355984778e-08, 1.39663756116e-08, 1.37167779357e-08, 1.35222881781e-08, 1.33592958917e-08, 1.32372433015e-08, 1.31637385437e-08],
        "mean": [0.00014158259728, 0.00108474271838, 0.00298065040261, 0.00378394941799, 0.00280145090073, 0.0016831922112, 0.0013087639818, 0.00105962483212, 0.000870248593856, 0.000623889733106, 0.000483106792672, 0.000561103690416, 0.000548230716959, 0.000333160132868, 0.000195119457203, 0.000299620733131, 0.00027944330941, 0.000210158308619, 0.000188259393326, 0.00025903081405, 0.000236397521803, 0.000196079243324, 0.000175532986759, 9.2141533969e-05, 0.000104954335256, 0.000113424939627, 0.000215025123907, 0.000294452009257, 0.00025633155019, 0.000356637407094, 0.000315114564728, 0.000138466173667, 0.00010692331125, 7.92728678789e-05, 5.1535818784e-05, 7.52322957851e-05, 7.23358461983e-05, 3.73619041056e-05, 8.64019675646e-05, 7.10405874997e-05, 3.978190216e-05, 5.57499224669e-05, 5.94136108703e-05, 6.20489590801e-05, 4.87160250486e-05, 5.48491407244e-05, 8.90727314982e-05, 5.4400490626e-05, 4.63456526631e-05, 7.12995388312e-05, 6.83606122038e-05, 6.91661334713e-05, 8.37076804601e-05, 9.7659030871e-05, 0.000101023317256, 5.3064977692e-05, 3.19686478178e-05, 3.92401198042e-05, 3.09983806801e-05, 3.09647439281e-05, 3.05008506984e-05, 2.91533615382e-05, 3.98649717681e-05, 3.13979071507e-05, 1.99685946427e-05, 1.99444930331e-05, 2.18909990508e-05, 1.75906370714e-05, 1.94600543182e-05, 2.19676221604e-05, 1.53066412167e-05, 1.06507877717e-05, 8.98966482055e-06, 8.42332974571e-06, 6.83143389324e-06, 5.83251767239e-06, 5.48190200789e-06, 5.92318156123e-06, 6.07524680163e-06, 6.1380706029e-06, 6.22506695436e-06, 6.31352986602e-06, 6.5105732574e-06, 6.73591421219e-06, 6.70815961712e-06, 7.28361601432e-06, 8.08001550467e-06, 7.401858511e-06, 6.29831583865e-06, 5.22829259353e-06, 4.44269926447e-06, 4.14880150856e-06, 4.00103999709e-06, 3.73314696844e-06, 3.58918509846e-06, 3.48707499143e-06, 3.07552750201e-06, 2.70553778137e-06, 2.08381175071e-06, 1.84291548067e-06, 1.64666460023e-06, 1.33154378545e-06, 1.06576737835e-06, 1.22546646253e-06, 1.34166657517e-06, 1.27625060031e-06, 1.01805528629e-06, 6.11160828612e-07, 4.69141724579e-07, 3.36803765322e-07, 2.82721572376e-07, 1.76100414251e-07, 5.61653763498e-08, 4.88254503495e-09, 3.07467074023e-09, 2.35992581032e-09, 4.06281258636e-10, 2.16337260606e-11, 2.09456913619e-11, 2.04290438732e-11, 1.99116712701e-11, 1.95028559274e-11, 1.91467935257e-11, 1.88084860187e-11, 1.83909866502e-11, 1.79003999123e-11, 1.75922731244e-11, 1.74755401122e-11],
        "min": [1.60841242547e-08, 2.01880524742e-07, 5.08518269271e-07, 5.31001478521e-06, 8.72478995007e-06, 4.94257164974e-06, 3.26970484821e-06, 3.26814506479e-06, 5.10729250891e-06, 2.2553965664e-06, 1.33964181259e-06, 6.18787566964e-07, 2.61835020865e-06, 1.40624104006e-06, 2.20109313886e-06, 1.06593472537e-06, 7.78881542374e-07, 4.77364892504e-07, 1.73607588749e-07, 2.10039559079e-07, 3.1628042052e-07, 8.10554823261e-08, 2.34628458884e-07, 5.35402534751e-07, 2.21814900669e-07, 3.06311108034e-07, 6.90283059157e-07, 1.20518529911e-06, 5.0629080306e-07, 2.09781063631e-08, 4.90907297035e-08, 1.36213131441e-07, 9.94245326069e-08, 1.45587577549e-07, 5.91308975117e-08, 1.06846641756e-07, 1.38585718901e-07, 2.3514897407e-07, 1.62701567774e-07, 2.35880392552e-07, 1.57948520041e-07, 9.6348180989e-08, 6.4386746601e-08, 1.24149877934e-07, 1.39008008659e-07, 2.08976359772e-07, 2.05645278584e-07, 5.10807112164e-08, 3.07043620751e-07, 4.94165249165e-07, 1.13741698726e-07, 4.28158216437e-07, 2.14695418777e-07, 5.60220485113e-07, 5.71776865854e-07, 1.27168235053e-07, 9.1458183249e-08, 3.5210570104e-07, 1.8818897729e-07, 1.1566243785e-07, 2.23957343337e-07, 1.39931543686e-07, 2.21933049716e-07, 1.27279335516e-07, 3.0761380998e-08, 1.56834545351e-07, 1.74373013806e-07, 6.93460151524e-08, 9.22801746128e-08, 1.06029943936e-07, 4.0627689657e-08, 7.77135795715e-08, 3.79268172424e-08, 3.05393186295e-08, 3.53227633809e-08, 5.12426581167e-08, 7.04356253323e-08, 3.4692590134e-08, 3.44032180521e-08, 3.68057797573e-08, 3.19610435895e-08, 3.55053160206e-08, 4.2132064948e-08, 3.9420179121e-08, 3.49013475898e-08, 1.42306930684e-08, 2.76542184707e-08, 2.20650910876e-08, 1.12173337286e-08, 1.21750582949e-08, 5.85385517837e-09, 6.59421539595e-09, 7.88389176165e-09, 6.08199668406e-09, 9.28669230404e-09, 8.22451529103e-09, 4.84773154952e-09, 8.14667888704e-09, 1.06778772491e-08, 6.01123684163e-09, 6.28047081008e-09, 5.12980857792e-09, 4.50125448026e-09, 2.99006930327e-09, 1.21974785827e-09, 9.36900668158e-10, 2.63036648018e-10, 6.24682705737e-13, 4.94528409108e-13, 3.67412616173e-13, 4.52914317378e-13, 4.67739020259e-13, 2.56177755875e-13, 4.47575380621e-13, 3.46313282955e-13, 3.32133571947e-13, 3.04059918519e-13, 3.414398484e-13, 3.62628709612e-13, 2.87969924599e-13, 3.25133501936e-13, 3.45349129068e-13, 3.29566452253e-13, 3.35191130494e-13, 2.15270862117e-13, 8.61598119239e-14, 1.28113538455e-14, 3.74300127153e-16],
        "stdev": [0.000278325926047, 0.00217044167221, 0.00546432984993, 0.00578497583047, 0.00395039562136, 0.00220060767606, 0.00190754770301, 0.00144569622353, 0.000946790503804, 0.00071937427856, 0.000651210371871, 0.000814956845716, 0.000765343313105, 0.000469585938845, 0.00025705943699, 0.000340661004884, 0.000345805834513, 0.000370479450794, 0.000423436751589, 0.000657480093651, 0.000620491686277, 0.000391352310544, 0.000364452716894, 0.000173035965418, 0.000212612925679, 0.000276945269434, 0.000476680957945, 0.000716751848813, 0.000935875461437, 0.00115350051783, 0.00132974982262, 0.000482788280351, 0.000212827493669, 0.000172172425664, 0.000182743940968, 0.000211917198612, 0.000132971748826, 7.59004979045e-05, 0.0001712928497, 0.000192990119103, 0.000136346425279, 0.000148497958435, 0.000129131803988, 0.000162639829796, 0.000161076299264, 8.20237692096e-05, 0.000230397752603, 0.000132690925966, 8.40158463689e-05, 0.00014064363495, 0.000134078771225, 0.000156982889166, 0.000201298549655, 0.000201899485546, 0.000213115010411, 0.000150798427057, 5.8570636611e-05, 5.7933088101e-05, 5.22242444276e-05, 6.40503203613e-05, 4.22031371272e-05, 5.0888673286e-05, 9.09937443794e-05, 5.99692903052e-05, 3.29657814291e-05, 2.31400626944e-05, 2.61548975686e-05, 2.36120904447e-05, 3.00133197015e-05, 3.11062685796e-05, 1.91115395864e-05, 1.25207689052e-05, 1.13108490041e-05, 1.27115854411e-05, 8.94822005648e-06, 6.8662970989e-06, 7.57501675253e-06, 8.10013807495e-06, 9.71133067651e-06, 1.06181487354e-05, 1.09312131826e-05, 1.31328906718e-05, 1.2062386304e-05, 1.27460334625e-05, 1.20748509289e-05, 1.52899247041e-05, 1.52948505274e-05, 1.16269238788e-05, 1.22127530631e-05, 8.77917864273e-06, 8.80890547705e-06, 9.21634909901e-06, 9.04055923456e-06, 9.61561545409e-06, 9.26421398617e-06, 8.21361300041e-06, 6.2558301579e-06, 5.16317913934e-06, 3.99575401389e-06, 4.10044867749e-06, 4.01964825869e-06, 3.01756153931e-06, 3.00547321785e-06, 2.77893809653e-06, 2.76575292446e-06, 2.2521990104e-06, 1.9807962417e-06, 1.19436856494e-06, 8.84979556304e-07, 5.54752773496e-07, 4.30322046441e-07, 2.7804878755e-07, 1.02300880656e-07, 1.3018909506e-08, 1.00506190037e-08, 6.43894182417e-09, 1.22883270226e-09, 4.86882367756e-10, 4.73821648583e-10, 4.61858523648e-10, 4.50445819533e-10, 4.40409181346e-10, 4.32085311974e-10, 4.24484253303e-10, 4.18465817553e-10, 4.13513667752e-10, 4.09752731745e-10, 4.07496481003e-10]
    },
    "mfcc": {
        "mean": [-583.054443359, 101.412467957, 0.993287265301, 25.2386226654, 11.755361557, 8.04191493988, -1.31743502617, 10.0088653564, 0.833459019661, 4.99951457977, -3.33254265785, -2.40796637535, 2.0612885952],
        "cov": [[1053.83251953, -460.004943848, -49.6066932678, -53.2427635193, -44.0546112061, -74.2302398682, 5.81223392487, 20.3874034882, -27.7311515808, 40.9049072266, -50.6247749329, -69.4472732544, -25.296459198], [-460.004943848, 514.38269043, -121.347969055, -6.52105903625, -18.829990387, 5.32375192642, 40.1884498596, -9.93666362762, -1.76102173328, 8.86254119873, 34.5285110474, 22.477514267, 11.60750103], [-49.6066932678, -121.347969055, 279.430175781, -21.9826965332, 7.25471687317, 78.9972000122, -16.5581741333, -2.07395744324, 14.664648056, -5.68030309677, 28.9237041473, 16.74766922, -20.5326271057], [-53.2427635193, -6.52105903625, -21.9826965332, 207.425369263, 80.428894043, -40.9646377563, -27.8233222961, -1.67576372623, 5.78729534149, -6.17975950241, -4.2268986702, 30.0976982117, 33.8920097351], [-44.0546112061, -18.829990387, 7.25471687317, 80.428894043, 136.124954224, -16.6813983917, -16.8545856476, 1.13854324818, 9.63175487518, -13.5301961899, 2.97752928734, 24.6634349823, 28.9486560822], [-74.2302398682, 5.32375192642, 78.9972000122, -40.9646377563, -16.6813983917, 136.510482788, 29.4680995941, 10.7045660019, 12.671245575, -9.23803138733, 9.8623342514, -0.0763232931495, -20.6973438263], [5.81223392487, 40.1884498596, -16.5581741333, -27.8233222961, -16.8545856476, 29.4680995941, 93.1841506958, 24.8207817078, 4.14925193787, 14.4537038803, 5.48320198059, -7.91742658615, -10.1161813736], [20.3874034882, -9.93666362762, -2.07395744324, -1.67576372623, 1.13854324818, 10.7045660019, 24.8207817078, 72.4767379761, 37.9250221252, 5.95333194733, -10.010632515, -7.08802461624, 2.88912200928], [-27.7311515808, -1.76102173328, 14.664648056, 5.78729534149, 9.63175487518, 12.671245575, 4.14925193787, 37.9250221252, 82.0740585327, 14.5375862122, -4.95110273361, 2.55457639694, 8.13370800018], [40.9049072266, 8.86254119873, -5.68030309677, -6.17975950241, -13.5301961899, -9.23803138733, 14.4537038803, 5.95333194733, 14.5375862122, 76.8129501343, 26.5473918915, -7.61317873001, -6.7754483223], [-50.6247749329, 34.5285110474, 28.9237041473, -4.2268986702, 2.97752928734, 9.8623342514, 5.48320198059, -10.010632515, -4.95110273361, 26.5473918915, 71.7991333008, 27.5332775116, -1.75366675854], [-69.4472732544, 22.477514267, 16.74766922, 30.0976982117, 24.6634349823, -0.0763232931495, -7.91742658615, -7.08802461624, 2.55457639694, -7.61317873001, 27.5332775116, 68.7588424683, 26.8034896851], [-25.296459198, 11.60750103, -20.5326271057, 33.8920097351, 28.9486560822, -20.6973438263, -10.1161813736, 2.88912200928, 8.13370800018, -6.7754483223, -1.75366675854, 26.8034896851, 57.6548042297]],
        "icov": [[0.00219702511095, 0.00224540382624, 0.00103430647869, 0.000514542509336, 0.000389028107747, 0.000709730666131, -0.000626568100415, -0.000433777866419, 0.000859082501847, -0.00122450978961, 0.000308571005007, 0.000423578894697, 9.63951679296e-05], [0.00224540382624, 0.0047927480191, 0.00247498229146, 0.000500930240378, 0.000769721053075, 0.000125534032122, -0.00144226441626, 0.000313701515552, 0.000277148879832, -0.000763009185903, -0.00126130820718, -6.60485093249e-05, -0.000139397991006], [0.00103430647869, 0.00247498229146, 0.0061903456226, 0.000558475672733, -0.000250697950833, -0.00277206278406, 0.00118872802705, 0.000122819459648, -0.000668426800985, -5.30378656549e-06, -0.00221802364103, -0.00101640622597, 0.00166369683575], [0.000514542509336, 0.000500930240378, 0.000558475672733, 0.00707744481042, -0.00335801509209, 0.00115947588347, 0.000923359941225, -0.000404084508773, 0.000356933276635, -0.00111182348337, 0.00134338554926, -0.0019813447725, -0.000771095510572], [0.000389028107747, 0.000769721053075, -0.000250697950833, -0.00335801509209, 0.0105396527797, 0.0005191876553, -0.000127972147311, -2.20898600674e-05, -0.000978366238996, 0.00175150460564, -0.00138436630368, -0.000244187453063, -0.00281125772744], [0.000709730666131, 0.000125534032122, -0.00277206278406, 0.00115947588347, 0.0005191876553, 0.0112090054899, -0.00365814613178, -0.000223702358198, -0.00150791660417, 0.00229755998589, -0.000531781930476, -0.000140777949127, 0.00228187814355], [-0.000626568100415, -0.00144226441626, 0.00118872802705, 0.000923359941225, -0.000127972147311, -0.00365814613178, 0.0148940440267, -0.0056048897095, 0.00219254405238, -0.00236623827368, -0.00043193239253, -0.00026039162185, 0.00106175336987], [-0.000433777866419, 0.000313701515552, 0.000122819459648, -0.000404084508773, -2.20898600674e-05, -0.000223702358198, -0.0056048897095, 0.0212658811361, -0.00966806523502, 0.00102175713982, 0.00116671982687, 0.00169582897797, -0.0013593955664], [0.000859082501847, 0.000277148879832, -0.000668426800985, 0.000356933276635, -0.000978366238996, -0.00150791660417, 0.00219254405238, -0.00966806523502, 0.0186921581626, -0.00555734615773, 0.00341206975281, -0.00160625088029, -0.0017472159816], [-0.00122450978961, -0.000763009185903, -5.30378656549e-06, -0.00111182348337, 0.00175150460564, 0.00229755998589, -0.00236623827368, 0.00102175713982, -0.00555734615773, 0.0197522565722, -0.0102900555357, 0.00516857625917, 0.000136421003845], [0.000308571005007, -0.00126130820718, -0.00221802364103, 0.00134338554926, -0.00138436630368, -0.000531781930476, -0.00043193239253, 0.00116671982687, 0.00341206975281, -0.0102900555357, 0.0244471598417, -0.0111433491111, 0.00341313378885], [0.000423578894697, -6.60485093249e-05, -0.00101640622597, -0.0019813447725, -0.000244187453063, -0.000140777949127, -0.00026039162185, 0.00169582897797, -0.00160625088029, 0.00516857625917, -0.0111433491111, 0.0254936236888, -0.010413531214], [9.63951679296e-05, -0.000139397991006, 0.00166369683575, -0.000771095510572, -0.00281125772744, 0.00228187814355, 0.00106175336987, -0.0013593955664, -0.0017472159816, 0.000136421003845, 0.00341313378885, -0.010413531214, 0.0261534135789]]
    },
    "spectral_contrast_coeffs": {
        "max": [-0.531570494175, -0.528261125088, -0.498274773359, -0.606765508652, -0.641774117947, -0.631642997265],
        "mean": [-0.733361184597, -0.775579571724, -0.755715072155, -0.779633879662, -0.777420759201, -0.765664935112],
        "min": [-0.944765150547, -0.911687076092, -0.901104867458, -0.892838776112, -0.882036566734, -0.865265071392],
        "stdev": [0.0511937849224, 0.0526811741292, 0.0603298395872, 0.0441493429244, 0.0402951426804, 0.0275582056493]
    },
    "spectral_contrast_valleys": {
        "max": [-4.85352230072, -5.08195495605, -5.52162694931, -5.97326898575, -5.74666309357, -7.55615568161],
        "mean": [-6.1035194397, -6.39353990555, -6.98248815536, -6.97171735764, -6.90401220322, -9.34827232361],
        "min": [-7.70972108841, -8.38817882538, -9.08404350281, -8.50150203705, -8.88452911377, -11.5875587463],
        "stdev": [0.368176311255, 0.432040005922, 0.471237123013, 0.402326017618, 0.451656103134, 0.610009372234]
    }
},
"rhythm": {
    "beats_count": 106,
    "beats_loudness": {
        "max": 0.15014590323,
        "mean": 0.0439852364361,
        "min": 0.0133783770725,
        "stdev": 0.0214162338525
    },
    "bpm": 132.005935669,
    "bpm_histogram_first_peak_bpm": 133,
    "bpm_histogram_first_peak_weight": 0.313725471497,
    "bpm_histogram_second_peak_bpm": 117,
    "bpm_histogram_second_peak_spread": 0.5,
    "bpm_histogram_second_peak_weight": 0.00952380988747,
    "danceability": 1.39546954632,
    "onset_rate": 2.666015625,
    "beats_loudness_band_ratio": {
        "max": [0.900256276131, 0.392366230488, 0.42744538188, 0.547769010067, 0.535235345364, 0.234974324703],
        "mean": [0.515299141407, 0.127064436674, 0.104154035449, 0.109470285475, 0.114039316773, 0.06763638556],
        "min": [0.0822451263666, 0.0140567198396, 0.0133931152523, 0.00779735203832, 0.0148060861975, 0.00507815135643],
        "stdev": [0.201975747943, 0.0910169482231, 0.0889827236533, 0.12110375613, 0.102034181356, 0.0435655079782]
    },
