{
"metadata": {
    "version": {
        "essentia": "2.1-beta5",
        "essentia_git_sha": "Undefined",
        "extractor": "music 2.0"
    },
    "audio_properties": {
        "analysis": {
            "equal_loudness": 0,
            "length": 32.4963264465,
            "sample_rate": 44100,
            "start_time": 142.744674683,
            "downmix": "mix"
        },
        "bit_rate": 192000,
        "length": 195.047622681,
        "lossless": 0,
        "number_channels": 2,
        "replay_gain": -1.02410507202,
        "sample_rate": 48000,
        "codec": "mp3",
        "md5_encoded": "d0a61a490b162d37cb650ce27217f187"
    },
    "tags": {
        "file_name": "Belarus_Solayoh_Alyona Lanskaya.mp3",
        "encoding": ["Lavf58.29.100"]
    }
},
"lowlevel": {
    "average_loudness": 0.965302288532,
    "barkbands_crest": {
        "max": 24.1663856506,
        "mean": 11.1050987244,
        "min": 2.37057065964,
        "stdev": 4.5929107666
    },
    "barkbands_flatness_db": {
        "max": 0.261081010103,
        "mean": 0.108313277364,
        "min": 0.0358033999801,
        "stdev": 0.0336017608643
    },
    "barkbands_kurtosis": {
        "max": 81.2978744507,
        "mean": 1.54359388351,
        "min": -1.90330207348,
        "stdev": 4.9926815033
    },
    "barkbands_skewness": {
        "max": 8.31591796875,
        "mean": 1.09249567986,
        "min": -2.90880942345,
        "stdev": 1.03814709187
    },
    "barkbands_spread": {
        "max": 116.050849915,
        "mean": 36.4314002991,
        "min": 3.18435144424,
        "stdev": 17.1113548279
    },
    "dissonance": {
        "max": 0.499971628189,
        "mean": 0.476438045502,
        "min": 0.319484502077,
        "stdev": 0.0220564603806
    },
    "dynamic_complexity": 2.22769856453,
    "erbbands_crest": {
        "max": 28.7707557678,
        "mean": 9.51214313507,
        "min": 2.33899998665,
        "stdev": 5.79298448563
    },
    "erbbands_flatness_db": {
        "max": 0.278973430395,
        "mean": 0.128254458308,
        "min": 0.0528960861266,
        "stdev": 0.0372668392956
    },
    "erbbands_kurtosis": {
        "max": 18.9012031555,
        "mean": 1.11334228516,
        "min": -1.53336346149,
        "stdev": 2.30752754211
    },
    "erbbands_skewness": {
        "max": 3.1359796524,
        "mean": 0.293134480715,
        "min": -2.33229112625,
        "stdev": 0.764146149158
    },
    "erbbands_spread": {
        "max": 102.954330444,
        "mean": 37.6333808899,
        "min": 4.19337272644,
        "stdev": 17.9819774628
    },
    "hfc": {
        "max": 134.149688721,
        "mean": 36.0984649658,
        "min": 0.866732120514,
        "stdev": 21.5015678406
    },
    "loudness_ebu128": {
        "integrated": -20.8964767456,
        "loudness_range": 1.65407943726,
        "momentary": {
            "max": -18.8800601959,
            "mean": -21.1038627625,
            "min": -25.7787780762,
            "stdev": 1.41257679462
        },
        "short_term": {
            "max": -19.8304004669,
            "mean": -20.9407863617,
            "min": -23.7290267944,
            "stdev": 0.828495979309
        }
    },
    "melbands_crest": {
        "max": 34.3263397217,
        "mean": 17.5991249084,
        "min": 3.8442735672,
        "stdev": 6.91608142853
    },
    "melbands_flatness_db": {
        "max": 0.349550873041,
        "mean": 0.158541306853,
        "min": 0.0310221798718,
        "stdev": 0.04817686975
    },
    "melbands_kurtosis": {
        "max": 242.073745728,
        "mean": 10.3579320908,
        "min": -1.71531832218,
        "stdev": 17.9154033661
    },
    "melbands_skewness": {
        "max": 13.4792280197,
        "mean": 2.441614151,
        "min": -0.654380142689,
        "stdev": 1.72637784481
    },
    "melbands_spread": {
        "max": 229.20664978,
        "mean": 35.679359436,
        "min": 1.68602693081,
        "stdev": 21.0079956055
    },
    "pitch_salience": {
        "max": 0.854574143887,
        "mean": 0.494751811028,
        "min": 0.130640134215,
        "stdev": 0.124116033316
    },
    "silence_rate_20dB": {
        "max": 1,
        "mean": 1,
        "min": 1,
        "stdev": 0
    },
    "silence_rate_30dB": {
        "max": 1,
        "mean": 0.9935759902,
        "min": 0,
        "stdev": 0.0798921361566
    },
    "silence_rate_60dB": {
        "max": 1,
        "mean": 0.0021413275972,
        "min": 0,
        "stdev": 0.046224579215
    },
    "spectral_centroid": {
        "max": 4937.53320312,
        "mean": 1931.05334473,
        "min": 678.925415039,
        "stdev": 548.408874512
    },
    "spectral_complexity": {
        "max": 56,
        "mean": 26.0985012054,
        "min": 1,
        "stdev": 9.85296916962
    },
    "spectral_decrease": {
        "max": -1.37131514477e-10,
        "mean": -1.01587014356e-08,
        "min": -3.62718637348e-08,
        "stdev": 7.20127069087e-09
    },
    "spectral_energy": {
        "max": 0.144024342299,
        "mean": 0.0416155532002,
        "min": 0.000596183934249,
        "stdev": 0.028223240748
    },
    "spectral_energyband_high": {
        "max": 0.0114581389353,
        "mean": 0.0019881313201,
        "min": 2.61763980234e-05,
        "stdev": 0.00173319759779
    },
    "spectral_energyband_low": {
        "max": 0.120302177966,
        "mean": 0.0222116615623,
        "min": 1.32224304252e-05,
        "stdev": 0.0220099054277
    },
    "spectral_energyband_middle_high": {
        "max": 0.0566287077963,
        "mean": 0.0118652777746,
        "min": 0.000262174202362,
        "stdev": 0.0102177690715
    },
    "spectral_energyband_middle_low": {
        "max": 0.0694801285863,
        "mean": 0.00641877157614,
        "min": 0.000145133089973,
        "stdev": 0.00693081971258
    },
    "spectral_entropy": {
        "max": 8.91893577576,
        "mean": 8.08642292023,
        "min": 7.28498029709,
        "stdev": 0.254291474819
    },
    "spectral_flux": {
        "max": 0.334241718054,
        "mean": 0.12053155154,
        "min": 0.0280722752213,
        "stdev": 0.0487992279232
    },
    "spectral_kurtosis": {
        "max": 12.6548614502,
        "mean": 2.42827939987,
        "min": -1.00457715988,
        "stdev": 1.20704221725
    },
    "spectral_rms": {
        "max": 0.0118537563831,
        "mean": 0.00598306255415,
        "min": 0.000762655108701,
        "stdev": 0.00219167931937
    },
    "spectral_rolloff": {
        "max": 11821.7285156,
        "mean": 2113.0690918,
        "min": 64.599609375,
        "stdev": 2048.6237793
    },
    "spectral_skewness": {
        "max": 2.89931750298,
        "mean": 1.31558203697,
        "min": 0.262289017439,
        "stdev": 0.263186633587
    },
    "spectral_spread": {
        "max": 20146282,
        "mean": 5945731.5,
        "min": 3379918.5,
        "stdev": 1459264.625
    },
    "spectral_strongpeak": {
        "max": 12.0634994507,
        "mean": 0.974688649178,
        "min": 0,
        "stdev": 1.59330487251
    },
    "zerocrossingrate": {
        "max": 0.361328125,
        "mean": 0.0848926305771,
        "min": 0.0166015625,
        "stdev": 0.0461204014719
    },
    "barkbands": {
        "max": [0.0174816474319, 0.0993432998657, 0.0801846385002, 0.0212711170316, 0.0175440516323, 0.0188837423921, 0.0397211164236, 0.0234188772738, 0.0127877639607, 0.0464788414538, 0.0458382442594, 0.0200403686613, 0.0247197877616, 0.0338517278433, 0.0202565994114, 0.0129296118394, 0.0109244510531, 0.00470974482596, 0.00257559120655, 0.00370693486184, 0.00268293195404, 0.00215304386802, 0.00275136483833, 0.00376951228827, 0.00617596227676, 0.00226799794473, 3.34927153745e-06],
        "mean": [0.0018527423963, 0.0161342713982, 0.00369628844783, 0.000994125031866, 0.00122935813852, 0.000816354935523, 0.00125632761046, 0.000850123586133, 0.000681501289364, 0.00223481142893, 0.00298013351858, 0.00156520877499, 0.000879779458046, 0.00118791649584, 0.000809373450466, 0.000892002193723, 0.000616235600319, 0.000438045564806, 0.000324694410665, 0.000432090455433, 0.00033373926999, 0.000301137217321, 0.000302525790175, 0.000331955961883, 0.000339860911481, 0.000134887304739, 6.31752357094e-08],
        "min": [5.70845088532e-07, 2.98796476272e-06, 3.39749749401e-06, 1.86735064744e-06, 7.85404790804e-06, 3.31999626724e-06, 5.08182210979e-06, 3.65528057955e-06, 5.36540028406e-06, 2.95375457426e-06, 1.22077362903e-05, 1.08523690869e-05, 6.16825627731e-06, 8.95609446161e-06, 1.64823959494e-05, 1.13338255687e-05, 1.25572705656e-05, 1.7395537725e-05, 5.79567358727e-06, 3.22634332406e-06, 6.93029642207e-06, 4.91416085424e-06, 4.43308454123e-06, 2.64701384367e-06, 2.69455540547e-06, 1.40053862197e-06, 1.26964133651e-10],
        "stdev": [0.00273404293694, 0.0176603104919, 0.0072556110099, 0.00173845770769, 0.00188799726311, 0.00150068325456, 0.00261805020273, 0.00220226263627, 0.00127741950564, 0.00435128482059, 0.00550296111032, 0.00292015704326, 0.00183312757872, 0.00207388447598, 0.00140714575537, 0.00152906624135, 0.00105400651228, 0.000529401877429, 0.000284064532025, 0.000396439834731, 0.000292247335892, 0.000270139542408, 0.000292499578791, 0.000407363695558, 0.000570897071157, 0.000209208068554, 2.03121302889e-07]
    },
    "erbbands": {
        "max": [4.76912498474, 22.2831516266, 78.9870376587, 58.9335517883, 57.9282798767, 73.0073928833, 80.560760498, 199.886550903, 405.525299072, 533.610229492, 398.987457275, 352.819793701, 1393.70422363, 1579.79064941, 1606.36877441, 792.468383789, 1032.06018066, 1834.19152832, 416.725585938, 1209.69018555, 897.607971191, 644.875610352, 293.423797607, 119.334671021, 133.156051636, 179.517059326, 117.193618774, 97.1337280273, 74.1619567871, 79.8671188354, 95.0047836304, 88.9020767212, 76.6374130249, 71.8800125122, 40.2876548767, 16.9576053619, 5.71430015564, 0.146259903908, 0.00367766688578, 0.000332926691044],
        "mean": [0.704046905041, 2.64973902702, 4.18386363983, 4.28220081329, 3.58523511887, 4.14860773087, 4.23663854599, 7.92065858841, 16.0077629089, 21.7837657928, 13.3423461914, 14.9210443497, 54.6122627258, 81.4427947998, 131.504470825, 53.6898651123, 41.3977890015, 56.3165206909, 44.1105728149, 51.8082008362, 44.2895202637, 34.0151977539, 26.957736969, 17.5805206299, 17.0466060638, 19.9615974426, 15.7397060394, 12.3804636002, 11.0874567032, 9.40137863159, 8.57828998566, 6.72662734985, 5.70707941055, 4.20307826996, 2.1661298275, 0.920735836029, 0.187206223607, 0.00520425429568, 0.000196509514353, 6.71540474286e-05],
        "min": [8.34722086438e-05, 0.000746103643905, 0.00499089434743, 0.0187880191952, 0.0267906300724, 0.0233006235212, 0.0666004046798, 0.0525266379118, 0.191257998347, 0.101056836545, 0.250817388296, 0.185686379671, 0.451609700918, 0.391994208097, 0.725129723549, 0.451056420803, 0.588876128197, 0.529605507851, 1.22094035149, 1.40383672714, 0.585474908352, 0.906440198421, 1.1770619154, 0.599266350269, 0.283089339733, 0.173449590802, 0.319661289454, 0.227670967579, 0.210178792477, 0.109657168388, 0.136026352644, 0.0565299987793, 0.0463754348457, 0.0310701355338, 0.017312316224, 0.00805396959186, 0.00196404871531, 5.90844429098e-05, 7.85703650763e-06, 4.31597209172e-06],
        "stdev": [0.884514451027, 2.9516620636, 7.29598379135, 7.66189146042, 5.59359025955, 7.33067941666, 6.196205616, 15.3974723816, 33.2913360596, 46.2781333923, 33.2661705017, 25.463716507, 110.368682861, 160.284744263, 244.620727539, 80.5267562866, 78.8154144287, 100.809616089, 51.1514015198, 88.4216308594, 75.1130142212, 53.6643486023, 33.5339050293, 15.6156396866, 15.6140270233, 18.7932510376, 13.7496557236, 10.6075925827, 9.88809490204, 8.7924823761, 8.29037189484, 7.99417352676, 7.5200715065, 6.769947052, 3.86109399796, 1.51678979397, 0.297130614519, 0.00792274530977, 0.000255214632489, 4.22969787905e-05]
    },
    "gfcc": {
        "mean": [54.0164909363, 59.7872161865, -116.334083557, 41.6860237122, -54.889503479, 43.9272499084, -33.0638427734, 23.9898281097, -25.1623039246, 13.165933609, -15.0714960098, 7.67251205444, -6.16141653061],
        "cov": [[1317.04138184, 29.5653743744, -8.06059265137, -17.7952098846, 111.519706726, -21.8227481842, -17.145275116, 43.9103622437, -16.1315631866, -31.3298931122, -77.2324981689, 11.8764505386, -21.0142498016], [29.5653743744, 462.647064209, -127.161209106, -27.3273124695, 59.7378578186, 5.03185558319, 92.1529159546, -55.9644584656, 8.2818031311, -54.4492416382, 31.9259490967, -10.9650506973, 22.753868103], [-8.06059265137, -127.161209106, 325.010742188, 93.2830886841, -26.1544303894, -1.95791220665, -48.5340614319, 18.9212760925, -0.651771128178, 25.3127059937, -24.1518268585, -3.23937106133, -26.2407875061], [-17.7952098846, -27.3273124695, 93.2830886841, 149.550643921, 28.5512466431, -16.8069286346, -28.0707569122, -1.18555140495, 21.0740356445, 0.686745285988, -9.37236499786, -2.62801337242, -2.68901824951], [111.519706726, 59.7378578186, -26.1544303894, 28.5512466431, 150.836212158, 71.9373550415, 57.8952903748, 15.9473314285, 5.6538143158, -5.92347049713, 9.57019233704, 13.9316673279, 14.2445287704], [-21.8227481842, 5.03185558319, -1.95791220665, -16.8069286346, 71.9373550415, 160.788085938, 121.848022461, 4.20338630676, -33.1012001038, -11.2756738663, 29.960691452, 3.94457864761, 16.2936210632], [-17.145275116, 92.1529159546, -48.5340614319, -28.0707569122, 57.8952903748, 121.848022461, 169.96434021, 25.342048645, -18.2286338806, -21.2222671509, 33.8094711304, 11.2403402328, 19.6908435822], [43.9103622437, -55.9644584656, 18.9212760925, -1.18555140495, 15.9473314285, 4.20338630676, 25.342048645, 89.1665878296, 45.4785232544, 12.3720283508, -1.12824058533, 13.2034502029, 12.716504097], [-16.1315631866, 8.2818031311, -0.651771128178, 21.0740356445, 5.6538143158, -33.1012001038, -18.2286338806, 45.4785232544, 91.6893615723, 33.8924980164, -2.03052711487, 3.50189137459, 5.27015733719], [-31.3298931122, -54.4492416382, 25.3127059937, 0.686745285988, -5.92347049713, -11.2756738663, -21.2222671509, 12.3720283508, 33.8924980164, 77.6962966919, 37.1226119995, -3.67881441116, -17.1796913147], [-77.2324981689, 31.9259490967, -24.1518268585, -9.37236499786, 9.57019233704, 29.960691452, 33.8094711304, -1.12824058533, -2.03052711487, 37.1226119995, 90.6869888306, 16.1073417664, 4.71065950394], [11.8764505386, -10.9650506973, -3.23937106133, -2.62801337242, 13.9316673279, 3.94457864761, 11.2403402328, 13.2034502029, 3.50189137459, -3.67881441116, 16.1073417664, 56.5501899719, 35.548828125], [-21.0142498016, 22.753868103, -26.2407875061, -2.68901824951, 14.2445287704, 16.2936210632, 19.6908435822, 12.716504097, 5.27015733719, -17.1796913147, 4.71065950394, 35.548828125, 72.9353637695]],
        "icov": [[0.000996183604002, -0.000526846619323, 0.000163677439559, 6.73962786095e-05, -0.000747861748096, -0.000117463081551, 0.000750544655602, -0.00150149664842, 0.00141995050944, -0.000795649772044, 0.00138922478072, -0.000965307757724, 0.000834970618598], [-0.000526846619323, 0.00801568850875, -0.00212859176099, 0.00398693652824, -0.00519306445494, 0.00976396165788, -0.0096311531961, 0.0119001893327, -0.00961434934288, 0.00992443878204, -0.00775349838659, 0.00742584140971, -0.00399919738993], [0.000163677439559, -0.00212859176099, 0.00610226718709, -0.00516282720491, 0.00379613554105, -0.00595494545996, 0.00477812485769, -0.00618039118126, 0.00529992906377, -0.00575189013034, 0.00478554796427, -0.00445069791749, 0.00321526592597], [6.73962786095e-05, 0.00398693652824, -0.00516282720491, 0.0129032488912, -0.0069612218067, 0.00761665636674, -0.00460832519457, 0.00870109163225, -0.00875407736748, 0.00857741199434, -0.00592670496553, 0.00581835955381, -0.00302124070004], [-0.000747861748096, -0.00519306445494, 0.00379613554105, -0.0069612218067, 0.015375691466, -0.0131314843893, 0.0066876038909, -0.00848883576691, 0.00464234966785, -0.00704616121948, 0.00578949647024, -0.00780389131978, 0.00355348945595], [-0.000117463081551, 0.00976396165788, -0.00595494545996, 0.00761665636674, -0.0131314843893, 0.0319714471698, -0.0239746253937, 0.0166927054524, -0.00731695070863, 0.00998959969729, -0.0105642974377, 0.0135811986402, -0.00901263300329], [0.000750544655602, -0.0096311531961, 0.00477812485769, -0.00460832519457, 0.0066876038909, -0.0239746253937, 0.0289588626474, -0.0200323630124, 0.0110773723572, -0.00609814142808, 0.0051269303076, -0.009765827097, 0.00668627256528], [-0.00150149664842, 0.0119001893327, -0.00618039118126, 0.00870109163225, -0.00848883576691, 0.0166927054524, -0.0200323630124, 0.0376204922795, -0.0250804889947, 0.0147735886276, -0.010749722831, 0.00928249396384, -0.00780802220106], [0.00141995050944, -0.00961434934288, 0.00529992906377, -0.00875407736748, 0.00464234966785, -0.00731695070863, 0.0110773723572, -0.0250804889947, 0.0350169837475, -0.0235725492239, 0.0144031727687, -0.00843209959567, 0.00219963025302], [-0.000795649772044, 0.00992443878204, -0.00575189013034, 0.00857741199434, -0.00704616121948, 0.00998959969729, -0.00609814142808, 0.0147735886276, -0.0235725492239, 0.0406467989087, -0.0241938810796, 0.0118230609223, 0.000213979088585], [0.00138922478072, -0.00775349838659, 0.00478554796427, -0.00592670496553, 0.00578949647024, -0.0105642974377, 0.0051269303076, -0.010749722831, 0.0144031727687, -0.0241938810796, 0.0290151014924, -0.0145740909502, 0.00453173369169], [-0.000965307757724, 0.00742584140971, -0.00445069791749, 0.00581835955381, -0.00780389131978, 0.0135811986402, -0.009765827097, 0.00928249396384, -0.00843209959567, 0.0118230609223, -0.0145740909502, 0.0369368083775, -0.0181409306824], [0.000834970618598, -0.00399919738993, 0.00321526592597, -0.00302124070004, 0.00355348945595, -0.00901263300329, 0.00668627256528, -0.00780802220106, 0.00219963025302, 0.000213979088585, 0.00453173369169, -0.0181409306824, 0.0255606938154]]
    },
    "melbands": {
        "max": [0.0337962992489, 0.0299354027957, 0.00887489877641, 0.0042527015321, 0.00294249178842, 0.00425927946344, 0.0070967306383, 0.00529299629852, 0.00270561873913, 0.00222594197839, 0.00690887728706, 0.00716040981933, 0.00532652903348, 0.00251391320489, 0.00307419174351, 0.00342309474945, 0.00412617763504, 0.00103432824835, 0.00178997812327, 0.00140763621312, 0.00118274788838, 0.000699181749951, 0.000577615981456, 0.000222061091335, 9.38073717407e-05, 9.19489393709e-05, 0.000174053406226, 0.000152465348947, 8.48174968269e-05, 9.2181697255e-05, 6.28013222013e-05, 5.56052182219e-05, 3.17679914588e-05, 4.65419907414e-05, 4.95060412504e-05, 5.72484241275e-05, 5.67726347072e-05, 5.38169770152e-05, 5.38932581549e-05, 6.06289831921e-05],
        "mean": [0.00525215733796, 0.00252776150592, 0.000718221592251, 0.000274473481113, 0.000157649978064, 0.000177817506483, 0.000249377742875, 0.000238557448029, 9.28807567107e-05, 0.000100931720226, 0.000282784400042, 0.000321045605233, 0.000418873096351, 0.000220089452341, 0.000114140195365, 8.05963936727e-05, 0.000112424386316, 7.42623815313e-05, 6.7841821874e-05, 6.97546201991e-05, 4.76947279822e-05, 3.63567341992e-05, 2.86652102659e-05, 1.95099473785e-05, 1.36400094561e-05, 1.17117924674e-05, 1.30664693643e-05, 1.36530024974e-05, 1.01807827377e-05, 8.39689710119e-06, 6.86017574481e-06, 6.55511576042e-06, 5.30438182977e-06, 5.21415950061e-06, 4.99235875395e-06, 4.46886815553e-06, 3.97504345528e-06, 3.93382197217e-06, 3.91314506487e-06, 3.45494754583e-06],
        "min": [8.38072651277e-07, 2.19462367568e-06, 3.5248713175e-06, 1.59245905706e-06, 2.66057486442e-06, 1.10551218313e-06, 3.21403285852e-06, 6.81135134073e-07, 1.16905164305e-06, 1.22084679788e-06, 3.10586642627e-07, 1.53830376348e-06, 1.62798426118e-06, 1.85122735274e-06, 7.01672604464e-07, 5.08103937591e-07, 8.16978854346e-07, 1.60183321896e-06, 8.95969151316e-07, 8.00156385594e-07, 3.59440548436e-07, 7.30962199214e-07, 5.14128487339e-07, 7.53409267418e-07, 3.62251483921e-07, 1.76707075639e-07, 1.53133882463e-07, 1.05793546368e-07, 1.83817505217e-07, 1.89412688201e-07, 1.08289142986e-07, 1.33480469344e-07, 6.70038673434e-08, 6.53662368677e-08, 9.7879308214e-08, 3.78034172854e-08, 2.94689996849e-08, 3.60452965253e-08, 2.95811481976e-08, 2.20608988855e-08],
        "stdev": [0.00603288598359, 0.00327912624925, 0.00118315534201, 0.000434637709986, 0.000231735888519, 0.000339374004398, 0.000516838917974, 0.000521276961081, 0.000225117633818, 0.000186904420843, 0.000579819316044, 0.000658647331875, 0.000754233158659, 0.000402719218982, 0.000235032799537, 0.000197046101675, 0.000217081236769, 0.000100079778349, 0.000130373242428, 0.000122389770695, 9.62624690146e-05, 6.3393759774e-05, 4.49819199275e-05, 2.3708500521e-05, 1.25746273625e-05, 1.08889562398e-05, 1.34340234581e-05, 1.35880782182e-05, 9.40687368711e-06, 7.82579809311e-06, 6.32220144325e-06, 6.42812847218e-06, 4.52153926744e-06, 5.31911109647e-06, 4.82466066387e-06, 5.04444005855e-06, 4.97145583722e-06, 5.14856128575e-06, 5.65934033148e-06, 5.94165294387e-06]
    },
    "melbands128": {
        "max": [0.0158332362771, 0.0481413863599, 0.0404475852847, 0.0458384528756, 0.0396959967911, 0.0371322035789, 0.0127581432462, 0.0103554576635, 0.00694576837122, 0.00627126358449, 0.00535240210593, 0.00416984502226, 0.00304429139942, 0.00314316200092, 0.00465694861487, 0.0060185608454, 0.00658132042736, 0.0110105257481, 0.0140857128426, 0.00940367951989, 0.00841767620295, 0.00694279978052, 0.00338501064107, 0.00276481732726, 0.00326849147677, 0.00385418580845, 0.00815578643233, 0.0120514640585, 0.0123354187235, 0.0154085299, 0.011150913313, 0.0134769137949, 0.0103287771344, 0.0107433255762, 0.00668990705162, 0.00251291529275, 0.00384533172473, 0.00638074800372, 0.00285068643279, 0.00330557581037, 0.00630465522408, 0.00352712883614, 0.00702031794935, 0.00388153572567, 0.00229034665972, 0.00142900156789, 0.00132630846929, 0.00185929052532, 0.00491173565388, 0.00196795840748, 0.00262044207193, 0.00157183851115, 0.00230534351431, 0.00234319851734, 0.00184082763735, 0.000872587668709, 0.00130991707556, 0.00111404666677, 0.000579272396863, 0.000472644518595, 0.000375713512767, 0.000360464153346, 0.000209845486097, 0.000100666293292, 0.000210533602512, 0.000104501734313, 0.000195131709916, 0.000258475280134, 0.000236584746744, 0.000307567592245, 0.000191019586055, 0.000374858849682, 0.000166801575688, 8.74743127497e-05, 0.000156753405463, 0.000160428302479, 7.81166818342e-05, 8.89116126928e-05, 7.28013110347e-05, 0.000100154618849, 0.000131705906824, 5.65236514376e-05, 4.79844784422e-05, 4.60807787022e-05, 5.6510361901e-05, 7.65840959502e-05, 6.44494939479e-05, 6.31833463558e-05, 6.03049556958e-05, 9.74074937403e-05, 6.93276451784e-05, 5.34659302502e-05, 7.4320283602e-05, 7.6129414083e-05, 4.99253656017e-05, 6.55491530779e-05, 5.84147965128e-05, 9.18444566196e-05, 5.68025025132e-05, 8.88475042302e-05, 8.19644046715e-05, 6.83458492858e-05, 8.5767780547e-05, 8.07721444289e-05, 6.65716142976e-05, 5.28538657818e-05, 5.19197856192e-05, 5.4719774198e-05, 3.13165401167e-05, 2.98240611301e-05, 2.87783459498e-05, 4.15035356127e-05, 2.8929385735e-05, 6.35767662516e-07, 9.73979922492e-07, 7.08891377599e-07, 1.13218312947e-07, 1.42986058549e-08, 1.40433984441e-08, 1.37158977509e-08, 1.33835182936e-08, 1.31057529273e-08, 1.2869493915e-08, 1.2625431367e-08, 1.24478960473e-08, 1.23319203738e-08, 1.22269359082e-08, 1.21649970097e-08],
        "mean": [0.00174575427081, 0.0065038241446, 0.00630689878017, 0.00374259916134, 0.00227022450417, 0.001777925645, 0.000909802329261, 0.000417132396251, 0.000358422461431, 0.000275726633845, 0.000227697993978, 0.000177915848326, 0.000130414016894, 0.000140241492772, 0.000169482678757, 0.000195102358703, 0.000239087690716, 0.000272398086963, 0.000246321287705, 0.000249088712735, 0.000258788262727, 0.000141497774166, 5.90346717217e-05, 5.41595582035e-05, 7.32505068299e-05, 0.000112721114419, 0.000181661380338, 0.000305311143165, 0.000371430447558, 0.000317584665027, 0.000318426580634, 0.000305894209305, 0.000360878679203, 0.000643077306449, 0.000278881721897, 7.95786545496e-05, 0.000114774171379, 0.000142212185892, 9.49094828684e-05, 7.39961542422e-05, 8.91676681931e-05, 6.67780768708e-05, 0.000103339043562, 0.000155948408064, 9.91742272163e-05, 5.40084329259e-05, 4.58715330751e-05, 7.14294001227e-05, 7.86045420682e-05, 6.27508852631e-05, 7.79771944508e-05, 6.79050281178e-05, 4.07824481954e-05, 4.63828837383e-05, 4.33321256423e-05, 3.41264385497e-05, 3.19836290146e-05, 2.96501111734e-05, 2.75188649539e-05, 2.7086436603e-05, 1.96084238269e-05, 1.26849063236e-05, 1.57185677381e-05, 1.21482526083e-05, 1.39969179145e-05, 1.02614267234e-05, 1.12069710667e-05, 1.42046901601e-05, 1.27994590002e-05, 1.29277168526e-05, 1.28535493786e-05, 1.57288359333e-05, 1.20475078802e-05, 7.95819505583e-06, 9.35521075007e-06, 9.62734429777e-06, 7.33948809284e-06, 6.71875841363e-06, 6.86978637532e-06, 6.35074457023e-06, 8.11298195913e-06, 5.60710896025e-06, 5.76407182962e-06, 5.21208085047e-06, 4.94173536936e-06, 5.28769714947e-06, 5.36594643563e-06, 5.00154555994e-06, 4.95790527566e-06, 5.04798390466e-06, 4.646713478e-06, 4.38162078353e-06, 4.03218655265e-06, 3.93794971387e-06, 4.02148816647e-06, 3.73212401428e-06, 3.95116512664e-06, 4.12988583776e-06, 3.92576112063e-06, 3.86146712117e-06, 3.66392600881e-06, 3.40164365298e-06, 3.21495440403e-06, 2.68688472715e-06, 2.33402283811e-06, 2.28005319514e-06, 1.95170628103e-06, 1.81357370366e-06, 1.51896779244e-06, 1.34595688905e-06, 1.47312346144e-06, 9.61811224442e-07, 4.60432573846e-07, 2.27170300349e-08, 1.65676112829e-08, 1.55042787497e-08, 2.87644774666e-09, 2.49494678389e-11, 2.32019368995e-11, 2.26326752478e-11, 2.20949404606e-11, 2.1665365682e-11, 2.12783055065e-11, 2.08849118555e-11, 2.04029362849e-11, 1.98676075591e-11, 1.95337097192e-11, 1.94047885399e-11],
        "min": [6.85472745232e-09, 6.88217312472e-07, 8.61614978476e-07, 1.24813607272e-06, 1.97242138711e-06, 2.37432345784e-06, 1.84029931916e-06, 8.34335025957e-07, 9.29862835619e-07, 8.63194429712e-07, 2.4177842306e-07, 1.04073464513e-07, 1.39696467727e-07, 5.97788698542e-07, 1.40882264077e-07, 5.37906657883e-07, 1.2532746041e-06, 2.11910347048e-07, 3.00209421766e-07, 1.34675403274e-07, 2.51647975347e-07, 1.84312142437e-07, 6.32181169635e-08, 1.03247103311e-07, 1.57774834975e-07, 1.25595349232e-07, 1.80544873274e-07, 2.46181230068e-07, 4.83952362629e-07, 4.60807001446e-07, 3.32790506263e-07, 4.12480858358e-07, 1.00862322938e-07, 7.61834257901e-08, 2.08052298944e-07, 2.31164719366e-07, 4.89716228458e-07, 1.61524312148e-07, 2.30839830806e-07, 4.00014599222e-08, 6.21379783183e-08, 1.30495891426e-07, 2.17773589384e-07, 1.5828103983e-07, 2.47834293532e-07, 2.19863395046e-07, 2.9416960956e-07, 3.82789721698e-07, 3.68702728792e-07, 2.58203442627e-07, 5.90923377786e-07, 2.4027721679e-07, 1.24664921941e-07, 3.22361373151e-08, 5.97844262984e-08, 4.30517062e-08, 1.52003124754e-07, 1.01391854912e-07, 3.46687372144e-08, 3.19413366867e-08, 1.09917536406e-07, 1.24022236037e-07, 8.6322664572e-08, 1.2079310352e-07, 1.34796124485e-07, 7.65800081126e-08, 2.23266027888e-07, 1.18784662106e-07, 7.51706323854e-08, 8.34999056565e-08, 1.32982123091e-07, 7.64082201954e-08, 1.38783462944e-07, 1.72596500647e-07, 2.5561260486e-07, 1.85279716902e-07, 1.45078928426e-07, 1.74770747208e-07, 4.53780515386e-08, 1.19274986332e-07, 1.28536314037e-07, 1.12775737193e-07, 9.33643562462e-08, 6.43751860707e-08, 2.86915966541e-08, 3.10084651289e-08, 9.03091077475e-08, 1.12355678539e-07, 1.16984722354e-07, 7.14327796913e-08, 4.08904767824e-08, 2.09024548781e-08, 4.7769628253e-08, 3.1441160786e-08, 1.3955600231e-08, 3.70114818793e-08, 4.66981227021e-08, 2.2660763932e-08, 2.03619272554e-08, 4.33295106461e-08, 3.55645255468e-08, 9.12265640807e-09, 1.7087343096e-08, 3.23482041154e-08, 1.85438455702e-08, 1.42921452451e-08, 1.64962017379e-08, 1.35988766914e-08, 1.64393583191e-08, 1.32522144369e-08, 8.44444958403e-09, 4.95056395877e-09, 1.86079502501e-11, 1.17591570162e-12, 6.72982774109e-13, 5.9522948636e-13, 5.05393199079e-13, 5.61229177281e-13, 3.65310646316e-13, 3.77520036716e-13, 3.90791023673e-13, 3.78825009556e-13, 4.40662534674e-13, 3.16246649094e-13, 2.84721681995e-13, 1.2832855438e-13, 1.19674727078e-14, 8.12533401192e-16],
        "stdev": [0.00261858757585, 0.00881672650576, 0.007392229978, 0.00464746169746, 0.00400144513696, 0.00353921903297, 0.00175524246879, 0.000722328026313, 0.000622542516794, 0.000502937124111, 0.000472965301014, 0.000332706840709, 0.000217280510697, 0.000255305960309, 0.000365984888049, 0.000505888019688, 0.000576256017666, 0.000725964666344, 0.000693417561706, 0.000643533829134, 0.000738525413908, 0.000509220815729, 0.000169365055626, 0.000130933432956, 0.000173723412445, 0.000260804634308, 0.000526273332071, 0.00079834117787, 0.000923016632441, 0.000872781674843, 0.00100088154431, 0.000938799465075, 0.000983750796877, 0.00155195174739, 0.000770777172875, 0.000177231180714, 0.00031383219175, 0.000386991945561, 0.000255765946349, 0.000220003494178, 0.000330497830873, 0.00020420292276, 0.000297809980111, 0.000348187226336, 0.000198432055186, 9.92002460407e-05, 8.29555283417e-05, 0.000154706067406, 0.000245926144999, 0.000154923822265, 0.000187831697986, 0.000153380111442, 0.000129856853164, 0.000144562713103, 0.000115738490422, 7.68582103774e-05, 8.00946290838e-05, 7.7272663475e-05, 5.06551223225e-05, 4.53987704532e-05, 3.09824645228e-05, 1.75940822373e-05, 1.95601278392e-05, 1.26317345348e-05, 1.74531305674e-05, 1.11892950372e-05, 1.41808868648e-05, 1.88866179087e-05, 1.65914352692e-05, 1.82947587746e-05, 1.65477558767e-05, 2.01312541321e-05, 1.57910671987e-05, 9.52971822699e-06, 1.11607196231e-05, 1.13080950541e-05, 7.75031003286e-06, 6.90885872245e-06, 7.31084310246e-06, 7.61729916121e-06, 1.13604701255e-05, 5.75575950279e-06, 5.68016685065e-06, 5.09262736159e-06, 5.23714243172e-06, 6.30683598501e-06, 6.26425389783e-06, 5.37300047654e-06, 5.27418615093e-06, 5.68410405322e-06, 5.34366563443e-06, 5.79334664508e-06, 5.57286284675e-06, 5.61164506507e-06, 5.1485521908e-06, 4.98627287016e-06, 5.94606490267e-06, 6.43016483082e-06, 5.70049496673e-06, 6.5275767156e-06, 6.81995197738e-06, 6.21623621555e-06, 5.99655322731e-06, 5.3972976275e-06, 4.57201076642e-06, 4.24286054113e-06, 4.18592480855e-06, 3.5623822896e-06, 2.56352245742e-06, 2.27624968829e-06, 2.48611490861e-06, 1.75271850367e-06, 1.0455840993e-06, 4.71391778945e-08, 4.46723049663e-08, 4.25696349282e-08, 8.08878297676e-09, 4.27791385649e-10, 4.20404655532e-10, 4.11018302726e-10, 4.01638888814e-10, 3.93573285074e-10, 3.86546267217e-10, 3.79639236714e-10, 3.74283992688e-10, 3.70754343892e-10, 3.67764929621e-10, 3.6589278829e-10]
    },
    "mfcc": {
        "mean": [-586.296325684, 86.3207931519, 3.92244625092, 11.473991394, 10.0309505463, 16.6268806458, 12.6249008179, 11.105047226, 8.87324810028, 6.09757757187, 0.486452490091, 3.48882770538, 5.79974985123],
        "cov": [[1295.02270508, 91.6577911377, -149.473892212, 29.4580974579, 54.1190834045, -23.8482151031, -10.3859434128, 41.6105270386, 40.8138465881, -3.27412605286, -56.3551330566, -13.3294382095, 1.94482886791], [91.6577911377, 372.503540039, -116.133682251, -22.0014801025, -34.1448898315, 43.6196136475, 42.9998817444, 36.5547409058, -4.57786750793, -10.820941925, -1.06072092056, -5.86898946762, -1.74352765083], [-149.473892212, -116.133682251, 289.011138916, 54.7225875854, 20.4823875427, -14.6735725403, -29.3910541534, -33.472328186, -7.36476707458, -2.1664044857, 29.4855613708, -3.07845902443, -24.4498023987], [29.4580974579, -22.0014801025, 54.7225875854, 140.406890869, 57.3455619812, -16.8227577209, -55.3756484985, -14.6244506836, 8.75942420959, -9.90839385986, -2.30349779129, 11.2578792572, 2.38022780418], [54.1190834045, -34.1448898315, 20.4823875427, 57.3455619812, 112.275413513, 9.16732025146, -21.0260028839, -7.1511349678, 19.2587528229, -0.78388184309, 0.355442404747, 11.0669088364, 5.04696655273], [-23.8482151031, 43.6196136475, -14.6735725403, -16.8227577209, 9.16732025146, 124.172645569, 93.2202148438, 34.1247253418, -4.18897628784, 3.47174286842, 14.8864707947, -11.300614357, -11.3412218094], [-10.3859434128, 42.9998817444, -29.3910541534, -55.3756484985, -21.0260028839, 93.2202148438, 178.817260742, 71.3657913208, -10.3991374969, 13.4388771057, 14.3875236511, -7.39153718948, -0.14406953752], [41.6105270386, 36.5547409058, -33.472328186, -14.6244506836, -7.1511349678, 34.1247253418, 71.3657913208, 108.133529663, 47.1622924805, 0.563432872295, -10.7081747055, -9.94747829437, 5.73538208008], [40.8138465881, -4.57786750793, -7.36476707458, 8.75942420959, 19.2587528229, -4.18897628784, -10.3991374969, 47.1622924805, 90.0180130005, 13.772644043, -16.2491226196, -5.78221893311, 6.81831693649], [-3.27412605286, -10.820941925, -2.1664044857, -9.90839385986, -0.78388184309, 3.47174286842, 13.4388771057, 0.563432872295, 13.772644043, 63.6960487366, 34.8490867615, 8.96659374237, 2.46312475204], [-56.3551330566, -1.06072092056, 29.4855613708, -2.30349779129, 0.355442404747, 14.8864707947, 14.3875236511, -10.7081747055, -16.2491226196, 34.8490867615, 78.3754577637, 25.7343215942, -3.72644710541], [-13.3294382095, -5.86898946762, -3.07845902443, 11.2578792572, 11.0669088364, -11.300614357, -7.39153718948, -9.94747829437, -5.78221893311, 8.96659374237, 25.7343215942, 71.050743103, 35.9084434509], [1.94482886791, -1.74352765083, -24.4498023987, 2.38022780418, 5.04696655273, -11.3412218094, -0.14406953752, 5.73538208008, 6.81831693649, 2.46312475204, -3.72644710541, 35.9084434509, 65.2121429443]],
        "icov": [[0.000897080113646, -0.00016941598733, 0.000419830932515, -0.000184633317986, -0.0005542304134, 0.000405286235036, -8.42129957164e-05, -0.000265762209892, 2.90192401735e-05, -0.000325612985762, 0.000553114630748, -9.89092950476e-06, 0.000315745273838], [-0.00016941598733, 0.00341432541609, 0.0013215028448, -0.000514221610501, 0.00120736809913, -0.00108701095451, 0.00016968442651, -0.000576317426749, 6.65881307214e-05, 0.00107907224447, -0.000972849375103, 6.53960232739e-05, 0.000239828383201], [0.000419830932515, 0.0013215028448, 0.00504770455882, -0.00201144162565, 0.000239641260123, 0.000645000080112, -0.00084436457837, 0.00125570897944, -0.00109079456888, 0.00174917129334, -0.0026352792047, 0.000803277711384, 0.00142514763866], [-0.000184633317986, -0.000514221610501, -0.00201144162565, 0.011086191982, -0.00484001450241, -0.000672527297866, 0.0038114245981, -0.00215800967999, 0.00140146259218, 0.000255332677625, 0.000692644855008, -0.00128894706722, -0.000118039431982], [-0.0005542304134, 0.00120736809913, 0.000239641260123, -0.00484001450241, 0.0132331987843, -0.00315975956619, 9.336839139e-05, 0.00251808413304, -0.00381564348936, 0.00106441846583, -0.000525632291101, -0.00152594188694, -0.000310668459861], [0.000405286235036, -0.00108701095451, 0.000645000080112, -0.000672527297866, -0.00315975956619, 0.0155349690467, -0.00873623602092, 0.00135476305149, -0.00133229489438, 0.00229489128105, -0.00308395526372, 0.00223515066318, 0.00167867343407], [-8.42129957164e-05, 0.00016968442651, -0.00084436457837, 0.0038114245981, 9.336839139e-05, -0.00873623602092, 0.016149552539, -0.0108636543155, 0.00772211328149, -0.00450171390548, 0.00129630276933, -0.000523979892023, -0.00125883845612], [-0.000265762209892, -0.000576317426749, 0.00125570897944, -0.00215800967999, 0.00251808413304, 0.00135476305149, -0.0108636543155, 0.0227600298822, -0.0142667228356, 0.00560154020786, -0.00192357355263, 0.00158662709873, -0.00114640966058], [2.90192401735e-05, 6.65881307214e-05, -0.00109079456888, 0.00140146259218, -0.00381564348936, -0.00133229489438, 0.00772211328149, -0.0142667228356, 0.0226652752608, -0.00959194637835, 0.00624859333038, 0.000156684778631, -0.000860495725647], [-0.000325612985762, 0.00107907224447, 0.00174917129334, 0.000255332677625, 0.00106441846583, 0.00229489128105, -0.00450171390548, 0.00560154020786, -0.00959194637835, 0.0263908617198, -0.0143539551646, 0.00252941716462, -0.00170776003506], [0.000553114630748, -0.000972849375103, -0.0026352792047, 0.000692644855008, -0.000525632291101, -0.00308395526372, 0.00129630276933, -0.00192357355263, 0.00624859333038, -0.0143539551646, 0.0257153678685, -0.0107064275071, 0.0058742496185], [-9.89092950476e-06, 6.53960232739e-05, 0.000803277711384, -0.00128894706722, -0.00152594188694, 0.00223515066318, -0.000523979892023, 0.00158662709873, 0.000156684778631, 0.00252941716462, -0.0107064275071, 0.0258454140276, -0.0142388753593], [0.000315745273838, 0.000239828383201, 0.00142514763866, -0.000118039431982, -0.000310668459861, 0.00167867343407, -0.00125883845612, -0.00114640966058, -0.000860495725647, -0.00170776003506, 0.0058742496185, -0.0142388753593, 0.0246148779988]]
    },
    "spectral_contrast_coeffs": {
        "max": [-0.557537317276, -0.520429372787, -0.515731155872, -0.573571681976, -0.667004466057, -0.695307254791],
        "mean": [-0.786920547485, -0.783172607422, -0.750810921192, -0.785091936588, -0.800715982914, -0.783990204334],
        "min": [-0.912382006645, -0.918255925179, -0.953336298466, -0.889849662781, -0.877012550831, -0.888891816139],
        "stdev": [0.0560663752258, 0.068751335144, 0.0819818750024, 0.0541525147855, 0.032279279083, 0.0220800470561]
    },
    "spectral_contrast_valleys": {
        "max": [-5.04821968079, -5.03224277496, -5.31915664673, -5.77353096008, -5.63595533371, -7.69184398651],
        "mean": [-6.34536981583, -6.64650058746, -6.76043319702, -6.97715139389, -6.92167282104, -8.98681354523],
        "min": [-8.45889472961, -8.17515277863, -8.56347751617, -8.49375152588, -8.9069070816, -10.2280693054],
        "stdev": [0.510356783867, 0.506394922733, 0.487693876028, 0.444610208273, 0.410708755255, 0.449465066195]
    }
},
"rhythm": {
    "beats_count": 51,
    "beats_loudness": {
        "max": 0.122553095222,
        "mean": 0.0554713308811,
        "min": 0.00980806071311,
        "stdev": 0.0238293539733
    },
    "bpm": 95.177154541,
    "bpm_histogram_first_peak_bpm": 96,
    "bpm_histogram_first_peak_weight": 0.387755095959,
    "bpm_histogram_second_peak_bpm": 101,
    "bpm_histogram_second_peak_spread": 0,
    "bpm_histogram_second_peak_weight": 0.019999999553,
    "danceability": 1.34097206593,
    "onset_rate": 4.24511671066,
    "beats_loudness_band_ratio": {
        "max": [0.900945603848, 0.149309560657, 0.235456824303, 0.63378483057, 0.31317833066, 0.147484689951],
        "mean": [0.599329769611, 0.0367722548544, 0.0689818114042, 0.178872153163, 0.0857081338763, 0.0508991703391],
        "min": [0.19921682775, 0.00343471555971, 0.0105092469603, 0.0200620107353, 0.0139844808728, 0.0119412280619],
        "stdev": [0.184274435043, 0.0272716786712, 0.054239269346, 0.142153471708, 0.0700626298785, 0.0262546781451]
    },
    "beats_position": [0.580498874187, 1.17260766029, 1.77632653713, 2.39165520668, 3.01859402657, 3.64553284645, 4.28408145905, 4.92263031006, 5.54956912994, 6.17650794983, 6.80344676971, 7.4303855896, 8.06893444061, 8.70748329163, 9.33442115784, 9.96135997772, 10.5882987976, 11.2268476486, 11.8653964996, 12.4923353195, 13.1192741394, 13.7462129593, 14.3847618103, 15.0233106613, 15.6502494812, 16.2771873474, 16.904127121, 17.5542850494, 18.181224823, 18.8081626892, 19.4351024628, 20.0736503601, 20.7005901337, 21.339138031, 21.9660758972, 22.5930156708, 23.2315635681, 23.8701133728, 24.497051239, 25.1239910126, 25.7509288788, 26.3894786835, 27.0280265808, 27.6549663544, 28.2819042206, 28.9088420868, 29.5473918915, 30.1859397888, 30.8128795624, 31.4398174286, 32.0667572021],
