{
"metadata": {
    "version": {
        "essentia": "2.1-beta5",
        "essentia_git_sha": "Undefined",
        "extractor": "music 2.0"
    },
    "audio_properties": {
        "analysis": {
            "equal_loudness": 0,
            "length": 26.9815864563,
            "sample_rate": 44100,
            "start_time": 175.240997314,
            "downmix": "mix"
        },
        "bit_rate": 192000,
        "length": 202.245819092,
        "lossless": 0,
        "number_channels": 2,
        "replay_gain": -4.00365638733,
        "sample_rate": 48000,
        "codec": "mp3",
        "md5_encoded": "b2006aac3b963f46e5a3244dfc81ea55"
    },
    "tags": {
        "file_name": "Latvia_Here We Go_PeR.mp3",
        "encoding": ["Lavf58.29.100"]
    }
},
"lowlevel": {
    "average_loudness": 0.50547015667,
    "barkbands_crest": {
        "max": 23.0594730377,
        "mean": 9.21787452698,
        "min": 2.59451937675,
        "stdev": 4.18795967102
    },
    "barkbands_flatness_db": {
        "max": 0.363207191229,
        "mean": 0.162372931838,
        "min": 0.0385093428195,
        "stdev": 0.0677340999246
    },
    "barkbands_kurtosis": {
        "max": 48.4972991943,
        "mean": 3.12091135979,
        "min": -1.86669182777,
        "stdev": 6.22331905365
    },
    "barkbands_skewness": {
        "max": 6.14982509613,
        "mean": 1.05291748047,
        "min": -3.71997380257,
        "stdev": 1.0916903019
    },
    "barkbands_spread": {
        "max": 76.1364135742,
        "mean": 16.2400550842,
        "min": 1.2222700119,
        "stdev": 10.6697759628
    },
    "dissonance": {
        "max": 0.499994814396,
        "mean": 0.467042952776,
        "min": 0.202167123556,
        "stdev": 0.0434882938862
    },
    "dynamic_complexity": 5.92053222656,
    "erbbands_crest": {
        "max": 25.5992012024,
        "mean": 9.38439655304,
        "min": 2.6113038063,
        "stdev": 4.3534913063
    },
    "erbbands_flatness_db": {
        "max": 0.409264296293,
        "mean": 0.228936076164,
        "min": 0.0787086635828,
        "stdev": 0.0683320090175
    },
    "erbbands_kurtosis": {
        "max": 39.7565765381,
        "mean": 1.78023290634,
        "min": -1.88130235672,
        "stdev": 3.55747580528
    },
    "erbbands_skewness": {
        "max": 4.96299171448,
        "mean": 0.710316836834,
        "min": -3.69053220749,
        "stdev": 0.851731300354
    },
    "erbbands_spread": {
        "max": 97.2853240967,
        "mean": 22.4224014282,
        "min": 2.71190738678,
        "stdev": 13.0886678696
    },
    "hfc": {
        "max": 127.977088928,
        "mean": 21.93034935,
        "min": 0.0430311374366,
        "stdev": 23.5541152954
    },
    "loudness_ebu128": {
        "integrated": -19.4712810516,
        "loudness_range": 16.9576435089,
        "momentary": {
            "max": -14.5391225815,
            "mean": -23.4438648224,
            "min": -42.1571502686,
            "stdev": 6.63203573227
        },
        "short_term": {
            "max": -15.7692070007,
            "mean": -22.4600582123,
            "min": -33.7862091064,
            "stdev": 5.43627262115
        }
    },
    "melbands_crest": {
        "max": 33.9813499451,
        "mean": 12.0687427521,
        "min": 2.81554102898,
        "stdev": 5.39367341995
    },
    "melbands_flatness_db": {
        "max": 0.421898543835,
        "mean": 0.17076715827,
        "min": 0.0258574858308,
        "stdev": 0.0822044536471
    },
    "melbands_kurtosis": {
        "max": 95.5935821533,
        "mean": 6.25193071365,
        "min": -1.75517868996,
        "stdev": 10.1847829819
    },
    "melbands_skewness": {
        "max": 8.80840206146,
        "mean": 1.58680975437,
        "min": -1.32882976532,
        "stdev": 1.28473079205
    },
    "melbands_spread": {
        "max": 175.229553223,
        "mean": 26.0998802185,
        "min": 1.78465735912,
        "stdev": 21.8001976013
    },
    "pitch_salience": {
        "max": 0.85591340065,
        "mean": 0.646910190582,
        "min": 0.186580047011,
        "stdev": 0.118357852101
    },
    "silence_rate_20dB": {
        "max": 1,
        "mean": 1,
        "min": 1,
        "stdev": 0
    },
    "silence_rate_30dB": {
        "max": 1,
        "mean": 1,
        "min": 1,
        "stdev": 0
    },
    "silence_rate_60dB": {
        "max": 1,
        "mean": 0.269991397858,
        "min": 0,
        "stdev": 0.443955123425
    },
    "spectral_centroid": {
        "max": 5308.14111328,
        "mean": 1702.97717285,
        "min": 506.886901855,
        "stdev": 696.501037598
    },
    "spectral_complexity": {
        "max": 48,
        "mean": 18.170249939,
        "min": 0,
        "stdev": 11.2261295319
    },
    "spectral_decrease": {
        "max": -1.25818201344e-11,
        "mean": -3.45867157137e-09,
        "min": -1.80614492251e-08,
        "stdev": 3.60643825914e-09
    },
    "spectral_energy": {
        "max": 0.0746065452695,
        "mean": 0.0150429783389,
        "min": 5.1389743021e-05,
        "stdev": 0.0151978377253
    },
    "spectral_energyband_high": {
        "max": 0.0150329526514,
        "mean": 0.00089799601119,
        "min": 1.78591960776e-07,
        "stdev": 0.00166878395248
    },
    "spectral_energyband_low": {
        "max": 0.0557767413557,
        "mean": 0.00139656558167,
        "min": 9.10377817576e-09,
        "stdev": 0.00582172861323
    },
    "spectral_energyband_middle_high": {
        "max": 0.0575514063239,
        "mean": 0.00826450809836,
        "min": 5.49238484382e-06,
        "stdev": 0.0100701786578
    },
    "spectral_energyband_middle_low": {
        "max": 0.055480543524,
        "mean": 0.00478800572455,
        "min": 2.57727660937e-05,
        "stdev": 0.00684358505532
    },
    "spectral_entropy": {
        "max": 8.73679924011,
        "mean": 7.61253881454,
        "min": 5.49670267105,
        "stdev": 0.620128154755
    },
    "spectral_flux": {
        "max": 0.220168635249,
        "mean": 0.0665778964758,
        "min": 0.00228746514767,
        "stdev": 0.0472518987954
    },
    "spectral_kurtosis": {
        "max": 60.4388313293,
        "mean": 6.78252315521,
        "min": -0.617189645767,
        "stdev": 8.9552564621
    },
    "spectral_rms": {
        "max": 0.0085315220058,
        "mean": 0.00328321848065,
        "min": 0.000223911440116,
        "stdev": 0.0019739693962
    },
    "spectral_rolloff": {
        "max": 11950.9277344,
        "mean": 2187.48925781,
        "min": 64.599609375,
        "stdev": 1597.13122559
    },
    "spectral_skewness": {
        "max": 6.31129169464,
        "mean": 1.81549417973,
        "min": 0.176745265722,
        "stdev": 0.995145559311
    },
    "spectral_spread": {
        "max": 21847166,
        "mean": 3959538.5,
        "min": 1241325.375,
        "stdev": 1496059.125
    },
    "spectral_strongpeak": {
        "max": 10.4717760086,
        "mean": 1.33175444603,
        "min": 0,
        "stdev": 1.61127769947
    },
    "zerocrossingrate": {
        "max": 0.3359375,
        "mean": 0.0798291563988,
        "min": 0.00927734375,
        "stdev": 0.0446622744203
    },
    "barkbands": {
        "max": [0.0226235613227, 0.043270278722, 0.0163814742118, 0.00765642849728, 0.0188824702054, 0.022587031126, 0.0439844094217, 0.0248277075589, 0.0432000234723, 0.0409778505564, 0.0244316831231, 0.0295489095151, 0.0190458390862, 0.0338591150939, 0.0132547877729, 0.0107875689864, 0.00420256657526, 0.00720663461834, 0.00819615647197, 0.00726660061628, 0.00333898654208, 0.00670259818435, 0.0034596004989, 0.00676419585943, 0.00206506089307, 0.00188686477486, 3.79243974749e-05],
        "mean": [0.000215037667658, 0.000983241363429, 0.000180836592335, 0.00012875579705, 0.000254244048847, 0.000370153866243, 0.00035852775909, 0.000608493690379, 0.00248129363172, 0.00182724895421, 0.00115735200234, 0.000729841121938, 0.000758758804295, 0.00132037489675, 0.000796931097284, 0.000658409728203, 0.00041455423343, 0.000426170765422, 0.00036315608304, 0.000226427844609, 0.000166766258189, 0.000188430203707, 0.000216718341107, 0.000131345179398, 5.02858965774e-05, 2.88280170935e-05, 8.16260183001e-07],
        "min": [2.0157059355e-10, 1.77537295976e-09, 3.24734084067e-09, 1.71812042371e-09, 2.01886507512e-07, 1.32937225317e-06, 2.32908803355e-07, 3.73203965864e-06, 3.74409387405e-06, 1.08094968709e-06, 8.72669900787e-08, 1.63460413205e-07, 1.49948931494e-07, 1.6867737429e-07, 1.03087309355e-07, 7.4930440519e-08, 3.79308673359e-08, 1.41033940082e-08, 1.27652315385e-08, 1.08826681e-08, 1.0109395987e-08, 1.24220234099e-08, 1.79973547176e-08, 1.88826199121e-08, 1.20708261164e-08, 1.81308497105e-08, 6.89165044476e-11],
        "stdev": [0.00129191030283, 0.00444170646369, 0.00089024216868, 0.00051788717974, 0.00111866474617, 0.00142206589226, 0.00223624031059, 0.00178411102388, 0.00483222212642, 0.00396262528375, 0.00245963269845, 0.00153670040891, 0.00132486422081, 0.00314767914824, 0.00137422257103, 0.00124071142636, 0.000621670216788, 0.00080111756688, 0.00074617494829, 0.000512064259965, 0.000257982435869, 0.000409498927183, 0.000487527810037, 0.000437683891505, 0.000149800835061, 0.000110307890282, 3.06875790557e-06]
    },
    "erbbands": {
        "max": [2.11583566666, 11.1765031815, 19.2712306976, 15.140537262, 50.7831268311, 99.998008728, 84.4933700562, 266.527130127, 580.768432617, 546.709960938, 657.910827637, 1280.93212891, 1154.22253418, 1030.35375977, 797.734680176, 999.847106934, 741.235534668, 1990.80554199, 1021.14898682, 618.154174805, 520.71472168, 227.230300903, 514.273803711, 365.828918457, 470.877624512, 264.747833252, 163.411560059, 163.771636963, 285.585845947, 122.979553223, 113.832817078, 129.844802856, 108.541404724, 33.078754425, 8.93663311005, 13.3232145309, 2.07309865952, 0.124523073435, 0.00501985987648, 0.000216404136154],
        "mean": [0.0311485752463, 0.20385608077, 0.272111654282, 0.340767741203, 0.612355113029, 0.909855008125, 1.61316418648, 3.49755072594, 4.35449028015, 6.88302612305, 19.7124500275, 54.5019721985, 63.8084411621, 54.003162384, 44.0998039246, 30.4570274353, 34.3959350586, 57.1713180542, 58.0574951172, 41.932964325, 29.779466629, 21.3678703308, 25.4021110535, 19.1563415527, 15.9175004959, 10.6421089172, 7.04338264465, 7.06964063644, 6.78331851959, 6.02383756638, 6.61826229095, 3.22112798691, 2.02878165245, 0.771520972252, 0.243859931827, 0.172959983349, 0.0405401736498, 0.00431612925604, 0.000149943574797, 2.51372130151e-05],
        "min": [1.08713209102e-07, 1.05386845917e-06, 9.27500423131e-06, 4.10411084886e-05, 0.000246543466346, 0.000500280410051, 0.00251930160448, 0.013731691055, 0.0139594469219, 0.0343864895403, 0.183453395963, 0.0875620022416, 0.0740480273962, 0.0477032139897, 0.0110107427463, 0.00626365048811, 0.00830774009228, 0.0189024005085, 0.00856420304626, 0.0126469936222, 0.00444784108549, 0.00369241368026, 0.00122787849978, 0.000792757666204, 0.000704641512129, 0.000631277216598, 0.000479849550175, 0.000470718194265, 0.000463846081402, 0.000538141757715, 0.000550852098968, 0.000449032988399, 0.00027260297793, 0.00016169367882, 8.10767232906e-05, 7.51340776333e-05, 1.35078989842e-05, 2.10407961276e-06, 1.22128142266e-07, 7.57919593752e-08],
        "stdev": [0.164461567998, 0.954917490482, 1.31934678555, 1.27218413353, 2.68128275871, 4.75778961182, 6.06202411652, 14.8406209946, 26.7021656036, 30.0091400146, 49.0010795593, 105.555862427, 125.79624939, 116.728317261, 87.3776321411, 60.0711288452, 54.5581207275, 124.364830017, 102.041221619, 71.6403198242, 44.2373847961, 29.5062389374, 47.6748008728, 38.1441802979, 36.0689506531, 21.8419456482, 11.9332380295, 12.5612201691, 15.8641014099, 12.1501560211, 15.7620449066, 10.0791730881, 6.77437162399, 2.36246848106, 0.703308284283, 0.726002454758, 0.137891843915, 0.0123652201146, 0.000461477698991, 2.76890805253e-05]
    },
    "gfcc": {
        "mean": [-74.6612701416, 44.0140266418, -180.378311157, -8.97912406921, -84.0402069092, 16.1428165436, -39.5891838074, 10.0049304962, -19.3288974762, -1.3331707716, -25.1959228516, -5.77513790131, -8.72471904755],
        "cov": [[10950.7314453, -3304.89404297, -2165.59765625, 1633.84301758, 555.304382324, 753.146789551, -0.952887713909, -118.722259521, -770.711242676, -520.317687988, 9.55408000946, -243.516479492, -498.193725586], [-3304.89404297, 2433.64697266, 1523.46350098, -47.2102851868, 422.617095947, -213.86668396, 107.248100281, 115.798088074, 273.506286621, 214.705810547, 58.9290771484, 125.852142334, 230.624435425], [-2165.59765625, 1523.46350098, 2654.28393555, 376.914001465, 478.574005127, 33.5665054321, -140.894515991, 96.2213821411, 218.084655762, 427.830383301, -76.779045105, 408.887298584, 4.68265295029], [1633.84301758, -47.2102851868, 376.914001465, 912.43548584, 464.239349365, 343.155670166, 41.7447509766, 9.46028423309, -141.388153076, -8.1385974884, -31.1450061798, 22.2405261993, -81.6302947998], [555.304382324, 422.617095947, 478.574005127, 464.239349365, 706.173400879, 221.672134399, 107.088630676, 146.712661743, -21.9779186249, 63.4011611938, 16.5828990936, 43.6066169739, -41.4701118469], [753.146789551, -213.86668396, 33.5665054321, 343.155670166, 221.672134399, 326.56854248, 124.400840759, 53.1533470154, -39.7798233032, -11.5484142303, -23.5207080841, -27.5252075195, -21.296131134], [-0.952887713909, 107.248100281, -140.894515991, 41.7447509766, 107.088630676, 124.400840759, 267.975708008, 105.771896362, 8.03447723389, -20.5307750702, 25.9808311462, -80.4920425415, 57.3105888367], [-118.722259521, 115.798088074, 96.2213821411, 9.46028423309, 146.712661743, 53.1533470154, 105.771896362, 132.543121338, 52.7830657959, 48.1030082703, 20.9962253571, 0.11295401305, 6.46822786331], [-770.711242676, 273.506286621, 218.084655762, -141.388153076, -21.9779186249, -39.7798233032, 8.03447723389, 52.7830657959, 162.441604614, 88.1529388428, 21.1795539856, 39.7200164795, 43.6258010864], [-520.317687988, 214.705810547, 427.830383301, -8.1385974884, 63.4011611938, -11.5484142303, -20.5307750702, 48.1030082703, 88.1529388428, 154.705032349, 23.0668926239, 97.7221069336, 5.17501068115], [9.55408000946, 58.9290771484, -76.779045105, -31.1450061798, 16.5828990936, -23.5207080841, 25.9808311462, 20.9962253571, 21.1795539856, 23.0668926239, 90.5994338989, 19.4215984344, 18.1875114441], [-243.516479492, 125.852142334, 408.887298584, 22.2405261993, 43.6066169739, -27.5252075195, -80.4920425415, 0.11295401305, 39.7200164795, 97.7221069336, 19.4215984344, 151.489303589, -3.38506364822], [-498.193725586, 230.624435425, 4.68265295029, -81.6302947998, -41.4701118469, -21.296131134, 57.3105888367, 6.46822786331, 43.6258010864, 5.17501068115, 18.1875114441, -3.38506364822, 111.1953125]],
        "icov": [[0.000386012223316, 0.000514499319252, 4.16543443862e-05, -0.000592568598222, -0.000388856686186, 0.000350771006197, -9.73740461632e-05, 8.38043124531e-05, 7.47235899325e-05, 0.000674239185173, -0.000589944829699, -8.2323254901e-05, 0.000226364587434], [0.000514499319252, 0.00304674357176, -0.00173274020199, -0.000752933847252, -0.00235934602097, 0.003272670554, -0.00136871798895, 0.00194640771952, -0.00204000459053, 0.00259405025281, -0.00272740819491, 0.00277379760519, -0.00294445548207], [4.16543443862e-05, -0.00173274020199, 0.00270440871827, -0.000653430877719, 0.00075351720443, -0.00132921035402, 0.000384641898563, -0.000777649285737, 0.000747830257751, -0.00337548437528, 0.00398233486339, -0.00443200487643, 0.002137680538], [-0.000592568598222, -0.000752933847252, -0.000653430877719, 0.00411509489641, -0.000659332727082, -0.00315126776695, 0.000630138791166, 0.00138930755202, 0.00177360302769, -0.000742733653169, -0.000209452467971, 0.000826637085993, 9.83066274785e-05], [-0.000388856686186, -0.00235934602097, 0.00075351720443, -0.000659332727082, 0.00536003150046, -0.00306633976288, 0.00170459912624, -0.00569889275357, 0.00260133203119, -0.00110379513353, 0.000621940940619, -0.00178882840555, 0.00237471424043], [0.000350771006197, 0.003272670554, -0.00132921035402, -0.00315126776695, -0.00306633976288, 0.011084436439, -0.00524374702945, 0.00271132867783, -0.00395133858547, 0.00187070749234, 0.000525766285136, 0.00170938076917, -0.00252005527727], [-9.73740461632e-05, -0.00136871798895, 0.000384641898563, 0.000630138791166, 0.00170459912624, -0.00524374702945, 0.012230174616, -0.00958096049726, 0.0039843134582, -0.000492906139698, -0.00240691262297, 0.00439816527069, -0.00427847681567], [8.38043124531e-05, 0.00194640771952, -0.000777649285737, 0.00138930755202, -0.00569889275357, 0.00271132867783, -0.00958096049726, 0.023105846718, -0.00709622679278, -0.00286252424121, -0.0006969080423, 0.00128906662576, 0.00244962796569], [7.47235899325e-05, -0.00204000459053, 0.000747830257751, 0.00177360302769, 0.00260133203119, -0.00395133858547, 0.0039843134582, -0.00709622679278, 0.0160050392151, -0.00678629707545, -0.000227862721658, 0.000368343142327, -0.00150596932508], [0.000674239185173, 0.00259405025281, -0.00337548437528, -0.000742733653169, -0.00110379513353, 0.00187070749234, -0.000492906139698, -0.00286252424121, -0.00678629707545, 0.0230360962451, -0.006923281122, -0.00364173413254, 0.000216653876123], [-0.000589944829699, -0.00272740819491, 0.00398233486339, -0.000209452467971, 0.000621940940619, 0.000525766285136, -0.00240691262297, -0.0006969080423, -0.000227862721658, -0.006923281122, 0.0205449927598, -0.00884625222534, 0.00108776183333], [-8.2323254901e-05, 0.00277379760519, -0.00443200487643, 0.000826637085993, -0.00178882840555, 0.00170938076917, 0.00439816527069, 0.00128906662576, 0.000368343142327, -0.00364173413254, -0.00884625222534, 0.0224229209125, -0.00585541129112], [0.000226364587434, -0.00294445548207, 0.002137680538, 9.83066274785e-05, 0.00237471424043, -0.00252005527727, -0.00427847681567, 0.00244962796569, -0.00150596932508, 0.000216653876123, 0.00108776183333, -0.00585541129112, 0.0187867134809]]
    },
    "melbands": {
        "max": [0.0154532901943, 0.0103203319013, 0.00332745607011, 0.00415807869285, 0.00228662556037, 0.00531477900222, 0.00809080060571, 0.00485740927979, 0.00468048779294, 0.00776838837191, 0.00554108479992, 0.00485552800819, 0.00335582206026, 0.00398530531675, 0.00234408001415, 0.0022178045474, 0.0040479763411, 0.00239021703601, 0.00115778949112, 0.00105841935147, 0.00063806201797, 0.000242068374064, 0.000438931194367, 0.00038992165355, 0.000316738180118, 0.000546324823517, 0.000409087951994, 0.000262709945673, 0.000192369028809, 0.000115449562145, 0.000123651218018, 0.00018644487136, 8.78011414898e-05, 6.23326268396e-05, 7.18977535143e-05, 6.91291570547e-05, 9.76668306976e-05, 9.53751441557e-05, 3.65509076801e-05, 2.45182836807e-05],
        "mean": [0.000292023119982, 0.000188849007827, 6.61775338813e-05, 5.46118571947e-05, 5.33525926585e-05, 7.63819916756e-05, 6.9949121098e-05, 7.99740591901e-05, 0.000179722672328, 0.000370544294128, 0.000317897211062, 0.000220249159611, 0.000152506370796, 9.24866108107e-05, 6.81629680912e-05, 8.17596446723e-05, 0.000114038062748, 0.00010459501209, 5.71112104808e-05, 5.46821174794e-05, 3.12253796437e-05, 2.2142799935e-05, 2.30206478591e-05, 2.01616749109e-05, 1.49237403093e-05, 1.37822271427e-05, 8.70492112881e-06, 6.75429100738e-06, 4.40764233645e-06, 4.09696122006e-06, 4.15745853388e-06, 3.88665193896e-06, 3.38416748491e-06, 3.28532109961e-06, 4.03590638598e-06, 2.72664806289e-06, 1.76931087026e-06, 1.6253367221e-06, 9.18403998185e-07, 5.48622381302e-07],
        "min": [5.18447507147e-10, 1.72686065447e-09, 5.1199071649e-09, 2.26338663367e-08, 5.7947715959e-08, 2.83142213675e-07, 1.8801638646e-07, 4.53542895684e-07, 1.29708246277e-06, 5.1136868251e-07, 3.35848994837e-07, 3.8386183121e-08, 1.94068121573e-08, 1.570188779e-08, 9.65140323217e-09, 1.65162212795e-08, 2.01921359633e-08, 8.08948197317e-09, 5.99435656667e-09, 9.26642051979e-09, 3.33440364209e-09, 2.2373904951e-09, 9.8952979144e-10, 6.73007760632e-10, 4.87775209113e-10, 4.01193939181e-10, 4.65839922192e-10, 2.99775565482e-10, 2.67595279269e-10, 1.92735355453e-10, 2.88327611786e-10, 2.44291198381e-10, 2.57793925096e-10, 2.21055951322e-10, 2.99766822476e-10, 2.62610266866e-10, 2.29428559484e-10, 2.1841815856e-10, 1.36498562453e-10, 1.01449647294e-10],
        "stdev": [0.00135205336846, 0.000873787037563, 0.000239024695475, 0.00025692419149, 0.00019300445274, 0.00030946492916, 0.00042564375326, 0.000304168963339, 0.000430496816989, 0.000728839018848, 0.000637353572529, 0.000491233193316, 0.000328163238009, 0.000191287617781, 0.000123146877741, 0.000151031825226, 0.000274986377917, 0.000217270528083, 9.57475713221e-05, 0.000116909832286, 5.03957635374e-05, 3.04106670228e-05, 4.56512316305e-05, 3.84856066376e-05, 3.26330555254e-05, 3.32799936587e-05, 2.2055583031e-05, 1.6327974663e-05, 9.99301119009e-06, 7.11713846613e-06, 8.36004528537e-06, 9.68973381532e-06, 7.32695025363e-06, 6.98114354236e-06, 9.66110746958e-06, 7.37830123398e-06, 6.527507594e-06, 5.61357910556e-06, 3.05188746097e-06, 1.63087622695e-06]
    },
    "melbands128": {
        "max": [0.0150777883828, 0.0195081103593, 0.0200311969966, 0.0228730253875, 0.0135525278747, 0.00754849705845, 0.00311702652834, 0.00516135850921, 0.00551106780767, 0.00531281204894, 0.00764978025109, 0.00304277148098, 0.00314624770544, 0.00586043857038, 0.00676590623334, 0.00847582705319, 0.0101430509239, 0.0117513183504, 0.0163745898753, 0.0079015288502, 0.00599155947566, 0.00828294269741, 0.00808776263148, 0.00831968057901, 0.0136248972267, 0.0135996295139, 0.0109762521461, 0.00813294760883, 0.00971421319991, 0.00630807923153, 0.00468230806291, 0.0043952986598, 0.00546127511188, 0.00452179228887, 0.00510851666331, 0.00517526967451, 0.00447166152298, 0.00328866788186, 0.000993707100861, 0.00184899754822, 0.00400300137699, 0.00244108843617, 0.00909518543631, 0.00411117821932, 0.00736659532413, 0.00371871236712, 0.00171094899997, 0.00158591230866, 0.00193583848886, 0.00142553530168, 0.00214387895539, 0.00123561907094, 0.00112817867193, 0.000800531648565, 0.000714177964255, 0.000503570365254, 0.000419034913648, 0.000538381165825, 0.000973006652202, 0.00127235217951, 0.000572106742766, 0.000530148274265, 0.000445863377536, 0.000573620432988, 0.000560920452699, 0.0013058379991, 0.000644900370389, 0.000911605951842, 0.00047188604367, 0.00031239137752, 0.000336903176503, 0.000702454417478, 0.000436520582298, 8.79760336829e-05, 0.000152899941895, 0.000146824357216, 0.000207210468943, 0.000101932419057, 0.000126943385112, 0.000192811930901, 0.00017902655236, 0.000184811302461, 0.000192821404198, 9.27066721488e-05, 8.49603093229e-05, 8.01456189947e-05, 8.02468639449e-05, 7.32632906875e-05, 0.000111129877041, 0.000113468129712, 0.000148527062265, 6.30745853414e-05, 5.40294386155e-05, 9.92443892756e-05, 0.000136855989695, 0.000144560879562, 7.56572699174e-05, 5.97765538259e-05, 4.40580770373e-05, 4.78136462334e-05, 1.96816163225e-05, 3.18218335451e-05, 1.13197002065e-05, 1.75553177542e-05, 9.59763656283e-06, 7.96116455604e-06, 2.88457922579e-05, 1.94858857867e-05, 3.15126162604e-05, 3.28654605255e-05, 1.80163387995e-05, 1.21179182315e-05, 4.52461426903e-06, 3.12727343044e-06, 2.01615580409e-06, 1.21148173093e-06, 1.22284768622e-06, 1.16746349477e-07, 3.51647514663e-07, 2.4987099323e-07, 3.2750158141e-08, 7.08414873429e-08, 3.04203489065e-08, 9.11521880198e-09, 8.95708662796e-09, 8.85486439728e-09, 8.74959926733e-09, 8.69798633119e-09],
        "mean": [0.000166115409229, 0.000257563660853, 0.000351700728061, 0.000347205088474, 0.000178481655894, 8.21094436105e-05, 6.73889662721e-05, 6.3225706981e-05, 6.19840429863e-05, 5.56770937692e-05, 5.08495359099e-05, 4.11708424508e-05, 4.94472442369e-05, 7.28903396521e-05, 8.69134310051e-05, 7.44603166822e-05, 5.95939345658e-05, 6.93399706506e-05, 8.35943355924e-05, 7.02910183463e-05, 6.91306922818e-05, 0.000129303109134, 0.00018948604702, 0.000220990012167, 0.000343965104548, 0.000452958105598, 0.000405632832553, 0.000291582982754, 0.000255257094977, 0.000248214055318, 0.000207424978726, 0.000163814998814, 0.000151178202941, 0.000157470334671, 8.86625857675e-05, 8.18670232547e-05, 7.86808959674e-05, 6.44818210276e-05, 6.52021772112e-05, 6.97648865753e-05, 9.9026816315e-05, 7.25928766769e-05, 9.69041648204e-05, 0.000144626596011, 0.000152924694703, 8.62183223944e-05, 6.91036839271e-05, 5.6178723753e-05, 4.97722467117e-05, 5.75406156713e-05, 6.9053232437e-05, 3.41998238582e-05, 2.74305366474e-05, 3.42753373843e-05, 3.00865049212e-05, 1.83484717127e-05, 1.67701309692e-05, 2.34509006987e-05, 2.15932232095e-05, 2.95222489513e-05, 2.08842247957e-05, 1.33236317197e-05, 1.43058096e-05, 1.52374332174e-05, 1.66814079421e-05, 1.49772577061e-05, 1.07130026663e-05, 1.04143446151e-05, 7.83256655268e-06, 7.3324818004e-06, 6.56779548081e-06, 7.21985679775e-06, 5.17354646945e-06, 3.40719316227e-06, 3.85101293432e-06, 4.61766921944e-06, 3.85500197808e-06, 3.89269189327e-06, 4.31436001236e-06, 4.48036507805e-06, 3.33976436195e-06, 4.25606185672e-06, 3.71718351744e-06, 3.04386935568e-06, 3.32584659191e-06, 3.36399352818e-06, 3.19222681355e-06, 3.25320388583e-06, 4.19207890445e-06, 4.59437478639e-06, 3.7518402678e-06, 1.89168213183e-06, 1.57623321684e-06, 1.90721732451e-06, 1.70751252426e-06, 1.8325391693e-06, 1.82632913948e-06, 9.43615361848e-07, 1.00660611224e-06, 8.56402152749e-07, 6.03002831667e-07, 5.25132577422e-07, 4.41775767968e-07, 2.93965825904e-07, 2.05058000802e-07, 1.23618534076e-07, 3.81429032359e-07, 3.41369201351e-07, 3.2865131061e-07, 3.12602509212e-07, 1.94971107703e-07, 1.53904920808e-07, 1.02057583717e-07, 8.58173905272e-08, 7.06672196316e-08, 3.45374431276e-08, 2.52024374703e-08, 2.45396125642e-09, 4.0759537967e-09, 2.8506961236e-09, 2.23835033841e-10, 1.90384846777e-10, 6.79339917653e-11, 1.07374421854e-11, 9.85497967954e-12, 9.58117179345e-12, 9.38730430194e-12, 9.31955727868e-12],
        "min": [5.06046853727e-12, 1.40239334034e-10, 2.30765018205e-10, 3.35783040262e-10, 1.07625086621e-09, 1.83743553706e-09, 6.50402898206e-10, 1.25704258114e-09, 2.00332506139e-09, 2.2864081739e-09, 1.346737033e-08, 1.27241897019e-08, 1.13718794381e-08, 3.24514886074e-08, 3.83280571725e-08, 3.15282981944e-08, 6.8288301236e-08, 2.73500866399e-08, 2.77830913831e-08, 9.84512382729e-09, 8.90328308856e-08, 3.73454611236e-07, 2.93522589345e-07, 1.41501544704e-07, 5.4213138867e-08, 4.17794041141e-07, 4.74840476272e-07, 8.49944399306e-08, 3.2305660369e-08, 2.92823827408e-08, 2.83248677846e-08, 4.22949497647e-09, 4.92132823382e-09, 5.96957105969e-09, 1.09631894674e-08, 9.90629622777e-09, 7.4971095998e-09, 2.70972422278e-09, 3.1053526417e-10, 2.11274708839e-09, 4.1558889663e-09, 1.75420993287e-08, 1.38678801775e-08, 3.61855390096e-09, 1.22808363479e-09, 4.27368540556e-09, 6.87069245942e-09, 2.18951323738e-09, 1.99614857976e-09, 3.09724912384e-09, 5.07053954379e-09, 4.36913261126e-09, 1.03933339712e-09, 3.56343887731e-09, 1.86460247242e-09, 7.98810573244e-10, 6.52171483484e-10, 6.38260000407e-10, 5.10001485488e-10, 4.2491687946e-10, 2.95587415655e-10, 3.17875031852e-10, 2.64417154838e-10, 2.97843472108e-10, 2.60035215582e-10, 1.93252774894e-10, 3.16151133051e-10, 2.50443527028e-10, 9.03417687881e-11, 1.98026442466e-10, 1.2979139985e-10, 1.0867132888e-10, 1.11778107603e-10, 1.71937658555e-10, 2.30339358698e-10, 1.48248704979e-10, 1.29788776948e-10, 1.93771942936e-10, 2.61800303658e-10, 2.26270086001e-10, 1.78564593667e-10, 1.13492777676e-10, 1.2180985387e-10, 1.27124713534e-10, 1.87730886392e-10, 1.51629805933e-10, 1.62717797569e-10, 1.58178151133e-10, 1.70519473541e-10, 2.22287702134e-10, 1.67852648447e-10, 1.88988880101e-10, 1.09076622734e-10, 1.7337817293e-10, 1.40552569583e-10, 1.77340753194e-10, 1.73690298255e-10, 9.31019636385e-11, 7.94087434697e-11, 1.15167458903e-10, 6.9620663401e-11, 5.00859770325e-11, 5.18464264576e-11, 5.45513200584e-12, 9.40905773433e-13, 4.09004947965e-12, 4.68402356832e-12, 5.83367078602e-12, 3.28585492149e-11, 4.53863032226e-12, 5.15127870915e-13, 3.48093678448e-13, 2.64413165842e-13, 2.88875802619e-13, 2.33143853615e-13, 2.56178758762e-13, 2.63290772648e-13, 1.81616156033e-13, 2.02769834885e-13, 1.41985869676e-13, 1.93005171307e-13, 2.12310027957e-13, 1.5829698663e-13, 1.23566115022e-13, 1.45432182464e-13, 4.63767275993e-14, 6.97568350942e-15, 2.06715386457e-16],
        "stdev": [0.00100104359444, 0.00156285846606, 0.00163020857144, 0.00175757077523, 0.000941689533647, 0.000387478416087, 0.00027386675356, 0.00027498556301, 0.000298090977594, 0.000298728089547, 0.000320249295328, 0.000190189733985, 0.000214796993532, 0.000360712438123, 0.000437516457168, 0.000371838483261, 0.000429485429777, 0.000583814806305, 0.0006547489902, 0.000394915317884, 0.000298628874589, 0.000450916064437, 0.000598056474701, 0.000633776304312, 0.000819425971713, 0.00108898570761, 0.00107202341314, 0.000713372661266, 0.000738324131817, 0.000646153232083, 0.000495018146466, 0.000424032710725, 0.000429723790148, 0.000332293566316, 0.000231583093409, 0.00025573791936, 0.000206746088224, 0.000159722971148, 0.000123896883451, 0.000136700415169, 0.000254154962022, 0.000169494509464, 0.000420670054154, 0.000406411418226, 0.000523521623109, 0.000242005044129, 0.000150266670971, 0.000122856508824, 0.000141296026413, 0.00013959518401, 0.000202912036912, 7.5949159509e-05, 6.94466580171e-05, 6.47731430945e-05, 5.8148511016e-05, 3.23127060256e-05, 3.61871425412e-05, 6.1613995058e-05, 5.81572967349e-05, 7.87314929767e-05, 4.87180113851e-05, 3.92531474063e-05, 4.07050283684e-05, 4.09056738135e-05, 4.36137233919e-05, 5.55473161512e-05, 3.41239720001e-05, 3.94472008338e-05, 2.40736862906e-05, 2.05757805816e-05, 1.74624328793e-05, 3.29922950186e-05, 1.99903079192e-05, 6.26930977887e-06, 8.38044979901e-06, 9.16160206543e-06, 9.26762913878e-06, 8.20597233542e-06, 9.7654565252e-06, 1.21393677546e-05, 9.06606783246e-06, 1.20351642181e-05, 1.112983864e-05, 7.01119961377e-06, 7.25823610992e-06, 7.38832613933e-06, 8.04011051514e-06, 8.32505884318e-06, 1.09569255073e-05, 1.25710557768e-05, 1.10875798782e-05, 5.47921035832e-06, 5.11332245878e-06, 7.64899778005e-06, 7.22815366316e-06, 7.40511086406e-06, 5.86187070439e-06, 3.49071910932e-06, 3.40554083778e-06, 3.11849544232e-06, 1.8975946432e-06, 1.78640573267e-06, 1.09083111965e-06, 9.21846776691e-07, 6.31991497357e-07, 4.0992622985e-07, 1.44244108924e-06, 1.15998750516e-06, 1.60800425419e-06, 1.62238075063e-06, 9.02739259345e-07, 6.03899081852e-07, 2.87450689029e-07, 2.50533446433e-07, 2.03815687883e-07, 1.07495040425e-07, 9.51277741024e-08, 9.65100177552e-09, 2.31788455096e-08, 1.75097376598e-08, 1.88946169821e-09, 2.59706234296e-09, 1.03868935675e-09, 2.67353833516e-10, 2.62509181059e-10, 2.59517546342e-10, 2.56434484758e-10, 2.54922777332e-10]
    },
    "mfcc": {
        "mean": [-698.847290039, 84.1115951538, -46.8663864136, -26.0132846832, -24.8677558899, -6.40836620331, -14.4192667007, 1.10171973705, 3.46148228645, 5.6493024826, -5.08760309219, -6.37988710403, -8.25974941254],
        "cov": [[13459.7998047, -4718.19970703, -2595.22509766, 320.567810059, 260.502044678, 578.797668457, 921.170715332, 576.958984375, -522.970703125, -242.821670532, 6.12451028824, -367.000610352, -399.429077148], [-4718.19970703, 2727.09863281, 1214.15283203, 314.217834473, 292.336639404, -135.195114136, -150.604156494, -178.751113892, 275.592498779, 122.358512878, -6.22992801666, 200.937988281, 273.277282715], [-2595.22509766, 1214.15283203, 1729.90185547, 468.852081299, 418.165618896, 201.926010132, -212.430526733, -93.1673660278, 131.235748291, -12.9342460632, 8.06819057465, 206.194717407, 187.223236084], [320.567810059, 314.217834473, 468.852081299, 604.654602051, 472.983978271, 256.124633789, 182.821105957, 77.4476776123, 46.0489387512, 5.86854600906, 13.0638713837, 61.8161239624, 59.7339706421], [260.502044678, 292.336639404, 418.165618896, 472.983978271, 619.733581543, 266.31350708, 162.293777466, 93.2142791748, 57.104549408, 29.8115749359, 54.6768074036, 63.5677490234, 66.8785324097], [578.797668457, -135.195114136, 201.926010132, 256.124633789, 266.31350708, 298.491882324, 174.639770508, 110.248420715, 61.3892745972, 16.8081874847, 19.4009284973, 12.9168395996, -7.51862621307], [921.170715332, -150.604156494, -212.430526733, 182.821105957, 162.293777466, 174.639770508, 376.388031006, 152.113861084, 87.4141464233, 67.994972229, 25.5811920166, -5.94832277298, -10.0950498581], [576.958984375, -178.751113892, -93.1673660278, 77.4476776123, 93.2142791748, 110.248420715, 152.113861084, 130.913452148, 46.0927238464, 31.3808860779, 34.4549636841, -5.27431297302, -13.9334487915], [-522.970703125, 275.592498779, 131.235748291, 46.0489387512, 57.104549408, 61.3892745972, 87.4141464233, 46.0927238464, 176.370849609, 77.8171157837, 20.487827301, 37.6710128784, 32.4415817261], [-242.821670532, 122.358512878, -12.9342460632, 5.86854600906, 29.8115749359, 16.8081874847, 67.994972229, 31.3808860779, 77.8171157837, 103.98928833, 41.6051902771, 16.7431755066, 15.495300293], [6.12451028824, -6.22992801666, 8.06819057465, 13.0638713837, 54.6768074036, 19.4009284973, 25.5811920166, 34.4549636841, 20.487827301, 41.6051902771, 89.4947357178, 35.1468467712, 14.7583417892], [-367.000610352, 200.937988281, 206.194717407, 61.8161239624, 63.5677490234, 12.9168395996, -5.94832277298, -5.27431297302, 37.6710128784, 16.7431755066, 35.1468467712, 96.9406967163, 61.1153907776], [-399.429077148, 273.277282715, 187.223236084, 59.7339706421, 66.8785324097, -7.51862621307, -10.0950498581, -13.9334487915, 32.4415817261, 15.495300293, 14.7583417892, 61.1153907776, 96.4160232544]],
        "icov": [[0.00038742297329, 0.000560536107514, 0.000350477348547, -0.000487454264658, -0.000192500156118, -3.06301058117e-06, -0.000273169163847, -0.000235800966038, 0.000277954997728, 0.000424626516178, 0.000139884345117, 5.75848716835e-05, -0.000511394115165], [0.000560536107514, 0.00187678367365, -7.52198757255e-05, -0.00101540866308, -0.000737734255381, 0.00161916750949, -0.000734945002478, 0.000683735066559, -0.0009765343857, 3.80722121918e-05, 0.000573995173909, 0.000501929258462, -0.00164585793391], [0.000350477348547, -7.52198757255e-05, 0.00241850549355, -0.00135172146838, 3.35434597218e-05, -0.00240885815583, 0.00201038247906, 0.00015747557336, -0.0003229243448, 0.000841132597998, 0.00040510200779, -0.00184947170783, -0.00108779058792], [-0.000487454264658, -0.00101540866308, -0.00135172146838, 0.00639962637797, -0.00264779035933, -0.00096545740962, -0.00203611631878, 0.000302532367641, 0.00139103701804, 0.000144474572153, 0.00121025170665, -0.000779231195338, 0.000927863817196], [-0.000192500156118, -0.000737734255381, 3.35434597218e-05, -0.00264779035933, 0.00534692779183, -0.00273920618929, 0.000681412813719, -0.000538536580279, 0.000795392086729, -0.000347488967236, -0.00241992319934, 0.00080853223335, -0.00141402636655], [-3.06301058117e-06, 0.00161916750949, -0.00240885815583, -0.00096545740962, -0.00273920618929, 0.0123460683972, -0.00305196060799, -0.00290154572576, -0.00274294475093, 0.000591716961935, 0.000946648593526, 0.0010055641178, 0.0028432123363], [-0.000273169163847, -0.000734945002478, 0.00201038247906, -0.00203611631878, 0.000681412813719, -0.00305196060799, 0.00895193405449, -0.00493780290708, -0.0014703447232, -0.00285778660327, 0.00204894458875, -0.00159345252905, -0.000527440744918], [-0.000235800966038, 0.000683735066559, 0.00015747557336, 0.000302532367641, -0.000538536580279, -0.00290154572576, -0.00493780290708, 0.0210240036249, -0.0042792246677, 0.00154978875071, -0.0064509822987, 0.00261481199414, -0.0002187211212], [0.000277954997728, -0.0009765343857, -0.0003229243448, 0.00139103701804, 0.000795392086729, -0.00274294475093, -0.0014703447232, -0.0042792246677, 0.0137509619817, -0.00692357262596, 0.00311463046819, -0.00286013633013, -3.1314259104e-05], [0.000424626516178, 3.80722121918e-05, 0.000841132597998, 0.000144474572153, -0.000347488967236, 0.000591716961935, -0.00285778660327, 0.00154978875071, -0.00692357262596, 0.020433485508, -0.00861999485642, 0.00278709968552, -0.00126122240908], [0.000139884345117, 0.000573995173909, 0.00040510200779, 0.00121025170665, -0.00241992319934, 0.000946648593526, 0.00204894458875, -0.0064509822987, 0.00311463046819, -0.00861999485642, 0.0208535734564, -0.00926741585135, 0.00147048151121], [5.75848716835e-05, 0.000501929258462, -0.00184947170783, -0.000779231195338, 0.00080853223335, 0.0010055641178, -0.00159345252905, 0.00261481199414, -0.00286013633013, 0.00278709968552, -0.00926741585135, 0.0240260418504, -0.0106777753681], [-0.000511394115165, -0.00164585793391, -0.00108779058792, 0.000927863817196, -0.00141402636655, 0.0028432123363, -0.000527440744918, -0.0002187211212, -3.1314259104e-05, -0.00126122240908, 0.00147048151121, -0.0106777753681, 0.0223277304322]]
    },
    "spectral_contrast_coeffs": {
        "max": [-0.407280951738, -0.447321534157, -0.539009928703, -0.512466967106, -0.619519293308, -0.603633642197],
        "mean": [-0.729216635227, -0.746588110924, -0.764039158821, -0.803261518478, -0.810192942619, -0.765292167664],
        "min": [-0.912419438362, -0.911934614182, -0.909558773041, -0.923745632172, -0.912655055523, -0.945853590965],
        "stdev": [0.0758032947779, 0.0854533910751, 0.059839963913, 0.0573937669396, 0.0527571626008, 0.0480937361717]
    },
    "spectral_contrast_valleys": {
        "max": [-5.38207864761, -5.72334957123, -4.91931819916, -5.82821130753, -6.09744405746, -7.62166070938],
        "mean": [-9.04190444946, -7.33412027359, -7.17134284973, -7.4626531601, -7.89288473129, -10.5167198181],
        "min": [-11.8430700302, -9.32632827759, -10.4433879852, -10.7796039581, -11.6117124557, -13.6695966721],
        "stdev": [1.23161160946, 0.607133030891, 1.18567121029, 1.36756289005, 1.51425206661, 1.31481158733]
    }
},
"rhythm": {
    "beats_count": 41,
    "beats_loudness": {
        "max": 0.0565127506852,
        "mean": 0.0184187125415,
        "min": 0.000154109977302,
        "stdev": 0.0163058657199
    },
    "bpm": 101.394668579,
    "bpm_histogram_first_peak_bpm": 101,
    "bpm_histogram_first_peak_weight": 0.699999988079,
    "bpm_histogram_second_peak_bpm": 77,
    "bpm_histogram_second_peak_spread": 0,
    "bpm_histogram_second_peak_weight": 0.10000000149,
    "danceability": 0.8812302351,
    "onset_rate": 1.66708672047,
    "beats_loudness_band_ratio": {
        "max": [0.934854090214, 0.252797782421, 0.934993565083, 0.73819565773, 0.752799868584, 0.801969408989],
        "mean": [0.118632853031, 0.0467332452536, 0.285540103912, 0.294424295425, 0.160870045424, 0.127813398838],
        "min": [7.86987493484e-06, 0.000234575156355, 0.0131145576015, 0.0158611088991, 0.00360993621871, 0.000448980223155],
        "stdev": [0.25259783864, 0.064800620079, 0.251807123423, 0.231815442443, 0.154227137566, 0.181591629982]
    },
    "beats_position": [0.592108845711, 1.19582760334, 1.78793644905, 2.38004541397, 2.96054410934, 3.55265307426, 4.15637159348, 4.77170038223, 5.38702917099, 6.01396799088, 6.64090681076, 7.25623559952, 7.8251247406, 8.38240337372, 8.93968200684, 9.49696159363, 10.0658502579, 10.6579589844, 11.2384576797, 11.8189563751, 12.3994560242, 12.9915647507, 13.5836734772, 14.1641721725, 14.7446708679, 15.3599996567, 15.9869384766, 16.6603164673, 17.3453063965, 18.0419044495, 18.7385025024, 19.5163707733, 20.2942390442, 21.0721092224, 21.8499774933, 22.5465755463, 23.2431735992, 23.9513835907, 24.6595916748, 25.37940979, 26.0992279053],
