{
"metadata": {
    "version": {
        "essentia": "2.1-beta5",
        "essentia_git_sha": "Undefined",
        "extractor": "music 2.0"
    },
    "audio_properties": {
        "analysis": {
            "equal_loudness": 0,
            "length": 32.4963264465,
            "sample_rate": 44100,
            "start_time": 77.7404098511,
            "downmix": "mix"
        },
        "bit_rate": 192000,
        "length": 199.610351562,
        "lossless": 0,
        "number_channels": 2,
        "replay_gain": -0.0672016143799,
        "sample_rate": 48000,
        "codec": "mp3",
        "md5_encoded": "1401f704b92e9299bb950aadb8d05dd0"
    },
    "tags": {
        "file_name": "Georgia_Waterfall_Nodi Tatishvili _ Sophie Gelovani.mp3",
        "encoding": ["Lavf58.29.100"]
    }
},
"lowlevel": {
    "average_loudness": 0.956716299057,
    "barkbands_crest": {
        "max": 21.2213630676,
        "mean": 8.77093982697,
        "min": 2.56320381165,
        "stdev": 3.05179691315
    },
    "barkbands_flatness_db": {
        "max": 0.228284671903,
        "mean": 0.122645787895,
        "min": 0.0430768840015,
        "stdev": 0.0289269834757
    },
    "barkbands_kurtosis": {
        "max": 32.0068511963,
        "mean": 1.63393354416,
        "min": -1.94933712482,
        "stdev": 4.03369426727
    },
    "barkbands_skewness": {
        "max": 5.44374513626,
        "mean": 1.19445884228,
        "min": -0.894645690918,
        "stdev": 0.904799818993
    },
    "barkbands_spread": {
        "max": 110.031402588,
        "mean": 34.6362686157,
        "min": 5.02913379669,
        "stdev": 17.01587677
    },
    "dissonance": {
        "max": 0.500000119209,
        "mean": 0.471322447062,
        "min": 0.36813980341,
        "stdev": 0.0192903149873
    },
    "dynamic_complexity": 1.95962238312,
    "erbbands_crest": {
        "max": 29.8304042816,
        "mean": 8.88591003418,
        "min": 2.34528422356,
        "stdev": 4.06084442139
    },
    "erbbands_flatness_db": {
        "max": 0.253272354603,
        "mean": 0.147197067738,
        "min": 0.0686595886946,
        "stdev": 0.0304696932435
    },
    "erbbands_kurtosis": {
        "max": 10.9485521317,
        "mean": 0.00864406768233,
        "min": -1.61372947693,
        "stdev": 1.19703185558
    },
    "erbbands_skewness": {
        "max": 2.37454080582,
        "mean": 0.0977822095156,
        "min": -3.27101516724,
        "stdev": 0.739576816559
    },
    "erbbands_spread": {
        "max": 118.46887207,
        "mean": 44.5319252014,
        "min": 11.899061203,
        "stdev": 16.3062820435
    },
    "hfc": {
        "max": 168.356277466,
        "mean": 36.5638809204,
        "min": 0.322175055742,
        "stdev": 22.3988647461
    },
    "loudness_ebu128": {
        "integrated": -21.7193698883,
        "loudness_range": 3.03399276733,
        "momentary": {
            "max": -19.0100421906,
            "mean": -21.928144455,
            "min": -25.287021637,
            "stdev": 1.37087488174
        },
        "short_term": {
            "max": -19.939573288,
            "mean": -21.7868385315,
            "min": -24.3292503357,
            "stdev": 1.00044071674
        }
    },
    "melbands_crest": {
        "max": 30.8977031708,
        "mean": 13.9220943451,
        "min": 4.51105928421,
        "stdev": 4.4407954216
    },
    "melbands_flatness_db": {
        "max": 0.311886370182,
        "mean": 0.162693575025,
        "min": 0.0624055117369,
        "stdev": 0.0419543199241
    },
    "melbands_kurtosis": {
        "max": 126.349517822,
        "mean": 10.3190832138,
        "min": -0.847433805466,
        "stdev": 12.8391141891
    },
    "melbands_skewness": {
        "max": 9.74456882477,
        "mean": 2.53134846687,
        "min": -0.339438527822,
        "stdev": 1.39701831341
    },
    "melbands_spread": {
        "max": 176.060409546,
        "mean": 33.8004837036,
        "min": 3.60537934303,
        "stdev": 18.5896720886
    },
    "pitch_salience": {
        "max": 0.762548804283,
        "mean": 0.515349626541,
        "min": 0.252342075109,
        "stdev": 0.0882540866733
    },
    "silence_rate_20dB": {
        "max": 1,
        "mean": 1,
        "min": 1,
        "stdev": 0
    },
    "silence_rate_30dB": {
        "max": 1,
        "mean": 0.999286234379,
        "min": 0,
        "stdev": 0.0267073214054
    },
    "silence_rate_60dB": {
        "max": 0,
        "mean": 0,
        "min": 0,
        "stdev": 0
    },
    "spectral_centroid": {
        "max": 4305.72900391,
        "mean": 1840.34228516,
        "min": 418.571014404,
        "stdev": 599.989135742
    },
    "spectral_complexity": {
        "max": 49,
        "mean": 24.243396759,
        "min": 1,
        "stdev": 8.286277771
    },
    "spectral_decrease": {
        "max": -1.33813501946e-10,
        "mean": -8.84074236041e-09,
        "min": -3.26610454238e-08,
        "stdev": 4.47550485561e-09
    },
    "spectral_energy": {
        "max": 0.133401945233,
        "mean": 0.0366834588349,
        "min": 0.000534267048351,
        "stdev": 0.0178945735097
    },
    "spectral_energyband_high": {
        "max": 0.0194710548967,
        "mean": 0.00221985438839,
        "min": 1.62780852406e-05,
        "stdev": 0.00228281854652
    },
    "spectral_energyband_low": {
        "max": 0.107733786106,
        "mean": 0.0152072263882,
        "min": 0.000316643272527,
        "stdev": 0.0122873047367
    },
    "spectral_energyband_middle_high": {
        "max": 0.0583631545305,
        "mean": 0.00915994960815,
        "min": 5.86843452766e-05,
        "stdev": 0.00833825673908
    },
    "spectral_energyband_middle_low": {
        "max": 0.0474251173437,
        "mean": 0.0112297432497,
        "min": 0.000162211363204,
        "stdev": 0.00749275833368
    },
    "spectral_entropy": {
        "max": 8.65746116638,
        "mean": 7.79087686539,
        "min": 7.01989126205,
        "stdev": 0.291385263205
    },
    "spectral_flux": {
        "max": 0.279042512178,
        "mean": 0.107566587627,
        "min": 0.0359384529293,
        "stdev": 0.0371316224337
    },
    "spectral_kurtosis": {
        "max": 10.7172927856,
        "mean": 1.94412302971,
        "min": -1.11320161819,
        "stdev": 1.20095825195
    },
    "spectral_rms": {
        "max": 0.0114082535729,
        "mean": 0.00581875862554,
        "min": 0.000721966847777,
        "stdev": 0.00138952734414
    },
    "spectral_rolloff": {
        "max": 9453.07617188,
        "mean": 1984.61914062,
        "min": 86.1328125,
        "stdev": 1681.59216309
    },
    "spectral_skewness": {
        "max": 2.5277299881,
        "mean": 1.09410941601,
        "min": 0.00903238728642,
        "stdev": 0.272760182619
    },
    "spectral_spread": {
        "max": 16896274,
        "mean": 5071594.5,
        "min": 3120867.5,
        "stdev": 1267092.875
    },
    "spectral_strongpeak": {
        "max": 9.59480571747,
        "mean": 1.0003824234,
        "min": 0,
        "stdev": 1.51695740223
    },
    "zerocrossingrate": {
        "max": 0.26806640625,
        "mean": 0.0766385495663,
        "min": 0.01123046875,
        "stdev": 0.0356943793595
    },
    "barkbands": {
        "max": [0.0169924609363, 0.0804407298565, 0.0395570807159, 0.0227863304317, 0.025936100632, 0.0163275729865, 0.0128292478621, 0.0204909332097, 0.0320408716798, 0.0383802652359, 0.0449027828872, 0.0124192135409, 0.05381193012, 0.0269595608115, 0.00793673936278, 0.0139832179993, 0.00450100097805, 0.00534414174035, 0.00958878081292, 0.00634352350608, 0.00323992525227, 0.00549995154142, 0.00912371650338, 0.0109081678092, 0.00341426418163, 0.000389969849493, 1.12380721475e-05],
        "mean": [0.00124002376106, 0.00914013665169, 0.00419538933784, 0.00144357723184, 0.00224682223052, 0.00153712648898, 0.000889711314812, 0.00125836255029, 0.00276939081959, 0.0025683476124, 0.000565943890251, 0.000877113896422, 0.000810669444036, 0.0014861440286, 0.000564600690268, 0.000817461987026, 0.000446642079623, 0.0004603418638, 0.000831377983559, 0.000547294330318, 0.000342797167832, 0.000485488126287, 0.000674244947731, 0.00033625762444, 0.000131490276544, 1.66964346136e-05, 2.06625294652e-08],
        "min": [4.22214611717e-07, 6.35437172605e-05, 0.000111662680865, 6.06753201282e-06, 3.34234100592e-05, 6.27434110356e-06, 7.50021717977e-06, 3.94647395296e-06, 8.62221168063e-06, 3.39302619068e-06, 2.12580607695e-06, 1.15955401725e-06, 1.50678056343e-06, 7.22630772998e-07, 4.0599265958e-06, 1.28707679323e-05, 6.39652898826e-06, 1.23015643112e-05, 1.13185560622e-05, 1.21061793834e-06, 1.69700592778e-06, 3.87575710192e-06, 8.19012348074e-06, 1.34113440708e-06, 3.87746609931e-07, 2.35868824472e-10, 1.49762188761e-10],
        "stdev": [0.00249209464528, 0.00917708780617, 0.00386296608485, 0.00180956779514, 0.00274266232736, 0.00199138466269, 0.00138826749753, 0.00211276765913, 0.00533343385905, 0.00442099617794, 0.0022785787005, 0.00154647720046, 0.00266337394714, 0.00300513603725, 0.000839255168103, 0.00154529279098, 0.000536535226274, 0.000494416919537, 0.000947218097281, 0.000616476172581, 0.000407501793234, 0.00061051431112, 0.000807580479886, 0.000695460068528, 0.00029220135184, 3.53929717676e-05, 3.06621018353e-07]
    },
    "erbbands": {
        "max": [2.14067983627, 18.4899654388, 53.5666809082, 38.8557815552, 108.361618042, 81.2170562744, 131.561721802, 141.805145264, 201.144317627, 306.283172607, 405.13269043, 936.381286621, 1133.84912109, 1612.96228027, 1380.64978027, 570.113830566, 2594.73168945, 1526.15124512, 437.702697754, 563.024780273, 743.143493652, 204.565246582, 220.746734619, 171.630187988, 625.550170898, 255.704803467, 146.179367065, 130.103424072, 156.591278076, 259.603881836, 361.30645752, 154.978607178, 209.554718018, 69.6292648315, 13.2779130936, 2.94914293289, 0.440380871296, 0.013391749002, 0.00161400064826, 0.000211460428545],
        "mean": [0.279627323151, 1.97715902328, 5.21430873871, 4.62211465836, 5.56746101379, 7.16062164307, 13.3088674545, 11.4008340836, 12.2837343216, 16.1899547577, 31.5550899506, 61.1838798523, 87.579864502, 57.3579025269, 27.069978714, 38.6275596619, 39.7570075989, 82.5470199585, 34.305847168, 37.852809906, 41.4888458252, 25.1650543213, 27.2654914856, 22.5605182648, 52.6502571106, 25.0471153259, 17.3411540985, 11.2766723633, 14.6753253937, 24.2493438721, 17.5897789001, 8.3312921524, 5.25885057449, 2.26909065247, 0.523645758629, 0.135800093412, 0.0183865670115, 0.000634458498098, 5.43954447494e-05, 5.09406127094e-05],
        "min": [0.0012114783749, 0.0234895162284, 0.114255748689, 0.179929807782, 0.181119561195, 0.0904793813825, 0.0367793031037, 0.0690705180168, 0.145365923643, 0.348017722368, 0.550029039383, 0.202820375562, 0.115269556642, 0.0796980336308, 0.0658002719283, 0.0590819120407, 0.056804060936, 0.0545171760023, 0.091808706522, 0.825513005257, 0.449254691601, 0.374600380659, 0.633797466755, 0.527485132217, 0.465570479631, 0.0723612830043, 0.0456841960549, 0.0833636745811, 0.122907020152, 0.251785129309, 0.217182129622, 0.0417996309698, 0.0209150388837, 0.00688855955377, 0.00208097603172, 0.000402328325436, 1.7454060071e-05, 2.17213164433e-06, 4.9150257837e-06, 1.64475716247e-06],
        "stdev": [0.318156272173, 2.17107319832, 4.96354627609, 4.11791324615, 8.33900642395, 9.20171642303, 17.1670265198, 16.6671390533, 19.3721351624, 22.721818924, 48.643371582, 121.005187988, 146.529815674, 109.745315552, 67.8778686523, 69.1584777832, 134.54234314, 168.760620117, 43.5563049316, 52.5415916443, 86.1167221069, 28.2184410095, 27.0296974182, 20.1810665131, 59.1948814392, 25.1582889557, 20.4976482391, 13.2086286545, 18.3938770294, 29.1560287476, 23.1944274902, 14.279004097, 12.1971225739, 5.24399614334, 1.11067163944, 0.279779911041, 0.0398315899074, 0.00138252566103, 7.17914808774e-05, 2.46009076363e-05]
    },
    "gfcc": {
        "mean": [42.7449417114, 89.4668807983, -127.526901245, 60.1416511536, -69.6470336914, 34.3487968445, -33.7802696228, 15.9662227631, -15.5199365616, -2.83093523979, -9.04998683929, -7.28476572037, -5.92859506607],
        "cov": [[1122.30737305, -468.776977539, -194.712097168, -94.1185379028, -119.964851379, 147.445907593, 77.2180633545, 112.063827515, -1.77135634422, 65.4927978516, -40.9531822205, -23.7658901215, -104.266204834], [-468.776977539, 579.701049805, -119.81741333, -33.6780281067, 108.215309143, -142.717727661, 75.6119842529, -45.6942749023, -3.91141319275, -86.9636917114, 69.0709228516, -52.0107192993, 70.2854690552], [-194.712097168, -119.81741333, 425.714508057, 70.72605896, -1.41929376125, -2.07412743568, -141.174682617, -42.5293464661, -24.9860076904, 71.1339263916, -61.9174728394, 100.974075317, -10.070274353], [-94.1185379028, -33.6780281067, 70.72605896, 174.179748535, 41.392665863, -38.6429824829, -88.0054168701, -10.4675645828, 68.1159820557, -13.3950777054, 19.4294147491, 28.7866287231, 38.3252296448], [-119.964851379, 108.215309143, -1.41929376125, 41.392665863, 133.098373413, -41.2295799255, -22.1320533752, -14.1883068085, -1.98610770702, 11.452955246, 0.826656758785, 16.9801254272, 14.5651092529], [147.445907593, -142.717727661, -2.07412743568, -38.6429824829, -41.2295799255, 218.688064575, 110.261787415, -24.0957317352, -29.736913681, 1.11251616478, 13.2077159882, -35.1377754211, -24.5217685699], [77.2180633545, 75.6119842529, -141.174682617, -88.0054168701, -22.1320533752, 110.261787415, 234.465515137, 20.8599376678, -56.1184082031, -22.4116897583, 29.5695037842, -70.9190750122, -9.6066236496], [112.063827515, -45.6942749023, -42.5293464661, -10.4675645828, -14.1883068085, -24.0957317352, 20.8599376678, 115.973457336, 56.7925987244, 2.41066884995, -6.73111104965, -16.5245399475, -9.82098674774], [-1.77135634422, -3.91141319275, -24.9860076904, 68.1159820557, -1.98610770702, -29.736913681, -56.1184082031, 56.7925987244, 162.405441284, -4.92812919617, 5.22598600388, -8.17179489136, 20.3448505402], [65.4927978516, -86.9636917114, 71.1339263916, -13.3950777054, 11.452955246, 1.11251616478, -22.4116897583, 2.41066884995, -4.92812919617, 101.522331238, -17.7537574768, 28.6261825562, -25.0257225037], [-40.9531822205, 69.0709228516, -61.9174728394, 19.4294147491, 0.826656758785, 13.2077159882, 29.5695037842, -6.73111104965, 5.22598600388, -17.7537574768, 107.161193848, -1.27410936356, 16.6483459473], [-23.7658901215, -52.0107192993, 100.974075317, 28.7866287231, 16.9801254272, -35.1377754211, -70.9190750122, -16.5245399475, -8.17179489136, 28.6261825562, -1.27410936356, 111.590065002, 9.10056114197], [-104.266204834, 70.2854690552, -10.070274353, 38.3252296448, 14.5651092529, -24.5217685699, -9.6066236496, -9.82098674774, 20.3448505402, -25.0257225037, 16.6483459473, 9.10056114197, 74.7878799438]],
        "icov": [[0.00217359536327, 0.00131966068875, 0.0017679091543, -2.91002161248e-05, 0.00066881661769, -0.000644722837023, 0.000175650886376, -0.00121727120131, 0.000499932968523, -0.000926257227547, 0.000604202912655, -0.000693609646987, 0.0010681085987], [0.00131966068875, 0.0138643756509, -0.00477751158178, 0.011442749761, -0.0110572334379, 0.0145716061816, -0.0107981739566, 0.0113598704338, -0.0089909080416, 0.00966295972466, -0.00857436843216, 0.00628252280876, -0.00383760989644], [0.0017679091543, -0.00477751158178, 0.00880774576217, -0.00740220444277, 0.00682396069169, -0.00867144297808, 0.00710804900154, -0.00651733996347, 0.00650983583182, -0.00749804964289, 0.00677551748231, -0.00587342912331, 0.00274538900703], [-2.91002161248e-05, 0.011442749761, -0.00740220444277, 0.0211838502437, -0.0131803927943, 0.01289545279, -0.00747261196375, 0.0117033943534, -0.0124145615846, 0.0114263053983, -0.0106192482635, 0.00617592362687, -0.00646165339276], [0.00066881661769, -0.0110572334379, 0.00682396069169, -0.0131803927943, 0.019636856392, -0.0116636166349, 0.00885655544698, -0.00986886490136, 0.00950381252915, -0.011484073475, 0.00893013738096, -0.00682942336425, 0.00360514782369], [-0.000644722837023, 0.0145716061816, -0.00867144297808, 0.01289545279, -0.0116636166349, 0.0251312069595, -0.0173522941768, 0.017484465614, -0.0125242536888, 0.0117619382218, -0.0109719168395, 0.00861287582666, -0.00305318739265], [0.000175650886376, -0.0107981739566, 0.00710804900154, -0.00747261196375, 0.00885655544698, -0.0173522941768, 0.0199918970466, -0.0142534701154, 0.0120464516804, -0.00871390569955, 0.00588643411174, -0.00263595255092, 0.0012788005406], [-0.00121727120131, 0.0113598704338, -0.00651733996347, 0.0117033943534, -0.00986886490136, 0.017484465614, -0.0142534701154, 0.0255427379161, -0.0153670711443, 0.00957377068698, -0.0075356005691, 0.00612045591697, -0.00175316480454], [0.000499932968523, -0.0089909080416, 0.00650983583182, -0.0124145615846, 0.00950381252915, -0.0125242536888, 0.0120464516804, -0.0153670711443, 0.0187810715288, -0.00901673082262, 0.00661943946034, -0.0030772422906, 0.000731691776309], [-0.000926257227547, 0.00966295972466, -0.00749804964289, 0.0114263053983, -0.011484073475, 0.0117619382218, -0.00871390569955, 0.00957377068698, -0.00901673082262, 0.0219273753464, -0.00723467022181, 0.0031052203849, 1.62502929015e-05], [0.000604202912655, -0.00857436843216, 0.00677551748231, -0.0106192482635, 0.00893013738096, -0.0109719168395, 0.00588643411174, -0.0075356005691, 0.00661943946034, -0.00723467022181, 0.018154848367, -0.00708614941686, 0.00228386954404], [-0.000693609646987, 0.00628252280876, -0.00587342912331, 0.00617592362687, -0.00682942336425, 0.00861287582666, -0.00263595255092, 0.00612045591697, -0.0030772422906, 0.0031052203849, -0.00708614941686, 0.0177435409278, -0.00491332774982], [0.0010681085987, -0.00383760989644, 0.00274538900703, -0.00646165339276, 0.00360514782369, -0.00305318739265, 0.0012788005406, -0.00175316480454, 0.000731691776309, 1.62502929015e-05, 0.00228386954404, -0.00491332774982, 0.0202745031565]]
    },
    "melbands": {
        "max": [0.0216763559729, 0.025921465829, 0.00884701870382, 0.00548011390492, 0.0039346977137, 0.0028467210941, 0.00288334675133, 0.00418717367575, 0.00346780917607, 0.00603981595486, 0.00569422449917, 0.0068795834668, 0.0066629126668, 0.00145190313924, 0.00522299995646, 0.00363249401562, 0.00335152144544, 0.000654660281725, 0.000505664560478, 0.000531152472831, 0.00111479137558, 0.000193514541024, 0.000300640414935, 0.000387404084904, 0.000153153567226, 0.000479089096189, 0.000319789221976, 0.00012778629025, 0.00011216900748, 9.28455920075e-05, 6.28697234788e-05, 8.43942834763e-05, 0.000158521012054, 0.000186003890121, 0.00024070123618, 0.000116212991998, 0.000126253173221, 0.000181126961252, 8.07512915344e-05, 4.87724937557e-05],
        "mean": [0.00257098465227, 0.00262166862376, 0.000840641208924, 0.000447865226306, 0.00044214935042, 0.000258842250332, 0.000188503370737, 0.000200469527044, 0.000266512652161, 0.000408003019402, 0.000434745772509, 0.000239658009377, 8.68069619173e-05, 0.000104480859591, 8.12563230284e-05, 8.63951863721e-05, 0.000165816949448, 5.4472417105e-05, 4.11475157307e-05, 5.29764110979e-05, 4.82272589579e-05, 2.21579575737e-05, 3.10233954224e-05, 2.13240728044e-05, 1.5213736333e-05, 3.91487847082e-05, 2.99472867482e-05, 1.3765859876e-05, 1.14123813546e-05, 8.82998028828e-06, 5.48473826711e-06, 7.10476479071e-06, 1.16027094919e-05, 1.42648650581e-05, 1.14093472803e-05, 6.59311353957e-06, 4.41631482317e-06, 3.91895900975e-06, 2.84771545012e-06, 1.54642907546e-06],
        "min": [1.5412688299e-05, 5.36780025868e-05, 3.55525153282e-05, 9.20421916817e-06, 1.69828365415e-06, 1.48691935919e-06, 2.20359083869e-06, 2.96172356684e-06, 1.57173712978e-06, 9.74350541583e-07, 5.48719469862e-07, 3.20397987252e-07, 2.66949854222e-07, 1.39690470746e-07, 1.43272501418e-07, 1.38423189355e-07, 8.63495017711e-08, 8.91826132943e-08, 4.80637311284e-07, 9.1342479891e-07, 3.52356778421e-07, 3.54855899332e-07, 5.31097725798e-07, 5.23692335719e-07, 3.81080866418e-07, 4.69653713253e-07, 7.61930039062e-08, 3.51167948054e-08, 2.32542500811e-08, 3.00016971266e-08, 5.4661420279e-08, 6.84675427465e-08, 7.25010096403e-08, 1.73424353989e-07, 1.33787850132e-07, 4.52266704087e-08, 1.71532992255e-08, 1.65602020985e-08, 8.28017654442e-09, 5.31009680671e-09],
        "stdev": [0.00261262827553, 0.00247670058161, 0.000761528150178, 0.000574180216063, 0.000547790667042, 0.000358068238711, 0.000298620405374, 0.000301818887237, 0.00041486902046, 0.000797398621216, 0.000737653695978, 0.000468479120173, 0.00031396918348, 0.000181710158358, 0.000261602544924, 0.000211322112591, 0.000359958590707, 7.76989909355e-05, 6.01384672336e-05, 7.75953085395e-05, 0.000117688687169, 2.47046282311e-05, 3.69853041775e-05, 2.82054334093e-05, 1.51355798153e-05, 4.91185601277e-05, 3.71847272618e-05, 1.537973003e-05, 1.39460371429e-05, 1.23815279949e-05, 7.13560893928e-06, 9.54227652983e-06, 1.54082463268e-05, 1.7358272089e-05, 1.49247489389e-05, 9.97018105409e-06, 8.85809367901e-06, 9.74589329417e-06, 6.57034297546e-06, 3.74816522708e-06]
    },
    "melbands128": {
        "max": [0.0137469954789, 0.021594747901, 0.035107858479, 0.0353273190558, 0.034337259829, 0.0153375472873, 0.00993470102549, 0.0160821937025, 0.0127224866301, 0.00886310078204, 0.00518182292581, 0.00762593466789, 0.00637685181573, 0.00598170235753, 0.00453469296917, 0.00527448253706, 0.00236546201631, 0.00511785876006, 0.00351422931999, 0.00298718060367, 0.00841436162591, 0.00491759553552, 0.00664778938517, 0.00532197812572, 0.00933215767145, 0.0116653367877, 0.0140160424635, 0.0104826427996, 0.00877268146724, 0.0104659581557, 0.0107264276594, 0.0127395419404, 0.0123045220971, 0.00193698110525, 0.0028024809435, 0.00291780754924, 0.00266623869538, 0.00704822177067, 0.0157485716045, 0.0101867849007, 0.0017885848647, 0.00420477241278, 0.00577719835564, 0.00343815074302, 0.00129663373809, 0.000990835600533, 0.002021785127, 0.000757931207772, 0.00129945448134, 0.00162304227706, 0.00099118554499, 0.000949648092501, 0.00197938177735, 0.00203725229949, 0.000269364274573, 0.000242427107878, 0.000368360022549, 0.000787024677265, 0.000424077297794, 0.000424662575824, 0.000641196209472, 0.000485446362291, 0.000195926273591, 0.000239409971982, 0.000297011225484, 0.000650106230751, 0.00125906232279, 0.000593654520344, 0.000550492375623, 0.000309559691232, 0.000267952738795, 0.000177392328624, 0.000167876947671, 0.000231011101278, 0.000117584444524, 0.000231004334637, 0.000119244396046, 0.00021051512158, 0.000109477710794, 7.61492628953e-05, 8.90593364602e-05, 0.000182832009159, 0.00019992273883, 0.000272696022876, 0.000312491727527, 0.000201783070224, 0.000278512045043, 0.000167566773598, 0.000326044595568, 0.000415117479861, 0.000182372532436, 0.000116196919407, 0.000175521083293, 0.000157276284881, 0.000153503482579, 0.000219612251385, 0.000231913028983, 0.000102362057078, 9.51395995799e-05, 9.20935563045e-05, 8.45850736368e-05, 4.59764705738e-05, 6.27526314929e-05, 2.77246999758e-05, 1.92204897758e-05, 6.18286821918e-06, 1.04648024717e-05, 7.40820541978e-06, 8.20269997348e-06, 8.48263425723e-06, 4.10296843256e-06, 2.21496429731e-06, 1.35055017836e-06, 2.13266346805e-07, 1.80329848831e-07, 1.59308314096e-07, 5.43431113442e-08, 5.23236245442e-08, 5.08667952204e-08, 4.95948881962e-08, 4.85367337433e-08, 4.74501398173e-08, 4.651478136e-08, 4.59538433972e-08, 4.52583499566e-08, 4.47448087471e-08, 4.438813761e-08, 4.41641923032e-08],
        "mean": [0.00107163190842, 0.00231338315643, 0.00304280896671, 0.00336861563846, 0.00309954932891, 0.00174445903394, 0.00091583665926, 0.000676539842971, 0.000549078918993, 0.000440415053163, 0.000360928854207, 0.00043855162221, 0.000507687276695, 0.000393109046854, 0.000271054188488, 0.000182449497515, 0.00014963146532, 0.000236594190937, 0.00016490057169, 0.000150888037751, 0.000227377022384, 0.000321431143675, 0.000213105726289, 0.000258792308159, 0.000450461433502, 0.000366371416021, 0.000586671521887, 0.000482116563944, 0.000246633804636, 0.00036919375998, 0.000182927818969, 9.17435900192e-05, 0.000106003863038, 4.92508443131e-05, 9.0267334599e-05, 0.000139994779602, 0.000109292021079, 3.961265611e-05, 0.000103449201561, 9.05441120267e-05, 4.97471446579e-05, 0.000132926303195, 0.000209635283682, 0.000178588496055, 4.56683264929e-05, 4.59222574136e-05, 4.21542135882e-05, 2.76442679024e-05, 4.33431232523e-05, 6.92410394549e-05, 5.03233532072e-05, 3.99939999625e-05, 6.23106752755e-05, 4.99740126543e-05, 2.08848068723e-05, 1.57484009833e-05, 2.10880789382e-05, 4.40855437773e-05, 2.99038765661e-05, 1.77468846232e-05, 2.56146486208e-05, 1.99980513571e-05, 1.02275371319e-05, 1.33108969749e-05, 2.30813166127e-05, 3.8420297642e-05, 5.36634943273e-05, 3.96241994167e-05, 2.32942129514e-05, 1.71961964952e-05, 1.38379764394e-05, 1.06639035948e-05, 1.47371911225e-05, 1.06635152406e-05, 8.43344605528e-06, 1.1854429431e-05, 6.86927251081e-06, 6.65802463118e-06, 4.86767794428e-06, 4.52420636066e-06, 6.68270877213e-06, 7.72855491959e-06, 9.51642778091e-06, 1.09077354864e-05, 1.48365879795e-05, 1.40379588629e-05, 1.45046960824e-05, 1.41300597534e-05, 1.24556127048e-05, 8.32059686218e-06, 7.07274011802e-06, 6.44004558126e-06, 5.04711351823e-06, 4.20564583692e-06, 4.05511354984e-06, 4.30647332905e-06, 3.93360051021e-06, 3.435370445e-06, 2.78335073745e-06, 2.68857752417e-06, 2.25428266276e-06, 1.24735447571e-06, 8.29212694953e-07, 7.69246128129e-07, 5.75473734443e-07, 3.39499479196e-07, 2.61980972027e-07, 2.50065170349e-07, 2.47762073968e-07, 1.98989084765e-07, 1.3160160961e-07, 8.20785075462e-08, 3.09762739903e-08, 4.53487025709e-09, 3.17090287361e-09, 2.69750488613e-09, 5.46885758901e-10, 4.47375921031e-11, 4.33169264347e-11, 4.22037370329e-11, 4.12440533115e-11, 4.03373202895e-11, 3.9567311233e-11, 3.9033175997e-11, 3.82201631455e-11, 3.73833915213e-11, 3.68687198826e-11, 3.66486216374e-11],
        "min": [7.51828750367e-08, 6.22692539309e-07, 3.96936411562e-06, 1.82449148269e-05, 8.2265050878e-06, 4.23995370511e-05, 8.13288625068e-06, 2.95340487355e-06, 5.65162463317e-06, 1.40887800626e-06, 1.09950133265e-06, 6.26261680736e-07, 5.28960470092e-07, 4.27440539852e-07, 9.49409070472e-07, 5.76077752612e-07, 2.47071199055e-07, 3.76899492949e-07, 2.84922919036e-07, 1.57799433964e-07, 2.81396609125e-07, 3.93995662762e-07, 1.98510477389e-07, 4.15463034642e-07, 8.49354009347e-08, 2.03210007044e-07, 3.72493730083e-07, 4.73765652487e-07, 2.17167624328e-07, 2.33780923509e-07, 2.6554604915e-07, 2.26097625955e-07, 9.31313621777e-08, 1.32008167952e-07, 7.27550855117e-08, 1.97787670686e-07, 7.6957235251e-08, 4.51806059232e-08, 1.91861868615e-08, 9.3590646344e-09, 1.67545920249e-07, 8.3256054495e-08, 8.70720455737e-08, 2.81820753401e-08, 3.52855451524e-08, 9.03924828322e-08, 1.69232180269e-07, 8.21443109089e-08, 1.76592976686e-07, 2.13596436538e-07, 1.48784167209e-07, 1.77830287384e-07, 5.27545331863e-08, 2.94466872219e-07, 9.35541848435e-08, 2.60194568114e-08, 1.18151099571e-07, 3.40517630093e-07, 1.5949559895e-07, 7.63554268701e-08, 1.59893701834e-07, 2.65398199417e-07, 5.39748796768e-08, 1.34108631755e-07, 2.18904489202e-07, 2.45217904649e-07, 1.83173170853e-07, 1.43981182532e-07, 3.05400007505e-08, 2.6807855491e-08, 6.40792165996e-08, 1.70550435996e-08, 1.63159903366e-08, 2.37366251099e-08, 1.74579923851e-08, 3.40694938927e-08, 2.11776587378e-08, 2.47346960691e-08, 3.93197119308e-09, 3.1196421002e-09, 5.61626700701e-09, 3.1043480675e-08, 1.57158304148e-08, 2.70187072715e-08, 7.77148940756e-08, 1.06807895861e-07, 8.86823414703e-08, 7.77647457539e-08, 7.24249318296e-08, 4.40979874838e-08, 1.24759749198e-08, 3.16819495083e-08, 1.59293183088e-08, 1.89970652542e-08, 9.84374359803e-09, 1.96971630118e-08, 1.40423397355e-08, 1.30117836505e-08, 1.09742881449e-08, 2.87752977002e-09, 5.28380006415e-09, 5.77693493042e-09, 8.50035819511e-10, 3.60643959141e-10, 9.91737691969e-10, 1.43458134261e-10, 2.75968164987e-10, 2.96238359364e-12, 7.54474336739e-13, 1.06157780049e-12, 6.75541111765e-13, 7.05234807184e-13, 6.92809633447e-13, 4.27306573372e-13, 4.11855581106e-13, 5.82540417814e-13, 4.04949484318e-13, 5.20746748674e-13, 4.52095473688e-13, 4.39813577268e-13, 4.26157590119e-13, 5.18592926848e-13, 5.17550358039e-13, 4.80299285587e-13, 3.65462244885e-13, 1.44139989658e-13, 2.09365843076e-14, 6.86678810669e-16],
        "stdev": [0.00216874596663, 0.00315799191594, 0.00342324376106, 0.00403943937272, 0.00321911205538, 0.00157038378529, 0.000904285756405, 0.00100710999686, 0.00103070691694, 0.000746469362639, 0.000556771759875, 0.000668634253088, 0.000742023985367, 0.000673347502016, 0.000522956019267, 0.000332580500981, 0.000232341917581, 0.000526075775269, 0.000327040092088, 0.000294853147352, 0.000559825450182, 0.000590844894759, 0.000497033935972, 0.000644625688437, 0.00123319565319, 0.00115783431102, 0.00148794858251, 0.00110331806354, 0.000580612977501, 0.000789223471656, 0.000529139535502, 0.00054706830997, 0.00051851925673, 0.000146075559314, 0.000221772977966, 0.000307054549921, 0.000258664978901, 0.000284423469566, 0.00060225406196, 0.000444703910034, 0.000127716819406, 0.000314321223414, 0.000525250798091, 0.000483429932501, 0.000101206998806, 9.54015995376e-05, 0.000103917911474, 6.59175057081e-05, 9.78389070951e-05, 0.000128736995975, 0.000105642124254, 9.41757607507e-05, 0.000186205899809, 0.000170157800312, 2.97770548059e-05, 2.22100079554e-05, 3.46827073372e-05, 7.91675629443e-05, 4.53597676824e-05, 3.0592254916e-05, 4.91769860673e-05, 3.69037043129e-05, 1.57516496984e-05, 1.74692377186e-05, 3.22939886246e-05, 6.77326315781e-05, 8.85697445483e-05, 7.2360780905e-05, 4.73469845019e-05, 2.93990287901e-05, 2.14153569686e-05, 1.57350186782e-05, 2.43924860115e-05, 1.77924302989e-05, 1.30358776005e-05, 2.53182915912e-05, 1.10317705548e-05, 1.19114265544e-05, 8.41506971483e-06, 7.73478404881e-06, 1.00396264315e-05, 1.32698041853e-05, 1.44415053001e-05, 1.79728995136e-05, 2.53587077168e-05, 1.96297060029e-05, 2.06766926567e-05, 1.74128126673e-05, 1.80517672561e-05, 1.77793372131e-05, 1.20433696793e-05, 9.54869210545e-06, 1.12151501526e-05, 9.69784105109e-06, 9.37174900173e-06, 1.20248923849e-05, 1.09187240014e-05, 8.58381463331e-06, 6.82609243086e-06, 6.74727289152e-06, 5.49321612198e-06, 3.51200105797e-06, 2.48257310886e-06, 1.94901076611e-06, 1.25739074974e-06, 6.67174560931e-07, 6.03038984082e-07, 5.65262780583e-07, 5.48462764982e-07, 4.98806684845e-07, 3.2168898656e-07, 1.97683931447e-07, 9.2335177726e-08, 1.4469024201e-08, 1.14380869221e-08, 1.09394147074e-08, 2.70874589425e-09, 1.39730405024e-09, 1.35839239856e-09, 1.32443178646e-09, 1.29617772071e-09, 1.26714849724e-09, 1.24217791608e-09, 1.22720067441e-09, 1.20863163922e-09, 1.19491683215e-09, 1.18539644767e-09, 1.17941945099e-09]
    },
    "mfcc": {
        "mean": [-586.088195801, 96.1021575928, 9.42907810211, 24.1121234894, 3.97256708145, 11.7617406845, 2.02725720406, 14.9643096924, -0.59742385149, 13.9803028107, 1.44705486298, -3.96843314171, 2.14526629448],
        "cov": [[1265.07019043, -439.212890625, -180.475982666, -211.851715088, -156.097732544, -25.7640018463, 59.7511253357, 80.7188796997, 12.0370817184, 170.727416992, 55.044719696, 43.1876296997, -45.3252410889], [-439.212890625, 558.594970703, -163.636032104, 86.1434249878, -36.0030403137, -36.4420661926, 54.2071533203, -17.8620586395, -28.3848552704, -31.390039444, -23.2798995972, -27.4911766052, -18.8710803986], [-180.475982666, -163.636032104, 352.289367676, 0.158665955067, 67.5852661133, 47.2940177917, -64.8214035034, -32.8202857971, 7.38862085342, -71.4538116455, 6.10317182541, 7.02576637268, 8.84056186676], [-211.851715088, 86.1434249878, 0.158665955067, 206.921646118, 113.421005249, -53.7439231873, -90.2590103149, -39.3796806335, 20.3453578949, -70.3618545532, -11.4327249527, -15.0472221375, 64.7755355835], [-156.097732544, -36.0030403137, 67.5852661133, 113.421005249, 217.847259521, -24.1551990509, -138.864532471, -33.846031189, 10.661280632, -56.9483985901, -2.20767354965, -25.897567749, 95.7541275024], [-25.7640018463, -36.4420661926, 47.2940177917, -53.7439231873, -24.1551990509, 172.105743408, 73.5279006958, -6.59248209, -21.9298667908, -7.05243873596, -7.70671129227, 8.9369764328, -51.891166687], [59.7511253357, 54.2071533203, -64.8214035034, -90.2590103149, -138.864532471, 73.5279006958, 236.457168579, 30.3869037628, -38.9590835571, 38.6212921143, -10.7896976471, 25.0301532745, -77.7308273315], [80.7188796997, -17.8620586395, -32.8202857971, -39.3796806335, -33.846031189, -6.59248209, 30.3869037628, 104.563323975, 3.73211312294, 35.9778862, 0.371561229229, 1.35704481602, -2.20247268677], [12.0370817184, -28.3848552704, 7.38862085342, 20.3453578949, 10.661280632, -21.9298667908, -38.9590835571, 3.73211312294, 102.30304718, 22.1756458282, 5.69530916214, 5.12391090393, -6.55175733566], [170.727416992, -31.390039444, -71.4538116455, -70.3618545532, -56.9483985901, -7.05243873596, 38.6212921143, 35.9778862, 22.1756458282, 151.241424561, 25.1603317261, 11.2888288498, -42.1737670898], [55.044719696, -23.2798995972, 6.10317182541, -11.4327249527, -2.20767354965, -7.70671129227, -10.7896976471, 0.371561229229, 5.69530916214, 25.1603317261, 65.0632629395, 20.4423446655, 1.82276630402], [43.1876296997, -27.4911766052, 7.02576637268, -15.0472221375, -25.897567749, 8.9369764328, 25.0301532745, 1.35704481602, 5.12391090393, 11.2888288498, 20.4423446655, 73.6971969604, -3.14167618752], [-45.3252410889, -18.8710803986, 8.84056186676, 64.7755355835, 95.7541275024, -51.891166687, -77.7308273315, -2.20247268677, -6.55175733566, -42.1737670898, 1.82276630402, -3.14167618752, 131.738250732]],
        "icov": [[0.00209701573476, 0.00208542891778, 0.00178595248144, 0.000808598008007, 0.000951535941567, 0.000561736931559, 0.000280627165921, -5.31676923856e-05, 0.000283241533907, -0.000250618904829, -0.000830420583952, -2.91124233627e-05, 0.000141767552122], [0.00208542891778, 0.00465579610318, 0.00285342568532, -0.000600957020652, 0.00141221913509, 0.000993744353764, -0.000320403371006, 0.000280720356386, 0.000856524449773, 0.000490343372803, -0.000885825254954, 0.000748695922084, 0.000898720638361], [0.00178595248144, 0.00285342568532, 0.0058197453618, 0.00140880153049, -0.000166083642398, -0.000308670772938, 0.00100283510983, 0.000391998852137, -9.13514741114e-05, 0.00218039168976, -0.00137564656325, -0.000511396618094, 0.00123766937759], [0.000808598008007, -0.000600957020652, 0.00140880153049, 0.010067557916, -0.00350554520264, 0.00186553946696, 0.000467695383122, 0.00146736972965, -0.00208829296753, 0.00278965523466, 0.000278982013697, -0.000801685615443, -0.000503074086737], [0.000951535941567, 0.00141221913509, -0.000166083642398, -0.00350554520264, 0.0121917575598, -0.00230315630324, 0.00400768220425, 0.000928964407649, 0.000475716718938, -0.00092357682297, -0.000404114281991, 0.00244773901068, -0.00533212535083], [0.000561736931559, 0.000993744353764, -0.000308670772938, 0.00186553946696, -0.00230315630324, 0.0089027127251, -0.00278566824272, 0.000591713294853, 0.000895509554539, 0.0012295069173, 0.00031744199805, -0.000695458904374, 0.0034032468684], [0.000280627165921, -0.000320403371006, 0.00100283510983, 0.000467695383122, 0.00400768220425, -0.00278566824272, 0.00917974952608, -0.00117658742238, 0.0024398015812, -0.000563861860428, 0.00161409948487, -0.00212207669392, 0.00100777531043], [-5.31676923856e-05, 0.000280720356386, 0.000391998852137, 0.00146736972965, 0.000928964407649, 0.000591713294853, -0.00117658742238, 0.0115937646478, -0.00092178786872, -0.00178624514956, 0.000769879145082, 0.000866040820256, -0.00227611674927], [0.000283241533907, 0.000856524449773, -9.13514741114e-05, -0.00208829296753, 0.000475716718938, 0.000895509554539, 0.0024398015812, -0.00092178786872, 0.012236373499, -0.00241448264569, 0.000516295316629, -0.00153580552433, 0.00247604656033], [-0.000250618904829, 0.000490343372803, 0.00218039168976, 0.00278965523466, -0.00092357682297, 0.0012295069173, -0.000563861860428, -0.00178624514956, -0.00241448264569, 0.0113325230777, -0.00353808957152, -2.43607919401e-05, 0.00281526846811], [-0.000830420583952, -0.000885825254954, -0.00137564656325, 0.000278982013697, -0.000404114281991, 0.00031744199805, 0.00161409948487, 0.000769879145082, 0.000516295316629, -0.00353808957152, 0.0192073173821, -0.00524464901537, -0.000571250973735], [-2.91124233627e-05, 0.000748695922084, -0.000511396618094, -0.000801685615443, 0.00244773901068, -0.000695458904374, -0.00212207669392, 0.000866040820256, -0.00153580552433, -2.43607919401e-05, -0.00524464901537, 0.0168637856841, -0.00237442133948], [0.000141767552122, 0.000898720638361, 0.00123766937759, -0.000503074086737, -0.00533212535083, 0.0034032468684, 0.00100777531043, -0.00227611674927, 0.00247604656033, 0.00281526846811, -0.000571250973735, -0.00237442133948, 0.0146810719743]]
    },
    "spectral_contrast_coeffs": {
        "max": [-0.529864728451, -0.536010503769, -0.42085018754, -0.554423809052, -0.606105148792, -0.653006315231],
        "mean": [-0.750079035759, -0.754361093044, -0.732361495495, -0.748507559299, -0.749485492706, -0.739051043987],
        "min": [-0.883830666542, -0.90715944767, -0.905916512012, -0.886834383011, -0.879048883915, -0.835677862167],
        "stdev": [0.0527650639415, 0.067584246397, 0.083330757916, 0.064963825047, 0.056116502732, 0.0299177654088]
    },
    "spectral_contrast_valleys": {
        "max": [-5.12524461746, -5.31015777588, -5.68538761139, -6.14451026917, -5.81480693817, -7.49770307541],
        "mean": [-6.12828302383, -6.55390882492, -7.15209770203, -7.39085245132, -7.20988273621, -9.52293109894],
        "min": [-7.6024980545, -8.27300071716, -9.25592327118, -9.27147102356, -8.85555648804, -11.0533084869],
        "stdev": [0.364306360483, 0.444193720818, 0.50668412447, 0.420269995928, 0.45857834816, 0.608595967293]
    }
},
"rhythm": {
    "beats_count": 86,
    "beats_loudness": {
        "max": 0.0828833505511,
        "mean": 0.0394970029593,
        "min": 0.015555202961,
        "stdev": 0.0147024746984
    },
    "bpm": 161.587265015,
    "bpm_histogram_first_peak_bpm": 161,
    "bpm_histogram_first_peak_weight": 0.292682945728,
    "bpm_histogram_second_peak_bpm": 172,
    "bpm_histogram_second_peak_spread": 0,
    "bpm_histogram_second_peak_weight": 0.0235294122249,
    "danceability": 1.03051745892,
    "onset_rate": 2.64550757408,
    "beats_loudness_band_ratio": {
        "max": [0.890114784241, 0.571227252483, 0.589073717594, 0.586296379566, 0.355902403593, 0.246509104967],
        "mean": [0.42881411314, 0.110549047589, 0.183967426419, 0.132823616266, 0.0782707035542, 0.0920021012425],
        "min": [0.0995580926538, 0.00845595542341, 0.0176298841834, 0.0108337365091, 0.0125667275861, 0.00887518562376],
        "stdev": [0.17894116044, 0.104095183313, 0.13256508112, 0.134420052171, 0.0639867559075, 0.0531852394342]
    },
