{
"metadata": {
    "version": {
        "essentia": "2.1-beta5",
        "essentia_git_sha": "Undefined",
        "extractor": "music 2.0"
    },
    "audio_properties": {
        "analysis": {
            "equal_loudness": 0,
            "length": 32.4963264465,
            "sample_rate": 44100,
            "start_time": 12.7477550507,
            "downmix": "mix"
        },
        "bit_rate": 192000,
        "length": 178.805267334,
        "lossless": 0,
        "number_channels": 2,
        "replay_gain": -1.16313743591,
        "sample_rate": 48000,
        "codec": "mp3",
        "md5_encoded": "ea172fc3328ce952e53e036d6ab47fe4"
    },
    "tags": {
        "file_name": "San Marino_Crisalide (Vola)_Valentina Monetta.mp3",
        "encoding": ["Lavf58.29.100"]
    }
},
"lowlevel": {
    "average_loudness": 0.85303658247,
    "barkbands_crest": {
        "max": 24.5808258057,
        "mean": 11.9167156219,
        "min": 3.23112201691,
        "stdev": 4.47309303284
    },
    "barkbands_flatness_db": {
        "max": 0.303682535887,
        "mean": 0.160875916481,
        "min": 0.0351350270212,
        "stdev": 0.0448104962707
    },
    "barkbands_kurtosis": {
        "max": 103.785903931,
        "mean": 6.29049301147,
        "min": -1.91155838966,
        "stdev": 9.24266433716
    },
    "barkbands_skewness": {
        "max": 8.42526626587,
        "mean": 1.57213699818,
        "min": -1.86381804943,
        "stdev": 1.30787074566
    },
    "barkbands_spread": {
        "max": 100.30632019,
        "mean": 15.133105278,
        "min": 1.66608417034,
        "stdev": 12.4543123245
    },
    "dissonance": {
        "max": 0.498851537704,
        "mean": 0.43794515729,
        "min": 0.279085993767,
        "stdev": 0.0392892174423
    },
    "dynamic_complexity": 3.56078648567,
    "erbbands_crest": {
        "max": 30.3955192566,
        "mean": 12.1781597137,
        "min": 2.79295086861,
        "stdev": 5.49135112762
    },
    "erbbands_flatness_db": {
        "max": 0.348014742136,
        "mean": 0.186305373907,
        "min": 0.0593603290617,
        "stdev": 0.0496886372566
    },
    "erbbands_kurtosis": {
        "max": 31.8382453918,
        "mean": 2.27689671516,
        "min": -1.78512561321,
        "stdev": 3.69812774658
    },
    "erbbands_skewness": {
        "max": 4.90852642059,
        "mean": 0.968755304813,
        "min": -2.08344984055,
        "stdev": 0.895148158073
    },
    "erbbands_spread": {
        "max": 122.589431763,
        "mean": 27.8350334167,
        "min": 2.32394576073,
        "stdev": 18.689332962
    },
    "hfc": {
        "max": 96.247795105,
        "mean": 17.6204948425,
        "min": 0.419182211161,
        "stdev": 16.104467392
    },
    "loudness_ebu128": {
        "integrated": -22.4613704681,
        "loudness_range": 5.4829120636,
        "momentary": {
            "max": -18.5358943939,
            "mean": -23.4487705231,
            "min": -31.3669071198,
            "stdev": 3.15798687935
        },
        "short_term": {
            "max": -19.7216510773,
            "mean": -22.9596118927,
            "min": -27.3656425476,
            "stdev": 2.06665682793
        }
    },
    "melbands_crest": {
        "max": 32.7192802429,
        "mean": 14.719420433,
        "min": 4.39786052704,
        "stdev": 5.28347396851
    },
    "melbands_flatness_db": {
        "max": 0.409734845161,
        "mean": 0.22491826117,
        "min": 0.051237154752,
        "stdev": 0.0522798970342
    },
    "melbands_kurtosis": {
        "max": 280.805236816,
        "mean": 11.2975444794,
        "min": -1.64511597157,
        "stdev": 17.8037071228
    },
    "melbands_skewness": {
        "max": 13.5138931274,
        "mean": 1.98249256611,
        "min": -1.91276752949,
        "stdev": 1.65935480595
    },
    "melbands_spread": {
        "max": 188.617218018,
        "mean": 17.7665233612,
        "min": 1.05520713329,
        "stdev": 16.3091983795
    },
    "pitch_salience": {
        "max": 0.802819371223,
        "mean": 0.522958636284,
        "min": 0.180574297905,
        "stdev": 0.11930692941
    },
    "silence_rate_20dB": {
        "max": 1,
        "mean": 1,
        "min": 1,
        "stdev": 0
    },
    "silence_rate_30dB": {
        "max": 1,
        "mean": 0.997858643532,
        "min": 0,
        "stdev": 0.0462244488299
    },
    "silence_rate_60dB": {
        "max": 1,
        "mean": 0.0606709495187,
        "min": 0,
        "stdev": 0.238724395633
    },
    "spectral_centroid": {
        "max": 3932.30371094,
        "mean": 988.651062012,
        "min": 214.895385742,
        "stdev": 511.607025146
    },
    "spectral_complexity": {
        "max": 39,
        "mean": 13.3254814148,
        "min": 3,
        "stdev": 5.0918431282
    },
    "spectral_decrease": {
        "max": -1.86727439067e-10,
        "mean": -6.25832985435e-09,
        "min": -3.93088619433e-08,
        "stdev": 5.3554605195e-09
    },
    "spectral_energy": {
        "max": 0.152324810624,
        "mean": 0.0252185799181,
        "min": 0.000765519216657,
        "stdev": 0.0212143175304
    },
    "spectral_energyband_high": {
        "max": 0.0085277389735,
        "mean": 0.000380186829716,
        "min": 1.75025877525e-06,
        "stdev": 0.000845939212013
    },
    "spectral_energyband_low": {
        "max": 0.111529573798,
        "mean": 0.00562850059941,
        "min": 4.29028841609e-06,
        "stdev": 0.0118383308873
    },
    "spectral_energyband_middle_high": {
        "max": 0.0640832409263,
        "mean": 0.00565942656249,
        "min": 6.52403250569e-05,
        "stdev": 0.00907756574452
    },
    "spectral_energyband_middle_low": {
        "max": 0.0744794011116,
        "mean": 0.0139303924516,
        "min": 0.000465135526611,
        "stdev": 0.0131596215069
    },
    "spectral_entropy": {
        "max": 8.79944038391,
        "mean": 7.23665761948,
        "min": 6.12204265594,
        "stdev": 0.433407604694
    },
    "spectral_flux": {
        "max": 0.306279659271,
        "mean": 0.0760038942099,
        "min": 0.0123373465613,
        "stdev": 0.0473899692297
    },
    "spectral_kurtosis": {
        "max": 24.6527633667,
        "mean": 7.07396030426,
        "min": -1.23005485535,
        "stdev": 3.83896803856
    },
    "spectral_rms": {
        "max": 0.0121905524284,
        "mean": 0.00452776672319,
        "min": 0.000864203670062,
        "stdev": 0.00202554860152
    },
    "spectral_rolloff": {
        "max": 10938.8671875,
        "mean": 1177.02404785,
        "min": 64.599609375,
        "stdev": 1446.04736328
    },
    "spectral_skewness": {
        "max": 3.89691925049,
        "mean": 2.07811117172,
        "min": 0.10637371242,
        "stdev": 0.591375589371
    },
    "spectral_spread": {
        "max": 18149892,
        "mean": 4417237,
        "min": 2254331.75,
        "stdev": 1680486.875
    },
    "spectral_strongpeak": {
        "max": 15.935546875,
        "mean": 1.67890524864,
        "min": 0.0273032169789,
        "stdev": 1.82676064968
    },
    "zerocrossingrate": {
        "max": 0.365234375,
        "mean": 0.0506195351481,
        "min": 0.00732421875,
        "stdev": 0.0362399742007
    },
    "barkbands": {
        "max": [0.00500216800719, 0.071906298399, 0.0538058392704, 0.013940313831, 0.0310755874962, 0.0302125308663, 0.0639595538378, 0.0500482320786, 0.0594037622213, 0.0507767833769, 0.0560913905501, 0.0243539009243, 0.038002897054, 0.0164382699877, 0.0084877461195, 0.0142448013648, 0.00871331710368, 0.00377264921553, 0.014969214797, 0.00290380022489, 0.000914995733183, 0.00102417066228, 0.00147712335456, 0.00361658493057, 0.00385288661346, 0.00100556539837, 6.79731310811e-05],
        "mean": [0.000170201514266, 0.00345279998146, 0.00170778646134, 0.000611080555245, 0.00131601060275, 0.00305363722146, 0.0037698878441, 0.00232371129096, 0.00267098331824, 0.00124244042672, 0.00115266034845, 0.000789997924585, 0.000971984060016, 0.000486680684844, 0.000293945835438, 0.00020882699755, 0.000193541316548, 0.000124091355246, 0.000247726740781, 0.000119034528325, 4.55752051494e-05, 3.60996709787e-05, 5.27951742697e-05, 8.31790239317e-05, 6.64017934469e-05, 2.57760621025e-05, 1.75563002358e-06],
        "min": [6.5334861965e-09, 2.61430272985e-07, 2.11865170741e-07, 4.98804126892e-07, 1.52455422722e-05, 2.89224026346e-05, 9.74716749624e-06, 3.43503444356e-07, 2.20210927182e-06, 5.06213336848e-06, 5.236279776e-06, 2.15200770981e-06, 2.59507874034e-06, 8.63456364186e-07, 1.50277105604e-06, 1.54567328536e-06, 1.10668270281e-06, 5.9633435967e-07, 8.78019704942e-07, 7.43640384826e-07, 2.34955209066e-07, 2.32207838735e-07, 2.29706913046e-07, 2.84023343511e-07, 1.77949345925e-07, 2.46968081541e-08, 1.297222052e-10],
        "stdev": [0.000392298272345, 0.00631538266316, 0.00608495995402, 0.00121375452727, 0.00242849928327, 0.00414256891236, 0.00879797618836, 0.00615679705516, 0.00567138474435, 0.00399842485785, 0.00414807209745, 0.00222954177298, 0.00353181245737, 0.00153384171426, 0.000608625123277, 0.000767098157667, 0.000627472705673, 0.000294586701784, 0.000971053726971, 0.000309199240291, 8.70820367709e-05, 7.90400517872e-05, 0.000126823011669, 0.00026766108931, 0.000297624210361, 6.52876478853e-05, 5.62288960282e-06]
    },
    "erbbands": {
        "max": [1.75924623013, 19.1436843872, 61.4403076172, 56.2168693542, 70.782875061, 160.605453491, 353.833221436, 286.45703125, 1050.23693848, 998.018066406, 1352.49438477, 1560.74890137, 1220.77111816, 2216.24414062, 1238.48535156, 985.813720703, 1841.28430176, 908.059204102, 677.111572266, 492.215637207, 707.124938965, 452.658996582, 258.246612549, 924.705200195, 263.513336182, 175.802856445, 107.35824585, 17.6706752777, 31.9517688751, 53.4892807007, 46.1917610168, 53.7816085815, 78.3409881592, 59.1063079834, 23.7172431946, 6.78615903854, 1.10207700729, 0.143799230456, 0.0113563472405, 0.000387340201996],
        "mean": [0.111216686666, 0.732156217098, 1.93672728539, 2.01455879211, 2.56559801102, 4.53261709213, 17.4609718323, 25.1865577698, 46.4809074402, 46.760597229, 63.9607810974, 53.716632843, 46.3505706787, 55.1438713074, 32.6753082275, 27.8041877747, 42.8676605225, 30.0045108795, 19.2146320343, 12.837896347, 12.8094053268, 10.0336856842, 6.9643907547, 13.6709423065, 7.69270610809, 5.39223146439, 3.4701154232, 0.970572888851, 1.28030407429, 1.26559519768, 1.5882641077, 1.65111923218, 1.45605945587, 1.00130617619, 0.314064115286, 0.128258109093, 0.0429384186864, 0.00628076028079, 0.000302453350741, 3.84120903618e-05],
        "min": [7.49661330701e-06, 0.000118601215945, 0.000708419072907, 0.00243525020778, 0.0224326010793, 0.0766602009535, 0.145616903901, 0.331074208021, 0.161732062697, 0.195226624608, 0.181117504835, 0.195580720901, 0.20982183516, 0.194353282452, 0.174777403474, 0.147914215922, 0.141152560711, 0.0875411555171, 0.161484643817, 0.109005905688, 0.0790462866426, 0.0647869482636, 0.0354418642819, 0.0582852065563, 0.0356139652431, 0.0369281359017, 0.0154138524085, 0.00753237912431, 0.00748208304867, 0.00642277579755, 0.00563401915133, 0.00661307387054, 0.00367665966041, 0.00274281646125, 0.000658080040012, 0.000250465818681, 1.85196131497e-05, 1.11324936825e-06, 9.15191833428e-07, 9.60623765422e-07],
        "stdev": [0.185285612941, 1.55463969707, 6.45736694336, 5.6731300354, 4.27118110657, 8.9458732605, 36.2965888977, 31.7163352966, 113.242721558, 99.7722854614, 165.43927002, 120.313667297, 104.386375427, 160.445922852, 89.1866531372, 70.0305404663, 154.924560547, 87.4904403687, 45.3755607605, 26.1653175354, 44.9920692444, 27.6359500885, 18.6919212341, 55.131111145, 19.2491703033, 14.7358636856, 7.53246498108, 1.68573558331, 2.74468803406, 3.25795412064, 3.72504854202, 4.49833583832, 5.28314733505, 4.59409713745, 1.42718207836, 0.406454741955, 0.0930270925164, 0.0150342658162, 0.000882224820089, 3.6375993659e-05]
    },
    "gfcc": {
        "mean": [-22.8636512756, 98.4891357422, -116.39339447, 7.18639230728, -66.0096664429, 8.60215950012, -44.820892334, 14.6534729004, -25.1828746796, 5.59494972229, -8.32584190369, 1.87643015385, -6.96351575851],
        "cov": [[2931.89794922, -567.414489746, 24.9171772003, 68.6613540649, 137.681350708, 317.815704346, 259.314178467, 275.582580566, 212.178039551, 191.382766724, 119.572624207, -11.3948984146, -214.608688354], [-567.414489746, 1125.1126709, 20.0759563446, 37.854183197, 294.225616455, 161.318740845, 271.070098877, 5.48966884613, 129.020721436, 15.9850378036, 111.491096497, -68.5440597534, 54.7850112915], [24.9171772003, 20.0759563446, 716.03112793, 161.625518799, 136.860809326, 107.232162476, 9.51381206512, 34.8230133057, 42.6437683105, 51.5874061584, -111.089286804, 125.710845947, -50.9276504517], [68.6613540649, 37.854183197, 161.625518799, 554.38494873, 50.1075210571, 131.795318604, 60.4438438416, 33.1208000183, 80.2197036743, -4.86277008057, 29.5977458954, -21.0704441071, -6.17360258102], [137.681350708, 294.225616455, 136.860809326, 50.1075210571, 322.940948486, 130.029556274, 186.537063599, 78.0942382812, 65.6995544434, 65.7928009033, 14.4398412704, 27.497625351, -19.7817516327], [317.815704346, 161.318740845, 107.232162476, 131.795318604, 130.029556274, 315.370391846, 189.556411743, 41.9730987549, 86.4547576904, 53.3410720825, 45.455909729, -29.7710800171, -17.8748683929], [259.314178467, 271.070098877, 9.51381206512, 60.4438438416, 186.537063599, 189.556411743, 305.680328369, 98.559387207, 90.0112304688, 60.8898506165, 46.530090332, -40.4805145264, -28.2690448761], [275.582580566, 5.48966884613, 34.8230133057, 33.1208000183, 78.0942382812, 41.9730987549, 98.559387207, 177.409591675, 78.2869644165, 29.4252624512, 13.4174842834, 11.8158159256, -9.62803077698], [212.178039551, 129.020721436, 42.6437683105, 80.2197036743, 65.6995544434, 86.4547576904, 90.0112304688, 78.2869644165, 165.694259644, 68.0294342041, 41.9720497131, -14.5020942688, -36.3382148743], [191.382766724, 15.9850378036, 51.5874061584, -4.86277008057, 65.7928009033, 53.3410720825, 60.8898506165, 29.4252624512, 68.0294342041, 145.024993896, 51.8293151855, 13.5618009567, -33.8034706116], [119.572624207, 111.491096497, -111.089286804, 29.5977458954, 14.4398412704, 45.455909729, 46.530090332, 13.4174842834, 41.9720497131, 51.8293151855, 165.265914917, -7.29895925522, -6.91844654083], [-11.3948984146, -68.5440597534, 125.710845947, -21.0704441071, 27.497625351, -29.7710800171, -40.4805145264, 11.8158159256, -14.5020942688, 13.5618009567, -7.29895925522, 145.864807129, 22.6638736725], [-214.608688354, 54.7850112915, -50.9276504517, -6.17360258102, -19.7817516327, -17.8748683929, -28.2690448761, -9.62803077698, -36.3382148743, -33.8034706116, -6.91844654083, 22.6638736725, 131.661758423]],
        "icov": [[0.000696950301062, 0.000676671974361, 4.00558565161e-05, 0.000187226149137, -0.000358955032425, -0.000531157071237, -0.000256121944403, -0.000439787982032, -0.000538811902516, 0.000106937222881, -0.000552747165784, 0.000120755124954, 0.000494453706779], [0.000676671974361, 0.00289539713413, -0.000756968162023, 0.000745606666896, -0.00220905593596, 0.000441283802502, -0.00184116524179, 0.00165981892496, -0.00282905437052, 0.0020734956488, -0.00255366787314, 0.00167782208882, -0.0015770358732], [4.00558565161e-05, -0.000756968162023, 0.00314395362511, -0.000972644600552, -9.13809999474e-05, -0.00159603019711, 0.00148484425154, -0.000863549474161, 0.000740635616239, -0.00166664109565, 0.00315705384128, -0.00295759760775, 0.00202753092162], [0.000187226149137, 0.000745606666896, -0.000972644600552, 0.00256797485054, -0.00054259278113, -0.000475198030472, -0.000296185840853, 0.000397866242565, -0.0017202750314, 0.00164777564351, -0.0015832426725, 0.00118280074093, -0.000779952621087], [-0.000358955032425, -0.00220905593596, -9.13809999474e-05, -0.00054259278113, 0.00743591506034, -0.000596313271672, -0.00192668254022, -0.00182614114601, 0.00229529035278, -0.00253754085861, 0.00214312714525, -0.00260750856251, 0.00130581518169], [-0.000531157071237, 0.000441283802502, -0.00159603019711, -0.000475198030472, -0.000596313271672, 0.00722117116675, -0.00409578438848, 0.00258989352733, -0.00176766642835, 0.000788057688624, -0.00170518364757, 0.00171355728526, -0.00215838826261], [-0.000256121944403, -0.00184116524179, 0.00148484425154, -0.000296185840853, -0.00192668254022, -0.00409578438848, 0.0100488672033, -0.00405086576939, 0.00177713565063, -0.00202266057022, 0.00156057544518, 0.000587699469179, 0.00187693687622], [-0.000439787982032, 0.00165981892496, -0.000863549474161, 0.000397866242565, -0.00182614114601, 0.00258989352733, -0.00405086576939, 0.0107741029933, -0.00552397454157, 0.00252178893425, -0.00124027905986, -7.8921293607e-06, -0.00266848085448], [-0.000538811902516, -0.00282905437052, 0.000740635616239, -0.0017202750314, 0.00229529035278, -0.00176766642835, 0.00177713565063, -0.00552397454157, 0.0137140108272, -0.00556526845321, 0.00170406722464, -0.000633131305221, 0.00314192660153], [0.000106937222881, 0.0020734956488, -0.00166664109565, 0.00164777564351, -0.00253754085861, 0.000788057688624, -0.00202266057022, 0.00252178893425, -0.00556526845321, 0.0126301106066, -0.0050607570447, 0.000619144993834, -0.000445815006969], [-0.000552747165784, -0.00255366787314, 0.00315705384128, -0.0015832426725, 0.00214312714525, -0.00170518364757, 0.00156057544518, -0.00124027905986, 0.00170406722464, -0.0050607570447, 0.0116066662595, -0.00350554310717, 0.00202773907222], [0.000120755124954, 0.00167782208882, -0.00295759760775, 0.00118280074093, -0.00260750856251, 0.00171355728526, 0.000587699469179, -7.8921293607e-06, -0.000633131305221, 0.000619144993834, -0.00350554310717, 0.0116780921817, -0.00383361778222], [0.000494453706779, -0.0015770358732, 0.00202753092162, -0.000779952621087, 0.00130581518169, -0.00215838826261, 0.00187693687622, -0.00266848085448, 0.00314192660153, -0.000445815006969, 0.00202773907222, -0.00383361778222, 0.0114352647215]]
    },
    "melbands": {
        "max": [0.0160465836525, 0.0281693078578, 0.00820492114872, 0.00702072866261, 0.00941838510334, 0.00593281071633, 0.0152513934299, 0.00928540341556, 0.0112221585587, 0.0110582113266, 0.0066225505434, 0.00855209678411, 0.00685413461179, 0.00293935416266, 0.00515022780746, 0.00513493316248, 0.00155753991567, 0.00149006780703, 0.000610130024143, 0.00122742704116, 0.00118623825256, 0.000601187464781, 0.000582724576816, 0.000233027269132, 0.00089036708232, 0.00044945301488, 0.000116001843708, 0.000156405498274, 0.000111895096779, 1.96386590687e-05, 6.8927065513e-06, 1.83741940418e-05, 3.19202954415e-05, 3.00089959637e-05, 2.31944050029e-05, 3.51928865712e-05, 3.20341241604e-05, 5.65621157875e-05, 7.00067612343e-05, 5.21176043549e-05],
        "mean": [0.000968958018348, 0.000966638966929, 0.000372119189706, 0.000235000654357, 0.000513319857419, 0.000579290150199, 0.000745821918827, 0.000482951640151, 0.000532238278538, 0.000347787543433, 0.00023225460609, 0.000225500916713, 0.000127886174596, 7.86254458944e-05, 8.42501685838e-05, 0.000103052901977, 4.7020996135e-05, 3.16687510349e-05, 2.4433420549e-05, 1.29253603518e-05, 1.55838715727e-05, 1.16520659503e-05, 6.21837716608e-06, 5.95148230786e-06, 1.2207272448e-05, 7.60334523875e-06, 3.97946769226e-06, 3.62693049283e-06, 2.75021966445e-06, 9.3847933158e-07, 3.81048607778e-07, 6.65271898015e-07, 8.3141065943e-07, 6.50558718007e-07, 7.91803927314e-07, 1.15734019346e-06, 9.56903022598e-07, 1.0105848105e-06, 1.01076432202e-06, 8.05683214367e-07],
        "min": [5.51418608552e-08, 5.49297226371e-07, 6.67216511374e-07, 3.05978028337e-06, 3.88425087294e-06, 7.93980689195e-06, 2.53614007306e-06, 1.14704550924e-06, 6.8617322313e-07, 5.2184748256e-07, 6.86670318828e-07, 4.00066880957e-07, 6.20017374331e-07, 2.71763383353e-07, 2.51653460737e-07, 2.41826342062e-07, 1.43864482993e-07, 2.20752497171e-07, 1.34874838409e-07, 1.14165089826e-07, 8.61961595433e-08, 8.22117272037e-08, 2.77882321598e-08, 3.58913432308e-08, 4.05467730502e-08, 2.49997533786e-08, 2.52868677109e-08, 1.83557151701e-08, 1.12166071986e-08, 4.12460776644e-09, 2.51140663821e-09, 3.00866465075e-09, 3.92120602655e-09, 1.63171542944e-09, 2.90031043626e-09, 3.51795192977e-09, 3.77889364245e-09, 2.3617152678e-09, 1.92102200813e-09, 1.87985493838e-09],
        "stdev": [0.00164074008353, 0.00273530906998, 0.000859131570905, 0.000431204302004, 0.00101661926601, 0.000738821807317, 0.00174065981992, 0.00102998467628, 0.00144963222556, 0.000814592756797, 0.000558886560611, 0.000654536532238, 0.000409581931308, 0.000233021695749, 0.000338583777193, 0.000359807454515, 0.000145846061059, 9.45231731748e-05, 4.93358129461e-05, 5.11509933858e-05, 6.403234147e-05, 3.5054388718e-05, 2.2924019504e-05, 1.57885115186e-05, 5.30206489202e-05, 2.65781291091e-05, 9.5414579846e-06, 1.17092104119e-05, 7.00542068444e-06, 1.83936356279e-06, 7.22844674783e-07, 1.44056866702e-06, 2.02686919692e-06, 1.85447822787e-06, 1.87991827261e-06, 2.90673165182e-06, 2.78857396552e-06, 3.54262465407e-06, 4.43086219093e-06, 3.87264117307e-06]
    },
    "melbands128": {
        "max": [0.00420909421518, 0.016331423074, 0.0238719806075, 0.0365798324347, 0.037669017911, 0.0266909617931, 0.0129862818867, 0.00550786731765, 0.00873279757798, 0.0082248263061, 0.0115129491314, 0.00887870136648, 0.0173083432019, 0.0102545060217, 0.00853312574327, 0.0117826638743, 0.0186619795859, 0.0279271751642, 0.0270489640534, 0.0140654454008, 0.0140093546361, 0.0173518285155, 0.0215044040233, 0.019148234278, 0.00988621264696, 0.0234495960176, 0.0116646038368, 0.0102740805596, 0.0166387725621, 0.0160009730607, 0.0173365902156, 0.0194887984544, 0.00793043617159, 0.00646367669106, 0.00821833033115, 0.00226556742564, 0.0039242436178, 0.00783605221659, 0.0106744095683, 0.00945140607655, 0.00824076402932, 0.00513042230159, 0.00236109946854, 0.000974002294242, 0.0032612925861, 0.00197624019347, 0.00166370114312, 0.00137888407335, 0.00103425432462, 0.000860065571032, 0.00227623176761, 0.00288640731014, 0.00101122644264, 0.00335141993128, 0.00140979583375, 0.00109544896986, 0.000801689573564, 0.00150989403483, 0.000624327978585, 0.000462749361759, 0.000534513383172, 0.000504869327415, 0.000374664814444, 0.0022189617157, 0.00196711905301, 0.000243504051468, 0.000103187114291, 0.000372210924979, 0.000189892554772, 0.000126805723994, 0.000195281230845, 0.000314876931952, 0.000200627735467, 0.000140578762512, 6.11566792941e-05, 3.35106997227e-05, 2.2451613404e-05, 1.15952771012e-05, 6.61035983285e-06, 1.1046849977e-05, 1.74597989826e-05, 2.58886811935e-05, 2.35816096392e-05, 5.26880248799e-05, 3.23368949466e-05, 2.45718329097e-05, 3.78797667508e-05, 2.60523029283e-05, 1.87275054486e-05, 3.10793802782e-05, 3.6635370634e-05, 4.87525794597e-05, 4.08877749578e-05, 4.3507625378e-05, 3.6311794247e-05, 6.16943725618e-05, 5.5177250033e-05, 5.79851657676e-05, 6.197689072e-05, 0.000129117906909, 7.7574099123e-05, 6.49719077046e-05, 6.06819594395e-05, 5.00317473779e-05, 3.04566874547e-05, 6.44207102596e-06, 1.31182860059e-05, 1.53955625137e-05, 1.24044236145e-05, 1.43693105201e-05, 6.97787299941e-06, 4.65763378088e-06, 3.55590918844e-06, 4.78072570331e-06, 2.25909775509e-06, 1.98785846806e-06, 1.69454551724e-06, 1.06216498352e-06, 7.7959924738e-07, 5.42493467037e-07, 2.91490522386e-07, 3.19389840797e-07, 1.64254643664e-07, 1.60082915812e-08, 1.57429393965e-08, 1.55841366478e-08, 1.54465382707e-08, 1.53707997441e-08],
        "mean": [0.000155492976774, 0.000888850132469, 0.00130258023273, 0.00115195533726, 0.00106911885086, 0.000763645162806, 0.000397286872612, 0.000301562162349, 0.000251474586548, 0.000207499149838, 0.000231997211813, 0.00030605023494, 0.000673996459227, 0.000676505092997, 0.000541590154171, 0.000517207605299, 0.000627455825452, 0.000828333606478, 0.00089560681954, 0.000415526737925, 0.00034466033685, 0.000461269170046, 0.000717049755622, 0.000411755230743, 0.000212454688153, 0.000446998048574, 0.00031617746572, 0.000130228276248, 0.000269785377895, 0.00016104822862, 0.000268307543593, 0.00024175902945, 7.25490244804e-05, 8.04527153377e-05, 0.000124436730403, 4.7220972192e-05, 5.70674892515e-05, 0.000110869157652, 6.97761497577e-05, 0.000101890022052, 0.00011479161185, 0.000103898630186, 3.62006067007e-05, 1.92798761418e-05, 5.22678237758e-05, 2.41645193455e-05, 2.28723110922e-05, 3.70546586055e-05, 1.63308577612e-05, 1.18719244711e-05, 1.27404346131e-05, 1.4014167391e-05, 1.42812223203e-05, 1.82653548109e-05, 1.56090136443e-05, 1.110735775e-05, 7.88681882113e-06, 6.43128714728e-06, 5.26741132489e-06, 6.52667858958e-06, 5.628994586e-06, 5.76140064368e-06, 7.00118653185e-06, 1.70576822711e-05, 1.72168565769e-05, 5.16476438861e-06, 2.79226856037e-06, 5.77407081437e-06, 3.87647878597e-06, 2.48760306931e-06, 3.22432447319e-06, 4.93921334055e-06, 3.26712211063e-06, 2.71226849691e-06, 1.43608895087e-06, 1.03707884591e-06, 6.93769777627e-07, 4.91527941904e-07, 2.52303976822e-07, 3.24011580233e-07, 6.65957031742e-07, 7.35703849841e-07, 8.71989925599e-07, 9.52219181727e-07, 6.7655616931e-07, 6.47792319342e-07, 6.55880910472e-07, 6.2310255089e-07, 6.42978704946e-07, 1.01389764495e-06, 1.28337899241e-06, 1.19821231692e-06, 1.00943145753e-06, 8.95696416592e-07, 9.32247985475e-07, 1.04735147488e-06, 9.91259184957e-07, 1.02165415683e-06, 1.0518625686e-06, 1.02538319879e-06, 8.45738952648e-07, 8.00845839422e-07, 7.03740170138e-07, 5.374660077e-07, 3.0318494737e-07, 9.91944162365e-08, 2.35656315795e-07, 2.80994640889e-07, 2.14102485074e-07, 2.0266476497e-07, 1.86954409287e-07, 1.5583329116e-07, 1.298593304e-07, 1.14088649639e-07, 9.16616755831e-08, 5.59237278708e-08, 3.84243143969e-08, 1.57093023034e-08, 1.14367484372e-08, 5.87201443025e-09, 3.07670022792e-09, 2.5047166563e-09, 1.70518799081e-09, 8.54142243045e-11, 1.54146279074e-11, 1.49485684248e-11, 1.46533167544e-11, 1.45573102184e-11],
        "min": [1.05269937212e-09, 3.5900533657e-09, 1.81448278624e-08, 7.9275224607e-08, 4.60305891181e-08, 1.15883622698e-07, 1.18966838158e-07, 3.19979022834e-07, 6.20843650267e-07, 8.72868668012e-07, 1.36947605256e-07, 5.5026686141e-07, 1.27640555547e-06, 1.68307656168e-06, 1.37971858294e-06, 2.32196128991e-07, 8.37223069539e-07, 9.25356800963e-07, 7.75038188294e-07, 5.62719833397e-07, 6.09344894542e-08, 2.62339909796e-08, 5.66955975501e-08, 1.59015158374e-07, 1.00244086809e-07, 1.46767945353e-07, 3.0007896612e-08, 1.25518141658e-07, 1.56104192683e-07, 6.67973552027e-08, 2.93773524618e-07, 2.59721417706e-07, 1.19181471803e-07, 6.65942181399e-08, 1.69526011007e-08, 6.11878405721e-08, 7.46890975734e-08, 3.46993296318e-08, 1.42400136127e-08, 8.44582643822e-08, 7.58121103672e-08, 2.55292675888e-08, 3.17603827682e-08, 2.02202024013e-08, 3.29230118723e-08, 7.56668470103e-08, 4.67677381266e-08, 6.445947065e-08, 3.61893057743e-08, 5.05766735159e-08, 1.72376637408e-08, 3.87666609925e-08, 5.01226438132e-08, 1.61761501971e-08, 2.84900547598e-08, 3.81736988686e-08, 2.29358878556e-08, 1.40745832766e-08, 2.06034087569e-08, 2.54517260601e-08, 2.88741492938e-08, 1.40111726665e-08, 2.710676128e-08, 2.825789025e-08, 1.93062472675e-08, 2.01662757604e-08, 9.26079302133e-09, 1.17122658239e-08, 1.24915526811e-08, 1.52949422016e-08, 1.0085869917e-08, 1.08264943677e-08, 9.93418325379e-09, 8.90595686087e-09, 4.80022421812e-09, 3.62996144254e-09, 3.2435780728e-09, 2.41564768189e-09, 5.8066551567e-10, 4.47271303328e-10, 1.18922860448e-09, 2.47878917392e-09, 2.09952832897e-09, 2.3148889472e-09, 3.07698910795e-09, 1.10603148862e-09, 9.31423382866e-10, 1.43607581382e-09, 1.63134850073e-09, 1.38508982062e-09, 1.87593340861e-09, 2.32019825575e-09, 3.07445535697e-09, 2.30055752226e-09, 3.06094882774e-09, 1.68234948195e-09, 1.49520029691e-09, 8.58928650427e-10, 1.27026367203e-09, 9.9085439853e-10, 8.08697331323e-10, 1.08441933211e-09, 1.18342757816e-09, 1.09027931128e-09, 9.51095729951e-11, 6.9998229435e-11, 2.3028978724e-10, 4.63817817487e-10, 2.83761125708e-10, 9.04371369459e-11, 1.30462775999e-11, 1.84811042338e-12, 9.6503870433e-13, 6.58218542605e-13, 6.4646324318e-13, 4.99016138741e-13, 4.86900396304e-13, 3.57583754274e-13, 3.68882875634e-13, 3.97282819706e-13, 3.71204531956e-13, 3.54294068042e-13, 3.88462238722e-13, 4.10685645647e-13, 2.83385484133e-13, 9.77391046786e-14, 1.39899070179e-14, 5.18882748488e-16],
        "stdev": [0.0003600565542, 0.00155954633374, 0.00229780352674, 0.00279302871786, 0.00352903734893, 0.00275888759643, 0.00128534366377, 0.000481555704027, 0.000484498857986, 0.000563062494621, 0.000571048411075, 0.000847324321512, 0.0016699670814, 0.00132758438122, 0.000826065603178, 0.00102706765756, 0.00194137170911, 0.00260223890655, 0.00263449805789, 0.00115117873065, 0.00126920442563, 0.00165420107078, 0.00243678549305, 0.00146298354957, 0.000772691157181, 0.00147914490663, 0.00094807887217, 0.000505107687786, 0.0011627607746, 0.000688965723384, 0.000985105172731, 0.00120609940495, 0.000303961045574, 0.000356441247277, 0.00054765981622, 0.000161803429364, 0.000231456462643, 0.000505955948029, 0.000526487303432, 0.00059574766783, 0.000472524901852, 0.000460678274976, 0.000168595463037, 7.1787268098e-05, 0.000224449497182, 9.92752975435e-05, 8.5613814008e-05, 8.0619873188e-05, 5.71952186874e-05, 4.49043182016e-05, 7.35965077183e-05, 9.97766619548e-05, 5.67828137719e-05, 0.000147558253957, 7.92138307588e-05, 3.71805981558e-05, 3.35214463121e-05, 4.6833196393e-05, 2.2877151423e-05, 2.56099956459e-05, 2.37057083723e-05, 2.2551001166e-05, 2.07172161026e-05, 0.00011631117377, 9.99781477731e-05, 1.59969749802e-05, 7.0653363764e-06, 2.34712879319e-05, 1.10865876195e-05, 6.8350195761e-06, 1.3223834685e-05, 2.25460698857e-05, 1.21925804706e-05, 8.44488386065e-06, 3.74981209461e-06, 2.51895085057e-06, 1.5276857539e-06, 1.06188804239e-06, 5.26955943769e-07, 7.79674792284e-07, 1.45873468682e-06, 1.96916380446e-06, 2.19404728341e-06, 2.70219516096e-06, 1.99888540919e-06, 1.96924997908e-06, 2.12633267438e-06, 1.89577667697e-06, 1.63008633081e-06, 2.60098954641e-06, 3.64312040801e-06, 3.49910851583e-06, 3.05763660435e-06, 2.97422843687e-06, 2.80002154796e-06, 3.76369075639e-06, 3.55665792995e-06, 4.34748426414e-06, 4.37163271272e-06, 5.66456674278e-06, 4.38415236204e-06, 3.94771359424e-06, 3.79606990464e-06, 2.78602647086e-06, 1.59886451456e-06, 3.85191327723e-07, 7.93971707935e-07, 1.02084027276e-06, 7.17761849955e-07, 6.84220935909e-07, 4.94789844652e-07, 3.55383690476e-07, 2.87204613869e-07, 2.66047408104e-07, 2.13884632672e-07, 1.43880498626e-07, 1.2118134407e-07, 6.59372787482e-08, 5.25145615882e-08, 2.90904171862e-08, 1.47903218561e-08, 1.43046801071e-08, 1.04632427167e-08, 7.29719507042e-10, 4.20421725211e-10, 4.1619069302e-10, 4.12523126769e-10, 4.10502271064e-10]
    },
    "mfcc": {
        "mean": [-671.007995605, 137.91468811, 1.05048251152, 3.64374923706, 0.65709233284, -11.4512376785, -1.52990067005, -2.63973355293, -7.34226942062, 3.68909335136, -5.86488294601, -0.704654991627, 3.05308890343],
        "cov": [[2858.32958984, -634.704223633, -61.7292137146, -87.3276138306, 23.9276447296, 73.3173675537, 156.782104492, 173.648742676, 12.1905469894, 313.917999268, 269.348693848, 178.072509766, 71.1973190308], [-634.704223633, 1068.88110352, -132.459472656, -38.1665916443, 45.5934333801, 152.136825562, 142.011276245, 73.7650527954, 84.8616714478, 61.5941696167, 105.075614929, 5.37338685989, 23.7005329132], [-61.7292137146, -132.459472656, 510.821380615, 118.469032288, 94.2242507935, 130.110916138, -46.8047637939, 49.4327583313, 64.7677154541, -65.3381118774, 59.9736213684, 2.80333423615, -18.904706955], [-87.3276138306, -38.1665916443, 118.469032288, 308.792938232, 82.8355560303, 57.536026001, 18.4574108124, 59.9757804871, 51.9334373474, -9.6192111969, 41.6599845886, 29.3258419037, -7.8930516243], [23.9276447296, 45.5934333801, 94.2242507935, 82.8355560303, 157.412261963, 61.8504295349, 23.4333343506, 51.3860092163, 41.7294006348, -8.16938304901, 37.3698921204, 19.2591400146, 13.3211765289], [73.3173675537, 152.136825562, 130.110916138, 57.536026001, 61.8504295349, 319.829467773, 114.500648499, 75.5841751099, 69.9175109863, 64.5495300293, 110.107299805, 17.0356807709, 21.7730407715], [156.782104492, 142.011276245, -46.8047637939, 18.4574108124, 23.4333343506, 114.500648499, 216.283370972, 75.6518173218, 45.0581436157, 90.8743057251, 59.8445968628, 27.3342723846, 21.6789417267], [173.648742676, 73.7650527954, 49.4327583313, 59.9757804871, 51.3860092163, 75.5841751099, 75.6518173218, 182.568054199, 71.6703567505, 46.3259658813, 69.0748825073, 22.5502643585, 12.045665741], [12.1905469894, 84.8616714478, 64.7677154541, 51.9334373474, 41.7294006348, 69.9175109863, 45.0581436157, 71.6703567505, 175.648971558, 38.6895065308, 48.5862617493, -2.43125557899, 1.27857506275], [313.917999268, 61.5941696167, -65.3381118774, -9.6192111969, -8.16938304901, 64.5495300293, 90.8743057251, 46.3259658813, 38.6895065308, 191.558013916, 95.0441055298, 38.3244552612, 12.4842090607], [269.348693848, 105.075614929, 59.9736213684, 41.6599845886, 37.3698921204, 110.107299805, 59.8445968628, 69.0748825073, 48.5862617493, 95.0441055298, 241.997741699, 83.8294830322, 27.6223945618], [178.072509766, 5.37338685989, 2.80333423615, 29.3258419037, 19.2591400146, 17.0356807709, 27.3342723846, 22.5502643585, -2.43125557899, 38.3244552612, 83.8294830322, 114.471481323, 29.8336639404], [71.1973190308, 23.7005329132, -18.904706955, -7.8930516243, 13.3211765289, 21.7730407715, 21.6789417267, 12.045665741, 1.27857506275, 12.4842090607, 27.6223945618, 29.8336639404, 91.2060165405]],
        "icov": [[0.000716623326298, 0.000641126127448, 0.000200686554308, 0.000489643716719, -0.000327544898028, -4.30059262726e-05, -0.000190894847037, -0.000568729243241, 9.53169874265e-05, -0.000738571980037, -0.000506680458784, -0.00041647136095, -7.40082832635e-05], [0.000641126127448, 0.0017888447037, 0.000771282997448, 0.000719437375665, -0.000657628639601, -0.000520513975061, -0.000545437331311, -0.000580143590923, -0.000346480839653, -0.000204129741178, -0.000996525399387, -7.19376257621e-05, 4.15176546085e-05], [0.000200686554308, 0.000771282997448, 0.0034013306722, -0.000189049809705, -0.00110314367339, -0.00160808279179, 0.00106823712122, -0.000526740215719, -0.000750863109715, 0.00130127894226, -0.00102707219776, -2.94365381706e-05, 0.000845322676469], [0.000489643716719, 0.000719437375665, -0.000189049809705, 0.00457269046456, -0.00176454184111, -0.000251737626968, -0.000286157533992, -0.00101584591903, -0.000582974636927, 4.19987554778e-05, -0.000388376764022, -0.0013259598054, 0.000861131469719], [-0.000327544898028, -0.000657628639601, -0.00110314367339, -0.00176454184111, 0.00899377185851, -0.000428376661148, -0.000160676398082, -0.000856136437505, -0.000664681487251, 0.00128022721037, 0.000273657264188, -0.000586731650401, -0.00107172515709], [-4.30059262726e-05, -0.000520513975061, -0.00160808279179, -0.000251737626968, -0.000428376661148, 0.0055575161241, -0.00230669882149, 0.000148522929521, -0.000118882249808, -0.000708228442818, -0.00129124079831, 0.00137146702036, -0.000880685460288], [-0.000190894847037, -0.000545437331311, 0.00106823712122, -0.000286157533992, -0.000160676398082, -0.00230669882149, 0.0079869478941, -0.00174523948226, -0.000249255244853, -0.00201692036353, 0.00098531472031, -0.000778355286457, -0.000370639609173], [-0.000568729243241, -0.000580143590923, -0.000526740215719, -0.00101584591903, -0.000856136437505, 0.000148522929521, -0.00174523948226, 0.00852280203253, -0.00195345608518, 0.0001602187549, -0.00052938045701, 0.000385276769521, -0.000183817290235], [9.53169874265e-05, -0.000346480839653, -0.000750863109715, -0.000582974636927, -0.000664681487251, -0.000118882249808, -0.000249255244853, -0.00195345608518, 0.00782740116119, -0.001394408755, -0.000464201206341, 0.00159506802447, -4.77819266962e-05], [-0.000738571980037, -0.000204129741178, 0.00130127894226, 4.19987554778e-05, 0.00128022721037, -0.000708228442818, -0.00201692036353, 0.0001602187549, -0.001394408755, 0.00959213729948, -0.00231910566799, -0.000309148221277, 0.000853342062328], [-0.000506680458784, -0.000996525399387, -0.00102707219776, -0.000388376764022, 0.000273657264188, -0.00129124079831, 0.00098531472031, -0.00052938045701, -0.000464201206341, -0.00231910566799, 0.00845592468977, -0.00437445472926, -0.000294122000923], [-0.00041647136095, -7.19376257621e-05, -2.94365381706e-05, -0.0013259598054, -0.000586731650401, 0.00137146702036, -0.000778355286457, 0.000385276769521, 0.00159506802447, -0.000309148221277, -0.00437445472926, 0.0138752069324, -0.00307844905183], [-7.40082832635e-05, 4.15176546085e-05, 0.000845322676469, 0.000861131469719, -0.00107172515709, -0.000880685460288, -0.000370639609173, -0.000183817290235, -4.77819266962e-05, 0.000853342062328, -0.000294122000923, -0.00307844905183, 0.0127199655399]]
    },
    "spectral_contrast_coeffs": {
        "max": [-0.335979640484, -0.440656363964, -0.425308436155, -0.494369626045, -0.513389229774, -0.693241894245],
        "mean": [-0.703357696533, -0.686706781387, -0.72943842411, -0.776204705238, -0.788281083107, -0.813391625881],
        "min": [-0.941869080067, -0.891867995262, -0.904085457325, -0.905450105667, -0.881649255753, -0.898782968521],
        "stdev": [0.0920147374272, 0.0844281241298, 0.0830252841115, 0.065406948328, 0.0542671531439, 0.0302587114275]
    },
    "spectral_contrast_valleys": {
        "max": [-5.34996366501, -5.13481521606, -5.90371227264, -6.56882095337, -6.38827514648, -7.73162794113],
        "mean": [-7.07411813736, -6.79112148285, -7.44122982025, -7.93619918823, -8.08599853516, -10.4991483688],
        "min": [-9.55176830292, -9.00660991669, -9.4280872345, -9.23401260376, -9.71760559082, -12.3494777679],
        "stdev": [0.855486631393, 0.531245529652, 0.561411440372, 0.488242149353, 0.519495248795, 0.7683852911]
    }
},
"rhythm": {
    "beats_count": 54,
    "beats_loudness": {
        "max": 0.0643005296588,
        "mean": 0.0282663926482,
        "min": 0.00271728471853,
        "stdev": 0.0167550798506
    },
    "bpm": 101.195854187,
    "bpm_histogram_first_peak_bpm": 101,
    "bpm_histogram_first_peak_weight": 0.283018887043,
    "bpm_histogram_second_peak_bpm": 0,
    "bpm_histogram_second_peak_spread": 0,
    "bpm_histogram_second_peak_weight": 0,
    "danceability": 0.956360161304,
    "onset_rate": 3.13769507408,
    "beats_loudness_band_ratio": {
        "max": [0.896546125412, 0.787495434284, 0.785816907883, 0.738750100136, 0.269100189209, 0.358881473541],
        "mean": [0.271285682917, 0.242441385984, 0.325307309628, 0.122781261802, 0.0482225827873, 0.0300424192101],
        "min": [0.00478245830163, 0.0169851724058, 0.0391511656344, 0.00685822125524, 0.00456811161712, 0.0018233039882],
        "stdev": [0.250479310751, 0.210847213864, 0.230911031365, 0.127841949463, 0.0543296597898, 0.0533292293549]
    },
    "beats_position": [0.615328788757, 1.23065757751, 1.82276642323, 2.41487526894, 3.00698399544, 3.59909296036, 4.19120168686, 4.78331041336, 5.3754196167, 5.9675283432, 6.5596370697, 7.1517457962, 7.74385452271, 8.33596324921, 8.92807197571, 9.52018165588, 10.1122903824, 10.7043991089, 11.2965078354, 11.900226593, 12.4923353195, 13.084444046, 13.6765527725, 14.268661499, 14.8491611481, 15.4528799057, 16.0565986633, 16.6487064362, 17.2524261475, 17.8445339203, 18.4366436005, 19.0171432495, 19.6092510223, 20.2013607025, 20.8050785065, 21.4087982178, 22.0009059906, 22.6046257019, 23.1851234436, 23.7772331238, 24.3577327728, 24.9382305145, 25.5303401947, 26.1224479675, 26.7145576477, 27.3066654205, 27.8987751007, 28.4908847809, 29.0713825226, 29.6634922028, 30.2555999756, 30.8593196869, 31.4514274597, 32.0435371399],
