{
"metadata": {
    "version": {
        "essentia": "2.1-beta5",
        "essentia_git_sha": "Undefined",
        "extractor": "music 2.0"
    },
    "audio_properties": {
        "analysis": {
            "equal_loudness": 0,
            "length": 29.106212616,
            "sample_rate": 44100,
            "start_time": 175.240997314,
            "downmix": "mix"
        },
        "bit_rate": 192000,
        "length": 204.370437622,
        "lossless": 0,
        "number_channels": 2,
        "replay_gain": -1.60871124268,
        "sample_rate": 48000,
        "codec": "mp3",
        "md5_encoded": "b5d933e0d6220fb110b4f37c4b294b78"
    },
    "tags": {
        "file_name": "Spain_Contigo Hasta El Final (With You Until The End)_ESDM.mp3",
        "encoding": ["Lavf58.29.100"]
    }
},
"lowlevel": {
    "average_loudness": 0.888698279858,
    "barkbands_crest": {
        "max": 22.0738983154,
        "mean": 8.43277072906,
        "min": 2.53965377808,
        "stdev": 3.67062211037
    },
    "barkbands_flatness_db": {
        "max": 0.281639397144,
        "mean": 0.129919305444,
        "min": 0.0388575643301,
        "stdev": 0.0530506744981
    },
    "barkbands_kurtosis": {
        "max": 37.915473938,
        "mean": 0.646052360535,
        "min": -1.69677305222,
        "stdev": 3.42218160629
    },
    "barkbands_skewness": {
        "max": 5.71673202515,
        "mean": 0.731510102749,
        "min": -0.895174860954,
        "stdev": 0.901798963547
    },
    "barkbands_spread": {
        "max": 80.3901519775,
        "mean": 27.9507369995,
        "min": 4.91800928116,
        "stdev": 14.1195335388
    },
    "dissonance": {
        "max": 0.500000298023,
        "mean": 0.483283162117,
        "min": 0.296124994755,
        "stdev": 0.0156427379698
    },
    "dynamic_complexity": 2.71349692345,
    "erbbands_crest": {
        "max": 24.7066879272,
        "mean": 7.9519071579,
        "min": 2.76809382439,
        "stdev": 3.10457921028
    },
    "erbbands_flatness_db": {
        "max": 0.352425277233,
        "mean": 0.187248855829,
        "min": 0.0763970240951,
        "stdev": 0.0662091821432
    },
    "erbbands_kurtosis": {
        "max": 12.9644804001,
        "mean": 0.68918544054,
        "min": -1.43389248848,
        "stdev": 1.09047889709
    },
    "erbbands_skewness": {
        "max": 2.83549547195,
        "mean": 0.0600829422474,
        "min": -1.98413085938,
        "stdev": 0.686104297638
    },
    "erbbands_spread": {
        "max": 97.1497573853,
        "mean": 25.4046821594,
        "min": 6.67120552063,
        "stdev": 11.0158100128
    },
    "hfc": {
        "max": 92.5814285278,
        "mean": 29.9854488373,
        "min": 0.00780376885086,
        "stdev": 18.948343277
    },
    "loudness_ebu128": {
        "integrated": -20.8132400513,
        "loudness_range": 6.86820793152,
        "momentary": {
            "max": -18.26471138,
            "mean": -21.766040802,
            "min": -36.8204498291,
            "stdev": 3.28176569939
        },
        "short_term": {
            "max": -18.733247757,
            "mean": -21.3388977051,
            "min": -27.7457714081,
            "stdev": 2.46927261353
        }
    },
    "melbands_crest": {
        "max": 30.4181518555,
        "mean": 13.223651886,
        "min": 3.60426044464,
        "stdev": 5.47017669678
    },
    "melbands_flatness_db": {
        "max": 0.337077319622,
        "mean": 0.147173091769,
        "min": 0.052469138056,
        "stdev": 0.0451264083385
    },
    "melbands_kurtosis": {
        "max": 130.75743103,
        "mean": 4.93782377243,
        "min": -1.37488770485,
        "stdev": 10.6023254395
    },
    "melbands_skewness": {
        "max": 10.4826536179,
        "mean": 1.6855764389,
        "min": -0.566071212292,
        "stdev": 1.32546877861
    },
    "melbands_spread": {
        "max": 89.2740631104,
        "mean": 36.7153549194,
        "min": 2.85770320892,
        "stdev": 18.987537384
    },
    "pitch_salience": {
        "max": 0.83623200655,
        "mean": 0.578663468361,
        "min": 0.0945593491197,
        "stdev": 0.13119803369
    },
    "silence_rate_20dB": {
        "max": 1,
        "mean": 1,
        "min": 1,
        "stdev": 0
    },
    "silence_rate_30dB": {
        "max": 1,
        "mean": 1,
        "min": 1,
        "stdev": 0
    },
    "silence_rate_60dB": {
        "max": 1,
        "mean": 0.0669322684407,
        "min": 0,
        "stdev": 0.249904483557
    },
    "spectral_centroid": {
        "max": 3331.73364258,
        "mean": 2045.8190918,
        "min": 596.15612793,
        "stdev": 403.362487793
    },
    "spectral_complexity": {
        "max": 58,
        "mean": 28.4055786133,
        "min": 0,
        "stdev": 11.6817865372
    },
    "spectral_decrease": {
        "max": -1.26012514225e-12,
        "mean": -6.39192654361e-09,
        "min": -4.62518556787e-08,
        "stdev": 5.38734168387e-09
    },
    "spectral_energy": {
        "max": 0.177989706397,
        "mean": 0.0268443990499,
        "min": 5.46383898836e-06,
        "stdev": 0.0215347688645
    },
    "spectral_energyband_high": {
        "max": 0.00897855870426,
        "mean": 0.00110383564606,
        "min": 3.41384918556e-07,
        "stdev": 0.00103957823012
    },
    "spectral_energyband_low": {
        "max": 0.170095428824,
        "mean": 0.00996841024607,
        "min": 4.61467664081e-09,
        "stdev": 0.0167160052806
    },
    "spectral_energyband_middle_high": {
        "max": 0.0489422343671,
        "mean": 0.0116000482813,
        "min": 2.81926349999e-06,
        "stdev": 0.00792235136032
    },
    "spectral_energyband_middle_low": {
        "max": 0.0374714769423,
        "mean": 0.00531306117773,
        "min": 2.115475354e-06,
        "stdev": 0.00507273012772
    },
    "spectral_entropy": {
        "max": 8.49681568146,
        "mean": 7.83680820465,
        "min": 6.84226799011,
        "stdev": 0.213169053197
    },
    "spectral_flux": {
        "max": 0.377759426832,
        "mean": 0.0928127989173,
        "min": 0.0109797706828,
        "stdev": 0.0484995320439
    },
    "spectral_kurtosis": {
        "max": 12.8275909424,
        "mean": 4.34640407562,
        "min": -0.00206518173218,
        "stdev": 1.39112842083
    },
    "spectral_rms": {
        "max": 0.0131775755435,
        "mean": 0.00472619943321,
        "min": 7.30107858544e-05,
        "stdev": 0.00196281028911
    },
    "spectral_rolloff": {
        "max": 9625.34179688,
        "mean": 2197.828125,
        "min": 107.666015625,
        "stdev": 900.753112793
    },
    "spectral_skewness": {
        "max": 2.78385281563,
        "mean": 1.5123385191,
        "min": 0.712198078632,
        "stdev": 0.194370061159
    },
    "spectral_spread": {
        "max": 10955089,
        "mean": 4019648.75,
        "min": 2531529,
        "stdev": 892044.6875
    },
    "spectral_strongpeak": {
        "max": 8.26988220215,
        "mean": 1.1254196167,
        "min": 0,
        "stdev": 1.37163853645
    },
    "zerocrossingrate": {
        "max": 0.22314453125,
        "mean": 0.079361461103,
        "min": 0.01025390625,
        "stdev": 0.0227479692549
    },
    "barkbands": {
        "max": [0.00484909350052, 0.102555051446, 0.0766126513481, 0.0186728369445, 0.0186827871948, 0.00725699495524, 0.024862004444, 0.0161055866629, 0.0159053243697, 0.0398438982666, 0.0173946432769, 0.0137149114162, 0.00907530169934, 0.0169821772724, 0.00686632562429, 0.00904750172049, 0.00941849499941, 0.00701219169423, 0.00528213800862, 0.0031071153935, 0.0019051124109, 0.00323326303624, 0.00501961354166, 0.00165104237385, 0.00149168679491, 0.000931740563828, 5.84819099458e-06],
        "mean": [0.000338425685186, 0.00628577591851, 0.00279526715167, 0.000893702614121, 0.000841586152092, 0.000369130197214, 0.000578962208237, 0.000427075225161, 0.00121681764722, 0.00233806972392, 0.00141807890031, 0.0010610751342, 0.000847350922413, 0.00162713846657, 0.000772081199102, 0.00122950272635, 0.000836788211018, 0.000873360899277, 0.000775494845584, 0.00049927335931, 0.000277665327303, 0.000148306382471, 0.000110269851575, 0.000128781510284, 0.000101849458588, 5.25388240931e-05, 2.36182309266e-08],
        "min": [4.4977264968e-11, 4.93675433866e-10, 5.26070631501e-10, 2.42885072055e-08, 5.64375142176e-08, 3.59398306671e-08, 6.63785826305e-08, 3.85129581559e-08, 1.28777560349e-06, 8.98022506135e-07, 2.36620181226e-07, 1.74881535031e-07, 1.524932145e-07, 4.0109677002e-07, 5.41247004548e-07, 3.75705695888e-07, 4.38805756175e-08, 2.35334624676e-07, 5.14624609593e-08, 1.04429830117e-07, 7.78786670708e-08, 1.11627578292e-07, 2.56518397634e-08, 2.84483725466e-08, 9.13906728073e-09, 1.30650545938e-10, 1.12329777424e-10],
        "stdev": [0.000612441042904, 0.0101113663986, 0.00708027509972, 0.00158067117445, 0.00144311436452, 0.000684573315084, 0.00141927064396, 0.000852397584822, 0.00171959365252, 0.00364409084432, 0.00216617179103, 0.00151080649812, 0.00123753363732, 0.00192917906679, 0.000922013714444, 0.00125557172578, 0.000989458174445, 0.000957851938438, 0.00077602872625, 0.000486739125336, 0.000249517965131, 0.000198109017219, 0.000210241560126, 0.00016815152776, 0.000155009285663, 7.98436740297e-05, 1.77742478513e-07]
    },
    "erbbands": {
        "max": [1.74896395206, 27.0967445374, 86.8690872192, 66.8880996704, 76.8992614746, 67.5282363892, 41.3127479553, 65.1672744751, 189.420547485, 423.187957764, 258.360229492, 452.577392578, 1403.06567383, 1040.35449219, 700.295532227, 538.397094727, 468.404968262, 559.898681641, 831.391662598, 511.487182617, 494.88583374, 505.700805664, 455.561737061, 335.446533203, 181.868560791, 143.65977478, 99.6482162476, 99.2355117798, 122.388801575, 154.112686157, 77.4310073853, 53.964012146, 29.8153152466, 21.9012241364, 10.1625022888, 6.34065961838, 1.12901628017, 0.0265287030488, 0.000974934489932, 0.000211324091651],
        "mean": [0.197493910789, 1.33023643494, 3.35012459755, 3.20722532272, 2.95616698265, 2.52803373337, 2.70914506912, 3.03166389465, 7.14105081558, 8.88891506195, 13.2091598511, 26.5885391235, 71.7342300415, 51.6774864197, 55.4522209167, 44.7077484131, 39.6318054199, 58.4761772156, 66.8672485352, 58.3278884888, 59.5399093628, 47.9289016724, 47.9243545532, 49.8205604553, 28.1728115082, 22.3151836395, 16.2342777252, 8.3301897049, 5.70309877396, 4.00139188766, 2.95600342751, 2.63998317719, 2.16739392281, 1.37202775478, 0.598168671131, 0.363977760077, 0.0610462985933, 0.00162560062017, 7.36532965675e-05, 3.92450456275e-05],
        "min": [6.09690928854e-08, 6.26834946615e-07, 2.69807787845e-06, 5.0174901844e-05, 0.000213604973396, 0.000163827673532, 0.000267943716608, 0.000297413003864, 0.000702207849827, 0.0013017837191, 0.00183768267743, 0.0252304896712, 0.045718472451, 0.012721426785, 0.00892935506999, 0.00702157476917, 0.0064812945202, 0.0224965270609, 0.0216312855482, 0.0257545225322, 0.014724583365, 0.00384829426184, 0.0123945679516, 0.00514272041619, 0.00257547735237, 0.00495524890721, 0.00552660319954, 0.00245202006772, 0.00314780231565, 0.00212793052197, 0.00085735169705, 0.000904628832359, 0.000231738828006, 0.000112999448902, 6.05332352279e-05, 2.30565183301e-05, 1.61372054208e-06, 1.45881784874e-07, 2.66946695859e-08, 9.00899976841e-09],
        "stdev": [0.298799365759, 2.47817492485, 8.13667297363, 6.30101108551, 5.37668848038, 4.4286441803, 4.47124576569, 6.10584163666, 14.6680898666, 24.376455307, 19.5115871429, 38.3575973511, 126.267372131, 68.3072052002, 87.4400939941, 60.6030654907, 52.2850036621, 58.0401496887, 84.1258468628, 56.3966140747, 59.8691673279, 54.9971313477, 52.8157577515, 49.9768218994, 24.6019649506, 20.9023857117, 14.8149709702, 8.29992580414, 7.51825284958, 7.39761924744, 4.4543671608, 3.67392373085, 2.93195915222, 2.10225319862, 0.929698705673, 0.5576415658, 0.0912258028984, 0.00236366409808, 8.92111929716e-05, 2.98496070172e-05]
    },
    "gfcc": {
        "mean": [6.42483663559, 52.7168464661, -170.571334839, 25.9662723541, -59.3752670288, 29.1704711914, -35.3940315247, 22.6536407471, -26.0011882782, 1.94280683994, -19.2097492218, -6.4668431282, -5.72684144974],
        "cov": [[5953.28173828, 1001.46453857, 2911.25561523, 1685.67004395, 1499.95849609, 232.579421997, -70.6282577515, 425.616912842, -474.107543945, 534.883300781, -6.9232301712, 678.249023438, -276.81842041], [1001.46453857, 901.286804199, 1146.4239502, 774.477844238, 729.744506836, 224.238891602, 135.746673584, 164.233596802, -25.2484130859, 156.12487793, 97.3509140015, 209.789474487, 15.2203483582], [2911.25561523, 1146.4239502, 2745.11401367, 1573.22680664, 1399.37438965, 422.540283203, 42.8638839722, 336.106842041, -195.794647217, 437.920166016, -11.9956264496, 525.114196777, -176.37890625], [1685.67004395, 774.477844238, 1573.22680664, 1066.2980957, 900.642944336, 266.721038818, 50.2442626953, 206.369796753, -85.1156845093, 246.754806519, 52.9154472351, 313.445526123, -55.289150238], [1499.95849609, 729.744506836, 1399.37438965, 900.642944336, 898.14074707, 301.190643311, 98.7492294312, 203.431900024, -90.0685195923, 230.412628174, 51.3939170837, 281.17980957, -49.4268074036], [232.579421997, 224.238891602, 422.540283203, 266.721038818, 301.190643311, 231.918762207, 113.352798462, 59.4556999207, -3.18818950653, 70.445274353, 26.8094158173, 62.2618789673, -11.7874422073], [-70.6282577515, 135.746673584, 42.8638839722, 50.2442626953, 98.7492294312, 113.352798462, 154.765335083, 50.3329696655, 28.0046291351, 0.110175468028, 20.0181312561, -9.43653964996, 13.5647878647], [425.616912842, 164.233596802, 336.106842041, 206.369796753, 203.431900024, 59.4556999207, 50.3329696655, 130.932403564, 11.5210943222, 65.6783065796, 22.7519741058, 71.5271911621, -4.98578166962], [-474.107543945, -25.2484130859, -195.794647217, -85.1156845093, -90.0685195923, -3.18818950653, 28.0046291351, 11.5210943222, 118.801223755, -14.1311817169, 29.2525920868, -48.6659049988, 37.1422157288], [534.883300781, 156.12487793, 437.920166016, 246.754806519, 230.412628174, 70.445274353, 0.110175468028, 65.6783065796, -14.1311817169, 131.770599365, 27.9756278992, 99.3102416992, -33.2460174561], [-6.9232301712, 97.3509140015, -11.9956264496, 52.9154472351, 51.3939170837, 26.8094158173, 20.0181312561, 22.7519741058, 29.2525920868, 27.9756278992, 115.692718506, 29.1821117401, 51.3367156982], [678.249023438, 209.789474487, 525.114196777, 313.445526123, 281.17980957, 62.2618789673, -9.43653964996, 71.5271911621, -48.6659049988, 99.3102416992, 29.1821117401, 167.224151611, -9.38539600372], [-276.81842041, 15.2203483582, -176.37890625, -55.289150238, -49.4268074036, -11.7874422073, 13.5647878647, -4.98578166962, 37.1422157288, -33.2460174561, 51.3367156982, -9.38539600372, 89.1905059814]],
        "icov": [[0.000702019373421, 7.89939149399e-05, 5.57058338018e-05, -0.000589699484408, -1.59955307026e-05, 0.000699207535945, -0.000133408422698, -0.00123663025443, 0.00214873347431, -0.000947486667428, -0.00016164733097, -0.00047027922119, 0.000740236544516], [7.89939149399e-05, 0.00861118268222, -0.0051616881974, 0.000886887079105, -0.00591461127624, 0.00816199928522, -0.00845084991306, 0.0060490258038, -0.003245589789, 0.00462301261723, -0.00686450116336, 0.0045507941395, -0.00395285291597], [5.57058338018e-05, -0.0051616881974, 0.00887312181294, -0.00551448902115, 0.00255983043462, -0.00705334357917, 0.00688979867846, -0.00618910649791, 0.00357193918899, -0.00621658097953, 0.0082775959745, -0.00634964369237, 0.00503759318963], [-0.000589699484408, 0.000886887079105, -0.00551448902115, 0.0121305519715, -0.00712722912431, 0.00280188536271, -0.0004015378654, 0.00375119620003, -0.00531494803727, 0.00484110414982, -0.00433739973232, 0.00139388896059, -0.00201460090466], [-1.59955307026e-05, -0.00591461127624, 0.00255983043462, -0.00712722912431, 0.0169105809182, -0.0103627275676, 0.00389177165926, -0.00728747807443, 0.00644366489723, -0.0054897214286, 0.00447609880939, -0.00402987934649, 0.000876144797076], [0.000699207535945, 0.00816199928522, -0.00705334357917, 0.00280188536271, -0.0103627275676, 0.0227497275919, -0.0168854892254, 0.0105222389102, -0.00347797409631, 0.00239427760243, -0.00854250881821, 0.00620450684801, -0.00310337892734], [-0.000133408422698, -0.00845084991306, 0.00688979867846, -0.0004015378654, 0.00389177165926, -0.0168854892254, 0.0242599081248, -0.0130101060495, 0.00252546020783, -0.00102811853867, 0.00698656588793, -0.00270218122751, 0.00417167786509], [-0.00123663025443, 0.0060490258038, -0.00618910649791, 0.00375119620003, -0.00728747807443, 0.0105222389102, -0.0130101060495, 0.0244310814887, -0.0115324603394, 0.00350277568214, -0.00585633749142, 0.00232295366004, -0.00436431355774], [0.00214873347431, -0.003245589789, 0.00357193918899, -0.00531494803727, 0.00644366489723, -0.00347797409631, 0.00252546020783, -0.0115324603394, 0.0232671368867, -0.0104353968054, 0.00223398418166, 0.00212875613943, -0.00156668142881], [-0.000947486667428, 0.00462301261723, -0.00621658097953, 0.00484110414982, -0.0054897214286, 0.00239427760243, -0.00102811853867, 0.00350277568214, -0.0104353968054, 0.0291940588504, -0.012078053318, -0.00262841209769, 0.00650734407827], [-0.00016164733097, -0.00686450116336, 0.0082775959745, -0.00433739973232, 0.00447609880939, -0.00854250881821, 0.00698656588793, -0.00585633749142, 0.00223398418166, -0.012078053318, 0.023621333763, -0.00664535723627, -0.0054158535786], [-0.00047027922119, 0.0045507941395, -0.00634964369237, 0.00139388896059, -0.00402987934649, 0.00620450684801, -0.00270218122751, 0.00232295366004, 0.00212875613943, -0.00262841209769, -0.00664535723627, 0.025594972074, -0.0101492488757], [0.000740236544516, -0.00395285291597, 0.00503759318963, -0.00201460090466, 0.000876144797076, -0.00310337892734, 0.00417167786509, -0.00436431355774, -0.00156668142881, 0.00650734407827, -0.0054158535786, -0.0101492488757, 0.0272215288132]]
    },
    "melbands": {
        "max": [0.0224286094308, 0.0387650728226, 0.00975641980767, 0.00454747956246, 0.00131789396983, 0.00145508453716, 0.0034054138232, 0.00379742356017, 0.00234210910276, 0.00268336944282, 0.00721903843805, 0.0041274195537, 0.00286242854781, 0.00149481161498, 0.00256328028627, 0.000945355917793, 0.00126744585577, 0.00181011587847, 0.000664000515826, 0.000751480227336, 0.000669498404022, 0.000575567653868, 0.000561452587135, 0.000495152664371, 0.000331460178131, 0.000167808437254, 0.000138574905577, 0.000105761886516, 9.31209724513e-05, 5.44328941032e-05, 6.49753128528e-05, 8.3289531176e-05, 4.46059748356e-05, 0.000139818119351, 5.55224360141e-05, 3.15985016641e-05, 3.0383343983e-05, 2.78455809166e-05, 1.92651714315e-05, 1.83742340596e-05],
        "mean": [0.00172915367875, 0.00171566556673, 0.00054545205785, 0.000201714588911, 9.36740398174e-05, 7.29002495063e-05, 0.000110120468889, 9.34351337492e-05, 0.000124823549413, 0.000172425890923, 0.000367700704373, 0.000214203653741, 0.000180666989763, 0.000110380271508, 0.000145051963045, 6.76630879752e-05, 0.00011862066458, 0.000126359023852, 6.29856731393e-05, 9.61459663813e-05, 6.04283777648e-05, 4.98584595334e-05, 4.05179998779e-05, 4.52282329206e-05, 4.09051463066e-05, 2.43850008701e-05, 1.6105503164e-05, 1.49702300405e-05, 1.18384614325e-05, 6.5434287535e-06, 4.17363253291e-06, 3.36831249115e-06, 2.46607373811e-06, 2.17137312575e-06, 1.7029318542e-06, 1.63745153259e-06, 1.56639202942e-06, 1.50283472067e-06, 1.52732752667e-06, 1.00681791082e-06],
        "min": [2.56281496025e-10, 1.0024784336e-09, 2.41392399403e-08, 1.26619141838e-08, 9.02751029486e-09, 6.86729295651e-09, 1.16048415322e-08, 1.3473503202e-08, 1.87235436044e-08, 1.91432434349e-07, 2.27366712124e-07, 4.96622760693e-08, 3.16071009365e-08, 2.2709683023e-08, 9.74650671282e-09, 2.0901866904e-08, 4.42338077278e-08, 2.79382632584e-08, 4.63782079407e-08, 3.28128493265e-08, 1.18694414297e-08, 2.06167549699e-09, 1.07269659821e-08, 9.2701037957e-09, 3.6712435314e-09, 1.99022331948e-09, 1.4449983432e-09, 3.88880305735e-09, 3.94812138538e-09, 1.9722985467e-09, 1.50645385055e-09, 1.90170235115e-09, 2.22823137719e-09, 5.94793936326e-10, 4.71179761874e-10, 4.36706004692e-10, 6.24188034593e-10, 1.67927394212e-10, 9.77218167497e-11, 9.19296999635e-11],
        "stdev": [0.00260206754319, 0.00373005727306, 0.000990978442132, 0.000359676108928, 0.000147656741319, 0.000136874863529, 0.000241563044256, 0.000246142997639, 0.000184535907465, 0.000254158134339, 0.000638908124529, 0.000281133485259, 0.000277751329122, 0.000152540087583, 0.000276496080915, 9.59991448326e-05, 0.000123745092424, 0.000181431620149, 8.16124811536e-05, 0.000101184828964, 6.78176875226e-05, 6.09849521425e-05, 5.01523209095e-05, 5.52780584258e-05, 4.58029426227e-05, 2.30427540373e-05, 1.59276878549e-05, 1.52011289174e-05, 1.20772028822e-05, 6.256800134e-06, 4.60826049675e-06, 4.6307991397e-06, 3.50620553036e-06, 5.3267626754e-06, 2.80075983028e-06, 2.32518391385e-06, 2.17123988477e-06, 2.1209350507e-06, 2.20284869101e-06, 1.61765353823e-06]
    },
    "melbands128": {
        "max": [0.00460718851537, 0.0138558838516, 0.0300916321576, 0.0506581924856, 0.0493718720973, 0.0335297472775, 0.0160022173077, 0.00824434310198, 0.00976085942239, 0.00583710893989, 0.00451951241121, 0.00220208056271, 0.001752973767, 0.00232799304649, 0.0018770347815, 0.00148474937305, 0.00276402779855, 0.00528358388692, 0.00872842781246, 0.00575453974307, 0.00558950100094, 0.003936518915, 0.00393349444494, 0.00297997146845, 0.00459333276376, 0.00283352402039, 0.00302798021585, 0.0139522682875, 0.00639151223004, 0.00381561461836, 0.00738974381238, 0.00486050872132, 0.00589892733842, 0.0048454888165, 0.00380594516173, 0.00195521838032, 0.00230607949197, 0.00563263613731, 0.00211752345785, 0.00216102367267, 0.00189575273544, 0.00201828521676, 0.00176645943429, 0.00230584735982, 0.00357636995614, 0.00262604001909, 0.000557360239327, 0.00123217806686, 0.00120946182869, 0.00128287496045, 0.00151023222134, 0.00159091327805, 0.00141847587656, 0.000890150957275, 0.00103483127896, 0.00104461133014, 0.00107266544364, 0.000946228625253, 0.00110704288818, 0.00104269909207, 0.00105417065788, 0.000677572505083, 0.000648589397315, 0.000733354478143, 0.000660510850139, 0.00023881852394, 0.000190825492609, 0.00022692552011, 0.000142732300446, 0.000195627580979, 0.000148952749441, 0.00020949471218, 0.000236600331846, 0.00014366034884, 8.61992011778e-05, 6.08751361142e-05, 7.24839192117e-05, 7.17137008905e-05, 5.0177994126e-05, 8.64554021973e-05, 0.000120121265354, 6.77946372889e-05, 7.81381604611e-05, 3.68067521777e-05, 7.44201242924e-05, 5.62878340133e-05, 0.000351190479705, 0.000104653154267, 3.25779219565e-05, 2.21842892643e-05, 4.5120359573e-05, 3.63738763554e-05, 9.19290832826e-05, 2.79616106127e-05, 2.76179780485e-05, 3.06456240651e-05, 6.42274535494e-05, 2.61919994955e-05, 1.92922252609e-05, 4.02729601774e-05, 2.73253317573e-05, 1.99959067686e-05, 1.22982464745e-05, 1.78508107638e-05, 1.81343129952e-05, 1.19645092127e-05, 9.5437399068e-06, 1.52590655489e-05, 1.4220418052e-05, 1.08155963972e-05, 9.30659916776e-06, 6.44771989755e-06, 2.60469346358e-06, 2.70181288897e-07, 2.42403586981e-07, 2.78231397033e-07, 5.25754195735e-08, 2.69877311609e-08, 2.63500652409e-08, 2.58803201092e-08, 2.53154439633e-08, 2.48554918869e-08, 2.4445904856e-08, 2.40039721433e-08, 2.36913955121e-08, 2.35071215826e-08, 2.33313475206e-08, 2.32160921598e-08],
        "mean": [0.000312335730996, 0.00161068653688, 0.002201968804, 0.00220152991824, 0.00193552626297, 0.00121544848662, 0.000675127259456, 0.000372748938389, 0.000289690273348, 0.000230549630942, 0.000116382958367, 9.01236780919e-05, 9.43880077102e-05, 9.07844005269e-05, 5.96269019297e-05, 5.63602989132e-05, 0.000116621900816, 0.000116638599138, 0.000110992325062, 0.000100209217635, 8.74156394275e-05, 6.62715756334e-05, 0.000129644322442, 0.000189737111214, 0.000147365528392, 0.000163158678333, 0.000227603275562, 0.000483165611513, 0.000411494460423, 0.000199388436158, 0.000170049388544, 0.000176563233254, 0.000146689431858, 0.000256722501945, 0.000103232916445, 6.18032136117e-05, 9.80933909887e-05, 0.000242423353484, 8.92154348549e-05, 5.10235004185e-05, 7.51546904212e-05, 7.05423080944e-05, 9.89687396213e-05, 0.00013317396224, 0.000217688895646, 0.000112918278319, 4.04025086027e-05, 6.70235604048e-05, 6.85330451233e-05, 6.80598095641e-05, 0.000126425889903, 9.12868490559e-05, 6.3982042775e-05, 4.89795929752e-05, 4.59642651549e-05, 5.15302817803e-05, 5.26223520865e-05, 3.92569891119e-05, 3.67423053831e-05, 4.07879742852e-05, 5.56738923478e-05, 3.38621830451e-05, 4.69459882879e-05, 3.6705921957e-05, 4.53806896985e-05, 2.04397747439e-05, 1.55003344844e-05, 1.90900445887e-05, 1.61305924848e-05, 1.1867475223e-05, 1.28018609757e-05, 2.03028630494e-05, 1.42765338751e-05, 1.02115227492e-05, 8.17630461825e-06, 7.46900241211e-06, 5.29586850462e-06, 4.77470848637e-06, 4.06955587096e-06, 3.52127608494e-06, 3.55821953235e-06, 3.30747457156e-06, 2.89326817438e-06, 2.2722194899e-06, 2.31852914112e-06, 1.95073630493e-06, 2.39824612436e-06, 2.0645954919e-06, 1.55430848281e-06, 1.53061068886e-06, 1.52410370902e-06, 1.69759528035e-06, 1.77942422397e-06, 1.54414613007e-06, 1.47408229623e-06, 1.4843324152e-06, 1.54470001235e-06, 1.39857536396e-06, 1.63894458183e-06, 1.58881744028e-06, 1.25063900214e-06, 8.69818620686e-07, 7.36842537208e-07, 7.69671657963e-07, 6.37964149064e-07, 5.45766113191e-07, 5.70548593259e-07, 8.28296379041e-07, 7.33968931854e-07, 5.39687619039e-07, 4.30699401477e-07, 3.3748841588e-07, 1.15157106961e-07, 7.13090031468e-09, 4.6758814598e-09, 4.17874046477e-09, 8.71525129842e-10, 2.68673000514e-11, 2.58670619646e-11, 2.53547183249e-11, 2.47585424384e-11, 2.42979629472e-11, 2.38969729421e-11, 2.34477732369e-11, 2.29767663229e-11, 2.2497954888e-11, 2.21746735557e-11, 2.2040692188e-11],
        "min": [2.15491686995e-11, 3.61413815542e-11, 5.16083009661e-11, 1.94189178626e-10, 1.04656602828e-10, 2.56401955223e-10, 8.31115842814e-10, 1.70557079571e-08, 1.92858529147e-08, 6.73567157605e-09, 7.92565213459e-09, 5.11560926952e-09, 2.33099495262e-09, 7.90560772401e-09, 6.00479221902e-09, 6.28163032701e-09, 8.85510864634e-09, 1.2399627991e-08, 1.51870498399e-08, 1.60814579431e-08, 1.29883410693e-08, 5.12995024238e-09, 4.79445239066e-09, 4.2605410755e-08, 1.26638425968e-07, 1.24954283365e-07, 2.27418212262e-07, 2.5471993581e-07, 1.15077845919e-07, 4.25099351276e-08, 3.45855504236e-08, 3.90296648334e-08, 3.45982797967e-08, 2.38631070459e-08, 2.17462812202e-08, 2.60031232102e-08, 1.92014457667e-08, 5.49374501446e-09, 6.7682863758e-09, 9.92429072255e-09, 2.23086207285e-08, 3.87522476331e-08, 4.22410835199e-08, 4.78539838866e-08, 1.29008590477e-08, 1.82228543366e-08, 4.76589185894e-08, 6.95339821277e-08, 3.29024025802e-08, 1.90419218171e-08, 4.28612025871e-08, 3.71624793161e-08, 1.09361577572e-08, 4.84366280418e-09, 2.11920503368e-09, 9.14097353366e-10, 2.45727638237e-09, 5.86260773261e-09, 1.62298672279e-08, 1.61195821136e-08, 5.89063242629e-09, 7.93787613418e-09, 5.83614223615e-09, 1.48359169394e-09, 1.54887591641e-09, 2.48489007149e-09, 1.91836901919e-09, 1.53681845028e-09, 4.9781667677e-10, 2.54654830556e-09, 3.8512824041e-09, 4.3762429236e-09, 5.46035661131e-09, 2.86062418198e-09, 3.84378973095e-09, 2.90386981128e-09, 5.81903469854e-10, 4.91479357212e-10, 1.05329212019e-09, 3.23132054447e-09, 3.17003800987e-09, 5.41979794377e-10, 7.66836261157e-10, 3.82020282075e-09, 1.94872873394e-09, 7.1229017129e-10, 1.54934065577e-10, 1.40162992324e-10, 6.48848363927e-10, 6.05704042478e-10, 3.27673832512e-10, 3.95412980136e-10, 4.8254716889e-10, 8.70152838672e-10, 5.65340663172e-10, 2.74877537398e-10, 4.71385430689e-11, 3.88970661236e-11, 1.35593189454e-10, 9.18014483875e-11, 8.61221510773e-11, 8.07827832405e-11, 1.19718998604e-10, 1.31214344945e-10, 4.82105952382e-11, 2.703675131e-11, 2.2877120337e-11, 2.04570822088e-12, 3.70869350855e-13, 3.75883921428e-13, 4.11944539895e-13, 4.09511454694e-13, 3.58737860381e-13, 3.83005828658e-13, 2.80708887124e-13, 3.19447999953e-13, 3.31630203984e-13, 3.58419728359e-13, 3.82413041121e-13, 3.28421046868e-13, 3.65288582802e-13, 2.8318929775e-13, 3.63326420815e-13, 3.20668676074e-13, 2.39715609559e-13, 8.54020765781e-14, 1.29378912504e-14, 3.19854040443e-16],
        "stdev": [0.000573606055696, 0.0026109048631, 0.00364447664469, 0.00457338383421, 0.00473023485392, 0.00309715163894, 0.00138939160388, 0.000695237773471, 0.000603764667176, 0.000474444474094, 0.000241504487349, 0.000170369326952, 0.000170678584254, 0.000196218577912, 0.00016687293828, 0.000128102954477, 0.00024535661214, 0.000306770729367, 0.00044771307148, 0.000355419819243, 0.000260696018813, 0.000179485883564, 0.000229259894695, 0.0003238155914, 0.000299927312881, 0.0003164432419, 0.000417851028033, 0.00121338188183, 0.000595755758695, 0.000341070495779, 0.000371414760593, 0.000389008258935, 0.000337909092195, 0.000567015144043, 0.000245349569013, 0.000125585560454, 0.000165278441273, 0.000576471851673, 0.000203444913495, 0.000110994922579, 0.000149396437337, 0.00014643855684, 0.000141916840221, 0.000195513290237, 0.000378651631763, 0.000215008389205, 6.19575002929e-05, 0.000111714085506, 0.000128639163449, 0.000103383426904, 0.000175026332727, 0.000131083259475, 0.000100490527984, 7.85149895819e-05, 7.80678965384e-05, 8.46271650516e-05, 8.35113460198e-05, 7.21171527402e-05, 7.32212793082e-05, 6.72843452776e-05, 9.92586647044e-05, 6.25091415714e-05, 7.59573085816e-05, 5.95060664637e-05, 6.28361376585e-05, 2.54544738709e-05, 1.96039836737e-05, 2.51371584454e-05, 1.84478340088e-05, 1.54450444825e-05, 1.47339960677e-05, 2.8295606171e-05, 2.10544349102e-05, 1.26548984554e-05, 9.27781366045e-06, 8.73588396644e-06, 6.21128674538e-06, 6.01104875386e-06, 4.9998270697e-06, 4.64728191218e-06, 5.66710377825e-06, 4.8967353905e-06, 4.68985535917e-06, 3.54266262548e-06, 3.87946192859e-06, 3.77993023903e-06, 1.10032897283e-05, 4.24042082159e-06, 2.48542210102e-06, 2.06911613532e-06, 2.56074167737e-06, 2.52819677371e-06, 3.87855334338e-06, 2.29294141718e-06, 2.10663461075e-06, 2.19776666199e-06, 2.88454384645e-06, 2.1322248358e-06, 2.32129923461e-06, 2.8005022159e-06, 2.2237252324e-06, 1.50158507495e-06, 1.14276474505e-06, 1.31522870106e-06, 1.20676793358e-06, 9.54694087341e-07, 8.93169215033e-07, 1.44144735259e-06, 1.26015913793e-06, 8.91409513315e-07, 6.92670710123e-07, 5.41481313121e-07, 1.97330081164e-07, 1.64213620479e-08, 1.27752235457e-08, 1.19858087899e-08, 2.84866130684e-09, 7.61392449089e-10, 7.43410777382e-10, 7.30156990425e-10, 7.14222903042e-10, 7.01245450596e-10, 6.89688417488e-10, 6.77223832568e-10, 6.6840755153e-10, 6.63212984531e-10, 6.58260057573e-10, 6.55010046202e-10]
    },
    "mfcc": {
        "mean": [-617.232177734, 79.9042129517, -44.1713867188, 0.724847972393, -1.50037384033, 1.03421318531, 7.3370757103, 7.91582584381, 8.16973495483, 7.750436306, -1.9690489769, -2.24442219734, -5.20300960541],
        "cov": [[4210.50097656, 570.79309082, 1251.57470703, 1381.10546875, 1058.97229004, 284.986053467, 546.023864746, 119.558166504, -19.2549877167, -136.895477295, 54.1139907837, 136.532913208, 283.477722168], [570.79309082, 629.676330566, 628.619995117, 654.054016113, 553.832702637, 278.644012451, 311.28805542, 149.067993164, 81.896774292, 34.8541870117, 42.9693527222, 90.7442779541, 134.0025177], [1251.57470703, 628.619995117, 1236.30187988, 1073.25134277, 941.457336426, 441.81439209, 390.412231445, 175.881896973, 96.5087585449, 6.82562589645, 74.3802108765, 137.293151855, 245.74168396], [1381.10546875, 654.054016113, 1073.25134277, 1156.49304199, 944.905883789, 393.369781494, 407.208221436, 179.106063843, 88.1770248413, -8.45197677612, 60.091091156, 137.700439453, 233.509918213], [1058.97229004, 553.832702637, 941.457336426, 944.905883789, 888.308837891, 382.945281982, 377.389465332, 159.115203857, 80.1049499512, 12.5506162643, 52.4025726318, 129.839035034, 213.497116089], [284.986053467, 278.644012451, 441.81439209, 393.369781494, 382.945281982, 319.92578125, 220.514846802, 111.09185791, 53.4078941345, 37.0594863892, 42.1404266357, 45.8900108337, 98.8209381104], [546.023864746, 311.28805542, 390.412231445, 407.208221436, 377.389465332, 220.514846802, 303.858917236, 124.469139099, 50.6844100952, 31.1563739777, 30.487903595, 65.5381317139, 97.3972549438], [119.558166504, 149.067993164, 175.881896973, 179.106063843, 159.115203857, 111.09185791, 124.469139099, 119.360572815, 58.9010429382, 30.0727519989, 22.9817714691, 22.7171497345, 39.3144569397], [-19.2549877167, 81.896774292, 96.5087585449, 88.1770248413, 80.1049499512, 53.4078941345, 50.6844100952, 58.9010429382, 82.5135803223, 41.6509780884, 21.8616924286, 14.8217582703, 19.7691173553], [-136.895477295, 34.8541870117, 6.82562589645, -8.45197677612, 12.5506162643, 37.0594863892, 31.1563739777, 30.0727519989, 41.6509780884, 86.9638442993, 30.4797935486, 8.30698776245, -7.40643596649], [54.1139907837, 42.9693527222, 74.3802108765, 60.091091156, 52.4025726318, 42.1404266357, 30.487903595, 22.9817714691, 21.8616924286, 30.4797935486, 59.6140213013, 27.969203949, 21.3874416351], [136.532913208, 90.7442779541, 137.293151855, 137.700439453, 129.839035034, 45.8900108337, 65.5381317139, 22.7171497345, 14.8217582703, 8.30698776245, 27.969203949, 83.38230896, 61.332611084], [283.477722168, 134.0025177, 245.74168396, 233.509918213, 213.497116089, 98.8209381104, 97.3972549438, 39.3144569397, 19.7691173553, -7.40643596649, 21.3874416351, 61.332611084, 111.792053223]],
        "icov": [[0.000593303469941, 0.000477670313558, -0.00026970251929, -0.000876504753251, 0.000264747301117, 0.000857069739141, -0.00131057109684, 0.000474045198644, 0.000410632550484, 0.000538102292921, -0.0006799371331, 0.000682653568219, -0.000222885995754], [0.000477670313558, 0.00525191891938, -0.00057333469158, -0.00274445046671, 0.00080588523997, 0.000256907747826, -0.0029415586032, -0.000149805287947, -0.000410984212067, -0.000538946944289, 0.000384862418287, -0.000481367373141, 0.000563027046155], [-0.00026970251929, -0.00057333469158, 0.00574099225923, -0.00215008552186, -0.00259267329238, -0.00218284712173, 0.00187035277486, 0.000267767842161, -0.000947727705352, 0.000365293730283, -0.00109394651372, 0.000402574776672, -0.00142013677396], [-0.000876504753251, -0.00274445046671, -0.00215008552186, 0.0107858665287, -0.00710994563997, 0.000823049747851, 0.00148369872477, -0.00163486483507, -0.000941559206694, 0.00244136317633, -0.000914153933991, 4.06463368563e-05, 0.000323187414324], [0.000264747301117, 0.00080588523997, -0.00259267329238, -0.00710994563997, 0.0130291171372, -0.00221814401448, -0.00278635206632, 0.00157852936536, 0.000266203278443, -0.00201886380091, 0.00310996198095, -0.00227152346633, -0.00166592025198], [0.000857069739141, 0.000256907747826, -0.00218284712173, 0.000823049747851, -0.00221814401448, 0.0109893744811, -0.0047614374198, -0.00159210874699, 0.00187614758033, -0.00102296588011, -0.00339417671785, 0.00500265043229, -0.00266681332141], [-0.00131057109684, -0.0029415586032, 0.00187035277486, 0.00148369872477, -0.00278635206632, -0.0047614374198, 0.0146787231788, -0.00734769785777, 0.00225823209621, -0.00301804277115, 0.00318058952689, -0.00381651194766, -0.000149573024828], [0.000474045198644, -0.000149805287947, 0.000267767842161, -0.00163486483507, 0.00157852936536, -0.00159210874699, -0.00734769785777, 0.0220111068338, -0.010768934153, 0.00174772494938, -0.00200061569922, 0.0022242476698, 3.99617201765e-05], [0.000410632550484, -0.000410984212067, -0.000947727705352, -0.000941559206694, 0.000266203278443, 0.00187614758033, 0.00225823209621, -0.010768934153, 0.0246160980314, -0.00898732524365, -0.000591900374275, 0.000933732429985, -0.00219328072853], [0.000538102292921, -0.000538946944289, 0.000365293730283, 0.00244136317633, -0.00201886380091, -0.00102296588011, -0.00301804277115, 0.00174772494938, -0.00898732524365, 0.0220339503139, -0.00917272735387, -0.000825726485346, 0.00541066844016], [-0.0006799371331, 0.000384862418287, -0.00109394651372, -0.000914153933991, 0.00310996198095, -0.00339417671785, 0.00318058952689, -0.00200061569922, -0.000591900374275, -0.00917272735387, 0.0273877419531, -0.00886486843228, -0.000308582762955], [0.000682653568219, -0.000481367373141, 0.000402574776672, 4.06463368563e-05, -0.00227152346633, 0.00500265043229, -0.00381651194766, 0.0022242476698, 0.000933732429985, -0.000825726485346, -0.00886486843228, 0.0258268695325, -0.0123584000394], [-0.000222885995754, 0.000563027046155, -0.00142013677396, 0.000323187414324, -0.00166592025198, -0.00266681332141, -0.000149573024828, 3.99617201765e-05, -0.00219328072853, 0.00541066844016, -0.000308582762955, -0.0123584000394, 0.0245228912681]]
    },
    "spectral_contrast_coeffs": {
        "max": [-0.478776544333, -0.525168716908, -0.514946639538, -0.554808735847, -0.633604347706, -0.654086232185],
        "mean": [-0.752197563648, -0.762851536274, -0.740004122257, -0.774483144283, -0.778344988823, -0.765339612961],
        "min": [-0.918114364147, -0.906347095966, -0.905928611755, -0.914522707462, -0.928204417229, -0.852214336395],
        "stdev": [0.0596512667835, 0.0674085840583, 0.0710150375962, 0.0609441287816, 0.0466109551489, 0.0239965226501]
    },
    "spectral_contrast_valleys": {
        "max": [-5.12881135941, -5.31576681137, -5.43364048004, -5.6695189476, -5.77811717987, -7.85642910004],
        "mean": [-7.67078781128, -7.05317878723, -6.86476516724, -6.84581184387, -6.93593502045, -9.75122642517],
        "min": [-12.6372241974, -10.2593746185, -9.84935474396, -10.0342140198, -10.3853416443, -13.1446247101],
        "stdev": [1.85781884193, 0.624595701694, 0.51798170805, 0.471112132072, 0.590572178364, 0.67099404335]
    }
},
"rhythm": {
    "beats_count": 52,
    "beats_loudness": {
        "max": 0.0781646072865,
        "mean": 0.0260720867664,
        "min": 0.00133760587778,
        "stdev": 0.017346136272
    },
    "bpm": 107.59588623,
    "bpm_histogram_first_peak_bpm": 108,
    "bpm_histogram_first_peak_weight": 0.583333313465,
    "bpm_histogram_second_peak_bpm": 115,
    "bpm_histogram_second_peak_spread": 0.181818187237,
    "bpm_histogram_second_peak_weight": 0.176470592618,
    "danceability": 0.967873513699,
    "onset_rate": 2.67877173424,
    "beats_loudness_band_ratio": {
        "max": [0.911454081535, 0.281859785318, 0.669427871704, 0.618529617786, 0.617435455322, 0.24087831378],
        "mean": [0.277469575405, 0.0368773899972, 0.161149427295, 0.260987997055, 0.220626294613, 0.0779423192143],
        "min": [2.16092248593e-05, 0.000582352280617, 0.0185540355742, 0.0280761942267, 0.01976566948, 0.0060360324569],
        "stdev": [0.249268144369, 0.0505638457835, 0.154745653272, 0.149804919958, 0.121677547693, 0.0444747358561]
    },
    "beats_position": [0.580498874187, 1.16099774837, 1.72988653183, 2.29877543449, 2.85605430603, 3.41333317757, 3.98222208023, 4.55111122131, 5.10838985443, 5.66566896439, 6.2229475975, 6.79183673859, 7.36072540283, 7.91800451279, 8.47528362274, 9.03256225586, 9.6014509201, 10.1703395844, 10.7392292023, 11.2848978043, 11.8537864685, 12.4226751328, 12.9799547195, 13.5372333527, 14.1061220169, 14.66340065, 15.2322902679, 15.7895689011, 16.3468475342, 16.904127121, 17.4614048004, 17.9838542938, 18.5063037872, 19.0287532806, 19.5279808044, 20.0272102356, 20.5264396667, 21.0488891602, 21.5713367462, 22.1053962708, 22.6278457642, 23.1502952576, 23.6727428436, 24.195192337, 24.7060317993, 25.2168693542, 25.7509288788, 26.2849884033, 26.830657959, 27.3647155762, 27.8987751007, 28.4444446564],
