{
"metadata": {
    "version": {
        "essentia": "2.1-beta5",
        "essentia_git_sha": "Undefined",
        "extractor": "music 2.0"
    },
    "audio_properties": {
        "analysis": {
            "equal_loudness": 0,
            "length": 12.7477550507,
            "sample_rate": 44100,
            "start_time": 0,
            "downmix": "mix"
        },
        "bit_rate": 192000,
        "length": 198.008163452,
        "lossless": 0,
        "number_channels": 2,
        "replay_gain": 2.58769416809,
        "sample_rate": 48000,
        "codec": "mp3",
        "md5_encoded": "3326a971d9c7b839e75e5b49f6eb4245"
    },
    "tags": {
        "file_name": "Finland_Marry Me_Krista Siegfrids.mp3",
        "encoding": ["Lavf58.29.100"]
    }
},
"lowlevel": {
    "average_loudness": 0.564566075802,
    "barkbands_crest": {
        "max": 24.1275405884,
        "mean": 9.98983573914,
        "min": 3.08617758751,
        "stdev": 4.13108921051
    },
    "barkbands_flatness_db": {
        "max": 0.354200869799,
        "mean": 0.158694624901,
        "min": 0.0350809134543,
        "stdev": 0.0594660267234
    },
    "barkbands_kurtosis": {
        "max": 62.7462844849,
        "mean": 3.53210997581,
        "min": -1.7761374712,
        "stdev": 7.82968378067
    },
    "barkbands_skewness": {
        "max": 5.87032938004,
        "mean": 1.05313360691,
        "min": -0.749778747559,
        "stdev": 1.1935852766
    },
    "barkbands_spread": {
        "max": 94.650062561,
        "mean": 18.0373287201,
        "min": 0.74623131752,
        "stdev": 12.4012727737
    },
    "dissonance": {
        "max": 0.499986499548,
        "mean": 0.477441340685,
        "min": 0.270008325577,
        "stdev": 0.0251229256392
    },
    "dynamic_complexity": 4.62322950363,
    "erbbands_crest": {
        "max": 28.041891098,
        "mean": 9.2705783844,
        "min": 2.62225222588,
        "stdev": 3.70102405548
    },
    "erbbands_flatness_db": {
        "max": 0.41841763258,
        "mean": 0.218473017216,
        "min": 0.0730018690228,
        "stdev": 0.0680597275496
    },
    "erbbands_kurtosis": {
        "max": 49.3896141052,
        "mean": 1.89066517353,
        "min": -1.46069419384,
        "stdev": 4.63945913315
    },
    "erbbands_skewness": {
        "max": 4.89900302887,
        "mean": 0.830260515213,
        "min": -1.06625521183,
        "stdev": 0.803965628147
    },
    "erbbands_spread": {
        "max": 88.7750091553,
        "mean": 21.7083034515,
        "min": 1.7972215414,
        "stdev": 12.2581100464
    },
    "hfc": {
        "max": 248.363830566,
        "mean": 14.5959482193,
        "min": 0.000505153206177,
        "stdev": 27.7598152161
    },
    "loudness_ebu128": {
        "integrated": -27.1539535522,
        "loudness_range": 10.5879650116,
        "momentary": {
            "max": -20.8181819916,
            "mean": -30.201335907,
            "min": -40.9277648926,
            "stdev": 5.05501556396
        },
        "short_term": {
            "max": -23.7651672363,
            "mean": -29.9188804626,
            "min": -35.9773635864,
            "stdev": 3.29676532745
        }
    },
    "melbands_crest": {
        "max": 36.6504325867,
        "mean": 13.5868940353,
        "min": 4.14587593079,
        "stdev": 5.88332033157
    },
    "melbands_flatness_db": {
        "max": 0.366736233234,
        "mean": 0.177456453443,
        "min": 0.0473469570279,
        "stdev": 0.0621845647693
    },
    "melbands_kurtosis": {
        "max": 106.988891602,
        "mean": 6.91301727295,
        "min": -1.44265961647,
        "stdev": 12.5281238556
    },
    "melbands_skewness": {
        "max": 8.26748561859,
        "mean": 1.49209439754,
        "min": -0.510771274567,
        "stdev": 1.4009282589
    },
    "melbands_spread": {
        "max": 110.045906067,
        "mean": 23.5836715698,
        "min": 1.38809370995,
        "stdev": 14.1138572693
    },
    "pitch_salience": {
        "max": 0.815306901932,
        "mean": 0.593583345413,
        "min": 0.14473348856,
        "stdev": 0.126426190138
    },
    "silence_rate_20dB": {
        "max": 1,
        "mean": 1,
        "min": 1,
        "stdev": 0
    },
    "silence_rate_30dB": {
        "max": 1,
        "mean": 0.985454559326,
        "min": 0,
        "stdev": 0.119723953307
    },
    "silence_rate_60dB": {
        "max": 1,
        "mean": 0.256363630295,
        "min": 0,
        "stdev": 0.436623722315
    },
    "spectral_centroid": {
        "max": 3280.88110352,
        "mean": 1475.32556152,
        "min": 355.060821533,
        "stdev": 499.183197021
    },
    "spectral_complexity": {
        "max": 56,
        "mean": 14.3981819153,
        "min": 0,
        "stdev": 10.2982635498
    },
    "spectral_decrease": {
        "max": -1.68176714552e-14,
        "mean": -3.93832344514e-09,
        "min": -6.93783945849e-08,
        "stdev": 5.84512660495e-09
    },
    "spectral_energy": {
        "max": 0.267976433039,
        "mean": 0.0161880347878,
        "min": 1.09292734862e-07,
        "stdev": 0.0233547035605
    },
    "spectral_energyband_high": {
        "max": 0.027897734195,
        "mean": 0.000559975916985,
        "min": 5.09311703922e-08,
        "stdev": 0.00237782718614
    },
    "spectral_energyband_low": {
        "max": 0.236366391182,
        "mean": 0.00584694230929,
        "min": 4.59214888338e-09,
        "stdev": 0.0168100800365
    },
    "spectral_energyband_middle_high": {
        "max": 0.0512508004904,
        "mean": 0.00533147528768,
        "min": 2.5524524716e-08,
        "stdev": 0.00773303257301
    },
    "spectral_energyband_middle_low": {
        "max": 0.0596950128675,
        "mean": 0.00384740787558,
        "min": 2.87996524406e-08,
        "stdev": 0.00474684452638
    },
    "spectral_entropy": {
        "max": 8.65612030029,
        "mean": 7.65359544754,
        "min": 6.1182179451,
        "stdev": 0.417089134455
    },
    "spectral_flux": {
        "max": 0.350498855114,
        "mean": 0.0645343065262,
        "min": 0.000330594513798,
        "stdev": 0.0461900569499
    },
    "spectral_kurtosis": {
        "max": 28.8112258911,
        "mean": 5.13624048233,
        "min": -0.489453554153,
        "stdev": 4.25848579407
    },
    "spectral_rms": {
        "max": 0.0161691196263,
        "mean": 0.00331396632828,
        "min": 1.03260381366e-05,
        "stdev": 0.00219336268492
    },
    "spectral_rolloff": {
        "max": 10508.203125,
        "mean": 1551.6060791,
        "min": 43.06640625,
        "stdev": 1106.90429688
    },
    "spectral_skewness": {
        "max": 3.82152152061,
        "mean": 1.63082671165,
        "min": 0.588155388832,
        "stdev": 0.466289579868
    },
    "spectral_spread": {
        "max": 8982406,
        "mean": 3608985.25,
        "min": 1157585,
        "stdev": 1110635.625
    },
    "spectral_strongpeak": {
        "max": 14.3649873734,
        "mean": 0.880449175835,
        "min": 0,
        "stdev": 1.71917402744
    },
    "zerocrossingrate": {
        "max": 0.22900390625,
        "mean": 0.0602254979312,
        "min": 0.00830078125,
        "stdev": 0.0273575205356
    },
    "barkbands": {
        "max": [0.139259263873, 0.22834020853, 0.0276253558695, 0.0105669340119, 0.0169566962868, 0.0303956829011, 0.00255777919665, 0.00984751433134, 0.0199892744422, 0.00995459780097, 0.0148372277617, 0.00845222268254, 0.00675238249823, 0.00988997332752, 0.00590348942205, 0.0111013166606, 0.0149281974882, 0.0180051513016, 0.00421873200685, 0.00576028507203, 0.00188396149315, 0.00419741682708, 0.0106394514441, 0.0108522567898, 0.00532408664003, 0.0027892915532, 1.4506944126e-06],
        "mean": [0.00239313114434, 0.00376945803873, 0.000500970345456, 0.000245006580371, 0.00071597477654, 0.000502695620526, 0.000127684616018, 0.000346108921804, 0.00146829371806, 0.00136879947968, 0.000818268279545, 0.000539934262633, 0.000409683183534, 0.000581982429139, 0.000306269997964, 0.000501572329085, 0.000385117775295, 0.000421804928919, 0.000169249542523, 0.00010556037887, 7.39924798836e-05, 9.33878181968e-05, 0.000145481564687, 0.000121347104141, 5.71557065996e-05, 1.90994596778e-05, 8.97725715987e-09],
        "min": [4.1460165856e-10, 1.93694216222e-09, 8.72207861491e-10, 3.13447667821e-09, 1.75395058477e-08, 4.05479427812e-09, 1.39129496812e-09, 5.18750153944e-10, 2.01008232281e-09, 3.44878925418e-09, 1.43481870829e-09, 1.64451718909e-09, 3.24388516049e-10, 1.54725177115e-09, 1.10005449194e-09, 2.9365845311e-09, 5.22096854638e-09, 2.03877670302e-09, 1.6684187365e-09, 6.29510754635e-09, 8.28227975092e-09, 6.59050325424e-09, 4.40036362903e-09, 6.39100239397e-09, 1.2497888946e-08, 2.13135814553e-10, 2.39607944597e-10],
        "stdev": [0.00892670080066, 0.0130689330399, 0.00170850066934, 0.000780516478699, 0.00175986660179, 0.00238672387786, 0.000280573236523, 0.000784990028478, 0.00193950592075, 0.00165647931863, 0.00151453306898, 0.000965896004345, 0.000750810431782, 0.00132240192033, 0.000550704135094, 0.00137653073762, 0.0012675592443, 0.00154028844554, 0.000445191690233, 0.000387061561923, 0.000174374305061, 0.000361179583706, 0.000749245111365, 0.00075926532736, 0.000342105486197, 0.000145756697748, 8.31473130347e-08]
    },
    "erbbands": {
        "max": [5.0301733017, 55.5052108765, 45.5732574463, 25.2523403168, 38.0166397095, 69.2443847656, 174.892211914, 258.938446045, 49.4115333557, 90.8880615234, 218.616317749, 427.42010498, 399.74041748, 828.746948242, 416.495361328, 327.987670898, 302.556121826, 589.594543457, 330.025299072, 459.904663086, 590.643371582, 949.266052246, 1210.57836914, 269.792724609, 210.421691895, 291.250213623, 128.815856934, 66.6024703979, 138.540969849, 211.936965942, 367.284576416, 193.962097168, 213.394470215, 72.5082702637, 29.4072208405, 17.9338359833, 3.2811486721, 0.08651586622, 0.00296626728959, 0.00038190415944],
        "mean": [0.15152785182, 0.681295573711, 0.806608974934, 0.694086074829, 1.33384132385, 3.07016730309, 3.10561037064, 4.43716859818, 1.96066832542, 3.53029894829, 11.8252038956, 33.4591255188, 40.2532119751, 42.495967865, 31.4453163147, 20.8458690643, 20.1109695435, 32.0588340759, 19.3415851593, 24.2432250977, 19.7918262482, 23.6585197449, 27.9589233398, 11.2151956558, 6.58181619644, 5.06475543976, 3.49726104736, 2.73139739037, 3.26412415504, 3.80637168884, 4.29973649979, 2.58200764656, 2.09300374985, 0.951212465763, 0.23975366354, 0.131262406707, 0.0223873648793, 0.00060380314244, 3.24506108882e-05, 2.24039031309e-05],
        "min": [6.47886722049e-08, 4.0935361767e-07, 9.47646526583e-07, 6.13145675743e-06, 2.86992017209e-05, 7.00126547599e-05, 5.00712012581e-05, 3.23930653394e-05, 2.14439187403e-05, 2.17185515794e-05, 2.19595967792e-05, 4.78314905195e-05, 4.00429598812e-05, 0.000127420687932, 6.62864622427e-05, 6.3545521698e-05, 2.4853827199e-05, 8.42475274112e-05, 4.32428751083e-05, 8.34233651403e-05, 0.000179293376277, 0.000339993479429, 0.000153086977662, 9.86718005151e-05, 0.000147901111632, 0.000279563915683, 0.000414408888901, 0.000194923268282, 0.000308564776788, 0.00015948874352, 0.000106190185761, 0.000108415842988, 0.000122743906104, 0.000175084875082, 3.94746493839e-05, 5.76849834033e-06, 1.81108862307e-06, 4.10372194892e-07, 4.92661662577e-08, 4.12144673945e-09],
        "stdev": [0.461926847696, 2.90020275116, 3.05880904198, 1.91178560257, 3.54850554466, 8.21893215179, 10.6576604843, 23.4640235901, 4.76204776764, 8.35622501373, 21.5532531738, 45.3505439758, 48.3955879211, 61.143447876, 58.5076332092, 37.7159194946, 34.1893081665, 77.1848449707, 32.316444397, 60.4800643921, 53.0840911865, 71.1179733276, 101.545196533, 28.3990840912, 18.4944438934, 18.4185962677, 9.217253685, 6.57899188995, 12.5803947449, 16.764087677, 23.885969162, 13.8761768341, 14.702466011, 5.92845678329, 1.49164962769, 0.958470463753, 0.176416739821, 0.00462866574526, 0.000164494282217, 3.73781076632e-05]
    },
    "gfcc": {
        "mean": [-77.4758605957, 91.3072433472, -175.905166626, 18.6324920654, -70.9941482544, 29.1259021759, -25.3749675751, 12.7036819458, -15.6027946472, -12.0102043152, -11.735206604, -11.596572876, 4.38720369339],
        "cov": [[6552.38916016, -325.127258301, 1494.41040039, 943.507080078, 878.978149414, 748.342407227, -22.0379810333, 542.70513916, -237.902191162, 268.898773193, -340.071746826, 467.938323975, -185.845748901], [-325.127258301, 1084.10168457, 219.16633606, 195.327041626, 57.9894447327, -109.291366577, 144.377212524, -222.517364502, 171.811126709, -142.664474487, 194.85345459, -137.006851196, 218.813613892], [1494.41040039, 219.16633606, 1628.11743164, 798.09197998, 269.330780029, 297.49798584, -18.1733093262, 142.209884644, -186.414718628, 299.268737793, -148.166381836, 262.884307861, -38.7327919006], [943.507080078, 195.327041626, 798.09197998, 777.53894043, 264.499511719, 370.445800781, 92.3098831177, 94.3864898682, -45.8004493713, 145.354980469, -17.0866451263, 136.467590332, 71.0984191895], [878.978149414, 57.9894447327, 269.330780029, 264.499511719, 449.41003418, 278.386505127, 132.477920532, 163.267715454, -26.6553077698, 57.058757782, -74.1218948364, 86.8530349731, 1.62413728237], [748.342407227, -109.291366577, 297.49798584, 370.445800781, 278.386505127, 472.796569824, 196.769699097, 214.233459473, -14.4335079193, 135.349441528, -99.6338882446, 74.9545135498, 13.3350467682], [-22.0379810333, 144.377212524, -18.1733093262, 92.3098831177, 132.477920532, 196.769699097, 265.020996094, 130.065093994, 114.565971375, 41.1564369202, -4.98526334763, -38.9543876648, 39.9447860718], [542.70513916, -222.517364502, 142.209884644, 94.3864898682, 163.267715454, 214.233459473, 130.065093994, 259.005706787, 23.1593418121, 135.785873413, -86.3896713257, 72.201751709, -53.6178436279], [-237.902191162, 171.811126709, -186.414718628, -45.8004493713, -26.6553077698, -14.4335079193, 114.565971375, 23.1593418121, 177.671813965, -25.7588062286, 93.0027694702, -65.0638580322, 49.7511367798], [268.898773193, -142.664474487, 299.268737793, 145.354980469, 57.058757782, 135.349441528, 41.1564369202, 135.785873413, -25.7588062286, 190.286437988, -60.2805175781, 94.0997390747, -31.9253578186], [-340.071746826, 194.85345459, -148.166381836, -17.0866451263, -74.1218948364, -99.6338882446, -4.98526334763, -86.3896713257, 93.0027694702, -60.2805175781, 164.288131714, -34.874294281, 71.430305481], [467.938323975, -137.006851196, 262.884307861, 136.467590332, 86.8530349731, 74.9545135498, -38.9543876648, 72.201751709, -65.0638580322, 94.0997390747, -34.874294281, 151.593475342, -13.1924562454], [-185.845748901, 218.813613892, -38.7327919006, 71.0984191895, 1.62413728237, 13.3350467682, 39.9447860718, -53.6178436279, 49.7511367798, -31.9253578186, 71.430305481, -13.1924562454, 129.365539551]],
        "icov": [[0.000352586997906, -0.000332696828991, -4.0648450522e-05, -9.01960738702e-05, -0.000150980486069, -0.000510416401085, 0.000973851885647, -0.000851276156027, -0.000336704048095, 0.000683491525706, 0.000340227532433, -0.000685610400978, 0.000548029900528], [-0.000332696828991, 0.00685956235975, -0.00336529966444, 0.000700336124282, -0.00310765230097, 0.00358591438271, -0.00565028842539, 0.00652085756883, -0.00301923439838, 0.000671008485369, -0.00189704343211, 0.00517114344984, -0.00645468942821], [-4.0648450522e-05, -0.00336529966444, 0.003958910238, -0.00271954271011, 0.00141981511842, -5.1677106967e-06, 0.00195648707449, -0.00227770558558, 0.00216862955131, -0.00266563240439, 0.00220470270142, -0.00314017711207, 0.00371889933012], [-9.01960738702e-05, 0.000700336124282, -0.00271954271011, 0.00574406608939, -0.000753746659029, -0.00378206721507, 0.000135602720547, 0.00202178303152, -0.000572172284592, 0.000378527765861, -0.00296442420222, 0.000485874537844, -0.00209004222415], [-0.000150980486069, -0.00310765230097, 0.00141981511842, -0.000753746659029, 0.00640089251101, -0.00243166973814, 0.000185413315194, -0.00453087920323, 0.0030175272841, 0.00238061347045, 0.000707124883775, -0.00416828040034, 0.00272550107911], [-0.000510416401085, 0.00358591438271, -5.1677106967e-06, -0.00378206721507, -0.00243166973814, 0.0114242192358, -0.00749142095447, 0.00060063553974, 0.00188277114648, -0.00179686420597, 0.00135920161847, 0.00357673875988, -0.00485979253426], [0.000973851885647, -0.00565028842539, 0.00195648707449, 0.000135602720547, 0.000185413315194, -0.00749142095447, 0.0191372986883, -0.00914087425917, -0.00553240440786, -0.000358989462256, 0.0037487228401, 0.000172159721842, 0.0025262888521], [-0.000851276156027, 0.00652085756883, -0.00227770558558, 0.00202178303152, -0.00453087920323, 0.00060063553974, -0.00914087425917, 0.0232629012316, -0.00877753458917, -0.00628439569846, 0.00197468139231, 3.52561037289e-05, -0.000848494877573], [-0.000336704048095, -0.00301923439838, 0.00216862955131, -0.000572172284592, 0.0030175272841, 0.00188277114648, -0.00553240440786, -0.00877753458917, 0.0212324634194, -0.000939462392125, -0.00953543186188, 0.00271627446637, 0.0005698891473], [0.000683491525706, 0.000671008485369, -0.00266563240439, 0.000378527765861, 0.00238061347045, -0.00179686420597, -0.000358989462256, -0.00628439569846, -0.000939462392125, 0.0164530836046, 0.000256121129496, -0.00533266924322, 0.000238711174461], [0.000340227532433, -0.00189704343211, 0.00220470270142, -0.00296442420222, 0.000707124883775, 0.00135920161847, 0.0037487228401, 0.00197468139231, -0.00953543186188, 0.000256121129496, 0.0179248042405, -0.00520606571808, -0.00119914475363], [-0.000685610400978, 0.00517114344984, -0.00314017711207, 0.000485874537844, -0.00416828040034, 0.00357673875988, 0.000172159721842, 3.52561037289e-05, 0.00271627446637, -0.00533266924322, -0.00520606571808, 0.0215733982623, -0.00857978034765], [0.000548029900528, -0.00645468942821, 0.00371889933012, -0.00209004222415, 0.00272550107911, -0.00485979253426, 0.0025262888521, -0.000848494877573, 0.0005698891473, 0.000238711174461, -0.00119914475363, -0.00857978034765, 0.0206590760499]]
    },
    "melbands": {
        "max": [0.0584214068949, 0.0367401018739, 0.00389539194293, 0.00362739781849, 0.00472368113697, 0.00534850917757, 0.0007051093271, 0.0011717909947, 0.00275667198002, 0.0023439314682, 0.00200365181081, 0.00321700982749, 0.00144993409049, 0.00120418285951, 0.00108997477219, 0.000629832793493, 0.00116744346451, 0.000569072843064, 0.000361017766409, 0.00119007204194, 0.000810482131783, 0.00108552689198, 0.00110068102367, 0.000589705072343, 0.000210393511225, 0.000182978634257, 0.000245720730163, 0.000158220849698, 8.54592581163e-05, 5.21524962096e-05, 3.49491710949e-05, 9.31553149712e-05, 8.94281620276e-05, 0.000148236300447, 0.000205690783332, 0.000158203984029, 0.000119808617455, 0.000160406911164, 0.000110597648018, 5.55041369807e-05],
        "mean": [0.00134385400452, 0.000581411411986, 0.000137898910907, 0.000151361105964, 0.000122384153656, 9.55796058406e-05, 2.88247174467e-05, 4.3998388719e-05, 0.000117131618026, 0.000218114000745, 0.000200353693799, 0.000174344982952, 0.000103806596599, 7.46300647734e-05, 4.61017880298e-05, 4.07386141887e-05, 6.13366282778e-05, 2.98406393995e-05, 2.37368894886e-05, 3.76985808543e-05, 1.93096202565e-05, 2.14262654481e-05, 3.23751373799e-05, 1.58985330927e-05, 8.65901620273e-06, 5.7096931414e-06, 3.91386538467e-06, 3.16392311106e-06, 2.26356883104e-06, 1.73985631591e-06, 1.51795006786e-06, 1.78445134225e-06, 1.93996311282e-06, 2.20356378122e-06, 2.56641851593e-06, 1.92453421732e-06, 1.50938137722e-06, 1.5025157154e-06, 1.27019450247e-06, 6.28773079825e-07],
        "min": [6.32203289719e-10, 5.52450363234e-10, 1.63963076449e-09, 3.65404506653e-09, 2.16234030681e-09, 7.21512738444e-10, 3.29204385974e-10, 2.04005271009e-10, 2.36606872983e-10, 2.71824146525e-10, 2.11539133432e-10, 5.5402599175e-10, 2.0896194497e-10, 2.02393449222e-10, 1.00277459947e-10, 5.86473855591e-11, 1.63392910313e-10, 5.0037581717e-11, 1.03540287455e-10, 1.74719919088e-10, 1.92733107252e-10, 3.86215032178e-10, 1.80738826683e-10, 8.02124339172e-11, 8.56356791035e-11, 4.16586556917e-11, 2.47324938307e-10, 1.50204571003e-10, 2.68379013457e-10, 1.65207042491e-10, 9.89976225996e-11, 1.66011496217e-10, 1.30067887016e-10, 8.83715184363e-11, 6.63684524005e-11, 4.03320432607e-11, 8.75238839737e-11, 9.29304203034e-11, 8.21898174519e-11, 1.80494105773e-10],
        "stdev": [0.00409879395738, 0.00227079540491, 0.000349240552168, 0.000372695765691, 0.000354457180947, 0.00048440482351, 6.77001662552e-05, 0.000108526393888, 0.000207657372812, 0.00028698600363, 0.000244359689532, 0.000249488686677, 0.000182569652679, 0.000140492571518, 9.87365929177e-05, 6.43865641905e-05, 0.000155319066835, 5.3520907386e-05, 4.28385901614e-05, 0.000117053648864, 6.55831317999e-05, 7.09110609023e-05, 0.000114878450404, 5.21330948686e-05, 2.28036424232e-05, 1.58911625476e-05, 1.62238065968e-05, 1.08395215648e-05, 6.08098162047e-06, 4.325665941e-06, 3.64491143046e-06, 7.07608933226e-06, 7.88985016698e-06, 1.0205972103e-05, 1.4127886061e-05, 1.05326953417e-05, 8.4554321802e-06, 1.09270604298e-05, 8.44182795845e-06, 3.8724388105e-06]
    },
    "melbands128": {
        "max": [0.097729280591, 0.0582094676793, 0.101635865867, 0.0901896134019, 0.0329270362854, 0.00880092941225, 0.00597505038604, 0.00626760628074, 0.00415634643286, 0.00415257131681, 0.0050928578712, 0.00373539701104, 0.00596954720095, 0.0104839531705, 0.00958280265331, 0.00612483173609, 0.000738356495276, 0.000510867161211, 0.000684728729539, 0.00125958072022, 0.00195021601394, 0.00278715090826, 0.00227981014177, 0.00693689845502, 0.00360871525481, 0.00257980683818, 0.00344878109172, 0.00343876844272, 0.00152733677533, 0.00254048220813, 0.00581282610074, 0.00298061245121, 0.00184618937783, 0.00308605306782, 0.00184041983448, 0.00238928501494, 0.000773920968641, 0.0020760865882, 0.00162972498219, 0.0010761776939, 0.000780577887781, 0.000776281289291, 0.00278632156551, 0.00119602365885, 0.000334387732437, 0.0011172296945, 0.000470310624223, 0.000616335135419, 0.000468771904707, 0.00172919570468, 0.00266729318537, 0.000363848725101, 0.00177817849908, 0.00065477611497, 0.000224713774514, 0.00186843948904, 0.00142871926073, 0.0031847062055, 0.00207937136292, 0.00200356100686, 0.000218676868826, 0.0012837909162, 0.000237719912548, 0.000251590885455, 0.000326680165017, 0.000186963312444, 0.000132862725877, 0.000198620255105, 0.000308364833472, 0.000576863239985, 0.000151608343003, 0.000147757731611, 0.000110072774987, 5.50515869691e-05, 0.000128865940496, 5.05909920321e-05, 6.7874105298e-05, 3.83309270546e-05, 3.84661980206e-05, 5.12816150149e-05, 0.000126306229504, 0.000106767620309, 0.000126154802274, 7.61586925364e-05, 0.000132954635774, 0.000129330423078, 0.000183229494723, 0.000141189841088, 0.000198489928152, 0.000462584808702, 0.000150876279804, 0.000117540039355, 6.27555855317e-05, 0.00013462350762, 0.000203966657864, 0.00017222572933, 0.000174866072484, 0.000194850872504, 8.57307604747e-05, 0.000115025235573, 7.38573726267e-05, 4.97306646139e-05, 5.7267207012e-05, 4.23393321398e-05, 1.13036949188e-05, 3.08008566208e-05, 4.73152649647e-05, 5.05756979692e-05, 2.66560728051e-05, 2.62468074652e-05, 2.59322732745e-05, 1.44907980939e-05, 1.31252472784e-05, 3.78032808612e-07, 2.34589080605e-07, 1.76140019903e-07, 4.94836882581e-08, 4.6398240805e-09, 4.50890880188e-09, 4.33196145622e-09, 4.18899848142e-09, 4.13278922196e-09, 4.01808364359e-09, 3.95513310991e-09, 3.93455712455e-09, 3.88457932488e-09, 3.84278298071e-09, 3.81338560729e-09],
        "mean": [0.00145767163485, 0.0014279501047, 0.00133651820943, 0.00111203978304, 0.000548278563656, 0.000213975450606, 0.000130150976474, 0.000124623562442, 0.000135514957947, 0.00012538395822, 0.000202664567041, 0.000138421790325, 8.44298192533e-05, 0.000125311184092, 0.000126050435938, 6.51923037367e-05, 2.81155989796e-05, 2.34662129515e-05, 2.58232030319e-05, 3.38705540344e-05, 5.59246400371e-05, 6.80502125761e-05, 0.000105271305074, 0.000182480216608, 0.000244198832661, 0.000213210500078, 0.000215182153624, 0.000206723430892, 0.000169759485289, 0.000210859667277, 0.000171394160134, 0.000119169424579, 8.12468570075e-05, 0.000120514458104, 8.49962380016e-05, 7.09768355591e-05, 3.27294874296e-05, 4.94354426337e-05, 4.65534430987e-05, 4.79275731777e-05, 2.86827471427e-05, 3.97259609599e-05, 0.000104449682112, 4.00742901547e-05, 2.52878962783e-05, 3.52529059455e-05, 2.67930754489e-05, 1.78481277544e-05, 1.7496642613e-05, 4.8014393542e-05, 4.90643105877e-05, 1.48078679558e-05, 2.87405327981e-05, 1.50622072397e-05, 1.08637359517e-05, 2.5726716558e-05, 2.31488447753e-05, 3.21436273225e-05, 3.97289913963e-05, 3.08379167109e-05, 8.8218921519e-06, 1.11956187538e-05, 6.84896622261e-06, 8.93065134733e-06, 9.50629328145e-06, 5.0435473895e-06, 4.08228061133e-06, 3.86272722608e-06, 3.72492831957e-06, 4.33806053479e-06, 3.02213584291e-06, 2.80749623016e-06, 2.4868966193e-06, 2.07181051337e-06, 2.15594150177e-06, 1.85359942861e-06, 1.47228456626e-06, 1.5236512354e-06, 1.5675107079e-06, 1.40964368711e-06, 1.83208862836e-06, 1.77419417469e-06, 2.01991997528e-06, 1.89869945189e-06, 1.99127885026e-06, 2.0505408429e-06, 2.35009292737e-06, 2.34937215282e-06, 2.3885322662e-06, 3.07610821437e-06, 2.34494245888e-06, 1.52679649545e-06, 1.27034650177e-06, 1.60773265634e-06, 1.58560840191e-06, 1.43310569456e-06, 1.48729577631e-06, 1.59071896633e-06, 1.22780261336e-06, 1.27250166315e-06, 8.52507184845e-07, 5.25601478785e-07, 3.14648019639e-07, 2.56670887211e-07, 1.9415253405e-07, 2.32059207406e-07, 2.79733086472e-07, 3.33763523486e-07, 2.21618435603e-07, 1.75993619678e-07, 1.54403437591e-07, 1.26417617707e-07, 4.65375578074e-08, 2.13461093246e-09, 1.40871381227e-09, 1.50352086337e-09, 2.71159317222e-10, 1.24014201686e-11, 1.20318850369e-11, 1.14965511069e-11, 1.11031331698e-11, 1.09634419598e-11, 1.0764137845e-11, 1.05430889713e-11, 1.00368480888e-11, 9.19178275161e-12, 8.70220475541e-12, 8.58314114227e-12],
        "min": [2.59057228794e-12, 4.01914418413e-10, 7.2363659509e-10, 6.64950983165e-10, 4.07924499735e-10, 4.85449069831e-10, 1.02538966207e-09, 1.78346171165e-09, 2.78250733565e-09, 3.94389898517e-09, 4.2747210216e-09, 3.22882476311e-09, 1.70447145287e-09, 6.57942700322e-10, 6.37796371272e-10, 8.99965602041e-10, 4.96394259031e-10, 9.30076848871e-11, 2.81857093221e-10, 3.23641197175e-10, 8.24673523914e-11, 1.02300577731e-10, 1.61802821141e-10, 5.15578801874e-10, 4.30578406263e-10, 1.03287850495e-10, 8.79419245758e-11, 8.18606918362e-11, 3.70925734572e-10, 9.21269338594e-10, 4.37715308443e-10, 2.2923812848e-10, 2.04889036293e-10, 2.09777153981e-10, 1.62584529173e-10, 2.80552220344e-10, 1.12776732397e-10, 1.46315404237e-10, 2.6407273937e-11, 3.22342499914e-11, 1.43137359604e-11, 1.63567256961e-10, 2.80818729381e-10, 8.09180361605e-11, 4.25732088472e-11, 3.54304224848e-11, 4.97836494251e-11, 1.94639124262e-10, 5.27746249479e-11, 6.29426094578e-11, 1.9385992811e-10, 3.05978742343e-10, 2.00333291622e-10, 1.05945766049e-10, 2.3524576731e-10, 5.28689425572e-10, 4.72924921446e-10, 6.45123260368e-11, 1.47641038284e-10, 2.18771042948e-10, 4.22759466323e-11, 2.85834238223e-11, 4.70634711758e-11, 1.64998389951e-10, 2.72484656366e-11, 3.54202604747e-11, 4.17559112287e-11, 5.41083011729e-11, 5.23125598395e-10, 1.86730700347e-10, 1.15578463467e-10, 1.42834175043e-10, 8.85444911836e-11, 4.10748074442e-10, 3.1527325195e-10, 1.79850509485e-10, 8.67401012128e-11, 8.54255208238e-11, 1.18245135905e-10, 8.23311488429e-11, 1.03310998645e-10, 2.20809967533e-10, 2.87801560361e-10, 7.99644170324e-11, 4.83305999388e-11, 6.1980989785e-11, 1.36145275609e-10, 8.46335154736e-11, 5.89705645426e-11, 4.62152191516e-11, 5.68411984148e-11, 2.79282170307e-11, 2.99609365095e-11, 5.38909819547e-11, 1.72699923806e-10, 1.20831011863e-10, 4.42797812306e-11, 1.03637202986e-10, 3.61729014797e-11, 1.06360711905e-10, 1.53560206217e-10, 3.92787642689e-11, 5.44610233646e-12, 1.89488767559e-12, 1.05711348963e-12, 1.19912467542e-12, 7.28030374701e-13, 1.0204969465e-12, 8.1311476649e-13, 6.99487830939e-13, 6.83273099558e-13, 5.14085193686e-13, 6.99517429658e-13, 8.46839091906e-13, 7.05579420845e-13, 7.93122837371e-13, 7.47968744233e-13, 6.91222361467e-13, 9.71983344505e-13, 8.11446992498e-13, 8.56706144827e-13, 8.24622163088e-13, 9.09965028675e-13, 7.85693070934e-13, 5.45995106765e-13, 2.14288791789e-13, 3.00478161775e-14, 7.7230865356e-16],
        "stdev": [0.00606566946954, 0.00444336002693, 0.00537172332406, 0.00493838079274, 0.00232153828256, 0.000646672910079, 0.000405132566812, 0.000406197505072, 0.000394029833842, 0.000371898611775, 0.000583269575145, 0.000398588133976, 0.000337653997121, 0.000669756496791, 0.000772377708927, 0.000370700814528, 7.60503535275e-05, 5.47456183995e-05, 6.96108472766e-05, 9.87269158941e-05, 0.000164561992278, 0.000197615328943, 0.000233025173657, 0.000396920979256, 0.000418368057581, 0.000353948678821, 0.000351357040927, 0.000368487962987, 0.00022916564194, 0.00034700174001, 0.000362183869584, 0.000238642285694, 0.000163335862453, 0.000361725484254, 0.000152243839693, 0.000203404211788, 6.92640896887e-05, 0.000146957216202, 0.000117532734293, 0.000103555634269, 5.45681905351e-05, 7.97812026576e-05, 0.000344099244103, 9.40626050578e-05, 4.11094988522e-05, 8.57295308379e-05, 5.90900053794e-05, 4.33557252109e-05, 3.38042045769e-05, 0.000183184136404, 0.000219566209125, 3.17022277159e-05, 0.000133965411806, 5.03303090227e-05, 2.27786313189e-05, 0.000116703617095, 8.76360281836e-05, 0.000196569482796, 0.000180999617442, 0.000148191829794, 2.14061328734e-05, 6.22396255494e-05, 1.96948003577e-05, 2.87983657472e-05, 3.39791877195e-05, 1.62910782819e-05, 1.00260331237e-05, 1.47039554577e-05, 1.73680109583e-05, 2.70801574516e-05, 9.69847951637e-06, 9.17977467907e-06, 7.80173377279e-06, 5.36288871444e-06, 6.9253210313e-06, 4.66568371849e-06, 4.15365502704e-06, 3.89775368603e-06, 3.85513249057e-06, 4.09858921557e-06, 8.33599733596e-06, 7.84597887105e-06, 9.10270955501e-06, 7.60010334488e-06, 9.35688331083e-06, 9.29126872506e-06, 1.1641400306e-05, 1.14962613225e-05, 1.30809266921e-05, 2.30037876463e-05, 1.28621095428e-05, 8.19780871097e-06, 5.85975340073e-06, 9.02411829884e-06, 1.0907374417e-05, 9.94660604192e-06, 1.19553515106e-05, 1.2660791981e-05, 7.55097789806e-06, 8.4848725237e-06, 5.51091761736e-06, 3.1364681945e-06, 2.57578062701e-06, 1.92954985323e-06, 9.11709662432e-07, 1.55989221184e-06, 2.36415871768e-06, 2.53011489804e-06, 1.66751726738e-06, 1.40092799938e-06, 1.3598021269e-06, 9.1581085826e-07, 5.76451100187e-07, 1.97549034908e-08, 1.25263897033e-08, 1.25645467364e-08, 2.71882250047e-09, 1.97599409058e-10, 1.91973520414e-10, 1.84433759931e-10, 1.78347364654e-10, 1.75952752368e-10, 1.71065148158e-10, 1.68386193877e-10, 1.67527894335e-10, 1.65430488752e-10, 1.63667149278e-10, 1.62417385097e-10]
    },
    "mfcc": {
        "mean": [-694.741699219, 110.83543396, -37.9971160889, -8.34298610687, -13.7293367386, 3.81424713135, 3.83783435822, 14.1323804855, 7.86770439148, 8.03704929352, -4.24876785278, -4.0327167511, -7.1782541275],
        "cov": [[5605.85205078, -320.537200928, 606.460266113, 528.451904297, 823.578063965, 475.007781982, 368.56628418, 488.97354126, 243.514678955, 40.6690940857, 161.947174072, -4.02736711502, -75.2251281738], [-320.537200928, 781.373413086, 103.109825134, 117.562019348, -21.5874576569, -17.4212703705, -35.0577964783, -60.2583045959, -3.57578420639, -21.1436309814, -50.3341712952, -2.04796528816, -8.3837594986], [606.460266113, 103.109825134, 1136.27160645, 583.611816406, 300.605621338, 288.540740967, 109.869003296, -21.0489139557, 36.8591918945, -10.1340446472, 3.36220741272, 8.35096645355, 67.8265686035], [528.451904297, 117.562019348, 583.611816406, 486.172180176, 284.681427002, 245.316345215, 130.418869019, 47.1335754395, 60.7624511719, 2.20183897018, 7.01777982712, 15.4388914108, 51.0161781311], [823.578063965, -21.5874576569, 300.605621338, 284.681427002, 366.810516357, 223.180145264, 169.538497925, 116.174064636, 73.3298339844, -2.69774413109, 12.1603164673, 5.10610628128, 18.3050727844], [475.007781982, -17.4212703705, 288.540740967, 245.316345215, 223.180145264, 344.441711426, 213.165527344, 130.770965576, 160.099349976, 70.9259414673, 35.3077011108, 7.20674562454, 27.1592216492], [368.56628418, -35.0577964783, 109.869003296, 130.418869019, 169.538497925, 213.165527344, 219.42048645, 138.516052246, 153.875900269, 77.0093765259, 53.0667037964, 13.6809968948, 14.233464241], [488.97354126, -60.2583045959, -21.0489139557, 47.1335754395, 116.174064636, 130.770965576, 138.516052246, 186.713790894, 138.547943115, 78.8169021606, 66.4304046631, 25.3610267639, 11.443570137], [243.514678955, -3.57578420639, 36.8591918945, 60.7624511719, 73.3298339844, 160.099349976, 153.875900269, 138.547943115, 226.21711731, 120.765785217, 81.5287094116, 29.8170528412, 8.29430294037], [40.6690940857, -21.1436309814, -10.1340446472, 2.20183897018, -2.69774413109, 70.9259414673, 77.0093765259, 78.8169021606, 120.765785217, 132.051620483, 78.2659912109, 32.9327163696, 19.6945457458], [161.947174072, -50.3341712952, 3.36220741272, 7.01777982712, 12.1603164673, 35.3077011108, 53.0667037964, 66.4304046631, 81.5287094116, 78.2659912109, 99.3530654907, 40.8883361816, 23.4698123932], [-4.02736711502, -2.04796528816, 8.35096645355, 15.4388914108, 5.10610628128, 7.20674562454, 13.6809968948, 25.3610267639, 29.8170528412, 32.9327163696, 40.8883361816, 68.0800323486, 29.6717700958], [-75.2251281738, -8.3837594986, 67.8265686035, 51.0161781311, 18.3050727844, 27.1592216492, 14.233464241, 11.443570137, 8.29430294037, 19.6945457458, 23.4698123932, 29.6717700958, 64.8349456787]],
        "icov": [[0.00038096687058, 6.85133200022e-05, -0.000148332648678, 2.69684096565e-05, -0.000719473639037, -6.43429011689e-05, 0.000553613819648, -0.00097363506211, 0.000189132420928, 0.000259734428255, -0.000782294839155, 0.000193204046809, 0.000956904084887], [6.85133200022e-05, 0.00156284717377, 0.000164347977261, -0.00110819761176, 0.000313782074954, 0.000471071427455, 0.000171342981048, 0.00022282495047, -0.000728659564629, -0.000172380445292, 0.00106975086965, -0.000390923582017, 0.00055602833163], [-0.000148332648678, 0.000164347977261, 0.00271677109413, -0.00309500982985, 0.000273535231827, -0.00085522927111, 0.000453904183814, 0.00205717189237, -0.000252124416875, -9.94556030491e-05, -0.000619165075477, 0.000380976882298, -0.00062710873317], [2.69684096565e-05, -0.00110819761176, -0.00309500982985, 0.00938433781266, -0.00385827175342, -0.00203891168348, 0.000537541694939, 0.000329203583533, 3.70752832168e-06, 0.000433072331361, 2.53363141383e-05, -0.00073047564365, -0.0022979658097], [-0.000719473639037, 0.000313782074954, 0.000273535231827, -0.00385827175342, 0.0101424828172, -0.000708119012415, -0.00489206286147, -0.00194191024639, 0.00152423384134, 0.00306818541139, 0.00133135775104, -0.000964489998296, -0.000362175022019], [-6.43429011689e-05, 0.000471071427455, -0.00085522927111, -0.00203891168348, -0.000708119012415, 0.011320120655, -0.00669499160722, -0.000464652315713, -0.0028079978656, -0.00171789119486, 0.00395922129974, 0.00136732950341, -0.00168287637644], [0.000553613819648, 0.000171342981048, 0.000453904183814, 0.000537541694939, -0.00489206286147, -0.00669499160722, 0.0198431201279, -0.0044321496971, -0.00419858237728, -0.000930235895794, -0.00237030512653, 0.001768453978, 0.0012468281202], [-0.00097363506211, 0.00022282495047, 0.00205717189237, 0.000329203583533, -0.00194191024639, -0.000464652315713, -0.0044321496971, 0.0180214345455, -0.00491265393794, -0.00148266879842, -0.00134915462695, -0.00104996084701, -0.0029291533865], [0.000189132420928, -0.000728659564629, -0.000252124416875, 3.70752832168e-06, 0.00152423384134, -0.0028079978656, -0.00419858237728, -0.00491265393794, 0.0162797272205, -0.00682743452489, -0.00288961664774, -0.00117535924073, 0.00449601141736], [0.000259734428255, -0.000172380445292, -9.94556030491e-05, 0.000433072331361, 0.00306818541139, -0.00171789119486, -0.000930235895794, -0.00148266879842, -0.00682743452489, 0.0226993635297, -0.0105757154524, -0.000281094457023, -0.00170321867336], [-0.000782294839155, 0.00106975086965, -0.000619165075477, 2.53363141383e-05, 0.00133135775104, 0.00395922129974, -0.00237030512653, -0.00134915462695, -0.00288961664774, -0.0105757154524, 0.0273674856871, -0.00770099693909, -0.0042177233845], [0.000193204046809, -0.000390923582017, 0.000380976882298, -0.00073047564365, -0.000964489998296, 0.00136732950341, 0.001768453978, -0.00104996084701, -0.00117535924073, -0.000281094457023, -0.00770099693909, 0.0234787091613, -0.00787512678653], [0.000956904084887, 0.00055602833163, -0.00062710873317, -0.0022979658097, -0.000362175022019, -0.00168287637644, 0.0012468281202, -0.0029291533865, 0.00449601141736, -0.00170321867336, -0.0042177233845, -0.00787512678653, 0.0251937042922]]
    },
    "spectral_contrast_coeffs": {
        "max": [-0.39923208952, -0.55779248476, -0.609264433384, -0.569782853127, -0.588095724583, -0.678130984306],
        "mean": [-0.752042710781, -0.767234861851, -0.776858091354, -0.825803995132, -0.818772554398, -0.773044466972],
        "min": [-0.904823899269, -0.924818217754, -0.932896256447, -0.898692011833, -0.886047542095, -0.875017881393],
        "stdev": [0.0819407552481, 0.0720345154405, 0.0520717762411, 0.0490348786116, 0.0490222238004, 0.0268839839846]
    },
    "spectral_contrast_valleys": {
        "max": [-5.36230373383, -5.27917051315, -5.51223325729, -5.62644100189, -5.83424758911, -7.36509418488],
        "mean": [-8.12571716309, -7.31652212143, -6.93223285675, -7.41700315475, -7.82555389404, -10.7882757187],
        "min": [-12.8907279968, -12.4475355148, -12.5449094772, -13.1277122498, -12.5278139114, -14.1202411652],
        "stdev": [1.36483931541, 0.726893723011, 0.640623986721, 0.682089984417, 0.678906202316, 0.949355661869]
    }
},
"rhythm": {
    "beats_count": 26,
    "beats_loudness": {
        "max": 0.182411804795,
        "mean": 0.0220203399658,
        "min": 0.000387204054277,
        "stdev": 0.0366754867136
    },
    "bpm": 111.390991211,
    "bpm_histogram_first_peak_bpm": 112,
    "bpm_histogram_first_peak_weight": 0.399999976158,
    "bpm_histogram_second_peak_bpm": 140,
    "bpm_histogram_second_peak_spread": 0.45454543829,
    "bpm_histogram_second_peak_weight": 0.239999994636,
    "danceability": 0.791584670544,
    "onset_rate": 2.03771901131,
    "beats_loudness_band_ratio": {
        "max": [0.82660061121, 0.858082950115, 0.82041156292, 0.610752046108, 0.616711378098, 0.104601189494],
        "mean": [0.258018016815, 0.0795052722096, 0.204643175006, 0.28498095274, 0.162878528237, 0.0451822131872],
        "min": [6.72513851896e-05, 0.000634394062217, 0.025369822979, 0.0387330800295, 0.00715531175956, 0.00239467737265],
        "stdev": [0.289356142282, 0.166490375996, 0.17139454186, 0.1693328619, 0.156291052699, 0.0355725064874]
    },
    "beats_position": [0.522448956966, 1.05650794506, 1.59056687355, 2.12462592125, 2.67029476166, 3.21596360207, 3.76163268089, 4.3073015213, 4.841360569, 5.3754196167, 5.90947818756, 6.3622674942, 6.81505680084, 7.26784563065, 7.69741487503, 8.13859367371, 8.56816291809, 8.99773216248, 9.43891143799, 9.86848068237, 10.2980499268, 10.7276191711, 11.1455783844, 11.5635375977, 11.9814968109, 12.387845993],
