{
"metadata": {
    "version": {
        "essentia": "2.1-beta5",
        "essentia_git_sha": "Undefined",
        "extractor": "music 2.0"
    },
    "audio_properties": {
        "analysis": {
            "equal_loudness": 0,
            "length": 12.7477550507,
            "sample_rate": 44100,
            "start_time": 0,
            "downmix": "mix"
        },
        "bit_rate": 192000,
        "length": 206.402191162,
        "lossless": 0,
        "number_channels": 2,
        "replay_gain": 9.6715297699,
        "sample_rate": 48000,
        "codec": "mp3",
        "md5_encoded": "c97f199ec5a3c22eeaefa6fcbf8c88ab"
    },
    "tags": {
        "file_name": "Lithuania_Something_Andrius Pojavis.mp3",
        "encoding": ["Lavf58.29.100"]
    }
},
"lowlevel": {
    "average_loudness": 0.492156028748,
    "barkbands_crest": {
        "max": 26.9202537537,
        "mean": 12.2006511688,
        "min": 2.4106798172,
        "stdev": 6.67941999435
    },
    "barkbands_flatness_db": {
        "max": 0.590453326702,
        "mean": 0.203689396381,
        "min": 0.0299635436386,
        "stdev": 0.124036230147
    },
    "barkbands_kurtosis": {
        "max": 477.169036865,
        "mean": 10.1808433533,
        "min": -1.85533332825,
        "stdev": 28.6114883423
    },
    "barkbands_skewness": {
        "max": 10.5102510452,
        "mean": 0.494022101164,
        "min": -17.1868629456,
        "stdev": 2.66495919228
    },
    "barkbands_spread": {
        "max": 97.0014038086,
        "mean": 16.6290740967,
        "min": 0.0536457560956,
        "stdev": 12.9629306793
    },
    "dissonance": {
        "max": 0.499999552965,
        "mean": 0.458007484674,
        "min": 0.0837315991521,
        "stdev": 0.0647208318114
    },
    "dynamic_complexity": 5.31515884399,
    "erbbands_crest": {
        "max": 33.1533737183,
        "mean": 11.375825882,
        "min": 2.87669849396,
        "stdev": 8.37612056732
    },
    "erbbands_flatness_db": {
        "max": 0.6316010952,
        "mean": 0.241328760982,
        "min": 0.0731106847525,
        "stdev": 0.14265820384
    },
    "erbbands_kurtosis": {
        "max": 55.3649330139,
        "mean": 4.26145172119,
        "min": -1.39389967918,
        "stdev": 10.0731096268
    },
    "erbbands_skewness": {
        "max": 2.00300073624,
        "mean": -0.213523596525,
        "min": -4.50354766846,
        "stdev": 1.15296673775
    },
    "erbbands_spread": {
        "max": 83.8773574829,
        "mean": 24.4665279388,
        "min": 0.286473184824,
        "stdev": 17.251449585
    },
    "hfc": {
        "max": 215.26763916,
        "mean": 16.4110374451,
        "min": 3.95403985749e-05,
        "stdev": 23.5028457642
    },
    "loudness_ebu128": {
        "integrated": -32.4814872742,
        "loudness_range": 5.80373573303,
        "momentary": {
            "max": -27.5367832184,
            "mean": -35.5101203918,
            "min": -49.5460357666,
            "stdev": 5.61222648621
        },
        "short_term": {
            "max": -30.6370391846,
            "mean": -33.5787277222,
            "min": -38.562210083,
            "stdev": 2.16429281235
        }
    },
    "melbands_crest": {
        "max": 37.9693374634,
        "mean": 17.6262760162,
        "min": 3.09204745293,
        "stdev": 8.5841960907
    },
    "melbands_flatness_db": {
        "max": 0.61849462986,
        "mean": 0.241005659103,
        "min": 0.0342007540166,
        "stdev": 0.125599607825
    },
    "melbands_kurtosis": {
        "max": 199.872329712,
        "mean": 11.9602003098,
        "min": -1.70794248581,
        "stdev": 20.4248523712
    },
    "melbands_skewness": {
        "max": 13.0440988541,
        "mean": 1.13990235329,
        "min": -7.60796451569,
        "stdev": 2.78336930275
    },
    "melbands_spread": {
        "max": 87.7045440674,
        "mean": 20.7109870911,
        "min": 0.304881155491,
        "stdev": 15.5000944138
    },
    "pitch_salience": {
        "max": 0.828365504742,
        "mean": 0.497756958008,
        "min": 0.0485448166728,
        "stdev": 0.17948512733
    },
    "silence_rate_20dB": {
        "max": 1,
        "mean": 0.990909099579,
        "min": 0,
        "stdev": 0.0949115604162
    },
    "silence_rate_30dB": {
        "max": 1,
        "mean": 0.914545476437,
        "min": 0,
        "stdev": 0.279556304216
    },
    "silence_rate_60dB": {
        "max": 1,
        "mean": 0.270909100771,
        "min": 0,
        "stdev": 0.444428473711
    },
    "spectral_centroid": {
        "max": 3039.12475586,
        "mean": 1434.99035645,
        "min": 438.09854126,
        "stdev": 484.478485107
    },
    "spectral_complexity": {
        "max": 49,
        "mean": 14.1290912628,
        "min": 0,
        "stdev": 9.42663860321
    },
    "spectral_decrease": {
        "max": -1.03519930478e-15,
        "mean": -1.05718012122e-08,
        "min": -3.36781937449e-07,
        "stdev": 2.44013893536e-08
    },
    "spectral_energy": {
        "max": 1.27440214157,
        "mean": 0.0413889586926,
        "min": 7.49351336538e-09,
        "stdev": 0.0926667004824
    },
    "spectral_energyband_high": {
        "max": 0.0237809456885,
        "mean": 0.000341608043527,
        "min": 2.92994095652e-09,
        "stdev": 0.00134854041971
    },
    "spectral_energyband_low": {
        "max": 0.668698251247,
        "mean": 0.0203853473067,
        "min": 1.54182167034e-10,
        "stdev": 0.0582781881094
    },
    "spectral_energyband_middle_high": {
        "max": 0.105462923646,
        "mean": 0.00858798343688,
        "min": 2.52474396945e-09,
        "stdev": 0.0161104965955
    },
    "spectral_energyband_middle_low": {
        "max": 0.115858875215,
        "mean": 0.00560798216611,
        "min": 1.83996451408e-09,
        "stdev": 0.0108478190377
    },
    "spectral_entropy": {
        "max": 8.62237262726,
        "mean": 7.252430439,
        "min": 3.57519221306,
        "stdev": 1.04561173916
    },
    "spectral_flux": {
        "max": 0.517736017704,
        "mean": 0.0916883200407,
        "min": 8.65650799824e-05,
        "stdev": 0.0855864733458
    },
    "spectral_kurtosis": {
        "max": 165.833236694,
        "mean": 19.4707336426,
        "min": -0.214235782623,
        "stdev": 31.9269523621
    },
    "spectral_rms": {
        "max": 0.0352607294917,
        "mean": 0.00480518909171,
        "min": 2.70383884526e-06,
        "stdev": 0.00415807915851
    },
    "spectral_rolloff": {
        "max": 13178.3203125,
        "mean": 1281.14733887,
        "min": 21.533203125,
        "stdev": 1121.07116699
    },
    "spectral_skewness": {
        "max": 9.88433837891,
        "mean": 2.5194413662,
        "min": 0.553318738937,
        "stdev": 2.11164236069
    },
    "spectral_spread": {
        "max": 12951295,
        "mean": 3302289.5,
        "min": 488738.625,
        "stdev": 1598118.75
    },
    "spectral_strongpeak": {
        "max": 14.702422142,
        "mean": 1.39347445965,
        "min": 0,
        "stdev": 2.61189961433
    },
    "zerocrossingrate": {
        "max": 0.2099609375,
        "mean": 0.0550710223615,
        "min": 0.00390625,
        "stdev": 0.0282895937562
    },
    "barkbands": {
        "max": [1.08658277988, 0.213629618287, 0.0469249412417, 0.0324169993401, 0.0594314560294, 0.00956650730222, 0.014666439034, 0.0506960079074, 0.0110499514267, 0.00543790170923, 0.101501569152, 0.026910956949, 0.0646046325564, 0.0702239647508, 0.00129296188243, 0.00167322950438, 0.00165463634767, 0.00226454855874, 0.00246640876867, 0.000924059946556, 0.00134113489185, 0.00399021990597, 0.00482516130432, 0.00714100571349, 0.00420289486647, 0.00280166231096, 1.31844708449e-05],
        "mean": [0.0154554871842, 0.0100812837481, 0.00143904250581, 0.000838539737742, 0.00229947851039, 0.000570757896639, 0.000237272412051, 0.000796637090389, 0.00063018448418, 0.000544884242117, 0.00357422255911, 0.000520186207723, 0.00149910838809, 0.00183902261779, 0.000158983282745, 0.000198532943614, 0.000130269123474, 0.000105727711343, 9.00757222553e-05, 8.44504829729e-05, 7.50856488594e-05, 6.47527413093e-05, 5.57299281354e-05, 4.63547512481e-05, 3.25829532812e-05, 2.02783812711e-05, 3.09932097764e-08],
        "min": [1.41204145598e-10, 7.43438435813e-11, 7.14713921726e-12, 1.45387764328e-11, 2.00111264365e-11, 1.19898757589e-10, 2.09143452556e-10, 3.54352380771e-10, 1.051245202e-09, 2.0077137175e-10, 2.53802701078e-10, 1.41286454758e-10, 3.85330073405e-10, 1.54444637634e-10, 4.57738541515e-10, 2.73813527407e-10, 1.61804500354e-10, 2.40783060157e-10, 2.51524107098e-10, 1.26978969006e-10, 2.25784654861e-10, 2.56073384719e-10, 2.50513665367e-10, 3.18691822931e-10, 5.60752333456e-10, 4.82802409163e-10, 7.54311280105e-10],
        "stdev": [0.0702387094498, 0.0265307743102, 0.00411107484251, 0.00265745003708, 0.00656885281205, 0.00124379619956, 0.000705734884832, 0.00366263976321, 0.00102223432623, 0.000778637942858, 0.0124210100621, 0.00174575252458, 0.00520354835317, 0.00640585552901, 0.000199269503355, 0.000259881606326, 0.00018794737116, 0.00017580651911, 0.000204733994906, 0.000118845498946, 0.00014142402506, 0.000233319864492, 0.000279915431747, 0.000351327558747, 0.000249503413215, 0.000170774583239, 5.61677325095e-07]
    },
    "erbbands": {
        "max": [16.6240272522, 36.8267326355, 49.1035003662, 76.3173675537, 230.352294922, 347.07925415, 160.489517212, 93.9822387695, 210.497665405, 131.601623535, 1400.29821777, 308.329223633, 207.065872192, 1262.36242676, 3424.41210938, 1225.88500977, 1279.83007812, 4539.76416016, 207.810882568, 70.7205657959, 87.6330566406, 97.3314056396, 94.8325881958, 109.607376099, 123.04800415, 47.205116272, 62.5967636108, 45.0125579834, 111.212554932, 211.829330444, 104.018447876, 160.546279907, 94.4081420898, 50.8842964172, 31.1564769745, 16.7911949158, 4.46746253967, 0.151005253196, 0.004235743545, 0.00137013441417],
        "mean": [0.586410105228, 1.27963197231, 1.69271576405, 2.44492459297, 3.97890663147, 10.5552473068, 6.11563587189, 4.2839307785, 4.14891672134, 4.93423080444, 21.476518631, 15.5018825531, 19.3453788757, 48.5244483948, 119.722709656, 25.2972621918, 50.073764801, 131.721343994, 16.2190513611, 9.75554656982, 9.77264118195, 7.47953557968, 5.84727811813, 5.13300180435, 4.22378015518, 4.2437787056, 3.46230530739, 2.51199102402, 2.27032399178, 2.34725189209, 1.41142141819, 1.05131947994, 0.699015319347, 0.407253265381, 0.204093828797, 0.1284186095, 0.0275210458785, 0.000811443896964, 4.52797030448e-05, 4.88519945065e-05],
        "min": [4.38058789243e-09, 9.3583114591e-09, 7.80463160766e-09, 3.43850743434e-08, 4.96559522389e-08, 8.64124061195e-08, 2.06197313446e-07, 1.40820020533e-06, 3.1006077279e-06, 2.41135535362e-06, 1.6489328118e-05, 2.41172820097e-05, 7.34039349481e-06, 7.49568016545e-06, 8.22202400741e-06, 7.08968536856e-06, 1.91573144548e-05, 9.29317320697e-06, 8.69013729243e-06, 3.22052546835e-05, 1.35072205012e-05, 9.17119268706e-06, 1.20981330838e-05, 9.24782034417e-06, 1.37094930324e-05, 6.30065596852e-06, 1.12955540317e-05, 5.90218314755e-06, 1.02457561297e-05, 7.27056203687e-06, 7.4975428106e-06, 6.34140451439e-06, 6.13834436081e-06, 5.49767310076e-06, 4.32505203207e-06, 1.31987565055e-06, 9.04350542896e-07, 4.95653466714e-07, 1.18766479318e-07, 9.25949628083e-09],
        "stdev": [1.67618954182, 3.52944421768, 4.51031970978, 6.92388534546, 12.7017478943, 34.0338478088, 16.9627895355, 10.4151601791, 11.1286201477, 12.0550832748, 98.785697937, 27.6769313812, 26.123374939, 141.466079712, 389.189697266, 73.3692626953, 130.672454834, 473.328552246, 26.8475952148, 11.2195854187, 12.0794391632, 10.9668855667, 8.71624183655, 9.25547504425, 9.40659999847, 6.04620981216, 6.35258197784, 4.92056035995, 7.94964408875, 11.0648927689, 6.64848947525, 7.79782009125, 5.03742456436, 2.99060440063, 1.60959613323, 1.03567969799, 0.255828976631, 0.00808647833765, 0.000235134299146, 0.000103096732346]
    },
    "gfcc": {
        "mean": [-85.8053588867, 112.005691528, -156.70513916, 9.28979206085, -57.1874961853, 24.4205703735, -23.1592788696, 4.43231105804, -15.3788099289, -4.0046172142, -4.24615287781, -7.84919834137, -1.03529763222],
        "cov": [[11366.9482422, -768.489807129, 2117.7331543, 4273.69482422, 386.929077148, 939.43737793, -495.152709961, 855.480041504, -412.69342041, 143.780410767, -680.180053711, 222.05960083, 459.290100098], [-768.489807129, 1152.42822266, -339.917053223, -559.34161377, 224.924591064, -239.567367554, 203.999908447, -338.309051514, 242.743942261, -201.059143066, 327.283905029, -164.666290283, 27.7103767395], [2117.7331543, -339.917053223, 1309.86914062, 1049.15539551, 12.5665006638, 354.45602417, -106.848510742, 377.422943115, -185.543060303, 73.0182800293, -238.513671875, 318.014465332, 181.43170166], [4273.69482422, -559.34161377, 1049.15539551, 2844.32861328, -14.6091861725, 528.074645996, -252.694107056, 524.314208984, -110.117874146, 37.9596633911, -355.039703369, 37.1551055908, 355.465026855], [386.929077148, 224.924591064, 12.5665006638, -14.6091861725, 428.128295898, -70.7531433105, 13.8650045395, -106.656272888, 54.8767166138, 48.3985519409, 12.0105867386, -134.260406494, -153.200775146], [939.43737793, -239.567367554, 354.45602417, 528.074645996, -70.7531433105, 294.482116699, -14.7664871216, 175.091827393, -73.6787414551, -26.2203063965, -101.702178955, 88.6474380493, 123.245445251], [-495.152709961, 203.999908447, -106.848510742, -252.694107056, 13.8650045395, -14.7664871216, 189.137283325, -38.4182090759, 80.4545288086, -55.3025436401, 73.6772460938, 3.63585495949, 18.7557754517], [855.480041504, -338.309051514, 377.422943115, 524.314208984, -106.656272888, 175.091827393, -38.4182090759, 302.363128662, -61.804901123, 71.4781112671, -158.978179932, 91.4483795166, 87.2839126587], [-412.69342041, 242.743942261, -185.543060303, -110.117874146, 54.8767166138, -73.6787414551, 80.4545288086, -61.804901123, 174.42175293, -17.0717468262, 89.7808609009, -95.00025177, -6.76186275482], [143.780410767, -201.059143066, 73.0182800293, 37.9596633911, 48.3985519409, -26.2203063965, -55.3025436401, 71.4781112671, -17.0717468262, 158.511016846, -73.942199707, 1.13169968128, -81.213104248], [-680.180053711, 327.283905029, -238.513671875, -355.039703369, 12.0105867386, -101.702178955, 73.6772460938, -158.978179932, 89.7808609009, -73.942199707, 197.297042847, -28.2594833374, 34.2250328064], [222.05960083, -164.666290283, 318.014465332, 37.1551055908, -134.260406494, 88.6474380493, 3.63585495949, 91.4483795166, -95.00025177, 1.13169968128, -28.2594833374, 269.482757568, 121.366416931], [459.290100098, 27.7103767395, 181.43170166, 355.465026855, -153.200775146, 123.245445251, 18.7557754517, 87.2839126587, -6.76186275482, -81.213104248, 34.2250328064, 121.366416931, 247.039016724]],
        "icov": [[0.000290793803288, -0.000299739738693, 0.000133140332764, -0.000350957328919, -0.000413304835092, -0.000340352620697, 0.000316428951919, -0.000241609377554, 0.000440185540356, -0.000182653908269, 0.000253699283348, -0.000348586239852, -3.68655018974e-05], [-0.000299739738693, 0.00404971046373, -0.00153169047553, 0.000703780096956, -0.00087769277161, 0.00277137733065, -0.00174128438812, 0.00143752561416, -0.00194969959557, 0.00304015912116, -0.00227374001406, 0.00263552460819, -0.00212107482366], [0.000133140332764, -0.00153169047553, 0.00317022693343, -0.000740106741432, -0.0012753988849, -0.00185068987776, 0.00139639130794, -0.00236213998869, 0.000826099014375, -0.0005673362175, 0.000798995606601, -0.0041249175556, 0.00127377104945], [-0.000350957328919, 0.000703780096956, -0.000740106741432, 0.00171420455445, -0.00016937883629, 4.08337255067e-05, 0.000633173447568, 0.000160188268637, -0.00122386449948, 0.000389966095099, 0.00120525585953, 0.00209671654738, -0.00268191215582], [-0.000413304835092, -0.00087769277161, -0.0012753988849, -0.00016937883629, 0.00605794321746, -0.000391051784391, -0.0017164342571, 0.00291700824164, -0.000340290687745, -0.00243868608959, -0.000502285023686, 0.001782289939, 0.00348180835135], [-0.000340352620697, 0.00277137733065, -0.00185068987776, 4.08337255067e-05, -0.000391051784391, 0.0101988147944, -0.00286077824421, -0.0010819369927, 0.000481621653307, 0.00450364453718, -0.000166801619343, 0.00238663470373, -0.00276445620693], [0.000316428951919, -0.00174128438812, 0.00139639130794, 0.000633173447568, -0.0017164342571, -0.00286077824421, 0.0109653901309, -0.00342429871671, -0.00391935231164, 0.00243871193379, 0.000615324941464, -0.00365440291353, 0.000815071398392], [-0.000241609377554, 0.00143752561416, -0.00236213998869, 0.000160188268637, 0.00291700824164, -0.0010819369927, -0.00342429871671, 0.01409235131, -0.00214688573033, -0.00520519353449, 0.00637691607699, 0.00296024000272, -0.00468585500494], [0.000440185540356, -0.00194969959557, 0.000826099014375, -0.00122386449948, -0.000340290687745, 0.000481621653307, -0.00391935231164, -0.00214688573033, 0.014101497829, -0.00374081451446, -0.00373396114446, 0.00297073600814, -0.000626541732345], [-0.000182653908269, 0.00304015912116, -0.0005673362175, 0.000389966095099, -0.00243868608959, 0.00450364453718, 0.00243871193379, -0.00520519353449, -0.00374081451446, 0.0161504652351, -0.00146685657091, -0.0016722389264, 0.00398066500202], [0.000253699283348, -0.00227374001406, 0.000798995606601, 0.00120525585953, -0.000502285023686, -0.000166801619343, 0.000615324941464, 0.00637691607699, -0.00373396114446, -0.00146685657091, 0.020180977881, -0.000597344187554, -0.0081526171416], [-0.000348586239852, 0.00263552460819, -0.0041249175556, 0.00209671654738, 0.001782289939, 0.00238663470373, -0.00365440291353, 0.00296024000272, 0.00297073600814, -0.0016722389264, -0.000597344187554, 0.0137662412599, -0.00763772800565], [-3.68655018974e-05, -0.00212107482366, 0.00127377104945, -0.00268191215582, 0.00348180835135, -0.00276445620693, 0.000815071398392, -0.00468585500494, -0.000626541732345, 0.00398066500202, -0.0081526171416, -0.00763772800565, 0.0185832940042]]
    },
    "melbands": {
        "max": [0.155322834849, 0.0250012725592, 0.0150770302862, 0.0142019428313, 0.00831444282085, 0.00207091425546, 0.00317412870936, 0.00246948632412, 0.0105900149792, 0.00163085141685, 0.00102676311508, 0.00426685065031, 0.0147109683603, 0.00319139449857, 0.00152270088438, 0.00770017318428, 0.00769389327615, 0.000238676395384, 9.0585606813e-05, 0.000135632406455, 0.000126339320559, 0.000103983787994, 6.18572084932e-05, 0.000129028689116, 8.43604211695e-05, 0.00014686450595, 2.44428119913e-05, 3.93330956285e-05, 3.69277513528e-05, 3.4579752537e-05, 2.3766346203e-05, 5.66204544157e-05, 0.000126764178276, 0.00011216452549, 6.37146804365e-05, 6.68800785206e-05, 0.000124072219478, 8.76181729836e-05, 4.57872956758e-05, 4.16983639298e-05],
        "mean": [0.00485217105597, 0.00109255092684, 0.000464406621177, 0.000484996766318, 0.000300476065604, 9.94865549728e-05, 6.06083049206e-05, 7.19063245924e-05, 0.000171979991137, 9.09938607947e-05, 9.30422975216e-05, 0.000164464654517, 0.000528246106114, 7.26507787476e-05, 5.49239121028e-05, 0.000198822846869, 0.000234452003497, 2.0042705728e-05, 1.20327913464e-05, 1.45731410157e-05, 1.04056252894e-05, 7.6792712207e-06, 6.3741631493e-06, 4.76864806842e-06, 4.03995773013e-06, 3.42787529917e-06, 2.59491775978e-06, 2.86297563434e-06, 2.15349746213e-06, 1.82040434993e-06, 1.33634330268e-06, 1.19947048915e-06, 1.39562905588e-06, 1.25646761262e-06, 8.58896669342e-07, 6.05179309332e-07, 6.91938623731e-07, 5.39669827049e-07, 3.85374676171e-07, 3.29703937041e-07],
        "min": [3.66092989257e-11, 6.7327059726e-12, 6.16916890836e-12, 4.74365555517e-12, 6.59813436527e-12, 2.98081802297e-11, 4.71848810024e-11, 2.64852029197e-11, 1.76519479589e-10, 1.32703320554e-10, 3.21124273006e-11, 2.92191756901e-11, 3.17633939984e-11, 1.65981985101e-11, 2.61066949309e-11, 4.04887547101e-11, 1.4602022716e-11, 9.52055535103e-12, 4.11190595462e-11, 2.7507350564e-11, 1.59284512663e-11, 9.72857298193e-12, 6.28241859577e-12, 1.59241994591e-11, 5.26028786502e-12, 1.22264576935e-11, 5.24381493089e-12, 3.99707307183e-12, 8.02287056234e-12, 5.72490232303e-12, 2.43789949166e-12, 4.75784819529e-12, 6.35746099861e-12, 3.55695876399e-12, 4.5511450511e-12, 3.53541133001e-12, 4.27308102097e-12, 3.8733009855e-12, 5.00682524954e-12, 4.57341196164e-12],
        "stdev": [0.0141892498359, 0.00278389966115, 0.0012496903073, 0.00137004349381, 0.00091956864344, 0.000230153469602, 0.000164082157426, 0.000213622188312, 0.000737452763133, 0.000148472172441, 0.000131052875076, 0.000464114971692, 0.00184712093323, 0.000222429589485, 0.00012171191338, 0.000714413064998, 0.000831794633996, 3.01611235045e-05, 1.51187823576e-05, 2.02396313398e-05, 1.34754391183e-05, 1.16359005915e-05, 9.28085773921e-06, 8.73488716024e-06, 7.08951529305e-06, 1.06994293674e-05, 3.51200674231e-06, 4.45241494162e-06, 4.01984516429e-06, 3.71741725758e-06, 2.73848581855e-06, 4.24309519076e-06, 6.37017865301e-06, 6.21684785074e-06, 3.91361936636e-06, 3.45166495208e-06, 5.92118249187e-06, 4.37361131844e-06, 2.39034034166e-06, 2.59800276581e-06]
    },
    "melbands128": {
        "max": [0.494231045246, 0.198738247156, 0.104129306972, 0.0548937320709, 0.0259103626013, 0.0222471132874, 0.0183160640299, 0.0211585126817, 0.0268241073936, 0.0154184307903, 0.0268183033913, 0.0152292065322, 0.00453658122569, 0.00287088146433, 0.0030501682777, 0.00304498826154, 0.00343504385091, 0.00368010532111, 0.00257641356438, 0.001269813627, 0.00484646949917, 0.0128911286592, 0.0174003690481, 0.00266526383348, 0.00339516135864, 0.00109754351433, 0.00203591492027, 0.00184756494127, 0.00154087936971, 0.000791733968072, 0.000791788101196, 0.0219603143632, 0.0312038790435, 0.00452875345945, 0.00282132299617, 0.00614685937762, 0.00356416637078, 0.000876961683389, 0.00365151348524, 0.00134244724177, 0.00714753102511, 0.0280295293778, 0.00753658218309, 0.00331024685875, 0.000225605879677, 0.000179563314305, 0.000215668027522, 0.000151415762957, 0.000127617298858, 0.000136254660902, 0.000211836304516, 0.000212804414332, 0.000128276020405, 0.000209743971936, 0.000104500744783, 0.000131018779939, 0.000156611276907, 7.45169163565e-05, 6.72360183671e-05, 5.3078358178e-05, 0.000166545782122, 0.000166540557984, 0.000100386401755, 7.88984107203e-05, 9.53917042352e-05, 0.000322277774103, 8.46351831569e-05, 6.18574340479e-05, 5.44945032743e-05, 3.99532655138e-05, 3.48621179e-05, 9.04397966224e-05, 4.57549358543e-05, 3.96920113417e-05, 7.01072058291e-05, 6.61792000756e-05, 4.68969810754e-05, 3.78981894755e-05, 3.60483463737e-05, 3.38954669132e-05, 5.03169576405e-05, 7.62547351769e-05, 8.67999333423e-05, 0.000142719902215, 0.000150450432557, 0.000125098667922, 0.000110833454528, 8.29613563837e-05, 5.66322960367e-05, 7.14167399565e-05, 5.01630092913e-05, 8.59845531522e-05, 6.04816304985e-05, 9.27409419091e-05, 0.000193863743334, 0.000170321247424, 3.30610928359e-05, 4.5085183956e-05, 3.59792065865e-05, 6.33357922197e-05, 4.8589627113e-05, 5.87226641073e-05, 4.86416756758e-05, 5.78361978114e-05, 1.73730059032e-05, 3.64607330994e-05, 3.93549562432e-05, 5.54246689717e-05, 3.06503898173e-05, 1.75511777343e-05, 2.14159372263e-05, 3.04909590341e-05, 1.70642488229e-05, 1.70878604422e-06, 6.59629222355e-07, 5.67664642404e-07, 3.4377802649e-07, 8.9227847333e-10, 8.67634075696e-10, 7.86822551557e-10, 7.56325446716e-10, 7.45167372251e-10, 7.55521034623e-10, 7.28447080434e-10, 7.45683126357e-10, 7.02718272461e-10, 7.10265568582e-10, 7.01063762598e-10],
        "mean": [0.0084402160719, 0.00627876585349, 0.00356297777034, 0.00171619385947, 0.000921573431697, 0.00069789099507, 0.000488579564262, 0.000416071183281, 0.000398502859753, 0.000340219354257, 0.000740562216379, 0.000480625370983, 0.00015550867829, 0.000129404215841, 7.72474086261e-05, 0.000108921063656, 7.92560676928e-05, 5.10224344907e-05, 3.72451613657e-05, 3.53997747879e-05, 7.51454936108e-05, 0.000213860635995, 0.000206640295801, 0.000102794103441, 0.000103690603282, 7.17710863682e-05, 9.23144252738e-05, 0.000112290203106, 7.96443855506e-05, 5.25037939951e-05, 5.36964289495e-05, 0.000620427017566, 0.000894103897735, 0.000164565935847, 7.01781536918e-05, 6.34014431853e-05, 5.01436952618e-05, 3.90610730392e-05, 7.93426515884e-05, 5.24174065504e-05, 0.000129672378534, 0.000603362044785, 0.000244219991146, 8.1329679233e-05, 1.95838292711e-05, 1.41809587149e-05, 1.38174000313e-05, 1.17513191071e-05, 1.15284237836e-05, 1.15868197099e-05, 1.73696571437e-05, 1.51799767991e-05, 1.04244463728e-05, 9.05916840566e-06, 7.86835880717e-06, 7.22533604858e-06, 8.0863801486e-06, 7.01294629835e-06, 5.98660608375e-06, 4.5355191105e-06, 4.66757819595e-06, 4.75693059343e-06, 5.13656596013e-06, 3.45577063854e-06, 2.82984979094e-06, 4.35006131738e-06, 2.9530788197e-06, 2.44277225647e-06, 2.33846367337e-06, 3.17010835715e-06, 2.74900548902e-06, 3.34898072651e-06, 1.72563375145e-06, 1.97474241759e-06, 2.42577630161e-06, 2.05316086976e-06, 1.37034328418e-06, 1.49476750266e-06, 1.45919796068e-06, 1.04903119791e-06, 1.04550815649e-06, 1.36408630169e-06, 1.29766453938e-06, 1.36892219871e-06, 1.54212932557e-06, 1.27578766751e-06, 1.34682341013e-06, 8.99764472706e-07, 8.89297496087e-07, 7.42264148812e-07, 5.90898650898e-07, 6.12198732597e-07, 5.40283565442e-07, 6.18737090008e-07, 8.5927604232e-07, 7.57890802561e-07, 3.68337367718e-07, 4.06283533039e-07, 3.51277691379e-07, 4.6077215643e-07, 2.78016244692e-07, 3.75988122414e-07, 2.75028241958e-07, 2.54279200362e-07, 1.65217869608e-07, 2.1662913241e-07, 2.30311229643e-07, 3.82563200674e-07, 2.19669260559e-07, 1.40864997888e-07, 1.38580261932e-07, 1.78117062433e-07, 7.76386954726e-08, 5.06258102106e-09, 2.87083135042e-09, 2.33035191144e-09, 8.08949462971e-10, 2.193619765e-11, 2.32872783557e-11, 1.96163675581e-11, 1.82859699605e-11, 1.79746356688e-11, 1.69227045571e-11, 1.44884156755e-11, 1.23149259887e-11, 8.34072307748e-12, 6.32617482704e-12, 6.0035982262e-12],
        "min": [7.49857727994e-12, 4.64171166781e-11, 2.82288532827e-11, 1.16743194972e-11, 3.36272676371e-12, 4.30346730473e-12, 7.41693598899e-12, 6.75622145035e-12, 4.38177879397e-12, 4.73558735628e-12, 5.31143098254e-12, 2.93306264693e-12, 2.66706622065e-12, 1.50786865633e-11, 3.43957466675e-11, 3.36818004043e-11, 3.93231766593e-11, 6.42806502471e-11, 3.91139620692e-11, 1.27620284132e-11, 2.08509841337e-11, 5.87474582869e-11, 1.92403121213e-10, 3.12110920442e-10, 2.01884287065e-10, 3.58338150819e-11, 2.30245596894e-11, 3.78800671386e-11, 3.91359687713e-11, 1.76106716016e-11, 2.96094468388e-11, 4.39045917677e-11, 3.42516119634e-11, 2.23189470377e-11, 1.51839495838e-11, 1.44346166964e-11, 2.08447252514e-11, 1.25916057095e-11, 3.51458896708e-11, 6.75280664719e-11, 3.49146683787e-11, 1.48707469949e-11, 1.47786088922e-11, 1.38334456737e-11, 1.28820756146e-11, 6.34069186045e-12, 8.50000365232e-12, 2.43521626475e-11, 7.54553086679e-11, 5.19729918824e-11, 1.5408445353e-11, 7.82932225996e-12, 1.12068540212e-11, 2.61366570747e-11, 1.20874447604e-11, 5.92287243556e-12, 9.66120846518e-12, 7.55985725409e-12, 3.92806013411e-12, 4.82097087945e-12, 2.90727754371e-11, 1.15389494834e-11, 2.90553930742e-12, 4.48066020051e-12, 6.37691028454e-12, 1.68115712323e-11, 1.20753268495e-11, 8.22883167856e-12, 3.81521767304e-12, 8.43506959159e-13, 2.34480187003e-12, 7.09226904635e-12, 7.8488370317e-12, 9.85631975342e-12, 4.6507550415e-12, 7.67618347358e-12, 5.03643611191e-12, 2.66226689132e-12, 1.83805618295e-12, 2.65690095792e-12, 2.34852588765e-12, 3.3347014386e-12, 1.53478185022e-11, 4.05093233263e-12, 2.98573188742e-12, 3.29495762272e-12, 3.92833725618e-12, 3.80086630572e-12, 5.45556265094e-12, 4.43953034057e-12, 2.87185011015e-12, 4.63057413594e-12, 2.19127190351e-12, 4.01804848074e-12, 6.4495834888e-12, 2.48258011371e-12, 4.77181011718e-12, 3.29887137572e-12, 5.46930469664e-12, 5.89999143291e-12, 3.13045292813e-12, 4.9455834393e-12, 5.43389508736e-12, 3.58386692718e-12, 5.03291245485e-12, 5.61889033565e-12, 1.87966547709e-12, 2.88349379096e-12, 1.4592129588e-12, 1.65797811678e-12, 2.46422717301e-12, 3.16724966566e-12, 2.07843898342e-12, 2.59867214553e-12, 3.97779292144e-12, 3.56281063679e-12, 3.87439949914e-12, 3.79590846603e-12, 3.35322915268e-12, 3.89435402329e-12, 2.00004639586e-12, 4.63035079029e-12, 2.7696887752e-12, 2.04135233023e-12, 2.78484483737e-12, 6.84026132177e-13, 1.25617059614e-13, 3.21605196358e-15],
        "stdev": [0.0356337539852, 0.0187962837517, 0.0100053818896, 0.00485798204318, 0.00253245723434, 0.00203698314726, 0.00152735994197, 0.00136795581784, 0.00145216961391, 0.000994229107164, 0.00255528558046, 0.00165928783827, 0.000414860958699, 0.000336108263582, 0.000248452473897, 0.000297429971397, 0.000227056545555, 0.000173971537151, 0.000128230487462, 9.42415499594e-05, 0.000282550026895, 0.0010435882723, 0.00113448873162, 0.000232105056057, 0.000271250755759, 0.000117633244372, 0.000155479094246, 0.000200270922505, 0.000145785772474, 8.86916095624e-05, 8.09549237601e-05, 0.00241255294532, 0.00343203404918, 0.000378164637368, 0.000207389894058, 0.000354201562004, 0.000192843624973, 7.93227518443e-05, 0.000227072538109, 0.000119428812468, 0.000517146952916, 0.0025764699094, 0.000862570886966, 0.00033009739127, 2.7128835427e-05, 2.02588398679e-05, 2.21654991037e-05, 1.75628392753e-05, 1.69650174939e-05, 1.77742858796e-05, 3.07977898046e-05, 2.76308310276e-05, 1.54778372234e-05, 1.61599746207e-05, 1.18753014249e-05, 1.40236170409e-05, 1.8342756448e-05, 1.19188289318e-05, 1.06779662019e-05, 6.95096741765e-06, 1.0994753211e-05, 1.07995974759e-05, 9.6620997283e-06, 6.09045491728e-06, 6.59083798382e-06, 2.01015955099e-05, 6.66011783323e-06, 4.35474021288e-06, 4.1341618271e-06, 5.5471396081e-06, 4.36917252955e-06, 8.51436743687e-06, 3.52363690581e-06, 4.08108144256e-06, 5.84838198847e-06, 4.78548054161e-06, 3.08965422846e-06, 3.76676621272e-06, 3.44433397004e-06, 2.75461547972e-06, 3.4731881442e-06, 6.1199598349e-06, 5.98448332312e-06, 6.86400653649e-06, 7.89587829786e-06, 6.73675140206e-06, 7.47822468838e-06, 4.84686597702e-06, 3.57325257028e-06, 4.10719030697e-06, 2.81658140011e-06, 4.23605342803e-06, 3.01089994537e-06, 4.63128208139e-06, 8.98781490832e-06, 7.9517631093e-06, 2.09009590435e-06, 2.23917845688e-06, 2.09305540011e-06, 3.15179386234e-06, 2.20419292418e-06, 3.36370180776e-06, 2.35953575611e-06, 2.54574001701e-06, 8.73254464295e-07, 1.97292183657e-06, 2.05501942219e-06, 3.06320680465e-06, 1.92826610146e-06, 9.72175939751e-07, 1.13652401978e-06, 1.62520177582e-06, 9.22522531255e-07, 7.58700196002e-08, 3.24635323068e-08, 2.62634500814e-08, 1.46585952265e-08, 4.37799102526e-11, 4.50355863713e-11, 3.94587591768e-11, 3.72172362373e-11, 3.53131239528e-11, 3.57764651238e-11, 3.31035823753e-11, 3.38280722878e-11, 3.21948717685e-11, 3.25384545696e-11, 3.21774759615e-11]
    },
    "mfcc": {
        "mean": [-716.375305176, 140.345657349, -31.3752765656, -4.31701612473, -8.51562786102, 9.33860874176, 5.82539081573, 7.98779630661, 1.37690997124, 5.30232429504, 1.22525060177, 4.42265415192, -1.85725080967],
        "cov": [[11946.0136719, -2514.484375, 2185.25097656, 2958.40429688, 1621.0144043, 901.018981934, 498.040863037, 491.086853027, 653.051513672, 222.270202637, -370.535888672, -506.730407715, -18.290397644], [-2514.484375, 1880.07873535, -890.166442871, -882.38885498, -367.651519775, -191.243545532, -123.268470764, -154.054229736, -349.924163818, -104.493728638, 221.6612854, 218.654037476, -46.7080535889], [2185.25097656, -890.166442871, 1314.51831055, 753.934448242, 405.627471924, 212.119110107, 162.040115356, 286.25402832, 345.12121582, -45.9163551331, -289.301147461, -157.6743927, 172.754943848], [2958.40429688, -882.38885498, 753.934448242, 1251.85717773, 584.95123291, 303.21862793, 128.274047852, 123.000114441, 217.26550293, 173.047943115, -64.6054916382, -179.121627808, -42.3028297424], [1621.0144043, -367.651519775, 405.627471924, 584.95123291, 452.288513184, 184.752822876, 88.5832901001, 47.1359481812, 85.368927002, 81.1434402466, -0.834099888802, -90.8706665039, -65.0586776733], [901.018981934, -191.243545532, 212.119110107, 303.21862793, 184.752822876, 192.888961792, 64.7643203735, 76.3480224609, 44.1646766663, 19.823928833, -19.6811676025, -40.4873046875, -22.1069068909], [498.040863037, -123.268470764, 162.040115356, 128.274047852, 88.5832901001, 64.7643203735, 110.054244995, 66.5000762939, 59.6989631653, -6.75596761703, -29.9475402832, -30.1314430237, 10.259478569], [491.086853027, -154.054229736, 286.25402832, 123.000114441, 47.1359481812, 76.3480224609, 66.5000762939, 176.484481812, 117.603538513, -31.2339439392, -99.2157516479, -25.274553299, 68.802947998], [653.051513672, -349.924163818, 345.12121582, 217.26550293, 85.368927002, 44.1646766663, 59.6989631653, 117.603538513, 220.441070557, 37.4178466797, -73.9518356323, -41.5070495605, 59.4279708862], [222.270202637, -104.493728638, -45.9163551331, 173.047943115, 81.1434402466, 19.823928833, -6.75596761703, -31.2339439392, 37.4178466797, 175.55821228, 99.4104766846, -13.5951051712, -77.0328826904], [-370.535888672, 221.6612854, -289.301147461, -64.6054916382, -0.834099888802, -19.6811676025, -29.9475402832, -99.2157516479, -73.9518356323, 99.4104766846, 208.084518433, 38.9494056702, -107.708267212], [-506.730407715, 218.654037476, -157.6743927, -179.121627808, -90.8706665039, -40.4873046875, -30.1314430237, -25.274553299, -41.5070495605, -13.5951051712, 38.9494056702, 85.4634552002, 12.7530355453], [-18.290397644, -46.7080535889, 172.754943848, -42.3028297424, -65.0586776733, -22.1069068909, 10.259478569, 68.802947998, 59.4279708862, -77.0328826904, -107.708267212, 12.7530355453, 148.149429321]],
        "icov": [[0.000255208578892, 6.71863963362e-05, 0.00010635752551, -0.000355101306923, -0.000358761870302, -0.00019831758982, -0.000208395169466, -6.70442022965e-05, -0.000138576433528, 0.0001971674792, 0.000130902873934, 0.000139856841997, -7.3061673902e-05], [6.71863963362e-05, 0.00122865603771, 0.000290005496936, 0.000295437930617, -0.000493829546031, 0.0003143887443, 3.13805003316e-06, -0.00105449883267, 0.00117588834837, 0.000478819478303, -0.000946656800807, -0.00114668242168, -0.000350843241904], [0.00010635752551, 0.000290005496936, 0.00318970344961, -0.0005903125857, -0.00210940046236, 0.000129814128741, 0.000153057539137, -0.00135887204669, -0.00190021656454, 0.00121588655747, 0.00096715480322, 0.00114574399777, -0.00207095500082], [-0.000355101306923, 0.000295437930617, -0.0005903125857, 0.0039067058824, -0.00191183888819, -0.00173028453719, 0.000752522901166, 0.00052027910715, 0.000303491920931, -0.00268238061108, 0.000160120660439, 0.0016127343988, -0.00107722333632], [-0.000358761870302, -0.000493829546031, -0.00210940046236, -0.00191183888819, 0.00878313928843, -0.00208938936703, -0.00171514402609, 0.00233073788695, 0.000432772736531, -5.07590993948e-05, -0.00094841705868, -0.000205368705792, 0.0034236216452], [-0.00019831758982, 0.0003143887443, 0.000129814128741, -0.00173028453719, -0.00208938936703, 0.0128820128739, -0.00177831633482, -0.00596960261464, 0.00289742206223, 0.00132183427922, -0.000876323261764, -0.00222104229033, 0.00240857619792], [-0.000208395169466, 3.13805003316e-06, 0.000153057539137, 0.000752522901166, -0.00171514402609, -0.00177831633482, 0.0148597946391, -0.00353114516474, -0.00201539718546, 0.00214687292464, -0.00183014920913, 0.00234186975285, -3.43334249919e-06], [-6.70442022965e-05, -0.00105449883267, -0.00135887204669, 0.00052027910715, 0.00233073788695, -0.00596960261464, -0.00353114516474, 0.0162352882326, -0.00581091502681, -0.000294332654448, 0.00357724796049, -0.000264402129687, -0.000968837935943], [-0.000138576433528, 0.00117588834837, -0.00190021656454, 0.000303491920931, 0.000432772736531, 0.00289742206223, -0.00201539718546, -0.00581091502681, 0.0135512128472, -0.00524198217317, -0.000566309085116, -0.00093588186428, -0.00237593939528], [0.0001971674792, 0.000478819478303, 0.00121588655747, -0.00268238061108, -5.07590993948e-05, 0.00132183427922, 0.00214687292464, -0.000294332654448, -0.00524198217317, 0.014648319222, -0.00600962899625, -0.000194957421627, 0.00352154555731], [0.000130902873934, -0.000946656800807, 0.00096715480322, 0.000160120660439, -0.00094841705868, -0.000876323261764, -0.00183014920913, 0.00357724796049, -0.000566309085116, -0.00600962899625, 0.0147364921868, -0.00434786546975, 0.0047442112118], [0.000139856841997, -0.00114668242168, 0.00114574399777, 0.0016127343988, -0.000205368705792, -0.00222104229033, 0.00234186975285, -0.000264402129687, -0.00093588186428, -0.000194957421627, -0.00434786546975, 0.0229065399617, -0.00653959065676], [-7.3061673902e-05, -0.000350843241904, -0.00207095500082, -0.00107722333632, 0.0034236216452, 0.00240857619792, -3.43334249919e-06, -0.000968837935943, -0.00237593939528, 0.00352154555731, 0.0047442112118, -0.00653959065676, 0.0178469382226]]
    },
    "spectral_contrast_coeffs": {
        "max": [-0.58852738142, -0.475168764591, -0.38065096736, -0.43640422821, -0.728291392326, -0.616917252541],
        "mean": [-0.76389336586, -0.781851112843, -0.763616502285, -0.788987755775, -0.818905651569, -0.769723534584],
        "min": [-0.919172644615, -0.922878563404, -0.957940578461, -0.924733400345, -0.916589021683, -0.9032792449],
        "stdev": [0.0562360472977, 0.07785012573, 0.0984888374805, 0.0997000783682, 0.0335791818798, 0.0414965040982]
    },
    "spectral_contrast_valleys": {
        "max": [-4.71123313904, -5.06091594696, -5.66684913635, -6.08591413498, -6.14073944092, -7.54621982574],
        "mean": [-7.8251953125, -7.20875692368, -7.27213668823, -7.7350487709, -8.25473022461, -11.4166765213],
        "min": [-15.1251144409, -13.1501569748, -13.5029029846, -13.6902799606, -13.8332157135, -15.4976091385],
        "stdev": [1.70816195011, 0.888232409954, 0.883982956409, 1.02242219448, 1.32190191746, 1.58843433857]
    }
},
"rhythm": {
    "beats_count": 23,
    "beats_loudness": {
        "max": 0.248772680759,
        "mean": 0.0427546612918,
        "min": 0.000976286479272,
        "stdev": 0.0570202171803
    },
    "bpm": 110.836769104,
    "bpm_histogram_first_peak_bpm": 110,
    "bpm_histogram_first_peak_weight": 0.428571403027,
    "bpm_histogram_second_peak_bpm": 115,
    "bpm_histogram_second_peak_spread": 0,
    "bpm_histogram_second_peak_weight": 0.136363640428,
    "danceability": 0.901895821095,
    "onset_rate": 2.35121417046,
    "beats_loudness_band_ratio": {
        "max": [0.954594731331, 0.220593988895, 0.333636552095, 0.983551561832, 0.238672345877, 0.192520320415],
        "mean": [0.400880932808, 0.0638026297092, 0.0952305048704, 0.371208429337, 0.0560159124434, 0.0306879486889],
        "min": [9.72488051048e-05, 0.000139198091347, 0.00535819260404, 0.00444423500448, 0.000418248877395, 2.62937755906e-05],
        "stdev": [0.349130630493, 0.0646126717329, 0.0926022678614, 0.374288707972, 0.0751038268209, 0.0438996404409]
    },
    "beats_position": [0.46439909935, 0.940408170223, 1.4164172411, 1.90403628349, 2.39165520668, 2.89088439941, 3.41333317757, 3.93578219414, 4.45823097229, 4.99229001999, 5.52634906769, 6.07201814651, 6.60607719421, 7.1517457962, 7.70902490616, 8.26630401611, 8.82358264923, 9.36925125122, 9.91492080688, 10.4605894089, 11.0062580109, 11.5519275665, 12.0975961685],
