{
"metadata": {
    "version": {
        "essentia": "2.1-beta5",
        "essentia_git_sha": "Undefined",
        "extractor": "music 2.0"
    },
    "audio_properties": {
        "analysis": {
            "equal_loudness": 0,
            "length": 12.7477550507,
            "sample_rate": 44100,
            "start_time": 0,
            "downmix": "mix"
        },
        "bit_rate": 192000,
        "length": 199.064682007,
        "lossless": 0,
        "number_channels": 2,
        "replay_gain": 7.68596076965,
        "sample_rate": 48000,
        "codec": "mp3",
        "md5_encoded": "c482f389ffbc21c506c6f1f543c50481"
    },
    "tags": {
        "file_name": "Austria_Shine_Natália Kelly.mp3",
        "encoding": ["Lavf58.29.100"]
    }
},
"lowlevel": {
    "average_loudness": 0.562937378883,
    "barkbands_crest": {
        "max": 26.688085556,
        "mean": 11.8685798645,
        "min": 2.45499968529,
        "stdev": 5.61017942429
    },
    "barkbands_flatness_db": {
        "max": 0.53911626339,
        "mean": 0.179619684815,
        "min": 0.0361201167107,
        "stdev": 0.0937965065241
    },
    "barkbands_kurtosis": {
        "max": 171.242721558,
        "mean": 5.53096675873,
        "min": -1.67843961716,
        "stdev": 14.6471786499
    },
    "barkbands_skewness": {
        "max": 9.72207164764,
        "mean": 0.689865529537,
        "min": -12.2226247787,
        "stdev": 2.16750311852
    },
    "barkbands_spread": {
        "max": 75.6961517334,
        "mean": 18.3372707367,
        "min": 0.195610076189,
        "stdev": 12.9024238586
    },
    "dissonance": {
        "max": 0.499895393848,
        "mean": 0.464157551527,
        "min": 0.171554759145,
        "stdev": 0.0490195453167
    },
    "dynamic_complexity": 4.31594657898,
    "erbbands_crest": {
        "max": 33.8249893188,
        "mean": 12.128446579,
        "min": 2.89921498299,
        "stdev": 8.37624835968
    },
    "erbbands_flatness_db": {
        "max": 0.604925811291,
        "mean": 0.220395177603,
        "min": 0.0550671666861,
        "stdev": 0.115149267018
    },
    "erbbands_kurtosis": {
        "max": 74.1175537109,
        "mean": 4.2415766716,
        "min": -1.18631517887,
        "stdev": 10.3435707092
    },
    "erbbands_skewness": {
        "max": 2.37254118919,
        "mean": -0.329748123884,
        "min": -6.5091753006,
        "stdev": 1.52470850945
    },
    "erbbands_spread": {
        "max": 92.9582595825,
        "mean": 23.3978500366,
        "min": 0.27597284317,
        "stdev": 16.8768634796
    },
    "hfc": {
        "max": 264.815002441,
        "mean": 19.2054481506,
        "min": 1.19489998192e-16,
        "stdev": 20.6357917786
    },
    "loudness_ebu128": {
        "integrated": -29.2359371185,
        "loudness_range": 6.67539787292,
        "momentary": {
            "max": -24.3135089874,
            "mean": -31.7318344116,
            "min": -45.6388244629,
            "stdev": 4.9089307785
        },
        "short_term": {
            "max": -26.3366565704,
            "mean": -29.7571392059,
            "min": -35.9301223755,
            "stdev": 2.52060556412
        }
    },
    "melbands_crest": {
        "max": 37.9374084473,
        "mean": 15.9007701874,
        "min": 2.51627969742,
        "stdev": 7.21616506577
    },
    "melbands_flatness_db": {
        "max": 0.557560920715,
        "mean": 0.227049946785,
        "min": 0.00678803073242,
        "stdev": 0.0976877585053
    },
    "melbands_kurtosis": {
        "max": 230.565460205,
        "mean": 9.29277324677,
        "min": -1.8024033308,
        "stdev": 21.6844177246
    },
    "melbands_skewness": {
        "max": 11.6911334991,
        "mean": 1.41167211533,
        "min": -5.82711791992,
        "stdev": 2.31080389023
    },
    "melbands_spread": {
        "max": 138.823242188,
        "mean": 24.847120285,
        "min": 0.815502941608,
        "stdev": 20.2095279694
    },
    "pitch_salience": {
        "max": 0.825999677181,
        "mean": 0.510554373264,
        "min": 0.0774461701512,
        "stdev": 0.158547967672
    },
    "silence_rate_20dB": {
        "max": 1,
        "mean": 0.990909099579,
        "min": 0,
        "stdev": 0.0949115976691
    },
    "silence_rate_30dB": {
        "max": 1,
        "mean": 0.876363635063,
        "min": 0,
        "stdev": 0.329165875912
    },
    "silence_rate_60dB": {
        "max": 1,
        "mean": 0.138181820512,
        "min": 0,
        "stdev": 0.345090776682
    },
    "spectral_centroid": {
        "max": 10958.8740234,
        "mean": 1414.63366699,
        "min": 367.478240967,
        "stdev": 761.411071777
    },
    "spectral_complexity": {
        "max": 56,
        "mean": 17.9927272797,
        "min": 0,
        "stdev": 11.7986059189
    },
    "spectral_decrease": {
        "max": 1.40585738935e-29,
        "mean": -1.18160627949e-08,
        "min": -3.19805309346e-07,
        "stdev": 2.13821707007e-08
    },
    "spectral_energy": {
        "max": 1.21225762367,
        "mean": 0.0463385544717,
        "min": 1.07850336659e-20,
        "stdev": 0.0816544517875
    },
    "spectral_energyband_high": {
        "max": 0.0260041262954,
        "mean": 0.000436088448623,
        "min": 7.75163230486e-21,
        "stdev": 0.00130604300648
    },
    "spectral_energyband_low": {
        "max": 0.892124831676,
        "mean": 0.0238018166274,
        "min": 3.09364267985e-23,
        "stdev": 0.0598891451955
    },
    "spectral_energyband_middle_high": {
        "max": 0.064143255353,
        "mean": 0.00748435268179,
        "min": 1.41003668967e-21,
        "stdev": 0.00738492747769
    },
    "spectral_energyband_middle_low": {
        "max": 0.132998466492,
        "mean": 0.0101193720475,
        "min": 3.5849600822e-22,
        "stdev": 0.0145395901054
    },
    "spectral_entropy": {
        "max": 9.79523277283,
        "mean": 7.35958242416,
        "min": 4.34705591202,
        "stdev": 0.82967042923
    },
    "spectral_flux": {
        "max": 0.59933167696,
        "mean": 0.0965896993876,
        "min": 6.75014211193e-11,
        "stdev": 0.0818039104342
    },
    "spectral_kurtosis": {
        "max": 118.457954407,
        "mean": 13.5363578796,
        "min": -1.22430539131,
        "stdev": 18.8253498077
    },
    "spectral_rms": {
        "max": 0.0343902669847,
        "mean": 0.00540268747136,
        "min": 3.24376072877e-12,
        "stdev": 0.0040024118498
    },
    "spectral_rolloff": {
        "max": 19293.75,
        "mean": 1358.31494141,
        "min": 21.533203125,
        "stdev": 1492.67773438
    },
    "spectral_skewness": {
        "max": 7.68928098679,
        "mean": 2.27322173119,
        "min": -0.00056030129781,
        "stdev": 1.34566056728
    },
    "spectral_spread": {
        "max": 41322220,
        "mean": 3566131.5,
        "min": 688183.9375,
        "stdev": 2754861.75
    },
    "spectral_strongpeak": {
        "max": 12.3963165283,
        "mean": 1.15508079529,
        "min": 0,
        "stdev": 1.59000170231
    },
    "zerocrossingrate": {
        "max": 0.6708984375,
        "mean": 0.0571830607951,
        "min": 0.0068359375,
        "stdev": 0.0503531768918
    },
    "barkbands": {
        "max": [0.852679252625, 0.327733427286, 0.0529918372631, 0.0582540780306, 0.0753893628716, 0.0102212717757, 0.0192293711007, 0.0366493202746, 0.0507978498936, 0.0213715601712, 0.0210815854371, 0.0272155012935, 0.0637852326035, 0.0162595547736, 0.00313278473914, 0.00435049645603, 0.00644150841981, 0.0100337797776, 0.00315974419937, 0.00258260476403, 0.00144298537634, 0.00387132028118, 0.00554005708545, 0.00546540832147, 0.00428624916822, 0.00399744138122, 1.64096109074e-05],
        "mean": [0.0132168093696, 0.0134665677324, 0.00201823981479, 0.000861422158778, 0.0027404546272, 0.000689126201905, 0.000844083493575, 0.000961965997703, 0.00309377396479, 0.00182039651554, 0.00156208849512, 0.000965006474871, 0.00146075873636, 0.000755979155656, 0.000346069457009, 0.000335561664542, 0.000256311934208, 0.000327837420627, 0.00012894696556, 0.000115183196613, 0.000105811006506, 8.71177544468e-05, 6.41742444714e-05, 5.13968698215e-05, 3.51262751792e-05, 2.79274936474e-05, 4.5166271434e-07],
        "min": [1.13689505589e-23, 7.17318084207e-24, 7.88680098302e-24, 6.2029990745e-24, 1.4023319988e-23, 1.89106966823e-23, 5.40953982017e-23, 1.49335550321e-23, 1.3705261684e-22, 6.34637777835e-23, 6.52975007349e-23, 3.50897163556e-23, 3.93125929109e-23, 5.99179426778e-23, 7.41149840367e-23, 1.76297247806e-22, 1.65111843881e-22, 1.68404890087e-22, 2.55415692575e-22, 2.87254219684e-22, 3.73408836721e-22, 5.40522998906e-22, 7.06395178481e-22, 9.36944612172e-22, 9.61357345455e-22, 1.40943609515e-21, 2.60750048271e-21],
        "stdev": [0.0507694669068, 0.032125364989, 0.00570061337203, 0.00326724443585, 0.00679144728929, 0.00122757663485, 0.00229882472195, 0.00275170523673, 0.00548572652042, 0.00316519406624, 0.0028783781454, 0.00228960462846, 0.00381792639382, 0.00145099568181, 0.000484335818328, 0.000476240180433, 0.000443814788014, 0.000896745594218, 0.000243989750743, 0.000197851113626, 0.00017001737433, 0.000227397424169, 0.00027131655952, 0.000271886063274, 0.000201985181775, 0.000185225944733, 1.73334478859e-06]
    },
    "erbbands": {
        "max": [27.2024879456, 56.1234130859, 104.085929871, 88.8951034546, 199.111831665, 433.080230713, 154.186523438, 72.1354980469, 74.6047744751, 553.710876465, 919.336486816, 635.42578125, 1935.97033691, 464.306213379, 1210.69104004, 1387.11010742, 3238.31884766, 1001.89929199, 204.599990845, 121.863128662, 225.554840088, 374.607116699, 625.346374512, 175.487228394, 152.258255005, 157.543060303, 64.3306503296, 73.1651153564, 123.445617676, 172.641784668, 159.539291382, 108.014686584, 93.9552383423, 65.5913085938, 20.5322055817, 20.3040809631, 5.77240657806, 0.535900831223, 0.0102664940059, 0.00131062197033],
        "mean": [0.617126047611, 2.21009111404, 3.02397155762, 2.52449607849, 4.48676872253, 12.7046852112, 7.62962198257, 5.24059534073, 5.50304317474, 21.3043308258, 27.2154159546, 63.3178901672, 84.4662399292, 45.747177124, 59.5367622375, 48.7549247742, 62.3160095215, 54.5598258972, 21.3827114105, 17.1015491486, 17.2346172333, 15.7290000916, 18.6688251495, 9.22346973419, 5.99374485016, 5.6273431778, 4.58380413055, 3.90979361534, 3.21213912964, 2.55858206749, 1.7290803194, 1.16768753529, 0.806087911129, 0.50335162878, 0.182885840535, 0.134191587567, 0.0451025813818, 0.00534986285493, 0.000140579300933, 5.72197204747e-05],
        "min": [4.87575513228e-22, 9.79794324853e-22, 7.5948783476e-21, 2.0256578836e-20, 5.92044312924e-20, 4.1819847777e-20, 5.917253314e-20, 2.24007282421e-19, 6.47169360854e-19, 4.52804354178e-19, 7.29972673411e-19, 2.10621587254e-18, 3.38359325579e-18, 2.37311376219e-18, 2.44025477174e-18, 1.66114183138e-18, 2.24791811533e-18, 3.237948877e-18, 3.61589845223e-18, 7.24281495021e-18, 1.06566902543e-17, 9.20302620681e-18, 9.58484616012e-18, 9.06480928953e-18, 1.65993906941e-17, 1.39846314188e-17, 1.19284597665e-17, 1.84353925099e-17, 1.77809917294e-17, 1.98592615117e-17, 2.23573320724e-17, 1.73975256867e-17, 1.51542432983e-17, 1.00389956134e-17, 7.19103923413e-18, 4.4895070582e-18, 2.81601893579e-18, 1.33020051678e-18, 3.32089260347e-19, 3.83227995658e-20],
        "stdev": [1.71532058716, 6.10747766495, 9.40793800354, 7.17321443558, 12.2905521393, 36.2809410095, 16.4922504425, 9.65165996552, 8.57841873169, 62.0281639099, 70.5957946777, 109.132133484, 161.39805603, 62.3690872192, 111.199279785, 115.887268066, 181.556838989, 103.858177185, 28.1003093719, 21.5950775146, 23.419549942, 26.6897850037, 53.5433654785, 17.9159832001, 11.3970899582, 10.407781601, 7.38312101364, 6.78168773651, 7.69161176682, 9.28903007507, 7.66069555283, 5.79214191437, 4.44889593124, 3.05103564262, 0.997296273708, 0.956476986408, 0.266297727823, 0.0260907448828, 0.000525048875716, 9.46036234382e-05]
    },
    "gfcc": {
        "mean": [-51.003993988, 106.395072937, -143.511611938, 8.45215034485, -54.3023414612, 18.6736106873, -27.9039306641, 5.45373010635, -19.2248439789, 0.213727965951, -13.6026649475, -1.53557610512, -6.44745731354],
        "cov": [[16278.8271484, -885.998046875, 992.368041992, 2681.3996582, -41.0995826721, 1208.41308594, 397.215087891, 1598.13513184, -52.795337677, -127.272613525, -769.719604492, 388.754852295, 467.647247314], [-885.998046875, 1716.64575195, -451.978424072, -935.274658203, -34.1345825195, -301.205383301, 27.4655418396, -623.190246582, 73.6404953003, -64.2947006226, 285.108917236, -311.344482422, -22.5232982635], [992.368041992, -451.978424072, 1208.37658691, 717.100402832, 369.874755859, 174.810638428, -34.1242256165, 306.945739746, -69.5293655396, 85.8612136841, -141.155334473, 198.842193604, 43.5369224548], [2681.3996582, -935.274658203, 717.100402832, 1452.02697754, 237.697097778, 443.046661377, 75.4162597656, 632.458190918, 61.7409133911, 97.1756057739, -252.306549072, 270.524536133, 188.080673218], [-41.0995826721, -34.1345825195, 369.874755859, 237.697097778, 441.214355469, 130.700180054, 42.4953842163, 33.0035400391, 35.7960281372, 128.697540283, 24.7834796906, -12.978269577, -84.849067688], [1208.41308594, -301.205383301, 174.810638428, 443.046661377, 130.700180054, 326.599487305, 143.214385986, 252.158721924, 34.016784668, 22.2474346161, -75.587638855, 30.7928123474, 60.556930542], [397.215087891, 27.4655418396, -34.1242256165, 75.4162597656, 42.4953842163, 143.214385986, 250.32901001, 106.858093262, 55.3938827515, -38.9934768677, -8.61895847321, -23.3316001892, 31.6104850769], [1598.13513184, -623.190246582, 306.945739746, 632.458190918, 33.0035400391, 252.158721924, 106.858093262, 476.539245605, 29.233083725, 12.3744974136, -170.305480957, 137.286865234, 104.943946838], [-52.795337677, 73.6404953003, -69.5293655396, 61.7409133911, 35.7960281372, 34.016784668, 55.3938827515, 29.233083725, 117.151504517, 48.5410804749, 22.1055335999, -34.419631958, 13.0132446289], [-127.272613525, -64.2947006226, 85.8612136841, 97.1756057739, 128.697540283, 22.2474346161, -38.9934768677, 12.3744974136, 48.5410804749, 146.894744873, 30.9441318512, 1.68590092659, -37.1114006042], [-769.719604492, 285.108917236, -141.155334473, -252.306549072, 24.7834796906, -75.587638855, -8.61895847321, -170.305480957, 22.1055335999, 30.9441318512, 138.192932129, -56.9019508362, -33.3283500671], [388.754852295, -311.344482422, 198.842193604, 270.524536133, -12.978269577, 30.7928123474, -23.3316001892, 137.286865234, -34.419631958, 1.68590092659, -56.9019508362, 165.143478394, 60.3701057434], [467.647247314, -22.5232982635, 43.5369224548, 188.080673218, -84.849067688, 60.556930542, 31.6104850769, 104.943946838, 13.0132446289, -37.1114006042, -33.3283500671, 60.3701057434, 161.720397949]],
        "icov": [[0.000204287134693, -0.000590354611631, 0.0001314656256, -0.000317202444421, 0.000341428705724, -0.00058176094899, 0.000161854637554, -0.000747038284317, 0.000700953532942, -0.000239702727413, 0.000577530066948, -0.000341962004313, 0.000645932217594], [-0.000590354611631, 0.00388408545405, -0.000818462576717, 0.00110392039642, -0.00140331732109, 0.00262294034474, -0.00126261205878, 0.00420447252691, -0.0031737270765, 0.00158185267355, -0.00274851894937, 0.0035611577332, -0.00429289089516], [0.0001314656256, -0.000818462576717, 0.00225722277537, -0.00055967445951, -0.0018709639553, 0.000288018491119, 0.000512924918439, -0.00153218244668, 0.00228997715749, -0.000387326435884, 0.00142379640602, -0.00151397113223, -6.09513226664e-05], [-0.000317202444421, 0.00110392039642, -0.00055967445951, 0.00406266516075, -0.00176826422103, -0.00149555772077, 0.00121912511531, 8.2837897935e-05, -0.00360756088048, 0.000157769143698, 0.00147383240983, -0.00215890444815, -0.00272683193907], [0.000341428705724, -0.00140331732109, -0.0018709639553, -0.00176826422103, 0.00778923323378, -0.00312390434556, -0.00125027808826, 0.000310923642246, 0.00106510519981, -0.00352570042014, -0.00106410321314, 0.000367545435438, 0.00542525667697], [-0.00058176094899, 0.00262294034474, 0.000288018491119, -0.00149555772077, -0.00312390434556, 0.0121451476589, -0.00464363722131, 0.000192730803974, 0.0015070225345, -6.3286643126e-05, -0.00275518209673, 0.00617627473548, -0.00470402790233], [0.000161854637554, -0.00126261205878, 0.000512924918439, 0.00121912511531, -0.00125027808826, -0.00464363722131, 0.00918071344495, -0.00361657235771, -0.00373072945513, 0.00481399614364, -0.000892333569936, -0.00194436986931, 0.00138226721901], [-0.000747038284317, 0.00420447252691, -0.00153218244668, 8.2837897935e-05, 0.000310923642246, 0.000192730803974, -0.00361657235771, 0.0136631801724, -0.00540047045797, -0.000284439214738, 0.0026522828266, 0.000926478940528, -0.0044365124777], [0.000700953532942, -0.0031737270765, 0.00228997715749, -0.00360756088048, 0.00106510519981, 0.0015070225345, -0.00373072945513, -0.00540047045797, 0.0208760593086, -0.00826819054782, 3.81622448913e-05, 0.00357357342727, 0.000434991408838], [-0.000239702727413, 0.00158185267355, -0.000387326435884, 0.000157769143698, -0.00352570042014, -6.3286643126e-05, 0.00481399614364, -0.000284439214738, -0.00826819054782, 0.0162059087306, -0.00617723912001, -0.000126955885207, 0.00141032994725], [0.000577530066948, -0.00274851894937, 0.00142379640602, 0.00147383240983, -0.00106410321314, -0.00275518209673, -0.000892333569936, 0.0026522828266, 3.81622448913e-05, -0.00617723912001, 0.0213979557157, -0.0049912375398, -0.000371087604435], [-0.000341962004313, 0.0035611577332, -0.00151397113223, -0.00215890444815, 0.000367545435438, 0.00617627473548, -0.00194436986931, 0.000926478940528, 0.00357357342727, -0.000126955885207, -0.0049912375398, 0.0179844796658, -0.00599675578997], [0.000645932217594, -0.00429289089516, -6.09513226664e-05, -0.00272683193907, 0.00542525667697, -0.00470402790233, 0.00138226721901, -0.0044365124777, 0.000434991408838, 0.00141032994725, -0.000371087604435, -0.00599675578997, 0.0165728982538]]
    },
    "melbands": {
        "max": [0.224200725555, 0.0643571689725, 0.0210106838495, 0.0155808907002, 0.00982403289527, 0.00163758487906, 0.00184359704144, 0.00598125206307, 0.00645055901259, 0.00559325655922, 0.00950511451811, 0.0021617594175, 0.00315518607385, 0.00301702530123, 0.0056947665289, 0.00422056252137, 0.00170029874425, 0.000359458907042, 0.000179695198312, 0.000343571882695, 0.000268927047728, 0.000419034506194, 0.000624730251729, 0.000301419873722, 0.000151572967297, 0.000144617966725, 8.96838173503e-05, 0.000101137185993, 4.71482962894e-05, 3.5357021261e-05, 4.3662974349e-05, 5.75276644668e-05, 9.72064372036e-05, 9.54636343522e-05, 0.000113369394967, 4.2984571337e-05, 8.00000925665e-05, 7.25917052478e-05, 5.32426529389e-05, 5.75961021241e-05],
        "mean": [0.00541303958744, 0.00200851494446, 0.000496223394293, 0.000573189638089, 0.000369197514374, 0.000117559335195, 0.000107038431452, 0.000219603563892, 0.000223844370339, 0.000452597712865, 0.000420748023316, 0.000175432956894, 0.000216315325815, 0.000120901007904, 0.000131222623168, 0.000140220799949, 9.24190462683e-05, 3.25768305629e-05, 2.42128517129e-05, 2.44263264904e-05, 1.83393949555e-05, 1.5072104361e-05, 1.9762721422e-05, 1.2862146832e-05, 6.90015804139e-06, 4.73862110084e-06, 3.693505505e-06, 3.77034939447e-06, 2.88421847472e-06, 2.50960079029e-06, 2.19523576561e-06, 1.84912892109e-06, 1.62132050718e-06, 1.31714421059e-06, 1.08782273855e-06, 6.96347399298e-07, 7.34907018796e-07, 5.94630080286e-07, 4.78646370539e-07, 4.10661044725e-07],
        "min": [4.41335688161e-24, 2.99397345713e-24, 3.98933467873e-24, 4.39946385778e-24, 2.05671460222e-24, 5.28111571027e-24, 1.04449704024e-23, 4.13715222401e-24, 7.88807341566e-24, 1.60103028361e-23, 1.65593263603e-23, 8.89325496945e-24, 7.82677497902e-24, 3.63913447378e-24, 5.9003214282e-24, 3.890996856e-24, 6.35500704891e-24, 3.85980608467e-24, 6.84447906895e-24, 9.61353309643e-24, 1.38847691918e-23, 8.87741543133e-24, 1.2009057541e-23, 7.52033801608e-24, 7.0529284634e-24, 9.80633780141e-24, 1.22672935249e-23, 7.84785097582e-24, 6.34900381742e-24, 1.06421146312e-23, 1.04391115325e-23, 8.72261488932e-24, 1.25432015708e-23, 9.50574550892e-24, 1.14843033225e-23, 9.22772647123e-24, 1.16796749809e-23, 1.12550201116e-23, 8.34417070295e-24, 8.63348307336e-24],
        "stdev": [0.014342722483, 0.0059034046717, 0.00137876160443, 0.00141068617813, 0.000930066744331, 0.00021160171309, 0.000203573319595, 0.000604266941082, 0.000521937210578, 0.000801853253506, 0.00080217292998, 0.000249923585216, 0.000413411296904, 0.000270249991445, 0.000356202828698, 0.000290017138468, 0.000178774396772, 4.65617049485e-05, 3.25293767673e-05, 3.51832532033e-05, 2.52832269325e-05, 2.68457879429e-05, 5.59141371923e-05, 3.08461458189e-05, 1.42603730637e-05, 1.05989975054e-05, 6.2668409555e-06, 7.16487056707e-06, 4.8410670388e-06, 4.23621668233e-06, 4.07395691582e-06, 4.22302537118e-06, 5.60662101634e-06, 5.09551182404e-06, 5.28524424226e-06, 2.68507073997e-06, 4.13537827626e-06, 3.48846765519e-06, 2.44355373979e-06, 2.71053022516e-06]
    },
    "melbands128": {
        "max": [0.55881357193, 0.325039684772, 0.0922838747501, 0.124054789543, 0.0805284753442, 0.0174157153815, 0.0137640144676, 0.0362209118903, 0.0205788016319, 0.0106944516301, 0.0332968980074, 0.0174975283444, 0.00387670448981, 0.00368148484267, 0.00193122110795, 0.00223994906992, 0.000939843710512, 0.00101158639882, 0.00453709624708, 0.00938116386533, 0.00211823266, 0.00935413688421, 0.010006682016, 0.00412983633578, 0.00407208362594, 0.00954997912049, 0.0242971256375, 0.00841371063143, 0.00344129651785, 0.00400814553723, 0.00218613259494, 0.0040251808241, 0.00555054098368, 0.0089864898473, 0.00220194691792, 0.00553905125707, 0.00593838049099, 0.000780145928729, 0.0166773945093, 0.00812572240829, 0.00199502683245, 0.00554124964401, 0.00180045864545, 0.000770378799643, 0.000438851100625, 0.00070424209116, 0.000427050283179, 0.000304991670419, 0.000303771463223, 0.000185860873898, 0.000435973430285, 0.000658145814668, 0.000242368070758, 0.000301371270325, 0.000283705303445, 0.000584416498896, 0.000468154263217, 0.000365947867977, 0.00147226592526, 0.00108575623017, 0.00020918334485, 0.000654787989333, 0.000404496793635, 0.000184541597264, 0.000108036554593, 0.0002766509715, 0.000158139650011, 7.49366299715e-05, 4.76769346278e-05, 0.000134704168886, 0.000197009736439, 0.000120251344924, 8.1882091763e-05, 3.90414279536e-05, 5.51631601411e-05, 5.42950037925e-05, 4.79775662825e-05, 5.60234293516e-05, 6.57578057144e-05, 6.16071411059e-05, 4.21030490543e-05, 7.69063990447e-05, 8.05094678071e-05, 0.000100962854049, 0.000106976338429, 8.62334272824e-05, 8.13330698293e-05, 0.00013834098354, 0.000139329829835, 8.02796857897e-05, 3.90782624891e-05, 5.69781768718e-05, 4.05350947403e-05, 7.23962584743e-05, 0.000120312011859, 8.69371142471e-05, 6.19869679213e-05, 5.20859393873e-05, 4.5967175538e-05, 6.2037484895e-05, 5.05515017721e-05, 7.68017562223e-05, 3.70515372197e-05, 3.00695082842e-05, 1.08085505417e-05, 8.97021709534e-06, 2.39633463934e-05, 5.3865591326e-05, 3.70026682504e-05, 3.36236953444e-05, 3.09717761411e-05, 1.68569586094e-05, 1.66442732734e-05, 1.52023694682e-05, 1.48408844325e-05, 3.50569621332e-06, 5.41980796243e-07, 9.37995707773e-08, 4.96050951426e-08, 4.53386981292e-08, 2.58359502681e-08, 2.95317192922e-08, 2.73298557119e-08, 1.47452672294e-09, 1.44247769285e-09, 1.3043550684e-09, 9.5711172321e-10, 5.35666067059e-10],
        "mean": [0.00791480019689, 0.00625468743965, 0.00445662206039, 0.00361476512626, 0.00199552089907, 0.000862541783135, 0.000468281010399, 0.000447183148935, 0.000448919774499, 0.000399049400585, 0.000894969969522, 0.000583583838306, 0.000201325266971, 0.000158621056471, 0.000102670041088, 0.00012120577594, 6.23971282039e-05, 5.74599616812e-05, 0.000187781362911, 0.000347894965671, 0.000117343202874, 0.000204997806577, 0.000250523880823, 0.000223634546273, 0.000304752204102, 0.000631041824818, 0.000632311450318, 0.000417211151216, 0.000217201508349, 0.000172499989276, 0.000131122404127, 0.000225575218792, 0.00027246895479, 0.000195206768694, 7.08687584847e-05, 0.000124535436044, 0.000158355847816, 6.92288813298e-05, 0.000199049798539, 0.000116238283226, 0.000105678715045, 0.000214982122998, 8.75348196132e-05, 4.41198317276e-05, 3.00533465634e-05, 3.29635258822e-05, 3.29768154188e-05, 2.40314438997e-05, 2.09082736546e-05, 2.03627605515e-05, 2.59100579569e-05, 2.86312952085e-05, 1.86650577234e-05, 1.47503496919e-05, 1.4501419173e-05, 1.48102135427e-05, 1.62756859936e-05, 1.5598940081e-05, 2.61763871094e-05, 1.88403191714e-05, 1.00105698948e-05, 1.01621035355e-05, 8.90376486495e-06, 5.42757561561e-06, 4.60461751572e-06, 5.43388841834e-06, 4.18763784182e-06, 3.63111530532e-06, 3.60913441e-06, 3.73771626982e-06, 3.66914468941e-06, 4.4057710511e-06, 2.66146093963e-06, 2.59043054029e-06, 2.96826715385e-06, 2.66765255219e-06, 2.19197499973e-06, 2.33144101003e-06, 2.36435244005e-06, 1.80188931154e-06, 1.99330611395e-06, 1.87255818673e-06, 1.5001188558e-06, 1.68425719949e-06, 1.64412813319e-06, 1.32180730361e-06, 1.30542457555e-06, 1.11369308797e-06, 1.24173982385e-06, 8.84383382527e-07, 7.20099990303e-07, 6.52281300972e-07, 6.38088692995e-07, 7.45037766592e-07, 8.21539686058e-07, 6.54232962916e-07, 5.51336484023e-07, 4.86913563691e-07, 4.41343729563e-07, 5.54126302177e-07, 3.90415721085e-07, 4.42865967898e-07, 3.40176455893e-07, 2.60274219954e-07, 1.43997979762e-07, 9.06305146486e-08, 2.30052577876e-07, 3.34099667043e-07, 2.31651384297e-07, 2.07242706551e-07, 1.98114463501e-07, 1.55580963224e-07, 1.38819828521e-07, 1.2361311974e-07, 1.02993247708e-07, 5.74973029188e-08, 1.59932760369e-08, 1.24928967171e-09, 7.69357466623e-10, 6.47968623202e-10, 3.51386142405e-10, 3.22557036636e-10, 3.07051495341e-10, 1.79489183932e-11, 1.18184455278e-11, 9.19056931253e-12, 7.09357182369e-12, 5.96614641371e-12],
        "min": [5.64839554268e-24, 5.47740678603e-24, 2.41234059247e-24, 1.04452756916e-24, 3.3127582626e-24, 3.75261645373e-24, 4.63916949903e-24, 1.97304959233e-24, 6.40826896507e-24, 1.86926803772e-24, 1.83945619525e-24, 3.05656069528e-24, 2.03451960622e-24, 1.05454787759e-24, 3.63792988318e-24, 4.77573591565e-24, 7.48483059787e-24, 1.23746243619e-23, 7.15896635742e-24, 4.62833133905e-24, 1.96542466004e-24, 3.8662656722e-24, 5.02648837058e-24, 1.73789843953e-23, 9.6856160505e-24, 7.13428763286e-24, 2.858561499e-23, 1.09731624767e-23, 1.10141240792e-23, 7.33505746641e-24, 6.58770799974e-24, 9.18593262047e-24, 3.40002442252e-24, 9.27488536501e-24, 4.27133312525e-24, 1.56564868872e-24, 2.36600664999e-24, 5.85158362933e-24, 5.30209664934e-24, 3.24264805244e-24, 1.9722875527e-24, 3.11965162111e-24, 7.25624079565e-24, 6.54139713144e-24, 3.3856135115e-24, 2.45834794654e-24, 3.34854730415e-24, 4.84164800529e-24, 8.88710737641e-24, 1.18529829886e-23, 4.07056920816e-24, 4.08435100261e-24, 1.04691978985e-23, 1.23374674356e-23, 7.29611613668e-24, 1.17727660897e-23, 3.36221313604e-24, 1.31361110049e-23, 8.3686498457e-24, 4.34737379449e-24, 4.68405647339e-24, 5.66565187498e-24, 6.56545226145e-24, 7.91151126201e-24, 7.24160663699e-24, 7.42641387012e-24, 6.22678086421e-24, 1.1374502562e-23, 1.28946485704e-23, 8.24038342909e-24, 1.0559864049e-23, 5.34258730188e-24, 3.70352485074e-24, 4.79688014892e-24, 4.98903286036e-24, 9.71872296497e-24, 1.50134035329e-23, 9.57871435379e-24, 7.99819603144e-24, 4.39833499783e-24, 6.96562996019e-24, 1.1793737168e-23, 7.35000638056e-24, 1.36214048231e-23, 1.38602545503e-23, 8.34600874886e-24, 7.36729505616e-24, 8.4639150552e-24, 1.41080436492e-23, 8.44648201805e-24, 1.27420000409e-23, 7.07327160843e-24, 6.92189393388e-24, 7.58662126478e-24, 1.03981870064e-23, 1.1870068927e-23, 1.3211160076e-23, 8.76765726928e-24, 7.93170767891e-24, 7.47941585662e-24, 8.86914738018e-24, 9.22168616328e-24, 7.56280318747e-24, 7.48741017303e-24, 5.00563128267e-24, 9.46865405802e-24, 7.75769521841e-24, 8.89593867424e-24, 8.05568742535e-24, 4.77984588096e-24, 6.3347301682e-24, 8.94987230547e-24, 8.19556429676e-24, 9.72518452465e-24, 6.10052249303e-24, 1.31607037436e-23, 1.1731011682e-23, 9.30679084432e-24, 7.07229973179e-24, 8.12025647931e-24, 1.00153906745e-23, 1.1395599858e-23, 8.53240948101e-24, 9.88596384346e-24, 1.32276220253e-23, 1.26704456237e-23, 9.08003119939e-24, 7.57309387798e-24],
        "stdev": [0.0329333133996, 0.0192890502512, 0.0108572114259, 0.0116014182568, 0.00697137834504, 0.00224659102969, 0.00146189914085, 0.00182785617653, 0.00131563132163, 0.000942293263506, 0.00274942046963, 0.0017199475551, 0.000379823439289, 0.000374727736926, 0.000216987624299, 0.000292911397992, 0.00011369081767, 9.84362559393e-05, 0.000534439983312, 0.00116516218986, 0.00021891175129, 0.000728805956896, 0.000749491271563, 0.000455133616924, 0.000621865736321, 0.00129822129384, 0.0015490403166, 0.000907527108211, 0.000424533936894, 0.000331242015818, 0.000243712071097, 0.000492932449561, 0.000637162476778, 0.00062557857018, 0.000152885651914, 0.000432711996837, 0.000498612760566, 0.000114100737846, 0.000958176737186, 0.000442424730863, 0.000206734242965, 0.000565896043554, 0.00018393182836, 7.20834868844e-05, 4.68456928502e-05, 5.97166108491e-05, 5.53476056666e-05, 4.00119934056e-05, 3.11649528157e-05, 2.95408044622e-05, 4.70523518743e-05, 5.40137261851e-05, 2.99842795357e-05, 2.45760038524e-05, 2.36950672843e-05, 3.33138596034e-05, 3.84396080335e-05, 3.54963522113e-05, 0.000116194838483, 7.89129480836e-05, 2.25775129366e-05, 3.64160441677e-05, 2.55735812971e-05, 1.14221475087e-05, 8.45942577143e-06, 1.6480753402e-05, 9.3113294497e-06, 6.32857518212e-06, 6.04650358582e-06, 7.91845104686e-06, 9.89641466731e-06, 9.41182770475e-06, 5.77375340072e-06, 4.60916817246e-06, 5.56920394956e-06, 5.02494594912e-06, 4.49634126198e-06, 5.33371758138e-06, 5.39629127161e-06, 4.41726751887e-06, 4.39477389591e-06, 5.69503708903e-06, 4.92334993396e-06, 6.44858937449e-06, 6.87824103807e-06, 5.74642945139e-06, 5.33039428774e-06, 6.12895792074e-06, 6.6025149863e-06, 3.98638212573e-06, 2.62002845375e-06, 2.96059192806e-06, 2.48479477705e-06, 3.98546626457e-06, 5.75317108087e-06, 4.23385245085e-06, 3.10665973302e-06, 2.38275947595e-06, 2.14063879866e-06, 3.0098640309e-06, 2.30367209042e-06, 3.58886791219e-06, 2.07333255275e-06, 1.38434097607e-06, 5.75677233883e-07, 4.75175369274e-07, 1.21447419588e-06, 2.58961608779e-06, 1.74380284079e-06, 1.55545365033e-06, 1.4503220882e-06, 8.02702629699e-07, 7.69220662278e-07, 7.05697402736e-07, 6.67245956265e-07, 2.23895270324e-07, 6.05377010743e-08, 7.00641722418e-09, 4.2126728772e-09, 3.89493992614e-09, 2.14769646512e-09, 1.98637972737e-09, 1.89583437837e-09, 7.99484020653e-11, 6.27672289144e-11, 5.74203705417e-11, 4.26754916127e-11, 2.55689983075e-11]
    },
    "mfcc": {
        "mean": [-685.038574219, 141.572479248, -25.4620552063, 1.0942081213, -6.30851554871, 7.65832996368, 1.83061671257, 6.1479511261, 2.15185022354, 1.53868710995, 2.07495856285, 1.1715400219, -6.14142942429],
        "cov": [[11536.6015625, -2242.59277344, 1372.5032959, 1410.53442383, 779.041137695, 370.732543945, 698.505065918, 1258.79980469, 1431.94885254, 598.248352051, -317.941955566, -314.53793335, 172.615982056], [-2242.59277344, 2257.89428711, -489.81362915, -670.330566406, -444.374420166, -70.335647583, -178.44581604, -487.195709229, -550.81463623, -162.512512207, 96.8283309937, 65.6884765625, -131.050064087], [1372.5032959, -489.81362915, 718.307800293, 459.691223145, 377.211608887, 73.924369812, 129.214981079, 170.356689453, 219.18800354, 44.9133491516, -76.695602417, -89.095703125, 38.8649597168], [1410.53442383, -670.330566406, 459.691223145, 648.261657715, 412.475799561, 161.898330688, 114.911834717, 202.2449646, 247.043457031, 130.085083008, 14.5992918015, -34.8018989563, 21.905582428], [779.041137695, -444.374420166, 377.211608887, 412.475799561, 468.276702881, 159.625732422, 136.512054443, 94.4528579712, 131.22328186, 109.364143372, 66.646812439, 11.0520515442, -21.4769210815], [370.732543945, -70.335647583, 73.924369812, 161.898330688, 159.625732422, 217.236465454, 113.855537415, 64.5007247925, 49.151676178, 99.4592285156, 64.4624481201, 38.5595855713, -14.8446235657], [698.505065918, -178.44581604, 129.214981079, 114.911834717, 136.512054443, 113.855537415, 209.584075928, 142.133346558, 130.651763916, 72.2085494995, 13.038433075, 28.2168083191, 22.0762767792], [1258.79980469, -487.195709229, 170.356689453, 202.2449646, 94.4528579712, 64.5007247925, 142.133346558, 286.733459473, 253.688034058, 68.4153518677, -57.372882843, -22.8585262299, 55.1881752014], [1431.94885254, -550.81463623, 219.18800354, 247.043457031, 131.22328186, 49.151676178, 130.651763916, 253.688034058, 335.261016846, 116.629203796, -62.9421310425, -41.4254417419, 59.9942779541], [598.248352051, -162.512512207, 44.9133491516, 130.085083008, 109.364143372, 99.4592285156, 72.2085494995, 68.4153518677, 116.629203796, 198.312637329, 67.8310852051, 11.863401413, -22.6550216675], [-317.941955566, 96.8283309937, -76.695602417, 14.5992918015, 66.646812439, 64.4624481201, 13.038433075, -57.372882843, -62.9421310425, 67.8310852051, 183.545074463, 69.0834197998, -65.7281494141], [-314.53793335, 65.6884765625, -89.095703125, -34.8018989563, 11.0520515442, 38.5595855713, 28.2168083191, -22.8585262299, -41.4254417419, 11.863401413, 69.0834197998, 105.304443359, 9.0770111084], [172.615982056, -131.050064087, 38.8649597168, 21.905582428, -21.4769210815, -14.8446235657, 22.0762767792, 55.1881752014, 59.9942779541, -22.6550216675, -65.7281494141, 9.0770111084, 107.178871155]],
        "icov": [[0.000236129868426, -6.40513826511e-05, -9.90737607935e-05, -0.000153125161887, 3.84404484066e-05, 4.49723374913e-05, -0.000127754086861, -0.00049199355999, -0.000393777416321, -0.000291704083793, 0.000150533815031, 0.000285838759737, 0.00012905888434], [-6.40513826511e-05, 0.00105577649083, -0.000346944696503, 0.000359535682946, 0.00100660405587, -0.000641455932055, -0.000603897322435, 0.0013468505349, 0.000717943243217, 8.31654469948e-05, 9.98739324132e-06, -0.000229124751058, 0.000631374772638], [-9.90737607935e-05, -0.000346944696503, 0.00431712018326, -0.00148919026833, -0.00279478984885, 0.00115972524509, -0.00119529501535, 0.00018908752827, -0.000247471180046, 0.000905540771782, 0.000861202715896, 0.00264505832456, -0.0011422598036], [-0.000153125161887, 0.000359535682946, -0.00148919026833, 0.00631064502522, -0.00327615439892, -0.00238793110475, 0.003409066936, -0.00149352604058, -0.00093653483782, 5.31472251168e-05, -0.00137718929909, 0.000770693004597, -0.00135830044746], [3.84404484066e-05, 0.00100660405587, -0.00279478984885, -0.00327615439892, 0.00928374100477, -0.00161506328732, -0.00318421679549, 0.00354368891567, -0.000106077248347, -3.57144890586e-05, -0.00083292555064, -0.0024768949952, 0.00307050929405], [4.49723374913e-05, -0.000641455932055, 0.00115972524509, -0.00238793110475, -0.00161506328732, 0.0105899451301, -0.00402424903587, -0.00214302097447, 0.00317361624911, -0.00348901003599, 0.000326618435793, -0.000945900857914, 5.27075972059e-05], [-0.000127754086861, -0.000603897322435, -0.00119529501535, 0.003409066936, -0.00318421679549, -0.00402424903587, 0.0129801165313, -0.00531659694389, -0.00164936843794, 1.71123592736e-05, -0.000560750486329, -0.00290213362314, -0.00109863013495], [-0.00049199355999, 0.0013468505349, 0.00018908752827, -0.00149352604058, 0.00354368891567, -0.00214302097447, -0.00531659694389, 0.0166672039777, -0.00769479619339, 0.0033352531027, 0.000614048040006, -0.00108691933565, 0.00108288123738], [-0.000393777416321, 0.000717943243217, -0.000247471180046, -0.00093653483782, -0.000106077248347, 0.00317361624911, -0.00164936843794, -0.00769479619339, 0.0158890355378, -0.00616587745026, 0.00169699685648, 0.00154879095498, -0.00277441414073], [-0.000291704083793, 8.31654469948e-05, 0.000905540771782, 5.31472251168e-05, -3.57144890586e-05, -0.00348901003599, 1.71123592736e-05, 0.0033352531027, -0.00616587745026, 0.0114763826132, -0.00399318290874, 0.000642209837679, 0.00139496137854], [0.000150533815031, 9.98739324132e-06, 0.000861202715896, -0.00137718929909, -0.00083292555064, 0.000326618435793, -0.000560750486329, 0.000614048040006, 0.00169699685648, -0.00399318290874, 0.0140023324639, -0.0076917191036, 0.00686107482761], [0.000285838759737, -0.000229124751058, 0.00264505832456, 0.000770693004597, -0.0024768949952, -0.000945900857914, -0.00290213362314, -0.00108691933565, 0.00154879095498, 0.000642209837679, -0.0076917191036, 0.0204499009997, -0.0085071772337], [0.00012905888434, 0.000631374772638, -0.0011422598036, -0.00135830044746, 0.00307050929405, 5.27075972059e-05, -0.00109863013495, 0.00108288123738, -0.00277441414073, 0.00139496137854, 0.00686107482761, -0.0085071772337, 0.0176533740014]]
    },
    "spectral_contrast_coeffs": {
        "max": [-0.482128322124, -0.475363492966, -0.489366978407, -0.42191028595, -0.624112665653, -0.612311005592],
        "mean": [-0.725780189037, -0.777883470058, -0.760537385941, -0.787651538849, -0.813089489937, -0.76723074913],
        "min": [-0.971868515015, -0.971880078316, -0.969327569008, -0.963362395763, -0.960996210575, -0.957497060299],
        "stdev": [0.0731013864279, 0.0796923711896, 0.085729457438, 0.0909749343991, 0.035728931427, 0.0428421460092]
    },
    "spectral_contrast_valleys": {
        "max": [-4.49056529999, -4.96556711197, -5.2442741394, -5.70053434372, -5.98194932938, -7.39465713501],
        "mean": [-7.41202735901, -6.93580722809, -7.14066267014, -7.55015611649, -8.03242588043, -11.105471611],
        "min": [-27.318353653, -27.0523777008, -27.2525749207, -27.4952716827, -27.1593513489, -27.3250770569],
        "stdev": [1.81519770622, 1.47035467625, 1.59771513939, 1.57918155193, 1.6998436451, 1.90330862999]
    }
},
"rhythm": {
    "beats_count": 23,
    "beats_loudness": {
        "max": 0.140431180596,
        "mean": 0.0450737588108,
        "min": 0.0014261478791,
        "stdev": 0.0464294850826
    },
    "bpm": 114.518997192,
    "bpm_histogram_first_peak_bpm": 115,
    "bpm_histogram_first_peak_weight": 0.461538434029,
    "bpm_histogram_second_peak_bpm": 108,
    "bpm_histogram_second_peak_spread": 0.166666686535,
    "bpm_histogram_second_peak_weight": 0.227272734046,
    "danceability": 0.820448935032,
    "onset_rate": 1.72422373295,
    "beats_loudness_band_ratio": {
        "max": [0.90110117197, 0.298991113901, 0.58697360754, 0.873851299286, 0.697009563446, 0.111717939377],
        "mean": [0.398388147354, 0.0896449014544, 0.154851362109, 0.264447212219, 0.0811046734452, 0.0252012256533],
        "min": [0.00129774946254, 0.00290677184239, 0.0147235011682, 0.0180318057537, 0.00152432371397, 7.36912625143e-05],
        "stdev": [0.340404123068, 0.0791136100888, 0.132880061865, 0.298776775599, 0.152467548847, 0.0335486754775]
    },
    "beats_position": [0.487619042397, 0.99845802784, 1.49768710136, 1.99691605568, 2.48453521729, 3.01859402657, 3.55265307426, 4.08671188354, 4.60916090012, 5.13160991669, 5.65405893326, 6.17650794983, 6.6989569664, 7.20979595184, 7.72063493729, 8.24308395386, 8.76553249359, 9.31120204926, 9.86848068237, 10.4257593155, 10.9830379486, 11.5403175354, 12.0975961685],
