{
"metadata": {
    "version": {
        "essentia": "2.1-beta5",
        "essentia_git_sha": "Undefined",
        "extractor": "music 2.0"
    },
    "audio_properties": {
        "analysis": {
            "equal_loudness": 0,
            "length": 29.0017242432,
            "sample_rate": 44100,
            "start_time": 0,
            "downmix": "mix"
        },
        "bit_rate": 192000,
        "length": 203.209442139,
        "lossless": 0,
        "number_channels": 2,
        "replay_gain": 2.63231468201,
        "sample_rate": 48000,
        "codec": "mp3",
        "md5_encoded": "0cafc116b0b7680825ca32f250c09088"
    },
    "tags": {
        "file_name": "Italy_L_Essenziale_Marco Mengoni.mp3",
        "encoding": ["Lavf58.29.100"]
    }
},
"lowlevel": {
    "average_loudness": 0.689284741879,
    "barkbands_crest": {
        "max": 24.4722175598,
        "mean": 11.0976228714,
        "min": 2.64148521423,
        "stdev": 4.58003234863
    },
    "barkbands_flatness_db": {
        "max": 0.320853441954,
        "mean": 0.17424018681,
        "min": 0.0417650416493,
        "stdev": 0.0485437065363
    },
    "barkbands_kurtosis": {
        "max": 56.3855133057,
        "mean": 4.86696863174,
        "min": -1.87765610218,
        "stdev": 6.53548765182
    },
    "barkbands_skewness": {
        "max": 7.11590671539,
        "mean": 1.49519848824,
        "min": -3.16495227814,
        "stdev": 1.12407052517
    },
    "barkbands_spread": {
        "max": 98.0613937378,
        "mean": 15.4281597137,
        "min": 0.902398169041,
        "stdev": 11.9624891281
    },
    "dissonance": {
        "max": 0.499879211187,
        "mean": 0.446196347475,
        "min": 0.216412186623,
        "stdev": 0.0488873571157
    },
    "dynamic_complexity": 5.83284950256,
    "erbbands_crest": {
        "max": 33.3767166138,
        "mean": 10.5982475281,
        "min": 3.00057888031,
        "stdev": 5.48987674713
    },
    "erbbands_flatness_db": {
        "max": 0.390261024237,
        "mean": 0.209989503026,
        "min": 0.0736297443509,
        "stdev": 0.0519626736641
    },
    "erbbands_kurtosis": {
        "max": 79.4210739136,
        "mean": 2.27881717682,
        "min": -1.66435027122,
        "stdev": 5.79757785797
    },
    "erbbands_skewness": {
        "max": 5.75398111343,
        "mean": 0.810838460922,
        "min": -4.1435751915,
        "stdev": 1.00154662132
    },
    "erbbands_spread": {
        "max": 109.600746155,
        "mean": 27.3630599976,
        "min": 1.30819952488,
        "stdev": 15.2092914581
    },
    "hfc": {
        "max": 153.927810669,
        "mean": 13.10252285,
        "min": 0.000645112886559,
        "stdev": 19.0073642731
    },
    "loudness_ebu128": {
        "integrated": -27.9618530273,
        "loudness_range": 8.79268836975,
        "momentary": {
            "max": -22.6074943542,
            "mean": -30.7431907654,
            "min": -48.6455230713,
            "stdev": 5.71192789078
        },
        "short_term": {
            "max": -25.4876613617,
            "mean": -29.3585758209,
            "min": -43.3945846558,
            "stdev": 3.71135163307
        }
    },
    "melbands_crest": {
        "max": 36.9809875488,
        "mean": 14.9428653717,
        "min": 2.74238991737,
        "stdev": 6.09373950958
    },
    "melbands_flatness_db": {
        "max": 0.38238209486,
        "mean": 0.205587401986,
        "min": 0.0162773188204,
        "stdev": 0.0585855618119
    },
    "melbands_kurtosis": {
        "max": 86.0176773071,
        "mean": 9.54690742493,
        "min": -1.81586027145,
        "stdev": 10.9727010727
    },
    "melbands_skewness": {
        "max": 8.5247964859,
        "mean": 1.99183022976,
        "min": -1.67464590073,
        "stdev": 1.37590801716
    },
    "melbands_spread": {
        "max": 192.692962646,
        "mean": 20.2456264496,
        "min": 1.43081009388,
        "stdev": 21.827255249
    },
    "pitch_salience": {
        "max": 0.822891712189,
        "mean": 0.564822912216,
        "min": 0.124696291983,
        "stdev": 0.130048170686
    },
    "silence_rate_20dB": {
        "max": 1,
        "mean": 1,
        "min": 1,
        "stdev": 0
    },
    "silence_rate_30dB": {
        "max": 1,
        "mean": 0.995199978352,
        "min": 0,
        "stdev": 0.0691155344248
    },
    "silence_rate_60dB": {
        "max": 1,
        "mean": 0.244000002742,
        "min": 0,
        "stdev": 0.429494857788
    },
    "spectral_centroid": {
        "max": 4981.03857422,
        "mean": 1130.08325195,
        "min": 273.422241211,
        "stdev": 623.18951416
    },
    "spectral_complexity": {
        "max": 38,
        "mean": 10.8648004532,
        "min": 0,
        "stdev": 5.46509504318
    },
    "spectral_decrease": {
        "max": -1.58077574603e-14,
        "mean": -4.15834255918e-09,
        "min": -3.66129171425e-08,
        "stdev": 4.82261608425e-09
    },
    "spectral_energy": {
        "max": 0.138786137104,
        "mean": 0.016882982105,
        "min": 1.18175705666e-07,
        "stdev": 0.0193933844566
    },
    "spectral_energyband_high": {
        "max": 0.025422250852,
        "mean": 0.000518547079992,
        "min": 6.17625843802e-08,
        "stdev": 0.00194139126688
    },
    "spectral_energyband_low": {
        "max": 0.113045752048,
        "mean": 0.00252447207458,
        "min": 3.53746543169e-09,
        "stdev": 0.0068012913689
    },
    "spectral_energyband_middle_high": {
        "max": 0.0662796124816,
        "mean": 0.00448108324781,
        "min": 4.27746620346e-08,
        "stdev": 0.00868425425142
    },
    "spectral_energyband_middle_low": {
        "max": 0.106150940061,
        "mean": 0.00971035659313,
        "min": 1.10473088455e-08,
        "stdev": 0.0147040635347
    },
    "spectral_entropy": {
        "max": 8.60489368439,
        "mean": 7.39329004288,
        "min": 5.76173686981,
        "stdev": 0.462746411562
    },
    "spectral_flux": {
        "max": 0.245465889573,
        "mean": 0.0596815980971,
        "min": 0.000343766936567,
        "stdev": 0.0464648939669
    },
    "spectral_kurtosis": {
        "max": 35.6500015259,
        "mean": 4.43768215179,
        "min": -0.606375455856,
        "stdev": 3.47835969925
    },
    "spectral_rms": {
        "max": 0.011636197567,
        "mean": 0.00344223412685,
        "min": 1.07374753497e-05,
        "stdev": 0.00214993371628
    },
    "spectral_rolloff": {
        "max": 10465.1367188,
        "mean": 1291.45837402,
        "min": 21.533203125,
        "stdev": 1357.52404785
    },
    "spectral_skewness": {
        "max": 4.72783088684,
        "mean": 1.5978127718,
        "min": -0.336502611637,
        "stdev": 0.532705008984
    },
    "spectral_spread": {
        "max": 11864667,
        "mean": 4009447,
        "min": 1617042.875,
        "stdev": 1327604.625
    },
    "spectral_strongpeak": {
        "max": 12.4651212692,
        "mean": 1.14687299728,
        "min": 0,
        "stdev": 1.66674077511
    },
    "zerocrossingrate": {
        "max": 0.2841796875,
        "mean": 0.0512851551175,
        "min": 0.0048828125,
        "stdev": 0.0350951887667
    },
    "barkbands": {
        "max": [0.116583541036, 0.0442970432341, 0.0109616676345, 0.0104136327282, 0.0258120298386, 0.038188368082, 0.0625967085361, 0.0809218585491, 0.073302321136, 0.0863929465413, 0.0395581312478, 0.0424605421722, 0.0110868141055, 0.00971631333232, 0.0198110342026, 0.0029933960177, 0.00454223994166, 0.0023192607332, 0.00245194206946, 0.00351717160083, 0.0118056870997, 0.00641509518027, 0.0098426155746, 0.00518747419119, 0.0033136466518, 0.000645200198051, 1.74203208303e-07],
        "mean": [0.00093830912374, 0.00113656802569, 0.000617812911514, 0.00038013185258, 0.00195775250904, 0.000783973664511, 0.00121817993931, 0.00299141323194, 0.00123977905605, 0.00246995827183, 0.000732886779588, 0.000544803915545, 0.000482627830934, 0.000263795052888, 0.000265942973783, 0.000105413710116, 0.000114230526378, 4.81530441903e-05, 4.74513071822e-05, 6.60173100187e-05, 0.000128023282741, 0.000163826829521, 9.28429944906e-05, 5.87464564887e-05, 2.94469500659e-05, 4.89208878207e-06, 1.88392212941e-09],
        "min": [6.58956500477e-11, 7.35941418917e-10, 1.98372562821e-09, 1.06734254768e-09, 3.26183813293e-09, 1.81633863505e-09, 2.89907964302e-09, 7.18453185833e-10, 1.21620791216e-09, 7.69977137605e-10, 1.03875463786e-09, 1.73751235621e-09, 8.69493921307e-10, 4.40623093567e-09, 8.1401614338e-09, 7.25492377285e-09, 6.30695273784e-09, 5.68412472646e-09, 3.95520149965e-09, 5.23646104256e-09, 3.66039065725e-09, 8.13212963635e-09, 1.15848077797e-08, 9.76530323271e-09, 7.03374247735e-10, 2.23341248273e-10, 1.89884746815e-10],
        "stdev": [0.00542487390339, 0.00358719448559, 0.00136445870157, 0.000666446809191, 0.00323754013516, 0.00264665391296, 0.00421423139051, 0.00850843358785, 0.00457571912557, 0.00779863540083, 0.00284598767757, 0.00211354554631, 0.0011853990145, 0.000776530359872, 0.000814565224573, 0.000247386866249, 0.0002724865044, 0.000119177879242, 0.000137295864988, 0.000223057111725, 0.000654299568851, 0.00054046016885, 0.000508984318003, 0.000316170859151, 0.00017569035117, 2.87308048428e-05, 8.78203909593e-09]
    },
    "erbbands": {
        "max": [3.39116978645, 8.23709106445, 13.2966070175, 24.7166309357, 85.9168548584, 140.786239624, 319.313110352, 179.718322754, 323.874938965, 1231.32214355, 1449.0423584, 1520.96154785, 3706.75634766, 1994.37548828, 1034.21057129, 1460.97143555, 593.735961914, 541.171447754, 1223.3927002, 501.117279053, 203.617553711, 167.263885498, 129.41708374, 140.38432312, 52.5326881409, 211.009506226, 236.425735474, 584.626525879, 240.845077515, 388.90145874, 219.419845581, 83.6642684937, 103.884757996, 57.6614303589, 13.8036975861, 4.007188797, 1.09816634655, 0.0269670989364, 0.000863204419147, 0.000149603030877],
        "mean": [0.0457491762936, 0.216292694211, 0.73940128088, 1.01968443394, 2.96117997169, 6.80101013184, 11.0577802658, 4.34572839737, 14.0837144852, 37.2677345276, 59.9233627319, 25.4967288971, 77.3817901611, 43.3620758057, 29.0546283722, 19.6809177399, 21.1997680664, 16.4054546356, 12.5435113907, 12.1840820312, 6.45437669754, 6.43683195114, 3.08584928513, 2.65075469017, 2.10293793678, 3.24875926971, 3.55908274651, 6.17085409164, 6.24445438385, 4.56986141205, 2.24143195152, 1.20949399471, 0.991847932339, 0.488866835833, 0.127652049065, 0.0369084365666, 0.0057295979932, 0.000158017865033, 1.66256031662e-05, 2.11446695175e-05],
        "min": [1.56293982201e-08, 2.10755814578e-07, 1.80303288744e-06, 3.66173549082e-06, 3.5886087062e-06, 1.61965144798e-05, 9.61278328759e-06, 1.88340854947e-05, 3.20284998452e-05, 4.01964171033e-05, 2.08423189179e-05, 2.9494134651e-05, 1.93325122382e-05, 3.05897483486e-05, 6.95225753589e-05, 4.94398918818e-05, 3.91606845369e-05, 0.000160776849953, 0.000262747314991, 0.000521955022123, 0.000410598062444, 0.000303027394693, 0.000315909623168, 0.000274880469078, 0.000168859929545, 0.000239192479057, 0.00012659978529, 0.000222338334424, 0.00030730603612, 0.000341520906659, 0.000252377911238, 0.000166634941706, 0.000209018035093, 3.80875499104e-05, 6.04383558311e-06, 2.32995125771e-06, 9.11171071039e-07, 2.38714932266e-07, 4.54228832325e-08, 3.48364448399e-09],
        "stdev": [0.189914986491, 0.667681455612, 1.71363675594, 1.55808758736, 5.39746952057, 12.764005661, 28.9329376221, 11.2120637894, 33.2225990295, 112.17881012, 168.952285767, 82.1243972778, 282.075714111, 149.699157715, 89.5616073608, 72.6382675171, 55.4877548218, 39.3110237122, 44.0477180481, 31.5446434021, 14.6424541473, 13.9945354462, 6.93632936478, 7.40140247345, 4.86496305466, 11.4391975403, 15.9160575867, 31.4116325378, 20.2357902527, 21.7011127472, 11.6765890121, 5.63862752914, 5.7373418808, 3.09435677528, 0.695785939693, 0.195881038904, 0.0419349223375, 0.00106365629472, 4.19789503212e-05, 2.38478587562e-05]
    },
    "gfcc": {
        "mean": [-82.34034729, 115.373588562, -152.64982605, 22.7613868713, -83.1315002441, 18.244222641, -36.6056747437, -6.95314979553, -16.1282081604, -12.6427898407, -13.4066829681, -14.564576149, -0.691134214401],
        "cov": [[6297.85742188, -730.495544434, 958.875305176, 80.3011856079, -607.861083984, 218.45350647, -511.855926514, -92.9924926758, -91.2321014404, 105.280410767, -438.024261475, 155.132278442, -238.229553223], [-730.495544434, 1259.50952148, -194.510025024, 7.69516372681, 355.663970947, -212.492401123, 125.702728271, -244.867263794, 189.463012695, -202.032867432, 253.479156494, -138.413925171, 80.8541183472], [958.875305176, -194.510025024, 904.695739746, 229.060470581, 145.046844482, 193.543670654, -81.984085083, 159.248733521, -167.991546631, 182.567184448, -125.093383789, 130.563781738, -105.599327087], [80.3011856079, 7.69516372681, 229.060470581, 496.186187744, 206.394760132, 87.5408096313, 65.6514816284, 28.7552909851, -36.1126480103, 54.1658248901, 63.6479492188, -13.9094295502, 52.0729217529], [-607.861083984, 355.663970947, 145.046844482, 206.394760132, 613.932983398, 127.62286377, 226.043136597, 187.020950317, -7.35974407196, 75.7010116577, 89.9814376831, 7.33726739883, 43.4107704163], [218.45350647, -212.492401123, 193.543670654, 87.5408096313, 127.62286377, 280.418121338, 121.175666809, 172.650482178, -44.1226272583, 90.3667984009, -38.5924034119, 64.194519043, 24.6033210754], [-511.855926514, 125.702728271, -81.984085083, 65.6514816284, 226.043136597, 121.175666809, 351.9034729, 153.192245483, 8.19729709625, 12.0683660507, 72.9434967041, 11.6391868591, 87.3697433472], [-92.9924926758, -244.867263794, 159.248733521, 28.7552909851, 187.020950317, 172.650482178, 153.192245483, 348.295959473, -37.9766769409, 115.678344727, -54.334186554, 74.979019165, 21.5967731476], [-91.2321014404, 189.463012695, -167.991546631, -36.1126480103, -7.35974407196, -44.1226272583, 8.19729709625, -37.9766769409, 203.023757935, -54.1841926575, 32.7696647644, -43.026424408, 26.209859848], [105.280410767, -202.032867432, 182.567184448, 54.1658248901, 75.7010116577, 90.3667984009, 12.0683660507, 115.678344727, -54.1841926575, 155.233917236, -36.6692886353, 39.4083976746, -32.8116760254], [-438.024261475, 253.479156494, -125.093383789, 63.6479492188, 89.9814376831, -38.5924034119, 72.9434967041, -54.334186554, 32.7696647644, -36.6692886353, 179.675674438, -28.8586807251, 54.7575569153], [155.132278442, -138.413925171, 130.563781738, -13.9094295502, 7.33726739883, 64.194519043, 11.6391868591, 74.979019165, -43.026424408, 39.4083976746, -28.8586807251, 116.760185242, -2.76587176323], [-238.229553223, 80.8541183472, -105.599327087, 52.0729217529, 43.4107704163, 24.6033210754, 87.3697433472, 21.5967731476, 26.209859848, -32.8116760254, 54.7575569153, -2.76587176323, 137.433227539]],
        "icov": [[0.000271336524747, -0.000126045473735, -0.000176137982635, -0.000156318186782, 0.00035202151048, -0.000355223601218, 0.00018502669991, 4.90520542371e-05, -0.000107918160211, 2.91899868898e-05, 0.000413009402109, -0.000152213280671, 0.000155381087097], [-0.000126045473735, 0.00453674374148, -0.00217377138324, 0.00216518691741, -0.00380417425185, 0.00255395052955, -0.00172075966839, 0.00325768999755, -0.00255002337508, 0.00337929860689, -0.00284014339559, 0.0023290689569, -0.00158017047215], [-0.000176137982635, -0.00217377138324, 0.00384158967063, -0.00209660828114, 0.00110385788139, -0.00179105706047, 0.00171314692125, -0.00179654557724, 0.00217677210458, -0.0024138703011, 0.00189593271352, -0.00285539170727, 0.00208058557473], [-0.000156318186782, 0.00216518691741, -0.00209660828114, 0.00433300668374, -0.00251223240048, 0.000876797130331, -0.000923101149965, 0.0022020235192, -0.000989652355202, 0.000906266912352, -0.00238346122205, 0.00266968156211, -0.00251165614463], [0.00035202151048, -0.00380417425185, 0.00110385788139, -0.00251223240048, 0.00636354461312, -0.00234272074886, 0.000334720651153, -0.00376174319535, 0.00167292670812, -0.00297743291594, 0.00122639874462, -0.00127125985455, 0.00189188553486], [-0.000355223601218, 0.00255395052955, -0.00179105706047, 0.000876797130331, -0.00234272074886, 0.00852629542351, -0.00298470281996, 0.000572432647459, -0.0013869573595, 0.000189497630345, -0.000628322944976, 0.000212775208638, -0.00224120612256], [0.00018502669991, -0.00172075966839, 0.00171314692125, -0.000923101149965, 0.000334720651153, -0.00298470281996, 0.00666910177097, -0.00313098542392, 0.00133709551301, -0.000159197836183, -0.000332541880198, -0.000893161166459, -0.00049842504086], [4.90520542371e-05, 0.00325768999755, -0.00179654557724, 0.0022020235192, -0.00376174319535, 0.000572432647459, -0.00313098542392, 0.0091478228569, -0.0022677835077, -0.000656828808133, 0.000510552490596, -0.000115860479127, -0.00233768695034], [-0.000107918160211, -0.00255002337508, 0.00217677210458, -0.000989652355202, 0.00167292670812, -0.0013869573595, 0.00133709551301, -0.0022677835077, 0.00769112305716, -0.000820499612018, 0.00111083302181, -5.40766886843e-05, 0.000480560061987], [2.91899868898e-05, 0.00337929860689, -0.0024138703011, 0.000906266912352, -0.00297743291594, 0.000189497630345, -0.000159197836183, -0.000656828808133, -0.000820499612018, 0.0142350494862, -0.00245503056794, 0.00161781301722, 0.00154111662414], [0.000413009402109, -0.00284014339559, 0.00189593271352, -0.00238346122205, 0.00122639874462, -0.000628322944976, -0.000332541880198, 0.000510552490596, 0.00111083302181, -0.00245503056794, 0.0114571163431, -0.00229531340301, -0.000806076044682], [-0.000152213280671, 0.0023290689569, -0.00285539170727, 0.00266968156211, -0.00127125985455, 0.000212775208638, -0.000893161166459, -0.000115860479127, -5.40766886843e-05, 0.00161781301722, -0.00229531340301, 0.0139774307609, -0.0022977499757], [0.000155381087097, -0.00158017047215, 0.00208058557473, -0.00251165614463, 0.00189188553486, -0.00224120612256, -0.00049842504086, -0.00233768695034, 0.000480560061987, 0.00154111662414, -0.000806076044682, -0.0022977499757, 0.0120646134019]]
    },
    "melbands": {
        "max": [0.0277990456671, 0.00755341164768, 0.00449456227943, 0.0058674570173, 0.00850191246718, 0.00497726304457, 0.0078096059151, 0.0119922347367, 0.0102214477956, 0.00820027012378, 0.0180250313133, 0.00836955849081, 0.00305667333305, 0.00652217352763, 0.0038026003167, 0.00129458250012, 0.00121512322221, 0.00190229678992, 0.000710917462129, 0.000367429631297, 0.000293519726256, 0.000195475397049, 0.000163393196999, 4.51106097898e-05, 0.000134259695187, 5.98303267907e-05, 6.57074851915e-05, 0.000156450885697, 0.000148499209899, 0.000344305095496, 0.00036310282303, 0.000140096715768, 0.000181481562322, 0.000253059261013, 0.000178239642992, 5.68607392779e-05, 5.00057140016e-05, 8.47348201205e-05, 5.06754840899e-05, 5.73091747356e-05],
        "mean": [0.000415092712501, 0.000343332794728, 0.000223641225602, 0.000354580144631, 0.000386144878576, 0.000122243232909, 0.000212245082366, 0.000496649357956, 0.00045614814735, 0.000150409876369, 0.000395037379349, 0.000186071818462, 9.16343560675e-05, 7.02475008438e-05, 4.57343630842e-05, 4.64976328658e-05, 2.84916823148e-05, 2.0066903744e-05, 2.11581609619e-05, 9.6439907793e-06, 7.27783890397e-06, 7.08684319761e-06, 4.33790728493e-06, 1.73550290583e-06, 2.20483457269e-06, 1.74427998445e-06, 1.58351156188e-06, 2.27644613915e-06, 1.89051536381e-06, 3.00712940771e-06, 3.67982715943e-06, 3.4887361835e-06, 3.20242679663e-06, 2.36971254708e-06, 1.46346837937e-06, 7.35880462344e-07, 7.23876041775e-07, 7.54051995955e-07, 5.21247784491e-07, 3.7709287426e-07],
        "min": [1.67969665954e-10, 7.30314364539e-10, 5.77367598176e-10, 7.0111882966e-10, 4.5562101314e-10, 4.16990941776e-10, 5.28636134867e-10, 3.59361679303e-10, 1.78588629995e-10, 1.81014134237e-10, 9.93748069944e-11, 1.2610024136e-10, 1.91493376711e-10, 2.15112788693e-10, 7.52858816955e-11, 8.96908172732e-11, 3.28212013123e-10, 3.79601461376e-10, 7.48186623767e-10, 6.40304809174e-10, 4.30634056192e-10, 3.23539001146e-10, 3.47630618736e-10, 2.13095929791e-10, 2.28758997856e-10, 1.59738111627e-10, 1.26911703369e-10, 1.62841892748e-10, 9.84867187803e-11, 5.33880439857e-11, 1.50594745008e-10, 1.72222028305e-10, 1.77764386544e-10, 2.13323414489e-10, 1.29980443075e-10, 1.55216228759e-10, 8.02513194786e-11, 1.20672152826e-10, 4.37170404044e-11, 4.70106462439e-12],
        "stdev": [0.00158159877174, 0.000793982471805, 0.00031554242014, 0.00061556766741, 0.000874231511261, 0.000324223190546, 0.00060202163877, 0.00142588978633, 0.00128170172684, 0.000512229802553, 0.00140685890801, 0.000654119590763, 0.000295828707749, 0.000298587052384, 0.000175644789124, 0.000125533013488, 7.81746275607e-05, 7.51422558096e-05, 5.48609932594e-05, 2.38267566601e-05, 1.91142389667e-05, 1.61105690495e-05, 1.111774327e-05, 3.10140103466e-06, 6.80199900671e-06, 4.79199843539e-06, 4.78114452562e-06, 8.38541291159e-06, 8.34973434394e-06, 1.74350316229e-05, 1.88752546819e-05, 1.14561917144e-05, 1.12871739475e-05, 1.34247829919e-05, 8.63020704855e-06, 3.38576228387e-06, 3.47555146618e-06, 4.41588235844e-06, 3.08599283017e-06, 2.65174185188e-06]
    },
    "melbands128": {
        "max": [0.0713127702475, 0.0410088524222, 0.0170281678438, 0.0165094658732, 0.00948139559478, 0.00389817450196, 0.00572989881039, 0.00501518510282, 0.0104639735073, 0.00758686522022, 0.0107462406158, 0.012232625857, 0.0156859643757, 0.0168704111129, 0.00291667645797, 0.00227429927327, 0.00733514456078, 0.00590753834695, 0.025926027447, 0.0231617446989, 0.0238693878055, 0.0262329988182, 0.0189936179668, 0.0290790703148, 0.0121614560485, 0.00574522651732, 0.0259196553379, 0.0324101485312, 0.0153005868196, 0.0157401487231, 0.0140857854858, 0.00773843470961, 0.00515612121671, 0.00713741499931, 0.00649767648429, 0.011633913964, 0.00280214194208, 0.0082493936643, 0.0016618425725, 0.00303335417993, 0.00196541077457, 0.00246165902354, 0.00192909850739, 0.00159018952399, 0.00143556657713, 0.00341556104831, 0.00291150342673, 0.00136367511004, 0.00130389665719, 0.00102063443046, 0.000332068244461, 0.000159446935868, 0.0002910127223, 0.000634954078123, 0.000516875414178, 0.000344435393345, 0.000491751648951, 0.000370717927581, 0.000443740340415, 0.00016387582582, 4.06985163863e-05, 3.89275846828e-05, 0.000108193846245, 0.000270472461125, 0.000214697312913, 7.76283050072e-05, 6.00895727985e-05, 6.26543842372e-05, 0.000134518384584, 0.000154184323037, 0.000305191060761, 9.20629827306e-05, 0.000199404224986, 0.000177349051228, 0.000202390641789, 0.000293093908112, 0.000589815026615, 0.000576128717512, 0.000659574288875, 0.000296668469673, 0.000212377461139, 0.00013053829025, 0.000167569567566, 0.000235832907492, 0.000215507781832, 0.00018053095846, 0.000312555668643, 0.000477709400002, 0.00016215085634, 8.27547337394e-05, 4.64493423351e-05, 8.02921495051e-05, 8.22226502351e-05, 6.40114812995e-05, 5.82974353165e-05, 0.000104548649688, 9.63787679211e-05, 8.25649913168e-05, 5.87968315813e-05, 3.95053211832e-05, 6.18913400103e-05, 6.95749477018e-05, 4.42962846137e-05, 2.80229578493e-05, 8.92487696547e-06, 1.46385236803e-05, 9.72165798885e-06, 9.23962124944e-06, 5.67308507016e-06, 6.38958317722e-06, 2.57071678789e-06, 8.22788024379e-06, 3.75188278667e-06, 7.94244741087e-08, 8.15770633267e-08, 7.32086888888e-08, 9.32678823062e-09, 5.02116903611e-10, 4.75320172111e-10, 4.66930660803e-10, 4.41232606008e-10, 4.37815311782e-10, 4.23244578274e-10, 4.1203612744e-10, 4.03990757514e-10, 3.91939453115e-10, 3.91597365645e-10, 3.91499860308e-10],
        "mean": [0.000572377117351, 0.000457568734419, 0.000326132023474, 0.000372916663764, 0.000421450095018, 0.00025945782545, 0.000195362430532, 0.000185647528269, 0.000296168698696, 0.000377671181923, 0.000354332150891, 0.000472262967378, 0.000431034422945, 0.000259266293142, 4.03263366024e-05, 4.73439795314e-05, 0.000252705271123, 0.000198227484361, 0.000235046507441, 0.000342926272424, 0.000734900764655, 0.000693668378517, 0.000382440775866, 0.000304623856209, 9.09740483621e-05, 7.0252448495e-05, 0.000291129894322, 0.000529783719685, 0.000412275403505, 0.000190630729776, 0.000135031266836, 0.000101894271211, 6.01071224082e-05, 0.000122301906231, 8.66102709551e-05, 5.41172921658e-05, 3.33769530698e-05, 5.75538979319e-05, 3.79905723094e-05, 5.08891534992e-05, 4.93019506393e-05, 4.28025196015e-05, 2.14617539314e-05, 2.70792424999e-05, 2.64118916675e-05, 1.67643811437e-05, 1.38147461257e-05, 2.54164151556e-05, 2.43811900873e-05, 1.32233244585e-05, 6.52946891933e-06, 6.66211462885e-06, 7.39739152777e-06, 7.69775488152e-06, 6.8353115239e-06, 7.75173884904e-06, 6.65343532091e-06, 4.79288019051e-06, 4.13918087361e-06, 2.18323907575e-06, 1.35967968617e-06, 1.22526364521e-06, 2.31354965763e-06, 2.35610536947e-06, 2.51992469202e-06, 1.97389022105e-06, 1.04179946447e-06, 1.03243826288e-06, 1.82926987691e-06, 2.0796071567e-06, 2.68296116701e-06, 2.03275635613e-06, 1.96302949007e-06, 1.61473690241e-06, 2.13834391616e-06, 2.52818858826e-06, 3.66885296899e-06, 4.1086186684e-06, 3.8382108869e-06, 2.9107309274e-06, 3.4647814573e-06, 3.60455624104e-06, 3.9366314013e-06, 3.18823526868e-06, 2.62763501269e-06, 2.32659954236e-06, 2.36414189203e-06, 2.3085246994e-06, 1.38550399242e-06, 9.35313266837e-07, 7.13376095973e-07, 7.05651984845e-07, 6.99334464116e-07, 7.49795958654e-07, 6.61747776576e-07, 8.43042130327e-07, 7.76113608936e-07, 6.74977172821e-07, 4.72619660741e-07, 4.9371675459e-07, 4.5522475034e-07, 3.92582023778e-07, 2.28820923098e-07, 1.73314887775e-07, 1.29624012857e-07, 8.73194281326e-08, 7.44126253949e-08, 8.6967254731e-08, 5.95632201339e-08, 4.84768065689e-08, 3.53124249841e-08, 3.30500853352e-08, 1.11473719144e-08, 4.47272885395e-10, 3.26844024068e-10, 2.75607925371e-10, 4.64422285351e-11, 5.00780623566e-12, 5.05816395713e-12, 4.43485656185e-12, 4.17711221515e-12, 4.18004780095e-12, 4.13625774257e-12, 3.99548363145e-12, 3.5322209567e-12, 2.75697021636e-12, 2.33812860566e-12, 2.27078555612e-12],
        "min": [4.96692270646e-11, 1.16391354887e-10, 1.64657718016e-10, 3.61511320879e-10, 7.82234055308e-10, 1.0164646902e-09, 8.42784786403e-10, 3.98135191482e-10, 1.80808507055e-10, 7.31698257539e-10, 1.10391207286e-09, 6.69967914479e-10, 2.25157170686e-10, 2.46622194888e-10, 3.9834824328e-10, 5.2679627327e-10, 5.27543453366e-10, 4.2350331575e-10, 6.81642520206e-10, 5.57743018437e-10, 1.03660975637e-10, 4.76328421151e-11, 2.68399913406e-10, 2.04901137724e-10, 1.80471443345e-10, 2.25611279658e-10, 2.8311207545e-11, 5.72716110647e-11, 1.90776200393e-10, 1.33350247511e-10, 8.27752519306e-11, 1.57831830938e-10, 8.91896140276e-11, 3.05004882462e-10, 3.92469223787e-10, 9.12557807098e-11, 1.26746155238e-10, 3.4694993406e-11, 8.46842873603e-11, 8.28041038514e-11, 4.31403732182e-11, 1.86749990472e-10, 3.14810622015e-10, 4.17633233551e-10, 4.05493111311e-10, 5.4642235181e-10, 5.0073646618e-11, 6.74551858815e-10, 1.43330858293e-09, 1.72687711353e-10, 7.43963113337e-10, 8.03161426255e-10, 3.25299481796e-10, 2.92345203601e-10, 5.5773063945e-10, 2.88911922164e-10, 1.1598959293e-10, 4.47826331573e-10, 3.43691852756e-10, 3.84277720755e-10, 6.40098668514e-11, 2.20918811022e-10, 3.25954707669e-10, 1.4292107775e-10, 2.39404052138e-10, 2.45173353841e-10, 3.47291848057e-11, 5.48858077043e-11, 1.53797002911e-10, 2.39764458287e-10, 1.14181102073e-10, 1.85799084451e-10, 1.41002681753e-10, 8.60390023116e-11, 3.50341908262e-11, 2.47508749607e-11, 4.0899124365e-11, 1.75820039083e-10, 1.63702162936e-10, 1.27088339852e-10, 2.21445944915e-10, 1.18304685492e-10, 1.97394225965e-10, 2.4029742085e-10, 9.92889104268e-11, 1.44938255842e-10, 3.93549998146e-10, 1.05119260518e-10, 9.07074484968e-11, 1.64303654016e-10, 1.16487333668e-10, 2.39463254781e-10, 3.29936494792e-11, 9.31996702036e-11, 8.8524840236e-11, 5.4235178848e-11, 1.52946072474e-10, 5.14212596114e-11, 3.3027212909e-11, 1.65956293846e-11, 2.03731736342e-12, 1.42909967714e-12, 1.20755196207e-12, 1.02076160025e-12, 6.50423400035e-13, 9.88030946121e-13, 1.06582982457e-12, 6.99387054347e-13, 9.09444449002e-13, 8.48445771105e-13, 8.5505056811e-13, 7.07476557806e-13, 8.62071915589e-13, 6.02080126207e-13, 7.56786018401e-13, 7.02866855429e-13, 7.29860291128e-13, 8.04830648741e-13, 7.03021028978e-13, 7.43468004175e-13, 7.03072908052e-13, 8.768646074e-13, 4.05231647934e-13, 6.27165149241e-13, 5.49020518718e-13, 2.23129213673e-13, 3.11427485633e-14, 1.07011347347e-15],
        "stdev": [0.00368088739924, 0.00210111704655, 0.00125295633916, 0.00123593327589, 0.00108700699639, 0.000527947500814, 0.000342042039847, 0.000347120716469, 0.000610571412835, 0.000832652905956, 0.000852697296068, 0.00103265722282, 0.00126034300774, 0.00105665402953, 0.000158622744493, 0.000152891501784, 0.000618049467448, 0.000542645691894, 0.00155976996757, 0.00142501841765, 0.00241155619733, 0.00261748977937, 0.00144463940524, 0.00159920600709, 0.000549651042093, 0.000284796144115, 0.00171011744533, 0.00235347403213, 0.0014785254607, 0.000957371201366, 0.000873160373885, 0.000583637563977, 0.000278734456515, 0.000555670005269, 0.000386732950574, 0.000446290330729, 0.000166371901287, 0.000349311536411, 0.00013628481247, 0.000213894265471, 0.000180930393981, 0.000105501945654, 0.000113753849291, 0.000117640876852, 9.9937642517e-05, 0.00011809913849, 9.11851821002e-05, 7.75776352384e-05, 9.02717583813e-05, 5.2564417274e-05, 2.16151929635e-05, 1.57163085532e-05, 2.48563264904e-05, 3.14885146508e-05, 2.20261081267e-05, 2.28960052482e-05, 2.31273625104e-05, 1.57248723553e-05, 1.92313273146e-05, 6.32513592791e-06, 2.14906117435e-06, 2.76234504781e-06, 6.09391554462e-06, 1.15090761028e-05, 1.08464955701e-05, 5.81465110372e-06, 3.29992326442e-06, 3.20164167533e-06, 6.57981763652e-06, 8.63245440996e-06, 1.26200829982e-05, 7.22441563994e-06, 9.77884519671e-06, 7.87457065599e-06, 1.15841885417e-05, 1.48854605868e-05, 2.35760162468e-05, 2.67049181275e-05, 2.38566990447e-05, 1.27881103253e-05, 1.40000365718e-05, 1.09321226773e-05, 1.29206428028e-05, 1.22781993923e-05, 1.19551641546e-05, 1.26198647195e-05, 1.5364794308e-05, 1.94989897864e-05, 7.59762133384e-06, 4.49267554359e-06, 2.99532030112e-06, 3.96416453441e-06, 3.70850375475e-06, 3.77229230253e-06, 3.09246979668e-06, 5.18223396284e-06, 4.7899125093e-06, 4.38413690063e-06, 2.92067215923e-06, 2.91117680717e-06, 2.97356041301e-06, 3.11427561428e-06, 2.01553848456e-06, 1.11343706521e-06, 6.29767612281e-07, 5.42684631455e-07, 3.91172079617e-07, 4.45006691052e-07, 3.29528887733e-07, 3.10463263986e-07, 1.90504451325e-07, 3.07165237245e-07, 1.21098821637e-07, 3.68336583456e-09, 3.05994096728e-09, 2.99727287434e-09, 3.7564071298e-10, 1.58818271034e-11, 1.59547566131e-11, 1.43358198576e-11, 1.33089450918e-11, 1.31857051319e-11, 1.27761412561e-11, 1.24459964904e-11, 1.2217831781e-11, 1.19008535665e-11, 1.18860242829e-11, 1.18759065082e-11]
    },
    "mfcc": {
        "mean": [-706.11517334, 131.028106689, -10.814912796, -0.178718939424, -15.6173629761, 9.50479507446, -10.1013431549, 0.705250561237, -1.16364765167, -2.41551494598, -4.26982784271, -5.04141521454, -8.43490505219],
        "cov": [[5685.21777344, -669.527526855, 936.570068359, -181.874786377, -82.3055648804, 163.749206543, -537.839172363, -116.846290588, -19.4772872925, -362.377990723, 87.3425064087, -114.475357056, 8.51828384399], [-669.527526855, 1107.22961426, -265.626190186, 95.5484542847, 148.594680786, 13.3513917923, 32.2567596436, 31.7205791473, -73.0768432617, -7.64852046967, 25.8474788666, 42.4064826965, 7.06486749649], [936.570068359, -265.626190186, 690.234680176, 63.4133262634, 68.9759216309, 85.4039001465, -52.9959220886, -45.2255554199, -16.7091960907, -80.8357543945, -18.2080764771, 8.2378616333, 30.5864315033], [-181.874786377, 95.5484542847, 63.4133262634, 410.624908447, 187.148773193, 77.0578155518, 179.396194458, 13.2306785583, 8.29730224609, 59.654712677, 6.50536394119, 25.7723197937, 15.5811758041], [-82.3055648804, 148.594680786, 68.9759216309, 187.148773193, 338.445007324, 76.7650909424, 122.910339355, 35.5109634399, 37.3682823181, 78.9537734985, 27.7492847443, 42.7819023132, 9.39892482758], [163.749206543, 13.3513917923, 85.4039001465, 77.0578155518, 76.7650909424, 179.01361084, 83.3122329712, 19.6003475189, 29.815864563, 5.38290166855, 19.6406383514, 13.7540035248, 12.2845201492], [-537.839172363, 32.2567596436, -52.9959220886, 179.396194458, 122.910339355, 83.3122329712, 479.240386963, 120.805519104, 113.057594299, 137.553070068, 23.3475265503, 25.0573711395, 37.7277565002], [-116.846290588, 31.7205791473, -45.2255554199, 13.2306785583, 35.5109634399, 19.6003475189, 120.805519104, 198.418487549, 98.7570419312, 70.5421905518, 21.6654987335, 7.07656574249, 21.3142795563], [-19.4772872925, -73.0768432617, -16.7091960907, 8.29730224609, 37.3682823181, 29.815864563, 113.057594299, 98.7570419312, 222.618164062, 89.0565795898, 22.6374740601, 18.1278781891, 12.7680587769], [-362.377990723, -7.64852046967, -80.8357543945, 59.654712677, 78.9537734985, 5.38290166855, 137.553070068, 70.5421905518, 89.0565795898, 171.067199707, 28.3377513885, 28.8078517914, 9.32409763336], [87.3425064087, 25.8474788666, -18.2080764771, 6.50536394119, 27.7492847443, 19.6406383514, 23.3475265503, 21.6654987335, 22.6374740601, 28.3377513885, 90.5578536987, 18.0227394104, 9.35227966309], [-114.475357056, 42.4064826965, 8.2378616333, 25.7723197937, 42.7819023132, 13.7540035248, 25.0573711395, 7.07656574249, 18.1278781891, 28.8078517914, 18.0227394104, 77.1073455811, 25.0148906708], [8.51828384399, 7.06486749649, 30.5864315033, 15.5811758041, 9.39892482758, 12.2845201492, 37.7277565002, 21.3142795563, 12.7680587769, 9.32409763336, 9.35227966309, 25.0148906708, 73.3969421387]],
        "icov": [[0.000322085717926, 0.000110150795081, -0.000305985449813, 2.53648977377e-05, -7.77880413807e-05, -0.000213247811189, 0.000306575471768, -5.64340298297e-05, -0.000216289350647, 0.000489110767376, -0.000580741791055, 0.000475922250189, -0.000134114845423], [0.000110150795081, 0.00128090614453, 0.000548386597075, -0.000130624481244, -0.000725343590602, -0.000136472110171, 0.00015602503845, -0.000428276573075, 0.000450382562121, 0.000889103452209, -0.00032196866232, -0.000446461810498, -0.000175089327968], [-0.000305985449813, 0.000548386597075, 0.00242061796598, -0.000284264766378, -0.000719656993169, -0.000544539478142, 2.67655523203e-05, 0.000110103595944, 0.000157382062753, 0.000842246343382, 0.000878958322573, -0.000731231819373, -0.000825253664516], [2.53648977377e-05, -0.000130624481244, -0.000284264766378, 0.00382948410697, -0.00153857294936, -0.000532538862899, -0.0011135765817, 0.000545122602489, 0.000564490095712, -0.000391573266825, 0.00040192445158, 7.57471643738e-05, -0.000110083186883], [-7.77880413807e-05, -0.000725343590602, -0.000719656993169, -0.00153857294936, 0.0051250634715, -0.000885688234121, -0.000102419886389, -6.16473407717e-05, -2.32520342252e-05, -0.00200854800642, -0.000305604015011, -0.00126866262872, 0.000998381292447], [-0.000213247811189, -0.000136472110171, -0.000544539478142, -0.000532538862899, -0.000885688234121, 0.00748319877312, -0.00131965545006, 1.80009533324e-06, -0.000649274559692, 0.00129298958927, -0.000984445214272, -0.000581732427236, 0.000189011174371], [0.000306575471768, 0.00015602503845, 2.67655523203e-05, -0.0011135765817, -0.000102419886389, -0.00131965545006, 0.00396972103044, -0.00110728514846, -0.000673853443004, -0.00129842001479, -0.000174290064024, 0.000959155499004, -0.0013328633504], [-5.64340298297e-05, -0.000428276573075, 0.000110103595944, 0.000545122602489, -6.16473407717e-05, 1.80009533324e-06, -0.00110728514846, 0.00757029140368, -0.00239882571623, -0.00129358423874, -0.000444108969532, 0.0013084274251, -0.00154317589477], [-0.000216289350647, 0.000450382562121, 0.000157382062753, 0.000564490095712, -2.32520342252e-05, -0.000649274559692, -0.000673853443004, -0.00239882571623, 0.007204788737, -0.00261371908709, 0.000160234732903, -0.0010840985924, 0.000378729513614], [0.000489110767376, 0.000889103452209, 0.000842246343382, -0.000391573266825, -0.00200854800642, 0.00129298958927, -0.00129842001479, -0.00129358423874, -0.00261371908709, 0.0119359334931, -0.00233229296282, -0.00176266336348, 0.000509969424456], [-0.000580741791055, -0.00032196866232, 0.000878958322573, 0.00040192445158, -0.000305604015011, -0.000984445214272, -0.000174290064024, -0.000444108969532, 0.000160234732903, -0.00233229296282, 0.0135685037822, -0.00265023275279, -0.000488008925458], [0.000475922250189, -0.000446461810498, -0.000731231819373, 7.57471643738e-05, -0.00126866262872, -0.000581732427236, 0.000959155499004, 0.0013084274251, -0.0010840985924, -0.00176266336348, -0.00265023275279, 0.0177061911672, -0.00562114035711], [-0.000134114845423, -0.000175089327968, -0.000825253664516, -0.000110083186883, 0.000998381292447, 0.000189011174371, -0.0013328633504, -0.00154317589477, 0.000378729513614, 0.000509969424456, -0.000488008925458, -0.00562114035711, 0.0168453045189]]
    },
    "spectral_contrast_coeffs": {
        "max": [-0.320292323828, -0.439138233662, -0.40497303009, -0.568998038769, -0.566254019737, -0.551001906395],
        "mean": [-0.682995736599, -0.744317054749, -0.745203495026, -0.792622387409, -0.799816429615, -0.74294680357],
        "min": [-0.904253602028, -0.933919012547, -0.91319411993, -0.909801959991, -0.903299093246, -0.885207116604],
        "stdev": [0.0951265841722, 0.103041633964, 0.0869392082095, 0.0670393779874, 0.0533451400697, 0.0493429973722]
    },
    "spectral_contrast_valleys": {
        "max": [-5.42925167084, -5.356528759, -5.68449783325, -6.46716833115, -6.30641746521, -7.51514816284],
        "mean": [-7.69224452972, -7.20618057251, -7.58774280548, -8.0429058075, -8.49501228333, -11.1370267868],
        "min": [-12.9705295563, -12.3682985306, -13.0935983658, -12.6806354523, -12.2687902451, -14.1514892578],
        "stdev": [1.05820631981, 0.622486531734, 0.569390416145, 0.559991359711, 0.604059994221, 1.15242624283]
    }
},
"rhythm": {
    "beats_count": 59,
    "beats_loudness": {
        "max": 0.0847559422255,
        "mean": 0.0192609708756,
        "min": 9.07441281015e-05,
        "stdev": 0.0200091842562
    },
    "bpm": 111.953941345,
    "bpm_histogram_first_peak_bpm": 112,
    "bpm_histogram_first_peak_weight": 0.347826123238,
    "bpm_histogram_second_peak_bpm": 144,
    "bpm_histogram_second_peak_spread": 0.533333301544,
    "bpm_histogram_second_peak_weight": 0.12068965286,
    "danceability": 0.921575903893,
    "onset_rate": 2.79181981087,
    "beats_loudness_band_ratio": {
        "max": [0.965944111347, 0.840983688831, 0.87482470274, 0.7866294384, 0.301889687777, 0.862577140331],
        "mean": [0.238350912929, 0.179329931736, 0.305575966835, 0.237225025892, 0.0551022663713, 0.0564536377788],
        "min": [0.00207079015672, 0.00717325462028, 0.00808500126004, 0.00793809164315, 0.00310544343665, 0.000774018408265],
        "stdev": [0.258010476828, 0.178385585546, 0.2417832762, 0.205090090632, 0.0554926432669, 0.14431129396]
    },
    "beats_position": [0.510838985443, 1.04489791393, 1.5673469305, 2.08979582787, 2.62385487556, 3.15791368484, 3.69197273254, 4.22603178024, 4.76009082794, 5.2941493988, 5.8282084465, 6.28099775314, 6.73378658295, 7.18657588959, 7.72063493729, 8.25469398499, 8.78875255585, 9.32281208038, 9.85687065125, 10.379319191, 10.9133787155, 11.4474372864, 12.0279359818, 12.6084346771, 13.1889343262, 13.7694330215, 14.3499317169, 14.9304304123, 15.4877090454, 16.0449886322, 16.5906581879, 17.1363258362, 17.6819953918, 18.1696147919, 18.6688423157, 19.1680717468, 19.5976409912, 20.0156002045, 20.4335594177, 20.8282985687, 21.2578678131, 21.6642169952, 22.0705661774, 22.4885253906, 22.918094635, 23.3476638794, 23.7656230927, 24.1835823059, 24.6015415192, 25.0195007324, 25.4258499146, 25.8205890656, 26.2269382477, 26.6216773987, 27.0048065186, 27.3879356384, 27.7826747894, 28.1658039093, 28.5605430603],
