{
"metadata": {
    "version": {
        "essentia": "2.1-beta5",
        "essentia_git_sha": "Undefined",
        "extractor": "music 2.0"
    },
    "audio_properties": {
        "analysis": {
            "equal_loudness": 0,
            "length": 12.7477550507,
            "sample_rate": 44100,
            "start_time": 0,
            "downmix": "mix"
        },
        "bit_rate": 192000,
        "length": 191.611083984,
        "lossless": 0,
        "number_channels": 2,
        "replay_gain": 3.18332862854,
        "sample_rate": 48000,
        "codec": "mp3",
        "md5_encoded": "59e47975cfcf3c148b159006701eca05"
    },
    "tags": {
        "file_name": "Croatia_Mižerja_Klapa s mora.mp3",
        "encoding": ["Lavf58.29.100"]
    }
},
"lowlevel": {
    "average_loudness": 0.194512009621,
    "barkbands_crest": {
        "max": 24.593585968,
        "mean": 11.3399477005,
        "min": 2.71335196495,
        "stdev": 4.98728895187
    },
    "barkbands_flatness_db": {
        "max": 0.369010359049,
        "mean": 0.137049272656,
        "min": 0.0294071640819,
        "stdev": 0.0538067854941
    },
    "barkbands_kurtosis": {
        "max": 119.943328857,
        "mean": 5.06667947769,
        "min": -1.62770450115,
        "stdev": 9.25195121765
    },
    "barkbands_skewness": {
        "max": 10.0226268768,
        "mean": 1.69198989868,
        "min": -1.80770754814,
        "stdev": 1.32252979279
    },
    "barkbands_spread": {
        "max": 80.4728393555,
        "mean": 19.3413181305,
        "min": 1.35765326023,
        "stdev": 10.1431341171
    },
    "dissonance": {
        "max": 0.5,
        "mean": 0.475517302752,
        "min": 0.366860955954,
        "stdev": 0.0219209529459
    },
    "dynamic_complexity": 6.54289150238,
    "erbbands_crest": {
        "max": 19.5031929016,
        "mean": 7.56536769867,
        "min": 2.39708662033,
        "stdev": 3.33836555481
    },
    "erbbands_flatness_db": {
        "max": 0.288043320179,
        "mean": 0.153470769525,
        "min": 0.0542407147586,
        "stdev": 0.0435816422105
    },
    "erbbands_kurtosis": {
        "max": 6.9009180069,
        "mean": 0.1592297405,
        "min": -1.26901912689,
        "stdev": 0.93000793457
    },
    "erbbands_skewness": {
        "max": 2.67578458786,
        "mean": 0.42180866003,
        "min": -0.830524146557,
        "stdev": 0.468406736851
    },
    "erbbands_spread": {
        "max": 82.3586196899,
        "mean": 32.6848297119,
        "min": 10.4499139786,
        "stdev": 12.0455408096
    },
    "hfc": {
        "max": 96.3714904785,
        "mean": 9.18622875214,
        "min": 1.15390716069e-16,
        "stdev": 14.6488542557
    },
    "loudness_ebu128": {
        "integrated": -26.8813228607,
        "loudness_range": 13.2014713287,
        "momentary": {
            "max": -19.7575054169,
            "mean": -32.7189750671,
            "min": -45.5584411621,
            "stdev": 6.69483852386
        },
        "short_term": {
            "max": -23.2053089142,
            "mean": -31.6377048492,
            "min": -40.0657348633,
            "stdev": 4.23425245285
        }
    },
    "melbands_crest": {
        "max": 37.9442138672,
        "mean": 17.4226989746,
        "min": 2.2946331501,
        "stdev": 7.30298376083
    },
    "melbands_flatness_db": {
        "max": 0.401395648718,
        "mean": 0.192601293325,
        "min": 0.00775548350066,
        "stdev": 0.0652258470654
    },
    "melbands_kurtosis": {
        "max": 163.073257446,
        "mean": 11.4258298874,
        "min": -1.36093938351,
        "stdev": 15.5146417618
    },
    "melbands_skewness": {
        "max": 11.940653801,
        "mean": 2.42522120476,
        "min": 0.111847050488,
        "stdev": 1.62615823746
    },
    "melbands_spread": {
        "max": 147.068206787,
        "mean": 21.2342319489,
        "min": 1.66640329361,
        "stdev": 13.0859642029
    },
    "pitch_salience": {
        "max": 0.866671562195,
        "mean": 0.53078442812,
        "min": 0.0935272052884,
        "stdev": 0.152103155851
    },
    "silence_rate_20dB": {
        "max": 1,
        "mean": 1,
        "min": 1,
        "stdev": 0
    },
    "silence_rate_30dB": {
        "max": 1,
        "mean": 0.905454516411,
        "min": 0,
        "stdev": 0.292585909367
    },
    "silence_rate_60dB": {
        "max": 1,
        "mean": 0.349090903997,
        "min": 0,
        "stdev": 0.476682811975
    },
    "spectral_centroid": {
        "max": 11262.7021484,
        "mean": 1391.22253418,
        "min": 520.012023926,
        "stdev": 612.216491699
    },
    "spectral_complexity": {
        "max": 42,
        "mean": 11.198182106,
        "min": 0,
        "stdev": 9.14900684357
    },
    "spectral_decrease": {
        "max": -1.01597920318e-28,
        "mean": -7.67992336392e-09,
        "min": -1.18554204676e-07,
        "stdev": 1.37082105667e-08
    },
    "spectral_energy": {
        "max": 0.448788642883,
        "mean": 0.02981903404,
        "min": 1.08497298526e-20,
        "stdev": 0.0527302771807
    },
    "spectral_energyband_high": {
        "max": 0.009666162543,
        "mean": 0.000296402402455,
        "min": 7.92642267687e-21,
        "stdev": 0.000693040550686
    },
    "spectral_energyband_low": {
        "max": 0.248622745275,
        "mean": 0.0185492876917,
        "min": 8.43846277363e-23,
        "stdev": 0.0367057211697
    },
    "spectral_energyband_middle_high": {
        "max": 0.0426585972309,
        "mean": 0.00275263097137,
        "min": 1.55544579212e-21,
        "stdev": 0.00471412483603
    },
    "spectral_energyband_middle_low": {
        "max": 0.106797225773,
        "mean": 0.00627809017897,
        "min": 5.21256819411e-22,
        "stdev": 0.0107978852466
    },
    "spectral_entropy": {
        "max": 9.80961513519,
        "mean": 7.77137088776,
        "min": 6.62657213211,
        "stdev": 0.316745609045
    },
    "spectral_flux": {
        "max": 0.391204893589,
        "mean": 0.0684321001172,
        "min": 1.04162033165e-10,
        "stdev": 0.0648866072297
    },
    "spectral_kurtosis": {
        "max": 19.1089363098,
        "mean": 4.24587202072,
        "min": -1.19577276707,
        "stdev": 2.10012841225
    },
    "spectral_rms": {
        "max": 0.0209246873856,
        "mean": 0.00398493139073,
        "min": 3.25347539708e-12,
        "stdev": 0.00363483978435
    },
    "spectral_rolloff": {
        "max": 18626.2207031,
        "mean": 1097.4498291,
        "min": 21.533203125,
        "stdev": 1160.03149414
    },
    "spectral_skewness": {
        "max": 3.20639920235,
        "mean": 1.54743230343,
        "min": -0.0466273799539,
        "stdev": 0.301292836666
    },
    "spectral_spread": {
        "max": 40099520,
        "mean": 4298849,
        "min": 2420322.25,
        "stdev": 2017241.25
    },
    "spectral_strongpeak": {
        "max": 3.53484940529,
        "mean": 0.291825503111,
        "min": 0,
        "stdev": 0.390201091766
    },
    "zerocrossingrate": {
        "max": 0.48974609375,
        "mean": 0.0517879985273,
        "min": 0.005859375,
        "stdev": 0.0376736335456
    },
    "barkbands": {
        "max": [0.381413817406, 0.188449561596, 0.0291343554854, 0.0429322719574, 0.0246368795633, 0.0189427509904, 0.013341601938, 0.0286826491356, 0.00719873048365, 0.0256130211055, 0.0174663737416, 0.00609879055992, 0.00173198687844, 0.00659862812608, 0.00364842801355, 0.0011645067716, 0.00114228704479, 0.0021770359017, 0.00147602218203, 0.00312744569965, 0.000720115494914, 0.0012623880757, 0.00200956501067, 0.00276694400236, 0.00103560695425, 0.00169591978192, 0.000138989373227],
        "mean": [0.00614743540064, 0.0129215400666, 0.00149999116547, 0.000939264311455, 0.00162866862956, 0.00177203398198, 0.000615275581367, 0.000573638593778, 0.00059203436831, 0.000737255671993, 0.000619735394139, 0.000311555020744, 0.000139358744491, 0.000341443403158, 0.00020145153394, 0.000113548267109, 9.31223476073e-05, 0.000116773124319, 7.97399479779e-05, 0.000125676844618, 7.22359545762e-05, 5.48494863324e-05, 4.68957914563e-05, 3.71841560991e-05, 2.30161167565e-05, 1.44562563946e-05, 8.60302691308e-07],
        "min": [4.16843647536e-24, 3.34566701521e-23, 2.05085391789e-23, 5.02742506401e-23, 1.224578823e-22, 1.09869517653e-22, 1.07002898098e-22, 2.33292249415e-23, 8.61941358134e-23, 5.10515468445e-23, 1.44614202026e-23, 6.62432187425e-23, 1.60176061103e-22, 1.26240691221e-22, 7.3532167289e-23, 1.73222886465e-22, 1.88981487452e-22, 2.24457332288e-22, 2.81441766316e-22, 3.92991040205e-22, 5.46836057093e-22, 4.79651361259e-22, 8.16407928031e-22, 7.96510407377e-22, 1.20844150567e-21, 1.63154196561e-21, 2.39745214293e-21],
        "stdev": [0.0253352671862, 0.027048163116, 0.00364173040725, 0.00273163197562, 0.00350017822348, 0.00357837276533, 0.00159013248049, 0.00213584327139, 0.000940121186431, 0.00201124278829, 0.00203381129541, 0.000626494700555, 0.000209354489925, 0.00069192959927, 0.000380883633625, 0.000150257081259, 0.000125186110381, 0.000262622634182, 0.000161490039318, 0.000304062705254, 0.000121901699458, 0.000118292300613, 0.000136125847348, 0.000150486230268, 7.88357865531e-05, 8.75583282323e-05, 7.23809171177e-06]
    },
    "erbbands": {
        "max": [8.54205703735, 32.9897460938, 46.1177787781, 93.6558303833, 126.71559906, 138.470870972, 76.2733535767, 222.834259033, 258.993530273, 204.365066528, 673.420227051, 90.1421203613, 586.514038086, 641.240539551, 445.050292969, 140.107574463, 64.5975723267, 137.575469971, 290.731811523, 186.231887817, 71.5256347656, 78.3031539917, 148.595703125, 73.1676712036, 117.416687012, 105.792137146, 35.538608551, 28.6615123749, 42.837059021, 70.5043869019, 41.3593254089, 66.2021179199, 36.0248947144, 15.9920492172, 6.01237201691, 9.2091960907, 2.16157341003, 0.23597715795, 0.0347143262625, 0.000812193145975],
        "mean": [0.623831927776, 1.92070937157, 2.11048603058, 2.43222498894, 4.67743444443, 5.81276035309, 4.38461351395, 18.9089603424, 14.4374399185, 7.41121149063, 13.0071325302, 10.3989009857, 25.0507621765, 28.986782074, 17.0258808136, 10.1478099823, 6.47090101242, 13.1098909378, 14.984046936, 9.04670810699, 6.56873464584, 5.46194696426, 7.09998846054, 4.35066986084, 5.03736352921, 5.6532664299, 3.28118658066, 2.43896341324, 2.09570789337, 1.65493059158, 1.26817965508, 0.936525523663, 0.535958111286, 0.318726569414, 0.11875423044, 0.0742369070649, 0.0218660905957, 0.00303279026411, 0.000201295857551, 3.86690553569e-05],
        "min": [4.62924884739e-22, 9.02033672523e-21, 2.34861326699e-20, 1.12443391103e-19, 1.06393450264e-19, 4.73034762118e-19, 6.414245915e-19, 1.24023076989e-18, 1.93375802061e-18, 8.12801370074e-19, 4.23961677742e-19, 1.94617668994e-18, 2.37003665032e-18, 1.00011853944e-18, 1.38795385356e-18, 3.53461348138e-18, 6.87751586168e-18, 6.36364769052e-18, 4.10823304409e-18, 3.95911719507e-18, 1.25101885944e-17, 9.90855253949e-18, 1.07474890429e-17, 1.2969689079e-17, 1.66187880795e-17, 1.96941248286e-17, 1.97593662179e-17, 2.11480155235e-17, 1.80927180519e-17, 1.99934765292e-17, 2.351613601e-17, 1.62200820612e-17, 1.5645345391e-17, 1.44541854566e-17, 7.29686127707e-18, 5.05998498895e-18, 2.8932906331e-18, 1.4910623305e-18, 3.16379756346e-19, 3.53784598689e-20],
        "stdev": [1.31822538376, 4.27278614044, 5.06632566452, 6.41625499725, 11.771320343, 14.6079978943, 8.83059024811, 39.7681427002, 32.7081794739, 20.5600852966, 47.6298141479, 13.4188394547, 50.3076553345, 77.0988769531, 40.864906311, 17.2456188202, 8.43883705139, 21.0254440308, 30.2247447968, 18.8066253662, 8.40266513824, 7.67808866501, 16.9623012543, 8.07217216492, 11.221496582, 12.8416242599, 5.49446153641, 4.34196996689, 4.40293693542, 4.56510400772, 3.39070606232, 3.72140240669, 2.08694434166, 1.13157689571, 0.410084247589, 0.470708101988, 0.113553754985, 0.015333279036, 0.00182380375918, 7.54695138312e-05]
    },
    "gfcc": {
        "mean": [-68.8163070679, 97.9228820801, -132.879669189, 30.5512886047, -56.393951416, 24.327495575, -27.3480453491, 15.739197731, -16.9334259033, 3.48698115349, -12.76308918, -0.363875389099, 0.687119603157],
        "cov": [[10968.7275391, 947.349914551, 1331.34143066, 936.169616699, 250.51322937, 456.710968018, 275.846740723, -28.4464931488, -14.3335409164, 165.549835205, 170.113006592, 153.080245972, -4.78572893143], [947.349914551, 1006.20330811, -57.9191207886, 271.749664307, -15.3210420609, -66.3181228638, 74.2453155518, -160.860961914, 236.132095337, -43.6778068542, 315.355804443, -74.4449996948, 208.193283081], [1331.34143066, -57.9191207886, 939.106872559, 185.106887817, 281.755981445, 133.414611816, 46.0833511353, 31.5316410065, -90.5082321167, 96.3578872681, -31.9924621582, 110.587623596, -94.3226318359], [936.169616699, 271.749664307, 185.106887817, 311.347442627, 76.0711669922, 82.6250534058, 55.821056366, -43.2759017944, 66.5323257446, -28.6641654968, 90.2045135498, -25.3156509399, 50.3775215149], [250.51322937, -15.3210420609, 281.755981445, 76.0711669922, 201.09928894, 80.4225540161, 56.2587776184, 39.1340484619, -16.3723869324, 11.3798322678, -25.5564994812, 14.5131502151, -25.1961307526], [456.710968018, -66.3181228638, 133.414611816, 82.6250534058, 80.4225540161, 166.394577026, 51.0691680908, 34.6970214844, -35.5265350342, -35.2710571289, -64.4170150757, -13.9423618317, -18.9467887878], [275.846740723, 74.2453155518, 46.0833511353, 55.821056366, 56.2587776184, 51.0691680908, 125.454345703, 33.9225997925, 49.2119674683, 4.36999082565, 17.4600143433, -4.85852575302, 9.06152629852], [-28.4464931488, -160.860961914, 31.5316410065, -43.2759017944, 39.1340484619, 34.6970214844, 33.9225997925, 104.146461487, -20.1629447937, 28.4022750854, -57.5638542175, 10.6504173279, -34.2893791199], [-14.3335409164, 236.132095337, -90.5082321167, 66.5323257446, -16.3723869324, -35.5265350342, 49.2119674683, -20.1629447937, 165.084457397, 17.1765766144, 127.910064697, -21.3604831696, 66.6779785156], [165.549835205, -43.6778068542, 96.3578872681, -28.6641654968, 11.3798322678, -35.2710571289, 4.36999082565, 28.4022750854, 17.1765766144, 121.797187805, 30.7171916962, 60.0357971191, -22.8350486755], [170.113006592, 315.355804443, -31.9924621582, 90.2045135498, -25.5564994812, -64.4170150757, 17.4600143433, -57.5638542175, 127.910064697, 30.7171916962, 201.552246094, 3.17431259155, 88.6538314819], [153.080245972, -74.4449996948, 110.587623596, -25.3156509399, 14.5131502151, -13.9423618317, -4.85852575302, 10.6504173279, -21.3604831696, 60.0357971191, 3.17431259155, 100.244132996, -4.58636140823], [-4.78572893143, 208.193283081, -94.3226318359, 50.3775215149, -25.1961307526, -18.9467887878, 9.06152629852, -34.2893791199, 66.6779785156, -22.8350486755, 88.6538314819, -4.58636140823, 110.547180176]],
        "icov": [[0.000191273851669, -0.000349061738234, -0.000121786804812, -0.00042289684643, 0.000447753787739, -0.000433836743468, -0.000115089038445, -0.000255609687883, 0.000358062563464, -0.00033366002026, 8.78301652847e-05, -0.000338311394444, 0.000342956249369], [-0.000349061738234, 0.00419519515708, -0.000282754364889, -9.22657927731e-05, -0.000935277552344, 0.0019604570698, -0.00171817734372, 0.00342945451848, -0.00111758918501, 0.00044170577894, -0.0022514029406, 0.00327953021042, -0.00408079382032], [-0.000121786804812, -0.000282754364889, 0.00333996023983, -0.00117725424934, -0.00359623786062, -0.000653065391816, 0.000747633457649, 0.000643811130431, 0.00142409699038, -0.00125520909205, -0.000701831420884, -0.00241806171834, 0.00246458943002], [-0.00042289684643, -9.22657927731e-05, -0.00117725424934, 0.00816732924432, -0.00104982219636, -0.00281866802834, 4.95318890898e-05, 0.00202235835604, -0.00197961670347, 0.00193374836817, -0.00239839055575, 0.00193298829254, -0.00107302505057], [0.000447753787739, -0.000935277552344, -0.00359623786062, -0.00104982219636, 0.0120295025408, -0.00203253165819, -0.00254991254769, -0.00323740276508, 0.000209318081033, 0.000339850841556, 0.000986138009466, 0.000327747344272, -4.4247644837e-05], [-0.000433836743468, 0.0019604570698, -0.000653065391816, -0.00281866802834, -0.00203253165819, 0.0141211096197, -0.00369070819579, -0.00100062775891, 0.000378101249225, 0.0031539213378, 0.0034264116548, 0.00224653980695, -0.00326569541357], [-0.000115089038445, -0.00171817734372, 0.000747633457649, 4.95318890898e-05, -0.00254991254769, -0.00369070819579, 0.0146623281762, -0.00535915791988, -0.00515707535669, 0.00109558354598, 0.000619805708993, -0.00243658665568, 0.00250701303594], [-0.000255609687883, 0.00342945451848, 0.000643811130431, 0.00202235835604, -0.00323740276508, -0.00100062775891, -0.00535915791988, 0.0201967786998, -0.00170617783442, -0.00590346101671, 0.00301970611326, 0.0035773855634, -0.00351110100746], [0.000358062563464, -0.00111758918501, 0.00142409699038, -0.00197961670347, 0.000209318081033, 0.000378101249225, -0.00515707535669, -0.00170617783442, 0.0178325977176, -0.00408171396703, -0.00756129063666, 0.00293616484851, -0.00116998143494], [-0.00033366002026, 0.00044170577894, -0.00125520909205, 0.00193374836817, 0.000339850841556, 0.0031539213378, 0.00109558354598, -0.00590346101671, -0.00408171396703, 0.0197463519871, -0.00526598049328, -0.00845985207707, 0.00631147436798], [8.78301652847e-05, -0.0022514029406, -0.000701831420884, -0.00239839055575, 0.000986138009466, 0.0034264116548, 0.000619805708993, 0.00301970611326, -0.00756129063666, -0.00526598049328, 0.019583420828, -0.000939055229537, -0.00583517365158], [-0.000338311394444, 0.00327953021042, -0.00241806171834, 0.00193298829254, 0.000327747344272, 0.00224653980695, -0.00243658665568, 0.0035773855634, 0.00293616484851, -0.00845985207707, -0.000939055229537, 0.0211489032954, -0.00925392657518], [0.000342956249369, -0.00408079382032, 0.00246458943002, -0.00107302505057, -4.4247644837e-05, -0.00326569541357, 0.00250701303594, -0.00351110100746, -0.00116998143494, 0.00631147436798, -0.00583517365158, -0.00925392657518, 0.0237786378711]]
    },
    "melbands": {
        "max": [0.0628772079945, 0.0294774733484, 0.017165530473, 0.00698728812858, 0.00339932972565, 0.00462515233085, 0.00345632433891, 0.00294857588597, 0.00444947648793, 0.000843617250212, 0.00333001324907, 0.00297694397159, 0.00192127155606, 0.000845601491164, 0.000141558339237, 0.0002534246305, 0.000246564799454, 0.000616917444859, 0.000384011684218, 0.000179395545274, 9.49653476709e-05, 8.10951023595e-05, 0.000116588227684, 0.000108260799607, 5.99431077717e-05, 6.72406822559e-05, 0.000160566909472, 5.20231988048e-05, 1.75408986252e-05, 2.75055681414e-05, 2.10958660318e-05, 2.46365470957e-05, 3.40342849086e-05, 4.21686236223e-05, 2.66749902949e-05, 3.03700835502e-05, 4.95670901728e-05, 3.32481577061e-05, 1.22605806609e-05, 1.32066625156e-05],
        "mean": [0.004727977328, 0.00150958786253, 0.000499163346831, 0.000359806290362, 0.000177911759238, 0.000401763740228, 0.000211302278331, 9.35370480875e-05, 9.13532494451e-05, 7.63380521676e-05, 0.000128274143208, 0.000118531934277, 6.87016436132e-05, 4.26255828643e-05, 1.17345798571e-05, 1.85410572158e-05, 2.39503551711e-05, 2.64396003331e-05, 1.62443102454e-05, 7.51056541048e-06, 7.83690211392e-06, 5.47115541849e-06, 6.15887938693e-06, 5.36669085704e-06, 3.33587991008e-06, 3.19793662129e-06, 4.97896371598e-06, 3.28861005983e-06, 1.89891807167e-06, 1.83648637631e-06, 1.24840801163e-06, 1.19310834634e-06, 1.05229105429e-06, 8.85049473709e-07, 7.74287627792e-07, 5.89135254359e-07, 5.80844925935e-07, 3.96479265419e-07, 3.21727810615e-07, 2.47532483399e-07],
        "min": [7.03880312003e-24, 1.38556602244e-23, 1.82176224236e-23, 1.89475522638e-23, 2.58670046731e-23, 2.6642199352e-23, 2.76580407832e-23, 7.56357784888e-24, 3.2091323108e-24, 1.37379022239e-23, 1.15591717445e-23, 4.05564672085e-24, 3.3751401997e-24, 6.68055298398e-24, 1.7409571688e-23, 1.23790230503e-23, 1.15613355899e-23, 6.72530111883e-24, 5.75811386725e-24, 6.80952227565e-24, 1.67094954999e-23, 9.76135379715e-24, 1.09252975524e-23, 1.01819412997e-23, 9.9379702875e-24, 1.22187225701e-23, 1.18212952349e-23, 1.30336190406e-23, 1.14735511484e-23, 1.33550585603e-23, 1.20093991178e-23, 9.35324370758e-24, 1.06518034209e-23, 1.18616028717e-23, 1.36234763719e-23, 1.26909544295e-23, 8.41641931781e-24, 9.581333372e-24, 1.4821148664e-23, 1.06559173305e-23],
        "stdev": [0.009610414505, 0.00339585961774, 0.00123890314717, 0.00078200106509, 0.000406294304412, 0.00083373329835, 0.000471879146062, 0.000284190347884, 0.000312802789267, 0.000110781693365, 0.000274947087746, 0.000317377067404, 0.0002012077166, 8.94978729775e-05, 1.45526219058e-05, 2.98904706142e-05, 3.78784643544e-05, 6.23039959464e-05, 3.53677896783e-05, 1.37368097057e-05, 1.0825915524e-05, 7.93669642007e-06, 1.18134157674e-05, 1.26123204609e-05, 6.38684741716e-06, 7.07298613634e-06, 1.44015084516e-05, 7.25655036149e-06, 3.02591524814e-06, 3.42081375493e-06, 2.36178630075e-06, 2.56187627201e-06, 2.5625354283e-06, 2.67255404651e-06, 2.0539353045e-06, 1.90144919543e-06, 2.62589423983e-06, 1.81650068498e-06, 9.72295538304e-07, 9.57855831984e-07]
    },
    "melbands128": {
        "max": [0.174644112587, 0.0782476440072, 0.0793141946197, 0.0581342875957, 0.0362508632243, 0.0130066350102, 0.0197871681303, 0.0208410751075, 0.0124718490988, 0.00616156542674, 0.010456838645, 0.00612387666479, 0.00253752432764, 0.00165919016581, 0.00483579840511, 0.0079596247524, 0.00548362126574, 0.00369358644821, 0.00433536292985, 0.00201910873875, 0.00402421690524, 0.0121223507449, 0.00291684037074, 0.000647627864964, 0.000521198264323, 0.00133301818278, 0.00289730122313, 0.00192958372645, 0.00912458728999, 0.00316373957321, 0.00486518582329, 0.00391249591485, 0.00338207441382, 0.000801435613539, 0.00191928329878, 0.000752783264033, 0.000266174902208, 0.000112196590635, 0.000378106662538, 0.000109637570858, 0.000357138633262, 0.000725594698451, 0.000385610212106, 0.000106702718767, 0.0015626642853, 0.00088526745094, 0.000365422660252, 0.000792559585534, 0.00041964018601, 0.000567610608414, 7.49086102587e-05, 5.8711902966e-05, 0.000229025783483, 0.0001430609409, 9.8096243164e-05, 0.00010872882558, 0.000163941222127, 7.49967730371e-05, 0.000186276869499, 0.000348348170519, 8.43017041916e-05, 0.000102703103039, 6.86830171617e-05, 5.904493446e-05, 0.00022387408535, 8.75580008142e-05, 3.67384345736e-05, 0.000173526976141, 0.0003411815851, 0.00015506548516, 0.000105915423774, 2.14100182347e-05, 3.35650729539e-05, 2.63663969235e-05, 3.46756496583e-05, 5.81946551392e-05, 3.0352615795e-05, 2.61914992734e-05, 2.6902422178e-05, 2.84180987364e-05, 1.79650323844e-05, 3.54723633791e-05, 2.78865954897e-05, 4.35363981524e-05, 3.9167705836e-05, 3.93738409912e-05, 5.6241711718e-05, 4.12283334299e-05, 3.25725341099e-05, 1.73403150256e-05, 2.38446173171e-05, 4.26571386924e-05, 2.46796898864e-05, 3.86313149647e-05, 7.56121298764e-05, 6.25998291071e-05, 2.0351342755e-05, 7.34866762286e-06, 1.30383896249e-05, 1.9665229047e-05, 1.6393554688e-05, 1.93099440366e-05, 1.58973052748e-05, 8.09935045254e-06, 3.12272686642e-06, 3.60893773177e-06, 1.10893724923e-05, 1.88097565115e-05, 1.2771684851e-05, 2.68593485089e-05, 1.3369160115e-05, 7.81229573477e-06, 5.3155349633e-06, 3.29428939949e-06, 4.97466771776e-06, 2.26250222113e-06, 7.86319617418e-07, 9.43593875036e-07, 1.59963224178e-06, 1.96888527171e-06, 7.68491929648e-07, 3.4753759337e-07, 1.32356916538e-07, 4.96881433776e-08, 4.8889649662e-08, 4.83383075789e-08, 4.79349786531e-08, 4.77047912284e-08],
        "mean": [0.00370222097263, 0.00610994827002, 0.0048619415611, 0.00270102685317, 0.00129532709252, 0.00065854069544, 0.000452478794614, 0.000495125132147, 0.000530617020559, 0.000265256268904, 0.000368536828319, 0.000244864320848, 0.00011571199866, 0.000101830279164, 0.00037171819713, 0.000694874441251, 0.000299873499898, 0.000121309079987, 9.00098675629e-05, 5.23514863744e-05, 0.000100642195321, 0.00019833270926, 6.28895431873e-05, 3.33034840878e-05, 3.98405136366e-05, 8.99741862668e-05, 0.000170309227542, 9.62881822488e-05, 0.000157777700224, 8.29910277389e-05, 0.000140253236168, 0.000117937648611, 6.0922382545e-05, 2.37657786784e-05, 6.71264569974e-05, 4.39219329564e-05, 1.18249890875e-05, 1.03945540104e-05, 1.21792381833e-05, 1.02648355096e-05, 1.6088684788e-05, 3.66045278497e-05, 2.44139937422e-05, 1.06239367597e-05, 4.04274578614e-05, 2.74462581729e-05, 1.35427344503e-05, 2.12234008359e-05, 1.3578497601e-05, 1.11743656817e-05, 5.46630553799e-06, 5.17051012139e-06, 1.03179463622e-05, 7.23190350982e-06, 6.38982282908e-06, 5.04961280967e-06, 5.19368404639e-06, 4.63291735286e-06, 6.38820711174e-06, 9.91373326542e-06, 4.17988803747e-06, 3.76010189029e-06, 2.81543111669e-06, 2.59364560407e-06, 5.3356538956e-06, 2.8104714147e-06, 2.05077003557e-06, 4.56086490885e-06, 6.05314608038e-06, 4.60866567664e-06, 4.08612595493e-06, 2.12938175537e-06, 1.63360084571e-06, 1.77043932581e-06, 2.31898093261e-06, 2.07289463106e-06, 1.48156459545e-06, 1.50684752498e-06, 1.2575154642e-06, 9.28541112444e-07, 1.17456409043e-06, 1.32580635182e-06, 1.12903308036e-06, 1.088990075e-06, 9.57052748163e-07, 7.70682845541e-07, 9.78908474281e-07, 8.58505927681e-07, 8.14765201085e-07, 6.697794106e-07, 5.63307310131e-07, 6.30721388006e-07, 4.97540099786e-07, 6.09943128893e-07, 6.13934389548e-07, 5.0087010095e-07, 3.26941005824e-07, 2.76967028867e-07, 3.02588972545e-07, 4.0097373244e-07, 2.44940679295e-07, 2.29093345183e-07, 2.30087294995e-07, 1.87656965522e-07, 1.10378600482e-07, 5.44243228262e-08, 1.23878379554e-07, 1.51938365889e-07, 1.31027348971e-07, 1.42424624983e-07, 1.0624216884e-07, 7.8199910547e-08, 5.96624900595e-08, 5.17493496943e-08, 4.56022810624e-08, 3.31021610123e-08, 1.39148275125e-08, 5.31291011185e-09, 6.13956174789e-09, 6.98907332009e-09, 3.56288309966e-09, 1.77320880201e-09, 8.40155611748e-10, 9.76524139329e-11, 9.35188870788e-11, 9.16242637317e-11, 9.04126357115e-11, 8.99129867782e-11],
        "min": [1.0399520773e-24, 1.81775088466e-24, 9.07178839179e-24, 1.7794761424e-23, 1.148803779e-23, 1.13172186385e-23, 2.50228919501e-23, 2.26847050716e-23, 3.97984270989e-24, 1.52874727441e-23, 2.69002294432e-23, 4.31244382247e-23, 1.99635625112e-23, 1.07302990253e-23, 2.77263687594e-23, 3.51830322898e-23, 3.41130276688e-23, 3.24967147829e-23, 1.12520161292e-23, 8.07997724149e-24, 6.06948791616e-24, 2.39918475915e-24, 2.88416539963e-24, 2.70659754303e-24, 1.27625877328e-23, 1.83519212595e-23, 1.58715769127e-23, 1.17398350912e-23, 7.98588664588e-24, 3.29625410917e-24, 4.07185860131e-24, 1.92657404932e-24, 1.77139939002e-24, 4.02744533792e-24, 1.1244741254e-23, 2.6702673429e-24, 8.44123530417e-24, 1.72651927874e-23, 2.71007799735e-23, 1.17753914188e-23, 8.95469145674e-24, 1.09613784725e-23, 1.41044969306e-23, 1.20047590379e-23, 7.04832546002e-24, 6.22769988716e-24, 4.64174473545e-24, 6.50917176903e-24, 6.99092241853e-24, 1.79624633916e-24, 2.93792449538e-24, 1.78822224325e-23, 1.1857937824e-23, 2.37721940056e-23, 1.28601169731e-23, 3.98835373019e-24, 1.09027006318e-23, 1.17245698439e-23, 1.28778915871e-23, 6.42606487823e-24, 7.51235553258e-24, 1.49846227317e-23, 1.43071300536e-23, 7.65092447261e-24, 3.45819423681e-24, 1.49132497524e-23, 1.84999494307e-23, 4.42393905623e-24, 1.30758230991e-23, 1.62514008168e-23, 1.07662434724e-23, 1.56627464985e-23, 1.00280282262e-23, 1.08041356171e-23, 1.07180906139e-23, 1.79788452716e-23, 9.78306009382e-24, 1.27374222811e-23, 1.42994370821e-23, 8.77811204286e-24, 1.03117317955e-23, 5.59584005145e-24, 1.49699893619e-23, 1.20222512396e-23, 7.09860745412e-24, 9.77807291518e-24, 1.74253615279e-23, 7.45530590077e-24, 1.67494307944e-23, 1.41991002858e-23, 1.2068278118e-23, 1.27095463033e-23, 1.25878384763e-23, 6.20928432376e-24, 8.15039175475e-24, 7.87845010147e-24, 1.00641635776e-23, 1.23382626074e-23, 9.83390217916e-24, 2.29363942988e-23, 1.50206673642e-23, 8.01261167562e-24, 4.85027419929e-24, 4.40237436009e-24, 6.75475008528e-24, 1.07216673092e-23, 1.36108009548e-23, 1.07630257088e-23, 8.5517444618e-24, 5.56987982235e-24, 7.86416225276e-24, 8.90045884723e-24, 5.23215860806e-24, 1.29832273949e-23, 1.62491194311e-23, 1.05688239311e-23, 1.05768450688e-23, 1.290001598e-23, 1.18707986233e-23, 1.19577736935e-23, 7.09985858752e-24, 7.33993657111e-24, 9.91649276049e-24, 1.42960907341e-23, 9.10748434775e-24, 9.04214063239e-24, 8.07860856782e-24, 9.57878061811e-24],
        "stdev": [0.0129552781582, 0.013165384531, 0.0105646299198, 0.00642910040915, 0.00334664713591, 0.00159257824998, 0.00132915563881, 0.0014278764138, 0.00139947840944, 0.000647098815534, 0.00104837398976, 0.000669957429636, 0.000268221920123, 0.000198446126888, 0.000805476447567, 0.00153245707043, 0.000717743008863, 0.000353621406248, 0.000362228485756, 0.000177630558028, 0.000329834816512, 0.000868247821927, 0.000194598658709, 5.14063467563e-05, 6.08635782555e-05, 0.000148410181282, 0.000369772256818, 0.0001817461889, 0.000653782277368, 0.000243140442763, 0.00046940514585, 0.000418349023676, 0.000262551533524, 4.7350578825e-05, 0.000170669722138, 9.87314706435e-05, 1.83552438102e-05, 1.42987119034e-05, 2.61927852989e-05, 1.47450327859e-05, 3.4129654523e-05, 8.22648071335e-05, 4.78252368339e-05, 1.4957519852e-05, 0.000120203083497, 7.83553041401e-05, 2.9868011552e-05, 5.82988177484e-05, 3.34468059009e-05, 3.86267602153e-05, 7.95055620983e-06, 6.44577994535e-06, 1.96749770112e-05, 1.14556041808e-05, 9.73047826847e-06, 9.76798128249e-06, 1.08586064016e-05, 6.55745816402e-06, 1.42658645927e-05, 3.49311012542e-05, 9.84931466519e-06, 9.28625468077e-06, 5.73526176595e-06, 5.06616061102e-06, 1.82960193342e-05, 7.3727878771e-06, 3.79361335945e-06, 1.35917262014e-05, 2.31706471823e-05, 1.34971651278e-05, 1.10725350169e-05, 3.60150670531e-06, 3.34888295583e-06, 3.0562853226e-06, 4.83102576254e-06, 4.90278944199e-06, 3.03410092783e-06, 3.13960845233e-06, 2.80981544165e-06, 2.18909963223e-06, 2.50340121966e-06, 3.4019958548e-06, 2.80861740976e-06, 2.83871372631e-06, 2.94121423394e-06, 2.50645484812e-06, 3.34801984536e-06, 2.74225158137e-06, 2.2784452085e-06, 1.89969330222e-06, 1.62139326676e-06, 2.58650811702e-06, 1.65414223829e-06, 2.53399116446e-06, 3.63480398846e-06, 3.09695860778e-06, 1.24878761198e-06, 7.10494703071e-07, 9.07104151793e-07, 1.38562529628e-06, 9.55769451139e-07, 1.11875760922e-06, 1.07026244223e-06, 6.3643494741e-07, 2.87201004312e-07, 2.14120831288e-07, 6.21462618255e-07, 9.74818817667e-07, 7.74423995153e-07, 1.23820177578e-06, 6.70343354159e-07, 3.83418210959e-07, 2.80330027636e-07, 2.10884834928e-07, 2.65392912979e-07, 1.71175074115e-07, 6.15884800936e-08, 5.1423416636e-08, 7.72284423078e-08, 9.4807376172e-08, 4.29693436388e-08, 2.04826466899e-08, 7.61128493565e-09, 2.11656470128e-09, 2.08258299494e-09, 2.05913286422e-09, 2.04197081466e-09, 2.0321677674e-09]
    },
    "mfcc": {
        "mean": [-701.59564209, 123.32660675, -11.789973259, 13.7063455582, -0.115118354559, 7.94767141342, 5.59324359894, 8.71454620361, 9.15623474121, 8.53816604614, -0.653625786304, 0.1993573457, -1.80526375771],
        "cov": [[7793.18115234, 713.603820801, 1185.31311035, 715.480163574, 266.123138428, 572.739990234, 291.98425293, 187.537994385, -51.1585235596, 78.7386550903, 96.4725875854, -15.3063421249, 146.615524292], [713.603820801, 577.297546387, 106.20640564, 161.712936401, 14.9194526672, 41.8432006836, -21.0796432495, -36.217880249, -43.7987213135, 2.406260252, 32.2551269531, 65.1412200928, 51.4995384216], [1185.31311035, 106.20640564, 506.503814697, 199.905654907, 169.743179321, 148.690917969, 90.0766067505, 25.6996040344, -29.2319602966, 0.0351160466671, 24.4457607269, 5.40394544601, 45.5984725952], [715.480163574, 161.712936401, 199.905654907, 219.826934814, 79.6267700195, 82.6018600464, 32.6872329712, 7.75313425064, -17.1843643188, 1.4347410202, 40.9766921997, 39.2073440552, 45.6084403992], [266.123138428, 14.9194526672, 169.743179321, 79.6267700195, 180.262664795, 77.8427581787, 69.9415512085, 32.601650238, 19.2942276001, -1.86938893795, -3.77562451363, -4.25807285309, 1.7931240797], [572.739990234, 41.8432006836, 148.690917969, 82.6018600464, 77.8427581787, 146.081008911, 58.3970184326, 55.3854942322, 18.9702110291, 6.85230827332, 4.09278821945, -9.09646701813, 4.67312955856], [291.98425293, -21.0796432495, 90.0766067505, 32.6872329712, 69.9415512085, 58.3970184326, 114.909889221, 54.7375984192, 44.0338554382, 8.75240898132, 1.31357800961, -15.9731664658, -3.02889275551], [187.537994385, -36.217880249, 25.6996040344, 7.75313425064, 32.601650238, 55.3854942322, 54.7375984192, 98.2528305054, 52.6240577698, 13.6788787842, -3.57947206497, -19.1630878448, -10.6778507233], [-51.1585235596, -43.7987213135, -29.2319602966, -17.1843643188, 19.2942276001, 18.9702110291, 44.0338554382, 52.6240577698, 93.5433807373, 24.0192127228, 6.90177297592, -6.67359399796, -11.4250459671], [78.7386550903, 2.406260252, 0.0351160466671, 1.4347410202, -1.86938893795, 6.85230827332, 8.75240898132, 13.6788787842, 24.0192127228, 60.2957725525, 23.8740844727, 13.260933876, 2.71310329437], [96.4725875854, 32.2551269531, 24.4457607269, 40.9766921997, -3.77562451363, 4.09278821945, 1.31357800961, -3.57947206497, 6.90177297592, 23.8740844727, 68.4126586914, 40.9916229248, 27.7175979614], [-15.3063421249, 65.1412200928, 5.40394544601, 39.2073440552, -4.25807285309, -9.09646701813, -15.9731664658, -19.1630878448, -6.67359399796, 13.260933876, 40.9916229248, 78.7545394897, 38.5929031372], [146.615524292, 51.4995384216, 45.5984725952, 45.6084403992, 1.7931240797, 4.67312955856, -3.02889275551, -10.6778507233, -11.4250459671, 2.71310329437, 27.7175979614, 38.5929031372, 58.9677047729]],
        "icov": [[0.000290652795229, -0.000188916790648, -0.000425643316703, -0.000404497259296, 0.000505409843754, -0.000472722749691, -0.000281758140773, -0.000213627936319, 0.000214534302359, -0.000402128353016, 4.63435571874e-05, 0.000476740504382, -0.000220473768422], [-0.000188916790648, 0.00254312879406, 0.00041602976853, -0.00155467004515, 9.35888092499e-05, -0.000201177157578, 0.000458802707726, 0.00081573438365, 0.000124185622553, -9.74678841885e-05, 0.000852678727824, -0.00150105915964, -7.6050280768e-05], [-0.000425643316703, 0.00041602976853, 0.00551020912826, -0.00154033245053, -0.00317343277857, -0.00151369837113, -0.00126569357235, 0.00103260320611, 0.00232496508397, -0.000225998999667, -0.000703872588929, 0.0012090728851, -0.00203575799242], [-0.000404497259296, -0.00155467004515, -0.00154033245053, 0.0114443805069, -0.00237191095948, -0.00187668553554, 0.000407756771892, -0.000154252527864, 0.000786762160715, 0.00220036110841, -0.00390435196459, -0.00204543373547, -0.00185804418288], [0.000505409843754, 9.35888092499e-05, -0.00317343277857, -0.00237191095948, 0.0112996967509, -0.00222344044596, -0.00366072962061, 0.000542984169442, -0.00168827688321, 0.000189966260223, 0.0028254869394, -0.00145271990914, 0.00197982392274], [-0.000472722749691, -0.000201177157578, -0.00151369837113, -0.00187668553554, -0.00222344044596, 0.014883893542, -0.000472476909636, -0.00572216883302, -0.000135499547468, 5.4092706705e-05, 0.000352898990968, 0.000341685983585, 0.00138248619623], [-0.000281758140773, 0.000458802707726, -0.00126569357235, 0.000407756771892, -0.00366072962061, -0.000472476909636, 0.0169432442635, -0.0040147267282, -0.00519552268088, 0.00080063479254, -0.000962655351032, 0.00185065867845, -0.000546906958334], [-0.000213627936319, 0.00081573438365, 0.00103260320611, -0.000154252527864, 0.000542984169442, -0.00572216883302, -0.0040147267282, 0.0206164438277, -0.00784435495734, -0.000942722603213, 0.00129503838252, 0.00173905619886, -0.000119857846585], [0.000214534302359, 0.000124185622553, 0.00232496508397, 0.000786762160715, -0.00168827688321, -0.000135499547468, -0.00519552268088, -0.00784435495734, 0.0205334518105, -0.00493417866528, -0.00267717661336, -0.000154105000547, 0.000891172094271], [-0.000402128353016, -9.74678841885e-05, -0.000225998999667, 0.00220036110841, 0.000189966260223, 5.4092706705e-05, 0.00080063479254, -0.000942722603213, -0.00493417866528, 0.0225930493325, -0.00751873012632, -0.00280556292273, 0.00279303407297], [4.63435571874e-05, 0.000852678727824, -0.000703872588929, -0.00390435196459, 0.0028254869394, 0.000352898990968, -0.000962655351032, 0.00129503838252, -0.00267717661336, -0.00751873012632, 0.0271791703999, -0.00958845578134, -0.00389749300666], [0.000476740504382, -0.00150105915964, 0.0012090728851, -0.00204543373547, -0.00145271990914, 0.000341685983585, 0.00185065867845, 0.00173905619886, -0.000154105000547, -0.00280556292273, -0.00958845578134, 0.0269868616015, -0.0118562327698], [-0.000220473768422, -7.6050280768e-05, -0.00203575799242, -0.00185804418288, 0.00197982392274, 0.00138248619623, -0.000546906958334, -0.000119857846585, 0.000891172094271, 0.00279303407297, -0.00389749300666, -0.0118562327698, 0.0300005562603]]
    },
    "spectral_contrast_coeffs": {
        "max": [-0.587305486202, -0.538825571537, -0.497417330742, -0.660450220108, -0.698193609715, -0.67739212513],
        "mean": [-0.779885232449, -0.791966557503, -0.781642019749, -0.831092476845, -0.827813029289, -0.781746804714],
        "min": [-0.962711930275, -0.97379553318, -0.957143127918, -0.960443258286, -0.9576613307, -0.960574328899],
        "stdev": [0.053798802197, 0.0869821757078, 0.0698977783322, 0.0490321926773, 0.0319445952773, 0.0360876470804]
    },
    "spectral_contrast_valleys": {
        "max": [-4.62582206726, -5.24602842331, -5.97859668732, -6.45615577698, -6.3864274025, -7.86291694641],
        "mean": [-7.38745975494, -7.21653223038, -7.48800420761, -7.76898813248, -7.98241472244, -10.8236999512],
        "min": [-27.2502880096, -26.9948043823, -27.4134044647, -27.4423294067, -27.2892017365, -27.3030643463],
        "stdev": [1.60526955128, 1.14189779758, 1.11132454872, 1.05324101448, 1.07360553741, 1.14537012577]
    }
},
"rhythm": {
    "beats_count": 22,
    "beats_loudness": {
        "max": 0.180908218026,
        "mean": 0.0277283079922,
        "min": 0.000272830686299,
        "stdev": 0.0449099577963
    },
    "bpm": 100.492118835,
    "bpm_histogram_first_peak_bpm": 99,
    "bpm_histogram_first_peak_weight": 0.444444477558,
    "bpm_histogram_second_peak_bpm": 115,
    "bpm_histogram_second_peak_spread": 0.428571462631,
    "bpm_histogram_second_peak_weight": 0.190476194024,
    "danceability": 0.793763279915,
    "onset_rate": 1.95934510231,
    "beats_loudness_band_ratio": {
        "max": [0.84541195631, 0.518757045269, 0.44072034955, 0.52079975605, 0.267530858517, 0.0992541536689],
        "mean": [0.50899296999, 0.133582741022, 0.146190479398, 0.146543845534, 0.0694314315915, 0.0342125445604],
        "min": [0.0450184121728, 0.00747528206557, 0.021717697382, 0.0264277625829, 0.015820870176, 0.00442994292825],
        "stdev": [0.283865690231, 0.124802641571, 0.115281559527, 0.144647553563, 0.0659370049834, 0.0275197923183]
    },
    "beats_position": [0.510838985443, 1.04489791393, 1.5673469305, 2.08979582787, 2.61224484444, 3.13469386101, 3.64553284645, 4.15637159348, 4.7020406723, 5.24770975113, 5.79337835312, 6.3622674942, 6.93115615845, 7.5464849472, 8.15020370483, 8.75392246246, 9.35764122009, 9.94974994659, 10.5418596268, 11.1223583221, 11.7028570175, 12.3065757751],
