{
"metadata": {
    "version": {
        "essentia": "2.1-beta5",
        "essentia_git_sha": "Undefined",
        "extractor": "music 2.0"
    },
    "audio_properties": {
        "analysis": {
            "equal_loudness": 0,
            "length": 23.0225849152,
            "sample_rate": 44100,
            "start_time": 175.240997314,
            "downmix": "mix"
        },
        "bit_rate": 192000,
        "length": 198.286819458,
        "lossless": 0,
        "number_channels": 2,
        "replay_gain": -3.65895843506,
        "sample_rate": 48000,
        "codec": "mp3",
        "md5_encoded": "ab595d3de041a7e9e7678bc7db046286"
    },
    "tags": {
        "file_name": "Israel_Rak Bishvilo_Moran Mazor.mp3",
        "encoding": ["Lavf58.29.100"]
    }
},
"lowlevel": {
    "average_loudness": 0.86367636919,
    "barkbands_crest": {
        "max": 21.6774024963,
        "mean": 7.69817829132,
        "min": 2.74424886703,
        "stdev": 3.017619133
    },
    "barkbands_flatness_db": {
        "max": 0.252577573061,
        "mean": 0.118763320148,
        "min": 0.0224212743342,
        "stdev": 0.0481798239052
    },
    "barkbands_kurtosis": {
        "max": 10.563129425,
        "mean": 0.652428627014,
        "min": -1.740213871,
        "stdev": 1.66409254074
    },
    "barkbands_skewness": {
        "max": 3.17187547684,
        "mean": 0.746786534786,
        "min": -0.490094423294,
        "stdev": 0.595224916935
    },
    "barkbands_spread": {
        "max": 80.4468383789,
        "mean": 23.2873725891,
        "min": 4.66410684586,
        "stdev": 11.7251787186
    },
    "dissonance": {
        "max": 0.500000059605,
        "mean": 0.475080937147,
        "min": 0.314133316278,
        "stdev": 0.0223781019449
    },
    "dynamic_complexity": 3.08238101006,
    "erbbands_crest": {
        "max": 23.7913227081,
        "mean": 9.22430324554,
        "min": 2.95882225037,
        "stdev": 3.6401181221
    },
    "erbbands_flatness_db": {
        "max": 0.324087262154,
        "mean": 0.190394639969,
        "min": 0.0781457051635,
        "stdev": 0.0585551634431
    },
    "erbbands_kurtosis": {
        "max": 8.03356933594,
        "mean": 0.799680113792,
        "min": -1.48167359829,
        "stdev": 1.4505572319
    },
    "erbbands_skewness": {
        "max": 2.56094813347,
        "mean": 0.70309227705,
        "min": -1.47584605217,
        "stdev": 0.527485311031
    },
    "erbbands_spread": {
        "max": 77.9111175537,
        "mean": 27.1538925171,
        "min": 9.259308815,
        "stdev": 11.7452173233
    },
    "hfc": {
        "max": 108.865127563,
        "mean": 32.9369354248,
        "min": 0.0557954162359,
        "stdev": 21.5709571838
    },
    "loudness_ebu128": {
        "integrated": -18.5675010681,
        "loudness_range": 6.89968490601,
        "momentary": {
            "max": -15.6535310745,
            "mean": -19.539270401,
            "min": -27.5631008148,
            "stdev": 3.24426937103
        },
        "short_term": {
            "max": -16.4112529755,
            "mean": -19.1302337646,
            "min": -25.3668994904,
            "stdev": 2.66285085678
        }
    },
    "melbands_crest": {
        "max": 26.9336967468,
        "mean": 10.4405193329,
        "min": 3.70697140694,
        "stdev": 4.024289608
    },
    "melbands_flatness_db": {
        "max": 0.260880559683,
        "mean": 0.136001586914,
        "min": 0.0546795986593,
        "stdev": 0.0312304086983
    },
    "melbands_kurtosis": {
        "max": 31.1968917847,
        "mean": 3.50655150414,
        "min": -1.22215306759,
        "stdev": 3.88102436066
    },
    "melbands_skewness": {
        "max": 4.90074300766,
        "mean": 1.38583958149,
        "min": -0.257430076599,
        "stdev": 0.790618777275
    },
    "melbands_spread": {
        "max": 102.015441895,
        "mean": 31.5705718994,
        "min": 5.63800477982,
        "stdev": 13.3245658875
    },
    "pitch_salience": {
        "max": 0.884011983871,
        "mean": 0.611809968948,
        "min": 0.249305427074,
        "stdev": 0.11111831665
    },
    "silence_rate_20dB": {
        "max": 1,
        "mean": 1,
        "min": 1,
        "stdev": 0
    },
    "silence_rate_30dB": {
        "max": 1,
        "mean": 0.994964778423,
        "min": 0,
        "stdev": 0.0707801580429
    },
    "silence_rate_60dB": {
        "max": 1,
        "mean": 0.0725075528026,
        "min": 0,
        "stdev": 0.259326338768
    },
    "spectral_centroid": {
        "max": 3679.70532227,
        "mean": 1792.46081543,
        "min": 942.149047852,
        "stdev": 407.339263916
    },
    "spectral_complexity": {
        "max": 46,
        "mean": 24.9617328644,
        "min": 0,
        "stdev": 7.97077417374
    },
    "spectral_decrease": {
        "max": -7.28244808207e-12,
        "mean": -7.11274728005e-09,
        "min": -3.84319527313e-08,
        "stdev": 5.80409897921e-09
    },
    "spectral_energy": {
        "max": 0.150512784719,
        "mean": 0.0298326034099,
        "min": 3.25465043716e-05,
        "stdev": 0.023463498801
    },
    "spectral_energyband_high": {
        "max": 0.0135888466612,
        "mean": 0.00157360930461,
        "min": 1.27503471958e-06,
        "stdev": 0.00169147178531
    },
    "spectral_energyband_low": {
        "max": 0.114884406328,
        "mean": 0.00739855831489,
        "min": 2.07051087386e-08,
        "stdev": 0.0130807934329
    },
    "spectral_energyband_middle_high": {
        "max": 0.0441439263523,
        "mean": 0.0129486275837,
        "min": 2.87634411507e-05,
        "stdev": 0.00983473006636
    },
    "spectral_energyband_middle_low": {
        "max": 0.0546444989741,
        "mean": 0.00912042986602,
        "min": 2.57073179455e-06,
        "stdev": 0.00770569033921
    },
    "spectral_entropy": {
        "max": 8.50994682312,
        "mean": 7.86872196198,
        "min": 7.42017316818,
        "stdev": 0.175896272063
    },
    "spectral_flux": {
        "max": 0.281527608633,
        "mean": 0.092470176518,
        "min": 0.0240696445107,
        "stdev": 0.045848838985
    },
    "spectral_kurtosis": {
        "max": 16.3365402222,
        "mean": 2.87964773178,
        "min": -0.150597333908,
        "stdev": 1.36940181255
    },
    "spectral_rms": {
        "max": 0.0121178273112,
        "mean": 0.00493640638888,
        "min": 0.000178192844032,
        "stdev": 0.00217645661905
    },
    "spectral_rolloff": {
        "max": 9862.20703125,
        "mean": 2100.38671875,
        "min": 236.865234375,
        "stdev": 1079.18408203
    },
    "spectral_skewness": {
        "max": 3.29023718834,
        "mean": 1.32644617558,
        "min": 0.241278901696,
        "stdev": 0.249291718006
    },
    "spectral_spread": {
        "max": 11172037,
        "mean": 4474699,
        "min": 2449531.75,
        "stdev": 1022237.9375
    },
    "spectral_strongpeak": {
        "max": 9.03856658936,
        "mean": 1.70922791958,
        "min": 0.0130871348083,
        "stdev": 1.77744007111
    },
    "zerocrossingrate": {
        "max": 0.2099609375,
        "mean": 0.0807055607438,
        "min": 0.0205078125,
        "stdev": 0.0212866272777
    },
    "barkbands": {
        "max": [0.0129985399544, 0.109876424074, 0.037800706923, 0.0274375639856, 0.013438927941, 0.0207658130676, 0.0242720860988, 0.0319959819317, 0.0251137800515, 0.0358050912619, 0.0240309294313, 0.0173313803971, 0.0285680927336, 0.019013799727, 0.00872884690762, 0.0111285643652, 0.0084111681208, 0.0019807452336, 0.00353580154479, 0.00340176955797, 0.00680901575834, 0.00807024817914, 0.00351794203743, 0.003553023329, 0.00420166738331, 0.00134542852174, 5.18221422681e-05],
        "mean": [0.000315969198709, 0.00488904677331, 0.00176393962465, 0.000879454775713, 0.000934307812713, 0.000969067681581, 0.00157787709031, 0.00147388805635, 0.00193399307318, 0.00310980645008, 0.00299560185522, 0.00148614519276, 0.00120639253873, 0.00235036714002, 0.000477946305182, 0.000605211069342, 0.000457213027403, 0.000238248103415, 0.000369150686311, 0.000395518785808, 0.000361633283319, 0.000376259500626, 0.000371735630324, 0.000172774103703, 9.16312856134e-05, 2.81053653453e-05, 1.33736511998e-06],
        "min": [4.55012347245e-11, 5.79389813904e-10, 5.70332803207e-09, 2.99029778716e-08, 1.84057768138e-07, 1.0114334259e-07, 2.08781997912e-07, 5.74779619456e-07, 1.31646493173e-06, 1.84480836651e-06, 2.38166967392e-06, 9.25985659705e-06, 2.18902573579e-06, 3.36113726007e-06, 3.08915559799e-06, 2.67657947006e-06, 1.71577573838e-06, 6.80406060383e-07, 1.20813956528e-06, 6.60030536892e-07, 3.16263339073e-07, 1.43161983601e-07, 3.48105970716e-07, 1.46074228269e-07, 4.16760990163e-08, 2.03794261466e-08, 8.20815290736e-11],
        "stdev": [0.000829331343994, 0.0104075502604, 0.00356373470277, 0.00205845735036, 0.00142394134309, 0.00168114458211, 0.00265179132111, 0.00236084405333, 0.00239117676392, 0.00407710345462, 0.00420883391052, 0.00222222763114, 0.00267334352247, 0.00336667965166, 0.000793858838733, 0.000789862824604, 0.000573834986426, 0.000208775076317, 0.000358904246241, 0.000383887760108, 0.000477778579807, 0.000601458363235, 0.000430313084507, 0.00026913851616, 0.000219097157242, 6.96690185578e-05, 4.20273318014e-06]
    },
    "erbbands": {
        "max": [4.01361465454, 21.3264732361, 36.2608261108, 47.923374176, 65.79712677, 83.7368011475, 42.7957000732, 255.282546997, 438.371551514, 499.918182373, 303.813323975, 752.256408691, 924.100524902, 1011.95861816, 1078.17443848, 851.647033691, 1374.40649414, 1094.19091797, 757.678466797, 427.828369141, 442.240234375, 578.9140625, 182.813705444, 164.941665649, 164.759277344, 115.46697998, 155.619125366, 283.762878418, 212.985244751, 297.478363037, 83.2451934814, 72.4088363647, 68.8827209473, 71.074546814, 22.5417938232, 7.41656064987, 2.27726387978, 0.16931578517, 0.0120006334037, 0.000460934912553],
        "mean": [0.157101869583, 1.03512823582, 1.99570703506, 2.73064851761, 2.82894968987, 3.18183994293, 3.40712332726, 10.2003488541, 19.6341381073, 33.0188102722, 24.5259418488, 46.3615074158, 103.638938904, 73.5479202271, 134.402832031, 51.0180130005, 56.7118682861, 107.313369751, 61.6994400024, 28.7272930145, 29.7138156891, 26.337348938, 14.8796682358, 19.0014514923, 17.6861495972, 18.3029632568, 13.5759334564, 14.5452194214, 14.0443668365, 12.3228654861, 10.3649330139, 4.59004592896, 2.52937912941, 1.41213214397, 0.432748049498, 0.159500390291, 0.042890496552, 0.00571980327368, 0.00020664036856, 4.47340644314e-05],
        "min": [5.01919359408e-08, 4.99150473843e-07, 9.29375073611e-06, 5.49928154214e-05, 0.000307546550175, 0.00069317460293, 0.000830770935863, 0.000878674909472, 0.00243543926626, 0.00441413186491, 0.0209514033049, 0.0300735700876, 0.0262566749007, 0.10543397069, 0.140192270279, 0.392812460661, 0.133575245738, 0.115643076599, 0.200573667884, 0.133244350553, 0.164641439915, 0.0891286432743, 0.0366407707334, 0.057285733521, 0.0594467967749, 0.0307432543486, 0.0192731134593, 0.00752820447087, 0.00540768634528, 0.00620621722192, 0.0110515328124, 0.00528600858524, 0.00167714222334, 0.000574738020077, 0.00019456386508, 0.000122128083603, 2.12282102439e-05, 6.53074857837e-06, 1.46915431287e-06, 2.03313788916e-07],
        "stdev": [0.380493849516, 2.09030270576, 3.7180993557, 5.25732851028, 5.00216436386, 6.76088380814, 4.93010950089, 18.8768959045, 32.2837638855, 49.2885017395, 30.1791706085, 54.9425697327, 120.624046326, 103.599639893, 178.851486206, 64.0676879883, 117.080451965, 149.039672852, 88.6576385498, 31.3903388977, 32.7232666016, 35.9639015198, 13.237080574, 19.8260250092, 17.3419036865, 16.5427722931, 15.7606582642, 19.1304988861, 20.7023410797, 20.339963913, 11.5158376694, 6.03140640259, 4.35339403152, 3.43085384369, 1.07987236977, 0.376087367535, 0.116161473095, 0.0134784840047, 0.000628188543487, 3.88044536521e-05]
    },
    "gfcc": {
        "mean": [14.5864372253, 52.833442688, -169.908798218, 14.5852937698, -79.3780822754, 29.5745258331, -29.2709159851, 11.5503988266, -19.8373355865, 0.495962619781, -18.8941764832, -4.6673002243, -11.4612226486],
        "cov": [[6470.12451172, 2121.79711914, 3714.39526367, 1654.78344727, 1020.68389893, 671.704284668, 243.276824951, 182.05607605, 230.035522461, 719.890625, 532.49017334, 751.550109863, -115.46812439], [2121.79711914, 1179.16027832, 1406.48120117, 687.773742676, 486.329376221, 321.633361816, 193.083145142, 41.8141975403, 110.521766663, 231.440155029, 230.69921875, 285.134216309, -10.9427185059], [3714.39526367, 1406.48120117, 2485.6887207, 1134.80163574, 691.438415527, 435.310272217, 123.766242981, 100.099815369, 134.863815308, 454.521697998, 339.643493652, 498.893432617, -67.1445541382], [1654.78344727, 687.773742676, 1134.80163574, 651.550170898, 336.941162109, 237.366195679, 77.411315918, 7.60403680801, 69.2751235962, 199.038070679, 166.394958496, 226.241607666, -25.2192649841], [1020.68389893, 486.329376221, 691.438415527, 336.941162109, 315.317138672, 172.83782959, 81.1181411743, 41.2399635315, 45.9183158875, 131.179367065, 101.302116394, 142.436401367, -15.429312706], [671.704284668, 321.633361816, 435.310272217, 237.366195679, 172.83782959, 203.02331543, 122.869544983, 14.7778186798, 54.2199554443, 76.8999176025, 85.7179260254, 98.1247329712, -1.67539536953], [243.276824951, 193.083145142, 123.766242981, 77.411315918, 81.1181411743, 122.869544983, 175.373336792, 38.205165863, 49.9686279297, 27.2386741638, 46.552947998, 36.3420791626, 4.58876514435], [182.05607605, 41.8141975403, 100.099815369, 7.60403680801, 41.2399635315, 14.7778186798, 38.205165863, 96.7015686035, 46.8188056946, 30.9942989349, 10.632815361, 22.7584648132, 0.805635094643], [230.035522461, 110.521766663, 134.863815308, 69.2751235962, 45.9183158875, 54.2199554443, 49.9686279297, 46.8188056946, 92.9018478394, 56.8451118469, 38.1528778076, 52.3986473083, 8.68871498108], [719.890625, 231.440155029, 454.521697998, 199.038070679, 131.179367065, 76.8999176025, 27.2386741638, 30.9942989349, 56.8451118469, 144.458496094, 89.9335479736, 108.173339844, -12.3928632736], [532.49017334, 230.69921875, 339.643493652, 166.394958496, 101.302116394, 85.7179260254, 46.552947998, 10.632815361, 38.1528778076, 89.9335479736, 114.871330261, 101.547447205, -1.98902487755], [751.550109863, 285.134216309, 498.893432617, 226.241607666, 142.436401367, 98.1247329712, 36.3420791626, 22.7584648132, 52.3986473083, 108.173339844, 101.547447205, 158.797744751, 9.4756975174], [-115.46812439, -10.9427185059, -67.1445541382, -25.2192649841, -15.429312706, -1.67539536953, 4.58876514435, 0.805635094643, 8.68871498108, -12.3928632736, -1.98902487755, 9.4756975174, 47.072517395]],
        "icov": [[0.00119090930093, -0.000286716094706, -0.00158435292542, 0.000249998061918, 0.00058082776377, -0.0003883097379, -0.000208472440136, -0.000436029804405, 0.000436941103544, -0.00109141552821, 0.000222065093112, -0.000250917335507, 0.000624884967692], [-0.000286716094706, 0.00747355353087, -0.0055312695913, 0.00163380918093, -0.00673388270661, 0.00636255275458, -0.00604918925092, 0.00749932322651, -0.00820042099804, 0.00892363581806, -0.00731464615092, 0.00703009497374, -0.00536115560681], [-0.00158435292542, -0.0055312695913, 0.0119643034413, -0.00681166304275, 0.00381352682598, -0.00684186303988, 0.00675103953108, -0.00975553691387, 0.0106049720198, -0.0101008191705, 0.00779306748882, -0.0118037993088, 0.0068483534269], [0.000249998061918, 0.00163380918093, -0.00681166304275, 0.0110085234046, -0.00328464759514, 0.000838977750391, -0.00177882739808, 0.00798789970577, -0.00662524718791, 0.00465752882883, -0.00380243686959, 0.00488538574427, -0.00253038527444], [0.00058082776377, -0.00673388270661, 0.00381352682598, -0.00328464759514, 0.017007784918, -0.0109011624008, 0.00519068725407, -0.0104853566736, 0.0113489702344, -0.0112947952002, 0.00855515059084, -0.00800153054297, 0.00530326738954], [-0.0003883097379, 0.00636255275458, -0.00684186303988, 0.000838977750391, -0.0109011624008, 0.0263255294412, -0.0153351854533, 0.0133427893743, -0.0135949850082, 0.0127975763753, -0.0100568654016, 0.00840185116976, -0.00639048125595], [-0.000208472440136, -0.00604918925092, 0.00675103953108, -0.00177882739808, 0.00519068725407, -0.0153351854533, 0.0187924560159, -0.0113155897707, 0.00586105789989, -0.00591478776187, 0.00306997355074, -0.00483677117154, 0.0047407373786], [-0.000436029804405, 0.00749932322651, -0.00975553691387, 0.00798789970577, -0.0104853566736, 0.0133427893743, -0.0113155897707, 0.0287167914212, -0.0205786377192, 0.0116244219244, -0.00675436481833, 0.0111078741029, -0.00697503611445], [0.000436941103544, -0.00820042099804, 0.0106049720198, -0.00662524718791, 0.0113489702344, -0.0135949850082, 0.00586105789989, -0.0205786377192, 0.0357069969177, -0.0220957882702, 0.0122651504353, -0.0162738710642, 0.00514605501667], [-0.00109141552821, 0.00892363581806, -0.0101008191705, 0.00465752882883, -0.0112947952002, 0.0127975763753, -0.00591478776187, 0.0116244219244, -0.0220957882702, 0.0387529172003, -0.0199613664299, 0.0100451642647, -0.00396895734593], [0.000222065093112, -0.00731464615092, 0.00779306748882, -0.00380243686959, 0.00855515059084, -0.0100568654016, 0.00306997355074, -0.00675436481833, 0.0122651504353, -0.0199613664299, 0.0347456261516, -0.0213484540582, 0.0084322290495], [-0.000250917335507, 0.00703009497374, -0.0118037993088, 0.00488538574427, -0.00800153054297, 0.00840185116976, -0.00483677117154, 0.0111078741029, -0.0162738710642, 0.0100451642647, -0.0213484540582, 0.0397687591612, -0.0185022484511], [0.000624884967692, -0.00536115560681, 0.0068483534269, -0.00253038527444, 0.00530326738954, -0.00639048125595, 0.0047407373786, -0.00697503611445, 0.00514605501667, -0.00396895734593, 0.0084322290495, -0.0185022484511, 0.0331973433495]]
    },
    "melbands": {
        "max": [0.0340150371194, 0.0147801367566, 0.00903901085258, 0.00297756143846, 0.00144492730033, 0.00503138080239, 0.00574266538024, 0.00670129386708, 0.00289047230035, 0.00426701782271, 0.0048666051589, 0.00391076738015, 0.0030897622928, 0.00231770123355, 0.00201746053062, 0.00393423018977, 0.0023426162079, 0.00175451207906, 0.000851280346978, 0.00110232329462, 0.000455702189356, 0.000679494754877, 0.000324155553244, 9.93827852653e-05, 0.000156004694873, 0.000159492818057, 0.00020913463959, 6.32193405181e-05, 0.000103190868685, 0.000185854922165, 0.00012120273459, 0.000107509906229, 0.000196300039534, 0.000141466822242, 5.03323790326e-05, 4.06617036788e-05, 4.37924281869e-05, 5.29816825292e-05, 7.86784294178e-05, 5.11430407641e-05],
        "mean": [0.00140617217403, 0.0011355036404, 0.000477795896586, 0.000205929885851, 0.000131096225232, 0.000229706303799, 0.00031227763975, 0.000376007315936, 0.000187473720871, 0.00030706988764, 0.000523515627719, 0.000289870658889, 0.000410915992688, 0.000241662113694, 8.65855035954e-05, 0.000138767951285, 0.000221610767767, 0.000120616758068, 3.66549211321e-05, 4.54358560091e-05, 3.04806526401e-05, 2.8233802368e-05, 1.78625959961e-05, 1.09072525447e-05, 1.62292471941e-05, 1.15647144412e-05, 1.48843901115e-05, 1.13313544716e-05, 7.87320368545e-06, 9.78247408057e-06, 7.67955771153e-06, 8.07083233667e-06, 6.93352149028e-06, 6.99037627783e-06, 6.53971846987e-06, 4.13675252275e-06, 2.3022289497e-06, 1.82851033514e-06, 1.45725653056e-06, 1.10840051093e-06],
        "min": [2.11500497671e-10, 3.61899510359e-09, 1.59448170223e-08, 3.59748959511e-08, 3.08825285344e-08, 2.03500007956e-08, 3.90355552327e-08, 5.3944987144e-08, 2.03876780347e-07, 1.77644636778e-07, 1.25888547586e-07, 4.15907067008e-07, 3.51275929233e-07, 1.009351422e-06, 7.34999105134e-07, 1.03295441534e-07, 2.51897034786e-07, 3.4965495388e-07, 2.24853451414e-07, 1.37674803113e-07, 2.14807812426e-07, 1.18355224288e-07, 1.84170421136e-08, 3.48919257931e-08, 4.91701115379e-08, 3.55214737624e-08, 3.86574718902e-08, 1.63505031736e-08, 1.38388385196e-08, 7.62425234058e-09, 3.14580295147e-09, 2.88854762331e-09, 2.79356182631e-09, 3.47471762474e-09, 6.45115338926e-09, 5.8469726838e-09, 2.32101915465e-09, 1.25323140754e-09, 8.65402582928e-10, 3.40160732915e-10],
        "stdev": [0.00316137680784, 0.00192569079809, 0.000879001687281, 0.000330473907525, 0.000194701598957, 0.000403975631343, 0.000507949152961, 0.000570771633647, 0.000227825148613, 0.000369903020328, 0.00062456773594, 0.000435758032836, 0.000551859615371, 0.000311037874781, 0.000163930206327, 0.000321769155562, 0.000332462630467, 0.000202845360036, 7.07206927473e-05, 6.66730775265e-05, 3.21714105667e-05, 4.05846440117e-05, 2.11231599678e-05, 9.89550517261e-06, 1.84590917343e-05, 1.14430586109e-05, 1.92051284102e-05, 1.037171387e-05, 9.49490549829e-06, 1.52397951751e-05, 9.4994347819e-06, 1.14392041723e-05, 1.36018225021e-05, 1.07223568193e-05, 7.53833501221e-06, 4.75756132801e-06, 3.58764145858e-06, 3.11909866468e-06, 3.45063494933e-06, 2.68803091785e-06]
    },
    "melbands128": {
        "max": [0.00974338594824, 0.0300542786717, 0.0554450750351, 0.0272712353617, 0.0172983352095, 0.0184872858226, 0.0109429107979, 0.0153541695327, 0.00578236021101, 0.00299341278151, 0.00675723236054, 0.00274844141677, 0.00202714558691, 0.00371818104759, 0.00968385580927, 0.00537791615352, 0.0116552505642, 0.00644886400551, 0.00586323114112, 0.00521909911186, 0.0133787058294, 0.00503668468446, 0.00441169645637, 0.00383896566927, 0.00908151175827, 0.0058209602721, 0.00850129220635, 0.00740244332701, 0.0100595299155, 0.00668383203447, 0.00734182260931, 0.00769042083994, 0.00547826848924, 0.00750757195055, 0.00396313378587, 0.00437305355445, 0.00284067634493, 0.00246969377622, 0.0036899857223, 0.00648927409202, 0.00693637039512, 0.00283566489816, 0.00504909968004, 0.00301215634681, 0.00523716723546, 0.00166030565742, 0.00141319725662, 0.00217224168591, 0.000804228067864, 0.00060186436167, 0.00215910421684, 0.00114345981274, 0.000907783629373, 0.000341276114341, 0.000303820794215, 0.00115448783617, 0.000828291638754, 0.000461901974631, 0.000192662570043, 0.000220911213546, 0.000111973800813, 0.000240895940806, 0.000366799358744, 0.000159623188665, 0.000365988031263, 0.000180901988642, 0.000206789598451, 0.000238100066781, 0.000418786745286, 0.000235307292314, 8.476718358e-05, 0.000141354190418, 0.000102398233139, 0.000189515732927, 0.000122322438983, 0.000246971234446, 0.000382539379643, 0.000320709747029, 9.20246675378e-05, 0.000125099541037, 0.000114308102638, 0.00016069112462, 0.00021536553686, 0.000178886883077, 0.000215622523683, 0.000234807026573, 0.000124612386571, 0.000111932415166, 7.13811969035e-05, 5.03871815454e-05, 9.05102133402e-05, 4.19825046265e-05, 5.77576065552e-05, 4.7665063903e-05, 4.05913342547e-05, 7.18536830391e-05, 5.58638566872e-05, 6.30527792964e-05, 0.000100082761492, 5.99109007453e-05, 0.000101941644971, 3.46912383975e-05, 4.81946881337e-05, 4.39733667008e-05, 2.7690339266e-05, 8.05948911875e-06, 6.76170884617e-06, 1.15250268209e-05, 1.30165162773e-05, 1.77817491931e-05, 1.63833356055e-05, 1.24457646962e-05, 4.56092811874e-06, 3.7406134652e-06, 2.57681767835e-06, 1.18247919545e-06, 1.31721890284e-06, 6.09228266057e-07, 3.86988233458e-07, 3.40157129131e-07, 4.55840392988e-07, 3.61284861583e-07, 1.19797377351e-07, 8.3315532251e-09, 8.91994464403e-11, 8.7818301242e-11, 8.6933155119e-11, 8.64388630117e-11],
        "mean": [0.000252145313425, 0.00119681621436, 0.00203468766995, 0.00156780611724, 0.00107945071068, 0.000841295346618, 0.000569722382352, 0.000408690044424, 0.000274844147498, 0.000177108959178, 0.000180196773726, 0.000161346193636, 9.43201594055e-05, 0.000108760548756, 0.000228414937737, 0.000282384309685, 0.000336769415298, 0.00025926620583, 0.000399847136578, 0.0003412811202, 0.000451524130767, 0.000218371642404, 0.000125714475871, 0.000169651510078, 0.000296180165606, 0.000349484063918, 0.000362605729606, 0.000680250057485, 0.00055810570484, 0.000216031679884, 0.000253415375482, 0.00029095413629, 0.00031411027885, 0.000697919225786, 0.000309326220304, 0.000102537225757, 8.966877067e-05, 8.97838981473e-05, 6.86627317918e-05, 0.000142586010043, 0.000178060960025, 8.67827402544e-05, 0.000222234957619, 0.000288953364361, 0.000232778606005, 5.96547652094e-05, 3.74855189875e-05, 4.93615370942e-05, 2.706291707e-05, 2.6741232432e-05, 6.37378325337e-05, 4.46950543846e-05, 3.19696737279e-05, 2.50726989179e-05, 2.27590062423e-05, 3.19641185342e-05, 2.99300736515e-05, 2.00377526198e-05, 1.3993732864e-05, 1.27507200887e-05, 8.29518830869e-06, 8.50508513395e-06, 2.29874567594e-05, 1.45814392454e-05, 1.3771952581e-05, 1.00982397271e-05, 1.09194797915e-05, 1.45750891534e-05, 1.58062375704e-05, 1.64909179148e-05, 9.32383682084e-06, 1.13859050543e-05, 8.35355876916e-06, 6.68191705699e-06, 6.86373141434e-06, 1.09914817585e-05, 1.12078714665e-05, 8.09287848824e-06, 7.3846590567e-06, 6.50686342851e-06, 7.73303690949e-06, 9.78220577963e-06, 6.90987326379e-06, 6.48833520245e-06, 7.02227634974e-06, 6.09671133134e-06, 7.13403233021e-06, 8.62415527081e-06, 5.72344242755e-06, 6.24517224423e-06, 4.8817246352e-06, 3.58636748388e-06, 2.78013590105e-06, 2.15691943595e-06, 2.14458964365e-06, 1.87005002772e-06, 1.86188412954e-06, 1.57539909651e-06, 1.49283914652e-06, 1.37873018957e-06, 1.23770018945e-06, 1.12432917376e-06, 8.85885526714e-07, 7.2162407605e-07, 4.4814140665e-07, 1.52216642846e-07, 3.10293472694e-07, 3.36713696925e-07, 2.73353236935e-07, 2.572350013e-07, 1.96764688098e-07, 1.71065991594e-07, 1.10199408709e-07, 9.95406779225e-08, 8.62793143597e-08, 4.70328558322e-08, 4.16357650579e-08, 8.11595946004e-09, 4.0418881575e-09, 2.40055664236e-09, 1.0433873765e-09, 8.30971347288e-10, 2.47664000419e-10, 1.38079218198e-11, 4.14497949852e-12, 3.9148601895e-12, 3.78390721534e-12, 3.74813548254e-12],
        "min": [9.95892084077e-12, 4.66587740666e-11, 3.11126437114e-11, 6.5059069243e-11, 3.28364807567e-10, 2.30841346038e-09, 7.30899607504e-09, 1.51221719591e-08, 2.84228427461e-08, 2.71125699669e-08, 2.92300192939e-08, 5.79610937024e-09, 1.52307180201e-08, 1.85244992679e-08, 1.58653996607e-08, 2.19535394308e-08, 3.27392903898e-08, 2.69904667505e-08, 4.5984482e-08, 3.97286363807e-08, 5.0819686237e-08, 1.12696426413e-07, 1.13606361651e-07, 2.89383990548e-07, 2.18253404682e-07, 1.27261145622e-07, 9.0514568285e-08, 7.67019656678e-08, 1.72202376802e-07, 4.12105919168e-07, 5.44085310139e-07, 3.51830294676e-07, 2.48730998464e-07, 3.44745302527e-07, 7.63392222325e-07, 6.0169520566e-07, 8.61732701196e-07, 7.15857026989e-07, 4.9733864671e-07, 1.56542455443e-07, 9.16063669365e-09, 7.57695950426e-09, 1.38224990565e-07, 4.86392707444e-07, 4.31062630923e-07, 2.64997936483e-07, 3.41748119581e-07, 5.32743200665e-08, 1.44378702771e-07, 1.63422555488e-07, 9.34651325224e-08, 1.10830697508e-07, 2.37376781342e-07, 2.55614452271e-07, 1.93251011638e-07, 1.35373610988e-07, 1.71359975099e-08, 3.07430214619e-09, 1.90678495215e-08, 4.80966768635e-08, 2.74293903146e-08, 2.59252672663e-08, 7.40794448006e-08, 5.8179562501e-08, 5.86802828551e-09, 2.40866171453e-08, 6.25721412462e-08, 5.47672875939e-08, 2.70026063731e-08, 2.82756325021e-08, 1.09208917465e-08, 1.47421292951e-08, 1.69614065015e-08, 1.44223211151e-08, 8.01865596145e-09, 1.16823599683e-08, 4.07945321967e-09, 4.38011049653e-09, 3.18033954727e-09, 1.5262113795e-09, 2.68676858539e-09, 4.25085877609e-09, 2.56410959132e-09, 2.00681204987e-09, 3.08001668614e-09, 3.99767241532e-09, 2.77351430711e-09, 4.75499728481e-09, 6.72282363112e-09, 7.71185248993e-09, 6.83686884884e-09, 5.9421481069e-09, 3.18422777035e-09, 1.6062222663e-09, 2.20334550605e-09, 2.24250884528e-09, 3.3585456638e-10, 1.1593809246e-09, 6.71821709375e-10, 1.24773191779e-09, 1.22052562501e-10, 2.8343910552e-10, 3.26513899251e-10, 3.27244009668e-10, 1.52618070959e-10, 8.65543955952e-11, 2.29923705075e-10, 4.27113788781e-10, 1.72605749138e-10, 1.84384202351e-10, 6.29192947743e-11, 2.57143507876e-11, 4.35380655139e-11, 6.83939294088e-11, 4.15720201319e-11, 2.34152953103e-12, 5.78133894924e-13, 2.4840752285e-13, 2.27021906048e-13, 2.13514590123e-13, 2.35102058264e-13, 2.36474604004e-13, 1.99338470535e-13, 2.28345933741e-13, 1.79557879524e-13, 6.21143219325e-14, 8.15795642709e-15, 2.72866978807e-16],
        "stdev": [0.000664979859721, 0.00307726650499, 0.00488204089925, 0.00303590856493, 0.0020199206192, 0.00171628873795, 0.00115005020052, 0.00102837034501, 0.00049827498151, 0.000323319341987, 0.000504964089487, 0.000302277359879, 0.000177266512765, 0.000237935470068, 0.000603717984632, 0.000532819482032, 0.000693881534971, 0.000525538926013, 0.000851898803376, 0.000584524415899, 0.00088636612054, 0.000404467951739, 0.000230524834478, 0.000301711814245, 0.000478038564324, 0.000512419966981, 0.000626635563094, 0.000935143674724, 0.000968066800851, 0.000502523209434, 0.00056873698486, 0.000799406436272, 0.000629044487141, 0.0011883683037, 0.000572134915274, 0.000243134141783, 0.000207237666473, 0.000218321787543, 0.000241203393671, 0.000446438643849, 0.00050926185213, 0.000226996096899, 0.000513543083798, 0.000493300729431, 0.000573544064537, 0.000128538027639, 8.64091489348e-05, 0.000163880366017, 3.91314461012e-05, 4.05682585551e-05, 0.000124785801745, 7.2282324254e-05, 5.57339699299e-05, 2.69735082838e-05, 2.78880033875e-05, 6.66863343213e-05, 5.43030619156e-05, 3.6100307625e-05, 1.81611703738e-05, 1.67937469087e-05, 1.04442769953e-05, 1.46043021232e-05, 3.97236362915e-05, 1.6731723008e-05, 2.2182617613e-05, 1.24192902149e-05, 1.50066243805e-05, 2.42293026531e-05, 3.23231361108e-05, 2.59382795775e-05, 1.04611199276e-05, 1.47281598402e-05, 1.23122836158e-05, 1.3560633306e-05, 1.16377523227e-05, 2.15623422264e-05, 2.59560856648e-05, 1.70301227627e-05, 9.78449770628e-06, 1.01394380181e-05, 1.26927134261e-05, 1.54091521836e-05, 1.52041338879e-05, 1.49504921865e-05, 1.47005021063e-05, 1.33730363814e-05, 1.14413996926e-05, 1.38103650897e-05, 8.55543476064e-06, 8.26328778203e-06, 7.58482883612e-06, 4.75653359899e-06, 4.46099102192e-06, 3.86988722312e-06, 3.60839953828e-06, 3.6650230868e-06, 3.12167344418e-06, 3.15096190207e-06, 4.06133767683e-06, 3.28069086208e-06, 4.19781827077e-06, 2.30097475651e-06, 2.15378850044e-06, 2.18504919758e-06, 1.26776876641e-06, 3.74705138029e-07, 5.87794716012e-07, 6.77818889017e-07, 6.64477965984e-07, 7.56151678161e-07, 6.91850630119e-07, 5.82182678954e-07, 2.73315066579e-07, 2.28988668027e-07, 2.03713170777e-07, 1.16825830787e-07, 1.14278215335e-07, 3.77040407784e-08, 2.58141099607e-08, 1.70899951968e-08, 1.65983120581e-08, 1.41996485681e-08, 4.35213465266e-09, 2.65270444499e-10, 7.86356483401e-12, 7.75580641377e-12, 7.6864339546e-12, 7.64513626017e-12]
    },
    "mfcc": {
        "mean": [-608.254089355, 79.8956298828, -32.5482673645, -12.1117992401, -21.4485054016, 5.93030643463, -2.31084704399, 8.77134895325, 2.9970061779, 7.86391878128, -1.56968522072, -2.54376459122, -2.9159681797],
        "cov": [[4368.04345703, 1364.4621582, 2451.42626953, 1299.40344238, 991.458068848, 733.45880127, 417.101226807, 225.643280029, -9.40585422516, 24.1279773712, 308.909118652, 385.619171143, 510.873199463], [1364.4621582, 822.680175781, 899.130859375, 516.879089355, 412.778656006, 324.613464355, 219.198684692, 137.606903076, 23.1267757416, 13.3856239319, 124.167785645, 147.664108276, 192.654373169], [2451.42626953, 899.130859375, 1738.82104492, 923.06652832, 696.936584473, 528.290283203, 265.256835938, 144.79309082, -34.5054244995, -8.71455192566, 187.863540649, 252.455551147, 336.375244141], [1299.40344238, 516.879089355, 923.06652832, 589.650756836, 408.97164917, 306.569122314, 152.377059937, 76.0274581909, -21.0675010681, -3.05716776848, 96.2565765381, 134.984054565, 182.829360962], [991.458068848, 412.778656006, 696.936584473, 408.97164917, 395.60546875, 219.232208252, 116.152656555, 49.5708503723, -5.65065002441, -10.7949819565, 73.5217056274, 107.147994995, 142.130737305], [733.45880127, 324.613464355, 528.290283203, 306.569122314, 219.232208252, 299.623474121, 138.91897583, 94.9330291748, -2.52988553047, 7.93001317978, 63.6360397339, 86.6046600342, 104.118431091], [417.101226807, 219.198684692, 265.256835938, 152.377059937, 116.152656555, 138.91897583, 144.433456421, 71.0592880249, 7.31114292145, 18.9605541229, 42.3476142883, 38.3470726013, 54.3464927673], [225.643280029, 137.606903076, 144.79309082, 76.0274581909, 49.5708503723, 94.9330291748, 71.0592880249, 113.303489685, 36.7036781311, 20.9549465179, 34.2671470642, 32.3332595825, 37.5204658508], [-9.40585422516, 23.1267757416, -34.5054244995, -21.0675010681, -5.65065002441, -2.52988553047, 7.31114292145, 36.7036781311, 86.5013580322, 23.8594532013, 19.4302845001, 8.70366477966, -2.00886201859], [24.1279773712, 13.3856239319, -8.71455192566, -3.05716776848, -10.7949819565, 7.93001317978, 18.9605541229, 20.9549465179, 23.8594532013, 53.691734314, 22.1600112915, 8.86665439606, 7.0643157959], [308.909118652, 124.167785645, 187.863540649, 96.2565765381, 73.5217056274, 63.6360397339, 42.3476142883, 34.2671470642, 19.4302845001, 22.1600112915, 80.3991165161, 54.4083137512, 50.0804901123], [385.619171143, 147.664108276, 252.455551147, 134.984054565, 107.147994995, 86.6046600342, 38.3470726013, 32.3332595825, 8.70366477966, 8.86665439606, 54.4083137512, 90.2770843506, 73.9114761353], [510.873199463, 192.654373169, 336.375244141, 182.829360962, 142.130737305, 104.118431091, 54.3464927673, 37.5204658508, -2.00886201859, 7.0643157959, 50.0804901123, 73.9114761353, 117.3540802]],
        "icov": [[0.00121159967966, -0.000209941485082, -0.00154544843826, 6.29997011856e-05, 6.00600942562e-05, 0.000354598945705, -0.000513402745128, 0.000270542892395, -0.000299444247503, -0.00032409929554, -0.000354916817741, -0.000150368403411, -0.000573689700104], [-0.000209941485082, 0.00398974120617, -0.000209609177546, -0.000928883207962, -0.00122908304911, 0.000197505796677, -0.0023611956276, -0.00114170473535, -0.000848262978252, 0.000745632569306, -0.000623606261797, -0.000185154145584, -0.00049271871103], [-0.00154544843826, -0.000209609177546, 0.0067668017, -0.00425056647509, -0.00172928371467, -0.00158347073011, 0.000912813819014, -0.000654034491163, 0.00143741595093, 0.00161727902014, -0.00136328418739, -0.000246787501965, -0.00175183184911], [6.29997011856e-05, -0.000928883207962, -0.00425056647509, 0.0125735299662, -0.00375960720703, -0.00249205785803, 0.000647803593893, 0.00109945179429, 0.000946377636865, -0.00162256206386, 0.000912700721528, 0.000615919183474, -0.00070519966539], [6.00600942562e-05, -0.00122908304911, -0.00172928371467, -0.00375960720703, 0.0111725339666, 0.000133525478304, -0.00131068890914, 0.00269211339764, -0.00234094657935, 0.00247204862535, 0.000804773357231, -0.00115510635078, -0.00113822054118], [0.000354598945705, 0.000197505796677, -0.00158347073011, -0.00249205785803, 0.000133525478304, 0.0111449752003, -0.00479752663523, -0.00403848011047, 0.00119800795801, 0.000377533608116, 0.001077907742, -0.0030691663269, 0.00148728804197], [-0.000513402745128, -0.0023611956276, 0.000912813819014, 0.000647803593893, -0.00131068890914, -0.00479752663523, 0.0174093190581, -0.00484250998124, 0.00255530769937, -0.00387403857894, -0.0018878885312, 0.00398578494787, 0.000387738284189], [0.000270542892395, -0.00114170473535, -0.000654034491163, 0.00109945179429, 0.00269211339764, -0.00403848011047, -0.00484250998124, 0.0181770641357, -0.00669196248055, -0.000760439259466, -0.000142318138387, -0.000226987307542, -0.0022532409057], [-0.000299444247503, -0.000848262978252, 0.00143741595093, 0.000946377636865, -0.00234094657935, 0.00119800795801, 0.00255530769937, -0.00669196248055, 0.0172334145755, -0.0049275890924, -0.00274803605862, -0.00135102472268, 0.00244534295052], [-0.00032409929554, 0.000745632569306, 0.00161727902014, -0.00162256206386, 0.00247204862535, 0.000377533608116, -0.00387403857894, -0.000760439259466, -0.0049275890924, 0.0261176377535, -0.0069727730006, 0.000727953505702, -0.00235213385895], [-0.000354916817741, -0.000623606261797, -0.00136328418739, 0.000912700721528, 0.000804773357231, 0.001077907742, -0.0018878885312, -0.000142318138387, -0.00274803605862, -0.0069727730006, 0.0264155305922, -0.0113742193207, 0.000306862144498], [-0.000150368403411, -0.000185154145584, -0.000246787501965, 0.000615919183474, -0.00115510635078, -0.0030691663269, 0.00398578494787, -0.000226987307542, -0.00135102472268, 0.000727953505702, -0.0113742193207, 0.03094448708, -0.011647243984], [-0.000573689700104, -0.00049271871103, -0.00175183184911, -0.00070519966539, -0.00113822054118, 0.00148728804197, 0.000387738284189, -0.0022532409057, 0.00244534295052, -0.00235213385895, 0.000306862144498, -0.011647243984, 0.0259354375303]]
    },
    "spectral_contrast_coeffs": {
        "max": [-0.361475646496, -0.515530526638, -0.550523459911, -0.642028987408, -0.707525014877, -0.622433423996],
        "mean": [-0.752756536007, -0.727832138538, -0.726028800011, -0.78100836277, -0.793448805809, -0.743385016918],
        "min": [-0.903422892094, -0.906142055988, -0.896323084831, -0.894847691059, -0.874485433102, -0.855909109116],
        "stdev": [0.0651297718287, 0.0672042518854, 0.0690668001771, 0.0573011562228, 0.0301579963416, 0.0303469691426]
    },
    "spectral_contrast_valleys": {
        "max": [-4.99750137329, -4.68857049942, -5.46944713593, -5.81138277054, -6.12505912781, -7.77529382706],
        "mean": [-7.75170135498, -6.75197076797, -6.60042238235, -6.89208936691, -7.06794261932, -9.60310935974],
        "min": [-12.3129472733, -9.46415805817, -8.79708862305, -9.14210700989, -9.60017299652, -12.5814905167],
        "stdev": [1.873285532, 0.856221079826, 0.408091664314, 0.335566550493, 0.38052970171, 0.686096608639]
    }
},
"rhythm": {
    "beats_count": 39,
    "beats_loudness": {
        "max": 0.121689304709,
        "mean": 0.0383328683674,
        "min": 0.00249661039561,
        "stdev": 0.0317287109792
    },
    "bpm": 104.400421143,
    "bpm_histogram_first_peak_bpm": 105,
    "bpm_histogram_first_peak_weight": 0.571428537369,
    "bpm_histogram_second_peak_bpm": 98,
    "bpm_histogram_second_peak_spread": 0,
    "bpm_histogram_second_peak_weight": 0.0526315793395,
    "danceability": 0.867566227913,
    "onset_rate": 2.0404446125,
    "beats_loudness_band_ratio": {
        "max": [0.816674828529, 0.486147105694, 0.512405872345, 0.620167434216, 0.411534488201, 0.408742278814],
        "mean": [0.231192097068, 0.0552544407547, 0.223207890987, 0.314293503761, 0.135456904769, 0.0858898684382],
        "min": [4.68921389256e-05, 0.000604280503467, 0.0141277955845, 0.0329337380826, 0.0221866201609, 0.0133437607437],
        "stdev": [0.258994758129, 0.0902050435543, 0.142534151673, 0.156817749143, 0.100797392428, 0.0790653973818]
    },
    "beats_position": [0.603718817234, 1.21904754639, 1.83437633514, 2.42648530006, 2.99537420273, 3.5758728981, 4.14476203918, 4.71365070343, 5.28253936768, 5.85142850876, 6.43192720413, 7.00081634521, 7.56970500946, 8.16181373596, 8.74231243134, 9.31120204926, 9.86848068237, 10.4373693466, 11.0062580109, 11.5751476288, 12.144036293, 12.7245349884, 13.3166437149, 13.8623123169, 14.4195919037, 14.9768705368, 15.5341491699, 16.1030387878, 16.6719264984, 17.2408161163, 17.7980957031, 18.390203476, 18.9823131561, 19.574420929, 20.1665306091, 20.758638382, 21.3507480621, 21.942855835, 22.5349655151],
