{
"metadata": {
    "version": {
        "essentia": "2.1-beta5",
        "essentia_git_sha": "Undefined",
        "extractor": "music 2.0"
    },
    "audio_properties": {
        "analysis": {
            "equal_loudness": 0,
            "length": 23.5450344086,
            "sample_rate": 44100,
            "start_time": 175.240997314,
            "downmix": "mix"
        },
        "bit_rate": 192000,
        "length": 198.809265137,
        "lossless": 0,
        "number_channels": 2,
        "replay_gain": -0.336664199829,
        "sample_rate": 48000,
        "codec": "mp3",
        "md5_encoded": "519628d64f2f246055f56e17d739719e"
    },
    "tags": {
        "file_name": "Iceland_Ég Á Líf_Eythor Ingi.mp3",
        "encoding": ["Lavf58.29.100"]
    }
},
"lowlevel": {
    "average_loudness": 0.732109189034,
    "barkbands_crest": {
        "max": 22.2426662445,
        "mean": 8.45281410217,
        "min": 2.7363948822,
        "stdev": 3.32774162292
    },
    "barkbands_flatness_db": {
        "max": 0.272776544094,
        "mean": 0.161444604397,
        "min": 0.0494010411203,
        "stdev": 0.0535922758281
    },
    "barkbands_kurtosis": {
        "max": 24.7248954773,
        "mean": 1.87755680084,
        "min": -1.63471877575,
        "stdev": 3.89191865921
    },
    "barkbands_skewness": {
        "max": 4.55628681183,
        "mean": 1.06616389751,
        "min": -1.69628965855,
        "stdev": 0.99082249403
    },
    "barkbands_spread": {
        "max": 61.6292114258,
        "mean": 20.1662101746,
        "min": 4.27223110199,
        "stdev": 11.3251724243
    },
    "dissonance": {
        "max": 0.500000059605,
        "mean": 0.468905448914,
        "min": 0.31501698494,
        "stdev": 0.0339968018234
    },
    "dynamic_complexity": 2.98357415199,
    "erbbands_crest": {
        "max": 22.9112739563,
        "mean": 9.5864982605,
        "min": 3.00946831703,
        "stdev": 4.11984586716
    },
    "erbbands_flatness_db": {
        "max": 0.34719863534,
        "mean": 0.219938963652,
        "min": 0.0667944401503,
        "stdev": 0.0669284686446
    },
    "erbbands_kurtosis": {
        "max": 21.1629714966,
        "mean": 0.986583650112,
        "min": -1.56192827225,
        "stdev": 2.41429543495
    },
    "erbbands_skewness": {
        "max": 3.17880392075,
        "mean": 0.589288175106,
        "min": -2.49056243896,
        "stdev": 0.862840116024
    },
    "erbbands_spread": {
        "max": 122.468574524,
        "mean": 28.727388382,
        "min": 6.15425443649,
        "stdev": 16.5880718231
    },
    "hfc": {
        "max": 97.2611618042,
        "mean": 22.2125930786,
        "min": 0.214340373874,
        "stdev": 18.8691177368
    },
    "loudness_ebu128": {
        "integrated": -23.4243431091,
        "loudness_range": 7.07185745239,
        "momentary": {
            "max": -19.1305103302,
            "mean": -24.7842693329,
            "min": -34.7008895874,
            "stdev": 3.76224946976
        },
        "short_term": {
            "max": -20.5107326508,
            "mean": -24.3128185272,
            "min": -31.1052284241,
            "stdev": 2.57875347137
        }
    },
    "melbands_crest": {
        "max": 28.237821579,
        "mean": 11.2789182663,
        "min": 3.5333275795,
        "stdev": 4.67366743088
    },
    "melbands_flatness_db": {
        "max": 0.296472132206,
        "mean": 0.153702929616,
        "min": 0.0402991063893,
        "stdev": 0.0435705855489
    },
    "melbands_kurtosis": {
        "max": 89.7284698486,
        "mean": 7.2258014679,
        "min": -1.77481806278,
        "stdev": 11.0532264709
    },
    "melbands_skewness": {
        "max": 8.53193092346,
        "mean": 1.86165511608,
        "min": -0.867169737816,
        "stdev": 1.26539647579
    },
    "melbands_spread": {
        "max": 96.2878875732,
        "mean": 28.1483249664,
        "min": 4.11232471466,
        "stdev": 18.1069297791
    },
    "pitch_salience": {
        "max": 0.846808671951,
        "mean": 0.634473443031,
        "min": 0.247129425406,
        "stdev": 0.106189571321
    },
    "silence_rate_20dB": {
        "max": 1,
        "mean": 1,
        "min": 1,
        "stdev": 0
    },
    "silence_rate_30dB": {
        "max": 1,
        "mean": 1,
        "min": 1,
        "stdev": 0
    },
    "silence_rate_60dB": {
        "max": 1,
        "mean": 0.114285714924,
        "min": 0,
        "stdev": 0.318158358335
    },
    "spectral_centroid": {
        "max": 2935.078125,
        "mean": 1797.56567383,
        "min": 567.88470459,
        "stdev": 472.596557617
    },
    "spectral_complexity": {
        "max": 52,
        "mean": 19.9182262421,
        "min": 1,
        "stdev": 10.2013463974
    },
    "spectral_decrease": {
        "max": -1.87253490491e-10,
        "mean": -3.90287091534e-09,
        "min": -3.06484864154e-08,
        "stdev": 3.61160679141e-09
    },
    "spectral_energy": {
        "max": 0.120402216911,
        "mean": 0.0167450867593,
        "min": 0.000767833436839,
        "stdev": 0.0149347446859
    },
    "spectral_energyband_high": {
        "max": 0.00917618535459,
        "mean": 0.000874687219039,
        "min": 8.77673573996e-06,
        "stdev": 0.000974893337116
    },
    "spectral_energyband_low": {
        "max": 0.0945611223578,
        "mean": 0.00259650778025,
        "min": 7.83407649863e-09,
        "stdev": 0.00804613903165
    },
    "spectral_energyband_middle_high": {
        "max": 0.0555608421564,
        "mean": 0.00809360016137,
        "min": 3.38857571478e-05,
        "stdev": 0.00662708841264
    },
    "spectral_energyband_middle_low": {
        "max": 0.0430319420993,
        "mean": 0.00546234752983,
        "min": 5.70465272176e-05,
        "stdev": 0.00575239211321
    },
    "spectral_entropy": {
        "max": 8.43717098236,
        "mean": 7.71798706055,
        "min": 6.66580104828,
        "stdev": 0.289328992367
    },
    "spectral_flux": {
        "max": 0.280188828707,
        "mean": 0.0704332441092,
        "min": 0.00646392442286,
        "stdev": 0.0394922010601
    },
    "spectral_kurtosis": {
        "max": 15.6109924316,
        "mean": 2.94742822647,
        "min": -0.102941989899,
        "stdev": 1.52413713932
    },
    "spectral_rms": {
        "max": 0.0108381537721,
        "mean": 0.00371294794604,
        "min": 0.000865508976858,
        "stdev": 0.00159708899446
    },
    "spectral_rolloff": {
        "max": 8462.54882812,
        "mean": 2044.72155762,
        "min": 129.19921875,
        "stdev": 938.835083008
    },
    "spectral_skewness": {
        "max": 2.89160370827,
        "mean": 1.30636668205,
        "min": 0.512856662273,
        "stdev": 0.259367465973
    },
    "spectral_spread": {
        "max": 10323395,
        "mean": 4284336,
        "min": 2577230.75,
        "stdev": 1018988.4375
    },
    "spectral_strongpeak": {
        "max": 12.1144151688,
        "mean": 1.57264649868,
        "min": 0.0292947720736,
        "stdev": 1.73781919479
    },
    "zerocrossingrate": {
        "max": 0.1904296875,
        "mean": 0.0782476738095,
        "min": 0.021484375,
        "stdev": 0.0229555312544
    },
    "barkbands": {
        "max": [0.00122618605383, 0.0902705714107, 0.0191442519426, 0.00862187799066, 0.0263569597155, 0.014023244381, 0.0314099937677, 0.0300126001239, 0.0222156513482, 0.0279524512589, 0.0130458856001, 0.0120979156345, 0.008779136464, 0.007407176774, 0.017889758572, 0.0187443625182, 0.0162052996457, 0.00427886890247, 0.00313204154372, 0.00293628918007, 0.00201005046256, 0.00184423616156, 0.00312809692696, 0.00283241388388, 0.00165778491646, 0.000353718322003, 8.10315441413e-07],
        "mean": [5.46485571249e-05, 0.00184021238238, 0.000578149745706, 0.000278207997326, 0.000772387022153, 0.000355708121788, 0.00105581630487, 0.0008288777899, 0.0018400773406, 0.00121403671801, 0.0015780874528, 0.000757289468311, 0.000611974857748, 0.000598934944719, 0.00055981031619, 0.000975975533947, 0.00103384268004, 0.000459019473055, 0.000294219120406, 0.000288789800834, 0.000226603398914, 0.000224902891205, 0.000146753591252, 0.000121655095427, 3.85059756809e-05, 1.05871722553e-05, 3.42840600354e-09],
        "min": [4.25401276705e-11, 5.1820847613e-10, 3.37980254894e-10, 5.93533933113e-09, 3.79578153797e-07, 1.08050087988e-07, 4.90572347189e-07, 6.89840646828e-07, 1.99404121304e-06, 1.05764752334e-06, 7.75145622356e-07, 3.80118649446e-07, 2.39138529423e-07, 5.39345762718e-07, 5.65368281968e-07, 7.36766196496e-07, 4.12942227968e-07, 8.58115868141e-07, 1.14391002626e-06, 8.96662186278e-07, 8.79821300259e-07, 2.1079652015e-06, 9.82103074421e-07, 5.1296814263e-07, 2.65843596026e-07, 1.18664064686e-10, 1.3444814706e-10],
        "stdev": [0.000149362313095, 0.00697368662804, 0.00145320687443, 0.000701258133631, 0.0014932785416, 0.000893897435162, 0.00233944528736, 0.00194141000975, 0.00255840993486, 0.0018915097462, 0.00188818760216, 0.00104202923831, 0.00085905531887, 0.000771459075622, 0.00121333310381, 0.00184696749784, 0.00200577266514, 0.000601157022174, 0.000434517249232, 0.000435863563325, 0.000255896069575, 0.000262166198809, 0.000229336903431, 0.000207347140531, 8.61333828652e-05, 3.13689452014e-05, 2.70701878691e-08]
    },
    "erbbands": {
        "max": [2.52911424637, 20.288520813, 27.2446918488, 28.4798164368, 33.6848831177, 141.694946289, 80.8361740112, 167.652587891, 369.22567749, 501.669769287, 601.442260742, 709.24432373, 652.094238281, 1186.49157715, 267.937530518, 549.808105469, 333.085083008, 594.79901123, 554.219421387, 523.012573242, 1103.95446777, 1049.28674316, 230.948745728, 167.421691895, 218.863525391, 169.882980347, 76.3516998291, 85.0893173218, 65.7006988525, 97.8338394165, 102.420806885, 51.5387535095, 53.0985374451, 18.7289447784, 10.2922792435, 3.41915774345, 0.299629688263, 0.00740605639294, 0.000359420926543, 0.000142690958455],
        "mean": [0.0515519380569, 0.415791034698, 0.695217311382, 0.83952486515, 1.61203527451, 3.16797375679, 2.43483567238, 3.17478013039, 6.62624692917, 24.7993278503, 20.0918159485, 36.3177986145, 46.2649269104, 58.5185394287, 44.5862312317, 31.2338943481, 28.6252346039, 33.9617118835, 24.5764026642, 33.6079559326, 62.2287254333, 63.0379295349, 27.5030651093, 13.7481374741, 19.0691413879, 13.6435136795, 7.42422103882, 10.5691003799, 8.93173313141, 5.01898050308, 4.11364173889, 3.07724761963, 1.6893222332, 0.507434427738, 0.25140017271, 0.0901516973972, 0.00983934756368, 0.000280620413832, 2.43706708716e-05, 2.35105653701e-05],
        "min": [8.19385306272e-08, 5.56002703433e-07, 3.97764733862e-06, 2.70374130196e-05, 0.000117043186037, 0.00192020623945, 0.00193816598039, 0.0060952687636, 0.0249176491052, 0.0217398554087, 0.0325481072068, 0.0413056612015, 0.0980603322387, 0.0653963387012, 0.0611454211175, 0.0199268851429, 0.0159108545631, 0.0484425574541, 0.0347580164671, 0.0418808795512, 0.0638160556555, 0.0465576462448, 0.0638842508197, 0.0336226411164, 0.0662606582046, 0.040457431227, 0.0557582937181, 0.0550968833268, 0.102867998183, 0.0499440580606, 0.0267754811794, 0.0149286417291, 0.00851383525878, 0.00378359598108, 0.00147107697558, 6.81019591866e-05, 2.69477527581e-06, 3.43021071103e-07, 4.44225292995e-07, 9.00908446511e-07],
        "stdev": [0.187929883599, 1.60453009605, 1.97008645535, 1.88467299938, 3.17872214317, 7.05654716492, 5.49318170547, 8.87477302551, 20.015089035, 46.8018684387, 43.7578468323, 59.5728683472, 54.1869049072, 81.7757644653, 47.0103149414, 41.0076408386, 37.3023834229, 44.7365875244, 42.4108505249, 54.9525489807, 114.173675537, 127.068054199, 36.2535629272, 17.3179931641, 27.9730548859, 21.1011333466, 8.74256801605, 12.5853528976, 10.8209791183, 6.35815572739, 6.52756690979, 5.08829069138, 3.18831992149, 0.970971405506, 0.652459979057, 0.274132370949, 0.0279493350536, 0.000748363207094, 3.63973413187e-05, 2.04640145967e-05]
    },
    "gfcc": {
        "mean": [-37.2418174744, 45.3873405457, -189.983474731, 14.1680440903, -93.7821884155, 18.3597793579, -40.3577041626, 10.4330673218, -21.7574996948, -10.9860143661, -21.3141174316, -8.19159698486, -5.4553027153],
        "cov": [[5310.75927734, 1076.39123535, 1901.10522461, 1331.88146973, 1083.55981445, 455.522247314, 5.90369415283, 456.274658203, 173.890640259, 584.171020508, 58.7712974548, 323.454620361, -40.8353767395], [1076.39123535, 1459.05053711, 1943.7755127, 1077.69348145, 549.573120117, 196.439163208, 102.962600708, 149.756515503, 168.995986938, 384.27154541, 126.089332581, 211.60395813, -74.6782302856], [1901.10522461, 1943.7755127, 3426.97167969, 1830.234375, 824.997924805, 206.675430298, -25.337644577, 314.152587891, 237.351455688, 638.609436035, 79.4800262451, 441.743927002, -166.587158203], [1331.88146973, 1077.69348145, 1830.234375, 1247.22717285, 649.772338867, 159.652435303, -36.895362854, 211.160247803, 198.085449219, 353.629394531, 67.16847229, 240.716018677, -18.1090068817], [1083.55981445, 549.573120117, 824.997924805, 649.772338867, 617.602600098, 259.510742188, 63.0113945007, 190.63381958, 103.330528259, 247.371826172, 59.7926521301, 117.313644409, 23.3794326782], [455.522247314, 196.439163208, 206.675430298, 159.652435303, 259.510742188, 283.365875244, 169.551315308, 74.3784637451, 24.6401748657, 112.294326782, 51.121547699, 13.9975986481, -4.62777709961], [5.90369415283, 102.962600708, -25.337644577, -36.895362854, 63.0113945007, 169.551315308, 233.533752441, 40.7823562622, 8.94271564484, 47.5498504639, 37.6510505676, -20.7673435211, -30.5504760742], [456.274658203, 149.756515503, 314.152587891, 211.160247803, 190.63381958, 74.3784637451, 40.7823562622, 149.514648438, 77.8100585938, 98.9489364624, 5.81067085266, 48.4785842896, -4.54894208908], [173.890640259, 168.995986938, 237.351455688, 198.085449219, 103.330528259, 24.6401748657, 8.94271564484, 77.8100585938, 139.291915894, 69.3235168457, 14.4273147583, 34.8023910522, 3.72432303429], [584.171020508, 384.27154541, 638.609436035, 353.629394531, 247.371826172, 112.294326782, 47.5498504639, 98.9489364624, 69.3235168457, 210.8697052, 41.888874054, 84.1684799194, -28.9729251862], [58.7712974548, 126.089332581, 79.4800262451, 67.16847229, 59.7926521301, 51.121547699, 37.6510505676, 5.81067085266, 14.4273147583, 41.888874054, 69.7668533325, 9.92806529999, 6.8769364357], [323.454620361, 211.60395813, 441.743927002, 240.716018677, 117.313644409, 13.9975986481, -20.7673435211, 48.4785842896, 34.8023910522, 84.1684799194, 9.92806529999, 103.729103088, -9.49091053009], [-40.8353767395, -74.6782302856, -166.587158203, -18.1090068817, 23.3794326782, -4.62777709961, -30.5504760742, -4.54894208908, 3.72432303429, -28.9729251862, 6.8769364357, -9.49091053009, 89.9283447266]],
        "icov": [[0.000465528573841, -0.000839493994135, 0.00112984410953, -0.000953565060627, 0.000742619507946, -0.00118642649613, 0.00132106791716, -0.00169386528432, 0.00123503850773, -0.00127934664488, 0.00104080094025, -0.00136071699671, 0.000837676459923], [-0.000839493994135, 0.00969836767763, -0.00920428987592, 0.00507901841775, -0.00721375178546, 0.00697518698871, -0.00860522966832, 0.0103940432891, -0.00749677466229, 0.00582171324641, -0.00915805343539, 0.00912193302065, -0.00466923136264], [0.00112984410953, -0.00920428987592, 0.0127483792603, -0.0103914309293, 0.00975970271975, -0.00789831578732, 0.00894016772509, -0.0116081656888, 0.0100123099983, -0.0103957122192, 0.00993427168578, -0.0128204356879, 0.00802228227258], [-0.000953565060627, 0.00507901841775, -0.0103914309293, 0.0137862740085, -0.0108905443922, 0.00661233440042, -0.00510243559256, 0.00945515092462, -0.0101595679298, 0.00860220007598, -0.00684947054833, 0.00736668566242, -0.00627875141799], [0.000742619507946, -0.00721375178546, 0.00975970271975, -0.0108905443922, 0.016835430637, -0.0123583171517, 0.00941727124155, -0.0141431828961, 0.0098467823118, -0.00972717441618, 0.00726690934971, -0.00862688664347, 0.0026961681433], [-0.00118642649613, 0.00697518698871, -0.00789831578732, 0.00661233440042, -0.0123583171517, 0.0193806439638, -0.0148216290399, 0.0112025551498, -0.00633037276566, 0.0049445736222, -0.00803223438561, 0.00935722421855, -0.00484737195075], [0.00132106791716, -0.00860522966832, 0.00894016772509, -0.00510243559256, 0.00941727124155, -0.0148216290399, 0.0193498581648, -0.0135761704296, 0.00744372513145, -0.00699294777587, 0.00565206771716, -0.00787562318146, 0.00783872883767], [-0.00169386528432, 0.0103940432891, -0.0116081656888, 0.00945515092462, -0.0141431828961, 0.0112025551498, -0.0135761704296, 0.0296505130827, -0.0162622425705, 0.00666487729177, -0.00583541300148, 0.00950757786632, -0.00632563792169], [0.00123503850773, -0.00749677466229, 0.0100123099983, -0.0101595679298, 0.0098467823118, -0.00633037276566, 0.00744372513145, -0.0162622425705, 0.0204923935235, -0.00940338987857, 0.0065733040683, -0.00828339345753, 0.00440206518397], [-0.00127934664488, 0.00582171324641, -0.0103957122192, 0.00860220007598, -0.00972717441618, 0.0049445736222, -0.00699294777587, 0.00666487729177, -0.00940338987857, 0.0243225991726, -0.011260795407, 0.00648580305278, -0.002755635418], [0.00104080094025, -0.00915805343539, 0.00993427168578, -0.00684947054833, 0.00726690934971, -0.00803223438561, 0.00565206771716, -0.00583541300148, 0.0065733040683, -0.011260795407, 0.0289876163006, -0.00990552362055, 0.00205099303275], [-0.00136071699671, 0.00912193302065, -0.0128204356879, 0.00736668566242, -0.00862688664347, 0.00935722421855, -0.00787562318146, 0.00950757786632, -0.00828339345753, 0.00648580305278, -0.00990552362055, 0.0329736992717, -0.00810866802931], [0.000837676459923, -0.00466923136264, 0.00802228227258, -0.00627875141799, 0.0026961681433, -0.00484737195075, 0.00783872883767, -0.00632563792169, 0.00440206518397, -0.002755635418, 0.00205099303275, -0.00810866802931, 0.020529255271]]
    },
    "melbands": {
        "max": [0.0252998843789, 0.0153892934322, 0.00432019261643, 0.00532019790262, 0.00326082366519, 0.00333070964552, 0.00608806032687, 0.00447923736647, 0.00409128889441, 0.00439898762852, 0.00327861797996, 0.00511477515101, 0.00111236644443, 0.00170552183408, 0.000653873896226, 0.00118423451204, 0.000967992586084, 0.000561041058972, 0.00167293287814, 0.000868078495841, 0.00121745292563, 0.0015021917643, 0.000412423803937, 0.000222407237743, 0.00012984884961, 0.000168975748238, 0.000141692566103, 0.000137098017149, 5.11280413775e-05, 4.4973596232e-05, 6.61372687318e-05, 5.22705522599e-05, 3.74508454115e-05, 7.21044343663e-05, 6.06723115197e-05, 5.28077325725e-05, 2.98579634546e-05, 4.20516917075e-05, 2.43557533395e-05, 1.3354820112e-05],
        "mean": [0.00050221348647, 0.000422310375143, 0.000168075261172, 0.000171840772964, 9.87264938885e-05, 6.87045394443e-05, 0.000134704852826, 0.000258505897364, 0.000157184185809, 0.000257223262452, 0.00022907233506, 0.000228808348766, 0.000185212673387, 9.42720216699e-05, 5.62593122595e-05, 7.49034807086e-05, 5.8293393522e-05, 3.56802993338e-05, 4.67515819764e-05, 4.65684752271e-05, 7.79027614044e-05, 7.38067828934e-05, 3.05149824271e-05, 1.97333556571e-05, 9.41637154028e-06, 1.29672544062e-05, 1.38085169965e-05, 7.79667971074e-06, 4.15043632529e-06, 5.16669615536e-06, 6.49107823847e-06, 5.5803889154e-06, 3.39212624567e-06, 2.56517364505e-06, 2.42270175477e-06, 2.14604506255e-06, 1.78963921371e-06, 1.42140095249e-06, 5.94777247898e-07, 3.42373169815e-07],
        "min": [1.45450346212e-10, 1.20171694817e-09, 8.68575433799e-09, 6.46858637765e-08, 7.60706129199e-08, 3.03277474245e-08, 1.84800470038e-07, 1.71619461753e-07, 2.68036501438e-07, 2.58982879586e-07, 4.89414674121e-07, 2.47364994266e-07, 1.36767170034e-07, 5.45423013421e-08, 3.01593914287e-08, 2.82544192487e-08, 7.20874524518e-08, 4.75978083614e-08, 4.65521878823e-08, 2.42253772598e-08, 8.75025705227e-08, 2.49708485001e-08, 5.62966064876e-08, 1.24390693301e-08, 1.74513079543e-08, 5.34235269356e-08, 4.21096331138e-08, 2.14831850087e-08, 1.04159514347e-09, 1.8541310709e-08, 2.94100210851e-08, 4.87274647298e-08, 3.16014840962e-08, 2.41242208432e-08, 1.69574203568e-08, 8.0900859345e-09, 7.50982032116e-09, 3.85325638064e-09, 2.68456545882e-09, 2.0957879876e-09],
        "stdev": [0.00188910961151, 0.00129655038472, 0.000340320752002, 0.000341629638569, 0.000204084557481, 0.000191703817109, 0.000347344321199, 0.000470264116302, 0.000345765030943, 0.000406604463933, 0.000274420104688, 0.000331094750436, 0.000202966184588, 0.000137278417242, 7.00406526448e-05, 0.000110330707685, 7.88707839092e-05, 5.49733449589e-05, 0.00010877839668, 8.65315669216e-05, 0.000147901373566, 0.000158172420925, 5.35657745786e-05, 2.66943952738e-05, 1.38783334478e-05, 2.02868959605e-05, 2.09149602597e-05, 1.30384214572e-05, 5.4327961152e-06, 5.84305098528e-06, 8.45177419251e-06, 7.49984656068e-06, 3.91734420191e-06, 3.90275181417e-06, 4.04439106205e-06, 3.66115978068e-06, 3.08862581733e-06, 2.81008829006e-06, 1.22716664919e-06, 6.69271457809e-07]
    },
    "melbands128": {
        "max": [0.00121683569159, 0.0163839887828, 0.0438461974263, 0.0296708419919, 0.0180941764265, 0.00726052746177, 0.00682171341032, 0.00332719204016, 0.00334792817011, 0.00595302553847, 0.0103851314634, 0.00631619337946, 0.00410020817071, 0.00327334459871, 0.00417853612453, 0.00540770264342, 0.00996465329081, 0.00977722927928, 0.0108025213704, 0.00699306186289, 0.00725611392409, 0.011007106863, 0.00632421439514, 0.00579512352124, 0.00795985944569, 0.00583748659119, 0.00441978871822, 0.00514955213293, 0.00414089206606, 0.00888675730675, 0.00519892154261, 0.00311723584309, 0.00205196114257, 0.00126466981601, 0.00291367061436, 0.00240346812643, 0.0020817629993, 0.00109204440378, 0.000792145146988, 0.00148669490591, 0.001653553918, 0.00390686327592, 0.00112319388427, 0.0010749772191, 0.000918134406675, 0.000606822723057, 0.00168489082716, 0.00417689001188, 0.000625296728685, 0.00138958892785, 0.00114190601744, 0.0016691160854, 0.00300455908291, 0.00336344516836, 0.00150645733811, 0.00344644417055, 0.00128281896468, 0.000724111509044, 0.000635952048469, 0.000399294367526, 0.000495291955303, 0.000310906907544, 0.000278004736174, 0.00011777736654, 0.000309416209348, 0.000248015508987, 0.000453163636848, 0.000276112608844, 0.00020731301629, 0.000326360051986, 0.000250434881309, 8.55498728924e-05, 0.000104747450678, 6.60076184431e-05, 7.29326493456e-05, 7.43782584323e-05, 5.02518887515e-05, 7.97607353888e-05, 0.000129817650304, 7.03610494384e-05, 0.000140358155477, 7.15055284672e-05, 5.56967315788e-05, 4.5701777708e-05, 3.77740070689e-05, 3.52686474798e-05, 0.000139834766742, 9.1349829745e-05, 6.64792605676e-05, 6.75971605233e-05, 7.30981482775e-05, 4.21840522904e-05, 3.66892672901e-05, 3.47549867001e-05, 3.38677236869e-05, 4.14611604356e-05, 5.14142011525e-05, 3.63212711818e-05, 2.79685100395e-05, 3.32484523824e-05, 1.4476022443e-05, 9.28722238314e-06, 1.08418626041e-05, 9.0142539193e-06, 1.44044242916e-05, 1.5371309928e-05, 1.50982150444e-05, 7.29181192582e-06, 7.42049587643e-06, 2.4554792617e-06, 2.47382513408e-06, 1.8344730961e-06, 8.10155768249e-07, 5.56502044446e-08, 5.02643295874e-08, 3.76861351015e-08, 9.34746413606e-09, 4.40571490401e-09, 4.03114830405e-09, 3.77241127225e-09, 3.46929818207e-09, 3.26009130802e-09, 3.06277780915e-09, 2.90239854372e-09, 2.77353273681e-09, 2.66692157247e-09, 2.59835997163e-09, 2.55687138129e-09],
        "mean": [4.96912070957e-05, 0.000348639965523, 0.00077640498057, 0.000649616413284, 0.000396799296141, 0.00027315778425, 0.000160571493325, 0.00014526056475, 0.000160072260769, 0.000169280421687, 0.000203626652365, 0.000116537354188, 7.66141238273e-05, 6.7064203904e-05, 6.6419619543e-05, 7.86730379332e-05, 5.09083547513e-05, 9.53856360866e-05, 0.000280673441011, 0.000366191321518, 0.000171267500264, 0.000190856779227, 0.00013875089644, 0.000152860840899, 0.000190236387425, 0.000323676416883, 0.000358013174264, 0.000173673353856, 0.000182966003194, 0.00016788476205, 0.000272192119155, 0.000303624285152, 0.000198268491658, 7.99857443781e-05, 9.17085271794e-05, 0.000116759969387, 7.01099852449e-05, 5.22901791555e-05, 4.29022729804e-05, 6.44494648441e-05, 7.47369776946e-05, 0.000103700447653, 5.96449062868e-05, 3.8753143599e-05, 3.53647192242e-05, 3.05522044073e-05, 3.76894895453e-05, 6.05830136919e-05, 3.76510579372e-05, 4.66361998406e-05, 3.62866703654e-05, 5.89305636822e-05, 8.82904423634e-05, 8.31045326777e-05, 6.30693612038e-05, 0.000101012257801, 5.38598542335e-05, 2.34516828641e-05, 3.18459751725e-05, 2.16914286284e-05, 2.04591942747e-05, 1.71361261891e-05, 1.00870320239e-05, 5.95758137933e-06, 9.99268013402e-06, 1.23958143377e-05, 1.582758523e-05, 1.55960387929e-05, 1.29623413159e-05, 1.21109969768e-05, 8.35935225041e-06, 5.33789034307e-06, 4.38525239588e-06, 3.80792903343e-06, 3.89935257772e-06, 5.07679669681e-06, 5.57737621421e-06, 6.3484239945e-06, 7.11875600246e-06, 5.8550799622e-06, 6.45854970571e-06, 5.1976226132e-06, 4.0359968807e-06, 3.28583973896e-06, 2.8461436159e-06, 2.33267769545e-06, 2.61448258243e-06, 2.74112244369e-06, 2.35358515965e-06, 2.26179918172e-06, 2.22704807129e-06, 2.15464956455e-06, 1.92775632968e-06, 1.72175521129e-06, 1.73817784344e-06, 1.79827986813e-06, 1.44257853663e-06, 7.72344435518e-07, 5.51878031274e-07, 5.1797735523e-07, 4.66092245688e-07, 2.9752430919e-07, 2.10352126828e-07, 2.59077665987e-07, 3.1912819054e-07, 3.03529816392e-07, 2.53726739174e-07, 2.15433431094e-07, 1.59477338002e-07, 8.42913792098e-08, 6.27634904049e-08, 4.74264147954e-08, 1.72832717027e-08, 8.60816640191e-10, 6.3513505566e-10, 5.63260049713e-10, 1.1442979897e-10, 7.76494233495e-12, 7.29319903081e-12, 7.01904897052e-12, 6.68477989976e-12, 6.37606200476e-12, 6.05351792998e-12, 5.66176229164e-12, 5.23789605439e-12, 4.70221040924e-12, 4.41051231995e-12, 4.32763633956e-12],
        "min": [4.34126042406e-13, 6.18325668444e-11, 7.64376478779e-11, 7.67882354924e-11, 2.16152262755e-10, 1.39334280225e-10, 3.37722044774e-10, 1.91393101368e-09, 3.60840690661e-09, 7.16513959276e-09, 3.32730358821e-08, 4.27529691649e-08, 9.21824749867e-09, 1.88543758384e-08, 1.53146118009e-08, 2.47336640058e-09, 1.73244742996e-08, 1.67874105728e-08, 5.61955708633e-08, 6.75637252812e-08, 5.22864738173e-08, 1.68168146075e-08, 7.93034544699e-08, 7.15224359737e-08, 5.61770683305e-08, 4.96592704735e-08, 2.99095184175e-08, 8.124500539e-08, 7.23163253724e-08, 3.31559242284e-08, 4.10161540287e-08, 5.00570145334e-08, 2.02361398749e-08, 2.03625756257e-08, 1.52778998341e-08, 3.31512310936e-08, 3.07761318652e-08, 1.94180245217e-08, 1.05379367454e-08, 2.49151224097e-08, 1.85752782045e-08, 1.27871988553e-08, 1.58607971201e-08, 8.01217936441e-09, 1.05234851944e-08, 1.78081407398e-08, 6.47625553185e-09, 2.82075394153e-08, 4.32737401468e-08, 1.31062138919e-08, 1.72616729799e-08, 3.22539079889e-08, 5.84088599709e-09, 3.35937819784e-08, 9.35358723808e-09, 1.32755531013e-08, 8.34743474343e-09, 1.75461298824e-08, 4.44611139017e-08, 1.36553648389e-08, 9.03665409169e-09, 1.07052953169e-08, 3.80895848195e-09, 7.59391927119e-09, 2.60287542631e-08, 3.24629390036e-08, 2.78699854306e-08, 3.30162102102e-08, 6.12415362866e-09, 1.23392762674e-08, 1.6228712596e-08, 3.94252808178e-09, 2.59895299726e-10, 2.35563041295e-10, 8.71288430293e-10, 3.72091868428e-09, 1.62224917943e-08, 2.69496780447e-09, 4.29304103378e-09, 2.60173713684e-08, 2.04323189479e-08, 4.24305888203e-08, 2.32502568309e-08, 9.45581124512e-09, 1.76676699937e-08, 1.81675705591e-08, 2.52596965566e-08, 2.77514260461e-08, 1.4559271122e-08, 4.97273067168e-09, 4.84753615027e-09, 3.999134357e-09, 5.48885514817e-09, 4.44956604895e-09, 4.26328972125e-09, 3.36919203647e-09, 2.02997374465e-09, 1.5912856588e-09, 2.18735390911e-10, 1.94412208554e-10, 1.11053433116e-09, 1.03827710318e-10, 3.49826417834e-12, 2.10997851136e-11, 3.55137924277e-12, 3.39927891391e-10, 3.73705927315e-11, 9.5797219983e-13, 3.63761782198e-13, 3.6457897248e-13, 4.18878256733e-13, 3.6950187376e-13, 4.6046852312e-13, 4.08051739099e-13, 3.8515742787e-13, 3.5512673531e-13, 3.73939242201e-13, 3.80927711249e-13, 5.248070316e-13, 4.76496012786e-13, 4.39244723493e-13, 3.84810185019e-13, 3.80095857132e-13, 4.3147541204e-13, 3.11607429313e-13, 1.33573829623e-13, 1.51046099998e-14, 3.9349963768e-16],
        "stdev": [0.000141110736877, 0.00119048403576, 0.00315338955261, 0.0025497211609, 0.0013087928528, 0.000637278251816, 0.000402756471885, 0.00035606653546, 0.000349370442564, 0.000417238567024, 0.000498351000715, 0.000279992789729, 0.000218893343117, 0.000207185963518, 0.00021241925424, 0.000281829416053, 0.000336987170158, 0.000415620888816, 0.000682797515765, 0.000800505862571, 0.00046205779654, 0.000649080611765, 0.000384965533158, 0.000365355459508, 0.000479431590065, 0.000621256651357, 0.000518594868481, 0.000305953173665, 0.000382386031561, 0.00039193496923, 0.000493404397275, 0.000431436084909, 0.000281019718386, 0.000129193198518, 0.000195721644559, 0.000199116504518, 0.000123617865029, 9.38922821661e-05, 7.33388296794e-05, 0.000127611376229, 0.000155317422468, 0.000221774418605, 8.84978362592e-05, 7.8823097283e-05, 6.49963476462e-05, 4.79144327983e-05, 0.000122825280414, 0.000242315989453, 5.7883815316e-05, 0.000109839755169, 8.8600514573e-05, 0.000173692271346, 0.00020793240401, 0.00023528089514, 0.000157692527864, 0.000301205931464, 0.000146010323078, 6.7066430347e-05, 7.86803939263e-05, 3.93820009776e-05, 4.39363793703e-05, 3.02922835544e-05, 2.34811941482e-05, 9.79388551059e-06, 2.37475323956e-05, 2.31358299061e-05, 3.4566350223e-05, 2.83931276499e-05, 2.38421544054e-05, 2.53586167673e-05, 1.76218618435e-05, 9.16815952223e-06, 7.77465993451e-06, 5.41981034985e-06, 6.18665762886e-06, 7.16524527888e-06, 6.84945553076e-06, 9.02377360035e-06, 1.19741671369e-05, 8.53382516652e-06, 1.21548328025e-05, 7.48158890929e-06, 5.42888801647e-06, 4.27247596235e-06, 3.95073902837e-06, 3.06953074869e-06, 5.80731239097e-06, 5.61129218113e-06, 4.08074038205e-06, 4.23704841523e-06, 4.24041627411e-06, 3.92816627937e-06, 3.68536871065e-06, 3.23478843711e-06, 3.22498021887e-06, 3.89996193917e-06, 3.17395142702e-06, 1.73352441379e-06, 1.25926578676e-06, 1.3398135934e-06, 8.66049617798e-07, 5.77455693929e-07, 4.86556473334e-07, 6.10890310782e-07, 8.88449960712e-07, 1.02233207144e-06, 9.42923975344e-07, 6.48352056487e-07, 5.94583866587e-07, 2.3811062988e-07, 1.67653254834e-07, 1.39287024581e-07, 6.79667948589e-08, 3.55291152054e-09, 2.71728484158e-09, 2.42122499827e-09, 5.19926712794e-10, 1.3868138582e-10, 1.26932075961e-10, 1.19027759871e-10, 1.09747176624e-10, 1.0302954323e-10, 9.65064139713e-11, 9.1118224077e-11, 8.70154087673e-11, 8.36736582799e-11, 8.1527486151e-11, 8.02259508825e-11]
    },
    "mfcc": {
        "mean": [-652.149841309, 68.0145721436, -43.8524208069, -14.3716821671, -27.5711708069, -6.52696704865, -13.5957632065, 8.31010437012, 1.34498441219, -1.36906552315, -6.87159967422, -4.52177190781, -8.30826091766],
        "cov": [[4548.02734375, 384.553283691, 491.449615479, 692.336975098, 830.590332031, 347.908081055, 319.709106445, 79.9174118042, 258.408325195, 253.717529297, 5.05370044708, 311.42288208, 227.261108398], [384.553283691, 978.086669922, 1244.4630127, 856.254943848, 526.483825684, 364.294250488, 184.849563599, 83.2663955688, 64.5583572388, 167.794296265, 188.393966675, 130.111022949, 261.362884521], [491.449615479, 1244.4630127, 2387.23803711, 1568.4732666, 907.787841797, 466.178466797, 90.2029953003, 119.103233337, 88.0646362305, 168.07093811, 247.100616455, 236.756912231, 380.843566895], [692.336975098, 856.254943848, 1568.4732666, 1316.69824219, 851.353759766, 351.602783203, 69.6698379517, 89.7395401001, 140.022186279, 138.50189209, 144.138504028, 228.695510864, 301.392364502], [830.590332031, 526.483825684, 907.787841797, 851.353759766, 771.373291016, 279.283752441, 102.091964722, 67.0886993408, 154.049362183, 130.851501465, 57.5053443909, 188.968139648, 229.585189819], [347.908081055, 364.294250488, 466.178466797, 351.602783203, 279.283752441, 318.524047852, 186.163406372, 79.9978408813, 70.5239181519, 103.52948761, 106.507354736, 89.0071182251, 106.701690674], [319.709106445, 184.849563599, 90.2029953003, 69.6698379517, 102.091964722, 186.163406372, 272.144195557, 48.0098190308, 54.9491195679, 74.166229248, 63.8199882507, 43.4359092712, 51.2838554382], [79.9174118042, 83.2663955688, 119.103233337, 89.7395401001, 67.0886993408, 79.9978408813, 48.0098190308, 122.817352295, 44.0009498596, 47.7794380188, 59.1833648682, 29.2502155304, 21.8753604889], [258.408325195, 64.5583572388, 88.0646362305, 140.022186279, 154.049362183, 70.5239181519, 54.9491195679, 44.0009498596, 131.776229858, 56.4958114624, 20.7635993958, 59.8978805542, 51.5985031128], [253.717529297, 167.794296265, 168.07093811, 138.50189209, 130.851501465, 103.52948761, 74.166229248, 47.7794380188, 56.4958114624, 138.2237854, 68.5850067139, 36.6206359863, 69.7482910156], [5.05370044708, 188.393966675, 247.100616455, 144.138504028, 57.5053443909, 106.507354736, 63.8199882507, 59.1833648682, 20.7635993958, 68.5850067139, 134.792205811, 34.7914543152, 41.8546180725], [311.42288208, 130.111022949, 236.756912231, 228.695510864, 188.968139648, 89.0071182251, 43.4359092712, 29.2502155304, 59.8978805542, 36.6206359863, 34.7914543152, 133.572631836, 68.1739120483], [227.261108398, 261.362884521, 380.843566895, 301.392364502, 229.585189819, 106.701690674, 51.2838554382, 21.8753604889, 51.5985031128, 69.7482910156, 41.8546180725, 68.1739120483, 141.431152344]],
        "icov": [[0.000330708891852, 3.63952822227e-05, 4.70241611765e-05, -2.76258360827e-05, -0.000287827046122, 5.79709339945e-05, -0.000284205394564, 3.95578717871e-05, 2.68588282779e-05, -0.000487073935801, 0.000377172837034, -0.000468301645014, 0.000198534646188], [3.63952822227e-05, 0.00513673666865, -0.0013640379766, -0.0010271705687, 0.000427471037256, -0.00120354501996, -0.00151575438213, 0.000557899824344, 0.00134062219877, -0.00112909229938, -0.00132573989686, 0.00134213012643, -0.00319858919829], [4.70241611765e-05, -0.0013640379766, 0.0030696480535, -0.00306230317801, 0.000679674383719, -0.000476199697005, 0.000673760252539, -0.000335541466484, 0.001152620418, 0.000696463976055, -0.000852441706229, 0.000165588324307, -0.000822905218229], [-2.76258360827e-05, -0.0010271705687, -0.00306230317801, 0.00830179918557, -0.0047700451687, 0.000262588408077, 0.00149271090049, 0.000175138280611, -0.00144716456998, 0.00152800686192, -0.00106702104677, -0.00124823965598, 0.00016605075507], [-0.000287827046122, 0.000427471037256, 0.000679674383719, -0.0047700451687, 0.00773082254454, -0.00192204548512, -2.25992207561e-05, -0.000158192415256, -0.00148248451296, -0.00159095262643, 0.00359078194015, -0.00106668041553, -0.00228235218674], [5.79709339945e-05, -0.00120354501996, -0.000476199697005, 0.000262588408077, -0.00192204548512, 0.0103704156354, -0.00473763281479, -0.00167452427559, 0.000261400913587, -0.000761511735618, -0.00197638920508, -0.000997576047666, 0.00147270224988], [-0.000284205394564, -0.00151575438213, 0.000673760252539, 0.00149271090049, -2.25992207561e-05, -0.00473763281479, 0.00809711497277, 0.000195930202608, -0.00142497918569, 0.000411489163525, -0.000663925195113, -0.000136652684887, -0.00051362789236], [3.95578717871e-05, 0.000557899824344, -0.000335541466484, 0.000175138280611, -0.000158192415256, -0.00167452427559, 0.000195930202608, 0.0120959598571, -0.00294975191355, -0.00119325728156, -0.00387363182381, 1.82437834155e-05, 0.0018161268672], [2.68588282779e-05, 0.00134062219877, 0.001152620418, -0.00144716456998, -0.00148248451296, 0.000261400913587, -0.00142497918569, -0.00294975191355, 0.0138800507411, -0.00295406975783, 0.000560809334274, -0.00247167772613, -0.00193976867013], [-0.000487073935801, -0.00112909229938, 0.000696463976055, 0.00152800686192, -0.00159095262643, -0.000761511735618, 0.000411489163525, -0.00119325728156, -0.00295406975783, 0.0155783491209, -0.00626395316795, 0.00252790865488, -0.00503964954987], [0.000377172837034, -0.00132573989686, -0.000852441706229, -0.00106702104677, 0.00359078194015, -0.00197638920508, -0.000663925195113, -0.00387363182381, 0.000560809334274, -0.00626395316795, 0.0172236915678, -0.00308754947037, 0.0021909121424], [-0.000468301645014, 0.00134213012643, 0.000165588324307, -0.00124823965598, -0.00106668041553, -0.000997576047666, -0.000136652684887, 1.82437834155e-05, -0.00247167772613, 0.00252790865488, -0.00308754947037, 0.0142155215144, -0.00326622161083], [0.000198534646188, -0.00319858919829, -0.000822905218229, 0.00016605075507, -0.00228235218674, 0.00147270224988, -0.00051362789236, 0.0018161268672, -0.00193976867013, -0.00503964954987, 0.0021909121424, -0.00326622161083, 0.0211428608745]]
    },
    "spectral_contrast_coeffs": {
        "max": [-0.395661562681, -0.479798436165, -0.494460731745, -0.510546863079, -0.520126283169, -0.61434751749],
        "mean": [-0.697742640972, -0.706456542015, -0.736923456192, -0.77939927578, -0.768614888191, -0.73018091917],
        "min": [-0.8874771595, -0.904491245747, -0.895835220814, -0.920604526997, -0.871881127357, -0.830686330795],
        "stdev": [0.102981880307, 0.0764493197203, 0.0684662163258, 0.0723600313067, 0.0609340853989, 0.0359430387616]
    },
    "spectral_contrast_valleys": {
        "max": [-5.18148946762, -5.08729124069, -5.37839174271, -5.85939979553, -6.05550098419, -7.78236198425],
        "mean": [-8.80128288269, -7.40558338165, -7.07930994034, -7.39301538467, -7.53151273727, -10.0775594711],
        "min": [-12.3033905029, -9.56880664825, -9.81632709503, -9.80548763275, -9.77555370331, -11.9790124893],
        "stdev": [1.98064005375, 0.78581982851, 0.976540505886, 0.910635054111, 0.80826997757, 0.702787935734]
    }
},
"rhythm": {
    "beats_count": 47,
    "beats_loudness": {
        "max": 0.0634369403124,
        "mean": 0.0215583778918,
        "min": 0.00228507071733,
        "stdev": 0.0171222239733
    },
    "bpm": 150.551483154,
    "bpm_histogram_first_peak_bpm": 152,
    "bpm_histogram_first_peak_weight": 0.333333313465,
    "bpm_histogram_second_peak_bpm": 99,
    "bpm_histogram_second_peak_spread": 0.25,
    "bpm_histogram_second_peak_weight": 0.195652171969,
    "danceability": 0.84690284729,
    "onset_rate": 1.48578035831,
    "beats_loudness_band_ratio": {
        "max": [0.834153413773, 0.214343905449, 0.812514007092, 0.747933626175, 0.764889478683, 0.190971016884],
        "mean": [0.179269403219, 0.0533225089312, 0.248630955815, 0.250028550625, 0.220529541373, 0.0694123804569],
        "min": [8.1939415395e-06, 0.000408736203099, 0.0151937333867, 0.012618130073, 0.0091771138832, 0.0121492091566],
        "stdev": [0.242894843221, 0.0547134205699, 0.204450175166, 0.2190284729, 0.18297226727, 0.0388475060463]
    },
    "beats_position": [0.336689323187, 0.696598649025, 1.06811785698, 1.43963718414, 1.83437633514, 2.22911548615, 2.62385487556, 3.01859402657, 3.41333317757, 3.80807256699, 4.20281171799, 4.60916090012, 5.01551008224, 5.41024923325, 5.81659841537, 6.23455762863, 6.64090681076, 7.05886602402, 7.47682523727, 7.89478445053, 8.31274318695, 8.73070240021, 9.18349170685, 9.65950107574, 10.1355104446, 10.6463489532, 11.1687984467, 11.6912469864, 12.294965744, 12.8986845016, 13.5024032593, 14.0945119858, 14.6982307434, 15.301949501, 15.9056682587, 16.4977779388, 17.0898857117, 17.693605423, 18.3089332581, 18.9242630005, 19.4931507111, 20.0504302979, 20.6077098846, 21.1765975952, 21.733877182, 22.2911567688, 22.8484344482],
