{
"metadata": {
    "version": {
        "essentia": "2.1-beta5",
        "essentia_git_sha": "Undefined",
        "extractor": "music 2.0"
    },
    "audio_properties": {
        "analysis": {
            "equal_loudness": 0,
            "length": 48.7502937317,
            "sample_rate": 44100,
            "start_time": 77.7404098511,
            "downmix": "mix"
        },
        "bit_rate": 192000,
        "length": 201.363464355,
        "lossless": 0,
        "number_channels": 2,
        "replay_gain": -0.680534362793,
        "sample_rate": 48000,
        "codec": "mp3",
        "md5_encoded": "749f67178367b78991a80d55a8a1d769"
    },
    "tags": {
        "file_name": "Belgium_Love Kills_Roberto Bellarosa.mp3",
        "encoding": ["Lavf58.29.100"]
    }
},
"lowlevel": {
    "average_loudness": 0.973950684071,
    "barkbands_crest": {
        "max": 26.0850849152,
        "mean": 14.2652978897,
        "min": 2.3594481945,
        "stdev": 6.15016746521
    },
    "barkbands_flatness_db": {
        "max": 0.365620732307,
        "mean": 0.150583341718,
        "min": 0.0206464324147,
        "stdev": 0.0626273155212
    },
    "barkbands_kurtosis": {
        "max": 170.444122314,
        "mean": 9.80261898041,
        "min": -1.82502901554,
        "stdev": 19.764755249
    },
    "barkbands_skewness": {
        "max": 12.3736066818,
        "mean": 2.30559563637,
        "min": -1.57678616047,
        "stdev": 1.9864372015
    },
    "barkbands_spread": {
        "max": 96.9261169434,
        "mean": 28.6501197815,
        "min": 1.30600488186,
        "stdev": 18.0347328186
    },
    "dissonance": {
        "max": 0.499999940395,
        "mean": 0.468155950308,
        "min": 0.29818791151,
        "stdev": 0.0277305301279
    },
    "dynamic_complexity": 2.19357633591,
    "erbbands_crest": {
        "max": 29.3006248474,
        "mean": 7.69180011749,
        "min": 2.26993083954,
        "stdev": 3.91752552986
    },
    "erbbands_flatness_db": {
        "max": 0.292640626431,
        "mean": 0.123728968203,
        "min": 0.0568553730845,
        "stdev": 0.0319733545184
    },
    "erbbands_kurtosis": {
        "max": 39.4941864014,
        "mean": 0.0662753731012,
        "min": -1.84838569164,
        "stdev": 1.91773188114
    },
    "erbbands_skewness": {
        "max": 4.63110780716,
        "mean": 0.200256988406,
        "min": -2.30452895164,
        "stdev": 0.703009784222
    },
    "erbbands_spread": {
        "max": 173.828048706,
        "mean": 53.061870575,
        "min": 3.81787014008,
        "stdev": 22.0886554718
    },
    "hfc": {
        "max": 216.212081909,
        "mean": 33.7534599304,
        "min": 0.924962759018,
        "stdev": 25.8270587921
    },
    "loudness_ebu128": {
        "integrated": -20.6489200592,
        "loudness_range": 3.75963973999,
        "momentary": {
            "max": -17.7773609161,
            "mean": -21.0041980743,
            "min": -28.5312595367,
            "stdev": 1.82030141354
        },
        "short_term": {
            "max": -18.730178833,
            "mean": -20.9048690796,
            "min": -23.2881641388,
            "stdev": 1.43924379349
        }
    },
    "melbands_crest": {
        "max": 33.0498847961,
        "mean": 19.7530651093,
        "min": 4.1316151619,
        "stdev": 7.51917743683
    },
    "melbands_flatness_db": {
        "max": 0.433753669262,
        "mean": 0.207545727491,
        "min": 0.0211023371667,
        "stdev": 0.0791380628943
    },
    "melbands_kurtosis": {
        "max": 413.733886719,
        "mean": 35.4336624146,
        "min": -1.54746961594,
        "stdev": 55.2001342773
    },
    "melbands_skewness": {
        "max": 17.4012680054,
        "mean": 4.22662639618,
        "min": -0.790462315083,
        "stdev": 2.97597026825
    },
    "melbands_spread": {
        "max": 173.270797729,
        "mean": 23.1391983032,
        "min": 0.866438567638,
        "stdev": 18.6318492889
    },
    "pitch_salience": {
        "max": 0.813138306141,
        "mean": 0.422432124615,
        "min": 0.0593032985926,
        "stdev": 0.154542848468
    },
    "silence_rate_20dB": {
        "max": 1,
        "mean": 1,
        "min": 1,
        "stdev": 0
    },
    "silence_rate_30dB": {
        "max": 1,
        "mean": 0.945740103722,
        "min": 0,
        "stdev": 0.226531356573
    },
    "silence_rate_60dB": {
        "max": 1,
        "mean": 0.00571156572551,
        "min": 0,
        "stdev": 0.0753574669361
    },
    "spectral_centroid": {
        "max": 3901.61523438,
        "mean": 1662.39855957,
        "min": 217.145965576,
        "stdev": 709.565002441
    },
    "spectral_complexity": {
        "max": 55,
        "mean": 22.396478653,
        "min": 0,
        "stdev": 11.7842741013
    },
    "spectral_decrease": {
        "max": -6.06839023476e-11,
        "mean": -1.33932589463e-08,
        "min": -4.37978435741e-08,
        "stdev": 8.08998468216e-09
    },
    "spectral_energy": {
        "max": 0.167833581567,
        "mean": 0.0536108091474,
        "min": 0.000312931544613,
        "stdev": 0.0311440546066
    },
    "spectral_energyband_high": {
        "max": 0.0239946730435,
        "mean": 0.00261793402024,
        "min": 2.48467458732e-05,
        "stdev": 0.0026859822683
    },
    "spectral_energyband_low": {
        "max": 0.138516485691,
        "mean": 0.0357066169381,
        "min": 9.57372685662e-06,
        "stdev": 0.0294302757829
    },
    "spectral_energyband_middle_high": {
        "max": 0.0394920818508,
        "mean": 0.00606834515929,
        "min": 9.55398572842e-05,
        "stdev": 0.0059334570542
    },
    "spectral_energyband_middle_low": {
        "max": 0.0789557769895,
        "mean": 0.0102811930701,
        "min": 8.24184608064e-05,
        "stdev": 0.00974570214748
    },
    "spectral_entropy": {
        "max": 8.73178195953,
        "mean": 7.91518449783,
        "min": 6.32365322113,
        "stdev": 0.368388682604
    },
    "spectral_flux": {
        "max": 0.308466553688,
        "mean": 0.104761302471,
        "min": 0.0236525796354,
        "stdev": 0.0532197207212
    },
    "spectral_kurtosis": {
        "max": 9.93385028839,
        "mean": 1.75735890865,
        "min": -1.15900468826,
        "stdev": 1.24336123466
    },
    "spectral_rms": {
        "max": 0.0127960965037,
        "mean": 0.00686535658315,
        "min": 0.000552538724151,
        "stdev": 0.00227379961871
    },
    "spectral_rolloff": {
        "max": 9991.40625,
        "mean": 1437.39758301,
        "min": 64.599609375,
        "stdev": 1629.90856934
    },
    "spectral_skewness": {
        "max": 2.38001561165,
        "mean": 1.11600530148,
        "min": 0.172678768635,
        "stdev": 0.28667101264
    },
    "spectral_spread": {
        "max": 14757920,
        "mean": 6014692,
        "min": 2987422.25,
        "stdev": 1561607
    },
    "spectral_strongpeak": {
        "max": 7.07956314087,
        "mean": 0.704430758953,
        "min": 0.0191226061434,
        "stdev": 0.784344136715
    },
    "zerocrossingrate": {
        "max": 0.2841796875,
        "mean": 0.0630580037832,
        "min": 0.00244140625,
        "stdev": 0.0396581590176
    },
    "barkbands": {
        "max": [0.00398581149057, 0.133751988411, 0.0768313258886, 0.0532284677029, 0.0467648878694, 0.0245213024318, 0.0151534192264, 0.0658701732755, 0.0500608310103, 0.0301987081766, 0.030001686886, 0.0208781976253, 0.0179923120886, 0.0180814955384, 0.0137605685741, 0.0278168190271, 0.0126274637878, 0.00295527698472, 0.00286843720824, 0.00841240677983, 0.00520554604009, 0.00519440323114, 0.00457959342748, 0.00557234371081, 0.00643286434934, 0.00187340890989, 1.09442680696e-05],
        "mean": [0.000626021879725, 0.0291759781539, 0.00494697364047, 0.00171732297167, 0.00294974097051, 0.00111997756176, 0.00049400673015, 0.00200565485284, 0.00184806564357, 0.00104236148763, 0.000630256487057, 0.00112585001625, 0.000634428055491, 0.000543226022273, 0.000425134348916, 0.000656094052829, 0.000372049951693, 0.000284554931568, 0.00022372433159, 0.000569489668123, 0.000510189682245, 0.000566995411646, 0.00040555826854, 0.00036510094651, 0.000273997982731, 9.80157201411e-05, 4.70297258914e-08],
        "min": [1.66773155286e-08, 3.83979596563e-07, 2.03373156182e-06, 9.23610230075e-07, 1.77028539383e-06, 4.19873049395e-06, 5.23520725437e-07, 2.39198334384e-06, 5.26351095687e-06, 2.00831141228e-06, 1.26869940686e-06, 5.34297669219e-06, 3.68645964954e-06, 2.79376922663e-06, 6.25642951491e-06, 9.68299627857e-06, 5.49956712348e-06, 1.54150961862e-06, 1.44940383962e-06, 3.7424324546e-06, 7.04920512362e-06, 4.0793493099e-06, 2.26595261665e-06, 6.33516663129e-07, 3.17693377383e-07, 1.22546736647e-10, 1.25981197696e-10],
        "stdev": [0.000735813868232, 0.027718404308, 0.011584026739, 0.00436635315418, 0.00427513476461, 0.00150781846605, 0.000946518150158, 0.00448458036408, 0.00468800403178, 0.00229151407257, 0.00169034383725, 0.001872821711, 0.00122599641327, 0.000897711899597, 0.000774493382778, 0.00161045731511, 0.00077095918823, 0.000329692295054, 0.000278649997199, 0.000826233241241, 0.000582347565796, 0.000544988201, 0.000481045979541, 0.000571341894101, 0.000464640121209, 0.000163850039826, 3.20341058568e-07]
    },
    "erbbands": {
        "max": [5.6268029213, 26.3942279816, 74.5894088745, 131.157394409, 178.883209229, 172.095046997, 275.680267334, 195.642730713, 228.62890625, 485.677032471, 1500.46655273, 1485.96472168, 956.62890625, 1113.80383301, 735.955810547, 520.329956055, 954.35333252, 980.75994873, 906.162475586, 1070.30249023, 603.14855957, 861.890991211, 173.767532349, 131.049667358, 215.107452393, 496.385101318, 343.890777588, 160.260452271, 207.764648438, 117.267913818, 150.436828613, 125.798469543, 107.825271606, 92.8541564941, 30.5691490173, 13.4531087875, 2.18714261055, 0.137500956655, 0.00342192035168, 0.000369227054762],
        "mean": [1.03204739094, 5.77928638458, 6.46870279312, 5.9707326889, 6.24664735794, 9.48440933228, 14.1580572128, 9.26722049713, 7.06559896469, 18.0505638123, 45.6405677795, 40.8749732971, 36.533454895, 29.775592804, 31.5570011139, 36.2545890808, 30.7120132446, 26.0925331116, 26.3624973297, 29.5042495728, 29.8140544891, 24.3573284149, 17.1393871307, 10.9848918915, 13.511888504, 28.1365890503, 24.2921867371, 18.8022346497, 21.0180454254, 15.2706699371, 11.5980024338, 7.90087509155, 5.94349002838, 3.50234794617, 1.69425976276, 0.737657427788, 0.11464458704, 0.00322240893729, 0.000147600818309, 7.61885385145e-05],
        "min": [1.5305569832e-05, 0.000243106667767, 0.00213986262679, 0.00670872302726, 0.0104145361111, 0.00504304654896, 0.0332331582904, 0.079169601202, 0.0896629169583, 0.109925366938, 0.161983177066, 0.195866569877, 0.223404735327, 0.0933899059892, 0.162394285202, 0.278777331114, 0.368264049292, 0.216421738267, 0.509729802608, 0.55950152874, 0.708932459354, 0.305147737265, 0.278655320406, 0.251136273146, 0.155258089304, 0.332635313272, 0.316831737757, 0.263032823801, 0.165736451745, 0.118393518031, 0.0507928803563, 0.0180399790406, 0.010403862223, 0.00392541941255, 0.000958158168942, 6.12886724412e-05, 6.14420969214e-06, 8.66736286298e-07, 2.56633279605e-06, 3.71199962501e-06],
        "stdev": [1.13019883633, 5.41858434677, 12.0589227676, 13.4503564835, 13.3532962799, 15.6010227203, 22.8356933594, 13.1096286774, 10.6108875275, 35.2232666016, 93.9422836304, 111.180969238, 74.5278701782, 63.9090194702, 62.2894897461, 55.5131454468, 52.4449958801, 48.9275169373, 44.2065544128, 60.2487068176, 52.7607574463, 50.3338470459, 20.2475223541, 12.826798439, 17.6041793823, 43.9864463806, 33.6334266663, 18.5462284088, 20.7226295471, 15.7544393539, 14.3286895752, 11.4531497955, 9.96670246124, 6.33170461655, 2.7742061615, 1.2184612751, 0.200791090727, 0.00642791111022, 0.000208817509701, 4.30970612797e-05]
    },
    "gfcc": {
        "mean": [41.5308914185, 77.4821624756, -106.212219238, 52.2144813538, -63.5920410156, 38.3696365356, -29.7184944153, 16.4105377197, -17.1217575073, 12.2264080048, -16.7249011993, 4.56192302704, -3.70227193832],
        "cov": [[2517.16723633, -1006.24401855, -24.7915592194, -74.6755981445, -34.4715881348, 287.148132324, -152.285949707, 208.285293579, -275.274841309, 125.874809265, -203.738723755, 68.5512390137, -158.414306641], [-1006.24401855, 952.421142578, -67.2688980103, -39.7079811096, 68.9025802612, -177.618087769, 204.098175049, -127.695671082, 172.772201538, -71.8303070068, 123.869895935, -54.4112472534, 116.410400391], [-24.7915592194, -67.2688980103, 514.597961426, 39.2217941284, 33.2016410828, 99.9727859497, -52.4992179871, 16.0289001465, 30.621515274, 43.371295929, -26.7708587646, 34.9449653625, -25.1579971313], [-74.6755981445, -39.7079811096, 39.2217941284, 227.65486145, 95.981300354, 16.0433826447, -30.4230270386, -22.2953186035, 57.5876731873, -17.8468208313, 23.5117454529, -15.8191280365, 50.0677452087], [-34.4715881348, 68.9025802612, 33.2016410828, 95.981300354, 201.18687439, 63.9153556824, 47.2374610901, 14.1341905594, 49.2932777405, 16.2077617645, 48.7993087769, -0.207724362612, 39.7745742798], [287.148132324, -177.618087769, 99.9727859497, 16.0433826447, 63.9153556824, 192.206329346, 38.6530036926, 50.5089759827, -4.77370691299, 33.8940925598, 0.48532757163, 15.4169692993, -11.5861225128], [-152.285949707, 204.098175049, -52.4992179871, -30.4230270386, 47.2374610901, 38.6530036926, 219.022979736, 40.9827346802, 56.2857666016, 13.2306423187, 56.6739654541, -10.7408227921, 36.36510849], [208.285293579, -127.695671082, 16.0289001465, -22.2953186035, 14.1341905594, 50.5089759827, 40.9827346802, 112.323318481, 23.474111557, 41.2265701294, -2.61313176155, 10.5845270157, -14.44282341], [-275.274841309, 172.772201538, 30.621515274, 57.5876731873, 49.2932777405, -4.77370691299, 56.2857666016, 23.474111557, 195.375137329, 40.1875686646, 42.6543159485, 5.35424947739, 61.9566879272], [125.874809265, -71.8303070068, 43.371295929, -17.8468208313, 16.2077617645, 33.8940925598, 13.2306423187, 41.2265701294, 40.1875686646, 101.674301147, 22.6876163483, 29.7951202393, -2.47465538979], [-203.738723755, 123.869895935, -26.7708587646, 23.5117454529, 48.7993087769, 0.48532757163, 56.6739654541, -2.61313176155, 42.6543159485, 22.6876163483, 118.127441406, 8.97596740723, 45.5409164429], [68.5512390137, -54.4112472534, 34.9449653625, -15.8191280365, -0.207724362612, 15.4169692993, -10.7408227921, 10.5845270157, 5.35424947739, 29.7951202393, 8.97596740723, 83.4555740356, 29.1539516449], [-158.414306641, 116.410400391, -25.1579971313, 50.0677452087, 39.7745742798, -11.5861225128, 36.36510849, -14.44282341, 61.9566879272, -2.47465538979, 45.5409164429, 29.1539516449, 105.235313416]],
        "icov": [[0.00107290269807, -0.000137758732308, 0.000610334158409, -0.000504446565174, 0.000127149512991, -0.00140899070539, 0.000750967534259, -0.00167463440448, 0.0016430481337, -0.00163152976893, 0.00158637238201, -0.000404522084864, -0.00011928773165], [-0.000137758732308, 0.00657807290554, -0.00168938294519, 0.00518251257017, -0.00355126196519, 0.00566063215956, -0.00527517218143, 0.00772416032851, -0.0054816622287, 0.00455034058541, -0.00284275668673, 0.00303360796534, -0.00178101274651], [0.000610334158409, -0.00168938294519, 0.00325840571895, -0.00189635145944, 0.000837602070533, -0.00345032289624, 0.00228859786876, -0.00225147954188, 0.00133183447178, -0.00235528196208, 0.00199266849086, -0.00210911175236, 0.00155490473844], [-0.000504446565174, 0.00518251257017, -0.00189635145944, 0.0118940519169, -0.00582996802405, 0.00408607022837, -0.00159928493667, 0.00703754322603, -0.00649822130799, 0.0057246373035, -0.00318447872996, 0.00528172077611, -0.00455725844949], [0.000127149512991, -0.00355126196519, 0.000837602070533, -0.00582996802405, 0.00993212405592, -0.00518194073811, 0.00179063680116, -0.00448061153293, 0.0029642523732, -0.00309331854805, -0.000181409210199, -0.00120674911886, 0.000130476866616], [-0.00140899070539, 0.00566063215956, -0.00345032289624, 0.00408607022837, -0.00518194073811, 0.0144501961768, -0.00707234023139, 0.00612619193271, -0.00476408237591, 0.00445288559422, -0.00346096721478, 0.00194244610611, -0.000448284263257], [0.000750967534259, -0.00527517218143, 0.00228859786876, -0.00159928493667, 0.00179063680116, -0.00707234023139, 0.012197021395, -0.00922873150557, 0.00374897080474, -0.00336630921811, 0.000669676985126, 6.17239347775e-05, -0.00125624332577], [-0.00167463440448, 0.00772416032851, -0.00225147954188, 0.00703754322603, -0.00448061153293, 0.00612619193271, -0.00922873150557, 0.0241656210274, -0.0102374460548, 0.00393222458661, -0.00372639158741, 0.00262244814076, 0.000927628483623], [0.0016430481337, -0.0054816622287, 0.00133183447178, -0.00649822130799, 0.0029642523732, -0.00476408237591, 0.00374897080474, -0.0102374460548, 0.0154021326452, -0.00981717277318, 0.00468139862642, -0.000809126126114, -0.0034987423569], [-0.00163152976893, 0.00455034058541, -0.00235528196208, 0.0057246373035, -0.00309331854805, 0.00445288559422, -0.00336630921811, 0.00393222458661, -0.00981717277318, 0.0213827528059, -0.00780458003283, -0.00258352328092, 0.00296192709357], [0.00158637238201, -0.00284275668673, 0.00199266849086, -0.00318447872996, -0.000181409210199, -0.00346096721478, 0.000669676985126, -0.00372639158741, 0.00468139862642, -0.00780458003283, 0.0160257015377, -0.00159929948859, -0.00296299136244], [-0.000404522084864, 0.00303360796534, -0.00210911175236, 0.00528172077611, -0.00120674911886, 0.00194244610611, 6.17239347775e-05, 0.00262244814076, -0.000809126126114, -0.00258352328092, -0.00159929948859, 0.0203010365367, -0.0104896398261], [-0.00011928773165, -0.00178101274651, 0.00155490473844, -0.00455725844949, 0.000130476866616, -0.000448284263257, -0.00125624332577, 0.000927628483623, -0.0034987423569, 0.00296192709357, -0.00296299136244, -0.0104896398261, 0.0206135269254]]
    },
    "melbands": {
        "max": [0.0434484519064, 0.0267034266144, 0.0207543075085, 0.00770719116554, 0.0107118599117, 0.00380312139168, 0.00340348714963, 0.00660457136109, 0.00983813032508, 0.00936984736472, 0.00475486321375, 0.00412260740995, 0.00213347445242, 0.00248753302731, 0.00288849766366, 0.0020810700953, 0.00216913805343, 0.00140892551281, 0.000667224870995, 0.00286357523873, 0.000445662095444, 0.000849995703902, 0.000395437789848, 0.000148982435348, 0.000127160572447, 0.000110769709863, 0.000176048008143, 0.000461822986836, 0.000241848756559, 9.46757863858e-05, 9.28893932723e-05, 0.000101564699435, 0.000122740035295, 6.72663154546e-05, 7.36231959308e-05, 0.000107824773295, 8.52628218126e-05, 8.8750559371e-05, 8.64785761223e-05, 7.80100963311e-05],
        "mean": [0.00869611185044, 0.00460816314444, 0.00104287115391, 0.000540788692888, 0.000516280415468, 0.000200411726837, 0.000102588928712, 0.000278605613858, 0.000354095827788, 0.000262527813902, 0.000186739227502, 0.000129180611111, 8.87429778231e-05, 0.000121200922877, 8.3154256572e-05, 6.67102649459e-05, 4.58233444078e-05, 4.52025306004e-05, 3.31341288984e-05, 5.11173602717e-05, 2.83148838207e-05, 2.6829295166e-05, 1.63789682119e-05, 1.26136164909e-05, 8.31810120872e-06, 8.91415857041e-06, 1.15439261208e-05, 2.12978575291e-05, 1.63525583048e-05, 1.12406687549e-05, 1.08180356619e-05, 1.19587475638e-05, 1.08827198346e-05, 7.58861324357e-06, 7.05006277713e-06, 5.26372605236e-06, 4.67634481538e-06, 4.36939990323e-06, 3.53429754796e-06, 2.74183344118e-06],
        "min": [1.28296235857e-07, 1.00630040833e-06, 1.27937551042e-06, 6.66572134378e-07, 8.8786833885e-07, 1.10459598091e-06, 5.60361741009e-07, 8.96033952813e-07, 1.15773491416e-06, 9.51735614763e-07, 6.18476406089e-07, 3.37098015279e-07, 3.67652575051e-07, 4.57070001403e-07, 5.20088178746e-07, 4.48619942972e-07, 2.53656367022e-07, 4.3258572191e-07, 4.57789695929e-07, 5.69272970097e-07, 5.49013805085e-07, 2.73067115586e-07, 1.87067811908e-07, 6.71497275562e-08, 1.07281927342e-07, 4.69035370543e-08, 1.56316009026e-08, 1.17787188003e-07, 1.79938581368e-07, 1.51831741846e-07, 1.33310621209e-07, 8.80868213926e-08, 7.32594003239e-08, 4.73440380233e-08, 3.07298577695e-08, 1.54641046635e-08, 5.87371262739e-09, 6.74355460362e-09, 4.66438843105e-09, 2.6743369741e-09],
        "stdev": [0.00873605627567, 0.00506175914779, 0.00217639794573, 0.000877197249793, 0.000825136376079, 0.000271151773632, 0.000167574282386, 0.000588890223298, 0.00070232572034, 0.000762355688494, 0.000393607944716, 0.000269163254416, 0.000181683833944, 0.000213558421819, 0.000177261303179, 0.000137781709782, 9.08708752831e-05, 7.55519722588e-05, 5.69176845602e-05, 0.000151294967509, 4.23870478699e-05, 6.08078444202e-05, 2.11495516851e-05, 1.68136211869e-05, 1.04612508949e-05, 1.18245479825e-05, 1.67337657331e-05, 3.65452760889e-05, 2.42751448241e-05, 1.28366791614e-05, 1.11318777272e-05, 1.24021307784e-05, 1.10190985652e-05, 8.49163643579e-06, 8.6283453129e-06, 7.47577041693e-06, 7.28729492039e-06, 7.31901855033e-06, 6.4053456299e-06, 5.09476876687e-06]
    },
    "melbands128": {
        "max": [0.00391955301166, 0.0463632754982, 0.0667704790831, 0.0498459115624, 0.0397637821734, 0.0403923802078, 0.0305230841041, 0.0281682759523, 0.0198192354292, 0.0122997248545, 0.00972433295101, 0.0217162594199, 0.0111501030624, 0.00920563098043, 0.00746764801443, 0.00210546609014, 0.00270480196923, 0.00559204630554, 0.00461731897667, 0.0057838964276, 0.0119401356205, 0.0279256775975, 0.0114410296082, 0.0122101083398, 0.0171025767922, 0.0196014139801, 0.0121251298115, 0.00448855850846, 0.0110878515989, 0.00278625707142, 0.00839016027749, 0.00674195075408, 0.00188267440535, 0.00497647421435, 0.00680164759979, 0.0029623946175, 0.00247880956158, 0.0057386374101, 0.00272990087979, 0.00497308140621, 0.00413245428354, 0.00418345537037, 0.00298360362649, 0.0030623069033, 0.00128636695445, 0.00207999162376, 0.00238647032529, 0.00155884202104, 0.000807170406915, 0.00167433719616, 0.00596136925742, 0.00214521004818, 0.000718987314031, 0.000466671568574, 0.000621259387117, 0.00157006026711, 0.00229286821559, 0.000343941879692, 0.000283440691419, 0.000326123292325, 0.000255490565905, 0.000200340771698, 0.00013153765758, 0.000191595216165, 0.000146782491356, 0.000207711433177, 0.000192781822989, 0.000539960339665, 0.000297359947581, 0.000349977752194, 0.000708131061401, 0.000690265151206, 0.000334264157573, 0.000537762127351, 0.000337136210874, 0.000192136983969, 0.000143590717926, 0.000171633611899, 0.000155886824359, 0.000115445174742, 0.000154351684614, 0.000173233638634, 0.000294636032777, 0.000139005700476, 0.000127155974042, 9.48614615481e-05, 0.000106057836092, 7.58013484301e-05, 0.000103899335954, 0.000134698173497, 0.000111505789391, 0.000116415518278, 8.23931841296e-05, 9.17192883207e-05, 0.000126531696878, 0.000106763523945, 0.000116247196274, 9.24380510696e-05, 8.28260817798e-05, 0.000109658460133, 9.85844962997e-05, 8.2517057308e-05, 7.3945207987e-05, 3.22849591612e-05, 3.69482331735e-05, 6.65930856485e-05, 3.47542445525e-05, 3.13054842991e-05, 2.5248473321e-05, 3.08679736918e-05, 1.97935114556e-05, 1.2493349459e-05, 6.84502902004e-06, 1.10090468297e-06, 1.17620061246e-06, 1.66457243722e-06, 4.85288865093e-07, 6.55674892158e-09, 6.40410036112e-09, 6.23061557903e-09, 6.0643099431e-09, 5.91008708639e-09, 5.78143000141e-09, 5.66929880819e-09, 5.58089841007e-09, 5.50941514632e-09, 5.45229994486e-09, 5.41782796404e-09],
        "mean": [0.000592666736338, 0.00796187110245, 0.013355451636, 0.00801879540086, 0.00380788673647, 0.00221877684817, 0.00121847481932, 0.000782160495874, 0.000604618689977, 0.000485715427203, 0.000496207096148, 0.00069308426464, 0.000543994712643, 0.000253897975199, 0.00024816574296, 0.00012764413259, 0.000110164721264, 9.81167322607e-05, 9.76758383331e-05, 9.75646689767e-05, 0.000466733501526, 0.000580121646635, 0.000264992559096, 0.000260970002273, 0.000208443467272, 0.000358225515811, 0.000159428294864, 0.000121253266116, 0.000290897034574, 9.86650484265e-05, 0.000114855029096, 9.22343751881e-05, 4.18296513089e-05, 0.000110039094579, 0.000193243744434, 8.55286562e-05, 6.39999561827e-05, 0.000136163260322, 4.11840701418e-05, 6.12138246652e-05, 8.42226581881e-05, 5.49352516828e-05, 3.53453106072e-05, 4.02455516451e-05, 7.17237999197e-05, 3.78155673388e-05, 2.94519759336e-05, 3.54725962097e-05, 3.47151362803e-05, 2.93754710583e-05, 7.20852258382e-05, 4.73528962175e-05, 3.638956332e-05, 1.53124965436e-05, 1.72088857653e-05, 4.00754070142e-05, 2.31248413911e-05, 1.01078067019e-05, 1.87965233636e-05, 1.86900833796e-05, 1.15787743198e-05, 9.0754865596e-06, 7.16413114787e-06, 7.92287573859e-06, 1.07073128675e-05, 8.15898692963e-06, 7.91962156654e-06, 1.06591933218e-05, 1.19565229397e-05, 1.33386356538e-05, 2.23956158152e-05, 2.74196609098e-05, 1.57238791871e-05, 1.59116243594e-05, 1.42456892718e-05, 1.12188545245e-05, 9.89444379229e-06, 1.02695130408e-05, 1.13828300528e-05, 1.06037523437e-05, 1.19104188343e-05, 1.19900187201e-05, 1.30639245981e-05, 1.10994751594e-05, 9.25775020733e-06, 7.14428051651e-06, 7.61469618737e-06, 7.0840387707e-06, 7.4931999734e-06, 6.69993460178e-06, 5.41977397006e-06, 4.86080398332e-06, 4.87852003062e-06, 4.4578600864e-06, 4.86806402478e-06, 4.57328133052e-06, 4.41922657046e-06, 3.76750267606e-06, 3.59324008059e-06, 3.3954859191e-06, 3.15335955747e-06, 2.74334615824e-06, 2.0611328182e-06, 1.94736389858e-06, 1.86586350992e-06, 1.92204015548e-06, 1.62253309099e-06, 1.45065564539e-06, 1.30232751872e-06, 1.13967939797e-06, 8.53575443216e-07, 5.84518033975e-07, 2.03674602517e-07, 1.70194738303e-08, 1.10442828216e-08, 1.02419237535e-08, 2.0538406531e-09, 1.77040136023e-11, 1.63592802499e-11, 1.5883881016e-11, 1.54605720587e-11, 1.51262474768e-11, 1.48033391101e-11, 1.45005491989e-11, 1.40872010237e-11, 1.3561055924e-11, 1.32476208822e-11, 1.3142337045e-11],
        "min": [4.85786966209e-09, 2.6825258459e-08, 6.81306815409e-08, 1.04817502233e-07, 8.12187082033e-08, 9.29666612137e-07, 1.28891349505e-06, 6.38404799247e-07, 5.23647486261e-07, 4.86798626298e-07, 3.08770573554e-08, 4.56528397308e-08, 1.83331636094e-07, 4.58473294884e-07, 2.06733659525e-07, 3.7447438217e-07, 2.15833324546e-08, 1.31597573727e-07, 9.07021586727e-08, 1.38558561957e-07, 2.1184737875e-07, 3.61322811671e-08, 1.87881397551e-07, 1.29966764462e-07, 1.87820560882e-07, 9.84347252597e-08, 1.14843153654e-07, 1.55680950797e-07, 1.12237948713e-07, 5.73797862558e-08, 1.11714712148e-07, 1.16993234656e-07, 1.07946945604e-07, 1.02113219214e-07, 5.14633740067e-08, 1.2517915593e-07, 1.18466388699e-07, 1.11943833758e-07, 9.81954570989e-08, 5.27886001578e-08, 2.22237481751e-08, 5.48653638077e-08, 4.3016690654e-08, 1.21156517707e-07, 2.1463529265e-07, 1.56039590138e-07, 3.30967679929e-08, 6.95004089835e-08, 1.57937634526e-07, 1.26355018892e-07, 1.68663660816e-07, 1.11225212152e-07, 9.6588564702e-08, 1.23595768287e-07, 7.87128726643e-08, 5.59604451666e-08, 1.09106480295e-07, 2.93610629143e-08, 1.17884418671e-07, 8.45569587682e-08, 4.09733473816e-08, 2.66302251362e-08, 1.4502038681e-08, 2.51916905114e-08, 1.59168784819e-08, 2.07870742841e-09, 4.60483073894e-09, 5.38420907858e-09, 3.74083120036e-09, 4.22448787063e-09, 1.77646608535e-08, 8.61659721352e-09, 6.785411788e-09, 6.12924750953e-08, 5.70875080541e-08, 9.67739595126e-08, 6.05174435009e-08, 6.65366357566e-08, 8.09101763366e-08, 5.96739653247e-08, 5.87754982462e-08, 8.17380438889e-08, 7.19978743291e-08, 5.05346982038e-08, 2.47014089183e-08, 2.53047272025e-08, 3.23001003721e-08, 2.74803859668e-08, 2.06846415551e-08, 1.7648122963e-08, 7.88297427334e-09, 7.28838855935e-09, 3.61955354578e-09, 6.28405860681e-09, 4.02391142629e-09, 2.04918215729e-09, 7.11148206989e-09, 7.09024949863e-10, 3.79135123296e-09, 3.01368618949e-09, 2.08595807294e-09, 3.66358776649e-10, 7.15843148646e-11, 1.11249932877e-10, 8.66052195236e-12, 2.9478433583e-10, 5.70388389298e-11, 7.96828640397e-13, 5.99965173029e-13, 6.42096239459e-13, 4.10877441012e-13, 5.59705331128e-13, 3.33136052381e-13, 4.24366867601e-13, 4.29040836062e-13, 3.36638242239e-13, 4.4281931095e-13, 3.87577556854e-13, 3.78907571551e-13, 3.53584593245e-13, 4.24429480277e-13, 4.14385756611e-13, 3.38034613322e-13, 4.00098953534e-13, 2.75489321026e-13, 1.2792784681e-13, 1.80050219119e-14, 4.87166499751e-16],
        "stdev": [0.000722103461158, 0.00947880186141, 0.0139662921429, 0.00821654777974, 0.00686112930998, 0.00526355812326, 0.0030376999639, 0.00198713131249, 0.00152420904487, 0.00107136997394, 0.00102629989851, 0.00141917914152, 0.000984169659205, 0.000464477896458, 0.000462483265437, 0.000185721830348, 0.000191523809917, 0.00021605429356, 0.000281487969914, 0.000309612049023, 0.00110776477959, 0.00160000741016, 0.000711806060281, 0.000849259260576, 0.000784654519521, 0.00142046774272, 0.000667637388688, 0.000293005985441, 0.000781320442911, 0.000220930596697, 0.000425905309385, 0.000345162523445, 0.000106800463982, 0.00036493956577, 0.00043495427235, 0.00018128726515, 0.000143884317367, 0.000344408210367, 0.000124543395941, 0.000161345276865, 0.000207379431231, 0.000201149654458, 0.000106886094727, 0.000113090551167, 0.000113748996228, 0.00010663773719, 0.000100157005363, 9.48079832597e-05, 7.3483948654e-05, 9.57914962783e-05, 0.000288798619295, 0.00013205470168, 6.41165606794e-05, 2.707441854e-05, 4.10123029724e-05, 0.000107684078102, 7.65043296269e-05, 1.93467003555e-05, 2.65587041213e-05, 2.84221569018e-05, 2.24707218877e-05, 1.54003719217e-05, 1.05801573227e-05, 1.32532113639e-05, 1.49349780258e-05, 1.49830057126e-05, 1.33573594212e-05, 2.43222511926e-05, 2.11455717363e-05, 2.50705343205e-05, 5.44548929611e-05, 5.47679883312e-05, 2.81733773591e-05, 3.36503326253e-05, 2.67999184871e-05, 1.58332895808e-05, 1.27327402879e-05, 1.28493911689e-05, 1.37918359542e-05, 1.27229868667e-05, 1.50420519276e-05, 1.49079432958e-05, 1.66911540873e-05, 1.26246923173e-05, 1.11214576464e-05, 9.08335368877e-06, 9.88998363027e-06, 8.920322216e-06, 9.92401055555e-06, 1.02769045043e-05, 8.60778163769e-06, 7.49784612708e-06, 7.11072834747e-06, 7.34248533263e-06, 9.2545787993e-06, 7.88018678577e-06, 7.90306512499e-06, 7.16252361599e-06, 6.85644499754e-06, 6.55088342683e-06, 6.37424363958e-06, 5.27614974999e-06, 4.13513862441e-06, 3.26597955791e-06, 3.16991781801e-06, 3.59558634955e-06, 2.91730589197e-06, 2.60486149273e-06, 2.16261196329e-06, 2.1284442937e-06, 1.54840392952e-06, 1.12312091005e-06, 4.70791462703e-07, 6.15725070929e-08, 4.50602186675e-08, 5.1702091497e-08, 1.33305846362e-08, 2.02620670242e-10, 1.97779431721e-10, 1.92455440473e-10, 1.87294887932e-10, 1.82527146175e-10, 1.78570325193e-10, 1.75077369269e-10, 1.72378777918e-10, 1.70161745805e-10, 1.68408800794e-10, 1.6734361119e-10]
    },
    "mfcc": {
        "mean": [-598.929931641, 96.9192352295, 19.3277225494, 22.5618743896, 2.73774886131, 22.7489719391, 3.84554958344, 9.90431880951, 11.1837654114, 5.62157154083, 3.07221126556, 6.48502111435, 2.44364142418],
        "cov": [[2539.95263672, -886.807250977, -160.346847534, -270.36605835, 56.9715080261, -38.7257118225, 165.156387329, -2.12895035744, -3.16499376297, 58.0377845764, -64.2903366089, -78.3499069214, -41.7674369812], [-886.807250977, 829.845336914, -47.2585945129, 93.2920379639, -128.408584595, 22.5020008087, -27.0767192841, 15.6261901855, 15.8818244934, -10.8422899246, 40.293056488, 32.9063987732, 32.1974182129], [-160.346847534, -47.2585945129, 402.990661621, -12.4016637802, 85.753036499, 48.6957969666, -44.3930282593, 7.12592792511, 19.6706142426, -9.21587371826, 25.599779129, 11.9303703308, -7.16842222214], [-270.36605835, 93.2920379639, -12.4016637802, 195.716903687, 58.2705307007, 18.4579429626, -32.766910553, -12.3343200684, 28.8047561646, -18.0486907959, -6.59821891785, 28.9095497131, 17.7206630707], [56.9715080261, -128.408584595, 85.753036499, 58.2705307007, 227.471557617, 59.5482063293, -5.69524288177, -2.06473040581, 21.4121398926, 3.47083616257, -3.15888094902, 22.1575527191, 15.0359888077], [-38.7257118225, 22.5020008087, 48.6957969666, 18.4579429626, 59.5482063293, 133.410964966, 27.1876296997, 26.6101818085, 34.9403266907, 13.8093519211, 14.3392438889, 15.4803924561, 12.2646131516], [165.156387329, -27.0767192841, -44.3930282593, -32.766910553, -5.69524288177, 27.1876296997, 189.462890625, 36.7225189209, -14.8697004318, 32.4878616333, 7.02181053162, -9.53762722015, 24.9407520294], [-2.12895035744, 15.6261901855, 7.12592792511, -12.3343200684, -2.06473040581, 26.6101818085, 36.7225189209, 85.8367233276, 42.1843452454, 19.7783470154, 13.0966453552, 3.64271450043, 8.71370983124], [-3.16499376297, 15.8818244934, 19.6706142426, 28.8047561646, 21.4121398926, 34.9403266907, -14.8697004318, 42.1843452454, 106.64768219, 36.9554786682, 18.5455684662, 25.0400390625, 14.5033588409], [58.0377845764, -10.8422899246, -9.21587371826, -18.0486907959, 3.47083616257, 13.8093519211, 32.4878616333, 19.7783470154, 36.9554786682, 98.2585296631, 45.9220848083, 14.9399585724, 18.023223877], [-64.2903366089, 40.293056488, 25.599779129, -6.59821891785, -3.15888094902, 14.3392438889, 7.02181053162, 13.0966453552, 18.5455684662, 45.9220848083, 80.4178848267, 29.4271526337, 7.94508552551], [-78.3499069214, 32.9063987732, 11.9303703308, 28.9095497131, 22.1575527191, 15.4803924561, -9.53762722015, 3.64271450043, 25.0400390625, 14.9399585724, 29.4271526337, 73.3626403809, 39.7965011597], [-41.7674369812, 32.1974182129, -7.16842222214, 17.7206630707, 15.0359888077, 12.2646131516, 24.9407520294, 8.71370983124, 14.5033588409, 18.023223877, 7.94508552551, 39.7965011597, 92.1825485229]],
        "icov": [[0.000828841933981, 0.000749576487578, 0.000411192479078, 0.000874056888279, -0.000133069464937, 5.54954349354e-05, -0.000554286234546, 0.000507593678776, -0.000761462142691, -3.34712567565e-05, 0.000309081806336, 0.000139128285809, 0.00013363614562], [0.000749576487578, 0.00232791039161, 0.000420556752943, -0.000278201274341, 0.00124996085651, -0.000662688340526, -0.000164489494637, 7.71425329731e-05, -0.000410386448493, 0.000448542123195, -0.000717522983905, 0.000134374728077, -0.000485077907797], [0.000411192479078, 0.000420556752943, 0.00327902054414, 0.00120014487766, -0.00121791416313, -0.000727992795873, 0.000547243980691, 7.19804447726e-05, -0.000694109359756, 0.00115322566126, -0.00145197811071, 0.000394588452764, 4.2869043682e-05], [0.000874056888279, -0.000278201274341, 0.00120014487766, 0.00826336722821, -0.00255181104876, 0.000225021343795, -0.00033250550041, 0.00233796238899, -0.00338788074441, 0.0018733588513, 0.000858971849084, -0.00136353669222, -6.53468523524e-05], [-0.000133069464937, 0.00124996085651, -0.00121791416313, -0.00255181104876, 0.00708426395431, -0.00270566670224, 0.000266003160505, 0.000251563906204, 0.00057098234538, -0.000747411395423, 0.000920443853829, -0.00118417968042, -0.000504138239194], [5.54954349354e-05, -0.000662688340526, -0.000727992795873, 0.000225021343795, -0.00270566670224, 0.0103794084862, -0.00202159560286, -0.000966854800936, -0.00266448874027, 0.000671944930218, -0.000672209891491, -0.000350615562638, 0.00035260556615], [-0.000554286234546, -0.000164489494637, 0.000547243980691, -0.00033250550041, 0.000266003160505, -0.00202159560286, 0.00812954921275, -0.00423934450373, 0.00431033317, -0.00265496131033, -1.53189157572e-05, 0.00156617013272, -0.00249430933036], [0.000507593678776, 7.71425329731e-05, 7.19804447726e-05, 0.00233796238899, 0.000251563906204, -0.000966854800936, -0.00423934450373, 0.018232986331, -0.00890915095806, 0.00182931264862, -0.00144432543311, 0.00163967465051, -0.000269048701739], [-0.000761462142691, -0.000410386448493, -0.000694109359756, -0.00338788074441, 0.00057098234538, -0.00266448874027, 0.00431033317, -0.00890915095806, 0.0181613117456, -0.00687749311328, 0.00212550582364, -0.00352587341331, 0.0001592059416], [-3.34712567565e-05, 0.000448542123195, 0.00115322566126, 0.0018733588513, -0.000747411395423, 0.000671944930218, -0.00265496131033, 0.00182931264862, -0.00687749311328, 0.0187226552516, -0.0105067836121, 0.00270080752671, -0.0027033095248], [0.000309081806336, -0.000717522983905, -0.00145197811071, 0.000858971849084, 0.000920443853829, -0.000672209891491, -1.53189157572e-05, -0.00144432543311, 0.00212550582364, -0.0105067836121, 0.022478621453, -0.00927871093154, 0.00398078514263], [0.000139128285809, 0.000134374728077, 0.000394588452764, -0.00136353669222, -0.00118417968042, -0.000350615562638, 0.00156617013272, 0.00163967465051, -0.00352587341331, 0.00270080752671, -0.00927871093154, 0.0244048647583, -0.00973954517394], [0.00013363614562, -0.000485077907797, 4.2869043682e-05, -6.53468523524e-05, -0.000504138239194, 0.00035260556615, -0.00249430933036, -0.000269048701739, 0.0001592059416, -0.0027033095248, 0.00398078514263, -0.00973954517394, 0.0161946136504]]
    },
    "spectral_contrast_coeffs": {
        "max": [-0.420007586479, -0.472700834274, -0.477974951267, -0.56755399704, -0.590367853642, -0.608149647713],
        "mean": [-0.738639056683, -0.74825823307, -0.755064129829, -0.79007679224, -0.779161036015, -0.744064033031],
        "min": [-0.898640334606, -0.928819596767, -0.916915535927, -0.907638251781, -0.888584792614, -0.845671653748],
        "stdev": [0.0740370675921, 0.0754915848374, 0.0706785693765, 0.0519381351769, 0.0508551187813, 0.0363858938217]
    },
    "spectral_contrast_valleys": {
        "max": [-5.0142660141, -5.0395526886, -5.53281784058, -5.89902734756, -5.89235115051, -7.35638809204],
        "mean": [-6.22594404221, -6.68598461151, -7.16437768936, -7.33900690079, -7.37687110901, -9.3638010025],
        "min": [-9.54530239105, -8.37012958527, -8.87581920624, -8.91266918182, -8.90962409973, -12.0723047256],
        "stdev": [0.499574422836, 0.493994414806, 0.576217234135, 0.53402453661, 0.636656105518, 0.903955221176]
    }
},
"rhythm": {
    "beats_count": 106,
    "beats_loudness": {
        "max": 0.119659915566,
        "mean": 0.0778428092599,
        "min": 0.00708261458203,
        "stdev": 0.0239218622446
    },
    "bpm": 131.762145996,
    "bpm_histogram_first_peak_bpm": 133,
    "bpm_histogram_first_peak_weight": 0.370000004768,
    "bpm_histogram_second_peak_bpm": 123,
    "bpm_histogram_second_peak_spread": 0,
    "bpm_histogram_second_peak_weight": 0.047619048506,
    "danceability": 1.24399137497,
    "onset_rate": 3.3427734375,
    "beats_loudness_band_ratio": {
        "max": [0.984951019287, 0.567955374718, 0.275878429413, 0.452454924583, 0.350203454494, 0.249164074659],
        "mean": [0.748733282089, 0.0638350844383, 0.0550634898245, 0.0522810406983, 0.0373254418373, 0.058563709259],
        "min": [0.00386031530797, 0.00156117451843, 0.00092031044187, 0.00205272273161, 0.00129759660922, 0.000703028752469],
        "stdev": [0.183618992567, 0.0945392176509, 0.0626277849078, 0.0662520602345, 0.0529419854283, 0.0597992837429]
    },
