{
"metadata": {
    "version": {
        "essentia": "2.1-beta5",
        "essentia_git_sha": "Undefined",
        "extractor": "music 2.0"
    },
    "audio_properties": {
        "analysis": {
            "equal_loudness": 0,
            "length": 48.7502937317,
            "sample_rate": 44100,
            "start_time": 61.4980506897,
            "downmix": "mix"
        },
        "bit_rate": 192000,
        "length": 194.327819824,
        "lossless": 0,
        "number_channels": 2,
        "replay_gain": -3.72325897217,
        "sample_rate": 48000,
        "codec": "mp3",
        "md5_encoded": "a18c6b55e547c120c61c5cf887f20c30"
    },
    "tags": {
        "file_name": "Albania_Identitet_Adrian Lulgjuraj _ Bledar Sejko.mp3",
        "encoding": ["Lavf58.29.100"]
    }
},
"lowlevel": {
    "average_loudness": 0.961859643459,
    "barkbands_crest": {
        "max": 23.734960556,
        "mean": 8.63658237457,
        "min": 1.9306153059,
        "stdev": 3.69819831848
    },
    "barkbands_flatness_db": {
        "max": 0.262005001307,
        "mean": 0.0899144262075,
        "min": 0.0157734714448,
        "stdev": 0.0328574776649
    },
    "barkbands_kurtosis": {
        "max": 53.7604217529,
        "mean": 1.19700014591,
        "min": -1.92403578758,
        "stdev": 3.5662009716
    },
    "barkbands_skewness": {
        "max": 6.8353228569,
        "mean": 1.07975828648,
        "min": -1.17539644241,
        "stdev": 0.859116196632
    },
    "barkbands_spread": {
        "max": 91.422744751,
        "mean": 33.5597991943,
        "min": 3.94939136505,
        "stdev": 14.0107736588
    },
    "dissonance": {
        "max": 0.500000119209,
        "mean": 0.476063609123,
        "min": 0.353805422783,
        "stdev": 0.0185352247208
    },
    "dynamic_complexity": 2.08555150032,
    "erbbands_crest": {
        "max": 30.3479347229,
        "mean": 7.8078660965,
        "min": 2.32308793068,
        "stdev": 4.06824493408
    },
    "erbbands_flatness_db": {
        "max": 0.241608992219,
        "mean": 0.124870896339,
        "min": 0.0484371744096,
        "stdev": 0.0313011966646
    },
    "erbbands_kurtosis": {
        "max": 11.2631835938,
        "mean": 0.048825006932,
        "min": -1.64773130417,
        "stdev": 1.19077515602
    },
    "erbbands_skewness": {
        "max": 3.10721874237,
        "mean": 0.0833862125874,
        "min": -2.62291550636,
        "stdev": 0.591940939426
    },
    "erbbands_spread": {
        "max": 107.314071655,
        "mean": 43.126914978,
        "min": 11.5233192444,
        "stdev": 15.5105304718
    },
    "hfc": {
        "max": 159.825897217,
        "mean": 33.7098693848,
        "min": 2.0778195858,
        "stdev": 23.726896286
    },
    "loudness_ebu128": {
        "integrated": -18.760799408,
        "loudness_range": 3.39911270142,
        "momentary": {
            "max": -16.0017566681,
            "mean": -19.0354557037,
            "min": -22.8575763702,
            "stdev": 1.5617660284
        },
        "short_term": {
            "max": -16.8685340881,
            "mean": -18.9123268127,
            "min": -21.5645809174,
            "stdev": 1.14024531841
        }
    },
    "melbands_crest": {
        "max": 28.7946605682,
        "mean": 12.870306015,
        "min": 2.94619774818,
        "stdev": 4.86862611771
    },
    "melbands_flatness_db": {
        "max": 0.336515814066,
        "mean": 0.141923770308,
        "min": 0.0293720941991,
        "stdev": 0.0460885539651
    },
    "melbands_kurtosis": {
        "max": 155.233459473,
        "mean": 8.26106834412,
        "min": -1.35596597195,
        "stdev": 12.1070175171
    },
    "melbands_skewness": {
        "max": 10.394692421,
        "mean": 2.26244091988,
        "min": -0.043276078999,
        "stdev": 1.29165863991
    },
    "melbands_spread": {
        "max": 157.021820068,
        "mean": 35.2871894836,
        "min": 2.1645283699,
        "stdev": 19.2083454132
    },
    "pitch_salience": {
        "max": 0.851917564869,
        "mean": 0.55807954073,
        "min": 0.189501345158,
        "stdev": 0.105451002717
    },
    "silence_rate_20dB": {
        "max": 1,
        "mean": 1,
        "min": 1,
        "stdev": 0
    },
    "silence_rate_30dB": {
        "max": 1,
        "mean": 1,
        "min": 1,
        "stdev": 0
    },
    "silence_rate_60dB": {
        "max": 0,
        "mean": 0,
        "min": 0,
        "stdev": 0
    },
    "spectral_centroid": {
        "max": 4290.31738281,
        "mean": 1687.74145508,
        "min": 519.532348633,
        "stdev": 534.268798828
    },
    "spectral_complexity": {
        "max": 52,
        "mean": 25.4259872437,
        "min": 1,
        "stdev": 8.75244998932
    },
    "spectral_decrease": {
        "max": -1.95258906266e-10,
        "mean": -6.90993795516e-09,
        "min": -3.61904959334e-08,
        "stdev": 4.51499770904e-09
    },
    "spectral_energy": {
        "max": 0.144549354911,
        "mean": 0.0291373040527,
        "min": 0.000996595364995,
        "stdev": 0.0181663036346
    },
    "spectral_energyband_high": {
        "max": 0.0200386717916,
        "mean": 0.00206997874193,
        "min": 5.14231505804e-05,
        "stdev": 0.00236079306342
    },
    "spectral_energyband_low": {
        "max": 0.108323708177,
        "mean": 0.0105867255479,
        "min": 3.91925423173e-05,
        "stdev": 0.0133393481374
    },
    "spectral_energyband_middle_high": {
        "max": 0.0387885384262,
        "mean": 0.00773449288681,
        "min": 0.000104801772977,
        "stdev": 0.0068679493852
    },
    "spectral_energyband_middle_low": {
        "max": 0.0474541522563,
        "mean": 0.00957665033638,
        "min": 0.000462908006739,
        "stdev": 0.00704023754224
    },
    "spectral_entropy": {
        "max": 8.94183731079,
        "mean": 7.97139453888,
        "min": 7.2105679512,
        "stdev": 0.243707925081
    },
    "spectral_flux": {
        "max": 0.323975235224,
        "mean": 0.0962761566043,
        "min": 0.026812877506,
        "stdev": 0.0460659824312
    },
    "spectral_kurtosis": {
        "max": 10.1289901733,
        "mean": 2.59990167618,
        "min": -0.620299100876,
        "stdev": 1.34104287624
    },
    "spectral_rms": {
        "max": 0.0118753425777,
        "mean": 0.00511953048408,
        "min": 0.000986046739854,
        "stdev": 0.00148893008009
    },
    "spectral_rolloff": {
        "max": 10120.6054688,
        "mean": 2218.65673828,
        "min": 86.1328125,
        "stdev": 1632.13586426
    },
    "spectral_skewness": {
        "max": 2.20050668716,
        "mean": 1.30650472641,
        "min": 0.0929447561502,
        "stdev": 0.291789770126
    },
    "spectral_spread": {
        "max": 22746052,
        "mean": 5582614,
        "min": 2880187.75,
        "stdev": 1333104.125
    },
    "spectral_strongpeak": {
        "max": 9.20715236664,
        "mean": 0.943940639496,
        "min": 0.0317970886827,
        "stdev": 1.26938712597
    },
    "zerocrossingrate": {
        "max": 0.2294921875,
        "mean": 0.0861922129989,
        "min": 0.01171875,
        "stdev": 0.0360179468989
    },
    "barkbands": {
        "max": [0.00394712435082, 0.0784478634596, 0.0439796373248, 0.0184378512204, 0.0240874141455, 0.0379250124097, 0.0265923198313, 0.0148916766047, 0.0419208370149, 0.0340596549213, 0.0177270136774, 0.0145317576826, 0.0210927929729, 0.0157382711768, 0.0218323208392, 0.0148992398754, 0.0137970326468, 0.00431503774598, 0.00830443017185, 0.00407904665917, 0.00856987200677, 0.00683530420065, 0.00658113602549, 0.0072462358512, 0.00261006201617, 0.00114749465138, 0.000376512849471],
        "mean": [0.000127293125843, 0.00402975222096, 0.00575546827167, 0.00120656844229, 0.00179394171573, 0.0013913908042, 0.00171297567431, 0.000704391626641, 0.00236857426353, 0.00119756278582, 0.000714930938557, 0.000699004915077, 0.000715179136023, 0.000776100088842, 0.000999024952762, 0.00115820707288, 0.000777575012762, 0.000444842269644, 0.000352573842974, 0.000241146379267, 0.000350852904376, 0.000594292243477, 0.000422064535087, 0.000254201033385, 0.000229226963711, 0.000103955273516, 1.61977677635e-05],
        "min": [3.20479216498e-08, 1.50677283273e-06, 2.72703118753e-06, 7.18556748325e-06, 4.15723752667e-06, 1.8219321646e-05, 4.43008320872e-06, 5.42309862794e-06, 4.4358017476e-05, 1.0746782209e-05, 6.48433888273e-06, 1.02049216366e-05, 3.90248624171e-06, 3.42192720382e-06, 6.67442100166e-06, 1.28936926558e-05, 1.21575085359e-05, 5.87383192396e-06, 6.88411637384e-06, 1.0063407899e-05, 9.09950722416e-06, 8.63772402226e-06, 4.42277041657e-06, 2.17356796384e-06, 1.95117218027e-06, 5.03535773078e-08, 8.06807606835e-11],
        "stdev": [0.000306639733026, 0.00947284512222, 0.00569335371256, 0.00156673102174, 0.0020385349635, 0.00226445193402, 0.00249296147376, 0.001049045939, 0.00404466688633, 0.00268578249961, 0.0014446566347, 0.00133910251316, 0.00158844550606, 0.00119714485481, 0.00166708370671, 0.0019517125329, 0.0011280894978, 0.000519604654983, 0.000390893314034, 0.000243428788963, 0.000486808130518, 0.000795094529167, 0.000632122100797, 0.000410504260799, 0.0003209632996, 0.00016383426555, 4.04823149438e-05]
    },
    "erbbands": {
        "max": [1.63638138771, 19.9245185852, 52.8916435242, 54.1833381653, 82.0675735474, 100.759864807, 154.581176758, 414.395172119, 424.661560059, 561.505310059, 222.071640015, 1212.19140625, 1292.81921387, 861.027282715, 813.11505127, 603.518005371, 1020.76904297, 832.25213623, 747.438110352, 1015.61651611, 952.725646973, 762.862487793, 270.622680664, 226.217895508, 331.262268066, 131.969696045, 123.279876709, 451.938446045, 264.5284729, 282.139434814, 155.929412842, 191.813156128, 85.9699935913, 40.2783660889, 17.3501663208, 7.61808919907, 1.89134371281, 0.673962414265, 0.0658493340015, 0.00250036292709],
        "mean": [0.0970066934824, 1.03513622284, 5.42012882233, 6.03911018372, 4.85650968552, 6.95442390442, 5.57436561584, 14.1523284912, 19.1762733459, 28.1073207855, 17.5736923218, 47.2380752563, 52.2507400513, 35.1169548035, 31.4488487244, 26.1533603668, 32.2100601196, 37.3771858215, 47.2644309998, 53.761932373, 66.3778610229, 44.4589309692, 27.4155197144, 16.790605545, 19.2931957245, 11.5154781342, 11.0024108887, 16.5782642365, 20.4096469879, 19.3796081543, 10.8330669403, 6.18523550034, 3.92290043831, 3.1598739624, 1.23425102234, 0.54044342041, 0.160960942507, 0.0378825999796, 0.00250709429383, 9.40063691814e-05],
        "min": [9.92772984318e-05, 0.00221410021186, 0.00489632599056, 0.0693983510137, 0.0396386161447, 0.00825211405754, 0.0638905987144, 0.244182497263, 0.44544416666, 0.290533035994, 0.467309653759, 0.907933294773, 0.771721363068, 0.493581980467, 0.552780330181, 0.652263939381, 0.223251327872, 0.114535138011, 0.365972936153, 0.462606430054, 0.760959506035, 0.765858471394, 0.42060983181, 0.31491330266, 0.328468441963, 0.460779964924, 0.474590361118, 0.261854290962, 0.365099549294, 0.228899687529, 0.109161511064, 0.0577122159302, 0.0348347723484, 0.0241443738341, 0.0105403847992, 0.00124838587362, 5.70578085899e-05, 4.69524729851e-06, 3.13387795359e-06, 5.7134348026e-06],
        "stdev": [0.226068437099, 2.35769081116, 6.07907104492, 5.58765602112, 6.24951219559, 8.57501983643, 10.1981630325, 22.7954349518, 30.9738712311, 42.1399307251, 21.4819698334, 95.3706665039, 103.340614319, 68.1331253052, 56.4126205444, 44.8700561523, 67.9607391357, 63.151676178, 67.8361129761, 87.9055099487, 113.55431366, 60.1780548096, 31.5554332733, 15.3431663513, 21.2360973358, 10.9838199615, 11.943488121, 24.7791423798, 26.9668235779, 28.5110340118, 15.9608163834, 10.5526924133, 5.80756378174, 4.40077495575, 1.82027101517, 0.824901401997, 0.2624309659, 0.0772216841578, 0.00669861864299, 0.000156415757374]
    },
    "gfcc": {
        "mean": [52.2595405579, 65.0406570435, -117.041786194, 35.2697143555, -61.5310287476, 23.608291626, -40.686126709, 12.8170309067, -19.9339675903, 2.62402391434, -26.5328330994, -0.330479472876, -16.0078887939],
        "cov": [[1411.2779541, -661.201843262, 91.0501327515, -138.641921997, 1.50257885456, 50.2366790771, -36.0482559204, 20.9074344635, 44.6156272888, 28.5945453644, -44.5389328003, 119.111946106, -57.3893051147], [-661.201843262, 753.179504395, -239.980758667, 127.247306824, 42.3790588379, -0.00895853713155, 49.9462242126, 10.589548111, 43.4376449585, -40.4436721802, 78.7968444824, -62.1229820251, 61.0975837708], [91.0501327515, -239.980758667, 490.252807617, -35.3825378418, 80.7464447021, 4.37528371811, 14.8317241669, 13.8094434738, -46.7381439209, 76.8794174194, -30.4323272705, 21.8050117493, -34.1830635071], [-138.641921997, 127.247306824, -35.3825378418, 267.107818604, -24.2266807556, 73.8226013184, 0.569040954113, -4.30891418457, 44.9684715271, -20.881401062, 28.4756393433, -6.5415687561, 34.0755691528], [1.50257885456, 42.3790588379, 80.7464447021, -24.2266807556, 200.909393311, 14.6351041794, 33.8687400818, 32.2120170593, 27.0648670197, 22.9259777069, -10.7281942368, 18.074930191, -7.97024297714], [50.2366790771, -0.00895853713155, 4.37528371811, 73.8226013184, 14.6351041794, 141.582397461, 71.0806121826, 14.2424840927, 3.88439393044, -12.9951543808, 14.4907426834, -1.65684592724, -8.59538936615], [-36.0482559204, 49.9462242126, 14.8317241669, 0.569040954113, 33.8687400818, 71.0806121826, 136.676986694, 40.0795249939, -12.0718860626, -12.894536972, 17.0501289368, -6.09188508987, -18.353313446], [20.9074344635, 10.589548111, 13.8094434738, -4.30891418457, 32.2120170593, 14.2424840927, 40.0795249939, 80.26512146, 30.6638202667, 7.82278251648, -0.672800660133, -1.55830180645, 1.83234632015], [44.6156272888, 43.4376449585, -46.7381439209, 44.9684715271, 27.0648670197, 3.88439393044, -12.0718860626, 30.6638202667, 108.117103577, 11.267906189, 0.68927115202, 14.7495622635, 16.3849658966], [28.5945453644, -40.4436721802, 76.8794174194, -20.881401062, 22.9259777069, -12.9951543808, -12.894536972, 7.82278251648, 11.267906189, 80.3470916748, 23.1156024933, 7.57473945618, -0.151873707771], [-44.5389328003, 78.7968444824, -30.4323272705, 28.4756393433, -10.7281942368, 14.4907426834, 17.0501289368, -0.672800660133, 0.68927115202, 23.1156024933, 75.2417907715, 14.0504770279, 11.0257644653], [119.111946106, -62.1229820251, 21.8050117493, -6.5415687561, 18.074930191, -1.65684592724, -6.09188508987, -1.55830180645, 14.7495622635, 7.57473945618, 14.0504770279, 68.8583068848, 8.32044410706], [-57.3893051147, 61.0975837708, -34.1830635071, 34.0755691528, -7.97024297714, -8.59538936615, -18.353313446, 1.83234632015, 16.3849658966, -0.151873707771, 11.0257644653, 8.32044410706, 64.5507125854]],
        "icov": [[0.00156626605894, 0.00131924322341, 0.000343196035828, 0.000633625721093, -9.85918886727e-05, -0.00101201853249, 0.000547774194274, -0.000352488888893, -0.000995549140498, 0.000314695906127, -0.000416356400819, -0.00132304814178, 0.000505003961734], [0.00131924322341, 0.0039531821385, 0.00105294480454, -0.000363674160326, -0.0017752017593, 0.000838193751406, -0.000889922841452, 0.000417532864958, -0.001624807599, 0.00197874102741, -0.00383998430334, 0.0024201341439, -0.0014306785306], [0.000343196035828, 0.00105294480454, 0.00377587368712, -0.00112077605445, -0.00125426333398, 0.000275282654911, -0.000760987168178, -0.000655746203847, 0.00241575413384, -0.00403915485367, 0.00234690844081, -0.00133263505995, 0.000731918669771], [0.000633625721093, -0.000363674160326, -0.00112077605445, 0.00680370489135, 0.00106337945908, -0.00458959164098, 0.00230879778974, 0.000800616573542, -0.00357478577644, 0.00281795090996, -0.00242087687366, 0.000585798523389, -0.00187165942043], [-9.85918886727e-05, -0.0017752017593, -0.00125426333398, 0.00106337945908, 0.00735933193937, -0.00117993052118, -0.000907618261408, -0.00109658786096, -0.00131727277767, -0.00222649564967, 0.00352555839345, -0.00331681105308, 0.00104613113217], [-0.00101201853249, 0.000838193751406, 0.000275282654911, -0.00458959164098, -0.00117993052118, 0.0137896072119, -0.00750239379704, 0.00148971448652, 0.000250250421232, 0.000712291977834, -0.00139803870115, 0.00211276672781, 0.000295189209282], [0.000547774194274, -0.000889922841452, -0.000760987168178, 0.00230879778974, -0.000907618261408, -0.00750239379704, 0.0155535815284, -0.00721330894157, 0.00232396926731, 0.00374393141828, -0.00375619041733, -0.000568475399632, 0.00335727422498], [-0.000352488888893, 0.000417532864958, -0.000655746203847, 0.000800616573542, -0.00109658786096, 0.00148971448652, -0.00721330894157, 0.0191452745348, -0.00658537494019, -0.000750992505345, 0.0002571696823, 0.00316707626916, -0.00279222941026], [-0.000995549140498, -0.001624807599, 0.00241575413384, -0.00357478577644, -0.00131727277767, 0.000250250421232, 0.00232396926731, -0.00658537494019, 0.0164307933301, -0.00560384010896, 0.00499869743362, -0.00437066238374, 6.32409355603e-05], [0.000314695906127, 0.00197874102741, -0.00403915485367, 0.00281795090996, -0.00222649564967, 0.000712291977834, 0.00374393141828, -0.000750992505345, -0.00560384010896, 0.0236445367336, -0.0139282150194, 0.00528225069866, -0.0011376402108], [-0.000416356400819, -0.00383998430334, 0.00234690844081, -0.00242087687366, 0.00352555839345, -0.00139803870115, -0.00375619041733, 0.0002571696823, 0.00499869743362, -0.0139282150194, 0.0266008954495, -0.0100183021277, 0.000405145576224], [-0.00132304814178, 0.0024201341439, -0.00133263505995, 0.000585798523389, -0.00331681105308, 0.00211276672781, -0.000568475399632, 0.00316707626916, -0.00437066238374, 0.00528225069866, -0.0100183021277, 0.0234244409949, -0.0050479285419], [0.000505003961734, -0.0014306785306, 0.000731918669771, -0.00187165942043, 0.00104613113217, 0.000295189209282, 0.00335727422498, -0.00279222941026, 6.32409355603e-05, -0.0011376402108, 0.000405145576224, -0.0050479285419, 0.0204354599118]]
    },
    "melbands": {
        "max": [0.0183169879019, 0.0256390627474, 0.00942306499928, 0.00560037931427, 0.00592508539557, 0.00844843778759, 0.00612586131319, 0.00510181020945, 0.00226537976414, 0.00816440861672, 0.00645800167695, 0.00364613602869, 0.0025302215945, 0.00215870840475, 0.00272893626243, 0.00181812967639, 0.00187505083159, 0.00129684573039, 0.00233443523757, 0.00142634776421, 0.00126365444157, 0.00111973122694, 0.000478423724417, 0.000213452061871, 0.00018466131587, 0.000421456905315, 0.000260859233094, 8.09730772744e-05, 5.62589484616e-05, 0.000174523040187, 0.000308067334117, 0.000150733612827, 0.000184342614375, 0.000192432504264, 0.000101532110421, 0.000128725645482, 0.000116006791359, 7.38385351724e-05, 3.78793447453e-05, 4.12135887018e-05],
        "mean": [0.000993953435682, 0.00230119843036, 0.00103159993887, 0.000415835442254, 0.000223314331379, 0.000303657085169, 0.000314163888106, 0.000276488397503, 0.000150928564835, 0.000329577946104, 0.00025890400866, 0.000141148571856, 0.000108468957478, 8.2608035882e-05, 6.90339729772e-05, 7.04738122295e-05, 6.68150896672e-05, 7.42177653592e-05, 7.53663407522e-05, 6.82548634359e-05, 7.81434209784e-05, 4.39859250037e-05, 3.64112020179e-05, 1.97703393496e-05, 1.20032809718e-05, 1.58255988936e-05, 1.09149168566e-05, 6.61298054183e-06, 6.0627298808e-06, 8.16944520921e-06, 1.00723427749e-05, 1.13421374408e-05, 1.20425520436e-05, 1.00748466139e-05, 6.47107663099e-06, 4.65599350719e-06, 3.39902385349e-06, 2.62236289927e-06, 2.81021334558e-06, 2.64543655248e-06],
        "min": [4.10788260297e-07, 2.09872814594e-06, 1.22350784295e-05, 1.28433475766e-06, 1.73245177848e-06, 6.19776938038e-06, 4.51196956419e-06, 2.4317032512e-06, 3.31669662046e-06, 4.65421089757e-06, 3.48524099536e-06, 1.95133225134e-06, 1.72252271113e-06, 1.1228889889e-06, 8.05496597422e-07, 2.04375581347e-07, 2.06032595429e-07, 5.78303627208e-07, 5.31782916369e-07, 7.5195981708e-07, 9.64272771853e-07, 7.31457191705e-07, 3.49811330125e-07, 2.94310126492e-07, 2.53165893582e-07, 2.57937955439e-07, 3.23340202613e-07, 2.65808239419e-07, 1.88793521261e-07, 2.02398283022e-07, 1.44976425531e-07, 1.81509435038e-07, 1.21635650885e-07, 9.38176540899e-08, 5.20107619195e-08, 4.98277650252e-08, 2.70830700089e-08, 2.19340510199e-08, 1.7430483723e-08, 1.82265491588e-08],
        "stdev": [0.00231120293029, 0.00289402296767, 0.000906665343791, 0.000468130572699, 0.000344986794516, 0.000481945753563, 0.000473801250337, 0.000402806559578, 0.000214290921576, 0.000634757103398, 0.000519271823578, 0.00029147893656, 0.000205373915378, 0.000177268419066, 0.000163727076142, 0.000138097355375, 0.000119476062537, 0.000114443384518, 0.000144983278005, 0.000115123031719, 0.000144184130477, 6.83793914504e-05, 5.05326279381e-05, 2.32550228247e-05, 1.20969934869e-05, 1.86909073818e-05, 1.30800881379e-05, 6.54454061078e-06, 6.0303632381e-06, 1.18105890579e-05, 1.5774707208e-05, 1.52309303303e-05, 1.73880907823e-05, 1.590139982e-05, 9.96807921183e-06, 7.66087214288e-06, 6.19247339273e-06, 4.36180835095e-06, 3.83073165722e-06, 3.84468148695e-06]
    },
    "melbands128": {
        "max": [0.0037839168217, 0.0132667161524, 0.0279606226832, 0.0371122322977, 0.0336643978953, 0.0208593029529, 0.0113482754678, 0.0101155526936, 0.0101243108511, 0.00731680169702, 0.00685289083049, 0.00901162903756, 0.00646515842527, 0.00875819474459, 0.0132589852437, 0.01036949642, 0.00785050261766, 0.00961893517524, 0.00853046122938, 0.00908288080245, 0.0052316323854, 0.00424820603803, 0.00237206602469, 0.0067874500528, 0.011400599964, 0.0136510189623, 0.0131228109822, 0.0130467219278, 0.00944549031556, 0.00520637771115, 0.00500777503476, 0.00442213565111, 0.00504181766883, 0.00585931492969, 0.00473252730444, 0.0041108741425, 0.00367338140495, 0.00487444922328, 0.00618995027617, 0.0027269537095, 0.00396258244291, 0.0045908158645, 0.00244815112092, 0.00269765057601, 0.00268644327298, 0.00285246735439, 0.00338453077711, 0.00296584027819, 0.00364167336375, 0.00270039774477, 0.00230803829618, 0.00262994132936, 0.00267368950881, 0.00272278627381, 0.00147448026109, 0.00192994764075, 0.00101641810033, 0.00134841364343, 0.000671993766446, 0.000405149447033, 0.000438194489107, 0.000577068887651, 0.000146212274558, 0.000183323601959, 0.000653786351904, 0.000567717594095, 0.00057267723605, 0.000336490600603, 0.000527402502485, 0.000173099790118, 8.74354373082e-05, 0.000156605718075, 6.26138935331e-05, 9.58877790254e-05, 0.000113297537609, 0.000210842088563, 0.000183508222108, 0.000344705156749, 0.000479479378555, 0.000224945906666, 0.000164092663908, 0.000282521825284, 0.000154492212459, 0.000276234466583, 0.000310445786454, 0.00024777391809, 0.000274102349067, 0.000199708185392, 0.000119297510537, 0.000124887112179, 0.000109991458885, 0.000129698673845, 0.000173718013684, 0.000172256462974, 7.44986537029e-05, 0.000100171448139, 9.50032190303e-05, 4.8841618991e-05, 5.58714782528e-05, 4.62065945612e-05, 5.78605067858e-05, 6.30452632322e-05, 4.7506437113e-05, 4.70464510727e-05, 2.70158579951e-05, 7.15082023817e-06, 1.94974581973e-05, 3.40370534104e-05, 1.66834724951e-05, 1.64914144989e-05, 9.67870619206e-06, 7.66569792177e-06, 6.77681055095e-06, 7.96914537204e-06, 6.58535236653e-06, 8.00847828941e-06, 7.05107504473e-06, 3.42456655744e-06, 3.04600757772e-06, 3.08643166136e-06, 2.58017121268e-06, 2.4052428671e-06, 1.22160884075e-06, 6.27885583526e-08, 1.53866928088e-08, 1.51244972102e-08, 1.49308014841e-08, 1.48134402522e-08],
        "mean": [0.000116114737466, 0.000666266656481, 0.0013164911652, 0.00170863990206, 0.00256166537292, 0.00287254271097, 0.00125940516591, 0.000555820995942, 0.000470754923299, 0.000400040240493, 0.000429645820986, 0.000249311182415, 0.000135170295835, 0.000227308220929, 0.000328193476889, 0.000358347635483, 0.000256615807302, 0.000310837087454, 0.000348294299329, 0.000402607140131, 0.000163110686117, 0.000139434225275, 0.000100249475508, 0.000220161848119, 0.000302384985844, 0.000356815406121, 0.000466448953375, 0.000196433349629, 0.000151299143909, 0.000170610815985, 0.000123044868815, 0.000108202162664, 0.000135491573019, 6.7141110776e-05, 0.000117571245937, 7.78300745878e-05, 4.3304891733e-05, 7.07728904672e-05, 8.75860860106e-05, 6.4453080995e-05, 5.44472350157e-05, 0.000100256969745, 6.44826795906e-05, 4.69138904009e-05, 7.57082016207e-05, 8.37975967443e-05, 6.54977484373e-05, 8.19043634692e-05, 7.12678811396e-05, 7.80640330049e-05, 5.52046658413e-05, 6.75658375258e-05, 0.000112884008558, 6.66286941851e-05, 4.00020981033e-05, 4.03776139137e-05, 4.68536563858e-05, 5.1374470786e-05, 2.83934314211e-05, 1.61960069818e-05, 2.19637240662e-05, 2.09485024243e-05, 1.11085273602e-05, 8.23262507765e-06, 1.46223528645e-05, 1.76731482497e-05, 1.62913966051e-05, 1.17863401101e-05, 9.83505378827e-06, 9.50159937929e-06, 6.50830224913e-06, 5.25507402926e-06, 5.34984064871e-06, 6.06468438491e-06, 7.10300810169e-06, 7.30293686502e-06, 9.24502637645e-06, 9.54210554482e-06, 1.01799269032e-05, 1.05585431811e-05, 1.10717273856e-05, 1.15540033221e-05, 1.21289676827e-05, 1.16860128401e-05, 1.26129307318e-05, 1.18134194054e-05, 8.8455462901e-06, 7.2765733421e-06, 6.62536649543e-06, 5.75661715629e-06, 4.77777030028e-06, 4.6859458962e-06, 3.82721691494e-06, 3.58136071554e-06, 2.90417892757e-06, 2.61691798187e-06, 2.61279387814e-06, 2.49609433922e-06, 2.83465783468e-06, 3.04622403746e-06, 2.67589962277e-06, 2.92233130494e-06, 2.03283138944e-06, 2.17903357225e-06, 1.22814503811e-06, 5.48652678845e-07, 1.14088197734e-06, 1.19743560845e-06, 9.3312030458e-07, 8.41132646201e-07, 6.10189033523e-07, 5.54840937639e-07, 4.52112914218e-07, 4.50704050081e-07, 4.0224998088e-07, 3.52659554892e-07, 3.41493688438e-07, 1.37530165034e-07, 1.15552225566e-07, 8.40752463205e-08, 2.91564390409e-08, 1.75691230453e-08, 8.81183037649e-09, 2.47124626318e-10, 1.86747058789e-11, 1.81911187502e-11, 1.78757217362e-11, 1.7727076751e-11],
        "min": [4.27723367835e-09, 9.31864718723e-08, 8.78829595763e-08, 9.14524434847e-07, 1.57587237481e-06, 1.31145930027e-06, 3.04959621644e-06, 3.57874478141e-06, 2.8158101486e-06, 4.88519731334e-07, 1.69906570591e-07, 4.65811837103e-07, 4.87893544232e-07, 9.79648689281e-07, 3.22303890243e-07, 4.07594257013e-07, 1.92685797629e-06, 2.0064565831e-07, 7.30129272597e-07, 5.49286994556e-07, 5.5819583622e-07, 2.3911968583e-07, 6.03183636372e-08, 8.90086425898e-07, 9.71194594968e-07, 8.94144818631e-07, 2.46124386649e-07, 1.04038599602e-06, 9.04108389932e-07, 3.90351885926e-07, 1.194738104e-07, 1.91740568312e-07, 2.08112282962e-07, 4.85996736188e-07, 2.09061369105e-07, 5.43792452845e-07, 3.29104835828e-07, 1.74460012659e-07, 1.44066561347e-07, 1.62522880487e-07, 1.81846090186e-07, 6.37286277083e-08, 1.60323324394e-07, 2.33630828461e-07, 1.18190840226e-07, 6.5384182335e-07, 2.56042426372e-07, 2.28063896657e-07, 2.88766386802e-07, 4.59789646357e-07, 3.31166006617e-07, 6.07993683843e-07, 6.83487485276e-07, 3.53043645873e-07, 2.13677878946e-07, 3.310912291e-07, 3.5639763496e-07, 1.85493760796e-07, 2.12461600313e-07, 1.28009546074e-07, 2.79264412484e-07, 3.78203033335e-08, 6.25269436227e-08, 1.64362788269e-07, 1.12512417161e-07, 2.55303262975e-07, 6.90713051199e-08, 9.69550626451e-08, 1.99199405415e-07, 1.41293398315e-07, 3.62289505063e-08, 4.85178972554e-08, 1.13656874134e-07, 1.49262902482e-07, 1.05009547724e-07, 1.53486098498e-07, 7.77134729901e-08, 7.96571697492e-08, 1.40548706895e-07, 8.95238017051e-08, 1.19233021678e-07, 8.45071639333e-08, 8.74923244965e-08, 9.32834112177e-08, 6.23779996545e-08, 7.20500992202e-08, 7.78489734898e-08, 4.07368858646e-08, 3.68949706342e-08, 5.27007557594e-08, 3.15993595734e-08, 2.35612791499e-08, 2.21729461458e-08, 1.93590263819e-08, 1.66997455864e-08, 1.36735787137e-08, 2.1768283176e-08, 1.07403552718e-08, 1.50284780176e-08, 1.97440641614e-08, 1.53334660524e-08, 1.42296485706e-08, 1.07085966761e-08, 1.3504660501e-08, 6.93108948013e-09, 1.06181197168e-09, 5.96380889117e-10, 1.19242582475e-09, 2.27040358736e-10, 4.84667195266e-10, 2.70374955064e-12, 1.32934407839e-12, 1.34748820175e-12, 1.19022239981e-12, 9.47386049818e-13, 5.48510076335e-13, 3.56212590891e-13, 2.9462291439e-13, 2.04858834974e-13, 2.16399191318e-13, 1.98899327997e-13, 1.91534098694e-13, 1.95028414533e-13, 2.21361056113e-13, 1.5002493063e-13, 6.57033089502e-14, 7.25455767236e-15, 2.43269027122e-16],
        "stdev": [0.000290241005132, 0.00166225479916, 0.00340463640168, 0.004300089553, 0.00358691019937, 0.00275424146093, 0.00124969892204, 0.000826482137199, 0.000716306443792, 0.000571796845179, 0.000586592708714, 0.000446499761892, 0.000360359204933, 0.000548333628103, 0.000627054832876, 0.000630309805274, 0.000539280823432, 0.000667187094223, 0.000633253948763, 0.000733735389076, 0.000295024598017, 0.000289157498628, 0.000163968652487, 0.000485253287479, 0.000935960910283, 0.000961709243711, 0.00100996054243, 0.000706354971044, 0.000532156380359, 0.000398979056627, 0.000365587562555, 0.000263607129455, 0.000323286250932, 0.000227414027904, 0.000317117461236, 0.000223012335482, 0.000133054563776, 0.000211906211916, 0.00031777008553, 0.000193240484805, 0.000172232612385, 0.000262615358224, 0.000164541954291, 0.000119373231428, 0.000150480918819, 0.000183411379112, 0.000159301853273, 0.000221060981858, 0.00019425615028, 0.00018402528076, 0.00014549815387, 0.000176897636265, 0.000256859697402, 0.000186709163245, 0.000103972342913, 9.46566651692e-05, 8.79747967701e-05, 9.68724270933e-05, 5.45670263818e-05, 3.09383794956e-05, 3.58031429641e-05, 3.03662709484e-05, 1.2763279301e-05, 1.22682486108e-05, 2.73450041277e-05, 2.41423731495e-05, 2.8079659387e-05, 1.90394475794e-05, 1.96539640456e-05, 1.32994427986e-05, 7.47705007598e-06, 6.76956278767e-06, 5.53142581339e-06, 6.84601582179e-06, 9.97340248432e-06, 1.1616588381e-05, 1.45805361171e-05, 1.78093760042e-05, 1.88123613043e-05, 1.69974209712e-05, 1.67525704455e-05, 1.83150186785e-05, 1.78280879481e-05, 1.9916709789e-05, 2.13858893403e-05, 2.00028171093e-05, 1.65666351677e-05, 1.36794124046e-05, 1.1207526768e-05, 9.41902544582e-06, 8.13519545773e-06, 8.41908877192e-06, 8.00087764219e-06, 7.31944419385e-06, 5.01660542795e-06, 5.43843952983e-06, 4.67295149065e-06, 3.74949399884e-06, 4.20840979132e-06, 4.57084979644e-06, 4.37329708802e-06, 4.53798065791e-06, 3.23610561281e-06, 3.68016753782e-06, 2.03736567528e-06, 8.67365997692e-07, 1.94960239241e-06, 2.02721435016e-06, 1.49382412928e-06, 1.35106881771e-06, 1.01296893718e-06, 9.2204078328e-07, 7.892957683e-07, 8.21052026367e-07, 7.56695953896e-07, 7.45949762404e-07, 7.91409263456e-07, 3.69313795545e-07, 3.41278990845e-07, 2.79173917761e-07, 1.47576045606e-07, 1.01980553779e-07, 5.4962143281e-08, 2.26920748858e-09, 4.74415173812e-10, 4.66298943902e-10, 4.60345789266e-10, 4.56726795273e-10]
    },
    "mfcc": {
        "mean": [-588.43737793, 94.4911193848, 3.02245354652, 15.0052042007, 4.75864362717, 8.69901752472, -6.80280208588, 7.23223018646, 6.41381597519, 2.15565776825, 2.13318562508, -4.96481466293, -0.818686902523],
        "cov": [[1363.53344727, -474.658050537, -66.7386550903, -147.408172607, -10.3547830582, 9.26580524445, -110.703399658, 71.0586395264, 2.94901633263, -27.9232883453, 27.2389259338, 7.97586297989, 11.9804124832], [-474.658050537, 518.87109375, -134.424758911, 49.7285919189, 26.3695373535, -25.1550102234, 47.6562995911, -7.08972787857, 8.42092609406, 24.8401489258, 12.7674150467, 10.2433271408, 8.34108638763], [-66.7386550903, -134.424758911, 315.709350586, 35.0224761963, 10.3203191757, 35.9705963135, 47.7495193481, -28.3904933929, 0.0833584144711, -1.4196023941, 3.53805541992, 14.7556877136, -0.688744544983], [-147.408172607, 49.7285919189, 35.0224761963, 132.815322876, 46.4719352722, 22.8787879944, -6.38959026337, 7.60317850113, 11.5281591415, 7.16052961349, -2.24033093452, 14.7999286652, 13.9552164078], [-10.3547830582, 26.3695373535, 10.3203191757, 46.4719352722, 132.511444092, 26.1159915924, -19.744934082, -0.313996493816, 35.3439216614, 6.59671592712, 4.01127195358, 18.6376590729, 13.9408340454], [9.26580524445, -25.1550102234, 35.9705963135, 22.8787879944, 26.1159915924, 110.429260254, 34.9271774292, 39.1680450439, 1.02884566784, 5.32779693604, 19.1969146729, 2.64874577522, 2.96761536598], [-110.703399658, 47.6562995911, 47.7495193481, -6.38959026337, -19.744934082, 34.9271774292, 161.953460693, 26.6503162384, -3.12873411179, 19.3392009735, 20.8193759918, 8.99260425568, -4.69566488266], [71.0586395264, -7.08972787857, -28.3904933929, 7.60317850113, -0.313996493816, 39.1680450439, 26.6503162384, 128.890472412, 28.0043582916, 7.25166988373, 22.1410827637, 1.89488780499, 1.77235841751], [2.94901633263, 8.42092609406, 0.0833584144711, 11.5281591415, 35.3439216614, 1.02884566784, -3.12873411179, 28.0043582916, 82.1460571289, 28.7270374298, 3.7572581768, 7.01615953445, 2.14159679413], [-27.9232883453, 24.8401489258, -1.4196023941, 7.16052961349, 6.59671592712, 5.32779693604, 19.3392009735, 7.25166988373, 28.7270374298, 64.1453170776, 17.3862628937, 8.53608226776, 0.642525315285], [27.2389259338, 12.7674150467, 3.53805541992, -2.24033093452, 4.01127195358, 19.1969146729, 20.8193759918, 22.1410827637, 3.7572581768, 17.3862628937, 62.1815757751, 18.5549221039, 6.16177034378], [7.97586297989, 10.2433271408, 14.7556877136, 14.7999286652, 18.6376590729, 2.64874577522, 8.99260425568, 1.89488780499, 7.01615953445, 8.53608226776, 18.5549221039, 58.9472961426, 25.2227153778], [11.9804124832, 8.34108638763, -0.688744544983, 13.9552164078, 13.9408340454, 2.96761536598, -4.69566488266, 1.77235841751, 2.14159679413, 0.642525315285, 6.16177034378, 25.2227153778, 62.0811653137]],
        "icov": [[0.00149631709792, 0.00140475633088, 0.000662641890813, 0.00125392980408, -0.000487656216137, 3.2318461308e-05, 0.000615910394117, -0.000716072216164, 0.000142908946145, 0.000130205196911, -0.000724833807908, -0.000525776704308, -0.000297746155411], [0.00140475633088, 0.00405431212857, 0.002181972377, -0.00035770694376, -0.000962808029726, 0.000938861630857, -0.00102580431849, 0.00010652468336, 6.97418363416e-05, -0.000174162822077, -0.00132253183983, -0.000354494928615, -0.000345816428307], [0.000662641890813, 0.002181972377, 0.00498286308721, -0.00131454446819, -6.4855274104e-05, -0.000869225652423, -0.00179248536006, 0.00185858458281, -0.000918554840609, 0.000862377462909, -0.000770706334151, -0.00101854163222, 0.000310287083266], [0.00125392980408, -0.00035770694376, -0.00131454446819, 0.0112403100356, -0.00294450251386, -0.00148946919944, 0.00211260421202, -0.00203924672678, 0.00101407431066, -0.00121985864826, 0.00160566950217, -0.00177619187161, -0.00124487455469], [-0.000487656216137, -0.000962808029726, -6.4855274104e-05, -0.00294450251386, 0.0113392816857, -0.00343855726533, 0.00141592894215, 0.00229655439034, -0.00542123708874, 0.00166630651802, -0.000119695600006, -0.00211205985397, -0.000416031951318], [3.2318461308e-05, 0.000938861630857, -0.000869225652423, -0.00148946919944, -0.00343855726533, 0.0131532615051, -0.00237456685863, -0.00374836660922, 0.00278555299155, -0.000652013462968, -0.00250203721225, 0.00214552693069, -0.000449104729341], [0.000615910394117, -0.00102580431849, -0.00179248536006, 0.00211260421202, 0.00141592894215, -0.00237456685863, 0.0090042790398, -0.00207193894312, 0.00117211893667, -0.00220496533439, -0.000568516959902, -0.00159573985729, 0.000747093290556], [-0.000716072216164, 0.00010652468336, 0.00185858458281, -0.00203924672678, 0.00229655439034, -0.00374836660922, -0.00207193894312, 0.0118283815682, -0.00554350949824, 0.00246454798616, -0.00297446572222, 0.000778110930696, -8.32228688523e-05], [0.000142908946145, 6.97418363416e-05, -0.000918554840609, 0.00101407431066, -0.00542123708874, 0.00278555299155, 0.00117211893667, -0.00554350949824, 0.0192136391997, -0.0087124556303, 0.00244894390926, -0.00044397910824, 0.000420733267674], [0.000130205196911, -0.000174162822077, 0.000862377462909, -0.00121985864826, 0.00166630651802, -0.000652013462968, -0.00220496533439, 0.00246454798616, -0.0087124556303, 0.0216306056827, -0.00551488669589, -0.000770067854319, 0.000638817728031], [-0.000724833807908, -0.00132253183983, -0.000770706334151, 0.00160566950217, -0.000119695600006, -0.00250203721225, -0.000568516959902, -0.00297446572222, 0.00244894390926, -0.00551488669589, 0.0219880342484, -0.0061449049972, 0.000423278775997], [-0.000525776704308, -0.000354494928615, -0.00101854163222, -0.00177619187161, -0.00211205985397, 0.00214552693069, -0.00159573985729, 0.000778110930696, -0.00044397910824, -0.000770067854319, -0.0061449049972, 0.0243146754801, -0.00847965572029], [-0.000297746155411, -0.000345816428307, 0.000310287083266, -0.00124487455469, -0.000416031951318, -0.000449104729341, 0.000747093290556, -8.32228688523e-05, 0.000420733267674, 0.000638817728031, 0.000423278775997, -0.00847965572029, 0.0200509503484]]
    },
    "spectral_contrast_coeffs": {
        "max": [-0.452372133732, -0.531307697296, -0.488819181919, -0.607989966869, -0.644116938114, -0.646569490433],
        "mean": [-0.698679625988, -0.765885770321, -0.760825812817, -0.781543433666, -0.789539933205, -0.755744993687],
        "min": [-0.877660393715, -0.90573143959, -0.945635139942, -0.892691612244, -0.881722092628, -0.851980209351],
        "stdev": [0.0561436489224, 0.0610733777285, 0.0610018931329, 0.0493934936821, 0.0353554338217, 0.0325791165233]
    },
    "spectral_contrast_valleys": {
        "max": [-4.92742443085, -4.81355810165, -5.14758729935, -5.631772995, -5.66129684448, -7.61648988724],
        "mean": [-6.61250019073, -6.36051797867, -6.90403604507, -6.99304819107, -7.07291173935, -9.24165725708],
        "min": [-8.66579151154, -8.06568050385, -8.78293514252, -8.72456169128, -8.57610225677, -11.0922212601],
        "stdev": [0.466386348009, 0.447040081024, 0.442203968763, 0.448264837265, 0.426757067442, 0.629390776157]
    }
},
"rhythm": {
    "beats_count": 84,
    "beats_loudness": {
        "max": 0.112829878926,
        "mean": 0.0423977486789,
        "min": 0.00617959955707,
        "stdev": 0.0198208317161
    },
    "bpm": 104.988723755,
    "bpm_histogram_first_peak_bpm": 105,
    "bpm_histogram_first_peak_weight": 0.384615421295,
    "bpm_histogram_second_peak_bpm": 99,
    "bpm_histogram_second_peak_spread": 0,
    "bpm_histogram_second_peak_weight": 0.0602409616113,
    "danceability": 1.17163968086,
    "onset_rate": 3.9375,
    "beats_loudness_band_ratio": {
        "max": [0.890613913536, 0.423511385918, 0.448789775372, 0.615190625191, 0.426231324673, 0.491171568632],
        "mean": [0.466288626194, 0.094150647521, 0.157878369093, 0.127811595798, 0.112515993416, 0.0665020048618],
        "min": [0.062635153532, 0.00313012511469, 0.0279252789915, 0.00879885442555, 0.0183729380369, 0.0148433418944],
        "stdev": [0.236046254635, 0.0835007578135, 0.106525316834, 0.131398499012, 0.0870615616441, 0.0609148852527]
    },
