{
"metadata": {
    "version": {
        "essentia": "2.1-beta5",
        "essentia_git_sha": "Undefined",
        "extractor": "music 2.0"
    },
    "audio_properties": {
        "analysis": {
            "equal_loudness": 0,
            "length": 32.4963264465,
            "sample_rate": 44100,
            "start_time": 45.2440834045,
            "downmix": "mix"
        },
        "bit_rate": 192000,
        "length": 178.805267334,
        "lossless": 0,
        "number_channels": 2,
        "replay_gain": -1.45983695984,
        "sample_rate": 48000,
        "codec": "mp3",
        "md5_encoded": "ea172fc3328ce952e53e036d6ab47fe4"
    },
    "tags": {
        "file_name": "San Marino_Crisalide (Vola)_Valentina Monetta.mp3",
        "encoding": ["Lavf58.29.100"]
    }
},
"lowlevel": {
    "average_loudness": 0.953283131123,
    "barkbands_crest": {
        "max": 22.6621665955,
        "mean": 9.98345851898,
        "min": 3.30971288681,
        "stdev": 3.46020269394
    },
    "barkbands_flatness_db": {
        "max": 0.277951717377,
        "mean": 0.130363374949,
        "min": 0.0343957431614,
        "stdev": 0.0380654744804
    },
    "barkbands_kurtosis": {
        "max": 71.6303405762,
        "mean": 2.74677443504,
        "min": -1.92491352558,
        "stdev": 6.02645587921
    },
    "barkbands_skewness": {
        "max": 7.59003543854,
        "mean": 1.14635634422,
        "min": -1.49701023102,
        "stdev": 1.15908277035
    },
    "barkbands_spread": {
        "max": 108.015434265,
        "mean": 23.7418079376,
        "min": 2.32862329483,
        "stdev": 14.9131584167
    },
    "dissonance": {
        "max": 0.49997857213,
        "mean": 0.460915058851,
        "min": 0.340884238482,
        "stdev": 0.0286898091435
    },
    "dynamic_complexity": 2.99727511406,
    "erbbands_crest": {
        "max": 30.5674991608,
        "mean": 10.1894569397,
        "min": 2.48682236671,
        "stdev": 5.26294183731
    },
    "erbbands_flatness_db": {
        "max": 0.289505213499,
        "mean": 0.157479450107,
        "min": 0.0521213524044,
        "stdev": 0.0495669953525
    },
    "erbbands_kurtosis": {
        "max": 22.734621048,
        "mean": 0.92962038517,
        "min": -1.85280120373,
        "stdev": 2.6705493927
    },
    "erbbands_skewness": {
        "max": 3.76964092255,
        "mean": 0.23218087852,
        "min": -2.2753932476,
        "stdev": 0.784983873367
    },
    "erbbands_spread": {
        "max": 114.681900024,
        "mean": 33.959690094,
        "min": 4.83896684647,
        "stdev": 18.1786022186
    },
    "hfc": {
        "max": 100.573188782,
        "mean": 19.9089736938,
        "min": 0.168529167771,
        "stdev": 18.0626544952
    },
    "loudness_ebu128": {
        "integrated": -22.2562866211,
        "loudness_range": 2.86911392212,
        "momentary": {
            "max": -18.506187439,
            "mean": -22.7268276215,
            "min": -28.0793781281,
            "stdev": 2.08015990257
        },
        "short_term": {
            "max": -20.3113002777,
            "mean": -22.2976493835,
            "min": -24.1480884552,
            "stdev": 0.950417459011
        }
    },
    "melbands_crest": {
        "max": 27.5804595947,
        "mean": 13.1167764664,
        "min": 4.8714222908,
        "stdev": 4.23446655273
    },
    "melbands_flatness_db": {
        "max": 0.39444860816,
        "mean": 0.203145608306,
        "min": 0.0838600248098,
        "stdev": 0.0428253225982
    },
    "melbands_kurtosis": {
        "max": 183.104858398,
        "mean": 8.80738258362,
        "min": -1.65640974045,
        "stdev": 15.1145687103
    },
    "melbands_skewness": {
        "max": 10.9349842072,
        "mean": 2.04781413078,
        "min": -0.931479454041,
        "stdev": 1.57373654842
    },
    "melbands_spread": {
        "max": 137.03276062,
        "mean": 25.8306064606,
        "min": 1.50501942635,
        "stdev": 15.8849897385
    },
    "pitch_salience": {
        "max": 0.817388892174,
        "mean": 0.530948400497,
        "min": 0.192386031151,
        "stdev": 0.095684684813
    },
    "silence_rate_20dB": {
        "max": 1,
        "mean": 1,
        "min": 1,
        "stdev": 0
    },
    "silence_rate_30dB": {
        "max": 1,
        "mean": 0.998572468758,
        "min": 0,
        "stdev": 0.0377559624612
    },
    "silence_rate_60dB": {
        "max": 1,
        "mean": 0.00142755173147,
        "min": 0,
        "stdev": 0.0377558432519
    },
    "spectral_centroid": {
        "max": 4309.30175781,
        "mean": 1365.77575684,
        "min": 249.116088867,
        "stdev": 527.078613281
    },
    "spectral_complexity": {
        "max": 37,
        "mean": 16.2169876099,
        "min": 1,
        "stdev": 4.85316419601
    },
    "spectral_decrease": {
        "max": -9.77760858389e-11,
        "mean": -5.81265968691e-09,
        "min": -4.14461780451e-08,
        "stdev": 4.42544534351e-09
    },
    "spectral_energy": {
        "max": 0.161109209061,
        "mean": 0.0237441454083,
        "min": 0.000384317216231,
        "stdev": 0.0177315603942
    },
    "spectral_energyband_high": {
        "max": 0.0104252360761,
        "mean": 0.000460946146632,
        "min": 8.19037450128e-06,
        "stdev": 0.00099812366534
    },
    "spectral_energyband_low": {
        "max": 0.126003980637,
        "mean": 0.00781893264502,
        "min": 0.000151218249812,
        "stdev": 0.0114674391225
    },
    "spectral_energyband_middle_high": {
        "max": 0.0747115537524,
        "mean": 0.00718736182898,
        "min": 1.71537249116e-05,
        "stdev": 0.00961550790817
    },
    "spectral_energyband_middle_low": {
        "max": 0.0560351498425,
        "mean": 0.00885241758078,
        "min": 6.51423106319e-05,
        "stdev": 0.00791815947741
    },
    "spectral_entropy": {
        "max": 8.83360290527,
        "mean": 7.46977519989,
        "min": 5.94425678253,
        "stdev": 0.404959440231
    },
    "spectral_flux": {
        "max": 0.312609165907,
        "mean": 0.0836632698774,
        "min": 0.0238740816712,
        "stdev": 0.0457722060382
    },
    "spectral_kurtosis": {
        "max": 16.9541702271,
        "mean": 5.97802019119,
        "min": -1.06602752209,
        "stdev": 2.6932656765
    },
    "spectral_rms": {
        "max": 0.01253713388,
        "mean": 0.00453566666692,
        "min": 0.000612326432019,
        "stdev": 0.0016101966612
    },
    "spectral_rolloff": {
        "max": 11111.1328125,
        "mean": 1474.55664062,
        "min": 107.666015625,
        "stdev": 1578.18103027
    },
    "spectral_skewness": {
        "max": 3.3763730526,
        "mean": 1.8204113245,
        "min": 0.234376177192,
        "stdev": 0.415104240179
    },
    "spectral_spread": {
        "max": 15742754,
        "mean": 4481098.5,
        "min": 2095664.625,
        "stdev": 1776937.875
    },
    "spectral_strongpeak": {
        "max": 14.3700637817,
        "mean": 1.44461143017,
        "min": 0,
        "stdev": 2.1334798336
    },
    "zerocrossingrate": {
        "max": 0.3388671875,
        "mean": 0.0600662603974,
        "min": 0.0107421875,
        "stdev": 0.0358491018414
    },
    "barkbands": {
        "max": [0.00521402154118, 0.0704081058502, 0.0661156177521, 0.0157089605927, 0.0309368502349, 0.0291207674891, 0.0235745050013, 0.0442763715982, 0.039476569742, 0.0629079937935, 0.0236417353153, 0.0349462591112, 0.0407905317843, 0.0222982969135, 0.0238422453403, 0.0228232536465, 0.0279509313405, 0.0114209121093, 0.013151306659, 0.00442621391267, 0.000873825221788, 0.000675289833453, 0.00195380975492, 0.00518806558102, 0.00463258428499, 0.00141191727016, 0.000123779944261],
        "mean": [0.000196189663257, 0.00466997548938, 0.00248069316149, 0.000978028867394, 0.0012933985563, 0.00177342374809, 0.000992334098555, 0.00130095542409, 0.00232115294784, 0.000907317968085, 0.00111482071225, 0.00127734162379, 0.000998366624117, 0.000426133425208, 0.000702213146724, 0.000579608080443, 0.000352265080437, 0.000288811279461, 0.000539589556865, 0.000173662265297, 4.79308146168e-05, 3.0569761293e-05, 4.81735332869e-05, 0.000116459537821, 8.74226097949e-05, 4.34399116784e-05, 3.8562429836e-06],
        "min": [1.24322127704e-07, 1.02433396023e-05, 1.74328833964e-05, 7.79304173193e-06, 1.58945204021e-05, 9.37254480959e-06, 9.75856528385e-06, 1.75038815087e-06, 5.80199230171e-06, 2.63753076979e-06, 1.35114476052e-06, 3.27840075443e-06, 1.38372649872e-06, 1.25604287859e-06, 1.15866350825e-06, 3.77088326786e-06, 1.67403686646e-06, 6.42956081265e-07, 3.56065925189e-07, 8.06332309367e-07, 3.71957725065e-07, 1.59919522957e-07, 1.94498284145e-07, 2.17496705091e-07, 3.29581808955e-07, 1.15151202351e-07, 1.36721300947e-10],
        "stdev": [0.000379986478947, 0.00601745722815, 0.00582828465849, 0.00146215187851, 0.00206655985676, 0.00279955123551, 0.00191419571638, 0.00402314821258, 0.00495653739199, 0.00299832201563, 0.00286975246854, 0.00380872888491, 0.0036103585735, 0.00135573197622, 0.00220531783998, 0.00166476122104, 0.00140021857806, 0.0006064872141, 0.00135286711156, 0.000303100474412, 7.37895898055e-05, 5.87637950957e-05, 0.000110228502308, 0.000466694735223, 0.000332945026457, 9.65025828918e-05, 1.0056541214e-05]
    },
    "erbbands": {
        "max": [1.62596976757, 18.9595146179, 72.9428329468, 54.2470817566, 120.573860168, 94.1029510498, 189.370925903, 242.67149353, 305.187957764, 653.93939209, 1216.92504883, 951.948730469, 844.327880859, 1819.99597168, 1292.14697266, 1584.27355957, 1672.77380371, 1300.43652344, 1394.36584473, 1081.07299805, 1453.89050293, 1177.29602051, 508.423400879, 911.260253906, 260.274017334, 295.199157715, 65.4961166382, 11.5762548447, 18.5838718414, 23.5578155518, 52.0282402039, 98.010383606, 117.782295227, 72.0522613525, 42.9345092773, 8.66551113129, 2.25273776054, 0.331512629986, 0.0242801140994, 0.000699937692843],
        "mean": [0.134345725179, 1.04901409149, 2.88455605507, 3.03247642517, 3.89161419868, 4.16679954529, 9.10280227661, 15.3567876816, 13.8394098282, 18.6031951904, 31.3354587555, 50.7591667175, 40.0092887878, 38.783531189, 45.7740287781, 48.3649787903, 47.2734642029, 26.0055961609, 34.4626541138, 27.1072731018, 37.9642906189, 19.7353916168, 15.8143625259, 31.2370243073, 14.1900815964, 8.01337623596, 3.77115988731, 1.02568531036, 1.10554039478, 1.16802489758, 1.44376564026, 1.95132815838, 2.15627121925, 1.23595666885, 0.494053661823, 0.202592283487, 0.0764420628548, 0.0116147510707, 0.000712327600922, 5.11353646289e-05],
        "min": [0.000219257432036, 0.00383797637187, 0.0514493472874, 0.0533804967999, 0.061103682965, 0.0485976599157, 0.0363736115396, 0.0931878909469, 0.143096923828, 0.0987597480416, 0.0520876832306, 0.235597640276, 0.167891874909, 0.0538522899151, 0.0958892181516, 0.11085370183, 0.0658248066902, 0.0483834445477, 0.0537784546614, 0.106409996748, 0.230947628617, 0.0819063857198, 0.0377668887377, 0.0267338361591, 0.0152251273394, 0.0380585044622, 0.0216377712786, 0.0126422997564, 0.00521942507476, 0.00487922178581, 0.00637510465458, 0.00517934374511, 0.00330818351358, 0.00355531880632, 0.00174355856143, 0.000835789425764, 8.97858262761e-05, 4.05916944146e-06, 1.6223663124e-06, 1.72447914792e-06],
        "stdev": [0.162816375494, 1.56009292603, 6.46914339066, 5.338078022, 7.29851055145, 6.69340801239, 17.9589481354, 23.9359302521, 25.5407371521, 40.821521759, 88.7999801636, 111.538093567, 84.3738250732, 97.9279632568, 115.264053345, 150.351119995, 157.768112183, 69.4684677124, 100.498786926, 74.1735076904, 108.4348526, 61.6992988586, 32.9115219116, 78.6335601807, 24.0555553436, 15.894525528, 5.40888023376, 1.36622357368, 2.02075076103, 2.47647404671, 3.29700899124, 7.20310688019, 9.02580928802, 4.67638254166, 2.19182324409, 0.524188101292, 0.159313842654, 0.0252644624561, 0.00187258631922, 6.78427313687e-05]
    },
    "gfcc": {
        "mean": [2.71325850487, 97.2448348999, -112.573120117, 24.8253479004, -43.8884849548, 16.4507255554, -36.4597358704, 23.5220146179, -25.44764328, 5.59394836426, -10.0683784485, 0.23426900804, -9.33560657501],
        "cov": [[1527.32568359, -662.762817383, 69.3694610596, -223.306793213, -39.1955451965, 59.9053916931, -9.16157054901, 111.362632751, -44.2523078918, 38.6811485291, 31.4448261261, 3.35450649261, -56.3942298889], [-662.762817383, 799.734558105, -342.894317627, 19.7072124481, 76.6599349976, -81.7443389893, 93.3081970215, -58.316619873, 28.2417182922, -63.915397644, 80.018989563, -79.4697494507, 31.9806575775], [69.3694610596, -342.894317627, 597.245788574, -23.8013420105, -31.7175922394, 48.753276825, -56.6382713318, 5.14838218689, -29.3518257141, 42.5474739075, -121.817970276, 81.498008728, -15.7630577087], [-223.306793213, 19.7072124481, -23.8013420105, 382.336547852, -17.5773506165, -54.9593200684, -74.623626709, 17.7845096588, 77.9441680908, -29.8682861328, 4.83055591583, -18.9918079376, -16.4546279907], [-39.1955451965, 76.6599349976, -31.7175922394, -17.5773506165, 205.614440918, -26.001367569, 18.6345920563, -18.8167095184, 7.72652339935, 26.0919132233, -6.02579593658, -11.5844774246, -31.8473415375], [59.9053916931, -81.7443389893, 48.753276825, -54.9593200684, -26.001367569, 235.381790161, 49.3371162415, -39.801940918, -59.2986717224, 19.3235111237, 22.2688579559, -16.6358737946, 25.2097377777], [-9.16157054901, 93.3081970215, -56.6382713318, -74.623626709, 18.6345920563, 49.3371162415, 153.437698364, 4.26622915268, -30.748046875, 0.366945326328, 36.3414039612, -9.44919872284, -1.27249503136], [111.362632751, -58.316619873, 5.14838218689, 17.7845096588, -18.8167095184, -39.801940918, 4.26622915268, 121.31816864, 44.3199729919, -18.9407997131, -8.7635307312, -6.48194313049, -7.60955142975], [-44.2523078918, 28.2417182922, -29.3518257141, 77.9441680908, 7.72652339935, -59.2986717224, -30.748046875, 44.3199729919, 114.447341919, 0.952829480171, -12.6597976685, -14.7664680481, -14.2208108902], [38.6811485291, -63.915397644, 42.5474739075, -29.8682861328, 26.0919132233, 19.3235111237, 0.366945326328, -18.9407997131, 0.952829480171, 83.0636978149, 0.943619370461, 9.12534046173, -5.46782255173], [31.4448261261, 80.018989563, -121.817970276, 4.83055591583, -6.02579593658, 22.2688579559, 36.3414039612, -8.7635307312, -12.6597976685, 0.943619370461, 132.668395996, 3.61111855507, 2.48177170753], [3.35450649261, -79.4697494507, 81.498008728, -18.9918079376, -11.5844774246, -16.6358737946, -9.44919872284, -6.48194313049, -14.7664680481, 9.12534046173, 3.61111855507, 94.8907241821, 15.183093071], [-56.3942298889, 31.9806575775, -15.7630577087, -16.4546279907, -31.8473415375, 25.2097377777, -1.27249503136, -7.60955142975, -14.2208108902, -5.46782255173, 2.48177170753, 15.183093071, 79.8852920532]],
        "icov": [[0.00160976336338, 0.00175991642755, 0.000361311773304, 0.00106702104677, -0.00019905915542, 0.000404988561058, -2.1947953428e-06, -0.00065976777114, 8.68741699378e-05, 0.000513147562742, -0.00130613474175, 0.00128763809334, 0.000299314473523], [0.00175991642755, 0.00451530516148, 0.000836108112708, 0.00120754551608, -0.000972193898633, 0.00190372008365, -0.00175968045369, 0.00157937523909, -0.0011284473585, 0.00245990254916, -0.00237976713106, 0.00332632358186, -0.00160822912585], [0.000361311773304, 0.000836108112708, 0.00319064361975, 6.08874579484e-05, 0.0002801095834, -0.000889695133083, 0.000426427141065, -0.000597235164605, 0.000727224221919, -0.000855445920024, 0.00245575443842, -0.00227181566879, 0.0013312001247], [0.00106702104677, 0.00120754551608, 6.08874579484e-05, 0.00418927660212, 3.70089619537e-05, 0.00037201057421, 0.00133414263837, 0.000118916199426, -0.00217156857252, 0.0017565676244, -0.00176607840694, 0.00143638125155, 0.000590206938796], [-0.00019905915542, -0.000972193898633, 0.0002801095834, 3.70089619537e-05, 0.00608529569581, 0.000307696755044, -0.000449439627118, 0.000599003804382, 2.48247433774e-05, -0.00242313463241, 0.00126101751812, -0.000471119186841, 0.0025792857632], [0.000404988561058, 0.00190372008365, -0.000889695133083, 0.00037201057421, 0.000307696755044, 0.00725915981457, -0.00268748099916, 0.00248726108111, 0.00118552823551, -1.56790483743e-05, -0.00232725194655, 0.00440225563943, -0.00310359988362], [-2.1947953428e-06, -0.00175968045369, 0.000426427141065, 0.00133414263837, -0.000449439627118, -0.00268748099916, 0.0100222826004, -0.00332045881078, 0.00227165594697, -0.000866852351464, -0.000914168078452, -0.00120427552611, 0.00217647454701], [-0.00065976777114, 0.00157937523909, -0.000597235164605, 0.000118916199426, 0.000599003804382, 0.00248726108111, -0.00332045881078, 0.013301086612, -0.0057132509537, 0.00389782921411, -0.000547506613657, 0.00198835763149, -0.00163453898858], [8.68741699378e-05, -0.0011284473585, 0.000727224221919, -0.00217156857252, 2.48247433774e-05, 0.00118552823551, 0.00227165594697, -0.0057132509537, 0.0145986163989, -0.00378159992397, 0.00159019569401, 0.000365073850844, 0.00155817600898], [0.000513147562742, 0.00245990254916, -0.000855445920024, 0.0017565676244, -0.00242313463241, -1.56790483743e-05, -0.000866852351464, 0.00389782921411, -0.00378159992397, 0.0163290668279, -0.00255986233242, 0.00106202112511, -0.000710940978024], [-0.00130613474175, -0.00237976713106, 0.00245575443842, -0.00176607840694, 0.00126101751812, -0.00232725194655, -0.000914168078452, -0.000547506613657, 0.00159019569401, -0.00255986233242, 0.0125349992886, -0.00509681273252, 0.00200902298093], [0.00128763809334, 0.00332632358186, -0.00227181566879, 0.00143638125155, -0.000471119186841, 0.00440225563943, -0.00120427552611, 0.00198835763149, 0.000365073850844, 0.00106202112511, -0.00509681273252, 0.017188616097, -0.00495275761932], [0.000299314473523, -0.00160822912585, 0.0013312001247, 0.000590206938796, 0.0025792857632, -0.00310359988362, 0.00217647454701, -0.00163453898858, 0.00155817600898, -0.000710940978024, 0.00200902298093, -0.00495275761932, 0.0167516004294]]
    },
    "melbands": {
        "max": [0.0158872213215, 0.0324501954019, 0.00763215683401, 0.00767961610109, 0.00540925003588, 0.0049405018799, 0.00395328458399, 0.00681855715811, 0.00923486799002, 0.00614112103358, 0.00428627664223, 0.00863604154438, 0.00332259270363, 0.004785629455, 0.0045545687899, 0.00567606603727, 0.00224720314145, 0.00197419291362, 0.00177030544728, 0.0020754202269, 0.00241237669252, 0.00183810584713, 0.00106533162761, 0.000456864683656, 0.000935821793973, 0.000394506234443, 0.00012562671327, 0.000217049775529, 5.72512944927e-05, 2.11343340197e-05, 5.18559045304e-06, 8.6911040853e-06, 1.90346145246e-05, 1.73991047632e-05, 1.91608705791e-05, 6.6544591391e-05, 6.52281378279e-05, 7.58402093197e-05, 0.000105237246316, 6.63632963551e-05],
        "mean": [0.00124804489315, 0.00143084640149, 0.000565821304917, 0.000279645813862, 0.000287840026431, 0.000344680505805, 0.000209448597161, 0.000232010657783, 0.000246720184805, 0.000345650740201, 0.000197962130187, 0.000153483881149, 0.000148664606968, 0.000135475958814, 0.000116492483357, 0.000102629361209, 3.96080831706e-05, 5.17593471159e-05, 5.37010091648e-05, 2.98171016766e-05, 4.59838993265e-05, 2.16833395825e-05, 1.38632940434e-05, 1.262913338e-05, 2.81649208773e-05, 1.62359483511e-05, 6.14726468484e-06, 5.00713349538e-06, 2.97794190374e-06, 9.23133711694e-07, 4.20382491484e-07, 6.02352940859e-07, 6.5086186396e-07, 6.51278980968e-07, 7.25297127246e-07, 1.1389198562e-06, 1.16563478514e-06, 1.53293797212e-06, 1.36486198699e-06, 9.56628127824e-07],
        "min": [1.92051879822e-06, 2.92746426567e-05, 9.53605285758e-06, 4.0451300265e-06, 1.34631136461e-06, 2.06998720387e-06, 2.17532760871e-06, 6.12625569829e-07, 4.78212427879e-07, 8.22834294922e-07, 8.03747411737e-07, 2.02170681973e-07, 2.39553685333e-07, 3.70757277324e-07, 1.86758313703e-07, 1.17365878793e-07, 9.4978396703e-08, 9.56181906986e-08, 1.03271894147e-07, 1.99816028612e-07, 2.91620096959e-07, 9.70746185658e-08, 4.4683066136e-08, 2.1132310124e-08, 2.28595045115e-08, 7.78717179628e-09, 2.07708890088e-08, 2.52737546447e-08, 1.63101248063e-08, 7.7908834939e-09, 6.99180002783e-09, 2.75582756615e-09, 3.05582159577e-09, 2.26656315938e-09, 3.67415942115e-09, 3.59321661314e-09, 3.07058600768e-09, 2.1111536963e-09, 2.5824087313e-09, 2.9721152206e-09],
        "stdev": [0.00147767004091, 0.00275766174309, 0.000864340807311, 0.000469263468403, 0.000518209126312, 0.000527065072674, 0.000374284019927, 0.000558479165193, 0.00069036334753, 0.000770766462665, 0.000445252517238, 0.000425480480772, 0.0003633442102, 0.000400759017793, 0.000405645143474, 0.000394234462874, 0.000115368842671, 0.000154764275067, 0.000171361432876, 8.82931781234e-05, 0.000147860875586, 8.47869014251e-05, 4.02966106776e-05, 2.83564531856e-05, 7.63198477216e-05, 3.87133986806e-05, 1.05704421003e-05, 1.07155965452e-05, 4.89334752274e-06, 1.55197108143e-06, 5.95785024871e-07, 1.05774813619e-06, 1.43533213759e-06, 1.45872695612e-06, 1.47330445088e-06, 3.65783171219e-06, 4.53641087006e-06, 6.69586142976e-06, 5.46791352463e-06, 3.75999252356e-06]
    },
    "melbands128": {
        "max": [0.00443040439859, 0.0159145239741, 0.0247094165534, 0.0384150519967, 0.0448441952467, 0.0282919257879, 0.0131186582148, 0.00884915050119, 0.0155379381031, 0.0101684480906, 0.00703776068985, 0.00817178189754, 0.00954558886588, 0.0131240142509, 0.00932924821973, 0.0107422014698, 0.00796004198492, 0.00572006031871, 0.00856311898679, 0.0120256608352, 0.0115619748831, 0.0122819012031, 0.0151946060359, 0.0152402995154, 0.0092800501734, 0.0129949543625, 0.0138124143705, 0.00427174847573, 0.0104303993285, 0.0180117301643, 0.00464932573959, 0.00756406923756, 0.00595859857276, 0.00991492718458, 0.0117532350123, 0.00868843961507, 0.00929432176054, 0.00759865529835, 0.0101524814963, 0.00780344940722, 0.0106326630339, 0.0061812940985, 0.00304264808074, 0.00267925695516, 0.00445592822507, 0.00216867215931, 0.00536966137588, 0.00394771341234, 0.00430885143578, 0.00202570180409, 0.00414172606543, 0.00235624751076, 0.00371110462584, 0.00666410382837, 0.00584096787497, 0.00197544181719, 0.00230834493414, 0.00211332016625, 0.000894365948625, 0.00052149448311, 0.0010013707215, 0.000443556986284, 0.00135097175371, 0.00214895512909, 0.00174954661634, 0.00035439550993, 0.000432663335232, 0.000219953479245, 0.000178813323146, 0.000537660787813, 0.00054008240113, 0.000113960602903, 0.000178795948159, 9.5628463896e-05, 4.30936306657e-05, 3.89326596633e-05, 1.93361247511e-05, 9.42075894272e-06, 6.82043673805e-06, 1.05332710518e-05, 1.20991589938e-05, 1.89778347703e-05, 1.99940132006e-05, 2.0581544959e-05, 2.31541871472e-05, 1.33907096824e-05, 2.50577395491e-05, 2.85753594653e-05, 1.61154257512e-05, 2.35729821725e-05, 5.49715005036e-05, 9.4453098427e-05, 8.52366065374e-05, 7.4603514804e-05, 5.74454170419e-05, 9.47990629356e-05, 0.000140875476063, 0.000117552546726, 0.00012437508849, 9.15829004953e-05, 7.34865170671e-05, 8.47351911943e-05, 9.03255568119e-05, 0.000113716931082, 6.53955357848e-05, 1.10106775537e-05, 8.60397631186e-06, 1.28966048578e-05, 1.45859803524e-05, 3.14719545713e-05, 1.16115406854e-05, 1.26098311739e-05, 5.62086916034e-06, 3.63030312656e-06, 7.489878044e-06, 3.40747078553e-06, 1.97363942789e-06, 1.16973285458e-06, 1.08541212285e-06, 1.00534634839e-06, 7.76576541739e-07, 5.90042020576e-07, 4.49236381428e-07, 3.69328709837e-08, 1.06231667907e-09, 1.06245601206e-09, 1.06246078602e-09, 1.06452802129e-09],
        "mean": [0.000174638364115, 0.00101714185439, 0.00168822938576, 0.00172334373929, 0.00162690901197, 0.00108989235014, 0.000594030076172, 0.000486349395942, 0.000400756776799, 0.00025447178632, 0.00021808539168, 0.000205333868507, 0.000310259230901, 0.000387168489397, 0.000369091314496, 0.000317364174407, 0.000250546669122, 0.000166068130056, 0.00018994580023, 0.000172497471794, 0.000280350650428, 0.000359985715477, 0.000193547894014, 0.000204222727916, 0.000285812973743, 0.000490609265398, 0.000299517967505, 0.000116343515401, 0.000166695390362, 0.000128152940306, 0.000164256358403, 0.000177602501935, 0.000108867956442, 0.000167319027241, 0.000167664213222, 8.63962777657e-05, 0.000150202744408, 0.000136117567308, 7.68607642385e-05, 0.000110377688543, 0.000127090956084, 6.36316035525e-05, 2.50474931818e-05, 3.1735336961e-05, 5.30074139533e-05, 4.3446681957e-05, 6.87586871209e-05, 7.15099740773e-05, 4.09903223044e-05, 1.8040977011e-05, 2.67299201369e-05, 3.27047382598e-05, 7.14585257811e-05, 3.83528058592e-05, 2.86395370495e-05, 2.13089497265e-05, 1.44852210724e-05, 8.88064732862e-06, 1.8687953343e-05, 1.41549371619e-05, 1.08932099465e-05, 1.00682591437e-05, 1.97950575966e-05, 3.49706606357e-05, 4.36093941971e-05, 1.04369883047e-05, 4.65681159767e-06, 6.33239642411e-06, 6.71417365083e-06, 5.7069637478e-06, 4.97354949403e-06, 5.06105470777e-06, 3.79718039767e-06, 2.91051628665e-06, 1.44702596572e-06, 9.4072106549e-07, 6.85369229814e-07, 5.79220795771e-07, 3.08693103079e-07, 3.06096723079e-07, 6.58481724258e-07, 6.7171356477e-07, 6.45526199605e-07, 6.76776494402e-07, 6.29909095551e-07, 5.98241456373e-07, 7.00438647527e-07, 6.7520261382e-07, 6.4610787831e-07, 8.02176941761e-07, 1.01199350411e-06, 1.24751318253e-06, 1.37312849802e-06, 1.04462071704e-06, 1.07779419523e-06, 1.43429292621e-06, 1.67635369053e-06, 1.65568269495e-06, 1.49013374084e-06, 1.1258265431e-06, 9.8723148767e-07, 8.95343987395e-07, 9.73771079771e-07, 9.60000875239e-07, 5.23964274635e-07, 1.65788449635e-07, 3.31721821567e-07, 4.29872386576e-07, 3.45267665125e-07, 3.35233607984e-07, 2.85724524929e-07, 2.78500152717e-07, 2.43507713549e-07, 2.19193168505e-07, 1.73286423433e-07, 1.01171330869e-07, 6.85459369265e-08, 3.16973185477e-08, 2.23324825299e-08, 1.78748162938e-08, 1.32045760992e-08, 1.17847243075e-08, 7.47263673162e-09, 2.9744240404e-10, 4.71288676487e-12, 4.37603642559e-12, 4.19004501234e-12, 4.1509963869e-12],
        "min": [5.44230216448e-09, 1.26824852487e-06, 5.21203673998e-07, 5.76765614824e-06, 2.4342236884e-06, 6.96053575666e-06, 3.54553958459e-06, 2.92801769319e-06, 1.02195235741e-06, 1.48636866015e-06, 8.944698493e-07, 1.87828220533e-07, 4.37894357219e-07, 1.56923772465e-06, 1.87479099623e-06, 1.90059972738e-06, 1.07795199256e-06, 4.78131596537e-07, 6.63484286179e-07, 5.57636496978e-07, 1.82414822802e-07, 1.83588554137e-07, 3.74220633148e-07, 2.52320376148e-07, 2.12865657545e-07, 7.61387468629e-07, 2.93112577765e-07, 3.0828493891e-07, 1.71448846231e-07, 1.77899124765e-07, 1.87701175491e-07, 6.63020216507e-08, 7.84734055514e-08, 3.35783767014e-07, 1.21640070461e-07, 1.5821644439e-08, 1.46597301409e-07, 1.8591829587e-07, 8.36462987763e-08, 9.73530802639e-08, 1.20171549156e-07, 6.43942712486e-08, 2.53263277017e-08, 1.57464199901e-07, 8.61791917828e-08, 3.80058438054e-08, 3.89370384823e-08, 9.84549046734e-08, 1.45359052794e-07, 9.02935397562e-08, 1.01270707376e-07, 3.1199363093e-07, 2.4904383622e-07, 8.29937150115e-08, 7.69412338286e-08, 1.93563529649e-08, 1.14200773282e-08, 4.71509125077e-08, 5.69766065439e-08, 2.69277009579e-08, 1.58513557835e-08, 1.27340902267e-08, 3.04450047395e-08, 2.12926813958e-08, 1.03801038875e-08, 7.12240311174e-09, 7.81525955063e-09, 3.35853722611e-09, 2.36681962917e-08, 4.9644423683e-08, 1.45314151823e-08, 2.30685088809e-08, 2.35856489894e-08, 1.33630813082e-08, 1.11392362001e-08, 5.20954301919e-09, 8.44142800105e-09, 8.67826077666e-09, 2.68046429497e-09, 3.55553053666e-09, 2.95998670019e-09, 1.71174818764e-09, 2.26703011919e-09, 2.98139135602e-09, 4.56086013401e-09, 1.87328286216e-09, 1.41164646639e-09, 2.80287681953e-09, 4.10765466086e-09, 3.87821108561e-09, 4.45729675391e-09, 2.73830491615e-09, 3.49515061338e-09, 3.47609052653e-09, 2.2036827918e-09, 2.88784618441e-09, 1.00070796094e-09, 2.70758437892e-09, 2.20981410948e-09, 2.24194263154e-09, 2.62977661869e-09, 1.90952298418e-09, 2.10883821516e-09, 2.09672657014e-09, 9.79839820392e-11, 2.59015364712e-10, 8.61421545206e-10, 1.48218592955e-09, 1.58872470735e-10, 2.71639273575e-11, 3.32008087689e-10, 3.58446744508e-10, 4.41822516073e-11, 1.75015158616e-11, 1.36421828695e-11, 1.63360752876e-12, 6.33274194802e-13, 4.19637333779e-13, 4.00158449128e-13, 2.98320829845e-13, 3.72293585934e-13, 3.88355824278e-13, 4.06953496509e-13, 2.99793989546e-13, 2.31049147913e-13, 8.56350580725e-14, 1.17525541911e-14, 4.83258077974e-16],
        "stdev": [0.00034718340612, 0.00140401197132, 0.0020321670454, 0.00292628537863, 0.00369391054846, 0.00255848397501, 0.00120479497127, 0.000730665167794, 0.000909611466341, 0.000589948380366, 0.000428377301432, 0.000464551267214, 0.000751930638216, 0.000913198338822, 0.000659900077153, 0.000768251891714, 0.000605451350566, 0.000424227793701, 0.000501153524965, 0.000557798601221, 0.00098414614331, 0.00127849949058, 0.000828517077025, 0.000829510157928, 0.000866344431415, 0.00133693986572, 0.000990125117823, 0.000380450364901, 0.000698667718098, 0.000692796777003, 0.000485156691866, 0.000628399429843, 0.000406103179557, 0.000685297185555, 0.000676873896737, 0.000480807648273, 0.000740868330467, 0.000574195757508, 0.000513913633768, 0.000568288844079, 0.000640363257844, 0.000307266484015, 0.000108640095277, 0.000152384876856, 0.000245846254984, 0.000155272398842, 0.000369135523215, 0.000269205542281, 0.000227005730267, 7.59991598898e-05, 0.000143733923323, 0.000114638176456, 0.000271652534138, 0.000258496322203, 0.000209965495742, 8.90512892511e-05, 8.15084276837e-05, 6.13170050201e-05, 5.54354119231e-05, 3.86523643101e-05, 4.8163732572e-05, 2.99187395285e-05, 7.2544280556e-05, 0.00013341747399, 0.000156694921316, 2.88578794425e-05, 1.4436708625e-05, 1.296996561e-05, 1.46157781273e-05, 2.19655557885e-05, 1.88925569091e-05, 1.12811967483e-05, 9.3948947324e-06, 6.72210762787e-06, 3.06368997371e-06, 2.18256218432e-06, 1.28597753246e-06, 8.99680003386e-07, 5.10534164277e-07, 5.76629531679e-07, 1.16895193969e-06, 1.46599563777e-06, 1.59768467256e-06, 1.65770097738e-06, 1.67773521298e-06, 1.43789873164e-06, 1.85194096503e-06, 1.62065475706e-06, 1.3470456679e-06, 1.78472862444e-06, 2.93370203508e-06, 4.67418340122e-06, 5.83398968956e-06, 4.17421460952e-06, 4.29926240031e-06, 6.60575005895e-06, 8.22943457024e-06, 7.67212623032e-06, 6.31800594419e-06, 4.23522305937e-06, 4.08292589782e-06, 3.79923744731e-06, 4.98235931445e-06, 5.50382719666e-06, 2.7327796488e-06, 5.35225467502e-07, 6.84975816512e-07, 1.06735762984e-06, 9.19503975183e-07, 1.18789705539e-06, 7.00818020505e-07, 6.7094259748e-07, 4.88509385832e-07, 4.42845362159e-07, 3.95994732116e-07, 2.4622880801e-07, 1.80599229793e-07, 9.19545399825e-08, 7.32844327445e-08, 6.50829576898e-08, 4.98234022928e-08, 4.72317580602e-08, 3.37571783859e-08, 1.77161085801e-09, 2.96350236018e-11, 2.96542269906e-11, 2.96548480216e-11, 2.9705415211e-11]
    },
    "mfcc": {
        "mean": [-646.893676758, 133.69821167, -4.67958021164, 18.0945911407, 15.0949840546, -4.49323511124, 10.7776861191, 6.22341585159, -0.980369567871, 10.4154682159, -1.89983868599, -1.28777694702, 4.23311662674],
        "cov": [[1355.55566406, -452.163360596, -30.5393505096, -188.947967529, -4.67800235748, -126.753738403, 60.6613578796, 6.99188566208, -59.3502960205, 91.1653900146, -6.136510849, -11.6837940216, 55.4975662231], [-452.163360596, 660.688964844, -261.625427246, 1.26924085617, -55.708404541, 6.72888898849, 52.3571586609, -8.54673576355, -20.8950653076, 8.81735610962, 8.36166667938, -8.74024105072, -9.36808490753], [-30.5393505096, -261.625427246, 450.515258789, -39.7427368164, 13.5748729706, 35.3331794739, -35.2167205811, 4.83415794373, 46.1456832886, -39.0178642273, -21.4180812836, -2.54129838943, -39.9430770874], [-188.947967529, 1.26924085617, -39.7427368164, 307.371124268, 58.3287124634, -44.9745407104, -101.341575623, 22.3591747284, 5.84910488129, -26.3609142303, 45.6833686829, 36.8945960999, -1.22228741646], [-4.67800235748, -55.708404541, 13.5748729706, 58.3287124634, 149.705978394, 0.957346081734, -38.7418289185, -13.34146595, 16.9764461517, -3.82155489922, 14.0040092468, 5.06454992294, 2.88759660721], [-126.753738403, 6.72888898849, 35.3331794739, -44.9745407104, 0.957346081734, 182.494110107, 52.721736908, -30.4542274475, -3.11907029152, -0.587608098984, -17.8265762329, -7.05601501465, 1.72819304466], [60.6613578796, 52.3571586609, -35.2167205811, -101.341575623, -38.7418289185, 52.721736908, 177.697616577, 8.15039730072, -36.7218513489, 32.1459274292, -29.720998764, -7.41886806488, 21.6194972992], [6.99188566208, -8.54673576355, 4.83415794373, 22.3591747284, -13.34146595, -30.4542274475, 8.15039730072, 97.1248474121, -0.86002099514, -0.0254006441683, 8.03461837769, 9.17795467377, 2.58746385574], [-59.3502960205, -20.8950653076, 46.1456832886, 5.84910488129, 16.9764461517, -3.11907029152, -36.7218513489, -0.86002099514, 119.935287476, 3.34715056419, 6.76325321198, -16.9801044464, -15.6515665054], [91.1653900146, 8.81735610962, -39.0178642273, -26.3609142303, -3.82155489922, -0.587608098984, 32.1459274292, -0.0254006441683, 3.34715056419, 87.7947158813, 11.0666732788, -9.533826828, 13.7201547623], [-6.136510849, 8.36166667938, -21.4180812836, 45.6833686829, 14.0040092468, -17.8265762329, -29.720998764, 8.03461837769, 6.76325321198, 11.0666732788, 99.293548584, 14.3923168182, 11.7933340073], [-11.6837940216, -8.74024105072, -2.54129838943, 36.8945960999, 5.06454992294, -7.05601501465, -7.41886806488, 9.17795467377, -16.9801044464, -9.533826828, 14.3923168182, 72.8238830566, 19.4321098328], [55.4975662231, -9.36808490753, -39.9430770874, -1.22228741646, 2.88759660721, 1.72819304466, 21.6194972992, 2.58746385574, -15.6515665054, 13.7201547623, 11.7933340073, 19.4321098328, 76.014831543]],
        "icov": [[0.0016388525255, 0.00145290838555, 0.000736571382731, 0.00110142072663, -6.3961451815e-05, 0.0013246833114, -0.00028382401797, 0.000163745135069, 0.000705887039658, -0.00103995308746, -0.000139821553603, 0.000107854699309, -0.000238067586906], [0.00145290838555, 0.00343510787934, 0.00198670267127, 0.000890920171514, 0.000587430025917, 0.000957900076173, -0.000785460288171, 0.000350125017576, 0.000366929918528, -0.000455972651253, -0.000436579546658, 9.24514824874e-05, 0.000790192454588], [0.000736571382731, 0.00198670267127, 0.00382233434357, 0.00111791689415, 6.69195724186e-05, -0.000179144262802, 0.000178868678631, -0.000392700079829, -0.000674068171065, 0.000721558521036, 8.96456258488e-05, -0.000524331815541, 0.0015486824559], [0.00110142072663, 0.000890920171514, 0.00111791689415, 0.00560692790896, -0.00140944193117, 0.000936319527682, 0.00212306645699, -0.00118037732318, 0.000715644506272, 1.86331744771e-05, -0.0010837407317, -0.00162882928271, 0.000180366099812], [-6.3961451815e-05, 0.000587430025917, 6.69195724186e-05, -0.00140944193117, 0.0078736199066, -0.000509457255248, 0.000734951696359, 0.00126454653218, -0.000809773628134, -0.000148635153892, -0.000355447991751, 9.51594265644e-05, -0.000517080479767], [0.0013246833114, 0.000957900076173, -0.000179144262802, 0.000936319527682, -0.000509457255248, 0.00779921421781, -0.00259716319852, 0.00236424291506, 0.000325959001202, -0.000224506307859, 5.24643728568e-05, 0.000213914332562, -0.000383124046493], [-0.00028382401797, -0.000785460288171, 0.000178868678631, 0.00212306645699, 0.000734951696359, -0.00259716319852, 0.00965077802539, -0.00216526072472, 0.00203622877598, -0.00246593495831, 0.00195917719975, 1.45542486507e-07, -0.00184106593952], [0.000163745135069, 0.000350125017576, -0.000392700079829, -0.00118037732318, 0.00126454653218, 0.00236424291506, -0.00216526072472, 0.0118442485109, -0.000420335301897, 0.000150629857671, -0.000790427206084, -0.000851156306453, 3.5624809243e-05], [0.000705887039658, 0.000366929918528, -0.000674068171065, 0.000715644506272, -0.000809773628134, 0.000325959001202, 0.00203622877598, -0.000420335301897, 0.010188258253, -0.00180747639388, -0.000527750060428, 0.00220593553968, 0.000587676593568], [-0.00103995308746, -0.000455972651253, 0.000721558521036, 1.86331744771e-05, -0.000148635153892, -0.000224506307859, -0.00246593495831, 0.000150629857671, -0.00180747639388, 0.0144856721163, -0.00224276352674, 0.00177871237975, -0.00130399479531], [-0.000139821553603, -0.000436579546658, 8.96456258488e-05, -0.0010837407317, -0.000355447991751, 5.24643728568e-05, 0.00195917719975, -0.000790427206084, -0.000527750060428, -0.00224276352674, 0.0120303351432, -0.00155770464335, -0.0016121447552], [0.000107854699309, 9.24514824874e-05, -0.000524331815541, -0.00162882928271, 9.51594265644e-05, 0.000213914332562, 1.45542486507e-07, -0.000851156306453, 0.00220593553968, 0.00177871237975, -0.00155770464335, 0.0168885532767, -0.00429109344259], [-0.000238067586906, 0.000790192454588, 0.0015486824559, 0.000180366099812, -0.000517080479767, -0.000383124046493, -0.00184106593952, 3.5624809243e-05, 0.000587676593568, -0.00130399479531, -0.0016121447552, -0.00429109344259, 0.0164973977953]]
    },
    "spectral_contrast_coeffs": {
        "max": [-0.50918161869, -0.486909091473, -0.483314216137, -0.555608928204, -0.511117994785, -0.678023934364],
        "mean": [-0.755391061306, -0.738771855831, -0.738161802292, -0.774825155735, -0.765672981739, -0.813704252243],
        "min": [-0.915426135063, -0.896081805229, -0.893611848354, -0.906480669975, -0.872011065483, -0.885735809803],
        "stdev": [0.0576346851885, 0.0768779665232, 0.0807045176625, 0.0653228238225, 0.0606329664588, 0.0268989596516]
    },
    "spectral_contrast_valleys": {
        "max": [-5.10946416855, -5.31121587753, -5.5762796402, -6.33377218246, -6.47662258148, -7.84842061996],
        "mean": [-6.47369003296, -6.7392745018, -7.32070207596, -7.58288145065, -7.74928951263, -10.2970552444],
        "min": [-7.6895108223, -8.84107589722, -8.95812702179, -9.27521800995, -10.0734930038, -12.4658546448],
        "stdev": [0.343923538923, 0.441935271025, 0.429637372494, 0.378429025412, 0.396538615227, 0.704405963421]
    }
},
"rhythm": {
    "beats_count": 81,
    "beats_loudness": {
        "max": 0.07947511971,
        "mean": 0.0280860625207,
        "min": 0.00354643771425,
        "stdev": 0.0170560777187
    },
    "bpm": 151.857421875,
    "bpm_histogram_first_peak_bpm": 152,
    "bpm_histogram_first_peak_weight": 0.138888895512,
    "bpm_histogram_second_peak_bpm": 157,
    "bpm_histogram_second_peak_spread": 0,
    "bpm_histogram_second_peak_weight": 0.0874999985099,
    "danceability": 1.14555776119,
    "onset_rate": 3.53759741783,
    "beats_loudness_band_ratio": {
        "max": [0.907501876354, 0.566831350327, 0.651003479958, 0.756279110909, 0.305117815733, 0.550480365753],
        "mean": [0.371684134007, 0.151207506657, 0.195416942239, 0.182001888752, 0.0836227238178, 0.0491668507457],
        "min": [0.0478600747883, 0.0136503120884, 0.0118697360158, 0.00747278379276, 0.00661420356482, 0.00437511177734],
        "stdev": [0.212684839964, 0.139735847712, 0.149137377739, 0.19247494638, 0.0683926194906, 0.0710298717022]
    },
