{
"metadata": {
    "version": {
        "essentia": "2.1-beta5",
        "essentia_git_sha": "Undefined",
        "extractor": "music 2.0"
    },
    "audio_properties": {
        "analysis": {
            "equal_loudness": 0,
            "length": 38.1619949341,
            "sample_rate": 44100,
            "start_time": 158.987030029,
            "downmix": "mix"
        },
        "bit_rate": 192000,
        "length": 197.160980225,
        "lossless": 0,
        "number_channels": 2,
        "replay_gain": -1.84592819214,
        "sample_rate": 48000,
        "codec": "mp3",
        "md5_encoded": "f25d65718a2bee48c77934065a391b4a"
    },
    "tags": {
        "file_name": "United KingdomUK_Believe In Me_Bonnie Tyler.mp3",
        "encoding": ["Lavf58.29.100"]
    }
},
"lowlevel": {
    "average_loudness": 0.943015694618,
    "barkbands_crest": {
        "max": 23.2921905518,
        "mean": 8.74704456329,
        "min": 2.34568357468,
        "stdev": 3.50051474571
    },
    "barkbands_flatness_db": {
        "max": 0.307273507118,
        "mean": 0.135112896562,
        "min": 0.0461185500026,
        "stdev": 0.0545452386141
    },
    "barkbands_kurtosis": {
        "max": 31.1389770508,
        "mean": 1.21210801601,
        "min": -1.78218662739,
        "stdev": 3.02814936638
    },
    "barkbands_skewness": {
        "max": 5.30062198639,
        "mean": 1.06284868717,
        "min": -0.634049057961,
        "stdev": 0.804900288582
    },
    "barkbands_spread": {
        "max": 91.0276412964,
        "mean": 26.4387054443,
        "min": 3.77977991104,
        "stdev": 13.8004903793
    },
    "dissonance": {
        "max": 0.5,
        "mean": 0.480984419584,
        "min": 0.320546239614,
        "stdev": 0.0155027545989
    },
    "dynamic_complexity": 2.09549117088,
    "erbbands_crest": {
        "max": 27.8578033447,
        "mean": 8.33139324188,
        "min": 2.5498547554,
        "stdev": 3.41606736183
    },
    "erbbands_flatness_db": {
        "max": 0.374010592699,
        "mean": 0.177787482738,
        "min": 0.0688849017024,
        "stdev": 0.0683652386069
    },
    "erbbands_kurtosis": {
        "max": 12.6280965805,
        "mean": 0.575598716736,
        "min": -1.5270806551,
        "stdev": 1.30726802349
    },
    "erbbands_skewness": {
        "max": 2.60633778572,
        "mean": 0.247286871076,
        "min": -1.96982967854,
        "stdev": 0.756706833839
    },
    "erbbands_spread": {
        "max": 133.61315918,
        "mean": 30.8952598572,
        "min": 6.84003400803,
        "stdev": 14.195605278
    },
    "hfc": {
        "max": 111.570915222,
        "mean": 25.6228561401,
        "min": 0.139853700995,
        "stdev": 17.671207428
    },
    "loudness_ebu128": {
        "integrated": -20.9061794281,
        "loudness_range": 5.19158935547,
        "momentary": {
            "max": -18.206035614,
            "mean": -21.42445755,
            "min": -27.259355545,
            "stdev": 2.28535413742
        },
        "short_term": {
            "max": -19.0622367859,
            "mean": -21.2501544952,
            "min": -25.2623634338,
            "stdev": 1.86931967735
        }
    },
    "melbands_crest": {
        "max": 33.0681724548,
        "mean": 12.3945245743,
        "min": 4.05835914612,
        "stdev": 4.18037176132
    },
    "melbands_flatness_db": {
        "max": 0.30494210124,
        "mean": 0.163632854819,
        "min": 0.046252541244,
        "stdev": 0.0451239868999
    },
    "melbands_kurtosis": {
        "max": 127.54019165,
        "mean": 6.37668180466,
        "min": -1.3746329546,
        "stdev": 8.70477676392
    },
    "melbands_skewness": {
        "max": 10.3958292007,
        "mean": 2.0405857563,
        "min": -0.341593384743,
        "stdev": 1.09524476528
    },
    "melbands_spread": {
        "max": 103.167518616,
        "mean": 29.889005661,
        "min": 3.66765522957,
        "stdev": 17.2213344574
    },
    "pitch_salience": {
        "max": 0.869044601917,
        "mean": 0.60004389286,
        "min": 0.198137775064,
        "stdev": 0.108551084995
    },
    "silence_rate_20dB": {
        "max": 1,
        "mean": 1,
        "min": 1,
        "stdev": 0
    },
    "silence_rate_30dB": {
        "max": 1,
        "mean": 1,
        "min": 1,
        "stdev": 0
    },
    "silence_rate_60dB": {
        "max": 1,
        "mean": 0.000607902707998,
        "min": 0,
        "stdev": 0.0246481895447
    },
    "spectral_centroid": {
        "max": 3019.5559082,
        "mean": 1639.81079102,
        "min": 435.187896729,
        "stdev": 478.764068604
    },
    "spectral_complexity": {
        "max": 50,
        "mean": 25.9969596863,
        "min": 0,
        "stdev": 8.49798870087
    },
    "spectral_decrease": {
        "max": -3.45895152798e-11,
        "mean": -6.17957862659e-09,
        "min": -3.68039358989e-08,
        "stdev": 4.02832833757e-09
    },
    "spectral_energy": {
        "max": 0.146229252219,
        "mean": 0.0256472285837,
        "min": 0.000143234196003,
        "stdev": 0.0161676444113
    },
    "spectral_energyband_high": {
        "max": 0.00886022578925,
        "mean": 0.000938006909564,
        "min": 2.30425621339e-06,
        "stdev": 0.00111883308273
    },
    "spectral_energyband_low": {
        "max": 0.130567491055,
        "mean": 0.00850787386298,
        "min": 1.19958656342e-08,
        "stdev": 0.0127240614966
    },
    "spectral_energyband_middle_high": {
        "max": 0.0451826862991,
        "mean": 0.00877639651299,
        "min": 0.000100540615676,
        "stdev": 0.00650011887774
    },
    "spectral_energyband_middle_low": {
        "max": 0.0526413135231,
        "mean": 0.00864067021757,
        "min": 1.69102968357e-05,
        "stdev": 0.00542374281213
    },
    "spectral_entropy": {
        "max": 8.64784240723,
        "mean": 7.80342721939,
        "min": 7.11269283295,
        "stdev": 0.212195903063
    },
    "spectral_flux": {
        "max": 0.314376950264,
        "mean": 0.0909192115068,
        "min": 0.0179131627083,
        "stdev": 0.0380853153765
    },
    "spectral_kurtosis": {
        "max": 16.575138092,
        "mean": 3.70965886116,
        "min": -0.401450157166,
        "stdev": 1.63168382645
    },
    "spectral_rms": {
        "max": 0.0119441486895,
        "mean": 0.00479386840016,
        "min": 0.000373819057131,
        "stdev": 0.00142847257666
    },
    "spectral_rolloff": {
        "max": 9711.47460938,
        "mean": 1810.97473145,
        "min": 86.1328125,
        "stdev": 1051.66174316
    },
    "spectral_skewness": {
        "max": 3.38093781471,
        "mean": 1.45772027969,
        "min": 0.562517285347,
        "stdev": 0.268447995186
    },
    "spectral_spread": {
        "max": 11382131,
        "mean": 4230769,
        "min": 2615799,
        "stdev": 1139098.25
    },
    "spectral_strongpeak": {
        "max": 9.3933134079,
        "mean": 0.879247903824,
        "min": 0,
        "stdev": 1.27331674099
    },
    "zerocrossingrate": {
        "max": 0.2099609375,
        "mean": 0.0688877254725,
        "min": 0.01171875,
        "stdev": 0.0259391888976
    },
    "barkbands": {
        "max": [0.0230469629169, 0.106151290238, 0.0400708392262, 0.022239593789, 0.0179672371596, 0.0214476808906, 0.0186046306044, 0.0093329437077, 0.0428307205439, 0.0331574082375, 0.0254045259207, 0.0175443720073, 0.00591354398057, 0.0104233631864, 0.0152026638389, 0.0211201831698, 0.0120626091957, 0.00806709751487, 0.00751482369378, 0.00432613911107, 0.00177148461808, 0.00271112681367, 0.00229684542865, 0.00360026024282, 0.0029723092448, 0.001207804773, 2.08524888876e-05],
        "mean": [0.000259124004515, 0.00538528943434, 0.00211594370194, 0.0014022551477, 0.0015338229714, 0.0011110532796, 0.000686317507643, 0.000743550248444, 0.0022071308922, 0.00251871393993, 0.000936836586334, 0.000552290061023, 0.000573742727283, 0.000677852658555, 0.000798350840341, 0.00119417917449, 0.000778848014306, 0.000528889824636, 0.000472963991342, 0.000367467378965, 0.000173664986505, 0.000185557088116, 0.000182001662324, 0.000144641715451, 9.29114030441e-05, 2.38003176491e-05, 1.98388754313e-08],
        "min": [1.57757088642e-11, 3.91559284996e-10, 2.74755618257e-09, 6.64916299797e-09, 9.58203045798e-08, 1.02093792975e-06, 1.71132001014e-06, 2.11013411899e-06, 3.49048286807e-06, 2.15115869651e-05, 4.00876706408e-06, 6.48954028293e-06, 2.89142008114e-06, 3.62521063835e-06, 1.42856652019e-06, 2.65051812676e-06, 1.75409297754e-06, 3.34416057512e-07, 3.30860387976e-07, 5.66193079976e-07, 8.08285221865e-07, 3.57924136551e-07, 1.17613950579e-07, 7.21168262885e-08, 3.14935704182e-07, 1.05984485077e-10, 1.04151930136e-10],
        "stdev": [0.00126835412811, 0.00989829748869, 0.00343698216602, 0.00219458295032, 0.00194232421927, 0.00155264267232, 0.00112856307533, 0.000942659447901, 0.00315488432534, 0.00336793833412, 0.00163233920466, 0.000719633360859, 0.000626928231213, 0.00093888072297, 0.00120264012367, 0.00197799131274, 0.00119096064009, 0.000717442948371, 0.000713771849405, 0.00048808651627, 0.000180174989509, 0.000243365619099, 0.000256635801634, 0.000281913147774, 0.000201084360015, 6.50359143037e-05, 5.14783607741e-07]
    },
    "erbbands": {
        "max": [3.11412167549, 26.5743980408, 51.5074920654, 78.0297241211, 45.5450782776, 61.0836677551, 180.203735352, 139.917984009, 274.058197021, 301.958404541, 349.56640625, 951.804931641, 841.312866211, 1603.88928223, 752.777709961, 688.250427246, 271.744934082, 559.493286133, 880.934082031, 780.669189453, 1255.22851562, 395.798461914, 328.745300293, 515.758544922, 226.399841309, 167.295822144, 92.8591766357, 90.086265564, 125.617118835, 61.1079559326, 78.0948104858, 79.3792266846, 48.9421234131, 35.9437294006, 19.4664592743, 8.15644836426, 1.16493415833, 0.0270973779261, 0.00296723539941, 0.000316296063829],
        "mean": [0.138043910265, 1.26092743874, 2.57399177551, 3.87975716591, 4.59023571014, 4.55927276611, 9.03258895874, 7.56730031967, 10.4380931854, 10.1667566299, 22.6152000427, 46.425655365, 79.7785415649, 64.8746414185, 30.7776756287, 25.1140022278, 27.0078868866, 34.2722663879, 39.8605422974, 47.5174217224, 69.6112594604, 38.2687416077, 29.9549388885, 27.9000778198, 22.0041160583, 17.4600334167, 8.07836914062, 6.62762880325, 6.65469455719, 6.41410112381, 4.82702922821, 3.26896739006, 2.24031186104, 1.05011832714, 0.6629088521, 0.212127611041, 0.0253211241215, 0.000703349593095, 4.73884174426e-05, 3.56120435754e-05],
        "min": [1.04255192923e-07, 6.41112535504e-07, 4.21678441853e-06, 2.61823697656e-05, 0.00011761643691, 0.000799562083557, 0.00319315562956, 0.0112789114937, 0.0275094043463, 0.055801499635, 0.0450998619199, 0.154837533832, 0.376103430986, 0.719989538193, 0.724161088467, 0.291319817305, 0.551608085632, 0.175685420632, 0.140134215355, 0.105591550469, 0.17180454731, 0.0753469467163, 0.0187852922827, 0.018308872357, 0.013302189298, 0.0283833127469, 0.0487034395337, 0.0162826217711, 0.0140043403953, 0.00500016892329, 0.00329365301877, 0.00230066198856, 0.00176655163523, 0.00413473695517, 0.00115322950296, 5.87798713241e-05, 6.27192412139e-06, 1.04279604329e-06, 2.13479142985e-06, 4.31053734928e-07],
        "stdev": [0.27372983098, 2.32652330399, 4.15458345413, 5.81218242645, 5.94128656387, 6.27001047134, 13.7990379333, 10.6682472229, 16.8634147644, 15.5363731384, 27.8670158386, 65.4105453491, 106.540672302, 103.264938354, 42.6349983215, 29.8371505737, 28.6496906281, 42.7289543152, 57.7403259277, 64.1295852661, 110.623725891, 50.801235199, 38.3208694458, 47.5585632324, 28.3755245209, 21.5393486023, 8.65531921387, 7.1604642868, 8.8943157196, 8.3941526413, 7.24444103241, 6.34847259521, 4.36133527756, 2.4020216465, 1.43232297897, 0.512507379055, 0.0648800805211, 0.00169517204631, 0.000101444085885, 2.44266811933e-05]
    },
    "gfcc": {
        "mean": [10.4267749786, 78.6868362427, -157.142044067, 31.4221153259, -67.9916687012, 27.5640888214, -35.8872795105, 18.8940525055, -19.065612793, -3.30323028564, -18.4329853058, -5.99859714508, -3.09675598145],
        "cov": [[3513.85888672, 323.339752197, 2034.47167969, 1294.18566895, 648.609619141, 90.3606948853, -551.21887207, 262.724761963, -180.816268921, 344.721405029, -49.0867652893, 472.514801025, -163.713424683], [323.339752197, 1625.4597168, 1331.88061523, 897.476867676, 574.708740234, 138.928512573, 54.8997344971, -76.1677856445, 59.8595657349, 56.9780158997, 155.837814331, 91.1079940796, 43.4994163513], [2034.47167969, 1331.88061523, 2641.11987305, 1506.90966797, 922.961547852, 287.027038574, -301.256866455, 150.53515625, -94.5804367065, 337.174041748, 50.022644043, 425.070251465, -104.6796875], [1294.18566895, 897.476867676, 1506.90966797, 1067.59204102, 556.237976074, 102.296958923, -202.418579102, 61.7140350342, -29.1911239624, 156.506912231, 73.1505661011, 232.159561157, -34.6531715393], [648.609619141, 574.708740234, 922.961547852, 556.237976074, 462.65914917, 153.699462891, -36.8451118469, 103.461135864, -9.99814987183, 129.490997314, 34.9976005554, 142.623199463, -25.7439975739], [90.3606948853, 138.928512573, 287.027038574, 102.296958923, 153.699462891, 213.825973511, 109.816825867, 47.3675994873, 28.6574935913, 73.6531906128, 5.89047718048, 49.3208198547, 8.17441940308], [-551.21887207, 54.8997344971, -301.256866455, -202.418579102, -36.8451118469, 109.816825867, 260.842468262, 4.48154878616, 73.8689651489, -25.710609436, 16.3014812469, -72.5012283325, 48.4619445801], [262.724761963, -76.1677856445, 150.53515625, 61.7140350342, 103.461135864, 47.3675994873, 4.48154878616, 144.278488159, 15.6934947968, 68.5907440186, -11.6297388077, 53.5492591858, -17.8749675751], [-180.816268921, 59.8595657349, -94.5804367065, -29.1911239624, -9.99814987183, 28.6574935913, 73.8689651489, 15.6934947968, 94.3934631348, 9.04999828339, 33.761100769, -21.3067798615, 28.7699337006], [344.721405029, 56.9780158997, 337.174041748, 156.506912231, 129.490997314, 73.6531906128, -25.710609436, 68.5907440186, 9.04999828339, 136.079284668, 18.5232620239, 85.1568450928, -25.3118133545], [-49.0867652893, 155.837814331, 50.022644043, 73.1505661011, 34.9976005554, 5.89047718048, 16.3014812469, -11.6297388077, 33.761100769, 18.5232620239, 78.9606933594, 8.11041736603, 17.8243236542], [472.514801025, 91.1079940796, 425.070251465, 232.159561157, 142.623199463, 49.3208198547, -72.5012283325, 53.5492591858, -21.3067798615, 85.1568450928, 8.11041736603, 138.163299561, -7.83092498779], [-163.713424683, 43.4994163513, -104.6796875, -34.6531715393, -25.7439975739, 8.17441940308, 48.4619445801, -17.8749675751, 28.7699337006, -25.3118133545, 17.8243236542, -7.83092498779, 66.9558105469]],
        "icov": [[0.00114986544941, -0.00021321127133, 0.000624423497356, -0.00167044682894, 0.000843961024657, -0.000985900172964, 0.00146661303006, -0.00142060907092, 0.00102411292028, -0.000944028492086, 0.00122571259271, -0.00139313819818, 0.000779666414019], [-0.00021321127133, 0.00653766887262, -0.00516248587519, 0.00134790001903, -0.00578839844093, 0.00672525959089, -0.00672021508217, 0.00700415996835, -0.00428795907646, 0.00362466555089, -0.00527473445982, 0.00459661521018, -0.00330040114932], [0.000624423497356, -0.00516248587519, 0.00879765395075, -0.00573266996071, 0.00244682352059, -0.00789570063353, 0.00680819200352, -0.00430577946827, 0.0046677114442, -0.00527971796691, 0.00660021603107, -0.00676410691813, 0.00494593940675], [-0.00167044682894, 0.00134790001903, -0.00573266996071, 0.0104038994759, -0.00496215373278, 0.00491652358323, -0.00175374990795, 0.00384973059408, -0.00480659119785, 0.00461236992851, -0.0055082202889, 0.0024929002393, -0.00318224984221], [0.000843961024657, -0.00578839844093, 0.00244682352059, -0.00496215373278, 0.0170990843326, -0.00894664414227, 0.00468635093421, -0.0122617008165, 0.00704001868144, -0.00320775643922, 0.00265968032181, -0.00243660155684, 0.00285203708336], [-0.000985900172964, 0.00672525959089, -0.00789570063353, 0.00491652358323, -0.00894664414227, 0.0211830213666, -0.0152781968936, 0.00963459163904, -0.00627530179918, 0.000766706827562, -0.00325620640069, 0.00337244477123, -0.00472778454423], [0.00146661303006, -0.00672021508217, 0.00680819200352, -0.00175374990795, 0.00468635093421, -0.0152781968936, 0.0202731825411, -0.00917931739241, 0.00206168810837, -0.0029965005815, 0.00486514251679, -0.00185203331057, 0.000700933975168], [-0.00142060907092, 0.00700415996835, -0.00430577946827, 0.00384973059408, -0.0122617008165, 0.00963459163904, -0.00917931739241, 0.0222468804568, -0.0100190863013, 0.00041472245357, -0.00131726032123, 0.00100890814792, -0.00114043406211], [0.00102411292028, -0.00428795907646, 0.0046677114442, -0.00480659119785, 0.00704001868144, -0.00627530179918, 0.00206168810837, -0.0100190863013, 0.0235933959484, -0.00715844938532, -0.00182637211401, 0.0009760344401, -0.00283784233034], [-0.000944028492086, 0.00362466555089, -0.00527971796691, 0.00461236992851, -0.00320775643922, 0.000766706827562, -0.0029965005815, 0.00041472245357, -0.00715844938532, 0.0226909294724, -0.00945043563843, -0.0036627324298, 0.00416358653456], [0.00122571259271, -0.00527473445982, 0.00660021603107, -0.0055082202889, 0.00265968032181, -0.00325620640069, 0.00486514251679, -0.00131726032123, -0.00182637211401, -0.00945043563843, 0.026035707444, -0.00621262378991, 0.000993645517156], [-0.00139313819818, 0.00459661521018, -0.00676410691813, 0.0024929002393, -0.00243660155684, 0.00337244477123, -0.00185203331057, 0.00100890814792, 0.0009760344401, -0.0036627324298, -0.00621262378991, 0.0276146028191, -0.0123367728665], [0.000779666414019, -0.00330040114932, 0.00494593940675, -0.00318224984221, 0.00285203708336, -0.00472778454423, 0.000700933975168, -0.00114043406211, -0.00283784233034, 0.00416358653456, 0.000993645517156, -0.0123367728665, 0.0270193237811]]
    },
    "melbands": {
        "max": [0.0273084621876, 0.0270169489086, 0.0104358550161, 0.00385920424014, 0.00476287817582, 0.00374517869204, 0.0036377266515, 0.00266316276975, 0.00353430001996, 0.0063591892831, 0.00452922377735, 0.00649210438132, 0.00367158837616, 0.00249927071854, 0.000902417756151, 0.000599962018896, 0.00125946046319, 0.00176160887349, 0.00107944954652, 0.00155591510702, 0.00174782949034, 0.000576433259994, 0.000232764927205, 0.000350848509697, 0.000507133139763, 0.000216897780774, 0.000264571484877, 8.88983049663e-05, 7.74424261181e-05, 3.31254013872e-05, 6.2817511207e-05, 6.65306433802e-05, 5.42127527297e-05, 3.75170602638e-05, 4.42425662186e-05, 4.48527134722e-05, 6.36201002635e-05, 4.12774243159e-05, 3.04102559312e-05, 3.08544294967e-05],
        "mean": [0.00141356419772, 0.00146187201608, 0.000689999840688, 0.000317044148687, 0.000290658848826, 0.000184165386599, 0.000158392387675, 0.000111160807137, 0.000202678958885, 0.000315800512908, 0.00040001119487, 0.000269487150945, 0.000118378498883, 6.41575243208e-05, 6.07679467066e-05, 5.66164635529e-05, 6.47063206998e-05, 6.12941003055e-05, 5.95700767008e-05, 7.26030630176e-05, 8.58927014633e-05, 4.42606760771e-05, 2.57978226728e-05, 2.57750925812e-05, 2.26072243095e-05, 1.52810407599e-05, 1.62216583703e-05, 1.01483810795e-05, 5.20985122421e-06, 3.98541169488e-06, 3.73123953068e-06, 3.71871715288e-06, 3.62746891369e-06, 3.63304820894e-06, 2.94617575491e-06, 2.19192543227e-06, 1.91963113139e-06, 1.69725285559e-06, 1.1563387261e-06, 7.70494068547e-07],
        "min": [1.69822003682e-10, 1.67661162731e-09, 7.01524971447e-09, 2.04954044847e-08, 7.23102218103e-08, 2.18735266344e-07, 3.22156125776e-07, 6.20159084974e-07, 4.00572957915e-07, 9.43165389344e-07, 1.95726829588e-06, 1.94959761757e-06, 8.81415644471e-07, 7.86114924267e-07, 8.43658426675e-07, 6.8558813382e-07, 2.90821475346e-07, 2.80522442608e-07, 9.18737015354e-08, 1.39840750535e-07, 2.36491672467e-07, 1.04282605662e-07, 8.56501802815e-09, 1.97837106697e-08, 1.34344073643e-08, 1.46127820955e-08, 5.95855897956e-09, 2.0333480677e-08, 4.15800442966e-08, 1.27669146366e-08, 6.97570134989e-09, 9.73097158408e-09, 4.91888707543e-09, 1.74621794802e-09, 1.59233848329e-09, 2.55711118946e-09, 7.98334065522e-10, 4.93500462717e-10, 3.74832076488e-09, 2.92734614327e-09],
        "stdev": [0.00262638018467, 0.00230873608962, 0.000912489718758, 0.000400818680646, 0.000418982206611, 0.000263767607976, 0.000252218713285, 0.000158163369633, 0.00025830778759, 0.000455929693999, 0.000544024631381, 0.000436560745584, 0.00019621476531, 8.73203098308e-05, 6.41641308903e-05, 6.37380944681e-05, 9.04097541934e-05, 9.06224886421e-05, 8.97530626389e-05, 0.000126368526253, 0.000146748308907, 6.72632522765e-05, 3.1057785236e-05, 3.65132109437e-05, 4.34887042502e-05, 1.93885480257e-05, 2.53817197517e-05, 1.23710169646e-05, 6.40077678327e-06, 4.18365470978e-06, 4.31442504123e-06, 5.00103033119e-06, 5.08303264724e-06, 4.80794687974e-06, 4.41382826466e-06, 3.84992290492e-06, 4.13843372371e-06, 3.34944775204e-06, 2.48140918302e-06, 1.87012540209e-06]
    },
    "melbands128": {
        "max": [0.017375363037, 0.0337626449764, 0.0426471829414, 0.047424454242, 0.0315273404121, 0.0164604559541, 0.0200298801064, 0.00758833903819, 0.00542157702148, 0.00540429260582, 0.00390229444019, 0.00465885642916, 0.00760670658201, 0.008001787588, 0.00271968357265, 0.00795426405966, 0.00892775692046, 0.00280389771797, 0.00725872535259, 0.00376106705517, 0.00231438479386, 0.00222031958401, 0.00585894053802, 0.00550297275186, 0.00791512895375, 0.00939790531993, 0.00644266558811, 0.00736337248236, 0.00966580398381, 0.00844239071012, 0.0119889993221, 0.0060271481052, 0.00640072347596, 0.00160890689585, 0.00209610816091, 0.00384469144046, 0.00135047547519, 0.0014384475071, 0.00174268428236, 0.00129075103905, 0.00115447340067, 0.00109549344052, 0.00172752910294, 0.00207374687307, 0.0027135068085, 0.00298931705765, 0.00348637090065, 0.00167555629741, 0.0010123810498, 0.00256203347817, 0.00192836252972, 0.00409681210294, 0.00363894784823, 0.0023783587385, 0.00189030531328, 0.00062379182782, 0.000425739475759, 0.000484112591948, 0.000401499273721, 0.000552755198441, 0.000745166908018, 0.000597557984293, 0.00107983266935, 0.00105483434163, 0.000319595157634, 0.000357455865014, 0.000292009994155, 0.00032504813862, 0.000536917650606, 0.000314155477099, 0.000179844515515, 0.000131856213557, 0.000153705754201, 0.000128031315398, 8.00899870228e-05, 5.12806545885e-05, 4.18393428845e-05, 7.72658167989e-05, 5.48133648408e-05, 9.9418713944e-05, 5.36556362931e-05, 0.000104325503344, 0.00012702481763, 5.12069454999e-05, 5.36866209586e-05, 4.67355712317e-05, 6.71197340125e-05, 7.8658988059e-05, 5.65945774724e-05, 7.20109164831e-05, 4.06895342167e-05, 4.66150231659e-05, 7.34455752536e-05, 9.2272508482e-05, 6.82145691826e-05, 4.57643509435e-05, 4.43577118858e-05, 3.8915535697e-05, 4.60904739157e-05, 3.05079975078e-05, 4.63699216198e-05, 3.42878520314e-05, 2.14030460484e-05, 2.49046024692e-05, 3.28426649503e-05, 2.65070393652e-05, 2.15363761527e-05, 3.31709161401e-05, 1.16634237202e-05, 1.14434060379e-05, 8.50683591125e-06, 7.13885310688e-06, 2.40336908064e-06, 2.0661670419e-07, 1.54537730168e-07, 1.12603245839e-07, 1.01211561798e-07, 9.71309290776e-08, 9.43673796883e-08, 9.19926321785e-08, 8.97288217061e-08, 8.79413590837e-08, 8.60154969473e-08, 8.45128838023e-08, 8.3323989486e-08, 8.23121339977e-08, 8.15804241938e-08, 8.1129634566e-08],
        "mean": [0.000212743645534, 0.000920092512388, 0.00207072519697, 0.00209073652513, 0.00147358665708, 0.000976651674137, 0.00081142334966, 0.000647495384328, 0.00045249791583, 0.000296194892144, 0.000212353013922, 0.000290033756755, 0.000373323069653, 0.000219822992221, 0.000123673889902, 0.000214601357584, 0.00019127035921, 0.00014332223509, 0.000124901649542, 0.000111086781544, 8.81224768818e-05, 0.000145191515912, 0.000229906727327, 0.000238411797909, 0.000268850795692, 0.00033783717663, 0.000456302717794, 0.000447180238552, 0.000302279018797, 0.000328254565829, 0.000247106159804, 0.000168566519278, 0.000127734514535, 6.85543491272e-05, 5.29162534804e-05, 6.945921632e-05, 7.49698083382e-05, 4.53607426607e-05, 6.8970832217e-05, 6.1130253016e-05, 4.55501758552e-05, 6.28978159511e-05, 6.7764747655e-05, 6.67897693347e-05, 5.41788904229e-05, 5.60176194995e-05, 7.7523640357e-05, 5.82130014664e-05, 4.69055339636e-05, 7.14388806955e-05, 7.28418526705e-05, 7.84428120824e-05, 8.69892828632e-05, 9.19037047424e-05, 7.95333326096e-05, 3.3238226024e-05, 2.03304280149e-05, 2.67742361757e-05, 2.55812374235e-05, 3.00086667266e-05, 2.62720623141e-05, 1.99289515876e-05, 2.99583989545e-05, 2.19192443183e-05, 1.40544889291e-05, 1.43534771269e-05, 1.71488154592e-05, 1.48053059092e-05, 1.72595136974e-05, 1.65109486261e-05, 1.02851399788e-05, 7.12910104994e-06, 5.69815983908e-06, 5.24467941432e-06, 3.91299954572e-06, 4.01647275794e-06, 4.02305795433e-06, 3.85655903301e-06, 3.6824160361e-06, 3.61019488082e-06, 3.60622402695e-06, 3.83799624615e-06, 3.83891710953e-06, 3.61477759725e-06, 3.42470980286e-06, 3.50823302142e-06, 3.87622503695e-06, 3.58618603968e-06, 2.8786207622e-06, 2.5146111966e-06, 2.3259176487e-06, 2.06942650038e-06, 2.01803118216e-06, 1.9634110231e-06, 1.77486094799e-06, 1.90192429272e-06, 1.68258497979e-06, 1.4432507669e-06, 1.19018648093e-06, 9.93110347736e-07, 9.09577806851e-07, 7.40360633245e-07, 5.71334680899e-07, 7.20703383195e-07, 8.3320099975e-07, 8.3841388232e-07, 6.96826816693e-07, 4.39994977341e-07, 3.01043144191e-07, 2.51233188919e-07, 1.99253832989e-07, 1.18212575728e-07, 3.7099571415e-08, 2.72061417839e-09, 1.94377380858e-09, 1.64313351814e-09, 3.53043094758e-10, 6.38640945683e-11, 6.19524223588e-11, 6.03782926434e-11, 5.88816426172e-11, 5.77104197763e-11, 5.6474835225e-11, 5.54709958522e-11, 5.4544986583e-11, 5.36155460307e-11, 5.29953685102e-11, 5.26819698976e-11],
        "min": [1.30346167887e-11, 2.41096118764e-11, 4.01160250851e-11, 1.58311141973e-10, 7.7413506161e-11, 8.93217499964e-10, 8.21964496467e-10, 4.13445544467e-09, 2.35462782605e-09, 7.08151581819e-09, 3.41206063403e-09, 7.95101406936e-09, 4.46247057084e-08, 6.4827062829e-08, 4.25712265439e-08, 1.31392514646e-08, 5.92635558405e-08, 3.89678689316e-08, 3.01541653869e-08, 2.45139204935e-07, 3.46118781636e-07, 3.89311367144e-07, 1.01771462369e-07, 3.59201379752e-07, 2.15579461837e-07, 2.07301170008e-07, 4.98547365169e-07, 1.60479487477e-06, 1.10049950308e-06, 6.5773173219e-07, 5.98413350872e-07, 3.76056675577e-07, 3.28833209551e-07, 2.76779445585e-07, 2.0225343178e-07, 1.55671983748e-07, 1.33632738653e-07, 1.23449808598e-07, 8.02065684979e-08, 1.23837381238e-07, 5.2904415071e-08, 3.14185477635e-08, 2.17550848447e-07, 2.11668250927e-07, 9.21790785924e-08, 2.83197010731e-07, 5.63606050719e-08, 1.8324881168e-08, 1.20198535569e-07, 2.42513181092e-07, 7.22578548107e-08, 1.38417348694e-07, 1.87197500168e-07, 3.3493358842e-07, 2.43510385189e-07, 5.7350835192e-08, 1.06828927926e-08, 4.46685932687e-09, 8.47421421923e-09, 1.2739477917e-08, 3.17932951077e-08, 1.17044098857e-08, 1.3644428698e-08, 1.15753371333e-08, 1.75996053287e-08, 2.33145041051e-08, 5.58378721038e-09, 1.24171706251e-09, 5.93496451984e-09, 1.23476890934e-08, 2.1449077181e-08, 1.25368462278e-08, 1.97027620885e-08, 2.63380890431e-08, 7.63515028979e-09, 6.27458929259e-09, 1.94306508661e-08, 6.41117781086e-09, 3.42623263094e-09, 7.30463423082e-09, 1.65236695437e-08, 5.9412754716e-09, 2.36399988474e-09, 8.0886124465e-09, 2.09510608862e-09, 2.08015804581e-09, 1.40698108719e-09, 1.45683620723e-09, 1.38359090851e-09, 2.33985320008e-09, 1.09420883465e-09, 4.54568782615e-09, 1.51575163532e-09, 5.86159121241e-10, 1.73043732121e-10, 2.26560450955e-10, 4.21355117464e-10, 1.25309240762e-09, 7.13554215714e-10, 4.25036228435e-09, 3.64760865956e-09, 1.60180563258e-10, 3.6381694879e-10, 3.91540216915e-10, 2.18028359256e-10, 1.01246684647e-10, 5.63770211071e-12, 1.15867504393e-12, 4.43239547713e-13, 3.69176206532e-13, 2.8127570802e-13, 2.66415118048e-13, 2.34106598039e-13, 2.52201417302e-13, 2.60859557696e-13, 2.71296982275e-13, 3.42713785953e-13, 2.93121321486e-13, 2.84840727394e-13, 3.07090019646e-13, 2.93337023508e-13, 2.44233588432e-13, 3.2577437384e-13, 3.53923162479e-13, 2.02734828708e-13, 7.73577369154e-14, 1.04459321781e-14, 4.07587198491e-16],
        "stdev": [0.00101218360942, 0.00211698398925, 0.00398702546954, 0.00401875004172, 0.00261980853975, 0.00158680870663, 0.00136964418925, 0.00102899817284, 0.000680546741933, 0.000483363226522, 0.000358732620953, 0.000469920050818, 0.000627449247986, 0.000416160764871, 0.000203193587367, 0.000432446046034, 0.000429318082752, 0.000274262274615, 0.000315022101859, 0.00020821383805, 0.000156889960635, 0.000217997265281, 0.000375123607228, 0.000440056872321, 0.000473506690469, 0.000649007735774, 0.000747616635635, 0.000708063598722, 0.000612320727669, 0.000603764900006, 0.000587820075452, 0.000378083990654, 0.00027538719587, 0.000100759978523, 9.54703209572e-05, 0.000127476712805, 0.000109790751594, 7.57614034228e-05, 9.76560695563e-05, 9.72679408733e-05, 7.4174880865e-05, 8.6866406491e-05, 0.000118200390716, 0.00014543060388, 0.000118879368529, 0.000102174264612, 0.000197418557946, 0.000134733665618, 8.21564390208e-05, 0.000164982484421, 0.000168955069967, 0.000231921003433, 0.000224460221943, 0.000202748065931, 0.000171935054823, 6.58365097479e-05, 3.35276527039e-05, 4.1711711674e-05, 4.09382701037e-05, 5.9108449932e-05, 5.30349752808e-05, 3.95838214899e-05, 8.63928289618e-05, 5.05783464178e-05, 2.58875188592e-05, 2.31562407862e-05, 2.83603603748e-05, 2.88494520646e-05, 4.17636874772e-05, 2.9693090255e-05, 1.68092592503e-05, 1.09600823635e-05, 8.89034072316e-06, 8.13676342659e-06, 5.05384014104e-06, 4.85597638544e-06, 4.97604014527e-06, 5.08356970386e-06, 4.81750385006e-06, 5.19159948453e-06, 4.77230423712e-06, 6.69131304676e-06, 6.54886798657e-06, 5.48478055862e-06, 5.07738923261e-06, 5.28059854332e-06, 5.54040116185e-06, 5.55303586225e-06, 4.90796810482e-06, 4.64048116555e-06, 4.05196669817e-06, 3.98834527005e-06, 4.47128013548e-06, 4.68873031423e-06, 4.28832754551e-06, 4.14608166466e-06, 3.35914569405e-06, 2.98370264318e-06, 2.69206225312e-06, 2.48991409535e-06, 2.44679222305e-06, 1.90976356862e-06, 1.33775222366e-06, 1.78955417596e-06, 2.07449875234e-06, 1.74070316916e-06, 1.74581384726e-06, 1.4701810187e-06, 7.66314940392e-07, 7.46489092762e-07, 5.30577835889e-07, 3.30952161676e-07, 1.2229780566e-07, 1.07339452882e-08, 7.7604642712e-09, 6.3870375655e-09, 2.73351674629e-09, 2.39400854696e-09, 2.32584684845e-09, 2.26734164777e-09, 2.21156670754e-09, 2.16752193971e-09, 2.12005302203e-09, 2.08299666404e-09, 2.05370453976e-09, 2.02877448174e-09, 2.01074046302e-09, 1.99962357783e-09]
    },
    "mfcc": {
        "mean": [-614.195983887, 99.4220199585, -25.9200534821, 5.24235296249, -4.1608672142, 3.1370871067, -2.03409099579, 12.2895536423, 6.72546005249, 8.05073165894, -2.63168048859, -4.98879003525, -2.93549799919],
        "cov": [[2503.32397461, -130.930618286, 975.990356445, 853.38885498, 774.493469238, 51.2745819092, -52.1854705811, 7.17546749115, -104.614082336, -38.4687652588, -90.3230438232, 86.6935043335, 256.47052002], [-130.930618286, 1059.77001953, 790.649658203, 661.162963867, 497.724578857, 336.692504883, 184.288360596, 83.4134902954, 16.6396980286, 12.7915410995, 60.7883529663, 55.2554931641, 126.872291565], [975.990356445, 790.649658203, 1616.9765625, 1154.47473145, 1011.34747314, 417.433441162, 151.705230713, 73.3444137573, -30.6407775879, -48.3278961182, 18.9478321075, 136.265930176, 287.397186279], [853.38885498, 661.162963867, 1154.47473145, 1065.85046387, 823.227294922, 252.038497925, 91.7296981812, 55.4824485779, -59.7904701233, -36.6689987183, -11.0764093399, 100.483818054, 239.668014526], [774.493469238, 497.724578857, 1011.34747314, 823.227294922, 803.493408203, 228.831207275, 113.044876099, 58.8536338806, -20.5651283264, -15.0772590637, 10.7154016495, 103.021621704, 214.161682129], [51.2745819092, 336.692504883, 417.433441162, 252.038497925, 228.831207275, 268.120269775, 120.103652954, 55.6608963013, 42.4676856995, 14.4462995529, 40.1446495056, 40.6178474426, 63.6915016174], [-52.1854705811, 184.288360596, 151.705230713, 91.7296981812, 113.044876099, 120.103652954, 146.67805481, 58.2486877441, 54.3254776001, 37.1415061951, 35.760684967, 27.8991947174, 27.0130367279], [7.17546749115, 83.4134902954, 73.3444137573, 55.4824485779, 58.8536338806, 55.6608963013, 58.2486877441, 86.5811386108, 49.4050712585, 28.3272628784, 11.3603458405, 12.3531694412, 23.3978004456], [-104.614082336, 16.6396980286, -30.6407775879, -59.7904701233, -20.5651283264, 42.4676856995, 54.3254776001, 49.4050712585, 105.659729004, 45.5075569153, 26.2825813293, 10.2747077942, 0.438831567764], [-38.4687652588, 12.7915410995, -48.3278961182, -36.6689987183, -15.0772590637, 14.4462995529, 37.1415061951, 28.3272628784, 45.5075569153, 79.3999557495, 37.8115768433, 11.7337121964, -0.806985497475], [-90.3230438232, 60.7883529663, 18.9478321075, -11.0764093399, 10.7154016495, 40.1446495056, 35.760684967, 11.3603458405, 26.2825813293, 37.8115768433, 77.3556365967, 27.4232368469, 4.63637495041], [86.6935043335, 55.2554931641, 136.265930176, 100.483818054, 103.021621704, 40.6178474426, 27.8991947174, 12.3531694412, 10.2747077942, 11.7337121964, 27.4232368469, 78.1346893311, 51.1643714905], [256.47052002, 126.872291565, 287.397186279, 239.668014526, 214.161682129, 63.6915016174, 27.0130367279, 23.3978004456, 0.438831567764, -0.806985497475, 4.63637495041, 51.1643714905, 117.126243591]],
        "icov": [[0.000995395705104, 0.00094881944824, -0.000267728260951, -0.000620052975137, -0.000480065325974, -0.000102699399577, 0.000272319361102, -0.000116834125947, 0.000474940170534, -0.000887546280865, 0.000595006567892, 0.000326127628796, -0.000561416498385], [0.00094881944824, 0.00324823730625, -0.000178921196493, -0.00234100245871, 0.000175912253326, -0.00155743572395, -0.000972614216153, -0.000260991044343, 0.000659010373056, -0.000541445624549, -0.000883642409462, 0.00131692690775, -0.000111657202069], [-0.000267728260951, -0.000178921196493, 0.00536413677037, -0.00215900503099, -0.00311134639196, -0.00381493777968, 0.0011676956201, 0.000715013360605, -0.000657479744405, 0.00225516036153, -0.00077809439972, -0.000292763084872, -0.000436249392806], [-0.000620052975137, -0.00234100245871, -0.00215900503099, 0.00808101706207, -0.00343611743301, 0.001306741382, 0.00116792402696, -0.00113739841618, 0.00231943419203, -0.000816581596155, 0.00210852432065, -0.000476068089483, -0.00170423765667], [-0.000480065325974, 0.000175912253326, -0.00311134639196, -0.00343611743301, 0.00949052441865, 0.00195762515068, -0.00313794193789, 8.75795594766e-05, -0.000368690380128, -0.000213471837924, -0.000775327847805, -0.000570766511373, -0.00190532556735], [-0.000102699399577, -0.00155743572395, -0.00381493777968, 0.001306741382, 0.00195762515068, 0.0114933624864, -0.00484464969486, -0.0007662238786, -0.00165223598015, 0.00101249199361, -0.00161664851476, 5.47584495507e-05, 9.31284157559e-05], [0.000272319361102, -0.000972614216153, 0.0011676956201, 0.00116792402696, -0.00313794193789, -0.00484464969486, 0.0158231351525, -0.00440648710355, -0.00203195260838, -0.00238907616585, -0.000384532148018, -0.00170965946745, 0.00155841046944], [-0.000116834125947, -0.000260991044343, 0.000715013360605, -0.00113739841618, 8.75795594766e-05, -0.0007662238786, -0.00440648710355, 0.0202877260745, -0.00707153743133, -0.00245939707384, 0.00254520331509, 0.0010322004091, -0.00221061892807], [0.000474940170534, 0.000659010373056, -0.000657479744405, 0.00231943419203, -0.000368690380128, -0.00165223598015, -0.00203195260838, -0.00707153743133, 0.0185424853116, -0.00627866527066, 0.000394858798245, -0.000353564857505, -0.00140667776577], [-0.000887546280865, -0.000541445624549, 0.00225516036153, -0.000816581596155, -0.000213471837924, 0.00101249199361, -0.00238907616585, -0.00245939707384, -0.00627866527066, 0.0231390427798, -0.00954500958323, 0.00015489247744, 4.24680147262e-05], [0.000595006567892, -0.000883642409462, -0.00077809439972, 0.00210852432065, -0.000775327847805, -0.00161664851476, -0.000384532148018, 0.00254520331509, 0.000394858798245, -0.00954500958323, 0.0225585885346, -0.00718150567263, 0.00130289408844], [0.000326127628796, 0.00131692690775, -0.000292763084872, -0.000476068089483, -0.000570766511373, 5.47584495507e-05, -0.00170965946745, 0.0010322004091, -0.000353564857505, 0.00015489247744, -0.00718150567263, 0.021936789155, -0.00854216143489], [-0.000561416498385, -0.000111657202069, -0.000436249392806, -0.00170423765667, -0.00190532556735, 9.31284157559e-05, 0.00155841046944, -0.00221061892807, -0.00140667776577, 4.24680147262e-05, 0.00130289408844, -0.00854216143489, 0.0216466318816]]
    },
    "spectral_contrast_coeffs": {
        "max": [-0.546411931515, -0.497179090977, -0.543863654137, -0.607272386551, -0.621930837631, -0.674983859062],
        "mean": [-0.747894465923, -0.750415503979, -0.752844572067, -0.792019188404, -0.780648648739, -0.756119191647],
        "min": [-0.94353556633, -0.916104018688, -0.903809964657, -0.887654662132, -0.874459981918, -0.857968211174],
        "stdev": [0.0578833930194, 0.0721617415547, 0.0527862608433, 0.0498342551291, 0.0455256141722, 0.0289197284728]
    },
    "spectral_contrast_valleys": {
        "max": [-4.93174648285, -5.21852111816, -4.94434261322, -5.83914804459, -5.81364011765, -7.86481189728],
        "mean": [-7.10356092453, -6.70742225647, -6.72735261917, -6.90335226059, -7.17087364197, -9.8486032486],
        "min": [-12.2725124359, -8.84060573578, -8.39558792114, -9.04674911499, -9.84845352173, -12.6356153488],
        "stdev": [1.68003344536, 0.631068170071, 0.530498325825, 0.443290024996, 0.499608427286, 0.753217816353]
    }
},
"rhythm": {
    "beats_count": 84,
    "beats_loudness": {
        "max": 0.0655889734626,
        "mean": 0.0292705632746,
        "min": 0.00731723662466,
        "stdev": 0.0146206719801
    },
    "bpm": 131.888595581,
    "bpm_histogram_first_peak_bpm": 133,
    "bpm_histogram_first_peak_weight": 0.328767120838,
    "bpm_histogram_second_peak_bpm": 157,
    "bpm_histogram_second_peak_spread": 0,
    "bpm_histogram_second_peak_weight": 0.0843373462558,
    "danceability": 0.953352510929,
    "onset_rate": 1.88611996174,
    "beats_loudness_band_ratio": {
        "max": [0.853933930397, 0.551259815693, 0.681376159191, 0.750092029572, 0.47599413991, 0.24627572298],
        "mean": [0.400347173214, 0.0917420238256, 0.183203354478, 0.179246157408, 0.136540740728, 0.053731828928],
        "min": [1.1908923625e-05, 0.000128489758936, 0.0239500924945, 0.0116122942418, 0.0164378006011, 0.00428731320426],
        "stdev": [0.260714322329, 0.0987420082092, 0.146140769124, 0.180904775858, 0.0977276861668, 0.0423981957138]
    },
