{
"metadata": {
    "version": {
        "essentia": "2.1-beta5",
        "essentia_git_sha": "Undefined",
        "extractor": "music 2.0"
    },
    "audio_properties": {
        "analysis": {
            "equal_loudness": 0,
            "length": 48.7502937317,
            "sample_rate": 44100,
            "start_time": 12.7477550507,
            "downmix": "mix"
        },
        "bit_rate": 192000,
        "length": 204.927734375,
        "lossless": 0,
        "number_channels": 2,
        "replay_gain": 3.41514778137,
        "sample_rate": 48000,
        "codec": "mp3",
        "md5_encoded": "a46abfd6619e3d45b59bf40a51566e96"
    },
    "tags": {
        "file_name": "Hungary_Kedvesem_ByeAlex.mp3",
        "encoding": ["Lavf58.29.100"]
    }
},
"lowlevel": {
    "average_loudness": 0.956814825535,
    "barkbands_crest": {
        "max": 24.0954284668,
        "mean": 12.5010719299,
        "min": 3.39369177818,
        "stdev": 3.9901714325
    },
    "barkbands_flatness_db": {
        "max": 0.406297624111,
        "mean": 0.202679499984,
        "min": 0.0557912439108,
        "stdev": 0.0562825426459
    },
    "barkbands_kurtosis": {
        "max": 195.890350342,
        "mean": 16.9101428986,
        "min": -1.9526860714,
        "stdev": 17.3856563568
    },
    "barkbands_skewness": {
        "max": 12.4024400711,
        "mean": 3.2094078064,
        "min": -2.23922848701,
        "stdev": 1.52146649361
    },
    "barkbands_spread": {
        "max": 105.688499451,
        "mean": 13.3652544022,
        "min": 0.744267582893,
        "stdev": 13.9601745605
    },
    "dissonance": {
        "max": 0.49940598011,
        "mean": 0.457593590021,
        "min": 0.24232879281,
        "stdev": 0.0307190269232
    },
    "dynamic_complexity": 2.77694249153,
    "erbbands_crest": {
        "max": 32.7325401306,
        "mean": 9.44000720978,
        "min": 2.46762299538,
        "stdev": 5.37072515488
    },
    "erbbands_flatness_db": {
        "max": 0.331384778023,
        "mean": 0.156316593289,
        "min": 0.0595078356564,
        "stdev": 0.0503130294383
    },
    "erbbands_kurtosis": {
        "max": 22.8828163147,
        "mean": 1.1983089447,
        "min": -1.82345080376,
        "stdev": 2.72931218147
    },
    "erbbands_skewness": {
        "max": 3.4592359066,
        "mean": 0.729731202126,
        "min": -4.44340753555,
        "stdev": 1.01231110096
    },
    "erbbands_spread": {
        "max": 130.164672852,
        "mean": 47.4657936096,
        "min": 4.61352348328,
        "stdev": 22.4853591919
    },
    "hfc": {
        "max": 260.120635986,
        "mean": 20.6349658966,
        "min": 0.250448465347,
        "stdev": 29.6520061493
    },
    "loudness_ebu128": {
        "integrated": -25.8252182007,
        "loudness_range": 5.62762260437,
        "momentary": {
            "max": -22.2262363434,
            "mean": -26.6082382202,
            "min": -43.5841445923,
            "stdev": 3.0117764473
        },
        "short_term": {
            "max": -24.2999343872,
            "mean": -26.1981983185,
            "min": -31.9536857605,
            "stdev": 2.08247566223
        }
    },
    "melbands_crest": {
        "max": 33.0231361389,
        "mean": 16.8450317383,
        "min": 5.46105766296,
        "stdev": 4.91573524475
    },
    "melbands_flatness_db": {
        "max": 0.506622195244,
        "mean": 0.274789512157,
        "min": 0.0475395470858,
        "stdev": 0.0693260207772
    },
    "melbands_kurtosis": {
        "max": 379.316345215,
        "mean": 38.391078949,
        "min": -1.82653558254,
        "stdev": 34.3366470337
    },
    "melbands_skewness": {
        "max": 13.1456794739,
        "mean": 4.44489812851,
        "min": -0.17593690753,
        "stdev": 1.87945795059
    },
    "melbands_spread": {
        "max": 190.037521362,
        "mean": 10.884560585,
        "min": 0.735615313053,
        "stdev": 16.2317733765
    },
    "pitch_salience": {
        "max": 0.857258915901,
        "mean": 0.513191401958,
        "min": 0.170689165592,
        "stdev": 0.112141571939
    },
    "silence_rate_20dB": {
        "max": 1,
        "mean": 1,
        "min": 1,
        "stdev": 0
    },
    "silence_rate_30dB": {
        "max": 1,
        "mean": 0.888624489307,
        "min": 0,
        "stdev": 0.314597576857
    },
    "silence_rate_60dB": {
        "max": 1,
        "mean": 0.0218943357468,
        "min": 0,
        "stdev": 0.146342873573
    },
    "spectral_centroid": {
        "max": 4650.62988281,
        "mean": 707.123779297,
        "min": 185.138534546,
        "stdev": 561.122253418
    },
    "spectral_complexity": {
        "max": 51,
        "mean": 12.5616369247,
        "min": 1,
        "stdev": 7.79310369492
    },
    "spectral_decrease": {
        "max": -4.90832097189e-11,
        "mean": -1.27602755029e-08,
        "min": -9.4214961166e-08,
        "stdev": 1.30943345056e-08
    },
    "spectral_energy": {
        "max": 0.364122182131,
        "mean": 0.0500318184495,
        "min": 0.000207967183087,
        "stdev": 0.0506049357355
    },
    "spectral_energyband_high": {
        "max": 0.0407147854567,
        "mean": 0.00133129104506,
        "min": 1.75584671069e-06,
        "stdev": 0.00382228917442
    },
    "spectral_energyband_low": {
        "max": 0.326299190521,
        "mean": 0.0318453274667,
        "min": 2.16607546122e-07,
        "stdev": 0.0447167791426
    },
    "spectral_energyband_middle_high": {
        "max": 0.0329663343728,
        "mean": 0.00266568991356,
        "min": 6.43711027806e-05,
        "stdev": 0.0034560514614
    },
    "spectral_energyband_middle_low": {
        "max": 0.120865784585,
        "mean": 0.0171789824963,
        "min": 4.16773982579e-05,
        "stdev": 0.0151689574122
    },
    "spectral_entropy": {
        "max": 8.53530883789,
        "mean": 7.34438323975,
        "min": 5.42662000656,
        "stdev": 0.538662075996
    },
    "spectral_flux": {
        "max": 0.52955186367,
        "mean": 0.100785598159,
        "min": 0.00786490365863,
        "stdev": 0.0755576267838
    },
    "spectral_kurtosis": {
        "max": 27.4853954315,
        "mean": 4.1123456955,
        "min": -1.18192780018,
        "stdev": 3.6986181736
    },
    "spectral_rms": {
        "max": 0.0188478417695,
        "mean": 0.00631087319925,
        "min": 0.00045043847058,
        "stdev": 0.00299741164781
    },
    "spectral_rolloff": {
        "max": 9582.27539062,
        "mean": 688.805297852,
        "min": 64.599609375,
        "stdev": 1205.12451172
    },
    "spectral_skewness": {
        "max": 4.11204814911,
        "mean": 1.69045388699,
        "min": -0.344993501902,
        "stdev": 0.609346807003
    },
    "spectral_spread": {
        "max": 17651870,
        "mean": 5474029.5,
        "min": 1528801.5,
        "stdev": 1862941.375
    },
    "spectral_strongpeak": {
        "max": 12.2779417038,
        "mean": 0.635030150414,
        "min": 0,
        "stdev": 0.603259503841
    },
    "zerocrossingrate": {
        "max": 0.26611328125,
        "mean": 0.0397039353848,
        "min": 0.00244140625,
        "stdev": 0.0316506735981
    },
    "barkbands": {
        "max": [0.0113353990018, 0.285672098398, 0.141383394599, 0.0468903928995, 0.0718359649181, 0.0339643619955, 0.0223907697946, 0.0267925336957, 0.0234791599214, 0.0244488194585, 0.0112494211644, 0.00969156157225, 0.0153210107237, 0.00955186691135, 0.00762613862753, 0.00819443911314, 0.00232690945268, 0.0012183287181, 0.00490564107895, 0.00252804951742, 0.00933151226491, 0.0278682839125, 0.0155118908733, 0.00851005967706, 0.00609373673797, 0.00102353305556, 7.03687817349e-07],
        "mean": [0.000755433400627, 0.01891329512, 0.00930289272219, 0.00517498748377, 0.00639837095514, 0.00303679890931, 0.00091690570116, 0.00073123438051, 0.000696236442309, 0.000575031910557, 0.000319670652971, 0.000288936309516, 0.000504884752445, 0.000337869307259, 0.000256319734035, 0.000179845505045, 0.000127155391965, 6.31106158835e-05, 8.7747364887e-05, 6.60130463075e-05, 0.000161907679285, 0.000443410739535, 0.000263442023424, 0.000205313030165, 0.000172813379322, 5.22437003383e-05, 4.79832573674e-09],
        "min": [3.5666740672e-09, 2.74582330206e-08, 1.33016726522e-08, 4.36440785734e-08, 6.8393546826e-07, 4.78128754366e-07, 6.45640511721e-07, 7.44247586226e-07, 1.28487215534e-06, 6.8163853939e-07, 4.83526264361e-07, 1.79564153768e-06, 9.99436338134e-07, 3.7763140881e-06, 8.59472436332e-07, 8.92549451237e-07, 4.93707545957e-07, 5.7592791336e-07, 6.25249981567e-07, 4.65691925911e-07, 1.90237599895e-07, 1.92098909224e-07, 1.73482433752e-07, 1.15197536843e-07, 6.9835905947e-09, 3.10384162816e-10, 3.43459038987e-10],
        "stdev": [0.00130116741639, 0.0370732918382, 0.0120580634102, 0.00528090400621, 0.00853806734085, 0.00392533373088, 0.00162909540813, 0.0020642131567, 0.00164592312649, 0.00160003162455, 0.000798588560428, 0.000694462331012, 0.00141470169183, 0.000748694350477, 0.00072433805326, 0.000471919949632, 0.000222989110625, 0.000119011230709, 0.000274054968031, 0.000181325594895, 0.000590328592807, 0.00177902728319, 0.00100883597042, 0.000642190105282, 0.00041558148223, 0.000134300760692, 2.5714809837e-08]
    },
    "erbbands": {
        "max": [7.10744857788, 69.4320526123, 168.407669067, 136.232955933, 315.161132812, 201.892822266, 311.575469971, 299.107421875, 418.18359375, 635.4296875, 641.512634277, 454.851501465, 890.420593262, 683.879455566, 476.230804443, 493.13583374, 763.453552246, 502.540252686, 297.363311768, 724.495178223, 193.919662476, 123.818382263, 66.0266265869, 130.935150146, 319.783294678, 136.77923584, 190.070709229, 513.691650391, 1038.97241211, 889.041564941, 470.735717773, 215.203659058, 153.558990479, 102.704849243, 24.2425880432, 6.35457324982, 1.54708433151, 0.0345715917647, 0.00120422523469, 0.000474306056276],
        "mean": [0.685829162598, 3.76366782188, 8.65044879913, 17.0499343872, 21.9381084442, 17.4880619049, 17.6887569427, 26.6336860657, 18.64503479, 14.1011638641, 14.840795517, 17.2681713104, 18.8171691895, 12.8578214645, 13.950170517, 14.5935697556, 24.7569580078, 17.0832557678, 12.9329710007, 15.1479892731, 8.65046977997, 7.28502559662, 4.04727077484, 3.18036389351, 4.89460802078, 3.25484609604, 4.54569768906, 8.25875759125, 15.3632993698, 13.2766056061, 6.97296333313, 4.62723302841, 3.27031493187, 2.24130940437, 1.04433906078, 0.377792686224, 0.0663675889373, 0.00161280552857, 8.83393513504e-05, 6.43101884634e-05],
        "min": [9.35156151627e-07, 4.10211350754e-06, 2.0827710614e-05, 0.000181768482435, 0.000716872455087, 0.00195974810049, 0.0036902918946, 0.00484454538673, 0.00949110276997, 0.0215007308871, 0.0799078717828, 0.0387984476984, 0.0435993745923, 0.0371281094849, 0.068795569241, 0.0689495876431, 0.168599009514, 0.1569660604, 0.0921997129917, 0.094119258225, 0.0807620063424, 0.0380251891911, 0.0343526676297, 0.0256818346679, 0.0371044613421, 0.0290433373302, 0.00761903356761, 0.00772020500153, 0.00735055468976, 0.00719433324412, 0.00504315271974, 0.00333407451399, 0.00169548462145, 0.00040426387568, 1.74510223587e-05, 3.82018151868e-06, 1.10966539069e-06, 3.19159710216e-07, 2.19847493099e-07, 2.69117094831e-07],
        "stdev": [1.22125315666, 8.0766210556, 13.3452806473, 15.6173124313, 35.5112457275, 18.1015510559, 18.3763237, 35.7731513977, 30.7506504059, 35.6474914551, 43.5796585083, 40.280506134, 54.8854370117, 33.861530304, 34.729259491, 31.7489852905, 68.8913040161, 37.0498771667, 23.5601158142, 53.5046424866, 16.2848625183, 12.8103246689, 6.98534059525, 8.69152259827, 15.080121994, 9.19023036957, 15.0332422256, 31.2144470215, 65.2583618164, 52.8171920776, 27.9279842377, 15.6144685745, 9.89525032043, 5.93475294113, 2.41676998138, 0.925800442696, 0.181130230427, 0.00431593181565, 0.000164270488312, 6.6361950303e-05]
    },
    "gfcc": {
        "mean": [-17.1288070679, 114.147071838, -92.6104660034, 46.0432281494, -63.9020500183, 28.270236969, -48.5090255737, -5.65356349945, -23.7366123199, -2.004799366, -14.8329181671, -6.26653242111, -4.46092271805],
        "cov": [[5711.9140625, -1704.82324219, 1166.7442627, 250.305679321, -187.104736328, 689.20123291, -334.898223877, 792.21862793, -35.7520027161, 589.245056152, -363.709869385, 625.871704102, -303.121765137], [-1704.82324219, 1266.11108398, -239.548568726, -117.152778625, 249.6824646, -221.182830811, 172.639633179, -330.814544678, 88.727104187, -223.758102417, 222.780197144, -250.802444458, 151.470336914], [1166.7442627, -239.548568726, 879.281188965, 191.872039795, 186.115478516, 188.320480347, -99.5809936523, 187.935394287, -17.9821853638, 280.061737061, -11.3672332764, 243.04095459, -60.6486740112], [250.305679321, -117.152778625, 191.872039795, 519.819763184, 88.6068191528, 68.0302886963, 32.7460746765, -7.4745593071, 91.1271972656, 43.5510597229, 78.7233123779, 52.2375602722, 70.8269958496], [-187.104736328, 249.6824646, 186.115478516, 88.6068191528, 346.976104736, 39.3843040466, 41.2485618591, -15.5274524689, 24.9650611877, 93.8747634888, 82.9336547852, 25.5301647186, 47.3695220947], [689.20123291, -221.182830811, 188.320480347, 68.0302886963, 39.3843040466, 279.219787598, 45.1201171875, 142.695770264, 43.0591278076, 117.216011047, 11.6468524933, 109.927314758, 5.39947080612], [-334.898223877, 172.639633179, -99.5809936523, 32.7460746765, 41.2485618591, 45.1201171875, 205.897674561, -11.2853326797, 37.8165016174, -40.7851829529, 78.0940704346, -29.7737483978, 54.2966804504], [792.21862793, -330.814544678, 187.935394287, -7.4745593071, -15.5274524689, 142.695770264, -11.2853326797, 270.15826416, 42.6733283997, 136.361328125, -57.1603736877, 124.340293884, -11.5285482407], [-35.7520027161, 88.727104187, -17.9821853638, 91.1271972656, 24.9650611877, 43.0591278076, 37.8165016174, 42.6733283997, 160.056793213, 19.7774562836, 47.1866760254, -7.51819515228, 73.7219848633], [589.245056152, -223.758102417, 280.061737061, 43.5510597229, 93.8747634888, 117.216011047, -40.7851829529, 136.361328125, 19.7774562836, 232.770523071, 8.68529891968, 140.187835693, -26.8642845154], [-363.709869385, 222.780197144, -11.3672332764, 78.7233123779, 82.9336547852, 11.6468524933, 78.0940704346, -57.1603736877, 47.1866760254, 8.68529891968, 153.170547485, -11.3026409149, 59.674282074], [625.871704102, -250.802444458, 243.04095459, 52.2375602722, 25.5301647186, 109.927314758, -29.7737483978, 124.340293884, -7.51819515228, 140.187835693, -11.3026409149, 171.001617432, -19.5024738312], [-303.121765137, 151.470336914, -60.6486740112, 70.8269958496, 47.3695220947, 5.39947080612, 54.2966804504, -11.5285482407, 73.7219848633, -26.8642845154, 59.674282074, -19.5024738312, 108.902038574]],
        "icov": [[0.000695854134392, -0.000332547904691, -1.01910081867e-05, -0.000645655440167, 0.000466033263365, -0.00109098781832, 0.000700687000062, -0.00109990790952, 9.98294271994e-05, -0.000129124920932, 0.000870605115779, -0.000935582967941, 0.0014551950153], [-0.000332547904691, 0.00468928925693, -0.00185259035788, 0.00324353971519, -0.00282085547224, 0.00232672994025, -0.0019411224639, 0.00352687155828, -0.00338728749193, 0.00316935987212, -0.00370321515948, 0.00247266166843, -0.00258941436186], [-1.01910081867e-05, -0.00185259035788, 0.0034761109855, -0.00198977813125, -0.000144725345308, -0.00110987212975, 0.00160592270549, -0.00177224469371, 0.00175488064997, -0.00193628913257, 0.00118057837244, -0.00272627780214, 0.00210726889782], [-0.000645655440167, 0.00324353971519, -0.00198977813125, 0.00524535309523, -0.00204807287082, 0.00193543045316, -0.00182090187445, 0.00403520511463, -0.00365846045315, 0.00260616396554, -0.00323024019599, 0.00123641593382, -0.00358717096969], [0.000466033263365, -0.00282085547224, -0.000144725345308, -0.00204807287082, 0.00663201697171, -0.00170935411006, 0.000390599801904, -0.00119884556625, 0.00292056356557, -0.00493355607614, 0.00186133210082, 0.000239183107624, -0.000820811779704], [-0.00109098781832, 0.00232672994025, -0.00110987212975, 0.00193543045316, -0.00170935411006, 0.00872453209013, -0.00373604591005, 0.00115187955089, -0.00237853056751, 0.000725520891137, -0.00276937708259, 0.000385350111173, -0.0024784791749], [0.000700687000062, -0.0019411224639, 0.00160592270549, -0.00182090187445, 0.000390599801904, -0.00373604591005, 0.00924978032708, -0.00391747010872, 0.00188075471669, 0.00122952379752, -0.00191794184502, -0.0012068891665, 0.00158260425087], [-0.00109990790952, 0.00352687155828, -0.00177224469371, 0.00403520511463, -0.00119884556625, 0.00115187955089, -0.00391747010872, 0.0133046358824, -0.00533988606185, -0.000998597824946, 0.0012525311904, -0.000351907801814, -0.00513320835307], [9.98294271994e-05, -0.00338728749193, 0.00175488064997, -0.00365846045315, 0.00292056356557, -0.00237853056751, 0.00188075471669, -0.00533988606185, 0.0145750567317, -0.00506090000272, 0.000945696025155, 0.00282543734647, -0.00543690472841], [-0.000129124920932, 0.00316935987212, -0.00193628913257, 0.00260616396554, -0.00493355607614, 0.000725520891137, 0.00122952379752, -0.000998597824946, -0.00506090000272, 0.0160593334585, -0.00589582277462, -0.00508469063789, 0.00355800124817], [0.000870605115779, -0.00370321515948, 0.00118057837244, -0.00323024019599, 0.00186133210082, -0.00276937708259, -0.00191794184502, 0.0012525311904, 0.000945696025155, -0.00589582277462, 0.0165749434382, -0.00319482968189, -0.00100030051544], [-0.000935582967941, 0.00247266166843, -0.00272627780214, 0.00123641593382, 0.000239183107624, 0.000385350111173, -0.0012068891665, -0.000351907801814, 0.00282543734647, -0.00508469063789, -0.00319482968189, 0.0195741411299, -0.00583538087085], [0.0014551950153, -0.00258941436186, 0.00210726889782, -0.00358717096969, -0.000820811779704, -0.0024784791749, 0.00158260425087, -0.00513320835307, -0.00543690472841, 0.00355800124817, -0.00100030051544, -0.00583538087085, 0.0235499553382]]
    },
    "melbands": {
        "max": [0.0708488598466, 0.073282442987, 0.0209020674229, 0.01685426943, 0.00890140794218, 0.00631621014327, 0.00546938180923, 0.00679592229426, 0.00564623204991, 0.0026612652, 0.00453263986856, 0.00325635145418, 0.00174416333903, 0.00109394814353, 0.00144415779505, 0.000961227458902, 0.00114635203499, 0.000683247519191, 0.000503489223775, 0.000865920097567, 0.000224176212214, 0.000121741875773, 0.000109797045297, 5.21977963217e-05, 0.000112132693175, 0.000251278252108, 0.000142252582009, 8.53026285768e-05, 0.000103265221696, 0.000200405760552, 0.000336700497428, 0.000636833021417, 0.000814220984466, 0.000481691589812, 0.000325807748595, 0.000151137777721, 0.000132459332235, 0.000117407689686, 0.000101368299511, 7.80867922003e-05],
        "mean": [0.00567883020267, 0.00465315347537, 0.0030844444409, 0.00139436440077, 0.000705132435542, 0.000610070594121, 0.000257743318798, 0.000153166503878, 0.000121008262795, 0.000103876402136, 9.33631308726e-05, 5.33449747309e-05, 4.47290804004e-05, 3.66815984307e-05, 5.20621251781e-05, 4.05596438213e-05, 3.25127402903e-05, 2.17090782826e-05, 1.78958944161e-05, 1.80378101504e-05, 8.61897751747e-06, 7.77599871071e-06, 5.2106674957e-06, 2.66630377155e-06, 2.38041775447e-06, 3.88737225876e-06, 2.82852442979e-06, 1.94340645976e-06, 2.32072261497e-06, 3.75610329684e-06, 5.0086759984e-06, 7.99833924248e-06, 9.99233361654e-06, 6.3473426053e-06, 4.33134437117e-06, 2.78101106232e-06, 2.83513213617e-06, 2.2809224447e-06, 2.169398158e-06, 1.75742570718e-06],
        "min": [1.65519562501e-08, 1.16083374024e-08, 8.06030300282e-08, 1.05511333004e-07, 1.36328367262e-07, 1.08074146965e-07, 1.55659080292e-07, 2.13785909864e-07, 6.05582386015e-07, 1.58801597649e-07, 1.9249505101e-07, 1.65065003443e-07, 1.17472687577e-07, 2.88307319352e-07, 2.10400855849e-07, 8.93937368573e-08, 2.09924465366e-07, 1.50437969637e-07, 1.05259815086e-07, 5.64583970686e-08, 7.53828572897e-08, 2.84747461166e-08, 3.14067101215e-08, 2.30439614057e-08, 1.42369254164e-08, 2.09716954913e-08, 1.76968484311e-08, 1.40957459038e-08, 2.32125318966e-09, 5.0707820165e-09, 3.81314047004e-09, 4.22600132666e-09, 3.27857385685e-09, 3.24749227509e-09, 2.54417864554e-09, 2.53528509297e-09, 1.88506876775e-09, 9.79407110968e-10, 7.43840211648e-10, 6.64871005474e-11],
        "stdev": [0.0105700790882, 0.0073422701098, 0.00267122499645, 0.00199694512412, 0.000667294953018, 0.000795545231085, 0.000421573698986, 0.000405976112233, 0.000348529138137, 0.00024855567608, 0.000275060156127, 0.000151679167175, 0.000110416600364, 8.26840114314e-05, 0.0001405710791, 9.45057690842e-05, 7.89906771388e-05, 4.32486849604e-05, 5.08967677888e-05, 5.89627379668e-05, 1.63509066624e-05, 1.3754020074e-05, 9.64127593761e-06, 5.32770491191e-06, 6.9690267992e-06, 1.30095968416e-05, 7.88444867794e-06, 5.73930037717e-06, 7.32142325433e-06, 1.40758629641e-05, 1.94647655007e-05, 3.48089997715e-05, 4.18448835262e-05, 2.61546174443e-05, 1.88985395653e-05, 1.05018561953e-05, 9.52251048147e-06, 7.19517674952e-06, 6.16668012299e-06, 4.60514502265e-06]
    },
    "melbands128": {
        "max": [0.0106492461637, 0.0607140436769, 0.118773274124, 0.119382813573, 0.0991148203611, 0.0637572258711, 0.0299204662442, 0.0207348372787, 0.0426280871034, 0.0251974724233, 0.0100195938721, 0.00836804881692, 0.0128132980317, 0.0122943893075, 0.010014783591, 0.013480110094, 0.0132892373949, 0.00575665710494, 0.00689876358956, 0.0114127639681, 0.0110397050157, 0.00534609006718, 0.0102040534839, 0.00716093322262, 0.0050463010557, 0.00438235793263, 0.0116888899356, 0.00867014098912, 0.00436959369108, 0.00676982104778, 0.00235138926655, 0.00193481356837, 0.00342349451967, 0.00348780956119, 0.00160490011331, 0.00207347935066, 0.00203406531364, 0.00119030312635, 0.00432825507596, 0.00161722349003, 0.000902036728803, 0.00104437454138, 0.00134116737172, 0.00200589117594, 0.00210676644929, 0.000836458697449, 0.00113599421456, 0.000841738597956, 0.000844556372613, 0.00273856334388, 0.00101132935379, 0.000352003145963, 0.000504512980115, 0.000193794243387, 0.000168988437508, 0.000147558152094, 0.000260890723439, 0.000195634915144, 0.000163546414115, 0.000102094381873, 5.01482172695e-05, 0.000102690471977, 9.47540102061e-05, 0.000155441943207, 0.000311134092044, 0.000261140317889, 0.000363682542229, 0.000244730850682, 0.00013102615776, 8.24685921543e-05, 0.000141933123814, 8.2198115706e-05, 8.35385362734e-05, 0.000128911953652, 0.00015995647118, 0.000328755791998, 0.000297404127195, 0.000317915022606, 0.00046613503946, 0.000306289817672, 0.000528100179508, 0.00108554726467, 0.00143033312634, 0.00109432544559, 0.000743156531826, 0.000727196282241, 0.000499167013913, 0.000591660791542, 0.000375014351448, 0.000406302104238, 0.000167409089045, 0.000213044681004, 0.000165312347235, 0.000169810533407, 0.000119411233754, 0.000105173465272, 0.000148079809151, 0.000126336017274, 8.37591796881e-05, 0.000139368334203, 0.000172843399923, 6.19475686108e-05, 3.87730942748e-05, 3.8585087168e-05, 2.95647387247e-05, 2.49547683779e-05, 2.31197445828e-05, 1.77317306225e-05, 1.33094545163e-05, 1.30228318085e-05, 1.23567706396e-05, 9.56535768637e-06, 5.86302212469e-06, 4.30320454825e-07, 7.75037634071e-08, 7.88446428146e-08, 3.08202672272e-08, 5.98253391271e-10, 5.80190728794e-10, 5.98714189337e-10, 5.61609092564e-10, 5.50107182029e-10, 5.26660437483e-10, 5.2383564153e-10, 5.31454491526e-10, 5.28157517721e-10, 5.21632348427e-10, 5.18386611414e-10],
        "mean": [0.000658807344735, 0.00546472892165, 0.00835176650435, 0.00519031425938, 0.00379065750167, 0.00499420985579, 0.00363228260539, 0.00236618984491, 0.00248801894486, 0.00121388654225, 0.0008109784103, 0.000996702816337, 0.00039787159767, 0.000770376005676, 0.000616804230958, 0.000577273312956, 0.00047754519619, 0.000116368370072, 9.18018267839e-05, 0.000185468568816, 0.000165124962223, 0.000115678507427, 0.000119747746794, 0.000111375498818, 0.000136591945193, 7.70341575844e-05, 8.46875045681e-05, 0.000108821703179, 9.04464104678e-05, 6.39652716927e-05, 3.57713324775e-05, 3.84728482459e-05, 4.73210275231e-05, 5.35331237188e-05, 2.93376215268e-05, 3.76372227038e-05, 3.74115006707e-05, 2.5952957003e-05, 9.85594524536e-05, 5.64097172173e-05, 2.21783029701e-05, 2.07889188459e-05, 3.54348085239e-05, 3.83989354305e-05, 2.5850646125e-05, 1.9150758817e-05, 1.62773776538e-05, 1.31596507345e-05, 1.85865919775e-05, 3.03996948787e-05, 1.45845961015e-05, 1.21718412629e-05, 8.47752653499e-06, 7.30237934476e-06, 7.75274929765e-06, 7.88895522419e-06, 8.23342816147e-06, 5.90592480876e-06, 4.32331898992e-06, 3.22608570968e-06, 2.55998929788e-06, 2.28782459999e-06, 2.08801134249e-06, 2.16634975914e-06, 3.16991577165e-06, 4.30847103416e-06, 4.2418355406e-06, 3.26411463902e-06, 2.51353344538e-06, 2.13048770092e-06, 2.17023011828e-06, 1.62588275998e-06, 1.62383503266e-06, 2.53073835665e-06, 2.95130121231e-06, 3.53217888005e-06, 4.19270872953e-06, 4.53977099824e-06, 5.12852102474e-06, 5.25469522472e-06, 6.69452674629e-06, 9.32700095291e-06, 1.09745997179e-05, 1.05385279312e-05, 9.05291381059e-06, 6.62280717734e-06, 5.5383675317e-06, 5.37096002518e-06, 4.51324149253e-06, 3.46741285284e-06, 2.69805423159e-06, 2.59045305029e-06, 2.81226834886e-06, 3.03241881738e-06, 2.82229962068e-06, 2.24634732149e-06, 2.24009522753e-06, 2.16564217226e-06, 2.07185644285e-06, 2.25892108574e-06, 2.20321749111e-06, 1.59750561579e-06, 1.31856609187e-06, 1.44400598856e-06, 1.35323705308e-06, 8.60984300743e-07, 7.7872385873e-07, 8.06298885436e-07, 6.14827513346e-07, 5.38983783827e-07, 5.25409802776e-07, 3.29161025547e-07, 1.53523131985e-07, 3.43675243819e-09, 8.69645411239e-10, 7.52069961862e-10, 1.51030424278e-10, 8.94026692955e-12, 9.18589249804e-12, 8.33941856543e-12, 8.01257497851e-12, 7.91596302396e-12, 7.80953079982e-12, 7.61694960577e-12, 7.03107363997e-12, 6.05926723726e-12, 5.53096630995e-12, 5.43245873633e-12],
        "min": [6.47425391076e-10, 5.09266673276e-09, 1.60886171052e-09, 8.47364511891e-10, 2.85946089029e-09, 7.06522973459e-09, 1.86254034418e-08, 2.93691737596e-08, 5.29482875322e-08, 4.06445650469e-08, 3.48898936409e-08, 2.77257576897e-08, 7.24532256413e-08, 7.16046315574e-08, 6.38200887693e-08, 5.92282347611e-08, 4.60666669255e-08, 6.19016589098e-08, 5.12709608103e-09, 2.92147994685e-08, 9.65791784324e-08, 1.17960269108e-07, 4.86764690777e-08, 4.55363391438e-08, 9.67945794628e-08, 4.48277646115e-08, 7.7676411081e-08, 8.62797833179e-08, 1.23342704939e-08, 4.0079708441e-08, 1.54757540116e-08, 3.87400582724e-08, 1.29442465635e-08, 8.05059698905e-08, 3.14307477822e-08, 2.29801671026e-08, 4.70698040544e-08, 6.16337700876e-08, 6.66331771981e-08, 1.81388806197e-08, 8.081138958e-08, 2.74928897426e-08, 1.19890685824e-07, 7.78420030656e-08, 5.42931744008e-08, 7.65861045693e-08, 2.64876298672e-08, 3.92749157641e-08, 5.71251845827e-08, 2.95254025673e-08, 2.28482281983e-08, 2.763350615e-08, 2.4123751885e-08, 2.3099502755e-08, 4.33062439242e-08, 1.82933614923e-08, 1.33694779691e-08, 1.21408616494e-08, 1.5064351544e-08, 1.16832232777e-08, 1.21149366095e-08, 8.50512815731e-09, 8.23206214307e-09, 6.42119157845e-09, 6.69491750926e-09, 1.28697514867e-08, 1.11758335919e-08, 1.51969299367e-08, 1.40565719065e-08, 9.28200538652e-09, 6.24785290171e-09, 3.34852567896e-09, 6.793132723e-10, 1.94439173096e-10, 2.414732303e-10, 3.85080545229e-09, 4.44409753442e-09, 4.46225545403e-09, 3.62335716986e-09, 1.59385660226e-09, 2.49667331254e-09, 2.39451591888e-09, 1.3868171056e-09, 9.43457312275e-10, 1.73483116761e-09, 2.77411471572e-09, 1.79080084095e-09, 1.49494183699e-09, 1.84086457189e-09, 2.05841255152e-09, 1.78397252526e-09, 1.21769594408e-09, 1.29485977496e-09, 1.28281296696e-09, 1.08299491597e-09, 7.50535633642e-10, 5.72273894939e-10, 3.3813604694e-10, 3.77217590497e-10, 3.57864120282e-11, 1.08450075309e-10, 3.08630443251e-12, 1.77354019058e-12, 1.11964268152e-12, 8.78387748822e-13, 1.67512499098e-12, 1.58283249788e-12, 1.30153450951e-12, 1.14965654184e-12, 1.01676512262e-12, 9.41057236477e-13, 1.16503464861e-12, 8.09229202745e-13, 1.03591365087e-12, 7.95899370715e-13, 7.99199736338e-13, 9.7247459651e-13, 9.48213296076e-13, 7.92107969928e-13, 1.07165589337e-12, 9.36762928512e-13, 9.41291640986e-13, 9.94685128534e-13, 9.86211221195e-13, 7.95415708126e-13, 2.79907499089e-13, 3.86493239485e-14, 1.3449941937e-15],
        "stdev": [0.00121157302056, 0.00965569727123, 0.0165653694421, 0.0128758884966, 0.00797268934548, 0.00579457264394, 0.00367726804689, 0.00259755924344, 0.00489261141047, 0.00241715786979, 0.000943248393014, 0.00108950596768, 0.000562252709642, 0.00118725199718, 0.00103457923979, 0.00094369368162, 0.000873025448527, 0.000336508761393, 0.000261302018771, 0.000561065622605, 0.000573250523303, 0.000405963917729, 0.000538731459528, 0.000325009634253, 0.000394887989387, 0.000261711364146, 0.00040359000559, 0.000417163013481, 0.000283329718513, 0.000278667517705, 0.000119636511954, 0.000120188320579, 0.000141922646435, 0.000208392812056, 8.48913987284e-05, 0.00011219636508, 0.000122641940834, 7.28621162125e-05, 0.000385932769859, 0.000154529843712, 5.42462948943e-05, 5.60929729545e-05, 9.99190815492e-05, 0.000117000985483, 7.84175135777e-05, 4.78363217553e-05, 4.81907336507e-05, 4.25353864557e-05, 7.19587987987e-05, 0.000161875868798, 6.49124849588e-05, 2.94948476949e-05, 2.31475660257e-05, 1.46393822433e-05, 1.55521538545e-05, 1.51869417095e-05, 1.96246619453e-05, 1.33217163238e-05, 9.05584056454e-06, 6.53656388749e-06, 5.30973466084e-06, 6.63676519252e-06, 6.70851386531e-06, 7.15793248673e-06, 1.15612938316e-05, 1.61869065778e-05, 1.45634376167e-05, 1.04742548501e-05, 7.47044396121e-06, 5.77339051233e-06, 7.68182053434e-06, 5.003809747e-06, 5.07431514052e-06, 8.45209251565e-06, 1.09272959889e-05, 1.52521524797e-05, 1.67400630744e-05, 1.87723089766e-05, 2.33573064179e-05, 2.04456155188e-05, 2.59807948169e-05, 4.94293453812e-05, 5.40318760613e-05, 4.77092871733e-05, 4.07284933317e-05, 3.30459697579e-05, 2.40822373598e-05, 2.46777162829e-05, 2.24542673095e-05, 1.62683536473e-05, 1.12010511657e-05, 1.05202716441e-05, 9.87920338957e-06, 1.05736971818e-05, 1.01785926745e-05, 6.99798329151e-06, 7.67398887547e-06, 7.25979771232e-06, 5.70904330743e-06, 7.01686076354e-06, 6.92594858265e-06, 4.1751613935e-06, 3.27830048263e-06, 3.44505315297e-06, 3.39670691574e-06, 2.28986800721e-06, 2.13345447264e-06, 2.14447754843e-06, 1.562944135e-06, 1.45638671256e-06, 1.48308413372e-06, 9.48652086663e-07, 5.28553528056e-07, 2.23259331023e-08, 4.65722305165e-09, 4.65832172836e-09, 1.13249154499e-09, 1.78577447968e-11, 1.82244792174e-11, 1.72696943551e-11, 1.64532571595e-11, 1.60930661158e-11, 1.5572536316e-11, 1.53784259632e-11, 1.5405584794e-11, 1.52848896734e-11, 1.51226808853e-11, 1.50325116938e-11]
    },
    "mfcc": {
        "mean": [-661.450439453, 131.472137451, 31.8828201294, 20.5428848267, 13.0783891678, 20.8774318695, -5.09627914429, -2.65362143517, -3.56999111176, -6.85764551163, -3.10504698753, -6.02238368988, -2.56030416489],
        "cov": [[5055.76025391, -1432.93664551, 895.822021484, -198.648956299, 257.89553833, 27.0643844604, -86.6329421997, 337.055664062, 287.463989258, 95.3893127441, 365.475494385, 93.1567611694, 173.298614502], [-1432.93664551, 1161.90026855, -264.450653076, -22.9455432892, 12.8355283737, -1.65475559235, 72.7880935669, -124.561729431, -87.5904464722, -37.2121658325, -79.4415893555, -6.97269439697, -10.7486658096], [895.822021484, -264.450653076, 586.324768066, 100.64163208, 193.965454102, 93.7784042358, 1.56094145775, 64.7424468994, 55.3750762939, 7.93006896973, 104.334388733, 76.9375991821, 111.576393127], [-198.648956299, -22.9455432892, 100.64163208, 403.570526123, 129.201004028, 114.075904846, 29.7032203674, -32.7635269165, -22.6471157074, -13.9006404877, -17.894115448, 52.5551376343, 41.5671463013], [257.89553833, 12.8355283737, 193.965454102, 129.201004028, 292.082275391, 95.3621749878, 23.9962081909, -10.9782733917, 42.6351547241, 28.6289329529, 43.2600135803, 69.1618652344, 91.6338653564], [27.0643844604, -1.65475559235, 93.7784042358, 114.075904846, 95.3621749878, 197.749130249, 71.6373291016, 21.9387893677, 2.72461152077, 9.72571754456, 37.360118866, 55.6902694702, 41.367641449], [-86.6329421997, 72.7880935669, 1.56094145775, 29.7032203674, 23.9962081909, 71.6373291016, 156.248931885, 38.4553909302, 2.13736701012, 20.522939682, 15.9982385635, 51.221572876, 19.2598075867], [337.055664062, -124.561729431, 64.7424468994, -32.7635269165, -10.9782733917, 21.9387893677, 38.4553909302, 131.466308594, 66.0146560669, 31.5969429016, 41.812953949, 8.15159702301, 11.0891141891], [287.463989258, -87.5904464722, 55.3750762939, -22.6471157074, 42.6351547241, 2.72461152077, 2.13736701012, 66.0146560669, 130.729263306, 69.9695053101, 43.3987350464, 8.52990818024, 29.7955570221], [95.3893127441, -37.2121658325, 7.93006896973, -13.9006404877, 28.6289329529, 9.72571754456, 20.522939682, 31.5969429016, 69.9695053101, 103.671035767, 47.0705680847, 19.4592475891, 15.5368976593], [365.475494385, -79.4415893555, 104.334388733, -17.894115448, 43.2600135803, 37.360118866, 15.9982385635, 41.812953949, 43.3987350464, 47.0705680847, 120.414924622, 42.4252662659, 34.6906471252], [93.1567611694, -6.97269439697, 76.9375991821, 52.5551376343, 69.1618652344, 55.6902694702, 51.221572876, 8.15159702301, 8.52990818024, 19.4592475891, 42.4252662659, 102.711143494, 61.1817626953], [173.298614502, -10.7486658096, 111.576393127, 41.5671463013, 91.6338653564, 41.367641449, 19.2598075867, 11.0891141891, 29.7955570221, 15.5368976593, 34.6906471252, 61.1817626953, 108.49899292]],
        "icov": [[0.000517217966262, 0.000459625705844, -0.000326797948219, 0.000344412925187, -0.000395906972699, 0.00022979847563, 8.44748574309e-05, -0.000468550890218, -0.000266312825261, 0.000525126291905, -0.00082369503798, 7.78976464062e-05, -7.94505904196e-05], [0.000459625705844, 0.00158086372539, 0.00021468475461, 0.000544068578165, -0.000749079859816, 0.000186099641724, -0.000800779089332, 0.000559041742235, -6.36154145468e-05, 0.000681229052134, -0.000583384011406, 0.000418556301156, -0.000489608908538], [-0.000326797948219, 0.00021468475461, 0.00338949845172, -0.000458932365291, -0.00127016555052, -0.00027516449336, 0.000458631984657, -0.000850831216667, 0.000288358744001, 0.00119159382302, -0.00124252168462, -4.67018144263e-05, -0.00140959571581], [0.000344412925187, 0.000544068578165, -0.000458932365291, 0.003832857823, -0.00126561848447, -0.00152296177112, 0.000135280497489, 0.0004457088653, 0.000180150367669, 0.000265567941824, 0.00115613988601, -0.000964068050962, 0.000173789710971], [-0.000395906972699, -0.000749079859816, -0.00127016555052, -0.00126561848447, 0.00708665000275, -0.00171610200778, -1.03269821921e-05, 0.00281451549381, -0.00208521028981, -0.00106662116013, 0.000718344002962, -0.000636673299596, -0.00241269986145], [0.00022979847563, 0.000186099641724, -0.00027516449336, -0.00152296177112, -0.00171610200778, 0.00850366707891, -0.00268197827972, -0.00136013689917, 0.000957959215157, 0.000749019091018, -0.00220356904902, -0.000508005148731, -3.92571309931e-05], [8.44748574309e-05, -0.000800779089332, 0.000458631984657, 0.000135280497489, -1.03269821921e-05, -0.00268197827972, 0.0107999313623, -0.00464999023825, 0.00210874178447, -0.00211410387419, 0.00141601555515, -0.00503025157377, 0.000959117838647], [-0.000468550890218, 0.000559041742235, -0.000850831216667, 0.0004457088653, 0.00281451549381, -0.00136013689917, -0.00464999023825, 0.0152294989675, -0.00719206500798, 0.00149124464951, -0.00125790759921, 0.0015275607584, 0.000220758229261], [-0.000266312825261, -6.36154145468e-05, 0.000288358744001, 0.000180150367669, -0.00208521028981, 0.000957959215157, 0.00210874178447, -0.00719206500798, 0.01806156151, -0.00998371746391, 0.000711850996595, 0.00239518564194, -0.00329848239198], [0.000525126291905, 0.000681229052134, 0.00119159382302, 0.000265567941824, -0.00106662116013, 0.000749019091018, -0.00211410387419, 0.00149124464951, -0.00998371746391, 0.019044611603, -0.00600355863571, -0.00137176760472, 0.00144730228931], [-0.00082369503798, -0.000583384011406, -0.00124252168462, 0.00115613988601, 0.000718344002962, -0.00220356904902, 0.00141601555515, -0.00125790759921, 0.000711850996595, -0.00600355863571, 0.0159402266145, -0.00455760909244, 0.000340965372743], [7.78976464062e-05, 0.000418556301156, -4.67018144263e-05, -0.000964068050962, -0.000636673299596, -0.000508005148731, -0.00503025157377, 0.0015275607584, 0.00239518564194, -0.00137176760472, -0.00455760909244, 0.0204637087882, -0.00874082092196], [-7.94505904196e-05, -0.000489608908538, -0.00140959571581, 0.000173789710971, -0.00241269986145, -3.92571309931e-05, 0.000959117838647, 0.000220758229261, -0.00329848239198, 0.00144730228931, 0.000340965372743, -0.00874082092196, 0.0180563181639]]
    },
    "spectral_contrast_coeffs": {
        "max": [-0.403128236532, -0.500622808933, -0.53145045042, -0.593305647373, -0.628917574883, -0.601072251797],
        "mean": [-0.664351344109, -0.736971080303, -0.804526388645, -0.819523990154, -0.827597558498, -0.776876926422],
        "min": [-0.905018806458, -0.925737023354, -0.938664615154, -0.914512813091, -0.916378557682, -0.902596354485],
        "stdev": [0.0815218836069, 0.0643123984337, 0.0605744421482, 0.0514747910202, 0.0376537926495, 0.0392880141735]
    },
    "spectral_contrast_valleys": {
        "max": [-4.51695203781, -4.54767799377, -5.24325799942, -5.69626188278, -5.98860359192, -7.24584388733],
        "mean": [-6.28650093079, -6.87976503372, -7.50816822052, -7.66134357452, -8.07899093628, -10.1010856628],
        "min": [-11.3531541824, -9.05376720428, -9.94030857086, -9.37465953827, -10.0096206665, -13.318570137],
        "stdev": [0.93594622612, 0.678721368313, 0.64946436882, 0.614611029625, 0.679501950741, 1.17649412155]
    }
},
"rhythm": {
    "beats_count": 69,
    "beats_loudness": {
        "max": 0.332590252161,
        "mean": 0.132002651691,
        "min": 0.000353317998815,
        "stdev": 0.0861902013421
    },
    "bpm": 85.5695114136,
    "bpm_histogram_first_peak_bpm": 86,
    "bpm_histogram_first_peak_weight": 0.191176474094,
    "bpm_histogram_second_peak_bpm": 0,
    "bpm_histogram_second_peak_spread": 0,
    "bpm_histogram_second_peak_weight": 0,
    "danceability": 1.40000104904,
    "onset_rate": 3.609375,
    "beats_loudness_band_ratio": {
        "max": [0.979538321495, 0.599330544472, 0.364432394505, 0.532812833786, 0.161563545465, 0.0477045364678],
        "mean": [0.770041465759, 0.148057699203, 0.0555032417178, 0.0371729619801, 0.0171425137669, 0.0139605179429],
        "min": [0.00567577686161, 0.0156091507524, 0.00166536285542, 0.000355609983671, 0.000340801314451, 0.000199145782972],
        "stdev": [0.177035599947, 0.131511226296, 0.0775586888194, 0.0734616667032, 0.022093186155, 0.0114907259122]
    },
    "beats_position": [0.719818592072, 1.45124709606, 2.18267560005, 2.91410422325, 3.64553284645, 4.37696123123, 5.0967798233, 5.8282084465, 6.54802703857, 7.24462556839, 7.94122457504, 8.63782310486, 9.34603118896, 10.0542402267, 10.7508392334, 11.4474372864, 12.144036293, 12.840634346, 13.5372333527, 14.2338323593, 14.9304304123, 15.6502494812, 16.3468475342, 17.0434455872, 17.7284355164, 18.4134235382, 19.1100215912, 19.8182315826, 20.5148296356, 21.2230377197, 21.9080276489, 22.616235733, 23.312833786, 24.009431839, 24.7060317993, 25.4026298523, 26.0992279053, 26.7958278656, 27.4924259186, 28.1890239716, 28.8856239319, 29.5822219849, 30.2788200378, 30.9754180908, 31.6720180511, 32.3686180115, 33.0652160645, 33.7618141174, 34.4700202942, 35.1782302856, 35.8748283386, 36.5714263916, 37.2680282593, 37.9646263123, 38.6612243652, 39.3578224182, 40.0544204712, 40.7510185242, 41.4476165771, 42.1442184448, 42.8524246216, 43.560634613, 44.2340126038, 44.9306106567, 45.6272087097, 46.3238105774, 47.0204086304, 47.7170066833, 48.4136047363],
