{
"metadata": {
    "version": {
        "essentia": "2.1-beta5",
        "essentia_git_sha": "Undefined",
        "extractor": "music 2.0"
    },
    "audio_properties": {
        "analysis": {
            "equal_loudness": 0,
            "length": 48.7502937317,
            "sample_rate": 44100,
            "start_time": 126.490699768,
            "downmix": "mix"
        },
        "bit_rate": 192000,
        "length": 198.321640015,
        "lossless": 0,
        "number_channels": 2,
        "replay_gain": -1.37513542175,
        "sample_rate": 48000,
        "codec": "mp3",
        "md5_encoded": "f47b6ecbdc3716846263696501918b97"
    },
    "tags": {
        "file_name": "Moldova_O Mie_Aliona Moon.mp3",
        "encoding": ["Lavf58.29.100"]
    }
},
"lowlevel": {
    "average_loudness": 0.967650055885,
    "barkbands_crest": {
        "max": 22.9459571838,
        "mean": 8.48847007751,
        "min": 2.653039217,
        "stdev": 3.33502340317
    },
    "barkbands_flatness_db": {
        "max": 0.251749783754,
        "mean": 0.103228405118,
        "min": 0.0389924533665,
        "stdev": 0.0241574365646
    },
    "barkbands_kurtosis": {
        "max": 31.1644668579,
        "mean": 0.330945819616,
        "min": -1.76892602444,
        "stdev": 1.90870690346
    },
    "barkbands_skewness": {
        "max": 5.05573177338,
        "mean": 0.742151141167,
        "min": -0.829317569733,
        "stdev": 0.640794157982
    },
    "barkbands_spread": {
        "max": 88.0612869263,
        "mean": 32.5888748169,
        "min": 4.28088617325,
        "stdev": 10.9926929474
    },
    "dissonance": {
        "max": 0.499856203794,
        "mean": 0.472404628992,
        "min": 0.231459528208,
        "stdev": 0.0205172579736
    },
    "dynamic_complexity": 1.58536028862,
    "erbbands_crest": {
        "max": 29.2940177917,
        "mean": 10.3141536713,
        "min": 2.45898866653,
        "stdev": 5.58568525314
    },
    "erbbands_flatness_db": {
        "max": 0.253363758326,
        "mean": 0.143019855022,
        "min": 0.068883523345,
        "stdev": 0.0324420109391
    },
    "erbbands_kurtosis": {
        "max": 11.6839551926,
        "mean": 0.286544919014,
        "min": -1.52705860138,
        "stdev": 1.40649521351
    },
    "erbbands_skewness": {
        "max": 2.71600103378,
        "mean": 0.296436756849,
        "min": -1.82783210278,
        "stdev": 0.53576540947
    },
    "erbbands_spread": {
        "max": 96.5969772339,
        "mean": 37.2171821594,
        "min": 7.68032312393,
        "stdev": 14.93567276
    },
    "hfc": {
        "max": 102.743156433,
        "mean": 38.7168006897,
        "min": 1.29960620403,
        "stdev": 17.8472633362
    },
    "loudness_ebu128": {
        "integrated": -19.9349689484,
        "loudness_range": 1.48635292053,
        "momentary": {
            "max": -17.4500598907,
            "mean": -20.0962963104,
            "min": -28.6160144806,
            "stdev": 1.30003702641
        },
        "short_term": {
            "max": -18.6579799652,
            "mean": -19.9408893585,
            "min": -21.3138237,
            "stdev": 0.5178835392
        }
    },
    "melbands_crest": {
        "max": 30.9573612213,
        "mean": 11.8211250305,
        "min": 4.59735631943,
        "stdev": 4.04898929596
    },
    "melbands_flatness_db": {
        "max": 0.311920195818,
        "mean": 0.137484997511,
        "min": 0.0543739274144,
        "stdev": 0.0299106985331
    },
    "melbands_kurtosis": {
        "max": 75.3911743164,
        "mean": 4.54507350922,
        "min": -1.4045599699,
        "stdev": 5.98912382126
    },
    "melbands_skewness": {
        "max": 7.66956520081,
        "mean": 1.69353282452,
        "min": -0.943772256374,
        "stdev": 1.00620019436
    },
    "melbands_spread": {
        "max": 105.47416687,
        "mean": 37.7867774963,
        "min": 3.44077515602,
        "stdev": 13.4418964386
    },
    "pitch_salience": {
        "max": 0.856742143631,
        "mean": 0.539493381977,
        "min": 0.184644058347,
        "stdev": 0.0940871015191
    },
    "silence_rate_20dB": {
        "max": 1,
        "mean": 1,
        "min": 1,
        "stdev": 0
    },
    "silence_rate_30dB": {
        "max": 1,
        "mean": 1,
        "min": 1,
        "stdev": 0
    },
    "silence_rate_60dB": {
        "max": 1,
        "mean": 0.0038077107165,
        "min": 0,
        "stdev": 0.061588332057
    },
    "spectral_centroid": {
        "max": 3320.52905273,
        "mean": 1898.48742676,
        "min": 346.413085938,
        "stdev": 441.167907715
    },
    "spectral_complexity": {
        "max": 48,
        "mean": 27.6101856232,
        "min": 1,
        "stdev": 6.77865886688
    },
    "spectral_decrease": {
        "max": -2.27414351239e-10,
        "mean": -8.17500467321e-09,
        "min": -2.38850823564e-08,
        "stdev": 3.65657304435e-09
    },
    "spectral_energy": {
        "max": 0.096150457859,
        "mean": 0.0343661010265,
        "min": 0.000976191484369,
        "stdev": 0.0148852700368
    },
    "spectral_energyband_high": {
        "max": 0.0123653188348,
        "mean": 0.00207010819577,
        "min": 4.26783517469e-05,
        "stdev": 0.00145339069422
    },
    "spectral_energyband_low": {
        "max": 0.0615633614361,
        "mean": 0.00988950673491,
        "min": 7.08694933564e-05,
        "stdev": 0.00806156359613
    },
    "spectral_energyband_middle_high": {
        "max": 0.0619114786386,
        "mean": 0.0135613223538,
        "min": 0.000482920004288,
        "stdev": 0.0097746187821
    },
    "spectral_energyband_middle_low": {
        "max": 0.0560198575258,
        "mean": 0.0102129234001,
        "min": 0.000133723442559,
        "stdev": 0.00703281583264
    },
    "spectral_entropy": {
        "max": 8.64019584656,
        "mean": 7.87747907639,
        "min": 6.96532011032,
        "stdev": 0.226970180869
    },
    "spectral_flux": {
        "max": 0.23541790247,
        "mean": 0.110668294132,
        "min": 0.0233878493309,
        "stdev": 0.0356882363558
    },
    "spectral_kurtosis": {
        "max": 9.448097229,
        "mean": 2.45452618599,
        "min": -0.494682073593,
        "stdev": 0.976189851761
    },
    "spectral_rms": {
        "max": 0.00968531519175,
        "mean": 0.00564064877108,
        "min": 0.00097590056248,
        "stdev": 0.0013080482604
    },
    "spectral_rolloff": {
        "max": 11175.7324219,
        "mean": 2100.8996582,
        "min": 86.1328125,
        "stdev": 1279.91870117
    },
    "spectral_skewness": {
        "max": 2.75714874268,
        "mean": 1.20558178425,
        "min": 0.352014929056,
        "stdev": 0.208355337381
    },
    "spectral_spread": {
        "max": 11829370,
        "mean": 5151479,
        "min": 2960229.25,
        "stdev": 987247.5
    },
    "spectral_strongpeak": {
        "max": 13.2071695328,
        "mean": 2.09879899025,
        "min": 0,
        "stdev": 2.35590386391
    },
    "zerocrossingrate": {
        "max": 0.24365234375,
        "mean": 0.0824356302619,
        "min": 0.015625,
        "stdev": 0.0248339027166
    },
    "barkbands": {
        "max": [0.00677814241499, 0.0466175116599, 0.0374314114451, 0.0256077256054, 0.0390265583992, 0.0198018122464, 0.0390103533864, 0.0314600579441, 0.0298760514706, 0.0446843355894, 0.0409866757691, 0.0427600592375, 0.03599620983, 0.0263011939824, 0.0143149644136, 0.0102624846622, 0.0176873467863, 0.00374479708262, 0.00813301373273, 0.00762955658138, 0.00851946696639, 0.00466501433402, 0.00587672460824, 0.00300701521337, 0.00338053074665, 0.00108932249714, 1.69539384842e-06],
        "mean": [0.000141855271067, 0.00496158981696, 0.00367287429981, 0.00169765600003, 0.00230876915157, 0.0017242054455, 0.00149262638297, 0.00128191511612, 0.00127297453582, 0.00148930377327, 0.00220271106809, 0.00363626843318, 0.0020154856611, 0.000995960668661, 0.00073327095015, 0.000569917901885, 0.000542731024325, 0.00037308037281, 0.000714829191566, 0.000727300182916, 0.000667060783599, 0.00043057865696, 0.000253519887337, 0.000234506849665, 0.000164746539667, 6.03462140134e-05, 2.36068125048e-08],
        "min": [2.35300827711e-08, 5.79696097702e-06, 1.14664508146e-05, 5.82315942665e-06, 1.34850324685e-05, 5.78623348702e-06, 1.13269034046e-05, 4.87417355544e-06, 7.16886643204e-06, 6.95377548254e-06, 1.03655002022e-05, 1.47156697494e-05, 2.32003330893e-05, 3.857376214e-06, 1.58655002451e-05, 7.7369140854e-06, 5.19510467711e-06, 4.08271580454e-06, 3.66684889741e-06, 1.03757156467e-05, 1.25356864373e-05, 1.21514312923e-05, 2.622753982e-06, 2.32153956858e-06, 8.59057252001e-07, 3.41802530723e-10, 1.20671861392e-10],
        "stdev": [0.000341603212291, 0.00561910681427, 0.00417959690094, 0.00215762387961, 0.00278392410837, 0.00206014653668, 0.00238362001255, 0.00228318106383, 0.00253486004658, 0.00326867518015, 0.00463696476072, 0.00662558572367, 0.00438463548198, 0.00177670526318, 0.00121433997992, 0.000867701077368, 0.0011631785892, 0.000352707691491, 0.000717120536137, 0.000693084322847, 0.000615674653091, 0.000502181123011, 0.000404082151363, 0.000258501706412, 0.000236951003899, 7.87205135566e-05, 8.69625083055e-08]
    },
    "erbbands": {
        "max": [1.70161306858, 11.9400215149, 37.3971824646, 76.5016174316, 78.3439407349, 157.78717041, 152.346588135, 235.604125977, 292.681060791, 806.530334473, 417.175201416, 813.722045898, 1012.30029297, 1990.07922363, 1448.38354492, 2084.83374023, 1510.49377441, 782.014770508, 909.39440918, 714.120727539, 595.070861816, 1243.93212891, 188.252868652, 480.537628174, 470.316131592, 287.120178223, 461.181793213, 230.635925293, 183.148971558, 209.937072754, 147.408721924, 90.7124023438, 71.6307678223, 51.44323349, 19.685256958, 8.74626350403, 1.30376219749, 0.0337178073823, 0.00127818982583, 0.000166174169863],
        "mean": [0.11876039207, 1.21036791801, 3.77164077759, 5.96959638596, 5.94141530991, 8.0542678833, 9.54007720947, 15.9715461731, 19.8285770416, 28.074760437, 23.8990154266, 30.989282608, 38.7059822083, 65.8305740356, 106.291374207, 140.277816772, 95.496131897, 55.2424201965, 44.5968284607, 38.1320953369, 29.7671318054, 31.5388355255, 21.6532154083, 27.7308387756, 42.9705619812, 31.6719341278, 26.2676811218, 24.7489681244, 17.2673683167, 9.9072599411, 6.77276086807, 5.30832719803, 3.66720676422, 2.03011417389, 1.09355425835, 0.428901225328, 0.0819741412997, 0.00219415151514, 9.93428839138e-05, 5.14589301019e-05],
        "min": [0.000181912750122, 0.00200281105936, 0.0259559098631, 0.0396555140615, 0.0478060692549, 0.0705808252096, 0.0780895575881, 0.0331171266735, 0.12341850996, 0.246981650591, 0.32691732049, 0.505300998688, 0.696545302868, 1.07604432106, 1.00204455853, 1.45391464233, 1.04905414581, 0.478453010321, 0.786786735058, 0.798961341381, 0.462020456791, 0.30897885561, 0.26684242487, 0.178981617093, 0.215559124947, 0.61577886343, 0.307010859251, 0.534918427467, 0.536241233349, 0.169325619936, 0.0692293122411, 0.0487134307623, 0.0368278883398, 0.0174560081214, 0.00183783704415, 0.000215077147004, 9.78261050477e-06, 1.44536625157e-06, 1.25498320358e-06, 2.30315868066e-06],
        "stdev": [0.183114498854, 1.29931080341, 4.06773376465, 6.77208280563, 7.16966915131, 11.0209922791, 10.6069526672, 21.7090797424, 25.9993038177, 48.615814209, 34.9439163208, 64.0858612061, 64.3409118652, 148.407669067, 179.339492798, 253.292388916, 182.790145874, 88.3554382324, 63.7502822876, 55.0578155518, 42.1336402893, 74.741569519, 21.3818340302, 22.5882072449, 45.4554901123, 28.1179523468, 24.5930023193, 21.697511673, 20.0379199982, 15.54388237, 10.023604393, 6.65215063095, 4.19975757599, 3.41696238518, 1.36948406696, 0.572957217693, 0.0966584682465, 0.00258313957602, 9.23482875805e-05, 2.20013189391e-05]
    },
    "gfcc": {
        "mean": [59.7540435791, 75.7297821045, -128.399414062, 43.9433937073, -67.3413162231, 29.095079422, -35.2599258423, 12.734746933, -32.8754005432, 9.81033325195, -14.7441034317, -0.671045005322, -10.2028608322],
        "cov": [[894.784240723, -232.517089844, 146.835357666, -68.1311569214, 65.8820877075, 46.556854248, -12.8701515198, 57.5112419128, -95.1674804688, 116.873672485, -47.8328819275, 58.3759307861, -79.3648986816], [-232.517089844, 335.131622314, -107.260238647, 18.6677398682, 18.0771846771, -37.8938446045, 58.5488319397, -39.1540374756, 41.0564117432, -57.2045593262, 50.647518158, -62.0462875366, 55.5987205505], [146.835357666, -107.260238647, 287.253204346, 7.87755012512, -1.13622832298, 25.3015079498, -56.2903213501, 56.1382484436, -3.7050383091, 23.8086738586, -58.1351737976, 72.4330215454, -42.7582015991], [-68.1311569214, 18.6677398682, 7.87755012512, 127.344238281, 18.3235797882, -4.95673179626, 0.106406770647, 0.386392593384, 54.3659210205, -16.8432331085, 2.2141623497, -8.26224327087, 7.58938074112], [65.8820877075, 18.0771846771, -1.13622832298, 18.3235797882, 125.912086487, 33.7728538513, 37.2079811096, 22.4161453247, -18.0485019684, 41.4197158813, 11.7568092346, 4.37545585632, -8.23222541809], [46.556854248, -37.8938446045, 25.3015079498, -4.95673179626, 33.7728538513, 99.8587112427, 52.5664176941, -10.5020084381, -29.49467659, 15.9604072571, 21.3422336578, 12.342962265, -2.68465781212], [-12.8701515198, 58.5488319397, -56.2903213501, 0.106406770647, 37.2079811096, 52.5664176941, 122.861785889, -3.53903865814, -28.3877372742, 20.3991012573, 43.6202888489, -8.63224601746, 13.215212822], [57.5112419128, -39.1540374756, 56.1382484436, 0.386392593384, 22.4161453247, -10.5020084381, -3.53903865814, 101.076164246, 47.1453323364, 17.2922439575, -21.3317451477, 21.6338500977, -3.74090456963], [-95.1674804688, 41.0564117432, -3.7050383091, 54.3659210205, -18.0485019684, -29.49467659, -28.3877372742, 47.1453323364, 124.277679443, -12.3454179764, -10.89204216, -7.44247961044, 15.898396492], [116.873672485, -57.2045593262, 23.8086738586, -16.8432331085, 41.4197158813, 15.9604072571, 20.3991012573, 17.2922439575, -12.3454179764, 97.3496551514, 22.0933799744, 19.794916153, -23.5363922119], [-47.8328819275, 50.647518158, -58.1351737976, 2.2141623497, 11.7568092346, 21.3422336578, 43.6202888489, -21.3317451477, -10.89204216, 22.0933799744, 91.5410842896, 4.66553544998, 15.6204776764], [58.3759307861, -62.0462875366, 72.4330215454, -8.26224327087, 4.37545585632, 12.342962265, -8.63224601746, 21.6338500977, -7.44247961044, 19.794916153, 4.66553544998, 86.069480896, 6.82813453674], [-79.3648986816, 55.5987205505, -42.7582015991, 7.58938074112, -8.23222541809, -2.68465781212, 13.215212822, -3.74090456963, 15.898396492, -23.5363922119, 15.6204776764, 6.82813453674, 69.7991638184]],
        "icov": [[0.00177938921843, 8.36094186525e-05, 0.000149204468471, -0.000153581815539, 9.77962990873e-05, -0.00075648422353, 0.000696025905199, -0.00131664506625, 0.00171102769673, -0.00177264609374, 0.00104379979894, -0.000335659948178, 0.000656617747154], [8.36094186525e-05, 0.0131258182228, -0.00708815688267, 0.00839194003493, -0.0107627855614, 0.0139268450439, -0.0123886372894, 0.0127178244293, -0.012550550513, 0.0108404988423, -0.00845260266215, 0.00761583587155, -0.00566075742245], [0.000149204468471, -0.00708815688267, 0.0120424851775, -0.00757465371862, 0.00817469973117, -0.012084743008, 0.0105817653239, -0.0115951411426, 0.00990838650614, -0.007536475081, 0.00827011652291, -0.00912425946444, 0.0061344797723], [-0.000153581815539, 0.00839194003493, -0.00757465371862, 0.0184373483062, -0.0119549511001, 0.0113797495142, -0.0108601124957, 0.0142888491973, -0.0169409718364, 0.0106995999813, -0.00692197866738, 0.00529327243567, -0.00315654580481], [9.77962990873e-05, -0.0107627855614, 0.00817469973117, -0.0119549511001, 0.0218799561262, -0.0155750373378, 0.0106687583029, -0.0166279599071, 0.0157340317965, -0.0141923986375, 0.00818125437945, -0.00565054966137, 0.00441469904035], [-0.00075648422353, 0.0139268450439, -0.012084743008, 0.0113797495142, -0.0155750373378, 0.032421156764, -0.0216116327792, 0.0192527398467, -0.0157334767282, 0.0141145996749, -0.011479312554, 0.00743252784014, -0.00587524008006], [0.000696025905199, -0.0123886372894, 0.0105817653239, -0.0108601124957, 0.0106687583029, -0.0216116327792, 0.0282668620348, -0.0184283610433, 0.0179706551135, -0.0132828932256, 0.00517214881256, -0.00525164511055, 0.00319429556839], [-0.00131664506625, 0.0127178244293, -0.0115951411426, 0.0142888491973, -0.0166279599071, 0.0192527398467, -0.0184283610433, 0.0341764204204, -0.0252035930753, 0.012029953301, -0.00625246018171, 0.00466120988131, -0.00544356461614], [0.00171102769673, -0.012550550513, 0.00990838650614, -0.0169409718364, 0.0157340317965, -0.0157334767282, 0.0179706551135, -0.0252035930753, 0.0321144722402, -0.0144181419164, 0.00885554589331, -0.00518030673265, 0.00270014046691], [-0.00177264609374, 0.0108404988423, -0.007536475081, 0.0106995999813, -0.0141923986375, 0.0141145996749, -0.0132828932256, 0.012029953301, -0.0144181419164, 0.027297001332, -0.0129064107314, 0.00385545636527, 0.000597726553679], [0.00104379979894, -0.00845260266215, 0.00827011652291, -0.00692197866738, 0.00818125437945, -0.011479312554, 0.00517214881256, -0.00625246018171, 0.00885554589331, -0.0129064107314, 0.0235159918666, -0.00881849508733, 0.00217851228081], [-0.000335659948178, 0.00761583587155, -0.00912425946444, 0.00529327243567, -0.00565054966137, 0.00743252784014, -0.00525164511055, 0.00466120988131, -0.00518030673265, 0.00385545636527, -0.00881849508733, 0.0229464285076, -0.00954071711749], [0.000656617747154, -0.00566075742245, 0.0061344797723, -0.00315654580481, 0.00441469904035, -0.00587524008006, 0.00319429556839, -0.00544356461614, 0.00270014046691, 0.000597726553679, 0.00217851228081, -0.00954071711749, 0.0231141410768]]
    },
    "melbands": {
        "max": [0.0127121657133, 0.0165630020201, 0.0113213425502, 0.0103220799938, 0.00414210744202, 0.00457304297015, 0.00496406992897, 0.00725098326802, 0.0041597248055, 0.00474923336878, 0.0051041636616, 0.00838891416788, 0.0051067955792, 0.00614888546988, 0.00823939312249, 0.00483543518931, 0.00187430263031, 0.00167432194576, 0.00139668839984, 0.000730608415324, 0.000822960981168, 0.00149460311513, 0.000449535233201, 0.000270958902547, 0.000469677557703, 0.000453845830634, 0.000488225865411, 0.000152188236825, 0.00024718377972, 0.000358129967935, 0.000106327890535, 0.000100662058685, 0.000103696249425, 0.000123071993585, 8.78603023011e-05, 9.03636610019e-05, 4.8599402362e-05, 4.05129867431e-05, 7.97130851424e-05, 4.53480752185e-05],
        "mean": [0.00124194007367, 0.00187183450907, 0.000997582334094, 0.000512729748152, 0.000341806444339, 0.000354432006134, 0.00030529324431, 0.000313882075716, 0.000191017505131, 0.000193138170289, 0.000191391707631, 0.000254264421528, 0.000313425320201, 0.000413093861425, 0.000308050424792, 0.000174348213477, 9.47109656408e-05, 7.57425732445e-05, 5.75013182242e-05, 4.65563680336e-05, 3.07376103592e-05, 3.54176299879e-05, 2.13128696487e-05, 1.70634993992e-05, 2.20663641812e-05, 3.0358278309e-05, 3.22396517731e-05, 1.77246474777e-05, 1.52176990014e-05, 1.80774641194e-05, 1.25061851577e-05, 1.11167455543e-05, 5.95555820837e-06, 5.1880697356e-06, 3.85368457501e-06, 3.56597615792e-06, 3.12247584588e-06, 2.71765884463e-06, 2.058741984e-06, 1.56516546213e-06],
        "min": [1.53674625381e-06, 1.20359800349e-05, 9.32678995014e-06, 4.70434952149e-06, 3.50307709596e-06, 8.74907073012e-07, 1.90146135992e-06, 1.06903564756e-06, 2.08938536161e-06, 1.58342697887e-06, 3.10643827106e-06, 2.46480180977e-06, 1.78306765974e-06, 1.4247323179e-06, 1.18557579754e-06, 1.31447109197e-06, 2.31307296872e-07, 8.50279604947e-07, 1.07109201508e-06, 7.60669138344e-07, 3.56102077603e-07, 3.61020425999e-07, 2.44917345071e-07, 1.68928124822e-07, 1.45166097809e-07, 1.27502929104e-07, 3.01235814959e-07, 2.95435057751e-07, 1.29464069687e-07, 2.78379360452e-07, 2.08812409142e-07, 2.97456523413e-07, 1.04906590082e-07, 6.3130670469e-08, 3.57606424473e-08, 2.67336250914e-08, 2.51165239717e-08, 2.75837290786e-08, 2.11723278909e-08, 9.35679000946e-09],
        "stdev": [0.00154909200501, 0.00172484212089, 0.00103026989382, 0.000673064438161, 0.00035468430724, 0.00044615441584, 0.000419009302277, 0.000547228497453, 0.000292736163829, 0.000406517297961, 0.000337682635291, 0.000602450629231, 0.000593317323364, 0.000769230769947, 0.000736824702471, 0.000417831150116, 0.000171675754245, 0.000125544931507, 0.000103365593532, 7.03284531482e-05, 5.16295294801e-05, 9.31447575567e-05, 2.98285540339e-05, 1.7599457351e-05, 2.0565066734e-05, 3.79332668672e-05, 3.79177326977e-05, 1.61754196597e-05, 1.46191196109e-05, 1.99088481168e-05, 1.17375393529e-05, 1.40771289807e-05, 9.54518509388e-06, 8.95300763659e-06, 5.74719251745e-06, 5.72867702431e-06, 3.63346202903e-06, 2.93457310363e-06, 3.66397262042e-06, 2.6932370929e-06]
    },
    "melbands128": {
        "max": [0.00587038975209, 0.0150029147044, 0.0201121307909, 0.0222240276635, 0.0243489071727, 0.0199244953692, 0.0183137822896, 0.0113109573722, 0.00833622645587, 0.0174009054899, 0.00938527286053, 0.00557485548779, 0.00639519141987, 0.0068300482817, 0.00856451317668, 0.00667862547562, 0.00846884772182, 0.00687401369214, 0.0141703207046, 0.01223433204, 0.0126517834142, 0.00682907365263, 0.004162538331, 0.00980210117996, 0.0101478183642, 0.0109462467954, 0.00436252215877, 0.00995657127351, 0.00982558261603, 0.0121461385861, 0.0123702809215, 0.0118087138981, 0.00971641018987, 0.010382803157, 0.0105087198317, 0.0105417165905, 0.0109097594395, 0.0180276352912, 0.00850309990346, 0.00580303743482, 0.0104543175548, 0.00351646752097, 0.00277786096558, 0.00441274838522, 0.0045259478502, 0.00277237594128, 0.00278574088588, 0.00295823044144, 0.00270198378712, 0.00166336866096, 0.00143064046279, 0.00217018742114, 0.00127977633383, 0.00141926167998, 0.00140445597935, 0.00299177248962, 0.00187521846965, 0.00133476289921, 0.000512830738444, 0.000349127221853, 0.000502275652252, 0.000482157687657, 0.000977815827355, 0.000401604280341, 0.000371270230971, 0.000710162858013, 0.000725080724806, 0.000536665553227, 0.000899162259884, 0.000704691337887, 0.000207412216696, 0.00031061162008, 0.000207874676562, 0.000260920525761, 0.000859626044985, 0.000454968598206, 0.000527244410478, 0.000218847882934, 0.000180245828233, 0.000209012679989, 0.000229396959185, 0.000172003885382, 0.00017681690224, 0.000104655708128, 0.000131008331664, 0.000199804300792, 0.000199189409614, 0.000100279212347, 9.57967640716e-05, 8.78124556039e-05, 0.00010016404849, 0.000126989194541, 7.73796709836e-05, 6.31247967249e-05, 4.63163014501e-05, 2.90321604552e-05, 5.18955639564e-05, 4.21537952207e-05, 0.000109097927634, 0.00014337603352, 7.15518035577e-05, 7.23863849998e-05, 3.17733793054e-05, 2.25685816986e-05, 2.64608715952e-05, 2.06164859264e-05, 3.69885165128e-05, 3.68757573597e-05, 1.07615760498e-05, 2.17096185224e-05, 1.072060968e-05, 7.2452112363e-06, 2.25486473937e-06, 3.13914910066e-07, 2.3158774809e-07, 1.83489078154e-07, 3.20580291202e-08, 7.94274601645e-09, 7.69354269181e-09, 7.50548512229e-09, 7.29758964368e-09, 7.1274546265e-09, 6.98956315048e-09, 6.8425789479e-09, 6.73736799683e-09, 6.66475141742e-09, 6.60206644909e-09, 6.56283916101e-09],
        "mean": [0.000118377021863, 0.000778756511863, 0.00176019407809, 0.00205047661439, 0.00189777673222, 0.00184054800775, 0.00132356898393, 0.00068243854912, 0.000557270133868, 0.000585073314141, 0.000426489015808, 0.000351065013092, 0.000302074942738, 0.000342121551512, 0.000394738221075, 0.000328672642354, 0.000326103006955, 0.000283899280475, 0.000315831362968, 0.000305114139337, 0.000362483755453, 0.000200565977138, 0.000156360925757, 0.000186988370842, 0.000210555474041, 0.000206501077628, 0.000129950291011, 0.000213285267819, 0.000208618090255, 0.000211943741306, 0.000291457195999, 0.000304538756609, 0.000250487733865, 0.000367031025235, 0.00047080105287, 0.000403897371143, 0.000341255246894, 0.000394449598389, 0.000220882837311, 0.000155480753165, 0.000231674915995, 8.06128518889e-05, 7.62657655287e-05, 0.00011083715799, 0.000103362079244, 6.37017801637e-05, 4.93280058436e-05, 6.69992805342e-05, 5.6885786762e-05, 4.18041672674e-05, 5.15944702784e-05, 4.54997971246e-05, 2.81480097328e-05, 2.71927656286e-05, 2.85245769192e-05, 4.7348348744e-05, 2.86424619844e-05, 1.97823410417e-05, 1.98199650185e-05, 2.21195114136e-05, 1.39184439831e-05, 1.38314244396e-05, 2.53813759628e-05, 1.89406237041e-05, 2.78296975011e-05, 3.10485447699e-05, 3.20562103298e-05, 3.31407609337e-05, 3.48497960658e-05, 2.76624723483e-05, 1.37275510497e-05, 1.71830706677e-05, 1.35194541144e-05, 1.51247977556e-05, 1.57737613335e-05, 1.89218953892e-05, 1.94317835849e-05, 1.55569578055e-05, 1.08462063508e-05, 9.93661069515e-06, 1.31978640638e-05, 1.14142367238e-05, 6.31354077996e-06, 5.1445185818e-06, 5.99995428274e-06, 5.59161935598e-06, 5.09309575136e-06, 3.92903029933e-06, 3.8651178329e-06, 3.60621606887e-06, 3.79920220439e-06, 3.52363417733e-06, 3.22374171446e-06, 3.16534828926e-06, 3.11033954858e-06, 2.75570459962e-06, 2.81095640275e-06, 2.32364095609e-06, 2.06858180718e-06, 1.9135347884e-06, 1.842986876e-06, 1.4659099179e-06, 1.2797522686e-06, 1.30267198983e-06, 1.54395115715e-06, 9.6194503385e-07, 9.98497853288e-07, 7.59696547448e-07, 7.48737875256e-07, 6.00720795774e-07, 6.93658250839e-07, 4.31764789255e-07, 1.64329421182e-07, 1.03046495781e-08, 6.62064225665e-09, 5.19707832325e-09, 1.06178010828e-09, 1.39307419766e-11, 1.31010488916e-11, 1.27510918491e-11, 1.2375599677e-11, 1.20979424395e-11, 1.18633410387e-11, 1.16159443175e-11, 1.12676647526e-11, 1.08388046802e-11, 1.05787080484e-11, 1.04930291886e-11],
        "min": [5.40574385255e-09, 6.09742642155e-07, 8.58342218635e-07, 1.79386404398e-06, 1.33043329242e-06, 7.96283256932e-06, 4.53126995126e-06, 2.05402034226e-06, 1.82558824235e-06, 3.56204509444e-06, 6.42795043859e-08, 4.52112146831e-07, 2.15245745494e-06, 7.51781840336e-07, 2.59450672502e-07, 6.91014236054e-07, 4.89223168643e-07, 7.40139057598e-07, 3.72364127088e-07, 2.69891074822e-07, 8.92295872745e-07, 3.29264594257e-07, 1.16233579206e-07, 4.16640972389e-07, 8.8724284808e-08, 1.10662028874e-07, 6.55380958392e-08, 1.81503395424e-07, 4.33254911059e-07, 4.84392217004e-07, 2.12624016172e-07, 1.76736236313e-07, 2.69054083901e-07, 2.05272343123e-07, 2.3391578452e-07, 1.20221613997e-07, 7.73346329197e-08, 1.6740179376e-07, 1.21972618672e-07, 2.89039149948e-07, 3.99417316999e-08, 5.89721231847e-08, 9.73945617488e-08, 1.53364453581e-07, 4.08394562612e-08, 3.04182179889e-07, 7.27654381194e-08, 2.52452281302e-07, 2.25728228997e-07, 1.83676860388e-07, 7.75282131826e-08, 4.63646330218e-08, 6.61481109887e-08, 1.09117394231e-07, 1.59824949719e-07, 1.24918315692e-07, 8.25945249971e-08, 1.84619750598e-08, 8.31995734529e-08, 1.38587282095e-07, 9.97492364263e-08, 5.254472768e-08, 1.17157100021e-07, 1.56967104203e-07, 5.63942208487e-08, 1.31542350346e-07, 1.3575589719e-07, 3.81389853032e-08, 1.80161080721e-07, 2.85686127199e-07, 1.4772625434e-07, 5.19170200164e-08, 3.66808805552e-08, 1.53789841306e-07, 1.24247947042e-07, 2.11296892871e-07, 2.35898255596e-07, 2.06046166795e-07, 1.43039812883e-07, 1.02982234296e-07, 1.56735524115e-07, 1.17928905752e-07, 4.46561685408e-08, 4.2921296739e-08, 2.1822010865e-08, 2.32231940345e-08, 4.19575343358e-08, 2.99508258195e-08, 3.86905689709e-08, 1.48351144702e-08, 2.54157939139e-08, 1.65834528332e-08, 2.49755949255e-08, 5.88804160984e-09, 3.58067033801e-08, 2.80679124387e-08, 1.52932457809e-08, 2.39193926888e-08, 1.85474426928e-08, 1.78447603361e-08, 1.25653087935e-08, 5.33816990611e-09, 7.45717432249e-10, 1.28708199654e-09, 1.28040100744e-09, 1.49246892622e-10, 4.14547174366e-10, 1.35031447829e-11, 1.05277895776e-12, 6.08262138574e-13, 6.69249486558e-13, 5.35081961378e-13, 5.81592770905e-13, 3.36477780317e-13, 3.79850827441e-13, 3.75673152525e-13, 2.5456107491e-13, 3.56253953204e-13, 3.64263550963e-13, 4.39300830955e-13, 3.41363195306e-13, 3.38567417374e-13, 3.07517547668e-13, 3.72842436178e-13, 2.54689742603e-13, 7.10095773414e-14, 1.50863394992e-14, 4.9035520822e-16],
        "stdev": [0.000302030937746, 0.0015437353868, 0.00238543795422, 0.00235289172269, 0.0022249117028, 0.00211036484689, 0.00162780529354, 0.000898449507076, 0.000770182581618, 0.000985658727586, 0.000684174709022, 0.000467507110443, 0.00042451985064, 0.000517147826031, 0.000728608691134, 0.000501452537719, 0.000539541244507, 0.00052546110237, 0.000806510215625, 0.00064362300327, 0.000833957339637, 0.00042189436499, 0.000328014109982, 0.00049797660904, 0.000614723016042, 0.000581649655942, 0.000291657575872, 0.000527902389877, 0.000515148451086, 0.000792936887592, 0.000912760326173, 0.000970810069703, 0.000807914126199, 0.000959981931373, 0.00123906659428, 0.00107290013693, 0.00105155981146, 0.00131938362028, 0.000748770486098, 0.000469645048724, 0.000762764655519, 0.00026629815693, 0.000222930364544, 0.000293548888294, 0.00025492705754, 0.000153291708557, 0.000136767615913, 0.000175272813067, 0.000141759650433, 0.000116405513836, 0.000100929944892, 0.000108906329842, 7.72777711973e-05, 6.98129661032e-05, 6.81922028889e-05, 0.000182289077202, 8.68604183779e-05, 5.83820292377e-05, 3.02756907331e-05, 3.354515502e-05, 2.43101221713e-05, 2.01598322747e-05, 3.93799055018e-05, 2.27361142606e-05, 3.94081398554e-05, 5.83023502259e-05, 6.93066540407e-05, 5.74168370804e-05, 6.10594215686e-05, 5.30484539922e-05, 1.83917782124e-05, 2.05560991162e-05, 1.42489843711e-05, 2.26796455536e-05, 3.31427181663e-05, 3.14331082336e-05, 3.05399225908e-05, 2.1385425498e-05, 1.59435876412e-05, 1.57675804076e-05, 2.28436074394e-05, 1.81690102181e-05, 1.16411110866e-05, 9.92394689092e-06, 1.03627280623e-05, 1.12019251901e-05, 1.02712056105e-05, 6.49900403005e-06, 6.08829532212e-06, 5.8845462263e-06, 6.49350386084e-06, 6.82867994328e-06, 4.93200104756e-06, 4.18626677856e-06, 3.77675792151e-06, 3.08958124151e-06, 3.60340459338e-06, 2.82708333543e-06, 4.2384272092e-06, 5.1242977861e-06, 3.84453915103e-06, 2.85655028165e-06, 1.65127914897e-06, 1.71860551745e-06, 2.15311342799e-06, 1.36649646265e-06, 1.57896386099e-06, 1.42453677654e-06, 1.00301519979e-06, 8.98110158687e-07, 9.05571198473e-07, 5.59037914627e-07, 2.09219280123e-07, 2.48230858091e-08, 1.73972285467e-08, 1.4237506285e-08, 3.00584246382e-09, 2.44833819885e-10, 2.37204839104e-10, 2.31294539077e-10, 2.24940829852e-10, 2.1969571995e-10, 2.153994344e-10, 2.10933978617e-10, 2.07681927211e-10, 2.05449032786e-10, 2.03521102748e-10, 2.02317426701e-10]
    },
    "mfcc": {
        "mean": [-575.779541016, 96.158706665, 0.0916789919138, 19.9450874329, -3.39677643776, 11.1675443649, 9.93744564056, 1.01639926434, -0.0362236239016, 2.12047815323, -1.77902054787, 2.47392630577, 0.849937915802],
        "cov": [[721.971252441, -98.4226226807, 6.23012208939, -25.5588150024, 11.5879144669, 7.9380273819, 50.657787323, -30.4630680084, 1.1249423027, 11.1913499832, 10.6955041885, 30.9137268066, 10.8668699265], [-98.4226226807, 245.629043579, -63.9882965088, 10.3281784058, -13.8741130829, -9.51582717896, 33.0228919983, -9.44929409027, 3.11068892479, 9.57345199585, -15.638466835, 2.44789648056, -3.57495188713], [6.23012208939, -63.9882965088, 215.267303467, -5.55329561234, 28.6502532959, -5.67327976227, -60.8061141968, 35.0711936951, 0.547969818115, -16.6657886505, 2.99856162071, -18.1843223572, 10.4196310043], [-25.5588150024, 10.3281784058, -5.55329561234, 106.444244385, 28.5327739716, -5.8984875679, -16.9692058563, 4.10505056381, 21.9374427795, 3.62665724754, 16.2318763733, 19.9764652252, 0.419357270002], [11.5879144669, -13.8741130829, 28.6502532959, 28.5327739716, 99.1884536743, -5.80157709122, -32.4557914734, 19.3694896698, 15.5366706848, 14.3289728165, 8.08456039429, 0.0697505474091, 6.89996099472], [7.9380273819, -9.51582717896, -5.67327976227, -5.8984875679, -5.80157709122, 104.329620361, 62.6711997986, -5.31559658051, -15.306432724, -10.0719108582, 8.43764019012, 4.20019292831, 6.7619600296], [50.657787323, 33.0228919983, -60.8061141968, -16.9692058563, -32.4557914734, 62.6711997986, 173.782058716, -17.1790046692, -19.5040683746, -3.54661941528, -2.3941411972, 30.4319515228, 15.7043991089], [-30.4630680084, -9.44929409027, 35.0711936951, 4.10505056381, 19.3694896698, -5.31559658051, -17.1790046692, 79.0105819702, 24.5683517456, 0.136279553175, -1.05449473858, -10.8873729706, 10.1798238754], [1.1249423027, 3.11068892479, 0.547969818115, 21.9374427795, 15.5366706848, -15.306432724, -19.5040683746, 24.5683517456, 76.5751495361, 21.3362159729, 1.64013671875, 2.82878637314, 0.644735872746], [11.1913499832, 9.57345199585, -16.6657886505, 3.62665724754, 14.3289728165, -10.0719108582, -3.54661941528, 0.136279553175, 21.3362159729, 67.1296234131, 18.7332363129, 0.508972406387, -5.80360937119], [10.6955041885, -15.638466835, 2.99856162071, 16.2318763733, 8.08456039429, 8.43764019012, -2.3941411972, -1.05449473858, 1.64013671875, 18.7332363129, 74.6978302002, 23.460100174, -3.06620001793], [30.9137268066, 2.44789648056, -18.1843223572, 19.9764652252, 0.0697505474091, 4.20019292831, 30.4319515228, -10.8873729706, 2.82878637314, 0.508972406387, 23.460100174, 77.185333252, 25.2329616547], [10.8668699265, -3.57495188713, 10.4196310043, 0.419357270002, 6.89996099472, 6.7619600296, 15.7043991089, 10.1798238754, 0.644735872746, -5.80360937119, -3.06620001793, 25.2329616547, 73.2755813599]],
        "icov": [[0.00161010003649, 0.000722307246178, -0.000128410116304, 0.000476824614452, -0.000464414362796, 0.000342982413713, -0.000708436069544, 0.000780748086981, -0.000386327854358, -0.00019598059589, 1.93632113223e-05, -0.000443568220362, 8.87034548214e-06], [0.000722307246178, 0.00495534110814, 0.000994513160549, -0.000558842730243, 0.000129923806526, 0.000978024676442, -0.00118876679335, 0.000278417282971, -9.93551439024e-05, -0.000744335295167, 0.00103058235254, 5.7856184867e-05, 7.51532134018e-05], [-0.000128410116304, 0.000994513160549, 0.0061914534308, 0.000606008048635, -0.00100694317371, -0.000520239351317, 0.00190534652211, -0.0020264943596, 0.000542266236152, 0.00154173036572, -0.0006443526363, 0.00080204627011, -0.000986127066426], [0.000476824614452, -0.000558842730243, 0.000606008048635, 0.0120236966759, -0.00326610356569, -0.000197049332201, 0.000996229820885, 0.000622295134235, -0.00311603257433, 0.00181181041989, -0.00178116979077, -0.0030958019197, 0.000935253454372], [-0.000464414362796, 0.000129923806526, -0.00100694317371, -0.00326610356569, 0.0129122883081, -0.00104810751509, 0.00208373833448, -0.0022208658047, 0.000218777218834, -0.00307761644945, 0.000304737041006, 3.35772238031e-05, -0.00126461253967], [0.000342982413713, 0.000978024676442, -0.000520239351317, -0.000197049332201, -0.00104810751509, 0.0135146509856, -0.00577515922487, 0.000572309771087, 0.000667767366394, 0.00208984757774, -0.00268833828159, 0.00238892948255, -0.000693768379278], [-0.000708436069544, -0.00118876679335, 0.00190534652211, 0.000996229820885, 0.00208373833448, -0.00577515922487, 0.0102036716416, -0.000815354927909, 0.00142893136945, -0.00100898975506, 0.0016262170393, -0.00360853807069, -0.000748235965148], [0.000780748086981, 0.000278417282971, -0.0020264943596, 0.000622295134235, -0.0022208658047, 0.000572309771087, -0.000815354927909, 0.0168281830847, -0.00575811695307, 0.00165273854509, -0.00111182709225, 0.00315109454095, -0.00277445954271], [-0.000386327854358, -9.93551439024e-05, 0.000542266236152, -0.00311603257433, 0.000218777218834, 0.000667767366394, 0.00142893136945, -0.00575811695307, 0.0178615022451, -0.00570319313556, 0.00216486933641, -0.0017555168597, 0.000490891980007], [-0.00019598059589, -0.000744335295167, 0.00154173036572, 0.00181181041989, -0.00307761644945, 0.00208984757774, -0.00100898975506, 0.00165273854509, -0.00570319313556, 0.0197467878461, -0.00602385029197, 0.0022885738872, 0.000420760974521], [1.93632113223e-05, 0.00103058235254, -0.0006443526363, -0.00178116979077, 0.000304737041006, -0.00268833828159, 0.0016262170393, -0.00111182709225, 0.00216486933641, -0.00602385029197, 0.0180375985801, -0.00681399414316, 0.0027796193026], [-0.000443568220362, 5.7856184867e-05, 0.00080204627011, -0.0030958019197, 3.35772238031e-05, 0.00238892948255, -0.00360853807069, 0.00315109454095, -0.0017555168597, 0.0022885738872, -0.00681399414316, 0.0202616713941, -0.00698139984161], [8.87034548214e-06, 7.51532134018e-05, -0.000986127066426, 0.000935253454372, -0.00126461253967, -0.000693768379278, -0.000748235965148, -0.00277445954271, 0.000490891980007, 0.000420760974521, 0.0027796193026, -0.00698139984161, 0.0170626547188]]
    },
    "spectral_contrast_coeffs": {
        "max": [-0.516466856003, -0.513510107994, -0.443767100573, -0.549345731735, -0.639271557331, -0.63894623518],
        "mean": [-0.74213129282, -0.766592621803, -0.721988081932, -0.75674110651, -0.766693294048, -0.74514067173],
        "min": [-0.901096820831, -0.917847275734, -0.889661192894, -0.899418950081, -0.867925882339, -0.832931399345],
        "stdev": [0.054568707943, 0.0606155507267, 0.0773278027773, 0.057973369956, 0.0426705181599, 0.0306787136942]
    },
    "spectral_contrast_valleys": {
        "max": [-4.96696567535, -4.92152643204, -5.24260091782, -5.83551263809, -6.05556058884, -7.91853237152],
        "mean": [-6.23771333694, -6.28218507767, -6.84462356567, -7.18388271332, -6.9291434288, -9.26722431183],
        "min": [-8.67783641815, -7.88534069061, -8.34105587006, -8.89062595367, -8.95045948029, -11.3580760956],
        "stdev": [0.41926163435, 0.417475014925, 0.432680100203, 0.379647135735, 0.314197331667, 0.474665671587]
    }
},
"rhythm": {
    "beats_count": 103,
    "beats_loudness": {
        "max": 0.0740696713328,
        "mean": 0.0401607640088,
        "min": 0.00691178860143,
        "stdev": 0.0132170608267
    },
    "bpm": 127.92591095,
    "bpm_histogram_first_peak_bpm": 129,
    "bpm_histogram_first_peak_weight": 0.404040396214,
    "bpm_histogram_second_peak_bpm": 123,
    "bpm_histogram_second_peak_spread": 0,
    "bpm_histogram_second_peak_weight": 0.0196078438312,
    "danceability": 1.15119719505,
    "onset_rate": 3.0966796875,
    "beats_loudness_band_ratio": {
        "max": [0.808612167835, 0.601839065552, 0.401831954718, 0.644758403301, 0.525812983513, 0.256929963827],
        "mean": [0.324386715889, 0.116470061243, 0.131221070886, 0.253015160561, 0.105077080429, 0.107845693827],
        "min": [0.0431374311447, 0.00472221430391, 0.0287834368646, 0.0159846022725, 0.0213926322758, 0.0273242946714],
        "stdev": [0.168410480022, 0.080068975687, 0.0752706453204, 0.163949579, 0.0768632292747, 0.0494082644582]
    },
