{
"metadata": {
    "version": {
        "essentia": "2.1-beta5",
        "essentia_git_sha": "Undefined",
        "extractor": "music 2.0"
    },
    "audio_properties": {
        "analysis": {
            "equal_loudness": 0,
            "length": 32.4963264465,
            "sample_rate": 44100,
            "start_time": 93.9943771362,
            "downmix": "mix"
        },
        "bit_rate": 192000,
        "length": 191.611083984,
        "lossless": 0,
        "number_channels": 2,
        "replay_gain": -4.27006149292,
        "sample_rate": 48000,
        "codec": "mp3",
        "md5_encoded": "59e47975cfcf3c148b159006701eca05"
    },
    "tags": {
        "file_name": "Croatia_Mižerja_Klapa s mora.mp3",
        "encoding": ["Lavf58.29.100"]
    }
},
"lowlevel": {
    "average_loudness": 0.966928064823,
    "barkbands_crest": {
        "max": 23.0154190063,
        "mean": 9.99980545044,
        "min": 2.94870710373,
        "stdev": 4.20804023743
    },
    "barkbands_flatness_db": {
        "max": 0.216060385108,
        "mean": 0.125276237726,
        "min": 0.0355488732457,
        "stdev": 0.0301888715476
    },
    "barkbands_kurtosis": {
        "max": 23.3092842102,
        "mean": 0.764175772667,
        "min": -1.79686427116,
        "stdev": 2.58065581322
    },
    "barkbands_skewness": {
        "max": 4.36608219147,
        "mean": 0.910784840584,
        "min": -1.48638904095,
        "stdev": 0.880444943905
    },
    "barkbands_spread": {
        "max": 86.397315979,
        "mean": 28.3998432159,
        "min": 6.39575004578,
        "stdev": 9.73315238953
    },
    "dissonance": {
        "max": 0.499963581562,
        "mean": 0.471165776253,
        "min": 0.298474609852,
        "stdev": 0.022161167115
    },
    "dynamic_complexity": 1.56421804428,
    "erbbands_crest": {
        "max": 29.3570671082,
        "mean": 8.4856262207,
        "min": 2.64342570305,
        "stdev": 3.40486741066
    },
    "erbbands_flatness_db": {
        "max": 0.281504333019,
        "mean": 0.164992779493,
        "min": 0.073114939034,
        "stdev": 0.0356156155467
    },
    "erbbands_kurtosis": {
        "max": 13.1945228577,
        "mean": 0.26742079854,
        "min": -1.58843696117,
        "stdev": 1.96206581593
    },
    "erbbands_skewness": {
        "max": 2.38741493225,
        "mean": -0.275115907192,
        "min": -2.68445682526,
        "stdev": 0.756614148617
    },
    "erbbands_spread": {
        "max": 90.1399078369,
        "mean": 32.4355583191,
        "min": 6.34849691391,
        "stdev": 12.0181789398
    },
    "hfc": {
        "max": 68.2358703613,
        "mean": 26.422618866,
        "min": 0.623858869076,
        "stdev": 14.0130910873
    },
    "loudness_ebu128": {
        "integrated": -18.0196990967,
        "loudness_range": 2.02080154419,
        "momentary": {
            "max": -15.5871925354,
            "mean": -18.1740970612,
            "min": -22.5388660431,
            "stdev": 1.16147041321
        },
        "short_term": {
            "max": -16.5886192322,
            "mean": -18.0183162689,
            "min": -19.0894966125,
            "stdev": 0.732081055641
        }
    },
    "melbands_crest": {
        "max": 31.3753814697,
        "mean": 14.6040716171,
        "min": 3.35775852203,
        "stdev": 5.94192123413
    },
    "melbands_flatness_db": {
        "max": 0.313078850508,
        "mean": 0.180005088449,
        "min": 0.0566555447876,
        "stdev": 0.0405442453921
    },
    "melbands_kurtosis": {
        "max": 66.0589828491,
        "mean": 5.60900020599,
        "min": -1.73757731915,
        "stdev": 7.15146923065
    },
    "melbands_skewness": {
        "max": 6.46973609924,
        "mean": 1.94805312157,
        "min": -0.498134762049,
        "stdev": 1.10284030437
    },
    "melbands_spread": {
        "max": 139.675750732,
        "mean": 33.4560508728,
        "min": 4.50065422058,
        "stdev": 17.2241001129
    },
    "pitch_salience": {
        "max": 0.804975807667,
        "mean": 0.511540591717,
        "min": 0.223384901881,
        "stdev": 0.105199627578
    },
    "silence_rate_20dB": {
        "max": 1,
        "mean": 1,
        "min": 1,
        "stdev": 0
    },
    "silence_rate_30dB": {
        "max": 1,
        "mean": 1,
        "min": 1,
        "stdev": 0
    },
    "silence_rate_60dB": {
        "max": 1,
        "mean": 0.000713775865734,
        "min": 0,
        "stdev": 0.0267075523734
    },
    "spectral_centroid": {
        "max": 3651.41552734,
        "mean": 1755.08312988,
        "min": 658.437072754,
        "stdev": 409.557312012
    },
    "spectral_complexity": {
        "max": 45,
        "mean": 25.3832969666,
        "min": 0,
        "stdev": 7.48050832748
    },
    "spectral_decrease": {
        "max": -1.15967097036e-10,
        "mean": -7.97868970892e-09,
        "min": -3.34963559112e-08,
        "stdev": 3.62676888521e-09
    },
    "spectral_energy": {
        "max": 0.129770502448,
        "mean": 0.0325100012124,
        "min": 0.000494272389915,
        "stdev": 0.0142491357401
    },
    "spectral_energyband_high": {
        "max": 0.00833921134472,
        "mean": 0.000496721128002,
        "min": 3.04660279653e-05,
        "stdev": 0.000576176156756
    },
    "spectral_energyband_low": {
        "max": 0.113498970866,
        "mean": 0.0135835669935,
        "min": 9.2549737019e-05,
        "stdev": 0.0116609828547
    },
    "spectral_energyband_middle_high": {
        "max": 0.0359205827117,
        "mean": 0.00908445101231,
        "min": 0.000174160726601,
        "stdev": 0.00607499200851
    },
    "spectral_energyband_middle_low": {
        "max": 0.0430490896106,
        "mean": 0.00966407358646,
        "min": 0.00018697786436,
        "stdev": 0.00516644818708
    },
    "spectral_entropy": {
        "max": 8.64130115509,
        "mean": 7.61729955673,
        "min": 6.82460927963,
        "stdev": 0.229667112231
    },
    "spectral_flux": {
        "max": 0.28690007329,
        "mean": 0.0937194749713,
        "min": 0.0324102267623,
        "stdev": 0.0329063124955
    },
    "spectral_kurtosis": {
        "max": 15.110666275,
        "mean": 4.93288660049,
        "min": -0.727269649506,
        "stdev": 2.18501758575
    },
    "spectral_rms": {
        "max": 0.0112519050017,
        "mean": 0.00550057459623,
        "min": 0.000694418442436,
        "stdev": 0.00120860885363
    },
    "spectral_rolloff": {
        "max": 8914.74609375,
        "mean": 1730.15771484,
        "min": 86.1328125,
        "stdev": 1005.66467285
    },
    "spectral_skewness": {
        "max": 2.45990037918,
        "mean": 1.48276221752,
        "min": 0.166453003883,
        "stdev": 0.287462264299
    },
    "spectral_spread": {
        "max": 20037552,
        "mean": 3645603.75,
        "min": 1766295.375,
        "stdev": 1068680.75
    },
    "spectral_strongpeak": {
        "max": 12.4298620224,
        "mean": 0.922839701176,
        "min": 0,
        "stdev": 1.51366329193
    },
    "zerocrossingrate": {
        "max": 0.21484375,
        "mean": 0.0597362108529,
        "min": 0.0126953125,
        "stdev": 0.022453352809
    },
    "barkbands": {
        "max": [0.00986580364406, 0.0991323292255, 0.0240086056292, 0.00553333060816, 0.0151955401525, 0.0106661524624, 0.0158153623343, 0.0258339811116, 0.0195745136589, 0.00959560181946, 0.030845656991, 0.0250734630972, 0.00829928833991, 0.00731720216572, 0.00977346114814, 0.0159454680979, 0.015343233943, 0.0131871355698, 0.00314646703191, 0.00272601633333, 0.00155629368965, 0.00362238986418, 0.00275361770764, 0.00144545175135, 0.00123775028624, 0.000253345438978, 3.58384095307e-05],
        "mean": [0.00079497374827, 0.0111375134438, 0.0013967778068, 0.000640473968815, 0.00197740318254, 0.001596883405, 0.00136961496901, 0.00207427353598, 0.00179965130519, 0.000689827254973, 0.000629745074548, 0.00123357248958, 0.000558379048016, 0.000652380404063, 0.000757215428166, 0.00112008478027, 0.00157115818001, 0.00154034723528, 0.000352637085598, 0.000172912754351, 0.00013134573237, 0.000147806771565, 7.12105174898e-05, 5.27493248228e-05, 2.79401447187e-05, 1.25439937619e-05, 5.80160133268e-07],
        "min": [1.45090638171e-07, 3.17984950016e-06, 8.21920275484e-06, 4.30936142948e-06, 2.49564436672e-05, 2.43572467298e-05, 1.17362687888e-05, 9.54801998887e-06, 1.5030394934e-05, 7.66094581195e-06, 3.02074158753e-06, 1.55733177962e-05, 5.78497474635e-06, 1.62044325407e-05, 4.85222744828e-06, 7.5493571785e-06, 9.66618063103e-06, 2.25956273425e-06, 1.02016319943e-05, 1.54833878696e-06, 7.76710021455e-06, 5.81257381782e-06, 3.75870331482e-06, 2.19762910092e-06, 1.25825476971e-06, 1.57573353476e-07, 7.76244832301e-11],
        "stdev": [0.0012787966989, 0.0102836089209, 0.00203063245863, 0.000691586232278, 0.00174756511115, 0.00159297534265, 0.0018151163822, 0.00292124319822, 0.0024829194881, 0.00100634642877, 0.00137627846561, 0.0025980938226, 0.000977067858912, 0.000912463234272, 0.00122323201504, 0.00174843834247, 0.00177655182779, 0.00173067767173, 0.000295377132716, 0.000188198537217, 0.000117067793326, 0.000250681332545, 0.000136190632475, 0.000116575662105, 6.93429319654e-05, 2.23469214689e-05, 2.11396331906e-06]
    },
    "erbbands": {
        "max": [2.88172340393, 22.5576553345, 35.9430465698, 17.2281513214, 29.8089637756, 63.1283988953, 104.011268616, 118.518463135, 246.862762451, 337.390319824, 687.838378906, 485.587585449, 454.298675537, 259.951660156, 1529.97253418, 583.858581543, 400.500610352, 362.597564697, 460.077972412, 648.342529297, 646.665710449, 667.142578125, 652.43157959, 247.809524536, 107.974235535, 60.3240737915, 42.8561935425, 78.3803024292, 99.764755249, 152.087936401, 72.8593902588, 40.3656845093, 22.1652126312, 17.8441390991, 6.61634492874, 1.12086606026, 0.437982648611, 0.0627521276474, 0.00487351743504, 0.000147124286741],
        "mean": [0.385350316763, 2.21699023247, 2.09124851227, 2.00096011162, 3.55581355095, 6.75136613846, 10.0367412567, 15.4889211655, 17.4738883972, 28.2985115051, 47.9631919861, 36.2695770264, 33.4877510071, 25.300195694, 36.4423408508, 39.1027679443, 24.7573432922, 32.1627082825, 34.7617225647, 48.3134384155, 66.5225143433, 90.734954834, 94.7782363892, 34.9968414307, 14.727807045, 7.63204574585, 5.98341226578, 4.28619527817, 5.34516000748, 3.6965508461, 1.93838536739, 1.21301686764, 0.804516196251, 0.414596706629, 0.150459527969, 0.0640894919634, 0.0205752775073, 0.00285467249341, 9.94499860099e-05, 4.17805204052e-05],
        "min": [0.000195081796846, 0.00146441336256, 0.0159866735339, 0.0193158984184, 0.0409595482051, 0.0884245857596, 0.196469143033, 0.180125325918, 0.130700975657, 0.577392458916, 0.396845906973, 0.632423996925, 0.826257586479, 0.60874402523, 0.917456567287, 0.827006876469, 0.265435159206, 0.802954077721, 0.813735544682, 0.479162067175, 0.505457997322, 0.40222710371, 0.113396964967, 0.424134135246, 0.379723072052, 0.0761187523603, 0.269358962774, 0.287368565798, 0.219603970647, 0.15416765213, 0.0997871384025, 0.0514318533242, 0.034431938082, 0.0208999421448, 0.00581896305084, 0.00142539269291, 0.000158561611897, 1.08458652903e-05, 4.96289658258e-06, 5.37269488632e-06],
        "stdev": [0.380868166685, 2.22888326645, 2.81558418274, 1.98261761665, 4.072453022, 6.63038253784, 10.8488693237, 17.2000713348, 19.6630840302, 32.8274803162, 69.1045227051, 53.055431366, 43.6471328735, 32.8618583679, 90.4342956543, 63.5005340576, 38.7992286682, 46.7669792175, 50.8492774963, 79.1762924194, 88.3061523438, 92.2878799438, 102.887176514, 32.0284118652, 10.396987915, 6.37002468109, 4.90465593338, 4.66500520706, 8.37369251251, 7.29049634933, 3.62693238258, 2.61412501335, 1.80791556835, 1.04673433304, 0.374728024006, 0.115028209984, 0.037112608552, 0.0063734264113, 0.000254032289376, 1.75092045538e-05]
    },
    "gfcc": {
        "mean": [28.5073070526, 102.790084839, -135.852798462, 40.9849090576, -50.9219093323, 12.9261341095, -34.621471405, 21.6594963074, -11.8301906586, 1.67186546326, -10.2617177963, 8.72285175323, -8.91995716095],
        "cov": [[645.54083252, -182.23651123, 49.788230896, -55.6465530396, 73.4811630249, 24.68334198, -72.9118499756, 78.1271209717, 29.0615348816, 51.2780914307, -21.2920417786, 15.471124649, -51.8193092346], [-182.23651123, 448.194152832, -87.891998291, 50.8559112549, 54.6432876587, -25.4209003448, 131.508026123, 18.2626304626, 71.216003418, -36.8065223694, 93.2342681885, -26.2912921906, 32.2619285583], [49.788230896, -87.891998291, 398.465942383, 18.1771678925, -49.6865501404, 66.8275146484, 73.0930709839, 13.3645477295, -67.8346099854, 95.4290924072, 16.9809799194, 49.3685760498, 13.4098930359], [-55.6465530396, 50.8559112549, 18.1771678925, 187.78263855, 65.3711242676, -1.12737667561, 7.57922363281, -9.59747028351, 47.6247215271, 33.0554924011, 14.0096912384, -25.6621990204, 51.8782157898], [73.4811630249, 54.6432876587, -49.6865501404, 65.3711242676, 220.047210693, -8.09041786194, -35.9118003845, 41.6947364807, 69.9655151367, 42.5143089294, 8.38443660736, -24.0758476257, 2.26954770088], [24.68334198, -25.4209003448, 66.8275146484, -1.12737667561, -8.09041786194, 100.723762512, 57.3909721375, 4.05463123322, 2.09447145462, 10.5342731476, 18.9357395172, 19.4356269836, -4.45460891724], [-72.9118499756, 131.508026123, 73.0930709839, 7.57922363281, -35.9118003845, 57.3909721375, 201.546005249, 39.5286140442, 2.07211208344, 16.3126831055, 54.6750297546, 21.7021179199, 10.0055494308], [78.1271209717, 18.2626304626, 13.3645477295, -9.59747028351, 41.6947364807, 4.05463123322, 39.5286140442, 95.9291152954, 39.968952179, 29.0266628265, 20.1728744507, -12.5766239166, -4.34852313995], [29.0615348816, 71.216003418, -67.8346099854, 47.6247215271, 69.9655151367, 2.09447145462, 2.07211208344, 39.968952179, 112.202598572, 32.0323791504, 23.1653270721, -22.862739563, 3.58712887764], [51.2780914307, -36.8065223694, 95.4290924072, 33.0554924011, 42.5143089294, 10.5342731476, 16.3126831055, 29.0266628265, 32.0323791504, 164.882904053, 37.7036018372, -32.8489341736, 25.4856967926], [-21.2920417786, 93.2342681885, 16.9809799194, 14.0096912384, 8.38443660736, 18.9357395172, 54.6750297546, 20.1728744507, 23.1653270721, 37.7036018372, 81.2871780396, 14.563911438, 18.6210193634], [15.471124649, -26.2912921906, 49.3685760498, -25.6621990204, -24.0758476257, 19.4356269836, 21.7021179199, -12.5766239166, -22.862739563, -32.8489341736, 14.563911438, 98.4523239136, 4.34586286545], [-51.8193092346, 32.2619285583, 13.4098930359, 51.8782157898, 2.26954770088, -4.45460891724, 10.0055494308, -4.34852313995, 3.58712887764, 25.4856967926, 18.6210193634, 4.34586286545, 79.3798217773]],
        "icov": [[0.00233664130792, 0.000404659862397, -6.71594025334e-05, 0.000237242144067, -0.000353189709131, -0.000799752247985, 0.00119468686171, -0.00214228476398, -0.00014471373288, -0.000660933146719, 0.000342214654665, -0.000982714467682, 0.00110673543531], [0.000404659862397, 0.00943257659674, -0.0024637482129, 0.00318913022056, -0.00441356189549, 0.00736742746085, -0.00771779473871, 0.00676345778629, -0.00717180408537, 0.00907966308296, -0.0111927548423, 0.00773855671287, -0.00374364200979], [-6.71594025334e-05, -0.0024637482129, 0.0063679437153, -0.00352574372664, 0.00248021120206, -0.00453492952511, 0.00180885347072, -0.00468128640205, 0.00691758049652, -0.00718542700633, 0.0046445839107, -0.00584744988009, 0.00260106520727], [0.000237242144067, 0.00318913022056, -0.00352574372664, 0.0113147571683, -0.00450212275609, 0.00363063905388, -0.00400972738862, 0.00731710530818, -0.0079843821004, 0.00532130897045, -0.00393017986789, 0.00636519724503, -0.00747581571341], [-0.000353189709131, -0.00441356189549, 0.00248021120206, -0.00450212275609, 0.00930980034173, -0.00417925603688, 0.0055160834454, -0.00656331935897, 0.0023192728404, -0.00614369986579, 0.00546065391973, -0.00496166618541, 0.00338939088397], [-0.000799752247985, 0.00736742746085, -0.00453492952511, 0.00363063905388, -0.00417925603688, 0.0200544595718, -0.0103030987084, 0.00929337646812, -0.00867106579244, 0.0085570383817, -0.0100136203691, 0.00622029229999, -0.00241741957143], [0.00119468686171, -0.00771779473871, 0.00180885347072, -0.00400972738862, 0.0055160834454, -0.0103030987084, 0.015745703131, -0.0112859094515, 0.00723253702745, -0.00741757033393, 0.00529837748036, -0.00749139580876, 0.00411460129544], [-0.00214228476398, 0.00676345778629, -0.00468128640205, 0.00731710530818, -0.00656331935897, 0.00929337646812, -0.0112859094515, 0.0252245664597, -0.0127292303368, 0.00877255853266, -0.00987845379859, 0.0103259328753, -0.00511430762708], [-0.00014471373288, -0.00717180408537, 0.00691758049652, -0.0079843821004, 0.0023192728404, -0.00867106579244, 0.00723253702745, -0.0127292303368, 0.0242842677981, -0.01113536302, 0.00641642604023, -0.00767836673185, 0.00610092561692], [-0.000660933146719, 0.00907966308296, -0.00718542700633, 0.00532130897045, -0.00614369986579, 0.0085570383817, -0.00741757033393, 0.00877255853266, -0.01113536302, 0.0215475261211, -0.0161870270967, 0.0144216297194, -0.00772135425359], [0.000342214654665, -0.0111927548423, 0.0046445839107, -0.00393017986789, 0.00546065391973, -0.0100136203691, 0.00529837748036, -0.00987845379859, 0.00641642604023, -0.0161870270967, 0.0332868359983, -0.0144599759951, 0.00251950719394], [-0.000982714467682, 0.00773855671287, -0.00584744988009, 0.00636519724503, -0.00496166618541, 0.00622029229999, -0.00749139580876, 0.0103259328753, -0.00767836673185, 0.0144216297194, -0.0144599759951, 0.0229801181704, -0.0071072075516], [0.00110673543531, -0.00374364200979, 0.00260106520727, -0.00747581571341, 0.00338939088397, -0.00241741957143, 0.00411460129544, -0.00511430762708, 0.00610092561692, -0.00772135425359, 0.00251950719394, -0.0071072075516, 0.0202580485493]]
    },
    "melbands": {
        "max": [0.0263690911233, 0.0191695131361, 0.00267853331752, 0.00390882138163, 0.00362172839232, 0.00246549234726, 0.00320045789704, 0.00355217815377, 0.0048197787255, 0.00310464319773, 0.00219507468864, 0.00115640903823, 0.00414324272424, 0.00304301991127, 0.00118287024088, 0.000994075322524, 0.000692543166224, 0.000886060181074, 0.00110852939542, 0.00152319425251, 0.000921323837247, 0.000714199384674, 0.00122053734958, 0.000456038222183, 0.000227473385166, 7.20820462448e-05, 0.000179079230293, 3.56111850124e-05, 2.30134301091e-05, 3.69533263438e-05, 5.06453616254e-05, 5.34724822501e-05, 0.00010655458027, 7.62652489357e-05, 5.15072897542e-05, 3.32060881192e-05, 1.9065608285e-05, 1.74199794856e-05, 1.61796706379e-05, 1.43604211189e-05],
        "mean": [0.00334085454233, 0.00167465000413, 0.000385265098885, 0.000364875682862, 0.00035461425432, 0.000334797805408, 0.000277963292319, 0.000358379213139, 0.000362110818969, 0.000240426335949, 0.000165279227076, 9.93775975076e-05, 0.000100391654996, 0.000157834598213, 5.77121718379e-05, 6.07207912253e-05, 5.67921051697e-05, 5.3069779824e-05, 6.40823782305e-05, 6.65228217258e-05, 7.88155739428e-05, 8.56523474795e-05, 0.000107321138785, 6.8144283432e-05, 2.38603406615e-05, 1.17197696454e-05, 8.65389029059e-06, 3.88922535421e-06, 3.85795874536e-06, 2.91524816021e-06, 2.20867195821e-06, 2.76943819699e-06, 3.41080612998e-06, 1.55822681336e-06, 1.16654132398e-06, 8.91037814199e-07, 6.59712839024e-07, 5.98731617174e-07, 4.40247106326e-07, 3.15726737199e-07],
        "min": [1.27877319755e-06, 1.00373690657e-05, 3.96222594645e-06, 4.47235106549e-06, 6.46920761938e-06, 3.99543205276e-06, 2.11176688936e-06, 6.85769191477e-06, 2.20557262764e-06, 2.12111331166e-06, 1.65583833223e-06, 1.79634730557e-06, 1.94611425286e-06, 2.62171283794e-06, 8.903714388e-07, 7.08539403149e-07, 1.44699720295e-06, 9.72531665866e-07, 3.08845983454e-07, 5.11549956173e-07, 5.71164832763e-07, 5.07760887558e-07, 6.33677430528e-08, 1.26901113617e-07, 3.11135181619e-07, 3.57831595466e-07, 1.37425246294e-07, 3.00829761102e-08, 1.14512545224e-07, 1.30498577278e-07, 1.19185386893e-07, 1.43825488408e-07, 6.91091770477e-08, 8.35803106725e-08, 5.12611393333e-08, 4.25285975325e-08, 2.39363231458e-08, 1.65202340696e-08, 1.5103653439e-08, 1.37834339498e-08],
        "stdev": [0.00305907870643, 0.00178290298209, 0.000353857583832, 0.000343281455571, 0.000363179831766, 0.000351542956196, 0.000306583620841, 0.000393479742343, 0.000524522562046, 0.000345430831658, 0.000218116634642, 0.000137834329507, 0.000225428550038, 0.000347707537003, 9.91394554148e-05, 0.00010149829177, 8.53993478813e-05, 8.71870361152e-05, 0.000113166119263, 0.000124668993521, 0.000105370556412, 9.27725923248e-05, 0.000144664925756, 7.68191603129e-05, 2.4291291993e-05, 9.06674267753e-06, 1.04169630504e-05, 3.56699661097e-06, 3.33951766152e-06, 2.89964009426e-06, 2.65719313575e-06, 4.04868205806e-06, 7.55749715609e-06, 3.27519092025e-06, 2.34743401961e-06, 1.73586431629e-06, 1.54563247179e-06, 1.37493577768e-06, 1.04952425772e-06, 8.27234373446e-07]
    },
    "melbands128": {
        "max": [0.0098544145003, 0.0286032538861, 0.0410754792392, 0.0366293005645, 0.0243787597865, 0.00849844329059, 0.00363610964268, 0.00269416230731, 0.00399090535939, 0.0060323709622, 0.00367190176621, 0.00579042825848, 0.00477557117119, 0.00264277635142, 0.00330598582514, 0.00441144406796, 0.00593701936305, 0.00364927016199, 0.00642219092697, 0.00601104646921, 0.00517756212503, 0.00909361988306, 0.00776245072484, 0.00506498664618, 0.00552683370188, 0.0061272829771, 0.00435622548684, 0.00354487914592, 0.00218052603304, 0.00273548788391, 0.00187532790005, 0.00302916974761, 0.00327261118218, 0.011196221225, 0.00821136776358, 0.00390070793219, 0.00191620201804, 0.00251373765059, 0.00254564639181, 0.00137090869248, 0.00150405650493, 0.00196380307898, 0.00141468015499, 0.00160004838835, 0.00161355012096, 0.00155170820653, 0.00139021885116, 0.00153218617197, 0.00173045345582, 0.00164029293228, 0.00310775241815, 0.00247557531111, 0.00162927492056, 0.00125257694162, 0.00122092477977, 0.00127033342142, 0.00128376460634, 0.00315515208058, 0.0023411475122, 0.00145707745105, 0.000950644607656, 0.000799653586, 0.000350826710928, 0.000454352004454, 0.000259666965576, 0.00012429538765, 0.000116911411169, 0.000182483840035, 0.00029565062141, 8.52977027535e-05, 4.90044330945e-05, 3.71389833163e-05, 3.79400917154e-05, 3.97638032155e-05, 4.63118230982e-05, 4.57616224594e-05, 4.3125339289e-05, 6.40959551674e-05, 6.42229788355e-05, 3.02175449178e-05, 4.47553647973e-05, 0.000103441401734, 8.22823058115e-05, 0.000173353342689, 9.33637056733e-05, 6.83458929416e-05, 9.09244117793e-05, 5.85609632253e-05, 5.96734753344e-05, 3.23329186358e-05, 2.58374639088e-05, 4.54132496088e-05, 3.4774231608e-05, 2.0598878109e-05, 2.42319347308e-05, 2.73422465398e-05, 2.1146817744e-05, 1.42053277159e-05, 2.15597301576e-05, 1.47209912029e-05, 2.12670656765e-05, 1.32060295073e-05, 1.09597403934e-05, 1.69516770256e-05, 8.69664381753e-06, 1.64150355886e-06, 2.18728928303e-06, 2.94877509077e-06, 2.34827894019e-06, 2.94119581667e-06, 1.88352339592e-06, 1.33938590352e-06, 1.24141456581e-06, 1.57792362643e-06, 1.0367610912e-06, 6.34390346477e-07, 6.91785942308e-07, 3.87502865351e-07, 2.46675000426e-07, 2.42856430077e-07, 9.41288078593e-08, 4.76607837641e-08, 9.28599064309e-09, 4.54104664982e-09, 4.48648140861e-09, 4.43778702675e-09, 4.40627756504e-09, 4.38664127245e-09],
        "mean": [0.000711048254743, 0.00302005489357, 0.00486629782245, 0.00325130624697, 0.0013336102711, 0.00063583481824, 0.000393053865992, 0.000309842667775, 0.000364440609701, 0.000351540016709, 0.000372348993551, 0.000435904366896, 0.000376145646442, 0.000207434903132, 0.000331423594616, 0.000439464201918, 0.000283772154944, 0.000218730579945, 0.000311542709824, 0.000264988862909, 0.000398871517973, 0.000607139896601, 0.000301598600345, 0.000227763390285, 0.000180113638635, 0.000274981197435, 0.000305057357764, 0.000106081359263, 0.000111271066999, 9.2605703685e-05, 0.000105439714389, 9.64445061982e-05, 6.90848755767e-05, 0.00010106839909, 0.000243554401095, 0.000159381394042, 4.91101127409e-05, 6.65047336952e-05, 5.23302878719e-05, 3.86084248021e-05, 6.21843282715e-05, 9.2800706625e-05, 5.51494049432e-05, 3.51180060534e-05, 6.18333288003e-05, 5.48112184333e-05, 4.36028130935e-05, 7.30589017621e-05, 6.50345245958e-05, 6.26335458946e-05, 6.56038027955e-05, 6.9909990998e-05, 8.73830140335e-05, 8.23592126835e-05, 6.14740420133e-05, 8.20479399408e-05, 0.000103878162918, 0.000126537735923, 9.98877512757e-05, 8.93197211553e-05, 7.40542382118e-05, 4.97612891195e-05, 2.65500275418e-05, 1.67788093677e-05, 1.71321808011e-05, 1.10536575448e-05, 8.70638723427e-06, 1.06570314529e-05, 8.39494168758e-06, 6.37573612039e-06, 3.81892550649e-06, 2.83569738713e-06, 2.63606943918e-06, 5.22412074133e-06, 3.61800448445e-06, 2.64477239398e-06, 2.73961745734e-06, 2.81823372461e-06, 1.89105844584e-06, 1.8086526552e-06, 2.67103155238e-06, 2.98242298413e-06, 3.49015363099e-06, 4.58649265056e-06, 2.06111781154e-06, 1.56548605901e-06, 1.43238139572e-06, 1.38859024901e-06, 1.22152096083e-06, 9.41993334891e-07, 8.82258120782e-07, 9.37718596106e-07, 8.19641741145e-07, 6.17398541181e-07, 5.67380993743e-07, 6.42477459678e-07, 6.18999024482e-07, 5.29889007339e-07, 4.35882810734e-07, 3.96462525032e-07, 3.8786330947e-07, 2.94398574852e-07, 2.39088308263e-07, 2.60711772171e-07, 1.79588752758e-07, 5.58523218785e-08, 1.13198261431e-07, 1.34733568302e-07, 1.11534824043e-07, 1.03530467754e-07, 8.99854271097e-08, 8.08078723935e-08, 5.54792691787e-08, 5.62035324947e-08, 4.12061176291e-08, 2.66267754512e-08, 1.92165838797e-08, 3.41758665812e-09, 1.56548563002e-09, 8.24520562936e-10, 2.26316229646e-10, 1.90211471573e-10, 5.65943021613e-11, 1.3115973585e-11, 1.23969419799e-11, 1.2049547124e-11, 1.18289857076e-11, 1.17339245959e-11],
        "min": [2.47757458993e-08, 1.02155695458e-06, 5.59016939405e-07, 8.00989425898e-07, 1.91972799257e-06, 5.11054895469e-06, 3.10510449708e-06, 2.51402661888e-06, 4.05534638048e-06, 1.55305360749e-06, 1.97003942048e-06, 3.31122646458e-06, 3.00887222693e-06, 2.83911322185e-06, 6.00842554377e-07, 4.27946361015e-07, 3.63510395118e-07, 2.78383254226e-07, 5.60306830266e-07, 1.42728038099e-06, 2.24633458856e-06, 4.85621740154e-07, 8.03670673122e-07, 2.56130647358e-07, 2.58565108879e-07, 8.93233050192e-07, 3.59311286502e-07, 6.66234427626e-07, 2.23432920166e-07, 1.34814797548e-07, 1.65322092016e-07, 1.56912307148e-07, 2.20770587589e-07, 4.23634077151e-07, 4.6531698672e-07, 1.21464836411e-07, 2.508936916e-07, 7.32600042852e-08, 7.38280192536e-08, 8.45744878575e-08, 4.03144468919e-07, 4.86568467295e-07, 2.06279636927e-07, 1.97252717271e-07, 7.61706928643e-08, 2.08283182701e-07, 1.261538074e-07, 7.11437593282e-08, 1.90893644003e-07, 1.11663126745e-07, 5.91812785444e-08, 1.56140060881e-07, 4.8444718459e-07, 3.90666116346e-07, 2.33246453263e-07, 1.0873255718e-07, 2.50380871591e-08, 7.26287652242e-08, 4.59566678046e-08, 4.51557866654e-08, 1.27241634118e-07, 2.28558619142e-07, 8.98144847383e-08, 1.18228328461e-07, 2.1788841309e-07, 2.17999499341e-07, 2.38201039338e-07, 1.08075923322e-07, 4.32038440579e-08, 2.02547347783e-08, 1.78087606884e-08, 2.2214344142e-08, 7.32249105795e-08, 5.28682910783e-08, 9.8535984705e-08, 6.48139533155e-08, 1.00956860649e-07, 1.15431987524e-07, 4.30754987235e-08, 3.27085594165e-08, 1.09072281873e-07, 7.36140037816e-08, 5.03161246002e-08, 5.40701776686e-08, 2.39991742035e-08, 4.01337025835e-08, 3.13243226913e-08, 5.40218572098e-08, 3.22356257243e-08, 1.46043532823e-08, 2.85281203105e-08, 2.28669154723e-08, 2.34285977285e-08, 1.40436711149e-08, 1.53342956111e-08, 9.76597114288e-09, 9.88121495737e-09, 1.15443299364e-08, 1.08713500424e-08, 9.33045107843e-09, 6.34824193213e-09, 1.05483355384e-08, 4.31393187839e-09, 2.84852497145e-09, 1.1983315451e-09, 9.71083213841e-10, 2.49060549962e-09, 1.77145387248e-09, 9.46484557396e-10, 2.83607221041e-10, 2.20367446513e-10, 5.02349516152e-11, 4.01569055786e-12, 5.42528045058e-13, 4.50261735448e-13, 4.14681418544e-13, 3.16536998436e-13, 2.34550551724e-13, 2.119710657e-13, 1.82182868509e-13, 1.5513907162e-13, 2.03788551247e-13, 1.65397480868e-13, 1.65269897377e-13, 1.35249179477e-13, 4.7243387994e-14, 6.52674037727e-15, 4.06215878619e-16],
        "stdev": [0.0011438508518, 0.00346376909874, 0.00461933715269, 0.00360590987839, 0.00191929761786, 0.000837580126245, 0.00044097751379, 0.000382898375392, 0.000508716271725, 0.000465874094516, 0.000459498143755, 0.00054631056264, 0.000492476916406, 0.000243766771746, 0.000445686164312, 0.000594767858274, 0.000447377562523, 0.000328185327817, 0.000636230455711, 0.000501320697367, 0.000580411229748, 0.00101219851058, 0.000690675748046, 0.000536035688128, 0.000425523787271, 0.000482840958284, 0.000530774646904, 0.000225427153055, 0.000197942121304, 0.000212589409784, 0.000188679943676, 0.000196672568563, 0.000190746053704, 0.000497551402077, 0.000737788854167, 0.000359603931429, 0.000100342629594, 0.00014910507889, 0.000152714550495, 8.68032657309e-05, 0.000140322139487, 0.000198065798031, 0.000109323038487, 9.38621087698e-05, 0.000122531186207, 0.000121518030937, 0.000105094222818, 0.000160531039, 0.000151383006596, 0.000147289028973, 0.000179168506293, 0.000172709886101, 0.000146589809447, 0.000135633759783, 0.000114556292829, 0.000130580971017, 0.000154245804879, 0.000264239643002, 0.000187888697837, 0.000148005550727, 0.000104355487565, 6.64996841806e-05, 3.58481156582e-05, 2.61841687461e-05, 2.15037962334e-05, 1.31380638777e-05, 9.6762441899e-06, 1.54247791215e-05, 1.52800821525e-05, 8.36232175061e-06, 4.55254166809e-06, 3.3792719023e-06, 3.47519539901e-06, 5.5721075114e-06, 3.89279057345e-06, 3.40966835211e-06, 3.33518460138e-06, 3.9363480937e-06, 2.94570827464e-06, 2.18357695303e-06, 3.77005812879e-06, 5.73378201807e-06, 6.57208238408e-06, 1.33743724291e-05, 4.63610467705e-06, 3.29923364006e-06, 3.63037815987e-06, 3.0408659768e-06, 2.69874408332e-06, 1.77537731361e-06, 1.58932573413e-06, 2.1000776087e-06, 1.85574060652e-06, 1.65287747222e-06, 1.43025363286e-06, 1.68357712482e-06, 1.47099797232e-06, 1.16947489914e-06, 1.12973657451e-06, 1.01539069419e-06, 1.09730365239e-06, 8.30912313177e-07, 6.09217465808e-07, 8.12944449535e-07, 5.02563352711e-07, 1.20358095046e-07, 1.95023204697e-07, 2.52269558132e-07, 2.09112613447e-07, 2.04104722457e-07, 1.80705214348e-07, 1.54307997491e-07, 1.04161024694e-07, 1.1100404862e-07, 8.68548681865e-08, 6.72232829402e-08, 6.10063608519e-08, 1.92720683856e-08, 1.2289493867e-08, 8.59893933836e-09, 2.87285950584e-09, 2.03035055435e-09, 5.06686637092e-10, 1.86685500392e-10, 1.8287767134e-10, 1.80167242236e-10, 1.78248360516e-10, 1.77103026688e-10]
    },
    "mfcc": {
        "mean": [-605.893554688, 125.411560059, -17.2929344177, 28.7361240387, 8.04966640472, -0.765772759914, -5.16633987427, 15.9267625809, 3.90942716599, 0.229009881616, 7.49740076065, 6.45092582703, 1.5117431879],
        "cov": [[635.624389648, -105.852844238, -122.195579529, -48.6865501404, 125.986335754, -52.9207878113, -68.2613143921, -1.53342843056, 18.7623767853, 44.8938827515, 66.8913421631, 13.2627773285, -48.6875495911], [-105.852844238, 337.228210449, -59.3127174377, 40.2871398926, -32.8623771667, -14.4551200867, 57.0889549255, 61.0020256042, -3.0605764389, 19.3475990295, 45.5999412537, 46.1023674011, 6.29855108261], [-122.195579529, -59.3127174377, 386.819030762, -12.7689161301, -126.959495544, 58.1906471252, 105.480712891, -12.335018158, -18.7012691498, -3.84174275398, -50.5964889526, 6.45759773254, 41.6340522766], [-48.6865501404, 40.2871398926, -12.7689161301, 173.940048218, 53.9494094849, 21.8833351135, 8.7946138382, -35.3341445923, 35.0753555298, 48.118057251, -4.13957214355, -9.08086585999, 31.3514175415], [125.986335754, -32.8623771667, -126.959495544, 53.9494094849, 236.400985718, -6.14021396637, -73.0602645874, -36.0828971863, 24.3577461243, 38.9697303772, 22.0946102142, -14.8473949432, -20.8617038727], [-52.9207878113, -14.4551200867, 58.1906471252, 21.8833351135, -6.14021396637, 111.479988098, 29.5876274109, -0.0185882356018, -1.05507779121, 2.04287648201, 5.95510864258, 3.27493858337, 22.3592510223], [-68.2613143921, 57.0889549255, 105.480712891, 8.7946138382, -73.0602645874, 29.5876274109, 144.587905884, 9.42489719391, 5.65383148193, 39.636882782, -18.2310295105, 31.5971317291, 37.3063774109], [-1.53342843056, 61.0020256042, -12.335018158, -35.3341445923, -36.0828971863, -0.0185882356018, 9.42489719391, 158.029052734, -2.14226746559, -66.677154541, 34.9430198669, 19.2249660492, -18.278629303], [18.7623767853, -3.0605764389, -18.7012691498, 35.0753555298, 24.3577461243, -1.05507779121, 5.65383148193, -2.14226746559, 67.2390670776, 45.3777732849, 1.52684032917, 2.66763734818, 16.9066295624], [44.8938827515, 19.3475990295, -3.84174275398, 48.118057251, 38.9697303772, 2.04287648201, 39.636882782, -66.677154541, 45.3777732849, 154.087615967, 20.1634254456, 25.7573242188, 34.210773468], [66.8913421631, 45.5999412537, -50.5964889526, -4.13957214355, 22.0946102142, 5.95510864258, -18.2310295105, 34.9430198669, 1.52684032917, 20.1634254456, 96.079284668, 37.1170692444, -16.9640293121], [13.2627773285, 46.1023674011, 6.45759773254, -9.08086585999, -14.8473949432, 3.27493858337, 31.5971317291, 19.2249660492, 2.66763734818, 25.7573242188, 37.1170692444, 73.1603164673, 26.429019928], [-48.6875495911, 6.29855108261, 41.6340522766, 31.3514175415, -20.8617038727, 22.3592510223, 37.3063774109, -18.278629303, 16.9066295624, 34.210773468, -16.9640293121, 26.429019928, 85.6881790161]],
        "icov": [[0.00231591751799, 0.000998262548819, 0.0002746694081, 0.000606011424679, -0.000884820357896, 0.000939105229918, -0.000199492817046, -0.000298960832879, -0.000123597536003, -0.000719341274817, -0.00129816215485, -0.000360910402378, 0.000615841243416], [0.000998262548819, 0.00493332464248, 0.00130853324663, -0.00161973736249, 0.000414706126321, 0.00139387743548, -0.00220463937148, -0.0016584538389, 0.00165682146326, -0.000826587958727, -0.00163888570387, -0.00135128363036, 0.000600174826104], [0.0002746694081, 0.00130853324663, 0.00436004297808, -0.000227481432375, 0.00147708831355, -0.00121395941824, -0.00235629687086, 5.09676392539e-05, 0.00108837592416, -0.000138915187563, 0.000835011247545, -0.000282412482193, -0.000169081511558], [0.000606011424679, -0.00161973736249, -0.000227481432375, 0.0087725110352, -0.00214851810597, -0.00105049950071, -0.000293428747682, 0.001475376077, -0.00326755316928, -0.000233006154303, -0.00105164176784, 0.00314601324499, -0.00288304314017], [-0.000884820357896, 0.000414706126321, 0.00147708831355, -0.00214851810597, 0.00723114004359, -0.00135465885978, 0.00267997267656, 0.000298580707749, -0.000289446907118, -0.00174511829391, 0.000812541635241, -0.000586017151363, 0.0016415102873], [0.000939105229918, 0.00139387743548, -0.00121395941824, -0.00105049950071, -0.00135465885978, 0.0120059046894, -0.00313490186818, 0.000150781444972, 0.000664138991851, 0.00165313004982, -0.00497501902282, 0.00250735669397, -0.00320956902578], [-0.000199492817046, -0.00220463937148, -0.00235629687086, -0.000293428747682, 0.00267997267656, -0.00313490186818, 0.0149362497032, -0.0029050654266, 0.000887272472028, -0.0058081522584, 0.00665478315204, -0.0050062877126, 0.000654273550026], [-0.000298960832879, -0.0016584538389, 5.09676392539e-05, 0.001475376077, 0.000298580707749, 0.000150781444972, -0.0029050654266, 0.0122268768027, -0.00569795724005, 0.00821883324534, -0.00527681643143, -0.000752275751438, 0.000324024673318], [-0.000123597536003, 0.00165682146326, 0.00108837592416, -0.00326755316928, -0.000289446907118, 0.000664138991851, 0.000887272472028, -0.00569795724005, 0.023132070899, -0.00857338961214, 0.00251375557855, 0.0012712678872, -0.00240642391145], [-0.000719341274817, -0.000826587958727, -0.000138915187563, -0.000233006154303, -0.00174511829391, 0.00165313004982, -0.0058081522584, 0.00821883324534, -0.00857338961214, 0.0164355039597, -0.00654797023162, -0.000603065825999, -0.00275011593476], [-0.00129816215485, -0.00163888570387, 0.000835011247545, -0.00105164176784, 0.000812541635241, -0.00497501902282, 0.00665478315204, -0.00527681643143, 0.00251375557855, -0.00654797023162, 0.0231139715761, -0.0121811423451, 0.00728627247736], [-0.000360910402378, -0.00135128363036, -0.000282412482193, 0.00314601324499, -0.000586017151363, 0.00250735669397, -0.0050062877126, -0.000752275751438, 0.0012712678872, -0.000603065825999, -0.0121811423451, 0.0273620039225, -0.0107583161443], [0.000615841243416, 0.000600174826104, -0.000169081511558, -0.00288304314017, 0.0016415102873, -0.00320956902578, 0.000654273550026, 0.000324024673318, -0.00240642391145, -0.00275011593476, 0.00728627247736, -0.0107583161443, 0.020467903465]]
    },
    "spectral_contrast_coeffs": {
        "max": [-0.499468564987, -0.49043995142, -0.522625207901, -0.568328738213, -0.605093240738, -0.627900660038],
        "mean": [-0.76178663969, -0.733482837677, -0.748007118702, -0.777899205685, -0.732162594795, -0.753194987774],
        "min": [-0.894702792168, -0.893907546997, -0.913244366646, -0.896904408932, -0.861393213272, -0.868072330952],
        "stdev": [0.0586344525218, 0.0598639324307, 0.0651352182031, 0.0492051504552, 0.0511412620544, 0.0325212478638]
    },
    "spectral_contrast_valleys": {
        "max": [-4.86838769913, -5.16233253479, -5.74676847458, -5.94030618668, -6.29247713089, -7.99373817444],
        "mean": [-6.3289475441, -6.41002750397, -7.00513505936, -7.12535905838, -7.21979761124, -10.1056652069],
        "min": [-8.43507194519, -8.02246665955, -8.51047420502, -8.79199409485, -8.85429096222, -11.2056417465],
        "stdev": [0.45947343111, 0.449437022209, 0.410977393389, 0.498167335987, 0.349625766277, 0.496427536011]
    }
},
"rhythm": {
    "beats_count": 54,
    "beats_loudness": {
        "max": 0.0714714378119,
        "mean": 0.037078499794,
        "min": 0.013242835179,
        "stdev": 0.0130781643093
    },
    "bpm": 101.801803589,
    "bpm_histogram_first_peak_bpm": 101,
    "bpm_histogram_first_peak_weight": 0.433962285519,
    "bpm_histogram_second_peak_bpm": 0,
    "bpm_histogram_second_peak_spread": 0,
    "bpm_histogram_second_peak_weight": 0,
    "danceability": 1.06192207336,
    "onset_rate": 2.95312476158,
    "beats_loudness_band_ratio": {
        "max": [0.84942728281, 0.290571153164, 0.509813547134, 0.273974537849, 0.607231974602, 0.0775106623769],
        "mean": [0.424753040075, 0.102566733956, 0.17254512012, 0.0981414392591, 0.192036569118, 0.0303036402911],
        "min": [0.0117394747213, 0.0168030317873, 0.032108169049, 0.012110623531, 0.0113781988621, 0.00454617431387],
        "stdev": [0.207717940211, 0.0625901445746, 0.107239566743, 0.0626084581017, 0.168639332056, 0.0186389051378]
    },
    "beats_position": [0.592108845711, 1.19582760334, 1.8111563921, 2.40326523781, 2.99537420273, 3.58748292923, 4.17959165573, 4.76009082794, 5.36380958557, 5.95591831207, 6.54802703857, 7.14013576508, 7.72063493729, 8.31274318695, 8.893242836, 9.47374153137, 10.0542402267, 10.6347389221, 11.2384576797, 11.8305664062, 12.4226751328, 13.0147848129, 13.5952835083, 14.1873922348, 14.7678909302, 15.3599996567, 15.9521083832, 16.5442180634, 17.1247158051, 17.7168254852, 18.3089332581, 18.8894329071, 19.4815406799, 20.062040329, 20.642539978, 21.2346477509, 21.826757431, 22.4072551727, 22.9993648529, 23.5914726257, 24.195192337, 24.7873020172, 25.37940979, 25.9599094391, 26.5404071808, 27.132516861, 27.7246246338, 28.3051242828, 28.8856239319, 29.4777317047, 30.0698413849, 30.6503391266, 31.2424488068, 31.8345565796],
