{
"metadata": {
    "version": {
        "essentia": "2.1-beta5",
        "essentia_git_sha": "Undefined",
        "extractor": "music 2.0"
    },
    "audio_properties": {
        "analysis": {
            "equal_loudness": 0,
            "length": 48.7502937317,
            "sample_rate": 44100,
            "start_time": 77.7520217896,
            "downmix": "mix"
        },
        "bit_rate": 192000,
        "length": 203.209442139,
        "lossless": 0,
        "number_channels": 2,
        "replay_gain": 1.11898612976,
        "sample_rate": 48000,
        "codec": "mp3",
        "md5_encoded": "0cafc116b0b7680825ca32f250c09088"
    },
    "tags": {
        "file_name": "Italy_L_Essenziale_Marco Mengoni.mp3",
        "encoding": ["Lavf58.29.100"]
    }
},
"lowlevel": {
    "average_loudness": 0.967930674553,
    "barkbands_crest": {
        "max": 25.1414833069,
        "mean": 10.6266336441,
        "min": 3.11735081673,
        "stdev": 3.96167945862
    },
    "barkbands_flatness_db": {
        "max": 0.361584037542,
        "mean": 0.142890498042,
        "min": 0.049355391413,
        "stdev": 0.0415057688951
    },
    "barkbands_kurtosis": {
        "max": 196.014083862,
        "mean": 4.73572301865,
        "min": -1.91208219528,
        "stdev": 10.7456989288
    },
    "barkbands_skewness": {
        "max": 12.2595586777,
        "mean": 1.6770169735,
        "min": -0.850585699081,
        "stdev": 1.25764262676
    },
    "barkbands_spread": {
        "max": 106.223754883,
        "mean": 25.600976944,
        "min": 1.17167460918,
        "stdev": 16.6905403137
    },
    "dissonance": {
        "max": 0.500000119209,
        "mean": 0.456206262112,
        "min": 0.276344835758,
        "stdev": 0.0323867686093
    },
    "dynamic_complexity": 2.17009401321,
    "erbbands_crest": {
        "max": 28.8572425842,
        "mean": 9.47311210632,
        "min": 2.58871936798,
        "stdev": 5.00637674332
    },
    "erbbands_flatness_db": {
        "max": 0.276596188545,
        "mean": 0.145203709602,
        "min": 0.0568586699665,
        "stdev": 0.0390937961638
    },
    "erbbands_kurtosis": {
        "max": 17.8862552643,
        "mean": 0.662754058838,
        "min": -1.56714248657,
        "stdev": 2.29686808586
    },
    "erbbands_skewness": {
        "max": 3.42602515221,
        "mean": 0.454477667809,
        "min": -3.36257553101,
        "stdev": 0.825088381767
    },
    "erbbands_spread": {
        "max": 124.541168213,
        "mean": 44.1356086731,
        "min": 6.07732486725,
        "stdev": 19.1726837158
    },
    "hfc": {
        "max": 157.638931274,
        "mean": 29.2451839447,
        "min": 0.367564350367,
        "stdev": 22.6860179901
    },
    "loudness_ebu128": {
        "integrated": -23.1684837341,
        "loudness_range": 1.99369621277,
        "momentary": {
            "max": -20.4266490936,
            "mean": -23.3723964691,
            "min": -27.5218925476,
            "stdev": 1.36271452904
        },
        "short_term": {
            "max": -21.9334163666,
            "mean": -23.2112808228,
            "min": -25.0150127411,
            "stdev": 0.705212116241
        }
    },
    "melbands_crest": {
        "max": 33.0095596313,
        "mean": 14.207859993,
        "min": 5.14144420624,
        "stdev": 4.46749210358
    },
    "melbands_flatness_db": {
        "max": 0.449464827776,
        "mean": 0.19699446857,
        "min": 0.0658253505826,
        "stdev": 0.0541926845908
    },
    "melbands_kurtosis": {
        "max": 301.517944336,
        "mean": 16.0223731995,
        "min": -1.44454181194,
        "stdev": 25.4786567688
    },
    "melbands_skewness": {
        "max": 13.9373855591,
        "mean": 2.86456751823,
        "min": -0.741599917412,
        "stdev": 1.80874419212
    },
    "melbands_spread": {
        "max": 154.30909729,
        "mean": 23.3978691101,
        "min": 0.772772967815,
        "stdev": 17.2744159698
    },
    "pitch_salience": {
        "max": 0.814140319824,
        "mean": 0.513657331467,
        "min": 0.0926225408912,
        "stdev": 0.108003221452
    },
    "silence_rate_20dB": {
        "max": 1,
        "mean": 1,
        "min": 1,
        "stdev": 0
    },
    "silence_rate_30dB": {
        "max": 1,
        "mean": 0.946692049503,
        "min": 0,
        "stdev": 0.224644586444
    },
    "silence_rate_60dB": {
        "max": 0,
        "mean": 0,
        "min": 0,
        "stdev": 0
    },
    "spectral_centroid": {
        "max": 4532.06494141,
        "mean": 1274.57324219,
        "min": 267.323303223,
        "stdev": 615.914672852
    },
    "spectral_complexity": {
        "max": 53,
        "mean": 19.5525932312,
        "min": 1,
        "stdev": 6.64284181595
    },
    "spectral_decrease": {
        "max": -1.21624127436e-10,
        "mean": -1.03552677544e-08,
        "min": -8.26282686717e-08,
        "stdev": 9.49446121723e-09
    },
    "spectral_energy": {
        "max": 0.315904557705,
        "mean": 0.0417358092964,
        "min": 0.000492376449984,
        "stdev": 0.0365666523576
    },
    "spectral_energyband_high": {
        "max": 0.0247436407954,
        "mean": 0.00173250725493,
        "min": 1.11749004645e-05,
        "stdev": 0.00243785046041
    },
    "spectral_energyband_low": {
        "max": 0.305237144232,
        "mean": 0.0196921844035,
        "min": 0.000120183940453,
        "stdev": 0.0333423092961
    },
    "spectral_energyband_middle_high": {
        "max": 0.0583961829543,
        "mean": 0.00747628184035,
        "min": 9.67431551544e-05,
        "stdev": 0.00958538521081
    },
    "spectral_energyband_middle_low": {
        "max": 0.1167101264,
        "mean": 0.0137256560847,
        "min": 0.000251089135418,
        "stdev": 0.0121921887621
    },
    "spectral_entropy": {
        "max": 8.61246871948,
        "mean": 7.71103239059,
        "min": 6.58697652817,
        "stdev": 0.33749371767
    },
    "spectral_flux": {
        "max": 0.455957502127,
        "mean": 0.112547725439,
        "min": 0.0255330093205,
        "stdev": 0.0677799805999
    },
    "spectral_kurtosis": {
        "max": 15.6424236298,
        "mean": 2.4354019165,
        "min": -0.923215389252,
        "stdev": 1.76253724098
    },
    "spectral_rms": {
        "max": 0.0175556130707,
        "mean": 0.00601298175752,
        "min": 0.000693085312378,
        "stdev": 0.00213586282916
    },
    "spectral_rolloff": {
        "max": 9453.07617188,
        "mean": 1346.02746582,
        "min": 64.599609375,
        "stdev": 1474.94689941
    },
    "spectral_skewness": {
        "max": 3.16448283195,
        "mean": 1.30651175976,
        "min": -0.307149380445,
        "stdev": 0.393345832825
    },
    "spectral_spread": {
        "max": 19794716,
        "mean": 5478954,
        "min": 2382767.5,
        "stdev": 1663116.25
    },
    "spectral_strongpeak": {
        "max": 8.61084747314,
        "mean": 1.13127267361,
        "min": 0,
        "stdev": 1.52114951611
    },
    "zerocrossingrate": {
        "max": 0.2666015625,
        "mean": 0.0619480386376,
        "min": 0.0078125,
        "stdev": 0.0369448252022
    },
    "barkbands": {
        "max": [0.00623400090262, 0.258205324411, 0.0765909552574, 0.0443010404706, 0.0820909813046, 0.0256913863122, 0.0500407479703, 0.0640805214643, 0.0421709530056, 0.0534191578627, 0.0285761412233, 0.0310805253685, 0.0197075195611, 0.011405562982, 0.0132505083457, 0.0112626627088, 0.0128754833713, 0.00355804990977, 0.00537460716441, 0.00330387288705, 0.0050227669999, 0.012625252828, 0.0112740332261, 0.0105203902349, 0.00343861104921, 0.000969682936557, 1.68145709267e-06],
        "mean": [0.000435956550064, 0.0145078571513, 0.00406430987641, 0.0013929825509, 0.00421713618562, 0.00189991074149, 0.00162654684391, 0.0029746547807, 0.00126593117602, 0.00270748441108, 0.000853307079524, 0.000890631461516, 0.000536934123375, 0.000524437287822, 0.000581031548791, 0.000544430862647, 0.000496781314723, 0.000238121298025, 0.00016601565585, 0.000176268978976, 0.000283405242953, 0.000539573724382, 0.000323606043821, 0.000271995610092, 0.000155050613103, 6.14366363152e-05, 2.10836255121e-08],
        "min": [4.49403444236e-07, 1.07739369923e-05, 1.72790169017e-05, 3.33782600137e-06, 1.53045220941e-05, 5.31809291715e-06, 1.33651008127e-06, 1.00300258055e-05, 1.39712165037e-06, 6.16930174147e-06, 1.94900940187e-06, 3.81629888579e-06, 4.15549038735e-06, 2.609728881e-06, 3.02514854411e-06, 6.22599191047e-06, 6.80773791828e-06, 3.24418010678e-06, 1.85809130926e-06, 1.88405306289e-06, 1.8710193217e-06, 1.84885391263e-06, 7.94575441887e-07, 4.5359968226e-07, 1.57351834673e-07, 1.73649941648e-10, 1.92088178697e-10],
        "stdev": [0.000639563892037, 0.0285184048116, 0.00720537593588, 0.00266213528812, 0.00604431284592, 0.00231314310804, 0.00343774911016, 0.00684398366138, 0.0029429262504, 0.00682296790183, 0.00268565607257, 0.00247712084092, 0.00143223186024, 0.000976195675321, 0.0011769408593, 0.00103842234239, 0.000907356268726, 0.000330466224113, 0.00024170827237, 0.000280628941255, 0.000454356253613, 0.000844658119604, 0.000691494729836, 0.000654797477182, 0.00027850701008, 0.000125716032926, 1.02387325285e-07]
    },
    "erbbands": {
        "max": [6.39234304428, 66.8348922729, 107.704650879, 81.1157302856, 257.405609131, 428.752838135, 267.397033691, 253.070510864, 728.098632812, 524.613830566, 1499.07421875, 919.753845215, 1537.40148926, 1908.0657959, 1149.44726562, 1548.14550781, 1051.47229004, 938.575378418, 729.798400879, 778.941040039, 645.768493652, 693.02331543, 243.084991455, 201.271179199, 161.558776855, 217.626876831, 289.37411499, 193.336181641, 408.146026611, 561.591918945, 364.452636719, 284.006622314, 138.930541992, 51.7858352661, 21.9932594299, 6.73391056061, 1.66425693035, 0.0374662056565, 0.00119803939015, 0.00038767218939],
        "mean": [0.3867803514, 3.29623627663, 5.72254610062, 4.37167930603, 8.2515335083, 15.6637487411, 17.3769168854, 14.6592235565, 22.599981308, 30.9715576172, 68.6678543091, 33.0612754822, 50.2496032715, 78.2008590698, 41.0736656189, 32.9130630493, 25.2597084045, 27.585767746, 29.0462913513, 32.305896759, 28.8717536926, 28.429605484, 15.9465084076, 9.21563053131, 7.37088823318, 8.56762123108, 9.81022071838, 13.3402357101, 19.6615791321, 14.6437368393, 8.69469928741, 6.21612358093, 4.01169013977, 2.04565882683, 0.97010165453, 0.425458699465, 0.0868476629257, 0.00228149653412, 0.000102728197817, 5.79666011618e-05],
        "min": [0.000566745409742, 0.0041119819507, 0.0391359888017, 0.0387752987444, 0.0981626212597, 0.0688064172864, 0.0877570062876, 0.0388779900968, 0.00990264024585, 0.186330288649, 0.276821315289, 0.308046549559, 0.40528601408, 0.435738027096, 0.449423313141, 0.362071782351, 0.184415787458, 0.180082827806, 0.100941136479, 0.290658921003, 0.573822379112, 0.400145292282, 0.187972083688, 0.152613043785, 0.0891023352742, 0.116136603057, 0.101482607424, 0.0687900856137, 0.0681494176388, 0.0304498896003, 0.0219846572727, 0.011407257989, 0.00552444253117, 0.00333705707453, 0.000244858150836, 1.36447342811e-05, 3.94035350837e-06, 7.91779655174e-07, 2.903225095e-06, 6.55628673485e-06],
        "stdev": [0.722638070583, 6.81108999252, 10.0001974106, 6.43637275696, 15.7516736984, 24.1246681213, 21.965385437, 19.7927303314, 47.9730567932, 57.0254516602, 164.913772583, 69.7887954712, 141.229919434, 194.203201294, 103.728851318, 86.5680923462, 67.0548782349, 52.6264953613, 58.6171989441, 58.3438987732, 51.5901565552, 51.4210777283, 21.7979259491, 11.6102361679, 9.45371055603, 13.818816185, 18.4027423859, 19.3234367371, 29.2765388489, 29.3780422211, 18.8203716278, 15.5896625519, 9.75738048553, 3.87816953659, 1.79007577896, 0.844634890556, 0.18631696701, 0.00466057052836, 0.000153906585183, 4.47192323918e-05]
    },
    "gfcc": {
        "mean": [30.9084777832, 99.8862457275, -113.320678711, 48.0816917419, -67.3202590942, 31.0069332123, -37.0752487183, 10.7090454102, -12.708732605, 2.52660369873, -15.2657709122, 2.80681562424, -3.84839701653],
        "cov": [[1865.03149414, -1073.22119141, 217.671203613, -133.197662354, -187.965759277, 176.936126709, -159.540283203, 180.474884033, -165.523788452, 182.654083252, -248.446258545, 193.318359375, -136.734161377], [-1073.22119141, 1168.93566895, -399.690979004, 42.9504356384, 131.143280029, -168.714828491, 206.852539062, -177.406570435, 213.251617432, -228.91545105, 203.611633301, -181.273300171, 137.550354004], [217.671203613, -399.690979004, 567.184143066, -51.4875869751, 26.7281150818, 55.5379333496, -124.865356445, 100.048324585, -174.5262146, 144.820220947, -88.638885498, 77.5579223633, -108.470397949], [-133.197662354, 42.9504356384, -51.4875869751, 323.740234375, 35.3260993958, -64.0783843994, -8.18609333038, -62.1813735962, 98.0752716064, -41.7979545593, 41.6423454285, -23.1554012299, 61.7552375793], [-187.965759277, 131.143280029, 26.7281150818, 35.3260993958, 209.909469604, -8.40536117554, 17.0296459198, 11.1352052689, -9.09614849091, 7.33522796631, 6.3843255043, -4.96839427948, 6.34858036041], [176.936126709, -168.714828491, 55.5379333496, -64.0783843994, -8.40536117554, 179.819671631, 68.8369750977, 33.6215438843, -54.5844535828, 15.1679639816, -13.5472869873, 15.0763406754, -8.33681106567], [-159.540283203, 206.852539062, -124.865356445, -8.18609333038, 17.0296459198, 68.8369750977, 215.979049683, -1.17997300625, 16.4792709351, -67.3249282837, 59.9577674866, -28.6112289429, 41.2362518311], [180.474884033, -177.406570435, 100.048324585, -62.1813735962, 11.1352052689, 33.6215438843, -1.17997300625, 131.660842896, -21.8284053802, 50.0991973877, -38.0538368225, 33.5677108765, -34.3863792419], [-165.523788452, 213.251617432, -174.5262146, 98.0752716064, -9.09614849091, -54.5844535828, 16.4792709351, -21.8284053802, 227.994689941, -31.5142707825, 34.4242515564, -46.7703094482, 48.5678596497], [182.654083252, -228.91545105, 144.820220947, -41.7979545593, 7.33522796631, 15.1679639816, -67.3249282837, 50.0991973877, -31.5142707825, 140.861343384, -38.7990188599, 33.6591453552, -56.1084709167], [-248.446258545, 203.611633301, -88.638885498, 41.6423454285, 6.3843255043, -13.5472869873, 59.9577674866, -38.0538368225, 34.4242515564, -38.7990188599, 125.10660553, -27.3677520752, 38.5804367065], [193.318359375, -181.273300171, 77.5579223633, -23.1554012299, -4.96839427948, 15.0763406754, -28.6112289429, 33.5677108765, -46.7703094482, 33.6591453552, -27.3677520752, 113.559753418, -7.27649879456], [-136.734161377, 137.550354004, -108.470397949, 61.7552375793, 6.34858036041, -8.33681106567, 41.2362518311, -34.3863792419, 48.5678596497, -56.1084709167, 38.5804367065, -7.27649879456, 96.3093338013]],
        "icov": [[0.00142120895907, 0.000783820229117, 0.000686804472934, -0.000109050379251, 0.000636583077721, -0.000595930963755, 0.000182357820449, -0.000523887982126, 0.000159490693477, -0.000152272958076, 0.00123704457656, -0.000901112507563, 0.000650289352052], [0.000783820229117, 0.00801798701286, -0.00169805809855, 0.00563422543928, -0.00479667121544, 0.00700193829834, -0.00525495503098, 0.00618612533435, -0.00535437418148, 0.00588437402621, -0.00419022049755, 0.00437167752534, -0.00234567234293], [0.000686804472934, -0.00169805809855, 0.00475426809862, -0.00266142818145, 0.00143558240961, -0.00316657591611, 0.00295670120977, -0.00364063982852, 0.00383204524405, -0.00336684053764, 0.00206229486503, -0.00212239101529, 0.00264644669369], [-0.000109050379251, 0.00563422543928, -0.00266142818145, 0.00885212048888, -0.00465222168714, 0.00633558724076, -0.00383914029226, 0.00656463904306, -0.00601256266236, 0.00505702290684, -0.00418050214648, 0.0036038137041, -0.00410743383691], [0.000636583077721, -0.00479667121544, 0.00143558240961, -0.00465222168714, 0.00892940443009, -0.00452585052699, 0.00281944009475, -0.00533696915954, 0.00440900726244, -0.00484113162383, 0.00388025236316, -0.00311270193197, 0.00142795522697], [-0.000595930963755, 0.00700193829834, -0.00316657591611, 0.00633558724076, -0.00452585052699, 0.0154706258327, -0.00900973752141, 0.00609577121213, -0.00425858562812, 0.00453026080504, -0.00392477726564, 0.00501923961565, -0.00406536320224], [0.000182357820449, -0.00525495503098, 0.00295670120977, -0.00383914029226, 0.00281944009475, -0.00900973752141, 0.012412250042, -0.0067396662198, 0.00423636706546, -0.00150050944649, 0.000508501485456, -0.00265675783157, 0.00145432492718], [-0.000523887982126, 0.00618612533435, -0.00364063982852, 0.00656463904306, -0.00533696915954, 0.00609577121213, -0.0067396662198, 0.0172569248825, -0.00677987188101, 0.00336776254699, -0.00264534400776, 0.00223502959125, -0.00135242159013], [0.000159490693477, -0.00535437418148, 0.00383204524405, -0.00601256266236, 0.00440900726244, -0.00425858562812, 0.00423636706546, -0.00677987188101, 0.0114978877828, -0.00592109467834, 0.0035313309636, -0.00146628846414, 0.000377869495424], [-0.000152272958076, 0.00588437402621, -0.00336684053764, 0.00505702290684, -0.00484113162383, 0.00453026080504, -0.00150050944649, 0.00336776254699, -0.00592109467834, 0.0173434633762, -0.00458473199978, 0.00223994674161, 0.0019970445428], [0.00123704457656, -0.00419022049755, 0.00206229486503, -0.00418050214648, 0.00388025236316, -0.00392477726564, 0.000508501485456, -0.00264534400776, 0.0035313309636, -0.00458473199978, 0.0153683433309, -0.00292754359543, 0.000156999813044], [-0.000901112507563, 0.00437167752534, -0.00212239101529, 0.0036038137041, -0.00311270193197, 0.00501923961565, -0.00265675783157, 0.00223502959125, -0.00146628846414, 0.00223994674161, -0.00292754359543, 0.015057567507, -0.00529427267611], [0.000650289352052, -0.00234567234293, 0.00264644669369, -0.00410743383691, 0.00142795522697, -0.00406536320224, 0.00145432492718, -0.00135242159013, 0.000377869495424, 0.0019970445428, 0.000156999813044, -0.00529427267611, 0.0192293506116]]
    },
    "melbands": {
        "max": [0.0612046420574, 0.0594764463603, 0.0165232550353, 0.0206991452724, 0.00884491950274, 0.00551733281463, 0.0112660089508, 0.00782301090658, 0.0113168256357, 0.00545498263091, 0.007927573286, 0.00796338170767, 0.00413720449433, 0.00416689319536, 0.00205213273875, 0.00207468029112, 0.00157135911286, 0.00122636929154, 0.00146071217023, 0.00109795306344, 0.000975394796114, 0.000812599435449, 0.000369045126718, 0.000161655872944, 0.000196083026822, 0.000263460649876, 0.000104123835627, 0.000175670153112, 0.000186098652193, 0.000144258170621, 0.000121222787129, 0.000245056406129, 0.000321910716593, 0.000302997330436, 0.000240302906604, 0.000131634078571, 0.000216035783524, 0.000133583453135, 8.1809645053e-05, 3.24304855894e-05],
        "mean": [0.00380061403848, 0.00341131351888, 0.000856553611811, 0.000916612218134, 0.000621534010861, 0.000332498573698, 0.000343506340869, 0.000407625717344, 0.00052574032452, 0.00017656320415, 0.000265809008852, 0.000346307700966, 0.000127751423861, 0.000118539108371, 5.42709858564e-05, 5.39318061783e-05, 5.04587296746e-05, 4.54499204352e-05, 4.13754496549e-05, 4.04639285989e-05, 3.21630686813e-05, 3.00786996377e-05, 2.23644292419e-05, 8.73831413628e-06, 7.30633018975e-06, 6.16049192104e-06, 5.03517685502e-06, 5.69456960875e-06, 5.76242337047e-06, 6.61401918478e-06, 8.05942454463e-06, 1.11541685328e-05, 1.05779618025e-05, 7.22537333786e-06, 5.25153518538e-06, 3.90550849261e-06, 3.72523754777e-06, 2.92620893561e-06, 2.24544714911e-06, 1.55614497999e-06],
        "min": [3.76866591978e-06, 2.10679063457e-05, 8.48612125992e-06, 4.95948279422e-06, 2.17764954868e-06, 8.57328245729e-07, 1.24312620642e-07, 1.96960900212e-06, 2.39514565692e-06, 1.84779707979e-07, 1.14155875508e-06, 1.02467333818e-06, 5.69432529574e-07, 4.8200809033e-07, 2.60705093069e-07, 4.52763629255e-07, 2.90674506687e-07, 1.47243198967e-07, 2.2569253133e-07, 5.17027274327e-07, 4.84647387111e-07, 4.08467286661e-07, 1.56955593411e-07, 1.45115592431e-07, 9.36458235401e-08, 6.87337191607e-08, 3.22006457054e-08, 5.65590632107e-08, 6.37476631482e-08, 4.0667494261e-08, 2.88135524329e-08, 3.42707160428e-08, 2.01754701834e-08, 1.32298181299e-08, 8.87343087896e-09, 5.85019011012e-09, 7.00920832486e-09, 3.88012644237e-09, 3.12549541803e-09, 1.71184155739e-09],
        "stdev": [0.00740302493796, 0.00608154945076, 0.00125551014207, 0.00150372285862, 0.000718374038115, 0.000438028102508, 0.000724908313714, 0.000787914672401, 0.00125805358402, 0.000403992598876, 0.000772025436163, 0.000872101110872, 0.000360034202458, 0.000334054930136, 0.000143850338645, 0.000147645041579, 9.606139065e-05, 9.8892232927e-05, 9.13076655706e-05, 7.93437648099e-05, 6.46474509267e-05, 5.95822639298e-05, 3.46102096955e-05, 1.13077949209e-05, 1.02308868009e-05, 9.81230914476e-06, 7.25229347154e-06, 1.02578760561e-05, 1.19124160847e-05, 1.20885133583e-05, 1.18120369734e-05, 1.67195157701e-05, 1.87782061403e-05, 1.61885673151e-05, 1.20723780128e-05, 8.92335083336e-06, 1.02822359622e-05, 7.8470684457e-06, 4.94845107823e-06, 2.92348317998e-06]
    },
    "melbands128": {
        "max": [0.00596440955997, 0.0468706153333, 0.101953014731, 0.118323221803, 0.0707538723946, 0.0303279943764, 0.0167975723743, 0.0243533868343, 0.0311358179897, 0.0331430360675, 0.0313625372946, 0.0125648081303, 0.0128443855792, 0.00885236542672, 0.00435289554298, 0.0123553872108, 0.0112556023523, 0.020808743313, 0.0135315721855, 0.00866379681975, 0.0156777594239, 0.023757847026, 0.0213272236288, 0.017073623836, 0.0112698459998, 0.00644043274224, 0.0100611411035, 0.0149789489806, 0.0196328647435, 0.0128882331774, 0.0148319071159, 0.00654589105397, 0.00815770216286, 0.00890613533556, 0.0105889858678, 0.00841333996505, 0.00676557375118, 0.00283829914406, 0.00470961723477, 0.00449543539435, 0.00296098319814, 0.00610066810623, 0.0018159012543, 0.00147160468623, 0.00210216781124, 0.0025963683147, 0.00243161758408, 0.00294134882279, 0.00168247020338, 0.00274844141677, 0.00189022161067, 0.00140607997309, 0.00178264465649, 0.0012039054418, 0.00190475373529, 0.00173084624112, 0.00192581478041, 0.000874307181221, 0.000423293648055, 0.000455847766716, 0.000103390389995, 0.000141044234624, 0.000178990798304, 0.000415209418861, 0.000697182549629, 0.000325271394104, 0.000123829711811, 6.38754936517e-05, 0.000185618220712, 0.000163369870279, 0.000425924139563, 0.000244119524723, 0.000304297864204, 0.000253686070209, 0.000319209560985, 0.000178733753273, 0.000250722310739, 0.000139685143949, 0.000136302231112, 0.00024639631738, 0.000294664117973, 0.000197484623641, 0.000439761177404, 0.000349943351466, 0.000426577753387, 0.000358834833605, 0.000274717371212, 0.000309218972689, 0.000311473500915, 0.000247648771619, 0.000169383842149, 0.00015856839309, 0.000291438074782, 0.000272727047559, 0.000262423011009, 0.000272268400295, 0.000153671382577, 0.000114554248285, 0.000110225417302, 6.76655981806e-05, 3.53655595973e-05, 3.54443436663e-05, 5.09608908033e-05, 4.76472159789e-05, 5.48597963643e-05, 2.00495051104e-05, 1.96891560336e-05, 2.41123125306e-05, 1.72181516973e-05, 1.83121101145e-05, 1.17692616186e-05, 1.22568353618e-05, 5.64639822187e-06, 2.59252942669e-07, 3.08316771225e-07, 3.97750937964e-07, 6.65365647023e-08, 6.03619909612e-09, 5.841477968e-09, 5.66881697139e-09, 5.60698287799e-09, 5.47362821735e-09, 5.30622656925e-09, 5.27605070744e-09, 5.21253706864e-09, 5.11054532026e-09, 5.08392261622e-09, 5.05468733536e-09],
        "mean": [0.000392514921259, 0.00271296035498, 0.0054451408796, 0.00553146377206, 0.00366403372027, 0.00164928403683, 0.000826168747153, 0.00067856424721, 0.000734811474103, 0.00115600996651, 0.000862926070113, 0.000641490041744, 0.000641892489512, 0.000468677608296, 0.000324542139424, 0.000256719446043, 0.000279886560747, 0.000454325141618, 0.000284022651613, 0.000258991261944, 0.000490267702844, 0.000780956004746, 0.00054790917784, 0.000263082416495, 0.000225298135774, 0.000107297084469, 0.000125621780171, 0.00021031871438, 0.000455607136246, 0.000517673324794, 0.000260384258581, 0.000103359037894, 0.000136411923449, 0.000115358925541, 0.000149826330016, 0.000123692472698, 6.60429504933e-05, 3.65691375919e-05, 6.14777600276e-05, 5.76581587666e-05, 4.69943333883e-05, 5.57879502594e-05, 6.03917324042e-05, 3.52990937245e-05, 4.5808901632e-05, 5.0275491958e-05, 4.65155899292e-05, 3.21542684105e-05, 4.23065721407e-05, 5.4308649851e-05, 3.80586207029e-05, 2.74950616586e-05, 4.09276472055e-05, 2.81541178992e-05, 2.70152831945e-05, 3.40454207617e-05, 2.81509674096e-05, 2.69857173407e-05, 2.09567551792e-05, 1.23942436403e-05, 7.27574615667e-06, 6.27381450613e-06, 6.67975564284e-06, 7.10761878508e-06, 9.86927261692e-06, 5.66943390368e-06, 4.53403799838e-06, 4.29315832662e-06, 4.91486980536e-06, 6.64779418003e-06, 5.51472794541e-06, 5.42615271115e-06, 5.53510199097e-06, 5.7799793467e-06, 6.03481612416e-06, 6.4607238528e-06, 6.82650670569e-06, 7.33389106244e-06, 7.86548935139e-06, 9.06998502614e-06, 1.08031590571e-05, 1.19781698231e-05, 1.22982846733e-05, 1.08403773993e-05, 8.94976346899e-06, 7.61535511629e-06, 6.80154107613e-06, 5.92062406213e-06, 5.53490417587e-06, 4.49928893431e-06, 3.67830011783e-06, 3.83340648114e-06, 4.08122605222e-06, 3.82844973501e-06, 3.47188915839e-06, 3.18905586028e-06, 2.67225732387e-06, 2.75740035249e-06, 2.40279837271e-06, 1.94966742129e-06, 1.65170695254e-06, 1.58894454216e-06, 1.32723971547e-06, 1.0441365248e-06, 1.13804026114e-06, 1.03304819277e-06, 9.05642707494e-07, 7.79679282914e-07, 7.56518375056e-07, 6.6631628215e-07, 5.32974581802e-07, 5.20032699569e-07, 2.10700505932e-07, 7.48580752941e-09, 4.75128558719e-09, 4.52643833526e-09, 9.24048670914e-10, 1.52195409053e-11, 1.44494069487e-11, 1.40420305592e-11, 1.37068698405e-11, 1.34338529884e-11, 1.31523099703e-11, 1.29352917266e-11, 1.24706443089e-11, 1.17739672179e-11, 1.14016721411e-11, 1.12970821933e-11],
        "min": [8.61505000671e-08, 3.54755229637e-07, 1.36190692501e-06, 3.44570571542e-06, 1.5301098756e-05, 5.48751995666e-06, 7.29409384803e-06, 1.26790291688e-06, 3.53550717591e-06, 2.27609143622e-06, 2.43645740738e-06, 9.37044490001e-07, 1.10352630145e-06, 1.29814884531e-06, 6.03040518854e-07, 1.26035271109e-08, 5.60152919604e-08, 1.98934948514e-08, 2.04039622531e-07, 3.66126641893e-07, 6.70609381359e-07, 2.38613978354e-07, 1.24895819908e-07, 1.66857546446e-07, 7.75107764639e-08, 5.26685646207e-08, 3.31021574596e-08, 4.52150423769e-08, 2.45265567855e-07, 2.93035697041e-07, 5.28654027221e-08, 6.51884306535e-08, 4.72346570746e-08, 1.74307857037e-07, 4.86932627553e-08, 6.01178697934e-08, 3.33040865996e-08, 9.2643531957e-08, 2.47584068802e-08, 2.77321792197e-08, 1.60543578431e-08, 1.29630535639e-07, 7.97705439481e-08, 6.37752819443e-08, 4.22178842996e-08, 1.74425082378e-07, 1.57139474766e-08, 2.19708233828e-08, 8.20970171844e-08, 7.12980465778e-08, 6.70683348858e-08, 6.97785011994e-08, 2.04822796945e-07, 7.35047862577e-08, 7.41881081012e-08, 1.9517397476e-08, 6.27479082027e-08, 1.23339191305e-07, 8.07111248946e-08, 4.34312603659e-08, 2.20840039589e-08, 4.95604659534e-08, 3.01846334594e-08, 4.42207976903e-08, 3.32426672855e-08, 3.54367450939e-08, 1.90390245791e-08, 1.17258496246e-08, 1.47092904523e-09, 5.59510571208e-09, 6.97054591825e-09, 1.38173694708e-08, 3.94422343675e-08, 1.70698584157e-08, 1.93865723475e-08, 4.95432956882e-08, 2.37936781389e-08, 2.10029682535e-08, 2.58796699626e-08, 2.89321722136e-08, 2.05720791513e-08, 1.46220209274e-08, 2.31148913343e-08, 1.79155659197e-08, 1.4633075196e-08, 9.95394078274e-09, 8.99940832966e-09, 7.08187553045e-09, 7.86834686295e-09, 8.46781844643e-09, 3.86537379882e-09, 3.71154040835e-09, 4.34995905962e-09, 6.81175382766e-09, 3.16343773399e-09, 3.66378749561e-09, 2.19819140668e-09, 1.5060299674e-09, 2.11344874934e-09, 1.80465353772e-09, 2.14190709613e-09, 3.05690472935e-10, 4.12839873398e-10, 9.60243603382e-12, 1.70021061032e-12, 1.79367447544e-12, 1.02870186328e-12, 1.28202071355e-12, 8.91762683662e-13, 8.08141368495e-13, 7.83322733934e-13, 7.22210323229e-13, 6.83212058976e-13, 6.61733146577e-13, 5.66143215208e-13, 7.17267011844e-13, 7.41729757042e-13, 5.40931177889e-13, 3.88767306108e-13, 6.31034233114e-13, 6.08174860299e-13, 4.92204259121e-13, 5.8553796577e-13, 5.57037814312e-13, 3.46579535904e-13, 1.89182586155e-13, 2.47768792245e-14, 5.27353924994e-16],
        "stdev": [0.000593985605519, 0.00481810374185, 0.0120119247586, 0.0115091102198, 0.00666851643473, 0.00287075573578, 0.00132234883495, 0.00145923683885, 0.00171513238456, 0.00215743645094, 0.00152338983025, 0.000924060237594, 0.00101583451033, 0.000699552590959, 0.000483000039821, 0.000704005651642, 0.00075346097583, 0.00114942190703, 0.000827987620141, 0.000720744370483, 0.00134738150518, 0.00208360794932, 0.00187348795589, 0.000884242705069, 0.000697691750247, 0.000360939768143, 0.000522445479874, 0.000951459514908, 0.00169959769119, 0.00147726410069, 0.00102441990748, 0.000424191966886, 0.000549442484044, 0.000490373175126, 0.000573324272409, 0.0004681647697, 0.000287268136162, 0.000166031502886, 0.000226632037084, 0.000247715972364, 0.000178224232513, 0.000238614753471, 0.000127324645291, 0.000100692806882, 0.000130698012072, 0.000158882219694, 0.000152724140207, 0.000137117953273, 0.000115160895803, 0.000136637230753, 0.000117052848509, 8.37007173686e-05, 0.000112822264782, 7.15343339834e-05, 8.8610315288e-05, 9.38731682254e-05, 7.99225599621e-05, 5.56001687073e-05, 4.15861068177e-05, 2.77712078969e-05, 9.59621502261e-06, 1.06083425635e-05, 1.00729221231e-05, 1.51042659127e-05, 2.18678942474e-05, 1.20749764392e-05, 7.4771069194e-06, 6.88317913955e-06, 9.66570860328e-06, 1.22256833492e-05, 1.48835961227e-05, 1.32951381602e-05, 1.39357271109e-05, 1.4231572095e-05, 1.59405572049e-05, 1.32864042826e-05, 1.5089442968e-05, 1.23525933304e-05, 1.26093782455e-05, 1.55074176291e-05, 1.79721082532e-05, 1.95942975552e-05, 2.15538602788e-05, 2.23039569391e-05, 2.11871247302e-05, 1.89558959391e-05, 1.63512449944e-05, 1.47149030454e-05, 1.38871619129e-05, 1.06531797428e-05, 8.49928801472e-06, 9.53848211793e-06, 1.17214549391e-05, 1.19467586046e-05, 1.05450462797e-05, 1.08074018499e-05, 7.71152735979e-06, 7.52972709961e-06, 5.95980782236e-06, 4.16566444983e-06, 3.23118115375e-06, 3.14651879307e-06, 2.6818177048e-06, 2.41366478804e-06, 2.49746517511e-06, 2.05804076359e-06, 1.92719539882e-06, 1.58733280387e-06, 1.63018148669e-06, 1.55605766849e-06, 1.191975457e-06, 1.16602654998e-06, 5.19880984484e-07, 2.06941770386e-08, 1.63729829694e-08, 1.80638171088e-08, 4.05312716723e-09, 1.87194287848e-10, 1.81331366589e-10, 1.76308037614e-10, 1.73252898139e-10, 1.69444999698e-10, 1.64896971078e-10, 1.6325930885e-10, 1.6114939938e-10, 1.58634480552e-10, 1.57569665649e-10, 1.56680210472e-10]
    },
    "mfcc": {
        "mean": [-606.415344238, 115.094055176, 16.2209205627, 20.7235851288, 4.0183839798, 16.664188385, -6.98245668411, 10.8617076874, 5.91223621368, 1.00107610226, 2.79479813576, 1.68505966663, 0.831340968609],
        "cov": [[1720.22668457, -802.042663574, 75.4703826904, -194.651000977, -73.7036437988, -12.973359108, -86.8438796997, 13.0056028366, 65.9999084473, -30.5096721649, 2.396910429, -35.0194816589, -20.1080856323], [-802.042663574, 870.999816895, -251.979232788, 49.9012145996, -28.9480819702, -6.76688623428, 33.1875152588, 35.6026306152, -29.3955364227, 13.8512172699, 23.3864536285, -16.9080600739, 3.75318861008], [75.4703826904, -251.979232788, 377.587524414, -34.6224403381, 37.371055603, -19.3820743561, 29.6189212799, -41.4322395325, -23.8893241882, 0.385202109814, -17.2222995758, 19.023519516, 10.339466095], [-194.651000977, 49.9012145996, -34.6224403381, 293.159484863, 67.2342147827, 8.53649616241, -66.9879760742, -9.72552108765, -0.737319946289, -10.0203094482, -25.9288635254, 40.227142334, 12.8851499557], [-73.7036437988, -28.9480819702, 37.371055603, 67.2342147827, 179.723739624, -4.19252729416, -26.2014961243, -38.3099784851, 8.88810825348, 9.55092906952, -9.7351140976, 21.7590179443, 1.47208082676], [-12.973359108, -6.76688623428, -19.3820743561, 8.53649616241, -4.19252729416, 124.82460022, 27.4072647095, 13.1801176071, 12.5751514435, -4.04532718658, 9.80670547485, -10.3541345596, -10.7158565521], [-86.8438796997, 33.1875152588, 29.6189212799, -66.9879760742, -26.2014961243, 27.4072647095, 253.361038208, 33.1059532166, -26.3912448883, 0.247931867838, -0.897803068161, -33.5736465454, -9.16666507721], [13.0056028366, 35.6026306152, -41.4322395325, -9.72552108765, -38.3099784851, 13.1801176071, 33.1059532166, 121.119743347, 30.070766449, -10.9796257019, 1.33636653423, -7.17626953125, 6.77011156082], [65.9999084473, -29.3955364227, -23.8893241882, -0.737319946289, 8.88810825348, 12.5751514435, -26.3912448883, 30.070766449, 104.387237549, 20.4475574493, 7.45456790924, 9.43082332611, -6.28248405457], [-30.5096721649, 13.8512172699, 0.385202109814, -10.0203094482, 9.55092906952, -4.04532718658, 0.247931867838, -10.9796257019, 20.4475574493, 87.414276123, 28.8461875916, 0.185245782137, -9.75385475159], [2.396910429, 23.3864536285, -17.2222995758, -25.9288635254, -9.7351140976, 9.80670547485, -0.897803068161, 1.33636653423, 7.45456790924, 28.8461875916, 82.1409835815, 19.81731987, -4.32172298431], [-35.0194816589, -16.9080600739, 19.023519516, 40.227142334, 21.7590179443, -10.3541345596, -33.5736465454, -7.17626953125, 9.43082332611, 0.185245782137, 19.81731987, 85.3399887085, 22.3784294128], [-20.1080856323, 3.75318861008, 10.339466095, 12.8851499557, 1.47208082676, -10.7158565521, -9.16666507721, 6.77011156082, -6.28248405457, -9.75385475159, -4.32172298431, 22.3784294128, 59.5873069763]],
        "icov": [[0.00134496612009, 0.001370567712, 0.000554774305783, 0.000623886066023, 0.000350692513166, 0.000329774222337, 0.000453218497569, -0.000183628304512, -0.00035767556983, 0.000493323255796, -0.000397525756853, 0.000636045879219, 5.2931070968e-05], [0.001370567712, 0.00292673660442, 0.00160268659238, 0.000360774254659, 0.000351431110175, 0.000627658097073, 0.000150399078848, -0.000430558196967, 0.000325497501763, 0.000124495374621, -0.000727597507648, 0.000810748024378, -0.000204255091376], [0.000554774305783, 0.00160268659238, 0.00397785473615, 0.000732461572625, -0.000438251387095, 0.000507320743054, -0.000508183089551, 0.000592459691688, 0.000747133686673, -0.000287363742245, 0.000665470317472, -0.000787299184594, -0.000430106738349], [0.000623886066023, 0.000360774254659, 0.000732461572625, 0.00487106991932, -0.00128475832753, -0.000763392716181, 0.00118599308189, -0.000476456072647, 0.000598978425842, -1.87817568076e-05, 0.00197517173365, -0.00202172994614, 0.000101039302535], [0.000350692513166, 0.000351431110175, -0.000438251387095, -0.00128475832753, 0.00698080100119, 0.000114653907076, 9.23203242564e-06, 0.00201856042258, -0.00129709625617, -0.000469194870675, 0.0006401304272, -0.000726184924133, 0.00017589845811], [0.000329774222337, 0.000627658097073, 0.000507320743054, -0.000763392716181, 0.000114653907076, 0.0090430341661, -0.00109300680924, -0.000210352489376, -0.001445842674, 0.00144220946822, -0.00208385684527, 0.00150639319327, 0.000994732487015], [0.000453218497569, 0.000150399078848, -0.000508183089551, 0.00118599308189, 9.23203242564e-06, -0.00109300680924, 0.00515706045553, -0.00185297126882, 0.00160602782853, -0.000409423053497, 0.000169043356436, 0.00117251905613, 0.000456491718069], [-0.000183628304512, -0.000430558196967, 0.000592459691688, -0.000476456072647, 0.00201856042258, -0.000210352489376, -0.00185297126882, 0.0111386012286, -0.00425256835297, 0.0020274806302, -0.000444229925051, 0.000716257840395, -0.00209059938788], [-0.00035767556983, 0.000325497501763, 0.000747133686673, 0.000598978425842, -0.00129709625617, -0.001445842674, 0.00160602782853, -0.00425256835297, 0.0129587547854, -0.00378606421873, 0.00116237520706, -0.00226284610108, 0.00178256770596], [0.000493323255796, 0.000124495374621, -0.000287363742245, -1.87817568076e-05, -0.000469194870675, 0.00144220946822, -0.000409423053497, 0.0020274806302, -0.00378606421873, 0.014838966541, -0.00568541698158, 0.0020370753482, 0.00104259629734], [-0.000397525756853, -0.000727597507648, 0.000665470317472, 0.00197517173365, 0.0006401304272, -0.00208385684527, 0.000169043356436, -0.000444229925051, 0.00116237520706, -0.00568541698158, 0.0170043874532, -0.00632495572791, 0.00185558747035], [0.000636045879219, 0.000810748024378, -0.000787299184594, -0.00202172994614, -0.000726184924133, 0.00150639319327, 0.00117251905613, 0.000716257840395, -0.00226284610108, 0.0020370753482, -0.00632495572791, 0.017384165898, -0.00576740968972], [5.2931070968e-05, -0.000204255091376, -0.000430106738349, 0.000101039302535, 0.00017589845811, 0.000994732487015, 0.000456491718069, -0.00209059938788, 0.00178256770596, 0.00104259629734, 0.00185558747035, -0.00576740968972, 0.0200070776045]]
    },
    "spectral_contrast_coeffs": {
        "max": [-0.508002102375, -0.482910037041, -0.436600387096, -0.571449279785, -0.584337949753, -0.575219154358],
        "mean": [-0.741157114506, -0.740371286869, -0.73315089941, -0.767942726612, -0.779656946659, -0.741401791573],
        "min": [-0.900571703911, -0.894309639931, -0.910112738609, -0.920390307903, -0.875480651855, -0.865116894245],
        "stdev": [0.0583403259516, 0.0731659904122, 0.0787062346935, 0.053056742996, 0.043829832226, 0.0482851006091]
    },
    "spectral_contrast_valleys": {
        "max": [-4.80241394043, -4.76827573776, -5.6483707428, -5.76679801941, -5.8171248436, -7.46763658524],
        "mean": [-6.04100418091, -6.45358181, -7.32840776443, -7.49173116684, -7.57261991501, -9.68623447418],
        "min": [-7.92050457001, -8.7877073288, -8.95948791504, -8.90557861328, -9.61114025116, -12.2536334991],
        "stdev": [0.383372008801, 0.458013594151, 0.529941439629, 0.455239742994, 0.518305301666, 0.872655510902]
    }
},
"rhythm": {
    "beats_count": 102,
    "beats_loudness": {
        "max": 0.179684087634,
        "mean": 0.053977329284,
        "min": 0.0137616051361,
        "stdev": 0.0298546887934
    },
    "bpm": 126.066299438,
    "bpm_histogram_first_peak_bpm": 126,
    "bpm_histogram_first_peak_weight": 0.244898021221,
    "bpm_histogram_second_peak_bpm": 136,
    "bpm_histogram_second_peak_spread": 0.333333313465,
    "bpm_histogram_second_peak_weight": 0.0198019798845,
    "danceability": 1.23373317719,
    "onset_rate": 3.2197265625,
    "beats_loudness_band_ratio": {
        "max": [0.956745326519, 0.65024125576, 0.534919440746, 0.665035426617, 0.257284909487, 0.567066192627],
        "mean": [0.482350260019, 0.169557496905, 0.13832552731, 0.100582778454, 0.0582227185369, 0.0829794257879],
        "min": [0.084259711206, 0.0127024650574, 0.00261319894344, 0.00224710907787, 0.00235826149583, 0.00216994783841],
        "stdev": [0.247266381979, 0.136050850153, 0.125284850597, 0.116884082556, 0.0619032308459, 0.0822561457753]
    },
