{
"metadata": {
    "version": {
        "essentia": "2.1-beta5",
        "essentia_git_sha": "Undefined",
        "extractor": "music 2.0"
    },
    "audio_properties": {
        "analysis": {
            "equal_loudness": 0,
            "length": 32.4963264465,
            "sample_rate": 44100,
            "start_time": 61.4980506897,
            "downmix": "mix"
        },
        "bit_rate": 192000,
        "length": 199.877380371,
        "lossless": 0,
        "number_channels": 2,
        "replay_gain": -0.893341064453,
        "sample_rate": 48000,
        "codec": "mp3",
        "md5_encoded": "b4af70bab890b27ec6cd9426393c0f71"
    },
    "tags": {
        "file_name": "Ukraine_Gravity_Zlata Ognevich.mp3",
        "encoding": ["Lavf58.29.100"]
    }
},
"lowlevel": {
    "average_loudness": 0.958187460899,
    "barkbands_crest": {
        "max": 24.5435504913,
        "mean": 9.1509885788,
        "min": 2.32141470909,
        "stdev": 4.00156974792
    },
    "barkbands_flatness_db": {
        "max": 0.242159470916,
        "mean": 0.119234718382,
        "min": 0.0313500240445,
        "stdev": 0.031914267689
    },
    "barkbands_kurtosis": {
        "max": 27.5475330353,
        "mean": 0.876060843468,
        "min": -1.78533506393,
        "stdev": 2.9455473423
    },
    "barkbands_skewness": {
        "max": 4.54939031601,
        "mean": 0.751213908195,
        "min": -1.59509599209,
        "stdev": 0.772011518478
    },
    "barkbands_spread": {
        "max": 97.0052108765,
        "mean": 27.9143657684,
        "min": 4.36588668823,
        "stdev": 13.082983017
    },
    "dissonance": {
        "max": 0.499804854393,
        "mean": 0.466667711735,
        "min": 0.309373795986,
        "stdev": 0.0237312540412
    },
    "dynamic_complexity": 1.93241715431,
    "erbbands_crest": {
        "max": 29.0385723114,
        "mean": 10.1096534729,
        "min": 2.516882658,
        "stdev": 4.94234418869
    },
    "erbbands_flatness_db": {
        "max": 0.299377918243,
        "mean": 0.169784203172,
        "min": 0.0773727893829,
        "stdev": 0.0365805625916
    },
    "erbbands_kurtosis": {
        "max": 10.3058948517,
        "mean": 0.489195823669,
        "min": -1.55092012882,
        "stdev": 1.48404109478
    },
    "erbbands_skewness": {
        "max": 3.05506038666,
        "mean": 0.465583354235,
        "min": -2.35970473289,
        "stdev": 0.671323120594
    },
    "erbbands_spread": {
        "max": 95.4405593872,
        "mean": 32.8283882141,
        "min": 8.91940975189,
        "stdev": 13.9092416763
    },
    "hfc": {
        "max": 109.630279541,
        "mean": 33.9177703857,
        "min": 1.24773907661,
        "stdev": 17.1879291534
    },
    "loudness_ebu128": {
        "integrated": -21.5353107452,
        "loudness_range": 2.21430397034,
        "momentary": {
            "max": -18.9966526031,
            "mean": -21.7702713013,
            "min": -29.504573822,
            "stdev": 1.53445672989
        },
        "short_term": {
            "max": -20.074886322,
            "mean": -21.6001739502,
            "min": -23.9252338409,
            "stdev": 0.809638559818
        }
    },
    "melbands_crest": {
        "max": 31.6382102966,
        "mean": 13.3449068069,
        "min": 3.50814604759,
        "stdev": 5.58249378204
    },
    "melbands_flatness_db": {
        "max": 0.302840143442,
        "mean": 0.138822570443,
        "min": 0.0240762587637,
        "stdev": 0.0437589213252
    },
    "melbands_kurtosis": {
        "max": 65.6392593384,
        "mean": 4.89461898804,
        "min": -1.58095407486,
        "stdev": 7.81210851669
    },
    "melbands_skewness": {
        "max": 7.48962450027,
        "mean": 1.55297577381,
        "min": -0.325664877892,
        "stdev": 1.10921001434
    },
    "melbands_spread": {
        "max": 197.752578735,
        "mean": 36.7244720459,
        "min": 3.84668636322,
        "stdev": 20.7809524536
    },
    "pitch_salience": {
        "max": 0.785108983517,
        "mean": 0.545791327953,
        "min": 0.153383955359,
        "stdev": 0.107998251915
    },
    "silence_rate_20dB": {
        "max": 1,
        "mean": 1,
        "min": 1,
        "stdev": 0
    },
    "silence_rate_30dB": {
        "max": 1,
        "mean": 1,
        "min": 1,
        "stdev": 0
    },
    "silence_rate_60dB": {
        "max": 1,
        "mean": 0.0185581725091,
        "min": 0,
        "stdev": 0.134959772229
    },
    "spectral_centroid": {
        "max": 4431.12548828,
        "mean": 1895.86633301,
        "min": 428.258392334,
        "stdev": 593.395141602
    },
    "spectral_complexity": {
        "max": 54,
        "mean": 24.7972869873,
        "min": 2,
        "stdev": 8.87740039825
    },
    "spectral_decrease": {
        "max": -2.53463611211e-10,
        "mean": -7.23780058109e-09,
        "min": -2.50447360628e-08,
        "stdev": 4.07461975271e-09
    },
    "spectral_energy": {
        "max": 0.0963719040155,
        "mean": 0.0303935818374,
        "min": 0.00106980360579,
        "stdev": 0.0163207519799
    },
    "spectral_energyband_high": {
        "max": 0.0108979847282,
        "mean": 0.00181363255251,
        "min": 5.32844569534e-05,
        "stdev": 0.00155239470769
    },
    "spectral_energyband_low": {
        "max": 0.0875361636281,
        "mean": 0.00743113225326,
        "min": 1.50698961079e-05,
        "stdev": 0.0092596411705
    },
    "spectral_energyband_middle_high": {
        "max": 0.0555862262845,
        "mean": 0.0117173995823,
        "min": 0.000493758416269,
        "stdev": 0.00837981887162
    },
    "spectral_energyband_middle_low": {
        "max": 0.0614823177457,
        "mean": 0.0101558715105,
        "min": 8.10540295788e-05,
        "stdev": 0.00918813049793
    },
    "spectral_entropy": {
        "max": 8.8200302124,
        "mean": 7.8144197464,
        "min": 6.74520587921,
        "stdev": 0.280439227819
    },
    "spectral_flux": {
        "max": 0.273791849613,
        "mean": 0.0995720103383,
        "min": 0.0172893255949,
        "stdev": 0.0386666730046
    },
    "spectral_kurtosis": {
        "max": 8.62794876099,
        "mean": 2.41712331772,
        "min": -0.842680692673,
        "stdev": 1.1841789484
    },
    "spectral_rms": {
        "max": 0.00969646219164,
        "mean": 0.00522590288892,
        "min": 0.00102162174881,
        "stdev": 0.00153045367915
    },
    "spectral_rolloff": {
        "max": 11584.8632812,
        "mean": 2254.30517578,
        "min": 86.1328125,
        "stdev": 1611.75427246
    },
    "spectral_skewness": {
        "max": 2.56508588791,
        "mean": 1.15776157379,
        "min": 0.170897215605,
        "stdev": 0.258805274963
    },
    "spectral_spread": {
        "max": 11739710,
        "mean": 4562136.5,
        "min": 3076746.5,
        "stdev": 1057311.25
    },
    "spectral_strongpeak": {
        "max": 10.1802053452,
        "mean": 1.72939026356,
        "min": 0,
        "stdev": 1.70233762264
    },
    "zerocrossingrate": {
        "max": 0.34619140625,
        "mean": 0.0807242840528,
        "min": 0.01708984375,
        "stdev": 0.0375990122557
    },
    "barkbands": {
        "max": [0.0141324326396, 0.0435129404068, 0.065415263176, 0.0270712040365, 0.0228171367198, 0.0313330180943, 0.0285665988922, 0.0211469829082, 0.0596034638584, 0.0296160690486, 0.0374581217766, 0.0260871145874, 0.0263638813049, 0.00946201663464, 0.0227689780295, 0.00470292242244, 0.00928895268589, 0.00716536445543, 0.00485696876422, 0.00782892014831, 0.00357082020491, 0.00501979980618, 0.00345196272247, 0.00325161940418, 0.00377128762193, 0.00195278972387, 2.54038468483e-06],
        "mean": [0.000173314474523, 0.00470862584189, 0.00201794877648, 0.00107119046152, 0.00148680631537, 0.00160001160111, 0.00109407329001, 0.00108510139398, 0.00340706831776, 0.00126395828556, 0.00355638260953, 0.00149182160385, 0.00144381134305, 0.000657495460473, 0.00143737962935, 0.000466927653179, 0.000399700802518, 0.000461156159872, 0.000437702721683, 0.000745077093598, 0.000428418192314, 0.000304115441395, 0.000381702790037, 0.000155993620865, 9.03579930309e-05, 2.74310241366e-05, 1.19539409482e-08],
        "min": [2.14285691413e-08, 9.45891088122e-07, 1.52147970311e-06, 9.35886987463e-07, 2.02113096748e-06, 2.40980352828e-06, 3.49147649104e-06, 2.67379505203e-06, 1.38430159495e-05, 2.7351306926e-06, 8.79810795595e-06, 1.1696234651e-05, 2.28125372814e-05, 1.00174684121e-05, 1.26801296574e-05, 8.90808860277e-06, 2.71795170192e-06, 4.88170599056e-06, 4.17293176724e-06, 1.32842542371e-05, 6.59130182612e-06, 6.23757659923e-06, 6.96938013789e-06, 1.14940348794e-06, 3.18114757647e-07, 1.45977563371e-10, 1.26088903207e-10],
        "stdev": [0.000705927319359, 0.00682213017717, 0.00399165879935, 0.00261064921506, 0.00225869263522, 0.00315308151767, 0.00172770174686, 0.00197382783517, 0.00586219271645, 0.00241386890411, 0.00498886220157, 0.00280690402724, 0.00235861027613, 0.00094816996716, 0.00226983521134, 0.000628789130133, 0.000634972529951, 0.000520141038578, 0.000414512702264, 0.000858115381561, 0.000455866596894, 0.000409944128478, 0.000380917452276, 0.000249626435107, 0.000276089383988, 9.25510903471e-05, 1.01233879946e-07]
    },
    "erbbands": {
        "max": [2.31866955757, 9.50730133057, 65.8506317139, 63.6198654175, 64.5682907104, 73.2614822388, 496.955749512, 160.930969238, 255.082473755, 507.139770508, 729.416931152, 1680.8515625, 976.551147461, 1586.29931641, 1096.64318848, 715.647583008, 1264.51721191, 563.252868652, 1343.0637207, 598.128601074, 308.833862305, 637.400634766, 471.809082031, 327.478210449, 146.782012939, 400.484283447, 205.689239502, 129.584701538, 214.487213135, 103.229766846, 127.374824524, 47.6569824219, 61.2285881042, 49.2636299133, 40.0228042603, 17.4513587952, 0.943019449711, 0.0371570885181, 0.00142868049443, 0.000216644999455],
        "mean": [0.13742877543, 1.04190039635, 2.38698458672, 3.03903913498, 3.9446144104, 4.65840578079, 13.8811922073, 9.95683288574, 11.5396385193, 18.0904827118, 37.146774292, 80.8906173706, 45.2297706604, 95.7956695557, 122.134246826, 53.1648139954, 64.2803726196, 45.5320320129, 69.7536697388, 45.417137146, 25.4085140228, 22.5556297302, 26.1310443878, 25.4586315155, 22.4042167664, 32.7787780762, 25.4621086121, 13.0569162369, 11.5147838593, 9.70395278931, 11.619260788, 4.48402404785, 2.44206285477, 1.24595224857, 0.504561662674, 0.212842151523, 0.0289514008909, 0.000781815382652, 5.19316308782e-05, 4.24066456617e-05],
        "min": [2.27934469876e-05, 0.000573215598706, 0.00286330049857, 0.00726883066818, 0.0110907368362, 0.00522047188133, 0.0450311042368, 0.0482173897326, 0.0498660691082, 0.068876452744, 0.144044309855, 0.311107188463, 0.520329296589, 0.471354216337, 0.7027810812, 1.22989976406, 1.50430965424, 0.951193332672, 0.684161603451, 0.709244966507, 0.426443785429, 0.229798331857, 0.318056404591, 0.157238975167, 0.497476011515, 0.562573611736, 0.2817684412, 0.260234177113, 0.198996543884, 0.295097947121, 0.188410893083, 0.0438168905675, 0.0143172517419, 0.00632119877264, 0.000785191776231, 3.09813476633e-05, 2.85823534796e-06, 7.79701338161e-07, 9.0930694796e-07, 1.62577759966e-06],
        "stdev": [0.250400722027, 1.50188076496, 4.36322259903, 6.24387931824, 7.33345890045, 6.70154523849, 37.2366104126, 15.6749753952, 18.703710556, 28.0670337677, 67.4120178223, 148.172836304, 78.8299255371, 161.708770752, 173.577133179, 77.6316299438, 104.217018127, 53.8060150146, 126.665031433, 54.8500137329, 32.3149871826, 35.8426818848, 30.7608699799, 24.7999572754, 20.4352111816, 39.9228096008, 28.5520954132, 14.1157140732, 15.7521400452, 10.7471475601, 12.4449472427, 5.19504070282, 4.70497894287, 3.70201134682, 1.67611253262, 0.74916267395, 0.0722053125501, 0.00210566958413, 8.52985031088e-05, 2.14773717744e-05]
    },
    "gfcc": {
        "mean": [34.1647109985, 78.2168807983, -149.464004517, 40.3317260742, -74.5245819092, 31.7724761963, -30.1767578125, 11.318359375, -22.2916069031, 1.01740634441, -12.8776655197, -4.22391462326, -8.10573387146],
        "cov": [[1422.39343262, -75.1637649536, 213.926879883, -0.801406145096, 72.7856369019, 50.3514404297, -10.6743059158, 130.324569702, -100.373641968, 53.1295928955, -54.3231315613, 28.6255130768, -70.9822540283], [-75.1637649536, 704.657348633, 28.619392395, 91.8000640869, 89.4468383789, -32.8447227478, 111.529632568, -38.3022193909, 121.25466156, -50.4446525574, 100.2838974, -63.384765625, 54.8396606445], [213.926879883, 28.619392395, 515.98260498, 148.732757568, 74.7547302246, 23.9456787109, -62.6744346619, 58.260017395, 2.65950393677, 79.4018630981, -5.98297309875, 102.514541626, -0.559094846249], [-0.801406145096, 91.8000640869, 148.732757568, 259.522644043, 109.788024902, 29.843170166, 29.9523048401, 28.946893692, 61.2847938538, 11.4673728943, 33.9391212463, 4.23568344116, 41.9210777283], [72.7856369019, 89.4468383789, 74.7547302246, 109.788024902, 185.902526855, 70.5611877441, 50.7845153809, 54.4705200195, 27.0598011017, 34.477306366, 7.93578958511, 10.3640623093, 24.5649280548], [50.3514404297, -32.8447227478, 23.9456787109, 29.843170166, 70.5611877441, 152.938308716, 87.8623962402, 33.9918251038, 19.1494274139, 27.3893222809, 18.077375412, 1.25572192669, 0.515878975391], [-10.6743059158, 111.529632568, -62.6744346619, 29.9523048401, 50.7845153809, 87.8623962402, 169.244903564, 49.5973892212, 48.7145462036, 0.860376596451, 38.8402290344, -26.4720249176, 5.8501830101], [130.324569702, -38.3022193909, 58.260017395, 28.946893692, 54.4705200195, 33.9918251038, 49.5973892212, 132.598709106, 52.1972808838, 30.1486778259, 5.52756690979, 17.9647445679, -0.31568557024], [-100.373641968, 121.25466156, 2.65950393677, 61.2847938538, 27.0598011017, 19.1494274139, 48.7145462036, 52.1972808838, 154.382247925, 34.1077156067, 31.6404724121, -11.2157907486, 23.6468868256], [53.1295928955, -50.4446525574, 79.4018630981, 11.4673728943, 34.477306366, 27.3893222809, 0.860376596451, 30.1486778259, 34.1077156067, 115.588035583, 7.99067735672, 27.8891124725, -6.72143125534], [-54.3231315613, 100.2838974, -5.98297309875, 33.9391212463, 7.93578958511, 18.077375412, 38.8402290344, 5.52756690979, 31.6404724121, 7.99067735672, 118.053100586, 24.7750759125, 35.2072296143], [28.6255130768, -63.384765625, 102.514541626, 4.23568344116, 10.3640623093, 1.25572192669, -26.4720249176, 17.9647445679, -11.2157907486, 27.8891124725, 24.7750759125, 115.030075073, 31.5276107788], [-70.9822540283, 54.8396606445, -0.559094846249, 41.9210777283, 24.5649280548, 0.515878975391, 5.8501830101, -0.31568557024, 23.6468868256, -6.72143125534, 35.2072296143, 31.5276107788, 95.1979141235]],
        "icov": [[0.00105589220766, -0.000798267952632, 0.000244656868745, -0.000490325619467, 0.000735957582947, -0.00103136780672, 0.000977695570327, -0.00221048784442, 0.00189660023898, -0.000865921494551, 0.00065868801903, -0.00027957194834, 0.000529514160007], [-0.000798267952632, 0.00637253234163, -0.00395376980305, 0.00407153507695, -0.00650580180809, 0.00702015310526, -0.00663494924083, 0.00804398022592, -0.00694233831018, 0.00491413613781, -0.00491205556318, 0.00443494925275, -0.00158789986745], [0.000244656868745, -0.00395376980305, 0.00638305395842, -0.00523093901575, 0.00442309677601, -0.00519658252597, 0.00587644940242, -0.00595145439729, 0.00470441719517, -0.00441185105592, 0.00367416883819, -0.00570451328531, 0.00235729198903], [-0.000490325619467, 0.00407153507695, -0.00523093901575, 0.0104188928381, -0.00806206744164, 0.00537759624422, -0.00486812461168, 0.00647956412286, -0.0068021225743, 0.00496768951416, -0.00465117953718, 0.00510480487719, -0.00288803759031], [0.000735957582947, -0.00650580180809, 0.00442309677601, -0.00806206744164, 0.0166004560888, -0.0101063633338, 0.00619166484103, -0.0108255110681, 0.00877113640308, -0.007202624809, 0.00648429337889, -0.0043648625724, -0.000412384280935], [-0.00103136780672, 0.00702015310526, -0.00519658252597, 0.00537759624422, -0.0101063633338, 0.019039509818, -0.0132636940107, 0.00994352158159, -0.00721659930423, 0.0039257472381, -0.00549203483388, 0.00452760700136, -0.00125744484831], [0.000977695570327, -0.00663494924083, 0.00587644940242, -0.00486812461168, 0.00619166484103, -0.0132636940107, 0.0191997271031, -0.0119780749083, 0.00608312804252, -0.00378950824961, 0.00214252830483, -0.00265932409093, 0.00229367474094], [-0.00221048784442, 0.00804398022592, -0.00595145439729, 0.00647956412286, -0.0108255110681, 0.00994352158159, -0.0119780749083, 0.0233597531915, -0.0137305092067, 0.00649080565199, -0.00508613372222, 0.00292177894153, -0.000834918289911], [0.00189660023898, -0.00694233831018, 0.00470441719517, -0.0068021225743, 0.00877113640308, -0.00721659930423, 0.00608312804252, -0.0137305092067, 0.0189441610128, -0.00922580715269, 0.00424128258601, -0.00211803987622, -0.000431380642112], [-0.000865921494551, 0.00491413613781, -0.00441185105592, 0.00496768951416, -0.007202624809, 0.0039257472381, -0.00378950824961, 0.00649080565199, -0.00922580715269, 0.0160815101117, -0.00461521884426, 0.00128364947159, 0.00111057073809], [0.00065868801903, -0.00491205556318, 0.00367416883819, -0.00465117953718, 0.00648429337889, -0.00549203483388, 0.00214252830483, -0.00508613372222, 0.00424128258601, -0.00461521884426, 0.0153531059623, -0.00663951272145, -0.00126002577599], [-0.00027957194834, 0.00443494925275, -0.00570451328531, 0.00510480487719, -0.0043648625724, 0.00452760700136, -0.00265932409093, 0.00292177894153, -0.00211803987622, 0.00128364947159, -0.00663951272145, 0.0181270036846, -0.00670084636658], [0.000529514160007, -0.00158789986745, 0.00235729198903, -0.00288803759031, -0.000412384280935, -0.00125744484831, 0.00229367474094, -0.000834918289911, -0.000431380642112, 0.00111057073809, -0.00126002577599, -0.00670084636658, 0.0159398410469]]
    },
    "melbands": {
        "max": [0.014428941533, 0.0244631431997, 0.0106004429981, 0.00392846344039, 0.0138212237507, 0.00308652943932, 0.00435478147119, 0.00521675171331, 0.00659402366728, 0.0115506434813, 0.00477842940018, 0.00610037846491, 0.00341325602494, 0.00370837305672, 0.00371355237439, 0.0032589903567, 0.0010932055302, 0.00214657839388, 0.0014071239857, 0.000409615400713, 0.00043360167183, 0.000750879931729, 0.000395882118028, 0.000506100070197, 0.000323412852595, 0.000122564117191, 0.000322436506394, 0.000229482291616, 0.000167756486917, 0.000104908474896, 0.000101765966974, 0.000154674431542, 9.99665135168e-05, 5.36481638846e-05, 8.13815058791e-05, 4.15452777816e-05, 3.27865272993e-05, 3.63230283256e-05, 7.95800442575e-05, 3.51589842467e-05],
        "mean": [0.00127344531938, 0.00127409549896, 0.000562608649489, 0.000291833042866, 0.000417683651904, 0.000237157888478, 0.000199024376343, 0.000192897365196, 0.000335909513524, 0.000531458645128, 0.000204598298296, 0.000350581394741, 0.00042932110955, 0.00021064694738, 0.000105081009679, 0.00016414669517, 6.82551180944e-05, 0.000103255420981, 9.92683635559e-05, 3.68414985132e-05, 2.73378554994e-05, 2.37678395933e-05, 2.27254295169e-05, 2.13954754145e-05, 2.10651396628e-05, 1.39828662213e-05, 2.03868421522e-05, 2.27718082897e-05, 1.81301347766e-05, 1.02908388726e-05, 6.70646932122e-06, 6.74308921589e-06, 5.46164665138e-06, 5.29911994818e-06, 7.11363145456e-06, 4.75595243188e-06, 2.12145391743e-06, 1.75651030077e-06, 1.49509116909e-06, 8.60418424509e-07],
        "min": [1.74947473397e-07, 1.59761373197e-06, 1.40195606946e-06, 3.97663598051e-07, 1.86408556146e-06, 6.6797593945e-07, 7.54495772526e-07, 7.34924810786e-07, 7.23629511867e-07, 1.76772937266e-06, 2.47302409662e-06, 1.47735772771e-06, 1.57672729983e-06, 8.80663492353e-07, 9.53252140334e-07, 2.87801640297e-06, 1.47572916376e-06, 9.89925865724e-07, 1.13843827876e-06, 5.53094821498e-07, 4.12504959968e-07, 1.71270897908e-07, 3.47954312474e-07, 1.42966484873e-07, 1.22652593859e-07, 1.63162184208e-07, 2.52745564921e-07, 2.78634217921e-07, 1.66359413356e-07, 1.45207820879e-07, 1.57247910693e-07, 1.01760647908e-07, 1.35107256938e-07, 1.09999263032e-07, 1.18891001932e-07, 4.26440074364e-08, 1.36216868896e-08, 8.34964453134e-09, 8.29595325769e-09, 4.22930135358e-09],
        "stdev": [0.00199455837719, 0.0019034598954, 0.00107600935735, 0.000416141701862, 0.00102706986945, 0.000380176265026, 0.000311263720505, 0.000295421865303, 0.00066331907874, 0.00101181247737, 0.000381086516427, 0.000622706837021, 0.000578016159125, 0.000373952498194, 0.000231447527767, 0.000294380704872, 9.63785932981e-05, 0.000208104698686, 0.000145094934851, 4.88020559715e-05, 4.14486457885e-05, 4.3399821152e-05, 3.02304742945e-05, 2.65266862698e-05, 2.30527402891e-05, 1.39070216392e-05, 2.69417505478e-05, 2.82287437585e-05, 2.17231481656e-05, 1.12691050163e-05, 9.08947458811e-06, 9.6172962003e-06, 7.77286277298e-06, 5.77399214308e-06, 8.01825080998e-06, 5.10846348334e-06, 3.02007242681e-06, 3.09720167024e-06, 4.51210144092e-06, 2.67830137091e-06]
    },
    "melbands128": {
        "max": [0.0128920525312, 0.0257698521018, 0.0218572113663, 0.0181176010519, 0.033788383007, 0.0292110778391, 0.0143225453794, 0.0121654439718, 0.00719197513536, 0.00523147638887, 0.0051526594907, 0.0104691935703, 0.0253714993596, 0.010255179368, 0.00556041346863, 0.00297208107077, 0.0039825681597, 0.0065463911742, 0.00919627770782, 0.00893368106335, 0.00422748830169, 0.00751244649291, 0.0102616194636, 0.0154153052717, 0.0109185036272, 0.0214792899787, 0.00579006876796, 0.00887591484934, 0.00629366515204, 0.0073393760249, 0.0134229715914, 0.0086910603568, 0.00665708910674, 0.00617780862376, 0.00801792927086, 0.00463567208499, 0.00337184639648, 0.00829147081822, 0.00277722813189, 0.00531768333167, 0.00476439762861, 0.00224506179802, 0.00246740272269, 0.00149684154894, 0.00152060517576, 0.00447391439229, 0.00352430948988, 0.00263717002235, 0.0022649045568, 0.000979405012913, 0.000908084388357, 0.00099257112015, 0.000848356809001, 0.000962164835073, 0.00100915133953, 0.00141060655005, 0.00108284549788, 0.00102227076422, 0.000931815477088, 0.000840909371618, 0.00109585863538, 0.00023859430803, 0.000554818718228, 0.0003739046806, 0.000294205092359, 0.000177954992978, 0.000175169130671, 0.00034669804154, 0.000779209542088, 0.000999946962111, 0.000474576110719, 0.000488434860017, 0.000465156917926, 0.000279396394035, 0.000421431788709, 0.000147662198287, 0.000119550488307, 9.20877864701e-05, 0.00013523567759, 0.000225386625971, 0.000139902243973, 0.000164320677868, 0.000161168805789, 0.000121816963656, 0.000103493453935, 5.68845352973e-05, 6.2362094468e-05, 8.60691652633e-05, 0.000103720616607, 0.00012707762653, 0.000108239451947, 3.08146991301e-05, 3.741814362e-05, 4.53873508377e-05, 4.29985593655e-05, 4.48797181889e-05, 4.21137301601e-05, 8.50869400892e-05, 0.000106204570329, 0.000105110870209, 6.5911342972e-05, 4.04521633754e-05, 2.02082010219e-05, 2.33094979194e-05, 4.85992495669e-05, 8.55723337736e-05, 5.02673974552e-05, 5.76130441914e-05, 2.59404696408e-05, 1.67886610143e-05, 7.69570397097e-06, 3.9920259951e-06, 1.59269018241e-06, 1.76413678332e-07, 3.52128324721e-07, 2.76669084087e-07, 9.38795423622e-08, 2.4393327358e-09, 2.29811902841e-09, 2.15421502858e-09, 2.07881623027e-09, 1.97749527864e-09, 1.91493088053e-09, 1.8741641572e-09, 1.83476100979e-09, 1.79478132356e-09, 1.76728931489e-09, 1.75306780203e-09],
        "mean": [0.000156222391524, 0.00102677382529, 0.00178259785753, 0.00168908771593, 0.00134971900843, 0.000909945170861, 0.000606287969276, 0.000528238073457, 0.000393421534682, 0.000260485976469, 0.000226801013923, 0.000297770864563, 0.000581579806749, 0.000433748064097, 0.000227083568461, 0.000129068386741, 0.000109974665975, 0.000210748767131, 0.000336486991728, 0.000164919780218, 0.000141228621942, 0.000196070497623, 0.00041134620551, 0.000426640268415, 0.000454545777757, 0.000779794587288, 0.000207681412576, 0.000182055795449, 0.000106192535895, 0.000182886433322, 0.000544741284102, 0.000509009230882, 0.000328330788761, 0.000517215812579, 0.000262073852355, 0.000118269796076, 9.90599655779e-05, 0.000129052466946, 6.95979979355e-05, 0.00015573183191, 0.000241731017013, 7.75403532316e-05, 6.9982779678e-05, 5.63216344744e-05, 5.1878636441e-05, 0.000147461600136, 0.000112951209303, 0.000131203691126, 7.56203517085e-05, 2.86815120489e-05, 4.07257575716e-05, 3.54260846507e-05, 2.33540449699e-05, 2.83625176962e-05, 2.61297172983e-05, 2.3681381208e-05, 2.15845302591e-05, 1.74748802237e-05, 2.45189930865e-05, 3.10605064442e-05, 1.72540003405e-05, 1.69017494045e-05, 2.63317779172e-05, 2.08841047424e-05, 1.60128365678e-05, 1.27271814563e-05, 1.25710093926e-05, 1.74924116436e-05, 2.44343191298e-05, 2.16303233174e-05, 1.7507454686e-05, 2.96376729239e-05, 2.30760706472e-05, 1.32741397465e-05, 1.61634034157e-05, 1.15520851978e-05, 7.24604524294e-06, 6.80658740748e-06, 7.05162347003e-06, 5.93290906181e-06, 6.93003858032e-06, 7.27339784135e-06, 5.68490122532e-06, 5.49773767489e-06, 5.057539056e-06, 4.91030959893e-06, 5.63688490729e-06, 5.38267568118e-06, 7.55995233703e-06, 8.19671549834e-06, 6.62357751935e-06, 3.41359464073e-06, 2.11978135667e-06, 2.06430127037e-06, 2.15233626477e-06, 2.04981120078e-06, 1.5514193592e-06, 1.51434824147e-06, 1.56609451096e-06, 1.52118593633e-06, 1.14984561606e-06, 7.76000206315e-07, 4.34022126683e-07, 5.39901009233e-07, 6.38212441118e-07, 5.39037273484e-07, 4.87064198751e-07, 4.6621465799e-07, 3.60101466867e-07, 3.07391701426e-07, 2.27997233537e-07, 1.40500844736e-07, 4.27300363981e-08, 2.63419441815e-09, 2.23443241687e-09, 1.75918724032e-09, 4.35857322456e-10, 7.30128284221e-12, 6.78600405035e-12, 6.53092597364e-12, 6.32701920369e-12, 6.15934820508e-12, 6.04172484611e-12, 5.90474153947e-12, 5.62194388265e-12, 5.21440919957e-12, 4.98033038421e-12, 4.92326708915e-12],
        "min": [7.89096610276e-09, 1.97115674894e-08, 1.41050819025e-07, 3.36104790222e-07, 1.48600150851e-07, 9.38493599278e-07, 7.04787453287e-07, 4.28823170751e-07, 7.69179393956e-07, 2.03215819283e-07, 9.46091915921e-08, 2.53534352623e-07, 9.83833885471e-08, 3.62687700317e-07, 7.78759243758e-08, 5.10669764253e-08, 2.88373115609e-07, 4.57457787206e-07, 4.32282092788e-07, 4.05329387831e-07, 2.5463629072e-07, 2.4785089181e-07, 2.53054167842e-07, 4.84600604977e-07, 6.13585086739e-07, 2.70198995622e-07, 2.31945648466e-07, 6.68149056082e-08, 1.88114611888e-07, 3.20927455277e-07, 7.38100823128e-07, 9.72550424194e-07, 2.50176356076e-07, 8.03401150051e-08, 1.72936367449e-07, 1.08590057835e-07, 1.74020300392e-07, 1.61792101494e-07, 1.82132822601e-07, 3.51111793861e-07, 1.23931044982e-06, 4.67332341714e-07, 2.13654089976e-07, 2.52587682326e-07, 1.73732246367e-07, 4.71508485589e-08, 1.80679052164e-07, 4.94656717365e-07, 1.53969821781e-07, 1.06031109226e-07, 6.4734670957e-08, 2.09113508731e-07, 6.72798066148e-08, 1.38715620324e-07, 3.37656622662e-08, 1.09188903252e-07, 8.88823379341e-08, 7.95918282392e-08, 2.81953248304e-07, 1.87307506394e-07, 4.30463558132e-08, 2.95456956678e-08, 8.34949247519e-08, 1.32408871423e-07, 5.66151712178e-08, 6.71832722787e-08, 2.15976871942e-08, 1.52704132006e-07, 3.4120475334e-08, 1.1804663913e-08, 1.23904044358e-07, 8.7372640678e-08, 1.85801837915e-07, 1.4954551375e-07, 2.2459235538e-07, 9.6128978555e-08, 1.51104842416e-07, 1.33429324478e-07, 1.09241291568e-07, 7.73233637119e-08, 5.07341333389e-08, 4.02496915797e-08, 4.7995357022e-08, 6.69411832632e-08, 1.09192427544e-07, 7.05808389512e-08, 8.84955397851e-08, 8.60713598172e-08, 9.57103836186e-08, 6.0038637173e-08, 2.63910813203e-08, 1.78348109614e-08, 2.29965575471e-08, 1.05315605126e-08, 4.85036899533e-09, 4.32065849765e-09, 7.91078136331e-09, 7.89898813025e-09, 7.96473376141e-09, 3.94896781941e-09, 5.28205923445e-09, 6.17039336293e-11, 5.78842633547e-11, 1.50214025246e-11, 3.50592332943e-11, 9.23580656398e-11, 1.9289722597e-11, 1.61271289292e-12, 3.8508749683e-13, 4.92254186631e-13, 4.41366832405e-13, 5.50702333128e-13, 4.52002801507e-13, 4.83056953812e-13, 4.01899840448e-13, 4.14407494865e-13, 3.30706761888e-13, 3.50894010029e-13, 4.23231680821e-13, 4.16296581625e-13, 4.13605293677e-13, 4.06516644349e-13, 4.06063556261e-13, 4.24331549715e-13, 2.7626989238e-13, 1.13333509786e-13, 1.05713853808e-14, 4.80875903689e-16],
        "stdev": [0.000648870831355, 0.00222493638285, 0.00297157885507, 0.00262660975568, 0.00251310085878, 0.00178880163003, 0.00136867817491, 0.00128162105102, 0.00077939190669, 0.000453296874184, 0.000383866659831, 0.000776295899414, 0.00181805889588, 0.00104149174877, 0.000461052724859, 0.000265012582531, 0.000278923689621, 0.00044873834122, 0.000547865056433, 0.000383217644412, 0.000321555417031, 0.000509029952809, 0.000936558004469, 0.00118867622223, 0.000955150520895, 0.0018748017028, 0.000508431636263, 0.000571230018977, 0.000298216298688, 0.000464519223897, 0.00113583169878, 0.00107857794501, 0.000736750545911, 0.00101543799974, 0.000755745684728, 0.000327662855852, 0.000219548630412, 0.000452440901427, 0.000179188500624, 0.000362572376616, 0.000489924568683, 0.000178808943019, 0.000155323010404, 0.000102668403997, 0.000123264806462, 0.000412151275668, 0.000274762860499, 0.000244147173362, 0.000161775504239, 6.72107344144e-05, 7.54535431042e-05, 7.54469583626e-05, 5.44334870938e-05, 7.13859772077e-05, 5.6072807638e-05, 7.21083779354e-05, 5.10945828864e-05, 4.17257579102e-05, 4.54949549749e-05, 4.89392623422e-05, 4.1135284846e-05, 2.4139892048e-05, 4.04605707445e-05, 2.9902694223e-05, 2.45153769356e-05, 1.77250094566e-05, 1.66773479577e-05, 2.55321610894e-05, 4.31778280472e-05, 6.42123559373e-05, 3.67204083886e-05, 4.61348354293e-05, 4.26614678872e-05, 2.35237148445e-05, 3.35699151037e-05, 1.5831368728e-05, 9.57628344622e-06, 9.26140455704e-06, 1.2403650544e-05, 1.03797065094e-05, 1.02963349491e-05, 1.18766902233e-05, 9.94254696707e-06, 8.64588128024e-06, 7.64759170124e-06, 6.1247578742e-06, 7.03333989804e-06, 7.57975749366e-06, 1.03119191408e-05, 1.15266630019e-05, 8.96223718883e-06, 4.21466711487e-06, 3.05507592202e-06, 3.33396019414e-06, 3.36573930326e-06, 3.81870495403e-06, 2.98135933008e-06, 3.88111584471e-06, 5.44394151802e-06, 5.50432650925e-06, 3.94648031943e-06, 2.66406095761e-06, 1.07909477265e-06, 1.55538316449e-06, 2.20452579924e-06, 2.63769084086e-06, 2.05328501579e-06, 2.26499787459e-06, 1.2432612948e-06, 8.81469077285e-07, 6.0980391936e-07, 3.51978968638e-07, 1.09186785835e-07, 1.19370451301e-08, 1.35708466686e-08, 1.10739595272e-08, 3.62231244999e-09, 6.55409754247e-11, 6.16780654328e-11, 5.78349416969e-11, 5.58168684883e-11, 5.31107310908e-11, 5.1431820608e-11, 5.03397462603e-11, 4.92866476798e-11, 4.82262563217e-11, 4.74958093688e-11, 4.71155649218e-11]
    },
    "mfcc": {
        "mean": [-592.071228027, 93.6731338501, -12.2746429443, 11.6418848038, -11.6637487411, 12.4179725647, 2.67822694778, 10.2533168793, -1.41586816311, 9.55060005188, -4.61361980438, 1.59305465221, -0.548457026482],
        "cov": [[1292.91052246, -7.98767280579, 27.960773468, 2.84603071213, 26.1776504517, -47.4336662292, 102.648628235, 41.0784111023, -6.48029947281, 67.7012481689, -5.42427778244, -31.2459449768, -16.161195755], [-7.98767280579, 529.209289551, 17.3515911102, 72.2807998657, 3.0920894146, 30.9775047302, 3.99805951118, 30.4530506134, -13.5075750351, 30.9088783264, 48.2128181458, 7.71059846878, -29.6901397705], [27.960773468, 17.3515911102, 365.333007812, 96.981262207, 109.451622009, 16.0252780914, -8.13734436035, -5.3874373436, 8.52442455292, -35.7796592712, 22.8636989594, 28.5788974762, 45.1108665466], [2.84603071213, 72.2807998657, 96.981262207, 213.767654419, 111.686943054, 17.8527946472, 13.1668844223, 11.4746627808, 41.2718963623, 22.114156723, -16.9546489716, 34.6921463013, 45.9692764282], [26.1776504517, 3.0920894146, 109.451622009, 111.686943054, 190.997283936, 24.2623386383, 20.2142391205, 2.56292319298, 47.5334281921, 4.17460107803, -7.96706390381, 21.7575702667, 46.0348548889], [-47.4336662292, 30.9775047302, 16.0252780914, 17.8527946472, 24.2623386383, 141.979751587, 42.108505249, 13.2299222946, 27.1423072815, 14.9360656738, 39.5464553833, 4.04744815826, -4.48801803589], [102.648628235, 3.99805951118, -8.13734436035, 13.1668844223, 20.2142391205, 42.108505249, 157.954910278, 46.7445602417, 8.16270542145, 33.5098724365, -4.56519126892, 5.8204908371, 27.9089508057], [41.0784111023, 30.4530506134, -5.3874373436, 11.4746627808, 2.56292319298, 13.2299222946, 46.7445602417, 116.931488037, 31.0309906006, 34.922832489, 10.0605020523, 10.7151279449, 15.4110937119], [-6.48029947281, -13.5075750351, 8.52442455292, 41.2718963623, 47.5334281921, 27.1423072815, 8.16270542145, 31.0309906006, 122.705169678, 33.0927848816, 34.466999054, 20.3606853485, 15.6958179474], [67.7012481689, 30.9088783264, -35.7796592712, 22.114156723, 4.17460107803, 14.9360656738, 33.5098724365, 34.922832489, 33.0927848816, 138.100891113, 24.2361831665, 19.1771621704, -3.21315574646], [-5.42427778244, 48.2128181458, 22.8636989594, -16.9546489716, -7.96706390381, 39.5464553833, -4.56519126892, 10.0605020523, 34.466999054, 24.2361831665, 128.722137451, 31.2596149445, -14.5331430435], [-31.2459449768, 7.71059846878, 28.5788974762, 34.6921463013, 21.7575702667, 4.04744815826, 5.8204908371, 10.7151279449, 20.3606853485, 19.1771621704, 31.2596149445, 86.8652191162, 39.2536888123], [-16.161195755, -29.6901397705, 45.1108665466, 45.9692764282, 46.0348548889, -4.48801803589, 27.9089508057, 15.4110937119, 15.6958179474, -3.21315574646, -14.5331430435, 39.2536888123, 105.390762329]],
        "icov": [[0.00089925841894, 4.93786355946e-05, -0.000162706171977, 6.66649521008e-06, -0.000193725412828, 0.000631771981716, -0.000705498561729, -9.5841329312e-05, 0.000123414618429, -0.000410639011534, -0.000203582108952, 0.000444712204626, 0.000306297821226], [4.93786355946e-05, 0.00231184833683, 0.000106015082565, -0.00136998924427, 0.000181999028428, -0.000156120964675, 6.81043529767e-05, -0.000757947796956, 0.00109756505117, -0.000177533423994, -0.00116194505244, 0.000209169316804, 0.000810680212453], [-0.000162706171977, 0.000106015082565, 0.00387668679468, -0.00118410889991, -0.00168892787769, -0.000140509713674, 0.000505350762978, -0.000234874067246, 0.00104091980029, 0.00125780247618, -0.00150860275608, -5.92820797465e-05, -0.000808320124634], [6.66649521008e-06, -0.00136998924427, -0.00118410889991, 0.00863344036043, -0.00327684101649, -0.000570457661524, 0.000417683593696, 0.000315990997478, -0.00168991216924, -0.00124629610218, 0.00289942580275, -0.00207023904659, -0.00100900838152], [-0.000193725412828, 0.000181999028428, -0.00168892787769, -0.00327684101649, 0.00931850075722, -0.000858093611896, -0.000611664436292, 0.0011269665556, -0.00260713044554, 0.000198213441763, 0.000936615746468, 0.000306578062009, -0.00152662803885], [0.000631771981716, -0.000156120964675, -0.000140509713674, -0.000570457661524, -0.000858093611896, 0.00944035686553, -0.0031792987138, 0.0002979231067, -0.000947395456024, 9.38079610933e-05, -0.00296519859694, 0.00117750454228, 0.00123354047537], [-0.000705498561729, 6.81043529767e-05, 0.000505350762978, 0.000417683593696, -0.000611664436292, -0.0031792987138, 0.00922366604209, -0.00279132532887, 0.00119898549747, -0.00132875062991, 0.00096959376242, 0.000260628556134, -0.00257253437303], [-9.5841329312e-05, -0.000757947796956, -0.000234874067246, 0.000315990997478, 0.0011269665556, 0.0002979231067, -0.00279132532887, 0.011132331565, -0.00282637611963, -0.001490480965, 0.000293619988952, -7.48748207116e-05, -0.00118990149349], [0.000123414618429, 0.00109756505117, 0.00104091980029, -0.00168991216924, -0.00260713044554, -0.000947395456024, 0.00119898549747, -0.00282637611963, 0.0120437350124, -0.00148624635767, -0.00350530887954, 0.000290029332973, -0.000616458244622], [-0.000410639011534, -0.000177533423994, 0.00125780247618, -0.00124629610218, 0.000198213441763, 9.38079610933e-05, -0.00132875062991, -0.001490480965, -0.00148624635767, 0.00952433142811, -0.00107151723932, -0.00184422614984, 0.00143034162465], [-0.000203582108952, -0.00116194505244, -0.00150860275608, 0.00289942580275, 0.000936615746468, -0.00296519859694, 0.00096959376242, 0.000293619988952, -0.00350530887954, -0.00107151723932, 0.0125424126163, -0.00537263182923, 0.00240745279007], [0.000444712204626, 0.000209169316804, -5.92820797465e-05, -0.00207023904659, 0.000306578062009, 0.00117750454228, 0.000260628556134, -7.48748207116e-05, 0.000290029332973, -0.00184422614984, -0.00537263182923, 0.0175538547337, -0.0064647262916], [0.000306297821226, 0.000810680212453, -0.000808320124634, -0.00100900838152, -0.00152662803885, 0.00123354047537, -0.00257253437303, -0.00118990149349, -0.000616458244622, 0.00143034162465, 0.00240745279007, -0.0064647262916, 0.0149997901171]]
    },
    "spectral_contrast_coeffs": {
        "max": [-0.393807142973, -0.514746785164, -0.503980994225, -0.547561943531, -0.628292858601, -0.616062223911],
        "mean": [-0.730546891689, -0.745896756649, -0.714774906635, -0.759701251984, -0.777120351791, -0.726437270641],
        "min": [-0.892418682575, -0.92989307642, -0.883286416531, -0.882416367531, -0.869985759258, -0.843090355396],
        "stdev": [0.0744838565588, 0.0684334784746, 0.07749273628, 0.0612077340484, 0.0449987687171, 0.0342219285667]
    },
    "spectral_contrast_valleys": {
        "max": [-5.39814996719, -5.08280992508, -5.64166212082, -5.84744548798, -5.7565779686, -7.68440771103],
        "mean": [-6.83537578583, -6.57889604568, -6.88806533813, -7.1666674614, -7.00012540817, -9.7225484848],
        "min": [-9.07577800751, -8.22617816925, -8.66022205353, -8.45783805847, -8.78072834015, -11.6506919861],
        "stdev": [0.683099865913, 0.519647181034, 0.50756251812, 0.427430003881, 0.423656046391, 0.596965968609]
    }
},
"rhythm": {
    "beats_count": 46,
    "beats_loudness": {
        "max": 0.0830218717456,
        "mean": 0.0466258116066,
        "min": 0.00258729979396,
        "stdev": 0.016729015857
    },
    "bpm": 88.0225296021,
    "bpm_histogram_first_peak_bpm": 88,
    "bpm_histogram_first_peak_weight": 0.0769230723381,
    "bpm_histogram_second_peak_bpm": 81,
    "bpm_histogram_second_peak_spread": 0,
    "bpm_histogram_second_peak_weight": 0.133333340287,
    "danceability": 1.05734026432,
    "onset_rate": 3.10693335533,
    "beats_loudness_band_ratio": {
        "max": [0.847137987614, 0.281747728586, 0.613042116165, 0.62097632885, 0.214465677738, 0.594526350498],
        "mean": [0.469823628664, 0.0565332584083, 0.152503177524, 0.183077827096, 0.0756153613329, 0.0748645141721],
        "min": [0.00779610918835, 0.00343501800671, 0.0114065259695, 0.0159386079758, 0.0118889957666, 0.00878642965108],
        "stdev": [0.213943630457, 0.056438986212, 0.138668894768, 0.130562394857, 0.0498751103878, 0.088498108089]
    },
    "beats_position": [0.743038535118, 1.48607707024, 2.21750569344, 2.96054410934, 3.70358276367, 4.446621418, 5.17804956436, 5.86303853989, 6.54802703857, 7.22140598297, 7.90639448166, 8.59138298035, 9.27637195587, 9.96135997772, 10.6347389221, 11.3197278976, 12.0047159195, 12.6780948639, 13.3630838394, 14.0480718613, 14.7330608368, 15.4064397812, 16.0914287567, 16.7764167786, 17.4614048004, 18.1347846985, 18.8313827515, 19.5047607422, 20.1781406403, 20.851518631, 21.548116684, 22.221496582, 22.9064846039, 23.5914726257, 24.2648525238, 24.9498405457, 25.6232185364, 26.3082084656, 26.9931964874, 27.6781845093, 28.3631744385, 29.0481624603, 29.7215423584, 30.4181404114, 31.0915184021, 31.7648983002],
