{
"metadata": {
    "version": {
        "essentia": "2.1-beta5",
        "essentia_git_sha": "Undefined",
        "extractor": "music 2.0"
    },
    "audio_properties": {
        "analysis": {
            "equal_loudness": 0,
            "length": 12.7477550507,
            "sample_rate": 44100,
            "start_time": 0,
            "downmix": "mix"
        },
        "bit_rate": 192000,
        "length": 195.523651123,
        "lossless": 0,
        "number_channels": 2,
        "replay_gain": 5.86123085022,
        "sample_rate": 48000,
        "codec": "mp3",
        "md5_encoded": "f14a587bab85490293d404caecdaa437"
    },
    "tags": {
        "file_name": "Cyprus_Gravity_Hovig.mp3",
        "encoding": ["Lavf58.29.100"]
    }
},
"lowlevel": {
    "average_loudness": 0.0241632256657,
    "barkbands_crest": {
        "max": 25.0418586731,
        "mean": 10.1284360886,
        "min": 3.19159388542,
        "stdev": 4.16550922394
    },
    "barkbands_flatness_db": {
        "max": 0.502709746361,
        "mean": 0.174101576209,
        "min": 0.0608266629279,
        "stdev": 0.0591795817018
    },
    "barkbands_kurtosis": {
        "max": 103.681259155,
        "mean": 4.28279209137,
        "min": -1.39610266685,
        "stdev": 10.5603103638
    },
    "barkbands_skewness": {
        "max": 9.13191509247,
        "mean": 1.27681589127,
        "min": -0.500243067741,
        "stdev": 1.23319041729
    },
    "barkbands_spread": {
        "max": 41.915851593,
        "mean": 13.5100812912,
        "min": 0.510086476803,
        "stdev": 7.83065795898
    },
    "dissonance": {
        "max": 0.500000059605,
        "mean": 0.470546334982,
        "min": 0.272815018892,
        "stdev": 0.0258958060294
    },
    "dynamic_complexity": 4.13840436935,
    "erbbands_crest": {
        "max": 28.2122573853,
        "mean": 10.2513780594,
        "min": 2.88889956474,
        "stdev": 4.34464550018
    },
    "erbbands_flatness_db": {
        "max": 0.413864523172,
        "mean": 0.235781937838,
        "min": 0.0775605589151,
        "stdev": 0.0600105859339
    },
    "erbbands_kurtosis": {
        "max": 21.1331558228,
        "mean": 1.30430519581,
        "min": -1.54410481453,
        "stdev": 2.70660805702
    },
    "erbbands_skewness": {
        "max": 3.58140301704,
        "mean": 0.814012110233,
        "min": -1.15523302555,
        "stdev": 0.746154487133
    },
    "erbbands_spread": {
        "max": 88.1644439697,
        "mean": 20.5538387299,
        "min": 3.68391823769,
        "stdev": 10.7941160202
    },
    "hfc": {
        "max": 241.840240479,
        "mean": 11.0000495911,
        "min": 1.05888450146,
        "stdev": 23.1505813599
    },
    "loudness_ebu128": {
        "integrated": -30.2623310089,
        "loudness_range": 10.2724132538,
        "momentary": {
            "max": -21.0147361755,
            "mean": -33.5335617065,
            "min": -39.2621612549,
            "stdev": 4.39983701706
        },
        "short_term": {
            "max": -25.3120326996,
            "mean": -33.7098426819,
            "min": -36.4341506958,
            "stdev": 3.17826151848
        }
    },
    "melbands_crest": {
        "max": 34.8146743774,
        "mean": 13.2743721008,
        "min": 4.06703233719,
        "stdev": 6.15151643753
    },
    "melbands_flatness_db": {
        "max": 0.649163126945,
        "mean": 0.196363911033,
        "min": 0.0744605734944,
        "stdev": 0.0736752524972
    },
    "melbands_kurtosis": {
        "max": 204.851242065,
        "mean": 8.51309490204,
        "min": -1.28950190544,
        "stdev": 20.7569313049
    },
    "melbands_skewness": {
        "max": 11.9264440536,
        "mean": 1.63180565834,
        "min": -0.276321440935,
        "stdev": 1.53417229652
    },
    "melbands_spread": {
        "max": 58.3633728027,
        "mean": 19.5332794189,
        "min": 0.550879180431,
        "stdev": 11.4922819138
    },
    "pitch_salience": {
        "max": 0.84969907999,
        "mean": 0.61012583971,
        "min": 0.166440039873,
        "stdev": 0.12607370317
    },
    "silence_rate_20dB": {
        "max": 1,
        "mean": 0.983636379242,
        "min": 0,
        "stdev": 0.12686958909
    },
    "silence_rate_30dB": {
        "max": 1,
        "mean": 0.914545476437,
        "min": 0,
        "stdev": 0.279556930065
    },
    "silence_rate_60dB": {
        "max": 1,
        "mean": 0.378181815147,
        "min": 0,
        "stdev": 0.484932929277
    },
    "spectral_centroid": {
        "max": 2983.50317383,
        "mean": 1391.4666748,
        "min": 137.446975708,
        "stdev": 444.651611328
    },
    "spectral_complexity": {
        "max": 54,
        "mean": 12.521818161,
        "min": 1,
        "stdev": 8.05111694336
    },
    "spectral_decrease": {
        "max": -1.9667288631e-10,
        "mean": -7.22970217026e-09,
        "min": -2.02476144295e-07,
        "stdev": 2.23959197854e-08
    },
    "spectral_energy": {
        "max": 0.768729448318,
        "mean": 0.0282842889428,
        "min": 0.000849447504152,
        "stdev": 0.0857129991055
    },
    "spectral_energyband_high": {
        "max": 0.0128591833636,
        "mean": 0.000265526556177,
        "min": 7.28064833311e-07,
        "stdev": 0.00104054668918
    },
    "spectral_energyband_low": {
        "max": 0.736561179161,
        "mean": 0.0182537939399,
        "min": 1.85295917277e-07,
        "stdev": 0.0750653967261
    },
    "spectral_energyband_middle_high": {
        "max": 0.072991579771,
        "mean": 0.0037345176097,
        "min": 0.000274097634247,
        "stdev": 0.00632773665711
    },
    "spectral_energyband_middle_low": {
        "max": 0.190764144063,
        "mean": 0.0058967564255,
        "min": 7.57841116865e-05,
        "stdev": 0.0162849556655
    },
    "spectral_entropy": {
        "max": 8.25515651703,
        "mean": 7.40951728821,
        "min": 5.16263866425,
        "stdev": 0.334326595068
    },
    "spectral_flux": {
        "max": 0.641650259495,
        "mean": 0.062221005559,
        "min": 0.0166232455522,
        "stdev": 0.0781046375632
    },
    "spectral_kurtosis": {
        "max": 69.1420974731,
        "mean": 6.93901395798,
        "min": 0.301955699921,
        "stdev": 5.18370389938
    },
    "spectral_rms": {
        "max": 0.0273857619613,
        "mean": 0.0034537895117,
        "min": 0.000910345697775,
        "stdev": 0.00395800033584
    },
    "spectral_rolloff": {
        "max": 6503.02734375,
        "mean": 1588.48693848,
        "min": 64.599609375,
        "stdev": 971.866271973
    },
    "spectral_skewness": {
        "max": 6.4754948616,
        "mean": 1.84130823612,
        "min": 0.824753820896,
        "stdev": 0.459884047508
    },
    "spectral_spread": {
        "max": 25869228,
        "mean": 3218399.75,
        "min": 1320833.5,
        "stdev": 1426081.25
    },
    "spectral_strongpeak": {
        "max": 8.848320961,
        "mean": 0.89015430212,
        "min": 0,
        "stdev": 0.910465240479
    },
    "zerocrossingrate": {
        "max": 0.19189453125,
        "mean": 0.0600834526122,
        "min": 0.001953125,
        "stdev": 0.0295144170523
    },
    "barkbands": {
        "max": [0.174591034651, 0.712978541851, 0.0863733291626, 0.0814320445061, 0.0766866058111, 0.010380834341, 0.0149221811444, 0.0449053682387, 0.109480723739, 0.0224300641567, 0.00935348495841, 0.0130234863609, 0.0228248108178, 0.00956555083394, 0.00857278797776, 0.00622747791931, 0.00426562689245, 0.00367762008682, 0.00521425763145, 0.00162474031094, 0.00222097127698, 0.00438534282148, 0.00117001542822, 0.00371387717314, 0.00148325099144, 0.00182645570021, 0.00013289868366],
        "mean": [0.00427834736183, 0.0125470794737, 0.00172261637636, 0.0010666619055, 0.00075234886026, 0.000213730032556, 0.000371424743207, 0.000520495581441, 0.00263536977582, 0.0014900683891, 0.000390702916775, 0.000247867254075, 0.000564805115573, 0.000228878911003, 0.000237777538132, 0.000210553174838, 0.000190284510609, 0.000234172504861, 8.76832928043e-05, 6.17333280388e-05, 5.96606878389e-05, 6.06327375863e-05, 2.99517305393e-05, 4.29359533882e-05, 2.0443523681e-05, 1.77094225364e-05, 3.12264432978e-07],
        "min": [1.21816090548e-09, 2.51912268823e-09, 2.28010410552e-08, 9.84216370625e-08, 2.95540928619e-07, 5.52420829081e-07, 8.30751014291e-06, 2.6425204851e-06, 6.05486593486e-06, 7.34100831323e-06, 9.34773379413e-06, 3.04028958453e-06, 3.14063868245e-06, 1.78047059762e-06, 5.1264864851e-06, 3.7696313484e-06, 5.5919474562e-07, 2.78267953036e-06, 6.24976564723e-07, 1.10325663627e-06, 8.58835988993e-08, 7.01428737315e-09, 9.80414682772e-08, 1.04634190201e-09, 6.76884104323e-10, 3.70975028474e-10, 5.84080728228e-10],
        "stdev": [0.0147578334436, 0.0619498938322, 0.00656259898096, 0.00593466358259, 0.00456993980333, 0.000768429425079, 0.00111726752948, 0.00263881427236, 0.00874812342227, 0.00239659054205, 0.00071467255475, 0.000807228614576, 0.00191895407625, 0.000695307564456, 0.000677419302519, 0.000626778346486, 0.000409993575886, 0.000389831868233, 0.00031005780329, 0.000173635125975, 0.000177602880285, 0.000278205727227, 0.00011398505012, 0.000242122434429, 0.000108139596705, 0.000126162005472, 5.72403587284e-06]
    },
    "erbbands": {
        "max": [32.8318748474, 132.913955688, 154.134307861, 212.530883789, 288.584655762, 217.952758789, 163.474349976, 75.6390151978, 179.676345825, 417.46383667, 1118.2713623, 3045.67602539, 723.667785645, 449.169555664, 283.893615723, 515.876708984, 1208.66882324, 667.074035645, 413.709655762, 509.079101562, 280.199493408, 220.480239868, 218.021697998, 307.909332275, 132.052490234, 74.1096343994, 60.8193664551, 120.280708313, 150.661621094, 103.775871277, 43.9281921387, 128.162521362, 20.2952404022, 16.5148677826, 11.5847978592, 4.56908178329, 5.90417098999, 0.17777094245, 0.0190298911184, 0.00240943441167],
        "mean": [0.565897464752, 2.05692958832, 2.31122255325, 2.6664493084, 3.82255315781, 1.92761385441, 1.51240110397, 1.85984492302, 3.73615717888, 7.2955827713, 18.0661869049, 62.7330818176, 52.1697807312, 35.7917251587, 12.2997131348, 11.4387931824, 26.1588802338, 13.6691484451, 11.9512939453, 13.1111822128, 10.8013916016, 11.0655813217, 14.3228883743, 4.89824104309, 3.86064767838, 3.05119943619, 2.21591854095, 2.61340785027, 2.35699224472, 1.41412198544, 0.886049449444, 1.12662649155, 0.500500380993, 0.278302848339, 0.129341736436, 0.0618432201445, 0.0490622371435, 0.0019107342232, 8.98148355191e-05, 3.77574506274e-05],
        "min": [1.5076489035e-07, 2.58415843746e-06, 5.41746667295e-05, 0.000222872200538, 0.00038403266808, 0.00120240892284, 0.0026906223502, 0.0191442016512, 0.148685693741, 0.309419065714, 0.180846065283, 0.379775106907, 0.782300591469, 1.17830443382, 0.869395494461, 0.422611147165, 0.17152133584, 0.235121428967, 0.200225025415, 0.276578694582, 0.142920866609, 0.045688059181, 0.144757017493, 0.156848028302, 0.0775564238429, 0.0671273693442, 0.00853230990469, 0.00217346311547, 0.000358961580787, 0.000747133744881, 0.00172046816442, 0.000143615994602, 4.45944206149e-05, 1.47912351167e-05, 9.74043359747e-06, 4.61424860987e-06, 2.39199152929e-06, 7.58314115501e-07, 7.59477927659e-07, 1.13849819172e-06],
        "stdev": [2.68812584877, 11.3476104736, 10.6686496735, 13.4108724594, 21.5652809143, 11.859577179, 8.65592765808, 6.26550579071, 11.0476007462, 26.0926475525, 77.5046615601, 234.245895386, 85.4542160034, 51.6577987671, 22.8629608154, 35.9983825684, 90.0933685303, 40.0700111389, 29.1615467072, 38.7949104309, 25.6866512299, 22.363243103, 23.5726852417, 16.7075786591, 12.1301746368, 8.78396034241, 6.17191457748, 8.52368164062, 10.3685359955, 6.34685564041, 3.76254010201, 7.79933452606, 1.91652405262, 1.27869796753, 0.804370999336, 0.324576318264, 0.425568252802, 0.0130277415738, 0.000863252847921, 0.000139758078149]
    },
    "gfcc": {
        "mean": [-93.5212249756, 104.422698975, -179.575973511, 7.48541355133, -73.0431594849, 13.6750707626, -25.6935977936, 11.263876915, -7.79658842087, -14.3997421265, -10.4638586044, -11.1853237152, -3.93390369415],
        "cov": [[4388.43212891, -311.077514648, 1601.98706055, 1050.36804199, 709.640136719, 764.56072998, 216.3256073, 408.88394165, 101.50164032, 536.735961914, -141.783538818, 168.783676147, -46.0652008057], [-311.077514648, 2535.19067383, 50.7265739441, 583.035644531, 488.375274658, -131.629974365, 720.30456543, -196.504699707, 340.37020874, -567.56640625, 503.828430176, -469.347442627, 218.508422852], [1601.98706055, 50.7265739441, 1251.75378418, 526.620849609, 410.610473633, 387.672515869, 63.6820793152, 199.018051147, -36.7453041077, 337.30178833, -114.466247559, 166.396255493, -40.348575592], [1050.36804199, 583.035644531, 526.620849609, 628.973327637, 333.970733643, 235.15473938, 195.304138184, 60.475353241, 162.002975464, 15.7192821503, 120.914619446, -83.6357727051, 64.3995285034], [709.640136719, 488.375274658, 410.610473633, 333.970733643, 357.383911133, 123.423225403, 208.305160522, 41.6926956177, 76.010635376, 24.8920555115, 52.475315094, -29.0114173889, 20.283864975], [764.56072998, -131.629974365, 387.672515869, 235.15473938, 123.423225403, 286.907958984, -21.8179092407, 131.59274292, -9.45769309998, 173.512054443, -25.3257484436, 41.0881652832, 0.780225098133], [216.3256073, 720.30456543, 63.6820793152, 195.304138184, 208.305160522, -21.8179092407, 411.53616333, -53.5990524292, 143.480911255, -171.485946655, 133.593536377, -127.376449585, 34.7375335693], [408.88394165, -196.504699707, 199.018051147, 60.475353241, 41.6926956177, 131.59274292, -53.5990524292, 168.737442017, -33.0225563049, 120.811645508, -51.368686676, 59.2084503174, -12.3168640137], [101.50164032, 340.37020874, -36.7453041077, 162.002975464, 76.010635376, -9.45769309998, 143.480911255, -33.0225563049, 163.774993896, -97.0827484131, 98.5994567871, -79.55884552, 41.7197265625], [536.735961914, -567.56640625, 337.30178833, 15.7192821503, 24.8920555115, 173.512054443, -171.485946655, 120.811645508, -97.0827484131, 316.484161377, -144.97555542, 161.825927734, -58.7577056885], [-141.783538818, 503.828430176, -114.466247559, 120.914619446, 52.475315094, -25.3257484436, 133.593536377, -51.368686676, 98.5994567871, -144.97555542, 199.028167725, -112.911964417, 65.8667449951], [168.783676147, -469.347442627, 166.396255493, -83.6357727051, -29.0114173889, 41.0881652832, -127.376449585, 59.2084503174, -79.55884552, 161.825927734, -112.911964417, 176.757888794, -47.5777168274], [-46.0652008057, 218.508422852, -40.348575592, 64.3995285034, 20.283864975, 0.780225098133, 34.7375335693, -12.3168640137, 41.7197265625, -58.7577056885, 65.8667449951, -47.5777168274, 78.2749023438]],
        "icov": [[0.000935384305194, 0.000926512642764, -0.000443308759714, -0.000986712868325, -0.000963679107372, -0.000176159635885, -0.000855829566717, -0.000538133957889, -2.11731112358e-05, -2.28697481361e-05, -9.66118313954e-05, 0.00082480465062, -0.000329274364049], [0.000926512642764, 0.00418102322146, -0.00206203386188, -0.000634849071503, -0.00327732972801, 0.0021717781201, -0.00196635909379, -0.000423475779826, 0.000577400322072, 0.00166312593501, -0.0034868279472, 0.00525147700682, -0.00296646985225], [-0.000443308759714, -0.00206203386188, 0.00457643438131, -0.00250430824235, 0.000135177513584, -0.00192039692774, -1.32823834065e-05, 0.000127435356262, 0.00213641882874, -0.00168026005849, 0.00294563174248, -0.00524750677869, 0.00185658992268], [-0.000986712868325, -0.000634849071503, -0.00250430824235, 0.00965626351535, -0.00225986097939, -0.00322230951861, 0.00277259550057, 0.00132787937764, -0.00594208203256, 0.00142646639142, -0.00193228351418, 0.00263513461687, -0.000982147292234], [-0.000963679107372, -0.00327732972801, 0.000135177513584, -0.00225986097939, 0.0116570591927, 0.00010772220412, -0.00210766145028, -0.000161934774951, 0.000824162736535, -0.00285516935401, 0.00223224400543, -0.00368753634393, 0.00169638253283], [-0.000176159635885, 0.0021717781201, -0.00192039692774, -0.00322230951861, 0.00010772220412, 0.0137974182144, -0.00133406801615, -0.00437899166718, 0.00233599659987, -0.00463160453364, -0.00355349620804, 0.00574660813436, -0.0030062245205], [-0.000855829566717, -0.00196635909379, -1.32823834065e-05, 0.00277259550057, -0.00210766145028, -0.00133406801615, 0.00793867837638, 0.000858569110278, -0.00379395904019, 0.00259778485633, 0.000247622432653, -0.00075590389315, 0.00317340553738], [-0.000538133957889, -0.000423475779826, 0.000127435356262, 0.00132787937764, -0.000161934774951, -0.00437899166718, 0.000858569110278, 0.0107371443883, -7.12700275471e-05, -0.000235796818743, 0.000798682973254, -0.00153197615873, -0.000509494740982], [-2.11731112358e-05, 0.000577400322072, 0.00213641882874, -0.00594208203256, 0.000824162736535, 0.00233599659987, -0.00379395904019, -7.12700275471e-05, 0.0152090229094, -0.000286494439933, -0.00170180585701, -0.000788294652011, -0.0015670559369], [-2.28697481361e-05, 0.00166312593501, -0.00168026005849, 0.00142646639142, -0.00285516935401, -0.00463160453364, 0.00259778485633, -0.000235796818743, -0.000286494439933, 0.0141837699339, 0.000544188020285, -0.00315702613443, 0.00132318935357], [-9.66118313954e-05, -0.0034868279472, 0.00294563174248, -0.00193228351418, 0.00223224400543, -0.00355349620804, 0.000247622432653, 0.000798682973254, -0.00170180585701, 0.000544188020285, 0.0153393419459, -0.00363068957813, -0.00154133560136], [0.00082480465062, 0.00525147700682, -0.00524750677869, 0.00263513461687, -0.00368753634393, 0.00574660813436, -0.00075590389315, -0.00153197615873, -0.000788294652011, -0.00315702613443, -0.00363068957813, 0.0223368667066, -0.00337219866924], [-0.000329274364049, -0.00296646985225, 0.00185658992268, -0.000982147292234, 0.00169638253283, -0.0030062245205, 0.00317340553738, -0.000509494740982, -0.0015670559369, 0.00132318935357, -0.00154133560136, -0.00337219866924, 0.0218054801226]]
    },
    "melbands": {
        "max": [0.22607460618, 0.117003932595, 0.0386646725237, 0.0182992126793, 0.00637596985325, 0.00168484973256, 0.00285959173925, 0.00481026573107, 0.00971318501979, 0.0209965705872, 0.00305176852271, 0.00216692709364, 0.00120487774257, 0.00182388583198, 0.00254561263137, 0.00234529748559, 0.00116479967255, 0.000792086415458, 0.000870616990142, 0.000645000953227, 0.000406089355238, 0.000237236294197, 0.000250040204264, 0.000107288324216, 0.000286048860289, 0.000102664751466, 9.80522527243e-05, 5.7953340729e-05, 5.02527764183e-05, 4.41615011368e-05, 7.31425316189e-05, 8.26379182399e-05, 9.84740545391e-05, 3.98590855184e-05, 3.21970146615e-05, 3.95329407183e-05, 8.2980193838e-05, 1.33594694489e-05, 1.26348168124e-05, 1.40675247167e-05],
        "mean": [0.00453049317002, 0.00162852997892, 0.000524101720657, 0.000202994575375, 5.50839758944e-05, 4.11396249547e-05, 6.43201419734e-05, 8.27054464025e-05, 0.000165382458363, 0.000422128825448, 0.000261229317402, 0.000158696755534, 4.51755186077e-05, 2.65570579359e-05, 4.29340070696e-05, 5.68044088141e-05, 2.1312634999e-05, 1.84146065294e-05, 2.07708053495e-05, 1.61856387422e-05, 1.19351061585e-05, 1.00987463156e-05, 1.76927769644e-05, 7.06863556843e-06, 3.62626315109e-06, 3.37319443133e-06, 2.04151820071e-06, 2.06957793125e-06, 1.33517778522e-06, 1.37641779929e-06, 1.48025924318e-06, 1.38634641189e-06, 1.13839871574e-06, 6.20553180397e-07, 5.12333315328e-07, 5.08026971602e-07, 7.01280953308e-07, 3.5493701489e-07, 2.82412884189e-07, 2.09096796766e-07],
        "min": [1.48269552191e-09, 2.9764207099e-08, 5.40545315175e-08, 6.41505764065e-08, 6.56681891087e-08, 1.98811505925e-07, 1.80020390417e-06, 2.20169135901e-06, 1.16037256248e-06, 9.87809130493e-07, 8.62645833877e-07, 4.37443941337e-06, 2.1836419819e-06, 3.14148991265e-07, 5.23900666849e-07, 2.89295599032e-07, 3.21583598861e-07, 2.7730476404e-07, 3.93270937593e-07, 2.4654687536e-07, 1.1547231793e-07, 3.19833191043e-08, 3.45881119301e-08, 1.57518059041e-07, 8.96323015809e-08, 1.97513134736e-08, 1.7850878109e-08, 3.7484248594e-08, 2.82427592424e-09, 2.38846964429e-09, 7.11372516449e-10, 1.57523730171e-10, 1.08197922843e-10, 2.85667406397e-10, 7.53780871054e-10, 4.91869496522e-11, 1.54351739723e-11, 1.05943509174e-11, 7.93130405102e-12, 5.53252322427e-12],
        "stdev": [0.0206010825932, 0.00822595786303, 0.00262187444605, 0.00116666860413, 0.000330545502948, 0.000140011354233, 0.000182849922567, 0.0003203790111, 0.000682712125126, 0.00160834868439, 0.000413476169342, 0.000239884975599, 8.39171916596e-05, 8.81432424649e-05, 0.000170023136889, 0.000185578537639, 6.96987117408e-05, 4.79459449707e-05, 6.8043191277e-05, 5.58420069865e-05, 2.922137719e-05, 2.39793989749e-05, 2.88249993901e-05, 1.31054302983e-05, 1.46770325955e-05, 1.01765881482e-05, 6.89254602548e-06, 6.00142402618e-06, 3.86017654819e-06, 4.24549580202e-06, 5.00611349707e-06, 5.91993739363e-06, 5.83959263167e-06, 2.67447103397e-06, 2.30914429267e-06, 2.9676050417e-06, 4.92234175908e-06, 1.24706298266e-06, 1.11632664357e-06, 1.02016315395e-06]
    },
    "melbands128": {
        "max": [0.165107443929, 0.336528033018, 0.368680655956, 0.247559726238, 0.120794788003, 0.0395306125283, 0.0454388856888, 0.0383117422462, 0.0297215376049, 0.0181909911335, 0.0103771407157, 0.00864752009511, 0.00619352422655, 0.0022695728112, 0.00249428907409, 0.00148509780411, 0.00267262896523, 0.00310615729541, 0.00388539023697, 0.00738619733602, 0.00753393117338, 0.0168666597456, 0.0162751134485, 0.0167881902307, 0.0191847663373, 0.0396764315665, 0.0041780192405, 0.00252458150499, 0.00529519608244, 0.00384979578666, 0.0024646082893, 0.00209157704376, 0.00163152278401, 0.000887240632437, 0.00110571365803, 0.00352715095505, 0.000850170152262, 0.00464877812192, 0.00491831498221, 0.00575164100155, 0.00218731514178, 0.00267876964062, 0.00106718449388, 0.00109179399442, 0.000883399508893, 0.00104762671981, 0.000815393519588, 0.00152897497173, 0.000858953455463, 0.00139078020584, 0.00131368776783, 0.000567115610465, 0.000413219037, 0.000638148048893, 0.000241550282226, 0.000447093567345, 0.000260270899162, 0.00035876367474, 0.00047430783161, 0.000264055939624, 0.000118494397611, 0.000167714140844, 0.000431356718764, 0.000300618936308, 0.000119935786643, 0.00012647928088, 0.000162315773196, 0.000179841124918, 7.05316706444e-05, 7.15683490853e-05, 7.07455401425e-05, 8.51358563523e-05, 3.95933930122e-05, 8.51869554026e-05, 4.52884378319e-05, 4.1507264541e-05, 7.53866479499e-05, 0.000144323712448, 6.06378271186e-05, 6.30706490483e-05, 8.21535722935e-05, 9.6228417533e-05, 9.12715186132e-05, 0.000121520584798, 8.60589352669e-05, 7.14165507816e-05, 3.37461933668e-05, 3.45434928022e-05, 5.66655180592e-05, 3.34221513185e-05, 2.79853738903e-05, 2.63093606918e-05, 0.000155314221047, 0.000127226172481, 2.08666879189e-05, 1.3825939277e-05, 1.68856076925e-05, 1.01962450572e-05, 1.69399208971e-05, 1.79390972335e-05, 2.30430869124e-05, 1.36885328175e-05, 1.34049450935e-05, 1.94993644982e-05, 1.76150406332e-05, 1.46748543557e-05, 7.12971041139e-06, 6.23117557552e-06, 8.18279659143e-06, 3.39348707712e-06, 6.19292904958e-06, 5.261797196e-05, 4.15359172621e-05, 3.17159742735e-06, 6.81928952417e-07, 6.60070782033e-07, 7.45930094581e-07, 6.19811146407e-07, 6.02901195634e-07, 5.88232182963e-07, 5.75026319893e-07, 5.62225693557e-07, 5.51266566617e-07, 5.41994609193e-07, 5.33679894943e-07, 5.27768179381e-07, 5.23076835179e-07, 5.20384844549e-07],
        "mean": [0.00354092754424, 0.00529744708911, 0.00510910479352, 0.00283130630851, 0.00137408578303, 0.0007611886831, 0.000489242316689, 0.000585451023653, 0.000388879852835, 0.000177231937414, 8.56110200402e-05, 5.37093983439e-05, 4.81570896227e-05, 5.29152130184e-05, 4.59768816654e-05, 2.95794143312e-05, 3.66651911463e-05, 7.08430743543e-05, 0.000102328333014, 7.21087562852e-05, 7.45287834434e-05, 0.000106787061668, 0.000169210703461, 0.000229849596508, 0.000376010837499, 0.00062959222123, 0.000242272188189, 0.000196820124984, 0.000298285798635, 0.00019813880499, 0.00011235542479, 6.75512492307e-05, 3.9728347474e-05, 3.00868396153e-05, 2.71927838185e-05, 2.59274002019e-05, 2.29792167374e-05, 4.14970418205e-05, 5.0924711104e-05, 7.58739042794e-05, 6.17220794084e-05, 2.36383148149e-05, 1.94492167793e-05, 1.98434609047e-05, 2.27438576985e-05, 1.65059263963e-05, 1.31785382109e-05, 3.18925485772e-05, 1.48170729517e-05, 1.45949743455e-05, 2.09817681025e-05, 1.33121402541e-05, 8.52017365105e-06, 1.55276629812e-05, 1.04934533738e-05, 8.6930094767e-06, 9.70457767835e-06, 1.38246123242e-05, 2.67152481683e-05, 1.42909839269e-05, 3.36453649652e-06, 3.5636278426e-06, 3.90756758861e-06, 3.42045927937e-06, 3.52262463821e-06, 4.05785340263e-06, 2.82688893094e-06, 1.97599501917e-06, 1.94713993551e-06, 2.04479465538e-06, 1.87732746326e-06, 2.62359594672e-06, 1.20504944334e-06, 1.04314574401e-06, 1.46131640122e-06, 1.24698738091e-06, 1.2637636928e-06, 1.97553049475e-06, 1.52757365868e-06, 9.4864537914e-07, 1.58285649832e-06, 1.49008621975e-06, 9.47156195252e-07, 1.57366139319e-06, 7.65663287439e-07, 7.17012426321e-07, 5.54611290227e-07, 3.63557347782e-07, 6.86959083396e-07, 4.60214437226e-07, 3.02866851598e-07, 3.51860677483e-07, 1.13366911592e-06, 7.907602253e-07, 4.98894166867e-07, 2.70909339406e-07, 4.22858335014e-07, 2.46682276384e-07, 2.96996972793e-07, 2.93228595183e-07, 2.73846836762e-07, 1.90332826833e-07, 1.2672458638e-07, 1.54901414362e-07, 1.41535096532e-07, 1.67455297628e-07, 9.97445184225e-08, 9.85153647548e-08, 1.10370194761e-07, 6.89468322435e-08, 8.41106952976e-08, 3.02044497857e-07, 2.77892041822e-07, 2.05771542028e-08, 4.21609813728e-09, 8.53289972014e-09, 4.62912774779e-09, 1.47897227798e-09, 1.10817299781e-09, 1.08043407554e-09, 1.05440578491e-09, 1.03054131895e-09, 1.01110653183e-09, 9.94182181024e-10, 9.77567360394e-10, 9.6488994572e-10, 9.55620360621e-10, 9.50621914519e-10],
        "min": [1.93496538237e-10, 7.82637843422e-10, 6.12753070506e-10, 7.0587080625e-10, 2.98198221671e-09, 9.27685483987e-09, 1.1024840596e-08, 2.44230307089e-08, 2.36313333346e-08, 1.81671175881e-08, 3.29870140092e-08, 3.28773772651e-08, 2.41490667463e-08, 8.95481875318e-08, 7.60060387961e-08, 3.30983134234e-08, 3.92005176764e-07, 6.86551402396e-07, 1.13859414341e-06, 5.81531423904e-07, 5.03849832967e-07, 2.43351166773e-07, 3.77141248009e-07, 3.87743625652e-07, 1.35344691898e-06, 7.32252772195e-07, 3.25860042949e-07, 2.35874580312e-07, 4.57913017726e-07, 1.56149451414e-06, 2.28534418056e-06, 9.43108602769e-07, 5.07666698013e-07, 3.30610646415e-07, 2.41100906351e-07, 1.79957268642e-07, 1.05234462922e-07, 1.89532471495e-07, 1.61178832059e-07, 2.22254115556e-07, 2.41357668074e-07, 2.81586437723e-07, 2.52955238977e-08, 8.44568006642e-08, 6.43703756964e-08, 8.69870859788e-08, 9.95676003868e-08, 2.24275908067e-07, 1.65203204006e-07, 8.73931043088e-08, 4.76682266992e-08, 3.3275370015e-08, 1.35674071089e-07, 8.53021049352e-08, 4.36627836109e-08, 2.53378349413e-08, 1.47106922199e-08, 1.81854993286e-08, 1.1461657401e-08, 6.10986461425e-08, 4.98594907583e-08, 1.73289151917e-08, 3.75504320971e-08, 2.58149039922e-08, 2.55824748052e-08, 2.01134242594e-09, 4.93416474345e-10, 1.9514022398e-08, 1.22719150397e-08, 1.56124768669e-09, 2.01511998199e-08, 5.18060216947e-09, 2.04813876969e-09, 1.54643498007e-09, 3.17677129047e-09, 1.75769721e-09, 1.97662797241e-09, 1.47901979553e-09, 2.56028254153e-10, 1.81255732645e-10, 1.77847528371e-10, 1.39740927163e-10, 1.1320480664e-10, 9.75503497425e-11, 1.23607596381e-10, 8.54953260965e-11, 1.53144871784e-10, 5.73699643347e-10, 2.56369619978e-10, 5.89317900035e-11, 4.04740893578e-11, 5.97208463238e-11, 7.77077534264e-12, 1.00569049616e-11, 1.33088149876e-11, 8.00527959893e-12, 6.26591053349e-12, 7.65049135154e-12, 5.90152536215e-12, 6.10103374071e-12, 5.41116457198e-12, 4.56383802278e-12, 2.42095948323e-12, 2.4343066625e-12, 1.56052427924e-12, 1.754796395e-12, 1.65231847302e-12, 2.0625801414e-12, 1.47315699136e-12, 1.76543870668e-12, 2.08609843809e-12, 1.53983997862e-12, 1.84836109092e-12, 1.61249442618e-12, 1.60092262797e-12, 1.75348624509e-12, 1.53879426562e-12, 1.79452958569e-12, 1.96122957284e-12, 1.70290951479e-12, 1.45811693882e-12, 1.89237514547e-12, 1.45214688798e-12, 1.7049828346e-12, 1.38889887005e-12, 4.32037462446e-13, 5.93003700615e-14, 1.96139330431e-15],
        "stdev": [0.0126560404897, 0.0247676875442, 0.027510015294, 0.0170785170048, 0.0076074693352, 0.00291264546104, 0.00264819152653, 0.00323583791032, 0.00229856395163, 0.00109053973574, 0.000543592439499, 0.000433496112237, 0.000322873936966, 0.000179138034582, 0.000163440985489, 0.000118663912872, 0.000152812106535, 0.00020603511075, 0.000294049910735, 0.000378597411327, 0.000376471289201, 0.000774121377617, 0.000950967660174, 0.000868414121214, 0.00146361521911, 0.0030374485068, 0.00042139380821, 0.000327140762238, 0.000609838345554, 0.000392556801671, 0.00019887649978, 0.000139381925692, 0.000106441206299, 6.32429437246e-05, 6.9082758273e-05, 0.000155078523676, 5.75004851271e-05, 0.000226032745559, 0.000261675711954, 0.000323509855662, 0.000192947889445, 0.000121046206914, 6.43979146844e-05, 7.86164091551e-05, 6.10619536019e-05, 5.33239253855e-05, 4.30055406468e-05, 0.000126316110254, 5.47495474166e-05, 6.87962310622e-05, 9.24446649151e-05, 4.03698250011e-05, 2.79086234514e-05, 4.77463836432e-05, 2.54113565461e-05, 3.19872742693e-05, 2.6895377232e-05, 3.24925058521e-05, 4.8736736062e-05, 2.95537956845e-05, 9.88014016912e-06, 1.08954336611e-05, 2.08806104638e-05, 1.60654199135e-05, 1.08851745608e-05, 1.32351842694e-05, 1.0243399629e-05, 9.82998062682e-06, 6.11828545516e-06, 7.29850353309e-06, 6.09622111369e-06, 7.95473533799e-06, 3.54574763151e-06, 4.68821781396e-06, 4.19764228354e-06, 3.53487871507e-06, 5.38399172001e-06, 8.31238139654e-06, 4.91390164825e-06, 4.49163235317e-06, 5.88331295148e-06, 6.92637422617e-06, 6.7006867539e-06, 7.23452967577e-06, 4.71710609418e-06, 3.85181010643e-06, 2.24560039896e-06, 1.94606968762e-06, 3.48460730493e-06, 2.36386858887e-06, 1.62617527621e-06, 1.85934538877e-06, 9.35708249017e-06, 6.86908242642e-06, 1.80963684215e-06, 1.15641410048e-06, 1.55072859798e-06, 9.25454344269e-07, 1.25150631902e-06, 1.26707038817e-06, 1.50181688241e-06, 9.54759684646e-07, 8.18740204522e-07, 1.19846311009e-06, 1.06980030523e-06, 1.1007023204e-06, 5.476593401e-07, 5.17495152508e-07, 5.47537581497e-07, 2.70999919394e-07, 4.32853170196e-07, 3.04415380015e-06, 2.59937883129e-06, 1.5941313336e-07, 3.31041114521e-08, 5.17516589582e-08, 4.39562555243e-08, 2.72884701502e-08, 2.56839989277e-08, 2.50590908024e-08, 2.44965399077e-08, 2.39512356615e-08, 2.34843451352e-08, 2.30893526521e-08, 2.27351897308e-08, 2.24834231233e-08, 2.22836007424e-08, 2.21689209212e-08]
    },
    "mfcc": {
        "mean": [-713.908630371, 128.524780273, -43.8501205444, -8.28444862366, -19.6744422913, -6.61464977264, -7.20738220215, 13.1860294342, 5.24147891998, 3.98420286179, 1.75283253193, 1.86989629269, -11.5942058563],
        "cov": [[3595.88110352, -286.533996582, 890.497314453, 688.239440918, 655.988708496, 601.241027832, 383.185150146, 249.978622437, 350.444000244, 350.092315674, 142.950057983, 203.739822388, 228.852233887], [-286.533996582, 1583.43457031, -33.3662261963, 521.855041504, -7.26739597321, 163.06300354, 261.88067627, 276.082519531, -114.846893311, 314.760864258, -77.524307251, -81.3105697632, 11.2229661942], [890.497314453, -33.3662261963, 698.343261719, 295.844085693, 363.255126953, 261.267486572, 157.77180481, 44.3071899414, 151.677581787, 72.9203262329, 47.0853309631, 64.7659988403, 165.477249146], [688.239440918, 521.855041504, 295.844085693, 523.637268066, 200.401092529, 273.870880127, 167.819229126, 176.494857788, 54.5413284302, 200.093521118, 5.76206207275, 40.9820785522, 81.2005691528], [655.988708496, -7.26739597321, 363.255126953, 200.401092529, 349.861206055, 165.566894531, 105.434387207, 13.3646326065, 95.3058547974, 65.1386413574, 32.526676178, 53.2374305725, 116.297195435], [601.241027832, 163.06300354, 261.267486572, 273.870880127, 165.566894531, 262.137634277, 119.91619873, 82.5838775635, 61.7610778809, 123.723815918, 16.6974067688, 39.6949653625, 80.6052017212], [383.185150146, 261.88067627, 157.77180481, 167.819229126, 105.434387207, 119.91619873, 200.230239868, 84.367980957, 40.2928886414, 103.735572815, 23.3165779114, 6.02668762207, 47.9430427551], [249.978622437, 276.082519531, 44.3071899414, 176.494857788, 13.3646326065, 82.5838775635, 84.367980957, 172.110183716, 10.8561420441, 107.130996704, 0.460530817509, 18.4028949738, 3.63589406013], [350.444000244, -114.846893311, 151.677581787, 54.5413284302, 95.3058547974, 61.7610778809, 40.2928886414, 10.8561420441, 137.971298218, 1.87129092216, 43.3975715637, 24.0580272675, 36.2995223999], [350.092315674, 314.760864258, 72.9203262329, 200.093521118, 65.1386413574, 123.723815918, 103.735572815, 107.130996704, 1.87129092216, 197.385787964, -10.9530925751, 18.2241802216, 33.3622550964], [142.950057983, -77.524307251, 47.0853309631, 5.76206207275, 32.526676178, 16.6974067688, 23.3165779114, 0.460530817509, 43.3975715637, -10.9530925751, 66.7543869019, 19.8104667664, 12.6238527298], [203.739822388, -81.3105697632, 64.7659988403, 40.9820785522, 53.2374305725, 39.6949653625, 6.02668762207, 18.4028949738, 24.0580272675, 18.2241802216, 19.8104667664, 82.347366333, 30.2993869781], [228.852233887, 11.2229661942, 165.477249146, 81.2005691528, 116.297195435, 80.6052017212, 47.9430427551, 3.63589406013, 36.2995223999, 33.3622550964, 12.6238527298, 30.2993869781, 114.48160553]],
        "icov": [[0.000974345486611, 0.000954072864261, 4.60176597699e-05, -0.000853863719385, -0.000615593220573, -0.000374533847207, -0.000977021758445, -0.000625061918981, -0.000497325498145, -0.00117024197243, -0.00013606651919, 2.8330287023e-05, 0.000322145730024], [0.000954072864261, 0.00304088392295, 0.000610149523709, -0.00310727814212, -0.000244008027948, 0.000880130275618, -0.00268246117048, -0.00131397799123, 0.000866277201567, -0.00206016213633, 0.000719754607417, 0.00210968730971, -0.000402050995035], [4.60176597699e-05, 0.000610149523709, 0.00446964008734, -0.00115755712613, -0.0023790250998, -0.00136723893229, -0.00126752420329, -0.000289916264592, -0.00121190410573, 0.00128656206653, 0.000729475985281, 0.000568103510886, -0.00209341803566], [-0.000853863719385, -0.00310727814212, -0.00115755712613, 0.00947242323309, -0.00116620992776, -0.00480819726363, 0.00288357352838, -0.00227080704644, -0.000449313170975, 0.000392731482862, -0.000340879749274, -0.00159133865964, 0.000887423870154], [-0.000615593220573, -0.000244008027948, -0.0023790250998, -0.00116620992776, 0.0081694861874, 0.000564966758247, -0.000688529748004, 0.00285806367174, -0.000674716604408, -0.000154479363118, 0.000174826069269, -0.0013422035845, -0.00238389894366], [-0.000374533847207, 0.000880130275618, -0.00136723893229, -0.00480819726363, 0.000564966758247, 0.0124325938523, -0.00167994864751, 0.000887534115463, -2.80098265648e-05, -0.00260372413322, 0.000338201323757, 2.47912066698e-05, -0.00187932455447], [-0.000977021758445, -0.00268246117048, -0.00126752420329, 0.00288357352838, -0.000688529748004, -0.00167994864751, 0.0121648395434, -0.00151305296458, -0.000522536633071, -0.000988435582258, -0.00403600884601, 0.00163095304742, -0.000694056274369], [-0.000625061918981, -0.00131397799123, -0.000289916264592, -0.00227080704644, 0.00285806367174, 0.000887534115463, -0.00151305296458, 0.013092703186, -0.00117587274872, -0.00220702937804, 7.04204649082e-05, -0.00340723223053, 0.00200760737062], [-0.000497325498145, 0.000866277201567, -0.00121190410573, -0.000449313170975, -0.000674716604408, -2.80098265648e-05, -0.000522536633071, -0.00117587274872, 0.0128734894097, 0.00107471249066, -0.00504666334018, 0.00131934566889, -0.000246779905865], [-0.00117024197243, -0.00206016213633, 0.00128656206653, 0.000392731482862, -0.000154479363118, -0.00260372413322, -0.000988435582258, -0.00220702937804, 0.00107471249066, 0.0134578989819, 0.00255368812941, -0.00190444220789, -0.00116291304585], [-0.00013606651919, 0.000719754607417, 0.000729475985281, -0.000340879749274, 0.000174826069269, 0.000338201323757, -0.00403600884601, 7.04204649082e-05, -0.00504666334018, 0.00255368812941, 0.0216360818595, -0.00368848093785, 0.000107457475679], [2.8330287023e-05, 0.00210968730971, 0.000568103510886, -0.00159133865964, -0.0013422035845, 2.47912066698e-05, 0.00163095304742, -0.00340723223053, 0.00131934566889, -0.00190444220789, -0.00368848093785, 0.018195040524, -0.00345688872039], [0.000322145730024, -0.000402050995035, -0.00209341803566, 0.000887423870154, -0.00238389894366, -0.00187932455447, -0.000694056274369, 0.00200760737062, -0.000246779905865, -0.00116291304585, 0.000107457475679, -0.00345688872039, 0.0158189814538]]
    },
    "spectral_contrast_coeffs": {
        "max": [-0.512502908707, -0.580188453197, -0.540211558342, -0.612858891487, -0.594050109386, -0.461248874664],
        "mean": [-0.757339298725, -0.795193731785, -0.754195809364, -0.816750526428, -0.783774018288, -0.748443424702],
        "min": [-0.892121016979, -0.921740710735, -0.884780824184, -0.936155378819, -0.918518781662, -0.948114931583],
        "stdev": [0.0493095181882, 0.0599496327341, 0.0607364065945, 0.0483110286295, 0.0469297431409, 0.0539575330913]
    },
    "spectral_contrast_valleys": {
        "max": [-4.27660512924, -4.86404800415, -5.19507026672, -5.41112613678, -5.81326055527, -8.01094722748],
        "mean": [-8.25434970856, -6.86682939529, -7.15089225769, -7.66175794601, -8.28829193115, -11.6066236496],
        "min": [-11.265504837, -8.76714897156, -8.74854564667, -9.01976013184, -10.0961179733, -15.0294723511],
        "stdev": [1.28591299057, 0.480229735374, 0.539160430431, 0.585444271564, 0.683598875999, 0.989129185677]
    }
},
"rhythm": {
    "beats_count": 27,
    "beats_loudness": {
        "max": 0.836755692959,
        "mean": 0.0520776286721,
        "min": 0.00121274206322,
        "stdev": 0.161147326231
    },
    "bpm": 150.551467896,
    "bpm_histogram_first_peak_bpm": 152,
    "bpm_histogram_first_peak_weight": 0.33333337307,
    "bpm_histogram_second_peak_bpm": 129,
    "bpm_histogram_second_peak_spread": 0.16666662693,
    "bpm_histogram_second_peak_weight": 0.192307695746,
    "danceability": 1.08469593525,
    "onset_rate": 1.3323546648,
    "beats_loudness_band_ratio": {
        "max": [0.983705043793, 0.160944640636, 0.677227497101, 0.768613100052, 0.359851062298, 0.265105575323],
        "mean": [0.156858220696, 0.033405598253, 0.370433479548, 0.330649375916, 0.112696580589, 0.0333386994898],
        "min": [0.000359673722414, 0.00225809682161, 0.00484526343644, 0.00290357251652, 0.00107508071233, 0.00060638965806],
        "stdev": [0.285033494234, 0.0335758961737, 0.201681524515, 0.200856491923, 0.0934316888452, 0.0563522540033]
    },
    "beats_position": [0.557278871536, 1.1261677742, 1.69505667686, 2.26394557953, 2.82122445107, 3.30884337425, 3.79646253586, 4.28408145905, 4.73687076569, 5.20126962662, 5.66566896439, 6.13006782532, 6.59446716309, 7.05886602402, 7.45360517502, 7.84834432602, 8.24308395386, 8.63782310486, 9.05578231812, 9.47374153137, 9.89170074463, 10.3096599579, 10.71600914, 11.1223583221, 11.5170974731, 11.9118366241, 12.3181858063],
