{
"metadata": {
    "version": {
        "essentia": "2.1-beta5",
        "essentia_git_sha": "Undefined",
        "extractor": "music 2.0"
    },
    "audio_properties": {
        "analysis": {
            "equal_loudness": 0,
            "length": 12.7477550507,
            "sample_rate": 44100,
            "start_time": 0,
            "downmix": "mix"
        },
        "bit_rate": 192000,
        "length": 194.559997559,
        "lossless": 0,
        "number_channels": 2,
        "replay_gain": 7.40533256531,
        "sample_rate": 48000,
        "codec": "mp3",
        "md5_encoded": "556ca9a3c1b0c7662d45843f1c33f6e2"
    },
    "tags": {
        "file_name": "Switzerland_Apollo_Timebelle.mp3",
        "encoding": ["Lavf58.29.100"]
    }
},
"lowlevel": {
    "average_loudness": 0.461574494839,
    "barkbands_crest": {
        "max": 22.3032073975,
        "mean": 9.24745464325,
        "min": 3.17583656311,
        "stdev": 3.99190855026
    },
    "barkbands_flatness_db": {
        "max": 0.27306380868,
        "mean": 0.145259663463,
        "min": 0.0520297884941,
        "stdev": 0.0421088263392
    },
    "barkbands_kurtosis": {
        "max": 38.468624115,
        "mean": 2.32553935051,
        "min": -1.49083697796,
        "stdev": 3.44560194016
    },
    "barkbands_skewness": {
        "max": 5.54160833359,
        "mean": 0.72885876894,
        "min": -1.13071322441,
        "stdev": 0.727433681488
    },
    "barkbands_spread": {
        "max": 55.1637954712,
        "mean": 13.8951330185,
        "min": 2.48695254326,
        "stdev": 8.19288921356
    },
    "dissonance": {
        "max": 0.499862194061,
        "mean": 0.471896648407,
        "min": 0.314655065536,
        "stdev": 0.0260194223374
    },
    "dynamic_complexity": 6.14744758606,
    "erbbands_crest": {
        "max": 28.3226528168,
        "mean": 10.6099691391,
        "min": 3.40699362755,
        "stdev": 5.12391042709
    },
    "erbbands_flatness_db": {
        "max": 0.362955480814,
        "mean": 0.218824759126,
        "min": 0.0792821571231,
        "stdev": 0.0490735806525
    },
    "erbbands_kurtosis": {
        "max": 17.8478469849,
        "mean": 1.76842856407,
        "min": -1.59836375713,
        "stdev": 2.7351834774
    },
    "erbbands_skewness": {
        "max": 3.01806497574,
        "mean": 0.752636492252,
        "min": -0.899786710739,
        "stdev": 0.674562454224
    },
    "erbbands_spread": {
        "max": 73.7602615356,
        "mean": 19.8621673584,
        "min": 3.54134082794,
        "stdev": 11.196805954
    },
    "hfc": {
        "max": 299.17098999,
        "mean": 16.2930412292,
        "min": 0.0420666337013,
        "stdev": 30.6662025452
    },
    "loudness_ebu128": {
        "integrated": -30.061964035,
        "loudness_range": 14.5030403137,
        "momentary": {
            "max": -23.4518527985,
            "mean": -35.0939102173,
            "min": -47.4444198608,
            "stdev": 6.80214452744
        },
        "short_term": {
            "max": -28.3663768768,
            "mean": -35.3062591553,
            "min": -44.7387924194,
            "stdev": 5.34831762314
        }
    },
    "melbands_crest": {
        "max": 28.3312110901,
        "mean": 11.4141607285,
        "min": 3.81470894814,
        "stdev": 4.552339077
    },
    "melbands_flatness_db": {
        "max": 0.342171370983,
        "mean": 0.184012457728,
        "min": 0.0755629763007,
        "stdev": 0.0470632836223
    },
    "melbands_kurtosis": {
        "max": 51.4354743958,
        "mean": 3.73203825951,
        "min": -0.984342575073,
        "stdev": 4.53883647919
    },
    "melbands_skewness": {
        "max": 5.72202682495,
        "mean": 0.96649479866,
        "min": -1.16592884064,
        "stdev": 0.950323581696
    },
    "melbands_spread": {
        "max": 78.8433914185,
        "mean": 20.2247505188,
        "min": 3.74305009842,
        "stdev": 10.0898914337
    },
    "pitch_salience": {
        "max": 0.856434047222,
        "mean": 0.650802195072,
        "min": 0.314623326063,
        "stdev": 0.0997992232442
    },
    "silence_rate_20dB": {
        "max": 1,
        "mean": 1,
        "min": 1,
        "stdev": 0
    },
    "silence_rate_30dB": {
        "max": 1,
        "mean": 0.989090919495,
        "min": 0,
        "stdev": 0.103875420988
    },
    "silence_rate_60dB": {
        "max": 1,
        "mean": 0.356363624334,
        "min": 0,
        "stdev": 0.478923916817
    },
    "spectral_centroid": {
        "max": 2671.17285156,
        "mean": 1175.49169922,
        "min": 323.053375244,
        "stdev": 364.973236084
    },
    "spectral_complexity": {
        "max": 56,
        "mean": 16.2000007629,
        "min": 0,
        "stdev": 12.0116577148
    },
    "spectral_decrease": {
        "max": -8.87181300646e-12,
        "mean": -3.77337094903e-09,
        "min": -2.99003666271e-08,
        "stdev": 5.07775865799e-09
    },
    "spectral_energy": {
        "max": 0.139068931341,
        "mean": 0.0157193969935,
        "min": 3.72999020328e-05,
        "stdev": 0.0215729232877
    },
    "spectral_energyband_high": {
        "max": 0.0144875906408,
        "mean": 0.000445622979896,
        "min": 6.06771664025e-07,
        "stdev": 0.00164378120098
    },
    "spectral_energyband_low": {
        "max": 0.0206695869565,
        "mean": 0.0017952490598,
        "min": 3.01659451907e-06,
        "stdev": 0.00360594759695
    },
    "spectral_energyband_middle_high": {
        "max": 0.0918205156922,
        "mean": 0.0067229042761,
        "min": 1.61957486853e-05,
        "stdev": 0.00936416722834
    },
    "spectral_energyband_middle_low": {
        "max": 0.0978544354439,
        "mean": 0.00767081277445,
        "min": 1.78842692549e-05,
        "stdev": 0.0127723412588
    },
    "spectral_entropy": {
        "max": 8.27147769928,
        "mean": 7.49761629105,
        "min": 6.35348272324,
        "stdev": 0.307263046503
    },
    "spectral_flux": {
        "max": 0.241359516978,
        "mean": 0.0576268136501,
        "min": 0.0061073647812,
        "stdev": 0.043004501611
    },
    "spectral_kurtosis": {
        "max": 27.2123298645,
        "mean": 6.80796384811,
        "min": 1.28179168701,
        "stdev": 3.32950305939
    },
    "spectral_rms": {
        "max": 0.0116480477154,
        "mean": 0.00319461640902,
        "min": 0.000190762017155,
        "stdev": 0.00226504448801
    },
    "spectral_rolloff": {
        "max": 4866.50390625,
        "mean": 1357.6105957,
        "min": 258.3984375,
        "stdev": 563.940490723
    },
    "spectral_skewness": {
        "max": 3.78271770477,
        "mean": 1.90041482449,
        "min": 0.996767818928,
        "stdev": 0.367535620928
    },
    "spectral_spread": {
        "max": 24545456,
        "mean": 3232112,
        "min": 1645609.125,
        "stdev": 1347183.75
    },
    "spectral_strongpeak": {
        "max": 6.40063381195,
        "mean": 1.07684719563,
        "min": 0.0113142440096,
        "stdev": 1.11314296722
    },
    "zerocrossingrate": {
        "max": 0.142578125,
        "mean": 0.0535227283835,
        "min": 0.01904296875,
        "stdev": 0.0184060204774
    },
    "barkbands": {
        "max": [0.00107987143565, 0.0129449898377, 0.0123325204477, 0.0119675658643, 0.08222348243, 0.00606738496572, 0.0179970562458, 0.0132184289396, 0.0384365692735, 0.019301392138, 0.0164055451751, 0.0173714887351, 0.00396190956235, 0.00649853236973, 0.0184615608305, 0.0133945429698, 0.0140424156561, 0.0235898438841, 0.00489506078884, 0.0035253863316, 0.00781999900937, 0.00433216476813, 0.00147116021253, 0.00148629827891, 0.00308831641451, 0.00192121427972, 0.000127829174744],
        "mean": [4.24056306656e-05, 0.000688208965585, 0.000791408354416, 0.000430033513112, 0.00231310259551, 0.000515060091857, 0.00041034197784, 0.000549821183085, 0.00222079432569, 0.00245842942968, 0.00108211138286, 0.00102976965718, 0.000440259202151, 0.000428559811553, 0.000477037596283, 0.000443905184511, 0.000402925157687, 0.000360572681529, 0.000145273690578, 9.66414954746e-05, 0.000112936038931, 6.51181035209e-05, 5.44343856745e-05, 4.67178069812e-05, 7.2457260103e-05, 3.94543931179e-05, 1.62216917943e-06],
        "min": [8.05139155347e-09, 4.21669767547e-07, 2.8216732062e-07, 8.17267789444e-07, 7.6993796938e-07, 3.12235144406e-08, 2.32679596479e-07, 2.05772380468e-06, 6.81181609252e-06, 1.83902807294e-06, 1.61980153734e-06, 2.87561101686e-06, 2.9921406508e-07, 2.62084813585e-06, 2.04172283702e-06, 1.44623629694e-06, 3.45350912312e-07, 3.71848926761e-07, 9.53059441144e-07, 2.77893292377e-07, 9.75334657483e-08, 7.13321455237e-08, 4.28337152414e-08, 2.26961738292e-09, 9.10832576029e-10, 6.62676802321e-10, 7.98649424372e-10],
        "stdev": [8.56988554006e-05, 0.00171867653262, 0.00193337153178, 0.00107178022154, 0.00827176310122, 0.000729351246264, 0.00117827951908, 0.0011457625078, 0.00436065392569, 0.00336687453091, 0.00183884857688, 0.00211055064574, 0.000630563765299, 0.00075355701847, 0.00126856088173, 0.00130065786652, 0.00123502453789, 0.00156321027316, 0.000455771747511, 0.000300083338516, 0.000518299813848, 0.000281415617792, 0.000171078994754, 0.00017047818983, 0.000303813430946, 0.000194105523406, 1.06708930616e-05]
    },
    "erbbands": {
        "max": [0.502037763596, 3.39034461975, 12.9991340637, 23.2593612671, 153.794418335, 437.578186035, 76.5098114014, 28.7751369476, 205.590606689, 141.477050781, 337.210296631, 1098.42895508, 1051.40759277, 551.369262695, 658.109191895, 436.646026611, 206.913421631, 228.823059082, 455.426971436, 1176.75488281, 505.392669678, 862.922668457, 1498.40917969, 429.877624512, 115.037384033, 188.141159058, 466.144592285, 176.880752563, 145.196838379, 64.5080413818, 43.8909759521, 44.5674247742, 25.3614559174, 37.7610092163, 23.8017253876, 13.8712863922, 2.16802954674, 0.800103008747, 0.028991241008, 0.00112274638377],
        "mean": [0.0239633005112, 0.150120526552, 0.802984952927, 1.37997031212, 3.96483492851, 10.2783784866, 4.76799535751, 3.60981273651, 5.1428437233, 6.92763662338, 16.9341983795, 48.5708961487, 91.8156051636, 50.6414337158, 47.6480903625, 37.3334350586, 22.1330528259, 22.1856002808, 21.8018684387, 27.0160160065, 23.6546802521, 22.7990760803, 21.2094249725, 12.6154165268, 4.94988059998, 4.62153863907, 5.5632610321, 3.34072709084, 2.50124955177, 1.57111239433, 1.62199008465, 1.22294712067, 0.69632267952, 0.663323700428, 0.602300524712, 0.24904024601, 0.0530709810555, 0.00925900414586, 0.000346083688783, 3.12510164804e-05],
        "min": [1.07893101813e-05, 0.000181909548701, 0.00092190207215, 0.00211645499803, 0.00308263697661, 0.00230293651111, 0.000740406103432, 0.000275683734799, 0.00230311253108, 0.00684485957026, 0.105992406607, 0.239230901003, 0.130899786949, 0.0545848272741, 0.111891902983, 0.101979397237, 0.0202943943441, 0.0694810673594, 0.11912933737, 0.104451864958, 0.0730952173471, 0.0210593044758, 0.0212139841169, 0.0384180098772, 0.0412393696606, 0.0127453831956, 0.00483622029424, 0.00403900211677, 0.00342960213311, 0.00246752542444, 0.000972659792751, 0.000113111258543, 5.89614210185e-05, 2.94945511996e-05, 1.21947105072e-05, 4.31819717051e-06, 1.85083933957e-06, 6.23144330802e-07, 1.67629394809e-07, 6.05197101322e-08],
        "stdev": [0.0598224066198, 0.375475138426, 2.00361680984, 2.79157352448, 13.5420160294, 40.8881530762, 10.130522728, 4.3037109375, 13.1861553192, 12.5063972473, 32.2973594666, 94.1827392578, 131.982284546, 70.0252075195, 86.4366760254, 67.3370666504, 30.1415081024, 35.3067474365, 43.2316093445, 93.0957870483, 62.7168731689, 73.7345504761, 96.362991333, 44.8745803833, 12.2569408417, 14.8278751373, 27.0983009338, 14.6091537476, 10.3675928116, 5.43211889267, 5.1752948761, 4.69541120529, 2.48893785477, 2.86726474762, 2.67914295197, 1.23349332809, 0.252489537001, 0.0560839958489, 0.0022119502537, 9.51551628532e-05]
    },
    "gfcc": {
        "mean": [-79.6849822998, 119.710296631, -163.625946045, 12.3479547501, -68.1822128296, 15.3137407303, -32.3487129211, 7.77787399292, -16.9708156586, -10.7939796448, -11.110326767, -11.5306863785, 0.613172650337],
        "cov": [[9796.6015625, -2376.05957031, 753.791442871, 203.611816406, 457.300689697, 919.625976562, 22.7377605438, 675.981628418, -568.708557129, 304.105926514, -654.68963623, 690.191162109, -221.88671875], [-2376.05957031, 1226.16516113, -335.513061523, 2.37873911858, -15.5535469055, -287.385955811, 185.05557251, -282.094085693, 338.884613037, -203.201980591, 260.984863281, -275.279754639, 152.757629395], [753.791442871, -335.513061523, 684.156494141, 131.810012817, 31.7523880005, 31.3134002686, -270.482757568, -0.786000192165, -281.499694824, 25.6105327606, -209.385437012, 59.7369918823, -180.575531006], [203.611816406, 2.37873911858, 131.810012817, 273.072113037, 59.304107666, 22.6646823883, -71.3453826904, -16.7797298431, -0.888519525528, -15.3088235855, -4.73793935776, -14.1106405258, -8.04753494263], [457.300689697, -15.5535469055, 31.7523880005, 59.304107666, 130.235916138, 29.3113460541, 33.0809783936, 19.0720558167, 10.0296602249, 0.834314703941, -41.9668884277, 17.6508483887, -21.9383506775], [919.625976562, -287.385955811, 31.3134002686, 22.6646823883, 29.3113460541, 249.510696411, 31.8211803436, 153.908920288, -49.1938934326, 91.9101791382, -33.1784095764, 60.5753288269, -15.3325242996], [22.7377605438, 185.05557251, -270.482757568, -71.3453826904, 33.0809783936, 31.8211803436, 265.214233398, 53.9046974182, 150.04045105, -19.1075210571, 76.6194610596, -22.4222812653, 61.3511199951], [675.981628418, -282.094085693, -0.786000192165, -16.7797298431, 19.0720558167, 153.908920288, 53.9046974182, 225.273300171, -18.0771884918, 103.980117798, -31.5513038635, 49.9190483093, -20.3114643097], [-568.708557129, 338.884613037, -281.499694824, -0.888519525528, 10.0296602249, -49.1938934326, 150.04045105, -18.0771884918, 217.320770264, -30.9173774719, 114.551925659, -78.1309814453, 88.0892105103], [304.105926514, -203.201980591, 25.6105327606, -15.3088235855, 0.834314703941, 91.9101791382, -19.1075210571, 103.980117798, -30.9173774719, 126.757415771, -14.1509647369, 53.2877464294, -30.0026817322], [-654.68963623, 260.984863281, -209.385437012, -4.73793935776, -41.9668884277, -33.1784095764, 76.6194610596, -31.5513038635, 114.551925659, -14.1509647369, 157.437042236, -42.4154701233, 80.0011520386], [690.191162109, -275.279754639, 59.7369918823, -14.1106405258, 17.6508483887, 60.5753288269, -22.4222812653, 49.9190483093, -78.1309814453, 53.2877464294, -42.4154701233, 124.850875854, -17.8300914764], [-221.88671875, 152.757629395, -180.575531006, -8.04753494263, -21.9383506775, -15.3325242996, 61.3511199951, -20.3114643097, 88.0892105103, -30.0026817322, 80.0011520386, -17.8300914764, 132.256225586]],
        "icov": [[0.000426942599006, 0.000527312629856, -0.000336115859682, -8.33189842524e-05, -0.000735408859327, -0.000801171408966, -0.000503995688632, 3.90396962757e-05, -0.0003422931768, 0.000658569624647, 0.000608430127613, -0.00101373484358, -0.000459152943222], [0.000527312629856, 0.0069470917806, -0.00356881297193, 0.00180024339352, -0.00392252346501, 0.000517257489264, -0.0029020330403, 0.00444470858201, -0.00465831207111, 0.00126814213581, -0.00615348154679, 0.00641662301496, -0.00248670624569], [-0.000336115859682, -0.00356881297193, 0.00738838827237, -0.00306178699248, 0.00206334260292, 0.000351543159923, 0.00287369848229, -0.00235498859547, 0.00676741683856, -0.00067869015038, 0.00552552146837, -0.00194006366655, 0.00388250895776], [-8.33189842524e-05, 0.00180024339352, -0.00306178699248, 0.00712336879224, -0.00426452700049, -0.00136797572486, 0.00276150647551, 0.000883216911461, -0.00469693122432, 0.00237338640727, -0.00504693994299, 0.00230728113092, -0.000946669082623], [-0.000735408859327, -0.00392252346501, 0.00206334260292, -0.00426452700049, 0.0154357580468, 0.000144132995047, -0.00129620707594, -0.00103880662937, -0.000397703232011, -0.00147568190005, 0.00777672370896, -0.00460227997974, 0.00347893126309], [-0.000801171408966, 0.000517257489264, 0.000351543159923, -0.00136797572486, 0.000144132995047, 0.0106713054702, -0.00226589245722, -0.0026876644697, 0.00392910931259, -0.00474882731214, -0.00239096092992, 0.00420027598739, -0.00132717448287], [-0.000503995688632, -0.0029020330403, 0.00287369848229, 0.00276150647551, -0.00129620707594, -0.00226589245722, 0.0130806509405, -0.00512900110334, -0.00476956553757, 0.00538739282638, -0.000425985403126, -0.00393747212365, 0.00339045980945], [3.90396962757e-05, 0.00444470858201, -0.00235498859547, 0.000883216911461, -0.00103880662937, -0.0026876644697, -0.00512900110334, 0.0142337223515, -0.00284703145735, -0.0066753719002, -0.001801968785, 0.00583484116942, -0.00188995245844], [-0.0003422931768, -0.00465831207111, 0.00676741683856, -0.00469693122432, -0.000397703232011, 0.00392910931259, -0.00476956553757, -0.00284703145735, 0.0244028866291, -0.0059959362261, 0.00154105143156, 0.00434735696763, -0.00203479803167], [0.000658569624647, 0.00126814213581, -0.00067869015038, 0.00237338640727, -0.00147568190005, -0.00474882731214, 0.00538739282638, -0.0066753719002, -0.0059959362261, 0.0207480397075, -0.00350626814179, -0.00727595901117, 0.00437868572772], [0.000608430127613, -0.00615348154679, 0.00552552146837, -0.00504693994299, 0.00777672370896, -0.00239096092992, -0.000425985403126, -0.001801968785, 0.00154105143156, -0.00350626814179, 0.0247328039259, -0.00881614908576, -0.0016721902648], [-0.00101373484358, 0.00641662301496, -0.00194006366655, 0.00230728113092, -0.00460227997974, 0.00420027598739, -0.00393747212365, 0.00583484116942, 0.00434735696763, -0.00727595901117, -0.00881614908576, 0.0266696475446, -0.00479217385873], [-0.000459152943222, -0.00248670624569, 0.00388250895776, -0.000946669082623, 0.00347893126309, -0.00132717448287, 0.00339045980945, -0.00188995245844, -0.00203479803167, 0.00437868572772, -0.0016721902648, -0.00479217385873, 0.0161805339158]]
    },
    "melbands": {
        "max": [0.00363802583888, 0.00488352589309, 0.00506753753871, 0.0227297823876, 0.00500821927562, 0.000816040323116, 0.00360597460531, 0.00127542880364, 0.00233761011623, 0.00682239839807, 0.00515344552696, 0.00229137367569, 0.0026396017056, 0.0019976971671, 0.000468059064588, 0.000478363712318, 0.000491529994179, 0.00064326392021, 0.00164308375679, 0.00145823589992, 0.000645084714051, 0.00106218631845, 0.000803520320915, 0.00147825735621, 0.000349953450495, 0.000113988789963, 9.26912252908e-05, 0.00013842327462, 0.000288130046101, 0.000164824727108, 0.000120951175631, 0.000107422310975, 4.61012859887e-05, 2.89207418973e-05, 1.97524641408e-05, 4.41922857135e-05, 2.63780675596e-05, 1.85133249033e-05, 1.78051486728e-05, 3.95162569475e-05],
        "mean": [0.000196493216208, 0.000333571631927, 0.000280546897557, 0.000560818589292, 0.000214367799344, 8.55340767885e-05, 8.29015407362e-05, 8.43859306769e-05, 0.000151663727593, 0.000331443967298, 0.000457328133052, 0.000204654061235, 0.00015694621834, 0.0001274550159, 5.72940298298e-05, 4.71996754641e-05, 4.01097167924e-05, 3.32604176947e-05, 3.91755384044e-05, 3.22183514072e-05, 2.66797578661e-05, 2.4746870622e-05, 1.83983829629e-05, 1.83757420018e-05, 9.53152266447e-06, 4.10291795561e-06, 2.93474886348e-06, 2.98403574561e-06, 3.69840859094e-06, 2.64883510681e-06, 1.70347709627e-06, 1.53192718244e-06, 1.02391686596e-06, 7.64255275953e-07, 8.6072071781e-07, 1.00953457149e-06, 6.66621474466e-07, 5.0891861747e-07, 4.17729665969e-07, 6.02631530455e-07],
        "min": [1.26866495975e-07, 4.4392743348e-07, 3.95331937852e-07, 1.99497279141e-07, 3.71196939852e-08, 5.81887427131e-09, 3.95179142743e-08, 8.82431692162e-08, 1.14335614398e-06, 1.1086348195e-06, 5.9446620071e-07, 1.90795290678e-07, 3.0308734722e-07, 3.63361635891e-07, 1.18559860596e-07, 2.70735913688e-08, 1.52042076706e-07, 1.69798283878e-07, 1.35044047056e-07, 8.52129531381e-08, 5.4062851973e-08, 2.11282582541e-08, 2.01426839652e-08, 1.43286769116e-08, 3.04683993591e-08, 2.73658766758e-08, 1.78904322468e-08, 6.51083498227e-09, 3.49769924135e-09, 2.53752707735e-09, 1.80373238567e-09, 1.65730174029e-09, 8.74278371921e-10, 1.11972053851e-09, 4.24617785377e-10, 1.96632210514e-10, 2.00514327364e-11, 1.70598309784e-11, 1.30257107184e-11, 7.98513252048e-12],
        "stdev": [0.000487158278702, 0.0007673081127, 0.000609353592154, 0.0021134109702, 0.000570356321987, 0.000105473249278, 0.000230378311244, 0.000147297803778, 0.000281604152406, 0.000642201281153, 0.00065754778916, 0.000297973456327, 0.000276293460047, 0.000261013221461, 8.78752107383e-05, 7.04523772583e-05, 6.86845305609e-05, 6.73353861202e-05, 0.000115785966045, 0.000112107605673, 7.09032028681e-05, 8.07466858532e-05, 6.73240283504e-05, 8.90710580279e-05, 3.33691095875e-05, 1.08446301965e-05, 7.97974189481e-06, 1.00909983303e-05, 1.81882314791e-05, 1.17089257401e-05, 8.58662770042e-06, 6.91761260896e-06, 3.87349291486e-06, 2.44795501203e-06, 2.62977141574e-06, 4.08570713262e-06, 2.55339182331e-06, 1.90696653135e-06, 1.49807203798e-06, 2.84529119199e-06]
    },
    "melbands128": {
        "max": [0.000995596055873, 0.00465149153024, 0.00558315450326, 0.0060449927114, 0.00692126853392, 0.00557372486219, 0.0044404771179, 0.00647149328142, 0.0120387226343, 0.0417362339795, 0.0305441915989, 0.00834873970598, 0.00375095522031, 0.00139910692815, 0.000759378890507, 0.0011025776621, 0.00145978713408, 0.00621045473963, 0.0055178347975, 0.00115041062236, 0.00145290396176, 0.00515617011115, 0.00220220233314, 0.00403057411313, 0.0108286067843, 0.00798428431153, 0.0156092438847, 0.00732106063515, 0.0035589884501, 0.0047472929582, 0.00338083365932, 0.00284527800977, 0.00542480684817, 0.00342643936165, 0.00523505685851, 0.00270298589021, 0.00163968664128, 0.000636935583316, 0.000451856903965, 0.000846775481477, 0.000997739611194, 0.000949606357608, 0.000697571143974, 0.000853483215906, 0.000888436858077, 0.00106944877189, 0.000953461392783, 0.0017897040816, 0.00195694318973, 0.00244300439954, 0.00150787178427, 0.00135641510133, 0.000940162630286, 0.000756483874284, 0.000693806621712, 0.00182807305828, 0.00116171594709, 0.000589612696785, 0.000738717382774, 0.00196874351241, 0.00244490196928, 0.000439733557869, 0.000526046031155, 0.000381115096388, 0.00027731814771, 0.000183167852811, 7.16617214493e-05, 8.16777028376e-05, 0.000118381656648, 0.000176186134922, 0.000153801956913, 0.00015190411068, 0.000232838079683, 0.000438630610006, 0.000490267528221, 0.000225771771511, 0.000152584761963, 0.000135708585731, 0.000131786538986, 0.000202176379389, 0.000128715881146, 6.77508942317e-05, 5.86719361308e-05, 4.75483502669e-05, 7.52641426516e-05, 4.4891890866e-05, 3.03261404042e-05, 1.35705358844e-05, 3.5025037505e-05, 2.99054809147e-05, 6.54322502669e-05, 5.16752552358e-05, 4.20429314545e-05, 3.20648323395e-05, 1.92857496586e-05, 3.31135233864e-05, 2.086530003e-05, 1.46032125485e-05, 2.10912348848e-05, 2.57521533058e-05, 3.09756323986e-05, 6.24592939857e-05, 2.62987741735e-05, 3.77259602828e-05, 3.4432108805e-05, 3.97794901801e-05, 2.49880013143e-05, 2.8584518077e-05, 3.85777784686e-05, 2.80931690213e-05, 1.57278627739e-05, 9.31594513531e-06, 8.70058829605e-06, 1.1707397789e-05, 5.32712147105e-06, 1.78179270733e-05, 5.51450784769e-06, 6.6706314783e-07, 1.47633613778e-06, 8.56928636495e-07, 3.97681134245e-07, 6.52301764603e-07, 7.08606989974e-07, 4.2166050207e-08, 3.43742811992e-08, 3.38121353138e-08, 3.36272236723e-08, 3.35033369936e-08],
        "mean": [3.36396005878e-05, 0.000201744391234, 0.00024879371631, 0.000219209090574, 0.000391326640965, 0.000364614330465, 0.000292050332064, 0.000176299698069, 0.000334673095495, 0.000744124175981, 0.000658512639347, 0.000204909258173, 0.00014081702102, 0.000142765507917, 7.5710391684e-05, 6.21696890448e-05, 6.7055276304e-05, 9.12758114282e-05, 0.000102130172309, 5.73735160287e-05, 7.77337336331e-05, 0.000149645478814, 0.000126227969304, 0.000183606345672, 0.000330184906488, 0.00032813710277, 0.000497309607454, 0.000583593675401, 0.000317461206578, 0.000214251340367, 0.00015896667901, 0.000180592367542, 0.000141098134918, 0.000160734503879, 0.000155713234562, 0.000109845925181, 0.000105834449641, 3.97326002712e-05, 4.06216240663e-05, 5.18024244229e-05, 4.96640313941e-05, 3.70604793716e-05, 4.43735116278e-05, 3.90464192606e-05, 3.45920088876e-05, 3.1879018934e-05, 3.02935932268e-05, 4.40274743596e-05, 3.92530600948e-05, 3.69550398318e-05, 3.08294511342e-05, 2.89185445581e-05, 2.62079447566e-05, 2.64453028649e-05, 2.60843607975e-05, 2.67469149549e-05, 2.14008468902e-05, 1.82076855708e-05, 1.4976327293e-05, 2.27245091082e-05, 2.16325661313e-05, 1.27858402266e-05, 1.16140645332e-05, 8.81295090949e-06, 6.00442717769e-06, 3.90821332985e-06, 2.94830397252e-06, 2.6207492283e-06, 2.91452806778e-06, 3.44740305991e-06, 2.63640072262e-06, 2.96527150567e-06, 3.54891335519e-06, 3.95627102989e-06, 3.73493026018e-06, 2.87601324089e-06, 2.12743657357e-06, 1.84552425253e-06, 1.66449876815e-06, 1.5140534515e-06, 1.63326183156e-06, 1.64923324064e-06, 1.03178729205e-06, 9.70964492808e-07, 9.86607915365e-07, 8.74908948845e-07, 6.58387023122e-07, 5.83345354244e-07, 8.65808715389e-07, 1.00891998045e-06, 1.23301674648e-06, 9.90391413325e-07, 6.93879997016e-07, 6.8348589366e-07, 6.00647695137e-07, 6.16364445705e-07, 4.89470778575e-07, 3.63485071375e-07, 3.83019965966e-07, 4.40135920599e-07, 5.71315467823e-07, 7.32434386919e-07, 4.9314246553e-07, 5.34064270141e-07, 7.4615104495e-07, 9.04027615434e-07, 5.85600218983e-07, 5.18926583482e-07, 4.59029166677e-07, 3.25707276261e-07, 1.81024034873e-07, 1.46711727211e-07, 1.48745414208e-07, 1.74035150735e-07, 9.84481900446e-08, 1.32938524189e-07, 4.9216492215e-08, 8.10110645233e-09, 1.10728661795e-08, 6.31671914775e-09, 2.35796737691e-09, 3.46899176051e-09, 3.26033244846e-09, 2.01059058291e-10, 6.83330197981e-11, 6.50123704871e-11, 6.34835795044e-11, 6.30797497569e-11],
        "min": [1.14060338952e-09, 8.47488301758e-09, 2.05960724031e-08, 1.72838440449e-07, 2.09082628544e-07, 1.18560663509e-07, 2.64831896857e-07, 3.43007798165e-07, 2.3360487944e-07, 2.11972889019e-07, 7.1759316711e-08, 5.21053991065e-08, 2.02806553773e-08, 9.64506341461e-09, 4.49766313082e-09, 1.25011223595e-09, 1.57328692296e-08, 5.124703506e-08, 6.61381278633e-08, 2.87474506422e-08, 5.64195303809e-08, 3.66412251651e-07, 8.86122336397e-07, 4.48860220104e-07, 3.69878648598e-07, 6.74006855661e-07, 6.25384927844e-07, 3.55007614417e-07, 1.64895411103e-07, 1.51129128767e-07, 1.82005024385e-07, 1.50000033727e-07, 1.28886966877e-07, 1.18433462148e-07, 1.04070991824e-07, 8.25996906428e-08, 2.13485279232e-07, 1.18384122061e-07, 2.55026115781e-08, 1.66624403164e-08, 3.18172901359e-08, 3.66843870836e-08, 3.84937806075e-08, 7.22053954405e-08, 4.77955062195e-08, 6.95607766943e-08, 7.21371264945e-08, 9.94907338736e-08, 6.80329890201e-08, 4.82705537763e-08, 4.94031837661e-08, 4.19743315661e-08, 3.13484065373e-08, 1.08373843233e-08, 3.62273055998e-08, 1.75353420673e-08, 1.59767772345e-08, 1.04663975264e-08, 2.22477840595e-08, 1.35606690321e-08, 1.00144248449e-08, 1.30094033324e-08, 1.0455393884e-08, 3.26908633497e-08, 1.56014738906e-08, 1.18259730897e-08, 1.50707819557e-08, 1.30951125499e-08, 1.5924092267e-08, 5.42200018216e-09, 1.41965672551e-09, 2.03737715587e-09, 4.8616102255e-09, 2.83109846677e-09, 3.52635559642e-10, 1.70137981481e-09, 1.05260178351e-09, 1.99175032023e-09, 7.92636623004e-10, 9.77269376534e-10, 1.26816490642e-09, 8.96201945988e-10, 4.82333895047e-10, 7.05617064778e-10, 7.34516669709e-10, 8.1373657812e-10, 9.7141551747e-11, 1.89574841936e-10, 2.93574081711e-10, 3.61400798177e-10, 4.54019710716e-10, 3.87696194593e-11, 9.7731839982e-12, 1.55902339649e-11, 2.84514582033e-11, 1.36509128654e-11, 1.16209559337e-11, 9.08120020154e-12, 1.0859940551e-11, 5.06463751146e-12, 8.06172403139e-12, 5.70223772714e-12, 5.50981265821e-12, 3.70662094767e-12, 4.06541987574e-12, 3.36615717939e-12, 2.18209890261e-12, 2.78283624443e-12, 3.01435243953e-12, 2.65813564736e-12, 2.27151760943e-12, 2.96560432461e-12, 1.90559156996e-12, 2.34476652504e-12, 2.41764399299e-12, 2.38168664478e-12, 2.05383605088e-12, 2.64972527426e-12, 2.60634352642e-12, 2.14289566994e-12, 2.33781765648e-12, 2.08963206981e-12, 1.97358882709e-12, 2.44531326611e-12, 1.88094787142e-12, 7.46912514477e-13, 1.01292821244e-13, 2.99316477264e-15],
        "stdev": [7.54513384891e-05, 0.000510105863214, 0.000661306199618, 0.000575571029913, 0.00105436239392, 0.000833386322483, 0.000615579949226, 0.000487236771733, 0.00121464801487, 0.00321247405373, 0.00285348994657, 0.000818429281935, 0.000406157138059, 0.000213335006265, 0.000114381677122, 0.000121490484162, 0.000129978419864, 0.000358118762961, 0.000376462587155, 0.000103482103441, 0.000164147757459, 0.000411163055105, 0.000233202707022, 0.000404621154303, 0.000836609862745, 0.000807186006568, 0.00111439439934, 0.000968537991866, 0.000524853589013, 0.00044351266115, 0.000305638706777, 0.000353634677595, 0.000359212746844, 0.000392635294702, 0.000523156078998, 0.000295590172755, 0.000245069997618, 7.08070656401e-05, 6.55940530123e-05, 8.81227824721e-05, 9.95704976958e-05, 7.87904136814e-05, 8.69550131029e-05, 8.42636582092e-05, 7.88688485045e-05, 8.00494235591e-05, 7.00696618878e-05, 0.000118777694297, 0.0001473606535, 0.000168125727214, 0.000113742738904, 9.55935975071e-05, 7.61343035265e-05, 7.46037112549e-05, 7.38021117286e-05, 0.000107343272248, 8.17374893813e-05, 6.14849195699e-05, 5.24680799572e-05, 0.000128825311549, 0.000127703446196, 4.45911791758e-05, 4.31582520832e-05, 3.43061801686e-05, 1.98497145902e-05, 1.16368128147e-05, 6.52464314044e-06, 6.61907733956e-06, 9.28285680857e-06, 1.22117453429e-05, 9.71057943389e-06, 1.06342304207e-05, 1.59485789482e-05, 2.41895504587e-05, 2.48450269282e-05, 1.41839764183e-05, 9.72865473159e-06, 9.56377971306e-06, 9.09820028028e-06, 9.77415675152e-06, 8.55575308378e-06, 6.63889250063e-06, 3.87702721127e-06, 3.98439533456e-06, 4.35375113739e-06, 3.66993845091e-06, 2.06097979571e-06, 1.61520324582e-06, 3.09292249767e-06, 3.35552476827e-06, 5.60298349228e-06, 4.33429795521e-06, 3.018151574e-06, 2.80945369013e-06, 2.23884353545e-06, 2.56218891082e-06, 1.91200024346e-06, 1.39546261835e-06, 1.55560530857e-06, 1.75053651219e-06, 2.68202393272e-06, 4.0433869799e-06, 2.32155707636e-06, 2.72741385743e-06, 3.5794505493e-06, 4.23854498877e-06, 2.69878069048e-06, 2.685730351e-06, 2.67231462203e-06, 1.81612904271e-06, 1.02562250959e-06, 8.18728494778e-07, 8.09644575384e-07, 9.87773773886e-07, 5.63887908811e-07, 1.01741284197e-06, 3.51861473291e-07, 5.99931624379e-08, 9.24630114696e-08, 5.12256050911e-08, 2.22536886696e-08, 3.85560845473e-08, 3.68795056715e-08, 2.41646880283e-09, 1.46415457536e-09, 1.44030443128e-09, 1.43247769202e-09, 1.42720746332e-09]
    },
    "mfcc": {
        "mean": [-703.742553711, 142.825134277, -32.878112793, -2.0483455658, -10.8617105484, -2.54400515556, -2.67402505875, 6.09451389313, 1.6883546114, 4.35822868347, -5.23009634018, -4.51897239685, -5.73701906204],
        "cov": [[9030.32226562, -1759.51647949, 66.6869735718, -171.098892212, 369.870300293, 380.44430542, 448.766296387, 560.818664551, 467.614654541, -182.421188354, -48.5354042053, 123.821632385, 2.88784909248], [-1759.51647949, 825.937561035, -133.710296631, 68.622543335, -151.816421509, -33.2889938354, -102.9585495, -64.3937988281, -71.1364746094, 96.6787796021, 3.39794898033, -52.4445991516, -9.20721817017], [66.6869735718, -133.710296631, 492.746520996, 107.897293091, 186.788497925, 5.31574678421, 3.3696243763, -76.7944412231, -90.213104248, -107.352119446, -35.456653595, -52.9556732178, -45.7781791687], [-171.098892212, 68.622543335, 107.897293091, 239.626678467, 86.4120330811, 20.1594944, -56.4782295227, -16.6411552429, -47.4960403442, -21.7609767914, -16.985742569, -35.8016853333, -39.6144142151], [369.870300293, -151.816421509, 186.788497925, 86.4120330811, 194.92565918, 31.3966369629, 8.97105121613, -23.2699699402, -9.70107364655, -55.2915725708, -5.60448122025, -16.5482978821, -17.0544452667], [380.44430542, -33.2889938354, 5.31574678421, 20.1594944, 31.3966369629, 101.876449585, 21.5592689514, 26.0533828735, 12.9105873108, -9.3574180603, -12.0250720978, 5.34213018417, 17.0577774048], [448.766296387, -102.9585495, 3.3696243763, -56.4782295227, 8.97105121613, 21.5592689514, 105.493583679, 53.1343231201, 44.6205444336, 12.1182012558, 23.8640804291, 29.0572872162, 15.0643644333], [560.818664551, -64.3937988281, -76.7944412231, -16.6411552429, -23.2699699402, 26.0533828735, 53.1343231201, 117.088043213, 61.1916923523, 30.7795963287, 13.0400180817, 27.9977073669, 1.99162721634], [467.614654541, -71.1364746094, -90.213104248, -47.4960403442, -9.70107364655, 12.9105873108, 44.6205444336, 61.1916923523, 123.009490967, 53.9101867676, 29.8841438293, 22.6854515076, 11.790430069], [-182.421188354, 96.6787796021, -107.352119446, -21.7609767914, -55.2915725708, -9.3574180603, 12.1182012558, 30.7795963287, 53.9101867676, 108.730735779, 47.2342071533, 22.9322566986, 10.0310220718], [-48.5354042053, 3.39794898033, -35.456653595, -16.985742569, -5.60448122025, -12.0250720978, 23.8640804291, 13.0400180817, 29.8841438293, 47.2342071533, 83.383140564, 36.8544235229, 14.1162567139], [123.821632385, -52.4445991516, -52.9556732178, -35.8016853333, -16.5482978821, 5.34213018417, 29.0572872162, 27.9977073669, 22.6854515076, 22.9322566986, 36.8544235229, 82.4524154663, 33.0867538452], [2.88784909248, -9.20721817017, -45.7781791687, -39.6144142151, -17.0544452667, 17.0577774048, 15.0643644333, 1.99162721634, 11.790430069, 10.0310220718, 14.1162567139, 33.0867538452, 65.4799118042]],
        "icov": [[0.000386545463698, 0.000481694907648, 3.30515322275e-05, 0.000136897026096, -0.000245475181146, -0.000782309507485, -0.000187373356312, -0.00114260416012, -0.000815113249701, 0.000728884595446, 0.000133254201501, 8.93216129043e-05, 0.000335582386469], [0.000481694907648, 0.00282786367461, 0.000254617043538, -0.000645779015031, 0.00120206037536, -0.00138001190498, 0.0002947364992, -0.000500197056681, 0.000510075653438, -0.00158718647435, 3.46463571077e-06, 0.00160522328224, 0.00012313084153], [3.30515322275e-05, 0.000254617043538, 0.00451313704252, -0.000591038784478, -0.00309355533682, 0.000466214492917, -0.00251717562787, 0.00164132588543, 0.00212300266139, 0.00100553210359, 0.000146754595335, 0.000946724379901, 0.0013876685407], [0.000136897026096, -0.000645779015031, -0.000591038784478, 0.00782144162804, -0.00389171065763, -0.00192646542564, 0.00443483516574, -0.00347657315433, 0.00193191797007, -0.000874644960277, -0.000582885288168, 0.000310384697514, 0.00255046598613], [-0.000245475181146, 0.00120206037536, -0.00309355533682, -0.00389171065763, 0.0125676775351, -0.00214966246858, -0.000810729339719, 0.00371023383923, -0.00300708087161, 0.00247152661905, -0.00264040310867, 0.000430386484368, 8.42038134579e-05], [-0.000782309507485, -0.00138001190498, 0.000466214492917, -0.00192646542564, -0.00214966246858, 0.0149442115799, -0.00198149005882, -0.000476851681015, 0.00115847808775, -0.000854382524267, 0.00306778401136, 8.00410998636e-05, -0.00576114887372], [-0.000187373356312, 0.0002947364992, -0.00251717562787, 0.00443483516574, -0.000810729339719, -0.00198149005882, 0.0187183022499, -0.00680602248758, -0.00112794234883, -0.000467767647933, -0.00360307865776, -0.000979451928288, -0.00127496395726], [-0.00114260416012, -0.000500197056681, 0.00164132588543, -0.00347657315433, 0.00371023383923, -0.000476851681015, -0.00680602248758, 0.0209474358708, -0.00248221750371, -0.00297158653848, 0.00181362649892, -0.0036647436209, 0.00340646435507], [-0.000815113249701, 0.000510075653438, 0.00212300266139, 0.00193191797007, -0.00300708087161, 0.00115847808775, -0.00112794234883, -0.00248221750371, 0.0191146060824, -0.00943140126765, -0.00097277056193, 0.00253613572568, -0.00105809420347], [0.000728884595446, -0.00158718647435, 0.00100553210359, -0.000874644960277, 0.00247152661905, -0.000854382524267, -0.000467767647933, -0.00297158653848, -0.00943140126765, 0.0229793135077, -0.00812357012182, -0.000807843694929, 0.00132027221844], [0.000133254201501, 3.46463571077e-06, 0.000146754595335, -0.000582885288168, -0.00264040310867, 0.00306778401136, -0.00360307865776, 0.00181362649892, -0.00097277056193, -0.00812357012182, 0.021243577823, -0.00720385136083, -0.000488550285809], [8.93216129043e-05, 0.00160522328224, 0.000946724379901, 0.000310384697514, 0.000430386484368, 8.00410998636e-05, -0.000979451928288, -0.0036647436209, 0.00253613572568, -0.000807843694929, -0.00720385136083, 0.0214293897152, -0.00810861121863], [0.000335582386469, 0.00012313084153, 0.0013876685407, 0.00255046598613, 8.42038134579e-05, -0.00576114887372, -0.00127496395726, 0.00340646435507, -0.00105809420347, 0.00132027221844, -0.000488550285809, -0.00810861121863, 0.0236907936633]]
    },
    "spectral_contrast_coeffs": {
        "max": [-0.366515010595, -0.589479506016, -0.564287424088, -0.685384869576, -0.661185562611, -0.607438147068],
        "mean": [-0.729787349701, -0.802384316921, -0.761470973492, -0.828289806843, -0.815214276314, -0.776824593544],
        "min": [-0.882761240005, -0.911673009396, -0.922338962555, -0.911073386669, -0.888159394264, -0.901125133038],
        "stdev": [0.0783662572503, 0.0554403737187, 0.0719580873847, 0.0340250581503, 0.0342343598604, 0.0398893207312]
    },
    "spectral_contrast_valleys": {
        "max": [-5.23484039307, -5.44507789612, -5.12758922577, -5.35520172119, -5.3690290451, -8.0569896698],
        "mean": [-7.68865966797, -6.77791595459, -7.04176187515, -7.47704458237, -8.05680179596, -11.2760305405],
        "min": [-10.091627121, -10.1280784607, -8.92971515656, -9.76586532593, -10.0524835587, -14.5942878723],
        "stdev": [0.842308342457, 0.574368655682, 0.847205817699, 0.918050348759, 0.968609988689, 1.2914981842]
    }
},
"rhythm": {
    "beats_count": 35,
    "beats_loudness": {
        "max": 0.137020602822,
        "mean": 0.0169005002826,
        "min": 0.000314642093144,
        "stdev": 0.02611759305
    },
    "bpm": 178.205856323,
    "bpm_histogram_first_peak_bpm": 178,
    "bpm_histogram_first_peak_weight": 0,
    "bpm_histogram_second_peak_bpm": 172,
    "bpm_histogram_second_peak_spread": 0,
    "bpm_histogram_second_peak_weight": 0.29411765933,
    "danceability": 0.792059481144,
    "onset_rate": 1.80259752274,
    "beats_loudness_band_ratio": {
        "max": [0.620269417763, 0.548768997192, 0.852330505848, 0.855343520641, 0.457213282585, 0.134273409843],
        "mean": [0.12739109993, 0.154658585787, 0.347006618977, 0.311988472939, 0.101942889392, 0.0218389388174],
        "min": [0.00880820862949, 0.0132533200085, 0.0213382635266, 0.035485740751, 0.0180998593569, 0.00152197456919],
        "stdev": [0.144109159708, 0.155626416206, 0.185458406806, 0.232789680362, 0.0884845778346, 0.0246475357562]
    },
    "beats_position": [0.325079351664, 0.650158703327, 0.986848056316, 1.3235373497, 1.66022670269, 1.99691605568, 2.33360528946, 2.68190479279, 3.01859402657, 3.36689329147, 3.70358276367, 4.04027223587, 4.37696123123, 4.77170038223, 5.15482997894, 5.53795909882, 5.93269824982, 6.32743740082, 6.71056699753, 7.10530614853, 7.47682523727, 7.84834432602, 8.2198638916, 8.59138298035, 8.93968200684, 9.287981987, 9.63628101349, 9.98458003998, 10.3328800201, 10.6811790466, 11.017868042, 11.354557991, 11.6912469864, 12.0395460129, 12.387845993],
