{
"metadata": {
    "version": {
        "essentia": "2.1-beta5",
        "essentia_git_sha": "Undefined",
        "extractor": "music 2.0"
    },
    "audio_properties": {
        "analysis": {
            "equal_loudness": 0,
            "length": 32.4963264465,
            "sample_rate": 44100,
            "start_time": 12.7477550507,
            "downmix": "mix"
        },
        "bit_rate": 192000,
        "length": 192.690811157,
        "lossless": 0,
        "number_channels": 2,
        "replay_gain": 1.35533332825,
        "sample_rate": 48000,
        "codec": "mp3",
        "md5_encoded": "8401d29fceb785967e533d5066d65197"
    },
    "tags": {
        "file_name": "France_Requiem_Alma.mp3",
        "encoding": ["Lavf58.29.100"]
    }
},
"lowlevel": {
    "average_loudness": 0.750472664833,
    "barkbands_crest": {
        "max": 25.7516002655,
        "mean": 10.4654874802,
        "min": 2.54243254662,
        "stdev": 3.80711269379
    },
    "barkbands_flatness_db": {
        "max": 0.325506478548,
        "mean": 0.147495552897,
        "min": 0.0260400995612,
        "stdev": 0.0446010269225
    },
    "barkbands_kurtosis": {
        "max": 99.7227325439,
        "mean": 3.59533715248,
        "min": -1.91307461262,
        "stdev": 7.38455438614
    },
    "barkbands_skewness": {
        "max": 8.98062992096,
        "mean": 1.3526725769,
        "min": -1.90906882286,
        "stdev": 1.16724932194
    },
    "barkbands_spread": {
        "max": 116.063552856,
        "mean": 24.2803192139,
        "min": 1.79715812206,
        "stdev": 18.8658103943
    },
    "dissonance": {
        "max": 0.49997228384,
        "mean": 0.44840040803,
        "min": 0.264786779881,
        "stdev": 0.0338696166873
    },
    "dynamic_complexity": 3.0359723568,
    "erbbands_crest": {
        "max": 31.2480869293,
        "mean": 10.9513063431,
        "min": 2.88906264305,
        "stdev": 5.06380319595
    },
    "erbbands_flatness_db": {
        "max": 0.324070364237,
        "mean": 0.164886534214,
        "min": 0.0486141517758,
        "stdev": 0.0497069954872
    },
    "erbbands_kurtosis": {
        "max": 22.175409317,
        "mean": 0.875940382481,
        "min": -1.83476579189,
        "stdev": 2.56309866905
    },
    "erbbands_skewness": {
        "max": 3.89618825912,
        "mean": 0.417222112417,
        "min": -2.1833922863,
        "stdev": 0.71634042263
    },
    "erbbands_spread": {
        "max": 166.290023804,
        "mean": 36.968662262,
        "min": 2.94528603554,
        "stdev": 23.7713356018
    },
    "hfc": {
        "max": 106.079666138,
        "mean": 20.740146637,
        "min": 0.127326205373,
        "stdev": 17.3759269714
    },
    "loudness_ebu128": {
        "integrated": -24.8052558899,
        "loudness_range": 5.39064598083,
        "momentary": {
            "max": -20.663854599,
            "mean": -25.4901885986,
            "min": -32.383392334,
            "stdev": 2.51870203018
        },
        "short_term": {
            "max": -21.7719917297,
            "mean": -25.4148788452,
            "min": -28.8490333557,
            "stdev": 1.91652297974
        }
    },
    "melbands_crest": {
        "max": 34.4496994019,
        "mean": 14.8445701599,
        "min": 2.87909317017,
        "stdev": 5.81624603271
    },
    "melbands_flatness_db": {
        "max": 0.436110705137,
        "mean": 0.215013325214,
        "min": 0.02922940813,
        "stdev": 0.053301628679
    },
    "melbands_kurtosis": {
        "max": 280.395446777,
        "mean": 11.225320816,
        "min": -1.55474543571,
        "stdev": 22.1884155273
    },
    "melbands_skewness": {
        "max": 14.6325540543,
        "mean": 2.25572562218,
        "min": -1.08267951012,
        "stdev": 1.74515712261
    },
    "melbands_spread": {
        "max": 226.443832397,
        "mean": 23.5599899292,
        "min": 1.27320456505,
        "stdev": 17.8111934662
    },
    "pitch_salience": {
        "max": 0.786452233791,
        "mean": 0.517835319042,
        "min": 0.108089454472,
        "stdev": 0.108107954264
    },
    "silence_rate_20dB": {
        "max": 1,
        "mean": 1,
        "min": 1,
        "stdev": 0
    },
    "silence_rate_30dB": {
        "max": 1,
        "mean": 0.965025007725,
        "min": 0,
        "stdev": 0.183716490865
    },
    "silence_rate_60dB": {
        "max": 1,
        "mean": 0.039257671684,
        "min": 0,
        "stdev": 0.194207340479
    },
    "spectral_centroid": {
        "max": 4855.87792969,
        "mean": 1249.85693359,
        "min": 329.561584473,
        "stdev": 563.971069336
    },
    "spectral_complexity": {
        "max": 46,
        "mean": 14.6259813309,
        "min": 1,
        "stdev": 6.16060686111
    },
    "spectral_decrease": {
        "max": -1.08745359939e-10,
        "mean": -7.31827354272e-09,
        "min": -6.74177726978e-08,
        "stdev": 7.46037986943e-09
    },
    "spectral_energy": {
        "max": 0.262069553137,
        "mean": 0.0295020490885,
        "min": 0.000421978998929,
        "stdev": 0.0290554054081
    },
    "spectral_energyband_high": {
        "max": 0.0109193325043,
        "mean": 0.000652737042401,
        "min": 7.63018249472e-07,
        "stdev": 0.00106123031583
    },
    "spectral_energyband_low": {
        "max": 0.213449060917,
        "mean": 0.0108774360269,
        "min": 2.41379239014e-05,
        "stdev": 0.0218089837581
    },
    "spectral_energyband_middle_high": {
        "max": 0.0658715963364,
        "mean": 0.00687647843733,
        "min": 3.29807917296e-05,
        "stdev": 0.00915793795139
    },
    "spectral_energyband_middle_low": {
        "max": 0.0644679740071,
        "mean": 0.0114121483639,
        "min": 0.000125685124658,
        "stdev": 0.00969038903713
    },
    "spectral_entropy": {
        "max": 8.8117685318,
        "mean": 7.44509935379,
        "min": 6.09104919434,
        "stdev": 0.48072591424
    },
    "spectral_flux": {
        "max": 0.386086046696,
        "mean": 0.0872788280249,
        "min": 0.011879905127,
        "stdev": 0.0507252924144
    },
    "spectral_kurtosis": {
        "max": 19.718120575,
        "mean": 5.41028356552,
        "min": -1.55176579952,
        "stdev": 3.24373555183
    },
    "spectral_rms": {
        "max": 0.0159899219871,
        "mean": 0.00487787462771,
        "min": 0.000641628284939,
        "stdev": 0.00223356555216
    },
    "spectral_rolloff": {
        "max": 12101.6601562,
        "mean": 1671.70703125,
        "min": 64.599609375,
        "stdev": 2224.97485352
    },
    "spectral_skewness": {
        "max": 3.54588270187,
        "mean": 1.78491699696,
        "min": 0.0060116853565,
        "stdev": 0.536081075668
    },
    "spectral_spread": {
        "max": 20603812,
        "mean": 5306168,
        "min": 1605228.75,
        "stdev": 3077721.5
    },
    "spectral_strongpeak": {
        "max": 11.2639122009,
        "mean": 1.23480582237,
        "min": 0,
        "stdev": 1.61876380444
    },
    "zerocrossingrate": {
        "max": 0.41259765625,
        "mean": 0.0655408650637,
        "min": 0.005859375,
        "stdev": 0.0511665269732
    },
    "barkbands": {
        "max": [0.0702574625611, 0.198389366269, 0.0647057443857, 0.00972429756075, 0.0346365012228, 0.0368260070682, 0.0352920033038, 0.0238190237433, 0.0368228778243, 0.0420874878764, 0.024498667568, 0.0479774922132, 0.0302180871367, 0.0377770066261, 0.0143452202901, 0.0138157615438, 0.0189172849059, 0.0068416763097, 0.00635925494134, 0.00302579533309, 0.00257834908552, 0.00281444564462, 0.00377714959905, 0.00306301447563, 0.00435699149966, 0.00156615616288, 9.10145463422e-05],
        "mean": [0.00200784788467, 0.00756918778643, 0.00152022903785, 0.000493406434543, 0.0026263424661, 0.00318208709359, 0.00145203177817, 0.0012053065002, 0.00130811787676, 0.00241833692417, 0.000626922468655, 0.00115135475062, 0.00043191324221, 0.000899134261999, 0.000498694658745, 0.000422079989221, 0.000410841981648, 0.000339111109497, 0.000218334433157, 0.000199150206754, 8.66167320055e-05, 4.56814414065e-05, 6.67046406306e-05, 8.20977802505e-05, 0.000183593539987, 5.58293686481e-05, 1.10973155643e-06],
        "min": [8.52071302404e-09, 4.06805327202e-07, 6.21289927949e-06, 2.00773183678e-06, 2.60122596956e-05, 1.11008203021e-05, 2.52867084782e-06, 4.68136613563e-06, 2.86296176455e-06, 3.69957479052e-06, 2.80046720036e-06, 5.45985813005e-06, 9.88651436273e-07, 1.73454429842e-06, 1.97191980078e-06, 1.23533629903e-06, 8.66332243277e-07, 9.18477439882e-07, 4.45170769581e-07, 5.56674137897e-07, 5.36566631126e-08, 3.06038572262e-09, 1.47935308448e-08, 9.23634591032e-09, 1.65963173759e-10, 2.19049639538e-10, 2.31135457995e-10],
        "stdev": [0.00711707770824, 0.0166300740093, 0.00382099021226, 0.000811563571915, 0.00380922388285, 0.00473866797984, 0.00276296702214, 0.0023816821631, 0.00354808941483, 0.00530715845525, 0.00200781249441, 0.00356895965524, 0.00146511266939, 0.00336389266886, 0.00111310707871, 0.00115269690286, 0.00114690617193, 0.000685370119754, 0.000487785728183, 0.000368550623534, 0.000194748208742, 0.0001499603095, 0.000210308047826, 0.000201654460398, 0.000479726033518, 0.000148730483488, 4.83114172312e-06]
    },
    "erbbands": {
        "max": [8.33493995667, 38.8484306335, 69.5453643799, 44.668762207, 41.4669876099, 115.4739151, 398.124511719, 398.098968506, 442.963745117, 420.419616699, 714.649536133, 756.696472168, 1546.61022949, 1662.65661621, 630.626464844, 2451.76049805, 1480.38720703, 2111.52172852, 495.359161377, 862.422973633, 719.486999512, 621.930236816, 318.204803467, 307.345672607, 455.34979248, 161.097381592, 136.766937256, 102.120597839, 127.174797058, 172.466506958, 64.8956756592, 48.0632629395, 72.702041626, 58.0306663513, 50.9991073608, 12.9130134583, 1.71855998039, 0.283429980278, 0.00985634885728, 0.000411039363826],
        "mean": [0.296879470348, 1.40943050385, 1.75411522388, 2.00644373894, 2.40551400185, 9.69459533691, 18.7801799774, 28.1570396423, 25.9578781128, 23.2494163513, 26.1467666626, 21.240114212, 84.3363037109, 50.9563941956, 29.9443416595, 44.919506073, 22.3488864899, 50.4887313843, 23.5691661835, 23.4157295227, 30.4855060577, 19.5524215698, 16.8571853638, 16.9811286926, 8.72524166107, 8.55809020996, 7.0671005249, 2.12207388878, 1.71167445183, 1.93216145039, 1.76548075676, 1.50807511806, 1.58807706833, 1.83930194378, 1.34121823311, 0.410009354353, 0.0782288238406, 0.00841912720352, 0.000256589410128, 4.59177535959e-05],
        "min": [1.55441903189e-05, 0.000323498010403, 0.0110866688192, 0.0194597560912, 0.0199968740344, 0.0807469859719, 0.0483048297465, 0.103142768145, 0.110876515508, 0.158003181219, 0.228719398379, 0.177704483271, 0.179218515754, 0.123953975737, 0.105260267854, 0.226416513324, 0.0579094104469, 0.0789801776409, 0.119413249195, 0.123888239264, 0.0782077908516, 0.0484279990196, 0.053546577692, 0.0391252823174, 0.0273130461574, 0.0226836763322, 0.013529215008, 0.00244379416108, 0.000318962556776, 0.000215028441744, 0.000672254012898, 0.000451778410934, 0.000154463632498, 5.04909148731e-05, 2.07226985367e-05, 7.24592018742e-06, 3.61371280633e-06, 9.50113360432e-07, 1.37181757509e-06, 5.023323979e-07],
        "stdev": [0.792064070702, 2.89808154106, 4.28261375427, 3.61679363251, 3.43467020988, 15.2700061798, 36.5573387146, 49.6253852844, 47.5682182312, 40.6309967041, 58.0160675049, 49.8436050415, 181.595596313, 136.042236328, 65.5439910889, 153.053588867, 69.343536377, 175.860794067, 43.3518409729, 60.7113800049, 75.4677047729, 44.1366119385, 30.9725341797, 34.2405929565, 23.3104610443, 15.7589120865, 14.2578544617, 6.11790990829, 6.09246206284, 7.74751710892, 4.49919652939, 3.40421390533, 4.40151977539, 5.00571155548, 3.66404819489, 1.1697114706, 0.187022775412, 0.0211870614439, 0.000756614666898, 4.418190656e-05]
    },
    "gfcc": {
        "mean": [-3.55899977684, 95.4513092041, -111.084526062, 20.2195568085, -52.0375404358, 18.2948436737, -41.2457351685, 22.64894104, -27.5232753754, 10.2394371033, -9.47273254395, 3.15531182289, -2.06299138069],
        "cov": [[2185.09765625, -400.446960449, -206.359649658, 95.0492553711, 56.3107872009, -11.0756435394, 25.7648162842, 163.014770508, 5.10532522202, 82.4307556152, 14.0095434189, 82.5810165405, 35.418636322], [-400.446960449, 1434.61315918, -680.33770752, 99.6409606934, 218.143814087, -276.310546875, 285.336029053, -105.941841125, 77.5230865479, -150.181411743, 240.878372192, -167.512451172, 189.778930664], [-206.359649658, -680.33770752, 935.846862793, -77.8147888184, -103.047927856, 283.613616943, -177.623428345, 43.2665634155, -39.9593276978, 94.0815811157, -131.043334961, 119.013191223, -157.910293579], [95.0492553711, 99.6409606934, -77.8147888184, 432.193267822, 64.9869155884, -44.8925743103, 38.8867988586, -20.7756118774, 155.157562256, -9.97038269043, 33.0852584839, 11.3636484146, 42.4149360657], [56.3107872009, 218.143814087, -103.047927856, 64.9869155884, 243.677276611, -27.6459903717, 59.1633605957, 25.4546546936, 31.6136188507, 29.8578186035, 37.2165412903, 4.13558769226, 38.9987068176], [-11.0756435394, -276.310546875, 283.613616943, -44.8925743103, -27.6459903717, 329.434997559, 32.8285179138, -10.6765260696, -14.392241478, 17.7797393799, -14.5377187729, 4.30868434906, -76.0130462646], [25.7648162842, 285.336029053, -177.623428345, 38.8867988586, 59.1633605957, 32.8285179138, 286.351501465, -35.3883171082, 3.135222435, -7.94207715988, 75.9568023682, -24.3294582367, 22.8207073212], [163.014770508, -105.941841125, 43.2665634155, -20.7756118774, 25.4546546936, -10.6765260696, -35.3883171082, 158.394287109, 12.1636219025, 38.6067008972, -11.3694353104, 32.2712593079, 32.2191085815], [5.10532522202, 77.5230865479, -39.9593276978, 155.157562256, 31.6136188507, -14.392241478, 3.135222435, 12.1636219025, 168.107681274, -9.34961891174, 11.9851436615, 0.0347037166357, 29.1098575592], [82.4307556152, -150.181411743, 94.0815811157, -9.97038269043, 29.8578186035, 17.7797393799, -7.94207715988, 38.6067008972, -9.34961891174, 135.821121216, -11.0878810883, 39.0070075989, -13.4809322357], [14.0095434189, 240.878372192, -131.043334961, 33.0852584839, 37.2165412903, -14.5377187729, 75.9568023682, -11.3694353104, 11.9851436615, -11.0878810883, 157.181686401, -7.95817518234, 47.2901878357], [82.5810165405, -167.512451172, 119.013191223, 11.3636484146, 4.13558769226, 4.30868434906, -24.3294582367, 32.2712593079, 0.0347037166357, 39.0070075989, -7.95817518234, 142.328308105, -6.95953559875], [35.418636322, 189.778930664, -157.910293579, 42.4149360657, 38.9987068176, -76.0130462646, 22.8207073212, 32.2191085815, 29.1098575592, -13.4809322357, 47.2901878357, -6.95953559875, 129.737762451]],
        "icov": [[0.000628221139777, 0.000423491728725, 0.000376970332582, -0.000168500744621, -0.000196504086489, 1.19930036817e-05, -0.000183380383532, -0.000511549063958, 0.000126332524815, 4.54721293863e-06, -0.00027472464717, -9.37316435738e-05, 1.55597354023e-05], [0.000423491728725, 0.00290229939856, 8.0710677139e-05, 0.000542637601029, -0.00183361221571, 0.00192642083857, -0.00173867668491, 0.000953279261012, -0.000858024111949, 0.00179868296254, -0.00231282762252, 0.00185189291369, -0.00136947596911], [0.000376970332582, 8.0710677139e-05, 0.00274509401061, -0.000311262905598, 0.0004104305699, -0.00199993140996, 0.0012251456501, -0.000760177848861, 0.000333630217938, -0.000927259679884, 0.000675384595525, -0.0016037839232, 0.0013967048144], [-0.000168500744621, 0.000542637601029, -0.000311262905598, 0.00396594777703, -0.000875150086358, 0.00091537903063, -0.000719079573173, 0.00146056059748, -0.00362638779916, 0.000438011193182, -0.000624728039838, 3.18723759847e-05, -0.000771432882175], [-0.000196504086489, -0.00183361221571, 0.0004104305699, -0.000875150086358, 0.00615511648357, -0.00128271360882, 0.000417984672822, -0.00138233543839, 0.000296689249808, -0.00250046490692, 0.00109186780173, -0.00130692496896, 0.00039503123844], [1.19930036817e-05, 0.00192642083857, -0.00199993140996, 0.00091537903063, -0.00128271360882, 0.00649569695815, -0.00281272502616, 0.000935066200327, -0.00122735858895, 0.00163532060105, -0.00223662657663, 0.00244866823778, 0.000291163130896], [-0.000183380383532, -0.00173867668491, 0.0012251456501, -0.000719079573173, 0.000417984672822, -0.00281272502616, 0.00609719660133, 6.83955440763e-05, 0.00106806564145, -0.00154430186376, -1.45179899391e-06, -0.00133614556398, 0.000985305290669], [-0.000511549063958, 0.000953279261012, -0.000760177848861, 0.00146056059748, -0.00138233543839, 0.000935066200327, 6.83955440763e-05, 0.00928853917867, -0.00168997223955, -0.000927207292989, -0.000135770969791, -7.79547699494e-05, -0.00368476263247], [0.000126332524815, -0.000858024111949, 0.000333630217938, -0.00362638779916, 0.000296689249808, -0.00122735858895, 0.00106806564145, -0.00168997223955, 0.00969298370183, -5.14344901603e-05, 0.000840805994812, -0.000432956760051, -0.000274115649518], [4.54721293863e-06, 0.00179868296254, -0.000927259679884, 0.000438011193182, -0.00250046490692, 0.00163532060105, -0.00154430186376, -0.000927207292989, -5.14344901603e-05, 0.0104378303513, -0.0014423149405, -0.000120929333207, -7.7110453276e-05], [-0.00027472464717, -0.00231282762252, 0.000675384595525, -0.000624728039838, 0.00109186780173, -0.00223662657663, -1.45179899391e-06, -0.000135770969791, 0.000840805994812, -0.0014423149405, 0.0102747119963, -0.00210582884029, -0.00131689140107], [-9.37316435738e-05, 0.00185189291369, -0.0016037839232, 3.18723759847e-05, -0.00130692496896, 0.00244866823778, -0.00133614556398, -7.79547699494e-05, -0.000432956760051, -0.000120929333207, -0.00210582884029, 0.010210194625, -0.00116402038839], [1.55597354023e-05, -0.00136947596911, 0.0013967048144, -0.000771432882175, 0.00039503123844, 0.000291163130896, 0.000985305290669, -0.00368476263247, -0.000274115649518, -7.7110453276e-05, -0.00131689140107, -0.00116402038839, 0.0129237370566]]
    },
    "melbands": {
        "max": [0.0650328621268, 0.0275722201914, 0.00696396874264, 0.00424005370587, 0.0125992372632, 0.00836306810379, 0.00744128786027, 0.00428250478581, 0.00601244345307, 0.00589843885973, 0.00783781241626, 0.00715878698975, 0.00291834096424, 0.00514781288803, 0.00386610650457, 0.00346804293804, 0.00382237508893, 0.00127446732949, 0.00125370663591, 0.00117573898751, 0.000965481915046, 0.000984159763902, 0.000319430342643, 0.000495949876495, 0.000313501688652, 0.000299520790577, 0.000171207939275, 0.000147977276356, 0.000116637296742, 8.02126087365e-05, 7.67816381995e-05, 8.15154344309e-05, 4.08250743931e-05, 0.000136756047141, 4.8552537919e-05, 3.58441029675e-05, 2.91478481813e-05, 5.57365528948e-05, 9.06020941329e-05, 3.83776969102e-05],
        "mean": [0.00252611679025, 0.00120448810048, 0.000349203852238, 0.000385366991395, 0.000646386528388, 0.000629842979833, 0.000394054863136, 0.000251552410191, 0.000184703923878, 0.00016835986753, 0.000427134509664, 0.000209942241781, 8.95604316611e-05, 0.000139312483952, 6.28279594821e-05, 6.00134590059e-05, 9.57165902946e-05, 3.53406103386e-05, 3.81669087801e-05, 2.2216270736e-05, 4.14577261836e-05, 2.16201315197e-05, 1.48927574628e-05, 1.69647228176e-05, 1.3805341041e-05, 6.15341195953e-06, 5.14416888109e-06, 6.04139859206e-06, 5.94263383391e-06, 1.6658060531e-06, 1.06396601041e-06, 9.68324229689e-07, 8.59575663981e-07, 1.18754144296e-06, 9.92460513771e-07, 1.00551778814e-06, 8.57279587763e-07, 9.45532406149e-07, 1.45626097492e-06, 1.59077126227e-06],
        "min": [1.90829325675e-07, 5.23006883668e-06, 3.54339044861e-06, 2.76032551483e-06, 1.86324814422e-06, 2.43794147536e-06, 8.83941766006e-07, 1.55611235186e-06, 9.73794271886e-07, 1.00082888821e-06, 7.96805181835e-07, 4.64214366502e-07, 4.64718709736e-07, 5.44589454421e-07, 2.448942098e-07, 1.02790842504e-07, 1.48518552123e-07, 1.74400298647e-07, 1.50772862639e-07, 9.81290071422e-08, 6.85875676254e-08, 4.61734614987e-08, 2.00475671619e-08, 3.78528781653e-08, 2.39882691488e-08, 8.15847567281e-09, 1.00478070308e-08, 1.42177958296e-08, 5.61586643855e-09, 6.44258479898e-10, 1.04656519562e-10, 7.5647849096e-11, 2.03188438297e-11, 8.04273037058e-11, 1.59264712529e-10, 2.83747414453e-10, 9.02218993959e-11, 1.85308313833e-11, 1.68036955878e-11, 1.52851169222e-12],
        "stdev": [0.00593551434577, 0.00239569996484, 0.000580122345127, 0.000528692500666, 0.00115788960829, 0.00105595262721, 0.000679439457599, 0.00042503347504, 0.000449294573627, 0.000439747440396, 0.000911358627491, 0.000594384211581, 0.000242979105678, 0.000416818715166, 0.000252038997132, 0.000190042890608, 0.000356169883162, 8.5632353148e-05, 0.000100395642221, 6.12075746176e-05, 0.000107260151708, 6.14316522842e-05, 2.77452818409e-05, 3.88569606002e-05, 3.09237111651e-05, 1.6337922716e-05, 1.12451270979e-05, 1.25566975839e-05, 1.30417793116e-05, 5.14015755471e-06, 4.03756621381e-06, 3.81737709176e-06, 2.53757366409e-06, 5.69120675209e-06, 2.70630334853e-06, 2.41254838329e-06, 1.94083554561e-06, 2.74977583103e-06, 4.55924418929e-06, 4.302018624e-06]
    },
    "melbands128": {
        "max": [0.0515831820667, 0.0764931961894, 0.0957090780139, 0.0552568733692, 0.0378423221409, 0.0279893931001, 0.00929642561823, 0.00382765149698, 0.00548242917284, 0.00377171812579, 0.00890084821731, 0.0158538110554, 0.0192091464996, 0.00777266547084, 0.0080812908709, 0.017014561221, 0.0121663510799, 0.0133723653853, 0.00938504282385, 0.00728954467922, 0.0096626682207, 0.00729934498668, 0.0109390225261, 0.00894529186189, 0.00224184361286, 0.0141461854801, 0.0155870933086, 0.0157080236822, 0.00912997033447, 0.0137135786936, 0.00880549009889, 0.00724546378478, 0.00410087639466, 0.00378758553416, 0.00851028133184, 0.0109460325912, 0.0153177902102, 0.00511995330453, 0.00349940010346, 0.00618001259863, 0.00364404474385, 0.00957864895463, 0.00689013535157, 0.00929974578321, 0.00115563219879, 0.00122393248603, 0.0016804675106, 0.00165338418446, 0.00333617650904, 0.00281512504444, 0.00168183096685, 0.00149390124716, 0.00226507452317, 0.00167129840702, 0.00348044862039, 0.00123238714878, 0.000930639333092, 0.000871392083354, 0.000521342735738, 0.00037670857273, 0.000787703262176, 0.00096261309227, 0.000825967406854, 0.000506344600581, 0.000224490577239, 0.000272533856332, 0.00100910675246, 0.000207941833651, 0.000181052251719, 0.000248152820859, 0.000286517373752, 0.00031695025973, 0.000286062131636, 0.000201041650143, 0.00013209079043, 0.000154353969265, 5.60582593607e-05, 9.71179688349e-05, 0.000104770137114, 0.000121202996525, 7.21844626241e-05, 0.00012645458628, 5.64781694266e-05, 3.06904221361e-05, 3.94043963752e-05, 0.000234527877183, 0.000139322146424, 6.31742004771e-05, 6.28101915936e-05, 3.63985163858e-05, 3.59073819709e-05, 5.59517065994e-05, 3.75393574359e-05, 3.49989277311e-05, 2.27556720347e-05, 5.3289841162e-05, 8.09082484921e-05, 9.23328116187e-05, 0.000142610035255, 9.99502371997e-05, 4.54820219602e-05, 5.13800296176e-05, 6.25652683084e-05, 3.48550202034e-05, 7.41069743526e-05, 0.000131481108838, 5.85862871958e-05, 3.01496020256e-05, 2.47618936555e-05, 2.22146591113e-05, 1.68356837094e-05, 8.18127227831e-06, 8.19684646558e-06, 5.50506592845e-06, 3.38230006491e-06, 3.89868500861e-06, 3.23654990098e-06, 6.3099844283e-07, 4.02179125558e-07, 2.1005952533e-07, 2.26718839258e-07, 1.79678252721e-07, 2.00528134542e-07, 9.75820868554e-10, 2.67338456927e-10, 2.63751520624e-10, 2.61249133438e-10, 2.59815058357e-10],
        "mean": [0.00149543944281, 0.00255138636567, 0.00324200256728, 0.00199873349629, 0.000955775438342, 0.000768407189753, 0.000420997763285, 0.000220189554966, 0.000223652474233, 0.0002511079947, 0.000570397474803, 0.000838568783365, 0.000771450053435, 0.000264658039669, 0.000484316464281, 0.00106597610284, 0.000569022260606, 0.00019366091874, 0.000257344101556, 0.000293572084047, 0.000194673557417, 0.000281885382719, 0.000217771696043, 5.12746737513e-05, 3.06924339384e-05, 0.000185147262528, 0.000545183254872, 0.000516882748343, 0.000263557012659, 0.000275906146271, 0.000179483671673, 9.96583403321e-05, 8.64771063789e-05, 6.00232378929e-05, 0.000147270882735, 0.000164127879543, 0.000132596294861, 4.87371689815e-05, 3.15565557685e-05, 3.61281745427e-05, 4.95003878314e-05, 0.000121537239465, 0.000106128718471, 0.000102335739939, 2.16001208173e-05, 2.93115517707e-05, 3.40137521562e-05, 3.98190495616e-05, 4.17533665313e-05, 2.89913386951e-05, 1.41475893543e-05, 1.80270963028e-05, 4.60465780634e-05, 4.67519421363e-05, 4.37372145825e-05, 9.81686480372e-06, 1.42943708852e-05, 1.74044853338e-05, 1.52390912262e-05, 1.11936587928e-05, 1.66926747625e-05, 2.05942233151e-05, 2.08516830753e-05, 9.62565081863e-06, 6.10782808508e-06, 4.70168515676e-06, 8.47160572448e-06, 5.24313099959e-06, 4.04228603657e-06, 5.07177946929e-06, 5.2276459428e-06, 6.22794505034e-06, 9.91980778053e-06, 5.36985453437e-06, 2.3340601274e-06, 2.23987535719e-06, 9.0750779691e-07, 9.57987822403e-07, 1.22233836919e-06, 1.04313085103e-06, 8.99347185168e-07, 9.9868725556e-07, 9.3991451422e-07, 7.6828513329e-07, 8.07640901712e-07, 1.32627542371e-06, 1.27764542412e-06, 9.69377310867e-07, 1.01741943581e-06, 9.69033294496e-07, 9.7273789379e-07, 1.06305094505e-06, 9.81241328191e-07, 8.8985552793e-07, 7.21535514003e-07, 7.88028955867e-07, 9.23956008592e-07, 1.28170734115e-06, 1.39081816997e-06, 1.63355230143e-06, 1.59417311352e-06, 1.51447261487e-06, 1.73854346031e-06, 1.4121537788e-06, 1.5253839365e-06, 1.76015043962e-06, 1.42809676618e-06, 8.45858266985e-07, 5.69361134239e-07, 4.45631485491e-07, 3.47261931211e-07, 2.83006528434e-07, 2.2470608485e-07, 1.64320070439e-07, 1.29804078597e-07, 9.09117687797e-08, 3.22855804313e-08, 5.86246473588e-09, 3.85075926701e-09, 1.63213176307e-09, 1.59470447958e-09, 1.44114908895e-09, 7.84829978784e-10, 8.24823369328e-12, 4.84790462982e-12, 4.233670272e-12, 3.90233114919e-12, 3.83889014327e-12],
        "min": [8.48843484391e-09, 3.77190083611e-08, 1.18148761885e-07, 7.68827561615e-08, 8.43049861032e-07, 3.23230847243e-06, 7.70622193613e-07, 9.25574170196e-07, 4.83002168039e-07, 3.39573716701e-07, 1.13175110528e-06, 1.73036460183e-06, 4.22115675747e-07, 1.06916581899e-06, 3.58791368171e-07, 2.72563056569e-07, 5.05690195496e-07, 1.57850450933e-07, 2.63283311597e-07, 1.53149883886e-07, 7.0953666409e-07, 4.02310377012e-07, 2.53456533983e-07, 1.52044179913e-07, 1.74379479745e-07, 3.12044591055e-07, 2.41747954988e-07, 2.66388553882e-07, 2.15613695786e-07, 4.93073628149e-07, 2.03462491299e-07, 2.52633583386e-07, 1.90233777175e-07, 2.82003984609e-08, 1.31022602545e-07, 1.52388395236e-07, 1.09376948387e-07, 7.61230722901e-08, 8.66444764824e-08, 3.71113344499e-08, 1.14491314207e-07, 9.25451004719e-08, 1.80920224579e-07, 5.16008924478e-08, 6.47324043257e-08, 5.01678734111e-08, 1.28793530507e-07, 3.63509862211e-08, 2.658194731e-08, 2.47999807357e-08, 7.94559156247e-08, 3.34558478698e-08, 2.43770070796e-08, 1.15002682932e-08, 3.52755051836e-08, 1.31965247618e-08, 1.76782570804e-08, 1.6898466626e-08, 2.01889669427e-08, 2.44269262595e-08, 2.47713529689e-08, 1.83520842967e-08, 1.61755213668e-08, 1.46055469941e-08, 5.66902880195e-09, 3.19300896834e-09, 5.57022539205e-10, 5.52961565425e-10, 3.51385143205e-09, 4.21945767215e-09, 5.69086955338e-09, 1.33099957722e-08, 6.61583854367e-09, 2.51549714392e-09, 7.25583926275e-10, 4.64787347498e-10, 3.46897260917e-10, 5.77889090747e-11, 4.47048301155e-11, 9.26198631679e-11, 1.13700542037e-10, 5.09512050606e-11, 3.25527950949e-12, 9.82547810474e-12, 2.29855088955e-12, 5.13329786664e-12, 3.2438888381e-11, 5.94830087963e-11, 1.39604966476e-10, 1.45818739028e-11, 4.35739014315e-11, 2.93642110627e-10, 1.09535450155e-10, 4.70343659853e-11, 3.46571764342e-11, 9.91092451164e-12, 6.20961138412e-12, 5.57551964667e-12, 2.67921427231e-12, 1.11828764564e-12, 1.61325748767e-12, 1.64231670798e-12, 1.42561179875e-12, 1.30598494259e-12, 1.29197780946e-12, 1.37599252738e-12, 1.41439572728e-12, 1.42045327323e-12, 1.18536604143e-12, 8.38462491711e-13, 8.28818188126e-13, 8.000741996e-13, 6.15921267981e-13, 6.58213609485e-13, 9.96873048519e-13, 4.8297596391e-13, 7.1895706619e-13, 5.80455768086e-13, 6.62800164145e-13, 5.28494186348e-13, 5.91343705773e-13, 2.36152053858e-13, 2.16832831529e-13, 3.54051938592e-13, 2.93781329559e-13, 1.37366165534e-13, 2.16298807749e-14, 8.41316163075e-16],
        "stdev": [0.00524612283334, 0.00772498128936, 0.00729355029762, 0.00421135034412, 0.00250624818727, 0.00177994801197, 0.000801294459961, 0.000363668747013, 0.00040659919614, 0.000432985165389, 0.00106513348874, 0.00158596271649, 0.00178322440479, 0.00056467554532, 0.00104449945502, 0.0021045380272, 0.00126692198683, 0.000736917252652, 0.000644539657515, 0.000669303524774, 0.000489288417157, 0.000678650860209, 0.000693142879754, 0.000314618402626, 9.95178197627e-05, 0.000772445637267, 0.0015252805315, 0.00148181791883, 0.000809241784737, 0.00103337108158, 0.000702629855368, 0.000476570654428, 0.000338137120707, 0.000220140093006, 0.000538349617273, 0.000590088777244, 0.000775558990426, 0.000250458630035, 0.000175993714947, 0.000228176024393, 0.000195829823497, 0.000522561429534, 0.00048551778309, 0.00063783157384, 6.57338096062e-05, 6.79619624862e-05, 9.17030192795e-05, 0.000139225492603, 0.000170863568201, 0.000128501575091, 5.75285412197e-05, 8.33390076878e-05, 0.000177155263373, 0.000143763463711, 0.000203205097932, 4.13524139731e-05, 4.24775826104e-05, 5.07576733071e-05, 4.28743915108e-05, 2.96811213047e-05, 5.92338983552e-05, 6.7365639552e-05, 6.69187356834e-05, 3.02749594994e-05, 1.43774659591e-05, 1.24006064652e-05, 4.59786460851e-05, 1.40320053106e-05, 9.95090886136e-06, 1.38156310641e-05, 1.61869393196e-05, 2.01505572477e-05, 2.99957973766e-05, 1.42455728565e-05, 8.3482982518e-06, 9.25861058931e-06, 3.03851356875e-06, 3.84838085665e-06, 5.10079598826e-06, 5.05388061356e-06, 3.33927414431e-06, 4.93374454891e-06, 3.26692770614e-06, 2.29840043175e-06, 2.55803161053e-06, 8.53707842907e-06, 6.27890676697e-06, 3.2896657558e-06, 2.96820780932e-06, 2.46831109507e-06, 2.65766652774e-06, 2.79885716736e-06, 2.43831482294e-06, 2.14610258809e-06, 1.68028202552e-06, 2.57315105046e-06, 3.22772552863e-06, 3.99823875341e-06, 5.26854410055e-06, 5.71703321839e-06, 4.68973621537e-06, 4.30675845564e-06, 4.83786607219e-06, 3.78466802431e-06, 4.55297458757e-06, 6.44982992526e-06, 4.71044086225e-06, 2.86010640593e-06, 1.73656530933e-06, 1.38627183333e-06, 9.82809297057e-07, 7.24233871097e-07, 6.0343217001e-07, 4.17778863948e-07, 3.32819524829e-07, 2.6098592798e-07, 1.38186862841e-07, 4.01820763329e-08, 2.68374584778e-08, 1.22373453593e-08, 1.2398602145e-08, 1.06690221102e-08, 7.28175830744e-09, 4.16496039046e-11, 1.11007947626e-11, 1.09591294373e-11, 1.08880023053e-11, 1.08317504272e-11]
    },
    "mfcc": {
        "mean": [-654.166320801, 134.777130127, -1.1306385994, 12.9028024673, 11.8912820816, -4.02008628845, 7.9046831131, 1.47271811962, 0.337274312973, 5.13700532913, -2.63458442688, 2.53302192688, 1.50131499767],
        "cov": [[2356.16113281, -338.839141846, -394.721282959, 196.068771362, -6.56370687485, -85.3137588501, 12.2734041214, 49.3070144653, 56.2795944214, 49.1015167236, -30.0106105804, 52.0483131409, 50.609664917], [-338.839141846, 1123.28942871, -553.399841309, 167.45463562, -113.891487122, -79.0907821655, 158.144546509, -18.6917552948, -70.1200027466, 52.6250152588, -64.0854263306, 26.6070079803, -18.7449321747], [-394.721282959, -553.399841309, 873.542236328, -272.273529053, 114.758605957, 121.311660767, -63.9351234436, 27.3451728821, 8.39067554474, -53.0459327698, 93.642791748, -30.8273429871, 17.4129009247], [196.068771362, 167.45463562, -272.273529053, 467.17980957, -10.4215068817, 2.40059709549, -71.5139694214, 22.9912090302, 50.2631034851, -7.64599609375, 0.0552483797073, 49.3900985718, 74.2616119385], [-6.56370687485, -113.891487122, 114.758605957, -10.4215068817, 262.455505371, -37.2830810547, -54.3954811096, -9.50814151764, 46.8617515564, -13.104142189, 25.9913311005, 9.96682453156, 9.56782817841], [-85.3137588501, -79.0907821655, 121.311660767, 2.40059709549, -37.2830810547, 276.755249023, 32.1895828247, 60.2207489014, -12.4637670517, 22.9671211243, 67.921585083, -28.2635650635, 33.0733604431], [12.2734041214, 158.144546509, -63.9351234436, -71.5139694214, -54.3954811096, 32.1895828247, 229.641342163, 7.79683017731, -37.3973121643, 42.3414497375, -3.37503743172, 11.2209749222, -6.50505447388], [49.3070144653, -18.6917552948, 27.3451728821, 22.9912090302, -9.50814151764, 60.2207489014, 7.79683017731, 136.315734863, 3.94177603722, 0.938980042934, 6.80179071426, 4.45468521118, 44.7282905579], [56.2795944214, -70.1200027466, 8.39067554474, 50.2631034851, 46.8617515564, -12.4637670517, -37.3973121643, 3.94177603722, 137.07522583, 7.44692659378, 15.4191436768, -2.9944486618, 3.15277409554], [49.1015167236, 52.6250152588, -53.0459327698, -7.64599609375, -13.104142189, 22.9671211243, 42.3414497375, 0.938980042934, 7.44692659378, 122.840438843, 8.77219390869, -6.23389387131, -21.6945285797], [-30.0106105804, -64.0854263306, 93.642791748, 0.0552483797073, 25.9913311005, 67.921585083, -3.37503743172, 6.80179071426, 15.4191436768, 8.77219390869, 105.372779846, 1.94495785236, 12.6804418564], [52.0483131409, 26.6070079803, -30.8273429871, 49.3900985718, 9.96682453156, -28.2635650635, 11.2209749222, 4.45468521118, -2.9944486618, -6.23389387131, 1.94495785236, 93.0913085938, 27.5510349274], [50.609664917, -18.7449321747, 17.4129009247, 74.2616119385, 9.56782817841, 33.0733604431, -6.50505447388, 44.7282905579, 3.15277409554, -21.6945285797, 12.6804418564, 27.5510349274, 134.437683105]],
        "icov": [[0.000623369996902, 0.00052312144544, 0.000512206286658, -0.000156939073349, -1.98563666345e-05, 0.000254910759395, -0.000284596841084, -0.000274734251434, 2.05645301321e-05, -0.000236287436564, -7.52740888856e-05, -9.09671216505e-05, -0.00013791557285], [0.00052312144544, 0.00191584799904, 0.00115024053957, -0.000474923610454, 3.80451965611e-05, 0.000478681555251, -0.00106856995262, -0.000246577488724, 0.000645582622383, -0.000300405954476, -0.000117978823255, 6.99171287124e-05, 2.66031620413e-05], [0.000512206286658, 0.00115024053957, 0.00276842573658, 0.00110758410301, -0.000560588145163, -0.000454406195786, 0.000137886119774, -0.000400017510401, 0.000110738583317, 0.000529153563548, -0.00115263194311, -0.000153814442456, -0.000488353194669], [-0.000156939073349, -0.000474923610454, 0.00110758410301, 0.00384082645178, 8.76984195202e-05, -0.000853779609315, 0.00174089404754, 2.36693813349e-05, -0.00125968002249, 0.000300942891045, -0.000360536680091, -0.0014728710521, -0.00157810375094], [-1.98563666345e-05, 3.80451965611e-05, -0.000560588145163, 8.76984195202e-05, 0.00469199102372, 0.000969552376773, 0.00063132843934, 0.000194710009964, -0.00120074534789, -8.63894820213e-05, -0.00102361058816, -0.000439162307885, -0.000368967303075], [0.000254910759395, 0.000478681555251, -0.000454406195786, -0.000853779609315, 0.000969552376773, 0.00595862511545, -0.00111265562009, -0.00197227951139, 0.00092806504108, -0.00101787224412, -0.00321991695091, 0.00221295608208, -0.000767117366195], [-0.000284596841084, -0.00106856995262, 0.000137886119774, 0.00174089404754, 0.00063132843934, -0.00111265562009, 0.00637087970972, -1.82667972695e-05, 0.000388969230698, -0.00135571788996, 4.41365373263e-05, -0.00154883018695, -0.000392869958887], [-0.000274734251434, -0.000246577488724, -0.000400017510401, 2.36693813349e-05, 0.000194710009964, -0.00197227951139, -1.82667972695e-05, 0.0091632027179, -0.00058330927277, -0.000139220501296, 0.00116524961777, -0.000280029635178, -0.0025317191612], [2.05645301321e-05, 0.000645582622383, 0.000110738583317, -0.00125968002249, -0.00120074534789, 0.00092806504108, 0.000388969230698, -0.00058330927277, 0.00890113133937, -0.00108374608681, -0.00122512620874, 0.00103503488936, 0.000353602226824], [-0.000236287436564, -0.000300405954476, 0.000529153563548, 0.000300942891045, -8.63894820213e-05, -0.00101787224412, -0.00135571788996, -0.000139220501296, -0.00108374608681, 0.00970158725977, -0.000933006987907, 0.000241176137934, 0.00167912943289], [-7.52740888856e-05, -0.000117978823255, -0.00115263194311, -0.000360536680091, -0.00102361058816, -0.00321991695091, 4.41365373263e-05, 0.00116524961777, -0.00122512620874, -0.000933006987907, 0.0129851959646, -0.00134867813904, -0.000230453675613], [-9.09671216505e-05, 6.99171287124e-05, -0.000153814442456, -0.0014728710521, -0.000439162307885, 0.00221295608208, -0.00154883018695, -0.000280029635178, 0.00103503488936, 0.000241176137934, -0.00134867813904, 0.0131420148537, -0.00216883257963], [-0.00013791557285, 2.66031620413e-05, -0.000488353194669, -0.00157810375094, -0.000368967303075, -0.000767117366195, -0.000392869958887, -0.0025317191612, 0.000353602226824, 0.00167912943289, -0.000230453675613, -0.00216883257963, 0.0101961651817]]
    },
    "spectral_contrast_coeffs": {
        "max": [-0.426099061966, -0.492016583681, -0.473237067461, -0.564935922623, -0.580910265446, -0.638075709343],
        "mean": [-0.7306432724, -0.70418047905, -0.726607263088, -0.773458063602, -0.76873010397, -0.791663110256],
        "min": [-0.891970157623, -0.905335068703, -0.905250310898, -0.918237388134, -0.895926237106, -0.933999717236],
        "stdev": [0.0836326852441, 0.0803381800652, 0.0838493704796, 0.0580427907407, 0.0531776435673, 0.0426021516323]
    },
    "spectral_contrast_valleys": {
        "max": [-4.88674163818, -5.32527160645, -5.71986865997, -6.10671377182, -6.0425901413, -7.80333995819],
        "mean": [-6.69539403915, -6.98035001755, -7.37439918518, -7.71757411957, -7.92302370071, -10.481554985],
        "min": [-9.31289577484, -8.4585351944, -9.16456699371, -9.44434833527, -9.81853580475, -13.9802694321],
        "stdev": [0.594828903675, 0.490203499794, 0.469303429127, 0.507786929607, 0.596454977989, 0.944833576679]
    }
},
"rhythm": {
    "beats_count": 57,
    "beats_loudness": {
        "max": 0.203862503171,
        "mean": 0.0411848910153,
        "min": 0.00398924201727,
        "stdev": 0.0364621542394
    },
    "bpm": 107.774406433,
    "bpm_histogram_first_peak_bpm": 108,
    "bpm_histogram_first_peak_weight": 0.659090936184,
    "bpm_histogram_second_peak_bpm": 103,
    "bpm_histogram_second_peak_spread": 0.555555582047,
    "bpm_histogram_second_peak_weight": 0.0714285746217,
    "danceability": 1.20499968529,
    "onset_rate": 3.72216773033,
    "beats_loudness_band_ratio": {
        "max": [0.956388175488, 0.642838716507, 0.548658549786, 0.78220307827, 0.324956744909, 0.737083613873],
        "mean": [0.383104324341, 0.183454215527, 0.166835770011, 0.18344154954, 0.0676295161247, 0.0556960366666],
        "min": [0.00342091941275, 0.0106656737626, 0.00175226980355, 0.00391464168206, 0.00193511007819, 0.00308707193471],
        "stdev": [0.276540756226, 0.153293758631, 0.129686355591, 0.201350331306, 0.0706824064255, 0.117446295917]
    },
    "beats_position": [0.557278871536, 1.11455774307, 1.68344664574, 2.2523355484, 2.83283448219, 3.3785033226, 3.93578219414, 4.55111122131, 5.16644001007, 5.78176879883, 6.38548755646, 6.98920631409, 7.58131504059, 8.17342376709, 8.76553249359, 9.34603118896, 9.92653083801, 10.47219944, 11.017868042, 11.5635375977, 12.1208162308, 12.6780948639, 13.2469835281, 13.8042631149, 14.361541748, 14.90721035, 15.4528799057, 15.9985485077, 16.5326080322, 17.0898857117, 17.6587753296, 18.2160549164, 18.7617225647, 19.3073921204, 19.8414516449, 20.3755092621, 20.9211788177, 21.4552383423, 21.9892959595, 22.5465755463, 23.1038551331, 23.6843528748, 24.2532424927, 24.8221302032, 25.37940979, 25.9366893768, 26.5055770874, 27.0744667053, 27.6433563232, 28.2122440338, 28.7695236206, 29.3268013, 29.895690918, 30.4645805359, 30.9986381531, 31.5559177399, 32.1248054504],
