{
"metadata": {
    "version": {
        "essentia": "2.1-beta5",
        "essentia_git_sha": "Undefined",
        "extractor": "music 2.0"
    },
    "audio_properties": {
        "analysis": {
            "equal_loudness": 0,
            "length": 12.7477550507,
            "sample_rate": 44100,
            "start_time": 0,
            "downmix": "mix"
        },
        "bit_rate": 192000,
        "length": 197.926895142,
        "lossless": 0,
        "number_channels": 2,
        "replay_gain": 6.3484249115,
        "sample_rate": 48000,
        "codec": "mp3",
        "md5_encoded": "5eb293cacec3448a6fbcad5059866ce8"
    },
    "tags": {
        "file_name": "Latvia_Line_Triana Park.mp3",
        "encoding": ["Lavf58.29.100"]
    }
},
"lowlevel": {
    "average_loudness": 0.483688414097,
    "barkbands_crest": {
        "max": 25.598941803,
        "mean": 10.6287469864,
        "min": 3.77855825424,
        "stdev": 4.7436914444
    },
    "barkbands_flatness_db": {
        "max": 0.381042808294,
        "mean": 0.202832117677,
        "min": 0.0468806810677,
        "stdev": 0.0575467944145
    },
    "barkbands_kurtosis": {
        "max": 81.0464935303,
        "mean": 3.49215745926,
        "min": -1.28650033474,
        "stdev": 8.83908748627
    },
    "barkbands_skewness": {
        "max": 8.08404350281,
        "mean": 1.04361438751,
        "min": -2.19032502174,
        "stdev": 1.22331357002
    },
    "barkbands_spread": {
        "max": 37.5419921875,
        "mean": 8.95897388458,
        "min": 0.751493513584,
        "stdev": 3.3852159977
    },
    "dissonance": {
        "max": 0.5,
        "mean": 0.466913998127,
        "min": 0.331285327673,
        "stdev": 0.0311446283013
    },
    "dynamic_complexity": 4.55299663544,
    "erbbands_crest": {
        "max": 32.0091934204,
        "mean": 11.16751194,
        "min": 2.91760706902,
        "stdev": 5.76717472076
    },
    "erbbands_flatness_db": {
        "max": 0.446162223816,
        "mean": 0.29051181674,
        "min": 0.0915703997016,
        "stdev": 0.0554504208267
    },
    "erbbands_kurtosis": {
        "max": 42.8839454651,
        "mean": 1.96904337406,
        "min": -1.29605507851,
        "stdev": 5.03777933121
    },
    "erbbands_skewness": {
        "max": 5.89620733261,
        "mean": 0.865960717201,
        "min": -1.80408525467,
        "stdev": 0.999892890453
    },
    "erbbands_spread": {
        "max": 42.1615257263,
        "mean": 14.1666517258,
        "min": 2.14538359642,
        "stdev": 4.30740642548
    },
    "hfc": {
        "max": 71.647064209,
        "mean": 12.2330093384,
        "min": 6.06667853731e-08,
        "stdev": 13.8481216431
    },
    "loudness_ebu128": {
        "integrated": -30.9635410309,
        "loudness_range": 10.5725593567,
        "momentary": {
            "max": -23.548034668,
            "mean": -33.2579193115,
            "min": -40.1027297974,
            "stdev": 4.2546043396
        },
        "short_term": {
            "max": -26.4634571075,
            "mean": -33.4541244507,
            "min": -37.6944732666,
            "stdev": 3.79035902023
        }
    },
    "melbands_crest": {
        "max": 33.6945533752,
        "mean": 12.2286243439,
        "min": 2.21454334259,
        "stdev": 6.10056877136
    },
    "melbands_flatness_db": {
        "max": 0.382799327374,
        "mean": 0.222842991352,
        "min": 0.00669866614044,
        "stdev": 0.0691916272044
    },
    "melbands_kurtosis": {
        "max": 109.583450317,
        "mean": 5.96299028397,
        "min": -1.3915438652,
        "stdev": 13.588104248
    },
    "melbands_skewness": {
        "max": 8.01997089386,
        "mean": 1.2798306942,
        "min": -1.90687584877,
        "stdev": 1.31770920753
    },
    "melbands_spread": {
        "max": 110.984642029,
        "mean": 15.2557811737,
        "min": 0.984888136387,
        "stdev": 7.53022527695
    },
    "pitch_salience": {
        "max": 0.930198729038,
        "mean": 0.628887951374,
        "min": 0.194454699755,
        "stdev": 0.122760549188
    },
    "silence_rate_20dB": {
        "max": 1,
        "mean": 1,
        "min": 1,
        "stdev": 0
    },
    "silence_rate_30dB": {
        "max": 1,
        "mean": 1,
        "min": 1,
        "stdev": 0
    },
    "silence_rate_60dB": {
        "max": 1,
        "mean": 0.259999990463,
        "min": 0,
        "stdev": 0.438632875681
    },
    "spectral_centroid": {
        "max": 10934.2529297,
        "mean": 1290.7154541,
        "min": 721.08770752,
        "stdev": 501.227081299
    },
    "spectral_complexity": {
        "max": 36,
        "mean": 14.7327270508,
        "min": 0,
        "stdev": 7.42694473267
    },
    "spectral_decrease": {
        "max": -3.30690497931e-19,
        "mean": -3.25042925908e-09,
        "min": -2.40994992851e-08,
        "stdev": 4.33553726253e-09
    },
    "spectral_energy": {
        "max": 0.0974556431174,
        "mean": 0.0133774438873,
        "min": 6.75074839779e-12,
        "stdev": 0.0176015645266
    },
    "spectral_energyband_high": {
        "max": 0.000722236814909,
        "mean": 8.12193175079e-05,
        "min": 4.74081581284e-12,
        "stdev": 9.77746676654e-05
    },
    "spectral_energyband_low": {
        "max": 0.00446301186457,
        "mean": 0.000185093798791,
        "min": 9.17015690271e-14,
        "stdev": 0.000624835316557
    },
    "spectral_energyband_middle_high": {
        "max": 0.0371549613774,
        "mean": 0.00455256691203,
        "min": 1.60139382224e-12,
        "stdev": 0.00447642011568
    },
    "spectral_energyband_middle_low": {
        "max": 0.0927175804973,
        "mean": 0.00884317047894,
        "min": 2.69210164144e-13,
        "stdev": 0.0151453875005
    },
    "spectral_entropy": {
        "max": 9.79368019104,
        "mean": 7.31423521042,
        "min": 6.4250535965,
        "stdev": 0.372956782579
    },
    "spectral_flux": {
        "max": 0.163777127862,
        "mean": 0.052692130208,
        "min": 2.59822013504e-06,
        "stdev": 0.0301173105836
    },
    "spectral_kurtosis": {
        "max": 35.753452301,
        "mean": 8.30583572388,
        "min": -1.23239207268,
        "stdev": 4.81696081161
    },
    "spectral_rms": {
        "max": 0.00975083000958,
        "mean": 0.00306592509151,
        "min": 8.11547664625e-08,
        "stdev": 0.0019108284032
    },
    "spectral_rolloff": {
        "max": 16774.3652344,
        "mean": 1543.42346191,
        "min": 581.396484375,
        "stdev": 775.917785645
    },
    "spectral_skewness": {
        "max": 3.95023441315,
        "mean": 1.85832500458,
        "min": -0.00919738132507,
        "stdev": 0.46185618639
    },
    "spectral_spread": {
        "max": 41578224,
        "mean": 2627058,
        "min": 1365518.5,
        "stdev": 1890859.5
    },
    "spectral_strongpeak": {
        "max": 8.21732997894,
        "mean": 1.50006222725,
        "min": 7.73038209445e-06,
        "stdev": 1.48496043682
    },
    "zerocrossingrate": {
        "max": 0.20751953125,
        "mean": 0.054931640625,
        "min": 0.02392578125,
        "stdev": 0.0141793303192
    },
    "barkbands": {
        "max": [8.58993007569e-05, 0.00177779200021, 0.00257038720883, 0.000168062717421, 0.00162007589824, 0.00304526579566, 0.00161065696739, 0.0180347766727, 0.0905700400472, 0.0290974490345, 0.0073513626121, 0.00722623057663, 0.00481104105711, 0.00399132119492, 0.00673641311005, 0.00194046460092, 0.00144381448627, 0.000766218174249, 0.000479684240418, 0.000276834354736, 0.000260087574134, 0.000216152548091, 0.000126913291751, 0.000155809393618, 8.44224123284e-05, 3.79525845347e-05, 1.46178501836e-06],
        "mean": [3.23964377458e-06, 7.50280159991e-05, 0.000102456258901, 9.7644788184e-06, 0.000126248443848, 0.00021102973551, 0.000161412972375, 0.00148761854507, 0.00631970446557, 0.00151275540702, 0.000442095421022, 0.000827947864309, 0.00052662397502, 0.000387820793549, 0.000556483457331, 0.000222668182687, 0.000143963348819, 0.000103381331428, 5.95604760747e-05, 3.78959011869e-05, 2.36863379541e-05, 1.19084288599e-05, 9.43056966207e-06, 8.02688828117e-06, 5.46152205061e-06, 1.2299408354e-06, 1.36050060107e-08],
        "min": [7.00710919409e-14, 1.3524991809e-14, 3.19527729471e-14, 2.42251219627e-14, 2.80440614849e-14, 2.92495045654e-14, 4.09414425376e-14, 3.32733007e-14, 8.16276909889e-14, 1.67139021265e-13, 1.49942422844e-13, 1.70484476146e-13, 1.21621178298e-13, 8.06945520604e-14, 9.46354133296e-14, 1.51042291738e-13, 1.64160921185e-13, 1.81009111237e-13, 2.14283262358e-13, 2.5887289274e-13, 2.93991583465e-13, 3.81374267019e-13, 3.96424240006e-13, 5.10490738223e-13, 6.56027695275e-13, 1.00743296084e-12, 1.39179325617e-12],
        "stdev": [9.92160312308e-06, 0.000247285992373, 0.000372508948203, 1.38329387482e-05, 0.000233222599491, 0.000416546943597, 0.000164224926266, 0.00230772048235, 0.0144944414496, 0.00274974876083, 0.000701438169926, 0.00113605940714, 0.000722595723346, 0.000512977887411, 0.000823436304927, 0.000260821077973, 0.000181961906492, 0.000113945374324, 6.31309449091e-05, 3.88001390093e-05, 2.82978853647e-05, 1.90198261407e-05, 1.64348602993e-05, 1.57109789143e-05, 1.08778203867e-05, 3.68199698642e-06, 1.12697641441e-07]
    },
    "erbbands": {
        "max": [0.0571485944092, 0.441028445959, 2.78355622292, 1.38969254494, 0.55728328228, 4.3868098259, 12.3906917572, 38.7830848694, 14.3466596603, 113.151893616, 529.009277344, 2840.2800293, 647.109985352, 541.392944336, 233.948638916, 242.10105896, 207.064422607, 237.083068848, 232.738311768, 174.645202637, 103.333000183, 83.8517379761, 46.0832557678, 22.5239315033, 19.4398670197, 10.7903652191, 10.8527565002, 9.91774082184, 6.75641727448, 6.97856378555, 3.67399001122, 2.79702711105, 2.6181333065, 1.3520835638, 0.524093270302, 0.258080929518, 0.0556115619838, 0.00594455003738, 0.000186317673069, 0.000115508730232],
        "mean": [0.00268694246188, 0.0168886464089, 0.107522271574, 0.0631848424673, 0.062473423779, 0.36942845583, 1.20852196217, 2.14910078049, 2.08789372444, 10.2123060226, 49.0718383789, 171.718002319, 72.4683609009, 31.7421550751, 23.2690658569, 27.1726169586, 24.6933727264, 22.3059959412, 25.3897361755, 18.9738845825, 12.1322231293, 8.58657073975, 6.10667991638, 4.05060958862, 2.36837077141, 1.84450554848, 1.32522153854, 0.679838597775, 0.446346670389, 0.329940021038, 0.269563257694, 0.180736422539, 0.125410333276, 0.0742532014847, 0.0311999507248, 0.00929775834084, 0.00162448105402, 0.000118755197036, 1.06503330244e-05, 1.61792340805e-05],
        "min": [9.65316476927e-13, 1.99249644561e-12, 2.63343132023e-11, 7.62407637023e-11, 4.46332935888e-11, 6.81354139775e-11, 3.23267773661e-10, 2.33063929267e-10, 5.88303683546e-10, 6.08355199549e-10, 8.31031077286e-10, 1.90561921798e-09, 3.73307651458e-09, 5.02076114017e-09, 6.95638258108e-09, 8.61599325219e-09, 7.24591808776e-09, 4.18386880696e-09, 4.15947498666e-09, 6.19507245503e-09, 9.31417964978e-09, 9.10117847752e-09, 9.67164481835e-09, 1.15763159059e-08, 9.38289979047e-09, 1.08701492252e-08, 1.54058934498e-08, 1.0612266621e-08, 1.52336472325e-08, 1.05894475411e-08, 1.14772396032e-08, 1.00437400619e-08, 8.9359426525e-09, 6.77312739228e-09, 4.99604446702e-09, 3.35775163229e-09, 2.01137395628e-09, 8.00208121987e-10, 2.23180515735e-10, 1.79982140303e-11],
        "stdev": [0.00861474685371, 0.0576838925481, 0.393136888742, 0.173604398966, 0.0707673355937, 0.611512899399, 2.09910869598, 4.84726476669, 2.05339980125, 13.9067878723, 69.0255661011, 453.717712402, 108.157737732, 49.7989845276, 32.8116149902, 34.5439682007, 32.147315979, 27.978559494, 30.7911376953, 21.1818294525, 14.0964641571, 10.4314928055, 6.93306493759, 3.95898890495, 2.40481257439, 1.8445520401, 1.38967490196, 0.943791210651, 0.694141089916, 0.569493055344, 0.492749273777, 0.331537783146, 0.247360318899, 0.152399748564, 0.0639810711145, 0.025149198249, 0.00515368161723, 0.000493336876389, 1.73391981662e-05, 2.07397552003e-05]
    },
    "gfcc": {
        "mean": [-115.47277832, 117.841880798, -209.980941772, -15.8203601837, -64.9842071533, -7.63452148438, -19.6471099854, 4.65612316132, -10.0836143494, -3.06250786781, -10.9122219086, -14.7125940323, -0.247614473104],
        "cov": [[6595.37402344, -1907.66296387, 709.615539551, 279.65145874, -787.330749512, 1665.80407715, -533.984375, 962.637207031, 131.82723999, -71.7611465454, -410.337585449, -127.092697144, -307.195739746], [-1907.66296387, 2416.8112793, -756.96295166, -227.17074585, 670.008850098, -1434.01037598, 784.754211426, -728.08404541, 87.4028091431, 79.4541015625, 450.724731445, 41.9574813843, 339.92578125], [709.615539551, -756.96295166, 518.964111328, 147.341171265, -193.394790649, 610.723754883, -219.539657593, 334.094573975, -54.2143135071, 19.5751476288, -164.011077881, -8.84241485596, -139.565353394], [279.65145874, -227.17074585, 147.341171265, 220.036560059, -87.3464508057, 289.939361572, -97.2905654907, 95.5460739136, 29.218214035, -56.5717315674, -20.1157073975, -20.2863826752, -44.9691390991], [-787.330749512, 670.008850098, -193.394790649, -87.3464508057, 353.323944092, -426.949768066, 239.339645386, -189.490280151, -29.3980407715, 79.3735122681, 94.4857177734, 57.4671173096, 71.119468689], [1665.80407715, -1434.01037598, 610.723754883, 289.939361572, -426.949768066, 1161.91479492, -452.249359131, 548.377441406, -3.66187787056, -93.6441802979, -251.624908447, -71.7054367065, -233.820022583], [-533.984375, 784.754211426, -219.539657593, -97.2905654907, 239.339645386, -452.249359131, 412.285766602, -206.575775146, 39.1812896729, 40.8000259399, 134.375946045, 17.7520961761, 89.4361724854], [962.637207031, -728.08404541, 334.094573975, 95.5460739136, -189.490280151, 548.377441406, -206.575775146, 373.239349365, -16.0205020905, -17.5107498169, -145.500350952, -40.6883163452, -109.312599182], [131.82723999, 87.4028091431, -54.2143135071, 29.218214035, -29.3980407715, -3.66187787056, 39.1812896729, -16.0205020905, 140.37298584, -44.6460418701, 45.3708610535, -23.1796741486, 19.6172981262], [-71.7611465454, 79.4541015625, 19.5751476288, -56.5717315674, 79.3735122681, -93.6441802979, 40.8000259399, -17.5107498169, -44.6460418701, 115.162307739, 0.071739025414, 37.6328926086, -3.97323036194], [-410.337585449, 450.724731445, -164.011077881, -20.1157073975, 94.4857177734, -251.624908447, 134.375946045, -145.500350952, 45.3708610535, 0.071739025414, 169.388824463, 5.19031381607, 69.14037323], [-127.092697144, 41.9574813843, -8.84241485596, -20.2863826752, 57.4671173096, -71.7054367065, 17.7520961761, -40.6883163452, -23.1796741486, 37.6328926086, 5.19031381607, 96.3351135254, -1.21608006954], [-307.195739746, 339.92578125, -139.565353394, -44.9691390991, 71.119468689, -233.820022583, 89.4361724854, -109.312599182, 19.6172981262, -3.97323036194, 69.14037323, -1.21608006954, 114.744636536]],
        "icov": [[0.000415269081714, -0.000681050878484, 0.000890311726835, 0.000190397287952, 0.00103760696948, -0.000997499795631, -9.3491462394e-06, -0.00101114739664, -0.000247340998612, -0.000911544135306, 0.000790044374298, -0.000564164307434, 0.000183801093954], [-0.000681050878484, 0.00608255621046, -0.00257410318591, -0.00203829957172, -0.00477417139336, 0.00465096253902, -0.00295254937373, 0.00336683518253, -0.000249325268669, 0.00214914558455, -0.00462100887671, 0.00337569555268, -0.00288980337791], [0.000890311726835, -0.00257410318591, 0.00990310218185, -0.00125854089856, 0.0038096786011, -0.00538726430386, -0.000443754775915, -0.00507612479851, 0.00132208014838, -0.00610146299005, 0.00359896407463, -0.00288351578638, 0.00109574454837], [0.000190397287952, -0.00203829957172, -0.00125854089856, 0.0101189333946, -0.000381826423109, -0.00509417895228, 0.00156716466881, 0.00190812768415, -0.00106541905552, 0.00251370854676, -0.000859092455357, -0.00108196074143, 0.000210698999581], [0.00103760696948, -0.00477417139336, 0.0038096786011, -0.000381826423109, 0.0117703676224, -0.00240403460339, -0.000667074753437, -0.00453906273469, 0.00152423442341, -0.00521605229005, 0.00409055734053, -0.00467259250581, 0.00245136045851], [-0.000997499795631, 0.00465096253902, -0.00538726430386, -0.00509417895228, -0.00240403460339, 0.0124042276293, -0.000152329754201, -0.00170936144423, -0.000531143101398, 0.00495486473665, -0.00315374950878, 0.00320171820931, 0.00245575769804], [-9.3491462394e-06, -0.00295254937373, -0.000443754775915, 0.00156716466881, -0.000667074753437, -0.000152329754201, 0.00738958781585, -0.00104673753958, -0.00148065853864, 4.05601203965e-05, 0.000536500127055, -0.000331258925144, 0.0020701107569], [-0.00101114739664, 0.00336683518253, -0.00507612479851, 0.00190812768415, -0.00453906273469, -0.00170936144423, -0.00104673753958, 0.0145838279277, -0.000443773722509, 0.00150372134522, -0.00155088026077, 0.00427542533726, -0.0029603599105], [-0.000247340998612, -0.000249325268669, 0.00132208014838, -0.00106541905552, 0.00152423442341, -0.000531143101398, -0.00148065853864, -0.000443773722509, 0.0104402415454, 0.00220617139712, -0.00228659971617, 0.000229019351536, -0.000357084354619], [-0.000911544135306, 0.00214914558455, -0.00610146299005, 0.00251370854676, -0.00521605229005, 0.00495486473665, 4.05601203965e-05, 0.00150372134522, 0.00220617139712, 0.0180002823472, -0.00326214358211, -0.00104588014074, 0.00168797164224], [0.000790044374298, -0.00462100887671, 0.00359896407463, -0.000859092455357, 0.00409055734053, -0.00315374950878, 0.000536500127055, -0.00155088026077, -0.00228659971617, -0.00326214358211, 0.0155018046498, -0.00244947429746, -0.000100820303487], [-0.000564164307434, 0.00337569555268, -0.00288351578638, -0.00108196074143, -0.00467259250581, 0.00320171820931, -0.000331258925144, 0.00427542533726, 0.000229019351536, -0.00104588014074, -0.00244947429746, 0.0153047489002, -0.000127630526549], [0.000183801093954, -0.00288980337791, 0.00109574454837, 0.000210698999581, 0.00245136045851, 0.00245575769804, 0.0020701107569, -0.0029603599105, -0.000357084354619, 0.00168797164224, -0.000100820303487, -0.000127630526549, 0.018413323909]]
    },
    "melbands": {
        "max": [0.000481614784803, 0.00107140024193, 0.000240446926909, 0.000120980737847, 0.000451315194368, 0.000749038357753, 0.000255960359937, 0.00221966509707, 0.00456010131165, 0.0175221804529, 0.00355439051054, 0.00282392092049, 0.00107091572136, 0.000873584358487, 0.00101238733623, 0.00033452664502, 0.000516114349011, 0.000268880539807, 0.000645056716166, 0.000152144828462, 0.000108484971861, 9.63812854025e-05, 4.50961342722e-05, 4.09128479077e-05, 1.91112303582e-05, 1.41592754517e-05, 9.96077505988e-06, 9.22896106204e-06, 7.29909334041e-06, 8.76698959473e-06, 4.38582219431e-06, 3.88927674067e-06, 4.31235503129e-06, 3.24183361045e-06, 2.41935958911e-06, 2.04427237804e-06, 1.62450123753e-06, 1.90999094229e-06, 1.84025032013e-06, 1.07120172288e-06],
        "mean": [2.15638701775e-05, 4.07889929193e-05, 1.14591184683e-05, 1.31229426188e-05, 3.99993841711e-05, 4.53319662483e-05, 3.15273355227e-05, 0.000163457312738, 0.000458635622635, 0.00107827130705, 0.000320027640555, 0.000135616457555, 6.85251943651e-05, 8.82826716406e-05, 6.69869259582e-05, 4.84556003357e-05, 3.98556403525e-05, 3.53370996891e-05, 4.54738437838e-05, 1.51469439515e-05, 1.30380267365e-05, 8.88801423571e-06, 6.31993270872e-06, 5.01079966853e-06, 3.09126721731e-06, 1.98143243324e-06, 1.35322284223e-06, 1.21662969832e-06, 9.41041150782e-07, 5.60987814424e-07, 3.24989855471e-07, 2.55297493368e-07, 2.1344833101e-07, 1.7001912056e-07, 1.59979236969e-07, 1.31219167088e-07, 1.01914942263e-07, 8.70907541639e-08, 8.17120664465e-08, 5.6844868368e-08],
        "min": [9.59373232983e-15, 1.05192284801e-14, 1.17132594856e-14, 3.30285357068e-15, 9.90747672162e-15, 5.05545812393e-15, 8.71853723114e-15, 6.61188794077e-15, 7.93222807588e-15, 1.13898656945e-14, 1.90974894319e-14, 2.07943014072e-14, 2.09386104104e-14, 1.90858816924e-14, 1.98660092012e-14, 1.28046148513e-14, 6.89337011816e-15, 6.41277124718e-15, 7.22188083532e-15, 9.55547523973e-15, 1.1334785683e-14, 9.26984048332e-15, 8.21632800858e-15, 9.66117732825e-15, 9.42064961739e-15, 7.57480473609e-15, 6.53550420366e-15, 7.12069851461e-15, 1.05820249617e-14, 6.66871114604e-15, 5.83273240226e-15, 9.87071549171e-15, 5.79016645557e-15, 5.99465460859e-15, 6.94532838969e-15, 5.90563271639e-15, 6.23507178166e-15, 6.27756827166e-15, 5.83771634413e-15, 5.71275865562e-15],
        "stdev": [6.95850758348e-05, 0.000146104546729, 2.94233268505e-05, 1.72000964085e-05, 7.1854548878e-05, 9.64524078881e-05, 3.1472358387e-05, 0.00025641391403, 0.000680144352373, 0.00280052539892, 0.00048093686928, 0.000233797167311, 0.000102127814898, 0.000126543323859, 0.000123845151393, 5.77572718612e-05, 5.49884498469e-05, 4.01359866373e-05, 7.12935216143e-05, 1.86657434824e-05, 1.60699291882e-05, 1.13231553769e-05, 7.95258620201e-06, 5.75676858716e-06, 3.19614287037e-06, 2.10718940252e-06, 1.41322664149e-06, 1.33098762944e-06, 1.00263525837e-06, 8.25144923056e-07, 4.63292877839e-07, 4.08140834907e-07, 3.60596516202e-07, 2.9441883953e-07, 2.98718020986e-07, 2.44048692366e-07, 1.89309687926e-07, 1.6724118268e-07, 1.86710821026e-07, 1.17341592443e-07]
    },
    "melbands128": {
        "max": [6.87533247401e-05, 0.000476809655083, 0.000582722364925, 0.000700431643054, 0.00151485064998, 0.00105650478508, 0.000253790843999, 8.42484878376e-05, 5.49032265553e-05, 8.54475729284e-05, 0.000182529882295, 0.000772573053837, 0.000536507985089, 0.000209885445656, 0.00106130214408, 0.001095112646, 0.000342351122526, 0.000303008710034, 0.000430475192843, 0.000809494813439, 0.00368507299572, 0.00691008940339, 0.00627107126638, 0.00698686251417, 0.0328300260007, 0.0184418726712, 0.00606985064223, 0.00524999527261, 0.00892041902989, 0.00441747438163, 0.00117122207303, 0.00136673403904, 0.00192811712623, 0.000845490896609, 0.00250762328506, 0.000453925924376, 0.000815518258605, 0.00184756796807, 0.000934519455768, 0.000482605362777, 0.000396608404117, 0.000472908403026, 0.00106947228778, 0.000509657722432, 0.000376667303499, 0.000270975404419, 0.000944811617956, 0.00160555681214, 0.000226024916628, 0.000351725029759, 0.000151537184138, 0.000192134946701, 0.000248284719419, 0.000126263752463, 7.94083534856e-05, 0.000140435848152, 0.000199672242161, 7.49026075937e-05, 5.2618146583e-05, 7.07651270204e-05, 6.99783849996e-05, 2.82995006273e-05, 3.12471202051e-05, 2.80327494693e-05, 3.04728382616e-05, 2.28915432672e-05, 1.73303760675e-05, 2.86652466457e-05, 1.20296472232e-05, 1.18531552289e-05, 8.65325455379e-06, 2.24479717872e-05, 2.1636049496e-05, 8.98365851754e-06, 1.08928325062e-05, 1.37958340929e-05, 1.16695773613e-05, 9.33842511586e-06, 2.72705619864e-06, 3.35586855726e-06, 4.26252063335e-06, 4.44408215117e-06, 3.1376912375e-06, 3.8153962123e-06, 5.54777125217e-06, 5.54469716008e-06, 1.95814777726e-06, 2.09298195841e-06, 2.91971264232e-06, 3.52999950337e-06, 2.22998278332e-06, 2.30437171922e-06, 3.03423280457e-06, 1.50831283463e-06, 1.772456244e-06, 2.49299478128e-06, 1.85814087672e-06, 1.89185197996e-06, 2.78001880361e-06, 2.04568891604e-06, 1.09099107704e-06, 1.24759230857e-06, 1.31840147333e-06, 9.18167700092e-07, 7.04834860699e-07, 5.84459655784e-07, 8.32465218537e-07, 6.53145775686e-07, 8.4382395471e-07, 2.83790740241e-07, 3.8661033841e-07, 2.37486375454e-07, 2.01035334157e-07, 1.12896316296e-07, 1.03413135832e-07, 7.25118667333e-08, 5.55064936236e-08, 6.09406658469e-09, 5.98852833988e-09, 5.69631852798e-09, 5.6215272437e-09, 5.53683010551e-09, 5.32695043631e-09, 5.31976240836e-09, 5.31976374063e-09, 5.23791943152e-09, 5.17323206495e-09, 5.14762010795e-09],
        "mean": [2.69166321232e-06, 2.25868006964e-05, 2.78774987237e-05, 2.29719262279e-05, 5.64845940971e-05, 4.27555387432e-05, 1.16939263535e-05, 4.86158296553e-06, 5.20918774782e-06, 7.51154493628e-06, 1.6257943571e-05, 5.09881028847e-05, 4.63940014015e-05, 2.52371883107e-05, 4.83361072838e-05, 6.07775073149e-05, 3.15273755405e-05, 2.29022753047e-05, 3.25259316014e-05, 5.51947887288e-05, 0.000258223561104, 0.00042136842967, 0.000335399818141, 0.000580898602493, 0.00162771111354, 0.00101786700543, 0.000366169086192, 0.000278549006907, 0.000300774874631, 0.000143145152833, 9.53886992647e-05, 7.34891364118e-05, 4.94617197546e-05, 5.5520908063e-05, 0.000153971006512, 6.11906289123e-05, 5.06005962961e-05, 9.22186518437e-05, 5.38657368452e-05, 4.99581619806e-05, 4.81905699417e-05, 4.3862950406e-05, 4.7622837883e-05, 3.16779332934e-05, 2.8112615837e-05, 2.23369079322e-05, 5.67015595152e-05, 7.95982341515e-05, 1.82481453521e-05, 1.54309491336e-05, 1.34918209369e-05, 1.58136153914e-05, 1.82795156434e-05, 9.1576939667e-06, 8.06939988252e-06, 8.98405050975e-06, 1.02541762317e-05, 6.1887199081e-06, 5.48804928258e-06, 4.90137290399e-06, 6.47600199954e-06, 3.36653738486e-06, 3.18774050356e-06, 2.98438180835e-06, 3.30129819304e-06, 1.52912446083e-06, 1.50892412876e-06, 1.77017454916e-06, 1.09693417016e-06, 1.18589764497e-06, 1.15761929464e-06, 1.40834742979e-06, 1.02571880234e-06, 9.46821899106e-07, 6.48498826195e-07, 6.17742898612e-07, 5.08157029344e-07, 3.93656364395e-07, 2.87618178163e-07, 2.73052449984e-07, 2.55785067793e-07, 2.50410948865e-07, 2.44170735186e-07, 2.09367527759e-07, 1.89855896338e-07, 1.79218005769e-07, 1.59331591476e-07, 1.58753152846e-07, 1.64787010704e-07, 1.59776661235e-07, 1.37699288416e-07, 1.24865636053e-07, 1.18616547695e-07, 9.69041735743e-08, 9.72487441686e-08, 9.05904045112e-08, 8.04893289796e-08, 8.68667129339e-08, 9.40006827932e-08, 7.15546875085e-08, 6.05227796768e-08, 5.69789087024e-08, 4.88675588883e-08, 4.44326495597e-08, 3.43751409559e-08, 2.7774065714e-08, 2.42003057593e-08, 1.69900467029e-08, 1.80382428994e-08, 9.94458826398e-09, 9.41282873868e-09, 5.9639364558e-09, 4.27466639863e-09, 2.49077625192e-09, 1.93419746886e-09, 7.82553022383e-10, 4.13075407213e-10, 2.50045713301e-11, 1.68418005236e-11, 1.6257720864e-11, 1.59544304851e-11, 1.57247617705e-11, 1.53374032225e-11, 1.51336373988e-11, 1.4117041737e-11, 1.21744957865e-11, 1.11026170896e-11, 1.09150466443e-11],
        "min": [2.90974655395e-14, 1.17634427996e-14, 2.64073765669e-15, 2.87691055942e-15, 9.55089702665e-15, 1.75853933195e-14, 1.78527118354e-14, 9.21418787759e-15, 3.56461703281e-15, 2.15458712002e-15, 1.9366444839e-15, 1.06552026791e-14, 1.4573984516e-14, 5.64155198387e-15, 5.44816716223e-15, 3.49210995373e-15, 5.88326977603e-15, 1.45643486691e-14, 4.82636366379e-15, 7.65950548972e-15, 5.96621335981e-15, 6.14351344929e-15, 5.1991538753e-15, 1.2980737565e-14, 1.5866211204e-14, 7.86623743302e-15, 1.05750886089e-14, 2.1460281062e-14, 2.55125866315e-14, 2.40828119572e-14, 1.76995767489e-14, 1.43863531656e-14, 1.80279917513e-14, 3.70541881141e-14, 5.81381307435e-15, 1.2105380683e-14, 4.30313743622e-14, 1.01209349536e-14, 1.44613765678e-14, 2.42568619813e-14, 4.88655128392e-15, 1.12046636346e-14, 7.37283227092e-15, 4.33671212819e-15, 6.23623602845e-15, 6.79446208091e-15, 6.27596017961e-15, 7.98502448651e-15, 5.20148194536e-15, 1.10217358582e-14, 8.06212057834e-15, 1.12109376077e-14, 1.36403526142e-14, 7.50042931409e-15, 1.40906539637e-14, 6.86384805533e-15, 1.02282260759e-14, 7.9261794136e-15, 6.59277760693e-15, 8.82186593335e-15, 9.77162110721e-15, 1.14062481587e-14, 9.35020866343e-15, 7.80824024009e-15, 1.07252785619e-14, 8.15446156915e-15, 5.5444379624e-15, 5.84531168856e-15, 6.61244825307e-15, 7.57073558981e-15, 6.08720396951e-15, 6.91210606343e-15, 1.09879146797e-14, 1.18406227477e-14, 1.02105239343e-14, 5.79848728372e-15, 5.61520036537e-15, 5.96557427345e-15, 4.84584711564e-15, 6.09826325518e-15, 1.23275930005e-14, 1.10473204884e-14, 5.82271877876e-15, 5.63892660525e-15, 5.05899363945e-15, 5.15653625959e-15, 6.53282292086e-15, 7.34338008831e-15, 7.39671605893e-15, 6.45027193686e-15, 5.31092495489e-15, 6.44161060145e-15, 5.55676186827e-15, 6.41849591936e-15, 6.55396486323e-15, 5.64489183478e-15, 6.98007156361e-15, 5.94802078617e-15, 5.90190238329e-15, 5.82526580683e-15, 5.19876974586e-15, 5.86696396828e-15, 5.76906474727e-15, 6.36059232356e-15, 5.31846693625e-15, 5.60840038487e-15, 5.28899188375e-15, 5.44320143158e-15, 5.80281646912e-15, 6.01640895578e-15, 6.30120049089e-15, 6.55498087925e-15, 6.12945693753e-15, 7.07818254285e-15, 6.81983114119e-15, 5.36836395311e-15, 6.08802728553e-15, 6.71475501002e-15, 6.71888260157e-15, 7.81241526549e-15, 7.28646201535e-15, 6.40719988797e-15, 5.92320356784e-15, 7.25823803052e-15, 3.79285006045e-15, 2.01300153948e-15, 2.89316226294e-16, 7.64535164196e-18],
        "stdev": [8.54959853314e-06, 7.23519842722e-05, 8.96885758266e-05, 8.16710526124e-05, 0.000209101694054, 0.000153049943037, 3.16769364872e-05, 6.99354586686e-06, 6.87319607096e-06, 1.19726846606e-05, 2.47684383794e-05, 0.000112334688311, 9.04643966351e-05, 3.37748060701e-05, 0.000122075318359, 0.000151329149958, 3.89316155633e-05, 2.78942079603e-05, 4.37718481408e-05, 7.58180613047e-05, 0.000470226223115, 0.000751561194193, 0.00076675217133, 0.00112943910062, 0.00506480550393, 0.00257798563689, 0.000654295319691, 0.000516896951012, 0.000652436574455, 0.000360414618626, 0.000144933510455, 0.000130990374601, 0.0001346989593, 0.000106950035843, 0.000306085508782, 7.9481760622e-05, 9.16330318432e-05, 0.000219831374125, 0.00010719558486, 7.08670704626e-05, 6.39342833892e-05, 6.48766435916e-05, 9.33494447963e-05, 4.73685868201e-05, 4.17024857597e-05, 3.6285196984e-05, 0.000105361104943, 0.000159035509569, 2.36749601754e-05, 2.69768734142e-05, 2.01667207875e-05, 2.22172420763e-05, 2.91970573016e-05, 1.46674910866e-05, 1.23321678984e-05, 1.37916695166e-05, 1.69469676621e-05, 1.03223610495e-05, 8.11310565041e-06, 7.65798540669e-06, 9.69787288341e-06, 4.16186639995e-06, 4.28803286923e-06, 4.06140816267e-06, 4.42549799118e-06, 2.18629111259e-06, 2.04126581593e-06, 2.27880923376e-06, 1.43572492561e-06, 1.47138143802e-06, 1.32549689624e-06, 2.12673421629e-06, 1.64270943515e-06, 1.08912161068e-06, 9.31084741751e-07, 1.02097385479e-06, 9.31541705995e-07, 6.71186285217e-07, 4.25549330885e-07, 4.42100656528e-07, 4.54461286381e-07, 4.27558205729e-07, 4.25504879331e-07, 3.7405240505e-07, 3.80429497682e-07, 3.79853304366e-07, 2.75659715498e-07, 2.85234534658e-07, 3.3416711176e-07, 3.59629893865e-07, 2.72249366162e-07, 2.52672236911e-07, 2.74508749953e-07, 1.82374989777e-07, 1.89001966078e-07, 1.90630530028e-07, 1.59100849828e-07, 1.90436878711e-07, 2.5311098284e-07, 1.64264676528e-07, 1.31448686602e-07, 1.2469283206e-07, 1.09849530361e-07, 9.99575533456e-08, 7.77548478936e-08, 6.58882157722e-08, 6.87724011073e-08, 4.87939182392e-08, 7.13174657108e-08, 2.95660047556e-08, 3.59481013845e-08, 2.12857091952e-08, 1.63165623235e-08, 1.04076791629e-08, 9.32346289062e-09, 5.48509815346e-09, 3.79771547543e-09, 2.772017893e-10, 2.54902265961e-10, 2.42454750721e-10, 2.39273906244e-10, 2.35667957371e-10, 2.26726609709e-10, 2.26427140926e-10, 2.26469260012e-10, 2.23057919357e-10, 2.20342646906e-10, 2.19257390022e-10]
    },
    "mfcc": {
        "mean": [-730.280822754, 151.305526733, -82.0076522827, -12.4351511002, -30.2552947998, -16.0074253082, -5.44768810272, -4.49619197845, 3.64349603653, 9.73214435577, -2.09130764008, -0.907392680645, -6.46519327164],
        "cov": [[5074.44042969, -1994.86047363, 1152.72570801, -888.270935059, 314.615997314, 351.34866333, -193.775161743, 771.242248535, 443.86630249, 250.952301025, 369.095062256, 133.460144043, -175.027938843], [-1994.86047363, 2368.62231445, -1144.39624023, 871.95501709, -462.579589844, -332.306152344, 289.220123291, -578.000793457, -256.418548584, -70.0105209351, -276.848876953, 15.6674194336, 181.647796631], [1152.72570801, -1144.39624023, 821.551757812, -442.016265869, 262.037200928, 211.818466187, -85.3655090332, 339.104003906, 172.563873291, 62.214302063, 166.179153442, 36.4289131165, -78.52003479], [-888.270935059, 871.95501709, -442.016265869, 434.755554199, -180.164169312, -91.1138458252, 90.5099639893, -219.631820679, -115.570518494, -42.7983283997, -112.793128967, -13.6565475464, 81.8447647095], [314.615997314, -462.579589844, 262.037200928, -180.164169312, 254.112167358, 59.9369239807, -21.1762046814, 120.047897339, 61.7829589844, 12.3837184906, 48.7690925598, 17.9069366455, -27.4103450775], [351.34866333, -332.306152344, 211.818466187, -91.1138458252, 59.9369239807, 178.832473755, -39.0400657654, 133.014465332, 29.2636737823, 13.5410013199, 71.9058914185, -19.7617778778, -16.0380764008], [-193.775161743, 289.220123291, -85.3655090332, 90.5099639893, -21.1762046814, -39.0400657654, 200.989456177, -56.4884185791, 3.38703584671, 1.88976490498, -5.74099445343, 22.6049385071, 29.7645320892], [771.242248535, -578.000793457, 339.104003906, -219.631820679, 120.047897339, 133.014465332, -56.4884185791, 289.08706665, 87.7226028442, 58.599319458, 109.116874695, -14.2822465897, -41.3779678345], [443.86630249, -256.418548584, 172.563873291, -115.570518494, 61.7829589844, 29.2636737823, 3.38703584671, 87.7226028442, 145.22076416, 21.7430591583, 53.391960144, 12.6328601837, -36.8032684326], [250.952301025, -70.0105209351, 62.214302063, -42.7983283997, 12.3837184906, 13.5410013199, 1.88976490498, 58.599319458, 21.7430591583, 77.2816925049, 29.0974273682, 14.1264667511, -17.8211612701], [369.095062256, -276.848876953, 166.179153442, -112.793128967, 48.7690925598, 71.9058914185, -5.74099445343, 109.116874695, 53.391960144, 29.0974273682, 122.183586121, 6.11137151718, -21.5501976013], [133.460144043, 15.6674194336, 36.4289131165, -13.6565475464, 17.9069366455, -19.7617778778, 22.6049385071, -14.2822465897, 12.6328601837, 14.1264667511, 6.11137151718, 75.5493240356, 7.99001312256], [-175.027938843, 181.647796631, -78.52003479, 81.8447647095, -27.4103450775, -16.0380764008, 29.7645320892, -41.3779678345, -36.8032684326, -17.8211612701, -21.5501976013, 7.99001312256, 82.8872833252]],
        "icov": [[0.000502729380969, 0.000116884868476, 0.000182333373232, 0.000430396816228, 0.000403161393479, -0.000305696128635, 0.000124120808323, -0.0007654253277, -0.000747054175008, -0.000527075724676, 8.71838565217e-05, -0.00105064956006, -0.000120414464618], [0.000116884868476, 0.00339809781872, 0.00176063156687, -0.00338231213391, 0.00126646354329, 0.000658315606415, -0.00175425584894, 0.000571913900785, -0.000241104775341, -0.0014086435549, 0.000718913099263, -0.00153573183343, -0.000805814866908], [0.000182333373232, 0.00176063156687, 0.00558795686811, 0.00083586195251, -0.000412918190705, -0.00249693379737, -0.000805540475994, -0.0015294814948, -0.00175630394369, -0.00055821420392, 0.000551458215341, -0.00342492433265, -0.000525494571775], [0.000430396816228, -0.00338231213391, 0.00083586195251, 0.0110530527309, 0.00058645894751, -0.00334198959172, 0.000382358557545, 6.48322384222e-05, -0.000258183194092, 0.000388178275898, 0.00142670806963, 0.000494465290103, -0.00206657545641], [0.000403161393479, 0.00126646354329, -0.000412918190705, 0.00058645894751, 0.00713473092765, -4.21105687565e-05, -0.00112837739289, -0.00131716753822, -0.000697744311765, 0.000408371561207, 0.00129674258642, -0.00229929294437, -0.000458670343505], [-0.000305696128635, 0.000658315606415, -0.00249693379737, -0.00334198959172, -4.21105687565e-05, 0.011795562692, 0.000341995822964, -0.00228539225645, 0.00223087728955, 0.00155916623771, -0.00366331241094, 0.0032051128801, -8.45312752062e-05], [0.000124120808323, -0.00175425584894, -0.000805540475994, 0.000382358557545, -0.00112837739289, 0.000341995822964, 0.00731384102255, 0.000214881933061, -0.0015783313429, -0.00033438144601, -0.00188931205776, -0.000596682948526, -0.00106655794661], [-0.0007654253277, 0.000571913900785, -0.0015294814948, 6.48322384222e-05, -0.00131716753822, -0.00228539225645, 0.000214881933061, 0.0121467374265, -0.000342657906003, -0.00460810819641, -0.00250989454798, 0.0052173868753, -0.00157217343803], [-0.000747054175008, -0.000241104775341, -0.00175630394369, -0.000258183194092, -0.000697744311765, 0.00223087728955, -0.0015783313429, -0.000342657906003, 0.0119569916278, 0.00145283609163, -0.0020004643593, 0.000883425527718, 0.00315487082116], [-0.000527075724676, -0.0014086435549, -0.00055821420392, 0.000388178275898, 0.000408371561207, 0.00155916623771, -0.00033438144601, -0.00460810819641, 0.00145283609163, 0.0188842397183, -0.00176982069388, -0.00293509732001, 0.00384643464349], [8.71838565217e-05, 0.000718913099263, 0.000551458215341, 0.00142670806963, 0.00129674258642, -0.00366331241094, -0.00188931205776, -0.00250989454798, -0.0020004643593, -0.00176982069388, 0.0152634056285, -0.0020300890319, -0.000236944062635], [-0.00105064956006, -0.00153573183343, -0.00342492433265, 0.000494465290103, -0.00229929294437, 0.0032051128801, -0.000596682948526, 0.0052173868753, 0.000883425527718, -0.00293509732001, -0.0020300890319, 0.0205459482968, -0.00265428074636], [-0.000120414464618, -0.000805814866908, -0.000525494571775, -0.00206657545641, -0.000458670343505, -8.45312752062e-05, -0.00106655794661, -0.00157217343803, 0.00315487082116, 0.00384643464349, -0.000236944062635, -0.00265428074636, 0.0169712211937]]
    },
    "spectral_contrast_coeffs": {
        "max": [-0.494211196899, -0.43847116828, -0.607614457607, -0.650786161423, -0.712335467339, -0.585993885994],
        "mean": [-0.731821298599, -0.739087104797, -0.753645658493, -0.799321949482, -0.804309725761, -0.748718082905],
        "min": [-0.966841638088, -0.951054036617, -0.947377443314, -0.953551590443, -0.959296584129, -0.959819674492],
        "stdev": [0.0733913183212, 0.0930109918118, 0.0573290288448, 0.0517618432641, 0.0265075564384, 0.0596414096653]
    },
    "spectral_contrast_valleys": {
        "max": [-6.76615571976, -5.69003868103, -4.98549461365, -5.82387781143, -6.63937616348, -9.18686771393],
        "mean": [-8.85371780396, -6.91203975677, -6.99865198135, -7.43115234375, -8.09304904938, -12.3544845581],
        "min": [-26.8807010651, -27.5364227295, -27.4989967346, -27.3549251556, -27.1889266968, -27.3006362915],
        "stdev": [1.01551401615, 0.996553122997, 1.04847514629, 1.10319781303, 1.00201821327, 2.00575351715]
    }
},
"rhythm": {
    "beats_count": 27,
    "beats_loudness": {
        "max": 0.0850515961647,
        "mean": 0.0161983873695,
        "min": 0.00122583855409,
        "stdev": 0.0206703599542
    },
    "bpm": 126.8358078,
    "bpm_histogram_first_peak_bpm": 126,
    "bpm_histogram_first_peak_weight": 0.25,
    "bpm_histogram_second_peak_bpm": 133,
    "bpm_histogram_second_peak_spread": 0.307692289352,
    "bpm_histogram_second_peak_weight": 0.346153855324,
    "danceability": 0.791010081768,
    "onset_rate": 3.05657839775,
    "beats_loudness_band_ratio": {
        "max": [0.0562176294625, 0.158088386059, 0.940709471703, 0.804687380791, 0.516499042511, 0.038100913167],
        "mean": [0.0067941150628, 0.0415893830359, 0.476625949144, 0.331737458706, 0.168159127235, 0.0145737603307],
        "min": [0.000244802824454, 0.000509511679411, 0.0971766710281, 0.0480660796165, 0.0124883819371, 0.00164629903156],
        "stdev": [0.0112567627802, 0.0434723906219, 0.208318084478, 0.183365136385, 0.129659727216, 0.00993560068309]
    },
    "beats_position": [0.441179126501, 0.905578196049, 1.369977355, 1.82276642323, 2.27555561066, 2.72834467888, 3.1811337471, 3.62231278419, 4.06349182129, 4.51628112793, 4.96907043457, 5.42185926437, 5.87464857101, 6.31582736969, 6.7570066452, 7.18657588959, 7.63936471939, 8.10376358032, 8.57977294922, 9.05578231812, 9.53179073334, 10.0078001022, 10.4838094711, 10.95981884, 11.4358272552, 11.9118366241, 12.387845993],
