{
"metadata": {
    "version": {
        "essentia": "2.1-beta5",
        "essentia_git_sha": "Undefined",
        "extractor": "music 2.0"
    },
    "audio_properties": {
        "analysis": {
            "equal_loudness": 0,
            "length": 12.7477550507,
            "sample_rate": 44100,
            "start_time": 0,
            "downmix": "mix"
        },
        "bit_rate": 192000,
        "length": 194.165267944,
        "lossless": 0,
        "number_channels": 2,
        "replay_gain": 10.5242519379,
        "sample_rate": 48000,
        "codec": "mp3",
        "md5_encoded": "858c4ae4ce87a2c4a7b49a5e1a6d10ee"
    },
    "tags": {
        "file_name": "Malta_Breathlessly_Claudia Faniello.mp3",
        "encoding": ["Lavf58.29.100"]
    }
},
"lowlevel": {
    "average_loudness": 0.604672133923,
    "barkbands_crest": {
        "max": 20.3683891296,
        "mean": 11.3615055084,
        "min": 4.06162834167,
        "stdev": 4.00009679794
    },
    "barkbands_flatness_db": {
        "max": 0.371281325817,
        "mean": 0.219844728708,
        "min": 0.0848871469498,
        "stdev": 0.0784502178431
    },
    "barkbands_kurtosis": {
        "max": 19.4024677277,
        "mean": 3.53152441978,
        "min": -0.807068586349,
        "stdev": 2.75393533707
    },
    "barkbands_skewness": {
        "max": 3.73707938194,
        "mean": 1.14358711243,
        "min": -0.760633945465,
        "stdev": 0.850912153721
    },
    "barkbands_spread": {
        "max": 26.0693626404,
        "mean": 7.20609521866,
        "min": 2.32367944717,
        "stdev": 3.18733143806
    },
    "dissonance": {
        "max": 0.500000119209,
        "mean": 0.460031539202,
        "min": 0.305944830179,
        "stdev": 0.0351914949715
    },
    "dynamic_complexity": 3.08947014809,
    "erbbands_crest": {
        "max": 23.0592384338,
        "mean": 10.8567056656,
        "min": 4.49663496017,
        "stdev": 3.646702528
    },
    "erbbands_flatness_db": {
        "max": 0.410626828671,
        "mean": 0.285073637962,
        "min": 0.167888909578,
        "stdev": 0.0495993606746
    },
    "erbbands_kurtosis": {
        "max": 10.3638916016,
        "mean": 1.33227467537,
        "min": -1.29847574234,
        "stdev": 1.78831756115
    },
    "erbbands_skewness": {
        "max": 2.25088429451,
        "mean": 0.929075956345,
        "min": -0.557093024254,
        "stdev": 0.478066623211
    },
    "erbbands_spread": {
        "max": 27.8916969299,
        "mean": 14.1285972595,
        "min": 5.24667692184,
        "stdev": 4.18162345886
    },
    "hfc": {
        "max": 87.3164367676,
        "mean": 16.3514118195,
        "min": 0.973189651966,
        "stdev": 16.4445762634
    },
    "loudness_ebu128": {
        "integrated": -33.2347145081,
        "loudness_range": 5.38109970093,
        "momentary": {
            "max": -27.5074157715,
            "mean": -34.1431121826,
            "min": -39.9415664673,
            "stdev": 2.67038273811
        },
        "short_term": {
            "max": -29.9303531647,
            "mean": -34.2060699463,
            "min": -36.6264953613,
            "stdev": 1.6289331913
        }
    },
    "melbands_crest": {
        "max": 28.0091304779,
        "mean": 13.4834117889,
        "min": 4.6517162323,
        "stdev": 5.34526348114
    },
    "melbands_flatness_db": {
        "max": 0.503073871136,
        "mean": 0.27676436305,
        "min": 0.09765394032,
        "stdev": 0.119123265147
    },
    "melbands_kurtosis": {
        "max": 32.9598922729,
        "mean": 5.34678220749,
        "min": -0.977163791656,
        "stdev": 4.81304073334
    },
    "melbands_skewness": {
        "max": 4.87733840942,
        "mean": 1.28091216087,
        "min": -0.523018598557,
        "stdev": 1.1005616188
    },
    "melbands_spread": {
        "max": 35.1452102661,
        "mean": 11.690117836,
        "min": 2.61495137215,
        "stdev": 6.02155256271
    },
    "pitch_salience": {
        "max": 0.862439215183,
        "mean": 0.630554437637,
        "min": 0.274413824081,
        "stdev": 0.122295677662
    },
    "silence_rate_20dB": {
        "max": 1,
        "mean": 1,
        "min": 1,
        "stdev": 0
    },
    "silence_rate_30dB": {
        "max": 1,
        "mean": 0.998181819916,
        "min": 0,
        "stdev": 0.0426010414958
    },
    "silence_rate_60dB": {
        "max": 1,
        "mean": 0.0218181814998,
        "min": 0,
        "stdev": 0.146089300513
    },
    "spectral_centroid": {
        "max": 1761.62854004,
        "mean": 885.563720703,
        "min": 302.398345947,
        "stdev": 415.041748047
    },
    "spectral_complexity": {
        "max": 41,
        "mean": 19.1545448303,
        "min": 3,
        "stdev": 9.0607881546
    },
    "spectral_decrease": {
        "max": -2.61359739406e-10,
        "mean": -4.90567186873e-09,
        "min": -2.99289730776e-08,
        "stdev": 4.33273728007e-09
    },
    "spectral_energy": {
        "max": 0.120878852904,
        "mean": 0.0199982691556,
        "min": 0.00107470201328,
        "stdev": 0.0177598558366
    },
    "spectral_energyband_high": {
        "max": 0.00167309155222,
        "mean": 0.00010524973186,
        "min": 1.49605021704e-08,
        "stdev": 0.000167992460774
    },
    "spectral_energyband_low": {
        "max": 0.0208909269422,
        "mean": 0.00124101666734,
        "min": 5.4242045735e-06,
        "stdev": 0.00289366743527
    },
    "spectral_energyband_middle_high": {
        "max": 0.0481948368251,
        "mean": 0.00870634336025,
        "min": 0.00016573924222,
        "stdev": 0.00947957951576
    },
    "spectral_energyband_middle_low": {
        "max": 0.0831104815006,
        "mean": 0.0105612138286,
        "min": 0.000149342755321,
        "stdev": 0.0106398519129
    },
    "spectral_entropy": {
        "max": 8.0725440979,
        "mean": 6.94141578674,
        "min": 5.59150838852,
        "stdev": 0.701733589172
    },
    "spectral_flux": {
        "max": 0.251646518707,
        "mean": 0.0651515722275,
        "min": 0.0108348811045,
        "stdev": 0.042376331985
    },
    "spectral_kurtosis": {
        "max": 134.257492065,
        "mean": 24.2895793915,
        "min": 1.90802192688,
        "stdev": 25.7243385315
    },
    "spectral_rms": {
        "max": 0.0108595853671,
        "mean": 0.0040874411352,
        "min": 0.00102395797148,
        "stdev": 0.00167431624141
    },
    "spectral_rolloff": {
        "max": 1937.98828125,
        "mean": 1002.23486328,
        "min": 301.46484375,
        "stdev": 420.514678955
    },
    "spectral_skewness": {
        "max": 8.88433265686,
        "mean": 3.01117157936,
        "min": 1.29556941986,
        "stdev": 1.53204095364
    },
    "spectral_spread": {
        "max": 4921189.5,
        "mean": 2094943.375,
        "min": 627317.875,
        "stdev": 867589.625
    },
    "spectral_strongpeak": {
        "max": 11.4769077301,
        "mean": 1.34551894665,
        "min": 0.0592649057508,
        "stdev": 1.12231481075
    },
    "zerocrossingrate": {
        "max": 0.130859375,
        "mean": 0.0395880676806,
        "min": 0.01220703125,
        "stdev": 0.0172931142151
    },
    "barkbands": {
        "max": [0.000399497104809, 0.00984493270516, 0.0106648858637, 0.0113466028124, 0.0153985517099, 0.0128216091543, 0.0281204599887, 0.013227045536, 0.0683993175626, 0.0249601472169, 0.0292226988822, 0.0138879176229, 0.00818186346442, 0.00650115311146, 0.00337925250642, 0.00288337212987, 0.00379502633587, 0.00151493749581, 0.00260266219266, 0.000443627272034, 0.000284981360892, 0.0007382267504, 0.000533907266799, 0.000407237006584, 0.000118443800602, 6.71645248076e-05, 2.57347733168e-06],
        "mean": [3.76797434001e-05, 0.000390174536733, 0.000623160914984, 0.000275928585324, 0.0022734340746, 0.00120660569519, 0.000757807865739, 0.00115801393986, 0.00393478712067, 0.00348421023227, 0.00207657762803, 0.00119554542471, 0.000828087504487, 0.000505239178892, 0.000391382112866, 0.000269584939815, 0.000194767286303, 0.000140923759318, 0.000123764868476, 4.91625614814e-05, 3.16428922815e-05, 1.90729479073e-05, 1.44362265928e-05, 1.02214462459e-05, 4.90700995215e-06, 1.15318675853e-06, 1.419203155e-08],
        "min": [1.99765626263e-08, 8.07391359103e-07, 8.85711187948e-07, 3.93703658119e-07, 1.14711920105e-05, 1.44521527545e-05, 4.92541721542e-06, 3.9834180825e-06, 9.36152628128e-06, 5.8361124502e-06, 6.3267166297e-06, 7.18751698514e-06, 1.08821350295e-05, 2.67956534117e-06, 1.50578011926e-06, 1.41664099829e-06, 5.04673948853e-07, 2.04105688795e-07, 1.74003901066e-07, 5.53932322234e-09, 1.06734254768e-09, 9.57754875408e-10, 1.14620823943e-09, 1.4632443035e-09, 2.15102713419e-09, 1.5163718059e-09, 1.09395748016e-09],
        "stdev": [6.3167004555e-05, 0.00120305817109, 0.00153818028048, 0.000839896965772, 0.00305979838595, 0.00157404679339, 0.00186451070476, 0.00160582235549, 0.0081386808306, 0.00449738837779, 0.00381121807732, 0.00165372248739, 0.00116448290646, 0.000670211040415, 0.000512922822963, 0.00035969610326, 0.00032703918987, 0.00020295624563, 0.000301669322653, 6.5423300839e-05, 4.65119628643e-05, 4.56814741483e-05, 3.15567594953e-05, 2.4772460165e-05, 1.17643503472e-05, 5.05297884956e-06, 1.40808680271e-07]
    },
    "erbbands": {
        "max": [0.337117820978, 2.18636131287, 11.3935022354, 34.1741371155, 26.8615875244, 35.8855247498, 194.03894043, 80.5068283081, 506.801605225, 104.587486267, 824.91015625, 1309.29248047, 1032.47595215, 1017.13568115, 527.06463623, 474.782440186, 305.535858154, 266.60333252, 229.787017822, 170.083374023, 223.786361694, 180.270263672, 73.4616470337, 105.140312195, 77.1141204834, 21.2701644897, 15.5815105438, 13.0622224808, 26.2499523163, 24.032699585, 12.4227981567, 6.7984790802, 7.08296012878, 2.00997424126, 0.577189683914, 0.29987514019, 0.164234802127, 0.010534840636, 0.000230285440921, 0.000141660071677],
        "mean": [0.0152702275664, 0.0824700817466, 0.558978736401, 1.05789721012, 2.55631661415, 6.01635503769, 17.4047603607, 7.70063829422, 11.6367006302, 10.7038564682, 42.6802482605, 80.371925354, 106.028297424, 107.94026947, 63.040058136, 48.8764572144, 38.0646896362, 29.6157627106, 21.8505973816, 18.8085765839, 14.3162097931, 10.9141187668, 8.02360725403, 7.23609733582, 4.41868877411, 2.33364701271, 1.59083592892, 1.05180764198, 0.721167206764, 0.523635983467, 0.40522429347, 0.233477503061, 0.160789206624, 0.0734680742025, 0.0249528232962, 0.00726116867736, 0.00187708181329, 0.00014827286941, 1.43136421684e-05, 2.38043794525e-05],
        "min": [4.135877316e-05, 0.00021211974672, 0.0011790106073, 0.00266455742531, 0.024446664378, 0.0400870740414, 0.0838596895337, 0.151657730341, 0.132339820266, 0.116315945983, 0.133750170469, 0.293013930321, 0.459780424833, 0.532606005669, 0.416924327612, 0.303358882666, 0.936734497547, 0.332613289356, 0.0805498808622, 0.109246090055, 0.100102268159, 0.0324269160628, 0.0186416637152, 0.0137026514858, 0.00368771911599, 0.000606456829701, 8.42122608447e-05, 4.59655238956e-05, 3.92389592889e-05, 3.99654672947e-05, 3.60574667866e-05, 3.43053980032e-05, 2.75185720966e-05, 2.67247796728e-05, 1.90112077689e-05, 1.09411621452e-05, 4.76983086628e-06, 1.48654316945e-06, 1.25267069961e-06, 1.32903051053e-06],
        "stdev": [0.047321870923, 0.250276148319, 1.45852196217, 2.91793727875, 4.07250642776, 7.61290645599, 26.884759903, 8.03140830994, 32.6830711365, 13.4701824188, 75.8877029419, 162.217453003, 155.01423645, 152.772537231, 87.2403717041, 63.9101028442, 48.8517227173, 36.1742324829, 28.4864082336, 24.0256767273, 20.4078521729, 16.6718158722, 11.2538690567, 14.3158626556, 8.97887134552, 3.07031416893, 2.18172717094, 1.69007945061, 1.63474357128, 1.48078560829, 0.802049100399, 0.482763648033, 0.416292309761, 0.179089829326, 0.0624208822846, 0.0250508058816, 0.0106538757682, 0.000908131187316, 2.19653193199e-05, 2.1359672246e-05]
    },
    "gfcc": {
        "mean": [-90.8404541016, 162.756408691, -168.277420044, -15.2635746002, -54.8689842224, -2.48479008675, -26.9385509491, -5.53203010559, -19.2138118744, -12.9380493164, -6.67577028275, -12.5101356506, 2.43808317184],
        "cov": [[7594.59570312, -4284.12939453, -1762.39306641, 1665.88366699, -1568.04138184, 2215.88354492, 514.92364502, 1564.94628906, 616.908752441, 113.913650513, 29.6483097076, 221.500946045, 107.55519104], [-4284.12939453, 3477.10717773, 1340.7052002, -1003.33447266, 1272.75622559, -1569.09716797, -155.594024658, -1060.20788574, -304.320404053, -117.050498962, -41.6453742981, -247.867630005, -117.167900085], [-1762.39306641, 1340.7052002, 866.093322754, -481.261962891, 559.483276367, -611.494567871, -184.952407837, -373.303771973, -237.740768433, 19.5475978851, -72.2610321045, -58.3107299805, -117.058120728], [1665.88366699, -1003.33447266, -481.261962891, 574.45324707, -416.303283691, 538.939331055, 172.687179565, 301.63079834, 183.865600586, -31.2493591309, 18.503578186, 29.0963001251, 44.1810874939], [-1568.04138184, 1272.75622559, 559.483276367, -416.303283691, 569.403198242, -563.81036377, -86.9644699097, -339.92755127, -149.452423096, -12.3355302811, -35.4096374512, -81.7505340576, -64.6627426147], [2215.88354492, -1569.09716797, -611.494567871, 538.939331055, -563.81036377, 843.097900391, 111.522003174, 544.803039551, 192.279663086, 9.38918495178, 51.6288833618, 75.9845581055, 30.2832927704], [514.92364502, -155.594024658, -184.952407837, 172.687179565, -86.9644699097, 111.522003174, 186.633041382, 69.1620635986, 81.6862335205, -9.30453014374, -10.4459209442, -7.19322824478, 1.36210262775], [1564.94628906, -1060.20788574, -373.303771973, 301.63079834, -339.92755127, 544.803039551, 69.1620635986, 474.667755127, 106.784126282, 41.198387146, 38.5931015015, 38.8711166382, 10.1636295319], [616.908752441, -304.320404053, -237.740768433, 183.865600586, -149.452423096, 192.279663086, 81.6862335205, 106.784126282, 170.477935791, -21.2944831848, 35.9983978271, -4.93536233902, 17.1167316437], [113.913650513, -117.050498962, 19.5475978851, -31.2493591309, -12.3355302811, 9.38918495178, -9.30453014374, 41.198387146, -21.2944831848, 114.135490417, -30.7813282013, 38.2143592834, -1.52662336826], [29.6483097076, -41.6453742981, -72.2610321045, 18.503578186, -35.4096374512, 51.6288833618, -10.4459209442, 38.5931015015, 35.9983978271, -30.7813282013, 91.162399292, -8.54643154144, 16.5326385498], [221.500946045, -247.867630005, -58.3107299805, 29.0963001251, -81.7505340576, 75.9845581055, -7.19322824478, 38.8711166382, -4.93536233902, 38.2143592834, -8.54643154144, 97.0064926147, 10.3305835724], [107.55519104, -117.167900085, -117.058120728, 44.1810874939, -64.6627426147, 30.2832927704, 1.36210262775, 10.1636295319, 17.1167316437, -1.52662336826, 16.5326385498, 10.3305835724, 88.1760025024]],
        "icov": [[0.00107166112866, -0.000510886195116, 0.000210245387279, -0.00115390308201, 0.000554543337785, -0.00101071037352, -0.000179632159416, -0.00204859627411, -0.000639965932351, -0.000497196044307, 0.0014893343905, -0.000898098573089, -0.000194479493075], [-0.000510886195116, 0.0145348487422, -0.00823890045285, 0.00338511262089, -0.0113107962534, 0.00897167343646, -0.00941706262529, 0.00946564786136, -0.00556239765137, 0.0050728362985, -0.00972115714103, 0.00847088173032, -0.00302029680461], [0.000210245387279, -0.00823890045285, 0.010587355122, -0.00300431554206, 0.00297079561278, -0.00364537048154, 0.0087505383417, -0.00505012553185, 0.00561758270487, -0.00372276082635, 0.00646108342335, -0.00459577841684, 0.00640587694943], [-0.00115390308201, 0.00338511262089, -0.00300431554206, 0.00964973587543, -0.000620760605671, -0.00192321452778, -0.00591135350987, 0.00564144551754, -0.00228484766558, 0.00318279955536, -0.0017981302226, 0.00364482635632, -0.00286271004006], [0.000554543337785, -0.0113107962534, 0.00297079561278, -0.000620760605671, 0.0175579898059, -0.00451812241226, 0.00496631441638, -0.00812838599086, 0.00354214105755, -0.00309025123715, 0.00725517747924, -0.00443755602464, 0.00225507980213], [-0.00101071037352, 0.00897167343646, -0.00364537048154, -0.00192321452778, -0.00451812241226, 0.0182454623282, -0.00234137661755, -0.00142077798955, -0.00391236739233, 0.00518684322014, -0.00655328575522, 0.00292033376172, 0.00163481081836], [-0.000179632159416, -0.00941706262529, 0.0087505383417, -0.00591135350987, 0.00496631441638, -0.00234137661755, 0.0173562578857, -0.00669958582148, 0.00236695073545, -0.00361060397699, 0.00831328611821, -0.00496375281364, 0.0057355412282], [-0.00204859627411, 0.00946564786136, -0.00505012553185, 0.00564144551754, -0.00812838599086, -0.00142077798955, -0.00669958582148, 0.0195379070938, -0.000861898413859, -0.000260853790678, -0.0102227181196, 0.00934781134129, -0.00109133729711], [-0.000639965932351, -0.00556239765137, 0.00561758270487, -0.00228484766558, 0.00354214105755, -0.00391236739233, 0.00236695073545, -0.000861898413859, 0.0149372601882, -0.00251959566958, -0.000599911494646, -0.00076597428415, 0.00325480126776], [-0.000497196044307, 0.0050728362985, -0.00372276082635, 0.00318279955536, -0.00309025123715, 0.00518684322014, -0.00361060397699, -0.000260853790678, -0.00251959566958, 0.0153341554105, 0.000874899968039, -0.00176659214776, -0.00235389079899], [0.0014893343905, -0.00972115714103, 0.00646108342335, -0.0017981302226, 0.00725517747924, -0.00655328575522, 0.00831328611821, -0.0102227181196, -0.000599911494646, 0.000874899968039, 0.0233231335878, -0.00616061966866, -0.000154265057063], [-0.000898098573089, 0.00847088173032, -0.00459577841684, 0.00364482635632, -0.00443755602464, 0.00292033376172, -0.00496375281364, 0.00934781134129, -0.00076597428415, -0.00176659214776, -0.00616061966866, 0.0203280914575, -0.00194224109873], [-0.000194479493075, -0.00302029680461, 0.00640587694943, -0.00286271004006, 0.00225507980213, 0.00163481081836, 0.0057355412282, -0.00109133729711, 0.00325480126776, -0.00235389079899, -0.000154265057063, -0.00194224109873, 0.0182166863233]]
    },
    "melbands": {
        "max": [0.00277213170193, 0.00450649717823, 0.00521766534075, 0.00201784144156, 0.00598718831316, 0.00257963384502, 0.00653572008014, 0.00173310155515, 0.00996536575258, 0.00710323918611, 0.00491672195494, 0.00425768876448, 0.00261941202916, 0.00181788951159, 0.00111304281745, 0.000895370205399, 0.000504848663695, 0.000404062215239, 0.000251794030191, 0.000164576616953, 0.000310558563797, 0.000246060051722, 7.39928800613e-05, 8.59113715705e-05, 9.60520628723e-05, 0.000120764809253, 2.87587208732e-05, 1.38978948598e-05, 1.36561702675e-05, 8.41422206577e-06, 8.01483020041e-06, 1.51440353875e-05, 1.45002177305e-05, 1.4229680346e-05, 8.78810260474e-06, 2.14495207729e-06, 5.26577150595e-06, 5.27537577e-06, 3.6327980979e-06, 1.79007656698e-06],
        "mean": [0.000119258256746, 0.00022614718182, 0.000208306126297, 0.000312741845846, 0.000574644713197, 0.000192559688003, 0.000160796858836, 0.000135037509608, 0.000425474223448, 0.000518028973602, 0.000537526153494, 0.000451644562418, 0.000248990807449, 0.000135292983032, 0.00011354941671, 7.18489827705e-05, 5.271444752e-05, 3.50301124854e-05, 2.92479217023e-05, 2.05220731004e-05, 1.58813018061e-05, 1.18606812975e-05, 8.07604010333e-06, 6.64684694129e-06, 5.83414066568e-06, 4.6045961426e-06, 1.91264552996e-06, 1.42623116517e-06, 1.07030075469e-06, 7.74614704824e-07, 5.34499349669e-07, 4.14489619516e-07, 3.3691446788e-07, 2.74541235967e-07, 2.47906172035e-07, 1.68325541949e-07, 1.35528907208e-07, 1.21224445593e-07, 8.54245172377e-08, 5.42298970174e-08],
        "min": [2.56446071489e-07, 7.60423517931e-07, 1.56403189067e-06, 2.29498073168e-06, 2.0251263777e-06, 2.70693567472e-06, 1.39607675465e-06, 1.13803014301e-06, 1.27338205402e-06, 1.03278330243e-06, 1.14382953598e-06, 1.64366144872e-06, 1.12073303171e-06, 7.84444466717e-07, 7.27958990865e-07, 8.62341380525e-07, 4.85813245632e-07, 5.53555636884e-08, 1.07867798249e-07, 8.44913188303e-08, 8.06685136467e-08, 2.64474806499e-08, 2.08948947034e-08, 4.81239581518e-09, 9.07927777405e-09, 4.50785320183e-09, 2.25662891151e-10, 6.04262126447e-11, 2.70078473474e-11, 2.70911106048e-11, 1.16421663976e-11, 1.49710764619e-11, 1.67343760377e-11, 1.85197655822e-11, 1.61063402199e-11, 1.55394187101e-11, 1.43196539695e-11, 1.33414876369e-11, 1.67173965643e-11, 1.65375508426e-11],
        "stdev": [0.000363304134225, 0.000569901254494, 0.000450837163953, 0.000392397632822, 0.000873930810485, 0.000230417208513, 0.000428911705967, 0.000194687003386, 0.000894228636753, 0.00100137188565, 0.000773421430495, 0.000632671988569, 0.000398110016249, 0.000208182827919, 0.000156235633767, 9.42371043493e-05, 6.76609270158e-05, 4.85892051074e-05, 3.85030580219e-05, 2.68105432042e-05, 2.53908401646e-05, 2.05045635084e-05, 1.0798115909e-05, 1.0315317013e-05, 1.24710331875e-05, 1.24619464259e-05, 2.75175375464e-06, 1.89776528714e-06, 1.50643961661e-06, 1.18842046959e-06, 8.87378121206e-07, 9.1718669637e-07, 9.53215760546e-07, 8.15933276499e-07, 5.34484172476e-07, 2.6765877692e-07, 3.30624487788e-07, 3.14115141009e-07, 2.2712372072e-07, 1.35908564403e-07]
    },
    "melbands128": {
        "max": [0.000361199112376, 0.00290859956294, 0.00364178419113, 0.00314014195465, 0.00612708088011, 0.0057142470032, 0.00838873535395, 0.00387330772355, 0.00281479908153, 0.00345637043938, 0.00136306020431, 0.00689802225679, 0.009258069098, 0.0057837232016, 0.000917896046303, 0.00202985317446, 0.0128003824502, 0.0069487048313, 0.00358084938489, 0.00171954324469, 0.00339967128821, 0.00450508901849, 0.00973671860993, 0.0250020194799, 0.0126268509775, 0.0101126050577, 0.0102165341377, 0.00677241617814, 0.00541387312114, 0.00664031971246, 0.00614139065146, 0.00889568217099, 0.00387016730383, 0.00196171621792, 0.00306221563369, 0.00217925827019, 0.00160477275494, 0.00176920439117, 0.00180667045061, 0.000821358058602, 0.00156768097077, 0.00139510235749, 0.000528718985151, 0.000984616926871, 0.00100643956102, 0.000691990484484, 0.000391369132558, 0.000327455782099, 0.000342755462043, 0.000358241202775, 0.000174422413693, 0.00018824642757, 0.000260090630036, 0.000366028223652, 0.000438397371909, 0.000276350881904, 0.000113341673568, 9.88484898699e-05, 9.22513572732e-05, 9.00598315638e-05, 0.000108979984361, 0.000114816321002, 7.25840654923e-05, 0.000147223719978, 0.000355341268005, 0.000183041760465, 5.89172741456e-05, 4.54845248896e-05, 2.46365580097e-05, 1.68075603142e-05, 1.51973035827e-05, 1.88798549061e-05, 2.72580855381e-05, 1.24928601508e-05, 8.1902171587e-06, 9.80311142484e-06, 1.1198424545e-05, 1.02383546619e-05, 6.54268978906e-06, 9.59650333243e-06, 1.82444746315e-05, 1.52325010276e-05, 1.42989265441e-05, 1.80523820745e-05, 1.25382275655e-05, 1.45074172906e-05, 1.44690784509e-05, 1.47453065438e-05, 7.9800192907e-06, 5.58828423891e-06, 3.24575853483e-06, 1.69667430328e-06, 3.27475754602e-06, 7.50662820792e-06, 5.16062937095e-06, 4.97631754115e-06, 5.50488903173e-06, 5.40451765119e-06, 4.37023572886e-06, 2.2729052489e-06, 2.75209549727e-06, 1.61096829743e-06, 1.51153801653e-06, 9.68008748714e-07, 6.96242807408e-07, 7.07982962922e-07, 9.1598826657e-07, 6.03944840805e-07, 4.52620639635e-07, 5.16181501098e-07, 6.78217134009e-07, 5.87629699567e-07, 9.02263252556e-07, 5.70455142679e-07, 2.17551217929e-07, 1.08340216798e-07, 9.03176911038e-08, 2.35601560483e-09, 5.01829203192e-11, 5.58636990833e-11, 5.16170058085e-11, 5.3834030983e-11, 5.31832008988e-11, 5.43994189972e-11, 4.8405602443e-11, 4.30114728556e-11, 4.04269950849e-11, 3.97877147895e-11],
        "mean": [2.73373752862e-05, 0.000131894543301, 0.000153215834871, 0.000106112878711, 0.00023733843409, 0.000315603712806, 0.000232210455579, 0.000101904035546, 0.000260758795775, 0.000360642734449, 0.000207267148653, 0.000707243103534, 0.000705255370121, 0.000387057516491, 0.00014389649732, 7.28289887775e-05, 0.000235469284235, 0.000175040608156, 8.07667311165e-05, 7.9268051195e-05, 0.000180507267942, 0.000256870262092, 0.000395512121031, 0.000717805989552, 0.000484296615468, 0.000450479739811, 0.000570691365283, 0.000499768124428, 0.000580277875997, 0.000501540896948, 0.000382722209906, 0.000408241816331, 0.000246153242188, 0.000135406735353, 0.000138948715176, 0.000140166463098, 0.000118875286717, 0.000133226742037, 9.62219055509e-05, 6.8539455242e-05, 7.41334515624e-05, 6.30001159152e-05, 5.36477709829e-05, 4.79647096654e-05, 3.88387452404e-05, 3.20052095049e-05, 3.24704524246e-05, 2.87726852548e-05, 2.97557999147e-05, 2.41544203163e-05, 1.85212538781e-05, 1.71722786035e-05, 1.81708473974e-05, 1.37979213832e-05, 1.44361620187e-05, 1.18298121379e-05, 9.90368698695e-06, 8.64391586219e-06, 7.40172163205e-06, 6.72875557939e-06, 7.24448227629e-06, 6.24182121101e-06, 4.5892588787e-06, 5.28247119291e-06, 8.86916859599e-06, 4.48630134997e-06, 2.43756267082e-06, 2.01981106329e-06, 1.85198234703e-06, 1.69614349943e-06, 1.42341707488e-06, 1.2911310705e-06, 1.27279872686e-06, 1.02891920051e-06, 8.38365849631e-07, 7.9428519939e-07, 7.59268004913e-07, 6.53787537885e-07, 4.86132364586e-07, 4.49014265769e-07, 3.95017167421e-07, 4.38208928699e-07, 3.67016014025e-07, 3.41601776199e-07, 2.92508389066e-07, 2.70890694765e-07, 2.81177108263e-07, 2.53232911973e-07, 2.46258792913e-07, 2.5758498623e-07, 1.84268586167e-07, 1.44009362657e-07, 1.32087848215e-07, 1.3628744e-07, 1.34904510674e-07, 1.37454335913e-07, 1.18201107568e-07, 1.00452119511e-07, 9.15657949463e-08, 7.47056034811e-08, 6.07701124977e-08, 5.27078469759e-08, 4.42699104042e-08, 3.47593847039e-08, 2.5187929964e-08, 2.19884732644e-08, 1.69115406123e-08, 1.46302490123e-08, 1.18639178481e-08, 8.61974491784e-09, 9.01482444249e-09, 6.45586961667e-09, 6.06993566521e-09, 4.52695303466e-09, 2.79454548391e-09, 7.55904394634e-10, 3.98755001241e-10, 2.29158480386e-11, 1.39474707825e-11, 1.3675980487e-11, 1.33323543178e-11, 1.34225981024e-11, 1.31529943187e-11, 1.21391473262e-11, 9.53311821844e-12, 4.93210507158e-12, 2.44987558885e-12, 2.09619127611e-12],
        "min": [7.27606419559e-09, 1.18438201469e-07, 1.01823083298e-07, 9.52145811084e-08, 3.70692362139e-07, 3.96002235448e-07, 1.91687377082e-07, 1.81954206369e-07, 1.12997258839e-06, 7.02787133378e-07, 8.72342127423e-07, 7.32157104721e-07, 6.23036783054e-07, 1.71143210537e-06, 8.6472402927e-07, 3.36034844395e-07, 5.83206372085e-07, 3.35512226002e-07, 2.83466249584e-07, 3.91262233279e-07, 9.4351031521e-07, 4.12040208175e-07, 8.57899635776e-07, 5.29261626525e-07, 4.16325519836e-07, 1.78318231292e-07, 2.01334799499e-07, 5.06412447976e-07, 7.04599642631e-07, 3.66245842542e-07, 3.82874873139e-07, 5.90126035149e-07, 4.90917898333e-07, 2.9915287314e-07, 5.84061069731e-07, 2.26223917821e-07, 2.27217157089e-07, 3.21094489664e-07, 3.6471584508e-07, 1.82992238251e-07, 3.04561268649e-07, 3.80314645554e-07, 1.11987056073e-07, 8.96932306205e-08, 2.32730350547e-08, 2.88471788679e-08, 3.29734000104e-08, 1.03442339139e-08, 3.36880567886e-08, 5.60720749831e-08, 3.3604855787e-08, 2.39197710528e-08, 1.43131595465e-08, 1.67060303369e-08, 9.12204001224e-09, 1.57555781755e-08, 1.62710325213e-08, 8.93398954815e-09, 9.2068619395e-09, 4.38162306438e-09, 2.01422700741e-09, 1.02910202582e-09, 2.13077733235e-09, 3.60406815503e-09, 3.92224608348e-09, 8.05828903605e-10, 5.26989729632e-10, 1.58010590723e-10, 1.43857578627e-10, 7.15630679715e-11, 5.36962349584e-11, 2.52501457243e-11, 1.84709244427e-11, 1.8761452461e-11, 1.91829798574e-11, 1.778382476e-11, 1.11268711259e-11, 6.01008132151e-12, 7.54859889873e-12, 9.37142290852e-12, 8.18151796311e-12, 9.39369328851e-12, 8.84424911779e-12, 1.06095141353e-11, 1.16490272289e-11, 7.20220758033e-12, 1.03362804427e-11, 9.2532726273e-12, 1.16692410942e-11, 1.168645649e-11, 1.06828088042e-11, 1.24944230309e-11, 1.05766749525e-11, 1.09713939322e-11, 8.64267771933e-12, 1.19175598209e-11, 7.10180915811e-12, 1.16255121849e-11, 1.18792952905e-11, 1.09077634078e-11, 1.17258026205e-11, 1.19422128436e-11, 1.25147002136e-11, 1.1591905387e-11, 3.85448140419e-12, 8.63575183585e-12, 6.9262425656e-12, 7.66325891632e-12, 5.29249907788e-12, 6.01275843351e-12, 5.99786496511e-12, 6.11572077702e-12, 3.99457593739e-12, 4.60387023643e-12, 4.00343039969e-12, 5.66145177613e-12, 5.83997433745e-12, 5.38409594686e-12, 3.94254767722e-12, 5.21577442694e-12, 5.39839267039e-12, 2.99405183805e-12, 4.24031122714e-12, 5.21452369132e-12, 3.35855627163e-12, 1.44201165765e-12, 2.04494122916e-13, 5.6904223968e-15],
        "stdev": [5.14524908795e-05, 0.000405976490583, 0.000492925930303, 0.000330563867465, 0.000733182008844, 0.000771732418798, 0.000720849086065, 0.000269225041848, 0.000452971318737, 0.000552252226043, 0.000266465533059, 0.00123499671463, 0.00121494499035, 0.000595717458054, 0.000164180557476, 0.000136553862831, 0.000818374857772, 0.000481142749777, 0.000180146846105, 0.000140655189171, 0.000350301532308, 0.000452492560726, 0.000831690151244, 0.00221314048395, 0.00119734858163, 0.000872815435287, 0.00125996232964, 0.000903339881916, 0.000865306647029, 0.000888728827704, 0.00074407068314, 0.000947646040004, 0.000430380518083, 0.000229363562539, 0.000298418395687, 0.000284882233245, 0.000179998314707, 0.000207362012588, 0.000196912573301, 0.000101973491837, 0.000120265656733, 0.000111193301564, 7.76350207161e-05, 7.84501971793e-05, 7.57005254854e-05, 5.28869022673e-05, 5.25270916114e-05, 4.55680092273e-05, 4.37369271822e-05, 3.80824058084e-05, 2.71084536507e-05, 2.55356171692e-05, 2.63559177256e-05, 3.08623239107e-05, 3.4981432691e-05, 2.18228015001e-05, 1.49029601744e-05, 1.28227329697e-05, 1.19041787912e-05, 1.07800697151e-05, 1.38018140206e-05, 1.12416864795e-05, 7.77532295615e-06, 1.28062629301e-05, 3.54839939973e-05, 1.47565006046e-05, 4.29994861406e-06, 3.46676984009e-06, 2.91437140731e-06, 2.43095564656e-06, 2.02696583074e-06, 1.93594473785e-06, 2.07138555197e-06, 1.60478180078e-06, 1.27164946662e-06, 1.30015371269e-06, 1.37886172524e-06, 1.25787175875e-06, 8.32303101106e-07, 8.15705959667e-07, 9.69832740338e-07, 1.08760536932e-06, 9.52405855514e-07, 1.1204870134e-06, 8.82881295183e-07, 8.23601055799e-07, 8.63780996951e-07, 7.83957489148e-07, 5.63317712476e-07, 5.32095896233e-07, 3.02788038198e-07, 2.42313916488e-07, 2.72854009609e-07, 4.10594111599e-07, 3.42162138622e-07, 3.41791604797e-07, 3.2001952377e-07, 3.03036955529e-07, 2.59888111032e-07, 1.90403724787e-07, 1.75539341285e-07, 1.31107370294e-07, 1.22508140521e-07, 9.64240669532e-08, 6.61874821617e-08, 6.81530565316e-08, 5.74941729781e-08, 5.40865023879e-08, 4.43856968957e-08, 4.10876133117e-08, 4.93716854066e-08, 3.80134608235e-08, 4.85472284595e-08, 3.37572529929e-08, 1.90820781398e-08, 7.09114678088e-09, 4.70037475608e-09, 1.22387738832e-10, 5.62820927016e-12, 5.87865390048e-12, 5.71564150176e-12, 5.46908438676e-12, 5.19012784139e-12, 4.50323025397e-12, 4.09969540954e-12, 3.81828292942e-12, 3.71927792384e-12, 3.69764158528e-12]
    },
    "mfcc": {
        "mean": [-719.008605957, 195.929992676, -48.8694229126, -8.90935707092, -13.5921955109, -5.70246553421, -1.36014258862, -0.648670136929, -5.20015287399, 0.10527510196, -9.06266307831, -5.38112592697, -5.8769865036],
        "cov": [[10055.3007812, -6201.35107422, -439.587280273, -686.342224121, -967.536193848, 367.110687256, 241.600326538, 1472.6998291, 1019.39221191, 700.878295898, 598.398193359, 455.482177734, 65.4804992676], [-6201.35107422, 4774.85253906, 305.478881836, 651.148986816, 723.484130859, -224.506622314, -112.815109253, -973.386291504, -605.046020508, -441.2449646, -318.526977539, -325.723083496, -48.3344116211], [-439.587280273, 305.478881836, 230.940444946, 24.9582004547, 114.393737793, -17.4742794037, -0.667270123959, -58.3932495117, -72.5223617554, -32.4100532532, -15.0394449234, -39.697177887, 20.271900177], [-686.342224121, 651.148986816, 24.9582004547, 268.29498291, 29.9725322723, 32.0258407593, -7.43351078033, -134.145172119, -37.0995254517, -62.5343322754, -48.5988769531, -44.1253890991, -27.5310993195], [-967.536193848, 723.484130859, 114.393737793, 29.9725322723, 273.810455322, -67.8291397095, -5.63319015503, -125.209403992, -119.238952637, -41.7094573975, -50.5130844116, -53.7940368652, 1.23153686523], [367.110687256, -224.506622314, -17.4742794037, 32.0258407593, -67.8291397095, 110.321144104, -11.0368776321, 57.7443809509, 45.1090812683, 10.8314218521, 19.9505805969, 13.4293375015, -9.43909645081], [241.600326538, -112.815109253, -0.667270123959, -7.43351078033, -5.63319015503, -11.0368776321, 98.9245986938, 40.768989563, 37.5129051208, 21.7890739441, 12.1998147964, 20.5405406952, 7.26319599152], [1472.6998291, -973.386291504, -58.3932495117, -134.145172119, -125.209403992, 57.7443809509, 40.768989563, 341.366027832, 114.282905579, 137.675354004, 95.6087265015, 62.4441795349, 17.5830364227], [1019.39221191, -605.046020508, -72.5223617554, -37.0995254517, -119.238952637, 45.1090812683, 37.5129051208, 114.282905579, 185.82244873, 70.7038421631, 65.9567642212, 62.1627120972, -10.1203870773], [700.878295898, -441.2449646, -32.4100532532, -62.5343322754, -41.7094573975, 10.8314218521, 21.7890739441, 137.675354004, 70.7038421631, 126.466270447, 50.1723976135, 49.3823394775, -4.97083377838], [598.398193359, -318.526977539, -15.0394449234, -48.5988769531, -50.5130844116, 19.9505805969, 12.1998147964, 95.6087265015, 65.9567642212, 50.1723976135, 129.404678345, 27.4862651825, 6.21356868744], [455.482177734, -325.723083496, -39.697177887, -44.1253890991, -53.7940368652, 13.4293375015, 20.5405406952, 62.4441795349, 62.1627120972, 49.3823394775, 27.4862651825, 87.3455963135, -4.2960858345], [65.4804992676, -48.3344116211, 20.271900177, -27.5310993195, 1.23153686523, -9.43909645081, 7.26319599152, 17.5830364227, -10.1203870773, -4.97083377838, 6.21356868744, -4.2960858345, 49.8157081604]],
        "icov": [[0.000993779976852, 0.000815178849734, 4.42833625129e-05, -0.000541657151189, -0.000153382134158, -0.000116291710583, -0.000170604733285, -0.00116354133934, -0.00185257091653, -0.000380093290005, -0.000863915425725, 0.000169899823959, -0.000707275350578], [0.000815178849734, 0.0020652662497, 0.000482163683046, -0.00255452492274, -0.0019577536732, 0.000676287745591, -0.00025293751969, 0.000773343315814, 0.000231961836107, 0.000135490248795, -0.00130833731964, 0.0007242069114, -0.000448902545031], [4.42833625129e-05, 0.000482163683046, 0.0061790831387, -0.000860399042722, -0.002782498952, -0.000898988218978, -0.000672649359331, 0.000796232139692, 0.00149565830361, 5.66167836951e-05, -0.000991237466224, 0.00105460104533, -0.00234082224779], [-0.000541657151189, -0.00255452492274, -0.000860399042722, 0.00947622116655, 0.00314081180841, -0.00443724682555, -0.00138988194522, 0.000622991705313, -0.00145266007166, -0.000794337305706, 0.00194014771841, 0.00118164008018, 0.00237053097226], [-0.000153382134158, -0.0019577536732, -0.002782498952, 0.00314081180841, 0.00929262116551, 0.000879221071955, -0.000859451654833, -0.000527499767486, 0.000637764285784, -0.00242616655305, 0.00113706605043, 0.000608162314165, 0.00121663045138], [-0.000116291710583, 0.000676287745591, -0.000898988218978, -0.00443724682555, 0.000879221071955, 0.0148210925981, 0.00335033843294, -0.00288792653009, -0.00105567451101, 0.00333342538215, -0.000358019635314, -0.000898418249562, 0.0021253330633], [-0.000170604733285, -0.00025293751969, -0.000672649359331, -0.00138988194522, -0.000859451654833, 0.00335033843294, 0.012787412852, -0.00214868481271, -0.00304704462178, 0.000966520456132, 0.000851416902151, -0.00231092819013, -0.00179359107278], [-0.00116354133934, 0.000773343315814, 0.000796232139692, 0.000622991705313, -0.000527499767486, -0.00288792653009, -0.00214868481271, 0.0119291944429, 0.00472498638555, -0.00586737692356, -0.0012513617985, 0.00200222455896, -0.001428183401], [-0.00185257091653, 0.000231961836107, 0.00149565830361, -0.00145266007166, 0.000637764285784, -0.00105567451101, -0.00304704462178, 0.00472498638555, 0.0170903652906, -0.00137515470851, -0.00187344790902, -0.0022742326837, 0.00318179605529], [-0.000380093290005, 0.000135490248795, 5.66167836951e-05, -0.000794337305706, -0.00242616655305, 0.00333342538215, 0.000966520456132, -0.00586737692356, -0.00137515470851, 0.0184898953885, -0.00104571739212, -0.00487341592088, 0.00406646169722], [-0.000863915425725, -0.00130833731964, -0.000991237466224, 0.00194014771841, 0.00113706605043, -0.000358019635314, 0.000851416902151, -0.0012513617985, -0.00187344790902, -0.00104571739212, 0.011888996698, -0.000232175472775, -0.000424546131399], [0.000169899823959, 0.0007242069114, 0.00105460104533, 0.00118164008018, 0.000608162314165, -0.000898418249562, -0.00231092819013, 0.00200222455896, -0.0022742326837, -0.00487341592088, -0.000232175472775, 0.0184516310692, 0.000820097804535], [-0.000707275350578, -0.000448902545031, -0.00234082224779, 0.00237053097226, 0.00121663045138, 0.0021253330633, -0.00179359107278, -0.001428183401, 0.00318179605529, 0.00406646169722, -0.000424546131399, 0.000820097804535, 0.0251448657364]]
    },
    "spectral_contrast_coeffs": {
        "max": [-0.41193407774, -0.527577280998, -0.59875613451, -0.687742173672, -0.651227831841, -0.621285498142],
        "mean": [-0.667185723782, -0.773572087288, -0.756036698818, -0.803637266159, -0.807676911354, -0.781330704689],
        "min": [-0.921445965767, -0.901422142982, -0.85705268383, -0.896151006222, -0.879933238029, -0.932908892632],
        "stdev": [0.0998887568712, 0.0646980851889, 0.0514736026525, 0.0377038829029, 0.0334929153323, 0.0582079701126]
    },
    "spectral_contrast_valleys": {
        "max": [-5.63448476791, -5.09169578552, -4.98564767838, -5.70444059372, -6.36575269699, -8.92874336243],
        "mean": [-7.57965278625, -6.45023345947, -6.7045507431, -7.47704458237, -8.48139858246, -12.2258300781],
        "min": [-9.34637355804, -8.17806816101, -8.62813854218, -9.75094127655, -12.1644916534, -14.6743469238],
        "stdev": [0.635534584522, 0.558559060097, 0.910099387169, 1.04375803471, 1.37701869011, 1.79377746582]
    }
},
"rhythm": {
    "beats_count": 29,
    "beats_loudness": {
        "max": 0.0569875538349,
        "mean": 0.0203208550811,
        "min": 0.00603782013059,
        "stdev": 0.0121582616121
    },
    "bpm": 152.703140259,
    "bpm_histogram_first_peak_bpm": 152,
    "bpm_histogram_first_peak_weight": 0.0625,
    "bpm_histogram_second_peak_bpm": 157,
    "bpm_histogram_second_peak_spread": 0.199999988079,
    "bpm_histogram_second_peak_weight": 0.142857149243,
    "danceability": 0.913664937019,
    "onset_rate": 2.03771901131,
    "beats_loudness_band_ratio": {
        "max": [0.372144073248, 0.789343774319, 0.741418600082, 0.764998853207, 0.151690095663, 0.0255552176386],
        "mean": [0.0864273682237, 0.315821588039, 0.269945412874, 0.334680140018, 0.0481971763074, 0.0073169930838],
        "min": [0.00544861983508, 0.0100851831958, 0.0632664039731, 0.0440253838897, 0.00186760548968, 1.76215144165e-05],
        "stdev": [0.102305524051, 0.307687371969, 0.182686239481, 0.266797542572, 0.0437673814595, 0.007703544572]
    },
    "beats_position": [0.545668900013, 1.09133780003, 1.64861679077, 2.20589566231, 2.76317453384, 3.22757363319, 3.68036270142, 4.13315200806, 4.53950119019, 4.93424034119, 5.32897949219, 5.72371864319, 6.10684776306, 6.47836732864, 6.86149644852, 7.24462556839, 7.63936471939, 8.03410434723, 8.42884349823, 8.82358264923, 9.21832180023, 9.61306095123, 10.0078001022, 10.4025392532, 10.7972784042, 11.1920175552, 11.5867567062, 11.9698867798, 12.3646259308],
