{
"metadata": {
    "version": {
        "essentia": "2.1-beta5",
        "essentia_git_sha": "Undefined",
        "extractor": "music 2.0"
    },
    "audio_properties": {
        "analysis": {
            "equal_loudness": 0,
            "length": 48.7502937317,
            "sample_rate": 44100,
            "start_time": 12.7477550507,
            "downmix": "mix"
        },
        "bit_rate": 192000,
        "length": 198.321640015,
        "lossless": 0,
        "number_channels": 2,
        "replay_gain": -0.700744628906,
        "sample_rate": 48000,
        "codec": "mp3",
        "md5_encoded": "43ce30679e92bab62e2f46949aa5d434"
    },
    "tags": {
        "file_name": "North MacedoniaNorth MacedoniaN_Dance Alone_Jana Burčeska.mp3",
        "encoding": ["Lavf58.29.100"]
    }
},
"lowlevel": {
    "average_loudness": 0.91537040472,
    "barkbands_crest": {
        "max": 26.5728187561,
        "mean": 11.1767425537,
        "min": 2.75353312492,
        "stdev": 4.97359657288
    },
    "barkbands_flatness_db": {
        "max": 0.542732894421,
        "mean": 0.166226476431,
        "min": 0.0296138525009,
        "stdev": 0.0865234360099
    },
    "barkbands_kurtosis": {
        "max": 640.430541992,
        "mean": 7.93415784836,
        "min": -1.74258482456,
        "stdev": 27.9700202942
    },
    "barkbands_skewness": {
        "max": 21.0274085999,
        "mean": 1.69025504589,
        "min": -2.82423448563,
        "stdev": 1.96289539337
    },
    "barkbands_spread": {
        "max": 72.1686248779,
        "mean": 21.2528076172,
        "min": 0.246028363705,
        "stdev": 12.6041173935
    },
    "dissonance": {
        "max": 0.499997258186,
        "mean": 0.466936409473,
        "min": 0.276401549578,
        "stdev": 0.0271377637982
    },
    "dynamic_complexity": 3.31761956215,
    "erbbands_crest": {
        "max": 30.2893543243,
        "mean": 9.74724006653,
        "min": 2.48467588425,
        "stdev": 4.50688838959
    },
    "erbbands_flatness_db": {
        "max": 0.383354485035,
        "mean": 0.177986606956,
        "min": 0.050891675055,
        "stdev": 0.0633390918374
    },
    "erbbands_kurtosis": {
        "max": 24.6094417572,
        "mean": 0.935657024384,
        "min": -1.84007322788,
        "stdev": 2.41942000389
    },
    "erbbands_skewness": {
        "max": 4.01911020279,
        "mean": 0.265112519264,
        "min": -3.59244799614,
        "stdev": 0.801524281502
    },
    "erbbands_spread": {
        "max": 133.322540283,
        "mean": 34.8728256226,
        "min": 3.82782530785,
        "stdev": 21.6821899414
    },
    "hfc": {
        "max": 148.815200806,
        "mean": 21.868057251,
        "min": 0.369671016932,
        "stdev": 21.2468547821
    },
    "loudness_ebu128": {
        "integrated": -22.4058933258,
        "loudness_range": 4.55885314941,
        "momentary": {
            "max": -17.5997772217,
            "mean": -23.1360092163,
            "min": -31.207780838,
            "stdev": 2.64818692207
        },
        "short_term": {
            "max": -19.7275676727,
            "mean": -22.9037761688,
            "min": -28.9614276886,
            "stdev": 1.85124051571
        }
    },
    "melbands_crest": {
        "max": 38.5826835632,
        "mean": 16.3258514404,
        "min": 3.56353902817,
        "stdev": 7.27042150497
    },
    "melbands_flatness_db": {
        "max": 0.687666594982,
        "mean": 0.22684840858,
        "min": 0.0490155257285,
        "stdev": 0.10567162931
    },
    "melbands_kurtosis": {
        "max": 847.649536133,
        "mean": 20.837469101,
        "min": -1.83436644077,
        "stdev": 53.9801902771
    },
    "melbands_skewness": {
        "max": 21.7117137909,
        "mean": 2.8089029789,
        "min": -1.11880719662,
        "stdev": 2.7117190361
    },
    "melbands_spread": {
        "max": 117.850875854,
        "mean": 23.1210041046,
        "min": 0.255875021219,
        "stdev": 15.6815919876
    },
    "pitch_salience": {
        "max": 0.871163606644,
        "mean": 0.495889246464,
        "min": 0.0387082062662,
        "stdev": 0.156278863549
    },
    "silence_rate_20dB": {
        "max": 1,
        "mean": 1,
        "min": 1,
        "stdev": 0
    },
    "silence_rate_30dB": {
        "max": 1,
        "mean": 0.972394108772,
        "min": 0,
        "stdev": 0.163842365146
    },
    "silence_rate_60dB": {
        "max": 1,
        "mean": 0.0490242727101,
        "min": 0,
        "stdev": 0.215918570757
    },
    "spectral_centroid": {
        "max": 3098.55981445,
        "mean": 1352.58276367,
        "min": 147.271316528,
        "stdev": 537.439331055
    },
    "spectral_complexity": {
        "max": 52,
        "mean": 18.0561637878,
        "min": 0,
        "stdev": 9.5059671402
    },
    "spectral_decrease": {
        "max": -1.68098049369e-10,
        "mean": -9.0936147501e-09,
        "min": -4.92587517442e-08,
        "stdev": 8.28045898515e-09
    },
    "spectral_energy": {
        "max": 0.193867862225,
        "mean": 0.036304872483,
        "min": 0.000736216665246,
        "stdev": 0.0323831290007
    },
    "spectral_energyband_high": {
        "max": 0.00755307171494,
        "mean": 0.000775224762037,
        "min": 7.73629160733e-09,
        "stdev": 0.00115057837684
    },
    "spectral_energyband_low": {
        "max": 0.162352874875,
        "mean": 0.0192441586405,
        "min": 1.04496984932e-05,
        "stdev": 0.0256565921009
    },
    "spectral_energyband_middle_high": {
        "max": 0.114777781069,
        "mean": 0.00803345069289,
        "min": 4.69552905997e-05,
        "stdev": 0.0117969056591
    },
    "spectral_energyband_middle_low": {
        "max": 0.122380189598,
        "mean": 0.00943098124117,
        "min": 7.14332200005e-05,
        "stdev": 0.0130442306399
    },
    "spectral_entropy": {
        "max": 8.55003356934,
        "mean": 7.54758214951,
        "min": 5.63037490845,
        "stdev": 0.487429827452
    },
    "spectral_flux": {
        "max": 0.356680303812,
        "mean": 0.105438485742,
        "min": 0.0138025609776,
        "stdev": 0.0609819255769
    },
    "spectral_kurtosis": {
        "max": 65.408706665,
        "mean": 5.63241624832,
        "min": 0.0333261489868,
        "stdev": 5.66589975357
    },
    "spectral_rms": {
        "max": 0.0137527948245,
        "mean": 0.00537803210318,
        "min": 0.000847502320539,
        "stdev": 0.00254875677638
    },
    "spectral_rolloff": {
        "max": 8677.88085938,
        "mean": 1250.52075195,
        "min": 43.06640625,
        "stdev": 1003.95422363
    },
    "spectral_skewness": {
        "max": 5.53134584427,
        "mean": 1.60809981823,
        "min": 0.0679752454162,
        "stdev": 0.556053340435
    },
    "spectral_spread": {
        "max": 14661706,
        "mean": 4258459,
        "min": 776057.375,
        "stdev": 1775685.375
    },
    "spectral_strongpeak": {
        "max": 11.920542717,
        "mean": 1.0089610815,
        "min": 0,
        "stdev": 1.46029400826
    },
    "zerocrossingrate": {
        "max": 0.19140625,
        "mean": 0.0542001500726,
        "min": 0.001953125,
        "stdev": 0.029368178919
    },
    "barkbands": {
        "max": [0.0636513009667, 0.152311310172, 0.0549762621522, 0.0778219103813, 0.0286070741713, 0.0140219125897, 0.0325145199895, 0.0446357242763, 0.120178252459, 0.107154093683, 0.0673773959279, 0.0756482332945, 0.0277458950877, 0.0405839458108, 0.00863682664931, 0.0114397155121, 0.0066846376285, 0.00552897527814, 0.00419627735391, 0.00275582424365, 0.00185939739458, 0.00196547084488, 0.00128656195011, 0.0018343370175, 0.00234617851675, 0.00157863006461, 0.000141998098115],
        "mean": [0.00296665658243, 0.0121349617839, 0.00318087614141, 0.00268580205739, 0.00143406772986, 0.00108932843432, 0.000876444450114, 0.00117368693464, 0.00166146480478, 0.00223161093891, 0.00101803441066, 0.0012931994861, 0.00086050957907, 0.00110671215225, 0.000442506192485, 0.000387044216041, 0.000306701374939, 0.000320395309245, 0.000251906953054, 0.000205360949622, 0.000155815083417, 0.000147805054439, 0.000128099854919, 9.68293534243e-05, 0.00010032721184, 4.58141912532e-05, 2.93725929623e-06],
        "min": [2.39989539352e-09, 2.61055470219e-06, 6.92419348525e-08, 1.5898666561e-07, 3.51666085407e-06, 2.98184431813e-06, 1.29990007736e-06, 1.06867992145e-06, 2.78064567283e-06, 1.7566758288e-06, 1.64755329024e-06, 4.1148746277e-06, 1.67439441157e-06, 1.66449933658e-06, 1.14728698009e-06, 1.55936322699e-06, 9.0292655841e-07, 8.81392168139e-07, 3.90299305764e-07, 4.50072468183e-09, 1.38275890738e-09, 4.21212065227e-10, 2.77651623914e-10, 1.36922459482e-10, 7.27251453503e-11, 9.32281890575e-11, 1.30571636836e-10],
        "stdev": [0.00738961203024, 0.0202926602215, 0.00582314329222, 0.00851386133581, 0.00288823829032, 0.00148113723844, 0.00197175797075, 0.00333012454212, 0.00555393146351, 0.00682403985411, 0.00336655415595, 0.00373284029774, 0.00204241042957, 0.00286063202657, 0.000861800741404, 0.000828565272968, 0.000511848775204, 0.000506917887833, 0.000353381183231, 0.000286606664304, 0.000267185358098, 0.000257354229689, 0.000208678597119, 0.000158941998961, 0.000199292000616, 0.000101129655377, 8.5682295321e-06]
    },
    "erbbands": {
        "max": [7.34326410294, 29.3814373016, 55.1460723877, 164.687896729, 175.110900879, 67.5592727661, 247.315994263, 156.079406738, 577.819580078, 398.803894043, 947.772521973, 3744.01806641, 2013.99279785, 2439.23510742, 2509.66821289, 2869.83911133, 1119.03833008, 2323.1784668, 1605.65148926, 835.170349121, 685.082336426, 456.74520874, 247.538818359, 290.307006836, 122.298789978, 87.9140548706, 128.383453369, 67.8334960938, 79.6488494873, 47.1429100037, 40.4408073425, 35.3989677429, 34.2104148865, 32.3784942627, 15.3803453445, 6.6497092247, 3.3935778141, 0.31372448802, 0.0112687181681, 0.000454588094726],
        "mean": [0.465789824724, 2.27046298981, 3.79360675812, 7.44566488266, 5.40403985977, 4.17691230774, 7.95481491089, 9.70863437653, 13.5169649124, 14.7222919464, 27.0818138123, 37.2136421204, 63.5981521606, 52.397731781, 47.0226593018, 51.4550552368, 41.0409889221, 50.5359268188, 34.4448432922, 28.9340267181, 18.412525177, 18.2169647217, 17.0904884338, 15.4671583176, 11.2730054855, 9.57350921631, 7.57117319107, 5.25695896149, 5.2194685936, 4.74808311462, 3.4839630127, 2.11193323135, 1.63478434086, 1.17661476135, 0.671237230301, 0.250396162271, 0.0753352567554, 0.0124582750723, 0.000375261501176, 5.41624867765e-05],
        "min": [8.06418174761e-05, 0.000412610534113, 0.000329994916683, 0.00115777563769, 0.00727782631293, 0.0125472554937, 0.00858046859503, 0.0319668725133, 0.0177844110876, 0.029965095222, 0.0559659488499, 0.0683096349239, 0.0536601021886, 0.0580701269209, 0.167278662324, 0.141510948539, 0.0987330675125, 0.162617325783, 0.092484742403, 0.0897318795323, 0.0924829319119, 0.0790688619018, 0.0579536557198, 0.0186304952949, 0.00838949624449, 0.00125393667258, 0.000168242448126, 7.76031010901e-05, 4.35869878856e-05, 2.59353910224e-05, 2.20146248466e-05, 1.54352528625e-05, 1.18421758089e-05, 5.48478965356e-06, 3.80313099413e-06, 2.38886377701e-06, 1.05467950107e-06, 3.43182932738e-07, 6.81422193338e-07, 9.02741419395e-07],
        "stdev": [0.964255034924, 3.64623379707, 6.31841754913, 19.3150901794, 16.9612560272, 7.28922653198, 13.7501335144, 14.0362253189, 32.1696434021, 31.1334934235, 69.3231735229, 148.252441406, 174.603393555, 148.434783936, 125.803413391, 148.358642578, 89.4248352051, 152.592269897, 84.8179168701, 65.275390625, 34.9752578735, 30.5737495422, 25.5935993195, 22.6517982483, 14.7807588577, 12.6823072433, 13.8045120239, 8.64131069183, 9.46708679199, 7.87429666519, 5.6774392128, 3.32240128517, 2.85801315308, 2.24292087555, 1.43891370296, 0.548350572586, 0.18264259398, 0.0282051917166, 0.000906437693629, 5.21419788129e-05]
    },
    "gfcc": {
        "mean": [-14.312746048, 106.428733826, -128.816833496, 30.6749286652, -48.5310287476, 21.2785949707, -27.3912506104, 12.7791166306, -19.2789535522, -0.764507174492, -6.58081865311, -2.0821583271, -6.62810564041],
        "cov": [[6238.03857422, -3202.41723633, 961.595825195, 73.2788467407, -717.145996094, 920.383911133, -545.536193848, 451.222930908, -686.617126465, 499.691711426, -761.933837891, 269.990020752, -458.243347168], [-3202.41723633, 3286.25683594, -588.515991211, -217.737838745, 946.478393555, -787.496520996, 612.253723145, -240.105194092, 614.801513672, -373.979278564, 702.510192871, -274.031097412, 344.68661499], [961.595825195, -588.515991211, 1061.12365723, 214.393234253, 112.426803589, 146.20149231, -90.3394317627, 182.334457397, -166.107696533, 226.813034058, -224.486221313, 149.215026855, -136.716506958], [73.2788467407, -217.737838745, 214.393234253, 490.093566895, 4.1400103569, 35.2134475708, -17.4100437164, -4.99028301239, 0.352026224136, -83.7350463867, -61.5095977783, -12.094083786, -25.6580028534], [-717.145996094, 946.478393555, 112.426803589, 4.1400103569, 823.772583008, -159.951660156, 296.993835449, 74.0737686157, 212.034759521, -16.8617973328, 157.72744751, -7.51745557785, 53.9623641968], [920.383911133, -787.496520996, 146.20149231, 35.2134475708, -159.951660156, 472.06652832, -58.4418487549, 66.6433792114, -147.394393921, 119.494506836, -117.356826782, 41.0923309326, -51.0969772339], [-545.536193848, 612.253723145, -90.3394317627, -17.4100437164, 296.993835449, -58.4418487549, 350.885681152, -22.1290016174, 146.462142944, -59.7379684448, 154.26550293, -59.9882392883, 57.9674720764], [451.222930908, -240.105194092, 182.334457397, -4.99028301239, 74.0737686157, 66.6433792114, -22.1290016174, 251.468719482, -2.52564311028, 76.0147094727, -30.4045619965, 51.8262443542, -16.0247879028], [-686.617126465, 614.801513672, -166.107696533, 0.352026224136, 212.034759521, -147.394393921, 146.462142944, -2.52564311028, 277.613647461, -71.757194519, 165.294830322, -34.7295875549, 83.8021392822], [499.691711426, -373.979278564, 226.813034058, -83.7350463867, -16.8617973328, 119.494506836, -59.7379684448, 76.0147094727, -71.757194519, 226.614944458, -67.606842041, 87.0458679199, -39.686378479], [-761.933837891, 702.510192871, -224.486221313, -61.5095977783, 157.72744751, -117.356826782, 154.26550293, -30.4045619965, 165.294830322, -67.606842041, 315.771850586, -49.2042388916, 127.940567017], [269.990020752, -274.031097412, 149.215026855, -12.094083786, -7.51745557785, 41.0923309326, -59.9882392883, 51.8262443542, -34.7295875549, 87.0458679199, -49.2042388916, 150.887619019, -12.2666196823], [-458.243347168, 344.68661499, -136.716506958, -25.6580028534, 53.9623641968, -51.0969772339, 57.9674720764, -16.0247879028, 83.8021392822, -39.686378479, 127.940567017, -12.2666196823, 159.788269043]],
        "icov": [[0.000396199058741, 0.000166209356394, -6.93031397532e-05, 8.33860831335e-05, 4.92011386086e-05, -0.000260714499746, -2.68832400252e-06, -0.000387332431274, 0.000181475523277, -7.88741599536e-05, 0.000139538213261, 3.64364896086e-05, 0.000370229623513], [0.000166209356394, 0.00283819111064, -0.000815895502456, 0.00142582657281, -0.00166560080834, 0.00198655435815, -0.000573705649003, 0.0016062943032, -0.00121737190057, 0.00158093450591, -0.00224967976101, 0.00232363026589, -0.00153711461462], [-6.93031397532e-05, -0.000815895502456, 0.00229596393183, -0.00157139124349, -6.06386629443e-06, -0.00023844979296, -2.52831796388e-05, -0.00115124811418, 0.00122988922521, -0.00217668525875, 0.00109716248699, -0.00133231945802, 0.000926485226955], [8.33860831335e-05, 0.00142582657281, -0.00157139124349, 0.00378214684315, -0.000780472764745, 0.000345140782883, 5.95947130932e-05, 0.00117784377653, -0.00143882597331, 0.00319110113196, -0.000770976184867, 0.00129188271239, -0.000839654414449], [4.92011386086e-05, -0.00166560080834, -6.06386629443e-06, -0.000780472764745, 0.00328556494787, -0.000785039737821, -0.00125843030401, -0.00168042548466, -5.00428868691e-05, -0.00106910208706, 0.00126842362806, -0.00160257704556, 0.00115299702156], [-0.000260714499746, 0.00198655435815, -0.00023844979296, 0.000345140782883, -0.000785039737821, 0.00491522392258, -0.00131479406264, 0.00082497735275, 0.000214275685721, -0.000420064869104, -0.00143105129246, 0.00183961819857, -0.0017146122409], [-2.68832400252e-06, -0.000573705649003, -2.52831796388e-05, 5.95947130932e-05, -0.00125843030401, -0.00131479406264, 0.00554798170924, 0.000356294825906, -0.00089967995882, 0.000319057231536, -0.000824446033221, 0.00075319543248, 0.000514422834385], [-0.000387332431274, 0.0016062943032, -0.00115124811418, 0.00117784377653, -0.00168042548466, 0.00082497735275, 0.000356294825906, 0.0066683688201, -0.00192774017341, 0.000701495737303, -0.00158496480435, 0.000900677696336, -0.00147743476555], [0.000181475523277, -0.00121737190057, 0.00122988922521, -0.00143882597331, -5.00428868691e-05, 0.000214275685721, -0.00089967995882, -0.00192774017341, 0.0079562664032, -0.000963031197898, -0.000526168732904, -0.00140118494164, 8.8050859631e-05], [-7.88741599536e-05, 0.00158093450591, -0.00217668525875, 0.00319110113196, -0.00106910208706, -0.000420064869104, 0.000319057231536, 0.000701495737303, -0.000963031197898, 0.0101455487311, -0.00163814029656, -0.001287191757, -0.000567433366086], [0.000139538213261, -0.00224967976101, 0.00109716248699, -0.000770976184867, 0.00126842362806, -0.00143105129246, -0.000824446033221, -0.00158496480435, -0.000526168732904, -0.00163814029656, 0.00870647095144, -0.00130237522535, -0.00187990104314], [3.64364896086e-05, 0.00232363026589, -0.00133231945802, 0.00129188271239, -0.00160257704556, 0.00183961819857, 0.00075319543248, 0.000900677696336, -0.00140118494164, -0.001287191757, -0.00130237522535, 0.0113997841254, -0.00256075477228], [0.000370229623513, -0.00153711461462, 0.000926485226955, -0.000839654414449, 0.00115299702156, -0.0017146122409, 0.000514422834385, -0.00147743476555, 8.8050859631e-05, -0.000567433366086, -0.00187990104314, -0.00256075477228, 0.0111427474767]]
    },
    "melbands": {
        "max": [0.0522899776697, 0.0233617853373, 0.02663109079, 0.00778798945248, 0.00819805357605, 0.00314689683728, 0.00761435134336, 0.00681508425623, 0.00652650976554, 0.0217798016965, 0.00971092656255, 0.0124818384647, 0.0109894005582, 0.0112979430705, 0.00631212536246, 0.00288107059896, 0.00424841092899, 0.00338587048464, 0.000644811952952, 0.000930186884943, 0.000706964929122, 0.000597947218921, 0.000340368162142, 0.00042884456343, 0.000267741153948, 0.000121157936519, 0.000170149767655, 6.15639874013e-05, 0.000103911530459, 4.50524203188e-05, 3.60822450602e-05, 4.19812022301e-05, 4.72015490232e-05, 2.81552765955e-05, 2.5725679734e-05, 2.23318966164e-05, 2.38713128056e-05, 3.62670762115e-05, 1.80293809535e-05, 3.83838669222e-05],
        "mean": [0.00391187239438, 0.00232753972523, 0.00118842441589, 0.000309096154524, 0.000269387295702, 0.000221167865675, 0.000192560139112, 0.000193280458916, 0.00022002607875, 0.000236571970163, 0.000331237766659, 0.000231589190662, 0.000156988375238, 0.000147228551214, 0.000122301120427, 8.1820282503e-05, 9.33235423872e-05, 6.3519597461e-05, 3.16623118124e-05, 3.50340487785e-05, 1.86022170965e-05, 1.8723660105e-05, 1.5819008695e-05, 1.60786748893e-05, 1.21274488265e-05, 9.48418710323e-06, 7.30949932404e-06, 5.95996016273e-06, 5.26094254383e-06, 3.34797800861e-06, 2.98050736092e-06, 2.87088028017e-06, 2.92740674013e-06, 2.51260962614e-06, 2.10197276829e-06, 1.55217503561e-06, 1.19700985124e-06, 1.18407092486e-06, 9.89170416688e-07, 1.01276157238e-06],
        "min": [8.63297714204e-07, 5.03889509673e-07, 4.86148167056e-07, 4.6095505013e-07, 2.40843320398e-07, 6.69053690672e-07, 2.50725236128e-07, 2.87849530878e-07, 2.84344423562e-07, 3.56301995907e-07, 2.33244549008e-07, 2.19663093048e-07, 2.88446557306e-07, 4.79255731989e-07, 1.88392164091e-07, 1.4760803424e-07, 2.35031450302e-07, 1.09293402772e-07, 9.26075003349e-08, 7.76707977934e-08, 7.60270069122e-08, 4.95811534051e-08, 5.4478437761e-08, 3.80575464476e-08, 1.30682833444e-08, 1.15051976834e-08, 5.98902483162e-10, 6.05383312924e-11, 3.30193372644e-11, 3.4378774133e-11, 2.63210529761e-11, 9.97729589919e-12, 5.67599005991e-12, 5.04731716491e-12, 4.0989642236e-12, 3.27382088453e-12, 1.75518551516e-12, 1.21747729086e-12, 8.42363017447e-13, 6.38949884755e-13],
        "stdev": [0.00709095178172, 0.00315916305408, 0.00306459749117, 0.000742370437365, 0.000465042539872, 0.000308633723762, 0.000435646215919, 0.00045835680794, 0.000536697974894, 0.00089410203509, 0.000922624603845, 0.000722699274775, 0.000512612808961, 0.00048749538837, 0.000343863270245, 0.000210133890505, 0.000279445783235, 0.000178935806616, 6.36472759652e-05, 8.16636311356e-05, 3.89364977309e-05, 3.53456780431e-05, 2.49731583608e-05, 2.99634484691e-05, 1.87222540262e-05, 1.3283062799e-05, 1.1421068848e-05, 8.15926341602e-06, 1.04339806057e-05, 5.71356849832e-06, 5.11047255713e-06, 5.27667680217e-06, 5.2689028962e-06, 4.25568532592e-06, 3.50805521521e-06, 2.49132085628e-06, 1.98718726097e-06, 2.24512996283e-06, 1.62920878211e-06, 2.15844556806e-06]
    },
    "melbands128": {
        "max": [0.0461853593588, 0.0718249678612, 0.0720170885324, 0.0531673431396, 0.0333141833544, 0.0261616148055, 0.0408865883946, 0.0353328436613, 0.0177882220596, 0.00722384965047, 0.00341529306024, 0.0116884186864, 0.0115205384791, 0.00500672264025, 0.0045686638914, 0.00448811333627, 0.0143900010735, 0.0108112469316, 0.00354695203714, 0.00689017307013, 0.0144221223891, 0.0155210644007, 0.00558404996991, 0.0178190693259, 0.0460259839892, 0.0195388831198, 0.0229476056993, 0.0140754878521, 0.0274129007012, 0.0266587883234, 0.00600947625935, 0.00797516293824, 0.0231265164912, 0.004385240376, 0.00788591150194, 0.0225754585117, 0.00757955107838, 0.0115949446335, 0.00539688346907, 0.00511507876217, 0.00405290583149, 0.0118071772158, 0.00574056385085, 0.00340459914878, 0.00430002529174, 0.00598813872784, 0.00108469871338, 0.000788457691669, 0.00138714839704, 0.00295020965859, 0.00162981043104, 0.00164297188167, 0.00150913360994, 0.000829269003589, 0.000469657708891, 0.0013096841285, 0.000688451167662, 0.000594269193243, 0.000389342516428, 0.000485707219923, 0.000805184361525, 0.000594040728174, 0.000445356214186, 0.000512573751621, 0.000332434603479, 0.000223272087169, 0.000148882507347, 0.000300096580759, 0.000259483378613, 0.000142069940921, 0.00012040274305, 8.15250095911e-05, 0.000126692641061, 0.000139785843203, 6.93245237926e-05, 5.81916428928e-05, 4.63425458292e-05, 4.91728278575e-05, 4.94152955071e-05, 6.11181239947e-05, 4.75621636724e-05, 5.28631826455e-05, 9.5878574939e-05, 6.67501590215e-05, 5.55192636966e-05, 3.62860628229e-05, 3.31901137542e-05, 3.66085805581e-05, 3.38855425071e-05, 3.49446163455e-05, 3.09255192406e-05, 2.84296256723e-05, 2.69587199e-05, 2.9000611903e-05, 3.1178464269e-05, 6.72576861689e-05, 3.82624239137e-05, 3.05538778775e-05, 1.81392842933e-05, 2.11713922909e-05, 2.30250097957e-05, 5.28374112037e-05, 6.66394917062e-05, 3.71547430404e-05, 1.80103561433e-05, 2.37753429246e-05, 1.28735509861e-05, 1.83124102477e-05, 1.84288073797e-05, 1.22793089758e-05, 2.26215070143e-05, 1.84166474355e-05, 1.19924052342e-05, 8.87740588951e-06, 3.93362188333e-06, 3.34766150445e-06, 5.47043191546e-06, 1.29837735585e-06, 6.7152035399e-07, 2.84578788978e-07, 2.18195054913e-07, 4.49463669838e-07, 1.49583470943e-07, 1.35551747604e-08, 6.76156242108e-09, 6.67189636872e-09, 6.57780319102e-09, 6.54122134236e-09],
        "mean": [0.00217106658965, 0.00409744540229, 0.00473482208326, 0.00344266579486, 0.00207582535222, 0.0015371699119, 0.00167924899142, 0.00110337173101, 0.000453688931884, 0.000255521008512, 0.000188224905287, 0.000300104147755, 0.000283585774014, 0.000242113412241, 0.000219329522224, 0.00019317016995, 0.000255544902757, 0.000199456131668, 0.000101147794339, 0.000128679777845, 0.000261617737124, 0.000342741754139, 0.000126623606775, 0.000210391182918, 0.00029298174195, 0.000165502016898, 0.000314116594382, 0.000278630410321, 0.000468078767881, 0.000313581927912, 9.97101669782e-05, 0.000153534521814, 0.000210022131796, 9.69724715105e-05, 0.000163927441463, 0.000172365253093, 0.00010110274161, 0.000149712985149, 0.000114741262223, 6.60404111841e-05, 5.35465333087e-05, 0.000136775095598, 0.00010320833826, 5.39351422049e-05, 0.000104455582914, 6.52448870824e-05, 2.05088617804e-05, 2.10672496905e-05, 3.94937851524e-05, 5.43064634257e-05, 3.09517636197e-05, 2.10029884329e-05, 2.22115013457e-05, 1.60387698998e-05, 1.3743378986e-05, 2.2003227059e-05, 1.92011866602e-05, 1.76263547473e-05, 1.4217152966e-05, 1.28511646835e-05, 1.87093992281e-05, 1.6769648937e-05, 1.03827042039e-05, 1.11105573524e-05, 1.43724109876e-05, 9.50091998675e-06, 6.42015675112e-06, 7.26385269445e-06, 7.70056158217e-06, 7.37176878829e-06, 5.80773257752e-06, 5.36912421012e-06, 5.51074526811e-06, 6.00843895882e-06, 3.74675914827e-06, 3.55258293894e-06, 3.07063442051e-06, 2.70973146144e-06, 3.09192569148e-06, 3.11799317387e-06, 2.64236837211e-06, 2.76320247394e-06, 3.42421435562e-06, 2.70158579951e-06, 2.83540043711e-06, 2.81391066892e-06, 2.20227047976e-06, 2.29874058277e-06, 2.16223406824e-06, 1.9273709313e-06, 1.77912522759e-06, 1.46190836858e-06, 1.17256342946e-06, 1.17277966183e-06, 1.21376251627e-06, 1.20695438e-06, 1.20852973851e-06, 1.09818302008e-06, 9.86314717011e-07, 9.28151052904e-07, 9.49407990447e-07, 1.09199174858e-06, 9.68802964962e-07, 1.04713740257e-06, 6.85303746195e-07, 6.3088538127e-07, 5.75870899411e-07, 5.02884176967e-07, 4.4299784463e-07, 3.16756199936e-07, 3.02054928625e-07, 2.90175165674e-07, 2.32026906133e-07, 1.8638600352e-07, 1.45511819483e-07, 1.34981277711e-07, 9.84872770005e-08, 2.21815383838e-08, 2.71120192963e-09, 2.23623075613e-09, 1.71288527806e-09, 2.26746554866e-09, 9.45063471924e-10, 4.19809638441e-11, 8.35976080027e-12, 7.91101732733e-12, 7.64181946888e-12, 7.57311661298e-12],
        "min": [1.22475285469e-09, 6.14717805547e-08, 1.47419967789e-07, 5.06766980379e-07, 5.48759082619e-08, 3.43320181173e-08, 1.84619182164e-08, 7.5844944547e-08, 1.27045836962e-07, 2.04340665277e-07, 1.72131890963e-07, 1.76143075237e-07, 1.28350009732e-07, 2.07214171155e-07, 3.12235783895e-07, 1.01375739803e-07, 9.83302967938e-08, 6.68950832505e-08, 8.68127685294e-08, 4.5684899419e-08, 8.1317381273e-08, 1.2469715216e-07, 6.86955701212e-08, 1.55115998268e-07, 1.1131829325e-07, 8.13577187841e-08, 7.43127515079e-08, 3.37642838133e-08, 1.11663240432e-07, 3.37993455446e-08, 4.47726833386e-08, 7.78756756858e-08, 1.98528141482e-07, 1.67154041719e-07, 1.78973209586e-07, 1.17603605077e-07, 7.38883372264e-08, 5.59423725122e-08, 6.65829062996e-08, 1.03720651623e-07, 6.52885816521e-08, 6.9155269955e-08, 1.05098663994e-07, 2.65280277745e-08, 4.98083245759e-08, 5.34839905697e-08, 3.74806035097e-08, 3.6054817798e-08, 8.07500555311e-08, 2.91053048329e-08, 4.41270877616e-08, 3.10656815827e-08, 3.60993404058e-08, 2.3716932418e-08, 1.64300413275e-08, 1.66530345069e-08, 1.73980669871e-08, 2.7988006579e-08, 2.48465390484e-08, 1.08345519223e-08, 1.06805329025e-08, 4.6102197615e-09, 3.40740191618e-09, 5.63115065688e-09, 1.40461740017e-08, 4.5681574079e-09, 5.03541597308e-10, 1.47381690185e-10, 3.89217935659e-10, 1.02777182598e-10, 4.78553863204e-11, 3.52498759348e-11, 3.0086638042e-11, 3.53094671557e-11, 3.18316518977e-11, 3.30352342703e-11, 3.53422777155e-11, 2.68853845437e-11, 1.62060794472e-12, 9.38053454358e-12, 1.09501149467e-11, 8.79583992447e-12, 2.68968744846e-12, 2.5164737915e-12, 2.28803824845e-12, 3.33025534233e-12, 2.81423300462e-12, 1.88491344928e-12, 1.99975322759e-12, 4.08652408787e-12, 4.26758932012e-12, 2.18719161706e-12, 2.52443530489e-12, 1.11296724874e-12, 1.59729748959e-12, 6.83956580608e-13, 6.64682013856e-13, 6.3857317871e-13, 8.40394485772e-13, 3.70583338322e-13, 2.97025777455e-13, 5.42416046974e-13, 5.22138159532e-13, 5.69442659259e-13, 4.72025793018e-13, 4.24696871637e-13, 4.24790221444e-13, 5.29260175183e-13, 4.80308718145e-13, 4.74840002387e-13, 3.29175163689e-13, 4.6790436109e-13, 3.02311344361e-13, 3.27191615815e-13, 4.24785396745e-13, 3.38032038341e-13, 3.29741821955e-13, 4.22751352154e-13, 3.46259506527e-13, 2.8677537775e-13, 4.21604781252e-13, 3.53086890238e-13, 4.16074780966e-13, 3.93116799963e-13, 3.02040754603e-13, 1.08153828775e-13, 1.41858638551e-14, 4.02484619077e-16],
        "stdev": [0.00558938924223, 0.00949088204652, 0.00890889577568, 0.00563049409539, 0.00378781952895, 0.00278242095374, 0.0045329821296, 0.00371473957784, 0.00161372846924, 0.000615505909082, 0.000343884923495, 0.000674343667924, 0.00060392159503, 0.000383444770705, 0.000376812240575, 0.000392135640141, 0.000700198521372, 0.0005695753498, 0.000249188859016, 0.00039800273953, 0.000798222143203, 0.00114782573655, 0.000393076625187, 0.000820220215246, 0.00171978236176, 0.000688950414769, 0.00136816420127, 0.000967509637121, 0.00169437960722, 0.0013765898766, 0.000328450172674, 0.000516985368449, 0.000966757710557, 0.000298603030387, 0.00047901191283, 0.000880680570845, 0.000388009531889, 0.000561690598261, 0.000374281109544, 0.000239288187004, 0.000178257090738, 0.000674833892845, 0.000400432298193, 0.000178801754373, 0.000308758782921, 0.000255672406638, 5.79914267291e-05, 5.39248540008e-05, 0.000106931103801, 0.000181931594852, 9.93766007014e-05, 6.18469130131e-05, 6.56888732919e-05, 4.15442773374e-05, 3.223537351e-05, 6.24932072242e-05, 4.51384039479e-05, 3.76222124032e-05, 2.97241786029e-05, 2.5224942874e-05, 4.96579850733e-05, 3.73604416382e-05, 2.10993166547e-05, 2.53361049545e-05, 2.60100241576e-05, 1.76445046236e-05, 1.16464489111e-05, 1.59464543685e-05, 1.59847804753e-05, 1.28885540107e-05, 9.58596592682e-06, 8.75990735949e-06, 1.18597745313e-05, 1.39322692121e-05, 7.26132429918e-06, 6.90750539434e-06, 5.43454189028e-06, 4.74027319797e-06, 6.0163811213e-06, 6.10069628237e-06, 5.12767655891e-06, 5.58878582524e-06, 8.0705876826e-06, 5.21960873812e-06, 4.84224210595e-06, 5.39200800631e-06, 3.8593066165e-06, 4.31727494288e-06, 3.75387730855e-06, 3.61845559382e-06, 3.33293337462e-06, 2.44335728894e-06, 2.05388755603e-06, 2.22859512178e-06, 2.19601383833e-06, 2.76923037745e-06, 2.50318817052e-06, 2.06899949262e-06, 1.6746989786e-06, 1.65917492723e-06, 1.82693497663e-06, 2.6453949431e-06, 2.71435260402e-06, 2.60033380073e-06, 1.52311929469e-06, 1.43172019307e-06, 1.28410624711e-06, 1.18782998015e-06, 1.13839280402e-06, 7.37915456739e-07, 8.52830453368e-07, 8.75828334301e-07, 6.21030721959e-07, 4.53861673577e-07, 3.21632086298e-07, 3.18490350537e-07, 2.98249460684e-07, 7.98286805548e-08, 2.32648620369e-08, 1.71728675724e-08, 1.31706663353e-08, 1.99375165266e-08, 8.1049682521e-09, 5.11024944583e-10, 1.4763930356e-10, 1.45689543762e-10, 1.43641265549e-10, 1.42843140094e-10]
    },
    "mfcc": {
        "mean": [-653.315490723, 133.058441162, -12.0709943771, 18.0357151031, 6.10271167755, 7.28016424179, 8.89797019958, 11.017950058, -0.964336514473, 6.41163396835, 1.30538856983, 1.37958312035, 0.886903166771],
        "cov": [[5743.04638672, -2877.54223633, 941.65423584, -652.53527832, -176.78843689, 181.152923584, 38.8839416504, -108.527694702, 90.2634353638, 6.6743927002, -35.7726821899, -302.422729492, -53.8129348755], [-2877.54223633, 3123.83862305, -932.572387695, 463.298675537, 261.977783203, -239.131317139, 118.464500427, 128.877761841, -72.5892562866, 196.112045288, 80.3323516846, 250.503845215, 98.8701629639], [941.65423584, -932.572387695, 860.469116211, 0.818337798119, 1.02564454079, 105.513664246, 8.24778556824, -66.2470092773, 52.2825775146, -77.8436813354, 5.32564926147, -86.985244751, 11.0762014389], [-652.53527832, 463.298675537, 0.818337798119, 558.219177246, 175.123657227, -20.779006958, 10.3831367493, 103.989555359, 43.3447227478, 6.36491203308, 21.1967048645, 46.0853538513, -0.609033823013], [-176.78843689, 261.977783203, 1.02564454079, 175.123657227, 372.672180176, -1.76729476452, 75.5587310791, 81.0121612549, 86.7384796143, 29.9846973419, 49.5093803406, 45.4168548584, 62.1732788086], [181.152923584, -239.131317139, 105.513664246, -20.779006958, -1.76729476452, 286.562927246, 70.3693389893, 2.52486824989, 44.915813446, -9.65302753448, 14.864657402, -23.2550182343, 3.97169399261], [38.8839416504, 118.464500427, 8.24778556824, 10.3831367493, 75.5587310791, 70.3693389893, 256.279052734, 40.6851997375, 24.9538249969, 69.7609710693, 31.8882331848, 15.8336324692, 22.6113624573], [-108.527694702, 128.877761841, -66.2470092773, 103.989555359, 81.0121612549, 2.52486824989, 40.6851997375, 180.846069336, 35.3614425659, 47.4602355957, 19.2627944946, 32.2144584656, 11.6749591827], [90.2634353638, -72.5892562866, 52.2825775146, 43.3447227478, 86.7384796143, 44.915813446, 24.9538249969, 35.3614425659, 161.84815979, 4.79109096527, 32.5706520081, 1.17230701447, 18.6430854797], [6.6743927002, 196.112045288, -77.8436813354, 6.36491203308, 29.9846973419, -9.65302753448, 69.7609710693, 47.4602355957, 4.79109096527, 163.721206665, 30.6441268921, 20.6352977753, 17.4761924744], [-35.7726821899, 80.3323516846, 5.32564926147, 21.1967048645, 49.5093803406, 14.864657402, 31.8882331848, 19.2627944946, 32.5706520081, 30.6441268921, 126.370834351, 22.9486141205, 15.8431549072], [-302.422729492, 250.503845215, -86.985244751, 46.0853538513, 45.4168548584, -23.2550182343, 15.8336324692, 32.2144584656, 1.17230701447, 20.6352977753, 22.9486141205, 111.78780365, 33.1571846008], [-53.8129348755, 98.8701629639, 11.0762014389, -0.609033823013, 62.1732788086, 3.97169399261, 22.6113624573, 11.6749591827, 18.6430854797, 17.4761924744, 15.8431549072, 33.1571846008, 114.483421326]],
        "icov": [[0.000383462262107, 0.000316100515192, -9.03787804418e-05, 0.000208312878385, -0.000102582096588, 0.000119084186736, -0.000111862900667, -2.4523367756e-05, -3.6771158193e-05, -0.000400528719183, -1.77583970071e-05, 0.000351736671291, -3.90028471884e-05], [0.000316100515192, 0.000998942414299, 0.000618881138507, -0.000413248752011, -0.000232620761381, 0.000385891966289, -0.000368875626009, 0.000344978790963, 0.000300258194329, -0.000656855292618, -0.000221680093091, -0.000305202760501, -0.000455132743809], [-9.03787804418e-05, 0.000618881138507, 0.0020961209666, -0.000753804750275, -0.000104192920844, -8.68623028509e-05, -0.000372193811927, 0.00076828757301, -1.1226744391e-05, 0.000350499321939, -0.00040793325752, 0.000437610695371, -0.000850975397043], [0.000208312878385, -0.000413248752011, -0.000753804750275, 0.00292208301835, -0.000945692532696, -5.83616638323e-05, 0.000405384955229, -0.00130395230372, -0.000271658442216, 0.000243113172473, 0.000214887913899, -2.23091064981e-05, 0.00109565025195], [-0.000102582096588, -0.000232620761381, -0.000104192920844, -0.000945692532696, 0.00427299877629, 0.000366052350728, -0.000814500963315, -0.000717801274732, -0.00158194103278, 0.000419316726038, -0.000567775801755, -0.000256246567005, -0.00159507652279], [0.000119084186736, 0.000385891966289, -8.68623028509e-05, -5.83616638323e-05, 0.000366052350728, 0.00434645451605, -0.00145534600597, -4.92018189107e-05, -0.000916403019801, 0.000388149172068, -0.000386387604522, 0.00050453474978, -0.000328992551658], [-0.000111862900667, -0.000368875626009, -0.000372193811927, 0.000405384955229, -0.000814500963315, -0.00145534600597, 0.00529401237145, -0.000497263565194, 0.000121425357065, -0.00174966233317, -0.00020913744811, -0.000185691955267, 0.000132121364004], [-2.4523367756e-05, 0.000344978790963, 0.00076828757301, -0.00130395230372, -0.000717801274732, -4.92018189107e-05, -0.000497263565194, 0.00755649758503, -0.000870911346283, -0.00168522528838, 7.04971025698e-05, -0.00124748132657, 7.90306876297e-05], [-3.6771158193e-05, 0.000300258194329, -1.1226744391e-05, -0.000271658442216, -0.00158194103278, -0.000916403019801, 0.000121425357065, -0.000870911346283, 0.00802785158157, 0.000128107451019, -0.00142235378735, 0.000366235763067, -0.000557299645152], [-0.000400528719183, -0.000656855292618, 0.000350499321939, 0.000243113172473, 0.000419316726038, 0.000388149172068, -0.00174966233317, -0.00168522528838, 0.000128107451019, 0.00854013580829, -0.00130957493093, 5.49321994185e-05, -0.000536584760994], [-1.77583970071e-05, -0.000221680093091, -0.00040793325752, 0.000214887913899, -0.000567775801755, -0.000386387604522, -0.00020913744811, 7.04971025698e-05, -0.00142235378735, -0.00130957493093, 0.00927534606308, -0.00149254477583, 0.000159790390171], [0.000351736671291, -0.000305202760501, 0.000437610695371, -2.23091064981e-05, -0.000256246567005, 0.00050453474978, -0.000185691955267, -0.00124748132657, 0.000366235763067, 5.49321994185e-05, -0.00149254477583, 0.0126656312495, -0.00285774283111], [-3.90028471884e-05, -0.000455132743809, -0.000850975397043, 0.00109565025195, -0.00159507652279, -0.000328992551658, 0.000132121364004, 7.90306876297e-05, -0.000557299645152, -0.000536584760994, 0.000159790390171, -0.00285774283111, 0.0110195092857]]
    },
    "spectral_contrast_coeffs": {
        "max": [-0.456609487534, -0.432857692242, -0.46795207262, -0.509723424911, -0.582458913326, -0.565765202045],
        "mean": [-0.727524697781, -0.760524451733, -0.746213197708, -0.783825516701, -0.779148578644, -0.766900360584],
        "min": [-0.898014783859, -0.942590773106, -0.918240487576, -0.909146845341, -0.883905231953, -0.93957567215],
        "stdev": [0.0731606781483, 0.0708165615797, 0.082085095346, 0.0603998191655, 0.0514601543546, 0.0454531945288]
    },
    "spectral_contrast_valleys": {
        "max": [-5.06855010986, -4.89087963104, -5.36866569519, -5.74728918076, -5.88562345505, -8.15145683289],
        "mean": [-6.76061248779, -6.81303882599, -7.20037269592, -7.51836585999, -7.6983423233, -10.6782712936],
        "min": [-9.50189590454, -8.99658584595, -9.18639087677, -9.45157241821, -12.4170999527, -16.1361999512],
        "stdev": [0.844830214977, 0.683493316174, 0.668755292892, 0.643937170506, 0.847616672516, 1.7779507637]
    }
},
"rhythm": {
    "beats_count": 97,
    "beats_loudness": {
        "max": 0.137569054961,
        "mean": 0.0585266388953,
        "min": 0.00225130515173,
        "stdev": 0.0301029272377
    },
    "bpm": 120.07447052,
    "bpm_histogram_first_peak_bpm": 120,
    "bpm_histogram_first_peak_weight": 0.25,
    "bpm_histogram_second_peak_bpm": 126,
    "bpm_histogram_second_peak_spread": 0,
    "bpm_histogram_second_peak_weight": 0.0833333358169,
    "danceability": 1.09936857224,
    "onset_rate": 4.2451171875,
    "beats_loudness_band_ratio": {
        "max": [0.990757763386, 0.324217528105, 0.801969230175, 0.605464458466, 0.444253921509, 0.247005149722],
        "mean": [0.661978423595, 0.0424600765109, 0.0798803195357, 0.126302033663, 0.0589657463133, 0.0452595427632],
        "min": [0.00374020542949, 0.00138627970591, 0.000614547985606, 0.00095567695098, 0.000474328175187, 0.000120370343211],
        "stdev": [0.308518618345, 0.0548517927527, 0.127318546176, 0.163286998868, 0.0851031839848, 0.0465750955045]
    },
