{
"metadata": {
    "version": {
        "essentia": "2.1-beta5",
        "essentia_git_sha": "Undefined",
        "extractor": "music 2.0"
    },
    "audio_properties": {
        "analysis": {
            "equal_loudness": 0,
            "length": 32.4963264465,
            "sample_rate": 44100,
            "start_time": 110.248344421,
            "downmix": "mix"
        },
        "bit_rate": 192000,
        "length": 189.602539062,
        "lossless": 0,
        "number_channels": 2,
        "replay_gain": 0.00348091125488,
        "sample_rate": 48000,
        "codec": "mp3",
        "md5_encoded": "582f338171e87ad141f6c44d7692e5e9"
    },
    "tags": {
        "file_name": "Czech Republic_My Turn_Martina Bárta.mp3",
        "encoding": ["Lavf58.29.100"]
    }
},
"lowlevel": {
    "average_loudness": 0.790921092033,
    "barkbands_crest": {
        "max": 23.8304977417,
        "mean": 12.145108223,
        "min": 2.87803030014,
        "stdev": 4.41108036041
    },
    "barkbands_flatness_db": {
        "max": 0.500725805759,
        "mean": 0.210565075278,
        "min": 0.0434512682259,
        "stdev": 0.0755427703261
    },
    "barkbands_kurtosis": {
        "max": 69.9230728149,
        "mean": 4.90663194656,
        "min": -1.87373411655,
        "stdev": 7.15126562119
    },
    "barkbands_skewness": {
        "max": 7.54631996155,
        "mean": 1.37580323219,
        "min": -1.70710718632,
        "stdev": 1.28671240807
    },
    "barkbands_spread": {
        "max": 100.002380371,
        "mean": 13.8998222351,
        "min": 1.29133033752,
        "stdev": 12.1714439392
    },
    "dissonance": {
        "max": 0.497488677502,
        "mean": 0.423490673304,
        "min": 0.178017258644,
        "stdev": 0.0495158433914
    },
    "dynamic_complexity": 4.19086122513,
    "erbbands_crest": {
        "max": 31.7205257416,
        "mean": 13.0659675598,
        "min": 2.81244111061,
        "stdev": 5.70472192764
    },
    "erbbands_flatness_db": {
        "max": 0.450699150562,
        "mean": 0.23169477284,
        "min": 0.0620105974376,
        "stdev": 0.0713136866689
    },
    "erbbands_kurtosis": {
        "max": 29.2678527832,
        "mean": 1.77709972858,
        "min": -1.71144485474,
        "stdev": 3.11502623558
    },
    "erbbands_skewness": {
        "max": 4.20977735519,
        "mean": 0.747651934624,
        "min": -2.3634455204,
        "stdev": 0.83946198225
    },
    "erbbands_spread": {
        "max": 112.611343384,
        "mean": 25.5336112976,
        "min": 3.33220434189,
        "stdev": 18.2286243439
    },
    "hfc": {
        "max": 75.5050430298,
        "mean": 15.2845439911,
        "min": 0.271411687136,
        "stdev": 15.6817464828
    },
    "loudness_ebu128": {
        "integrated": -24.7201747894,
        "loudness_range": 6.73348236084,
        "momentary": {
            "max": -19.7395210266,
            "mean": -25.8858356476,
            "min": -34.5316848755,
            "stdev": 3.31664419174
        },
        "short_term": {
            "max": -21.8900699615,
            "mean": -25.5612487793,
            "min": -30.3469047546,
            "stdev": 2.49461007118
        }
    },
    "melbands_crest": {
        "max": 29.4463844299,
        "mean": 15.2858514786,
        "min": 5.11199569702,
        "stdev": 5.23946142197
    },
    "melbands_flatness_db": {
        "max": 0.642022550106,
        "mean": 0.275802373886,
        "min": 0.0761140659451,
        "stdev": 0.0923897773027
    },
    "melbands_kurtosis": {
        "max": 127.559371948,
        "mean": 9.89295959473,
        "min": -1.64625716209,
        "stdev": 14.5169448853
    },
    "melbands_skewness": {
        "max": 9.53775310516,
        "mean": 1.94119334221,
        "min": -1.03221893311,
        "stdev": 1.71914100647
    },
    "melbands_spread": {
        "max": 78.0427856445,
        "mean": 16.0987815857,
        "min": 1.77310395241,
        "stdev": 11.6607084274
    },
    "pitch_salience": {
        "max": 0.82292932272,
        "mean": 0.492639809847,
        "min": 0.164909377694,
        "stdev": 0.124916225672
    },
    "silence_rate_20dB": {
        "max": 1,
        "mean": 1,
        "min": 1,
        "stdev": 0
    },
    "silence_rate_30dB": {
        "max": 1,
        "mean": 1,
        "min": 1,
        "stdev": 0
    },
    "silence_rate_60dB": {
        "max": 1,
        "mean": 0.0628122761846,
        "min": 0,
        "stdev": 0.24262419343
    },
    "spectral_centroid": {
        "max": 4107.57177734,
        "mean": 919.867492676,
        "min": 285.755554199,
        "stdev": 471.948547363
    },
    "spectral_complexity": {
        "max": 39,
        "mean": 12.0935049057,
        "min": 1,
        "stdev": 5.77551364899
    },
    "spectral_decrease": {
        "max": -1.35253946931e-10,
        "mean": -5.33622257493e-09,
        "min": -2.12455937287e-08,
        "stdev": 4.42539116463e-09
    },
    "spectral_energy": {
        "max": 0.0849424526095,
        "mean": 0.0215264856815,
        "min": 0.000537607760634,
        "stdev": 0.0179148148745
    },
    "spectral_energyband_high": {
        "max": 0.0035201467108,
        "mean": 0.000191218015971,
        "min": 2.73426192798e-09,
        "stdev": 0.00041490062722
    },
    "spectral_energyband_low": {
        "max": 0.0361771956086,
        "mean": 0.00400711642578,
        "min": 9.96845983536e-07,
        "stdev": 0.00412576086819
    },
    "spectral_energyband_middle_high": {
        "max": 0.0666862055659,
        "mean": 0.00572170736268,
        "min": 2.03424951906e-05,
        "stdev": 0.00943784043193
    },
    "spectral_energyband_middle_low": {
        "max": 0.0717295706272,
        "mean": 0.0124108782038,
        "min": 0.00037922617048,
        "stdev": 0.0130752082914
    },
    "spectral_entropy": {
        "max": 8.48931694031,
        "mean": 6.87042951584,
        "min": 5.12435865402,
        "stdev": 0.609040617943
    },
    "spectral_flux": {
        "max": 0.279529482126,
        "mean": 0.0587787106633,
        "min": 0.00368949351832,
        "stdev": 0.0424676984549
    },
    "spectral_kurtosis": {
        "max": 146.942077637,
        "mean": 12.182009697,
        "min": -0.805002689362,
        "stdev": 14.8025598526
    },
    "spectral_rms": {
        "max": 0.00910333357751,
        "mean": 0.00418980792165,
        "min": 0.000724220531993,
        "stdev": 0.00185660761781
    },
    "spectral_rolloff": {
        "max": 10034.4726562,
        "mean": 1063.77880859,
        "min": 107.666015625,
        "stdev": 1111.02453613
    },
    "spectral_skewness": {
        "max": 9.23975849152,
        "mean": 2.33232736588,
        "min": 0.198080658913,
        "stdev": 1.05061781406
    },
    "spectral_spread": {
        "max": 13296196,
        "mean": 3345810,
        "min": 581440,
        "stdev": 1716551.125
    },
    "spectral_strongpeak": {
        "max": 10.8152103424,
        "mean": 1.59743070602,
        "min": 0.0389868691564,
        "stdev": 1.76653790474
    },
    "zerocrossingrate": {
        "max": 0.23291015625,
        "mean": 0.0411355160177,
        "min": 0.00341796875,
        "stdev": 0.0279386676848
    },
    "barkbands": {
        "max": [0.00615921150893, 0.0224833805114, 0.0213791355491, 0.00916057825089, 0.0201995726675, 0.029664574191, 0.0665280595422, 0.0639450401068, 0.0549659132957, 0.0595937632024, 0.0184056945145, 0.02573947981, 0.0432801283896, 0.0212847609073, 0.0196525640786, 0.012361840345, 0.00990552920848, 0.00368829746731, 0.00271120341495, 0.0034476693254, 0.000681092322338, 0.000668952416163, 0.00114646460861, 0.00144221109804, 0.00194657663815, 0.000661254976876, 1.92528568732e-05],
        "mean": [6.04295273661e-05, 0.00247192266397, 0.00121979310643, 0.000423660239903, 0.00152394291945, 0.00190746644512, 0.00355940521695, 0.00228654057719, 0.00164096511435, 0.00205778377131, 0.00079415878281, 0.000855758378748, 0.000655447132885, 0.00060228415532, 0.000352056173142, 0.000325555389281, 0.000242641108343, 0.00012728573347, 0.000127496896312, 0.000132889268571, 2.09647078009e-05, 2.23906281462e-05, 3.64596671716e-05, 4.29386782343e-05, 2.62219327851e-05, 9.87096245808e-06, 1.63346356885e-07],
        "min": [2.63188004723e-09, 1.42717425433e-07, 8.74376127058e-08, 1.08329764714e-07, 2.89591571345e-06, 5.67810366192e-06, 9.21607465898e-07, 1.19954768252e-06, 5.09875962962e-06, 6.19437173555e-07, 5.17127432431e-07, 1.24742234675e-06, 4.69809094739e-07, 5.30365980467e-07, 2.02153756845e-07, 5.56388002337e-08, 1.36984795063e-07, 6.47678319865e-08, 4.47353531996e-09, 4.18832168947e-09, 1.01274814923e-10, 1.00171308748e-10, 1.07396508353e-10, 1.72470385196e-10, 1.63137545139e-10, 1.16984380516e-10, 1.53919668677e-10],
        "stdev": [0.000228192613577, 0.0029658942949, 0.00182396615855, 0.000691862893291, 0.00197883858345, 0.00321416207589, 0.0079486342147, 0.00686393212527, 0.0048167752102, 0.0060288310051, 0.00204950524494, 0.00260416558012, 0.00307878572494, 0.00185579620302, 0.00124741019681, 0.00116314052138, 0.000701559474692, 0.000298260711133, 0.000266469083726, 0.000367175991414, 5.38603489986e-05, 5.61280576221e-05, 8.55427206261e-05, 0.000113977715955, 0.000117957875773, 4.3540745537e-05, 1.03045999822e-06]
    },
    "erbbands": {
        "max": [0.932163357735, 6.46845006943, 22.9369754791, 19.4508228302, 36.7520294189, 91.582244873, 261.701751709, 365.48449707, 993.347473145, 1378.60839844, 1761.42663574, 1490.87524414, 1963.60388184, 1327.44567871, 751.947143555, 1303.5703125, 2144.66113281, 1182.02111816, 1095.24487305, 1295.07177734, 792.614135742, 324.517425537, 201.767990112, 247.10218811, 104.554267883, 182.85105896, 29.6415328979, 37.3547782898, 27.4766159058, 32.6530609131, 34.7177581787, 24.9813899994, 31.2118091583, 26.8501243591, 12.1390724182, 4.29338932037, 1.06361246109, 0.089419066906, 0.00203121267259, 0.000185766853974],
        "mean": [0.0483186207712, 0.625174105167, 1.44762849808, 1.60915338993, 2.35086345673, 5.29930305481, 14.0783843994, 13.3689813614, 35.5027923584, 72.3228225708, 41.3302993774, 41.6625862122, 66.9126205444, 38.7675170898, 32.9097900391, 42.7801704407, 34.5802879333, 32.9410896301, 17.7434005737, 22.7358379364, 17.57670784, 11.5700054169, 7.34986639023, 6.07514858246, 7.5007443428, 6.73197174072, 1.16578328609, 0.899311244488, 0.768067777157, 0.862377762794, 1.09076750278, 1.00334501266, 0.61012005806, 0.327166110277, 0.180843830109, 0.0569396242499, 0.0166461709887, 0.00149624748155, 4.82786890643e-05, 2.71598146355e-05],
        "min": [6.34886055195e-06, 1.84442360478e-05, 0.000142481541843, 0.000408848834923, 0.00345794437453, 0.0242104157805, 0.0511254817247, 0.0465805344284, 0.0169577747583, 0.0620487518609, 0.0880690291524, 0.099036552012, 0.0479756370187, 0.0491211675107, 0.0488809756935, 0.0773524567485, 0.052296731621, 0.072065345943, 0.0453495383263, 0.0191462058574, 0.00396542809904, 0.00573102151975, 0.00464380299672, 0.00117144803517, 0.000426537735621, 0.00026206500479, 2.02883256861e-05, 6.04214801569e-06, 4.66236315333e-06, 3.97065650759e-06, 4.44660099674e-06, 4.28938892583e-06, 4.00348790208e-06, 3.44756358572e-06, 1.98288603315e-06, 1.44990553963e-06, 8.03132536475e-07, 2.29574993682e-07, 3.01719893514e-07, 6.12049234405e-07],
        "stdev": [0.0567493401468, 0.784659683704, 1.99835622311, 2.50810480118, 3.49866199493, 8.34599971771, 27.5600070953, 24.4904727936, 87.1601867676, 181.827224731, 134.653961182, 127.965957642, 209.630828857, 94.3619995117, 73.8453826904, 128.185394287, 151.666503906, 102.071495056, 55.2573852539, 77.6762008667, 60.3933181763, 30.1590328217, 16.5996494293, 14.3716239929, 14.9493217468, 19.2816638947, 2.56038737297, 2.43780660629, 2.04771065712, 2.05100488663, 2.56234192848, 2.41201615334, 1.97488212585, 1.48093736172, 0.809362649918, 0.265729129314, 0.0802663639188, 0.0061676944606, 0.000157419402967, 2.29566921917e-05]
    },
    "gfcc": {
        "mean": [-69.0926208496, 140.408050537, -130.563812256, 13.0933036804, -57.8111228943, 6.97951078415, -36.6100769043, 8.89926338196, -14.8435697556, -8.55063724518, 1.92715287209, -7.67844486237, -5.99118089676],
        "cov": [[6709.12304688, -2765.39990234, -77.0854949951, 910.35546875, -587.879882812, 1228.98693848, -137.327438354, 439.83190918, -21.539855957, 512.821044922, -223.175598145, 463.797485352, -152.859619141], [-2765.39990234, 2487.73413086, -261.674560547, -511.781555176, 590.132202148, -691.43560791, 475.602600098, -165.515075684, 270.478302002, -412.252288818, 470.364074707, -271.387756348, 109.353218079], [-77.0854949951, -261.674560547, 765.469177246, 96.4253768921, -16.4682273865, 138.779647827, -50.1107940674, 45.289604187, -20.0953216553, 194.015045166, -184.80418396, 152.007827759, -126.622497559], [910.35546875, -511.781555176, 96.4253768921, 806.396240234, 6.78828811646, 333.899353027, 24.7775840759, -51.6103134155, 134.570129395, 53.5559387207, -157.735595703, 79.212272644, 20.8362922668], [-587.879882812, 590.132202148, -16.4682273865, 6.78828811646, 531.32232666, -71.4427032471, 201.213882446, 4.27702903748, -14.661980629, 9.0233373642, 34.4131317139, -41.5173225403, 53.4170646667], [1228.98693848, -691.43560791, 138.779647827, 333.899353027, -71.4427032471, 524.371948242, -0.693421423435, 88.4938583374, -30.990114212, 142.197967529, -95.1411056519, 87.2852783203, -30.7921619415], [-137.327438354, 475.602600098, -50.1107940674, 24.7775840759, 201.213882446, -0.693421423435, 423.471343994, 17.4661407471, 98.4896011353, -39.0299758911, 141.957183838, 12.3472833633, -29.9894390106], [439.83190918, -165.515075684, 45.289604187, -51.6103134155, 4.27702903748, 88.4938583374, 17.4661407471, 244.919036865, -23.4149055481, 41.0018234253, 63.4179801941, 37.2565078735, 24.2780475616], [-21.539855957, 270.478302002, -20.0953216553, 134.570129395, -14.661980629, -30.990114212, 98.4896011353, -23.4149055481, 324.194702148, -71.4221878052, 78.0147399902, 32.0272445679, -10.8621768951], [512.821044922, -412.252288818, 194.015045166, 53.5559387207, 9.0233373642, 142.197967529, -39.0299758911, 41.0018234253, -71.4221878052, 322.415496826, -152.508728027, 112.741325378, -37.8035087585], [-223.175598145, 470.364074707, -184.80418396, -157.735595703, 34.4131317139, -95.1411056519, 141.957183838, 63.4179801941, 78.0147399902, -152.508728027, 315.678588867, -75.9912643433, 34.7328872681], [463.797485352, -271.387756348, 152.007827759, 79.212272644, -41.5173225403, 87.2852783203, 12.3472833633, 37.2565078735, 32.0272445679, 112.741325378, -75.9912643433, 239.936050415, -25.3101119995], [-152.859619141, 109.353218079, -126.622497559, 20.8362922668, 53.4170646667, -30.7921619415, -29.9894390106, 24.2780475616, -10.8621768951, -37.8035087585, 34.7328872681, -25.3101119995, 173.762969971]],
        "icov": [[0.000517455977388, 0.000278357067145, 0.000520394183695, -0.000255095743341, 0.000132136090542, -0.000560648331884, 2.41539146373e-05, -0.000557397317607, -0.000101201811049, -0.000340752943885, -0.000266426970484, -0.000472980696941, 0.000535812578164], [0.000278357067145, 0.00295865163207, -0.000709215528332, 0.00114766915794, -0.00205544056371, 0.001194538665, -0.00144895981066, 0.00171494402457, -0.00187407271005, 0.000911875686143, -0.00187634665053, 0.000985296093859, -0.00131783436518], [0.000520394183695, -0.000709215528332, 0.00283495895565, -0.000764065247495, 0.000623840081971, -0.0011158476118, 0.000796187203377, -0.0018073170213, 0.000410957727581, -0.00111064326484, 0.00102586194407, -0.00155169563368, 0.0024149985984], [-0.000255095743341, 0.00114766915794, -0.000764065247495, 0.0032364029903, -0.00126043334603, -0.000811645411886, -0.000928455789108, 0.00193149526604, -0.00212835962884, 0.00119170558173, 0.00070697319461, 0.000770938233472, -0.00198079459369], [0.000132136090542, -0.00205544056371, 0.000623840081971, -0.00126043334603, 0.00444584805518, -0.000631932227407, -0.000628328532912, -0.00179843138903, 0.00181563245133, -0.00139512133319, 0.00165257055778, -0.00029986089794, 0.000115628237836], [-0.000560648331884, 0.001194538665, -0.0011158476118, -0.000811645411886, -0.000631932227407, 0.00511197978631, -0.00113907433115, 0.000240541761741, 0.000120625845739, -3.66525309801e-05, -0.000858156534377, 0.00111138878856, -0.000757824163884], [2.41539146373e-05, -0.00144895981066, 0.000796187203377, -0.000928455789108, -0.000628328532912, -0.00113907433115, 0.00496557494625, -0.000858377607074, 0.000320100050885, -0.000644932908472, -0.00119584938511, -0.00155637145508, 0.002484904835], [-0.000557397317607, 0.00171494402457, -0.0018073170213, 0.00193149526604, -0.00179843138903, 0.000240541761741, -0.000858377607074, 0.00780694838613, -0.000937298114877, 0.000508185883518, -0.00300836702809, 0.000572203658521, -0.00302500836551], [-0.000101201811049, -0.00187407271005, 0.000410957727581, -0.00212835962884, 0.00181563245133, 0.000120625845739, 0.000320100050885, -0.000937298114877, 0.00572424801067, -0.000181051786058, -0.000287753966404, -0.00170255615376, 0.00142245402094], [-0.000340752943885, 0.000911875686143, -0.00111064326484, 0.00119170558173, -0.00139512133319, -3.66525309801e-05, -0.000644932908472, 0.000508185883518, -0.000181051786058, 0.00603920780122, 0.00155212567188, -0.000668336870149, -0.000690827262588], [-0.000266426970484, -0.00187634665053, 0.00102586194407, 0.00070697319461, 0.00165257055778, -0.000858156534377, -0.00119584938511, -0.00300836702809, -0.000287753966404, 0.00155212567188, 0.0084092291072, 0.000596880854573, -0.00011118563998], [-0.000472980696941, 0.000985296093859, -0.00155169563368, 0.000770938233472, -0.00029986089794, 0.00111138878856, -0.00155637145508, 0.000572203658521, -0.00170255615376, -0.000668336870149, 0.000596880854573, 0.00701445760205, -0.00166818394791], [0.000535812578164, -0.00131783436518, 0.0024149985984, -0.00198079459369, 0.000115628237836, -0.000757824163884, 0.002484904835, -0.00302500836551, 0.00142245402094, -0.000690827262588, -0.00011118563998, -0.00166818394791, 0.00945255998522]]
    },
    "melbands": {
        "max": [0.00650391168892, 0.0095281554386, 0.00311817252077, 0.0044294022955, 0.00712629873306, 0.00707837147638, 0.0152964834124, 0.0133748212829, 0.0135456528515, 0.00869513116777, 0.0100175440311, 0.00556708546355, 0.00263031106442, 0.0029031324666, 0.00402273144573, 0.00377028202638, 0.00266370968893, 0.00192183349282, 0.00155992317013, 0.00117223709822, 0.0012088411022, 0.000477647758089, 0.000267813418759, 0.00019767077174, 0.000238363514654, 9.84711878118e-05, 0.000141893164255, 0.000121137003589, 2.52413392445e-05, 1.75590685103e-05, 2.85386049654e-05, 1.56657315529e-05, 1.36381313496e-05, 1.88627564057e-05, 2.04535390367e-05, 1.91536564671e-05, 1.63895128935e-05, 2.3872791644e-05, 1.91766266653e-05, 2.5227867809e-05],
        "mean": [0.000577002298087, 0.000796691572759, 0.000291791395284, 0.000258431537077, 0.000439508352429, 0.000326098001096, 0.000594055920374, 0.000733275839593, 0.000316612888128, 0.000245841016294, 0.000330210721586, 0.000156511407113, 0.000115599548735, 9.51441470534e-05, 9.81667835731e-05, 5.79221705266e-05, 6.38725905446e-05, 2.78137267742e-05, 2.71856733889e-05, 2.68127278105e-05, 2.05994765565e-05, 1.33976582219e-05, 7.99204826762e-06, 5.62077502764e-06, 4.648128197e-06, 4.96230859426e-06, 6.19517186351e-06, 3.78607751372e-06, 6.96902361597e-07, 4.39361770077e-07, 5.48800358047e-07, 4.2318913529e-07, 4.37085361682e-07, 5.02056138885e-07, 6.27997565061e-07, 6.78207527471e-07, 5.76074796754e-07, 4.30423170883e-07, 3.70235540004e-07, 2.40935719376e-07],
        "min": [4.25517008296e-08, 6.50075122621e-08, 8.69487593036e-08, 4.20445530835e-07, 1.31210276777e-06, 9.63347019933e-07, 2.10755317198e-07, 1.53177083462e-07, 7.54590871566e-07, 6.31916066141e-07, 1.44815231806e-07, 1.47604950484e-07, 1.47378997895e-07, 1.28368895957e-07, 8.29774720046e-08, 3.88722050104e-08, 5.64466482444e-08, 5.44278471182e-08, 1.82168538032e-08, 7.04449787392e-09, 4.34806501914e-09, 4.99930363773e-09, 4.87416373929e-09, 3.04465141987e-09, 4.95541385703e-10, 1.44200734686e-10, 3.63598845476e-10, 8.04692631973e-11, 3.29488389697e-12, 1.65406653218e-12, 1.61323938149e-12, 1.54495394342e-12, 1.62323702656e-12, 1.58546559128e-12, 1.85832881201e-12, 1.54413862339e-12, 1.82938581818e-12, 1.79399941083e-12, 1.65539522194e-12, 1.1414540103e-12],
        "stdev": [0.000648707791697, 0.000958714226726, 0.000391429901356, 0.000370669033146, 0.000773017934989, 0.000575920392293, 0.00140072044451, 0.00186133082025, 0.00103726552334, 0.000731270585675, 0.00106092914939, 0.000419524178142, 0.000298954779282, 0.000280623295112, 0.00031225226121, 0.000254085491179, 0.000215091058635, 0.00010068318079, 0.000101499361335, 9.26557331695e-05, 7.93953076936e-05, 4.01993747801e-05, 1.89477414096e-05, 1.51772437675e-05, 1.26335653476e-05, 1.05890412669e-05, 1.51572003233e-05, 1.13728956421e-05, 1.87695536624e-06, 1.20551828786e-06, 1.61508057772e-06, 1.21373102502e-06, 1.07304094854e-06, 1.23363872717e-06, 1.48740753048e-06, 1.68508222487e-06, 1.46895092712e-06, 1.41869782055e-06, 1.41009161325e-06, 1.27048258491e-06]
    },
    "melbands128": {
        "max": [0.00509531795979, 0.00963704939932, 0.00589406117797, 0.0144117604941, 0.0132925380021, 0.00875609926879, 0.00472325598821, 0.0046526202932, 0.00456423219293, 0.00666481582448, 0.00716789532453, 0.00762398866937, 0.013122475706, 0.00879816524684, 0.0132425259799, 0.00997658260167, 0.0134883671999, 0.0291427411139, 0.0228712037206, 0.0256427526474, 0.0185332801193, 0.0210317391902, 0.0232516471297, 0.0162723325193, 0.0185130797327, 0.0073280245997, 0.0106515735388, 0.0199177488685, 0.0140987355262, 0.00828553643078, 0.00814975704998, 0.00551960244775, 0.00459213880822, 0.00587751762941, 0.0016880776966, 0.00577602535486, 0.00534333102405, 0.00439711473882, 0.0120424851775, 0.0083576887846, 0.00669166585431, 0.00387926562689, 0.00416580354795, 0.00366873759776, 0.00335431750864, 0.00429605506361, 0.00274976855144, 0.00294357584789, 0.00373115809634, 0.00280076288618, 0.00260935840197, 0.00189740594942, 0.00244439952075, 0.00162821670529, 0.00154234154616, 0.000596978934482, 0.000361721118679, 0.000564834743273, 0.000681833655108, 0.000289859162876, 0.000446792895673, 0.00014780665515, 0.000474824628327, 0.000286268215859, 0.000115182854643, 0.000188357473235, 0.000222146889428, 0.000176101384568, 0.000140494244988, 0.000471681036288, 0.000201534872758, 0.000182230185601, 5.22977243236e-05, 3.21222942148e-05, 1.53789696924e-05, 2.14954925468e-05, 2.89878316835e-05, 2.67441027972e-05, 5.35493054485e-05, 3.68776745745e-05, 1.92429270101e-05, 2.16227144847e-05, 2.42776714003e-05, 9.81544599199e-06, 3.08058806695e-05, 2.07226767088e-05, 1.6259820768e-05, 2.01160855795e-05, 2.06025251828e-05, 2.46752442763e-05, 2.6773668651e-05, 2.51211258728e-05, 2.93676366709e-05, 2.18468248931e-05, 2.08739802474e-05, 3.15172983392e-05, 2.52077679761e-05, 3.08352973661e-05, 2.38496559177e-05, 2.07936536754e-05, 2.36888918153e-05, 3.22094965668e-05, 2.26879328693e-05, 2.29101715377e-05, 2.18796976696e-05, 8.62517845235e-06, 1.02984831756e-05, 1.14165868581e-05, 1.02890571725e-05, 7.89343175711e-06, 7.87153931014e-06, 7.57928592066e-06, 5.33312686457e-06, 2.87922375719e-06, 1.68347139606e-06, 9.62193212217e-07, 5.71823079554e-07, 3.21150309901e-07, 5.66219391374e-08, 5.51557661765e-08, 5.37192264005e-08, 5.55486110443e-08, 5.15566327408e-08, 5.06550570378e-08, 4.98786327796e-08, 4.92248837247e-08, 4.88055924563e-08, 4.85438711451e-08],
        "mean": [5.04203599121e-05, 0.000272158678854, 0.000809325138107, 0.00113863451406, 0.000838889158331, 0.000581175496336, 0.000337437260896, 0.000181107112439, 0.000248247699346, 0.000227539028856, 0.000287313887384, 0.000375912670279, 0.000574451463763, 0.000414032459958, 0.000213424966205, 0.000341248203767, 0.000446669670055, 0.000636228127405, 0.000716203649063, 0.0010953451274, 0.00051264843205, 0.000294839817798, 0.000319668382872, 0.00028114739689, 0.000336416211212, 0.000131638909806, 0.0002815646003, 0.000484328658786, 0.000227021184401, 0.000187009296496, 0.000117379138828, 0.000104799015389, 0.0001620787516, 8.82949971128e-05, 3.66908352589e-05, 0.000124814949231, 0.000154553446919, 5.88359434914e-05, 0.000106759121991, 8.26370887808e-05, 2.75044567388e-05, 5.33781967533e-05, 7.76845627115e-05, 6.55810436001e-05, 2.97604401567e-05, 2.36046889768e-05, 2.27179316425e-05, 1.80652896233e-05, 3.44222535205e-05, 4.042254659e-05, 2.38783868554e-05, 1.42604776556e-05, 2.11328788282e-05, 2.22485468839e-05, 2.38619140873e-05, 1.02661688288e-05, 6.64800199957e-06, 9.72888119577e-06, 8.46383682074e-06, 5.28850114279e-06, 5.86584246776e-06, 4.57201667814e-06, 6.28079578746e-06, 4.38418419435e-06, 2.94140522783e-06, 4.78139190818e-06, 6.47731258141e-06, 5.06634751218e-06, 5.21084939464e-06, 1.00132974694e-05, 3.1508709526e-06, 1.60018385031e-06, 9.28469830797e-07, 5.48189575511e-07, 3.52677517412e-07, 4.51376678257e-07, 4.58238048395e-07, 4.99011889588e-07, 6.13122779214e-07, 5.4859674492e-07, 4.10294830999e-07, 3.60457107718e-07, 4.47470114295e-07, 4.20278041702e-07, 4.90195702696e-07, 3.93352422634e-07, 5.20616822541e-07, 6.71206692004e-07, 6.52814321711e-07, 5.70576332848e-07, 6.37921289126e-07, 7.22425681943e-07, 7.49072114559e-07, 5.4030880392e-07, 5.0555308917e-07, 4.79499021822e-07, 3.68385741467e-07, 4.26079367344e-07, 4.24696708023e-07, 3.25788477085e-07, 2.51036794907e-07, 2.19890537778e-07, 2.30828291592e-07, 2.50327133244e-07, 2.80123856555e-07, 1.29258310722e-07, 1.1500271313e-07, 1.03429883325e-07, 9.29611729816e-08, 8.13975447045e-08, 8.75655032928e-08, 7.37855430089e-08, 5.1109068977e-08, 2.45789770759e-08, 2.42349784685e-08, 1.51010119964e-08, 5.52785772712e-09, 7.9296336164e-10, 1.0017104507e-10, 1.36660197048e-10, 1.47106840598e-10, 1.49929110793e-10, 9.26714191496e-11, 6.46656339587e-11, 6.31927773997e-11, 6.1948293717e-11, 6.11891856628e-11, 6.08249561829e-11],
        "min": [1.14696918629e-09, 1.55259822776e-08, 4.15453733638e-08, 1.30914159513e-08, 1.76529404428e-08, 5.23209209291e-08, 3.61931675741e-08, 7.14016508141e-08, 3.53703910605e-08, 1.270363299e-07, 1.11191361896e-07, 4.1082124369e-08, 3.65022344795e-07, 2.8382896744e-07, 1.25941880924e-07, 1.13667582013e-07, 7.16437540405e-08, 5.67149811559e-08, 3.02991232104e-08, 1.4611714505e-07, 7.02435301037e-08, 6.35683505834e-08, 4.42999663619e-08, 1.07245853087e-07, 1.17431206093e-07, 4.32066862288e-08, 1.04911265453e-07, 1.12973758348e-07, 5.04343873331e-08, 2.43709692427e-08, 1.11719451468e-08, 6.49850022683e-08, 2.22230926994e-08, 2.78158438505e-08, 8.28782376061e-09, 4.79931223651e-08, 4.36906866241e-08, 3.85206533338e-08, 3.96043731143e-08, 3.24728404166e-08, 1.06565583025e-08, 6.97677426942e-09, 5.36316875355e-08, 1.00565218375e-08, 1.14486038427e-08, 1.13224061238e-08, 2.71489852821e-09, 1.23883059366e-09, 1.4586520436e-08, 1.71953029593e-08, 3.47039819104e-09, 1.16544729423e-09, 4.79737860548e-10, 4.728455405e-09, 3.69941477452e-09, 1.60593061072e-09, 3.10222181277e-09, 1.92574090008e-09, 2.2515525e-09, 4.16985646012e-09, 4.32216928914e-10, 3.21703802486e-10, 2.02780486847e-10, 3.18573535607e-11, 6.25141813315e-11, 1.95507526835e-10, 1.33042118988e-10, 1.02526792611e-10, 2.3943233507e-10, 5.74018298172e-11, 7.87477305586e-11, 6.08004748978e-12, 1.97019852689e-12, 2.29089533801e-12, 1.93644384382e-12, 1.02064645797e-12, 1.21667021076e-12, 1.18686701092e-12, 1.21317344191e-12, 9.03282331745e-13, 9.58355248458e-13, 1.1726035724e-12, 1.08252805591e-12, 1.19367916159e-12, 1.18582368317e-12, 1.56752703265e-12, 1.44250898119e-12, 9.15393845793e-13, 1.17683055141e-12, 1.36866180282e-12, 1.12628743137e-12, 9.86829108013e-13, 1.68005865296e-12, 4.68710356985e-13, 1.53777132087e-12, 1.46392045621e-12, 1.52056416503e-12, 1.18473048212e-12, 6.39562946873e-13, 2.74645594895e-13, 6.4643326499e-13, 7.00594096625e-13, 1.05843480681e-12, 9.90548138305e-13, 4.63839632935e-13, 7.22564152608e-13, 5.73818878698e-13, 5.81701841643e-13, 6.33430536755e-13, 4.72814116418e-13, 4.66874911127e-13, 4.81200474432e-13, 6.16496383023e-13, 5.29725460545e-13, 4.26696682545e-13, 5.65064759307e-13, 5.24935617977e-13, 3.80082629866e-13, 3.99409265427e-13, 4.40633694896e-13, 4.99986282845e-13, 4.3610411506e-13, 4.88384452237e-13, 4.64335059118e-13, 3.40915989015e-13, 1.10952771222e-13, 1.13364238447e-14, 4.59633376163e-16],
        "stdev": [0.000181721479748, 0.000437696202425, 0.000931949936785, 0.00160666927695, 0.00126971048303, 0.000918834062759, 0.000597859674599, 0.000326827750541, 0.00043722850387, 0.000481327821035, 0.000589771487284, 0.000676286814269, 0.00132462568581, 0.00095048523508, 0.000671395566314, 0.000846664712299, 0.00116022932343, 0.00237729749642, 0.00198654877022, 0.00322282360867, 0.00188313086983, 0.00146309030242, 0.00152453302871, 0.00120225676801, 0.00144286721479, 0.000496122869663, 0.000915083859582, 0.00192124547902, 0.00103633687831, 0.000679581309669, 0.000459757109638, 0.000388806423871, 0.000520068220794, 0.000314953707857, 0.000147383165313, 0.000520368281286, 0.000555586419068, 0.000282011111267, 0.000652835471556, 0.000533821585122, 0.000240164503339, 0.000287050643237, 0.000334096257575, 0.000260520755546, 0.000164944853168, 0.000156323207193, 0.000119034579257, 0.000115950249892, 0.000189815618796, 0.000188782738405, 0.000127108462038, 8.6781088612e-05, 0.000137649127282, 0.000110373664938, 0.000102802463516, 4.10501997976e-05, 2.51694582403e-05, 3.03187116515e-05, 3.1492261769e-05, 2.0916619178e-05, 2.62421381194e-05, 1.35171449074e-05, 2.3926515496e-05, 1.63641725521e-05, 9.03721684153e-06, 1.42483004311e-05, 1.83820429811e-05, 1.57883278007e-05, 1.56906171469e-05, 4.34204048361e-05, 1.22509754874e-05, 7.11534585207e-06, 3.39657617587e-06, 1.89699994735e-06, 1.18823584216e-06, 1.32017441956e-06, 1.57705119364e-06, 1.63881929893e-06, 2.21457958105e-06, 1.77071740382e-06, 1.29659906634e-06, 1.22297888083e-06, 1.38142127071e-06, 1.03177069377e-06, 1.43342583669e-06, 1.09867551146e-06, 1.41646444263e-06, 1.81725965831e-06, 1.6430302594e-06, 1.65500580351e-06, 1.81629729923e-06, 1.93383198166e-06, 2.01696298063e-06, 1.46100148868e-06, 1.57249439781e-06, 1.79440985448e-06, 1.33472508423e-06, 1.67412781593e-06, 1.68878466411e-06, 1.40021631978e-06, 1.27389671434e-06, 1.35310426685e-06, 1.34876609081e-06, 1.2323878309e-06, 1.31383183088e-06, 6.00914802362e-07, 5.66406583857e-07, 5.65602647384e-07, 5.15905924203e-07, 4.27903586342e-07, 4.8091391136e-07, 4.31566178349e-07, 3.11306649792e-07, 1.30376307084e-07, 1.08396086773e-07, 6.53374385706e-08, 3.21255377855e-08, 1.23549819264e-08, 1.71422098738e-09, 2.18543738661e-09, 1.9635197912e-09, 2.292939838e-09, 1.58829482899e-09, 1.4998686737e-09, 1.4766182721e-09, 1.45709710964e-09, 1.44452216855e-09, 1.43670697561e-09]
    },
    "mfcc": {
        "mean": [-711.973449707, 170.416305542, -10.1643505096, 8.24426269531, 4.9256401062, -7.37262153625, -5.51463603973, 10.1384449005, -14.5793390274, 9.5477104187, -4.58500242233, 0.0845347940922, 4.01227378845],
        "cov": [[6678.80859375, -2779.23510742, 36.8963813782, -10.2468690872, -90.3233947754, 567.588134766, 134.135742188, 154.222305298, 230.703460693, 236.325958252, -30.9762973785, 214.470916748, 90.8152923584], [-2779.23510742, 2486.85742188, -443.124450684, -13.0800170898, 17.083656311, -416.513305664, 72.447517395, 220.406555176, -284.37121582, 58.3938217163, 102.891227722, -45.7372093201, 139.594451904], [36.8963813782, -443.124450684, 648.872558594, -8.11184692383, -10.6439218521, 132.742828369, -109.918502808, -5.72987508774, 65.3886489868, -28.8248691559, 62.8624229431, 48.0836715698, -31.4395904541], [-10.2468690872, -13.0800170898, -8.11184692383, 515.295471191, 5.26753902435, 310.182067871, -78.3587112427, 53.4225616455, 157.571487427, -24.7093467712, -45.6187477112, 126.80922699, 27.0985965729], [-90.3233947754, 17.083656311, -10.6439218521, 5.26753902435, 290.146240234, -44.7706794739, 97.5187911987, -13.6368608475, 52.7964057922, 12.0037488937, -51.2332992554, -8.61554431915, -1.4531005621], [567.588134766, -416.513305664, 132.742828369, 310.182067871, -44.7706794739, 592.639404297, -54.0411567688, -3.74609279633, 206.451675415, -53.3846321106, 41.6758995056, 109.327903748, -36.5197906494], [134.135742188, 72.447517395, -109.918502808, -78.3587112427, 97.5187911987, -54.0411567688, 455.329315186, -13.8760042191, 44.4027748108, 24.4731616974, 55.970489502, -43.2942085266, 42.228767395], [154.222305298, 220.406555176, -5.72987508774, 53.4225616455, -13.6368608475, -3.74609279633, -13.8760042191, 400.172363281, -102.332023621, 120.079612732, 8.49760627747, 27.5251312256, 126.931983948], [230.703460693, -284.37121582, 65.3886489868, 157.571487427, 52.7964057922, 206.451675415, 44.4027748108, -102.332023621, 305.185974121, -79.1141815186, 3.26498246193, 60.3248558044, -10.2363290787], [236.325958252, 58.3938217163, -28.8248691559, -24.7093467712, 12.0037488937, -53.3846321106, 24.4731616974, 120.079612732, -79.1141815186, 216.27192688, 9.88479709625, 19.9728717804, 33.4304161072], [-30.9762973785, 102.891227722, 62.8624229431, -45.6187477112, -51.2332992554, 41.6758995056, 55.970489502, 8.49760627747, 3.26498246193, 9.88479709625, 222.813644409, -26.4162979126, 34.5099334717], [214.470916748, -45.7372093201, 48.0836715698, 126.80922699, -8.61554431915, 109.327903748, -43.2942085266, 27.5251312256, 60.3248558044, 19.9728717804, -26.4162979126, 187.629486084, -1.52807927132], [90.8152923584, 139.594451904, -31.4395904541, 27.0985965729, -1.4531005621, -36.5197906494, 42.228767395, 126.931983948, -10.2363290787, 33.4304161072, 34.5099334717, -1.52807927132, 181.912826538]],
        "icov": [[0.000476391491247, 0.000641937600449, 0.000459998671431, 0.000289579096716, 5.85202833463e-05, -0.000230292367633, -0.000109086846351, -0.00027499490534, 7.04459525878e-05, -0.000342106388416, -0.000193659740034, -0.000566561240703, -0.000423814053647], [0.000641937600449, 0.00150787283201, 0.000994399772026, 7.74320506025e-06, -9.12987889023e-05, 0.000203627860174, -0.000134770278237, -0.000618314661551, 0.000540897366591, -0.000140882184496, -0.000915605633054, -0.000982063356787, -0.000582215609029], [0.000459998671431, 0.000994399772026, 0.00253657926805, 0.000597034348175, -0.000314157543471, -0.000296145764878, 0.000495694635902, -0.000636616081465, -6.34989337414e-05, 3.88649787055e-05, -0.00121446722187, -0.00112711312249, -0.000165876743267], [0.000289579096716, 7.74320506025e-06, 0.000597034348175, 0.00413397559896, -0.000128898100229, -0.00204148842022, 0.000510151847266, -0.000467890436994, -0.00113272981253, -0.000224572315346, 0.00098695314955, -0.00138790684287, -0.00108731398359], [5.85202833463e-05, -9.12987889023e-05, -0.000314157543471, -0.000128898100229, 0.00435102172196, 0.000455472822068, -0.000970932189375, -8.27697804198e-05, -0.00120598718058, -0.000646252534352, 0.00134097004775, 0.000448057428002, 0.000215363470488], [-0.000230292367633, 0.000203627860174, -0.000296145764878, -0.00204148842022, 0.000455472822068, 0.00392738683149, 4.72759784316e-05, -0.000623184838332, -0.00119185703807, 0.000626601860859, -0.00135165464599, -0.000258251908235, 0.00149960548151], [-0.000109086846351, -0.000134770278237, 0.000495694635902, 0.000510151847266, -0.000970932189375, 4.72759784316e-05, 0.00294938590378, 0.000134447342134, -0.000817857624497, -0.000291337113595, -0.000827809562907, 0.000382540718419, -0.000441415351816], [-0.00027499490534, -0.000618314661551, -0.000636616081465, -0.000467890436994, -8.27697804198e-05, -0.000623184838332, 0.000134447342134, 0.00461549917236, 0.00146614189725, -0.00150568003301, 0.000677034200635, 0.000119480151625, -0.00257429899648], [7.04459525878e-05, 0.000540897366591, -6.34989337414e-05, -0.00113272981253, -0.00120598718058, -0.00119185703807, -0.000817857624497, 0.00146614189725, 0.00652808602899, 0.00139942893293, -0.000482289033243, -0.00125690281857, -0.00118344346993], [-0.000342106388416, -0.000140882184496, 3.88649787055e-05, -0.000224572315346, -0.000646252534352, 0.000626601860859, -0.000291337113595, -0.00150568003301, 0.00139942893293, 0.00662593310699, -0.000690443615895, -0.00099065003451, 0.000541683111805], [-0.000193659740034, -0.000915605633054, -0.00121446722187, 0.00098695314955, 0.00134097004775, -0.00135165464599, -0.000827809562907, 0.000677034200635, -0.000482289033243, -0.000690443615895, 0.00655968021601, 0.0013432566775, -0.00123189075384], [-0.000566561240703, -0.000982063356787, -0.00112711312249, -0.00138790684287, 0.000448057428002, -0.000258251908235, 0.000382540718419, 0.000119480151625, -0.00125690281857, -0.00099065003451, 0.0013432566775, 0.0079113189131, 0.000750921550207], [-0.000423814053647, -0.000582215609029, -0.000165876743267, -0.00108731398359, 0.000215363470488, 0.00149960548151, -0.000441415351816, -0.00257429899648, -0.00118344346993, 0.000541683111805, -0.00123189075384, 0.000750921550207, 0.00856415182352]]
    },
    "spectral_contrast_coeffs": {
        "max": [-0.327217131853, -0.369243681431, -0.457549512386, -0.571162462234, -0.510243594646, -0.526130318642],
        "mean": [-0.690554618835, -0.685566365719, -0.716919362545, -0.767533063889, -0.73581045866, -0.760759294033],
        "min": [-0.907099306583, -0.873154401779, -0.889783740044, -0.888599157333, -0.871340036392, -0.942982971668],
        "stdev": [0.0961276218295, 0.0935158133507, 0.0819545462728, 0.0582389384508, 0.0630156472325, 0.0623383969069]
    },
    "spectral_contrast_valleys": {
        "max": [-5.52949810028, -5.6212515831, -6.04385757446, -6.6081161499, -6.44480657578, -8.40246677399],
        "mean": [-7.17622613907, -7.07876968384, -7.80270528793, -8.27068996429, -8.93820381165, -11.9725513458],
        "min": [-10.5986938477, -9.07426452637, -10.1371068954, -10.7954072952, -12.896607399, -15.9223661423],
        "stdev": [0.882414579391, 0.631455302238, 0.726790547371, 0.758915841579, 1.05083942413, 1.56885612011]
    }
},
"rhythm": {
    "beats_count": 72,
    "beats_loudness": {
        "max": 0.0742799788713,
        "mean": 0.0261975117028,
        "min": 0.00168137706351,
        "stdev": 0.0184169150889
    },
    "bpm": 129.535064697,
    "bpm_histogram_first_peak_bpm": 129,
    "bpm_histogram_first_peak_weight": 0.40625,
    "bpm_histogram_second_peak_bpm": 136,
    "bpm_histogram_second_peak_spread": 0.333333313465,
    "bpm_histogram_second_peak_weight": 0.112676054239,
    "danceability": 0.970074653625,
    "onset_rate": 2.83007788658,
    "beats_loudness_band_ratio": {
        "max": [0.927586495876, 0.837926864624, 0.85627412796, 0.760563254356, 0.63461792469, 0.236930444837],
        "mean": [0.253718316555, 0.20520041883, 0.367271542549, 0.138941556215, 0.0664694905281, 0.0190585069358],
        "min": [0.00571735342965, 0.0180310998112, 0.00356746045873, 0.00532161165029, 0.00125983322505, 8.02728536655e-05],
        "stdev": [0.258996456861, 0.211220443249, 0.23079867661, 0.14705376327, 0.0975037440658, 0.0316055081785]
    },
