{
"metadata": {
    "version": {
        "essentia": "2.1-beta5",
        "essentia_git_sha": "Undefined",
        "extractor": "music 2.0"
    },
    "audio_properties": {
        "analysis": {
            "equal_loudness": 0,
            "length": 12.7477550507,
            "sample_rate": 44100,
            "start_time": 0,
            "downmix": "mix"
        },
        "bit_rate": 192000,
        "length": 185.248809814,
        "lossless": 0,
        "number_channels": 2,
        "replay_gain": 9.17555809021,
        "sample_rate": 48000,
        "codec": "mp3",
        "md5_encoded": "fb8460bd9f26ee2fa6e3dcb8a446de36"
    },
    "tags": {
        "file_name": "Albania_World_Lindita.mp3",
        "encoding": ["Lavf58.29.100"]
    }
},
"lowlevel": {
    "average_loudness": 0.739605128765,
    "barkbands_crest": {
        "max": 24.2161579132,
        "mean": 9.03343105316,
        "min": 2.59477615356,
        "stdev": 4.08612775803
    },
    "barkbands_flatness_db": {
        "max": 0.403482168913,
        "mean": 0.173796474934,
        "min": 0.0461312308908,
        "stdev": 0.0711565464735
    },
    "barkbands_kurtosis": {
        "max": 35.7485427856,
        "mean": 1.75422132015,
        "min": -1.31483316422,
        "stdev": 3.46184563637
    },
    "barkbands_skewness": {
        "max": 4.96100282669,
        "mean": 0.834502339363,
        "min": -0.960814654827,
        "stdev": 0.781987130642
    },
    "barkbands_spread": {
        "max": 37.1968841553,
        "mean": 12.0075817108,
        "min": 1.74704086781,
        "stdev": 4.58660411835
    },
    "dissonance": {
        "max": 0.5,
        "mean": 0.471776247025,
        "min": 0.346972316504,
        "stdev": 0.0262636039406
    },
    "dynamic_complexity": 5.55192661285,
    "erbbands_crest": {
        "max": 26.2929878235,
        "mean": 10.1871328354,
        "min": 3.92615270615,
        "stdev": 4.26740026474
    },
    "erbbands_flatness_db": {
        "max": 0.351346433163,
        "mean": 0.238454729319,
        "min": 0.124547973275,
        "stdev": 0.0437832064927
    },
    "erbbands_kurtosis": {
        "max": 18.7769451141,
        "mean": 1.61060667038,
        "min": -1.1031525135,
        "stdev": 2.29896330833
    },
    "erbbands_skewness": {
        "max": 3.77475857735,
        "mean": 0.596699893475,
        "min": -1.31908094883,
        "stdev": 0.70903223753
    },
    "erbbands_spread": {
        "max": 46.1052894592,
        "mean": 15.901599884,
        "min": 4.28729820251,
        "stdev": 5.6101360321
    },
    "hfc": {
        "max": 125.901306152,
        "mean": 15.758471489,
        "min": 0.168491855264,
        "stdev": 18.7663974762
    },
    "loudness_ebu128": {
        "integrated": -31.2127170563,
        "loudness_range": 10.4405651093,
        "momentary": {
            "max": -26.7346458435,
            "mean": -34.8706970215,
            "min": -50.8864135742,
            "stdev": 6.15777015686
        },
        "short_term": {
            "max": -29.1116390228,
            "mean": -34.3718147278,
            "min": -44.3135299683,
            "stdev": 3.86425209045
        }
    },
    "melbands_crest": {
        "max": 30.3849086761,
        "mean": 12.0715227127,
        "min": 3.40511274338,
        "stdev": 5.67335224152
    },
    "melbands_flatness_db": {
        "max": 0.57380014658,
        "mean": 0.223247662187,
        "min": 0.0467527844012,
        "stdev": 0.113288268447
    },
    "melbands_kurtosis": {
        "max": 44.0991325378,
        "mean": 3.44570612907,
        "min": -1.31881546974,
        "stdev": 5.34444189072
    },
    "melbands_skewness": {
        "max": 5.08756113052,
        "mean": 1.12526893616,
        "min": -0.692088007927,
        "stdev": 0.87960600853
    },
    "melbands_spread": {
        "max": 65.7080078125,
        "mean": 18.5895881653,
        "min": 2.25255060196,
        "stdev": 8.62347793579
    },
    "pitch_salience": {
        "max": 0.896773695946,
        "mean": 0.63883548975,
        "min": 0.245724871755,
        "stdev": 0.133867114782
    },
    "silence_rate_20dB": {
        "max": 1,
        "mean": 1,
        "min": 1,
        "stdev": 0
    },
    "silence_rate_30dB": {
        "max": 1,
        "mean": 0.990909099579,
        "min": 0,
        "stdev": 0.0949111878872
    },
    "silence_rate_60dB": {
        "max": 1,
        "mean": 0.249090909958,
        "min": 0,
        "stdev": 0.43248835206
    },
    "spectral_centroid": {
        "max": 3631.94287109,
        "mean": 1161.46459961,
        "min": 330.728607178,
        "stdev": 503.438873291
    },
    "spectral_complexity": {
        "max": 42,
        "mean": 17.4254550934,
        "min": 0,
        "stdev": 10.4224061966
    },
    "spectral_decrease": {
        "max": -1.97798305512e-11,
        "mean": -5.77812775404e-09,
        "min": -3.8321971374e-08,
        "stdev": 5.89429038911e-09
    },
    "spectral_energy": {
        "max": 0.155738279223,
        "mean": 0.0232373215258,
        "min": 9.56718431553e-05,
        "stdev": 0.0236125849187
    },
    "spectral_energyband_high": {
        "max": 0.00391321443021,
        "mean": 0.0001572627516,
        "min": 1.227304125e-08,
        "stdev": 0.000309185212245
    },
    "spectral_energyband_low": {
        "max": 0.105823867023,
        "mean": 0.00677139079198,
        "min": 1.21961613786e-06,
        "stdev": 0.0113509502262
    },
    "spectral_energyband_middle_high": {
        "max": 0.0439427085221,
        "mean": 0.00622806604952,
        "min": 4.52638923889e-05,
        "stdev": 0.00763081898913
    },
    "spectral_energyband_middle_low": {
        "max": 0.142642617226,
        "mean": 0.0113163711503,
        "min": 2.57679785136e-05,
        "stdev": 0.016119459644
    },
    "spectral_entropy": {
        "max": 8.25874233246,
        "mean": 7.36496019363,
        "min": 6.24920034409,
        "stdev": 0.524976670742
    },
    "spectral_flux": {
        "max": 0.234111368656,
        "mean": 0.073030360043,
        "min": 0.00659645767882,
        "stdev": 0.0439360253513
    },
    "spectral_kurtosis": {
        "max": 106.094398499,
        "mean": 12.8023080826,
        "min": 1.54520225525,
        "stdev": 13.8458127975
    },
    "spectral_rms": {
        "max": 0.0123263858259,
        "mean": 0.00406486727297,
        "min": 0.000305513327476,
        "stdev": 0.00247939513065
    },
    "spectral_rolloff": {
        "max": 4521.97265625,
        "mean": 1362.1126709,
        "min": 107.666015625,
        "stdev": 714.061523438
    },
    "spectral_skewness": {
        "max": 7.23596000671,
        "mean": 2.35314798355,
        "min": 0.870604217052,
        "stdev": 0.893185317516
    },
    "spectral_spread": {
        "max": 23073816,
        "mean": 2820497.25,
        "min": 530309.5625,
        "stdev": 1368753.75
    },
    "spectral_strongpeak": {
        "max": 10.7544784546,
        "mean": 1.02284085751,
        "min": 0.0161284655333,
        "stdev": 1.41849219799
    },
    "zerocrossingrate": {
        "max": 0.14599609375,
        "mean": 0.0492933243513,
        "min": 0.0078125,
        "stdev": 0.0239231493324
    },
    "barkbands": {
        "max": [0.011702183634, 0.0769593268633, 0.0202439744025, 0.0172002241015, 0.00787223037332, 0.0076585887, 0.0168849807233, 0.00811980571598, 0.139681071043, 0.0458705872297, 0.00805638637394, 0.0111603122205, 0.00901474803686, 0.0123522635549, 0.00689966510981, 0.0109198950231, 0.00664005195722, 0.00333754718304, 0.00188042840455, 0.00161228200886, 0.00108740187716, 0.000526251737028, 0.000626591441687, 0.00080613384489, 0.000448792910902, 0.000127622377477, 1.95319421437e-06],
        "mean": [0.000860384257976, 0.00398862687871, 0.00148330407683, 0.000798553868663, 0.000532634498086, 0.000672072346788, 0.00137428380549, 0.000900358194485, 0.00520582357422, 0.00315081747249, 0.000890934548806, 0.000634218275081, 0.000679744465742, 0.00056320609292, 0.000481995171867, 0.000415146234445, 0.000227883458138, 0.000127029052237, 6.77455609548e-05, 5.56157465326e-05, 4.60728551843e-05, 2.72550441878e-05, 1.99801761482e-05, 1.72968921106e-05, 1.23640102174e-05, 3.96517998524e-06, 2.75287952434e-08],
        "min": [1.84399173708e-09, 1.24569311311e-07, 1.41595378977e-07, 1.99050901983e-07, 1.02808473912e-06, 1.67247208083e-06, 1.12025793442e-06, 1.79098515218e-06, 8.92937441677e-06, 3.05442972603e-06, 1.70809687461e-06, 1.413471864e-06, 1.40082295275e-06, 3.05794583255e-06, 1.78713696641e-06, 1.00309466688e-06, 1.30946637e-06, 1.13595581297e-06, 2.15242579316e-07, 2.72115432409e-08, 8.05399968939e-10, 7.39367456148e-10, 1.10317688318e-09, 1.10651643404e-09, 1.24298282778e-09, 1.22568832861e-09, 5.50268164368e-10],
        "stdev": [0.00197880156338, 0.00767468893901, 0.00246258475818, 0.00167978345416, 0.000862964254338, 0.00118728249799, 0.00250107934698, 0.00124924629927, 0.0128173455596, 0.00590443983674, 0.00120005069766, 0.000970211985987, 0.00102152093314, 0.000978756695986, 0.000784177216701, 0.000918545294553, 0.000432194996392, 0.000235674466239, 0.000132906803628, 0.000109059677925, 9.29818270379e-05, 5.00502246723e-05, 4.53698594356e-05, 4.49555918749e-05, 2.98721788567e-05, 1.18275283967e-05, 1.62675263482e-07]
    },
    "erbbands": {
        "max": [2.3425655365, 17.1153659821, 27.0802593231, 42.9851837158, 35.0297355652, 16.3757095337, 33.8047943115, 69.8890762329, 254.296905518, 119.03994751, 210.233917236, 2338.36352539, 2488.33496094, 597.352294922, 301.077789307, 509.25680542, 386.212982178, 647.027770996, 382.88269043, 444.537658691, 511.471984863, 331.45916748, 175.338577271, 173.868103027, 40.229347229, 77.4638137817, 73.9654388428, 17.490064621, 19.4648742676, 15.6520442963, 17.2902145386, 24.1559791565, 6.24305438995, 6.21989631653, 2.09167957306, 0.816526114941, 0.152291014791, 0.0226830076426, 0.000479835900478, 0.000182470481377],
        "mean": [0.166432350874, 0.698397278786, 1.74268126488, 2.3719060421, 2.13027119637, 1.52247822285, 2.25459814072, 6.37074995041, 21.3703517914, 14.0336847305, 27.3362159729, 103.260299683, 157.504043579, 53.8139419556, 34.9643592834, 28.1064949036, 30.8058280945, 33.7619590759, 25.3875198364, 24.2100715637, 20.0859947205, 12.3378715515, 7.58690071106, 4.61052846909, 2.97270560265, 2.64879250526, 2.37039804459, 1.39996337891, 1.03388178349, 0.753504812717, 0.540304839611, 0.395788550377, 0.262286007404, 0.158141791821, 0.0764655321836, 0.0258925445378, 0.00550294760615, 0.000502153823618, 2.30397017731e-05, 2.76577939076e-05],
        "min": [2.08483061215e-06, 2.78287734545e-05, 0.000233064158238, 0.000686784449499, 0.000689216365572, 0.00475056143478, 0.0102686425671, 0.0188428107649, 0.0178325902671, 0.0361685231328, 0.0360430441797, 0.177911028266, 0.141190007329, 0.101069062948, 0.0880467742682, 0.0692503005266, 0.0742873847485, 0.166236042976, 0.0738716050982, 0.0811599642038, 0.0771181210876, 0.0635440796614, 0.0734836831689, 0.0344415009022, 0.0203184597194, 0.0017571519129, 0.000159397779498, 6.0101145209e-05, 4.53526845376e-05, 3.87674444937e-05, 5.13298546139e-05, 4.40903349954e-05, 3.81257195841e-05, 3.71056303266e-05, 2.41454999923e-05, 1.0322192793e-05, 3.60280046152e-06, 7.57800933116e-07, 3.36507525844e-07, 2.01937439215e-07],
        "stdev": [0.347163677216, 1.37676906586, 2.92289113998, 4.36377096176, 4.00666713715, 2.33437871933, 4.37204265594, 11.3352642059, 40.8716583252, 18.3173217773, 38.0070991516, 230.502655029, 328.89263916, 70.4938812256, 42.9170570374, 42.1792564392, 45.4650611877, 56.590221405, 39.0836830139, 44.6153907776, 42.8877449036, 23.0412349701, 13.7962551117, 10.1789112091, 4.76010274887, 5.29754161835, 5.37888479233, 2.36934947968, 1.93704509735, 1.47031641006, 1.28337180614, 1.19716525078, 0.55531591177, 0.389347940683, 0.181102663279, 0.0748385861516, 0.0163162183017, 0.00200687767938, 4.29187748523e-05, 2.77258477581e-05]
    },
    "gfcc": {
        "mean": [-75.6493835449, 130.69430542, -162.537887573, -0.306477427483, -57.909122467, 14.9499835968, -25.505355835, 10.7594575882, -12.1689834595, -3.88242006302, -13.1452455521, -11.1859884262, -1.31602096558],
        "cov": [[5767.71386719, -1039.95166016, -292.782928467, -13.0820646286, -59.534992218, 409.972900391, 335.629058838, 380.172485352, 112.813865662, 171.512084961, -299.428039551, 208.251586914, -44.1445922852], [-1039.95166016, 5348.70800781, 1402.32897949, -35.9262428284, 1741.53710938, -749.169616699, 1135.14770508, -413.383239746, 727.023925781, -291.740905762, 793.969299316, -251.378585815, 277.968963623], [-292.782928467, 1402.32897949, 754.561218262, 34.9821472168, 452.850860596, -95.1937789917, 273.726379395, 9.01842308044, 170.724060059, -60.7353630066, 243.931900024, -61.9491271973, 75.0939559937], [-13.0820646286, -35.9262428284, 34.9821472168, 227.126602173, -118.304458618, 41.7388763428, 44.2382965088, -73.3477706909, 41.3790130615, -6.85961341858, -1.53319895267, -2.6738858223, 4.24917840958], [-59.534992218, 1741.53710938, 452.850860596, -118.304458618, 803.567443848, -274.127746582, 357.690368652, -55.6246147156, 177.923248291, -48.3995857239, 244.774871826, -54.4538497925, 61.4983062744], [409.972900391, -749.169616699, -95.1937789917, 41.7388763428, -274.127746582, 242.896743774, -139.511108398, 112.612503052, -55.7793426514, 17.5409259796, -88.3030776978, 16.7360877991, -26.4137096405], [335.629058838, 1135.14770508, 273.726379395, 44.2382965088, 357.690368652, -139.511108398, 451.87890625, -94.6728057861, 223.2787323, -37.8832359314, 107.349403381, -27.793970108, 45.4568214417], [380.172485352, -413.383239746, 9.01842308044, -73.3477706909, -55.6246147156, 112.612503052, -94.6728057861, 186.950515747, -65.9311141968, 35.0567474365, -46.9589233398, 8.9121761322, -9.40196704865], [112.813865662, 727.023925781, 170.724060059, 41.3790130615, 177.923248291, -55.7793426514, 223.2787323, -65.9311141968, 206.144454956, -54.6896705627, 103.743179321, -29.598690033, 32.1591033936], [171.512084961, -291.740905762, -60.7353630066, -6.85961341858, -48.3995857239, 17.5409259796, -37.8832359314, 35.0567474365, -54.6896705627, 93.023399353, -48.3338012695, 33.740436554, -15.6866903305], [-299.428039551, 793.969299316, 243.931900024, -1.53319895267, 244.774871826, -88.3030776978, 107.349403381, -46.9589233398, 103.743179321, -48.3338012695, 196.485107422, -38.5193481445, 57.3046035767], [208.251586914, -251.378585815, -61.9491271973, -2.6738858223, -54.4538497925, 16.7360877991, -27.793970108, 8.9121761322, -29.598690033, 33.740436554, -38.5193481445, 79.9784545898, -13.3314676285], [-44.1445922852, 277.968963623, 75.0939559937, 4.24917840958, 61.4983062744, -26.4137096405, 45.4568214417, -9.40196704865, 32.1591033936, -15.6866903305, 57.3046035767, -13.3314676285, 74.2925033569]],
        "icov": [[0.000388642423786, -5.98664846621e-05, 0.000433563080151, -0.00019638685626, -0.000299404695397, -0.000762708659749, -0.000569982279558, -0.000864478526637, -0.000291769596515, -0.000230214442126, 0.000399477692554, -0.000858766608872, -0.000140607487992], [-5.98664846621e-05, 0.00863205175847, -0.00505896285176, 0.00225394894369, -0.00683489162475, 0.00562847405672, -0.0041387998499, 0.00768187083304, -0.00610173121095, 0.00446767313406, -0.00580122880638, 0.00724357040599, -0.0068255471997], [0.000433563080151, -0.00505896285176, 0.00666532665491, -0.00310255587101, 0.00269009801559, -0.004172175657, 0.000719542324077, -0.00756836961955, 0.00379863101989, -0.00217462214641, 0.000724330369849, -0.00483573041856, 0.00398800475523], [-0.00019638685626, 0.00225394894369, -0.00310255587101, 0.00878007523715, 0.000392287765862, -0.000986459897831, -0.00199472345412, 0.00753223570064, -0.00163662666455, -0.000389149645343, -0.00160219008103, 0.0028738505207, -0.00204001972452], [-0.000299404695397, -0.00683489162475, 0.00269009801559, 0.000392287765862, 0.0106347603723, -0.000694672344252, 0.00124568829779, -0.00669697159901, 0.00587303331122, -0.0035127045121, 0.00103512988426, -0.00470913667232, 0.00706617208198], [-0.000762708659749, 0.00562847405672, -0.004172175657, -0.000986459897831, -0.000694672344252, 0.0169165320694, -0.000577920814976, -0.00127099943347, -0.00578405149281, 0.00490179145709, -0.00407233787701, 0.00571148376912, -0.00275175319985], [-0.000569982279558, -0.0041387998499, 0.000719542324077, -0.00199472345412, 0.00124568829779, -0.000577920814976, 0.0110326744616, -0.00128000299446, -0.00394453061745, -0.00334071787074, 0.00716903060675, -0.00244947103783, 0.00141731032636], [-0.000864478526637, 0.00768187083304, -0.00756836961955, 0.00753223570064, -0.00669697159901, -0.00127099943347, -0.00128000299446, 0.0225587636232, -0.00365581689402, 0.000755408545956, -0.00287954579107, 0.00919193960726, -0.00769414799288], [-0.000291769596515, -0.00610173121095, 0.00379863101989, -0.00163662666455, 0.00587303331122, -0.00578405149281, -0.00394453061745, -0.00365581689402, 0.0198785830289, 0.00088267296087, -0.0021338891238, -0.00426079845056, 0.00640621548519], [-0.000230214442126, 0.00446767313406, -0.00217462214641, -0.000389149645343, -0.0035127045121, 0.00490179145709, -0.00334071787074, 0.000755408545956, 0.00088267296087, 0.018431391567, -0.00245562009513, -0.000779684924055, -0.00257840845734], [0.000399477692554, -0.00580122880638, 0.000724330369849, -0.00160219008103, 0.00103512988426, -0.00407233787701, 0.00716903060675, -0.00287954579107, -0.0021338891238, -0.00245562009513, 0.0207801200449, -0.00450709834695, -0.00218523922376], [-0.000858766608872, 0.00724357040599, -0.00483573041856, 0.0028738505207, -0.00470913667232, 0.00571148376912, -0.00244947103783, 0.00919193960726, -0.00426079845056, -0.000779684924055, -0.00450709834695, 0.0233356207609, -0.0049543865025], [-0.000140607487992, -0.0068255471997, 0.00398800475523, -0.00204001972452, 0.00706617208198, -0.00275175319985, 0.00141731032636, -0.00769414799288, 0.00640621548519, -0.00257840845734, -0.00218523922376, -0.0049543865025, 0.0238109976053]]
    },
    "melbands": {
        "max": [0.0207013115287, 0.0170324519277, 0.00655624456704, 0.00180246576201, 0.00096751115052, 0.001832187525, 0.00388373853639, 0.00138099200558, 0.00286694080569, 0.0196808706969, 0.0127656674013, 0.00250438600779, 0.00122959970031, 0.00126561440993, 0.000956416362897, 0.0010716750985, 0.00130142725538, 0.00050806812942, 0.000575931335334, 0.00075186311733, 0.000546919472981, 0.000368819950381, 0.000194420514163, 0.000173066669959, 0.000146406280692, 3.79870689358e-05, 2.82189794234e-05, 6.2630228058e-05, 5.68847790419e-05, 2.91592496069e-05, 8.31226043374e-06, 1.05454146251e-05, 1.0799570191e-05, 1.08687563625e-05, 1.44692949107e-05, 5.7368229136e-06, 1.94567764993e-05, 4.22351558882e-06, 7.80124992161e-06, 4.22669472755e-06],
        "mean": [0.00130938028451, 0.000888533890247, 0.000395650975406, 0.000132259141537, 6.96570132277e-05, 0.000146844380652, 0.000322224281263, 0.000146813094034, 0.000233517828747, 0.00076609273674, 0.000782559567597, 0.000209459176403, 0.000120777978736, 7.2801602073e-05, 7.12148830644e-05, 7.12901019142e-05, 5.93632321397e-05, 3.82906800951e-05, 3.46583365172e-05, 3.23155218211e-05, 2.14267383853e-05, 1.34944029924e-05, 8.60016916704e-06, 5.70509519093e-06, 3.52833853867e-06, 2.3177899493e-06, 1.86618478892e-06, 1.71860983755e-06, 1.61228444995e-06, 1.05478682144e-06, 7.34833804472e-07, 5.99956308633e-07, 4.73597168593e-07, 4.0117208755e-07, 3.30477632815e-07, 2.4225676043e-07, 2.45875412475e-07, 1.8118043954e-07, 1.69331514144e-07, 1.21058121749e-07],
        "min": [2.79279994686e-08, 1.43555467957e-07, 1.19196656101e-07, 3.05573962578e-07, 3.28198524358e-07, 3.75334110458e-07, 2.96690842561e-07, 3.60063239668e-07, 2.49486532766e-07, 1.08572112367e-06, 6.74297325531e-07, 3.10886349553e-07, 2.92672439173e-07, 1.74944716491e-07, 2.13551842876e-07, 1.25479346025e-07, 3.02522067841e-07, 1.00206868581e-07, 1.55475575525e-07, 7.68270922435e-08, 9.52229584072e-08, 7.05514366928e-08, 5.88758162223e-08, 5.09447346531e-08, 1.447594844e-08, 7.36428651393e-09, 2.08710893013e-09, 8.80551048743e-11, 2.32122186056e-11, 1.62409807825e-11, 1.82975648522e-11, 1.56952957575e-11, 1.08678040525e-11, 1.41136121887e-11, 1.68178873605e-11, 1.61487195144e-11, 1.43515919634e-11, 1.17811481057e-11, 1.45664817014e-11, 8.7736892404e-12],
        "stdev": [0.00257009407505, 0.00149869080633, 0.000709003827069, 0.000220666639507, 0.000126728904434, 0.00027247655089, 0.000610263436101, 0.00018007250037, 0.000353464885848, 0.00183753599413, 0.00165293307509, 0.000283428962575, 0.000157637769007, 0.000100524055597, 0.000112295303552, 0.000110657449113, 0.000103211888927, 5.82044522162e-05, 5.7600063883e-05, 7.14250272722e-05, 4.57014321e-05, 2.57254123426e-05, 1.57715712703e-05, 1.13524201879e-05, 8.3875065684e-06, 3.95260622099e-06, 3.05650564769e-06, 3.80285200663e-06, 3.79722200705e-06, 2.21410982704e-06, 1.23796269236e-06, 1.14990280053e-06, 9.06675722945e-07, 8.59376939388e-07, 9.18919567994e-07, 4.66886973527e-07, 9.16600811252e-07, 3.79831305963e-07, 4.46929362852e-07, 2.85901222696e-07]
    },
    "melbands128": {
        "max": [0.00983909144998, 0.0234421044588, 0.0301861464977, 0.0279740709811, 0.0166015718132, 0.00905888341367, 0.0102179413661, 0.00743151456118, 0.00334092695266, 0.00277829472907, 0.000827803451102, 0.000862595625222, 0.00173169898335, 0.000639011792373, 0.00181574095041, 0.00395642779768, 0.00512970378622, 0.00731414649636, 0.00270318426192, 0.0017519115936, 0.00149295583833, 0.00198384327814, 0.00291956122965, 0.00808768998832, 0.0101865483448, 0.0415828377008, 0.0352134779096, 0.0162944663316, 0.00589058129117, 0.00373261002824, 0.00393944699317, 0.00205900333822, 0.00220472970977, 0.00177361164242, 0.000865425739903, 0.00185379956383, 0.00194118276704, 0.00175174302422, 0.00150526245125, 0.001218027086, 0.000921587750781, 0.0022559906356, 0.00264803390019, 0.000977164017968, 0.000508193974383, 0.000412202178268, 0.00168083701283, 0.000592124299146, 0.000783018302172, 0.000674739247188, 0.00092386623146, 0.00104210828431, 0.000563168723602, 0.000474967440823, 0.000509371573571, 0.000318076752592, 0.00038884190144, 0.000255385995843, 0.000122547062347, 0.000193044223124, 0.000191581595573, 0.000166631303728, 0.00014633970568, 0.000174400003743, 8.71572628967e-05, 3.80270939786e-05, 2.65176640823e-05, 3.12270894938e-05, 2.26433439821e-05, 4.11954097217e-05, 6.43841485726e-05, 7.18215451343e-05, 7.39094466553e-05, 6.10866263742e-05, 4.66680139652e-05, 4.50002880825e-05, 1.96142118511e-05, 9.8004929896e-06, 9.87660041574e-06, 9.63768525253e-06, 1.42743538163e-05, 1.15326683954e-05, 1.56079731823e-05, 1.21000066429e-05, 5.33617640031e-06, 8.929247997e-06, 9.61810656008e-06, 2.51063174801e-05, 1.88564499695e-05, 8.01023361419e-06, 4.482562872e-06, 4.26509359386e-06, 1.29527034005e-05, 2.61790992226e-05, 2.18510485865e-05, 3.51803282683e-06, 4.06983781431e-06, 3.60670810551e-06, 9.25894073589e-06, 1.01134273791e-05, 5.873997452e-06, 1.70340979366e-06, 5.23261769558e-06, 4.09855738326e-06, 1.64209859577e-06, 4.08833057008e-06, 4.06388153351e-06, 2.55159670814e-06, 2.45131195697e-06, 9.45235683503e-07, 8.41758605929e-07, 7.96257211277e-07, 4.31253397437e-07, 6.47112415209e-07, 6.21351659902e-07, 4.02586636028e-07, 8.32185733657e-08, 4.76781414349e-09, 1.93145610616e-10, 1.84218307275e-10, 1.76945624819e-10, 1.69063416045e-10, 1.73143929749e-10, 1.68322522587e-10, 1.6903810296e-10, 1.57910920451e-10, 1.53337231801e-10, 1.53883752962e-10],
        "mean": [0.000785176176578, 0.00157140661031, 0.00139159371611, 0.00107837771066, 0.000970564084128, 0.000651061942335, 0.000516212719958, 0.000332794064889, 0.000194551612367, 0.000152641354362, 6.4152853156e-05, 5.02810689795e-05, 8.43352099764e-05, 6.98685107636e-05, 0.000100804834801, 0.000220232468564, 0.000285058049485, 0.000456491659861, 0.000204841140658, 0.000130274653202, 0.000105217601231, 0.000188823891222, 0.000247669551754, 0.000262500951067, 0.000474440137623, 0.00109752069693, 0.00121553521603, 0.000831643410493, 0.000329742440954, 0.00022782231099, 0.000181282797712, 0.000121498080262, 0.000132684246637, 0.000114375026897, 6.05562599958e-05, 6.57099226373e-05, 8.1814279838e-05, 7.19987874618e-05, 6.56278862152e-05, 6.33664894849e-05, 6.68624561513e-05, 9.23771513044e-05, 6.69800210744e-05, 4.01190300181e-05, 3.32271629304e-05, 3.47007189703e-05, 5.28299206053e-05, 2.93654375128e-05, 3.17282319884e-05, 3.15366305585e-05, 3.63691833627e-05, 2.83347981167e-05, 2.29045726883e-05, 1.64139873959e-05, 2.08724140975e-05, 1.12875532068e-05, 1.05551171146e-05, 1.00811112134e-05, 7.3965197771e-06, 6.22778770776e-06, 6.08748041486e-06, 5.2333793974e-06, 3.71712303604e-06, 3.24873303725e-06, 2.67217001237e-06, 2.32731804317e-06, 2.08363235288e-06, 1.94004428522e-06, 1.77383026312e-06, 1.82340977517e-06, 1.75266404767e-06, 1.62345679655e-06, 1.68899020991e-06, 1.72619195382e-06, 1.40491886214e-06, 1.11812914838e-06, 8.79531910414e-07, 7.55466203373e-07, 7.68709639942e-07, 6.49630749194e-07, 5.9072925751e-07, 6.16708007328e-07, 5.34255377715e-07, 4.52598385436e-07, 4.24633952889e-07, 4.10120662764e-07, 3.85449197893e-07, 4.0167836346e-07, 3.3493492424e-07, 2.77290041595e-07, 2.55457166531e-07, 2.24836853135e-07, 2.28927717671e-07, 2.69042345735e-07, 2.5091213729e-07, 1.811894208e-07, 1.61908829455e-07, 1.80350255619e-07, 1.8083544262e-07, 1.65214387948e-07, 1.27471864175e-07, 1.09870512688e-07, 1.17226271357e-07, 1.08483860117e-07, 8.43971506015e-08, 7.12569416805e-08, 6.26766265555e-08, 5.76240104522e-08, 4.32180797816e-08, 3.16194928018e-08, 2.62091592873e-08, 2.05801260478e-08, 1.40254927672e-08, 1.29999406795e-08, 9.75009672999e-09, 4.46199699411e-09, 1.08223785489e-09, 2.88958162953e-11, 1.19862349213e-11, 1.13194852797e-11, 1.08636233689e-11, 1.07661188992e-11, 1.09510473606e-11, 1.04177942314e-11, 8.46858173864e-12, 5.20187452141e-12, 3.3306515098e-12, 3.06282061345e-12],
        "min": [8.9580809437e-10, 2.70758482301e-09, 1.6044296558e-08, 1.52527874775e-08, 1.42421612281e-08, 9.18992242305e-08, 1.16764411473e-07, 7.36582848049e-08, 2.74153570956e-08, 7.59016813845e-08, 2.49682813092e-07, 1.0288271568e-07, 9.4351364055e-08, 1.5224631511e-07, 2.23653159992e-07, 2.02255804993e-07, 2.1102852088e-07, 7.99599675361e-08, 1.01472842573e-07, 3.67485768038e-07, 3.93195193737e-07, 1.07040534658e-07, 5.31081845168e-08, 1.19835718237e-07, 7.03184468875e-07, 4.73655433098e-07, 3.79346801083e-07, 3.50985487785e-07, 1.89119873539e-07, 1.44096773624e-07, 1.316501681e-07, 1.91891331269e-07, 1.13669173629e-07, 1.52627563921e-07, 1.52884879867e-07, 9.80698047215e-08, 5.89208859481e-08, 9.53035979023e-08, 1.40412353744e-07, 7.04009011088e-08, 7.19092412282e-08, 9.86600454667e-08, 2.59467213937e-07, 1.57173062121e-07, 5.71009408645e-08, 3.15047259392e-08, 1.05222930813e-07, 8.01982622534e-08, 5.99492153697e-08, 6.09603105772e-08, 6.75161189179e-08, 6.99167586049e-08, 5.16463032341e-08, 2.48624481003e-08, 6.38858637103e-08, 3.97629342785e-08, 5.44610045949e-08, 3.32700267336e-08, 1.63411080223e-08, 1.97806926394e-08, 2.69643027906e-08, 2.02261318805e-08, 9.27875198897e-09, 8.4427060898e-09, 5.28422505752e-09, 3.09405390198e-09, 1.50854795322e-09, 2.97313085262e-09, 3.40961342493e-10, 1.51202356191e-10, 4.35191362114e-11, 3.54895314525e-11, 1.07691555326e-11, 1.66115940448e-11, 1.71878067334e-11, 1.35290008363e-11, 9.05420356745e-12, 1.45668130336e-11, 1.35091686101e-11, 1.3847574129e-11, 1.52710760704e-11, 9.89073233038e-12, 6.01934561223e-12, 1.09869145032e-11, 9.97222356774e-12, 8.56536196137e-12, 1.33382723269e-11, 1.19232687959e-11, 1.36315654944e-11, 1.27170374925e-11, 2.18573666111e-11, 1.00539628706e-11, 1.31313319593e-11, 1.27461843163e-11, 1.27381430057e-11, 1.41324660308e-11, 9.47331883078e-12, 9.25419376546e-12, 7.87482492409e-12, 9.99345398101e-12, 5.06144822235e-12, 7.36885552577e-12, 8.972414825e-12, 6.26424519895e-12, 4.35600297152e-12, 8.83878994301e-12, 4.90573337161e-12, 4.69789875404e-12, 4.14056245887e-12, 5.68622579578e-12, 3.0345977467e-12, 4.61968180723e-12, 4.50642387989e-12, 4.30807950078e-12, 3.06470452315e-12, 3.45488806834e-12, 3.1451022342e-12, 1.91712292742e-12, 2.16615419178e-12, 1.92691695933e-12, 2.96676507146e-12, 2.27254434888e-12, 1.89644003626e-12, 1.81763187401e-12, 2.95409877116e-12, 1.07300507455e-12, 1.23758669328e-13, 4.43215834178e-15],
        "stdev": [0.00180672551505, 0.00343708647415, 0.00291112181731, 0.00220697536133, 0.00172415922862, 0.00107999506872, 0.000989503227174, 0.000746116274968, 0.000408247695304, 0.000282872642856, 0.00010455417214, 0.000105977756903, 0.000213281105971, 0.000100716410088, 0.000195757165784, 0.000553078891244, 0.000630937458482, 0.000985415186733, 0.00036995112896, 0.000202689581783, 0.000147279235534, 0.000308986927848, 0.000412504363339, 0.000685538805556, 0.00106582499575, 0.00358243775554, 0.00345494318753, 0.00200053397566, 0.00062452146085, 0.000365128245903, 0.000315352808684, 0.000251378922258, 0.000227949596592, 0.000174477740075, 0.000112686197099, 0.000116046736366, 0.00015709750005, 0.00015145612997, 0.000118186777399, 0.000113177142339, 0.000118356081657, 0.000191574625205, 0.000160629060701, 7.56539811846e-05, 5.68062023376e-05, 5.50779077457e-05, 0.00012047173368, 5.41620647709e-05, 6.6380132921e-05, 6.42776940367e-05, 9.66681036516e-05, 7.72646744736e-05, 5.1968065236e-05, 3.66009771824e-05, 3.86813408113e-05, 2.45595201704e-05, 2.54250262515e-05, 1.99888763746e-05, 1.38893265103e-05, 1.522317325e-05, 1.35716081786e-05, 1.08724498205e-05, 9.67208598013e-06, 9.37461663852e-06, 5.75611920794e-06, 4.23392521043e-06, 3.61798879567e-06, 3.44712793776e-06, 3.01176032735e-06, 3.76980938199e-06, 4.14734722654e-06, 4.089331469e-06, 4.25850930696e-06, 4.50535799246e-06, 3.48245180248e-06, 2.82432870335e-06, 1.70934447397e-06, 1.36109679261e-06, 1.41107875606e-06, 1.24174562188e-06, 1.27767725644e-06, 1.26735710637e-06, 1.17219474305e-06, 9.33236378842e-07, 8.03599505161e-07, 8.68981658186e-07, 8.80591358055e-07, 1.36466849199e-06, 1.14067449886e-06, 6.03967862389e-07, 4.77317371406e-07, 4.45132968707e-07, 6.78329342918e-07, 1.1919331655e-06, 1.06111349396e-06, 3.96408808001e-07, 3.32908882683e-07, 3.77919150196e-07, 5.03403157381e-07, 5.56968586807e-07, 3.61945808436e-07, 2.15966920791e-07, 3.17241784842e-07, 2.80363565253e-07, 1.91320765452e-07, 2.22407706474e-07, 2.20087216007e-07, 2.06349398013e-07, 1.53606052322e-07, 8.85542519313e-08, 8.44544132406e-08, 7.25737336893e-08, 4.26775095264e-08, 5.12716908929e-08, 4.43743566336e-08, 2.66423612061e-08, 6.65382682286e-09, 2.18318960132e-10, 1.14861531744e-11, 1.00663175712e-11, 9.63217179628e-12, 9.33495294952e-12, 9.27166763504e-12, 9.14101520172e-12, 9.07559530999e-12, 8.68158323009e-12, 8.54310545917e-12, 8.54881616885e-12]
    },
    "mfcc": {
        "mean": [-706.199401855, 163.964736938, -42.7909889221, -6.30208730698, -10.8890943527, -0.150587022305, -2.14447689056, 5.70393943787, 8.53544616699, 7.10753202438, -0.708803057671, 0.580300629139, -2.89159584045],
        "cov": [[6018.75244141, -1760.49780273, -386.03427124, -386.770294189, -401.952392578, 144.458786011, -29.2370452881, 247.785720825, 368.873321533, 121.411018372, 81.4742050171, -11.1199655533, -155.663848877], [-1760.49780273, 5555.859375, 160.80291748, 1241.70068359, 646.99822998, 269.715942383, 477.44909668, 262.347625732, 131.42980957, 85.0055770874, 198.309661865, 435.12612915, 328.652923584], [-386.03427124, 160.80291748, 491.470458984, 44.2139205933, 47.6051673889, 46.5789604187, 10.6221466064, 93.1100387573, -20.0687770844, 52.1305236816, 18.4761619568, 29.9085769653, 28.2903823853], [-386.770294189, 1241.70068359, 44.2139205933, 498.227630615, 33.4648246765, 161.073104858, 91.1038589478, 35.8779144287, 52.957485199, -14.5707292557, 71.8996200562, 109.666473389, 49.1959762573], [-401.952392578, 646.99822998, 47.6051673889, 33.4648246765, 329.010253906, -83.7294998169, 110.520927429, 21.0763339996, -47.9355735779, 35.1277122498, -23.0680541992, 52.7776145935, 77.6606903076], [144.458786011, 269.715942383, 46.5789604187, 161.073104858, -83.7294998169, 177.241485596, -17.9822559357, 54.5562210083, 34.5916137695, 6.54513549805, 46.1253356934, 32.078956604, 1.14391338825], [-29.2370452881, 477.44909668, 10.6221466064, 91.1038589478, 110.520927429, -17.9822559357, 153.379653931, 6.84616279602, 41.5082893372, 15.4004421234, 17.7442703247, 46.7061042786, 29.6473884583], [247.785720825, 262.347625732, 93.1100387573, 35.8779144287, 21.0763339996, 54.5562210083, 6.84616279602, 147.168792725, 24.8366985321, 55.7566413879, 25.432384491, 24.5355644226, 8.56936264038], [368.873321533, 131.42980957, -20.0687770844, 52.957485199, -47.9355735779, 34.5916137695, 41.5082893372, 24.8366985321, 123.471878052, 9.60391616821, 45.971496582, 11.7563552856, -13.2048358917], [121.411018372, 85.0055770874, 52.1305236816, -14.5707292557, 35.1277122498, 6.54513549805, 15.4004421234, 55.7566413879, 9.60391616821, 80.0096588135, 5.24080514908, 24.3013191223, -1.05130791664], [81.4742050171, 198.309661865, 18.4761619568, 71.8996200562, -23.0680541992, 46.1253356934, 17.7442703247, 25.432384491, 45.971496582, 5.24080514908, 89.3690795898, 17.1449394226, 1.15997219086], [-11.1199655533, 435.12612915, 29.9085769653, 109.666473389, 52.7776145935, 32.078956604, 46.7061042786, 24.5355644226, 11.7563552856, 24.3013191223, 17.1449394226, 95.6769332886, 20.4103507996], [-155.663848877, 328.652923584, 28.2903823853, 49.1959762573, 77.6606903076, 1.14391338825, 29.6473884583, 8.56936264038, -13.2048358917, -1.05130791664, 1.15997219086, 20.4103507996, 97.8410186768]],
        "icov": [[0.000378477416234, 0.000272499019047, 0.000448776147095, 0.000113395406515, -3.36074408551e-05, -0.000374396156985, -0.000311231677188, -0.000973285816144, -0.00097478099633, -1.4224372535e-05, 3.85849707527e-05, -0.000746809411794, -0.000265737151494], [0.000272499019047, 0.00111285294406, 0.000575464451686, -0.00168720376678, -0.00110529491212, -4.96871725773e-05, -0.000610561051872, -0.00167869101278, -0.000907385197934, 7.18644078006e-05, -0.000373891787603, -0.00150068406947, -0.00121689343359], [0.000448776147095, 0.000575464451686, 0.00306286243722, -0.000369041488739, -0.000338907033438, -0.000733651395421, -0.000687677122187, -0.00260416325182, -0.000235376253841, -0.000810420780908, -0.0004546866694, -0.0011325920932, -0.00100384571124], [0.000113395406515, -0.00168720376678, -0.000369041488739, 0.00811357889324, 0.00143770489376, -0.00458115339279, -0.00117507285904, 0.00190431205556, -5.109603444e-05, 0.00248601427302, -0.000225755240535, -0.00153617770411, 0.00131950736977], [-3.36074408551e-05, -0.00110529491212, -0.000338907033438, 0.00143770489376, 0.00854072533548, 0.00341958343051, -0.00361793464981, -0.000371964415535, 0.00387841253541, -0.00184691033792, 0.00084393878933, -0.000222734088311, -0.00211583846249], [-0.000374396156985, -4.96871725773e-05, -0.000733651395421, -0.00458115339279, 0.00341958343051, 0.0135418567806, 0.00254153879359, -0.00271280528978, 0.000941740872804, -0.000740851392038, -0.00184646225534, -0.000684924656525, -0.00103436538484], [-0.000311231677188, -0.000610561051872, -0.000687677122187, -0.00117507285904, -0.00361793464981, 0.00254153879359, 0.0135956555605, 0.00258103082888, -0.00497615896165, -0.00072948745219, -0.000142110933666, -0.00111516495235, 0.000396548217395], [-0.000973285816144, -0.00167869101278, -0.00260416325182, 0.00190431205556, -0.000371964415535, -0.00271280528978, 0.00258103082888, 0.0153835555539, 0.00066506001167, -0.00660425797105, -0.000606260087807, 0.00347131746821, 0.00138513557613], [-0.00097478099633, -0.000907385197934, -0.000235376253841, -5.109603444e-05, 0.00387841253541, 0.000941740872804, -0.00497615896165, 0.00066506001167, 0.0164813157171, -0.00117079727352, -0.00464312033728, 0.00270029297099, 0.00165448931511], [-1.4224372535e-05, 7.18644078006e-05, -0.000810420780908, 0.00248601427302, -0.00184691033792, -0.000740851392038, -0.00072948745219, -0.00660425797105, -0.00117079727352, 0.0207841135561, 0.000315225304803, -0.00525868637487, 0.00215298566036], [3.85849707527e-05, -0.000373891787603, -0.0004546866694, -0.000225755240535, 0.00084393878933, -0.00184646225534, -0.000142110933666, -0.000606260087807, -0.00464312033728, 0.000315225304803, 0.0159851517528, 7.12344044587e-05, 0.000182538336958], [-0.000746809411794, -0.00150068406947, -0.0011325920932, -0.00153617770411, -0.000222734088311, -0.000684924656525, -0.00111516495235, 0.00347131746821, 0.00270029297099, -0.00525868637487, 7.12344044587e-05, 0.0200250707567, 0.00130100070965], [-0.000265737151494, -0.00121689343359, -0.00100384571124, 0.00131950736977, -0.00211583846249, -0.00103436538484, 0.000396548217395, 0.00138513557613, 0.00165448931511, 0.00215298566036, 0.000182538336958, 0.00130100070965, 0.0149351889268]]
    },
    "spectral_contrast_coeffs": {
        "max": [-0.567958652973, -0.579074203968, -0.526381492615, -0.690158069134, -0.610136806965, -0.557685911655],
        "mean": [-0.760467112064, -0.791952848434, -0.759152889252, -0.825253665447, -0.805817425251, -0.771760702133],
        "min": [-0.882409751415, -0.933954238892, -0.900951564312, -0.900473296642, -0.887215137482, -0.949078440666],
        "stdev": [0.0472165457904, 0.0630257129669, 0.0709084644914, 0.0361872836947, 0.0440009348094, 0.0612270757556]
    },
    "spectral_contrast_valleys": {
        "max": [-5.27460336685, -5.15990543365, -5.27246236801, -5.48023033142, -6.12659215927, -8.81601047516],
        "mean": [-7.56391239166, -6.53262996674, -6.81351852417, -7.28690004349, -8.26927089691, -11.6677684784],
        "min": [-10.4264602661, -9.07727718353, -9.10761451721, -9.41133499146, -12.0658130646, -14.7813558578],
        "stdev": [1.24097728729, 0.722091019154, 0.771562933922, 0.815599799156, 1.02813589573, 1.58732938766]
    }
},
"rhythm": {
    "beats_count": 34,
    "beats_loudness": {
        "max": 0.0705185011029,
        "mean": 0.0298131741583,
        "min": 0.000331203365931,
        "stdev": 0.0241883639246
    },
    "bpm": 165.145736694,
    "bpm_histogram_first_peak_bpm": 167,
    "bpm_histogram_first_peak_weight": 0,
    "bpm_histogram_second_peak_bpm": 172,
    "bpm_histogram_second_peak_spread": 0,
    "bpm_histogram_second_peak_weight": 0.272727280855,
    "danceability": 0.785397410393,
    "onset_rate": 2.35121417046,
    "beats_loudness_band_ratio": {
        "max": [0.866909086704, 0.22369107604, 0.789133310318, 0.625419199467, 0.318857342005, 0.133221313357],
        "mean": [0.297568231821, 0.0556052215397, 0.320093005896, 0.250272542238, 0.0924951136112, 0.0177270323038],
        "min": [0.00353680830449, 0.00468409014866, 0.067881628871, 0.0221581421793, 0.00289041968063, 3.53424111381e-05],
        "stdev": [0.348418593407, 0.0480300933123, 0.228297308087, 0.188053131104, 0.0891940891743, 0.0244837868959]
    },
    "beats_position": [0.394739210606, 0.754648506641, 1.10294783115, 1.46285712719, 1.8111563921, 2.17106580734, 2.54258489609, 2.91410422325, 3.27401351929, 3.63392281532, 4.00544214249, 4.3653512001, 4.74848079681, 5.13160991669, 5.51473903656, 5.89786815643, 6.26938772202, 6.62929677963, 6.98920631409, 7.36072540283, 7.73224496841, 8.09215450287, 8.45206356049, 8.80036258698, 9.14866161346, 9.49696159363, 9.85687065125, 10.2167797089, 10.5650787354, 10.9133787155, 11.261677742, 11.6099767685, 11.9698867798, 12.3297958374],
