{
"metadata": {
    "version": {
        "essentia": "2.1-beta5",
        "essentia_git_sha": "Undefined",
        "extractor": "music 2.0"
    },
    "audio_properties": {
        "analysis": {
            "equal_loudness": 0,
            "length": 32.4963264465,
            "sample_rate": 44100,
            "start_time": 142.744674683,
            "downmix": "mix"
        },
        "bit_rate": 192000,
        "length": 195.523651123,
        "lossless": 0,
        "number_channels": 2,
        "replay_gain": -2.4040851593,
        "sample_rate": 48000,
        "codec": "mp3",
        "md5_encoded": "f14a587bab85490293d404caecdaa437"
    },
    "tags": {
        "file_name": "Cyprus_Gravity_Hovig.mp3",
        "encoding": ["Lavf58.29.100"]
    }
},
"lowlevel": {
    "average_loudness": 0.912231564522,
    "barkbands_crest": {
        "max": 24.6420650482,
        "mean": 10.1334962845,
        "min": 2.56497979164,
        "stdev": 4.05715608597
    },
    "barkbands_flatness_db": {
        "max": 0.322890609503,
        "mean": 0.13565312326,
        "min": 0.025736713782,
        "stdev": 0.0520332306623
    },
    "barkbands_kurtosis": {
        "max": 54.2130737305,
        "mean": 1.11535763741,
        "min": -1.82521367073,
        "stdev": 3.77267146111
    },
    "barkbands_skewness": {
        "max": 6.86409473419,
        "mean": 0.893219053745,
        "min": -1.94592404366,
        "stdev": 0.939699709415
    },
    "barkbands_spread": {
        "max": 81.9180374146,
        "mean": 25.5217247009,
        "min": 2.68465733528,
        "stdev": 10.9471263885
    },
    "dissonance": {
        "max": 0.500000059605,
        "mean": 0.465458989143,
        "min": 0.296179205179,
        "stdev": 0.0276503767818
    },
    "dynamic_complexity": 2.73950433731,
    "erbbands_crest": {
        "max": 28.9541130066,
        "mean": 10.2484436035,
        "min": 2.79759120941,
        "stdev": 4.81448698044
    },
    "erbbands_flatness_db": {
        "max": 0.399501889944,
        "mean": 0.181223511696,
        "min": 0.0622843913734,
        "stdev": 0.062272772193
    },
    "erbbands_kurtosis": {
        "max": 23.3535518646,
        "mean": 0.891159117222,
        "min": -1.62871444225,
        "stdev": 2.60866355896
    },
    "erbbands_skewness": {
        "max": 3.48303794861,
        "mean": 0.0519434213638,
        "min": -2.63032913208,
        "stdev": 0.859428584576
    },
    "erbbands_spread": {
        "max": 85.0791854858,
        "mean": 32.014087677,
        "min": 2.44674777985,
        "stdev": 15.0470876694
    },
    "hfc": {
        "max": 94.9213562012,
        "mean": 24.0323905945,
        "min": 0.18667306006,
        "stdev": 17.8326320648
    },
    "loudness_ebu128": {
        "integrated": -20.6797676086,
        "loudness_range": 5.65188026428,
        "momentary": {
            "max": -17.6228122711,
            "mean": -21.4650478363,
            "min": -35.7720336914,
            "stdev": 2.86106038094
        },
        "short_term": {
            "max": -18.6368045807,
            "mean": -21.3133983612,
            "min": -25.2564067841,
            "stdev": 2.12735748291
        }
    },
    "melbands_crest": {
        "max": 34.3634033203,
        "mean": 13.9245615005,
        "min": 3.66022896767,
        "stdev": 5.43350219727
    },
    "melbands_flatness_db": {
        "max": 0.425026774406,
        "mean": 0.175073340535,
        "min": 0.0380995981395,
        "stdev": 0.055480979383
    },
    "melbands_kurtosis": {
        "max": 144.740127563,
        "mean": 5.84041976929,
        "min": -1.75519752502,
        "stdev": 10.5863342285
    },
    "melbands_skewness": {
        "max": 10.7291030884,
        "mean": 1.83004748821,
        "min": -1.65945291519,
        "stdev": 1.25579619408
    },
    "melbands_spread": {
        "max": 183.826705933,
        "mean": 31.5070533752,
        "min": 2.30861973763,
        "stdev": 16.5322780609
    },
    "pitch_salience": {
        "max": 0.833462893963,
        "mean": 0.539877891541,
        "min": 0.185057029128,
        "stdev": 0.114096455276
    },
    "silence_rate_20dB": {
        "max": 1,
        "mean": 1,
        "min": 1,
        "stdev": 0
    },
    "silence_rate_30dB": {
        "max": 1,
        "mean": 0.987152040005,
        "min": 0,
        "stdev": 0.112618215382
    },
    "silence_rate_60dB": {
        "max": 1,
        "mean": 0.0920770913363,
        "min": 0,
        "stdev": 0.28913334012
    },
    "spectral_centroid": {
        "max": 4209.39208984,
        "mean": 1573.17419434,
        "min": 463.251617432,
        "stdev": 442.621032715
    },
    "spectral_complexity": {
        "max": 44,
        "mean": 18.5039253235,
        "min": 0,
        "stdev": 8.59232139587
    },
    "spectral_decrease": {
        "max": -5.63252847141e-11,
        "mean": -6.3793166305e-09,
        "min": -5.26925845179e-08,
        "stdev": 5.88915494149e-09
    },
    "spectral_energy": {
        "max": 0.203313529491,
        "mean": 0.0262568313628,
        "min": 0.000238939072005,
        "stdev": 0.0233717225492
    },
    "spectral_energyband_high": {
        "max": 0.00573754729703,
        "mean": 0.000745106197428,
        "min": 1.35116590627e-06,
        "stdev": 0.000828234711662
    },
    "spectral_energyband_low": {
        "max": 0.162250980735,
        "mean": 0.0080210538581,
        "min": 8.01656838689e-08,
        "stdev": 0.0152111453936
    },
    "spectral_energyband_middle_high": {
        "max": 0.0562311336398,
        "mean": 0.00789621192962,
        "min": 5.91461393924e-05,
        "stdev": 0.0073995529674
    },
    "spectral_energyband_middle_low": {
        "max": 0.0751148760319,
        "mean": 0.00986384321004,
        "min": 5.09092387802e-05,
        "stdev": 0.00994848832488
    },
    "spectral_entropy": {
        "max": 8.62395763397,
        "mean": 7.59947490692,
        "min": 6.17221784592,
        "stdev": 0.401872247458
    },
    "spectral_flux": {
        "max": 0.330510556698,
        "mean": 0.091520473361,
        "min": 0.00903524551541,
        "stdev": 0.0470758825541
    },
    "spectral_kurtosis": {
        "max": 28.1134300232,
        "mean": 4.42949581146,
        "min": -0.183738946915,
        "stdev": 2.97334122658
    },
    "spectral_rms": {
        "max": 0.0140838446096,
        "mean": 0.00459804711863,
        "min": 0.000482816016302,
        "stdev": 0.00211528572254
    },
    "spectral_rolloff": {
        "max": 9776.07421875,
        "mean": 1863.75158691,
        "min": 64.599609375,
        "stdev": 1094.57348633
    },
    "spectral_skewness": {
        "max": 3.27666187286,
        "mean": 1.54752755165,
        "min": 0.323689937592,
        "stdev": 0.343373656273
    },
    "spectral_spread": {
        "max": 13118524,
        "mean": 4412038.5,
        "min": 1158653,
        "stdev": 1330783.25
    },
    "spectral_strongpeak": {
        "max": 12.6639080048,
        "mean": 1.56599414349,
        "min": 0,
        "stdev": 2.13097691536
    },
    "zerocrossingrate": {
        "max": 0.3037109375,
        "mean": 0.0716236457229,
        "min": 0.017578125,
        "stdev": 0.0277518797666
    },
    "barkbands": {
        "max": [0.044629521668, 0.13920301199, 0.0215163938701, 0.0162659455091, 0.0322434790432, 0.049533996731, 0.0240706447512, 0.0171917025, 0.0644734352827, 0.0402133539319, 0.0448133647442, 0.0188452452421, 0.0311216078699, 0.0132272373885, 0.0232296902686, 0.037116188556, 0.0167944710702, 0.00255022500642, 0.00364968297072, 0.0015803076094, 0.00147131085396, 0.00142434937879, 0.00208544824272, 0.00138146814425, 0.000929343805183, 0.000673597853165, 0.00018744028057],
        "mean": [0.000810871191788, 0.00587100489065, 0.00114862888586, 0.000726440281142, 0.00142848794349, 0.00262877065688, 0.00150306371506, 0.000700797070749, 0.00272614904679, 0.000804472016171, 0.00109424756374, 0.000429715233622, 0.00086071487749, 0.000656640098896, 0.000851070333738, 0.00179778027814, 0.000820115150418, 0.000298114173347, 0.000246776646236, 0.00017337439931, 0.000128814863274, 0.000174001033884, 0.000160191062605, 9.78793977993e-05, 7.57835514378e-05, 4.20357464463e-05, 8.86449981863e-07],
        "min": [5.79570780257e-10, 3.89465260042e-09, 1.2413068351e-09, 2.36215349503e-08, 1.37934193845e-06, 2.52258064393e-06, 1.27661223814e-06, 1.90372077213e-06, 2.04909906643e-06, 2.1716257379e-06, 1.28904969188e-06, 4.02773423502e-07, 1.42564499583e-06, 1.81121367859e-06, 2.02150567929e-06, 1.98139287022e-06, 2.33771788771e-06, 7.64415858612e-07, 7.10151937255e-07, 5.57467672024e-07, 2.14618594896e-07, 2.93876155411e-07, 1.59297086633e-09, 2.82135342866e-10, 5.52518551744e-11, 6.70216382392e-11, 8.70518518381e-11],
        "stdev": [0.00311883841641, 0.0127454176545, 0.00203728978522, 0.00160433771089, 0.00252695009112, 0.00515954103321, 0.00281883310527, 0.00144596339669, 0.00640821643174, 0.00235857628286, 0.00281644752249, 0.00103074219078, 0.00219028489664, 0.00143097597174, 0.00201735738665, 0.00358941988088, 0.00132674432825, 0.000308337039314, 0.000298693019431, 0.000206267315662, 0.000157238013344, 0.000200415001018, 0.000194536492927, 0.000150193780428, 0.000113101945317, 7.85712109064e-05, 5.79781726628e-06]
    },
    "erbbands": {
        "max": [7.43420028687, 22.7832241058, 21.8656864166, 45.1407279968, 81.249961853, 127.69052124, 209.321334839, 631.535766602, 429.482269287, 264.913391113, 762.129333496, 1910.71936035, 861.862060547, 1081.22229004, 1050.8918457, 395.057373047, 1342.55249023, 731.251281738, 1014.01672363, 1418.83532715, 757.676086426, 1169.98339844, 143.145584106, 119.113250732, 177.754501343, 96.8006362915, 67.9144592285, 51.6681175232, 50.2279624939, 65.8711547852, 65.2793121338, 34.1314888, 17.2786178589, 13.1649036407, 8.37345123291, 4.32983636856, 1.73004353046, 0.500922858715, 0.0121000986546, 0.000354223331669],
        "mean": [0.20273783803, 1.16656208038, 1.58179688454, 1.92061460018, 2.98201870918, 5.10484170914, 12.4468631744, 25.866563797, 24.1784191132, 14.2977352142, 24.425453186, 65.5570983887, 30.4236507416, 39.7140350342, 32.5424156189, 16.5038089752, 36.5606193542, 31.5872306824, 46.645111084, 71.5324020386, 70.7653884888, 53.457408905, 21.0247478485, 11.1051244736, 13.2915267944, 7.68267583847, 4.91470432281, 5.89554548264, 6.54601621628, 4.87806797028, 4.73576307297, 2.65627813339, 1.30543363094, 0.89173668623, 0.515831172466, 0.205973356962, 0.0836497172713, 0.00781880691648, 0.000204864525585, 3.97857984353e-05],
        "min": [2.18721325496e-07, 1.85571116162e-06, 2.35761908698e-05, 0.000210904341657, 0.00122464634478, 0.00874827243388, 0.015189146623, 0.0232284273952, 0.033026162535, 0.0643530040979, 0.0475501641631, 0.0889232456684, 0.157781720161, 0.0602120347321, 0.144372180104, 0.0565073676407, 0.0799997895956, 0.11181063205, 0.163521021605, 0.156070500612, 0.164867699146, 0.16448956728, 0.0751611739397, 0.0739680677652, 0.0459474362433, 0.0265733357519, 0.0107384277508, 0.0106234131381, 0.0137210888788, 0.00338704953901, 0.000171646956005, 3.32356721628e-05, 1.16402497952e-05, 6.14383770881e-06, 2.85261921817e-06, 1.58904128966e-06, 8.37339939608e-07, 1.15321753924e-07, 1.57611523832e-07, 3.00491535654e-07],
        "stdev": [0.565290927887, 2.35679388046, 2.54595351219, 3.51781129837, 6.12847089767, 9.67238903046, 21.6668128967, 59.7687644958, 48.6315765381, 21.7626552582, 52.6952819824, 163.752746582, 63.9736022949, 97.1259841919, 77.0863189697, 31.2443523407, 88.1513748169, 63.4819145203, 91.0869979858, 132.160507202, 107.004203796, 89.9217147827, 19.6293735504, 11.6831598282, 16.1895160675, 9.35204601288, 6.36587190628, 6.84568023682, 7.35879945755, 5.98948335648, 6.18031644821, 4.11903476715, 1.91666662693, 1.29477369785, 0.830091178417, 0.365753084421, 0.185270607471, 0.0219111274928, 0.000554941943847, 3.59122423106e-05]
    },
    "gfcc": {
        "mean": [-3.90272021294, 74.4493026733, -145.046768188, 23.3911437988, -65.222869873, 11.1511745453, -44.647190094, 11.4261569977, -11.8665981293, 2.90318465233, -16.9011497498, 7.9234585762, -6.6546998024],
        "cov": [[5924.86474609, -804.186096191, 2025.0559082, 791.747741699, 613.913879395, 931.708190918, -300.640991211, 598.369506836, -267.99911499, 583.613037109, -258.664520264, 129.619155884, -158.566436768], [-804.186096191, 1941.18029785, 63.840713501, 323.462982178, 598.942810059, 100.34690094, 647.974304199, -56.5483818054, 341.164611816, -277.574920654, 97.4086685181, -159.86428833, 98.0532150269], [2025.0559082, 63.840713501, 1416.04528809, 568.278015137, 508.818206787, 514.259338379, 2.06324672699, 321.96081543, -112.210197449, 279.326507568, -126.656303406, 52.6832313538, -102.533439636], [791.747741699, 323.462982178, 568.278015137, 621.613464355, 372.182067871, 212.464248657, -9.66403484344, 130.593353271, 73.8660736084, 36.3741378784, -29.7118759155, -18.3195362091, 56.7963218689], [613.913879395, 598.942810059, 508.818206787, 372.182067871, 649.944885254, 320.496124268, 250.348754883, 162.018157959, 133.75718689, 53.2301101685, -46.5276489258, 2.29412031174, 1.73685228825], [931.708190918, 100.34690094, 514.259338379, 212.464248657, 320.496124268, 496.390899658, 179.838027954, 172.470947266, -36.9739952087, 131.25718689, -30.7045555115, -29.0259933472, -43.4312171936], [-300.640991211, 647.974304199, 2.06324672699, -9.66403484344, 250.348754883, 179.838027954, 514.114562988, 23.5442409515, 75.4425811768, -83.8716125488, 21.4669513702, -63.4284477234, -22.1372337341], [598.369506836, -56.5483818054, 321.96081543, 130.593353271, 162.018157959, 172.470947266, 23.5442409515, 202.115600586, 20.2215518951, 98.7222900391, -30.4799613953, 17.8040924072, -11.7940835953], [-267.99911499, 341.164611816, -112.210197449, 73.8660736084, 133.75718689, -36.9739952087, 75.4425811768, 20.2215518951, 237.906478882, -38.5459594727, 47.7664299011, -8.50714111328, 65.8620758057], [583.613037109, -277.574920654, 279.326507568, 36.3741378784, 53.2301101685, 131.25718689, -83.8716125488, 98.7222900391, -38.5459594727, 206.190536499, -8.05565452576, 45.3181877136, -37.3568611145], [-258.664520264, 97.4086685181, -126.656303406, -29.7118759155, -46.5276489258, -30.7045555115, 21.4669513702, -30.4799613953, 47.7664299011, -8.05565452576, 114.040565491, 5.22604131699, 35.1445999146], [129.619155884, -159.86428833, 52.6832313538, -18.3195362091, 2.29412031174, -29.0259933472, -63.4284477234, 17.8040924072, -8.50714111328, 45.3181877136, 5.22604131699, 117.435569763, 4.18318605423], [-158.566436768, 98.0532150269, -102.533439636, 56.7963218689, 1.73685228825, -43.4312171936, -22.1372337341, -11.7940835953, 65.8620758057, -37.3568611145, 35.1445999146, 4.18318605423, 98.1795501709]],
        "icov": [[0.000438178831246, 8.08909899206e-05, -0.000324486929458, -0.000108116109914, 4.04232596338e-05, -0.000430678104749, 0.000240387467784, -0.000255049177213, 2.12766590266e-05, -0.000139761934406, 0.000307554088067, -0.000142171149491, 1.14127651614e-05], [8.08909899206e-05, 0.00305135268718, -0.00166299892589, 0.000312374875648, -0.00206644320861, 0.0013260099804, -0.00229529780336, 0.0021322525572, -0.00184356281534, 0.00249230535701, -0.00237009720877, 0.00272995536216, -0.00155537028331], [-0.000324486929458, -0.00166299892589, 0.0041135167703, -0.00229266216047, 0.000528290460352, -0.00106026791036, 0.00104204530362, -0.00245642778464, 0.00235966360196, -0.00275751110166, 0.0017112409696, -0.00239658984356, 0.00307791237719], [-0.000108116109914, 0.000312374875648, -0.00229266216047, 0.00511568738148, -0.00210551172495, 9.71884874161e-05, 0.00126896973234, 0.000592988624703, -0.000795180851128, 0.00228131283075, -0.00110805896111, 0.00227495934814, -0.00370154320262], [4.04232596338e-05, -0.00206644320861, 0.000528290460352, -0.00210551172495, 0.00667888298631, -0.002504425589, -0.000378162512789, -0.00117775355466, -0.00170241389424, -0.002009752905, 0.00396375544369, -0.00377819896676, 0.00156548107043], [-0.000430678104749, 0.0013260099804, -0.00106026791036, 9.71884874161e-05, -0.002504425589, 0.00683985790238, -0.00296180462465, -0.000573201512452, 0.00139179220423, -0.00113509932999, -0.00240403902717, 0.00369767216034, -0.00151259615086], [0.000240387467784, -0.00229529780336, 0.00104204530362, 0.00126896973234, -0.000378162512789, -0.00296180462465, 0.00631161313504, -0.00205082097091, 0.000937474891543, 0.00102953938767, 0.000223246461246, -0.00109746633098, 0.00263769621961], [-0.000255049177213, 0.0021322525572, -0.00245642778464, 0.000592988624703, -0.00117775355466, -0.000573201512452, -0.00205082097091, 0.0119143212214, -0.00388344051316, -0.000507759628817, 0.000245598872425, 0.00133682973683, -0.00244666845538], [2.12766590266e-05, -0.00184356281534, 0.00235966360196, -0.000795180851128, -0.00170241389424, 0.00139179220423, 0.000937474891543, -0.00388344051316, 0.00978499185294, -0.00221820641309, -0.00118147803005, -0.00056289130589, -0.00177066959441], [-0.000139761934406, 0.00249230535701, -0.00275751110166, 0.00228131283075, -0.002009752905, -0.00113509932999, 0.00102953938767, -0.000507759628817, -0.00221820641309, 0.0133390650153, -0.0048463200219, 0.00040099749458, 0.00107143411878], [0.000307554088067, -0.00237009720877, 0.0017112409696, -0.00110805896111, 0.00396375544369, -0.00240403902717, 0.000223246461246, 0.000245598872425, -0.00118147803005, -0.0048463200219, 0.0150552662089, -0.0039075394161, -0.00203600106761], [-0.000142171149491, 0.00272995536216, -0.00239658984356, 0.00227495934814, -0.00377819896676, 0.00369767216034, -0.00109746633098, 0.00133682973683, -0.00056289130589, 0.00040099749458, -0.0039075394161, 0.0141257215291, -0.00383220775984], [1.14127651614e-05, -0.00155537028331, 0.00307791237719, -0.00370154320262, 0.00156548107043, -0.00151259615086, 0.00263769621961, -0.00244666845538, -0.00177066959441, 0.00107143411878, -0.00203600106761, -0.00383220775984, 0.0192045550793]]
    },
    "melbands": {
        "max": [0.0512155331671, 0.0129085117951, 0.00774739729241, 0.0085728680715, 0.00617052614689, 0.012068644166, 0.00563050433993, 0.00354056735523, 0.0091370632872, 0.0126904789358, 0.00495930109173, 0.00422996329144, 0.00512486230582, 0.0022185430862, 0.00199362053536, 0.00428678188473, 0.0016389201628, 0.00160631537437, 0.00196714303456, 0.00399458548054, 0.000821219116915, 0.00147065531928, 0.00024345118436, 0.000140121395816, 0.000103513739305, 0.000205106640351, 7.75499283918e-05, 8.21869252832e-05, 4.62950119982e-05, 3.50213631464e-05, 3.74783012376e-05, 2.94222991215e-05, 3.90597997466e-05, 4.32037195424e-05, 4.89885824209e-05, 2.29064553423e-05, 2.19701287278e-05, 1.29478594317e-05, 1.1092854038e-05, 1.12914731289e-05],
        "mean": [0.00176660693251, 0.00105775962584, 0.000366441323422, 0.000277893792372, 0.000403442216339, 0.000562562665436, 0.000343772902852, 0.000148677543621, 0.000240582623519, 0.000414700654801, 0.000142507255077, 0.000157644797582, 0.000126513012219, 5.0844038924e-05, 5.37262385478e-05, 9.33338087634e-05, 5.31631485501e-05, 7.34466666472e-05, 6.9373549195e-05, 0.000149206200149, 5.97411126364e-05, 6.02733089181e-05, 2.5588355129e-05, 1.28229003167e-05, 8.15110070107e-06, 1.02802305264e-05, 8.2805099737e-06, 4.30860336564e-06, 2.98329018733e-06, 3.06229958369e-06, 3.47878130924e-06, 3.83470023735e-06, 3.07576669911e-06, 2.6241868909e-06, 3.0355704439e-06, 1.91665662896e-06, 1.46081617913e-06, 8.59842259615e-07, 8.6793806986e-07, 7.10060191977e-07],
        "min": [1.24931975876e-09, 9.4957011143e-09, 6.98496691598e-08, 2.09490480074e-07, 5.03423564169e-07, 5.12735937264e-07, 4.12074513179e-07, 4.23049158371e-07, 3.43163208072e-07, 3.22273336906e-07, 8.3331570977e-07, 1.67969474774e-07, 2.01394044552e-07, 1.67593611877e-07, 8.76991421705e-08, 1.55738106855e-07, 1.79317268589e-07, 1.22722425999e-07, 1.62155245675e-07, 1.41390302133e-07, 2.23798494403e-07, 1.5337873549e-07, 1.10800002062e-07, 3.9199164803e-08, 4.72390127015e-08, 2.69784194984e-08, 2.63894293084e-08, 1.25361543368e-08, 3.78531472833e-09, 2.83664935985e-09, 6.27776408635e-09, 9.34446742207e-09, 1.56473567436e-09, 5.17680620593e-10, 3.16481597873e-11, 6.26120206029e-12, 3.63152064843e-12, 2.16445177753e-12, 9.23396125188e-13, 4.01071455778e-13],
        "stdev": [0.00425678724423, 0.00171022885479, 0.000664546096232, 0.00051416066708, 0.00066130340565, 0.0011741949711, 0.000647195323836, 0.000255445629591, 0.000615386758, 0.00103587645572, 0.000336117926054, 0.000393322319724, 0.000311299751047, 0.00012062877795, 0.000146004749695, 0.000266029819613, 0.000123769772472, 0.000154134249897, 0.000180381655809, 0.000361826620065, 9.06408313313e-05, 0.000111748908239, 2.74999893008e-05, 1.34664578582e-05, 9.58014334174e-06, 1.42666358443e-05, 9.88364627119e-06, 5.95821074967e-06, 4.21107324655e-06, 3.9417732296e-06, 4.23275650974e-06, 4.26230781159e-06, 4.16154580307e-06, 3.39614803124e-06, 4.17619321524e-06, 2.52829499914e-06, 2.54504288932e-06, 1.3708803408e-06, 1.22828896565e-06, 1.08383028419e-06]
    },
    "melbands128": {
        "max": [0.0336635485291, 0.0721582919359, 0.0599555708468, 0.0321907810867, 0.0143260946497, 0.0109563274309, 0.00965905375779, 0.00916335172951, 0.00954669807106, 0.014909950085, 0.00819724611938, 0.0100246109068, 0.0094837974757, 0.011075399816, 0.0236980579793, 0.0120099848136, 0.00998821854591, 0.00778062734753, 0.00421426119283, 0.00278587429784, 0.00686057517305, 0.00490849139169, 0.00968696549535, 0.0221788119525, 0.0158949866891, 0.0192687138915, 0.00901615433395, 0.00498734647408, 0.0141972200945, 0.00495427986607, 0.00898151937872, 0.0136495884508, 0.00548259494826, 0.0060399887152, 0.00534593593329, 0.000819725275505, 0.00146160554141, 0.00294474861585, 0.00362295727246, 0.00423046573997, 0.0073441658169, 0.00274979160167, 0.00253967079334, 0.00294480589218, 0.00272553693503, 0.00356629560702, 0.00486886594445, 0.0039644157514, 0.00279840151779, 0.0017671972746, 0.00901490263641, 0.00188017694745, 0.00198524841107, 0.00116030371282, 0.00116581737529, 0.00304632075131, 0.00110799213871, 0.000625841028523, 0.000457232439658, 0.000214943676838, 0.000262048357399, 0.000130355954752, 0.000190327322343, 0.00013179454254, 9.30996975512e-05, 0.000374448136427, 0.00029592946521, 0.000137391427415, 0.000158581940923, 0.000150591426063, 0.000170698054717, 6.41389342491e-05, 4.67680329166e-05, 8.64117246238e-05, 4.27996710641e-05, 3.55783085979e-05, 6.99650117895e-05, 6.34358584648e-05, 4.7407404054e-05, 0.000125695340103, 4.18333802372e-05, 3.98089650844e-05, 5.95215205976e-05, 5.53411446162e-05, 3.55910451617e-05, 3.50209811586e-05, 5.27107804373e-05, 4.865261144e-05, 8.5933264927e-05, 5.20769208379e-05, 3.43437568517e-05, 2.01834191103e-05, 4.29408974014e-05, 3.57871576853e-05, 3.31864466716e-05, 2.5074570658e-05, 1.11927065518e-05, 1.85558528756e-05, 1.46548600242e-05, 8.93018659553e-06, 1.55717225425e-05, 1.07970763565e-05, 1.26954946609e-05, 1.53111668624e-05, 1.2560120922e-05, 1.03116581158e-05, 8.98525195225e-06, 1.01204232124e-05, 9.29649377213e-06, 7.82509232522e-06, 8.47772025736e-06, 1.11395575004e-05, 1.14427248263e-05, 5.11021744387e-06, 7.1186018431e-06, 5.62640843782e-06, 6.65646075504e-06, 6.42562838493e-07, 3.07414410372e-07, 2.56933219589e-07, 1.4673713622e-07, 7.72716788333e-08, 3.19835216089e-08, 2.75446288001e-09, 1.18273646432e-09, 1.26713795012e-09, 1.31920774304e-09, 1.34747479841e-09],
        "mean": [0.000648437533528, 0.00167339690961, 0.00231530959718, 0.00182597117964, 0.000977535266429, 0.000515263003763, 0.000373490183847, 0.000369142682757, 0.000283106288407, 0.000256935018115, 0.00028011095128, 0.000308317801682, 0.000392436544644, 0.000555374426767, 0.000721059215721, 0.00041860571946, 0.000458635418909, 0.000328965834342, 0.000230757257668, 0.000109211963718, 0.000146225051139, 0.000150215870235, 0.000188980571693, 0.000421580887632, 0.000476479151985, 0.000471110019134, 0.000144905439811, 8.81968808244e-05, 0.000157965012477, 0.000110373475763, 0.000188694859389, 0.000196827895707, 0.000100631303212, 0.000106317616883, 6.97770519764e-05, 2.65311045951e-05, 2.60603464994e-05, 6.69293076498e-05, 5.33286874997e-05, 8.624757902e-05, 0.000131283159135, 5.36992920388e-05, 4.15792965214e-05, 4.93694606121e-05, 8.4688042989e-05, 7.36227157176e-05, 6.54542454868e-05, 9.1224865173e-05, 5.60313164897e-05, 5.28659766132e-05, 0.000261025037616, 0.000118014177133, 6.13717347733e-05, 3.88710068364e-05, 2.96174875984e-05, 9.41747784964e-05, 5.25325340277e-05, 2.13852345041e-05, 2.11928108911e-05, 1.98587640625e-05, 1.30675816763e-05, 6.56555312162e-06, 8.29732562124e-06, 8.20883906272e-06, 8.57007125887e-06, 1.15523243949e-05, 1.05605204226e-05, 9.06398236111e-06, 8.59412466525e-06, 5.76010461373e-06, 4.00503677156e-06, 3.99629379899e-06, 2.96554139823e-06, 2.92441745842e-06, 2.74434432868e-06, 2.69754082183e-06, 3.36068319484e-06, 3.75295553567e-06, 2.96648499898e-06, 4.1126263568e-06, 3.42139333043e-06, 4.14667920268e-06, 3.78115760213e-06, 3.04399600282e-06, 2.37548351834e-06, 2.36537607634e-06, 2.87744978777e-06, 2.81881057163e-06, 3.53435757461e-06, 2.74435046776e-06, 2.00727527044e-06, 1.52452980728e-06, 2.02242927116e-06, 1.61518391906e-06, 1.07603057131e-06, 8.35975527025e-07, 8.06288937838e-07, 8.63405148266e-07, 9.66625179899e-07, 7.83169753049e-07, 7.87745989328e-07, 7.0263121188e-07, 6.17428838723e-07, 6.17501370925e-07, 6.13525685367e-07, 6.07328104252e-07, 4.30307721899e-07, 3.58784802756e-07, 3.2839059827e-07, 3.23826867543e-07, 2.73632565495e-07, 3.49330889549e-07, 3.61963657269e-07, 1.46236118326e-07, 1.09626569156e-07, 8.03888795531e-08, 3.07879304273e-08, 4.65693084095e-09, 1.56637103288e-09, 1.01266328656e-09, 6.81872169839e-10, 4.04795530429e-10, 1.42332659547e-10, 9.13094513194e-12, 5.34256449844e-12, 5.12387614976e-12, 4.99934035142e-12, 4.97935373489e-12],
        "min": [1.79725567762e-10, 3.71191771764e-10, 5.77007219782e-10, 5.6796850556e-10, 4.37209157766e-09, 7.80328024419e-10, 7.41131067628e-09, 7.58477813889e-09, 2.57216772326e-08, 1.27181280618e-07, 1.0743843859e-07, 9.90964679204e-08, 1.72485911776e-07, 1.40650769254e-07, 2.45242745223e-07, 1.54495495508e-07, 2.95279733109e-07, 1.64319999385e-07, 7.37512095839e-08, 1.15875565143e-07, 1.86233165778e-07, 2.08663152534e-07, 7.88469094459e-08, 5.31026067563e-08, 2.59309700823e-07, 1.03037805843e-07, 1.55250589273e-07, 3.076745827e-07, 8.65441478481e-08, 1.36180787536e-07, 1.4703790896e-07, 1.23130192264e-07, 8.05612643262e-08, 7.46485966374e-08, 6.54207283901e-08, 1.80550738804e-08, 2.42200943745e-08, 4.71798173862e-08, 5.40450777464e-08, 5.12359221716e-08, 6.68576518592e-08, 5.5825427836e-08, 2.68876405585e-08, 4.19876435842e-08, 2.80524332652e-08, 2.92766273446e-08, 8.21458172595e-08, 1.04278171875e-07, 2.99591107478e-08, 3.89663590283e-08, 3.83100626777e-08, 3.89641030552e-09, 5.95109348467e-08, 4.22011723344e-08, 6.51256470974e-08, 4.79297241895e-08, 3.23226867494e-09, 1.05807451689e-08, 4.7052946428e-08, 3.85977863004e-08, 3.60658951593e-08, 4.1871515144e-09, 4.4004799804e-08, 1.08773505758e-08, 1.19332446147e-08, 8.40689651227e-09, 6.20995477263e-09, 3.00636031625e-08, 1.52704657808e-08, 1.15817169188e-08, 3.27057980698e-09, 2.10989914429e-09, 9.23910392636e-10, 2.62726418399e-09, 5.42478773013e-09, 2.70778649503e-10, 3.17457476973e-10, 1.39036537838e-09, 1.82486803446e-09, 6.44977804498e-09, 8.06564059985e-09, 3.63994501207e-09, 2.88104845536e-10, 2.1519680482e-10, 4.90317064727e-10, 4.52076258373e-11, 1.83239552004e-11, 3.32712364604e-11, 2.03822601158e-11, 4.94142097032e-12, 2.32530054239e-12, 3.87958805706e-12, 3.48303981143e-12, 1.78162909772e-12, 1.3659106398e-12, 2.37834881997e-12, 5.77104173911e-13, 5.68111638462e-13, 5.45654070972e-13, 5.12259343017e-13, 3.53139148783e-13, 3.70753449642e-13, 3.48510228922e-13, 3.59105838598e-13, 2.41827337235e-13, 3.42551806148e-13, 2.90767111994e-13, 2.94879165573e-13, 2.84829261956e-13, 3.48850126303e-13, 3.26173983656e-13, 2.91051064543e-13, 2.48346400953e-13, 2.96465163616e-13, 2.81079792688e-13, 2.75392474667e-13, 2.88333918373e-13, 2.99967272159e-13, 2.7128681788e-13, 2.29548070005e-13, 3.09227253179e-13, 2.88148492697e-13, 2.82297405937e-13, 2.67367210186e-13, 1.88536428765e-13, 7.33059920817e-14, 8.63380852543e-15, 5.10164132483e-16],
        "stdev": [0.00249092606828, 0.0053674201481, 0.00562152545899, 0.00354076549411, 0.00163648917805, 0.000924914027564, 0.000727776845451, 0.000858243263792, 0.000663735962007, 0.000626716762781, 0.000617031240836, 0.00073310744483, 0.000875970348716, 0.00114858034067, 0.00211888947524, 0.00106124731246, 0.00119401351549, 0.000740374089219, 0.000473692867672, 0.000218300978304, 0.000394610251533, 0.00033630328835, 0.000610864139162, 0.00155421160161, 0.0014945595758, 0.00146717194002, 0.000517717970069, 0.000299901963444, 0.000647228211164, 0.000413676374592, 0.000640200800262, 0.000698175572325, 0.000356629636372, 0.000366410851711, 0.000249167700531, 6.16991965217e-05, 8.14551458461e-05, 0.000232972073718, 0.000205020711292, 0.000280004547676, 0.000464590615593, 0.000190922626643, 0.000158876733622, 0.000178296118975, 0.000225361247431, 0.000220358895604, 0.000255307910265, 0.000340674567269, 0.000181022391189, 0.000133370034746, 0.000794869323727, 0.000250348966802, 0.000146020873217, 0.000106466373836, 6.93936817697e-05, 0.00022475712467, 0.000102226062154, 4.30157015217e-05, 3.42121129506e-05, 2.63384081336e-05, 2.08796791412e-05, 1.1099027688e-05, 1.40304773595e-05, 1.22942501548e-05, 1.04225018731e-05, 2.28089920711e-05, 2.15287072933e-05, 1.30609896587e-05, 1.40086785905e-05, 1.21143602883e-05, 8.0243589764e-06, 5.76340107727e-06, 4.73035515824e-06, 5.41028794032e-06, 3.96852010454e-06, 3.99675036533e-06, 5.26794565303e-06, 5.65784785067e-06, 4.23108212999e-06, 7.75723947299e-06, 4.21157346864e-06, 5.38131098438e-06, 5.56346731173e-06, 5.05665639139e-06, 3.50085701939e-06, 3.56486475539e-06, 4.2077172111e-06, 3.89943761547e-06, 6.02966065344e-06, 4.4685461944e-06, 3.07813479594e-06, 2.3096579298e-06, 3.91572348235e-06, 3.28301598529e-06, 1.98037605514e-06, 1.65885808201e-06, 1.33174933126e-06, 1.34449032885e-06, 1.51602750975e-06, 1.17740512451e-06, 1.30450723645e-06, 1.14809608931e-06, 1.09141672056e-06, 1.16273906769e-06, 1.04801802081e-06, 1.13607154617e-06, 7.69045300331e-07, 6.87450381065e-07, 6.77022626405e-07, 6.90118099556e-07, 5.97988901063e-07, 9.81104903985e-07, 1.06549111933e-06, 3.59502905667e-07, 3.18054532045e-07, 2.6460233471e-07, 2.05082969273e-07, 3.3403868116e-08, 1.42786609203e-08, 1.08677502553e-08, 6.76771971797e-09, 3.68762420599e-09, 1.60373803126e-09, 8.97867197258e-11, 3.945328092e-11, 4.11916542542e-11, 4.22275270306e-11, 4.27969361338e-11]
    },
    "mfcc": {
        "mean": [-639.003417969, 105.185127258, -21.445356369, 10.8254528046, -1.83939194679, -0.265730530024, -18.1495361328, 6.43418550491, 0.510412395, 0.626309156418, -1.7104434967, -1.74419414997, 3.24069833755],
        "cov": [[4762.90917969, -704.339538574, 1305.81884766, 288.649719238, 909.662963867, 346.777069092, 418.349731445, -9.17301940918, 233.53276062, 211.150665283, 128.993453979, 70.5663757324, 31.3385906219], [-704.339538574, 1401.79272461, -116.82749939, 257.533050537, 51.4758720398, 286.0753479, 253.987640381, 308.919525146, 232.458526611, 84.1172790527, 92.1588516235, 81.1599655151, 0.73260062933], [1305.81884766, -116.82749939, 906.243041992, 240.463867188, 477.413970947, 193.375274658, 273.090454102, 0.798342049122, 134.929611206, 89.4477386475, 75.9908065796, 71.8004150391, 39.8890266418], [288.649719238, 257.533050537, 240.463867188, 429.122192383, 310.328186035, 127.631004333, 79.976272583, 99.500869751, 143.502944946, 30.048286438, -21.4273147583, 38.4939346313, 63.5538673401], [909.662963867, 51.4758720398, 477.413970947, 310.328186035, 622.635620117, 193.829666138, 163.572952271, 67.8149032593, 198.330764771, 93.6825637817, 46.6678695679, 52.4621391296, 91.8825836182], [346.777069092, 286.0753479, 193.375274658, 127.631004333, 193.829666138, 348.327270508, 257.085449219, 143.944824219, 140.184204102, 101.71169281, 63.7719764709, 60.0217819214, -23.7766017914], [418.349731445, 253.987640381, 273.090454102, 79.976272583, 163.572952271, 257.085449219, 398.099365234, 136.356323242, 142.528320312, 103.372825623, 102.9582901, 39.2105484009, -38.0270500183], [-9.17301940918, 308.919525146, 0.798342049122, 99.500869751, 67.8149032593, 143.944824219, 136.356323242, 218.877029419, 123.022644043, 45.4348983765, 34.5139465332, 44.3702049255, -5.7151222229], [233.53276062, 232.458526611, 134.929611206, 143.502944946, 198.330764771, 140.184204102, 142.528320312, 123.022644043, 209.386703491, 83.7038345337, 48.7027282715, 35.1358032227, 14.4469156265], [211.150665283, 84.1172790527, 89.4477386475, 30.048286438, 93.6825637817, 101.71169281, 103.372825623, 45.4348983765, 83.7038345337, 138.083251953, 55.1537704468, 18.3549442291, -11.0110836029], [128.993453979, 92.1588516235, 75.9908065796, -21.4273147583, 46.6678695679, 63.7719764709, 102.9582901, 34.5139465332, 48.7027282715, 55.1537704468, 126.189193726, 25.0528831482, -3.96042871475], [70.5663757324, 81.1599655151, 71.8004150391, 38.4939346313, 52.4621391296, 60.0217819214, 39.2105484009, 44.3702049255, 35.1358032227, 18.3549442291, 25.0528831482, 107.027252197, 15.386803627], [31.3385906219, 0.73260062933, 39.8890266418, 63.5538673401, 91.8825836182, -23.7766017914, -38.0270500183, -5.7151222229, 14.4469156265, -11.0110836029, -3.96042871475, 15.386803627, 116.842323303]],
        "icov": [[0.000430982734542, 0.000258595624473, -0.000388310319977, 5.47682975593e-05, -0.000312424148433, -0.000133337278385, -2.92980002996e-05, -0.000122280122014, -2.11574297282e-05, -0.00015747382713, -7.95705200289e-05, 7.89998157416e-05, 0.000163269840414], [0.000258595624473, 0.0015311796451, 0.000272654433502, -0.000899938866496, 0.000382177357096, -0.000558841449674, -0.000375784817152, -0.000753674597945, -0.000641814433038, 9.74538270384e-05, -0.000804561132099, -0.000208290832234, -0.000167262842297], [-0.000388310319977, 0.000272654433502, 0.00309759005904, -0.000919040874578, -0.0011351587018, 0.000305554625811, -0.00184431846719, 0.00144401483703, 0.000233567756368, 0.00026933933259, -0.000397593335947, -0.001283483929, 0.000122118945001], [5.47682975593e-05, -0.000899938866496, -0.000919040874578, 0.00535153551027, -0.00186045689043, -0.000223337032367, 0.000750588544179, -0.000926681270357, -0.000996979884803, 0.000547866686247, 0.00258288695477, 0.000221981506911, -0.000756391964387], [-0.000312424148433, 0.000382177357096, -0.0011351587018, -0.00186045689043, 0.00525881815702, -0.00131201732438, 0.000578098755796, 0.000618428981397, -0.00256850966252, -0.000335041317157, -0.000538807187695, 0.000421629927587, -0.00249091535807], [-0.000133337278385, -0.000558841449674, 0.000305554625811, -0.000223337032367, -0.00131201732438, 0.00758343748748, -0.00320937670767, -0.00140399520751, 0.000601761217695, -0.00181683164556, 0.000944074592553, -0.0017933214549, 0.00154070882127], [-2.92980002996e-05, -0.000375784817152, -0.00184431846719, 0.000750588544179, 0.000578098755796, -0.00320937670767, 0.0072888690047, -0.00177509931382, -0.000906764296815, -0.000224022514885, -0.00233489018865, 0.00156152690761, 0.00121550005861], [-0.000122280122014, -0.000753674597945, 0.00144401483703, -0.000926681270357, 0.000618428981397, -0.00140399520751, -0.00177509931382, 0.0102418223396, -0.00390666117892, 0.00103547459003, 0.000241385525442, -0.0020547658205, 5.9204750869e-05], [-2.11574297282e-05, -0.000641814433038, 0.000233567756368, -0.000996979884803, -0.00256850966252, 0.000601761217695, -0.000906764296815, -0.00390666117892, 0.0125289717689, -0.00358768738806, -0.000668013060931, 0.000206908778637, 0.000191200291738], [-0.00015747382713, 9.74538270384e-05, 0.00026933933259, 0.000547866686247, -0.000335041317157, -0.00181683164556, -0.000224022514885, 0.00103547459003, -0.00358768738806, 0.0118928849697, -0.00285124988295, 0.000154183464474, 0.000970591907389], [-7.95705200289e-05, -0.000804561132099, -0.000397593335947, 0.00258288695477, -0.000538807187695, 0.000944074592553, -0.00233489018865, 0.000241385525442, -0.000668013060931, -0.00285124988295, 0.0126307029277, -0.00162586080842, -0.000918932142667], [7.89998157416e-05, -0.000208290832234, -0.001283483929, 0.000221981506911, 0.000421629927587, -0.0017933214549, 0.00156152690761, -0.0020547658205, 0.000206908778637, 0.000154183464474, -0.00162586080842, 0.0118276653811, -0.00161497178487], [0.000163269840414, -0.000167262842297, 0.000122118945001, -0.000756391964387, -0.00249091535807, 0.00154070882127, 0.00121550005861, 5.9204750869e-05, 0.000191200291738, 0.000970591907389, -0.000918932142667, -0.00161497178487, 0.0118057057261]]
    },
    "spectral_contrast_coeffs": {
        "max": [-0.297677963972, -0.486162483692, -0.519399404526, -0.486140042543, -0.576829612255, -0.41740873456],
        "mean": [-0.713089764118, -0.740353763103, -0.750290155411, -0.748811781406, -0.763411343098, -0.732970476151],
        "min": [-0.913879394531, -0.921900331974, -0.901364684105, -0.879661679268, -0.873387098312, -0.856639504433],
        "stdev": [0.106443837285, 0.0820222049952, 0.0701313987374, 0.070385850966, 0.0531060062349, 0.0549144558609]
    },
    "spectral_contrast_valleys": {
        "max": [-5.21768951416, -4.85980796814, -5.31757879257, -5.77920722961, -5.91085481644, -8.23898506165],
        "mean": [-7.42270469666, -6.65618467331, -7.34138584137, -7.4163608551, -7.64137363434, -10.431520462],
        "min": [-11.3993425369, -8.61398410797, -9.45030784607, -9.32685565948, -10.0222511292, -15.8368148804],
        "stdev": [1.54860568047, 0.608241677284, 0.603777825832, 0.627432823181, 0.743515491486, 1.42720341682]
    }
},
"rhythm": {
    "beats_count": 81,
    "beats_loudness": {
        "max": 0.125765308738,
        "mean": 0.0321335308254,
        "min": 0.000293951452477,
        "stdev": 0.0258051715791
    },
    "bpm": 150.191604614,
    "bpm_histogram_first_peak_bpm": 152,
    "bpm_histogram_first_peak_weight": 0.45454543829,
    "bpm_histogram_second_peak_bpm": 157,
    "bpm_histogram_second_peak_spread": 0,
    "bpm_histogram_second_peak_weight": 0.0250000003725,
    "danceability": 1.04556107521,
    "onset_rate": 3.26074194908,
    "beats_loudness_band_ratio": {
        "max": [0.849131464958, 0.637173473835, 0.83083742857, 0.819084703922, 0.718641459942, 0.265349239111],
        "mean": [0.260803282261, 0.140151441097, 0.186879873276, 0.166814282537, 0.208372920752, 0.0569270811975],
        "min": [0.000142555421917, 0.00298157799989, 0.011269396171, 0.00508741987869, 0.00764709571376, 0.00232633273117],
        "stdev": [0.260899722576, 0.155854105949, 0.155904516578, 0.177114516497, 0.162115216255, 0.0465477705002]
    },
