{
"metadata": {
    "version": {
        "essentia": "2.1-beta5",
        "essentia_git_sha": "Undefined",
        "extractor": "music 2.0"
    },
    "audio_properties": {
        "analysis": {
            "equal_loudness": 0,
            "length": 12.7477550507,
            "sample_rate": 44100,
            "start_time": 0,
            "downmix": "mix"
        },
        "bit_rate": 192000,
        "length": 195.651351929,
        "lossless": 0,
        "number_channels": 2,
        "replay_gain": 11.7747631073,
        "sample_rate": 48000,
        "codec": "mp3",
        "md5_encoded": "8d4c112b73ee2fb81d22d41e8e7b03cf"
    },
    "tags": {
        "file_name": "Croatia_My Friend_Jacques Houdek.mp3",
        "encoding": ["Lavf58.29.100"]
    }
},
"lowlevel": {
    "average_loudness": 0.794473052025,
    "barkbands_crest": {
        "max": 24.7504329681,
        "mean": 10.3113327026,
        "min": 3.46931123734,
        "stdev": 4.80880355835
    },
    "barkbands_flatness_db": {
        "max": 0.348885953426,
        "mean": 0.159857019782,
        "min": 0.055039640516,
        "stdev": 0.0512666031718
    },
    "barkbands_kurtosis": {
        "max": 41.9019927979,
        "mean": 3.30016279221,
        "min": -1.62977933884,
        "stdev": 5.82815790176
    },
    "barkbands_skewness": {
        "max": 4.22765302658,
        "mean": 0.886967301369,
        "min": -5.29093885422,
        "stdev": 1.22965967655
    },
    "barkbands_spread": {
        "max": 47.115322113,
        "mean": 14.5950889587,
        "min": 1.47815024853,
        "stdev": 7.92885351181
    },
    "dissonance": {
        "max": 0.499879986048,
        "mean": 0.462761372328,
        "min": 0.313868612051,
        "stdev": 0.0338253006339
    },
    "dynamic_complexity": 4.15453672409,
    "erbbands_crest": {
        "max": 28.3901920319,
        "mean": 11.583978653,
        "min": 4.07296276093,
        "stdev": 5.18650054932
    },
    "erbbands_flatness_db": {
        "max": 0.383821457624,
        "mean": 0.225203156471,
        "min": 0.10178373009,
        "stdev": 0.0468582734466
    },
    "erbbands_kurtosis": {
        "max": 48.1092185974,
        "mean": 2.16619062424,
        "min": -1.68398344517,
        "stdev": 4.85399246216
    },
    "erbbands_skewness": {
        "max": 4.48351192474,
        "mean": 0.509963989258,
        "min": -5.09698581696,
        "stdev": 1.26204264164
    },
    "erbbands_spread": {
        "max": 64.5263824463,
        "mean": 21.7609710693,
        "min": 2.08446717262,
        "stdev": 10.8155355453
    },
    "hfc": {
        "max": 80.3950500488,
        "mean": 16.6197185516,
        "min": 2.48674655268e-06,
        "stdev": 11.7081813812
    },
    "loudness_ebu128": {
        "integrated": -33.9259033203,
        "loudness_range": 6.52280044556,
        "momentary": {
            "max": -30.7648258209,
            "mean": -36.4342269897,
            "min": -54.321685791,
            "stdev": 5.95936775208
        },
        "short_term": {
            "max": -31.8634376526,
            "mean": -35.5852012634,
            "min": -40.8424606323,
            "stdev": 2.2854347229
        }
    },
    "melbands_crest": {
        "max": 29.4077033997,
        "mean": 12.5839118958,
        "min": 2.8401093483,
        "stdev": 5.03779268265
    },
    "melbands_flatness_db": {
        "max": 0.434263914824,
        "mean": 0.195312857628,
        "min": 0.0114664621651,
        "stdev": 0.0724010244012
    },
    "melbands_kurtosis": {
        "max": 34.1042709351,
        "mean": 5.26682758331,
        "min": -1.68977606297,
        "stdev": 6.56253290176
    },
    "melbands_skewness": {
        "max": 4.17125368118,
        "mean": 1.30125200748,
        "min": -3.17958664894,
        "stdev": 1.06098198891
    },
    "melbands_spread": {
        "max": 152.460830688,
        "mean": 23.8653182983,
        "min": 2.5067024231,
        "stdev": 16.3357486725
    },
    "pitch_salience": {
        "max": 0.880301713943,
        "mean": 0.611646175385,
        "min": 0.248129114509,
        "stdev": 0.122324511409
    },
    "silence_rate_20dB": {
        "max": 1,
        "mean": 1,
        "min": 1,
        "stdev": 0
    },
    "silence_rate_30dB": {
        "max": 1,
        "mean": 0.998181819916,
        "min": 0,
        "stdev": 0.0426012910903
    },
    "silence_rate_60dB": {
        "max": 1,
        "mean": 0.147272720933,
        "min": 0,
        "stdev": 0.354378134012
    },
    "spectral_centroid": {
        "max": 11618.4755859,
        "mean": 1440.51806641,
        "min": 490.245361328,
        "stdev": 800.787963867
    },
    "spectral_complexity": {
        "max": 50,
        "mean": 17.7890911102,
        "min": 0,
        "stdev": 9.06554317474
    },
    "spectral_decrease": {
        "max": -6.28046806248e-18,
        "mean": -5.23546939135e-09,
        "min": -2.63475126161e-08,
        "stdev": 4.92119767159e-09
    },
    "spectral_energy": {
        "max": 0.103962272406,
        "mean": 0.0212673284113,
        "min": 2.49259168861e-10,
        "stdev": 0.0193696413189
    },
    "spectral_energyband_high": {
        "max": 0.00771363964304,
        "mean": 0.000236727297306,
        "min": 1.99830027525e-10,
        "stdev": 0.000476182991406
    },
    "spectral_energyband_low": {
        "max": 0.0521591566503,
        "mean": 0.00258395075798,
        "min": 4.22983393103e-12,
        "stdev": 0.00751141645014
    },
    "spectral_energyband_middle_high": {
        "max": 0.032692424953,
        "mean": 0.00639151828364,
        "min": 3.20504837947e-11,
        "stdev": 0.00564716104418
    },
    "spectral_energyband_middle_low": {
        "max": 0.099245518446,
        "mean": 0.0123873241246,
        "min": 8.74617565871e-12,
        "stdev": 0.015920240432
    },
    "spectral_entropy": {
        "max": 9.80341529846,
        "mean": 7.27038955688,
        "min": 5.79465198517,
        "stdev": 0.504838347435
    },
    "spectral_flux": {
        "max": 0.23815818131,
        "mean": 0.0609965026379,
        "min": 1.57879439939e-05,
        "stdev": 0.0334988459945
    },
    "spectral_kurtosis": {
        "max": 59.8845329285,
        "mean": 7.87751150131,
        "min": -1.18257915974,
        "stdev": 5.97327327728
    },
    "spectral_rms": {
        "max": 0.0100710773841,
        "mean": 0.00402457918972,
        "min": 4.93132517931e-07,
        "stdev": 0.00213339086622
    },
    "spectral_rolloff": {
        "max": 16882.03125,
        "mean": 1649.13012695,
        "min": 473.73046875,
        "stdev": 1161.25268555
    },
    "spectral_skewness": {
        "max": 5.30591726303,
        "mean": 1.88518106937,
        "min": -0.0549609772861,
        "stdev": 0.51160633564
    },
    "spectral_spread": {
        "max": 40088288,
        "mean": 3203363.25,
        "min": 1203109.5,
        "stdev": 1779749.5
    },
    "spectral_strongpeak": {
        "max": 11.0689849854,
        "mean": 1.6065350771,
        "min": 0,
        "stdev": 1.59253406525
    },
    "zerocrossingrate": {
        "max": 0.4404296875,
        "mean": 0.062031250447,
        "min": 0.0166015625,
        "stdev": 0.0356409139931
    },
    "barkbands": {
        "max": [0.000907264882699, 0.0257872268558, 0.0299210697412, 0.00432465597987, 0.0423257537186, 0.0445628538728, 0.081535987556, 0.0369525775313, 0.0208757910877, 0.0282018408179, 0.0149950273335, 0.0050394050777, 0.00736245559528, 0.00546469213441, 0.0128987375647, 0.00820094998926, 0.00746032735333, 0.0129708172753, 0.00244183791801, 0.00396256987005, 0.00302551384084, 0.00298076565377, 0.000978098483756, 0.000398513191612, 0.000582786742598, 0.000310059083859, 4.97538567288e-05],
        "mean": [5.81325657549e-05, 0.00146731548011, 0.001000209013, 0.000273831130471, 0.00222549820319, 0.00294025172479, 0.00265403394587, 0.00243547582068, 0.00134045956656, 0.00182529189624, 0.00118883338291, 0.000584391062148, 0.000593533157371, 0.000385680352338, 0.000556051672902, 0.000325549102854, 0.000343136052834, 0.000600879488047, 0.000169133505551, 0.000102458463516, 8.81850428414e-05, 4.29925603385e-05, 2.63282327069e-05, 1.919400529e-05, 1.6419638996e-05, 3.94564722228e-06, 1.35813550628e-07],
        "min": [5.43857146817e-12, 9.27977855149e-13, 4.79803805194e-13, 1.07993150013e-12, 6.32372518065e-13, 6.36722228761e-13, 1.89449085759e-12, 2.01422298979e-12, 2.42386427769e-12, 4.74334601545e-13, 2.02606638064e-12, 1.17408730307e-12, 1.47560587881e-12, 2.65525080222e-12, 2.83362179207e-12, 2.09910886416e-12, 2.65964095365e-12, 4.25791823674e-12, 4.14677884045e-12, 1.32647200515e-11, 1.91192062182e-11, 1.47983170856e-11, 6.85175787635e-12, 2.33476103034e-11, 3.23302704053e-11, 4.77146551436e-11, 5.21884792326e-11],
        "stdev": [0.000136800750624, 0.00377954100259, 0.00380310136825, 0.000595295627136, 0.00482100900263, 0.00522507959977, 0.00747410347685, 0.00466507254168, 0.00208648853004, 0.00300824688748, 0.00211674091406, 0.000894117751159, 0.000890786934178, 0.000595345511101, 0.00106279819738, 0.000579409417696, 0.000801379501354, 0.0013056548778, 0.00027347629657, 0.000218819754082, 0.000240710316575, 0.000137366529088, 6.30372087471e-05, 3.66856293113e-05, 3.96361137973e-05, 1.52597531269e-05, 2.15370960177e-06]
    },
    "erbbands": {
        "max": [0.873039364815, 5.90821456909, 31.1356124878, 13.8855361938, 65.5496826172, 199.670928955, 62.2948684692, 553.667358398, 560.256958008, 1102.69836426, 288.038024902, 591.663391113, 713.185241699, 711.92791748, 712.853149414, 145.468673706, 322.245758057, 340.982330322, 205.764419556, 686.748535156, 254.719238281, 422.600891113, 898.194763184, 328.987854004, 71.1156539917, 197.721939087, 192.188690186, 57.1597251892, 107.716491699, 62.6964683533, 26.0343723297, 11.739985466, 6.26957130432, 7.77295303345, 4.01369810104, 1.83066701889, 0.436960607767, 0.0871878117323, 0.00310693238862, 0.000117148825666],
        "mean": [0.0490024723113, 0.313859760761, 1.13880562782, 0.852180063725, 3.31460785866, 9.53657627106, 8.03629112244, 36.2949066162, 30.5728664398, 62.1212768555, 31.1723823547, 34.2179107666, 43.7610855103, 63.3907089233, 42.8493309021, 21.7496528625, 26.4129486084, 22.4828338623, 23.0221347809, 27.2343101501, 15.8552503586, 20.8219528198, 32.7412948608, 19.4950695038, 6.61159515381, 4.72985649109, 4.3875246048, 2.31955695152, 1.58262729645, 1.10812020302, 0.7681209445, 0.503889620304, 0.271461635828, 0.210135668516, 0.0905751138926, 0.0299501791596, 0.00609126966447, 0.000707350263838, 2.99842522509e-05, 2.60294455074e-05],
        "min": [7.67281932434e-11, 7.82942252697e-11, 3.84949544463e-10, 2.48656406576e-09, 2.83643908361e-09, 2.18912199479e-09, 1.69068181677e-09, 6.85808565493e-09, 3.1881736362e-08, 1.37327660354e-08, 5.74892560223e-08, 4.89843721141e-08, 3.49440263392e-08, 2.22566303165e-08, 9.42137319271e-08, 5.42125846437e-08, 5.96479878823e-08, 1.44393709434e-07, 1.83226759987e-07, 8.99821159805e-08, 1.13429493354e-07, 1.60224189472e-07, 2.26145374427e-07, 2.92390808454e-07, 3.49960458834e-07, 5.7403633491e-07, 8.81269727415e-07, 5.39146412848e-07, 5.21107040186e-07, 3.11627502469e-07, 2.06224513022e-07, 3.38665955724e-07, 4.53984654314e-07, 4.23526870463e-07, 1.90897054608e-07, 1.31775536261e-07, 9.85091972439e-08, 3.62681937816e-08, 6.86799950245e-09, 8.06213762417e-10],
        "stdev": [0.148983508348, 0.779509544373, 4.03083753586, 1.83366978168, 8.22993564606, 22.5955696106, 10.5902786255, 65.1399917603, 63.2571105957, 131.191345215, 41.1807670593, 55.2751617432, 82.3966293335, 92.4409790039, 77.5274581909, 28.4650688171, 38.1189804077, 33.333404541, 29.6100502014, 56.5152282715, 23.8363113403, 48.6667633057, 73.4274291992, 35.375328064, 7.93533086777, 10.6005020142, 14.4445047379, 5.10296630859, 5.04639911652, 3.17689299583, 1.76955533028, 1.05691254139, 0.518928229809, 0.522994637489, 0.259877085686, 0.101530246437, 0.0227045025676, 0.00471877027303, 0.000145859434269, 2.22464459512e-05]
    },
    "gfcc": {
        "mean": [-53.5458297729, 107.0154953, -162.126083374, 10.4818220139, -71.2209396362, -2.6619656086, -37.7054481506, 11.1617794037, -21.5770111084, -3.19150590897, -9.01191520691, -3.10217547417, -5.87115335464],
        "cov": [[8754.4765625, 611.252380371, 324.381500244, 377.054931641, 506.965667725, 674.215637207, -14.0257749557, 222.554382324, -148.276306152, 555.073913574, -166.988952637, 295.715576172, 519.283935547], [611.252380371, 2245.87036133, 326.779174805, -111.966903687, 540.381286621, -573.082336426, 433.051452637, -260.967224121, 120.248733521, 127.567619324, 216.29788208, -139.664794922, 311.108978271], [324.381500244, 326.779174805, 492.535736084, 75.034362793, 155.467559814, -97.3404846191, 74.33203125, 52.0314178467, -114.845703125, 150.474639893, -17.3640575409, 74.8450164795, 97.1588439941], [377.054931641, -111.966903687, 75.034362793, 354.13494873, 11.4610624313, 110.602645874, 27.6922092438, 52.2591781616, -3.23685693741, -10.0116987228, 45.7265930176, 70.2295684814, 57.6148605347], [506.965667725, 540.381286621, 155.467559814, 11.4610624313, 335.774139404, -58.308921814, 152.700424194, 10.3854370117, 3.84196949005, 98.0597991943, 29.7256946564, 3.98137426376, 72.9782104492], [674.215637207, -573.082336426, -97.3404846191, 110.602645874, -58.308921814, 781.597717285, -9.91733837128, 167.954071045, 70.9292144775, -47.8051261902, -96.4516448975, -83.2172164917, 17.2366542816], [-14.0257749557, 433.051452637, 74.33203125, 27.6922092438, 152.700424194, -9.91733837128, 223.234146118, -21.8900279999, 72.9013366699, 23.6591644287, 45.8519058228, -38.8629989624, 52.781993866], [222.554382324, -260.967224121, 52.0314178467, 52.2591781616, 10.3854370117, 167.954071045, -21.8900279999, 151.766571045, -40.6417922974, -0.683913350105, -40.5315895081, 32.2804908752, -10.659869194], [-148.276306152, 120.248733521, -114.845703125, -3.23685693741, 3.84196949005, 70.9292144775, 72.9013366699, -40.6417922974, 166.881866455, -24.9560394287, 37.428768158, -60.1703033447, -11.4905548096], [555.073913574, 127.567619324, 150.474639893, -10.0116987228, 98.0597991943, -47.8051261902, 23.6591644287, -0.683913350105, -24.9560394287, 194.126464844, -0.764276504517, 51.8084640503, 27.9261169434], [-166.988952637, 216.29788208, -17.3640575409, 45.7265930176, 29.7256946564, -96.4516448975, 45.8519058228, -40.5315895081, 37.428768158, -0.764276504517, 110.245254517, 3.69279146194, 23.7187709808], [295.715576172, -139.664794922, 74.8450164795, 70.2295684814, 3.98137426376, -83.2172164917, -38.8629989624, 32.2804908752, -60.1703033447, 51.8084640503, 3.69279146194, 173.538635254, 21.2311458588], [519.283935547, 311.108978271, 97.1588439941, 57.6148605347, 72.9782104492, 17.2366542816, 52.781993866, -10.659869194, -11.4905548096, 27.9261169434, 23.7187709808, 21.2311458588, 186.400741577]],
        "icov": [[0.000334784184815, -0.000682015437633, 0.000719142437447, -0.000539449742064, 0.00015603400243, -0.000552344368771, 0.000628728128504, -0.000466085446533, 0.000407283485401, -0.00110732286703, 0.00112157664262, -0.000794649880845, -7.83582872828e-05], [-0.000682015437633, 0.00493288878351, -0.0029168727342, 0.00225947168656, -0.00351906870492, 0.00293781771325, -0.00292719015852, 0.00314343348145, -0.00235861423425, 0.00296826916747, -0.00470678275451, 0.00459983665496, -0.00391152687371], [0.000719142437447, -0.0029168727342, 0.00658132787794, -0.0026177498512, 0.00155674223788, -0.00102531875018, 0.000205648480915, -0.00351447705179, 0.0039399205707, -0.00532169174403, 0.00491140084341, -0.00234795082361, 0.000152376131155], [-0.000539449742064, 0.00225947168656, -0.0026177498512, 0.00558774685487, -0.00107189395931, 0.00030696648173, -0.00184178887866, 0.00124255125411, -0.00117339519784, 0.00325164897367, -0.00545382453129, 5.78866638534e-05, -0.00151920737699], [0.00015603400243, -0.00351906870492, 0.00155674223788, -0.00107189395931, 0.00860780104995, -0.00133653800003, -0.00178153207526, -0.00388849480078, 0.00217643892393, -0.00329142739065, 0.00241419533268, -0.00248155626468, 0.00259699067101], [-0.000552344368771, 0.00293781771325, -0.00102531875018, 0.00030696648173, -0.00133653800003, 0.00486084679142, -0.0018716128543, -0.00166443455964, -0.00311065651476, 0.00134208891541, -0.000496888533235, 0.00480996910483, -0.00329389679246], [0.000628728128504, -0.00292719015852, 0.000205648480915, -0.00184178887866, -0.00178153207526, -0.0018716128543, 0.0115037402138, -0.00140768080018, -0.00284009473398, -0.00118567829486, 0.00180903193541, -0.00159077427816, 0.00108229694888], [-0.000466085446533, 0.00314343348145, -0.00351447705179, 0.00124255125411, -0.00388849480078, -0.00166443455964, -0.00140768080018, 0.01505021099, 0.00111193489283, 0.00400071684271, -0.00263005890884, -0.00027268283884, 0.000270251010079], [0.000407283485401, -0.00235861423425, 0.0039399205707, -0.00117339519784, 0.00217643892393, -0.00311065651476, -0.00284009473398, 0.00111193489283, 0.0129451546818, -0.00264838035218, -0.000339220830938, -0.00125678838231, 0.00279545946978], [-0.00110732286703, 0.00296826916747, -0.00532169174403, 0.00325164897367, -0.00329142739065, 0.00134208891541, -0.00118567829486, 0.00400071684271, -0.00264838035218, 0.0123070413247, -0.00472981622443, 0.000451625761343, 0.000171901352587], [0.00112157664262, -0.00470678275451, 0.00491140084341, -0.00545382453129, 0.00241419533268, -0.000496888533235, 0.00180903193541, -0.00263005890884, -0.000339220830938, -0.00472981622443, 0.0202685594559, -0.00425522355363, 0.000888339942321], [-0.000794649880845, 0.00459983665496, -0.00234795082361, 5.78866638534e-05, -0.00248155626468, 0.00480996910483, -0.00159077427816, -0.00027268283884, -0.00125678838231, 0.000451625761343, -0.00425522355363, 0.0139345228672, -0.004486751277], [-7.83582872828e-05, -0.00391152687371, 0.000152376131155, -0.00151920737699, 0.00259699067101, -0.00329389679246, 0.00108229694888, 0.000270251010079, 0.00279545946978, 0.000171901352587, 0.000888339942321, -0.004486751277, 0.0120430961251]]
    },
    "melbands": {
        "max": [0.00699762254953, 0.0118600334972, 0.0029736678116, 0.0109931668267, 0.00248900684528, 0.0107067711651, 0.0123040042818, 0.00974363368005, 0.00184296071529, 0.0040008588694, 0.00356612517498, 0.00273474608548, 0.00212884973735, 0.000720803043805, 0.000514812825713, 0.000836650608107, 0.000590991752688, 0.000316481018672, 0.00129089690745, 0.000631863833405, 0.00022885495855, 0.000438562303316, 0.000357744953362, 0.000881068990566, 0.000278806808637, 7.45493234717e-05, 0.000127715742565, 0.000127983585116, 0.000168172380654, 2.47229272645e-05, 4.93024672323e-05, 5.8180099586e-05, 6.29346031928e-05, 2.51531328104e-05, 1.84716154763e-05, 7.56938152335e-06, 7.27414817447e-06, 4.55134841104e-06, 4.75479009765e-06, 7.0403261816e-06],
        "mean": [0.000411419779994, 0.000497914559674, 0.00021537282737, 0.00049028074136, 0.000344262400176, 0.000705675804056, 0.000511813559569, 0.000694672693498, 0.000223816401558, 0.000213512132177, 0.00021437034593, 0.000258162413957, 0.000143268509419, 8.74003599165e-05, 4.60524061054e-05, 6.1657432525e-05, 3.84128652513e-05, 3.33353309543e-05, 4.57601709059e-05, 2.82809614873e-05, 1.52038137458e-05, 1.9159855583e-05, 2.51331439358e-05, 3.19183818647e-05, 1.42670205605e-05, 4.68985490443e-06, 4.4016596803e-06, 2.66866140919e-06, 3.00139549836e-06, 1.79492462848e-06, 1.21922357721e-06, 8.68506333518e-07, 8.0924547774e-07, 5.25252289663e-07, 4.65887808332e-07, 3.45439218563e-07, 2.86484294065e-07, 1.77193271611e-07, 1.97778561528e-07, 1.67291787534e-07],
        "min": [7.39345108573e-13, 1.86808549315e-13, 4.33667912778e-13, 1.73828331828e-13, 6.02110592288e-14, 1.8005364452e-13, 4.48131061339e-13, 1.77679106237e-13, 4.51953524518e-13, 3.33295972202e-13, 1.77123140916e-13, 6.98609329023e-14, 3.15171500009e-13, 1.65235501063e-13, 8.90327308406e-14, 1.84314111825e-13, 2.76376930239e-13, 3.09835246652e-13, 1.32632457534e-13, 1.34753468692e-13, 1.25832287298e-13, 1.57703616333e-13, 1.51752891395e-13, 2.34529599517e-13, 2.50818598746e-13, 1.20398957189e-13, 4.99142556714e-13, 3.12206722064e-13, 6.38790019145e-13, 3.45168636512e-13, 3.10321077645e-13, 2.90936762529e-13, 2.97735170936e-13, 1.2646333362e-13, 1.08767148391e-13, 1.30974454914e-13, 2.38719281972e-13, 3.51750963426e-13, 2.86141634475e-13, 3.95448159895e-13],
        "stdev": [0.00114323676098, 0.00155793596059, 0.000418011331931, 0.00121074100025, 0.000473885302199, 0.00125624705106, 0.00122816790827, 0.00140284863301, 0.000283160043182, 0.000359299854608, 0.000419461837737, 0.000387192732887, 0.000247451389441, 0.000128471117932, 7.11822067387e-05, 9.65380750131e-05, 6.06573121331e-05, 4.59414586658e-05, 0.000103365367977, 5.03810406371e-05, 2.31179001275e-05, 4.95704043715e-05, 4.49997314718e-05, 8.29167693155e-05, 2.74514568446e-05, 7.66708672018e-06, 8.80012430571e-06, 6.89560420142e-06, 1.22020719573e-05, 3.07947902911e-06, 3.77320611733e-06, 2.7858266094e-06, 2.90024217975e-06, 1.42928706737e-06, 1.21714481338e-06, 6.52375490517e-07, 6.4369953634e-07, 3.56982155836e-07, 4.27722767427e-07, 4.56712143659e-07]
    },
    "melbands128": {
        "max": [0.000868296716362, 0.0075249937363, 0.00910961721092, 0.00897847767919, 0.0166945084929, 0.0123080257326, 0.00260559073649, 0.00302556459792, 0.00877471268177, 0.0173306073993, 0.012433797121, 0.00338461413048, 0.00110749446321, 0.00609154254198, 0.0198189970106, 0.00795248989016, 0.0027092541568, 0.0110015943646, 0.0353045351803, 0.00960219651461, 0.0150253009051, 0.00257176510058, 0.00305852363817, 0.00482666632161, 0.00432678870857, 0.00649212114513, 0.00310959317721, 0.00597651582211, 0.00925720389932, 0.00432190997526, 0.00497454870492, 0.00354798370972, 0.00249987561256, 0.00442314613611, 0.00141729705501, 0.000858859915752, 0.000463500007754, 0.000875126279425, 0.000927298504394, 0.000826162402518, 0.00120081647765, 0.00123513361905, 0.000888429116458, 0.000627064146101, 0.000347237626556, 0.000455291563412, 0.000423367717303, 0.00125895102974, 0.00293967570178, 0.000950968707912, 0.000695610593539, 0.000551638077013, 0.000317927304422, 0.000212866798392, 0.00011336379248, 0.000674319104291, 0.00104292167816, 0.000623025582172, 0.000297529943055, 0.00196650763974, 0.0019282590365, 0.00105538172647, 0.000730455096345, 0.000163405580679, 0.000320332328556, 5.13624690939e-05, 9.22182371141e-05, 8.45589966048e-05, 0.000167251288076, 0.000194681575522, 0.000164965545991, 7.29613166186e-05, 3.24285101669e-05, 0.000425606092904, 7.80708287493e-05, 4.41894735559e-05, 3.35670956702e-05, 5.7106368331e-05, 0.000120366137708, 5.17196931469e-05, 4.80426460854e-05, 6.00046187174e-05, 8.43687885208e-05, 6.70798763167e-05, 4.79178597743e-05, 1.83109295904e-05, 1.87735640793e-05, 3.2755000575e-05, 1.86605157069e-05, 9.85136830423e-06, 1.01660652945e-05, 6.01911415288e-06, 1.05820226963e-05, 1.03305710581e-05, 6.00719658905e-06, 5.86043188378e-06, 3.95558072341e-06, 5.93511413172e-06, 4.07637162425e-06, 5.45409602637e-06, 9.88799820334e-06, 5.85148200116e-06, 6.67119684294e-06, 5.73775287194e-06, 6.15265798842e-06, 4.96703523822e-06, 6.41140604785e-06, 2.37295489569e-06, 4.83812209495e-06, 3.21183392771e-06, 2.94027131531e-06, 1.03605327695e-06, 1.46238892285e-06, 7.11596896963e-07, 5.24093081822e-07, 8.51660217904e-07, 1.83988072422e-06, 4.79326047298e-07, 1.78752412872e-09, 1.74800340869e-09, 1.6585841589e-09, 1.59446322812e-09, 1.64914948364e-09, 1.5734922254e-09, 1.54748658332e-09, 1.57852764193e-09, 1.52611601134e-09, 1.51897250333e-09],
        "mean": [4.48266800959e-05, 0.000400569464546, 0.000544844660908, 0.000476910267025, 0.00063591246726, 0.000409636762924, 0.000126575716422, 0.000174673303263, 0.00027363843401, 0.000596416764893, 0.000580678926781, 0.000382533471566, 0.000110000226414, 0.000404941936722, 0.00125342246611, 0.000517720996868, 0.000207984077861, 0.000600564933848, 0.000815560633782, 0.000635740580037, 0.000838704640046, 0.000224149844144, 0.000148475795868, 0.000172153755557, 0.00023828742269, 0.000236173189478, 0.00014502502745, 0.000250158307608, 0.000219669556827, 0.000253748032264, 0.000321972620441, 0.00016392688849, 9.49615714489e-05, 0.000175322085852, 0.000115490503958, 5.8000554418e-05, 3.50775953848e-05, 4.53977336292e-05, 5.30537254235e-05, 5.94974444539e-05, 7.58675450925e-05, 4.25202415499e-05, 3.7870478991e-05, 3.81421123166e-05, 2.86505000986e-05, 3.29248941853e-05, 3.49582842318e-05, 5.30723955308e-05, 5.30544857611e-05, 2.38465563598e-05, 2.96446105494e-05, 2.61790701188e-05, 1.53116998263e-05, 1.20734839584e-05, 9.86206305242e-06, 1.76688972715e-05, 3.07428999804e-05, 2.40094468609e-05, 1.68434489751e-05, 3.7530069676e-05, 3.74331211788e-05, 2.51471374213e-05, 2.12194481719e-05, 8.86081306817e-06, 7.73939973442e-06, 3.20000594911e-06, 4.005003575e-06, 5.00060878039e-06, 4.56249335912e-06, 3.29855606651e-06, 2.80839890365e-06, 2.42502164838e-06, 1.80612676104e-06, 4.56815087091e-06, 2.3119018806e-06, 1.92120887732e-06, 1.42318242524e-06, 1.09439679363e-06, 1.531176963e-06, 9.32889179239e-07, 7.40073232919e-07, 9.5474911177e-07, 8.50380956763e-07, 8.02219005891e-07, 8.23249649784e-07, 4.77453340864e-07, 4.87811291805e-07, 4.56798176174e-07, 4.80987580431e-07, 4.72369293902e-07, 3.46859366118e-07, 2.87451712211e-07, 3.67021158354e-07, 3.30766766865e-07, 2.05277800092e-07, 1.87328410561e-07, 1.59032921943e-07, 1.85067904113e-07, 1.71919211311e-07, 2.40336561319e-07, 2.0524369404e-07, 1.50091167939e-07, 1.29852210762e-07, 8.6999627058e-08, 9.45566966948e-08, 1.0179767429e-07, 1.18113661074e-07, 5.60636408409e-08, 4.0283996583e-08, 3.42291315292e-08, 3.38327588167e-08, 2.01258085752e-08, 1.85446200618e-08, 1.15119469513e-08, 8.16365908207e-09, 6.60846843914e-09, 5.12852249557e-09, 9.68207070073e-10, 2.59345739329e-11, 2.24955037237e-11, 2.29888694886e-11, 1.96436304722e-11, 2.03293944179e-11, 1.93464549936e-11, 1.5668561934e-11, 9.36807315749e-12, 6.04414521904e-12, 5.55976749014e-12],
        "min": [2.21421990985e-12, 9.23423121822e-13, 2.7515953383e-13, 8.42721075214e-14, 1.02144631458e-13, 2.8930289696e-13, 5.42540242333e-13, 5.00732972881e-13, 2.57824658975e-13, 1.60352281583e-13, 1.24791209267e-13, 5.01016600169e-14, 5.02961150647e-14, 6.19723321054e-14, 6.29366282939e-14, 2.39018982558e-13, 6.16468139557e-13, 5.5066834339e-13, 1.73243567387e-13, 5.69046762836e-14, 1.51601577429e-13, 5.77126454265e-13, 5.83815819039e-13, 2.36806613815e-13, 1.64289344932e-13, 5.33167585602e-13, 3.54996251579e-13, 5.83792861058e-14, 1.09181855722e-13, 7.17168091948e-14, 2.05107622103e-14, 1.23271699922e-13, 4.71474801474e-13, 3.61433593558e-13, 1.01704425047e-13, 1.61702086183e-13, 1.67103079963e-13, 6.19355437705e-14, 6.16703275903e-14, 9.14457311957e-14, 2.70322230312e-13, 2.23152944148e-13, 2.07393537023e-13, 4.53705242863e-13, 1.51142146758e-13, 4.0441874025e-13, 3.34832964306e-13, 3.52866438055e-14, 1.22671133234e-13, 8.71231323305e-14, 1.64096465366e-13, 1.49486529383e-13, 1.44473381826e-13, 1.12324327628e-13, 5.59211524472e-14, 1.89293716877e-13, 2.14075176856e-13, 1.63801833425e-13, 4.19679211088e-14, 3.06139580917e-13, 2.20382292602e-13, 2.4053499535e-13, 2.39074547919e-13, 3.0400763287e-13, 1.64524806539e-13, 7.50389740579e-14, 6.91030620312e-14, 3.33683140797e-13, 8.78847992644e-13, 3.27816034951e-13, 1.90846267283e-13, 4.27464460313e-13, 3.09743929724e-13, 1.08567289273e-12, 4.07367553319e-13, 2.51892148632e-13, 4.16607964489e-13, 2.10320828678e-13, 3.02428600826e-13, 3.91499468478e-13, 3.07480684794e-13, 2.17403894366e-13, 3.16597686652e-13, 4.12147990432e-13, 1.64812445375e-13, 1.21539646294e-13, 1.3168462089e-13, 9.51620645348e-14, 1.00822474013e-13, 1.21861518814e-13, 1.17411180604e-13, 1.1662937597e-13, 1.86791689972e-13, 2.12746581961e-13, 2.14926438192e-13, 5.37489703353e-13, 3.03938731822e-13, 2.23214648805e-13, 3.07873030455e-13, 3.14483573731e-13, 3.19894338883e-13, 5.17429144236e-13, 3.56933504021e-13, 1.73019598323e-13, 2.20343152903e-13, 1.42704709269e-13, 2.03404377759e-13, 2.10953514856e-13, 2.14578680345e-13, 2.6210652572e-13, 2.58263137438e-13, 2.0270604314e-13, 3.48708258449e-13, 3.98993175738e-13, 4.34467837141e-13, 2.81267712029e-13, 2.62306669441e-13, 2.58110888348e-13, 2.06987543967e-13, 1.87395455056e-13, 1.84348060905e-13, 1.85263113986e-13, 3.57800215237e-13, 3.65779374021e-13, 1.69924743222e-13, 6.99087597707e-14, 9.26804646754e-15, 1.23015375788e-16],
        "stdev": [0.000119613221614, 0.00127237872221, 0.00156971940305, 0.00105691049248, 0.00214806431904, 0.00156079570297, 0.00031241538818, 0.000409937667428, 0.000804164330475, 0.00182745349593, 0.00146463746205, 0.000629223475698, 0.000160323965247, 0.000711660890374, 0.002335408004, 0.000937425647862, 0.000400474353228, 0.00140934786759, 0.00310759828426, 0.00132728589233, 0.00190768658649, 0.000337531062542, 0.000284953974187, 0.000360473321052, 0.000437335431343, 0.000544893846381, 0.000301174499327, 0.000655417621601, 0.000637633784208, 0.000497124216054, 0.000573122873902, 0.000405034108553, 0.000223866081797, 0.000494417501613, 0.000213627135963, 0.000106697771116, 6.07461151958e-05, 9.38282973948e-05, 9.36391516007e-05, 9.9097196653e-05, 0.000140914169606, 9.04309781617e-05, 7.16260474292e-05, 6.32134106127e-05, 5.02668444824e-05, 5.48183015781e-05, 5.48112438992e-05, 0.000115754337457, 0.000205217627808, 5.92802571191e-05, 6.67290078127e-05, 5.55465885554e-05, 3.07455593429e-05, 1.90031896636e-05, 1.33833600557e-05, 5.95669698669e-05, 0.000117137613415, 6.62563543301e-05, 3.15320066875e-05, 0.0001358375157, 0.00013702356955, 7.96576059656e-05, 6.07594229223e-05, 1.71060673892e-05, 2.77728504443e-05, 4.8137558224e-06, 7.69464713812e-06, 1.04665887193e-05, 1.23646586871e-05, 1.13008863991e-05, 8.84805740498e-06, 5.75656758883e-06, 2.80196445601e-06, 3.06316942442e-05, 7.07497201802e-06, 3.92164702134e-06, 2.82471728497e-06, 3.17792841997e-06, 7.43073769627e-06, 3.09799906972e-06, 2.55578129327e-06, 3.35198524226e-06, 3.77178412236e-06, 3.17783928949e-06, 2.66547658612e-06, 1.14048850719e-06, 1.39761232276e-06, 1.7599675175e-06, 1.53487258103e-06, 1.04810067114e-06, 8.27659675906e-07, 5.75301839945e-07, 9.89676664176e-07, 9.42235544699e-07, 4.30137731655e-07, 4.34690434759e-07, 3.20479443872e-07, 4.42830412339e-07, 4.27013901572e-07, 6.05286913924e-07, 6.37725008801e-07, 4.59006571418e-07, 4.65587106646e-07, 3.54477208475e-07, 3.53212442405e-07, 3.11895206551e-07, 5.2112756066e-07, 1.66965833159e-07, 2.21942869416e-07, 1.61185738534e-07, 1.48352370388e-07, 6.85456669203e-08, 8.00515209676e-08, 4.55400517296e-08, 3.73500235185e-08, 5.16787714844e-08, 7.99716914912e-08, 2.04606038778e-08, 9.01408947485e-11, 7.72798561255e-11, 9.82063805277e-11, 6.75547395801e-11, 6.98469199145e-11, 6.66441971053e-11, 6.56664028709e-11, 6.71857014467e-11, 6.50848541728e-11, 6.47989925606e-11]
    },
    "mfcc": {
        "mean": [-684.53326416, 139.923965454, -35.9313697815, 7.80587291718, -15.1769161224, -14.5903768539, -6.90851354599, -0.131510987878, -3.9187605381, -3.48515224457, 0.901842832565, -2.1707034111, -4.40826511383],
        "cov": [[7703.41699219, 98.8988189697, 85.4294967651, -0.777434706688, 460.937042236, 592.146789551, 357.880279541, -50.6560668945, 546.989440918, 102.429641724, -266.467834473, 53.0575256348, 466.129852295], [98.8988189697, 2531.45727539, -251.741027832, 774.422363281, -33.8969650269, -165.188110352, 259.61328125, -456.37512207, 146.319168091, -74.7608337402, -86.0721054077, 108.615715027, 177.890869141], [85.4294967651, -251.741027832, 354.352996826, 23.2616710663, 40.143535614, 42.7678031921, 58.2518539429, 39.0743675232, 43.6024246216, -3.88205480576, -56.7691345215, -23.1211452484, 13.6334428787], [-0.777434706688, 774.422363281, 23.2616710663, 692.755249023, -38.595451355, -112.307868958, 79.7461853027, -166.682434082, -9.06297206879, -148.328765869, -26.5248794556, 32.9909858704, 94.3159637451], [460.937042236, -33.8969650269, 40.143535614, -38.595451355, 176.825088501, 55.0586967468, 100.881828308, 35.6546020508, 87.9224700928, 7.27231311798, -3.44761943817, -1.34990787506, 20.0444927216], [592.146789551, -165.188110352, 42.7678031921, -112.307868958, 55.0586967468, 264.481079102, 45.7358779907, 90.6771621704, 69.7456665039, 140.305953979, -21.081741333, 34.87449646, 47.2311439514], [357.880279541, 259.61328125, 58.2518539429, 79.7461853027, 100.881828308, 45.7358779907, 241.206390381, -17.5653800964, 133.394515991, 8.74987506866, -35.7417984009, 33.631729126, 32.3389129639], [-50.6560668945, -456.37512207, 39.0743675232, -166.682434082, 35.6546020508, 90.6771621704, -17.5653800964, 248.294708252, 2.07240772247, 65.8032150269, 22.0880794525, -6.46674251556, -47.2377548218], [546.989440918, 146.319168091, 43.6024246216, -9.06297206879, 87.9224700928, 69.7456665039, 133.394515991, 2.07240772247, 189.887329102, 12.7432756424, -33.2186698914, 5.36789560318, 42.007522583], [102.429641724, -74.7608337402, -3.88205480576, -148.328765869, 7.27231311798, 140.305953979, 8.74987506866, 65.8032150269, 12.7432756424, 217.850997925, -13.1438188553, 50.0907745361, -13.9291582108], [-266.467834473, -86.0721054077, -56.7691345215, -26.5248794556, -3.44761943817, -21.081741333, -35.7417984009, 22.0880794525, -33.2186698914, -13.1438188553, 157.238433838, -28.7307224274, -17.5484542847], [53.0575256348, 108.615715027, -23.1211452484, 32.9909858704, -1.34990787506, 34.87449646, 33.631729126, -6.46674251556, 5.36789560318, 50.0907745361, -28.7307224274, 107.216918945, 10.2609071732], [466.129852295, 177.890869141, 13.6334428787, 94.3159637451, 20.0444927216, 47.2311439514, 32.3389129639, -47.2377548218, 42.007522583, -13.9291582108, -17.5484542847, 10.2609071732, 125.353797913]],
        "icov": [[0.000252635305515, 0.000115847004054, 0.000213112070924, -7.54173161113e-05, -0.000394853588659, -0.000331799354171, 7.50176332076e-05, 0.000212439292227, -0.000422068143962, 1.84040018212e-05, 0.000346785964211, 8.53823148645e-05, -0.000636362587102], [0.000115847004054, 0.00126633734908, 0.00106237921864, -0.00107778073289, 9.98577597784e-05, 0.000558696512599, -0.000707095605321, 0.00128648488317, -0.001052097301, -0.00103747355752, 0.000441901443992, 7.16769427527e-05, -0.000798456661869], [0.000213112070924, 0.00106237921864, 0.00435117119923, -0.00115568574984, -0.000295820442261, -0.000194844004, -0.00123415468261, 0.000431253836723, -0.000879892730154, -0.000634772877675, 0.00187873945106, 0.00151895871386, -0.000939173623919], [-7.54173161113e-05, -0.00107778073289, -0.00115568574984, 0.00331343687139, 0.000608091067988, -0.00010226581071, -0.00060647551436, -0.000435057096183, 0.00167286815122, 0.00216293474659, -0.000413409201428, -0.00105210742913, -0.000915598880965], [-0.000394853588659, 9.98577597784e-05, -0.000295820442261, 0.000608091067988, 0.0095551116392, 1.92120432985e-06, -0.00332031212747, -0.00109463999979, -0.00120169320144, 0.000699128839187, -0.00112741824705, 0.000359417375876, 0.000109805099783], [-0.000331799354171, 0.000558696512599, -0.000194844004, -0.00010226581071, 1.92120432985e-06, 0.00947791337967, -0.000410621694755, -0.00186701701023, -0.00144938682206, -0.00526465149596, -0.000180917282705, -0.000641023914795, -0.00370211270638], [7.50176332076e-05, -0.000707095605321, -0.00123415468261, -0.00060647551436, -0.00332031212747, -0.000410621694755, 0.00942659005523, -1.63535296451e-05, -0.00458664633334, 0.000153481669258, -1.03769862108e-05, -0.00223558419384, 0.00129826518241], [0.000212439292227, 0.00128648488317, 0.000431253836723, -0.000435057096183, -0.00109463999979, -0.00186701701023, -1.63535296451e-05, 0.00746255833656, -0.000930894806515, -0.000845838629175, -0.000259037129581, 9.27780274651e-05, 0.00153379014228], [-0.000422068143962, -0.001052097301, -0.000879892730154, 0.00167286815122, -0.00120169320144, -0.00144938682206, -0.00458664633334, -0.000930894806515, 0.0119232116267, 0.0013988846913, 0.000366371910786, 0.00129743677098, -0.000424803671194], [1.84040018212e-05, -0.00103747355752, -0.000634772877675, 0.00216293474659, 0.000699128839187, -0.00526465149596, 0.000153481669258, -0.000845838629175, 0.0013988846913, 0.0100872619078, -0.000127053266624, -0.00317081529647, 0.00225286674686], [0.000346785964211, 0.000441901443992, 0.00187873945106, -0.000413409201428, -0.00112741824705, -0.000180917282705, -1.03769862108e-05, -0.000259037129581, 0.000366371910786, -0.000127053266624, 0.00816869549453, 0.00225517596118, -0.00083435617853], [8.53823148645e-05, 7.16769427527e-05, 0.00151895871386, -0.00105210742913, 0.000359417375876, -0.000641023914795, -0.00223558419384, 9.27780274651e-05, 0.00129743677098, -0.00317081529647, 0.00225517596118, 0.0128537630662, -0.000520625559147], [-0.000636362587102, -0.000798456661869, -0.000939173623919, -0.000915598880965, 0.000109805099783, -0.00370211270638, 0.00129826518241, 0.00153379014228, -0.000424803671194, 0.00225286674686, -0.00083435617853, -0.000520625559147, 0.0142067791894]]
    },
    "spectral_contrast_coeffs": {
        "max": [-0.493605494499, -0.456978082657, -0.52760976553, -0.612305402756, -0.525608062744, -0.555193483829],
        "mean": [-0.701948165894, -0.749618947506, -0.751782476902, -0.803219795227, -0.756933689117, -0.744398772717],
        "min": [-0.972651481628, -0.973345220089, -0.964361786842, -0.960316359997, -0.960260748863, -0.957656025887],
        "stdev": [0.0801879316568, 0.0984645411372, 0.0769931152463, 0.0591191872954, 0.0705314278603, 0.0602847672999]
    },
    "spectral_contrast_valleys": {
        "max": [-5.56387901306, -4.36703681946, -5.42404127121, -5.35469388962, -6.15437698364, -8.38089752197],
        "mean": [-7.80272483826, -6.54554271698, -7.22894716263, -7.61018180847, -8.04497337341, -11.4424571991],
        "min": [-26.9323215485, -27.1752567291, -27.4067497253, -27.2702941895, -27.2620983124, -27.3254756927],
        "stdev": [1.41347575188, 1.17025029659, 1.24090826511, 1.27438056469, 1.16035950184, 1.42193174362]
    }
},
"rhythm": {
    "beats_count": 26,
    "beats_loudness": {
        "max": 0.0989170968533,
        "mean": 0.0266929604113,
        "min": 0.000135011345265,
        "stdev": 0.0254948679358
    },
    "bpm": 136.036880493,
    "bpm_histogram_first_peak_bpm": 136,
    "bpm_histogram_first_peak_weight": 0.399999976158,
    "bpm_histogram_second_peak_bpm": 117,
    "bpm_histogram_second_peak_spread": 0.428571403027,
    "bpm_histogram_second_peak_weight": 0.159999996424,
    "danceability": 0.825224459171,
    "onset_rate": 2.82145690918,
    "beats_loudness_band_ratio": {
        "max": [0.646805167198, 0.691847145557, 0.817445576191, 0.57783550024, 0.876782476902, 0.145924299955],
        "mean": [0.0756251439452, 0.180044144392, 0.335576564074, 0.224007859826, 0.183022156358, 0.0264475569129],
        "min": [0.00145055970643, 0.0116831036285, 0.0562247522175, 0.0148658184335, 0.0129115916789, 0.000907563487999],
        "stdev": [0.137199521065, 0.177646130323, 0.209784582257, 0.170760467649, 0.201303139329, 0.0325704701245]
    },
    "beats_position": [0.49922901392, 1.01006805897, 1.52090704441, 2.03174591064, 2.55419492722, 3.06503391266, 3.56426286697, 4.06349182129, 4.55111122131, 5.0387301445, 5.52634906769, 5.9675283432, 6.40870714188, 6.86149644852, 7.31428575516, 7.74385452271, 8.17342376709, 8.6146030426, 9.05578231812, 9.49696159363, 9.93814086914, 10.379319191, 10.8204984665, 11.2500677109, 11.6912469864, 12.144036293],
