{
"metadata": {
    "version": {
        "essentia": "2.1-beta5",
        "essentia_git_sha": "Undefined",
        "extractor": "music 2.0"
    },
    "audio_properties": {
        "analysis": {
            "equal_loudness": 0,
            "length": 52.2448997498,
            "sample_rate": 44100,
            "start_time": 110.248344421,
            "downmix": "mix"
        },
        "bit_rate": 192000,
        "length": 191.611083984,
        "lossless": 0,
        "number_channels": 2,
        "replay_gain": -1.96335601807,
        "sample_rate": 48000,
        "codec": "mp3",
        "md5_encoded": "9d986cc3c0f117a71ba69d6d9d0c8831"
    },
    "tags": {
        "file_name": "Denmark_Where I Am_Anja.mp3",
        "encoding": ["Lavf58.29.100"]
    }
},
"lowlevel": {
    "average_loudness": 0.842763781548,
    "barkbands_crest": {
        "max": 25.0480003357,
        "mean": 10.3702325821,
        "min": 2.66317820549,
        "stdev": 3.89899802208
    },
    "barkbands_flatness_db": {
        "max": 0.328922390938,
        "mean": 0.123748101294,
        "min": 0.026077568531,
        "stdev": 0.0508672222495
    },
    "barkbands_kurtosis": {
        "max": 47.1532287598,
        "mean": 1.53171360493,
        "min": -1.83832371235,
        "stdev": 3.73019003868
    },
    "barkbands_skewness": {
        "max": 5.04119443893,
        "mean": 0.735373675823,
        "min": -1.73308265209,
        "stdev": 0.955531716347
    },
    "barkbands_spread": {
        "max": 86.8807220459,
        "mean": 25.2503356934,
        "min": 2.16789317131,
        "stdev": 12.7749814987
    },
    "dissonance": {
        "max": 0.500000059605,
        "mean": 0.462052732706,
        "min": 0.289635121822,
        "stdev": 0.0303178522736
    },
    "dynamic_complexity": 3.32856345177,
    "erbbands_crest": {
        "max": 31.4418106079,
        "mean": 12.9829931259,
        "min": 2.51684093475,
        "stdev": 6.523001194
    },
    "erbbands_flatness_db": {
        "max": 0.368511795998,
        "mean": 0.173793122172,
        "min": 0.0581575073302,
        "stdev": 0.0564611665905
    },
    "erbbands_kurtosis": {
        "max": 36.4068870544,
        "mean": 2.79702353477,
        "min": -1.76599395275,
        "stdev": 4.31871318817
    },
    "erbbands_skewness": {
        "max": 4.99334192276,
        "mean": 0.807563722134,
        "min": -1.73305273056,
        "stdev": 0.825433373451
    },
    "erbbands_spread": {
        "max": 113.676399231,
        "mean": 26.1836719513,
        "min": 2.98156237602,
        "stdev": 16.5982818604
    },
    "hfc": {
        "max": 144.439987183,
        "mean": 32.3782653809,
        "min": 0.415665358305,
        "stdev": 24.3092899323
    },
    "loudness_ebu128": {
        "integrated": -20.3516101837,
        "loudness_range": 9.08559799194,
        "momentary": {
            "max": -16.3552055359,
            "mean": -21.6941890717,
            "min": -33.6611251831,
            "stdev": 3.74703550339
        },
        "short_term": {
            "max": -17.0948181152,
            "mean": -21.4739875793,
            "min": -28.501291275,
            "stdev": 3.21433997154
        }
    },
    "melbands_crest": {
        "max": 35.5900001526,
        "mean": 14.405456543,
        "min": 3.96729183197,
        "stdev": 5.37947797775
    },
    "melbands_flatness_db": {
        "max": 0.453878492117,
        "mean": 0.182396680117,
        "min": 0.0385353192687,
        "stdev": 0.0572991296649
    },
    "melbands_kurtosis": {
        "max": 69.8126983643,
        "mean": 4.34942293167,
        "min": -1.77042579651,
        "stdev": 7.49627161026
    },
    "melbands_skewness": {
        "max": 7.10324525833,
        "mean": 1.34484183788,
        "min": -1.39572644234,
        "stdev": 1.18773555756
    },
    "melbands_spread": {
        "max": 127.112068176,
        "mean": 32.3812980652,
        "min": 2.77363657951,
        "stdev": 16.3909740448
    },
    "pitch_salience": {
        "max": 0.849584639072,
        "mean": 0.522395312786,
        "min": 0.164682045579,
        "stdev": 0.108707718551
    },
    "silence_rate_20dB": {
        "max": 1,
        "mean": 1,
        "min": 1,
        "stdev": 0
    },
    "silence_rate_30dB": {
        "max": 1,
        "mean": 0.996890246868,
        "min": 0,
        "stdev": 0.0556776635349
    },
    "silence_rate_60dB": {
        "max": 1,
        "mean": 0.0724122598767,
        "min": 0,
        "stdev": 0.259177178144
    },
    "spectral_centroid": {
        "max": 3474.12915039,
        "mean": 1512.71972656,
        "min": 358.470001221,
        "stdev": 532.180480957
    },
    "spectral_complexity": {
        "max": 48,
        "mean": 20.876499176,
        "min": 2,
        "stdev": 9.20610046387
    },
    "spectral_decrease": {
        "max": -1.65768856975e-10,
        "mean": -8.0972881733e-09,
        "min": -4.04559692413e-08,
        "stdev": 5.97368554622e-09
    },
    "spectral_energy": {
        "max": 0.158376663923,
        "mean": 0.0334978215396,
        "min": 0.000765605946071,
        "stdev": 0.0243510622531
    },
    "spectral_energyband_high": {
        "max": 0.00950209237635,
        "mean": 0.00103212252725,
        "min": 3.39811606409e-07,
        "stdev": 0.00117401196621
    },
    "spectral_energyband_low": {
        "max": 0.0947086662054,
        "mean": 0.00962350796908,
        "min": 2.78826632893e-06,
        "stdev": 0.0122597822919
    },
    "spectral_energyband_middle_high": {
        "max": 0.0926859006286,
        "mean": 0.0153268622234,
        "min": 0.000103497070086,
        "stdev": 0.015029264614
    },
    "spectral_energyband_middle_low": {
        "max": 0.060141954571,
        "mean": 0.00765886669978,
        "min": 0.000199313100893,
        "stdev": 0.00740126380697
    },
    "spectral_entropy": {
        "max": 8.63196372986,
        "mean": 7.61302423477,
        "min": 6.2936296463,
        "stdev": 0.440725892782
    },
    "spectral_flux": {
        "max": 0.265632748604,
        "mean": 0.0933772921562,
        "min": 0.0098119918257,
        "stdev": 0.047869015485
    },
    "spectral_kurtosis": {
        "max": 33.8472328186,
        "mean": 5.01967811584,
        "min": -0.816193580627,
        "stdev": 3.69215250015
    },
    "spectral_rms": {
        "max": 0.0124303586781,
        "mean": 0.00526310689747,
        "min": 0.000864252622705,
        "stdev": 0.0022317036055
    },
    "spectral_rolloff": {
        "max": 11391.0644531,
        "mean": 1654.00109863,
        "min": 43.06640625,
        "stdev": 1400.79174805
    },
    "spectral_skewness": {
        "max": 3.97215151787,
        "mean": 1.67121696472,
        "min": 0.0823577791452,
        "stdev": 0.445283234119
    },
    "spectral_spread": {
        "max": 14576853,
        "mean": 4807671.5,
        "min": 1126139,
        "stdev": 1529682.75
    },
    "spectral_strongpeak": {
        "max": 16.6967849731,
        "mean": 2.45215606689,
        "min": 0,
        "stdev": 2.94044113159
    },
    "zerocrossingrate": {
        "max": 0.29296875,
        "mean": 0.0706465542316,
        "min": 0.015625,
        "stdev": 0.0330635309219
    },
    "barkbands": {
        "max": [0.0431660637259, 0.0851836875081, 0.0461527183652, 0.0167036019266, 0.0258389469236, 0.0174348317087, 0.0199194345623, 0.0516224652529, 0.0426521897316, 0.0278467610478, 0.0509478710592, 0.0802945196629, 0.0883667990565, 0.0215295385569, 0.0221997052431, 0.015310744755, 0.00722946878523, 0.00478683644906, 0.00600694958121, 0.00450963247567, 0.00290512829088, 0.00339138857089, 0.00204096687958, 0.00168959074654, 0.00133999960963, 0.000533656624611, 0.000133354842546],
        "mean": [0.00151456461754, 0.00678131170571, 0.001296807779, 0.000811872305349, 0.00139652669895, 0.00101470155641, 0.000895887729712, 0.00136159698013, 0.00198765960522, 0.00126440520398, 0.00329762836918, 0.00439553149045, 0.00294152041897, 0.0011572134681, 0.000801271235105, 0.000475318636745, 0.000219579029363, 0.000289848801913, 0.000384929589927, 0.000318644102663, 0.000210657875868, 0.00019092047296, 0.000164887664141, 0.000123537611216, 0.000123004094348, 7.06437494955e-05, 7.38126209399e-06],
        "min": [2.93634405679e-09, 1.76797243512e-07, 6.90086636723e-08, 1.99971992743e-07, 8.20063905849e-06, 2.93448056254e-06, 5.36468678547e-06, 3.95455799662e-06, 1.59591490956e-05, 3.70478005607e-06, 4.33266450273e-06, 2.84727866529e-06, 1.20492586575e-06, 1.41139969401e-06, 1.70956946022e-06, 1.38671748573e-06, 1.42473049891e-06, 1.28514511744e-06, 1.18780758385e-06, 2.45577496116e-07, 6.4320384574e-09, 1.26444554827e-09, 9.10386904751e-11, 8.12705805431e-11, 6.20370768645e-11, 7.1121837586e-11, 9.94045054603e-11],
        "stdev": [0.00433609262109, 0.00940898619592, 0.00364568410441, 0.00159276521299, 0.00202412414365, 0.00151789886877, 0.00204039481468, 0.00324064982124, 0.00412660511211, 0.00269536906853, 0.00690400088206, 0.00802069529891, 0.00833197683096, 0.00224778032862, 0.00171065982431, 0.000931182468776, 0.000324359774822, 0.000388057756936, 0.000532009522431, 0.000393386319047, 0.000321178522427, 0.000285756395897, 0.000216488871956, 0.000157025075168, 0.000145177866216, 7.53863714635e-05, 1.36290163937e-05]
    },
    "erbbands": {
        "max": [4.05242013931, 13.215051651, 39.4142303467, 57.1547698975, 53.8660507202, 69.1980209351, 194.669464111, 175.809112549, 355.274719238, 387.349121094, 1100.27197266, 1134.05981445, 605.544921875, 1688.22827148, 1998.56677246, 3322.07666016, 3932.7746582, 1004.1973877, 1031.01208496, 1073.63806152, 431.142211914, 409.088623047, 321.205444336, 495.160003662, 218.441680908, 188.893875122, 123.895858765, 115.361953735, 121.289146423, 108.023422241, 42.2743911743, 30.1505489349, 37.1682701111, 17.9930076599, 8.92315101624, 2.95646119118, 1.21963393688, 0.409997403622, 0.0148353669792, 0.000586455396842],
        "mean": [0.295370638371, 1.13260483742, 1.49278116226, 2.30969905853, 3.05221009254, 4.97478866577, 7.19154834747, 9.72989082336, 12.3691158295, 17.8634681702, 33.8780212402, 45.4339790344, 32.8869094849, 85.5632095337, 167.865036011, 144.439804077, 148.304931641, 63.4349517822, 57.0373344421, 36.2030677795, 20.6534137726, 13.4631814957, 15.4551239014, 19.8855838776, 18.542842865, 13.6958370209, 9.39589595795, 7.91836547852, 6.88618326187, 6.07608604431, 4.4936671257, 2.7667131424, 1.96933376789, 1.3390045166, 0.905518651009, 0.384297192097, 0.108536653221, 0.024527085945, 0.000987612642348, 6.93154506735e-05],
        "min": [8.20688637759e-06, 9.43188861129e-05, 0.000942244310863, 0.010186733678, 0.0136610995978, 0.0361790396273, 0.0781905129552, 0.0740926489234, 0.114260740578, 0.103074885905, 0.216165825725, 0.422523438931, 0.27805134654, 0.214964672923, 0.193873867393, 0.159378647804, 0.147511035204, 0.143435075879, 0.0997681468725, 0.151710048318, 0.0867151468992, 0.103992290795, 0.0781035944819, 0.113187804818, 0.0545809306204, 0.013071266003, 0.00603746483102, 0.000982294790447, 0.000155008849106, 3.84896884498e-05, 1.06994039015e-05, 5.76757065573e-06, 3.53226437255e-06, 2.16064677261e-06, 1.6051728835e-06, 9.38182324717e-07, 4.72201065804e-07, 1.39891625395e-07, 4.20170920279e-07, 8.8754910621e-07],
        "stdev": [0.481786698103, 1.56135010719, 3.12439513206, 5.35418224335, 4.09194803238, 7.40867185593, 14.2002000809, 15.4666366577, 31.1302070618, 32.9098129272, 81.994102478, 93.0752258301, 56.5436058044, 207.706832886, 305.573242188, 275.058502197, 384.726165771, 112.771369934, 95.3215713501, 70.2904129028, 30.7753448486, 18.4868679047, 21.8229598999, 30.1161270142, 22.5007228851, 16.4152297974, 13.213593483, 12.651350975, 10.7969808578, 8.85510349274, 5.66832256317, 3.5210776329, 2.5569422245, 1.67656028271, 1.079164505, 0.398385614157, 0.127387493849, 0.0352048464119, 0.001752475393, 6.54932373436e-05]
    },
    "gfcc": {
        "mean": [18.0566921234, 77.5112762451, -124.256095886, 16.3953170776, -53.2068939209, 21.6700382233, -31.1300430298, 12.755065918, -28.0811767578, 7.29317951202, -13.1929340363, 2.07886219025, -13.8068761826],
        "cov": [[6255.15039062, -2745.14770508, 1062.48193359, 310.724853516, 174.39163208, 1676.12756348, 214.972305298, 516.152038574, -205.531982422, 783.019958496, 38.8832740784, 721.827819824, -55.9282875061], [-2745.14770508, 2011.8951416, -630.177307129, -186.118286133, 154.00050354, -778.840637207, 151.047409058, -215.618362427, 192.731033325, -345.078186035, 106.865684509, -371.300079346, 100.969558716], [1062.48193359, -630.177307129, 706.719177246, 57.0989189148, -103.993965149, 293.15020752, -115.881538391, 173.366943359, -62.1009368896, 113.7733078, -63.3575057983, 162.253173828, -28.2101764679], [310.724853516, -186.118286133, 57.0989189148, 292.873382568, 19.3248825073, 106.590576172, 12.7115221024, -20.0216083527, 34.2379570007, 48.3974685669, -3.53894090652, 39.8913650513, -5.82763528824], [174.39163208, 154.00050354, -103.993965149, 19.3248825073, 341.390441895, 112.102508545, 183.734893799, 7.05126523972, 41.5440673828, 90.4257507324, 39.9697952271, 33.086681366, 29.0415554047], [1676.12756348, -778.840637207, 293.15020752, 106.590576172, 112.102508545, 722.394470215, 151.452911377, 134.925949097, -60.6327171326, 246.618087769, 20.4762592316, 230.546569824, 13.0496997833], [214.972305298, 151.047409058, -115.881538391, 12.7115221024, 183.734893799, 151.452911377, 313.200714111, 0.825302541256, 49.0179786682, 74.8946838379, 56.438457489, 43.5951690674, 40.4741783142], [516.152038574, -215.618362427, 173.366943359, -20.0216083527, 7.05126523972, 134.925949097, 0.825302541256, 226.857131958, 0.565947830677, 64.501449585, 9.62350177765, 69.6424102783, 24.4066143036], [-205.531982422, 192.731033325, -62.1009368896, 34.2379570007, 41.5440673828, -60.6327171326, 49.0179786682, 0.565947830677, 162.083618164, 5.18647575378, 3.20804023743, -14.3600091934, 27.3725814819], [783.019958496, -345.078186035, 113.7733078, 48.3974685669, 90.4257507324, 246.618087769, 74.8946838379, 64.501449585, 5.18647575378, 203.847442627, 26.106880188, 113.329162598, 1.63971030712], [38.8832740784, 106.865684509, -63.3575057983, -3.53894090652, 39.9697952271, 20.4762592316, 56.438457489, 9.62350177765, 3.20804023743, 26.106880188, 122.198249817, 9.36798858643, 16.4303665161], [721.827819824, -371.300079346, 162.253173828, 39.8913650513, 33.086681366, 230.546569824, 43.5951690674, 69.6424102783, -14.3600091934, 113.329162598, 9.36798858643, 194.905502319, 30.5351428986], [-55.9282875061, 100.969558716, -28.2101764679, -5.82763528824, 29.0415554047, 13.0496997833, 40.4741783142, 24.4066143036, 27.3725814819, 1.63971030712, 16.4303665161, 30.5351428986, 101.040847778]],
        "icov": [[0.000814398692455, 0.000627829227597, -0.000227973549045, -7.44424833101e-05, -0.000162940574228, -0.000608205038588, -0.000325947185047, -0.000464951037429, 8.9753739303e-05, -0.000640487414785, -0.000466971221613, -0.000269309588475, 0.000267118593911], [0.000627829227597, 0.00295341270976, -0.000531839439645, 0.000644049374387, -0.00141272530891, 0.00105151464231, -0.00160260673147, 0.00042929983465, -0.00132589112036, 0.00169893668499, -0.00229054340161, 0.00212683295831, -0.00184529833496], [-0.000227973549045, -0.000531839439645, 0.00289488909766, -0.000344583939295, 0.000817414664198, -0.000648411514703, 0.00119941250887, -0.00143679231405, 0.00038405371015, -0.000455549365142, 0.00149665982462, -0.00157752353698, 0.00104576419108], [-7.44424833101e-05, 0.000644049374387, -0.000344583939295, 0.00424212496728, -0.000432816712419, -0.000265576032689, 7.03325858922e-05, 0.0013727984624, -0.00181529473048, 0.000482154893689, -0.000601003528573, 0.000463752890937, -0.000295880745398], [-0.000162940574228, -0.00141272530891, 0.000817414664198, -0.000432816712419, 0.00543765816838, -0.000663124257699, -0.00136595428921, -0.000478642992675, 0.00052745162975, -0.00278308452107, 0.001256122021, -0.000849317351822, 0.000664988998324], [-0.000608205038588, 0.00105151464231, -0.000648411514703, -0.000265576032689, -0.000663124257699, 0.00497239129618, -0.00207830197178, 0.00021155095601, 0.000697990180925, -0.000433736713603, -0.000486583594466, 1.00231982287e-05, -0.00135992479045], [-0.000325947185047, -0.00160260673147, 0.00119941250887, 7.03325858922e-05, -0.00136595428921, -0.00207830197178, 0.00691532157362, 0.000204273499548, -0.000716872164048, -0.000843668705784, -1.14364529509e-05, -0.00138605234679, 0.000230210120208], [-0.000464951037429, 0.00042929983465, -0.00143679231405, 0.0013727984624, -0.000478642992675, 0.00021155095601, 0.000204273499548, 0.00690775597468, -0.00134123652242, 0.000422402488766, -0.00125504494645, 0.000855473335832, -0.00234643393196], [8.9753739303e-05, -0.00132589112036, 0.00038405371015, -0.00181529473048, 0.00052745162975, 0.000697990180925, -0.000716872164048, -0.00134123652242, 0.00883219297975, -0.00278741167858, 0.00194037344772, -0.000797995366156, -0.00067527621286], [-0.000640487414785, 0.00169893668499, -0.000455549365142, 0.000482154893689, -0.00278308452107, -0.000433736713603, -0.000843668705784, 0.000422402488766, -0.00278741167858, 0.0132534215227, -0.00288406480104, -0.000895095057786, 0.000219753143028], [-0.000466971221613, -0.00229054340161, 0.00149665982462, -0.000601003528573, 0.001256122021, -0.000486583594466, -1.14364529509e-05, -0.00125504494645, 0.00194037344772, -0.00288406480104, 0.0114873191342, -0.00177177775186, 0.000611809955444], [-0.000269309588475, 0.00212683295831, -0.00157752353698, 0.000463752890937, -0.000849317351822, 1.00231982287e-05, -0.00138605234679, 0.000855473335832, -0.000797995366156, -0.000895095057786, -0.00177177775186, 0.0129414917901, -0.00548887578771], [0.000267118593911, -0.00184529833496, 0.00104576419108, -0.000295880745398, 0.000664988998324, -0.00135992479045, 0.000230210120208, -0.00234643393196, -0.00067527621286, 0.000219753143028, 0.000611809955444, -0.00548887578771, 0.0143614755943]]
    },
    "melbands": {
        "max": [0.0290124546736, 0.0143301747739, 0.00836389604956, 0.00315395765938, 0.00673843175173, 0.00401590531692, 0.00465807924047, 0.00605511618778, 0.00895777251571, 0.00678631523624, 0.003373214975, 0.00651266984642, 0.00637917779386, 0.00695120822638, 0.00931452494115, 0.0121624674648, 0.00228351308033, 0.00213350378908, 0.00239768368192, 0.00149984424934, 0.000336151599186, 0.000562350323889, 0.000168830651091, 0.00031113033765, 0.00045616569696, 0.00017768064572, 0.000226815333008, 9.19095546124e-05, 8.97655627341e-05, 0.000101101672044, 6.3869782025e-05, 6.22900697635e-05, 7.23587727407e-05, 6.25278407824e-05, 2.6961643016e-05, 2.56807670667e-05, 2.15585059777e-05, 2.8135797038e-05, 1.78928276e-05, 2.11086589843e-05],
        "mean": [0.00229215226136, 0.000988201005384, 0.00042510588537, 0.000275843398413, 0.000259409018327, 0.000211860155105, 0.000185603013961, 0.000223290568101, 0.00028903389466, 0.000286851049168, 0.000154892797582, 0.000319737999234, 0.000473165768199, 0.000500522495713, 0.000341176608345, 0.000313636526698, 9.19176236494e-05, 0.000100558398117, 6.46991757094e-05, 4.0164017264e-05, 1.89592956303e-05, 1.38247805808e-05, 1.30455409817e-05, 1.3308304915e-05, 1.66846512002e-05, 1.34065357997e-05, 1.34326355692e-05, 8.20042350824e-06, 5.8782625274e-06, 5.65848267797e-06, 4.03983631259e-06, 4.08339155911e-06, 3.433869324e-06, 3.31708383783e-06, 2.74088074548e-06, 1.9839376364e-06, 1.56607313784e-06, 1.39660539844e-06, 1.20510458146e-06, 1.11207157261e-06],
        "min": [6.22881799472e-08, 2.1613283252e-07, 2.66721553999e-06, 1.89485911051e-06, 3.12619204124e-06, 1.69468955846e-06, 1.42046064866e-06, 7.80331447459e-07, 2.309773663e-06, 1.98335078494e-06, 7.64118624375e-07, 7.5092316365e-07, 6.83603389007e-07, 3.12989982376e-07, 2.32613530216e-07, 1.98655655481e-07, 1.44504497257e-07, 1.43743875469e-07, 1.30932036768e-07, 8.84526158984e-08, 6.78432030554e-08, 8.05313788987e-08, 7.33783735996e-08, 6.37364578893e-08, 7.97955763687e-08, 3.71169868174e-08, 1.04336281836e-08, 4.80299666705e-09, 3.04411218455e-10, 5.82443607233e-11, 2.00435345404e-11, 1.25712808219e-11, 2.72508816727e-12, 1.48207585527e-12, 1.61094922124e-12, 7.15789840594e-13, 1.08235198148e-12, 8.73514205846e-13, 7.66854353455e-13, 5.03775786278e-13],
        "stdev": [0.00345405214466, 0.00140385318082, 0.000829566270113, 0.000327627640218, 0.000496546213981, 0.000329604023136, 0.00043732492486, 0.00044989248272, 0.000738270988222, 0.000592108932324, 0.000293913151836, 0.000795664032921, 0.000873102340847, 0.000861691311002, 0.00090944924159, 0.00105784868356, 0.000183580239536, 0.000193966756342, 0.000158684808412, 8.77379134181e-05, 2.92814929708e-05, 2.2376587367e-05, 1.75023451447e-05, 1.9975230316e-05, 2.7951256925e-05, 1.75187051354e-05, 1.89535003301e-05, 1.07219393612e-05, 8.19142951514e-06, 9.57025986281e-06, 6.4109244704e-06, 6.89902981321e-06, 5.2478926591e-06, 4.96677603223e-06, 3.515471235e-06, 2.57996430264e-06, 2.0811144168e-06, 1.87549119346e-06, 1.60695185514e-06, 1.4805225419e-06]
    },
    "melbands128": {
        "max": [0.0315870344639, 0.0444552972913, 0.0383132994175, 0.0160767752677, 0.0166049823165, 0.0236101131886, 0.0136662907898, 0.00875784084201, 0.00590183259919, 0.005087682046, 0.00520657096058, 0.00999996438622, 0.00865081511438, 0.00562826544046, 0.00522945728153, 0.00821731891483, 0.00802018400282, 0.00611117761582, 0.00722864177078, 0.0051323082298, 0.0133387958631, 0.0206160116941, 0.0174762606621, 0.0169494841248, 0.0134132876992, 0.00774879474193, 0.00720727955922, 0.00412514992058, 0.00734499329701, 0.00683278916404, 0.0137335564941, 0.0165614653379, 0.0110329659656, 0.0150683820248, 0.0193830374628, 0.00897591561079, 0.0174878779799, 0.0154053242877, 0.00642529223114, 0.013542002067, 0.0195262432098, 0.00306133856066, 0.00383775425144, 0.00520730763674, 0.00526340212673, 0.00415163394064, 0.00266914744861, 0.00475835241377, 0.00409359717742, 0.00212403992191, 0.00321729644202, 0.00150202680379, 0.000683477614075, 0.000598705199081, 0.000636033248156, 0.000900912098587, 0.000275765691185, 0.000302575848764, 0.000388873828342, 0.000792954524513, 0.000572898599785, 0.000426988961408, 0.00125773844775, 0.000621525628958, 0.000754048873205, 0.000248352036579, 0.000373317132471, 0.00036485446617, 0.000441641779616, 0.000327510089846, 0.000140155665576, 0.000213108942262, 0.000175202731043, 9.40550162341e-05, 0.000128192812554, 9.53505659709e-05, 0.000190077640582, 8.19691485958e-05, 5.6317083363e-05, 6.2517268816e-05, 0.000133898560307, 6.24556923867e-05, 0.000120030272228, 4.56603120256e-05, 0.000100669902167, 0.000119451331557, 7.42650445318e-05, 5.60338230571e-05, 3.05888024741e-05, 3.64226652891e-05, 3.78998629458e-05, 3.63180079148e-05, 2.68502917606e-05, 2.88598403131e-05, 1.63601198437e-05, 2.4290427973e-05, 3.25152213918e-05, 3.52648166881e-05, 2.08119436138e-05, 1.68995884451e-05, 2.90823427349e-05, 3.24398861267e-05, 2.1453912268e-05, 1.38370587592e-05, 1.31922724904e-05, 1.36408489197e-05, 8.45881731948e-06, 8.08019831311e-06, 5.94692255618e-06, 6.66704590913e-06, 4.96230950375e-06, 6.05100285611e-06, 6.96943607181e-06, 3.86006058761e-06, 6.79332333675e-06, 5.10043673785e-06, 5.6099493122e-06, 1.06550385226e-06, 6.12918597653e-07, 8.10521839867e-07, 5.53659049274e-07, 4.71014345749e-07, 2.4412673838e-07, 2.93304225352e-08, 1.9137255336e-08, 1.89490592106e-08, 1.88078033148e-08, 1.87352338088e-08],
        "mean": [0.00114101625513, 0.00270059006289, 0.00277119618841, 0.00156453007367, 0.000797293847427, 0.000643621839117, 0.000465579942102, 0.000406838371418, 0.000286653696094, 0.000243372589466, 0.000284858630039, 0.000301142805256, 0.000248898169957, 0.000200882102945, 0.000253155158134, 0.000174029541085, 0.000197512214072, 0.000192191568203, 0.000175451321411, 0.000149098603288, 0.00030535433325, 0.00029039545916, 0.000275813101325, 0.000309530005325, 0.000292144570267, 0.00032268819632, 0.000155720670591, 0.000110273169412, 0.00018085942429, 0.00019929332484, 0.000485816184664, 0.000352695642505, 0.000233988976106, 0.000801269314252, 0.000746848352719, 0.000269932119409, 0.000296153768431, 0.000514612358529, 0.00016416622384, 0.000400589458877, 0.000416960479924, 4.81090319226e-05, 6.29624264548e-05, 0.000124923797557, 0.000149494793732, 8.61246007844e-05, 5.17361913808e-05, 9.87653620541e-05, 4.91736755066e-05, 2.64623122348e-05, 5.56114100618e-05, 3.32806084771e-05, 2.0048189981e-05, 1.36744383781e-05, 1.18136986202e-05, 1.68543410837e-05, 1.21238299471e-05, 9.76684441412e-06, 1.54125373228e-05, 1.60554136528e-05, 1.12139123303e-05, 1.11456902232e-05, 1.97435565497e-05, 1.57217164087e-05, 1.76719495357e-05, 1.22933561215e-05, 1.05697954496e-05, 1.66882582562e-05, 1.47489881783e-05, 8.37122570374e-06, 7.29345219952e-06, 9.58067175816e-06, 6.33626041235e-06, 5.03092769577e-06, 5.17065927852e-06, 5.77684158998e-06, 6.22338029643e-06, 4.69408860226e-06, 3.43386318491e-06, 3.5299094634e-06, 4.75374736197e-06, 3.88223315895e-06, 3.3864953366e-06, 3.21408424497e-06, 3.90138666262e-06, 3.21472543874e-06, 3.36073321705e-06, 2.9572377116e-06, 2.8267838843e-06, 2.48221226684e-06, 2.13425755646e-06, 1.82601615961e-06, 1.75083323484e-06, 1.55821794579e-06, 1.47326363731e-06, 1.39965436574e-06, 1.40437884966e-06, 1.33823152737e-06, 1.30449791413e-06, 1.04995444872e-06, 1.05395838546e-06, 1.21229561501e-06, 1.06892684926e-06, 1.06895470253e-06, 1.09223719846e-06, 1.00983618267e-06, 8.78855189512e-07, 7.28638042347e-07, 6.63666412493e-07, 5.7672082221e-07, 4.63438851739e-07, 3.78288007141e-07, 2.90410469006e-07, 2.78396498743e-07, 2.67634533202e-07, 2.91536025543e-07, 2.1980793008e-07, 4.40374527955e-08, 1.74882011095e-08, 1.69507039516e-08, 1.35957760605e-08, 1.07788897807e-08, 5.37573985326e-09, 1.85972875988e-10, 1.32434922404e-11, 1.2837619856e-11, 1.25985229193e-11, 1.25227597389e-11],
        "min": [5.79539749523e-10, 4.6398653808e-09, 7.87225395982e-09, 1.67040887789e-08, 6.80608778225e-08, 2.56515111374e-08, 2.88641217594e-07, 5.35857367367e-08, 4.18102189315e-07, 4.37859256408e-07, 8.0996755969e-07, 4.28758085036e-07, 9.05078877622e-07, 3.6660509295e-07, 4.56791156012e-07, 7.24651840756e-07, 3.59804488426e-07, 3.50779288283e-07, 3.41157829098e-07, 3.81565797625e-07, 6.57781583868e-07, 2.63859448069e-07, 5.27106237769e-07, 2.18922650674e-07, 1.05915523818e-06, 5.05702473674e-07, 2.27184926871e-07, 2.83626434339e-07, 6.184905601e-07, 2.35543950566e-07, 9.63941957366e-08, 1.12610813119e-07, 1.28410519551e-07, 7.71198713778e-08, 7.0030168331e-08, 7.75862076807e-08, 7.45556505422e-08, 6.98500173257e-08, 3.79591682531e-08, 5.84307855434e-08, 7.4336661271e-08, 5.18053369092e-08, 4.81691166954e-08, 6.45989643999e-08, 1.0411157092e-07, 1.09321696584e-07, 3.26616458324e-08, 4.82929429779e-08, 5.14877065427e-08, 2.87606845006e-08, 5.30532453524e-08, 3.49773259245e-08, 3.13009138608e-08, 2.00713614618e-08, 4.81668109842e-08, 4.17622629811e-08, 2.37867663344e-08, 1.62463766884e-08, 3.00345170956e-08, 3.61349350442e-08, 1.2945363892e-08, 2.7549980075e-08, 1.98259666462e-08, 2.11135589012e-08, 1.28705224256e-08, 8.73008687563e-09, 1.7632631355e-08, 3.9372878291e-09, 8.81151596133e-09, 4.35531299914e-09, 9.62496193857e-10, 3.15418996477e-10, 1.53006038395e-10, 1.61023860912e-10, 9.40480193723e-11, 2.56173433161e-11, 1.73741004222e-11, 1.55669747925e-11, 1.25424158906e-11, 2.62136840012e-12, 1.08087063605e-11, 5.50487953832e-12, 1.79888612686e-12, 8.59179318403e-13, 1.24888619411e-12, 9.47268847563e-13, 6.91069868431e-13, 1.01589071357e-12, 9.8604913297e-13, 6.91515638154e-13, 8.06455054646e-13, 5.4210975986e-13, 8.32728634312e-13, 8.37097372756e-13, 1.07894769508e-12, 9.51764058191e-13, 6.85997482777e-13, 5.52949884231e-13, 4.75668116007e-13, 4.47135682429e-13, 5.2024568464e-13, 5.03986067289e-13, 3.7697568591e-13, 4.46049176327e-13, 3.31249405076e-13, 3.07509416151e-13, 3.55308068124e-13, 3.32323144697e-13, 2.93719692665e-13, 2.59698729535e-13, 2.24660784767e-13, 3.35181806355e-13, 3.22526402287e-13, 2.93332307229e-13, 3.18310346614e-13, 3.15042994947e-13, 3.23520425944e-13, 2.63641837311e-13, 3.219789344e-13, 3.05821774155e-13, 2.75756007655e-13, 3.16431776615e-13, 3.38325830025e-13, 2.56348761662e-13, 2.08006151908e-13, 8.49390544878e-14, 1.18713547971e-14, 3.96304401996e-16],
        "stdev": [0.00316131976433, 0.00485460832715, 0.00418101763353, 0.00217911670916, 0.00140849570744, 0.00192250218242, 0.00124099268578, 0.000713562883902, 0.000432156579336, 0.000362587306881, 0.000465101737063, 0.000795981322881, 0.000611897441559, 0.000377747026505, 0.000471410807222, 0.000387393694837, 0.000649197027087, 0.000572607852519, 0.000454872701084, 0.000366381806089, 0.000840031600092, 0.000890916388016, 0.00106572930235, 0.00115430611186, 0.000815377745312, 0.00079843797721, 0.000574429053813, 0.000288694456685, 0.000440557516413, 0.000569879135583, 0.00155060971156, 0.00117228878662, 0.000752713880502, 0.00202667131089, 0.00177991285454, 0.00080466514919, 0.00114179763477, 0.00172272254713, 0.000581442029215, 0.00141686154529, 0.00161152565852, 0.000155682311743, 0.000200732873054, 0.0003468793293, 0.00040425604675, 0.000273105921224, 0.000135749971378, 0.000284053006908, 0.000185252152733, 9.21025202842e-05, 0.000162817857927, 8.07981195976e-05, 4.48725913884e-05, 3.08665730699e-05, 2.56321873167e-05, 3.58741635864e-05, 2.26966258197e-05, 1.84318232641e-05, 2.84371490125e-05, 3.70920788555e-05, 2.91798005492e-05, 2.26575029956e-05, 5.35161852895e-05, 3.34022479365e-05, 4.26812366641e-05, 2.1156263756e-05, 2.20466736209e-05, 3.10064206133e-05, 2.83894132735e-05, 1.56968799274e-05, 1.19838950923e-05, 1.5939329387e-05, 1.08088552224e-05, 7.93436447566e-06, 9.11058668862e-06, 1.0031139027e-05, 1.3422450138e-05, 8.55621146911e-06, 5.47991476196e-06, 6.34257094134e-06, 1.01200266727e-05, 6.50770380162e-06, 6.81742994857e-06, 5.00992791785e-06, 6.72500709697e-06, 6.08862728768e-06, 5.4803635976e-06, 4.43138651463e-06, 3.9700717025e-06, 3.65516712009e-06, 3.00850501844e-06, 2.70394639301e-06, 2.56359044215e-06, 2.39519272327e-06, 2.04582352126e-06, 2.02930459636e-06, 2.0407435386e-06, 2.16603029912e-06, 1.98009615815e-06, 1.51056735831e-06, 1.66054610418e-06, 1.76988726253e-06, 1.62177320817e-06, 1.48380115661e-06, 1.50645007579e-06, 1.37424308377e-06, 1.07673361072e-06, 8.07593437457e-07, 7.88866941548e-07, 7.39344613976e-07, 5.99990585215e-07, 5.34503499239e-07, 4.16649726276e-07, 4.18174636252e-07, 4.15051459868e-07, 4.36886409716e-07, 4.52896500747e-07, 9.91267157247e-08, 5.68916398436e-08, 5.94462825632e-08, 4.86360747232e-08, 4.10097946713e-08, 2.14024797884e-08, 1.47892498248e-09, 4.03319572184e-10, 3.99361349546e-10, 3.9639153071e-10, 3.94864307918e-10]
    },
    "mfcc": {
        "mean": [-627.805114746, 116.70123291, -10.3059244156, 7.39730930328, 0.233689546585, 5.59457349777, 8.65677833557, 5.92304801941, -4.1830868721, 6.93406057358, 1.65670073032, -3.9575574398, 3.59971690178],
        "cov": [[5399.71484375, -2183.24584961, 639.873352051, -354.628234863, 143.535140991, 1007.74035645, 573.084899902, 288.75692749, 349.163787842, -22.1408920288, 136.229064941, 597.223754883, 382.958221436], [-2183.24584961, 1629.42907715, -485.363952637, 138.277786255, -44.4173698425, -439.011871338, -88.1917877197, -73.070892334, -122.543235779, 126.866844177, -22.5854358673, -253.33392334, -97.8517532349], [639.873352051, -485.363952637, 610.721740723, -82.9662628174, 43.3834114075, 60.1730270386, -35.8638305664, 46.2514953613, 33.8997383118, -52.9613647461, -17.5552692413, 78.28855896, 11.8248624802], [-354.628234863, 138.277786255, -82.9662628174, 255.757995605, -1.75021719933, -52.0035324097, -76.8640899658, -36.6650123596, -11.1355342865, -7.74801063538, 10.8853693008, -16.8985118866, -34.1954612732], [143.535140991, -44.4173698425, 43.3834114075, -1.75021719933, 175.585220337, 14.167517662, 24.4621543884, 22.0924167633, 17.915189743, 23.0456180573, 2.88756155968, 12.7724199295, 28.6762657166], [1007.74035645, -439.011871338, 60.1730270386, -52.0035324097, 14.167517662, 490.075897217, 183.991836548, 62.5679588318, 142.172531128, -41.1132392883, 54.9206504822, 187.820800781, 87.5811767578], [573.084899902, -88.1917877197, -35.8638305664, -76.8640899658, 24.4621543884, 183.991836548, 285.732116699, 64.7017288208, 54.1326065063, 29.289516449, 44.0870361328, 69.0183944702, 75.520149231], [288.75692749, -73.070892334, 46.2514953613, -36.6650123596, 22.0924167633, 62.5679588318, 64.7017288208, 127.942100525, 37.1359519958, 29.2890148163, -2.5469186306, 31.7624797821, 40.6398239136], [349.163787842, -122.543235779, 33.8997383118, -11.1355342865, 17.915189743, 142.172531128, 54.1326065063, 37.1359519958, 206.973937988, -12.2840070724, 28.7446098328, 75.9421691895, 44.5397262573], [-22.1408920288, 126.866844177, -52.9613647461, -7.74801063538, 23.0456180573, -41.1132392883, 29.289516449, 29.2890148163, -12.2840070724, 133.976974487, 22.0972919464, -24.53723526, 7.06929445267], [136.229064941, -22.5854358673, -17.5552692413, 10.8853693008, 2.88756155968, 54.9206504822, 44.0870361328, -2.5469186306, 28.7446098328, 22.0972919464, 105.803924561, 39.2384376526, 22.5934123993], [597.223754883, -253.33392334, 78.28855896, -16.8985118866, 12.7724199295, 187.820800781, 69.0183944702, 31.7624797821, 75.9421691895, -24.53723526, 39.2384376526, 175.078216553, 60.6146736145], [382.958221436, -97.8517532349, 11.8248624802, -34.1954612732, 28.6762657166, 87.5811767578, 75.520149231, 40.6398239136, 44.5397262573, 7.06929445267, 22.5934123993, 60.6146736145, 123.469718933]],
        "icov": [[0.000785503420047, 0.000779699301347, -0.000115838156489, 0.000182933305041, -1.67639700521e-05, -0.000225787181989, -0.000673560425639, -0.000191121813259, -8.81605737959e-05, -0.000652865273878, 0.000105956278276, -0.000777635083068, -0.000686165760271], [0.000779699301347, 0.00193632591981, 0.000561066786759, -0.000100223347545, 9.35681746341e-05, 0.000563088746276, -0.000912500428967, -0.000143340424984, -0.000285601301584, -0.00115951767657, 0.000109719199827, -0.000226618489251, -0.000520513916854], [-0.000115838156489, 0.000561066786759, 0.00250098179094, 0.000599732273258, -0.00053651467897, 0.000569648167584, 0.000691595720127, -0.000831202138215, -9.10624949029e-05, 0.000605968991295, 3.94788767153e-05, -0.000642126542516, 0.000607797817793], [0.000182933305041, -0.000100223347545, 0.000599732273258, 0.00485613523051, -0.000521424692124, -0.000122600817122, 0.00123311707284, 0.000163117132615, -0.000107882013253, 0.00035454655881, -0.000965112820268, -0.000823556096293, 0.00064033846138], [-1.67639700521e-05, 9.35681746341e-05, -0.00053651467897, -0.000521424692124, 0.00629809126258, 0.000203071875148, -0.000370307243429, -0.000103938247776, -0.000355637137545, -0.00125243794173, 0.000441643671365, 0.000196061082534, -0.00129003555048], [-0.000225787181989, 0.000563088746276, 0.000569648167584, -0.000122600817122, 0.000203071875148, 0.00517295254394, -0.00185020593926, -0.00034096284071, -0.00137586484198, 0.00107080896851, -0.000320492341416, -0.00279155746102, 0.000449558719993], [-0.000673560425639, -0.000912500428967, 0.000691595720127, 0.00123311707284, -0.000370307243429, -0.00185020593926, 0.00670641800389, -0.00136486394331, 0.000421485543484, -0.000102668876934, -0.00140480953269, 0.000836414692458, -0.000912786636036], [-0.000191121813259, -0.000143340424984, -0.000831202138215, 0.000163117132615, -0.000103938247776, -0.00034096284071, -0.00136486394331, 0.0109678115696, -0.00106747786049, -0.00281596067362, 0.00236191879958, -0.000105110804725, -0.00173954374623], [-8.81605737959e-05, -0.000285601301584, -9.10624949029e-05, -0.000107882013253, -0.000355637137545, -0.00137586484198, 0.000421485543484, -0.00106747786049, 0.00648573925719, 0.000601660285611, -0.000861133215949, -0.000878496386576, -0.00060717749875], [-0.000652865273878, -0.00115951767657, 0.000605968991295, 0.00035454655881, -0.00125243794173, 0.00107080896851, -0.000102668876934, -0.00281596067362, 0.000601660285611, 0.0106783229858, -0.0029724703636, 0.00148132757749, 0.000655431882478], [0.000105956278276, 0.000109719199827, 3.94788767153e-05, -0.000965112820268, 0.000441643671365, -0.000320492341416, -0.00140480953269, 0.00236191879958, -0.000861133215949, -0.0029724703636, 0.0121529726312, -0.00232991762459, -0.00090535619529], [-0.000777635083068, -0.000226618489251, -0.000642126542516, -0.000823556096293, 0.000196061082534, -0.00279155746102, 0.000836414692458, -0.000105110804725, -0.000878496386576, 0.00148132757749, -0.00232991762459, 0.0127427838743, -0.00207398063503], [-0.000686165760271, -0.000520513916854, 0.000607797817793, 0.00064033846138, -0.00129003555048, 0.000449558719993, -0.000912786636036, -0.00173954374623, -0.00060717749875, 0.000655431882478, -0.00090535619529, -0.00207398063503, 0.0124109545723]]
    },
    "spectral_contrast_coeffs": {
        "max": [-0.426550447941, -0.511762499809, -0.500194787979, -0.544572114944, -0.514680206776, -0.602614998817],
        "mean": [-0.744169831276, -0.759506344795, -0.716787755489, -0.76150739193, -0.775818645954, -0.759142756462],
        "min": [-0.914616763592, -0.910562694073, -0.900785803795, -0.907770693302, -0.870262682438, -0.879747092724],
        "stdev": [0.0773900970817, 0.0655642598867, 0.0812683403492, 0.0603606328368, 0.0502528809011, 0.0414306297898]
    },
    "spectral_contrast_valleys": {
        "max": [-5.22666931152, -5.04828882217, -5.41106891632, -5.96602678299, -6.02225208282, -8.18032741547],
        "mean": [-6.79446935654, -6.5914144516, -7.05713415146, -7.39780950546, -7.53473520279, -10.2340679169],
        "min": [-10.5269823074, -8.3576631546, -9.00326156616, -9.3120136261, -10.4819784164, -16.0585918427],
        "stdev": [0.730131924152, 0.484751999378, 0.644331812859, 0.646504461765, 0.854218482971, 1.50964641571]
    }
},
"rhythm": {
    "beats_count": 104,
    "beats_loudness": {
        "max": 0.0801087841392,
        "mean": 0.034224499017,
        "min": 0.00107611215208,
        "stdev": 0.0215985178947
    },
    "bpm": 120.55582428,
    "bpm_histogram_first_peak_bpm": 120,
    "bpm_histogram_first_peak_weight": 0.484848499298,
    "bpm_histogram_second_peak_bpm": 115,
    "bpm_histogram_second_peak_spread": 0,
    "bpm_histogram_second_peak_weight": 0.019417475909,
    "danceability": 0.940262675285,
    "onset_rate": 4.05691099167,
    "beats_loudness_band_ratio": {
        "max": [0.758557617664, 0.868774712086, 0.84749430418, 0.776378393173, 0.577859342098, 0.409421861172],
        "mean": [0.276525259018, 0.133315891027, 0.169417858124, 0.282024413347, 0.101057328284, 0.0640091821551],
        "min": [0.00559349171817, 0.00499437749386, 0.00983612239361, 0.0149824740365, 0.00355182262138, 0.00263549899682],
        "stdev": [0.172932758927, 0.162480860949, 0.173437446356, 0.216575816274, 0.104303501546, 0.0712630674243]
    },
