{
"metadata": {
    "version": {
        "essentia": "2.1-beta5",
        "essentia_git_sha": "Undefined",
        "extractor": "music 2.0"
    },
    "audio_properties": {
        "analysis": {
            "equal_loudness": 0,
            "length": 23.185125351,
            "sample_rate": 44100,
            "start_time": 175.240997314,
            "downmix": "mix"
        },
        "bit_rate": 192000,
        "length": 198.449356079,
        "lossless": 0,
        "number_channels": 2,
        "replay_gain": -3.29030227661,
        "sample_rate": 48000,
        "codec": "mp3",
        "md5_encoded": "06be17f88c7eaff45154ee2b3fbaa789"
    },
    "tags": {
        "file_name": "Netherlands_Lights And Shadows_OG3NE.mp3",
        "encoding": ["Lavf58.29.100"]
    }
},
"lowlevel": {
    "average_loudness": 0.797250807285,
    "barkbands_crest": {
        "max": 24.9669857025,
        "mean": 11.728928566,
        "min": 3.95842170715,
        "stdev": 3.7059276104
    },
    "barkbands_flatness_db": {
        "max": 0.387206763029,
        "mean": 0.220809370279,
        "min": 0.0501299574971,
        "stdev": 0.0389195904136
    },
    "barkbands_kurtosis": {
        "max": 35.4798164368,
        "mean": 5.23851585388,
        "min": -1.85401630402,
        "stdev": 4.70641183853
    },
    "barkbands_skewness": {
        "max": 5.59364271164,
        "mean": 1.83000266552,
        "min": -1.61285531521,
        "stdev": 0.945316553116
    },
    "barkbands_spread": {
        "max": 59.3240509033,
        "mean": 7.98151063919,
        "min": 1.26660513878,
        "stdev": 6.45730209351
    },
    "dissonance": {
        "max": 0.5,
        "mean": 0.466135263443,
        "min": 0.343746542931,
        "stdev": 0.032812345773
    },
    "dynamic_complexity": 1.96844983101,
    "erbbands_crest": {
        "max": 30.684299469,
        "mean": 12.6147117615,
        "min": 3.61140608788,
        "stdev": 4.42490243912
    },
    "erbbands_flatness_db": {
        "max": 0.443459659815,
        "mean": 0.295981168747,
        "min": 0.115742407739,
        "stdev": 0.0401025377214
    },
    "erbbands_kurtosis": {
        "max": 21.9585170746,
        "mean": 2.87536072731,
        "min": -1.81707155704,
        "stdev": 2.88857412338
    },
    "erbbands_skewness": {
        "max": 3.96889710426,
        "mean": 1.40336048603,
        "min": -1.8372040987,
        "stdev": 0.80417329073
    },
    "erbbands_spread": {
        "max": 100.803001404,
        "mean": 14.6621227264,
        "min": 3.2625272274,
        "stdev": 10.2047071457
    },
    "hfc": {
        "max": 95.6403961182,
        "mean": 22.0118103027,
        "min": 0.315369844437,
        "stdev": 14.2250680923
    },
    "loudness_ebu128": {
        "integrated": -19.8564052582,
        "loudness_range": 5.85715675354,
        "momentary": {
            "max": -14.7837772369,
            "mean": -20.532623291,
            "min": -26.169210434,
            "stdev": 2.34732699394
        },
        "short_term": {
            "max": -16.1025867462,
            "mean": -20.0668869019,
            "min": -23.4249782562,
            "stdev": 1.88057231903
        }
    },
    "melbands_crest": {
        "max": 30.7233467102,
        "mean": 14.3213186264,
        "min": 5.27430200577,
        "stdev": 4.72101736069
    },
    "melbands_flatness_db": {
        "max": 0.37798038125,
        "mean": 0.215934544802,
        "min": 0.0626468509436,
        "stdev": 0.0351632684469
    },
    "melbands_kurtosis": {
        "max": 67.8175201416,
        "mean": 9.91042232513,
        "min": -1.59396708012,
        "stdev": 8.03890228271
    },
    "melbands_skewness": {
        "max": 6.92411088943,
        "mean": 2.23329734802,
        "min": -1.42650592327,
        "stdev": 1.14416158199
    },
    "melbands_spread": {
        "max": 103.268447876,
        "mean": 11.8024339676,
        "min": 1.80887281895,
        "stdev": 9.96042060852
    },
    "pitch_salience": {
        "max": 0.892266690731,
        "mean": 0.638677060604,
        "min": 0.164195850492,
        "stdev": 0.112891994417
    },
    "silence_rate_20dB": {
        "max": 1,
        "mean": 1,
        "min": 1,
        "stdev": 0
    },
    "silence_rate_30dB": {
        "max": 1,
        "mean": 1,
        "min": 1,
        "stdev": 0
    },
    "silence_rate_60dB": {
        "max": 1,
        "mean": 0.00700000021607,
        "min": 0,
        "stdev": 0.0833726376295
    },
    "spectral_centroid": {
        "max": 3342.70483398,
        "mean": 1287.86169434,
        "min": 543.262939453,
        "stdev": 364.274749756
    },
    "spectral_complexity": {
        "max": 34,
        "mean": 18.3390007019,
        "min": 0,
        "stdev": 5.47540807724
    },
    "spectral_decrease": {
        "max": -2.00219563151e-11,
        "mean": -5.30559995937e-09,
        "min": -2.83998797812e-08,
        "stdev": 3.68845998189e-09
    },
    "spectral_energy": {
        "max": 0.115862607956,
        "mean": 0.0220211241394,
        "min": 0.000104172388092,
        "stdev": 0.0151010034606
    },
    "spectral_energyband_high": {
        "max": 0.00397298578173,
        "mean": 0.00019159715157,
        "min": 6.49547928333e-06,
        "stdev": 0.000410268403357
    },
    "spectral_energyband_low": {
        "max": 0.00214054947719,
        "mean": 2.20002439164e-05,
        "min": 1.25227330727e-07,
        "stdev": 8.35347891552e-05
    },
    "spectral_energyband_middle_high": {
        "max": 0.0722580552101,
        "mean": 0.0104288980365,
        "min": 2.8816604754e-05,
        "stdev": 0.00823145266622
    },
    "spectral_energyband_middle_low": {
        "max": 0.0924514457583,
        "mean": 0.0123948678374,
        "min": 3.52998358721e-05,
        "stdev": 0.0112395035103
    },
    "spectral_entropy": {
        "max": 8.63295459747,
        "mean": 7.29481267929,
        "min": 6.17875337601,
        "stdev": 0.29058098793
    },
    "spectral_flux": {
        "max": 0.287270605564,
        "mean": 0.0839379131794,
        "min": 0.0179828088731,
        "stdev": 0.0366826206446
    },
    "spectral_kurtosis": {
        "max": 23.5093269348,
        "mean": 7.4922003746,
        "min": -0.77203130722,
        "stdev": 2.9609208107
    },
    "spectral_rms": {
        "max": 0.0106318714097,
        "mean": 0.00440585147589,
        "min": 0.0003187971015,
        "stdev": 0.00143961224239
    },
    "spectral_rolloff": {
        "max": 10960.4003906,
        "mean": 1450.49768066,
        "min": 602.9296875,
        "stdev": 1034.87573242
    },
    "spectral_skewness": {
        "max": 3.11776208878,
        "mean": 1.95818555355,
        "min": 0.434218049049,
        "stdev": 0.380105167627
    },
    "spectral_spread": {
        "max": 12763164,
        "mean": 2998559,
        "min": 1493704.25,
        "stdev": 876056.0625
    },
    "spectral_strongpeak": {
        "max": 10.7928743362,
        "mean": 1.92199504375,
        "min": 0.0162474252284,
        "stdev": 1.26206707954
    },
    "zerocrossingrate": {
        "max": 0.2880859375,
        "mean": 0.055283203721,
        "min": 0.029296875,
        "stdev": 0.0227862931788
    },
    "barkbands": {
        "max": [3.20603339787e-06, 0.000156942027388, 0.00108157121576, 0.00151633319911, 0.00243684952147, 0.0150596080348, 0.00956582929939, 0.0737595558167, 0.0883453041315, 0.0728877559304, 0.0123427892104, 0.0169082209468, 0.0208665523678, 0.0283668842167, 0.0211083702743, 0.0135209131986, 0.00744967255741, 0.00287896743976, 0.00700019206852, 0.00232902029529, 0.000985604478046, 0.00150520482566, 0.00143687357195, 0.00135002483148, 0.00187535979785, 0.000215113526792, 1.56357000378e-05],
        "mean": [2.09726522371e-07, 1.18979301078e-06, 9.57390420808e-06, 1.79458875209e-05, 0.000121619639685, 0.000308357703034, 0.00018563294725, 0.00210666819476, 0.00763554591686, 0.00580751802772, 0.00122877873946, 0.00092885637423, 0.000907751789782, 0.000697143608704, 0.000552707759198, 0.000370727473637, 0.00032053940231, 0.000292376207653, 0.000274351186818, 0.000100549390481, 4.35700276284e-05, 3.86038445868e-05, 3.24783832184e-05, 2.11216611206e-05, 1.42287944982e-05, 2.96904590869e-06, 8.446454558e-08],
        "min": [4.30549873531e-10, 3.73689212907e-09, 1.70153473533e-08, 1.79856751714e-08, 3.49954433432e-07, 5.26380290466e-07, 2.52965583059e-06, 1.40795045809e-05, 1.27513430925e-06, 5.3015528465e-06, 2.03903528018e-06, 9.96663516162e-07, 7.23397135971e-07, 1.59059038651e-06, 1.50277969624e-06, 9.67207597569e-07, 1.24739494822e-06, 1.13297642201e-06, 2.94470760309e-06, 2.48211904363e-06, 3.05434610937e-07, 2.32671652611e-07, 7.44632927763e-07, 2.6141455578e-07, 1.01791852725e-09, 5.42779432511e-11, 7.4462568056e-11],
        "stdev": [3.36990694905e-07, 5.87691465626e-06, 4.27161576226e-05, 6.150756235e-05, 0.000249221164268, 0.000981812831014, 0.000545385875739, 0.00402710214257, 0.00881366897374, 0.00677392724901, 0.00151728990022, 0.00135502859484, 0.00126342417207, 0.0012160774786, 0.00155833747704, 0.000852077209856, 0.000594582175836, 0.0003364807053, 0.000509690318722, 0.000188570091268, 7.71934355726e-05, 0.000101462035673, 0.000112660032755, 8.10816927697e-05, 8.32899604575e-05, 1.52657939907e-05, 7.11931932074e-07]
    },
    "erbbands": {
        "max": [0.00150806887541, 0.0608096942306, 0.883315980434, 3.8303155899, 3.19158244133, 6.79954576492, 65.2907943726, 146.436798096, 179.997024536, 206.232574463, 1998.77526855, 1453.9921875, 2563.94482422, 1309.1940918, 704.748046875, 852.305358887, 1155.82214355, 1407.58605957, 560.893920898, 1323.11340332, 557.266723633, 500.380401611, 162.430664062, 304.440338135, 185.974517822, 124.554626465, 46.5297737122, 39.6014289856, 38.6378746033, 57.3928718567, 42.3139686584, 27.2201271057, 23.4796352386, 15.9306135178, 15.614315033, 2.05720019341, 0.34689438343, 0.0618041791022, 0.00129572057631, 0.000135639988002],
        "mean": [2.64596073976e-05, 0.000415675662225, 0.00714971870184, 0.0462281145155, 0.108848460019, 0.359179645777, 2.0242869854, 2.31092143059, 2.82571649551, 8.12777996063, 79.0683135986, 167.192047119, 191.775344849, 136.642105103, 45.6084289551, 36.1890525818, 38.0933990479, 45.3678016663, 24.7865161896, 27.9086952209, 20.3744106293, 19.066526413, 16.7215881348, 14.4760055542, 12.3798942566, 4.70402812958, 2.35856127739, 1.41961157322, 1.33280599117, 1.13866174221, 0.949626505375, 0.577188670635, 0.286767661572, 0.179714605212, 0.0884466022253, 0.0193027388304, 0.00461229775101, 0.000705452810507, 2.77715516859e-05, 2.73002642643e-05],
        "min": [2.33975725905e-07, 3.79422453989e-06, 2.66496099357e-05, 0.000285580230411, 0.000608274887782, 0.00119875720702, 0.00374482572079, 0.00453010760248, 0.0233953837305, 0.124298892915, 0.418120622635, 0.070990793407, 0.125551044941, 0.145361468196, 0.047920845449, 0.0401798002422, 0.0418488122523, 0.044405169785, 0.129696965218, 0.0852823629975, 0.0351228155196, 0.0761319622397, 0.0534320138395, 0.145616561174, 0.116136193275, 0.150093317032, 0.0821589455009, 0.024271318689, 0.00839799549431, 0.0335068590939, 0.0212203320116, 0.0107698598877, 0.00189953541849, 0.000179462207598, 4.98536537634e-05, 1.7687176296e-05, 3.86905139749e-06, 8.78188984643e-07, 1.67089626757e-06, 2.7130208764e-06],
        "stdev": [7.09631931386e-05, 0.00224311160855, 0.0343158952892, 0.155964747071, 0.273298382759, 0.764818012714, 5.13375234604, 8.56476688385, 10.8987541199, 12.716629982, 116.314056396, 191.784866333, 246.571563721, 159.232345581, 52.5521125793, 49.8445549011, 57.0018615723, 66.1764068604, 41.8752975464, 86.8025131226, 46.9480247498, 39.0844078064, 19.7523517609, 25.8015136719, 21.2616062164, 7.48277807236, 3.44070911407, 2.77579951286, 3.18021345139, 3.73519921303, 3.46944999695, 1.88083708286, 1.27186477184, 0.849401116371, 0.637275576591, 0.103621125221, 0.026340438053, 0.00437962543219, 9.16773424251e-05, 1.78395566763e-05]
    },
    "gfcc": {
        "mean": [-65.1444396973, 59.8033981323, -220.525726318, -28.8485145569, -98.0484771729, 3.08604073524, -31.9809417725, 14.6435642242, -18.8062667847, -16.5455551147, -14.3393201828, -20.0221977234, -5.58004808426],
        "cov": [[615.534179688, -94.9799041748, 73.0516891479, 10.2228469849, 24.3495807648, 16.0649738312, 7.22706508636, -9.0741071701, -65.0588302612, -1.07126045227, -36.1851844788, 14.3999032974, -24.8771686554], [-94.9799041748, 893.635986328, 63.0208892822, 132.050079346, 100.371994019, -135.751281738, -33.6398544312, -259.226409912, -69.5302886963, -176.096084595, 210.322174072, -125.068687439, 102.334869385], [73.0516891479, 63.0208892822, 750.500915527, 132.211517334, 10.6838731766, -13.0285272598, -155.884552002, -70.7455978394, -189.985427856, 117.274269104, -51.9464569092, 86.9676895142, -55.760017395], [10.2228469849, 132.050079346, 132.211517334, 169.365661621, 24.8310832977, -58.0657730103, -23.6662521362, -72.1141433716, -21.8513660431, -21.4986915588, 50.4898109436, -17.173210144, 7.17799901962], [24.3495807648, 100.371994019, 10.6838731766, 24.8310832977, 113.408035278, -18.6418190002, -42.5234375, -8.5302028656, -30.1517333984, 0.592658102512, 11.6541423798, 13.6234169006, 7.47871780396], [16.0649738312, -135.751281738, -13.0285272598, -58.0657730103, -18.6418190002, 165.620346069, 61.9273757935, 52.9110069275, -29.9330978394, 18.5154838562, -38.7213859558, -19.3838062286, -25.1671466827], [7.22706508636, -33.6398544312, -155.884552002, -23.6662521362, -42.5234375, 61.9273757935, 207.281311035, 29.8094654083, 65.05052948, -49.5054512024, 2.35080838203, -52.0448303223, -14.6795806885], [-9.0741071701, -259.226409912, -70.7455978394, -72.1141433716, -8.5302028656, 52.9110069275, 29.8094654083, 180.410614014, 70.5311431885, 65.9620132446, -86.7298812866, 31.3603420258, -15.4554357529], [-65.0588302612, -69.5302886963, -189.985427856, -21.8513660431, -30.1517333984, -29.9330978394, 65.05052948, 70.5311431885, 210.671554565, 2.88762140274, -25.0493907928, -14.3887453079, 7.37717247009], [-1.07126045227, -176.096084595, 117.274269104, -21.4986915588, 0.592658102512, 18.5154838562, -49.5054512024, 65.9620132446, 2.88762140274, 120.407539368, -56.4668388367, 61.2100524902, -32.9963607788], [-36.1851844788, 210.322174072, -51.9464569092, 50.4898109436, 11.6541423798, -38.7213859558, 2.35080838203, -86.7298812866, -25.0493907928, -56.4668388367, 144.901107788, -28.3910331726, 33.4675445557], [14.3999032974, -125.068687439, 86.9676895142, -17.173210144, 13.6234169006, -19.3838062286, -52.0448303223, 31.3603420258, -14.3887453079, 61.2100524902, -28.3910331726, 112.56627655, -14.5276622772], [-24.8771686554, 102.334869385, -55.760017395, 7.17799901962, 7.47871780396, -25.1671466827, -14.6795806885, -15.4554357529, 7.37717247009, -32.9963607788, 33.4675445557, -14.5276622772, 77.0580062866]],
        "icov": [[0.0018634099979, 0.000687296909746, -0.000319786340697, 0.000163499993505, -0.00103442673571, 0.000381797435693, -0.000476075481856, 0.000566870963667, 0.000442900607595, 0.00072727445513, 0.000275356404018, 0.000328054011334, -9.84319631243e-05], [0.000687296909746, 0.00525112636387, -0.00264282291755, 0.00266876281239, -0.00522257108241, 0.00210344977677, -0.000797720160335, 0.00347183016129, -0.00158308935352, 0.00342325377278, -0.00358828576282, 0.00447767134756, -0.00315445847809], [-0.000319786340697, -0.00264282291755, 0.00482374010608, -0.00436113774776, 0.00384394032881, -0.00117422465701, 0.00105173524935, -0.000345604988979, 0.00332634965889, -0.00466116098687, 0.00380619196221, -0.00318025634624, 0.00211068987846], [0.000163499993505, 0.00266876281239, -0.00436113774776, 0.0121186161414, -0.00506144575775, 0.00356730539352, -0.00128824857529, 0.00270524714142, -0.00269364309497, 0.0028046797961, -0.0047263992019, 0.00479701161385, -0.00140656006988], [-0.00103442673571, -0.00522257108241, 0.00384394032881, -0.00506144575775, 0.0159047376364, -0.00188369955868, 0.00289847608656, -0.00455183489248, 0.00350065878592, -0.00315262959339, 0.00347381504253, -0.0056175920181, 0.00308221578598], [0.000381797435693, 0.00210344977677, -0.00117422465701, 0.00356730539352, -0.00188369955868, 0.011565557681, -0.00384630006738, -0.000997129129246, 0.00332739972509, -0.00110743043479, -0.000658788601868, 0.00527659291402, -0.000336576107657], [-0.000476075481856, -0.000797720160335, 0.00105173524935, -0.00128824857529, 0.00289847608656, -0.00384630006738, 0.00926216412336, -0.00204002740793, -0.00214682612568, 0.00395628251135, -0.000461961142719, -6.25745524303e-05, 0.00369297084399], [0.000566870963667, 0.00347183016129, -0.000345604988979, 0.00270524714142, -0.00455183489248, -0.000997129129246, -0.00204002740793, 0.0151767777279, -0.00337214278989, -0.00365670700558, 0.00247812177986, 0.00130882416852, -0.00423078704625], [0.000442900607595, -0.00158308935352, 0.00332634965889, -0.00269364309497, 0.00350065878592, 0.00332739972509, -0.00214682612568, -0.00337214278989, 0.0102471923456, -0.00407483708113, 0.00319422385655, -0.000318441219861, 0.000391715002479], [0.00072727445513, 0.00342325377278, -0.00466116098687, 0.0028046797961, -0.00315262959339, -0.00110743043479, 0.00395628251135, -0.00365670700558, -0.00407483708113, 0.0232106000185, -0.00259404676035, -0.00263373088092, 0.00297806528397], [0.000275356404018, -0.00358828576282, 0.00380619196221, -0.0047263992019, 0.00347381504253, -0.000658788601868, -0.000461961142719, 0.00247812177986, 0.00319422385655, -0.00259404676035, 0.0152556244284, -0.00355928111821, -0.000807949283626], [0.000328054011334, 0.00447767134756, -0.00318025634624, 0.00479701161385, -0.0056175920181, 0.00527659291402, -6.25745524303e-05, 0.00130882416852, -0.000318441219861, -0.00263373088092, -0.00355928111821, 0.0184168927372, -0.0021488412749], [-9.84319631243e-05, -0.00315445847809, 0.00211068987846, -0.00140656006988, 0.00308221578598, -0.000336576107657, 0.00369297084399, -0.00423078704625, 0.000391715002479, 0.00297806528397, -0.000807949283626, -0.0021488412749, 0.019422378391]]
    },
    "melbands": {
        "max": [2.67791165243e-05, 0.000369296292774, 0.00063344364753, 0.000353007228114, 0.00186230440158, 0.00341149535961, 0.00240085739642, 0.00337504036725, 0.0146261882037, 0.01224737335, 0.0130364829674, 0.00529395462945, 0.00165532762185, 0.0018676223699, 0.00187548226677, 0.00188134482596, 0.00322881038301, 0.000783722265624, 0.00183011475019, 0.00121383415535, 0.000747995800339, 0.000450372404885, 0.000283954199404, 0.000162455238751, 0.000277833547443, 0.000255831895629, 0.000137545299367, 8.07507094578e-05, 3.33254865836e-05, 2.4352922992e-05, 2.69017891696e-05, 2.34726285271e-05, 3.61321326636e-05, 2.74842532235e-05, 2.79602645605e-05, 2.12345003092e-05, 1.99664536922e-05, 2.17206616071e-05, 1.24525349747e-05, 1.40428064697e-05],
        "mean": [2.81319415762e-07, 3.18852266901e-06, 8.88367412699e-06, 1.55101370183e-05, 5.84491681366e-05, 5.3946452681e-05, 4.10625798395e-05, 0.00012755044736, 0.000758915266488, 0.0010933498852, 0.000955278752372, 0.000582956417929, 0.000158938477398, 0.000114223352284, 7.26914877305e-05, 9.85241786111e-05, 7.9544079199e-05, 3.66038257198e-05, 4.20553260483e-05, 2.93765733659e-05, 2.25688672799e-05, 1.9204488126e-05, 1.66061017808e-05, 1.39141857289e-05, 1.14255881272e-05, 1.02354415503e-05, 5.89144701735e-06, 2.52516838373e-06, 1.56953126407e-06, 1.01315674783e-06, 7.57127907036e-07, 7.40321013382e-07, 7.69325424699e-07, 5.6316480368e-07, 5.64977938211e-07, 4.61653172579e-07, 3.10715847718e-07, 2.0699711456e-07, 1.6177973805e-07, 1.48733036553e-07],
        "min": [1.88255011579e-09, 1.25448185173e-08, 6.44439595021e-08, 6.52700009596e-08, 1.17082336715e-07, 1.02132169388e-07, 4.27744566878e-07, 1.60298873197e-06, 3.80018104806e-06, 1.71997726284e-07, 6.57541647797e-07, 6.37274183646e-07, 1.86929497659e-07, 1.13148871606e-07, 9.5367205688e-08, 6.94026240922e-08, 8.79507595641e-08, 2.09444252164e-07, 7.44393844343e-08, 1.13589685213e-07, 2.18610605174e-08, 7.32204767928e-08, 6.08307004768e-08, 5.53551942062e-08, 1.26513228338e-07, 1.13684862413e-07, 7.49151425339e-08, 9.248712729e-08, 5.49429515218e-08, 1.18761545043e-09, 1.35319394579e-10, 2.01009500711e-10, 6.69285071808e-09, 5.79168313308e-09, 1.24315500116e-08, 8.94687079978e-09, 1.17455212223e-09, 2.41281661317e-10, 4.98084316847e-11, 1.05052000085e-11],
        "stdev": [1.06604011307e-06, 1.42002982102e-05, 2.65399048658e-05, 3.63905310223e-05, 0.000145431069541, 0.000197629226022, 0.000146056263475, 0.000248770025792, 0.000978124793619, 0.00132776633836, 0.00125193945132, 0.000701759068761, 0.000185630342457, 0.000173584761797, 0.000125515580294, 0.00012164630607, 0.000136298534926, 6.05445675319e-05, 0.000132422690513, 7.26421640138e-05, 5.68333089177e-05, 3.91961184505e-05, 2.62819448835e-05, 1.63136428455e-05, 2.30216282944e-05, 1.90550799744e-05, 1.18359703265e-05, 4.04845786761e-06, 2.29498391491e-06, 1.90925652532e-06, 1.59095736763e-06, 1.69138320416e-06, 2.36486130234e-06, 1.94726794689e-06, 2.19769913201e-06, 1.49060099375e-06, 1.12264001473e-06, 1.04381672372e-06, 6.37665266368e-07, 7.65495769883e-07]
    },
    "melbands128": {
        "max": [1.59168939717e-06, 4.7699991228e-06, 2.25194835366e-05, 9.84793659882e-05, 0.000289778079605, 0.00061509659281, 0.000853264180478, 0.000675918185152, 0.000281591434032, 0.000622378662229, 0.000530383607838, 0.00100036722142, 0.00250082090497, 0.0049096615985, 0.00380835845135, 0.00661596655846, 0.00473239505664, 0.00228678924032, 0.00102377810981, 0.00206251395866, 0.00522739533335, 0.0217648968101, 0.0218415930867, 0.0106091834605, 0.0111951557919, 0.0240409709513, 0.0238558407873, 0.0226211696863, 0.0129974065349, 0.00771857379004, 0.0107700126246, 0.00268247094937, 0.00224201963283, 0.00502641825005, 0.0034285702277, 0.00304987770505, 0.004474372603, 0.00242015975527, 0.00314668519422, 0.00538899516687, 0.00190917600412, 0.00322008668445, 0.00310839456506, 0.00647971685976, 0.000991319073364, 0.00137312023435, 0.002310246462, 0.00230168970302, 0.00476931314915, 0.00227913283743, 0.00196106173098, 0.00131229532417, 0.00167844176758, 0.00163356307894, 0.000571397016756, 0.000841815490276, 0.00155179447029, 0.000558480911423, 0.000337836827384, 0.000247117743129, 0.000334804091835, 0.00019159403746, 0.000519160937984, 0.000588599068578, 0.000568739371374, 0.000496917811688, 0.000392857036786, 0.000262558256509, 0.000167511345353, 0.000180169998202, 9.46418876993e-05, 6.5573338361e-05, 3.98528354708e-05, 4.26860242442e-05, 3.53265932063e-05, 3.16501827911e-05, 2.78999650618e-05, 2.40599056269e-05, 2.60680408246e-05, 3.32350173267e-05, 2.59989174083e-05, 2.31206067838e-05, 2.35586885537e-05, 2.64287828031e-05, 7.44361022953e-05, 2.47956540989e-05, 3.53066207026e-05, 3.38763857144e-05, 3.45617918356e-05, 3.53455325239e-05, 2.42648202402e-05, 1.90059763554e-05, 1.66533118318e-05, 2.11979513551e-05, 1.75105324161e-05, 2.86250760837e-05, 3.212998854e-05, 1.35247491926e-05, 1.01196983451e-05, 1.62252217706e-05, 1.32376108013e-05, 1.76124776772e-05, 3.08973467327e-05, 4.00412682211e-05, 1.03646834759e-05, 1.51880321937e-05, 6.86594239596e-06, 3.76153593606e-06, 2.14140231947e-06, 1.68625706465e-06, 1.05337653622e-06, 1.06495224372e-06, 1.45889794112e-06, 3.34294281856e-06, 1.97769190891e-06, 1.13850944672e-06, 6.09291021192e-07, 6.47045865776e-08, 1.20345235999e-08, 1.85279258602e-08, 1.71702152496e-09, 8.58431636885e-09, 9.8373487134e-10, 9.43251476926e-10, 9.22078025045e-10, 9.01986763058e-10, 8.90928553154e-10, 8.83445483435e-10],
        "mean": [1.13248120215e-07, 1.64992073337e-07, 3.08994628995e-07, 5.78944991503e-07, 1.63344645898e-06, 5.91445405007e-06, 1.01759023892e-05, 7.72983639763e-06, 9.25243057281e-06, 1.67623729794e-05, 1.34931460707e-05, 3.85923121939e-05, 8.3120095951e-05, 6.88849540893e-05, 4.60982373625e-05, 5.3451552958e-05, 4.47811253252e-05, 4.21065597038e-05, 3.06059482682e-05, 4.07874686061e-05, 0.000139841853525, 0.00047221549903, 0.000843397399876, 0.0010482093785, 0.00106522336137, 0.00114664924331, 0.00110648619011, 0.000979634118266, 0.000767071149312, 0.000769798585679, 0.000510961050168, 0.000207034492632, 0.000145334881381, 0.000101133839053, 0.000137402443215, 0.000116414325021, 8.41907676659e-05, 6.2429724494e-05, 7.24693600205e-05, 7.78964604251e-05, 9.89712716546e-05, 0.000144619509229, 7.73264546297e-05, 5.7992830989e-05, 3.31306291628e-05, 3.27036905219e-05, 4.04309103033e-05, 3.63245999324e-05, 5.42800662515e-05, 3.22449304804e-05, 2.63683377852e-05, 2.27002710744e-05, 2.70198997896e-05, 2.0665485863e-05, 1.63378081197e-05, 1.80065435416e-05, 2.47918178502e-05, 1.56708720169e-05, 1.43522765939e-05, 1.616559166e-05, 1.42794242493e-05, 1.20361755762e-05, 1.20864833661e-05, 1.21780640256e-05, 8.69635005074e-06, 1.02547865026e-05, 1.19439728223e-05, 7.25735662854e-06, 4.81838605992e-06, 3.13822124554e-06, 2.4990381462e-06, 2.33707874031e-06, 1.6280989712e-06, 1.56360374604e-06, 1.29992349684e-06, 1.05751951196e-06, 8.83844506916e-07, 7.52495338929e-07, 7.25059237539e-07, 7.92484513568e-07, 7.28058864752e-07, 7.58671887979e-07, 6.81012011228e-07, 8.6666432253e-07, 7.4976861697e-07, 5.61283798106e-07, 4.92472338465e-07, 5.50092067897e-07, 5.91720322518e-07, 5.61752415251e-07, 5.16880106716e-07, 4.32132083006e-07, 3.77114133698e-07, 3.12622148613e-07, 2.72284154335e-07, 2.32207057138e-07, 1.8799427437e-07, 1.77743061158e-07, 1.57202094897e-07, 1.60559253004e-07, 1.51377790303e-07, 1.51153301431e-07, 1.35861398576e-07, 1.3203839444e-07, 1.01187602297e-07, 8.3899031722e-08, 5.82421826323e-08, 4.06770972461e-08, 2.66422830464e-08, 1.92321643055e-08, 1.37369715603e-08, 1.22762378041e-08, 1.49480712253e-08, 1.62144839777e-08, 9.98844740252e-09, 8.76758843305e-09, 3.28564686569e-09, 2.47819376131e-10, 2.77388303299e-11, 2.68842934026e-11, 7.85741437193e-12, 1.45991881778e-11, 6.78530495679e-12, 5.6675527986e-12, 5.4647922472e-12, 5.19365887103e-12, 5.03978542926e-12, 4.99310835733e-12],
        "min": [8.89256585035e-11, 4.41244707439e-10, 8.34704361186e-10, 9.16690945374e-10, 8.18296319594e-10, 6.82592560253e-09, 3.40160166701e-09, 1.01033483801e-08, 1.59239998965e-08, 1.77830514758e-08, 1.7119431206e-08, 2.01797529797e-08, 2.57826808792e-08, 8.42120186917e-08, 9.06058517103e-08, 4.51252475386e-08, 1.70043705339e-07, 1.78481755597e-07, 1.07176489905e-07, 1.02020159432e-07, 9.86104396361e-07, 2.40706776822e-06, 4.44980423708e-06, 4.81394863527e-07, 8.06393245512e-08, 3.09378727081e-08, 1.3479521499e-07, 7.22518279872e-07, 8.8366567752e-07, 5.0610043445e-07, 6.80990524415e-07, 2.21800348754e-07, 5.89635504866e-08, 3.78695901304e-08, 9.26122609712e-08, 1.20186641084e-07, 8.68121574626e-08, 3.81327645016e-08, 6.43899866759e-08, 1.42063427688e-07, 3.26972333653e-08, 2.17742162079e-08, 3.27167910541e-08, 1.18582747177e-07, 2.58664499597e-07, 1.69260772509e-07, 1.00686143867e-07, 3.96030408467e-08, 4.28689403975e-08, 7.94368375523e-08, 7.1038627425e-08, 6.40407691321e-08, 9.80301440023e-09, 1.52681813859e-08, 1.38872362498e-08, 2.56878802674e-08, 8.0876048969e-08, 8.22378325438e-08, 2.91087545179e-08, 1.92202982419e-08, 5.84727715136e-08, 7.26175528598e-08, 8.92068570124e-08, 4.62086653386e-08, 4.59521878327e-08, 9.52217860117e-08, 3.86327378976e-08, 6.40523936113e-08, 3.93729706616e-08, 2.00417726859e-08, 2.34047128345e-08, 1.96829095245e-08, 1.33169617555e-08, 4.03906952329e-09, 2.17495377264e-09, 4.163939471e-10, 9.05609615076e-11, 2.58315244195e-11, 9.00709229423e-11, 2.87518814313e-10, 3.45913381272e-10, 8.03055608123e-11, 4.68965283273e-11, 2.14996048742e-10, 1.67803479445e-10, 7.18283418855e-11, 3.04737179935e-10, 5.24368770627e-09, 1.93923277436e-09, 7.30857041553e-10, 4.56586013442e-09, 7.21489357147e-09, 2.91786705908e-09, 6.06944883241e-10, 2.0224974473e-10, 1.19475904864e-11, 8.77210803996e-12, 3.57179498651e-12, 8.83164895382e-12, 1.49158151108e-11, 7.39978304326e-12, 2.22884471296e-12, 1.73710926286e-12, 9.78312374687e-13, 3.92099655695e-13, 4.53643687285e-13, 4.24662827689e-13, 2.53228807281e-13, 2.3782717332e-13, 2.82277565038e-13, 3.40725982585e-13, 2.77349649323e-13, 2.60989661957e-13, 2.25899932983e-13, 2.67086428928e-13, 2.29203618975e-13, 2.07310080561e-13, 2.71440178277e-13, 2.04245501805e-13, 1.84405537173e-13, 2.31729782932e-13, 2.22399694689e-13, 2.05628252598e-13, 1.54072989176e-13, 1.88341543425e-13, 7.27564709868e-14, 8.60905652864e-15, 2.58600085239e-16],
        "stdev": [1.7242163608e-07, 3.02891123738e-07, 1.13421629067e-06, 3.57301041731e-06, 1.14465865408e-05, 2.4549808586e-05, 3.5302258766e-05, 2.71043718385e-05, 2.58824256889e-05, 5.62270579394e-05, 3.70771449525e-05, 9.52400660026e-05, 0.000210025405977, 0.000259287829977, 0.000188995734788, 0.000280710577499, 0.000287482747808, 0.000119907810586, 5.32566446054e-05, 0.000104520499008, 0.000291699077934, 0.00123080448247, 0.00144132599235, 0.0013344673207, 0.00151007203385, 0.0020294431597, 0.00197831704281, 0.00158770894632, 0.00124076427892, 0.00114724249579, 0.00078636786202, 0.000304478977341, 0.000239881890593, 0.000245143542998, 0.000276205275441, 0.000231424390222, 0.000193032203242, 0.00014842179371, 0.000203190473258, 0.0002146782208, 0.00014990150521, 0.000242434209213, 0.000149704210344, 0.000226785923587, 5.07890763402e-05, 7.15771966497e-05, 0.000138857780257, 0.000131232474814, 0.000297331425827, 0.000118184769235, 8.61029984662e-05, 7.05540805939e-05, 0.000104673832539, 6.79458898958e-05, 3.08252092509e-05, 5.1312155847e-05, 9.01483581401e-05, 3.46633787558e-05, 2.79148098343e-05, 2.63696747425e-05, 2.5403642212e-05, 2.11321221286e-05, 3.15267316182e-05, 3.75841227651e-05, 2.65720900643e-05, 2.70778018603e-05, 3.11003459501e-05, 1.82583135029e-05, 1.43968309203e-05, 9.52008304012e-06, 4.74012813356e-06, 3.73425268663e-06, 2.4643584311e-06, 3.21370748679e-06, 2.67751647698e-06, 2.37001881942e-06, 1.95395500668e-06, 1.72553291122e-06, 1.64505775047e-06, 1.81632481144e-06, 1.73855153207e-06, 1.83875204129e-06, 1.8618032982e-06, 2.86863473775e-06, 3.24004508911e-06, 1.88781643828e-06, 1.74110152784e-06, 2.30152545555e-06, 2.42377359427e-06, 2.43310296355e-06, 1.74033868916e-06, 1.33860544338e-06, 1.24188136397e-06, 1.1181963373e-06, 1.15451234706e-06, 1.29554530304e-06, 1.17827971735e-06, 7.81385040227e-07, 5.64628919619e-07, 7.05266529621e-07, 6.50421384307e-07, 7.65322624829e-07, 1.12295765575e-06, 1.38210384648e-06, 6.45661032195e-07, 6.53785207305e-07, 3.38845268288e-07, 2.1308621001e-07, 1.29492150336e-07, 1.02363600263e-07, 6.63900792119e-08, 7.22098789652e-08, 9.70944213918e-08, 1.43947758602e-07, 7.93274566036e-08, 5.94827049838e-08, 2.75802687355e-08, 3.22453308499e-09, 4.14650924707e-10, 5.88826432057e-10, 7.2989649047e-11, 2.75169026454e-10, 5.46349250563e-11, 4.39369374217e-11, 4.3021614049e-11, 4.21189541577e-11, 4.16234442746e-11, 4.12932465998e-11]
    },
    "mfcc": {
        "mean": [-676.095214844, 98.2997589111, -76.1289825439, -40.340473175, -43.7337150574, -29.2481746674, -11.5573997498, 5.59706068039, -2.27322244644, 7.62501430511, -1.79426801205, -10.0146455765, -12.9575738907],
        "cov": [[642.90612793, -98.2638244629, -149.955551147, -46.8801994324, -62.1276779175, 19.4307155609, 36.0466461182, 60.2237472534, 24.8820762634, 19.3023166656, 3.52018737793, -31.1787910461, -36.4941062927], [-98.2638244629, 642.962097168, 97.993927002, 142.152267456, 134.69430542, 3.36628913879, 60.8363609314, -95.7336502075, -189.67515564, -51.9699134827, -80.7933197021, -87.7149047852, -22.3373336792], [-149.955551147, 97.993927002, 595.184509277, 132.010879517, 107.546302795, 45.5671653748, 76.0797119141, -137.955032349, -111.026931763, -29.5373077393, -55.8184242249, -49.5591773987, -9.13013076782], [-46.8801994324, 142.152267456, 132.010879517, 256.231109619, 73.2290267944, -0.658755064011, -38.5727539062, -44.088684082, -101.261161804, -0.411978036165, -55.0291976929, -25.3866977692, 1.13787543774], [-62.1276779175, 134.69430542, 107.546302795, 73.2290267944, 206.129455566, -33.5330924988, 7.18958997726, -86.9184341431, -73.7983551025, -34.9179534912, -35.2924919128, -50.5547599792, 15.0988616943], [19.4307155609, 3.36628913879, 45.5671653748, -0.658755064011, -33.5330924988, 104.878242493, 33.3638458252, 12.29945755, -13.5784378052, 5.05378103256, 9.36332607269, -1.59458649158, -21.6795692444], [36.0466461182, 60.8363609314, 76.0797119141, -38.5727539062, 7.18958997726, 33.3638458252, 193.648254395, -11.6256361008, -53.9449157715, -24.3467025757, -6.07524681091, -43.4162063599, -17.5062713623], [60.2237472534, -95.7336502075, -137.955032349, -44.088684082, -86.9184341431, 12.29945755, -11.6256361008, 119.282600403, 72.6265945435, 27.9950866699, 35.60572052, 36.3660850525, -5.23345136642], [24.8820762634, -189.67515564, -111.026931763, -101.261161804, -73.7983551025, -13.5784378052, -53.9449157715, 72.6265945435, 229.393676758, 42.2586860657, 55.3145484924, 54.2591247559, 12.2097406387], [19.3023166656, -51.9699134827, -29.5373077393, -0.411978036165, -34.9179534912, 5.05378103256, -24.3467025757, 27.9950866699, 42.2586860657, 79.3546905518, 18.0726470947, 18.6299037933, 3.10598945618], [3.52018737793, -80.7933197021, -55.8184242249, -55.0291976929, -35.2924919128, 9.36332607269, -6.07524681091, 35.60572052, 55.3145484924, 18.0726470947, 83.9150390625, 36.0437202454, 2.29081773758], [-31.1787910461, -87.7149047852, -49.5591773987, -25.3866977692, -50.5547599792, -1.59458649158, -43.4162063599, 36.3660850525, 54.2591247559, 18.6299037933, 36.0437202454, 93.5325698853, 10.7663650513], [-36.4941062927, -22.3373336792, -9.13013076782, 1.13787543774, 15.0988616943, -21.6795692444, -17.5062713623, -5.23345136642, 12.2097406387, 3.10598945618, 2.29081773758, 10.7663650513, 57.1641769409]],
        "icov": [[0.00192228308879, 0.000413784960983, 0.000537404615898, -0.000112186353363, 0.000126900573377, -0.000178287300514, -0.000396478368202, -0.00032520230161, 5.74420992052e-05, -0.000335461692885, 0.000326055916958, 0.00108224933501, 0.00101369095501], [0.000413784960983, 0.0025188208092, 0.000552707584575, -0.000797450076789, -0.000683448568452, -0.000249073200393, -0.000575138372369, 0.00061021768488, 0.000969487475231, 0.000196566761588, 0.000671526533552, 0.000730525935069, 0.000936101656407], [0.000537404615898, 0.000552707584575, 0.00309818936512, -0.00143032683991, -0.000288845942123, -0.00146579986904, -0.00140411395114, 0.00318826059811, -0.00034755494562, -0.000131957713165, 0.000532393925823, -0.000162824668223, 0.000555373844691], [-0.000112186353363, -0.000797450076789, -0.00143032683991, 0.00685541518033, -0.00125877396204, -0.000157816597493, 0.00258057634346, -0.00199186592363, 0.00236745551229, -0.00174001569394, 0.00222796807066, -0.000241420988459, -0.000322515348671], [0.000126900573377, -0.000683448568452, -0.000288845942123, -0.00125877396204, 0.00872459728271, 0.00208729319274, 0.000174157234142, 0.0039060707204, -4.50202533102e-05, 0.00155611650553, -0.00127854617313, 0.00263956026174, -0.00182985444553], [-0.000178287300514, -0.000249073200393, -0.00146579986904, -0.000157816597493, 0.00208729319274, 0.0124132409692, -0.0011812368175, -0.00156628782861, 0.00103212241083, -0.000621576677077, -0.00196218839847, 0.00021692669543, 0.00306024774909], [-0.000396478368202, -0.000575138372369, -0.00140411395114, 0.00258057634346, 0.000174157234142, -0.0011812368175, 0.00779037177563, -0.00184155954048, 0.00178461731412, 0.000984426820651, -0.000805596879218, 0.00276479916647, 4.65915982204e-05], [-0.00032520230161, 0.00061021768488, 0.00318826059811, -0.00199186592363, 0.0039060707204, -0.00156628782861, -0.00184155954048, 0.017841566354, -0.00273278891109, -0.00117639510427, -0.00169543223456, -0.00174453877844, 0.00106755050365], [5.74420992052e-05, 0.000969487475231, -0.00034755494562, 0.00236745551229, -4.50202533102e-05, 0.00103212241083, 0.00178461731412, -0.00273278891109, 0.00820001773536, -0.00199237233028, -0.0013325184118, -0.00052046898054, -0.000479232316138], [-0.000335461692885, 0.000196566761588, -0.000131957713165, -0.00174001569394, 0.00155611650553, -0.000621576677077, 0.000984426820651, -0.00117639510427, -0.00199237233028, 0.0156800709665, -0.00181994272862, 0.00011876514327, -0.000952621689066], [0.000326055916958, 0.000671526533552, 0.000532393925823, 0.00222796807066, -0.00127854617313, -0.00196218839847, -0.000805596879218, -0.00169543223456, -0.0013325184118, -0.00181994272862, 0.0179580375552, -0.00462620472535, 0.000238005479332], [0.00108224933501, 0.000730525935069, -0.000162824668223, -0.000241420988459, 0.00263956026174, 0.00021692669543, 0.00276479916647, -0.00174453877844, -0.00052046898054, 0.00011876514327, -0.00462620472535, 0.0172611717135, -0.00193363521248], [0.00101369095501, 0.000936101656407, 0.000555373844691, -0.000322515348671, -0.00182985444553, 0.00306024774909, 4.65915982204e-05, 0.00106755050365, -0.000479232316138, -0.000952621689066, 0.000238005479332, -0.00193363521248, 0.0208662264049]]
    },
    "spectral_contrast_coeffs": {
        "max": [-0.447886735201, -0.401501059532, -0.488933801651, -0.593799948692, -0.550835549831, -0.537745118141],
        "mean": [-0.694095015526, -0.666490495205, -0.70287245512, -0.794214129448, -0.763042986393, -0.768598794937],
        "min": [-0.94897300005, -0.865171611309, -0.912974953651, -0.925443291664, -0.875462889671, -0.852684378624],
        "stdev": [0.0777678340673, 0.0736039280891, 0.0663100704551, 0.0602526813745, 0.0508347861469, 0.0378771908581]
    },
    "spectral_contrast_valleys": {
        "max": [-6.49849271774, -5.60035705566, -5.17721557617, -6.05087757111, -6.81787490845, -8.27737045288],
        "mean": [-9.50050544739, -6.91096496582, -6.58808708191, -7.17379426956, -7.73278999329, -10.8227090836],
        "min": [-11.2595939636, -8.29157924652, -9.33783626556, -9.57033443451, -9.29633140564, -13.736831665],
        "stdev": [0.648183524609, 0.388857841492, 0.637511789799, 0.622332334518, 0.473099708557, 0.613433718681]
    }
},
"rhythm": {
    "beats_count": 57,
    "beats_loudness": {
        "max": 0.0533243454993,
        "mean": 0.0203937273473,
        "min": 0.00481474259868,
        "stdev": 0.0110720610246
    },
    "bpm": 165.406234741,
    "bpm_histogram_first_peak_bpm": 167,
    "bpm_histogram_first_peak_weight": 0,
    "bpm_histogram_second_peak_bpm": 136,
    "bpm_histogram_second_peak_spread": 0.555555582047,
    "bpm_histogram_second_peak_weight": 0.142857149243,
    "danceability": 0.892103850842,
    "onset_rate": 0.948409318924,
    "beats_loudness_band_ratio": {
        "max": [0.038127861917, 0.218281850219, 0.928731381893, 0.817691504955, 0.694388866425, 0.532780826092],
        "mean": [0.00255383132026, 0.0237011574209, 0.508718013763, 0.365683406591, 0.102215133607, 0.0354284495115],
        "min": [6.03197331657e-05, 0.00090305111371, 0.0775841623545, 0.0227558799088, 0.017177361995, 0.00572411622852],
        "stdev": [0.00625551724806, 0.0455445200205, 0.213103547692, 0.195350795984, 0.122396841645, 0.0736858248711]
    },
    "beats_position": [0.429569154978, 0.870748281479, 1.31192743778, 1.764716506, 2.21750569344, 2.65868473053, 3.09986400604, 3.55265307426, 3.99383211136, 4.43501138687, 4.85297060013, 5.27092981339, 5.71210861206, 6.15328788757, 6.57124710083, 6.97759628296, 7.38394546509, 7.79029464722, 8.19664382935, 8.60299301147, 9.03256225586, 9.46213150024, 9.89170074463, 10.3096599579, 10.7276191711, 11.1455783844, 11.5635375977, 11.9931058884, 12.4226751328, 12.8522443771, 13.2818136215, 13.6417226791, 14.0016326904, 14.361541748, 14.7214508057, 15.0813598633, 15.4412698746, 15.7895689011, 16.1378688812, 16.4977779388, 16.8460769653, 17.2059860229, 17.5542850494, 17.9141941071, 18.2624931335, 18.6107940674, 18.9590930939, 19.3073921204, 19.667301178, 20.0272102356, 20.3871192932, 20.758638382, 21.1301574707, 21.5016784668, 21.8731975555, 22.2679367065, 22.6626758575],
