{
"metadata": {
    "version": {
        "essentia": "2.1-beta5",
        "essentia_git_sha": "Undefined",
        "extractor": "music 2.0"
    },
    "audio_properties": {
        "analysis": {
            "equal_loudness": 0,
            "length": 48.7502937317,
            "sample_rate": 44100,
            "start_time": 61.4980506897,
            "downmix": "mix"
        },
        "bit_rate": 192000,
        "length": 194.559997559,
        "lossless": 0,
        "number_channels": 2,
        "replay_gain": -1.54816818237,
        "sample_rate": 48000,
        "codec": "mp3",
        "md5_encoded": "556ca9a3c1b0c7662d45843f1c33f6e2"
    },
    "tags": {
        "file_name": "Switzerland_Apollo_Timebelle.mp3",
        "encoding": ["Lavf58.29.100"]
    }
},
"lowlevel": {
    "average_loudness": 0.842302441597,
    "barkbands_crest": {
        "max": 26.2775478363,
        "mean": 11.9343824387,
        "min": 3.47224640846,
        "stdev": 4.21647930145
    },
    "barkbands_flatness_db": {
        "max": 0.507932066917,
        "mean": 0.159349426627,
        "min": 0.0280911847949,
        "stdev": 0.0552151836455
    },
    "barkbands_kurtosis": {
        "max": 313.398101807,
        "mean": 6.50800800323,
        "min": -1.83235442638,
        "stdev": 14.8747329712
    },
    "barkbands_skewness": {
        "max": 15.4231586456,
        "mean": 1.84755265713,
        "min": -1.46538221836,
        "stdev": 1.49463880062
    },
    "barkbands_spread": {
        "max": 103.060066223,
        "mean": 21.0934867859,
        "min": 0.257034659386,
        "stdev": 13.2732181549
    },
    "dissonance": {
        "max": 0.5,
        "mean": 0.455675005913,
        "min": 0.296241104603,
        "stdev": 0.0308171324432
    },
    "dynamic_complexity": 3.66833615303,
    "erbbands_crest": {
        "max": 29.1320533752,
        "mean": 10.8083963394,
        "min": 2.5455031395,
        "stdev": 5.60072231293
    },
    "erbbands_flatness_db": {
        "max": 0.395670056343,
        "mean": 0.153616368771,
        "min": 0.043624419719,
        "stdev": 0.0563938096166
    },
    "erbbands_kurtosis": {
        "max": 52.1639022827,
        "mean": 1.44227612019,
        "min": -1.66394042969,
        "stdev": 3.27422094345
    },
    "erbbands_skewness": {
        "max": 5.98762369156,
        "mean": 0.537788152695,
        "min": -2.54717755318,
        "stdev": 0.780689060688
    },
    "erbbands_spread": {
        "max": 130.086334229,
        "mean": 36.7145385742,
        "min": 2.56661844254,
        "stdev": 20.660364151
    },
    "hfc": {
        "max": 164.685058594,
        "mean": 21.4189815521,
        "min": 0.380109488964,
        "stdev": 21.1295967102
    },
    "loudness_ebu128": {
        "integrated": -21.3020114899,
        "loudness_range": 7.48150634766,
        "momentary": {
            "max": -15.8693752289,
            "mean": -22.3786659241,
            "min": -30.1827526093,
            "stdev": 3.32739043236
        },
        "short_term": {
            "max": -18.3763923645,
            "mean": -22.187040329,
            "min": -27.0294971466,
            "stdev": 2.80998563766
        }
    },
    "melbands_crest": {
        "max": 38.240940094,
        "mean": 17.1471652985,
        "min": 5.44419145584,
        "stdev": 5.68347358704
    },
    "melbands_flatness_db": {
        "max": 0.644022166729,
        "mean": 0.227782025933,
        "min": 0.0447527654469,
        "stdev": 0.0651935040951
    },
    "melbands_kurtosis": {
        "max": 358.459655762,
        "mean": 17.6544837952,
        "min": -1.7815643549,
        "stdev": 28.9280891418
    },
    "melbands_skewness": {
        "max": 15.4788103104,
        "mean": 2.89152646065,
        "min": -1.21392917633,
        "stdev": 2.07886815071
    },
    "melbands_spread": {
        "max": 189.699890137,
        "mean": 19.6805534363,
        "min": 0.302548766136,
        "stdev": 14.4573602676
    },
    "pitch_salience": {
        "max": 0.822443068027,
        "mean": 0.460358470678,
        "min": 0.0637625455856,
        "stdev": 0.114443704486
    },
    "silence_rate_20dB": {
        "max": 1,
        "mean": 1,
        "min": 1,
        "stdev": 0
    },
    "silence_rate_30dB": {
        "max": 1,
        "mean": 0.960970938206,
        "min": 0,
        "stdev": 0.193663790822
    },
    "silence_rate_60dB": {
        "max": 1,
        "mean": 0.0299857202917,
        "min": 0,
        "stdev": 0.170550212264
    },
    "spectral_centroid": {
        "max": 4433.29394531,
        "mean": 1229.25866699,
        "min": 177.448974609,
        "stdev": 536.720458984
    },
    "spectral_complexity": {
        "max": 43,
        "mean": 15.1256542206,
        "min": 0,
        "stdev": 7.04506635666
    },
    "spectral_decrease": {
        "max": -5.08602500393e-11,
        "mean": -8.67176552788e-09,
        "min": -5.9630892224e-08,
        "stdev": 7.58127693956e-09
    },
    "spectral_energy": {
        "max": 0.233847290277,
        "mean": 0.0346719957888,
        "min": 0.000236557913013,
        "stdev": 0.0298679266125
    },
    "spectral_energyband_high": {
        "max": 0.00603667274117,
        "mean": 0.000773587147705,
        "min": 9.56294528009e-08,
        "stdev": 0.000951130583417
    },
    "spectral_energyband_low": {
        "max": 0.186030372977,
        "mean": 0.0183954108506,
        "min": 4.72574038213e-06,
        "stdev": 0.0218857452273
    },
    "spectral_energyband_middle_high": {
        "max": 0.144611850381,
        "mean": 0.00811377353966,
        "min": 4.17705559812e-05,
        "stdev": 0.0139615088701
    },
    "spectral_energyband_middle_low": {
        "max": 0.0571405738592,
        "mean": 0.00793972983956,
        "min": 6.78218057146e-05,
        "stdev": 0.00758845964447
    },
    "spectral_entropy": {
        "max": 8.80123806,
        "mean": 7.56167888641,
        "min": 6.23001623154,
        "stdev": 0.445493519306
    },
    "spectral_flux": {
        "max": 0.355390071869,
        "mean": 0.0837324485183,
        "min": 0.0107221091166,
        "stdev": 0.0513857267797
    },
    "spectral_kurtosis": {
        "max": 43.1888313293,
        "mean": 4.50947904587,
        "min": -1.54910337925,
        "stdev": 3.71808815002
    },
    "spectral_rms": {
        "max": 0.0151044270024,
        "mean": 0.00531283020973,
        "min": 0.000480404210975,
        "stdev": 0.00236648879945
    },
    "spectral_rolloff": {
        "max": 11864.7949219,
        "mean": 1046.61315918,
        "min": 43.06640625,
        "stdev": 1138.58947754
    },
    "spectral_skewness": {
        "max": 4.25723075867,
        "mean": 1.71394598484,
        "min": -0.0465392395854,
        "stdev": 0.475242108107
    },
    "spectral_spread": {
        "max": 18038754,
        "mean": 5475221.5,
        "min": 1184122.25,
        "stdev": 1970154
    },
    "spectral_strongpeak": {
        "max": 14.2673978806,
        "mean": 1.07067573071,
        "min": 0,
        "stdev": 1.91525256634
    },
    "zerocrossingrate": {
        "max": 0.3447265625,
        "mean": 0.0529254116118,
        "min": 0.00244140625,
        "stdev": 0.0306629352272
    },
    "barkbands": {
        "max": [0.0614597350359, 0.162772014737, 0.0551171861589, 0.0235742218792, 0.0166776143014, 0.0218797270209, 0.0196305327117, 0.0381711497903, 0.0476539246738, 0.0513529665768, 0.136707052588, 0.033834990114, 0.0419469326735, 0.0362899936736, 0.0120604606345, 0.00485687702894, 0.00710170622915, 0.0124174291268, 0.00727568008006, 0.00454029068351, 0.00211852812208, 0.00209066853859, 0.00247697089799, 0.0018282965757, 0.00291786738671, 0.000917616707738, 0.000113533584226],
        "mean": [0.00214156275615, 0.0128782596439, 0.00328937359154, 0.000800394744147, 0.00152304640505, 0.00132475164719, 0.000899048347492, 0.000992465065792, 0.00166374526452, 0.00142637756653, 0.00295780552551, 0.000798136345111, 0.000793497136328, 0.00100201950409, 0.000433543522377, 0.000175109598786, 0.000176906367415, 0.000190838429262, 0.000304908229737, 0.000255218765233, 0.000101905628981, 8.94416880328e-05, 0.00011371938308, 0.000132424087496, 0.000157348855282, 4.94642627018e-05, 7.42079521387e-07],
        "min": [1.9424144071e-08, 1.13499993404e-06, 4.28205908065e-07, 5.40191592791e-07, 7.85501742939e-06, 2.03720264835e-06, 1.85583007806e-06, 2.1923665372e-06, 5.22987647855e-06, 2.3241029794e-06, 2.07886250791e-06, 8.98158987184e-07, 2.63872493633e-06, 1.41915052154e-06, 1.85370629424e-06, 1.0919587794e-06, 7.03376485944e-07, 4.86911176267e-07, 1.30937010567e-07, 4.91801905866e-08, 9.25327636736e-09, 5.54358337013e-10, 2.17933615598e-10, 2.19397347512e-10, 7.29184698733e-11, 8.75134964495e-11, 1.1012573492e-10],
        "stdev": [0.00505872257054, 0.0185402482748, 0.00479765608907, 0.00182374753058, 0.00165519246366, 0.00219076685607, 0.00162847107276, 0.00340285734273, 0.00420634774491, 0.00397218111902, 0.0110442843288, 0.00215210719034, 0.00241310358979, 0.00300410832278, 0.000944673956838, 0.000367561908206, 0.000465694116428, 0.000577481812797, 0.000589020433836, 0.000478175235912, 0.000152254637214, 0.000154427689267, 0.000175757639227, 0.000212405298953, 0.000231630707276, 8.62201559357e-05, 5.25211817148e-06]
    },
    "erbbands": {
        "max": [8.39078521729, 30.1604804993, 64.477684021, 60.6821250916, 53.0726699829, 73.4310913086, 189.592788696, 237.880249023, 287.385620117, 379.350311279, 1026.33105469, 1113.33618164, 1614.05114746, 3669.02612305, 1926.8326416, 740.713867188, 1721.25109863, 2019.52514648, 1127.95556641, 268.773773193, 255.538925171, 418.176300049, 739.273681641, 439.934356689, 479.266723633, 213.157119751, 142.821899414, 148.804534912, 70.1591186523, 52.727180481, 76.9551925659, 53.1795463562, 41.2678031921, 42.0141716003, 14.4552412033, 4.41629076004, 2.31250095367, 0.39000800252, 0.0224967896938, 0.00130271958187],
        "mean": [0.491943657398, 2.39898610115, 4.13357925415, 3.17800855637, 3.14714550972, 6.39509916306, 8.00442409515, 11.4640140533, 11.5072698593, 15.14802742, 23.3393917084, 42.4519691467, 54.5028991699, 92.9740219116, 66.26537323, 29.9236011505, 31.8644618988, 52.9719924927, 35.249671936, 14.9419841766, 10.0061511993, 9.72941684723, 11.0803318024, 14.3217744827, 14.2083959579, 11.1739807129, 6.36623096466, 3.5108165741, 3.09542369843, 3.17307543755, 3.32063031197, 2.87225079536, 2.1827507019, 1.82560300827, 1.05432116985, 0.350323885679, 0.0650347471237, 0.00593621935695, 0.000188431615243, 4.98070912727e-05],
        "min": [2.69385909633e-05, 0.000314830773277, 0.0010310811922, 0.00255235889927, 0.0026524933055, 0.0257255006582, 0.00906591769308, 0.0240601412952, 0.0687375515699, 0.0978246927261, 0.0778019055724, 0.160678997636, 0.143895015121, 0.109516173601, 0.0727392211556, 0.0475491322577, 0.144676476717, 0.112603016198, 0.176323324442, 0.0577558577061, 0.0828524008393, 0.039017662406, 0.0401580631733, 0.0156521759927, 0.00540953176096, 0.00253167049959, 0.00176663440652, 0.00027819655952, 6.03942498856e-05, 2.15485961235e-05, 8.73225781106e-06, 7.41834401197e-06, 7.27224369257e-06, 6.34623165752e-06, 3.47778541254e-06, 1.83101599305e-06, 1.03631566617e-06, 1.92879824112e-07, 8.45681938699e-07, 1.82889084499e-06],
        "stdev": [0.756493806839, 3.62788271904, 5.17035055161, 4.96674156189, 4.91824960709, 7.61661291122, 12.9221010208, 21.9322853088, 20.8209323883, 33.1313018799, 87.458366394, 107.23286438, 131.125030518, 314.937347412, 184.581878662, 72.5862731934, 84.7873687744, 138.524734497, 87.2694320679, 24.6956653595, 19.1558074951, 25.908323288, 34.8708877563, 30.2593593597, 27.7523097992, 19.4300918579, 10.0220384598, 6.52714776993, 5.21116828918, 5.22696018219, 5.15962600708, 4.88295459747, 3.42595815659, 2.88184666634, 1.52227318287, 0.543854355812, 0.136531800032, 0.0193873904645, 0.000729854044039, 4.93660299981e-05]
    },
    "gfcc": {
        "mean": [-3.14490127563, 94.9384460449, -105.958641052, 29.8436069489, -55.4904937744, 34.0631904602, -34.0362815857, 20.2110080719, -27.213891983, 8.41806125641, -8.02981090546, -2.37913632393, -4.21505308151],
        "cov": [[5210.89697266, -1916.97387695, 362.770111084, 359.014312744, -225.594543457, 436.697113037, -121.320281982, 442.390533447, -336.669799805, 398.232788086, -229.795822144, 299.208007812, -263.849853516], [-1916.97387695, 1413.95654297, -241.795562744, -96.6030731201, 243.392349243, -236.932800293, 165.762313843, -140.942306519, 174.48197937, -179.274917603, 247.891357422, -183.858947754, 160.555557251], [362.770111084, -241.795562744, 822.439575195, 181.920288086, 19.8690090179, 123.387191772, -102.464630127, 131.654785156, 13.5004692078, 86.6901245117, -82.9909896851, 186.269638062, -92.1423034668], [359.014312744, -96.6030731201, 181.920288086, 355.272521973, 29.2170085907, 39.1821937561, -67.3969268799, 46.3181152344, 51.9070701599, -13.4386005402, 10.2194461823, 81.5468292236, 19.5103931427], [-225.594543457, 243.392349243, 19.8690090179, 29.2170085907, 238.149734497, -0.531666457653, 83.2161254883, 0.158146589994, 35.2814712524, 2.0938949585, 37.8630485535, 11.0960979462, 29.5068721771], [436.697113037, -236.932800293, 123.387191772, 39.1821937561, -0.531666457653, 280.781524658, 71.8402099609, 23.3456954956, -7.86987161636, 63.2036590576, -23.164768219, 40.2227249146, -5.10053062439], [-121.320281982, 165.762313843, -102.464630127, -67.3969268799, 83.2161254883, 71.8402099609, 248.257751465, -22.6687641144, -4.20217943192, 29.2470912933, 42.7418327332, -39.5575294495, 31.7425937653], [442.390533447, -140.942306519, 131.654785156, 46.3181152344, 0.158146589994, 23.3456954956, -22.6687641144, 182.746582031, -4.6680803299, 52.1121330261, 2.44023728371, 48.7222824097, -18.369052887], [-336.669799805, 174.48197937, 13.5004692078, 51.9070701599, 35.2814712524, -7.86987161636, -4.20217943192, -4.6680803299, 156.645385742, -22.8650226593, 27.9658241272, -0.816338062286, 32.5611076355], [398.232788086, -179.274917603, 86.6901245117, -13.4386005402, 2.0938949585, 63.2036590576, 29.2470912933, 52.1121330261, -22.8650226593, 160.180343628, -11.1971149445, 19.3084812164, -41.2827529907], [-229.795822144, 247.891357422, -82.9909896851, 10.2194461823, 37.8630485535, -23.164768219, 42.7418327332, 2.44023728371, 27.9658241272, -11.1971149445, 160.673599243, -14.2662639618, 53.7063522339], [299.208007812, -183.858947754, 186.269638062, 81.5468292236, 11.0960979462, 40.2227249146, -39.5575294495, 48.7222824097, -0.816338062286, 19.3084812164, -14.2662639618, 166.394836426, 6.64298009872], [-263.849853516, 160.555557251, -92.1423034668, 19.5103931427, 29.5068721771, -5.10053062439, 31.7425937653, -18.369052887, 32.5611076355, -41.2827529907, 53.7063522339, 6.64298009872, 125.842437744]],
        "icov": [[0.000622910389211, 0.00039087224286, 0.000413154659327, -0.000658273289446, 6.43211096758e-05, -0.000414040754549, -2.83501631202e-05, -0.000924256513827, 0.000788639881648, -0.000586176814977, 5.59854961466e-05, -0.000417840055889, 0.000654101197142], [0.00039087224286, 0.00330681307241, -0.000945206207689, 0.00046032218961, -0.00184751569759, 0.00174626847729, -0.00123632093892, 0.000509799225256, -0.00137786509003, 0.00163395772688, -0.00305909779854, 0.00263122236356, -0.00121348095126], [0.000413154659327, -0.000945206207689, 0.00300400075503, -0.00128595088609, 0.000358500226866, -0.00168769620359, 0.00100146303885, -0.00169797567651, 0.000845979666337, -0.00151106796693, 0.00173379504122, -0.0031735051889, 0.00253115640953], [-0.000658273289446, 0.00046032218961, -0.00128595088609, 0.00476970896125, -0.00111157249194, 0.000368872715626, 0.000761312956456, 0.000880938372575, -0.00221449113451, 0.00178654538468, -0.00140305946115, 0.000431789958384, -0.00170134101063], [6.43211096758e-05, -0.00184751569759, 0.000358500226866, -0.00111157249194, 0.00654699280858, -0.00043156920583, -0.00154381548055, -0.000658462173305, 0.000379452860216, -0.0013431381667, 0.00144165055826, -0.00226406892762, 0.000632995390333], [-0.000414040754549, 0.00174626847729, -0.00168769620359, 0.000368872715626, -0.00043156920583, 0.00647933082655, -0.00288583245128, 0.00151262362488, -0.00170890509617, 0.000347597000655, -0.00123859208543, 0.0016441954067, -0.00207846984267], [-2.83501631202e-05, -0.00123632093892, 0.00100146303885, 0.000761312956456, -0.00154381548055, -0.00288583245128, 0.00704494025558, -2.74494796031e-05, 0.00114478520118, -0.0018207503017, 0.000203667907044, -7.63925054343e-05, -0.000379246048396], [-0.000924256513827, 0.000509799225256, -0.00169797567651, 0.000880938372575, -0.000658462173305, 0.00151262362488, -2.74494796031e-05, 0.00865686777979, -0.00162402039859, -0.00035034166649, -0.00201467354782, 0.000745345896576, -0.00135612825397], [0.000788639881648, -0.00137786509003, 0.000845979666337, -0.00221449113451, 0.000379452860216, -0.00170890509617, 0.00114478520118, -0.00162402039859, 0.00958705320954, -0.00146951898932, 0.00123342464212, -0.00135444453917, 0.000272591132671], [-0.000586176814977, 0.00163395772688, -0.00151106796693, 0.00178654538468, -0.0013431381667, 0.000347597000655, -0.0018207503017, -0.00035034166649, -0.00146951898932, 0.0104202274233, -0.00251997960731, 0.00188583135605, 0.000814571802039], [5.59854961466e-05, -0.00305909779854, 0.00173379504122, -0.00140305946115, 0.00144165055826, -0.00123859208543, 0.000203667907044, -0.00201467354782, 0.00123342464212, -0.00251997960731, 0.0111825047061, -0.00259505258873, -0.00100759055931], [-0.000417840055889, 0.00263122236356, -0.0031735051889, 0.000431789958384, -0.00226406892762, 0.0016441954067, -7.63925054343e-05, 0.000745345896576, -0.00135444453917, 0.00188583135605, -0.00259505258873, 0.0122570358217, -0.00446854624897], [0.000654101197142, -0.00121348095126, 0.00253115640953, -0.00170134101063, 0.000632995390333, -0.00207846984267, -0.000379246048396, -0.00135612825397, 0.000272591132671, 0.000814571802039, -0.00100759055931, -0.00446854624897, 0.0135108223185]]
    },
    "melbands": {
        "max": [0.0587276443839, 0.0272851511836, 0.00913043040782, 0.00436999369413, 0.00529770739377, 0.00461644679308, 0.00376076833345, 0.00480748154223, 0.00841717608273, 0.00791956111789, 0.0084732491523, 0.0135912736878, 0.012474716641, 0.00454187113792, 0.00139898201451, 0.00511009152979, 0.00342958141118, 0.00234405882657, 0.000984031474218, 0.000417679868406, 0.000408898486057, 0.000539272208698, 0.000696211704053, 0.000493002298754, 0.000443124445155, 0.000410643522628, 0.000278616586002, 0.000196818480617, 0.000159994073329, 2.87661932816e-05, 0.000134131681989, 4.97373621329e-05, 3.21840416291e-05, 2.72733541351e-05, 3.21740408253e-05, 6.42839659122e-05, 3.24138454744e-05, 2.46558283834e-05, 4.19480165874e-05, 3.93222144339e-05],
        "mean": [0.00403963308781, 0.0024192626588, 0.000553952646442, 0.000341531966114, 0.000276738108369, 0.000250278273597, 0.00018477923004, 0.000168408587342, 0.000178433707333, 0.000286193360807, 0.000262874935288, 0.000349937792635, 0.000300285348203, 0.000104216887848, 4.43904500571e-05, 9.45600040723e-05, 0.000102425146906, 6.52503367746e-05, 2.9866128898e-05, 1.36628141263e-05, 1.11775007099e-05, 1.03986858448e-05, 1.00875386124e-05, 8.50821197673e-06, 1.21768989629e-05, 1.04506525531e-05, 9.36106698646e-06, 7.15022088116e-06, 4.87633951707e-06, 2.23159509005e-06, 1.96857081391e-06, 1.71855492681e-06, 1.75159527771e-06, 1.72996340098e-06, 1.8588916646e-06, 1.94324934455e-06, 1.69601196376e-06, 1.55119334977e-06, 1.44315788475e-06, 1.60363561008e-06],
        "min": [2.46703137918e-07, 4.94171672472e-07, 3.09449177394e-07, 8.82939389157e-07, 2.29479283576e-07, 5.09179415076e-07, 6.52950518543e-07, 9.999764643e-07, 1.72223920458e-07, 9.93716184894e-07, 5.36629386261e-07, 3.32190580821e-07, 2.0561529368e-07, 1.58798016514e-07, 1.02105545352e-07, 2.72336762919e-07, 1.60430118967e-07, 2.36525096398e-07, 1.22951803405e-07, 2.97327602539e-08, 7.62335048421e-08, 3.24207007907e-08, 4.15904963802e-08, 2.80624217197e-08, 5.6477360566e-09, 3.04887048941e-09, 2.22931628713e-09, 1.42820366644e-09, 1.27502042258e-09, 1.65306532351e-10, 5.28617392914e-11, 1.21967436151e-11, 7.71364049024e-12, 4.93765792142e-12, 2.50428042019e-12, 2.81084357179e-12, 2.40823225077e-12, 2.67832500969e-12, 1.60441397581e-12, 5.97217804724e-13],
        "stdev": [0.00598800927401, 0.00282132485881, 0.000829682336189, 0.000390151166357, 0.00037990079727, 0.000453537562862, 0.000322063511703, 0.000393508264096, 0.000696449773386, 0.000750306586269, 0.000672122521792, 0.00117724807933, 0.00103643001057, 0.000279523228528, 0.000112445843115, 0.00029443402309, 0.000290170224616, 0.000186710312846, 6.29485439276e-05, 2.84143116005e-05, 2.47894877248e-05, 2.99466537399e-05, 3.50559785147e-05, 2.3870901714e-05, 2.89738090942e-05, 2.36028863583e-05, 2.01882594411e-05, 1.36220305649e-05, 9.46082582232e-06, 3.20976914736e-06, 4.85807549921e-06, 3.107972816e-06, 3.04479158331e-06, 2.89150921162e-06, 2.8465772175e-06, 3.4191530176e-06, 3.04810100715e-06, 2.55683698924e-06, 2.40880899582e-06, 2.54473843597e-06]
    },
    "melbands128": {
        "max": [0.043070293963, 0.0799101367593, 0.0716139003634, 0.0495019927621, 0.0376252681017, 0.02237835899, 0.0144719220698, 0.0113935545087, 0.00531508121639, 0.0062737762928, 0.0057878899388, 0.00487088691443, 0.00954165030271, 0.0068798083812, 0.00870702415705, 0.00688223168254, 0.00817015767097, 0.0059212539345, 0.00669702002779, 0.00597414886579, 0.00878211949021, 0.0151104880497, 0.0167610757053, 0.00397585146129, 0.00845359265804, 0.017870714888, 0.00595473079011, 0.0156988985837, 0.0122116422281, 0.0116089619696, 0.0209207441658, 0.04409051314, 0.0142934843898, 0.0126193566248, 0.010371026583, 0.00508203683421, 0.00441929139197, 0.00294737634249, 0.00184737495147, 0.00582428788766, 0.00785902794451, 0.0108780674636, 0.00430099666119, 0.0074540511705, 0.00651832437143, 0.00492444634438, 0.00197500828654, 0.00191172922496, 0.000905504042748, 0.000508914818056, 0.000717622460797, 0.000799576228019, 0.000508971977979, 0.000786190445069, 0.00120666611474, 0.000850967422593, 0.00050346594071, 0.00089827371994, 0.00102107750718, 0.000941792619415, 0.000594220124185, 0.000439158349764, 0.000499369692989, 0.0011159266578, 0.00071202829713, 0.000545553397387, 0.000875204161275, 0.000660497986246, 0.00064464379102, 0.00036648553214, 0.000262883753749, 0.000314287986839, 0.000483772542793, 0.000192282444914, 3.57732860721e-05, 5.48238276679e-05, 4.46699486929e-05, 5.89378287259e-05, 0.000208721030504, 0.00021427818865, 4.87950383103e-05, 5.35041508556e-05, 5.99760460318e-05, 3.94442722609e-05, 4.01453762606e-05, 4.36829395767e-05, 4.36883019574e-05, 2.90011157631e-05, 3.007469968e-05, 5.08380435349e-05, 0.000121243501781, 5.89523006056e-05, 5.91422503931e-05, 3.50613845512e-05, 5.27922384208e-05, 4.46047743026e-05, 2.5069768526e-05, 2.89798063022e-05, 5.07608929183e-05, 3.51625494659e-05, 4.82970863231e-05, 4.21743643528e-05, 3.48867179127e-05, 2.79541127384e-05, 2.15563195525e-05, 2.46773979597e-05, 1.80146362254e-05, 1.41043074109e-05, 8.31971556181e-06, 7.58517262511e-06, 7.2868388088e-06, 8.1892903836e-06, 9.0680177891e-06, 8.61273110786e-06, 8.53402161738e-06, 3.99483860747e-06, 4.07130983149e-06, 1.07968583052e-06, 5.17167336511e-07, 2.0503020437e-07, 5.00190424191e-07, 1.04540470147e-06, 9.16330577638e-07, 4.97308860758e-08, 2.76254539244e-08, 2.63792312438e-08, 2.55528807003e-08, 2.50712162142e-08],
        "mean": [0.00177936954424, 0.00434079254046, 0.00490615516901, 0.00367803592235, 0.00245666084811, 0.00143902888522, 0.00063188833883, 0.000372329173842, 0.000261198001681, 0.000369501824025, 0.000401222001528, 0.000224826246267, 0.00028954789741, 0.000260325730778, 0.000297782185953, 0.000220260975766, 0.000148232444189, 0.00018675281899, 0.000230063917115, 0.0001454148005, 0.000152356587932, 0.00018048187485, 0.000245032220846, 7.17077564332e-05, 0.000220535701374, 0.000476252636872, 0.000203480027267, 0.000345464330167, 0.000173949534656, 0.000109360931674, 0.000481214199681, 0.000724039855413, 0.000147322643897, 0.00017903475964, 0.000119297532365, 8.06896423455e-05, 8.17459294922e-05, 3.342636046e-05, 2.46425952355e-05, 6.30706272204e-05, 0.000148182050907, 8.2177335571e-05, 6.3136445533e-05, 0.000169910897966, 7.43129567127e-05, 5.01753384015e-05, 3.67465909221e-05, 3.97707080992e-05, 2.1256160835e-05, 1.10829623736e-05, 1.48070885189e-05, 1.44768127939e-05, 8.38959203975e-06, 1.11800027298e-05, 1.38341119964e-05, 1.00470560938e-05, 7.90380363469e-06, 8.36140225147e-06, 1.17695271911e-05, 1.21071734611e-05, 7.15109308658e-06, 6.07405900155e-06, 1.20106869872e-05, 1.60081053764e-05, 9.00734175957e-06, 1.00256183941e-05, 1.15960010589e-05, 9.79342894425e-06, 9.48301294557e-06, 7.68891641201e-06, 6.0626011873e-06, 7.75826720201e-06, 7.61345245337e-06, 3.76273465008e-06, 2.51782876148e-06, 2.52221411756e-06, 1.93868640963e-06, 1.7219961137e-06, 2.23625761464e-06, 1.91858771359e-06, 1.62368667134e-06, 1.69498184732e-06, 1.69622342128e-06, 1.69514589743e-06, 1.91170852304e-06, 1.75734123786e-06, 1.67516213878e-06, 1.63438130585e-06, 1.89600746126e-06, 1.94835979528e-06, 2.10125131161e-06, 1.89957802377e-06, 1.76228604687e-06, 1.66681763858e-06, 1.67545260865e-06, 1.71291071638e-06, 1.47960145114e-06, 1.36204459977e-06, 1.476621037e-06, 1.44101568367e-06, 1.51301856022e-06, 1.6563749341e-06, 1.70321561654e-06, 1.42763406075e-06, 1.13291025627e-06, 1.08531867227e-06, 8.58961698214e-07, 7.51978518565e-07, 5.76299441946e-07, 4.67208877808e-07, 3.18333121641e-07, 2.22570733399e-07, 1.83110074659e-07, 1.26324948724e-07, 8.83897257609e-08, 5.64487443455e-08, 2.24086580403e-08, 3.90247967275e-09, 1.23633092652e-09, 9.62225188417e-10, 1.16211651413e-09, 1.28499277885e-09, 8.84872730644e-10, 6.31054861144e-11, 1.7925489218e-11, 1.69748902434e-11, 1.63796875369e-11, 1.60988496839e-11],
        "min": [7.8550632665e-09, 1.57835806647e-08, 1.62603885911e-08, 5.82810400829e-07, 1.32222552907e-07, 2.22468472089e-07, 1.53050820018e-07, 3.45289379311e-07, 1.04641017629e-07, 1.32058517011e-07, 9.99315972194e-08, 1.40841322605e-07, 1.56433927145e-07, 4.09560243497e-07, 2.95146492135e-07, 1.69604739142e-08, 1.35806658363e-07, 1.34851362077e-07, 2.22613692813e-07, 1.67355864278e-07, 1.5199026393e-07, 1.92260884546e-07, 7.90909666648e-08, 7.55732756375e-08, 1.11176909456e-07, 3.42820214883e-07, 1.91213530343e-07, 3.76331200869e-07, 2.02234161861e-07, 7.21371478107e-08, 2.32393944088e-07, 2.27081287107e-07, 7.23995938756e-08, 9.12269513265e-08, 8.70897807204e-08, 6.75519302717e-08, 4.56770230528e-08, 4.00144806179e-08, 3.02383291739e-08, 1.2136672467e-07, 1.17930852639e-07, 4.28837800825e-08, 4.31768469866e-08, 5.41424007849e-08, 6.18325515234e-08, 6.79841534179e-08, 4.28842881206e-08, 3.63991219388e-08, 3.0012401453e-08, 2.81969061433e-08, 8.33110114229e-09, 8.78145822725e-09, 1.61295474754e-08, 3.41747252719e-08, 3.16299200165e-08, 1.01810329056e-08, 5.80475667533e-09, 1.32124826635e-08, 1.09098117207e-08, 7.93547805245e-09, 1.27920278814e-08, 8.53998738393e-09, 4.61396476581e-09, 4.42408154555e-09, 5.42833245021e-09, 6.15156259265e-10, 8.25882306987e-10, 8.77550088152e-10, 4.11596451366e-10, 2.88108925606e-10, 9.36025479348e-10, 1.27765731328e-09, 1.17339449268e-09, 4.17305301426e-10, 4.60027460569e-10, 7.1833601567e-11, 5.47767733949e-11, 5.35040449445e-11, 1.05865758868e-11, 9.53011367738e-12, 9.50767242713e-12, 1.00194245262e-11, 9.60259389365e-12, 7.52571269191e-12, 4.23863678531e-12, 2.70011595548e-12, 2.34057933625e-12, 2.71728885053e-12, 1.40083214126e-12, 4.24534192522e-12, 2.39566851599e-12, 1.79675241699e-12, 2.79883928533e-12, 1.83471272029e-12, 2.73269731496e-12, 1.46903908309e-12, 1.59337029248e-12, 1.5881588579e-12, 6.63091597689e-13, 5.17296925781e-13, 5.19939451736e-13, 5.1665258443e-13, 5.78586495121e-13, 4.51537732985e-13, 3.54601981459e-13, 5.99173488602e-13, 4.00530764154e-13, 3.60843895996e-13, 4.74586353289e-13, 3.89517438486e-13, 2.89251397357e-13, 3.62423741192e-13, 3.01833590673e-13, 3.13548611987e-13, 2.58930436771e-13, 4.08393262784e-13, 4.10578255422e-13, 3.75627480509e-13, 3.34966050123e-13, 3.14768393642e-13, 2.22960051029e-13, 3.3435843612e-13, 3.41078673551e-13, 3.08216695439e-13, 2.23225816087e-13, 9.06739689843e-14, 1.30767097861e-14, 4.09749911833e-16],
        "stdev": [0.00396082364023, 0.00695031695068, 0.00842082966119, 0.00555872404948, 0.0030756003689, 0.002184165176, 0.00108073186129, 0.000864683708642, 0.000503970019054, 0.000490992330015, 0.000553296355065, 0.000362626247806, 0.000572644523345, 0.000513069506269, 0.000692475005053, 0.000523321330547, 0.000440344592789, 0.000396321382141, 0.000480530463392, 0.000426645507105, 0.000575278594624, 0.000772387429606, 0.00124354963191, 0.000247928139288, 0.000726214668248, 0.00145776080899, 0.000563182344195, 0.00120189110748, 0.000700342119671, 0.000474026572192, 0.00182682764716, 0.00340033695102, 0.000691737397574, 0.000652194255963, 0.000515900726896, 0.00032094825292, 0.000295558216749, 0.00012981625332, 9.65725776041e-05, 0.000256221799646, 0.000494783220347, 0.000479885668028, 0.000262994581135, 0.000621764454991, 0.000343878986314, 0.000252288562478, 0.000114462105557, 0.000114636633953, 5.92276519455e-05, 2.92097720376e-05, 4.27222548751e-05, 4.65136727144e-05, 2.53360849456e-05, 3.66332897102e-05, 5.19266359333e-05, 4.06376602768e-05, 3.2169293263e-05, 3.68457076547e-05, 5.58640203963e-05, 5.40165929124e-05, 3.01115178445e-05, 2.0317020244e-05, 3.52399620169e-05, 5.26405237906e-05, 3.4502849303e-05, 3.47032546415e-05, 3.52923416358e-05, 3.36391349265e-05, 3.06541296595e-05, 2.09038844332e-05, 1.59346363944e-05, 2.07550092455e-05, 2.25018520723e-05, 9.28545068746e-06, 4.07808602176e-06, 4.43378849013e-06, 3.56038867722e-06, 3.41679196936e-06, 7.23426637705e-06, 6.93771016813e-06, 3.04575155496e-06, 3.30780358127e-06, 3.4397185118e-06, 3.17219360113e-06, 3.71139117306e-06, 3.31941942022e-06, 2.97102678815e-06, 2.80894300886e-06, 2.96932716992e-06, 3.45277021552e-06, 4.52588665212e-06, 3.51407788912e-06, 3.39078155775e-06, 3.31043202095e-06, 3.3730721043e-06, 3.34552510139e-06, 2.57125111602e-06, 2.20623701352e-06, 2.61967966253e-06, 2.77156300399e-06, 2.86820727524e-06, 2.71479530056e-06, 2.84071916212e-06, 2.38318239099e-06, 1.85505541594e-06, 1.82841381502e-06, 1.48659182742e-06, 1.30957675992e-06, 9.68995095718e-07, 8.29643056477e-07, 6.70220515531e-07, 5.37041103144e-07, 4.52338184687e-07, 3.547652625e-07, 3.07532388888e-07, 1.99483423557e-07, 1.5977924761e-07, 3.85841012474e-08, 1.41360843031e-08, 9.88631132515e-09, 1.51627581602e-08, 2.48082248078e-08, 2.07126813478e-08, 1.31671817893e-09, 6.02516980752e-10, 5.75335945552e-10, 5.57318691197e-10, 5.46814760138e-10]
    },
    "mfcc": {
        "mean": [-650.401123047, 124.985115051, 11.7969236374, 9.83255577087, 10.4157142639, 8.06712818146, 15.092206955, 5.41403675079, 0.272788345814, 10.4762411118, 0.981971621513, -1.95244526863, 1.99484527111],
        "cov": [[4970.80810547, -1798.20715332, 261.354370117, 31.4087314606, -29.8785953522, 46.5414886475, 151.753936768, 35.8731193542, 45.6941566467, 64.0107498169, 8.78500747681, -14.758980751, 172.029708862], [-1798.20715332, 1265.97241211, -290.186004639, 48.5070419312, 20.0399494171, -86.4866714478, 65.9374847412, -17.7113513947, -50.8112678528, 46.5717773438, 38.5703315735, 31.0866718292, -16.9386177063], [261.354370117, -290.186004639, 650.734313965, 62.079662323, 142.185623169, 53.4251747131, -73.7398681641, 74.0547714233, 53.9910049438, -83.2721252441, 46.8873786926, 84.7380523682, 58.2837142944], [31.4087314606, 48.5070419312, 62.079662323, 269.473876953, 105.000213623, -26.9655895233, -30.2562332153, 38.8499031067, 16.5936374664, -55.9288673401, 7.63536691666, 66.224609375, 22.8179073334], [-29.8785953522, 20.0399494171, 142.185623169, 105.000213623, 239.638778687, -24.2847747803, -55.2713813782, 57.8032608032, 21.6044178009, -46.1646652222, 7.76308917999, 65.1231002808, 32.9721603394], [46.5414886475, -86.4866714478, 53.4251747131, -26.9655895233, -24.2847747803, 260.101654053, 49.7595024109, 20.0154953003, 58.1679344177, -1.37136816978, 17.2790126801, 0.0697013661265, 1.34550333023], [151.753936768, 65.9374847412, -73.7398681641, -30.2562332153, -55.2713813782, 49.7595024109, 224.190093994, 0.837383568287, -6.89717912674, 62.6971664429, 4.39155483246, -0.493899106979, 30.2369556427], [35.8731193542, -17.7113513947, 74.0547714233, 38.8499031067, 57.8032608032, 20.0154953003, 0.837383568287, 129.876983643, 31.3825740814, -32.8244094849, -0.692388236523, 29.0369968414, 18.5199584961], [45.6941566467, -50.8112678528, 53.9910049438, 16.5936374664, 21.6044178009, 58.1679344177, -6.89717912674, 31.3825740814, 111.38369751, 7.46274185181, 12.2118749619, 12.8354711533, -1.66323947906], [64.0107498169, 46.5717773438, -83.2721252441, -55.9288673401, -46.1646652222, -1.37136816978, 62.6971664429, -32.8244094849, 7.46274185181, 138.560546875, 28.5394916534, -26.6640796661, -5.45392227173], [8.78500747681, 38.5703315735, 46.8873786926, 7.63536691666, 7.76308917999, 17.2790126801, 4.39155483246, -0.692388236523, 12.2118749619, 28.5394916534, 102.337768555, 39.1361694336, 13.0755710602], [-14.758980751, 31.0866718292, 84.7380523682, 66.224609375, 65.1231002808, 0.0697013661265, -0.493899106979, 29.0369968414, 12.8354711533, -26.6640796661, 39.1361694336, 118.13948822, 49.4939193726], [172.029708862, -16.9386177063, 58.2837142944, 22.8179073334, 32.9721603394, 1.34550333023, 30.2369556427, 18.5199584961, -1.66323947906, -5.45392227173, 13.0755710602, 49.4939193726, 117.104141235]],
        "icov": [[0.000561841239687, 0.000901440798771, 0.000159308998263, -0.00032741916948, -7.08243314875e-05, 0.000253566046013, -0.000535304716323, -9.02208921616e-05, 4.68662801723e-05, -0.000286594091449, -0.000407863437431, 0.000290774129098, -0.000630985479802], [0.000901440798771, 0.00243095913902, 0.000764297437854, -0.000643329287414, -0.000433891575085, 0.00061609421391, -0.0011358767515, -0.00019062316278, 0.000348292436684, -0.000487489625812, -0.00117490114644, 0.000110224274977, -0.000722291937564], [0.000159308998263, 0.000764297437854, 0.00244817370549, 0.000122477998957, -0.000981813413091, -0.000168722268427, 0.000147753526107, -0.000407319574151, -0.000401813769713, 0.000883061846253, -0.00129569554701, -0.000391910376493, -0.000715437170584], [-0.00032741916948, -0.000643329287414, 0.000122477998957, 0.00528431916609, -0.00144228932913, 0.000383967446396, 0.000154002453201, -0.000101785713923, -0.000788187608123, 0.00166832131799, 0.000149282685015, -0.00191184831783, 0.000533211452421], [-7.08243314875e-05, -0.000433891575085, -0.000981813413091, -0.00144228932913, 0.00664738705382, 0.000425873498898, 0.00132869998924, -0.00159441307187, -0.000347155466443, -0.000292064098176, 0.000950479588937, -0.00176855002064, -0.000533686252311], [0.000253566046013, 0.00061609421391, -0.000168722268427, 0.000383967446396, 0.000425873498898, 0.0051525416784, -0.00177835382055, -0.000161341406056, -0.00264436635189, 0.00119774870109, -0.00126087211538, 0.000565457565244, -4.86169337819e-05], [-0.000535304716323, -0.0011358767515, 0.000147753526107, 0.000154002453201, 0.00132869998924, -0.00177835382055, 0.00691231526434, -0.00104064343031, 0.00113271968439, -0.00281871017069, 0.00154218834359, -0.00115078059025, -0.00125637673773], [-9.02208921616e-05, -0.00019062316278, -0.000407319574151, -0.000101785713923, -0.00159441307187, -0.000161341406056, -0.00104064343031, 0.00996958184987, -0.00245605269447, 0.0020465743728, 0.000482767616631, -0.000485616561491, -0.000317906349665], [4.68662801723e-05, 0.000348292436684, -0.000401813769713, -0.000788187608123, -0.000347155466443, -0.00264436635189, 0.00113271968439, -0.00245605269447, 0.0119331246242, -0.0027260533534, 7.02106408426e-05, -0.000897095713299, 0.000973017304204], [-0.000286594091449, -0.000487489625812, 0.000883061846253, 0.00166832131799, -0.000292064098176, 0.00119774870109, -0.00281871017069, 0.0020465743728, -0.0027260533534, 0.0119432816282, -0.00437065307051, 0.00262867403217, -4.69345250167e-05], [-0.000407863437431, -0.00117490114644, -0.00129569554701, 0.000149282685015, 0.000950479588937, -0.00126087211538, 0.00154218834359, 0.000482767616631, 7.02106408426e-05, -0.00437065307051, 0.0141419200227, -0.00558606069535, 0.00089665671112], [0.000290774129098, 0.000110224274977, -0.000391910376493, -0.00191184831783, -0.00176855002064, 0.000565457565244, -0.00115078059025, -0.000485616561491, -0.000897095713299, 0.00262867403217, -0.00558606069535, 0.0154565954581, -0.00477753067389], [-0.000630985479802, -0.000722291937564, -0.000715437170584, 0.000533211452421, -0.000533686252311, -4.86169337819e-05, -0.00125637673773, -0.000317906349665, 0.000973017304204, -4.69345250167e-05, 0.00089665671112, -0.00477753067389, 0.0120702888817]]
    },
    "spectral_contrast_coeffs": {
        "max": [-0.511147737503, -0.502139687538, -0.429169237614, -0.576095759869, -0.562148213387, -0.614670872688],
        "mean": [-0.749679148197, -0.751206696033, -0.730381071568, -0.783393442631, -0.783944666386, -0.80026614666],
        "min": [-0.922632932663, -0.911427259445, -0.911340355873, -0.900661885738, -0.888314008713, -0.895742297173],
        "stdev": [0.0578618869185, 0.0713023096323, 0.0804775431752, 0.0595006756485, 0.056220870465, 0.0378982722759]
    },
    "spectral_contrast_valleys": {
        "max": [-5.187936306, -5.35104227066, -5.65033531189, -6.06863212585, -6.00718736649, -7.99445533752],
        "mean": [-6.51530313492, -6.92814159393, -7.34549045563, -7.70904970169, -7.93052339554, -10.127204895],
        "min": [-9.66568660736, -8.7640171051, -9.38268089294, -9.53967285156, -11.3946781158, -15.5216417313],
        "stdev": [0.721910715103, 0.52873557806, 0.535016894341, 0.601229190826, 0.80785214901, 1.26667642593]
    }
},
"rhythm": {
    "beats_count": 70,
    "beats_loudness": {
        "max": 0.136214360595,
        "mean": 0.0417694039643,
        "min": 0.00287664378993,
        "stdev": 0.0265501420945
    },
    "bpm": 86.9085769653,
    "bpm_histogram_first_peak_bpm": 88,
    "bpm_histogram_first_peak_weight": 0.47058826685,
    "bpm_histogram_second_peak_bpm": 78,
    "bpm_histogram_second_peak_spread": 0,
    "bpm_histogram_second_peak_weight": 0.0144927538931,
    "danceability": 1.003682971,
    "onset_rate": 3.8759765625,
    "beats_loudness_band_ratio": {
        "max": [0.987054467201, 0.633313477039, 0.68717622757, 0.761806488037, 0.332643926144, 0.307453513145],
        "mean": [0.497849166393, 0.104081906378, 0.13684296608, 0.175970479846, 0.0676567256451, 0.0580579340458],
        "min": [0.00508905015886, 0.00231309630908, 0.00443072337657, 0.0013112896122, 0.00101965491194, 0.000222048853175],
        "stdev": [0.247926235199, 0.10637896508, 0.14062653482, 0.2045648247, 0.0736129134893, 0.0602414682508]
    },
