{
"metadata": {
    "version": {
        "essentia": "2.1-beta5",
        "essentia_git_sha": "Undefined",
        "extractor": "music 2.0"
    },
    "audio_properties": {
        "analysis": {
            "equal_loudness": 0,
            "length": 45.2556915283,
            "sample_rate": 44100,
            "start_time": 129.996917725,
            "downmix": "mix"
        },
        "bit_rate": 192000,
        "length": 199.12272644,
        "lossless": 0,
        "number_channels": 2,
        "replay_gain": -1.83681488037,
        "sample_rate": 48000,
        "codec": "mp3",
        "md5_encoded": "5da2c382c97f8f728a38565619a4f1e4"
    },
    "tags": {
        "file_name": "Spain_Do It for Your Lover_Manel Navarro.mp3",
        "encoding": ["Lavf58.29.100"]
    }
},
"lowlevel": {
    "average_loudness": 0.965003907681,
    "barkbands_crest": {
        "max": 25.6476402283,
        "mean": 11.171128273,
        "min": 2.54035186768,
        "stdev": 4.72322845459
    },
    "barkbands_flatness_db": {
        "max": 0.426074236631,
        "mean": 0.126391142607,
        "min": 0.0241312272847,
        "stdev": 0.0602273121476
    },
    "barkbands_kurtosis": {
        "max": 64.7438964844,
        "mean": 3.5761590004,
        "min": -1.8048876524,
        "stdev": 6.89134502411
    },
    "barkbands_skewness": {
        "max": 6.95785188675,
        "mean": 1.30615544319,
        "min": -1.69873487949,
        "stdev": 1.07178556919
    },
    "barkbands_spread": {
        "max": 101.644218445,
        "mean": 25.3868274689,
        "min": 0.907394886017,
        "stdev": 17.3217067719
    },
    "dissonance": {
        "max": 0.499790251255,
        "mean": 0.453685700893,
        "min": 0.284381657839,
        "stdev": 0.0369238369167
    },
    "dynamic_complexity": 2.68509697914,
    "erbbands_crest": {
        "max": 32.2755622864,
        "mean": 11.6710672379,
        "min": 2.58012485504,
        "stdev": 6.48170661926
    },
    "erbbands_flatness_db": {
        "max": 0.463996738195,
        "mean": 0.15925206244,
        "min": 0.0479848980904,
        "stdev": 0.0687667429447
    },
    "erbbands_kurtosis": {
        "max": 59.0338630676,
        "mean": 2.25178909302,
        "min": -1.56616258621,
        "stdev": 4.84292268753
    },
    "erbbands_skewness": {
        "max": 6.46998739243,
        "mean": 0.820689678192,
        "min": -1.57075464725,
        "stdev": 1.00812292099
    },
    "erbbands_spread": {
        "max": 123.284408569,
        "mean": 35.5256385803,
        "min": 1.83779966831,
        "stdev": 21.5165290833
    },
    "hfc": {
        "max": 206.423797607,
        "mean": 25.9143161774,
        "min": 0.504023492336,
        "stdev": 23.1874732971
    },
    "loudness_ebu128": {
        "integrated": -21.4972705841,
        "loudness_range": 2.53589057922,
        "momentary": {
            "max": -17.7233924866,
            "mean": -21.7864303589,
            "min": -27.3750476837,
            "stdev": 1.62446832657
        },
        "short_term": {
            "max": -20.0257015228,
            "mean": -21.6102256775,
            "min": -24.3553581238,
            "stdev": 0.933765411377
        }
    },
    "melbands_crest": {
        "max": 36.0168190002,
        "mean": 15.1505317688,
        "min": 4.72761201859,
        "stdev": 5.61450195312
    },
    "melbands_flatness_db": {
        "max": 0.410896956921,
        "mean": 0.179508522153,
        "min": 0.0260042194277,
        "stdev": 0.0600569583476
    },
    "melbands_kurtosis": {
        "max": 210.575897217,
        "mean": 10.4025630951,
        "min": -1.44767022133,
        "stdev": 16.3302688599
    },
    "melbands_skewness": {
        "max": 13.6269016266,
        "mean": 2.10651278496,
        "min": -1.89296782017,
        "stdev": 1.62333273888
    },
    "melbands_spread": {
        "max": 161.950912476,
        "mean": 25.3845386505,
        "min": 1.14793634415,
        "stdev": 17.0141506195
    },
    "pitch_salience": {
        "max": 0.852340400219,
        "mean": 0.527286589146,
        "min": 0.0799183249474,
        "stdev": 0.12416202575
    },
    "silence_rate_20dB": {
        "max": 1,
        "mean": 1,
        "min": 1,
        "stdev": 0
    },
    "silence_rate_30dB": {
        "max": 1,
        "mean": 0.994358956814,
        "min": 0,
        "stdev": 0.0748940631747
    },
    "silence_rate_60dB": {
        "max": 1,
        "mean": 0.0399999991059,
        "min": 0,
        "stdev": 0.19595900178
    },
    "spectral_centroid": {
        "max": 3754.95678711,
        "mean": 1383.46569824,
        "min": 355.883117676,
        "stdev": 513.271911621
    },
    "spectral_complexity": {
        "max": 52,
        "mean": 16.4764099121,
        "min": 0,
        "stdev": 9.26705741882
    },
    "spectral_decrease": {
        "max": -7.47266346024e-11,
        "mean": -7.16036074877e-09,
        "min": -5.01857435609e-08,
        "stdev": 5.98783911343e-09
    },
    "spectral_energy": {
        "max": 0.201247066259,
        "mean": 0.0293754190207,
        "min": 0.000542643247172,
        "stdev": 0.0241421405226
    },
    "spectral_energyband_high": {
        "max": 0.0166743323207,
        "mean": 0.00118784897495,
        "min": 2.17872748181e-05,
        "stdev": 0.00175585737452
    },
    "spectral_energyband_low": {
        "max": 0.123812861741,
        "mean": 0.00835684221238,
        "min": 1.51171981599e-08,
        "stdev": 0.0140077378601
    },
    "spectral_energyband_middle_high": {
        "max": 0.0649550780654,
        "mean": 0.0081267375499,
        "min": 8.63054592628e-05,
        "stdev": 0.00945899635553
    },
    "spectral_energyband_middle_low": {
        "max": 0.162628531456,
        "mean": 0.0126300612465,
        "min": 8.22323709144e-05,
        "stdev": 0.01412027888
    },
    "spectral_entropy": {
        "max": 8.73754787445,
        "mean": 7.7520031929,
        "min": 5.58995771408,
        "stdev": 0.484683483839
    },
    "spectral_flux": {
        "max": 0.299861431122,
        "mean": 0.0984413847327,
        "min": 0.0137902749702,
        "stdev": 0.054948464036
    },
    "spectral_kurtosis": {
        "max": 19.4129333496,
        "mean": 3.28712058067,
        "min": -0.852720737457,
        "stdev": 2.05243849754
    },
    "spectral_rms": {
        "max": 0.0140120880678,
        "mean": 0.0049260626547,
        "min": 0.000727604317944,
        "stdev": 0.00209590047598
    },
    "spectral_rolloff": {
        "max": 13867.3828125,
        "mean": 1775.8626709,
        "min": 43.06640625,
        "stdev": 1776.24584961
    },
    "spectral_skewness": {
        "max": 3.1803047657,
        "mean": 1.50183641911,
        "min": 0.282818585634,
        "stdev": 0.359585434198
    },
    "spectral_spread": {
        "max": 12490935,
        "mean": 5676090.5,
        "min": 2474577.75,
        "stdev": 1459046.375
    },
    "spectral_strongpeak": {
        "max": 10.6844930649,
        "mean": 1.57952988148,
        "min": 0,
        "stdev": 1.71812903881
    },
    "zerocrossingrate": {
        "max": 0.349609375,
        "mean": 0.0746647119522,
        "min": 0.013671875,
        "stdev": 0.0419859401882
    },
    "barkbands": {
        "max": [0.0115313893184, 0.0958556607366, 0.0466690696776, 0.0120915714651, 0.0683960095048, 0.035030208528, 0.041298776865, 0.0455859228969, 0.159133136272, 0.0755426287651, 0.0257645174861, 0.0216171424836, 0.0211113467813, 0.0234727263451, 0.0148108359426, 0.00980899110436, 0.00344503624365, 0.00223521911539, 0.00100722908974, 0.00133690633811, 0.00208566174842, 0.00209299777634, 0.00650898367167, 0.00188205076847, 0.00418775947765, 0.00292414007708, 0.000126849699882],
        "mean": [0.000389487278881, 0.006023529917, 0.00174004992004, 0.000539259111974, 0.00235461303964, 0.0015377382515, 0.00182240374852, 0.00142939202487, 0.00369239738211, 0.00369668542407, 0.00101293064654, 0.000653050316032, 0.000629376212601, 0.00124678981956, 0.000391372974264, 0.000364363339031, 0.00023904129921, 0.000224537739996, 0.000122328317957, 0.000179169990588, 0.000226220232435, 0.000177841153345, 0.000246659445111, 0.000149311963469, 0.000193146028323, 9.00174636627e-05, 3.67813686353e-06],
        "min": [1.12515841089e-09, 2.76686185074e-09, 3.05152014768e-09, 1.49918601977e-08, 2.68251312718e-07, 2.0164700345e-06, 1.88640854049e-06, 1.70536600308e-06, 4.211554824e-06, 2.24932045967e-06, 2.7415085242e-06, 2.01865987037e-06, 4.45693831352e-06, 5.44764134247e-06, 1.91842059394e-06, 4.61156650999e-06, 1.42016824611e-06, 2.8983320135e-06, 2.1393757379e-06, 3.57647354576e-06, 7.05280172042e-07, 2.62394496531e-06, 1.22014228054e-06, 7.80353470731e-09, 9.02932395519e-10, 1.28327889981e-10, 1.1848549919e-10],
        "stdev": [0.00099536345806, 0.0106011843309, 0.00487444316968, 0.00115987972822, 0.00578355928883, 0.00337808253244, 0.00411903113127, 0.00363186653703, 0.0091693289578, 0.0078769735992, 0.00251096813008, 0.00138502940536, 0.00134654680733, 0.00227252976038, 0.000755433749873, 0.000726751983166, 0.000363791623386, 0.000272743956884, 0.000144014484249, 0.000189356156625, 0.000296587415505, 0.000222487506107, 0.000537352985702, 0.000228818404139, 0.000362644932466, 0.000221529742703, 1.11084191303e-05]
    },
    "erbbands": {
        "max": [2.60640478134, 26.776391983, 57.1368980408, 41.879535675, 182.663879395, 235.005569458, 180.284210205, 416.119506836, 807.789123535, 688.900695801, 1332.33679199, 4675.37841797, 2724.12182617, 1600.61303711, 969.718261719, 1071.03820801, 1151.84619141, 1145.51855469, 642.229736328, 438.237976074, 668.450805664, 175.929016113, 115.45816803, 97.2482376099, 50.2819976807, 72.3471221924, 62.9769515991, 122.846252441, 79.3228149414, 69.4863052368, 265.755004883, 63.9281578064, 34.977558136, 54.1558761597, 25.2744350433, 22.7315502167, 2.64257121086, 0.479460269213, 0.02194051072, 0.000635236676317],
        "mean": [0.157879978418, 1.38690519333, 2.36964154243, 1.88953447342, 5.61024284363, 8.01239585876, 6.52646684647, 14.7510538101, 26.2402820587, 22.6660671234, 44.8739433289, 91.2024536133, 114.272598267, 78.4104309082, 34.9291419983, 29.8070831299, 32.0268516541, 55.4157180786, 36.3326683044, 23.9691429138, 15.9749565125, 14.020409584, 13.2733211517, 7.11682653427, 6.69664907455, 8.66313838959, 8.37275218964, 9.04330825806, 6.35956382751, 6.56747102737, 7.35346746445, 4.07744455338, 2.29331946373, 2.359187603, 1.25550353527, 0.604171156883, 0.103808477521, 0.0172438379377, 0.000609885901213, 5.47262316104e-05],
        "min": [2.76645437225e-07, 1.11292536076e-06, 5.6387289078e-06, 5.75690828555e-05, 0.000240452282014, 0.000947175431065, 0.00539818918332, 0.0138286901638, 0.0415759980679, 0.0632181838155, 0.131296336651, 0.201627478004, 0.128390669823, 0.188113942742, 0.116375207901, 0.0909053534269, 0.180254012346, 0.378821730614, 0.249810889363, 0.188581094146, 0.243491739035, 0.175943136215, 0.211204856634, 0.137588143349, 0.180553942919, 0.169154912233, 0.0722053945065, 0.0570953525603, 0.0864343941212, 0.0565933063626, 0.0198291074485, 0.00120026501827, 0.000254987477092, 3.10782888846e-05, 1.44667073982e-05, 9.07739558897e-06, 1.65804601693e-06, 4.81145093545e-07, 9.87100406746e-07, 1.04549133084e-06],
        "stdev": [0.286954343319, 2.63482570648, 6.29150009155, 4.00855016708, 15.9401092529, 18.7798957825, 13.8822526932, 34.9596214294, 60.0971832275, 50.4641532898, 113.246864319, 256.637451172, 225.000900269, 186.194854736, 82.2467575073, 59.7895584106, 61.7721748352, 93.8706054688, 64.9192810059, 43.1309776306, 31.420589447, 20.680431366, 16.2671260834, 8.62396430969, 7.58780193329, 9.23246669769, 9.5415096283, 13.0577487946, 7.969789505, 8.4557800293, 20.9491558075, 6.81417560577, 3.64129924774, 4.70225477219, 2.2776184082, 1.61426579952, 0.215921953321, 0.0395628623664, 0.00159196462482, 6.08780501352e-05]
    },
    "gfcc": {
        "mean": [14.9893856049, 64.2784805298, -119.528816223, 21.1515827179, -68.3313522339, 28.0992088318, -35.3874893188, 15.657207489, -22.9514217377, 10.724064827, -20.1854934692, 2.53722810745, -8.49662590027],
        "cov": [[3109.24194336, -66.8998641968, 714.501342773, 421.050964355, 283.161621094, 176.59312439, -145.802856445, 92.5429534912, -25.2193546295, -12.9125900269, -187.587036133, 14.1206407547, -120.839935303], [-66.8998641968, 954.853393555, 8.61721515656, 122.55305481, 73.5593338013, 67.1120986938, 167.433914185, 87.455619812, 129.629562378, 17.6940326691, 86.5760192871, -56.6725959778, 53.6604347229], [714.501342773, 8.61721515656, 1090.85083008, 637.44909668, 379.004852295, 128.845565796, -132.622406006, 167.807495117, 0.484574139118, 48.2867889404, -36.1769371033, 112.688331604, -146.431045532], [421.050964355, 122.55305481, 637.44909668, 705.895690918, 316.33392334, 81.7069244385, -146.384643555, 114.102111816, 59.0450553894, -1.1742272377, -38.8666191101, 19.4341716766, -42.0404052734], [283.161621094, 73.5593338013, 379.004852295, 316.33392334, 288.357147217, 97.7990341187, -19.6124992371, 86.3606796265, 31.2731971741, 31.676612854, -22.5398540497, 29.1503238678, -43.4170074463], [176.59312439, 67.1120986938, 128.845565796, 81.7069244385, 97.7990341187, 192.23526001, 114.897735596, 37.6447753906, -17.1320972443, 6.3131518364, 7.03265094757, 5.31249141693, 6.88581752777], [-145.802856445, 167.433914185, -132.622406006, -146.384643555, -19.6124992371, 114.897735596, 284.720153809, 51.741771698, 14.6442136765, 7.79326534271, 37.8548545837, -18.923822403, 29.6346511841], [92.5429534912, 87.455619812, 167.807495117, 114.102111816, 86.3606796265, 37.6447753906, 51.741771698, 160.598602295, 78.7867965698, 42.1476669312, 5.73785829544, 2.90134978294, -32.4144973755], [-25.2193546295, 129.629562378, 0.484574139118, 59.0450553894, 31.2731971741, -17.1320972443, 14.6442136765, 78.7867965698, 178.213928223, 65.3012390137, 32.4960403442, -12.9345617294, 28.7823886871], [-12.9125900269, 17.6940326691, 48.2867889404, -1.1742272377, 31.676612854, 6.3131518364, 7.79326534271, 42.1476669312, 65.3012390137, 130.079971313, 76.0898971558, 43.4577484131, -6.94118833542], [-187.587036133, 86.5760192871, -36.1769371033, -38.8666191101, -22.5398540497, 7.03265094757, 37.8548545837, 5.73785829544, 32.4960403442, 76.0898971558, 142.220916748, 60.8629684448, 21.7077388763], [14.1206407547, -56.6725959778, 112.688331604, 19.4341716766, 29.1503238678, 5.31249141693, -18.923822403, 2.90134978294, -12.9345617294, 43.4577484131, 60.8629684448, 113.89151001, 12.8480567932], [-120.839935303, 53.6604347229, -146.431045532, -42.0404052734, -43.4170074463, 6.88581752777, 29.6346511841, -32.4144973755, 28.7823886871, -6.94118833542, 21.7077388763, 12.8480567932, 117.916809082]],
        "icov": [[0.00044306385098, -8.00416746642e-05, -0.000161113144713, 5.20210232935e-05, 0.000112651607196, -0.00059043825604, 0.000332993571647, 3.16537625622e-05, -0.000138552641147, -0.000201483591809, 0.000787624099758, -0.000275217520539, 0.000216866857954], [-8.00416746642e-05, 0.00166881713085, -0.000257577223238, -0.000201880058739, -0.000600519997533, 0.000669318309519, -0.0010415490251, -5.64796137041e-05, -0.000525923329405, 0.000869775656611, -0.00212418101728, 0.00192401453387, -0.000886273803189], [-0.000161113144713, -0.000257577223238, 0.00403710873798, -0.00252144224942, -0.000339104299201, -0.00128218764439, 0.000414508976974, -0.0011018345831, 0.000312606687658, -0.000532567151822, 0.00184421893209, -0.00458882469684, 0.00366228190251], [5.20210232935e-05, -0.000201880058739, -0.00252144224942, 0.00578634999692, -0.00339612714015, -0.000605877314229, 0.00297406711616, -0.00125179637689, -0.000727203849237, 0.00255987746641, -0.00230825250037, 0.00331838848069, -0.00283806747757], [0.000112651607196, -0.000600519997533, -0.000339104299201, -0.00339612714015, 0.0102612785995, -0.00336689129472, -0.000359666184522, 2.24571194849e-05, -0.000902422412764, -0.00286283972673, 0.00423653237522, -0.00348117691465, 0.00247932854109], [-0.00059043825604, 0.000669318309519, -0.00128218764439, -0.000605877314229, -0.00336689129472, 0.0123508619145, -0.00610790541396, 0.000480337941553, 0.00332560017705, -0.000866716785822, -0.00241354783066, 0.00346455490217, -0.00380771234632], [0.000332993571647, -0.0010415490251, 0.000414508976974, 0.00297406711616, -0.000359666184522, -0.00610790541396, 0.00945311225951, -0.00421636085957, 0.000207582037547, 0.00153117196169, -0.00117449345998, 0.000728780287318, -0.000743966142181], [3.16537625622e-05, -5.64796137041e-05, -0.0011018345831, -0.00125179637689, 2.24571194849e-05, 0.000480337941553, -0.00421636085957, 0.0134713714942, -0.00577037967741, -0.00131247297395, 0.00205527292565, -0.00151604728308, 0.00410467898473], [-0.000138552641147, -0.000525923329405, 0.000312606687658, -0.000727203849237, -0.000902422412764, 0.00332560017705, 0.000207582037547, -0.00577037967741, 0.0128383403644, -0.00586304999888, -0.00105933996383, 0.00473627541214, -0.00573848886415], [-0.000201483591809, 0.000869775656611, -0.000532567151822, 0.00255987746641, -0.00286283972673, -0.000866716785822, 0.00153117196169, -0.00131247297395, -0.00586304999888, 0.0174554754049, -0.00877662841231, -0.00126553967129, 0.00211218534969], [0.000787624099758, -0.00212418101728, 0.00184421893209, -0.00230825250037, 0.00423653237522, -0.00241354783066, -0.00117449345998, 0.00205527292565, -0.00105933996383, -0.00877662841231, 0.0195431262255, -0.0113793192431, 0.00318606197834], [-0.000275217520539, 0.00192401453387, -0.00458882469684, 0.00331838848069, -0.00348117691465, 0.00346455490217, 0.000728780287318, -0.00151604728308, 0.00473627541214, -0.00126553967129, -0.0113793192431, 0.0227945894003, -0.00937636382878], [0.000216866857954, -0.000886273803189, 0.00366228190251, -0.00283806747757, 0.00247932854109, -0.00380771234632, -0.000743966142181, 0.00410467898473, -0.00573848886415, 0.00211218534969, 0.00318606197834, -0.00937636382878, 0.0170528627932]]
    },
    "melbands": {
        "max": [0.0184333510697, 0.0309451092035, 0.00713340938091, 0.0176236052066, 0.00538159487769, 0.00851022545248, 0.0105697633699, 0.00609049201012, 0.0111516332254, 0.0312588140368, 0.0139309400693, 0.00739278038964, 0.00300609390251, 0.00257693952881, 0.00290626077913, 0.00179884012323, 0.00255728233606, 0.00140889803879, 0.00149661954492, 0.000696854025591, 0.000784708419815, 0.000201405957341, 0.000137071649078, 0.000109308683022, 8.77622078406e-05, 4.30962209066e-05, 6.36261174805e-05, 5.09870696987e-05, 4.56241541542e-05, 5.50113581994e-05, 8.07718388387e-05, 4.5714834414e-05, 5.12661172252e-05, 3.38770551025e-05, 0.000153749700985, 9.91988126771e-05, 2.81501852442e-05, 2.11336664506e-05, 3.37623314408e-05, 4.56783200207e-05],
        "mean": [0.0016036630841, 0.00142675300594, 0.000423475838033, 0.000547729956452, 0.000240600362304, 0.000341980805388, 0.000393615948269, 0.000230737525271, 0.000415253161918, 0.000569408352021, 0.000567853217945, 0.000339129881468, 0.000127249470097, 7.17804505257e-05, 7.31325999368e-05, 6.85334161972e-05, 0.000112761328637, 6.94871996529e-05, 2.94843375741e-05, 3.09566348733e-05, 1.59901737788e-05, 1.46674483403e-05, 1.32843078973e-05, 1.00021134131e-05, 5.2186751418e-06, 4.59890452476e-06, 5.2975374274e-06, 5.82334450883e-06, 5.10859626957e-06, 5.46960018255e-06, 5.08282846567e-06, 3.50612367583e-06, 3.49223091689e-06, 3.57159728992e-06, 4.16383591073e-06, 3.68683618035e-06, 2.0557249627e-06, 1.44132070545e-06, 1.79558333002e-06, 2.02658134185e-06],
        "min": [1.00591523999e-09, 1.37541211753e-09, 1.78326224898e-08, 4.01703488251e-08, 5.79381058685e-08, 3.56400676083e-07, 2.99509139268e-07, 3.34312147743e-07, 6.10219387909e-07, 4.8480580972e-07, 4.00078590701e-07, 6.34336288385e-07, 2.80063119362e-07, 3.09273190169e-07, 2.10306552617e-07, 4.46235588925e-07, 4.96445125009e-07, 3.00762081906e-07, 2.01434829705e-07, 2.32908789144e-07, 1.09115944724e-07, 1.0925171523e-07, 1.5932451447e-07, 1.29449603037e-07, 9.98228131266e-08, 5.17824609858e-08, 9.28644823261e-08, 7.58725562378e-08, 4.06506401873e-08, 1.33519924006e-08, 3.18813953015e-08, 1.97438811966e-08, 3.30271952009e-08, 2.29648176031e-08, 6.44474917877e-09, 1.82627025481e-12, 1.20119816871e-10, 8.90546317245e-11, 1.36671004375e-11, 8.22077128593e-12],
        "stdev": [0.00270270672627, 0.00312609318644, 0.000846417155117, 0.00144745910075, 0.000470633909572, 0.000768893107306, 0.000880462059285, 0.000513799255714, 0.00106478692032, 0.00163528963458, 0.00117252196651, 0.000836989784148, 0.000313420459861, 0.000160516283358, 0.000148435399751, 0.000133105990244, 0.000205990698305, 0.000145137863001, 6.35174001218e-05, 6.17538098595e-05, 3.51669405063e-05, 2.29953529924e-05, 1.73562948476e-05, 1.24122643683e-05, 6.72729674989e-06, 5.56220811632e-06, 6.2372218963e-06, 6.37506900603e-06, 5.85900716032e-06, 7.58817714086e-06, 7.7302711361e-06, 4.49485150966e-06, 4.66642086394e-06, 4.53799430034e-06, 1.2201953723e-05, 8.11349036667e-06, 3.29055114889e-06, 2.22973744712e-06, 3.35870231538e-06, 4.03429748985e-06]
    },
    "melbands128": {
        "max": [0.00799174886197, 0.0247098952532, 0.0295589473099, 0.0569724291563, 0.0396389961243, 0.0197865515947, 0.00925034563988, 0.00682326545939, 0.020289355889, 0.0273219719529, 0.0116282654926, 0.00537233240902, 0.00775285996497, 0.00851730629802, 0.00974468048662, 0.0163869317621, 0.0249987002462, 0.0112434560433, 0.0171166080981, 0.00862311385572, 0.0120822880417, 0.0136709604412, 0.0212873928249, 0.0197695977986, 0.036753538996, 0.0500955358148, 0.0159141458571, 0.0277972817421, 0.0153473131359, 0.0164066459984, 0.0101473163813, 0.00706448033452, 0.00540880579501, 0.00754297478124, 0.0036558159627, 0.00477043958381, 0.00658302661031, 0.00462496094406, 0.00473038991913, 0.00479076104239, 0.00257125706412, 0.00290038785897, 0.0047133252956, 0.00631208857521, 0.00314391520806, 0.00189501093701, 0.00067518488504, 0.00367779703811, 0.001077915309, 0.00101692532189, 0.00111613853369, 0.000941437960137, 0.00201246025972, 0.00115725968499, 0.000555595615879, 0.000321564206388, 0.000308249960653, 0.00023376547324, 0.000224694114877, 0.000234746810747, 0.000182105679414, 0.000115131944767, 0.000182136413059, 6.04017004662e-05, 5.04760682816e-05, 7.28682862245e-05, 6.42848899588e-05, 6.25300599495e-05, 0.000104192324216, 9.08785586944e-05, 7.40625036997e-05, 8.17736581666e-05, 7.51631450839e-05, 7.52112464397e-05, 5.79670377192e-05, 7.44173667044e-05, 0.0001005880913, 0.000118799507618, 9.47799780988e-05, 7.67917226767e-05, 6.28442066954e-05, 4.92819563078e-05, 7.61460760259e-05, 7.72219063947e-05, 5.60248372494e-05, 4.46363337687e-05, 3.36777702614e-05, 6.93266556482e-05, 0.000112807640107, 0.000390588422306, 0.000108979220386, 6.71626694384e-05, 6.25149477855e-05, 3.77035794372e-05, 2.95233094221e-05, 2.15381314774e-05, 2.54358656093e-05, 4.62982789031e-05, 2.72200049949e-05, 4.89492340421e-05, 9.88237661659e-05, 3.73973271053e-05, 3.31032642862e-05, 3.24187349179e-05, 4.09191743529e-05, 3.62617538485e-05, 3.82530197385e-05, 3.43618703482e-05, 9.52201153268e-05, 3.99337295676e-05, 1.83102838491e-05, 8.02153408586e-06, 5.6204212342e-06, 6.73098156767e-06, 6.79376262269e-06, 7.80404570833e-06, 4.28058410762e-06, 1.74064871317e-06, 1.3218851791e-06, 1.36361938985e-06, 3.65305623973e-07, 1.94560257682e-07, 1.70733159166e-07, 1.24860797257e-08, 1.01900221594e-08, 9.80346204216e-09, 9.59921742094e-09, 9.49446032905e-09],
        "mean": [0.000322276871884, 0.001082135248, 0.00230523315258, 0.00231625023298, 0.00149027397856, 0.000739500974305, 0.000345245469362, 0.000268847419647, 0.000593840784859, 0.000730721279979, 0.000409431697335, 0.000234615668887, 0.000198118708795, 0.000229481243878, 0.000295179779641, 0.000413810455939, 0.000507557822857, 0.000358667719411, 0.000319664308336, 0.000252280704444, 0.000157688860781, 0.000218652086915, 0.000516608473845, 0.000481257768115, 0.000705692160409, 0.00051769381389, 0.000426477519795, 0.000670096604154, 0.000630296010058, 0.000376128416974, 0.000277422543149, 0.000144836754771, 0.00014033872867, 9.73636197159e-05, 4.86216777063e-05, 6.93864931236e-05, 9.87699968391e-05, 6.97467257851e-05, 5.64179208595e-05, 8.15558378235e-05, 6.03996522841e-05, 6.60353907733e-05, 0.000110390727059, 0.000146765160025, 0.000114792586828, 4.65058546979e-05, 2.75090205832e-05, 2.86393988063e-05, 2.75595848507e-05, 3.85007588193e-05, 3.39638827427e-05, 2.2084255761e-05, 1.44196665133e-05, 1.48916042235e-05, 1.48910539792e-05, 1.58326201927e-05, 1.33063713292e-05, 1.19653886941e-05, 1.46784450408e-05, 1.32601771838e-05, 1.02165331555e-05, 7.30101874069e-06, 5.65987511436e-06, 4.45406385552e-06, 4.61910576632e-06, 4.59286684418e-06, 4.56406360172e-06, 4.87161742058e-06, 5.33502270628e-06, 6.18619424131e-06, 6.04265096626e-06, 5.5329692259e-06, 5.31781597601e-06, 5.24928555024e-06, 4.35155016021e-06, 5.50899540031e-06, 6.00106932325e-06, 5.65843947697e-06, 5.42401448911e-06, 3.84628037864e-06, 3.63079516319e-06, 3.27933003064e-06, 3.28754208567e-06, 3.44416457665e-06, 3.52479082721e-06, 4.35856054537e-06, 3.0666828934e-06, 3.21838820128e-06, 3.56901819032e-06, 6.29045234746e-06, 3.69408644474e-06, 3.18864158544e-06, 2.68782218882e-06, 2.1929849936e-06, 1.60320541909e-06, 1.29647878566e-06, 1.33676076075e-06, 1.7864693973e-06, 1.45334706758e-06, 1.8713544705e-06, 2.72615966423e-06, 1.76730827661e-06, 1.7621372308e-06, 1.52819757204e-06, 1.43741146985e-06, 1.28977706026e-06, 1.12927045848e-06, 9.14177235245e-07, 1.52340692239e-06, 8.49889715937e-07, 5.87331442148e-07, 3.13637713134e-07, 1.95052408003e-07, 2.04665681736e-07, 2.45597078674e-07, 2.10070226103e-07, 1.13664967216e-07, 2.14173354607e-08, 9.81749526119e-09, 1.28390995613e-08, 5.25166443666e-09, 2.297823265e-09, 7.562263038e-10, 3.2244741599e-11, 1.35258132819e-11, 1.29518973671e-11, 1.26125524955e-11, 1.24841890298e-11],
        "min": [1.07327216559e-10, 4.84700724002e-10, 5.09261521842e-10, 5.2191939659e-10, 7.22879367476e-10, 1.42059164432e-09, 1.99337613083e-09, 6.48591402808e-09, 9.37002919699e-09, 2.85647576703e-08, 1.2612931144e-08, 1.85271833431e-08, 3.32254002089e-09, 4.03466984267e-08, 4.65319551779e-08, 6.13076736045e-08, 1.06463723171e-07, 9.40873405852e-08, 1.26176360027e-07, 1.25641818727e-07, 1.29664186943e-07, 9.67344391256e-08, 1.31756664246e-07, 2.20056350031e-07, 1.57696291581e-07, 1.48949510503e-07, 1.27044302189e-07, 3.00029171285e-07, 1.46116377664e-07, 2.28132265079e-07, 1.81893767603e-07, 1.07841586328e-07, 5.39248397047e-08, 4.05530400371e-08, 7.92025787177e-08, 1.54011075892e-07, 1.15326926675e-07, 6.66047696996e-08, 1.4785194935e-07, 1.11341108777e-07, 2.14640003549e-08, 6.69337012482e-08, 2.86172593178e-07, 1.27957036966e-07, 1.46492112663e-07, 7.30465572474e-08, 3.43478347986e-08, 1.07822891948e-07, 3.3319530246e-08, 7.15666246265e-08, 9.36112201089e-08, 7.14345418373e-08, 6.1706715293e-09, 6.21077456131e-09, 3.1013378532e-08, 5.70639784314e-08, 3.36519043742e-08, 1.73917271695e-08, 3.82910165797e-08, 2.53136320794e-08, 3.24919291472e-08, 8.89821194505e-09, 3.34385177325e-08, 3.9593569312e-08, 6.43249897792e-09, 1.26077557283e-08, 1.47395864403e-08, 3.36642749232e-08, 3.70983705977e-08, 1.8166788962e-08, 3.96773423006e-08, 4.03304873942e-08, 9.29635568525e-09, 5.07785147263e-09, 8.75518857413e-09, 6.35007690875e-09, 1.49074654843e-08, 1.30086430516e-08, 2.02409422556e-09, 1.21324266189e-08, 8.31816659996e-09, 2.48470310993e-09, 9.20439813257e-09, 1.50281795896e-08, 7.44716821544e-09, 2.20737792489e-08, 2.00878176315e-08, 3.46265727202e-09, 1.0413483964e-10, 2.56099525267e-12, 1.32586812623e-12, 1.08137630794e-12, 1.61239337854e-12, 2.60579231803e-12, 2.79452784697e-12, 4.53554034607e-11, 8.81558506749e-11, 1.68757698787e-11, 1.34786400791e-11, 1.10940423514e-11, 5.23838264432e-12, 1.98123505449e-12, 1.56847484219e-12, 1.49567348524e-12, 6.60124786864e-13, 6.70254758812e-13, 7.67324138257e-13, 7.09921487915e-13, 7.21170790186e-13, 6.7145128433e-13, 7.17316885144e-13, 6.42053305053e-13, 7.1717545097e-13, 5.79560054462e-13, 4.95919657336e-13, 4.97050425992e-13, 4.00501490696e-13, 4.10989439096e-13, 2.51974033002e-13, 2.72600274602e-13, 3.13347926165e-13, 3.39791102156e-13, 3.20064477309e-13, 3.45618878569e-13, 2.19515093494e-13, 9.25725763949e-14, 1.30753062525e-14, 3.83786763813e-16],
        "stdev": [0.000859821797349, 0.00233970046975, 0.00406239135191, 0.0049683265388, 0.00405798386782, 0.00197275099345, 0.000827111653052, 0.00059851189144, 0.00182093575131, 0.00219871313311, 0.000965421320871, 0.00046305853175, 0.000518718035892, 0.000630847061984, 0.000919859914575, 0.00117375468835, 0.00148015248124, 0.00110272958409, 0.00113755487837, 0.000719639589079, 0.00052833056543, 0.000696121365763, 0.00172313139774, 0.00150879402645, 0.00251189782284, 0.00217641261406, 0.00122078624554, 0.00178059353493, 0.00192311150022, 0.00145956501365, 0.000928164867219, 0.000476127461297, 0.000466608355055, 0.00037649643491, 0.000176473782631, 0.000219857465709, 0.000284176494461, 0.000184968012036, 0.000220158079173, 0.00022984262614, 0.000171723106178, 0.000188935708138, 0.000276938837487, 0.000387019914342, 0.000338793295668, 0.000148171224282, 6.31066868664e-05, 0.000116124705528, 6.86249841237e-05, 8.96238707355e-05, 8.97887075553e-05, 5.5852564401e-05, 5.90695708524e-05, 3.84397753805e-05, 2.88754399662e-05, 2.86686627078e-05, 2.42917740252e-05, 1.93916221178e-05, 2.2970873033e-05, 2.18437144213e-05, 1.5638586774e-05, 1.12629413707e-05, 9.55927407631e-06, 6.3436932578e-06, 6.392240266e-06, 6.45785939923e-06, 6.44948886475e-06, 6.82285872244e-06, 7.49566697777e-06, 8.99868609849e-06, 7.72038401919e-06, 7.35089406589e-06, 7.08847801434e-06, 7.54324219088e-06, 6.19226602794e-06, 8.4904158939e-06, 1.00161259979e-05, 1.00269789982e-05, 9.26630855247e-06, 5.75074909648e-06, 5.38518406756e-06, 4.4732587412e-06, 4.94991854794e-06, 5.61389788345e-06, 5.13063378094e-06, 6.46107218927e-06, 4.03132025895e-06, 5.21604488313e-06, 8.14445957076e-06, 3.05315552396e-05, 7.66747598391e-06, 5.65376694794e-06, 4.80192147734e-06, 3.83278847949e-06, 2.6707057259e-06, 2.02087835532e-06, 2.24170844376e-06, 3.36717857863e-06, 2.57040755969e-06, 4.14720352637e-06, 7.1248337008e-06, 3.32469744535e-06, 3.22472828884e-06, 2.73546947938e-06, 2.90342586595e-06, 2.58774548456e-06, 2.35629886447e-06, 1.97151166503e-06, 5.70015936319e-06, 2.41756856667e-06, 1.26163456571e-06, 6.48921286484e-07, 4.42063367245e-07, 4.50863154811e-07, 5.53342260901e-07, 4.9473561603e-07, 3.63302774531e-07, 9.34095183425e-08, 5.33517763301e-08, 6.65402453137e-08, 2.5296680306e-08, 1.25900658787e-08, 7.14778547461e-09, 3.9360542603e-10, 2.89799739761e-10, 2.8145755171e-10, 2.76353412376e-10, 2.73648853577e-10]
    },
    "mfcc": {
        "mean": [-629.07043457, 98.9471740723, 1.94261515141, 3.88332939148, -4.34808349609, 8.94735622406, 0.350469350815, 3.57299757004, 5.35779190063, 4.51561975479, 3.652156353, -0.562527775764, -4.07968521118],
        "cov": [[2929.67700195, -121.880783081, 396.207824707, 225.669448853, 385.210784912, 119.422103882, -9.49509048462, 85.8928222656, 83.5418243408, 74.4305953979, -83.6967926025, 4.35686635971, -102.069801331], [-121.880783081, 687.528625488, -45.2137145996, -11.8858890533, -105.489715576, 27.927614212, 70.1622467041, 66.6325531006, 34.7514190674, 70.6792449951, 87.6989517212, 57.8105773926, 30.20246315], [396.207824707, -45.2137145996, 656.040588379, 392.160736084, 416.083831787, 102.458061218, 37.9418907166, 132.473709106, -5.55424070358, 68.2653808594, -13.8025255203, 103.346923828, 22.3661937714], [225.669448853, -11.8858890533, 392.160736084, 477.08291626, 403.401123047, 59.3979148865, -29.9390277863, 84.5409622192, 35.7745323181, 75.9645462036, -6.0625576973, 72.1572875977, 19.7637271881], [385.210784912, -105.489715576, 416.083831787, 403.401123047, 514.618896484, 86.174369812, -40.3299293518, 73.4001846313, 22.161529541, 66.6150283813, -21.7928295135, 68.6240386963, 9.8189573288], [119.422103882, 27.927614212, 102.458061218, 59.3979148865, 86.174369812, 162.308685303, 91.5555343628, 46.5470504761, 21.1552581787, 10.8510513306, 0.917104542255, -1.40746605396, -14.1201591492], [-9.49509048462, 70.1622467041, 37.9418907166, -29.9390277863, -40.3299293518, 91.5555343628, 207.240005493, 81.8146896362, 7.33576393127, 5.95485448837, 31.0008964539, 2.02445340157, -11.4623212814], [85.8928222656, 66.6325531006, 132.473709106, 84.5409622192, 73.4001846313, 46.5470504761, 81.8146896362, 140.471420288, 42.1299438477, 51.112159729, 19.5840473175, 29.9930381775, -5.30364131927], [83.5418243408, 34.7514190674, -5.55424070358, 35.7745323181, 22.161529541, 21.1552581787, 7.33576393127, 42.1299438477, 131.666702271, 61.1212158203, 20.8973617554, -2.37966537476, -3.8831820488], [74.4305953979, 70.6792449951, 68.2653808594, 75.9645462036, 66.6150283813, 10.8510513306, 5.95485448837, 51.112159729, 61.1212158203, 131.085678101, 56.2039451599, 49.6721305847, -5.24181127548], [-83.6967926025, 87.6989517212, -13.8025255203, -6.0625576973, -21.7928295135, 0.917104542255, 31.0008964539, 19.5840473175, 20.8973617554, 56.2039451599, 109.645645142, 50.0638656616, 17.4865036011], [4.35686635971, 57.8105773926, 103.346923828, 72.1572875977, 68.6240386963, -1.40746605396, 2.02445340157, 29.9930381775, -2.37966537476, 49.6721305847, 50.0638656616, 136.967575073, 65.4015426636], [-102.069801331, 30.20246315, 22.3661937714, 19.7637271881, 9.8189573288, -14.1201591492, -11.4623212814, -5.30364131927, -3.8831820488, -5.24181127548, 17.4865036011, 65.4015426636, 114.000976562]],
        "icov": [[0.000426277692895, -1.56284495461e-05, -0.000204632378882, 0.000287979695713, -0.00032596179517, -7.03994010109e-05, 3.18761085509e-05, 6.76939307596e-05, -0.000326276029227, -6.41447550151e-05, 0.000347965658875, -0.000173810884007, 0.000434013112681], [-1.56284495461e-05, 0.00189766532276, 0.000252273021033, -0.000665178522468, 0.00104175810702, -0.000645761261694, 0.000135532129207, -0.00083985819947, 0.000283443630906, -0.00062874640571, -0.00074441882316, -0.000301408785162, -0.000378230004571], [-0.000204632378882, 0.000252273021033, 0.00455554062501, -0.00177903240547, -0.00150826340541, -0.000650123693049, -0.000530974299181, -0.00214064167812, 0.00181198702194, -0.000373681687051, 0.000888889888301, -0.00143260275945, -0.000208920653677], [0.000287979695713, -0.000665178522468, -0.00177903240547, 0.00765121448785, -0.00485032284632, 0.000779975380283, 0.000538099673577, -0.000403633806854, -0.00121409713756, -0.000438873365056, 0.000279641652014, 0.00025395580451, -0.000243776434218], [-0.00032596179517, 0.00104175810702, -0.00150826340541, -0.00485032284632, 0.00828118622303, -0.00274602160789, 0.00217879889533, -0.000407734885812, 0.000576991064008, -0.000801257556304, 0.000170718267327, -0.000635708624031, 3.6985395127e-05], [-7.03994010109e-05, -0.000645761261694, -0.000650123693049, 0.000779975380283, -0.00274602160789, 0.0108144162223, -0.00552927935496, 0.00165344576817, -0.00195437157527, 0.000802535563707, 0.000590808631387, 0.000696634466294, 0.000677399104461], [3.18761085509e-05, 0.000135532129207, -0.000530974299181, 0.000538099673577, 0.00217879889533, -0.00552927935496, 0.010529669933, -0.00601249979809, 0.00142916117329, 0.00143720710184, -0.0028223535046, 0.000534609658644, 0.000150978929014], [6.76939307596e-05, -0.00083985819947, -0.00214064167812, -0.000403633806854, -0.000407734885812, 0.00165344576817, -0.00601249979809, 0.0148850930855, -0.00368251372129, -0.0020847003907, 0.00151859223843, -0.00129609159194, 0.00139027833939], [-0.000326276029227, 0.000283443630906, 0.00181198702194, -0.00121409713756, 0.000576991064008, -0.00195437157527, 0.00142916117329, -0.00368251372129, 0.01221678406, -0.00586993526667, -0.000362848368241, 0.0033242162317, -0.00253681628965], [-6.41447550151e-05, -0.00062874640571, -0.000373681687051, -0.000438873365056, -0.000801257556304, 0.000802535563707, 0.00143720710184, -0.0020847003907, -0.00586993526667, 0.0167265832424, -0.00591895449907, -0.00455995090306, 0.0045675393194], [0.000347965658875, -0.00074441882316, 0.000888889888301, 0.000279641652014, 0.000170718267327, 0.000590808631387, -0.0028223535046, 0.00151859223843, -0.000362848368241, -0.00591895449907, 0.0158395599574, -0.00454674800858, 2.554699131e-05], [-0.000173810884007, -0.000301408785162, -0.00143260275945, 0.00025395580451, -0.000635708624031, 0.000696634466294, 0.000534609658644, -0.00129609159194, 0.0033242162317, -0.00455995090306, -0.00454674800858, 0.0164278261364, -0.00852777436376], [0.000434013112681, -0.000378230004571, -0.000208920653677, -0.000243776434218, 3.6985395127e-05, 0.000677399104461, 0.000150978929014, 0.00139027833939, -0.00253681628965, 0.0045675393194, 2.554699131e-05, -0.00852777436376, 0.014516488649]]
    },
    "spectral_contrast_coeffs": {
        "max": [-0.380004137754, -0.406095594168, -0.440691381693, -0.581997692585, -0.685841321945, -0.582552492619],
        "mean": [-0.728196024895, -0.715128183365, -0.729142665863, -0.78082638979, -0.807929933071, -0.766147017479],
        "min": [-0.903759241104, -0.916279554367, -0.930248856544, -0.898699581623, -0.886022686958, -0.862617850304],
        "stdev": [0.0769750401378, 0.0952606797218, 0.0935425683856, 0.0581012368202, 0.0281704869121, 0.0368851236999]
    },
    "spectral_contrast_valleys": {
        "max": [-4.99332427979, -4.58165693283, -5.45169591904, -5.627825737, -5.98885726929, -7.7385764122],
        "mean": [-7.08352279663, -6.87256383896, -7.24713611603, -7.43142318726, -7.46252584457, -9.71949863434],
        "min": [-11.5193271637, -8.5597410202, -9.04242801666, -9.14438819885, -9.40409469604, -14.0376768112],
        "stdev": [1.0792658329, 0.571249365807, 0.581301033497, 0.559983849525, 0.59821498394, 0.890687465668]
    }
},
"rhythm": {
    "beats_count": 128,
    "beats_loudness": {
        "max": 0.144364908338,
        "mean": 0.0468056946993,
        "min": 0.000683090474922,
        "stdev": 0.0231728367507
    },
    "bpm": 172.265609741,
    "bpm_histogram_first_peak_bpm": 172,
    "bpm_histogram_first_peak_weight": 0,
    "bpm_histogram_second_peak_bpm": 167,
    "bpm_histogram_second_peak_spread": 0,
    "bpm_histogram_second_peak_weight": 0.21259842813,
    "danceability": 1.28365623951,
    "onset_rate": 4.81583786011,
    "beats_loudness_band_ratio": {
        "max": [0.945959866047, 0.612617433071, 0.772076547146, 0.962528765202, 0.305335372686, 0.633952379227],
        "mean": [0.416750460863, 0.119856238365, 0.196427598596, 0.17560325563, 0.0821828469634, 0.0852446258068],
        "min": [6.07027050137e-06, 0.000827689073049, 0.00465556001291, 0.00423186272383, 0.00235171499662, 0.00337730324827],
        "stdev": [0.269463688135, 0.113472022116, 0.18137063086, 0.20023073256, 0.0738765597343, 0.0961672440171]
    },
