{
"metadata": {
    "version": {
        "essentia": "2.1-beta5",
        "essentia_git_sha": "Undefined",
        "extractor": "music 2.0"
    },
    "audio_properties": {
        "analysis": {
            "equal_loudness": 0,
            "length": 50.596282959,
            "sample_rate": 44100,
            "start_time": 142.744674683,
            "downmix": "mix"
        },
        "bit_rate": 192000,
        "length": 193.364181519,
        "lossless": 0,
        "number_channels": 2,
        "replay_gain": -1.28580665588,
        "sample_rate": 48000,
        "codec": "mp3",
        "md5_encoded": "931bca10045d1ff108454447125a9c2c"
    },
    "tags": {
        "file_name": "Lithuania_Rain Of Revolution_Fusedmarc.mp3",
        "encoding": ["Lavf58.29.100"]
    }
},
"lowlevel": {
    "average_loudness": 0.894563853741,
    "barkbands_crest": {
        "max": 24.4790096283,
        "mean": 10.6228103638,
        "min": 2.52373218536,
        "stdev": 4.79106378555
    },
    "barkbands_flatness_db": {
        "max": 0.335403770208,
        "mean": 0.118698231876,
        "min": 0.0217045582831,
        "stdev": 0.0554237999022
    },
    "barkbands_kurtosis": {
        "max": 36.8494224548,
        "mean": 1.92975401878,
        "min": -1.71450352669,
        "stdev": 3.71894717216
    },
    "barkbands_skewness": {
        "max": 5.98668718338,
        "mean": 0.957620084286,
        "min": -1.51389026642,
        "stdev": 0.960489213467
    },
    "barkbands_spread": {
        "max": 87.638343811,
        "mean": 26.4823074341,
        "min": 2.19592523575,
        "stdev": 14.9622402191
    },
    "dissonance": {
        "max": 0.500000059605,
        "mean": 0.471397072077,
        "min": 0.33926281333,
        "stdev": 0.0273572020233
    },
    "dynamic_complexity": 3.11361122131,
    "erbbands_crest": {
        "max": 32.0460014343,
        "mean": 10.6784830093,
        "min": 2.30594182014,
        "stdev": 5.99936819077
    },
    "erbbands_flatness_db": {
        "max": 0.409214228392,
        "mean": 0.166324317455,
        "min": 0.0554721355438,
        "stdev": 0.0703539922833
    },
    "erbbands_kurtosis": {
        "max": 48.3402175903,
        "mean": 1.85235714912,
        "min": -1.53798890114,
        "stdev": 3.88306832314
    },
    "erbbands_skewness": {
        "max": 5.86304140091,
        "mean": 0.563076138496,
        "min": -1.61060273647,
        "stdev": 0.947963178158
    },
    "erbbands_spread": {
        "max": 115.349182129,
        "mean": 30.4307556152,
        "min": 3.29145693779,
        "stdev": 19.0375823975
    },
    "hfc": {
        "max": 117.103919983,
        "mean": 29.5482158661,
        "min": 1.02159667015,
        "stdev": 20.3516082764
    },
    "loudness_ebu128": {
        "integrated": -21.2874183655,
        "loudness_range": 3.3436794281,
        "momentary": {
            "max": -17.7262172699,
            "mean": -21.9077510834,
            "min": -33.080696106,
            "stdev": 2.47254371643
        },
        "short_term": {
            "max": -18.9817657471,
            "mean": -21.4702568054,
            "min": -25.850976944,
            "stdev": 1.2917740345
        }
    },
    "melbands_crest": {
        "max": 32.5082321167,
        "mean": 14.4384813309,
        "min": 3.22207093239,
        "stdev": 5.98405504227
    },
    "melbands_flatness_db": {
        "max": 0.336939156055,
        "mean": 0.160005196929,
        "min": 0.0328548103571,
        "stdev": 0.0552232898772
    },
    "melbands_kurtosis": {
        "max": 192.539794922,
        "mean": 8.19089794159,
        "min": -1.73062741756,
        "stdev": 15.7071781158
    },
    "melbands_skewness": {
        "max": 12.1653671265,
        "mean": 1.81679153442,
        "min": -1.45736134052,
        "stdev": 1.7306830883
    },
    "melbands_spread": {
        "max": 161.923400879,
        "mean": 30.9162731171,
        "min": 3.08001375198,
        "stdev": 18.2062644958
    },
    "pitch_salience": {
        "max": 0.878835678101,
        "mean": 0.540098071098,
        "min": 0.137398019433,
        "stdev": 0.131272166967
    },
    "silence_rate_20dB": {
        "max": 1,
        "mean": 1,
        "min": 1,
        "stdev": 0
    },
    "silence_rate_30dB": {
        "max": 1,
        "mean": 0.998623847961,
        "min": 0,
        "stdev": 0.0370710939169
    },
    "silence_rate_60dB": {
        "max": 1,
        "mean": 0.0545871555805,
        "min": 0,
        "stdev": 0.227174431086
    },
    "spectral_centroid": {
        "max": 3805.71557617,
        "mean": 1800.875,
        "min": 539.751098633,
        "stdev": 557.498535156
    },
    "spectral_complexity": {
        "max": 50,
        "mean": 20.3178901672,
        "min": 3,
        "stdev": 8.53472423553
    },
    "spectral_decrease": {
        "max": -1.65718619383e-10,
        "mean": -6.90746837506e-09,
        "min": -2.88631110124e-08,
        "stdev": 5.08941333521e-09
    },
    "spectral_energy": {
        "max": 0.11625033617,
        "mean": 0.0287504829466,
        "min": 0.000759874703363,
        "stdev": 0.0205125808716
    },
    "spectral_energyband_high": {
        "max": 0.00941783748567,
        "mean": 0.00110771483742,
        "min": 4.94787309435e-06,
        "stdev": 0.00106300937477
    },
    "spectral_energyband_low": {
        "max": 0.0787375196815,
        "mean": 0.00886328238994,
        "min": 1.88355755881e-07,
        "stdev": 0.0112692946568
    },
    "spectral_energyband_middle_high": {
        "max": 0.0626236051321,
        "mean": 0.0113954953849,
        "min": 0.000257946725469,
        "stdev": 0.0112886736169
    },
    "spectral_energyband_middle_low": {
        "max": 0.0805710628629,
        "mean": 0.00796957220882,
        "min": 0.00019050121773,
        "stdev": 0.0113844247535
    },
    "spectral_entropy": {
        "max": 8.63860034943,
        "mean": 7.79918003082,
        "min": 6.55949449539,
        "stdev": 0.368560224771
    },
    "spectral_flux": {
        "max": 0.263933479786,
        "mean": 0.0974762886763,
        "min": 0.0154664972797,
        "stdev": 0.0460101589561
    },
    "spectral_kurtosis": {
        "max": 36.7552642822,
        "mean": 3.80057072639,
        "min": -0.168375015259,
        "stdev": 2.411008358
    },
    "spectral_rms": {
        "max": 0.0106496466324,
        "mean": 0.00491853291169,
        "min": 0.000861011736561,
        "stdev": 0.00196400517598
    },
    "spectral_rolloff": {
        "max": 10809.6679688,
        "mean": 1926.70800781,
        "min": 64.599609375,
        "stdev": 1317.01074219
    },
    "spectral_skewness": {
        "max": 4.07304477692,
        "mean": 1.53142523766,
        "min": 0.552610814571,
        "stdev": 0.366608202457
    },
    "spectral_spread": {
        "max": 10080970,
        "mean": 5141172.5,
        "min": 1639409.5,
        "stdev": 1397979.375
    },
    "spectral_strongpeak": {
        "max": 14.0138273239,
        "mean": 1.69293785095,
        "min": 0,
        "stdev": 2.11232328415
    },
    "zerocrossingrate": {
        "max": 0.2724609375,
        "mean": 0.0812499970198,
        "min": 0.01708984375,
        "stdev": 0.0328701622784
    },
    "barkbands": {
        "max": [0.01541124098, 0.075620867312, 0.0389705002308, 0.0154693080112, 0.0141049334779, 0.0129048917443, 0.0587024018168, 0.0738271474838, 0.0491663329303, 0.0414833165705, 0.0450504571199, 0.0363318473101, 0.0386156700552, 0.0385832414031, 0.0271689556539, 0.0270545259118, 0.0129363965243, 0.00569002842531, 0.00816528405994, 0.00417968537658, 0.00235102558509, 0.00371965696104, 0.0024945854675, 0.00179177278187, 0.00166171381716, 0.00144036009442, 0.000223585826461],
        "mean": [0.000587235961575, 0.00711712054908, 0.000932257098611, 0.000610995688476, 0.000843629706651, 0.00043927837396, 0.00132477330044, 0.00258090510033, 0.0015623254003, 0.00216086255386, 0.00171364436392, 0.00212967046537, 0.000802440452389, 0.00150260119699, 0.00113518815488, 0.000839287415147, 0.000393275055103, 0.000354536023224, 0.000468126352644, 0.000288984301733, 0.000212778075365, 0.000167157151736, 0.000193487023353, 0.000171570471139, 0.000152434819029, 6.36502736597e-05, 2.27145233112e-06],
        "min": [2.33915997683e-09, 3.20745243698e-08, 1.51986032648e-08, 8.07474407338e-08, 4.30128949347e-07, 1.59307001013e-06, 2.71861881629e-06, 4.61909803562e-06, 6.32920273347e-06, 4.3309692046e-06, 4.52997801403e-06, 5.33067986908e-06, 3.43657461599e-06, 4.38131519331e-06, 3.21041989082e-06, 7.38705966796e-06, 2.31238868764e-06, 2.71729777523e-06, 3.18920342579e-06, 3.03360320686e-06, 6.87214082973e-07, 3.57771881454e-07, 5.38202812095e-07, 8.63021298869e-09, 1.46502934784e-10, 1.0479661583e-10, 1.22639301492e-10],
        "stdev": [0.00138436828274, 0.0100542241707, 0.00212239474058, 0.00150828296319, 0.00139432842843, 0.000904675282072, 0.0041278921999, 0.00802369602025, 0.00393196288496, 0.00431718956679, 0.004011570476, 0.00419857539237, 0.00207160785794, 0.00368273817003, 0.00300807598978, 0.00206206715666, 0.000768352940213, 0.00049797759857, 0.000611579045653, 0.000353026844095, 0.00022856995929, 0.000213706429349, 0.00021746866696, 0.000185980432434, 0.000164003868122, 9.11586903385e-05, 7.94134302851e-06]
    },
    "erbbands": {
        "max": [2.92462682724, 15.0224094391, 38.0395469666, 44.7969818115, 49.4223861694, 79.5997695923, 130.075057983, 91.9548110962, 327.34185791, 1710.57836914, 2002.55554199, 815.812011719, 1217.6776123, 1307.38635254, 1562.01135254, 1296.67016602, 1194.99450684, 1848.33056641, 1857.7199707, 1450.82507324, 1045.12634277, 443.445587158, 307.636535645, 567.914550781, 156.936981201, 234.417938232, 85.0348510742, 110.206199646, 97.0080490112, 103.19152832, 101.193115234, 51.9839172363, 27.9020385742, 21.7141838074, 11.9023065567, 5.21476650238, 3.16492676735, 0.812085032463, 0.0197913311422, 0.000996999209747],
        "mean": [0.228797003627, 1.47913408279, 1.46237158775, 1.651227355, 1.79984498024, 3.08965659142, 4.52140903473, 3.46906113625, 9.88356018066, 42.950302124, 54.1554985046, 34.720500946, 61.6571960449, 59.471950531, 81.9197387695, 79.0522460938, 39.9025840759, 63.5467605591, 73.481803894, 57.8411941528, 37.1863861084, 23.0069713593, 18.4965896606, 25.0605926514, 19.3542766571, 13.9238023758, 10.6820049286, 6.78850841522, 5.73395490646, 5.61956596375, 5.90055370331, 3.95871067047, 2.70625066757, 2.02171874046, 0.885830163956, 0.332085222006, 0.108190156519, 0.0154689680785, 0.000407505285693, 5.03352821397e-05],
        "min": [9.81215976026e-07, 1.07607220343e-05, 6.30170907243e-05, 0.000277553190244, 0.00174176075961, 0.00316974916495, 0.00838681682944, 0.0331761240959, 0.0542407594621, 0.0974699780345, 0.165700212121, 0.165143281221, 0.374648600817, 0.172593027353, 0.38905325532, 0.342041313648, 0.376081287861, 0.229045882821, 0.351408243179, 0.199588596821, 0.465906560421, 0.354255199432, 0.211846411228, 0.137753099203, 0.1536552459, 0.135060936213, 0.0612220875919, 0.0229302234948, 0.0149527629837, 0.0256503112614, 0.0111406715587, 0.00130512274336, 0.000261635228526, 2.04134375963e-05, 4.82339510199e-06, 2.2568174245e-06, 1.28728652271e-06, 3.96779824996e-07, 1.28690362544e-06, 1.80109168468e-06],
        "stdev": [0.343413621187, 2.16541624069, 2.4931807518, 3.77706456184, 3.69668960571, 6.01691246033, 10.0183897018, 6.99784755707, 22.0303630829, 137.72718811, 174.928787231, 79.0495605469, 117.719642639, 116.816490173, 165.070281982, 146.920425415, 78.6664199829, 156.046813965, 177.219116211, 136.130661011, 79.5884246826, 37.8988685608, 22.6468658447, 36.7856330872, 21.3247833252, 16.9972743988, 10.5905313492, 8.15951919556, 7.19224786758, 6.92739725113, 6.97382497787, 4.28280496597, 3.03946638107, 2.18456912041, 1.04430043697, 0.425317436457, 0.175012096763, 0.0333367288113, 0.000921896658838, 4.22734519816e-05]
    },
    "gfcc": {
        "mean": [19.1970672607, 51.7415618896, -135.372558594, 20.2710571289, -61.6684646606, 28.7866706848, -33.563949585, 19.753993988, -25.4813537598, 6.12287139893, -14.3410625458, 0.953704893589, -12.1395721436],
        "cov": [[2971.4074707, -108.302742004, 1342.78442383, 795.661499023, 497.804199219, 352.99029541, 117.126487732, 280.570678711, -11.5156040192, 417.83404541, 103.227966309, 281.772033691, -106.783615112], [-108.302742004, 639.498779297, 29.7596359253, -27.0905189514, -23.1531429291, -46.039691925, 111.066520691, -13.3362321854, 100.329734802, -24.8316078186, 96.0448532104, -40.2189750671, 19.9984664917], [1342.78442383, 29.7596359253, 2045.9744873, 955.857177734, 367.051605225, 215.145172119, 44.6722602844, 192.635314941, -49.4476547241, 427.486755371, -23.6072998047, 347.504852295, -162.235977173], [795.661499023, -27.0905189514, 955.857177734, 698.918640137, 312.927581787, 169.729034424, 23.4508533478, 117.929168701, -2.66452217102, 200.433959961, 7.53632259369, 174.363952637, -24.8263034821], [497.804199219, -23.1531429291, 367.051605225, 312.927581787, 357.333831787, 178.708938599, -2.07397055626, 53.3250236511, -23.9269771576, 83.567276001, 17.3793392181, 77.0037765503, 4.05388593674], [352.99029541, -46.039691925, 215.145172119, 169.729034424, 178.708938599, 229.047561646, 94.0135269165, 59.1864814758, -3.17912364006, 71.3670654297, 25.9808006287, 40.7046127319, 9.67323875427], [117.126487732, 111.066520691, 44.6722602844, 23.4508533478, -2.07397055626, 94.0135269165, 238.313598633, 65.3218078613, 72.1159667969, 29.3555259705, 43.3859291077, -0.5230692029, -2.24097919464], [280.570678711, -13.3362321854, 192.635314941, 117.929168701, 53.3250236511, 59.1864814758, 65.3218078613, 161.11819458, 57.6834754944, 66.1084671021, -0.204438015819, 44.495349884, 10.0106287003], [-11.5156040192, 100.329734802, -49.4476547241, -2.66452217102, -23.9269771576, -3.17912364006, 72.1159667969, 57.6834754944, 140.358032227, 31.9977302551, 26.2107982635, -17.77186203, 17.5230484009], [417.83404541, -24.8316078186, 427.486755371, 200.433959961, 83.567276001, 71.3670654297, 29.3555259705, 66.1084671021, 31.9977302551, 213.487091064, 46.9098510742, 85.8961181641, -52.4306373596], [103.227966309, 96.0448532104, -23.6072998047, 7.53632259369, 17.3793392181, 25.9808006287, 43.3859291077, -0.204438015819, 26.2107982635, 46.9098510742, 116.71257019, 10.4610805511, 3.85452127457], [281.772033691, -40.2189750671, 347.504852295, 174.363952637, 77.0037765503, 40.7046127319, -0.5230692029, 44.495349884, -17.77186203, 85.8961181641, 10.4610805511, 135.229370117, 7.77322053909], [-106.783615112, 19.9984664917, -162.235977173, -24.8263034821, 4.05388593674, 9.67323875427, -2.24097919464, 10.0106287003, 17.5230484009, -52.4306373596, 3.85452127457, 7.77322053909, 117.111816406]],
        "icov": [[0.000657057797071, 5.45474104001e-05, -6.66697960696e-05, -0.000173034175532, -0.000339900201652, -0.000168044382008, -3.69526678696e-05, -0.000677079893649, 0.000315065786708, -0.000352023402229, -0.000450097955763, -0.000212970597204, 0.000367780070519], [5.45474104001e-05, 0.00310805509798, -0.00165897980332, 0.00111228169408, -0.00111608649604, 0.00185353553388, -0.00133503775578, 0.000950309273321, -0.00197875127196, 0.00193771370687, -0.00324395112693, 0.00225404370576, -0.00164391705766], [-6.66697960696e-05, -0.00165897980332, 0.00366961653344, -0.00321781053208, 0.00107348361053, -0.000903510372154, 0.000205125659704, -0.000718832947314, 0.00184548844118, -0.00282760150731, 0.00332116172649, -0.00414836406708, 0.00335074774921], [-0.000173034175532, 0.00111228169408, -0.00321781053208, 0.00645203981549, -0.0030460820999, 0.000802260241471, -0.000227274489589, 0.000291002477752, -0.00177509407513, 0.00110729737207, -0.00155014905613, 0.0013763733441, -0.00270666368306], [-0.000339900201652, -0.00111608649604, 0.00107348361053, -0.0030460820999, 0.00787865370512, -0.00573861133307, 0.00294516701251, -0.000241700123297, 0.000334671989549, 0.000524587929249, 0.000450157851446, -0.00151988433208, 0.00127117522061], [-0.000168044382008, 0.00185353553388, -0.000903510372154, 0.000802260241471, -0.00573861133307, 0.0125159565359, -0.00591099169105, -0.000175034932909, 0.00240865815431, -0.00196455838159, -0.0012915127445, 0.00361364567652, -0.0039218836464], [-3.69526678696e-05, -0.00133503775578, 0.000205125659704, -0.000227274489589, 0.00294516701251, -0.00591099169105, 0.00859201326966, -0.00187622290105, -0.00294967694208, 0.00182710436638, -0.00116209650878, -0.00140525144525, 0.00253220507875], [-0.000677079893649, 0.000950309273321, -0.000718832947314, 0.000291002477752, -0.000241700123297, -0.000175034932909, -0.00187622290105, 0.0112083842978, -0.00474709272385, -0.000369949353626, 0.00179712532554, -0.000743774755392, -0.00215003965423], [0.000315065786708, -0.00197875127196, 0.00184548844118, -0.00177509407513, 0.000334671989549, 0.00240865815431, -0.00294967694208, -0.00474709272385, 0.0144807351753, -0.00599311338738, 0.00132781744469, 0.00266564893536, -0.00212618801743], [-0.000352023402229, 0.00193771370687, -0.00282760150731, 0.00110729737207, 0.000524587929249, -0.00196455838159, 0.00182710436638, -0.000369949353626, -0.00599311338738, 0.0147600164637, -0.0067528844811, -0.00228678900748, 0.00375525094569], [-0.000450097955763, -0.00324395112693, 0.00332116172649, -0.00155014905613, 0.000450157851446, -0.0012915127445, -0.00116209650878, 0.00179712532554, 0.00132781744469, -0.0067528844811, 0.015794750303, -0.00383260915987, 0.000843613350298], [-0.000212970597204, 0.00225404370576, -0.00414836406708, 0.0013763733441, -0.00151988433208, 0.00361364567652, -0.00140525144525, -0.000743774755392, 0.00266564893536, -0.00228678900748, -0.00383260915987, 0.0200206991285, -0.00886862725019], [0.000367780070519, -0.00164391705766, 0.00335074774921, -0.00270666368306, 0.00127117522061, -0.0039218836464, 0.00253220507875, -0.00215003965423, -0.00212618801743, 0.00375525094569, 0.000843613350298, -0.00886862725019, 0.0162953641266]]
    },
    "melbands": {
        "max": [0.0237360987812, 0.0169137343764, 0.0072291251272, 0.00285106361844, 0.00410516746342, 0.00226734345779, 0.00582069437951, 0.0159864537418, 0.0160327348858, 0.00582662504166, 0.00622697919607, 0.00543412286788, 0.00706385402009, 0.00547030055895, 0.00324127357453, 0.00468914024532, 0.00402410980314, 0.00374015420675, 0.00230322452262, 0.0028890366666, 0.00141123041976, 0.000613666605204, 0.000282115972368, 0.000441821670393, 0.00058574648574, 0.0001930292201, 0.000158103750437, 0.000209088917472, 5.73633624299e-05, 7.37971495255e-05, 7.19150630175e-05, 5.22581467521e-05, 8.02328722784e-05, 3.96239520342e-05, 6.15831595496e-05, 4.441913552e-05, 2.84776670014e-05, 2.27598502534e-05, 1.77770762093e-05, 1.88446629181e-05],
        "mean": [0.00208068010397, 0.00115719577298, 0.000288698647637, 0.000160674113431, 0.000164672950632, 8.28165357234e-05, 0.000174480475835, 0.000497222470585, 0.000419448042521, 0.000207583216252, 0.000317977013765, 0.000245948758675, 0.000260454515228, 0.000260250788415, 0.000136661037686, 7.64674769016e-05, 0.000123465521028, 0.000126621685922, 8.40996872284e-05, 7.12936453056e-05, 3.58786128345e-05, 2.47818334174e-05, 1.57071299327e-05, 1.78436075657e-05, 2.07783305086e-05, 1.70632793015e-05, 1.07638334157e-05, 8.80131938175e-06, 7.36244328436e-06, 4.62266007162e-06, 3.65071264241e-06, 3.16612408824e-06, 3.3249682474e-06, 2.96078633255e-06, 3.44824206877e-06, 2.969829211e-06, 2.21464529204e-06, 1.84188729691e-06, 1.92924539988e-06, 1.62211313182e-06],
        "min": [1.13381499744e-08, 3.68788555249e-08, 1.24472336438e-07, 9.87238237826e-08, 2.20567116571e-07, 3.89221781916e-07, 7.08966354068e-07, 9.06635477804e-07, 7.81508049386e-07, 7.85480608556e-07, 1.12941552288e-06, 6.45397847165e-07, 1.23642587369e-06, 7.0009053843e-07, 4.53851043858e-07, 2.95050853083e-07, 3.78024708425e-07, 4.8775916639e-07, 2.55093283386e-07, 3.32675455184e-07, 4.22782136411e-07, 2.16366046857e-07, 1.21693858546e-07, 1.27883623691e-07, 8.45680432349e-08, 1.02028131721e-07, 7.6841914165e-08, 6.8991866442e-08, 3.28269607053e-08, 6.62608368174e-09, 6.86699008767e-09, 5.12052666934e-09, 1.4346509758e-08, 1.33230537713e-08, 7.23324600216e-09, 1.25752352975e-10, 8.86890977325e-11, 6.55365622881e-11, 4.78028857817e-12, 1.38017158466e-12],
        "stdev": [0.00296896486543, 0.00161520857364, 0.00062713411171, 0.000263000518316, 0.000330234499415, 0.000166497513419, 0.000430984044215, 0.00152847613208, 0.00134372373577, 0.000492187391501, 0.000613307231106, 0.000506283307914, 0.000585823145229, 0.000559397565667, 0.000262882153038, 0.00021843003924, 0.000326391396811, 0.000341940758517, 0.000239725282881, 0.000191254090169, 8.70303847478e-05, 4.74787957501e-05, 2.20245601668e-05, 2.92028198601e-05, 3.41999657394e-05, 2.19392986764e-05, 1.33995463329e-05, 1.2151055671e-05, 7.55785322326e-06, 5.54943471798e-06, 4.63387095806e-06, 3.97180792788e-06, 4.6282511903e-06, 3.61419120054e-06, 4.23637720814e-06, 3.35128947881e-06, 2.48997071139e-06, 2.18612763092e-06, 2.2137378437e-06, 1.80774463843e-06]
    },
    "melbands128": {
        "max": [0.0118038086221, 0.0233182385564, 0.0365363694727, 0.0314339436591, 0.0210976079106, 0.0173947364092, 0.010437333025, 0.00858995784074, 0.00589770078659, 0.00344810355455, 0.00605474924669, 0.00574690382928, 0.00663887802511, 0.00542591046542, 0.00221800524741, 0.00442534778267, 0.00877812318504, 0.00667082006112, 0.0180642977357, 0.0333606079221, 0.0257330425084, 0.0295348465443, 0.0297517161816, 0.0206450782716, 0.00741466786712, 0.0123703340068, 0.00990140065551, 0.0101707531139, 0.0131180454046, 0.0107910921797, 0.00856043305248, 0.0100155249238, 0.0141341527924, 0.0105465743691, 0.00956043694168, 0.00988259818405, 0.00774506572634, 0.00663832901046, 0.00358027173206, 0.00505975913256, 0.0107663748786, 0.00669740792364, 0.00733493920416, 0.0103244287893, 0.0079158237204, 0.00786898471415, 0.00509998109192, 0.00520084565505, 0.00514524243772, 0.00395996449515, 0.00658204872161, 0.0046413987875, 0.00252244458534, 0.00213885284029, 0.00161087349989, 0.00138765212614, 0.00104924873449, 0.000593473843765, 0.000546320690773, 0.000271958124358, 0.000921999802813, 0.000817723397631, 0.000746711099055, 0.00133761251345, 0.000625513552222, 0.000304094020976, 0.000262752204435, 0.00020050148305, 0.000360234145774, 0.000236124949879, 0.000259647844359, 0.000316260877298, 0.000135328416945, 8.16158280941e-05, 0.000139798139571, 0.000102726684418, 9.52388581936e-05, 0.00011068956519, 0.000117875453725, 9.52627160586e-05, 8.45398608362e-05, 6.81092060404e-05, 0.000114893911814, 9.34444033192e-05, 0.0001203406282, 5.07089243911e-05, 3.7719590182e-05, 4.51552514278e-05, 6.57810305711e-05, 0.000116525872727, 5.72858007217e-05, 4.04915772378e-05, 3.30696020683e-05, 3.68886503566e-05, 3.13789969368e-05, 2.66607639787e-05, 4.24438076152e-05, 3.01777072309e-05, 3.42310704582e-05, 2.02562205232e-05, 3.05944486172e-05, 2.14969059016e-05, 2.42879887082e-05, 1.83003157872e-05, 1.68636997842e-05, 1.42576982398e-05, 1.40731999636e-05, 1.17212939585e-05, 8.772093679e-06, 9.37062213779e-06, 1.23988693304e-05, 1.35127274916e-05, 1.20950153359e-05, 1.19704936878e-05, 6.34395428278e-06, 1.10432720248e-05, 8.30395401863e-06, 1.67480652635e-06, 3.15942685347e-07, 3.04716820665e-07, 4.92680499065e-07, 5.65851564716e-07, 6.50135859814e-07, 4.37992753177e-08, 3.29904936702e-10, 3.40939138033e-10, 3.47570389136e-10, 3.51731449522e-10],
        "mean": [0.000479780137539, 0.00172564317472, 0.00304841669276, 0.00225472869352, 0.000956013216637, 0.000417307513999, 0.000337648321874, 0.000288957235171, 0.000160289084306, 0.000120809359942, 0.000179222901352, 0.000214587969822, 0.000169627484865, 9.66331499512e-05, 6.05126988376e-05, 7.35744033591e-05, 0.000133907436975, 0.00012610948761, 0.000277410261333, 0.000599186809268, 0.000515052466653, 0.000489339581691, 0.000465456279926, 0.000282864202745, 0.000182115589269, 0.000179988317541, 0.000240426321398, 0.000331274379278, 0.000414712849306, 0.000257001520367, 0.000169403894688, 0.000238291089772, 0.00029203723534, 0.000241610905505, 0.000298241444398, 0.00027743782266, 0.00017538460088, 0.000161103540449, 8.84437249624e-05, 5.98322549195e-05, 7.1620575909e-05, 0.000100025892607, 0.000127232808154, 0.000127427862026, 0.000150070671225, 0.000137439812534, 8.09156772448e-05, 9.23235711525e-05, 8.16550673335e-05, 6.89534499543e-05, 8.34420425235e-05, 5.65796581213e-05, 3.88387416024e-05, 2.78872557828e-05, 2.45338615059e-05, 2.76052996924e-05, 2.24103296205e-05, 1.49507686729e-05, 1.39404528454e-05, 1.517021974e-05, 1.89717993635e-05, 1.84193359019e-05, 1.96550645342e-05, 2.11019487324e-05, 2.39752207563e-05, 1.75723853317e-05, 1.26186059788e-05, 1.15488819574e-05, 1.04307246147e-05, 9.81898301688e-06, 8.56907809066e-06, 8.90707542567e-06, 7.38214112062e-06, 7.76705383032e-06, 6.35909509583e-06, 4.15710519519e-06, 4.35085166828e-06, 4.09827453041e-06, 3.43994770446e-06, 3.20556659972e-06, 3.52415236193e-06, 2.71198814517e-06, 3.34640481015e-06, 3.30908392243e-06, 3.6448100218e-06, 2.77990034192e-06, 2.9096486287e-06, 2.86265162686e-06, 3.4187289657e-06, 4.09720405514e-06, 3.15076681545e-06, 2.67899508799e-06, 2.58859381574e-06, 2.21670802603e-06, 1.99209875973e-06, 1.86057184237e-06, 1.87013824871e-06, 1.646135388e-06, 2.05635615202e-06, 1.97982240024e-06, 1.87864804957e-06, 1.57422482516e-06, 1.30232990614e-06, 1.15297484626e-06, 1.02909211819e-06, 8.22062474981e-07, 7.01803116954e-07, 6.08314621786e-07, 5.38565075203e-07, 5.30821694156e-07, 4.51488574527e-07, 3.676011886e-07, 3.29718176317e-07, 3.0032470022e-07, 2.48645704914e-07, 1.76175817046e-07, 7.68893428926e-08, 1.05359587721e-08, 2.87879298178e-09, 2.76421641132e-09, 2.59840149397e-09, 1.50438506097e-09, 1.11381659451e-09, 6.30272015134e-11, 4.27151499935e-12, 3.9215111193e-12, 3.7283440224e-12, 3.68602240744e-12],
        "min": [3.16787901466e-10, 2.45778153385e-09, 2.22869145361e-09, 3.76884834452e-09, 4.21521623162e-10, 5.2463202671e-09, 2.61685180192e-08, 3.95132957465e-08, 3.76716755568e-08, 2.10080770557e-08, 5.07196098454e-08, 5.46104068633e-08, 2.12826947177e-08, 7.49321245053e-08, 5.42105347279e-08, 1.90834214209e-07, 2.24902152013e-07, 9.95419355831e-08, 2.23223224793e-07, 2.39508807454e-07, 3.1476957929e-07, 1.68999079619e-07, 2.02014774686e-07, 5.32798992481e-07, 2.22264674221e-07, 1.28444796132e-07, 1.37236668252e-07, 3.36621042152e-07, 4.23115892545e-07, 3.54747498932e-07, 1.52063236669e-07, 1.99458980887e-07, 2.3108447067e-07, 1.34746699132e-07, 1.18802518045e-07, 1.74268990349e-07, 2.08211389463e-07, 1.45343321378e-07, 1.48877745687e-07, 8.23360934987e-08, 8.21715389066e-08, 6.79721310348e-08, 1.06316107917e-07, 2.13105110447e-07, 2.02492742574e-07, 1.49910874825e-07, 1.00818169813e-07, 6.86785668336e-08, 4.30753495095e-08, 1.07801206184e-07, 1.72133979959e-07, 2.19956348246e-07, 1.8834010973e-07, 1.07015999617e-07, 7.54331850317e-08, 1.30795172026e-07, 4.82991140416e-08, 6.04888157341e-08, 9.54841610223e-08, 6.66875052957e-08, 4.70138310504e-08, 5.88522688361e-08, 4.2188446514e-08, 8.55443431647e-08, 7.5630296692e-08, 3.45204362873e-08, 3.36703216419e-08, 2.44968063612e-08, 2.40272708396e-08, 1.43031186894e-08, 3.45255095624e-08, 8.24982748782e-09, 1.39595641713e-08, 4.5824553041e-09, 5.39209121797e-09, 2.25281748811e-09, 1.07407271965e-09, 4.00094046782e-09, 6.58472121273e-09, 2.20231366477e-09, 3.29555449596e-09, 1.79915604637e-09, 2.22681900697e-10, 8.43528968897e-10, 5.15268894219e-09, 5.23173593336e-09, 8.83597017776e-09, 5.98089666681e-09, 2.8415345632e-09, 3.74782427315e-10, 7.70533636896e-11, 1.28091121043e-10, 7.60136953382e-11, 7.03078151254e-11, 9.21145729138e-11, 2.45273835964e-11, 4.51145336366e-11, 7.13932515536e-12, 2.77124829161e-12, 1.47893481316e-12, 1.33117150115e-12, 1.08834295742e-12, 1.23303504993e-12, 9.76738004713e-13, 6.78406116006e-13, 8.79641032323e-13, 6.75799368723e-13, 5.15933704179e-13, 7.07377895409e-13, 4.53069087239e-13, 5.47244541349e-13, 4.90061333527e-13, 4.57578040128e-13, 3.66946300819e-13, 3.42295419439e-13, 4.69569153526e-13, 3.63251285605e-13, 3.27988802567e-13, 3.27058557103e-13, 3.67100447263e-13, 3.459762045e-13, 3.39736620997e-13, 3.43394258341e-13, 3.53226508373e-13, 2.06158413908e-13, 8.01051119968e-14, 1.2760566597e-14, 5.54306407496e-16],
        "stdev": [0.00111006828956, 0.00276514189318, 0.00476291729137, 0.00338908121921, 0.00159936212003, 0.0010089619318, 0.000840223918203, 0.000727432314306, 0.000363329891115, 0.000230861332966, 0.000424308847869, 0.000470933970064, 0.000458822381916, 0.000232664329815, 0.000148589228047, 0.000238048814936, 0.000399283831939, 0.000362368009519, 0.00109392742161, 0.00232475437224, 0.0020496873185, 0.00209010601975, 0.00200475309975, 0.0011811889708, 0.000557360122912, 0.000589843140915, 0.00067670783028, 0.000796489184722, 0.000946003652643, 0.000777550041676, 0.000540197535884, 0.000724136712961, 0.000942377373576, 0.000768705329392, 0.000888188020326, 0.000838245032355, 0.000511631777044, 0.000396361690946, 0.000253976730164, 0.000223769573495, 0.000358511781087, 0.00036869282485, 0.000484193849843, 0.000546247581951, 0.00051942083519, 0.00055551272817, 0.000329540314851, 0.000392168149119, 0.000353216775693, 0.000250677345321, 0.000334785116138, 0.000205828357139, 0.000133729394292, 0.000103587888589, 9.04245171114e-05, 6.26273322268e-05, 5.25439099874e-05, 3.33962198056e-05, 2.40350873355e-05, 2.36433334067e-05, 4.71607054351e-05, 4.67311183456e-05, 4.95701133332e-05, 5.4511889175e-05, 4.76313070976e-05, 3.10426221404e-05, 2.1480012947e-05, 1.79259332072e-05, 1.91246545e-05, 1.6976156985e-05, 1.60290583153e-05, 1.76302692125e-05, 1.04890941657e-05, 9.81779157883e-06, 8.94099684956e-06, 6.38334449832e-06, 7.16653767086e-06, 5.93763843426e-06, 5.32534113518e-06, 4.57383885077e-06, 4.84851398141e-06, 3.97966869059e-06, 5.2752548072e-06, 5.27086240254e-06, 5.78947538088e-06, 4.02087835027e-06, 3.8237649278e-06, 3.93998880099e-06, 4.80386006529e-06, 6.39749850961e-06, 4.06235085393e-06, 3.44171621691e-06, 3.19689183925e-06, 2.82691894427e-06, 2.48199626185e-06, 2.48906644629e-06, 2.56133034782e-06, 2.22307471631e-06, 2.70597433882e-06, 2.49310460276e-06, 2.50667108048e-06, 2.03673607757e-06, 1.69218446899e-06, 1.51237406953e-06, 1.38925349802e-06, 1.21012374166e-06, 1.04609193841e-06, 8.69616997079e-07, 7.57747216085e-07, 7.31445879865e-07, 7.10835479367e-07, 7.17917771453e-07, 6.1155418507e-07, 6.00967950959e-07, 4.09301662785e-07, 4.4885584316e-07, 2.94778743637e-07, 5.81740593475e-08, 1.59676236677e-08, 1.50495615969e-08, 1.78555996655e-08, 1.43657485907e-08, 1.53865329366e-08, 1.0645410109e-09, 9.12568891981e-12, 9.26656668065e-12, 9.34752102111e-12, 9.39863464833e-12]
    },
    "mfcc": {
        "mean": [-619.478088379, 86.9838867188, -13.1894569397, 0.509860336781, -1.77153789997, 2.8512904644, 7.96585273743, 8.4092912674, 1.25729250908, 7.22557449341, 0.463145315647, 0.267665594816, 2.56859374046],
        "cov": [[2281.77050781, -182.619400024, 548.55267334, 426.432037354, 366.648651123, 222.294784546, 279.12121582, 101.525978088, 61.9294548035, 148.681365967, 107.870368958, 133.897293091, 214.13243103], [-182.619400024, 543.288574219, -29.0847911835, -52.3905029297, -108.455833435, -35.780040741, -28.5219612122, 12.2746315002, -38.4765968323, 23.920671463, 43.5333213806, 24.5489177704, -32.1964225769], [548.55267334, -29.0847911835, 1361.26501465, 736.536254883, 390.925628662, 292.400146484, 176.533950806, 27.1750106812, 66.6481323242, 20.4900341034, 114.641265869, 185.459915161, 199.905715942], [426.432037354, -52.3905029297, 736.536254883, 589.893859863, 335.396514893, 189.891189575, 111.952194214, 31.0299949646, 56.38539505, 16.586523056, 43.1730575562, 104.339988708, 135.904220581], [366.648651123, -108.455833435, 390.925628662, 335.396514893, 454.059753418, 146.296722412, 113.496505737, 13.0859918594, 27.490064621, 19.6416225433, -35.7473754883, 2.44991874695, 118.661598206], [222.294784546, -35.780040741, 292.400146484, 189.891189575, 146.296722412, 231.411117554, 129.578201294, 36.0320701599, 23.6888523102, 36.9977493286, 39.0222015381, 39.4328727722, 47.8584747314], [279.12121582, -28.5219612122, 176.533950806, 111.952194214, 113.496505737, 129.578201294, 193.659576416, 62.0237045288, 18.1608695984, 38.1660118103, 25.9809761047, 24.9570903778, 53.4888191223], [101.525978088, 12.2746315002, 27.1750106812, 31.0299949646, 13.0859918594, 36.0320701599, 62.0237045288, 122.170707703, 66.8796920776, 29.2466506958, 3.32638716698, 9.90923595428, 7.26194524765], [61.9294548035, -38.4765968323, 66.6481323242, 56.38539505, 27.490064621, 23.6888523102, 18.1608695984, 66.8796920776, 138.042816162, 40.1571083069, 14.8536338806, 14.8287420273, 13.6634616852], [148.681365967, 23.920671463, 20.4900341034, 16.586523056, 19.6416225433, 36.9977493286, 38.1660118103, 29.2466506958, 40.1571083069, 103.68421936, 54.3240623474, 27.0021362305, 20.7810897827], [107.870368958, 43.5333213806, 114.641265869, 43.1730575562, -35.7473754883, 39.0222015381, 25.9809761047, 3.32638716698, 14.8536338806, 54.3240623474, 132.416641235, 77.760559082, 15.5419073105], [133.897293091, 24.5489177704, 185.459915161, 104.339988708, 2.44991874695, 39.4328727722, 24.9570903778, 9.90923595428, 14.8287420273, 27.0021362305, 77.760559082, 114.04095459, 56.8423728943], [214.13243103, -32.1964225769, 199.905715942, 135.904220581, 118.661598206, 47.8584747314, 53.4888191223, 7.26194524765, 13.6634616852, 20.7810897827, 15.5419073105, 56.8423728943, 124.366378784]],
        "icov": [[0.0006618531188, 0.000208118959563, 3.37923484039e-05, -0.00023824274831, -0.000166339668795, 0.000192129751667, -0.000509555102326, -0.000269892509095, 0.000300858693663, -0.00063615757972, -0.000195259199245, -0.00014462757099, -0.000396225485019], [0.000208118959563, 0.0022186730057, -0.000201168862986, -9.18290461414e-05, 0.000290615484118, 0.00037879939191, 0.000247436139034, -0.00107558118179, 0.00137276004534, -0.00109417631757, -0.000325453875121, -0.000296183803584, 0.000381137157092], [3.37923484039e-05, -0.000201168862986, 0.00271456083283, -0.00279788859189, 0.000108701344288, -0.000842485751491, -0.000391535053495, 0.000627872010227, -0.000457958813058, 0.00119509617798, -0.00101001246367, -0.000678367563523, -0.000777061330155], [-0.00023824274831, -9.18290461414e-05, -0.00279788859189, 0.00753791118041, -0.00302542117424, -0.000853726523928, 0.00109007093124, -0.00066966121085, -0.000826468633022, 0.000956369622145, 0.000637052115053, -0.00267220684327, 0.000504688592628], [-0.000166339668795, 0.000290615484118, 0.000108701344288, -0.00302542117424, 0.00613176217303, -0.00106887507718, -0.000803553673904, 0.00107808434404, 2.39390356001e-05, -0.0013855942525, 0.00169620034285, 0.00392803596333, -0.00344191771001], [0.000192129751667, 0.00037879939191, -0.000842485751491, -0.000853726523928, -0.00106887507718, 0.00923305004835, -0.00468704849482, 8.67986964295e-05, 0.000338703102898, -0.00148082443047, -0.000717323157005, -0.000550028926227, 0.00208324333653], [-0.000509555102326, 0.000247436139034, -0.000391535053495, 0.00109007093124, -0.000803553673904, -0.00468704849482, 0.0115068331361, -0.00534590845928, 0.00242560100742, -0.000439820025349, -0.00153349875472, 0.0018707254203, -0.00254329759628], [-0.000269892509095, -0.00107558118179, 0.000627872010227, -0.00066966121085, 0.00107808434404, 8.67986964295e-05, -0.00534590845928, 0.0151988435537, -0.00720520829782, -0.000658427597955, 0.00325120869093, -0.00202504079789, 0.00167938007507], [0.000300858693663, 0.00137276004534, -0.000457958813058, -0.000826468633022, 2.39390356001e-05, 0.000338703102898, 0.00242560100742, -0.00720520829782, 0.012383537367, -0.00421684607863, -0.000391748151742, 0.000567570445128, -0.000165402525454], [-0.00063615757972, -0.00109417631757, 0.00119509617798, 0.000956369622145, -0.0013855942525, -0.00148082443047, -0.000439820025349, -0.000658427597955, -0.00421684607863, 0.0171823520213, -0.00756151927635, 0.00160767242778, -0.00223218556494], [-0.000195259199245, -0.000325453875121, -0.00101001246367, 0.000637052115053, 0.00169620034285, -0.000717323157005, -0.00153349875472, 0.00325120869093, -0.000391748151742, -0.00756151927635, 0.01882863231, -0.011661469005, 0.00459010805935], [-0.00014462757099, -0.000296183803584, -0.000678367563523, -0.00267220684327, 0.00392803596333, -0.000550028926227, 0.0018707254203, -0.00202504079789, 0.000567570445128, 0.00160767242778, -0.011661469005, 0.0250953380018, -0.0103833107278], [-0.000396225485019, 0.000381137157092, -0.000777061330155, 0.000504688592628, -0.00344191771001, 0.00208324333653, -0.00254329759628, 0.00167938007507, -0.000165402525454, -0.00223218556494, 0.00459010805935, -0.0103833107278, 0.0175606217235]]
    },
    "spectral_contrast_coeffs": {
        "max": [-0.437138140202, -0.418751955032, -0.509326696396, -0.522391796112, -0.551021873951, -0.566004395485],
        "mean": [-0.750810265541, -0.748991549015, -0.734126448631, -0.767596364021, -0.778574168682, -0.77426046133],
        "min": [-0.915575385094, -0.919175207615, -0.905886471272, -0.909068346024, -0.885629475117, -0.862861037254],
        "stdev": [0.0707779452205, 0.0882843509316, 0.0723390653729, 0.0692022144794, 0.0456635728478, 0.0308795105666]
    },
    "spectral_contrast_valleys": {
        "max": [-5.45636844635, -4.99054193497, -5.05987405777, -5.58362531662, -5.60893344879, -7.95082235336],
        "mean": [-7.26129865646, -6.87991476059, -6.95837402344, -7.31251573563, -7.29431819916, -9.64891529083],
        "min": [-10.7158126831, -8.44073581696, -8.59297370911, -8.6912317276, -9.49190998077, -14.98325634],
        "stdev": [1.16244971752, 0.517331004143, 0.593767702579, 0.525922298431, 0.546021878719, 0.771331369877]
    }
},
"rhythm": {
    "beats_count": 83,
    "beats_loudness": {
        "max": 0.108809277415,
        "mean": 0.0347227752209,
        "min": 0.000973040121607,
        "stdev": 0.0217355471104
    },
    "bpm": 100.662887573,
    "bpm_histogram_first_peak_bpm": 101,
    "bpm_histogram_first_peak_weight": 0.45454543829,
    "bpm_histogram_second_peak_bpm": 92,
    "bpm_histogram_second_peak_spread": 0.5,
    "bpm_histogram_second_peak_weight": 0.0975609719753,
    "danceability": 1.07433640957,
    "onset_rate": 2.68732786179,
    "beats_loudness_band_ratio": {
        "max": [0.907344520092, 0.419482052326, 0.711326122284, 0.743316411972, 0.621417343616, 0.276770740747],
        "mean": [0.315779685974, 0.0634919330478, 0.175159409642, 0.23233024776, 0.171305686235, 0.071488596499],
        "min": [0.00010235337686, 0.000595851044636, 0.00438946159557, 0.0103865852579, 0.00365306716412, 0.00552078196779],
        "stdev": [0.258988082409, 0.083540417254, 0.170151293278, 0.194991141558, 0.158848300576, 0.0505163446069]
    },
