{
"metadata": {
    "version": {
        "essentia": "2.1-beta5",
        "essentia_git_sha": "Undefined",
        "extractor": "music 2.0"
    },
    "audio_properties": {
        "analysis": {
            "equal_loudness": 0,
            "length": 48.7502937317,
            "sample_rate": 44100,
            "start_time": 12.7477550507,
            "downmix": "mix"
        },
        "bit_rate": 192000,
        "length": 194.165267944,
        "lossless": 0,
        "number_channels": 2,
        "replay_gain": 3.06636619568,
        "sample_rate": 48000,
        "codec": "mp3",
        "md5_encoded": "858c4ae4ce87a2c4a7b49a5e1a6d10ee"
    },
    "tags": {
        "file_name": "Malta_Breathlessly_Claudia Faniello.mp3",
        "encoding": ["Lavf58.29.100"]
    }
},
"lowlevel": {
    "average_loudness": 0.284680336714,
    "barkbands_crest": {
        "max": 25.6060256958,
        "mean": 12.3083410263,
        "min": 3.17852139473,
        "stdev": 4.40558338165
    },
    "barkbands_flatness_db": {
        "max": 0.438989967108,
        "mean": 0.254638135433,
        "min": 0.0408833436668,
        "stdev": 0.0681998729706
    },
    "barkbands_kurtosis": {
        "max": 124.256622314,
        "mean": 5.46764230728,
        "min": -1.88301432133,
        "stdev": 9.10565185547
    },
    "barkbands_skewness": {
        "max": 9.34258937836,
        "mean": 1.5377395153,
        "min": -3.39594101906,
        "stdev": 1.15863978863
    },
    "barkbands_spread": {
        "max": 102.826248169,
        "mean": 10.6842384338,
        "min": 0.590509712696,
        "stdev": 11.342300415
    },
    "dissonance": {
        "max": 0.49974450469,
        "mean": 0.424289852381,
        "min": 0.208482459188,
        "stdev": 0.0496527291834
    },
    "dynamic_complexity": 6.4854183197,
    "erbbands_crest": {
        "max": 31.2747478485,
        "mean": 12.4631204605,
        "min": 3.54352450371,
        "stdev": 5.15976333618
    },
    "erbbands_flatness_db": {
        "max": 0.49611634016,
        "mean": 0.284926146269,
        "min": 0.0611074492335,
        "stdev": 0.0713622421026
    },
    "erbbands_kurtosis": {
        "max": 47.0910110474,
        "mean": 1.88411343098,
        "min": -1.68257188797,
        "stdev": 4.90477132797
    },
    "erbbands_skewness": {
        "max": 5.54580497742,
        "mean": 0.749314188957,
        "min": -3.20606851578,
        "stdev": 0.940481245518
    },
    "erbbands_spread": {
        "max": 124.891944885,
        "mean": 21.7486038208,
        "min": 0.870152115822,
        "stdev": 14.4289913177
    },
    "hfc": {
        "max": 114.866027832,
        "mean": 9.13006496429,
        "min": 0.00956827308983,
        "stdev": 16.2063655853
    },
    "loudness_ebu128": {
        "integrated": -29.4525203705,
        "loudness_range": 8.54985809326,
        "momentary": {
            "max": -21.9305381775,
            "mean": -32.002784729,
            "min": -45.6015548706,
            "stdev": 4.64506340027
        },
        "short_term": {
            "max": -24.6745853424,
            "mean": -30.4277915955,
            "min": -37.860710144,
            "stdev": 2.95314860344
        }
    },
    "melbands_crest": {
        "max": 32.9325790405,
        "mean": 15.9660768509,
        "min": 4.17919588089,
        "stdev": 5.6281080246
    },
    "melbands_flatness_db": {
        "max": 0.599188864231,
        "mean": 0.33997040987,
        "min": 0.039906732738,
        "stdev": 0.0932928621769
    },
    "melbands_kurtosis": {
        "max": 314.742401123,
        "mean": 9.16198825836,
        "min": -1.85464859009,
        "stdev": 15.5261764526
    },
    "melbands_skewness": {
        "max": 13.2499027252,
        "mean": 1.98230004311,
        "min": -2.87618207932,
        "stdev": 1.36721789837
    },
    "melbands_spread": {
        "max": 228.833892822,
        "mean": 13.6611728668,
        "min": 0.874858438969,
        "stdev": 18.2175292969
    },
    "pitch_salience": {
        "max": 0.820093691349,
        "mean": 0.530157148838,
        "min": 0.11057844013,
        "stdev": 0.119997493923
    },
    "silence_rate_20dB": {
        "max": 1,
        "mean": 1,
        "min": 1,
        "stdev": 0
    },
    "silence_rate_30dB": {
        "max": 1,
        "mean": 0.995716333389,
        "min": 0,
        "stdev": 0.0653090551496
    },
    "silence_rate_60dB": {
        "max": 1,
        "mean": 0.470728218555,
        "min": 0,
        "stdev": 0.499143868685
    },
    "spectral_centroid": {
        "max": 5280.85595703,
        "mean": 754.321411133,
        "min": 228.985061646,
        "stdev": 510.530548096
    },
    "spectral_complexity": {
        "max": 38,
        "mean": 7.40123748779,
        "min": 0,
        "stdev": 4.00480318069
    },
    "spectral_decrease": {
        "max": -4.34773094263e-12,
        "mean": -2.9981777061e-09,
        "min": -3.59984930753e-08,
        "stdev": 4.81277240283e-09
    },
    "spectral_energy": {
        "max": 0.146285444498,
        "mean": 0.0121439406648,
        "min": 1.72770651261e-05,
        "stdev": 0.019483808428
    },
    "spectral_energyband_high": {
        "max": 0.00915199518204,
        "mean": 0.000171511201188,
        "min": 2.45586839753e-09,
        "stdev": 0.000728863640688
    },
    "spectral_energyband_low": {
        "max": 0.0249693952501,
        "mean": 0.000806615222245,
        "min": 8.6052335746e-07,
        "stdev": 0.00232161022723
    },
    "spectral_energyband_middle_high": {
        "max": 0.0743829905987,
        "mean": 0.00258546834812,
        "min": 5.28599412064e-06,
        "stdev": 0.00645894557238
    },
    "spectral_energyband_middle_low": {
        "max": 0.133462011814,
        "mean": 0.00867240410298,
        "min": 5.88149578107e-06,
        "stdev": 0.0156033448875
    },
    "spectral_entropy": {
        "max": 8.69057273865,
        "mean": 6.54958868027,
        "min": 5.10173177719,
        "stdev": 0.579938173294
    },
    "spectral_flux": {
        "max": 0.342761784792,
        "mean": 0.04555593431,
        "min": 0.00311349332333,
        "stdev": 0.0492797084153
    },
    "spectral_kurtosis": {
        "max": 159.404220581,
        "mean": 26.0426521301,
        "min": -0.767877817154,
        "stdev": 27.5562419891
    },
    "spectral_rms": {
        "max": 0.0119464434683,
        "mean": 0.00271628424525,
        "min": 0.0001298293937,
        "stdev": 0.00211412669159
    },
    "spectral_rolloff": {
        "max": 14319.5800781,
        "mean": 1113.74182129,
        "min": 129.19921875,
        "stdev": 1643.99621582
    },
    "spectral_skewness": {
        "max": 10.0486183167,
        "mean": 3.13754606247,
        "min": 0.0540357120335,
        "stdev": 1.57204771042
    },
    "spectral_spread": {
        "max": 15351163,
        "mean": 2704086.5,
        "min": 448292.5625,
        "stdev": 2127109.5
    },
    "spectral_strongpeak": {
        "max": 10.9102153778,
        "mean": 1.00648760796,
        "min": 0,
        "stdev": 1.54411184788
    },
    "zerocrossingrate": {
        "max": 0.40185546875,
        "mean": 0.0413974635303,
        "min": 0.0048828125,
        "stdev": 0.0441025830805
    },
    "barkbands": {
        "max": [0.00385210989043, 0.0235314816236, 0.0119592361152, 0.00206825882196, 0.0294400043786, 0.0571890771389, 0.0459451489151, 0.0614629797637, 0.130451068282, 0.0316042974591, 0.0640393868089, 0.0456399619579, 0.00994329620153, 0.0126224765554, 0.019689746201, 0.00769769167528, 0.0133280539885, 0.0049828691408, 0.00266616465524, 0.00300643290393, 0.00165664230008, 0.00125381036196, 0.0028284357395, 0.00432737683877, 0.00469374004751, 0.00136987084989, 0.000103928483441],
        "mean": [7.68360478105e-05, 0.00039894611109, 0.000302169268252, 6.27698536846e-05, 0.00137027679011, 0.00237036729231, 0.000421277887654, 0.000872504140716, 0.00336497928947, 0.000533809827175, 0.00085411767941, 0.000604237779044, 0.000161461735843, 0.000143367287819, 0.000142406410305, 8.95512494026e-05, 6.6773580329e-05, 3.68005821656e-05, 5.88249495195e-05, 7.25948484614e-05, 2.08308811125e-05, 1.0670316442e-05, 2.25209005293e-05, 3.65994274034e-05, 3.15955767292e-05, 1.71310275618e-05, 5.22919663126e-07],
        "min": [2.03486960615e-09, 4.95925078781e-08, 8.98651961734e-08, 8.10197562373e-08, 7.37393008876e-07, 5.85471866543e-07, 6.65500238028e-07, 1.10452333502e-06, 2.00043572818e-07, 6.52828546777e-08, 5.43214753179e-07, 5.74552302623e-07, 3.00267828379e-07, 4.14178458641e-07, 1.32020147703e-07, 6.72295357163e-08, 1.80442736308e-08, 1.53391841451e-08, 5.01096442118e-10, 2.35842401164e-10, 1.20058393782e-10, 1.25762511516e-10, 9.77995948115e-11, 1.38209624301e-10, 1.23856480627e-10, 8.47470010834e-11, 8.43629263669e-11],
        "stdev": [0.000328630500007, 0.00179151247721, 0.000786367570981, 0.000132763030706, 0.00279939849861, 0.00551153998822, 0.00209624879062, 0.00338069559075, 0.0120231444016, 0.00202915980481, 0.00397451594472, 0.00283810403198, 0.000661762198433, 0.000644061423372, 0.0007054527523, 0.000382052647183, 0.000490327714942, 0.000196130597033, 0.00022565110703, 0.000233174709138, 9.31636604946e-05, 7.53977510612e-05, 0.000148907012772, 0.000244728580583, 0.000209298392292, 8.39699350763e-05, 4.6637842388e-06]
    },
    "erbbands": {
        "max": [0.842358052731, 5.0562286377, 10.8602027893, 8.86936855316, 24.5219230652, 129.269378662, 365.285583496, 580.270751953, 671.461608887, 614.168212891, 1270.56567383, 3599.08886719, 2460.49975586, 1191.29602051, 3246.92822266, 2009.92431641, 528.41796875, 752.471923828, 1248.54528809, 446.467529297, 365.307128906, 951.83984375, 397.036254883, 104.265617371, 176.059356689, 115.698944092, 89.162940979, 37.3389701843, 45.0037651062, 41.1723213196, 85.2197570801, 121.02520752, 42.7261238098, 49.2353401184, 34.3934326172, 11.2572422028, 2.78851556778, 0.437749922276, 0.0217956583947, 0.000753077911213],
        "mean": [0.0142527166754, 0.0831753611565, 0.307371795177, 0.318420469761, 0.661557972431, 4.33296632767, 14.9365348816, 22.0505027771, 9.40442657471, 9.34972000122, 22.6531047821, 75.2875900269, 46.4799575806, 18.1716995239, 41.5091590881, 19.1381092072, 7.90770864487, 6.95113515854, 8.87809467316, 5.54154539108, 4.48352956772, 4.027739048, 2.24235224724, 2.21630549431, 3.65342593193, 3.3296020031, 1.53333485126, 0.481577634811, 0.366382837296, 0.436894446611, 0.682632148266, 0.790646493435, 0.576340615749, 0.343772113323, 0.231255590916, 0.102066986263, 0.0260360017419, 0.00327761820517, 0.000103505750303, 1.80262977665e-05],
        "min": [2.34726121562e-06, 2.12973172893e-05, 0.00041881488869, 0.00189482269343, 0.00293359486386, 0.00219856994227, 0.0052190781571, 0.00440973695368, 0.0153753999621, 0.028043512255, 0.0242967233062, 0.00468501122668, 0.00204992759973, 0.00889036525041, 0.0227930601686, 0.0306981112808, 0.0218596849591, 0.0209944173694, 0.0153946382925, 0.00821546092629, 0.00806301087141, 0.00210059108213, 0.00166539906058, 0.000220877263928, 4.46291924163e-05, 1.72485324583e-05, 1.00888901216e-05, 6.16574106971e-06, 4.98428107676e-06, 3.59458363164e-06, 2.68655389846e-06, 1.78536356543e-06, 3.16314071824e-06, 1.67248731486e-06, 7.35013315989e-07, 3.91105260178e-07, 1.64021699334e-07, 5.47673941753e-08, 2.08891357545e-08, 2.07793853235e-08],
        "stdev": [0.0703329443932, 0.344450175762, 0.758040428162, 0.64803892374, 1.05591607094, 10.1085338593, 27.2312526703, 60.5820198059, 34.5095863342, 38.1721115112, 73.9211196899, 279.919158936, 176.033798218, 66.4559173584, 175.776473999, 93.0211639404, 32.3704833984, 35.2685432434, 39.6740760803, 21.9719333649, 20.3543872833, 32.0620269775, 13.7083539963, 7.10194730759, 14.3345384598, 10.4836301804, 5.89710712433, 2.48035407066, 2.56456565857, 2.76089167595, 4.61117506027, 6.51588392258, 3.01569342613, 2.10386753082, 1.61877799034, 0.536607086658, 0.139277204871, 0.0225674826652, 0.000805295421742, 3.56199780072e-05]
    },
    "gfcc": {
        "mean": [-172.101623535, 165.974182129, -134.226516724, -24.8468475342, -45.2715415955, -18.3567810059, -41.7576026917, -0.164770796895, -32.4456291199, -6.03634166718, -4.63936662674, -14.5158920288, 0.400592923164],
        "cov": [[11973.5771484, -6829.13476562, 800.401733398, 1093.56933594, -2989.1730957, 1479.80175781, -474.952453613, 1520.00134277, -855.187194824, 696.801940918, -79.1831741333, 453.363494873, 45.3895988464], [-6829.13476562, 5321.36328125, -782.75604248, -860.220275879, 2362.53149414, -1135.89562988, 579.948303223, -777.465698242, 629.092590332, -436.105316162, 226.901702881, -425.522674561, 41.7598228455], [800.401733398, -782.75604248, 954.56060791, 148.322265625, -339.043579102, 453.713439941, -133.730178833, 209.171691895, -91.2985839844, 124.065551758, -29.0765857697, 176.465576172, -87.2369003296], [1093.56933594, -860.220275879, 148.322265625, 742.200256348, -322.017608643, 294.312866211, 21.7607040405, 62.1580429077, 28.5113391876, 97.1313552856, -65.4740371704, 49.6003837585, 6.64120388031], [-2989.1730957, 2362.53149414, -339.043579102, -322.017608643, 1403.46789551, -557.969909668, 178.250946045, -292.895263672, 326.226989746, -127.578277588, 47.9089889526, -149.145599365, 8.51023769379], [1479.80175781, -1135.89562988, 453.713439941, 294.312866211, -557.969909668, 606.498474121, -55.049079895, 216.077392578, -96.6210098267, 75.9675064087, -5.52128553391, 88.8974380493, -34.3646621704], [-474.952453613, 579.948303223, -133.730178833, 21.7607040405, 178.250946045, -55.049079895, 473.859741211, -95.4112243652, 3.11026144028, -24.0450668335, 43.5898933411, -68.8003540039, -29.9176559448], [1520.00134277, -777.465698242, 209.171691895, 62.1580429077, -292.895263672, 216.077392578, -95.4112243652, 415.237731934, -124.072891235, 100.962898254, 62.4315986633, 38.2493209839, 6.61162185669], [-855.187194824, 629.092590332, -91.2985839844, 28.5113391876, 326.226989746, -96.6210098267, 3.11026144028, -124.072891235, 299.609558105, -58.6511535645, -23.2351818085, -26.6429214478, -12.3813686371], [696.801940918, -436.105316162, 124.065551758, 97.1313552856, -127.578277588, 75.9675064087, -24.0450668335, 100.962898254, -58.6511535645, 192.524459839, -6.73331975937, 43.4644622803, 21.6147117615], [-79.1831741333, 226.901702881, -29.0765857697, -65.4740371704, 47.9089889526, -5.52128553391, 43.5898933411, 62.4315986633, -23.2351818085, -6.73331975937, 196.997573853, -29.3634853363, 31.1364593506], [453.363494873, -425.522674561, 176.465576172, 49.6003837585, -149.145599365, 88.8974380493, -68.8003540039, 38.2493209839, -26.6429214478, 43.4644622803, -29.3634853363, 178.826980591, 3.79802894592], [45.3895988464, 41.7598228455, -87.2369003296, 6.64120388031, 8.51023769379, -34.3646621704, -29.9176559448, 6.61162185669, -12.3813686371, 21.6147117615, 31.1364593506, 3.79802894592, 174.312545776]],
        "icov": [[0.000531174184289, 0.000600236526225, 0.000218838613364, 1.80643419299e-05, 4.78002257296e-05, 3.83573433282e-06, -0.000371395202819, -0.000966646941379, -0.000190885330085, -0.000261383771431, -6.85097256792e-05, -1.00264642242e-05, -0.000170626415638], [0.000600236526225, 0.00342049472965, -0.000899327511434, 0.00118026474956, -0.00254152878188, 0.00128603726625, -0.00211099488661, 0.000620504783001, -0.00207079271786, 0.00169378006831, -0.00209741317667, 0.00244119390845, -0.00151467870455], [0.000218838613364, -0.000899327511434, 0.00279248994775, -0.000276846549241, 0.000628305599093, -0.00224459799938, 0.000943484250456, -0.00123030447867, 0.00104503973853, -0.00169322197326, 0.000878678401932, -0.00242757587694, 0.00148209289182], [1.80643419299e-05, 0.00118026474956, -0.000276846549241, 0.00251140142791, -0.000799224653747, -0.000422239070758, -0.00107651844155, 0.000796871318016, -0.00165039591957, -4.53507054772e-05, -0.000296145910397, 0.00103281869087, -0.000862113723997], [4.78002257296e-05, -0.00254152878188, 0.000628305599093, -0.000799224653747, 0.0042011202313, 0.00014898837253, 0.00107139174361, -0.00158553675283, 0.000197138579097, -0.00186330033466, 0.00157300615683, -0.00166695844382, 0.00101000291761], [3.83573433282e-06, 0.00128603726625, -0.00224459799938, -0.000422239070758, 0.00014898837253, 0.00526584358886, -0.00125540420413, -0.000143079945701, -0.00149402685929, 0.00171722040977, -0.00128179404419, 0.00160151021555, -0.00072051899042], [-0.000371395202819, -0.00211099488661, 0.000943484250456, -0.00107651844155, 0.00107139174361, -0.00125540420413, 0.0039793481119, 0.000329049740685, 0.00205434137024, -0.00127988751046, 0.000551823177375, -0.00106446375139, 0.00171558011789], [-0.000966646941379, 0.000620504783001, -0.00123030447867, 0.000796871318016, -0.00158553675283, -0.000143079945701, 0.000329049740685, 0.00677294982597, -1.29115824166e-05, 0.000314041244565, -0.00251963594928, 0.00186178891454, -0.000324602762703], [-0.000190885330085, -0.00207079271786, 0.00104503973853, -0.00165039591957, 0.000197138579097, -0.00149402685929, 0.00205434137024, -1.29115824166e-05, 0.00682004448026, -0.000445990095614, 0.00163934077136, -0.00195433199406, 0.00147008686326], [-0.000261383771431, 0.00169378006831, -0.00169322197326, -4.53507054772e-05, -0.00186330033466, 0.00171722040977, -0.00127988751046, 0.000314041244565, -0.000445990095614, 0.00864973012358, -0.000915980548598, 0.00113145448267, -0.00195073243231], [-6.85097256792e-05, -0.00209741317667, 0.000878678401932, -0.000296145910397, 0.00157300615683, -0.00128179404419, 0.000551823177375, -0.00251963594928, 0.00163934077136, -0.000915980548598, 0.00779264466837, -0.00114883808419, -0.000304773624521], [-1.00264642242e-05, 0.00244119390845, -0.00242757587694, 0.00103281869087, -0.00166695844382, 0.00160151021555, -0.00106446375139, 0.00186178891454, -0.00195433199406, 0.00113145448267, -0.00114883808419, 0.00982843246311, -0.00198073801585], [-0.000170626415638, -0.00151467870455, 0.00148209289182, -0.000862113723997, 0.00101000291761, -0.00072051899042, 0.00171558011789, -0.000324602762703, 0.00147008686326, -0.00195073243231, -0.000304773624521, -0.00198073801585, 0.00747801177204]]
    },
    "melbands": {
        "max": [0.00684374058619, 0.00377403688617, 0.0013674243819, 0.00570973521098, 0.0103058423847, 0.0121225714684, 0.0103499721736, 0.00713257072493, 0.00828399416059, 0.0247395448387, 0.0120390430093, 0.00453952793032, 0.00866515189409, 0.0064015458338, 0.00130066170823, 0.000958645308856, 0.00140516529791, 0.00191910832655, 0.000883639906533, 0.00077082606731, 0.000407352286857, 0.00106204033364, 0.000368049339158, 0.000278145103948, 8.40392967802e-05, 0.000181759824045, 0.00014591049694, 9.44545245147e-05, 7.77312307036e-05, 4.44720426458e-05, 2.77216749964e-05, 2.80458789348e-05, 2.39020992012e-05, 2.88885530608e-05, 3.82628495572e-05, 8.80692678038e-05, 8.58349158079e-05, 3.79542107112e-05, 3.16303012369e-05, 4.64599361294e-05],
        "mean": [0.000123145160615, 0.000137770170113, 5.98358419666e-05, 0.000154794703121, 0.000489295925945, 0.000467786536319, 0.00013015375589, 0.000128507817863, 0.000186562130693, 0.000526502844878, 0.000222897651838, 6.45089530735e-05, 0.00012792526104, 9.72951747826e-05, 1.69047852978e-05, 1.62348533195e-05, 1.20568420243e-05, 1.44467785503e-05, 9.67477899394e-06, 6.94998834661e-06, 4.56815769212e-06, 4.47367119705e-06, 2.3139714358e-06, 1.72398904397e-06, 1.70280986822e-06, 2.61629747911e-06, 2.79990490526e-06, 2.08699634641e-06, 1.15991269922e-06, 3.89754433172e-07, 2.36769594153e-07, 2.09861894973e-07, 1.95272022552e-07, 2.65454900727e-07, 3.62018653277e-07, 4.58746825416e-07, 5.13338932251e-07, 4.15279913568e-07, 3.4090132317e-07, 2.68452311047e-07],
        "min": [2.20511537918e-08, 1.64272137226e-07, 5.07941194883e-07, 1.55367175125e-07, 1.69717040421e-07, 1.04610329288e-07, 1.12647377648e-07, 1.86713748462e-07, 1.71658996351e-07, 2.07138857178e-08, 8.93526852508e-09, 2.61580446193e-08, 6.65498305352e-08, 5.82047050557e-08, 5.85850656876e-08, 2.2489674123e-08, 4.3686245732e-08, 1.75697376648e-08, 1.01960342391e-08, 8.20609979968e-09, 5.87457904544e-09, 1.36787181582e-09, 8.66730021087e-10, 4.01921246285e-10, 2.94208581109e-11, 2.01734063482e-11, 1.00493120769e-11, 3.27203303514e-12, 2.59442098881e-12, 2.49253200545e-12, 1.57144566457e-12, 2.04005150446e-12, 2.24772652747e-12, 1.87896117936e-12, 1.61852530076e-12, 1.0775417017e-12, 1.00141932507e-12, 1.91906343247e-12, 2.0474667968e-12, 1.03542706093e-12],
        "stdev": [0.000574367819354, 0.000335700431606, 0.000101414043456, 0.000334676209604, 0.000874891935382, 0.00122992449906, 0.000512719445396, 0.00050605571596, 0.000593393458985, 0.00198785890825, 0.000878688297234, 0.000263878464466, 0.000561174412724, 0.00043444687617, 7.71884297137e-05, 6.25879620202e-05, 6.64358740323e-05, 6.33757736068e-05, 4.51589476143e-05, 3.13713499054e-05, 2.32243783103e-05, 3.67847642337e-05, 1.32597697302e-05, 1.02317580968e-05, 5.8811474446e-06, 1.14711210699e-05, 9.96424660116e-06, 6.96595952832e-06, 4.73580530524e-06, 1.81851544312e-06, 1.50046048475e-06, 1.50524488163e-06, 1.42200008213e-06, 1.61967966505e-06, 2.23181268666e-06, 3.8535990825e-06, 4.40043186245e-06, 2.30990417549e-06, 1.69910913428e-06, 1.82998883247e-06]
    },
    "melbands128": {
        "max": [0.00285814260133, 0.00787199661136, 0.0117825744674, 0.00702143087983, 0.00496670138091, 0.00569879217073, 0.00189000286628, 0.000711484404746, 0.00150111946277, 0.00643216166645, 0.00916320364922, 0.0129275461659, 0.0165872666985, 0.0152957784012, 0.021349100396, 0.0276211127639, 0.0212346110493, 0.0187032967806, 0.0161468051374, 0.0100021371618, 0.0114630106837, 0.0240655746311, 0.0109660103917, 0.0118015930057, 0.0259754080325, 0.0450036898255, 0.0365650653839, 0.00894070416689, 0.00763994129375, 0.00650397222489, 0.00504319602624, 0.0135400984436, 0.0115380538628, 0.0241977870464, 0.00922552961856, 0.0145760457963, 0.0032796934247, 0.00187298492528, 0.00253384001553, 0.00239514559507, 0.00111010856926, 0.00397183559835, 0.00313458452001, 0.00072344293585, 0.0012897424167, 0.00233555887826, 0.00398004846647, 0.00152283709031, 0.000768296245951, 0.00124498759396, 0.00164156127721, 0.00145057856571, 0.000783350900747, 0.000987374223769, 0.00057143648155, 0.00172289286274, 0.00153939379379, 0.000198064008146, 0.000199026690098, 0.000871703086887, 0.000310614646878, 0.000356108386768, 0.000188177320524, 0.000108999505755, 0.000392491609091, 0.000313054188155, 0.000271645607427, 0.000240434281295, 0.00027111871168, 0.000154255423695, 0.000164449520526, 0.000226282034419, 0.000133016103064, 0.000172042055055, 4.75680244563e-05, 5.25816831214e-05, 4.82322102471e-05, 2.70090968115e-05, 3.04172681354e-05, 4.18097479269e-05, 2.92259646812e-05, 3.55290685548e-05, 2.41502220888e-05, 3.21744628309e-05, 2.79024807242e-05, 2.95089794236e-05, 3.29485264956e-05, 3.41056656907e-05, 4.11845576309e-05, 7.06162172719e-05, 0.000109249274828, 0.000121437493362, 8.78306818777e-05, 0.000143583994941, 0.000104728351289, 5.73977304157e-05, 4.27315717388e-05, 5.21126930835e-05, 2.91538344754e-05, 4.65807024739e-05, 8.28439660836e-05, 4.92844847031e-05, 2.7766556741e-05, 2.1843419745e-05, 6.16966135567e-05, 5.63221692573e-05, 3.74387818738e-05, 1.58939583343e-05, 3.45174157701e-05, 1.26918112073e-05, 1.12547468234e-05, 1.11908148028e-05, 1.27063685795e-05, 8.81214054971e-06, 1.08614649434e-05, 8.47781211633e-06, 2.50836569649e-06, 5.84049189456e-07, 4.12130816585e-07, 8.77650052189e-07, 8.34166144159e-07, 2.43853634174e-07, 4.02214794804e-07, 2.5785871216e-08, 8.01999647249e-11, 7.86212484005e-11, 7.75199626712e-11, 7.70292926666e-11],
        "mean": [6.09134003753e-05, 0.000121126067825, 0.000151946136612, 0.000123628618894, 0.000154919500346, 0.000141602446092, 6.65673724143e-05, 2.37528092839e-05, 5.80566484132e-05, 0.000101360310509, 0.0002020913671, 0.000532553589437, 0.00054615928093, 0.000448813050753, 0.000604396802373, 0.00042799001676, 0.000176531000761, 8.09282573755e-05, 5.61808228667e-05, 7.17231378076e-05, 0.000188439851627, 0.00023959466489, 0.00012754148338, 0.000196328692255, 0.000454175577033, 0.000787054479588, 0.000442252290668, 0.000110983484774, 8.47498886287e-05, 5.31343539478e-05, 5.27572301507e-05, 9.30505120778e-05, 0.000125837279484, 0.000170631741639, 0.000133552428451, 8.43460729811e-05, 1.43435099744e-05, 1.36360986289e-05, 1.62241376529e-05, 1.92979077838e-05, 1.41539994729e-05, 1.55272027769e-05, 1.32918021336e-05, 6.95864582667e-06, 1.58440925588e-05, 1.51229569383e-05, 1.49575371324e-05, 1.19689866551e-05, 5.67583083466e-06, 5.7105085034e-06, 8.15657949715e-06, 7.52307232688e-06, 4.37193011749e-06, 3.8169328036e-06, 3.41902727996e-06, 5.52370238438e-06, 4.66868050353e-06, 1.79667108569e-06, 1.81739733307e-06, 2.37680978898e-06, 1.56287262598e-06, 1.50584901348e-06, 1.31773276735e-06, 1.51921733504e-06, 2.79803748526e-06, 2.57744818555e-06, 2.61624950326e-06, 2.69482643489e-06, 3.194917781e-06, 2.46686704486e-06, 2.15020213545e-06, 1.92845755009e-06, 1.25563883557e-06, 1.32547631893e-06, 6.19338379693e-07, 3.6857699115e-07, 3.07667846755e-07, 2.2769252439e-07, 2.06570746286e-07, 2.75057942645e-07, 2.28023310456e-07, 1.74951637177e-07, 1.81963756063e-07, 2.05669735465e-07, 1.90636981756e-07, 2.22647670967e-07, 3.04083641822e-07, 3.35238382831e-07, 3.05096079956e-07, 4.28160063848e-07, 5.08474442995e-07, 4.3024272145e-07, 4.40697618842e-07, 5.24679251157e-07, 5.99320799211e-07, 4.11555419078e-07, 3.70402062799e-07, 4.20349095975e-07, 3.1903473996e-07, 3.28484503598e-07, 2.98623064054e-07, 2.62937845719e-07, 2.2435193614e-07, 2.19820151415e-07, 3.12518722012e-07, 2.83016561298e-07, 2.28434288374e-07, 1.86152888659e-07, 1.86283671155e-07, 1.4705371143e-07, 1.27734296029e-07, 9.87844970268e-08, 7.47410311419e-08, 5.27514920634e-08, 4.71779273425e-08, 3.92693380036e-08, 1.63405875497e-08, 2.58600052483e-09, 9.16490772163e-10, 1.15445786264e-09, 1.06513586839e-09, 5.91355520108e-10, 5.47728251643e-10, 2.05770313982e-11, 2.93441724912e-12, 2.08108725565e-12, 1.62315083249e-12, 1.55158123762e-12],
        "min": [1.92606104676e-11, 3.48718609544e-09, 6.92660639956e-09, 7.66369723237e-09, 1.13031717319e-08, 6.17975359773e-08, 7.26734015188e-08, 2.38081714343e-08, 1.59183258575e-07, 9.24309802031e-08, 1.07656632053e-07, 1.688659097e-07, 1.98849377853e-07, 1.63253218943e-07, 7.79555335839e-08, 6.14289845657e-08, 6.02954202122e-08, 4.34029949758e-08, 3.37880834422e-08, 4.14881746735e-08, 6.01291816338e-08, 8.74624035418e-08, 1.00934144598e-07, 6.58748362525e-08, 1.23552776898e-08, 7.47787787247e-09, 1.56323771705e-08, 7.07046288184e-09, 4.60996574247e-09, 1.27340058498e-08, 2.23351843687e-08, 3.65468473262e-08, 1.50380845554e-08, 3.99861086464e-08, 2.32766552699e-08, 4.00176336512e-09, 2.31715855392e-08, 1.81191150972e-08, 1.07980158148e-08, 1.30616220062e-08, 1.40758711353e-08, 9.69590630007e-09, 1.87205717594e-08, 2.02308498842e-08, 8.17620460225e-09, 6.96222324237e-09, 1.70919067788e-09, 4.12709466602e-09, 6.7098890888e-09, 4.49170123318e-09, 1.02655661749e-09, 2.36038899537e-09, 2.77416001282e-09, 2.41891418007e-09, 1.32982735934e-09, 1.03219743863e-09, 1.02263741919e-09, 4.58649840329e-10, 6.26261875691e-10, 7.50649153947e-10, 6.95814586504e-11, 2.18828392906e-11, 3.23761885357e-11, 1.6618869475e-11, 1.51814463778e-11, 1.36227912631e-11, 6.39874221317e-12, 9.02587379836e-12, 6.42345291541e-12, 3.77446381442e-12, 3.00815232099e-12, 2.55838059071e-12, 1.49206634461e-12, 1.82061093632e-12, 1.74395198803e-12, 1.62387551322e-12, 7.29176159557e-13, 1.12756006788e-12, 7.50373775702e-13, 1.28892773191e-12, 1.00557810776e-12, 1.39936272205e-12, 1.33295186954e-12, 1.03989213074e-12, 1.27907135838e-12, 1.35027601079e-12, 1.28395287024e-12, 1.49563835709e-12, 1.47067720415e-12, 1.54598046604e-12, 1.0874043636e-12, 7.62072317143e-13, 1.08008361369e-12, 1.21578875439e-12, 8.29856691177e-13, 6.80785289253e-13, 1.89091515883e-12, 1.58763985032e-12, 1.07931046912e-12, 1.29864185811e-12, 1.2876357966e-12, 7.02890870508e-13, 6.28016844258e-13, 6.58649675599e-13, 8.05625152093e-13, 9.66300065137e-13, 8.94582801933e-13, 5.94055186987e-13, 7.31829690164e-13, 6.1359494959e-13, 4.09382515951e-13, 4.83523757058e-13, 6.30288464649e-13, 4.64094962547e-13, 3.41207395454e-13, 3.47444918973e-13, 4.72513087685e-13, 4.87232650059e-13, 2.90966984664e-13, 4.59995702553e-13, 3.73908505069e-13, 3.68690565274e-13, 2.81160267594e-13, 2.70047520587e-13, 3.48360825863e-13, 2.67474898567e-13, 3.55161660173e-14, 1.0938055144e-15],
        "stdev": [0.000273648707662, 0.000617252138909, 0.00079259875929, 0.000503601972014, 0.000384197221138, 0.000369802844943, 0.000145315148984, 4.93183579238e-05, 8.89628499863e-05, 0.000256353931036, 0.000622091873083, 0.00121998519171, 0.00120628252625, 0.00107337685768, 0.00191260385327, 0.00168932136148, 0.000809057208244, 0.000569216615986, 0.000537274288945, 0.000490225153044, 0.000810731144156, 0.00109382241499, 0.000666853273287, 0.000878188933711, 0.00204549357295, 0.0036222434137, 0.0024077272974, 0.000553711957764, 0.000410330569139, 0.000295944919344, 0.000308053626213, 0.00063374749152, 0.000778890098445, 0.00106564722955, 0.000636893382762, 0.000628328241874, 0.000121121745906, 8.20330315037e-05, 0.000115938593808, 0.000120889788377, 5.43528658454e-05, 0.000120250224427, 0.000125444654259, 3.59797850251e-05, 5.75909398322e-05, 8.99135775398e-05, 0.00011750041449, 7.65154109104e-05, 3.43589163094e-05, 4.5545573812e-05, 4.78761357954e-05, 4.54459877801e-05, 2.85208443529e-05, 3.48743997165e-05, 2.82332111965e-05, 5.97412545176e-05, 4.91637147206e-05, 1.01329505924e-05, 9.81619359663e-06, 2.52981662925e-05, 1.14544254757e-05, 9.80240929493e-06, 6.16097804595e-06, 6.59767556499e-06, 1.6401781977e-05, 1.57868507813e-05, 1.57995418704e-05, 1.39560761454e-05, 1.34079264171e-05, 1.02177482404e-05, 9.09245500225e-06, 9.04513944988e-06, 5.97292864768e-06, 7.90249578131e-06, 2.67628411166e-06, 2.07069319913e-06, 1.94028302758e-06, 1.47635000758e-06, 1.37196821015e-06, 2.08003984881e-06, 1.65719109191e-06, 1.41027919653e-06, 1.33460798679e-06, 1.65199776347e-06, 1.42528574543e-06, 1.61728883086e-06, 1.782734671e-06, 1.93175810637e-06, 1.9456560949e-06, 3.13557552545e-06, 4.16221200794e-06, 4.16127841163e-06, 4.17678666054e-06, 4.99338193549e-06, 5.37569758308e-06, 2.88771479973e-06, 1.9089475245e-06, 2.24438940677e-06, 1.58799468863e-06, 1.9637832338e-06, 2.51824917541e-06, 1.96970540856e-06, 1.41181294566e-06, 1.3266330825e-06, 2.64161030827e-06, 2.15525847125e-06, 1.57409374424e-06, 9.98559016807e-07, 1.07259506876e-06, 7.27561996428e-07, 6.76600109273e-07, 5.68940947687e-07, 4.96195809774e-07, 3.53742791503e-07, 3.71267560695e-07, 3.21339939546e-07, 1.37628646257e-07, 2.79398868486e-08, 1.36065239076e-08, 2.45509532704e-08, 2.12624087226e-08, 8.56961079876e-09, 1.01898223193e-08, 5.68677993584e-10, 4.56288349118e-12, 4.49587676116e-12, 4.45251257739e-12, 4.42845629958e-12]
    },
    "mfcc": {
        "mean": [-812.704833984, 203.27494812, -20.3700370789, -7.8457570076, 5.80011749268, -23.5448436737, 3.78645706177, -13.2995939255, -15.9072389603, 4.32515192032, -14.827507019, -9.12612438202, -3.32474255562],
        "cov": [[9180.16699219, -4544.81347656, 826.282470703, -174.586837769, -772.092346191, -979.223449707, 709.202636719, -76.9180221558, -122.347854614, 709.779663086, -587.728515625, 205.299438477, 237.18649292], [-4544.81347656, 3668.06713867, -1038.05102539, 114.067932129, 606.786560059, 238.193786621, -171.049957275, 100.808250427, 21.2914485931, -138.41506958, 287.243988037, -60.1666259766, -2.11017799377], [826.282470703, -1038.05102539, 1009.06072998, -136.986175537, -170.529418945, 135.718612671, 68.7502593994, 63.7246665955, 21.089056015, -22.6206550598, -7.67371177673, 74.8678665161, -11.3701448441], [-174.586837769, 114.067932129, -136.986175537, 424.871551514, 52.6570396423, 134.712905884, -2.84365606308, 8.32993602753, 78.4796218872, 29.3126564026, 59.89585495, 19.7421951294, -4.9630074501], [-772.092346191, 606.786560059, -170.529418945, 52.6570396423, 516.018554688, 27.1751365662, -177.549133301, 36.6348800659, 52.0657958984, -24.7807826996, 58.0375328064, 71.0866165161, 31.609828949], [-979.223449707, 238.193786621, 135.718612671, 134.712905884, 27.1751365662, 509.024871826, -141.53515625, 62.7990913391, 117.586128235, -127.383987427, 167.49571228, -44.388999939, -81.880355835], [709.202636719, -171.049957275, 68.7502593994, -2.84365606308, -177.549133301, -141.53515625, 493.003265381, -5.12106800079, -55.3585395813, 144.832550049, -76.8933105469, 50.6972541809, 47.0394554138], [-76.9180221558, 100.808250427, 63.7246665955, 8.32993602753, 36.6348800659, 62.7990913391, -5.12106800079, 230.877120972, -26.7423286438, 43.4462890625, 42.0184288025, 7.54780483246, 20.2676048279], [-122.347854614, 21.2914485931, 21.089056015, 78.4796218872, 52.0657958984, 117.586128235, -55.3585395813, -26.7423286438, 211.814422607, -75.0994262695, 56.5599975586, 21.6653251648, -60.7726707458], [709.779663086, -138.41506958, -22.6206550598, 29.3126564026, -24.7807826996, -127.383987427, 144.832550049, 43.4462890625, -75.0994262695, 280.604675293, -56.5093345642, 21.300453186, 60.28150177], [-587.728515625, 287.243988037, -7.67371177673, 59.89585495, 58.0375328064, 167.49571228, -76.8933105469, 42.0184288025, 56.5599975586, -56.5093345642, 241.199752808, -9.07118606567, -49.6486434937], [205.299438477, -60.1666259766, 74.8678665161, 19.7421951294, 71.0866165161, -44.388999939, 50.6972541809, 7.54780483246, 21.6653251648, 21.300453186, -9.07118606567, 163.234359741, 30.6648521423], [237.18649292, -2.11017799377, -11.3701448441, -4.9630074501, 31.609828949, -81.880355835, 47.0394554138, 20.2676048279, -60.7726707458, 60.28150177, -49.6486434937, 30.6648521423, 162.676025391]],
        "icov": [[0.000584189954679, 0.000706572143827, 0.000242878260906, 0.000119005977467, 8.40004213387e-05, 0.000510667508934, -0.000231978992815, -0.000225935917115, -0.000566995353438, -0.000783985189628, 1.75120530912e-05, -0.000167175472598, -0.00037049833918], [0.000706572143827, 0.00144724594429, 0.0009206692921, 0.000376644980861, -0.000454125343822, 0.000223176975851, -0.000594841258135, -0.000474222732009, -0.000471053732326, -0.000677642936353, -0.000379012897611, -0.000130353364511, -0.000519898661878], [0.000242878260906, 0.0009206692921, 0.00213956856169, 0.000946091953665, 2.15512718569e-05, -0.000903504143935, -0.000461578543764, -0.000625343294814, -0.000185689830687, -9.93053981801e-05, -0.000167825695826, -0.00106094393414, -0.000295145378914], [0.000119005977467, 0.000376644980861, 0.000946091953665, 0.0033221070189, -0.000118620228022, -0.00120809872169, -0.000300732121104, 2.08279143408e-05, -0.00099705636967, -0.000965020095464, -0.00030224150396, -0.000699916679878, -0.000477001914987], [8.40004213387e-05, -0.000454125343822, 2.15512718569e-05, -0.000118620228022, 0.00343686202541, 0.000427266146289, 0.00138694478665, -0.000281282496871, -0.000839654414449, -0.000531261437573, -1.93771415979e-06, -0.00174769596197, -0.00073720770888], [0.000510667508934, 0.000223176975851, -0.000903504143935, -0.00120809872169, 0.000427266146289, 0.0045090764761, 0.000372570706531, -0.000943424820434, -0.00149658310693, 0.000144296092913, -0.00124292972032, 0.0010482192738, 0.000165175704751], [-0.000231978992815, -0.000594841258135, -0.000461578543764, -0.000300732121104, 0.00138694478665, 0.000372570706531, 0.0032887798734, 0.000251055695117, 8.26110626804e-05, -0.000972799491137, 0.000309837778332, -0.00106533023063, -8.84318287717e-05], [-0.000225935917115, -0.000474222732009, -0.000625343294814, 2.08279143408e-05, -0.000281282496871, -0.000943424820434, 0.000251055695117, 0.00539418775588, 0.00108318054117, -0.000902529049199, -0.000686127285007, -6.76237541484e-05, -0.000342214596458], [-0.000566995353438, -0.000471053732326, -0.000185689830687, -0.00099705636967, -0.000839654414449, -0.00149658310693, 8.26110626804e-05, 0.00108318054117, 0.00754340877756, 0.00186431210022, -0.000413101603044, -0.00105794693809, 0.00222880090587], [-0.000783985189628, -0.000677642936353, -9.93053981801e-05, -0.000965020095464, -0.000531261437573, 0.000144296092913, -0.000972799491137, -0.000902529049199, 0.00186431210022, 0.00646743364632, 8.39673302835e-05, 0.000443262222689, -9.05401248019e-05], [1.75120530912e-05, -0.000379012897611, -0.000167825695826, -0.00030224150396, -1.93771415979e-06, -0.00124292972032, 0.000309837778332, -0.000686127285007, -0.000413101603044, 8.39673302835e-05, 0.0061142584309, -0.000263363472186, 0.00104952976108], [-0.000167175472598, -0.000130353364511, -0.00106094393414, -0.000699916679878, -0.00174769596197, 0.0010482192738, -0.00106533023063, -6.76237541484e-05, -0.00105794693809, 0.000443262222689, -0.000263363472186, 0.00847824849188, -0.000907808367629], [-0.00037049833918, -0.000519898661878, -0.000295145378914, -0.000477001914987, -0.00073720770888, 0.000165175704751, -8.84318287717e-05, -0.000342214596458, 0.00222880090587, -9.05401248019e-05, 0.00104952976108, -0.000907808367629, 0.00829768180847]]
    },
    "spectral_contrast_coeffs": {
        "max": [-0.310838371515, -0.418880999088, -0.40292930603, -0.581737816334, -0.516925632954, -0.580823242664],
        "mean": [-0.637409627438, -0.730768620968, -0.73987942934, -0.779568314552, -0.7728561759, -0.817938506603],
        "min": [-0.885867714882, -0.91642343998, -0.909568607807, -0.921234130859, -0.901170551777, -0.955833256245],
        "stdev": [0.0857138261199, 0.0921588391066, 0.08952011168, 0.0513811036944, 0.060187831521, 0.066638186574]
    },
    "spectral_contrast_valleys": {
        "max": [-5.7753534317, -5.24302387238, -5.36104297638, -6.37770175934, -6.31016016006, -7.94349050522],
        "mean": [-8.09495067596, -7.4601225853, -8.2158870697, -8.87391281128, -9.85470962524, -13.4322919846],
        "min": [-10.0115537643, -9.39632892609, -10.2377252579, -10.6175222397, -13.5773000717, -15.6666584015],
        "stdev": [0.736180067062, 0.601157426834, 0.672067165375, 0.699893295765, 1.3756223917, 1.91869151592]
    }
},
"rhythm": {
    "beats_count": 96,
    "beats_loudness": {
        "max": 0.111162528396,
        "mean": 0.0174280051142,
        "min": 0.000342715444276,
        "stdev": 0.0245932843536
    },
    "bpm": 151.263656616,
    "bpm_histogram_first_peak_bpm": 152,
    "bpm_histogram_first_peak_weight": 0.333333313465,
    "bpm_histogram_second_peak_bpm": 144,
    "bpm_histogram_second_peak_spread": 0.25,
    "bpm_histogram_second_peak_weight": 0.0947368443012,
    "danceability": 0.870624482632,
    "onset_rate": 2.70703125,
    "beats_loudness_band_ratio": {
        "max": [0.878721475601, 0.941793262959, 0.931690037251, 0.740572750568, 0.486412703991, 0.791957616806],
        "mean": [0.12900288403, 0.422058671713, 0.285990715027, 0.129546403885, 0.0515963248909, 0.0217136442661],
        "min": [0.000764446274843, 0.0116069344804, 0.0174689851701, 0.00845355633646, 0.000472999527119, 1.94662770809e-05],
        "stdev": [0.16349761188, 0.239277914166, 0.21900716424, 0.144561171532, 0.0833848342299, 0.0922704637051]
    },
