{
"metadata": {
    "version": {
        "essentia": "2.1-beta5",
        "essentia_git_sha": "Undefined",
        "extractor": "music 2.0"
    },
    "audio_properties": {
        "analysis": {
            "equal_loudness": 0,
            "length": 32.4963264465,
            "sample_rate": 44100,
            "start_time": 61.4980506897,
            "downmix": "mix"
        },
        "bit_rate": 192000,
        "length": 190.368972778,
        "lossless": 0,
        "number_channels": 2,
        "replay_gain": -2.09141540527,
        "sample_rate": 48000,
        "codec": "mp3",
        "md5_encoded": "925f83c51e66bde2479aac76a48cf6e2"
    },
    "tags": {
        "file_name": "Poland_Flashlight_Kasia Moś.mp3",
        "encoding": ["Lavf58.29.100"]
    }
},
"lowlevel": {
    "average_loudness": 0.855670213699,
    "barkbands_crest": {
        "max": 25.432849884,
        "mean": 12.4637517929,
        "min": 3.89396047592,
        "stdev": 4.79503965378
    },
    "barkbands_flatness_db": {
        "max": 0.424667090178,
        "mean": 0.156865641475,
        "min": 0.0500395521522,
        "stdev": 0.0570022799075
    },
    "barkbands_kurtosis": {
        "max": 95.3080215454,
        "mean": 3.13840222359,
        "min": -1.62072467804,
        "stdev": 7.88972616196
    },
    "barkbands_skewness": {
        "max": 9.05974769592,
        "mean": 1.13548064232,
        "min": -1.7646073103,
        "stdev": 1.44249010086
    },
    "barkbands_spread": {
        "max": 68.7357177734,
        "mean": 23.7970981598,
        "min": 1.27403783798,
        "stdev": 10.810300827
    },
    "dissonance": {
        "max": 0.499686211348,
        "mean": 0.465223997831,
        "min": 0.307292550802,
        "stdev": 0.0307448208332
    },
    "dynamic_complexity": 3.47693777084,
    "erbbands_crest": {
        "max": 31.4952716827,
        "mean": 11.5945720673,
        "min": 2.63843917847,
        "stdev": 6.20006990433
    },
    "erbbands_flatness_db": {
        "max": 0.334930807352,
        "mean": 0.178733959794,
        "min": 0.0613420531154,
        "stdev": 0.0584988035262
    },
    "erbbands_kurtosis": {
        "max": 37.1598968506,
        "mean": 1.88394427299,
        "min": -1.61474382877,
        "stdev": 3.78974294662
    },
    "erbbands_skewness": {
        "max": 4.54866743088,
        "mean": 0.375020027161,
        "min": -1.95920884609,
        "stdev": 0.934802293777
    },
    "erbbands_spread": {
        "max": 97.0173187256,
        "mean": 27.6138534546,
        "min": 3.20644712448,
        "stdev": 15.8376789093
    },
    "hfc": {
        "max": 113.644058228,
        "mean": 23.328622818,
        "min": 0.0240385681391,
        "stdev": 18.0763053894
    },
    "loudness_ebu128": {
        "integrated": -20.6258525848,
        "loudness_range": 3.82870483398,
        "momentary": {
            "max": -16.9819545746,
            "mean": -21.0935001373,
            "min": -28.6776294708,
            "stdev": 2.11879396439
        },
        "short_term": {
            "max": -17.9506282806,
            "mean": -20.6351795197,
            "min": -23.6672477722,
            "stdev": 1.24099028111
        }
    },
    "melbands_crest": {
        "max": 35.8926467896,
        "mean": 18.205329895,
        "min": 4.95180177689,
        "stdev": 5.89426088333
    },
    "melbands_flatness_db": {
        "max": 0.548939406872,
        "mean": 0.219126358628,
        "min": 0.104683019221,
        "stdev": 0.0653511211276
    },
    "melbands_kurtosis": {
        "max": 165.155227661,
        "mean": 10.3090314865,
        "min": -1.59663021564,
        "stdev": 18.0085678101
    },
    "melbands_skewness": {
        "max": 11.1830844879,
        "mean": 2.15398001671,
        "min": -1.33260416985,
        "stdev": 2.03716373444
    },
    "melbands_spread": {
        "max": 66.2266464233,
        "mean": 26.7197761536,
        "min": 1.04862487316,
        "stdev": 13.4483499527
    },
    "pitch_salience": {
        "max": 0.845624089241,
        "mean": 0.455851137638,
        "min": 0.106678538024,
        "stdev": 0.107999421656
    },
    "silence_rate_20dB": {
        "max": 1,
        "mean": 1,
        "min": 1,
        "stdev": 0
    },
    "silence_rate_30dB": {
        "max": 1,
        "mean": 0.997858643532,
        "min": 0,
        "stdev": 0.0462248027325
    },
    "silence_rate_60dB": {
        "max": 1,
        "mean": 0.00285510346293,
        "min": 0,
        "stdev": 0.0533568114042
    },
    "spectral_centroid": {
        "max": 3158.45336914,
        "mean": 1521.44750977,
        "min": 384.13168335,
        "stdev": 431.266052246
    },
    "spectral_complexity": {
        "max": 44,
        "mean": 17.7580299377,
        "min": 0,
        "stdev": 6.12136125565
    },
    "spectral_decrease": {
        "max": -1.20845677215e-11,
        "mean": -8.02995892002e-09,
        "min": -2.98190983017e-08,
        "stdev": 4.88599249948e-09
    },
    "spectral_energy": {
        "max": 0.122852221131,
        "mean": 0.0324229001999,
        "min": 4.77904904983e-05,
        "stdev": 0.0198046658188
    },
    "spectral_energyband_high": {
        "max": 0.00277446978725,
        "mean": 0.000467273173854,
        "min": 2.47364255301e-07,
        "stdev": 0.000409075058997
    },
    "spectral_energyband_low": {
        "max": 0.0707794874907,
        "mean": 0.0130492765456,
        "min": 2.49298900599e-05,
        "stdev": 0.00948396045715
    },
    "spectral_energyband_middle_high": {
        "max": 0.113536909223,
        "mean": 0.0132496105507,
        "min": 1.30643438752e-05,
        "stdev": 0.0166075434536
    },
    "spectral_energyband_middle_low": {
        "max": 0.0587503984571,
        "mean": 0.00588871678337,
        "min": 1.14031381599e-05,
        "stdev": 0.00759406713769
    },
    "spectral_entropy": {
        "max": 8.60868740082,
        "mean": 7.55731725693,
        "min": 6.46470451355,
        "stdev": 0.394966542721
    },
    "spectral_flux": {
        "max": 0.267660021782,
        "mean": 0.0971927046776,
        "min": 0.0195513218641,
        "stdev": 0.0452536158264
    },
    "spectral_kurtosis": {
        "max": 27.2809925079,
        "mean": 5.27686405182,
        "min": -0.385313510895,
        "stdev": 2.80837893486
    },
    "spectral_rms": {
        "max": 0.010947868228,
        "mean": 0.00536694331095,
        "min": 0.000215927924728,
        "stdev": 0.0016816657735
    },
    "spectral_rolloff": {
        "max": 5297.16796875,
        "mean": 1148.82177734,
        "min": 64.599609375,
        "stdev": 669.05078125
    },
    "spectral_skewness": {
        "max": 3.64555692673,
        "mean": 1.6691352129,
        "min": 0.540575265884,
        "stdev": 0.352989196777
    },
    "spectral_spread": {
        "max": 18667860,
        "mean": 4121839.75,
        "min": 1583686.75,
        "stdev": 1355726.5
    },
    "spectral_strongpeak": {
        "max": 10.1052160263,
        "mean": 1.57372057438,
        "min": 0,
        "stdev": 2.37607145309
    },
    "zerocrossingrate": {
        "max": 0.18017578125,
        "mean": 0.0505505278707,
        "min": 0.00439453125,
        "stdev": 0.0197146832943
    },
    "barkbands": {
        "max": [0.0243734493852, 0.0564746558666, 0.0309730172157, 0.0055191218853, 0.00965425465256, 0.0406846702099, 0.016253227368, 0.0290615092963, 0.0557357631624, 0.100025989115, 0.0361676588655, 0.0375770442188, 0.0365705676377, 0.023062389344, 0.0127132991329, 0.0141797987744, 0.00864734593779, 0.00522365421057, 0.00285380659625, 0.00209562433884, 0.0012340315152, 0.0011178572895, 0.00100725982338, 0.000994200352579, 0.000858128536493, 0.000502850976773, 4.1071070882e-05],
        "mean": [0.00196217885241, 0.00968237034976, 0.00169448798988, 0.000257967214566, 0.000625102664344, 0.0015087366337, 0.000689069973305, 0.000298315309919, 0.0016707519535, 0.00605175318196, 0.00146102102008, 0.00122886744794, 0.0010736559052, 0.00167836574838, 0.000664069200866, 0.000412690482335, 0.000324944034219, 0.000343860301655, 0.00020697034779, 0.000270976655884, 8.82566964719e-05, 4.50176157756e-05, 5.62607419852e-05, 6.00966595812e-05, 5.08352677571e-05, 1.56517762662e-05, 5.99953523306e-07],
        "min": [1.27149542095e-06, 1.39750191011e-05, 7.74579075369e-06, 3.35939694196e-06, 1.95834741135e-06, 1.32056402435e-06, 2.03613285521e-06, 1.16614512535e-06, 1.45240562688e-06, 2.34033200286e-06, 9.90170292425e-07, 1.07426251361e-06, 1.1545430425e-06, 3.8299475591e-07, 2.92739429142e-07, 3.30681615424e-07, 3.24324929579e-07, 6.25037728241e-07, 1.3924062614e-07, 8.8542691401e-08, 1.5415302812e-07, 1.40372957702e-09, 2.80254791596e-10, 1.05007433304e-10, 6.74021047309e-11, 8.05074340526e-11, 1.02714316219e-10],
        "stdev": [0.00296079716645, 0.00771378818899, 0.00227389577776, 0.000389032444218, 0.000925816129893, 0.00367156928405, 0.00154163734987, 0.0011426092824, 0.00440981425345, 0.0144235445186, 0.00436192937195, 0.00351709476672, 0.00217066309415, 0.00304215424694, 0.0012621312635, 0.00107502762694, 0.000733686552849, 0.000394762144424, 0.000217849606997, 0.000337297009537, 0.000116598050226, 7.22537515685e-05, 8.12275247881e-05, 9.73428832367e-05, 8.83680695551e-05, 3.4115055314e-05, 2.68394524028e-06]
    },
    "erbbands": {
        "max": [3.1401309967, 10.3443841934, 36.3126068115, 16.6311264038, 27.3582897186, 34.5007324219, 174.478027344, 497.850860596, 334.407928467, 269.721191406, 469.342071533, 1438.13366699, 2385.4934082, 3728.87353516, 1614.78845215, 1301.59912109, 1636.18493652, 970.462890625, 1008.40582275, 576.563354492, 956.812194824, 534.573669434, 466.619415283, 267.329559326, 84.4848175049, 124.683349609, 60.0868530273, 39.4643974304, 40.7647285461, 32.4840698242, 24.880197525, 18.9560451508, 23.9417953491, 13.2712068558, 6.97445487976, 2.72384333611, 0.664875388145, 0.185321345925, 0.00499316304922, 0.000166825964698],
        "mean": [0.420044332743, 1.6372410059, 2.18332195282, 1.25556719303, 1.54185295105, 2.15335154533, 5.5260181427, 14.5673065186, 12.2964067459, 5.87864637375, 10.9919319153, 39.2803115845, 104.58164978, 170.51651001, 62.5152511597, 53.3786964417, 52.2597808838, 72.8894119263, 65.4419250488, 24.9435253143, 20.844083786, 17.9975414276, 18.8572998047, 14.2172346115, 10.2376680374, 13.7292938232, 6.20285224915, 2.28544163704, 1.65615558624, 1.60385632515, 1.59143543243, 1.16333901882, 1.0585026741, 0.689761281013, 0.302452713251, 0.0921821147203, 0.0235723629594, 0.00370204192586, 0.000108521795482, 4.16939474235e-05],
        "min": [0.000394292874262, 0.00315088964999, 0.00875373184681, 0.0110548362136, 0.00905907060951, 0.00590476999059, 0.00258355448022, 0.0149366725236, 0.033459417522, 0.0211664717644, 0.0268572717905, 0.0324378237128, 0.0313902013004, 0.200448542833, 0.0945945829153, 0.0401196740568, 0.0569614954293, 0.021500563249, 0.0235071424395, 0.0144516788423, 0.0184573307633, 0.0183388441801, 0.0399643033743, 0.0145343113691, 0.00349743315019, 0.00433493871242, 0.00615920173004, 0.000610628456343, 8.51453369251e-05, 2.21308910113e-05, 1.23599238577e-05, 9.13246822165e-06, 4.64689173896e-06, 3.14325416184e-06, 2.44768557423e-06, 1.7031002244e-06, 9.63245838648e-07, 1.73318994712e-07, 7.50259914639e-07, 1.28113356368e-07],
        "stdev": [0.38102927804, 1.39561295509, 2.70402979851, 1.40907120705, 2.34577012062, 3.44098591805, 12.6830310822, 39.6243171692, 27.8759651184, 15.7169704437, 28.0247573853, 102.105804443, 237.921264648, 422.590667725, 161.22694397, 134.313369751, 99.2960281372, 125.499092102, 111.632171631, 47.1885986328, 52.7535209656, 38.7942390442, 23.8885803223, 16.015668869, 11.0157575607, 17.8160476685, 7.16470909119, 3.23262786865, 2.58175516129, 2.68755197525, 2.26396203041, 1.72815048695, 1.89105117321, 1.21341240406, 0.58577132225, 0.186335787177, 0.0558655485511, 0.0115937525406, 0.000300861516735, 2.50087377935e-05]
    },
    "gfcc": {
        "mean": [-0.325897186995, 102.706199646, -131.648269653, 35.0647354126, -42.1448554993, 33.0556755066, -24.6163539886, 22.2844009399, -19.6195583344, 8.38371372223, -1.00735878944, -1.42526042461, -0.663084864616],
        "cov": [[2847.36743164, -1418.73083496, 8.54943370819, -170.305938721, -461.216461182, 489.508850098, -355.655700684, 302.93157959, -393.209320068, 187.742523193, -48.9535255432, 126.841392517, -18.5143852234], [-1418.73083496, 1198.93615723, -280.250091553, 79.8781356812, 205.476455688, -338.394226074, 284.878448486, -217.61328125, 236.787384033, -174.567932129, 106.594200134, -166.230209351, 119.679450989], [8.54943370819, -280.250091553, 511.62097168, 64.7618942261, -7.94859170914, -16.1459159851, -174.569091797, 55.2386894226, -20.4767951965, 62.490322113, -79.6020584106, 90.4362411499, -135.459945679], [-170.305938721, 79.8781356812, 64.7618942261, 215.602233887, -19.4157409668, -72.7288284302, -68.6434783936, -48.4037437439, 78.1854095459, -7.492852211, 20.6233654022, -9.33781051636, -14.6362524033], [-461.216461182, 205.476455688, -7.94859170914, -19.4157409668, 257.802246094, -63.2086257935, 109.026161194, -52.1428108215, 38.1414337158, 7.50330495834, -26.6729888916, -1.08623802662, -3.36479353905], [489.508850098, -338.394226074, -16.1459159851, -72.7288284302, -63.2086257935, 250.813644409, -1.0954272747, 63.4575996399, -93.2006530762, -6.7955698967, -0.546848475933, 10.7526521683, -8.2409992218], [-355.655700684, 284.878448486, -174.569091797, -68.6434783936, 109.026161194, -1.0954272747, 337.696807861, -68.4092483521, 6.66682958603, -91.4927062988, 23.6626033783, -31.5917739868, 33.4309577942], [302.93157959, -217.61328125, 55.2386894226, -48.4037437439, -52.1428108215, 63.4575996399, -68.4092483521, 137.838882446, -37.1589622498, 28.8884868622, -26.6904640198, 22.9520225525, -3.27321457863], [-393.209320068, 236.787384033, -20.4767951965, 78.1854095459, 38.1414337158, -93.2006530762, 6.66682958603, -37.1589622498, 183.692398071, -34.0817070007, -3.70252466202, -33.9923362732, 34.6835327148], [187.742523193, -174.567932129, 62.490322113, -7.492852211, 7.50330495834, -6.7955698967, -91.4927062988, 28.8884868622, -34.0817070007, 135.85597229, 2.00787258148, 33.2639884949, -44.3050765991], [-48.9535255432, 106.594200134, -79.6020584106, 20.6233654022, -26.6729888916, -0.546848475933, 23.6626033783, -26.6904640198, -3.70252466202, 2.00787258148, 126.650131226, -12.5493879318, 10.5930528641], [126.841392517, -166.230209351, 90.4362411499, -9.33781051636, -1.08623802662, 10.7526521683, -31.5917739868, 22.9520225525, -33.9923362732, 33.2639884949, -12.5493879318, 92.4111251831, -25.5223655701], [-18.5143852234, 119.679450989, -135.459945679, -14.6362524033, -3.36479353905, -8.2409992218, 33.4309577942, -3.27321457863, 34.6835327148, -44.3050765991, 10.5930528641, -25.5223655701, 139.572662354]],
        "icov": [[0.00155508855823, 0.00118470855523, 0.000791610684246, -5.78234430577e-05, 0.00135358597618, -0.00051234534476, 0.000348184577888, -0.000432278262451, 0.00130101817194, -0.000697993091308, 0.000354963616701, 0.000105121107481, -0.000691088556778], [0.00118470855523, 0.00732765439898, 0.000566173635889, 0.00133180676494, -0.00160821864847, 0.00649957358837, -0.00113269535359, 0.00176924827974, -0.00115399563219, 0.00458215922117, -0.00464102718979, 0.00641161715612, -0.0015131853288], [0.000791610684246, 0.000566173635889, 0.00458115432411, -0.000961158599239, 0.000177873720531, 8.35556638776e-05, 0.00171553622931, -0.00121890834998, 0.000685066508595, 0.000643505656626, 0.00182349025272, -0.00268724374473, 0.00293887220323], [-5.78234430577e-05, 0.00133180676494, -0.000961158599239, 0.00782906170934, 8.88768845471e-05, 0.0022423164919, 0.00142463727389, 0.00303877913393, -0.00306268851273, 0.00214530760422, -0.00263208686374, 0.00156987353694, 0.000531969009899], [0.00135358597618, -0.00160821864847, 0.000177873720531, 8.88768845471e-05, 0.00809390842915, -0.00255586556159, -0.00150273763575, 0.00040571379941, 0.00085714366287, -0.00503400200978, 0.00391731504351, -0.00259703560732, -0.00042898740503], [-0.00051234534476, 0.00649957358837, 8.35556638776e-05, 0.0022423164919, -0.00255586556159, 0.0133529091254, -0.00162198801991, 0.00042037453386, -0.000487821176648, 0.00700397277251, -0.00550567731261, 0.00679485267028, -0.000194867112441], [0.000348184577888, -0.00113269535359, 0.00171553622931, 0.00142463727389, -0.00150273763575, -0.00162198801991, 0.00648451084271, 0.00078447983833, 0.00108252861537, 0.00277527444996, 0.000233737300732, -0.00204368820414, 0.0013855349971], [-0.000432278262451, 0.00176924827974, -0.00121890834998, 0.00303877913393, 0.00040571379941, 0.00042037453386, 0.00078447983833, 0.0121324798092, -0.0014737509191, 0.000333280186169, -0.000201482238481, 0.00136321398895, -0.00157093489543], [0.00130101817194, -0.00115399563219, 0.000685066508595, -0.00306268851273, 0.00085714366287, -0.000487821176648, 0.00108252861537, -0.0014737509191, 0.0105874929577, -0.000777877285145, 0.00254400144331, -3.60623889719e-05, -0.00187375303358], [-0.000697993091308, 0.00458215922117, 0.000643505656626, 0.00214530760422, -0.00503400200978, 0.00700397277251, 0.00277527444996, 0.000333280186169, -0.000777877285145, 0.0166722349823, -0.00582813611254, 0.00248644081876, 0.00284575275145], [0.000354963616701, -0.00464102718979, 0.00182349025272, -0.00263208686374, 0.00391731504351, -0.00550567731261, 0.000233737300732, -0.000201482238481, 0.00254400144331, -0.00582813611254, 0.0138400467113, -0.00493711419404, 0.00079358270159], [0.000105121107481, 0.00641161715612, -0.00268724374473, 0.00156987353694, -0.00259703560732, 0.00679485267028, -0.00204368820414, 0.00136321398895, -3.60623889719e-05, 0.00248644081876, -0.00493711419404, 0.0209939014167, -0.00205528154038], [-0.000691088556778, -0.0015131853288, 0.00293887220323, 0.000531969009899, -0.00042898740503, -0.000194867112441, 0.0013855349971, -0.00157093489543, -0.00187375303358, 0.00284575275145, 0.00079358270159, -0.00205528154038, 0.0118209682405]]
    },
    "melbands": {
        "max": [0.020796097815, 0.0151671487838, 0.00290134595707, 0.00250694528222, 0.00488936062902, 0.00965689215809, 0.00440954510123, 0.00439822254702, 0.00485783349723, 0.00948625709862, 0.0121862310916, 0.0165434312075, 0.00569372111931, 0.00556581281126, 0.00504885753617, 0.00207087770104, 0.00214792252518, 0.00186446669977, 0.000665160070639, 0.000933374394663, 0.00110873044468, 0.00055088091176, 0.000807034783065, 0.000277999497484, 0.000245562434429, 7.14740745025e-05, 0.000115318012831, 0.000100622200989, 4.82336836285e-05, 5.72810313315e-05, 2.82925539068e-05, 2.32510865317e-05, 2.36644009419e-05, 1.83690390259e-05, 1.52504080688e-05, 1.71531537489e-05, 1.39178127938e-05, 2.18046352529e-05, 1.74099750438e-05, 1.30019570861e-05],
        "mean": [0.00326624955051, 0.00138106092345, 0.000230363293667, 0.000141797965625, 0.000171588646481, 0.000316342833685, 0.00017419292999, 5.84825465921e-05, 0.000111246088636, 0.00025226775324, 0.000576185819227, 0.000767617719248, 0.000207340330235, 0.00014416599879, 0.000128830171889, 9.96251619654e-05, 0.000147590995766, 0.000125242790091, 3.52998176822e-05, 3.11057010549e-05, 2.25918720389e-05, 1.81622381206e-05, 1.78872178367e-05, 1.62734231708e-05, 1.11110575745e-05, 7.42900874684e-06, 7.82474762673e-06, 9.47354419623e-06, 4.39000450569e-06, 2.14219608097e-06, 1.01115654161e-06, 9.64489686339e-07, 8.21166906917e-07, 9.20490776934e-07, 9.40975269259e-07, 8.42810038648e-07, 6.43870976091e-07, 7.29113139641e-07, 6.99931035797e-07, 5.59460431759e-07],
        "min": [3.76851903638e-06, 4.42494592789e-06, 1.85178782885e-06, 5.2290442909e-07, 1.13485668862e-07, 3.42027675515e-07, 4.84563372538e-07, 2.29063971346e-07, 2.14649958252e-07, 2.10389529798e-07, 1.31148127025e-07, 8.10104950233e-07, 2.21620936713e-07, 1.30035047619e-07, 9.56171959388e-08, 1.07692784468e-07, 3.27237472675e-08, 4.23707611219e-08, 1.55217652065e-08, 2.25591403336e-08, 2.08031138982e-08, 1.70930256616e-08, 3.05180734017e-08, 2.46087132894e-08, 1.01082040516e-08, 2.84342527301e-09, 2.20445639521e-09, 2.24148410943e-09, 2.35085240163e-09, 4.50364356919e-10, 6.58188920033e-11, 4.31335210604e-11, 9.97348124226e-12, 7.76173743333e-12, 5.03515892175e-12, 4.00026610144e-13, 1.27570664536e-12, 1.207397138e-12, 1.22528072757e-12, 5.25274051685e-13],
        "stdev": [0.00271847750992, 0.00127915770281, 0.000249727367191, 0.000219150693738, 0.000368790177163, 0.000806394557003, 0.000386975472793, 0.000194095962797, 0.000276478385786, 0.00070984341437, 0.00130982301198, 0.00195969967172, 0.00061681040097, 0.000433499197243, 0.00031908787787, 0.000169172330061, 0.000281024578726, 0.000229499739362, 5.98192418693e-05, 8.39062704472e-05, 6.14489472355e-05, 4.45607292932e-05, 3.2527892472e-05, 2.02692153835e-05, 1.40791826198e-05, 8.42094686959e-06, 1.07591977212e-05, 1.28203037093e-05, 5.73439729123e-06, 3.43905048794e-06, 1.70825387613e-06, 1.47099137848e-06, 1.53487076204e-06, 1.56212615821e-06, 1.38560790219e-06, 1.28709245928e-06, 1.01700504729e-06, 1.37151926083e-06, 1.28499584662e-06, 1.08060862658e-06]
    },
    "melbands128": {
        "max": [0.0183319617063, 0.0323881283402, 0.0262055881321, 0.0183912180364, 0.0212095528841, 0.0124587845057, 0.0030497382395, 0.00282679917291, 0.00302418903448, 0.00440998841077, 0.00247160159051, 0.00310226483271, 0.00657862843946, 0.0134574091062, 0.0186180043966, 0.0115648787469, 0.00913506466895, 0.00678114406765, 0.00343887065537, 0.00455936975777, 0.0085697863251, 0.00782476458699, 0.00660138763487, 0.0124493166804, 0.0120874149725, 0.0214337259531, 0.0171671658754, 0.0230764336884, 0.0184866432101, 0.0337056554854, 0.0133252199739, 0.010152798146, 0.010624371469, 0.0104955621064, 0.00997431948781, 0.00965779740363, 0.00628880597651, 0.00991375930607, 0.0101880542934, 0.00362644460984, 0.00299042277038, 0.00230382825248, 0.00372218992561, 0.00625077402219, 0.00483568012714, 0.00419916352257, 0.00304641388357, 0.000711563101504, 0.00108968932182, 0.00195094791707, 0.00184406014159, 0.00195167819038, 0.00291023240425, 0.000592612836044, 0.00177616905421, 0.000998408533633, 0.0015863776207, 0.00136370619293, 0.000643186911475, 0.000524672912434, 0.000306962581817, 0.000407232902944, 0.000652411545161, 0.000416571972892, 0.000157501373906, 0.000133727357024, 0.000153027984197, 0.000138304443681, 0.000214846688323, 0.000250808574492, 0.000164588782354, 0.000164187003975, 0.000115846822155, 7.88293691585e-05, 6.18985213805e-05, 0.000108716718387, 4.46940503025e-05, 4.8427409638e-05, 3.79668890673e-05, 2.70100917987e-05, 1.99812075152e-05, 3.98487973143e-05, 2.94530236715e-05, 2.64074751612e-05, 1.78422615136e-05, 3.45945627487e-05, 2.76908267551e-05, 2.09375848499e-05, 2.45907376666e-05, 2.13962248381e-05, 2.5955703677e-05, 2.04873140319e-05, 1.31002916532e-05, 1.50285677591e-05, 1.42689705172e-05, 2.29908837355e-05, 3.37084420607e-05, 2.58969230345e-05, 2.27364653256e-05, 1.09332395368e-05, 2.07770463021e-05, 1.91749149963e-05, 2.83412791759e-05, 1.54353783728e-05, 1.45958629219e-05, 1.23049549074e-05, 1.0236354683e-05, 7.01139060766e-06, 5.68350196772e-06, 8.41429482534e-06, 5.54931602892e-06, 2.75089905699e-06, 1.91677804651e-06, 1.7626321096e-06, 2.74151784652e-06, 2.55377403846e-06, 1.55675093083e-06, 2.84335811784e-07, 1.66308893768e-07, 1.93128315118e-07, 5.748892562e-08, 1.01801433061e-07, 4.10650606852e-08, 2.86600809751e-09, 2.72165207038e-10, 2.55909821112e-10, 2.47309922541e-10, 2.40062913992e-10],
        "mean": [0.00152757368051, 0.00379902194254, 0.00405564904213, 0.0022069697734, 0.00129189807922, 0.000701373210177, 0.000236508101807, 0.000119816373626, 0.000149212850374, 0.000186304183444, 0.000104954975541, 7.10974636604e-05, 0.000143414130434, 0.000342333398294, 0.000412205670727, 0.000238749824348, 0.000211368838791, 0.000192308449186, 8.98952202988e-05, 4.7295125114e-05, 5.12668775627e-05, 5.65477093915e-05, 8.87540736585e-05, 0.000197415880393, 0.000269118812867, 0.000259663298493, 0.000262495450443, 0.000442943768576, 0.000877833226696, 0.00144749891479, 0.000387311447412, 0.000204169162316, 0.000259052612819, 0.000155917863594, 0.00013160573144, 0.000155754591106, 0.000139530617162, 0.000119153846754, 0.000142211400089, 0.000103811304143, 0.000103877609945, 6.01846768404e-05, 0.000128628365928, 0.000223456008825, 0.00015543664631, 0.00012558013259, 6.21929139015e-05, 2.51232013397e-05, 2.68379317276e-05, 3.58669458365e-05, 3.24684369843e-05, 2.47642310569e-05, 2.69442480203e-05, 1.82114108611e-05, 2.05524720513e-05, 1.59939590958e-05, 1.87301066035e-05, 1.98654797714e-05, 1.45030353451e-05, 2.07041757676e-05, 1.34694828375e-05, 1.80793977052e-05, 1.28092187879e-05, 8.63024160935e-06, 8.7226717369e-06, 7.21978267393e-06, 7.02239094608e-06, 6.39614654574e-06, 7.40743416827e-06, 1.05346898636e-05, 1.15200436994e-05, 7.97228858573e-06, 5.53002746528e-06, 3.92857509723e-06, 2.71444855571e-06, 2.57247825175e-06, 1.71031956597e-06, 1.01663601981e-06, 9.98715449896e-07, 8.55979919834e-07, 1.08651067876e-06, 9.77808554126e-07, 7.39997688015e-07, 8.30063243029e-07, 8.44795749799e-07, 8.90002922915e-07, 9.341544569e-07, 1.01338002878e-06, 9.67639152805e-07, 8.5722450649e-07, 8.88132262844e-07, 8.64606931827e-07, 7.34363652555e-07, 6.16730972069e-07, 5.71123280224e-07, 6.98992494108e-07, 7.29488306206e-07, 8.38792232116e-07, 7.71367069774e-07, 5.80931441618e-07, 5.65982475109e-07, 5.61275612654e-07, 5.57335113172e-07, 4.44870380534e-07, 3.35792464057e-07, 2.4980832336e-07, 1.89032078879e-07, 1.69263060457e-07, 1.52734429548e-07, 1.43928559737e-07, 1.09545183591e-07, 8.3869252876e-08, 6.259465124e-08, 5.37111866095e-08, 5.35117870015e-08, 4.66564422652e-08, 2.1544192208e-08, 3.13635961646e-09, 5.37625388652e-10, 4.77218820016e-10, 2.12758685669e-10, 2.97721958198e-10, 1.29889113354e-10, 8.12823593155e-12, 5.35435714863e-12, 5.029395303e-12, 4.84640626242e-12, 4.79620683447e-12],
        "min": [4.7549502824e-07, 3.06321862809e-06, 4.74264197692e-06, 5.37748883289e-06, 4.82032237414e-06, 3.59735622624e-06, 2.36684536503e-06, 1.03143838714e-06, 7.56605459173e-07, 5.08333130256e-07, 3.0044307664e-07, 1.44949339642e-07, 4.68145877619e-08, 7.5670399724e-08, 2.64062578026e-07, 3.15706671472e-07, 3.1783332588e-07, 2.50693574344e-07, 2.65256801413e-07, 1.96055850665e-07, 2.3278951744e-07, 2.48077554943e-07, 2.1702582842e-07, 1.73270535697e-07, 1.87993194345e-07, 1.84937576364e-07, 1.83811081911e-07, 5.27927888072e-08, 9.83565655588e-08, 5.24339043295e-07, 4.67342687216e-07, 8.38544309545e-08, 1.14655165362e-07, 6.70205508868e-08, 4.83658375572e-08, 4.38959411042e-08, 5.96577507395e-08, 6.14155624135e-08, 1.11169484285e-07, 8.52574686405e-08, 7.34980218908e-08, 2.35559696193e-08, 2.69731099678e-08, 3.80428417657e-08, 4.07127274116e-08, 5.38515969595e-08, 3.00504616746e-08, 4.95042096205e-09, 1.24470460605e-08, 2.74316604987e-08, 1.85510362627e-08, 2.487796813e-08, 2.46390072789e-08, 1.56445434385e-08, 1.44964289461e-08, 1.58964308383e-08, 1.18795604465e-08, 2.78024483436e-08, 2.51685818853e-08, 1.40145166583e-08, 1.13783160671e-08, 8.66206484318e-09, 5.73850522656e-09, 2.33002328542e-09, 6.02006444694e-09, 1.88401605428e-09, 9.50362344376e-10, 2.19309082006e-09, 1.83429527123e-09, 2.27910967876e-10, 3.37602085176e-10, 1.98723637546e-09, 1.9363541881e-09, 7.01427638194e-10, 8.43484060375e-10, 1.59310759029e-10, 2.66262654286e-11, 2.40383060679e-11, 9.0879838377e-11, 7.87008444525e-11, 6.93950036323e-11, 1.47224142599e-11, 8.85867594558e-12, 1.16697641134e-11, 8.74206696616e-12, 7.20183548214e-12, 3.66873155119e-12, 6.01188066343e-12, 5.03669892252e-12, 4.17594940832e-13, 2.5979357012e-13, 3.36438613514e-13, 5.23126301392e-13, 7.51132988273e-13, 1.51627159179e-12, 1.07697314608e-12, 6.0271552289e-13, 1.56906107031e-12, 8.56216898597e-13, 7.87102479548e-13, 5.61983673573e-13, 4.9254784279e-13, 4.25830052643e-13, 5.06251832989e-13, 5.45861424638e-13, 3.73185857216e-13, 5.06455337737e-13, 4.40303040338e-13, 3.12816911046e-13, 3.44731323565e-13, 4.12587797044e-13, 3.59391959552e-13, 3.94725837303e-13, 3.21175567695e-13, 3.72887484779e-13, 2.97978899584e-13, 3.97879673002e-13, 3.18914003278e-13, 3.2473383791e-13, 3.25414933715e-13, 3.186003978e-13, 3.24499243665e-13, 2.10600037843e-13, 3.29121739627e-13, 2.27198793633e-13, 6.96989124402e-14, 1.00272717443e-14, 4.8460480742e-16],
        "stdev": [0.00230357982218, 0.0038255462423, 0.00351387471892, 0.00211814558133, 0.00165954686236, 0.000919956131838, 0.000286757218419, 0.000194240259589, 0.00026917620562, 0.000350912770955, 0.000202393144718, 0.000190270249732, 0.000403743993957, 0.000928430876229, 0.00133951625321, 0.000822679081466, 0.000674405775499, 0.000507051940076, 0.000220053058001, 0.000202021707082, 0.000311516894726, 0.00026645231992, 0.000301821622998, 0.000577787111979, 0.000801578455139, 0.00119377998635, 0.00110931717791, 0.00175491312984, 0.00243992870674, 0.00433440133929, 0.00120984355453, 0.0007725834148, 0.00106527202297, 0.000646637927275, 0.000633363961242, 0.00063754315488, 0.000497475557495, 0.000446068675956, 0.000500645430293, 0.000252766039921, 0.000218471119297, 0.000190459220903, 0.000363365805242, 0.000543392670806, 0.000416912545916, 0.000341102771927, 0.000174740125658, 6.94728369126e-05, 7.9626988736e-05, 0.000118497671792, 0.000132163826493, 9.06597852008e-05, 0.000129173975438, 4.95437416248e-05, 8.76506237546e-05, 5.65001391806e-05, 6.84993938194e-05, 5.7975830714e-05, 2.71534445346e-05, 3.9088223275e-05, 2.49916065513e-05, 3.31516166625e-05, 2.72302295343e-05, 1.59580140462e-05, 1.32540180857e-05, 1.10004129965e-05, 1.12449633889e-05, 1.19589676615e-05, 1.54228200699e-05, 2.15402014874e-05, 2.06530858122e-05, 1.53567689267e-05, 9.65317849477e-06, 6.975197266e-06, 5.11814232595e-06, 5.50774029762e-06, 3.60960802936e-06, 2.39305859395e-06, 2.12782356357e-06, 1.53870882968e-06, 1.65018434473e-06, 1.82048711395e-06, 1.71102203694e-06, 1.70675832578e-06, 1.65686321907e-06, 1.88631224773e-06, 1.74627359684e-06, 1.70992677795e-06, 1.67746679836e-06, 1.40942756843e-06, 1.58446357545e-06, 1.47274749907e-06, 1.31535432502e-06, 1.10409303034e-06, 9.86426812233e-07, 1.3588856973e-06, 1.69441159414e-06, 1.7585173282e-06, 1.69684733464e-06, 9.87661223917e-07, 1.20586594221e-06, 1.27420730678e-06, 1.28881401906e-06, 9.98849827738e-07, 7.77123545959e-07, 6.67938593324e-07, 4.74578513376e-07, 3.75953817411e-07, 3.42655198438e-07, 4.20120528588e-07, 3.37423585961e-07, 2.20687951469e-07, 1.75291134497e-07, 1.54114673023e-07, 1.80643212389e-07, 1.62554258054e-07, 9.55552081905e-08, 1.8685778258e-08, 6.59645849055e-09, 6.16298034828e-09, 2.10573247728e-09, 3.74847708429e-09, 1.70442826519e-09, 7.93785454034e-11, 1.01103188321e-11, 9.74983115076e-12, 9.5488469562e-12, 9.39010414563e-12]
    },
    "mfcc": {
        "mean": [-639.486694336, 127.225967407, -14.6934490204, 16.0048160553, 13.2089033127, 9.50603294373, 18.6914806366, 9.69152450562, 2.84964966774, 13.2311229706, 5.59556484222, 3.26517367363, 0.861968696117],
        "cov": [[2793.12353516, -1168.23608398, 83.0054016113, -469.47354126, -83.3886413574, -81.6276550293, 111.787132263, -70.0541152954, -114.573013306, 1.00705742836, -128.233901978, 41.0695495605, -11.247633934], [-1168.23608398, 900.977172852, -265.626586914, 222.461837769, -67.5795669556, 8.84667778015, 12.0705537796, 18.6169757843, 19.0499992371, 39.0014457703, 15.4283189774, -48.1328125, 38.9361305237], [83.0054016113, -265.626586914, 417.086700439, 4.25413322449, 93.9987716675, -45.9348144531, -107.3800354, -5.63211297989, -13.8215522766, -55.9428062439, 26.5040206909, 38.4418411255, -1.59178864956], [-469.47354126, 222.461837769, 4.25413322449, 271.955169678, 11.9241867065, 7.66162872314, -90.4648971558, -26.0520782471, 18.9115142822, -41.4549942017, 27.563873291, 37.987361908, 43.9702835083], [-83.3886413574, -67.5795669556, 93.9987716675, 11.9241867065, 196.269470215, -27.3138008118, -79.7183151245, -50.4336509705, 38.5389900208, -22.099445343, 4.66053724289, 28.647605896, 12.103096962], [-81.6276550293, 8.84667778015, -45.9348144531, 7.66162872314, -27.3138008118, 134.900482178, 42.4393501282, 32.143825531, -13.1980228424, 19.6980934143, 13.5496892929, -41.1820755005, -16.4727020264], [111.787132263, 12.0705537796, -107.3800354, -90.4648971558, -79.7183151245, 42.4393501282, 219.997787476, 50.4820594788, -51.8753395081, 28.7953071594, -9.54371833801, -34.9942932129, -13.5198335648], [-70.0541152954, 18.6169757843, -5.63211297989, -26.0520782471, -50.4336509705, 32.143825531, 50.4820594788, 130.148971558, 7.74099826813, 16.8272571564, -2.29899978638, -32.9288330078, -21.6638317108], [-114.573013306, 19.0499992371, -13.8215522766, 18.9115142822, 38.5389900208, -13.1980228424, -51.8753395081, 7.74099826813, 141.866104126, 10.2816200256, -12.5748119354, -39.4161758423, -40.3221511841], [1.00705742836, 39.0014457703, -55.9428062439, -41.4549942017, -22.099445343, 19.6980934143, 28.7953071594, 16.8272571564, 10.2816200256, 90.8484344482, 8.36762523651, -38.9119606018, -27.9833507538], [-128.233901978, 15.4283189774, 26.5040206909, 27.563873291, 4.66053724289, 13.5496892929, -9.54371833801, -2.29899978638, -12.5748119354, 8.36762523651, 79.6605529785, 18.7151069641, -8.76922893524], [41.0695495605, -48.1328125, 38.4418411255, 37.987361908, 28.647605896, -41.1820755005, -34.9942932129, -32.9288330078, -39.4161758423, -38.9119606018, 18.7151069641, 135.804870605, 56.1440887451], [-11.247633934, 38.9361305237, -1.59178864956, 43.9702835083, 12.103096962, -16.4727020264, -13.5198335648, -21.6638317108, -40.3221511841, -27.9833507538, -8.76922893524, 56.1440887451, 142.916748047]],
        "icov": [[0.00144125916995, 0.00198176107369, 0.000738060742151, 0.000651536975056, 0.00103307829704, 0.000978456344455, 0.000119025418826, 0.000808041193523, 0.00081856927136, -0.000485961907543, 0.00136670644861, 0.000226806063438, -0.0003291227913], [0.00198176107369, 0.00486616278067, 0.00236790883355, -0.00120274431538, 0.00124951684847, 0.00251720449887, 0.000108651511255, 0.000439240597188, 0.00168397498783, -0.00142155040521, 0.00131728360429, 0.00169852888212, -0.000901836378034], [0.000738060742151, 0.00236790883355, 0.00483427615836, -0.000367875851225, -0.000973123474978, 0.00209475681186, 0.00181209784932, -0.00133327976801, 0.00225004041567, 0.00125196261797, -0.000968629552517, 0.00142451957799, 0.000134081536089], [0.000651536975056, -0.00120274431538, -0.000367875851225, 0.00767704937607, 0.0014500040561, -0.00187895994168, 0.00228691287339, 0.00128478067927, -0.00122947571799, 0.00276970723644, -0.000942101876717, -0.0015997281298, -0.00114929804113], [0.00103307829704, 0.00124951684847, -0.000973123474978, 0.0014500040561, 0.00818632915616, -8.95911489351e-06, 0.00110233994201, 0.0030914847739, -0.00210231402889, 2.00261220016e-05, 0.000779285677709, -0.000999800860882, -0.000986106926575], [0.000978456344455, 0.00251720449887, 0.00209475681186, -0.00187895994168, -8.95911489351e-06, 0.0110737774521, -0.000795654894318, -0.00160446728114, 0.00277167162858, -0.000999003881589, -0.00141358899418, 0.00406875135377, -0.000147447935888], [0.000119025418826, 0.000108651511255, 0.00181209784932, 0.00228691287339, 0.00110233994201, -0.000795654894318, 0.00806561205536, -0.00189855846111, 0.00288724945858, 0.000454728666227, -3.37274432241e-05, 0.000913608062547, 0.000129161970108], [0.000808041193523, 0.000439240597188, -0.00133327976801, 0.00128478067927, 0.0030914847739, -0.00160446728114, -0.00189855846111, 0.0108053199947, -0.00182731810492, -0.000612230389379, 0.00114275538363, 7.92745122453e-05, -5.10901372763e-05], [0.00081856927136, 0.00168397498783, 0.00225004041567, -0.00122947571799, -0.00210231402889, 0.00277167162858, 0.00288724945858, -0.00182731810492, 0.0117516340688, -0.000856536207721, 0.00198585842736, 0.00354988779873, 0.00237776897848], [-0.000485961907543, -0.00142155040521, 0.00125196261797, 0.00276970723644, 2.00261220016e-05, -0.000999003881589, 0.000454728666227, -0.000612230389379, -0.000856536207721, 0.0157046578825, -0.00397042417899, 0.00259604188614, 0.000914094038308], [0.00136670644861, 0.00131728360429, -0.000968629552517, -0.000942101876717, 0.000779285677709, -0.00141358899418, -3.37274432241e-05, 0.00114275538363, 0.00198585842736, -0.00397042417899, 0.0171845909208, -0.00357704656199, 0.00221137073822], [0.000226806063438, 0.00169852888212, 0.00142451957799, -0.0015997281298, -0.000999800860882, 0.00406875135377, 0.000913608062547, 7.92745122453e-05, 0.00354988779873, 0.00259604188614, -0.00357704656199, 0.0132266106084, -0.00319039379247], [-0.0003291227913, -0.000901836378034, 0.000134081536089, -0.00114929804113, -0.000986106926575, -0.000147447935888, 0.000129161970108, -5.10901372763e-05, 0.00237776897848, 0.000914094038308, 0.00221137073822, -0.00319039379247, 0.00988180935383]]
    },
    "spectral_contrast_coeffs": {
        "max": [-0.520034790039, -0.490387946367, -0.425211519003, -0.581781327724, -0.641416311264, -0.572934150696],
        "mean": [-0.790051877499, -0.772034347057, -0.722950041294, -0.762624502182, -0.771420478821, -0.787037551403],
        "min": [-0.961292207241, -0.91473031044, -0.899893701077, -0.900371432304, -0.870968699455, -0.890281200409],
        "stdev": [0.0493177957833, 0.0747300684452, 0.109378345311, 0.0621861442924, 0.0408654697239, 0.0419960357249]
    },
    "spectral_contrast_valleys": {
        "max": [-5.45911979675, -5.24759674072, -5.43661594391, -5.88150072098, -6.27178955078, -8.57046031952],
        "mean": [-6.5525636673, -6.81984329224, -7.2232131958, -7.35429859161, -7.54999828339, -10.3974866867],
        "min": [-8.88989448547, -9.70059204102, -9.35361099243, -9.81527996063, -10.682718277, -15.9384298325],
        "stdev": [0.363723397255, 0.412196576595, 0.484054207802, 0.457223504782, 0.625931560993, 1.18365395069]
    }
},
"rhythm": {
    "beats_count": 64,
    "beats_loudness": {
        "max": 0.0707874149084,
        "mean": 0.0362505204976,
        "min": 0.00317537179217,
        "stdev": 0.0164264384657
    },
    "bpm": 120.363861084,
    "bpm_histogram_first_peak_bpm": 120,
    "bpm_histogram_first_peak_weight": 0.55932199955,
    "bpm_histogram_second_peak_bpm": 115,
    "bpm_histogram_second_peak_spread": 0,
    "bpm_histogram_second_peak_weight": 0.0317460335791,
    "danceability": 0.960161149502,
    "onset_rate": 2.70703101158,
    "beats_loudness_band_ratio": {
        "max": [0.962540090084, 0.529415607452, 0.625773966312, 0.769599556923, 0.365098655224, 0.113439492881],
        "mean": [0.416734933853, 0.0749491453171, 0.145647078753, 0.279969871044, 0.0909978300333, 0.0285667609423],
        "min": [0.0594887696207, 0.0045242253691, 0.00321175600402, 0.0122105544433, 0.0101330270991, 0.00100761000067],
        "stdev": [0.230908975005, 0.103556968272, 0.173484399915, 0.242991372943, 0.0832748487592, 0.0220920387655]
    },
    "beats_position": [0.476009070873, 0.952018141747, 1.43963718414, 1.92725622654, 2.41487526894, 2.90249419212, 3.39011335373, 3.87773227692, 4.38857126236, 4.8994102478, 5.42185926437, 5.93269824982, 6.43192720413, 6.93115615845, 7.4303855896, 7.92961454391, 8.4172334671, 8.91646194458, 9.41569137573, 9.91492080688, 10.4141492844, 10.9017686844, 11.4009971619, 11.9118366241, 12.4110651016, 12.9102945328, 13.3979139328, 13.8855323792, 14.3847618103, 14.8839902878, 15.3832197189, 15.8824491501, 16.3584575653, 16.8460769653, 17.3336963654, 17.8561439514, 18.3669834137, 18.877822876, 19.365442276, 19.8762817383, 20.3755092621, 20.8747386932, 21.3855781555, 21.8848075867, 22.3724250793, 22.8716545105, 23.3592739105, 23.8701133728, 24.3809528351, 24.89179039, 25.3910198212, 25.8902492523, 26.4010887146, 26.8887062073, 27.3763256073, 27.8871650696, 28.3980045319, 28.8856239319, 29.3848514557, 29.8840808868, 30.383310318, 30.8825397491, 31.3817672729, 31.8926067352],
