{
"metadata": {
    "version": {
        "essentia": "2.1-beta5",
        "essentia_git_sha": "Undefined",
        "extractor": "music 2.0"
    },
    "audio_properties": {
        "analysis": {
            "equal_loudness": 0,
            "length": 41.5405006409,
            "sample_rate": 44100,
            "start_time": 146.239273071,
            "downmix": "mix"
        },
        "bit_rate": 192000,
        "length": 187.802993774,
        "lossless": 0,
        "number_channels": 2,
        "replay_gain": -3.20838737488,
        "sample_rate": 48000,
        "codec": "mp3",
        "md5_encoded": "a251a8bfcc1dc61499add909cbb650f3"
    },
    "tags": {
        "file_name": "Norway_Grab the Moment_Jowst.mp3",
        "encoding": ["Lavf58.29.100"]
    }
},
"lowlevel": {
    "average_loudness": 0.866719484329,
    "barkbands_crest": {
        "max": 25.331111908,
        "mean": 11.2179937363,
        "min": 2.29861831665,
        "stdev": 4.09103393555
    },
    "barkbands_flatness_db": {
        "max": 0.333381712437,
        "mean": 0.152157500386,
        "min": 0.0214332360774,
        "stdev": 0.0565569885075
    },
    "barkbands_kurtosis": {
        "max": 141.667984009,
        "mean": 6.28193998337,
        "min": -1.64044523239,
        "stdev": 9.59224033356
    },
    "barkbands_skewness": {
        "max": 11.3940629959,
        "mean": 1.87349951267,
        "min": -0.843028306961,
        "stdev": 1.29784727097
    },
    "barkbands_spread": {
        "max": 75.312828064,
        "mean": 18.1036624908,
        "min": 1.93480932713,
        "stdev": 11.9395465851
    },
    "dissonance": {
        "max": 0.499995052814,
        "mean": 0.466929525137,
        "min": 0.332692086697,
        "stdev": 0.0276645608246
    },
    "dynamic_complexity": 2.99168586731,
    "erbbands_crest": {
        "max": 27.5849132538,
        "mean": 9.91108417511,
        "min": 2.35214924812,
        "stdev": 4.75572347641
    },
    "erbbands_flatness_db": {
        "max": 0.413525432348,
        "mean": 0.167521327734,
        "min": 0.0501987226307,
        "stdev": 0.0810584202409
    },
    "erbbands_kurtosis": {
        "max": 26.9651985168,
        "mean": 1.71244239807,
        "min": -1.69132184982,
        "stdev": 3.07012295723
    },
    "erbbands_skewness": {
        "max": 3.60293602943,
        "mean": 0.811534702778,
        "min": -1.42014527321,
        "stdev": 0.75783842802
    },
    "erbbands_spread": {
        "max": 152.406021118,
        "mean": 33.6091651917,
        "min": 2.82074546814,
        "stdev": 22.131729126
    },
    "hfc": {
        "max": 103.159843445,
        "mean": 19.9380722046,
        "min": 0.9325709939,
        "stdev": 16.3138122559
    },
    "loudness_ebu128": {
        "integrated": -19.5340309143,
        "loudness_range": 5.30355262756,
        "momentary": {
            "max": -13.7025241852,
            "mean": -20.1700401306,
            "min": -27.0097522736,
            "stdev": 2.31762862206
        },
        "short_term": {
            "max": -15.0910358429,
            "mean": -19.7859859467,
            "min": -23.5182285309,
            "stdev": 1.52793598175
        }
    },
    "melbands_crest": {
        "max": 37.4254684448,
        "mean": 16.2872123718,
        "min": 4.50626420975,
        "stdev": 5.81301164627
    },
    "melbands_flatness_db": {
        "max": 0.418841660023,
        "mean": 0.213986381888,
        "min": 0.0495445989072,
        "stdev": 0.0540014505386
    },
    "melbands_kurtosis": {
        "max": 423.462310791,
        "mean": 17.0869445801,
        "min": -1.40095448494,
        "stdev": 28.1333236694
    },
    "melbands_skewness": {
        "max": 17.025850296,
        "mean": 2.76969385147,
        "min": -1.5912142992,
        "stdev": 1.97349214554
    },
    "melbands_spread": {
        "max": 91.9679107666,
        "mean": 17.6218032837,
        "min": 1.05128335953,
        "stdev": 13.0636053085
    },
    "pitch_salience": {
        "max": 0.874813258648,
        "mean": 0.527904927731,
        "min": 0.0870289057493,
        "stdev": 0.143972113729
    },
    "silence_rate_20dB": {
        "max": 1,
        "mean": 1,
        "min": 1,
        "stdev": 0
    },
    "silence_rate_30dB": {
        "max": 1,
        "mean": 0.999441325665,
        "min": 0,
        "stdev": 0.0236291773617
    },
    "silence_rate_60dB": {
        "max": 1,
        "mean": 0.0117318434641,
        "min": 0,
        "stdev": 0.107675403357
    },
    "spectral_centroid": {
        "max": 3190.08105469,
        "mean": 1266.28222656,
        "min": 276.953735352,
        "stdev": 476.831298828
    },
    "spectral_complexity": {
        "max": 50,
        "mean": 17.4262561798,
        "min": 2,
        "stdev": 7.41273164749
    },
    "spectral_decrease": {
        "max": -4.08408085129e-10,
        "mean": -8.02338551154e-09,
        "min": -3.8335322472e-08,
        "stdev": 5.50045475833e-09
    },
    "spectral_energy": {
        "max": 0.148803204298,
        "mean": 0.0320905409753,
        "min": 0.00166677637026,
        "stdev": 0.0217706207186
    },
    "spectral_energyband_high": {
        "max": 0.00730780186132,
        "mean": 0.000458906957647,
        "min": 6.04715842201e-06,
        "stdev": 0.00056013680296
    },
    "spectral_energyband_low": {
        "max": 0.113402225077,
        "mean": 0.0138445813209,
        "min": 2.93578466426e-07,
        "stdev": 0.0151332495734
    },
    "spectral_energyband_middle_high": {
        "max": 0.0799919515848,
        "mean": 0.0077123278752,
        "min": 5.4612824897e-05,
        "stdev": 0.0100063700229
    },
    "spectral_energyband_middle_low": {
        "max": 0.0834921076894,
        "mean": 0.0103266350925,
        "min": 0.000137560491567,
        "stdev": 0.00998262502253
    },
    "spectral_entropy": {
        "max": 8.55145454407,
        "mean": 7.64847755432,
        "min": 6.60259342194,
        "stdev": 0.337510764599
    },
    "spectral_flux": {
        "max": 0.265492349863,
        "mean": 0.0939875990152,
        "min": 0.017574518919,
        "stdev": 0.0428514294326
    },
    "spectral_kurtosis": {
        "max": 30.675579071,
        "mean": 4.77558755875,
        "min": -0.588797807693,
        "stdev": 2.98569250107
    },
    "spectral_rms": {
        "max": 0.0120488116518,
        "mean": 0.00527467951179,
        "min": 0.00127519539092,
        "stdev": 0.00186699721962
    },
    "spectral_rolloff": {
        "max": 6632.2265625,
        "mean": 1023.64550781,
        "min": 43.06640625,
        "stdev": 820.035888672
    },
    "spectral_skewness": {
        "max": 3.76716995239,
        "mean": 1.72019767761,
        "min": 0.54549062252,
        "stdev": 0.397451132536
    },
    "spectral_spread": {
        "max": 12448032,
        "mean": 4839363.5,
        "min": 1415666.875,
        "stdev": 1666879.875
    },
    "spectral_strongpeak": {
        "max": 9.62623691559,
        "mean": 0.952696382999,
        "min": 0,
        "stdev": 1.27614605427
    },
    "zerocrossingrate": {
        "max": 0.15771484375,
        "mean": 0.0510556697845,
        "min": 0.005859375,
        "stdev": 0.0218545775861
    },
    "barkbands": {
        "max": [0.0352892540395, 0.101480841637, 0.045867189765, 0.0281200781465, 0.0164408236742, 0.0244354605675, 0.027787251398, 0.0453911051154, 0.0755510404706, 0.0468996018171, 0.0448993556201, 0.0206865984946, 0.0162200778723, 0.0192346144468, 0.00946730654687, 0.00651292642578, 0.00981462839991, 0.00259701767936, 0.00346318655647, 0.00303691951558, 0.00141851801891, 0.00128096260596, 0.00186292291619, 0.000816547428258, 0.000988684594631, 0.000471886800369, 4.47541569883e-05],
        "mean": [0.00193146488164, 0.0100522860885, 0.00190513709094, 0.000706787279341, 0.00121175870299, 0.000977223389782, 0.000810990517493, 0.00169188098516, 0.00419051665813, 0.00233403476886, 0.00189932622015, 0.00122567673679, 0.000710778869689, 0.000507659860887, 0.00035464411485, 0.000254090933595, 0.000313017575536, 0.000245757051744, 0.000177444890141, 0.000223060356802, 6.805673911e-05, 6.69950459269e-05, 7.36725341994e-05, 6.51892987662e-05, 6.10111492279e-05, 3.05028333969e-05, 1.5760866745e-06],
        "min": [7.11886283256e-09, 1.97259399926e-08, 2.34783286146e-08, 1.14461414569e-07, 1.06733693883e-06, 2.52934978562e-06, 6.78529431752e-07, 1.91549452211e-06, 1.42846647577e-05, 6.65300376568e-06, 2.89449485535e-06, 3.06258925775e-06, 2.27195732805e-06, 1.14058593681e-06, 1.17434706226e-06, 2.37421204474e-06, 3.14321164296e-06, 3.56406508217e-06, 1.33126764013e-06, 1.46226466313e-06, 9.96546418719e-07, 7.83125415182e-07, 2.15756202238e-07, 3.26152771457e-09, 1.11326092789e-09, 7.26651377958e-11, 7.93884194494e-11],
        "stdev": [0.00344057939947, 0.0123696606606, 0.00372411031276, 0.00141522765625, 0.00164174602833, 0.00194479420315, 0.00229242257774, 0.004006607458, 0.0075148823671, 0.00481065409258, 0.00403731921688, 0.00228410726413, 0.00164393265732, 0.0010746056214, 0.000585108820815, 0.000439780997112, 0.000676849274896, 0.000305271154502, 0.000263149559032, 0.000357694632839, 0.000105333754618, 0.000102325961052, 0.000103856837086, 7.93190047261e-05, 9.07373032533e-05, 5.14139719598e-05, 4.36095751866e-06]
    },
    "erbbands": {
        "max": [4.75225353241, 19.2842521667, 52.3427009583, 64.7675476074, 60.7384109497, 68.4161376953, 159.233032227, 287.124267578, 463.620758057, 714.522277832, 1037.77563477, 2058.31811523, 1881.3326416, 2055.85253906, 979.921020508, 606.228149414, 901.008544922, 1145.06103516, 586.296203613, 222.405776978, 383.171295166, 649.024841309, 138.393676758, 73.5247116089, 228.536132812, 174.8853302, 59.4430007935, 61.4753189087, 58.6282424927, 34.4957542419, 52.1489562988, 22.3002033234, 13.7855892181, 12.1098556519, 7.72118520737, 3.38312244415, 0.769114017487, 0.160151898861, 0.00620270427316, 0.000246468640398],
        "mean": [0.346077769995, 1.99900364876, 2.79240822792, 2.16336297989, 3.10692191124, 4.27365159988, 6.07984256744, 8.48888015747, 8.41788578033, 20.2991428375, 48.0883789062, 91.7280654907, 89.543586731, 83.6583099365, 71.9843597412, 43.3897171021, 33.3046531677, 32.1088447571, 21.8227806091, 15.5440196991, 13.2163410187, 17.7082748413, 14.417675972, 8.28788566589, 11.4964561462, 10.689248085, 3.62255620956, 2.59750509262, 2.40469622612, 2.31271505356, 2.0908010006, 1.54023694992, 0.983592331409, 0.709894776344, 0.414180338383, 0.163775756955, 0.0498773120344, 0.0077430838719, 0.00026731620892, 4.62262723886e-05],
        "min": [6.22818220108e-07, 1.1312487004e-05, 7.85893644206e-05, 0.000557316816412, 0.000852097466122, 0.00590678351, 0.0144152054563, 0.0255125295371, 0.0400383509696, 0.0969082564116, 0.143782019615, 0.282597213984, 0.496410399675, 0.198888584971, 0.270951241255, 0.13397757709, 0.0936644896865, 0.106332994998, 0.0890731215477, 0.14940457046, 0.109995268285, 0.183877363801, 0.223165720701, 0.128866627812, 0.0746600776911, 0.0600285828114, 0.0480924509466, 0.0393848270178, 0.0228141397238, 0.0122038442641, 0.0068700844422, 0.000796093198005, 6.08007940173e-05, 3.03975521092e-05, 1.14877948363e-05, 5.82359916734e-06, 2.03454965231e-06, 5.04538149926e-07, 9.93135472527e-07, 2.09401378015e-06],
        "stdev": [0.492107361555, 2.56628727913, 4.72016716003, 3.74602508545, 5.25373792648, 6.91913175583, 11.4505233765, 19.1244449615, 22.4275035858, 55.5143089294, 103.366897583, 174.996017456, 179.184677124, 175.220840454, 127.721122742, 69.163444519, 76.3827362061, 68.5895614624, 35.7730560303, 21.6175365448, 22.1720485687, 40.7434959412, 16.9237003326, 9.0674495697, 18.9152412415, 17.8392715454, 4.88018369675, 4.60936880112, 3.96966338158, 3.01812314987, 3.01452636719, 1.87490034103, 1.28133869171, 1.05562233925, 0.642871081829, 0.265605598688, 0.0888346284628, 0.0159407500178, 0.000592958822381, 3.27751113218e-05]
    },
    "gfcc": {
        "mean": [-0.358737021685, 81.9460220337, -125.659629822, 19.7774372101, -61.4489974976, 26.7751960754, -27.0662937164, 24.7646656036, -19.4554405212, 2.71950507164, -12.0505952835, 0.14806497097, -8.37389183044],
        "cov": [[2251.88110352, -167.959243774, 1087.14074707, 441.738189697, 324.664031982, 52.3160591125, -108.009292603, 199.93800354, -135.365509033, 306.101348877, -36.4596672058, 150.881713867, -234.920211792], [-167.959243774, 798.207092285, 411.730865479, 264.038208008, 122.711997986, -6.98414468765, 105.399742126, -2.59730124474, 92.0419998169, -12.8693227768, 131.013687134, -6.63579034805, 13.5336761475], [1087.14074707, 411.730865479, 3070.65600586, 1358.48376465, 684.323181152, 159.217941284, -263.077636719, 103.555198669, -138.23815918, 429.229827881, -135.686691284, 381.890472412, -333.170043945], [441.738189697, 264.038208008, 1358.48376465, 873.696289062, 386.369842529, 56.8550720215, -129.018630981, -0.682807743549, -25.8224220276, 189.496276855, -54.2034873962, 164.608856201, -134.416442871], [324.664031982, 122.711997986, 684.323181152, 386.369842529, 321.495239258, 79.2339096069, -14.2120609283, 18.4507675171, -20.0314407349, 128.309921265, -23.1742553711, 97.0086669922, -91.6232070923], [52.3160591125, -6.98414468765, 159.217941284, 56.8550720215, 79.2339096069, 176.956283569, 70.5480270386, 20.3145961761, -51.4287719727, 17.7256641388, 14.9253320694, 23.6933383942, -17.9253253937], [-108.009292603, 105.399742126, -263.077636719, -129.018630981, -14.2120609283, 70.5480270386, 247.287155151, 30.599615097, 19.5215492249, -57.3525047302, 77.3448257446, -32.9241867065, 20.1022872925], [199.93800354, -2.59730124474, 103.555198669, -0.682807743549, 18.4507675171, 20.3145961761, 30.599615097, 126.189064026, 10.6916255951, 40.6656074524, 15.0521507263, 9.62193393707, -20.6054286957], [-135.365509033, 92.0419998169, -138.23815918, -25.8224220276, -20.0314407349, -51.4287719727, 19.5215492249, 10.6916255951, 135.529968262, 0.71958231926, 21.4204273224, -37.907787323, 30.0206375122], [306.101348877, -12.8693227768, 429.229827881, 189.496276855, 128.309921265, 17.7256641388, -57.3525047302, 40.6656074524, 0.71958231926, 162.179794312, -6.41730165482, 63.0964660645, -72.0441436768], [-36.4596672058, 131.013687134, -135.686691284, -54.2034873962, -23.1742553711, 14.9253320694, 77.3448257446, 15.0521507263, 21.4204273224, -6.41730165482, 124.69165802, 4.82049369812, 35.5781440735], [150.881713867, -6.63579034805, 381.890472412, 164.608856201, 97.0086669922, 23.6933383942, -32.9241867065, 9.62193393707, -37.907787323, 63.0964660645, 4.82049369812, 127.44190979, -23.5679836273], [-234.920211792, 13.5336761475, -333.170043945, -134.416442871, -91.6232070923, -17.9253253937, 20.1022872925, -20.6054286957, 30.0206375122, -72.0441436768, 35.5781440735, -23.5679836273, 110.994003296]],
        "icov": [[0.000810393015854, 0.00027841393603, -6.22961088084e-05, -8.26588657219e-05, -0.000461435760371, 0.000497904722579, 6.25951361144e-05, -0.00100630440284, 0.000795254483819, -0.000569961208384, -0.000562033674214, 0.00034353567753, 0.000563572917599], [0.00027841393603, 0.00355395395309, -0.00159571447875, -6.33793606539e-05, -0.00147882115562, 0.00173236301634, -0.00103721977212, 0.000561231689062, -0.001218568068, 0.00242397096008, -0.00480117229745, 0.00361874932423, -0.00114928942639], [-6.22961088084e-05, -0.00159571447875, 0.00259889988229, -0.00196700985543, 0.000696845992934, -0.00137800176162, 0.00101275718771, -0.00138082553167, 0.000830748991575, -0.0016310029896, 0.00268297060393, -0.00375801208429, 0.00245333579369], [-8.26588657219e-05, -6.33793606539e-05, -0.00196700985543, 0.00512368325144, -0.002941777464, 0.000474984844914, 0.000702377117705, 0.00167520041578, -0.00105413480196, 0.000774885294959, -0.000670768262353, 0.000743493263144, -0.000873604963999], [-0.000461435760371, -0.00147882115562, 0.000696845992934, -0.002941777464, 0.0102050248533, -0.00314672105014, -0.00154835509602, 0.000956767820753, -0.000853058358189, -0.00370820634998, 0.0035367324017, -0.00365219870582, 0.00202136021107], [0.000497904722579, 0.00173236301634, -0.00137800176162, 0.000474984844914, -0.00314672105014, 0.010234195739, -0.00365826929919, -0.000625078740995, 0.00397307798266, -0.000170088198502, -0.00246524019167, 0.00345679558814, -0.00277755665593], [6.25951361144e-05, -0.00103721977212, 0.00101275718771, 0.000702377117705, -0.00154835509602, -0.00365826929919, 0.00857138447464, -0.00216664536856, -0.00144598260522, 0.00348530872725, -0.00296416017227, -0.00119734066539, 0.003675238695], [-0.00100630440284, 0.000561231689062, -0.00138082553167, 0.00167520041578, 0.000956767820753, -0.000625078740995, -0.00216664536856, 0.0117727145553, -0.00255469908006, -0.00157617591321, -0.000917454075534, 0.00102874753065, -0.00086718169041], [0.000795254483819, -0.001218568068, 0.000830748991575, -0.00105413480196, -0.000853058358189, 0.00397307798266, -0.00144598260522, -0.00255469908006, 0.0130611499771, -0.00514714093879, 0.000949270208366, 0.00331024685875, -0.0037010689266], [-0.000569961208384, 0.00242397096008, -0.0016310029896, 0.000774885294959, -0.00370820634998, -0.000170088198502, 0.00348530872725, -0.00157617591321, -0.00514714093879, 0.0178307387978, -0.00653092656285, -0.000538519292604, 0.00547322724015], [-0.000562033674214, -0.00480117229745, 0.00268297060393, -0.000670768262353, 0.0035367324017, -0.00246524019167, -0.00296416017227, -0.000917454075534, 0.000949270208366, -0.00653092656285, 0.0189616475254, -0.00737320398912, -0.00261454191059], [0.00034353567753, 0.00361874932423, -0.00375801208429, 0.000743493263144, -0.00365219870582, 0.00345679558814, -0.00119734066539, 0.00102874753065, 0.00331024685875, -0.000538519292604, -0.00737320398912, 0.0199546534568, -0.00678723864257], [0.000563572917599, -0.00114928942639, 0.00245333579369, -0.000873604963999, 0.00202136021107, -0.00277755665593, 0.003675238695, -0.00086718169041, -0.0037010689266, 0.00547322724015, -0.00261454191059, -0.00678723864257, 0.0209925472736]]
    },
    "melbands": {
        "max": [0.0350007116795, 0.0187304187566, 0.0108241448179, 0.00411610864103, 0.0041537405923, 0.00567101221532, 0.00599712133408, 0.00652932794765, 0.00859646592289, 0.013681774959, 0.00922917574644, 0.00777359725907, 0.00385651667602, 0.00279171927832, 0.0014367105905, 0.00178478192538, 0.00234189303592, 0.00087059912039, 0.000374378723791, 0.000384096521884, 0.000561211491004, 0.000886594178155, 0.000240523047978, 0.000157618735102, 6.32879964542e-05, 0.000147068232764, 0.000171536565176, 0.000127821564092, 4.36419795733e-05, 2.84287234535e-05, 3.73147740902e-05, 3.71655405615e-05, 1.68010210473e-05, 2.10603375308e-05, 3.09602510242e-05, 2.58167874563e-05, 1.64630291692e-05, 8.40136544866e-06, 1.16721548693e-05, 9.65975777945e-06],
        "mean": [0.00306393601932, 0.00183501339052, 0.000411697663367, 0.000252983998507, 0.000212274127989, 0.000186094126548, 0.000139226322062, 0.000235755534959, 0.000415674992837, 0.000615476688836, 0.000437173788669, 0.000330595445121, 0.000255970458966, 0.000154192297487, 7.61971605243e-05, 7.59588583605e-05, 5.48194730072e-05, 3.3997810533e-05, 2.36347023019e-05, 1.94388485397e-05, 1.45797494042e-05, 1.89475758816e-05, 1.6235619114e-05, 1.06874040284e-05, 5.97518373979e-06, 7.08323159415e-06, 9.56137864705e-06, 6.507208127e-06, 2.33137757277e-06, 1.57727947681e-06, 1.44958698911e-06, 1.33167418426e-06, 1.32418290377e-06, 1.27178657294e-06, 1.2471049331e-06, 1.02093622445e-06, 9.27149073959e-07, 6.83328266859e-07, 6.35476965272e-07, 5.85093914651e-07],
        "min": [6.23843332548e-09, 4.36207407972e-08, 1.39365454288e-07, 1.92574376001e-07, 4.22343049422e-07, 6.1063872181e-07, 6.9861908969e-07, 9.50704929892e-07, 1.07399216631e-06, 2.04215734811e-06, 1.64623747878e-06, 5.87784825257e-07, 7.95878918325e-07, 3.92362835555e-07, 2.15330018705e-07, 1.55102128474e-07, 1.5344373594e-07, 1.20415435845e-07, 1.30627725525e-07, 1.5130690656e-07, 8.43071887857e-08, 1.80825395546e-07, 1.64087595067e-07, 1.50976603663e-07, 5.13927034262e-08, 5.35623492226e-08, 4.1417678176e-08, 3.7636930017e-08, 2.00455758659e-08, 9.46364941967e-09, 2.52883847196e-08, 9.02507224509e-09, 3.88532805928e-09, 3.49907902653e-09, 4.21170653908e-09, 1.58584800847e-09, 3.94666903325e-11, 1.04980529478e-11, 3.55648258239e-12, 6.15782641891e-12],
        "stdev": [0.00389906694181, 0.00240993639454, 0.000654512201436, 0.000362965103704, 0.000351488066372, 0.000405188155128, 0.000350311252987, 0.000592464697547, 0.000858861079905, 0.00117354921531, 0.000894945580512, 0.000704412290361, 0.000485831697006, 0.000291206029942, 0.000142757242429, 0.00017535634106, 0.000123173915199, 5.85210582358e-05, 3.64421975974e-05, 3.22864216287e-05, 2.82209803117e-05, 5.53992322239e-05, 2.15196105273e-05, 1.42024664456e-05, 6.92066259944e-06, 1.1659939446e-05, 1.5955298295e-05, 1.20795439216e-05, 3.44380669048e-06, 2.4421069611e-06, 2.78939887721e-06, 2.35219818023e-06, 1.8734654077e-06, 1.70286227785e-06, 1.90316791304e-06, 1.4269581925e-06, 1.166592142e-06, 9.18137743611e-07, 9.07635751446e-07, 9.04314163108e-07]
    },
    "melbands128": {
        "max": [0.0290440954268, 0.0430316068232, 0.0462963432074, 0.0337401330471, 0.0298933554441, 0.0171911660582, 0.0142756188288, 0.0129844658077, 0.00766841275617, 0.00537525536492, 0.00526564056054, 0.00409677345306, 0.00753588229418, 0.0082742087543, 0.0105093186721, 0.0105532817543, 0.0139128267765, 0.00753530673683, 0.009133329615, 0.0137761058286, 0.0107217282057, 0.0172380693257, 0.0168607067317, 0.0117545314133, 0.0193160045892, 0.0210340153426, 0.01823537983, 0.011356856674, 0.00782427936792, 0.00847558956593, 0.015566364862, 0.00701364921406, 0.00723260268569, 0.00483004562557, 0.00672996602952, 0.00365977711044, 0.00244814436883, 0.0027004587464, 0.00252354214899, 0.00451105507091, 0.0027148576919, 0.00412101205438, 0.00511980056763, 0.000836025224999, 0.00165048358031, 0.00122484576423, 0.00182899937499, 0.000862830143888, 0.000605225621257, 0.000768941827118, 0.000697196694091, 0.00112800206989, 0.000787400058471, 0.000702547666151, 0.00117563456297, 0.00201633665711, 0.000459136557765, 0.000454411841929, 0.000380273908377, 0.000227946977247, 0.000264927715762, 0.000174581757165, 0.000129442676553, 9.49569439399e-05, 0.000107424006274, 0.000139063777169, 0.000412106979638, 0.000422779936343, 0.000256674014963, 0.000304006505758, 0.000209988706047, 0.000137729817652, 6.72841852065e-05, 4.54510081909e-05, 3.51906128344e-05, 4.10985667259e-05, 3.7170266296e-05, 5.73699144297e-05, 3.59451587428e-05, 4.04236707254e-05, 4.4451069698e-05, 3.81242316507e-05, 3.35380937031e-05, 1.90919690795e-05, 2.6084624551e-05, 2.57220308413e-05, 2.09959562198e-05, 2.82948149106e-05, 4.83979820274e-05, 2.9004570024e-05, 4.40737094323e-05, 1.8436472601e-05, 1.17539311759e-05, 2.72172128462e-05, 1.71784322447e-05, 8.89207058208e-06, 1.30697881104e-05, 1.36031476359e-05, 1.2526737919e-05, 1.47239979924e-05, 1.76062731043e-05, 1.1148978956e-05, 1.17381478049e-05, 1.04249802462e-05, 9.6255716926e-06, 9.87805833574e-06, 1.26850345623e-05, 8.50044216349e-06, 6.02314639764e-06, 5.07468803335e-06, 3.32762556354e-06, 3.82767802876e-06, 2.50851076089e-06, 3.01223462884e-06, 3.57747580892e-06, 2.37574181483e-06, 1.39109704378e-06, 2.99992422015e-07, 3.22815111531e-07, 2.29349325309e-07, 1.84988749652e-07, 1.65440496858e-07, 1.47616034951e-07, 1.56663002571e-08, 5.26558219249e-09, 4.51985293637e-09, 4.11747347329e-09, 3.9091201387e-09],
        "mean": [0.00154019135516, 0.00292583019473, 0.00377363874577, 0.0032333121635, 0.0018171860138, 0.000797514338046, 0.00040725118015, 0.000357121491106, 0.000327364046825, 0.000208352808841, 0.000253252859693, 0.000214879022678, 0.000214541418245, 0.000188845253433, 0.00020357662288, 0.000187471494428, 0.00011590054055, 0.000113997281005, 0.000169741397258, 0.000261013075942, 0.000201120201382, 0.000358338496881, 0.000478666595882, 0.000398414762458, 0.00059764040634, 0.000697638024576, 0.000693161447998, 0.000357432872988, 0.000280687061604, 0.000334080279572, 0.000372895417968, 0.000280117645161, 0.000267975847237, 0.000208594152355, 0.000208233803278, 0.000119397736853, 0.00010384622874, 6.93778929417e-05, 5.9775855334e-05, 8.04885203252e-05, 6.55299736536e-05, 9.9025615782e-05, 6.17391488049e-05, 2.8734371881e-05, 2.93883877021e-05, 3.64812585758e-05, 4.02971963922e-05, 2.23148799705e-05, 1.55825164256e-05, 2.29451015912e-05, 2.18053428398e-05, 1.43340494105e-05, 1.26789700516e-05, 1.46695192598e-05, 1.85311564564e-05, 2.23243132496e-05, 1.51550721057e-05, 1.862049794e-05, 1.70378407347e-05, 1.07398145701e-05, 1.20877493828e-05, 9.25482527236e-06, 5.38005497219e-06, 5.63469984627e-06, 5.48029811398e-06, 5.9796534515e-06, 8.66503796715e-06, 1.0448521607e-05, 9.54357892624e-06, 8.88682552613e-06, 7.78812955105e-06, 4.65460652777e-06, 2.79105256595e-06, 1.99603664441e-06, 1.58981038112e-06, 1.62987930707e-06, 1.49698109908e-06, 1.56356668413e-06, 1.47624541569e-06, 1.29791101244e-06, 1.32463571845e-06, 1.32069692427e-06, 1.40553538586e-06, 1.32103491524e-06, 1.23983761569e-06, 1.32159573241e-06, 1.25009285057e-06, 1.27478551804e-06, 1.26389340949e-06, 1.23779147998e-06, 1.0736674767e-06, 9.59836711445e-07, 9.27082624003e-07, 9.62308263297e-07, 9.55005930336e-07, 6.77466516663e-07, 6.15735075371e-07, 6.81907692979e-07, 6.13959400653e-07, 6.44087492674e-07, 6.11229097558e-07, 5.8762310573e-07, 5.36225741143e-07, 5.3017100754e-07, 4.87172030716e-07, 4.3231520408e-07, 3.66244194083e-07, 3.26895815306e-07, 2.93412909969e-07, 2.15279712279e-07, 1.89506806691e-07, 1.71614388478e-07, 1.46396061496e-07, 1.51588864128e-07, 1.17599881833e-07, 8.56647091041e-08, 4.35002682764e-08, 7.258852186e-09, 4.38740732633e-09, 3.22947446563e-09, 2.87224555251e-09, 2.74066058736e-09, 1.67044922339e-09, 5.33693089722e-11, 7.33472831083e-12, 6.66747690045e-12, 6.2993538337e-12, 6.14578093278e-12],
        "min": [1.35927558098e-09, 1.480072509e-09, 1.95708960149e-09, 6.18544904185e-09, 1.3748554295e-08, 1.01085255722e-08, 2.41507756016e-08, 3.29692682044e-08, 2.93633419801e-08, 6.24195450882e-08, 4.15019592026e-08, 9.50304013259e-08, 6.63279848823e-08, 2.92630318199e-07, 7.34862766194e-08, 1.54554854248e-07, 8.62072084828e-08, 5.78138674712e-08, 6.9885402354e-08, 1.15378021803e-07, 2.91758311732e-07, 2.2865734195e-07, 5.17674607181e-07, 4.3871122557e-07, 7.48655907046e-07, 1.15635873499e-06, 3.90940101624e-07, 4.36808818449e-07, 3.14286609182e-07, 3.70634836599e-07, 2.19505565724e-07, 2.81122055412e-07, 3.93309818492e-07, 1.62271888371e-07, 1.92967192447e-07, 2.32804495681e-07, 1.27398379846e-07, 1.35229257126e-07, 1.42529344771e-07, 4.88224820572e-08, 1.11248624535e-07, 8.04730504456e-08, 7.06586931187e-08, 1.0406992601e-07, 7.12119501145e-08, 5.06622690466e-08, 3.15061789991e-08, 3.77116720074e-08, 7.46389758888e-08, 6.41339994445e-08, 7.16696320069e-08, 5.65921709494e-08, 3.00952187615e-08, 8.98963889995e-08, 5.96109686057e-08, 7.53979492174e-08, 7.14700476578e-08, 1.12286599574e-07, 1.01072686221e-07, 1.634631559e-07, 1.00720392027e-07, 7.42102699292e-08, 5.72331302351e-08, 2.19086864206e-08, 2.27667822372e-08, 1.77225807363e-08, 3.70961572571e-08, 2.81907333033e-08, 2.15025099948e-08, 2.4441225932e-08, 2.00467038525e-08, 3.09308028079e-08, 1.30852457758e-08, 3.05187208838e-09, 2.16227635796e-09, 2.13352957523e-09, 6.52946763324e-09, 1.5698462974e-08, 1.6465447672e-08, 9.0026910371e-09, 5.99943872359e-09, 9.93896875912e-09, 2.43181674797e-09, 3.6018921179e-09, 2.19732054774e-09, 6.48487818999e-10, 4.68249716779e-10, 2.76626810347e-09, 3.61231600188e-09, 3.84624154748e-09, 1.68368263775e-09, 3.97472194047e-10, 3.37902310299e-11, 3.11875039682e-11, 2.7693373636e-11, 2.67760011212e-12, 1.15456038827e-12, 1.06210385539e-12, 1.84694035239e-12, 5.44743373673e-12, 7.75738414477e-12, 5.59338990055e-12, 3.64761562968e-12, 1.49660015283e-12, 5.64305655155e-13, 6.69725071841e-13, 8.81023823774e-13, 4.75737830206e-13, 3.70244308302e-13, 3.30578826032e-13, 3.02144621172e-13, 2.9946656049e-13, 3.26106031285e-13, 2.91763548e-13, 2.26036745744e-13, 3.26597798285e-13, 2.1757069887e-13, 2.42124760996e-13, 2.24406891723e-13, 2.40701664329e-13, 1.9825167983e-13, 2.07605105524e-13, 2.66095034462e-13, 2.14523453797e-13, 1.49078666078e-13, 6.6320057356e-14, 6.71839725169e-15, 3.12841692901e-16],
        "stdev": [0.0026851950679, 0.00460059056059, 0.00541531480849, 0.0042890124023, 0.00305966986343, 0.00150973140262, 0.000817472406197, 0.000714232446626, 0.000625822576694, 0.000385836348869, 0.000492186401971, 0.000371904316125, 0.000503398070578, 0.000477766210679, 0.000548940093722, 0.000554389960598, 0.000472865533084, 0.000438933551777, 0.000570231757592, 0.000982432742603, 0.000652952643577, 0.00106514897197, 0.0013810886303, 0.000962166581303, 0.0015605376102, 0.00162702705711, 0.00166397029534, 0.000945432460867, 0.000710264139343, 0.000768277386669, 0.000993332476355, 0.000712933309842, 0.000646530068479, 0.000470139581012, 0.000573129858822, 0.000248816184467, 0.00020772573771, 0.000189128069906, 0.00017014486366, 0.000315147946822, 0.000197239744011, 0.000303999346215, 0.000199740432436, 6.25830361969e-05, 7.71270279074e-05, 7.71864069975e-05, 0.000101186844404, 5.14487328473e-05, 3.26831541315e-05, 4.97738546983e-05, 4.77806024719e-05, 3.89380729757e-05, 3.17568810715e-05, 3.73655639123e-05, 5.74342229811e-05, 0.000114556765766, 3.06774345518e-05, 3.19233622577e-05, 3.19242099067e-05, 1.92300412891e-05, 2.24314371735e-05, 1.60651288752e-05, 8.50358082971e-06, 8.37583593238e-06, 7.96903168521e-06, 1.1314121366e-05, 2.34381677728e-05, 2.59525022557e-05, 1.92791867448e-05, 2.14151496039e-05, 1.84635136975e-05, 1.09064685603e-05, 5.54518919671e-06, 3.18922548104e-06, 2.71905742011e-06, 2.65746098194e-06, 2.49886056736e-06, 3.56083501174e-06, 3.00324654745e-06, 2.61040918303e-06, 2.48880974141e-06, 2.61757691078e-06, 2.3234042601e-06, 2.05186279345e-06, 1.81265761512e-06, 1.85916223927e-06, 1.87774332971e-06, 2.08695337278e-06, 2.28639260058e-06, 1.95448274098e-06, 1.92516222342e-06, 1.41845782764e-06, 1.1799791082e-06, 1.39083920203e-06, 1.35950517688e-06, 9.83003133115e-07, 9.53743096943e-07, 1.00303623185e-06, 9.42120095715e-07, 1.05687297491e-06, 1.08879498839e-06, 9.42724000197e-07, 9.10033406853e-07, 8.97696224911e-07, 7.81208825629e-07, 7.95021321665e-07, 6.69030839617e-07, 6.07212427894e-07, 5.21736183146e-07, 3.69427340274e-07, 3.52376673618e-07, 3.72148974748e-07, 2.76378784747e-07, 2.95040933906e-07, 2.45973041046e-07, 1.92523941678e-07, 1.25222911151e-07, 2.64667274763e-08, 1.87431314913e-08, 1.34408155716e-08, 1.21776650985e-08, 1.2181679665e-08, 8.89356677192e-09, 5.35454514061e-10, 1.24539739632e-10, 1.06954667345e-10, 9.74691299893e-11, 9.25579474176e-11]
    },
    "mfcc": {
        "mean": [-640.351928711, 115.538513184, -5.90676832199, 3.48956441879, -2.89271092415, 0.0710940882564, 7.45354604721, 14.7684488297, 4.9932513237, 9.55474185944, 3.41446423531, 2.47984790802, 1.01323497295],
        "cov": [[1737.85754395, -201.396392822, 29.1770763397, 74.954284668, 107.836044312, -64.1339187622, 100.759063721, -32.7699775696, -58.6502418518, 114.850517273, 70.1047668457, 17.4592685699, 39.3881912231], [-201.396392822, 580.546020508, 282.318115234, 196.915435791, 71.4689941406, 36.991558075, 60.8145713806, 63.2504615784, -25.8082122803, 45.2195167542, 56.1190376282, 64.8703155518, 35.0464820862], [29.1770763397, 282.318115234, 1926.05700684, 1093.41516113, 825.518371582, 363.213409424, 113.758216858, 11.0761470795, -39.0953559875, -7.22222280502, 98.0593795776, 132.191482544, 104.042816162], [74.954284668, 196.915435791, 1093.41516113, 922.346008301, 575.874816895, 270.081237793, 21.3022956848, -6.46897315979, -24.3852138519, 24.0755023956, 59.5184631348, 98.1642532349, 85.8030166626], [107.836044312, 71.4689941406, 825.518371582, 575.874816895, 539.519348145, 207.686080933, 20.175825119, -34.4511528015, -10.7033815384, 11.9828386307, 49.656665802, 56.6357498169, 46.1513710022], [-64.1339187622, 36.991558075, 363.213409424, 270.081237793, 207.686080933, 240.646347046, 83.4344024658, 18.7550811768, -2.68626403809, -10.8282403946, 33.7941093445, 26.4875392914, 4.5685634613], [100.759063721, 60.8145713806, 113.758216858, 21.3022956848, 20.175825119, 83.4344024658, 222.533401489, 83.711517334, -17.2391796112, 5.64936733246, 44.3485107422, 22.771894455, 7.99455833435], [-32.7699775696, 63.2504615784, 11.0761470795, -6.46897315979, -34.4511528015, 18.7550811768, 83.711517334, 113.102668762, 15.9692468643, 2.55658936501, 8.34965991974, 13.7858371735, 9.37266921997], [-58.6502418518, -25.8082122803, -39.0953559875, -24.3852138519, -10.7033815384, -2.68626403809, -17.2391796112, 15.9692468643, 78.0226669312, 15.983792305, 0.999965727329, -3.33979582787, -10.3598060608], [114.850517273, 45.2195167542, -7.22222280502, 24.0755023956, 11.9828386307, -10.8282403946, 5.64936733246, 2.55658936501, 15.983792305, 115.554374695, 43.8989982605, 12.5491571426, 9.28149604797], [70.1047668457, 56.1190376282, 98.0593795776, 59.5184631348, 49.656665802, 33.7941093445, 44.3485107422, 8.34965991974, 0.999965727329, 43.8989982605, 87.3028488159, 32.1123504639, 12.2082843781], [17.4592685699, 64.8703155518, 132.191482544, 98.1642532349, 56.6357498169, 26.4875392914, 22.771894455, 13.7858371735, -3.33979582787, 12.5491571426, 32.1123504639, 80.5275726318, 37.3038825989], [39.3881912231, 35.0464820862, 104.042816162, 85.8030166626, 46.1513710022, 4.5685634613, 7.99455833435, 9.37266921997, -10.3598060608, 9.28149604797, 12.2082843781, 37.3038825989, 80.2081069946]],
        "icov": [[0.000832540448755, 0.000482609204482, 0.000159186092787, -0.000266203656793, -0.000396809191443, 0.000819014734589, -0.000778509769589, 0.000209061036003, 0.000692955916747, -0.00077588489512, -0.00029578115209, -8.05902163847e-06, -7.85367956269e-05], [0.000482609204482, 0.00257014203817, -0.000200920956559, -0.000622412830126, 0.000367850472685, 0.000775721913669, -0.000258539483184, -0.00116867094766, 0.00141952920239, -0.00110555393621, -0.000823673966806, -0.000924968800973, 0.000339782272931], [0.000159186092787, -0.000200920956559, 0.00222577806562, -0.00149443920236, -0.00194096181076, 0.00050381507026, -0.000863959023263, -0.000158982438734, 0.000115983617434, 0.000852514756843, -0.000485643715365, -0.00015774917847, -2.24592258746e-05], [-0.000266203656793, -0.000622412830126, -0.00149443920236, 0.00530814006925, -0.00230265734717, -0.00236740964465, 0.0020632785745, -0.00102826929651, 0.000735083653126, -0.00101979647297, 0.00103223999031, -0.00102784647606, -0.00142902869266], [-0.000396809191443, 0.000367850472685, -0.00194096181076, -0.00230265734717, 0.0082667293027, -0.00209572794847, 0.000355579861207, 0.0025192508474, -0.00120711012278, -0.000193282525288, -0.000485424272483, 0.000389198132325, -0.000192615174456], [0.000819014734589, 0.000775721913669, 0.00050381507026, -0.00236740964465, -0.00209572794847, 0.00951763801277, -0.00393765047193, 0.000275268888799, -0.000428584491601, 0.00116372678895, -0.00153768667951, 7.42953634472e-05, 0.00217141536996], [-0.000778509769589, -0.000258539483184, -0.000863959023263, 0.0020632785745, 0.000355579861207, -0.00393765047193, 0.00992241408676, -0.00666408613324, 0.00298088276759, 0.000342442392139, -0.00288648670539, -0.000152731459821, 7.39524693927e-05], [0.000209061036003, -0.00116867094766, -0.000158982438734, -0.00102826929651, 0.0025192508474, 0.000275268888799, -0.00666408613324, 0.0159779451787, -0.0053666010499, 0.000321258645272, 0.00215597450733, -0.000640839803964, -0.00171435053926], [0.000692955916747, 0.00141952920239, 0.000115983617434, 0.000735083653126, -0.00120711012278, -0.000428584491601, 0.00298088276759, -0.0053666010499, 0.0166436992586, -0.00345198018476, -0.000709084619302, -0.00081754027633, 0.00218895636499], [-0.00077588489512, -0.00110555393621, 0.000852514756843, -0.00101979647297, -0.000193282525288, 0.00116372678895, 0.000342442392139, 0.000321258645272, -0.00345198018476, 0.0130384974182, -0.00632565096021, 0.00118509901222, -0.000720588490367], [-0.00029578115209, -0.000823673966806, -0.000485643715365, 0.00103223999031, -0.000485424272483, -0.00153768667951, -0.00288648670539, 0.00215597450733, -0.000709084619302, -0.00632565096021, 0.0193113293499, -0.00550566054881, 0.000695221533533], [-8.05902163847e-06, -0.000924968800973, -0.00015774917847, -0.00102784647606, 0.000389198132325, 7.42953634472e-05, -0.000152731459821, -0.000640839803964, -0.00081754027633, 0.00118509901222, -0.00550566054881, 0.0197610612959, -0.00702115288004], [-7.85367956269e-05, 0.000339782272931, -2.24592258746e-05, -0.00142902869266, -0.000192615174456, 0.00217141536996, 7.39524693927e-05, -0.00171435053926, 0.00218895636499, -0.000720588490367, 0.000695221533533, -0.00702115288004, 0.0176213737577]]
    },
    "spectral_contrast_coeffs": {
        "max": [-0.544831454754, -0.483399420977, -0.464014917612, -0.604863941669, -0.609547078609, -0.574307978153],
        "mean": [-0.762168228626, -0.750604629517, -0.760829865932, -0.805483043194, -0.793503463268, -0.790953099728],
        "min": [-0.919495165348, -0.924834787846, -0.900572538376, -0.900013625622, -0.881465435028, -0.875816881657],
        "stdev": [0.0558010190725, 0.0786088556051, 0.0654530525208, 0.0469247028232, 0.043226968497, 0.0340392999351]
    },
    "spectral_contrast_valleys": {
        "max": [-5.15214109421, -5.31664705276, -4.67842769623, -5.88397359848, -5.99747753143, -8.07955932617],
        "mean": [-6.96910858154, -6.63015842438, -6.86036014557, -7.45521593094, -7.55433940887, -10.0077228546],
        "min": [-10.9087600708, -8.42767429352, -8.84929943085, -9.54984855652, -9.30064105988, -14.9073677063],
        "stdev": [1.26965272427, 0.491699486971, 0.764292955399, 0.608805418015, 0.470437139273, 0.706565737724]
    }
},
"rhythm": {
    "beats_count": 68,
    "beats_loudness": {
        "max": 0.100662857294,
        "mean": 0.0398357100785,
        "min": 0.00313167204149,
        "stdev": 0.0236261561513
    },
    "bpm": 103.771316528,
    "bpm_histogram_first_peak_bpm": 103,
    "bpm_histogram_first_peak_weight": 0.346153855324,
    "bpm_histogram_second_peak_bpm": 81,
    "bpm_histogram_second_peak_spread": 0,
    "bpm_histogram_second_peak_weight": 0.0746268630028,
    "danceability": 0.960438251495,
    "onset_rate": 2.91200613976,
    "beats_loudness_band_ratio": {
        "max": [0.980200052261, 0.477140396833, 0.680531859398, 0.714276432991, 0.281207412481, 0.225632071495],
        "mean": [0.44727909565, 0.0754109248519, 0.226022154093, 0.181676641107, 0.0535103343427, 0.0358364135027],
        "min": [0.000248249678407, 0.000799796660431, 0.0030096238479, 0.0025331757497, 0.000972677371465, 0.00408073887229],
        "stdev": [0.28330218792, 0.091855853796, 0.18956567347, 0.20076033473, 0.0496747754514, 0.0398914888501]
    },
    "beats_position": [0.592108845711, 1.20743763447, 1.82276642323, 2.42648530006, 3.01859402657, 3.59909296036, 4.17959165573, 4.76009082794, 5.34058952332, 5.92108821869, 6.48997735977, 7.07047605515, 7.65097475052, 8.23147392273, 8.80036258698, 9.36925125122, 9.92653083801, 10.4954195023, 11.0643081665, 11.6448068619, 12.2253055573, 12.8058052063, 13.3863039017, 13.966802597, 14.5356912613, 15.1161899567, 15.696688652, 16.2771873474, 16.8460769653, 17.4149665833, 17.995464325, 18.575963974, 19.1564617157, 19.7369613647, 20.3174591064, 20.8863487244, 21.4552383423, 22.035736084, 22.616235733, 23.1967334747, 23.7772331238, 24.3461227417, 24.9150104523, 25.4955101013, 26.076007843, 26.6565074921, 27.2370071411, 27.8175048828, 28.3863945007, 28.9552822113, 29.5357818604, 30.1162815094, 30.6967792511, 31.2772789001, 31.869386673, 32.4731063843, 33.0884361267, 33.7153739929, 34.3655319214, 35.0156898499, 35.6658477783, 36.3276176453, 36.9893875122, 37.7324256897, 38.4754638672, 39.2185020447, 39.9615402222, 40.7045783997],
