{
"metadata": {
    "version": {
        "essentia": "2.1-beta5",
        "essentia_git_sha": "Undefined",
        "extractor": "music 2.0"
    },
    "audio_properties": {
        "analysis": {
            "equal_loudness": 0,
            "length": 32.4963264465,
            "sample_rate": 44100,
            "start_time": 126.490699768,
            "downmix": "mix"
        },
        "bit_rate": 192000,
        "length": 184.970169067,
        "lossless": 0,
        "number_channels": 2,
        "replay_gain": -4.600522995,
        "sample_rate": 48000,
        "codec": "mp3",
        "md5_encoded": "e94c5496eabc4823afd0ee98a9f3dcb5"
    },
    "tags": {
        "file_name": "Georgia_Keep The Faith_Tamara Gachechiladze.mp3",
        "encoding": ["Lavf58.29.100"]
    }
},
"lowlevel": {
    "average_loudness": 0.967901647091,
    "barkbands_crest": {
        "max": 24.9511508942,
        "mean": 11.5150794983,
        "min": 3.81984186172,
        "stdev": 4.37454319
    },
    "barkbands_flatness_db": {
        "max": 0.289829611778,
        "mean": 0.15864688158,
        "min": 0.0419524088502,
        "stdev": 0.0405978038907
    },
    "barkbands_kurtosis": {
        "max": 28.5344867706,
        "mean": 1.73116636276,
        "min": -1.50447058678,
        "stdev": 2.59648633003
    },
    "barkbands_skewness": {
        "max": 2.82849740982,
        "mean": 0.0265088453889,
        "min": -1.92086756229,
        "stdev": 0.839608311653
    },
    "barkbands_spread": {
        "max": 78.3679122925,
        "mean": 16.2125511169,
        "min": 1.8592543602,
        "stdev": 8.81535625458
    },
    "dissonance": {
        "max": 0.499976336956,
        "mean": 0.458340734243,
        "min": 0.224787980318,
        "stdev": 0.034891590476
    },
    "dynamic_complexity": 2.04103779793,
    "erbbands_crest": {
        "max": 32.3510093689,
        "mean": 14.7821397781,
        "min": 2.30945611,
        "stdev": 6.43976068497
    },
    "erbbands_flatness_db": {
        "max": 0.356721013784,
        "mean": 0.227092295885,
        "min": 0.0731882229447,
        "stdev": 0.053070679307
    },
    "erbbands_kurtosis": {
        "max": 43.3116073608,
        "mean": 5.16971874237,
        "min": -1.25545525551,
        "stdev": 6.30723905563
    },
    "erbbands_skewness": {
        "max": 5.25994300842,
        "mean": 0.826268613338,
        "min": -3.10595178604,
        "stdev": 1.03477442265
    },
    "erbbands_spread": {
        "max": 73.7605514526,
        "mean": 14.8842153549,
        "min": 1.75973844528,
        "stdev": 11.2954044342
    },
    "hfc": {
        "max": 109.842216492,
        "mean": 33.5359687805,
        "min": 1.07141554356,
        "stdev": 19.2794971466
    },
    "loudness_ebu128": {
        "integrated": -17.4672584534,
        "loudness_range": 3.02012634277,
        "momentary": {
            "max": -15.0718765259,
            "mean": -17.7572860718,
            "min": -23.8043956757,
            "stdev": 1.65779590607
        },
        "short_term": {
            "max": -15.5953607559,
            "mean": -17.4693870544,
            "min": -19.2331466675,
            "stdev": 0.914425909519
        }
    },
    "melbands_crest": {
        "max": 30.5738697052,
        "mean": 13.6466293335,
        "min": 4.47696113586,
        "stdev": 4.91509246826
    },
    "melbands_flatness_db": {
        "max": 0.331029713154,
        "mean": 0.183810591698,
        "min": 0.0761082693934,
        "stdev": 0.0344882085919
    },
    "melbands_kurtosis": {
        "max": 24.8129558563,
        "mean": 1.8867316246,
        "min": -1.73838472366,
        "stdev": 3.39961695671
    },
    "melbands_skewness": {
        "max": 4.48184537888,
        "mean": 0.340436637402,
        "min": -1.99692618847,
        "stdev": 1.03618752956
    },
    "melbands_spread": {
        "max": 80.3657913208,
        "mean": 27.0324649811,
        "min": 4.36973333359,
        "stdev": 12.1183767319
    },
    "pitch_salience": {
        "max": 0.86904668808,
        "mean": 0.516485571861,
        "min": 0.202984020114,
        "stdev": 0.0933357924223
    },
    "silence_rate_20dB": {
        "max": 1,
        "mean": 1,
        "min": 1,
        "stdev": 0
    },
    "silence_rate_30dB": {
        "max": 1,
        "mean": 1,
        "min": 1,
        "stdev": 0
    },
    "silence_rate_60dB": {
        "max": 0,
        "mean": 0,
        "min": 0,
        "stdev": 0
    },
    "spectral_centroid": {
        "max": 2468.81787109,
        "mean": 1387.1842041,
        "min": 649.191833496,
        "stdev": 285.308074951
    },
    "spectral_complexity": {
        "max": 34,
        "mean": 20.0999279022,
        "min": 1,
        "stdev": 4.94378709793
    },
    "spectral_decrease": {
        "max": -2.09739475787e-10,
        "mean": -7.75329400682e-09,
        "min": -3.50748941003e-08,
        "stdev": 3.88765020176e-09
    },
    "spectral_energy": {
        "max": 0.139845430851,
        "mean": 0.0323045179248,
        "min": 0.000888786627911,
        "stdev": 0.0161966960877
    },
    "spectral_energyband_high": {
        "max": 0.0022819051519,
        "mean": 0.000325275323121,
        "min": 1.85763001355e-05,
        "stdev": 0.000222461283556
    },
    "spectral_energyband_low": {
        "max": 0.0319898054004,
        "mean": 0.00392482336611,
        "min": 4.0144882405e-06,
        "stdev": 0.00366026512347
    },
    "spectral_energyband_middle_high": {
        "max": 0.0903945490718,
        "mean": 0.021915152669,
        "min": 0.000582183536608,
        "stdev": 0.0157045517117
    },
    "spectral_energyband_middle_low": {
        "max": 0.12617701292,
        "mean": 0.00709305796772,
        "min": 8.95389748621e-05,
        "stdev": 0.00846224743873
    },
    "spectral_entropy": {
        "max": 8.70686340332,
        "mean": 7.42109632492,
        "min": 6.20011997223,
        "stdev": 0.284372717142
    },
    "spectral_flux": {
        "max": 0.275111377239,
        "mean": 0.104039981961,
        "min": 0.0315965786576,
        "stdev": 0.0391959510744
    },
    "spectral_kurtosis": {
        "max": 18.2453327179,
        "mean": 5.82842683792,
        "min": 0.447126626968,
        "stdev": 2.23481154442
    },
    "spectral_rms": {
        "max": 0.011680521071,
        "mean": 0.00542490975931,
        "min": 0.00093118683435,
        "stdev": 0.00144462217577
    },
    "spectral_rolloff": {
        "max": 8936.27929688,
        "mean": 1444.84533691,
        "min": 279.931640625,
        "stdev": 558.465698242
    },
    "spectral_skewness": {
        "max": 3.08903455734,
        "mean": 1.80235433578,
        "min": 0.908448159695,
        "stdev": 0.305660456419
    },
    "spectral_spread": {
        "max": 29890130,
        "mean": 3549047.25,
        "min": 2225990,
        "stdev": 1069800.5
    },
    "spectral_strongpeak": {
        "max": 15.0347309113,
        "mean": 3.45300173759,
        "min": 0,
        "stdev": 2.57901835442
    },
    "zerocrossingrate": {
        "max": 0.18896484375,
        "mean": 0.0576192773879,
        "min": 0.01220703125,
        "stdev": 0.0146626299247
    },
    "barkbands": {
        "max": [0.010655015707, 0.0250121690333, 0.00848805438727, 0.0067730746232, 0.00832378305495, 0.0137063134462, 0.0200233776122, 0.0875806808472, 0.0914864018559, 0.0841719806194, 0.0812224894762, 0.073470979929, 0.038592427969, 0.038442607969, 0.0321726500988, 0.0239341296256, 0.0218106824905, 0.00436272192746, 0.00245894491673, 0.00101584906224, 0.000535260129254, 0.000416063558077, 0.000799338100478, 0.000553274177946, 0.00089088344248, 0.000311349838739, 3.04924251395e-05],
        "mean": [0.000372233102098, 0.0026138741523, 0.000764595461078, 0.000445392273832, 0.00076922919834, 0.000743950367905, 0.000948340457398, 0.00078732467955, 0.0021000483539, 0.00544206565246, 0.004499476403, 0.00474409526214, 0.00242642825469, 0.00183810002636, 0.00200344016775, 0.000503488932736, 0.000429406878538, 0.000232368998695, 0.000229030629271, 0.000158105569426, 8.53008605191e-05, 4.1335268179e-05, 5.2659175708e-05, 4.31710941484e-05, 2.58141826635e-05, 5.18263414051e-06, 8.41795255724e-08],
        "min": [1.46554821612e-08, 4.62274954316e-07, 2.88928816872e-07, 9.22167032513e-07, 1.74493852683e-05, 2.92596814688e-06, 1.40614265547e-05, 2.71149156106e-06, 1.21312996271e-05, 1.49668094309e-05, 7.4568929449e-06, 1.27395369418e-05, 1.37679544423e-05, 6.66364940116e-06, 8.16108240542e-06, 5.39254870091e-06, 6.45798400001e-06, 2.42974897446e-06, 9.70272049017e-06, 5.28139116796e-06, 3.22017785948e-06, 2.34366007135e-06, 1.48309788983e-06, 8.80030654571e-07, 1.21111412454e-07, 4.67327079812e-11, 5.1977661758e-11],
        "stdev": [0.000878692779224, 0.00300406082533, 0.00103421323001, 0.000729640538339, 0.000779416819569, 0.0011876601493, 0.00149547541514, 0.00325961504132, 0.00557146966457, 0.00933890696615, 0.00848287250847, 0.00849064160138, 0.00428807269782, 0.00373242073692, 0.00338606559671, 0.00178622652311, 0.00131143128965, 0.000274893536698, 0.00018202062347, 0.000123912759591, 6.44811298116e-05, 3.75378076569e-05, 6.19041456957e-05, 4.25642974733e-05, 4.28557141277e-05, 1.65554811247e-05, 9.33759338295e-07]
    },
    "erbbands": {
        "max": [1.34164345264, 4.25471401215, 9.32183265686, 17.3535900116, 21.6330394745, 32.2379188538, 82.0309677124, 133.277038574, 253.234848022, 334.387481689, 2828.74267578, 1460.84814453, 2492.06005859, 2694.89453125, 1834.1237793, 2766.46069336, 2055.15820312, 1964.11621094, 1334.13635254, 1237.69165039, 1581.95678711, 653.272399902, 291.786987305, 157.16947937, 88.6864852905, 51.9531822205, 36.6057815552, 14.1441936493, 13.2732172012, 18.8284225464, 22.8574485779, 15.7646284103, 9.83248710632, 9.85863113403, 5.75091362, 2.12951540947, 0.388274729252, 0.0691481083632, 0.004050783813, 0.000159308474394],
        "mean": [0.0845617502928, 0.548382461071, 0.938797175884, 1.31325018406, 1.83745515347, 2.88071322441, 4.13779020309, 6.17372369766, 11.0366239548, 14.1600961685, 24.0239925385, 44.9306373596, 125.100250244, 229.711395264, 122.940223694, 201.506027222, 129.944442749, 99.4893035889, 99.2779464722, 64.5380554199, 33.5887947083, 21.442937851, 11.9307346344, 14.6943635941, 10.1260757446, 6.81127882004, 4.71662282944, 2.45486283302, 1.48175215721, 1.48406112194, 1.47382831573, 1.0845348835, 0.635600745678, 0.399143248796, 0.12636885047, 0.0326873883605, 0.00880322698504, 0.000751621613745, 4.00089011237e-05, 4.0446062485e-05],
        "min": [1.81285740837e-05, 0.00016826549836, 0.000742999487557, 0.0115934573114, 0.0345539227128, 0.070394821465, 0.0932364091277, 0.0554462075233, 0.229734137654, 0.0864283889532, 0.122701056302, 0.33514174819, 0.724053025246, 0.802949368954, 0.76844060421, 2.0834107399, 1.22458910942, 0.837774932384, 0.384036332369, 0.336328774691, 0.298869520426, 0.391679555178, 0.144420742989, 0.231596276164, 0.564825594425, 0.246541157365, 0.143321126699, 0.130129441619, 0.100098103285, 0.0537041835487, 0.049701154232, 0.0213388558477, 0.011161304079, 0.00190979707986, 0.000378726224881, 3.71569294657e-05, 1.24121042973e-05, 2.49061781687e-06, 3.25150836034e-06, 5.63371486351e-06],
        "stdev": [0.125205814838, 0.602397978306, 1.07816171646, 1.72808015347, 2.0169274807, 3.12844157219, 7.00025129318, 10.3940544128, 18.4188327789, 22.4841594696, 100.234580994, 104.679573059, 239.380523682, 349.165618896, 217.802352905, 346.335144043, 202.345352173, 183.411331177, 157.019775391, 106.946975708, 115.859611511, 47.4802474976, 15.0584726334, 14.5411090851, 6.88972520828, 5.36380290985, 3.60536575317, 2.00606393814, 1.30323719978, 1.59792292118, 1.75295698643, 1.11391198635, 0.680643498898, 0.546667158604, 0.284720182419, 0.111549600959, 0.0230353698134, 0.00302160461433, 0.000135439011501, 1.96644668904e-05]
    },
    "gfcc": {
        "mean": [4.11539459229, 102.460929871, -159.996078491, 19.0636253357, -61.4673118591, 31.9312286377, -29.8299827576, 9.03340148926, -24.134683609, -4.86577939987, -3.26958250999, -9.09580421448, 0.224875926971],
        "cov": [[770.587341309, -310.112335205, 81.1070098877, -81.4924697876, 86.4054946899, 106.723602295, -102.929954529, 54.8898544312, -30.6290588379, 136.618911743, -80.3737945557, 66.9518432617, -116.911460876], [-310.112335205, 569.205200195, 98.8438034058, 188.565673828, 16.5347290039, 25.7513313293, 225.616043091, 54.9574737549, 91.7203140259, -75.95337677, 139.28326416, -96.0080490112, 158.941085815], [81.1070098877, 98.8438034058, 750.489379883, 289.474853516, 153.273284912, 81.7491912842, 63.0332069397, 234.156143188, 5.56519079208, 186.486328125, -46.0457038879, 174.503097534, -30.3025188446], [-81.4924697876, 188.565673828, 289.474853516, 328.974517822, 114.711227417, 37.9704055786, 43.92811203, 94.9636154175, 75.733039856, 56.1764183044, 33.2821998596, 34.3174743652, 55.7928962708], [86.4054946899, 16.5347290039, 153.273284912, 114.711227417, 226.786712646, 102.818099976, 2.01972389221, 32.3836326599, 20.1380462646, 85.5189819336, 16.7627487183, 51.0100784302, -17.1225986481], [106.723602295, 25.7513313293, 81.7491912842, 37.9704055786, 102.818099976, 226.715820312, 113.883468628, 30.1037559509, -0.54295194149, 19.5347881317, 75.7724838257, 10.3125181198, 26.4891548157], [-102.929954529, 225.616043091, 63.0332069397, 43.92811203, 2.01972389221, 113.883468628, 262.513092041, 73.5329971313, 19.5400619507, -47.9777336121, 96.2858505249, -39.3303985596, 81.6117630005], [54.8898544312, 54.9574737549, 234.156143188, 94.9636154175, 32.3836326599, 30.1037559509, 73.5329971313, 189.443099976, 53.5432434082, 72.3024597168, -10.7769346237, 45.3353614807, 26.1729354858], [-30.6290588379, 91.7203140259, 5.56519079208, 75.733039856, 20.1380462646, -0.54295194149, 19.5400619507, 53.5432434082, 132.973007202, 24.4492664337, 44.2972946167, -7.34048986435, 43.2812690735], [136.618911743, -75.95337677, 186.486328125, 56.1764183044, 85.5189819336, 19.5347881317, -47.9777336121, 72.3024597168, 24.4492664337, 184.032608032, -5.01064538956, 73.2230911255, -66.024269104], [-80.3737945557, 139.28326416, -46.0457038879, 33.2821998596, 16.7627487183, 75.7724838257, 96.2858505249, -10.7769346237, 44.2972946167, -5.01064538956, 159.908813477, -16.2153663635, 62.0255012512], [66.9518432617, -96.0080490112, 174.503097534, 34.3174743652, 51.0100784302, 10.3125181198, -39.3303985596, 45.3353614807, -7.34048986435, 73.2230911255, -16.2153663635, 131.549835205, -29.099357605], [-116.911460876, 158.941085815, -30.3025188446, 55.7928962708, -17.1225986481, 26.4891548157, 81.6117630005, 26.1729354858, 43.2812690735, -66.024269104, 62.0255012512, -29.099357605, 154.612823486]],
        "icov": [[0.00225051515736, 0.000543964735698, 0.000116286377306, 0.000540638633538, -0.000115653332614, -0.00171994918492, 0.00086982047651, -0.00105679838452, -5.42308334843e-05, -0.000824798480608, 0.000668716384098, 0.000396335060941, 0.000441169016995], [0.000543964735698, 0.00724899303168, -0.00322210602462, -0.000551528646611, -0.00196673464961, 0.00386350764893, -0.00374313932844, 0.00189212698024, -0.0021226236131, 0.00158580974676, -0.00376947014593, 0.00604021549225, -0.00277691869996], [0.000116286377306, -0.00322210602462, 0.00724235409871, -0.00381885375828, 0.00130557722878, -0.00268284650519, 0.000131876819069, -0.00438064290211, 0.00381256896071, -0.00296814320609, 0.00374914635904, -0.00692569231614, 0.0023316394072], [0.000540638633538, -0.000551528646611, -0.00381885375828, 0.00807606149465, -0.00268343673088, 0.000563258945476, 0.00159944500774, 0.000580098771024, -0.00305542093702, 0.000925271247979, -0.00109113077633, 0.0023158560507, -0.00189909001347], [-0.000115653332614, -0.00196673464961, 0.00130557722878, -0.00268343673088, 0.00911647919565, -0.00525173079222, 0.00134622782934, 0.00104323530104, -2.93325738312e-05, -0.00321267638355, 0.00249652517959, -0.00312279630452, 0.00122775882483], [-0.00171994918492, 0.00386350764893, -0.00268284650519, 0.000563258945476, -0.00525173079222, 0.0124772442505, -0.00572090223432, 0.00197191839106, 0.00011688376253, 0.00184068584349, -0.00560064194724, 0.00354311871342, -0.00236766575836], [0.00086982047651, -0.00374313932844, 0.000131876819069, 0.00159944500774, 0.00134622782934, -0.00572090223432, 0.0125738894567, -0.00674300035462, 0.00256691803224, 0.00294543872587, -0.00319950422272, 0.000693137990311, 0.00154114281759], [-0.00105679838452, 0.00189212698024, -0.00438064290211, 0.000580098771024, 0.00104323530104, 0.00197191839106, -0.00674300035462, 0.0163770057261, -0.00652072718367, -0.00404073530808, 0.00412109028548, 0.000720713404007, -0.00466518802568], [-5.42308334843e-05, -0.0021226236131, 0.00381256896071, -0.00305542093702, -2.93325738312e-05, 0.00011688376253, 0.00256691803224, -0.00652072718367, 0.0140652693808, -0.00214145681821, -0.00241396389902, -0.00117147888523, -0.000387433567084], [-0.000824798480608, 0.00158580974676, -0.00296814320609, 0.000925271247979, -0.00321267638355, 0.00184068584349, 0.00294543872587, -0.00404073530808, -0.00214145681821, 0.0146197173744, -0.00613506743684, 0.000678426760715, 0.00472002802417], [0.000668716384098, -0.00376947014593, 0.00374914635904, -0.00109113077633, 0.00249652517959, -0.00560064194724, -0.00319950422272, 0.00412109028548, -0.00241396389902, -0.00613506743684, 0.0163916517049, -0.00579994544387, -0.00187506643124], [0.000396335060941, 0.00604021549225, -0.00692569231614, 0.0023158560507, -0.00312279630452, 0.00354311871342, 0.000693137990311, 0.000720713404007, -0.00117147888523, 0.000678426760715, -0.00579994544387, 0.019476370886, -0.00293340720236], [0.000441169016995, -0.00277691869996, 0.0023316394072, -0.00189909001347, 0.00122775882483, -0.00236766575836, 0.00154114281759, -0.00466518802568, -0.000387433567084, 0.00472002802417, -0.00187506643124, -0.00293340720236, 0.0136403134093]]
    },
    "melbands": {
        "max": [0.00917632505298, 0.00360926100984, 0.00238015153445, 0.00209965743124, 0.00231960881501, 0.00305766286328, 0.00419420003891, 0.00389740546234, 0.0253337789327, 0.0124889723957, 0.0132507821545, 0.00991686061025, 0.00911981333047, 0.00572495115921, 0.0102480472997, 0.00474521331489, 0.004465052858, 0.00228399946354, 0.00353063642979, 0.0009662512457, 0.00227755866945, 0.001056230627, 0.000111433786515, 0.000280591571936, 0.000159146933584, 5.53102509002e-05, 4.27606246376e-05, 3.92928850488e-05, 2.81169686787e-05, 1.35409372888e-05, 9.62245303526e-06, 9.98520044959e-06, 7.98394012236e-06, 1.21567209135e-05, 1.27040593725e-05, 1.3836322978e-05, 8.35308037495e-06, 6.50311949357e-06, 7.72463681642e-06, 8.99319093151e-06],
        "mean": [0.000772232015152, 0.000565699068829, 0.000236379433773, 0.000172882326297, 0.000138953328133, 0.000144060817547, 0.000180407369044, 0.000146848309669, 0.000214545623749, 0.000297648250125, 0.000631008821074, 0.000930959125981, 0.000486337434268, 0.000398448493797, 0.000547523668502, 0.00020401814254, 0.000182452684385, 0.000149099432747, 0.000164952332852, 3.03840897686e-05, 4.36378395534e-05, 2.62728372036e-05, 1.03232277979e-05, 1.07424239104e-05, 1.23019708553e-05, 7.48357842895e-06, 6.45519367026e-06, 4.12276904171e-06, 3.20320850733e-06, 2.06414688364e-06, 1.18570937957e-06, 8.24282381018e-07, 7.84966573519e-07, 8.29909367894e-07, 8.46051136705e-07, 8.42450674554e-07, 6.01240401465e-07, 4.47263232672e-07, 3.98121500211e-07, 3.14922942835e-07],
        "min": [2.12198955296e-07, 2.71796977813e-07, 2.62859043687e-06, 3.71262603949e-06, 2.1618077426e-06, 8.02693932656e-07, 3.35763525072e-06, 7.19792467407e-07, 1.19254673336e-06, 1.55493296461e-06, 3.1290737752e-06, 3.16905493492e-06, 1.81451446224e-06, 1.93257938008e-06, 2.22400058192e-06, 1.16718183563e-06, 6.72263354318e-07, 4.84322470129e-07, 6.58320061575e-07, 3.0678589269e-07, 3.16126346434e-07, 4.46269694976e-07, 2.05820015253e-07, 8.91423681537e-08, 1.63869557923e-07, 4.42266014034e-07, 2.66522249603e-07, 8.2261145451e-08, 8.95937830592e-08, 5.5481436334e-08, 2.21330651584e-08, 4.97187819803e-08, 3.80441598224e-08, 1.1285116841e-08, 2.30772787546e-08, 7.76545316938e-09, 3.35200756041e-09, 5.27856736099e-09, 4.22516882592e-10, 5.30143706712e-10],
        "stdev": [0.000975210685283, 0.000525056151673, 0.000272184930509, 0.000177922003786, 0.000204430616577, 0.000233459009905, 0.000289660645649, 0.000249006523518, 0.000902815605514, 0.00074405700434, 0.00125974114053, 0.00142817513552, 0.000948431959841, 0.000748566235416, 0.00110757956281, 0.000425296486355, 0.000390835280996, 0.000278014078503, 0.000310801638989, 6.53538299957e-05, 0.000183888449101, 7.0129375672e-05, 1.1264175555e-05, 1.58220336743e-05, 1.34695228553e-05, 5.76196453039e-06, 5.28173586645e-06, 3.92784750147e-06, 2.76348305306e-06, 1.64829771165e-06, 1.19399203413e-06, 8.33028821035e-07, 7.8422237948e-07, 9.79072865448e-07, 1.05807907858e-06, 1.05979097498e-06, 6.15042836216e-07, 4.88826515266e-07, 4.95780852816e-07, 4.78556387407e-07]
    },
    "melbands128": {
        "max": [0.00800883024931, 0.0131888799369, 0.0102985166013, 0.00764213362709, 0.00547960493714, 0.00370416929945, 0.00444945367053, 0.00378359574825, 0.00232912530191, 0.0029935145285, 0.00218372303061, 0.00204550335184, 0.00358948530629, 0.00597930606455, 0.00425069173798, 0.00469776196405, 0.00542022706941, 0.0075018145144, 0.00486505683511, 0.0049988059327, 0.00542812002823, 0.00989160034806, 0.0475116111338, 0.0153133049607, 0.0109564298764, 0.0248833540827, 0.0311342421919, 0.018563631922, 0.0231067463756, 0.0163266956806, 0.0201792176813, 0.0209763068706, 0.0154641373083, 0.0120559679344, 0.0127829164267, 0.0118302153423, 0.0153724402189, 0.0227754767984, 0.00597611675039, 0.0103524057195, 0.00706463772804, 0.00561197567731, 0.00660541234538, 0.00690153380856, 0.00568908452988, 0.00434051547199, 0.0044942451641, 0.0067650238052, 0.00420008832589, 0.00152738392353, 0.00191173248459, 0.00219918158837, 0.00408843671903, 0.00590247986838, 0.00393212493509, 0.000865234120283, 0.00041333574336, 0.000205650518183, 0.000170383427758, 0.000533627578989, 0.000549285439774, 0.00023993801733, 0.000391314679291, 0.000193947184016, 0.000101347286545, 8.65271940711e-05, 0.00015925920161, 6.14428281551e-05, 7.27536462364e-05, 6.5866704972e-05, 8.26779796625e-05, 8.56584520079e-05, 3.53200703103e-05, 6.10309361946e-05, 3.08902344841e-05, 2.34239359997e-05, 1.5152524611e-05, 1.97609806492e-05, 1.80329388968e-05, 2.60269971477e-05, 1.17105191748e-05, 1.48438193719e-05, 9.72433281277e-06, 1.17006329674e-05, 9.77609852271e-06, 1.62989290402e-05, 1.22982000903e-05, 1.60304734891e-05, 1.43059796756e-05, 1.56931491802e-05, 2.14038154809e-05, 1.56525711645e-05, 1.36122707772e-05, 9.52283789957e-06, 7.227795777e-06, 7.66436005506e-06, 6.59357783661e-06, 9.49901368585e-06, 1.26948380057e-05, 9.32879811444e-06, 9.75654256763e-06, 1.10613273137e-05, 1.09236307253e-05, 8.04334013083e-06, 5.11920825375e-06, 7.65665845393e-06, 7.61007368055e-06, 3.36186758432e-06, 4.79105028717e-06, 4.17497813032e-06, 1.93565256268e-06, 1.72058173575e-06, 1.32823981858e-06, 1.27044745568e-06, 7.5744469541e-07, 5.73853185415e-07, 8.09790947187e-07, 2.90276204851e-07, 5.55810224512e-08, 1.84279954851e-07, 3.11108472317e-08, 4.67756429146e-08, 1.57829855851e-08, 8.21815149266e-09, 8.10610778501e-09, 8.00098209908e-09, 7.92922261184e-09, 7.88724996426e-09],
        "mean": [0.000285302172415, 0.0006653892342, 0.00104700785596, 0.000857908511534, 0.000538471562322, 0.000355125230271, 0.000275599217275, 0.000200523762032, 0.000171377992956, 0.000194937034394, 0.000163046759553, 0.000110233209853, 0.000136900227517, 0.0001714645623, 0.000126037528389, 0.000138746152516, 0.000161257339641, 0.000174401691766, 0.000235930419876, 0.000149184241309, 9.89082254819e-05, 0.000140431540785, 0.000261575332843, 0.000243702248554, 0.000243366142968, 0.000308962364215, 0.000440326140961, 0.000691327091772, 0.000775790598709, 0.000770912622102, 0.00119394506328, 0.000854496844113, 0.000389316177461, 0.000264386326307, 0.000257125153439, 0.000422960758442, 0.000620963575784, 0.000837699277326, 0.000237534492044, 0.000209015604923, 0.00022686891316, 0.000144191377331, 0.000187439698493, 0.000211623657378, 0.000138179486385, 0.000135836118716, 0.000134260437335, 0.000287106755422, 0.000101472833194, 3.00057090499e-05, 2.81065094896e-05, 2.30284767895e-05, 3.03509241348e-05, 6.94237678545e-05, 3.97265794163e-05, 2.18547247641e-05, 1.27564017021e-05, 8.96673009265e-06, 1.0714340533e-05, 1.03328402474e-05, 9.79023570835e-06, 1.01477144199e-05, 1.68721016962e-05, 1.19565429486e-05, 7.74004274717e-06, 7.08285688233e-06, 7.04413378116e-06, 8.14745180833e-06, 6.20833134235e-06, 4.24751397077e-06, 4.05521268476e-06, 4.28361454397e-06, 3.58949341717e-06, 2.91124456453e-06, 2.86230715574e-06, 2.35279230765e-06, 1.52549296217e-06, 1.52364589212e-06, 1.16772889669e-06, 8.27445205687e-07, 8.76670526395e-07, 7.9121662111e-07, 7.35764103865e-07, 7.44883152493e-07, 8.93732533314e-07, 8.1780626715e-07, 7.64024264299e-07, 9.30700934987e-07, 8.70230451255e-07, 6.95149310559e-07, 1.03616480374e-06, 8.35904643282e-07, 6.4153260837e-07, 6.20235368842e-07, 5.64973561268e-07, 4.90937679842e-07, 3.86604938285e-07, 4.28903291549e-07, 4.17082333115e-07, 3.52057838882e-07, 4.21878525003e-07, 3.03035903926e-07, 2.10194386341e-07, 1.68668663036e-07, 1.35462954631e-07, 1.08462884896e-07, 8.24222041729e-08, 5.76580028167e-08, 5.04581691985e-08, 4.35734648363e-08, 3.62565906187e-08, 3.66358428039e-08, 2.88664221415e-08, 1.83919386387e-08, 1.01087307414e-08, 6.73094557868e-09, 2.6121136365e-09, 4.32308716602e-10, 1.57076782137e-10, 2.58303711753e-10, 9.85456161118e-11, 1.02296206228e-10, 5.14670910057e-11, 1.79766999897e-11, 1.742944504e-11, 1.70654948506e-11, 1.68342735585e-11, 1.67321521222e-11],
        "min": [6.4844346559e-10, 9.7461123616e-09, 1.01845003542e-08, 6.1245316374e-08, 7.66082379755e-08, 1.61300860668e-07, 2.1555821661e-07, 5.35310846317e-07, 6.33014337836e-07, 2.13962061935e-06, 1.25856479372e-06, 4.66328600623e-07, 9.90277840174e-07, 4.88533146381e-07, 4.35241986452e-07, 2.31194690059e-07, 1.56458463607e-06, 6.17181115103e-07, 1.18021534945e-06, 5.24547431269e-07, 1.35034724735e-07, 5.49958258489e-07, 3.63245874269e-07, 5.78281856178e-07, 3.0456976674e-07, 6.54598807159e-07, 5.3673079492e-07, 1.08140750399e-06, 1.01104387795e-06, 8.51262484503e-07, 1.44438229199e-06, 1.08343863303e-06, 6.05492971317e-07, 7.39843187603e-07, 5.75824856242e-07, 5.37432981673e-07, 8.22211291052e-07, 6.05583409197e-07, 7.21394485481e-07, 6.56219526718e-07, 1.94766855088e-07, 2.40774369331e-07, 4.67548971983e-07, 1.67718582134e-07, 2.25631026751e-07, 3.45577973349e-07, 3.83396695725e-07, 2.02594534926e-07, 1.73162035821e-07, 1.37657366395e-07, 9.64072341958e-08, 9.38312041399e-08, 1.3596704207e-07, 1.47764140479e-07, 1.38128754656e-07, 1.56446944288e-07, 1.3220233086e-07, 1.76522235051e-07, 1.70091581708e-07, 6.68615030008e-08, 4.89548881433e-08, 7.89303626902e-08, 9.16281805985e-08, 7.15190608958e-08, 1.09574209262e-07, 1.56735353585e-07, 2.05285232369e-07, 1.82157592121e-07, 1.23399715335e-07, 6.56307861391e-08, 2.66578012997e-08, 3.81561058305e-08, 2.2853189563e-08, 4.74766110869e-08, 4.23136263805e-08, 3.70945620887e-08, 1.80864279109e-09, 4.23227142221e-09, 7.01271662962e-09, 1.7762936011e-08, 1.18721921183e-08, 4.81260364893e-09, 3.10352654687e-09, 5.20810461424e-09, 2.40612463287e-09, 5.32619148785e-09, 9.36482003056e-10, 1.80972825614e-09, 1.50842716096e-09, 9.01517971386e-09, 1.91132931704e-09, 3.55233797933e-09, 2.15546580584e-09, 2.31704522236e-09, 2.42012010432e-09, 1.184039089e-09, 1.68453653804e-10, 4.08733602519e-10, 1.16221841179e-11, 7.67793745249e-11, 5.48743654682e-11, 1.64858578178e-11, 2.0746741998e-12, 5.94483934736e-13, 3.13581869889e-13, 2.98139361506e-13, 2.89480055595e-13, 3.05015181949e-13, 2.42935500275e-13, 2.69082472233e-13, 2.80765455373e-13, 2.53094312001e-13, 2.3649742646e-13, 2.42184175275e-13, 2.14348138306e-13, 1.95711123089e-13, 1.87612973117e-13, 1.7500170963e-13, 1.81974146038e-13, 1.82879373537e-13, 1.8306402672e-13, 1.93270746629e-13, 1.86754867755e-13, 1.66736524761e-13, 1.15555324641e-13, 5.65405131026e-14, 7.23170302938e-15, 3.22539981919e-16],
        "stdev": [0.000695542315952, 0.00118248828221, 0.00136954069603, 0.000951135065407, 0.000632702140138, 0.00049114151625, 0.000406604260206, 0.000333519885316, 0.000219458641368, 0.00025138509227, 0.000202767696464, 0.000167705336935, 0.000274076039204, 0.000386735890061, 0.00028330826899, 0.000288939132588, 0.000348476984072, 0.000383548118407, 0.000461294373963, 0.000287118396955, 0.000314142496791, 0.000541201618034, 0.00159257743508, 0.000926789361984, 0.000758480397053, 0.0010901405476, 0.00158413453028, 0.00183450814802, 0.00207203812897, 0.00188231363427, 0.00240226672031, 0.00194785464555, 0.00128557137214, 0.000923828687519, 0.000876282574609, 0.00122311105952, 0.00140889524482, 0.00230115070008, 0.00060683110496, 0.000631708826404, 0.000624404870905, 0.000435932655819, 0.000540227221791, 0.000614170741756, 0.00043054431444, 0.000440296978923, 0.000329589121975, 0.00064592261333, 0.000262587447651, 9.90038388409e-05, 9.03790278244e-05, 8.64176181494e-05, 0.000164131299243, 0.000384723040042, 0.000201821399969, 5.08176963194e-05, 2.54564620263e-05, 1.44097284647e-05, 1.58803559316e-05, 2.20452675421e-05, 2.89473027806e-05, 1.59068495122e-05, 3.0840303225e-05, 1.65385699802e-05, 9.94637684926e-06, 7.86910732131e-06, 9.19284502743e-06, 8.73680892255e-06, 7.24683059161e-06, 6.02246336712e-06, 5.49779633729e-06, 5.88706279814e-06, 4.43749695478e-06, 3.99721784561e-06, 3.33429761668e-06, 2.48804894909e-06, 1.83310021384e-06, 2.14470173887e-06, 1.63703032285e-06, 1.32921684326e-06, 1.03953288999e-06, 1.05547974272e-06, 8.23955133455e-07, 9.43320742408e-07, 1.13733881335e-06, 1.17298270652e-06, 1.1790057215e-06, 1.42341968967e-06, 1.33089440624e-06, 1.16951514428e-06, 1.76211790404e-06, 1.22147480397e-06, 9.02811962078e-07, 7.66380253481e-07, 6.41260555767e-07, 6.09034657373e-07, 5.1091495834e-07, 6.17854709617e-07, 6.04360309353e-07, 5.19994557635e-07, 6.5203187205e-07, 5.39942448086e-07, 4.63091254232e-07, 4.35606210658e-07, 2.911023671e-07, 3.36026744208e-07, 3.11892620175e-07, 1.9891500358e-07, 2.09355889069e-07, 1.97145908487e-07, 1.1505200348e-07, 9.39809794431e-08, 7.18689463497e-08, 5.92134341559e-08, 4.21769712489e-08, 3.2007257289e-08, 2.53945007245e-08, 8.37998026526e-09, 2.08193018381e-09, 5.29001553673e-09, 1.28679433775e-09, 1.72405134613e-09, 6.45495601415e-10, 3.14754583508e-10, 3.10310610541e-10, 3.06314917875e-10, 3.03541303204e-10, 3.01924429902e-10]
    },
    "mfcc": {
        "mean": [-623.402526855, 123.824180603, -27.1024131775, -4.00768756866, -3.42778658867, 6.38267040253, 12.3817520142, 6.70340871811, -2.35034275055, 5.66201066971, -4.43275213242, -1.44999647141, -0.938654541969],
        "cov": [[716.918273926, -200.245941162, -132.862091064, -181.308776855, 25.505033493, 15.3173656464, -36.0460090637, -36.6429748535, -26.1959438324, 35.6869697571, 13.762301445, -6.19821357727, -5.58381080627], [-200.245941162, 314.897399902, 89.9765319824, 105.21031189, -26.9502925873, -2.36437988281, 89.0759124756, 40.7419891357, 56.012512207, 49.0886535645, 24.1781692505, 22.8993148804, -14.2732715607], [-132.862091064, 89.9765319824, 446.076293945, 228.216629028, 110.516929626, 36.0306282043, 87.3087692261, 87.0347900391, 100.902770996, 37.3651199341, 47.6956138611, 79.592918396, 43.2084770203], [-181.308776855, 105.21031189, 228.216629028, 333.341339111, 120.209617615, 5.30195808411, -4.46167564392, 23.4636135101, 81.6669387817, 33.0867767334, 26.0868587494, 54.4701385498, 28.6255893707], [25.505033493, -26.9502925873, 110.516929626, 120.209617615, 248.87638855, 74.3463897705, 0.276672065258, -5.07679033279, 41.8742141724, 19.0283126831, 20.7904777527, 43.2905921936, 56.4958610535], [15.3173656464, -2.36437988281, 36.0306282043, 5.30195808411, 74.3463897705, 144.75138855, 75.2281799316, 25.2318553925, -15.5835542679, 15.006070137, 23.4136772156, 6.34513664246, 14.9848928452], [-36.0460090637, 89.0759124756, 87.3087692261, -4.46167564392, 0.276672065258, 75.2281799316, 228.151275635, 72.4195098877, 35.5561027527, 34.7590255737, 28.4012527466, 19.2784309387, -6.39626312256], [-36.6429748535, 40.7419891357, 87.0347900391, 23.4636135101, -5.07679033279, 25.2318553925, 72.4195098877, 118.65071106, 46.8362884521, 17.0639419556, 4.54598999023, 15.9624376297, 9.36970043182], [-26.1959438324, 56.012512207, 100.902770996, 81.6669387817, 41.8742141724, -15.5835542679, 35.5561027527, 46.8362884521, 127.805969238, 50.4141235352, 3.44719576836, 14.4053134918, 1.67300641537], [35.6869697571, 49.0886535645, 37.3651199341, 33.0867767334, 19.0283126831, 15.006070137, 34.7590255737, 17.0639419556, 50.4141235352, 104.643424988, 43.6127891541, 26.073261261, -2.55315923691], [13.762301445, 24.1781692505, 47.6956138611, 26.0868587494, 20.7904777527, 23.4136772156, 28.4012527466, 4.54598999023, 3.44719576836, 43.6127891541, 98.0876922607, 43.4718894958, 16.6532459259], [-6.19821357727, 22.8993148804, 79.592918396, 54.4701385498, 43.2905921936, 6.34513664246, 19.2784309387, 15.9624376297, 14.4053134918, 26.073261261, 43.4718894958, 100.064338684, 42.0476799011], [-5.58381080627, -14.2732715607, 43.2084770203, 28.6255893707, 56.4958610535, 14.9848928452, -6.39626312256, 9.36970043182, 1.67300641537, -2.55315923691, 16.6532459259, 42.0476799011, 78.2676696777]],
        "icov": [[0.00211893441156, 0.00114286423195, 0.000105964754766, 0.0011389052961, -0.000614307529759, 7.95429659775e-05, 0.000102349738881, 0.00013228059106, -0.000169538485352, -0.00135418132413, -0.000168979342561, -0.000374957249733, 0.000502112612594], [0.00114286423195, 0.00527547951788, 0.000294655066682, -0.00129982957151, 0.00101146288216, 0.000419085816247, -0.00175553490408, 0.000103434096673, -0.000565986847505, -0.00176498072688, -0.000169832099346, -0.000452809937997, 0.000624060223345], [0.000105964754766, 0.000294655066682, 0.00474127801135, -0.00246301665902, -0.000368800712749, -5.93283693888e-05, -0.00109185639303, -0.00172965915408, -0.00148083257955, 0.00111664517317, -0.00104877690319, -0.00136507092975, -0.000235363797401], [0.0011389052961, -0.00129982957151, -0.00246301665902, 0.00703313900158, -0.00236802292056, 0.000174486936885, 0.00194629502948, 0.000574427773245, -0.00141997367609, -0.000455046043498, -0.000116476083349, -0.000988148734905, 0.000968989625107], [-0.000614307529759, 0.00101146288216, -0.000368800712749, -0.00236802292056, 0.00869196094573, -0.00524654379115, 0.000733376131393, 0.00301727303304, -0.00370477954857, 0.000750173116103, 0.000620656530373, -0.00106545141898, -0.00381659087725], [7.95429659775e-05, 0.000419085816247, -5.93283693888e-05, 0.000174486936885, -0.00524654379115, 0.0133385388181, -0.0042566950433, -0.00294037838466, 0.00605265051126, -0.0024808680173, -0.00122663914226, 0.00299594085664, -0.000270296382951], [0.000102349738881, -0.00175553490408, -0.00109185639303, 0.00194629502948, 0.000733376131393, -0.0042566950433, 0.00814301148057, -0.00226891273633, -0.00171940762084, 0.000176928500878, -0.000719608215149, -0.00121640239377, 0.00164990464691], [0.00013228059106, 0.000103434096673, -0.00172965915408, 0.000574427773245, 0.00301727303304, -0.00294037838466, -0.00226891273633, 0.0138547066599, -0.00499511230737, 0.000709344749339, 0.00139127555303, -0.000924732186832, -0.00235525239259], [-0.000169538485352, -0.000565986847505, -0.00148083257955, -0.00141997367609, -0.00370477954857, 0.00605265051126, -0.00171940762084, -0.00499511230737, 0.0169600248337, -0.00745150865987, 0.00287761096843, 0.00237167952582, 0.000702384044416], [-0.00135418132413, -0.00176498072688, 0.00111664517317, -0.000455046043498, 0.000750173116103, -0.0024808680173, 0.000176928500878, 0.000709344749339, -0.00745150865987, 0.0175051689148, -0.00632022786885, -0.00235988921486, 0.00233740406111], [-0.000168979342561, -0.000169832099346, -0.00104877690319, -0.000116476083349, 0.000620656530373, -0.00122663914226, -0.000719608215149, 0.00139127555303, 0.00287761096843, -0.00632022786885, 0.0160543490201, -0.00465100491419, -0.00104491855018], [-0.000374957249733, -0.000452809937997, -0.00136507092975, -0.000988148734905, -0.00106545141898, 0.00299594085664, -0.00121640239377, -0.000924732186832, 0.00237167952582, -0.00235988921486, -0.00465100491419, 0.017788624391, -0.00748218316585], [0.000502112612594, 0.000624060223345, -0.000235363797401, 0.000968989625107, -0.00381659087725, -0.000270296382951, 0.00164990464691, -0.00235525239259, 0.000702384044416, 0.00233740406111, -0.00104491855018, -0.00748218316585, 0.0202285125852]]
    },
    "spectral_contrast_coeffs": {
        "max": [-0.477946698666, -0.475368589163, -0.483082860708, -0.554562270641, -0.642680704594, -0.628307700157],
        "mean": [-0.750395298004, -0.770939826965, -0.680319428444, -0.735137403011, -0.781607151031, -0.76386475563],
        "min": [-0.903732180595, -0.915664196014, -0.883693695068, -0.877522110939, -0.883983314037, -0.944929659367],
        "stdev": [0.0711922198534, 0.0573102086782, 0.0817139074206, 0.0628063231707, 0.0326232947409, 0.0352275557816]
    },
    "spectral_contrast_valleys": {
        "max": [-5.72622108459, -5.24667978287, -5.45082902908, -6.13989543915, -6.56811618805, -8.68264007568],
        "mean": [-6.96067523956, -6.60644388199, -6.73187065125, -7.24070644379, -7.44094467163, -10.4263734818],
        "min": [-9.72746658325, -8.10982894897, -8.09130001068, -8.53203773499, -8.95736217499, -12.5921077728],
        "stdev": [0.687162518501, 0.4079169631, 0.469394356012, 0.386415362358, 0.313209742308, 0.563154935837]
    }
},
"rhythm": {
    "beats_count": 70,
    "beats_loudness": {
        "max": 0.0769073367119,
        "mean": 0.0363280028105,
        "min": 0.00904023088515,
        "stdev": 0.0126500949264
    },
    "bpm": 131.835968018,
    "bpm_histogram_first_peak_bpm": 133,
    "bpm_histogram_first_peak_weight": 0.456140339375,
    "bpm_histogram_second_peak_bpm": 126,
    "bpm_histogram_second_peak_spread": 0.25,
    "bpm_histogram_second_peak_weight": 0.0869565233588,
    "danceability": 1.10894954205,
    "onset_rate": 1.84570300579,
    "beats_loudness_band_ratio": {
        "max": [0.721196770668, 0.255278557539, 0.823530852795, 0.89226180315, 0.704563498497, 0.0603636950254],
        "mean": [0.152498394251, 0.0559052117169, 0.191842645407, 0.475395083427, 0.137492030859, 0.0209500845522],
        "min": [0.00218752864748, 0.00526141934097, 0.00814919825643, 0.0295123048127, 0.00490271672606, 0.00262395618483],
        "stdev": [0.141630217433, 0.0522771067917, 0.202838256955, 0.24161246419, 0.140880644321, 0.0124636525288]
    },
    "beats_position": [0.476009070873, 0.96362811327, 1.43963718414, 1.90403628349, 2.35682535172, 2.80961441994, 3.27401351929, 3.73841261864, 4.19120168686, 4.6439909935, 5.0967798233, 5.54956912994, 6.00235795975, 6.45514726639, 6.90793657303, 7.36072540283, 7.83673477173, 8.31274318695, 8.78875255585, 9.24154186249, 9.69433116913, 10.1587295532, 10.623128891, 11.0759181976, 11.5170974731, 11.9466667175, 12.387845993, 12.840634346, 13.2818136215, 13.7346029282, 14.1873922348, 14.6401815414, 15.0929698944, 15.5573692322, 16.0217685699, 16.50938797, 16.9853973389, 17.4614048004, 17.9025840759, 18.3205432892, 18.7385025024, 19.1448516846, 19.5976409912, 20.062040329, 20.5264396667, 20.9908390045, 21.4552383423, 21.9196376801, 22.3608150482, 22.825214386, 23.2780036926, 23.7424030304, 24.195192337, 24.6595916748, 25.1239910126, 25.5883903503, 26.0527877808, 26.5055770874, 26.958366394, 27.4111557007, 27.8639450073, 28.316734314, 28.7695236206, 29.2339229584, 29.686712265, 30.1278915405, 30.5690689087, 31.0218582153, 31.474647522, 31.9274368286],
