{
"metadata": {
    "version": {
        "essentia": "2.1-beta5",
        "essentia_git_sha": "Undefined",
        "extractor": "music 2.0"
    },
    "audio_properties": {
        "analysis": {
            "equal_loudness": 0,
            "length": 21.5829486847,
            "sample_rate": 44100,
            "start_time": 175.240997314,
            "downmix": "mix"
        },
        "bit_rate": 192000,
        "length": 196.847167969,
        "lossless": 0,
        "number_channels": 2,
        "replay_gain": -6.48085975647,
        "sample_rate": 48000,
        "codec": "mp3",
        "md5_encoded": "d5c853ca4ff191b21047ca121b494e4d"
    },
    "tags": {
        "file_name": "Moldova_Hey Mamma_Sunstroke Project.mp3",
        "encoding": ["Lavf58.29.100"]
    }
},
"lowlevel": {
    "average_loudness": 0.58201789856,
    "barkbands_crest": {
        "max": 23.1886749268,
        "mean": 11.1807823181,
        "min": 2.58986258507,
        "stdev": 3.65224337578
    },
    "barkbands_flatness_db": {
        "max": 0.381778717041,
        "mean": 0.205402046442,
        "min": 0.0344013012946,
        "stdev": 0.0655915737152
    },
    "barkbands_kurtosis": {
        "max": 48.6046600342,
        "mean": 5.21413373947,
        "min": -1.55209994316,
        "stdev": 4.61465120316
    },
    "barkbands_skewness": {
        "max": 6.53750419617,
        "mean": 1.8551954031,
        "min": -0.656289577484,
        "stdev": 0.815785050392
    },
    "barkbands_spread": {
        "max": 53.8770980835,
        "mean": 11.6128673553,
        "min": 1.66851508617,
        "stdev": 11.6137943268
    },
    "dissonance": {
        "max": 0.500000119209,
        "mean": 0.476381152868,
        "min": 0.273655414581,
        "stdev": 0.0251986440271
    },
    "dynamic_complexity": 3.08636498451,
    "erbbands_crest": {
        "max": 24.9986000061,
        "mean": 10.9243087769,
        "min": 3.14386630058,
        "stdev": 3.98537421227
    },
    "erbbands_flatness_db": {
        "max": 0.454335361719,
        "mean": 0.266319423914,
        "min": 0.0706836357713,
        "stdev": 0.0895552113652
    },
    "erbbands_kurtosis": {
        "max": 20.8491191864,
        "mean": 2.90628957748,
        "min": -1.22870016098,
        "stdev": 2.49581050873
    },
    "erbbands_skewness": {
        "max": 4.28481864929,
        "mean": 1.28656196594,
        "min": -0.995675504208,
        "stdev": 0.830521643162
    },
    "erbbands_spread": {
        "max": 80.9296569824,
        "mean": 17.4147262573,
        "min": 3.47220730782,
        "stdev": 12.9690141678
    },
    "hfc": {
        "max": 94.6407089233,
        "mean": 17.5533542633,
        "min": 0.162701755762,
        "stdev": 15.3258247375
    },
    "loudness_ebu128": {
        "integrated": -17.0144538879,
        "loudness_range": 6.81094551086,
        "momentary": {
            "max": -11.406665802,
            "mean": -18.1687908173,
            "min": -27.2524528503,
            "stdev": 2.99668884277
        },
        "short_term": {
            "max": -12.4038581848,
            "mean": -17.4048404694,
            "min": -21.449213028,
            "stdev": 2.30778503418
        }
    },
    "melbands_crest": {
        "max": 36.3743782043,
        "mean": 14.2291584015,
        "min": 4.59687662125,
        "stdev": 5.0584321022
    },
    "melbands_flatness_db": {
        "max": 0.387381404638,
        "mean": 0.210891500115,
        "min": 0.0624409988523,
        "stdev": 0.0485673807561
    },
    "melbands_kurtosis": {
        "max": 131.284423828,
        "mean": 10.8506221771,
        "min": -1.06481480598,
        "stdev": 10.3000984192
    },
    "melbands_skewness": {
        "max": 9.72472000122,
        "mean": 2.36802268028,
        "min": -0.255430549383,
        "stdev": 1.10077035427
    },
    "melbands_spread": {
        "max": 86.0691146851,
        "mean": 13.6099357605,
        "min": 2.56126689911,
        "stdev": 13.0215883255
    },
    "pitch_salience": {
        "max": 0.876184880733,
        "mean": 0.637470185757,
        "min": 0.162541627884,
        "stdev": 0.153345674276
    },
    "silence_rate_20dB": {
        "max": 1,
        "mean": 1,
        "min": 1,
        "stdev": 0
    },
    "silence_rate_30dB": {
        "max": 1,
        "mean": 1,
        "min": 1,
        "stdev": 0
    },
    "silence_rate_60dB": {
        "max": 1,
        "mean": 0.0461868941784,
        "min": 0,
        "stdev": 0.209888353944
    },
    "spectral_centroid": {
        "max": 2872.43432617,
        "mean": 1370.52868652,
        "min": 433.966430664,
        "stdev": 435.255371094
    },
    "spectral_complexity": {
        "max": 33,
        "mean": 16.5177230835,
        "min": 0,
        "stdev": 6.17229604721
    },
    "spectral_decrease": {
        "max": -3.45248898914e-11,
        "mean": -4.58083526667e-09,
        "min": -3.08659551251e-08,
        "stdev": 4.13140366362e-09
    },
    "spectral_energy": {
        "max": 0.119902350008,
        "mean": 0.018881270662,
        "min": 0.000145062615047,
        "stdev": 0.0168505925685
    },
    "spectral_energyband_high": {
        "max": 0.00338771333918,
        "mean": 0.00025479105534,
        "min": 1.96408836928e-06,
        "stdev": 0.000308173068333
    },
    "spectral_energyband_low": {
        "max": 0.0745667517185,
        "mean": 0.00220757350326,
        "min": 7.26804927353e-08,
        "stdev": 0.00623932294548
    },
    "spectral_energyband_middle_high": {
        "max": 0.0782085508108,
        "mean": 0.00962580461055,
        "min": 9.6825628134e-05,
        "stdev": 0.010584239848
    },
    "spectral_energyband_middle_low": {
        "max": 0.0634279996157,
        "mean": 0.00749655114487,
        "min": 6.11295326962e-05,
        "stdev": 0.00913573615253
    },
    "spectral_entropy": {
        "max": 8.28953647614,
        "mean": 7.50639867783,
        "min": 6.75115442276,
        "stdev": 0.279176831245
    },
    "spectral_flux": {
        "max": 0.269606769085,
        "mean": 0.0754634216428,
        "min": 0.0117959659547,
        "stdev": 0.0381000079215
    },
    "spectral_kurtosis": {
        "max": 29.303276062,
        "mean": 6.46145200729,
        "min": 1.4517455101,
        "stdev": 3.5897154808
    },
    "spectral_rms": {
        "max": 0.0108156325296,
        "mean": 0.00396105879918,
        "min": 0.000376197422156,
        "stdev": 0.00165250198916
    },
    "spectral_rolloff": {
        "max": 3703.7109375,
        "mean": 1298.67700195,
        "min": 43.06640625,
        "stdev": 533.497314453
    },
    "spectral_skewness": {
        "max": 3.68717336655,
        "mean": 1.88790488243,
        "min": 0.93627345562,
        "stdev": 0.394115179777
    },
    "spectral_spread": {
        "max": 20579820,
        "mean": 3546478,
        "min": 1462173,
        "stdev": 1324373.5
    },
    "spectral_strongpeak": {
        "max": 6.8959569931,
        "mean": 1.26996600628,
        "min": 0,
        "stdev": 1.03287935257
    },
    "zerocrossingrate": {
        "max": 0.11865234375,
        "mean": 0.0560731478035,
        "min": 0.01318359375,
        "stdev": 0.0139624979347
    },
    "barkbands": {
        "max": [0.0278657190502, 0.0681890025735, 0.013803370297, 0.00708182388917, 0.0218572095037, 0.00454273959622, 0.015326263383, 0.0495787970722, 0.054879616946, 0.0587954670191, 0.0249700434506, 0.012905835174, 0.0134219564497, 0.00851184595376, 0.00370849762112, 0.00305264769122, 0.00210494617932, 0.00120513152797, 0.00103830138687, 0.000660295540001, 0.000634808617178, 0.000455745699583, 0.000412229361245, 0.00144887645729, 0.00105185841676, 0.000535482831765, 1.99117403099e-05],
        "mean": [0.000319811340887, 0.00158154952805, 0.000334189739078, 8.5754400061e-05, 0.000231490077567, 0.000199191301363, 0.000234147591982, 0.00161835446488, 0.00368097005412, 0.00443496368825, 0.00228957273066, 0.00112997950055, 0.000675525981933, 0.000645092630293, 0.000339681544574, 0.000230804420426, 0.000245434028329, 0.00015996574075, 0.000153378932737, 7.12689725333e-05, 7.4583258538e-05, 4.84906267957e-05, 3.3757147321e-05, 3.74664959963e-05, 1.87280111277e-05, 6.98145368005e-06, 1.4553039307e-07],
        "min": [3.56312895855e-10, 1.8615473607e-09, 5.52322187986e-09, 1.00152499627e-08, 2.29369717886e-07, 1.63860704561e-07, 5.57626322006e-07, 1.53658322688e-06, 4.37729386249e-06, 5.69412031837e-06, 3.08841663355e-06, 1.83187341918e-06, 5.32802914677e-06, 4.37932521891e-06, 6.16861598246e-06, 3.2211312373e-06, 3.84342183679e-06, 1.15634884423e-06, 3.76413652248e-07, 4.05795447023e-07, 5.93888955791e-07, 2.62496286041e-07, 1.71670215821e-08, 9.15552411662e-10, 5.57901641551e-11, 3.84106982332e-11, 3.59149862628e-11],
        "stdev": [0.00214661518112, 0.0046667996794, 0.00125418719836, 0.00055629684357, 0.00108654145151, 0.000416330032749, 0.00098373927176, 0.00552111631259, 0.00534400902689, 0.00668628141284, 0.00328451255336, 0.00140144163743, 0.00101244263351, 0.000948175205849, 0.000413159723394, 0.000281088345218, 0.000274025165709, 0.000144334873767, 0.000178474088898, 7.97952379799e-05, 9.59393510129e-05, 6.87497813487e-05, 4.77427711303e-05, 7.87234675954e-05, 5.10569989274e-05, 2.26267293328e-05, 8.72392945439e-07]
    },
    "erbbands": {
        "max": [3.53630495071, 9.07181739807, 16.7453155518, 24.293680191, 51.2032394409, 100.581932068, 59.7185325623, 44.3666763306, 168.100692749, 441.113250732, 849.576782227, 1019.69256592, 1977.49609375, 1279.78369141, 886.117858887, 419.280303955, 684.643615723, 243.900100708, 302.616394043, 259.13494873, 114.102081299, 139.282852173, 72.4798202515, 36.484249115, 54.229598999, 30.3393783569, 25.3445510864, 19.965587616, 20.0453662872, 10.0261554718, 12.3993768692, 15.7519636154, 29.8881950378, 14.1463441849, 7.52631473541, 3.64436602592, 0.636571526527, 0.0802595093846, 0.00181386061013, 0.000140088930493],
        "mean": [0.0663408115506, 0.277177453041, 0.406579375267, 0.333133876324, 0.373848289251, 0.930672109127, 1.19230508804, 1.82320308685, 2.89680814743, 14.4128141403, 37.0913619995, 80.9302597046, 138.682312012, 123.15687561, 79.2293930054, 41.1559486389, 32.2440795898, 30.6253032684, 26.7407264709, 16.179725647, 12.4465284348, 14.0173778534, 9.558552742, 7.24409008026, 7.24983596802, 3.64673161507, 2.86092853546, 2.89694905281, 2.01088452339, 1.00600588322, 1.02748501301, 0.878536820412, 0.530946075916, 0.239454597235, 0.121614225209, 0.0474718883634, 0.00900107808411, 0.000973787915427, 3.5738103179e-05, 2.39209621213e-05],
        "min": [1.56470534307e-07, 1.42206579312e-06, 1.18506923172e-05, 0.000128850893816, 0.000453006214229, 0.000704464211594, 0.00165184866637, 0.00174891331699, 0.0165327638388, 0.0204203911126, 0.0366292819381, 0.0861557871103, 0.230016112328, 0.216905832291, 0.357318133116, 0.0893414095044, 0.234676674008, 0.18186506629, 0.39078810811, 0.198743790388, 0.268421441317, 0.182886406779, 0.0869610458612, 0.0114059876651, 0.0230322293937, 0.0198563635349, 0.0195224843919, 0.0235122330487, 0.010505692102, 0.00621156627312, 0.00302048772573, 0.000436159782112, 0.000122273821034, 3.16657460644e-05, 1.53041419253e-05, 4.11226164942e-06, 1.39916949138e-06, 3.88345739566e-07, 6.41698363779e-07, 1.08350923256e-06],
        "stdev": [0.226206257939, 0.819468080997, 1.40535306931, 1.69962000847, 2.46591234207, 4.57055807114, 3.5878765583, 3.92049145699, 8.70380496979, 49.9568557739, 98.0867462158, 112.023986816, 210.54750061, 182.344985962, 102.030601501, 49.917591095, 48.2940216064, 37.4386558533, 35.7785186768, 22.4834651947, 11.3760299683, 16.4629573822, 8.80718803406, 5.74253082275, 10.2199392319, 3.88815689087, 3.37485647202, 4.02260065079, 3.04002690315, 1.25449883938, 1.48911118507, 1.4953609705, 1.37674558163, 0.678293526173, 0.359494864941, 0.152806743979, 0.0274489391595, 0.00398094439879, 9.82514975476e-05, 2.09640602407e-05]
    },
    "gfcc": {
        "mean": [-68.5807876587, 52.0347175598, -206.118087769, -17.803030014, -86.212852478, 18.3197307587, -26.3560218811, 15.7596254349, -17.5360774994, -7.77462530136, -12.4810380936, -6.6043381691, -1.05399119854],
        "cov": [[2891.4609375, -84.8358612061, 1815.46020508, 1101.48352051, 472.658111572, 301.137268066, -165.420166016, 341.383178711, -63.0595817566, 623.236022949, 33.0109519958, 418.79486084, -248.338363647], [-84.8358612061, 792.02142334, 518.53692627, 475.283111572, 305.700317383, 34.3949546814, 161.405700684, -92.2829742432, 137.160995483, -0.247979640961, 53.9828529358, 6.89929533005, 17.9482975006], [1815.46020508, 518.53692627, 3247.58154297, 1977.41479492, 1054.20983887, 599.188354492, -297.931976318, 353.662567139, -214.098098755, 747.342041016, -98.8274917603, 574.792602539, -257.357849121], [1101.48352051, 475.283111572, 1977.41479492, 1510.87927246, 811.161010742, 449.578460693, -72.7798919678, 178.516433716, -27.7745265961, 430.461730957, -10.9754171371, 338.182861328, -125.347465515], [472.658111572, 305.700317383, 1054.20983887, 811.161010742, 604.11907959, 262.448608398, 65.180770874, 70.6989364624, 2.29942035675, 220.917953491, -37.9904098511, 199.737075806, -90.9315872192], [301.137268066, 34.3949546814, 599.188354492, 449.578460693, 262.448608398, 233.302230835, -31.8120384216, 103.748840332, -27.3021316528, 125.547554016, -18.7004718781, 95.4399795532, -28.8133811951], [-165.420166016, 161.405700684, -297.931976318, -72.7798919678, 65.180770874, -31.8120384216, 289.001861572, -30.4700260162, 155.655487061, -91.9012451172, 27.3221111298, -65.5016021729, 15.105047226], [341.383178711, -92.2829742432, 353.662567139, 178.516433716, 70.6989364624, 103.748840332, -30.4700260162, 180.961593628, -4.74055480957, 115.221343994, -25.3688297272, 58.3327636719, -35.8949928284], [-63.0595817566, 137.160995483, -214.098098755, -27.7745265961, 2.29942035675, -27.3021316528, 155.655487061, -4.74055480957, 179.00567627, -47.2851638794, 45.2402839661, -58.7018547058, 31.96043396], [623.236022949, -0.247979640961, 747.342041016, 430.461730957, 220.917953491, 125.547554016, -91.9012451172, 115.221343994, -47.2851638794, 271.925872803, -8.07212734222, 174.878219604, -86.4834442139], [33.0109519958, 53.9828529358, -98.8274917603, -10.9754171371, -37.9904098511, -18.7004718781, 27.3221111298, -25.3688297272, 45.2402839661, -8.07212734222, 87.6184539795, -4.80787372589, 23.8431663513], [418.79486084, 6.89929533005, 574.792602539, 338.182861328, 199.737075806, 95.4399795532, -65.5016021729, 58.3327636719, -58.7018547058, 174.878219604, -4.80787372589, 183.811340332, -52.3983726501], [-248.338363647, 17.9482975006, -257.357849121, -125.347465515, -90.9315872192, -28.8133811951, 15.105047226, -35.8949928284, 31.96043396, -86.4834442139, 23.8431663513, -52.3983726501, 89.0045471191]],
        "icov": [[0.000896474870387, 0.000550119904801, -0.000359713594662, -0.000524908944499, 0.000618316407781, 0.000496978056617, -0.000416457944084, -0.000240955036134, -0.000403510959586, -0.000624150969088, -0.000847957970109, -0.000247454911005, 0.000997020164505], [0.000550119904801, 0.00617324234918, -0.0040823481977, -0.000231781668845, -0.00163905671798, 0.00500229978934, -0.00197615800425, 0.0033391083125, -0.00318121421151, 0.00284082163125, -0.00384416454472, 0.00456907134503, -0.00259128911421], [-0.000359713594662, -0.0040823481977, 0.00632338272408, -0.0034369265195, 0.000453430286143, -0.00215409277007, 0.00224969768897, -0.00403473339975, 0.00382800330408, -0.00380681827664, 0.00400001509115, -0.00412289379165, 0.00244797905907], [-0.000524908944499, -0.000231781668845, -0.0034369265195, 0.00834363140166, -0.0046820724383, -0.00360357831232, 0.00184232695028, 0.00182916165795, -0.00312633230351, 0.000640309532173, -0.0031225902494, 0.0014662949834, -0.00168567895889], [0.000618316407781, -0.00163905671798, 0.000453430286143, -0.0046820724383, 0.0149149205536, -0.00731120677665, -0.00634820573032, 0.00427073566243, 0.000327224930516, -0.00177143421024, 0.00682672858238, -0.00686061056331, 0.00473716249689], [0.000496978056617, 0.00500229978934, -0.00215409277007, -0.00360357831232, -0.00731120677665, 0.0207359232008, 0.000177606067155, -0.00571261253208, 0.00157229148317, 0.00322259520181, -0.00507262628525, 0.00664168968797, -0.00618068920448], [-0.000416457944084, -0.00197615800425, 0.00224969768897, 0.00184232695028, -0.00634820573032, 0.000177606067155, 0.0122016333044, -0.0032567139715, -0.00623282138258, 0.00329099199735, -0.000785310287029, -0.00140267133247, 0.00334432558157], [-0.000240955036134, 0.0033391083125, -0.00403473339975, 0.00182916165795, 0.00427073566243, -0.00571261253208, -0.0032567139715, 0.0157139971852, -0.00529780471697, -0.00245580403134, 0.0027910603676, 0.00231377291493, -0.000901567284018], [-0.000403510959586, -0.00318121421151, 0.00382800330408, -0.00312633230351, 0.000327224930516, 0.00157229148317, -0.00623282138258, -0.00529780471697, 0.0181455332786, -0.00556496577337, -0.00178737088572, 0.00310483132489, -0.00367051223293], [-0.000624150969088, 0.00284082163125, -0.00380681827664, 0.000640309532173, -0.00177143421024, 0.00322259520181, 0.00329099199735, -0.00245580403134, -0.00556496577337, 0.0215584002435, -0.00456080166623, -0.00657674157992, 0.00556047772989], [-0.000847957970109, -0.00384416454472, 0.00400001509115, -0.0031225902494, 0.00682672858238, -0.00507262628525, -0.000785310287029, 0.0027910603676, -0.00178737088572, -0.00456080166623, 0.0216580107808, -0.00669022556394, -0.00136134587228], [-0.000247454911005, 0.00456907134503, -0.00412289379165, 0.0014662949834, -0.00686061056331, 0.00664168968797, -0.00140267133247, 0.00231377291493, 0.00310483132489, -0.00657674157992, -0.00669022556394, 0.0239425767213, -0.00677382899448], [0.000997020164505, -0.00259128911421, 0.00244797905907, -0.00168567895889, 0.00473716249689, -0.00618068920448, 0.00334432558157, -0.000901567284018, -0.00367051223293, 0.00556047772989, -0.00136134587228, -0.00677382899448, 0.0242496971041]]
    },
    "melbands": {
        "max": [0.0242349151522, 0.0078522246331, 0.0037739132531, 0.004432302434, 0.0029145614244, 0.00114259240218, 0.00264484155923, 0.00692599639297, 0.00553287332878, 0.00805915519595, 0.00989782717079, 0.00560194626451, 0.00303515512496, 0.00167016987689, 0.00115795771126, 0.000934358220547, 0.000527832075022, 0.000685572449584, 0.000367798667867, 0.000265085487626, 0.000164156852406, 0.000182958538062, 9.94011497824e-05, 4.36803638877e-05, 3.12736228807e-05, 5.32218073204e-05, 3.67815009668e-05, 2.27108830586e-05, 1.62431933859e-05, 2.14523533941e-05, 1.43059887705e-05, 1.48506669575e-05, 5.98244696448e-06, 6.18154263066e-06, 8.64546564117e-06, 7.22013146515e-06, 1.47681976159e-05, 2.01919756364e-05, 1.81678751687e-05, 1.24007583509e-05],
        "mean": [0.000526626303326, 0.000248952332186, 5.89378505538e-05, 4.58338945464e-05, 4.32724555139e-05, 4.1893839807e-05, 4.28353851021e-05, 0.000226201271289, 0.000296081852866, 0.000559427309781, 0.000700967910234, 0.00051179190632, 0.000292578304652, 0.000142936449265, 7.74187356001e-05, 7.01503449818e-05, 5.58135470783e-05, 4.87631259602e-05, 2.40454301093e-05, 1.80099796125e-05, 1.36702947202e-05, 1.59266182891e-05, 9.77380841505e-06, 7.00485043126e-06, 5.76007414566e-06, 5.32408148501e-06, 4.06979052059e-06, 2.09329914469e-06, 1.72634088358e-06, 1.85450812751e-06, 1.53797338953e-06, 1.37362496844e-06, 5.78642243454e-07, 5.22608161191e-07, 6.00303110332e-07, 5.19927596088e-07, 5.60272326311e-07, 4.09562488812e-07, 2.56981024904e-07, 1.81580574576e-07],
        "min": [1.23092203097e-09, 6.93174317945e-09, 2.14519850772e-08, 4.89003788573e-08, 6.52208953511e-08, 4.18667625013e-08, 1.69395846683e-07, 2.52131485468e-07, 1.87516533856e-07, 6.00444536758e-07, 8.55048995163e-07, 5.97430755533e-07, 1.04339483187e-06, 3.81814146522e-07, 1.84467282338e-07, 3.78638219445e-07, 2.83795088762e-07, 5.54513462703e-07, 3.09504741836e-07, 1.05866106992e-07, 3.59855761189e-07, 1.95014820292e-07, 1.59782018727e-07, 2.25903029616e-08, 5.69128966177e-09, 1.86942941127e-08, 1.29765140855e-08, 1.36931967987e-08, 9.50092982066e-09, 1.66572142746e-08, 1.29989317088e-08, 5.94147353539e-09, 4.1371337467e-09, 2.65764454888e-09, 3.72233077695e-10, 6.89601500903e-11, 1.20858262634e-11, 1.02667787466e-11, 7.4594991642e-12, 5.28347548004e-13],
        "stdev": [0.00166139251087, 0.000758952228352, 0.000294672674499, 0.00023632076045, 0.000146794947796, 8.89110087883e-05, 0.000147903658217, 0.000808511045761, 0.000653477909509, 0.000813518417999, 0.00107110594399, 0.000771137478296, 0.000398090051021, 0.000176279689185, 0.000106311184936, 0.000104787344753, 7.45090874261e-05, 7.39734678064e-05, 2.88382980216e-05, 2.53731031989e-05, 1.39945532283e-05, 2.05823562283e-05, 9.62246576819e-06, 6.23307232672e-06, 4.86408771394e-06, 6.85797522237e-06, 5.95628307565e-06, 2.29295005738e-06, 2.10417670132e-06, 2.59957369053e-06, 2.31859303312e-06, 2.34475623984e-06, 7.26636699255e-07, 7.07601827798e-07, 8.68342738158e-07, 8.55362259244e-07, 1.04319076399e-06, 1.00469355857e-06, 7.87471662989e-07, 5.49572291675e-07]
    },
    "melbands128": {
        "max": [0.0216254051775, 0.0333718545735, 0.030853047967, 0.0136564960703, 0.00997953582555, 0.0072129368782, 0.00556171312928, 0.00468683801591, 0.00621015811339, 0.00341774476692, 0.00705993035808, 0.00467144744471, 0.00178391626105, 0.0010449513793, 0.00081536010839, 0.00222300225869, 0.00304809119552, 0.00466502876952, 0.00550729222596, 0.00691747758538, 0.0146805243567, 0.0161887705326, 0.00771756051108, 0.00406082207337, 0.00484049646184, 0.0143734309822, 0.0122709563002, 0.0154204275459, 0.0129913240671, 0.0111205969006, 0.00730382697657, 0.00557058537379, 0.00383383804001, 0.00357264792547, 0.0022780909203, 0.00208646873944, 0.00171795336064, 0.00139517954085, 0.00334624852985, 0.00200292817317, 0.00144797295798, 0.00101943430491, 0.000877471582498, 0.00113203015644, 0.00149393139873, 0.000954600458499, 0.000872608914506, 0.000781600712799, 0.000408843276091, 0.000718014314771, 0.000272345525445, 0.00018196189194, 0.000276471721008, 0.000373050075723, 0.000204146068427, 0.000381064834073, 0.000235456653172, 0.000228093660553, 0.000186882462003, 0.000147175975144, 9.20337915886e-05, 5.64366382605e-05, 5.13778832101e-05, 6.00150888204e-05, 5.8216155594e-05, 7.31513428036e-05, 0.000107155203295, 0.000117205599963, 5.68719333387e-05, 3.19803293678e-05, 4.21366967203e-05, 2.97303686239e-05, 1.60566560226e-05, 2.96530652122e-05, 3.98161428166e-05, 1.76937792276e-05, 5.86954811297e-05, 2.16931657633e-05, 2.85972273559e-05, 3.94115595554e-05, 3.19507344102e-05, 1.6206615328e-05, 6.82294921717e-06, 6.81963547322e-06, 9.18540808925e-06, 6.40579810351e-06, 1.06997376861e-05, 9.73837268248e-06, 9.97803908831e-06, 1.02677449831e-05, 7.67481014918e-06, 1.45893336594e-05, 8.72217697179e-06, 2.75736147159e-05, 1.34848869493e-05, 2.04183379537e-05, 2.12513787119e-05, 3.5557175579e-05, 2.12341637962e-05, 8.59645660967e-06, 9.61452678894e-06, 1.6413110643e-05, 1.17989875434e-05, 1.28781593958e-05, 8.56904080138e-06, 5.053161658e-06, 6.33352328805e-06, 7.38588960303e-06, 7.37484378988e-06, 6.91904415362e-06, 3.62070795745e-06, 1.81892141882e-06, 1.36483834012e-06, 1.04507137166e-06, 1.44826788073e-06, 7.08995742116e-07, 5.68819359614e-07, 2.1743925771e-08, 2.87746040328e-08, 3.24149098674e-08, 2.32640786635e-08, 1.26406050072e-08, 9.04131436386e-09, 1.02892983023e-09, 1.01903940841e-09, 1.0085954294e-09, 1.00033326067e-09, 9.94759830064e-10],
        "mean": [0.000243812828558, 0.000589997624047, 0.000665498606395, 0.000379141012672, 0.000231364421779, 0.000146732258145, 6.6349246481e-05, 3.99068339902e-05, 3.15575853165e-05, 4.57810310763e-05, 5.66803610127e-05, 4.91397513542e-05, 4.24940117227e-05, 3.03775832435e-05, 3.83254628105e-05, 4.81227434648e-05, 5.46424707863e-05, 2.79557989415e-05, 4.73115615023e-05, 8.73948447406e-05, 0.000393028836697, 0.000459247763501, 0.000176293353434, 0.000263260211796, 0.000485096767079, 0.000700160337146, 0.000714066496585, 0.00072563579306, 0.000683229358401, 0.000548836193047, 0.000476196873933, 0.000375461444492, 0.000287712930003, 0.000234301725868, 0.000179713824764, 0.00010760211444, 9.39815145102e-05, 8.50680517033e-05, 5.60153857805e-05, 7.23066841601e-05, 8.01075220807e-05, 5.6523578678e-05, 4.68943180749e-05, 5.83303553867e-05, 7.30268802727e-05, 4.29784267908e-05, 2.83252211375e-05, 2.34663639276e-05, 2.14533738472e-05, 2.36443320318e-05, 1.63136319316e-05, 1.42721473821e-05, 1.39302692332e-05, 1.24635225802e-05, 1.59082501341e-05, 1.9943661755e-05, 1.22818746604e-05, 8.39040330902e-06, 1.03956308521e-05, 9.34921717999e-06, 6.56273641653e-06, 5.37449841431e-06, 5.6571047935e-06, 6.09328708379e-06, 5.8442565205e-06, 3.54493681698e-06, 6.76890340401e-06, 6.28702309768e-06, 2.62261187345e-06, 2.29407078223e-06, 2.31251124205e-06, 1.90981563719e-06, 1.58702493991e-06, 1.85360136129e-06, 1.60486285949e-06, 1.63705703926e-06, 2.26596807806e-06, 1.79098719855e-06, 1.43361307892e-06, 1.13511498512e-06, 1.92591051018e-06, 1.22016820114e-06, 5.33120328328e-07, 5.9645572037e-07, 5.37242840437e-07, 5.29449380338e-07, 4.91762989441e-07, 5.67675783714e-07, 5.61624005968e-07, 7.50321191845e-07, 4.51954235814e-07, 5.04271895352e-07, 4.93515017297e-07, 6.17673265424e-07, 5.54224016014e-07, 5.00304679463e-07, 3.65729789564e-07, 2.99068830145e-07, 2.7707216077e-07, 2.25904884132e-07, 1.90483575579e-07, 1.7923881046e-07, 1.63600333281e-07, 1.44762395848e-07, 1.37430816949e-07, 1.34005802011e-07, 1.08236093865e-07, 9.78783987193e-08, 8.47691978834e-08, 6.44124682481e-08, 5.12779614326e-08, 3.14460777417e-08, 2.11801580718e-08, 1.69080802692e-08, 1.53703876293e-08, 9.88831949655e-09, 4.91618257215e-09, 3.73111708196e-10, 1.98888489011e-10, 1.40447528607e-10, 9.31181035058e-11, 6.48999812225e-11, 3.70490860213e-11, 6.17482714266e-12, 5.00080445803e-12, 4.85427019761e-12, 4.76140481209e-12, 4.72767658355e-12],
        "min": [7.20521836639e-11, 4.55823878642e-10, 6.76852796033e-10, 5.58930624006e-10, 6.73398892204e-10, 2.49083220716e-09, 8.17244161233e-10, 6.97652646764e-09, 5.64243052281e-09, 1.17573035752e-08, 7.99933275175e-09, 1.59989337334e-08, 2.88658630332e-09, 2.34422081746e-08, 1.35154003544e-08, 4.17088301674e-08, 6.99220947808e-08, 5.97343330355e-08, 9.47632159409e-08, 5.89730824174e-08, 1.12223801807e-07, 1.34126040052e-07, 1.23746872305e-07, 1.49360602109e-07, 2.42912733484e-07, 2.6610786108e-07, 4.82966640902e-07, 2.06693314908e-07, 8.92110492146e-08, 3.49001908262e-07, 1.22649097989e-07, 2.26554533356e-07, 2.80998847302e-07, 1.62299073736e-07, 2.10524888189e-07, 2.66187555553e-07, 8.88156250767e-08, 4.88742699645e-08, 2.33740053091e-07, 3.13395929652e-07, 2.03624693995e-07, 1.69517093696e-07, 1.40485070688e-07, 1.42296130434e-07, 4.40581146677e-07, 2.7423385518e-07, 1.72646807073e-07, 1.31322821062e-07, 1.66345245134e-07, 3.71041295466e-08, 5.9658624707e-08, 9.37714119686e-08, 1.65080592751e-07, 1.05334997613e-07, 1.26663849187e-07, 7.37499235015e-08, 1.12985055978e-07, 4.450169655e-08, 8.5845236697e-08, 3.83407900983e-08, 1.21775034501e-08, 5.6113944602e-09, 2.21454254934e-09, 2.86605406075e-09, 1.47919108073e-08, 2.30338219609e-08, 1.85425435006e-08, 1.67760720871e-08, 7.09194214465e-09, 1.52033230449e-08, 1.34409532393e-08, 1.40842093543e-08, 1.19404761634e-08, 2.58852450585e-09, 1.38314808495e-08, 1.50306878055e-08, 1.45994425438e-08, 1.02598880503e-08, 1.62821596206e-08, 6.72083499964e-09, 4.36259561809e-09, 8.50538217634e-09, 2.61374388799e-09, 3.03554936743e-09, 3.53832696476e-09, 7.15604409063e-10, 3.1182518373e-11, 1.89925339344e-10, 2.90289320359e-10, 1.2018813722e-10, 1.24665043913e-11, 1.13790773679e-11, 1.19330352891e-11, 1.30938957593e-11, 1.15864479469e-11, 1.02151594475e-11, 1.02086221421e-11, 6.40663954179e-12, 1.21431174577e-12, 5.89215742169e-13, 6.60021408187e-13, 4.70570468442e-13, 4.5019025942e-13, 4.16984155538e-13, 3.84864503548e-13, 4.31406402572e-13, 3.95212237502e-13, 3.19656681767e-13, 2.00601796459e-13, 1.34866537426e-13, 1.3460062329e-13, 1.29541505561e-13, 1.2834866633e-13, 1.24931206873e-13, 9.06176040238e-14, 1.21818340463e-13, 1.25588761938e-13, 1.10884873061e-13, 1.19635963462e-13, 1.20741144947e-13, 1.26414625838e-13, 1.20339719092e-13, 1.22557928975e-13, 1.13288345989e-13, 8.44090151508e-14, 3.45884040539e-14, 4.29719761768e-15, 2.47307839033e-16],
        "stdev": [0.00160183385015, 0.00224656029604, 0.00199260027148, 0.00123319192789, 0.000819522421807, 0.000588564202189, 0.000371095666196, 0.000272036675597, 0.000260584231, 0.000238052423811, 0.000304919405608, 0.00022080814233, 0.00013373150432, 7.79597612564e-05, 9.00521117728e-05, 0.000152107371832, 0.000170894389157, 0.000170754021383, 0.000301428837702, 0.0004747530038, 0.00159420049749, 0.00183260324411, 0.000386279862141, 0.000411555782193, 0.000705194077455, 0.00128030346241, 0.00127373589203, 0.00138163100928, 0.00117676239461, 0.00101835874375, 0.000848909490742, 0.000636013981421, 0.000462137599243, 0.000350336165866, 0.000267690164037, 0.000173472682945, 0.000162757103681, 0.000151334548718, 0.000150233827299, 0.000156801135745, 0.000140903983265, 8.51801596582e-05, 7.15509668225e-05, 0.000115615657705, 0.0001559650118, 8.21142530185e-05, 4.86501085106e-05, 3.64093721146e-05, 3.52534843842e-05, 6.07148067502e-05, 2.46896670433e-05, 1.74425858859e-05, 2.24379182328e-05, 2.20906749746e-05, 2.3255151973e-05, 3.79357152269e-05, 2.2459849788e-05, 1.40360743899e-05, 1.46297743413e-05, 1.33373550852e-05, 8.78490754985e-06, 5.83783685215e-06, 7.05462298356e-06, 6.76809986544e-06, 8.10557503428e-06, 5.73387433178e-06, 1.45025032907e-05, 1.40189249578e-05, 4.47627644462e-06, 3.07075674755e-06, 3.49959987034e-06, 2.6813884233e-06, 1.93133223547e-06, 2.9891232316e-06, 3.40198084814e-06, 2.62160847342e-06, 4.92672688779e-06, 3.23795734403e-06, 2.85617352347e-06, 2.51369192483e-06, 4.11728160543e-06, 2.16216062654e-06, 7.25518759737e-07, 9.42334963838e-07, 8.23285745355e-07, 8.06722653124e-07, 8.42846077376e-07, 9.01961470845e-07, 8.97357097074e-07, 1.55633699706e-06, 7.71226041252e-07, 1.14099532311e-06, 8.19204103664e-07, 1.4585673398e-06, 1.03603542811e-06, 1.20515630897e-06, 9.7340512184e-07, 1.28240344566e-06, 9.98205791802e-07, 4.76216399647e-07, 4.84696499825e-07, 6.70600286412e-07, 5.68945267787e-07, 5.92975197833e-07, 4.21948897156e-07, 2.92385351486e-07, 3.16808325351e-07, 3.46919222238e-07, 2.88558055672e-07, 2.60763414417e-07, 1.5741264292e-07, 8.75078072227e-08, 6.77912339597e-08, 5.40309450514e-08, 7.68991270661e-08, 4.22611563522e-08, 2.7631191557e-08, 2.10267891987e-09, 1.94005345122e-09, 1.43806189179e-09, 1.05272135453e-09, 6.38195774005e-10, 4.36071095899e-10, 4.86125410759e-11, 4.30319217759e-11, 4.25752384736e-11, 4.22087156893e-11, 4.19686681241e-11]
    },
    "mfcc": {
        "mean": [-683.640930176, 89.8031234741, -67.7558288574, -35.5489501953, -35.8466796875, -12.5194301605, -4.11539268494, 10.0104236603, 3.41855621338, 4.12171125412, -3.1868789196, -2.12560248375, -7.83733558655],
        "cov": [[2023.91137695, -275.580322266, 691.628051758, 446.071533203, 316.69720459, 102.832435608, 95.9967727661, -3.71272420883, -8.91083049774, 92.47315979, 125.496498108, 253.894088745, 158.425369263], [-275.580322266, 522.58782959, 96.1559448242, 254.002883911, 15.6832828522, 144.493789673, 5.8671836853, 46.19008255, 18.6221179962, 2.15112233162, 42.9057350159, -4.55370378494, 7.44435071945], [691.628051758, 96.1559448242, 2089.84423828, 1324.11279297, 1218.60534668, 553.175842285, 351.368041992, 3.87588024139, 122.572746277, -89.4928436279, 209.485671997, 318.000762939, 205.320953369], [446.071533203, 254.002883911, 1324.11279297, 1220.39172363, 873.16229248, 595.558410645, 284.889160156, 96.4022445679, 133.242660522, -42.0437469482, 198.195465088, 278.135070801, 156.413528442], [316.69720459, 15.6832828522, 1218.60534668, 873.16229248, 872.461425781, 435.533355713, 255.801727295, 32.770324707, 103.17514801, -71.6802978516, 130.122406006, 204.147598267, 120.451026917], [102.832435608, 144.493789673, 553.175842285, 595.558410645, 435.533355713, 401.348693848, 162.288619995, 78.3094177246, 69.1134719849, -21.9667778015, 91.1137771606, 132.35168457, 59.9710845947], [95.9967727661, 5.8671836853, 351.368041992, 284.889160156, 255.801727295, 162.288619995, 155.302062988, 52.3726501465, 55.9266815186, -11.729973793, 56.2355537415, 65.1243133545, 37.9738883972], [-3.71272420883, 46.19008255, 3.87588024139, 96.4022445679, 32.770324707, 78.3094177246, 52.3726501465, 117.82232666, 74.390045166, 32.3282051086, 33.5562324524, 36.3808479309, 7.10823440552], [-8.91083049774, 18.6221179962, 122.572746277, 133.242660522, 103.17514801, 69.1134719849, 55.9266815186, 74.390045166, 145.867004395, 32.2975234985, 49.8275375366, 34.3444747925, 12.8555526733], [92.47315979, 2.15112233162, -89.4928436279, -42.0437469482, -71.6802978516, -21.9667778015, -11.729973793, 32.3282051086, 32.2975234985, 93.8874816895, 19.8987979889, 11.6893100739, 8.30010509491], [125.496498108, 42.9057350159, 209.485671997, 198.195465088, 130.122406006, 91.1137771606, 56.2355537415, 33.5562324524, 49.8275375366, 19.8987979889, 99.0252761841, 66.1654968262, 30.6951942444], [253.894088745, -4.55370378494, 318.000762939, 278.135070801, 204.147598267, 132.35168457, 65.1243133545, 36.3808479309, 34.3444747925, 11.6893100739, 66.1654968262, 140.658859253, 55.0463409424], [158.425369263, 7.44435071945, 205.320953369, 156.413528442, 120.451026917, 59.9710845947, 37.9738883972, 7.10823440552, 12.8555526733, 8.30010509491, 30.6951942444, 55.0463409424, 73.0244064331]],
        "icov": [[0.000911272130907, 0.000725665420759, -0.000314720004098, -0.000602037122007, 0.000673536735121, 0.000317057827488, 2.60174456344e-05, 1.58726015798e-05, 0.000651668640785, -0.000921541068237, -0.00025897755404, -0.000732753949706, -0.000611748371739], [0.000725665420759, 0.00408527161926, -0.000844913069159, -0.00253688078374, 0.00298118893988, -0.00109928369056, 0.00176436756738, -0.00118737039156, 0.000841918925289, -0.000405556173064, -0.00121599971317, 0.00254551903345, -0.000507643155288], [-0.000314720004098, -0.000844913069159, 0.00435997266322, -0.00232743914239, -0.00494662439451, 0.00360067049041, -0.00132971140556, 0.00186243187636, 0.000130928863655, -0.000242665744736, 6.06503890594e-05, -0.000724602316041, -0.000267029565293], [-0.000602037122007, -0.00253688078374, -0.00232743914239, 0.00988272763789, -0.00156239280477, -0.00678818533197, 0.00035893774475, -0.000345785083482, -0.00127622240689, 0.00162704382092, -0.0019599115476, -0.00277513847686, -0.00210504513234], [0.000673536735121, 0.00298118893988, -0.00494662439451, -0.00156239280477, 0.0127449659631, -0.005104937125, -0.00180543179158, 0.00141474825796, -0.00209296494722, 0.00231134402566, 0.000598102109507, 0.000333166564815, -0.000935888674576], [0.000317057827488, -0.00109928369056, 0.00360067049041, -0.00678818533197, -0.005104937125, 0.0146253965795, -0.00335099827498, -0.0021032425575, 0.00236571743153, -0.00117067806423, 0.00126619858202, -0.00170065788552, 0.00266311061569], [2.60174456344e-05, 0.00176436756738, -0.00132971140556, 0.00035893774475, -0.00180543179158, -0.00335099827498, 0.0174824763089, -0.00658891256899, 0.000163319375133, 0.00143929140177, -0.00329571403563, 0.00369998742826, -0.00158232671674], [1.58726015798e-05, -0.00118737039156, 0.00186243187636, -0.000345785083482, 0.00141474825796, -0.0021032425575, -0.00658891256899, 0.0194794218987, -0.00744980806485, -0.0025848899968, 0.00160491326824, -0.00479036243632, 0.00105631828774], [0.000651668640785, 0.000841918925289, 0.000130928863655, -0.00127622240689, -0.00209296494722, 0.00236571743153, 0.000163319375133, -0.00744980806485, 0.0134300002828, -0.0037704189308, -0.00361202168278, 0.00206799199805, 0.00103919988032], [-0.000921541068237, -0.000405556173064, -0.000242665744736, 0.00162704382092, 0.00231134402566, -0.00117067806423, 0.00143929140177, -0.0025848899968, -0.0037704189308, 0.0170029271394, -0.00313007319346, -0.000991738401353, -0.00331555772573], [-0.00025897755404, -0.00121599971317, 6.06503890594e-05, -0.0019599115476, 0.000598102109507, 0.00126619858202, -0.00329571403563, 0.00160491326824, -0.00361202168278, -0.00313007319346, 0.0198539309204, -0.00533699570224, 0.000913760217372], [-0.000732753949706, 0.00254551903345, -0.000724602316041, -0.00277513847686, 0.000333166564815, -0.00170065788552, 0.00369998742826, -0.00479036243632, 0.00206799199805, -0.000991738401353, -0.00533699570224, 0.0201219841838, -0.00447500543669], [-0.000611748371739, -0.000507643155288, -0.000267029565293, -0.00210504513234, -0.000935888674576, 0.00266311061569, -0.00158232671674, 0.00105631828774, 0.00103919988032, -0.00331555772573, 0.000913760217372, -0.00447500543669, 0.0235924143344]]
    },
    "spectral_contrast_coeffs": {
        "max": [-0.449720621109, -0.449359148741, -0.54712331295, -0.643206417561, -0.678698658943, -0.5393486619],
        "mean": [-0.74343329668, -0.718674659729, -0.746149361134, -0.812829375267, -0.795316278934, -0.762947916985],
        "min": [-0.927193701267, -0.903402328491, -0.887515246868, -0.900056242943, -0.87426006794, -0.90825176239],
        "stdev": [0.0685095489025, 0.0762865692377, 0.051502559334, 0.0429461486638, 0.0348205789924, 0.0485519319773]
    },
    "spectral_contrast_valleys": {
        "max": [-5.29882907867, -5.04623365402, -4.67758464813, -6.08083820343, -6.33685255051, -8.37493991852],
        "mean": [-9.29549503326, -7.20947313309, -6.51566028595, -7.19358921051, -7.70455694199, -10.680355072],
        "min": [-11.529135704, -9.08681488037, -8.6937046051, -9.0044260025, -10.0444908142, -14.1506900787],
        "stdev": [1.53433907032, 0.526622831821, 0.816172599792, 0.556224763393, 0.429441928864, 0.843212544918]
    }
},
"rhythm": {
    "beats_count": 39,
    "beats_loudness": {
        "max": 0.0878705009818,
        "mean": 0.0201221313328,
        "min": 0.00235891109332,
        "stdev": 0.0174093525857
    },
    "bpm": 113.371299744,
    "bpm_histogram_first_peak_bpm": 115,
    "bpm_histogram_first_peak_weight": 0.157894730568,
    "bpm_histogram_second_peak_bpm": 108,
    "bpm_histogram_second_peak_spread": 0.421052634716,
    "bpm_histogram_second_peak_weight": 0.289473682642,
    "danceability": 0.826196551323,
    "onset_rate": 1.71339464188,
    "beats_loudness_band_ratio": {
        "max": [0.848282217979, 0.179422721267, 0.716521978378, 0.730764806271, 0.347522735596, 0.113589219749],
        "mean": [0.12163438648, 0.021546099335, 0.377146184444, 0.414307922125, 0.0861358419061, 0.0258332397789],
        "min": [9.8691562016e-06, 0.000211373437196, 0.0104040727019, 0.0191501099616, 0.00848385319114, 0.00364911719225],
        "stdev": [0.240157604218, 0.0329984910786, 0.197036117315, 0.21995651722, 0.0581429377198, 0.0235989615321]
    },
    "beats_position": [0.53405892849, 1.07972788811, 1.62539684772, 2.17106580734, 2.71673464775, 3.27401351929, 3.83129239082, 4.38857126236, 4.94585037231, 5.51473903656, 6.08362817764, 6.64090681076, 7.19818592072, 7.75546455383, 8.31274318695, 8.84680271149, 9.4040813446, 9.94974994659, 10.4954195023, 11.0526981354, 11.6099767685, 12.1324262619, 12.6548748016, 13.177324295, 13.6997728348, 14.2222223282, 14.7446708679, 15.2787294388, 15.8011789322, 16.3236274719, 16.8576869965, 17.3801364899, 17.9025840759, 18.4250335693, 18.9474830627, 19.4699325562, 19.9923801422, 20.5148296356, 21.037279129],
