{
"metadata": {
    "version": {
        "essentia": "2.1-beta5",
        "essentia_git_sha": "Undefined",
        "extractor": "music 2.0"
    },
    "audio_properties": {
        "analysis": {
            "equal_loudness": 0,
            "length": 48.7502937317,
            "sample_rate": 44100,
            "start_time": 29.0017242432,
            "downmix": "mix"
        },
        "bit_rate": 192000,
        "length": 187.930709839,
        "lossless": 0,
        "number_channels": 2,
        "replay_gain": -0.895526885986,
        "sample_rate": 48000,
        "codec": "mp3",
        "md5_encoded": "95ab18256cf5af436ae3c1636f7e8ab5"
    },
    "tags": {
        "file_name": "Armenia_Fly With Me_Artsvik.mp3",
        "encoding": ["Lavf58.29.100"]
    }
},
"lowlevel": {
    "average_loudness": 0.834017395973,
    "barkbands_crest": {
        "max": 25.3371639252,
        "mean": 12.1670570374,
        "min": 2.82393074036,
        "stdev": 4.71177196503
    },
    "barkbands_flatness_db": {
        "max": 0.459371596575,
        "mean": 0.222740963101,
        "min": 0.0282875820994,
        "stdev": 0.065059043467
    },
    "barkbands_kurtosis": {
        "max": 297.155609131,
        "mean": 6.70648860931,
        "min": -1.78858864307,
        "stdev": 15.7731513977
    },
    "barkbands_skewness": {
        "max": 14.0963115692,
        "mean": 1.6688246727,
        "min": -2.16557240486,
        "stdev": 1.4795845747
    },
    "barkbands_spread": {
        "max": 94.7351303101,
        "mean": 13.5125904083,
        "min": 0.405967563391,
        "stdev": 10.4497776031
    },
    "dissonance": {
        "max": 0.499976664782,
        "mean": 0.434048742056,
        "min": 0.210961923003,
        "stdev": 0.0479317680001
    },
    "dynamic_complexity": 3.98746800423,
    "erbbands_crest": {
        "max": 28.4920921326,
        "mean": 11.9384441376,
        "min": 2.55353832245,
        "stdev": 5.48534488678
    },
    "erbbands_flatness_db": {
        "max": 0.425757616758,
        "mean": 0.224643349648,
        "min": 0.0593937821686,
        "stdev": 0.0634508877993
    },
    "erbbands_kurtosis": {
        "max": 29.6682510376,
        "mean": 1.44150924683,
        "min": -1.77817416191,
        "stdev": 3.29941558838
    },
    "erbbands_skewness": {
        "max": 4.72053718567,
        "mean": 0.711521565914,
        "min": -3.03555631638,
        "stdev": 0.985318005085
    },
    "erbbands_spread": {
        "max": 166.7003479,
        "mean": 28.0236625671,
        "min": 2.26488089561,
        "stdev": 17.7177124023
    },
    "hfc": {
        "max": 84.4304046631,
        "mean": 12.8675546646,
        "min": 0.0583383999765,
        "stdev": 11.5767850876
    },
    "loudness_ebu128": {
        "integrated": -22.7165050507,
        "loudness_range": 8.06340789795,
        "momentary": {
            "max": -17.9329891205,
            "mean": -24.2123260498,
            "min": -41.6113891602,
            "stdev": 3.8740606308
        },
        "short_term": {
            "max": -19.7023773193,
            "mean": -23.7211933136,
            "min": -32.3828353882,
            "stdev": 3.0972905159
        }
    },
    "melbands_crest": {
        "max": 38.2349624634,
        "mean": 17.5285453796,
        "min": 3.33329892159,
        "stdev": 7.15018224716
    },
    "melbands_flatness_db": {
        "max": 0.592047333717,
        "mean": 0.2876547575,
        "min": 0.0381266102195,
        "stdev": 0.080377176404
    },
    "melbands_kurtosis": {
        "max": 343.370422363,
        "mean": 14.7166185379,
        "min": -1.77931368351,
        "stdev": 29.7242450714
    },
    "melbands_skewness": {
        "max": 16.8643569946,
        "mean": 2.38724565506,
        "min": -0.92529219389,
        "stdev": 2.06340479851
    },
    "melbands_spread": {
        "max": 176.13293457,
        "mean": 14.7194328308,
        "min": 0.389797627926,
        "stdev": 12.755027771
    },
    "pitch_salience": {
        "max": 0.918695151806,
        "mean": 0.503069698811,
        "min": 0.063524119556,
        "stdev": 0.16125023365
    },
    "silence_rate_20dB": {
        "max": 1,
        "mean": 1,
        "min": 1,
        "stdev": 0
    },
    "silence_rate_30dB": {
        "max": 1,
        "mean": 0.969538331032,
        "min": 0,
        "stdev": 0.171852946281
    },
    "silence_rate_60dB": {
        "max": 1,
        "mean": 0.121846742928,
        "min": 0,
        "stdev": 0.327108830214
    },
    "spectral_centroid": {
        "max": 4682.09667969,
        "mean": 916.571289062,
        "min": 230.730285645,
        "stdev": 486.887573242
    },
    "spectral_complexity": {
        "max": 41,
        "mean": 11.4255113602,
        "min": 0,
        "stdev": 5.35131168365
    },
    "spectral_decrease": {
        "max": -1.62520049501e-11,
        "mean": -9.21130904885e-09,
        "min": -7.23209652165e-08,
        "stdev": 8.77942962774e-09
    },
    "spectral_energy": {
        "max": 0.275426238775,
        "mean": 0.0359326861799,
        "min": 6.66301857564e-05,
        "stdev": 0.0338565707207
    },
    "spectral_energyband_high": {
        "max": 0.00469352910295,
        "mean": 0.000149315383169,
        "min": 2.1673740136e-08,
        "stdev": 0.000411805754993
    },
    "spectral_energyband_low": {
        "max": 0.259178489447,
        "mean": 0.018007138744,
        "min": 1.02346871245e-06,
        "stdev": 0.02440950647
    },
    "spectral_energyband_middle_high": {
        "max": 0.0364350117743,
        "mean": 0.00307797663845,
        "min": 1.55158340931e-05,
        "stdev": 0.00390704767779
    },
    "spectral_energyband_middle_low": {
        "max": 0.153994500637,
        "mean": 0.0141859808937,
        "min": 4.1134582716e-05,
        "stdev": 0.0169449541718
    },
    "spectral_entropy": {
        "max": 8.73173904419,
        "mean": 7.07288265228,
        "min": 5.44227552414,
        "stdev": 0.525538384914
    },
    "spectral_flux": {
        "max": 0.412918746471,
        "mean": 0.0918964669108,
        "min": 0.00537362974137,
        "stdev": 0.0587148144841
    },
    "spectral_kurtosis": {
        "max": 103.189186096,
        "mean": 9.35809612274,
        "min": -1.04668545723,
        "stdev": 8.03968906403
    },
    "spectral_rms": {
        "max": 0.0163923315704,
        "mean": 0.00522138085216,
        "min": 0.000254960905295,
        "stdev": 0.00279168435372
    },
    "spectral_rolloff": {
        "max": 12639.9902344,
        "mean": 867.604553223,
        "min": 43.06640625,
        "stdev": 1222.10314941
    },
    "spectral_skewness": {
        "max": 6.63909673691,
        "mean": 2.06683897972,
        "min": 0.206003278494,
        "stdev": 0.711057841778
    },
    "spectral_spread": {
        "max": 16623130,
        "mean": 3222195.25,
        "min": 486215.96875,
        "stdev": 1885881.125
    },
    "spectral_strongpeak": {
        "max": 7.38750839233,
        "mean": 0.915875315666,
        "min": 0,
        "stdev": 1.154109478
    },
    "zerocrossingrate": {
        "max": 0.36474609375,
        "mean": 0.0361181721091,
        "min": 0.00244140625,
        "stdev": 0.0330191962421
    },
    "barkbands": {
        "max": [0.0448045283556, 0.233151212335, 0.0227763038129, 0.00888637267053, 0.0398414358497, 0.0703373402357, 0.145078465343, 0.0218155514449, 0.0212405472994, 0.028398565948, 0.0161200836301, 0.00397205539048, 0.00458014430478, 0.0119181806222, 0.00655414070934, 0.00971125625074, 0.00330561748706, 0.00325090484694, 0.0011582019506, 0.000928540423047, 0.00119435659144, 0.00220512249507, 0.00107201351784, 0.00203866581433, 0.00198115454987, 0.000859939318616, 5.36078732694e-05],
        "mean": [0.00378924212418, 0.0134973917156, 0.00139933638275, 0.000437274138676, 0.00133168918546, 0.00325100566261, 0.0067865322344, 0.000827658746857, 0.00119425845332, 0.000897338089999, 0.000541202840395, 0.000173821870703, 0.000147459490108, 0.000301256863168, 0.000191373139387, 0.000532080535777, 0.000264283444267, 0.000161305681104, 4.31685111835e-05, 3.69819790649e-05, 2.20661477215e-05, 2.48126143561e-05, 2.77902290691e-05, 2.16030693991e-05, 2.30976893363e-05, 8.37268271425e-06, 3.18122772569e-07],
        "min": [5.99446048355e-10, 3.34601928387e-08, 3.45059163465e-07, 1.26318980165e-07, 2.01952957468e-07, 2.46645726065e-07, 1.95027178052e-06, 1.25925282646e-06, 5.74580383272e-07, 5.55388339762e-07, 2.44621844558e-07, 9.04064052065e-07, 1.07322966869e-06, 1.14830822895e-06, 9.68683025349e-07, 7.99847782673e-07, 4.01690954277e-07, 1.84815178272e-07, 2.76160903923e-07, 9.64050173025e-09, 4.68933780695e-09, 5.5345267258e-10, 9.85737533266e-11, 1.66813021729e-10, 8.09295339077e-11, 9.46556305559e-11, 1.23505927707e-10],
        "stdev": [0.00668893149123, 0.0200293604285, 0.00225887540728, 0.000922213366721, 0.00268257572316, 0.00673367967829, 0.0147158475593, 0.00169193511829, 0.00237327883951, 0.00203947909176, 0.00140909140464, 0.000345689681126, 0.000296960497508, 0.000881234765984, 0.000503646209836, 0.00110258476343, 0.000429235195043, 0.0003131335543, 8.66654590936e-05, 8.00977650215e-05, 7.17189905117e-05, 8.92968018888e-05, 9.04090047698e-05, 8.85018816916e-05, 0.000137313181767, 5.61876549909e-05, 2.5824392651e-06]
    },
    "erbbands": {
        "max": [8.803565979, 44.7900352478, 33.9264678955, 24.999792099, 65.96434021, 167.184799194, 257.791534424, 647.65447998, 2070.79931641, 917.476318359, 581.476745605, 639.362182617, 458.615722656, 903.586242676, 780.914123535, 165.590133667, 163.101287842, 340.981445312, 455.298828125, 594.652404785, 647.924743652, 144.772598267, 172.506881714, 66.698348999, 67.4149398804, 48.3065910339, 61.5777320862, 80.6909255981, 82.1034240723, 30.2283668518, 41.9529266357, 36.3650588989, 31.0415649414, 17.1755199432, 15.0092849731, 8.64886283875, 1.47790062428, 0.201365590096, 0.00938454642892, 0.000311965530273],
        "mean": [0.609389662743, 2.1667330265, 2.09970569611, 1.43304550648, 2.61472821236, 5.2540845871, 11.4966964722, 31.7316532135, 99.3899917603, 49.623298645, 20.2690753937, 30.1903629303, 23.3781051636, 27.2083568573, 18.8822364807, 7.92359924316, 7.23780536652, 13.4884767532, 12.0502281189, 13.5434370041, 33.4289360046, 13.9932184219, 10.0007543564, 4.13784599304, 1.68589746952, 1.88564789295, 1.24318492413, 0.74944382906, 0.847962141037, 0.874283969402, 0.806463599205, 0.513272762299, 0.32989898324, 0.254967391491, 0.158568590879, 0.0550168305635, 0.0125077730045, 0.00154162570834, 8.17945910967e-05, 4.29016763519e-05],
        "min": [1.80991787602e-06, 2.75599377346e-05, 0.000474625121569, 0.00115913734771, 0.00191700679716, 0.00111177156214, 0.00206067459658, 0.00585916033015, 0.0204350240529, 0.0451913625002, 0.0251145604998, 0.0351012423635, 0.0412077866495, 0.0355379357934, 0.0320862308145, 0.0584184974432, 0.0512269809842, 0.0615643300116, 0.0424270741642, 0.0442748367786, 0.0339940153062, 0.0251730363816, 0.017059629783, 0.0171465259045, 0.00444937730208, 0.000655808777083, 0.000299230625387, 0.000123470454128, 3.1416391721e-05, 2.17355445784e-05, 1.10466653496e-05, 7.03168598193e-06, 4.46897593065e-06, 2.15578711504e-06, 1.40767940593e-06, 6.07862830293e-07, 2.73743410162e-07, 1.02869279317e-07, 7.07089284901e-08, 8.3027707376e-08],
        "stdev": [0.964215636253, 3.37186527252, 3.31171274185, 2.52344250679, 5.29620790482, 11.1604452133, 23.029006958, 63.9698448181, 211.252746582, 98.2496566772, 42.5128440857, 63.5129470825, 45.6834869385, 62.1872367859, 49.8145332336, 15.0465507507, 13.0081377029, 33.2319107056, 34.3990020752, 39.0671195984, 68.7383575439, 20.2550354004, 16.5569324493, 7.11570549011, 4.10486125946, 4.14934921265, 3.12635707855, 3.1961414814, 3.28700995445, 2.47030472755, 2.78291249275, 2.13385152817, 1.37787950039, 1.36104571819, 1.02783942223, 0.398000240326, 0.0800781622529, 0.00977753102779, 0.000489868107252, 4.14385722252e-05]
    },
    "gfcc": {
        "mean": [-71.0531463623, 150.799316406, -133.970245361, 28.210521698, -52.3773155212, 5.16689252853, -30.6205615997, 9.04570674896, 4.28525876999, -6.39309406281, 1.5195980072, -2.91521716118, 2.34161233902],
        "cov": [[4918.98242188, -917.191711426, 1070.0880127, 569.442749023, -12.0070333481, 658.085876465, -518.295166016, 626.920288086, 158.948074341, 320.176208496, 276.68069458, 405.243804932, 265.309997559], [-917.191711426, 1968.34008789, -499.910888672, -131.398193359, 445.134887695, -588.203369141, 575.649902344, -244.279571533, 367.057250977, -268.706695557, 280.836914062, -141.593612671, 151.905502319], [1070.0880127, -499.910888672, 1171.78930664, 296.205108643, 0.946565628052, 414.867095947, -212.419921875, 208.9400177, -43.1970939636, 262.04083252, -0.397005259991, 196.30368042, -6.34343862534], [569.442749023, -131.398193359, 296.205108643, 637.070556641, 77.6166763306, 134.906478882, -134.367050171, -18.0928668976, 197.441131592, 30.8527069092, 158.358261108, 127.684570312, 100.428405762], [-12.0070333481, 445.134887695, 0.946565628052, 77.6166763306, 444.909301758, -102.516235352, 190.394134521, 17.2952098846, 84.1072235107, 12.2816524506, 80.0637512207, 42.9922599792, 77.6401672363], [658.085876465, -588.203369141, 414.867095947, 134.906478882, -102.516235352, 525.492797852, -169.418228149, 104.930137634, -134.504089355, 92.8881835938, -35.3462219238, 21.8186759949, -1.67002856731], [-518.295166016, 575.649902344, -212.419921875, -134.367050171, 190.394134521, -169.418228149, 480.954223633, -108.302330017, 62.3925552368, -52.6762008667, -4.86877441406, -67.258354187, -21.9695568085], [626.920288086, -244.279571533, 208.9400177, -18.0928668976, 17.2952098846, 104.930137634, -108.302330017, 321.935302734, 32.4735221863, 102.919006348, 40.48387146, 62.0977363586, 56.3791885376], [158.948074341, 367.057250977, -43.1970939636, 197.441131592, 84.1072235107, -134.504089355, 62.3925552368, 32.4735221863, 397.715484619, -58.612247467, 216.377365112, 71.3022232056, 104.3695755], [320.176208496, -268.706695557, 262.04083252, 30.8527069092, 12.2816524506, 92.8881835938, -52.6762008667, 102.919006348, -58.612247467, 201.540588379, -32.6037025452, 67.0576248169, -17.9106769562], [276.68069458, 280.836914062, -0.397005259991, 158.358261108, 80.0637512207, -35.3462219238, -4.86877441406, 40.48387146, 216.377365112, -32.6037025452, 260.300720215, 39.990398407, 132.724807739], [405.243804932, -141.593612671, 196.30368042, 127.684570312, 42.9922599792, 21.8186759949, -67.258354187, 62.0977363586, 71.3022232056, 67.0576248169, 39.990398407, 175.354003906, 36.3550224304], [265.309997559, 151.905502319, -6.34343862534, 100.428405762, 77.6401672363, -1.67002856731, -21.9695568085, 56.3791885376, 104.3695755, -17.9106769562, 132.724807739, 36.3550224304, 159.676528931]],
        "icov": [[0.000395806040615, -7.41879630368e-05, -2.11413571378e-05, -0.000158456081408, 0.000124269005028, -0.000314931734465, 7.22085605958e-05, -0.000532175297849, 0.000113211346616, -7.32711632736e-05, -0.00017555100203, -0.000554640893824, -0.000164149183547], [-7.41879630368e-05, 0.00252149696462, -0.000917576951906, 0.000965666025877, -0.00135619647335, 0.00175967987161, -0.00126367434859, 0.00145867397077, -0.000899352075066, 0.00138581206556, -0.00150644767564, 0.00211689248681, -0.00141689833254], [-2.11413571378e-05, -0.000917576951906, 0.00223004072905, -0.000781675218605, 0.000342917483067, -0.00165236508474, 0.00050036853645, -0.000859453983139, 0.000351282622432, -0.0017634476535, 0.000388296204619, -0.00183736509643, 0.00134471990168], [-0.000158456081408, 0.000965666025877, -0.000781675218605, 0.0036760235671, -0.0013179264497, -0.000248145108344, 0.000637751247268, 0.00255665066652, -0.00217583589256, 8.75824480318e-05, -0.000742846343201, 0.000306015310343, -0.00119540526066], [0.000124269005028, -0.00135619647335, 0.000342917483067, -0.0013179264497, 0.00435768859461, -0.000206744909519, -0.00118579773698, -0.00154198287055, 0.00143033312634, -0.000891387811862, 0.000324744120007, -0.0019320739666, -0.000678408076055], [-0.000314931734465, 0.00175967987161, -0.00165236508474, -0.000248145108344, -0.000206744909519, 0.00502507947385, -0.000984859303571, 0.000365312676877, 0.00100172660314, 0.00137470802292, -0.00113481550943, 0.00270194374025, -0.00134421430994], [7.22085605958e-05, -0.00126367434859, 0.00050036853645, 0.000637751247268, -0.00118579773698, -0.000984859303571, 0.00442591821775, 0.000608147820458, -0.00118297873996, -0.00122806325089, 0.0013427559752, 8.74560791999e-05, 0.00116091920063], [-0.000532175297849, 0.00145867397077, -0.000859453983139, 0.00255665066652, -0.00154198287055, 0.000365312676877, 0.000608147820458, 0.00699439039454, -0.00245780800469, -0.00153909309302, -0.000239824454184, 0.00176790880505, -0.00254725199193], [0.000113211346616, -0.000899352075066, 0.000351282622432, -0.00217583589256, 0.00143033312634, 0.00100172660314, -0.00118297873996, -0.00245780800469, 0.00734821241349, 0.00143128179479, -0.00396234355867, -0.0027671623975, 0.00135106139351], [-7.32711632736e-05, 0.00138581206556, -0.0017634476535, 8.75824480318e-05, -0.000891387811862, 0.00137470802292, -0.00122806325089, -0.00153909309302, 0.00143128179479, 0.00970471091568, -0.000972217647359, -0.000888956536073, 0.000664043880533], [-0.00017555100203, -0.00150644767564, 0.000388296204619, -0.000742846343201, 0.000324744120007, -0.00113481550943, 0.0013427559752, -0.000239824454184, -0.00396234355867, -0.000972217647359, 0.0115123689175, 0.00032094513881, -0.00485430285335], [-0.000554640893824, 0.00211689248681, -0.00183736509643, 0.000306015310343, -0.0019320739666, 0.00270194374025, 8.74560791999e-05, 0.00176790880505, -0.0027671623975, -0.000888956536073, 0.00032094513881, 0.0119370808825, -0.00227786251344], [-0.000164149183547, -0.00141689833254, 0.00134471990168, -0.00119540526066, -0.000678408076055, -0.00134421430994, 0.00116091920063, -0.00254725199193, 0.00135106139351, 0.000664043880533, -0.00485430285335, -0.00227786251344, 0.013808500953]]
    },
    "melbands": {
        "max": [0.069274507463, 0.0307025630027, 0.00457858946174, 0.00963432621211, 0.0080516859889, 0.0164151228964, 0.0317421071231, 0.0079194419086, 0.0043732598424, 0.00372185651213, 0.0022858849261, 0.00420460524037, 0.00253951805644, 0.000965184473898, 0.000236750143813, 0.000495024316479, 0.00068127369741, 0.00103779020719, 0.000408362742746, 0.000769920414314, 0.000826123403385, 0.000154011591803, 0.000264129426796, 8.12921498436e-05, 5.93072472839e-05, 8.16053216113e-05, 2.57286901615e-05, 3.55543743353e-05, 3.32359995809e-05, 3.19019054587e-05, 5.8262154198e-05, 5.41325825907e-05, 2.51518631558e-05, 2.55776321865e-05, 2.9449856811e-05, 3.34680626111e-05, 3.34841643053e-05, 2.73073019343e-05, 1.65137753356e-05, 1.83082756848e-05],
        "mean": [0.00471482332796, 0.00159405171871, 0.00027861041599, 0.000300126615912, 0.000373905408196, 0.000717652670573, 0.00152284116484, 0.000442549586296, 0.000182603282155, 0.000171547930222, 0.000111134155304, 0.000108986168925, 7.04099802533e-05, 2.64309037448e-05, 1.48931094373e-05, 1.8172802811e-05, 2.53305570368e-05, 2.06727090699e-05, 1.34546871777e-05, 2.27588370763e-05, 4.25435900979e-05, 1.20380627777e-05, 1.64765588124e-05, 4.70248596685e-06, 3.17539615935e-06, 1.31741057885e-06, 1.01823047771e-06, 1.29178818042e-06, 8.99783685782e-07, 4.53627308161e-07, 4.24611613425e-07, 5.0809012464e-07, 4.41137643747e-07, 4.93453796935e-07, 5.13168629368e-07, 3.46940623785e-07, 2.94159690384e-07, 2.39977055116e-07, 1.86844189898e-07, 2.33099328284e-07],
        "min": [1.29637163226e-08, 1.89669208339e-07, 4.89103683776e-07, 3.6370927603e-08, 9.84778125712e-08, 8.40762766074e-08, 3.01030951277e-07, 4.7437822559e-07, 1.91480651779e-07, 2.17309121808e-07, 2.05758496463e-07, 1.267074623e-07, 5.31785957492e-08, 1.50715393943e-07, 1.35419597314e-07, 8.25020549655e-08, 1.19433707368e-07, 5.59801662803e-08, 6.19644708877e-08, 4.29544080305e-08, 2.98993825254e-08, 2.56515626518e-08, 1.33993864893e-08, 8.45162073659e-09, 8.82158257554e-09, 3.13008419184e-09, 4.42850422999e-10, 2.53154580632e-10, 1.63053612279e-10, 1.10477807458e-10, 1.28250708664e-11, 1.11707232006e-11, 1.93970837656e-12, 1.19727773702e-12, 1.28102042862e-12, 2.32526064375e-12, 1.49421458279e-12, 1.74752866258e-12, 1.32897956962e-12, 7.4626063792e-13],
        "stdev": [0.00700228800997, 0.00236725248396, 0.000465988268843, 0.000642267870717, 0.000703975383658, 0.00148768862709, 0.00328525877558, 0.000849146919791, 0.000369254150428, 0.000373811868485, 0.00022558888304, 0.000270055694273, 0.000193289437448, 5.66852613701e-05, 2.52166082646e-05, 4.00744793296e-05, 6.3093713834e-05, 7.20418975106e-05, 3.50731388608e-05, 5.54618236492e-05, 8.90529918252e-05, 1.81289233296e-05, 3.21139414154e-05, 7.52415689931e-06, 5.90967329117e-06, 4.15903059547e-06, 2.14479223359e-06, 2.95849554277e-06, 2.15336876863e-06, 1.69186841958e-06, 2.15841555473e-06, 2.15859222408e-06, 1.35364723519e-06, 1.44606360664e-06, 1.79005758127e-06, 1.44816635839e-06, 1.39367182328e-06, 1.04675712009e-06, 8.31023669434e-07, 1.37662152611e-06]
    },
    "melbands128": {
        "max": [0.0331162437797, 0.0782497823238, 0.0988765656948, 0.0665002539754, 0.0252182949334, 0.0096212271601, 0.00544380629435, 0.00474718911573, 0.0061970949173, 0.0140487477183, 0.00999284442514, 0.00397521071136, 0.00934357661754, 0.025008270517, 0.0223482996225, 0.0321474820375, 0.0502133071423, 0.0596667826176, 0.0332475081086, 0.0116324629635, 0.00390751985833, 0.00625308696181, 0.00718626566231, 0.00465236138552, 0.00762475375086, 0.00783955864608, 0.00410788506269, 0.00402590306476, 0.00641503464431, 0.0101234707981, 0.00355981336907, 0.00389945530333, 0.00437069544569, 0.00590222096071, 0.000599778606556, 0.0007842501509, 0.000745306781027, 0.000230487581575, 0.000674011127558, 0.000542711815797, 0.00104569131508, 0.00115304940846, 0.00107216811739, 0.000547655043192, 0.00335984840058, 0.00154317473061, 0.00070375285577, 0.000587561866269, 0.000850140815601, 0.00204686447978, 0.000962408143096, 0.00131245958619, 0.0018644744996, 0.000879963859916, 0.000482485891553, 0.000215633350308, 0.000365677988157, 0.000520574743859, 0.000626713677775, 0.000264036585577, 0.000130853790324, 0.000221714843065, 0.000168554513948, 5.66950475331e-05, 4.91902028443e-05, 0.000175669061719, 7.06477294443e-05, 1.98078923859e-05, 2.89363379125e-05, 6.05682507739e-05, 5.62773930142e-05, 3.58465076715e-05, 4.65429839096e-05, 3.54625262844e-05, 7.93576691649e-05, 2.90466359729e-05, 2.73248406302e-05, 3.37857381965e-05, 7.98327018856e-05, 7.65307995607e-05, 5.50691438548e-05, 5.07873701281e-05, 3.6649627873e-05, 3.21894331137e-05, 2.73504829238e-05, 2.01161819859e-05, 4.4848107791e-05, 5.81358035561e-05, 4.11684450228e-05, 4.79645968881e-05, 2.34310500673e-05, 5.86524038226e-05, 2.47858861258e-05, 2.75097154372e-05, 7.26709404262e-05, 2.98910908896e-05, 2.10134676308e-05, 3.08924281853e-05, 1.23590943986e-05, 1.19437572721e-05, 1.50869618665e-05, 2.30535861192e-05, 3.4825556213e-05, 1.79898561328e-05, 1.58314414875e-05, 2.48160158662e-05, 6.2294289819e-05, 2.35808620346e-05, 9.48157867242e-06, 6.14512191532e-06, 1.03212723843e-05, 7.4180215961e-06, 3.84107033824e-06, 5.21045376445e-06, 3.28552755491e-06, 2.47207208304e-06, 9.54402594289e-07, 3.82856654824e-07, 3.72271244942e-07, 3.21780476042e-07, 2.50840855642e-07, 2.17179660922e-07, 2.53658697602e-07, 4.54288917595e-09, 3.51023876632e-09, 3.46765482995e-09, 3.43444361839e-09, 3.41499761802e-09],
        "mean": [0.00289390143007, 0.00569865247235, 0.00543842092156, 0.00299420207739, 0.00133757514413, 0.00057660456514, 0.00026502480614, 0.000219870154979, 0.000220266738324, 0.000390542234527, 0.000284789537545, 0.000194272317458, 0.000249776436249, 0.000785303418525, 0.000723438744899, 0.000588387774769, 0.0011585393222, 0.00229526800103, 0.00124275241978, 0.000334305514116, 0.000190295104403, 0.000106531806523, 0.000154655557708, 0.000286434253212, 0.000267421302851, 7.15784626664e-05, 9.2132941063e-05, 0.000153423723532, 7.15388814569e-05, 0.00013241689885, 0.000117695570225, 7.27263613953e-05, 8.33659069031e-05, 6.02547770541e-05, 2.09225800063e-05, 2.39482142206e-05, 2.0178835257e-05, 8.65362017066e-06, 1.86140623555e-05, 1.34454958243e-05, 1.18542184282e-05, 3.40407896147e-05, 2.92831973638e-05, 1.34858291858e-05, 3.23569765897e-05, 1.8289199943e-05, 1.62138348969e-05, 7.98026940174e-06, 1.25469341583e-05, 2.53860453086e-05, 1.3809727534e-05, 2.71831468126e-05, 6.66378909955e-05, 3.80117126042e-05, 1.75678142114e-05, 5.61033402846e-06, 8.06430671219e-06, 2.62706598733e-05, 1.60389918165e-05, 4.86250155518e-06, 3.579565373e-06, 4.66241044705e-06, 5.33567390448e-06, 1.90123478205e-06, 1.3870355815e-06, 1.46533091083e-06, 1.17387401133e-06, 8.25482231903e-07, 8.55964799484e-07, 1.47808486872e-06, 1.48508866005e-06, 1.05099911707e-06, 1.07719711195e-06, 9.59139242696e-07, 5.9341607539e-07, 4.34186716802e-07, 4.14225951317e-07, 3.81660839821e-07, 3.99493472969e-07, 4.88262799081e-07, 5.70608506223e-07, 5.18715751241e-07, 3.58250076715e-07, 4.10102558135e-07, 5.45235593563e-07, 4.66229892027e-07, 4.74353214486e-07, 5.52295773559e-07, 5.7741647197e-07, 4.48178525403e-07, 3.15239617521e-07, 3.36836961878e-07, 3.56953165692e-07, 2.78263001974e-07, 2.85885505491e-07, 2.36714654989e-07, 2.51556286912e-07, 2.08566959259e-07, 1.82274973781e-07, 1.69200234268e-07, 1.94241195572e-07, 2.66407766958e-07, 2.60102012817e-07, 1.82826767059e-07, 1.65873046853e-07, 1.63467291259e-07, 1.86769284483e-07, 1.23028840449e-07, 8.17720149371e-08, 5.71638345548e-08, 5.21785175067e-08, 4.58757831723e-08, 3.71956794254e-08, 3.02684384224e-08, 2.30887469144e-08, 1.73495724454e-08, 6.02817928907e-09, 1.86716109241e-09, 1.55528478984e-09, 1.10289199995e-09, 1.0454482835e-09, 9.24392951074e-10, 8.42975966808e-10, 1.643556298e-11, 8.47902997814e-12, 8.04809604377e-12, 7.7992621042e-12, 7.73100247015e-12],
        "min": [2.88575718876e-10, 1.57345947382e-09, 2.73802580608e-09, 8.01799515671e-09, 2.32253825061e-08, 1.95841934669e-07, 9.00501433421e-08, 5.2306205589e-08, 1.2846814279e-08, 2.0433986947e-08, 3.24520001982e-08, 7.17464274658e-08, 3.10347658683e-08, 4.01863395894e-08, 3.80848739212e-08, 2.36660113728e-08, 2.53226808411e-08, 6.63996999606e-08, 1.96146629605e-07, 1.88405252288e-07, 1.30676198751e-07, 5.55085932774e-08, 9.60452126719e-08, 3.43736452635e-08, 2.28116068257e-08, 3.94369230605e-08, 1.27880724676e-07, 3.25640314713e-08, 6.20121554107e-08, 9.21172187418e-08, 4.24470911753e-08, 5.96181379819e-08, 1.95954310556e-08, 2.63683617163e-08, 7.30266194182e-08, 6.28093701494e-08, 7.7586527425e-08, 5.52326824277e-08, 5.5780869701e-08, 3.52903128942e-08, 2.52178455895e-08, 2.94914812571e-08, 7.33245428819e-08, 4.41554490749e-08, 4.1412540952e-08, 3.11896428684e-08, 4.86433116009e-08, 2.45766962337e-08, 2.16239541828e-08, 3.258836756e-08, 1.35446160954e-08, 2.33868409083e-08, 2.84664061212e-08, 2.39280701919e-08, 2.40532145312e-08, 1.51341819077e-08, 1.02253681078e-08, 1.24141310565e-08, 7.25578663818e-09, 1.01424753041e-08, 6.01044947146e-09, 6.19796436396e-09, 5.22351850663e-09, 5.46073364305e-09, 5.18595077992e-09, 1.22476306874e-09, 6.63998966921e-10, 2.65270583277e-10, 5.40893718703e-10, 4.03631017498e-10, 2.58493615402e-10, 1.7035763078e-10, 1.54912582762e-10, 1.90499019337e-10, 1.19178916735e-10, 1.02247571521e-10, 4.22200018002e-11, 7.34192914797e-12, 6.2403034129e-12, 6.52094350739e-12, 8.46145202515e-12, 1.12842729952e-11, 6.63611581051e-13, 7.45653809964e-13, 5.61203102219e-13, 7.78852514167e-13, 1.44352715545e-12, 1.45282885115e-12, 1.12368827351e-12, 9.69990689333e-13, 1.52679409914e-12, 1.96561668851e-12, 1.64118078936e-12, 1.05232424337e-12, 1.45562186436e-12, 1.00946865884e-12, 9.44548259052e-13, 9.36511935709e-13, 7.04157869166e-13, 6.05584701309e-13, 5.64665827117e-13, 4.79626538138e-13, 4.88915331831e-13, 5.28791366163e-13, 3.0895376318e-13, 3.54472066933e-13, 3.97568100403e-13, 3.92246077199e-13, 3.46416471897e-13, 3.11881651147e-13, 3.45068998332e-13, 4.02360761896e-13, 2.89228547796e-13, 3.2483873447e-13, 3.29667825157e-13, 4.04077785772e-13, 3.29883256128e-13, 3.56367387856e-13, 3.69088819837e-13, 3.43985934572e-13, 3.71455172394e-13, 2.69458256706e-13, 4.0562889961e-13, 3.11008109457e-13, 2.83098875288e-13, 1.0065543234e-13, 1.27462771512e-14, 3.74292345038e-16],
        "stdev": [0.00508719217032, 0.00947620626539, 0.00851482711732, 0.00493238912895, 0.00227720127441, 0.000922027567867, 0.000515465508215, 0.000464863871457, 0.000493040017318, 0.000972232897766, 0.00068179453956, 0.000432143424405, 0.000688880914822, 0.00199916609563, 0.00194695871323, 0.00202615302987, 0.003111646045, 0.00578800309449, 0.00325061380863, 0.00087858189363, 0.000339006102877, 0.00038828671677, 0.000541412096936, 0.000573717639782, 0.000658978533465, 0.000374384195311, 0.000225861920626, 0.000380536046578, 0.00022892843117, 0.000543606409337, 0.00026944099227, 0.000219516790821, 0.000313781143632, 0.000224369490752, 4.89319318149e-05, 5.5399028497e-05, 5.37082742085e-05, 1.64002776728e-05, 4.69781916763e-05, 3.23711137753e-05, 4.04525126214e-05, 0.00011076413648, 9.19641097425e-05, 3.07295922539e-05, 0.000190890132217, 7.30403044145e-05, 5.04000599904e-05, 2.37023905356e-05, 5.15664869454e-05, 0.000124087746372, 5.52141391381e-05, 9.42035840126e-05, 0.000188754798728, 9.27523069549e-05, 3.98758347728e-05, 1.2954333215e-05, 2.25921576202e-05, 5.87125359743e-05, 4.52964304714e-05, 1.38636796692e-05, 8.55509097164e-06, 1.22639667097e-05, 1.32514669531e-05, 3.69659119315e-06, 3.178480938e-06, 7.60152897783e-06, 3.65698133464e-06, 1.73335490672e-06, 2.25023723033e-06, 4.58401109427e-06, 4.00928138333e-06, 2.9462423754e-06, 2.93286097985e-06, 2.52439667747e-06, 2.56784210251e-06, 1.70217515461e-06, 1.65203630331e-06, 1.74259946562e-06, 2.61261538981e-06, 2.7679050163e-06, 2.63877655016e-06, 2.19565799853e-06, 1.39128337651e-06, 1.44188425111e-06, 1.72148884303e-06, 1.48556273416e-06, 1.6840808712e-06, 2.19151729652e-06, 2.2831370643e-06, 2.11918404602e-06, 1.19570290735e-06, 1.93456367015e-06, 1.44700743476e-06, 1.3768850522e-06, 2.0175816644e-06, 1.10135499654e-06, 1.02479054931e-06, 1.10503788164e-06, 8.23938364647e-07, 8.22963500013e-07, 1.07831397145e-06, 1.68130168277e-06, 1.86270642644e-06, 1.20080596844e-06, 1.05711978904e-06, 1.2018816733e-06, 1.9618009901e-06, 1.04971070414e-06, 5.79682023272e-07, 3.64682392728e-07, 3.92790582282e-07, 3.41651883673e-07, 2.26804345971e-07, 2.20261881623e-07, 1.55392285706e-07, 1.12599309432e-07, 4.50272743535e-08, 1.8527178014e-08, 1.7260349594e-08, 1.18048451014e-08, 1.13622995457e-08, 9.82073977696e-09, 1.03749631108e-08, 1.70642361352e-10, 1.08427239409e-10, 1.07097671009e-10, 1.0608138673e-10, 1.05477460099e-10]
    },
    "mfcc": {
        "mean": [-706.76776123, 171.407104492, -13.4198617935, 21.8143234253, 6.61737012863, -0.816697657108, -12.7960586548, 11.9156303406, 1.27324795723, 7.55311203003, -0.72511100769, 8.07228660583, 7.37787103653],
        "cov": [[4184.98632812, -812.594543457, 744.313720703, 77.8546142578, 580.196533203, 51.7309303284, -116.417816162, 247.329467773, -34.9894599915, 158.615127563, -28.1824359894, 207.671508789, 237.564727783], [-812.594543457, 1823.89794922, -646.887817383, 270.151855469, -200.798110962, -147.54737854, 119.799362183, 87.0754928589, 56.7400550842, 55.6493644714, 36.5257911682, 47.5650634766, 37.8124008179], [744.313720703, -646.887817383, 1089.74572754, -43.7544975281, 282.593200684, 198.219726562, -43.7723350525, 32.9387245178, -12.9714641571, 1.16945433617, 67.596321106, 77.2179870605, 83.2936706543], [77.8546142578, 270.151855469, -43.7544975281, 564.474914551, 104.005844116, 125.160964966, -98.354598999, 68.7395324707, 9.1731262207, -10.805896759, 22.4064540863, 123.120452881, 96.9837646484], [580.196533203, -200.798110962, 282.593200684, 104.005844116, 511.238586426, 0.987678587437, -29.5321083069, 75.113861084, -26.2565040588, 58.5868415833, -24.6812992096, 81.8598556519, 126.735420227], [51.7309303284, -147.54737854, 198.219726562, 125.160964966, 0.987678587437, 387.196472168, 47.3599052429, 30.3104629517, -22.7271175385, -10.9691419601, 30.0067863464, -19.4370861053, -48.7342529297], [-116.417816162, 119.799362183, -43.7723350525, -98.354598999, -29.5321083069, 47.3599052429, 321.356994629, -40.9523963928, 59.2944564819, 36.8932723999, 36.7172012329, -75.8568267822, -77.772605896], [247.329467773, 87.0754928589, 32.9387245178, 68.7395324707, 75.113861084, 30.3104629517, -40.9523963928, 190.586761475, 7.69227027893, 54.1008453369, -12.5124855042, 61.1884536743, 68.2446899414], [-34.9894599915, 56.7400550842, -12.9714641571, 9.1731262207, -26.2565040588, -22.7271175385, 59.2944564819, 7.69227027893, 149.119537354, -3.35085248947, 49.3435745239, 16.9573440552, 12.0466117859], [158.615127563, 55.6493644714, 1.16945433617, -10.805896759, 58.5868415833, -10.9691419601, 36.8932723999, 54.1008453369, -3.35085248947, 151.039245605, 5.14138746262, 19.1710929871, 31.932302475], [-28.1824359894, 36.5257911682, 67.596321106, 22.4064540863, -24.6812992096, 30.0067863464, 36.7172012329, -12.5124855042, 49.3435745239, 5.14138746262, 118.319442749, 11.9814796448, 22.6848564148], [207.671508789, 47.5650634766, 77.2179870605, 123.120452881, 81.8598556519, -19.4370861053, -75.8568267822, 61.1884536743, 16.9573440552, 19.1710929871, 11.9814796448, 154.839141846, 81.5007324219], [237.564727783, 37.8124008179, 83.2936706543, 96.9837646484, 126.735420227, -48.7342529297, -77.772605896, 68.2446899414, 12.0466117859, 31.932302475, 22.6848564148, 81.5007324219, 162.595108032]],
        "icov": [[0.000343940861057, 0.000142016157042, -0.000104587750684, -3.77404248866e-05, -0.000140289514093, 7.41698531783e-05, -9.29105299292e-05, -0.000293775170576, 5.96839417994e-05, -0.000176536676008, 8.25762472232e-05, -0.000188210979104, -0.000135952315759], [0.000142016157042, 0.000985114136711, 0.000342619343428, -0.000570552190766, 0.000331680406816, 0.000497830274981, -0.000705586979166, -0.000669517961796, 0.000326970388414, -0.000129438034492, -0.00032118865056, -0.000262238347204, -0.000260135391727], [-0.000104587750684, 0.000342619343428, 0.00173536525108, 0.000640076352283, -0.000682169396896, -0.000980263808742, 0.00010510062566, 0.00016112960293, 0.000124803278595, 0.00037500471808, -0.0010412633419, -0.000831345329061, -0.000498001521919], [-3.77404248866e-05, -0.000570552190766, 0.000640076352283, 0.00340834842063, -0.000794443185441, -0.00203177845106, 0.000951890833676, 0.000623180472758, -0.000433984008851, 0.000660511374008, -0.000170399536728, -0.0018531732494, -0.00111395120621], [-0.000140289514093, 0.000331680406816, -0.000682169396896, -0.000794443185441, 0.00345977302641, 0.000528356409632, -0.00105367554352, -0.000215647101868, 0.000636874523479, -0.000575478945393, 0.00146670022514, -0.000164976314409, -0.00205679237843], [7.41698531783e-05, 0.000497830274981, -0.000980263808742, -0.00203177845106, 0.000528356409632, 0.00473639694974, -0.0011229889933, -0.0019879906904, 0.00134003534913, 0.000175284061697, -0.00126022775657, 0.00113891507499, 0.0022662174888], [-9.29105299292e-05, -0.000705586979166, 0.00010510062566, 0.000951890833676, -0.00105367554352, -0.0011229889933, 0.00554229039699, 0.00104980822653, -0.00246362015605, -0.00167182134464, -0.00107874034438, 0.00164562475402, 0.00220977980644], [-0.000293775170576, -0.000669517961796, 0.00016112960293, 0.000623180472758, -0.000215647101868, -0.0019879906904, 0.00104980822653, 0.00844956282526, -0.00147687096614, -0.00216531567276, 0.00226972252131, -0.00141035229899, -0.00241646938957], [5.96839417994e-05, 0.000326970388414, 0.000124803278595, -0.000433984008851, 0.000636874523479, 0.00134003534913, -0.00246362015605, -0.00147687096614, 0.00935879349709, 0.00135272671469, -0.00341732730158, -0.00140784645919, -0.000398204341764], [-0.000176536676008, -0.000129438034492, 0.00037500471808, 0.000660511374008, -0.000575478945393, 0.000175284061697, -0.00167182134464, -0.00216531567276, 0.00135272671469, 0.00868229661137, -0.000891530886292, -0.000688004947733, -0.0010238942923], [8.25762472232e-05, -0.00032118865056, -0.0010412633419, -0.000170399536728, 0.00146670022514, -0.00126022775657, -0.00107874034438, 0.00226972252131, -0.00341732730158, -0.000891530886292, 0.0125781800598, -0.00033040260314, -0.00356147275306], [-0.000188210979104, -0.000262238347204, -0.000831345329061, -0.0018531732494, -0.000164976314409, 0.00113891507499, 0.00164562475402, -0.00141035229899, -0.00140784645919, -0.000688004947733, -0.00033040260314, 0.0114536089823, -0.00173932174221], [-0.000135952315759, -0.000260135391727, -0.000498001521919, -0.00111395120621, -0.00205679237843, 0.0022662174888, 0.00220977980644, -0.00241646938957, -0.000398204341764, -0.0010238942923, -0.00356147275306, -0.00173932174221, 0.0132818976417]]
    },
    "spectral_contrast_coeffs": {
        "max": [-0.507468283176, -0.363706290722, -0.511494576931, -0.559614777565, -0.58620005846, -0.512444257736],
        "mean": [-0.752013683319, -0.698756933212, -0.778909444809, -0.801284909248, -0.7828810215, -0.754074811935],
        "min": [-0.939357876778, -0.931283354759, -0.923481583595, -0.955309569836, -0.932548463345, -0.93858397007],
        "stdev": [0.0657293722034, 0.101094819605, 0.0713500753045, 0.0673940703273, 0.0595277361572, 0.0627523213625]
    },
    "spectral_contrast_valleys": {
        "max": [-4.75954866409, -5.24680614471, -5.41967391968, -5.79144001007, -6.25491189957, -8.21927452087],
        "mean": [-6.87242937088, -6.788230896, -7.54485225677, -7.82020759583, -8.44209861755, -11.9266090393],
        "min": [-10.6003637314, -9.09792995453, -9.57906246185, -9.97487640381, -11.7423429489, -15.9096393585],
        "stdev": [1.04263556004, 0.651684224606, 0.587427139282, 0.5261079669, 0.62566536665, 1.44381773472]
    }
},
"rhythm": {
    "beats_count": 73,
    "beats_loudness": {
        "max": 0.122564695776,
        "mean": 0.0529615730047,
        "min": 0.00126143288799,
        "stdev": 0.030047532171
    },
    "bpm": 90.0822601318,
    "bpm_histogram_first_peak_bpm": 91,
    "bpm_histogram_first_peak_weight": 0.41666662693,
    "bpm_histogram_second_peak_bpm": 0,
    "bpm_histogram_second_peak_spread": 0,
    "bpm_histogram_second_peak_weight": 0,
    "danceability": 1.02631092072,
    "onset_rate": 4.0810546875,
    "beats_loudness_band_ratio": {
        "max": [0.97389113903, 0.785555899143, 0.821928739548, 0.430933266878, 0.212717846036, 0.0851882770658],
        "mean": [0.541516423225, 0.123212054372, 0.244954675436, 0.0792494788766, 0.0380553752184, 0.0064153666608],
        "min": [0.0102591188625, 0.0104913450778, 0.00766915548593, 0.00409128842875, 0.00167347548995, 7.50141907702e-06],
        "stdev": [0.295944273472, 0.154538094997, 0.230685800314, 0.101595528424, 0.0422776862979, 0.0156952086836]
    },
