{
"metadata": {
    "version": {
        "essentia": "2.1-beta5",
        "essentia_git_sha": "Undefined",
        "extractor": "music 2.0"
    },
    "audio_properties": {
        "analysis": {
            "equal_loudness": 0,
            "length": 32.4963264465,
            "sample_rate": 44100,
            "start_time": 110.248344421,
            "downmix": "mix"
        },
        "bit_rate": 192000,
        "length": 194.559997559,
        "lossless": 0,
        "number_channels": 2,
        "replay_gain": -2.257396698,
        "sample_rate": 48000,
        "codec": "mp3",
        "md5_encoded": "556ca9a3c1b0c7662d45843f1c33f6e2"
    },
    "tags": {
        "file_name": "Switzerland_Apollo_Timebelle.mp3",
        "encoding": ["Lavf58.29.100"]
    }
},
"lowlevel": {
    "average_loudness": 0.599729716778,
    "barkbands_crest": {
        "max": 26.0357227325,
        "mean": 12.4535303116,
        "min": 3.79783773422,
        "stdev": 4.76478767395
    },
    "barkbands_flatness_db": {
        "max": 0.391762048006,
        "mean": 0.174363985658,
        "min": 0.0377120301127,
        "stdev": 0.066111959517
    },
    "barkbands_kurtosis": {
        "max": 90.5474243164,
        "mean": 6.1941742897,
        "min": -1.82028853893,
        "stdev": 9.6330909729
    },
    "barkbands_skewness": {
        "max": 8.43248271942,
        "mean": 1.6251026392,
        "min": -4.29875707626,
        "stdev": 1.38640487194
    },
    "barkbands_spread": {
        "max": 75.171585083,
        "mean": 17.4625205994,
        "min": 1.19676196575,
        "stdev": 12.8476362228
    },
    "dissonance": {
        "max": 0.499870806932,
        "mean": 0.437152564526,
        "min": 0.211750149727,
        "stdev": 0.0484227798879
    },
    "dynamic_complexity": 6.82178020477,
    "erbbands_crest": {
        "max": 31.6057548523,
        "mean": 13.0523805618,
        "min": 2.55288624763,
        "stdev": 6.43443250656
    },
    "erbbands_flatness_db": {
        "max": 0.424616605043,
        "mean": 0.19694557786,
        "min": 0.0528471283615,
        "stdev": 0.0786048024893
    },
    "erbbands_kurtosis": {
        "max": 43.6485404968,
        "mean": 3.24270987511,
        "min": -1.77920615673,
        "stdev": 5.19346904755
    },
    "erbbands_skewness": {
        "max": 5.63890266418,
        "mean": 0.865835130215,
        "min": -5.39692640305,
        "stdev": 1.06321072578
    },
    "erbbands_spread": {
        "max": 108.672149658,
        "mean": 27.7024669647,
        "min": 1.96361720562,
        "stdev": 19.5408878326
    },
    "hfc": {
        "max": 111.729705811,
        "mean": 15.8341178894,
        "min": 0.00286247185431,
        "stdev": 19.386095047
    },
    "loudness_ebu128": {
        "integrated": -20.7961559296,
        "loudness_range": 14.1243190765,
        "momentary": {
            "max": -16.7094306946,
            "mean": -26.0964546204,
            "min": -42.0483093262,
            "stdev": 7.16438627243
        },
        "short_term": {
            "max": -18.3003578186,
            "mean": -25.0470581055,
            "min": -34.2514038086,
            "stdev": 5.77470350266
        }
    },
    "melbands_crest": {
        "max": 33.9207267761,
        "mean": 16.5378360748,
        "min": 3.54567527771,
        "stdev": 5.97878885269
    },
    "melbands_flatness_db": {
        "max": 0.442277371883,
        "mean": 0.227534353733,
        "min": 0.0578289851546,
        "stdev": 0.0657954365015
    },
    "melbands_kurtosis": {
        "max": 191.482406616,
        "mean": 12.2855787277,
        "min": -1.86258172989,
        "stdev": 17.6588287354
    },
    "melbands_skewness": {
        "max": 11.3465852737,
        "mean": 2.21261835098,
        "min": -1.32725012302,
        "stdev": 1.80744338036
    },
    "melbands_spread": {
        "max": 239.303939819,
        "mean": 20.1405963898,
        "min": 1.32708656788,
        "stdev": 23.017829895
    },
    "pitch_salience": {
        "max": 0.87358802557,
        "mean": 0.48931735754,
        "min": 0.102851860225,
        "stdev": 0.128552541137
    },
    "silence_rate_20dB": {
        "max": 1,
        "mean": 1,
        "min": 1,
        "stdev": 0
    },
    "silence_rate_30dB": {
        "max": 1,
        "mean": 0.979300498962,
        "min": 0,
        "stdev": 0.142378106713
    },
    "silence_rate_60dB": {
        "max": 1,
        "mean": 0.369735896587,
        "min": 0,
        "stdev": 0.482734650373
    },
    "spectral_centroid": {
        "max": 6398.94482422,
        "mean": 1205.11853027,
        "min": 325.463745117,
        "stdev": 661.526428223
    },
    "spectral_complexity": {
        "max": 42,
        "mean": 10.8372592926,
        "min": 0,
        "stdev": 8.86477184296
    },
    "spectral_decrease": {
        "max": -9.4169268737e-13,
        "mean": -6.09876193991e-09,
        "min": -5.42268772108e-08,
        "stdev": 7.7044948199e-09
    },
    "spectral_energy": {
        "max": 0.206080853939,
        "mean": 0.0244543254375,
        "min": 3.81379982173e-06,
        "stdev": 0.0304654836655
    },
    "spectral_energyband_high": {
        "max": 0.00522770499811,
        "mean": 0.000474898552056,
        "min": 2.15406519288e-08,
        "stdev": 0.000755314249545
    },
    "spectral_energyband_low": {
        "max": 0.188449189067,
        "mean": 0.011752884835,
        "min": 3.94836305873e-08,
        "stdev": 0.0200083535165
    },
    "spectral_energyband_middle_high": {
        "max": 0.0878513455391,
        "mean": 0.00615107594058,
        "min": 9.31652948566e-07,
        "stdev": 0.0110019724816
    },
    "spectral_energyband_middle_low": {
        "max": 0.0682534575462,
        "mean": 0.00631253281608,
        "min": 2.87419061351e-06,
        "stdev": 0.00909206178039
    },
    "spectral_entropy": {
        "max": 8.77939319611,
        "mean": 7.31456041336,
        "min": 5.36348676682,
        "stdev": 0.670447170734
    },
    "spectral_flux": {
        "max": 0.364979952574,
        "mean": 0.065482057631,
        "min": 0.00290488707833,
        "stdev": 0.06116944924
    },
    "spectral_kurtosis": {
        "max": 70.8441467285,
        "mean": 6.01213359833,
        "min": -0.948301315308,
        "stdev": 5.87119913101
    },
    "spectral_rms": {
        "max": 0.0141793685034,
        "mean": 0.00386044336483,
        "min": 6.09981980233e-05,
        "stdev": 0.0029924698174
    },
    "spectral_rolloff": {
        "max": 11886.328125,
        "mean": 1277.3458252,
        "min": 64.599609375,
        "stdev": 1392.36157227
    },
    "spectral_skewness": {
        "max": 7.06429576874,
        "mean": 1.94635927677,
        "min": -0.510615825653,
        "stdev": 0.728485882282
    },
    "spectral_spread": {
        "max": 13000932,
        "mean": 5129444,
        "min": 993253.6875,
        "stdev": 1680835.375
    },
    "spectral_strongpeak": {
        "max": 10.4176588058,
        "mean": 1.10454452038,
        "min": 0,
        "stdev": 1.57500767708
    },
    "zerocrossingrate": {
        "max": 0.39453125,
        "mean": 0.0584139116108,
        "min": 0.00927734375,
        "stdev": 0.0402401797473
    },
    "barkbands": {
        "max": [0.045524623245, 0.151581600308, 0.0505503416061, 0.0131727810949, 0.0157116018236, 0.0206987708807, 0.0568567626178, 0.0486843585968, 0.034968726337, 0.0741897523403, 0.0722249224782, 0.0204652082175, 0.0312656313181, 0.0248008482158, 0.0128140542656, 0.00432201521471, 0.00909888930619, 0.00458357855678, 0.0119365202263, 0.00490892259404, 0.00128635764122, 0.00146008515731, 0.00152297562454, 0.00244231405668, 0.00213882047683, 0.000712707464118, 4.42077216576e-05],
        "mean": [0.00143251696136, 0.00823471229523, 0.00209428882226, 0.00037972102291, 0.000787018623669, 0.000775506312493, 0.00156829098705, 0.001199451508, 0.00121774768922, 0.00130166730378, 0.00175275804941, 0.000727286969777, 0.00075671490049, 0.000466383615276, 0.000497570261359, 0.000133036621264, 0.000161227377248, 0.00013362999016, 0.00029373090365, 0.000113601701742, 6.39282225166e-05, 7.19048257452e-05, 7.47771046008e-05, 8.61824664753e-05, 9.46856453083e-05, 3.54735639121e-05, 5.20350624811e-07],
        "min": [9.56412588016e-11, 5.43231060135e-09, 2.43207787243e-09, 8.38479241594e-09, 1.56403643814e-07, 6.66629318857e-07, 1.73982101614e-07, 3.61247629144e-07, 2.74476548157e-07, 4.09819108427e-07, 1.75181071427e-07, 1.34878401781e-08, 8.34402769101e-09, 7.63215624033e-09, 3.42175510148e-09, 7.64178231805e-09, 2.78563550005e-09, 1.67592304479e-08, 3.79042219834e-08, 7.8981301499e-09, 5.66091395982e-09, 1.89134663486e-09, 5.06924890953e-10, 5.68023128533e-10, 3.5564023948e-10, 7.92232945912e-11, 8.52373033267e-11],
        "stdev": [0.00385990762152, 0.0164696518332, 0.00401989463717, 0.00104078254662, 0.00134126760531, 0.00166853121482, 0.00448016775772, 0.00474171852693, 0.00373734976165, 0.00493520498276, 0.00633249990642, 0.00195840490051, 0.00243685394526, 0.00169566634577, 0.00139450514689, 0.000383900274755, 0.000522446702234, 0.000384835118894, 0.000967679545283, 0.000267983356025, 0.000118701413157, 0.000137802504469, 0.000138883988257, 0.000175109205884, 0.000180693095899, 7.63944626669e-05, 3.02781472783e-06]
    },
    "erbbands": {
        "max": [8.03082942963, 25.5223865509, 57.8871574402, 27.8129234314, 43.9953613281, 64.788192749, 129.912857056, 174.627075195, 530.828918457, 1409.70568848, 1282.0234375, 827.421264648, 1997.97705078, 2214.18066406, 1253.50708008, 850.610290527, 1470.8729248, 1125.99414062, 976.01171875, 663.766296387, 288.841156006, 408.674102783, 243.640396118, 774.88067627, 382.143554688, 219.415405273, 78.5259475708, 46.6282577515, 51.0862617493, 52.247177124, 46.0717735291, 78.4627838135, 28.9473209381, 31.7919769287, 13.4433326721, 4.21990728378, 1.16757297516, 0.170483618975, 0.00784870609641, 0.000261411507381],
        "mean": [0.332286119461, 1.46187019348, 2.63120675087, 1.73636710644, 1.78519201279, 3.06269264221, 3.58972144127, 7.32928752899, 17.8046207428, 26.0570220947, 25.239812851, 28.450252533, 39.3837356567, 69.3291320801, 43.4651489258, 29.3955955505, 32.2136688232, 27.9008407593, 24.8540439606, 18.4797458649, 9.16228199005, 7.93918037415, 7.64827442169, 13.741186142, 10.9184064865, 5.34812307358, 2.97335457802, 2.42996120453, 2.49515247345, 2.45852661133, 2.13453674316, 1.91232442856, 1.3545486927, 1.02419924736, 0.679012775421, 0.255851656199, 0.0439784303308, 0.00428194692358, 0.000142593838973, 3.47833629348e-05],
        "min": [1.42286893379e-07, 1.40092402034e-06, 6.99888141753e-06, 2.59112039203e-05, 0.000122404962895, 0.000593253935222, 0.00308572803624, 0.00789983477443, 0.00602832809091, 0.00695479940623, 0.00857860781252, 0.00485003972426, 0.0153318503872, 0.0161070227623, 0.00727865146473, 0.000699515105225, 0.000477043853607, 0.000416187074734, 0.00021795516659, 0.000212484665099, 0.000423543417128, 0.00032528641168, 0.0012565406505, 0.00175428879447, 0.00125684263185, 0.000389794819057, 0.000179864451638, 0.000192503110156, 8.58795683598e-05, 1.06166480691e-05, 3.08869530272e-05, 1.48067802002e-05, 1.24904581753e-05, 7.732348422e-06, 1.26808913592e-06, 4.24715580039e-07, 2.13501337498e-07, 7.90232661529e-08, 7.03382809775e-08, 1.70657390441e-08],
        "stdev": [0.695741415024, 3.05348324776, 4.53743743896, 3.30157589912, 3.80450725555, 5.15103960037, 7.45178508759, 15.571803093, 43.4667015076, 99.7872314453, 91.981010437, 85.2397003174, 124.576751709, 227.86807251, 120.595817566, 76.0409393311, 103.066757202, 75.3530960083, 66.7766113281, 52.1763076782, 23.9200210571, 23.6175136566, 22.1045627594, 49.8180541992, 30.1106071472, 12.2531738281, 5.65880060196, 4.73596668243, 4.7954492569, 5.01927042007, 3.87411117554, 4.08716154099, 2.70769667625, 2.13386130333, 1.23739027977, 0.5053576231, 0.102570086718, 0.0137423714623, 0.000557524734177, 4.21771619585e-05]
    },
    "gfcc": {
        "mean": [-81.6465606689, 80.0914230347, -122.269264221, 6.21308660507, -75.6625976562, 20.7906932831, -43.0108795166, 12.5953474045, -31.2557601929, 9.33777427673, -9.33791255951, -2.61459422112, -11.630695343],
        "cov": [[16755.5761719, -401.966644287, 1727.57824707, 2561.24047852, 2404.66723633, 2131.57861328, 1108.87731934, 1554.80822754, 618.468322754, 649.331542969, 64.0792541504, 764.751708984, 312.717071533], [-401.966644287, 1279.89025879, 77.4291381836, 72.6014709473, 183.018844604, -31.6045398712, 130.820785522, -43.9737739563, 116.31803894, -97.38331604, 171.6590271, -93.1512374878, 97.7141036987], [1727.57824707, 77.4291381836, 849.225891113, 572.83972168, 301.414398193, 302.350738525, 74.0340423584, 135.882202148, 31.4800872803, 20.2157936096, -64.516708374, 177.813919067, 30.6258811951], [2561.24047852, 72.6014709473, 572.83972168, 1061.39025879, 471.515411377, 350.08883667, 118.269790649, 241.388824463, 204.698623657, 3.80825901031, -18.1742973328, 214.685272217, 152.667282104], [2404.66723633, 183.018844604, 301.414398193, 471.515411377, 565.916809082, 376.179504395, 216.718933105, 253.467697144, 121.485862732, 81.970993042, 11.5906362534, 118.437187195, 80.7732162476], [2131.57861328, -31.6045398712, 302.350738525, 350.08883667, 376.179504395, 544.36505127, 232.859909058, 175.269638062, 83.1243972778, 111.396125793, -34.6378746033, 71.0454711914, 48.993850708], [1108.87731934, 130.820785522, 74.0340423584, 118.269790649, 216.718933105, 232.859909058, 268.388153076, 123.086105347, 61.6398162842, 68.0653839111, 15.9450120926, 0.80331248045, 23.4438972473], [1554.80822754, -43.9737739563, 135.882202148, 241.388824463, 253.467697144, 175.269638062, 123.086105347, 298.782562256, 108.655593872, 38.8728637695, -0.548422813416, 69.1962585449, 16.995016098], [618.468322754, 116.31803894, 31.4800872803, 204.698623657, 121.485862732, 83.1243972778, 61.6398162842, 108.655593872, 264.702545166, 14.3529586792, 8.64371871948, 18.8433227539, 42.5573616028], [649.331542969, -97.38331604, 20.2157936096, 3.80825901031, 81.970993042, 111.396125793, 68.0653839111, 38.8728637695, 14.3529586792, 171.59614563, 35.2962036133, 12.8167352676, -11.9802074432], [64.0792541504, 171.6590271, -64.516708374, -18.1742973328, 11.5906362534, -34.6378746033, 15.9450120926, -0.548422813416, 8.64371871948, 35.2962036133, 163.693481445, 17.8497676849, 28.2795848846], [764.751708984, -93.1512374878, 177.813919067, 214.685272217, 118.437187195, 71.0454711914, 0.80331248045, 69.1962585449, 18.8433227539, 12.8167352676, 17.8497676849, 164.662857056, 49.4798774719], [312.717071533, 97.7141036987, 30.6258811951, 152.667282104, 80.7732162476, 48.993850708, 23.4438972473, 16.995016098, 42.5573616028, -11.9802074432, 28.2795848846, 49.4798774719, 127.83682251]],
        "icov": [[0.000299860665109, 0.000169526494574, -7.18716983101e-05, -0.000183852214832, -0.000515492691193, -0.00033369101584, -0.000162225434906, -0.000588651746511, 2.94299825327e-05, -0.00029338587774, -0.000288509094389, -0.000174616652657, 2.94004858006e-05], [0.000169526494574, 0.00220447825268, -0.00111695076339, 0.000386609841371, -0.00207477016374, 0.000788037490565, -0.00107461563312, 0.000979456002824, -0.000991086591966, 0.0018091138918, -0.00277924071997, 0.00250411988236, -0.00107300479431], [-7.18716983101e-05, -0.00111695076339, 0.0029957445804, -0.00129842164461, 0.000932003895286, -0.00112777820323, 0.000592899508774, -0.000230749792536, 0.00106670171954, -0.000739906099625, 0.0019594123587, -0.00275902776048, 0.00183778232895], [-0.000183852214832, 0.000386609841371, -0.00129842164461, 0.00289783417247, -0.0011211730307, 0.000197386034415, 0.0003769370378, 0.000420364638558, -0.00139428500552, 0.00123028154485, -0.000306028174236, -0.000125219448819, -0.00179202901199], [-0.000515492691193, -0.00207477016374, 0.000932003895286, -0.0011211730307, 0.00791900604963, -0.00187572301365, -0.000338625657605, -0.00218089926057, 0.000989481457509, -0.00160295900423, 0.00225253240205, -0.00253538135439, 3.32867602992e-05], [-0.00033369101584, 0.000788037490565, -0.00112777820323, 0.000197386034415, -0.00187572301365, 0.00577793968841, -0.00262156757526, 0.00141706585418, -0.000424729107181, -0.000603332999162, 0.000677682110108, 0.0016046439996, -0.00117462384515], [-0.000162225434906, -0.00107461563312, 0.000592899508774, 0.0003769370378, -0.000338625657605, -0.00262156757526, 0.00810837373137, -0.00156511343084, 0.000220128786168, -0.00123966124374, 0.000296668586088, 0.00107774930075, -0.000106420906377], [-0.000588651746511, 0.000979456002824, -0.000230749792536, 0.000420364638558, -0.00218089926057, 0.00141706585418, -0.00156511343084, 0.0083815716207, -0.00217667431571, 0.00205731438473, -0.000776179716922, 0.000228394550504, 0.00125295354519], [2.94299825327e-05, -0.000991086591966, 0.00106670171954, -0.00139428500552, 0.000989481457509, -0.000424729107181, 0.000220128786168, -0.00217667431571, 0.00571489799768, -0.00127967447042, 0.00115731277037, -0.000234056133195, -0.000306160945911], [-0.00029338587774, 0.0018091138918, -0.000739906099625, 0.00123028154485, -0.00160295900423, -0.000603332999162, -0.00123966124374, 0.00205731438473, -0.00127967447042, 0.0101332860067, -0.00428241258487, 0.00168361910619, 0.000912096758839], [-0.000288509094389, -0.00277924071997, 0.0019594123587, -0.000306028174236, 0.00225253240205, 0.000677682110108, 0.000296668586088, -0.000776179716922, 0.00115731277037, -0.00428241258487, 0.0112527925521, -0.00441300496459, -0.000475854059914], [-0.000174616652657, 0.00250411988236, -0.00275902776048, -0.000125219448819, -0.00253538135439, 0.0016046439996, 0.00107774930075, 0.000228394550504, -0.000234056133195, 0.00168361910619, -0.00441300496459, 0.0140981245786, -0.00416223797947], [2.94004858006e-05, -0.00107300479431, 0.00183778232895, -0.00179202901199, 3.32867602992e-05, -0.00117462384515, -0.000106420906377, 0.00125295354519, -0.000306160945911, 0.000912096758839, -0.000475854059914, -0.00416223797947, 0.0124563192949]]
    },
    "melbands": {
        "max": [0.0570235624909, 0.0248016752303, 0.0045664915815, 0.003591458546, 0.00364445755258, 0.00385544425808, 0.00704257702455, 0.0127144502476, 0.00895338691771, 0.00609852094203, 0.0108366943896, 0.00867011491209, 0.0066578569822, 0.00266036274843, 0.00315796467476, 0.00423513539135, 0.00215865508653, 0.0019348859787, 0.00119364832062, 0.000382058846299, 0.000470600003609, 0.000618545280304, 0.000446786958491, 0.000326999142999, 0.000765890290495, 0.00047387732775, 0.000262433954049, 0.000100666176877, 4.81505048811e-05, 2.42874466494e-05, 3.87916625186e-05, 2.70459368039e-05, 3.63620347343e-05, 2.55006798398e-05, 2.08609435504e-05, 3.62106111425e-05, 4.88461555506e-05, 1.90051978279e-05, 2.79847972706e-05, 2.59549196926e-05],
        "mean": [0.00263114040717, 0.00150035519619, 0.00030730306753, 0.000180832445039, 0.000123194680782, 0.000170150800841, 0.000288741575787, 0.000283381232293, 0.000184738149983, 0.00019026476366, 0.000194634136278, 0.000272281817161, 0.000181610230356, 8.98111684364e-05, 5.4070394981e-05, 8.53277742863e-05, 4.77451067127e-05, 3.87394757126e-05, 4.14781388827e-05, 1.0868843674e-05, 1.14546137411e-05, 9.45028114074e-06, 6.67025642542e-06, 5.88243619859e-06, 1.21635703181e-05, 9.67972664512e-06, 5.6202752603e-06, 3.07578716274e-06, 1.95851998797e-06, 1.45279057051e-06, 1.40600639043e-06, 1.35942821089e-06, 1.46510637933e-06, 1.29945578919e-06, 1.19470871596e-06, 1.23246707062e-06, 1.14191504963e-06, 9.81433458946e-07, 8.33822014101e-07, 8.84968585524e-07],
        "min": [1.92242377572e-09, 4.21280255125e-09, 7.0013208564e-09, 2.62390393857e-08, 8.73719159245e-08, 1.79115332344e-07, 6.34716883496e-08, 7.80526718813e-08, 6.56368968066e-08, 3.30359561929e-08, 6.5641309277e-08, 6.46592397402e-08, 2.57993253427e-08, 2.56039900393e-09, 9.12214859206e-10, 8.68390248598e-10, 8.12845346587e-10, 3.42456812907e-10, 2.98564312162e-10, 3.43951950255e-10, 5.46494294262e-10, 1.58292642882e-10, 1.07971087626e-09, 7.67429453319e-10, 1.42075018417e-09, 1.01415331688e-09, 4.72264893858e-10, 1.23260887608e-10, 1.5695066774e-11, 9.33157787153e-11, 7.68919580785e-11, 3.38248005993e-11, 3.51408008595e-12, 3.66310757768e-12, 4.77852523176e-12, 9.68133125751e-12, 6.26641707274e-12, 6.53672125109e-12, 5.43884555448e-12, 3.17753354011e-12],
        "stdev": [0.00538900587708, 0.00247835810296, 0.000567458686419, 0.000326368026435, 0.00022913311841, 0.000376054085791, 0.000684959057253, 0.00105583132245, 0.000654924602713, 0.000601739215199, 0.000654718605801, 0.000906154164113, 0.000601423322223, 0.000250428536674, 0.000182530857273, 0.000278024061117, 0.000151270491187, 0.000126147671835, 0.000128137966385, 2.90682219202e-05, 3.55785741704e-05, 3.277542055e-05, 2.26707561524e-05, 1.85367953236e-05, 4.80543203594e-05, 3.26538029185e-05, 1.59155879373e-05, 7.12689688953e-06, 4.17186856794e-06, 2.70248028755e-06, 3.11506596518e-06, 2.62228354586e-06, 3.06589049615e-06, 2.68423150374e-06, 2.11768883673e-06, 2.54612655226e-06, 2.54115502685e-06, 1.99020564651e-06, 1.81931432053e-06, 1.89638058146e-06]
    },
    "melbands128": {
        "max": [0.0354061201215, 0.0787465944886, 0.0704519450665, 0.0391455926001, 0.0332972183824, 0.0211848765612, 0.00617904495448, 0.00694038253278, 0.00501304073259, 0.00542015675455, 0.00378958811052, 0.00205655861646, 0.0056769400835, 0.00753682618961, 0.00571527052671, 0.00869397073984, 0.0153674967587, 0.00825993251055, 0.019669117406, 0.0266997050494, 0.0192544702441, 0.0188745632768, 0.0110423667356, 0.00999789685011, 0.0086459685117, 0.0140878669918, 0.00914468057454, 0.0165487546474, 0.0222420841455, 0.0160980932415, 0.0146246943623, 0.0237497836351, 0.00700474251062, 0.00956058967859, 0.00681192986667, 0.00587618118152, 0.00443689478561, 0.0067877122201, 0.00584566034377, 0.00749674066901, 0.00677740713581, 0.00314597692341, 0.00482794409618, 0.00522611150518, 0.00532410293818, 0.00253914739005, 0.00272629247047, 0.00254763057455, 0.0027837078087, 0.000701039563864, 0.000725859426893, 0.000441226409748, 0.000482079893118, 0.00112041085958, 0.00163203803822, 0.000650315370876, 0.000228358709137, 0.000567539012991, 0.000625308020972, 0.000633304240182, 0.000569784315303, 0.0004022877838, 0.000500457535964, 0.00193431926891, 0.00127962965053, 0.000898585305549, 0.000627047847956, 0.000610560702626, 0.000393129623262, 0.000446893216576, 0.000110121713078, 0.000106006707938, 0.00010112743621, 7.40600225981e-05, 8.27153344289e-05, 3.56336859113e-05, 3.14535827783e-05, 4.93950392411e-05, 9.14829433896e-05, 3.85682105843e-05, 3.42842904502e-05, 4.78802576254e-05, 3.5149310861e-05, 4.15186113969e-05, 4.30776490248e-05, 3.74964401999e-05, 2.48423493758e-05, 1.71202045749e-05, 1.72578256752e-05, 3.57804128726e-05, 4.78971596749e-05, 3.33618700097e-05, 8.5346189735e-05, 5.5300166423e-05, 2.99711318803e-05, 3.44431500707e-05, 2.05804844882e-05, 3.92845104216e-05, 2.7270283681e-05, 3.75794588763e-05, 3.71168534912e-05, 3.00548999803e-05, 4.02600708185e-05, 3.06285801344e-05, 1.66379013535e-05, 1.50456444317e-05, 1.82995627256e-05, 1.17189483717e-05, 1.23510089907e-05, 7.34166133043e-06, 6.31126295048e-06, 8.56675796967e-06, 2.99524685943e-06, 2.13681323658e-06, 2.47051502811e-06, 2.60368142335e-06, 1.70512794284e-06, 4.86344674755e-07, 4.16687072402e-07, 3.47662080458e-07, 3.18125842114e-07, 1.91305005615e-07, 6.7134095616e-08, 1.03091468695e-09, 9.04535502055e-10, 8.06744671067e-10, 7.4385575477e-10, 7.07089609087e-10],
        "mean": [0.00121134018991, 0.00303455931135, 0.00304709654301, 0.00223276671022, 0.00156962475739, 0.00089899339946, 0.000337564502843, 0.000176748333615, 0.00015740210074, 0.000217535212869, 0.000178194080945, 9.93069843389e-05, 0.000125663893414, 0.000119489784993, 0.000149756553583, 0.000188017555047, 0.000276880105957, 0.000275236583548, 0.000365231564501, 0.000290568888886, 0.000245834642556, 0.000251518038567, 0.000195614164113, 9.04601984075e-05, 0.000131997701828, 0.00030116410926, 0.000169112900039, 0.000202990195248, 0.000184127304237, 0.000163426855579, 0.000360494304914, 0.000391043809941, 9.06154164113e-05, 0.000130960121169, 8.77305719769e-05, 8.07892065495e-05, 8.8135318947e-05, 4.23785968451e-05, 3.69823828805e-05, 7.34280838515e-05, 0.000129315420054, 5.14175990247e-05, 3.07460177282e-05, 6.05166242167e-05, 4.5245684305e-05, 2.67983978119e-05, 3.84162158298e-05, 5.75867561565e-05, 3.74650262529e-05, 1.09142565634e-05, 9.15337295737e-06, 7.73083047534e-06, 7.89909427112e-06, 1.38503710332e-05, 1.84069031093e-05, 7.72626663093e-06, 3.27916245624e-06, 5.97473990638e-06, 8.11244990473e-06, 7.86817963672e-06, 5.28380269316e-06, 4.59968759969e-06, 7.44096223571e-06, 1.74670167326e-05, 1.52296370288e-05, 7.47730973671e-06, 8.31421584735e-06, 7.00526561559e-06, 4.75597062177e-06, 4.04893035011e-06, 2.89063814307e-06, 2.91825608656e-06, 2.21542632062e-06, 1.81641257768e-06, 1.51053870923e-06, 1.58468469635e-06, 1.37963320412e-06, 1.21382061025e-06, 1.58659463523e-06, 1.39102314733e-06, 1.19342143989e-06, 1.50237474372e-06, 1.3771614249e-06, 1.46887100527e-06, 1.54721249146e-06, 1.36339804158e-06, 1.27723114929e-06, 1.00569673123e-06, 1.2639580973e-06, 1.19049991554e-06, 1.31392391722e-06, 1.16249509574e-06, 1.28784574827e-06, 1.1128576034e-06, 1.09694838102e-06, 1.07823825601e-06, 9.44897863064e-07, 8.42829251724e-07, 8.43793316108e-07, 8.30739736557e-07, 8.1847082356e-07, 8.89974842266e-07, 9.76829937827e-07, 8.21561059183e-07, 7.79108063398e-07, 7.56187148454e-07, 6.26011740223e-07, 5.15770352649e-07, 4.42265928768e-07, 3.74276766024e-07, 2.29910511962e-07, 1.45787311112e-07, 1.07934504001e-07, 8.3578839849e-08, 6.02045062692e-08, 4.88596647585e-08, 1.51389354386e-08, 2.17942885961e-09, 1.8542853919e-09, 1.58875768097e-09, 1.0040310805e-09, 5.98883054259e-10, 2.61055843609e-10, 4.80451095575e-12, 3.74564572067e-12, 3.39582528763e-12, 3.19530339687e-12, 3.13547863888e-12],
        "min": [3.06383321491e-11, 3.47445794358e-10, 3.70391356475e-10, 1.11274589543e-09, 3.16723536287e-10, 1.46758183384e-09, 2.68009237026e-09, 2.24826934847e-09, 7.32720017993e-09, 9.01847752033e-09, 6.17897422117e-09, 1.47837042608e-09, 8.94258889161e-09, 1.81542265665e-08, 6.00265366302e-08, 1.91319529108e-08, 2.30968648651e-08, 2.16341771164e-08, 1.21815295628e-08, 5.62178215091e-09, 2.94257382905e-08, 3.84730256542e-08, 1.93728624254e-08, 1.26485399932e-08, 7.00821933819e-09, 1.67354752278e-08, 1.54541641706e-08, 5.05856423416e-09, 9.21854148572e-09, 2.06605434983e-08, 1.54181343248e-08, 4.57315740832e-09, 7.51232853702e-09, 9.01760355276e-09, 2.4973372259e-09, 8.78226380507e-10, 1.15574494419e-09, 7.13341496983e-10, 8.20142509461e-10, 1.53881107856e-09, 7.15800141382e-10, 1.86213391928e-10, 9.47579681387e-10, 1.20668131043e-09, 3.63393592995e-10, 7.88664133999e-11, 4.06521510898e-10, 4.23584861631e-10, 1.75082559561e-10, 1.71516925662e-10, 5.28890709006e-10, 2.32958763391e-10, 7.06787239846e-10, 6.18894158144e-10, 2.74512662601e-10, 8.35126481857e-11, 7.9242536144e-11, 4.82531792301e-10, 6.32224161912e-10, 4.48803938458e-10, 1.35295163961e-10, 3.13463560664e-10, 6.86206536038e-10, 7.94284304995e-10, 5.83112225172e-10, 6.48094189426e-10, 3.87579107697e-10, 5.06176101034e-10, 2.57233512269e-10, 6.72083361186e-11, 1.29467367382e-10, 2.36630975231e-11, 1.40930244905e-11, 1.17888494106e-11, 8.50887849763e-12, 7.27567311953e-12, 1.30923145589e-11, 9.14575359889e-11, 3.56909120314e-11, 3.68947442042e-11, 3.91101664943e-11, 2.88883413718e-11, 2.68184671519e-12, 2.24252083916e-12, 1.24443294211e-12, 1.71020825539e-12, 3.06414789375e-12, 3.08919513234e-12, 2.91923299769e-12, 4.79256911934e-12, 1.21181259471e-11, 5.53727289715e-12, 2.00058871379e-12, 1.6540875657e-12, 3.62062701868e-12, 6.02883368228e-12, 4.14757681325e-12, 6.31951695834e-12, 2.66072255374e-12, 2.84040109141e-12, 1.79213306521e-12, 7.67976177443e-13, 2.63102322047e-12, 5.00655127165e-13, 5.39613709619e-13, 7.27162904543e-13, 4.45110094616e-13, 3.332176657e-13, 3.70766839539e-13, 4.30421269373e-13, 2.79212444181e-13, 2.07708646832e-13, 3.26488727546e-13, 3.31806305522e-13, 2.44648051817e-13, 2.84205574656e-13, 2.72628490963e-13, 2.3837900512e-13, 2.52475340981e-13, 2.73522442759e-13, 2.53980755698e-13, 2.92129439129e-13, 2.55055552416e-13, 2.7678900838e-13, 1.91976439628e-13, 6.95759910189e-14, 1.1139321819e-14, 2.19996042507e-16],
        "stdev": [0.00306639494374, 0.00643719919026, 0.00716563360766, 0.00459712836891, 0.00270824879408, 0.00176555081271, 0.000688960368279, 0.000509081117343, 0.000395776500227, 0.000456979760202, 0.000310493662255, 0.000184138320037, 0.000289457209874, 0.000353405164788, 0.000346195156453, 0.000577389844693, 0.000999810756184, 0.000705520156771, 0.00121534813661, 0.00166737078689, 0.00135540973861, 0.00135985028464, 0.000746511970647, 0.00052433059318, 0.000585715286434, 0.00114237237722, 0.000707937811967, 0.000918417237699, 0.00105082406662, 0.000916113203857, 0.00134411943145, 0.00185994734056, 0.000398771662731, 0.000572350458242, 0.000380847137421, 0.000343788415194, 0.000316678168019, 0.000256612052908, 0.000254418264376, 0.000386952800909, 0.000486323202495, 0.000207300719921, 0.000177098045242, 0.000285375543172, 0.000255560356891, 0.000119313343021, 0.000158322174684, 0.000222976799705, 0.000160115305334, 4.1490446165e-05, 3.21859552059e-05, 2.75827951555e-05, 3.17467347486e-05, 6.27531553619e-05, 8.58847779455e-05, 3.64880033885e-05, 1.16327737487e-05, 2.48956439464e-05, 3.64337174688e-05, 3.56203381671e-05, 2.6011161026e-05, 2.16264961637e-05, 3.04333698296e-05, 9.28042209125e-05, 8.28895863378e-05, 4.12091139879e-05, 3.32143827109e-05, 2.96940434055e-05, 1.65828278114e-05, 1.86016259249e-05, 7.93029812485e-06, 8.00327779871e-06, 6.23151754553e-06, 4.86934004584e-06, 3.84660961572e-06, 3.34020523951e-06, 2.96694634017e-06, 2.85749729301e-06, 5.01234580952e-06, 3.15085071634e-06, 2.52188260674e-06, 3.45353032571e-06, 2.95689892482e-06, 3.34504784405e-06, 3.61251773029e-06, 3.46445131072e-06, 2.57295278061e-06, 2.14016336031e-06, 2.19430330617e-06, 2.50697144111e-06, 2.83152735392e-06, 2.53936809713e-06, 3.3269418509e-06, 2.76254763776e-06, 2.42253599936e-06, 2.42853002419e-06, 1.99352507479e-06, 2.0508207399e-06, 1.95121765501e-06, 1.99910004994e-06, 2.03438139579e-06, 1.91539925254e-06, 2.29322859013e-06, 1.75157367721e-06, 1.54041811129e-06, 1.47293076225e-06, 1.29346597078e-06, 1.08006179289e-06, 9.74001522991e-07, 8.41351891268e-07, 5.59870045436e-07, 4.25783667879e-07, 2.78346391269e-07, 2.3358043677e-07, 1.95684094706e-07, 1.94166446477e-07, 8.35131075405e-08, 2.10644230947e-08, 1.8294345594e-08, 1.6663339153e-08, 1.43401495123e-08, 8.53332604578e-09, 3.31776539575e-09, 3.1384117527e-11, 2.48832673216e-11, 2.23525104676e-11, 2.07320792478e-11, 1.9787140676e-11]
    },
    "mfcc": {
        "mean": [-728.637695312, 118.734420776, 3.01529955864, -5.65014457703, -7.56279993057, -3.47899127007, 2.02760004997, -4.01889228821, -10.5601940155, 4.1020488739, 1.63586366177, -5.25327348709, 1.42023932934],
        "cov": [[16096.7597656, -1042.91027832, 741.012878418, 1520.24157715, 1983.66101074, 1508.34643555, 1325.89782715, 1465.96789551, 1364.8984375, 828.457702637, 375.052734375, 564.157104492, 677.003723145], [-1042.91027832, 1151.30249023, -98.9360733032, -115.016273499, -84.6182556152, -74.3132858276, 66.0696182251, -60.2195587158, -109.491348267, -19.6441440582, 54.2325172424, -7.60475921631, 18.5956611633], [741.012878418, -98.9360733032, 563.844360352, 234.784805298, 218.476409912, 200.358322144, 44.2405815125, 119.904182434, 93.1851882935, -68.1475524902, -14.063952446, 37.6842536926, 21.69622612], [1520.24157715, -115.016273499, 234.784805298, 547.325744629, 327.690612793, 154.566131592, 86.154006958, 201.443206787, 177.021972656, -6.32267427444, -30.5631332397, 92.4907455444, 73.9166793823], [1983.66101074, -84.6182556152, 218.476409912, 327.690612793, 466.191040039, 225.085342407, 143.506454468, 256.023223877, 213.953689575, 56.1530151367, 25.5395374298, 74.2728881836, 75.1152877808], [1508.34643555, -74.3132858276, 200.358322144, 154.566131592, 225.085342407, 431.255096436, 189.364440918, 145.059112549, 212.698242188, 91.5843505859, 28.5975723267, 61.3221321106, 50.0416793823], [1325.89782715, 66.0696182251, 44.2405815125, 86.154006958, 143.506454468, 189.364440918, 337.560394287, 109.962432861, 98.2439041138, 85.1923522949, 26.7968521118, 36.2212295532, 92.0582351685], [1465.96789551, -60.2195587158, 119.904182434, 201.443206787, 256.023223877, 145.059112549, 109.962432861, 307.642425537, 195.798309326, 62.3937721252, 54.4289665222, 62.4260482788, 26.5826816559], [1364.8984375, -109.491348267, 93.1851882935, 177.021972656, 213.953689575, 212.698242188, 98.2439041138, 195.798309326, 289.008728027, 115.798797607, 37.6146011353, 72.3564834595, 36.9126396179], [828.457702637, -19.6441440582, -68.1475524902, -6.32267427444, 56.1530151367, 91.5843505859, 85.1923522949, 62.3937721252, 115.798797607, 197.368301392, 68.2457733154, 29.8475437164, 24.4881134033], [375.052734375, 54.2325172424, -14.063952446, -30.5631332397, 25.5395374298, 28.5975723267, 26.7968521118, 54.4289665222, 37.6146011353, 68.2457733154, 152.765823364, 36.7859306335, -11.5811986923], [564.157104492, -7.60475921631, 37.6842536926, 92.4907455444, 74.2728881836, 61.3221321106, 36.2212295532, 62.4260482788, 72.3564834595, 29.8475437164, 36.7859306335, 130.472640991, 82.7563934326], [677.003723145, 18.5956611633, 21.69622612, 73.9166793823, 75.1152877808, 50.0416793823, 92.0582351685, 26.5826816559, 36.9126396179, 24.4881134033, -11.5811986923, 82.7563934326, 218.026779175]],
        "icov": [[0.000295618141536, 0.000222914721235, 6.68495922582e-05, -0.000186025994481, -0.000549289979972, -0.000187472920516, -0.000457669550087, -0.000397575931856, 4.82453833683e-05, -0.000513861014042, -0.00028828860377, -3.47334316757e-05, -0.00035912587191], [0.000222914721235, 0.00113800156396, 0.000150980122271, -7.14899579179e-05, -0.000414928683313, -5.60629850952e-05, -0.000716803129762, -0.000247620948358, 0.000340602302458, -0.000151720523718, -0.000688873871695, -4.82345385535e-05, -0.000350268004695], [6.68495922582e-05, 0.000150980122271, 0.00292137009092, -0.000610512041021, -0.000735747860745, -0.00143113930244, 0.000256194238318, -0.000267378811259, 0.000282401131699, 0.00154477253091, -0.000425682490459, 0.000123168152641, -8.847949357e-05], [-0.000186025994481, -7.14899579179e-05, -0.000610512041021, 0.00404748227447, -0.00166047608946, 0.000619344238658, 0.000124858939671, -0.000136580085382, -0.000853560050018, 0.00100960663985, 0.00162332248874, -0.0016935269814, 0.000426294165663], [-0.000549289979972, -0.000414928683313, -0.000735747860745, -0.00166047608946, 0.00713426293805, -0.000519340217579, 0.000629908812698, -0.0019733842928, -0.000606965913903, 0.000711570319254, 0.000144533521961, 0.00105115736369, -0.000355384603608], [-0.000187472920516, -5.60629850952e-05, -0.00143113930244, 0.000619344238658, -0.000519340217579, 0.00546938693151, -0.00182491913438, 0.0014872160973, -0.00303616072051, -0.000105895735032, 0.000322351494106, -0.000587409129366, 0.00079816597281], [-0.000457669550087, -0.000716803129762, 0.000256194238318, 0.000124858939671, 0.000629908812698, -0.00182491913438, 0.00581751298159, -0.000703909550793, 0.00112109223846, -0.000512653670739, 0.000458279304439, 0.00119686953258, -0.00131642492488], [-0.000397575931856, -0.000247620948358, -0.000267378811259, -0.000136580085382, -0.0019733842928, 0.0014872160973, -0.000703909550793, 0.00896460749209, -0.00407904200256, 0.00170226080809, -0.00156078347936, -0.000388249522075, 0.00143516797107], [4.82453833683e-05, 0.000340602302458, 0.000282401131699, -0.000853560050018, -0.000606965913903, -0.00303616072051, 0.00112109223846, -0.00407904200256, 0.0108305756003, -0.00427523814142, 0.00128694542218, -0.0019367338391, 0.000462379888631], [-0.000513861014042, -0.000151720523718, 0.00154477253091, 0.00100960663985, 0.000711570319254, -0.000105895735032, -0.000512653670739, 0.00170226080809, -0.00427523814142, 0.0106894439086, -0.00286589725874, 0.000770591257606, -2.09079971683e-05], [-0.00028828860377, -0.000688873871695, -0.000425682490459, 0.00162332248874, 0.000144533521961, 0.000322351494106, 0.000458279304439, -0.00156078347936, 0.00128694542218, -0.00286589725874, 0.0102794505656, -0.00395994726568, 0.00247206585482], [-3.47334316757e-05, -4.82345385535e-05, 0.000123168152641, -0.0016935269814, 0.00105115736369, -0.000587409129366, 0.00119686953258, -0.000388249522075, -0.0019367338391, 0.000770591257606, -0.00395994726568, 0.0138424728066, -0.00523467455059], [-0.00035912587191, -0.000350268004695, -8.847949357e-05, 0.000426294165663, -0.000355384603608, 0.00079816597281, -0.00131642492488, 0.00143516797107, 0.000462379888631, -2.09079971683e-05, 0.00247206585482, -0.00523467455059, 0.00795828551054]]
    },
    "spectral_contrast_coeffs": {
        "max": [-0.358251839876, -0.452225863934, -0.480469286442, -0.534451305866, -0.543097674847, -0.651830971241],
        "mean": [-0.721447765827, -0.730588436127, -0.727901935577, -0.784470260143, -0.790236234665, -0.801033318043],
        "min": [-0.88950663805, -0.949010908604, -0.909938216209, -0.920283257961, -0.902156531811, -0.886595308781],
        "stdev": [0.0812424570322, 0.0838815420866, 0.0855613350868, 0.064868979156, 0.0616262592375, 0.0341420695186]
    },
    "spectral_contrast_valleys": {
        "max": [-5.28783273697, -5.36482858658, -5.67876052856, -6.06812000275, -6.1911277771, -8.1405248642],
        "mean": [-8.07912921906, -7.37470006943, -7.97663164139, -8.45160675049, -8.72763061523, -10.8424816132],
        "min": [-11.8291425705, -9.45193099976, -11.1760168076, -11.9745454788, -12.0209999084, -15.1429042816],
        "stdev": [1.90363168716, 0.884864509106, 1.04539656639, 1.19726657867, 1.31245040894, 1.49755990505]
    }
},
"rhythm": {
    "beats_count": 46,
    "beats_loudness": {
        "max": 0.102224014699,
        "mean": 0.0274544674903,
        "min": 0.000111956600449,
        "stdev": 0.0310418587178
    },
    "bpm": 86.1939163208,
    "bpm_histogram_first_peak_bpm": 86,
    "bpm_histogram_first_peak_weight": 0.589743614197,
    "bpm_histogram_second_peak_bpm": 91,
    "bpm_histogram_second_peak_spread": 0.5,
    "bpm_histogram_second_peak_weight": 0.0444444455206,
    "danceability": 0.951248764992,
    "onset_rate": 3.41455054283,
    "beats_loudness_band_ratio": {
        "max": [0.857139229774, 0.86383241415, 0.926450610161, 0.80158406496, 0.251660168171, 0.813743412495],
        "mean": [0.244271367788, 0.155247464776, 0.290398359299, 0.21421200037, 0.0578441359103, 0.0875521153212],
        "min": [4.65351258754e-05, 0.00276762200519, 0.022627113387, 0.0112457927316, 0.000642514612991, 0.000149236875586],
        "stdev": [0.263380229473, 0.196511790156, 0.252810686827, 0.204303532839, 0.0618155449629, 0.177296951413]
    },
    "beats_position": [0.719818592072, 1.45124709606, 2.18267560005, 2.91410422325, 3.63392281532, 4.3653512001, 5.0967798233, 5.8282084465, 6.54802703857, 7.25623559952, 7.96444416046, 8.64943313599, 9.34603118896, 10.0426301956, 10.7276191711, 11.4009971619, 12.0743761063, 12.7477550507, 13.4443531036, 14.1293420792, 14.8143310547, 15.5109291077, 16.2075271606, 16.8925170898, 17.5775051117, 18.2160549164, 18.8546028137, 19.4815406799, 20.1084804535, 20.8050785065, 21.5016784668, 22.1982765198, 22.8948745728, 23.5914726257, 24.2532424927, 24.9150104523, 25.6116104126, 26.2965984344, 26.9815864563, 27.6781845093, 28.3747844696, 29.0597724915, 29.7563705444, 30.4413604736, 31.1263484955, 31.8113365173],
