{
"metadata": {
    "version": {
        "essentia": "2.1-beta5",
        "essentia_git_sha": "Undefined",
        "extractor": "music 2.0"
    },
    "audio_properties": {
        "analysis": {
            "equal_loudness": 0,
            "length": 12.7477550507,
            "sample_rate": 44100,
            "start_time": 0,
            "downmix": "mix"
        },
        "bit_rate": 192000,
        "length": 184.970169067,
        "lossless": 0,
        "number_channels": 2,
        "replay_gain": 3.80667304993,
        "sample_rate": 48000,
        "codec": "mp3",
        "md5_encoded": "e94c5496eabc4823afd0ee98a9f3dcb5"
    },
    "tags": {
        "file_name": "Georgia_Keep The Faith_Tamara Gachechiladze.mp3",
        "encoding": ["Lavf58.29.100"]
    }
},
"lowlevel": {
    "average_loudness": 0.335188746452,
    "barkbands_crest": {
        "max": 22.0713043213,
        "mean": 10.3411121368,
        "min": 3.6787211895,
        "stdev": 3.97717094421
    },
    "barkbands_flatness_db": {
        "max": 0.358321934938,
        "mean": 0.195601373911,
        "min": 0.0873104706407,
        "stdev": 0.0443523600698
    },
    "barkbands_kurtosis": {
        "max": 19.1748485565,
        "mean": 3.14899230003,
        "min": -1.07281839848,
        "stdev": 2.71789860725
    },
    "barkbands_skewness": {
        "max": 3.03876519203,
        "mean": 1.12232708931,
        "min": -0.399359554052,
        "stdev": 0.641932487488
    },
    "barkbands_spread": {
        "max": 21.2778644562,
        "mean": 8.33966636658,
        "min": 2.17918014526,
        "stdev": 2.92628121376
    },
    "dissonance": {
        "max": 0.499999910593,
        "mean": 0.464756667614,
        "min": 0.161483749747,
        "stdev": 0.035521004349
    },
    "dynamic_complexity": 3.90748000145,
    "erbbands_crest": {
        "max": 27.634267807,
        "mean": 11.7418642044,
        "min": 4.26806735992,
        "stdev": 4.8509888649
    },
    "erbbands_flatness_db": {
        "max": 0.376263320446,
        "mean": 0.268457502127,
        "min": 0.178371027112,
        "stdev": 0.0323823280632
    },
    "erbbands_kurtosis": {
        "max": 27.7432727814,
        "mean": 2.07990407944,
        "min": -1.40547037125,
        "stdev": 2.67648649216
    },
    "erbbands_skewness": {
        "max": 3.73577833176,
        "mean": 1.05531954765,
        "min": -0.380543082952,
        "stdev": 0.604604542255
    },
    "erbbands_spread": {
        "max": 33.7778892517,
        "mean": 14.6395645142,
        "min": 3.31882739067,
        "stdev": 5.22644901276
    },
    "hfc": {
        "max": 96.3172912598,
        "mean": 14.3591365814,
        "min": 0.0110999196768,
        "stdev": 16.5619602203
    },
    "loudness_ebu128": {
        "integrated": -27.4919013977,
        "loudness_range": 6.60206794739,
        "momentary": {
            "max": -21.8954162598,
            "mean": -28.705286026,
            "min": -36.1160202026,
            "stdev": 3.12602591515
        },
        "short_term": {
            "max": -23.8352680206,
            "mean": -29.214635849,
            "min": -31.7427711487,
            "stdev": 2.03339982033
        }
    },
    "melbands_crest": {
        "max": 28.9662857056,
        "mean": 13.0365943909,
        "min": 4.09853982925,
        "stdev": 5.24034976959
    },
    "melbands_flatness_db": {
        "max": 0.477578938007,
        "mean": 0.227670013905,
        "min": 0.0962995588779,
        "stdev": 0.0771481692791
    },
    "melbands_kurtosis": {
        "max": 22.1594409943,
        "mean": 4.89925146103,
        "min": -0.75803565979,
        "stdev": 3.80038237572
    },
    "melbands_skewness": {
        "max": 4.06985902786,
        "mean": 1.29793131351,
        "min": -1.10334980488,
        "stdev": 0.846297502518
    },
    "melbands_spread": {
        "max": 33.7986412048,
        "mean": 12.7398090363,
        "min": 3.60387730598,
        "stdev": 4.9606385231
    },
    "pitch_salience": {
        "max": 0.898650705814,
        "mean": 0.645847678185,
        "min": 0.297975718975,
        "stdev": 0.113659910858
    },
    "silence_rate_20dB": {
        "max": 1,
        "mean": 1,
        "min": 1,
        "stdev": 0
    },
    "silence_rate_30dB": {
        "max": 1,
        "mean": 0.998181819916,
        "min": 0,
        "stdev": 0.042601056397
    },
    "silence_rate_60dB": {
        "max": 1,
        "mean": 0.0454545468092,
        "min": 0,
        "stdev": 0.208298400044
    },
    "spectral_centroid": {
        "max": 2500.89306641,
        "mean": 1078.05664062,
        "min": 404.756347656,
        "stdev": 438.360595703
    },
    "spectral_complexity": {
        "max": 38,
        "mean": 16.6000003815,
        "min": 0,
        "stdev": 7.7955789566
    },
    "spectral_decrease": {
        "max": -2.64482988462e-12,
        "mean": -3.90329990552e-09,
        "min": -2.67949094024e-08,
        "stdev": 4.35886615691e-09
    },
    "spectral_energy": {
        "max": 0.109715260565,
        "mean": 0.0160343870521,
        "min": 1.0988998838e-05,
        "stdev": 0.0179120469838
    },
    "spectral_energyband_high": {
        "max": 0.00130941276439,
        "mean": 0.000121177108667,
        "min": 5.93208469013e-08,
        "stdev": 0.000148890932905
    },
    "spectral_energyband_low": {
        "max": 0.014085015282,
        "mean": 0.000693175417837,
        "min": 5.12053652812e-08,
        "stdev": 0.00149025570136
    },
    "spectral_energyband_middle_high": {
        "max": 0.0721401572227,
        "mean": 0.00796804856509,
        "min": 6.33231002212e-06,
        "stdev": 0.0105099529028
    },
    "spectral_energyband_middle_low": {
        "max": 0.0852041020989,
        "mean": 0.00863816868514,
        "min": 5.30433226231e-06,
        "stdev": 0.0104374848306
    },
    "spectral_entropy": {
        "max": 8.1213054657,
        "mean": 7.25506305695,
        "min": 6.17448234558,
        "stdev": 0.460572093725
    },
    "spectral_flux": {
        "max": 0.223602056503,
        "mean": 0.0616944618523,
        "min": 0.00331496587023,
        "stdev": 0.0379473119974
    },
    "spectral_kurtosis": {
        "max": 54.0326843262,
        "mean": 10.6944065094,
        "min": 2.21936607361,
        "stdev": 8.21721744537
    },
    "spectral_rms": {
        "max": 0.0103459786624,
        "mean": 0.00353054259904,
        "min": 0.000103542137367,
        "stdev": 0.00178285315633
    },
    "spectral_rolloff": {
        "max": 2993.11523438,
        "mean": 1234.9876709,
        "min": 301.46484375,
        "stdev": 556.54699707
    },
    "spectral_skewness": {
        "max": 4.96651124954,
        "mean": 2.2366464138,
        "min": 1.29637801647,
        "stdev": 0.584029078484
    },
    "spectral_spread": {
        "max": 12120534,
        "mean": 2705308,
        "min": 1145395.125,
        "stdev": 938716.4375
    },
    "spectral_strongpeak": {
        "max": 6.53934907913,
        "mean": 1.23785471916,
        "min": 0.00534185953438,
        "stdev": 1.00937259197
    },
    "zerocrossingrate": {
        "max": 0.265625,
        "mean": 0.0487695299089,
        "min": 0.0107421875,
        "stdev": 0.0222663842142
    },
    "barkbands": {
        "max": [0.000876804522704, 0.0123786423355, 0.00440478278324, 0.00225635082461, 0.00640270812437, 0.00739266490564, 0.011981270276, 0.00517130177468, 0.0508095324039, 0.064413189888, 0.0140778198838, 0.00353412865661, 0.00630913116038, 0.0057601025328, 0.00306275533512, 0.00130036228802, 0.00283865723759, 0.00246576755308, 0.000801404879894, 0.00125495973043, 0.000324589287629, 0.000294197670883, 0.000188354068086, 0.000133248511702, 0.000123674457427, 4.867700045e-05, 3.57322255695e-06],
        "mean": [3.29426984536e-05, 0.000354912481271, 0.000246519193752, 0.000136510148877, 0.000578778621275, 0.000406623235904, 0.00103005685378, 0.000605588837061, 0.00372436828911, 0.0048917545937, 0.00128033431247, 0.000487773242639, 0.000514712301083, 0.00056319142459, 0.00040041768807, 0.000221719994443, 0.0001866392995, 0.00015820346016, 6.95714334142e-05, 4.72325918963e-05, 3.52450661012e-05, 2.43334307015e-05, 1.56717524078e-05, 1.16948458526e-05, 7.781185559e-06, 1.79199548711e-06, 1.88733668693e-08],
        "min": [8.33196533989e-09, 1.13286242609e-08, 4.10892297964e-09, 9.98442573064e-09, 1.96901943639e-08, 1.74205680992e-08, 2.25184336955e-07, 2.24862503728e-07, 3.24597408508e-06, 4.0904742491e-06, 7.2218006153e-07, 1.86444466976e-07, 4.03710401997e-07, 5.23012943177e-07, 8.47030548812e-07, 1.72287428768e-07, 1.05520967963e-07, 7.92941445837e-09, 2.39318698192e-08, 4.23796286952e-08, 1.43819676168e-08, 4.11811140744e-10, 3.60884572226e-10, 4.87265172655e-10, 2.52026954861e-10, 2.85285600699e-10, 3.57794516237e-10],
        "stdev": [8.00751804491e-05, 0.00101683277171, 0.000585558533203, 0.000265250069788, 0.000942183658481, 0.000825598486699, 0.00196004589088, 0.000719571486115, 0.00691528711468, 0.00841295812279, 0.00193115603179, 0.000678501673974, 0.000753546366468, 0.000790853227954, 0.000433160923421, 0.000240975816268, 0.000279327738099, 0.000260441389401, 9.24907799345e-05, 7.44228891563e-05, 4.59539660369e-05, 3.1325074815e-05, 2.09185545827e-05, 1.61174048117e-05, 1.2835632333e-05, 4.63910419057e-06, 1.70317449033e-07]
    },
    "erbbands": {
        "max": [0.360705912113, 3.05679821968, 4.5935792923, 8.67509460449, 12.4938106537, 25.4297046661, 24.8324604034, 80.155090332, 185.703445435, 59.6335906982, 264.444366455, 955.437194824, 2451.88110352, 952.148803711, 327.303985596, 163.634735107, 257.541625977, 291.538116455, 143.677627563, 149.507904053, 75.4423141479, 143.499588013, 136.008773804, 95.0361480713, 28.5893230438, 62.2807846069, 23.94480896, 10.124546051, 10.7968015671, 7.07127189636, 5.54826545715, 3.60681629181, 2.02914333344, 1.20882439613, 0.975004374981, 0.254593968391, 0.127773210406, 0.0161913707852, 0.000369791610865, 0.000130709900986],
        "mean": [0.0106356767938, 0.0799714028835, 0.278103977442, 0.384736120701, 1.27184426785, 2.05674099922, 1.87019705772, 4.14706277847, 16.1302509308, 8.02826404572, 24.2105922699, 78.8783416748, 173.002822876, 95.5045776367, 33.4786224365, 19.9916648865, 22.7539710999, 29.2837905884, 26.4073677063, 16.043050766, 11.5798788071, 10.2989273071, 9.52614116669, 5.31971120834, 2.70035171509, 2.27054095268, 1.73410105705, 1.17811667919, 0.959995448589, 0.607560694218, 0.421229511499, 0.272099494934, 0.180272683501, 0.102597229183, 0.0456280261278, 0.0122306784615, 0.00265596597455, 0.000241645626375, 1.44307759911e-05, 1.94344465854e-05],
        "min": [6.95274138707e-07, 3.78497838938e-06, 5.05354955749e-06, 1.99137175514e-05, 5.65421833016e-05, 6.05432142038e-05, 7.14273264748e-05, 0.00021634271252, 0.00223895581439, 0.00424219341949, 0.010212380439, 0.0674490332603, 0.138726577163, 0.0801855549216, 0.0230525545776, 0.00688395788893, 0.0177887380123, 0.0167078655213, 0.0566443651915, 0.0229411050677, 0.00822404492646, 0.00478099426255, 0.000623852829449, 0.000551808043383, 0.0021369792521, 0.00203669955954, 0.00057291216217, 0.000595378805883, 0.000273955258308, 3.15696997859e-05, 1.66360459843e-05, 1.6143781977e-05, 1.18908010336e-05, 6.13391966908e-06, 4.44225497631e-06, 3.06069750877e-06, 1.50091716478e-06, 4.28375102501e-07, 2.3632762236e-07, 3.60204808203e-08],
        "stdev": [0.0318924449384, 0.231915712357, 0.637519180775, 0.66866505146, 2.05634379387, 3.75514888763, 3.49544811249, 9.16850948334, 30.4609584808, 9.40262699127, 29.877155304, 138.685852051, 314.498474121, 140.621902466, 47.5555343628, 26.1972999573, 31.3842563629, 41.2918243408, 28.1725692749, 18.9918460846, 12.6162261963, 15.2668857574, 14.9484395981, 8.07987499237, 3.41132044792, 3.57847285271, 2.37522935867, 1.54587709904, 1.22377848625, 0.737326920033, 0.625041246414, 0.378706485033, 0.250426262617, 0.148069664836, 0.0897702500224, 0.0254712868482, 0.00856107287109, 0.00113396160305, 2.63828878815e-05, 2.13962048292e-05]
    },
    "gfcc": {
        "mean": [-87.3721160889, 119.766891479, -185.165267944, -6.36297750473, -69.0376815796, 5.62181901932, -24.9907360077, 4.32101202011, -9.82297897339, -10.6336307526, -14.5673046112, -13.3874502182, -0.45453312993],
        "cov": [[4092.65625, -3026.01342773, -736.92755127, -223.564544678, -855.559326172, 1170.52514648, -14.7383413315, 832.197143555, -312.861968994, 47.8879203796, -352.793426514, 62.6379356384, -114.015434265], [-3026.01342773, 5669.46533203, 1610.25512695, 914.104858398, 1343.39782715, -1456.53466797, 669.032958984, -1146.51843262, 703.980041504, -303.377929688, 666.987182617, -241.261749268, 302.615386963], [-736.92755127, 1610.25512695, 663.198730469, 295.110900879, 397.999603271, -382.949676514, 165.862442017, -307.180206299, 174.067077637, -47.0805168152, 169.083206177, -55.8929214478, 56.4179992676], [-223.564544678, 914.104858398, 295.110900879, 305.925018311, 169.845748901, -149.09765625, 135.463989258, -194.437454224, 148.321365356, -96.3736801147, 107.118125916, -54.9966125488, 44.3278160095], [-855.559326172, 1343.39782715, 397.999603271, 169.845748901, 612.2734375, -345.541870117, 195.154006958, -179.426681519, 131.040206909, 22.2429351807, 126.028244019, -20.488067627, 44.4152297974], [1170.52514648, -1456.53466797, -382.949676514, -149.09765625, -345.541870117, 588.762268066, -83.2553329468, 372.0340271, -132.628967285, 36.0920791626, -148.589645386, 23.339515686, -44.9270820618], [-14.7383413315, 669.032958984, 165.862442017, 135.463989258, 195.154006958, -83.2553329468, 245.720916748, -66.2870178223, 114.26890564, -44.9287376404, 58.3903045654, -27.0548324585, 39.6398239136], [832.197143555, -1146.51843262, -307.180206299, -194.437454224, -179.426681519, 372.0340271, -66.2870178223, 367.043365479, -127.248260498, 94.1746444702, -119.952301025, 31.5572452545, -42.4297828674], [-312.861968994, 703.980041504, 174.067077637, 148.321365356, 131.040206909, -132.628967285, 114.26890564, -127.248260498, 195.865310669, -53.0214576721, 111.203086853, -33.3938026428, 28.400384903], [47.8879203796, -303.377929688, -47.0805168152, -96.3736801147, 22.2429351807, 36.0920791626, -44.9287376404, 94.1746444702, -53.0214576721, 119.641410828, -44.1879501343, 41.1038665771, -33.3687438965], [-352.793426514, 666.987182617, 169.083206177, 107.118125916, 126.028244019, -148.589645386, 58.3903045654, -119.952301025, 111.203086853, -44.1879501343, 147.528656006, -41.9930000305, 60.425113678], [62.6379356384, -241.261749268, -55.8929214478, -54.9966125488, -20.488067627, 23.339515686, -27.0548324585, 31.5572452545, -33.3938026428, 41.1038665771, -41.9930000305, 81.9408721924, -28.9124412537], [-114.015434265, 302.615386963, 56.4179992676, 44.3278160095, 44.4152297974, -44.9270820618, 39.6398239136, -42.4297828674, 28.400384903, -33.3687438965, 60.425113678, -28.9124412537, 92.4468765259]],
        "icov": [[0.000966600084212, 9.11400002224e-06, -0.000250374549069, -0.0010156534845, 0.00116070511285, -0.000484014221001, -0.00132499507163, -0.00173564918805, 0.001005749451, 0.000228838413022, -8.90194278327e-05, -0.000494448351674, 0.000457920599729], [9.11400002224e-06, 0.00999998301268, -0.00659277429804, -0.000831564946566, -0.00609687529504, 0.00701304804534, -0.00676624663174, 0.007867612876, -0.00481303688139, 0.00397286005318, -0.00653139874339, 0.00604265881702, -0.006379482802], [-0.000250374549069, -0.00659277429804, 0.00904574804008, -0.00210643443279, 0.00264024292119, -0.00388913811184, 0.00435621570796, -0.00332770985551, 0.00364459701814, -0.0048540700227, 0.00285837636329, -0.00299142044969, 0.0045323506929], [-0.0010156534845, -0.000831564946566, -0.00210643443279, 0.0116616627201, -0.00153821508866, -0.00316351465881, 0.000690356828272, 0.00498001743108, -0.00340055441484, 0.00290214992128, 0.000852932047565, 0.0012375973165, 0.000276252045296], [0.00116070511285, -0.00609687529504, 0.00264024292119, -0.00153821508866, 0.00944226235151, -0.00270110135898, 0.000182932999451, -0.00825857464224, 0.00470334198326, -0.00459096394479, 0.00285118212923, -0.00445140060037, 0.00443958677351], [-0.000484014221001, 0.00701304804534, -0.00388913811184, -0.00316351465881, -0.00270110135898, 0.0132902702317, -0.00399396847934, -0.00186176062562, -0.0039283502847, 0.004828623496, -0.00273657753132, 0.0039656534791, -0.0050699012354], [-0.00132499507163, -0.00676624663174, 0.00435621570796, 0.000690356828272, 0.000182932999451, -0.00399396847934, 0.0147749744356, -0.0050105121918, -0.00224817870185, -0.000116937691928, 0.00792433228344, -0.00388632155955, 0.00111469591502], [-0.00173564918805, 0.007867612876, -0.00332770985551, 0.00498001743108, -0.00825857464224, -0.00186176062562, -0.0050105121918, 0.0242645330727, -0.00449217902496, -0.00408769119531, -0.00581196323037, 0.00829359143972, -0.00560634769499], [0.001005749451, -0.00481303688139, 0.00364459701814, -0.00340055441484, 0.00470334198326, -0.0039283502847, -0.00224817870185, -0.00449217902496, 0.0170066654682, -0.00210012868047, -0.00604837806895, -0.00377238099463, 0.00792611856014], [0.000228838413022, 0.00397286005318, -0.0048540700227, 0.00290214992128, -0.00459096394479, 0.004828623496, -0.000116937691928, -0.00408769119531, -0.00210012868047, 0.020836379379, -0.00133615662344, -0.00292741786689, -0.000301572174067], [-8.90194278327e-05, -0.00653139874339, 0.00285837636329, 0.000852932047565, 0.00285118212923, -0.00273657753132, 0.00792433228344, -0.00581196323037, -0.00604837806895, -0.00133615662344, 0.0250505320728, -0.000999765470624, -0.00495872600004], [-0.000494448351674, 0.00604265881702, -0.00299142044969, 0.0012375973165, -0.00445140060037, 0.0039656534791, -0.00388632155955, 0.00829359143972, -0.00377238099463, -0.00292741786689, -0.000999765470624, 0.0210592132062, -0.00227704457939], [0.000457920599729, -0.006379482802, 0.0045323506929, 0.000276252045296, 0.00443958677351, -0.0050699012354, 0.00111469591502, -0.00560634769499, 0.00792611856014, -0.000301572174067, -0.00495872600004, -0.00227704457939, 0.0217032004148]]
    },
    "melbands": {
        "max": [0.00328950327821, 0.00300403311849, 0.00116069614887, 0.00173918763176, 0.000691649038345, 0.00171609222889, 0.00278937863186, 0.000471043371363, 0.00348272756673, 0.00697364704683, 0.0120155112818, 0.00433739135042, 0.00116211583372, 0.000460373266833, 0.000572425022256, 0.000765754200984, 0.000567801180296, 0.000314569013426, 0.000214429295738, 0.000150749125169, 0.000116194401926, 0.000156910638907, 0.000127104605781, 0.000125303966342, 7.48742459109e-05, 2.2839903977e-05, 4.35695510532e-05, 3.88835396734e-05, 1.97935914912e-05, 8.67189737619e-06, 6.80907760398e-06, 6.88900036039e-06, 4.10844768339e-06, 3.91936782762e-06, 4.16374086853e-06, 1.67291489106e-06, 2.69306292466e-06, 1.72697400558e-06, 1.22182916584e-06, 1.0683409073e-06],
        "mean": [9.73115165834e-05, 0.000127763109049, 8.77717029653e-05, 0.000137104681926, 6.20736391284e-05, 8.73052558745e-05, 0.000246687821345, 8.08636905276e-05, 0.000238327891566, 0.000537654967047, 0.000875761092175, 0.000405565078836, 0.00013862286869, 5.69020558032e-05, 4.61489798909e-05, 5.50954500795e-05, 5.39538887097e-05, 4.53811808256e-05, 2.53285470535e-05, 1.76750563696e-05, 1.26831118905e-05, 1.05060044007e-05, 1.02957137642e-05, 6.97090081303e-06, 4.12076224166e-06, 2.17024057747e-06, 1.63705203704e-06, 1.45182912092e-06, 1.15462819394e-06, 8.56443364228e-07, 6.05069658377e-07, 5.88480645547e-07, 3.89070152096e-07, 3.14056165962e-07, 2.53524831351e-07, 1.90323447669e-07, 1.57067916007e-07, 1.31729521513e-07, 1.06079234286e-07, 8.00372816911e-08],
        "min": [3.90966192754e-09, 3.42984951551e-09, 4.59612614634e-09, 4.36309033347e-09, 2.38418573772e-09, 5.43055644897e-09, 3.79357274483e-08, 4.43854553112e-08, 1.05934290673e-07, 4.83893416003e-07, 7.06546927631e-07, 3.50236973645e-07, 8.59171862544e-08, 2.8224771853e-08, 2.26118554991e-08, 3.9751078873e-08, 2.8464000934e-08, 9.69857580913e-08, 4.95126570854e-08, 1.7360731519e-08, 8.49185166629e-09, 6.66197896848e-09, 6.61536159186e-10, 3.54771517719e-10, 3.68733543699e-10, 1.04529218614e-09, 2.31940044948e-09, 9.8498420531e-10, 2.60617694092e-10, 3.5841643542e-10, 3.70192265731e-10, 7.68893022168e-12, 9.19405957617e-12, 5.95177379603e-12, 5.51998854612e-12, 2.401378792e-12, 2.41839014092e-12, 6.41601658954e-12, 3.7889587301e-12, 2.26113550626e-12],
        "stdev": [0.000282510824036, 0.000282923603663, 0.000129972875584, 0.000246819399763, 0.000104529353848, 0.000188642530702, 0.000464944023406, 8.01439673523e-05, 0.000344179832609, 0.000974839203991, 0.00159347709268, 0.000606897519901, 0.000200581445824, 8.21063222247e-05, 6.1270162405e-05, 8.20546192699e-05, 7.82188872108e-05, 5.09382953169e-05, 2.87135080725e-05, 2.07513421628e-05, 1.4900359929e-05, 1.59119044838e-05, 1.6491054339e-05, 1.22408955576e-05, 6.47367232887e-06, 2.83020062852e-06, 2.61752052211e-06, 2.30434056903e-06, 1.73445266682e-06, 1.12765974336e-06, 8.50986907608e-07, 7.77278671649e-07, 5.07766856117e-07, 3.9369319893e-07, 4.0710605731e-07, 2.63807635292e-07, 2.33676715311e-07, 1.90547794432e-07, 1.54874044256e-07, 1.19641782703e-07]
    },
    "melbands128": {
        "max": [0.000876578735188, 0.0032108144369, 0.00625077169389, 0.00585546018556, 0.00351678580046, 0.00194211921189, 0.00222351914272, 0.00096535962075, 0.00138104869984, 0.00310579640791, 0.00130030722357, 0.000575287791435, 0.00123643758707, 0.000484057003632, 0.00142539246008, 0.00340684643015, 0.00156946317293, 0.00527997128665, 0.0020279227756, 0.000358665885869, 0.000527036376297, 0.00111065094825, 0.00245008803904, 0.0101516516879, 0.00796095002443, 0.00938317924738, 0.0226552784443, 0.0149247404188, 0.0136234220117, 0.0083376346156, 0.00581179186702, 0.00316774076782, 0.0015041732695, 0.00152150611393, 0.000669038621709, 0.000609352777246, 0.000863224442583, 0.000628502923064, 0.00119789550081, 0.000629905320238, 0.00125024630688, 0.000814591709059, 0.000794186023995, 0.000999775948003, 0.000695781258401, 0.000453607412055, 0.000366554624634, 0.000257378618699, 0.000243189831963, 0.00030977348797, 0.000184872216778, 0.000146836857311, 0.000115193870442, 0.000207945486181, 0.000190370599739, 0.000167281134054, 0.000166266647284, 0.000263183668721, 0.000134568137582, 0.000149794679601, 0.000132456349093, 0.000198290741537, 6.89514490659e-05, 6.67003478156e-05, 5.50640252186e-05, 2.86113863694e-05, 2.61764980678e-05, 1.55713223648e-05, 5.75251615373e-05, 7.59757385822e-05, 4.39357681898e-05, 1.66250301845e-05, 2.23632523557e-05, 2.40892059082e-05, 1.27651892399e-05, 1.01316018117e-05, 9.21161790757e-06, 7.60983448345e-06, 9.7714300864e-06, 8.60465752339e-06, 7.43521286495e-06, 8.38384494273e-06, 6.99102747603e-06, 4.29883675679e-06, 4.43397902927e-06, 3.72494378098e-06, 3.38732820637e-06, 6.40966209176e-06, 5.38394624527e-06, 4.7946759878e-06, 2.39592895923e-06, 1.71399096871e-06, 1.99709620574e-06, 3.1531787954e-06, 3.18381671605e-06, 1.8646388753e-06, 2.19090111386e-06, 1.38012603657e-06, 1.89877073353e-06, 1.17911747566e-06, 7.82164647717e-07, 8.53319249927e-07, 1.93931919057e-06, 2.01764510166e-06, 1.42724456964e-06, 6.91712216394e-07, 4.93956804348e-07, 4.89251704039e-07, 6.47814601962e-07, 3.46459813727e-07, 4.59663823449e-07, 6.31968134712e-07, 4.77814182887e-07, 3.60201369176e-07, 3.25436388948e-07, 2.36466746628e-07, 1.06041774472e-07, 3.46346027413e-08, 2.62547983354e-09, 2.55311283226e-09, 2.48510390044e-09, 2.40388908779e-09, 2.36259611874e-09, 2.32376851095e-09, 2.28955809867e-09, 2.26765206612e-09, 2.23360796525e-09, 2.22352114498e-09],
        "mean": [2.38948414335e-05, 8.36531253299e-05, 0.000125540958834, 0.00012918113498, 0.000151175976498, 0.000107474363176, 7.23439952708e-05, 6.84897750034e-05, 0.000119364951388, 0.000200284834136, 0.000106135310489, 4.79645059386e-05, 7.65141376178e-05, 3.70687557734e-05, 7.1334776294e-05, 0.000130702901515, 0.000148289691424, 0.000412718829466, 0.000168169746757, 3.80453420803e-05, 5.32916637894e-05, 0.000122345300042, 0.000239162356593, 0.000376564479666, 0.000454701250419, 0.000596541969571, 0.000772210711148, 0.00111330614891, 0.00079353741603, 0.000377891788958, 0.000338333979016, 0.000274587800959, 9.77997406153e-05, 7.54203138058e-05, 6.16828911006e-05, 4.8972589866e-05, 5.36816842214e-05, 4.38976712758e-05, 4.42523851234e-05, 4.66473757115e-05, 6.1635793827e-05, 6.05747300142e-05, 4.8535028327e-05, 6.04714841757e-05, 4.48538594355e-05, 4.83822841488e-05, 3.79602715839e-05, 2.17244833038e-05, 2.24980522034e-05, 2.14005212911e-05, 1.6858921299e-05, 1.41090486068e-05, 1.33373241624e-05, 1.16875462481e-05, 1.20664135466e-05, 9.3708104032e-06, 1.02286876427e-05, 1.13045471153e-05, 9.81817993306e-06, 9.64700211625e-06, 6.30017666481e-06, 6.2264416556e-06, 3.93874415749e-06, 4.40273015556e-06, 2.62630169345e-06, 2.08241453947e-06, 1.86745080555e-06, 1.55269015067e-06, 1.61665695941e-06, 1.67680411778e-06, 1.55410089064e-06, 1.24902294374e-06, 1.28160763779e-06, 1.19541277854e-06, 9.2554148523e-07, 9.03973841559e-07, 8.19217291337e-07, 6.85992176841e-07, 5.58514159366e-07, 5.38856909316e-07, 6.25950974609e-07, 6.20438811438e-07, 4.58813047999e-07, 3.51654108499e-07, 3.37833796493e-07, 3.59601358468e-07, 2.8791092177e-07, 2.69145061793e-07, 2.65641233455e-07, 2.3302776242e-07, 1.99430459702e-07, 1.81656233167e-07, 1.67019678088e-07, 1.54939925778e-07, 1.54579581135e-07, 1.44146952152e-07, 1.26973588976e-07, 1.11582799889e-07, 1.12740913494e-07, 1.01557041887e-07, 8.30230248994e-08, 7.7051240055e-08, 7.52126965153e-08, 6.8250145091e-08, 5.14145739317e-08, 3.86540115471e-08, 3.25820330715e-08, 2.45543390065e-08, 1.92261513376e-08, 1.3901050977e-08, 1.37831044356e-08, 1.0422732899e-08, 6.7185523811e-09, 5.75248826351e-09, 4.34569491503e-09, 2.10974815396e-09, 6.53510079385e-10, 1.03685927899e-10, 9.65431554145e-12, 9.32579794638e-12, 9.06765287856e-12, 8.91009575149e-12, 8.83053265927e-12, 8.66659174981e-12, 8.01009605866e-12, 6.94934387813e-12, 6.344698638e-12, 6.241151259e-12],
        "min": [1.92709137536e-09, 1.67657931982e-09, 1.86420567871e-09, 2.99368396739e-09, 2.60702237576e-09, 2.11017092688e-09, 3.57867424583e-09, 5.52233236917e-09, 6.08787154022e-09, 4.65479166323e-09, 3.00571612044e-09, 2.70299871374e-09, 2.750759176e-09, 1.36115385629e-09, 8.15930711884e-10, 7.04160996179e-09, 2.45448621428e-08, 4.45593464349e-08, 5.38387254778e-08, 4.93806737722e-08, 3.71731800897e-08, 3.58140184176e-08, 7.90667940009e-08, 2.03329108217e-07, 3.79349359036e-07, 4.37000664988e-07, 1.665478635e-07, 2.15426837258e-07, 6.12506653397e-07, 3.13241031336e-07, 2.50867969953e-07, 1.23261742146e-07, 7.33046050527e-08, 6.20163476128e-08, 4.47555308369e-08, 1.62901727663e-08, 2.67102451268e-09, 1.51118548786e-08, 3.86028382593e-08, 5.10388602493e-08, 4.21034158649e-08, 2.22357012802e-08, 1.06426689683e-08, 3.11746859438e-08, 8.80326780361e-08, 1.23328376844e-07, 9.51681116135e-08, 5.04793824518e-08, 3.03550997671e-08, 2.35028991824e-08, 1.73527077152e-08, 9.67805746654e-09, 4.69959005045e-09, 9.32731492043e-09, 1.3709819946e-08, 6.46406039806e-09, 8.01373412074e-10, 1.07633357782e-09, 3.3160721391e-10, 3.97609889458e-10, 3.24583110389e-10, 3.03522762479e-10, 6.66123323168e-10, 2.88340046284e-10, 7.08320901932e-11, 7.12625458643e-10, 2.2443686909e-09, 1.18844134533e-09, 2.84543544282e-09, 3.36225913777e-09, 4.70603944702e-10, 2.15323522901e-10, 1.43440218037e-10, 1.94150737154e-10, 5.46837630733e-10, 2.83244760979e-10, 1.84755391541e-10, 3.31900923412e-10, 4.65036099906e-11, 6.16669606004e-12, 8.12222945151e-12, 7.43543161069e-12, 3.97742342534e-12, 4.71453605322e-12, 5.59797217262e-12, 4.49201006253e-12, 2.85140921291e-12, 3.60746588851e-12, 4.88670258772e-12, 2.31380474676e-12, 2.44813522753e-12, 1.64593198012e-12, 2.65495915183e-12, 1.7967589222e-12, 2.83746897506e-12, 1.76028527692e-12, 4.061875402e-12, 2.73115991628e-12, 3.53460858672e-12, 2.26327637187e-12, 2.1295443707e-12, 1.66105985303e-12, 9.9705335134e-13, 2.11714716938e-12, 1.31104686569e-12, 1.60907897249e-12, 1.45550065056e-12, 1.06167700499e-12, 9.65529522653e-13, 1.34571726592e-12, 1.45748896892e-12, 1.382647794e-12, 1.19971469825e-12, 1.3047327975e-12, 1.0256114534e-12, 1.06113620495e-12, 1.28817139247e-12, 9.99870217004e-13, 1.26981996966e-12, 9.39907982174e-13, 1.07020295403e-12, 1.03762311243e-12, 1.1156982456e-12, 1.11723445165e-12, 8.17629926438e-13, 3.3392898364e-13, 4.28143780737e-14, 2.11748644165e-15],
        "stdev": [6.60592850181e-05, 0.000260644592345, 0.000427514489274, 0.000383564009098, 0.000358447636245, 0.000250772020081, 0.000148297098349, 0.000138081682962, 0.000203914343729, 0.000430824118666, 0.00020529590256, 8.84856199264e-05, 0.000171267834958, 6.13566880929e-05, 0.000187369325431, 0.000349886744516, 0.000251423625741, 0.000871561816894, 0.000307021691697, 4.47129496024e-05, 7.79073379817e-05, 0.000173171734787, 0.000312276533805, 0.000884099223185, 0.000933160306886, 0.00121145299636, 0.00188242318109, 0.00219391658902, 0.00151608209126, 0.000692428380717, 0.000598461076152, 0.000439857714809, 0.000166063138749, 0.000156167297973, 0.000109646862256, 7.70904953242e-05, 8.49771604408e-05, 6.82115132804e-05, 7.90623525972e-05, 7.35712092137e-05, 0.000107782107079, 0.000110042172309, 8.43549714773e-05, 0.000102937876363, 6.65321858833e-05, 6.64511389914e-05, 5.09104029334e-05, 3.11466319545e-05, 3.22183223034e-05, 3.44652362401e-05, 2.20760430238e-05, 1.80702991202e-05, 1.5966803403e-05, 1.75991026481e-05, 1.86928191397e-05, 1.5979681848e-05, 1.97257922991e-05, 2.16557637032e-05, 1.74571232492e-05, 1.70045714185e-05, 1.3059736375e-05, 1.54630924953e-05, 7.05593902239e-06, 7.49803029976e-06, 4.49711660622e-06, 3.14640510624e-06, 2.82346923086e-06, 2.35373045143e-06, 3.20312574331e-06, 3.77413630304e-06, 2.58884733739e-06, 2.01509965336e-06, 2.15559111894e-06, 1.98315501621e-06, 1.39438691349e-06, 1.34062258894e-06, 1.12428472221e-06, 1.03770457827e-06, 9.16900091852e-07, 8.80227844391e-07, 9.13656947432e-07, 8.53167477999e-07, 7.31913246454e-07, 5.11148130045e-07, 4.804307423e-07, 4.7356502364e-07, 4.06360499028e-07, 4.63733016431e-07, 5.02169257288e-07, 4.07971043614e-07, 2.95566110253e-07, 2.66580855168e-07, 2.4998206527e-07, 2.48575730666e-07, 2.6565496114e-07, 2.28472046615e-07, 2.01208976591e-07, 1.65083022807e-07, 1.89840250187e-07, 1.6006337944e-07, 1.2101473601e-07, 1.16467511191e-07, 1.54305084266e-07, 1.65863269785e-07, 1.19179979663e-07, 7.87385090462e-08, 6.90685197924e-08, 5.78006620344e-08, 4.77181814063e-08, 3.10091401445e-08, 4.37064002767e-08, 4.0872588869e-08, 2.70992632778e-08, 2.57027519268e-08, 2.20845528531e-08, 1.36261348871e-08, 5.45220624204e-09, 1.62861224506e-09, 1.11753155341e-10, 1.08674548527e-10, 1.05780204041e-10, 1.02319659689e-10, 1.005591721e-10, 9.89075626956e-11, 9.74727798475e-11, 9.65810695308e-11, 9.51536766047e-11, 9.47269554463e-11]
    },
    "mfcc": {
        "mean": [-707.808532715, 149.470352173, -55.6392288208, -12.2918767929, -21.9967098236, -6.8436832428, -8.83024120331, 3.98499250412, 6.87924098969, 5.34874200821, -1.8136818409, -6.65194225311, -8.64298915863],
        "cov": [[4689.52148438, -3215.69165039, -344.618499756, -1340.11682129, -593.381591797, -34.7771186829, 269.829284668, 552.63470459, 306.200531006, 158.8568573, 174.678405762, -114.651107788, -211.564544678], [-3215.69165039, 4370.20019531, 771.821655273, 1897.91442871, 600.985595703, 250.523422241, -63.1639289856, -334.658905029, -179.586532593, -70.2384872437, -52.4052314758, 86.9841079712, 188.966629028], [-344.618499756, 771.821655273, 383.895996094, 363.608978271, 70.6832885742, 93.6228179932, -32.9252815247, -44.2908401489, -43.8081665039, -3.86456155777, 3.77644062042, -30.0414276123, 28.3778133392], [-1340.11682129, 1897.91442871, 363.608978271, 948.386962891, 247.702667236, 150.878997803, -56.9761428833, -137.722473145, -89.4848175049, -40.6360931396, -19.2680530548, 15.2834024429, 92.0883789062], [-593.381591797, 600.985595703, 70.6832885742, 247.702667236, 263.771789551, 13.176733017, 49.760925293, -67.5485305786, -14.3562660217, 11.5238666534, -27.2134933472, 94.6134185791, 18.3345508575], [-34.7771186829, 250.523422241, 93.6228179932, 150.878997803, 13.176733017, 135.106246948, -6.43719005585, 46.6949729919, 6.69322967529, 12.2157669067, 23.1617469788, -30.4863109589, 23.0664730072], [269.829284668, -63.1639289856, -32.9252815247, -56.9761428833, 49.760925293, -6.43719005585, 166.472381592, 39.6194992065, 70.926361084, 30.3629570007, 9.56232261658, 28.4216175079, -34.648475647], [552.63470459, -334.658905029, -44.2908401489, -137.722473145, -67.5485305786, 46.6949729919, 39.6194992065, 164.461486816, 54.8472061157, 47.7002487183, 37.3784713745, -11.9623212814, -18.9352092743], [306.200531006, -179.586532593, -43.8081665039, -89.4848175049, -14.3562660217, 6.69322967529, 70.926361084, 54.8472061157, 96.2337646484, 27.0709400177, 30.0219116211, 4.57856082916, -15.547621727], [158.8568573, -70.2384872437, -3.86456155777, -40.6360931396, 11.5238666534, 12.2157669067, 30.3629570007, 47.7002487183, 27.0709400177, 82.7751235962, 13.234295845, 36.021522522, -13.6196565628], [174.678405762, -52.4052314758, 3.77644062042, -19.2680530548, -27.2134933472, 23.1617469788, 9.56232261658, 37.3784713745, 30.0219116211, 13.234295845, 73.3926467896, -4.68027067184, 13.0824832916], [-114.651107788, 86.9841079712, -30.0414276123, 15.2834024429, 94.6134185791, -30.4863109589, 28.4216175079, -11.9623212814, 4.57856082916, 36.021522522, -4.68027067184, 122.213287354, 0.697618484497], [-211.564544678, 188.966629028, 28.3778133392, 92.0883789062, 18.3345508575, 23.0664730072, -34.648475647, -18.9352092743, -15.547621727, -13.6196565628, 13.0824832916, 0.697618484497, 69.1835327148]],
        "icov": [[0.000922083854675, 0.000737806956749, -0.000739023438655, -0.00054150208598, 0.000938587472774, 0.000256207160419, -0.00112286955118, -0.00136783637572, -0.000365081185009, 6.22979423497e-05, -0.000655226933304, -0.000342794461176, 0.000615123077296], [0.000737806956749, 0.00272929109633, -0.00123208423611, -0.00427983514965, -2.08946715929e-07, 0.00093629967887, -0.00150501483586, -0.000534501450602, -0.000220855697989, -0.000217402033741, -0.000558800587896, -0.000434587273048, -0.000190882012248], [-0.000739023438655, -0.00123208423611, 0.00544639583677, 8.72920500115e-05, -0.000659108860418, -0.00183201907203, 0.00104651309084, 0.00176485278644, 0.00141283427365, -0.00147395743988, -0.000385458522942, 0.00185728457291, 0.000629273883533], [-0.00054150208598, -0.00427983514965, 8.72920500115e-05, 0.0101152379066, -0.000927604851313, -0.0038613746874, 0.00191479816567, 0.00115729554091, 0.000666108040605, 0.00118433486205, 0.000524181872606, 0.00036569670192, -0.000376993033569], [0.000938587472774, -2.08946715929e-07, -0.000659108860418, -0.000927604851313, 0.0106763904914, -0.0016197952209, -0.00447423243895, 0.000829095370136, 8.52032098919e-05, 0.000233317288803, 0.00170230492949, -0.00671915523708, -0.000116410083137], [0.000256207160419, 0.00093629967887, -0.00183201907203, -0.0038613746874, -0.0016197952209, 0.0157893169671, 0.000460576615296, -0.00664604082704, -0.000976169889327, -0.00199814839289, -0.00159011455253, 0.00462136557326, -0.00266468967311], [-0.00112286955118, -0.00150501483586, 0.00104651309084, 0.00191479816567, -0.00447423243895, 0.000460576615296, 0.0129790110514, 0.000159548275406, -0.00703612715006, -7.17054426786e-05, 0.000791361380834, 0.000906463654246, 0.00352086662315], [-0.00136783637572, -0.000534501450602, 0.00176485278644, 0.00115729554091, 0.000829095370136, -0.00664604082704, 0.000159548275406, 0.0151998614892, -0.00136545859277, -0.0044227624312, -0.000969203596469, -0.000146577192936, 0.000256088533206], [-0.000365081185009, -0.000220855697989, 0.00141283427365, 0.000666108040605, 8.52032098919e-05, -0.000976169889327, -0.00703612715006, -0.00136545859277, 0.020489025861, -0.00191472342703, -0.00514693884179, 0.00087370548863, -0.000381977471989], [6.22979423497e-05, -0.000217402033741, -0.00147395743988, 0.00118433486205, 0.000233317288803, -0.00199814839289, -7.17054426786e-05, -0.0044227624312, -0.00191472342703, 0.0193733070046, -0.000586532580201, -0.00706903776154, 0.00273621780798], [-0.000655226933304, -0.000558800587896, -0.000385458522942, 0.000524181872606, 0.00170230492949, -0.00159011455253, 0.000791361380834, -0.000969203596469, -0.00514693884179, -0.000586532580201, 0.0196302272379, -0.00122024782468, -0.0057788011618], [-0.000342794461176, -0.000434587273048, 0.00185728457291, 0.00036569670192, -0.00671915523708, 0.00462136557326, 0.000906463654246, -0.000146577192936, 0.00087370548863, -0.00706903776154, -0.00122024782468, 0.0167235136032, -0.00158929638565], [0.000615123077296, -0.000190882012248, 0.000629273883533, -0.000376993033569, -0.000116410083137, -0.00266468967311, 0.00352086662315, 0.000256088533206, -0.000381977471989, 0.00273621780798, -0.0057788011618, -0.00158929638565, 0.0214147232473]]
    },
    "spectral_contrast_coeffs": {
        "max": [-0.529581069946, -0.562228500843, -0.53608584404, -0.725435137749, -0.669481873512, -0.580128788948],
        "mean": [-0.737851262093, -0.741364955902, -0.734116435051, -0.816277384758, -0.799115359783, -0.747399032116],
        "min": [-0.938709795475, -0.908000349998, -0.906232178211, -0.917466521263, -0.876296281815, -0.897013485432],
        "stdev": [0.0546030402184, 0.0690532550216, 0.0720641091466, 0.0283805951476, 0.0273697245866, 0.0547909550369]
    },
    "spectral_contrast_valleys": {
        "max": [-6.14708423615, -5.29550886154, -5.05192279816, -5.92532873154, -6.59053182602, -9.22673511505],
        "mean": [-8.19161224365, -6.78785324097, -6.92110061646, -7.32286834717, -8.19376373291, -11.820731163],
        "min": [-11.6137838364, -9.92322254181, -9.86394023895, -9.90770339966, -11.7476739883, -15.4873542786],
        "stdev": [1.09537553787, 0.491246938705, 0.827128827572, 0.758380591869, 0.929678738117, 1.81425869465]
    }
},
"rhythm": {
    "beats_count": 24,
    "beats_loudness": {
        "max": 0.0738306045532,
        "mean": 0.0159238539636,
        "min": 0.00131971528754,
        "stdev": 0.0180064979941
    },
    "bpm": 129.199234009,
    "bpm_histogram_first_peak_bpm": 129,
    "bpm_histogram_first_peak_weight": 0,
    "bpm_histogram_second_peak_bpm": 120,
    "bpm_histogram_second_peak_spread": 0.285714268684,
    "bpm_histogram_second_peak_weight": 0.217391297221,
    "danceability": 0.811999976635,
    "onset_rate": 1.80259752274,
    "beats_loudness_band_ratio": {
        "max": [0.723391354084, 0.751488029957, 0.763461172581, 0.59440690279, 0.339323163033, 0.0420084111392],
        "mean": [0.0907215252519, 0.117800325155, 0.428357601166, 0.319426089525, 0.102631174028, 0.0135826738551],
        "min": [0.000391951587517, 0.00299460394308, 0.0778516680002, 0.0380312204361, 0.0106602311134, 0.000436328962678],
        "stdev": [0.163158118725, 0.17730678618, 0.201876431704, 0.19968110323, 0.0955152884126, 0.0117979384959]
    },
    "beats_position": [0.49922901392, 0.99845802784, 1.50929701328, 2.00852608681, 2.50775504112, 3.00698399544, 3.50621318817, 4.01705217361, 4.53950119019, 5.06195020676, 5.58439922333, 6.04879808426, 6.51319694519, 6.97759628296, 7.44199514389, 7.90639448166, 8.37079334259, 8.91646194458, 9.46213150024, 9.99619007111, 10.5302495956, 11.0759181976, 11.6099767685, 12.144036293],
