{
"metadata": {
    "version": {
        "essentia": "2.1-beta5",
        "essentia_git_sha": "Undefined",
        "extractor": "music 2.0"
    },
    "audio_properties": {
        "analysis": {
            "equal_loudness": 0,
            "length": 32.4963264465,
            "sample_rate": 44100,
            "start_time": 93.9943771362,
            "downmix": "mix"
        },
        "bit_rate": 192000,
        "length": 192.447006226,
        "lossless": 0,
        "number_channels": 2,
        "replay_gain": -0.138036727905,
        "sample_rate": 48000,
        "codec": "mp3",
        "md5_encoded": "598e47ce64d02686e75b6bce4031c817"
    },
    "tags": {
        "file_name": "Greece_This is Love_Demy.mp3",
        "encoding": ["Lavf58.29.100"]
    }
},
"lowlevel": {
    "average_loudness": 0.942030727863,
    "barkbands_crest": {
        "max": 24.8326225281,
        "mean": 11.5972356796,
        "min": 3.2415831089,
        "stdev": 4.00305891037
    },
    "barkbands_flatness_db": {
        "max": 0.454277306795,
        "mean": 0.152803137898,
        "min": 0.0375916995108,
        "stdev": 0.0526822134852
    },
    "barkbands_kurtosis": {
        "max": 42.7870635986,
        "mean": 4.00024604797,
        "min": -1.70652508736,
        "stdev": 5.88617038727
    },
    "barkbands_skewness": {
        "max": 6.131316185,
        "mean": 1.64883065224,
        "min": -1.25771319866,
        "stdev": 1.13177585602
    },
    "barkbands_spread": {
        "max": 99.0637207031,
        "mean": 21.7704772949,
        "min": 1.89661085606,
        "stdev": 12.6904115677
    },
    "dissonance": {
        "max": 0.49999666214,
        "mean": 0.460595935583,
        "min": 0.310129731894,
        "stdev": 0.0267935954034
    },
    "dynamic_complexity": 2.66366195679,
    "erbbands_crest": {
        "max": 29.6584320068,
        "mean": 10.1982717514,
        "min": 2.78867936134,
        "stdev": 4.87216424942
    },
    "erbbands_flatness_db": {
        "max": 0.34490019083,
        "mean": 0.15572437644,
        "min": 0.0602438375354,
        "stdev": 0.0478137619793
    },
    "erbbands_kurtosis": {
        "max": 26.6320743561,
        "mean": 0.760361671448,
        "min": -1.51833200455,
        "stdev": 2.16684532166
    },
    "erbbands_skewness": {
        "max": 3.86288022995,
        "mean": 0.296093970537,
        "min": -1.9315994978,
        "stdev": 0.624848484993
    },
    "erbbands_spread": {
        "max": 107.592437744,
        "mean": 34.7735671997,
        "min": 2.84348154068,
        "stdev": 19.5551261902
    },
    "hfc": {
        "max": 105.085189819,
        "mean": 22.4486675262,
        "min": 0.984310626984,
        "stdev": 16.6929664612
    },
    "loudness_ebu128": {
        "integrated": -22.8857250214,
        "loudness_range": 3.69790267944,
        "momentary": {
            "max": -19.6803951263,
            "mean": -23.3268642426,
            "min": -29.7971382141,
            "stdev": 2.07698869705
        },
        "short_term": {
            "max": -20.6282196045,
            "mean": -23.1250610352,
            "min": -26.0753593445,
            "stdev": 1.25171303749
        }
    },
    "melbands_crest": {
        "max": 36.9014930725,
        "mean": 18.4077892303,
        "min": 4.98608493805,
        "stdev": 7.15463781357
    },
    "melbands_flatness_db": {
        "max": 0.549858987331,
        "mean": 0.223921954632,
        "min": 0.0879938080907,
        "stdev": 0.058758802712
    },
    "melbands_kurtosis": {
        "max": 167.492523193,
        "mean": 13.4192752838,
        "min": -1.63687694073,
        "stdev": 17.2557544708
    },
    "melbands_skewness": {
        "max": 11.2700567245,
        "mean": 2.75029373169,
        "min": -0.724336266518,
        "stdev": 1.74898564816
    },
    "melbands_spread": {
        "max": 64.9790649414,
        "mean": 20.2482814789,
        "min": 1.5266443491,
        "stdev": 10.9770851135
    },
    "pitch_salience": {
        "max": 0.852995336056,
        "mean": 0.454894840717,
        "min": 0.114766731858,
        "stdev": 0.119893334806
    },
    "silence_rate_20dB": {
        "max": 1,
        "mean": 1,
        "min": 1,
        "stdev": 0
    },
    "silence_rate_30dB": {
        "max": 1,
        "mean": 0.985724508762,
        "min": 0,
        "stdev": 0.11862475425
    },
    "silence_rate_60dB": {
        "max": 1,
        "mean": 0.00142755173147,
        "min": 0,
        "stdev": 0.0377559103072
    },
    "spectral_centroid": {
        "max": 3660.35571289,
        "mean": 1313.01721191,
        "min": 430.058502197,
        "stdev": 486.014526367
    },
    "spectral_complexity": {
        "max": 45,
        "mean": 18.364025116,
        "min": 3,
        "stdev": 7.21082210541
    },
    "spectral_decrease": {
        "max": -4.46665371356e-10,
        "mean": -1.04620516694e-08,
        "min": -4.48002808184e-08,
        "stdev": 6.73538336216e-09
    },
    "spectral_energy": {
        "max": 0.170808658004,
        "mean": 0.0415223799646,
        "min": 0.00181350030471,
        "stdev": 0.026310544461
    },
    "spectral_energyband_high": {
        "max": 0.00850656721741,
        "mean": 0.000609084032476,
        "min": 1.10099756512e-06,
        "stdev": 0.000843544490635
    },
    "spectral_energyband_low": {
        "max": 0.151401937008,
        "mean": 0.022261518985,
        "min": 0.000295790960081,
        "stdev": 0.0204088855535
    },
    "spectral_energyband_middle_high": {
        "max": 0.0689472183585,
        "mean": 0.00786443985999,
        "min": 0.000144960809848,
        "stdev": 0.00894088950008
    },
    "spectral_energyband_middle_low": {
        "max": 0.0799598172307,
        "mean": 0.0105915712193,
        "min": 0.00039074596134,
        "stdev": 0.00938931386918
    },
    "spectral_entropy": {
        "max": 8.7131986618,
        "mean": 7.58870840073,
        "min": 6.4195356369,
        "stdev": 0.362569451332
    },
    "spectral_flux": {
        "max": 0.332027077675,
        "mean": 0.11004383862,
        "min": 0.012765894644,
        "stdev": 0.0515037849545
    },
    "spectral_kurtosis": {
        "max": 29.3320121765,
        "mean": 4.92587089539,
        "min": -0.772317647934,
        "stdev": 3.09725189209
    },
    "spectral_rms": {
        "max": 0.0129090119153,
        "mean": 0.00605365773663,
        "min": 0.00133013853338,
        "stdev": 0.00196542055346
    },
    "spectral_rolloff": {
        "max": 9754.54101562,
        "mean": 1027.58398438,
        "min": 43.06640625,
        "stdev": 1128.09179688
    },
    "spectral_skewness": {
        "max": 3.36513185501,
        "mean": 1.65585708618,
        "min": 0.530742287636,
        "stdev": 0.448664367199
    },
    "spectral_spread": {
        "max": 14071781,
        "mean": 4544977,
        "min": 1364347.125,
        "stdev": 1785216.5
    },
    "spectral_strongpeak": {
        "max": 9.60848140717,
        "mean": 0.76317435503,
        "min": 0,
        "stdev": 1.22299695015
    },
    "zerocrossingrate": {
        "max": 0.24560546875,
        "mean": 0.0478156656027,
        "min": 0.00439453125,
        "stdev": 0.0264635980129
    },
    "barkbands": {
        "max": [0.0463291183114, 0.14194765687, 0.0314205773175, 0.0146083682775, 0.0309793651104, 0.0250057671219, 0.0588063858449, 0.0313037075102, 0.0666480138898, 0.0329411886632, 0.0430800169706, 0.0265053343028, 0.0326896570623, 0.0294845178723, 0.0171283818781, 0.0148480990902, 0.00952354539186, 0.00519182300195, 0.00478147668764, 0.0021716656629, 0.000731275766157, 0.00150793022476, 0.00198213802651, 0.00263032712974, 0.00315212388523, 0.000674778711982, 3.71720234398e-05],
        "mean": [0.0043912306428, 0.0161696001887, 0.00228022458032, 0.000818563159555, 0.00204260786995, 0.00182481051888, 0.00141615129542, 0.00107186532114, 0.00264736451209, 0.00148075062316, 0.00195333361626, 0.000560403452255, 0.000997796305455, 0.000831640791148, 0.000805936288089, 0.000521009555086, 0.000364225736121, 0.000345726497471, 0.000265171489445, 0.000228154051001, 8.74257166288e-05, 7.55783185014e-05, 0.000101238169009, 0.000109133943624, 0.000102453726868, 2.88574010483e-05, 1.16111857551e-06],
        "min": [2.78127572528e-07, 1.66680219991e-05, 4.91024729854e-06, 2.13153725781e-06, 1.57485847012e-05, 7.36157107895e-06, 6.99457723385e-06, 4.52489666714e-06, 1.64084212884e-05, 7.8881121226e-06, 4.50159632237e-06, 5.03930368723e-06, 7.58243504606e-06, 3.49191327587e-06, 4.81889946968e-06, 6.09397147855e-06, 4.4013081606e-06, 1.9652429728e-06, 1.04874459339e-06, 1.11271140213e-06, 2.38214479253e-08, 2.29293739551e-09, 1.48735113115e-09, 2.42023873165e-10, 3.34486938147e-10, 1.58606031087e-10, 1.56828480757e-10],
        "stdev": [0.00662183668464, 0.0168797131628, 0.0037148531992, 0.00152584444731, 0.00311902351677, 0.00270808278583, 0.0037687132135, 0.00289629749022, 0.00538152083755, 0.00291662965901, 0.00394701818004, 0.00161472405307, 0.00265586306341, 0.0018861182034, 0.00165551144164, 0.00110645068344, 0.000720244483091, 0.000527517055161, 0.000392317102524, 0.000299871579045, 0.000107698338979, 0.00010701330757, 0.000156190624693, 0.000244187540375, 0.000259611086221, 6.20782375336e-05, 2.94480628327e-06]
    },
    "erbbands": {
        "max": [6.8427400589, 28.2726802826, 40.021572113, 41.4442214966, 43.9241256714, 153.834594727, 184.858444214, 215.728378296, 655.274658203, 665.760620117, 1073.19506836, 2102.81689453, 1161.22729492, 1197.0123291, 1889.52429199, 416.505279541, 1510.14880371, 1038.71142578, 1418.85009766, 693.603637695, 945.0859375, 293.990203857, 252.734939575, 361.444793701, 138.97088623, 119.701194763, 46.5971908569, 29.923002243, 51.2556877136, 43.2788314819, 65.828918457, 64.1558685303, 40.4946327209, 46.4888763428, 25.6609783173, 5.27179861069, 0.781658351421, 0.106750510633, 0.0073565421626, 0.000245393399382],
        "mean": [0.63924986124, 2.89901614189, 3.50003933907, 2.55470538139, 3.46327471733, 8.24439144135, 11.8635864258, 15.8356657028, 17.226890564, 25.9607429504, 25.4837245941, 64.9735336304, 57.4182014465, 42.8072738647, 81.6558990479, 23.4971313477, 47.5755996704, 38.8746833801, 48.6428985596, 37.6724128723, 27.5987854004, 17.6243152618, 16.7461433411, 18.4536514282, 12.0699167252, 11.5338439941, 5.04465389252, 2.89138936996, 2.6095495224, 2.76371240616, 2.95428442955, 2.52187371254, 1.66863977909, 1.22918117046, 0.673119723797, 0.175079360604, 0.0464730486274, 0.00691439351067, 0.000233633851167, 5.63087705814e-05],
        "min": [0.000805408344604, 0.0187187977135, 0.044201977551, 0.0304862745106, 0.0191148687154, 0.0618067085743, 0.0453306771815, 0.13509708643, 0.0618873760104, 0.206923380494, 0.252725929022, 0.386783868074, 0.495836079121, 0.262408614159, 0.57976013422, 0.313130110502, 0.39321193099, 0.419339686632, 0.377197891474, 0.43359670043, 0.360353469849, 0.251575618982, 0.136734992266, 0.0686254277825, 0.0560850165784, 0.0569610334933, 0.0193154886365, 0.00144504685886, 0.000439849827671, 0.000172198197106, 0.000129645588459, 2.6123070711e-05, 9.97471306619e-06, 7.47682588553e-06, 5.93817594563e-06, 2.47931916419e-06, 1.3199417026e-06, 2.75833087926e-07, 1.42565340866e-06, 3.23273093272e-06],
        "stdev": [0.842899143696, 3.13996815681, 4.72024536133, 4.59906435013, 4.28043174744, 14.1632509232, 19.9585285187, 22.278585434, 42.0272827148, 61.5326385498, 74.6741943359, 145.830108643, 105.670204163, 89.4254608154, 168.086486816, 43.7912025452, 125.828933716, 82.0854644775, 109.927192688, 74.330909729, 60.0126457214, 30.3401565552, 23.5777168274, 27.5738353729, 15.6113529205, 15.5320940018, 6.23510932922, 3.599848032, 3.64799284935, 3.92550230026, 4.70321178436, 5.31257724762, 4.05413293839, 3.24767565727, 1.72447454929, 0.453348010778, 0.0838844105601, 0.011052262038, 0.000521871144883, 3.53649920726e-05]
    },
    "gfcc": {
        "mean": [15.1324615479, 102.26915741, -116.137771606, 32.070224762, -49.9088821411, 25.9148159027, -29.5149917603, 19.7087955475, -16.1464195251, 5.02448987961, -6.90442180634, 1.50138711929, -2.69690012932],
        "cov": [[2950.65527344, -1480.51660156, 308.328338623, -200.008087158, -167.074386597, 200.343170166, -337.077331543, 407.604187012, -347.958099365, 273.550415039, -210.115509033, 151.31968689, -203.799514771], [-1480.51660156, 1349.22631836, -480.801025391, -37.8044548035, 200.11819458, -231.826446533, 301.623260498, -271.53414917, 213.735809326, -213.799911499, 199.242858887, -162.044158936, 114.712409973], [308.328338623, -480.801025391, 584.10760498, 88.6440124512, -115.742378235, 84.2260437012, -166.555053711, 75.3988952637, -62.5128250122, 117.841201782, -127.110603333, 109.399589539, -53.4965400696], [-200.008087158, -37.8044548035, 88.6440124512, 384.345031738, -76.0262527466, 33.0043678284, -4.760658741, -36.8007011414, 102.301872253, -23.9315319061, 35.6086235046, -0.319576382637, 77.0556640625], [-167.074386597, 200.11819458, -115.742378235, -76.0262527466, 295.317443848, -46.233631134, 92.9642181396, -14.1006755829, 31.0314674377, -0.862835526466, 10.7528867722, 0.576423227787, -1.61247527599], [200.343170166, -231.826446533, 84.2260437012, 33.0043678284, -46.233631134, 209.200180054, 8.41792869568, 42.1064300537, -51.3196334839, 37.578453064, 29.4531974792, 5.36969709396, 10.3429002762], [-337.077331543, 301.623260498, -166.555053711, -4.760658741, 92.9642181396, 8.41792869568, 261.60635376, -34.5268058777, 61.1042518616, -41.8831939697, 94.8318405151, -33.0570869446, 32.2377433777], [407.604187012, -271.53414917, 75.3988952637, -36.8007011414, -14.1006755829, 42.1064300537, -34.5268058777, 192.861206055, 7.10073471069, 42.0612411499, -32.7718086243, 45.3306236267, -3.0387942791], [-347.958099365, 213.735809326, -62.5128250122, 102.301872253, 31.0314674377, -51.3196334839, 61.1042518616, 7.10073471069, 207.157058716, -38.7377624512, 33.4685173035, -19.8056087494, 59.4804916382], [273.550415039, -213.799911499, 117.841201782, -23.9315319061, -0.862835526466, 37.578453064, -41.8831939697, 42.0612411499, -38.7377624512, 136.834960938, -5.00227069855, 38.7080917358, -33.2050476074], [-210.115509033, 199.242858887, -127.110603333, 35.6086235046, 10.7528867722, 29.4531974792, 94.8318405151, -32.7718086243, 33.4685173035, -5.00227069855, 185.965560913, -12.3300867081, 68.0683135986], [151.31968689, -162.044158936, 109.399589539, -0.319576382637, 0.576423227787, 5.36969709396, -33.0570869446, 45.3306236267, -19.8056087494, 38.7080917358, -12.3300867081, 106.40058136, 9.85310649872], [-203.799514771, 114.712409973, -53.4965400696, 77.0556640625, -1.61247527599, 10.3429002762, 32.2377433777, -3.0387942791, 59.4804916382, -33.2050476074, 68.0683135986, 9.85310649872, 114.317993164]],
        "icov": [[0.00109059992246, 0.000878408842254, 0.00058034597896, 2.1681547878e-05, 7.07119252183e-05, 0.000224610193982, 0.00025070385891, -0.00122411898337, 0.00083409313811, -0.000533166283276, -0.000104236300103, 5.33038910362e-05, 0.000665844243485], [0.000878408842254, 0.0046848305501, -0.00016962326481, 0.00179560109973, -0.000943955034018, 0.00311215594411, -0.00157427450176, 0.00249851983972, -0.00143267901149, 0.00213470868766, -0.0025778664276, 0.00316430698149, -0.00158154778183], [0.00058034597896, -0.00016962326481, 0.00425639841706, -0.00131373107433, 0.000977835734375, -0.00163359032013, 0.00114257214591, -0.000948012573645, 0.000524236820638, -0.00258738570847, 0.00242469203658, -0.00346808554605, 0.00172723259311], [2.1681547878e-05, 0.00179560109973, -0.00131373107433, 0.0049960045144, 0.000303751672618, 0.000474109954666, -0.000534150807653, 0.00290608569048, -0.00307340477593, 0.00150080001913, -0.00130350841209, 0.00163808150683, -0.00288618984632], [7.07119252183e-05, -0.000943955034018, 0.000977835734375, 0.000303751672618, 0.0047578974627, -0.000272910285275, -0.0010829269886, -0.000456066423794, -0.000119684867968, -0.00181845214684, 0.00162564159837, -0.00191008218098, 0.000441943091573], [0.000224610193982, 0.00311215594411, -0.00163359032013, 0.000474109954666, -0.000272910285275, 0.00931514333934, -0.00261000008322, 0.000206024385989, 0.00150461029261, 0.000765658041928, -0.00324830412865, 0.00463112583384, -0.00293712713756], [0.00025070385891, -0.00157427450176, 0.00114257214591, -0.000534150807653, -0.0010829269886, -0.00261000008322, 0.00712020229548, -0.0013856732985, -0.000448495440651, 8.12450161902e-05, -0.00141141656786, -0.00148209300824, 0.00232259440236], [-0.00122411898337, 0.00249851983972, -0.000948012573645, 0.00290608569048, -0.000456066423794, 0.000206024385989, -0.0013856732985, 0.0116561846808, -0.00499600404873, 0.00144428818021, -0.000431241875049, -9.01358289411e-05, -0.0031328573823], [0.00083409313811, -0.00143267901149, 0.000524236820638, -0.00307340477593, -0.000119684867968, 0.00150461029261, -0.000448495440651, -0.00499600404873, 0.0100499950349, -0.00155605189502, 0.00124458409846, 0.000706830003764, -0.0013856528094], [-0.000533166283276, 0.00213470868766, -0.00258738570847, 0.00150080001913, -0.00181845214684, 0.000765658041928, 8.12450161902e-05, 0.00144428818021, -0.00155605189502, 0.0134585825726, -0.00492318999022, 9.0775283752e-05, 0.00224800058641], [-0.000104236300103, -0.0025778664276, 0.00242469203658, -0.00130350841209, 0.00162564159837, -0.00324830412865, -0.00141141656786, -0.000431241875049, 0.00124458409846, -0.00492318999022, 0.0118486657739, -0.00262775574811, -0.00378852384165], [5.33038910362e-05, 0.00316430698149, -0.00346808554605, 0.00163808150683, -0.00191008218098, 0.00463112583384, -0.00148209300824, -9.01358289411e-05, 0.000706830003764, 9.0775283752e-05, -0.00262775574811, 0.0174275301397, -0.00611650524661], [0.000665844243485, -0.00158154778183, 0.00172723259311, -0.00288618984632, 0.000441943091573, -0.00293712713756, 0.00232259440236, -0.0031328573823, -0.0013856528094, 0.00224800058641, -0.00378852384165, -0.00611650524661, 0.0179658960551]]
    },
    "melbands": {
        "max": [0.046103078872, 0.022752976045, 0.00617068912834, 0.00511593837291, 0.00724127329886, 0.00524225225672, 0.0113832456991, 0.00666012009606, 0.00985344685614, 0.0126738883555, 0.00595109164715, 0.00495799491182, 0.00696719810367, 0.00329094729386, 0.00304271257482, 0.00360074196942, 0.00224092672579, 0.00269604148343, 0.000834936683532, 0.000750556006096, 0.00113570108078, 0.000466201308882, 0.000347434077412, 0.000299217848806, 0.000338839454344, 0.000149370040162, 8.89050716069e-05, 8.98827420315e-05, 4.04441125283e-05, 2.87963739538e-05, 2.16238440771e-05, 2.58093696175e-05, 3.66854656022e-05, 1.92809620785e-05, 2.92812201224e-05, 5.2398761909e-05, 3.83944607165e-05, 3.48330941051e-05, 3.14628014166e-05, 4.30954169133e-05],
        "mean": [0.00529906479642, 0.00246220361441, 0.000471969484352, 0.000405138591304, 0.00043710655882, 0.000349218054907, 0.000272298813798, 0.00027447231696, 0.000236691412283, 0.000410799169913, 0.000273795041721, 0.00015397957759, 0.000291579053737, 9.02408719412e-05, 7.45040233596e-05, 9.46621221374e-05, 7.20392345102e-05, 8.34205129649e-05, 5.07304503117e-05, 4.2866129661e-05, 3.20149520121e-05, 1.87291116163e-05, 1.58789662237e-05, 1.65380115504e-05, 1.49553388837e-05, 8.84602286533e-06, 8.4687017079e-06, 7.3220280683e-06, 3.45026592186e-06, 1.97531744561e-06, 1.59350599915e-06, 1.44202670072e-06, 1.50825030687e-06, 1.54572330757e-06, 1.6856035927e-06, 1.67728001088e-06, 1.50258790654e-06, 1.17743593364e-06, 1.079453682e-06, 1.01976434053e-06],
        "min": [4.57777741758e-06, 3.88048574678e-05, 4.08656796935e-06, 3.03583510686e-06, 1.8793102754e-06, 2.81444431494e-06, 1.02362469079e-06, 2.29964189202e-06, 1.31812566906e-06, 2.68156418315e-06, 2.11003975892e-06, 8.37831919398e-07, 1.25782196392e-06, 9.56340045377e-07, 6.9092970989e-07, 5.35349158781e-07, 3.51320835534e-07, 5.16910461101e-07, 3.53516156792e-07, 4.69456864494e-07, 3.593052611e-07, 2.70366115274e-07, 1.22238759559e-07, 1.00148206172e-07, 4.57818636335e-08, 3.28205871369e-08, 3.8686422954e-08, 3.83677303262e-08, 5.40229150303e-09, 3.96109839373e-10, 7.80336281703e-11, 6.33018013008e-11, 3.43234676792e-11, 4.35530743415e-11, 2.67844201679e-11, 4.7676159895e-12, 2.79627427983e-12, 3.61607748953e-12, 2.95516931238e-12, 2.9818276754e-12],
        "stdev": [0.00600032042712, 0.00268783723004, 0.000727498554625, 0.000542150810361, 0.000703696510755, 0.000496766064316, 0.000707686296664, 0.000633520423435, 0.000689759559464, 0.000886724679731, 0.000529799901415, 0.00035509862937, 0.000599907012656, 0.000233072656556, 0.000186986813787, 0.000270529038971, 0.000174885964952, 0.000202434326638, 9.44683197304e-05, 8.5666848463e-05, 7.8199453128e-05, 3.59821133316e-05, 2.75057063845e-05, 2.63928686763e-05, 2.37968724832e-05, 1.24603266158e-05, 1.13634096124e-05, 1.04626769826e-05, 4.83382791572e-06, 2.83547433355e-06, 2.14710053115e-06, 2.05189166991e-06, 2.3351838081e-06, 2.22897051572e-06, 2.54807468991e-06, 3.34415403813e-06, 3.3413436995e-06, 2.92006552627e-06, 2.77459139397e-06, 2.78644142782e-06]
    },
    "melbands128": {
        "max": [0.0361471362412, 0.0710419937968, 0.0679216310382, 0.039835523814, 0.0280419290066, 0.0129347220063, 0.00978399906307, 0.00595514615998, 0.00423982040957, 0.00789715442806, 0.0118083134294, 0.0145662222058, 0.00784175563604, 0.0107537163422, 0.00639957375824, 0.0118711069226, 0.0080655477941, 0.0188920423388, 0.0195918567479, 0.0127102546394, 0.0102303791791, 0.0117924641818, 0.0151660330594, 0.016764678061, 0.0245036799461, 0.0112540293485, 0.00850561819971, 0.0113858114928, 0.0071134432219, 0.00709649454802, 0.00799782760441, 0.00480405054986, 0.0129729835317, 0.00965210609138, 0.00829855818301, 0.00172072590794, 0.00232917186804, 0.00272065866739, 0.00754802394658, 0.00690204324201, 0.00638156337664, 0.00183119659778, 0.00263307546265, 0.00405514799058, 0.00688046962023, 0.00598755478859, 0.00295694801025, 0.00134587008506, 0.00235734321177, 0.00201027700678, 0.000986290047877, 0.00130539410748, 0.00202782871202, 0.00181416620035, 0.00163296144456, 0.000562768429518, 0.000406580074923, 0.000881848565768, 0.000390238797991, 0.000276621198282, 0.000429612147855, 0.000491944956593, 0.000754687061999, 0.000387834210414, 0.000196979177417, 0.000208027049666, 0.00013890201808, 0.000187934521819, 0.000101609351987, 0.000289377727313, 0.000179415903403, 0.000110551118269, 9.68167369138e-05, 7.88228280726e-05, 4.57316746179e-05, 4.95552885695e-05, 3.89885171899e-05, 1.82632957149e-05, 2.93187968055e-05, 4.55086228612e-05, 2.30689238379e-05, 2.89971012535e-05, 3.76717835024e-05, 4.03761259804e-05, 3.60017329513e-05, 2.34327726503e-05, 2.68564217549e-05, 3.08192393277e-05, 2.48235355684e-05, 5.85439738643e-05, 6.21388753643e-05, 4.48602513643e-05, 6.10819406575e-05, 3.79236953449e-05, 7.19873205526e-05, 3.78967524739e-05, 6.16129909758e-05, 3.76507086912e-05, 2.80472340819e-05, 4.44768847956e-05, 6.69345536153e-05, 4.5580065489e-05, 2.44221155299e-05, 3.61403435818e-05, 3.64666884707e-05, 5.30744910066e-05, 1.68616770679e-05, 1.74102588062e-05, 8.48060244607e-06, 7.34148716219e-06, 5.5420755416e-06, 3.86283863918e-06, 2.50161861004e-06, 2.33667537941e-06, 1.51482970523e-06, 2.20538004214e-06, 7.96479469045e-07, 4.1475504986e-07, 5.812822792e-07, 3.18300180879e-07, 1.68671292045e-07, 1.71501795876e-07, 6.00180243282e-08, 6.52603127094e-09, 6.33582253329e-09, 6.29960084098e-09, 6.2586322791e-09, 6.2331437789e-09],
        "mean": [0.00340998987667, 0.0058335242793, 0.00596283422783, 0.00457667652518, 0.00232286006212, 0.000961908022873, 0.000482189207105, 0.000413647299865, 0.000297122169286, 0.00037616249756, 0.000491829006933, 0.000484434887767, 0.000336397701176, 0.00050428143004, 0.000425810430897, 0.000219295659917, 0.000205832213396, 0.000321495259413, 0.000291195785394, 0.000323133281199, 0.000258017389569, 0.000145193102071, 0.000194652646314, 0.000341352948453, 0.000533371872734, 0.000368386536138, 0.000318871228956, 0.000343758641975, 0.000142066463013, 0.000144951758557, 0.000138431088999, 0.000197295856196, 0.000397029973101, 0.000298794038827, 0.000106767605757, 3.57660792361e-05, 3.82649595849e-05, 4.69457045256e-05, 0.000121912220493, 0.00013671295892, 8.49672360346e-05, 3.93109403376e-05, 6.62615566398e-05, 9.03597174329e-05, 8.6906409706e-05, 9.32043258217e-05, 7.03208206687e-05, 3.26495355694e-05, 5.23789494764e-05, 6.37757766526e-05, 3.72956310457e-05, 2.82507189695e-05, 2.93912871712e-05, 3.77575961465e-05, 2.95888312394e-05, 1.26072091007e-05, 1.14461190606e-05, 2.25473268074e-05, 1.40501833812e-05, 1.08866997834e-05, 1.64410830621e-05, 2.0548921384e-05, 1.97458830371e-05, 1.22846031445e-05, 9.52758546191e-06, 8.27507847134e-06, 8.75385285326e-06, 8.29210421216e-06, 7.08803372618e-06, 1.12185216494e-05, 7.88861507317e-06, 5.40661358173e-06, 4.27359600508e-06, 3.11231383421e-06, 2.46676017923e-06, 2.10308894566e-06, 1.7781102315e-06, 1.35363711706e-06, 1.71305953245e-06, 1.6633366613e-06, 1.40801898851e-06, 1.39669521104e-06, 1.37717984217e-06, 1.59623357376e-06, 1.54882218339e-06, 1.41913119478e-06, 1.64221739851e-06, 1.58825810104e-06, 1.65754897807e-06, 1.76547928277e-06, 1.77450567662e-06, 1.59206615535e-06, 1.6353577621e-06, 1.48440358316e-06, 1.50780306285e-06, 1.26339887174e-06, 1.07880157429e-06, 1.06972299818e-06, 1.07944106276e-06, 1.08688618639e-06, 1.09088932732e-06, 1.01646492112e-06, 9.19045135106e-07, 9.22493711641e-07, 8.07365779565e-07, 7.03893590526e-07, 4.90235265715e-07, 3.37821489893e-07, 2.51323740486e-07, 1.96752495185e-07, 2.02657702175e-07, 1.60844436436e-07, 1.40011366057e-07, 1.19269870424e-07, 1.01294865829e-07, 8.68769802764e-08, 3.49209052786e-08, 3.79274878171e-09, 3.64601193681e-09, 2.29707719512e-09, 2.26891883059e-09, 2.10374961895e-09, 1.03734687507e-09, 3.79238064563e-11, 1.49463445093e-11, 1.44351475218e-11, 1.4116900357e-11, 1.40197653833e-11],
        "min": [2.36446986435e-08, 2.39977293859e-06, 5.02922102896e-06, 5.30825536771e-06, 1.16319670269e-05, 2.59403759628e-06, 6.53290840091e-07, 8.29201781016e-07, 1.09988081931e-06, 6.73554495734e-07, 1.28809267608e-06, 2.90946360337e-07, 1.63140526865e-07, 5.58537635698e-07, 1.80419499429e-06, 1.14034401122e-06, 9.26080360841e-07, 2.27039350875e-07, 1.12722625545e-06, 4.11451338778e-07, 3.70607949662e-07, 6.19259878931e-07, 3.49809113231e-07, 3.579984309e-07, 1.37299241487e-06, 8.87723729193e-07, 4.5884249289e-07, 5.98222129611e-07, 7.98318922079e-07, 6.86407759076e-07, 4.78832475892e-07, 2.96319313975e-07, 3.2700495467e-07, 1.6975276651e-07, 4.59123413066e-07, 2.95652000659e-07, 2.83638570409e-07, 1.91819808038e-07, 3.51458368186e-07, 1.4225017253e-07, 1.84540496662e-07, 1.67704698129e-07, 2.05215613391e-07, 8.9579963003e-08, 1.6802277969e-07, 1.744053435e-07, 1.79099416187e-07, 1.51674640847e-07, 2.02936206506e-07, 1.36079449931e-07, 2.45412252298e-07, 2.32496020658e-07, 1.30403194021e-07, 1.66184776162e-07, 1.02275990344e-07, 8.61803570729e-08, 6.92293298243e-08, 5.29489767587e-08, 6.82089620341e-08, 1.09510928326e-07, 9.67095488136e-08, 3.15767891834e-08, 2.27318714963e-08, 3.5982999691e-08, 1.38346676337e-08, 1.90816695778e-08, 1.05892619118e-08, 1.84604296294e-08, 1.92497378038e-08, 1.12143183628e-08, 2.46499975987e-08, 1.94305354029e-08, 5.87852388989e-09, 1.67731228906e-09, 1.29128585602e-09, 2.55090309986e-10, 1.53140791714e-10, 7.22226653482e-11, 4.66745253558e-11, 1.6549693907e-11, 8.70725019864e-11, 6.4985822279e-11, 3.60142402012e-11, 2.99158614547e-11, 4.23438471786e-11, 1.6157002819e-11, 1.81022679485e-11, 1.94603742842e-11, 3.0171566634e-11, 1.03730643866e-11, 3.99919767441e-12, 2.17345455869e-12, 1.17766267658e-12, 2.20746012615e-12, 2.86154650322e-12, 3.648592279e-12, 3.8017939491e-12, 1.98500287388e-12, 9.18669220557e-13, 2.87896464481e-12, 2.51807060446e-12, 3.03508672188e-12, 2.10051637542e-12, 2.1251082491e-12, 1.12474764745e-12, 1.13397843633e-12, 6.55146618379e-13, 6.87698379145e-13, 8.11984323095e-13, 5.49130239978e-13, 5.14332500201e-13, 7.02175405494e-13, 5.21788612751e-13, 5.45788674672e-13, 4.96935175301e-13, 5.70031706299e-13, 5.11376531398e-13, 4.81769246892e-13, 5.4151572549e-13, 4.58340180046e-13, 4.88703966618e-13, 5.13391683766e-13, 5.26348441828e-13, 4.52753530196e-13, 3.29046170736e-13, 1.43691495876e-13, 1.72101695823e-14, 4.3580951573e-16],
        "stdev": [0.0051574409008, 0.00856883544475, 0.00723526347429, 0.00536086596549, 0.0032213376835, 0.00166383513715, 0.00105792831164, 0.000717747956514, 0.000428264349466, 0.000615444907453, 0.000975815521087, 0.00117468135431, 0.000758725043852, 0.00101527024526, 0.000684857543092, 0.000546095776372, 0.000512398604769, 0.00112869613804, 0.00110388407484, 0.00096822908381, 0.000718849187251, 0.000592997472268, 0.00102650350891, 0.00105723680463, 0.00158570264466, 0.000998302246444, 0.00080816069385, 0.000869027106091, 0.000443029566668, 0.000417168397689, 0.000532679085154, 0.000511041784193, 0.00102234457154, 0.000818195345346, 0.000446849648142, 0.000121183358715, 0.00013026848319, 0.000158732073032, 0.000410231936257, 0.000464968121378, 0.000368885608623, 0.00013237958774, 0.000216978907702, 0.000273031182587, 0.000302805856336, 0.000343079213053, 0.00021503213793, 8.89711154741e-05, 0.000166436424479, 0.000176537592779, 9.38668381423e-05, 8.27396288514e-05, 0.000112523244752, 0.000117395255074, 8.29911296023e-05, 3.48076573573e-05, 2.87855800707e-05, 5.41081972187e-05, 3.00899064314e-05, 2.13781622733e-05, 3.43872925441e-05, 4.27088161814e-05, 4.38226452388e-05, 2.74260401056e-05, 1.85519911611e-05, 1.61963653227e-05, 1.43381539601e-05, 1.56822807185e-05, 1.21588991533e-05, 2.09020872717e-05, 1.53963246703e-05, 9.82478741207e-06, 8.34243019199e-06, 5.48928801436e-06, 4.03973308494e-06, 3.66872882296e-06, 3.17121771332e-06, 2.05492301575e-06, 2.57491660705e-06, 2.64080540546e-06, 2.34518961406e-06, 2.21004552259e-06, 2.31453145716e-06, 2.93076027447e-06, 2.51942810792e-06, 2.49079198511e-06, 2.52514382737e-06, 2.71973976851e-06, 2.55545182881e-06, 3.31338083015e-06, 3.73225589101e-06, 3.47903437614e-06, 3.74785054191e-06, 3.53430073119e-06, 3.87149066228e-06, 2.94080359708e-06, 3.38063478011e-06, 2.88462069875e-06, 2.5418835321e-06, 3.20866433867e-06, 3.44641739503e-06, 2.96953476209e-06, 2.24918517233e-06, 2.3351458367e-06, 2.23343067773e-06, 2.31216313296e-06, 1.4556435417e-06, 1.09054462882e-06, 6.73526756145e-07, 5.31592093012e-07, 4.6856197855e-07, 3.30115568659e-07, 2.36038388834e-07, 2.1223642932e-07, 1.54734394187e-07, 1.5139802656e-07, 7.70232162495e-08, 1.93581186636e-08, 2.60802579533e-08, 1.34444180233e-08, 1.09086188971e-08, 1.02431547688e-08, 4.39848069078e-09, 3.30316718422e-10, 2.39099434696e-10, 2.37701663908e-10, 2.36175107249e-10, 2.35206049082e-10]
    },
    "mfcc": {
        "mean": [-627.652282715, 130.468597412, -0.401059269905, 17.3157215118, 9.96057987213, 6.85995769501, 7.22334003448, 11.5528745651, 2.97292208672, 12.1128368378, 1.32301688194, -0.29313185811, 3.25304293633],
        "cov": [[2636.11279297, -1075.8112793, 144.805130005, -274.103515625, 72.6832199097, -229.419311523, 94.6151809692, -52.8661270142, -43.5404281616, 85.7617340088, -10.1045341492, -42.1035003662, -9.12876796722], [-1075.8112793, 1149.95056152, -520.833190918, 60.0206871033, -99.3306808472, 34.1359977722, 24.4447879791, 22.3733100891, -56.5698280334, 12.2801418304, 15.2736120224, -32.7629737854, 11.5740022659], [144.805130005, -520.833190918, 654.777832031, 10.2974243164, 26.4264335632, 21.0829467773, -78.1026306152, -40.721786499, 54.2240524292, -79.6486740112, 0.37756216526, 51.3552780151, -20.5418586731], [-274.103515625, 60.0206871033, 10.2974243164, 262.944763184, 10.2551622391, 41.3846244812, -74.4472198486, 19.5680770874, 39.0745239258, -14.0054035187, -3.48157262802, 39.3949699402, -2.64921236038], [72.6832199097, -99.3306808472, 26.4264335632, 10.2551622391, 180.341400146, -20.2966594696, -31.6105442047, -9.63973140717, 40.4939155579, -0.439344137907, -10.1844749451, 6.82938337326, 7.84742450714], [-229.419311523, 34.1359977722, 21.0829467773, 41.3846244812, -20.2966594696, 174.304092407, 50.2521209717, -7.18686294556, -13.5498323441, -7.55777645111, 16.3776683807, 7.4577293396, -7.44983196259], [94.6151809692, 24.4447879791, -78.1026306152, -74.4472198486, -31.6105442047, 50.2521209717, 211.046966553, 15.6597576141, -54.6150398254, 27.8868274689, 26.5028152466, -15.383055687, 22.9721126556], [-52.8661270142, 22.3733100891, -40.721786499, 19.5680770874, -9.63973140717, -7.18686294556, 15.6597576141, 134.242584229, 35.9525756836, 28.4041748047, 2.30008125305, 4.73403453827, 3.37046217918], [-43.5404281616, -56.5698280334, 54.2240524292, 39.0745239258, 40.4939155579, -13.5498323441, -54.6150398254, 35.9525756836, 131.097564697, 13.9163312912, 7.01650953293, 9.25679969788, -4.9943447113], [85.7617340088, 12.2801418304, -79.6486740112, -14.0054035187, -0.439344137907, -7.55777645111, 27.8868274689, 28.4041748047, 13.9163312912, 109.02141571, 29.9345397949, -10.0132341385, 1.46346890926], [-10.1045341492, 15.2736120224, 0.37756216526, -3.48157262802, -10.1844749451, 16.3776683807, 26.5028152466, 2.30008125305, 7.01650953293, 29.9345397949, 80.3259048462, 14.8755121231, 5.73207616806], [-42.1035003662, -32.7629737854, 51.3552780151, 39.3949699402, 6.82938337326, 7.4577293396, -15.383055687, 4.73403453827, 9.25679969788, -10.0132341385, 14.8755121231, 98.2693099976, 22.2276687622], [-9.12876796722, 11.5740022659, -20.5418586731, -2.64921236038, 7.84742450714, -7.44983196259, 22.9721126556, 3.37046217918, -4.9943447113, 1.46346890926, 5.73207616806, 22.2276687622, 65.3789215088]],
        "icov": [[0.00100360903889, 0.0011799428612, 0.000577041180804, 0.000345007720171, 0.000112529916805, 0.00112133449875, -0.000414706155425, 0.000419925607275, 0.000352547911461, -0.000400330231059, -9.55355571932e-05, 5.78164108447e-05, 0.000389478402212], [0.0011799428612, 0.00295990821905, 0.00205046753399, 0.000152743858052, 0.000798724184278, 0.000942325219512, -4.84100200993e-05, 0.000475200969959, 0.000470568338642, 0.000378295895644, -0.000754527864046, 0.000241107904003, 0.000306879897835], [0.000577041180804, 0.00205046753399, 0.00348021532409, 0.000395479524741, 0.000590922310948, -2.37415442825e-05, 0.00052450952353, 0.00067892333027, -0.000691718538292, 0.00186743412632, -0.000970996974502, -0.000815233623143, 0.000801800459158], [0.000345007720171, 0.000152743858052, 0.000395479524741, 0.00527533330023, -6.51639493299e-05, -0.00144345371518, 0.00187793525402, -0.000644560961518, -0.000631512375548, 0.000127215360408, 0.000236765903537, -0.00166272488423, 6.93248075549e-05], [0.000112529916805, 0.000798724184278, 0.000590922310948, -6.51639493299e-05, 0.00657829921693, 0.000378407159587, 0.000338639540132, 0.0011321855709, -0.00207266467623, -2.76573391602e-05, 0.000761601259001, -0.00014266789367, -0.00104246998671], [0.00112133449875, 0.000942325219512, -2.37415442825e-05, -0.00144345371518, 0.000378407159587, 0.00863067619503, -0.00323639367707, 0.0011845206609, 0.000461375690065, 8.24559101602e-05, -0.000958777440246, -0.000231972211623, 0.00213426258415], [-0.000414706155425, -4.84100200993e-05, 0.00052450952353, 0.00187793525402, 0.000338639540132, -0.00323639367707, 0.00808282010257, -0.00184271868784, 0.00246978946961, -0.000521446927451, -0.00187539961189, 0.00101955304854, -0.00294478586875], [0.000419925607275, 0.000475200969959, 0.00067892333027, -0.000644560961518, 0.0011321855709, 0.0011845206609, -0.00184271868784, 0.00943443365395, -0.00312308548018, -0.00190571148414, 0.00128705159295, -0.000831309414934, 0.000295759702567], [0.000352547911461, 0.000470568338642, -0.000691718538292, -0.000631512375548, -0.00207266467623, 0.000461375690065, 0.00246978946961, -0.00312308548018, 0.0112252589315, -0.00164737692103, -0.00163247156888, 0.000552744138986, 0.000167132136994], [-0.000400330231059, 0.000378295895644, 0.00186743412632, 0.000127215360408, -2.76573391602e-05, 8.24559101602e-05, -0.000521446927451, -0.00190571148414, -0.00164737692103, 0.0131060676649, -0.00488709146157, 0.00107163120992, 0.000408132793382], [-9.55355571932e-05, -0.000754527864046, -0.000970996974502, 0.000236765903537, 0.000761601259001, -0.000958777440246, -0.00187539961189, 0.00128705159295, -0.00163247156888, -0.00488709146157, 0.0159913226962, -0.00293469731696, -0.000202916693524], [5.78164108447e-05, 0.000241107904003, -0.000815233623143, -0.00166272488423, -0.00014266789367, -0.000231972211623, 0.00101955304854, -0.000831309414934, 0.000552744138986, 0.00107163120992, -0.00293469731696, 0.0132104335353, -0.00489859748632], [0.000389478402212, 0.000306879897835, 0.000801800459158, 6.93248075549e-05, -0.00104246998671, 0.00213426258415, -0.00294478586875, 0.000295759702567, 0.000167132136994, 0.000408132793382, -0.000202916693524, -0.00489859748632, 0.0186248775572]]
    },
    "spectral_contrast_coeffs": {
        "max": [-0.487287759781, -0.489496737719, -0.463810294867, -0.592059314251, -0.588867366314, -0.592166125774],
        "mean": [-0.743874967098, -0.74149620533, -0.729138374329, -0.778331816196, -0.77605009079, -0.771692037582],
        "min": [-0.908499181271, -0.919415354729, -0.893902301788, -0.890826702118, -0.875808000565, -0.882723808289],
        "stdev": [0.0646742284298, 0.0740673691034, 0.0766742229462, 0.0591311119497, 0.0510087013245, 0.0423558577895]
    },
    "spectral_contrast_valleys": {
        "max": [-5.24899291992, -5.10739374161, -5.55734920502, -5.90589427948, -6.09100437164, -7.76793241501],
        "mean": [-6.40721130371, -6.61984825134, -7.1819934845, -7.36593294144, -7.58900642395, -10.3343553543],
        "min": [-7.89054489136, -8.09033298492, -8.63776874542, -8.75768184662, -9.5363702774, -15.3765678406],
        "stdev": [0.417945712805, 0.445725411177, 0.428467869759, 0.461439430714, 0.540977180004, 1.18515706062]
    }
},
"rhythm": {
    "beats_count": 69,
    "beats_loudness": {
        "max": 0.116055354476,
        "mean": 0.0535133071244,
        "min": 0.00466641457751,
        "stdev": 0.026444485411
    },
    "bpm": 128.299407959,
    "bpm_histogram_first_peak_bpm": 129,
    "bpm_histogram_first_peak_weight": 0.378787875175,
    "bpm_histogram_second_peak_bpm": 123,
    "bpm_histogram_second_peak_spread": 0,
    "bpm_histogram_second_peak_weight": 0.0294117648154,
    "danceability": 1.02726101875,
    "onset_rate": 3.22998023033,
    "beats_loudness_band_ratio": {
        "max": [0.922159314156, 0.441146761179, 0.719507396221, 0.463140964508, 0.312061518431, 0.0737238898873],
        "mean": [0.566898167133, 0.0819017887115, 0.175263047218, 0.105398163199, 0.0744569152594, 0.0226566065103],
        "min": [0.00790632609278, 0.00781078683212, 0.0121499495581, 0.0119425123557, 0.00297032576054, 0.00113403063733],
        "stdev": [0.206091508269, 0.0823816806078, 0.167547494173, 0.100638821721, 0.0582169182599, 0.0158843342215]
    },
    "beats_position": [0.429569154978, 0.882358253002, 1.33514738083, 1.78793644905, 2.2523355484, 2.72834467888, 3.20435357094, 3.66875267029, 4.13315200806, 4.59755086899, 5.07355976105, 5.54956912994, 6.01396799088, 6.47836732864, 6.94276618958, 7.40716552734, 7.8831744194, 8.35918331146, 8.82358264923, 9.287981987, 9.76399040222, 10.2399997711, 10.7043991089, 11.1687984467, 11.6331968307, 12.0975961685, 12.5619955063, 13.0263938904, 13.5024032593, 13.9784126282, 14.4428119659, 14.9188203812, 15.3832197189, 15.8476190567, 16.3236274719, 16.7996368408, 17.2640361786, 17.7284355164, 18.2044448853, 18.6688423157, 19.1332416534, 19.6092510223, 20.0852603912, 20.549659729, 21.0140590668, 21.4784584045, 21.942855835, 22.4072551727, 22.8832645416, 23.3592739105, 23.8236732483, 24.2880725861, 24.7524719238, 25.2400894165, 25.7044887543, 26.168888092, 26.6332874298, 27.1092967987, 27.5853061676, 28.0497055054, 28.5141029358, 28.9785022736, 29.4429016113, 29.9189109802, 30.3949203491, 30.8593196869, 31.3237190247, 31.7881164551, 32.2757377625],
