{
"metadata": {
    "version": {
        "essentia": "2.1-beta5",
        "essentia_git_sha": "Undefined",
        "extractor": "music 2.0"
    },
    "audio_properties": {
        "analysis": {
            "equal_loudness": 0,
            "length": 29.0017242432,
            "sample_rate": 44100,
            "start_time": 0,
            "downmix": "mix"
        },
        "bit_rate": 192000,
        "length": 197.25352478,
        "lossless": 0,
        "number_channels": 2,
        "replay_gain": -0.362087249756,
        "sample_rate": 48000,
        "codec": "mp3",
        "md5_encoded": "8c47323b145b9b10198bad44bd855b24"
    },
    "tags": {
        "file_name": "Ukraine_Time_O.Torvald.mp3",
        "encoding": ["Lavf58.29.100"]
    }
},
"lowlevel": {
    "average_loudness": 0.184767603874,
    "barkbands_crest": {
        "max": 22.929227829,
        "mean": 10.1761980057,
        "min": 3.30428314209,
        "stdev": 3.55335569382
    },
    "barkbands_flatness_db": {
        "max": 0.371873229742,
        "mean": 0.200604423881,
        "min": 0.0477653704584,
        "stdev": 0.0493418127298
    },
    "barkbands_kurtosis": {
        "max": 50.9667053223,
        "mean": 5.35348510742,
        "min": -1.8527559042,
        "stdev": 6.48080015182
    },
    "barkbands_skewness": {
        "max": 6.38812732697,
        "mean": 1.42994773388,
        "min": -0.816820204258,
        "stdev": 1.05502581596
    },
    "barkbands_spread": {
        "max": 92.3474349976,
        "mean": 10.2826652527,
        "min": 1.17482304573,
        "stdev": 9.61159801483
    },
    "dissonance": {
        "max": 0.499951481819,
        "mean": 0.453336924314,
        "min": 0.2027143538,
        "stdev": 0.0427288413048
    },
    "dynamic_complexity": 4.79791545868,
    "erbbands_crest": {
        "max": 25.9261512756,
        "mean": 11.0625371933,
        "min": 2.56887722015,
        "stdev": 4.08934164047
    },
    "erbbands_flatness_db": {
        "max": 0.396406382322,
        "mean": 0.255923956633,
        "min": 0.0478747263551,
        "stdev": 0.0706374719739
    },
    "erbbands_kurtosis": {
        "max": 30.1121940613,
        "mean": 2.76394462585,
        "min": -1.63816726208,
        "stdev": 3.72532606125
    },
    "erbbands_skewness": {
        "max": 4.41013002396,
        "mean": 1.02020180225,
        "min": -1.22299134731,
        "stdev": 0.827782809734
    },
    "erbbands_spread": {
        "max": 147.705291748,
        "mean": 20.1453399658,
        "min": 2.48052453995,
        "stdev": 18.6400032043
    },
    "hfc": {
        "max": 105.595085144,
        "mean": 12.2424879074,
        "min": 0.119407653809,
        "stdev": 16.1678066254
    },
    "loudness_ebu128": {
        "integrated": -24.538892746,
        "loudness_range": 12.3383846283,
        "momentary": {
            "max": -16.5449790955,
            "mean": -27.1098423004,
            "min": -35.0276947021,
            "stdev": 4.58407449722
        },
        "short_term": {
            "max": -18.3569221497,
            "mean": -27.4393730164,
            "min": -33.2794265747,
            "stdev": 3.83043599129
        }
    },
    "melbands_crest": {
        "max": 33.3460197449,
        "mean": 12.7576551437,
        "min": 4.70938205719,
        "stdev": 4.43096113205
    },
    "melbands_flatness_db": {
        "max": 0.495408535004,
        "mean": 0.244799882174,
        "min": 0.0648390129209,
        "stdev": 0.0597967356443
    },
    "melbands_kurtosis": {
        "max": 123.764541626,
        "mean": 9.15416526794,
        "min": -1.13347613811,
        "stdev": 13.9501209259
    },
    "melbands_skewness": {
        "max": 9.62302684784,
        "mean": 1.58176577091,
        "min": -0.926373898983,
        "stdev": 1.47789728642
    },
    "melbands_spread": {
        "max": 104.954696655,
        "mean": 12.881937027,
        "min": 1.8167693615,
        "stdev": 8.2772321701
    },
    "pitch_salience": {
        "max": 0.849266290665,
        "mean": 0.63368833065,
        "min": 0.208334073424,
        "stdev": 0.0957400873303
    },
    "silence_rate_20dB": {
        "max": 1,
        "mean": 1,
        "min": 1,
        "stdev": 0
    },
    "silence_rate_30dB": {
        "max": 1,
        "mean": 0.994400024414,
        "min": 0,
        "stdev": 0.0746233910322
    },
    "silence_rate_60dB": {
        "max": 1,
        "mean": 0.282400012016,
        "min": 0,
        "stdev": 0.450164198875
    },
    "spectral_centroid": {
        "max": 3361.33251953,
        "mean": 986.007324219,
        "min": 293.105133057,
        "stdev": 366.303436279
    },
    "spectral_complexity": {
        "max": 39,
        "mean": 12.7144002914,
        "min": 0,
        "stdev": 7.85627317429
    },
    "spectral_decrease": {
        "max": -3.98130799162e-11,
        "mean": -3.72101527368e-09,
        "min": -5.45145333319e-08,
        "stdev": 5.11415354509e-09
    },
    "spectral_energy": {
        "max": 0.208471685648,
        "mean": 0.0151544110849,
        "min": 0.000161094096256,
        "stdev": 0.0204846914858
    },
    "spectral_energyband_high": {
        "max": 0.00530118867755,
        "mean": 0.000146144491737,
        "min": 7.67552350567e-08,
        "stdev": 0.000400162214646
    },
    "spectral_energyband_low": {
        "max": 0.185089081526,
        "mean": 0.00227098912001,
        "min": 5.25366488091e-07,
        "stdev": 0.0119484066963
    },
    "spectral_energyband_middle_high": {
        "max": 0.0676394030452,
        "mean": 0.00651052314788,
        "min": 3.77502583433e-05,
        "stdev": 0.0107816625386
    },
    "spectral_energyband_middle_low": {
        "max": 0.0633633807302,
        "mean": 0.00667055416852,
        "min": 0.000121361299534,
        "stdev": 0.00806213542819
    },
    "spectral_entropy": {
        "max": 8.56048107147,
        "mean": 7.18537282944,
        "min": 5.66090154648,
        "stdev": 0.413073062897
    },
    "spectral_flux": {
        "max": 0.374848842621,
        "mean": 0.0583042241633,
        "min": 0.0100787421688,
        "stdev": 0.0442057326436
    },
    "spectral_kurtosis": {
        "max": 85.4138259888,
        "mean": 9.57085895538,
        "min": -0.340359926224,
        "stdev": 6.93295240402
    },
    "spectral_rms": {
        "max": 0.0142613817006,
        "mean": 0.0032535076607,
        "min": 0.000396440387703,
        "stdev": 0.00204926612787
    },
    "spectral_rolloff": {
        "max": 11821.7285156,
        "mean": 1134.40490723,
        "min": 64.599609375,
        "stdev": 967.199279785
    },
    "spectral_skewness": {
        "max": 6.42554616928,
        "mean": 2.16182303429,
        "min": 0.374821811914,
        "stdev": 0.662488996983
    },
    "spectral_spread": {
        "max": 13176895,
        "mean": 3192336.5,
        "min": 755702.5625,
        "stdev": 1836569.5
    },
    "spectral_strongpeak": {
        "max": 7.4696969986,
        "mean": 1.11854577065,
        "min": 0,
        "stdev": 1.14018929005
    },
    "zerocrossingrate": {
        "max": 0.33349609375,
        "mean": 0.0495234392583,
        "min": 0.013671875,
        "stdev": 0.0252300295979
    },
    "barkbands": {
        "max": [0.0545136034489, 0.158520102501, 0.0456800013781, 0.0172219406813, 0.0339277200401, 0.0175369866192, 0.0300057083368, 0.0179436951876, 0.0541184879839, 0.033924434334, 0.0385464839637, 0.0299684777856, 0.00625299708918, 0.00329564884305, 0.00411815522239, 0.00162655301392, 0.00206441292539, 0.00208355346695, 0.00214513088576, 0.000928511552047, 0.00120797043201, 0.000746387871914, 0.0015967565123, 0.000977304298431, 0.00205664034002, 0.00080521980999, 6.67634449201e-05],
        "mean": [0.000194011576241, 0.00149982143193, 0.000453850807389, 0.000442582328105, 0.000983151956461, 0.000778746965807, 0.000587227987126, 0.000594365119468, 0.00253795227036, 0.00205107638612, 0.00247273780406, 0.00114994694013, 0.000305611494696, 0.000269136915449, 0.000213050559978, 0.000127191829961, 0.000113386442536, 0.000126073326101, 9.07308058231e-05, 3.21166808135e-05, 2.67186278506e-05, 2.08797391679e-05, 1.9472268832e-05, 2.39869004872e-05, 2.53065463767e-05, 1.4688448573e-05, 5.90480055962e-07],
        "min": [2.38716157952e-10, 9.22749521237e-08, 7.51404911625e-08, 6.83596397266e-08, 1.48015556078e-06, 6.11711539023e-06, 2.84950669993e-06, 2.07937910091e-06, 5.16212458024e-06, 3.60822559742e-06, 1.01836258182e-06, 1.14082047276e-06, 8.51508900723e-07, 8.49197760999e-07, 3.37722156019e-07, 4.29247791089e-07, 2.29432899346e-07, 1.32198735514e-07, 1.90134826994e-07, 3.25766236209e-09, 9.87075865488e-10, 1.57093962838e-10, 1.09569318896e-10, 7.04504579674e-11, 1.20122856107e-10, 8.78648265257e-11, 1.29747879107e-10],
        "stdev": [0.00217180815525, 0.00893610995263, 0.00237561692484, 0.00115781428758, 0.00193436746486, 0.00168731738813, 0.00206871307455, 0.00132636120543, 0.00557062169537, 0.00404332252219, 0.00474030012265, 0.0031554105226, 0.000532951205969, 0.000397724594222, 0.000366401567589, 0.000175574183231, 0.000183852491318, 0.000248909869697, 0.000212173777982, 6.04235610808e-05, 7.40990362829e-05, 6.03596636211e-05, 7.55457222112e-05, 6.58975259284e-05, 0.000117826362839, 5.9450216213e-05, 3.80378151021e-06]
    },
    "erbbands": {
        "max": [7.33774805069, 40.5426521301, 50.3330230713, 60.2974739075, 148.808685303, 111.547813416, 36.0568618774, 213.810287476, 410.252960205, 406.782836914, 500.192047119, 1385.11474609, 1162.29956055, 1155.9284668, 1250.26452637, 1427.35827637, 324.896942139, 157.766937256, 129.97833252, 224.690093994, 62.6175537109, 122.061012268, 130.639205933, 149.310089111, 140.879989624, 38.4017829895, 43.6494941711, 41.0411376953, 30.8690357208, 26.5685596466, 50.1474761963, 18.2843761444, 22.5714588165, 17.7882022858, 16.6544895172, 7.34927034378, 1.36610674858, 0.168135404587, 0.0111728385091, 0.000440590461949],
        "mean": [0.0574533641338, 0.282318234444, 0.526788413525, 0.96115988493, 2.60172104836, 2.56535577774, 3.95790243149, 8.2993516922, 9.4174451828, 9.17486476898, 16.5031738281, 51.0342597961, 78.540977478, 76.5400848389, 86.3597640991, 42.7417373657, 15.1086473465, 14.8476495743, 11.0897989273, 10.4861526489, 6.48991346359, 6.71651077271, 7.33875465393, 5.67724370956, 3.32951331139, 1.51441860199, 1.21513402462, 0.923463404179, 0.808321833611, 0.582188606262, 0.581115722656, 0.46093583107, 0.413128465414, 0.260158479214, 0.192186370492, 0.0947732031345, 0.0191884581, 0.00284467916936, 0.000122278783238, 2.18546319957e-05],
        "min": [2.28306566896e-06, 2.77151466435e-05, 0.00010733952513, 0.00100064068101, 0.0034800413996, 0.00266194553114, 0.0200608968735, 0.0435994565487, 0.0975321084261, 0.0595313087106, 0.113066211343, 0.18332028389, 0.187744826078, 0.176845803857, 0.0726421028376, 0.0701607614756, 0.0839704200625, 0.0915753170848, 0.0242586415261, 0.020737785846, 0.0263443775475, 0.0179499164224, 0.00903676636517, 0.00903518032283, 0.00742789637297, 0.000616326113231, 9.56010335358e-05, 4.61057352368e-05, 1.43790693983e-05, 6.31209286439e-06, 6.13622523815e-06, 4.84413749291e-06, 3.48595813193e-06, 2.67912332674e-06, 1.8309170855e-06, 8.07660626378e-07, 3.8581427475e-07, 1.52709588974e-07, 2.17879005504e-07, 2.34561653656e-07],
        "stdev": [0.344266653061, 1.84630966187, 2.89738845825, 3.08443593979, 7.04274129868, 6.08225536346, 5.45810842514, 18.7244796753, 28.7012805939, 31.0358581543, 32.4089584351, 117.301422119, 154.054336548, 140.739151001, 162.367263794, 126.118911743, 26.5805072784, 22.0442428589, 17.035282135, 16.880197525, 8.92601203918, 10.4881401062, 14.7365541458, 11.2754631042, 9.215924263, 2.73244404793, 3.03469753265, 2.60056972504, 2.4183204174, 1.77595078945, 2.39415812492, 1.31097400188, 1.21959793568, 0.98892480135, 0.979935050011, 0.430108428001, 0.0801253244281, 0.0118164718151, 0.000673520611599, 3.40201149811e-05]
    },
    "gfcc": {
        "mean": [-103.76083374, 128.154754639, -163.355667114, -5.92269515991, -64.8153839111, 0.401398867369, -31.449174881, 2.59512400627, -22.1023101807, -15.2918167114, -9.7840385437, -8.06132698059, 0.119383260608],
        "cov": [[7919.36181641, -3731.2578125, 1869.91015625, 605.350952148, -383.997833252, 2219.02172852, -361.111480713, 1550.96582031, -491.079650879, 367.097900391, -236.794464111, 50.3706359863, -547.028869629], [-3731.2578125, 2563.0625, -1031.33483887, -254.978912354, 438.30178833, -1190.17932129, 389.516143799, -833.312744141, 365.762756348, -205.745391846, 205.229675293, -57.8124198914, 318.198883057], [1869.91015625, -1031.33483887, 2833.55957031, 207.161880493, -67.8213729858, 286.098724365, -1018.65722656, 420.951873779, -562.23236084, 452.632293701, -173.527603149, 184.505813599, -464.913482666], [605.350952148, -254.978912354, 207.161880493, 516.161071777, 76.498260498, 95.0562591553, 24.9290180206, 16.5904941559, 95.2629852295, 98.0849761963, -35.8181037903, 47.2966651917, 24.6026668549], [-383.997833252, 438.30178833, -67.8213729858, 76.498260498, 379.342651367, -210.179290771, 104.764198303, -107.34690094, 59.1855125427, 91.3300094604, -28.1694927216, 53.4119224548, 63.2169685364], [2219.02172852, -1190.17932129, 286.098724365, 95.0562591553, -210.179290771, 935.268310547, 13.1836471558, 513.240112305, -133.618530273, -14.5364952087, 0.105041518807, -37.2152862549, -111.111778259], [-361.111480713, 389.516143799, -1018.65722656, 24.9290180206, 104.764198303, 13.1836471558, 676.288391113, -147.842071533, 253.666625977, -134.431533813, 59.0763053894, -29.8567066193, 163.712905884], [1550.96582031, -833.312744141, 420.951873779, 16.5904941559, -107.34690094, 513.240112305, -147.842071533, 471.678497314, -134.302932739, 52.3917922974, -40.5620956421, -19.2763805389, -121.908363342], [-491.079650879, 365.762756348, -562.23236084, 95.2629852295, 59.1855125427, -133.618530273, 253.666625977, -134.302932739, 292.02355957, -92.0956726074, 57.8176841736, -19.5796661377, 100.845031738], [367.097900391, -205.745391846, 452.632293701, 98.0849761963, 91.3300094604, -14.5364952087, -134.431533813, 52.3917922974, -92.0956726074, 227.375274658, -82.0145797729, 76.9353561401, -64.2522964478], [-236.794464111, 205.229675293, -173.527603149, -35.8181037903, -28.1694927216, 0.105041518807, 59.0763053894, -40.5620956421, 57.8176841736, -82.0145797729, 145.237945557, -28.7360076904, 44.1477508545], [50.3706359863, -57.8124198914, 184.505813599, 47.2966651917, 53.4119224548, -37.2152862549, -29.8567066193, -19.2763805389, -19.5796661377, 76.9353561401, -28.7360076904, 114.361129761, -28.7406902313], [-547.028869629, 318.198883057, -464.913482666, 24.6026668549, 63.2169685364, -111.111778259, 163.712905884, -121.908363342, 100.845031738, -64.2522964478, 44.1477508545, -28.7406902313, 177.478561401]],
        "icov": [[0.000842646812089, 0.000443081546109, -7.93823346612e-05, -0.000515247986186, -0.000294058292639, -0.000806495547295, -0.000320090563037, -0.000912147923373, 6.07155125181e-05, -0.000349476118572, -7.80122281867e-05, 0.000267731404165, 0.000836601306219], [0.000443081546109, 0.00359833333641, -0.00114767055493, 0.00134024419822, -0.00269484054297, 0.00212309323251, -0.00146345666144, 0.0015013422817, -0.00131811934989, 0.00158588518389, -0.0026280360762, 0.00247987243347, -0.00122920423746], [-7.93823346612e-05, -0.00114767055493, 0.00216851988807, -0.00140255468432, 0.000539725238923, -0.000834554200992, 0.00197115424089, -0.000621592858806, 0.00187403406017, -0.00145326706115, 0.000129626816488, -0.00152840605006, 0.00285725458525], [-0.000515247986186, 0.00134024419822, -0.00140255468432, 0.0046087638475, -0.00115053018089, 0.000379542587325, -0.000424188823672, 0.00247861258686, -0.00366160273552, -0.000282380293356, -0.000118268755614, 0.000905947235879, -0.00340824830346], [-0.000294058292639, -0.00269484054297, 0.000539725238923, -0.00115053018089, 0.00626048911363, -0.000418615090894, -0.000159310016898, -0.00194123678375, 0.000771774444729, -0.00296293571591, 0.00213425932452, -0.00255477614701, -0.000635791860987], [-0.000806495547295, 0.00212309323251, -0.000834554200992, 0.000379542587325, -0.000418615090894, 0.00696239201352, -0.00250603538007, -0.00200754334219, 0.000874642108101, 0.00272669037804, -0.00289695337415, 0.00125259964261, -0.00167674780823], [-0.000320090563037, -0.00146345666144, 0.00197115424089, -0.000424188823672, -0.000159310016898, -0.00250603538007, 0.00518530793488, 0.00117323757149, -0.000798904628027, -0.000876274367329, 0.00116988888476, -0.00181479100138, 0.000921954226214], [-0.000912147923373, 0.0015013422817, -0.000621592858806, 0.00247861258686, -0.00194123678375, -0.00200754334219, 0.00117323757149, 0.00964217446744, -0.00197649910115, 8.62626329763e-05, -0.000283625238808, 0.00264291395433, -0.000846726703458], [6.07155125181e-05, -0.00131811934989, 0.00187403406017, -0.00366160273552, 0.000771774444729, 0.000874642108101, -0.000798904628027, -0.00197649910115, 0.00954555440694, 0.000986638478935, -0.0011016970966, -0.00147582904901, 0.00258742389269], [-0.000349476118572, 0.00158588518389, -0.00145326706115, -0.000282380293356, -0.00296293571591, 0.00272669037804, -0.000876274367329, 8.62626329763e-05, 0.000986638478935, 0.0114442193881, 0.001189042232, -0.00203398126177, -0.00110086274799], [-7.80122281867e-05, -0.0026280360762, 0.000129626816488, -0.000118268755614, 0.00213425932452, -0.00289695337415, 0.00116988888476, -0.000283625238808, -0.0011016970966, 0.001189042232, 0.0116067221388, -0.00148264493328, -0.00109136884566], [0.000267731404165, 0.00247987243347, -0.00152840605006, 0.000905947235879, -0.00255477614701, 0.00125259964261, -0.00181479100138, 0.00264291395433, -0.00147582904901, -0.00203398126177, -0.00148264493328, 0.0143438708037, 0.000227243741392], [0.000836601306219, -0.00122920423746, 0.00285725458525, -0.00340824830346, -0.000635791860987, -0.00167674780823, 0.000921954226214, -0.000846726703458, 0.00258742389269, -0.00110086274799, -0.00109136884566, 0.000227243741392, 0.0145582826808]]
    },
    "melbands": {
        "max": [0.0512520559132, 0.0363919213414, 0.00980626046658, 0.00890608225018, 0.00126997986808, 0.00422577839345, 0.00660617649555, 0.00356809026562, 0.00394502328709, 0.00927536841482, 0.00582554191351, 0.00492545869201, 0.00507825240493, 0.0039227087982, 0.00144772499334, 0.000759817135986, 0.000283557194052, 0.000239187982515, 0.00040561624337, 0.000162797019584, 8.06668394944e-05, 0.000118370742712, 0.000154202571139, 0.000129544307129, 0.000141750701005, 0.000107891020889, 4.63942487841e-05, 2.14935480471e-05, 3.00887968478e-05, 3.09402494167e-05, 2.07055072678e-05, 2.04637253773e-05, 1.217825411e-05, 1.88723752217e-05, 3.37753554049e-05, 1.54170247697e-05, 1.19006399473e-05, 2.0610548745e-05, 1.47141663547e-05, 1.53753826453e-05],
        "mean": [0.000469874998089, 0.000299010513118, 0.000226625998039, 0.000187612997252, 0.000139219991979, 0.00017931687762, 0.000138911200338, 0.000102474092273, 0.000138635659823, 0.000371585425455, 0.000391598732676, 0.000296506274026, 0.000337728240993, 0.000159941409947, 4.78952679259e-05, 3.03249325952e-05, 2.65590842901e-05, 1.77380225068e-05, 1.56329315359e-05, 1.12002644528e-05, 6.74348530083e-06, 6.71003226671e-06, 6.79334561937e-06, 6.21884055363e-06, 4.51482628705e-06, 2.95150630336e-06, 1.55564566739e-06, 8.62629519816e-07, 7.84065946391e-07, 6.48340744647e-07, 4.83283656649e-07, 4.70410810749e-07, 3.7398174868e-07, 3.07667448851e-07, 3.42957804378e-07, 2.90531431801e-07, 2.76560797374e-07, 2.89447569912e-07, 2.66239197799e-07, 2.04431003681e-07],
        "min": [2.26275069792e-08, 5.04713355554e-08, 2.33337658528e-07, 3.43966917171e-07, 4.25701784934e-07, 1.00326633401e-06, 1.36192829814e-06, 7.49033688408e-07, 4.63523406324e-07, 8.09715231753e-07, 9.01834482647e-07, 6.44334249955e-07, 1.19083821915e-07, 2.14056740333e-07, 9.23495164784e-08, 8.63158007292e-08, 1.44220251741e-07, 3.65289167803e-08, 2.86138668315e-08, 2.79693104233e-08, 2.80528542618e-08, 1.39723121961e-08, 1.04385939892e-08, 4.93190510653e-09, 6.73034561416e-09, 7.9613799997e-09, 8.77284689338e-10, 6.75390923743e-11, 3.26280079344e-11, 2.15163199757e-11, 5.49231016569e-12, 2.66723101938e-12, 2.18931253335e-12, 2.42278267761e-12, 1.68647940665e-12, 8.64116395626e-13, 9.02324710176e-13, 8.00980158935e-13, 1.01125336403e-12, 1.07449476833e-12],
        "stdev": [0.00276441639289, 0.00173653534148, 0.000610554008745, 0.000469260528916, 0.00019663850253, 0.00039817331708, 0.000416433758801, 0.000305318215396, 0.000270755845122, 0.000851742515806, 0.000769873557147, 0.000559399544727, 0.000653934839647, 0.000428169820225, 0.000116329021694, 5.21573419974e-05, 4.02733603551e-05, 2.76021492027e-05, 2.78797378996e-05, 1.64502798725e-05, 9.98622363113e-06, 1.02312778836e-05, 1.44580199049e-05, 1.25691512949e-05, 9.88118426903e-06, 7.8518223745e-06, 3.87901991417e-06, 1.62282663041e-06, 1.91972185348e-06, 1.90741366168e-06, 1.36611197377e-06, 1.4060178728e-06, 1.18392529203e-06, 9.96097469397e-07, 1.50869152549e-06, 9.60803845373e-07, 7.91646186826e-07, 9.33923786306e-07, 8.07981564321e-07, 8.59725560076e-07]
    },
    "melbands128": {
        "max": [0.0473975948989, 0.0764477401972, 0.0569893755019, 0.0746929422021, 0.0389634780586, 0.0221465583891, 0.013766487129, 0.0121203726158, 0.0198142081499, 0.0130391614512, 0.00542666809633, 0.00200337613933, 0.00147097755689, 0.00119173002895, 0.00534454733133, 0.00742715457454, 0.00865992717445, 0.0122261457145, 0.00736970687285, 0.00716682337224, 0.00515290210024, 0.00590303167701, 0.00677848793566, 0.0051323575899, 0.0102722197771, 0.0155452759936, 0.0119846556336, 0.00783522706479, 0.00657623307779, 0.00625387392938, 0.00465049548075, 0.0109244063497, 0.00685099419206, 0.00586360506713, 0.00577639834955, 0.00812662579119, 0.00510126724839, 0.000943245657254, 0.000981979537755, 0.00160510232672, 0.000694719667081, 0.000598199607339, 0.000646644795779, 0.000384068669518, 0.000497530156281, 0.000400393269956, 0.00034496281296, 0.000466056284495, 0.000620078761131, 0.000266229413683, 0.000293046614388, 0.000112705834908, 0.00010382081382, 0.000130853048177, 0.00010797228606, 0.000166211772012, 0.000292337907013, 0.000292568031, 0.000252083438681, 0.000253496662481, 0.000187433091924, 0.000130238811835, 0.000294242810924, 0.000180403207196, 0.00020506970759, 0.000169990715222, 0.000292676355457, 0.000107105668576, 4.44574397989e-05, 3.83210463042e-05, 2.58112268057e-05, 1.41644923133e-05, 3.54205803887e-05, 4.13275774918e-05, 4.88395307912e-05, 4.60647861473e-05, 3.50902228092e-05, 2.81629636447e-05, 2.34348917729e-05, 1.10883711386e-05, 2.40845165536e-05, 2.61842196778e-05, 2.12753257074e-05, 1.84728960448e-05, 1.14272625069e-05, 1.29121299324e-05, 1.44899740917e-05, 5.54557045689e-05, 2.66788138106e-05, 3.71710739273e-05, 2.60596661974e-05, 1.39225357998e-05, 1.15078400995e-05, 1.48377548612e-05, 1.22325145639e-05, 3.27129237121e-05, 2.0677665816e-05, 1.41685168273e-05, 2.31682697631e-05, 1.1567324691e-05, 1.54301415023e-05, 1.62466985785e-05, 1.53558248712e-05, 2.32571092056e-05, 2.17615488509e-05, 1.88752892427e-05, 5.0780348829e-05, 1.81549112312e-05, 1.02771828097e-05, 9.16531371331e-06, 3.22749019688e-06, 6.9036414061e-06, 4.86068574901e-06, 4.67807967652e-06, 3.12164206662e-06, 1.74094168415e-06, 1.32097204641e-06, 5.30139288912e-07, 5.59198497285e-07, 3.6685315763e-07, 1.62356045053e-07, 3.20065737469e-07, 1.55809644298e-07, 3.49738762395e-08, 3.35528866913e-08, 3.28459073273e-08, 3.24540465613e-08, 3.22179012358e-08],
        "mean": [0.000167555437656, 0.000494322506711, 0.000607988389675, 0.000411479937611, 0.000285020243609, 0.000210666679777, 0.000159682022058, 0.00026264146436, 0.000289121468086, 0.000178800255526, 0.000108131906018, 0.000196526685613, 0.000150263600517, 5.41502340639e-05, 0.000169558508787, 0.000273473677225, 0.000194495456526, 9.95867885649e-05, 8.29235286801e-05, 0.000107943713374, 9.97717215796e-05, 0.000129598920466, 0.000139240466524, 0.000145085345139, 0.000252872734563, 0.000511310412548, 0.000554864876904, 0.000362363265594, 0.000278683175566, 0.000251506862696, 0.000271389639238, 0.000437354436144, 0.00043462504982, 0.000181985407835, 0.000176750618266, 0.000192390478333, 7.0814123319e-05, 3.95794777432e-05, 3.20376384479e-05, 2.65916460194e-05, 3.0025943488e-05, 3.51832131855e-05, 2.87287257379e-05, 2.11054648389e-05, 1.99146161322e-05, 1.68413953361e-05, 1.57467147801e-05, 1.52495686052e-05, 1.64418870554e-05, 1.46243583004e-05, 1.03309739643e-05, 7.86697819422e-06, 7.57507814342e-06, 5.80873484068e-06, 5.67725010114e-06, 6.9572506618e-06, 7.48236016079e-06, 6.96476490702e-06, 6.07968968325e-06, 7.21564538253e-06, 7.23593029761e-06, 4.52519725513e-06, 4.57342366644e-06, 4.70284703624e-06, 4.14482065025e-06, 2.68776170742e-06, 2.68761209554e-06, 1.77910976618e-06, 1.36687276608e-06, 1.01380464912e-06, 8.6288696366e-07, 7.63167975038e-07, 7.97332802449e-07, 8.496460282e-07, 6.84920905769e-07, 6.52198195894e-07, 6.65545940137e-07, 5.31534681159e-07, 4.61225994286e-07, 4.11418767499e-07, 4.77857270198e-07, 4.91030277772e-07, 4.61536700413e-07, 3.64245323681e-07, 3.00272517961e-07, 2.99321726516e-07, 3.01494338828e-07, 3.40489691553e-07, 3.25763068076e-07, 3.91190127402e-07, 2.91541454089e-07, 2.47265262487e-07, 3.04397929085e-07, 2.72725884543e-07, 2.5166681894e-07, 3.14748177743e-07, 2.66596856591e-07, 3.12224784693e-07, 3.03289681369e-07, 2.13324653942e-07, 2.1315470633e-07, 1.9771989912e-07, 1.96886531967e-07, 2.23389037046e-07, 2.02910484859e-07, 2.29079248015e-07, 2.53990748433e-07, 1.9928428685e-07, 1.72619678551e-07, 1.35180826533e-07, 7.3802787881e-08, 6.10136510204e-08, 5.00718364549e-08, 5.13599438534e-08, 3.94396977299e-08, 3.68517838467e-08, 1.23459180656e-08, 3.35741567881e-09, 3.17287773832e-09, 2.49825382603e-09, 1.35601341267e-09, 1.30029131906e-09, 7.53578865975e-10, 5.31609894994e-11, 2.9294788817e-11, 2.83299893961e-11, 2.78005223009e-11, 2.75729612753e-11],
        "min": [5.01095449856e-11, 2.55503151969e-09, 1.47702650111e-09, 2.33981491959e-08, 2.6812484677e-08, 2.72631535125e-08, 1.95575218243e-08, 2.6297682254e-08, 2.99011517768e-08, 7.45818198311e-08, 8.52370618531e-09, 6.95374211546e-08, 4.06097981909e-08, 2.74716398962e-07, 2.14130153608e-07, 1.70594972815e-07, 5.66168807836e-07, 1.61553472822e-07, 1.15517558186e-07, 2.17210242681e-07, 4.30169336596e-07, 1.60550840178e-07, 2.91380750639e-08, 4.57674680376e-08, 7.12468448683e-08, 2.37003575876e-07, 1.48279298173e-07, 5.11664552505e-07, 5.70811437228e-07, 3.34976647309e-07, 1.70452580051e-07, 8.86351827489e-08, 4.26433715006e-08, 6.61463985807e-08, 1.35464190976e-07, 1.0853802479e-07, 5.16518987581e-08, 2.43773037312e-08, 6.55706031694e-08, 6.05341767823e-08, 6.94318558203e-08, 5.92196798266e-08, 3.21210720244e-08, 4.25359516498e-08, 3.61670977611e-08, 8.64859117655e-09, 1.61007900346e-08, 1.99945393575e-08, 2.21164295766e-08, 1.29508279656e-08, 1.01407504616e-08, 2.02283079176e-08, 1.12950315767e-08, 5.14831155485e-09, 8.61856275236e-09, 1.29859909492e-08, 1.13042677441e-08, 7.18997839044e-09, 9.3038030613e-09, 1.04566506565e-08, 3.779010882e-09, 1.38866440569e-09, 4.73122829803e-09, 3.70691100038e-09, 5.31582511343e-09, 4.55603021976e-09, 2.04541983351e-09, 8.66140825728e-10, 1.61441165991e-10, 4.14389599024e-11, 7.36379568433e-11, 3.58549821777e-11, 2.75207235473e-11, 3.64629576532e-11, 2.73028075842e-11, 7.94847521135e-12, 4.76674559199e-12, 3.61678634091e-12, 3.9000322069e-12, 1.74001004577e-12, 1.29282717344e-12, 8.70408075043e-13, 1.10881052603e-12, 1.02247973543e-12, 1.09056492135e-12, 1.01843186662e-12, 1.26451583579e-12, 5.86108906634e-13, 1.02551051418e-12, 5.14158268912e-13, 7.64618349105e-13, 5.1665263864e-13, 5.9138696544e-13, 9.4709732678e-13, 7.20862226248e-13, 7.50400718126e-13, 5.33253183364e-13, 6.59647954749e-13, 6.8443173221e-13, 6.82394462118e-13, 5.74130912083e-13, 7.97630407903e-13, 4.85349607726e-13, 5.55451626534e-13, 3.93762469462e-13, 4.81082133765e-13, 3.32329920961e-13, 3.43889820049e-13, 4.72485440529e-13, 3.80980999786e-13, 3.46097716458e-13, 4.12349218356e-13, 4.2424925877e-13, 3.02888763333e-13, 3.44912737694e-13, 3.5245184592e-13, 3.4541466909e-13, 4.08492575703e-13, 4.61398443324e-13, 3.89046542378e-13, 4.31700438201e-13, 4.35813142302e-13, 4.84367916869e-13, 4.37748307654e-13, 3.38469568128e-13, 8.94286475927e-14, 1.42217899106e-14, 4.2930372036e-16],
        "stdev": [0.00190890068188, 0.00328184221871, 0.00346046383493, 0.00309936399572, 0.00179170118645, 0.00109795317985, 0.000645823252853, 0.000694719026797, 0.000850811600685, 0.000616068253294, 0.000335326156346, 0.000297641730867, 0.000225830212003, 0.000107920554001, 0.000428405939601, 0.00072101718979, 0.000641945691314, 0.000550096621737, 0.000478744448628, 0.00050306529738, 0.0003195022, 0.000368181121303, 0.00036871485645, 0.000356139440555, 0.000700713077094, 0.00135057338048, 0.00126834027469, 0.000811665493529, 0.000618984980974, 0.00058254977921, 0.000555678852834, 0.000963076483458, 0.000967790198047, 0.000423894525738, 0.000471921433927, 0.000738078553695, 0.000300865387544, 9.40959143918e-05, 7.0730005973e-05, 7.06269856892e-05, 6.3050785684e-05, 6.56418487779e-05, 5.51809862372e-05, 4.21965851274e-05, 3.5622928408e-05, 3.2780739275e-05, 3.35442455253e-05, 3.25137843902e-05, 3.95556708099e-05, 2.47693442361e-05, 1.79712369572e-05, 1.35800692078e-05, 1.24402013171e-05, 1.1089427062e-05, 1.09484117274e-05, 1.17513009172e-05, 1.7535088773e-05, 1.8112727048e-05, 1.80355527846e-05, 2.02677183552e-05, 1.70045605046e-05, 8.94789536687e-06, 1.2696678823e-05, 1.42090402733e-05, 1.14236891022e-05, 8.37872266857e-06, 1.55222460307e-05, 5.78620984015e-06, 3.18648108077e-06, 2.12582017411e-06, 1.82982671504e-06, 1.4442889551e-06, 1.8555109591e-06, 2.55724125964e-06, 2.14725741898e-06, 2.07857533496e-06, 2.18584250433e-06, 1.65689607456e-06, 1.51151641603e-06, 1.04142714008e-06, 1.53661028435e-06, 1.67302152931e-06, 1.65128653862e-06, 1.30940952658e-06, 8.66454399784e-07, 9.51973902374e-07, 9.50324249516e-07, 1.82732810572e-06, 1.37241738685e-06, 1.98780185201e-06, 1.22646019918e-06, 7.10324343345e-07, 8.61328999235e-07, 8.37674690501e-07, 7.79928143402e-07, 1.3139379007e-06, 8.73408964708e-07, 9.15975647331e-07, 1.01184195955e-06, 6.98105793617e-07, 9.39580388604e-07, 8.57669078869e-07, 9.38544872042e-07, 1.27539988171e-06, 1.03329625745e-06, 1.15789475785e-06, 1.90914147424e-06, 9.83946620181e-07, 7.17327566235e-07, 5.79358754749e-07, 2.74364197139e-07, 3.02540229313e-07, 2.55313807429e-07, 2.51488330605e-07, 1.74524984686e-07, 1.44529394674e-07, 6.59699068706e-08, 2.82180767641e-08, 3.01462357299e-08, 2.03712069435e-08, 1.03105417537e-08, 1.30413759791e-08, 7.41666594806e-09, 1.09263620374e-09, 9.48578993132e-10, 9.28601862071e-10, 9.17528830691e-10, 9.1085339271e-10]
    },
    "mfcc": {
        "mean": [-731.768615723, 160.032531738, -37.9874763489, -8.15648937225, -12.6830749512, -13.5494842529, -0.741008162498, 2.99007463455, -3.19910120964, -2.58135461807, -9.71241283417, -7.34979534149, -8.14419269562],
        "cov": [[6741.66796875, -2956.94335938, 766.142700195, -657.072570801, 176.515197754, 484.405578613, 696.626220703, 993.52722168, 414.973388672, 536.905151367, 425.599273682, 168.927856445, 20.6495990753], [-2956.94335938, 1993.63671875, -498.901885986, 305.294891357, -12.2194366455, -255.018539429, -219.231933594, -443.240783691, -193.12298584, -222.158325195, -175.715988159, -41.4707565308, 2.54111337662], [766.142700195, -498.901885986, 1945.0826416, 42.6088523865, 661.827087402, -166.086791992, 39.6091270447, -137.494979858, -303.90536499, 63.3424911499, -25.7436141968, 48.0273857117, 76.0391464233], [-657.072570801, 305.294891357, 42.6088523865, 666.165710449, 111.74256897, 102.424415588, -189.842010498, -251.025115967, 47.2442626953, -111.044876099, -12.5614175797, 24.5283031464, 29.622882843], [176.515197754, -12.2194366455, 661.827087402, 111.74256897, 523.178466797, -117.903488159, 1.57024002075, -121.744148254, -96.6597061157, 15.7815237045, -32.0787315369, 50.9037780762, 42.0024757385], [484.405578613, -255.018539429, -166.086791992, 102.424415588, -117.903488159, 304.051055908, 64.6069793701, 110.052276611, 128.844650269, 25.079000473, 63.5891265869, -0.776512980461, 23.9300861359], [696.626220703, -219.231933594, 39.6091270447, -189.842010498, 1.57024002075, 64.6069793701, 282.824798584, 140.636367798, 50.8427848816, 61.4831504822, 44.0219039917, 14.2932844162, -3.00560688972], [993.52722168, -443.240783691, -137.494979858, -251.025115967, -121.744148254, 110.052276611, 140.636367798, 374.920318604, 92.8193817139, 130.082244873, 81.7037506104, 2.09009027481, 7.25933074951], [414.973388672, -193.12298584, -303.90536499, 47.2442626953, -96.6597061157, 128.844650269, 50.8427848816, 92.8193817139, 232.8853302, 16.7917518616, 70.898979187, -6.28243303299, -0.871478259563], [536.905151367, -222.158325195, 63.3424911499, -111.044876099, 15.7815237045, 25.079000473, 61.4831504822, 130.082244873, 16.7917518616, 143.523880005, 34.7702064514, 21.0623111725, 3.76548457146], [425.599273682, -175.715988159, -25.7436141968, -12.5614175797, -32.0787315369, 63.5891265869, 44.0219039917, 81.7037506104, 70.898979187, 34.7702064514, 115.746932983, -1.42580628395, 12.3570661545], [168.927856445, -41.4707565308, 48.0273857117, 24.5283031464, 50.9037780762, -0.776512980461, 14.2932844162, 2.09009027481, -6.28243303299, 21.0623111725, -1.42580628395, 97.8270263672, 0.0414657108486], [20.6495990753, 2.54111337662, 76.0391464233, 29.622882843, 42.0024757385, 23.9300861359, -3.00560688972, 7.25933074951, -0.871478259563, 3.76548457146, 12.3570661545, 0.0414657108486, 85.2069396973]],
        "icov": [[0.00080812437227, 0.000763420364819, -6.25643224339e-05, 5.33592792635e-05, -0.000416625116486, -0.000163471355336, -0.000669967674185, -0.0006240720395, -0.000310739094857, -0.000517003238201, -0.000839050160721, -0.00064876844408, 0.000241156652919], [0.000763420364819, 0.00184704887215, 0.000594216806348, -0.000497133936733, -0.000501727219671, 0.000620391452685, -0.00107067986391, 9.93614230538e-05, 0.000840659369715, -0.000279663217952, -0.000449007638963, -0.00017418745847, -0.000484530202812], [-6.25643224339e-05, 0.000594216806348, 0.0015426374739, -0.000366616994143, -0.00130450713914, 0.000247655145358, -0.000457752903458, 0.000517934677191, 0.00204761768691, -0.000205114454729, -0.000368900276953, 0.000601648062002, -0.000655319832731], [5.33592792635e-05, -0.000497133936733, -0.000366616994143, 0.00395891210064, -0.000889502756763, -0.00268977251835, 0.00225282367319, 0.00173020223156, -0.00174603937194, 0.00084988452727, -0.000664959545247, -0.00134499894921, 0.000120341523143], [-0.000416625116486, -0.000501727219671, -0.00130450713914, -0.000889502756763, 0.00458856858313, 0.00165250967257, -0.000451004307251, 0.000827005598694, -0.000763574324083, -0.000711711414624, 0.00115225964691, -0.000834524980746, -0.00136612227652], [-0.000163471355336, 0.000620391452685, 0.000247655145358, -0.00268977251835, 0.00165250967257, 0.00699209934101, -0.00192795100156, -0.00109599158168, -0.000663765647914, -0.000188135163626, 0.000117202747788, 0.000599283899646, -0.00203347578645], [-0.000669967674185, -0.00107067986391, -0.000457752903458, 0.00225282367319, -0.000451004307251, -0.00192795100156, 0.00655732629821, -0.000121371631394, -0.00132060679607, 0.000701486889739, 1.41996770253e-05, -0.000609176058788, 0.000778738409281], [-0.0006240720395, 9.93614230538e-05, 0.000517934677191, 0.00173020223156, 0.000827005598694, -0.00109599158168, -0.000121371631394, 0.00769170280546, -0.00014996092068, -0.00308587355539, -0.000623756728601, 0.000492335588206, -0.00144984142389], [-0.000310739094857, 0.000840659369715, 0.00204761768691, -0.00174603937194, -0.000763574324083, -0.000663765647914, -0.00132060679607, -0.00014996092068, 0.00977794546634, 0.000399790820666, -0.00262704212219, 0.00141733919736, -0.000178400528966], [-0.000517003238201, -0.000279663217952, -0.000205114454729, 0.00084988452727, -0.000711711414624, -0.000188135163626, 0.000701486889739, -0.00308587355539, 0.000399790820666, 0.0121521353722, -0.000603094696999, -0.00160550919827, 0.000267836789135], [-0.000839050160721, -0.000449007638963, -0.000368900276953, -0.000664959545247, 0.00115225964691, 0.000117202747788, 1.41996770253e-05, -0.000623756728601, -0.00262704212219, -0.000603094696999, 0.0135691836476, 0.00117861875333, -0.00173880707007], [-0.00064876844408, -0.00017418745847, 0.000601648062002, -0.00134499894921, -0.000834524980746, 0.000599283899646, -0.000609176058788, 0.000492335588206, 0.00141733919736, -0.00160550919827, 0.00117861875333, 0.0122817112133, 0.000181285373401], [0.000241156652919, -0.000484530202812, -0.000655319832731, 0.000120341523143, -0.00136612227652, -0.00203347578645, 0.000778738409281, -0.00144984142389, -0.000178400528966, 0.000267836789135, -0.00173880707007, 0.000181285373401, 0.0138690443709]]
    },
    "spectral_contrast_coeffs": {
        "max": [-0.415968418121, -0.440391689539, -0.569798886776, -0.665632128716, -0.655315577984, -0.545738399029],
        "mean": [-0.696259200573, -0.746117651463, -0.744602560997, -0.820254564285, -0.795882582664, -0.752426147461],
        "min": [-0.899930238724, -0.92160898447, -0.892214417458, -0.902030587196, -0.888027310371, -0.928346574306],
        "stdev": [0.0886383652687, 0.0756745263934, 0.0579850971699, 0.0353809818625, 0.0351492986083, 0.0581882074475]
    },
    "spectral_contrast_valleys": {
        "max": [-5.26722049713, -5.62239027023, -4.63043832779, -5.91433429718, -6.18873929977, -8.25924873352],
        "mean": [-8.07199478149, -7.07316637039, -7.15383195877, -7.80092573166, -8.49494171143, -12.1566467285],
        "min": [-10.851984024, -8.62670040131, -9.15376758575, -9.84673690796, -12.2204189301, -16.075296402],
        "stdev": [0.925432443619, 0.456174224615, 0.956232309341, 0.805959761143, 0.929474711418, 1.9768434763]
    }
},
"rhythm": {
    "beats_count": 46,
    "beats_loudness": {
        "max": 0.118962042034,
        "mean": 0.0184560492635,
        "min": 0.000796459673438,
        "stdev": 0.0247135795653
    },
    "bpm": 101.564064026,
    "bpm_histogram_first_peak_bpm": 101,
    "bpm_histogram_first_peak_weight": 0.344827592373,
    "bpm_histogram_second_peak_bpm": 89,
    "bpm_histogram_second_peak_spread": 0.375,
    "bpm_histogram_second_peak_weight": 0.222222223878,
    "danceability": 0.921225368977,
    "onset_rate": 1.30974256992,
    "beats_loudness_band_ratio": {
        "max": [0.945371508598, 0.71325558424, 0.655199766159, 0.904084801674, 0.162928536534, 0.0743716359138],
        "mean": [0.152885049582, 0.22899569571, 0.309063345194, 0.293685287237, 0.0477526187897, 0.0113590862602],
        "min": [0.00143112125807, 0.00184610125143, 0.00661108782515, 0.00465716421604, 0.00062934338348, 0.000784283620305],
        "stdev": [0.220113322139, 0.198916614056, 0.171395197511, 0.240574613214, 0.0369149297476, 0.0133665828034]
    },
    "beats_position": [0.684988677502, 1.38158726692, 2.07818579674, 2.77478456497, 3.45977306366, 4.14476203918, 4.81814050674, 5.4915189743, 6.1648979187, 6.83827638626, 7.50004529953, 8.16181373596, 8.83519268036, 9.50857162476, 10.1819496155, 10.8437185287, 11.5170974731, 12.1208162308, 12.7361450195, 13.3398637772, 13.9319725037, 14.5240812302, 15.1161899567, 15.7082986832, 16.3004074097, 16.8925170898, 17.4846248627, 18.0767345428, 18.6688423157, 19.2493419647, 19.8414516449, 20.4335594177, 21.0140590668, 21.5829467773, 22.1518363953, 22.7323360443, 23.3244438171, 23.9165534973, 24.5086612701, 25.1007709503, 25.6928787231, 26.2849884033, 26.8770961761, 27.4692058563, 28.0497055054, 28.6534233093],
