{
"metadata": {
    "version": {
        "essentia": "2.1-beta5",
        "essentia_git_sha": "Undefined",
        "extractor": "music 2.0"
    },
    "audio_properties": {
        "analysis": {
            "equal_loudness": 0,
            "length": 32.4963264465,
            "sample_rate": 44100,
            "start_time": 126.490699768,
            "downmix": "mix"
        },
        "bit_rate": 192000,
        "length": 190.368972778,
        "lossless": 0,
        "number_channels": 2,
        "replay_gain": -2.63018989563,
        "sample_rate": 48000,
        "codec": "mp3",
        "md5_encoded": "925f83c51e66bde2479aac76a48cf6e2"
    },
    "tags": {
        "file_name": "Poland_Flashlight_Kasia Moś.mp3",
        "encoding": ["Lavf58.29.100"]
    }
},
"lowlevel": {
    "average_loudness": 0.909139513969,
    "barkbands_crest": {
        "max": 22.8939247131,
        "mean": 13.4024047852,
        "min": 3.94292211533,
        "stdev": 4.42826700211
    },
    "barkbands_flatness_db": {
        "max": 0.304449677467,
        "mean": 0.165401160717,
        "min": 0.0367993637919,
        "stdev": 0.0465539246798
    },
    "barkbands_kurtosis": {
        "max": 32.8137893677,
        "mean": 1.79954230785,
        "min": -1.66042792797,
        "stdev": 3.75958752632
    },
    "barkbands_skewness": {
        "max": 5.50743198395,
        "mean": 0.710138320923,
        "min": -1.44202804565,
        "stdev": 1.20589578152
    },
    "barkbands_spread": {
        "max": 71.9988098145,
        "mean": 22.1498279572,
        "min": 4.64907264709,
        "stdev": 10.0922288895
    },
    "dissonance": {
        "max": 0.499975860119,
        "mean": 0.451545625925,
        "min": 0.267118573189,
        "stdev": 0.0403764396906
    },
    "dynamic_complexity": 3.00449824333,
    "erbbands_crest": {
        "max": 31.2101840973,
        "mean": 14.3422231674,
        "min": 2.6510913372,
        "stdev": 6.94260406494
    },
    "erbbands_flatness_db": {
        "max": 0.349979937077,
        "mean": 0.197948858142,
        "min": 0.0508950464427,
        "stdev": 0.0662154182792
    },
    "erbbands_kurtosis": {
        "max": 34.3473892212,
        "mean": 2.72617125511,
        "min": -1.457482934,
        "stdev": 3.77368879318
    },
    "erbbands_skewness": {
        "max": 4.50432109833,
        "mean": 0.659516513348,
        "min": -1.66719675064,
        "stdev": 0.903082609177
    },
    "erbbands_spread": {
        "max": 89.5951843262,
        "mean": 22.9107379913,
        "min": 3.0448782444,
        "stdev": 16.041261673
    },
    "hfc": {
        "max": 94.7306900024,
        "mean": 26.8945026398,
        "min": 1.14324021339,
        "stdev": 17.3043727875
    },
    "loudness_ebu128": {
        "integrated": -19.6054916382,
        "loudness_range": 4.05909156799,
        "momentary": {
            "max": -16.4578590393,
            "mean": -19.9882488251,
            "min": -23.9063777924,
            "stdev": 1.82820856571
        },
        "short_term": {
            "max": -17.0978450775,
            "mean": -19.9010562897,
            "min": -21.9783096313,
            "stdev": 1.33464848995
        }
    },
    "melbands_crest": {
        "max": 35.5814437866,
        "mean": 17.9357814789,
        "min": 6.72313594818,
        "stdev": 5.71511077881
    },
    "melbands_flatness_db": {
        "max": 0.353119701147,
        "mean": 0.220650613308,
        "min": 0.065878033638,
        "stdev": 0.0426766723394
    },
    "melbands_kurtosis": {
        "max": 115.111343384,
        "mean": 6.25599098206,
        "min": -1.6497938633,
        "stdev": 11.6862344742
    },
    "melbands_skewness": {
        "max": 9.58757400513,
        "mean": 1.49950540066,
        "min": -1.44701778889,
        "stdev": 1.79479074478
    },
    "melbands_spread": {
        "max": 78.9633102417,
        "mean": 26.8688240051,
        "min": 3.27103829384,
        "stdev": 11.288028717
    },
    "pitch_salience": {
        "max": 0.711549282074,
        "mean": 0.451529234648,
        "min": 0.108433581889,
        "stdev": 0.0927686467767
    },
    "silence_rate_20dB": {
        "max": 1,
        "mean": 1,
        "min": 1,
        "stdev": 0
    },
    "silence_rate_30dB": {
        "max": 1,
        "mean": 0.999286234379,
        "min": 0,
        "stdev": 0.0267070867121
    },
    "silence_rate_60dB": {
        "max": 0,
        "mean": 0,
        "min": 0,
        "stdev": 0
    },
    "spectral_centroid": {
        "max": 2993.33447266,
        "mean": 1426.02331543,
        "min": 586.244689941,
        "stdev": 397.802490234
    },
    "spectral_complexity": {
        "max": 44,
        "mean": 17,
        "min": 3,
        "stdev": 5.47383642197
    },
    "spectral_decrease": {
        "max": -3.55587559397e-10,
        "mean": -9.13811248893e-09,
        "min": -2.97364426416e-08,
        "stdev": 5.02544494907e-09
    },
    "spectral_energy": {
        "max": 0.120482161641,
        "mean": 0.0369287878275,
        "min": 0.00144576409366,
        "stdev": 0.020306378603
    },
    "spectral_energyband_high": {
        "max": 0.00250555737875,
        "mean": 0.000370059744455,
        "min": 1.5700736185e-05,
        "stdev": 0.000331958319293
    },
    "spectral_energyband_low": {
        "max": 0.0636801570654,
        "mean": 0.0126191340387,
        "min": 0.000582390173804,
        "stdev": 0.00911653600633
    },
    "spectral_energyband_middle_high": {
        "max": 0.0927551835775,
        "mean": 0.0183548443019,
        "min": 0.000458864058601,
        "stdev": 0.0182805079967
    },
    "spectral_energyband_middle_low": {
        "max": 0.051213555038,
        "mean": 0.00605212664232,
        "min": 0.000299882492982,
        "stdev": 0.00770304165781
    },
    "spectral_entropy": {
        "max": 8.56031131744,
        "mean": 7.46805000305,
        "min": 6.21063613892,
        "stdev": 0.436431407928
    },
    "spectral_flux": {
        "max": 0.263135969639,
        "mean": 0.100330546498,
        "min": 0.0262111052871,
        "stdev": 0.0415108837187
    },
    "spectral_kurtosis": {
        "max": 20.3436794281,
        "mean": 5.4881978035,
        "min": 0.0901548862457,
        "stdev": 2.6642973423
    },
    "spectral_rms": {
        "max": 0.0108417514712,
        "mean": 0.00576346646994,
        "min": 0.00118764536455,
        "stdev": 0.00167647795752
    },
    "spectral_rolloff": {
        "max": 6438.42773438,
        "mean": 1128.92028809,
        "min": 64.599609375,
        "stdev": 614.553955078
    },
    "spectral_skewness": {
        "max": 3.36476302147,
        "mean": 1.73834168911,
        "min": 0.68017154932,
        "stdev": 0.376331478357
    },
    "spectral_spread": {
        "max": 12268894,
        "mean": 4103176.5,
        "min": 1987590.875,
        "stdev": 1324407.375
    },
    "spectral_strongpeak": {
        "max": 13.2320241928,
        "mean": 2.45248818398,
        "min": 0,
        "stdev": 2.65638518333
    },
    "zerocrossingrate": {
        "max": 0.15673828125,
        "mean": 0.0497666969895,
        "min": 0.0146484375,
        "stdev": 0.0175278615206
    },
    "barkbands": {
        "max": [0.0182498563081, 0.0485161542892, 0.0226168297231, 0.0167454387993, 0.0105911828578, 0.0379029139876, 0.0171479191631, 0.016359589994, 0.04907714203, 0.0848171636462, 0.0256535392255, 0.0344593375921, 0.0226266644895, 0.0152616715059, 0.00911429338157, 0.01830133982, 0.0102076344192, 0.0105442171916, 0.0023674373515, 0.00179643370211, 0.00137073069345, 0.000723729899619, 0.000748075312003, 0.000685129314661, 0.000966216844972, 0.000501117960084, 3.33036114171e-05],
        "mean": [0.00188355217688, 0.00929873622954, 0.00160518789198, 0.000373712857254, 0.000602592946962, 0.00154411525, 0.000637393677607, 0.00034872427932, 0.00137878837995, 0.0126181347296, 0.000531209632754, 0.00104601273779, 0.000879378174432, 0.00143175304402, 0.00107040733565, 0.000418567215092, 0.000269867858151, 0.00036325934343, 0.00018106646894, 0.000163816017448, 7.34905261197e-05, 4.30802792835e-05, 5.16675427207e-05, 5.13256673003e-05, 4.81155839225e-05, 1.43762081279e-05, 4.53466384442e-07],
        "min": [3.41878376275e-06, 1.14390395538e-05, 5.15827969139e-06, 1.88054923456e-06, 8.18025091576e-06, 1.73824059857e-06, 6.43117436994e-06, 3.53538098352e-06, 1.95039774553e-05, 8.01506030257e-06, 3.86201418223e-06, 5.10363679496e-06, 1.98050274776e-05, 7.70612587075e-06, 1.35988721013e-05, 1.15479278975e-05, 9.33022420213e-06, 1.03995798781e-05, 1.1104866644e-06, 3.04705622511e-06, 2.95559016195e-06, 7.244178164e-07, 6.49427136068e-07, 1.08667066456e-07, 1.96247773587e-09, 8.16270176451e-11, 9.24147425252e-11],
        "stdev": [0.00284970528446, 0.00730326492339, 0.00206585065462, 0.000887545524165, 0.00104550051037, 0.00357253360562, 0.00135235954076, 0.00103678216692, 0.00438238680363, 0.0171723980457, 0.00204412150197, 0.00325161986984, 0.00176468701102, 0.002346502617, 0.00160718208645, 0.00133588165045, 0.000655098527204, 0.000401150085963, 0.000174275424797, 0.000192099570995, 0.000104400736745, 6.22179431957e-05, 6.46218686597e-05, 6.91171226208e-05, 8.84136461536e-05, 3.48813191522e-05, 2.23732286031e-06]
    },
    "erbbands": {
        "max": [2.69340395927, 9.99354839325, 32.8170089722, 46.4838180542, 21.0694351196, 55.2311859131, 203.914840698, 486.438323975, 280.840881348, 246.73626709, 424.911437988, 1116.60449219, 1781.6394043, 2796.53613281, 745.85559082, 1598.37744141, 1057.86694336, 898.202392578, 695.208129883, 834.161804199, 847.385437012, 596.166931152, 661.102539062, 183.896759033, 72.61328125, 102.872528076, 81.3450622559, 50.5060043335, 33.2094078064, 26.1855773926, 17.3542175293, 14.433008194, 14.116060257, 12.5627641678, 7.52110385895, 2.61553502083, 0.966417729855, 0.151222616434, 0.00376278278418, 0.000288764073048],
        "mean": [0.397069185972, 1.59268856049, 2.09862732887, 1.48241782188, 1.2358686924, 2.07216572762, 6.55036783218, 14.7371463776, 11.786740303, 6.11703538895, 8.82150363922, 31.9627990723, 186.697265625, 336.311889648, 35.5949821472, 44.9398574829, 42.4946861267, 58.449131012, 95.0400466919, 25.9920864105, 19.5808467865, 14.8565092087, 18.4398765564, 14.7231445312, 7.95857954025, 8.03582859039, 4.6153011322, 1.94736862183, 1.57386338711, 1.52869737148, 1.42937719822, 0.986799657345, 0.932361960411, 0.622567474842, 0.301776319742, 0.0855101048946, 0.0222812592983, 0.00313417008147, 9.80157637969e-05, 4.66229248559e-05],
        "min": [0.00690306909382, 0.00965657364577, 0.0698679313064, 0.0394263230264, 0.045507799834, 0.0178412664682, 0.00789318326861, 0.0218827929348, 0.208590939641, 0.17959189415, 0.2670969069, 0.497045844793, 0.571374475956, 0.528179585934, 0.649880409241, 0.685856282711, 1.31423008442, 1.02285659313, 0.608697116375, 0.987775325775, 0.962788105011, 0.854687154293, 0.627598643303, 0.11966881156, 0.0591774992645, 0.155906632543, 0.185311555862, 0.0780265927315, 0.045167837292, 0.0196068417281, 0.0215047020465, 0.00674450350925, 0.0019485243829, 0.000488443823997, 7.07900398993e-05, 1.23750542116e-05, 5.34605169378e-06, 9.55983182394e-07, 2.97804695037e-06, 3.12451629725e-06],
        "stdev": [0.361911416054, 1.33124518394, 2.47639989853, 2.43342494965, 2.17339777946, 3.87705254555, 14.4290418625, 39.8262710571, 25.5359172821, 13.3453969955, 24.627986908, 90.7381744385, 252.07623291, 525.638305664, 69.3920898438, 124.123268127, 80.290397644, 107.479042053, 121.612197876, 55.7546234131, 54.2928886414, 33.3634414673, 24.8377285004, 12.4028215408, 7.94268655777, 9.25482463837, 5.6473531723, 2.92954778671, 2.32748126984, 2.17569327354, 1.75249886513, 1.32690405846, 1.32126402855, 1.051248312, 0.637190997601, 0.189913764596, 0.06039076671, 0.00986432470381, 0.000266044575255, 2.49460535997e-05]
    },
    "gfcc": {
        "mean": [3.98325276375, 101.469818115, -134.409545898, 32.0296783447, -44.5839958191, 36.4205970764, -23.6128234863, 23.7850036621, -18.1857585907, 4.34720897675, -1.17658793926, -1.38262712955, 3.16392278671],
        "cov": [[954.963745117, -413.518981934, 136.033233643, -94.7909698486, -104.03225708, 50.2463264465, -108.53780365, 84.2924423218, -79.9542770386, 40.2313117981, -154.836578369, 116.158233643, -17.9012031555], [-413.518981934, 781.124267578, -403.762268066, 66.108543396, -0.681654751301, -74.6217346191, 193.657318115, -152.695205688, 118.590568542, -213.829086304, 177.951705933, -194.922058105, 180.948654175], [136.033233643, -403.762268066, 538.497070312, 44.1923561096, -12.8558692932, -35.7433242798, -211.905059814, 95.3400344849, -83.5288848877, 149.053009033, -96.6007232666, 139.66809082, -149.231765747], [-94.7909698486, 66.108543396, 44.1923561096, 216.917816162, -34.1833114624, -68.3162689209, -59.4206924438, -45.5408782959, 39.6884841919, 4.2702050209, 41.2356376648, -16.1651554108, -19.2735748291], [-104.03225708, -0.681654751301, -12.8558692932, -34.1833114624, 144.543960571, 25.8830490112, 30.3792057037, 19.2153549194, -15.2084026337, 19.7651691437, -9.05845355988, 11.1763763428, -17.2035236359], [50.2463264465, -74.6217346191, -35.7433242798, -68.3162689209, 25.8830490112, 164.218688965, 80.6345901489, 8.86291980743, -18.2390174866, -48.228767395, -18.5789833069, -13.6701955795, 4.81792640686], [-108.53780365, 193.657318115, -211.905059814, -59.4206924438, 30.3792057037, 80.6345901489, 265.796661377, -47.1163520813, 21.7584228516, -113.115936279, 48.6986198425, -69.1770401001, 51.6640014648], [84.2924423218, -152.695205688, 95.3400344849, -45.5408782959, 19.2153549194, 8.86291980743, -47.1163520813, 128.288742065, -13.8963060379, 49.2885932922, -53.436126709, 40.7674484253, -20.3059406281], [-79.9542770386, 118.590568542, -83.5288848877, 39.6884841919, -15.2084026337, -18.2390174866, 21.7584228516, -13.8963060379, 112.746986389, -43.5463981628, 26.338136673, -39.2107810974, 50.6081237793], [40.2313117981, -213.829086304, 149.053009033, 4.2702050209, 19.7651691437, -48.228767395, -113.115936279, 49.2885932922, -43.5463981628, 201.722961426, -1.46808004379, 75.0735092163, -101.600402832], [-154.836578369, 177.951705933, -96.6007232666, 41.2356376648, -9.05845355988, -18.5789833069, 48.6986198425, -53.436126709, 26.338136673, -1.46808004379, 148.052856445, -22.5454883575, 19.8135433197], [116.158233643, -194.922058105, 139.66809082, -16.1651554108, 11.1763763428, -13.6701955795, -69.1770401001, 40.7674484253, -39.2107810974, 75.0735092163, -22.5454883575, 124.925857544, -45.2497634888], [-17.9012031555, 180.948654175, -149.231765747, -19.2735748291, -17.2035236359, 4.81792640686, 51.6640014648, -20.3059406281, 50.6081237793, -101.600402832, 19.8135433197, -45.2497634888, 155.786956787]],
        "icov": [[0.00188507430721, 0.000660436751787, 0.000607104157098, 0.000238334774622, 0.00163013464771, -0.000238432578044, 0.000284627691144, -0.000153074230184, 0.000712249660864, 0.000237454194576, 0.00118024821859, -0.0012007302139, -0.000441793090431], [0.000660436751787, 0.00714311050251, 0.000808514130767, 0.000452037114883, -0.00188180070836, 0.00517398491502, -0.000699550728314, 0.00151097180787, 1.0395389836e-05, 0.0043501839973, -0.00504063023254, 0.00516671361402, -0.00235388008878], [0.000607104157098, 0.000808514130767, 0.00485546840355, -0.00107685418334, 0.000967721571214, 5.05111420352e-05, 0.00184969045222, -0.00142699549906, 0.00135265849531, 0.000800377340056, 0.00116734020412, -0.00252723367885, 0.00215452513658], [0.000238334774622, 0.000452037114883, -0.00107685418334, 0.0075368755497, 0.000288747280138, 0.00207814644091, 0.00169283477589, 0.00230890000239, -0.00254946714267, 0.00166772166267, -0.00207373662852, 0.00149642291944, 0.00172465876676], [0.00163013464771, -0.00188180070836, 0.000967721571214, 0.000288747280138, 0.0101921884343, -0.00275533855893, -0.000731917447411, -0.00162248685956, 0.00105153361801, -0.00255523738451, 0.00353443506174, -0.00370388454758, 0.00104434939567], [-0.000238432578044, 0.00517398491502, 5.05111420352e-05, 0.00207814644091, -0.00275533855893, 0.0126891853288, -0.00256913667545, 0.000431083259173, 0.000728643848561, 0.0053891655989, -0.00389554584399, 0.00473098875955, -0.000372479815269], [0.000284627691144, -0.000699550728314, 0.00184969045222, 0.00169283477589, -0.000731917447411, -0.00256913667545, 0.00818678271025, 0.000172407162609, 8.39193307911e-05, 0.00297326827422, -0.00142695056275, -0.000173549924511, 0.00217554089613], [-0.000153074230184, 0.00151097180787, -0.00142699549906, 0.00230890000239, -0.00162248685956, 0.000431083259173, 0.000172407162609, 0.01242014952, -0.00218198634684, -0.00164684304036, 0.00153561937623, 0.00052513560513, -0.00189266260713], [0.000712249660864, 1.0395389836e-05, 0.00135265849531, -0.00254946714267, 0.00105153361801, 0.000728643848561, 8.39193307911e-05, -0.00218198634684, 0.0130676897243, 0.000702838238794, -0.000152137959958, 0.000943563063629, -0.00266186730005], [0.000237454194576, 0.0043501839973, 0.000800377340056, 0.00166772166267, -0.00255523738451, 0.0053891655989, 0.00297326827422, -0.00164684304036, 0.000702838238794, 0.0146617256105, -0.00645588058978, 0.000835300423205, 0.00469538057223], [0.00118024821859, -0.00504063023254, 0.00116734020412, -0.00207373662852, 0.00353443506174, -0.00389554584399, -0.00142695056275, 0.00153561937623, -0.000152137959958, -0.00645588058978, 0.0151689760387, -0.00591781921685, 0.000227135038585], [-0.0012007302139, 0.00516671361402, -0.00252723367885, 0.00149642291944, -0.00370388454758, 0.00473098875955, -0.000173549924511, 0.00052513560513, 0.000943563063629, 0.000835300423205, -0.00591781921685, 0.0186407789588, -0.00239899102598], [-0.000441793090431, -0.00235388008878, 0.00215452513658, 0.00172465876676, 0.00104434939567, -0.000372479815269, 0.00217554089613, -0.00189266260713, -0.00266186730005, 0.00469538057223, 0.000227135038585, -0.00239899102598, 0.0137394610792]]
    },
    "melbands": {
        "max": [0.0182360447943, 0.0152968764305, 0.0067730396986, 0.00222375616431, 0.00586633244529, 0.00929360091686, 0.00403231894597, 0.00245630159043, 0.00383964297362, 0.00807262863964, 0.00949840340763, 0.0128569882363, 0.00242340005934, 0.00451701134443, 0.00371674331836, 0.00175337761175, 0.00189761037473, 0.00149390520528, 0.000696914677974, 0.00185709667858, 0.000892199226655, 0.000499227957334, 0.000725990626961, 0.000289253308438, 0.000177061243448, 4.26844926551e-05, 8.9452987595e-05, 8.28918127809e-05, 6.31257353234e-05, 4.71861385449e-05, 2.067526475e-05, 1.93974719878e-05, 1.48772542161e-05, 1.71106930793e-05, 1.09223856271e-05, 8.31550914882e-06, 1.15348366307e-05, 1.12771895147e-05, 1.42853150464e-05, 1.03948341348e-05],
        "mean": [0.00311663956381, 0.00134803296532, 0.00025043063215, 0.000113873342343, 0.000204120064154, 0.000319897459121, 0.000166022146004, 6.54807809042e-05, 6.98696749168e-05, 0.000216877961066, 0.00107108370867, 0.00157412909903, 7.65119984862e-05, 0.000115753318823, 0.000109194144898, 8.18205880933e-05, 0.000110457913252, 0.00017202590243, 4.41735355707e-05, 3.3113428799e-05, 1.95725388039e-05, 1.45517815326e-05, 1.62269643624e-05, 1.76543817361e-05, 1.1488013115e-05, 6.26409155302e-06, 5.19340119354e-06, 5.3660296544e-06, 3.2099121654e-06, 1.81247492037e-06, 8.69882683219e-07, 9.05732633782e-07, 8.05966294593e-07, 8.7374917257e-07, 8.36467506815e-07, 7.43417103877e-07, 5.42633131317e-07, 6.49186517876e-07, 6.05277932664e-07, 5.11949792781e-07],
        "min": [5.10276222485e-05, 5.50336917513e-05, 9.40998506849e-06, 2.60695310317e-06, 2.82088137737e-07, 4.2051743776e-07, 3.48173352904e-06, 1.60744821187e-06, 1.84596706276e-06, 2.3013669761e-06, 2.11945280171e-06, 1.74578349288e-06, 7.65238723943e-07, 8.58288331074e-07, 1.39414225941e-06, 1.81253813025e-06, 9.05593651623e-07, 6.67677795718e-07, 9.44085911669e-07, 6.18183037204e-07, 8.20046636818e-07, 5.13117811352e-07, 5.30407248789e-07, 2.74834434322e-07, 7.16063226491e-08, 3.12133181524e-08, 5.9562896837e-08, 1.14936170803e-07, 6.69775346296e-08, 4.04099935736e-08, 2.25741505488e-08, 1.4401083881e-08, 2.15058593156e-09, 5.48976597514e-09, 1.32181421364e-09, 8.98130281257e-09, 1.52128032394e-09, 6.28750107534e-10, 1.5278618648e-10, 1.78740217072e-11],
        "stdev": [0.00257652625442, 0.00121671427041, 0.000389500550227, 0.00018775407807, 0.000427933991887, 0.000801831833087, 0.000350696558598, 0.000162839103723, 0.000203522984521, 0.000675287621561, 0.00142757350113, 0.00243886117823, 0.000222156726522, 0.000386049418012, 0.000310291623464, 0.000140603151522, 0.000232370162848, 0.00023107934976, 7.21330143278e-05, 0.000114101887448, 5.5474229157e-05, 3.73959410354e-05, 3.41693848895e-05, 1.65889887285e-05, 1.09927941594e-05, 5.86654005019e-06, 7.756895684e-06, 6.34260550214e-06, 4.12739018429e-06, 2.9794719012e-06, 1.38143593631e-06, 1.36198320888e-06, 1.26944041767e-06, 1.26977113268e-06, 1.0584831216e-06, 9.68199515228e-07, 8.20686807401e-07, 9.20341165056e-07, 1.01737418845e-06, 9.2037896593e-07]
    },
    "melbands128": {
        "max": [0.015655271709, 0.0278193876147, 0.0231298096478, 0.0203809887171, 0.022037351504, 0.008455703035, 0.0111720226705, 0.00616716127843, 0.0023090755567, 0.00308791105635, 0.00429569836706, 0.00477564008906, 0.00947917252779, 0.00802497938275, 0.017417864874, 0.0117501718923, 0.00666485587135, 0.00707513652742, 0.00375041784719, 0.00429840572178, 0.00400407845154, 0.00610768795013, 0.00577990338206, 0.00485868472606, 0.00971155054867, 0.0182188227773, 0.0143805667758, 0.0176033098251, 0.0203318074346, 0.029245486483, 0.0133171565831, 0.00548684922978, 0.00389980454929, 0.0049189068377, 0.00853126030415, 0.00881978590041, 0.00620970036834, 0.00814392883331, 0.00559721933678, 0.00319718313403, 0.00258076842874, 0.00191924907267, 0.0043145660311, 0.00369092798792, 0.00284845847636, 0.00270560360514, 0.00178148539271, 0.00154985918198, 0.000988588435575, 0.00178698240779, 0.0034808695782, 0.00279517145827, 0.0019465732621, 0.000707184022758, 0.00142322864849, 0.000776261033025, 0.00113408104517, 0.00107349082828, 0.00150641892105, 0.000824356626254, 0.000180436371011, 0.000221024194616, 0.000273244717391, 0.000264341040747, 0.000138475035783, 6.67948552291e-05, 6.77207426634e-05, 0.000159704213729, 0.000178926915396, 0.000134431553306, 0.000178733782377, 7.54859429435e-05, 4.6666162234e-05, 0.000139031209983, 0.000134781250381, 6.54687173665e-05, 7.82131319284e-05, 5.31907171535e-05, 1.97061763174e-05, 1.61047610163e-05, 1.90717109945e-05, 3.83205915568e-05, 2.00588092412e-05, 2.2330419597e-05, 1.66215922945e-05, 2.17389679165e-05, 3.26230438077e-05, 1.64958983078e-05, 1.25317501443e-05, 1.35679829327e-05, 1.2272422282e-05, 9.69751454249e-06, 8.4799621618e-06, 1.23708969113e-05, 1.77503316081e-05, 1.24001289805e-05, 1.22913634186e-05, 1.58042712428e-05, 1.69586892298e-05, 2.78425377473e-05, 7.91210914031e-06, 1.36604212457e-05, 1.42443705045e-05, 1.94155763893e-05, 1.48113977048e-05, 8.67639209901e-06, 1.32212880999e-05, 5.34345235792e-06, 3.84636814488e-06, 6.46810258331e-06, 3.92111996916e-06, 3.11350368065e-06, 3.3982887544e-06, 4.05625860367e-06, 2.82246196548e-06, 1.91745971279e-06, 1.3098110685e-06, 2.68074842324e-07, 1.23971162225e-07, 1.21580683299e-07, 7.49807256284e-08, 6.95395669936e-08, 2.68044033191e-07, 1.00216768217e-08, 9.92269555411e-09, 9.86945369874e-09, 9.83456605042e-09, 9.80454739619e-09],
        "mean": [0.00147949147504, 0.00357717322186, 0.00386532745324, 0.00218639173545, 0.00124955386855, 0.000670083332807, 0.000300235435134, 0.000158614027896, 0.000107954074338, 0.00011954648653, 0.000104190097773, 0.000129736261442, 0.000208435769309, 0.000308196642436, 0.000410437030951, 0.000267909374088, 0.000218447879888, 0.000163737131516, 8.11016725493e-05, 5.16675536346e-05, 6.52538001304e-05, 7.62634226703e-05, 6.50208094157e-05, 6.20947321295e-05, 0.000151317435666, 0.000284397596261, 0.000364467763575, 0.000617322686594, 0.00197835080326, 0.00314647541381, 0.000736193847843, 6.52857488603e-05, 4.47950005764e-05, 7.46353034629e-05, 0.000107447958726, 0.000135331400088, 0.000118439427752, 0.000107849285996, 0.000112648704089, 8.09915509308e-05, 8.55917314766e-05, 5.52907622478e-05, 0.000117239738756, 0.000129113715957, 0.000134791858727, 0.000256936618825, 0.000113454239909, 2.66435854428e-05, 1.94972326426e-05, 3.10870600515e-05, 3.85387538699e-05, 3.2368941902e-05, 2.0113431674e-05, 1.43495917655e-05, 1.65437704709e-05, 1.21437187772e-05, 1.52906177391e-05, 1.77588717634e-05, 1.50129608301e-05, 1.72577547346e-05, 1.59038390848e-05, 2.21747868636e-05, 1.29418340293e-05, 8.66882692208e-06, 7.78122193879e-06, 6.29255464446e-06, 5.58002739126e-06, 4.27665099778e-06, 5.26517715116e-06, 6.05658487984e-06, 5.915496331e-06, 4.8725655688e-06, 3.78793788514e-06, 2.95253630611e-06, 2.48055721386e-06, 2.00992076316e-06, 1.5226286223e-06, 9.29794396143e-07, 7.69701557601e-07, 7.96288418314e-07, 9.40489996992e-07, 9.79241349341e-07, 7.70215422108e-07, 7.8588203678e-07, 8.22718618565e-07, 8.49270293202e-07, 9.025539498e-07, 9.13254837087e-07, 8.09001960533e-07, 7.84412975463e-07, 8.62906119892e-07, 7.2631388548e-07, 5.70152451473e-07, 5.22715083662e-07, 5.13191025675e-07, 6.01118756549e-07, 6.72903865961e-07, 7.40367227081e-07, 6.3261137484e-07, 5.26629776232e-07, 5.02576597228e-07, 5.13665384005e-07, 5.21251877217e-07, 4.45990536946e-07, 3.6385958424e-07, 2.42847107756e-07, 1.9176697208e-07, 1.58713163501e-07, 1.36223974323e-07, 1.24642170363e-07, 1.01270707376e-07, 7.91428647062e-08, 6.23486684503e-08, 5.39915632203e-08, 4.59552396137e-08, 3.84887677285e-08, 1.58206159284e-08, 2.40926745221e-09, 4.57755472416e-10, 4.14317025133e-10, 3.48570339259e-10, 2.5002364068e-10, 3.15079101698e-10, 1.62599482489e-11, 1.30645442381e-11, 1.27288839191e-11, 1.25306865578e-11, 1.24587744635e-11],
        "min": [3.84810817877e-07, 3.82087164326e-05, 4.40883241026e-06, 3.44236559613e-06, 2.41044508584e-05, 3.11162261823e-06, 2.4586802283e-06, 1.11011888748e-06, 6.56921827158e-07, 1.10411929199e-06, 5.76839624955e-07, 1.83840626278e-07, 1.76888704573e-07, 3.92452903952e-07, 4.67761879008e-07, 1.08240399754e-07, 8.59838905853e-07, 9.25502831706e-07, 4.58859005903e-07, 1.7628994442e-07, 2.99203634313e-07, 2.03994630965e-07, 5.02354851051e-07, 4.65707131525e-07, 9.65675553743e-07, 5.9006919173e-07, 2.59584169271e-07, 7.95680534793e-07, 3.70196033828e-07, 6.22474942702e-07, 6.33458910215e-07, 2.09312759125e-07, 1.11030473704e-07, 3.03401037627e-07, 1.72138371113e-07, 1.68441374626e-07, 4.02544202416e-07, 8.0121242263e-07, 6.18538308572e-07, 9.04831381376e-07, 2.03792552611e-07, 2.80312548284e-07, 2.50536572821e-07, 2.33290734286e-07, 1.92677930499e-07, 4.0172974991e-07, 9.42472979659e-08, 1.70342076444e-07, 9.70195941363e-08, 4.4326394999e-08, 1.84811398185e-07, 1.94286187138e-07, 1.54606723868e-07, 4.43134702266e-08, 3.79335887146e-08, 4.61627607251e-08, 9.68357412034e-08, 4.79222705962e-07, 1.30260545461e-07, 1.12630090143e-07, 2.32321696103e-07, 1.15019275881e-07, 1.06194988803e-07, 4.97890830786e-08, 2.96544104827e-08, 2.34082158102e-08, 4.65866953903e-08, 2.26088960886e-08, 5.05857968847e-08, 8.74094610026e-08, 9.03974992639e-08, 1.1807157918e-08, 1.55982196048e-08, 1.22926913093e-08, 1.91480520328e-08, 1.86376318823e-08, 2.8547049169e-09, 2.27927432483e-09, 8.17895751126e-10, 3.01448688234e-09, 8.31147595193e-10, 9.19834264312e-10, 4.94363661119e-10, 8.21763143644e-11, 1.6772034872e-09, 2.64139554673e-09, 4.53959492219e-09, 1.41085509942e-09, 3.46541767504e-10, 2.79722245367e-10, 7.0765632243e-10, 2.15872852927e-09, 6.24845383768e-11, 5.89547632934e-10, 1.53096660349e-10, 1.88340593121e-10, 6.66750432643e-10, 2.63295857339e-10, 2.96097391397e-12, 2.08837704074e-11, 1.45091378148e-11, 5.51165840398e-12, 3.50713620471e-12, 4.2783892748e-12, 2.06097508851e-12, 6.12167434799e-13, 5.24250835885e-13, 5.30936080691e-13, 3.39831027901e-13, 5.10233077577e-13, 3.90765626237e-13, 3.72288598604e-13, 3.85947919674e-13, 3.1944884021e-13, 3.19953888687e-13, 3.78381245607e-13, 2.92959450102e-13, 2.7098269917e-13, 2.79290154372e-13, 3.43793786842e-13, 3.10904378414e-13, 2.7911730544e-13, 2.82174294781e-13, 3.010411202e-13, 2.29903173322e-13, 6.24330367136e-14, 1.07191867009e-14, 3.79267445993e-16],
        "stdev": [0.00225057522766, 0.00364872510545, 0.00328679312952, 0.00207611755468, 0.00153566105291, 0.000859368126839, 0.000557759369258, 0.000384690152714, 0.00021327509603, 0.000221375157707, 0.000240282475716, 0.000363503728295, 0.000601231236942, 0.000776545901317, 0.00136531190947, 0.000826802337542, 0.000656638934743, 0.000411148561398, 0.000163950433489, 0.00017729550018, 0.000254739075899, 0.000286406575469, 0.000249127770076, 0.000244375667535, 0.00059967971174, 0.00118998426478, 0.00127785257064, 0.00179483159445, 0.00329468701966, 0.00532652297989, 0.00176650565118, 0.000345164473401, 0.000238862790866, 0.000316636753269, 0.00054146151524, 0.000570222036913, 0.000424479861977, 0.000521134759765, 0.000349024892785, 0.000182474803296, 0.000179203780135, 0.000166400597664, 0.000395099224988, 0.000327259447658, 0.000283380300971, 0.000422295415774, 0.000230279489188, 0.000100165896583, 6.5037587774e-05, 0.000131612046971, 0.000186466306332, 0.000152788445121, 8.52907760418e-05, 4.49431026937e-05, 7.1129463322e-05, 4.28035273217e-05, 5.56036247872e-05, 5.00374444528e-05, 4.82204741274e-05, 3.48812682205e-05, 2.21823320317e-05, 2.94391938951e-05, 1.71713236341e-05, 1.38804853123e-05, 1.01996711237e-05, 6.61937701807e-06, 7.56857116357e-06, 9.02071951714e-06, 1.18054049381e-05, 1.09014436021e-05, 1.02443573269e-05, 6.81803385305e-06, 5.54494317839e-06, 6.4761898102e-06, 5.39110214959e-06, 3.67673737856e-06, 3.60195645044e-06, 2.24791892833e-06, 1.2631720665e-06, 1.24300061088e-06, 1.40884333177e-06, 1.86632723853e-06, 1.38918528592e-06, 1.3893253481e-06, 1.41907514717e-06, 1.32904699512e-06, 1.65927554008e-06, 1.3372776948e-06, 1.13554199288e-06, 1.1028288327e-06, 1.27453199639e-06, 1.05928370431e-06, 8.41388782646e-07, 9.27536859763e-07, 9.52030632106e-07, 9.14286545139e-07, 1.04263347112e-06, 1.21138759823e-06, 1.1458513427e-06, 1.22913127143e-06, 8.91075217169e-07, 1.00620172816e-06, 1.08326128156e-06, 1.13390683509e-06, 9.15397663448e-07, 6.02753800649e-07, 5.64269328152e-07, 3.69434189906e-07, 3.05867274619e-07, 3.69368507336e-07, 2.80743961412e-07, 2.24605400945e-07, 2.0508988996e-07, 1.96938657382e-07, 1.58626093594e-07, 1.28529691779e-07, 7.73634525331e-08, 1.69517644366e-08, 5.15401765711e-09, 5.16259168748e-09, 3.66004515584e-09, 3.03907055077e-09, 7.29436733238e-09, 2.74071793038e-10, 2.65330479809e-10, 2.63898597419e-10, 2.6295959854e-10, 2.62150606778e-10]
    },
    "mfcc": {
        "mean": [-635.159545898, 124.766952515, -14.468421936, 12.3711452484, 12.4665393829, 8.80125331879, 17.9265499115, 12.8530025482, 4.07805633545, 14.1094207764, 4.94703626633, -1.00128173828, -2.63481068611],
        "cov": [[898.942932129, -252.371902466, 49.2011222839, -77.3522033691, -59.9576683044, -22.561132431, -70.0545654297, 7.81653928757, 28.841960907, -26.8402900696, -60.217956543, -102.183013916, 23.2535552979], [-252.371902466, 450.063934326, -210.328109741, 39.6222305298, -63.1246109009, -0.574475049973, 60.4498558044, 10.3446464539, -30.788898468, 39.6193618774, -30.1251430511, -9.24521636963, -34.9905433655], [49.2011222839, -210.328109741, 365.414764404, 30.6261253357, 71.6609191895, -46.9504737854, -78.7630844116, -25.2185611725, -8.58712100983, -58.4010276794, 9.34584903717, 27.2876987457, 24.9094524384], [-77.3522033691, 39.6222305298, 30.6261253357, 196.185440063, 14.6142702103, -21.6655712128, -59.285987854, -40.7342643738, -17.1877231598, -40.1546974182, 3.50261712074, 80.1297454834, 37.565990448], [-59.9576683044, -63.1246109009, 71.6609191895, 14.6142702103, 160.762481689, -41.2278251648, -46.8427124023, -33.1573562622, 21.720823288, -28.2841796875, 7.06113910675, 22.7749900818, 31.1017074585], [-22.561132431, -0.574475049973, -46.9504737854, -21.6655712128, -41.2278251648, 124.845321655, 46.772228241, 38.7001190186, -25.6216487885, 20.4430656433, 10.3165922165, -27.8404121399, -34.4220657349], [-70.0545654297, 60.4498558044, -78.7630844116, -59.285987854, -46.8427124023, 46.772228241, 160.026290894, 38.3574371338, -25.1529121399, 20.6345348358, 16.6306934357, -4.25160694122, -18.7387981415], [7.81653928757, 10.3446464539, -25.2185611725, -40.7342643738, -33.1573562622, 38.7001190186, 38.3574371338, 127.629844666, 26.4107093811, 27.1509513855, -19.6378250122, -72.3226318359, -35.460067749], [28.841960907, -30.788898468, -8.58712100983, -17.1877231598, 21.720823288, -25.6216487885, -25.1529121399, 26.4107093811, 103.072898865, 27.2073993683, -22.074634552, -57.0021362305, -29.1273765564], [-26.8402900696, 39.6193618774, -58.4010276794, -40.1546974182, -28.2841796875, 20.4430656433, 20.6345348358, 27.1509513855, 27.2073993683, 98.0299301147, -2.11055874825, -46.0679588318, -57.816608429], [-60.217956543, -30.1251430511, 9.34584903717, 3.50261712074, 7.06113910675, 10.3165922165, 16.6306934357, -19.6378250122, -22.074634552, -2.11055874825, 85.6930618286, 55.7369537354, 14.2847652435], [-102.183013916, -9.24521636963, 27.2876987457, 80.1297454834, 22.7749900818, -27.8404121399, -4.25160694122, -72.3226318359, -57.0021362305, -46.0679588318, 55.7369537354, 218.244171143, 92.3393325806], [23.2535552979, -34.9905433655, 24.9094524384, 37.565990448, 31.1017074585, -34.4220657349, -18.7387981415, -35.460067749, -29.1273765564, -57.816608429, 14.2847652435, 92.3393325806, 141.153640747]],
        "icov": [[0.00186318124179, 0.00137080845889, 0.000522842863575, 0.000471171370009, 0.00135751790367, 0.000686856277753, 0.000709959538653, 0.000302485015709, 0.000451109372079, 0.000472566112876, 0.00106184370816, 0.00094646285288, -0.000586129550356], [0.00137080845889, 0.00497927842662, 0.0025860008318, -0.00125594669953, 0.00107935653068, 0.00244672154076, -0.000469470454846, -0.000110547356599, 0.00269993906841, -0.000562715227716, 0.00215260498226, 0.000893406569958, 0.000679489341564], [0.000522842863575, 0.0025860008318, 0.00495580676943, -0.000474973610835, -0.000582235108595, 0.00210111076012, 0.00121096370276, -0.000786028511357, 0.00230995425954, 0.00145619141404, 0.000371801230358, 0.000283246830804, 0.00126093474682], [0.000471171370009, -0.00125594669953, -0.000474973610835, 0.00796805974096, 0.000790753867477, -0.000944039667957, 0.00327659444883, 0.000325154804159, -0.000817733351141, 0.00233829580247, 0.0006736611831, -0.0026939259842, 0.000169649167219], [0.00135751790367, 0.00107935653068, -0.000582235108595, 0.000790753867477, 0.00916589889675, 0.00121927401051, 0.00146148563363, 0.00158313428983, -0.00216239364818, 0.00164252123795, -0.000143773489981, 0.000605429231655, -0.00134926592], [0.000686856277753, 0.00244672154076, 0.00210111076012, -0.000944039667957, 0.00121927401051, 0.0128242727369, -0.00130277697463, -0.00290678208694, 0.00539414957166, -0.000626214430667, -0.000945950683672, 0.00160254281946, 0.00223332946189], [0.000709959538653, -0.000469470454846, 0.00121096370276, 0.00327659444883, 0.00146148563363, -0.00130277697463, 0.0102201635018, -0.00227831793018, 0.00175715994556, 0.00080091250129, -0.0012584180804, -0.00112878333312, 0.000382073340006], [0.000302485015709, -0.000110547356599, -0.000786028511357, 0.000325154804159, 0.00158313428983, -0.00290678208694, -0.00227831793018, 0.0119271427393, -0.00323852198198, -0.000436534843175, 0.00121590693016, 0.00272143166512, -0.00113933440298], [0.000451109372079, 0.00269993906841, 0.00230995425954, -0.000817733351141, -0.00216239364818, 0.00539414957166, 0.00175715994556, -0.00323852198198, 0.0167484544218, -0.00348370871507, 0.00168222968932, 0.00269739027135, 0.00171089672949], [0.000472566112876, -0.000562715227716, 0.00145619141404, 0.00233829580247, 0.00164252123795, -0.000626214430667, 0.00080091250129, -0.000436534843175, -0.00348370871507, 0.016570687294, -0.00155096012168, -0.00026321716723, 0.00478305760771], [0.00106184370816, 0.00215260498226, 0.000371801230358, 0.0006736611831, -0.000143773489981, -0.000945950683672, -0.0012584180804, 0.00121590693016, 0.00168222968932, -0.00155096012168, 0.0165100581944, -0.00377600081265, 0.000564383226447], [0.00094646285288, 0.000893406569958, 0.000283246830804, -0.0026939259842, 0.000605429231655, 0.00160254281946, -0.00112878333312, 0.00272143166512, 0.00269739027135, -0.00026321716723, -0.00377600081265, 0.0105844084173, -0.0045694084838], [-0.000586129550356, 0.000679489341564, 0.00126093474682, 0.000169649167219, -0.00134926592, 0.00223332946189, 0.000382073340006, -0.00113933440298, 0.00171089672949, 0.00478305760771, 0.000564383226447, -0.0045694084838, 0.0129325054586]]
    },
    "spectral_contrast_coeffs": {
        "max": [-0.568874537945, -0.481769442558, -0.435537874699, -0.571714401245, -0.657523453236, -0.61195152998],
        "mean": [-0.791175186634, -0.776759386063, -0.67155277729, -0.75000756979, -0.77909719944, -0.788299739361],
        "min": [-0.911787927151, -0.917108416557, -0.912948548794, -0.896451294422, -0.860046029091, -0.868199586868],
        "stdev": [0.0497706718743, 0.0678468048573, 0.119500853121, 0.0634377002716, 0.0340375043452, 0.0350956022739]
    },
    "spectral_contrast_valleys": {
        "max": [-5.04954814911, -5.30936813354, -5.66606903076, -6.06522655487, -6.46390199661, -8.5435590744],
        "mean": [-6.57860088348, -6.86905622482, -7.26713752747, -7.38463163376, -7.49600028992, -10.285618782],
        "min": [-7.94145345688, -8.18654346466, -8.40040493011, -8.51192951202, -8.9203081131, -13.1456251144],
        "stdev": [0.393794506788, 0.390809118748, 0.439421355724, 0.382223576307, 0.421278327703, 0.709974527359]
    }
},
"rhythm": {
    "beats_count": 65,
    "beats_loudness": {
        "max": 0.105262421072,
        "mean": 0.041752025485,
        "min": 0.00965934619308,
        "stdev": 0.0168800037354
    },
    "bpm": 120.07585907,
    "bpm_histogram_first_peak_bpm": 120,
    "bpm_histogram_first_peak_weight": 0.365079343319,
    "bpm_histogram_second_peak_bpm": 126,
    "bpm_histogram_second_peak_spread": 0,
    "bpm_histogram_second_peak_weight": 0.015625,
    "danceability": 0.951796710491,
    "onset_rate": 2.98388648033,
    "beats_loudness_band_ratio": {
        "max": [0.80364304781, 0.488065451384, 0.807062149048, 0.764350295067, 0.411513745785, 0.0781976878643],
        "mean": [0.320083379745, 0.0645428821445, 0.16069829464, 0.371198654175, 0.106817469001, 0.0205203089863],
        "min": [0.0705760195851, 0.00224837730639, 0.00402973638847, 0.0179254412651, 0.0123250158504, 0.00304473075084],
        "stdev": [0.186463221908, 0.0916287899017, 0.195812478662, 0.247191429138, 0.0896974131465, 0.0150159560144]
    },
    "beats_position": [0.452789098024, 0.9287981987, 1.4164172411, 1.90403628349, 2.39165520668, 2.87927436829, 3.3785033226, 3.88934230804, 4.38857126236, 4.88780021667, 5.38702917099, 5.89786815643, 6.39709758759, 6.8963265419, 7.39555549622, 7.89478445053, 8.40562343597, 8.90485286713, 9.4040813446, 9.91492080688, 10.4025392532, 10.8901586533, 11.3893871307, 11.8886165619, 12.387845993, 12.8870744705, 13.3979139328, 13.8971424103, 14.4079818726, 14.90721035, 15.4064397812, 15.9056682587, 16.4048976898, 16.904127121, 17.4033565521, 17.9025840759, 18.390203476, 18.877822876, 19.3770523071, 19.8878898621, 20.3755092621, 20.8747386932, 21.3739681244, 21.8731975555, 22.3840351105, 22.8948745728, 23.3941040039, 23.8933334351, 24.3925609589, 24.89179039, 25.4026298523, 25.9018592834, 26.4010887146, 26.8887062073, 27.3879356384, 27.8871650696, 28.3863945007, 28.8856239319, 29.3964614868, 29.895690918, 30.4065303802, 30.9057598114, 31.4049873352, 31.9042167664, 32.4150543213],
