{
"metadata": {
    "version": {
        "essentia": "2.1-beta5",
        "essentia_git_sha": "Undefined",
        "extractor": "music 2.0"
    },
    "audio_properties": {
        "analysis": {
            "equal_loudness": 0,
            "length": 24.2184123993,
            "sample_rate": 44100,
            "start_time": 158.987030029,
            "downmix": "mix"
        },
        "bit_rate": 192000,
        "length": 183.228668213,
        "lossless": 0,
        "number_channels": 2,
        "replay_gain": -1.68660736084,
        "sample_rate": 48000,
        "codec": "mp3",
        "md5_encoded": "05be55149240cbab42eda9ba49f04b4c"
    },
    "tags": {
        "file_name": "Ireland_Dying To Try_Brendan Murray.mp3",
        "encoding": ["Lavf58.29.100"]
    }
},
"lowlevel": {
    "average_loudness": 0.660827636719,
    "barkbands_crest": {
        "max": 23.1601314545,
        "mean": 11.0782327652,
        "min": 2.64268875122,
        "stdev": 4.29524946213
    },
    "barkbands_flatness_db": {
        "max": 0.317368656397,
        "mean": 0.165325894952,
        "min": 0.0450093634427,
        "stdev": 0.055518835783
    },
    "barkbands_kurtosis": {
        "max": 35.5571289062,
        "mean": 4.13362550735,
        "min": -1.65020442009,
        "stdev": 4.97428035736
    },
    "barkbands_skewness": {
        "max": 5.50593471527,
        "mean": 1.39036631584,
        "min": -1.11531805992,
        "stdev": 1.12495279312
    },
    "barkbands_spread": {
        "max": 74.3123397827,
        "mean": 15.6279973984,
        "min": 2.06272125244,
        "stdev": 10.1927051544
    },
    "dissonance": {
        "max": 0.500000059605,
        "mean": 0.464534282684,
        "min": 0.335420280695,
        "stdev": 0.0266626719385
    },
    "dynamic_complexity": 6.58684825897,
    "erbbands_crest": {
        "max": 27.3466129303,
        "mean": 10.7919015884,
        "min": 2.93545055389,
        "stdev": 4.3859205246
    },
    "erbbands_flatness_db": {
        "max": 0.390767753124,
        "mean": 0.203115582466,
        "min": 0.0668075159192,
        "stdev": 0.0716312378645
    },
    "erbbands_kurtosis": {
        "max": 12.7358236313,
        "mean": 2.14350795746,
        "min": -1.56481277943,
        "stdev": 2.54044818878
    },
    "erbbands_skewness": {
        "max": 3.20444846153,
        "mean": 0.902038991451,
        "min": -1.18004107475,
        "stdev": 0.733777403831
    },
    "erbbands_spread": {
        "max": 112.25276947,
        "mean": 23.8968315125,
        "min": 4.87084245682,
        "stdev": 15.4068088531
    },
    "hfc": {
        "max": 137.461486816,
        "mean": 17.3003101349,
        "min": 0.085644222796,
        "stdev": 21.2569789886
    },
    "loudness_ebu128": {
        "integrated": -21.081823349,
        "loudness_range": 15.0773868561,
        "momentary": {
            "max": -16.2012443542,
            "mean": -25.3696937561,
            "min": -40.3645553589,
            "stdev": 6.42400407791
        },
        "short_term": {
            "max": -17.8024215698,
            "mean": -25.1970005035,
            "min": -35.1053085327,
            "stdev": 5.34627151489
        }
    },
    "melbands_crest": {
        "max": 35.8222579956,
        "mean": 15.1319446564,
        "min": 4.58873844147,
        "stdev": 5.70713329315
    },
    "melbands_flatness_db": {
        "max": 0.418526291847,
        "mean": 0.212764769793,
        "min": 0.0238328836858,
        "stdev": 0.0525698065758
    },
    "melbands_kurtosis": {
        "max": 78.0697021484,
        "mean": 8.99675750732,
        "min": -1.3048132658,
        "stdev": 11.0000143051
    },
    "melbands_skewness": {
        "max": 8.00549221039,
        "mean": 1.94567835331,
        "min": -0.746521472931,
        "stdev": 1.48057055473
    },
    "melbands_spread": {
        "max": 137.343597412,
        "mean": 18.9255237579,
        "min": 2.92290759087,
        "stdev": 13.9238824844
    },
    "pitch_salience": {
        "max": 0.829790174961,
        "mean": 0.55758690834,
        "min": 0.176301553845,
        "stdev": 0.124057471752
    },
    "silence_rate_20dB": {
        "max": 1,
        "mean": 1,
        "min": 1,
        "stdev": 0
    },
    "silence_rate_30dB": {
        "max": 1,
        "mean": 0.983716487885,
        "min": 0,
        "stdev": 0.126563593745
    },
    "silence_rate_60dB": {
        "max": 1,
        "mean": 0.267241388559,
        "min": 0,
        "stdev": 0.442519068718
    },
    "spectral_centroid": {
        "max": 3527.0378418,
        "mean": 1130.03979492,
        "min": 373.434906006,
        "stdev": 430.022705078
    },
    "spectral_complexity": {
        "max": 42,
        "mean": 14.154214859,
        "min": 0,
        "stdev": 9.6630191803
    },
    "spectral_decrease": {
        "max": -2.34970619351e-11,
        "mean": -5.93790927539e-09,
        "min": -6.07525052487e-08,
        "stdev": 7.02786939755e-09
    },
    "spectral_energy": {
        "max": 0.236643701792,
        "mean": 0.0239802543074,
        "min": 9.64513601502e-05,
        "stdev": 0.0282400418073
    },
    "spectral_energyband_high": {
        "max": 0.00495453318581,
        "mean": 0.000274661986623,
        "min": 9.33617002374e-07,
        "stdev": 0.000464271346573
    },
    "spectral_energyband_low": {
        "max": 0.172989234328,
        "mean": 0.00735857570544,
        "min": 7.1278446967e-07,
        "stdev": 0.0139766521752
    },
    "spectral_energyband_middle_high": {
        "max": 0.0665927380323,
        "mean": 0.00868328474462,
        "min": 3.28575297317e-05,
        "stdev": 0.0121292918921
    },
    "spectral_energyband_middle_low": {
        "max": 0.115443535149,
        "mean": 0.00803329981863,
        "min": 3.92436559196e-05,
        "stdev": 0.0119888903573
    },
    "spectral_entropy": {
        "max": 8.73601436615,
        "mean": 7.50999689102,
        "min": 6.69140672684,
        "stdev": 0.327762812376
    },
    "spectral_flux": {
        "max": 0.375425517559,
        "mean": 0.0705182775855,
        "min": 0.00512239616364,
        "stdev": 0.0549088828266
    },
    "spectral_kurtosis": {
        "max": 24.5431556702,
        "mean": 5.65998840332,
        "min": -0.461369991302,
        "stdev": 2.96625781059
    },
    "spectral_rms": {
        "max": 0.0151944691315,
        "mean": 0.00401905458421,
        "min": 0.000306755420752,
        "stdev": 0.00269119418226
    },
    "spectral_rolloff": {
        "max": 12209.3261719,
        "mean": 1120.24279785,
        "min": 43.06640625,
        "stdev": 1093.52380371
    },
    "spectral_skewness": {
        "max": 3.56157159805,
        "mean": 1.80503594875,
        "min": 0.421322613955,
        "stdev": 0.361501097679
    },
    "spectral_spread": {
        "max": 11116587,
        "mean": 3864937.5,
        "min": 1691509.875,
        "stdev": 1336102.875
    },
    "spectral_strongpeak": {
        "max": 12.4498939514,
        "mean": 0.910185277462,
        "min": 0,
        "stdev": 1.36458516121
    },
    "zerocrossingrate": {
        "max": 0.35888671875,
        "mean": 0.0477201379836,
        "min": 0.00634765625,
        "stdev": 0.0292752347887
    },
    "barkbands": {
        "max": [0.0869034528732, 0.135838463902, 0.0329329296947, 0.0180667228997, 0.00801459420472, 0.0187131706625, 0.0170701798052, 0.0207083877176, 0.112852044404, 0.0419514961541, 0.0312042199075, 0.0249813571572, 0.0317199602723, 0.011823582463, 0.0278230123222, 0.00835456699133, 0.00532517908141, 0.00268061319366, 0.00182962906547, 0.00227330322377, 0.00112051598262, 0.000859270221554, 0.00101688597351, 0.000869530718774, 0.000776453991421, 0.000679461751133, 0.000150203995872],
        "mean": [0.00155424827244, 0.00535486871377, 0.000541256042197, 0.000410946871853, 0.000597451638896, 0.000765100587159, 0.000803541508503, 0.000971680274233, 0.00357922585681, 0.00337548810057, 0.0017686644569, 0.000845058937557, 0.00123377144337, 0.000548564072233, 0.000684028549585, 0.000179995869985, 0.00014908783487, 0.00015416421229, 0.0001365927601, 0.000106318388134, 7.05143611412e-05, 4.17058618041e-05, 3.32986674039e-05, 3.56099553755e-05, 2.90932111966e-05, 9.47414719121e-06, 4.81611664327e-07],
        "min": [5.33218580401e-09, 6.81649723333e-08, 5.52612888782e-08, 2.34927011178e-08, 1.77802701273e-06, 1.25464293887e-06, 1.3669451846e-06, 8.95159473657e-07, 1.76447008471e-06, 3.07994287141e-06, 8.85057090727e-07, 1.05332264866e-06, 1.33339938202e-06, 1.32708476031e-06, 1.31405522552e-06, 5.46404976376e-07, 6.47058186587e-07, 4.93352672493e-07, 3.37906385539e-07, 2.36373097096e-07, 2.46612103183e-07, 1.811713779e-09, 7.89620036024e-10, 3.85918463852e-10, 8.54312731668e-11, 9.12334929826e-11, 1.016035589e-10],
        "stdev": [0.00510730734095, 0.0103776650503, 0.0016733543016, 0.0013574231416, 0.000846495328005, 0.00173947284929, 0.00198662257753, 0.00245186663233, 0.00987035781145, 0.00538304867223, 0.00381434895098, 0.00195368938148, 0.00279664504342, 0.00113703135867, 0.00206264667213, 0.000451284955489, 0.000305941677652, 0.000249621691182, 0.000225941403187, 0.000195162079763, 0.000136308954097, 8.39982894831e-05, 7.98541877884e-05, 7.56604204071e-05, 6.35093165329e-05, 3.28966380039e-05, 5.22116351931e-06]
    },
    "erbbands": {
        "max": [8.46060752869, 23.2079772949, 32.9113235474, 34.0968933105, 32.4863510132, 28.2249717712, 123.141624451, 164.822540283, 252.463317871, 496.685638428, 629.196044922, 3261.7109375, 1462.7130127, 1873.86157227, 850.140930176, 1018.88970947, 1591.61218262, 653.334777832, 1216.61706543, 1739.70617676, 263.719696045, 246.730117798, 177.660003662, 119.155265808, 107.249061584, 120.851127625, 40.3549957275, 52.2606010437, 32.8573150635, 30.0416374207, 23.982208252, 15.728354454, 17.4177722931, 9.59490871429, 5.97026920319, 3.53028988838, 1.04992079735, 0.260589659214, 0.0188333149999, 0.000509934849106],
        "mean": [0.242590799928, 0.838987231255, 0.839370071888, 1.05084192753, 1.23737549782, 2.36361670494, 5.47731208801, 5.71566772461, 10.1812639236, 11.3982343674, 31.2224407196, 84.1212081909, 97.8291702271, 106.385475159, 58.6767120361, 37.047039032, 55.9550323486, 36.0188713074, 37.22448349, 20.4082622528, 9.61502838135, 8.42071247101, 8.75748348236, 7.81017255783, 6.33788585663, 5.04897499084, 2.94382953644, 2.87891459465, 1.56996333599, 1.17504239082, 0.911038637161, 0.744867861271, 0.582990050316, 0.360522806644, 0.186385646462, 0.0630501434207, 0.0133669013157, 0.00200232025236, 8.72018572409e-05, 3.09016140818e-05],
        "min": [5.61749266126e-06, 1.36610306072e-05, 0.000189623591723, 0.00042924284935, 0.00160047062673, 0.009112957865, 0.0123324077576, 0.00770239485428, 0.0150886289775, 0.0228230487555, 0.0738811716437, 0.0660394877195, 0.0934148654342, 0.0868574008346, 0.0469430312514, 0.0558876693249, 0.0737436339259, 0.0817598998547, 0.13054074347, 0.0719022378325, 0.0477252155542, 0.0310995131731, 0.0382651612163, 0.0180725380778, 0.0181478764862, 0.0133056342602, 0.0101205362007, 0.00520264869556, 0.000363468978321, 0.000197716522962, 3.98143783968e-05, 1.96286364371e-05, 1.20428012451e-05, 6.32929322819e-06, 3.52814186044e-06, 1.61343064065e-06, 4.86595354232e-07, 1.32328722202e-07, 8.9519659241e-08, 1.20332373399e-07],
        "stdev": [0.535380363464, 1.62034416199, 1.87997019291, 3.07336544991, 2.97293043137, 3.70828843117, 12.24406147, 13.028922081, 25.7134780884, 29.0509567261, 71.6724090576, 248.985748291, 175.164459229, 203.566467285, 116.300834656, 82.1766281128, 132.918640137, 62.2290344238, 89.5983352661, 77.6946411133, 20.8445301056, 16.3390769958, 14.4158792496, 12.2118091583, 10.4510879517, 9.63009166718, 4.86231946945, 6.14172744751, 3.05726933479, 2.61090493202, 2.16468453407, 1.62679409981, 1.22559952736, 0.773570358753, 0.424909025431, 0.180080011487, 0.0511515513062, 0.0106106931344, 0.000670223962516, 4.01200486522e-05]
    },
    "gfcc": {
        "mean": [-65.3706054688, 106.635498047, -147.982406616, 16.3731060028, -66.9437789917, 23.0389652252, -26.3946056366, 13.9615478516, -19.2916603088, -2.01960682869, -9.2779045105, -7.32244348526, 1.04990899563],
        "cov": [[8399.33398438, -1410.64453125, 272.201263428, -169.312988281, 287.044006348, 843.643676758, 335.566986084, 722.00958252, -143.843032837, 707.581237793, 213.842086792, 401.854919434, -181.368377686], [-1410.64453125, 1287.94934082, 70.1882858276, 283.113769531, 240.724884033, -133.715774536, 205.733337402, -165.057235718, 159.659164429, -152.690216064, 125.719726562, -123.511184692, 172.542572021], [272.201263428, 70.1882858276, 2056.29638672, 869.989379883, 455.411682129, 237.871643066, -390.952819824, 182.466690063, -284.896484375, 470.916778564, -146.326324463, 361.124359131, -147.591293335], [-169.312988281, 283.113769531, 869.989379883, 640.969116211, 291.193511963, 135.595855713, -77.7079391479, 55.3190422058, -55.6371192932, 177.842849731, -19.8629703522, 120.186477661, -22.2899036407], [287.044006348, 240.724884033, 455.411682129, 291.193511963, 358.372680664, 152.264358521, 70.99584198, 64.2494430542, -8.5451669693, 141.830871582, -5.86902189255, 87.2583084106, -22.197883606], [843.643676758, -133.715774536, 237.871643066, 135.595855713, 152.264358521, 326.072662354, 85.4086761475, 144.264450073, -29.2996444702, 153.732666016, 22.8647918701, 60.8176727295, -35.6373329163], [335.566986084, 205.733337402, -390.952819824, -77.7079391479, 70.99584198, 85.4086761475, 391.79675293, 19.9070587158, 154.494857788, -50.4602355957, 94.5453338623, -66.5651321411, 23.6362190247], [722.00958252, -165.057235718, 182.466690063, 55.3190422058, 64.2494430542, 144.264450073, 19.9070587158, 189.386886597, -20.9252128601, 133.197296143, 13.5305633545, 64.2949676514, -37.0366439819], [-143.843032837, 159.659164429, -284.896484375, -55.6371192932, -8.5451669693, -29.2996444702, 154.494857788, -20.9252128601, 178.820648193, -55.3054466248, 58.4540138245, -71.5514144897, 27.9807834625], [707.581237793, -152.690216064, 470.916778564, 177.842849731, 141.830871582, 153.732666016, -50.4602355957, 133.197296143, -55.3054466248, 270.099822998, -13.8919916153, 120.810058594, -65.6137924194], [213.842086792, 125.719726562, -146.326324463, -19.8629703522, -5.86902189255, 22.8647918701, 94.5453338623, 13.5305633545, 58.4540138245, -13.8919916153, 128.109573364, -21.0008945465, 55.4196968079], [401.854919434, -123.511184692, 361.124359131, 120.186477661, 87.2583084106, 60.8176727295, -66.5651321411, 64.2949676514, -71.5514144897, 120.810058594, -21.0008945465, 146.925292969, -42.8028182983], [-181.368377686, 172.542572021, -147.591293335, -22.2899036407, -22.197883606, -35.6373329163, 23.6362190247, -37.0366439819, 27.9807834625, -65.6137924194, 55.4196968079, -42.8028182983, 109.825218201]],
        "icov": [[0.000291831354843, 0.000284423964331, 2.63203673967e-05, 0.000201700415346, -0.000262253597612, -0.000129255902721, -0.000274795282166, -0.000359160418157, 0.000249718606938, -0.000330355193, -0.000599998224061, -0.000271251541562, -0.000109467553557], [0.000284423964331, 0.00311955763027, -0.00113376730587, -0.000181429990334, -0.00240890937857, 0.00168979528826, -0.00161663873587, 0.000653128547128, -0.000323944317643, 0.000832583638839, -0.00236939289607, 0.00255693751387, -0.00259005022235], [2.63203673967e-05, -0.00113376730587, 0.003412832506, -0.00236911815591, -3.02256830764e-05, -0.000515309511684, 0.00193828949705, -0.00064920342993, 0.00137285364326, -0.00192965217866, 0.00120493944269, -0.00313327671029, 0.0017890665913], [0.000201700415346, -0.000181429990334, -0.00236911815591, 0.00533881783485, -0.00136654905509, -0.000983908772469, -7.43187920307e-05, 0.000374848750653, -0.00114795938134, 0.000337268109433, -0.000930686888751, 0.000586968148127, -0.000742808682844], [-0.000262253597612, -0.00240890937857, -3.02256830764e-05, -0.00136654905509, 0.00845311675221, -0.002359170001, -0.00136919924989, 0.000428924075095, -0.000266956805717, -0.00165787583683, 0.00354867754504, -0.00308067142032, 0.000501989212353], [-0.000129255902721, 0.00168979528826, -0.000515309511684, -0.000983908772469, -0.002359170001, 0.00773167051375, -0.0025557030458, -0.00230868672952, 0.00199133832939, -0.000997839379124, -0.00159825338051, 0.00316282873973, -0.00102126656566], [-0.000274795282166, -0.00161663873587, 0.00193828949705, -7.43187920307e-05, -0.00136919924989, -0.0025557030458, 0.0075856577605, -0.000498904206324, -0.00326716643758, 0.000973788963165, -0.000868195202202, -0.00140507949982, 0.00307359080762], [-0.000359160418157, 0.000653128547128, -0.00064920342993, 0.000374848750653, 0.000428924075095, -0.00230868672952, -0.000498904206324, 0.011165750213, -0.00091302243527, -0.00250412919559, -0.000966931285802, -0.000123041594634, -2.87017301162e-05], [0.000249718606938, -0.000323944317643, 0.00137285364326, -0.00114795938134, -0.000266956805717, 0.00199133832939, -0.00326716643758, -0.00091302243527, 0.0118254050612, -0.00204658019356, -0.00241574877873, 0.00237607350573, 0.00143028702587], [-0.000330355193, 0.000832583638839, -0.00192965217866, 0.000337268109433, -0.00165787583683, -0.000997839379124, 0.000973788963165, -0.00250412919559, -0.00204658019356, 0.0114313066006, -0.00145265622996, -0.00114859698806, 0.00154501548968], [-0.000599998224061, -0.00236939289607, 0.00120493944269, -0.000930686888751, 0.00354867754504, -0.00159825338051, -0.000868195202202, -0.000966931285802, -0.00241574877873, -0.00145265622996, 0.0163719281554, -0.00322584738024, -0.00554976053536], [-0.000271251541562, 0.00255693751387, -0.00313327671029, 0.000586968148127, -0.00308067142032, 0.00316282873973, -0.00140507949982, -0.000123041594634, 0.00237607350573, -0.00114859698806, -0.00322584738024, 0.0183826889843, -0.000391491834307], [-0.000109467553557, -0.00259005022235, 0.0017890665913, -0.000742808682844, 0.000501989212353, -0.00102126656566, 0.00307359080762, -2.87017301162e-05, 0.00143028702587, 0.00154501548968, -0.00554976053536, -0.000391491834307, 0.0175527371466]]
    },
    "melbands": {
        "max": [0.0543637350202, 0.0131072243676, 0.00589952152222, 0.00183002336416, 0.00332483719103, 0.00319324876182, 0.00370225403458, 0.0048420666717, 0.00743949040771, 0.0202686097473, 0.00698680384085, 0.00721762189642, 0.00279015419073, 0.00348652713001, 0.00296679302119, 0.00400588521734, 0.001409268938, 0.00187243509572, 0.00219534523785, 0.00109055521898, 0.000195406959392, 0.000349602720235, 0.000153106666403, 0.000127838560729, 0.000112816611363, 7.92194405221e-05, 7.70295155235e-05, 7.51717743697e-05, 3.23173808283e-05, 4.35107504018e-05, 3.33691859851e-05, 2.18594796024e-05, 1.88486501429e-05, 1.74041306309e-05, 1.34399424496e-05, 1.54807075887e-05, 1.33158673634e-05, 1.45460990097e-05, 8.59807914821e-06, 7.71736904426e-06],
        "mean": [0.0018605455989, 0.000650623755064, 0.000187000550795, 0.000119254182209, 0.000174077911652, 0.000133789828396, 0.000161871939781, 0.000133011155413, 0.000277903687675, 0.000559092499316, 0.000489731261041, 0.000443036697106, 0.000202427356271, 0.000114712172945, 9.50779576669e-05, 0.000127884559333, 5.77152131882e-05, 5.73944817006e-05, 4.57449932583e-05, 1.55781854119e-05, 9.99811891234e-06, 8.34123875393e-06, 8.97140398592e-06, 7.05502270648e-06, 6.30868862572e-06, 4.75091428598e-06, 3.93070922655e-06, 3.30646935254e-06, 1.88922240341e-06, 1.67174141552e-06, 1.6249696273e-06, 8.97794279808e-07, 7.1920493383e-07, 6.21067670181e-07, 5.2697390629e-07, 4.83379892557e-07, 4.44701242941e-07, 4.0888875219e-07, 3.72673895299e-07, 2.82634289306e-07],
        "min": [4.15051957248e-08, 9.88250050682e-08, 8.91871962949e-08, 3.43313416806e-07, 5.82996335652e-07, 1.803426386e-07, 2.20774282411e-07, 2.01507091901e-07, 2.72818141411e-07, 2.36502515349e-07, 3.07514028464e-07, 3.42155573207e-07, 1.43568357203e-07, 1.01114956408e-07, 1.68171666814e-07, 1.27482152834e-07, 1.42201926678e-07, 2.19495262854e-07, 7.66047136835e-08, 4.92201728264e-08, 4.22486721163e-08, 2.93156539044e-08, 2.49873686187e-08, 2.46232314538e-08, 1.19752154859e-08, 1.22485150911e-08, 6.65625776719e-09, 7.39502770131e-09, 6.02630656488e-09, 4.88135043497e-09, 6.13861073084e-10, 4.23488952239e-11, 1.53631690702e-11, 1.60510285618e-11, 1.1242026407e-11, 1.72051511493e-12, 3.87951563235e-12, 3.11921343789e-12, 2.77050778152e-12, 6.97781134089e-13],
        "stdev": [0.00385977793485, 0.00119591422845, 0.000519894412719, 0.000191408093087, 0.000333946838509, 0.000296156940749, 0.000396699615521, 0.000334491836838, 0.00067974999547, 0.00161707645748, 0.000881497922819, 0.000828593678307, 0.000389084016206, 0.000249853532296, 0.000239307672018, 0.000302456202917, 0.000110929111543, 0.000138947696541, 0.000156043039169, 5.49395845155e-05, 2.17587530642e-05, 1.87885634659e-05, 1.63598633662e-05, 1.14837939691e-05, 1.04580431071e-05, 8.11776317278e-06, 6.74645207255e-06, 6.96237702869e-06, 3.28799819727e-06, 3.42550515597e-06, 3.61949355465e-06, 1.78907930604e-06, 1.60656077242e-06, 1.42434839745e-06, 1.24679559121e-06, 1.23128302221e-06, 1.02949718439e-06, 9.11184372399e-07, 7.54054951813e-07, 6.39810252778e-07]
    },
    "melbands128": {
        "max": [0.0485841967165, 0.0901592224836, 0.0650646314025, 0.0283286459744, 0.016686277464, 0.015329208225, 0.00791398622096, 0.0094947963953, 0.00401454465464, 0.00184271449689, 0.00221925089136, 0.00214603589848, 0.00388408848085, 0.00838091690093, 0.00501273293048, 0.00398330856115, 0.00578277977183, 0.00705127837136, 0.0061807539314, 0.00860987603664, 0.0072370567359, 0.00664784945548, 0.00882192980498, 0.023021010682, 0.0327235013247, 0.0365796945989, 0.0167141761631, 0.0106717217714, 0.0130350356922, 0.00902227591723, 0.0151692610234, 0.00721539743245, 0.00278593925759, 0.00659277429804, 0.00575445825234, 0.00735965836793, 0.00416372111067, 0.00462384102866, 0.00399063946679, 0.00731015671045, 0.00499747041613, 0.0023728851229, 0.00205396511592, 0.00271942024119, 0.00261020311154, 0.00318985478953, 0.00308135873638, 0.00492394389585, 0.00580790312961, 0.00218597450294, 0.00162384065334, 0.000873781216796, 0.000419027084718, 0.00036887198803, 0.000640165177174, 0.00048360452638, 0.000490821257699, 0.000303845910821, 0.000295726931654, 0.000317724945489, 0.000191623781575, 0.000207418532227, 0.000232399659581, 0.000133444787934, 0.000124136786326, 0.000105177132355, 0.000164429351571, 9.29023372009e-05, 0.000103483536805, 0.000207525736187, 0.000102106954728, 0.000154633671627, 6.73014728818e-05, 4.48943683296e-05, 3.19698374369e-05, 6.29878850305e-05, 0.00010106699483, 9.61981932051e-05, 6.7039662099e-05, 3.76037314709e-05, 2.26041265705e-05, 2.42773112404e-05, 1.99119276658e-05, 2.42998030444e-05, 2.03020372282e-05, 2.50827906711e-05, 1.97898280021e-05, 2.23390397878e-05, 1.51764879774e-05, 1.66624377016e-05, 2.76949031104e-05, 1.63137137861e-05, 1.31882516143e-05, 1.6732399672e-05, 1.99778423848e-05, 2.36222385865e-05, 1.03654783743e-05, 1.53488654178e-05, 7.7222020991e-06, 1.02162330222e-05, 1.16828841783e-05, 9.45550345932e-06, 8.16794090497e-06, 8.65394667926e-06, 7.47908370613e-06, 4.88992600367e-06, 9.07565299713e-06, 9.40981681197e-06, 5.22598338648e-06, 6.54964924252e-06, 9.56720032264e-06, 4.51905953014e-06, 1.47072853451e-06, 2.74831063507e-06, 1.48999197336e-06, 3.08618746203e-06, 2.80023641608e-06, 8.005920904e-07, 9.60694251262e-07, 2.90208873821e-07, 6.5250105763e-07, 9.96342279791e-08, 9.86544463899e-08, 9.19475553474e-08, 8.951897712e-08, 8.78369377233e-08, 8.65846558895e-08, 8.58158060169e-08],
        "mean": [0.00124984281138, 0.00233633769676, 0.00196671811864, 0.00125451188069, 0.000544426031411, 0.000245497183641, 0.000211817692616, 0.000201344882953, 0.0001021954522, 0.000101529563835, 0.000139142211992, 0.000135913214763, 0.00020632839005, 0.000198620677111, 0.000124721613247, 9.4964307209e-05, 0.000127029241412, 0.000195989414351, 0.00019068934489, 8.75987971085e-05, 0.000108326188638, 0.000234232473304, 0.00028139151982, 0.000326207024045, 0.000550012278836, 0.000711129803676, 0.000477877154481, 0.000458494498162, 0.000481546565425, 0.000517944223247, 0.000468514801469, 0.000235267187236, 0.000145556754433, 0.000242655965849, 0.000102311103547, 9.3737275165e-05, 9.19604717637e-05, 7.6522846939e-05, 0.000106546780444, 0.00014856159396, 0.000147064172779, 7.39960960345e-05, 5.25890754943e-05, 5.4448202718e-05, 4.44568795501e-05, 5.72357057536e-05, 7.38478338462e-05, 5.73052093387e-05, 3.0609422538e-05, 1.56427286129e-05, 1.490800787e-05, 1.27626626636e-05, 1.06566367322e-05, 8.90954925126e-06, 7.89592559158e-06, 8.37008792587e-06, 7.86620330473e-06, 1.06072484414e-05, 8.46329658089e-06, 7.94751031208e-06, 6.87653755449e-06, 6.36895356365e-06, 7.25663812773e-06, 6.74254533806e-06, 3.95844017476e-06, 4.69091628474e-06, 5.43022861166e-06, 3.99095506509e-06, 3.78577760785e-06, 3.44399336427e-06, 3.21757238453e-06, 3.66773883798e-06, 2.21230448005e-06, 1.46403897361e-06, 1.56206419888e-06, 1.54977885813e-06, 1.65545327491e-06, 2.15221893995e-06, 1.65226720128e-06, 1.16814919693e-06, 9.07281730633e-07, 8.2922196043e-07, 7.0025447485e-07, 7.38434323466e-07, 7.12914300038e-07, 6.36857578229e-07, 5.65911079775e-07, 6.08749246567e-07, 5.14763087267e-07, 4.89199919684e-07, 4.93438108151e-07, 4.93587947403e-07, 4.45700209184e-07, 4.56314495523e-07, 4.33960423152e-07, 4.11250169918e-07, 3.81864708743e-07, 4.35551186229e-07, 3.9013497144e-07, 3.46278113739e-07, 2.98489226225e-07, 2.76320577086e-07, 2.53641672998e-07, 2.29286541753e-07, 2.10395000977e-07, 1.95299364236e-07, 1.86261530644e-07, 1.3556834233e-07, 9.74727996095e-08, 7.51333217863e-08, 6.20470501644e-08, 4.46843841928e-08, 3.51207738447e-08, 3.29944427335e-08, 2.78099641093e-08, 2.26350120869e-08, 1.21437686573e-08, 1.87505055926e-09, 1.93093052658e-09, 8.97548757539e-10, 1.47329048961e-09, 3.15622084024e-10, 3.18714582503e-10, 1.06438420577e-10, 9.20597695298e-11, 9.00885546717e-11, 8.86954260038e-11, 8.79056757941e-11],
        "min": [1.56822044239e-09, 1.12048246237e-08, 1.36118893934e-08, 6.71808031427e-09, 1.57466661932e-08, 1.9537424123e-08, 6.45440110247e-08, 1.78870109835e-08, 5.70824312263e-08, 1.46744142171e-07, 8.18689542825e-08, 1.88947083757e-07, 1.98906150217e-07, 1.25017237451e-07, 2.57137102722e-08, 6.40776320893e-08, 5.08829032242e-08, 4.11858174232e-08, 7.07889213913e-08, 8.27967241435e-08, 4.26249968655e-08, 9.74714922108e-08, 1.6518482937e-07, 1.51002197413e-07, 8.38841458517e-08, 5.50390133469e-08, 1.40830238138e-07, 4.75952219858e-08, 2.17796767288e-07, 1.36460258204e-07, 5.61897728346e-08, 6.8349670812e-08, 7.85973668371e-08, 4.36335945153e-08, 4.63223024383e-08, 3.27040083903e-08, 7.13976788802e-08, 7.81997826493e-08, 5.69736080536e-08, 5.8180070539e-08, 6.28389216217e-08, 5.45426281917e-08, 4.09419165237e-08, 4.47571153472e-08, 8.20512653377e-08, 5.39191482574e-08, 5.7216144711e-08, 3.66681405239e-08, 2.96402262734e-08, 2.18482245629e-08, 2.67046313951e-08, 2.04613623822e-08, 1.3144166644e-08, 1.55326045359e-08, 2.9766775711e-08, 1.98391507666e-08, 1.32065789415e-08, 2.34519745845e-08, 1.24802781443e-08, 1.27633752456e-08, 1.68900271547e-08, 8.50262527052e-09, 7.18997794635e-09, 7.83207187993e-09, 6.33134122907e-09, 8.19074141845e-09, 5.95418736538e-09, 2.46745268662e-09, 3.67140806645e-09, 3.58827256797e-09, 2.0368162712e-09, 3.72091313317e-09, 3.61632501722e-09, 3.88203780233e-09, 1.96857419255e-09, 2.05729611125e-09, 1.05150332885e-09, 1.03245900718e-09, 1.80588641263e-10, 3.2921426002e-11, 4.78230059719e-11, 3.57401330753e-11, 1.99368126175e-11, 6.57926968115e-12, 1.13258326329e-11, 4.59809924511e-12, 6.26782783661e-12, 4.25986633121e-12, 6.73934866247e-12, 2.2394631722e-12, 1.66529279515e-12, 1.34789033233e-12, 1.84935725588e-12, 2.12467825451e-12, 3.49138339767e-12, 2.41379984577e-12, 3.21391437769e-12, 3.13018686492e-12, 7.50263241291e-13, 1.57389704568e-12, 6.38855288115e-13, 6.68504151775e-13, 5.14332554411e-13, 4.69791414971e-13, 5.22477785862e-13, 3.89204049848e-13, 3.94242987865e-13, 3.35414828507e-13, 3.46957244836e-13, 3.34455065639e-13, 3.91474043937e-13, 3.64242056655e-13, 2.46380200313e-13, 2.82119976252e-13, 3.1247687814e-13, 3.18001836886e-13, 3.16075507781e-13, 3.13459327939e-13, 3.46049686302e-13, 2.45606107067e-13, 2.87747527628e-13, 3.32566602295e-13, 3.40482823142e-13, 2.04964964814e-13, 2.43033701887e-13, 9.22214371925e-14, 1.18087090873e-14, 4.83593026565e-16],
        "stdev": [0.00374616542831, 0.00547921657562, 0.00418614875525, 0.00231135287322, 0.00109272345435, 0.000798660854343, 0.000660058460198, 0.000682574289385, 0.000270697724773, 0.000201302100322, 0.000264910864644, 0.000245112169068, 0.000501734029967, 0.000645168533083, 0.000362837134162, 0.000311820273055, 0.00046744174324, 0.000549189921003, 0.000563571695238, 0.000376375071937, 0.000382405851269, 0.000724579964299, 0.000749336788431, 0.00138595351018, 0.00216516735964, 0.00219122855924, 0.00122944812756, 0.000957776850555, 0.00109508330934, 0.00100793607999, 0.00139838585164, 0.000722430588212, 0.000328965281369, 0.000734546512831, 0.000298756611301, 0.000335875258315, 0.000296093348879, 0.000262763729552, 0.00034296157537, 0.000493880244903, 0.00040743383579, 0.000176411936991, 0.000116740302474, 0.000183617506991, 0.000146158869029, 0.000210118305404, 0.000244844268309, 0.000279555009911, 0.000241226734943, 8.43433153932e-05, 6.27591507509e-05, 4.92041071993e-05, 3.26904955728e-05, 2.20876318053e-05, 2.55666454905e-05, 2.63481415459e-05, 2.11187216337e-05, 2.53854250332e-05, 1.93285250134e-05, 1.88420563063e-05, 1.42723811223e-05, 1.38710011015e-05, 1.62020096468e-05, 1.4387351257e-05, 8.79975232237e-06, 9.49669902184e-06, 1.22735355035e-05, 7.75891021476e-06, 7.37387199479e-06, 9.18528439797e-06, 8.07496144262e-06, 1.03108059193e-05, 5.03268302054e-06, 3.06175979858e-06, 3.59322075383e-06, 4.14242549596e-06, 4.78887295685e-06, 7.11114898877e-06, 4.57870555692e-06, 2.92511026601e-06, 1.98193379219e-06, 1.92609809346e-06, 1.63281595178e-06, 1.82570283869e-06, 1.73257024016e-06, 1.63433389844e-06, 1.32400259645e-06, 1.59316164172e-06, 1.20526817682e-06, 1.33685500714e-06, 1.65755022863e-06, 1.26119982724e-06, 1.07612618194e-06, 1.12074678782e-06, 1.24911150579e-06, 1.09709139906e-06, 7.9452843238e-07, 1.03798356577e-06, 7.74969350914e-07, 8.01019211849e-07, 7.23051527984e-07, 6.69379005558e-07, 6.30482247743e-07, 5.63626315397e-07, 5.49781759673e-07, 4.44345744199e-07, 5.14272414875e-07, 4.26069476589e-07, 2.80075994397e-07, 3.18112626019e-07, 3.63092425459e-07, 2.00110761739e-07, 1.14146587293e-07, 1.52818017796e-07, 1.0776864201e-07, 1.25044451238e-07, 1.06564151281e-07, 2.65794977139e-08, 3.11975405509e-08, 1.1904189634e-08, 2.35416717231e-08, 4.27755786347e-09, 4.60418547732e-09, 2.85916179621e-09, 2.7717161899e-09, 2.71966071885e-09, 2.68089683786e-09, 2.65712474246e-09]
    },
    "mfcc": {
        "mean": [-695.815979004, 132.655456543, -20.5295257568, -0.254751741886, -10.7570466995, 1.67948138714, 6.30911588669, 7.22302436829, 4.63005208969, 6.02184534073, 1.45717644691, -2.77780604362, -7.06212806702],
        "cov": [[8134.48681641, -1052.08630371, -441.952941895, -691.403259277, -175.413482666, 112.774795532, 612.375732422, 278.305053711, 91.5877761841, 330.440216064, 339.28314209, 264.452484131, 334.565063477], [-1052.08630371, 881.266418457, 12.2375497818, 293.477813721, 69.2427139282, 84.2770309448, 40.573387146, 13.4816703796, 37.0891838074, 15.6062135696, -15.6361322403, -35.640586853, -19.6177902222], [-441.952941895, 12.2375497818, 1322.36120605, 618.063781738, 652.218017578, 196.091247559, 108.470916748, -135.680007935, 22.0619621277, -155.110900879, 71.2110824585, 60.4748039246, 125.335227966], [-691.403259277, 293.477813721, 618.063781738, 616.101745605, 375.442352295, 185.618988037, 60.8957099915, -38.0323944092, 48.7817497253, -70.494354248, 50.3224220276, 32.3320503235, 57.4980278015], [-175.413482666, 69.2427139282, 652.218017578, 375.442352295, 505.019226074, 153.053787231, 94.1570358276, -67.0381622314, 36.1768836975, -76.0471496582, 31.548784256, 30.5873584747, 90.5277175903], [112.774795532, 84.2770309448, 196.091247559, 185.618988037, 153.053787231, 260.427398682, 127.27407074, 51.1090736389, 54.7577323914, 54.5561904907, 57.9801483154, 18.9962520599, 81.6622467041], [612.375732422, 40.573387146, 108.470916748, 60.8957099915, 94.1570358276, 127.27407074, 224.079330444, 64.6642608643, 43.1526298523, 54.2970085144, 68.3283615112, 33.3015441895, 77.5506362915], [278.305053711, 13.4816703796, -135.680007935, -38.0323944092, -67.0381622314, 51.1090736389, 64.6642608643, 148.607696533, 33.3629417419, 66.4877319336, 18.2262916565, 18.8856468201, 30.361082077], [91.5877761841, 37.0891838074, 22.0619621277, 48.7817497253, 36.1768836975, 54.7577323914, 43.1526298523, 33.3629417419, 84.7508621216, 45.5383911133, 35.5517921448, 11.6518602371, 34.6873817444], [330.440216064, 15.6062135696, -155.110900879, -70.494354248, -76.0471496582, 54.5561904907, 54.2970085144, 66.4877319336, 45.5383911133, 153.947402954, 43.493976593, 30.9451847076, 39.657371521], [339.28314209, -15.6361322403, 71.2110824585, 50.3224220276, 31.548784256, 57.9801483154, 68.3283615112, 18.2262916565, 35.5517921448, 43.493976593, 111.146644592, 35.4774971008, 47.1672782898], [264.452484131, -35.640586853, 60.4748039246, 32.3320503235, 30.5873584747, 18.9962520599, 33.3015441895, 18.8856468201, 11.6518602371, 30.9451847076, 35.4774971008, 86.0562133789, 50.7393608093], [334.565063477, -19.6177902222, 125.335227966, 57.4980278015, 90.5277175903, 81.6622467041, 77.5506362915, 30.361082077, 34.6873817444, 39.657371521, 47.1672782898, 50.7393608093, 128.435791016]],
        "icov": [[0.000258879794274, 0.000242933252594, 0.000126742816065, 0.000193190571736, -8.93558171811e-05, 0.000116015333333, -0.000667950022034, -1.63961813087e-05, 6.67298954795e-05, -2.88232467938e-06, -0.00037846545456, -0.000321025203448, -0.000202338153031], [0.000242933252594, 0.00197279429995, 0.000697239651345, -0.00149791012518, 2.0675955966e-05, 0.000397686613724, -0.00127867492847, 0.000254911428783, -5.17161788594e-06, -0.000715703994501, 0.000413043278968, 0.00061580631882, -6.95087510394e-05], [0.000126742816065, 0.000697239651345, 0.00298699596897, -0.00150373706128, -0.00224840361625, 0.000119934215036, -0.000715896661859, 0.00103507877793, 0.000690600136295, 0.000941547914408, -0.000788914156146, -0.000462783267722, -0.000773932260927], [0.000193190571736, -0.00149791012518, -0.00150373706128, 0.00589398480952, -0.00140959653072, -0.00222979905084, 0.00115214369725, -0.000800447072834, -0.00133244111203, 0.00194519385695, -0.00167898321524, -0.00221378984861, 0.0012520350283], [-8.93558171811e-05, 2.0675955966e-05, -0.00224840361625, -0.00140959653072, 0.00717295752838, -0.00104908994399, -0.00125229696278, 0.0018449727213, -0.00184953270946, 0.001199141494, 0.00214896374382, 9.27008222789e-05, -0.00170426722616], [0.000116015333333, 0.000397686613724, 0.000119934215036, -0.00222979905084, -0.00104908994399, 0.00856003258377, -0.00263283145614, -0.00150588387623, 0.000182340823812, -0.00310167321004, -0.000537815794814, 0.00300262309611, -0.00219800276682], [-0.000667950022034, -0.00127867492847, -0.000715896661859, 0.00115214369725, -0.00125229696278, -0.00263283145614, 0.010167052038, -0.00273342314176, 7.86971286288e-05, -8.02552094683e-05, -0.00218765554018, 0.000576182734221, -0.000629330636002], [-1.63961813087e-05, 0.000254911428783, 0.00103507877793, -0.000800447072834, 0.0018449727213, -0.00150588387623, -0.00273342314176, 0.0111669041216, -0.00235692993738, -0.00101161759812, 0.00198284955695, -0.00147312856279, -0.00109965750016], [6.67298954795e-05, -5.17161788594e-06, 0.000690600136295, -0.00133244111203, -0.00184953270946, 0.000182340823812, 7.86971286288e-05, -0.00235692993738, 0.0180889908224, -0.00449120765552, -0.00333628663793, 0.00253103091381, -0.00182800099719], [-2.88232467938e-06, -0.000715703994501, 0.000941547914408, 0.00194519385695, 0.001199141494, -0.00310167321004, -8.02552094683e-05, -0.00101161759812, -0.00449120765552, 0.0136008830741, -0.00226618116722, -0.00386599707417, -0.00110403529834], [-0.00037846545456, 0.000413043278968, -0.000788914156146, -0.00167898321524, 0.00214896374382, -0.000537815794814, -0.00218765554018, 0.00198284955695, -0.00333628663793, -0.00226618116722, 0.0151871899143, -0.00220415741205, -0.000855919264723], [-0.000321025203448, 0.00061580631882, -0.000462783267722, -0.00221378984861, 9.27008222789e-05, 0.00300262309611, 0.000576182734221, -0.00147312856279, 0.00253103091381, -0.00386599707417, -0.00220415741205, 0.0187288150191, -0.00568048749119], [-0.000202338153031, -6.95087510394e-05, -0.000773932260927, 0.0012520350283, -0.00170426722616, -0.00219800276682, -0.000629330636002, -0.00109965750016, -0.00182800099719, -0.00110403529834, -0.000855919264723, -0.00568048749119, 0.0151289571077]]
    },
    "spectral_contrast_coeffs": {
        "max": [-0.364692091942, -0.425453007221, -0.552482008934, -0.571561872959, -0.695380330086, -0.538825809956],
        "mean": [-0.755202770233, -0.761226654053, -0.746143817902, -0.809846162796, -0.811126053333, -0.771829128265],
        "min": [-0.957653343678, -0.913903951645, -0.907311797142, -0.920499026775, -0.892958760262, -0.870488405228],
        "stdev": [0.0861272513866, 0.0820281207561, 0.0727403312922, 0.0568075925112, 0.0356539450586, 0.0456181913614]
    },
    "spectral_contrast_valleys": {
        "max": [-5.39175653458, -5.21464061737, -5.18771886826, -6.07688713074, -6.02494621277, -8.42027759552],
        "mean": [-7.49308729172, -7.04024839401, -7.17889690399, -7.68172025681, -8.0575056076, -11.0155391693],
        "min": [-10.5001897812, -9.16531658173, -9.46641349792, -9.61912631989, -10.0272417068, -15.3924512863],
        "stdev": [1.15132284164, 0.706906974316, 0.997917711735, 0.859250247478, 0.869434654713, 1.26012539864]
    }
},
"rhythm": {
    "beats_count": 59,
    "beats_loudness": {
        "max": 0.217166319489,
        "mean": 0.0324056148529,
        "min": 0.000151472966536,
        "stdev": 0.0405560061336
    },
    "bpm": 164.552947998,
    "bpm_histogram_first_peak_bpm": 167,
    "bpm_histogram_first_peak_weight": 0,
    "bpm_histogram_second_peak_bpm": 161,
    "bpm_histogram_second_peak_spread": 0.294117629528,
    "bpm_histogram_second_peak_weight": 0.206896558404,
    "danceability": 0.798011064529,
    "onset_rate": 2.2286400795,
    "beats_loudness_band_ratio": {
        "max": [0.89738702774, 0.762584745884, 0.75340950489, 0.665007591248, 0.246487736702, 0.640118420124],
        "mean": [0.303148567677, 0.150261551142, 0.238628491759, 0.248119518161, 0.0594811886549, 0.0330823808908],
        "min": [0.000137463546707, 0.0007771627279, 0.0193303376436, 0.0109438570216, 0.00732168415561, 0.00143235805444],
        "stdev": [0.254421830177, 0.202690005302, 0.187940567732, 0.186773747206, 0.0522363632917, 0.0847124829888]
    },
    "beats_position": [0.371519267559, 0.743038535118, 1.11455774307, 1.47446703911, 1.83437633514, 2.19428563118, 2.56580495834, 2.93732428551, 3.29723358154, 3.64553284645, 4.01705217361, 4.38857126236, 4.76009082794, 5.11999988556, 5.47990942001, 5.85142850876, 6.2229475975, 6.59446716309, 6.97759628296, 7.36072540283, 7.74385452271, 8.13859367371, 8.52172279358, 8.91646194458, 9.29959201813, 9.69433116913, 10.0890703201, 10.4489793777, 10.8088884354, 11.1687984467, 11.5287075043, 11.8886165619, 12.2485256195, 12.6200447083, 12.9799547195, 13.3398637772, 13.6997728348, 14.0712919235, 14.4312019348, 14.7911109924, 15.1974601746, 15.6038093567, 16.0101585388, 16.4281177521, 16.8344669342, 17.2524261475, 17.6471652985, 18.1463947296, 18.6456241608, 19.1448516846, 19.6440811157, 20.1433105469, 20.642539978, 21.153377533, 21.6642169952, 22.1634464264, 22.6626758575, 23.1619052887, 23.6611328125],
