{
"metadata": {
    "version": {
        "essentia": "2.1-beta5",
        "essentia_git_sha": "Undefined",
        "extractor": "music 2.0"
    },
    "audio_properties": {
        "analysis": {
            "equal_loudness": 0,
            "length": 32.4963264465,
            "sample_rate": 44100,
            "start_time": 110.248344421,
            "downmix": "mix"
        },
        "bit_rate": 192000,
        "length": 193.201644897,
        "lossless": 0,
        "number_channels": 2,
        "replay_gain": -2.74511909485,
        "sample_rate": 48000,
        "codec": "mp3",
        "md5_encoded": "56fe1e77907162f7cf120b9ba912dc3c"
    },
    "tags": {
        "file_name": "Germany_Perfect Life_Levina.mp3",
        "encoding": ["Lavf58.29.100"]
    }
},
"lowlevel": {
    "average_loudness": 0.979947328568,
    "barkbands_crest": {
        "max": 23.2326488495,
        "mean": 11.258439064,
        "min": 2.55242204666,
        "stdev": 3.98684024811
    },
    "barkbands_flatness_db": {
        "max": 0.373174577951,
        "mean": 0.159470945597,
        "min": 0.0439029596746,
        "stdev": 0.0562282241881
    },
    "barkbands_kurtosis": {
        "max": 123.300392151,
        "mean": 6.33723545074,
        "min": -1.80026984215,
        "stdev": 13.8796329498
    },
    "barkbands_skewness": {
        "max": 10.0511932373,
        "mean": 1.59850609303,
        "min": -1.4357124567,
        "stdev": 1.78611588478
    },
    "barkbands_spread": {
        "max": 58.3291282654,
        "mean": 20.701177597,
        "min": 1.38927924633,
        "stdev": 10.6173992157
    },
    "dissonance": {
        "max": 0.499999910593,
        "mean": 0.462855070829,
        "min": 0.293821573257,
        "stdev": 0.0295808240771
    },
    "dynamic_complexity": 2.65598845482,
    "erbbands_crest": {
        "max": 31.0594654083,
        "mean": 12.0880498886,
        "min": 2.41674923897,
        "stdev": 6.86621379852
    },
    "erbbands_flatness_db": {
        "max": 0.323110580444,
        "mean": 0.16771273315,
        "min": 0.0479201935232,
        "stdev": 0.0547017976642
    },
    "erbbands_kurtosis": {
        "max": 21.5951290131,
        "mean": 1.34497213364,
        "min": -1.38712275028,
        "stdev": 2.76850223541
    },
    "erbbands_skewness": {
        "max": 3.47732806206,
        "mean": 0.377327263355,
        "min": -2.37319231033,
        "stdev": 0.815187394619
    },
    "erbbands_spread": {
        "max": 96.3269958496,
        "mean": 30.468421936,
        "min": 3.9475710392,
        "stdev": 18.1833515167
    },
    "hfc": {
        "max": 80.3597183228,
        "mean": 25.951374054,
        "min": 0.791677355766,
        "stdev": 17.6941814423
    },
    "loudness_ebu128": {
        "integrated": -19.6917934418,
        "loudness_range": 1.17973327637,
        "momentary": {
            "max": -16.3688812256,
            "mean": -19.9321479797,
            "min": -25.1371078491,
            "stdev": 1.50362718105
        },
        "short_term": {
            "max": -18.7380542755,
            "mean": -19.6803779602,
            "min": -20.7743339539,
            "stdev": 0.419008105993
        }
    },
    "melbands_crest": {
        "max": 37.9931945801,
        "mean": 19.8943786621,
        "min": 5.27351379395,
        "stdev": 8.31330490112
    },
    "melbands_flatness_db": {
        "max": 0.469782263041,
        "mean": 0.220316916704,
        "min": 0.0861137881875,
        "stdev": 0.0618283562362
    },
    "melbands_kurtosis": {
        "max": 368.883148193,
        "mean": 16.9638004303,
        "min": -1.51532030106,
        "stdev": 34.8258590698
    },
    "melbands_skewness": {
        "max": 16.9541301727,
        "mean": 2.59440207481,
        "min": -1.26493215561,
        "stdev": 2.55479812622
    },
    "melbands_spread": {
        "max": 84.3609695435,
        "mean": 23.3537101746,
        "min": 1.07043254375,
        "stdev": 13.8796072006
    },
    "pitch_salience": {
        "max": 0.771924376488,
        "mean": 0.438620209694,
        "min": 0.0722161903977,
        "stdev": 0.143686562777
    },
    "silence_rate_20dB": {
        "max": 1,
        "mean": 1,
        "min": 1,
        "stdev": 0
    },
    "silence_rate_30dB": {
        "max": 1,
        "mean": 0.928622424603,
        "min": 0,
        "stdev": 0.257455945015
    },
    "silence_rate_60dB": {
        "max": 1,
        "mean": 0.000713775865734,
        "min": 0,
        "stdev": 0.0267075523734
    },
    "spectral_centroid": {
        "max": 2767.95507812,
        "mean": 1400.56518555,
        "min": 450.722930908,
        "stdev": 401.477081299
    },
    "spectral_complexity": {
        "max": 47,
        "mean": 19.7351894379,
        "min": 2,
        "stdev": 7.2758808136
    },
    "spectral_decrease": {
        "max": -1.91326024468e-10,
        "mean": -1.32168187505e-08,
        "min": -7.40689145573e-08,
        "stdev": 9.99543825486e-09
    },
    "spectral_energy": {
        "max": 0.282848358154,
        "mean": 0.0522371791303,
        "min": 0.00079491105862,
        "stdev": 0.038403082639
    },
    "spectral_energyband_high": {
        "max": 0.00444069225341,
        "mean": 0.000572875782382,
        "min": 6.46365242574e-06,
        "stdev": 0.000695060763974
    },
    "spectral_energyband_low": {
        "max": 0.225069224834,
        "mean": 0.0285380333662,
        "min": 0.000130737214931,
        "stdev": 0.0315478555858
    },
    "spectral_energyband_middle_high": {
        "max": 0.0712414085865,
        "mean": 0.0111933713779,
        "min": 0.000199125017389,
        "stdev": 0.0121439900249
    },
    "spectral_energyband_middle_low": {
        "max": 0.0836886391044,
        "mean": 0.0110540557653,
        "min": 0.000159259609063,
        "stdev": 0.0115899657831
    },
    "spectral_entropy": {
        "max": 8.47118759155,
        "mean": 7.58434391022,
        "min": 6.41368818283,
        "stdev": 0.353161841631
    },
    "spectral_flux": {
        "max": 0.323510527611,
        "mean": 0.124173521996,
        "min": 0.0233590528369,
        "stdev": 0.0580045804381
    },
    "spectral_kurtosis": {
        "max": 17.2123985291,
        "mean": 4.76388120651,
        "min": 0.0155811309814,
        "stdev": 2.37346339226
    },
    "spectral_rms": {
        "max": 0.0166117325425,
        "mean": 0.00667030643672,
        "min": 0.000880637846421,
        "stdev": 0.00254365056753
    },
    "spectral_rolloff": {
        "max": 3165.38085938,
        "mean": 1029.87597656,
        "min": 43.06640625,
        "stdev": 725.753417969
    },
    "spectral_skewness": {
        "max": 3.49461579323,
        "mean": 1.59466099739,
        "min": 0.730026125908,
        "stdev": 0.31438395381
    },
    "spectral_spread": {
        "max": 10377995,
        "mean": 4191701.5,
        "min": 2089098.625,
        "stdev": 1262844.875
    },
    "spectral_strongpeak": {
        "max": 11.037276268,
        "mean": 1.40920937061,
        "min": 0,
        "stdev": 2.10541176796
    },
    "zerocrossingrate": {
        "max": 0.12255859375,
        "mean": 0.0465132333338,
        "min": 0.00537109375,
        "stdev": 0.0187896974385
    },
    "barkbands": {
        "max": [0.128456369042, 0.136087402701, 0.0757099837065, 0.0262778382748, 0.0195779725909, 0.0141693530604, 0.00838345009834, 0.0235752891749, 0.0726323276758, 0.0787718296051, 0.0474309399724, 0.0319987460971, 0.0212114769965, 0.0224455054849, 0.0148767735809, 0.0126821342856, 0.0130373742431, 0.00577757833526, 0.00327532063238, 0.00312489178032, 0.000953949813265, 0.00119904300664, 0.000787043012679, 0.00138010887895, 0.000797233020421, 0.000406263832701, 2.73262867267e-05],
        "mean": [0.0100101940334, 0.0176215898246, 0.00306974491104, 0.00128180987667, 0.00122340791859, 0.00131773063913, 0.000465804128908, 0.000643136154395, 0.00335005065426, 0.00496956845745, 0.001624432276, 0.00155323732179, 0.000547312200069, 0.000994924805127, 0.000923470361158, 0.000699970521964, 0.000587081536651, 0.000413528294303, 0.000270294840448, 0.000241800109507, 0.000106597632112, 8.56515398482e-05, 8.14118175185e-05, 7.78450994403e-05, 5.14065177413e-05, 2.48192700383e-05, 3.96192746166e-07],
        "min": [1.25629208014e-06, 7.5733900303e-05, 7.02903253114e-06, 3.42252042174e-06, 3.5732104152e-05, 8.0715144577e-06, 8.09800349089e-06, 3.39416214956e-06, 1.15948205348e-05, 1.43532670336e-05, 7.29451539883e-06, 8.31831857795e-06, 4.04108141083e-06, 7.33130946173e-06, 9.7553802334e-06, 9.15838973015e-06, 4.89376861879e-06, 4.88512796437e-06, 1.68682663571e-06, 2.21917025556e-06, 8.87370731562e-07, 5.87035628996e-07, 5.36588572686e-07, 1.05073605372e-09, 1.18767579105e-10, 9.05724939493e-11, 9.65949056853e-11],
        "stdev": [0.0154683897272, 0.0218686759472, 0.00759291136637, 0.00246068346314, 0.00170303904451, 0.0013998154318, 0.000682878075168, 0.00185806991067, 0.00676041236147, 0.0109386779368, 0.00494955899194, 0.00338111678138, 0.00156019686256, 0.00202882173471, 0.00146232661791, 0.00122218788601, 0.00129090168048, 0.000525678042322, 0.000363535218639, 0.000273928424576, 0.000137218434247, 0.000146201622556, 0.000119045442261, 0.00014051081962, 8.45798058435e-05, 4.64333788841e-05, 1.65211429248e-06]
    },
    "erbbands": {
        "max": [9.43402576447, 17.8171482086, 74.9944458008, 68.0822067261, 72.8143920898, 57.4974822998, 116.741577148, 107.605400085, 161.569747925, 314.174285889, 709.163024902, 1799.05651855, 3078.69360352, 2565.69775391, 1493.37475586, 1351.3145752, 785.129272461, 1152.89135742, 616.527893066, 672.065185547, 833.491516113, 871.55645752, 277.681945801, 234.145370483, 99.6793060303, 150.626541138, 57.1237831116, 48.0742225647, 34.7610397339, 42.4297370911, 24.7346973419, 21.8449821472, 32.5869140625, 13.5375375748, 4.01974391937, 1.77909636497, 1.03154933453, 0.118279002607, 0.00708967167884, 0.00031613354804],
        "mean": [0.94397598505, 2.38411664963, 3.49750828743, 4.02617454529, 4.23435020447, 4.08771276474, 7.61763858795, 10.3834600449, 7.33104515076, 7.32506656647, 23.4316902161, 68.2030715942, 186.70463562, 89.1072845459, 60.4739532471, 56.5866279602, 26.608215332, 56.3027954102, 40.7955970764, 46.1417503357, 41.4416122437, 31.5861434937, 22.8612422943, 20.208820343, 9.75503253937, 11.4773674011, 6.64426660538, 3.41104435921, 2.82981228828, 3.10250735283, 2.27527666092, 1.70357429981, 1.23866450787, 0.665549755096, 0.322727948427, 0.136421725154, 0.0434228777885, 0.00398306641728, 0.000127759529278, 6.4446219767e-05],
        "min": [0.00348165631294, 0.0122426142916, 0.0130232814699, 0.0684314668179, 0.0759281292558, 0.127048119903, 0.0810765400529, 0.0680573284626, 0.226769968867, 0.166356503963, 0.272344738245, 0.254855424166, 0.600208818913, 0.395628780127, 0.354544430971, 0.479487329721, 0.682732880116, 0.700480818748, 1.01785099506, 1.05873668194, 0.575457572937, 0.262570083141, 0.257813990116, 0.140431940556, 0.0649691596627, 0.0852523520589, 0.0893396958709, 0.0254124384373, 0.0194035358727, 0.0139889121056, 0.00649415003136, 0.000351115362719, 8.94457625691e-05, 3.14135613735e-05, 9.43855229707e-06, 4.99400857734e-06, 2.80402491626e-06, 6.77663422266e-07, 2.82421592601e-06, 2.45973751589e-06],
        "stdev": [1.34253191948, 2.76045322418, 8.00988769531, 7.40146398544, 8.08105278015, 5.04352521896, 9.68644618988, 11.6623449326, 9.61306858063, 13.1518545151, 63.8917808533, 145.316925049, 371.885284424, 244.782394409, 163.533370972, 116.873626709, 53.3111724854, 117.524879456, 61.6563644409, 71.8788375854, 73.8442611694, 68.9066467285, 31.7627067566, 25.6104202271, 10.5708856583, 13.1942958832, 7.19119596481, 5.12508535385, 4.72915744781, 5.37047529221, 3.31629800797, 2.69813466072, 2.59153199196, 1.19857406616, 0.515550494194, 0.24679453671, 0.0870410874486, 0.00847901217639, 0.000345627195202, 4.48670252808e-05]
    },
    "gfcc": {
        "mean": [16.7248210907, 101.788589478, -125.945075989, 37.1994285583, -46.4185447693, 26.9169120789, -27.6622676849, 20.1098022461, -16.0859088898, 1.48007249832, -10.7267503738, 0.557770729065, 0.387472480536],
        "cov": [[1837.35351562, -743.54095459, 117.703346252, -148.76109314, 32.2908363342, 155.153244019, -114.724266052, 179.827133179, -214.830047607, 64.3304367065, -253.186187744, 85.3711395264, -194.944503784], [-743.54095459, 783.384399414, -284.61819458, 90.9959793091, 39.7981910706, -64.3087310791, 189.26133728, -144.427337646, 168.686553955, -164.292892456, 213.931945801, -173.697280884, 163.590484619], [117.703346252, -284.61819458, 587.449035645, 116.54511261, -28.5457706451, 25.071269989, -130.470718384, 41.7758026123, -4.81909275055, 126.44934082, -53.9158248901, 128.27557373, -73.2270202637], [-148.76109314, 90.9959793091, 116.54511261, 249.133255005, -26.4385128021, -38.0993347168, -47.2949180603, -29.9576644897, 74.4980926514, -16.3958244324, 54.9094924927, -21.0635509491, 47.9115066528], [32.2908363342, 39.7981910706, -28.5457706451, -26.4385128021, 174.53805542, 3.37958669662, 53.252822876, 22.0488872528, 14.2290096283, -12.527961731, 0.313631206751, 25.6270866394, 24.9309158325], [155.153244019, -64.3087310791, 25.071269989, -38.0993347168, 3.37958669662, 207.28288269, 40.9405479431, -40.605670929, -48.4369354248, 4.64197731018, 47.6318740845, -13.8189868927, 2.13989186287], [-114.724266052, 189.26133728, -130.470718384, -47.2949180603, 53.252822876, 40.9405479431, 188.686828613, -12.3320093155, 34.8336029053, -54.0547561646, 59.69298172, -49.9204559326, 47.5697212219], [179.827133179, -144.427337646, 41.7758026123, -29.9576644897, 22.0488872528, -40.605670929, -12.3320093155, 153.965423584, 19.1261405945, 9.94455909729, -85.3693771362, 38.0547676086, -5.54539442062], [-214.830047607, 168.686553955, -4.81909275055, 74.4980926514, 14.2290096283, -48.4369354248, 34.8336029053, 19.1261405945, 172.38861084, -20.1024589539, 40.0658607483, -33.0702552795, 70.1094589233], [64.3304367065, -164.292892456, 126.44934082, -16.3958244324, -12.527961731, 4.64197731018, -54.0547561646, 9.94455909729, -20.1024589539, 143.753097534, -3.07090711594, 54.1689949036, -55.8687705994], [-253.186187744, 213.931945801, -53.9158248901, 54.9094924927, 0.313631206751, 47.6318740845, 59.69298172, -85.3693771362, 40.0658607483, -3.07090711594, 222.113876343, -30.7127017975, 50.2981529236], [85.3711395264, -173.697280884, 128.27557373, -21.0635509491, 25.6270866394, -13.8189868927, -49.9204559326, 38.0547676086, -33.0702552795, 54.1689949036, -30.7127017975, 132.81854248, -9.34028148651], [-194.944503784, 163.590484619, -73.2270202637, 47.9115066528, 24.9309158325, 2.13989186287, 47.5697212219, -5.54539442062, 70.1094589233, -55.8687705994, 50.2981529236, -9.34028148651, 140.282943726]],
        "icov": [[0.00114831060637, 0.000949661363848, 0.000264988018898, -0.000235936095123, -0.000494053354487, -0.000770452083088, 7.96061285655e-05, -0.000710554246325, 0.000267424096819, 0.000571594457142, 0.000223988157813, 0.000400140095735, 0.000792005856056], [0.000949661363848, 0.00761561468244, -0.000540277222171, 0.00108454504516, -0.00162188673858, 0.00387543067336, -0.00254619587213, 0.00407565338537, -0.00199822639115, 0.00379813392647, -0.00339501304552, 0.00560168875381, -0.00285847275518], [0.000264988018898, -0.000540277222171, 0.00403684750199, -0.00292379641905, 0.000457460497273, -0.00254847179167, 0.000545336690266, -0.000994373345748, -0.00102110614534, -0.00165661168285, 0.00147882092278, -0.00413683988154, 0.00288231717423], [-0.000235936095123, 0.00108454504516, -0.00292379641905, 0.00821064412594, -0.000191936647752, 0.00284501141869, 0.00216691358946, 0.00205285078846, -0.00169653072953, 0.00219122879207, -0.00274163135327, 0.00405109394342, -0.00361268385313], [-0.000494053354487, -0.00162188673858, 0.000457460497273, -0.000191936647752, 0.00747343339026, -0.000704724923708, -0.00186333002057, -0.000969293934759, -0.000344562286045, -0.000525247189216, 0.000909608905204, -0.0038633311633, 0.000164910161402], [-0.000770452083088, 0.00387543067336, -0.00254847179167, 0.00284501141869, -0.000704724923708, 0.0105137163773, -0.00295521342196, 0.00431239139289, 0.00133007136174, 0.00150608923286, -0.00402226904407, 0.00579528976232, -0.00499138236046], [7.96061285655e-05, -0.00254619587213, 0.000545336690266, 0.00216691358946, -0.00186333002057, -0.00295521342196, 0.0104720639065, -0.00244539836422, -0.000573177880142, 0.000654321163893, -0.00084554485511, 0.000536312407348, 0.000238873835769], [-0.000710554246325, 0.00407565338537, -0.000994373345748, 0.00205285078846, -0.000969293934759, 0.00431239139289, -0.00244539836422, 0.0134459221736, -0.00406024698168, 0.00184007757343, 0.00102474656887, 0.001200057799, -0.0030186783988], [0.000267424096819, -0.00199822639115, -0.00102110614534, -0.00169653072953, -0.000344562286045, 0.00133007136174, -0.000573177880142, -0.00406024698168, 0.0115352487192, -0.00255411025137, -0.000193786676391, 0.00269284634851, -0.00371033884585], [0.000571594457142, 0.00379813392647, -0.00165661168285, 0.00219122879207, -0.000525247189216, 0.00150608923286, 0.000654321163893, 0.00184007757343, -0.00255411025137, 0.0134638957679, -0.00372884678654, -0.000280447013211, 0.00263011455536], [0.000223988157813, -0.00339501304552, 0.00147882092278, -0.00274163135327, 0.000909608905204, -0.00402226904407, -0.00084554485511, 0.00102474656887, -0.000193786676391, -0.00372884678654, 0.00975713692605, -0.00384885305539, 0.00106272427365], [0.000400140095735, 0.00560168875381, -0.00413683988154, 0.00405109394342, -0.0038633311633, 0.00579528976232, 0.000536312407348, 0.001200057799, 0.00269284634851, -0.000280447013211, -0.00384885305539, 0.0197868105024, -0.00781563576311], [0.000792005856056, -0.00285847275518, 0.00288231717423, -0.00361268385313, 0.000164910161402, -0.00499138236046, 0.000238873835769, -0.0030186783988, -0.00371033884585, 0.00263011455536, 0.00106272427365, -0.00781563576311, 0.0161477457732]]
    },
    "melbands": {
        "max": [0.0649120807648, 0.0271708015352, 0.0109919048846, 0.00488599576056, 0.00317503535189, 0.00210301927291, 0.00208148895763, 0.00313038891181, 0.00636890064925, 0.0130042592064, 0.0152950175107, 0.00995780713856, 0.00429429858923, 0.00413440680131, 0.00253931200132, 0.00284330290742, 0.00262534851208, 0.000855945807416, 0.00115171191283, 0.000761173141655, 0.00126683583949, 0.000867698516231, 0.000467878155177, 0.000238756765611, 0.00024011527421, 0.000104747523437, 7.56855224608e-05, 0.00013840723841, 5.68666109757e-05, 3.1709249015e-05, 2.36801006395e-05, 2.02026149054e-05, 2.9328151868e-05, 2.18204950215e-05, 1.6133306417e-05, 1.31265896925e-05, 1.4811613255e-05, 2.21552709263e-05, 1.64481589309e-05, 1.28623814817e-05],
        "mean": [0.00709778862074, 0.00208248686977, 0.000716666516382, 0.000286833557766, 0.00024200246844, 0.000236831081565, 0.000109482316475, 7.8586032032e-05, 0.000217553824768, 0.000494101608638, 0.000937779375818, 0.000360845297109, 0.000187456476851, 0.000186635545106, 9.55089126364e-05, 6.24253225396e-05, 0.000109493914351, 5.86336864217e-05, 7.16087160981e-05, 5.07296936121e-05, 4.98108929605e-05, 3.55496777047e-05, 2.17902343138e-05, 1.85323187907e-05, 1.67619473359e-05, 7.67371602706e-06, 6.34956586509e-06, 8.12686994323e-06, 4.87448869535e-06, 2.47443631451e-06, 1.72845398083e-06, 1.53424605287e-06, 1.78301593223e-06, 1.64996038166e-06, 1.32625336846e-06, 1.11636734346e-06, 1.02528872503e-06, 9.14297459076e-07, 6.52871847251e-07, 5.34680680175e-07],
        "min": [2.88264818664e-05, 1.0215932889e-05, 1.50104224304e-05, 7.89522528066e-06, 3.39076791533e-06, 1.65912388184e-06, 3.45886064679e-06, 1.68909514286e-06, 1.42180192597e-06, 1.54613314862e-06, 2.14811075239e-06, 1.32381649109e-06, 9.93156163531e-07, 1.21405571463e-06, 5.88511113619e-07, 8.92158197985e-07, 1.06479012629e-06, 1.46045999827e-06, 8.97814118161e-07, 7.80220716479e-07, 5.47182366972e-07, 2.63154134927e-07, 3.18257065146e-07, 1.45100216287e-07, 1.1267509592e-07, 5.70659324239e-08, 3.17184891685e-08, 6.7573132867e-08, 7.65752332654e-08, 1.17119949294e-08, 1.39413094402e-08, 1.4349446964e-08, 4.85684159557e-09, 8.28714430412e-09, 2.54033105662e-09, 2.40553299502e-10, 1.63373845702e-11, 7.49064525685e-12, 5.74017135907e-12, 1.13492472798e-12],
        "stdev": [0.0092551028356, 0.00319006061181, 0.00130581692792, 0.000433005276136, 0.00027170960675, 0.00024876720272, 0.000140886302688, 0.000149722982314, 0.000622728839517, 0.00104763137642, 0.00189172860701, 0.00103991688229, 0.000504226773046, 0.000442235468654, 0.000245838949922, 0.000182557079825, 0.00023887680436, 9.79114774964e-05, 0.000121431112348, 8.1736696302e-05, 0.000108543616079, 8.06497118901e-05, 4.15945687564e-05, 2.36265404965e-05, 2.3302356567e-05, 1.03695974758e-05, 7.23982202544e-06, 1.02852791315e-05, 5.96283780396e-06, 3.41792633662e-06, 2.76685318568e-06, 2.56157863987e-06, 3.33086154569e-06, 2.80214749182e-06, 1.93963296624e-06, 1.65950325481e-06, 1.70254418208e-06, 1.88638693999e-06, 1.34521178552e-06, 9.66175662143e-07]
    },
    "melbands128": {
        "max": [0.087310321629, 0.10464836657, 0.0539440922439, 0.0226997584105, 0.0378088653088, 0.0339435972273, 0.0150734577328, 0.0119866533205, 0.00838505662978, 0.00645374367014, 0.00340151367709, 0.0040057040751, 0.00483322655782, 0.00509379105642, 0.003741286695, 0.00242213043384, 0.00504093058407, 0.0020222463645, 0.00263164262287, 0.00594421848655, 0.00458139600232, 0.00600674981251, 0.0125688826665, 0.011625148356, 0.0140165761113, 0.0285912379622, 0.0175294410437, 0.0303050111979, 0.0238893907517, 0.0168739836663, 0.021742073819, 0.0126307681203, 0.00549246650189, 0.0115074496716, 0.0107884882018, 0.00603883201256, 0.00694489805028, 0.00539660546929, 0.00222331262194, 0.0015690891305, 0.00589885376394, 0.00489018950611, 0.00417676009238, 0.00525561021641, 0.00142811553087, 0.00144469493534, 0.00280567747541, 0.00190067582298, 0.00208593159914, 0.00238606077619, 0.00106858788058, 0.000905123713892, 0.00230065663345, 0.00244112475775, 0.00187633850146, 0.0013841278851, 0.00243945000693, 0.00112686911598, 0.000854415528011, 0.000667091633659, 0.000462434516521, 0.000253672711551, 0.000361446494935, 0.000353611889295, 0.000285682472168, 0.000187952318811, 0.000201973802177, 0.000142658434925, 0.000157927453984, 0.0001386787917, 0.000104833881778, 0.000398587435484, 0.000132586050313, 6.5720792918e-05, 4.41806259914e-05, 4.93209954584e-05, 6.37873745291e-05, 4.91819082526e-05, 2.35438164964e-05, 3.82796170015e-05, 2.27231157623e-05, 3.45924236171e-05, 2.16244643525e-05, 3.92307956645e-05, 4.03034391638e-05, 2.92695513053e-05, 2.53661964962e-05, 1.94664171431e-05, 1.84369710041e-05, 2.33787122852e-05, 1.20300146591e-05, 1.33229032144e-05, 2.25312414841e-05, 1.609863466e-05, 1.92125153262e-05, 1.44801515489e-05, 3.47013919964e-05, 5.28568161826e-05, 1.22448454931e-05, 1.01532123153e-05, 1.86163360922e-05, 1.30483840621e-05, 8.26016184874e-06, 5.17695525559e-06, 4.70826580568e-06, 6.82531253915e-06, 5.58844794796e-06, 4.17307546741e-06, 4.16862303609e-06, 3.81236372959e-06, 3.14058229378e-06, 3.68785049432e-06, 5.66831795368e-06, 3.80931442123e-06, 2.49171398536e-06, 1.47446348819e-06, 6.96046697612e-07, 1.91394747162e-07, 2.20832902187e-07, 3.30364002821e-07, 1.97961014692e-07, 1.98370358362e-07, 8.31263449186e-08, 2.66534150306e-09, 3.93418714273e-10, 3.85655785085e-10, 3.79385078908e-10, 3.75554615184e-10],
        "mean": [0.00715595204383, 0.00951029639691, 0.00688623031601, 0.0029257866554, 0.00185054447502, 0.00138353777584, 0.000816223968286, 0.000612105242908, 0.000412644498283, 0.000262570829364, 0.00021946655761, 0.000166809171787, 0.000271653785603, 0.000308502785629, 0.000252072495641, 0.000197835863219, 0.000137139155413, 7.96441963757e-05, 0.000100388067949, 7.10986641934e-05, 6.61538506392e-05, 9.55665163929e-05, 0.000279165891698, 0.000290858995868, 0.000282649067231, 0.000596966943704, 0.000916625082027, 0.0012538745068, 0.00071223359555, 0.000272615492577, 0.000379051518394, 0.000221120979404, 8.3676277427e-05, 0.000262097251834, 0.000201113492949, 0.000170838073245, 0.000138698902447, 0.000133468856802, 2.95013069262e-05, 2.82070923276e-05, 7.47440353734e-05, 0.000102808917291, 0.000135947324452, 0.000101772675407, 4.72227584396e-05, 5.22688533238e-05, 6.86505663907e-05, 7.76768938522e-05, 7.24716519471e-05, 5.83885957894e-05, 4.64884869871e-05, 4.53379834653e-05, 4.26808474003e-05, 6.24103486189e-05, 4.46676494903e-05, 3.21141124004e-05, 2.97613732982e-05, 1.70461335074e-05, 2.20830243052e-05, 2.31409321714e-05, 1.70381517819e-05, 1.45180283653e-05, 2.37928597926e-05, 1.5422632714e-05, 9.66856987361e-06, 8.1316129581e-06, 5.85921088714e-06, 5.25857149114e-06, 6.56508018437e-06, 7.58821352065e-06, 8.38449341245e-06, 8.70400708664e-06, 6.72940632285e-06, 3.90935792893e-06, 3.04856712319e-06, 2.58817362919e-06, 2.20619995162e-06, 2.0692484668e-06, 1.61723380643e-06, 1.40198199006e-06, 1.62609069321e-06, 1.60582283115e-06, 1.2834922245e-06, 1.90152502455e-06, 2.16404691855e-06, 1.62159744832e-06, 1.66322490713e-06, 1.28901308472e-06, 1.28564965962e-06, 1.37007521062e-06, 1.19230969631e-06, 1.01613761672e-06, 1.03295542431e-06, 1.03033858068e-06, 1.0572488236e-06, 8.69966243044e-07, 9.43370935147e-07, 9.25414326503e-07, 5.75718331675e-07, 5.445136253e-07, 6.36469337678e-07, 5.27442125531e-07, 4.38157144345e-07, 3.65054233953e-07, 3.48702741348e-07, 3.61394171478e-07, 3.18876601568e-07, 2.61201876128e-07, 2.23827001378e-07, 1.98359032311e-07, 1.8005465563e-07, 1.70978097458e-07, 1.53225741428e-07, 9.38046156307e-08, 6.40545891883e-08, 3.81420619533e-08, 1.24852261862e-08, 1.11246711842e-09, 8.28726920421e-10, 8.05618349808e-10, 6.29776231165e-10, 5.23852849987e-10, 2.87950135958e-10, 1.11716556145e-11, 7.3168589243e-12, 7.00339222379e-12, 6.82261322091e-12, 6.76606513872e-12],
        "min": [2.21380735965e-09, 1.40239972097e-05, 1.34564834298e-05, 7.72394741944e-06, 5.38305084774e-06, 3.99049667976e-06, 6.11601899436e-06, 1.69762927271e-06, 1.91870776689e-06, 3.65300434169e-06, 1.27826876906e-06, 1.0176829619e-06, 9.75320062935e-07, 1.50406242483e-06, 9.55506038736e-07, 3.21440694506e-07, 6.82597828927e-07, 2.17169457528e-07, 6.95483379332e-07, 5.85045825119e-07, 4.4349181394e-07, 1.54491246462e-07, 2.83026707848e-07, 5.32966168976e-07, 2.84155220243e-07, 2.09628126413e-07, 3.58566950354e-07, 2.49229913152e-07, 5.40161863682e-07, 2.5060256803e-07, 4.80458652419e-07, 4.48251455509e-07, 2.39299708937e-07, 2.0723004468e-07, 1.92436090174e-07, 3.62737324622e-08, 2.24688477601e-07, 3.21368474943e-07, 1.85023438348e-07, 1.91628998891e-07, 1.85532258001e-07, 1.88925653788e-07, 3.02487251247e-07, 2.84507848392e-07, 2.88261674086e-07, 2.20349818392e-07, 2.08827799497e-07, 3.45362650478e-07, 3.46372189597e-07, 3.62894496675e-07, 2.87623493023e-07, 3.73758439309e-07, 1.27584513621e-07, 2.43935801336e-07, 9.17286655522e-08, 1.61591628967e-07, 6.39890060938e-08, 7.05465481587e-08, 1.329151047e-07, 1.9814387997e-07, 7.12595493724e-08, 1.15103979681e-07, 1.47431322262e-07, 5.34544781772e-08, 3.52895312972e-08, 6.14361397311e-08, 3.7191068003e-08, 4.05397990733e-08, 2.04828936035e-08, 3.405926563e-08, 4.94836882581e-08, 7.91675276446e-08, 8.75214922758e-08, 2.0551100377e-08, 2.08030037641e-08, 2.23323048942e-09, 1.01013120091e-09, 5.38946398621e-09, 2.04193106867e-09, 5.00191266184e-09, 1.30912178875e-08, 9.18482534473e-09, 2.87266899157e-09, 3.48068729394e-09, 7.20013648703e-09, 5.21687537614e-09, 5.26199173123e-09, 1.96900118432e-09, 7.38033245629e-10, 9.1866098062e-10, 3.69533015299e-10, 2.04709756091e-11, 1.78582426624e-11, 1.69946140494e-11, 1.13395603671e-11, 7.19984098382e-12, 7.44727543522e-12, 6.30461134687e-12, 1.18214899675e-12, 1.03949910745e-12, 9.25035005192e-13, 6.28960913299e-13, 1.2910411672e-12, 1.19321544832e-12, 6.22908300461e-13, 4.79182774189e-13, 6.05791458663e-13, 5.39245622981e-13, 3.20314900906e-13, 3.82997209251e-13, 3.5423077774e-13, 2.60647569066e-13, 2.6503143213e-13, 3.17557774781e-13, 2.80995631494e-13, 3.33730086751e-13, 3.06479668033e-13, 3.15208389988e-13, 2.69022651378e-13, 2.36440017955e-13, 2.71039673995e-13, 3.11782663489e-13, 2.9220511644e-13, 2.32348753952e-13, 1.63668842476e-13, 7.71283129595e-14, 1.10936913071e-14, 4.25011222081e-16],
        "stdev": [0.0110312215984, 0.0143298739567, 0.00882323086262, 0.00367655931041, 0.00439515383914, 0.00334210554138, 0.00153676583432, 0.00123143498786, 0.000894837488886, 0.000452299282188, 0.000301421328913, 0.000211631981074, 0.000402855250286, 0.000457751622889, 0.000375358766178, 0.000270530406851, 0.000240107066929, 0.00014853317407, 0.00017370643036, 0.000204727548407, 0.000174237502506, 0.000356327189365, 0.000954748655204, 0.00104550796095, 0.000998498289846, 0.00187216466293, 0.00212825438939, 0.00321485614404, 0.00240334612317, 0.00123212405015, 0.00170247338247, 0.000942639715504, 0.000369109009625, 0.00108097214252, 0.000717516290024, 0.000546011724509, 0.000404653692385, 0.000461172312498, 0.000101905447082, 9.05439082999e-05, 0.000294556695735, 0.000398062547902, 0.000372576119844, 0.000305395427858, 0.000117669384053, 0.000142440636409, 0.000188857302419, 0.000185596072697, 0.000180457689567, 0.000171632011188, 0.000106656189018, 0.000103937432868, 0.000146987717017, 0.00020841883088, 0.000134564674227, 0.000101741141407, 0.000136307411594, 5.46094925085e-05, 4.77635039715e-05, 4.95164349559e-05, 3.48035173374e-05, 2.43959420914e-05, 4.05015780416e-05, 3.14227218041e-05, 2.14058181882e-05, 1.48578164954e-05, 9.77811214398e-06, 7.7495651567e-06, 1.10765176942e-05, 1.20972217701e-05, 1.39588482853e-05, 1.72989693965e-05, 1.20442591651e-05, 6.23045070824e-06, 4.19087473347e-06, 3.74791102331e-06, 4.49065009889e-06, 3.78043046112e-06, 2.75619777312e-06, 2.35204424825e-06, 2.68899634648e-06, 3.26448139276e-06, 2.33564219343e-06, 3.97310623157e-06, 4.35825313616e-06, 3.02694570564e-06, 2.92272784463e-06, 2.11429528463e-06, 1.95671327674e-06, 2.45938758781e-06, 1.69083205037e-06, 1.65210781233e-06, 1.86916963685e-06, 1.74453305135e-06, 1.95586426344e-06, 1.52046618496e-06, 2.35094194068e-06, 2.80196081803e-06, 1.11095380362e-06, 1.01164789612e-06, 1.28208159822e-06, 1.00591626051e-06, 7.8446828411e-07, 6.16934187292e-07, 5.80494941005e-07, 6.30182000805e-07, 6.16122008523e-07, 5.2229756875e-07, 4.54906341929e-07, 4.07089004284e-07, 3.58197127071e-07, 3.46082202896e-07, 3.63312381069e-07, 2.47491243499e-07, 1.53916417389e-07, 9.62495008139e-08, 4.07380689182e-08, 8.8319351832e-09, 9.63140411869e-09, 1.15058265138e-08, 8.097177151e-09, 6.32000496381e-09, 3.40896599837e-09, 8.05857949815e-11, 1.8105263816e-11, 1.77908330429e-11, 1.75574693673e-11, 1.74107481904e-11]
    },
    "mfcc": {
        "mean": [-622.962646484, 126.275871277, -9.24865436554, 21.7118835449, 11.1005249023, 8.940284729, 7.28117895126, 14.1105213165, 6.98157691956, 12.0773696899, -1.82363510132, -0.328760415316, -0.269337296486],
        "cov": [[1645.14660645, -483.142486572, -46.7278289795, -185.021957397, 55.6743354797, -39.6952667236, 68.8078079224, 41.0210952759, 13.7695875168, 18.0747718811, -42.617351532, -43.9734306335, -45.4300994873], [-483.142486572, 494.14074707, -202.20375061, 60.4700660706, -64.1272354126, 35.3561630249, 30.6251430511, 45.4289627075, -23.2114124298, 71.0473861694, -17.4068870544, 4.61144304276, -12.683177948], [-46.7278289795, -202.20375061, 526.575012207, 46.6107559204, 80.6395645142, 46.3582878113, -49.5116615295, -56.2771148682, -0.659299433231, -79.6175994873, 94.2107391357, 28.760175705, 50.6374206543], [-185.021957397, 60.4700660706, 46.6107559204, 239.49671936, 35.7572212219, -50.7554359436, -82.994934082, 10.1051092148, 39.8156852722, -8.20434474945, -11.5796194077, 25.9203720093, 19.536190033], [55.6743354797, -64.1272354126, 80.6395645142, 35.7572212219, 150.342483521, -2.49632143974, -20.0136585236, 7.15298604965, 24.4898071289, -19.1481361389, -9.11226844788, 6.37823820114, 38.7908859253], [-39.6952667236, 35.3561630249, 46.3582878113, -50.7554359436, -2.49632143974, 167.140457153, 70.7804641724, -18.9132385254, -37.0166740417, -7.88247013092, 22.0354595184, -10.4849386215, 20.4365787506], [68.8078079224, 30.6251430511, -49.5116615295, -82.994934082, -20.0136585236, 70.7804641724, 165.806900024, 19.4178581238, -63.891746521, 9.65939426422, 8.21251487732, -11.7751731873, 7.46090745926], [41.0210952759, 45.4289627075, -56.2771148682, 10.1051092148, 7.15298604965, -18.9132385254, 19.4178581238, 115.744148254, 41.6297798157, 33.4075241089, -36.0600471497, -13.4898023605, -17.4004631042], [13.7695875168, -23.2114124298, -0.659299433231, 39.8156852722, 24.4898071289, -37.0166740417, -63.891746521, 41.6297798157, 141.415084839, 32.1364326477, -29.2774410248, -19.7152462006, -20.4382343292], [18.0747718811, 71.0473861694, -79.6175994873, -8.20434474945, -19.1481361389, -7.88247013092, 9.65939426422, 33.4075241089, 32.1364326477, 111.893882751, 7.6953496933, -7.68669223785, -27.0406551361], [-42.617351532, -17.4068870544, 94.2107391357, -11.5796194077, -9.11226844788, 22.0354595184, 8.21251487732, -36.0600471497, -29.2774410248, 7.6953496933, 107.129051208, 35.4468650818, 8.6275510788], [-43.9734306335, 4.61144304276, 28.760175705, 25.9203720093, 6.37823820114, -10.4849386215, -11.7751731873, -13.4898023605, -19.7152462006, -7.68669223785, 35.4468650818, 75.3413925171, 24.9344120026], [-45.4300994873, -12.683177948, 50.6374206543, 19.536190033, 38.7908859253, 20.4365787506, 7.46090745926, -17.4004631042, -20.4382343292, -27.0406551361, 8.6275510788, 24.9344120026, 82.1792526245]],
        "icov": [[0.00111148983706, 0.00135305093136, 0.000364846171578, 0.00031844471232, -0.000370571709936, -2.6681151212e-05, -0.000277100654785, -0.000480708491523, 0.00038485598634, -0.000675530172884, 0.000349466165062, -7.88985780673e-05, 0.000488374033011], [0.00135305093136, 0.00486100977287, 0.00157946697436, -0.00111649185419, 0.000452302803751, -0.0015338677913, 3.51432390744e-05, -0.00162600295153, 0.00157164304983, -0.00222351169214, 0.000293478020467, -0.000330021575792, 0.000339426595019], [0.000364846171578, 0.00157946697436, 0.00378400296904, -0.000774684245698, -0.00107217242476, -0.00141653732862, 0.000938065350056, -0.00063649029471, -0.000160820316523, 0.00163267343305, -0.00347611354664, 0.000768359575886, -0.00043455051491], [0.00031844471232, -0.00111649185419, -0.000774684245698, 0.00640486786142, -0.000858993444126, 0.00127842871007, 0.00209987955168, -0.000561877270229, -0.000624866981525, 0.00027621188201, 0.00100321462378, -0.00145434809383, -0.000992174027488], [-0.000370571709936, 0.000452302803751, -0.00107217242476, -0.000858993444126, 0.00921342894435, -0.000139197567478, 0.00024559214944, -0.000926560431253, -0.00125796033535, 1.98876496142e-05, 0.00124580657575, 2.66453207587e-05, -0.00424824468791], [-2.6681151212e-05, -0.0015338677913, -0.00141653732862, 0.00127842871007, -0.000139197567478, 0.00910736154765, -0.00358401029371, 0.00178713456262, -0.000529626966454, 0.000366350141121, -0.000562976056244, 0.0019518956542, -0.00172220612876], [-0.000277100654785, 3.51432390744e-05, 0.000938065350056, 0.00209987955168, 0.00024559214944, -0.00358401029371, 0.0117212207988, -0.00422884570435, 0.00488374568522, -0.000752313819248, -0.00130295054987, 0.00173081306275, -0.00183048576582], [-0.000480708491523, -0.00162600295153, -0.00063649029471, -0.000561877270229, -0.000926560431253, 0.00178713456262, -0.00422884570435, 0.0135226324201, -0.00405843136832, -0.00188120640814, 0.00377226504497, -0.00121324358042, 0.00159292994067], [0.00038485598634, 0.00157164304983, -0.000160820316523, -0.000624866981525, -0.00125796033535, -0.000529626966454, 0.00488374568522, -0.00405843136832, 0.0126769701019, -0.00401848182082, 0.00167008733843, 0.00223032268696, 0.00110424298327], [-0.000675530172884, -0.00222351169214, 0.00163267343305, 0.00027621188201, 1.98876496142e-05, 0.000366350141121, -0.000752313819248, -0.00188120640814, -0.00401848182082, 0.0142997950315, -0.00525534432381, 0.000915572338272, 0.00176098244265], [0.000349466165062, 0.000293478020467, -0.00347611354664, 0.00100321462378, 0.00124580657575, -0.000562976056244, -0.00130295054987, 0.00377226504497, 0.00167008733843, -0.00525534432381, 0.0174254719168, -0.00740961544216, 0.00171578093432], [-7.88985780673e-05, -0.000330021575792, 0.000768359575886, -0.00145434809383, 2.66453207587e-05, 0.0019518956542, 0.00173081306275, -0.00121324358042, 0.00223032268696, 0.000915572338272, -0.00740961544216, 0.0197586603463, -0.00549549562857], [0.000488374033011, 0.000339426595019, -0.00043455051491, -0.000992174027488, -0.00424824468791, -0.00172220612876, -0.00183048576582, 0.00159292994067, 0.00110424298327, 0.00176098244265, 0.00171578093432, -0.00549549562857, 0.0182729158551]]
    },
    "spectral_contrast_coeffs": {
        "max": [-0.551058650017, -0.479500949383, -0.441190361977, -0.610054969788, -0.579312443733, -0.543972074986],
        "mean": [-0.7804723382, -0.765541255474, -0.70200586319, -0.768495380878, -0.778580904007, -0.770417630672],
        "min": [-0.918531358242, -0.91284096241, -0.901060342789, -0.884022057056, -0.875864326954, -0.88038790226],
        "stdev": [0.0563522018492, 0.0613832063973, 0.0967927798629, 0.0593980103731, 0.0484438426793, 0.0361756943166]
    },
    "spectral_contrast_valleys": {
        "max": [-5.18456745148, -5.16841650009, -5.52792072296, -5.6642537117, -6.18436813354, -8.29041385651],
        "mean": [-6.27860593796, -6.72860336304, -7.1503739357, -7.32023143768, -7.41226768494, -10.2648897171],
        "min": [-7.75929117203, -8.23487758636, -8.55889225006, -8.4386806488, -8.98319911957, -15.4681625366],
        "stdev": [0.432755708694, 0.426507532597, 0.482740879059, 0.423835396767, 0.458729863167, 0.867905855179]
    }
},
"rhythm": {
    "beats_count": 66,
    "beats_loudness": {
        "max": 0.144101306796,
        "mean": 0.0573330409825,
        "min": 0.00913848914206,
        "stdev": 0.0287707448006
    },
    "bpm": 123.833961487,
    "bpm_histogram_first_peak_bpm": 123,
    "bpm_histogram_first_peak_weight": 0.292307674885,
    "bpm_histogram_second_peak_bpm": 0,
    "bpm_histogram_second_peak_spread": 0,
    "bpm_histogram_second_peak_weight": 0,
    "danceability": 1.44232130051,
    "onset_rate": 3.81445288658,
    "beats_loudness_band_ratio": {
        "max": [0.875830471516, 0.256232827902, 0.728260397911, 0.478695690632, 0.39291241765, 0.110022477806],
        "mean": [0.5330722332, 0.0513806641102, 0.165243133903, 0.153332605958, 0.0927832573652, 0.036307964474],
        "min": [0.0376172028482, 0.00776180718094, 0.00626125512645, 0.0170317795128, 0.0123167447746, 0.00104383414146],
        "stdev": [0.238990142941, 0.0393308140337, 0.182842105627, 0.137307360768, 0.0723769068718, 0.027567954734]
    },
    "beats_position": [0.49922901392, 0.99845802784, 1.48607707024, 1.97369611263, 2.46131515503, 2.93732428551, 3.41333317757, 3.90095233917, 4.38857126236, 4.87619018555, 5.36380958557, 5.85142850876, 6.33904743195, 6.81505680084, 7.2910656929, 7.77868461609, 8.26630401611, 8.75392246246, 9.22993183136, 9.71755123138, 10.1935596466, 10.6811790466, 11.1687984467, 11.656416893, 12.144036293, 12.6316547394, 13.1076641083, 13.5836734772, 14.0712919235, 14.5589113235, 15.0465307236, 15.5225391388, 15.9985485077, 16.4861679077, 16.9737873077, 17.4614048004, 17.9490242004, 18.4366436005, 18.9126529694, 19.3886623383, 19.8762817383, 20.363899231, 20.851518631, 21.339138031, 21.826757431, 22.3143768311, 22.8019943237, 23.2780036926, 23.7540130615, 24.2416324615, 24.7292518616, 25.2052612305, 25.681268692, 26.168888092, 26.6565074921, 27.1441268921, 27.6317462921, 28.1193637848, 28.5953731537, 29.0713825226, 29.5590019226, 30.0466213226, 30.5342407227, 31.0218582153, 31.5094776154, 31.9970970154],
