{
"metadata": {
    "version": {
        "essentia": "2.1-beta5",
        "essentia_git_sha": "Undefined",
        "extractor": "music 2.0"
    },
    "audio_properties": {
        "analysis": {
            "equal_loudness": 0,
            "length": 12.7477550507,
            "sample_rate": 44100,
            "start_time": 0,
            "downmix": "mix"
        },
        "bit_rate": 192000,
        "length": 183.228668213,
        "lossless": 0,
        "number_channels": 2,
        "replay_gain": 4.81756401062,
        "sample_rate": 48000,
        "codec": "mp3",
        "md5_encoded": "05be55149240cbab42eda9ba49f04b4c"
    },
    "tags": {
        "file_name": "Ireland_Dying To Try_Brendan Murray.mp3",
        "encoding": ["Lavf58.29.100"]
    }
},
"lowlevel": {
    "average_loudness": 0.393163233995,
    "barkbands_crest": {
        "max": 24.3463191986,
        "mean": 11.9654369354,
        "min": 3.96008062363,
        "stdev": 5.03886890411
    },
    "barkbands_flatness_db": {
        "max": 0.450142771006,
        "mean": 0.209501728415,
        "min": 0.104063220322,
        "stdev": 0.0677224546671
    },
    "barkbands_kurtosis": {
        "max": 98.9845809937,
        "mean": 7.31767749786,
        "min": -1.04679083824,
        "stdev": 10.265871048
    },
    "barkbands_skewness": {
        "max": 7.49495315552,
        "mean": 1.35542559624,
        "min": -2.71285223961,
        "stdev": 1.56641352177
    },
    "barkbands_spread": {
        "max": 25.2577037811,
        "mean": 7.27694225311,
        "min": 0.34690195322,
        "stdev": 3.78391647339
    },
    "dissonance": {
        "max": 0.499999970198,
        "mean": 0.454996317625,
        "min": 0.260645925999,
        "stdev": 0.0378464870155
    },
    "dynamic_complexity": 4.34643888474,
    "erbbands_crest": {
        "max": 30.9150428772,
        "mean": 12.394115448,
        "min": 4.40230131149,
        "stdev": 5.38121843338
    },
    "erbbands_flatness_db": {
        "max": 0.478388994932,
        "mean": 0.268699526787,
        "min": 0.122637733817,
        "stdev": 0.0650858432055
    },
    "erbbands_kurtosis": {
        "max": 55.2093048096,
        "mean": 3.23679709435,
        "min": -1.56003046036,
        "stdev": 4.76553869247
    },
    "erbbands_skewness": {
        "max": 5.56339931488,
        "mean": 1.14220249653,
        "min": -1.18430662155,
        "stdev": 0.851741611958
    },
    "erbbands_spread": {
        "max": 74.8868026733,
        "mean": 15.4235916138,
        "min": 1.08712828159,
        "stdev": 11.977104187
    },
    "hfc": {
        "max": 107.827308655,
        "mean": 12.6274385452,
        "min": 8.95637469966e-07,
        "stdev": 16.7336006165
    },
    "loudness_ebu128": {
        "integrated": -28.8773212433,
        "loudness_range": 9.00441169739,
        "momentary": {
            "max": -21.4343090057,
            "mean": -30.82056427,
            "min": -37.9808044434,
            "stdev": 4.09783267975
        },
        "short_term": {
            "max": -24.5569763184,
            "mean": -30.9591350555,
            "min": -35.9348907471,
            "stdev": 2.87327933311
        }
    },
    "melbands_crest": {
        "max": 30.0022735596,
        "mean": 13.5315742493,
        "min": 4.9552564621,
        "stdev": 5.32389354706
    },
    "melbands_flatness_db": {
        "max": 0.582778871059,
        "mean": 0.257735341787,
        "min": 0.115473419428,
        "stdev": 0.0971819534898
    },
    "melbands_kurtosis": {
        "max": 120.197975159,
        "mean": 11.1368818283,
        "min": -1.07250440121,
        "stdev": 16.7926521301
    },
    "melbands_skewness": {
        "max": 8.08939647675,
        "mean": 1.51638555527,
        "min": -2.3089697361,
        "stdev": 1.82852113247
    },
    "melbands_spread": {
        "max": 35.8863945007,
        "mean": 10.9553203583,
        "min": 0.568092346191,
        "stdev": 5.95477819443
    },
    "pitch_salience": {
        "max": 0.980560183525,
        "mean": 0.620119988918,
        "min": 0.137277960777,
        "stdev": 0.13370795548
    },
    "silence_rate_20dB": {
        "max": 1,
        "mean": 1,
        "min": 1,
        "stdev": 0
    },
    "silence_rate_30dB": {
        "max": 1,
        "mean": 0.998181819916,
        "min": 0,
        "stdev": 0.0426010489464
    },
    "silence_rate_60dB": {
        "max": 1,
        "mean": 0.181818187237,
        "min": 0,
        "stdev": 0.385694742203
    },
    "spectral_centroid": {
        "max": 1879.96643066,
        "mean": 892.018188477,
        "min": 302.84564209,
        "stdev": 371.829864502
    },
    "spectral_complexity": {
        "max": 37,
        "mean": 13.9745454788,
        "min": 0,
        "stdev": 8.54013442993
    },
    "spectral_decrease": {
        "max": -1.50933303797e-16,
        "mean": -3.82104259344e-09,
        "min": -3.00290423638e-08,
        "stdev": 4.549505217e-09
    },
    "spectral_energy": {
        "max": 0.123116917908,
        "mean": 0.015566832386,
        "min": 6.50895060073e-10,
        "stdev": 0.0186252370477
    },
    "spectral_energyband_high": {
        "max": 0.000552826269995,
        "mean": 9.53342459979e-05,
        "min": 1.67225747139e-11,
        "stdev": 0.000116337309009
    },
    "spectral_energyband_low": {
        "max": 0.00840385071933,
        "mean": 0.000581080850679,
        "min": 4.43511492722e-13,
        "stdev": 0.00103161844891
    },
    "spectral_energyband_middle_high": {
        "max": 0.0555101446807,
        "mean": 0.00605257647112,
        "min": 5.25225363202e-10,
        "stdev": 0.0100734718144
    },
    "spectral_energyband_middle_low": {
        "max": 0.0777401253581,
        "mean": 0.0094757899642,
        "min": 1.19008455868e-10,
        "stdev": 0.0111792515963
    },
    "spectral_entropy": {
        "max": 8.11980247498,
        "mean": 7.05470848083,
        "min": 4.940325737,
        "stdev": 0.590997159481
    },
    "spectral_flux": {
        "max": 0.231218367815,
        "mean": 0.0595060512424,
        "min": 2.5512645152e-05,
        "stdev": 0.0376891195774
    },
    "spectral_kurtosis": {
        "max": 242.624954224,
        "mean": 17.2445335388,
        "min": 0.540411949158,
        "stdev": 24.6156711578
    },
    "spectral_rms": {
        "max": 0.0109596569091,
        "mean": 0.00336218834855,
        "min": 7.96881181486e-07,
        "stdev": 0.00197049276903
    },
    "spectral_rolloff": {
        "max": 2088.72070312,
        "mean": 991.583740234,
        "min": 279.931640625,
        "stdev": 446.387786865
    },
    "spectral_skewness": {
        "max": 12.9549808502,
        "mean": 2.65973615646,
        "min": 1.1485183239,
        "stdev": 1.43429660797
    },
    "spectral_spread": {
        "max": 13835006,
        "mean": 2810397.5,
        "min": 577454.8125,
        "stdev": 1538556.125
    },
    "spectral_strongpeak": {
        "max": 5.24821329117,
        "mean": 1.16862177849,
        "min": 1.14984668471e-05,
        "stdev": 1.01566553116
    },
    "zerocrossingrate": {
        "max": 0.2314453125,
        "mean": 0.0419522374868,
        "min": 0.0126953125,
        "stdev": 0.0185405891389
    },
    "barkbands": {
        "max": [0.000879369792528, 0.00340272765607, 0.00493210460991, 0.00297390366904, 0.0296522341669, 0.0165250133723, 0.0258019678295, 0.0188661869615, 0.0448014885187, 0.0511508285999, 0.0225654169917, 0.00565616507083, 0.015195319429, 0.0115298042074, 0.00371643900871, 0.00201227422804, 0.00136252399534, 0.000714460154995, 0.00060016894713, 0.000285429909127, 0.000349053589161, 0.000132504079374, 0.000104040846054, 0.000163031669217, 0.000120965807582, 9.43930572248e-05, 4.65193443233e-06],
        "mean": [1.91109884327e-05, 0.000223253417062, 0.000232954858802, 0.00021378933161, 0.00209523318335, 0.000948306405917, 0.000887020549271, 0.000879357452504, 0.00328840129077, 0.00282035325654, 0.00103441718966, 0.000585502828471, 0.00100522791035, 0.000535191094968, 0.000241497997195, 0.000152143984451, 0.000142857199535, 8.86480411282e-05, 6.11199866398e-05, 3.21968764183e-05, 2.86746089841e-05, 1.31601891553e-05, 1.20270506159e-05, 1.32145223688e-05, 9.18962359719e-06, 3.92484707845e-06, 7.00814624111e-08],
        "min": [5.52213223065e-13, 1.46537269081e-13, 1.42098882506e-14, 1.54502035081e-13, 1.21682893796e-12, 4.53230074998e-12, 1.17993809168e-11, 2.10280681756e-11, 5.84669673787e-11, 9.51066170263e-11, 1.26204546813e-10, 1.48225057228e-10, 8.22463486205e-11, 2.66385385972e-11, 1.67886746172e-11, 2.3542782307e-11, 7.17379411083e-12, 3.48152908412e-12, 5.40697217902e-12, 2.30411783403e-12, 1.17519427349e-12, 2.28886267578e-12, 2.53957206826e-12, 1.81032673661e-12, 2.00225643357e-12, 2.79699115431e-12, 3.22333847981e-12],
        "stdev": [4.33352324762e-05, 0.000443678844022, 0.00058198813349, 0.000411455257563, 0.00534434150904, 0.00167814141605, 0.00238085980527, 0.001880266238, 0.00625526951626, 0.00630415044725, 0.00246805883944, 0.000900997314602, 0.0018165562069, 0.0011993026128, 0.000434044020949, 0.000256461644312, 0.000216930784518, 0.000121787670651, 8.19438064354e-05, 4.46145058959e-05, 4.1755487473e-05, 1.8544280465e-05, 1.68760543602e-05, 2.3480881282e-05, 1.85019616765e-05, 1.08546873889e-05, 3.85398379876e-07]
    },
    "erbbands": {
        "max": [0.104492180049, 0.828815042973, 5.26929044724, 5.70238018036, 17.8693351746, 101.752120972, 323.393127441, 79.9064331055, 386.167175293, 502.721862793, 547.096862793, 1144.74975586, 2167.30932617, 774.991577148, 510.260986328, 309.110107422, 789.957946777, 456.979034424, 324.08682251, 160.826339722, 112.855201721, 78.6265029907, 37.5732688904, 33.4648628235, 18.9501667023, 13.4637212753, 18.5809268951, 10.5829648972, 5.49006700516, 3.42848038673, 2.94459581375, 3.19907546043, 3.58879947662, 2.188539505, 0.53862708807, 0.323103040457, 0.276554137468, 0.0260035265237, 0.00101095472928, 0.000145561862155],
        "mean": [0.00840691290796, 0.046139203012, 0.231375843287, 0.540515601635, 1.2091139555, 7.684445858, 13.1599359512, 6.99291706085, 14.3533449173, 12.0627508163, 24.3586215973, 72.4398117065, 107.84677887, 55.7221984863, 34.4647789001, 31.4027919769, 43.8052597046, 28.8625736237, 17.5656661987, 11.3216028214, 8.47134971619, 7.97303533554, 5.2160859108, 4.04206037521, 2.37667894363, 1.52310776711, 1.28445219994, 0.939228832722, 0.510181486607, 0.419398188591, 0.311969071627, 0.24885314703, 0.232249900699, 0.150409400463, 0.0391741059721, 0.018274134025, 0.00756045710295, 0.000752942636609, 2.87898692477e-05, 1.92041843547e-05],
        "min": [9.83579277053e-12, 1.67068268941e-11, 2.22818690582e-11, 2.57024956873e-10, 1.14708365029e-09, 4.62698412917e-09, 1.65383138295e-08, 4.49937616054e-08, 1.22317402429e-07, 2.82694202269e-07, 5.88808632074e-07, 1.28738838612e-06, 2.31916465054e-06, 4.09005724578e-06, 5.60067564948e-06, 5.85053885516e-06, 4.0682866711e-06, 1.86672730251e-06, 8.8337287707e-07, 1.13400335522e-06, 1.16194382827e-06, 3.79609389256e-07, 1.46867463968e-07, 3.10055469299e-07, 2.09113352412e-07, 1.12591102663e-07, 5.23037471112e-08, 4.76641233149e-08, 7.41622656619e-08, 8.84249828914e-08, 7.17053296739e-08, 4.000844811e-08, 3.18764357132e-08, 1.96196801028e-08, 1.54185375578e-08, 1.1538896949e-08, 4.53888882035e-09, 2.05601313752e-09, 5.56494239579e-10, 3.3724887466e-11],
        "stdev": [0.0163735151291, 0.0980300828815, 0.609995365143, 0.863739967346, 2.41964221001, 18.8975543976, 37.0579910278, 9.27121829987, 31.9059886932, 37.3981933594, 53.6558227539, 142.513870239, 230.981735229, 119.520378113, 66.3697509766, 44.8540534973, 79.8813858032, 58.5414352417, 34.6327171326, 20.3632907867, 13.8058013916, 12.0325136185, 7.06690788269, 5.47762823105, 3.01106882095, 2.0953874588, 1.82640004158, 1.37846755981, 0.725321888924, 0.578679203987, 0.43786367774, 0.406757473946, 0.475957661867, 0.328385412693, 0.0739844217896, 0.042361844331, 0.0258344281465, 0.00291946553625, 8.52419543662e-05, 2.26003194257e-05]
    },
    "gfcc": {
        "mean": [-109.656509399, 138.460449219, -158.532684326, -5.20689678192, -69.4693145752, 1.54003536701, -26.7378158569, 1.84981071949, -18.0039958954, -8.46548557281, -2.26854705811, -7.79245138168, -0.427772045135],
        "cov": [[10543.5322266, -3902.1730957, -641.596801758, 1254.99389648, -875.013061523, 2009.1862793, -235.154998779, 1186.54382324, -221.026687622, -57.0028190613, -626.065185547, -17.363735199, -140.029785156], [-3902.1730957, 3039.01538086, 531.02734375, -523.384643555, 735.244140625, -1067.21728516, 462.427886963, -590.719726562, 163.063873291, -157.235534668, 309.265167236, -41.3566513062, 164.031021118], [-641.596801758, 531.02734375, 1842.64489746, 48.6106643677, -63.5446891785, -703.547729492, -419.714050293, -160.938232422, -572.870361328, -32.3384094238, -62.2663879395, 323.623199463, -175.097305298], [1254.99389648, -523.384643555, 48.6106643677, 430.349456787, -206.390686035, 270.693817139, -29.5727558136, 109.84475708, -66.0186843872, -50.3330154419, -39.127986908, 32.0088043213, -11.3159894943], [-875.013061523, 735.244140625, -63.5446891785, -206.390686035, 338.878570557, -187.987625122, 209.334106445, -82.8126907349, 71.7537612915, 2.64716815948, 38.6526603699, -33.8738975525, 46.5143890381], [2009.1862793, -1067.21728516, -703.547729492, 270.693817139, -187.987625122, 838.973693848, 81.0262680054, 309.134399414, 143.711242676, -20.0516738892, -103.932022095, -116.652450562, 38.2552528381], [-235.154998779, 462.427886963, -419.714050293, -29.5727558136, 209.334106445, 81.0262680054, 383.260772705, -18.9791622162, 214.550506592, -48.8531532288, 22.5710353851, -107.5284729, 76.0724945068], [1186.54382324, -590.719726562, -160.938232422, 109.84475708, -82.8126907349, 309.134399414, -18.9791622162, 266.126617432, -15.6674404144, 23.448091507, -102.843902588, -26.2525730133, -11.1385469437], [-221.026687622, 163.063873291, -572.870361328, -66.0186843872, 71.7537612915, 143.711242676, 214.550506592, -15.6674404144, 318.767242432, -28.1664085388, 65.8162155151, -135.534500122, 81.8865203857], [-57.0028190613, -157.235534668, -32.3384094238, -50.3330154419, 2.64716815948, -20.0516738892, -48.8531532288, 23.448091507, -28.1664085388, 143.185531616, -17.6303310394, 35.6589927673, -9.68553447723], [-626.065185547, 309.265167236, -62.2663879395, -39.127986908, 38.6526603699, -103.932022095, 22.5710353851, -102.843902588, 65.8162155151, -17.6303310394, 158.208221436, -20.0175228119, 37.5472831726], [-17.363735199, -41.3566513062, 323.623199463, 32.0088043213, -33.8738975525, -116.652450562, -107.5284729, -26.2525730133, -135.534500122, 35.6589927673, -20.0175228119, 137.927383423, -26.2123584747], [-140.029785156, 164.031021118, -175.097305298, -11.3159894943, 46.5143890381, 38.2552528381, 76.0724945068, -11.1385469437, 81.8865203857, -9.68553447723, 37.5472831726, -26.2123584747, 109.058685303]],
        "icov": [[0.000335529592121, 6.74697439536e-05, 3.05138582917e-05, -0.000462604366476, -9.47983517108e-06, -0.000276878359728, 6.86097628204e-05, -0.000678880431224, 4.32376473327e-05, 0.000255005725194, 0.000425096775871, -0.000152662367327, 0.000121434000903], [6.74697439536e-05, 0.00431944336742, -0.00234328163788, 0.000641549704596, -0.00422016670927, 0.0020541169215, -0.00309765362181, 0.00261118076742, -0.00113571446855, 0.00187502428889, -0.00242499564774, 0.00270490651019, -0.00409462535754], [3.05138582917e-05, -0.00234328163788, 0.00374740781263, -0.00109476561192, 0.00182884943206, 0.000424000289058, 0.00261665997095, -0.00167924771085, 0.00268909498118, 0.000940898200497, 0.00209904671647, -0.00342393084429, 0.00305998325348], [-0.000462604366476, 0.000641549704596, -0.00109476561192, 0.00641185510904, 0.00331803038716, -0.000882445543539, -0.00398982455954, 0.000808202137705, 0.0016755789984, 0.000994439702481, -0.00259932270274, -0.000924994819798, -0.00138852570672], [-9.47983517108e-06, -0.00422016670927, 0.00182884943206, 0.00331803038716, 0.0138187836856, -0.00117217982188, -0.00382821308449, -0.00346251693554, 0.00378330051899, -0.00252803810872, 0.00115810811985, -0.00257985806093, 0.0023658236023], [-0.000276878359728, 0.0020541169215, 0.000424000289058, -0.000882445543539, -0.00117217982188, 0.00580587238073, -0.00137416133657, -0.00105648301542, -0.000642259663437, 0.00175448111258, -0.000319248443702, 0.00154985918198, -0.00242136023007], [6.86097628204e-05, -0.00309765362181, 0.00261665997095, -0.00398982455954, -0.00382821308449, -0.00137416133657, 0.0119803855196, -0.00118752848357, -0.00329163460992, 0.000388042506529, 0.00450383406132, -0.00126721104607, 0.00282184174284], [-0.000678880431224, 0.00261118076742, -0.00167924771085, 0.000808202137705, -0.00346251693554, -0.00105648301542, -0.00118752848357, 0.01204463467, 0.000273266923614, -0.00103564129677, 0.000937538628932, 0.00415077200159, -0.00312768761069], [4.32376473327e-05, -0.00113571446855, 0.00268909498118, 0.0016755789984, 0.00378330051899, -0.000642259663437, -0.00329163460992, 0.000273266923614, 0.0120908496901, 0.000219559093239, -0.00134695298038, 0.0023055812344, -0.000850389129482], [0.000255005725194, 0.00187502428889, 0.000940898200497, 0.000994439702481, -0.00252803810872, 0.00175448111258, 0.000388042506529, -0.00103564129677, 0.000219559093239, 0.0112028671429, -0.000118944277347, -0.00372898951173, -0.000817794236355], [0.000425096775871, -0.00242499564774, 0.00209904671647, -0.00259932270274, 0.00115810811985, -0.000319248443702, 0.00450383406132, 0.000937538628932, -0.00134695298038, -0.000118944277347, 0.0127915823832, -0.000670465466101, 0.000301443331409], [-0.000152662367327, 0.00270490651019, -0.00342393084429, -0.000924994819798, -0.00257985806093, 0.00154985918198, -0.00126721104607, 0.00415077200159, 0.0023055812344, -0.00372898951173, -0.000670465466101, 0.0188981555402, -0.0052823331207], [0.000121434000903, -0.00409462535754, 0.00305998325348, -0.00138852570672, 0.0023658236023, -0.00242136023007, 0.00282184174284, -0.00312768761069, -0.000850389129482, -0.000817794236355, 0.000301443331409, -0.0052823331207, 0.0169977154583]]
    },
    "melbands": {
        "max": [0.000897904508747, 0.00200508255512, 0.00136625848245, 0.00322251021862, 0.00989413913339, 0.00221423874609, 0.00544134993106, 0.00443865312263, 0.00455572409555, 0.00800373032689, 0.0105151869357, 0.00371500570327, 0.0027152299881, 0.000768052006606, 0.00119731691666, 0.00132239761297, 0.000920535880141, 0.000705159269273, 0.000276755803498, 0.000182108604349, 0.000127026549308, 9.78077005129e-05, 4.31835833297e-05, 4.08977975894e-05, 2.58154923358e-05, 2.14023657463e-05, 1.26675085994e-05, 8.69237192092e-06, 1.04900209408e-05, 1.02591029645e-05, 5.17252146892e-06, 3.5158245737e-06, 3.85467228625e-06, 2.34473623095e-06, 1.94458107217e-06, 1.77223625997e-06, 2.49665276897e-06, 2.19590401684e-06, 2.83516192212e-06, 1.74754279669e-06],
        "mean": [6.69914879836e-05, 9.8408665508e-05, 0.000106409708678, 0.000277407874819, 0.000503811112139, 0.000176208239282, 0.000201990027563, 0.000135626571137, 0.000212327620829, 0.00050613086205, 0.000544492271729, 0.000235650979448, 0.000130887434352, 6.39065910946e-05, 0.000121527249576, 7.14007619536e-05, 5.30159741174e-05, 3.08672388201e-05, 1.79820435733e-05, 1.17886293083e-05, 9.45787087403e-06, 8.756301213e-06, 5.57830935577e-06, 4.17530600316e-06, 3.22459777635e-06, 2.02260616788e-06, 1.30675471155e-06, 9.2197677759e-07, 7.68719189637e-07, 7.85567806361e-07, 4.53382483556e-07, 3.01660008972e-07, 2.12541991118e-07, 2.49120063245e-07, 1.91056287235e-07, 1.50902494056e-07, 1.45414389863e-07, 1.5203798398e-07, 1.64332178088e-07, 1.18181951336e-07],
        "min": [9.16837677827e-14, 1.57934476857e-14, 6.95309627474e-14, 1.82025496564e-13, 5.15022920144e-13, 1.01981422439e-12, 2.03113199003e-12, 3.35539538862e-12, 5.21744800142e-12, 8.60650439805e-12, 1.16741330144e-11, 1.60497986429e-11, 1.80905221359e-11, 1.73108402612e-11, 1.24375848162e-11, 7.00897499761e-12, 2.99928181249e-12, 1.36433854665e-12, 1.36627699172e-12, 1.70571488791e-12, 1.26033417643e-12, 4.41241390214e-13, 1.21445307153e-13, 1.55850321797e-13, 2.66909243188e-13, 1.88064787267e-13, 1.06535568941e-13, 6.63106586784e-14, 3.1168732146e-14, 3.260579808e-14, 2.41780404833e-14, 3.69816685413e-14, 5.4735587536e-14, 4.50931474235e-14, 4.39081754354e-14, 2.8973510738e-14, 2.3487005594e-14, 2.66125436168e-14, 1.3537331385e-14, 1.76373587908e-14],
        "stdev": [0.000129367734189, 0.000228862088989, 0.000177442852873, 0.000625023501925, 0.00134193897247, 0.000251283956459, 0.000465645513032, 0.000384578044759, 0.000484954973217, 0.00100158108398, 0.001160908374, 0.000521429989021, 0.00029821388307, 9.94647562038e-05, 0.000202551891562, 0.000126179365907, 0.000115073904453, 6.798292452e-05, 3.30354596372e-05, 2.09794907278e-05, 1.56643727678e-05, 1.38140985655e-05, 7.82999268267e-06, 6.24656331638e-06, 4.47439606432e-06, 2.69803149422e-06, 1.81238215191e-06, 1.34727326895e-06, 1.08735832782e-06, 1.29629643197e-06, 6.97756831869e-07, 4.60241324163e-07, 3.28601231558e-07, 3.67350111219e-07, 2.79318669527e-07, 2.28782568001e-07, 2.6065805514e-07, 2.98481950267e-07, 3.91279286305e-07, 2.5761858069e-07]
    },
    "melbands128": {
        "max": [0.000500513240695, 0.00085589196533, 0.00115713884588, 0.00122672063299, 0.00283732032403, 0.00202902336605, 0.00105208938476, 0.00170718331356, 0.00206395261921, 0.0023665020708, 0.00634476775303, 0.0131709109992, 0.0158411674201, 0.0043285372667, 0.000778383400757, 0.00292550842278, 0.00590525381267, 0.00852984376252, 0.00859238486737, 0.00857465621084, 0.00487775774673, 0.00638609565794, 0.00631468556821, 0.00591124780476, 0.00792951509356, 0.0123109426349, 0.0151508785784, 0.0165051333606, 0.00938952434808, 0.00637716148049, 0.00323832011782, 0.00691466592252, 0.00353308254853, 0.00147256208584, 0.000851364340633, 0.00159833137877, 0.00110894511454, 0.0019975004252, 0.00326360622421, 0.00296617788263, 0.000781138136517, 0.00151837128215, 0.00106038642116, 0.00123384734616, 0.00196818285622, 0.000566293834709, 0.00030637125019, 0.000439661642304, 0.000417472270783, 0.000306177971652, 0.000310804578476, 0.000247225252679, 0.000180970368092, 0.000122091063531, 0.00011849882867, 0.000142802586197, 0.000126247396111, 7.0679372584e-05, 6.0042955738e-05, 5.95407545916e-05, 7.73388746893e-05, 3.92816982639e-05, 3.51842791133e-05, 3.49598703906e-05, 2.68978456006e-05, 3.55558477168e-05, 1.77550173248e-05, 1.45815884025e-05, 1.67305970535e-05, 1.51496533363e-05, 1.44963287312e-05, 1.26095665109e-05, 1.68095048139e-05, 1.48039516716e-05, 1.56792175403e-05, 1.73343614733e-05, 1.25538472275e-05, 7.22670620235e-06, 6.80477387505e-06, 6.62794946038e-06, 3.81164932151e-06, 4.2720471356e-06, 5.34696346222e-06, 5.04127046952e-06, 2.37474478126e-06, 3.95467895942e-06, 3.13644727612e-06, 3.73987631974e-06, 3.09577467306e-06, 2.92083154818e-06, 1.92324750969e-06, 2.24228983825e-06, 2.64947584583e-06, 3.31156456923e-06, 2.44696843765e-06, 1.90663888588e-06, 2.61267632595e-06, 5.63456933378e-06, 3.64771199202e-06, 3.11437611344e-06, 2.92986487693e-06, 2.11062501876e-06, 1.42877991038e-06, 8.61991907186e-07, 8.25740528398e-07, 8.05554805083e-07, 1.41374744089e-06, 8.65231413627e-07, 6.9967387617e-07, 5.73659519887e-07, 6.25857694558e-07, 2.40416852648e-06, 1.52785821683e-06, 5.65869072489e-07, 4.98464032717e-07, 4.20247602051e-07, 1.01942561059e-07, 1.80106543013e-08, 1.48038807879e-08, 1.87896453951e-08, 1.68710201365e-08, 6.7745965282e-08, 7.52257811598e-09, 7.75292885447e-10, 3.95828578248e-11, 3.79042630616e-11, 3.68860914035e-11, 3.65766375521e-11],
        "mean": [1.40060055855e-05, 7.17941657058e-05, 8.68436109158e-05, 6.35509641143e-05, 0.000107309148007, 0.000110794593638, 0.000108708743937, 0.00010459877376, 0.000100478690001, 0.000148796811118, 0.000427927880082, 0.000817098480184, 0.00047936552437, 0.000212399245356, 8.99350270629e-05, 0.000184916338185, 0.000322583247907, 0.000178128248081, 9.72729831119e-05, 0.000130115236971, 0.000152415916091, 0.000156359019456, 0.000227904150961, 0.000247035874054, 0.000375480827643, 0.000725135789253, 0.000572890916374, 0.000573913566768, 0.000488494930323, 0.000239822998992, 0.000161421543453, 0.000170877421624, 0.000152549997438, 9.01772364159e-05, 4.37126363977e-05, 6.79366203258e-05, 7.12327819201e-05, 0.000121214943647, 0.000182691917871, 6.49376670481e-05, 5.31955156475e-05, 5.83486580581e-05, 5.38514323125e-05, 4.93217848998e-05, 4.82180803374e-05, 2.27787058975e-05, 1.84125965461e-05, 1.95522425201e-05, 1.75100376509e-05, 1.39031380968e-05, 1.05476810859e-05, 1.00786610346e-05, 1.00406368801e-05, 8.59655847307e-06, 9.59337285167e-06, 9.15853070182e-06, 7.97118354967e-06, 6.16617353444e-06, 4.66021265311e-06, 4.39798395746e-06, 4.47704815087e-06, 3.69780991605e-06, 3.47668401446e-06, 3.20042340718e-06, 2.62574963017e-06, 2.05475043913e-06, 1.60280865202e-06, 1.42147223414e-06, 1.26018073843e-06, 1.141915277e-06, 9.22162143979e-07, 8.11700715531e-07, 7.71215241002e-07, 7.2369124382e-07, 8.17979753265e-07, 8.62418744418e-07, 7.82130939569e-07, 5.43160638244e-07, 4.10579616528e-07, 3.59699726005e-07, 3.11899498229e-07, 2.8944171504e-07, 2.36161099565e-07, 1.90305428305e-07, 2.02590129561e-07, 2.38971523459e-07, 2.75179644404e-07, 2.58706421619e-07, 1.82899754009e-07, 1.4879067578e-07, 1.31529205305e-07, 1.53366940481e-07, 1.81633851071e-07, 1.49295985352e-07, 1.18107628566e-07, 1.27072169676e-07, 1.43596167845e-07, 2.20494385417e-07, 1.58388360205e-07, 1.4896193079e-07, 1.39274462185e-07, 1.22232364674e-07, 8.26691319844e-08, 4.54494575308e-08, 3.09287884193e-08, 2.83466352613e-08, 3.78700875103e-08, 3.61684868722e-08, 3.11108294682e-08, 2.7223844512e-08, 2.23866560844e-08, 4.12661300686e-08, 2.75110831893e-08, 1.20498659939e-08, 8.48181791469e-09, 1.10090372374e-08, 2.22578111497e-09, 1.22189008911e-10, 1.63247998453e-10, 1.96038546507e-10, 1.79530210143e-10, 2.94798796485e-10, 7.21877765897e-11, 7.12534111574e-12, 3.79503199699e-12, 2.49227092956e-12, 1.82564770593e-12, 1.72279139739e-12],
        "min": [2.33463666151e-13, 1.12484701458e-13, 4.67083071168e-14, 2.35431384674e-14, 1.00178137744e-14, 7.6482831502e-15, 3.8536268767e-14, 9.34086114663e-14, 1.1080525874e-13, 1.24429492317e-13, 2.571287096e-13, 3.89994351917e-13, 5.12916423744e-13, 7.65166901194e-13, 9.12984531726e-13, 1.14809398967e-12, 1.58350806426e-12, 2.05354179841e-12, 2.77033170709e-12, 3.06861046989e-12, 3.66222330239e-12, 4.2566293372e-12, 5.29164559393e-12, 6.14833704782e-12, 7.92095035396e-12, 9.59961710817e-12, 1.03404715346e-11, 1.11520419635e-11, 1.35033494802e-11, 1.48943739287e-11, 1.73362140615e-11, 1.77324786799e-11, 1.79936759936e-11, 1.8625547285e-11, 1.79740805573e-11, 1.74275645998e-11, 1.54550469644e-11, 1.26632662689e-11, 1.05134572922e-11, 8.91970178274e-12, 6.14688725267e-12, 4.36395537762e-12, 3.1055245181e-12, 2.39347994549e-12, 1.64651647351e-12, 9.90350054568e-13, 1.25668117405e-12, 1.35471646921e-12, 1.39820772148e-12, 1.5466784754e-12, 1.90997152989e-12, 1.64883460618e-12, 1.50336362283e-12, 1.08828484419e-12, 6.96742251567e-13, 4.12565760635e-13, 1.90221346704e-13, 1.1296942792e-13, 1.16445400414e-13, 7.43588675876e-14, 1.26471424479e-13, 2.33399129017e-13, 2.92668206293e-13, 2.82663947587e-13, 2.25036704765e-13, 2.14037026492e-13, 1.39653886328e-13, 1.17007870949e-13, 9.69318890561e-14, 9.03459910508e-14, 7.30294188837e-14, 5.29484361087e-14, 4.05927868359e-14, 2.39824893749e-14, 2.26322239893e-14, 4.01520349358e-14, 3.20973784118e-14, 2.56318488705e-14, 2.41794787453e-14, 1.82834806052e-14, 3.72472641922e-14, 3.95479954124e-14, 4.93132790191e-14, 6.31277866894e-14, 4.91670065935e-14, 5.56167152534e-14, 4.06571172942e-14, 3.30927844264e-14, 5.06886504612e-14, 4.53809522784e-14, 3.36621836905e-14, 2.42854002153e-14, 2.15075150072e-14, 1.82244729019e-14, 2.89471409082e-14, 3.15321533261e-14, 2.89178030751e-14, 1.58640953157e-14, 1.06108918445e-14, 1.19969774065e-14, 1.88847452487e-14, 1.35358321367e-14, 2.59610719424e-14, 1.70030225929e-14, 9.7278413623e-15, 1.39658360356e-14, 3.28274835429e-14, 3.34975408143e-14, 1.27351877958e-14, 1.30912973875e-14, 2.24038300254e-14, 1.83380075041e-14, 1.13347628131e-14, 1.12250127542e-14, 1.10019246046e-14, 1.96420587721e-14, 1.47484224811e-14, 1.35575542966e-14, 2.8983820823e-14, 2.07046599104e-14, 1.07071291869e-14, 1.91638409108e-14, 1.19696521236e-14, 6.81047608581e-15, 7.32908979546e-15, 5.61283926103e-15, 6.78648567752e-16, 1.90944691771e-16],
        "stdev": [2.74883823295e-05, 0.000139087191201, 0.00017310322437, 0.000138037357829, 0.000324643275235, 0.000244610069785, 0.000175983223016, 0.000220988527872, 0.000235142069869, 0.000308493443299, 0.00110697932541, 0.00232752971351, 0.00163720769342, 0.000437437352957, 0.000107285020931, 0.000338396668667, 0.000677536067087, 0.00055766524747, 0.000567525916267, 0.000578615174163, 0.00041409136611, 0.000420605036197, 0.000608794682194, 0.000596336380113, 0.000822005211376, 0.00163415586576, 0.00132284138817, 0.00148123374674, 0.0012249564752, 0.000595195044298, 0.000380508514354, 0.00058071577223, 0.000382946949685, 0.000157833012054, 7.98495966592e-05, 0.000154199573444, 0.000134594141855, 0.000227822907618, 0.000415481714299, 0.000171533829416, 0.000104183760413, 0.000137622308102, 0.000119358061056, 0.000127778374008, 0.000148594583152, 5.02254297317e-05, 3.47506174876e-05, 4.13288544223e-05, 3.87611908081e-05, 3.08707931254e-05, 2.24525574595e-05, 2.12926479435e-05, 1.90590671991e-05, 1.5514307961e-05, 1.71679857885e-05, 1.6882784621e-05, 1.4248318621e-05, 1.01126488516e-05, 7.66989978729e-06, 7.35549292585e-06, 8.54222798807e-06, 5.331808552e-06, 5.56321265321e-06, 5.25028417542e-06, 3.97449639422e-06, 3.25751693708e-06, 2.31791591432e-06, 2.2071078547e-06, 2.00036220122e-06, 1.73102739609e-06, 1.57595275141e-06, 1.3338141116e-06, 1.23181621348e-06, 1.19604203519e-06, 1.5975901988e-06, 1.68218207364e-06, 1.47609057422e-06, 9.09673701699e-07, 7.39376787351e-07, 6.55207827549e-07, 5.17036312431e-07, 4.71067210128e-07, 4.40970183035e-07, 3.44139181152e-07, 3.4120125747e-07, 4.24411638278e-07, 4.78316280805e-07, 4.62494597286e-07, 3.10067207465e-07, 2.80317408397e-07, 2.18528171558e-07, 2.63724558636e-07, 3.17720179055e-07, 3.20673848364e-07, 2.28346522135e-07, 2.43222388008e-07, 3.08665505599e-07, 6.1598893808e-07, 3.95362462768e-07, 3.5344379512e-07, 3.49588191284e-07, 2.83114474087e-07, 1.87971636478e-07, 9.82096679536e-08, 6.85709622417e-08, 6.97029989283e-08, 1.16310062026e-07, 1.00783104529e-07, 8.27313400009e-08, 8.0879324571e-08, 7.29559062052e-08, 1.65385245054e-07, 1.12589297885e-07, 5.12012405807e-08, 3.93950259081e-08, 5.1213756791e-08, 1.02539070568e-08, 1.02106656463e-09, 1.14058895662e-09, 1.54459200985e-09, 1.31242450241e-09, 3.26206706092e-09, 6.21170170856e-10, 3.77803899276e-11, 3.86773165578e-12, 3.75083688067e-12, 3.70869394223e-12, 3.68314016438e-12]
    },
    "mfcc": {
        "mean": [-736.706054688, 166.644195557, -30.0716609955, -7.38337469101, -19.0006885529, -9.97756576538, -1.12675273418, 1.38516294956, -5.98763465881, -1.42195808887, -1.5099337101, 0.665330290794, -7.49865961075],
        "cov": [[10577.5019531, -4250.59814453, -618.91607666, -687.042480469, -123.838172913, 561.458129883, 364.76550293, 944.94934082, 852.720458984, 435.576324463, 244.337463379, 2.27930903435, -131.642456055], [-4250.59814453, 2967.31518555, 284.371307373, 417.436401367, 105.634971619, -232.591918945, -19.9858131409, -281.392578125, -275.698547363, -190.192840576, -138.745285034, -33.4367218018, 40.0827674866], [-618.91607666, 284.371307373, 1354.21911621, 443.861053467, 197.077148438, -319.202697754, 19.4335861206, -169.765090942, -305.863769531, -472.011535645, -124.147041321, -64.7866897583, -104.858177185], [-687.042480469, 417.436401367, 443.861053467, 391.740692139, 27.5393676758, -125.713638306, 39.5723991394, -97.477722168, -133.728775024, -218.110961914, -14.6995277405, -6.8834810257, -78.614654541], [-123.838172913, 105.634971619, 197.077148438, 27.5393676758, 119.170814514, -67.6379089355, 17.3684749603, -23.7114772797, -51.4013633728, -65.7075042725, -28.8926582336, -18.4220695496, 0.0455142594874], [561.458129883, -232.591918945, -319.202697754, -125.713638306, -67.6379089355, 241.166244507, 33.92786026, 126.260147095, 133.929580688, 135.245300293, 39.6177787781, 14.4535493851, 14.2451934814], [364.76550293, -19.9858131409, 19.4335861206, 39.5723991394, 17.3684749603, 33.92786026, 149.759170532, 65.6617660522, 61.053691864, -19.3919582367, 21.9905109406, 7.44768381119, -19.9772949219], [944.94934082, -281.392578125, -169.765090942, -97.477722168, -23.7114772797, 126.260147095, 65.6617660522, 230.771759033, 139.467697144, 122.085494995, 12.910112381, 1.48315799236, -7.71373271942], [852.720458984, -275.698547363, -305.863769531, -133.728775024, -51.4013633728, 133.929580688, 61.053691864, 139.467697144, 246.568618774, 141.24017334, 48.7079925537, -0.498273491859, 8.63503170013], [435.576324463, -190.192840576, -472.011535645, -218.110961914, -65.7075042725, 135.245300293, -19.3919582367, 122.085494995, 141.24017334, 279.017059326, 34.7300300598, 20.4120502472, 38.1784286499], [244.337463379, -138.745285034, -124.147041321, -14.6995277405, -28.8926582336, 39.6177787781, 21.9905109406, 12.910112381, 48.7079925537, 34.7300300598, 94.8854217529, 11.3203191757, -3.24977684021], [2.27930903435, -33.4367218018, -64.7866897583, -6.8834810257, -18.4220695496, 14.4535493851, 7.44768381119, 1.48315799236, -0.498273491859, 20.4120502472, 11.3203191757, 61.2886657715, 9.44250011444], [-131.642456055, 40.0827674866, -104.858177185, -78.614654541, 0.0455142594874, 14.2451934814, -19.9772949219, -7.71373271942, 8.63503170013, 38.1784286499, -3.24977684021, 9.44250011444, 81.2369995117]],
        "icov": [[0.000388832413591, 0.00043688234291, -2.88823248411e-05, 0.000122632831335, -0.000114818925795, 0.00014029542217, -0.000302032975014, -0.0008337397594, -0.000479042966617, 0.000201336573809, -0.00012330111349, 0.000108687963802, 0.000256682076724], [0.00043688234291, 0.00105673691723, 0.000285137910396, -0.000876817910466, -0.000589629577007, 0.000218905945076, -0.000599658291321, -0.000448028353276, -0.000322871550452, -0.000164632379892, 0.000724652141798, 0.000606014102232, -0.000451731757494], [-2.88823248411e-05, 0.000285137910396, 0.00294339540415, -0.00149176409468, -0.00211047148332, 0.000914245261811, 0.000346580694895, -0.000821702706162, 0.000793451035861, 0.00274319993332, 0.00161660031881, 0.000930202135351, 0.000599218881689], [0.000122632831335, -0.000876817910466, -0.00149176409468, 0.00811918545514, 0.00314254197292, 0.000615923490841, -0.00150463182945, -0.000566729693674, 0.000730005791411, 0.00301153026521, -0.00231463531964, -0.00143186398782, 0.00461026933044], [-0.000114818925795, -0.000589629577007, -0.00211047148332, 0.00314254197292, 0.0143399965018, 0.00217573647387, -0.00333100371063, -0.00030589234666, 0.0015819305554, 6.52024682495e-05, 0.000296198151773, 0.00214331480674, -0.00125197763555], [0.00014029542217, 0.000218905945076, 0.000914245261811, 0.000615923490841, 0.00217573647387, 0.00836541131139, -0.000965627608821, -0.00295892963186, -0.000955332710873, 0.000206738957786, -0.000550243421458, 6.28289708402e-05, -0.000116016657557], [-0.000302032975014, -0.000599658291321, 0.000346580694895, -0.00150463182945, -0.00333100371063, -0.000965627608821, 0.011532491073, -0.00263474299572, -0.00285227643326, 0.00292198406532, -0.0020298990421, -0.00296640279703, 0.000748292310163], [-0.0008337397594, -0.000448028353276, -0.000821702706162, -0.000566729693674, -0.00030589234666, -0.00295892963186, -0.00263474299572, 0.0118237165734, -0.00138441240415, -0.00459946133196, 0.00284207332879, 0.000392559159081, 0.000631554168649], [-0.000479042966617, -0.000322871550452, 0.000793451035861, 0.000730005791411, 0.0015819305554, -0.000955332710873, -0.00285227643326, -0.00138441240415, 0.010197782889, -0.00145976513159, -0.00139337556902, 0.00271939532831, -0.000322357751429], [0.000201336573809, -0.000164632379892, 0.00274319993332, 0.00301153026521, 6.52024682495e-05, 0.000206738957786, 0.00292198406532, -0.00459946133196, -0.00145976513159, 0.0130358710885, -0.000611440395005, -0.00157228391618, 0.00129525118973], [-0.00012330111349, 0.000724652141798, 0.00161660031881, -0.00231463531964, 0.000296198151773, -0.000550243421458, -0.0020298990421, 0.00284207332879, -0.00139337556902, -0.000611440395005, 0.015069283545, -0.000382383121178, 0.00023912578763], [0.000108687963802, 0.000606014102232, 0.000930202135351, -0.00143186398782, 0.00214331480674, 6.28289708402e-05, -0.00296640279703, 0.000392559159081, 0.00271939532831, -0.00157228391618, -0.000382383121178, 0.0195002667606, -0.00284430477768], [0.000256682076724, -0.000451731757494, 0.000599218881689, 0.00461026933044, -0.00125197763555, -0.000116016657557, 0.000748292310163, 0.000631554168649, -0.000322357751429, 0.00129525118973, 0.00023912578763, -0.00284430477768, 0.01821414195]]
    },
    "spectral_contrast_coeffs": {
        "max": [-0.42464274168, -0.533410310745, -0.571921646595, -0.66906017065, -0.674772024155, -0.625770509243],
        "mean": [-0.708972036839, -0.756132483482, -0.769098103046, -0.819573938847, -0.809460759163, -0.771820366383],
        "min": [-0.927064418793, -0.954685747623, -0.98500174284, -0.965899944305, -0.920854926109, -0.935917258263],
        "stdev": [0.0912387520075, 0.0669988393784, 0.0590552911162, 0.0393015965819, 0.0321368724108, 0.0512761175632]
    },
    "spectral_contrast_valleys": {
        "max": [-6.35893964767, -5.54553222656, -5.1194357872, -5.68024396896, -6.55532121658, -9.40419769287],
        "mean": [-7.89728593826, -6.75986766815, -7.07528924942, -7.94356966019, -8.57887458801, -12.028678894],
        "min": [-16.4573669434, -14.4776353836, -13.5054826736, -14.4249105453, -16.2080860138, -17.6606140137],
        "stdev": [0.912556171417, 0.571044266224, 0.930606424809, 1.20388662815, 1.27232551575, 1.81483662128]
    }
},
"rhythm": {
    "beats_count": 34,
    "beats_loudness": {
        "max": 0.0597083345056,
        "mean": 0.0156814288348,
        "min": 0.000869701325428,
        "stdev": 0.0150189930573
    },
    "bpm": 164.393249512,
    "bpm_histogram_first_peak_bpm": 167,
    "bpm_histogram_first_peak_weight": 0,
    "bpm_histogram_second_peak_bpm": 161,
    "bpm_histogram_second_peak_spread": 0.0769230723381,
    "bpm_histogram_second_peak_weight": 0.363636374474,
    "danceability": 0.798518061638,
    "onset_rate": 1.48910236359,
    "beats_loudness_band_ratio": {
        "max": [0.187662154436, 0.967086851597, 0.917339801788, 0.888143837452, 0.164670079947, 0.0519189052284],
        "mean": [0.0472428500652, 0.336508750916, 0.371882349253, 0.264009803534, 0.0425277203321, 0.0114578073844],
        "min": [0.000760016671848, 0.00301024899818, 0.0781249031425, 0.00742353871465, 0.00029265426565, 2.30876921705e-05],
        "stdev": [0.0489197596908, 0.336943626404, 0.216941803694, 0.254839807749, 0.0414283275604, 0.0124059123918]
    },
    "beats_position": [0.301859408617, 0.650158703327, 1.01006805897, 1.369977355, 1.72988653183, 2.08979582787, 2.46131515503, 2.82122445107, 3.16952371597, 3.51782298088, 3.86612248421, 4.21442174911, 4.57433080673, 4.93424034119, 5.2941493988, 5.65405893326, 6.025578022, 6.40870714188, 6.78022670746, 7.1517457962, 7.52326536179, 7.89478445053, 8.25469398499, 8.6146030426, 8.98612213135, 9.35764122009, 9.72916126251, 10.0890703201, 10.4605894089, 10.8204984665, 11.1804075241, 11.5403175354, 11.9118366241, 12.2833557129],
