{
"metadata": {
    "version": {
        "essentia": "2.1-beta5",
        "essentia_git_sha": "Undefined",
        "extractor": "music 2.0"
    },
    "audio_properties": {
        "analysis": {
            "equal_loudness": 0,
            "length": 12.7477550507,
            "sample_rate": 44100,
            "start_time": 0,
            "downmix": "mix"
        },
        "bit_rate": 192000,
        "length": 193.201644897,
        "lossless": 0,
        "number_channels": 2,
        "replay_gain": 4.93719673157,
        "sample_rate": 48000,
        "codec": "mp3",
        "md5_encoded": "56fe1e77907162f7cf120b9ba912dc3c"
    },
    "tags": {
        "file_name": "Germany_Perfect Life_Levina.mp3",
        "encoding": ["Lavf58.29.100"]
    }
},
"lowlevel": {
    "average_loudness": 0.429106622934,
    "barkbands_crest": {
        "max": 24.2371940613,
        "mean": 10.2075052261,
        "min": 2.64312267303,
        "stdev": 4.70079135895
    },
    "barkbands_flatness_db": {
        "max": 0.371990144253,
        "mean": 0.171079114079,
        "min": 0.0645002424717,
        "stdev": 0.0595115236938
    },
    "barkbands_kurtosis": {
        "max": 47.4970436096,
        "mean": 3.49805092812,
        "min": -1.3832256794,
        "stdev": 5.56490564346
    },
    "barkbands_skewness": {
        "max": 5.41241693497,
        "mean": 1.15533816814,
        "min": -0.744987249374,
        "stdev": 0.937365293503
    },
    "barkbands_spread": {
        "max": 37.8506088257,
        "mean": 10.2699069977,
        "min": 1.21044409275,
        "stdev": 4.44838905334
    },
    "dissonance": {
        "max": 0.499989628792,
        "mean": 0.467876046896,
        "min": 0.365885823965,
        "stdev": 0.0275077782571
    },
    "dynamic_complexity": 4.50610494614,
    "erbbands_crest": {
        "max": 25.1497554779,
        "mean": 9.97915267944,
        "min": 3.53058552742,
        "stdev": 4.34715175629
    },
    "erbbands_flatness_db": {
        "max": 0.357282161713,
        "mean": 0.234199523926,
        "min": 0.141616642475,
        "stdev": 0.0380815677345
    },
    "erbbands_kurtosis": {
        "max": 14.3898715973,
        "mean": 1.43821108341,
        "min": -1.53081679344,
        "stdev": 2.05455136299
    },
    "erbbands_skewness": {
        "max": 3.71875596046,
        "mean": 0.833034515381,
        "min": -1.34692955017,
        "stdev": 0.608044147491
    },
    "erbbands_spread": {
        "max": 50.2293205261,
        "mean": 18.150352478,
        "min": 5.50009250641,
        "stdev": 6.50364017487
    },
    "hfc": {
        "max": 108.307037354,
        "mean": 14.323846817,
        "min": 0.0849181413651,
        "stdev": 17.9389801025
    },
    "loudness_ebu128": {
        "integrated": -27.9693927765,
        "loudness_range": 9.47238731384,
        "momentary": {
            "max": -21.8317489624,
            "mean": -30.2950878143,
            "min": -46.9611434937,
            "stdev": 4.8584022522
        },
        "short_term": {
            "max": -24.2576236725,
            "mean": -30.4686908722,
            "min": -36.6614608765,
            "stdev": 3.18948197365
        }
    },
    "melbands_crest": {
        "max": 27.9514408112,
        "mean": 11.9948577881,
        "min": 3.31957793236,
        "stdev": 5.51543140411
    },
    "melbands_flatness_db": {
        "max": 0.475925415754,
        "mean": 0.196609795094,
        "min": 0.0482101850212,
        "stdev": 0.0792730748653
    },
    "melbands_kurtosis": {
        "max": 60.8875961304,
        "mean": 5.40399599075,
        "min": -0.436512947083,
        "stdev": 7.97216892242
    },
    "melbands_skewness": {
        "max": 6.22701644897,
        "mean": 1.34633672237,
        "min": -0.823813736439,
        "stdev": 1.09176659584
    },
    "melbands_spread": {
        "max": 73.718711853,
        "mean": 16.374382019,
        "min": 1.45447361469,
        "stdev": 7.78645181656
    },
    "pitch_salience": {
        "max": 0.930922627449,
        "mean": 0.650272965431,
        "min": 0.187834978104,
        "stdev": 0.131381079555
    },
    "silence_rate_20dB": {
        "max": 1,
        "mean": 1,
        "min": 1,
        "stdev": 0
    },
    "silence_rate_30dB": {
        "max": 1,
        "mean": 0.996363639832,
        "min": 0,
        "stdev": 0.0601926036179
    },
    "silence_rate_60dB": {
        "max": 1,
        "mean": 0.223636358976,
        "min": 0,
        "stdev": 0.416679739952
    },
    "spectral_centroid": {
        "max": 3299.11865234,
        "mean": 1141.42297363,
        "min": 259.797851562,
        "stdev": 491.310180664
    },
    "spectral_complexity": {
        "max": 44,
        "mean": 16.1309089661,
        "min": 0,
        "stdev": 8.7890958786
    },
    "spectral_decrease": {
        "max": -2.18020549531e-11,
        "mean": -4.12011402773e-09,
        "min": -2.95338207223e-08,
        "stdev": 4.72881866997e-09
    },
    "spectral_energy": {
        "max": 0.121291220188,
        "mean": 0.0168494991958,
        "min": 8.9988228865e-05,
        "stdev": 0.0193912237883
    },
    "spectral_energyband_high": {
        "max": 0.00190205476247,
        "mean": 0.000139949523145,
        "min": 2.70555801762e-07,
        "stdev": 0.00019557212363
    },
    "spectral_energyband_low": {
        "max": 0.00930877681822,
        "mean": 0.000724334036931,
        "min": 6.06878870713e-07,
        "stdev": 0.00152088841423
    },
    "spectral_energyband_middle_high": {
        "max": 0.0871055200696,
        "mean": 0.00657426798716,
        "min": 3.726399882e-05,
        "stdev": 0.0111171863973
    },
    "spectral_energyband_middle_low": {
        "max": 0.0747493430972,
        "mean": 0.00995117519051,
        "min": 5.25690556969e-05,
        "stdev": 0.010735864751
    },
    "spectral_entropy": {
        "max": 8.27393436432,
        "mean": 7.39999866486,
        "min": 5.60753965378,
        "stdev": 0.500153064728
    },
    "spectral_flux": {
        "max": 0.242818966508,
        "mean": 0.0657604411244,
        "min": 0.00586280087009,
        "stdev": 0.0397975705564
    },
    "spectral_kurtosis": {
        "max": 39.1010780334,
        "mean": 7.86888742447,
        "min": 1.78699541092,
        "stdev": 5.11395692825
    },
    "spectral_rms": {
        "max": 0.0108780926093,
        "mean": 0.00350370351225,
        "min": 0.00029629949131,
        "stdev": 0.00204024277627
    },
    "spectral_rolloff": {
        "max": 5749.36523438,
        "mean": 1356.20178223,
        "min": 236.865234375,
        "stdev": 641.963500977
    },
    "spectral_skewness": {
        "max": 4.43457937241,
        "mean": 2.04843616486,
        "min": 1.06248176098,
        "stdev": 0.449637711048
    },
    "spectral_spread": {
        "max": 5695705,
        "mean": 3143803.5,
        "min": 1223185.375,
        "stdev": 761104.125
    },
    "spectral_strongpeak": {
        "max": 7.83445930481,
        "mean": 1.11258471012,
        "min": 0.0159274078906,
        "stdev": 1.19247722626
    },
    "zerocrossingrate": {
        "max": 0.19775390625,
        "mean": 0.0521750710905,
        "min": 0.01025390625,
        "stdev": 0.0220094043761
    },
    "barkbands": {
        "max": [0.000348300440237, 0.00385788315907, 0.0056619993411, 0.0049740136601, 0.0312108621001, 0.025188555941, 0.00598548632115, 0.00877358485013, 0.0489909499884, 0.072264239192, 0.0757676512003, 0.00373506732285, 0.00905797537416, 0.0042407726869, 0.00771019887179, 0.00565361464396, 0.00243824068457, 0.00306717166677, 0.000977002433501, 0.00378670799546, 0.00085171504179, 0.000549401738681, 0.000349273032043, 0.000281838903902, 0.000199834059458, 0.000104272381577, 4.17785304307e-06],
        "mean": [9.09295340534e-06, 0.000213025341509, 0.00036475766683, 0.00023102411069, 0.00191260036081, 0.00133365369402, 0.000327252666466, 0.000834998325445, 0.00437651015818, 0.00237884605303, 0.00189553690143, 0.000495323329233, 0.000712389010005, 0.000474742497317, 0.000387352745747, 0.000288689159788, 0.000186545948964, 0.000176971239853, 6.55345065752e-05, 7.1631911851e-05, 3.96465766244e-05, 2.43647973548e-05, 1.80678580364e-05, 1.65036126418e-05, 1.13134101412e-05, 3.09826054945e-06, 3.31446550206e-08],
        "min": [3.55452201006e-09, 1.78766299541e-08, 2.07319487799e-07, 2.54416107737e-07, 1.14309875698e-06, 1.53213522935e-06, 8.84609960394e-07, 2.65085509454e-06, 1.2262801647e-05, 3.87264071833e-06, 1.9481678919e-06, 2.71744738711e-06, 2.99569296658e-06, 6.66416326567e-07, 2.01201555683e-06, 1.19669425658e-06, 1.14611862045e-06, 9.26494067244e-07, 6.7786982072e-07, 2.95128188554e-07, 6.21713738269e-08, 3.88972631882e-09, 9.28388976806e-10, 5.9737625957e-10, 4.71101824218e-10, 3.76571912541e-10, 2.15513412671e-10],
        "stdev": [2.54660626524e-05, 0.000607088964898, 0.000909883296117, 0.000541796791367, 0.00438929069787, 0.00306505244225, 0.000620997045189, 0.00129017303698, 0.006754134316, 0.00725499074906, 0.00600208807737, 0.000678702199366, 0.00104669702705, 0.000621185696218, 0.000644294719677, 0.000444627134129, 0.000250695738941, 0.000340270955348, 8.48309282446e-05, 0.000184075179277, 6.1922633904e-05, 3.9479960833e-05, 2.83035587927e-05, 2.76210957963e-05, 1.9752600565e-05, 8.6750033006e-06, 2.65647742026e-07]
    },
    "erbbands": {
        "max": [0.134832337499, 0.872882127762, 6.05560302734, 11.245347023, 44.9987106323, 184.251312256, 99.7204055786, 311.789978027, 49.2565689087, 132.743591309, 368.315856934, 1170.90759277, 1412.26318359, 2691.38037109, 2578.86865234, 193.344360352, 324.393188477, 338.574432373, 421.891235352, 236.172180176, 305.90057373, 130.88734436, 158.123840332, 81.7965545654, 126.276283264, 164.69921875, 45.7032661438, 23.8323745728, 27.0762271881, 11.2992982864, 9.51004505157, 7.43217277527, 4.34679412842, 2.97620344162, 0.956242978573, 0.55700981617, 0.173719659448, 0.021759910509, 0.000466504308861, 0.000144637335325],
        "mean": [0.00752820447087, 0.0489038079977, 0.351082205772, 0.705880463123, 2.63040280342, 9.78826999664, 7.09188270569, 11.5176258087, 3.99220395088, 7.80565786362, 36.1644287109, 100.346481323, 82.7918319702, 80.2947998047, 54.1196022034, 22.1377010345, 30.8653335571, 30.4956893921, 20.0364646912, 18.717962265, 14.7152500153, 10.7003259659, 10.0866088867, 5.17064523697, 3.531001091, 3.35444378853, 1.85738539696, 1.37227034569, 0.948235332966, 0.644138455391, 0.500287413597, 0.371981233358, 0.257608413696, 0.153029158711, 0.0643888413906, 0.02101928927, 0.0042086141184, 0.000374989351258, 1.78619757207e-05, 2.05122232728e-05],
        "min": [5.56390887141e-07, 1.70656530827e-05, 0.000296350597637, 0.00097076856764, 0.00456083379686, 0.0039593973197, 0.00984807498753, 0.0159009993076, 0.0495800077915, 0.127525523305, 0.185781374574, 0.306472241879, 0.166596770287, 0.116927035153, 0.0681707933545, 0.11593233794, 0.155016183853, 0.113385044038, 0.154326692224, 0.0939016714692, 0.0810880735517, 0.0636136010289, 0.0587328411639, 0.0526045672596, 0.0285611394793, 0.0156819913536, 0.00386216701008, 0.00274852802977, 0.000432138651377, 6.58579883748e-05, 3.85573221138e-05, 2.78907900793e-05, 1.82554576895e-05, 1.10641894935e-05, 5.47577474208e-06, 3.77102082894e-06, 1.57514875809e-06, 3.19344735544e-07, 1.42817384585e-07, 1.16713110287e-07],
        "stdev": [0.0218886155635, 0.137218117714, 0.915041387081, 1.32159769535, 5.47593402863, 23.9131183624, 14.5160198212, 32.9557189941, 6.16662788391, 11.4448890686, 53.5428848267, 164.03465271, 187.302032471, 228.875671387, 163.203659058, 29.8564300537, 43.069896698, 41.5922737122, 32.4278373718, 26.6991882324, 22.1489582062, 13.7380332947, 17.9859447479, 8.25048732758, 6.62056541443, 8.23730278015, 3.0392780304, 2.02503085136, 1.68875944614, 0.959363996983, 0.785675227642, 0.628460526466, 0.436224400997, 0.274349629879, 0.114375703037, 0.0522854030132, 0.0127111375332, 0.00177169812378, 3.74696573999e-05, 2.32135171245e-05]
    },
    "gfcc": {
        "mean": [-72.6238174438, 106.493896484, -174.068817139, 0.711106300354, -76.419052124, 8.6885061264, -37.6961593628, 2.08784556389, -21.369512558, -12.1514072418, -18.2305850983, -14.5860395432, -4.84317302704],
        "cov": [[4840.81152344, -1232.92822266, -232.571777344, -155.037811279, -66.8354644775, 806.329833984, 307.04397583, 878.247680664, 116.512008667, 313.793701172, -46.0881652832, 94.8616104126, 56.5511283875], [-1232.92822266, 2621.85400391, 596.972106934, 462.242584229, 311.342895508, -753.10144043, 282.395507812, -872.255187988, 148.224685669, -620.97668457, 213.663131714, -265.838562012, 172.106277466], [-232.571777344, 596.972106934, 487.972961426, 142.049880981, 83.8080215454, -199.632949829, -25.6205215454, -211.137893677, -95.693359375, -122.104820251, -43.7954673767, -47.1688117981, 4.7859749794], [-155.037811279, 462.242584229, 142.049880981, 192.11517334, 65.7388534546, -102.389625549, 41.0606422424, -152.783737183, 37.8978271484, -114.731964111, 45.7994308472, -50.1626472473, 40.515247345], [-66.8354644775, 311.342895508, 83.8080215454, 65.7388534546, 210.417114258, -73.3368225098, 97.8869857788, -58.3020782471, 34.148399353, -37.0914382935, 3.128023386, 10.7964725494, 1.20625114441], [806.329833984, -753.10144043, -199.632949829, -102.389625549, -73.3368225098, 496.194335938, 63.3393325806, 418.443359375, 32.1375808716, 197.85824585, -15.5601835251, 13.7942829132, -2.99249911308], [307.04397583, 282.395507812, -25.6205215454, 41.0606422424, 97.8869857788, 63.3393325806, 261.914306641, 42.0903167725, 113.239433289, -47.8230781555, 62.2727127075, -38.4524345398, 34.1115684509], [878.247680664, -872.255187988, -211.137893677, -152.783737183, -58.3020782471, 418.443359375, 42.0903167725, 505.963409424, 30.6853408813, 250.441513062, -43.1815071106, 69.6015548706, -28.7003192902], [116.512008667, 148.224685669, -95.693359375, 37.8978271484, 34.148399353, 32.1375808716, 113.239433289, 30.6853408813, 158.59211731, -18.4361972809, 73.6649703979, -10.8363924026, 19.7199230194], [313.793701172, -620.97668457, -122.104820251, -114.731964111, -37.0914382935, 197.85824585, -47.8230781555, 250.441513062, -18.4361972809, 217.207687378, -45.6842575073, 80.3791427612, -43.2986297607], [-46.0881652832, 213.663131714, -43.7954673767, 45.7994308472, 3.128023386, -15.5601835251, 62.2727127075, -43.1815071106, 73.6649703979, -45.6842575073, 100.791160583, -20.5407161713, 43.9247589111], [94.8616104126, -265.838562012, -47.1688117981, -50.1626472473, 10.7964725494, 13.7942829132, -38.4524345398, 69.6015548706, -10.8363924026, 80.3791427612, -20.5407161713, 109.586936951, -25.4712276459], [56.5511283875, 172.106277466, 4.7859749794, 40.515247345, 1.20625114441, -2.99249911308, 34.1115684509, -28.7003192902, 19.7199230194, -43.2986297607, 43.9247589111, -25.4712276459, 79.970664978]],
        "icov": [[0.000364074745448, 0.000211632956052, -0.000267531751888, -8.11035861261e-05, 0.000128413361381, -5.59721993341e-05, -0.000490234291647, -0.000461323710624, -0.000203964940738, 0.000391349865822, 0.000258883635979, -0.000229720855714, -0.000569475407247], [0.000211632956052, 0.00666797580197, -0.0045032966882, 0.00032482543611, -0.00340003124438, 0.0038817175664, -0.00302851991728, 0.00283790403046, -0.00418277503923, 0.00396560039371, -0.00435091927648, 0.00602293247357, -0.00440147612244], [-0.000267531751888, -0.0045032966882, 0.00728247594088, -0.00334760267287, 0.0015724535333, -0.00149413722102, 0.00157034420408, -0.00210771337152, 0.00587527826428, -0.00248748366721, 0.00440489687026, -0.00314169167541, 0.0034194001928], [-8.11035861261e-05, 0.00032482543611, -0.00334760267287, 0.0120978495106, -0.00268364348449, -0.00181033508852, 0.00193461577874, 0.00251021515578, -0.00426055071875, 0.00243754079565, -0.00247242115438, 0.00130658072885, -0.00237752497196], [0.000128413361381, -0.00340003124438, 0.0015724535333, -0.00268364348449, 0.0102330278605, -0.000855563150253, -0.00305144162849, -0.00108358601574, 0.00146968394984, -0.00342465098947, 0.0053513655439, -0.00603594211861, 0.00213989522308], [-5.59721993341e-05, 0.0038817175664, -0.00149413722102, -0.00181033508852, -0.000855563150253, 0.0109921842813, -0.00308004813269, -0.00467980653048, -0.000628750072792, -9.29803209146e-05, -0.00322821945883, 0.00727633852512, -0.00305383373052], [-0.000490234291647, -0.00302851991728, 0.00157034420408, 0.00193461577874, -0.00305144162849, -0.00308004813269, 0.0108208227903, -0.00240382784978, -0.00199597049505, 0.00158528296743, -0.000843213987537, -0.00042022173875, 0.00192253978457], [-0.000461323710624, 0.00283790403046, -0.00210771337152, 0.00251021515578, -0.00108358601574, -0.00467980653048, -0.00240382784978, 0.0138280009851, -0.00461280206218, -0.00456252647564, 0.00114270625636, 0.00106806785334, -0.00271791219711], [-0.000203964940738, -0.00418277503923, 0.00587527826428, -0.00426055071875, 0.00146968394984, -0.000628750072792, -0.00199597049505, -0.00461280206218, 0.0182851459831, -0.00189718406182, -0.00534831313416, -0.00354905170389, 0.00637426972389], [0.000391349865822, 0.00396560039371, -0.00248748366721, 0.00243754079565, -0.00342465098947, -9.29803209146e-05, 0.00158528296743, -0.00456252647564, -0.00189718406182, 0.0206021238118, -0.00325111835264, -0.00268831895664, 0.000389237684431], [0.000258883635979, -0.00435091927648, 0.00440489687026, -0.00247242115438, 0.0053513655439, -0.00322821945883, -0.000843213987537, 0.00114270625636, -0.00534831313416, -0.00325111835264, 0.0265852510929, -0.00574412941933, -0.00613535195589], [-0.000229720855714, 0.00602293247357, -0.00314169167541, 0.00130658072885, -0.00603594211861, 0.00727633852512, -0.00042022173875, 0.00106806785334, -0.00354905170389, -0.00268831895664, -0.00574412941933, 0.0219294726849, -0.00278831878677], [-0.000569475407247, -0.00440147612244, 0.0034194001928, -0.00237752497196, 0.00213989522308, -0.00305383373052, 0.00192253978457, -0.00271791219711, 0.00637426972389, 0.000389237684431, -0.00613535195589, -0.00278831878677, 0.0225583557039]]
    },
    "melbands": {
        "max": [0.00108145235572, 0.00226833554916, 0.00176741497125, 0.00803751405329, 0.00266480934806, 0.00603408832103, 0.000981224700809, 0.00137337087654, 0.00378509727307, 0.00816067866981, 0.00674971845001, 0.0116836149246, 0.011720568873, 0.000551058037672, 0.0010296338005, 0.000805666844826, 0.000567250244785, 0.000606978603173, 0.000469770428026, 0.000353018549504, 0.000331009185174, 0.000132614411996, 0.000108025560621, 0.000175059132744, 5.56384511583e-05, 3.63365725207e-05, 0.000194676991669, 7.5320895121e-05, 2.23432671191e-05, 2.4062288503e-05, 9.31099202717e-06, 1.78829268407e-05, 6.65867264615e-06, 5.51163475393e-06, 4.31519356425e-06, 7.06903756509e-06, 4.03774492952e-06, 3.91601179217e-06, 2.70339160124e-06, 2.40213535108e-06],
        "mean": [6.07278125244e-05, 0.000139184150612, 0.000149913161295, 0.000482190574985, 0.000270724762231, 0.000247179588769, 6.3616760599e-05, 9.17216311791e-05, 0.000375025643734, 0.000644907006063, 0.000396896386519, 0.000319687445881, 0.000240933950408, 5.77928003622e-05, 5.51267257833e-05, 7.77652894612e-05, 5.23055314261e-05, 3.04701552523e-05, 2.8618842407e-05, 2.24425766646e-05, 1.57439044415e-05, 1.14405274871e-05, 8.34554703033e-06, 9.50243338593e-06, 3.47388936461e-06, 2.38743973568e-06, 2.88547494165e-06, 1.98804355023e-06, 1.15353952879e-06, 1.00831607597e-06, 6.96795780186e-07, 5.49133631012e-07, 4.22136196221e-07, 3.36548453106e-07, 2.93910915161e-07, 2.57816253679e-07, 2.1493755753e-07, 1.84268429848e-07, 1.60721029374e-07, 1.18513099778e-07],
        "min": [4.90370055672e-09, 1.29106609847e-07, 4.1546948637e-07, 3.396834245e-07, 3.23959085335e-07, 4.1459128397e-07, 2.08047850947e-07, 9.81131734079e-07, 1.2997002159e-06, 1.7281640794e-06, 6.46247599434e-07, 3.95866663894e-07, 2.16614452597e-07, 3.25456340988e-07, 1.83821512678e-07, 2.11915846648e-07, 1.1671448874e-07, 1.58646599857e-07, 1.59768205776e-07, 8.4870862338e-08, 8.82081536702e-08, 7.21631110423e-08, 5.1777742982e-08, 4.03548057193e-08, 3.65934695878e-08, 1.88133419954e-08, 1.37051587856e-08, 6.87106727071e-09, 2.44329911858e-09, 5.52483891969e-10, 1.00814645521e-09, 1.26834168168e-10, 3.0154070213e-11, 1.73898881406e-11, 1.75797605639e-11, 1.17571499411e-11, 7.74828291805e-12, 6.54678741774e-12, 6.80786286719e-12, 3.60309156643e-12],
        "stdev": [0.000174267363036, 0.000342167448252, 0.000241690824623, 0.0011356518371, 0.000469398451969, 0.000650158384815, 0.000105640487163, 0.000128850413603, 0.000572829390876, 0.00106506829616, 0.000918715435546, 0.000954414426815, 0.000797045300715, 8.1923113612e-05, 7.91481725173e-05, 0.000115957467642, 7.24103447283e-05, 4.91788050567e-05, 4.5227141527e-05, 3.41421655321e-05, 2.45037517743e-05, 1.49540546772e-05, 1.23981244542e-05, 2.24697269005e-05, 5.30790794073e-06, 3.18792376675e-06, 9.03842101252e-06, 4.19712523581e-06, 1.78560355835e-06, 1.70307168901e-06, 9.91221440927e-07, 1.04704088244e-06, 6.59394515878e-07, 5.16935472206e-07, 4.53335616157e-07, 4.67646543711e-07, 3.74408443804e-07, 3.33639206929e-07, 2.77399607285e-07, 2.22644686687e-07]
    },
    "melbands128": {
        "max": [0.000265507871518, 0.00115914654452, 0.00130950042512, 0.00130681041628, 0.0032656500116, 0.0028901163023, 0.00268429028802, 0.00195042882115, 0.00371957803145, 0.0125944083557, 0.0141185959801, 0.0024519180879, 0.00405425718054, 0.00550376437604, 0.0112012624741, 0.00437125284225, 0.000541368557606, 0.00111453258432, 0.00226147519425, 0.00218717055395, 0.00153736618813, 0.00180185819045, 0.00483682053164, 0.00748223718256, 0.0121724819764, 0.0119479820132, 0.0108051132411, 0.010151152499, 0.00587267568335, 0.0190551392734, 0.0124822640792, 0.0165962334722, 0.0228144600987, 0.00253549218178, 0.000676584779285, 0.000678872980643, 0.000774287618697, 0.00169639266096, 0.00103378389031, 0.00115356675815, 0.00132049550302, 0.00192327587865, 0.000817841792013, 0.000598335056566, 0.000314458244247, 0.000368460488971, 0.00174891552888, 0.000403292768169, 0.000420837779529, 0.000318914302625, 0.00036895435187, 0.000472265353892, 0.000553171208594, 0.00024140746973, 0.000160467607202, 0.000146476057125, 0.00014192009985, 0.00016790801601, 0.000121696961287, 0.00018652973813, 0.000346731743775, 0.000212048907997, 7.56330773584e-05, 3.83839615097e-05, 2.3102711566e-05, 3.64214392903e-05, 6.38167985016e-05, 0.000113380221592, 0.000260412867647, 0.000278390565654, 3.71379610442e-05, 2.12157756323e-05, 1.42274639074e-05, 2.16063108383e-05, 4.63703108835e-05, 2.17961514863e-05, 1.6800380763e-05, 1.8370736143e-05, 6.65470543026e-06, 1.28905212478e-05, 2.18375353143e-05, 1.96542077902e-05, 1.76455505425e-05, 7.15968508302e-06, 6.85164286551e-06, 9.93687899609e-06, 4.38120378021e-06, 3.78521713174e-06, 5.68158566239e-06, 7.68898917158e-06, 7.18977980796e-06, 8.42612371343e-06, 4.34190087617e-06, 4.08066762247e-06, 5.69816120333e-06, 7.80078971729e-06, 2.67719610747e-06, 3.55465681423e-06, 2.53665143646e-06, 3.9012270463e-06, 3.16039631798e-06, 2.2168119358e-06, 2.65295670943e-06, 1.52095503836e-06, 1.16038836495e-06, 1.10900964501e-06, 7.36043773486e-07, 1.70407133737e-06, 1.60815056915e-06, 1.20396157399e-06, 1.0609844594e-06, 6.54493533148e-07, 3.84309032597e-07, 6.2107562826e-07, 3.98468500862e-07, 3.68943261719e-07, 1.74566423539e-07, 1.96144434028e-08, 1.21849119683e-09, 1.19571341717e-09, 1.18028598006e-09, 1.14444742572e-09, 1.09848152796e-09, 1.09648023994e-09, 1.09827147377e-09, 1.08625786144e-09, 1.07380815351e-09, 1.06560826829e-09],
        "mean": [7.1898416536e-06, 6.27340996289e-05, 7.86090022302e-05, 6.64474500809e-05, 0.000160313662491, 0.000173879787326, 0.000145252764923, 0.000101725629065, 0.000168554179254, 0.000639380363282, 0.00067394512007, 0.000137112307129, 0.000198810943402, 0.00035283662146, 0.000348569446942, 0.000132263710839, 3.54248913936e-05, 5.23489034094e-05, 9.87625899143e-05, 6.86409912305e-05, 8.58270796016e-05, 0.000162884782185, 0.000354512827471, 0.000667897111271, 0.00071001163451, 0.000646643340588, 0.000485537748318, 0.000420244177803, 0.000246443523793, 0.000309858209221, 0.000295653793728, 0.00042799077346, 0.000283048051642, 8.62743036123e-05, 5.38841632078e-05, 5.44580652786e-05, 5.43202913832e-05, 5.72252829443e-05, 4.91001592309e-05, 7.05118582118e-05, 9.43496052059e-05, 7.18853334547e-05, 5.86788555665e-05, 3.94644848711e-05, 2.74695594271e-05, 2.85852875095e-05, 3.46858905687e-05, 2.89245217573e-05, 2.73837813438e-05, 2.30548539548e-05, 2.25352596317e-05, 2.10578382394e-05, 1.69673876371e-05, 1.35053842314e-05, 1.23116878967e-05, 1.20899567264e-05, 9.91233991954e-06, 8.42986992211e-06, 7.23186713003e-06, 8.741882084e-06, 1.34003203129e-05, 6.46816988592e-06, 4.00915496357e-06, 2.72097304332e-06, 2.2799558792e-06, 2.47765501626e-06, 2.34948174693e-06, 2.36040500567e-06, 3.27931888933e-06, 3.34785181622e-06, 1.86974227745e-06, 1.46036393289e-06, 1.20083109323e-06, 1.08922256459e-06, 1.11104236566e-06, 9.85935912468e-07, 1.04317621208e-06, 8.56471217503e-07, 6.40243627004e-07, 5.44242254819e-07, 5.23377309491e-07, 5.88288401104e-07, 5.11151995397e-07, 4.02099772145e-07, 3.49766679619e-07, 3.42976477441e-07, 3.34875664976e-07, 3.18465595228e-07, 2.99999896924e-07, 2.7020445259e-07, 2.54924827914e-07, 2.72354611752e-07, 2.32402797451e-07, 2.06346811638e-07, 2.0976673909e-07, 1.99818245505e-07, 1.74473427705e-07, 1.69209855017e-07, 1.65374416383e-07, 1.60920222925e-07, 1.2807963401e-07, 1.10328315372e-07, 1.08382984365e-07, 8.66627303253e-08, 7.29855571535e-08, 5.70561944357e-08, 4.65285019402e-08, 4.339691273e-08, 3.6972039652e-08, 2.75323710497e-08, 2.20088622882e-08, 1.54400439101e-08, 1.09950839544e-08, 8.37922797814e-09, 6.01077587703e-09, 3.45352191289e-09, 1.30124522268e-09, 8.57115212138e-11, 7.93041066843e-12, 7.39994784199e-12, 7.15587008052e-12, 7.09204179758e-12, 7.10290506967e-12, 6.91157677965e-12, 6.15668670559e-12, 4.82183520542e-12, 4.11008033163e-12, 3.98904520527e-12],
        "min": [8.77753925099e-10, 1.81062054239e-09, 2.67503397211e-09, 7.40531103105e-09, 3.6206159848e-08, 8.42670289103e-08, 8.58856665786e-08, 9.5226646124e-08, 4.05318417052e-07, 1.04872597717e-07, 8.0727076579e-08, 2.53106975379e-07, 8.50948396192e-08, 9.01360479588e-08, 7.67287460235e-08, 1.55963093107e-07, 1.65638510907e-07, 1.42706554129e-07, 2.35807959825e-07, 5.39277493772e-07, 3.71250109765e-07, 2.75193002608e-07, 8.59267743181e-07, 6.43005989787e-07, 6.43242344722e-07, 5.60329453947e-07, 4.46784724772e-07, 7.44483031667e-07, 2.72993759154e-07, 2.19575284177e-07, 1.35403297463e-07, 2.11477896528e-07, 1.38845734909e-07, 8.80116388657e-08, 1.73027871142e-07, 1.52932742026e-07, 1.24402149027e-07, 1.12325054147e-07, 8.94023344244e-08, 1.14931381745e-07, 8.06540896292e-08, 9.55114813905e-08, 4.9141881675e-08, 1.67490377123e-08, 6.52060521134e-08, 3.90562249208e-08, 1.01183189827e-07, 1.08580984204e-07, 3.83071352417e-08, 1.64058349128e-08, 2.25647003305e-08, 6.57147083416e-08, 3.50266304849e-08, 3.14716324112e-08, 8.61392237539e-08, 2.0682366042e-08, 1.9425836939e-08, 2.88228605427e-08, 2.87421269007e-08, 2.71752540471e-08, 2.01956051882e-08, 2.2477482986e-08, 2.24059046872e-08, 1.32442430356e-08, 1.46230432208e-08, 1.1136467748e-08, 3.88671583806e-09, 6.7723484598e-09, 7.22522930374e-09, 4.15307965795e-09, 2.83738499363e-09, 5.00052266261e-09, 2.4436113133e-09, 2.79686984683e-09, 1.00236230427e-09, 2.57902810219e-10, 2.3428017859e-10, 1.01043995393e-09, 2.01413052903e-10, 7.19269713234e-11, 1.82421133754e-10, 9.39344504958e-11, 3.85346858589e-11, 2.93859554745e-11, 1.87346509833e-11, 1.39542292651e-11, 1.59219425838e-11, 1.68780094068e-11, 1.72839832724e-11, 1.40720135197e-11, 7.69120964833e-12, 6.04226607984e-12, 4.61716689187e-12, 8.53053044869e-12, 4.45969650098e-12, 4.66820809439e-12, 4.45006314784e-12, 7.38486181928e-12, 6.20051969838e-12, 4.7261543637e-12, 3.35778041656e-12, 3.16870271341e-12, 3.02266675231e-12, 3.00432075051e-12, 3.05774177679e-12, 3.27506424758e-12, 1.8640234755e-12, 1.41783958706e-12, 1.51006778696e-12, 1.61527280267e-12, 1.38611973462e-12, 1.24070556346e-12, 9.47663063473e-13, 1.14051487438e-12, 1.00768124314e-12, 1.33044714568e-12, 1.41461755504e-12, 9.2737460506e-13, 8.73192360432e-13, 8.41733746506e-13, 7.20885048704e-13, 8.55373606147e-13, 7.97184096079e-13, 1.06748464235e-12, 8.77789269223e-13, 3.86341214012e-13, 3.86058169482e-14, 1.55438889096e-15],
        "stdev": [2.15523559746e-05, 0.000184454867849, 0.000229476514505, 0.000192394465557, 0.000478221976664, 0.000410129548982, 0.000304345827317, 0.000233720958931, 0.000369282759493, 0.00156009499915, 0.00174746138509, 0.000300466403132, 0.000544713286217, 0.000794031948317, 0.00118490296882, 0.000436652393546, 5.86487658438e-05, 0.000101524274214, 0.000227914453717, 0.000135948968818, 0.000146025515278, 0.000292209588224, 0.000602806685492, 0.00115758285392, 0.00139331666287, 0.00122494017705, 0.00115495896898, 0.00120341836009, 0.000644582789391, 0.00134651886765, 0.00106878206134, 0.00152497028466, 0.00129078514874, 0.000218239729293, 9.89292020677e-05, 9.474853141e-05, 9.26071807044e-05, 0.000101576755696, 8.29448035802e-05, 0.000125963037135, 0.000152145337779, 0.000144871082739, 9.01597522898e-05, 6.66174455546e-05, 4.28765742981e-05, 4.79490299767e-05, 0.000106482424599, 4.81800016132e-05, 4.79319642182e-05, 4.02585137635e-05, 4.00787721446e-05, 3.88154876418e-05, 3.33917487296e-05, 2.28557837545e-05, 2.05175820156e-05, 1.72762775037e-05, 1.4245480088e-05, 1.57015674631e-05, 1.23872314362e-05, 1.86527140613e-05, 4.1794275603e-05, 1.81367813639e-05, 6.74246757626e-06, 4.04425600209e-06, 3.11953067467e-06, 3.45139983438e-06, 4.1648017941e-06, 5.74838759348e-06, 1.22554247355e-05, 1.3213110833e-05, 3.47056993633e-06, 2.1853970793e-06, 1.82293899798e-06, 1.93533810489e-06, 2.56963744505e-06, 1.79468986516e-06, 1.76837932031e-06, 1.55230418386e-06, 8.95856544503e-07, 9.06786965515e-07, 1.1521384522e-06, 1.2575439996e-06, 1.06228299046e-06, 6.64378035253e-07, 5.44140505099e-07, 6.85273164436e-07, 5.48513355625e-07, 5.12072347192e-07, 5.0845090982e-07, 5.36482161806e-07, 4.91354455789e-07, 5.55379529033e-07, 4.14636417645e-07, 3.57184518407e-07, 4.53862440963e-07, 4.5725002451e-07, 3.10012694626e-07, 3.06150127471e-07, 2.92267259283e-07, 3.44286036125e-07, 2.6167592182e-07, 2.11052153531e-07, 2.38014706611e-07, 1.60270673177e-07, 1.37880888929e-07, 1.23353473214e-07, 9.27199153011e-08, 1.23595242485e-07, 1.14797742867e-07, 9.04293884219e-08, 7.24850579559e-08, 4.83342539326e-08, 3.70906008129e-08, 4.17514876005e-08, 3.10891188349e-08, 2.49018032861e-08, 1.09307283225e-08, 1.08080167038e-09, 5.22806450909e-11, 5.10059147696e-11, 5.03418973175e-11, 4.88099803631e-11, 4.68742614168e-11, 4.67684016514e-11, 4.68640126705e-11, 4.63985065646e-11, 4.5895183487e-11, 4.55496682039e-11]
    },
    "mfcc": {
        "mean": [-695.1875, 134.96786499, -41.4393577576, -10.2002077103, -19.0175743103, -6.41084480286, -9.3502035141, 0.626760721207, -0.714230239391, 0.186832800508, -4.90255403519, -8.12167072296, -11.6477451324],
        "cov": [[4987.03417969, -1213.67553711, -239.751312256, -688.349853516, -80.3568572998, -31.3349132538, 360.865081787, 419.892425537, 532.591369629, 410.953765869, 237.526367188, 321.444549561, 156.169906616], [-1213.67553711, 1870.33935547, 402.35269165, 864.265686035, 14.5935373306, 155.72807312, -106.206428528, -60.1558532715, -257.710662842, -254.029678345, -104.215644836, -267.998657227, -216.570785522], [-239.751312256, 402.35269165, 379.611968994, 213.102096558, 35.914352417, 30.116558075, -1.790402174, -48.5877838135, -70.7514343262, -94.6129989624, -28.0232849121, -84.9370651245, -106.575302124], [-688.349853516, 864.265686035, 213.102096558, 554.596740723, 36.7718582153, 75.0734024048, -105.069313049, -68.6165390015, -169.731521606, -164.563659668, -91.9402618408, -154.571533203, -104.750617981], [-80.3568572998, 14.5935373306, 35.914352417, 36.7718582153, 114.955863953, 7.67808055878, 3.20049762726, -9.98922348022, 4.17935037613, -7.55055189133, -12.0500383377, -5.65971088409, -6.91907405853], [-31.3349132538, 155.72807312, 30.116558075, 75.0734024048, 7.67808055878, 96.2776107788, 20.6619319916, 23.6654777527, -6.43498563766, 2.00618648529, 2.0075044632, -15.6858177185, -23.3899726868], [360.865081787, -106.206428528, -1.790402174, -105.069313049, 3.20049762726, 20.6619319916, 159.879455566, 66.8251876831, 105.088249207, 59.4559555054, 57.4116134644, 29.7949256897, 6.86878871918], [419.892425537, -60.1558532715, -48.5877838135, -68.6165390015, -9.98922348022, 23.6654777527, 66.8251876831, 137.936706543, 82.3059005737, 87.8304367065, 42.0643157959, 53.507938385, 28.4414329529], [532.591369629, -257.710662842, -70.7514343262, -169.731521606, 4.17935037613, -6.43498563766, 105.088249207, 82.3059005737, 171.426269531, 98.275642395, 71.8539505005, 70.2747421265, 52.3037796021], [410.953765869, -254.029678345, -94.6129989624, -164.563659668, -7.55055189133, 2.00618648529, 59.4559555054, 87.8304367065, 98.275642395, 149.835342407, 62.6298599243, 88.3912811279, 44.5677566528], [237.526367188, -104.215644836, -28.0232849121, -91.9402618408, -12.0500383377, 2.0075044632, 57.4116134644, 42.0643157959, 71.8539505005, 62.6298599243, 90.618927002, 42.2566184998, 18.5610103607], [321.444549561, -267.998657227, -84.9370651245, -154.571533203, -5.65971088409, -15.6858177185, 29.7949256897, 53.507938385, 70.2747421265, 88.3912811279, 42.2566184998, 109.251106262, 54.8902549744], [156.169906616, -216.570785522, -106.575302124, -104.750617981, -6.91907405853, -23.3899726868, 6.86878871918, 28.4414329529, 52.3037796021, 44.5677566528, 18.5610103607, 54.8902549744, 97.5398712158]],
        "icov": [[0.000370453082724, 0.000229751574807, -0.000107169493276, -0.000190963808564, 0.000300861604046, 9.00529848877e-05, -6.90089000273e-05, -0.000717318151146, -0.000706510385498, 4.86921380798e-05, 5.92744909227e-05, -0.000262261746684, 0.000344687025063], [0.000229751574807, 0.00256505818106, -0.000337440753356, -0.00342307635583, 0.000958654854912, -0.000440979812993, -0.000373093731469, -0.00166677276138, 7.68645477365e-05, 0.000532791076694, -0.00110994104762, 0.000722384371329, 0.00127716909628], [-0.000107169493276, -0.000337440753356, 0.00457233237103, -0.000643540173769, -0.00100858928636, 0.000489784695674, -0.00107375730295, 0.000533115700819, 0.000142707300256, 0.00142032233998, -0.000600564992055, -0.000523493799847, 0.00337657588534], [-0.000190963808564, -0.00342307635583, -0.000643540173769, 0.00932262931019, -0.00218375283293, -0.00194997352082, 0.00254073389806, 6.73452814226e-06, 0.000966645835433, 0.00128652935382, 0.00156754115596, 0.0022217486985, -0.00144409644417], [0.000300861604046, 0.000958654854912, -0.00100858928636, -0.00218375283293, 0.0101644033566, -0.000578479550313, -0.000581503263675, 0.000811752455775, -0.00256142346188, -0.000640099053271, 0.00200907932594, -0.00104426662438, 0.000457503279904], [9.00529848877e-05, -0.000440979812993, 0.000489784695674, -0.00194997352082, -0.000578479550313, 0.0142818465829, -0.00282813771628, -0.00227285781875, 0.00136060104705, -0.00197069882415, -0.000247357413173, 0.000139661176945, 0.00170268816873], [-6.90089000273e-05, -0.000373093731469, -0.00107375730295, 0.00254073389806, -0.000581503263675, -0.00282813771628, 0.0136200860143, -0.0025639871601, -0.00676459120587, 0.00117590802256, -0.00248151668347, 0.00246735429391, 0.00208029453643], [-0.000717318151146, -0.00166677276138, 0.000533115700819, 6.73452814226e-06, 0.000811752455775, -0.00227285781875, -0.0025639871601, 0.0168605223298, -0.00197878526524, -0.00683165062219, 0.00186864729039, -0.00227546645328, -0.00207826332189], [-0.000706510385498, 7.68645477365e-05, 0.000142707300256, 0.000966645835433, -0.00256142346188, 0.00136060104705, -0.00676459120587, -0.00197878526524, 0.0190525334328, -0.00252026179805, -0.00492168078199, 0.000749920203816, -0.00485663115978], [4.86921380798e-05, 0.000532791076694, 0.00142032233998, 0.00128652935382, -0.000640099053271, -0.00197069882415, 0.00117590802256, -0.00683165062219, -0.00252026179805, 0.0207308605313, -0.00456543639302, -0.00790892820805, 0.00262839812785], [5.92744909227e-05, -0.00110994104762, -0.000600564992055, 0.00156754115596, 0.00200907932594, -0.000247357413173, -0.00248151668347, 0.00186864729039, -0.00492168078199, -0.00456543639302, 0.0200968738645, -0.00246554682963, 0.000469357415568], [-0.000262261746684, 0.000722384371329, -0.000523493799847, 0.0022217486985, -0.00104426662438, 0.000139661176945, 0.00246735429391, -0.00227546645328, 0.000749920203816, -0.00790892820805, -0.00246554682963, 0.0246879123151, -0.00592526281253], [0.000344687025063, 0.00127716909628, 0.00337657588534, -0.00144409644417, 0.000457503279904, 0.00170268816873, 0.00208029453643, -0.00207826332189, -0.00485663115978, 0.00262839812785, 0.000469357415568, -0.00592526281253, 0.0202232599258]]
    },
    "spectral_contrast_coeffs": {
        "max": [-0.418244928122, -0.551256299019, -0.554814636707, -0.697305321693, -0.697324097157, -0.591233074665],
        "mean": [-0.684399664402, -0.759539783001, -0.761772453785, -0.817549526691, -0.810125887394, -0.769176721573],
        "min": [-0.908750593662, -0.929980158806, -0.901340961456, -0.900428533554, -0.882270872593, -0.867464184761],
        "stdev": [0.100043587387, 0.083197183907, 0.0651551261544, 0.0385290049016, 0.0319954641163, 0.0483712479472]
    },
    "spectral_contrast_valleys": {
        "max": [-6.4760427475, -5.41601419449, -5.21148109436, -5.58344602585, -6.13336277008, -8.77142429352],
        "mean": [-8.10885238647, -6.72363424301, -6.96853590012, -7.33689594269, -8.00241088867, -11.1861410141],
        "min": [-10.5714683533, -8.73447322845, -9.13415145874, -9.5733757019, -10.3112382889, -15.0777168274],
        "stdev": [0.894866168499, 0.5497418046, 0.773688197136, 0.809401750565, 0.768865525723, 1.34417033195]
    }
},
"rhythm": {
    "beats_count": 28,
    "beats_loudness": {
        "max": 0.0907514169812,
        "mean": 0.020072793588,
        "min": 0.000358838587999,
        "stdev": 0.0187962539494
    },
    "bpm": 122.894958496,
    "bpm_histogram_first_peak_bpm": 123,
    "bpm_histogram_first_peak_weight": 0.294117689133,
    "bpm_histogram_second_peak_bpm": 152,
    "bpm_histogram_second_peak_spread": 0,
    "bpm_histogram_second_peak_weight": 0.222222223878,
    "danceability": 0.814929008484,
    "onset_rate": 3.91869020462,
    "beats_loudness_band_ratio": {
        "max": [0.17036755383, 0.755980849266, 0.598185777664, 0.747187316418, 0.294854700565, 0.198400437832],
        "mean": [0.0452680364251, 0.225737676024, 0.318032801151, 0.303996652365, 0.115454666317, 0.0241466760635],
        "min": [0.00200794031844, 0.00203459500335, 0.0656518638134, 0.0583518110216, 0.026473838836, 0.00450580194592],
        "stdev": [0.0399492122233, 0.249772369862, 0.131254151464, 0.187991052866, 0.0818714052439, 0.035281252116]
    },
    "beats_position": [0.371519267559, 0.743038535118, 1.1261677742, 1.52090704441, 1.90403628349, 2.28716540337, 2.68190479279, 3.07664394379, 3.47138309479, 3.86612248421, 4.26086139679, 4.76009082794, 5.24770975113, 5.73532867432, 6.2229475975, 6.72217655182, 7.22140598297, 7.70902490616, 8.19664382935, 8.68426322937, 9.16027164459, 9.63628101349, 10.1239004135, 10.6115188599, 11.0991382599, 11.5867567062, 12.0743761063, 12.5619955063],
