{
"metadata": {
    "version": {
        "essentia": "2.1-beta5",
        "essentia_git_sha": "Undefined",
        "extractor": "music 2.0"
    },
    "audio_properties": {
        "analysis": {
            "equal_loudness": 0,
            "length": 29.0017242432,
            "sample_rate": 44100,
            "start_time": 0,
            "downmix": "mix"
        },
        "bit_rate": 192000,
        "length": 192.203186035,
        "lossless": 0,
        "number_channels": 2,
        "replay_gain": 2.35067939758,
        "sample_rate": 48000,
        "codec": "mp3",
        "md5_encoded": "8ee26c19e6f5aa4f9db889a58c9d51c3"
    },
    "tags": {
        "file_name": "Australia_Don_t Come Easy_Isaiah Firebrace.mp3",
        "encoding": ["Lavf58.29.100"]
    }
},
"lowlevel": {
    "average_loudness": 0.375430464745,
    "barkbands_crest": {
        "max": 25.7539329529,
        "mean": 10.9067468643,
        "min": 2.77581191063,
        "stdev": 4.10791444778
    },
    "barkbands_flatness_db": {
        "max": 0.451619774103,
        "mean": 0.202517688274,
        "min": 0.0493140146136,
        "stdev": 0.0801379159093
    },
    "barkbands_kurtosis": {
        "max": 104.138450623,
        "mean": 7.10067415237,
        "min": -1.82078027725,
        "stdev": 9.73429298401
    },
    "barkbands_skewness": {
        "max": 8.9502620697,
        "mean": 1.67663025856,
        "min": -2.81313109398,
        "stdev": 1.30758905411
    },
    "barkbands_spread": {
        "max": 77.9329833984,
        "mean": 11.0101318359,
        "min": 0.615699827671,
        "stdev": 10.4534492493
    },
    "dissonance": {
        "max": 0.500000059605,
        "mean": 0.433281689882,
        "min": 0.200060993433,
        "stdev": 0.0553075447679
    },
    "dynamic_complexity": 7.6265745163,
    "erbbands_crest": {
        "max": 29.9067211151,
        "mean": 10.8453235626,
        "min": 2.95761823654,
        "stdev": 4.21731281281
    },
    "erbbands_flatness_db": {
        "max": 0.41704428196,
        "mean": 0.231051832438,
        "min": 0.0638791099191,
        "stdev": 0.0575981736183
    },
    "erbbands_kurtosis": {
        "max": 25.1311321259,
        "mean": 1.97035646439,
        "min": -1.82940363884,
        "stdev": 3.25232338905
    },
    "erbbands_skewness": {
        "max": 4.42174863815,
        "mean": 0.86367225647,
        "min": -3.73342323303,
        "stdev": 0.776460945606
    },
    "erbbands_spread": {
        "max": 123.712547302,
        "mean": 22.8079147339,
        "min": 3.50068902969,
        "stdev": 14.0450172424
    },
    "hfc": {
        "max": 121.991271973,
        "mean": 10.1576547623,
        "min": 1.11953271081e-16,
        "stdev": 17.2373867035
    },
    "loudness_ebu128": {
        "integrated": -28.2561855316,
        "loudness_range": 9.03792190552,
        "momentary": {
            "max": -22.7013835907,
            "mean": -32.0101470947,
            "min": -47.4071350098,
            "stdev": 5.95152902603
        },
        "short_term": {
            "max": -24.4953975677,
            "mean": -30.2695713043,
            "min": -38.9015960693,
            "stdev": 3.32155561447
        }
    },
    "melbands_crest": {
        "max": 30.2984333038,
        "mean": 13.5177516937,
        "min": 2.59137558937,
        "stdev": 4.86647462845
    },
    "melbands_flatness_db": {
        "max": 0.612484812737,
        "mean": 0.265244573355,
        "min": 0.00848762039095,
        "stdev": 0.118135012686
    },
    "melbands_kurtosis": {
        "max": 128.219802856,
        "mean": 10.30626297,
        "min": -1.88373231888,
        "stdev": 12.5075435638
    },
    "melbands_skewness": {
        "max": 8.89840602875,
        "mean": 1.98681640625,
        "min": -1.19551336765,
        "stdev": 1.44650042057
    },
    "melbands_spread": {
        "max": 270.037231445,
        "mean": 15.8333187103,
        "min": 0.849756896496,
        "stdev": 18.120349884
    },
    "pitch_salience": {
        "max": 0.84624260664,
        "mean": 0.617180228233,
        "min": 0.161782979965,
        "stdev": 0.111868284643
    },
    "silence_rate_20dB": {
        "max": 1,
        "mean": 1,
        "min": 1,
        "stdev": 0
    },
    "silence_rate_30dB": {
        "max": 1,
        "mean": 1,
        "min": 1,
        "stdev": 0
    },
    "silence_rate_60dB": {
        "max": 1,
        "mean": 0.433600008488,
        "min": 0,
        "stdev": 0.495571434498
    },
    "spectral_centroid": {
        "max": 10685.6679688,
        "mean": 931.975830078,
        "min": 230.005340576,
        "stdev": 732.774536133
    },
    "spectral_complexity": {
        "max": 28,
        "mean": 8.30000019073,
        "min": 0,
        "stdev": 6.03419113159
    },
    "spectral_decrease": {
        "max": -1.39278402642e-28,
        "mean": -2.94158120084e-09,
        "min": -2.76625549134e-08,
        "stdev": 4.39004166353e-09
    },
    "spectral_energy": {
        "max": 0.11536090076,
        "mean": 0.012023543939,
        "min": 1.06801562115e-20,
        "stdev": 0.0179875958711
    },
    "spectral_energyband_high": {
        "max": 0.00935116317123,
        "mean": 0.000198754234589,
        "min": 7.6426326799e-21,
        "stdev": 0.000646409171168
    },
    "spectral_energyband_low": {
        "max": 0.00824343785644,
        "mean": 0.000471016945085,
        "min": 3.06196013263e-23,
        "stdev": 0.000743248907384
    },
    "spectral_energyband_middle_high": {
        "max": 0.0575230680406,
        "mean": 0.00448211561888,
        "min": 1.77180936103e-21,
        "stdev": 0.00952151138335
    },
    "spectral_energyband_middle_low": {
        "max": 0.0811124294996,
        "mean": 0.00708397431299,
        "min": 3.35959526957e-22,
        "stdev": 0.0110636157915
    },
    "spectral_entropy": {
        "max": 9.79784107208,
        "mean": 6.91959238052,
        "min": 5.13636350632,
        "stdev": 0.709942221642
    },
    "spectral_flux": {
        "max": 0.291767597198,
        "mean": 0.0425415113568,
        "min": 1.0334483963e-10,
        "stdev": 0.0437852293253
    },
    "spectral_kurtosis": {
        "max": 297.267486572,
        "mean": 18.4973468781,
        "min": -1.14636147022,
        "stdev": 33.265789032
    },
    "spectral_rms": {
        "max": 0.0106088276953,
        "mean": 0.00266803847626,
        "min": 3.22795045901e-12,
        "stdev": 0.002147519961
    },
    "spectral_rolloff": {
        "max": 18389.3554688,
        "mean": 1180.86584473,
        "min": 193.798828125,
        "stdev": 1297.55603027
    },
    "spectral_skewness": {
        "max": 12.8282213211,
        "mean": 2.71055579185,
        "min": -0.208894208074,
        "stdev": 1.74547672272
    },
    "spectral_spread": {
        "max": 39446964,
        "mean": 3522744,
        "min": 367110.5,
        "stdev": 2019505
    },
    "spectral_strongpeak": {
        "max": 10.1433229446,
        "mean": 0.972706735134,
        "min": 2.01139577216e-10,
        "stdev": 1.45494008064
    },
    "zerocrossingrate": {
        "max": 0.4892578125,
        "mean": 0.0472132824361,
        "min": 0.00830078125,
        "stdev": 0.0381685458124
    },
    "barkbands": {
        "max": [0.000290932832286, 0.00206786952913, 0.00322038843296, 0.00584790483117, 0.0362984240055, 0.040925309062, 0.0139943547547, 0.0537593662739, 0.0533015616238, 0.0302371904254, 0.0286516360939, 0.0518198683858, 0.0304454024881, 0.0335969589651, 0.0164201743901, 0.010904670693, 0.00868399161845, 0.00131670571864, 0.00221551978029, 0.0026067388244, 0.00126314081717, 0.0014341698261, 0.00328873004764, 0.0036745404359, 0.00429602665827, 0.000846314826049, 3.0451483326e-05],
        "mean": [7.94325296738e-06, 8.36478502606e-05, 0.000246452254942, 0.000318733043969, 0.00200066901743, 0.00124636269175, 0.000336561613949, 0.00209575262852, 0.000913264870178, 0.00157924718224, 0.000489949423354, 0.00103424687404, 0.000461667164927, 0.000387297506677, 0.00021111969545, 0.000150083578774, 0.000140987831401, 3.56738528353e-05, 5.0763344916e-05, 4.86981007271e-05, 3.53501054633e-05, 5.01852700836e-05, 2.63963065663e-05, 3.03069737129e-05, 2.90441548714e-05, 1.28551018861e-05, 2.86573623498e-07],
        "min": [4.88085794215e-24, 5.98355611446e-24, 1.10827636554e-23, 1.16550806645e-23, 2.4881436568e-23, 8.7561017192e-23, 1.03133876146e-22, 4.40208114049e-23, 4.96797303521e-23, 7.52529506023e-23, 2.28908072893e-22, 6.86620114283e-23, 1.77611515318e-22, 7.26481823804e-23, 9.18682166671e-23, 2.80564956886e-22, 2.09873919479e-22, 2.0415313806e-22, 2.27335071626e-22, 4.18796258136e-22, 5.0742173899e-22, 5.52181378586e-22, 6.4314039835e-22, 7.6642146016e-22, 1.40078099098e-21, 1.62124259763e-21, 1.99511601663e-21],
        "stdev": [2.32625134231e-05, 0.00023440309451, 0.000415202463046, 0.000595120189246, 0.00344673660584, 0.00383705738932, 0.000921475351788, 0.00591434817761, 0.00303701055236, 0.00438232440501, 0.00223328964785, 0.00404018070549, 0.00205801823176, 0.00156966003124, 0.00094130076468, 0.000633549818303, 0.00055773317581, 9.00391314644e-05, 0.00014625552285, 0.000160287920153, 0.000103128521005, 0.000150522071635, 0.000156334150233, 0.000170120751136, 0.000157416929142, 4.59075272374e-05, 1.66132440427e-06]
    },
    "erbbands": {
        "max": [0.0656177401543, 0.512187421322, 3.00761985779, 15.8861446381, 50.2509727478, 158.952911377, 481.446868896, 399.555023193, 106.47177124, 1100.69812012, 998.590698242, 782.180297852, 1932.10571289, 1302.43652344, 1436.81298828, 2637.81079102, 1650.14257812, 1851.21679688, 649.661376953, 1079.09375, 397.19152832, 492.72177124, 105.992240906, 58.9650535583, 172.796310425, 90.8192596436, 42.8699150085, 56.4384040833, 55.3883132935, 51.0254325867, 106.664161682, 75.4102325439, 59.1630554199, 59.6029853821, 22.0799217224, 6.90151882172, 1.10864984989, 0.143267899752, 0.00397676415741, 0.000225331343245],
        "mean": [0.00227869348601, 0.0232010968029, 0.224956765771, 0.747025191784, 2.92944025993, 6.75818729401, 15.2932281494, 6.26422166824, 4.68916463852, 11.9243354797, 53.6701812744, 23.9514751434, 23.6893157959, 57.0876693726, 24.9118251801, 46.4874763489, 24.0537414551, 23.1588668823, 12.4377851486, 11.4074344635, 7.73415994644, 6.77519750595, 2.82500004768, 1.56060218811, 3.47461915016, 2.16642308235, 1.11291003227, 1.9750970602, 1.96572124958, 0.862661898136, 0.742065548897, 0.764777719975, 0.409957557917, 0.320159763098, 0.207787379622, 0.0793033093214, 0.0187377370894, 0.00217464752495, 6.46062835585e-05, 1.68069327628e-05],
        "min": [4.30107715724e-22, 5.34417442691e-22, 7.81058831055e-21, 3.69766374359e-20, 3.06151015375e-20, 8.38944994945e-20, 4.69364768535e-19, 6.95251715501e-19, 1.54656563262e-18, 9.65500513813e-19, 8.93067926487e-19, 9.05764321709e-19, 1.95059155966e-18, 5.49495874124e-18, 7.51394407549e-18, 3.611683967e-18, 8.31716374724e-18, 3.44619242339e-18, 4.2538342027e-18, 7.3419963872e-18, 1.60033425427e-17, 1.29193931891e-17, 1.20857465057e-17, 8.57888617459e-18, 1.27591699588e-17, 2.05169743235e-17, 2.18552317862e-17, 2.06964394292e-17, 2.0287186858e-17, 1.76078198138e-17, 2.02584737646e-17, 1.4396435015e-17, 1.39471071975e-17, 1.47310428076e-17, 1.09406051103e-17, 6.25803120196e-18, 2.51939031377e-18, 1.33218254493e-18, 2.89466685484e-19, 2.97243314153e-20],
        "stdev": [0.00861042365432, 0.0527116283774, 0.383807063103, 1.21308755875, 5.12565803528, 13.0242176056, 47.5147209167, 21.254737854, 10.9616832733, 41.7201194763, 151.076416016, 61.3511962891, 80.2900390625, 171.217071533, 95.9164505005, 185.748031616, 100.742675781, 91.9443359375, 41.3546867371, 59.3892402649, 29.0321483612, 22.5835075378, 6.87098169327, 4.26111936569, 10.5986089706, 6.87598276138, 3.42032599449, 5.91102266312, 5.85191392899, 3.16404104233, 4.67489910126, 3.8814997673, 2.75786781311, 2.0657684803, 0.965690970421, 0.298878014088, 0.0684323385358, 0.00932841841131, 0.000270490563707, 2.5956731406e-05]
    },
    "gfcc": {
        "mean": [-139.948043823, 126.31312561, -130.107131958, -1.62911820412, -66.2329940796, 4.38399744034, -43.3343429565, -3.77086043358, -29.0991477966, -9.2562122345, -21.9119911194, -8.71710586548, -7.0575633049],
        "cov": [[15844.1923828, -5983.83544922, -1202.79956055, -20.3300914764, -2205.30224609, 1368.93811035, -796.168212891, 895.25579834, -601.901794434, 835.77545166, -627.09173584, 682.96875, -373.700958252], [-5983.83544922, 4207.76611328, 1057.97143555, -569.378479004, 1429.29577637, -810.963928223, 393.264923096, -614.758789062, 241.775238037, -497.960327148, 227.722427368, -308.948425293, 148.214996338], [-1202.79956055, 1057.97143555, 1427.03869629, -160.268814087, 322.164916992, -295.791168213, -186.02053833, -282.179656982, -101.434509277, -67.563659668, -138.148391724, 20.455991745, -34.0082740784], [-20.3300914764, -569.378479004, -160.268814087, 775.002563477, -231.934326172, 57.7764511108, 4.92446327209, 75.2819595337, 56.9930992126, 46.3278846741, 37.4655647278, -44.6918716431, 68.6307144165], [-2205.30224609, 1429.29577637, 322.164916992, -231.934326172, 796.30291748, -270.286987305, 127.970748901, -173.061782837, 111.252426147, -131.080459595, 61.1053161621, -78.7272949219, 33.1601600647], [1368.93811035, -810.963928223, -295.791168213, 57.7764511108, -270.286987305, 422.86618042, -5.16179704666, 186.710403442, 18.6345405579, 97.612701416, -9.73222827911, 59.8493499756, -31.1371231079], [-796.168212891, 393.264923096, -186.02053833, 4.92446327209, 127.970748901, -5.16179704666, 408.767303467, -5.43192529678, 24.5949478149, -44.6438789368, 102.843765259, -42.7696800232, -15.3936481476], [895.25579834, -614.758789062, -282.179656982, 75.2819595337, -173.061782837, 186.710403442, -5.43192529678, 302.941375732, -7.12886095047, 82.7472381592, 26.8530693054, 2.83469033241, 1.79101800919], [-601.901794434, 241.775238037, -101.434509277, 56.9930992126, 111.252426147, 18.6345405579, 24.5949478149, -7.12886095047, 190.635559082, -44.8705635071, 35.4625854492, -42.8525505066, 31.6600151062], [835.77545166, -497.960327148, -67.563659668, 46.3278846741, -131.080459595, 97.612701416, -44.6438789368, 82.7472381592, -44.8705635071, 173.97052002, -50.1894569397, 42.6735725403, -23.5988712311], [-627.09173584, 227.722427368, -138.148391724, 37.4655647278, 61.1053161621, -9.73222827911, 102.843765259, 26.8530693054, 35.4625854492, -50.1894569397, 168.085708618, -67.7556686401, 32.1545219421], [682.96875, -308.948425293, 20.455991745, -44.6918716431, -78.7272949219, 59.8493499756, -42.7696800232, 2.83469033241, -42.8525505066, 42.6735725403, -67.7556686401, 154.991699219, -41.6929512024], [-373.700958252, 148.214996338, -34.0082740784, 68.6307144165, 33.1601600647, -31.1371231079, -15.3936481476, 1.79101800919, 31.6600151062, -23.5988712311, 32.1545219421, -41.6929512024, 121.48349762]],
        "icov": [[0.000199695699848, 3.45141343132e-05, 0.000108230749902, 8.59024803503e-05, 0.000198114808882, -0.000242762442213, 0.000196478213184, -0.000148139093653, 0.000311110692564, -0.000177733032615, 0.000345243111951, -0.000213908831938, 0.00018433664809], [3.45141343132e-05, 0.00223339092918, -0.00106270494871, 0.00104150583502, -0.00157370918896, 0.00109090667684, -0.00144857831765, 0.00121095310897, -0.0014189153444, 0.00156919262372, -0.0010443048086, 0.00139551970642, -0.00156682345551], [0.000108230749902, -0.00106270494871, 0.00176045205444, -0.000575910147745, 0.000349819631083, -0.000531950383447, 0.00138619262725, -5.65615955566e-05, 0.00171286810655, -0.000613321433775, 0.00137874612119, -0.000648445158731, 0.00123930047266], [8.59024803503e-05, 0.00104150583502, -0.000575910147745, 0.00220554159023, 0.000117687639431, 0.000706164923031, -0.000861048058141, 0.00039614745765, -0.00144918367732, 6.91939349053e-05, -0.000634839350823, 0.000842549896333, -0.00153141701594], [0.000198114808882, -0.00157370918896, 0.000349819631083, 0.000117687639431, 0.00389922573231, 8.80412917468e-05, 0.000447814003564, -0.000976798706688, -0.000463541859062, -0.00141563406214, 0.000644670624752, -0.00115710031241, 0.000868303119205], [-0.000242762442213, 0.00109090667684, -0.000531950383447, 0.000706164923031, 8.80412917468e-05, 0.00533973332494, -0.00133152317721, -0.000970977474935, -0.00284537952393, 2.251683145e-05, -0.00114110659342, -0.000269640411716, -0.000480002141558], [0.000196478213184, -0.00144857831765, 0.00138619262725, -0.000861048058141, 0.000447814003564, -0.00133152317721, 0.00460214912891, -0.000539389206097, 0.0019700890407, -0.000862968212459, -0.00046139335609, -0.000909191090614, 0.00250283302739], [-0.000148139093653, 0.00121095310897, -5.65615955566e-05, 0.00039614745765, -0.000976798706688, -0.000970977474935, -0.000539389206097, 0.00636956840754, -0.000367630651454, -0.00052892282838, -0.00187748204917, 0.00168939272407, -0.00124744419008], [0.000311110692564, -0.0014189153444, 0.00171286810655, -0.00144918367732, -0.000463541859062, -0.00284537952393, 0.0019700890407, -0.000367630651454, 0.00929675996304, 0.000420842785388, 0.00166507484391, -1.83323936653e-05, 0.000850555254146], [-0.000177733032615, 0.00156919262372, -0.000613321433775, 6.91939349053e-05, -0.00141563406214, 2.251683145e-05, -0.000862968212459, -0.00052892282838, 0.000420842785388, 0.00995283853263, 0.00112433300819, 0.000763786199968, -0.000593108590692], [0.000345243111951, -0.0010443048086, 0.00137874612119, -0.000634839350823, 0.000644670624752, -0.00114110659342, -0.00046139335609, -0.00187748204917, 0.00166507484391, 0.00112433300819, 0.0108309900388, 0.00160636776127, 5.05013886141e-05], [-0.000213908831938, 0.00139551970642, -0.000648445158731, 0.000842549896333, -0.00115710031241, -0.000269640411716, -0.000909191090614, 0.00168939272407, -1.83323936653e-05, 0.000763786199968, 0.00160636776127, 0.0103229051456, 0.000359270168701], [0.00018433664809, -0.00156682345551, 0.00123930047266, -0.00153141701594, 0.000868303119205, -0.000480002141558, 0.00250283302739, -0.00124744419008, 0.000850555254146, -0.000593108590692, 5.05013886141e-05, 0.000359270168701, 0.0116708455607]]
    },
    "melbands": {
        "max": [0.000526165706106, 0.00119779235683, 0.00225085671991, 0.008107223548, 0.0134325968102, 0.00835950579494, 0.00157813832629, 0.01330900006, 0.00969305541366, 0.00558128254488, 0.00944875087589, 0.00525233894587, 0.0042215292342, 0.00578966503963, 0.00430741114542, 0.00348060647957, 0.0032360246405, 0.000919892510865, 0.00120499741752, 0.00104339863174, 0.000492299383041, 0.000709246145561, 0.000277696584817, 3.90117093048e-05, 5.45164839423e-05, 7.3980401794e-05, 0.000160425814101, 7.06989812898e-05, 2.74681187875e-05, 4.01278157369e-05, 3.79653465643e-05, 4.02044825023e-05, 3.38559075317e-05, 3.66409476555e-05, 6.35136602796e-05, 5.89475057495e-05, 3.79166267521e-05, 4.65152916149e-05, 5.80590603931e-05, 4.86313037982e-05],
        "mean": [2.10578491533e-05, 8.95147386473e-05, 0.000183659576578, 0.000355874770321, 0.000480739021441, 0.00015469014761, 7.08716470399e-05, 0.000176057350473, 0.000429243140388, 0.000124429410789, 0.000117091396532, 0.000242516296566, 7.5200725405e-05, 0.000112559508125, 7.86505333963e-05, 5.28747987119e-05, 3.89330743928e-05, 1.97364388441e-05, 1.37665301736e-05, 1.42161534313e-05, 8.51279037306e-06, 7.52127925807e-06, 4.81615916215e-06, 1.26601696593e-06, 1.14073986879e-06, 2.11555084206e-06, 2.79255914393e-06, 1.0970029507e-06, 6.17478576714e-07, 7.96185531726e-07, 1.2585070408e-06, 1.33242292577e-06, 5.76853892653e-07, 4.42406388856e-07, 4.06435646028e-07, 4.80406015413e-07, 4.58505155621e-07, 2.75027701946e-07, 2.72826866876e-07, 2.69951641485e-07],
        "min": [2.96197528666e-24, 3.36427166858e-24, 5.74208579138e-24, 3.10625025483e-24, 1.38328637219e-23, 1.64409814473e-23, 2.36268605834e-23, 1.06504978561e-23, 6.46463347118e-24, 6.70236104371e-24, 9.91216112526e-24, 2.10635501574e-23, 2.94223408195e-23, 9.4393376202e-24, 1.78259640282e-23, 1.33389878859e-23, 5.6060329232e-24, 6.75313686473e-24, 7.96598605182e-24, 1.35345244162e-23, 2.001734547e-23, 1.33956312543e-23, 1.13695319494e-23, 1.04048568254e-23, 6.01134926188e-24, 9.7476094736e-24, 8.50018056873e-24, 1.50951216341e-23, 1.55613179187e-23, 8.44940001454e-24, 1.34734255614e-23, 1.16542010845e-23, 1.07863191936e-23, 9.15891492333e-24, 1.11310569312e-23, 1.13469634278e-23, 7.71405937743e-24, 1.00078609971e-23, 9.86225147351e-24, 1.27156576087e-23],
        "stdev": [6.77715506754e-05, 0.00014749422553, 0.000281463027932, 0.000599003164098, 0.00134302617516, 0.000493766041473, 0.000169897408341, 0.000586293986998, 0.00118728994858, 0.000369788816897, 0.00040581880603, 0.000736605899874, 0.000321252155118, 0.000422960176365, 0.000317171477946, 0.000216584347072, 0.000158424751135, 7.06462524249e-05, 6.32832307019e-05, 7.12228138582e-05, 3.3570380765e-05, 3.10141695081e-05, 1.4611282495e-05, 2.92733307106e-06, 3.68606470147e-06, 6.055742233e-06, 9.62784361036e-06, 4.04557931688e-06, 1.99276792046e-06, 2.58587806456e-06, 3.92235278923e-06, 4.25713233199e-06, 1.83520000974e-06, 1.87202499546e-06, 2.61340255747e-06, 2.98933105114e-06, 2.2000951958e-06, 1.92026141121e-06, 2.03117679121e-06, 1.68086546637e-06]
    },
    "melbands128": {
        "max": [0.000106315739686, 0.000564056797884, 0.000715447356924, 0.000819880340714, 0.00164555094671, 0.00186529604252, 0.00396570703015, 0.00304837035947, 0.00559843797237, 0.0107496250421, 0.00997383706272, 0.010497700423, 0.0247579384595, 0.0155278593302, 0.0146459909156, 0.00278224656358, 0.00119247951079, 0.00297241308726, 0.00333475065418, 0.0153334308416, 0.0197902396321, 0.0180425364524, 0.0152948917821, 0.0200097989291, 0.00576256681234, 0.00450988486409, 0.0263620968908, 0.00740638654679, 0.00660275807604, 0.010003419593, 0.00998631305993, 0.00798369478434, 0.00806691031903, 0.0102814240381, 0.0128594180569, 0.0107204345986, 0.012792898342, 0.0088819898665, 0.00581085449085, 0.00841232668608, 0.00692916475236, 0.00741215515882, 0.00526465848088, 0.00169731583446, 0.0016625415301, 0.00119484646711, 0.00268532335758, 0.000425878795795, 0.00311541394331, 0.00305822654627, 0.00176471611485, 0.000358607998351, 0.000739712384529, 0.000988889485598, 0.0012733504409, 0.00158025533892, 0.000327023735736, 0.000630951777566, 0.000181644689292, 0.00012056012929, 7.5706782809e-05, 4.0390794311e-05, 7.93886720203e-05, 0.000115490023745, 0.000156825175509, 9.47096268646e-05, 0.000126726969029, 0.000463560310891, 0.000209751087823, 0.000140331612783, 0.00018283863028, 2.42444475589e-05, 3.20792169077e-05, 3.60764715879e-05, 3.612794535e-05, 3.19924256473e-05, 6.71583402436e-05, 5.50845143152e-05, 2.80317817669e-05, 9.49714813032e-05, 4.76631030324e-05, 6.08900445513e-05, 2.01360635401e-05, 3.8911082811e-05, 6.27765111858e-05, 3.412021033e-05, 5.49061405763e-05, 5.41839144717e-05, 6.31407965557e-05, 7.96719468781e-05, 6.12419316894e-05, 6.99481461197e-05, 6.14677774138e-05, 3.80573874281e-05, 4.18122072006e-05, 3.51837370545e-05, 6.90988090355e-05, 4.13540074078e-05, 6.48727582302e-05, 7.19691161066e-05, 4.69838196295e-05, 4.68534271931e-05, 4.08147097914e-05, 4.61753807031e-05, 3.03749820887e-05, 1.19173946587e-05, 2.17586348299e-05, 1.30147263917e-05, 1.22240899145e-05, 9.46638465393e-06, 5.52497340323e-06, 4.8321662689e-06, 5.15391866429e-06, 2.48053243013e-06, 1.67016742125e-06, 3.10190102937e-06, 9.13302244498e-07, 2.81525501578e-07, 1.84036665019e-07, 1.2679409167e-07, 6.44178825837e-08, 7.21768813605e-08, 1.12011498743e-07, 1.30221415873e-08, 1.29228538981e-08, 1.27999166821e-08, 1.27546373463e-08, 1.27093695568e-08],
        "mean": [3.99231248593e-06, 1.75838995347e-05, 2.44406783168e-05, 3.46905180777e-05, 9.22355757211e-05, 0.000126411920064, 0.000135354755912, 0.000172339874553, 0.000284178357106, 0.000410482316511, 0.00034157911432, 0.000443634547992, 0.000687772117089, 0.000306505098706, 0.000121158991533, 8.89611110324e-05, 4.87640718347e-05, 8.81760788616e-05, 6.16028264631e-05, 9.17558645597e-05, 0.000210218306165, 0.000484783260617, 0.000585765286814, 0.00019755413814, 0.000153489309014, 6.33877716609e-05, 0.000105009901745, 9.05566121219e-05, 0.000125262857182, 0.000366352294805, 0.000252394063864, 6.21426006546e-05, 7.99110493972e-05, 6.04169435974e-05, 7.69719990785e-05, 0.00012708477152, 0.00019291244098, 4.10941975133e-05, 4.64883851237e-05, 5.25596442458e-05, 3.7484573113e-05, 8.42041190481e-05, 4.44122306362e-05, 1.19620453916e-05, 2.30976274906e-05, 2.00863487407e-05, 2.09230547625e-05, 6.41409542368e-06, 1.60755098477e-05, 1.87111218111e-05, 1.59044393513e-05, 6.51958134767e-06, 7.41447502151e-06, 9.72786801867e-06, 1.02582507679e-05, 6.52751486996e-06, 5.5625969253e-06, 7.86574310041e-06, 3.38347581419e-06, 1.42180908824e-06, 1.27327484734e-06, 1.02733770291e-06, 8.48234094519e-07, 1.16923558835e-06, 1.6478378484e-06, 1.56694522957e-06, 2.85081273432e-06, 3.30874536303e-06, 3.09678875965e-06, 1.68103815668e-06, 1.18676337024e-06, 6.45231637009e-07, 5.83800783716e-07, 6.44882732104e-07, 5.78043284349e-07, 7.05921308963e-07, 7.59963143082e-07, 1.40589872899e-06, 1.00125203062e-06, 1.75566117377e-06, 1.27895827973e-06, 1.43006570852e-06, 6.8498826522e-07, 5.09153949224e-07, 4.46687977274e-07, 4.13467745375e-07, 4.66608014449e-07, 4.54266370298e-07, 3.72898426804e-07, 4.1096905079e-07, 4.00079642304e-07, 5.47199817902e-07, 5.22123286828e-07, 5.10403822318e-07, 3.88673242924e-07, 2.7543146075e-07, 2.58794642605e-07, 2.46844933827e-07, 2.92197825047e-07, 2.7697788596e-07, 2.50407794056e-07, 2.75500411817e-07, 2.79555735005e-07, 2.78248450059e-07, 2.61795037204e-07, 1.88264152712e-07, 1.9110325411e-07, 1.61212682315e-07, 1.33711466788e-07, 1.15664398948e-07, 8.42820924163e-08, 6.50420304282e-08, 5.84867443365e-08, 4.03785982428e-08, 2.83855268179e-08, 2.79377481149e-08, 9.00374530488e-09, 8.79898764961e-10, 6.10858974515e-10, 5.72271841026e-10, 3.37905287084e-10, 2.94921115307e-10, 1.96167096456e-10, 1.55684493075e-11, 1.3068694564e-11, 1.2251541795e-11, 1.18274062419e-11, 1.17291593105e-11],
        "min": [4.48169511297e-24, 4.861746209e-24, 1.75068094442e-24, 4.00697114338e-25, 1.76014037275e-24, 6.82840681686e-24, 8.96518172906e-24, 3.95221522326e-24, 3.46422310628e-24, 7.89293200997e-25, 3.95370025392e-24, 9.44416150463e-24, 1.72196171375e-23, 1.98504272356e-23, 1.25650822057e-23, 1.69768893701e-23, 2.09651965575e-23, 3.13613767018e-23, 1.95613964885e-23, 5.36238534402e-24, 1.06502043998e-23, 1.18069647877e-23, 4.93072933415e-24, 2.47407093046e-24, 3.12387301303e-24, 9.66624872642e-24, 1.26906120638e-23, 7.66998335208e-24, 8.62848642838e-24, 1.58249489224e-23, 1.90051201772e-23, 4.48560604868e-23, 2.95107374171e-23, 2.52335493662e-23, 1.04156279322e-23, 6.18576759131e-24, 2.97716125352e-24, 1.78716169865e-23, 2.60793644511e-23, 2.4805939424e-23, 5.97861113988e-24, 4.58605628314e-24, 5.55991059266e-24, 6.67916695537e-24, 6.64310575681e-24, 8.23660951852e-24, 3.24060016953e-24, 9.20186129987e-24, 8.87821849173e-24, 9.17227270504e-24, 8.00099017677e-24, 3.12152796621e-23, 1.0038861653e-23, 2.81936363171e-23, 1.20909673354e-23, 1.17300374388e-23, 1.43309852074e-23, 9.05053805673e-24, 1.4883415033e-23, 6.74996091073e-24, 1.66319694056e-23, 5.1361258369e-24, 3.0120647987e-24, 7.55100813921e-24, 8.62414138252e-24, 1.06630975425e-23, 1.00289961585e-23, 8.22506059487e-24, 6.28487928658e-24, 1.15344945976e-23, 1.83422166927e-23, 1.18943319218e-23, 1.75972669409e-23, 1.85949125065e-23, 1.15641352573e-23, 7.07519564018e-24, 5.61263371683e-24, 1.39771810914e-23, 1.53596156516e-23, 1.28130014667e-23, 1.26281950224e-23, 1.06280011208e-23, 9.26705592052e-24, 1.4232895087e-23, 7.56993370119e-24, 1.04865488942e-23, 9.51146080618e-24, 6.3036719255e-24, 1.10629174928e-23, 1.5943551004e-23, 1.08983082543e-23, 1.1377746358e-23, 9.29415881464e-24, 6.04644055595e-24, 7.31073215153e-24, 1.06834974855e-23, 1.09890966781e-23, 8.95497781325e-24, 7.23070931245e-24, 1.09037648052e-23, 1.67084636699e-23, 1.22541282252e-23, 1.00382834179e-23, 1.14311577633e-23, 1.43227494995e-23, 1.31593082487e-23, 1.01853767889e-23, 1.07787887274e-23, 1.31773692191e-23, 9.43646695536e-24, 8.22957524583e-24, 7.54404249742e-24, 7.24870638514e-24, 5.74352112379e-24, 1.19543066499e-23, 1.43588162201e-23, 1.08195641587e-23, 6.9641445351e-24, 9.75982892902e-24, 9.76222391073e-24, 8.58081083071e-24, 7.74243075989e-24, 9.61302507e-24, 1.23574611152e-23, 4.69763671388e-24, 6.48293741077e-24, 1.18228469243e-23, 9.290578175e-24],
        "stdev": [1.05716844701e-05, 7.3139941378e-05, 9.11677998374e-05, 7.79829497333e-05, 0.000185223383596, 0.000210623678868, 0.000264667643933, 0.000348066707375, 0.000595289166085, 0.00077398418216, 0.00084479956422, 0.00115362426732, 0.00235559232533, 0.00117044360377, 0.000680975557771, 0.00026894515031, 0.000124740414321, 0.000287590519292, 0.000206006297958, 0.000526282936335, 0.00098222005181, 0.00150083086919, 0.0020009977743, 0.000791099097114, 0.000591967662331, 0.000272182951448, 0.000898382160813, 0.000430700398283, 0.000479780108435, 0.00124863884412, 0.000891434494406, 0.000362219638191, 0.000488520308863, 0.000470721657621, 0.000525403302163, 0.000568386516534, 0.000959192635491, 0.000319124723319, 0.000311904441332, 0.000389004067983, 0.000246466544922, 0.000420022028266, 0.000235870131291, 6.3783954829e-05, 0.000119491203805, 8.43589368742e-05, 0.000128000072436, 2.12092054426e-05, 0.000136589354952, 0.000133500740048, 0.00011204060138, 2.34133458434e-05, 3.75442905352e-05, 5.4403059039e-05, 6.71938396408e-05, 4.88002769998e-05, 1.92696825252e-05, 3.22148953273e-05, 1.28059155031e-05, 5.46104092791e-06, 3.8752978071e-06, 2.65231460617e-06, 3.48128969563e-06, 5.06075957674e-06, 7.93343679106e-06, 5.26492158315e-06, 9.44328712649e-06, 1.83870924957e-05, 1.21335033327e-05, 6.85768691255e-06, 7.66898301663e-06, 2.13589396481e-06, 2.13208954847e-06, 2.28969429372e-06, 2.21940217671e-06, 2.53434541264e-06, 3.17319995702e-06, 4.89517469759e-06, 3.08361927637e-06, 7.33764181859e-06, 4.04491720474e-06, 5.21479341842e-06, 1.97076860786e-06, 1.99552482627e-06, 2.22484504775e-06, 1.65643734817e-06, 2.38110851569e-06, 2.53707298725e-06, 2.39128644353e-06, 3.45578291672e-06, 2.8361432669e-06, 3.53054178959e-06, 2.59302282757e-06, 2.39564019466e-06, 2.16130138142e-06, 1.72808734078e-06, 2.32403840528e-06, 1.83566965006e-06, 2.22245012083e-06, 2.34779099628e-06, 1.68026019765e-06, 1.60980687269e-06, 1.61799130183e-06, 1.63831805366e-06, 1.33530636504e-06, 7.28040845388e-07, 8.40349343889e-07, 5.98629526394e-07, 5.21659842434e-07, 4.60795632762e-07, 3.22942838693e-07, 2.72820841474e-07, 2.58889258475e-07, 1.70777710196e-07, 1.22370607869e-07, 1.56029415166e-07, 5.03227717275e-08, 9.83027170776e-09, 6.67264554721e-09, 5.63935165232e-09, 3.24489612957e-09, 3.4169782559e-09, 3.34636873767e-09, 3.69649838516e-10, 3.65314806183e-10, 3.6185904273e-10, 3.6058944719e-10, 3.593111364e-10]
    },
    "mfcc": {
        "mean": [-778.353210449, 159.059921265, -6.90316867828, -4.72043132782, -6.27829551697, -1.17160964012, -8.90160274506, -3.93903899193, -3.72955584526, -6.15521907806, -8.18312644958, -11.0511817932, -6.25307130814],
        "cov": [[13829.3769531, -4642.34130859, -984.458251953, -1066.94140625, -1089.76831055, 52.9646263123, -286.996520996, 95.5877609253, 168.168655396, -108.765197754, 192.454605103, 385.543334961, 35.3481559753], [-4642.34130859, 3338.49780273, 582.663024902, 167.964828491, 531.874938965, 81.6047210693, 67.9204330444, -76.6012649536, -73.1854248047, -158.091964722, -91.3648834229, -223.526992798, -3.8421933651], [-984.458251953, 582.663024902, 980.600585938, 200.404632568, 179.024719238, 32.4388694763, -62.8731613159, -161.43321228, -5.11810255051, -183.392807007, -45.4559669495, -96.9601593018, -9.45552539825], [-1066.94140625, 167.964828491, 200.404632568, 530.983459473, 131.490341187, -27.3000926971, 17.4850997925, -54.2972831726, 6.10799646378, -13.139456749, -11.6142253876, -49.1321716309, -0.081597737968], [-1089.76831055, 531.874938965, 179.024719238, 131.490341187, 433.333068848, -14.3906745911, -79.5620574951, -58.3008346558, 28.5253582001, -12.6305103302, -30.3120937347, -50.1078643799, -7.8644952774], [52.9646263123, 81.6047210693, 32.4388694763, -27.3000926971, -14.3906745911, 219.652603149, -6.3986954689, -4.16219854355, 19.9507369995, -27.3159275055, 0.999864816666, 25.9550991058, -6.19080352783], [-286.996520996, 67.9204330444, -62.8731613159, 17.4850997925, -79.5620574951, -6.3986954689, 246.138839722, 68.3894500732, -9.83042049408, 77.0972747803, 28.1313514709, 21.9415416718, 2.70875644684], [95.5877609253, -76.6012649536, -161.43321228, -54.2972831726, -58.3008346558, -4.16219854355, 68.3894500732, 208.93145752, -15.3634405136, 62.8273010254, 41.9952468872, 15.4320831299, 25.8930149078], [168.168655396, -73.1854248047, -5.11810255051, 6.10799646378, 28.5253582001, 19.9507369995, -9.83042049408, -15.3634405136, 185.19128418, -29.3964233398, 20.8799877167, 27.2420806885, 2.36543798447], [-108.765197754, -158.091964722, -183.392807007, -13.139456749, -12.6305103302, -27.3159275055, 77.0972747803, 62.8273010254, -29.3964233398, 234.400894165, 16.0333137512, 13.8186359406, 13.3831720352], [192.454605103, -91.3648834229, -45.4559669495, -11.6142253876, -30.3120937347, 0.999864816666, 28.1313514709, 41.9952468872, 20.8799877167, 16.0333137512, 126.121520996, 18.808555603, 3.38819885254], [385.543334961, -223.526992798, -96.9601593018, -49.1321716309, -50.1078643799, 25.9550991058, 21.9415416718, 15.4320831299, 27.2420806885, 13.8186359406, 18.808555603, 115.782409668, -19.3554992676], [35.3481559753, -3.8421933651, -9.45552539825, -0.081597737968, -7.8644952774, -6.19080352783, 2.70875644684, 25.8930149078, 2.36543798447, 13.3831720352, 3.38819885254, -19.3554992676, 103.273002625]],
        "icov": [[0.000189034675714, 0.000231411162531, 2.94269066217e-05, 0.000265905982815, 0.000119476702821, -5.66609996895e-05, 0.000107795218355, 4.8146044719e-05, -3.40371771017e-05, 0.000243729155045, -0.000115619710414, -2.57137726294e-05, -9.42169135669e-05], [0.000231411162531, 0.000788460543845, -5.06616997882e-05, 0.000436081405496, -0.000498729234096, -0.000348980247509, -0.000434205983765, 2.05195628951e-05, 0.000185154291103, 0.000679945806041, -6.99272823113e-06, 0.000701312616002, -6.75076807966e-05], [2.94269066217e-05, -5.06616997882e-05, 0.00156201154459, -0.000288831332, -0.000272438046522, -0.000241989750066, -0.000197021232452, 0.000775961845648, 0.000194190462935, 0.000993854133412, -8.25706010801e-05, 0.000693302077707, -9.44009298109e-05], [0.000265905982815, 0.000436081405496, -0.000288831332, 0.00264151697047, -0.00050835183356, 7.94452134869e-05, -0.000493313884363, 0.000429076259024, -9.58346936386e-05, 0.00034327810863, -0.000223827970331, 0.000627674395218, -0.000145045967656], [0.000119476702821, -0.000498729234096, -0.000272438046522, -0.00050835183356, 0.00386429089122, 0.000434742425568, 0.00174690689892, 0.000122572979308, -0.000982741941698, -0.00100619788282, 0.000119381882541, -0.000199874833925, 0.000270515214652], [-5.66609996895e-05, -0.000348980247509, -0.000241989750066, 7.94452134869e-05, 0.000434742425568, 0.00501683587208, 0.00034715080983, -0.000134390618769, -0.000460287701571, 0.000108919433842, 7.77298919274e-05, -0.00154790631495, 4.65203011117e-05], [0.000107795218355, -0.000434205983765, -0.000197021232452, -0.000493313884363, 0.00174690689892, 0.00034715080983, 0.00596559466794, -0.0012190840207, -0.000372254493413, -0.00186113652308, -0.000600198865868, -0.00141474895645, 0.000235793660977], [4.8146044719e-05, 2.05195628951e-05, 0.000775961845648, 0.000429076259024, 0.000122572979308, -0.000134390618769, -0.0012190840207, 0.00659281248227, 0.000569094205275, -0.000446684716735, -0.0016443321947, 9.1096466349e-05, -0.00144818157423], [-3.40371771017e-05, 0.000185154291103, 0.000194190462935, -9.58346936386e-05, -0.000982741941698, -0.000460287701571, -0.000372254493413, 0.000569094205275, 0.00622806185856, 0.00108630221803, -0.0010525874095, -0.00127351703122, -0.000686685554683], [0.000243729155045, 0.000679945806041, 0.000993854133412, 0.00034327810863, -0.00100619788282, 0.000108919433842, -0.00186113652308, -0.000446684716735, 0.00108630221803, 0.00649489555508, -0.000203558098292, 0.000320728227962, -0.00067591102561], [-0.000115619710414, -6.99272823113e-06, -8.25706010801e-05, -0.000223827970331, 0.000119381882541, 7.77298919274e-05, -0.000600198865868, -0.0016443321947, -0.0010525874095, -0.000203558098292, 0.00904649123549, -0.000604077067692, 0.000113816997327], [-2.57137726294e-05, 0.000701312616002, 0.000693302077707, 0.000627674395218, -0.000199874833925, -0.00154790631495, -0.00141474895645, 9.1096466349e-05, -0.00127351703122, 0.000320728227962, -0.000604077067692, 0.012183166109, 0.00229592504911], [-9.42169135669e-05, -6.75076807966e-05, -9.44009298109e-05, -0.000145045967656, 0.000270515214652, 4.65203011117e-05, 0.000235793660977, -0.00144818157423, -0.000686685554683, -0.00067591102561, 0.000113816997327, 0.00229592504911, 0.0106142396107]]
    },
    "spectral_contrast_coeffs": {
        "max": [-0.332913190126, -0.422969311476, -0.411773204803, -0.510880887508, -0.529659867287, -0.582139790058],
        "mean": [-0.674510776997, -0.763033509254, -0.756756722927, -0.804026424885, -0.778309822083, -0.775983691216],
        "min": [-0.975169479847, -0.968535542488, -0.956931471825, -0.959945619106, -0.960189759731, -0.958989918232],
        "stdev": [0.100544311106, 0.102301381528, 0.092829041183, 0.0758934095502, 0.0723691359162, 0.064965672791]
    },
    "spectral_contrast_valleys": {
        "max": [-5.98218488693, -5.11894035339, -5.22421073914, -6.09620571136, -6.45261192322, -7.82711362839],
        "mean": [-7.93449687958, -7.49284553528, -8.12031173706, -8.6680765152, -9.59580802917, -12.2400159836],
        "min": [-26.7053127289, -27.2880554199, -27.1302013397, -27.268611908, -27.3668384552, -27.2031364441],
        "stdev": [0.972842931747, 0.901475608349, 1.0779415369, 1.16577839851, 1.54521465302, 1.95355761051]
    }
},
"rhythm": {
    "beats_count": 61,
    "beats_loudness": {
        "max": 0.0703909322619,
        "mean": 0.0125531647354,
        "min": 0.000149119601701,
        "stdev": 0.0176246520132
    },
    "bpm": 133.075332642,
    "bpm_histogram_first_peak_bpm": 133,
    "bpm_histogram_first_peak_weight": 0.461538493633,
    "bpm_histogram_second_peak_bpm": 157,
    "bpm_histogram_second_peak_spread": 0.400000035763,
    "bpm_histogram_second_peak_weight": 0.10000000149,
    "danceability": 0.865144848824,
    "onset_rate": 2.41268372536,
    "beats_loudness_band_ratio": {
        "max": [0.769437730312, 0.966325581074, 0.641352653503, 0.775327026844, 0.392693787813, 0.288797289133],
        "mean": [0.21033860743, 0.280856192112, 0.234122425318, 0.235780641437, 0.0846057236195, 0.0255378596485],
        "min": [0.00326894642785, 0.0100255925208, 0.0167604014277, 0.00219495384954, 0.00205847993493, 2.18881655201e-06],
        "stdev": [0.236968025565, 0.251905083656, 0.16429245472, 0.215659677982, 0.0986094102263, 0.0464775338769]
    },
