{
"metadata": {
    "version": {
        "essentia": "2.1-beta5",
        "essentia_git_sha": "Undefined",
        "extractor": "music 2.0"
    },
    "audio_properties": {
        "analysis": {
            "equal_loudness": 0,
            "length": 12.7477550507,
            "sample_rate": 44100,
            "start_time": 0,
            "downmix": "mix"
        },
        "bit_rate": 192000,
        "length": 193.004272461,
        "lossless": 0,
        "number_channels": 2,
        "replay_gain": 1.32203483582,
        "sample_rate": 48000,
        "codec": "mp3",
        "md5_encoded": "cabfa04359a40f7b81892866a1876f72"
    },
    "tags": {
        "file_name": "Belarus_Historyja Majho Zyccia_Naviband.mp3",
        "encoding": ["Lavf58.29.100"]
    }
},
"lowlevel": {
    "average_loudness": 0.841433405876,
    "barkbands_crest": {
        "max": 23.7291660309,
        "mean": 10.2761707306,
        "min": 2.53388381004,
        "stdev": 4.21810340881
    },
    "barkbands_flatness_db": {
        "max": 0.294602453709,
        "mean": 0.141320869327,
        "min": 0.0333768166602,
        "stdev": 0.0567679777741
    },
    "barkbands_kurtosis": {
        "max": 96.8659286499,
        "mean": 4.22666358948,
        "min": -1.65639293194,
        "stdev": 7.28533506393
    },
    "barkbands_skewness": {
        "max": 8.64329433441,
        "mean": 1.50454437733,
        "min": -1.98311710358,
        "stdev": 1.14081919193
    },
    "barkbands_spread": {
        "max": 70.4837265015,
        "mean": 17.6923446655,
        "min": 1.58222043514,
        "stdev": 11.8027219772
    },
    "dissonance": {
        "max": 0.499999910593,
        "mean": 0.482735872269,
        "min": 0.300501942635,
        "stdev": 0.0175891947001
    },
    "dynamic_complexity": 3.13996148109,
    "erbbands_crest": {
        "max": 29.8047180176,
        "mean": 9.316447258,
        "min": 3.0360262394,
        "stdev": 5.43685770035
    },
    "erbbands_flatness_db": {
        "max": 0.370679974556,
        "mean": 0.186810210347,
        "min": 0.0554697476327,
        "stdev": 0.0842876583338
    },
    "erbbands_kurtosis": {
        "max": 20.0293254852,
        "mean": 1.5324511528,
        "min": -1.67579901218,
        "stdev": 2.91313147545
    },
    "erbbands_skewness": {
        "max": 3.45050835609,
        "mean": 0.656589210033,
        "min": -1.50830888748,
        "stdev": 0.880092799664
    },
    "erbbands_spread": {
        "max": 95.7121658325,
        "mean": 27.1721954346,
        "min": 2.64840126038,
        "stdev": 17.9268245697
    },
    "hfc": {
        "max": 80.2727050781,
        "mean": 18.8081855774,
        "min": 1.24119800872e-16,
        "stdev": 15.4305763245
    },
    "loudness_ebu128": {
        "integrated": -24.8326263428,
        "loudness_range": 6.37064743042,
        "momentary": {
            "max": -20.3013553619,
            "mean": -25.6898593903,
            "min": -33.7314224243,
            "stdev": 2.88195967674
        },
        "short_term": {
            "max": -22.0074520111,
            "mean": -25.2278938293,
            "min": -29.3211994171,
            "stdev": 2.453820467
        }
    },
    "melbands_crest": {
        "max": 36.1790924072,
        "mean": 15.1869688034,
        "min": 3.62861037254,
        "stdev": 6.39411592484
    },
    "melbands_flatness_db": {
        "max": 0.376086771488,
        "mean": 0.180660024285,
        "min": 0.00787788722664,
        "stdev": 0.0499386265874
    },
    "melbands_kurtosis": {
        "max": 263.967498779,
        "mean": 11.1962690353,
        "min": -1.33587265015,
        "stdev": 18.5418739319
    },
    "melbands_skewness": {
        "max": 11.8967599869,
        "mean": 2.20444273949,
        "min": -0.509582340717,
        "stdev": 1.71087002754
    },
    "melbands_spread": {
        "max": 154.837615967,
        "mean": 20.5017089844,
        "min": 1.21328425407,
        "stdev": 15.2626142502
    },
    "pitch_salience": {
        "max": 0.8915553689,
        "mean": 0.589198172092,
        "min": 0.158787027001,
        "stdev": 0.130881130695
    },
    "silence_rate_20dB": {
        "max": 1,
        "mean": 1,
        "min": 1,
        "stdev": 0
    },
    "silence_rate_30dB": {
        "max": 1,
        "mean": 0.974545478821,
        "min": 0,
        "stdev": 0.157500758767
    },
    "silence_rate_60dB": {
        "max": 1,
        "mean": 0.0818181782961,
        "min": 0,
        "stdev": 0.274088203907
    },
    "spectral_centroid": {
        "max": 11327.5136719,
        "mean": 1500.31921387,
        "min": 288.331665039,
        "stdev": 627.555358887
    },
    "spectral_complexity": {
        "max": 49,
        "mean": 22.2090911865,
        "min": 0,
        "stdev": 10.8648691177
    },
    "spectral_decrease": {
        "max": 6.09701934183e-29,
        "mean": -7.45324069129e-09,
        "min": -6.27583958135e-08,
        "stdev": 8.69518679281e-09
    },
    "spectral_energy": {
        "max": 0.242475107312,
        "mean": 0.0298362281173,
        "min": 1.10279226511e-20,
        "stdev": 0.0338300950825
    },
    "spectral_energyband_high": {
        "max": 0.00313727953471,
        "mean": 0.00050477462355,
        "min": 7.87892360734e-21,
        "stdev": 0.000569996074773
    },
    "spectral_energyband_low": {
        "max": 0.161052763462,
        "mean": 0.0139258373529,
        "min": 2.20287653356e-22,
        "stdev": 0.0247849449515
    },
    "spectral_energyband_middle_high": {
        "max": 0.0471363849938,
        "mean": 0.00784937571734,
        "min": 1.4745440547e-21,
        "stdev": 0.00735077820718
    },
    "spectral_energyband_middle_low": {
        "max": 0.108004026115,
        "mean": 0.00863313581795,
        "min": 3.03807020586e-22,
        "stdev": 0.0123066240922
    },
    "spectral_entropy": {
        "max": 9.8061914444,
        "mean": 7.70845890045,
        "min": 6.77066230774,
        "stdev": 0.305406600237
    },
    "spectral_flux": {
        "max": 0.423216342926,
        "mean": 0.100740142167,
        "min": 1.05013914231e-10,
        "stdev": 0.0719515830278
    },
    "spectral_kurtosis": {
        "max": 18.613992691,
        "mean": 5.82894897461,
        "min": -1.1408046484,
        "stdev": 2.66035723686
    },
    "spectral_rms": {
        "max": 0.0153805427253,
        "mean": 0.00469589792192,
        "min": 3.28008366995e-12,
        "stdev": 0.00265651266091
    },
    "spectral_rolloff": {
        "max": 19250.6835938,
        "mean": 1422.05236816,
        "min": 64.599609375,
        "stdev": 1173.21801758
    },
    "spectral_skewness": {
        "max": 2.88235330582,
        "mean": 1.7936565876,
        "min": -0.0540845096111,
        "stdev": 0.350253820419
    },
    "spectral_spread": {
        "max": 38837752,
        "mean": 4008018,
        "min": 1637562.875,
        "stdev": 1895374.125
    },
    "spectral_strongpeak": {
        "max": 6.04911518097,
        "mean": 0.95087569952,
        "min": 0,
        "stdev": 1.01085889339
    },
    "zerocrossingrate": {
        "max": 0.5068359375,
        "mean": 0.0621706321836,
        "min": 0.00244140625,
        "stdev": 0.0329101979733
    },
    "barkbands": {
        "max": [0.0434205792844, 0.07346021384, 0.0947806537151, 0.0730312764645, 0.0512103624642, 0.0110070742667, 0.00421370891854, 0.00395756075159, 0.0289175547659, 0.0292933154851, 0.0151788098738, 0.00818147696555, 0.0162086747587, 0.0064288075082, 0.00311581953429, 0.00415982911363, 0.00701779359952, 0.00281202048063, 0.00241126632318, 0.00283318082802, 0.00121147325262, 0.00120178516954, 0.000999138923362, 0.000445466372184, 0.000391060457332, 0.000915535725653, 0.000257729378063],
        "mean": [0.00251409108751, 0.00646142475307, 0.00417537800968, 0.00270738825202, 0.00199362100102, 0.000323992077028, 0.000527639407665, 0.000322369887726, 0.00216439319775, 0.00258820247836, 0.0015196648892, 0.000772637198679, 0.000893244112376, 0.000608586764429, 0.000376969692297, 0.000348562374711, 0.000347327295458, 0.000289095478365, 0.000299487292068, 0.000170763523784, 0.0001009431071, 7.95698433649e-05, 6.65561165079e-05, 7.4750641943e-05, 5.83611217735e-05, 4.9240901717e-05, 1.96135306396e-06],
        "min": [1.49976578693e-23, 4.35664527671e-23, 1.36173750061e-22, 3.52743413618e-23, 5.007551449e-23, 3.11617475611e-23, 4.28261004966e-23, 3.11409153223e-23, 8.49029093511e-23, 6.42231983997e-23, 5.55128992069e-23, 1.40008106309e-22, 4.29465280024e-23, 8.97461808321e-23, 1.26619912436e-22, 1.60967143441e-22, 2.0843704405e-22, 1.38270416129e-22, 2.49096752641e-22, 3.22647997742e-22, 4.84737532479e-22, 6.90552932995e-22, 5.45161349567e-22, 6.77201165562e-22, 1.24488511244e-21, 1.86839360276e-21, 2.54346365743e-21],
        "stdev": [0.00671492377296, 0.0124553777277, 0.0120477098972, 0.00656899437308, 0.00479144882411, 0.000845034664962, 0.000617157726083, 0.000387330394005, 0.0036344199907, 0.00383877172135, 0.00195228937082, 0.00112623209134, 0.00138855166733, 0.000782358809374, 0.000390649569454, 0.000372623384465, 0.000446612131782, 0.000301910506096, 0.000344502506778, 0.000237306958297, 0.000128242390929, 0.000109489752504, 0.000108501801151, 8.17754116724e-05, 6.81026285747e-05, 7.12420805939e-05, 1.1756319509e-05]
    },
    "erbbands": {
        "max": [4.16576766968, 19.2102661133, 101.797119141, 196.186904907, 183.077102661, 214.400588989, 141.946884155, 84.0914001465, 75.9063491821, 62.2529602051, 105.78805542, 843.137451172, 723.248718262, 767.502685547, 560.651123047, 316.100616455, 774.706542969, 305.5027771, 164.644622803, 168.292633057, 200.097198486, 405.55279541, 138.14414978, 164.251037598, 114.563026428, 115.998252869, 54.4230270386, 50.2552566528, 60.4358787537, 33.4160346985, 24.6514015198, 9.2626247406, 8.4015417099, 5.98971223831, 2.73736739159, 2.00664258003, 2.02840423584, 0.749912798405, 0.0211250633001, 0.000526944408193],
        "mean": [0.249279648066, 1.22567987442, 4.53527116776, 7.45147895813, 8.56451129913, 6.06354236603, 2.72644948959, 3.08458733559, 7.11281967163, 6.68858146667, 10.2587566376, 45.1882743835, 74.9655609131, 79.1910629272, 55.1988677979, 33.8950576782, 38.9919204712, 31.5046482086, 25.9140853882, 19.7787952423, 18.5797214508, 20.4458217621, 16.549446106, 16.4667453766, 12.3197374344, 7.89704465866, 4.84264802933, 3.63012361526, 3.05477571487, 2.35662603378, 1.82695806026, 1.36947727203, 1.2970443964, 0.799440145493, 0.316224873066, 0.216203600168, 0.09348834306, 0.0104287909344, 0.000358263030648, 4.73175132356e-05],
        "min": [2.55690049562e-21, 7.10950831276e-21, 1.09009829004e-19, 1.78461283252e-19, 1.18994403061e-19, 1.29044492407e-19, 3.44840844025e-19, 1.97512764949e-19, 3.52746467634e-19, 9.27248063374e-19, 9.77340983896e-19, 1.5564905592e-18, 2.51426220756e-18, 1.39821099655e-18, 3.76174238834e-18, 5.02033822219e-18, 2.7326198981e-18, 4.11401007349e-18, 3.61315924363e-18, 9.21996107549e-18, 8.91009425494e-18, 9.71109129239e-18, 1.0591174241e-17, 1.05253885669e-17, 1.46355398428e-17, 1.46127295103e-17, 1.99036380972e-17, 1.63558488695e-17, 2.5866773207e-17, 2.18201146605e-17, 1.65516656815e-17, 1.56914607102e-17, 1.01256005963e-17, 1.36227001962e-17, 9.09542820709e-18, 6.76989842322e-18, 3.29796331198e-18, 1.32899986412e-18, 3.1776921298e-19, 4.09368453978e-20],
        "stdev": [0.603891789913, 2.56177759171, 12.709113121, 18.0989742279, 19.1508541107, 16.0211353302, 8.14091682434, 7.3926820755, 9.61818981171, 7.65076208115, 11.2637233734, 81.0563659668, 114.483856201, 97.4998779297, 71.6083297729, 46.423740387, 60.5913467407, 39.5301475525, 27.5035076141, 20.0658607483, 19.1488113403, 26.4075832367, 16.0866699219, 20.234746933, 13.9007282257, 10.6647624969, 5.90332937241, 4.91794204712, 4.59641265869, 3.53289604187, 3.01621103287, 1.585105896, 1.43991684914, 0.8722666502, 0.444101840258, 0.287417858839, 0.140829235315, 0.036341343075, 0.00116344192065, 5.91784992139e-05]
    },
    "gfcc": {
        "mean": [-16.4932518005, 76.0491867065, -153.213027954, 11.21159935, -58.9670600891, 24.2403678894, -30.2894535065, 19.0090141296, -27.1713027954, -6.01108694077, -19.0905284882, -5.00031661987, -10.1301813126],
        "cov": [[10186.1279297, -188.266616821, 3363.15966797, 1554.6920166, 1204.54504395, 651.127502441, -210.690353394, 277.844726562, -655.906921387, 727.751708984, -658.955383301, 447.499420166, -728.523620605], [-188.266616821, 353.218597412, -163.668655396, -13.7486724854, 1.05628192425, -14.1639900208, 42.3487052917, -27.5445270538, 45.0406990051, -67.956703186, 64.2493743896, -71.1898422241, 52.15807724], [3363.15966797, -163.668655396, 2577.80297852, 1119.18005371, 885.859375, 296.744232178, -113.365013123, 165.578414917, -274.688873291, 541.971435547, -308.534637451, 307.085327148, -409.806945801], [1554.6920166, -13.7486724854, 1119.18005371, 669.963134766, 399.312683105, 108.866760254, -50.6395950317, 77.2931900024, -91.1808853149, 235.419509888, -78.9767379761, 117.367012024, -185.502807617], [1204.54504395, 1.05628192425, 885.859375, 399.312683105, 411.762207031, 154.498352051, 10.2887840271, 87.293838501, -87.0500946045, 188.631637573, -100.434555054, 100.650428772, -142.895935059], [651.127502441, -14.1639900208, 296.744232178, 108.866760254, 154.498352051, 167.682174683, 37.3059043884, 69.3138046265, -33.7533569336, 79.9805221558, -50.8980445862, 47.533039093, -47.589553833], [-210.690353394, 42.3487052917, -113.365013123, -50.6395950317, 10.2887840271, 37.3059043884, 132.653793335, 41.3638305664, 52.8163299561, -33.6585350037, 32.547870636, -18.208065033, 25.6821422577], [277.844726562, -27.5445270538, 165.578414917, 77.2931900024, 87.293838501, 69.3138046265, 41.3638305664, 103.24016571, 12.0027923584, 68.638885498, -11.2480287552, 39.1070327759, -20.8921356201], [-655.906921387, 45.0406990051, -274.688873291, -91.1808853149, -87.0500946045, -33.7533569336, 52.8163299561, 12.0027923584, 131.09866333, -31.1083927155, 78.1551437378, -27.7870006561, 80.2511062622], [727.751708984, -67.956703186, 541.971435547, 235.419509888, 188.631637573, 79.9805221558, -33.6585350037, 68.638885498, -31.1083927155, 189.476593018, -53.3231124878, 95.7094192505, -76.8066177368], [-658.955383301, 64.2493743896, -308.534637451, -78.9767379761, -100.434555054, -50.8980445862, 32.547870636, -11.2480287552, 78.1551437378, -53.3231124878, 134.630340576, -22.7253780365, 72.1752319336], [447.499420166, -71.1898422241, 307.085327148, 117.367012024, 100.650428772, 47.533039093, -18.208065033, 39.1070327759, -27.7870006561, 95.7094192505, -22.7253780365, 100.604263306, -37.0321235657], [-728.523620605, 52.15807724, -409.806945801, -185.502807617, -142.895935059, -47.589553833, 25.6821422577, -20.8921356201, 80.2511062622, -76.8066177368, 72.1752319336, -37.0321235657, 125.080047607]],
        "icov": [[0.000296092126518, -0.000294081954053, 0.000148828039528, -0.000518777873367, 0.000295696780086, -0.000514939369168, -4.26398291893e-05, -0.000120302691357, 0.000648859539069, -0.000197583067347, 0.000825280149002, -0.000654313596897, 0.000488422578201], [-0.000294081954053, 0.00474159838632, -4.686048851e-05, -3.62391110684e-05, -0.00249160453677, 0.000126830345835, -4.93324114359e-05, 0.00122793240007, -0.000544400827494, 0.000917178927921, -0.00263692182489, 0.00413824571297, -0.00282111437991], [0.000148828039528, -4.686048851e-05, 0.00483189569786, -0.00377083872445, -0.00353312375955, 0.000514676619787, -0.00064099294832, 0.00175604887772, 0.00142105156556, -0.00360021158122, 0.00395118072629, -0.00335881346837, 0.00131246820092], [-0.000518777873367, -3.62391110684e-05, -0.00377083872445, 0.00871245842427, -0.00162266904954, 0.00141890894156, 0.00231526326388, -0.00133281107992, -0.00292999809608, 0.00102138018701, -0.00610521156341, 0.00329840602353, 0.00255468790419], [0.000295696780086, -0.00249160453677, -0.00353312375955, -0.00162266904954, 0.0147333433852, -0.00421129493043, -0.00372824538499, -0.00138216919731, 0.00208010198548, -0.001391703845, 0.0010800055461, -0.000571362441406, 0.00156167370733], [-0.000514939369168, 0.000126830345835, 0.000514676619787, 0.00141890894156, -0.00421129493043, 0.0134426867589, -0.00336991227232, -0.00363491591997, 0.00191170885228, -0.00212647928856, 0.00098810531199, -0.000150585896336, -0.0020203765016], [-4.26398291893e-05, -4.93324114359e-05, -0.00064099294832, 0.00231526326388, -0.00372824538499, -0.00336991227232, 0.0161692984402, -0.00632275734097, -0.00701076490805, 0.0080866701901, -0.00268958089873, 0.000775339431129, 0.00243361387402], [-0.000120302691357, 0.00122793240007, 0.00175604887772, -0.00133281107992, -0.00138216919731, -0.00363491591997, -0.00632275734097, 0.0205865241587, -0.0023384867236, -0.0071107596159, 0.000930221518502, -0.00199126428925, 0.000346433895174], [0.000648859539069, -0.000544400827494, 0.00142105156556, -0.00292999809608, 0.00208010198548, 0.00191170885228, -0.00701076490805, -0.0023384867236, 0.0222947858274, -0.00837666541338, -0.00231450074352, 0.00282768113539, -0.00880596507341], [-0.000197583067347, 0.000917178927921, -0.00360021158122, 0.00102138018701, -0.001391703845, -0.00212647928856, 0.0080866701901, -0.0071107596159, -0.00837666541338, 0.0242964345962, -0.00110906374175, -0.00707344058901, 0.00177847698797], [0.000825280149002, -0.00263692182489, 0.00395118072629, -0.00610521156341, 0.0010800055461, 0.00098810531199, -0.00268958089873, 0.000930221518502, -0.00231450074352, -0.00110906374175, 0.0202719625086, -0.0083345239982, -0.00124640460126], [-0.000654313596897, 0.00413824571297, -0.00335881346837, 0.00329840602353, -0.000571362441406, -0.000150585896336, 0.000775339431129, -0.00199126428925, 0.00282768113539, -0.00707344058901, -0.0083345239982, 0.0270937588066, -0.00617827707902], [0.000488422578201, -0.00282111437991, 0.00131246820092, 0.00255468790419, 0.00156167370733, -0.0020203765016, 0.00243361387402, 0.000346433895174, -0.00880596507341, 0.00177847698797, -0.00124640460126, -0.00617827707902, 0.0263105835766]]
    },
    "melbands": {
        "max": [0.0284998267889, 0.0396847873926, 0.034036103636, 0.0120437378064, 0.00535207381472, 0.00184158491902, 0.0010636911029, 0.000665707979351, 0.000869319017511, 0.00542839430273, 0.00393831869587, 0.00322002498433, 0.0021681250073, 0.000817269319668, 0.000984265701845, 0.00153643719386, 0.000655011448544, 0.000351665221388, 0.00017520901747, 0.000310457864543, 0.000205705262488, 0.000441919866716, 0.000227071737754, 0.000153508532094, 0.000167939811945, 8.01495552878e-05, 0.000133027904667, 5.71573618799e-05, 4.03960766562e-05, 2.50248522207e-05, 3.17580488627e-05, 3.2089476008e-05, 2.33998252952e-05, 2.13839211938e-05, 1.82899002539e-05, 8.65274250827e-06, 7.6881970017e-06, 5.99249142397e-06, 9.83190511761e-06, 5.19306286151e-06],
        "mean": [0.00208818516694, 0.00210733804852, 0.00133280432783, 0.000538082618732, 0.000116595263535, 7.15529822628e-05, 0.000104233098682, 6.83519392624e-05, 9.32599505177e-05, 0.000322629290167, 0.000385286024539, 0.000331696413923, 0.000200994050829, 9.78511961875e-05, 9.14468109841e-05, 7.89095720393e-05, 5.6238455727e-05, 4.54095061286e-05, 2.70342916338e-05, 2.57374067587e-05, 2.05234664463e-05, 2.15146483242e-05, 1.80924489541e-05, 1.24091893667e-05, 1.37192701004e-05, 9.9951375887e-06, 7.30683086658e-06, 4.69999667985e-06, 3.21835932482e-06, 2.28768703892e-06, 2.01547231882e-06, 1.77061178874e-06, 1.40907616242e-06, 1.28152805701e-06, 1.11367398858e-06, 8.63274408403e-07, 7.97732582214e-07, 6.89501518991e-07, 1.31904459977e-06, 4.73382840482e-07],
        "min": [1.69792070434e-23, 4.04786681683e-23, 2.85749559015e-23, 8.98167996603e-24, 1.05458680788e-23, 4.60586103059e-24, 6.64760226397e-24, 9.61992444748e-24, 9.39691425844e-24, 1.02697486182e-23, 1.25540428862e-23, 5.51462761012e-24, 8.96979498764e-24, 1.7775058834e-23, 8.689660225e-24, 4.6100822253e-24, 8.19908577184e-24, 5.22190459959e-24, 9.61414761907e-24, 1.34552091853e-23, 9.65152148218e-24, 8.75382538217e-24, 1.45029253303e-23, 5.99454849675e-24, 8.81205199444e-24, 8.74573876903e-24, 1.32519497068e-23, 8.03921285421e-24, 1.30679833994e-23, 1.13936229726e-23, 7.67468811851e-24, 1.40673478929e-23, 1.43834302581e-23, 1.12954823651e-23, 1.12236692015e-23, 6.1283771716e-24, 1.08864682409e-23, 7.02365146863e-24, 6.96617742966e-24, 1.36500341631e-23],
        "stdev": [0.00436400575563, 0.0052028214559, 0.00308773992583, 0.0012387499446, 0.000342204875778, 0.000161661489983, 0.00013553260942, 7.98466498964e-05, 0.000106443469122, 0.000580654654186, 0.000601384555921, 0.000429623876698, 0.000267550698482, 0.000138128423714, 0.000133972949698, 0.00012046116899, 7.30169704184e-05, 5.18853739777e-05, 2.74285921478e-05, 2.84819379885e-05, 2.1387832021e-05, 2.91497617582e-05, 1.96249984583e-05, 1.36750240927e-05, 1.91059934878e-05, 1.13047499326e-05, 1.03142037915e-05, 6.36856748315e-06, 4.10649909099e-06, 2.90899538413e-06, 2.91130777441e-06, 2.57224814959e-06, 2.15593445319e-06, 2.08968253901e-06, 2.04211642085e-06, 1.11373697109e-06, 9.80504523795e-07, 9.00227519196e-07, 1.42666669944e-06, 6.20654589056e-07]
    },
    "melbands128": {
        "max": [0.0295235197991, 0.044348295778, 0.0285291150212, 0.0401903055608, 0.0562902390957, 0.0470100678504, 0.0414311364293, 0.0347147025168, 0.0171190425754, 0.0160224922001, 0.013273187913, 0.00670989044011, 0.00518565997481, 0.00308201392181, 0.00221139797941, 0.00159185356461, 0.00150423252489, 0.00108442700002, 0.000756622175686, 0.000857733539306, 0.000652654038277, 0.000943723716773, 0.00119885045569, 0.00159319082741, 0.00730751734227, 0.00774087104946, 0.00505221728235, 0.00503224926069, 0.00983353797346, 0.00448644626886, 0.0044446256943, 0.00175088457763, 0.00374217238277, 0.00187300413381, 0.00176807586104, 0.00115027488209, 0.00143091240898, 0.00141296139918, 0.00185148091987, 0.0026712869294, 0.00115494732745, 0.00102251954377, 0.000865613459609, 0.000692082045134, 0.000829726224765, 0.000372712587705, 0.00035596836824, 0.000244664552156, 0.000219412380829, 0.000300075596897, 0.00036125376937, 0.000388285581721, 0.000195683722268, 0.000189632904949, 0.000219314359128, 0.00057292386191, 0.000542519323062, 0.000379222561605, 0.000229717697948, 9.13823023438e-05, 0.000210812926525, 0.000201751943678, 0.000112460984383, 0.000409859319916, 0.0001348273654, 0.000100923454738, 0.000174108499778, 0.000144607241964, 0.000147892336827, 0.000135069785756, 6.64473482175e-05, 7.9008153989e-05, 5.81822459935e-05, 3.98250667786e-05, 3.64563493349e-05, 2.94420788123e-05, 2.84896559606e-05, 3.4065102227e-05, 5.09528763359e-05, 1.84627115232e-05, 2.26931260841e-05, 6.69439177727e-05, 4.81020397274e-05, 1.73945281858e-05, 1.85602020792e-05, 1.78023146873e-05, 2.25903695537e-05, 3.45937369275e-05, 2.14558513107e-05, 1.51081785589e-05, 2.07039156521e-05, 7.83653831604e-06, 7.31061436454e-06, 7.73407555243e-06, 1.60355957632e-05, 5.5517821238e-06, 6.31017474007e-06, 6.52754442854e-06, 1.77946585609e-05, 9.09097343538e-06, 4.69706355943e-06, 6.84330689182e-06, 5.29291764906e-06, 4.31856324212e-06, 3.9416954678e-06, 5.22666914549e-06, 4.45858677267e-06, 4.51118103229e-06, 4.09855192629e-06, 3.63802928405e-06, 4.53602251582e-06, 8.11131394585e-06, 5.28609871253e-06, 9.38367338676e-06, 8.21390767669e-06, 5.70138536204e-06, 9.13939038583e-06, 3.00326541947e-06, 1.99368400899e-07, 2.36968659806e-07, 1.4293617312e-07, 2.6276595122e-07, 9.5108248388e-08, 9.36454327416e-08, 9.23107492667e-08, 9.12277329235e-08, 9.05231729575e-08, 9.00096921441e-08],
        "mean": [0.00181923026685, 0.00242878054269, 0.00183056655806, 0.00211913627572, 0.00238883681595, 0.00194959552027, 0.00154418754391, 0.00128657335881, 0.000806768424809, 0.000593410513829, 0.000291101838229, 0.000134626985528, 7.82749120845e-05, 7.33533670427e-05, 6.74490802339e-05, 5.36531006219e-05, 0.000125832099002, 0.00011922417616, 6.74143011565e-05, 8.44318710733e-05, 5.52929122932e-05, 6.15100798314e-05, 8.34006568766e-05, 0.000133911278681, 0.000236116669839, 0.00046179923811, 0.000412411725847, 0.000315909768688, 0.000442436721642, 0.000366321328329, 0.000314085511491, 0.000207995210076, 0.000229428405873, 0.000169320657733, 9.41597099882e-05, 9.09728332772e-05, 7.55233922973e-05, 8.54439931572e-05, 0.000115201852168, 7.53506537876e-05, 7.46149526094e-05, 7.75529988459e-05, 4.75875167467e-05, 4.68938014819e-05, 6.67599961162e-05, 4.07332372561e-05, 3.01389809465e-05, 2.588429561e-05, 2.59813023149e-05, 2.69520896836e-05, 2.63337278739e-05, 2.51018809649e-05, 1.81791892828e-05, 2.19202975131e-05, 1.83652791748e-05, 2.43962040258e-05, 2.07201137528e-05, 1.67778416653e-05, 2.18344484892e-05, 1.17779673019e-05, 1.23858417282e-05, 1.1015175005e-05, 1.27022249217e-05, 1.68560472957e-05, 1.13365467769e-05, 1.0106146874e-05, 8.18211174192e-06, 8.79746130522e-06, 6.88788577463e-06, 5.92024298385e-06, 4.86094950247e-06, 3.99035025112e-06, 3.69334043171e-06, 3.1397901239e-06, 2.65089670393e-06, 2.23878123506e-06, 2.14640499507e-06, 2.18669902097e-06, 2.1118623863e-06, 1.68323538219e-06, 1.73701198491e-06, 1.9171918666e-06, 1.6143284256e-06, 1.2755614307e-06, 1.30783109853e-06, 1.33225159971e-06, 1.21746575132e-06, 1.30113164687e-06, 1.15549153179e-06, 9.22967558381e-07, 9.3214532626e-07, 7.03348575826e-07, 1.02101819266e-06, 8.37756374494e-07, 6.8002992748e-07, 5.82229631618e-07, 6.08044445016e-07, 8.07298476957e-07, 2.13228122448e-06, 1.02651051748e-06, 3.87675783031e-07, 4.38836281091e-07, 4.95149890867e-07, 3.94464308329e-07, 3.03629320797e-07, 3.00034116663e-07, 3.36467479656e-07, 3.1809486245e-07, 4.30519236261e-07, 3.20685899169e-07, 4.51326371831e-07, 6.48043169349e-07, 1.7027916499e-07, 1.46037038462e-07, 1.35367955068e-07, 1.22417390003e-07, 5.78908974092e-08, 1.31969821737e-08, 3.57305784959e-09, 3.92190147025e-09, 4.08538669561e-09, 4.96317520415e-09, 1.48046153114e-09, 1.96391694574e-10, 1.7182326395e-10, 1.69252611926e-10, 1.67655916927e-10, 1.66663932655e-10],
        "min": [1.4647603998e-23, 2.71201133765e-23, 1.31312666101e-23, 6.70478442441e-24, 4.05905791318e-23, 7.32900248564e-23, 4.03377460562e-23, 1.2860662076e-23, 1.14880827551e-23, 1.08539261509e-23, 4.28620788648e-24, 1.06053300472e-23, 1.62209176537e-23, 4.95323987451e-24, 3.95727773812e-24, 4.65883698468e-24, 3.85485598249e-24, 4.50671423101e-24, 1.3629754127e-23, 1.04704119555e-23, 9.45417136066e-24, 3.85051330321e-24, 9.40330087632e-24, 1.56059011816e-23, 8.88315754986e-24, 7.13685774169e-24, 1.37083578053e-23, 1.53483996272e-23, 1.07778302614e-23, 4.92200887127e-24, 3.5044297689e-24, 6.17875264571e-24, 4.37118634977e-24, 1.78081988806e-23, 1.63704746373e-23, 2.36043969802e-23, 7.32676022741e-24, 9.83719567344e-24, 8.33355263516e-24, 4.73737400426e-24, 2.17831770797e-24, 5.61582110932e-24, 1.10791577722e-23, 6.32868078835e-24, 8.53964412438e-24, 3.49375332541e-24, 5.18986777493e-24, 2.7019162452e-24, 2.12088946238e-23, 8.28179231573e-24, 1.55379991904e-23, 1.38562234711e-23, 8.49371269817e-24, 8.87643408836e-24, 7.96009168314e-24, 9.63703641824e-24, 3.48122700309e-24, 2.50991637556e-23, 1.14748945785e-23, 9.64720956847e-24, 3.43882060184e-24, 6.94227967739e-24, 5.14030798299e-24, 1.36234290402e-23, 7.73678488239e-24, 5.22872824642e-24, 1.3170461953e-23, 9.71624830831e-24, 1.57425902661e-23, 1.4359900115e-23, 4.77531624164e-24, 6.16585910865e-24, 1.21711447912e-23, 1.67177327855e-23, 1.07563448458e-23, 1.011061013e-23, 1.28480332018e-23, 1.09660643063e-23, 5.69524835842e-24, 6.03367008119e-24, 9.8748551042e-24, 2.02230914381e-23, 1.81441084758e-23, 1.14383561191e-23, 1.47494096533e-23, 1.03760515694e-23, 9.88627702124e-24, 1.32130265209e-23, 1.40922348767e-23, 7.41687259747e-24, 4.58685303265e-24, 3.19340873524e-24, 1.29606793836e-23, 1.12649786916e-23, 1.01234093982e-23, 1.00049209125e-23, 4.71967117668e-24, 5.69696768076e-24, 6.81066691283e-24, 6.9225029345e-24, 1.07375668008e-23, 1.86737607317e-23, 1.21391052055e-23, 7.87718871289e-24, 8.5922643022e-24, 9.87850437474e-24, 1.23572757329e-23, 1.81202911874e-23, 6.1911594556e-24, 1.34313840083e-23, 1.23760088128e-23, 9.42502295021e-24, 8.87365019823e-24, 1.31588933078e-23, 8.95429860401e-24, 1.09533888893e-23, 9.91755298955e-24, 1.1093881861e-23, 1.22081329013e-23, 5.74502705926e-24, 9.44020457833e-24, 1.22637239293e-23, 1.34093416569e-23, 1.04370888931e-23, 1.23372402436e-23, 1.36793766333e-23, 1.69074585664e-23, 8.85811279384e-24],
        "stdev": [0.00509011605754, 0.00643046619371, 0.00399611424655, 0.00485505303368, 0.0069090006873, 0.00552871311083, 0.00392966438085, 0.00316329486668, 0.00190444057807, 0.00145879189949, 0.000877687358297, 0.000462367024738, 0.000276348349871, 0.000200149472221, 0.00019712424546, 0.000143780314829, 0.000195687680389, 0.000172795378603, 9.07501671463e-05, 0.000110025663162, 7.5913638284e-05, 8.50518772495e-05, 0.000119470758364, 0.000191987870494, 0.000512651982717, 0.000996002578177, 0.000745844037738, 0.000559133768547, 0.000913179072086, 0.000590155425016, 0.000468417361844, 0.000253996520769, 0.000437600887381, 0.00027941542794, 0.000172695217771, 0.000156221329235, 0.000137551091029, 0.000151715241373, 0.000210266342037, 0.000171277191839, 0.00012650534336, 0.000123340520076, 7.40561808925e-05, 7.45624856791e-05, 0.000100322773505, 5.51882294531e-05, 3.88735752495e-05, 2.98249087791e-05, 3.19915561704e-05, 3.68719047401e-05, 3.41866980307e-05, 3.42407292919e-05, 2.19506109715e-05, 2.77755061688e-05, 2.27437994909e-05, 4.04188540415e-05, 3.60358135367e-05, 2.42978621827e-05, 2.99144448945e-05, 1.22718693092e-05, 1.67832658917e-05, 1.5906378394e-05, 1.63025088113e-05, 3.92210276914e-05, 1.61375719472e-05, 1.52952925419e-05, 1.25740334624e-05, 1.29581658257e-05, 1.21625025713e-05, 1.07462965389e-05, 6.97417908668e-06, 5.9966137087e-06, 5.37319829164e-06, 4.27692020821e-06, 3.72375279767e-06, 3.16496243613e-06, 3.04082573166e-06, 3.4400657114e-06, 3.82375401387e-06, 2.20412425733e-06, 2.29991883316e-06, 3.94993503505e-06, 3.25714154314e-06, 1.97356303033e-06, 2.13016028283e-06, 2.02377236747e-06, 2.26203701459e-06, 2.98631357509e-06, 2.26347310672e-06, 1.64772700373e-06, 1.70742998762e-06, 1.00095280686e-06, 1.16085493573e-06, 1.12593568247e-06, 1.16081571377e-06, 8.93147671377e-07, 9.87743987935e-07, 1.12496945803e-06, 2.49965592047e-06, 1.18575599117e-06, 6.15830288098e-07, 6.63221953801e-07, 7.29145995138e-07, 6.20591436018e-07, 4.92886499615e-07, 5.15513022492e-07, 5.56110421712e-07, 5.17791420407e-07, 6.3873039835e-07, 4.81310678424e-07, 5.7018797861e-07, 8.89351497335e-07, 3.67138909496e-07, 4.90165746214e-07, 4.36626720557e-07, 3.5902445461e-07, 4.05221499022e-07, 1.32046253043e-07, 1.64877960174e-08, 1.99905780818e-08, 1.80942247852e-08, 2.16418030163e-08, 8.2671594015e-09, 3.99345134738e-09, 3.93239707464e-09, 3.88628507153e-09, 3.85628329269e-09, 3.83441056684e-09]
    },
    "mfcc": {
        "mean": [-646.986816406, 111.227043152, -33.1298446655, -5.02113771439, -4.71870088577, -1.22369992733, 8.05826473236, 12.8754673004, 5.05228567123, 4.06182527542, -1.55774009228, -5.10006713867, -5.20469760895],
        "cov": [[5775.73291016, 25.5574512482, 1900.74206543, 1195.36193848, 1142.33666992, 745.945251465, 618.345581055, 29.2289524078, 181.546432495, -29.4220428467, 174.055374146, 151.528381348, 26.1363353729], [25.5574512482, 286.537445068, -58.3376579285, -21.5907211304, 6.98760271072, 16.1910800934, 33.9197044373, 15.5138034821, 14.3042097092, 12.3828315735, 0.205851480365, -7.74880743027, -21.7644805908], [1900.74206543, -58.3376579285, 1253.86938477, 831.924438477, 691.816650391, 382.740570068, 268.844177246, -42.6950149536, 89.0091323853, 3.16283869743, 119.9168396, 134.447952271, 85.1945495605], [1195.36193848, -21.5907211304, 831.924438477, 703.24005127, 493.445129395, 250.349899292, 177.144943237, -27.5341453552, 40.1775856018, 21.6403884888, 94.8228225708, 87.888885498, 79.5994186401], [1142.33666992, 6.98760271072, 691.816650391, 493.445129395, 486.09664917, 245.734909058, 185.923706055, -20.3291225433, 63.65102005, 5.80475664139, 78.6178894043, 89.084197998, 57.4042472839], [745.945251465, 16.1910800934, 382.740570068, 250.349899292, 245.734909058, 197.10887146, 125.97064209, 12.8118333817, 49.1808891296, 14.4253406525, 41.8358459473, 52.6311225891, 22.2059650421], [618.345581055, 33.9197044373, 268.844177246, 177.144943237, 185.923706055, 125.97064209, 168.984832764, 44.2027587891, 41.3127861023, 19.0654964447, 49.1469497681, 28.0681686401, 12.7783584595], [29.2289524078, 15.5138034821, -42.6950149536, -27.5341453552, -20.3291225433, 12.8118333817, 44.2027587891, 89.3353500366, 21.0572891235, 26.2711448669, 19.9982662201, -2.95215916634, 1.07725191116], [181.546432495, 14.3042097092, 89.0091323853, 40.1775856018, 63.65102005, 49.1808891296, 41.3127861023, 21.0572891235, 87.9754714966, 30.9802417755, 21.6261196136, 23.486700058, -6.80232858658], [-29.4220428467, 12.3828315735, 3.16283869743, 21.6403884888, 5.80475664139, 14.4253406525, 19.0654964447, 26.2711448669, 30.9802417755, 71.036277771, 28.2859859467, 0.805169641972, 3.02932858467], [174.055374146, 0.205851480365, 119.9168396, 94.8228225708, 78.6178894043, 41.8358459473, 49.1469497681, 19.9982662201, 21.6261196136, 28.2859859467, 69.4971389771, 25.1212921143, 22.7101402283], [151.528381348, -7.74880743027, 134.447952271, 87.888885498, 89.084197998, 52.6311225891, 28.0681686401, -2.95215916634, 23.486700058, 0.805169641972, 25.1212921143, 72.1241836548, 32.3962097168], [26.1363353729, -21.7644805908, 85.1945495605, 79.5994186401, 57.4042472839, 22.2059650421, 12.7783584595, 1.07725191116, -6.80232858658, 3.02932858467, 22.7101402283, 32.3962097168, 66.0642700195]],
        "icov": [[0.000467618840048, 2.20243910007e-05, -0.000423871999374, 6.26373439445e-05, -0.000139898475027, -0.000671397545375, -0.00055898638675, -0.000131761727971, -3.62871433026e-05, 0.000548977986909, -6.27590270597e-05, 0.000387544336263, 0.000553525984287], [2.20243910007e-05, 0.00402991799638, 0.00134750280995, -0.000511275255121, -0.000791506725363, -0.00071456481237, -0.00125135679264, 0.000378850614652, -0.000190331280464, -0.000225981639232, 0.000152195134433, -9.34017152758e-05, 0.00134529196657], [-0.000423871999374, 0.00134750280995, 0.00724167050794, -0.0046708388254, -0.00252141058445, -0.00261201593094, -0.000594465469476, 0.00202059838921, -0.00163668137975, 0.00191455124877, -0.000941955833696, -0.000835721264593, 0.000528970733285], [6.26373439445e-05, -0.000511275255121, -0.0046708388254, 0.0088355075568, -0.00381200457923, 0.00106438598596, 0.00134612177499, -0.000659410608932, 0.00322106294334, -0.00347641808912, -0.000620568171144, 0.00124687503558, -0.00201767543331], [-0.000139898475027, -0.000791506725363, -0.00252141058445, -0.00381200457923, 0.0151968002319, -0.00440511154011, -0.00461601605639, 0.00443440303206, -0.00312410411425, 0.00265761674382, -0.0014215647243, -0.00140403059777, -0.00253075174987], [-0.000671397545375, -0.00071456481237, -0.00261201593094, 0.00106438598596, -0.00440511154011, 0.0201437305659, -0.00382775627077, -0.00247673643753, -0.00046268189908, -0.00349763454869, 0.00392145104706, -0.00457190582529, 0.000960371980909], [-0.00055898638675, -0.00125135679264, -0.000594465469476, 0.00134612177499, -0.00461601605639, -0.00382775627077, 0.0183761268854, -0.00831620581448, 0.000627583009191, 9.4086615718e-05, -0.00387049955316, 0.00212229019962, 0.00118246581405], [-0.000131761727971, 0.000378850614652, 0.00202059838921, -0.000659410608932, 0.00443440303206, -0.00247673643753, -0.00831620581448, 0.0195693802088, -0.00321996584535, -0.00211311224848, -0.003105427837, 0.00129960966296, -0.00316986208782], [-3.62871433026e-05, -0.000190331280464, -0.00163668137975, 0.00322106294334, -0.00312410411425, -0.00046268189908, 0.000627583009191, -0.00321996584535, 0.0197277888656, -0.00844489131123, 0.000305660272716, -0.00630322284997, 0.00638687331229], [0.000548977986909, -0.000225981639232, 0.00191455124877, -0.00347641808912, 0.00265761674382, -0.00349763454869, 9.4086615718e-05, -0.00211311224848, -0.00844489131123, 0.023682359606, -0.0086526516825, 0.0045380583033, -0.000895653502084], [-6.27590270597e-05, 0.000152195134433, -0.000941955833696, -0.000620568171144, -0.0014215647243, 0.00392145104706, -0.00387049955316, -0.003105427837, 0.000305660272716, -0.0086526516825, 0.0261397697031, -0.00457458151504, -0.00356047949754], [0.000387544336263, -9.34017152758e-05, -0.000835721264593, 0.00124687503558, -0.00140403059777, -0.00457190582529, 0.00212229019962, 0.00129960966296, -0.00630322284997, 0.0045380583033, -0.00457458151504, 0.0254956651479, -0.0100706377998], [0.000553525984287, 0.00134529196657, 0.000528970733285, -0.00201767543331, -0.00253075174987, 0.000960371980909, 0.00118246581405, -0.00316986208782, 0.00638687331229, -0.000895653502084, -0.00356047949754, -0.0100706377998, 0.0256700906903]]
    },
    "spectral_contrast_coeffs": {
        "max": [-0.462900489569, -0.626312851906, -0.588180363178, -0.699436485767, -0.622825562954, -0.658177554607],
        "mean": [-0.736104011536, -0.802976667881, -0.764294624329, -0.825850486755, -0.793707728386, -0.776238441467],
        "min": [-0.96811580658, -0.952241003513, -0.951922416687, -0.959124267101, -0.964400529861, -0.957260131836],
        "stdev": [0.0725580826402, 0.046890642494, 0.0604830160737, 0.0269214846194, 0.0319924913347, 0.0278143975884]
    },
    "spectral_contrast_valleys": {
        "max": [-4.37103796005, -5.03343296051, -5.16977119446, -5.53878545761, -5.69546985626, -8.7540102005],
        "mean": [-7.51979160309, -6.74934148788, -6.63531160355, -7.00750160217, -7.45301055908, -10.3470478058],
        "min": [-27.0934581757, -27.7229423523, -27.3001842499, -27.5134754181, -27.2716369629, -27.2687606812],
        "stdev": [1.69569706917, 1.04588150978, 1.06785881519, 1.00706577301, 1.07420825958, 1.16206073761]
    }
},
"rhythm": {
    "beats_count": 31,
    "beats_loudness": {
        "max": 0.147131979465,
        "mean": 0.0333860963583,
        "min": 0.00162160175387,
        "stdev": 0.0296981222928
    },
    "bpm": 148.754013062,
    "bpm_histogram_first_peak_bpm": 148,
    "bpm_histogram_first_peak_weight": 0.350000023842,
    "bpm_histogram_second_peak_bpm": 157,
    "bpm_histogram_second_peak_spread": 0.300000011921,
    "bpm_histogram_second_peak_weight": 0.233333334327,
    "danceability": 0.826370954514,
    "onset_rate": 2.82145690918,
    "beats_loudness_band_ratio": {
        "max": [0.905043542385, 0.159220829606, 0.797756850719, 0.891522943974, 0.184208080173, 0.389904141426],
        "mean": [0.432109922171, 0.0354460403323, 0.152872264385, 0.291216015816, 0.0722005516291, 0.0419771187007],
        "min": [0.000857409730088, 0.00259668682702, 0.013954821974, 0.0182364601642, 0.0207870714366, 0.00310053490102],
        "stdev": [0.342892259359, 0.0316957719624, 0.151482254267, 0.255470186472, 0.0388617329299, 0.0680486857891]
    },
    "beats_position": [0.394739210606, 0.801088392735, 1.20743763447, 1.62539684772, 2.03174591064, 2.43809509277, 2.8444442749, 3.25079369545, 3.65714287758, 4.06349182129, 4.46984100342, 4.87619018555, 5.27092981339, 5.66566896439, 6.06040811539, 6.44353723526, 6.82666635513, 7.19818592072, 7.58131504059, 7.96444416046, 8.37079334259, 8.77714252472, 9.16027164459, 9.54340076447, 9.91492080688, 10.2864398956, 10.6811790466, 11.0643081665, 11.4590473175, 11.8537864685, 12.2601356506],
