{
"metadata": {
    "version": {
        "essentia": "2.1-beta5",
        "essentia_git_sha": "Undefined",
        "extractor": "music 2.0"
    },
    "audio_properties": {
        "analysis": {
            "equal_loudness": 0,
            "length": 32.4963264465,
            "sample_rate": 44100,
            "start_time": 12.7477550507,
            "downmix": "mix"
        },
        "bit_rate": 192000,
        "length": 198.36807251,
        "lossless": 0,
        "number_channels": 2,
        "replay_gain": -1.70349884033,
        "sample_rate": 44100,
        "codec": "mp3",
        "md5_encoded": "84549c9512742ef673c7f0e88b48acad"
    },
    "tags": {
        "file_name": "Spain_Yo Soy Aquél_Raphael.mp3",
        "encoding": ["Lavf58.29.100"]
    }
},
"lowlevel": {
    "average_loudness": 0.0902508273721,
    "barkbands_crest": {
        "max": 24.092218399,
        "mean": 10.3770141602,
        "min": 3.0388815403,
        "stdev": 3.93841838837
    },
    "barkbands_flatness_db": {
        "max": 0.415596485138,
        "mean": 0.162414222956,
        "min": 0.0474985316396,
        "stdev": 0.0566142313182
    },
    "barkbands_kurtosis": {
        "max": 113.599967957,
        "mean": 7.4491558075,
        "min": -1.78824055195,
        "stdev": 10.2094621658
    },
    "barkbands_skewness": {
        "max": 7.72894287109,
        "mean": 1.87826132774,
        "min": -4.15376329422,
        "stdev": 1.41513907909
    },
    "barkbands_spread": {
        "max": 90.1602172852,
        "mean": 16.4210281372,
        "min": 0.707388341427,
        "stdev": 11.1905298233
    },
    "dissonance": {
        "max": 0.49942368269,
        "mean": 0.447472661734,
        "min": 0.160631880164,
        "stdev": 0.0416888445616
    },
    "dynamic_complexity": 12.9457559586,
    "erbbands_crest": {
        "max": 29.8634109497,
        "mean": 10.3021554947,
        "min": 2.00117492676,
        "stdev": 5.31366348267
    },
    "erbbands_flatness_db": {
        "max": 0.422918707132,
        "mean": 0.18064044416,
        "min": 0.0633049234748,
        "stdev": 0.0722697228193
    },
    "erbbands_kurtosis": {
        "max": 88.3442001343,
        "mean": 1.89906954765,
        "min": -1.86359322071,
        "stdev": 5.30637550354
    },
    "erbbands_skewness": {
        "max": 7.68455410004,
        "mean": 0.718697667122,
        "min": -4.86725139618,
        "stdev": 1.09108519554
    },
    "erbbands_spread": {
        "max": 149.145690918,
        "mean": 38.6153182983,
        "min": 1.45225417614,
        "stdev": 27.0229568481
    },
    "hfc": {
        "max": 279.138458252,
        "mean": 8.09822654724,
        "min": 0.00264387996867,
        "stdev": 23.2918338776
    },
    "loudness_ebu128": {
        "integrated": -24.8621635437,
        "loudness_range": 8.81184196472,
        "momentary": {
            "max": -15.2751293182,
            "mean": -35.485496521,
            "min": -60.7980728149,
            "stdev": 13.5858860016
        },
        "short_term": {
            "max": -20.8690929413,
            "mean": -32.5786514282,
            "min": -59.7481613159,
            "stdev": 12.4606599808
        }
    },
    "melbands_crest": {
        "max": 31.8316879272,
        "mean": 14.6843576431,
        "min": 4.40623664856,
        "stdev": 5.41534852982
    },
    "melbands_flatness_db": {
        "max": 0.5082000494,
        "mean": 0.222403377295,
        "min": 0.0742488875985,
        "stdev": 0.0665059536695
    },
    "melbands_kurtosis": {
        "max": 193.011703491,
        "mean": 19.8879642487,
        "min": -1.79819428921,
        "stdev": 25.0167675018
    },
    "melbands_skewness": {
        "max": 11.7292671204,
        "mean": 2.8698823452,
        "min": -2.80997061729,
        "stdev": 2.12276411057
    },
    "melbands_spread": {
        "max": 183.707824707,
        "mean": 17.6756381989,
        "min": 0.874039828777,
        "stdev": 19.1707000732
    },
    "pitch_salience": {
        "max": 0.855874598026,
        "mean": 0.561351656914,
        "min": 0.199508011341,
        "stdev": 0.104975774884
    },
    "silence_rate_20dB": {
        "max": 1,
        "mean": 0.998572468758,
        "min": 0,
        "stdev": 0.0377558395267
    },
    "silence_rate_30dB": {
        "max": 1,
        "mean": 0.985010683537,
        "min": 0,
        "stdev": 0.121511138976
    },
    "silence_rate_60dB": {
        "max": 1,
        "mean": 0.492505341768,
        "min": 0,
        "stdev": 0.49994379282
    },
    "spectral_centroid": {
        "max": 4565.21240234,
        "mean": 1057.62841797,
        "min": 241.377044678,
        "stdev": 650.901184082
    },
    "spectral_complexity": {
        "max": 56,
        "mean": 7.72805118561,
        "min": 0,
        "stdev": 8.50458049774
    },
    "spectral_decrease": {
        "max": -5.08162034587e-13,
        "mean": -2.42530084904e-09,
        "min": -8.89031923634e-08,
        "stdev": 6.31225205439e-09
    },
    "spectral_energy": {
        "max": 0.356022268534,
        "mean": 0.00988816656172,
        "min": 2.17745468944e-06,
        "stdev": 0.0256474036723
    },
    "spectral_energyband_high": {
        "max": 0.020409071818,
        "mean": 0.000230573044973,
        "min": 1.48470476802e-07,
        "stdev": 0.00119195121806
    },
    "spectral_energyband_low": {
        "max": 0.0962854251266,
        "mean": 0.00167697609868,
        "min": 8.56493841184e-07,
        "stdev": 0.0067328591831
    },
    "spectral_energyband_middle_high": {
        "max": 0.0914209932089,
        "mean": 0.00228747213259,
        "min": 1.44788216971e-07,
        "stdev": 0.0069786417298
    },
    "spectral_energyband_middle_low": {
        "max": 0.317759841681,
        "mean": 0.00659952452406,
        "min": 3.78072599005e-07,
        "stdev": 0.0199283547699
    },
    "spectral_entropy": {
        "max": 8.46731758118,
        "mean": 7.33705997467,
        "min": 5.04901504517,
        "stdev": 0.607648670673
    },
    "spectral_flux": {
        "max": 0.454507321119,
        "mean": 0.0359415858984,
        "min": 0.000780951872002,
        "stdev": 0.0456662960351
    },
    "spectral_kurtosis": {
        "max": 95.0891876221,
        "mean": 6.5517911911,
        "min": -0.732142210007,
        "stdev": 10.7043018341
    },
    "spectral_rms": {
        "max": 0.0186370275915,
        "mean": 0.0021226957906,
        "min": 4.60906267108e-05,
        "stdev": 0.00226741167717
    },
    "spectral_rolloff": {
        "max": 7795.01953125,
        "mean": 1009.81860352,
        "min": 86.1328125,
        "stdev": 1046.80993652
    },
    "spectral_skewness": {
        "max": 7.47626161575,
        "mean": 1.76326394081,
        "min": -0.0330817587674,
        "stdev": 0.884840965271
    },
    "spectral_spread": {
        "max": 11299353,
        "mean": 4718562,
        "min": 770102.625,
        "stdev": 1965142.5
    },
    "spectral_strongpeak": {
        "max": 15.7796125412,
        "mean": 0.631203591824,
        "min": 0,
        "stdev": 0.946605801582
    },
    "zerocrossingrate": {
        "max": 0.25341796875,
        "mean": 0.0528357960284,
        "min": 0.0048828125,
        "stdev": 0.0297799929976
    },
    "barkbands": {
        "max": [0.000869356212206, 0.0126546462998, 0.0286449491978, 0.0944905951619, 0.022900050506, 0.115998476744, 0.0807000249624, 0.208455294371, 0.10717780143, 0.0281511545181, 0.00633355462924, 0.012674536556, 0.0309069007635, 0.0137668922544, 0.0227580759674, 0.0085626533255, 0.00786471739411, 0.0219389107078, 0.027641903609, 0.0282252542675, 0.00961527321488, 0.00562246423215, 0.00207120017149, 0.00103733001743, 0.000355513882823, 8.86467169039e-05, 5.18653706649e-08],
        "mean": [2.91361939162e-05, 0.000251493853284, 0.000571547541767, 0.00111309054773, 0.000664617749862, 0.00142738653813, 0.00134329928551, 0.00103404710535, 0.000893238931894, 0.00053178879898, 0.000134258778417, 0.000138176619657, 0.000461493531475, 0.000125031467178, 0.000243158981903, 0.000133601148264, 0.00011297542369, 0.000174905304448, 0.000160801486345, 0.000160617782967, 7.53637796151e-05, 5.72020690015e-05, 2.57238625636e-05, 1.82602834684e-05, 5.70718384552e-06, 1.25524377381e-06, 4.71009176106e-10],
        "min": [3.9411343522e-08, 1.50879856164e-07, 9.24899552501e-08, 5.84838737439e-08, 3.16775654596e-08, 9.41771460816e-09, 7.46776684935e-09, 6.37138075632e-09, 9.62309965047e-09, 6.5382232961e-09, 2.72790612321e-09, 4.1452783428e-09, 4.40628999954e-09, 2.16152451493e-09, 5.8331437458e-09, 6.89556634015e-09, 7.09907421736e-09, 1.12473657055e-08, 1.22188499319e-08, 9.40719413478e-09, 1.82135480031e-08, 2.14154596279e-08, 2.5402000503e-08, 1.900979818e-08, 1.97712513028e-08, 1.63111568696e-09, 1.09657428971e-10],
        "stdev": [7.19770177966e-05, 0.00091730809072, 0.00187409552746, 0.00570100964978, 0.00173014809843, 0.00507643818855, 0.00533907441422, 0.0095029855147, 0.00419213715941, 0.00183235330041, 0.000394636677811, 0.000574863923248, 0.00157865777146, 0.000696942035574, 0.00120881572366, 0.000528054719325, 0.000522270507645, 0.000903165899217, 0.00101004785392, 0.00127354403958, 0.000472273037303, 0.00031236835639, 0.000124140788103, 7.86836098996e-05, 2.21670470637e-05, 5.00756050315e-06, 1.78802361805e-09]
    },
    "erbbands": {
        "max": [0.237169310451, 3.22513389587, 18.8539981842, 231.750259399, 90.2734603882, 57.9879989624, 215.266082764, 1180.06787109, 1247.06567383, 1738.17858887, 5158.21044922, 1854.47644043, 828.782226562, 1185.38867188, 307.506134033, 641.863830566, 1503.48376465, 366.48223877, 1091.26782227, 464.707214355, 370.041687012, 429.188720703, 1103.44250488, 2079.25805664, 489.213775635, 1677.37744141, 587.360473633, 283.371459961, 222.325958252, 70.503288269, 73.908454895, 26.4544944763, 13.322432518, 5.50312519073, 2.0101544857, 0.620172977448, 0.111097328365, 0.00443330220878, 0.000274365855148, 0.000407308136346],
        "mean": [0.00494696106762, 0.0698211938143, 0.447492331266, 3.01103425026, 1.75972115993, 2.48156189919, 5.9879655838, 14.1055717468, 17.7018508911, 18.0814933777, 27.4789276123, 22.1172733307, 11.9235563278, 17.2911472321, 6.3271317482, 7.26568412781, 20.8338394165, 9.40076065063, 14.1289730072, 7.37855863571, 6.38196229935, 6.07233333588, 10.8787651062, 6.7696056366, 8.65605640411, 8.78123092651, 3.78972744942, 2.612803936, 1.96119105816, 1.20222473145, 0.753588914871, 0.526804685593, 0.206658914685, 0.0845909640193, 0.0330005884171, 0.010276472196, 0.00118303729687, 3.45245134667e-05, 7.26104008208e-06, 1.20932336358e-05],
        "min": [5.60215403311e-06, 2.91751202894e-05, 0.000106388455606, 0.000258763349848, 9.26543143578e-05, 9.39725941862e-05, 0.000119641597848, 9.4477130915e-05, 0.000177937967237, 0.000147212369484, 0.000186619145097, 0.000195877320948, 0.000368698005332, 0.000295764039038, 0.000184830729268, 0.000196449705982, 0.000219244830078, 0.000301901745843, 0.00030281956424, 0.000324328197166, 0.000405051949201, 0.000446708174422, 0.000597349135205, 0.000619391037617, 0.000716727459803, 0.000525745737832, 0.000651053502224, 0.000739016279113, 0.000760297931265, 0.000596779340412, 0.000700864358805, 0.000481666414998, 0.000321887753671, 0.000218094530283, 0.000129259293317, 4.2655330617e-05, 1.47564787767e-06, 1.43008136888e-07, 2.87500796503e-08, 7.26352222813e-09],
        "stdev": [0.0169921629131, 0.244443759322, 1.36421203613, 14.7008714676, 6.34036970139, 6.25997972488, 16.2511577606, 54.8658256531, 63.1796340942, 105.347549438, 253.025756836, 87.2665710449, 38.1116294861, 67.8426132202, 18.2393569946, 29.0203914642, 73.519744873, 30.0174827576, 66.4795303345, 28.7541103363, 25.8921394348, 26.204744339, 52.1220741272, 63.7601699829, 41.5488624573, 70.7426376343, 23.7976722717, 15.8664865494, 11.5935983658, 5.75850820541, 3.65392661095, 2.32535886765, 0.856332659721, 0.357964962721, 0.119284190238, 0.0369974859059, 0.00551036931574, 0.000174958971911, 1.88311405509e-05, 3.10119248752e-05]
    },
    "gfcc": {
        "mean": [-185.097488403, 109.050445557, -117.892524719, 32.7822647095, -74.4464416504, 15.2834405899, -46.4979705811, 7.89742517471, -24.0728282928, -1.57558953762, -9.6933965683, -6.18032026291, -5.07463741302],
        "cov": [[22931.9042969, 2501.97753906, -3770.08642578, -1935.6673584, -665.818237305, -1294.96020508, 413.023040771, -823.444824219, 421.031341553, -606.030517578, 253.741882324, -539.687744141, -146.11038208], [2501.97753906, 1368.05285645, -538.708557129, -697.816223145, 145.18107605, -477.576080322, -83.5452804565, -261.734680176, 165.331726074, -156.000946045, 136.296951294, -155.57434082, 18.5959949493], [-3770.08642578, -538.708557129, 1262.64208984, 503.020904541, -93.6274642944, 297.009857178, -104.525001526, 125.660163879, -107.442810059, 88.7230606079, -110.351394653, 134.71282959, 16.7467708588], [-1935.6673584, -697.816223145, 503.020904541, 735.341491699, 21.9133968353, 243.916412354, 87.2577667236, 137.532775879, -98.1506500244, 37.6019096375, -86.5822677612, 68.6041030884, 12.8660125732], [-665.818237305, 145.18107605, -93.6274642944, 21.9133968353, 353.131195068, -52.1917953491, -65.1458511353, 23.9678478241, 40.7757072449, 15.4240369797, 36.2689743042, -33.7096557617, -17.6416873932], [-1294.96020508, -477.576080322, 297.009857178, 243.916412354, -52.1917953491, 429.361572266, 125.497200012, 88.6014099121, -81.1053390503, 74.6842346191, -115.21231842, 48.4988174438, -9.68140792847], [413.023040771, -83.5452804565, -104.525001526, 87.2577667236, -65.1458511353, 125.497200012, 245.372055054, 57.4515228271, -23.3666400909, -21.9082260132, -28.4714431763, -13.5078687668, -0.850646197796], [-823.444824219, -261.734680176, 125.660163879, 137.532775879, 23.9678478241, 88.6014099121, 57.4515228271, 172.67250061, -9.43119525909, 29.6533870697, -14.0609121323, 36.5971946716, -22.035823822], [421.031341553, 165.331726074, -107.442810059, -98.1506500244, 40.7757072449, -81.1053390503, -23.3666400909, -9.43119525909, 114.233024597, 22.006521225, 29.7795810699, -23.5601482391, 3.70102667809], [-606.030517578, -156.000946045, 88.7230606079, 37.6019096375, 15.4240369797, 74.6842346191, -21.9082260132, 29.6533870697, 22.006521225, 109.514320374, 10.2796516418, 24.9398193359, -5.8793053627], [253.741882324, 136.296951294, -110.351394653, -86.5822677612, 36.2689743042, -115.21231842, -28.4714431763, -14.0609121323, 29.7795810699, 10.2796516418, 110.529899597, 10.0543441772, -4.14587974548], [-539.687744141, -155.57434082, 134.71282959, 68.6041030884, -33.7096557617, 48.4988174438, -13.5078687668, 36.5971946716, -23.5601482391, 24.9398193359, 10.0543441772, 87.1385269165, 30.3972358704], [-146.11038208, 18.5959949493, 16.7467708588, 12.8660125732, -17.6416873932, -9.68140792847, -0.850646197796, -22.035823822, 3.70102667809, -5.8793053627, -4.14587974548, 30.3972358704, 73.8879165649]],
        "icov": [[0.000165425735759, -5.68305549677e-05, 0.000407522427849, -6.51544614811e-05, 0.000427063234383, 0.000157911461429, -0.000173302178155, 0.000458284717752, -0.000454443332274, 0.000376742653316, 0.000225561729167, -0.000300984014757, 0.000706964579877], [-5.68305549677e-05, 0.00553702842444, -0.00217741518281, 0.00424467260018, -0.00324548175558, 0.00222788657993, -0.0035650965292, 0.00473635783419, -0.00347604230046, 0.00496474653482, -0.00233618123457, 0.00300957774743, -0.00166307832114], [0.000407522427849, -0.00217741518281, 0.00346718193032, -0.00261333398521, 0.00283511262387, -0.00122443272267, 0.00268565793522, -0.00130289234221, 0.000350036920281, -0.00097378634382, 0.00179403508082, -0.00253631384112, 0.00223099836148], [-6.51544614811e-05, 0.00424467260018, -0.00261333398521, 0.00582300592214, -0.0033793351613, 0.00185587676242, -0.00399265252054, 0.00286870519631, -0.00132936425507, 0.00324809295125, -0.000945233914535, 0.00195039540995, -0.00190326466691], [0.000427063234383, -0.00324548175558, 0.00283511262387, -0.0033793351613, 0.00685748038813, -0.00187666201964, 0.00403606845066, -0.00330958375707, 0.000122304438264, -0.00146502675489, -0.000289064599201, 0.000767571909819, 0.00160333525855], [0.000157911461429, 0.00222788657993, -0.00122443272267, 0.00185587676242, -0.00187666201964, 0.00872379820794, -0.00612454628572, 0.0034731994383, 0.000866674061399, -0.00336561608128, 0.00615025823936, -0.00303862546571, 0.00265016849153], [-0.000173302178155, -0.0035650965292, 0.00268565793522, -0.00399265252054, 0.00403606845066, -0.00612454628572, 0.0118108289316, -0.00752123259008, 0.00232007424347, -2.9338278182e-05, -0.00232323934324, 0.0034544582013, -0.00297490041703], [0.000458284717752, 0.00473635783419, -0.00130289234221, 0.00286870519631, -0.00330958375707, 0.0034731994383, -0.00752123259008, 0.016016010195, -0.00632692594081, 0.00442314194515, 0.000913882686291, -0.00553082395345, 0.00686028180644], [-0.000454443332274, -0.00347604230046, 0.000350036920281, -0.00132936425507, 0.000122304438264, 0.000866674061399, 0.00232007424347, -0.00632692594081, 0.0177502371371, -0.010393479839, 0.00100108631887, 0.00333749712445, -0.00462206592783], [0.000376742653316, 0.00496474653482, -0.00097378634382, 0.00324809295125, -0.00146502675489, -0.00336561608128, -2.9338278182e-05, 0.00442314194515, -0.010393479839, 0.0218667313457, -0.00716377422214, 0.000947404885665, 0.00114743597806], [0.000225561729167, -0.00233618123457, 0.00179403508082, -0.000945233914535, -0.000289064599201, 0.00615025823936, -0.00232323934324, 0.000913882686291, 0.00100108631887, -0.00716377422214, 0.0201953053474, -0.0115463417023, 0.00703774346039], [-0.000300984014757, 0.00300957774743, -0.00253631384112, 0.00195039540995, 0.000767571909819, -0.00303862546571, 0.0034544582013, -0.00553082395345, 0.00333749712445, 0.000947404885665, -0.0115463417023, 0.0297316722572, -0.0159131418914], [0.000706964579877, -0.00166307832114, 0.00223099836148, -0.00190326466691, 0.00160333525855, 0.00265016849153, -0.00297490041703, 0.00686028180644, -0.00462206592783, 0.00114743597806, 0.00703774346039, -0.0159131418914, 0.0251824241132]]
    },
    "melbands": {
        "max": [0.00308187678456, 0.00996308308095, 0.0324434861541, 0.0040277694352, 0.00674987584352, 0.0253229085356, 0.017020624131, 0.0199942197651, 0.0432382114232, 0.00926507357508, 0.0042019309476, 0.00505698239431, 0.000975682109129, 0.00118458038196, 0.00295364321209, 0.00304834381677, 0.000891556963325, 0.00140005536377, 0.00145502202213, 0.000789145065937, 0.000427851598943, 0.000393967464333, 0.00137174944393, 0.00124374602456, 0.00187072530389, 0.000494631822221, 0.00101778539829, 0.00097214296693, 0.000498301058542, 0.000124644851894, 0.000188409307157, 0.000149111030623, 7.22484546714e-05, 3.18249949487e-05, 4.7272464144e-05, 2.35942115978e-05, 1.62026444741e-05, 1.23014151541e-05, 5.95031360717e-06, 4.19087746195e-06],
        "mean": [6.1502418248e-05, 0.000229083627346, 0.00044018618064, 0.000141641008668, 0.000191112747416, 0.00030616595177, 0.000274579797406, 0.00019070491544, 0.000225627169129, 0.000128268293338, 5.60795197089e-05, 7.19978488632e-05, 2.03165473067e-05, 1.50515106725e-05, 2.90832649625e-05, 4.68019024993e-05, 1.32600807774e-05, 2.10884900298e-05, 1.5440140487e-05, 9.49259538174e-06, 6.61802323521e-06, 4.27952045357e-06, 1.30642538352e-05, 6.86490693624e-06, 5.17183343618e-06, 6.30874455965e-06, 6.57515010971e-06, 5.13212808073e-06, 2.50575044447e-06, 1.53418204718e-06, 1.56048281497e-06, 1.13482042252e-06, 1.0194735296e-06, 5.06023070557e-07, 4.33109903497e-07, 3.68838271925e-07, 2.99128515735e-07, 1.49428771579e-07, 9.85815162835e-08, 6.26274001547e-08],
        "min": [8.17300005451e-08, 6.74915909826e-08, 4.10520257788e-08, 1.01363166749e-08, 4.13732736959e-09, 1.90803284283e-09, 2.57701082695e-09, 1.38500266811e-09, 1.36396827166e-09, 1.1299846614e-09, 1.81884607375e-09, 1.12082099157e-09, 4.70718297674e-10, 4.81543693809e-10, 3.47168099823e-10, 4.79750517091e-10, 4.09205058727e-10, 3.88063026158e-10, 4.3121642368e-10, 4.45430081708e-10, 4.17365197958e-10, 4.20922990907e-10, 3.50115214598e-10, 3.34023142479e-10, 4.19246110051e-10, 3.72271852234e-10, 3.82803094778e-10, 2.25904059348e-10, 6.68404706583e-11, 3.8614306197e-10, 3.86195686541e-10, 3.6192290831e-10, 4.01436633934e-10, 2.64253258164e-10, 3.10206277332e-10, 3.48333528688e-10, 2.69467198555e-10, 2.18586329592e-10, 2.15144971283e-10, 1.7054231638e-10],
        "stdev": [0.000219595793169, 0.000757180911023, 0.00204506935552, 0.000394585105823, 0.000493953411933, 0.00116656592581, 0.000977985560894, 0.00118858646601, 0.00209882715717, 0.000434233137639, 0.000188666628674, 0.00028744561132, 5.86479181948e-05, 5.69554540562e-05, 0.000135663838591, 0.000151739164721, 5.11637663294e-05, 0.000101018384157, 7.61955452617e-05, 3.75115159841e-05, 2.85600181087e-05, 1.80826755241e-05, 6.26818000455e-05, 4.51813248219e-05, 5.65749360248e-05, 3.05846551782e-05, 4.67739591841e-05, 4.11065993831e-05, 1.81643117685e-05, 8.99607766769e-06, 9.95696973405e-06, 7.27041242499e-06, 5.11998223374e-06, 2.46782951763e-06, 2.15881800614e-06, 1.72736361037e-06, 1.31799743031e-06, 6.48107572943e-07, 4.28949533671e-07, 2.65119723508e-07]
    },
    "melbands128": {
        "max": [0.000321482861182, 0.00107806420419, 0.00541287567466, 0.00544468965381, 0.0024002417922, 0.0196567811072, 0.058157723397, 0.0331514924765, 0.00479993922636, 0.0054670991376, 0.00418632710353, 0.00781043153256, 0.00987527798861, 0.0127550540492, 0.0314110741019, 0.0404602214694, 0.032601878047, 0.0122981807217, 0.0229159872979, 0.0298895221204, 0.0324175432324, 0.0441643893719, 0.0770211592317, 0.0423827245831, 0.0102796629071, 0.00342721724883, 0.00554641056806, 0.00850206520408, 0.00317693199031, 0.00806460529566, 0.00603219028562, 0.00106549460907, 0.00177812029142, 0.00234668608755, 0.00136027322151, 0.00232065934688, 0.00145189894829, 0.00386459473521, 0.00360896345228, 0.005520099774, 0.00365437846631, 0.00131845544092, 0.00093710294459, 0.00142356485594, 0.00284277880564, 0.00203701900318, 0.00523788342252, 0.00147555430885, 0.000247314805165, 0.000470415398013, 0.00138394988608, 0.000966918596532, 0.000487473153044, 0.000542330380995, 0.000272936827969, 0.000308138289256, 0.00073453161167, 0.00230313022621, 0.00141378829721, 0.00132556911558, 0.00106214510743, 0.00128868373577, 0.00239328294992, 0.00224382709712, 0.000697348616086, 0.000554790021852, 0.00088372756727, 0.000322991341818, 0.00120052625425, 0.00404890021309, 0.000610039918683, 0.000235503845033, 0.000434158893768, 0.00103536958341, 0.000142364035128, 0.000164495795616, 0.000110870532808, 0.000184866774362, 0.000279036466964, 0.000219058114453, 0.000188766469364, 0.000102202015114, 0.000108759653813, 0.000131896464154, 4.87086654175e-05, 5.12236765644e-05, 4.59029215563e-05, 4.04147358495e-05, 6.38437413727e-05, 6.82312165736e-05, 2.39135497395e-05, 3.17288431688e-05, 3.20703475154e-05, 2.27510354307e-05, 1.98346260731e-05, 2.74624690064e-05, 5.67196912016e-06, 7.17175134923e-06, 8.32105342852e-06, 5.64328456676e-06, 6.02949921813e-06, 3.72759814127e-06, 5.2450250223e-06, 4.1814787437e-06, 1.90382320397e-06, 2.58767795458e-06, 1.00108502465e-06, 2.48649803325e-06, 9.29372617975e-07, 9.77630747911e-07, 6.39293944005e-07, 4.60132099533e-07, 4.03223651801e-07, 2.92209534791e-07, 2.60547999842e-10, 2.54658960586e-10, 2.42771164283e-10, 2.40215292102e-10, 2.38203373693e-10, 2.27031490829e-10, 2.20532911377e-10, 2.1869336897e-10, 2.18598569801e-10, 2.17265205826e-10, 2.09242997928e-10, 2.04366135126e-10, 2.00336844336e-10, 2.00503599834e-10],
        "mean": [1.30487824208e-05, 2.33786195167e-05, 9.34165727813e-05, 0.000113207672257, 0.000110124761704, 0.000358623161446, 0.000741299707443, 0.00039217248559, 0.000109709297249, 0.000157739996212, 0.000128209794639, 0.000136904767714, 0.000192987092305, 0.000258916756138, 0.000378239463316, 0.000274471880402, 0.000270360120339, 0.000285627000267, 0.00027480701101, 0.000196757930098, 0.00012663268717, 0.000216085158172, 0.000290201656753, 0.000167059901287, 0.000142851262353, 0.000130119209643, 4.90683269163e-05, 5.64830152143e-05, 3.37672609021e-05, 0.000102302132291, 8.41063592816e-05, 1.3073813534e-05, 2.08785495488e-05, 2.09516929317e-05, 1.11782037493e-05, 1.32227305585e-05, 2.19447356358e-05, 1.68966689671e-05, 4.00331191486e-05, 6.18130579824e-05, 5.52037708985e-05, 1.94586846192e-05, 9.81210905593e-06, 1.03102056528e-05, 1.21659277283e-05, 1.72105319507e-05, 4.35553083662e-05, 1.45760468513e-05, 3.9175524762e-06, 8.88980321179e-06, 9.32953025767e-06, 1.31434053401e-05, 5.93521235714e-06, 4.97695873491e-06, 4.60557748738e-06, 2.48045785156e-06, 3.57148314833e-06, 1.75981786015e-05, 1.28360252347e-05, 1.13365313155e-05, 5.79100424147e-06, 5.23734070157e-06, 4.75693013868e-06, 5.41560166312e-06, 5.16496857017e-06, 5.34193804924e-06, 9.70869223238e-06, 3.13784084938e-06, 4.44548686573e-06, 1.39127268994e-05, 4.28044813816e-06, 1.7638370764e-06, 2.41468183049e-06, 3.2516693409e-06, 1.83198608283e-06, 1.60653826242e-06, 1.19273795463e-06, 1.50162304635e-06, 1.52964560129e-06, 1.91150957107e-06, 1.07725315956e-06, 9.51364540924e-07, 8.44719352244e-07, 1.36967116759e-06, 7.68085385516e-07, 5.27586905719e-07, 4.42432678938e-07, 3.76963953386e-07, 4.25798219794e-07, 5.26991641436e-07, 3.21417047644e-07, 3.35188275358e-07, 3.85734352903e-07, 3.5275562027e-07, 2.05164141676e-07, 1.86008691117e-07, 1.27334331523e-07, 1.1270626743e-07, 1.21375023809e-07, 7.28912254999e-08, 6.73371260973e-08, 5.7388469088e-08, 6.15552693262e-08, 5.35039603733e-08, 2.97670172955e-08, 2.94245907639e-08, 1.94687519439e-08, 2.65474540129e-08, 1.77968395576e-08, 1.16324789801e-08, 8.9043012963e-09, 3.86962062393e-09, 2.59005372705e-09, 4.90177509693e-10, 2.67253775534e-12, 2.26820884124e-12, 2.19660140771e-12, 2.12888387474e-12, 2.09288684473e-12, 2.06971440854e-12, 2.0342020169e-12, 2.02423928314e-12, 1.98745468867e-12, 1.94191472798e-12, 1.92682393478e-12, 1.93630224701e-12, 1.9332931523e-12, 1.90860500147e-12],
        "min": [1.72792258279e-09, 3.37629018077e-08, 2.90639334821e-08, 1.75352390386e-08, 1.00562997929e-08, 4.67393022063e-08, 2.20514095872e-09, 1.81573067692e-08, 2.30844543481e-09, 2.87945489674e-09, 1.18226961554e-09, 1.17201792715e-09, 1.14409082208e-09, 1.26780608234e-09, 6.30637042587e-10, 5.22147880488e-10, 6.91351143001e-10, 7.40160599477e-10, 3.95290078448e-10, 3.33587379941e-10, 2.48807030534e-10, 3.40001526933e-10, 7.57420404174e-10, 6.75313582832e-10, 1.9127249784e-10, 2.44892134349e-10, 1.97182228878e-10, 5.69492786262e-10, 4.38931196944e-10, 3.71705499713e-10, 4.65978089448e-10, 3.10156789141e-10, 1.17159920654e-10, 2.81311807182e-10, 1.47987705423e-10, 1.86655413348e-10, 8.23834403474e-11, 1.08014978906e-10, 1.11838281691e-10, 2.31588900834e-10, 2.64038568787e-10, 3.72234708335e-11, 1.78236536641e-10, 2.21542784118e-10, 4.32063586298e-11, 1.11978828987e-10, 1.46231499132e-10, 1.09573822238e-10, 1.86965998239e-10, 1.31196803421e-10, 1.28750857198e-10, 1.48831141855e-10, 1.54798215912e-10, 9.17282846902e-11, 1.01919098161e-10, 1.9992948963e-10, 1.48785206378e-10, 1.78594541933e-10, 1.72030820145e-10, 9.58634699399e-11, 1.75630426869e-10, 1.50052859027e-10, 1.7782407491e-10, 1.82358100842e-10, 9.01526422958e-11, 1.06803114963e-10, 1.34589062117e-10, 1.54184165435e-10, 1.38774672309e-10, 3.32771206424e-11, 9.7393707682e-12, 5.54128340435e-11, 5.01616768955e-11, 3.35687623532e-11, 5.12959674737e-11, 1.44746908903e-10, 1.4537589188e-10, 1.79379233689e-10, 2.05291963984e-10, 1.68615427176e-10, 1.51099174839e-10, 9.86735623765e-11, 1.86111598355e-10, 1.16308192244e-10, 1.65542121677e-10, 1.62018551353e-10, 2.03112041075e-10, 1.47697465369e-10, 1.50308321345e-10, 1.68652425359e-10, 1.59348034767e-10, 7.08138200856e-11, 1.64305555272e-10, 1.01914414408e-10, 1.08921267838e-10, 1.40276665284e-10, 9.64309673779e-11, 1.70570613189e-10, 1.56590851397e-10, 8.18637727051e-11, 1.59315199921e-10, 4.26502930195e-11, 1.01047011036e-10, 9.78054859324e-11, 2.06254908985e-11, 1.35915625976e-10, 6.80128245389e-11, 4.00168474746e-11, 3.11739210834e-11, 7.93563565554e-13, 2.85512228009e-13, 2.23754188463e-13, 2.77693775093e-13, 2.77342547799e-13, 2.90548916307e-13, 2.57736513338e-13, 2.92090218115e-13, 2.66690153034e-13, 3.00705939099e-13, 2.94259842187e-13, 2.81580450146e-13, 3.16277928326e-13, 3.24647996203e-13, 3.00966066305e-13, 3.4485850048e-13, 3.69356780404e-13, 3.08739579041e-13, 3.39425319448e-13],
        "stdev": [2.67375617113e-05, 6.70821536914e-05, 0.000377716467483, 0.000415103713749, 0.000267387338681, 0.00126489344984, 0.00372010213323, 0.00193762860727, 0.00036721068318, 0.000516126747243, 0.00034149523708, 0.000480709102703, 0.000648431596346, 0.00079192139674, 0.00153001386207, 0.00148774054833, 0.00141515955329, 0.000885156041477, 0.00129966286477, 0.00148257554974, 0.00120893085841, 0.00200351746753, 0.00312568037771, 0.00154569628648, 0.000433809967944, 0.000329404429067, 0.000221979687922, 0.000324960798025, 0.000142680873978, 0.000429347797763, 0.000373178569134, 5.51870616619e-05, 7.35081484891e-05, 8.5385494458e-05, 5.86539681535e-05, 7.59787071729e-05, 7.77239765739e-05, 0.000163591641467, 0.000187542711501, 0.000247491203481, 0.000191298808204, 7.35994253773e-05, 5.44668946532e-05, 5.67005372432e-05, 0.000108285457827, 0.000100472250779, 0.00023845526448, 8.76693229657e-05, 1.81778523256e-05, 3.30019938701e-05, 4.81070528622e-05, 6.21702420176e-05, 2.72180786851e-05, 2.9933582482e-05, 1.89475558727e-05, 1.13354544737e-05, 2.62850280706e-05, 0.000104211459984, 6.03389562457e-05, 6.26954933978e-05, 4.21638069383e-05, 4.66325873276e-05, 6.86642815708e-05, 6.77670032019e-05, 3.31488881784e-05, 2.89442759822e-05, 5.19568493473e-05, 1.78712762136e-05, 3.95690694859e-05, 0.000147877610289, 3.06560941681e-05, 1.1431535313e-05, 1.89497714018e-05, 3.18784259434e-05, 1.09494740173e-05, 1.0123832908e-05, 7.4870717981e-06, 9.82889832812e-06, 1.22747442219e-05, 1.15156735774e-05, 8.94847107702e-06, 5.97644702793e-06, 5.29902627022e-06, 7.06277523932e-06, 3.79794937544e-06, 3.13470059154e-06, 2.45108071795e-06, 1.93234313883e-06, 2.40234248849e-06, 2.93486027658e-06, 1.59303363034e-06, 1.75378829681e-06, 1.91899880519e-06, 1.52364668793e-06, 1.09142547444e-06, 1.08552796974e-06, 4.70478283887e-07, 4.65460402665e-07, 5.61146180189e-07, 3.59459846777e-07, 3.36870726869e-07, 2.3793222681e-07, 2.7242757028e-07, 2.2355186502e-07, 1.05655225013e-07, 1.18986967834e-07, 6.48000693104e-08, 1.24801047718e-07, 5.65202746827e-08, 4.81635318295e-08, 3.41715988839e-08, 2.51366500947e-08, 1.83151147581e-08, 8.19066681146e-09, 1.0132871972e-11, 8.82691315873e-12, 8.47685983907e-12, 8.31482278862e-12, 8.17769896938e-12, 7.86662488622e-12, 7.6556790421e-12, 7.54189679458e-12, 7.48311742432e-12, 7.40908376318e-12, 7.20416131264e-12, 7.062047995e-12, 6.96716816184e-12, 6.9570746733e-12]
    },
    "mfcc": {
        "mean": [-823.417663574, 130.559951782, 12.0910692215, 16.0799026489, -0.0468927621841, -0.116125226021, -5.81366300583, 0.707062065601, -6.45612430573, 0.715686500072, -1.67627847195, -3.16932845116, -3.53332161903],
        "cov": [[24792.1484375, 2470.46582031, -3250.15063477, -1016.14141846, -1736.68432617, -637.416809082, -814.769714355, -240.433364868, -533.354614258, 109.909416199, -193.025695801, -107.859886169, -346.32510376], [2470.46582031, 1774.98413086, -751.901855469, -343.461364746, -8.09257221222, -308.042663574, -343.693878174, -206.324203491, -214.08984375, -86.3546524048, 45.4654006958, -21.0501174927, -20.2208557129], [-3250.15063477, -751.901855469, 1253.17980957, 216.242584229, 73.2750244141, 193.831130981, 136.526153564, 77.8359298706, 126.053459167, -43.7110404968, -80.6668624878, 11.2376232147, 53.6317367554], [-1016.14141846, -343.461364746, 216.242584229, 403.284545898, 138.036315918, 21.2533855438, 68.6760635376, 57.3652191162, 27.5282497406, 0.497647345066, -15.6402845383, -22.0793781281, 38.640586853], [-1736.68432617, -8.09257221222, 73.2750244141, 138.036315918, 394.14465332, 3.37700724602, -22.400724411, -27.1101474762, -16.5112533569, -7.21388816833, 53.958366394, -9.78466415405, 32.3434486389], [-637.416809082, -308.042663574, 193.831130981, 21.2533855438, 3.37700724602, 249.481155396, 110.890670776, 22.1285400391, 98.0074996948, 22.8875370026, -21.0997924805, 4.99476337433, -10.4742059708], [-814.769714355, -343.693878174, 136.526153564, 68.6760635376, -22.400724411, 110.890670776, 219.35357666, 112.687644958, 69.7347335815, 22.5408267975, 3.60557174683, 24.4130153656, -3.05124258995], [-240.433364868, -206.324203491, 77.8359298706, 57.3652191162, -27.1101474762, 22.1285400391, 112.687644958, 141.990585327, 57.6809539795, 15.0493850708, 1.11599218845, 5.17106676102, -3.57867956161], [-533.354614258, -214.08984375, 126.053459167, 27.5282497406, -16.5112533569, 98.0074996948, 69.7347335815, 57.6809539795, 143.049514771, 39.0637359619, -14.0162611008, 6.34515762329, -6.62252998352], [109.909416199, -86.3546524048, -43.7110404968, 0.497647345066, -7.21388816833, 22.8875370026, 22.5408267975, 15.0493850708, 39.0637359619, 83.3499069214, 32.0589828491, 6.78356981277, -1.46324145794], [-193.025695801, 45.4654006958, -80.6668624878, -15.6402845383, 53.958366394, -21.0997924805, 3.60557174683, 1.11599218845, -14.0162611008, 32.0589828491, 92.9111480713, 39.5918006897, 9.08136463165], [-107.859886169, -21.0501174927, 11.2376232147, -22.0793781281, -9.78466415405, 4.99476337433, 24.4130153656, 5.17106676102, 6.34515762329, 6.78356981277, 39.5918006897, 78.277923584, 21.147895813], [-346.32510376, -20.2208557129, 53.6317367554, 38.640586853, 32.3434486389, -10.4742059708, -3.05124258995, -3.57867956161, -6.62252998352, -1.46324145794, 9.08136463165, 21.147895813, 66.5064849854]],
        "icov": [[0.000154570050654, -4.33366622019e-05, 0.00030133020482, -0.000115764632937, 0.000570648931898, -0.000288064504275, 0.000715299742296, -0.000511821941473, 0.00062507414259, -0.000535711529665, 0.000564360583667, -0.000368953798898, 0.000389098451706], [-4.33366622019e-05, 0.00128268683329, 0.000384971121093, 0.000681864272337, -0.000261945300736, 0.000678255746607, 0.000608475646004, 0.000590179406572, -0.000232444232097, 0.00143400637899, -0.00067969202064, 0.000432800938142, -0.000284816575004], [0.00030133020482, 0.000384971121093, 0.00192616204731, -0.000356653967174, 0.000905934430193, -0.000963400118053, 0.0016268909676, -0.00106338900514, 0.000614866672549, 0.00024520730949, 0.00171240454074, -0.00103864783887, -7.16892973287e-05], [-0.000115764632937, 0.000681864272337, -0.000356653967174, 0.00409511616454, -0.00181362568401, 0.00106644851621, -0.00114485505037, -0.000267309689661, -0.000392323359847, 0.000391530251363, 0.000459044909803, 0.00164897658397, -0.00212161545642], [0.000570648931898, -0.000261945300736, 0.000905934430193, -0.00181362568401, 0.00601914292201, -0.00162688840646, 0.00296813249588, -0.000850330165122, 0.00181412755046, -0.000276289589237, -0.00226217834279, 0.00100470788311, 0.000286066730041], [-0.000288064504275, 0.000678255746607, -0.000963400118053, 0.00106644851621, -0.00162688840646, 0.00885987747461, -0.00573420105502, 0.00552352378145, -0.00548699265346, 0.00112086581066, -0.000265707727522, 0.00131239113398, 0.000181372146471], [0.000715299742296, 0.000608475646004, 0.0016268909676, -0.00114485505037, 0.00296813249588, -0.00573420105502, 0.0154497874901, -0.0105047626421, 0.00456962408498, -0.00246572354808, 0.00223496207036, -0.00480713602155, 0.002684262814], [-0.000511821941473, 0.000590179406572, -0.00106338900514, -0.000267309689661, -0.000850330165122, 0.00552352378145, -0.0105047626421, 0.0175757911056, -0.00754636153579, 0.00368547253311, -0.00437827827409, 0.00398142868653, -0.00106427422725], [0.00062507414259, -0.000232444232097, 0.000614866672549, -0.000392323359847, 0.00181412755046, -0.00548699265346, 0.00456962408498, -0.00754636153579, 0.0167453680187, -0.00897859595716, 0.00676874630153, -0.00455443141982, 0.00296749873087], [-0.000535711529665, 0.00143400637899, 0.00024520730949, 0.000391530251363, -0.000276289589237, 0.00112086581066, -0.00246572354808, 0.00368547253311, -0.00897859595716, 0.022435542196, -0.0124411173165, 0.00602916767821, -0.00300159770995], [0.000564360583667, -0.00067969202064, 0.00171240454074, 0.000459044909803, -0.00226217834279, -0.000265707727522, 0.00223496207036, -0.00437827827409, 0.00676874630153, -0.0124411173165, 0.0258498881012, -0.0136065306142, 0.00320697948337], [-0.000368953798898, 0.000432800938142, -0.00103864783887, 0.00164897658397, 0.00100470788311, 0.00131239113398, -0.00480713602155, 0.00398142868653, -0.00455443141982, 0.00602916767821, -0.0136065306142, 0.0231733880937, -0.00803005136549], [0.000389098451706, -0.000284816575004, -7.16892973287e-05, -0.00212161545642, 0.000286066730041, 0.000181372146471, 0.002684262814, -0.00106427422725, 0.00296749873087, -0.00300159770995, 0.00320697948337, -0.00803005136549, 0.0205664876848]]
    },
    "spectral_contrast_coeffs": {
        "max": [-0.445306628942, -0.497008055449, -0.537703633308, -0.603592813015, -0.363762617111, -0.564616858959],
        "mean": [-0.72253704071, -0.764182269573, -0.78198236227, -0.806137442589, -0.805934846401, -0.787901759148],
        "min": [-0.930323600769, -0.946648716927, -0.939340591431, -0.935524344444, -0.916884183884, -0.887702524662],
        "stdev": [0.0965182781219, 0.0945133715868, 0.0900555029511, 0.0776168778539, 0.0771310403943, 0.0652631744742]
    },
    "spectral_contrast_valleys": {
        "max": [-5.42849397659, -4.04297113419, -5.46699714661, -5.6984500885, -5.57725000381, -8.59308433533],
        "mean": [-8.36032581329, -8.09960842133, -9.08395195007, -9.45371246338, -9.5697927475, -12.0625219345],
        "min": [-11.0998306274, -11.5338535309, -12.120675087, -12.2053928375, -11.8383016586, -13.9414663315],
        "stdev": [1.19168663025, 1.61689817905, 1.53834140301, 1.49324846268, 1.32351446152, 1.1231662035]
    }
},
"rhythm": {
    "beats_count": 61,
    "beats_loudness": {
        "max": 0.231082677841,
        "mean": 0.0131565444171,
        "min": 4.87344686917e-06,
        "stdev": 0.0323531068861
    },
    "bpm": 110.146102905,
    "bpm_histogram_first_peak_bpm": 110,
    "bpm_histogram_first_peak_weight": 0.357142806053,
    "bpm_histogram_second_peak_bpm": 144,
    "bpm_histogram_second_peak_spread": 0.5,
    "bpm_histogram_second_peak_weight": 0.10000000149,
    "danceability": 0.975444376469,
    "onset_rate": 3.22998023033,
    "beats_loudness_band_ratio": {
        "max": [0.887860357761, 0.793150305748, 0.648046314716, 0.551701545715, 0.359789699316, 0.871296107769],
        "mean": [0.322876542807, 0.267341911793, 0.232735574245, 0.112624518573, 0.0484968572855, 0.0598615333438],
        "min": [0.0210570171475, 0.0276713389903, 0.00628474028781, 0.0052017653361, 0.00248448550701, 0.000224452800467],
        "stdev": [0.263376861811, 0.185483887792, 0.175623908639, 0.105521760881, 0.0582969225943, 0.135044977069]
    },
    "beats_position": [0.638548731804, 1.28870749474, 1.93886613846, 2.60063481331, 3.28562355042, 3.97061228752, 4.63238096237, 5.28253936768, 5.93269824982, 6.52480697632, 7.12852573395, 7.72063493729, 8.31274318695, 8.90485286713, 9.4853515625, 10.0542402267, 10.623128891, 11.1920175552, 11.749297142, 12.3065757751, 12.8522443771, 13.3979139328, 13.9435825348, 14.4892511368, 15.0349206924, 15.5689792633, 16.114648819, 16.6603164673, 17.2059860229, 17.7516555786, 18.2857131958, 18.8197727203, 19.3422222137, 19.8646717072, 20.3871192932, 20.8050785065, 21.2230377197, 21.640996933, 22.0473461151, 22.4653053284, 22.8716545105, 23.2780036926, 23.6843528748, 24.0907020569, 24.497051239, 24.89179039, 25.286529541, 25.681268692, 26.0992279053, 26.5171871185, 27.0048065186, 27.4808158875, 27.9568252563, 28.4444446564, 28.932062149, 29.4196815491, 29.8840808868, 30.3600902557, 30.8244895935, 31.2888889313, 31.753288269],
