{
"metadata": {
    "version": {
        "essentia": "2.1-beta5",
        "essentia_git_sha": "Undefined",
        "extractor": "music 2.0"
    },
    "audio_properties": {
        "analysis": {
            "equal_loudness": 0,
            "length": 32.4963264465,
            "sample_rate": 44100,
            "start_time": 93.9943771362,
            "downmix": "mix"
        },
        "bit_rate": 192000,
        "length": 162.052078247,
        "lossless": 0,
        "number_channels": 1,
        "replay_gain": -3.6842956543,
        "sample_rate": 48000,
        "codec": "mp3",
        "md5_encoded": "b5acbd60062a8012bde28f1c03cfdd26"
    },
    "tags": {
        "file_name": "Denmark_Stop, Ja Stop - Ja Stop, Mens Legen Er Go_Ulla Pia.mp3",
        "encoding": ["Lavf58.29.100"]
    }
},
"lowlevel": {
    "average_loudness": 0.890334665775,
    "barkbands_crest": {
        "max": 26.5084495544,
        "mean": 8.39011001587,
        "min": 2.66507053375,
        "stdev": 4.28326129913
    },
    "barkbands_flatness_db": {
        "max": 0.571419358253,
        "mean": 0.205021753907,
        "min": 0.0716776102781,
        "stdev": 0.0593432076275
    },
    "barkbands_kurtosis": {
        "max": 2370.22119141,
        "mean": 8.7946023941,
        "min": -1.6561384201,
        "stdev": 95.08644104
    },
    "barkbands_skewness": {
        "max": 40.9446487427,
        "mean": 1.11941814423,
        "min": -1.20724391937,
        "stdev": 2.18035888672
    },
    "barkbands_spread": {
        "max": 54.026599884,
        "mean": 19.0884456635,
        "min": 0.066373758018,
        "stdev": 8.5278263092
    },
    "dissonance": {
        "max": 0.499589204788,
        "mean": 0.467259287834,
        "min": 0.329850047827,
        "stdev": 0.0230924915522
    },
    "dynamic_complexity": 3.34770894051,
    "erbbands_crest": {
        "max": 27.2194519043,
        "mean": 9.12481307983,
        "min": 2.7160859108,
        "stdev": 4.39285421371
    },
    "erbbands_flatness_db": {
        "max": 0.3963752985,
        "mean": 0.253645062447,
        "min": 0.102144226432,
        "stdev": 0.0368923693895
    },
    "erbbands_kurtosis": {
        "max": 83.9133300781,
        "mean": 0.491038143635,
        "min": -1.79075074196,
        "stdev": 4.96123981476
    },
    "erbbands_skewness": {
        "max": 6.80536603928,
        "mean": 0.257680356503,
        "min": -1.69413840771,
        "stdev": 0.84091258049
    },
    "erbbands_spread": {
        "max": 96.5936508179,
        "mean": 29.1333904266,
        "min": 1.48916459084,
        "stdev": 11.5092906952
    },
    "hfc": {
        "max": 87.3655929565,
        "mean": 21.4105949402,
        "min": 0.00699365185574,
        "stdev": 16.3455734253
    },
    "loudness_ebu128": {
        "integrated": -23.3647823334,
        "loudness_range": 4.01677894592,
        "momentary": {
            "max": -19.3271999359,
            "mean": -24.2990913391,
            "min": -45.4435119629,
            "stdev": 3.28991341591
        },
        "short_term": {
            "max": -21.5000400543,
            "mean": -23.6567268372,
            "min": -27.8890686035,
            "stdev": 1.42179012299
        }
    },
    "melbands_crest": {
        "max": 26.3821048737,
        "mean": 12.0029153824,
        "min": 3.74621319771,
        "stdev": 5.1123547554
    },
    "melbands_flatness_db": {
        "max": 0.685677945614,
        "mean": 0.239545151591,
        "min": 0.134425267577,
        "stdev": 0.0799993649125
    },
    "melbands_kurtosis": {
        "max": 462.539031982,
        "mean": 8.99064254761,
        "min": -1.42722809315,
        "stdev": 27.4359378815
    },
    "melbands_skewness": {
        "max": 14.3938589096,
        "mean": 1.78009355068,
        "min": -0.387295722961,
        "stdev": 1.55656480789
    },
    "melbands_spread": {
        "max": 104.455413818,
        "mean": 27.0465507507,
        "min": 0.253013491631,
        "stdev": 14.695186615
    },
    "pitch_salience": {
        "max": 0.867085576057,
        "mean": 0.566789388657,
        "min": 0.0329354628921,
        "stdev": 0.10446613282
    },
    "silence_rate_20dB": {
        "max": 1,
        "mean": 1,
        "min": 1,
        "stdev": 0
    },
    "silence_rate_30dB": {
        "max": 1,
        "mean": 0.997144877911,
        "min": 0,
        "stdev": 0.053356628865
    },
    "silence_rate_60dB": {
        "max": 1,
        "mean": 0.0513918623328,
        "min": 0,
        "stdev": 0.220794454217
    },
    "spectral_centroid": {
        "max": 3453.06811523,
        "mean": 1533.18896484,
        "min": 85.4561233521,
        "stdev": 666.92590332
    },
    "spectral_complexity": {
        "max": 50,
        "mean": 21.1720199585,
        "min": 0,
        "stdev": 11.6044635773
    },
    "spectral_decrease": {
        "max": -4.68432714493e-12,
        "mean": -6.08359718157e-09,
        "min": -2.95872801814e-08,
        "stdev": 4.73433425796e-09
    },
    "spectral_energy": {
        "max": 0.11449816823,
        "mean": 0.0249028857797,
        "min": 1.8413995349e-05,
        "stdev": 0.0187433566898
    },
    "spectral_energyband_high": {
        "max": 0.00453653978184,
        "mean": 0.000602855172474,
        "min": 3.0485557545e-07,
        "stdev": 0.000655105453916
    },
    "spectral_energyband_low": {
        "max": 0.0871961861849,
        "mean": 0.00771224452183,
        "min": 7.20106982044e-06,
        "stdev": 0.0135354558006
    },
    "spectral_energyband_middle_high": {
        "max": 0.0428622849286,
        "mean": 0.00853491015732,
        "min": 7.12969153938e-07,
        "stdev": 0.00751611124724
    },
    "spectral_energyband_middle_low": {
        "max": 0.0747030153871,
        "mean": 0.0107341390103,
        "min": 1.76431228738e-06,
        "stdev": 0.0108122387901
    },
    "spectral_entropy": {
        "max": 8.02320384979,
        "mean": 7.22171592712,
        "min": 4.06945180893,
        "stdev": 0.483039170504
    },
    "spectral_flux": {
        "max": 0.250476181507,
        "mean": 0.073380343616,
        "min": 0.00208883848973,
        "stdev": 0.0326264612377
    },
    "spectral_kurtosis": {
        "max": 116.432579041,
        "mean": 4.56590652466,
        "min": -0.996841669083,
        "stdev": 7.82281970978
    },
    "spectral_rms": {
        "max": 0.0105690835044,
        "mean": 0.00455795042217,
        "min": 0.000134033107315,
        "stdev": 0.00187631917652
    },
    "spectral_rolloff": {
        "max": 4242.04101562,
        "mean": 1641.70410156,
        "min": 86.1328125,
        "stdev": 961.490600586
    },
    "spectral_skewness": {
        "max": 8.99928665161,
        "mean": 1.05408513546,
        "min": -0.102234072983,
        "stdev": 0.815302968025
    },
    "spectral_spread": {
        "max": 5684353,
        "mean": 2594434,
        "min": 689362.875,
        "stdev": 425125.625
    },
    "spectral_strongpeak": {
        "max": 10.3100337982,
        "mean": 1.34937155247,
        "min": 0.00356759596616,
        "stdev": 1.51516878605
    },
    "zerocrossingrate": {
        "max": 0.13671875,
        "mean": 0.0563698224723,
        "min": 0.0029296875,
        "stdev": 0.024921707809
    },
    "barkbands": {
        "max": [0.000446407968411, 0.0482713207603, 0.050003990531, 0.0672517493367, 0.0208728201687, 0.0120968427509, 0.011234161444, 0.0224681012332, 0.0191139858216, 0.0220540910959, 0.0210040081292, 0.02691196464, 0.0182327684015, 0.0100361192599, 0.0171148739755, 0.00928777176887, 0.011414709501, 0.00418790988624, 0.00506973965093, 0.00691194320098, 0.00230943714269, 0.00133749260567, 1.95224729396e-05, 1.04424782421e-06, 7.97215818693e-07, 7.86534542385e-07, 8.46901514251e-07],
        "mean": [3.43656101904e-05, 0.00276968954131, 0.00245870812796, 0.00357454759069, 0.00155503558926, 0.0013091241708, 0.00105808244552, 0.00114315678366, 0.00169916753657, 0.0013066631509, 0.00144794408698, 0.00120403489564, 0.000778840039857, 0.000636062293779, 0.00082619744353, 0.000680343713611, 0.000699959462509, 0.000396641000407, 0.000540139968507, 0.00042925204616, 0.000239044878981, 0.000114416208817, 1.26828683733e-06, 1.86330993301e-07, 2.96776967446e-08, 2.40448483346e-09, 2.58539212261e-09],
        "min": [2.86066267563e-07, 2.4893340651e-06, 1.2010809769e-07, 7.56288685011e-08, 1.65437754163e-07, 1.97287562287e-07, 1.83345974847e-07, 8.22870305228e-08, 1.09128720283e-07, 4.62467824036e-08, 2.35793553571e-08, 3.65556260817e-08, 3.84712670609e-08, 5.95230886802e-08, 2.9866605189e-08, 8.56875317368e-08, 3.21658966129e-08, 2.64158686036e-08, 3.26483906576e-08, 4.6920291652e-08, 3.91402323885e-08, 4.73492853814e-08, 1.39954066114e-08, 4.7123300817e-08, 1.82320225584e-09, 9.63039925583e-11, 1.24622229203e-10],
        "stdev": [4.07876796089e-05, 0.00491381436586, 0.00410087266937, 0.00932737160474, 0.00205968762748, 0.00155297550373, 0.00127812311985, 0.00148800492752, 0.00240891193971, 0.00231078849174, 0.00222160154954, 0.00229497114196, 0.00129205780104, 0.000853542645928, 0.00148164131679, 0.00105387845542, 0.0011432612082, 0.000536153442226, 0.000587235437706, 0.000679273623973, 0.000282152614091, 0.000151292188093, 2.0756287995e-06, 8.10482845282e-08, 3.84335727688e-08, 3.39327854704e-08, 3.62517909025e-08]
    },
    "erbbands": {
        "max": [1.25839090347, 11.1346406937, 49.2073249817, 174.209716797, 81.929649353, 73.9253158569, 62.518119812, 141.086517334, 182.402313232, 323.734344482, 289.801849365, 509.685211182, 761.160705566, 921.565795898, 1024.94372559, 1361.83239746, 701.090026855, 394.160675049, 1035.89709473, 531.890014648, 380.728393555, 461.976226807, 266.870391846, 332.297271729, 318.893463135, 268.557098389, 129.320602417, 54.8288040161, 59.4132080078, 10.4800977707, 0.412215143442, 0.0231474693865, 0.0180756188929, 0.00964486226439, 0.00564554985613, 0.00313145224936, 0.00146637030412, 0.00052473845426, 0.00012573490676, 0.000127089966554],
        "mean": [0.0370129011571, 0.772219955921, 2.59168052673, 9.30840110779, 6.86693668365, 5.19500780106, 6.30289411545, 12.6550416946, 13.9165067673, 23.1331501007, 21.7330913544, 44.9364051819, 33.9860801697, 44.6511039734, 68.9331817627, 50.6674880981, 38.5662002563, 36.9644584656, 45.6280250549, 32.6849250793, 34.2217330933, 32.4719047546, 28.7539615631, 28.2963867188, 24.3789043427, 19.8828353882, 12.8781385422, 8.25145244598, 4.58149290085, 0.881890594959, 0.0379405803978, 0.00609051156789, 0.00295994058251, 0.000771225080825, 7.90925696492e-05, 3.5716315324e-05, 1.84426244232e-05, 6.68838174533e-06, 1.45280619108e-05, 2.998423588e-05],
        "min": [6.73311733408e-05, 0.000294222234515, 0.000487709330628, 0.000640670361463, 0.0011939908145, 0.000556281534955, 0.00179267686326, 0.00192650675308, 0.00252183061093, 0.00163613795303, 0.00232480210252, 0.00192073651124, 0.00241506681778, 0.00111498648766, 0.00119907257613, 0.0014048271114, 0.00161929300521, 0.00313614076003, 0.00121072202455, 0.00241926778108, 0.00520978262648, 0.00239182356745, 0.00187150237616, 0.0018326214049, 0.00181972899009, 0.00178740127012, 0.00182437244803, 0.00185089325532, 0.00200806465, 0.00134457473177, 0.00127205951139, 0.00112491834443, 0.000702259247191, 0.000116991512186, 4.80480775877e-06, 7.66982509504e-07, 2.92999772e-07, 1.11546533788e-07, 3.78748552521e-08, 2.40982469535e-08],
        "stdev": [0.0713826343417, 1.33355343342, 3.97840285301, 24.2876224518, 10.3442001343, 7.47632551193, 7.59858226776, 16.9587841034, 17.1066894531, 30.0028476715, 25.5169334412, 63.5848884583, 58.1370697021, 75.0978240967, 106.233581543, 105.348892212, 58.5736427307, 42.1617355347, 84.210899353, 40.4733924866, 47.2948493958, 48.9869689941, 37.7898292542, 35.7997894287, 31.1721172333, 29.5140247345, 16.0176467896, 9.63537120819, 5.70737028122, 1.12139832973, 0.0423623323441, 0.00335932499729, 0.00137739744969, 0.000526809773874, 0.000246504700044, 0.000136048780405, 6.34973548586e-05, 2.27826003538e-05, 1.10463215606e-05, 2.16650350922e-05]
    },
    "gfcc": {
        "mean": [-66.5257797241, 171.709518433, -190.483901978, 47.9612998962, -45.7050552368, -19.2693119049, 5.9644908905, -22.4285316467, -2.86851382256, -12.2053718567, -6.69178533554, -13.7895355225, -1.74026858807],
        "cov": [[5359.45019531, 329.768859863, -1742.71179199, -132.078704834, -40.0904884338, -662.004272461, 462.334381104, -442.325042725, -114.094978333, 104.544006348, -326.687713623, 272.497619629, -74.1003875732], [329.768859863, 757.998779297, 584.472595215, -5.24964427948, 85.5033493042, 0.0748594850302, -65.1244506836, -101.440109253, -73.5046386719, -127.762321472, -69.1858596802, -109.879081726, 26.9485454559], [-1742.71179199, 584.472595215, 1652.59692383, 205.090652466, 215.784255981, 338.704925537, -178.126678467, 103.553482056, 7.59655284882, -167.857070923, 27.5258655548, -192.879547119, 26.9129638672], [-132.078704834, -5.24964427948, 205.090652466, 228.380447388, 85.7958221436, 61.5416412354, 25.210931778, 30.1367073059, 60.478767395, 8.13139629364, -13.1458158493, 11.5311937332, -4.97389316559], [-40.0904884338, 85.5033493042, 215.784255981, 85.7958221436, 173.739715576, 96.4990997314, 34.9928779602, 30.2326526642, 18.651884079, -21.9435138702, -6.97823381424, -13.2386074066, -5.43973970413], [-662.004272461, 0.0748594850302, 338.704925537, 61.5416412354, 96.4990997314, 218.643127441, -3.45925474167, 47.088684082, 45.4506988525, -18.5384407043, 23.5609817505, -22.2735366821, -1.47983467579], [462.334381104, -65.1244506836, -178.126678467, 25.210931778, 34.9928779602, -3.45925474167, 161.829147339, 17.7530612946, -11.5988273621, 27.7141456604, -5.04899311066, 40.2344665527, -14.806303978], [-442.325042725, -101.440109253, 103.553482056, 30.1367073059, 30.2326526642, 47.088684082, 17.7530612946, 134.75958252, 42.4266281128, 8.41795730591, 44.7463569641, -11.4012718201, 5.93220233917], [-114.094978333, -73.5046386719, 7.59655284882, 60.478767395, 18.651884079, 45.4506988525, -11.5988273621, 42.4266281128, 164.195205688, 57.886089325, -13.744887352, 37.6733894348, -8.15532684326], [104.544006348, -127.762321472, -167.857070923, 8.13139629364, -21.9435138702, -18.5384407043, 27.7141456604, 8.41795730591, 57.886089325, 97.1927032471, 29.3811855316, 36.7886734009, -5.15537834167], [-326.687713623, -69.1858596802, 27.5258655548, -13.1458158493, -6.97823381424, 23.5609817505, -5.04899311066, 44.7463569641, -13.744887352, 29.3811855316, 86.2383575439, 5.32441139221, 7.76921606064], [272.497619629, -109.879081726, -192.879547119, 11.5311937332, -13.2386074066, -22.2735366821, 40.2344665527, -11.4012718201, 37.6733894348, 36.7886734009, 5.32441139221, 89.4983062744, 7.1694316864], [-74.1003875732, 26.9485454559, 26.9129638672, -4.97389316559, -5.43973970413, -1.47983467579, -14.806303978, 5.93220233917, -8.15532684326, -5.15537834167, 7.76921606064, 7.1694316864, 49.3868637085]],
        "icov": [[0.00368967093527, -0.00382334948517, 0.00188553612679, 0.000895916949958, -0.00391717720777, 0.00636068079621, -0.00581658398733, 0.00273436889984, 0.00253426120616, -0.0050785751082, 0.00888845417649, -0.00784158520401, 0.00400027632713], [-0.00382334948517, 0.00886321906, -0.00424847565591, 0.000936464639381, 0.00181281997357, -0.00204321602359, 0.00223304703832, 0.00424337247387, -0.00728368991986, 0.010005267337, -0.0118805207312, 0.0128448046744, -0.00801923498511], [0.00188553612679, -0.00424847565591, 0.00390316313133, -0.00175374664832, -0.00151555216871, -0.000349365815055, -0.000221546331886, -0.00160049786791, 0.00262449635193, -0.00234217499383, 0.0041815279983, -0.00335038965568, 0.00280956411734], [0.000895916949958, 0.000936464639381, -0.00175374664832, 0.00785968545824, -0.00389976706356, 0.00396090513095, -0.00377063988708, 0.00258420896716, -0.00191602343693, -0.00150393077638, 0.0032981694676, -0.00272718793713, 0.000232465390582], [-0.00391717720777, 0.00181281997357, -0.00151555216871, -0.00389976706356, 0.0151183195412, -0.0115873329341, 0.00505386199802, -0.00633337395266, -0.000869200041052, 0.00473490683362, -0.00748433126137, 0.0067102862522, -0.00228550448082], [0.00636068079621, -0.00204321602359, -0.000349365815055, 0.00396090513095, -0.0115873329341, 0.0246279276907, -0.0160373821855, 0.013131050393, -0.00495534949005, -0.00103927752934, 0.00750935077667, -0.00804535020143, 0.00338400551118], [-0.00581658398733, 0.00223304703832, -0.000221546331886, -0.00377063988708, 0.00505386199802, -0.0160373821855, 0.0251875650138, -0.0165405496955, 0.00881157629192, -0.0032600632403, -0.00355786480941, 0.00155970908236, 0.000857492384966], [0.00273436889984, 0.00424337247387, -0.00160049786791, 0.00258420896716, -0.00633337395266, 0.013131050393, -0.0165405496955, 0.0289202649146, -0.0166519489139, 0.0125749278814, -0.0123367290944, 0.0096657210961, -0.00671670911834], [0.00253426120616, -0.00728368991986, 0.00262449635193, -0.00191602343693, -0.000869200041052, -0.00495534949005, 0.00881157629192, -0.0166519489139, 0.0286204423755, -0.0259987320751, 0.0268085282296, -0.0220807641745, 0.0115516725928], [-0.0050785751082, 0.010005267337, -0.00234217499383, -0.00150393077638, 0.00473490683362, -0.00103927752934, -0.0032600632403, 0.0125749278814, -0.0259987320751, 0.042769189924, -0.0358336344361, 0.0228148121387, -0.0114555135369], [0.00888845417649, -0.0118805207312, 0.0041815279983, 0.0032981694676, -0.00748433126137, 0.00750935077667, -0.00355786480941, -0.0123367290944, 0.0268085282296, -0.0358336344361, 0.0556745827198, -0.0332974083722, 0.0144500974566], [-0.00784158520401, 0.0128448046744, -0.00335038965568, -0.00272718793713, 0.0067102862522, -0.00804535020143, 0.00155970908236, 0.0096657210961, -0.0220807641745, 0.0228148121387, -0.0332974083722, 0.0469910651445, -0.0202669184655], [0.00400027632713, -0.00801923498511, 0.00280956411734, 0.000232465390582, -0.00228550448082, 0.00338400551118, 0.000857492384966, -0.00671670911834, 0.0115516725928, -0.0114555135369, 0.0144500974566, -0.0202669184655, 0.0314126908779]]
    },
    "melbands": {
        "max": [0.0131634194404, 0.0176091585308, 0.023927198723, 0.00558590749279, 0.00194130802993, 0.00277724443004, 0.00237169675529, 0.00399750377983, 0.00237943115644, 0.00356414029375, 0.00382790877484, 0.00393212493509, 0.00292356405407, 0.00312778027728, 0.0030664280057, 0.00118452648167, 0.000913995376322, 0.00151844706852, 0.000690333545208, 0.000731374602765, 0.000385434279451, 0.000653144496027, 0.000794947845861, 0.000251323072007, 0.000317703670589, 0.000208764366107, 0.00035178870894, 0.00016217623488, 0.000127356863231, 5.53146091988e-05, 4.14088681282e-05, 4.98895060446e-05, 9.52598747972e-06, 3.62212472282e-06, 3.55452556278e-08, 1.39152476208e-08, 1.34577007316e-08, 1.27318946497e-08, 1.04669117817e-08, 7.46755546288e-09],
        "mean": [0.000574978475925, 0.00136472599115, 0.00145117565989, 0.000401496217819, 0.000219788082177, 0.000270810065558, 0.000213251361856, 0.000259487162111, 0.000175607201527, 0.000286321417661, 0.000164533979842, 0.000176089408342, 0.00020611177024, 0.000155975634698, 0.000107389889308, 7.73622014094e-05, 6.75206974847e-05, 6.87049105181e-05, 5.06908290845e-05, 5.50598560949e-05, 3.43998617609e-05, 3.07670379698e-05, 3.90677087125e-05, 1.90841728909e-05, 2.37769163505e-05, 1.6258443793e-05, 1.54941135406e-05, 1.33460243887e-05, 9.60064699029e-06, 5.28731288796e-06, 4.85599321109e-06, 3.09668416776e-06, 1.04883770291e-06, 2.19177081817e-07, 2.77236567037e-09, 2.53412513196e-09, 2.61464672136e-09, 2.02008632044e-09, 1.35039379678e-09, 2.73089023617e-10],
        "min": [9.67007053987e-07, 4.05140383464e-07, 1.12976138666e-07, 5.69887745883e-08, 6.06927059721e-08, 4.05826163785e-08, 3.99862720712e-08, 1.60626001389e-08, 1.84253678981e-08, 1.23029160193e-08, 1.04712007953e-08, 3.59024854291e-09, 3.21076920606e-09, 3.13067416435e-09, 3.19871595877e-09, 3.46775785864e-09, 6.03243144326e-09, 1.44126177659e-09, 1.60224267187e-09, 5.92601656635e-09, 5.72104186247e-09, 1.9745436397e-09, 2.14757656103e-09, 1.10056763702e-09, 1.25224186576e-09, 1.15659726241e-09, 8.55682025236e-10, 1.17769216601e-09, 1.17928389276e-09, 7.88663800932e-10, 9.73659597392e-10, 8.85059026068e-10, 8.00607635743e-10, 5.53698920047e-10, 2.25459199921e-11, 3.42238792861e-10, 5.3350157625e-10, 4.67407446081e-10, 2.76167866353e-10, 8.87136284572e-12],
        "stdev": [0.00104192318395, 0.00205308152363, 0.00334367854521, 0.000528937031049, 0.000250868790317, 0.000349920388544, 0.000255395658314, 0.00034318753751, 0.000216312037082, 0.000429160427302, 0.000290294497972, 0.000322248612065, 0.000312701828079, 0.000273595855106, 0.00025066541275, 0.000125752063468, 8.87231872184e-05, 0.00012540971511, 8.11033896753e-05, 8.48273339216e-05, 4.67799000035e-05, 4.63815486e-05, 7.53384374548e-05, 2.68669991783e-05, 3.37282799592e-05, 2.15810359805e-05, 2.72318102361e-05, 2.02311948669e-05, 1.36788112286e-05, 6.67675749355e-06, 6.40912685412e-06, 4.09067524743e-06, 1.35521815992e-06, 3.19003390814e-07, 2.49320475376e-09, 1.398567262e-09, 1.34399102958e-09, 1.00461272634e-09, 6.7877609089e-10, 3.61516788727e-10]
    },
    "melbands128": {
        "max": [0.00028138840571, 0.00710884621367, 0.0230359509587, 0.0234646238387, 0.0245541799814, 0.0224153716117, 0.0449155159295, 0.0238413754851, 0.0101894699037, 0.00965632870793, 0.00403148029, 0.00387016381137, 0.00267497007735, 0.00245470018126, 0.00505168130621, 0.00398276653141, 0.00596030382439, 0.0028648446314, 0.00298852217384, 0.00430316105485, 0.00888507533818, 0.00444509927183, 0.00377164548263, 0.00524877384305, 0.00422418536618, 0.00730137201026, 0.00291245779954, 0.00743650179356, 0.00228960462846, 0.00644972594455, 0.00493124779314, 0.00280648516491, 0.00411553774029, 0.00725031225011, 0.00231883791275, 0.00628066435456, 0.00518523203209, 0.00665978807956, 0.0050252052024, 0.00130121898837, 0.0024386907462, 0.000799209519755, 0.000824115122668, 0.00260715000331, 0.000828947871923, 0.00211426336318, 0.00326368724927, 0.00113204878289, 0.000506610085722, 0.00185858481564, 0.000928811146878, 0.00175045104697, 0.000822607136797, 0.000494219770189, 0.00189106178004, 0.000727698148694, 0.000852110795677, 0.00230849743821, 0.000407750310842, 0.000493219704367, 0.000471058127005, 0.000524414062966, 0.000595544464886, 0.000389507535147, 0.000233497616136, 0.000275207159575, 0.000587373680901, 0.000322913896525, 0.000761446252, 0.000329655711539, 0.000313988392008, 0.000358460529242, 0.000236941050389, 0.000220148620429, 8.20094937808e-05, 0.000130005617393, 8.38590640342e-05, 6.96866845828e-05, 7.48784295865e-05, 0.000139891475555, 7.05861384631e-05, 6.08683367318e-05, 2.6134586733e-05, 1.16458595585e-05, 1.42033450174e-05, 6.03370108365e-06, 5.96960546773e-07, 6.28820657766e-08, 6.79119196434e-08, 1.9405407059e-08, 1.58909418957e-08, 1.68287588309e-08, 2.22695213381e-08, 1.38128743998e-08, 1.51060461917e-08, 1.96012130971e-08, 1.05726778443e-08, 1.75598735552e-08, 1.00551691418e-08, 9.87954962284e-09, 8.36775448931e-09, 7.29945615063e-09, 6.9001324654e-09, 6.6196688131e-09, 6.35215080536e-09, 6.05363981165e-09, 5.80948089635e-09, 5.60492852131e-09, 5.36585309519e-09, 5.1560098413e-09, 4.98874053179e-09, 4.82607331875e-09, 4.61395632811e-09, 4.47652270807e-09, 4.31580060578e-09, 4.17839363109e-09, 4.04609412641e-09, 3.96058075225e-09, 3.84221188199e-09, 3.76722475437e-09, 3.62847973889e-09, 3.56257290335e-09, 3.54529250401e-09, 3.46925888017e-09, 3.39685390927e-09, 3.37217276325e-09, 3.34557825887e-09, 3.3284519585e-09],
        "mean": [2.31347203226e-05, 0.000115329836262, 0.000795647967607, 0.00146591162775, 0.00122837699018, 0.00130439992063, 0.00218443688937, 0.00139797804877, 0.00056633586064, 0.000379848497687, 0.000272027449682, 0.000188306366908, 0.00019459365285, 0.000253567268373, 0.000354244199116, 0.000224142437219, 0.000187541911146, 0.000241128975176, 0.00019525011885, 0.000282051303657, 0.000303800072288, 0.000153654720634, 0.000159474700922, 0.000169857259607, 0.00031731207855, 0.00038744873018, 0.000107050225779, 0.000178919639438, 0.000123740654089, 0.00023467153369, 0.000165712001035, 0.000122045559692, 0.000174167755176, 0.000361815880751, 0.000117812982353, 0.000127993494971, 0.000139424751978, 0.000118691110401, 7.67782403273e-05, 7.44463177398e-05, 9.8005621112e-05, 4.56428242614e-05, 6.07174988545e-05, 0.00010014660802, 2.99483763229e-05, 6.50709480396e-05, 0.000118690310046, 3.79693155992e-05, 3.15857614623e-05, 3.18068414344e-05, 6.23163068667e-05, 8.59514329932e-05, 1.98803445528e-05, 2.16880926018e-05, 3.85654384445e-05, 1.97173430934e-05, 2.63356250798e-05, 7.50427789171e-05, 1.99220357899e-05, 2.52926784015e-05, 1.63992426678e-05, 1.32559134727e-05, 3.65036321455e-05, 2.4529215807e-05, 8.13105089037e-06, 1.46066622619e-05, 2.31639132835e-05, 1.78385307663e-05, 1.45526728375e-05, 1.03426464193e-05, 1.08566728159e-05, 1.92813586182e-05, 1.17049603432e-05, 8.45525300974e-06, 4.25949519922e-06, 7.42112479202e-06, 4.42613827545e-06, 3.22066580338e-06, 5.69402163819e-06, 6.31330158285e-06, 2.19312482841e-06, 2.91751530312e-06, 1.61735351867e-06, 7.13428903509e-07, 8.02915735676e-07, 2.92708506322e-07, 2.40037341115e-08, 2.63461275019e-09, 2.34128383347e-09, 2.07134842611e-09, 2.2233330732e-09, 2.77986011987e-09, 2.87682433431e-09, 2.66309885255e-09, 2.45807063592e-09, 2.20081397551e-09, 1.94618632321e-09, 1.73826042449e-09, 1.46029977e-09, 1.21899002004e-09, 5.53052770247e-10, 2.69588604912e-11, 2.23633004476e-11, 2.02881982048e-11, 1.9393922232e-11, 1.85316761936e-11, 1.77774132221e-11, 1.70815115524e-11, 1.6387152052e-11, 1.57638572335e-11, 1.52342513604e-11, 1.47328971939e-11, 1.41408785723e-11, 1.36809782253e-11, 1.32039353409e-11, 1.28133389315e-11, 1.24434785392e-11, 1.21241402334e-11, 1.18166917223e-11, 1.15272652534e-11, 1.12068358066e-11, 1.09833617895e-11, 1.08437451726e-11, 1.06517173554e-11, 1.02793789106e-11, 9.80773708775e-12, 9.54396110753e-12, 9.46672254476e-12],
        "min": [3.26984270771e-08, 1.75305856942e-07, 3.92015124362e-07, 1.89298162923e-07, 1.51328436004e-07, 6.28627816468e-08, 1.77588876937e-08, 1.74566601174e-08, 4.45784564818e-08, 9.52065715154e-09, 8.07668421032e-09, 8.65519744764e-09, 1.98828118414e-08, 1.70681406786e-08, 2.20176019639e-08, 1.10110525142e-08, 8.90271412146e-09, 1.99764826903e-08, 8.13381184628e-09, 3.9905283522e-09, 5.15697884396e-09, 1.22744667763e-08, 1.17953007361e-08, 4.34345537315e-09, 1.03855661848e-08, 3.4799338966e-09, 7.33172278444e-09, 2.74852718363e-09, 2.84077517065e-09, 1.56143675767e-09, 1.12749842796e-09, 5.23391108231e-10, 1.27197441468e-09, 2.12269601896e-09, 1.90447768667e-09, 5.61784119224e-10, 1.9368420201e-09, 1.42427636352e-09, 1.18858978215e-09, 2.38173614164e-09, 1.76111369932e-09, 4.16254275493e-09, 7.30845339802e-09, 1.61364965834e-09, 7.93869525673e-10, 1.84119242075e-09, 9.00611252241e-10, 2.64240906933e-10, 1.21623311422e-09, 1.59446156278e-09, 5.6317794872e-10, 4.20459222994e-09, 6.6353620376e-09, 1.18381016101e-09, 1.19905063656e-09, 1.74534797726e-09, 2.23134577482e-09, 1.09897280165e-09, 7.40178029979e-10, 9.13972952876e-10, 9.45295952626e-10, 4.17141932108e-10, 6.41968922466e-10, 4.43211300993e-10, 4.17839735034e-10, 5.32072830239e-10, 4.34984465114e-10, 6.00068661427e-10, 6.07621397641e-10, 4.89403184645e-10, 5.77106418209e-10, 6.11097061842e-10, 1.08822317824e-09, 5.39957245582e-10, 4.01033428687e-10, 2.2486856821e-10, 4.44597331173e-10, 5.29834509599e-10, 5.06706232528e-10, 3.4332608978e-10, 4.3509371106e-10, 4.95945340351e-10, 3.24829024789e-10, 3.46465106604e-10, 4.69330796449e-10, 3.82744225202e-10, 1.43777845532e-11, 2.30291549719e-11, 1.04731683395e-11, 2.41529777949e-12, 3.15810311929e-12, 7.82751433115e-11, 1.7839776878e-10, 9.69640687187e-11, 1.7939810748e-10, 1.06874981087e-10, 6.95457372246e-11, 8.04706232205e-11, 1.09016344563e-10, 4.56918287928e-11, 3.39221814701e-12, 3.88878680776e-13, 3.07492963383e-13, 4.00680113003e-13, 2.98832166694e-13, 3.64776080435e-13, 3.97359960691e-13, 4.12333470319e-13, 3.57306415358e-13, 3.85486944015e-13, 4.37248382033e-13, 3.80916923438e-13, 3.92388134788e-13, 3.32837490208e-13, 3.37529049849e-13, 3.99464966314e-13, 3.96864697138e-13, 4.05513648919e-13, 4.23950940543e-13, 3.69580451312e-13, 3.55239519441e-13, 3.74692979551e-13, 4.62146597033e-13, 3.48187461936e-13, 2.31336759644e-13, 1.1362936823e-13, 1.33592825184e-14, 5.06869227258e-16],
        "stdev": [2.74232570519e-05, 0.000275584548945, 0.00163972005248, 0.00262751244009, 0.00210274429992, 0.0023950333707, 0.00618128152564, 0.00318886013702, 0.000877130718436, 0.000728318467736, 0.000449508108431, 0.000311624113237, 0.00032143414137, 0.000345731386915, 0.000563769717701, 0.000369882996893, 0.000369962275727, 0.000355485390173, 0.000286377151497, 0.00046667814604, 0.000536027306225, 0.000255091581494, 0.000282384658931, 0.000338125450071, 0.000466442405013, 0.000811390636954, 0.000265656912234, 0.000513969978783, 0.000237179396208, 0.000575165904593, 0.000362424878404, 0.000273917277809, 0.000308300601318, 0.000718674215022, 0.000213859661017, 0.000476336368592, 0.000363715458661, 0.000470294500701, 0.000211614431464, 0.000126240425743, 0.000224807808991, 8.48854833748e-05, 8.82986278157e-05, 0.000190519960597, 6.35475371382e-05, 0.00015719611838, 0.000303091888782, 8.49379284773e-05, 5.860136298e-05, 7.71814884502e-05, 0.000104035178083, 0.000179398688488, 4.85181881231e-05, 3.81462305086e-05, 9.00737431948e-05, 4.41025767941e-05, 5.67232891626e-05, 0.000199164962396, 3.73265247617e-05, 5.13179329573e-05, 3.41685772582e-05, 2.84467478195e-05, 6.14756936557e-05, 4.42480559286e-05, 1.48361841639e-05, 2.51683759416e-05, 4.06013859902e-05, 3.2357260352e-05, 4.20864307671e-05, 2.41781472141e-05, 2.44482034759e-05, 3.39548387274e-05, 2.19116427616e-05, 1.86521829164e-05, 6.6235952545e-06, 1.11582912723e-05, 7.64719879953e-06, 5.83400878895e-06, 9.37417917157e-06, 1.12138222903e-05, 4.08610321756e-06, 4.87055467602e-06, 2.81288066617e-06, 1.22414451198e-06, 1.42093506383e-06, 4.9118222023e-07, 4.33604014916e-08, 4.07290023929e-09, 3.13195536172e-09, 2.21746976337e-09, 2.13912776381e-09, 2.11816630902e-09, 2.08673256452e-09, 1.93542271099e-09, 1.74893788341e-09, 1.58533908223e-09, 1.3872780702e-09, 1.2980588826e-09, 9.80980630061e-10, 9.02186603202e-10, 5.66737767826e-10, 3.17905618497e-10, 3.02208397196e-10, 2.88694790296e-10, 2.76482420292e-10, 2.6392563135e-10, 2.5257443359e-10, 2.42580705523e-10, 2.32464464345e-10, 2.2326190896e-10, 2.15134465797e-10, 2.07700551202e-10, 1.98787139527e-10, 1.92623056394e-10, 1.85600965152e-10, 1.79683948276e-10, 1.74085759697e-10, 1.69512293091e-10, 1.64656704937e-10, 1.60761112755e-10, 1.56167800913e-10, 1.52700671552e-10, 1.50717049952e-10, 1.48373383024e-10, 1.4558058925e-10, 1.43847503353e-10, 1.42757528021e-10, 1.4200091103e-10]
    },
    "mfcc": {
        "mean": [-685.653808594, 180.651702881, -70.2476272583, 61.7844047546, -30.9607563019, 17.3996772766, 0.304856985807, -1.85672307014, 10.3193655014, -7.10938739777, 5.23185920715, -1.07705903053, -2.12563371658],
        "cov": [[6148.19726562, 482.967773438, -2234.92700195, 453.830627441, -1139.78820801, 126.070846558, -190.832565308, -312.943389893, 159.451065063, -460.752197266, 117.091964722, -365.125152588, 0.857533633709], [482.967773438, 854.025024414, 379.428039551, -18.5760784149, 113.892097473, 78.0946655273, 39.4311103821, -27.3125591278, -53.3676948547, -2.52558040619, -65.3711853027, -133.760772705, -197.140716553], [-2234.92700195, 379.428039551, 1372.11315918, -78.6545257568, 582.910827637, 66.0969238281, 108.963043213, 142.524002075, -61.5444145203, 195.45552063, -72.7187042236, 60.4719543457, -109.730064392], [453.830627441, -18.5760784149, -78.6545257568, 227.112564087, -36.1377410889, 43.2347335815, 7.65909051895, 14.3033094406, 54.9806861877, -19.9328956604, 34.4499511719, -7.80961418152, 33.0261039734], [-1139.78820801, 113.892097473, 582.910827637, -36.1377410889, 383.55960083, 54.1429290771, 44.5358047485, 97.8311462402, -4.14611959457, 108.15461731, -27.765871048, 46.7871932983, -33.5201683044], [126.070846558, 78.0946655273, 66.0969238281, 43.2347335815, 54.1429290771, 186.841796875, 0.0698213875294, 32.341960907, 64.2031784058, -16.4925441742, 25.9739322662, -11.9958143234, 14.8721666336], [-190.832565308, 39.4311103821, 108.963043213, 7.65909051895, 44.5358047485, 0.0698213875294, 182.096755981, 45.6181335449, -50.5501174927, 41.2299766541, -29.2401638031, 0.260805934668, -27.9902706146], [-312.943389893, -27.3125591278, 142.524002075, 14.3033094406, 97.8311462402, 32.341960907, 45.6181335449, 117.786392212, 38.1751213074, 34.1373329163, 3.09737825394, 22.6856842041, 16.6761608124], [159.451065063, -53.3676948547, -61.5444145203, 54.9806861877, -4.14611959457, 64.2031784058, -50.5501174927, 38.1751213074, 132.310333252, -2.53107237816, 35.6758613586, 11.6798219681, 48.1415672302], [-460.752197266, -2.52558040619, 195.45552063, -19.9328956604, 108.15461731, -16.4925441742, 41.2299766541, 34.1373329163, -2.53107237816, 103.528244019, -2.88427639008, 27.5305633545, -8.37902832031], [117.091964722, -65.3711853027, -72.7187042236, 34.4499511719, -27.765871048, 25.9739322662, -29.2401638031, 3.09737825394, 35.6758613586, -2.88427639008, 81.0239105225, 24.0310077667, 29.5894145966], [-365.125152588, -133.760772705, 60.4719543457, -7.80961418152, 46.7871932983, -11.9958143234, 0.260805934668, 22.6856842041, 11.6798219681, 27.5305633545, 24.0310077667, 105.107391357, 63.6913070679], [0.857533633709, -197.140716553, -109.730064392, 33.0261039734, -33.5201683044, 14.8721666336, -27.9902706146, 16.6761608124, 48.1415672302, -8.37902832031, 29.5894145966, 63.6913070679, 130.548599243]],
        "icov": [[0.00449336133897, -0.00600997032598, 0.00651901587844, -0.00553453527391, 0.00428974302486, -0.00214924500324, 0.000739667739253, -0.00022974931926, -0.000401852536015, 0.000521575391758, -0.00071303738514, 0.00280238152482, -0.00171528512146], [-0.00600997032598, 0.0104105304927, -0.00946507975459, 0.00724588241428, -0.00549919297919, 0.0019391910173, -0.00109738204628, 0.00116925977636, 0.000269922922598, -5.10720237799e-05, 0.00144135556184, -0.00242407433689, 0.00470720231533], [0.00651901587844, -0.00946507975459, 0.0120766498148, -0.00816779397428, 0.00333774741739, -0.00346975843422, 0.00140004430432, -0.00105720094871, 0.000495936372317, -0.000730225874577, -0.000300274434267, 0.00277234474197, -0.00194564869162], [-0.00553453527391, 0.00724588241428, -0.00816779397428, 0.0124427359551, -0.005321319215, 0.00283641833812, -0.0026662661694, 0.000734499306418, -0.00180138880387, 0.000629999500234, -0.00133088033181, -0.00180148088839, 0.000495621061418], [0.00428974302486, -0.00549919297919, 0.00333774741739, -0.005321319215, 0.0137171326205, -0.00455988850445, 0.00265628495254, -0.00379914534278, 0.000650106172543, -0.00322079658508, 0.00141044345219, 0.000189030630281, 5.71700438741e-05], [-0.00214924500324, 0.0019391910173, -0.00346975843422, 0.00283641833812, -0.00455988850445, 0.0102823004127, -0.0027822367847, 0.000949916779064, -0.00438698194921, 0.00401638215408, -0.00323900813237, 0.00153597188182, -0.00189124257304], [0.000739667739253, -0.00109738204628, 0.00140004430432, -0.0026662661694, 0.00265628495254, -0.0027822367847, 0.0099310874939, -0.0056072473526, 0.00593404751271, -0.00455346424133, 0.00309038441628, -0.00118561135605, 0.00143127597403], [-0.00022974931926, 0.00116925977636, -0.00105720094871, 0.000734499306418, -0.00379914534278, 0.000949916779064, -0.0056072473526, 0.016136335209, -0.00671274773777, 0.00158417585772, -0.00104143307544, 0.00108224432915, -0.00136924174149], [-0.000401852536015, 0.000269922922598, 0.000495936372317, -0.00180138880387, 0.000650106172543, -0.00438698194921, 0.00593404751271, -0.00671274773777, 0.0162801556289, -0.00432393886149, -0.000502136070281, -0.000176172863576, -0.00200201780535], [0.000521575391758, -5.10720237799e-05, -0.000730225874577, 0.000629999500234, -0.00322079658508, 0.00401638215408, -0.00455346424133, 0.00158417585772, -0.00432393886149, 0.0185894928873, -0.00333213619888, 1.63712848007e-05, 0.000218017725274], [-0.00071303738514, 0.00144135556184, -0.000300274434267, -0.00133088033181, 0.00141044345219, -0.00323900813237, 0.00309038441628, -0.00104143307544, -0.000502136070281, -0.00333213619888, 0.0185065753758, -0.00623354548588, 0.00261022057384], [0.00280238152482, -0.00242407433689, 0.00277234474197, -0.00180148088839, 0.000189030630281, 0.00153597188182, -0.00118561135605, 0.00108224432915, -0.000176172863576, 1.63712848007e-05, -0.00623354548588, 0.022283455357, -0.0108045479283], [-0.00171528512146, 0.00470720231533, -0.00194564869162, 0.000495621061418, 5.71700438741e-05, -0.00189124257304, 0.00143127597403, -0.00136924174149, -0.00200201780535, 0.000218017725274, 0.00261022057384, -0.0108045479283, 0.019162626937]]
    },
    "spectral_contrast_coeffs": {
        "max": [-0.467509418726, -0.493610978127, -0.448423266411, -0.519111156464, -0.54112803936, -0.391494899988],
        "mean": [-0.711626052856, -0.755246162415, -0.72839152813, -0.757861793041, -0.753527402878, -0.572694301605],
        "min": [-0.948595046997, -0.944826126099, -0.919977724552, -0.910613715649, -0.903590381145, -0.862486302853],
        "stdev": [0.0684824958444, 0.0717516615987, 0.0795816406608, 0.0643408372998, 0.0634303465486, 0.0872089862823]
    },
    "spectral_contrast_valleys": {
        "max": [-5.21853303909, -4.81311178207, -5.6219420433, -6.02973556519, -5.91681241989, -11.2232160568],
        "mean": [-6.96326494217, -6.6731505394, -7.33112382889, -7.66172266006, -7.69500350952, -13.3628320694],
        "min": [-10.0694789886, -10.3873128891, -11.5897293091, -11.3328371048, -11.1516695023, -14.3222827911],
        "stdev": [0.873993217945, 0.945256352425, 1.00194215775, 1.00297558308, 1.01405191422, 0.340662240982]
    }
},
"rhythm": {
    "beats_count": 83,
    "beats_loudness": {
        "max": 0.109833657742,
        "mean": 0.0341157577932,
        "min": 0.000540434848517,
        "stdev": 0.0207012891769
    },
    "bpm": 154.960037231,
    "bpm_histogram_first_peak_bpm": 157,
    "bpm_histogram_first_peak_weight": 0.459999978542,
    "bpm_histogram_second_peak_bpm": 152,
    "bpm_histogram_second_peak_spread": 0.318181812763,
    "bpm_histogram_second_peak_weight": 0.18292683363,
    "danceability": 1.0039178133,
    "onset_rate": 2.24560523033,
    "beats_loudness_band_ratio": {
        "max": [0.996932864189, 0.620272576809, 0.630584478378, 0.635892570019, 0.408725470304, 0.202356487513],
        "mean": [0.399274200201, 0.123543635011, 0.172545060515, 0.181731119752, 0.107575155795, 0.048723410815],
        "min": [0.0033189880196, 0.000319573591696, 0.000327992049279, 6.1947364884e-05, 2.75592574326e-05, 1.2582261661e-05],
        "stdev": [0.299634158611, 0.116266973317, 0.125525742769, 0.152645304799, 0.0942361727357, 0.0451835282147]
    },
