{
"metadata": {
    "version": {
        "essentia": "2.1-beta5",
        "essentia_git_sha": "Undefined",
        "extractor": "music 2.0"
    },
    "audio_properties": {
        "analysis": {
            "equal_loudness": 0,
            "length": 48.7502937317,
            "sample_rate": 44100,
            "start_time": 12.7477550507,
            "downmix": "mix"
        },
        "bit_rate": 192000,
        "length": 149.687454224,
        "lossless": 0,
        "number_channels": 2,
        "replay_gain": -0.197713851929,
        "sample_rate": 48000,
        "codec": "mp3",
        "md5_encoded": "8ad6ec2f3f653213a4e795459092394a"
    },
    "tags": {
        "file_name": "Norway_Intet Er Nytt Under Solen_Åse Kleveland.mp3",
        "encoding": ["Lavf58.29.100"]
    }
},
"lowlevel": {
    "average_loudness": 0.390122503042,
    "barkbands_crest": {
        "max": 26.1903114319,
        "mean": 13.2254943848,
        "min": 4.05324792862,
        "stdev": 4.78378915787
    },
    "barkbands_flatness_db": {
        "max": 0.481460183859,
        "mean": 0.24520547688,
        "min": 0.103938050568,
        "stdev": 0.0490965843201
    },
    "barkbands_kurtosis": {
        "max": 144.669937134,
        "mean": 13.3483390808,
        "min": -1.8433163166,
        "stdev": 13.7838573456
    },
    "barkbands_skewness": {
        "max": 10.6406202316,
        "mean": 2.54824662209,
        "min": -0.592842519283,
        "stdev": 1.33605146408
    },
    "barkbands_spread": {
        "max": 60.0054588318,
        "mean": 8.36158084869,
        "min": 0.349569618702,
        "stdev": 6.92903614044
    },
    "dissonance": {
        "max": 0.497885257006,
        "mean": 0.424501746893,
        "min": 0.25719922781,
        "stdev": 0.0446848347783
    },
    "dynamic_complexity": 5.40028524399,
    "erbbands_crest": {
        "max": 29.886384964,
        "mean": 12.8473844528,
        "min": 2.76930689812,
        "stdev": 5.30705165863
    },
    "erbbands_flatness_db": {
        "max": 0.421020835638,
        "mean": 0.245121836662,
        "min": 0.0906630754471,
        "stdev": 0.0429197698832
    },
    "erbbands_kurtosis": {
        "max": 54.2635269165,
        "mean": 3.01361775398,
        "min": -1.81272625923,
        "stdev": 4.47616195679
    },
    "erbbands_skewness": {
        "max": 5.54034996033,
        "mean": 1.43489325047,
        "min": -1.72815227509,
        "stdev": 0.964030683041
    },
    "erbbands_spread": {
        "max": 98.8352813721,
        "mean": 28.1866760254,
        "min": 2.14491033554,
        "stdev": 15.4455404282
    },
    "hfc": {
        "max": 496.483795166,
        "mean": 9.57086181641,
        "min": 0.0183972734958,
        "stdev": 24.4078006744
    },
    "loudness_ebu128": {
        "integrated": -25.2679595947,
        "loudness_range": 7.66345977783,
        "momentary": {
            "max": -15.832151413,
            "mean": -28.2342796326,
            "min": -44.8195648193,
            "stdev": 5.29762458801
        },
        "short_term": {
            "max": -21.0905132294,
            "mean": -26.7604084015,
            "min": -40.5994644165,
            "stdev": 3.58056235313
        }
    },
    "melbands_crest": {
        "max": 31.9245986938,
        "mean": 15.9938774109,
        "min": 4.97607040405,
        "stdev": 5.55114173889
    },
    "melbands_flatness_db": {
        "max": 0.597033917904,
        "mean": 0.301864147186,
        "min": 0.11606028676,
        "stdev": 0.0602445043623
    },
    "melbands_kurtosis": {
        "max": 264.453369141,
        "mean": 22.2056236267,
        "min": -1.06404829025,
        "stdev": 22.3448162079
    },
    "melbands_skewness": {
        "max": 11.4652404785,
        "mean": 2.99864912033,
        "min": -0.264604687691,
        "stdev": 1.63267493248
    },
    "melbands_spread": {
        "max": 99.2916259766,
        "mean": 9.18536949158,
        "min": 0.389450192451,
        "stdev": 8.75381278992
    },
    "pitch_salience": {
        "max": 0.839919388294,
        "mean": 0.539811432362,
        "min": 0.0900782495737,
        "stdev": 0.135715261102
    },
    "silence_rate_20dB": {
        "max": 1,
        "mean": 1,
        "min": 1,
        "stdev": 0
    },
    "silence_rate_30dB": {
        "max": 1,
        "mean": 0.976677775383,
        "min": 0,
        "stdev": 0.150927096605
    },
    "silence_rate_60dB": {
        "max": 1,
        "mean": 0.246073305607,
        "min": 0,
        "stdev": 0.430720686913
    },
    "spectral_centroid": {
        "max": 3758.86865234,
        "mean": 704.059326172,
        "min": 128.404571533,
        "stdev": 430.343383789
    },
    "spectral_complexity": {
        "max": 34,
        "mean": 7.9609708786,
        "min": 0,
        "stdev": 5.03654289246
    },
    "spectral_decrease": {
        "max": -7.25825085798e-12,
        "mean": -4.74408512474e-09,
        "min": -8.22497767672e-08,
        "stdev": 7.56767271071e-09
    },
    "spectral_energy": {
        "max": 0.344189554453,
        "mean": 0.0187733825296,
        "min": 2.91646902042e-05,
        "stdev": 0.0301710832864
    },
    "spectral_energyband_high": {
        "max": 0.00741231115535,
        "mean": 9.36204960453e-05,
        "min": 6.56327813431e-07,
        "stdev": 0.000299739593174
    },
    "spectral_energyband_low": {
        "max": 0.3039740026,
        "mean": 0.00487183593214,
        "min": 4.99025054523e-06,
        "stdev": 0.0178355388343
    },
    "spectral_energyband_middle_high": {
        "max": 0.211403608322,
        "mean": 0.00241481349804,
        "min": 2.54921997112e-06,
        "stdev": 0.010855903849
    },
    "spectral_energyband_middle_low": {
        "max": 0.167040929198,
        "mean": 0.012010187842,
        "min": 1.29917470986e-05,
        "stdev": 0.0165667589754
    },
    "spectral_entropy": {
        "max": 7.96482563019,
        "mean": 6.78211832047,
        "min": 5.11441135406,
        "stdev": 0.446658581495
    },
    "spectral_flux": {
        "max": 0.476953148842,
        "mean": 0.0526348762214,
        "min": 0.00183693377767,
        "stdev": 0.0445801541209
    },
    "spectral_kurtosis": {
        "max": 57.076133728,
        "mean": 6.97403478622,
        "min": -1.03804194927,
        "stdev": 5.80062055588
    },
    "spectral_rms": {
        "max": 0.0183247011155,
        "mean": 0.00350425555371,
        "min": 0.000168681232026,
        "stdev": 0.00245675630867
    },
    "spectral_rolloff": {
        "max": 5512.5,
        "mean": 626.515197754,
        "min": 86.1328125,
        "stdev": 612.95892334
    },
    "spectral_skewness": {
        "max": 5.73687601089,
        "mean": 1.73913347721,
        "min": -0.45134550333,
        "stdev": 0.780353367329
    },
    "spectral_spread": {
        "max": 8035304,
        "mean": 3058582.5,
        "min": 1243768.5,
        "stdev": 656182.3125
    },
    "spectral_strongpeak": {
        "max": 16.0165557861,
        "mean": 1.0358864069,
        "min": 0,
        "stdev": 1.23143351078
    },
    "zerocrossingrate": {
        "max": 0.16845703125,
        "mean": 0.0285750273615,
        "min": 0.00341796875,
        "stdev": 0.0161979664117
    },
    "barkbands": {
        "max": [0.000308996415697, 0.133037522435, 0.170661911368, 0.067528873682, 0.038099616766, 0.0714186280966, 0.125740021467, 0.0567986667156, 0.139698043466, 0.0521646626294, 0.0676118433475, 0.0190943181515, 0.081427551806, 0.0201707612723, 0.0557611323893, 0.0143089555204, 0.0154441166669, 0.044429499656, 0.0133962631226, 0.00807719584554, 0.00359540013596, 0.00158736470621, 2.24374434765e-05, 3.32170975526e-06, 1.4126918586e-06, 1.07053313059e-06, 1.1392826309e-06],
        "mean": [1.56165988301e-05, 0.00218373863026, 0.0021681766957, 0.00113601353951, 0.00290896953084, 0.00204238854349, 0.00293288333341, 0.00186172057875, 0.000902168510947, 0.000390441069612, 0.00042686497909, 0.000204977259273, 0.000519760302268, 0.00013173755724, 0.00014920780086, 0.000138700299431, 0.000140581934829, 0.000274462945526, 9.10806556931e-05, 9.25338754314e-05, 4.2087125621e-05, 1.81064933713e-05, 6.54671964639e-07, 2.87752982331e-07, 2.14726696868e-07, 1.94878047033e-09, 1.99858374295e-09],
        "min": [1.94406482024e-08, 1.18742582345e-06, 3.41530324022e-07, 1.2072350728e-06, 2.82928112938e-06, 1.64896448496e-06, 1.08440383428e-06, 1.15969690739e-07, 4.49239188072e-08, 4.2428556668e-08, 4.55402542343e-08, 3.54248719248e-08, 8.44007246315e-08, 6.67317223702e-08, 7.17774781833e-08, 1.82775849566e-07, 1.42459384733e-07, 8.67372094149e-08, 5.45370824057e-08, 6.9601540531e-08, 6.23710221248e-08, 7.88163703191e-08, 6.94359982845e-08, 1.09516726354e-07, 7.02079461234e-08, 1.10226244798e-10, 1.46259795941e-10],
        "stdev": [2.35615989368e-05, 0.00885800737888, 0.0101496297866, 0.00386752048507, 0.00406322721392, 0.00569496816024, 0.010618920438, 0.00486036157236, 0.00569063099101, 0.00213019433431, 0.00301031302661, 0.00112741382327, 0.00351340672933, 0.000649574620184, 0.0018890472129, 0.000738416274544, 0.000625128159299, 0.001583906007, 0.000427308725193, 0.000363542494597, 0.000163940319908, 5.95986748522e-05, 1.56513021921e-06, 1.26217543084e-07, 7.79993669653e-08, 3.32860210506e-08, 3.54475275799e-08]
    },
    "erbbands": {
        "max": [0.789715051651, 42.1700325012, 227.308990479, 141.483398438, 176.568496704, 221.633270264, 427.883758545, 748.490966797, 729.771240234, 2534.06445312, 1542.73669434, 4120.78320312, 1920.15319824, 1594.0567627, 2671.99829102, 1155.15856934, 3030.99169922, 1404.08569336, 3420.38330078, 487.139831543, 909.062683105, 1094.19287109, 3126.26513672, 681.576965332, 650.140258789, 332.41885376, 305.644775391, 96.8912124634, 70.4029998779, 7.24414968491, 0.573247492313, 0.122390732169, 0.043685760349, 0.0292409528047, 0.0087931137532, 0.00430424278602, 0.00198869197629, 0.000706129474565, 0.00022416448337, 0.000443373719463],
        "mean": [0.0196491628885, 0.642543554306, 2.56342220306, 3.06759428978, 5.58075475693, 10.7076387405, 17.7561130524, 14.6604862213, 25.6639099121, 62.3307380676, 27.4959774017, 23.5146541595, 17.3175621033, 9.15226268768, 17.3144493103, 9.46045017242, 21.0421199799, 11.6482667923, 10.1450223923, 5.18451499939, 7.71192598343, 8.55678844452, 16.9661464691, 6.12357664108, 5.24405527115, 4.07795858383, 2.54269695282, 1.05285584927, 0.764722824097, 0.195578619838, 0.0154889272526, 0.0064091430977, 0.00484879314899, 0.00348925823346, 0.000880665204022, 4.03598605772e-05, 1.13489613796e-05, 3.09433426082e-06, 9.6077519629e-06, 2.13997354876e-05],
        "min": [6.98582298355e-05, 0.000316023477353, 0.000666604551952, 0.00367725873366, 0.0029374321457, 0.00672653689981, 0.00785262323916, 0.0166506133974, 0.0313531532884, 0.0055481037125, 0.00331786600873, 0.00142706651241, 0.00146298005711, 0.00171625916846, 0.00253762677312, 0.00330627826042, 0.00414417264983, 0.00590609945357, 0.00635505840182, 0.00712610548362, 0.0133465137333, 0.00813790876418, 0.0057593472302, 0.0036684779916, 0.00325303617865, 0.00276645552367, 0.00331610557623, 0.00259973434731, 0.00282900501043, 0.00243420689367, 0.00209300173447, 0.0023916112259, 0.00149416667409, 0.00118191237561, 0.000249472504947, 8.46015063871e-06, 9.51004665239e-07, 2.03401398835e-07, 6.17984383666e-08, 4.30364792692e-08],
        "stdev": [0.0631488114595, 2.63460898399, 12.0312519073, 9.00661659241, 11.6128025055, 16.4093399048, 50.7505378723, 39.7143745422, 70.9212188721, 188.401199341, 86.7029571533, 150.745574951, 84.4221191406, 59.345905304, 112.470649719, 49.0312080383, 140.209564209, 63.338558197, 115.823951721, 26.9749603271, 40.1365585327, 42.5428352356, 109.274658203, 25.5676689148, 23.1080207825, 15.469121933, 11.1022138596, 3.7610142231, 2.53703260422, 0.510512113571, 0.0277520939708, 0.0040888004005, 0.00190806493629, 0.001286146231, 0.00040731288027, 0.000135545560624, 6.31818475085e-05, 2.25329185923e-05, 1.65135843417e-05, 3.48880166712e-05]
    },
    "gfcc": {
        "mean": [-134.608886719, 165.04888916, -134.980682373, 45.8259048462, -63.8206367493, -20.0987415314, -32.9249801636, -11.2937192917, -14.9719390869, -11.8150644302, 1.69511425495, -18.0387382507, 2.77094817162],
        "cov": [[5285.68554688, 571.335693359, -1635.49890137, -250.870391846, 152.243301392, -795.372009277, 1119.09680176, -41.262878418, 234.244155884, 11.6560125351, -182.560012817, -47.8997001648, -103.404624939], [571.335693359, 403.38269043, 139.774093628, -103.154151917, 127.474807739, 23.4089050293, 137.585739136, 27.3289356232, 48.3864097595, -30.639415741, 12.4058198929, -53.4543190002, -6.6139588356], [-1635.49890137, 139.774093628, 1078.91882324, 191.325149536, 117.648529053, 320.929473877, -331.33493042, 2.85224509239, -20.0788459778, -28.0737667084, 47.5909767151, 2.73277783394, 70.8194351196], [-250.870391846, -103.154151917, 191.325149536, 388.95123291, 71.0200195312, -16.0442333221, -74.6023712158, -36.505645752, 33.7705955505, 22.8543605804, -65.9546737671, 49.8430633545, 83.9842071533], [152.243301392, 127.474807739, 117.648529053, 71.0200195312, 241.857376099, 58.4111366272, -7.58293247223, 33.0628051758, 29.3080482483, -13.4610967636, 14.3180522919, -3.25063538551, 17.0557327271], [-795.372009277, 23.4089050293, 320.929473877, -16.0442333221, 58.4111366272, 381.061218262, -33.5074996948, 13.5938491821, -32.6249656677, 23.8554515839, 36.7884407043, -3.24999117851, -16.0902118683], [1119.09680176, 137.585739136, -331.33493042, -74.6023712158, -7.58293247223, -33.5074996948, 439.16897583, 31.7846088409, 7.87258672714, 4.21570396423, -39.8890800476, -10.4676599503, -28.9230098724], [-41.262878418, 27.3289356232, 2.85224509239, -36.505645752, 33.0628051758, 13.5938491821, 31.7846088409, 126.797607422, 22.5031642914, -18.9109706879, 23.1325397491, -15.3397579193, -13.1240692139], [234.244155884, 48.3864097595, -20.0788459778, 33.7705955505, 29.3080482483, -32.6249656677, 7.87258672714, 22.5031642914, 145.101379395, 55.1519699097, -21.052438736, -8.92833995819, -39.3190994263], [11.6560125351, -30.639415741, -28.0737667084, 22.8543605804, -13.4610967636, 23.8554515839, 4.21570396423, -18.9109706879, 55.1519699097, 90.7652435303, 21.2906169891, 0.808543741703, -36.6836891174], [-182.560012817, 12.4058198929, 47.5909767151, -65.9546737671, 14.3180522919, 36.7884407043, -39.8890800476, 23.1325397491, -21.052438736, 21.2906169891, 98.6617889404, 8.13351249695, -33.2596893311], [-47.8997001648, -53.4543190002, 2.73277783394, 49.8430633545, -3.25063538551, -3.24999117851, -10.4676599503, -15.3397579193, -8.92833995819, 0.808543741703, 8.13351249695, 68.1301193237, 44.9427146912], [-103.404624939, -6.6139588356, 70.8194351196, 83.9842071533, 17.0557327271, -16.0902118683, -28.9230098724, -13.1240692139, -39.3190994263, -36.6836891174, -33.2596893311, 44.9427146912, 130.765548706]],
        "icov": [[0.00848997011781, -0.00752814067528, 0.00594890955836, 0.00255237426609, -0.00993505865335, 0.0125742442906, -0.0134379034862, 0.00872460845858, -0.00450132833794, -0.00181336211972, 0.00599762937054, -0.00587548967451, 0.0039008310996], [-0.00752814067528, 0.0168577525765, -0.00841289479285, 0.00138886494096, 0.00498947035521, -0.00976344943047, 0.00589059945196, -0.00215546647087, -0.00469217821956, 0.00809318292886, -0.0123886652291, 0.0144567238167, -0.00946178846061], [0.00594890955836, -0.00841289479285, 0.0075811794959, -0.000998126459308, -0.0052128196694, 0.00608617626131, -0.00658733025193, 0.00537370331585, -0.00270256772637, 0.000154971014126, 0.00299461744726, -0.00431321887299, 0.00279997405596], [0.00255237426609, 0.00138886494096, -0.000998126459308, 0.00793851539493, -0.00679901614785, 0.00630378117785, -0.00565251288936, 0.00320509518497, -0.00158006569836, -0.00471952091902, 0.00672077806666, -0.00362536590546, -0.000579157203902], [-0.00993505865335, 0.00498947035521, -0.0052128196694, -0.00679901614785, 0.0193846803159, -0.0171238481998, 0.0173147022724, -0.0113618541509, 0.0039287917316, 0.00530239660293, -0.010309651494, 0.0071537620388, -0.0047721741721], [0.0125742442906, -0.00976344943047, 0.00608617626131, 0.00630378117785, -0.0171238481998, 0.0242061689496, -0.0211239345372, 0.0116664543748, -0.00327750248834, -0.00791950244457, 0.012341494672, -0.0106527069584, 0.0074083651416], [-0.0134379034862, 0.00589059945196, -0.00658733025193, -0.00565251288936, 0.0173147022724, -0.0211239345372, 0.0282674990594, -0.0185441598296, 0.0133885480464, -0.00225863419473, -0.00258126389235, 0.00286761205643, -0.00184685632121], [0.00872460845858, -0.00215546647087, 0.00537370331585, 0.00320509518497, -0.0113618541509, 0.0116664543748, -0.0185441598296, 0.0246757622808, -0.0169229321182, 0.0112964669243, -0.0071858773008, 0.00456170551479, -0.00220127683133], [-0.00450132833794, -0.00469217821956, -0.00270256772637, -0.00158006569836, 0.0039287917316, -0.00327750248834, 0.0133885480464, -0.0169229321182, 0.0289865620434, -0.0216294117272, 0.0179340317845, -0.0122914426029, 0.0104627562687], [-0.00181336211972, 0.00809318292886, 0.000154971014126, -0.00471952091902, 0.00530239660293, -0.00791950244457, -0.00225863419473, 0.0112964669243, -0.0216294117272, 0.0366923362017, -0.0250085871667, 0.0147646320984, -0.00675487238914], [0.00599762937054, -0.0123886652291, 0.00299461744726, 0.00672077806666, -0.010309651494, 0.012341494672, -0.00258126389235, -0.0071858773008, 0.0179340317845, -0.0250085871667, 0.0406433567405, -0.0261818282306, 0.0174617003649], [-0.00587548967451, 0.0144567238167, -0.00431321887299, -0.00362536590546, 0.0071537620388, -0.0106527069584, 0.00286761205643, 0.00456170551479, -0.0122914426029, 0.0147646320984, -0.0261818282306, 0.0410190857947, -0.0207133162767], [0.0039008310996, -0.00946178846061, 0.00279997405596, -0.000579157203902, -0.0047721741721, 0.0074083651416, -0.00184685632121, -0.00220127683133, 0.0104627562687, -0.00675487238914, 0.0174617003649, -0.0207133162767, 0.0228247903287]]
    },
    "melbands": {
        "max": [0.0205469783396, 0.0923422276974, 0.0227957423776, 0.00776915531605, 0.0117595670745, 0.0153048885986, 0.0154872899875, 0.0222702790052, 0.0110385557637, 0.0270109884441, 0.0097506698221, 0.00587365683168, 0.00769778713584, 0.00443617207929, 0.00749689014629, 0.0108186900616, 0.00152767484542, 0.00515711447224, 0.00226928223856, 0.00099645415321, 0.000939554069191, 0.00143652327824, 0.00223037600517, 0.00180567440111, 0.000446680089226, 0.000513813400175, 0.000489029509481, 0.000141057011206, 0.000214878280531, 9.39234669204e-05, 5.18377419212e-05, 5.71887794649e-05, 1.36952321554e-05, 1.94414656107e-06, 3.21909823242e-07, 1.52822607902e-07, 4.35046239033e-08, 2.6747676074e-08, 2.92989881245e-08, 2.21535927381e-08],
        "mean": [0.000389871856896, 0.00118053343613, 0.000616852368694, 0.000565889291465, 0.000609287701081, 0.000338929326972, 0.000471596169518, 0.000654704403132, 0.000191253027879, 0.000144002653542, 8.23231821414e-05, 3.38458085025e-05, 5.66675662412e-05, 2.78531078948e-05, 3.51885064447e-05, 5.09091041749e-05, 1.71011579368e-05, 1.61367897817e-05, 8.19127126306e-06, 8.81830965227e-06, 8.43344878376e-06, 8.19354045234e-06, 1.2949617485e-05, 1.3328805835e-05, 3.96981386075e-06, 3.41314330399e-06, 4.23459641752e-06, 2.25016219702e-06, 1.79573805781e-06, 9.40413826811e-07, 4.92263723118e-07, 4.88455270897e-07, 2.51072236779e-07, 4.78011124017e-08, 5.4321440679e-09, 3.79400955097e-09, 3.63461394315e-09, 3.34546856884e-09, 3.21111870427e-09, 2.90805290959e-09],
        "min": [3.76928454671e-07, 4.47751489219e-07, 5.0560214504e-07, 4.24801100962e-07, 1.2362990276e-07, 3.49660723487e-07, 4.11777875797e-07, 2.97349540546e-08, 1.71388681025e-08, 7.44396189134e-09, 4.43144010376e-09, 3.79221987146e-09, 6.86982026821e-09, 6.49523590468e-09, 6.40840536192e-09, 1.11925126944e-08, 1.00081996024e-08, 5.62422464156e-09, 6.68953381577e-09, 1.07054392018e-08, 1.39796370036e-08, 8.09377631583e-09, 6.49742970538e-09, 3.81379194891e-09, 2.45014519784e-09, 1.95963156813e-09, 1.50686041422e-09, 1.77145642599e-09, 1.90508298026e-09, 1.37229450026e-09, 1.33857513962e-09, 1.26574239978e-09, 1.16368581438e-09, 1.11807241243e-09, 1.08636211138e-09, 6.65293375945e-10, 1.17405973832e-09, 9.03115526807e-10, 8.86556661417e-10, 8.96074603407e-10],
        "stdev": [0.00145778129809, 0.00499091902748, 0.00158833269961, 0.000800340145361, 0.00143724784721, 0.000902333646081, 0.00146744668018, 0.00177713145968, 0.000695138645824, 0.000979339936748, 0.000416788330767, 0.00022423453629, 0.000372614071239, 0.000175698674866, 0.000256033963524, 0.000419304502429, 8.14104569145e-05, 0.000172207626747, 7.62198906159e-05, 5.04324816575e-05, 4.34808061982e-05, 4.80292219436e-05, 7.25494755898e-05, 7.2732938861e-05, 1.67836078617e-05, 1.71303345269e-05, 1.91165345313e-05, 8.0378349594e-06, 8.01121313998e-06, 3.82234384233e-06, 1.98818293029e-06, 1.81766199603e-06, 6.89479406901e-07, 1.39088939477e-07, 9.15876974261e-09, 3.85068599229e-09, 1.81166592839e-09, 1.36204914014e-09, 1.29740529431e-09, 1.09912268176e-09]
    },
    "melbands128": {
        "max": [0.000135229842272, 0.00152666366193, 0.0185947325081, 0.0927461236715, 0.145281136036, 0.0717834383249, 0.0323062650859, 0.03004877083, 0.0201992858201, 0.0106621477753, 0.0170178581029, 0.0142935756594, 0.0216287802905, 0.0258085764945, 0.0285058263689, 0.0140956612304, 0.0135782249272, 0.0162714794278, 0.0430102422833, 0.0422250591218, 0.0156816896051, 0.0180771574378, 0.0180169697851, 0.0245203450322, 0.0351100489497, 0.0393537394702, 0.00897486601025, 0.0190333873034, 0.010200239718, 0.00127576198429, 0.00901892408729, 0.0228640381247, 0.00936399772763, 0.0211022999138, 0.00559772597626, 0.00287649314851, 0.00337829813361, 0.014637962915, 0.00853323284537, 0.0159587468952, 0.0244334079325, 0.00510944752023, 0.00173822138458, 0.00392185896635, 0.0029276413843, 0.0082423761487, 0.0118975434452, 0.000806802883744, 0.000356241769623, 0.0011793008307, 0.00186171522364, 0.00204955763184, 0.00188841263298, 0.00106018863153, 0.00107777747326, 0.00334170926362, 0.00080994470045, 0.00050841702614, 0.00288326153532, 0.00697291269898, 0.00135099096224, 0.000274636258837, 0.000643921317533, 0.000671925256029, 0.000278595311102, 0.000692522560712, 0.000548145733774, 0.000207523509744, 0.000933610252105, 0.000540021981578, 0.000148401784827, 0.000320768653182, 0.000247987831244, 0.000298443424981, 0.00045598091674, 9.65329672908e-05, 0.000133332039695, 5.87447102589e-05, 5.2409057389e-05, 3.52835777448e-05, 0.000117636212963, 3.12125594064e-05, 2.71119624813e-05, 1.28488036353e-05, 5.08923449161e-06, 4.53797520095e-06, 6.091458431e-07, 3.41525833392e-07, 2.96002781397e-07, 3.56355428721e-07, 2.1999881028e-07, 8.97819489865e-08, 4.7725244201e-08, 3.8776729383e-08, 4.66351970374e-08, 2.51804159745e-08, 2.22143103912e-08, 2.35136887738e-08, 3.64022305632e-08, 2.59181032192e-08, 2.69258002561e-08, 2.52317899907e-08, 1.416043105e-08, 1.22643744049e-08, 9.32113763952e-09, 8.37207458915e-09, 8.00798094502e-09, 7.66741781177e-09, 7.33418659138e-09, 7.05771219245e-09, 6.79472655918e-09, 6.51687193098e-09, 6.27000229514e-09, 6.05006267307e-09, 5.85161830102e-09, 5.65484237214e-09, 5.47647704963e-09, 5.32435162626e-09, 5.18306952912e-09, 5.05874941936e-09, 4.92608576153e-09, 4.8188071311e-09, 4.72094141557e-09, 4.63904914483e-09, 4.57257298692e-09, 4.51360060438e-09, 4.47898917955e-09, 4.45539027893e-09],
        "mean": [9.94001948129e-06, 3.90572604374e-05, 0.000399950135034, 0.00132023030892, 0.00148110790178, 0.000948104192503, 0.000574184115976, 0.000601553590968, 0.000544996233657, 0.000516693107784, 0.000613429641817, 0.000640695274342, 0.000667651474942, 0.000510451500304, 0.000319879909512, 0.000258246669546, 0.000238029126194, 0.000421638484113, 0.000922723731492, 0.000737549911719, 0.000587770773564, 0.000220975038246, 0.00014810806897, 0.000124563535792, 0.000157236456289, 0.000171272520674, 6.92507383064e-05, 0.000105311228253, 5.46940682398e-05, 1.82570420293e-05, 2.87723742076e-05, 5.62144050491e-05, 4.40845542471e-05, 8.89314032975e-05, 2.68372532446e-05, 1.14833092084e-05, 1.84064483619e-05, 3.88292028219e-05, 4.33941095253e-05, 4.41277334176e-05, 7.08319639671e-05, 3.14082062687e-05, 9.72708767222e-06, 1.50510277308e-05, 1.14824679258e-05, 1.75081713678e-05, 2.24266659643e-05, 5.67827237319e-06, 3.36569223691e-06, 5.55315909878e-06, 1.03155580291e-05, 1.10533819679e-05, 9.55940322456e-06, 7.19246645531e-06, 6.79385175317e-06, 9.30121041165e-06, 7.68735390011e-06, 8.59147621668e-06, 1.29618665596e-05, 2.60674842139e-05, 1.29245354401e-05, 5.66255766898e-06, 5.20908406543e-06, 3.27659108734e-06, 2.29752413361e-06, 3.63569756701e-06, 3.90800869354e-06, 3.46313299815e-06, 5.53429663341e-06, 3.70772932001e-06, 1.656628001e-06, 1.79042285708e-06, 1.98387806449e-06, 1.85471469649e-06, 1.5435965679e-06, 1.00979832496e-06, 6.76054412452e-07, 5.39838652003e-07, 4.69213858878e-07, 4.30515910921e-07, 5.5307356206e-07, 4.81343136016e-07, 3.68375594917e-07, 2.57571883822e-07, 1.39033915048e-07, 6.39856594375e-08, 1.59844919523e-08, 7.85837528383e-09, 4.50384796125e-09, 3.95128996189e-09, 3.85986931306e-09, 3.75606212799e-09, 3.68425734365e-09, 3.66882058067e-09, 3.60092711205e-09, 3.42130834774e-09, 3.27798987954e-09, 3.23920223977e-09, 3.22825610688e-09, 3.25440585591e-09, 2.9867033291e-09, 2.84034440412e-09, 2.82846590594e-09, 2.37509167889e-09, 4.49997150653e-10, 1.476980864e-11, 1.3728441127e-11, 1.36816027257e-11, 1.32141780157e-11, 1.2756851131e-11, 1.23557145418e-11, 1.18991266493e-11, 1.14632262016e-11, 1.11044689069e-11, 1.07808779265e-11, 1.05154973271e-11, 1.0237435899e-11, 9.45489346538e-12, 9.1194846813e-12, 8.9218970753e-12, 8.65909340758e-12, 8.48665842462e-12, 8.31523912226e-12, 8.10529768303e-12, 7.77094968235e-12, 7.29130818222e-12, 7.02747495612e-12, 6.96068506653e-12],
        "min": [2.50451526185e-09, 7.34600291707e-08, 1.60595206466e-07, 9.56723766876e-08, 1.36252765515e-07, 1.16694351959e-07, 7.24497681404e-07, 4.12879330725e-07, 8.44481462536e-08, 1.72953136257e-07, 2.95804625239e-07, 1.76500847715e-07, 1.21395498098e-08, 1.33142092906e-08, 1.22598073915e-08, 4.93232938936e-08, 6.29502920901e-08, 2.65189186166e-08, 5.41290035017e-09, 2.66733124477e-08, 1.13301714677e-08, 1.02117061473e-08, 2.34503705343e-09, 3.7716807455e-09, 3.37974070952e-09, 2.07383132889e-09, 2.58705901146e-09, 2.01536054512e-09, 2.08826844705e-09, 3.06471159561e-09, 1.63948277176e-09, 1.43804368413e-09, 1.48395451482e-09, 5.95178084595e-09, 3.43214123788e-09, 1.37627520491e-09, 3.29462301885e-09, 3.80602749317e-09, 5.7657616459e-09, 2.0842927384e-09, 1.56171486854e-09, 7.19978743291e-09, 7.12392544955e-09, 5.80678261031e-09, 1.65711588895e-09, 2.04014338756e-09, 1.79863024474e-09, 1.31160327044e-09, 2.69951905274e-09, 2.69011923848e-09, 1.30125399345e-09, 1.233502811e-08, 1.42406859638e-08, 4.06425959554e-09, 3.32115490664e-09, 4.09487954656e-09, 6.86728851562e-09, 3.97072730252e-09, 2.24382445957e-09, 2.45503906093e-09, 1.16605725076e-09, 1.28718302683e-09, 1.95456317797e-09, 1.56937762785e-09, 1.49620105194e-09, 9.71884017709e-10, 8.91365647959e-10, 9.41021260914e-10, 6.9927008628e-10, 7.18672565903e-10, 7.91648691045e-10, 7.93770105201e-10, 1.66009472835e-09, 1.31837496475e-09, 9.20402365434e-10, 7.52013395999e-10, 8.45730430132e-10, 6.84318268718e-10, 8.11951450519e-10, 8.8002122256e-10, 8.32083624225e-10, 6.37176256202e-10, 7.8184309027e-10, 7.73161923373e-10, 6.92624346765e-10, 7.07868430538e-10, 5.24969068216e-10, 6.81926681789e-10, 6.57755960809e-10, 3.33012506459e-10, 1.29693061846e-10, 4.72371475269e-10, 7.42164163459e-10, 6.89739876325e-10, 6.32466190531e-10, 4.15942419396e-10, 5.42151157301e-10, 5.4793158899e-10, 2.89855528468e-10, 3.89262955203e-10, 1.95443147777e-10, 4.20512041854e-10, 4.75332995187e-10, 4.55244841824e-10, 2.62525036432e-11, 5.02611353145e-13, 3.88466548425e-13, 3.67397599973e-13, 3.14491705247e-13, 3.83618836567e-13, 4.84870824047e-13, 4.39942868377e-13, 4.65127394066e-13, 4.05083274866e-13, 4.02229302383e-13, 4.19339937123e-13, 4.50384331609e-13, 4.35069298296e-13, 4.29268545623e-13, 3.86870819668e-13, 4.1668819545e-13, 3.9584497789e-13, 3.77848062083e-13, 4.17976796837e-13, 2.52871400035e-13, 1.25399067215e-13, 1.60754097073e-14, 3.86529694724e-16],
        "stdev": [1.32039158416e-05, 9.85112346825e-05, 0.00138581148349, 0.00571645703167, 0.00733832502738, 0.00414732750505, 0.00190544535872, 0.00201328331605, 0.00130470294971, 0.000947596447077, 0.00113480712753, 0.00132288062014, 0.00235194223933, 0.00199662265368, 0.00120333826635, 0.000883138854988, 0.000806815340184, 0.00155803200323, 0.00402145134285, 0.0027253490407, 0.00164752954151, 0.000960326637141, 0.000854609243106, 0.00113236973993, 0.00120139773935, 0.00159686023835, 0.000405293452786, 0.000700453936588, 0.000393781781895, 8.76374760992e-05, 0.000265840470092, 0.000760416849516, 0.000320634368109, 0.000772902625613, 0.000241400906816, 0.000105768500362, 0.000118021467642, 0.00042976406985, 0.000346901128069, 0.000426859623985, 0.000838318548631, 0.0002509089245, 5.15993851877e-05, 0.000104209240817, 9.63491038419e-05, 0.000245056289714, 0.00037249844172, 3.31862174789e-05, 1.33570274556e-05, 4.88695695822e-05, 8.07950200397e-05, 8.38014675537e-05, 8.40336506371e-05, 4.18164636358e-05, 3.71572714357e-05, 0.000100053483038, 3.61198326573e-05, 2.81133779936e-05, 8.50652577356e-05, 0.000256194005487, 5.95503988734e-05, 1.98937905225e-05, 2.81634620478e-05, 1.88248050108e-05, 8.76813737705e-06, 2.39732271439e-05, 2.18751829379e-05, 1.17183726616e-05, 3.63853978342e-05, 2.22648250201e-05, 5.79231891606e-06, 1.00927318272e-05, 8.98796224647e-06, 9.96900871542e-06, 1.30707903736e-05, 3.65860478269e-06, 3.67528150491e-06, 2.52288759839e-06, 1.96512769435e-06, 1.71583883457e-06, 3.0421538213e-06, 1.44150055803e-06, 1.12060388346e-06, 7.62348349781e-07, 3.94933749703e-07, 2.39239511757e-07, 3.82855063208e-08, 1.68423426317e-08, 7.32666372016e-09, 8.07865507824e-09, 5.33748423237e-09, 3.17710813214e-09, 2.3562927165e-09, 2.07887174142e-09, 2.17084727971e-09, 1.83051807046e-09, 1.60844382258e-09, 1.60456692377e-09, 1.71821512573e-09, 1.60298585516e-09, 1.43699196986e-09, 1.38470401811e-09, 1.29337507371e-09, 1.12932574403e-09, 4.05558864269e-10, 2.60081595149e-10, 2.48898290867e-10, 2.38332437119e-10, 2.27937571595e-10, 2.19376461441e-10, 2.11241441006e-10, 2.02640598745e-10, 1.95002361481e-10, 1.88195584117e-10, 1.82051276831e-10, 1.75909634081e-10, 1.70339950478e-10, 1.6568632577e-10, 1.61293617351e-10, 1.57354657082e-10, 1.5322061675e-10, 1.49901910329e-10, 1.46911482979e-10, 1.44351530729e-10, 1.42283976268e-10, 1.40433373264e-10, 1.39383185549e-10, 1.38643541092e-10]
    },
    "mfcc": {
        "mean": [-765.600646973, 173.748733521, -9.24834156036, 50.5541191101, -6.14697265625, -5.91358280182, -5.50741434097, -11.5745267868, -5.62706375122, -13.2566976547, 2.42086458206, -0.675083339214, -1.3592312336],
        "cov": [[5922.90576172, 541.173034668, -1999.88452148, 586.422790527, -1211.52990723, -109.516868591, 114.839195251, 123.585594177, 362.452087402, 33.2036361694, 453.324920654, -180.498901367, -101.582084656], [541.173034668, 547.732788086, 26.0501213074, -107.388542175, 16.2918205261, -3.38550424576, 102.93775177, 76.6369857788, 28.3789997101, 76.7517166138, 31.1001739502, 22.9741134644, -6.20058584213], [-1999.88452148, 26.0501213074, 987.967956543, -99.947265625, 437.952575684, 129.535675049, -29.1139392853, -23.5160560608, -44.2973480225, -5.22566175461, -161.895004272, 61.1393547058, 43.4131622314], [586.422790527, -107.388542175, -99.947265625, 425.983551025, -22.6798706055, -12.974313736, -74.1406097412, -24.1156196594, 114.974769592, -48.5485229492, -10.9141187668, -41.311252594, -6.08512353897], [-1211.52990723, 16.2918205261, 437.952575684, -22.6798706055, 549.86315918, 32.000328064, -71.1681671143, -15.4996871948, -72.094909668, 30.4958286285, -114.740440369, 48.2751197815, 38.4383239746], [-109.516868591, -3.38550424576, 129.535675049, -12.974313736, 32.000328064, 238.80847168, 46.0194129944, -1.66327834129, 47.1983108521, 9.04948329926, 28.3517742157, -8.84835720062, 16.232635498], [114.839195251, 102.93775177, -29.1139392853, -74.1406097412, -71.1681671143, 46.0194129944, 227.88269043, 93.69140625, 0.691313505173, 25.0508899689, -11.7342433929, 7.49457406998, -23.4337062836], [123.585594177, 76.6369857788, -23.5160560608, -24.1156196594, -15.4996871948, -1.66327834129, 93.69140625, 122.716247559, 43.2530174255, 28.2481460571, 12.7112188339, -7.77939605713, 3.32637357712], [362.452087402, 28.3789997101, -44.2973480225, 114.974769592, -72.094909668, 47.1983108521, 0.691313505173, 43.2530174255, 162.341918945, 21.0557842255, -5.78284883499, -34.4212303162, -0.000583813991398], [33.2036361694, 76.7517166138, -5.22566175461, -48.5485229492, 30.4958286285, 9.04948329926, 25.0508899689, 28.2481460571, 21.0557842255, 108.29864502, 58.1103477478, 1.6970808506, 10.6874418259], [453.324920654, 31.1001739502, -161.895004272, -10.9141187668, -114.740440369, 28.3517742157, -11.7342433929, 12.7112188339, -5.78284883499, 58.1103477478, 196.193328857, 24.2649993896, 9.92375850677], [-180.498901367, 22.9741134644, 61.1393547058, -41.311252594, 48.2751197815, -8.84835720062, 7.49457406998, -7.77939605713, -34.4212303162, 1.6970808506, 24.2649993896, 90.7662506104, 27.419752121], [-101.582084656, -6.20058584213, 43.4131622314, -6.08512353897, 38.4383239746, 16.232635498, -23.4337062836, 3.32637357712, -0.000583813991398, 10.6874418259, 9.92375850677, 27.419752121, 92.9486618042]],
        "icov": [[0.00884861685336, -0.0123906526715, 0.0137747684494, -0.011779608205, 0.00969400350004, -0.00702344812453, 0.0054917386733, -0.00439445208758, 0.00219625863247, -0.00125021510758, -8.14106824691e-05, 0.00014679657761, 0.000507676741108], [-0.0123906526715, 0.0197262391448, -0.0194159224629, 0.0172027070075, -0.0141187766567, 0.0107187749818, -0.00900925137103, 0.00642578629777, -0.00460194749758, 0.00148688873742, -0.000838919077069, -0.000252149446169, -0.000572445860598], [0.0137747684494, -0.0194159224629, 0.0234567336738, -0.0181833766401, 0.0143397869542, -0.0125242201611, 0.00956070236862, -0.00762010226026, 0.00404211552814, -0.00255090347491, 0.00183710991405, -0.00128040160052, 0.00102784158662], [-0.011779608205, 0.0172027070075, -0.0181833766401, 0.0206632930785, -0.0156816095114, 0.0124759059399, -0.0104051074013, 0.0103925913572, -0.0101034343243, 0.00731599330902, -0.00436884583905, 0.00292572076432, -0.00180742784869], [0.00969400350004, -0.0141187766567, 0.0143397869542, -0.0156816095114, 0.0175196900964, -0.0123873958364, 0.0129541205242, -0.0119311511517, 0.0108010498807, -0.00967258121818, 0.00808655004948, -0.00514455139637, 0.00230589951389], [-0.00702344812453, 0.0107187749818, -0.0125242201611, 0.0124759059399, -0.0123873958364, 0.0169302988797, -0.0139410495758, 0.0135871190578, -0.0125416209921, 0.00962519738823, -0.0104029597715, 0.00710960384458, -0.00422278791666], [0.0054917386733, -0.00900925137103, 0.00956070236862, -0.0104051074013, 0.0129541205242, -0.0139410495758, 0.0211298186332, -0.0191143210977, 0.0141489487141, -0.0120548224077, 0.0129747372121, -0.00932493247092, 0.00609467877075], [-0.00439445208758, 0.00642578629777, -0.00762010226026, 0.0103925913572, -0.0119311511517, 0.0135871190578, -0.0191143210977, 0.0280481856316, -0.0172550827265, 0.0113292681053, -0.013240092434, 0.00979995634407, -0.006176230032], [0.00219625863247, -0.00460194749758, 0.00404211552814, -0.0101034343243, 0.0108010498807, -0.0125416209921, 0.0141489487141, -0.0172550827265, 0.0243344362825, -0.015232549049, 0.0144121516496, -0.00685715535656, 0.00368786952458], [-0.00125021510758, 0.00148688873742, -0.00255090347491, 0.00731599330902, -0.00967258121818, 0.00962519738823, -0.0120548224077, 0.0113292681053, -0.015232549049, 0.0256447698921, -0.0165686849505, 0.00986138731241, -0.00481121987104], [-8.14106824691e-05, -0.000838919077069, 0.00183710991405, -0.00436884583905, 0.00808655004948, -0.0104029597715, 0.0129747372121, -0.013240092434, 0.0144121516496, -0.0165686849505, 0.0211438518018, -0.0117994397879, 0.00405715219676], [0.00014679657761, -0.000252149446169, -0.00128040160052, 0.00292572076432, -0.00514455139637, 0.00710960384458, -0.00932493247092, 0.00979995634407, -0.00685715535656, 0.00986138731241, -0.0117994397879, 0.021083381027, -0.00697633391246], [0.000507676741108, -0.000572445860598, 0.00102784158662, -0.00180742784869, 0.00230589951389, -0.00422278791666, 0.00609467877075, -0.006176230032, 0.00368786952458, -0.00481121987104, 0.00405715219676, -0.00697633391246, 0.0143964141607]]
    },
    "spectral_contrast_coeffs": {
        "max": [-0.402364611626, -0.347993642092, -0.432730019093, -0.518239498138, -0.577588796616, -0.469143480062],
        "mean": [-0.654787838459, -0.679198622704, -0.773780047894, -0.799709439278, -0.798402309418, -0.752351105213],
        "min": [-0.931680858135, -0.890206813812, -0.911837100983, -0.924568235874, -0.912382602692, -0.926250517368],
        "stdev": [0.0784664973617, 0.0936730355024, 0.0770044326782, 0.0635496228933, 0.0540102906525, 0.0767880007625]
    },
    "spectral_contrast_valleys": {
        "max": [-5.24717950821, -5.00084543228, -5.86927986145, -6.37312793732, -6.091152668, -11.0847244263],
        "mean": [-7.38965988159, -7.53428459167, -8.61822032928, -8.8641834259, -8.65204620361, -12.2015705109],
        "min": [-9.9507856369, -10.5578966141, -11.1549425125, -10.7928133011, -10.8477888107, -12.8015928268],
        "stdev": [0.853330850601, 0.857757389545, 0.917780697346, 0.7923386693, 0.921775460243, 0.154747903347]
    }
},
"rhythm": {
    "beats_count": 88,
    "beats_loudness": {
        "max": 0.165114194155,
        "mean": 0.0221956446767,
        "min": 5.04098425154e-05,
        "stdev": 0.0269215945154
    },
    "bpm": 90.030128479,
    "bpm_histogram_first_peak_bpm": 91,
    "bpm_histogram_first_peak_weight": 0.318181812763,
    "bpm_histogram_second_peak_bpm": 161,
    "bpm_histogram_second_peak_spread": 0.199999988079,
    "bpm_histogram_second_peak_weight": 0.091954022646,
    "danceability": 1.06752216816,
    "onset_rate": 3.404296875,
    "beats_loudness_band_ratio": {
        "max": [0.970027208328, 0.92310410738, 0.917449176311, 0.711839556694, 0.276173859835, 0.0479444861412],
        "mean": [0.316189974546, 0.388984709978, 0.268287718296, 0.0530020222068, 0.0339747294784, 0.0100075723603],
        "min": [0.00417995778844, 0.028790736571, 0.00668451748788, 0.000818540458567, 0.000231967380387, 0.000144762321725],
        "stdev": [0.264157801867, 0.266615599394, 0.250765740871, 0.103135481477, 0.0536670684814, 0.0113571286201]
    },
