{
"metadata": {
    "version": {
        "essentia": "2.1-beta5",
        "essentia_git_sha": "Undefined",
        "extractor": "music 2.0"
    },
    "audio_properties": {
        "analysis": {
            "equal_loudness": 0,
            "length": 32.4963264465,
            "sample_rate": 44100,
            "start_time": 142.744674683,
            "downmix": "mix"
        },
        "bit_rate": 192000,
        "length": 205.728973389,
        "lossless": 0,
        "number_channels": 2,
        "replay_gain": -3.90852928162,
        "sample_rate": 48000,
        "codec": "mp3",
        "md5_encoded": "78f2ca88a78fc9c50783159977da6086"
    },
    "tags": {
        "file_name": "Italy_Dio Come Ti Amo_Domenico Modugno.mp3",
        "encoding": ["Lavf58.29.100"]
    }
},
"lowlevel": {
    "average_loudness": 0.282918453217,
    "barkbands_crest": {
        "max": 24.953622818,
        "mean": 10.8039665222,
        "min": 3.24618554115,
        "stdev": 3.95396113396
    },
    "barkbands_flatness_db": {
        "max": 0.353179365396,
        "mean": 0.230797931552,
        "min": 0.104150384665,
        "stdev": 0.0423346273601
    },
    "barkbands_kurtosis": {
        "max": 59.665512085,
        "mean": 3.4417951107,
        "min": -1.81620931625,
        "stdev": 6.43580579758
    },
    "barkbands_skewness": {
        "max": 7.07338094711,
        "mean": 1.16674518585,
        "min": -3.08102178574,
        "stdev": 1.12837612629
    },
    "barkbands_spread": {
        "max": 66.9443817139,
        "mean": 10.9895048141,
        "min": 0.728006064892,
        "stdev": 7.04721832275
    },
    "dissonance": {
        "max": 0.499629557133,
        "mean": 0.417661398649,
        "min": 0.165417939425,
        "stdev": 0.0485000610352
    },
    "dynamic_complexity": 5.89429855347,
    "erbbands_crest": {
        "max": 31.9467182159,
        "mean": 13.1843996048,
        "min": 4.00763320923,
        "stdev": 5.61567544937
    },
    "erbbands_flatness_db": {
        "max": 0.422742933035,
        "mean": 0.268129438162,
        "min": 0.117218986154,
        "stdev": 0.0437004081905
    },
    "erbbands_kurtosis": {
        "max": 36.4562721252,
        "mean": 1.1976480484,
        "min": -1.8122061491,
        "stdev": 3.05169057846
    },
    "erbbands_skewness": {
        "max": 3.7135579586,
        "mean": 0.289308696985,
        "min": -2.94189190865,
        "stdev": 1.01170003414
    },
    "erbbands_spread": {
        "max": 105.788642883,
        "mean": 20.2453651428,
        "min": 1.22480392456,
        "stdev": 12.2000102997
    },
    "hfc": {
        "max": 146.851699829,
        "mean": 8.88423633575,
        "min": 0.00608363747597,
        "stdev": 18.7264766693
    },
    "loudness_ebu128": {
        "integrated": -23.5005016327,
        "loudness_range": 11.8139591217,
        "momentary": {
            "max": -14.1653671265,
            "mean": -27.0782318115,
            "min": -40.2976379395,
            "stdev": 5.33689165115
        },
        "short_term": {
            "max": -18.4806079865,
            "mean": -25.5496406555,
            "min": -33.7873077393,
            "stdev": 4.11027956009
        }
    },
    "melbands_crest": {
        "max": 29.9205951691,
        "mean": 12.9850139618,
        "min": 5.12952947617,
        "stdev": 4.4998717308
    },
    "melbands_flatness_db": {
        "max": 0.427766263485,
        "mean": 0.274474203587,
        "min": 0.068375132978,
        "stdev": 0.0630548745394
    },
    "melbands_kurtosis": {
        "max": 124.32636261,
        "mean": 6.2792801857,
        "min": -1.66994583607,
        "stdev": 10.8080339432
    },
    "melbands_skewness": {
        "max": 8.75134944916,
        "mean": 1.64319086075,
        "min": -3.10701417923,
        "stdev": 1.23691833019
    },
    "melbands_spread": {
        "max": 154.141860962,
        "mean": 15.7309207916,
        "min": 1.39122569561,
        "stdev": 10.4908561707
    },
    "pitch_salience": {
        "max": 0.89555478096,
        "mean": 0.538993597031,
        "min": 0.195064768195,
        "stdev": 0.111532725394
    },
    "silence_rate_20dB": {
        "max": 1,
        "mean": 1,
        "min": 1,
        "stdev": 0
    },
    "silence_rate_30dB": {
        "max": 1,
        "mean": 0.996431112289,
        "min": 0,
        "stdev": 0.0596338324249
    },
    "silence_rate_60dB": {
        "max": 1,
        "mean": 0.443254828453,
        "min": 0,
        "stdev": 0.496768891811
    },
    "spectral_centroid": {
        "max": 3825.04150391,
        "mean": 802.57434082,
        "min": 232.546951294,
        "stdev": 424.749237061
    },
    "spectral_complexity": {
        "max": 34,
        "mean": 9.02284049988,
        "min": 0,
        "stdev": 5.52104997635
    },
    "spectral_decrease": {
        "max": -4.27475893225e-12,
        "mean": -2.50347476083e-09,
        "min": -3.13891099779e-08,
        "stdev": 4.05029831896e-09
    },
    "spectral_energy": {
        "max": 0.131789520383,
        "mean": 0.0102545218542,
        "min": 1.66856607393e-05,
        "stdev": 0.016894267872
    },
    "spectral_energyband_high": {
        "max": 0.00841804500669,
        "mean": 0.000109404274554,
        "min": 2.24061054155e-07,
        "stdev": 0.000390338333091
    },
    "spectral_energyband_low": {
        "max": 0.0062246224843,
        "mean": 0.000517823384143,
        "min": 4.97257406096e-06,
        "stdev": 0.000671454472467
    },
    "spectral_energyband_middle_high": {
        "max": 0.058895278722,
        "mean": 0.00316813122481,
        "min": 7.57969814913e-07,
        "stdev": 0.00729650771245
    },
    "spectral_energyband_middle_low": {
        "max": 0.0856997892261,
        "mean": 0.00669283932075,
        "min": 5.0912781262e-06,
        "stdev": 0.0105684297159
    },
    "spectral_entropy": {
        "max": 8.14862823486,
        "mean": 6.69104290009,
        "min": 5.4550614357,
        "stdev": 0.48043307662
    },
    "spectral_flux": {
        "max": 0.25127351284,
        "mean": 0.0403211042285,
        "min": 0.0016838737065,
        "stdev": 0.0368266962469
    },
    "spectral_kurtosis": {
        "max": 53.7343521118,
        "mean": 14.214263916,
        "min": -1.03900313377,
        "stdev": 10.6208295822
    },
    "spectral_rms": {
        "max": 0.0113390972838,
        "mean": 0.00254524429329,
        "min": 0.000127587991301,
        "stdev": 0.00187780172564
    },
    "spectral_rolloff": {
        "max": 7385.88867188,
        "mean": 1091.72021484,
        "min": 236.865234375,
        "stdev": 723.660400391
    },
    "spectral_skewness": {
        "max": 5.56517553329,
        "mean": 2.67912793159,
        "min": -0.251248061657,
        "stdev": 1.0822687149
    },
    "spectral_spread": {
        "max": 24262136,
        "mean": 2713862.5,
        "min": 1183508.25,
        "stdev": 1148169.5
    },
    "spectral_strongpeak": {
        "max": 9.47249221802,
        "mean": 0.952994763851,
        "min": 0.0026480727829,
        "stdev": 1.20701265335
    },
    "zerocrossingrate": {
        "max": 0.19677734375,
        "mean": 0.0373495072126,
        "min": 0.00830078125,
        "stdev": 0.0171921104193
    },
    "barkbands": {
        "max": [0.000257406034507, 0.000919151003473, 0.0028639906086, 0.00683154724538, 0.0163022857159, 0.0709579586983, 0.0205027870834, 0.0813938975334, 0.0386988632381, 0.00997891183943, 0.0334709621966, 0.0273949410766, 0.0154328942299, 0.0239065550268, 0.0185269024223, 0.00836853682995, 0.00991281121969, 0.0128159932792, 0.00330670783296, 0.00112879730295, 0.00153092329856, 0.00146186386701, 0.00520629808307, 0.000869102485012, 7.45651850593e-05, 5.18341458644e-08, 5.20832763584e-08],
        "mean": [8.67983180797e-06, 0.000101278994407, 0.000221542359213, 0.000372547889128, 0.000963475671597, 0.00152223405894, 0.000684135244228, 0.00231268722564, 0.000700439733919, 0.000277887651464, 0.000540541484952, 0.00052890938241, 0.000216604763409, 0.00044916436309, 0.00039620930329, 0.000214825558942, 0.000323910557199, 0.000224142495426, 7.22089753253e-05, 2.33983282669e-05, 4.05497994507e-05, 2.94021792797e-05, 2.15950112761e-05, 6.59974648443e-06, 1.55458826612e-06, 5.0871512558e-10, 5.10864572867e-10],
        "min": [5.74078962146e-09, 4.85570978981e-07, 1.71865124798e-07, 2.00956918661e-07, 5.7690255062e-07, 5.56907195914e-07, 1.50168105506e-07, 1.18048866682e-07, 5.36525845973e-08, 1.14895982506e-07, 2.44412685646e-08, 5.8935142988e-08, 6.98532005572e-08, 1.33502950916e-08, 1.78633285941e-08, 2.36402861731e-08, 1.36105171578e-08, 1.12295053256e-08, 1.92976692404e-08, 1.53593973096e-08, 1.94713596358e-08, 2.80808727382e-08, 2.68414623861e-08, 4.26597246417e-08, 2.83751599994e-08, 4.8270908104e-11, 6.10105785337e-11],
        "stdev": [1.65025739989e-05, 0.000139499257784, 0.000387511885492, 0.000673598085996, 0.00163355178665, 0.00346493185498, 0.00183882797137, 0.00800480879843, 0.00230974657461, 0.000793636892922, 0.00232407241128, 0.00215042498894, 0.000738679373171, 0.00191441667266, 0.00168999028392, 0.000827813812066, 0.00112225662451, 0.000811330566648, 0.000262708315859, 8.80118604982e-05, 0.000126050261315, 0.000101308898593, 0.000160191964824, 3.29416143359e-05, 5.90711488258e-06, 2.16866613556e-09, 2.20870499668e-09]
    },
    "erbbands": {
        "max": [0.0582511015236, 0.224567741156, 2.68378305435, 14.050778389, 12.420375824, 72.5284347534, 361.270996094, 662.981323242, 147.030380249, 1184.76428223, 2234.05200195, 919.276672363, 830.313476562, 241.755172729, 2218.19433594, 1259.69189453, 504.070037842, 1403.73901367, 1143.1583252, 371.480560303, 463.486419678, 411.95614624, 853.809753418, 280.282501221, 61.3373031616, 27.10272789, 50.2011871338, 69.6402053833, 51.9511680603, 67.3085098267, 170.232452393, 32.1588478088, 8.81053352356, 1.80221986771, 0.173021033406, 0.00456349179149, 0.000422692421125, 0.000117676201626, 7.95726737124e-05, 0.000162555428687],
        "mean": [0.00156587490346, 0.0305490214378, 0.211976051331, 0.828534424305, 1.18945217133, 4.37812328339, 8.73853206635, 13.0131921768, 5.7148475647, 33.7387733459, 39.744468689, 17.1742553711, 14.4755764008, 7.76251220703, 30.5645904541, 22.1194076538, 11.2932701111, 22.9636497498, 27.1077671051, 10.7306489944, 12.7875375748, 15.5790815353, 14.6268434525, 7.53825902939, 2.15221261978, 0.944671571255, 1.52476239204, 1.46058762074, 1.09862518311, 0.819749832153, 0.618991851807, 0.214955016971, 0.0875277668238, 0.0330224297941, 0.0036167523358, 0.000111390072561, 1.25339547594e-05, 3.05547882817e-06, 5.94496850681e-06, 1.23007321235e-05],
        "min": [2.60569649981e-05, 0.000121241973829, 0.000596504949499, 0.00064286054112, 0.00163476739544, 0.00237875455059, 0.00331948045641, 0.0042525283061, 0.00602578790858, 0.00216805608943, 0.00268756714649, 0.00142193865031, 0.00293380697258, 0.00374886440113, 0.00343229388818, 0.00492665870115, 0.00577685143799, 0.00288160564378, 0.000760334427468, 0.00135355524253, 0.00103880336974, 0.000984021578915, 0.000932816939894, 0.000764203025028, 0.00106642430183, 0.000863024790306, 0.000877489976119, 0.000775130349211, 0.00102058972698, 0.000977728166617, 0.000817337364424, 0.000776778790168, 0.000709343934432, 0.000477780529764, 0.000109036693175, 3.18264392263e-06, 4.20465823936e-07, 9.28745080842e-08, 3.31878666771e-08, 2.10189572414e-08],
        "stdev": [0.00278615904972, 0.0389814712107, 0.33186891675, 1.34877347946, 1.51597881317, 7.93338537216, 18.0729866028, 29.3440113068, 10.7065477371, 97.5415496826, 174.51322937, 43.0871200562, 61.1545791626, 15.7778520584, 143.854782104, 83.6459579468, 28.7361011505, 98.5939712524, 107.275726318, 38.5155982971, 45.5372848511, 47.7408866882, 52.9084434509, 26.8627357483, 6.45646333694, 2.98082995415, 4.79747819901, 4.68002271652, 3.78136944771, 3.5152630806, 5.00362539291, 1.36622059345, 0.383496105671, 0.130528792739, 0.0119955949485, 0.000347681052517, 3.18850870826e-05, 7.49231003283e-06, 1.03277843664e-05, 2.07463945117e-05]
    },
    "gfcc": {
        "mean": [-155.208206177, 162.914138794, -144.581253052, 13.2450227737, -73.7948150635, 7.3137960434, -43.1711425781, -16.3689498901, -8.95596504211, -18.4051628113, 3.26680779457, -18.3443393707, 2.85609412193],
        "cov": [[7700.51074219, -1497.0612793, -1974.75195312, 868.409179688, -582.624755859, -721.590026855, 26.0950222015, 273.408294678, 469.457489014, -396.755584717, -141.098175049, 169.925750732, -203.973587036], [-1497.0612793, 901.698120117, 518.5703125, -408.271392822, 290.913787842, 42.1604118347, 52.0629730225, -99.1105117798, -132.807342529, 25.13240242, 57.3245353699, -43.6851158142, 88.9333190918], [-1974.75195312, 518.5703125, 870.430358887, -110.125862122, 90.6611251831, 216.644485474, 8.49620437622, -107.373725891, -147.660690308, 82.4351196289, 24.8316745758, -37.6856956482, 80.3034973145], [868.409179688, -408.271392822, -110.125862122, 531.959533691, -111.885566711, -40.3077507019, -18.7929782867, 51.8259277344, 97.6690292358, -64.1594619751, -86.1138916016, 13.2591304779, -49.8070831299], [-582.624755859, 290.913787842, 90.6611251831, -111.885566711, 321.418334961, 86.0339736938, -35.4628257751, 3.46269607544, -17.2670993805, 35.163318634, -14.3434514999, -56.2673110962, 20.4130268097], [-721.590026855, 42.1604118347, 216.644485474, -40.3077507019, 86.0339736938, 298.733551025, 54.6389579773, 11.1260118484, -41.218372345, 50.0018920898, -2.52470374107, -33.5556488037, -11.1695928574], [26.0950222015, 52.0629730225, 8.49620437622, -18.7929782867, -35.4628257751, 54.6389579773, 237.052581787, 46.9196205139, -71.9843292236, -33.3255386353, 33.7683105469, 21.8362197876, -38.7529830933], [273.408294678, -99.1105117798, -107.373725891, 51.8259277344, 3.46269607544, 11.1260118484, 46.9196205139, 147.068374634, 58.3752059937, -31.6705799103, -18.848815918, -12.2431793213, -60.5384216309], [469.457489014, -132.807342529, -147.660690308, 97.6690292358, -17.2670993805, -41.218372345, -71.9843292236, 58.3752059937, 156.886520386, 5.23049926758, -55.9727745056, -17.4086303711, -15.4752836227], [-396.755584717, 25.13240242, 82.4351196289, -64.1594619751, 35.163318634, 50.0018920898, -33.3255386353, -31.6705799103, 5.23049926758, 117.924186707, 20.277715683, -24.6969337463, 31.1466712952], [-141.098175049, 57.3245353699, 24.8316745758, -86.1138916016, -14.3434514999, -2.52470374107, 33.7683105469, -18.848815918, -55.9727745056, 20.277715683, 109.973106384, 49.805721283, -15.1151885986], [169.925750732, -43.6851158142, -37.6856956482, 13.2591304779, -56.2673110962, -33.5556488037, 21.8362197876, -12.2431793213, -17.4086303711, -24.6969337463, 49.805721283, 86.3079605103, 5.37435436249], [-203.973587036, 88.9333190918, 80.3034973145, -49.8070831299, 20.4130268097, -11.1695928574, -38.7529830933, -60.5384216309, -15.4752836227, 31.1466712952, -15.1151885986, 5.37435436249, 114.432144165]],
        "icov": [[0.000532556907274, -6.41486403765e-05, 0.000963935686741, -0.000514789193403, 0.00038831771235, 0.000229677272728, -0.000257097970461, 0.000197406916413, -0.00067096092971, 0.00082484894665, -0.000349862442818, 0.000175807785126, -0.000300586136291], [-6.41486403765e-05, 0.0102909840643, -0.00675320299342, 0.00566845899448, -0.008305657655, 0.00547633273527, -0.00614397926256, 0.00514403777197, -0.00693037873134, 0.00781779550016, -0.00489045586437, 0.00431006681174, -0.00216255849227], [0.000963935686741, -0.00675320299342, 0.00790072325617, -0.00474818609655, 0.00609871791676, -0.00430467352271, 0.00385048426688, -0.00260276743211, 0.00477777328342, -0.00389757985249, 0.00216103647836, -0.00156652054284, -0.000159515242558], [-0.000514789193403, 0.00566845899448, -0.00474818609655, 0.00641245022416, -0.00422695092857, 0.00280831195414, -0.00300891138613, 0.0027075316757, -0.00401032390073, 0.00367071479559, 0.000737912545446, 7.19346498954e-05, 0.000794328167103], [0.00038831771235, -0.008305657655, 0.00609871791676, -0.00422695092857, 0.0111004821956, -0.00529683753848, 0.00583529658616, -0.00500281341374, 0.00588297005743, -0.00547119928524, 0.00337561056949, -0.00103142298758, 0.000638868659735], [0.000229677272728, 0.00547633273527, -0.00430467352271, 0.00280831195414, -0.00529683753848, 0.00836140848696, -0.00464022951201, 0.00204828614369, -0.0032144265715, 0.00184541428462, -0.000697148265317, 0.00151737267151, 0.000569368014112], [-0.000257097970461, -0.00614397926256, 0.00385048426688, -0.00300891138613, 0.00583529658616, -0.00464022951201, 0.0107600977644, -0.00663872156292, 0.00899130385369, -0.00463670305908, 0.00320337200537, -0.00361115764827, 0.00201360811479], [0.000197406916413, 0.00514403777197, -0.00260276743211, 0.0027075316757, -0.00500281341374, 0.00204828614369, -0.00663872156292, 0.0155042614788, -0.00994671043009, 0.00691219931468, -0.00334511371329, 0.00381912523881, 0.00255768885836], [-0.00067096092971, -0.00693037873134, 0.00477777328342, -0.00401032390073, 0.00588297005743, -0.0032144265715, 0.00899130385369, -0.00994671043009, 0.021074147895, -0.0118267387152, 0.0109518459067, -0.00624500587583, 0.0033203214407], [0.00082484894665, 0.00781779550016, -0.00389757985249, 0.00367071479559, -0.00547119928524, 0.00184541428462, -0.00463670305908, 0.00691219931468, -0.0118267387152, 0.0231965389103, -0.0141986776143, 0.0122777847573, -0.00739523302764], [-0.000349862442818, -0.00489045586437, 0.00216103647836, 0.000737912545446, 0.00337561056949, -0.000697148265317, 0.00320337200537, -0.00334511371329, 0.0109518459067, -0.0141986776143, 0.0285489279777, -0.0193034186959, 0.0106500284746], [0.000175807785126, 0.00431006681174, -0.00156652054284, 7.19346498954e-05, -0.00103142298758, 0.00151737267151, -0.00361115764827, 0.00381912523881, -0.00624500587583, 0.0122777847573, -0.0193034186959, 0.0280425380915, -0.00882921181619], [-0.000300586136291, -0.00216255849227, -0.000159515242558, 0.000794328167103, 0.000638868659735, 0.000569368014112, 0.00201360811479, 0.00255768885836, 0.0033203214407, -0.00739523302764, 0.0106500284746, -0.00882921181619, 0.0166013073176]]
    },
    "melbands": {
        "max": [0.000368092471035, 0.00090798077872, 0.00216588377953, 0.00248564826325, 0.0101320352405, 0.0141362855211, 0.00303652416915, 0.0158484186977, 0.0164738073945, 0.00671818852425, 0.00403743516654, 0.000912273710128, 0.00529229035601, 0.00427740998566, 0.00241016806103, 0.00117952341679, 0.00303892069496, 0.00185716198757, 0.000982537516393, 0.000554772501346, 0.000661401485559, 0.000450974010164, 0.000668410793878, 0.000914968550205, 0.000230977719184, 4.5870689064e-05, 6.22587758699e-05, 2.13978073589e-05, 4.54273358628e-05, 3.33172793034e-05, 4.37733833678e-05, 2.83355275315e-05, 3.55831907655e-05, 4.51102969237e-05, 0.000104738945083, 6.43787934678e-05, 1.48942826854e-05, 6.273578947e-06, 4.75285332868e-06, 1.20051151953e-06],
        "mean": [2.19776684389e-05, 9.23821353354e-05, 0.000150146486703, 0.000181782976142, 0.000310882402118, 0.000285118847387, 9.08189322217e-05, 0.000414313923102, 0.00028305768501, 0.000102192461782, 6.92215035087e-05, 2.59864864347e-05, 8.40340508148e-05, 7.45172728784e-05, 3.80545570806e-05, 2.16881944652e-05, 4.45411060355e-05, 4.40464245912e-05, 1.99081696337e-05, 1.28315632537e-05, 1.62990236277e-05, 1.56205151143e-05, 1.62495034601e-05, 1.22689607451e-05, 5.51104994884e-06, 1.50834887336e-06, 1.1957275774e-06, 4.58786928448e-07, 9.77428499027e-07, 9.21571540857e-07, 7.80601226325e-07, 5.57199484774e-07, 6.42903842163e-07, 3.90138694684e-07, 3.82994443271e-07, 2.36105080376e-07, 9.37735364914e-08, 5.81983172765e-08, 5.05922841398e-08, 2.04724539543e-08],
        "min": [2.36779982288e-07, 4.15734632497e-07, 1.43186838386e-07, 1.30023607881e-07, 7.03714917449e-08, 9.58253139061e-08, 7.77763062842e-08, 2.34087593753e-08, 6.16503648132e-09, 7.265716917e-09, 1.31582984508e-08, 1.43764262717e-08, 5.36981348276e-09, 6.29999608037e-09, 9.43434308454e-09, 4.11095424369e-09, 3.79614473189e-09, 8.94308793686e-10, 1.67305103105e-09, 1.75759407028e-09, 8.48367598394e-10, 6.86041445874e-10, 8.60845783546e-10, 6.15297757189e-10, 5.78049885736e-10, 7.07075453743e-10, 6.28694596383e-10, 4.80099626721e-10, 5.08688535739e-10, 4.81873041469e-10, 4.36857550135e-10, 3.9550429598e-10, 5.27624721691e-10, 3.69284741675e-10, 3.95606686299e-10, 3.94262067438e-10, 3.65275309999e-10, 4.34169339369e-10, 4.13932804699e-10, 3.64248853302e-10],
        "stdev": [3.15822799166e-05, 0.000126039376482, 0.000227133539738, 0.000274203164736, 0.000579965766519, 0.000643374689389, 0.000203679373953, 0.00122370105237, 0.00128840317484, 0.000306379137328, 0.000301274645608, 5.73498728045e-05, 0.00036627688678, 0.000309777125949, 0.000138711257023, 6.5825159254e-05, 0.000208501151064, 0.000174821951077, 8.09271150501e-05, 5.07625627506e-05, 5.95456840529e-05, 4.79150221508e-05, 5.8857138356e-05, 5.08604025526e-05, 2.02511146199e-05, 4.58614840682e-06, 4.56060934084e-06, 1.63364461514e-06, 3.29620661432e-06, 2.83443205262e-06, 2.63789138444e-06, 2.00073236556e-06, 2.24833434004e-06, 2.02672458727e-06, 3.07760183205e-06, 1.96369910554e-06, 5.60072351163e-07, 2.54995200066e-07, 2.25606200388e-07, 7.95599461867e-08]
    },
    "melbands128": {
        "max": [0.000224748262553, 0.000614223943558, 0.00040027423529, 0.000461025221739, 0.00138955994043, 0.00172018783633, 0.0035538431257, 0.00333660794422, 0.00114831910469, 0.0024371300824, 0.00522014126182, 0.00664347503334, 0.0125320302323, 0.0288334097713, 0.0231374651194, 0.0026382508222, 0.00166563002858, 0.00329975248314, 0.0077048856765, 0.0124527784064, 0.0319670140743, 0.0230470784009, 0.0267910137773, 0.00465218815953, 0.00365003803745, 0.0147298164666, 0.0119984578341, 0.00382134690881, 0.00103472766932, 0.000945464766119, 0.0016531967558, 0.00248606875539, 0.00332646886818, 0.0167868509889, 0.00713607948273, 0.00840316340327, 0.0055775763467, 0.00373756256886, 0.00311327376403, 0.000820952409413, 0.00203043781221, 0.00381037266925, 0.00623800745234, 0.00579703226686, 0.00356587069109, 0.00436084903777, 0.00396094005555, 0.00157104851678, 0.000526393996552, 0.000817811000161, 0.00101254228503, 0.00141145929229, 0.00102057494223, 0.00135584454983, 0.00150335638318, 0.000456417445093, 0.000903836684301, 0.00190691731405, 0.000389736000216, 0.00103059306275, 0.00175732164644, 0.000458868278656, 0.000596096739173, 0.000420543801738, 0.000120228876767, 7.5142699643e-05, 0.000124901504023, 0.000108601387183, 7.91042330093e-05, 2.50109533226e-05, 2.56770508713e-05, 3.05040775856e-05, 5.62441091461e-05, 6.65716506774e-05, 4.2165065679e-05, 4.11803302995e-05, 4.83112598886e-05, 5.69082258153e-05, 5.32488447789e-05, 3.37179408234e-05, 3.46946108039e-05, 3.86474566767e-05, 4.92014514748e-05, 3.65817832062e-05, 5.07323711645e-05, 3.52165734512e-05, 5.37959531357e-05, 9.7273485153e-05, 8.18906555651e-05, 0.000132775385282, 0.000138131872518, 2.09896770684e-05, 2.50900575338e-05, 2.0219342332e-05, 7.91123875388e-06, 7.29772682462e-06, 6.87312649461e-06, 7.76655542722e-06, 6.61445483274e-06, 2.44176976594e-06, 1.87764635484e-06, 1.12956888643e-06, 7.36377728572e-07, 3.01502637967e-07, 3.49706397174e-08, 5.02151709103e-10, 4.39322495049e-10, 3.97814059472e-10, 3.69504038478e-10, 3.49406531486e-10, 3.27825822044e-10, 3.10582531915e-10, 2.93992358236e-10, 2.86064283372e-10, 2.70974936933e-10, 2.62962623898e-10, 2.53307153031e-10, 2.44985337572e-10, 2.38503078398e-10, 2.31196603528e-10, 2.27868002245e-10, 2.2023553814e-10, 2.14693082756e-10, 2.10540321288e-10, 2.06969150152e-10, 2.03110764319e-10, 2.01374472653e-10, 2.00424510322e-10],
        "mean": [5.3777453104e-06, 7.03979367245e-06, 2.73689420283e-05, 5.30744946445e-05, 8.90467781574e-05, 0.000114711343485, 0.000171379288076, 0.000184336910024, 8.16939864308e-05, 0.000140507734613, 0.000277831219137, 0.000272895616945, 0.000195998742129, 0.000537977204658, 0.000404775055358, 7.29645253159e-05, 4.92665640195e-05, 7.77583190938e-05, 0.000136247341288, 0.000441446289187, 0.000543716654647, 0.000380106532248, 0.000315529818181, 7.39021925256e-05, 9.78689422482e-05, 0.000101770354377, 0.000130727348733, 6.22245279374e-05, 2.38401134993e-05, 3.04888253595e-05, 2.35108582274e-05, 2.13767561945e-05, 6.626976392e-05, 0.000181054871064, 5.62895547773e-05, 5.93755175942e-05, 6.86315979692e-05, 2.88441970042e-05, 2.89363269985e-05, 1.93990399566e-05, 1.18851930893e-05, 3.70109482901e-05, 5.52744277229e-05, 4.56532579847e-05, 2.4048733394e-05, 5.62341738259e-05, 5.46092669538e-05, 1.39599733302e-05, 6.87839201419e-06, 1.46879510794e-05, 1.48295621329e-05, 9.67669529928e-06, 1.29097234094e-05, 2.1613215722e-05, 1.92727165995e-05, 1.03007114376e-05, 1.4004561308e-05, 2.84290563286e-05, 8.98681628314e-06, 1.03513530121e-05, 1.8174871002e-05, 8.04087449069e-06, 6.55558642393e-06, 5.80649111726e-06, 1.78382970262e-06, 1.18990760711e-06, 1.20037248053e-06, 1.79407697942e-06, 1.20432264339e-06, 3.57312558208e-07, 3.75490856186e-07, 4.65604273359e-07, 8.47803278248e-07, 1.24250391309e-06, 8.68670440468e-07, 8.42832491799e-07, 9.65848812484e-07, 1.08578728941e-06, 7.46408431951e-07, 5.08795721998e-07, 4.48255917718e-07, 5.61554600154e-07, 8.3165258502e-07, 6.81588801399e-07, 4.88111709274e-07, 3.71174166958e-07, 3.68824260022e-07, 3.89812726098e-07, 3.72144626226e-07, 4.02957851975e-07, 3.26202325596e-07, 1.66900790077e-07, 1.24942374669e-07, 1.00830114036e-07, 6.9085089649e-08, 5.31949524429e-08, 5.37122666344e-08, 6.7752182531e-08, 5.8655984958e-08, 3.84562284239e-08, 2.75688893936e-08, 1.76208967417e-08, 1.15632055042e-08, 7.32519511715e-09, 9.80960757069e-10, 6.20241314905e-12, 3.76767974458e-12, 3.57800876601e-12, 3.45264181828e-12, 3.3262379396e-12, 3.21093021963e-12, 3.10953823454e-12, 2.99058304162e-12, 2.89692792324e-12, 2.80727806452e-12, 2.77160607833e-12, 2.67130024698e-12, 2.41056241808e-12, 2.36159854693e-12, 2.3061179702e-12, 2.24363583268e-12, 2.19673237933e-12, 2.15410978985e-12, 2.05281364823e-12, 1.93441812048e-12, 1.74249167612e-12, 1.63966962837e-12, 1.61877249886e-12],
        "min": [2.73016254049e-09, 4.87426525808e-08, 5.43299378819e-08, 8.84003981128e-08, 3.80906186592e-08, 5.69594362787e-08, 2.44124347404e-08, 4.880677551e-08, 1.04224369579e-07, 1.39098588647e-07, 1.69751785961e-08, 2.15106048529e-08, 1.08248405795e-08, 2.32536674361e-08, 4.17177972167e-08, 4.14632062018e-08, 3.53515758889e-08, 1.82437034368e-08, 1.2512678893e-08, 1.71389924475e-08, 1.17264562505e-08, 6.92110857514e-09, 2.15853201979e-09, 1.59973967406e-09, 4.23167767494e-09, 2.66505040258e-09, 5.47096234982e-09, 3.17622306234e-09, 6.45533848598e-09, 8.60066684538e-09, 8.92148577236e-09, 1.11070175279e-09, 4.10954781316e-09, 2.29144347941e-09, 5.34240429673e-10, 1.22512133771e-09, 3.01633718003e-09, 2.80077938619e-09, 2.89497115169e-09, 1.67470537438e-09, 1.86186799311e-09, 1.76171233157e-09, 6.23146756418e-10, 1.12552678289e-09, 4.16220641286e-10, 8.61512083894e-10, 8.85859163802e-10, 5.42447864404e-10, 3.03702785143e-10, 1.22062127073e-09, 9.01699936939e-10, 9.25067411561e-10, 5.58878943124e-10, 2.93434748722e-10, 5.41654554542e-10, 6.20415996355e-10, 3.30270338855e-10, 4.0679595803e-10, 5.35573307925e-10, 3.60829810475e-10, 6.75989486609e-10, 3.60606849936e-10, 3.23801707669e-10, 3.95147109478e-10, 3.77090164649e-10, 1.30664840059e-10, 5.29804478067e-10, 2.26541715942e-10, 2.54743837136e-10, 2.88602558518e-10, 3.2265751182e-10, 2.16040602075e-10, 2.78863793168e-10, 1.08802196419e-10, 3.94429461315e-10, 4.03152872197e-10, 1.80372702885e-10, 2.31893698688e-10, 2.30861024741e-10, 3.91904370067e-10, 2.51738269119e-10, 1.85984672108e-10, 3.26297572295e-10, 3.3751015871e-10, 3.18448795111e-10, 2.63869648354e-10, 2.31583877075e-10, 2.35677838356e-10, 2.84987144994e-10, 2.11442502396e-10, 2.52289994451e-10, 3.1171615289e-10, 2.73704892084e-10, 2.2883939188e-10, 2.7045471418e-10, 2.33888103329e-10, 2.65151511858e-10, 2.5981522489e-10, 1.85079548909e-10, 1.77717632277e-10, 1.77108439026e-10, 2.04128811077e-10, 2.15453530017e-10, 1.55514337519e-10, 1.53274268277e-11, 2.24108573496e-13, 1.8640309836e-13, 1.3374933485e-13, 1.70391912385e-13, 2.21665594951e-13, 1.59968623092e-13, 1.96649418754e-13, 2.04606432708e-13, 1.45629181999e-13, 1.85066182214e-13, 1.93526089793e-13, 2.21864939073e-13, 2.07310121218e-13, 1.85570024516e-13, 1.90850658302e-13, 1.94797452366e-13, 1.83040675715e-13, 1.74595120262e-13, 2.04590616909e-13, 1.42011090929e-13, 5.07351390175e-14, 7.21600750887e-15, 2.45923628378e-16],
        "stdev": [1.06583565866e-05, 2.17135293497e-05, 4.75302622363e-05, 7.28092709323e-05, 0.000148786915815, 0.000206593613257, 0.000302115775412, 0.000341742066666, 0.000124395926832, 0.000206992874155, 0.000562468660064, 0.000607677153312, 0.000548161566257, 0.00134279264603, 0.000963857397437, 0.000203336239792, 0.000125645281514, 0.000218801404117, 0.000478915404528, 0.001369666541, 0.00216049863957, 0.00183041451965, 0.00200802623294, 0.000231674639508, 0.000209634177736, 0.000526593765244, 0.000818357511889, 0.000296145299217, 7.44706194382e-05, 6.97104987921e-05, 8.07855903986e-05, 0.000103118451079, 0.000240771740209, 0.00106475036591, 0.000393497903133, 0.000382146041375, 0.000307774840621, 0.000205549324164, 0.000124599464471, 5.73328979954e-05, 6.85906925355e-05, 0.000195925531443, 0.000330860086251, 0.000330310402205, 0.00015378255921, 0.000300817191601, 0.000304865941871, 9.48171073105e-05, 3.45599291904e-05, 6.51513691992e-05, 7.98930777819e-05, 6.03654916631e-05, 6.38150959276e-05, 0.000105222752609, 9.54061979428e-05, 3.88053485949e-05, 6.05535751674e-05, 0.000138507719385, 3.44756444974e-05, 5.50205586478e-05, 9.50795074459e-05, 3.28019123117e-05, 2.89803956548e-05, 2.91022279271e-05, 6.58225553707e-06, 4.37204971604e-06, 5.74431078348e-06, 8.15407565824e-06, 6.0862294049e-06, 1.43723650581e-06, 1.65738185842e-06, 1.94035897039e-06, 3.63452363672e-06, 4.74178204968e-06, 3.13062878377e-06, 2.92020217785e-06, 3.42685802934e-06, 3.97930944018e-06, 2.87507964458e-06, 1.96995392798e-06, 1.87333660051e-06, 2.2047515813e-06, 3.1526337807e-06, 2.47272441811e-06, 2.08544815905e-06, 1.78912330284e-06, 2.28713452088e-06, 2.99652606373e-06, 2.54801420851e-06, 3.76222328669e-06, 3.85271323466e-06, 9.65971821643e-07, 8.3502442294e-07, 7.21613901078e-07, 3.54634636324e-07, 2.6228661909e-07, 2.57655528912e-07, 3.26396786932e-07, 2.81188391682e-07, 1.68865767591e-07, 1.18125882409e-07, 6.86457823917e-08, 4.27668105374e-08, 2.4020621936e-08, 3.02634695082e-09, 2.39604759644e-11, 1.81073628314e-11, 1.64589574608e-11, 1.53553784271e-11, 1.45401954366e-11, 1.37170587389e-11, 1.30575220775e-11, 1.23940380528e-11, 1.20318737612e-11, 1.14557070427e-11, 1.10844805556e-11, 1.06914052264e-11, 1.04046190066e-11, 1.01200541003e-11, 9.80382615368e-12, 9.64008040061e-12, 9.32403806941e-12, 9.10262143439e-12, 8.95069608708e-12, 8.80421343469e-12, 8.65521630061e-12, 8.58309170265e-12, 8.54488441809e-12]
    },
    "mfcc": {
        "mean": [-785.001586914, 176.434677124, -5.58124542236, 1.81997299194, -3.63657069206, 2.32224845886, -15.1230897903, -5.12336206436, -10.9996366501, -8.37040615082, -1.6559240818, -0.662828922272, -5.78238534927],
        "cov": [[9772.74609375, -2396.88793945, -1682.08190918, 739.780395508, -603.348876953, -573.560119629, -898.325622559, 595.958312988, 82.4910583496, -142.645370483, 274.682800293, 75.2173919678, -259.190216064], [-2396.88793945, 1467.38659668, 252.249145508, -306.910308838, 177.288299561, 57.4821586609, 294.963989258, -187.589996338, -40.3072128296, -1.12518000603, -131.513137817, -78.6309432983, 121.225967407], [-1682.08190918, 252.249145508, 729.415405273, -40.4832496643, 26.1458015442, 169.141723633, 154.911300659, -78.2218017578, -18.7655773163, 17.2575244904, -102.088088989, -14.7940530777, 59.5234870911], [739.780395508, -306.910308838, -40.4832496643, 326.616790771, -25.8807277679, -38.5095176697, -95.9083709717, 63.8997497559, 29.8830299377, -22.2418766022, 10.6494722366, -5.65989208221, -51.0434608459], [-603.348876953, 177.288299561, 26.1458015442, -25.8807277679, 327.146392822, 61.8726463318, -35.002910614, -57.3909492493, 40.9829101562, 68.6913375854, -0.707397580147, -73.2293548584, -3.74486756325], [-573.560119629, 57.4821586609, 169.141723633, -38.5095176697, 61.8726463318, 185.024795532, 95.0166778564, -37.8771362305, 19.4992084503, 24.1462306976, -32.5796775818, -11.0190410614, 11.7230148315], [-898.325622559, 294.963989258, 154.911300659, -95.9083709717, -35.002910614, 95.0166778564, 306.999420166, 14.4105567932, -22.0743141174, -12.127661705, -28.0497016907, 57.097984314, 52.9803962708], [595.958312988, -187.589996338, -78.2218017578, 63.8997497559, -57.3909492493, -37.8771362305, 14.4105567932, 222.611053467, 29.0508117676, -20.8662853241, 58.5721359253, 54.9247817993, -8.85308170319], [82.4910583496, -40.3072128296, -18.7655773163, 29.8830299377, 40.9829101562, 19.4992084503, -22.0743141174, 29.0508117676, 134.242172241, 52.426864624, 0.575771570206, -32.6092453003, -20.9821395874], [-142.645370483, -1.12518000603, 17.2575244904, -22.2418766022, 68.6913375854, 24.1462306976, -12.127661705, -20.8662853241, 52.426864624, 132.505844116, 15.2326097488, -62.1425552368, -15.624671936], [274.682800293, -131.513137817, -102.088088989, 10.6494722366, -0.707397580147, -32.5796775818, -28.0497016907, 58.5721359253, 0.575771570206, 15.2326097488, 142.094619751, 65.4334564209, -31.0649471283], [75.2173919678, -78.6309432983, -14.7940530777, -5.65989208221, -73.2293548584, -11.0190410614, 57.097984314, 54.9247817993, -32.6092453003, -62.1425552368, 65.4334564209, 182.859863281, 34.1616172791], [-259.190216064, 121.225967407, 59.5234870911, -51.0434608459, -3.74486756325, 11.7230148315, 52.9803962708, -8.85308170319, -20.9821395874, -15.624671936, -31.0649471283, 34.1616172791, 130.025146484]],
        "icov": [[0.000448092236184, 0.000290571799269, 0.000747314188629, -0.000314778677421, 0.000583062996157, -8.2106453192e-05, 0.000702106161043, -0.000627583649475, 8.67147682584e-05, -3.26963072439e-06, 0.000261735811364, 0.000129650710733, -0.000105915183667], [0.000290571799269, 0.00169254699722, 0.000238175765844, 0.000615929078776, -0.000575889833272, 0.00126575643662, -0.00122401304543, 0.000479097303469, -0.000295269157505, 0.00090908393031, 0.000294939731248, 0.00099227798637, -0.000594015000388], [0.000747314188629, 0.000238175765844, 0.00328453443944, -0.000928334018681, 0.00121423974633, -0.00177822529804, 0.00100885471329, -0.000948912696913, 0.000696290633641, -0.000713819870725, 0.00144220213406, -0.000166303754668, -0.000465958204586], [-0.000314778677421, 0.000615929078776, -0.000928334018681, 0.00459787109867, -0.000785440206528, 0.000890710449312, -0.000171396270161, -0.000200540336664, -0.000949225854129, 0.00134121102747, 0.000364970823284, 0.000283100467641, 0.00100228819065], [0.000583062996157, -0.000575889833272, 0.00121423974633, -0.000785440206528, 0.00540546141565, -0.00241914810613, 0.00257105263881, -0.000694006856065, -0.000246262352448, -0.00133825745434, -0.000858376093674, 0.000919089536183, -0.000533184036613], [-8.2106453192e-05, 0.00126575643662, -0.00177822529804, 0.000890710449312, -0.00241914810613, 0.00998431164771, -0.00391072034836, 0.00178448739462, -0.00181550579146, 0.000501420989167, 0.000651173642837, 0.000317825353704, 0.000404414633522], [0.000702106161043, -0.00122401304543, 0.00100885471329, -0.000171396270161, 0.00257105263881, -0.00391072034836, 0.00820950604975, -0.00316054467112, 0.00120310217608, -0.00157619046513, 0.00153345835861, -0.0024066248443, -0.000118596602988], [-0.000627583649475, 0.000479097303469, -0.000948912696913, -0.000200540336664, -0.000694006856065, 0.00178448739462, -0.00316054467112, 0.00780680542812, -0.00253406004049, 0.0016831640387, -0.00278397859074, 8.0520985648e-05, -0.000596496800426], [8.67147682584e-05, -0.000295269157505, 0.000696290633641, -0.000949225854129, -0.000246262352448, -0.00181550579146, 0.00120310217608, -0.00253406004049, 0.0104692438617, -0.00443418649957, 0.0018386276206, -0.00043559630285, 0.000960893870797], [-3.26963072439e-06, 0.00090908393031, -0.000713819870725, 0.00134121102747, -0.00133825745434, 0.000501420989167, -0.00157619046513, 0.0016831640387, -0.00443418649957, 0.0133871017024, -0.00486879516393, 0.00555534940213, -0.00105735345278], [0.000261735811364, 0.000294939731248, 0.00144220213406, 0.000364970823284, -0.000858376093674, 0.000651173642837, 0.00153345835861, -0.00278397859074, 0.0018386276206, -0.00486879516393, 0.013822180219, -0.00674885790795, 0.00361909577623], [0.000129650710733, 0.00099227798637, -0.000166303754668, 0.000283100467641, 0.000919089536183, 0.000317825353704, -0.0024066248443, 8.0520985648e-05, -0.00043559630285, 0.00555534940213, -0.00674885790795, 0.0118542760611, -0.0036251207348], [-0.000105915183667, -0.000594015000388, -0.000465958204586, 0.00100228819065, -0.000533184036613, 0.000404414633522, -0.000118596602988, -0.000596496800426, 0.000960893870797, -0.00105735345278, 0.00361909577623, -0.0036251207348, 0.0104412585497]]
    },
    "spectral_contrast_coeffs": {
        "max": [-0.375727057457, -0.423362195492, -0.458870470524, -0.559630632401, -0.559696733952, -0.594221651554],
        "mean": [-0.670019924641, -0.713270485401, -0.725183367729, -0.766059339046, -0.798702299595, -0.796584665775],
        "min": [-0.862644851208, -0.889174342155, -0.938518166542, -0.914971768856, -0.909287035465, -0.912549316883],
        "stdev": [0.0804248228669, 0.0749590918422, 0.073578491807, 0.0627370178699, 0.0702632963657, 0.0634839683771]
    },
    "spectral_contrast_valleys": {
        "max": [-6.29000520706, -5.69181871414, -6.45543956757, -6.04814052582, -6.6606502533, -8.81819820404],
        "mean": [-7.84810304642, -7.45874261856, -8.53375339508, -8.95157146454, -9.49252605438, -12.0669126511],
        "min": [-9.87005615234, -10.6842460632, -11.2823390961, -11.6447944641, -11.5544462204, -13.1549472809],
        "stdev": [0.721141159534, 0.847580254078, 0.809812784195, 0.953449189663, 1.0695207119, 0.8726785779]
    }
},
"rhythm": {
    "beats_count": 53,
    "beats_loudness": {
        "max": 0.0916645228863,
        "mean": 0.0150935426354,
        "min": 6.00047133048e-05,
        "stdev": 0.0199756808579
    },
    "bpm": 102.022384644,
    "bpm_histogram_first_peak_bpm": 103,
    "bpm_histogram_first_peak_weight": 0.564102530479,
    "bpm_histogram_second_peak_bpm": 91,
    "bpm_histogram_second_peak_spread": 0.111111104488,
    "bpm_histogram_second_peak_weight": 0.153846159577,
    "danceability": 0.935903191566,
    "onset_rate": 2.95312476158,
    "beats_loudness_band_ratio": {
        "max": [0.804377555847, 0.927161335945, 0.690526247025, 0.611303210258, 0.554836928844, 0.522892057896],
        "mean": [0.173847943544, 0.325958132744, 0.249559730291, 0.162114828825, 0.0937165692449, 0.0183122511953],
        "min": [0.00184961920604, 0.00757823139429, 0.0194987133145, 0.00313132093288, 0.00156271585729, 0.000142845907249],
        "stdev": [0.182527780533, 0.246187105775, 0.172042995691, 0.154946967959, 0.128767594695, 0.0711367949843]
    },
    "beats_position": [0.592108845711, 1.19582760334, 1.78793644905, 2.39165520668, 2.99537420273, 3.59909296036, 4.20281171799, 4.80653047562, 5.42185926437, 6.03718805313, 6.66412687302, 7.2910656929, 7.95283412933, 8.6146030426, 9.27637195587, 9.93814086914, 10.5882987976, 11.2500677109, 11.8886165619, 12.538775444, 13.1889343262, 13.7810430527, 14.3731517792, 14.9536504745, 15.5341491699, 16.1262588501, 16.7067565918, 17.2756462097, 17.8561439514, 18.4366436005, 19.0287532806, 19.6208610535, 20.2013607025, 20.7818584442, 21.3739681244, 21.9660758972, 22.5465755463, 23.1270751953, 23.707572937, 24.2880725861, 24.8685703278, 25.4490699768, 26.0295696259, 26.6100673676, 27.1905670166, 27.7826747894, 28.3631744385, 28.9552822113, 29.5473918915, 30.1394996643, 30.7316093445, 31.3237190247, 31.9158267975],
