{
"metadata": {
    "version": {
        "essentia": "2.1-beta5",
        "essentia_git_sha": "Undefined",
        "extractor": "music 2.0"
    },
    "audio_properties": {
        "analysis": {
            "equal_loudness": 0,
            "length": 48.7502937317,
            "sample_rate": 44100,
            "start_time": 61.4980506897,
            "downmix": "mix"
        },
        "bit_rate": 192000,
        "length": 144.161102295,
        "lossless": 0,
        "number_channels": 2,
        "replay_gain": -2.07719421387,
        "sample_rate": 48000,
        "codec": "mp3",
        "md5_encoded": "92817734469e8df0a6c62c89fd2b3c2c"
    },
    "tags": {
        "file_name": "Switzerland_Ne Vois-tu Pas_Madeleine Pascal.mp3",
        "encoding": ["Lavf58.29.100"]
    }
},
"lowlevel": {
    "average_loudness": 0.038905069232,
    "barkbands_crest": {
        "max": 25.9829216003,
        "mean": 10.7324733734,
        "min": 2.3657515049,
        "stdev": 5.00796365738
    },
    "barkbands_flatness_db": {
        "max": 0.451413094997,
        "mean": 0.185159683228,
        "min": 0.0839169472456,
        "stdev": 0.0574389137328
    },
    "barkbands_kurtosis": {
        "max": 158.687179565,
        "mean": 6.50711774826,
        "min": -1.81567633152,
        "stdev": 13.3957099915
    },
    "barkbands_skewness": {
        "max": 11.2822322845,
        "mean": 1.65214979649,
        "min": -2.78662037849,
        "stdev": 1.40951156616
    },
    "barkbands_spread": {
        "max": 93.8320007324,
        "mean": 17.7677993774,
        "min": 0.654961049557,
        "stdev": 12.1416320801
    },
    "dissonance": {
        "max": 0.499324917793,
        "mean": 0.444989711046,
        "min": 0.234391257167,
        "stdev": 0.0394559390843
    },
    "dynamic_complexity": 5.60266256332,
    "erbbands_crest": {
        "max": 31.9233398438,
        "mean": 11.5317420959,
        "min": 3.04272007942,
        "stdev": 5.50066995621
    },
    "erbbands_flatness_db": {
        "max": 0.38219794631,
        "mean": 0.211927890778,
        "min": 0.1038755849,
        "stdev": 0.0439011007547
    },
    "erbbands_kurtosis": {
        "max": 103.274993896,
        "mean": 1.94680774212,
        "min": -1.87960851192,
        "stdev": 6.35486364365
    },
    "erbbands_skewness": {
        "max": 8.7420501709,
        "mean": 0.814470767975,
        "min": -4.25065231323,
        "stdev": 1.14291083813
    },
    "erbbands_spread": {
        "max": 146.382553101,
        "mean": 33.1712341309,
        "min": 2.92813897133,
        "stdev": 16.2430553436
    },
    "hfc": {
        "max": 446.983306885,
        "mean": 15.9795503616,
        "min": 0.011855985038,
        "stdev": 42.1619529724
    },
    "loudness_ebu128": {
        "integrated": -23.724313736,
        "loudness_range": 14.0594406128,
        "momentary": {
            "max": -12.1748209,
            "mean": -27.1797637939,
            "min": -37.9147262573,
            "stdev": 4.76690101624
        },
        "short_term": {
            "max": -16.4812717438,
            "mean": -26.2068977356,
            "min": -33.1804962158,
            "stdev": 4.1645450592
        }
    },
    "melbands_crest": {
        "max": 31.7099056244,
        "mean": 14.4226284027,
        "min": 3.32603740692,
        "stdev": 6.19165897369
    },
    "melbands_flatness_db": {
        "max": 0.556200683117,
        "mean": 0.203055530787,
        "min": 0.035348135978,
        "stdev": 0.0755633711815
    },
    "melbands_kurtosis": {
        "max": 406.062835693,
        "mean": 14.8010482788,
        "min": -1.87837707996,
        "stdev": 26.8840293884
    },
    "melbands_skewness": {
        "max": 15.9997415543,
        "mean": 2.4254629612,
        "min": -0.595667481422,
        "stdev": 1.77109897137
    },
    "melbands_spread": {
        "max": 235.851959229,
        "mean": 22.6707649231,
        "min": 0.599031090736,
        "stdev": 22.0703601837
    },
    "pitch_salience": {
        "max": 0.784482359886,
        "mean": 0.531400918961,
        "min": 0.0565543547273,
        "stdev": 0.12880165875
    },
    "silence_rate_20dB": {
        "max": 1,
        "mean": 1,
        "min": 1,
        "stdev": 0
    },
    "silence_rate_30dB": {
        "max": 1,
        "mean": 0.972870051861,
        "min": 0,
        "stdev": 0.162462249398
    },
    "silence_rate_60dB": {
        "max": 1,
        "mean": 0.306996673346,
        "min": 0,
        "stdev": 0.461244851351
    },
    "spectral_centroid": {
        "max": 5402.02978516,
        "mean": 1284.82312012,
        "min": 158.147705078,
        "stdev": 733.301757812
    },
    "spectral_complexity": {
        "max": 50,
        "mean": 11.5230846405,
        "min": 0,
        "stdev": 9.1430721283
    },
    "spectral_decrease": {
        "max": -7.33220342081e-12,
        "mean": -3.51762063922e-09,
        "min": -6.32943937262e-08,
        "stdev": 6.8566050615e-09
    },
    "spectral_energy": {
        "max": 0.274137109518,
        "mean": 0.0147257158533,
        "min": 2.87487200694e-05,
        "stdev": 0.0295548494905
    },
    "spectral_energyband_high": {
        "max": 0.0201679486781,
        "mean": 0.000720746000297,
        "min": 4.71033530403e-07,
        "stdev": 0.00209587905556
    },
    "spectral_energyband_low": {
        "max": 0.0471221730113,
        "mean": 0.0020542035345,
        "min": 4.39342193204e-06,
        "stdev": 0.00521518616006
    },
    "spectral_energyband_middle_high": {
        "max": 0.241528466344,
        "mean": 0.00664517190307,
        "min": 4.71369702382e-07,
        "stdev": 0.0250229593366
    },
    "spectral_energyband_middle_low": {
        "max": 0.0918788388371,
        "mean": 0.00575440237299,
        "min": 6.10085635344e-06,
        "stdev": 0.00791094917804
    },
    "spectral_entropy": {
        "max": 8.53246212006,
        "mean": 7.35149097443,
        "min": 4.85598945618,
        "stdev": 0.490329086781
    },
    "spectral_flux": {
        "max": 0.580982744694,
        "mean": 0.0482375435531,
        "min": 0.00278253667057,
        "stdev": 0.0429021045566
    },
    "spectral_kurtosis": {
        "max": 29.5929832458,
        "mean": 3.19340014458,
        "min": -1.34000241756,
        "stdev": 2.56742835045
    },
    "spectral_rms": {
        "max": 0.0163539238274,
        "mean": 0.00300495419651,
        "min": 0.000167473976035,
        "stdev": 0.00231015542522
    },
    "spectral_rolloff": {
        "max": 9065.47851562,
        "mean": 1504.19287109,
        "min": 107.666015625,
        "stdev": 1416.88647461
    },
    "spectral_skewness": {
        "max": 4.39138793945,
        "mean": 1.27481198311,
        "min": -0.382166385651,
        "stdev": 0.475643515587
    },
    "spectral_spread": {
        "max": 26826696,
        "mean": 4132019.75,
        "min": 2016202.625,
        "stdev": 1294232.25
    },
    "spectral_strongpeak": {
        "max": 20.1563854218,
        "mean": 1.12380003929,
        "min": 0,
        "stdev": 2.0816617012
    },
    "zerocrossingrate": {
        "max": 0.31201171875,
        "mean": 0.055809546262,
        "min": 0.00537109375,
        "stdev": 0.0352324359119
    },
    "barkbands": {
        "max": [0.000258359708823, 0.0295532494783, 0.0289608165622, 0.0295988190919, 0.0184578914195, 0.0396633930504, 0.019442288205, 0.0287517998368, 0.0845253616571, 0.176788151264, 0.0465686880052, 0.0426452830434, 0.05019710958, 0.113783471286, 0.101428471506, 0.0380214527249, 0.005007032305, 0.017995018512, 0.0106127755716, 0.0160537976772, 0.0159695185721, 0.00204329285771, 0.00497941905633, 0.00288593908772, 0.000261925189989, 8.86274392542e-07, 9.45842884903e-07],
        "mean": [1.58897655638e-05, 0.000927661720198, 0.000825084629469, 0.000575608282816, 0.00082972808741, 0.00178304093424, 0.000504345400259, 0.000550333410501, 0.00124953058548, 0.00278615788557, 0.000576024933252, 0.000425843405537, 0.000573223631363, 0.000537083658855, 0.000383974635042, 0.0005883728154, 0.000180721341167, 0.000274636753602, 0.00032732335967, 0.000242072215769, 0.000419453223003, 4.94765517942e-05, 4.88282857987e-05, 4.4858417823e-05, 6.44408737571e-06, 1.39341882477e-09, 1.46971568249e-09],
        "min": [3.01712290707e-08, 9.71798613136e-07, 5.42748885834e-08, 2.06588630647e-08, 5.87186605117e-07, 6.29030068922e-07, 3.61980809771e-08, 1.75775824118e-07, 6.9285071902e-08, 2.48389770974e-08, 1.15660032662e-08, 9.96654581087e-09, 1.75121872559e-08, 1.15605329754e-08, 1.22892931387e-08, 1.63079807436e-08, 3.14767056864e-08, 5.94799374198e-08, 3.34611058861e-08, 5.30735029258e-08, 8.15004170818e-08, 7.15174124366e-08, 7.33035889766e-08, 1.00223338961e-07, 4.5704418028e-08, 7.18910972419e-11, 9.20872822441e-11],
        "stdev": [2.25116436923e-05, 0.00300787272863, 0.00220748782158, 0.00171721749939, 0.00129818066489, 0.0042611383833, 0.00120717892423, 0.0018330742605, 0.00457070581615, 0.0163459964097, 0.00202363892458, 0.00188149267342, 0.00260160327889, 0.00515818409622, 0.00286928517744, 0.00342498370446, 0.0004604558344, 0.000811268517282, 0.00080094934674, 0.000928075343836, 0.00149321940262, 0.00013903749641, 0.000223472859943, 0.000133212350192, 1.67239668372e-05, 2.73620663904e-08, 2.91993043078e-08]
    },
    "erbbands": {
        "max": [0.254054486752, 8.37285423279, 35.9779891968, 64.6751098633, 138.545394897, 41.5913887024, 352.617462158, 505.51953125, 308.208892822, 614.397583008, 848.916259766, 1494.1229248, 2136.41040039, 7352.86279297, 1555.7668457, 1991.61999512, 1678.59936523, 6343.92626953, 5288.85107422, 1191.10766602, 2624.84130859, 447.467315674, 580.824768066, 1531.09179688, 372.388641357, 734.306884766, 1059.51660156, 550.765441895, 67.1996688843, 114.851219177, 132.561645508, 99.1225509644, 20.2281665802, 5.25464725494, 0.687825262547, 0.0174885187298, 0.00165168312378, 0.000587197660934, 0.000189892190974, 0.000356543809175],
        "mean": [0.00824341550469, 0.268500447273, 0.976435124874, 1.50012898445, 1.93748390675, 2.70750761032, 8.56568145752, 16.6726016998, 8.82601451874, 9.30304813385, 13.3173780441, 30.5594348907, 33.5317344666, 104.166244507, 28.4726161957, 17.9416160583, 24.0605831146, 33.4852714539, 25.9479408264, 11.801615715, 37.5030212402, 11.2831382751, 14.4743537903, 17.6666469574, 13.9888792038, 12.3586473465, 23.8653411865, 7.81937265396, 1.89525711536, 1.30645954609, 1.45874285698, 1.18243169785, 0.569002330303, 0.138915151358, 0.0170415174216, 0.000497564440593, 4.35665533587e-05, 9.52582649916e-06, 1.02826461443e-05, 1.86388278962e-05],
        "min": [2.98814265989e-05, 0.000104212442238, 0.000801006215625, 0.00121957878582, 0.00122239720076, 0.0051213982515, 0.00582881271839, 0.00687951175496, 0.00111934146844, 0.00514352647588, 0.00228875363246, 0.00182103808038, 0.00156481517479, 0.000978747615591, 0.00084194826195, 0.000430609448813, 0.0009721974493, 0.000535984989256, 0.00112597108819, 0.0013879010221, 0.0011540503474, 0.00184364581946, 0.00309909204952, 0.00253790942952, 0.00237508397549, 0.00287377927452, 0.00304686347954, 0.00250763609074, 0.00234957085922, 0.00206768605858, 0.00227459566668, 0.00201814412139, 0.00174391129985, 0.000818185915705, 0.000183368305443, 6.42075656287e-06, 5.81358335694e-07, 1.93390704339e-07, 6.96393129829e-08, 3.7144239684e-08],
        "stdev": [0.0220811720937, 0.868566036224, 2.84208154678, 4.06752252579, 5.38497877121, 4.09660196304, 25.4060230255, 43.5192718506, 19.4660110474, 27.3282871246, 43.7948188782, 107.041969299, 136.841110229, 647.194641113, 72.5712051392, 88.0528411865, 88.631729126, 272.943511963, 160.303146362, 46.8917808533, 229.434570312, 34.3271369934, 34.8694000244, 53.8705024719, 41.2537498474, 42.6250915527, 91.0532684326, 26.9417667389, 5.0625462532, 5.46643209457, 6.46415996552, 3.951638937, 1.62096810341, 0.362010955811, 0.0397523455322, 0.00110184377991, 9.68314780039e-05, 2.52811223618e-05, 2.06916829484e-05, 3.81619029213e-05]
    },
    "gfcc": {
        "mean": [-95.8361587524, 120.435462952, -151.955917358, 47.7980804443, -87.5535125732, 10.7220020294, -33.0351142883, -1.74775326252, -14.7021064758, -18.3370685577, 5.92565202713, -16.8087005615, 7.24695825577],
        "cov": [[6149.40283203, -677.549621582, -1880.92993164, -307.216766357, 216.836242676, 149.576644897, 266.053466797, -23.9159812927, -111.099662781, 162.271759033, 101.692779541, -195.601104736, 23.6618175507], [-677.549621582, 771.371459961, 292.091125488, -14.1768941879, 198.229263306, -43.8473205566, 98.9804229736, -86.151550293, 10.7798433304, -97.524520874, -47.4028434753, -62.2348213196, -46.9214859009], [-1880.92993164, 292.091125488, 1453.88061523, 373.969940186, -74.2565841675, 198.697509766, -72.3785476685, 27.6311359406, -15.623884201, -144.580215454, -71.265953064, 69.4618988037, -44.3339958191], [-307.216766357, -14.1768941879, 373.969940186, 346.715118408, 77.2901763916, 59.2137145996, -15.2514810562, -12.822309494, 3.75893449783, -52.5218696594, -32.3003463745, 12.2629165649, -56.9171447754], [216.836242676, 198.229263306, -74.2565841675, 77.2901763916, 286.29083252, 38.5788612366, 51.0865097046, -25.9132213593, 0.485972702503, -27.3040180206, -37.5322189331, -46.2152366638, -45.7663536072], [149.576644897, -43.8473205566, 198.697509766, 59.2137145996, 38.5788612366, 356.526489258, 100.175880432, 46.3713264465, -64.5367126465, -17.984910965, -65.0298690796, -31.6899852753, -60.3734703064], [266.053466797, 98.9804229736, -72.3785476685, -15.2514810562, 51.0865097046, 100.175880432, 246.182815552, 18.4788379669, -23.8124027252, 6.28457260132, -11.1335449219, -46.7000694275, 22.9194717407], [-23.9159812927, -86.151550293, 27.6311359406, -12.822309494, -25.9132213593, 46.3713264465, 18.4788379669, 111.806007385, 29.4895954132, 13.6171197891, -9.56794643402, 1.08471131325, 3.35213899612], [-111.099662781, 10.7798433304, -15.623884201, 3.75893449783, 0.485972702503, -64.5367126465, -23.8124027252, 29.4895954132, 115.363327026, 23.1776428223, -2.14089298248, -0.925065696239, 3.7148103714], [162.271759033, -97.524520874, -144.580215454, -52.5218696594, -27.3040180206, -17.984910965, 6.28457260132, 13.6171197891, 23.1776428223, 112.939155579, 48.441192627, -13.1879024506, 13.2635917664], [101.692779541, -47.4028434753, -71.265953064, -32.3003463745, -37.5322189331, -65.0298690796, -11.1335449219, -9.56794643402, -2.14089298248, 48.441192627, 117.545524597, 40.4516487122, 30.4156723022], [-195.601104736, -62.2348213196, 69.4618988037, 12.2629165649, -46.2152366638, -31.6899852753, -46.7000694275, 1.08471131325, -0.925065696239, -13.1879024506, 40.4516487122, 118.501861572, 52.3097763062], [23.6618175507, -46.9214859009, -44.3339958191, -56.9171447754, -45.7663536072, -60.3734703064, 22.9194717407, 3.35213899612, 3.7148103714, 13.2635917664, 30.4156723022, 52.3097763062, 129.770965576]],
        "icov": [[0.000371441798052, 0.000245831295615, 0.000484765885631, -0.000118968404422, -0.000186857767403, -0.000441666255938, -4.56801353721e-05, 0.000173540320247, 1.28385199787e-05, 0.000474485510495, -0.000595523510128, 0.000650486210361, -0.000304691086058], [0.000245831295615, 0.00478765321895, -0.00211735558696, 0.00384859880432, -0.00380800990388, 0.0020916487556, -0.00314986915328, 0.00346093648113, -0.00153521180619, 0.0024326457642, -0.000547555217054, 0.00101039430592, 0.00226428732276], [0.000484765885631, -0.00211735558696, 0.00321260700002, -0.0035159275867, 0.00244108727202, -0.00262931385078, 0.00202203425579, -0.00164040108211, 0.000464786658995, 0.000797548214905, -0.0008760857163, 0.000540559471119, -0.00208297558129], [-0.000118968404422, 0.00384859880432, -0.0035159275867, 0.00831066537648, -0.00453900685534, 0.00240213540383, -0.00300884991884, 0.00341609376483, -0.0017907184083, 0.00151760841254, 0.000339340534993, -0.00107534357812, 0.00406713224947], [-0.000186857767403, -0.00380800990388, 0.00244108727202, -0.00453900685534, 0.00782982353121, -0.00214931019582, 0.00175693270285, -0.00161191960797, 0.000363412400475, -0.000584958179388, 0.000712196866516, 0.000130694868858, -0.00117710139602], [-0.000441666255938, 0.0020916487556, -0.00262931385078, 0.00240213540383, -0.00214931019582, 0.00733956182376, -0.00379909644835, -0.000795129861217, 0.00272449362092, -0.00168554182164, 0.00353963673115, -0.00203043152578, 0.00442334963009], [-4.56801353721e-05, -0.00314986915328, 0.00202203425579, -0.00300884991884, 0.00175693270285, -0.00379909644835, 0.00832989439368, -0.00292643299326, 0.00121924828272, -0.000466081808554, -0.00131829408929, 0.00309007614851, -0.0052267536521], [0.000173540320247, 0.00346093648113, -0.00164040108211, 0.00341609376483, -0.00161191960797, -0.000795129861217, -0.00292643299326, 0.0141677157953, -0.00539312697947, 0.000994640402496, 0.000260492059169, -4.08405649068e-05, 0.00137822621036], [1.28385199787e-05, -0.00153521180619, 0.000464786658995, -0.0017907184083, 0.000363412400475, 0.00272449362092, 0.00121924828272, -0.00539312697947, 0.0130410380661, -0.00444025313482, 0.00282664201222, -0.000769078789745, -0.000136370348628], [0.000474485510495, 0.0024326457642, 0.000797548214905, 0.00151760841254, -0.000584958179388, -0.00168554182164, -0.000466081808554, 0.000994640402496, -0.00444025313482, 0.0167604461312, -0.00827129092067, 0.00573068391532, -0.00116000976413], [-0.000595523510128, -0.000547555217054, -0.0008760857163, 0.000339340534993, 0.000712196866516, 0.00353963673115, -0.00131829408929, 0.000260492059169, 0.00282664201222, -0.00827129092067, 0.0159204714, -0.00723149906844, 0.00183216633741], [0.000650486210361, 0.00101039430592, 0.000540559471119, -0.00107534357812, 0.000130694868858, -0.00203043152578, 0.00309007614851, -4.08405649068e-05, -0.000769078789745, 0.00573068391532, -0.00723149906844, 0.0168105568737, -0.00712847942486], [-0.000304691086058, 0.00226428732276, -0.00208297558129, 0.00406713224947, -0.00117710139602, 0.00442334963009, -0.0052267536521, 0.00137822621036, -0.000136370348628, -0.00116000976413, 0.00183216633741, -0.00712847942486, 0.0147491162643]]
    },
    "melbands": {
        "max": [0.0050483904779, 0.013960682787, 0.0116216754541, 0.00522893527523, 0.00913754012436, 0.00975780375302, 0.00445064064115, 0.00722861662507, 0.00802186410874, 0.0122629823163, 0.0136078810319, 0.0315005630255, 0.00716584781185, 0.00611847266555, 0.00248034647666, 0.00644555222243, 0.0144160818309, 0.0070134117268, 0.00579963065684, 0.00163156900089, 0.00328631233424, 0.000279249623418, 0.000991470180452, 0.000604892731644, 0.00138201098889, 0.000292850367259, 0.000384923216188, 0.00046443825704, 0.000705494603608, 0.000459186325315, 0.000288207695121, 3.77545875381e-05, 4.5587290515e-05, 7.80067784945e-05, 9.38355442486e-05, 6.25349784968e-05, 5.9629779571e-05, 1.87571131391e-05, 1.15256825666e-05, 3.6009937503e-06],
        "mean": [0.000164894183399, 0.000472512474516, 0.00027729087742, 0.000150311941979, 0.000266501825536, 0.000353361218004, 0.000131413471536, 0.000105334904219, 0.000117293871881, 0.000197446439415, 0.0001651962084, 0.000443961966084, 8.62568267621e-05, 5.65979898965e-05, 3.38133177138e-05, 6.61595913698e-05, 6.25171669526e-05, 4.06066792493e-05, 2.25195108214e-05, 2.19208814087e-05, 4.54033288406e-05, 8.54645622894e-06, 1.32536624733e-05, 1.36400849442e-05, 1.46017173392e-05, 1.04989230749e-05, 7.22725326341e-06, 7.72640942159e-06, 1.67415473697e-05, 9.44761723076e-06, 2.90591287921e-06, 1.0526606502e-06, 7.1485396802e-07, 7.14640407296e-07, 8.61361968418e-07, 7.74777902279e-07, 7.0915143624e-07, 4.54806837524e-07, 2.11057468391e-07, 8.40720488782e-08],
        "min": [5.1633566045e-07, 3.6777393575e-07, 2.38337364067e-07, 1.2427467766e-07, 2.34565916912e-07, 1.5308761192e-07, 7.47797823664e-09, 3.01662552715e-08, 1.32982007628e-08, 1.07379287684e-08, 4.7297969985e-09, 3.40572459123e-09, 1.76156134124e-09, 1.24282906189e-09, 1.48727452576e-09, 1.6999182062e-09, 7.79195319378e-10, 1.41900668993e-09, 1.13710518779e-09, 1.21715548751e-09, 1.07232611679e-09, 1.56128254769e-09, 2.10862749483e-09, 2.51880871716e-09, 1.71855518705e-09, 1.411659456e-09, 1.31208466314e-09, 1.95746641118e-09, 1.25860055711e-09, 1.59573620984e-09, 1.3041017155e-09, 1.32243782591e-09, 1.2645368086e-09, 9.60088897273e-10, 1.17594067817e-09, 7.70692176744e-10, 9.98456650692e-10, 1.01931896257e-09, 1.01494190829e-09, 4.90628648819e-10],
        "stdev": [0.000506201176904, 0.00133476930205, 0.000691081222612, 0.000262905843556, 0.000681961188093, 0.000874474935699, 0.000285306014121, 0.000336643337505, 0.000431972090155, 0.000729741062969, 0.000734674860723, 0.00279695400968, 0.000269599433523, 0.00022286886815, 0.000119391661428, 0.000332446681568, 0.000591269053984, 0.000238411055761, 0.000169121223735, 0.000101863581222, 0.000287714385195, 2.10770576814e-05, 4.31138723798e-05, 3.62271930499e-05, 4.83091716887e-05, 2.96886573778e-05, 2.52030040429e-05, 2.86925369437e-05, 6.81785168126e-05, 3.38115241902e-05, 1.11102854135e-05, 2.87838020085e-06, 2.61427317128e-06, 3.43384135704e-06, 4.14746773458e-06, 2.98953705169e-06, 2.31233957493e-06, 1.33527612434e-06, 6.30928013834e-07, 2.17274077841e-07]
    },
    "melbands128": {
        "max": [0.0001335516572, 0.000873651704751, 0.00595309911296, 0.0186209660023, 0.0219584852457, 0.0139924418181, 0.01614709571, 0.0208148136735, 0.0161969214678, 0.00335768889636, 0.00254380470142, 0.00491105206311, 0.0170945227146, 0.0149681260809, 0.0144328847528, 0.0134711656719, 0.00632349262014, 0.00730552524328, 0.00571172684431, 0.00945516489446, 0.011468693614, 0.00977324694395, 0.014224845916, 0.0246100872755, 0.0162915606052, 0.0248935110867, 0.0185447409749, 0.0212900601327, 0.0391902253032, 0.0499547757208, 0.0395177640021, 0.0112785017118, 0.0139970211312, 0.00416051549837, 0.00388698838651, 0.0125877903774, 0.00990431010723, 0.00176907528657, 0.00200497428887, 0.00483520003036, 0.0147221442312, 0.0143343042582, 0.0218723528087, 0.0225389748812, 0.00261638965458, 0.00853113736957, 0.0258418023586, 0.00496863294393, 0.00062870956026, 0.0010997497011, 0.00203356007114, 0.00617647496983, 0.008684059605, 0.00313848396763, 0.000765888311435, 0.000228496908676, 0.000857976032421, 0.00090801314218, 0.00174061441794, 0.000396809191443, 0.00073604809586, 0.000893637246918, 0.003769449424, 0.000587028393056, 0.000436084985267, 0.000570204807445, 0.000785850279499, 0.000410192791605, 0.000567406532355, 0.00149114895612, 0.000498174806125, 0.00078819214832, 0.000901828112546, 0.00137633329723, 0.00162635976449, 0.000753988570068, 0.000689101405442, 0.000694873509929, 0.000149793195305, 0.000139108407893, 5.29544849996e-05, 4.4267901103e-05, 5.42784982827e-05, 5.17108928761e-05, 5.37372688996e-05, 5.17163862241e-05, 0.000112047513539, 0.000144029982039, 0.000123984529637, 7.66150915297e-05, 7.42625270505e-05, 6.11660143477e-05, 8.43346060719e-05, 6.34563621134e-05, 4.57774985989e-05, 2.47655625571e-05, 2.43222511926e-05, 2.0811396098e-05, 1.92267434613e-05, 7.66753419157e-06, 4.54483961221e-06, 3.52148617822e-06, 2.81137931779e-06, 2.08239748645e-06, 1.78453547051e-07, 6.91981449918e-09, 6.61394139456e-09, 6.33785246507e-09, 6.07988592805e-09, 5.84405901449e-09, 5.60352564349e-09, 5.39877476058e-09, 5.20857090791e-09, 5.02215025122e-09, 4.84794027145e-09, 4.69199479269e-09, 4.54677673289e-09, 4.41577485688e-09, 4.30885371827e-09, 4.18790957468e-09, 4.09102041132e-09, 3.99329680434e-09, 3.91962817758e-09, 3.8487759646e-09, 3.80371512065e-09, 3.75660480501e-09, 3.72100772417e-09, 3.70091135515e-09],
        "mean": [9.91640717984e-06, 1.91547242139e-05, 0.000160097231856, 0.000565202150028, 0.000560058862902, 0.000377685355488, 0.000301109685097, 0.000285643822281, 0.000190375110833, 0.000109400592919, 0.000136274131364, 0.000213085077121, 0.000303828855976, 0.000323939253576, 0.000444155040896, 0.000348640925949, 0.000128668252728, 0.000112877809443, 0.000100260302133, 9.35902207857e-05, 0.000127050487208, 8.55638863868e-05, 0.000114457747259, 0.000139949843287, 0.000194211897906, 0.000270728545729, 0.000106780193164, 0.000120781434816, 0.000135592010338, 0.000701022392605, 0.000494012085255, 6.02269246883e-05, 5.96354257141e-05, 0.000114618800581, 5.16683758178e-05, 4.11250985053e-05, 6.05578024988e-05, 1.6103616872e-05, 3.31704250129e-05, 4.82369869133e-05, 0.000102441023046, 4.80387388961e-05, 5.61803135497e-05, 8.95218108781e-05, 1.93372070498e-05, 2.65814906015e-05, 7.51915940782e-05, 1.56816240633e-05, 5.81699760005e-06, 1.01233545138e-05, 1.26959630506e-05, 3.56201962859e-05, 9.4994356914e-05, 1.75783570739e-05, 1.16694009193e-05, 6.5969534262e-06, 6.35933520243e-06, 1.82991716429e-05, 1.15488355732e-05, 1.19719716167e-05, 1.37533925226e-05, 1.32666973514e-05, 2.15540621866e-05, 1.26229006128e-05, 7.78103549237e-06, 7.51617835704e-06, 1.87606910913e-05, 4.88311798108e-06, 4.10270240536e-06, 9.87524799712e-06, 5.89134924667e-06, 7.19206946087e-06, 1.32105142256e-05, 2.2342770535e-05, 1.59220671776e-05, 1.05263916339e-05, 6.36399090581e-06, 4.16461807617e-06, 2.1654198008e-06, 2.07164976018e-06, 9.86981831375e-07, 7.64575815992e-07, 7.27296594505e-07, 7.27310009552e-07, 6.84633960191e-07, 6.610794685e-07, 7.3453082905e-07, 8.11510574295e-07, 9.07422759155e-07, 8.78787886904e-07, 7.67334540797e-07, 7.47982426219e-07, 7.62748356919e-07, 7.66537084473e-07, 6.57215366573e-07, 5.2324776334e-07, 4.37304407797e-07, 3.02158582599e-07, 2.35768155221e-07, 1.51976323082e-07, 9.51078718003e-08, 8.17677445752e-08, 5.50104957142e-08, 3.87105174582e-08, 3.9331724544e-09, 2.29261748474e-11, 1.22083957527e-11, 1.0037711981e-11, 9.56462079676e-12, 9.18033010722e-12, 8.82604666436e-12, 8.50801807478e-12, 8.15641738178e-12, 7.861243774e-12, 7.6133309726e-12, 7.40290467816e-12, 7.1866028753e-12, 6.90361786834e-12, 6.73391334013e-12, 6.5548018402e-12, 6.39561754251e-12, 6.26353309496e-12, 6.15343583379e-12, 6.01534794198e-12, 5.80035195222e-12, 5.48236542969e-12, 5.2951848635e-12, 5.24705322594e-12],
        "min": [1.29188642006e-08, 4.48533299391e-08, 1.23613091318e-07, 2.04864463171e-08, 1.67029085674e-07, 1.68647336096e-08, 4.46427108614e-08, 1.03709538735e-08, 9.37071398255e-09, 3.25954978564e-08, 3.5051272107e-08, 4.66194691739e-08, 3.68422625741e-08, 7.46015302866e-08, 1.59651101228e-08, 1.39748834727e-08, 1.94290694644e-09, 4.51327641926e-09, 7.74506769829e-09, 5.2986104393e-09, 1.21433822997e-08, 1.68040461546e-08, 5.62963409223e-09, 8.04883626415e-09, 9.75468061881e-09, 3.85524323576e-09, 2.44227016388e-09, 2.24543317273e-09, 1.82464143794e-09, 4.18864665175e-10, 2.01769889685e-09, 9.73426339534e-10, 9.38048749788e-10, 1.69352276647e-09, 5.39355171636e-10, 1.02820463255e-09, 7.45961903359e-10, 8.09063149809e-10, 1.27821753182e-09, 3.03704256188e-10, 6.40758501813e-10, 5.86599990804e-10, 6.38513852902e-10, 6.36213914884e-10, 4.89917384439e-10, 4.39702302346e-10, 5.62431601292e-10, 6.1429195064e-10, 5.32958954746e-10, 4.34797892135e-10, 1.10660891561e-09, 1.02480657294e-09, 6.56681764521e-10, 9.45716394085e-10, 1.65695068777e-09, 1.20540555315e-09, 9.82261938454e-10, 2.01034855429e-09, 1.37342726081e-09, 2.08720418726e-09, 1.65514590922e-09, 2.71886602121e-09, 8.17700240852e-10, 4.62148819214e-10, 1.06842412695e-09, 7.90958798458e-10, 1.05391884109e-09, 9.54172407752e-10, 8.42279246349e-10, 9.17987574844e-10, 1.04059316719e-09, 1.21700471922e-09, 5.94832849643e-10, 8.83260520279e-10, 9.63187751779e-10, 9.08677300071e-10, 1.28697730251e-09, 9.74450409252e-10, 7.11757874861e-10, 9.85914905272e-10, 1.10313991275e-09, 9.75235669998e-10, 6.88067103294e-10, 5.69063962619e-10, 9.75618585919e-10, 9.4277285978e-10, 7.36366079224e-10, 8.48488501681e-10, 9.35010624481e-10, 1.1852940851e-09, 8.46228809248e-10, 4.24259433141e-10, 8.0521678214e-10, 6.00511362858e-10, 5.0510012839e-10, 8.93588425477e-10, 6.71007971409e-10, 7.48502426706e-10, 7.50490725121e-10, 5.99162386372e-10, 3.84431958489e-10, 2.8224497739e-10, 3.5197103565e-10, 2.68739391851e-10, 1.69057996768e-11, 3.06928121157e-13, 2.22261418254e-13, 2.89177265033e-13, 3.00281473948e-13, 2.5713863005e-13, 2.76847907663e-13, 3.219816178e-13, 2.47453397833e-13, 3.14301942762e-13, 2.8175706668e-13, 2.45065957544e-13, 2.52731565059e-13, 2.49751364338e-13, 2.73581152307e-13, 2.77230359979e-13, 3.12829758842e-13, 2.45463886847e-13, 2.76986333175e-13, 2.62684405478e-13, 2.17734237216e-13, 6.16949118746e-14, 1.05290413568e-14, 4.05347908076e-16],
        "stdev": [1.26511558847e-05, 4.01691431762e-05, 0.000491893326398, 0.00190691987518, 0.00185725395568, 0.00095438992139, 0.000950545829255, 0.000908962159883, 0.000605588778853, 0.00023232139938, 0.000247082178248, 0.00043990611448, 0.00114357401617, 0.00107308407314, 0.0012418582337, 0.00120979780331, 0.00038803613279, 0.000360123027349, 0.000278307299595, 0.000367298052879, 0.000565237365663, 0.0003548937093, 0.000563594163395, 0.000852061493788, 0.000776414875872, 0.00134489533957, 0.000607597234193, 0.000908240675926, 0.0012531997636, 0.00466206250712, 0.00337615795434, 0.000370414054487, 0.000382973696105, 0.000291030883091, 0.000177646885277, 0.000370287976693, 0.000406825827667, 6.5844222263e-05, 0.000114993854368, 0.00018165630172, 0.000713642977644, 0.000407004263252, 0.000771202088799, 0.0010626668809, 0.000105787577922, 0.000221310911002, 0.000702529796399, 0.000145547339343, 1.97411936824e-05, 4.01857578254e-05, 7.12631081115e-05, 0.000256159255514, 0.000706117891241, 0.000123176418128, 4.377643927e-05, 1.85422413779e-05, 3.20064282278e-05, 7.03525656718e-05, 5.39915599802e-05, 3.43962237821e-05, 4.41389383923e-05, 5.23989656358e-05, 0.000109263259219, 3.78296281269e-05, 2.69506654149e-05, 2.98216891679e-05, 7.25249483366e-05, 1.9413573682e-05, 2.33775008383e-05, 5.48847601749e-05, 2.55216800724e-05, 4.11840628658e-05, 7.14487032383e-05, 0.000123374498799, 8.79588696989e-05, 4.57158093923e-05, 2.88379414997e-05, 2.35827465076e-05, 7.49632818042e-06, 7.00683585819e-06, 2.87817306344e-06, 2.70784289569e-06, 2.92531967716e-06, 2.70187979368e-06, 2.85667988464e-06, 2.81575353256e-06, 4.28795374319e-06, 4.7652097237e-06, 4.72237024951e-06, 3.67809639101e-06, 3.45641478816e-06, 2.88235719381e-06, 2.87774059871e-06, 2.62765775005e-06, 2.14081092054e-06, 1.59938429078e-06, 1.37915867526e-06, 1.01657201412e-06, 7.70524366089e-07, 4.74253596394e-07, 2.73324502587e-07, 2.1604687106e-07, 1.44995595974e-07, 9.3163173176e-08, 1.03325197287e-08, 2.16455880997e-10, 2.04772088175e-10, 1.95710031514e-10, 1.87745902158e-10, 1.8042611849e-10, 1.73047048913e-10, 1.6669420011e-10, 1.60792962278e-10, 1.55048043848e-10, 1.49685416839e-10, 1.4484523303e-10, 1.4036896645e-10, 1.3634701701e-10, 1.32976296641e-10, 1.29287497375e-10, 1.26274157797e-10, 1.23281537756e-10, 1.20991119901e-10, 1.18822007789e-10, 1.17413245793e-10, 1.1597767885e-10, 1.14887384328e-10, 1.14267109663e-10]
    },
    "mfcc": {
        "mean": [-713.838989258, 118.715072632, -1.62118673325, 21.099363327, -13.3459329605, -1.81066048145, -1.96348297596, 3.33818769455, -7.64512252808, -1.57344722748, -7.13532924652, 1.480509758, -7.68826580048],
        "cov": [[7346.30908203, -733.039123535, -2072.46191406, -499.455352783, -314.075836182, 37.7082748413, 296.083312988, -263.910430908, 8.78890323639, 197.709640503, -63.3823204041, 190.280212402, -69.6178665161], [-733.039123535, 815.128295898, 60.9956817627, 72.8850860596, 47.167766571, 67.7595901489, 34.3817825317, 39.4459114075, 20.2022304535, -25.1199073792, 37.7161178589, -80.242805481, 17.346824646], [-2072.46191406, 60.9956817627, 1373.29382324, 185.501785278, 179.256546021, 117.550796509, 13.9090871811, 210.428192139, 5.3865981102, -50.3265380859, -19.4387722015, -65.7984313965, 34.5252227783], [-499.455352783, 72.8850860596, 185.501785278, 335.640960693, 111.751068115, 26.3671722412, -35.184803009, 32.4338989258, -0.519856452942, -39.0590591431, 6.70189285278, 9.86297798157, -1.21003687382], [-314.075836182, 47.167766571, 179.256546021, 111.751068115, 250.60067749, 62.740447998, -34.2177734375, 64.6112823486, -2.60163354874, -19.8584346771, 27.6051387787, -15.7350692749, 5.6770401001], [37.7082748413, 67.7595901489, 117.550796509, 26.3671722412, 62.740447998, 223.368255615, 118.610099792, 77.9515686035, 39.7859268188, 10.4725704193, 27.6318626404, -27.3376998901, 7.09641075134], [296.083312988, 34.3817825317, 13.9090871811, -35.184803009, -34.2177734375, 118.610099792, 239.983840942, 44.9499702454, 36.8770179749, 40.8640594482, -7.44798660278, -1.1062836647, -4.39334058762], [-263.910430908, 39.4459114075, 210.428192139, 32.4338989258, 64.6112823486, 77.9515686035, 44.9499702454, 175.382827759, 48.0523376465, -20.5713386536, -0.874161303043, -36.5929718018, 27.4796657562], [8.78890323639, 20.2022304535, 5.3865981102, -0.519856452942, -2.60163354874, 39.7859268188, 36.8770179749, 48.0523376465, 139.565856934, 37.1436004639, -2.21884822845, -15.6935472488, 3.05347108841], [197.709640503, -25.1199073792, -50.3265380859, -39.0590591431, -19.8584346771, 10.4725704193, 40.8640594482, -20.5713386536, 37.1436004639, 126.938064575, 29.4204082489, 2.38744044304, -36.5701751709], [-63.3823204041, 37.7161178589, -19.4387722015, 6.70189285278, 27.6051387787, 27.6318626404, -7.44798660278, -0.874161303043, -2.21884822845, 29.4204082489, 110.878746033, 17.9220600128, -24.2425899506], [190.280212402, -80.242805481, -65.7984313965, 9.86297798157, -15.7350692749, -27.3376998901, -1.1062836647, -36.5929718018, -15.6935472488, 2.38744044304, 17.9220600128, 110.463607788, 15.6352472305], [-69.6178665161, 17.346824646, 34.5252227783, -1.21003687382, 5.6770401001, 7.09641075134, -4.39334058762, 27.4796657562, 3.05347108841, -36.5701751709, -24.2425899506, 15.6352472305, 149.314285278]],
        "icov": [[0.000342255312717, 0.000238321226789, 0.000517664186191, 0.000176998612005, -7.453760918e-05, -0.000344032334397, -0.000250322307693, -9.58434684435e-05, 0.000160764117027, -0.00026117102243, 0.000419625983341, -0.000304232700728, 7.58187961765e-05], [0.000238321226789, 0.00163533131126, 0.000392028567148, -0.0002408138389, -8.38635460241e-05, -0.000209384510526, -0.000593773904257, 0.000194108230062, -7.22551922081e-05, 0.000306367874146, -0.000652916205581, 0.00116748129949, -0.000363267608918], [0.000517664186191, 0.000392028567148, 0.00177911878563, -0.000111998342618, -0.00035147453309, -0.000699047115631, -0.000271543773124, -0.00120903679635, 0.000656018266454, -0.000545255141333, 0.000923698185943, -0.000218347529881, 7.05142228981e-05], [0.000176998612005, -0.0002408138389, -0.000111998342618, 0.00401456700638, -0.00143187690992, -0.000438285089331, 0.000343506544596, 0.000142425109516, -0.000374511320842, 0.000789625628386, 0.000570679956581, -0.00142463075463, 0.00067098805448], [-7.453760918e-05, -8.38635460241e-05, -0.00035147453309, -0.00143187690992, 0.00595383858308, -0.00168516370468, 0.00177712074947, -0.00149696995504, 0.000733788358048, -0.000238340770011, -0.000900835439097, 0.000196461667656, -1.40454230859e-05], [-0.000344032334397, -0.000209384510526, -0.000699047115631, -0.000438285089331, -0.00168516370468, 0.00876260176301, -0.00409815553576, -0.000780750240665, -0.00118960998952, 0.00110019603744, -0.00308340089396, 0.00210353615694, -0.00073437357787], [-0.000250322307693, -0.000593773904257, -0.000271543773124, 0.000343506544596, 0.00177712074947, -0.00409815553576, 0.00758554460481, -0.00151885615196, 0.000224306466407, -0.00212745019235, 0.00205408339389, -0.00172629498411, 0.000636389944702], [-9.58434684435e-05, 0.000194108230062, -0.00120903679635, 0.000142425109516, -0.00149696995504, -0.000780750240665, -0.00151885615196, 0.0101130632684, -0.00324938911945, 0.00250347563997, -0.0012077013962, 0.00237486301921, -0.00136354984716], [0.000160764117027, -7.22551922081e-05, 0.000656018266454, -0.000374511320842, 0.000733788358048, -0.00118960998952, 0.000224306466407, -0.00324938911945, 0.00958683807403, -0.00374354957603, 0.00145853147842, 8.27115800348e-05, -0.0003228969872], [-0.00026117102243, 0.000306367874146, -0.000545255141333, 0.000789625628386, -0.000238340770011, 0.00110019603744, -0.00212745019235, 0.00250347563997, -0.00374354957603, 0.0117530152202, -0.00370992813259, 0.000903629406821, 0.00166669988539], [0.000419625983341, -0.000652916205581, 0.000923698185943, 0.000570679956581, -0.000900835439097, -0.00308340089396, 0.00205408339389, -0.0012077013962, 0.00145853147842, -0.00370992813259, 0.0128594525158, -0.00406514247879, 0.00210110819899], [-0.000304232700728, 0.00116748129949, -0.000218347529881, -0.00142463075463, 0.000196461667656, 0.00210353615694, -0.00172629498411, 0.00237486301921, 8.27115800348e-05, 0.000903629406821, -0.00406514247879, 0.0127612957731, -0.00261051557027], [7.58187961765e-05, -0.000363267608918, 7.05142228981e-05, 0.00067098805448, -1.40454230859e-05, -0.00073437357787, 0.000636389944702, -0.00136354984716, -0.0003228969872, 0.00166669988539, 0.00210110819899, -0.00261051557027, 0.00809838157147]]
    },
    "spectral_contrast_coeffs": {
        "max": [-0.323799520731, -0.380699276924, -0.427466869354, -0.472309857607, -0.592024564743, -0.569026827812],
        "mean": [-0.688439369202, -0.73156452179, -0.738357901573, -0.7885171175, -0.795536518097, -0.762391626835],
        "min": [-0.864842653275, -0.924607098103, -0.925062298775, -0.921133875847, -0.910056948662, -0.931623101234],
        "stdev": [0.0755370333791, 0.0895809009671, 0.0773717984557, 0.0632559657097, 0.0541284382343, 0.0486974082887]
    },
    "spectral_contrast_valleys": {
        "max": [-5.51097106934, -5.36866474152, -5.9119143486, -6.02764701843, -5.72256135941, -8.33924674988],
        "mean": [-7.74498939514, -7.40061807632, -8.12604522705, -8.57890987396, -8.19662189484, -10.9174928665],
        "min": [-9.7530412674, -10.4846134186, -11.5973768234, -11.8261671066, -11.0813188553, -12.7775306702],
        "stdev": [0.745448410511, 0.840910375118, 0.987850427628, 1.02616524696, 0.903408408165, 0.786809325218]
    }
},
"rhythm": {
    "beats_count": 88,
    "beats_loudness": {
        "max": 0.264280885458,
        "mean": 0.0193065609783,
        "min": 0.000751196464989,
        "stdev": 0.0354068502784
    },
    "bpm": 110.278305054,
    "bpm_histogram_first_peak_bpm": 112,
    "bpm_histogram_first_peak_weight": 0.606060624123,
    "bpm_histogram_second_peak_bpm": 103,
    "bpm_histogram_second_peak_spread": 0.526315808296,
    "bpm_histogram_second_peak_weight": 0.103448279202,
    "danceability": 0.920786678791,
    "onset_rate": 3.52734375,
    "beats_loudness_band_ratio": {
        "max": [0.953235685825, 0.929647266865, 0.723732113838, 0.700200259686, 0.496137261391, 0.494396090508],
        "mean": [0.224524214864, 0.262256383896, 0.228507742286, 0.184987843037, 0.0936155840755, 0.0532211065292],
        "min": [0.00153727538418, 0.00392642104998, 0.00255556195043, 0.000109838794742, 0.000439274474047, 0.000281946384348],
        "stdev": [0.242738291621, 0.239923194051, 0.181817829609, 0.159812614322, 0.107164897025, 0.0714992284775]
    },
