{
"metadata": {
    "version": {
        "essentia": "2.1-beta5",
        "essentia_git_sha": "Undefined",
        "extractor": "music 2.0"
    },
    "audio_properties": {
        "analysis": {
            "equal_loudness": 0,
            "length": 35.1549873352,
            "sample_rate": 44100,
            "start_time": 126.502311707,
            "downmix": "mix"
        },
        "bit_rate": 192000,
        "length": 161.680557251,
        "lossless": 0,
        "number_channels": 2,
        "replay_gain": -4.16732025146,
        "sample_rate": 48000,
        "codec": "mp3",
        "md5_encoded": "f66bc471542b608e35692ca0331bed97"
    },
    "tags": {
        "file_name": "Yugoslavia_Brez Besed_Berta Ambroz.mp3",
        "encoding": ["Lavf58.29.100"]
    }
},
"lowlevel": {
    "average_loudness": 0.233026504517,
    "barkbands_crest": {
        "max": 26.1184654236,
        "mean": 10.6058082581,
        "min": 3.00493955612,
        "stdev": 4.47295236588
    },
    "barkbands_flatness_db": {
        "max": 0.414071977139,
        "mean": 0.219770550728,
        "min": 0.0392658002675,
        "stdev": 0.0526666752994
    },
    "barkbands_kurtosis": {
        "max": 184.102920532,
        "mean": 5.2273812294,
        "min": -1.7173666954,
        "stdev": 16.9367961884
    },
    "barkbands_skewness": {
        "max": 12.0271492004,
        "mean": 1.15104067326,
        "min": -2.34346294403,
        "stdev": 1.5942940712
    },
    "barkbands_spread": {
        "max": 54.5412483215,
        "mean": 12.8364439011,
        "min": 0.512674093246,
        "stdev": 7.55886507034
    },
    "dissonance": {
        "max": 0.49999499321,
        "mean": 0.437233775854,
        "min": 0.197120442986,
        "stdev": 0.0500967800617
    },
    "dynamic_complexity": 6.71952486038,
    "erbbands_crest": {
        "max": 31.2557754517,
        "mean": 11.5156946182,
        "min": 3.28719830513,
        "stdev": 5.85903310776
    },
    "erbbands_flatness_db": {
        "max": 0.401265949011,
        "mean": 0.266277194023,
        "min": 0.0949486345053,
        "stdev": 0.0479823276401
    },
    "erbbands_kurtosis": {
        "max": 76.2381439209,
        "mean": 1.95170283318,
        "min": -1.76671612263,
        "stdev": 6.34320640564
    },
    "erbbands_skewness": {
        "max": 7.9866976738,
        "mean": 0.497839361429,
        "min": -3.30197620392,
        "stdev": 1.04546523094
    },
    "erbbands_spread": {
        "max": 76.4064407349,
        "mean": 22.6417446136,
        "min": 1.84397733212,
        "stdev": 13.5036334991
    },
    "hfc": {
        "max": 70.8064880371,
        "mean": 10.477807045,
        "min": 0.00307977572083,
        "stdev": 15.1726856232
    },
    "loudness_ebu128": {
        "integrated": -21.8206577301,
        "loudness_range": 14.2674274445,
        "momentary": {
            "max": -15.1016311646,
            "mean": -26.099603653,
            "min": -52.5625457764,
            "stdev": 6.39559936523
        },
        "short_term": {
            "max": -16.7395877838,
            "mean": -24.4274311066,
            "min": -33.2998504639,
            "stdev": 4.64844465256
        }
    },
    "melbands_crest": {
        "max": 31.8260707855,
        "mean": 13.3962020874,
        "min": 3.07562470436,
        "stdev": 5.33621454239
    },
    "melbands_flatness_db": {
        "max": 0.486849784851,
        "mean": 0.260823696852,
        "min": 0.0950530767441,
        "stdev": 0.0653074905276
    },
    "melbands_kurtosis": {
        "max": 294.782073975,
        "mean": 10.2480888367,
        "min": -1.61624491215,
        "stdev": 30.1877613068
    },
    "melbands_skewness": {
        "max": 13.2281780243,
        "mean": 1.72742533684,
        "min": -1.27011203766,
        "stdev": 1.87317502499
    },
    "melbands_spread": {
        "max": 83.7965011597,
        "mean": 17.9672031403,
        "min": 0.463166475296,
        "stdev": 10.6344203949
    },
    "pitch_salience": {
        "max": 0.883795201778,
        "mean": 0.567900240421,
        "min": 0.0539519116282,
        "stdev": 0.13549734652
    },
    "silence_rate_20dB": {
        "max": 1,
        "mean": 1,
        "min": 1,
        "stdev": 0
    },
    "silence_rate_30dB": {
        "max": 1,
        "mean": 0.994059383869,
        "min": 0,
        "stdev": 0.0768459588289
    },
    "silence_rate_60dB": {
        "max": 1,
        "mean": 0.374257415533,
        "min": 0,
        "stdev": 0.483931869268
    },
    "spectral_centroid": {
        "max": 3292.02929688,
        "mean": 1049.93591309,
        "min": 223.187805176,
        "stdev": 500.01385498
    },
    "spectral_complexity": {
        "max": 45,
        "mean": 11.4343233109,
        "min": 0,
        "stdev": 9.00481033325
    },
    "spectral_decrease": {
        "max": -4.89331340205e-13,
        "mean": -3.513567437e-09,
        "min": -3.72024011597e-08,
        "stdev": 4.99086283412e-09
    },
    "spectral_energy": {
        "max": 0.145953014493,
        "mean": 0.0142113780603,
        "min": 2.12619715967e-06,
        "stdev": 0.0200462657958
    },
    "spectral_energyband_high": {
        "max": 0.00243923184462,
        "mean": 0.000110025335744,
        "min": 1.16233799474e-07,
        "stdev": 0.000299102044664
    },
    "spectral_energyband_low": {
        "max": 0.0226590111852,
        "mean": 0.00155209726654,
        "min": 1.79032596748e-07,
        "stdev": 0.00276341778226
    },
    "spectral_energyband_middle_high": {
        "max": 0.0550600476563,
        "mean": 0.00465260539204,
        "min": 8.24383903364e-07,
        "stdev": 0.0087316641584
    },
    "spectral_energyband_middle_low": {
        "max": 0.140263095498,
        "mean": 0.00845479033887,
        "min": 8.43641942083e-07,
        "stdev": 0.0152587555349
    },
    "spectral_entropy": {
        "max": 8.22414684296,
        "mean": 6.99008369446,
        "min": 4.60248470306,
        "stdev": 0.525079369545
    },
    "spectral_flux": {
        "max": 0.28026086092,
        "mean": 0.0495792031288,
        "min": 0.00134385563433,
        "stdev": 0.0446846559644
    },
    "spectral_kurtosis": {
        "max": 50.109413147,
        "mean": 9.16320896149,
        "min": -0.802650928497,
        "stdev": 7.42785310745
    },
    "spectral_rms": {
        "max": 0.0119328610599,
        "mean": 0.0029991499614,
        "min": 4.55449080619e-05,
        "stdev": 0.0022067760583
    },
    "spectral_rolloff": {
        "max": 5340.234375,
        "mean": 1151.47802734,
        "min": 129.19921875,
        "stdev": 654.776733398
    },
    "spectral_skewness": {
        "max": 5.17247343063,
        "mean": 1.81050348282,
        "min": -0.207997053862,
        "stdev": 0.884083747864
    },
    "spectral_spread": {
        "max": 6274838.5,
        "mean": 2464206.25,
        "min": 1044544.375,
        "stdev": 601613
    },
    "spectral_strongpeak": {
        "max": 8.6849155426,
        "mean": 1.04966259003,
        "min": 0,
        "stdev": 1.31041264534
    },
    "zerocrossingrate": {
        "max": 0.13330078125,
        "mean": 0.0423199646175,
        "min": 0.00634765625,
        "stdev": 0.0181312523782
    },
    "barkbands": {
        "max": [0.000103340076748, 0.00755449058488, 0.0197137594223, 0.0624552294612, 0.0646247416735, 0.126973941922, 0.0392759591341, 0.0527219437063, 0.0458955690265, 0.0154671575874, 0.0355746671557, 0.013944526203, 0.0123063139617, 0.0222702622414, 0.00558104645461, 0.005792865064, 0.00452598836273, 0.00547866057605, 0.00231809588149, 0.00179893674795, 0.000987708568573, 0.000725705991499, 1.29277132146e-05, 5.82081781886e-07, 5.92608955685e-07, 5.18288800322e-07, 5.50876336547e-07],
        "mean": [8.19802426122e-06, 0.000363285653293, 0.00068862066837, 0.00141325371806, 0.00208511739038, 0.00178384198807, 0.000961754238233, 0.000823963666335, 0.00128407380544, 0.000515750201885, 0.0014394975733, 0.000591364165302, 0.000599840888754, 0.000511647143867, 0.000265536888037, 0.000153019500431, 0.000209483114304, 0.000233824641327, 0.000125484206364, 8.35941755213e-05, 4.53280226793e-05, 2.42924688791e-05, 3.93377774799e-07, 1.32921741169e-07, 9.62540127603e-08, 8.66426763668e-10, 9.01458352409e-10],
        "min": [1.00467199005e-08, 7.62168284041e-08, 5.18193630228e-08, 5.97795732915e-08, 1.00403461545e-07, 2.94231998765e-08, 2.39352324627e-08, 2.29626202497e-08, 4.21625152569e-08, 1.44866270091e-08, 1.20167396034e-08, 1.48162744296e-08, 1.40961784467e-08, 4.10068778933e-08, 2.78771636886e-08, 1.18508118874e-07, 3.96708088601e-08, 1.60396105287e-08, 3.40927748255e-08, 2.67860258418e-08, 3.24426139287e-08, 2.60530015339e-08, 7.63603935638e-09, 7.51460138559e-09, 9.61343715744e-09, 4.65748828393e-11, 6.21933338163e-11],
        "stdev": [1.12798070404e-05, 0.000804232258815, 0.00151754252147, 0.00442966492847, 0.00570899154991, 0.00536769116297, 0.00299661187455, 0.00243925023824, 0.00298892799765, 0.00140715518501, 0.00461426796392, 0.00146010739263, 0.00132870452944, 0.00183692807332, 0.000645043386612, 0.000395621376811, 0.000491019280162, 0.000480441492982, 0.000245484436164, 0.00021454608941, 0.000118122676213, 7.57379821152e-05, 1.05715184873e-06, 5.94008469079e-08, 3.88073289059e-08, 1.33460087426e-08, 1.4184291075e-08]
    },
    "erbbands": {
        "max": [0.0805049240589, 2.12551736832, 14.9588527679, 74.9901046753, 364.746612549, 155.963470459, 212.072647095, 1581.24450684, 526.843505859, 1216.03088379, 1368.71252441, 785.267456055, 270.546203613, 1006.94580078, 1199.78796387, 710.877746582, 436.781768799, 1294.24279785, 326.906280518, 227.386001587, 303.556335449, 175.103851318, 258.2578125, 145.179901123, 143.952270508, 90.2785644531, 32.8046607971, 50.2731018066, 32.8127441406, 5.99297523499, 0.242165163159, 0.0186150930822, 0.00926230382174, 0.00642633903772, 0.00402216101065, 0.00207827496342, 0.000958713470027, 0.000340731086908, 7.92819919297e-05, 0.000163223288837],
        "mean": [0.00494163669646, 0.10705589503, 0.620219171047, 2.79720234871, 7.07474279404, 6.06244897842, 9.72640037537, 16.8026046753, 12.1148967743, 16.1454219818, 22.4228553772, 29.6387767792, 15.5902471542, 46.8562660217, 34.7513542175, 28.1847438812, 26.8687019348, 31.8780403137, 15.8625850677, 9.39241504669, 10.2558765411, 10.0988445282, 14.2711191177, 7.35930299759, 5.96043968201, 3.8028690815, 1.89215946198, 1.89093744755, 1.05211246014, 0.190156400204, 0.0110004441813, 0.00316378381103, 0.0022937762551, 0.00157932634465, 0.000405082915677, 2.34459021158e-05, 8.07658216218e-06, 2.52624818131e-06, 7.63390198699e-06, 1.66525460372e-05],
        "min": [3.04842933474e-06, 1.41771479321e-05, 4.855752195e-05, 0.000155615649419, 0.000219898138312, 0.000364585197531, 0.000670243462082, 0.000563917856198, 0.000434729299741, 0.000405405531637, 0.000849755015224, 0.000895567063708, 0.000420474971179, 0.00100395956542, 0.000541483808775, 0.000633646675851, 0.000903416541405, 0.00255656801164, 0.00155446084682, 0.0026279350277, 0.00678898300976, 0.00230308668688, 0.00118091003969, 0.00107667280827, 0.00180910702329, 0.00133293564431, 0.00138248968869, 0.00107780029066, 0.00101773091592, 0.000287911127089, 0.000206362339668, 0.000162491254741, 0.00013620138634, 9.79669639491e-05, 7.09156956873e-05, 2.8631297937e-06, 3.96443766704e-07, 8.39136760078e-08, 2.95893443081e-08, 1.32934605546e-08],
        "stdev": [0.00942928623408, 0.229551330209, 1.2920948267, 6.67377090454, 26.6970176697, 15.1634836197, 18.4580688477, 62.9740180969, 35.4550895691, 55.2026901245, 64.1419830322, 67.6441345215, 26.7978076935, 130.084777832, 108.68787384, 68.3393707275, 53.4850616455, 105.989524841, 34.6568374634, 19.93699646, 24.5841751099, 20.7087039948, 29.0261764526, 13.6607666016, 13.4398784637, 10.0785961151, 4.56728410721, 5.52881765366, 3.30392885208, 0.594193994999, 0.0254971329123, 0.00225016986951, 0.00109087047167, 0.000651701702736, 0.000199118847377, 5.64551082789e-05, 2.63285237452e-05, 9.29537418415e-06, 1.06881325337e-05, 2.33080663747e-05]
    },
    "gfcc": {
        "mean": [-141.241790771, 167.731185913, -171.15133667, 21.5468330383, -55.010509491, -11.2821302414, -21.7850818634, -8.98923301697, -17.2007713318, -16.611623764, -1.5274875164, -16.2789573669, 5.36127614975],
        "cov": [[7295.76220703, 857.277893066, -1847.21313477, -3.86957740784, 536.909118652, -1047.94592285, 778.575561523, -860.486633301, -22.3374385834, 108.018928528, -341.090209961, -69.7124938965, -281.12387085], [857.277893066, 519.207763672, 132.327301025, -144.942367554, 142.407577515, -82.4053649902, 69.2028961182, -36.8556594849, 0.726812303066, -63.5327148438, 15.9957933426, -63.2348976135, -38.1699256897], [-1847.21313477, 132.327301025, 1146.78283691, 167.450759888, -87.9966430664, 233.206634521, -217.273956299, 251.105804443, 48.8256568909, -116.14427948, 71.3942489624, -6.46097993851, 63.3736152649], [-3.86957740784, -144.942367554, 167.450759888, 619.60949707, 86.2120819092, 4.10469818115, 47.7633399963, -20.7199630737, 42.4995269775, 41.8207130432, -112.093307495, -8.54182815552, 0.196432739496], [536.909118652, 142.407577515, -87.9966430664, 86.2120819092, 294.484558105, 82.8349685669, 114.657600403, 15.2877054214, -24.0984382629, -15.079539299, 11.7500448227, -15.351433754, -43.5106201172], [-1047.94592285, -82.4053649902, 233.206634521, 4.10469818115, 82.8349685669, 468.959838867, 78.8826293945, 216.688613892, -39.2232933044, -39.2399520874, 61.2441635132, -24.118396759, -17.8937263489], [778.575561523, 69.2028961182, -217.273956299, 47.7633399963, 114.657600403, 78.8826293945, 286.956970215, 10.3959770203, -16.0041713715, 2.02595877647, -36.9924049377, -22.1866207123, -67.5636062622], [-860.486633301, -36.8556594849, 251.105804443, -20.7199630737, 15.2877054214, 216.688613892, 10.3959770203, 280.39364624, 49.9846343994, -37.5480422974, 61.2913856506, -8.76556015015, 16.6451892853], [-22.3374385834, 0.726812303066, 48.8256568909, 42.4995269775, -24.0984382629, -39.2232933044, -16.0041713715, 49.9846343994, 107.409385681, 34.2031860352, -29.7482223511, -6.51984357834, 8.49545574188], [108.018928528, -63.5327148438, -116.14427948, 41.8207130432, -15.079539299, -39.2399520874, 2.02595877647, -37.5480422974, 34.2031860352, 87.7199249268, -4.18265199661, -4.02458572388, -6.05181789398], [-341.090209961, 15.9957933426, 71.3942489624, -112.093307495, 11.7500448227, 61.2441635132, -36.9924049377, 61.2913856506, -29.7482223511, -4.18265199661, 132.819702148, 45.1706504822, 15.7351131439], [-69.7124938965, -63.2348976135, -6.46097993851, -8.54182815552, -15.351433754, -24.118396759, -22.1866207123, -8.76556015015, -6.51984357834, -4.02458572388, 45.1706504822, 88.2766647339, 42.2414665222], [-281.12387085, -38.1699256897, 63.3736152649, 0.196432739496, -43.5106201172, -17.8937263489, -67.5636062622, 16.6451892853, 8.49545574188, -6.05181789398, 15.7351131439, 42.2414665222, 87.5984954834]],
        "icov": [[0.00414090277627, -0.00454754615203, 0.00317283417098, -0.00023751804838, -0.00326635292731, 0.00599852763116, -0.00750135956332, 0.00487689813599, -0.00260484474711, 0.00152781710494, 0.00260175857693, -0.00314709311351, 0.00331162335351], [-0.00454754615203, 0.0144065320492, -0.00743072852492, 0.00410442147404, -0.00232701841742, -0.00271275104024, 0.00205971091054, 0.0010189616587, -0.00318847433664, 0.00393830193207, -0.00893583893776, 0.0144132906571, -0.0080289375037], [0.00317283417098, -0.00743072852492, 0.00655728438869, -0.00339738884941, 0.00113641226199, 0.00178432092071, -0.00166564679239, 0.00149608985521, -0.00242528272793, 0.00375788216479, 0.00133574695792, -0.00495889224112, 0.00421434920281], [-0.00023751804838, 0.00410442147404, -0.00339738884941, 0.00498382514343, -0.00402277940884, 0.00183788547292, -0.00262975739315, 0.0012556737056, 0.000223642113269, -0.00289365346543, 0.00274987262674, 0.00165322597604, -0.00192949175835], [-0.00326635292731, -0.00232701841742, 0.00113641226199, -0.00402277940884, 0.0116377836093, -0.00823989883065, 0.00872098561376, -0.00651337811723, 0.00361216231249, -0.000482202100102, -0.00249598477967, -0.00211245613173, 0.000835228245705], [0.00599852763116, -0.00271275104024, 0.00178432092071, 0.00183788547292, -0.00823989883065, 0.0155407665297, -0.0145273553208, 0.00472276285291, -0.000359138619388, 0.000542961759493, 0.00342156854458, -0.000722687749658, 0.00355938542634], [-0.00750135956332, 0.00205971091054, -0.00166564679239, -0.00262975739315, 0.00872098561376, -0.0145273553208, 0.0242294427007, -0.0144070805982, 0.00904229097068, -0.00549796735868, 0.00136785383802, -0.00334946904331, 0.000937213830184], [0.00487689813599, 0.0010189616587, 0.00149608985521, 0.0012556737056, -0.00651337811723, 0.00472276285291, -0.0144070805982, 0.0226520281285, -0.0192296206951, 0.0144064826891, -0.0100905243307, 0.00915556028485, -0.00241907103918], [-0.00260484474711, -0.00318847433664, -0.00242528272793, 0.000223642113269, 0.00361216231249, -0.000359138619388, 0.00904229097068, -0.0192296206951, 0.0315285027027, -0.0222761239856, 0.0165596343577, -0.0119918296114, 0.00256560766138], [0.00152781710494, 0.00393830193207, 0.00375788216479, -0.00289365346543, -0.000482202100102, 0.000542961759493, -0.00549796735868, 0.0144064826891, -0.0222761239856, 0.033501740545, -0.0179278012365, 0.0143520059064, -0.00242515117861], [0.00260175857693, -0.00893583893776, 0.00133574695792, 0.00274987262674, -0.00249598477967, 0.00342156854458, 0.00136785383802, -0.0100905243307, 0.0165596343577, -0.0179278012365, 0.0307311359793, -0.0237723104656, 0.00901368632913], [-0.00314709311351, 0.0144132906571, -0.00495889224112, 0.00165322597604, -0.00211245613173, -0.000722687749658, -0.00334946904331, 0.00915556028485, -0.0119918296114, 0.0143520059064, -0.0237723104656, 0.0391021594405, -0.0181865617633], [0.00331162335351, -0.0080289375037, 0.00421434920281, -0.00192949175835, 0.000835228245705, 0.00355938542634, 0.000937213830184, -0.00241907103918, 0.00256560766138, -0.00242515117861, 0.00901368632913, -0.0181865617633, 0.0245592724532]]
    },
    "melbands": {
        "max": [0.00134067365434, 0.00537200318649, 0.0252301618457, 0.0160552803427, 0.00775174610317, 0.0308608002961, 0.00672635715455, 0.0121990991756, 0.00961931236088, 0.00428352225572, 0.0013321825536, 0.00379124120809, 0.00551840336993, 0.00119975896087, 0.00192999979481, 0.00140364083927, 0.00239770696498, 0.000473336869618, 0.00049890880473, 0.00041413391591, 0.000314919627272, 0.000261834531557, 0.000238519685809, 0.000314146047458, 9.66096849879e-05, 0.000106431973109, 7.40487375879e-05, 6.22615989414e-05, 2.74171743513e-05, 3.6000739783e-05, 2.48375490628e-05, 2.09860390896e-05, 1.11752360681e-05, 1.11307042516e-06, 5.87653410378e-08, 1.07576454411e-08, 8.03731126098e-09, 6.40363850835e-09, 6.14224004991e-09, 5.26442311966e-09],
        "mean": [7.4892945122e-05, 0.000282698136289, 0.00064776634099, 0.000455171451904, 0.000327482179273, 0.000357907323632, 0.000194620384718, 0.0001706967887, 0.000191395753063, 0.000187760873814, 7.01978933648e-05, 0.000177256180905, 0.000160202485858, 5.42085363122e-05, 8.040323155e-05, 6.02339605393e-05, 5.72579956497e-05, 2.30900568567e-05, 1.87939476746e-05, 1.16521387099e-05, 1.2443043488e-05, 1.13126234282e-05, 1.16878463814e-05, 1.0971923075e-05, 5.49329206478e-06, 4.33701143265e-06, 3.73921920982e-06, 2.30429441217e-06, 1.13283203973e-06, 1.39967221457e-06, 9.18987495879e-07, 6.65025936541e-07, 2.9034004001e-07, 3.52592408603e-08, 2.99144153892e-09, 1.68709990422e-09, 1.67395319828e-09, 1.5768991668e-09, 1.4510421753e-09, 1.29739896604e-09],
        "min": [2.49296263632e-08, 2.41500934806e-08, 2.7857373297e-08, 2.24473257759e-08, 2.32761028229e-08, 8.44883896178e-09, 6.76371447739e-09, 4.93801977086e-09, 6.72917366273e-09, 6.03673644406e-09, 2.00844985088e-09, 3.70586761278e-09, 1.80053205678e-09, 1.39075040373e-09, 1.82568937745e-09, 2.8029025767e-09, 4.36827995998e-09, 2.66532618198e-09, 2.62910293536e-09, 7.14656511747e-09, 5.73310243723e-09, 2.01977035097e-09, 2.08691752768e-09, 4.965663436e-10, 7.45704886729e-10, 1.25709531673e-09, 9.20932163861e-10, 6.64794608252e-10, 7.95454424551e-10, 6.06707406536e-10, 5.42471623177e-10, 7.08770597768e-10, 2.4179028224e-10, 1.23997936918e-10, 1.22222815202e-10, 1.10542248966e-10, 8.82279735381e-11, 9.73491703915e-11, 7.65802282698e-11, 8.32449595367e-11],
        "stdev": [0.000153309461894, 0.000535528466571, 0.00192580220755, 0.00133561203256, 0.00061997724697, 0.00125334667973, 0.000566289236303, 0.000560719287023, 0.000550182943698, 0.000432830041973, 0.000131455934024, 0.000493310799357, 0.000549075659364, 0.000123335164972, 0.000200366659556, 0.000148299470311, 0.000195791144506, 5.08575722051e-05, 4.45273799414e-05, 2.9869730497e-05, 3.10236791847e-05, 2.69485190074e-05, 2.47713669523e-05, 2.28480403166e-05, 1.0496755749e-05, 9.47106946114e-06, 8.87097939994e-06, 6.68202710585e-06, 2.93484436042e-06, 3.85490875487e-06, 2.74012086265e-06, 2.11503902392e-06, 9.48389413225e-07, 1.11747887388e-07, 4.67554661654e-09, 9.22493637034e-10, 8.66221483431e-10, 7.46162021059e-10, 6.61993904139e-10, 5.30537391796e-10]
    },
    "melbands128": {
        "max": [6.08216832916e-05, 0.000400850694859, 0.0019500592025, 0.00464055221528, 0.00666080601513, 0.0109445154667, 0.00902634765953, 0.0457232184708, 0.0484688803554, 0.0137785766274, 0.0105586796999, 0.0124982194975, 0.00896072946489, 0.00862026493996, 0.0419151745737, 0.0473685488105, 0.0162369459867, 0.00790028460324, 0.0157838724554, 0.0206649452448, 0.00912967324257, 0.0192026123405, 0.0127392178401, 0.0186975430697, 0.00980045460165, 0.00641940627247, 0.00388320023194, 0.00130637909751, 0.00140812201425, 0.00354028912261, 0.00799214467406, 0.0109314220026, 0.0109646916389, 0.00230976194143, 0.00182880053762, 0.00201154244132, 0.00439360784367, 0.00396495172754, 0.00256480951793, 0.00195057305973, 0.00282489601523, 0.00506112212315, 0.00530026806518, 0.00106380064972, 0.000829435652122, 0.000415926391724, 0.00144803407602, 0.00119401374832, 0.000734564149752, 0.000815417035483, 0.000485616765218, 0.00108342361636, 0.000342890416505, 0.000298965896945, 0.000907666690182, 0.000388284068322, 0.000258049258264, 0.000491792568937, 0.000465353747131, 0.00052265136037, 0.000389114749851, 0.000382245401852, 0.000158334471053, 0.000115391725558, 0.000178940157639, 6.96449205861e-05, 0.00027106993366, 7.04052436049e-05, 8.85179979377e-05, 9.86073937383e-05, 0.000119111944514, 7.57591406e-05, 7.66898447182e-05, 2.70214004559e-05, 3.5751494579e-05, 5.67328279431e-05, 6.65606057737e-05, 5.67099086766e-05, 2.39296241489e-05, 2.74648755294e-05, 2.76715236396e-05, 3.385378659e-05, 2.80681015283e-05, 8.09154335002e-06, 4.55593317383e-06, 1.70633632024e-06, 5.85462544223e-07, 1.3491460038e-07, 4.08810443275e-08, 1.25694716857e-08, 1.56826196474e-08, 1.3087163353e-08, 1.71592233755e-08, 1.07549542605e-08, 8.14567435725e-09, 1.04141530954e-08, 6.66046595654e-09, 7.17839521158e-09, 8.19974488309e-09, 6.48755982269e-09, 1.05062580857e-08, 5.79059333816e-09, 5.26679011514e-09, 5.16811926587e-09, 4.54396387184e-09, 4.11430267633e-09, 3.89545729007e-09, 3.7244511919e-09, 3.54839380101e-09, 3.42281913923e-09, 3.29160010359e-09, 3.16914738896e-09, 3.03268254953e-09, 2.90632495847e-09, 2.83612955343e-09, 2.73339595402e-09, 2.64313526621e-09, 2.55167753593e-09, 2.51878984336e-09, 2.4550981248e-09, 2.38249531215e-09, 2.33132224636e-09, 2.27155760868e-09, 2.24343166266e-09, 2.22306129061e-09, 2.183970782e-09, 2.17041895567e-09, 2.15852780094e-09],
        "mean": [5.60415219297e-06, 1.67574307852e-05, 9.85938822851e-05, 0.000194687090698, 0.000241311528953, 0.000383449456422, 0.000480046903249, 0.000829204451293, 0.000802550406661, 0.000347284483723, 0.000323320360621, 0.000301589228911, 0.000338059442583, 0.000329000758938, 0.000452139240224, 0.000332033552695, 0.000175127381226, 0.000152917127707, 0.00024745191331, 0.000175843757461, 0.00013235748338, 0.00015347727458, 0.000225418771151, 0.000200480353669, 0.0001593013003, 0.000258442538325, 8.24415910756e-05, 5.16290856467e-05, 3.65244050045e-05, 8.5631654656e-05, 0.000248286727583, 0.000324686669046, 0.000147261569509, 6.5736421675e-05, 3.34471078531e-05, 4.37327325926e-05, 9.85918086371e-05, 0.000101238067145, 5.95062920183e-05, 3.31759838446e-05, 7.71474587964e-05, 6.67083877488e-05, 7.34110799385e-05, 4.64694930997e-05, 1.69939230545e-05, 1.27989615066e-05, 4.091280789e-05, 1.723983587e-05, 1.3396878785e-05, 5.79344714424e-06, 1.1602167433e-05, 1.94591339095e-05, 6.12127814748e-06, 9.23759671423e-06, 2.58078616753e-05, 6.4033720264e-06, 6.21765593678e-06, 9.34553463594e-06, 1.17284953376e-05, 2.06148069992e-05, 9.86679060588e-06, 6.15613862465e-06, 5.83412793276e-06, 5.4800630096e-06, 4.58660042568e-06, 3.22889809468e-06, 5.96993140789e-06, 3.36071093443e-06, 4.13684983869e-06, 2.38909956352e-06, 2.28111753131e-06, 2.36325035985e-06, 1.69710347109e-06, 7.14857492312e-07, 6.00572718668e-07, 1.57259148637e-06, 1.70711814462e-06, 1.23330175938e-06, 7.15441672128e-07, 7.92702451236e-07, 5.70136023725e-07, 7.33221042992e-07, 5.37652852017e-07, 2.31546835039e-07, 1.11451235796e-07, 4.51170372173e-08, 1.04624460207e-08, 4.99596986003e-09, 2.27775176498e-09, 1.76081915715e-09, 1.68587843685e-09, 1.65340596769e-09, 1.70728930993e-09, 1.65832714227e-09, 1.69313174592e-09, 1.61981406066e-09, 1.5633718764e-09, 1.49034995456e-09, 1.45315548483e-09, 1.45032419407e-09, 1.35248945377e-09, 1.25176102816e-09, 1.26441057624e-09, 1.07571351826e-09, 2.05234010342e-10, 6.79344991719e-12, 6.2710583254e-12, 6.11496487127e-12, 5.90547185805e-12, 5.68946712659e-12, 5.48746248094e-12, 5.31637971493e-12, 5.11019568675e-12, 4.90471725734e-12, 4.76824959725e-12, 4.63377990492e-12, 4.5231058482e-12, 4.23688428092e-12, 4.13981652778e-12, 4.05761275274e-12, 3.94681379592e-12, 3.84767868608e-12, 3.77171774715e-12, 3.6345113117e-12, 3.50252162343e-12, 3.29785547828e-12, 3.19049604444e-12, 3.16137263937e-12],
        "min": [1.00353628185e-10, 2.02582555175e-08, 2.69463331648e-08, 2.17943227909e-08, 9.65932933639e-09, 2.80675447328e-08, 3.36524088596e-08, 2.719776937e-08, 1.97960474679e-08, 7.51535722543e-09, 1.32798172459e-08, 7.74016406524e-09, 1.3457732706e-08, 2.8612445746e-09, 2.25417795541e-09, 2.15027529116e-09, 4.58100046785e-09, 1.65248970063e-09, 5.54601298219e-09, 1.389402704e-09, 1.28670918365e-09, 3.50138851246e-09, 5.63045965407e-09, 3.60985108472e-09, 3.75685038634e-09, 1.84471260489e-09, 1.33481825593e-09, 9.47415479402e-10, 8.55014947732e-10, 7.85833953465e-10, 3.09574277324e-09, 1.7223208415e-09, 7.51237183572e-10, 8.73461414308e-10, 3.35256211681e-10, 1.08159314838e-09, 7.00502211792e-10, 1.49267864735e-09, 3.50418943862e-10, 1.07100261992e-09, 4.75532058175e-10, 3.0300908449e-09, 3.03031710835e-09, 3.18115228604e-10, 6.31489915914e-10, 7.4324385535e-10, 2.02734676269e-10, 1.12849452005e-09, 9.84278214489e-10, 8.33905833275e-10, 1.73105119128e-09, 5.37704325509e-09, 5.44565548211e-09, 1.69116320947e-09, 8.99030405677e-10, 2.18368345628e-09, 1.95584393126e-09, 1.27576282871e-09, 8.06765654282e-10, 4.59102561523e-10, 2.70765271315e-10, 7.49085127261e-10, 4.80361084243e-10, 4.1617576052e-10, 9.08118746867e-10, 6.82959244713e-10, 6.37671970782e-10, 4.66548022438e-10, 3.91872090333e-10, 2.19361265263e-10, 4.00257493816e-10, 2.5854418606e-10, 5.41132583187e-10, 5.18702969465e-10, 4.33225039176e-10, 2.35653524472e-10, 4.16550433036e-10, 3.5527644715e-10, 3.50886791844e-10, 3.56756180153e-10, 4.3298317709e-10, 2.35046704322e-10, 1.9782843419e-10, 4.01809530093e-10, 7.91167825698e-11, 1.09428320572e-10, 1.30756627748e-10, 1.732454874e-10, 1.12977932565e-10, 4.57504485685e-11, 1.32232572114e-10, 9.53625373112e-11, 1.17715642789e-10, 9.55025641902e-11, 5.73595476672e-11, 5.89158929976e-11, 1.29370472668e-10, 1.09521704206e-10, 4.94340540724e-11, 5.61967070101e-11, 7.3994158023e-11, 7.52570644691e-11, 7.87305637351e-11, 1.11949491344e-10, 1.08273329538e-11, 1.79730742008e-13, 1.50140438819e-13, 1.19920159957e-13, 1.46830803267e-13, 1.89216426815e-13, 1.7548961416e-13, 2.22894904031e-13, 1.95841891423e-13, 1.75611627562e-13, 1.86439229398e-13, 2.23672507382e-13, 1.72071856546e-13, 1.65179745966e-13, 2.04759969288e-13, 1.3951264189e-13, 1.63604020739e-13, 1.79095779006e-13, 1.63107239303e-13, 1.73726321957e-13, 1.20131389645e-13, 5.29580380742e-14, 6.07745377325e-15, 2.56414290249e-16],
        "stdev": [7.43530517866e-06, 3.54410003638e-05, 0.000209486359381, 0.000474750908324, 0.000577390950639, 0.000848743133247, 0.00104114075657, 0.00306741241366, 0.0033658510074, 0.00105185760185, 0.000941917998716, 0.000833955185954, 0.000740097719245, 0.00074442132609, 0.00178100517951, 0.00180265970994, 0.000754683394916, 0.000475852109957, 0.000954985036515, 0.000797954271547, 0.000476493063616, 0.000649847614113, 0.000710327469278, 0.000827704090625, 0.000513772538397, 0.000729814113583, 0.000255957391346, 0.000126682571135, 8.9807632321e-05, 0.000303248933051, 0.000841357803438, 0.0011962413555, 0.000845161266625, 0.000165444798768, 0.000104451784864, 0.000151323169121, 0.000353391398676, 0.000321111525409, 0.000193461892195, 9.96483868221e-05, 0.000239967921516, 0.000338629819453, 0.000370787107386, 0.000121820288769, 5.91899297433e-05, 3.69436093024e-05, 0.000142649572808, 5.74687474e-05, 4.71556304547e-05, 2.78531006188e-05, 3.50868976966e-05, 6.47116467007e-05, 1.85912431334e-05, 2.47409770964e-05, 8.39908898342e-05, 1.93968298845e-05, 1.83288575499e-05, 2.70094769803e-05, 3.86937281291e-05, 5.22667178302e-05, 2.52370464295e-05, 1.74639644683e-05, 1.31244496515e-05, 1.13292426249e-05, 1.2839574083e-05, 7.47204012441e-06, 1.90891423699e-05, 8.39561107568e-06, 1.07693767859e-05, 7.04036119714e-06, 8.07210835774e-06, 7.48415777707e-06, 5.52994515601e-06, 1.78573509402e-06, 1.69446786913e-06, 4.6075138016e-06, 5.87616432313e-06, 4.57784426544e-06, 1.94437211576e-06, 2.49843378697e-06, 1.90633136299e-06, 2.57167357631e-06, 1.94737731363e-06, 7.51697427859e-07, 3.80740857508e-07, 1.57802730882e-07, 3.12209138542e-08, 1.15865050887e-08, 2.87458457038e-09, 1.29799149207e-09, 1.15743126194e-09, 1.05562814046e-09, 1.17457144011e-09, 1.0788090421e-09, 1.01922070783e-09, 9.77467218277e-10, 8.89664897308e-10, 8.62290794323e-10, 8.26502088991e-10, 7.81647857551e-10, 7.49888984242e-10, 6.26643847923e-10, 6.34583108283e-10, 5.49512380044e-10, 1.82244663804e-10, 1.05951018792e-10, 1.00317865126e-10, 9.59032020464e-11, 9.13752823406e-11, 8.81330772251e-11, 8.47579714747e-11, 8.16200093623e-11, 7.81048281606e-11, 7.48434231257e-11, 7.30226573653e-11, 7.03774538646e-11, 6.80508496775e-11, 6.57092713574e-11, 6.48550102511e-11, 6.32232183273e-11, 6.13674111527e-11, 6.00336585999e-11, 5.84949727545e-11, 5.77616114661e-11, 5.72374994623e-11, 5.6236706264e-11, 5.58887519597e-11, 5.55830936833e-11]
    },
    "mfcc": {
        "mean": [-765.508483887, 184.418334961, -47.7461433411, 27.9277667999, -13.4696159363, -3.38129377365, 1.68026924133, -3.53892970085, 0.282387971878, -12.946846962, 3.35661935806, -6.00242185593, -8.27898979187],
        "cov": [[8224.4453125, 877.128479004, -2569.28222656, 987.017028809, -1032.28369141, 403.906158447, -119.341201782, -548.787475586, 128.772521973, -354.025299072, 136.729797363, -190.803741455, 70.1734008789], [877.128479004, 722.998535156, -66.3622817993, -134.797119141, 2.01748967171, -76.3225250244, 33.5141944885, 1.2370506525, -76.6568374634, -9.39650154114, -3.701649189, 18.4212226868, -25.6082248688], [-2569.28222656, -66.3622817993, 1253.55163574, -89.1629257202, 366.739318848, -117.720619202, -3.37419438362, 201.773468018, -5.10462760925, 124.351821899, -58.8024330139, 32.6701431274, -20.8758068085], [987.017028809, -134.797119141, -89.1629257202, 624.300537109, -38.1041984558, 120.783874512, -98.175994873, -104.100273132, 110.463447571, -55.4153633118, -0.829970240593, -59.5249443054, 43.3949508667], [-1032.28369141, 2.01748967171, 366.739318848, -38.1041984558, 360.183532715, -17.8542346954, 64.9162063599, 129.351287842, -13.6149539948, 62.3894424438, -8.52663230896, 47.6839752197, -30.8917598724], [403.906158447, -76.3225250244, -117.720619202, 120.783874512, -17.8542346954, 223.542648315, 100.678405762, 2.12125205994, 48.3804893494, -6.54366874695, 33.4179573059, -13.1987466812, 12.0295238495], [-119.341201782, 33.5141944885, -3.37419438362, -98.175994873, 64.9162063599, 100.678405762, 283.588989258, 168.232925415, -5.02984046936, 47.2392349243, 57.5680999756, 35.2409934998, -20.0428333282], [-548.787475586, 1.2370506525, 201.773468018, -104.100273132, 129.351287842, 2.12125205994, 168.232925415, 241.929992676, 38.9462890625, 59.6608543396, 52.1455078125, 35.0544128418, -35.2880249023], [128.772521973, -76.6568374634, -5.10462760925, 110.463447571, -13.6149539948, 48.3804893494, -5.02984046936, 38.9462890625, 152.780487061, 54.7385635376, 15.7309045792, 0.0709338709712, 11.6230211258], [-354.025299072, -9.39650154114, 124.351821899, -55.4153633118, 62.3894424438, -6.54366874695, 47.2392349243, 59.6608543396, 54.7385635376, 127.421409607, 43.0809059143, 17.9117698669, -5.61917543411], [136.729797363, -3.701649189, -58.8024330139, -0.829970240593, -8.52663230896, 33.4179573059, 57.5680999756, 52.1455078125, 15.7309045792, 43.0809059143, 108.42640686, 29.1161937714, -22.3399295807], [-190.803741455, 18.4212226868, 32.6701431274, -59.5249443054, 47.6839752197, -13.1987466812, 35.2409934998, 35.0544128418, 0.0709338709712, 17.9117698669, 29.1161937714, 79.6961364746, 21.6630687714], [70.1734008789, -25.6082248688, -20.8758068085, 43.3949508667, -30.8917598724, 12.0295238495, -20.0428333282, -35.2880249023, 11.6230211258, -5.61917543411, -22.3399295807, 21.6630687714, 93.3969192505]],
        "icov": [[0.00455124070868, -0.00659498525783, 0.00691543892026, -0.00680136261508, 0.0058083254844, -0.00376646453515, 0.0022617962677, -0.00287767872214, 0.000573366181925, -0.000222443821258, -0.000431134802056, 0.000621104962192, 0.00095046905335], [-0.00659498525783, 0.0111213913187, -0.00986671727151, 0.00988784991205, -0.00838299095631, 0.00603321567178, -0.00369933177717, 0.00433538248762, -0.000298231519992, 0.000138547664392, 0.000927498098463, -0.00130281015299, -0.000931282062083], [0.00691543892026, -0.00986671727151, 0.0122283948585, -0.0108921481296, 0.0084750149399, -0.0064007169567, 0.00540538225323, -0.00722227524966, 0.00309561192989, -0.00317744351923, 0.00198654085398, -0.000184321164852, 0.00189315783791], [-0.00680136261508, 0.00988784991205, -0.0108921481296, 0.0138132423162, -0.0107414983213, 0.00608512107283, -0.00464944122359, 0.00783833675086, -0.00585046270862, 0.00525860674679, -0.00399301247671, 0.00367072480731, -0.00416619190946], [0.0058083254844, -0.00838299095631, 0.0084750149399, -0.0107414983213, 0.0144114959985, -0.00765488669276, 0.00580624537542, -0.00920433923602, 0.0064445771277, -0.00644431775436, 0.00622084829956, -0.00639471970499, 0.00552505627275], [-0.00376646453515, 0.00603321567178, -0.0064007169567, 0.00608512107283, -0.00765488669276, 0.0145038021728, -0.0108646862209, 0.010456264019, -0.00833936221898, 0.00742502557114, -0.00699146464467, 0.00595806632191, -0.00412444816902], [0.0022617962677, -0.00369933177717, 0.00540538225323, -0.00464944122359, 0.00580624537542, -0.0108646862209, 0.0162690524012, -0.0151781663299, 0.0105959586799, -0.00947885867208, 0.00696402834728, -0.00644944980741, 0.00300390669145], [-0.00287767872214, 0.00433538248762, -0.00722227524966, 0.00783833675086, -0.00920433923602, 0.010456264019, -0.0151781663299, 0.0228794403374, -0.0145692378283, 0.0119544286281, -0.0122236656025, 0.00742405327037, -0.00302272685803], [0.000573366181925, -0.000298231519992, 0.00309561192989, -0.00585046270862, 0.0064445771277, -0.00833936221898, 0.0105959586799, -0.0145692378283, 0.0219221971929, -0.01671455428, 0.0122974757105, -0.0096401553601, 0.00431624427438], [-0.000222443821258, 0.000138547664392, -0.00317744351923, 0.00525860674679, -0.00644431775436, 0.00742502557114, -0.00947885867208, 0.0119544286281, -0.01671455428, 0.0250946003944, -0.0167331714183, 0.0109403952956, -0.00650383066386], [-0.000431134802056, 0.000927498098463, 0.00198654085398, -0.00399301247671, 0.00622084829956, -0.00699146464467, 0.00696402834728, -0.0122236656025, 0.0122974757105, -0.0167331714183, 0.0271847806871, -0.0166741516441, 0.0105444453657], [0.000621104962192, -0.00130281015299, -0.000184321164852, 0.00367072480731, -0.00639471970499, 0.00595806632191, -0.00644944980741, 0.00742405327037, -0.0096401553601, 0.0109403952956, -0.0166741516441, 0.0286768656224, -0.0128140514717], [0.00095046905335, -0.000931282062083, 0.00189315783791, -0.00416619190946, 0.00552505627275, -0.00412444816902, 0.00300390669145, -0.00302272685803, 0.00431624427438, -0.00650383066386, 0.0105444453657, -0.0128140514717, 0.0185235366225]]
    },
    "spectral_contrast_coeffs": {
        "max": [-0.390289932489, -0.462435096502, -0.522359788418, -0.588572144508, -0.528530955315, -0.474537342787],
        "mean": [-0.673117280006, -0.743113696575, -0.73195374012, -0.778167843819, -0.783027887344, -0.73450511694],
        "min": [-0.887755692005, -0.920446455479, -0.947803080082, -0.912211298943, -0.902908742428, -0.886011004448],
        "stdev": [0.089678928256, 0.0797273814678, 0.0811202228069, 0.0608432553709, 0.0501516014338, 0.0905341058969]
    },
    "spectral_contrast_valleys": {
        "max": [-5.38762903214, -4.61380386353, -5.55303621292, -6.13139772415, -6.31549406052, -11.4337148666],
        "mean": [-7.85109853745, -7.4158706665, -8.04819583893, -8.49841213226, -8.6824388504, -12.6104011536],
        "min": [-10.5148391724, -10.9733314514, -11.6219701767, -11.3271760941, -11.1265125275, -13.6085319519],
        "stdev": [0.937231481075, 1.17855405807, 1.08555042744, 1.09288609028, 1.08855807781, 0.203385904431]
    }
},
"rhythm": {
    "beats_count": 82,
    "beats_loudness": {
        "max": 0.100382052362,
        "mean": 0.016007181257,
        "min": 1.26432432808e-05,
        "stdev": 0.0199156012386
    },
    "bpm": 172.265625,
    "bpm_histogram_first_peak_bpm": 172,
    "bpm_histogram_first_peak_weight": 0,
    "bpm_histogram_second_peak_bpm": 161,
    "bpm_histogram_second_peak_spread": 0.187500059605,
    "bpm_histogram_second_peak_weight": 0.160493820906,
    "danceability": 0.811739265919,
    "onset_rate": 2.38862872124,
    "beats_loudness_band_ratio": {
        "max": [0.841791093349, 0.987279593945, 0.797646164894, 0.858727514744, 0.287954002619, 0.150798991323],
        "mean": [0.215189650655, 0.271682024002, 0.26262140274, 0.225545838475, 0.0600081495941, 0.0161176584661],
        "min": [0.00143879046664, 0.019984960556, 0.00356003502384, 0.000521266367286, 0.00130484101828, 0.000236926411162],
        "stdev": [0.235819593072, 0.260793060064, 0.21955768764, 0.238209784031, 0.0616692490876, 0.0266106687486]
    },
