{
"metadata": {
    "version": {
        "essentia": "2.1-beta5",
        "essentia_git_sha": "Undefined",
        "extractor": "music 2.0"
    },
    "audio_properties": {
        "analysis": {
            "equal_loudness": 0,
            "length": 48.7502937317,
            "sample_rate": 44100,
            "start_time": 77.7520217896,
            "downmix": "mix"
        },
        "bit_rate": 192000,
        "length": 180.163650513,
        "lossless": 0,
        "number_channels": 2,
        "replay_gain": -5.45992851257,
        "sample_rate": 48000,
        "codec": "mp3",
        "md5_encoded": "9caf8de40050fc9d9897d7f40694927f"
    },
    "tags": {
        "file_name": "United KingdomUK_A Man Without Love_Kenneth McKellar.mp3",
        "encoding": ["Lavf58.29.100"]
    }
},
"lowlevel": {
    "average_loudness": 0.266392320395,
    "barkbands_crest": {
        "max": 23.6568584442,
        "mean": 8.6619682312,
        "min": 3.1664648056,
        "stdev": 3.59092736244
    },
    "barkbands_flatness_db": {
        "max": 0.343113005161,
        "mean": 0.186347812414,
        "min": 0.0809073597193,
        "stdev": 0.0350853055716
    },
    "barkbands_kurtosis": {
        "max": 45.591342926,
        "mean": 1.49926328659,
        "min": -1.83971917629,
        "stdev": 4.98144102097
    },
    "barkbands_skewness": {
        "max": 5.89262533188,
        "mean": 0.797316372395,
        "min": -1.67451822758,
        "stdev": 1.02840352058
    },
    "barkbands_spread": {
        "max": 51.032787323,
        "mean": 16.5074043274,
        "min": 2.6265039444,
        "stdev": 5.99410295486
    },
    "dissonance": {
        "max": 0.499999850988,
        "mean": 0.453182578087,
        "min": 0.292926162481,
        "stdev": 0.0320350527763
    },
    "dynamic_complexity": 6.34326124191,
    "erbbands_crest": {
        "max": 29.1814155579,
        "mean": 10.035487175,
        "min": 2.16400074959,
        "stdev": 4.26138496399
    },
    "erbbands_flatness_db": {
        "max": 0.385442078114,
        "mean": 0.250823050737,
        "min": 0.0747907459736,
        "stdev": 0.0508257672191
    },
    "erbbands_kurtosis": {
        "max": 21.5288829803,
        "mean": 0.0503090284765,
        "min": -1.78416788578,
        "stdev": 2.03864741325
    },
    "erbbands_skewness": {
        "max": 3.74648809433,
        "mean": 0.131970956922,
        "min": -3.14376282692,
        "stdev": 0.803524851799
    },
    "erbbands_spread": {
        "max": 101.323951721,
        "mean": 26.7715339661,
        "min": 4.07045173645,
        "stdev": 13.1331748962
    },
    "hfc": {
        "max": 83.5149002075,
        "mean": 14.2082653046,
        "min": 0.00167812185828,
        "stdev": 15.8420228958
    },
    "loudness_ebu128": {
        "integrated": -20.3657131195,
        "loudness_range": 11.8621387482,
        "momentary": {
            "max": -14.6496019363,
            "mean": -24.6548995972,
            "min": -58.5386657715,
            "stdev": 7.9473938942
        },
        "short_term": {
            "max": -15.7195682526,
            "mean": -23.4561767578,
            "min": -43.7975387573,
            "stdev": 5.48786449432
        }
    },
    "melbands_crest": {
        "max": 30.8624458313,
        "mean": 11.334022522,
        "min": 3.48118066788,
        "stdev": 4.66281986237
    },
    "melbands_flatness_db": {
        "max": 0.371282428503,
        "mean": 0.20228767395,
        "min": 0.0592575743794,
        "stdev": 0.0458886213601
    },
    "melbands_kurtosis": {
        "max": 172.359420776,
        "mean": 5.16711521149,
        "min": -1.76655995846,
        "stdev": 13.6845531464
    },
    "melbands_skewness": {
        "max": 10.7272548676,
        "mean": 1.42225158215,
        "min": -0.94560033083,
        "stdev": 1.27864634991
    },
    "melbands_spread": {
        "max": 81.301902771,
        "mean": 25.9854869843,
        "min": 2.96239900589,
        "stdev": 12.1400938034
    },
    "pitch_salience": {
        "max": 0.852141022682,
        "mean": 0.595164656639,
        "min": 0.291896432638,
        "stdev": 0.0975515842438
    },
    "silence_rate_20dB": {
        "max": 1,
        "mean": 1,
        "min": 1,
        "stdev": 0
    },
    "silence_rate_30dB": {
        "max": 1,
        "mean": 1,
        "min": 1,
        "stdev": 0
    },
    "silence_rate_60dB": {
        "max": 1,
        "mean": 0.334602564573,
        "min": 0,
        "stdev": 0.471854388714
    },
    "spectral_centroid": {
        "max": 2818.25683594,
        "mean": 1487.45129395,
        "min": 346.243713379,
        "stdev": 527.124145508
    },
    "spectral_complexity": {
        "max": 49,
        "mean": 13.8010473251,
        "min": 0,
        "stdev": 8.82612514496
    },
    "spectral_decrease": {
        "max": -5.94899563638e-13,
        "mean": -2.89800294873e-09,
        "min": -1.88426731995e-08,
        "stdev": 3.13975090371e-09
    },
    "spectral_energy": {
        "max": 0.076197758317,
        "mean": 0.0122264688835,
        "min": 2.4162200134e-06,
        "stdev": 0.0131741426885
    },
    "spectral_energyband_high": {
        "max": 0.00256707053632,
        "mean": 0.000125871782075,
        "min": 1.17271710565e-07,
        "stdev": 0.000264721835265
    },
    "spectral_energyband_low": {
        "max": 0.0069931037724,
        "mean": 0.000420045020292,
        "min": 1.15137800094e-06,
        "stdev": 0.000758955371566
    },
    "spectral_energyband_middle_high": {
        "max": 0.0491264089942,
        "mean": 0.00611581280828,
        "min": 1.24646589938e-07,
        "stdev": 0.00751098105684
    },
    "spectral_energyband_middle_low": {
        "max": 0.052873250097,
        "mean": 0.00587051222101,
        "min": 2.64458549282e-07,
        "stdev": 0.00712828943506
    },
    "spectral_entropy": {
        "max": 8.39355564117,
        "mean": 7.17706155777,
        "min": 6.04546642303,
        "stdev": 0.353334337473
    },
    "spectral_flux": {
        "max": 0.230030611157,
        "mean": 0.0561785064638,
        "min": 0.000686736719217,
        "stdev": 0.0409878045321
    },
    "spectral_kurtosis": {
        "max": 37.0630187988,
        "mean": 7.34621191025,
        "min": -0.536301851273,
        "stdev": 5.19395256042
    },
    "spectral_rms": {
        "max": 0.00862202234566,
        "mean": 0.0029353981372,
        "min": 4.85519085487e-05,
        "stdev": 0.00181980640627
    },
    "spectral_rolloff": {
        "max": 6589.16015625,
        "mean": 1774.77355957,
        "min": 107.666015625,
        "stdev": 875.522949219
    },
    "spectral_skewness": {
        "max": 4.37491607666,
        "mean": 1.50885367393,
        "min": 0.291774213314,
        "stdev": 0.482634752989
    },
    "spectral_spread": {
        "max": 14956939,
        "mean": 2685851.75,
        "min": 1181107.5,
        "stdev": 1109975.625
    },
    "spectral_strongpeak": {
        "max": 10.3536624908,
        "mean": 1.2927107811,
        "min": 0.00125885510352,
        "stdev": 1.41079854965
    },
    "zerocrossingrate": {
        "max": 0.1962890625,
        "mean": 0.0587403960526,
        "min": 0.0126953125,
        "stdev": 0.0200648512691
    },
    "barkbands": {
        "max": [7.62791896705e-05, 0.00135167280678, 0.0050335470587, 0.0138522144407, 0.0262100920081, 0.0317113026977, 0.0179055519402, 0.0297132916749, 0.0256942752749, 0.0196511596441, 0.01787994802, 0.0158701036125, 0.0233436115086, 0.0220964439213, 0.00721723260358, 0.00401033274829, 0.0104147773236, 0.00849996320903, 0.00405588233843, 0.00143117527477, 0.0012558955932, 0.000571433338337, 0.00039340366493, 0.000202730327146, 7.68507015891e-05, 2.14521560338e-06, 2.23496476792e-06],
        "mean": [8.58541170601e-06, 7.51941843191e-05, 0.000199942180188, 0.00053855398437, 0.00102300429717, 0.000876311445609, 0.000703517172951, 0.000884594512172, 0.00152832188178, 0.00075079879025, 0.000602419953793, 0.000811465317383, 0.000846412265673, 0.000805184012279, 0.000222620830755, 0.000304246059386, 0.000775785767473, 0.000900193699636, 0.000190980557818, 8.30333738122e-05, 4.48338105343e-05, 2.99103248835e-05, 1.29646487039e-05, 6.60344767311e-06, 9.8276279914e-07, 1.94838323253e-09, 2.05042849366e-09],
        "min": [8.33089863761e-09, 2.55632727431e-07, 1.01685643017e-07, 2.82991123868e-08, 1.28090142937e-08, 2.45556304179e-08, 1.30439161694e-08, 5.38086020185e-09, 7.85086484711e-09, 3.73881947624e-09, 4.91398566282e-09, 6.00263438955e-09, 3.8834957472e-09, 4.69844962936e-09, 3.70838737496e-09, 5.3445332604e-09, 7.44149675214e-09, 8.52731396606e-09, 1.25894912273e-08, 1.02402459845e-08, 1.08976241364e-08, 1.36267139794e-08, 2.04579730934e-08, 2.80729199886e-08, 1.73096275091e-08, 3.26739017786e-11, 4.02164412883e-11],
        "stdev": [8.77431466506e-06, 0.000141250391607, 0.000443112396169, 0.00122298940551, 0.00199136859737, 0.00200876547024, 0.00145502074156, 0.0019650219474, 0.00298297055997, 0.0015351541806, 0.00123920303304, 0.00156785477884, 0.00209500151686, 0.00223352061585, 0.000461266667116, 0.000515579304192, 0.00113795488141, 0.00132816657424, 0.000353379757144, 0.000164710261743, 9.87103121588e-05, 6.38532364974e-05, 3.5273260437e-05, 1.84061791515e-05, 3.54157941729e-06, 4.97119749809e-08, 5.19373557495e-08]
    },
    "erbbands": {
        "max": [0.0140678100288, 0.414095044136, 5.01746559143, 21.7511882782, 57.0251617432, 62.6842308044, 245.081588745, 308.349884033, 215.808868408, 366.71206665, 622.087890625, 679.423950195, 516.603393555, 586.803833008, 385.607513428, 474.052459717, 793.170654297, 1275.11376953, 690.893066406, 455.211242676, 271.622924805, 649.612243652, 573.426330566, 292.28338623, 81.4989776611, 68.4353713989, 54.8161582947, 37.5975074768, 25.9765014648, 20.2509555817, 13.3174343109, 8.31827831268, 2.24648737907, 1.27709674835, 0.158912137151, 0.00874885730445, 0.00395794352517, 0.00139392563142, 0.000320086983265, 8.89410075615e-05],
        "mean": [0.000990510219708, 0.0247773136944, 0.225000634789, 0.876984238625, 3.2083003521, 2.70372438431, 4.96791315079, 8.4221944809, 9.15414810181, 13.4267511368, 23.7362346649, 35.0447387695, 28.6841583252, 23.6103782654, 26.2909107208, 30.0761604309, 30.7136173248, 50.4192352295, 17.2033023834, 13.7738389969, 22.1535758972, 44.5363388062, 55.3968658447, 22.007352829, 5.75329208374, 3.3492629528, 2.08705210686, 1.60795283318, 1.19491028786, 0.605298638344, 0.351426273584, 0.210188776255, 0.0689690485597, 0.0203185137361, 0.00273340614513, 9.53565031523e-05, 1.55039615493e-05, 4.88869272885e-06, 7.7928234532e-06, 1.52473185153e-05],
        "min": [1.46404954648e-05, 4.30150284956e-05, 0.000112646586786, 0.000185971948667, 0.000147831146023, 7.75026346673e-05, 5.61595625186e-05, 0.00024188226962, 0.000272000033874, 0.000221640366362, 0.000149914325448, 0.000184789547347, 0.000204224721529, 0.000218415472773, 0.000207886652788, 0.000297514518024, 0.00025539600756, 0.000256831088336, 0.000217961714952, 0.00027712577139, 0.000370617839508, 0.000468018319225, 0.000498216191772, 0.000551205070224, 0.000585696892813, 0.000558035622817, 0.000446399615612, 0.000421271164669, 0.000529541051947, 0.000626977067441, 0.000588907685596, 0.000565605470911, 0.000465670222184, 0.000316810735967, 4.66823948955e-05, 1.85959981991e-06, 2.33600999877e-07, 6.08761681065e-08, 2.51284895114e-08, 4.88769602569e-09],
        "stdev": [0.00115883140825, 0.0494552366436, 0.483825594187, 1.76600456238, 6.14364290237, 5.62390327454, 14.5599431992, 19.0279521942, 17.6915340424, 26.1414489746, 44.7925491333, 79.7919692993, 55.08070755, 42.3659172058, 43.099067688, 57.4415664673, 64.7661743164, 129.347503662, 34.6490020752, 25.733953476, 33.3415184021, 67.8579559326, 80.3915328979, 34.7576217651, 8.57416820526, 6.43842172623, 4.50690364838, 3.36447572708, 2.51096487045, 1.56975209713, 1.02759218216, 0.608761608601, 0.183380395174, 0.0655599460006, 0.00965790916234, 0.000327885849401, 9.3562703114e-05, 3.26481931552e-05, 1.08775666376e-05, 1.63152853929e-05]
    },
    "gfcc": {
        "mean": [-116.550430298, 140.963897705, -184.054336548, 28.037322998, -67.0363616943, -7.31567001343, -35.3276367188, -1.52098441124, -9.52406978607, -29.3078346252, 2.15204548836, -15.8951482773, -2.18011713028],
        "cov": [[11041.8066406, 217.431594849, -2755.07592773, -395.355560303, 18.0561351776, -430.744750977, 329.196563721, -775.389831543, 100.938667297, -500.037750244, -115.167991638, -253.53012085, -158.36579895], [217.431594849, 542.125610352, -22.8701457977, -163.287200928, 129.46963501, -143.564697266, -8.03802204132, -60.6553726196, -1.33546316624, -47.0505371094, 23.1676483154, -64.2622299194, -19.4926586151], [-2755.07592773, -22.8701457977, 1136.33666992, 344.668182373, -178.762969971, 219.431091309, -133.630691528, 108.630081177, -89.2027587891, 224.910293579, 20.132774353, 1.95147180557, 59.9480018616], [-395.355560303, -163.287200928, 344.668182373, 340.425872803, -117.955879211, 113.854598999, -50.9207305908, -37.5881538391, -23.8827018738, 112.116027832, -22.5733776093, -50.6557884216, 14.8960294724], [18.0561351776, 129.46963501, -178.762969971, -117.955879211, 283.770263672, -49.3631362915, -15.989613533, 16.7374038696, 37.2549362183, -55.6795654297, -0.136438623071, 10.287364006, -35.7749290466], [-430.744750977, -143.564697266, 219.431091309, 113.854598999, -49.3631362915, 231.446655273, 19.8399715424, -19.8540344238, -56.8237838745, 72.0542068481, -8.93992614746, -7.89996290207, 19.4131889343], [329.196563721, -8.03802204132, -133.630691528, -50.9207305908, -15.989613533, 19.8399715424, 166.34185791, 41.9424362183, -15.9453554153, -55.3765716553, 0.150498196483, 20.823184967, -19.1151809692], [-775.389831543, -60.6553726196, 108.630081177, -37.5881538391, 16.7374038696, -19.8540344238, 41.9424362183, 238.25567627, 46.3234329224, -26.0745849609, 16.3951721191, 57.0567741394, -12.9484634399], [100.938667297, -1.33546316624, -89.2027587891, -23.8827018738, 37.2549362183, -56.8237838745, -15.9453554153, 46.3234329224, 95.9867095947, 12.297413826, -6.52399253845, -9.17105865479, -9.4003162384], [-500.037750244, -47.0505371094, 224.910293579, 112.116027832, -55.6795654297, 72.0542068481, -55.3765716553, -26.0745849609, 12.297413826, 154.739715576, 20.665430069, -34.3670921326, 23.8509998322], [-115.167991638, 23.1676483154, 20.132774353, -22.5733776093, -0.136438623071, -8.93992614746, 0.150498196483, 16.3951721191, -6.52399253845, 20.665430069, 61.2353172302, 31.0173034668, -3.21789073944], [-253.53012085, -64.2622299194, 1.95147180557, -50.6557884216, 10.287364006, -7.89996290207, 20.823184967, 57.0567741394, -9.17105865479, -34.3670921326, 31.0173034668, 103.874549866, 15.872841835], [-158.36579895, -19.4926586151, 59.9480018616, 14.8960294724, -35.7749290466, 19.4131889343, -19.1151809692, -12.9484634399, -9.4003162384, 23.8509998322, -3.21789073944, 15.872841835, 67.7346725464]],
        "icov": [[0.000510893936735, -0.000572980672587, 0.00146897684317, -0.000890473194886, 0.00089847802883, -0.000470153812785, 3.48626526829e-05, 0.00078226061305, -0.000462530122604, 0.000697683542967, -0.000209588222788, 6.7020955612e-05, 0.000358465244062], [-0.000572980672587, 0.00873854849488, -0.00696324277669, 0.00599575927481, -0.00481713702902, 0.00573375914246, -0.00482160365209, 0.00509086856619, -0.00288405781612, 0.00565840722993, -0.00832149852067, 0.0108415763825, -0.00388438743539], [0.00146897684317, -0.00696324277669, 0.0107485475019, -0.00722739333287, 0.00539964297786, -0.00510345865041, 0.00547684635967, -0.00494618387893, 0.00549855362624, -0.0057814149186, 0.00632214406505, -0.0075715421699, 0.00329531799071], [-0.000890473194886, 0.00599575927481, -0.00722739333287, 0.0104957986623, -0.00254643312655, 0.0029894602485, -0.00279934797436, 0.00350356497802, -0.00227835844271, 0.00142501632217, -0.00260033458471, 0.00713712116703, -0.00120414234698], [0.00089847802883, -0.00481713702902, 0.00539964297786, -0.00254643312655, 0.00831449963152, -0.00426891865209, 0.0041279764846, -0.00148825917859, -0.000701603421476, -0.000703030033037, 0.00371694471687, -0.00539307901636, 0.00458141276613], [-0.000470153812785, 0.00573375914246, -0.00510345865041, 0.0029894602485, -0.00426891865209, 0.011887812987, -0.00573210511357, 0.00285715144128, 0.00332885608077, -0.00167671847157, -0.00122951553203, 0.00536136329174, -0.0025854841806], [3.48626526829e-05, -0.00482160365209, 0.00547684635967, -0.00279934797436, 0.0041279764846, -0.00573210511357, 0.0129422415048, -0.00699006160721, 0.00531815271825, -0.00291720917448, 0.0052104932256, -0.00665482226759, 0.00417387392372], [0.00078226061305, 0.00509086856619, -0.00494618387893, 0.00350356497802, -0.00148825917859, 0.00285715144128, -0.00699006160721, 0.0152001176029, -0.0121901594102, 0.0103639569134, -0.00872535910457, 0.00535445939749, -0.000781198497862], [-0.000462530122604, -0.00288405781612, 0.00549855362624, -0.00227835844271, -0.000701603421476, 0.00332885608077, 0.00531815271825, -0.0121901594102, 0.0270949527621, -0.0160749144852, 0.0124218035489, -0.00523952208459, 0.00280766678043], [0.000697683542967, 0.00565840722993, -0.0057814149186, 0.00142501632217, -0.000703030033037, -0.00167671847157, -0.00291720917448, 0.0103639569134, -0.0160749144852, 0.0278474874794, -0.0210567712784, 0.016064574942, -0.0074713700451], [-0.000209588222788, -0.00832149852067, 0.00632214406505, -0.00260033458471, 0.00371694471687, -0.00122951553203, 0.0052104932256, -0.00872535910457, 0.0124218035489, -0.0210567712784, 0.0387342199683, -0.0228055436164, 0.0105325970799], [6.7020955612e-05, 0.0108415763825, -0.0075715421699, 0.00713712116703, -0.00539307901636, 0.00536136329174, -0.00665482226759, 0.00535445939749, -0.00523952208459, 0.016064574942, -0.0228055436164, 0.0329544097185, -0.012021029368], [0.000358465244062, -0.00388438743539, 0.00329531799071, -0.00120414234698, 0.00458141276613, -0.0025854841806, 0.00417387392372, -0.000781198497862, 0.00280766678043, -0.0074713700451, 0.0105325970799, -0.012021029368, 0.0223592333496]]
    },
    "melbands": {
        "max": [0.000240239780396, 0.00182006519753, 0.00522852642462, 0.00372604769655, 0.00749633461237, 0.00666060158983, 0.00287228520028, 0.00479728076607, 0.00522536458448, 0.00421720417216, 0.00281988736242, 0.00216030608863, 0.00135876459535, 0.00224705669098, 0.00152614666149, 0.00305541907437, 0.00243780389428, 0.00141877867281, 0.000622011779342, 0.000352205039235, 0.000376281415811, 0.00063030817546, 0.000644396874122, 0.000656843651086, 0.000247012561886, 7.68211539253e-05, 7.16212161933e-05, 4.85184827994e-05, 3.56041527994e-05, 5.39357206435e-05, 2.76100872725e-05, 1.76482753886e-05, 1.37403358167e-05, 1.15851107694e-05, 7.920486496e-06, 7.92717673903e-06, 4.35243282482e-06, 1.76732885393e-06, 1.18442073926e-06, 1.05040408016e-06],
        "mean": [1.43994902828e-05, 8.67974376888e-05, 0.000240677676629, 0.00021617951279, 0.000160765557666, 0.000180520422873, 0.000146199643495, 0.000162447191542, 0.000209553269087, 0.000216080457903, 0.00014004354307, 9.37885342864e-05, 7.89779951447e-05, 0.000104211525468, 5.53549434699e-05, 9.15435011848e-05, 9.309440793e-05, 2.93896973744e-05, 1.91949548025e-05, 1.81567065738e-05, 2.71192602668e-05, 4.40965268353e-05, 5.06086653331e-05, 4.51049818366e-05, 1.52181428348e-05, 4.55552071799e-06, 3.63178855878e-06, 1.8422327912e-06, 1.34001129481e-06, 1.17272622902e-06, 8.71234362876e-07, 7.15069120361e-07, 4.56121313164e-07, 2.91413499554e-07, 2.06611105114e-07, 1.6977770656e-07, 1.1094719099e-07, 5.260840652e-08, 2.86078929435e-08, 1.27704007369e-08],
        "min": [1.64425003391e-07, 8.01081156965e-08, 3.35619887437e-08, 5.25282972674e-09, 2.46396236747e-09, 5.90205750939e-09, 3.61723007103e-09, 2.45739162352e-09, 1.35367761445e-09, 1.13139009272e-09, 9.09355646339e-10, 7.10975223139e-10, 7.30547677907e-10, 6.94106216947e-10, 5.45227085702e-10, 4.06639111272e-10, 4.29588337125e-10, 2.5056007269e-10, 2.93169100107e-10, 3.9732839241e-10, 4.30143642927e-10, 4.58156762528e-10, 4.34991875853e-10, 3.36066952045e-10, 4.03133137983e-10, 4.40583264316e-10, 3.44148431974e-10, 3.33870847635e-10, 2.85384715859e-10, 1.87013932118e-10, 2.7824065274e-10, 2.34400526766e-10, 2.68089328515e-10, 3.13609027636e-10, 2.96886820683e-10, 2.9926311429e-10, 2.81866641139e-10, 2.75567790808e-10, 2.78171846668e-10, 2.46317355401e-10],
        "stdev": [2.25180319831e-05, 0.000178124726517, 0.000479905051179, 0.000390665110899, 0.000455389526905, 0.000404135178542, 0.000280324136838, 0.000333489238983, 0.0003790758783, 0.000466197729111, 0.000281101849396, 0.000171963998582, 0.000132782530272, 0.000206357697607, 0.000129947962705, 0.000249040400377, 0.000255361810559, 7.27014776203e-05, 4.08736159443e-05, 3.2922373066e-05, 4.26351107308e-05, 7.10556923877e-05, 7.22657860024e-05, 7.09048108547e-05, 2.68989460892e-05, 7.00477175997e-06, 7.25787413103e-06, 4.02032173952e-06, 2.92200752483e-06, 3.02817420561e-06, 1.94675635612e-06, 1.47451896737e-06, 1.13849239369e-06, 7.92656692283e-07, 6.19225090759e-07, 5.09950041305e-07, 3.26287107555e-07, 1.41433801559e-07, 8.34541822314e-08, 4.73612224994e-08]
    },
    "melbands128": {
        "max": [3.87686304748e-05, 5.96835125179e-05, 0.000355842144927, 0.000928010442294, 0.00248864199966, 0.00225533638149, 0.00343283824623, 0.00834626704454, 0.00680814962834, 0.00476876925677, 0.00315120304003, 0.00775803625584, 0.0112207643688, 0.00448566675186, 0.00563607923687, 0.0123015148565, 0.00431051803753, 0.00387550401501, 0.0074848504737, 0.00282856519334, 0.00664138607681, 0.0117363147438, 0.00617620628327, 0.0105788912624, 0.00851418077946, 0.00563742779195, 0.00511731114239, 0.00471682613716, 0.00656465254724, 0.00270252279006, 0.00390809960663, 0.00481308065355, 0.00117309822235, 0.00294316676445, 0.00484530348331, 0.00239269132726, 0.00264872750267, 0.00298014539294, 0.00264144362882, 0.00208645453677, 0.00695447111502, 0.00475465133786, 0.00495556183159, 0.00381010700949, 0.0015345767606, 0.00290809897706, 0.000728297629394, 0.000855592952576, 0.00173119001556, 0.000629038608167, 0.000693316047546, 0.000535463506822, 0.000759796297643, 0.000584205437917, 0.00125577708241, 0.0012632542057, 0.00181610754225, 0.00117666390724, 0.000932636728976, 0.00138235779013, 0.00153645931277, 0.000631857663393, 0.000532951205969, 0.000395442039007, 0.000195425091079, 8.58524363139e-05, 3.1114614103e-05, 0.000216654210817, 0.000146336227772, 9.45210558712e-05, 6.68846914778e-05, 8.05406016298e-05, 5.94646262471e-05, 5.29248645762e-05, 4.15717222495e-05, 0.000143766825204, 6.18661215412e-05, 2.77478920907e-05, 6.20298596914e-05, 4.39028881374e-05, 1.5028163034e-05, 3.10135292239e-05, 1.81557643373e-05, 1.9935761884e-05, 2.05757223739e-05, 1.41262717079e-05, 1.08102194645e-05, 1.31404458443e-05, 1.29242689582e-05, 1.04988557723e-05, 1.51108515638e-05, 4.40430039816e-06, 1.31425749714e-05, 7.7077138485e-06, 7.79253969085e-06, 2.59912599176e-06, 2.61321429207e-06, 1.05301808162e-06, 1.31257468183e-06, 2.20068250201e-06, 1.2306068129e-06, 1.33700052629e-06, 8.30477745239e-07, 4.34133795579e-07, 7.38414698276e-08, 1.77170598192e-08, 1.65700235755e-08, 1.56859094602e-08, 1.48939314215e-08, 1.42088802946e-08, 1.35785205302e-08, 1.30299797618e-08, 1.2506466085e-08, 1.20541967519e-08, 1.15807665679e-08, 1.11672511238e-08, 1.07920161696e-08, 1.04656692201e-08, 1.01683284015e-08, 9.91106219317e-09, 9.68049018724e-09, 9.46158884574e-09, 9.24531207147e-09, 9.08121045029e-09, 8.94050433686e-09, 8.83494521986e-09, 8.75031425096e-09, 8.69792327052e-09],
        "mean": [5.90918898524e-06, 6.15385897618e-06, 9.46958880377e-06, 4.51368177892e-05, 0.000112566565804, 8.52344892337e-05, 0.000119294978504, 0.000344588246662, 0.000355955387931, 0.000208843805012, 0.000117345443869, 0.000155810106662, 0.000188642414287, 0.000136630100315, 0.000200675160158, 0.000203839459573, 0.000130688611534, 0.000131012420752, 0.000179291178938, 0.000113859605335, 0.000182777424925, 0.000226208445383, 0.000161111383932, 0.000269771349849, 0.000256365223322, 0.000189047539607, 0.000149988263729, 0.000150264575495, 0.000119372059999, 7.25321660866e-05, 9.74662834778e-05, 0.00011214188271, 3.8579772081e-05, 8.92907482921e-05, 0.000133603578433, 0.000108130967419, 5.55404549232e-05, 6.35251126369e-05, 4.92636572744e-05, 2.99405965052e-05, 0.000143147364724, 0.000113663860247, 9.65110230027e-05, 9.21467290027e-05, 3.41705308529e-05, 2.30356217799e-05, 9.84694543149e-06, 2.07793873415e-05, 2.46029485425e-05, 1.20721606436e-05, 1.62111718964e-05, 2.5903702408e-05, 2.44266957452e-05, 2.4487500923e-05, 3.93793816329e-05, 4.22247285314e-05, 5.42650377611e-05, 5.02615584992e-05, 4.17263327108e-05, 6.62208040012e-05, 5.07785880473e-05, 2.84067045868e-05, 1.79977778316e-05, 1.16276569315e-05, 9.47256285144e-06, 3.83518909075e-06, 1.82075336852e-06, 3.71768578589e-06, 4.94779806104e-06, 2.2394624466e-06, 1.13972998861e-06, 2.32531488109e-06, 1.59282751611e-06, 1.10641019546e-06, 8.28114195883e-07, 1.88065257589e-06, 7.61046180742e-07, 8.09099901744e-07, 1.05165486275e-06, 7.96305926087e-07, 5.59858676752e-07, 8.76017622886e-07, 5.80559060381e-07, 3.79836393449e-07, 3.95045560708e-07, 2.62806935325e-07, 3.05243503362e-07, 2.58617973259e-07, 1.74357964511e-07, 1.79142062962e-07, 2.07304466926e-07, 1.3650041808e-07, 1.69053635091e-07, 9.85634045492e-08, 1.04120012168e-07, 6.1497040349e-08, 4.49608137387e-08, 2.83138898993e-08, 3.6962919836e-08, 1.99475032048e-08, 1.72651475339e-08, 1.10464197789e-08, 9.73839497931e-09, 5.67425217923e-09, 9.88346626762e-10, 1.73030582917e-11, 1.47501628966e-11, 1.40784571501e-11, 1.34354376582e-11, 1.28658151841e-11, 1.23386058315e-11, 1.18627633758e-11, 1.1401177745e-11, 1.09885598884e-11, 1.05943318354e-11, 1.02505460717e-11, 9.9567619774e-12, 9.62037480928e-12, 9.35737858726e-12, 9.1188862017e-12, 8.90644936274e-12, 8.70992340751e-12, 8.51226988202e-12, 8.33578171766e-12, 8.14707589586e-12, 7.93575968827e-12, 7.80077044626e-12, 7.74815541588e-12],
        "min": [8.18565659699e-10, 2.19590123862e-08, 6.95156074926e-08, 4.29730917517e-08, 7.95768606565e-09, 6.1956079378e-08, 1.43105562955e-08, 1.30286981204e-08, 6.40508712735e-09, 7.62720220315e-10, 1.8181927075e-09, 9.34779365025e-10, 9.07201869182e-10, 9.24297971494e-10, 2.84623546953e-09, 1.73847625184e-09, 2.1279724649e-09, 1.66657798673e-09, 1.1153059587e-09, 4.3487746737e-10, 1.16655596294e-09, 4.70407490738e-10, 7.52688800176e-10, 8.69028071726e-10, 7.49169337677e-10, 4.97870744631e-10, 3.13970960342e-10, 4.15152329181e-10, 2.14727069459e-10, 2.52339565909e-10, 4.15371070872e-10, 2.51842879884e-10, 3.05855535343e-10, 3.29903993013e-10, 3.04286179587e-10, 2.99016061911e-10, 5.24063958895e-10, 1.66966176995e-10, 1.62926699909e-10, 1.10006337373e-10, 1.17233056596e-10, 2.55530874238e-10, 2.51118181804e-10, 2.27213525772e-10, 9.7722843706e-11, 1.23996521384e-10, 2.06349826115e-10, 2.07363196059e-10, 1.32041877432e-10, 1.24731558415e-10, 7.33825153421e-11, 1.90366278296e-10, 1.49436393815e-10, 2.40171382782e-10, 9.69610156054e-11, 2.05135922138e-10, 2.98066127336e-10, 2.37347197451e-10, 1.44147027648e-10, 2.78107259444e-10, 2.16515416707e-10, 1.77412140534e-10, 1.54348547832e-10, 1.1251166665e-10, 2.71046823874e-10, 2.29078089831e-10, 1.1794486221e-10, 1.96521077189e-10, 1.50610204863e-10, 1.8498243215e-10, 2.24328736143e-10, 1.24290411296e-10, 1.74759109961e-10, 2.13764284052e-10, 1.78133757744e-10, 1.09007851357e-10, 1.83752665861e-10, 1.65166977317e-10, 1.88600635109e-10, 1.75554154547e-10, 1.7034978983e-10, 1.18985515885e-10, 1.45741613222e-10, 1.74391528995e-10, 1.80433154529e-10, 2.26457394503e-10, 2.36138747445e-10, 1.31625765842e-10, 1.29018989936e-10, 1.75808950731e-10, 1.46737483275e-10, 1.56725035727e-10, 2.46122899838e-10, 1.46823955771e-10, 1.85080256676e-10, 1.53179122164e-10, 1.92298718615e-10, 1.05922506877e-10, 1.41282097132e-10, 1.68813366064e-10, 1.07780860625e-10, 1.82140816318e-10, 1.08324640924e-10, 9.1962236437e-11, 1.11981934142e-11, 1.45294624314e-13, 1.03508083452e-13, 1.11426018694e-13, 1.24498501786e-13, 1.21120209131e-13, 1.02328274977e-13, 1.18177196544e-13, 1.38088013788e-13, 1.0986776945e-13, 1.21351672743e-13, 1.26564137317e-13, 1.33006249786e-13, 1.07718555484e-13, 1.28225338333e-13, 1.15261031513e-13, 1.17050547857e-13, 1.22216988049e-13, 1.33743154897e-13, 1.16471597449e-13, 7.1157184691e-14, 3.21775009524e-14, 4.21808431689e-15, 1.43664980251e-16],
        "stdev": [5.58607916901e-06, 5.85282214161e-06, 2.13067414734e-05, 9.47067383095e-05, 0.000257360603428, 0.000186158242286, 0.000253450300079, 0.00081532006152, 0.000703940924723, 0.000474769040011, 0.000270900141913, 0.000514925515745, 0.000646719767246, 0.000322336156387, 0.000460329581983, 0.000599963008426, 0.000317973375786, 0.000308141694404, 0.000507027667481, 0.000247401301749, 0.000456679408671, 0.000701589335222, 0.000359099998605, 0.000702817749698, 0.000925428699702, 0.000415294518461, 0.00039968843339, 0.000440063973656, 0.000323769432725, 0.000183164287591, 0.000253318605246, 0.000307480426272, 0.000101436206023, 0.000244079143158, 0.000342451909091, 0.000266511546215, 0.000222932809265, 0.000201592119993, 0.000154177745571, 0.000104475846456, 0.000488653604407, 0.000408230349422, 0.00038515907363, 0.00038082676474, 9.47996522882e-05, 9.64238643064e-05, 2.88740902761e-05, 5.12155202159e-05, 7.39669922041e-05, 4.30097461503e-05, 4.40417352365e-05, 5.71504970139e-05, 6.22667939751e-05, 5.16154032084e-05, 9.67333180597e-05, 0.000106504070573, 0.000126473707496, 0.000107893778477, 9.17567595025e-05, 0.000134360059747, 0.000110770932224, 6.38346391497e-05, 4.43857352366e-05, 2.86843333015e-05, 1.86834258784e-05, 6.73741851642e-06, 3.34200944963e-06, 1.206788329e-05, 1.12784291559e-05, 5.88529064771e-06, 3.73711600332e-06, 6.52225571685e-06, 4.41586962552e-06, 3.15418856189e-06, 2.05409992304e-06, 6.65756033413e-06, 2.33100604419e-06, 1.79320227289e-06, 3.09126858156e-06, 2.20807919504e-06, 1.17195372695e-06, 2.31467242884e-06, 1.61366710927e-06, 1.16048681775e-06, 1.22963717786e-06, 8.57640827689e-07, 9.20048250919e-07, 9.06490356556e-07, 6.61798765123e-07, 6.10397592027e-07, 8.36765821077e-07, 3.50633513335e-07, 6.47555111755e-07, 3.78041988824e-07, 3.38694405855e-07, 1.68055123595e-07, 1.44899686916e-07, 7.71971571112e-08, 1.12665894392e-07, 8.01604329581e-08, 6.43737365635e-08, 4.66658676146e-08, 3.97639574601e-08, 2.2193516358e-08, 4.0294918513e-09, 4.07922251533e-10, 3.82398779308e-10, 3.62615715233e-10, 3.44662520746e-10, 3.29079347106e-10, 3.14598763707e-10, 3.02088021265e-10, 2.90066581865e-10, 2.79622408561e-10, 2.68796040981e-10, 2.59321064622e-10, 2.50754805808e-10, 2.43128045474e-10, 2.36262842623e-10, 2.30244351362e-10, 2.24933169313e-10, 2.19839452198e-10, 2.14910783614e-10, 2.11086301216e-10, 2.07818873221e-10, 2.05385861096e-10, 2.03432992674e-10, 2.02240529878e-10]
    },
    "mfcc": {
        "mean": [-731.215332031, 149.467300415, -45.3508338928, 18.717956543, -7.48064661026, -14.0905456543, -12.2972211838, 11.4300384521, -9.0031747818, -9.59068775177, 0.49981918931, 0.22851523757, -10.8536815643],
        "cov": [[12883.6347656, -75.0068969727, -2587.49194336, -224.919128418, -847.465026855, 203.597213745, -357.178466797, 8.90738296509, -208.890151978, -103.133384705, -214.954849243, 1.63527429104, -437.864562988], [-75.0068969727, 741.70135498, -261.020751953, -57.5968284607, 85.8276672363, -133.082260132, -15.5244960785, 13.142706871, -37.3871383667, -70.2577590942, 56.4404525757, -18.956571579, -45.0345535278], [-2587.49194336, -261.020751953, 1229.04650879, 181.607894897, 43.9396247864, 132.38117981, 138.976608276, -186.727142334, 16.9112644196, 122.447784424, -99.0028839111, -5.10464811325, 214.695526123], [-224.919128418, -57.5968284607, 181.607894897, 180.494140625, 23.0429420471, 7.0466837883, -14.053855896, -56.4559783936, -4.13245153427, 49.3727531433, -33.7134284973, 12.2271652222, 48.8670387268], [-847.465026855, 85.8276672363, 43.9396247864, 23.0429420471, 265.736206055, -4.75309944153, -34.0452041626, -10.6834506989, 10.0805540085, 6.50474834442, 51.6549835205, -20.8656101227, -21.0412445068], [203.597213745, -133.082260132, 132.38117981, 7.0466837883, -4.75309944153, 241.257888794, 52.5760536194, -120.519416809, -11.0386400223, 42.0407905579, -59.7592582703, -30.3313026428, 17.2915039062], [-357.178466797, -15.5244960785, 138.976608276, -14.053855896, -34.0452041626, 52.5760536194, 146.686294556, 32.7055168152, 4.1719455719, -13.1688489914, -3.68770599365, 8.89328384399, 21.2817440033], [8.90738296509, 13.142706871, -186.727142334, -56.4559783936, -10.6834506989, -120.519416809, 32.7055168152, 240.877182007, 37.3861198425, -92.2045516968, 68.6727752686, 30.3401279449, -48.7802429199], [-208.890151978, -37.3871383667, 16.9112644196, -4.13245153427, 10.0805540085, -11.0386400223, 4.1719455719, 37.3861198425, 82.2588424683, 28.0313224792, 4.02953720093, 4.2657957077, 3.73938322067], [-103.133384705, -70.2577590942, 122.447784424, 49.3727531433, 6.50474834442, 42.0407905579, -13.1688489914, -92.2045516968, 28.0313224792, 152.553634644, -23.5651321411, -7.42178630829, 41.5103988647], [-214.954849243, 56.4404525757, -99.0028839111, -33.7134284973, 51.6549835205, -59.7592582703, -3.68770599365, 68.6727752686, 4.02953720093, -23.5651321411, 128.963882446, 27.6121711731, -40.8741569519], [1.63527429104, -18.956571579, -5.10464811325, 12.2271652222, -20.8656101227, -30.3313026428, 8.89328384399, 30.3401279449, 4.2657957077, -7.42178630829, 27.6121711731, 81.426940918, 16.9754199982], [-437.864562988, -45.0345535278, 214.695526123, 48.8670387268, -21.0412445068, 17.2915039062, 21.2817440033, -48.7802429199, 3.73938322067, 41.5103988647, -40.8741569519, 16.9754199982, 121.214538574]],
        "icov": [[0.000316986377584, 2.44461862167e-05, 0.000641309365164, -0.000258286192548, 0.000864708970767, -0.000617020647041, 0.00050561473472, -0.000127529143356, 0.000575621379539, -0.000283824861981, 0.000551826320589, -0.000290585274342, 0.000526615185663], [2.44461862167e-05, 0.00207544746809, 0.000680038356222, 0.000246064824751, -0.000776942702942, 0.00186881690752, -0.00151575473137, 0.00178564246744, 0.000180512986844, 0.000872909557074, -0.00019636010984, 0.000690783839673, -0.000328487309162], [0.000641309365164, 0.000680038356222, 0.00315986038186, -0.0014131704811, 0.00102055887692, -0.00049561628839, -0.00123766483739, 0.00135622138623, 0.000522450136486, -0.000167143458384, 0.00102365144994, 9.66620500549e-05, -0.00107407697942], [-0.000258286192548, 0.000246064824751, -0.0014131704811, 0.00808172952384, -0.00176908262074, 0.00129799544811, 0.000720168056432, 0.000175542198122, 0.000981688965112, -0.00144535524305, 0.00155013322365, -0.0018758875085, -0.000894632656127], [0.000864708970767, -0.000776942702942, 0.00102055887692, -0.00176908262074, 0.00761842401698, -0.00291164428927, 0.0034017409198, -0.000756216060836, 0.000509458244778, -0.000562722852919, -0.00141925329808, 0.000863449997269, 0.00215425132774], [-0.000617020647041, 0.00186881690752, -0.00049561628839, 0.00129799544811, -0.00291164428927, 0.0104218022898, -0.00642708409578, 0.00626867124811, -0.00192397017963, 0.00143558287527, 0.000516987056471, 0.00178606796544, -2.90733896691e-05], [0.00050561473472, -0.00151575473137, -0.00123766483739, 0.000720168056432, 0.0034017409198, -0.00642708409578, 0.0134759275243, -0.00614492874593, 0.00213186861947, -0.00107454729732, 0.00030375921051, -0.00166419520974, 0.000471279025078], [-0.000127529143356, 0.00178564246744, 0.00135622138623, 0.000175542198122, -0.000756216060836, 0.00626867124811, -0.00614492874593, 0.0131887085736, -0.00648771086708, 0.00604312075302, -0.00247496971861, 2.52222889685e-05, 0.000383255741326], [0.000575621379539, 0.000180512986844, 0.000522450136486, 0.000981688965112, 0.000509458244778, -0.00192397017963, 0.00213186861947, -0.00648771086708, 0.0183569714427, -0.0067898305133, 0.00273866415955, -0.00121510936879, 0.00105558289215], [-0.000283824861981, 0.000872909557074, -0.000167143458384, -0.00144535524305, -0.000562722852919, 0.00143558287527, -0.00107454729732, 0.00604312075302, -0.0067898305133, 0.0121790952981, -0.00237735151313, 0.00145886500832, -0.0024713834282], [0.000551826320589, -0.00019636010984, 0.00102365144994, 0.00155013322365, -0.00141925329808, 0.000516987056471, 0.00030375921051, -0.00247496971861, 0.00273866415955, -0.00237735151313, 0.0141550935805, -0.0055845300667, 0.00439784722403], [-0.000290585274342, 0.000690783839673, 9.66620500549e-05, -0.0018758875085, 0.000863449997269, 0.00178606796544, -0.00166419520974, 2.52222889685e-05, -0.00121510936879, 0.00145886500832, -0.0055845300667, 0.016868237406, -0.00471810391173], [0.000526615185663, -0.000328487309162, -0.00107407697942, -0.000894632656127, 0.00215425132774, -2.90733896691e-05, 0.000471279025078, 0.000383255741326, 0.00105558289215, -0.0024713834282, 0.00439784722403, -0.00471810391173, 0.0157002452761]]
    },
    "spectral_contrast_coeffs": {
        "max": [-0.481200903654, -0.480052500963, -0.510437607765, -0.57574313879, -0.48052957654, -0.629372000694],
        "mean": [-0.687526762486, -0.737005054951, -0.720152318478, -0.761197388172, -0.717891812325, -0.756553590298],
        "min": [-0.907949447632, -0.951948821545, -0.93896239996, -0.935757815838, -0.914527237415, -0.921465933323],
        "stdev": [0.0685548335314, 0.0710871368647, 0.073192410171, 0.0677836164832, 0.0874313861132, 0.0574826337397]
    },
    "spectral_contrast_valleys": {
        "max": [-5.6306142807, -4.96182346344, -5.63871097565, -6.41523551941, -5.97645711899, -9.24892139435],
        "mean": [-8.07615947723, -7.27310943604, -8.04831409454, -8.3588218689, -8.55307006836, -11.9048662186],
        "min": [-11.0994062424, -11.5394020081, -12.1663913727, -12.3175268173, -11.8631820679, -13.3525209427],
        "stdev": [0.963603913784, 1.16555905342, 1.17331767082, 1.16801071167, 1.1298032999, 0.744049489498]
    }
},
"rhythm": {
    "beats_count": 112,
    "beats_loudness": {
        "max": 0.0677386000752,
        "mean": 0.0142066059634,
        "min": 2.62117782768e-06,
        "stdev": 0.0143392905593
    },
    "bpm": 147.489868164,
    "bpm_histogram_first_peak_bpm": 148,
    "bpm_histogram_first_peak_weight": 0.431034445763,
    "bpm_histogram_second_peak_bpm": 140,
    "bpm_histogram_second_peak_spread": 0.434782624245,
    "bpm_histogram_second_peak_weight": 0.117117114365,
    "danceability": 0.781918346882,
    "onset_rate": 1.7021484375,
    "beats_loudness_band_ratio": {
        "max": [0.877716839314, 0.777495801449, 0.787115871906, 0.747950136662, 0.686140596867, 0.0863093957305],
        "mean": [0.153239145875, 0.149853870273, 0.308677464724, 0.213321521878, 0.197614058852, 0.0212667491287],
        "min": [0.00224988069385, 0.00530554819852, 0.0264971163124, 0.0055876839906, 0.00381595618092, 0.00170356919989],
        "stdev": [0.16835193336, 0.138258129358, 0.183828830719, 0.159812122583, 0.169595390558, 0.0187059212476]
    },
