{
"metadata": {
    "version": {
        "essentia": "2.1-beta5",
        "essentia_git_sha": "Undefined",
        "extractor": "music 2.0"
    },
    "audio_properties": {
        "analysis": {
            "equal_loudness": 0,
            "length": 32.4963264465,
            "sample_rate": 44100,
            "start_time": 12.7477550507,
            "downmix": "mix"
        },
        "bit_rate": 192000,
        "length": 178.248001099,
        "lossless": 0,
        "number_channels": 2,
        "replay_gain": -4.89346694946,
        "sample_rate": 48000,
        "codec": "mp3",
        "md5_encoded": "580159667751b84f96e1ebfd51849c28"
    },
    "tags": {
        "file_name": "Sweden_Nygammal Vals_Lill Lindfors _ Svante Thuresson.mp3",
        "encoding": ["Lavf58.29.100"]
    }
},
"lowlevel": {
    "average_loudness": 0.684266984463,
    "barkbands_crest": {
        "max": 23.9877281189,
        "mean": 9.36769962311,
        "min": 2.33145976067,
        "stdev": 3.90179371834
    },
    "barkbands_flatness_db": {
        "max": 0.263007134199,
        "mean": 0.157737001777,
        "min": 0.0759600624442,
        "stdev": 0.0321402549744
    },
    "barkbands_kurtosis": {
        "max": 28.5123138428,
        "mean": 1.69479525089,
        "min": -1.93066489697,
        "stdev": 3.60247921944
    },
    "barkbands_skewness": {
        "max": 4.92648363113,
        "mean": 0.94606345892,
        "min": -2.65170836449,
        "stdev": 1.01218700409
    },
    "barkbands_spread": {
        "max": 103.744750977,
        "mean": 25.7776050568,
        "min": 3.72887372971,
        "stdev": 14.9234523773
    },
    "dissonance": {
        "max": 0.499855488539,
        "mean": 0.456612199545,
        "min": 0.326983273029,
        "stdev": 0.0290168579668
    },
    "dynamic_complexity": 4.16239738464,
    "erbbands_crest": {
        "max": 28.9966373444,
        "mean": 11.2223520279,
        "min": 2.47630953789,
        "stdev": 4.86462116241
    },
    "erbbands_flatness_db": {
        "max": 0.333858132362,
        "mean": 0.201399177313,
        "min": 0.110724881291,
        "stdev": 0.0408065989614
    },
    "erbbands_kurtosis": {
        "max": 14.3464622498,
        "mean": 0.663261294365,
        "min": -1.83655261993,
        "stdev": 2.31202697754
    },
    "erbbands_skewness": {
        "max": 3.50603461266,
        "mean": 0.382383167744,
        "min": -3.50882697105,
        "stdev": 1.00177407265
    },
    "erbbands_spread": {
        "max": 132.458831787,
        "mean": 38.5032577515,
        "min": 8.8684053421,
        "stdev": 21.2435302734
    },
    "hfc": {
        "max": 195.652542114,
        "mean": 17.2629585266,
        "min": 0.022748708725,
        "stdev": 22.3987979889
    },
    "loudness_ebu128": {
        "integrated": -21.4012775421,
        "loudness_range": 6.23966789246,
        "momentary": {
            "max": -15.4635848999,
            "mean": -23.1120872498,
            "min": -36.7900466919,
            "stdev": 4.0106048584
        },
        "short_term": {
            "max": -18.4288730621,
            "mean": -22.1203670502,
            "min": -29.9483013153,
            "stdev": 2.54308819771
        }
    },
    "melbands_crest": {
        "max": 31.2278766632,
        "mean": 12.6414308548,
        "min": 3.64946770668,
        "stdev": 5.15886878967
    },
    "melbands_flatness_db": {
        "max": 0.311927706003,
        "mean": 0.149623766541,
        "min": 0.0493236407638,
        "stdev": 0.0431866012514
    },
    "melbands_kurtosis": {
        "max": 131.548339844,
        "mean": 8.08406639099,
        "min": -1.78173053265,
        "stdev": 14.0018434525
    },
    "melbands_skewness": {
        "max": 10.3891553879,
        "mean": 1.88515210152,
        "min": -0.925251483917,
        "stdev": 1.52181589603
    },
    "melbands_spread": {
        "max": 225.789428711,
        "mean": 36.0010643005,
        "min": 3.49893641472,
        "stdev": 28.9532680511
    },
    "pitch_salience": {
        "max": 0.837773799896,
        "mean": 0.582189381123,
        "min": 0.207244604826,
        "stdev": 0.0975888967514
    },
    "silence_rate_20dB": {
        "max": 1,
        "mean": 1,
        "min": 1,
        "stdev": 0
    },
    "silence_rate_30dB": {
        "max": 1,
        "mean": 1,
        "min": 1,
        "stdev": 0
    },
    "silence_rate_60dB": {
        "max": 1,
        "mean": 0.234118491411,
        "min": 0,
        "stdev": 0.423446238041
    },
    "spectral_centroid": {
        "max": 4775.04345703,
        "mean": 1865.60461426,
        "min": 367.523712158,
        "stdev": 716.705505371
    },
    "spectral_complexity": {
        "max": 48,
        "mean": 12.7765884399,
        "min": 0,
        "stdev": 8.18143463135
    },
    "spectral_decrease": {
        "max": -1.74589353391e-11,
        "mean": -2.77998801756e-09,
        "min": -2.10354791363e-08,
        "stdev": 3.16111936627e-09
    },
    "spectral_energy": {
        "max": 0.0950662195683,
        "mean": 0.0120581127703,
        "min": 6.7957349529e-05,
        "stdev": 0.013716799207
    },
    "spectral_energyband_high": {
        "max": 0.0219591595232,
        "mean": 0.000847388291731,
        "min": 3.94327940967e-07,
        "stdev": 0.00153031141963
    },
    "spectral_energyband_low": {
        "max": 0.0146840279922,
        "mean": 0.000839309999719,
        "min": 1.16886303658e-05,
        "stdev": 0.00120885611977
    },
    "spectral_energyband_middle_high": {
        "max": 0.0792220309377,
        "mean": 0.00657615205273,
        "min": 5.74347041038e-06,
        "stdev": 0.0103020258248
    },
    "spectral_energyband_middle_low": {
        "max": 0.0581009835005,
        "mean": 0.00428352225572,
        "min": 1.11241106424e-05,
        "stdev": 0.00517192110419
    },
    "spectral_entropy": {
        "max": 8.56892490387,
        "mean": 7.61653661728,
        "min": 6.70933675766,
        "stdev": 0.333663254976
    },
    "spectral_flux": {
        "max": 0.25764849782,
        "mean": 0.0510278083384,
        "min": 0.00428148778155,
        "stdev": 0.0350954085588
    },
    "spectral_kurtosis": {
        "max": 11.0673942566,
        "mean": 2.06306838989,
        "min": -1.18049073219,
        "stdev": 1.70311844349
    },
    "spectral_rms": {
        "max": 0.00963055249304,
        "mean": 0.00298738130368,
        "min": 0.00025748758344,
        "stdev": 0.00168510945514
    },
    "spectral_rolloff": {
        "max": 9733.0078125,
        "mean": 2362.47631836,
        "min": 86.1328125,
        "stdev": 1888.17456055
    },
    "spectral_skewness": {
        "max": 2.7443985939,
        "mean": 1.00036215782,
        "min": -0.347818344831,
        "stdev": 0.349793881178
    },
    "spectral_spread": {
        "max": 11176665,
        "mean": 4625895,
        "min": 2203518.25,
        "stdev": 1383424.375
    },
    "spectral_strongpeak": {
        "max": 13.171163559,
        "mean": 1.62285745144,
        "min": 0,
        "stdev": 1.92530465126
    },
    "zerocrossingrate": {
        "max": 0.3154296875,
        "mean": 0.0852969139814,
        "min": 0.015625,
        "stdev": 0.0431202761829
    },
    "barkbands": {
        "max": [0.00020518025849, 0.00279749417678, 0.00452603120357, 0.012275621295, 0.00834037549794, 0.0120135359466, 0.0274756047875, 0.0283301323652, 0.047130830586, 0.0468936599791, 0.0532189123333, 0.0471449308097, 0.0187656581402, 0.0110606355593, 0.00645650504157, 0.0144216483459, 0.018646189943, 0.0186578594148, 0.00946779828519, 0.0125043550506, 0.017745083198, 0.00283523509279, 0.00662865163758, 0.00670199794695, 0.000904775981326, 1.68348640273e-06, 1.63948732279e-06],
        "mean": [1.50182722791e-05, 0.00022692483617, 0.000374436553102, 0.00034364752355, 0.00050593004562, 0.000555141421501, 0.000738275470212, 0.000541625253391, 0.00115608703345, 0.00169508066028, 0.000936973607168, 0.00148839270696, 0.000388604530599, 0.000289798917947, 0.000190335005755, 0.000227558222832, 0.000368123291992, 0.000546312541701, 0.000447096361313, 0.000412847119151, 0.000259628082858, 8.55347316246e-05, 0.000133325942443, 0.000106660365418, 2.47589778155e-05, 2.91456081492e-09, 2.87797985443e-09],
        "min": [7.68725243461e-08, 1.99292435354e-06, 6.43554983526e-07, 5.12603548941e-07, 1.05515471205e-06, 5.83402311349e-07, 3.65029592331e-07, 2.44846887654e-07, 5.59588613669e-07, 1.51074715404e-07, 8.38241049905e-08, 1.89158186004e-07, 9.0794074481e-08, 2.64125787908e-07, 1.27124593519e-07, 1.17112115561e-07, 3.75193565105e-07, 2.72152050229e-07, 2.29342148828e-07, 1.74180200929e-07, 9.22590217556e-08, 7.64369829653e-08, 4.34223181855e-08, 5.68137430434e-08, 5.37619300189e-08, 3.76163475369e-11, 4.98167687657e-11],
        "stdev": [1.66033350979e-05, 0.000360977312084, 0.000564504123759, 0.000834738952108, 0.000717303541023, 0.000905625813175, 0.00170812325086, 0.00157573330216, 0.00303869368508, 0.00444835796952, 0.00405291840434, 0.00428408989683, 0.000921703234781, 0.000831499346532, 0.000442309450591, 0.00081088359002, 0.00150777713861, 0.00153475522529, 0.000885479559656, 0.000827340991236, 0.000761231407523, 0.000204539508559, 0.000343282066751, 0.000301845750073, 5.86516398471e-05, 6.35616004274e-08, 6.19187545681e-08]
    },
    "erbbands": {
        "max": [0.0299276933074, 0.840473473072, 3.6600754261, 32.3388290405, 20.6426315308, 43.011680603, 41.5616188049, 151.106582642, 359.845275879, 469.917419434, 929.71697998, 816.038085938, 1781.61132812, 1349.28564453, 2262.92382812, 2343.44018555, 931.799865723, 497.826934814, 358.939758301, 416.169769287, 966.05480957, 796.396118164, 1077.73132324, 711.631591797, 369.500030518, 447.462585449, 1074.6184082, 117.003486633, 110.039886475, 285.536468506, 166.324493408, 134.95664978, 86.9194030762, 18.0644683838, 1.94252228737, 0.0464422777295, 0.00322371465154, 0.00107626081444, 0.000262470857706, 0.000135330119519],
        "mean": [0.00302141555585, 0.0661773756146, 0.370076715946, 0.96719288826, 1.05591130257, 1.89584934711, 2.81564188004, 5.07201242447, 10.4635601044, 8.92782402039, 16.0059146881, 27.3486404419, 33.6838340759, 58.0520896912, 61.3076057434, 49.5738143921, 19.5223484039, 17.698600769, 10.0414600372, 11.9117250443, 16.5795650482, 18.7102146149, 29.6394042969, 25.7035102844, 20.1490707397, 18.7972126007, 16.3693561554, 6.465528965, 3.1342382431, 2.92419624329, 3.91069531441, 2.77501416206, 1.4868812561, 0.511804223061, 0.061592310667, 0.00169430498499, 0.000117867384688, 2.0596311515e-05, 1.17381914606e-05, 1.67163325386e-05],
        "min": [4.28982602898e-05, 0.000426807906479, 0.00139480736107, 0.00471064075828, 0.00299227773212, 0.00389195908792, 0.00267424504273, 0.00487100007012, 0.00769834499806, 0.00445941416547, 0.00951784104109, 0.0132354674861, 0.00929368566722, 0.00911161489785, 0.00478598475456, 0.00817730743438, 0.0103002293035, 0.0153085906059, 0.0139999529347, 0.00784779619426, 0.0172036718577, 0.0208550691605, 0.0182418692857, 0.0117101473734, 0.00995425879955, 0.00760227488354, 0.00414612377062, 0.00337397959083, 0.00315381772816, 0.00139897782356, 0.000960256555118, 0.00138971582055, 0.000785895565059, 0.000807751552202, 0.00022132381855, 6.23014466328e-06, 5.59059174066e-07, 1.13392289336e-07, 7.51337552174e-08, 7.91134837641e-08],
        "stdev": [0.00342181208543, 0.109217777848, 0.593011498451, 2.09469819069, 1.63253939152, 3.41900706291, 4.13208818436, 9.40157032013, 21.2032489777, 25.6517124176, 47.8725128174, 61.5386734009, 108.28956604, 151.746353149, 188.962158203, 165.881530762, 44.1503372192, 41.9912033081, 23.3445472717, 32.3096504211, 60.3476867676, 66.0726470947, 83.9699707031, 63.2078018188, 35.0649108887, 35.9137420654, 48.6776275635, 13.5256404877, 7.10410022736, 10.2816371918, 9.28683757782, 7.34848499298, 4.31308984756, 1.19900357723, 0.140905231237, 0.00374060426839, 0.000256796483882, 5.2309500461e-05, 1.59204209922e-05, 1.8520073354e-05]
    },
    "gfcc": {
        "mean": [-62.4533462524, 91.2347793579, -157.713256836, 53.3577575684, -93.5511779785, 20.2339782715, -33.6537284851, 4.64634275436, -18.7432155609, -16.8566932678, 4.70868396759, -21.3335876465, 1.29845058918],
        "cov": [[3957.08740234, -285.337219238, -1129.45202637, -552.259094238, 4.55255413055, -98.9242324829, 252.186065674, 209.510894775, -126.592575073, -173.693191528, 143.604370117, 31.9803352356, 85.0937423706], [-285.337219238, 705.812927246, -31.0109043121, -131.680618286, 40.3303222656, -91.8558425903, 98.0723114014, -108.654373169, 17.3666820526, 38.912612915, 69.7317352295, -72.7783126831, -51.9872055054], [-1129.45202637, -31.0109043121, 866.947387695, 372.321929932, -65.0783233643, 166.207565308, -133.771957397, -46.2425918579, 18.1979637146, 52.5120048523, -118.367477417, -29.7736625671, -65.4793395996], [-552.259094238, -131.680618286, 372.321929932, 523.177429199, 96.5572662354, -97.8564529419, -129.284454346, -22.3984375, 86.9605407715, 43.8666229248, -98.9300308228, -31.8625774384, 12.0696516037], [4.55255413055, 40.3303222656, -65.0783233643, 96.5572662354, 192.668533325, 0.469918906689, -8.26643276215, 34.1833229065, 32.364566803, -1.76527547836, -10.324549675, -12.1397209167, 3.24800896645], [-98.9242324829, -91.8558425903, 166.207565308, -97.8564529419, 0.469918906689, 359.194702148, 98.5209960938, 32.629940033, -92.2067260742, -49.1277961731, -14.0298519135, 33.4357299805, -53.7990913391], [252.186065674, 98.0723114014, -133.771957397, -129.284454346, -8.26643276215, 98.5209960938, 299.047698975, 64.9758834839, -110.372589111, -93.0443115234, 43.9331512451, 4.12895202637, -22.1505432129], [209.510894775, -108.654373169, -46.2425918579, -22.3984375, 34.1833229065, 32.629940033, 64.9758834839, 183.400085449, 12.9367189407, -69.3145675659, -30.3320293427, 28.8380031586, 23.7254943848], [-126.592575073, 17.3666820526, 18.1979637146, 86.9605407715, 32.364566803, -92.2067260742, -110.372589111, 12.9367189407, 188.732116699, 94.1904220581, -53.8404502869, -31.3963928223, 19.2576122284], [-173.693191528, 38.912612915, 52.5120048523, 43.8666229248, -1.76527547836, -49.1277961731, -93.0443115234, -69.3145675659, 94.1904220581, 152.297149658, 4.20807218552, -43.6395492554, -12.0875320435], [143.604370117, 69.7317352295, -118.367477417, -98.9300308228, -10.324549675, -14.0298519135, 43.9331512451, -30.3320293427, -53.8404502869, 4.20807218552, 136.443878174, 40.0425491333, -22.6771183014], [31.9803352356, -72.7783126831, -29.7736625671, -31.8625774384, -12.1397209167, 33.4357299805, 4.12895202637, 28.8380031586, -31.3963928223, -43.6395492554, 40.0425491333, 103.729171753, 40.3358650208], [85.0937423706, -51.9872055054, -65.4793395996, 12.0696516037, 3.24800896645, -53.7990913391, -22.1505432129, 23.7254943848, 19.2576122284, -12.0875320435, -22.6771183014, 40.3358650208, 95.9075927734]],
        "icov": [[0.00048064746079, 0.000178017013241, 0.000626593769994, -4.29681604146e-05, 0.000277137733065, -0.000190685532289, 0.000122393539641, -0.000424424768426, 0.000130600281409, 0.000258472369751, -0.000461432704469, 0.000801020243671, -0.0003194801684], [0.000178017013241, 0.00429239496589, -0.00317509425804, 0.0045381593518, -0.00463852332905, 0.00384165765718, -0.00362479989417, 0.00409281440079, -0.00288159283809, 0.00184427993372, -0.00123387435451, 0.00105755508412, -3.31566297973e-05], [0.000626593769994, -0.00317509425804, 0.0073654265143, -0.00712192384526, 0.00723635451868, -0.00610762322322, 0.00443956675008, -0.00447635259479, 0.00316952518187, -0.00185489177238, 0.000964122300502, 0.000747442769352, 0.00115287327208], [-4.29681604146e-05, 0.0045381593518, -0.00712192384526, 0.0109670078382, -0.00956037454307, 0.00795332435519, -0.0048761065118, 0.00570546323434, -0.00319768721238, 0.00165689084679, 0.00167374766897, -0.00164073356427, 0.000439796946011], [0.000277137733065, -0.00463852332905, 0.00723635451868, -0.00956037454307, 0.0146236671135, -0.00810310430825, 0.00565158948302, -0.00680596474558, 0.00207420322113, -0.000708611682057, -0.00191063957755, 0.00324322422966, -0.000989878899418], [-0.000190685532289, 0.00384165765718, -0.00610762322322, 0.00795332435519, -0.00810310430825, 0.0112853096798, -0.005828903988, 0.00427479017526, -8.43827074277e-05, -0.000934644485824, 0.00473364023492, -0.00626320298761, 0.00493448087946], [0.000122393539641, -0.00362479989417, 0.00443956675008, -0.0048761065118, 0.00565158948302, -0.005828903988, 0.00972175877541, -0.00609373068437, 0.00424384092912, 0.000784413306974, -0.00232278858311, 0.00398854492232, -0.00111704028677], [-0.000424424768426, 0.00409281440079, -0.00447635259479, 0.00570546323434, -0.00680596474558, 0.00427479017526, -0.00609373068437, 0.013970958069, -0.00715670268983, 0.00595735851675, 0.00139901519287, -0.00262719858438, 0.000209403413464], [0.000130600281409, -0.00288159283809, 0.00316952518187, -0.00319768721238, 0.00207420322113, -8.43827074277e-05, 0.00424384092912, -0.00715670268983, 0.0160250328481, -0.0107929091901, 0.00683066248894, -0.00309417210519, 0.00185990950558], [0.000258472369751, 0.00184427993372, -0.00185489177238, 0.00165689084679, -0.000708611682057, -0.000934644485824, 0.000784413306974, 0.00595735851675, -0.0107929091901, 0.0187134630978, -0.00894574262202, 0.00934292096645, -0.0040162759833], [-0.000461432704469, -0.00123387435451, 0.000964122300502, 0.00167374766897, -0.00191063957755, 0.00473364023492, -0.00232278858311, 0.00139901519287, 0.00683066248894, -0.00894574262202, 0.0216518882662, -0.0165453962982, 0.0116046806797], [0.000801020243671, 0.00105755508412, 0.000747442769352, -0.00164073356427, 0.00324322422966, -0.00626320298761, 0.00398854492232, -0.00262719858438, -0.00309417210519, 0.00934292096645, -0.0165453962982, 0.0282042901963, -0.0154479229823], [-0.0003194801684, -3.31566297973e-05, 0.00115287327208, 0.000439796946011, -0.000989878899418, 0.00493448087946, -0.00111704028677, 0.000209403413464, 0.00185990950558, -0.0040162759833, 0.0116046806797, -0.0154479229823, 0.0222768541425]]
    },
    "melbands": {
        "max": [0.000460277049569, 0.00162019883282, 0.00443636905402, 0.0016800656449, 0.00116423307918, 0.00293601094745, 0.00587187707424, 0.00509258825332, 0.00951323285699, 0.0060121845454, 0.00893170572817, 0.00590366357937, 0.00885572005063, 0.00656038243324, 0.00372747890651, 0.00134546589106, 0.00113813125063, 0.000503623043187, 0.000321810162859, 0.000967439322267, 0.00138430215884, 0.00114319147542, 0.00131451454945, 0.000525869545527, 0.000597971084062, 0.000392748916056, 0.000297128135571, 0.000375805044314, 0.000886052905116, 0.000280159292743, 5.32361082151e-05, 6.45633626846e-05, 7.16995637049e-05, 0.000213302759221, 0.000102119520307, 0.000111486056994, 0.000111392015242, 8.54568788782e-05, 2.26508800552e-05, 1.3784483599e-05],
        "mean": [4.55693043477e-05, 0.000165608842508, 0.000161085888976, 0.000102836260339, 9.70136825345e-05, 0.000117965442769, 0.0001599934767, 9.2513000709e-05, 0.00014335339074, 0.00017362368817, 0.000163377801073, 0.000234187580645, 0.000176724279299, 0.00018060603179, 6.27759727649e-05, 4.18887684646e-05, 3.15067773045e-05, 1.63028471434e-05, 1.43777988342e-05, 1.46096672324e-05, 2.27438140428e-05, 1.98738325707e-05, 2.53221405728e-05, 2.47866082645e-05, 2.07561388379e-05, 1.42310036608e-05, 1.29509089675e-05, 1.24879097712e-05, 1.20057757158e-05, 6.42182294541e-06, 2.79462028629e-06, 1.85368321581e-06, 1.38429834351e-06, 1.70535781763e-06, 2.21762752517e-06, 2.31159106079e-06, 1.47141486195e-06, 1.12919633466e-06, 7.18421233614e-07, 3.36678738222e-07],
        "min": [5.16895795499e-07, 8.41112523631e-07, 7.14433326721e-07, 2.78043330582e-07, 1.20121370628e-07, 1.10821510191e-07, 9.71205551537e-08, 4.16514538415e-08, 8.79345094518e-08, 6.84030396769e-08, 2.93472002255e-08, 3.31339506943e-08, 1.08781987862e-08, 1.41068712267e-08, 1.88190014683e-08, 8.14884337785e-09, 3.11482857285e-08, 1.71843410612e-08, 1.02270476532e-08, 7.52318207731e-09, 2.07783301676e-08, 1.98739442681e-08, 9.90430581993e-09, 1.46879610696e-08, 8.34629787505e-09, 8.23288193175e-09, 7.86119969121e-09, 3.93144983235e-09, 3.02212743719e-09, 1.65645741568e-09, 1.79035619663e-09, 1.92386617748e-09, 1.17607779071e-09, 6.79939715642e-10, 3.73901964945e-10, 6.95576374277e-10, 9.03243535522e-10, 5.37235589348e-10, 5.29459587284e-10, 5.77820846726e-10],
        "stdev": [6.03690241405e-05, 0.000247115880484, 0.000303470646031, 0.000155430097948, 0.000136427799589, 0.000204561874853, 0.000332699215505, 0.000267321825959, 0.000454863009509, 0.000404442078434, 0.000541695626453, 0.000647128850687, 0.000659486220684, 0.000520999194123, 0.000213479754166, 8.98965881788e-05, 8.55205653352e-05, 4.41060583398e-05, 3.24668872054e-05, 4.71930070489e-05, 9.36258074944e-05, 8.49204516271e-05, 9.41136240726e-05, 5.94741104578e-05, 5.51718912902e-05, 2.65564358415e-05, 2.44101956923e-05, 2.75181428151e-05, 3.82396647183e-05, 1.91286580957e-05, 5.27754309587e-06, 4.15482236349e-06, 4.30123373008e-06, 6.95471408108e-06, 5.29510816705e-06, 5.83999371884e-06, 4.6149134505e-06, 3.77926062356e-06, 1.75104923983e-06, 7.98934991053e-07]
    },
    "melbands128": {
        "max": [0.000102339043224, 0.000117521434731, 0.000703884696122, 0.00187096279114, 0.00223969412036, 0.00286827329546, 0.00820525828749, 0.00447907624766, 0.00196615234017, 0.00226463121362, 0.00336105027236, 0.00204930338077, 0.00187681731768, 0.0016157750506, 0.00423363782465, 0.00417127506807, 0.00315937283449, 0.0105645116419, 0.00799055676907, 0.00790261756629, 0.00542997475713, 0.00947242975235, 0.0152335688472, 0.0186370853335, 0.0042945323512, 0.0133428424597, 0.0148557303473, 0.0183372609317, 0.00435659941286, 0.010988689959, 0.00733756786212, 0.00773430243134, 0.017930354923, 0.0121703669429, 0.0107555082068, 0.0114303659648, 0.0144114578143, 0.00158451893367, 0.00399317312986, 0.00272969761863, 0.00153561634943, 0.00171057763509, 0.00133121199906, 0.0031534389127, 0.00071978935739, 0.000448004371719, 0.00149255839642, 0.000692898058333, 0.000552398501895, 0.00121223158203, 0.00190741696861, 0.000557920488063, 0.00226110289805, 0.00173513242044, 0.00340124289505, 0.00222379597835, 0.000721913354937, 0.00276446621865, 0.00298161711544, 0.00106155674439, 0.000764094875194, 0.00116979901213, 0.00145226856694, 0.000468123937026, 0.000443907774752, 0.000665430095978, 0.000449099956313, 0.000537121086381, 0.000386585190427, 0.000292315904517, 0.00045120541472, 0.000997762079351, 0.00095355528174, 0.00183940003626, 0.000962746620644, 0.000474539148854, 0.000264836126007, 0.000118367592222, 5.0970542361e-05, 4.59584007331e-05, 8.83057728061e-05, 8.11958016129e-05, 8.58950734255e-05, 0.000101518919109, 8.88159265742e-05, 0.000198338166228, 0.00035315027344, 0.000136295202537, 7.97518878244e-05, 0.000114507893159, 0.000150215346366, 0.000143985671457, 7.5062365795e-05, 7.77979003033e-05, 0.000165601071785, 0.000173135354999, 5.77232458454e-05, 2.54260066868e-05, 2.85347523459e-05, 1.98117013497e-05, 2.5037677915e-05, 1.24891521409e-05, 8.84597466211e-06, 4.69506858281e-06, 6.98565202129e-07, 1.62483697608e-08, 1.42114320312e-08, 1.30431336842e-08, 1.21062644354e-08, 1.13352776054e-08, 1.06846531622e-08, 1.01074615344e-08, 9.59327550731e-09, 9.16764619774e-09, 8.76583960974e-09, 8.3935276507e-09, 8.07948463688e-09, 7.78395303769e-09, 7.51982565106e-09, 7.28536386774e-09, 7.08840808272e-09, 6.89998103098e-09, 6.73706690435e-09, 6.60006227449e-09, 6.48653308843e-09, 6.40051744938e-09, 6.33547969642e-09, 6.2952865143e-09],
        "mean": [9.91652905213e-06, 1.44532432387e-05, 4.76981476822e-05, 0.000127396997414, 0.000172129599378, 0.000190326507436, 0.000219272042159, 0.000139330950333, 9.38661178225e-05, 0.00010210347682, 0.000108241525595, 0.000103446021967, 0.000101592471765, 7.87242752267e-05, 9.15867349249e-05, 0.000152851513121, 0.000178926289664, 0.000165108853253, 0.000140278410981, 8.94403929124e-05, 6.65168045089e-05, 9.57727097557e-05, 0.000173143256688, 0.000158301423653, 0.000175114022568, 0.000194821317564, 0.000143660261529, 0.000198069581529, 8.23629525257e-05, 0.000334840849973, 0.00025718298275, 8.89231669134e-05, 0.000162862241268, 0.000241827234277, 0.0002421541285, 0.000127322375192, 0.00016085205425, 3.10822142637e-05, 3.37883684551e-05, 3.89377019019e-05, 4.66320925625e-05, 4.55757108284e-05, 2.41061698034e-05, 3.64966435882e-05, 1.6282137949e-05, 9.86037321127e-06, 1.91450726561e-05, 9.62549802352e-06, 1.33190433189e-05, 2.36650248553e-05, 1.19229835036e-05, 8.46247621666e-06, 1.91650397028e-05, 2.51279125223e-05, 4.05439495808e-05, 1.44784535223e-05, 7.79640868132e-06, 2.03222152777e-05, 3.59100085916e-05, 2.86477079499e-05, 2.40097197093e-05, 1.89994261746e-05, 2.81597276626e-05, 2.05174892471e-05, 1.06031202449e-05, 1.2321259419e-05, 2.00348731596e-05, 1.13973910629e-05, 1.20354197861e-05, 1.31904180307e-05, 1.15936845759e-05, 1.13565911306e-05, 1.65193032444e-05, 1.18381058201e-05, 7.30782494429e-06, 8.64217417984e-06, 4.77263984067e-06, 3.14746989716e-06, 2.46208651333e-06, 2.63615174845e-06, 1.92234847418e-06, 1.60308718478e-06, 1.29575823848e-06, 1.42714702633e-06, 1.32965078592e-06, 1.66247843936e-06, 1.72273837507e-06, 2.01699731406e-06, 2.32295292335e-06, 2.1936750727e-06, 2.6296067972e-06, 2.44459738497e-06, 1.67809275808e-06, 1.39430062518e-06, 1.37908330089e-06, 1.27215378143e-06, 1.083143502e-06, 9.1331423846e-07, 8.05146044058e-07, 5.79323341299e-07, 4.12977698261e-07, 3.09315794311e-07, 2.24947612537e-07, 1.22088721355e-07, 1.61389994702e-08, 7.87411941205e-11, 2.76655209158e-11, 2.24523316605e-11, 2.07975598548e-11, 1.95403953435e-11, 1.8477264857e-11, 1.75301231864e-11, 1.66784086542e-11, 1.59473285272e-11, 1.52786359953e-11, 1.46729503547e-11, 1.41374065232e-11, 1.36415123989e-11, 1.32094370164e-11, 1.28204721145e-11, 1.2466343062e-11, 1.21572647782e-11, 1.18823830983e-11, 1.16315290732e-11, 1.13668414958e-11, 1.10895303357e-11, 1.09081953539e-11, 1.08303756588e-11],
        "min": [4.90823337529e-09, 1.47161429709e-07, 1.47749119606e-07, 3.20963494005e-07, 1.66519214417e-07, 3.65725810525e-07, 6.03240977171e-08, 1.89959976638e-07, 9.36851378697e-08, 1.01472934944e-07, 3.37374714832e-08, 6.72064572882e-08, 2.90712502959e-08, 6.31330934198e-08, 5.79648364862e-08, 2.99925559943e-08, 3.87892882259e-08, 4.53139037404e-08, 2.33914896342e-08, 1.56564272658e-08, 1.91042026643e-08, 5.14295592779e-08, 4.01798629923e-08, 3.59659608762e-08, 1.62815485538e-08, 8.12439537867e-09, 7.4128241323e-09, 2.06192911634e-08, 2.32467467498e-08, 1.17555591927e-08, 5.32434096812e-09, 1.19629222084e-08, 2.11502304559e-09, 7.27926785515e-09, 6.01250338406e-09, 6.40181685441e-09, 1.0172711562e-08, 1.63188680347e-08, 8.15789213959e-09, 2.7732593999e-09, 6.52358256303e-09, 1.33685151837e-08, 2.51013219099e-08, 1.41401397258e-08, 4.06042488521e-09, 8.02176280956e-09, 7.72236763424e-09, 3.56933727019e-09, 4.6164756462e-09, 4.22917834086e-09, 4.42708714132e-09, 4.1351166935e-09, 3.85486176313e-09, 7.94417331917e-09, 1.79816677104e-08, 9.27047150157e-09, 4.1767469483e-09, 6.70398403457e-09, 7.80572406711e-09, 4.83306861199e-09, 1.45475569369e-08, 7.59941620743e-09, 5.2325574984e-09, 4.55418502909e-09, 6.54545928569e-09, 7.06759628599e-09, 4.25406687654e-09, 3.11983461287e-09, 8.01897570568e-09, 6.24158547069e-09, 3.22484305926e-09, 2.827545309e-09, 1.55431356674e-09, 3.65715102646e-09, 1.23906140903e-09, 1.49721179898e-09, 1.67709490739e-09, 1.27023658258e-09, 1.32666844177e-09, 1.25285548602e-09, 1.54820767317e-09, 1.1299637892e-09, 1.24578192207e-09, 8.99122998277e-10, 4.20549151059e-10, 4.94571716914e-10, 9.21525966646e-10, 5.08280750822e-10, 3.1032190706e-10, 2.43197462169e-10, 5.60956281426e-10, 7.69173391646e-10, 8.04192656911e-10, 1.10059961145e-09, 5.11806153014e-10, 4.65956551121e-10, 4.71790717604e-10, 4.65250837856e-10, 3.80163983627e-10, 5.90171911341e-10, 6.56757814799e-10, 3.02942060326e-10, 5.46804268531e-10, 4.57179710756e-10, 3.59144589068e-11, 3.14935252356e-13, 1.49881544892e-13, 1.43847133098e-13, 1.25350874429e-13, 1.46153122699e-13, 1.61932316514e-13, 1.34984457965e-13, 1.53264784219e-13, 1.25765785047e-13, 1.33792553859e-13, 1.41030687562e-13, 1.49775957153e-13, 1.56106207063e-13, 1.42941675206e-13, 1.58179296484e-13, 1.3491000038e-13, 1.26868554182e-13, 1.70087143155e-13, 1.39666313996e-13, 9.24727552561e-14, 3.55167589403e-14, 5.30199383949e-15, 1.93210888716e-16],
        "stdev": [9.544650311e-06, 1.66474655998e-05, 6.89736116328e-05, 0.000236852356466, 0.000344158848748, 0.000287057831883, 0.000524778617546, 0.000337325851433, 0.000165392222698, 0.000195742846699, 0.000245565606747, 0.000205758246011, 0.000180100832949, 0.000159464834724, 0.000220302885282, 0.000362240505638, 0.000382280617487, 0.000509253703058, 0.000487510493258, 0.000377498829039, 0.000276447244687, 0.000422108278144, 0.00060342089273, 0.000838830252178, 0.000415996037191, 0.000636259908788, 0.000593854987528, 0.00101655418985, 0.000253620499279, 0.00109783071093, 0.000755849992856, 0.000446957128588, 0.00119092478417, 0.000901372754015, 0.000771987077314, 0.000687929976266, 0.000751854502596, 0.000115935552458, 0.000144481819007, 0.000130981585244, 0.000137299110065, 0.000122321172967, 8.08794793556e-05, 0.000195124681341, 6.01042047492e-05, 3.30412149196e-05, 6.61657904857e-05, 3.31881274178e-05, 4.73056643386e-05, 9.04699190869e-05, 7.20896059647e-05, 2.8499533073e-05, 0.000112382433144, 0.000134110508952, 0.000236287640291, 9.74269642029e-05, 2.89764338959e-05, 0.000119500786241, 0.000180110437213, 0.000102064033854, 6.48407658446e-05, 6.84640617692e-05, 0.000118810981803, 4.6898599976e-05, 2.22796315938e-05, 3.44447180396e-05, 4.19649368268e-05, 3.47118511854e-05, 3.05213725369e-05, 2.83997305814e-05, 2.89421604975e-05, 4.45365403721e-05, 5.4879932577e-05, 5.83049841225e-05, 3.51364542439e-05, 3.50295413227e-05, 1.55769139383e-05, 9.13080748433e-06, 5.39335542271e-06, 5.16579711984e-06, 5.20276898897e-06, 3.92983702113e-06, 4.40213489128e-06, 4.71577368444e-06, 4.9945133469e-06, 6.51039545119e-06, 1.02790236269e-05, 5.81694939683e-06, 5.38564108865e-06, 5.77123455514e-06, 6.93775155014e-06, 6.84898259351e-06, 4.75176148029e-06, 4.24439531344e-06, 5.78002391194e-06, 5.99159557169e-06, 3.2871384974e-06, 2.36098685491e-06, 2.01013131118e-06, 1.56159444487e-06, 1.10991629754e-06, 7.60616103435e-07, 5.81717699788e-07, 3.03204245711e-07, 4.18760315313e-08, 6.33069596745e-10, 5.36674038543e-10, 4.92295759713e-10, 4.56977483632e-10, 4.27874013997e-10, 4.03368394242e-10, 3.8156058868e-10, 3.62271906917e-10, 3.46083939284e-10, 3.30959676331e-10, 3.16989434701e-10, 3.05055231076e-10, 2.93947449714e-10, 2.84000351014e-10, 2.75145795037e-10, 2.67688982092e-10, 2.6059926439e-10, 2.54454596282e-10, 2.49286619125e-10, 2.44993747511e-10, 2.41776432208e-10, 2.39308711736e-10, 2.37796865532e-10]
    },
    "mfcc": {
        "mean": [-676.745788574, 87.465461731, -0.394962996244, 16.1791725159, -14.0907468796, -2.81072187424, 3.06521630287, 4.76682758331, -8.94372558594, 5.32598161697, -5.37162256241, 1.09375119209, -4.93737888336],
        "cov": [[4470.40087891, -107.750579834, -1254.85144043, -454.24420166, -344.914489746, -406.497711182, 243.874130249, 174.046432495, -57.1506233215, 20.0075893402, -142.232772827, 19.4117355347, -57.3535881042], [-107.750579834, 744.65814209, -160.425888062, -134.077056885, -157.764663696, 23.6212158203, 58.8644065857, -48.2768287659, -72.5979385376, 9.98009395599, 91.9706497192, -19.7288894653, 50.5003967285], [-1254.85144043, -160.425888062, 903.257751465, 156.112030029, 133.552749634, 199.589279175, -66.2498016357, -32.4851951599, 28.6962528229, -4.07274341583, 45.7086372375, -35.5083045959, -6.10168790817], [-454.24420166, -134.077056885, 156.112030029, 549.492431641, 165.848052979, -17.1491775513, -148.727279663, -108.209632874, 72.4652557373, 40.9828987122, -61.9558029175, 38.054775238, 26.0880527496], [-344.914489746, -157.764663696, 133.552749634, 165.848052979, 316.539550781, 39.1624107361, -133.489501953, -42.4991722107, 68.6973190308, 21.396894455, -22.4435691833, 31.2659740448, 2.52826142311], [-406.497711182, 23.6212158203, 199.589279175, -17.1491775513, 39.1624107361, 231.339797974, 26.5493450165, -43.2944068909, -17.4782524109, 12.9113826752, 56.3473052979, -21.3729820251, -5.91381406784], [243.874130249, 58.8644065857, -66.2498016357, -148.727279663, -133.489501953, 26.5493450165, 331.687805176, 192.618835449, -68.6514968872, -40.3146972656, 0.752143025398, -14.507478714, -15.3134002686], [174.046432495, -48.2768287659, -32.4851951599, -108.209632874, -42.4991722107, -43.2944068909, 192.618835449, 279.692993164, 34.8204040527, -55.7638778687, -22.2957515717, 0.696312308311, -30.2213535309], [-57.1506233215, -72.5979385376, 28.6962528229, 72.4652557373, 68.6973190308, -17.4782524109, -68.6514968872, 34.8204040527, 206.159667969, 46.1317977905, -23.3251514435, 12.360912323, -21.1402301788], [20.0075893402, 9.98009395599, -4.07274341583, 40.9828987122, 21.396894455, 12.9113826752, -40.3146972656, -55.7638778687, 46.1317977905, 108.807792664, 21.9563293457, -3.66744065285, 2.50804901123], [-142.232772827, 91.9706497192, 45.7086372375, -61.9558029175, -22.4435691833, 56.3473052979, 0.752143025398, -22.2957515717, -23.3251514435, 21.9563293457, 123.280555725, 14.0316419601, -8.73302173615], [19.4117355347, -19.7288894653, -35.5083045959, 38.054775238, 31.2659740448, -21.3729820251, -14.507478714, 0.696312308311, 12.360912323, -3.66744065285, 14.0316419601, 101.733100891, 17.8891582489], [-57.3535881042, 50.5003967285, -6.10168790817, 26.0880527496, 2.52826142311, -5.91381406784, -15.3134002686, -30.2213535309, -21.1402301788, 2.50804901123, -8.73302173615, 17.8891582489, 82.3880081177]],
        "icov": [[0.000468861922855, 0.000231259371503, 0.000510203826707, 0.000264951813733, 0.000208672659937, 0.000321008759784, -0.000168814323843, 6.58327480778e-05, 0.000100409524748, -0.000416159076849, 0.000338886922691, -0.000103861209936, 0.000244846509304], [0.000231259371503, 0.002012248151, 0.000621805258561, 0.000166743862792, 0.000656721240375, 7.52391060814e-05, -0.000436555128545, 0.000543839880265, -0.000194621316041, 0.000138423361932, -0.00143181206658, 0.000709742482286, -0.00133561866824], [0.000510203826707, 0.000621805258561, 0.00225414847955, -0.000265385693638, 0.000113380192488, -0.00106530182529, 0.000267626426648, -0.000417930627009, 4.67673771709e-06, 0.000162841854035, -0.000547857955098, 0.000806899566669, -0.000195531523786], [0.000264951813733, 0.000166743862792, -0.000265385693638, 0.00294417492114, -0.000718858267646, 0.000757947622333, -0.000194463587832, 0.0011223674519, -0.000382733327569, -0.000839029962663, 0.00167913443875, -0.00106862606481, -8.03078437457e-05], [0.000208672659937, 0.000656721240375, 0.000113380192488, -0.000718858267646, 0.00533038051799, -0.00165699364152, 0.00240352330729, -0.00145556463394, 6.62442107568e-05, -0.00083741924027, 0.0011297580786, -0.00144667294808, 8.54101162986e-05], [0.000321008759784, 7.52391060814e-05, -0.00106530182529, 0.000757947622333, -0.00165699364152, 0.00779501674697, -0.00337043451145, 0.00326107349247, -0.000889098620974, 0.000361732178135, -0.0025363417808, 0.00137190811802, 0.000232697886531], [-0.000168814323843, -0.000436555128545, 0.000267626426648, -0.000194463587832, 0.00240352330729, -0.00337043451145, 0.00902904570103, -0.0071054645814, 0.00373581727035, -0.00219779764302, 0.00179378560279, -0.000845433911309, 0.000386797939427], [6.58327480778e-05, 0.000543839880265, -0.000417930627009, 0.0011223674519, -0.00145556463394, 0.00326107349247, -0.0071054645814, 0.010617361404, -0.0045572114177, 0.00433999346569, -0.00102236284874, 0.000301179301459, 0.00070358812809], [0.000100409524748, -0.000194621316041, 4.67673771709e-06, -0.000382733327569, 6.62442107568e-05, -0.000889098620974, 0.00373581727035, -0.0045572114177, 0.00856109522283, -0.0049437629059, 0.00246552843601, -0.00150102365296, 0.0022020728793], [-0.000416159076849, 0.000138423361932, 0.000162841854035, -0.000839029962663, -0.00083741924027, 0.000361732178135, -0.00219779764302, 0.00433999346569, -0.0049437629059, 0.014220662415, -0.00444537820294, 0.00246983184479, -0.00157059787307], [0.000338886922691, -0.00143181206658, -0.000547857955098, 0.00167913443875, 0.0011297580786, -0.0025363417808, 0.00179378560279, -0.00102236284874, 0.00246552843601, -0.00444537820294, 0.0138400420547, -0.00477264681831, 0.00355423474684], [-0.000103861209936, 0.000709742482286, 0.000806899566669, -0.00106862606481, -0.00144667294808, 0.00137190811802, -0.000845433911309, 0.000301179301459, -0.00150102365296, 0.00246983184479, -0.00477264681831, 0.0128720346838, -0.0037741761189], [0.000244846509304, -0.00133561866824, -0.000195531523786, -8.03078437457e-05, 8.54101162986e-05, 0.000232697886531, 0.000386797939427, 0.00070358812809, 0.0022020728793, -0.00157059787307, 0.00355423474684, -0.0037741761189, 0.0152909196913]]
    },
    "spectral_contrast_coeffs": {
        "max": [-0.487531036139, -0.465400189161, -0.454097896814, -0.501516222954, -0.574448108673, -0.622497975826],
        "mean": [-0.706424057484, -0.720019757748, -0.707188725471, -0.766886889935, -0.768678843975, -0.769687235355],
        "min": [-0.952281296253, -0.926449298859, -0.919438183308, -0.908775925636, -0.89686614275, -0.869569599628],
        "stdev": [0.0630124285817, 0.0801528096199, 0.0897775739431, 0.0605076998472, 0.057530619204, 0.0402310155332]
    },
    "spectral_contrast_valleys": {
        "max": [-6.15203428268, -5.33564472198, -5.64845132828, -6.49171209335, -5.35157346725, -8.02640724182],
        "mean": [-7.81610155106, -7.48741912842, -8.11512947083, -8.43664741516, -7.80962467194, -10.1561546326],
        "min": [-9.56890392303, -9.71035194397, -10.6079425812, -10.590344429, -10.5585947037, -12.8862791061],
        "stdev": [0.544230043888, 0.735371112823, 0.870061933994, 0.725229263306, 0.699999690056, 0.679909169674]
    }
},
"rhythm": {
    "beats_count": 74,
    "beats_loudness": {
        "max": 0.0902270972729,
        "mean": 0.0178261883557,
        "min": 0.000500822789036,
        "stdev": 0.0178526174277
    },
    "bpm": 147.994033813,
    "bpm_histogram_first_peak_bpm": 148,
    "bpm_histogram_first_peak_weight": 0.466666638851,
    "bpm_histogram_second_peak_bpm": 167,
    "bpm_histogram_second_peak_spread": 0,
    "bpm_histogram_second_peak_weight": 0.150684937835,
    "danceability": 0.996791660786,
    "onset_rate": 3.50683569908,
    "beats_loudness_band_ratio": {
        "max": [0.877574682236, 0.668779850006, 0.893509030342, 0.806464612484, 0.7283872962, 0.878713071346],
        "mean": [0.151067987084, 0.119804613292, 0.254823297262, 0.244828820229, 0.134354323149, 0.148785084486],
        "min": [0.00338243856095, 0.00212893215939, 0.00515811657533, 0.00278615299612, 0.00237009301782, 0.00936029199511],
        "stdev": [0.196409583092, 0.132629409432, 0.204786390066, 0.233663752675, 0.165409043431, 0.158144205809]
    },
