{
"metadata": {
    "version": {
        "essentia": "2.1-beta5",
        "essentia_git_sha": "Undefined",
        "extractor": "music 2.0"
    },
    "audio_properties": {
        "analysis": {
            "equal_loudness": 0,
            "length": 29.0017242432,
            "sample_rate": 44100,
            "start_time": 81.2466201782,
            "downmix": "mix"
        },
        "bit_rate": 192000,
        "length": 142.129348755,
        "lossless": 0,
        "number_channels": 2,
        "replay_gain": -5.39474105835,
        "sample_rate": 48000,
        "codec": "mp3",
        "md5_encoded": "3facf74e32e3b9323c5db94bfa71d384"
    },
    "tags": {
        "file_name": "Belgium_Un Peu De Poivre, Un Peu De Sel_Tonia.mp3",
        "encoding": ["Lavf58.29.100"]
    }
},
"lowlevel": {
    "average_loudness": 0.804676771164,
    "barkbands_crest": {
        "max": 26.5933322906,
        "mean": 10.7695159912,
        "min": 3.29441404343,
        "stdev": 4.68333435059
    },
    "barkbands_flatness_db": {
        "max": 0.408119618893,
        "mean": 0.206597998738,
        "min": 0.102586604655,
        "stdev": 0.0438048914075
    },
    "barkbands_kurtosis": {
        "max": 203.437286377,
        "mean": 3.62500596046,
        "min": -1.79903101921,
        "stdev": 12.1867055893
    },
    "barkbands_skewness": {
        "max": 12.6274023056,
        "mean": 1.14183843136,
        "min": -2.80472683907,
        "stdev": 1.34695672989
    },
    "barkbands_spread": {
        "max": 47.7426376343,
        "mean": 17.2942123413,
        "min": 0.549998223782,
        "stdev": 8.49458503723
    },
    "dissonance": {
        "max": 0.498952627182,
        "mean": 0.454922258854,
        "min": 0.319744884968,
        "stdev": 0.0286061819643
    },
    "dynamic_complexity": 4.34853458405,
    "erbbands_crest": {
        "max": 30.9774150848,
        "mean": 11.1612215042,
        "min": 2.9736289978,
        "stdev": 5.1323132515
    },
    "erbbands_flatness_db": {
        "max": 0.415169328451,
        "mean": 0.262810230255,
        "min": 0.112715616822,
        "stdev": 0.0454843901098
    },
    "erbbands_kurtosis": {
        "max": 53.3195075989,
        "mean": 0.616564393044,
        "min": -1.81559479237,
        "stdev": 3.88737869263
    },
    "erbbands_skewness": {
        "max": 6.9683713913,
        "mean": 0.473508059978,
        "min": -4.26090908051,
        "stdev": 0.847124576569
    },
    "erbbands_spread": {
        "max": 77.92943573,
        "mean": 30.1451244354,
        "min": 3.30023121834,
        "stdev": 13.4452543259
    },
    "hfc": {
        "max": 172.310058594,
        "mean": 13.785033226,
        "min": 0.0223919879645,
        "stdev": 21.7720928192
    },
    "loudness_ebu128": {
        "integrated": -21.2350635529,
        "loudness_range": 5.37866592407,
        "momentary": {
            "max": -14.7418766022,
            "mean": -22.7836837769,
            "min": -35.9241638184,
            "stdev": 3.72440838814
        },
        "short_term": {
            "max": -18.5368041992,
            "mean": -21.4773292542,
            "min": -25.1639995575,
            "stdev": 1.85248744488
        }
    },
    "melbands_crest": {
        "max": 32.820930481,
        "mean": 14.1448059082,
        "min": 3.89970517159,
        "stdev": 5.77486371994
    },
    "melbands_flatness_db": {
        "max": 0.472878932953,
        "mean": 0.231012672186,
        "min": 0.131189212203,
        "stdev": 0.0510468520224
    },
    "melbands_kurtosis": {
        "max": 264.669708252,
        "mean": 8.81597805023,
        "min": -1.72481584549,
        "stdev": 18.2598838806
    },
    "melbands_skewness": {
        "max": 12.2667198181,
        "mean": 1.84753656387,
        "min": -1.39474320412,
        "stdev": 1.62953448296
    },
    "melbands_spread": {
        "max": 132.173217773,
        "mean": 24.341506958,
        "min": 0.581900537014,
        "stdev": 14.7151117325
    },
    "pitch_salience": {
        "max": 0.838644206524,
        "mean": 0.549402475357,
        "min": 0.0624575354159,
        "stdev": 0.121551647782
    },
    "silence_rate_20dB": {
        "max": 1,
        "mean": 1,
        "min": 1,
        "stdev": 0
    },
    "silence_rate_30dB": {
        "max": 1,
        "mean": 1,
        "min": 1,
        "stdev": 0
    },
    "silence_rate_60dB": {
        "max": 1,
        "mean": 0.257600009441,
        "min": 0,
        "stdev": 0.437314927578
    },
    "spectral_centroid": {
        "max": 3679.91357422,
        "mean": 1537.50488281,
        "min": 243.773101807,
        "stdev": 617.536743164
    },
    "spectral_complexity": {
        "max": 37,
        "mean": 11.2967996597,
        "min": 0,
        "stdev": 7.15031766891
    },
    "spectral_decrease": {
        "max": -1.16928740995e-11,
        "mean": -2.7151996207e-09,
        "min": -2.15204156717e-08,
        "stdev": 3.14006576296e-09
    },
    "spectral_energy": {
        "max": 0.0938857793808,
        "mean": 0.0114981262013,
        "min": 4.6162509534e-05,
        "stdev": 0.0136869736016
    },
    "spectral_energyband_high": {
        "max": 0.00855904072523,
        "mean": 0.000407856045058,
        "min": 2.15307139229e-07,
        "stdev": 0.000799854868092
    },
    "spectral_energyband_low": {
        "max": 0.0414041802287,
        "mean": 0.00104421679862,
        "min": 3.53314317181e-06,
        "stdev": 0.00267899595201
    },
    "spectral_energyband_middle_high": {
        "max": 0.0894362032413,
        "mean": 0.00607667863369,
        "min": 4.70121858598e-06,
        "stdev": 0.0118045853451
    },
    "spectral_energyband_middle_low": {
        "max": 0.0440428815782,
        "mean": 0.00425926828757,
        "min": 3.25216678903e-05,
        "stdev": 0.00492010219023
    },
    "spectral_entropy": {
        "max": 7.95918130875,
        "mean": 7.23933029175,
        "min": 5.31830024719,
        "stdev": 0.331455409527
    },
    "spectral_flux": {
        "max": 0.323264956474,
        "mean": 0.0547692142427,
        "min": 0.00486684404314,
        "stdev": 0.0405151247978
    },
    "spectral_kurtosis": {
        "max": 24.4792346954,
        "mean": 3.87129926682,
        "min": -1.06566643715,
        "stdev": 3.42112851143
    },
    "spectral_rms": {
        "max": 0.00957057345659,
        "mean": 0.00288450904191,
        "min": 0.000212218263187,
        "stdev": 0.0017021431122
    },
    "spectral_rolloff": {
        "max": 5146.43554688,
        "mean": 1576.0423584,
        "min": 172.265625,
        "stdev": 928.225280762
    },
    "spectral_skewness": {
        "max": 3.84155368805,
        "mean": 0.924875080585,
        "min": -0.647289454937,
        "stdev": 0.490758955479
    },
    "spectral_spread": {
        "max": 5876870,
        "mean": 2724240.75,
        "min": 1473127,
        "stdev": 440432.6875
    },
    "spectral_strongpeak": {
        "max": 15.1626415253,
        "mean": 1.46892166138,
        "min": 0.0112836547196,
        "stdev": 2.23067331314
    },
    "zerocrossingrate": {
        "max": 0.166015625,
        "mean": 0.0581347644329,
        "min": 0.00927734375,
        "stdev": 0.0227657537907
    },
    "barkbands": {
        "max": [0.000160804149345, 0.00645722541958, 0.0346320159733, 0.0199260264635, 0.0111104426906, 0.0346654653549, 0.0433696657419, 0.0407896339893, 0.0274647567421, 0.0444517061114, 0.0331880450249, 0.0283011868596, 0.0702930688858, 0.037178657949, 0.064587816596, 0.013667290099, 0.00536239007488, 0.014054575935, 0.00617134384811, 0.00549124041572, 0.00744825042784, 0.000668782216962, 8.42528243084e-06, 2.31064336731e-06, 8.66368679908e-07, 1.56478591862e-07, 1.65949060715e-07],
        "mean": [1.16148385132e-05, 0.000337179837516, 0.000504522991832, 0.000474972766824, 0.00059237156529, 0.000934889481869, 0.00060812063748, 0.000520272180438, 0.000903640582692, 0.000871083466336, 0.000675352697726, 0.000737298221793, 0.000952619826421, 0.000635038886685, 0.00108593481127, 0.000347783905454, 0.000222498201765, 0.000299501174595, 0.000284810957965, 0.000220250003622, 0.000254557351582, 2.32398524531e-05, 3.95440167722e-07, 1.1395199806e-07, 7.08093566004e-08, 6.23604612393e-10, 6.66143640249e-10],
        "min": [1.73276362148e-08, 3.4702998164e-07, 9.01101770978e-08, 2.44671156224e-07, 4.12266643934e-07, 3.99252854777e-07, 9.2878030955e-07, 1.00891907096e-06, 1.28012254663e-06, 3.49967990587e-07, 2.02784164571e-07, 1.00137484083e-07, 1.62623990718e-07, 1.93920072888e-07, 1.88024600334e-07, 1.60124471904e-07, 1.28045996917e-07, 7.18755899243e-08, 7.78019639824e-08, 6.63835137971e-08, 5.07071789002e-08, 3.56688545367e-08, 7.59056373312e-09, 6.38718544721e-09, 5.34709343469e-09, 3.29353974649e-11, 4.31013592872e-11],
        "stdev": [1.6147725546e-05, 0.0007513044402, 0.00196061399765, 0.00151914730668, 0.00098464731127, 0.00243849330582, 0.0020818922203, 0.00166859349702, 0.00219336431473, 0.00257712858729, 0.00229408917949, 0.00270800641738, 0.00542332744226, 0.00247982540168, 0.0045723291114, 0.00109785876703, 0.000452152220532, 0.000687718624249, 0.000673972652294, 0.000425280246418, 0.000586847832892, 4.98979024997e-05, 7.30247165848e-07, 1.42929536651e-07, 5.07378388193e-08, 5.35570521265e-09, 5.82545878203e-09]
    },
    "erbbands": {
        "max": [0.113362245262, 2.05956697464, 32.7284584045, 46.5138702393, 33.9203224182, 56.9906959534, 113.631034851, 391.287109375, 381.870819092, 575.213317871, 720.418823242, 673.949462891, 793.514648438, 1644.3371582, 1572.48815918, 1447.1105957, 2061.09741211, 1753.72790527, 2716.40795898, 1635.02197266, 744.131896973, 304.386108398, 457.527984619, 453.189178467, 244.238433838, 174.186767578, 322.451812744, 173.698135376, 31.8206558228, 3.41413092613, 0.228626042604, 0.0807061344385, 0.0263859052211, 0.015184209682, 0.00343186454847, 0.000624602951575, 0.000289494812023, 0.00010281008872, 6.6374814196e-05, 0.000125035192468],
        "mean": [0.00423522805795, 0.101128533483, 0.539135336876, 1.06259429455, 1.67946636677, 2.12637925148, 4.73247766495, 8.09225559235, 8.04348659515, 9.15853500366, 14.4832658768, 19.3225631714, 21.9432411194, 37.6645240784, 26.2514915466, 31.4544563293, 37.9615821838, 41.0524902344, 49.1649856567, 36.6351203918, 19.7658557892, 12.8075790405, 15.9445581436, 16.9665794373, 11.8033981323, 10.0563240051, 13.443104744, 5.87095355988, 1.12749934196, 0.162914514542, 0.0109991831705, 0.00311262509786, 0.00188982719555, 0.00120610999875, 0.000305596622638, 2.30638543144e-05, 8.99156202649e-06, 3.57340650226e-06, 7.2150064625e-06, 1.44200639625e-05],
        "min": [2.02406154131e-05, 0.000118188363558, 0.000538579770364, 0.00135204591788, 0.00194596289657, 0.00087179755792, 0.005164522212, 0.0144670708105, 0.0121096391231, 0.018117794767, 0.0260897111148, 0.0234092697501, 0.0107324412093, 0.0100615378469, 0.00856844428927, 0.00527786975726, 0.00718543073162, 0.0112018920481, 0.00728238048032, 0.0108256908134, 0.0112790735438, 0.0077260909602, 0.00512409349903, 0.00434744963422, 0.00414125435054, 0.00256865588017, 0.00212185108103, 0.00135729613248, 0.00131410255563, 0.000268012954621, 0.000247646152275, 0.000152687847731, 9.86846425803e-05, 7.30491010472e-05, 3.21968182107e-05, 1.56896032877e-06, 3.29937620336e-07, 7.7514286545e-08, 3.2857649046e-08, 5.34223758564e-08],
        "stdev": [0.00914447382092, 0.223315507174, 1.87899577618, 3.03140974045, 3.9756052494, 4.47188425064, 9.93757152557, 26.6311225891, 19.814781189, 32.5144767761, 38.6974182129, 48.115562439, 60.1014480591, 117.787696838, 89.1126937866, 122.617454529, 179.081161499, 148.943374634, 177.879974365, 136.798797607, 62.0555458069, 25.577747345, 32.0613594055, 38.7211380005, 25.4550457001, 18.6519908905, 29.2989578247, 15.0009059906, 2.28852772713, 0.334322482347, 0.0189228709787, 0.00477958377451, 0.00192585482728, 0.000935757998377, 0.000217924709432, 3.18101192534e-05, 1.49104407683e-05, 6.22500056124e-06, 9.18274054129e-06, 1.7770784325e-05]
    },
    "gfcc": {
        "mean": [-121.713134766, 154.335784912, -190.719924927, 41.1945419312, -55.0897865295, -24.3289718628, -6.26032829285, -13.5721626282, -14.7919578552, -5.19362354279, -7.68057107925, -16.0185527802, 10.2391710281],
        "cov": [[4099.39160156, -204.286468506, -1385.32214355, -178.134750366, 592.676757812, -183.214294434, 598.170410156, -313.86239624, 50.982635498, 146.958328247, -108.63117981, 43.6624755859, -35.2373428345], [-204.286468506, 394.847167969, 333.90145874, 9.22909832001, -2.77551221848, 21.3170013428, -32.5101737976, 13.3413057327, -17.4703788757, -72.3596038818, -28.2499465942, -43.2609062195, 7.13823413849], [-1385.32214355, 333.90145874, 911.333251953, 241.97946167, -156.828842163, 41.4440879822, -207.107559204, 111.608398438, 0.0126007972285, -93.9505004883, 10.044836998, -27.8652229309, -10.4207687378], [-178.134750366, 9.22909832001, 241.97946167, 344.165130615, 40.2585105896, -2.67893671989, -10.7471284866, 63.3465538025, 60.8400230408, -16.0532016754, -35.1950149536, 10.4626922607, -41.8222465515], [592.676757812, -2.77551221848, -156.828842163, 40.2585105896, 273.696594238, 90.5711669922, 96.7220001221, -36.9359893799, -1.87938785553, 20.9615421295, -6.79124259949, -37.0434875488, -34.4552536011], [-183.214294434, 21.3170013428, 41.4440879822, -2.67893671989, 90.5711669922, 325.641693115, 127.580787659, 2.48695898056, -39.6047554016, 2.53429985046, -3.11733198166, -55.9864387512, -43.9638977051], [598.170410156, -32.5101737976, -207.107559204, -10.7471284866, 96.7220001221, 127.580787659, 275.574859619, 17.7667140961, 6.61393165588, 41.322593689, -16.5800304413, -8.99172973633, -31.9695167542], [-313.86239624, 13.3413057327, 111.608398438, 63.3465538025, -36.9359893799, 2.48695898056, 17.7667140961, 191.886703491, 86.4714889526, -13.4642429352, -16.4789295197, -9.13392066956, -2.59037351608], [50.982635498, -17.4703788757, 0.0126007972285, 60.8400230408, -1.87938785553, -39.6047554016, 6.61393165588, 86.4714889526, 134.785675049, 38.1283721924, -18.5262718201, 6.69139432907, -17.8020763397], [146.958328247, -72.3596038818, -93.9505004883, -16.0532016754, 20.9615421295, 2.53429985046, 41.322593689, -13.4642429352, 38.1283721924, 112.577537537, 57.5333442688, -0.97364628315, -21.5311813354], [-108.63117981, -28.2499465942, 10.044836998, -35.1950149536, -6.79124259949, -3.11733198166, -16.5800304413, -16.4789295197, -18.5262718201, 57.5333442688, 126.482261658, 39.1962013245, -11.4066734314], [43.6624755859, -43.2609062195, -27.8652229309, 10.4626922607, -37.0434875488, -55.9864387512, -8.99172973633, -9.13392066956, 6.69139432907, -0.97364628315, 39.1962013245, 92.93384552, 32.0724067688], [-35.2373428345, 7.13823413849, -10.4207687378, -41.8222465515, -34.4552536011, -43.9638977051, -31.9695167542, -2.59037351608, -17.8020763397, -21.5311813354, -11.4066734314, 32.0724067688, 87.4387664795]],
        "icov": [[0.00311275757849, -0.00105640059337, 0.00199898984283, 0.000541205168702, -0.00452135363594, 0.00474578561261, -0.00620377575979, 0.00495649594814, -0.00295451888815, 0.00081284029875, 0.00175652722828, -0.00119410408661, 0.000586657901295], [-0.00105640059337, 0.00647575827315, -0.00441568018869, 0.00227088015527, -0.00018992339028, 2.64329028141e-05, -0.000924952852074, 0.000897237739991, -0.00209521548823, 0.00401662383229, -0.00184188934509, 0.00342741888016, -0.00170258036815], [0.00199898984283, -0.00441568018869, 0.00643745437264, -0.00362585089169, 1.56457317644e-05, 0.000859013409354, -0.000801580084953, 0.00136841379572, -0.000678543408867, 0.000746353296563, -0.00127798342146, 0.000491356651764, 8.32391451695e-05], [0.000541205168702, 0.00227088015527, -0.00362585089169, 0.0073350192979, -0.00427032308653, 0.00227666483261, -0.00204251077957, 0.000212226805161, -0.000656960473862, -0.00158733781427, 0.00550529453903, -0.00527502410114, 0.00395886553451], [-0.00452135363594, -0.00018992339028, 1.56457317644e-05, -0.00427032308653, 0.0135454414412, -0.00861411821097, 0.00849708169699, -0.0053018797189, 0.00233231042512, 0.00132674211636, -0.00666343700141, 0.00649666506797, -0.00234182295389], [0.00474578561261, 2.64329028141e-05, 0.000859013409354, 0.00227666483261, -0.00861411821097, 0.0128924939781, -0.0129537051544, 0.00800977833569, -0.0038305663038, 0.00236968765967, 0.00221114419401, 0.000462381605757, 0.00161320366897], [-0.00620377575979, -0.000924952852074, -0.000801580084953, -0.00204251077957, 0.00849708169699, -0.0129537051544, 0.0216753073037, -0.0148611897603, 0.0113617386669, -0.00901345908642, 0.00229211524129, -0.00412777811289, 0.00272962008603], [0.00495649594814, 0.000897237739991, 0.00136841379572, 0.000212226805161, -0.0053018797189, 0.00800977833569, -0.0148611897603, 0.0212291255593, -0.017619881779, 0.0120715443045, -0.00558324996382, 0.00719409249723, -0.00465971231461], [-0.00295451888815, -0.00209521548823, -0.000678543408867, -0.000656960473862, 0.00233231042512, -0.0038305663038, 0.0113617386669, -0.017619881779, 0.0273117069155, -0.0194782167673, 0.0135748814791, -0.0124977910891, 0.00832966621965], [0.00081284029875, 0.00401662383229, 0.000746353296563, -0.00158733781427, 0.00132674211636, 0.00236968765967, -0.00901345908642, 0.0120715443045, -0.0194782167673, 0.0317353978753, -0.0217999313027, 0.017628936097, -0.00735542364419], [0.00175652722828, -0.00184188934509, -0.00127798342146, 0.00550529453903, -0.00666343700141, 0.00221114419401, 0.00229211524129, -0.00558324996382, 0.0135748814791, -0.0217999313027, 0.029770726338, -0.0222141966224, 0.0119253182784], [-0.00119410408661, 0.00342741888016, 0.000491356651764, -0.00527502410114, 0.00649666506797, 0.000462381605757, -0.00412777811289, 0.00719409249723, -0.0124977910891, 0.017628936097, -0.0222141966224, 0.0323608219624, -0.0147004080936], [0.000586657901295, -0.00170258036815, 8.32391451695e-05, 0.00395886553451, -0.00234182295389, 0.00161320366897, 0.00272962008603, -0.00465971231461, 0.00832966621965, -0.00735542364419, 0.0119253182784, -0.0147004080936, 0.0212961677462]]
    },
    "melbands": {
        "max": [0.00133691180963, 0.0114881284535, 0.00709175458178, 0.00260287895799, 0.00294869509526, 0.00789035670459, 0.0074683604762, 0.00548388948664, 0.0050751757808, 0.00414161430672, 0.00387324672192, 0.00730127515271, 0.00473715970293, 0.00271224067546, 0.00226624240167, 0.00860771164298, 0.00361142586917, 0.00327870971523, 0.00519733410329, 0.00123522733338, 0.000980401993729, 0.000233286060393, 0.0003896864946, 0.000908160058316, 0.00031650744495, 0.000308440095978, 0.00034374956158, 0.000156139532919, 0.000259155465756, 0.00025486224331, 9.172251157e-05, 1.88325411727e-05, 5.20150479133e-06, 5.43615158222e-07, 1.27574821818e-07, 4.67593572751e-08, 4.82094186793e-08, 2.26705036965e-08, 1.40035893992e-08, 1.36915874194e-08],
        "mean": [6.77538846503e-05, 0.000230816294788, 0.000212715269299, 0.000125699589262, 0.000149121085997, 0.000178030662937, 0.00013156888599, 9.93638459477e-05, 0.000123782083392, 0.000125379461679, 0.000104158876638, 0.000148554929183, 8.66553455126e-05, 8.84534747456e-05, 5.21401125297e-05, 0.000116559029266, 6.82123791194e-05, 6.94651171216e-05, 8.73174867593e-05, 2.26878019021e-05, 2.30803452723e-05, 1.15296725198e-05, 1.55694615387e-05, 1.40900747283e-05, 1.40692654895e-05, 9.74547401711e-06, 6.96655979482e-06, 6.50443007544e-06, 9.00125269254e-06, 6.33156605545e-06, 2.27530722441e-06, 6.6944437549e-07, 2.04439459139e-07, 3.12218126908e-08, 3.12779779854e-09, 1.72457514935e-09, 1.53336454645e-09, 1.26953259016e-09, 1.09653308655e-09, 9.69505586923e-10],
        "min": [2.20365734549e-07, 2.42199632794e-07, 3.71116072984e-07, 6.69732997949e-08, 2.0048287297e-07, 3.76454636353e-07, 2.01515476306e-07, 1.51697719275e-07, 1.82043734753e-07, 1.51186910102e-07, 5.02732149243e-08, 3.95268742182e-08, 2.72175135763e-08, 1.78676824447e-08, 1.46318184235e-08, 2.1400605732e-08, 1.53328354457e-08, 9.02302321748e-09, 1.4072220722e-08, 1.26809602818e-08, 1.25689032515e-08, 7.54673212811e-09, 6.94919277677e-09, 3.00039793011e-09, 3.656795311e-09, 2.72874034479e-09, 2.97568170105e-09, 1.50333967497e-09, 9.95808324689e-10, 1.14576781396e-09, 7.12366332589e-10, 6.46684039651e-10, 1.96598515245e-10, 1.02279400227e-10, 1.49931053683e-10, 1.03655140027e-10, 7.66281135767e-11, 4.4791850784e-11, 6.19442414029e-11, 6.26633744893e-11],
        "stdev": [0.000149130341015, 0.000677484611515, 0.000555187347345, 0.000225198280532, 0.000283814326394, 0.000540500797797, 0.000355897704139, 0.000337343430147, 0.000332736963173, 0.000313692900818, 0.000301047344692, 0.000485202064738, 0.000286022899672, 0.000300597486785, 0.000189648810192, 0.000669933797326, 0.000263753725449, 0.000252801983152, 0.000405082915677, 7.24050914869e-05, 8.18897824502e-05, 2.16527278099e-05, 3.72774120478e-05, 3.68677356164e-05, 3.41679224221e-05, 2.58029995166e-05, 1.72560430656e-05, 1.35661002787e-05, 2.10436210182e-05, 1.52762495418e-05, 6.68664961267e-06, 1.43762792959e-06, 4.72246199479e-07, 6.67254695941e-08, 6.79061296083e-09, 3.07083469764e-09, 2.49909914984e-09, 1.36719302546e-09, 9.01197338976e-10, 7.46118333783e-10]
    },
    "melbands128": {
        "max": [0.000156681271619, 0.000562225352041, 0.00221400312148, 0.00350711913779, 0.0156437084079, 0.0159988626838, 0.0110402153805, 0.00805848278105, 0.00331255584024, 0.00341937225312, 0.00443197553977, 0.00287058390677, 0.00502546969801, 0.0048192134127, 0.0108453799039, 0.0161489974707, 0.00436699716374, 0.00987816601992, 0.0164704881608, 0.00857519637793, 0.0106882881373, 0.0111376335844, 0.00566196814179, 0.0114389024675, 0.00731768459082, 0.00827740877867, 0.00601969938725, 0.00590395601466, 0.00388960167766, 0.0138616543263, 0.00945061258972, 0.00594723923132, 0.00595829868689, 0.00929829571396, 0.00505047524348, 0.00501272873953, 0.00839752610773, 0.00216980953701, 0.00146756251343, 0.00674119731411, 0.0200262945145, 0.0110701313242, 0.00380941666663, 0.00882428698242, 0.00668330769986, 0.00487267877907, 0.0126823848113, 0.0104111917317, 0.00638234522194, 0.00257560890168, 0.00145074503962, 0.00121331261471, 0.00197937246412, 0.0010364416521, 0.000378526136046, 0.000288285838906, 0.000716564652976, 0.000769406848121, 0.000967427680735, 0.000618851976469, 0.000941642094404, 0.00195853062905, 0.000649722351227, 0.000558816245757, 0.000751563871745, 0.000417631817982, 0.000449161132565, 0.000453811575426, 0.000495154876262, 0.000121407560073, 0.000264842587058, 0.000300519430311, 0.000336622702889, 0.000538568478078, 0.000349345529685, 0.000166793193785, 0.000398612493882, 0.000234546721913, 0.000142258533742, 5.57669482077e-05, 2.66170318355e-05, 1.61314073921e-05, 1.02156418507e-05, 1.1758465007e-05, 2.67574205282e-06, 8.64088576691e-07, 2.48752826337e-07, 3.63707528095e-07, 6.18511961648e-08, 7.86475951031e-08, 5.03872108482e-08, 6.8400197506e-08, 3.35757590619e-08, 8.70907754802e-08, 2.79402048164e-08, 3.02283353903e-08, 2.45849083313e-08, 1.38525546589e-08, 1.75608185771e-08, 1.03456674339e-08, 1.86802147084e-08, 1.29841923879e-08, 1.32095143712e-08, 6.64732091593e-09, 1.51424051076e-09, 1.21178744816e-09, 1.16311138498e-09, 1.1210814499e-09, 1.08134101673e-09, 1.02814723402e-09, 9.95895144129e-10, 9.61703383595e-10, 9.13181308348e-10, 8.77949823952e-10, 8.58870585763e-10, 8.24959878187e-10, 7.99671828755e-10, 7.71421038159e-10, 7.53382189966e-10, 7.30670690618e-10, 7.17494064162e-10, 6.99792279679e-10, 6.81642520206e-10, 6.78814393584e-10, 6.70997035712e-10, 6.6250316344e-10, 6.56531995435e-10, 6.53327392186e-10],
        "mean": [7.29218891138e-06, 1.37773067763e-05, 8.38896958157e-05, 0.000186451521586, 0.00027737673372, 0.000231482263189, 0.000196950844838, 0.000261919223703, 0.000161920630489, 9.29154120968e-05, 0.000124324695207, 0.000114092050353, 0.000174734246684, 0.000168661266798, 0.000180013055797, 0.00020687727374, 0.000105480168713, 0.000122710742289, 0.000162984259077, 8.48127383506e-05, 7.37413429306e-05, 0.000115806935355, 0.000137142589665, 0.000121415425383, 0.000125245569507, 0.000113855930977, 0.000155873494805, 0.000101412129879, 4.99755697092e-05, 0.000154711742653, 0.000207844161196, 9.19968297239e-05, 7.54570573918e-05, 8.139199781e-05, 7.89912883192e-05, 9.00449667824e-05, 0.000111508772534, 3.16126388498e-05, 2.95559548249e-05, 7.39183597034e-05, 0.000188273304957, 9.73411879386e-05, 4.9899732403e-05, 6.81459932821e-05, 5.3165567806e-05, 4.95899112138e-05, 0.000115942690172, 0.00011739321053, 6.20770806563e-05, 2.66357219516e-05, 1.68329188455e-05, 1.83344654943e-05, 3.25878754666e-05, 1.90265782294e-05, 1.35260506795e-05, 9.5676359706e-06, 1.01204313978e-05, 1.93305550056e-05, 1.56378519023e-05, 1.29560394271e-05, 1.34118135975e-05, 1.58034872584e-05, 1.43605011544e-05, 1.20367139971e-05, 1.63561180671e-05, 7.94231164036e-06, 8.30857788969e-06, 7.61354249335e-06, 7.05636057319e-06, 4.57350506622e-06, 6.77548632666e-06, 7.19928539183e-06, 7.59673321227e-06, 1.0890646081e-05, 8.7021071522e-06, 6.14023610979e-06, 6.17654995949e-06, 3.424943543e-06, 1.66856534634e-06, 1.13730948215e-06, 7.03207604147e-07, 5.59071168027e-07, 2.61620073161e-07, 2.21315048066e-07, 9.85898509498e-08, 3.58396263778e-08, 1.18038139263e-08, 5.36763966608e-09, 2.29252283823e-09, 1.92565074997e-09, 1.7581098799e-09, 1.72328751269e-09, 1.5467208625e-09, 1.60665081239e-09, 1.4649627067e-09, 1.33296984561e-09, 1.23429810817e-09, 1.16308773723e-09, 1.11127007596e-09, 1.06203912331e-09, 1.00832375782e-09, 9.56138834773e-10, 9.27683430074e-10, 7.65346730436e-10, 1.47891768276e-10, 4.8778190688e-12, 4.54693921403e-12, 4.40388350786e-12, 4.24806934421e-12, 4.07618383491e-12, 3.95095024405e-12, 3.81407275554e-12, 3.67695023734e-12, 3.54454529963e-12, 3.44541387608e-12, 3.3444965547e-12, 3.26259657311e-12, 3.12741542732e-12, 3.047742397e-12, 2.96258438788e-12, 2.8950689502e-12, 2.83584896017e-12, 2.78721143387e-12, 2.7370397615e-12, 2.63270199911e-12, 2.48653072958e-12, 2.40492738571e-12, 2.38331338172e-12],
        "min": [1.29879591526e-08, 9.09449049402e-09, 4.98990786468e-08, 3.63260639347e-08, 1.14637543902e-07, 6.28246397127e-08, 8.24474142291e-08, 1.35363862341e-07, 2.62602917189e-08, 2.19344151731e-08, 1.24717312033e-08, 3.46711814814e-08, 8.12372924486e-09, 4.69524934488e-08, 5.71456766352e-08, 9.61975032965e-09, 3.69877000139e-08, 8.43416287921e-08, 8.2081115238e-08, 5.47784893001e-08, 1.68953011581e-08, 8.4793882138e-08, 1.07312928321e-07, 6.02049823328e-08, 2.10115107535e-08, 2.42985240817e-08, 9.08511932352e-09, 2.18048157308e-08, 1.95124858493e-08, 3.04057401479e-08, 3.69856927307e-08, 1.83697572709e-08, 9.47207912105e-09, 1.15757927688e-08, 8.73753513986e-09, 2.45576323721e-08, 4.77236072882e-09, 8.9538048087e-09, 1.35449633731e-08, 3.98858546191e-09, 1.12063007762e-08, 7.93396015553e-09, 5.85780224327e-09, 4.4034558222e-09, 1.71890057743e-09, 3.59014151741e-09, 5.88058401974e-09, 5.057134711e-09, 8.09111178057e-09, 2.53246645876e-09, 3.71832942214e-09, 1.02527906165e-08, 1.99746548191e-08, 4.17011625231e-09, 4.5808010718e-09, 7.49156203739e-09, 7.02934555008e-09, 4.06156885902e-09, 4.30265956197e-09, 3.17164916552e-09, 3.27598348449e-09, 2.06101824496e-09, 1.93364146917e-09, 5.97670535285e-09, 1.77901493537e-09, 1.36266842254e-09, 1.75027758953e-09, 2.11038075904e-09, 1.43892642246e-09, 1.79521431054e-09, 4.41961106601e-10, 8.4286755353e-10, 1.03404385055e-09, 5.74186087565e-10, 7.08847036623e-10, 4.20796897327e-10, 6.13625206203e-10, 5.42706490858e-10, 6.85268619627e-10, 7.90284726548e-10, 6.89212464877e-10, 2.99572977536e-10, 2.40484659964e-10, 1.65497393567e-10, 8.5867361832e-11, 1.31572613915e-10, 6.65948199363e-11, 8.56504381308e-11, 1.11707067207e-10, 1.35694112197e-11, 3.68542418805e-11, 1.41328450678e-11, 1.23640153671e-10, 6.65269991873e-11, 6.03878128058e-11, 3.66338522018e-11, 3.52019732808e-11, 6.24199511523e-11, 4.9785325168e-11, 5.44115690004e-11, 3.59702163888e-11, 2.89060581027e-11, 5.14664318108e-11, 8.88839071789e-11, 8.37888005506e-12, 1.79891000642e-13, 1.27022199183e-13, 9.35802745516e-14, 1.48932474968e-13, 1.44192153335e-13, 1.25091316429e-13, 1.37426623358e-13, 1.45478586317e-13, 1.48674976952e-13, 1.4028096176e-13, 1.44086253887e-13, 1.21485991839e-13, 1.56459928021e-13, 1.47299449656e-13, 1.44093490937e-13, 1.19061078813e-13, 1.1884875137e-13, 1.4394807232e-13, 1.26966457638e-13, 8.16715063092e-14, 3.98074992023e-14, 5.65458570335e-15, 1.77359355323e-16],
        "stdev": [1.01593459476e-05, 3.07654845528e-05, 0.000214805346332, 0.00042473085341, 0.000923684448935, 0.000904325803276, 0.000640471582301, 0.000857094593812, 0.000388700485928, 0.000203587100259, 0.000326239824062, 0.000261604494881, 0.000429921172326, 0.000455938075902, 0.00064398831455, 0.000936093565542, 0.000292645767331, 0.000438449671492, 0.000756785448175, 0.000403888319852, 0.000411399261793, 0.00045115390094, 0.00041479661013, 0.000512155937031, 0.000414313282818, 0.000418329495005, 0.000535495928489, 0.000409417611081, 0.000243765927735, 0.000636219687294, 0.000775968364906, 0.000371636764612, 0.000357682496542, 0.000481323018903, 0.000377488031518, 0.000397662399337, 0.000647189677693, 0.000160471565323, 0.000111264096631, 0.000436010217527, 0.00135735527147, 0.000600190542173, 0.000212625047425, 0.000506747339386, 0.000314203905873, 0.000244173919782, 0.000700254226103, 0.00074011227116, 0.000341003295034, 0.000155590299983, 7.81958879088e-05, 7.41226613172e-05, 0.000163717704709, 7.24100245861e-05, 3.39046418958e-05, 2.51046258199e-05, 3.81905956601e-05, 6.60629375488e-05, 5.05158604938e-05, 3.94162270823e-05, 4.38940551248e-05, 6.74383554724e-05, 4.99996094732e-05, 3.83167425753e-05, 6.64332837914e-05, 2.80460244539e-05, 2.91310989269e-05, 2.63310848823e-05, 2.25607436732e-05, 1.02147741927e-05, 1.97669469344e-05, 2.07987814065e-05, 2.12182731048e-05, 3.560197365e-05, 2.43367994699e-05, 1.55965117301e-05, 2.27183300012e-05, 1.27357880046e-05, 7.20273465049e-06, 3.47412151314e-06, 1.79325104455e-06, 1.49280697315e-06, 6.61643696276e-07, 6.8868763492e-07, 2.59469544517e-07, 8.25520771741e-08, 2.35901431722e-08, 1.62157665073e-08, 4.51350068431e-09, 4.54943061001e-09, 3.301199758e-09, 3.63609808929e-09, 2.41009168178e-09, 3.51723317138e-09, 2.16296491828e-09, 1.72437553125e-09, 1.44512490863e-09, 1.06411701672e-09, 1.08594500059e-09, 9.0494317595e-10, 9.24364029764e-10, 8.06522681973e-10, 7.82656606191e-10, 5.32710542345e-10, 1.21894744298e-10, 4.03891954603e-11, 3.90644877557e-11, 3.77654921224e-11, 3.64597414759e-11, 3.49347946405e-11, 3.41012530714e-11, 3.28384507087e-11, 3.15208484314e-11, 3.05273271939e-11, 2.97044611131e-11, 2.8559555762e-11, 2.78701610401e-11, 2.70315228534e-11, 2.63516049259e-11, 2.56159208428e-11, 2.5251408603e-11, 2.46175250324e-11, 2.40726310413e-11, 2.39666377022e-11, 2.35329464249e-11, 2.33161216029e-11, 2.31701411529e-11, 2.30561281872e-11]
    },
    "mfcc": {
        "mean": [-740.388671875, 166.141220093, -66.7644271851, 55.1314926147, -30.326581955, 1.04552555084, 3.56499910355, -13.6990690231, 11.9372644424, -11.6694822311, 1.26900410652, -0.930133104324, -5.43046092987],
        "cov": [[4388.52783203, -43.9396629333, -1762.61645508, 201.686172485, -373.186004639, 334.689086914, 177.896530151, -95.3687667847, 155.285812378, 57.0742149353, 62.6040649414, -152.142791748, -45.2189445496], [-43.9396629333, 401.744354248, 161.239120483, -63.9407577515, 41.6283073425, -4.17400312424, 24.1568050385, -5.16469812393, 8.20920085907, -21.8419628143, -42.397518158, 5.5133395195, -57.1367149353], [-1762.61645508, 161.239120483, 1001.90332031, 68.7918243408, 176.253067017, -95.8256835938, -80.8744049072, 81.3871612549, -30.1925735474, -53.9367866516, -13.2906961441, 71.8524703979, 21.9565467834], [201.686172485, -63.9407577515, 68.7918243408, 343.191955566, 63.3604316711, -40.4842262268, -62.8120422363, 14.5949678421, 52.9774742126, -40.7122154236, 31.7225780487, 32.5389175415, 24.1040668488], [-373.186004639, 41.6283073425, 176.253067017, 63.3604316711, 243.219345093, 5.92302656174, -30.5780334473, 19.5923652649, -11.0379447937, 16.9119586945, -33.8312988281, 20.7293643951, 3.93189716339], [334.689086914, -4.17400312424, -95.8256835938, -40.4842262268, 5.92302656174, 272.082763672, 141.804840088, 16.6980514526, -5.70705842972, 38.2530136108, 41.1058387756, -45.5737075806, 5.30044794083], [177.896530151, 24.1568050385, -80.8744049072, -62.8120422363, -30.5780334473, 141.804840088, 225.264282227, 39.1171379089, -6.59437179565, 53.2771263123, 16.3236236572, -1.96403133869, -15.3986549377], [-95.3687667847, -5.16469812393, 81.3871612549, 14.5949678421, 19.5923652649, 16.6980514526, 39.1171379089, 156.473022461, 69.4199905396, 29.2114028931, 26.1148014069, -16.306022644, 23.9473285675], [155.285812378, 8.20920085907, -30.1925735474, 52.9774742126, -11.0379447937, -5.70705842972, -6.59437179565, 69.4199905396, 172.344894409, 47.8263320923, 10.2028055191, -0.0343940481544, -19.6878585815], [57.0742149353, -21.8419628143, -53.9367866516, -40.7122154236, 16.9119586945, 38.2530136108, 53.2771263123, 29.2114028931, 47.8263320923, 140.505599976, 47.1281394958, -1.13124454021, 17.8486709595], [62.6040649414, -42.397518158, -13.2906961441, 31.7225780487, -33.8312988281, 41.1058387756, 16.3236236572, 26.1148014069, 10.2028055191, 47.1281394958, 124.426269531, 20.9925231934, 38.6646118164], [-152.142791748, 5.5133395195, 71.8524703979, 32.5389175415, 20.7293643951, -45.5737075806, -1.96403133869, -16.306022644, -0.0343940481544, -1.13124454021, 20.9925231934, 106.471229553, 29.3492889404], [-45.2189445496, -57.1367149353, 21.9565467834, 24.1040668488, 3.93189716339, 5.30044794083, -15.3986549377, 23.9473285675, -19.6878585815, 17.8486709595, 38.6646118164, 29.3492889404, 116.581352234]],
        "icov": [[0.00267715496011, -0.00265042716637, 0.00487211626023, -0.00407246034592, 0.00306616304442, -0.00337670999579, 0.00193599483464, -0.0017444465775, 0.00107536604628, -0.00170569296461, 0.00196825503372, -0.000851839431562, 0.000332414056174], [-0.00265042716637, 0.00581737328321, -0.0053895493038, 0.00494077429175, -0.0037571459543, 0.00361741567031, -0.00282501033507, 0.00252109090798, -0.00216689682566, 0.00273097539321, -0.00208318559453, 0.000937547942158, 0.000558636558708], [0.00487211626023, -0.0053895493038, 0.0103664370254, -0.00751490425318, 0.00491038663313, -0.00607134494931, 0.0041819056496, -0.00461364164948, 0.00280296523124, -0.00284259812906, 0.00351508706808, -0.00260108825751, 0.000857811653987], [-0.00407246034592, 0.00494077429175, -0.00751490425318, 0.0109338304028, -0.00721116829664, 0.00638418644667, -0.00406985357404, 0.00437775161117, -0.00506538618356, 0.00650975015014, -0.00615648832172, 0.00217687850818, -0.00184558657929], [0.00306616304442, -0.0037571459543, 0.00491038663313, -0.00721116829664, 0.011427262798, -0.00725953094661, 0.00630987156183, -0.00555964699015, 0.00536648835987, -0.00748096080497, 0.00782159063965, -0.00491854501888, 0.00252997665666], [-0.00337670999579, 0.00361741567031, -0.00607134494931, 0.00638418644667, -0.00725953094661, 0.0129218418151, -0.00938656646758, 0.00599315622821, -0.00449612597004, 0.00568857137114, -0.00754969380796, 0.00733510078862, -0.00349985691719], [0.00193599483464, -0.00282501033507, 0.0041819056496, -0.00406985357404, 0.00630987156183, -0.00938656646758, 0.0135288881138, -0.00798982009292, 0.00650062877685, -0.00749984569848, 0.00625861762092, -0.00761731248349, 0.00515037635341], [-0.0017444465775, 0.00252109090798, -0.00461364164948, 0.00437775161117, -0.00555964699015, 0.00599315622821, -0.00798982009292, 0.0153174065053, -0.00919971149415, 0.00557692116126, -0.00634691491723, 0.00798100605607, -0.00607563834637], [0.00107536604628, -0.00216689682566, 0.00280296523124, -0.00506538618356, 0.00536648835987, -0.00449612597004, 0.00650062877685, -0.00919971149415, 0.0138380788267, -0.00851082801819, 0.00556400930509, -0.00575991068035, 0.00589098595083], [-0.00170569296461, 0.00273097539321, -0.00284259812906, 0.00650975015014, -0.00748096080497, 0.00568857137114, -0.00749984569848, 0.00557692116126, -0.00851082801819, 0.0167265180498, -0.00940357614309, 0.00521830655634, -0.00446932576597], [0.00196825503372, -0.00208318559453, 0.00351508706808, -0.00615648832172, 0.00782159063965, -0.00754969380796, 0.00625861762092, -0.00634691491723, 0.00556400930509, -0.00940357614309, 0.0174076110125, -0.00696590589359, 0.000922899926081], [-0.000851839431562, 0.000937547942158, -0.00260108825751, 0.00217687850818, -0.00491854501888, 0.00733510078862, -0.00761731248349, 0.00798100605607, -0.00575991068035, 0.00521830655634, -0.00696590589359, 0.0176262184978, -0.0065430267714], [0.000332414056174, 0.000558636558708, 0.000857811653987, -0.00184558657929, 0.00252997665666, -0.00349985691719, 0.00515037635341, -0.00607563834637, 0.00589098595083, -0.00446932576597, 0.000922899926081, -0.0065430267714, 0.0142227811739]]
    },
    "spectral_contrast_coeffs": {
        "max": [-0.409758061171, -0.403383344412, -0.503007292747, -0.500565350056, -0.611369132996, -0.464671730995],
        "mean": [-0.693189263344, -0.735575437546, -0.728487670422, -0.760755121708, -0.787473261356, -0.649710297585],
        "min": [-0.887271881104, -0.888618707657, -0.891311049461, -0.908890604973, -0.894486248493, -0.878242492676],
        "stdev": [0.0785740837455, 0.0811430737376, 0.0855216383934, 0.0825611948967, 0.0508165173233, 0.0655261352658]
    },
    "spectral_contrast_valleys": {
        "max": [-5.75869131088, -5.74114942551, -6.42669343948, -6.37265586853, -6.17761564255, -11.4909210205],
        "mean": [-7.95741891861, -7.38020086288, -8.07538318634, -8.33477210999, -7.89158201218, -12.7780284882],
        "min": [-9.95519733429, -9.72586250305, -10.5726795197, -10.5942678452, -10.8597612381, -14.0953493118],
        "stdev": [0.67675101757, 0.641359210014, 0.714728653431, 0.732370913029, 0.745054006577, 0.26695305109]
    }
},
"rhythm": {
    "beats_count": 38,
    "beats_loudness": {
        "max": 0.079793587327,
        "mean": 0.0191421192139,
        "min": 0.00241238879971,
        "stdev": 0.0187689810991
    },
    "bpm": 78.2020339966,
    "bpm_histogram_first_peak_bpm": 77,
    "bpm_histogram_first_peak_weight": 0.250000059605,
    "bpm_histogram_second_peak_bpm": 72,
    "bpm_histogram_second_peak_spread": 0.285714328289,
    "bpm_histogram_second_peak_weight": 0.135135129094,
    "danceability": 1.21811878681,
    "onset_rate": 3.30882334709,
    "beats_loudness_band_ratio": {
        "max": [0.84047460556, 0.82659226656, 0.821830272675, 0.845145344734, 0.807548582554, 0.391409009695],
        "mean": [0.121112145483, 0.183697253466, 0.243148371577, 0.249529182911, 0.17620138824, 0.0597196705639],
        "min": [0.00131266668905, 0.00207325979136, 0.00460839550942, 0.00589606817812, 0.00502986460924, 0.00756115326658],
        "stdev": [0.206608995795, 0.231761366129, 0.226820111275, 0.227116823196, 0.186840549111, 0.0650875121355]
    },
    "beats_position": [0.603718817234, 1.20743763447, 1.8111563921, 2.42648530006, 3.03020405769, 3.64553284645, 4.26086139679, 4.93424034119, 5.61922883987, 6.30421733856, 6.98920631409, 7.76707458496, 8.53333282471, 9.31120204926, 10.077460289, 10.8553285599, 11.6331968307, 12.3994560242, 13.177324295, 13.9551925659, 14.7330608368, 15.4993190765, 16.2771873474, 17.0434455872, 17.8213157654, 18.6920623779, 19.5395908356, 20.3871192932, 21.246257782, 22.0821762085, 22.918094635, 23.7540130615, 24.5202713013, 25.2633094788, 26.0063495636, 26.7609977722, 27.5156459808, 28.2702941895],
