{
"metadata": {
    "version": {
        "essentia": "2.1-beta5",
        "essentia_git_sha": "Undefined",
        "extractor": "music 2.0"
    },
    "audio_properties": {
        "analysis": {
            "equal_loudness": 0,
            "length": 48.7502937317,
            "sample_rate": 44100,
            "start_time": 110.236732483,
            "downmix": "mix"
        },
        "bit_rate": 192000,
        "length": 198.36807251,
        "lossless": 0,
        "number_channels": 2,
        "replay_gain": -9.45600891113,
        "sample_rate": 44100,
        "codec": "mp3",
        "md5_encoded": "84549c9512742ef673c7f0e88b48acad"
    },
    "tags": {
        "file_name": "Spain_Yo Soy Aquél_Raphael.mp3",
        "encoding": ["Lavf58.29.100"]
    }
},
"lowlevel": {
    "average_loudness": 0.45181658864,
    "barkbands_crest": {
        "max": 25.4955978394,
        "mean": 11.3202915192,
        "min": 2.27610516548,
        "stdev": 5.41456699371
    },
    "barkbands_flatness_db": {
        "max": 0.309204906225,
        "mean": 0.156823575497,
        "min": 0.0539237111807,
        "stdev": 0.0462415292859
    },
    "barkbands_kurtosis": {
        "max": 49.836807251,
        "mean": 2.58546090126,
        "min": -1.92195153236,
        "stdev": 5.05246925354
    },
    "barkbands_skewness": {
        "max": 6.06717729568,
        "mean": 1.26544463634,
        "min": -3.57434678078,
        "stdev": 1.04625809193
    },
    "barkbands_spread": {
        "max": 103.071685791,
        "mean": 19.8467750549,
        "min": 2.39685463905,
        "stdev": 11.3065261841
    },
    "dissonance": {
        "max": 0.499926835299,
        "mean": 0.450992703438,
        "min": 0.315121740103,
        "stdev": 0.0311593580991
    },
    "dynamic_complexity": 6.37496089935,
    "erbbands_crest": {
        "max": 31.0097770691,
        "mean": 11.7317333221,
        "min": 2.97933626175,
        "stdev": 5.83667039871
    },
    "erbbands_flatness_db": {
        "max": 0.357642799616,
        "mean": 0.206860080361,
        "min": 0.0923949554563,
        "stdev": 0.047751929611
    },
    "erbbands_kurtosis": {
        "max": 21.70611763,
        "mean": 0.397427111864,
        "min": -1.84782445431,
        "stdev": 2.16920828819
    },
    "erbbands_skewness": {
        "max": 3.65702652931,
        "mean": 0.452096134424,
        "min": -4.27191400528,
        "stdev": 0.901292443275
    },
    "erbbands_spread": {
        "max": 115.390342712,
        "mean": 31.9649715424,
        "min": 8.00062561035,
        "stdev": 11.2753572464
    },
    "hfc": {
        "max": 128.417175293,
        "mean": 13.3636684418,
        "min": 0.00171979668085,
        "stdev": 17.2819976807
    },
    "loudness_ebu128": {
        "integrated": -16.5795135498,
        "loudness_range": 12.9401607513,
        "momentary": {
            "max": -8.73965263367,
            "mean": -20.4072933197,
            "min": -43.9751434326,
            "stdev": 6.33648395538
        },
        "short_term": {
            "max": -13.540184021,
            "mean": -19.2319908142,
            "min": -31.0483531952,
            "stdev": 4.73946046829
        }
    },
    "melbands_crest": {
        "max": 33.6472244263,
        "mean": 15.4968709946,
        "min": 4.08891677856,
        "stdev": 6.70244312286
    },
    "melbands_flatness_db": {
        "max": 0.393375605345,
        "mean": 0.183221250772,
        "min": 0.0499249882996,
        "stdev": 0.0535729378462
    },
    "melbands_kurtosis": {
        "max": 123.573928833,
        "mean": 8.09095001221,
        "min": -1.86578762531,
        "stdev": 10.6480331421
    },
    "melbands_skewness": {
        "max": 9.39090538025,
        "mean": 2.10532164574,
        "min": -1.28957843781,
        "stdev": 1.21337306499
    },
    "melbands_spread": {
        "max": 222.183105469,
        "mean": 26.6180114746,
        "min": 2.1687335968,
        "stdev": 22.6804122925
    },
    "pitch_salience": {
        "max": 0.850577414036,
        "mean": 0.524660229683,
        "min": 0.124301016331,
        "stdev": 0.13160943985
    },
    "silence_rate_20dB": {
        "max": 1,
        "mean": 1,
        "min": 1,
        "stdev": 0
    },
    "silence_rate_30dB": {
        "max": 1,
        "mean": 0.99857211113,
        "min": 0,
        "stdev": 0.0377611964941
    },
    "silence_rate_60dB": {
        "max": 1,
        "mean": 0.357448846102,
        "min": 0,
        "stdev": 0.479252368212
    },
    "spectral_centroid": {
        "max": 5043.546875,
        "mean": 1564.87597656,
        "min": 279.474578857,
        "stdev": 670.276062012
    },
    "spectral_complexity": {
        "max": 40,
        "mean": 11.7215614319,
        "min": 0,
        "stdev": 7.79173088074
    },
    "spectral_decrease": {
        "max": -7.29540776748e-13,
        "mean": -3.00266744802e-09,
        "min": -3.28502380853e-08,
        "stdev": 3.90750631851e-09
    },
    "spectral_energy": {
        "max": 0.135632067919,
        "mean": 0.0125448713079,
        "min": 2.96260532195e-06,
        "stdev": 0.016251232475
    },
    "spectral_energyband_high": {
        "max": 0.0037305476144,
        "mean": 0.000206935728784,
        "min": 3.16432782199e-08,
        "stdev": 0.000309659866616
    },
    "spectral_energyband_low": {
        "max": 0.010709320195,
        "mean": 0.000796589825768,
        "min": 4.61280393438e-07,
        "stdev": 0.00138961232733
    },
    "spectral_energyband_middle_high": {
        "max": 0.0304930135608,
        "mean": 0.00310932658613,
        "min": 4.15578966795e-07,
        "stdev": 0.0037779265549
    },
    "spectral_energyband_middle_low": {
        "max": 0.122027158737,
        "mean": 0.0086524495855,
        "min": 5.85592999869e-07,
        "stdev": 0.0134722618386
    },
    "spectral_entropy": {
        "max": 8.46808719635,
        "mean": 7.31957483292,
        "min": 5.882417202,
        "stdev": 0.407976567745
    },
    "spectral_flux": {
        "max": 0.290674090385,
        "mean": 0.0545933991671,
        "min": 0.00174725311808,
        "stdev": 0.0411082655191
    },
    "spectral_kurtosis": {
        "max": 19.2513084412,
        "mean": 4.36778497696,
        "min": -0.691714286804,
        "stdev": 2.38809370995
    },
    "spectral_rms": {
        "max": 0.0115032158792,
        "mean": 0.00288037094288,
        "min": 5.37619453098e-05,
        "stdev": 0.0019855434075
    },
    "spectral_rolloff": {
        "max": 8462.54882812,
        "mean": 1802.31945801,
        "min": 107.666015625,
        "stdev": 1272.04602051
    },
    "spectral_skewness": {
        "max": 3.39151787758,
        "mean": 1.39016056061,
        "min": -0.361139059067,
        "stdev": 0.411430388689
    },
    "spectral_spread": {
        "max": 12255014,
        "mean": 3674496.75,
        "min": 1769510.75,
        "stdev": 889305.4375
    },
    "spectral_strongpeak": {
        "max": 10.1856651306,
        "mean": 1.32233119011,
        "min": 0,
        "stdev": 1.61235630512
    },
    "zerocrossingrate": {
        "max": 0.279296875,
        "mean": 0.0615850239992,
        "min": 0.00732421875,
        "stdev": 0.0312273204327
    },
    "barkbands": {
        "max": [0.000306413334329, 0.00530319241807, 0.00740083958954, 0.0121007785201, 0.00464338995516, 0.0226876717061, 0.0155170476064, 0.0491112358868, 0.121005773544, 0.00651586009189, 0.00659313891083, 0.00769980670884, 0.0174735076725, 0.021440198645, 0.00884432904422, 0.00348956463858, 0.00970624201, 0.00646979175508, 0.00898016896099, 0.010519945994, 0.000867703754921, 0.00079578126315, 0.00264426739886, 0.000637491873931, 0.000120142132801, 2.00446938834e-05, 2.86829987317e-07],
        "mean": [1.33674993776e-05, 0.000275870232144, 0.000328748457832, 0.000316068762913, 0.000384417653549, 0.000691878900398, 0.000423205608968, 0.0015934976982, 0.00516941351816, 0.000209123842069, 0.000196402004804, 0.000208397264942, 0.000372518232325, 0.000299736071611, 0.000270417076536, 0.00015634157171, 0.000279339787085, 0.000286336231511, 0.000634927069768, 0.000275335798506, 3.60336925951e-05, 3.95397255488e-05, 5.1739578339e-05, 2.58426516666e-05, 5.15724468642e-06, 1.2470807178e-06, 5.37872912876e-10],
        "min": [1.30550246169e-08, 7.64675149867e-08, 3.05973131276e-08, 3.19493906886e-08, 9.22807643633e-08, 5.42986668961e-08, 3.42000134879e-08, 2.09273132157e-08, 6.24435045893e-08, 2.59617838338e-08, 2.57811496596e-08, 2.16374544948e-08, 1.50826924283e-08, 4.83663953332e-08, 3.29077316508e-08, 1.23756258574e-08, 8.48366799033e-09, 1.46436951454e-08, 1.11384679258e-08, 7.94114196623e-09, 6.63265042888e-09, 4.80685047322e-09, 5.47378187221e-09, 3.96062027619e-09, 5.37947686396e-09, 1.24972532323e-10, 2.03846800551e-11],
        "stdev": [2.05292380997e-05, 0.000649839697871, 0.000645351712592, 0.000837306724861, 0.00052265409613, 0.0014008062426, 0.000773641979322, 0.00424786005169, 0.0128286853433, 0.000375384202925, 0.000421723554609, 0.000535315019079, 0.00102468859404, 0.000949724228121, 0.000618804595433, 0.000251034914982, 0.000549795629922, 0.000500348105561, 0.00101822987199, 0.000750623876229, 5.77836653974e-05, 7.17980292393e-05, 0.000109591434011, 4.4749755034e-05, 8.58322800923e-06, 2.16849116441e-06, 6.30247809497e-09]
    },
    "erbbands": {
        "max": [0.127547547221, 1.48457562923, 5.55406665802, 27.7093105316, 28.2030830383, 20.5418682098, 59.6185035706, 275.795318604, 137.566085815, 820.275268555, 1317.78747559, 2816.2421875, 1386.86975098, 167.648666382, 414.436553955, 371.964813232, 902.296386719, 1179.91577148, 572.073486328, 143.567230225, 241.263442993, 366.241546631, 307.653259277, 299.433288574, 583.08782959, 570.283691406, 35.6948509216, 25.7574367523, 31.0738792419, 93.5854644775, 46.8918914795, 22.004447937, 7.84836292267, 2.37564826012, 0.35422500968, 0.130599170923, 0.0335542745888, 0.00242742337286, 7.79459660407e-05, 0.000163488672115],
        "mean": [0.00311849778518, 0.0790314748883, 0.335780620575, 0.843489766121, 0.992456972599, 1.29692411423, 3.12714838982, 6.82757139206, 5.41232299805, 10.3586606979, 53.9493675232, 129.68270874, 35.7679748535, 8.14282894135, 9.49401569366, 8.81300354004, 15.3124036789, 19.5490722656, 16.4369354248, 8.65955543518, 10.025229454, 15.5934791565, 17.2576656342, 19.476978302, 35.667339325, 12.9036769867, 2.23167943954, 1.29440712929, 1.31601059437, 1.57231616974, 1.42624652386, 0.831419587135, 0.261970341206, 0.0824952200055, 0.0282489527017, 0.00961921643466, 0.00146665505599, 4.26487131335e-05, 9.46958789427e-06, 1.57840804604e-05],
        "min": [1.58232353442e-06, 2.44607745117e-05, 9.68310196185e-05, 0.000182852396392, 0.000132219283842, 0.000398255855544, 0.000406128761824, 0.000411121523939, 0.000559271429665, 0.000387987820432, 0.00120979663916, 0.00140607939102, 0.000939054531045, 0.000483983109007, 0.000945267325733, 0.000799394270871, 0.000880995648913, 0.00181552849244, 0.00218860735185, 0.000800963956863, 0.000588353083003, 0.000575746351387, 0.000780177419074, 0.000599476799835, 0.000518372340593, 0.000421087490395, 0.000237456653849, 0.000263256340986, 0.000152479216922, 0.000128675121232, 0.00015920070291, 8.75958794495e-05, 6.45199324936e-05, 6.51299706078e-05, 3.86153405998e-05, 3.67120287592e-06, 1.22338690289e-07, 2.13288249284e-08, 5.58346480162e-09, 3.99741484358e-09],
        "stdev": [0.00616021361202, 0.183671787381, 0.613937973976, 2.024279356, 1.9985486269, 1.87083363533, 5.22255945206, 15.9521942139, 8.30202007294, 25.6803226471, 124.413619995, 327.544494629, 122.952110291, 12.7382688522, 19.8904304504, 22.3485507965, 38.8814163208, 54.4638137817, 35.3724021912, 14.2804632187, 16.6537647247, 28.4217643738, 30.9766349792, 28.0882053375, 65.7903900146, 33.2899017334, 3.64190125465, 2.02387189865, 2.4948489666, 3.5868127346, 2.66757035255, 1.47219622135, 0.475517451763, 0.148093119264, 0.0422853156924, 0.015404574573, 0.00298269698396, 9.65823128354e-05, 1.09267593871e-05, 1.99795613298e-05]
    },
    "gfcc": {
        "mean": [-88.9759140015, 98.3236694336, -155.321472168, 32.3862609863, -79.4170761108, 6.09018754959, -42.44688797, 12.9424495697, -18.239118576, -8.61866092682, -5.25734233856, -9.98853206635, -13.091591835],
        "cov": [[8504.6640625, -1036.27124023, -1213.03417969, -109.432777405, -67.9332122803, -342.208892822, 155.530532837, 419.692779541, 101.71421814, 49.5202217102, 34.2745857239, -343.833648682, -376.504760742], [-1036.27124023, 779.194946289, 251.05065918, -47.056438446, 191.43737793, 17.3426876068, 24.3100280762, -53.4263381958, 17.252532959, -76.0668716431, 5.85239934921, -8.23463153839, 19.7987327576], [-1213.03417969, 251.05065918, 770.893249512, 232.346542358, 48.5278968811, 250.205825806, -41.6706771851, -89.2532730103, -68.6539993286, 61.656627655, -112.62374115, 60.7623062134, 27.1800041199], [-109.432777405, -47.056438446, 232.346542358, 316.570556641, 74.893157959, 86.2085571289, -12.4688282013, -46.3879890442, -2.49642109871, 11.3893327713, -19.8365840912, -1.02659571171, -7.76897716522], [-67.9332122803, 191.43737793, 48.5278968811, 74.893157959, 249.046112061, 67.4376220703, -55.3677940369, -19.0867004395, 20.5228748322, 35.7920722961, -0.320348292589, -29.5712871552, -22.5053272247], [-342.208892822, 17.3426876068, 250.205825806, 86.2085571289, 67.4376220703, 249.253631592, 27.1851959229, -41.2250862122, -32.7888259888, 66.8497848511, -52.2125091553, 20.3021259308, 5.03138685226], [155.530532837, 24.3100280762, -41.6706771851, -12.4688282013, -55.3677940369, 27.1851959229, 312.31829834, 124.654708862, -2.08808302879, -71.7255706787, 4.10991382599, -72.7746734619, -24.9057388306], [419.692779541, -53.4263381958, -89.2532730103, -46.3879890442, -19.0867004395, -41.2250862122, 124.654708862, 168.435058594, 34.380859375, -15.1132221222, 17.6305274963, -51.9437332153, -46.1398963928], [101.71421814, 17.252532959, -68.6539993286, -2.49642109871, 20.5228748322, -32.7888259888, -2.08808302879, 34.380859375, 125.737663269, 25.9894504547, 26.2981071472, -24.5575942993, -17.3522949219], [49.5202217102, -76.0668716431, 61.656627655, 11.3893327713, 35.7920722961, 66.8497848511, -71.7255706787, -15.1132221222, 25.9894504547, 156.683242798, -20.4538173676, -1.72904539108, 10.0089435577], [34.2745857239, 5.85239934921, -112.62374115, -19.8365840912, -0.320348292589, -52.2125091553, 4.10991382599, 17.6305274963, 26.2981071472, -20.4538173676, 121.957038879, 28.5352344513, -12.2074623108], [-343.833648682, -8.23463153839, 60.7623062134, -1.02659571171, -29.5712871552, 20.3021259308, -72.7746734619, -51.9437332153, -24.5575942993, -1.72904539108, 28.5352344513, 148.444992065, 47.087677002], [-376.504760742, 19.7987327576, 27.1800041199, -7.76897716522, -22.5053272247, 5.03138685226, -24.9057388306, -46.1398963928, -17.3522949219, 10.0089435577, -12.2074623108, 47.087677002, 115.544067383]],
        "icov": [[0.000222550603212, 6.57536438666e-05, 0.000405272905482, -0.000239280474489, 6.67046551825e-05, 1.69702288986e-05, 9.03371255845e-05, -0.000355934433173, 0.000199998510652, -0.000226127638598, 0.000276845239569, 9.00532613741e-05, 0.000534264661837], [6.57536438666e-05, 0.00481094419956, -0.00375050120056, 0.00414093118161, -0.00559385260567, 0.00308428052813, -0.00264642504044, 0.00338279572316, -0.00223455624655, 0.00281521095894, -0.00138616655022, 0.0005271458067, -0.000833614671137], [0.000405272905482, -0.00375050120056, 0.00651162536815, -0.00526734115556, 0.00502141099423, -0.00438572652638, 0.00275531155057, -0.00370803358965, 0.00263695791364, -0.0026425095275, 0.00322264176793, -0.00109340786003, 0.00177054852247], [-0.000239280474489, 0.00414093118161, -0.00526734115556, 0.00851699151099, -0.00600435305387, 0.00269628269598, -0.0028703098651, 0.00465610390529, -0.00288722408004, 0.00316223409027, -0.00219491473399, 0.000848916766699, -0.00100922712591], [6.67046551825e-05, -0.00559385260567, 0.00502141099423, -0.00600435305387, 0.0122038172558, -0.00618143519387, 0.00534988800064, -0.00486899213865, 0.00211766618304, -0.00278497650288, 0.000635781150777, 0.00170095614158, 0.00137925392482], [1.69702288986e-05, 0.00308428052813, -0.00438572652638, 0.00269628269598, -0.00618143519387, 0.0115416599438, -0.00602547870949, 0.00517907598987, -0.000253555830568, -0.0026863606181, 0.000925657222979, -0.0025365576148, 0.00112867401913], [9.03371255845e-05, -0.00264642504044, 0.00275531155057, -0.0028703098651, 0.00534988800064, -0.00602547870949, 0.0094289034605, -0.00752968993038, 0.00161640741862, 0.0025356374681, -0.000502894050442, 0.00358358887024, -0.00125372910406], [-0.000355934433173, 0.00338279572316, -0.00370803358965, 0.00465610390529, -0.00486899213865, 0.00517907598987, -0.00752968993038, 0.0148715265095, -0.0036499700509, 6.29048081464e-05, -0.00137403234839, -0.000219016059418, 0.00197801599279], [0.000199998510652, -0.00223455624655, 0.00263695791364, -0.00288722408004, 0.00211766618304, -0.000253555830568, 0.00161640741862, -0.0036499700509, 0.0114280153066, -0.00403336621821, -0.000834938138723, 0.000845489092171, 0.00116742460523], [-0.000226127638598, 0.00281521095894, -0.0026425095275, 0.00316223409027, -0.00278497650288, -0.0026863606181, 0.0025356374681, 6.29048081464e-05, -0.00403336621821, 0.0123141892254, -0.00120245548896, 0.00248930812813, -0.0030527417548], [0.000276845239569, -0.00138616655022, 0.00322264176793, -0.00219491473399, 0.000635781150777, 0.000925657222979, -0.000502894050442, -0.00137403234839, -0.000834938138723, -0.00120245548896, 0.0129031119868, -0.00510798906907, 0.00308408308774], [9.00532613741e-05, 0.0005271458067, -0.00109340786003, 0.000848916766699, 0.00170095614158, -0.0025365576148, 0.00358358887024, -0.000219016059418, 0.000845489092171, 0.00248930812813, -0.00510798906907, 0.0121992686763, -0.00395574420691], [0.000534264661837, -0.000833614671137, 0.00177054852247, -0.00100922712591, 0.00137925392482, 0.00112867401913, -0.00125372910406, 0.00197801599279, 0.00116742460523, -0.0030527417548, 0.00308408308774, -0.00395574420691, 0.0131709361449]]
    },
    "melbands": {
        "max": [0.00108288391493, 0.00228928308934, 0.00408848980442, 0.00122222746722, 0.00176956260111, 0.00540403695777, 0.00214836723171, 0.0086863450706, 0.0101164337248, 0.0198431741446, 0.00714850565419, 0.000614171905909, 0.00119450781494, 0.00107086414937, 0.00128177215811, 0.00207679183222, 0.00242737936787, 0.000879794941284, 0.000401779951062, 0.000162412368809, 0.000336235243594, 0.000422703917138, 0.000690567074344, 0.000168284677784, 0.000272866338491, 0.000439356808783, 0.000530036515556, 0.000292558310321, 2.69203810603e-05, 1.60483959917e-05, 1.45526546476e-05, 2.02362261916e-05, 1.72193958861e-05, 6.95281560184e-05, 3.38171303156e-05, 2.12612667383e-05, 1.08569838631e-05, 6.64983099341e-06, 2.927428568e-06, 1.60720617259e-06],
        "mean": [5.29218814336e-05, 0.000161191172083, 0.000146803751704, 8.08166223578e-05, 9.89036852843e-05, 0.000141644399264, 8.66978225531e-05, 0.000129535023007, 0.000500655092765, 0.000829142110888, 0.000155652465764, 2.82093551505e-05, 2.81017182715e-05, 2.6602518119e-05, 2.09675927181e-05, 4.29727806477e-05, 3.41182385455e-05, 2.5036977604e-05, 1.67568250617e-05, 1.13414498628e-05, 1.1572560652e-05, 1.70450457517e-05, 1.59979954333e-05, 1.26576524053e-05, 1.50557525558e-05, 2.70631007879e-05, 2.05837986869e-05, 5.56682152819e-06, 1.27080636503e-06, 8.36591027564e-07, 7.03124953816e-07, 7.4171543929e-07, 7.62928721088e-07, 9.28139968437e-07, 8.71221573107e-07, 6.8593845981e-07, 4.32204700473e-07, 1.96557863319e-07, 9.99651987854e-08, 5.89564592701e-08],
        "min": [2.75725184906e-08, 8.82389912249e-08, 2.52070204709e-08, 2.19728590878e-08, 1.69309100073e-08, 1.00311350337e-08, 8.0806445979e-09, 4.4575605429e-09, 1.17204246308e-08, 9.66975211014e-09, 4.16334788866e-09, 1.71820824235e-09, 3.73759956318e-09, 2.97071656163e-09, 1.21878751536e-09, 1.70302405511e-09, 2.54606624672e-09, 3.3782905362e-09, 1.60999780174e-09, 4.88519780184e-10, 5.85956339005e-10, 5.23977472522e-10, 6.94567348081e-10, 4.5905879098e-10, 4.91831131377e-10, 3.21389720392e-10, 2.86577150899e-10, 2.55741955391e-10, 1.34876901314e-10, 1.56042873067e-10, 1.46650802613e-10, 8.40727557017e-11, 6.71911346006e-11, 6.68175792473e-11, 7.1619869757e-11, 9.14313139089e-11, 3.52828148642e-11, 4.04012899524e-11, 5.20287216088e-11, 5.90221760355e-11],
        "stdev": [0.00011472042388, 0.00029060599627, 0.000320921710227, 0.000120080629131, 0.000152478998643, 0.000316640886012, 0.000136814021971, 0.00032688488136, 0.00111566029955, 0.00218940200284, 0.000615844910499, 4.96199099871e-05, 6.031108569e-05, 6.28451307421e-05, 6.82918835082e-05, 0.000116334289487, 0.000105282051663, 5.8405501477e-05, 4.01979195885e-05, 1.71302563103e-05, 2.24329851335e-05, 3.30666371156e-05, 3.55306765414e-05, 2.19716148422e-05, 2.40919580392e-05, 4.68838952656e-05, 4.77759422211e-05, 1.59533010446e-05, 2.2970630198e-06, 1.35738162044e-06, 1.16230125968e-06, 1.46947661506e-06, 1.49048958065e-06, 2.4021749141e-06, 1.7204465621e-06, 1.24345581298e-06, 7.91999184457e-07, 3.72533406789e-07, 2.00369370873e-07, 1.03124911277e-07]
    },
    "melbands128": {
        "max": [0.000183020325494, 0.000983909936622, 0.00168038159609, 0.0031807301566, 0.00308861909434, 0.00418616784737, 0.00669259158894, 0.00504337390885, 0.00292786047794, 0.00160983868409, 0.00151333864778, 0.00140854704659, 0.00218674982898, 0.00561623508111, 0.00839255005121, 0.0083313183859, 0.001383899129, 0.00403587799519, 0.00253175129183, 0.0148202106357, 0.00824283156544, 0.0156387239695, 0.0185199398547, 0.0179286934435, 0.0312629975379, 0.0485951751471, 0.0210874434561, 0.00305765448138, 0.00083139661001, 0.000666549021844, 0.00094761652872, 0.00173633650411, 0.00132625270635, 0.00196054391563, 0.00224494421855, 0.00155468564481, 0.00206558546051, 0.00209001684561, 0.00270644086413, 0.00442679226398, 0.00250107725151, 0.0042424146086, 0.00448768259957, 0.00208497419953, 0.00133162515704, 0.00183172989637, 0.00152270123363, 0.000968169595581, 0.000378232012736, 0.000300755549688, 0.000340410129866, 0.000415122543927, 0.000571431592107, 0.000591856136452, 0.000643289240543, 0.000977093237452, 0.000750519859139, 0.00198800093494, 0.00102084153332, 0.000525373208802, 0.000398209318519, 0.000280288775684, 0.000430392596172, 0.000555466220248, 0.000605215143878, 0.000786791555583, 0.000854042300489, 0.000751967541873, 0.00106240669265, 0.00136643613223, 0.000232443911955, 5.69881813135e-05, 3.9308462874e-05, 4.04783604608e-05, 2.25141284318e-05, 2.00369431695e-05, 1.92341449292e-05, 1.77665042429e-05, 1.37436963996e-05, 1.7635860786e-05, 2.72200304607e-05, 2.03290182981e-05, 2.1337018552e-05, 2.13064049603e-05, 2.54900369328e-05, 9.21032624319e-05, 6.35946489638e-05, 8.41916189529e-05, 2.50319881161e-05, 2.07911307371e-05, 1.99072346732e-05, 3.17720259773e-05, 2.33867558563e-05, 1.64958237292e-05, 1.24974112623e-05, 6.01194551564e-06, 7.72959174355e-06, 4.71056046081e-06, 3.1358842989e-06, 4.00344879381e-06, 2.53888970292e-06, 1.35745062835e-06, 8.36551578232e-07, 4.58005786186e-07, 5.97478333475e-07, 6.80860068769e-07, 5.34185573997e-07, 3.73543684873e-07, 3.35857635037e-07, 2.61007244262e-07, 3.14982912641e-07, 1.81785068776e-07, 1.2931513993e-07, 7.11325469638e-08, 8.68154614864e-08, 1.37308553416e-09, 1.34635402826e-09, 1.32148070264e-09, 1.29627986123e-09, 1.26486410235e-09, 1.23580867761e-09, 1.21402632391e-09, 1.20042553675e-09, 1.17818499401e-09, 1.1707905756e-09, 1.16078890944e-09, 1.1463558991e-09, 1.137375083e-09],
        "mean": [7.3543255894e-06, 1.13936557682e-05, 5.62891218578e-05, 0.000159637085744, 0.000163920980413, 0.000169999082573, 0.00018288429419, 0.000142667660839, 8.84159235284e-05, 8.62880697241e-05, 6.53178431094e-05, 6.89379085088e-05, 0.000104945393105, 0.000129002946778, 0.000201478484087, 0.000116560848255, 5.28023119841e-05, 9.63596103247e-05, 0.000110337183287, 8.53046731208e-05, 0.0001228084584, 0.000288923125481, 0.000623637170065, 0.000554591184482, 0.000927923712879, 0.00110498350114, 0.000277227401966, 3.82892067137e-05, 1.77364872798e-05, 3.23263302562e-05, 3.22548294207e-05, 1.99540772883e-05, 2.27455329878e-05, 4.2630614189e-05, 2.63672591245e-05, 2.27156524488e-05, 2.48125816142e-05, 1.40606043715e-05, 2.41029483732e-05, 3.2417341572e-05, 5.37040432391e-05, 4.88950572617e-05, 3.89560409531e-05, 2.38676529989e-05, 1.54668759933e-05, 2.68087751465e-05, 3.6130008084e-05, 1.87310670299e-05, 7.187456049e-06, 7.86624877946e-06, 1.30064745463e-05, 1.46887578012e-05, 7.3713626989e-06, 1.06838388092e-05, 1.98226480279e-05, 1.98257366719e-05, 1.21231523735e-05, 1.40659176395e-05, 1.71965839399e-05, 2.06150434678e-05, 1.11156705316e-05, 8.08240565675e-06, 1.16020419227e-05, 1.76357116288e-05, 1.9868130039e-05, 2.55448194366e-05, 3.50768859789e-05, 2.61594377662e-05, 1.67738835444e-05, 1.39320609378e-05, 4.90488537253e-06, 1.93504274648e-06, 1.30900184558e-06, 1.32734646741e-06, 9.68689505498e-07, 8.56306712649e-07, 7.67286110204e-07, 7.04433944065e-07, 6.24386245818e-07, 8.29658290513e-07, 7.19201750599e-07, 7.3163568004e-07, 6.86755186052e-07, 7.66001619468e-07, 8.13929887045e-07, 8.67217579525e-07, 1.04615696728e-06, 9.42815859162e-07, 9.04724288375e-07, 7.49929483845e-07, 7.27941369405e-07, 7.07801461886e-07, 5.61421984457e-07, 4.72285222486e-07, 3.1315963156e-07, 2.44618945544e-07, 1.64113401979e-07, 1.33568164529e-07, 1.18505781188e-07, 6.97772790659e-08, 5.99649112587e-08, 6.37884980392e-08, 4.91229741328e-08, 3.37168231113e-08, 3.10722008123e-08, 2.51152272313e-08, 1.91464710753e-08, 1.990217946e-08, 1.66923275202e-08, 1.40632945289e-08, 1.040655917e-08, 5.97423577275e-09, 3.71106700925e-09, 3.97326727075e-10, 5.3349668433e-11, 2.66657832967e-12, 2.58320339945e-12, 2.50572783009e-12, 2.43907758574e-12, 2.38077656547e-12, 2.32167497033e-12, 2.27537238183e-12, 2.23417616872e-12, 2.1885507729e-12, 2.16657551275e-12, 2.14561463215e-12, 2.12556448137e-12, 2.11267678699e-12],
        "min": [1.7433295918e-09, 1.59831081703e-08, 8.58821103122e-09, 2.17318429918e-08, 1.00598533948e-08, 1.18518315162e-08, 4.20324930417e-08, 8.34272562145e-09, 3.98613408947e-09, 1.74177616774e-09, 1.03959605369e-08, 9.76164216127e-09, 4.18495194054e-09, 3.92571974928e-09, 4.23496882007e-09, 4.22722301607e-09, 1.0483963031e-08, 7.82202036476e-09, 4.8066164382e-09, 2.7386362067e-09, 1.00892560972e-09, 3.50036977181e-09, 5.10739361914e-09, 2.93427104836e-09, 5.16839593345e-09, 3.61992835707e-09, 8.28842883216e-10, 9.57258494694e-10, 1.20831211703e-09, 8.95173157822e-10, 1.32978339451e-09, 1.47007650497e-09, 5.27229315761e-10, 5.75697600702e-10, 2.05450390034e-09, 3.00764108063e-10, 7.27290311309e-11, 4.19567436349e-10, 8.18531353808e-10, 6.80794309815e-10, 3.79002856876e-10, 5.05868846812e-10, 8.15166933954e-10, 1.17379572728e-09, 3.85341369924e-10, 3.01503533251e-09, 1.76178582834e-09, 7.02696179022e-10, 9.8964503259e-11, 4.94062679657e-10, 4.41941483409e-10, 1.38389022464e-10, 5.90990367755e-10, 4.19698886756e-10, 4.93812768454e-10, 4.28644120198e-10, 2.04993896857e-10, 5.04978114879e-10, 6.28556040549e-10, 3.52285339789e-10, 1.97915614453e-10, 3.91710663905e-10, 4.27797380853e-10, 3.96712995787e-10, 6.02950744888e-10, 2.27857302471e-10, 1.51410162186e-10, 1.76615500003e-10, 1.91271165573e-10, 1.88808552126e-10, 2.25289550904e-10, 6.93193141776e-11, 1.10946328513e-10, 1.04246403176e-10, 6.09926553707e-11, 9.3724951411e-11, 1.20681825644e-10, 5.86480655707e-11, 6.54207521489e-11, 5.15073157736e-11, 9.19795350995e-11, 3.21542098503e-11, 5.05511327242e-11, 6.2527295841e-11, 8.14047718123e-11, 5.59530824451e-11, 6.50161244287e-11, 7.41499500689e-11, 4.31336424911e-11, 2.81116172007e-11, 7.68018773578e-11, 5.25578851274e-11, 4.76010342254e-11, 3.19685319883e-11, 1.83066426601e-11, 4.90358170735e-11, 1.35959724382e-11, 6.94499405901e-12, 2.6601401637e-11, 2.00357733876e-11, 1.38829581511e-11, 1.77660685642e-12, 2.91812962683e-11, 1.17450222725e-12, 1.03899517028e-12, 6.30211204403e-12, 4.14026625484e-12, 1.80049475763e-12, 1.1730808382e-12, 1.30961715539e-13, 6.2358491038e-14, 5.83136173355e-14, 4.97122654185e-14, 5.14473988585e-14, 4.9138227802e-14, 5.92228089485e-14, 5.1106308855e-14, 4.89429053925e-14, 4.54508291084e-14, 5.82050073829e-14, 4.38804977868e-14, 5.74162841837e-14, 5.63190512563e-14, 5.87789365791e-14, 4.99601445283e-14, 6.77629068309e-14, 6.6612493787e-14, 6.48350662979e-14],
        "stdev": [1.08445510705e-05, 2.96708367387e-05, 0.000122631303384, 0.000401571567636, 0.00034423082252, 0.000360352132702, 0.000482645933516, 0.000387899228372, 0.000202468305361, 0.000152576219989, 0.000116003735457, 0.000132624190883, 0.000220001355046, 0.000273889192613, 0.000498294713907, 0.000364964216715, 9.29673333303e-05, 0.000208587414818, 0.000230207006098, 0.00039167291834, 0.000421180564445, 0.0010305653559, 0.00175905274227, 0.0017162662698, 0.00293708895333, 0.00386749533936, 0.00159151526168, 0.000138108283863, 4.67534118798e-05, 6.56635384075e-05, 7.11285174475e-05, 6.28015259281e-05, 7.48262173147e-05, 0.000108721840661, 9.17764700716e-05, 8.1298436271e-05, 9.29625239223e-05, 8.64470930537e-05, 0.000112556474051, 0.000130889122374, 0.000191743238247, 0.000204827345442, 0.000165841003763, 0.000106499770482, 6.75249757478e-05, 9.27506189328e-05, 9.69782631728e-05, 7.35204812372e-05, 2.12964987441e-05, 2.08355158975e-05, 2.54090355156e-05, 3.08153357764e-05, 2.35810966842e-05, 3.60360172635e-05, 5.10186218889e-05, 5.30270554009e-05, 4.04906604672e-05, 6.25004322501e-05, 5.0872535212e-05, 5.69390431338e-05, 2.8705011573e-05, 1.82940475497e-05, 2.30338337133e-05, 4.13735651819e-05, 4.4809326937e-05, 6.04486413067e-05, 8.70390504133e-05, 7.18338851584e-05, 6.1808663304e-05, 5.86553287576e-05, 1.59947321663e-05, 4.59826287624e-06, 2.89151398647e-06, 3.14330941364e-06, 1.97078406927e-06, 1.69996440036e-06, 1.45705212162e-06, 1.50127686993e-06, 1.155284167e-06, 1.52945904119e-06, 1.6585204321e-06, 1.6035119188e-06, 1.57620127084e-06, 1.62129799719e-06, 1.78005109319e-06, 2.73288219432e-06, 2.80049380308e-06, 2.75459842669e-06, 1.78445873189e-06, 1.4412460132e-06, 1.3638201608e-06, 1.51118399572e-06, 1.13223188691e-06, 9.66630977928e-07, 6.35932224213e-07, 4.73080405072e-07, 3.6850966012e-07, 2.85663986688e-07, 2.42987681531e-07, 1.80433659125e-07, 1.33632340749e-07, 1.15232744236e-07, 8.1219035053e-08, 5.40325650888e-08, 5.33550128523e-08, 4.79994497482e-08, 3.80607616535e-08, 3.61286147665e-08, 2.89893726801e-08, 2.49291609578e-08, 2.05484074201e-08, 1.56747397284e-08, 1.04401705059e-08, 2.6452613433e-09, 1.92751836714e-09, 3.01999814045e-11, 2.96031879565e-11, 2.90477069481e-11, 2.84876879031e-11, 2.77954673167e-11, 2.71554636416e-11, 2.66741437965e-11, 2.63712437304e-11, 2.58829294802e-11, 2.57168852186e-11, 2.54957461393e-11, 2.51799917722e-11, 2.49838205679e-11]
    },
    "mfcc": {
        "mean": [-715.18182373, 115.112541199, -17.9599628448, 16.0088882446, -8.26964092255, -10.6698207855, -10.6576967239, 9.25650405884, -15.3477859497, 9.19115447998, 1.41534876823, -4.31711578369, -2.68403911591],
        "cov": [[9129.34472656, -1136.71020508, -1243.42907715, -4.49450778961, -266.92010498, -572.959716797, -11.9505958557, 39.8414916992, -203.723358154, 633.967895508, 135.975784302, 31.5500812531, -93.968132019], [-1136.71020508, 839.342163086, 68.5861206055, -25.7418041229, 126.930435181, 32.2790565491, 17.6355552673, 38.1804008484, 38.8859863281, -94.0581436157, 26.0419120789, -0.840092599392, 18.1985988617], [-1243.42907715, 68.5861206055, 701.400695801, 81.2171630859, 57.441570282, 244.467285156, 65.8602371216, -20.737991333, 115.188789368, -129.845306396, -49.6534004211, 35.2688713074, 19.005903244], [-4.49450778961, -25.7418041229, 81.2171630859, 212.654968262, 52.9836654663, 18.9465103149, 19.9221363068, 36.3113288879, 5.26438760757, 25.5029621124, 5.08874034882, -25.0419178009, 5.39448308945], [-266.92010498, 126.930435181, 57.441570282, 52.9836654663, 338.258178711, 131.673843384, -68.8284835815, -77.8226699829, -9.58913612366, -28.6003189087, 27.3144989014, -32.1722297668, 36.6599884033], [-572.959716797, 32.2790565491, 244.467285156, 18.9465103149, 131.673843384, 295.805053711, 38.4440078735, -58.9095306396, 82.2668457031, -59.6500396729, -31.7353610992, 11.8392429352, 24.375333786], [-11.9505958557, 17.6355552673, 65.8602371216, 19.9221363068, -68.8284835815, 38.4440078735, 209.241760254, 69.8432769775, 46.4819602966, 41.2785758972, -13.5481138229, 30.7819423676, -15.1863908768], [39.8414916992, 38.1804008484, -20.737991333, 36.3113288879, -77.8226699829, -58.9095306396, 69.8432769775, 207.802276611, -30.7697429657, 8.91127586365, 46.668762207, -2.78219914436, -18.5310153961], [-203.723358154, 38.8859863281, 115.188789368, 5.26438760757, -9.58913612366, 82.2668457031, 46.4819602966, -30.7697429657, 169.737518311, 28.3334999084, -29.0103321075, 25.3229045868, -12.1847887039], [633.967895508, -94.0581436157, -129.845306396, 25.5029621124, -28.6003189087, -59.6500396729, 41.2785758972, 8.91127586365, 28.3334999084, 222.171844482, 51.9620933533, 15.5832471848, -7.4239616394], [135.975784302, 26.0419120789, -49.6534004211, 5.08874034882, 27.3144989014, -31.7353610992, -13.5481138229, 46.668762207, -29.0103321075, 51.9620933533, 130.804367065, 15.3522434235, -0.277850657701], [31.5500812531, -0.840092599392, 35.2688713074, -25.0419178009, -32.1722297668, 11.8392429352, 30.7819423676, -2.78219914436, 25.3229045868, 15.5832471848, 15.3522434235, 93.1164855957, 16.7003307343], [-93.968132019, 18.1985988617, 19.005903244, 5.39448308945, 36.6599884033, 24.375333786, -15.1863908768, -18.5310153961, -12.1847887039, -7.4239616394, -0.277850657701, 16.7003307343, 77.8616638184]],
        "icov": [[0.000199031986995, 0.000214215542655, 0.000248669268331, -4.76064815302e-05, -7.57288507884e-05, 0.000119783173432, -3.95532770199e-05, -2.24737300414e-06, 6.91948662279e-05, -0.00029683142202, 4.58394897578e-05, -0.000204330252018, 0.000149156781845], [0.000214215542655, 0.00176676700357, 0.000261798151769, 0.000394075905206, -0.00104272458702, 0.000781432900112, -0.000540853128769, -0.00049095362192, -0.000901482068002, 0.000648275366984, -0.000411402055761, -9.00579907466e-05, -0.000283060944639], [0.000248669268331, 0.000261798151769, 0.00290413480252, -0.00123454630375, 0.000271808617981, -0.00139955268241, -0.000363252329407, 7.73456122261e-05, -0.000961784098763, 0.00120635237545, -0.000192173654796, -0.0010390242096, 5.99647137278e-05], [-4.76064815302e-05, 0.000394075905206, -0.00123454630375, 0.00626630429178, -0.00160954415333, 0.000754505919758, -0.00034207108547, -0.00170851696748, -0.000200883601792, -0.00128320697695, 0.000592876865994, 0.00189623970073, -0.000792470469605], [-7.57288507884e-05, -0.00104272458702, 0.000271808617981, -0.00160954415333, 0.00588556425646, -0.00310199637897, 0.00129675958306, 0.00195762701333, 0.0011883508414, -0.000122421479318, -0.001990318764, 0.00175981863867, -0.00109395943582], [0.000119783173432, 0.000781432900112, -0.00139955268241, 0.000754505919758, -0.00310199637897, 0.00749366963282, -0.00210505956784, 0.000684207014274, -0.00251485244371, 0.00132247514557, 7.15356218279e-05, 5.00733112858e-05, -0.00115984748118], [-3.95532770199e-05, -0.000540853128769, -0.000363252329407, -0.00034207108547, 0.00129675958306, -0.00210505956784, 0.00777963362634, -0.00292337918654, -5.16296240676e-05, -0.00234846468084, 0.00226044259034, -0.00208527990617, 0.00128443038557], [-2.24737300414e-06, -0.00049095362192, 7.73456122261e-05, -0.00170851696748, 0.00195762701333, 0.000684207014274, -0.00292337918654, 0.00811379402876, 0.00115147908218, 0.00132868741639, -0.00366786378436, 0.0012937792344, 0.000452802079963], [6.91948662279e-05, -0.000901482068002, -0.000961784098763, -0.000200883601792, 0.0011883508414, -0.00251485244371, -5.16296240676e-05, 0.00115147908218, 0.00971549749374, -0.00319244433194, 0.00212442572229, -0.00187475734856, 0.00266036647372], [-0.00029683142202, 0.000648275366984, 0.00120635237545, -0.00128320697695, -0.000122421479318, 0.00132247514557, -0.00234846468084, 0.00132868741639, -0.00319244433194, 0.00844204425812, -0.0037656892091, 0.000157603193657, -0.000955421710387], [4.58394897578e-05, -0.000411402055761, -0.000192173654796, 0.000592876865994, -0.001990318764, 7.15356218279e-05, 0.00226044259034, -0.00366786378436, 0.00212442572229, -0.0037656892091, 0.0119409589097, -0.00350952357985, 0.00140872923657], [-0.000204330252018, -9.00579907466e-05, -0.0010390242096, 0.00189623970073, 0.00175981863867, 5.00733112858e-05, -0.00208527990617, 0.0012937792344, -0.00187475734856, 0.000157603193657, -0.00350952357985, 0.0149165382609, -0.00453665200621], [0.000149156781845, -0.000283060944639, 5.99647137278e-05, -0.000792470469605, -0.00109395943582, -0.00115984748118, 0.00128443038557, 0.000452802079963, 0.00266036647372, -0.000955421710387, 0.00140872923657, -0.00453665200621, 0.0156695023179]]
    },
    "spectral_contrast_coeffs": {
        "max": [-0.452755153179, -0.397378623486, -0.360085070133, -0.530208528042, -0.485457867384, -0.607109248638],
        "mean": [-0.710551440716, -0.719225347042, -0.753393888474, -0.775797128677, -0.73159378767, -0.742563009262],
        "min": [-0.935979902744, -0.939161002636, -0.919234395027, -0.91693431139, -0.893725752831, -0.87390178442],
        "stdev": [0.0628839954734, 0.0876885727048, 0.0811775997281, 0.0647436529398, 0.0819397196174, 0.0459327958524]
    },
    "spectral_contrast_valleys": {
        "max": [-6.07439422607, -5.39980792999, -5.90154075623, -6.39973402023, -6.16319036484, -8.93303394318],
        "mean": [-8.04639053345, -7.3230214119, -8.14976596832, -8.46880817413, -8.48010921478, -11.4565229416],
        "min": [-10.8304519653, -10.7427148819, -11.7423229218, -11.9316511154, -12.2546024323, -14.7230625153],
        "stdev": [0.882526159286, 0.943360745907, 0.947330057621, 0.955595612526, 1.03048336506, 0.993298828602]
    }
},
"rhythm": {
    "beats_count": 100,
    "beats_loudness": {
        "max": 0.0983466655016,
        "mean": 0.0153309181333,
        "min": 4.57920905319e-05,
        "stdev": 0.0164250619709
    },
    "bpm": 109.011909485,
    "bpm_histogram_first_peak_bpm": 110,
    "bpm_histogram_first_peak_weight": 0.454545378685,
    "bpm_histogram_second_peak_bpm": 105,
    "bpm_histogram_second_peak_spread": 0.307692289352,
    "bpm_histogram_second_peak_weight": 0.0909090936184,
    "danceability": 0.896752536297,
    "onset_rate": 3.609375,
    "beats_loudness_band_ratio": {
        "max": [0.951579451561, 0.859754621983, 0.902590632439, 0.412985354662, 0.573844611645, 0.787180304527],
        "mean": [0.144156783819, 0.145604237914, 0.410657912493, 0.12396851182, 0.105344153941, 0.0952766910195],
        "min": [0.000846020935569, 0.00235867570154, 0.00556247122586, 0.0109771862626, 0.00262528727762, 0.00408150441945],
        "stdev": [0.194146335125, 0.178985670209, 0.264332205057, 0.101961791515, 0.0930352285504, 0.114092290401]
    },
