{
"metadata": {
    "version": {
        "essentia": "2.1-beta5",
        "essentia_git_sha": "Undefined",
        "extractor": "music 2.0"
    },
    "audio_properties": {
        "analysis": {
            "equal_loudness": 0,
            "length": 32.4963264465,
            "sample_rate": 44100,
            "start_time": 29.0017242432,
            "downmix": "mix"
        },
        "bit_rate": 192000,
        "length": 195.570083618,
        "lossless": 0,
        "number_channels": 1,
        "replay_gain": -3.53716659546,
        "sample_rate": 48000,
        "codec": "mp3",
        "md5_encoded": "a65c54a2ba4759046df100f5fca15328"
    },
    "tags": {
        "file_name": "Germany_Die Zeiger Der Uhr_Margot Eskens.mp3",
        "encoding": ["Lavf58.29.100"]
    }
},
"lowlevel": {
    "average_loudness": 0.621254920959,
    "barkbands_crest": {
        "max": 26.5856628418,
        "mean": 12.1047410965,
        "min": 3.62229466438,
        "stdev": 4.99571609497
    },
    "barkbands_flatness_db": {
        "max": 0.616843223572,
        "mean": 0.249941051006,
        "min": 0.116117835045,
        "stdev": 0.0561421588063
    },
    "barkbands_kurtosis": {
        "max": 1633.28588867,
        "mean": 13.8955545425,
        "min": -1.81567692757,
        "stdev": 76.6520614624
    },
    "barkbands_skewness": {
        "max": 30.9672622681,
        "mean": 1.96025180817,
        "min": -2.43241071701,
        "stdev": 2.23170399666
    },
    "barkbands_spread": {
        "max": 68.4457397461,
        "mean": 12.058672905,
        "min": 0.0360630936921,
        "stdev": 10.5322189331
    },
    "dissonance": {
        "max": 0.499506652355,
        "mean": 0.433278113604,
        "min": 0.222077786922,
        "stdev": 0.0456819310784
    },
    "dynamic_complexity": 7.37918949127,
    "erbbands_crest": {
        "max": 31.3761940002,
        "mean": 13.2396755219,
        "min": 3.57339286804,
        "stdev": 5.41595554352
    },
    "erbbands_flatness_db": {
        "max": 0.418441236019,
        "mean": 0.274547040462,
        "min": 0.102640151978,
        "stdev": 0.0509947389364
    },
    "erbbands_kurtosis": {
        "max": 126.197128296,
        "mean": 1.86220550537,
        "min": -1.84737217426,
        "stdev": 7.0102353096
    },
    "erbbands_skewness": {
        "max": 10.0228252411,
        "mean": 0.545730888844,
        "min": -3.25093197823,
        "stdev": 1.27983367443
    },
    "erbbands_spread": {
        "max": 109.651290894,
        "mean": 28.9601230621,
        "min": 2.27562880516,
        "stdev": 19.8447742462
    },
    "hfc": {
        "max": 87.5388717651,
        "mean": 7.61475324631,
        "min": 0.00351237761788,
        "stdev": 10.2151346207
    },
    "loudness_ebu128": {
        "integrated": -25.6336536407,
        "loudness_range": 11.1753463745,
        "momentary": {
            "max": -20.045715332,
            "mean": -30.2951316833,
            "min": -52.5359573364,
            "stdev": 7.53147411346
        },
        "short_term": {
            "max": -22.1850528717,
            "mean": -28.3518199921,
            "min": -43.7466888428,
            "stdev": 4.78281641006
        }
    },
    "melbands_crest": {
        "max": 31.7713756561,
        "mean": 15.2606058121,
        "min": 5.1096572876,
        "stdev": 5.69284105301
    },
    "melbands_flatness_db": {
        "max": 0.740324437618,
        "mean": 0.313819974661,
        "min": 0.145748093724,
        "stdev": 0.0659818723798
    },
    "melbands_kurtosis": {
        "max": 304.168579102,
        "mean": 18.1790504456,
        "min": -1.79843568802,
        "stdev": 29.2680702209
    },
    "melbands_skewness": {
        "max": 14.2824029922,
        "mean": 2.64695310593,
        "min": -1.69803273678,
        "stdev": 2.09414982796
    },
    "melbands_spread": {
        "max": 113.170349121,
        "mean": 13.705242157,
        "min": 0.238683134317,
        "stdev": 12.0410480499
    },
    "pitch_salience": {
        "max": 0.862273216248,
        "mean": 0.517458677292,
        "min": 0.0522849373519,
        "stdev": 0.138545066118
    },
    "silence_rate_20dB": {
        "max": 1,
        "mean": 1,
        "min": 1,
        "stdev": 0
    },
    "silence_rate_30dB": {
        "max": 1,
        "mean": 0.995717346668,
        "min": 0,
        "stdev": 0.0653017759323
    },
    "silence_rate_60dB": {
        "max": 1,
        "mean": 0.346181303263,
        "min": 0,
        "stdev": 0.47575250268
    },
    "spectral_centroid": {
        "max": 3740.63305664,
        "mean": 934.112854004,
        "min": 77.5641326904,
        "stdev": 676.48236084
    },
    "spectral_complexity": {
        "max": 33,
        "mean": 8.48965072632,
        "min": 0,
        "stdev": 5.83108091354
    },
    "spectral_decrease": {
        "max": -2.78405705607e-12,
        "mean": -3.66219055081e-09,
        "min": -5.81131089916e-08,
        "stdev": 5.10965758593e-09
    },
    "spectral_energy": {
        "max": 0.22727227211,
        "mean": 0.0145126376301,
        "min": 1.08839012682e-05,
        "stdev": 0.0200899485499
    },
    "spectral_energyband_high": {
        "max": 0.00738010043278,
        "mean": 0.00014232484682,
        "min": 1.10363835404e-07,
        "stdev": 0.000480442191474
    },
    "spectral_energyband_low": {
        "max": 0.0444989912212,
        "mean": 0.00169715820812,
        "min": 3.56969167115e-06,
        "stdev": 0.00454718014225
    },
    "spectral_energyband_middle_high": {
        "max": 0.032742228359,
        "mean": 0.00194778770674,
        "min": 4.18044720618e-07,
        "stdev": 0.00319556053728
    },
    "spectral_energyband_middle_low": {
        "max": 0.212799996138,
        "mean": 0.0114547079429,
        "min": 1.40598024245e-06,
        "stdev": 0.0180870220065
    },
    "spectral_entropy": {
        "max": 8.0499124527,
        "mean": 6.69017410278,
        "min": 4.1704082489,
        "stdev": 0.46416464448
    },
    "spectral_flux": {
        "max": 0.22884131968,
        "mean": 0.0414305441082,
        "min": 0.00155088445172,
        "stdev": 0.033250413835
    },
    "spectral_kurtosis": {
        "max": 96.0805206299,
        "mean": 10.9835472107,
        "min": -1.12786626816,
        "stdev": 11.9142427444
    },
    "spectral_rms": {
        "max": 0.0148905692622,
        "mean": 0.00302492501214,
        "min": 0.000103045815194,
        "stdev": 0.00223796512
    },
    "spectral_rolloff": {
        "max": 5598.6328125,
        "mean": 886.317810059,
        "min": 64.599609375,
        "stdev": 775.412231445
    },
    "spectral_skewness": {
        "max": 7.33155965805,
        "mean": 1.93489706516,
        "min": -0.676624774933,
        "stdev": 1.21222579479
    },
    "spectral_spread": {
        "max": 16602432,
        "mean": 2539754,
        "min": 751335,
        "stdev": 883826.25
    },
    "spectral_strongpeak": {
        "max": 6.31683921814,
        "mean": 0.927763044834,
        "min": 0,
        "stdev": 1.01327931881
    },
    "zerocrossingrate": {
        "max": 0.154296875,
        "mean": 0.0351119861007,
        "min": 0.0029296875,
        "stdev": 0.0181449633092
    },
    "barkbands": {
        "max": [0.000454370630905, 0.0438944995403, 0.0100743407384, 0.0276072248816, 0.11187338084, 0.147927999496, 0.0397755242884, 0.0580079257488, 0.0193560160697, 0.0275814756751, 0.022918600589, 0.00721748778597, 0.0186556242406, 0.00797087978572, 0.00408640038222, 0.00413514301181, 0.00546998763457, 0.00401932839304, 0.00206272210926, 0.00689547415823, 0.00388850364834, 0.00194985733833, 6.55778494547e-05, 9.46909722188e-07, 8.37082325233e-07, 8.10476365132e-07, 8.64301114234e-07],
        "mean": [1.96286164282e-05, 0.000752418767661, 0.000431303458754, 0.000792963022832, 0.00501387380064, 0.00233078282326, 0.00108096760232, 0.00133709027432, 0.000489754776936, 0.00054926762823, 0.000368250563042, 0.000235818675719, 0.000127863328089, 0.000274915946648, 8.1700469309e-05, 9.67954547377e-05, 0.000152074906509, 0.000139381052577, 5.50713994016e-05, 0.000118129195471, 4.56225534435e-05, 1.84245109267e-05, 4.59237753603e-07, 7.53218358795e-08, 1.29197452736e-08, 1.6125871749e-09, 1.71475589283e-09],
        "min": [1.1444717174e-08, 3.15627175951e-07, 6.63506114051e-07, 2.33367618563e-08, 2.99181152741e-07, 7.06593894506e-08, 1.03375903393e-08, 1.67418541253e-08, 3.16901704878e-08, 1.13045466321e-08, 5.82222270396e-09, 1.33454740592e-08, 8.82323547557e-09, 2.1678808082e-08, 1.00707859829e-08, 5.43369402806e-08, 3.21899342737e-08, 1.31152786409e-08, 4.24621404704e-09, 1.43432679067e-08, 1.65887925618e-08, 1.59654582887e-08, 1.71371965507e-08, 1.83607529181e-08, 8.62545590508e-10, 1.98857499911e-10, 1.74694897437e-10],
        "stdev": [3.21266743413e-05, 0.0023561520502, 0.000953737355303, 0.00232346076518, 0.0114043783396, 0.008225816302, 0.0033484690357, 0.00352498213761, 0.00155871198513, 0.0020859465003, 0.00120225816499, 0.000599187274929, 0.000833702215459, 0.000819727953058, 0.000261967710685, 0.00031753492658, 0.000500085938256, 0.000409224245232, 0.000137944502058, 0.000422085286118, 0.000183653959539, 0.000107346662844, 3.19771129398e-06, 4.68168650514e-08, 2.50157974335e-08, 2.3115671155e-08, 2.45958649003e-08]
    },
    "erbbands": {
        "max": [1.11447310448, 10.2448635101, 11.7698097229, 74.3810882568, 91.887260437, 661.23046875, 1897.27868652, 555.140197754, 561.826477051, 912.524169922, 702.002807617, 364.889068604, 1061.69006348, 554.799865723, 362.19329834, 365.762115479, 982.875366211, 430.405273438, 238.566879272, 449.348175049, 134.797775269, 232.525039673, 191.851791382, 105.153587341, 148.795562744, 305.946105957, 169.558395386, 117.684120178, 81.9973907471, 16.5934753418, 0.729236245155, 0.0346363410354, 0.0149244274944, 0.00957693625242, 0.00584342051297, 0.00323514756747, 0.00150552380364, 0.000535475672223, 0.000128149433294, 0.000254808546742],
        "mean": [0.0118453744799, 0.202083006501, 0.481551975012, 2.02309083939, 5.77999734879, 21.4845504761, 28.5053977966, 11.9249305725, 9.95987892151, 25.5840969086, 28.860124588, 11.5873012543, 23.8534049988, 9.63081550598, 13.0369672775, 12.0110034943, 7.34162187576, 14.6552333832, 5.83319473267, 6.51599502563, 4.74844360352, 8.09942150116, 7.33473587036, 4.31109905243, 3.13221859932, 5.87100601196, 3.12027168274, 1.32154178619, 0.778906285763, 0.158803939819, 0.0086460756138, 0.00208805501461, 0.00116503948811, 0.000309101655148, 3.24066350004e-05, 1.60292674991e-05, 8.47708633955e-06, 2.50261632573e-06, 7.49862692828e-06, 1.65861729329e-05],
        "min": [1.46211114043e-05, 5.91932039242e-05, 0.00110500364099, 0.00196136627346, 0.000869592884555, 0.00106780836359, 0.000465217715828, 0.000729265389964, 0.00056002457859, 0.000336117926054, 0.000380493263947, 0.00064765533898, 0.000698905671015, 0.00072682852624, 0.000340621423675, 0.000506744137965, 0.000853861798532, 0.00119519699365, 0.000894417520612, 0.00143224326894, 0.00401654560119, 0.00274188676849, 0.00123092881404, 0.000953927228693, 0.000724323734175, 0.000664931198116, 0.000862901331857, 0.000632836308796, 0.000636536802631, 0.000572729157284, 0.000482429692056, 0.000368160690414, 0.00025982002262, 5.98740080022e-05, 2.96857183457e-06, 8.52821187891e-07, 4.16877213638e-07, 1.65463092117e-07, 4.91409579695e-08, 1.58733257649e-08],
        "stdev": [0.043069422245, 0.61025929451, 0.970532298088, 6.15264034271, 9.68486499786, 57.8148345947, 96.7700119019, 34.1092300415, 29.05991745, 89.6588363647, 74.4524917603, 31.3623466492, 84.9229049683, 28.1827354431, 33.1731872559, 29.6920852661, 42.0398788452, 43.4196853638, 16.0780830383, 24.6183624268, 11.7497262955, 26.0814361572, 20.2573032379, 10.438955307, 9.967253685, 21.1415996552, 10.3297328949, 6.07581663132, 4.48217105865, 0.96736228466, 0.0422960445285, 0.00227312115021, 0.000826941221021, 0.00032863690285, 0.00016908501857, 9.3412847491e-05, 4.36008085671e-05, 1.54209064931e-05, 1.04871014628e-05, 2.27001510211e-05]
    },
    "gfcc": {
        "mean": [-174.078552246, 182.230957031, -149.976974487, 34.3848724365, -51.2226829529, -22.6964950562, -14.4297094345, -22.7346153259, -11.2528772354, -16.8800182343, -2.18967247009, -18.0339260101, 3.45431566238],
        "cov": [[9145.66308594, 1317.43432617, -2160.75878906, -760.963562012, 100.159431458, -1631.23034668, 393.505401611, -691.573608398, -238.510864258, -191.918930054, -380.877044678, 46.8806991577, -80.4841995239], [1317.43432617, 725.94152832, -173.358978271, -628.673217773, 5.21845054626, -97.6175994873, -27.9886951447, -91.5612869263, 26.6438369751, -140.512512207, 7.7193274498, 1.73633038998, -27.55509758], [-2160.75878906, -173.358978271, 1089.93457031, 407.814727783, 41.9325370789, 348.147827148, -58.5194320679, 167.759872437, 82.9802474976, 55.4793739319, 87.9050598145, -9.00643920898, 48.605140686], [-760.963562012, -628.673217773, 407.814727783, 1169.76977539, 146.710403442, -87.564414978, 136.102874756, 71.213432312, -44.3872070312, 171.190124512, -19.1747608185, -15.3890066147, 44.1031417847], [100.159431458, 5.21845054626, 41.9325370789, 146.710403442, 295.785766602, 48.7904472351, 4.58375883102, 35.688369751, -15.8120574951, -22.808965683, 7.92685842514, -19.2153339386, -1.05487704277], [-1631.23034668, -97.6175994873, 348.147827148, -87.564414978, 48.7904472351, 656.922058105, 64.2884063721, 90.7294006348, 83.3102645874, -2.88768577576, 13.1331043243, -31.080034256, -21.460193634], [393.505401611, -27.9886951447, -58.5194320679, 136.102874756, 4.58375883102, 64.2884063721, 293.76473999, 28.6476764679, -3.97261834145, 49.8218955994, -67.9985809326, -48.3022766113, -20.2022972107], [-691.573608398, -91.5612869263, 167.759872437, 71.213432312, 35.688369751, 90.7294006348, 28.6476764679, 198.776855469, 53.7979698181, 20.8585357666, 53.8067092896, -17.0297927856, -7.66597223282], [-238.510864258, 26.6438369751, 82.9802474976, -44.3872070312, -15.8120574951, 83.3102645874, -3.97261834145, 53.7979698181, 127.07484436, 42.8304252625, -6.14301013947, -2.72619271278, -11.8004369736], [-191.918930054, -140.512512207, 55.4793739319, 171.190124512, -22.808965683, -2.88768577576, 49.8218955994, 20.8585357666, 42.8304252625, 134.855651855, 6.08928060532, -33.4007606506, 3.76295399666], [-380.877044678, 7.7193274498, 87.9050598145, -19.1747608185, 7.92685842514, 13.1331043243, -67.9985809326, 53.8067092896, -6.14301013947, 6.08928060532, 131.599349976, 38.8558692932, -17.2261791229], [46.8806991577, 1.73633038998, -9.00643920898, -15.3890066147, -19.2153339386, -31.080034256, -48.3022766113, -17.0297927856, -2.72619271278, -33.4007606506, 38.8558692932, 105.783729553, 24.9892463684], [-80.4841995239, -27.55509758, 48.605140686, 44.1031417847, -1.05487704277, -21.460193634, -20.2022972107, -7.66597223282, -11.8004369736, 3.76295399666, -17.2261791229, 24.9892463684, 104.041885376]],
        "icov": [[0.00255281315185, -0.00262034730986, 0.00156942615286, 0.000912309857085, -0.00318699702621, 0.00524917850271, -0.00463019590825, 0.00382612086833, -0.000247123331064, -0.00125540804584, 0.00372995436192, -0.0036258038599, 0.00209995196201], [-0.00262034730986, 0.00973768811673, -0.00335927517153, 0.00287587754428, 0.000918992678635, -0.00184445129707, -0.000244996306719, 0.00214731204323, -0.00704701198265, 0.0088909463957, -0.0101048219949, 0.00830984301865, -0.00414804229513], [0.00156942615286, -0.00335927517153, 0.00335717853159, -0.00151711329818, -0.000740051153116, 0.0013388452353, -0.00100970279891, 0.000679594522808, 0.000120080534543, -0.0011533042416, 0.00204467400908, -0.00186601036694, 0.00036383207771], [0.000912309857085, 0.00287587754428, -0.00151711329818, 0.00460980087519, -0.00370262889192, 0.0044467668049, -0.00465540681034, 0.00354649685323, -0.00114418868907, -0.000302674859995, 0.000530821736902, -0.00132742279675, 0.000746976584196], [-0.00318699702621, 0.000918992678635, -0.000740051153116, -0.00370262889192, 0.00916693732142, -0.00832026824355, 0.00762879801914, -0.00682826293632, 0.00167715654243, 0.00210066046566, -0.00427930243313, 0.00534737389535, -0.00283038988709], [0.00524917850271, -0.00184445129707, 0.0013388452353, 0.0044467668049, -0.00832026824355, 0.0149846952409, -0.0130535233766, 0.0109098972753, -0.00499653629959, 0.0014275428839, 0.00453158095479, -0.00506096379831, 0.00368486763909], [-0.00463019590825, -0.000244996306719, -0.00100970279891, -0.00465540681034, 0.00762879801914, -0.0130535233766, 0.0175657905638, -0.0136400237679, 0.00836605578661, -0.00604331074283, 0.00202253693715, 0.00234419060871, -0.000471610866953], [0.00382612086833, 0.00214731204323, 0.000679594522808, 0.00354649685323, -0.00682826293632, 0.0109098972753, -0.0136400237679, 0.0204749107361, -0.013043474406, 0.00918276980519, -0.00725076952949, 0.00335506582633, -0.00106901780237], [-0.000247123331064, -0.00704701198265, 0.000120080534543, -0.00114418868907, 0.00167715654243, -0.00499653629959, 0.00836605578661, -0.013043474406, 0.0253595095128, -0.0192686729133, 0.0162176620215, -0.0124806994572, 0.00727718835697], [-0.00125540804584, 0.0088909463957, -0.0011533042416, -0.000302674859995, 0.00210066046566, 0.0014275428839, -0.00604331074283, 0.00918276980519, -0.0192686729133, 0.0284587237984, -0.0190362948924, 0.0173142086715, -0.00865561142564], [0.00372995436192, -0.0101048219949, 0.00204467400908, 0.000530821736902, -0.00427930243313, 0.00453158095479, 0.00202253693715, -0.00725076952949, 0.0162176620215, -0.0190362948924, 0.0309227649122, -0.0208117775619, 0.0124251935631], [-0.0036258038599, 0.00830984301865, -0.00186601036694, -0.00132742279675, 0.00534737389535, -0.00506096379831, 0.00234419060871, 0.00335506582633, -0.0124806994572, 0.0173142086715, -0.0208117775619, 0.0271657090634, -0.0114692179486], [0.00209995196201, -0.00414804229513, 0.00036383207771, 0.000746976584196, -0.00283038988709, 0.00368486763909, -0.000471610866953, -0.00106901780237, 0.00727718835697, -0.00865561142564, 0.0124251935631, -0.0114692179486, 0.0161621943116]]
    },
    "melbands": {
        "max": [0.0119321290404, 0.00645962869748, 0.0100429244339, 0.0222612246871, 0.0506241470575, 0.0130803585052, 0.00891040451825, 0.0117848142982, 0.00528546608984, 0.00237184250727, 0.00533418077976, 0.00206535356119, 0.00228921324015, 0.000879976898432, 0.00150148081593, 0.00139574485365, 0.0008791082073, 0.000412582710851, 0.000330595416017, 0.000492713181302, 0.000249207514571, 0.000323440501234, 0.000295031699352, 0.000168618877069, 7.74163636379e-05, 9.51779002207e-05, 0.000257013714872, 0.000179096954525, 0.00010850714898, 9.51866604737e-05, 5.80711930525e-05, 5.54635662411e-05, 2.14109404624e-05, 4.94381811222e-06, 5.43778533313e-08, 1.32992639124e-08, 1.27474244493e-08, 1.06572075609e-08, 9.18194320576e-09, 7.66384200546e-09],
        "mean": [0.000168951402884, 0.000283331610262, 0.000409658590797, 0.000930423731916, 0.00103821814992, 0.000303228065604, 0.000167678837897, 0.000268389063422, 0.000216061496758, 6.74543261994e-05, 0.000117993513413, 3.35893491865e-05, 5.37030573469e-05, 2.53266662185e-05, 2.19276043936e-05, 1.69486884261e-05, 2.7976837373e-05, 9.7301799542e-06, 6.58236513118e-06, 7.85232805356e-06, 5.89951241636e-06, 9.07496905711e-06, 6.89217813488e-06, 6.59542320136e-06, 3.1522554309e-06, 1.90394985111e-06, 2.74385979537e-06, 4.35116544395e-06, 2.27872442338e-06, 1.0787850897e-06, 6.49069249903e-07, 5.17647947618e-07, 1.98951454422e-07, 3.91269310285e-08, 1.48383116905e-09, 1.13193687756e-09, 1.03926156569e-09, 8.38170033379e-10, 5.56567292254e-10, 1.1881604034e-10],
        "min": [1.6913708123e-07, 6.16704198819e-07, 4.26736306736e-07, 8.26887642802e-08, 2.49240912353e-08, 1.75159122762e-08, 7.5864159399e-09, 3.44105721695e-09, 3.6420120253e-09, 3.45546613545e-09, 2.64688138074e-09, 2.22115481563e-09, 9.08131458921e-10, 1.15330744954e-09, 6.78735678772e-10, 2.08327866069e-09, 1.55913970623e-09, 1.04217212638e-09, 7.83324183296e-10, 2.85618506624e-09, 4.72098360405e-09, 2.00009542262e-09, 1.34269118046e-09, 7.58497487041e-10, 3.87651161171e-10, 1.35833386206e-10, 4.95670893219e-10, 1.14595104239e-10, 1.04479980223e-10, 2.53738502431e-10, 2.89084034488e-10, 3.09197306647e-10, 2.87315393699e-10, 2.11655873383e-10, 4.14588086084e-11, 1.18669093649e-11, 7.72952882255e-12, 1.67364608283e-10, 1.10144532384e-10, 5.42039416823e-12],
        "stdev": [0.000558241968974, 0.000669623317663, 0.000911607756279, 0.00203128531575, 0.00298385741189, 0.000911772658583, 0.000501392001752, 0.000914654228836, 0.000576987222303, 0.000208096549613, 0.000424942671089, 0.000106742569187, 0.000157601491082, 6.18470512563e-05, 7.48106031097e-05, 7.39027236705e-05, 8.48611671245e-05, 2.90452153422e-05, 2.05672185984e-05, 3.02564494632e-05, 1.7654045223e-05, 3.03961896861e-05, 2.32772363233e-05, 1.86669349205e-05, 7.72752991907e-06, 5.65993241253e-06, 1.18480957099e-05, 1.52937027451e-05, 7.23551511328e-06, 4.87001307192e-06, 3.19698551721e-06, 3.05304092763e-06, 1.20831032291e-06, 2.59936285829e-07, 2.67354516303e-09, 7.93605292593e-10, 6.816499587e-10, 5.78168790621e-10, 3.88590049027e-10, 2.3243036662e-10]
    },
    "melbands128": {
        "max": [0.000227708689636, 0.00597773306072, 0.0212732478976, 0.0154364993796, 0.00819155015051, 0.00676346989349, 0.0190557204187, 0.0106535339728, 0.0111118489876, 0.014947693795, 0.0513811260462, 0.0395520702004, 0.0955255255103, 0.0418452695012, 0.0158155020326, 0.00568102672696, 0.00692803552374, 0.0169154331088, 0.011520951055, 0.0157321095467, 0.0233903676271, 0.0087621267885, 0.0094527611509, 0.00416044704616, 0.00424546608701, 0.00421933736652, 0.00611893786117, 0.0103056747466, 0.00258798268624, 0.00263173109852, 0.00197718502022, 0.007926880382, 0.00278133805841, 0.000659578014165, 0.00039273078437, 0.0017673241673, 0.00202776538208, 0.000491877028253, 0.00393347628415, 0.0032567079179, 0.0017004419351, 0.00185896421317, 0.00121830659918, 0.00204503186978, 0.000350131944288, 0.000961858662777, 0.00104532891419, 0.000173816064489, 0.000335243414156, 0.00166390754748, 0.000456637208117, 0.000564753892832, 0.000206531898584, 0.000251285149716, 0.00115409481805, 0.000339771591825, 0.000572458666284, 0.000766173179727, 0.000403014884796, 0.000235585030168, 0.000267778988928, 0.000431219465099, 0.000101623270893, 0.000122936369735, 0.000203759424039, 0.000143918659887, 8.08745026006e-05, 0.000244008595473, 0.00047464176896, 0.000398435891839, 0.00028612362803, 0.000286110007437, 0.000114914117148, 0.000171715655597, 7.63990246924e-05, 0.000109822191007, 0.000151061060023, 9.36091746553e-05, 3.73837501684e-05, 6.73915346852e-05, 8.08249387774e-05, 4.59782386315e-05, 3.79744524253e-05, 1.87757123058e-05, 1.21383181977e-05, 8.87825171958e-06, 1.74340641479e-06, 1.17645669206e-07, 1.79848154147e-08, 1.43545335618e-08, 1.77914696309e-08, 1.43296015054e-08, 1.29889157208e-08, 1.30658150965e-08, 1.25432677578e-08, 1.11931566238e-08, 1.02070938368e-08, 9.95211735244e-09, 9.23813470166e-09, 9.06580766014e-09, 7.91709187098e-09, 7.49057971206e-09, 7.15831438569e-09, 6.88843559971e-09, 6.6021814682e-09, 6.30780627731e-09, 6.11324013633e-09, 5.75770542355e-09, 5.58476509482e-09, 5.34767430338e-09, 5.10285325106e-09, 4.90264451258e-09, 4.76825601226e-09, 4.64486049623e-09, 4.46132197851e-09, 4.27981561302e-09, 4.14487688616e-09, 4.02800015564e-09, 3.94872801124e-09, 3.84501319672e-09, 3.72404618254e-09, 3.65398156177e-09, 3.55603990698e-09, 3.52343976218e-09, 3.47795037214e-09, 3.44168649136e-09, 3.40276384847e-09, 3.38415917511e-09],
        "mean": [1.11243725769e-05, 4.10918109992e-05, 0.00026021359372, 0.000366859836504, 0.000234091945458, 0.000234572871705, 0.000438924849732, 0.000335302582243, 0.000554369646125, 0.000793743121903, 0.00137458601967, 0.00123314314988, 0.0010977583006, 0.000659474695567, 0.000213117091334, 0.000157020229381, 0.00014299985196, 0.000127315986902, 0.000231421930948, 0.000390388973756, 0.000178772621439, 0.000214305560803, 0.000329946167767, 6.63932005409e-05, 4.26202495873e-05, 5.52113706362e-05, 0.000134982095915, 0.000179271650268, 4.41784795839e-05, 2.56425391854e-05, 2.34380968323e-05, 5.54857724637e-05, 9.07889116206e-05, 1.8788032321e-05, 8.27589974506e-06, 3.08514863718e-05, 5.29288809048e-05, 9.02423107618e-06, 1.70938346855e-05, 1.46014936035e-05, 7.12578548701e-06, 3.66659915016e-05, 3.05762332573e-05, 3.03367778542e-05, 6.77141042615e-06, 7.89013029134e-06, 8.60909676703e-06, 2.70475675279e-06, 4.12335703004e-06, 1.88196408999e-05, 5.14575822308e-06, 2.64677532869e-06, 3.52964480044e-06, 5.27686552232e-06, 1.56813948706e-05, 7.29237262931e-06, 7.4517865869e-06, 6.33055697108e-06, 7.62429499446e-06, 5.77950822844e-06, 6.92582852935e-06, 7.79679430707e-06, 2.77281537819e-06, 2.58843601841e-06, 1.79842663783e-06, 1.61191928783e-06, 2.26423230743e-06, 2.10540883927e-06, 2.90780849355e-06, 3.28260307469e-06, 4.91356195198e-06, 5.05023172082e-06, 2.78755669569e-06, 1.85447765944e-06, 1.48577180425e-06, 1.05626168079e-06, 9.73908413471e-07, 6.94515392752e-07, 5.70301438074e-07, 6.44955719054e-07, 6.07695142207e-07, 4.61856672018e-07, 3.08807045712e-07, 1.706191739e-07, 1.16704086395e-07, 5.43348619431e-08, 1.1651858145e-08, 1.63958169264e-09, 1.18449572373e-09, 1.17642284803e-09, 1.09775166734e-09, 1.15336007411e-09, 1.12272591224e-09, 1.06010000778e-09, 9.84697989814e-10, 8.93357832155e-10, 8.29228630206e-10, 7.26799453954e-10, 5.81509396191e-10, 5.18984855091e-10, 2.30087629505e-10, 1.77220009501e-11, 1.4151425691e-11, 1.30002996215e-11, 1.24517783237e-11, 1.21240370174e-11, 1.1883586129e-11, 1.15912574677e-11, 1.08852371561e-11, 1.04244607738e-11, 1.01076126635e-11, 9.78328616036e-12, 9.51676237815e-12, 9.20341233779e-12, 8.95480044283e-12, 8.73856022265e-12, 8.4995213992e-12, 8.11336241247e-12, 7.91676706829e-12, 7.74372233003e-12, 7.53572117901e-12, 7.40710357633e-12, 7.26254256386e-12, 7.10276325602e-12, 6.63428340042e-12, 5.84110017299e-12, 5.55657169582e-12, 5.49935401037e-12],
        "min": [2.19312346061e-09, 3.88182641586e-08, 3.28421627671e-08, 3.96412431769e-08, 1.38489482993e-07, 2.82338021407e-07, 9.62355102274e-08, 7.81210296452e-09, 2.22603588895e-08, 4.09091960307e-08, 7.18585813075e-09, 1.14265308326e-08, 5.86224091492e-09, 9.63938795451e-09, 1.21651630991e-08, 5.25238519344e-09, 4.13227230212e-09, 2.27606955505e-09, 1.36964106723e-09, 8.90883367077e-10, 9.63457313929e-10, 1.86412041359e-09, 1.77231274101e-09, 2.25456808778e-09, 1.7344055081e-09, 7.75855935053e-10, 3.83237663826e-10, 1.12196285595e-09, 4.48834275302e-10, 4.50342596547e-10, 6.60727861312e-10, 3.47522621791e-10, 6.86607160016e-10, 3.92859522691e-10, 4.84622897368e-10, 4.27468199726e-10, 3.50497159074e-10, 3.65779573297e-10, 2.481149175e-10, 4.15600609482e-10, 6.16991069347e-10, 1.15731046968e-09, 1.0425321717e-09, 7.96776311596e-10, 2.34053942894e-10, 5.5458532211e-10, 8.23415780005e-11, 2.91190155322e-10, 5.40435807217e-10, 3.72856995279e-10, 1.45612730207e-10, 5.11224751421e-09, 5.40178390906e-09, 8.84024797809e-10, 5.32471511328e-10, 9.94047844038e-10, 1.06661379728e-09, 4.16267381675e-10, 4.13836465096e-10, 2.79549577931e-10, 1.70457287174e-10, 2.47338843851e-10, 2.72965011705e-10, 1.56419141528e-10, 4.13375028652e-11, 4.6928762959e-11, 1.12160267185e-10, 1.20006365956e-10, 9.12925568475e-11, 2.04540301363e-10, 2.5280203278e-11, 1.75055872575e-11, 1.54446021944e-11, 4.46059057746e-11, 8.25971790963e-11, 1.62396776582e-10, 1.42065970099e-10, 1.7114443196e-10, 1.52515486351e-10, 5.49145000306e-11, 3.75777707562e-11, 7.87408610536e-11, 1.42556549898e-10, 1.74340653025e-10, 9.03585054002e-11, 9.00864868814e-11, 7.58081028507e-11, 1.41744411347e-11, 6.65228332489e-12, 1.63772923174e-12, 1.86387797557e-12, 3.40979284738e-12, 5.42318013413e-12, 7.98198920154e-12, 6.54122632796e-12, 2.55558109397e-11, 4.11770721687e-11, 3.72554417871e-11, 6.23482307449e-11, 2.17198169172e-11, 2.17746719093e-12, 6.03117111374e-13, 4.22232724045e-13, 5.27584432305e-13, 4.87526631478e-13, 5.30455670708e-13, 5.634794931e-13, 6.6859164689e-13, 6.20481584949e-13, 6.46199944682e-13, 6.2021769014e-13, 5.58581989257e-13, 7.05058353281e-13, 5.46311205909e-13, 6.71498230284e-13, 5.52501620843e-13, 6.84904498567e-13, 5.53548851721e-13, 4.4602312837e-13, 6.49714277604e-13, 5.01170882138e-13, 6.10959579369e-13, 5.38668827425e-13, 3.39623294765e-13, 4.12237274481e-13, 1.23281999843e-13, 1.33130548483e-14, 4.59022136012e-16],
        "stdev": [1.70622333826e-05, 0.000183070398634, 0.000959454628173, 0.00108613737393, 0.000492625229526, 0.000610062386841, 0.00155829184223, 0.000842934183311, 0.00109593570232, 0.00168686558027, 0.0042493105866, 0.00388049986213, 0.00458338018507, 0.00273871049285, 0.000802692666184, 0.000452401349321, 0.000449113518698, 0.00070079031866, 0.000916757504456, 0.00160347856581, 0.000924398656934, 0.000662846607156, 0.000961053417996, 0.000300505227642, 0.000252095545875, 0.000288867740892, 0.000503133807797, 0.00078498449875, 0.000181256764336, 0.00012379452528, 0.000101493191323, 0.000320586259477, 0.000266379967798, 5.30184188392e-05, 3.04768000206e-05, 9.26306238398e-05, 0.000148012186401, 2.72312991001e-05, 0.000165789824678, 0.000136558592203, 5.77851278649e-05, 0.000147882441524, 0.000108562126115, 0.000142516742926, 2.53835769399e-05, 4.17069459218e-05, 4.25912585342e-05, 9.8151176644e-06, 1.88218018593e-05, 9.08230285859e-05, 2.07009616133e-05, 1.83997035492e-05, 1.14707509056e-05, 1.76077137439e-05, 7.32914413675e-05, 2.9404538509e-05, 4.31304542872e-05, 3.67095526599e-05, 2.86691629299e-05, 2.10655198316e-05, 2.42841288127e-05, 3.1482315535e-05, 7.97940447228e-06, 7.51229345042e-06, 7.15702526577e-06, 5.9307394622e-06, 6.95673861628e-06, 9.52594018599e-06, 1.64080374816e-05, 1.63272034115e-05, 2.09153222386e-05, 2.00217909878e-05, 9.1202718977e-06, 8.08312961453e-06, 5.60590251553e-06, 4.9500104069e-06, 6.13215888734e-06, 3.71721171177e-06, 2.60744991465e-06, 3.80941241929e-06, 3.8346834117e-06, 2.75341790257e-06, 2.09192262446e-06, 1.03695413145e-06, 7.2516883165e-07, 4.07043813766e-07, 8.31969018122e-08, 4.86680340472e-09, 1.157451468e-09, 1.10843900725e-09, 1.01444752598e-09, 1.01530694963e-09, 9.07377895043e-10, 8.35554347933e-10, 8.17325207514e-10, 7.95076726678e-10, 6.91058099633e-10, 6.0034605065e-10, 4.67067162724e-10, 4.59106447304e-10, 2.97657398729e-10, 2.18948706388e-10, 2.05724368096e-10, 1.97263441692e-10, 1.88780574506e-10, 1.80438233799e-10, 1.74500427996e-10, 1.64673386038e-10, 1.59451757353e-10, 1.5260777364e-10, 1.45644746263e-10, 1.39936617849e-10, 1.35956274017e-10, 1.32135774544e-10, 1.26996038685e-10, 1.21920029628e-10, 1.18092910451e-10, 1.14684699237e-10, 1.12278776554e-10, 1.0931792277e-10, 1.0598446426e-10, 1.03946046215e-10, 1.01337015168e-10, 1.00267051606e-10, 9.89310300348e-11, 9.78392436513e-11, 9.68030031134e-11, 9.62778745617e-11]
    },
    "mfcc": {
        "mean": [-805.551635742, 195.85484314, -28.6391944885, 47.2281227112, -15.1251459122, 4.18756866455, -1.93572771549, -8.88078117371, -1.25151467323, -6.717274189, -8.31105136871, 2.59133696556, -7.03946399689],
        "cov": [[9791.52539062, 1661.28625488, -2839.81323242, 856.494812012, -1320.5390625, -445.928649902, -347.997497559, -393.707366943, -263.711975098, -617.924804688, 269.273071289, -489.269104004, -624.257873535], [1661.28625488, 1147.41259766, -374.206939697, -573.28894043, -157.085693359, -204.51763916, -145.912658691, 40.836139679, -150.665756226, -114.959777832, 40.9738006592, -91.7927017212, -106.046554565], [-2839.81323242, -374.206939697, 1181.3840332, -67.2934570312, 345.056976318, 174.975753784, 93.0990219116, 101.612831116, 121.496673584, 172.962234497, -77.2783279419, 160.075622559, 168.933685303], [856.494812012, -573.28894043, -67.2934570312, 1172.4029541, -23.3721942902, -3.40767717361, 78.9221725464, -145.519454956, 57.7185096741, -35.2374229431, 9.54544353485, 41.7142944336, -62.0738563538], [-1320.5390625, -157.085693359, 345.056976318, -23.3721942902, 478.464019775, 32.3473587036, 44.4905319214, 93.2900085449, -37.7920074463, 71.9018936157, -58.6449928284, 70.8012924194, 84.3554458618], [-445.928649902, -204.51763916, 174.975753784, -3.40767717361, 32.3473587036, 349.116577148, 102.076805115, 23.0037059784, 133.597473145, 52.8315811157, 36.8533210754, -32.2698478699, 20.9748973846], [-347.997497559, -145.912658691, 93.0990219116, 78.9221725464, 44.4905319214, 102.076805115, 213.222061157, 75.0676040649, 51.6297111511, 68.9103317261, -2.91207718849, 38.6601142883, 13.4918317795], [-393.707366943, 40.836139679, 101.612831116, -145.519454956, 93.2900085449, 23.0037059784, 75.0676040649, 187.400283813, 19.7198600769, 8.55159568787, 21.420791626, 8.87161445618, 54.2938766479], [-263.711975098, -150.665756226, 121.496673584, 57.7185096741, -37.7920074463, 133.597473145, 51.6297111511, 19.7198600769, 212.926605225, 93.7750473022, -15.22336483, 22.2950534821, 24.4560317993], [-617.924804688, -114.959777832, 172.962234497, -35.2374229431, 71.9018936157, 52.8315811157, 68.9103317261, 8.55159568787, 93.7750473022, 187.322036743, 23.2727718353, 29.3279018402, 12.5243692398], [269.273071289, 40.9738006592, -77.2783279419, 9.54544353485, -58.6449928284, 36.8533210754, -2.91207718849, 21.420791626, -15.22336483, 23.2727718353, 182.149291992, 0.192854076624, -43.5868835449], [-489.269104004, -91.7927017212, 160.075622559, 41.7142944336, 70.8012924194, -32.2698478699, 38.6601142883, 8.87161445618, 22.2950534821, 29.3279018402, 0.192854076624, 199.464553833, 83.2906112671], [-624.257873535, -106.046554565, 168.933685303, -62.0738563538, 84.3554458618, 20.9748973846, 13.4918317795, 54.2938766479, 24.4560317993, 12.5243692398, -43.5868835449, 83.2906112671, 192.824798584]],
        "icov": [[0.00460072187707, -0.00689623411745, 0.00717040942982, -0.00662752566859, 0.00515342084691, -0.003602177836, 0.00291810440831, -0.00172463071067, 0.000883009110112, 0.000438337854575, 0.00106057396624, 0.000213683350012, 0.00111210858449], [-0.00689623411745, 0.0120642147958, -0.0105425016955, 0.0108172884211, -0.00757908215746, 0.00616232445464, -0.00418866658583, 0.00230338214897, -0.00136417790782, 4.86590506625e-05, -0.00190013821702, -0.000278458639514, -0.000822221743874], [0.00717040942982, -0.0105425016955, 0.0127568198368, -0.010444062762, 0.00785273034126, -0.00686200428754, 0.00575257511809, -0.00403914833441, 0.00220296136104, -0.00100519985426, 0.00296229217201, -0.00100850523449, 0.00181437341962], [-0.00662752566859, 0.0108172884211, -0.010444062762, 0.011577617377, -0.00857557356358, 0.0073191546835, -0.00674907909706, 0.0056018079631, -0.00399169465527, 0.0025063380599, -0.00371542666107, 0.000711077125743, -0.00158317422029], [0.00515342084691, -0.00757908215746, 0.00785273034126, -0.00857557356358, 0.0110194999725, -0.00741162430495, 0.00718557741493, -0.0076090968214, 0.00700786476955, -0.004922170192, 0.00569784641266, -0.00255555007607, 0.00232319370843], [-0.003602177836, 0.00616232445464, -0.00686200428754, 0.0073191546835, -0.00741162430495, 0.0126066179946, -0.00993733946234, 0.00893753115088, -0.00987111963332, 0.0074430173263, -0.00807970575988, 0.00557951675728, -0.00332289165817], [0.00291810440831, -0.00418866658583, 0.00575257511809, -0.00674907909706, 0.00718557741493, -0.00993733946234, 0.0161933917552, -0.0126066552475, 0.00899846479297, -0.00976242031902, 0.00853323284537, -0.00610328046605, 0.0043431809172], [-0.00172463071067, 0.00230338214897, -0.00403914833441, 0.0056018079631, -0.0076090968214, 0.00893753115088, -0.0126066552475, 0.0185747649521, -0.0108651556075, 0.0107381353155, -0.0102072702721, 0.00657841609791, -0.00543432077393], [0.000883009110112, -0.00136417790782, 0.00220296136104, -0.00399169465527, 0.00700786476955, -0.00987111963332, 0.00899846479297, -0.0108651556075, 0.017460078001, -0.0125994514674, 0.00953342858702, -0.00596138322726, 0.0026650109794], [0.000438337854575, 4.86590506625e-05, -0.00100519985426, 0.0025063380599, -0.004922170192, 0.0074430173263, -0.00976242031902, 0.0107381353155, -0.0125994514674, 0.0178881473839, -0.00951926968992, 0.00531653314829, -0.00187557993922], [0.00106057396624, -0.00190013821702, 0.00296229217201, -0.00371542666107, 0.00569784641266, -0.00807970575988, 0.00853323284537, -0.0102072702721, 0.00953342858702, -0.00951926968992, 0.0136537328362, -0.00587483448908, 0.00429359683767], [0.000213683350012, -0.000278458639514, -0.00100850523449, 0.000711077125743, -0.00255555007607, 0.00557951675728, -0.00610328046605, 0.00657841609791, -0.00596138322726, 0.00531653314829, -0.00587483448908, 0.0106581933796, -0.00478409649804], [0.00111210858449, -0.000822221743874, 0.00181437341962, -0.00158317422029, 0.00232319370843, -0.00332289165817, 0.0043431809172, -0.00543432077393, 0.0026650109794, -0.00187557993922, 0.00429359683767, -0.00478409649804, 0.00962724722922]]
    },
    "spectral_contrast_coeffs": {
        "max": [-0.333707332611, -0.435159921646, -0.51144361496, -0.581409692764, -0.49154150486, -0.366263091564],
        "mean": [-0.678224623203, -0.735499322414, -0.753634691238, -0.790548086166, -0.78661429882, -0.696849763393],
        "min": [-0.899336576462, -0.929510235786, -0.926440298557, -0.915290594101, -0.906169354916, -0.920924246311],
        "stdev": [0.105774223804, 0.0862299576402, 0.0830719545484, 0.058384116739, 0.0558690130711, 0.0870996788144]
    },
    "spectral_contrast_valleys": {
        "max": [-5.27206850052, -5.61969852448, -6.36973285675, -6.47930669785, -6.59678268433, -11.1506643295],
        "mean": [-7.50709533691, -7.69968938828, -8.53934574127, -9.0888376236, -9.1864118576, -13.6850175858],
        "min": [-10.243262291, -11.1093454361, -11.7726640701, -11.7454681396, -11.7351503372, -14.5830402374],
        "stdev": [0.871867895126, 1.07388710976, 1.17362260818, 1.06283164024, 1.26542472839, 0.370371967554]
    }
},
"rhythm": {
    "beats_count": 49,
    "beats_loudness": {
        "max": 0.0867669582367,
        "mean": 0.0202203951776,
        "min": 4.68346152047e-05,
        "stdev": 0.0215438343585
    },
    "bpm": 93.9148788452,
    "bpm_histogram_first_peak_bpm": 94,
    "bpm_histogram_first_peak_weight": 0.459459483624,
    "bpm_histogram_second_peak_bpm": 83,
    "bpm_histogram_second_peak_spread": 0.142857134342,
    "bpm_histogram_second_peak_weight": 0.125,
    "danceability": 0.979840576649,
    "onset_rate": 3.01464819908,
    "beats_loudness_band_ratio": {
        "max": [0.994892418385, 0.832466721535, 0.889294862747, 0.661250650883, 0.459284007549, 0.214933529496],
        "mean": [0.264806985855, 0.317064851522, 0.29006716609, 0.153669983149, 0.0500278510153, 0.0147329177707],
        "min": [0.00979430694133, 0.00545892585069, 0.000430296524428, 0.000191309023649, 0.000348275993019, 0.000107096544525],
        "stdev": [0.290470331907, 0.239505469799, 0.252802759409, 0.166617229581, 0.0870766341686, 0.0336532481015]
    },
    "beats_position": [0.719818592072, 1.43963718414, 2.15945577621, 2.86766433716, 3.59909296036, 4.33052158356, 5.05034017563, 5.7701587677, 6.420317173, 7.05886602402, 7.69741487503, 8.33596324921, 8.97451210022, 9.61306095123, 10.2632198334, 10.9017686844, 11.5403175354, 12.1788663864, 12.8174142838, 13.4559631348, 14.0945119858, 14.7446708679, 15.4180498123, 16.0914287567, 16.7299766541, 17.391746521, 18.0419044495, 18.6804523468, 19.3073921204, 19.9459400177, 20.5728797913, 21.2230377197, 21.8731975555, 22.5117454529, 23.1502952576, 23.7888431549, 24.4273910522, 25.0659408569, 25.681268692, 26.2849884033, 26.9003162384, 27.5156459808, 28.1193637848, 28.7463035583, 29.3732414246, 30.0001811981, 30.6503391266, 31.2888889313, 31.9042167664],
