{
"metadata": {
    "version": {
        "essentia": "2.1-beta5",
        "essentia_git_sha": "Undefined",
        "extractor": "music 2.0"
    },
    "audio_properties": {
        "analysis": {
            "equal_loudness": 0,
            "length": 29.0017242432,
            "sample_rate": 44100,
            "start_time": 0,
            "downmix": "mix"
        },
        "bit_rate": 192000,
        "length": 180.163650513,
        "lossless": 0,
        "number_channels": 2,
        "replay_gain": 2.19084358215,
        "sample_rate": 48000,
        "codec": "mp3",
        "md5_encoded": "9caf8de40050fc9d9897d7f40694927f"
    },
    "tags": {
        "file_name": "United KingdomUK_A Man Without Love_Kenneth McKellar.mp3",
        "encoding": ["Lavf58.29.100"]
    }
},
"lowlevel": {
    "average_loudness": 0.522330284119,
    "barkbands_crest": {
        "max": 26.6594142914,
        "mean": 8.81099414825,
        "min": 3.16500997543,
        "stdev": 3.88733196259
    },
    "barkbands_flatness_db": {
        "max": 0.379381388426,
        "mean": 0.18561732769,
        "min": 0.0895875319839,
        "stdev": 0.0496584922075
    },
    "barkbands_kurtosis": {
        "max": 112.369468689,
        "mean": 6.076212883,
        "min": -1.72787427902,
        "stdev": 10.3236837387
    },
    "barkbands_skewness": {
        "max": 10.518155098,
        "mean": 1.57696187496,
        "min": -3.14667010307,
        "stdev": 1.36568665504
    },
    "barkbands_spread": {
        "max": 53.2785606384,
        "mean": 15.6642551422,
        "min": 0.494121134281,
        "stdev": 10.5485277176
    },
    "dissonance": {
        "max": 0.5,
        "mean": 0.451541990042,
        "min": 0.0879721567035,
        "stdev": 0.0353983081877
    },
    "dynamic_complexity": 6.18521690369,
    "erbbands_crest": {
        "max": 25.9300384521,
        "mean": 9.05394935608,
        "min": 2.81531071663,
        "stdev": 4.15146398544
    },
    "erbbands_flatness_db": {
        "max": 0.377082049847,
        "mean": 0.216778054833,
        "min": 0.053814150393,
        "stdev": 0.0465244017541
    },
    "erbbands_kurtosis": {
        "max": 39.1719589233,
        "mean": 1.02176296711,
        "min": -1.6593477726,
        "stdev": 3.78187060356
    },
    "erbbands_skewness": {
        "max": 5.33009815216,
        "mean": 0.573005795479,
        "min": -4.79029846191,
        "stdev": 1.0172675848
    },
    "erbbands_spread": {
        "max": 93.1651153564,
        "mean": 31.2982902527,
        "min": 3.04625058174,
        "stdev": 15.3910017014
    },
    "hfc": {
        "max": 141.149917603,
        "mean": 13.6576604843,
        "min": 1.16322389658e-05,
        "stdev": 19.5700740814
    },
    "loudness_ebu128": {
        "integrated": -28.051651001,
        "loudness_range": 8.36446380615,
        "momentary": {
            "max": -21.513753891,
            "mean": -32.0126686096,
            "min": -58.9478759766,
            "stdev": 7.50401496887
        },
        "short_term": {
            "max": -24.1109027863,
            "mean": -29.7508239746,
            "min": -39.5614776611,
            "stdev": 3.38319087029
        }
    },
    "melbands_crest": {
        "max": 39.70079422,
        "mean": 12.5039300919,
        "min": 3.64377570152,
        "stdev": 5.43191719055
    },
    "melbands_flatness_db": {
        "max": 0.44306409359,
        "mean": 0.225011274219,
        "min": 0.0533412881196,
        "stdev": 0.0763095095754
    },
    "melbands_kurtosis": {
        "max": 216.746154785,
        "mean": 12.3280200958,
        "min": -1.74145507812,
        "stdev": 18.2331008911
    },
    "melbands_skewness": {
        "max": 14.2935390472,
        "mean": 2.25282859802,
        "min": -1.50839710236,
        "stdev": 1.58151173592
    },
    "melbands_spread": {
        "max": 115.801086426,
        "mean": 20.7439193726,
        "min": 0.694012641907,
        "stdev": 16.2935733795
    },
    "pitch_salience": {
        "max": 0.926874995232,
        "mean": 0.60925924778,
        "min": 0.015634695068,
        "stdev": 0.115657061338
    },
    "silence_rate_20dB": {
        "max": 1,
        "mean": 1,
        "min": 1,
        "stdev": 0
    },
    "silence_rate_30dB": {
        "max": 1,
        "mean": 1,
        "min": 1,
        "stdev": 0
    },
    "silence_rate_60dB": {
        "max": 1,
        "mean": 0.219999998808,
        "min": 0,
        "stdev": 0.414246797562
    },
    "spectral_centroid": {
        "max": 4160.65869141,
        "mean": 1198.64526367,
        "min": 234.374984741,
        "stdev": 738.169555664
    },
    "spectral_complexity": {
        "max": 50,
        "mean": 15.1711997986,
        "min": 0,
        "stdev": 12.4086704254
    },
    "spectral_decrease": {
        "max": -4.36101900916e-15,
        "mean": -3.17457127252e-09,
        "min": -2.3554937556e-08,
        "stdev": 3.30265859105e-09
    },
    "spectral_energy": {
        "max": 0.0983157902956,
        "mean": 0.0132203539833,
        "min": 1.76675598595e-08,
        "stdev": 0.0140265934169
    },
    "spectral_energyband_high": {
        "max": 0.0139061631635,
        "mean": 0.000493808009196,
        "min": 9.16187514743e-10,
        "stdev": 0.00158190820366
    },
    "spectral_energyband_low": {
        "max": 0.0467454604805,
        "mean": 0.00192347855773,
        "min": 3.84066822789e-09,
        "stdev": 0.00309586105868
    },
    "spectral_energyband_middle_high": {
        "max": 0.0359562002122,
        "mean": 0.00433192262426,
        "min": 1.37570871361e-10,
        "stdev": 0.00605797581375
    },
    "spectral_energyband_middle_low": {
        "max": 0.0766227692366,
        "mean": 0.00715829152614,
        "min": 1.61111297914e-11,
        "stdev": 0.00851113814861
    },
    "spectral_entropy": {
        "max": 8.82469558716,
        "mean": 7.20171880722,
        "min": 5.38137578964,
        "stdev": 0.46704390645
    },
    "spectral_flux": {
        "max": 0.200644060969,
        "mean": 0.0503111220896,
        "min": 4.41903321189e-05,
        "stdev": 0.036471772939
    },
    "spectral_kurtosis": {
        "max": 98.7718429565,
        "mean": 6.70323610306,
        "min": -0.255251407623,
        "stdev": 6.35571098328
    },
    "spectral_rms": {
        "max": 0.00979376584291,
        "mean": 0.00309448200278,
        "min": 4.15170370616e-06,
        "stdev": 0.0018226596294
    },
    "spectral_rolloff": {
        "max": 5103.36914062,
        "mean": 1345.93005371,
        "min": 21.533203125,
        "stdev": 1133.29040527
    },
    "spectral_skewness": {
        "max": 8.6049413681,
        "mean": 1.6331012249,
        "min": 0.294254809618,
        "stdev": 0.742532670498
    },
    "spectral_spread": {
        "max": 10742579,
        "mean": 3141463.75,
        "min": 916851.8125,
        "stdev": 1131725.625
    },
    "spectral_strongpeak": {
        "max": 7.58301734924,
        "mean": 0.8091340065,
        "min": 0,
        "stdev": 0.960607886314
    },
    "zerocrossingrate": {
        "max": 0.1572265625,
        "mean": 0.0465156249702,
        "min": 0,
        "stdev": 0.0282933749259
    },
    "barkbands": {
        "max": [0.000242297741352, 0.00466341199353, 0.0188004951924, 0.0383757837117, 0.0180752947927, 0.0522160679102, 0.0378709584475, 0.0105393305421, 0.0226363483816, 0.00856582354754, 0.0122728683054, 0.0108175659552, 0.0216547194868, 0.00415410660207, 0.00356299709529, 0.0075896452181, 0.00595992663875, 0.00580794177949, 0.00690518692136, 0.00638092122972, 0.00400841515511, 0.00425485288724, 0.00210749777034, 0.00257619493641, 0.000296678190352, 8.75505577369e-07, 9.6675671557e-07],
        "mean": [2.0119256078e-05, 0.00038602083805, 0.000921827973798, 0.00113782542758, 0.00136650598142, 0.001317684073, 0.00168430618942, 0.000774432031903, 0.00074174272595, 0.000452039530501, 0.000371117639588, 0.000475967884995, 0.000877647195011, 0.000275802594842, 0.000317860220093, 0.000294927682262, 0.000395458453568, 0.000428681523772, 0.000311238371069, 0.000302683853079, 0.000133868772537, 0.000120774449897, 6.04592787568e-05, 4.60092051071e-05, 5.35498838872e-06, 1.53835533201e-09, 1.59032220726e-09],
        "min": [9.56721279977e-09, 4.67464816856e-11, 7.42589786862e-14, 2.83844569214e-14, 1.05123852331e-12, 5.45233400529e-13, 1.07741365742e-12, 1.71420039621e-12, 4.81146763057e-12, 3.07094822662e-12, 4.34573167382e-12, 5.42359646777e-12, 4.21397682374e-12, 3.15648028548e-12, 1.02686947487e-11, 1.15707946696e-11, 1.21657640559e-11, 1.37039398926e-11, 1.80449093168e-11, 2.6355098659e-11, 3.14431605752e-11, 2.91153282039e-11, 5.55175037886e-11, 6.93194321388e-11, 1.06704881042e-10, 1.54747520353e-10, 2.13503922875e-10],
        "stdev": [2.63048295892e-05, 0.000660382967908, 0.00146075966768, 0.00274249981157, 0.00192457332741, 0.0028296506498, 0.00329295382835, 0.00137075525708, 0.00159060570877, 0.000885242829099, 0.000890488619916, 0.000996605376713, 0.00203965953551, 0.000536427542102, 0.000567913579289, 0.000596933998168, 0.000655732583255, 0.000745537108742, 0.000574831617996, 0.000839473388623, 0.000420533207944, 0.000435725582065, 0.000214115774725, 0.000195547676412, 2.12994964386e-05, 2.47478304516e-08, 2.73291806963e-08]
    },
    "erbbands": {
        "max": [0.0968055948615, 1.26761817932, 12.774058342, 101.221099854, 87.8168869019, 70.4181900024, 175.670211792, 593.489868164, 312.309326172, 613.846252441, 254.470718384, 703.652526855, 322.545928955, 332.178863525, 610.919189453, 442.817657471, 820.934875488, 490.260498047, 241.356506348, 197.927993774, 265.282470703, 315.508789062, 373.254241943, 279.373840332, 529.02154541, 386.315673828, 107.814712524, 196.903991699, 177.350143433, 93.5292205811, 50.2279701233, 78.8805465698, 22.8537063599, 6.08365345001, 0.518091738224, 0.0148442965001, 0.001627772348, 0.000591922085732, 0.00013822458277, 0.00013740058057],
        "mean": [0.00494725862518, 0.12240523845, 0.950116693974, 2.63891625404, 3.76117658615, 4.45904445648, 7.4183678627, 12.6112003326, 19.1943054199, 24.2172813416, 17.9836463928, 16.5873699188, 15.8256797791, 13.7854003906, 16.2558174133, 19.351064682, 32.3922920227, 20.4162216187, 15.106054306, 18.6796989441, 17.8272914886, 21.8904132843, 24.3164138794, 19.7334136963, 14.741112709, 15.217007637, 5.21699428558, 6.28668498993, 4.35042238235, 2.68598723412, 1.51331996918, 1.4334679842, 0.404356390238, 0.122342348099, 0.0134783266112, 0.000402574485634, 3.87182481063e-05, 8.85027020558e-06, 9.30218266149e-06, 1.67036760104e-05],
        "min": [3.68834243147e-08, 3.40506756125e-09, 6.89076185001e-10, 4.01834510111e-10, 6.05258732023e-10, 3.93459709258e-09, 5.94464077963e-09, 6.2683001012e-09, 1.55312065431e-08, 1.83884498739e-08, 4.75696388946e-08, 1.06521248711e-07, 1.28137457978e-07, 1.22021376114e-07, 2.17510006451e-07, 2.27278732723e-07, 3.93662418219e-07, 1.55457755113e-07, 4.5877533239e-07, 6.89086562033e-07, 5.85093971495e-07, 7.01825740634e-07, 7.45346142139e-07, 7.94265190507e-07, 9.5489292562e-07, 9.28101087538e-07, 1.22755659504e-06, 1.29104341795e-06, 1.10063535885e-06, 1.0730240092e-06, 1.7488391677e-06, 1.1835999203e-06, 1.37602432915e-06, 1.0647486306e-06, 7.59915110393e-07, 5.03437775023e-07, 2.90157004201e-07, 1.33020080284e-07, 2.80625798155e-08, 2.9954059233e-09],
        "stdev": [0.0105681316927, 0.197470083833, 1.44220995903, 6.35319471359, 5.96918106079, 7.0118894577, 14.948433876, 29.584733963, 32.2229576111, 51.7816047668, 28.6570854187, 39.7847480774, 28.7613315582, 25.5612316132, 41.6076087952, 39.3822174072, 73.6484603882, 42.4472427368, 26.4189662933, 31.871881485, 29.3744697571, 35.2841072083, 42.737487793, 34.0868682861, 34.9988899231, 44.3754272461, 13.5046110153, 21.969285965, 15.7791471481, 9.49636363983, 5.38225364685, 5.98263025284, 1.70805263519, 0.507611751556, 0.0493830107152, 0.00144095392898, 0.000126294064103, 2.83703375317e-05, 1.34772699312e-05, 1.89827951544e-05]
    },
    "gfcc": {
        "mean": [-110.674575806, 143.708480835, -151.07711792, 39.980140686, -68.3007659912, -2.50001192093, -42.2358169556, -1.38385844231, -11.183552742, -20.6061592102, 3.63631725311, -19.5431900024, -2.24188995361],
        "cov": [[13459.2490234, 210.283279419, -3306.91333008, 246.491867065, -605.083740234, -337.903747559, 244.026519775, -443.082458496, 284.645385742, -295.739654541, 159.6824646, -457.425231934, -160.160934448], [210.283279419, 1105.2088623, 230.252578735, -279.042175293, 205.175872803, -244.404098511, -53.9558944702, 54.3660163879, 39.9745597839, -134.632873535, 64.7961273193, -37.0751037598, 9.45294952393], [-3306.91333008, 230.252578735, 1521.8269043, 148.614898682, 55.9153938293, 106.720222473, -143.436065674, 52.4690170288, -114.770629883, 99.8739395142, -63.1921958923, 83.8235397339, 120.902023315], [246.491867065, -279.042175293, 148.614898682, 400.923858643, -52.4539489746, 106.955726624, 3.54778265953, -46.1631088257, -11.3750963211, 63.48279953, -46.9872436523, -47.913394928, 19.2006149292], [-605.083740234, 205.175872803, 55.9153938293, -52.4539489746, 317.76449585, -35.3494873047, -0.0517397448421, 94.7782287598, 51.1958770752, -21.0421600342, 22.3679924011, 2.78748393059, -43.1083831787], [-337.903747559, -244.404098511, 106.720222473, 106.955726624, -35.3494873047, 252.602905273, 104.118942261, -5.88760089874, -44.9603919983, 44.7240180969, -38.096408844, 11.2028312683, 17.993598938], [244.026519775, -53.9558944702, -143.436065674, 3.54778265953, -0.0517397448421, 104.118942261, 191.959228516, 48.8453292847, 2.2958741188, -18.4671401978, 6.92789554596, 8.55683040619, -14.440071106], [-443.082458496, 54.3660163879, 52.4690170288, -46.1631088257, 94.7782287598, -5.88760089874, 48.8453292847, 199.923980713, 34.7315788269, -46.7183380127, 22.221408844, 34.1419372559, -54.7493667603], [284.645385742, 39.9745597839, -114.770629883, -11.3750963211, 51.1958770752, -44.9603919983, 2.2958741188, 34.7315788269, 109.961578369, 18.9768848419, 19.3983898163, -13.6904191971, -23.9335441589], [-295.739654541, -134.632873535, 99.8739395142, 63.48279953, -21.0421600342, 44.7240180969, -18.4671401978, -46.7183380127, 18.9768848419, 104.957992554, -2.39289021492, -8.43028450012, 24.3736152649], [159.6824646, 64.7961273193, -63.1921958923, -46.9872436523, 22.3679924011, -38.096408844, 6.92789554596, 22.221408844, 19.3983898163, -2.39289021492, 70.133140564, 28.053812027, -12.4761743546], [-457.425231934, -37.0751037598, 83.8235397339, -47.913394928, 2.78748393059, 11.2028312683, 8.55683040619, 34.1419372559, -13.6904191971, -8.43028450012, 28.053812027, 85.2970733643, 17.8998069763], [-160.160934448, 9.45294952393, 120.902023315, 19.2006149292, -43.1083831787, 17.993598938, -14.440071106, -54.7493667603, -23.9335441589, 24.3736152649, -12.4761743546, 17.8998069763, 83.2956542969]],
        "icov": [[0.0004873109865, -0.000515201536473, 0.000968823267613, -0.000956535513978, 0.000996891758405, -0.000375916104531, 0.00015167753736, 0.000542229041457, -0.000851947173942, 0.00128144712653, -0.00135394663084, 0.00117987580597, -0.000286546797724], [-0.000515201536473, 0.00429276609793, -0.00299711734988, 0.0032293307595, -0.00233013974503, 0.00185010093264, -0.0014845340047, 0.000901272695046, -0.00156897201668, 0.00515613006428, -0.00387398642488, 0.00562215643004, -0.00289049767889], [0.000968823267613, -0.00299711734988, 0.00427732570097, -0.00338339922018, 0.00217052036896, -0.0016808710061, 0.0021797826048, -0.00122449442279, 0.00119663833175, -0.00238504749723, 0.00103782571387, -0.00206463946961, -0.000525231822394], [-0.000956535513978, 0.0032293307595, -0.00338339922018, 0.00662285275757, -0.00229105516337, 0.000287747127004, -0.000865957816131, -0.00013539691281, -0.000186705758097, 0.000520819157828, -0.000109198183054, 0.00383927184157, -0.00135583803058], [0.000996891758405, -0.00233013974503, 0.00217052036896, -0.00229105516337, 0.00660498673096, -0.001475959667, 0.00094769638963, -0.000435982103227, -0.00268826563843, 0.00122405681759, -0.00187800929416, 0.000951049849391, 0.00155751174316], [-0.000375916104531, 0.00185010093264, -0.0016808710061, 0.000287747127004, -0.001475959667, 0.00997194182128, -0.00614615157247, 0.000177714042366, 0.00326897785999, -0.00350314471871, 0.00381622486748, -0.00127143517602, 0.000383143284125], [0.00015167753736, -0.0014845340047, 0.0021797826048, -0.000865957816131, 0.00094769638963, -0.00614615157247, 0.0104092732072, -0.00311720278114, -6.62824240862e-05, 0.000381486985134, -0.00106908811722, -0.000885655870661, -0.00103085814044], [0.000542229041457, 0.000901272695046, -0.00122449442279, -0.00013539691281, -0.000435982103227, 0.000177714042366, -0.00311720278114, 0.0121246818453, -0.00624859659001, 0.00845026504248, -0.00354142929427, -0.000208525787457, 0.00516012636945], [-0.000851947173942, -0.00156897201668, 0.00119663833175, -0.000186705758097, -0.00268826563843, 0.00326897785999, -6.62824240862e-05, -0.00624859659001, 0.0190104395151, -0.014398262836, 0.00563425943255, -0.00505955098197, 0.00223666173406], [0.00128144712653, 0.00515613006428, -0.00238504749723, 0.000520819157828, 0.00122405681759, -0.00350314471871, 0.000381486985134, 0.00845026504248, -0.014398262836, 0.0326520986855, -0.0176109988242, 0.0170880239457, -0.00777028035372], [-0.00135394663084, -0.00387398642488, 0.00103782571387, -0.000109198183054, -0.00187800929416, 0.00381622486748, -0.00106908811722, -0.00354142929427, 0.00563425943255, -0.0176109988242, 0.0342650413513, -0.0229089315981, 0.00887311529368], [0.00117987580597, 0.00562215643004, -0.00206463946961, 0.00383927184157, 0.000951049849391, -0.00127143517602, -0.000885655870661, -0.000208525787457, -0.00505955098197, 0.0170880239457, -0.0229089315981, 0.0362227372825, -0.0134507454932], [-0.000286546797724, -0.00289049767889, -0.000525231822394, -0.00135583803058, 0.00155751174316, 0.000383143284125, -0.00103085814044, 0.00516012636945, 0.00223666173406, -0.00777028035372, 0.00887311529368, -0.0134507454932, 0.0239295754582]]
    },
    "melbands": {
        "max": [0.00111366808414, 0.00599655555561, 0.0147143946961, 0.0044501889497, 0.00579508207738, 0.0120618557557, 0.00477391062304, 0.00535076204687, 0.00212917267345, 0.00446499185637, 0.00162065750919, 0.00124997552484, 0.00165187392849, 0.00144514639396, 0.00329857249744, 0.00196196883917, 0.000772149418481, 0.000452874664916, 0.000374014867702, 0.000661035068333, 0.000277574872598, 0.000342962099239, 0.000294805620797, 0.000362219638191, 0.000237020678469, 0.000266055227257, 0.000367943721358, 0.000254071492236, 3.97636686102e-05, 0.000153251326992, 0.000126729952171, 0.000112826419354, 7.50280523789e-05, 6.16300530965e-05, 2.81219417957e-05, 4.24921308877e-05, 5.17971093359e-05, 1.6883466742e-05, 9.81826087809e-06, 4.95964332003e-06],
        "mean": [7.50336184865e-05, 0.000389057764551, 0.00048898573732, 0.00028569198912, 0.00024997885339, 0.000276940903859, 0.000319477781886, 0.000248799944529, 0.000138391857035, 0.000104523955088, 8.07457108749e-05, 5.74160585529e-05, 4.75696288049e-05, 6.00212624704e-05, 5.51537887077e-05, 8.58093408169e-05, 3.01165109704e-05, 2.40760946326e-05, 2.74617377727e-05, 2.27793261729e-05, 2.04195894185e-05, 2.36447758653e-05, 1.98965262825e-05, 2.12912254938e-05, 1.58753882715e-05, 9.7367556009e-06, 1.24641719594e-05, 9.38404809858e-06, 2.63710148829e-06, 4.19610159952e-06, 3.33761317961e-06, 2.77174740404e-06, 1.55210932462e-06, 1.47934565575e-06, 8.66259370014e-07, 9.15169437121e-07, 8.20775596821e-07, 2.87402713184e-07, 1.73660353653e-07, 8.03580846309e-08],
        "min": [7.33744620618e-10, 7.33769260088e-14, 4.08182161845e-14, 2.51684307076e-13, 2.25715361115e-13, 1.25520226808e-13, 2.43489364955e-13, 2.06694782275e-13, 3.72365305907e-13, 7.45956844472e-13, 5.95058073996e-13, 4.23821269963e-13, 6.01504956954e-13, 7.72692673734e-13, 8.01277772432e-13, 3.78032837239e-13, 2.23200296678e-13, 6.21284111397e-13, 8.51348451372e-13, 7.44870148634e-13, 5.25797504494e-13, 6.870717645e-13, 7.04323968939e-13, 5.92563433217e-13, 5.82880044144e-13, 6.12805704618e-13, 9.27375906103e-13, 5.21034062249e-13, 7.53748517594e-13, 7.16604943787e-13, 7.66209849474e-13, 6.96780469694e-13, 4.49840007908e-13, 6.20961778091e-13, 1.03602131214e-12, 9.92820734479e-13, 6.2186475587e-13, 9.72246155112e-13, 7.91581372932e-13, 8.908431718e-13],
        "stdev": [0.000139948533615, 0.000567504670471, 0.000991598586552, 0.000395303795813, 0.000471447012387, 0.000611388415564, 0.000552560843062, 0.000498433539178, 0.000222804388613, 0.000262485729763, 0.000148020655615, 0.000108041429485, 0.00011333997827, 0.000134173722472, 0.000184868084034, 0.000200415044674, 6.4096369897e-05, 4.77394169138e-05, 5.24651222804e-05, 4.92760773341e-05, 3.29842041538e-05, 3.87444997614e-05, 3.53569157596e-05, 3.81932077289e-05, 2.8419555747e-05, 1.92584320757e-05, 3.53088798875e-05, 2.84010875475e-05, 5.80485766477e-06, 1.45095045809e-05, 1.21580224004e-05, 1.03761058199e-05, 5.45061720914e-06, 5.36691686648e-06, 3.02431567434e-06, 3.63957087757e-06, 3.57457361133e-06, 1.22265669233e-06, 7.74190596076e-07, 3.37177027632e-07]
    },
    "melbands128": {
        "max": [0.000186444303836, 0.000451987492852, 0.00208253087476, 0.00233657704666, 0.00464157108217, 0.0123174646869, 0.0246206857264, 0.014366235584, 0.00948325637728, 0.00447047781199, 0.00500323809683, 0.00783722661436, 0.00824733823538, 0.00529900053516, 0.0162453576922, 0.0152285546064, 0.00568781839684, 0.00454548513517, 0.0161582157016, 0.00912026688457, 0.00412294641137, 0.0034541003406, 0.00398224871606, 0.00455416785553, 0.00714023271576, 0.00854506623, 0.00396525627002, 0.00328702339903, 0.00240317522548, 0.00124310597312, 0.00160385551862, 0.00360528030433, 0.00124628725462, 0.00443909550086, 0.00344420573674, 0.00198273826391, 0.000777109351475, 0.00496581569314, 0.00448658550158, 0.00204610941, 0.00450589507818, 0.00328958779573, 0.000769021804444, 0.000893031945452, 0.000805135525297, 0.000543137488421, 0.000481804541778, 0.000544877490029, 0.000683241698425, 0.000432474713307, 0.00112364895176, 0.000961742305662, 0.000284013571218, 0.000307110603899, 0.000477781402878, 0.000434349960415, 0.000382362661185, 0.000734367757104, 0.000271626195172, 0.000824609654956, 0.000500654103234, 0.00031643253169, 0.000310442846967, 0.000273441488389, 0.000253452744801, 0.000177471432835, 0.000704795180354, 0.000496822467539, 0.000461851916043, 0.000466989789857, 0.000381342164474, 0.000236070132814, 0.00010516862676, 4.17396586272e-05, 3.76758252969e-05, 0.000215703257709, 0.000243508024141, 0.00021918429411, 0.000122549725347, 0.000224373856327, 0.000122645258671, 0.000134010406327, 0.000181232986506, 4.04390120821e-05, 5.52867386432e-05, 0.000107833482616, 0.000110322864202, 4.41319389211e-05, 4.32747729064e-05, 2.72078450507e-05, 4.15811191488e-05, 5.4294912843e-05, 5.09419878654e-05, 8.73634853633e-05, 4.07219631597e-05, 3.09846145683e-05, 7.23057246432e-06, 2.00904032681e-05, 1.9279330445e-05, 6.58933458908e-06, 3.58318493454e-06, 7.92095579527e-06, 2.29568672694e-06, 7.79670983775e-07, 1.32558952259e-07, 6.53871623513e-09, 6.26768370537e-09, 6.13108541714e-09, 5.91917537207e-09, 5.75920111601e-09, 5.6045625918e-09, 5.30600763327e-09, 5.130809555e-09, 4.98623142775e-09, 4.87953233375e-09, 4.73872718842e-09, 4.58518911728e-09, 4.50916193273e-09, 4.41394298889e-09, 4.27590318708e-09, 4.14229806012e-09, 4.07402334091e-09, 4.04638944573e-09, 3.95829236055e-09, 3.90074017531e-09, 3.8538545688e-09, 3.8235303812e-09, 3.80625309049e-09],
        "mean": [1.36733233376e-05, 2.25947605941e-05, 7.42490883567e-05, 0.000221713024075, 0.000453695713077, 0.000431943597505, 0.000546283321455, 0.000549810938537, 0.000356893549906, 0.000265988433966, 0.000234269187786, 0.000256432511378, 0.000270198070211, 0.000211783859413, 0.000281809567241, 0.000312629097607, 0.000277891289443, 0.000274544989225, 0.000462585594505, 0.000239765548031, 0.000172539555933, 0.000188576159417, 0.000117520714412, 0.000122915094835, 8.6321902927e-05, 0.000130258704303, 6.7897955887e-05, 6.94749105605e-05, 0.000102578786027, 4.85935961478e-05, 4.73953041364e-05, 6.42300583422e-05, 1.97013505385e-05, 6.35083706584e-05, 7.8900513472e-05, 5.79337611271e-05, 2.61652257905e-05, 6.91999375704e-05, 6.38094934402e-05, 4.74740227219e-05, 0.000141217344208, 5.69052208448e-05, 1.40410602398e-05, 2.41620746237e-05, 3.06275032926e-05, 2.51706114796e-05, 1.23216241263e-05, 3.08752933051e-05, 3.58630168193e-05, 1.59996707225e-05, 2.44701259362e-05, 2.63612473645e-05, 1.63652912306e-05, 1.76397770701e-05, 2.76929622487e-05, 2.37464555539e-05, 2.21338304982e-05, 1.82248513738e-05, 1.4920790818e-05, 3.21224906656e-05, 1.79794642463e-05, 1.91306608031e-05, 1.82401581696e-05, 1.45241383507e-05, 1.28197580125e-05, 7.66393532103e-06, 9.56409348873e-06, 1.05630479084e-05, 1.39666381074e-05, 1.45809635796e-05, 1.02293588498e-05, 6.8561257649e-06, 3.12368956656e-06, 1.88477451957e-06, 1.40039901453e-06, 5.09779511049e-06, 4.93307925353e-06, 3.57258954864e-06, 2.93939751828e-06, 3.82926145903e-06, 2.32975980907e-06, 2.67980453827e-06, 2.25545795729e-06, 1.09267875814e-06, 1.44644081956e-06, 1.43898796523e-06, 1.88372280263e-06, 1.02700744264e-06, 8.24343032946e-07, 5.89889737057e-07, 6.98066401128e-07, 1.09962900297e-06, 1.1153650803e-06, 9.58443706622e-07, 5.42677355497e-07, 3.88948080854e-07, 1.84903214517e-07, 1.91762964619e-07, 2.46824185979e-07, 1.15195426531e-07, 8.18078831344e-08, 9.29591479348e-08, 5.21485397087e-08, 2.01213783413e-08, 3.15099457637e-09, 1.88499927473e-11, 1.52848133456e-11, 1.0963224252e-11, 1.03385173686e-11, 1.00804243425e-11, 9.79437017601e-12, 9.38320254829e-12, 8.99420902339e-12, 8.70349625703e-12, 8.62891876008e-12, 8.46014230893e-12, 8.49933751851e-12, 7.6529676693e-12, 7.4317227719e-12, 7.2491873615e-12, 6.9435230135e-12, 6.92013633896e-12, 6.70407002482e-12, 6.32568346662e-12, 5.87423209034e-12, 5.12429812125e-12, 4.73071842116e-12, 4.6577255941e-12],
        "min": [6.21402762579e-10, 5.51641232693e-10, 1.05809493112e-11, 1.10522634339e-13, 3.13072457498e-14, 2.78922799571e-14, 1.70441579009e-14, 6.51087333258e-15, 2.37962691815e-14, 9.45392174918e-14, 2.28177936615e-13, 1.62607489865e-13, 2.07278177912e-13, 1.01159715099e-13, 1.76614961805e-13, 7.49069046808e-14, 1.52441942533e-13, 2.09624797989e-13, 3.06135731999e-13, 1.23283463516e-13, 1.07782509859e-13, 2.52769024245e-13, 4.49872859234e-13, 1.55314265138e-13, 5.38447867023e-13, 4.71761789789e-13, 2.90340180283e-13, 4.50282010029e-13, 3.15953616352e-13, 2.41941449514e-13, 3.18562369409e-13, 4.61504369876e-13, 4.70112284604e-13, 5.38529453236e-13, 7.66657950232e-13, 2.68134689799e-13, 4.2890262739e-13, 5.51558093902e-13, 5.78698981096e-13, 6.29667433645e-13, 1.04836583479e-13, 4.47527025204e-13, 2.66871458742e-13, 8.46531842563e-14, 1.75924026865e-13, 8.39940259272e-13, 1.08209014665e-12, 5.52811160563e-13, 7.63796794909e-13, 6.69026086701e-13, 4.59807376636e-13, 3.91664077472e-13, 2.5879271599e-13, 3.40871916197e-13, 7.79748010951e-13, 4.83139732648e-13, 6.63871247471e-13, 5.29731477867e-13, 9.24757232595e-13, 3.13185078999e-13, 5.96546195688e-13, 5.30380914968e-13, 5.48333676641e-13, 3.1025090266e-13, 7.81275597602e-13, 3.89976842052e-13, 1.84882152448e-13, 9.59486613425e-13, 9.01102651697e-13, 4.28260752599e-13, 5.53038409339e-13, 4.54876425155e-13, 7.43215493489e-13, 8.1717217628e-13, 7.95388657281e-13, 5.75933615035e-13, 5.96265495745e-13, 7.65273424057e-13, 6.07377646442e-13, 6.15517131621e-13, 6.44884427976e-13, 4.83371155602e-13, 4.11754072678e-13, 4.25785193778e-13, 4.35133537275e-13, 3.95374949143e-13, 4.54770173342e-13, 8.35951371059e-13, 6.73258920402e-13, 5.74531850046e-13, 1.15351456685e-12, 5.92902409027e-13, 4.73970201195e-13, 4.96192496813e-13, 7.96994360699e-13, 8.90476765675e-13, 7.85417304111e-13, 7.75512520954e-13, 4.21506959111e-13, 6.68118067381e-13, 8.36167777813e-13, 8.87743275158e-13, 7.29423357652e-13, 1.10247607484e-12, 6.283822746e-13, 8.54657490612e-13, 3.83745173225e-13, 5.95258542978e-13, 6.58876111222e-13, 6.53186977163e-13, 6.06270459183e-13, 6.51665570464e-13, 6.13656803324e-13, 6.77178202835e-13, 5.21119497381e-13, 7.61430794718e-13, 6.75103581978e-13, 6.59314399951e-13, 6.67005675952e-13, 6.47241483499e-13, 6.50182165052e-13, 6.44528592823e-13, 7.8822137619e-13, 5.94587530253e-13, 5.22574171435e-13, 1.90201221201e-13, 1.83593408759e-14, 5.3537829162e-16],
        "stdev": [1.74766591954e-05, 4.48945829703e-05, 0.000237536180066, 0.000372360198526, 0.000772175437305, 0.000758467649575, 0.00151103246026, 0.00119214085862, 0.000610834104009, 0.000452443695394, 0.000434620480519, 0.000566534756217, 0.000616663775872, 0.000540102482773, 0.000811784004327, 0.000811057689134, 0.000559371430427, 0.000538815220352, 0.00122513447423, 0.000644498039037, 0.000380641053198, 0.000407183804782, 0.000281669053948, 0.000293054356007, 0.000324702676153, 0.000440049509052, 0.000201433926122, 0.000193420841242, 0.000243156580837, 0.000113442503789, 0.00012588777463, 0.000183068041224, 6.37121192995e-05, 0.000267413386609, 0.000218072615098, 0.000156788548338, 6.73042886774e-05, 0.000264358444838, 0.000306252710288, 0.000129394902615, 0.000378562981496, 0.000205694173928, 4.32976885349e-05, 7.85018055467e-05, 7.53084168537e-05, 6.03438347753e-05, 3.57606950274e-05, 6.91381428624e-05, 8.12759244582e-05, 3.45584012393e-05, 7.32234693714e-05, 7.15984788258e-05, 3.24439279211e-05, 3.43929423252e-05, 5.29203935002e-05, 4.71652310807e-05, 4.59142102045e-05, 5.36394181836e-05, 3.01350919472e-05, 7.13298504706e-05, 3.8239712012e-05, 4.28415951319e-05, 3.57280878234e-05, 2.9875393011e-05, 2.65316939476e-05, 1.67294110724e-05, 3.46187953255e-05, 3.35194672516e-05, 4.16215116275e-05, 4.59974180558e-05, 3.71259266103e-05, 2.07190660149e-05, 8.12191137811e-06, 4.47838465334e-06, 3.56001214641e-06, 1.83188985829e-05, 1.99936766876e-05, 1.47005202962e-05, 1.08884332803e-05, 1.63019722095e-05, 9.22933941183e-06, 1.04493738036e-05, 9.35745811148e-06, 3.5781022234e-06, 5.37217556484e-06, 6.29955820841e-06, 7.41740177546e-06, 3.68634391634e-06, 3.14387966682e-06, 2.14581382352e-06, 2.95988684229e-06, 4.59534976471e-06, 4.62845855509e-06, 4.76439117847e-06, 2.45672481469e-06, 1.807325134e-06, 7.03215164322e-07, 9.93143544292e-07, 1.24105599753e-06, 4.83196970436e-07, 3.14981008387e-07, 4.62933741119e-07, 2.01246891152e-07, 6.39382449208e-08, 1.0498329317e-08, 2.04638805901e-10, 2.15053794217e-10, 1.73583536434e-10, 1.67325944767e-10, 1.62798746706e-10, 1.58425772501e-10, 1.49986648101e-10, 1.45036246901e-10, 1.4094805878e-10, 1.37926059463e-10, 1.33942301694e-10, 1.29602162335e-10, 1.27469951261e-10, 1.24778062882e-10, 1.20875753851e-10, 1.17099829833e-10, 1.15168298509e-10, 1.14386729255e-10, 1.11902556665e-10, 1.10285856836e-10, 1.08979276991e-10, 1.08131413545e-10, 1.07644108904e-10]
    },
    "mfcc": {
        "mean": [-731.122009277, 150.158691406, -14.8704109192, 26.312921524, 1.70046246052, -9.90888786316, -9.85101127625, 2.76789736748, -10.0256509781, -3.56421995163, -0.611706793308, -0.143967181444, -3.29222464561],
        "cov": [[14907.3662109, -988.154846191, -2668.43383789, -113.513420105, -1100.86132812, 59.6551475525, -389.470428467, -4.66778326035, -264.309509277, 289.978271484, -11.4965686798, 104.347885132, -107.710472107], [-988.154846191, 1417.07006836, 41.65234375, -38.8851661682, 249.641311646, -309.353668213, -21.1264724731, 72.9472122192, -15.3200092316, -137.614730835, 119.748977661, 8.40686798096, -49.1508903503], [-2668.43383789, 41.65234375, 1215.45361328, 174.874298096, 141.63420105, 122.078887939, 102.347518921, -129.259078979, 94.5365142822, -64.0707550049, -143.251419067, -19.9241371155, 49.2120399475], [-113.513420105, -38.8851661682, 174.874298096, 242.443450928, 105.058906555, 16.3758392334, -13.9007310867, -39.612197876, 16.6122207642, 30.8495521545, -10.431347847, -23.386428833, 15.1971855164], [-1100.86132812, 249.641311646, 141.63420105, 105.058906555, 317.023406982, -49.0277061462, -15.5559825897, 15.0527248383, 6.87086009979, -5.49195671082, 77.4329833984, -23.2493534088, -21.0459403992], [59.6551475525, -309.353668213, 122.078887939, 16.3758392334, -49.0277061462, 264.958251953, 65.5493774414, -88.058555603, 44.4323730469, 57.2216262817, -87.0553512573, -0.40133818984, 20.1676235199], [-389.470428467, -21.1264724731, 102.347518921, -13.9007310867, -15.5559825897, 65.5493774414, 161.74331665, 73.5425186157, 39.1401557922, -7.67188978195, -3.59218263626, 13.2771339417, 3.095515728], [-4.66778326035, 72.9472122192, -129.259078979, -39.612197876, 15.0527248383, -88.058555603, 73.5425186157, 224.016662598, 21.0932941437, -24.2783279419, 102.686676025, 18.3880443573, -17.9083995819], [-264.309509277, -15.3200092316, 94.5365142822, 16.6122207642, 6.87086009979, 44.4323730469, 39.1401557922, 21.0932941437, 86.691368103, 31.0169296265, -14.9314231873, 5.21817541122, 11.897187233], [289.978271484, -137.614730835, -64.0707550049, 30.8495521545, -5.49195671082, 57.2216262817, -7.67188978195, -24.2783279419, 31.0169296265, 95.6217422485, 15.7316646576, 2.13101506233, 3.35603642464], [-11.4965686798, 119.748977661, -143.251419067, -10.431347847, 77.4329833984, -87.0553512573, -3.59218263626, 102.686676025, -14.9314231873, 15.7316646576, 151.670120239, 22.5737857819, -28.8477916718], [104.347885132, 8.40686798096, -19.9241371155, -23.386428833, -23.2493534088, -0.40133818984, 13.2771339417, 18.3880443573, 5.21817541122, 2.13101506233, 22.5737857819, 62.0353775024, 23.9572162628], [-107.710472107, -49.1508903503, 49.2120399475, 15.1971855164, -21.0459403992, 20.1676235199, 3.095515728, -17.9083995819, 11.897187233, 3.35603642464, -28.8477916718, 23.9572162628, 84.8937911987]],
        "icov": [[0.000213968014577, -8.42117442517e-05, 0.000386705680285, -0.00054929102771, 0.000698810443282, -0.000296539743431, 0.000463742821012, -0.000329090165906, 0.000451379426522, -0.000374622904928, 0.000367666012608, -0.000515938154422, 0.000476326182252], [-8.42117442517e-05, 0.00140635750722, 3.50862355845e-05, 0.000538677326404, -0.00116744474508, 0.00169954274315, -0.000979600124992, 0.00154317182023, -0.00176632974762, 0.00207203626633, -0.000869939103723, -0.000184772492503, 0.000180860442924], [0.000386705680285, 3.50862355845e-05, 0.00231035682373, -0.00181276991498, 0.000615286640823, -0.000386328465538, -0.000438640883658, 0.00113723333925, -0.00150976073928, 0.00190916331485, 0.000678240787238, -0.0010518967174, 0.000659810379148], [-0.00054929102771, 0.000538677326404, -0.00181276991498, 0.0076222429052, -0.00391175225377, 0.00162241619546, -0.000977904070169, 0.000626462686341, -0.000285753514618, -0.00225509237498, 0.000160166455316, 0.00270584854297, -0.00246604019776], [0.000698810443282, -0.00116744474508, 0.000615286640823, -0.00391175225377, 0.00843814667314, -0.00221956078894, 0.00236481032334, -0.000419937889092, 0.000526939460542, 0.000167875477928, -0.00389517634176, 0.00137327506673, 0.00120701477863], [-0.000296539743431, 0.00169954274315, -0.000386328465538, 0.00162241619546, -0.00221956078894, 0.0101953167468, -0.00592938764021, 0.00468010362238, -0.0027530156076, -0.00240879552439, 0.0021721846424, -0.000674422248267, 0.000181947849342], [0.000463742821012, -0.000979600124992, -0.000438640883658, -0.000977904070169, 0.00236481032334, -0.00592938764021, 0.0134842190892, -0.0079290997237, 0.00120105035603, -0.00080513273133, 0.00225394126028, -0.00234537874348, 0.0015723843826], [-0.000329090165906, 0.00154317182023, 0.00113723333925, 0.000626462686341, -0.000419937889092, 0.00468010362238, -0.0079290997237, 0.0156117714942, -0.00975898373872, 0.00916558038443, -0.0105420295149, 0.00272246776149, -0.00127423752565], [0.000451379426522, -0.00176632974762, -0.00150976073928, -0.000285753514618, 0.000526939460542, -0.0027530156076, 0.00120105035603, -0.00975898373872, 0.0246221721172, -0.0149969868362, 0.00934268347919, -0.00342339160852, 0.000441673066234], [-0.000374622904928, 0.00207203626633, 0.00190916331485, -0.00225509237498, 0.000167875477928, -0.00240879552439, -0.00080513273133, 0.00916558038443, -0.0149969868362, 0.0272533129901, -0.0128060327843, 0.00323462719098, -0.00164210784715], [0.000367666012608, -0.000869939103723, 0.000678240787238, 0.000160166455316, -0.00389517634176, 0.0021721846424, 0.00225394126028, -0.0105420295149, 0.00934268347919, -0.0128060327843, 0.0231968741864, -0.00999605003744, 0.00565365329385], [-0.000515938154422, -0.000184772492503, -0.0010518967174, 0.00270584854297, 0.00137327506673, -0.000674422248267, -0.00234537874348, 0.00272246776149, -0.00342339160852, 0.00323462719098, -0.00999605003744, 0.0254629440606, -0.00970627460629], [0.000476326182252, 0.000180860442924, 0.000659810379148, -0.00246604019776, 0.00120701477863, 0.000181947849342, 0.0015723843826, -0.00127423752565, 0.000441673066234, -0.00164210784715, 0.00565365329385, -0.00970627460629, 0.0171406473964]]
    },
    "spectral_contrast_coeffs": {
        "max": [-0.449427127838, -0.474793076515, -0.509752511978, -0.613500058651, -0.472966432571, -0.636404156685],
        "mean": [-0.695818066597, -0.741349577904, -0.763140976429, -0.790674388409, -0.762687623501, -0.782717823982],
        "min": [-0.942262649536, -0.953348219395, -0.957829236984, -0.949592471123, -0.943530499935, -0.921183466911],
        "stdev": [0.0720886737108, 0.0735802203417, 0.0663093775511, 0.0610151998699, 0.0827352926135, 0.0639698803425]
    },
    "spectral_contrast_valleys": {
        "max": [-5.50339889526, -5.10616540909, -6.11495923996, -6.12725925446, -5.97848749161, -8.38163280487],
        "mean": [-7.47474431992, -7.13196229935, -8.18297576904, -8.38707828522, -8.50795078278, -11.4920988083],
        "min": [-17.6522407532, -15.9879465103, -15.618478775, -15.9161949158, -14.8750162125, -16.2805480957],
        "stdev": [1.06872463226, 1.19647061825, 1.22717130184, 1.27181863785, 1.29813206196, 0.966280460358]
    }
},
"rhythm": {
    "beats_count": 55,
    "beats_loudness": {
        "max": 0.0603478960693,
        "mean": 0.0141303483397,
        "min": 2.61829063675e-05,
        "stdev": 0.0129481023178
    },
    "bpm": 130.579574585,
    "bpm_histogram_first_peak_bpm": 129,
    "bpm_histogram_first_peak_weight": 0.41666662693,
    "bpm_histogram_second_peak_bpm": 136,
    "bpm_histogram_second_peak_spread": 0.41666662693,
    "bpm_histogram_second_peak_weight": 0.12962962687,
    "danceability": 0.849158525467,
    "onset_rate": 1.72334551811,
    "beats_loudness_band_ratio": {
        "max": [0.851154863834, 0.967473506927, 0.671038389206, 0.443661808968, 0.372058928013, 0.211026787758],
        "mean": [0.319596767426, 0.244709581137, 0.268310576677, 0.106395930052, 0.088286973536, 0.0308072436601],
        "min": [0.00354257156141, 0.0127188265324, 0.00683373445645, 0.00236299401149, 0.000849573989399, 0.00014531891793],
        "stdev": [0.239120274782, 0.196098864079, 0.174132227898, 0.105852134526, 0.0943751633167, 0.0489729866385]
    },
    "beats_position": [0.650158703327, 1.3235373497, 2.00852608681, 2.69351458549, 3.28562355042, 3.87773227692, 4.48145103455, 5.08516979218, 5.6888885498, 6.31582736969, 6.94276618958, 7.56970500946, 8.19664382935, 8.82358264923, 9.45052146912, 10.0658502579, 10.623128891, 11.1804075241, 11.7376871109, 12.3181858063, 12.8870744705, 13.4675731659, 14.0364627838, 14.6053514481, 15.0465307236, 15.4877090454, 15.9288883209, 16.3700675964, 16.8112468719, 17.2408161163, 17.6703853607, 18.0999546051, 18.5295238495, 18.970703125, 19.4234924316, 19.8762817383, 20.3406791687, 20.8050785065, 21.2694778442, 21.733877182, 22.1982765198, 22.6626758575, 23.1270751953, 23.5798625946, 24.0210418701, 24.4738311768, 24.9266204834, 25.3445796967, 25.7509288788, 26.168888092, 26.5868473053, 27.0048065186, 27.4343757629, 27.8407249451, 28.2470741272],
