{
"metadata": {
    "version": {
        "essentia": "2.1-beta5",
        "essentia_git_sha": "Undefined",
        "extractor": "music 2.0"
    },
    "audio_properties": {
        "analysis": {
            "equal_loudness": 0,
            "length": 12.7477550507,
            "sample_rate": 44100,
            "start_time": 0,
            "downmix": "mix"
        },
        "bit_rate": 192000,
        "length": 142.129348755,
        "lossless": 0,
        "number_channels": 2,
        "replay_gain": -0.63423538208,
        "sample_rate": 48000,
        "codec": "mp3",
        "md5_encoded": "3facf74e32e3b9323c5db94bfa71d384"
    },
    "tags": {
        "file_name": "Belgium_Un Peu De Poivre, Un Peu De Sel_Tonia.mp3",
        "encoding": ["Lavf58.29.100"]
    }
},
"lowlevel": {
    "average_loudness": 0.362719982862,
    "barkbands_crest": {
        "max": 24.0224895477,
        "mean": 11.1634178162,
        "min": 3.38945317268,
        "stdev": 4.52372503281
    },
    "barkbands_flatness_db": {
        "max": 0.357603341341,
        "mean": 0.203124642372,
        "min": 0.055603325367,
        "stdev": 0.066861204803
    },
    "barkbands_kurtosis": {
        "max": 31.562713623,
        "mean": 4.44152164459,
        "min": -1.49802792072,
        "stdev": 5.53552627563
    },
    "barkbands_skewness": {
        "max": 4.24343156815,
        "mean": 0.560493052006,
        "min": -4.03738307953,
        "stdev": 1.78148508072
    },
    "barkbands_spread": {
        "max": 46.5305175781,
        "mean": 14.4466352463,
        "min": 1.38632798195,
        "stdev": 8.14877128601
    },
    "dissonance": {
        "max": 0.499569565058,
        "mean": 0.437968999147,
        "min": 0.202554613352,
        "stdev": 0.0545790493488
    },
    "dynamic_complexity": 13.1470470428,
    "erbbands_crest": {
        "max": 31.6843585968,
        "mean": 12.4746179581,
        "min": 2.88589763641,
        "stdev": 6.29936170578
    },
    "erbbands_flatness_db": {
        "max": 0.446669369936,
        "mean": 0.260967940092,
        "min": 0.0852044299245,
        "stdev": 0.10723310709
    },
    "erbbands_kurtosis": {
        "max": 42.6811943054,
        "mean": 2.98025989532,
        "min": -1.63593292236,
        "stdev": 8.75951766968
    },
    "erbbands_skewness": {
        "max": 2.70521044731,
        "mean": 0.163104683161,
        "min": -3.8969180584,
        "stdev": 0.904418826103
    },
    "erbbands_spread": {
        "max": 87.4168930054,
        "mean": 30.3035430908,
        "min": 0.958728849888,
        "stdev": 26.6513576508
    },
    "hfc": {
        "max": 137.201004028,
        "mean": 9.74409198761,
        "min": 6.80699886288e-05,
        "stdev": 20.04845047
    },
    "loudness_ebu128": {
        "integrated": -25.5919017792,
        "loudness_range": 17.8470592499,
        "momentary": {
            "max": -19.9001483917,
            "mean": -36.2463417053,
            "min": -57.6884384155,
            "stdev": 12.8732128143
        },
        "short_term": {
            "max": -23.5177574158,
            "mean": -32.6011543274,
            "min": -57.0475387573,
            "stdev": 8.80262374878
        }
    },
    "melbands_crest": {
        "max": 30.0369777679,
        "mean": 14.7706365585,
        "min": 4.8985247612,
        "stdev": 5.7097454071
    },
    "melbands_flatness_db": {
        "max": 0.392889648676,
        "mean": 0.237669453025,
        "min": 0.12489952147,
        "stdev": 0.0548028238118
    },
    "melbands_kurtosis": {
        "max": 70.8430404663,
        "mean": 12.0098896027,
        "min": -1.62056148052,
        "stdev": 15.6367940903
    },
    "melbands_skewness": {
        "max": 6.97088336945,
        "mean": 1.43753361702,
        "min": -4.32068109512,
        "stdev": 2.61248850822
    },
    "melbands_spread": {
        "max": 69.3176193237,
        "mean": 19.0450134277,
        "min": 2.96471095085,
        "stdev": 11.3732261658
    },
    "pitch_salience": {
        "max": 0.890525639057,
        "mean": 0.530661761761,
        "min": 0.182708919048,
        "stdev": 0.105160839856
    },
    "silence_rate_20dB": {
        "max": 1,
        "mean": 1,
        "min": 1,
        "stdev": 0
    },
    "silence_rate_30dB": {
        "max": 1,
        "mean": 1,
        "min": 1,
        "stdev": 0
    },
    "silence_rate_60dB": {
        "max": 1,
        "mean": 0.605454564095,
        "min": 0,
        "stdev": 0.488753408194
    },
    "spectral_centroid": {
        "max": 2810.6784668,
        "mean": 1394.30786133,
        "min": 450.232574463,
        "stdev": 447.170440674
    },
    "spectral_complexity": {
        "max": 36,
        "mean": 6.31090927124,
        "min": 0,
        "stdev": 6.87946081161
    },
    "spectral_decrease": {
        "max": -1.52451412361e-14,
        "mean": -1.93293092643e-09,
        "min": -2.01667482713e-08,
        "stdev": 3.4889944267e-09
    },
    "spectral_energy": {
        "max": 0.0820696279407,
        "mean": 0.0081791440025,
        "min": 6.37127541836e-08,
        "stdev": 0.0148224625736
    },
    "spectral_energyband_high": {
        "max": 0.00745592685416,
        "mean": 0.000166040466866,
        "min": 5.14296960574e-09,
        "stdev": 0.00058978330344
    },
    "spectral_energyband_low": {
        "max": 0.0279074776918,
        "mean": 0.000818968343083,
        "min": 9.43293976263e-09,
        "stdev": 0.00280810240656
    },
    "spectral_energyband_middle_high": {
        "max": 0.0636314749718,
        "mean": 0.0040924269706,
        "min": 6.85959999913e-09,
        "stdev": 0.00868167355657
    },
    "spectral_energyband_middle_low": {
        "max": 0.0578882470727,
        "mean": 0.00337134697475,
        "min": 4.46058869841e-08,
        "stdev": 0.00751985562965
    },
    "spectral_entropy": {
        "max": 8.28143692017,
        "mean": 7.03659248352,
        "min": 5.37230014801,
        "stdev": 0.717152416706
    },
    "spectral_flux": {
        "max": 0.245521485806,
        "mean": 0.0267186462879,
        "min": 0.000252413854469,
        "stdev": 0.0361892990768
    },
    "spectral_kurtosis": {
        "max": 37.0637817383,
        "mean": 8.22308254242,
        "min": -0.528432846069,
        "stdev": 7.7300028801
    },
    "spectral_rms": {
        "max": 0.00894806813449,
        "mean": 0.0019335213583,
        "min": 7.88408397057e-06,
        "stdev": 0.00205940450542
    },
    "spectral_rolloff": {
        "max": 4565.0390625,
        "mean": 1314.11547852,
        "min": 150.732421875,
        "stdev": 778.806335449
    },
    "spectral_skewness": {
        "max": 4.79363632202,
        "mean": 1.76182556152,
        "min": 0.097236469388,
        "stdev": 0.940308690071
    },
    "spectral_spread": {
        "max": 16398006,
        "mean": 3444082.25,
        "min": 1240868.625,
        "stdev": 1682633.875
    },
    "spectral_strongpeak": {
        "max": 19.1744937897,
        "mean": 1.6097471714,
        "min": 0,
        "stdev": 2.69604659081
    },
    "zerocrossingrate": {
        "max": 0.14404296875,
        "mean": 0.0602166205645,
        "min": 0.02197265625,
        "stdev": 0.0173876546323
    },
    "barkbands": {
        "max": [0.000264907866949, 0.00941060110927, 0.00669550336897, 0.0176317561418, 0.00568798696622, 0.0162346884608, 0.0532074011862, 0.00644865166396, 0.0403734967113, 0.0173915289342, 0.0018795063952, 0.0368167422712, 0.00237647467293, 0.0154463667423, 0.0101924575865, 0.0480225756764, 0.00249814335257, 0.00374366226606, 0.00765906227753, 0.00238230195828, 0.00695953797549, 0.000398041622248, 2.38738793996e-05, 7.57973168675e-07, 5.45318755485e-07, 3.94057849462e-07, 4.1180501853e-07],
        "mean": [1.23020190586e-05, 0.000393306370825, 0.000168503902387, 0.000299239967717, 8.42461449793e-05, 0.000865080568474, 0.000758458802011, 0.000311691575916, 0.000899030070286, 0.00044645104208, 3.29249305651e-05, 0.00111036468297, 8.31901270431e-05, 0.000596685509663, 0.000239696659264, 0.0012365289731, 9.50005851337e-05, 0.00014384125825, 0.000200769849471, 6.54789837427e-05, 0.000126099446788, 9.69796656136e-06, 2.89071124371e-07, 1.55851012096e-07, 1.14802375606e-07, 1.26224430907e-09, 1.26744992279e-09],
        "min": [1.90043492054e-09, 2.55523424642e-09, 2.82822920639e-09, 6.86580037268e-09, 1.48801131417e-08, 8.28047497237e-09, 5.70758462715e-09, 5.76070569025e-09, 2.74553935142e-09, 9.00357399747e-10, 3.04656133654e-10, 8.61067162017e-10, 4.85887552415e-10, 2.67407734844e-10, 3.56445956085e-10, 5.80822945295e-10, 4.27485880028e-10, 8.79990025293e-10, 1.61478275196e-09, 1.55507839938e-09, 7.10436320883e-10, 7.11233794082e-10, 4.00893096497e-10, 9.12728503888e-10, 1.02125341517e-09, 8.90124085551e-11, 1.08383815811e-10],
        "stdev": [2.58005693468e-05, 0.00129802734591, 0.00057244009804, 0.00130224879831, 0.000392346730223, 0.00253947358578, 0.00413588155061, 0.000649078574497, 0.0028511104174, 0.00104882894084, 0.0001219555852, 0.00385322165675, 0.000225290612434, 0.00172060355544, 0.000829554803204, 0.00474736653268, 0.000276549340924, 0.00044357375009, 0.000772072584368, 0.000203217059607, 0.000500635709614, 3.46278684447e-05, 1.10842279355e-06, 9.11967461548e-08, 6.66660753268e-08, 1.6783722856e-08, 1.75433374494e-08]
    },
    "erbbands": {
        "max": [0.157371640205, 2.48299241066, 5.43216276169, 47.8791656494, 13.7236042023, 24.519777298, 106.923233032, 143.338668823, 493.850982666, 591.498413086, 182.34437561, 796.656860352, 973.127624512, 271.608215332, 633.973632812, 962.332702637, 131.050765991, 859.457336426, 555.026489258, 424.295623779, 3184.60839844, 415.021606445, 220.487106323, 365.474273682, 267.489685059, 94.926651001, 175.799118042, 239.475662231, 25.1532058716, 4.26155948639, 0.348855674267, 0.0202224273235, 0.0157009325922, 0.00863627996296, 0.00301591400057, 0.00160153000616, 0.000721763761248, 0.00025636565988, 5.87681461184e-05, 0.000102107835119],
        "mean": [0.00679249828681, 0.103357940912, 0.178796499968, 0.853540718555, 0.247100919485, 0.287552207708, 3.21685385704, 8.13781356812, 11.7803373337, 5.52275657654, 9.22420597076, 15.6310367584, 21.4894351959, 13.1982707977, 16.5577640533, 35.5192871094, 8.0716676712, 27.1550483704, 17.4863204956, 15.4814739227, 76.6317749023, 12.6354837418, 7.2338218689, 11.0783004761, 6.7966299057, 3.00596237183, 5.07449197769, 3.62194132805, 0.507294118404, 0.065802462399, 0.00727642839774, 0.00354195851833, 0.00262199039571, 0.00184398819692, 0.00049670151202, 2.5683455533e-05, 7.8073981058e-06, 2.9373079542e-06, 5.16649060955e-06, 1.02181093098e-05],
        "min": [1.22748431863e-07, 4.31579763926e-07, 2.47226353167e-06, 1.42140288517e-05, 3.82674588764e-05, 4.9721540563e-05, 6.29066780675e-05, 6.68744760333e-05, 5.9805890487e-05, 0.000117543968372, 0.000123744859593, 6.56944248476e-05, 3.60430385626e-05, 1.88841822819e-05, 1.29195123009e-05, 3.95793795178e-05, 2.68865114776e-05, 1.17540057545e-05, 1.38172854349e-05, 2.63684523816e-05, 3.16174846375e-05, 2.41476736846e-05, 3.2153846405e-05, 9.40407626331e-05, 5.35815888725e-05, 5.48999123566e-05, 5.9148100263e-05, 3.02765947708e-05, 2.65826947725e-05, 1.31537353809e-05, 1.38712393891e-05, 1.90048558579e-05, 1.30276639538e-05, 1.36664111778e-05, 5.75214244236e-06, 5.16939280715e-07, 1.25278816654e-07, 8.15171858903e-08, 1.77858119343e-08, 1.2759350243e-09],
        "stdev": [0.0216505117714, 0.341480731964, 0.545357942581, 3.62213158607, 0.988896608353, 1.34729790688, 11.9277305603, 24.8889980316, 53.9790039062, 32.1404380798, 18.6308116913, 51.0661392212, 79.3525238037, 21.8378505707, 58.4375534058, 117.666297913, 17.7119102478, 88.6432723999, 53.3497009277, 43.4698181152, 313.540374756, 41.6848640442, 22.0434875488, 36.9849815369, 26.2230472565, 8.83788967133, 15.2773714066, 16.4244499207, 1.83416068554, 0.234773412347, 0.0177576262504, 0.002569333883, 0.00165293831378, 0.00111417507287, 0.000323058717186, 7.22001932445e-05, 3.2565487345e-05, 1.18932603073e-05, 9.72014913714e-06, 1.87333171198e-05]
    },
    "gfcc": {
        "mean": [-227.620681763, 119.39491272, -169.710327148, 25.8157310486, -50.4634170532, 17.0567188263, -15.9597883224, 6.78232097626, -9.54539108276, -4.3472905159, -3.31458187103, -16.370300293, 6.51504564285],
        "cov": [[17111.3027344, 2895.02539062, -5340.55664062, -1476.11804199, 247.644104004, -3093.44775391, 2277.9284668, -298.331817627, 873.913085938, 871.471618652, 370.166992188, -278.888000488, 505.836578369], [2895.02539062, 775.116821289, -614.040893555, -183.869354248, -57.4011192322, -460.861450195, 453.66015625, -139.111587524, 14.9202060699, 83.5973739624, 93.8255233765, -29.7035865784, 111.558258057], [-5340.55664062, -614.040893555, 2547.12597656, 1107.70458984, -317.032653809, 779.980285645, -753.204162598, -133.583358765, -459.09942627, -322.717498779, -172.470779419, 246.117630005, -118.389930725], [-1476.11804199, -183.869354248, 1107.70458984, 1117.24108887, -207.464782715, -277.383026123, -501.564025879, -48.5031738281, -1.58315634727, 73.992149353, -167.064163208, 95.9782943726, -78.439201355], [247.644104004, -57.4011192322, -317.032653809, -207.464782715, 274.373657227, 169.130340576, 84.7825546265, 77.8084030151, 33.4887771606, -44.637134552, -7.25711679459, -70.9635009766, -8.73816204071], [-3093.44775391, -460.861450195, 779.980285645, -277.383026123, 169.130340576, 1200.82727051, -55.1238899231, 12.6431503296, -379.450500488, -395.751098633, 13.3747329712, 46.0941123962, -59.5561523438], [2277.9284668, 453.66015625, -753.204162598, -501.564025879, 84.7825546265, -55.1238899231, 611.679992676, -63.9161834717, -82.878868103, -50.891166687, 137.390563965, -2.59611058235, 90.6430435181], [-298.331817627, -139.111587524, -133.583358765, -48.5031738281, 77.8084030151, 12.6431503296, -63.9161834717, 194.635269165, 118.395057678, 21.5376968384, -16.9242668152, -64.8644561768, -35.1307563782], [873.913085938, 14.9202060699, -459.09942627, -1.58315634727, 33.4887771606, -379.450500488, -82.878868103, 118.395057678, 347.357910156, 234.526077271, -60.0688247681, -97.8105316162, 0.949405968189], [871.471618652, 83.5973739624, -322.717498779, 73.992149353, -44.637134552, -395.751098633, -50.891166687, 21.5376968384, 234.526077271, 268.213134766, 7.18312597275, -62.352104187, -1.50489497185], [370.166992188, 93.8255233765, -172.470779419, -167.064163208, -7.25711679459, 13.3747329712, 137.390563965, -16.9242668152, -60.0688247681, 7.18312597275, 120.946662903, 19.0514640808, 3.43431949615], [-278.888000488, -29.7035865784, 246.117630005, 95.9782943726, -70.9635009766, 46.0941123962, -2.59611058235, -64.8644561768, -97.8105316162, -62.352104187, 19.0514640808, 116.250892639, 27.0004272461], [505.836578369, 111.558258057, -118.389930725, -78.439201355, -8.73816204071, -59.5561523438, 90.6430435181, -35.1307563782, 0.949405968189, -1.50489497185, 3.43431949615, 27.0004272461, 81.982383728]],
        "icov": [[0.00396386347711, -0.00527287134901, 0.00379802333191, -0.000480849121232, -0.00400796718895, 0.0053077111952, -0.00639766687527, 0.004219699651, -0.00195627356879, -0.000355228054104, 0.00346796773374, -0.00455701164901, 0.00142444344237], [-0.00527287134901, 0.0141970496625, -0.00735766999424, -2.31261265071e-06, 0.00552124809474, -0.00352502358146, 0.00307505833916, -0.000103138328996, -0.00247131823562, 0.00643536495045, -0.0121443243697, 0.0164625886828, -0.00759490439668], [0.00379802333191, -0.00735766999424, 0.00982176419348, -0.00469194026664, 0.000329972128384, -0.000280892738374, -0.0019842532929, 0.00226207030937, 0.00204642652534, -0.00190340843983, 0.00672303885221, -0.00899775791913, 0.00188972393516], [-0.000480849121232, -2.31261265071e-06, -0.00469194026664, 0.00739767681807, -0.00333271198906, 0.00401640543714, 0.000681636040099, -0.00277939043008, 0.00443345867097, -0.0052715963684, 0.00615637935698, -0.0036884509027, 0.00469899829477], [-0.00400796718895, 0.00552124809474, 0.000329972128384, -0.00333271198906, 0.0136778065935, -0.00989306718111, 0.00688896933571, -0.00445168325678, 0.000472712679766, 0.00331777590327, -0.00370514276437, 0.00725497910753, -0.00292788841762], [0.0053077111952, -0.00352502358146, -0.000280892738374, 0.00401640543714, -0.00989306718111, 0.0149828353897, -0.0116276340559, 0.00743185169995, -0.00330658163875, 0.0026699679438, 0.00195097527467, -0.00104744848795, 0.00170600018464], [-0.00639766687527, 0.00307505833916, -0.0019842532929, 0.000681636040099, 0.00688896933571, -0.0116276340559, 0.0200245920569, -0.00996878091246, 0.00916020199656, -0.00210634153336, -0.00243119383231, 6.02393583904e-06, -0.00109296117444], [0.004219699651, -0.000103138328996, 0.00226207030937, -0.00277939043008, -0.00445168325678, 0.00743185169995, -0.00996878091246, 0.0212836898863, -0.0180889554322, 0.0145207289606, -0.0113616688177, 0.00850262027234, -0.00206974404864], [-0.00195627356879, -0.00247131823562, 0.00204642652534, 0.00443345867097, 0.000472712679766, -0.00330658163875, 0.00916020199656, -0.0180889554322, 0.0339518748224, -0.0264273826033, 0.0246456321329, -0.0123086236417, 0.00454234937206], [-0.000355228054104, 0.00643536495045, -0.00190340843983, -0.0052715963684, 0.00331777590327, 0.0026699679438, -0.00210634153336, 0.0145207289606, -0.0264273826033, 0.0335016511381, -0.0276624877006, 0.0203525926918, -0.00813639815897], [0.00346796773374, -0.0121443243697, 0.00672303885221, 0.00615637935698, -0.00370514276437, 0.00195097527467, -0.00243119383231, -0.0113616688177, 0.0246456321329, -0.0276624877006, 0.0438255704939, -0.0286121387035, 0.0163627900183], [-0.00455701164901, 0.0164625886828, -0.00899775791913, -0.0036884509027, 0.00725497910753, -0.00104744848795, 6.02393583904e-06, 0.00850262027234, -0.0123086236417, 0.0203525926918, -0.0286121387035, 0.04339164868, -0.0197340250015], [0.00142444344237, -0.00759490439668, 0.00188972393516, 0.00469899829477, -0.00292788841762, 0.00170600018464, -0.00109296117444, -0.00206974404864, 0.00454234937206, -0.00813639815897, 0.0163627900183, -0.0197340250015, 0.0278291478753]]
    },
    "melbands": {
        "max": [0.00223869411275, 0.00352882733569, 0.00648614624515, 0.000769103760831, 0.00284835533239, 0.00330741028301, 0.00924259051681, 0.00537937367335, 0.00150933058467, 0.00624366570264, 0.00488214287907, 0.00108948838897, 0.000873523007613, 0.00544106820598, 0.000948765780777, 0.000685887935106, 0.00152934005018, 0.00118921452668, 0.000742827600334, 0.000481822615257, 0.00482098711655, 0.000140239397297, 0.000265640584985, 0.000277331477264, 0.000300173735013, 0.000352253264282, 0.000100606383057, 5.13441227667e-05, 4.95000422234e-05, 0.00031917123124, 6.66971754981e-05, 1.38295663419e-05, 3.60265585186e-06, 1.60310094088e-06, 1.49940078131e-07, 9.11554032257e-09, 1.02225072851e-08, 9.58463353129e-09, 8.07185163154e-09, 8.19684498055e-09],
        "mean": [9.36937794904e-05, 0.000123730264022, 0.000115296097647, 1.16909186545e-05, 9.03010295588e-05, 0.000174559012521, 0.000183343858225, 5.57575112907e-05, 7.73095089244e-05, 0.000115374285087, 0.000103366794065, 5.22261580045e-05, 2.23471597565e-05, 0.00015926285414, 1.87323166756e-05, 2.71687786153e-05, 4.79927330161e-05, 2.74105041171e-05, 1.9687024178e-05, 1.7814723833e-05, 0.000113104157208, 5.65727896173e-06, 5.46202454643e-06, 8.3663926489e-06, 9.21919581742e-06, 7.62622221373e-06, 2.93731613965e-06, 1.60582999342e-06, 2.62840353571e-06, 3.87442150895e-06, 1.38158384289e-06, 2.81535420754e-07, 6.80246756701e-08, 1.58610049539e-08, 2.8467594948e-09, 2.05200967329e-09, 1.99356597896e-09, 1.81433357227e-09, 1.67424807351e-09, 1.525302884e-09],
        "min": [9.81915659892e-10, 1.13798681589e-09, 3.19164006335e-09, 3.21502580114e-09, 2.23678031652e-09, 1.47813483675e-09, 1.01726316259e-09, 1.30909894036e-09, 9.4773699999e-10, 3.67800762069e-10, 1.72226094497e-10, 7.94249527258e-11, 3.77768649695e-11, 7.95685461963e-11, 1.10571371503e-10, 3.01875434372e-11, 2.25399057058e-11, 2.25084447608e-11, 2.94402870138e-11, 3.43335360142e-11, 3.80076005391e-11, 1.99050758515e-11, 2.84288755731e-11, 4.1995656952e-11, 8.11696543312e-11, 6.45354950035e-11, 2.03025495721e-11, 4.2121060112e-11, 5.5307439184e-11, 1.06796784957e-11, 1.87513251454e-11, 1.38825149293e-11, 1.45414531111e-11, 4.89382709704e-12, 6.28992214216e-12, 1.26840074902e-11, 1.14226345396e-11, 1.0476339414e-11, 6.93510440047e-12, 1.36391774611e-11],
        "stdev": [0.000305921974359, 0.000396565621486, 0.000486233329866, 4.78183974337e-05, 0.000335040327627, 0.000527738360688, 0.000871451687999, 0.000286598544335, 0.000161562114954, 0.000388699932955, 0.000392443471355, 8.93438627827e-05, 7.49230384827e-05, 0.000572229153477, 7.09467494744e-05, 7.90924750618e-05, 0.000156199545017, 9.40680984058e-05, 6.29392889095e-05, 5.25963114342e-05, 0.00047593814088, 1.64774792211e-05, 1.91885974345e-05, 2.86368504021e-05, 3.11551521008e-05, 3.17833910231e-05, 1.04818982436e-05, 4.73018690172e-06, 6.67612084726e-06, 2.07757002499e-05, 5.60224862056e-06, 1.03694378595e-06, 2.27219103976e-07, 7.6167729901e-08, 6.92235779809e-09, 1.32815536347e-09, 1.2487519907e-09, 1.10170028655e-09, 1.03343644753e-09, 9.3565621917e-10]
    },
    "melbands128": {
        "max": [0.000118068892334, 0.000432571250712, 0.00396201899275, 0.00424554292113, 0.00171156099532, 0.00456745969132, 0.012240588665, 0.00561060663313, 0.00046730376198, 0.000751408748329, 0.0015292619355, 0.00221840990707, 0.00466083269566, 0.00680718990043, 0.00479929428548, 0.00656802207232, 0.00889063626528, 0.0138359423727, 0.0202867221087, 0.00380193651654, 0.000538299616892, 0.00119098683354, 0.00287476740777, 0.00222540507093, 0.00554189970717, 0.0131706511602, 0.00839191209525, 0.00565445655957, 0.00218596961349, 0.00116860121489, 0.00210611522198, 0.000244335649768, 0.000274568650639, 0.000379192293622, 0.0102250343189, 0.00684949569404, 0.00342742796056, 0.00102676148526, 0.000443411554443, 0.000519958848599, 0.000103297395981, 0.00273334328085, 0.00291109876707, 0.000371112982975, 0.00216018804349, 0.0014509994071, 0.0027068646159, 0.00114145199768, 0.00075958535308, 0.00157600746024, 0.000206442258786, 0.000485981319798, 0.00811366550624, 0.00484107481316, 0.000173114909558, 6.37024277239e-05, 0.000378583703423, 0.000566382601392, 0.000179294773261, 0.000123165344121, 0.00052092137048, 0.000439132738393, 0.00038303391193, 0.000335077609634, 0.0010544663528, 0.000507803226355, 0.000123068573885, 0.000282053748379, 0.000154386856593, 4.12713925471e-05, 7.35478315619e-05, 5.53151621716e-05, 0.000105831844849, 0.000104045073385, 7.90390768088e-05, 0.000530664576218, 0.00047222682042, 7.54085122026e-05, 9.8896365671e-05, 3.0411323678e-05, 2.1731324523e-05, 7.41097164791e-06, 3.62701052836e-06, 4.60331557406e-06, 3.92937772631e-06, 1.73314674612e-06, 1.17371519082e-06, 3.36094359454e-07, 5.05030115505e-08, 1.23413324005e-08, 1.21800951547e-08, 1.15121867594e-08, 1.50117873687e-08, 1.74850640633e-08, 1.04563291359e-08, 8.9206118048e-09, 1.44713210304e-08, 1.27351587054e-08, 9.41870137439e-09, 6.82239731375e-09, 6.81429312976e-09, 9.3625791564e-09, 8.71477556785e-09, 7.37319272304e-09, 3.21247850543e-09, 3.22264970265e-09, 3.0280846719e-09, 2.88646861968e-09, 2.77493406031e-09, 2.59987786855e-09, 2.51522980221e-09, 2.4020159195e-09, 2.24821183892e-09, 2.1724242405e-09, 2.15086348732e-09, 2.06984362983e-09, 1.98718019817e-09, 1.91464422095e-09, 1.86895876553e-09, 1.83849546698e-09, 1.76868408808e-09, 1.73480851906e-09, 1.71643865787e-09, 1.68146163659e-09, 1.65229741e-09, 1.62837809903e-09, 1.61278512767e-09, 1.60369106883e-09],
        "mean": [7.60754983276e-06, 2.2744799935e-05, 0.00015756994253, 0.000178771268111, 7.97744942247e-05, 0.000102417208836, 0.000217639855691, 9.18517907849e-05, 8.88432805368e-06, 6.86223756929e-06, 9.36456581258e-06, 3.13040509354e-05, 0.000101941222965, 0.000177043184522, 0.000201024347916, 0.000173300053575, 0.000114775597467, 0.000270544871455, 0.000162296419148, 1.61715779541e-05, 2.27611380978e-05, 8.01034766482e-05, 9.20507300179e-05, 5.79978259339e-05, 9.08432048163e-05, 9.9676384707e-05, 0.000265135080554, 7.04151316313e-05, 9.68230233411e-06, 8.07315955171e-05, 6.23606320005e-05, 4.72298643217e-06, 4.48955006505e-06, 6.75334922562e-06, 0.000224838542636, 0.000209893638385, 3.91148532799e-05, 5.55286806048e-06, 1.0948394447e-05, 1.16050978249e-05, 3.02791272588e-06, 9.14709962672e-05, 7.34962304705e-05, 5.54698954147e-06, 3.10078285111e-05, 2.58184300037e-05, 3.45197950082e-05, 1.6745621906e-05, 8.8836904979e-06, 3.17966732837e-05, 5.74789964958e-06, 6.27606459602e-06, 0.00019074503507, 0.000111584871775, 6.26726614428e-06, 2.11842029785e-06, 4.18455965701e-06, 9.01839030121e-06, 3.52519737135e-06, 3.42085081684e-06, 9.86404847936e-06, 1.23297941172e-05, 4.94125197292e-06, 5.85843235967e-06, 2.0637678972e-05, 6.01930560151e-06, 1.97378608391e-06, 4.24272366217e-06, 2.9690302199e-06, 1.385522296e-06, 2.01615262085e-06, 1.27503597014e-06, 1.47585978993e-06, 3.2478446883e-06, 3.79958919439e-06, 3.69649160348e-06, 4.47323827757e-06, 2.13539556171e-06, 1.04229729914e-06, 5.61548233691e-07, 2.99701156337e-07, 1.79345079232e-07, 1.0989391086e-07, 6.32102299392e-08, 3.550189831e-08, 2.12746549266e-08, 8.82618511611e-09, 4.14936041082e-09, 2.28089991339e-09, 1.99883265495e-09, 2.00882066537e-09, 2.12070494499e-09, 2.02542271843e-09, 2.00340211087e-09, 1.97888017084e-09, 1.87993953737e-09, 1.78852466171e-09, 1.69779923453e-09, 1.67248892513e-09, 1.68653557786e-09, 1.56775825655e-09, 1.48010559364e-09, 1.52054446811e-09, 1.31338240283e-09, 2.97618679701e-10, 1.00338843137e-11, 9.22460892394e-12, 8.93112406947e-12, 8.61571057553e-12, 8.19581989081e-12, 7.96946970222e-12, 7.76027159199e-12, 7.36031981891e-12, 7.095087972e-12, 7.02567951733e-12, 6.90542631757e-12, 6.66303687571e-12, 6.07116917503e-12, 5.85151241697e-12, 5.77737597346e-12, 5.61625485701e-12, 5.50011685502e-12, 5.29952427428e-12, 4.9933538207e-12, 4.71218246714e-12, 4.30738647875e-12, 4.07869658187e-12, 4.02985587608e-12],
        "min": [1.13194464912e-09, 1.23378984807e-09, 8.61418936182e-10, 6.1059740597e-10, 8.3597850864e-10, 1.60282620509e-09, 2.64232768998e-09, 3.73082542637e-09, 4.06293088062e-09, 3.26471893963e-09, 2.68313748997e-09, 2.34663266596e-09, 2.1395831773e-09, 2.08769290744e-09, 1.69224478874e-09, 7.93299315127e-10, 6.35793084847e-10, 9.64194279973e-10, 7.5484146711e-10, 3.87877674424e-10, 1.19050547198e-09, 1.22751642184e-09, 9.77778746858e-10, 6.18663065222e-10, 2.58909060857e-10, 2.81160650317e-10, 1.92064669724e-10, 1.74188330426e-10, 1.46118755984e-10, 9.3490749864e-11, 5.59114837761e-11, 4.86163227731e-11, 3.71533533106e-11, 2.89990947921e-11, 4.08011194275e-11, 1.03424671605e-10, 1.22768184507e-10, 1.36169686638e-10, 8.6776058561e-11, 5.17822069945e-11, 1.19112887956e-11, 6.6037826249e-12, 1.58170507941e-11, 4.07958007653e-11, 2.62046460919e-11, 2.06300879158e-11, 1.4811030874e-11, 1.68095554837e-11, 4.56096063695e-11, 4.33659705368e-11, 2.26866442299e-11, 3.73616276805e-11, 5.0171228283e-11, 3.44437291189e-11, 1.5612691695e-11, 1.01155446866e-11, 2.99708001472e-11, 4.68903908757e-11, 2.10392328559e-11, 6.55279649986e-12, 3.44777748018e-11, 6.7055139219e-11, 9.7592239845e-11, 4.75570936798e-11, 1.25505453252e-10, 8.85056680722e-11, 1.29627836243e-11, 8.95234667647e-12, 2.83963096093e-11, 2.86500823066e-11, 1.63903248612e-11, 5.34422818499e-11, 1.14077518265e-10, 3.97782917716e-11, 1.78651139021e-11, 3.56568117046e-12, 5.61850002287e-12, 3.01328025032e-11, 1.51253749109e-11, 1.60369599544e-11, 1.44641000566e-11, 8.69673170284e-12, 2.38444437806e-11, 1.68556210656e-11, 5.93649695374e-12, 4.43199166603e-12, 5.26817044849e-12, 3.6967798614e-12, 6.0902073315e-12, 6.69701403708e-12, 1.22671725208e-11, 1.58739982964e-11, 1.3212231656e-11, 8.16491839417e-12, 9.45246832196e-12, 2.02211528771e-11, 6.6580590867e-12, 5.78616972044e-12, 5.36954118321e-12, 9.22136325632e-12, 7.94913093682e-12, 1.80387649262e-11, 1.57178593058e-11, 1.52854222335e-11, 4.94967565198e-12, 3.65605034311e-13, 2.66396415561e-13, 5.05721983388e-13, 4.38632881102e-13, 4.96882428865e-13, 4.7234590371e-13, 3.01282436499e-13, 1.90837715639e-13, 3.24829735592e-13, 3.59584812013e-13, 4.22757721842e-13, 4.3429241323e-13, 3.50818820608e-13, 3.32575709593e-13, 3.92200432287e-13, 3.59539898938e-13, 3.98880120557e-13, 3.43231628015e-13, 3.41620801743e-13, 2.29981398508e-13, 9.32339668251e-14, 1.15419589305e-14, 3.70256974198e-16],
        "stdev": [1.32014974952e-05, 6.33047602605e-05, 0.00053371861577, 0.000591416377574, 0.0002146322513, 0.000376230134862, 0.000930274487473, 0.000401644123485, 3.38416903105e-05, 3.84913473681e-05, 7.25217469153e-05, 0.000163107775734, 0.000480838061776, 0.000757826201152, 0.000715733738616, 0.000692051660735, 0.000601589446887, 0.00146612816025, 0.00112603174057, 0.000174436936504, 6.11947034486e-05, 0.000155174770043, 0.00025732346694, 0.000201782415388, 0.000404213409638, 0.000625829503406, 0.00100290274713, 0.000343991996488, 9.38464218052e-05, 0.000120767530461, 0.000131633627461, 2.11193309951e-05, 2.23765164264e-05, 3.08536727971e-05, 0.000898812548257, 0.000789199199062, 0.000241633300902, 4.78888214275e-05, 4.1104209231e-05, 4.09923122788e-05, 8.6806494437e-06, 0.00032516560168, 0.000278365099803, 3.58877186954e-05, 0.000145697515109, 0.000116841234558, 0.000168638362084, 8.96340134204e-05, 4.41477859567e-05, 0.000147014987306, 2.15386444324e-05, 3.51873386535e-05, 0.000801299524028, 0.000486513308715, 1.74086690095e-05, 5.65948948861e-06, 2.66026418103e-05, 3.62417267752e-05, 1.17725867312e-05, 1.17283570944e-05, 4.5212713303e-05, 4.48207392765e-05, 2.75496804534e-05, 2.57367209997e-05, 8.96312194527e-05, 3.45818152709e-05, 8.21180856292e-06, 2.2174033802e-05, 1.1744044059e-05, 3.59209593626e-06, 7.16067779649e-06, 5.03911542182e-06, 8.38686901261e-06, 9.63565707934e-06, 9.76059527602e-06, 3.02347434626e-05, 2.75285619864e-05, 6.82291647536e-06, 6.01957754043e-06, 2.67268478638e-06, 1.28054534798e-06, 6.09543576502e-07, 3.55885958925e-07, 2.50522845135e-07, 1.84558317073e-07, 9.17815157209e-08, 5.25954533259e-08, 1.55771111565e-08, 3.06511949155e-09, 1.63606594938e-09, 1.5044538948e-09, 1.64124547286e-09, 1.51893908562e-09, 1.58432655883e-09, 1.38236255776e-09, 1.23059207269e-09, 1.2902164892e-09, 1.33315292139e-09, 1.18753573641e-09, 1.12971576538e-09, 1.04676467494e-09, 1.06395370292e-09, 1.04503405929e-09, 8.37952929267e-10, 2.79870099318e-10, 1.3726825232e-10, 1.2899142865e-10, 1.22950163939e-10, 1.18197507337e-10, 1.10742269521e-10, 1.07133170391e-10, 1.02305469651e-10, 9.57569232241e-11, 9.25291024356e-11, 9.1605341368e-11, 8.81491685201e-11, 8.4631988917e-11, 8.15622569483e-11, 7.96182286766e-11, 7.83175677088e-11, 7.53450496438e-11, 7.39011074558e-11, 7.31217725258e-11, 7.16417480895e-11, 7.04084152092e-11, 6.94038229665e-11, 6.87472578864e-11, 6.83607268015e-11]
    },
    "mfcc": {
        "mean": [-854.494812012, 137.831161499, -41.9071540833, 12.3290157318, -7.06607294083, 6.08892250061, 11.0285673141, 2.35644125938, 13.8036432266, 2.51450061798, 4.4489030838, 6.69446992874, -0.347494989634],
        "cov": [[19022.9570312, 3390.2890625, -5962.31835938, 1251.39880371, -3116.13500977, -1229.27062988, -181.568984985, -1257.14282227, 854.731811523, 231.292297363, 858.396057129, 439.170562744, 93.6014251709], [3390.2890625, 892.498474121, -994.943847656, -68.3720703125, -644.758117676, -116.033416748, 204.634872437, -96.251121521, 79.774887085, -12.2837352753, 92.9159545898, 28.7278594971, -9.56573963165], [-5962.31835938, -994.943847656, 2733.74316406, 317.20300293, 849.919799805, 454.868286133, -10.7637386322, 309.766784668, -380.156433105, -352.832550049, -382.393585205, -227.978622437, -35.6305999756], [1251.39880371, -68.3720703125, 317.20300293, 1321.77783203, -93.8984985352, -260.666656494, -498.357696533, -431.403930664, 57.5018234253, -76.927520752, 82.0729370117, 1.4143832922, -2.48207783699], [-3116.13500977, -644.758117676, 849.919799805, -93.8984985352, 739.471374512, 167.001800537, -108.391525269, 152.411727905, -67.4652175903, 88.3930358887, -79.2405014038, -88.4150161743, -73.4226760864], [-1229.27062988, -116.033416748, 454.868286133, -260.666656494, 167.001800537, 329.996551514, 243.906509399, 211.611206055, -114.643936157, -120.478042603, -115.590934753, -90.1975402832, -35.9962234497], [-181.568984985, 204.634872437, -10.7637386322, -498.357696533, -108.391525269, 243.906509399, 553.708068848, 343.002685547, -147.180603027, -117.170166016, -104.871765137, -113.093811035, 17.6357078552], [-1257.14282227, -96.251121521, 309.766784668, -431.403930664, 152.411727905, 211.611206055, 343.002685547, 400.484375, -94.9702377319, -89.6326980591, -124.715820312, -134.543182373, 2.47766876221], [854.731811523, 79.774887085, -380.156433105, 57.5018234253, -67.4652175903, -114.643936157, -147.180603027, -94.9702377319, 208.432891846, 111.93069458, 59.6120185852, 97.067024231, -10.7780561447], [231.292297363, -12.2837352753, -352.832550049, -76.927520752, 88.3930358887, -120.478042603, -117.170166016, -89.6326980591, 111.93069458, 246.789413452, 129.393325806, 60.0142860413, -30.2788887024], [858.396057129, 92.9159545898, -382.393585205, 82.0729370117, -79.2405014038, -115.590934753, -104.871765137, -124.715820312, 59.6120185852, 129.393325806, 161.582870483, 59.8946609497, -10.5712165833], [439.170562744, 28.7278594971, -227.978622437, 1.4143832922, -88.4150161743, -90.1975402832, -113.093811035, -134.543182373, 97.067024231, 60.0142860413, 59.8946609497, 192.990036011, 52.9926528931], [93.6014251709, -9.56573963165, -35.6305999756, -2.48207783699, -73.4226760864, -35.9962234497, 17.6357078552, 2.47766876221, -10.7780561447, -30.2788887024, -10.5712165833, 52.9926528931, 96.1728515625]],
        "icov": [[0.00597505597398, -0.00896873977035, 0.00957602169365, -0.00830700714141, 0.00657652923837, -0.00480668386444, 0.0023565357551, -0.00175755983219, -0.00234600389376, 0.00202494789846, -0.000978457159363, 0.00113333936315, -0.000896517012734], [-0.00896873977035, 0.0183839686215, -0.0139152603224, 0.0125907296315, -0.00658082682639, 0.00791253522038, -0.00599686475471, 0.00413305265829, 0.00260072876699, -0.00295255496167, 0.00155612675007, -0.000978861236945, 0.00472998945042], [0.00957602169365, -0.0139152603224, 0.0175326373428, -0.0149546917528, 0.010545254685, -0.00963446870446, 0.00597978197038, -0.00599020859227, 0.000658185919747, 0.00146394246258, 0.00270423432812, -0.000938869372476, 0.000257264415268], [-0.00830700714141, 0.0125907296315, -0.0149546917528, 0.0153362955898, -0.0105407917872, 0.0097177606076, -0.0056839263998, 0.00873768981546, -0.00268617854454, 0.00339643843472, -0.00467684213072, 0.00381313590333, -0.0012472376693], [0.00657652923837, -0.00658082682639, 0.010545254685, -0.0105407917872, 0.0171675849706, -0.00977625884116, 0.00800807960331, -0.00847116112709, 0.00344225415029, -0.00863924156874, 0.00555729074404, -0.00115066894796, 0.00368740642443], [-0.00480668386444, 0.00791253522038, -0.00963446870446, 0.0097177606076, -0.00977625884116, 0.0166205372661, -0.010656028986, 0.0083588194102, -0.00528896832839, 0.00925829354674, -0.00610558548942, 0.00197584694251, 0.00320475990884], [0.0023565357551, -0.00599686475471, 0.00597978197038, -0.0056839263998, 0.00800807960331, -0.010656028986, 0.0173053238541, -0.0152379758656, 0.0124882990494, -0.0103649776429, 0.00944931339473, -0.00532165216282, 0.000630483089481], [-0.00175755983219, 0.00413305265829, -0.00599020859227, 0.00873768981546, -0.00847116112709, 0.0083588194102, -0.0152379758656, 0.0240616109222, -0.0166741795838, 0.0142106721178, -0.0119804814458, 0.013822466135, -0.00736428471282], [-0.00234600389376, 0.00260072876699, 0.000658185919747, -0.00268617854454, 0.00344225415029, -0.00528896832839, 0.0124882990494, -0.0166741795838, 0.0272692535073, -0.0184391625226, 0.0181436762214, -0.0156362969428, 0.00936525128782], [0.00202494789846, -0.00295255496167, 0.00146394246258, 0.00339643843472, -0.00863924156874, 0.00925829354674, -0.0103649776429, 0.0142106721178, -0.0184391625226, 0.0300340075046, -0.0216039828956, 0.00929359719157, -0.00333641888574], [-0.000978457159363, 0.00155612675007, 0.00270423432812, -0.00467684213072, 0.00555729074404, -0.00610558548942, 0.00944931339473, -0.0119804814458, 0.0181436762214, -0.0216039828956, 0.0299188680947, -0.0116384224966, 0.00745476363227], [0.00113333936315, -0.000978861236945, -0.000938869372476, 0.00381313590333, -0.00115066894796, 0.00197584694251, -0.00532165216282, 0.013822466135, -0.0156362969428, 0.00929359719157, -0.0116384224966, 0.0205101128668, -0.0123760383576], [-0.000896517012734, 0.00472998945042, 0.000257264415268, -0.0012472376693, 0.00368740642443, 0.00320475990884, 0.000630483089481, -0.00736428471282, 0.00936525128782, -0.00333641888574, 0.00745476363227, -0.0123760383576, 0.0235307440162]]
    },
    "spectral_contrast_coeffs": {
        "max": [-0.495120882988, -0.469688594341, -0.432455360889, -0.487621188164, -0.649365782738, -0.451967537403],
        "mean": [-0.797109603882, -0.762680411339, -0.710951983929, -0.752411961555, -0.809325277805, -0.779848277569],
        "min": [-0.922655880451, -0.965589284897, -0.936220049858, -0.935206830502, -0.917007446289, -0.895541846752],
        "stdev": [0.0794833898544, 0.118089690804, 0.125286757946, 0.104615159333, 0.0723096132278, 0.10206130147]
    },
    "spectral_contrast_valleys": {
        "max": [-6.21436834335, -5.8906788826, -6.70527553558, -6.62178325653, -6.33219337463, -10.4475841522],
        "mean": [-9.0456495285, -8.84366607666, -9.34852981567, -9.51973724365, -9.51662349701, -12.5857257843],
        "min": [-12.4765844345, -11.538898468, -13.0095748901, -13.3965301514, -13.0322942734, -15.0481719971],
        "stdev": [0.916970968246, 1.37721300125, 1.28898525238, 1.20705807209, 1.40793299675, 0.305160015821]
    }
},
"rhythm": {
    "beats_count": 30,
    "beats_loudness": {
        "max": 0.0621095225215,
        "mean": 0.0123363947496,
        "min": 8.36645267555e-06,
        "stdev": 0.0182710550725
    },
    "bpm": 148.299636841,
    "bpm_histogram_first_peak_bpm": 148,
    "bpm_histogram_first_peak_weight": 0.333333313465,
    "bpm_histogram_second_peak_bpm": 140,
    "bpm_histogram_second_peak_spread": 0.375,
    "bpm_histogram_second_peak_weight": 0.172413796186,
    "danceability": 0.926509618759,
    "onset_rate": 1.56747615337,
    "beats_loudness_band_ratio": {
        "max": [0.796168446541, 0.755044996738, 0.834535002708, 0.990457653999, 0.814515531063, 0.250252336264],
        "mean": [0.197550803423, 0.104830078781, 0.147113889456, 0.330122023821, 0.188566237688, 0.0399386957288],
        "min": [0.00160319835413, 0.000154036577442, 0.00153395382222, 0.00993987731636, 0.000392039830331, 0.000369479239453],
        "stdev": [0.285296678543, 0.179168879986, 0.176496222615, 0.343136966228, 0.229180574417, 0.0502731800079]
    },
    "beats_position": [0.383129239082, 0.777868449688, 1.18421769142, 1.59056687355, 1.99691605568, 2.40326523781, 2.80961441994, 3.21596360207, 3.62231278419, 4.04027223587, 4.446621418, 4.85297060013, 5.24770975113, 5.64244890213, 6.04879808426, 6.45514726639, 6.86149644852, 7.26784563065, 7.66258478165, 8.06893444061, 8.498503685, 8.91646194458, 9.34603118896, 9.77560043335, 10.2051696777, 10.6347389221, 11.0759181976, 11.5170974731, 11.9582767487, 12.3530158997],
