{
"metadata": {
    "version": {
        "essentia": "2.1-beta5",
        "essentia_git_sha": "Undefined",
        "extractor": "music 2.0"
    },
    "audio_properties": {
        "analysis": {
            "equal_loudness": 0,
            "length": 48.7502937317,
            "sample_rate": 44100,
            "start_time": 61.4980506897,
            "downmix": "mix"
        },
        "bit_rate": 192000,
        "length": 149.687454224,
        "lossless": 0,
        "number_channels": 2,
        "replay_gain": -5.90664863586,
        "sample_rate": 48000,
        "codec": "mp3",
        "md5_encoded": "8ad6ec2f3f653213a4e795459092394a"
    },
    "tags": {
        "file_name": "Norway_Intet Er Nytt Under Solen_Åse Kleveland.mp3",
        "encoding": ["Lavf58.29.100"]
    }
},
"lowlevel": {
    "average_loudness": 0.384422689676,
    "barkbands_crest": {
        "max": 26.318069458,
        "mean": 12.5241193771,
        "min": 2.94348502159,
        "stdev": 4.9918217659
    },
    "barkbands_flatness_db": {
        "max": 0.463770270348,
        "mean": 0.235300511122,
        "min": 0.0846235379577,
        "stdev": 0.0489033125341
    },
    "barkbands_kurtosis": {
        "max": 93.8140716553,
        "mean": 8.20173168182,
        "min": -1.50360202789,
        "stdev": 10.2587947845
    },
    "barkbands_skewness": {
        "max": 7.58792877197,
        "mean": 2.0764837265,
        "min": -1.70023393631,
        "stdev": 1.26935708523
    },
    "barkbands_spread": {
        "max": 56.6750259399,
        "mean": 11.5772285461,
        "min": 0.993442356586,
        "stdev": 7.56264448166
    },
    "dissonance": {
        "max": 0.499828130007,
        "mean": 0.442430794239,
        "min": 0.268642693758,
        "stdev": 0.0374278128147
    },
    "dynamic_complexity": 4.77418899536,
    "erbbands_crest": {
        "max": 31.6619758606,
        "mean": 11.7275342941,
        "min": 2.88615274429,
        "stdev": 5.52920341492
    },
    "erbbands_flatness_db": {
        "max": 0.40103033185,
        "mean": 0.248910203576,
        "min": 0.0887012556195,
        "stdev": 0.0416682176292
    },
    "erbbands_kurtosis": {
        "max": 20.5354957581,
        "mean": 1.25003993511,
        "min": -1.84428358078,
        "stdev": 2.74768590927
    },
    "erbbands_skewness": {
        "max": 4.24416685104,
        "mean": 0.938239395618,
        "min": -1.51525199413,
        "stdev": 0.866657495499
    },
    "erbbands_spread": {
        "max": 119.182250977,
        "mean": 31.6063671112,
        "min": 3.99355912209,
        "stdev": 16.3568229675
    },
    "hfc": {
        "max": 111.031600952,
        "mean": 9.3427400589,
        "min": 0.0219010449946,
        "stdev": 13.1629657745
    },
    "loudness_ebu128": {
        "integrated": -20.0074806213,
        "loudness_range": 8.83899688721,
        "momentary": {
            "max": -12.1584262848,
            "mean": -22.1618156433,
            "min": -34.1550750732,
            "stdev": 4.29768419266
        },
        "short_term": {
            "max": -14.5313425064,
            "mean": -21.2061958313,
            "min": -30.1873435974,
            "stdev": 3.0395424366
        }
    },
    "melbands_crest": {
        "max": 31.5997104645,
        "mean": 15.8450345993,
        "min": 4.72930526733,
        "stdev": 5.77242612839
    },
    "melbands_flatness_db": {
        "max": 0.585496127605,
        "mean": 0.283429950476,
        "min": 0.0931250080466,
        "stdev": 0.0611153393984
    },
    "melbands_kurtosis": {
        "max": 201.963424683,
        "mean": 18.1591701508,
        "min": -1.47706592083,
        "stdev": 22.6550827026
    },
    "melbands_skewness": {
        "max": 12.6962709427,
        "mean": 2.84305691719,
        "min": -1.26798295975,
        "stdev": 1.77738165855
    },
    "melbands_spread": {
        "max": 66.7095565796,
        "mean": 12.8153057098,
        "min": 0.788949966431,
        "stdev": 9.13268947601
    },
    "pitch_salience": {
        "max": 0.853094875813,
        "mean": 0.508477687836,
        "min": 0.073989354074,
        "stdev": 0.13227750361
    },
    "silence_rate_20dB": {
        "max": 1,
        "mean": 1,
        "min": 1,
        "stdev": 0
    },
    "silence_rate_30dB": {
        "max": 1,
        "mean": 0.990480720997,
        "min": 0,
        "stdev": 0.0971019566059
    },
    "silence_rate_60dB": {
        "max": 1,
        "mean": 0.218467399478,
        "min": 0,
        "stdev": 0.413206964731
    },
    "spectral_centroid": {
        "max": 2849.53442383,
        "mean": 918.997131348,
        "min": 158.14553833,
        "stdev": 449.713470459
    },
    "spectral_complexity": {
        "max": 47,
        "mean": 10.6254167557,
        "min": 0,
        "stdev": 8.07072734833
    },
    "spectral_decrease": {
        "max": -9.91482763946e-12,
        "mean": -4.50498616189e-09,
        "min": -4.44977601433e-08,
        "stdev": 5.63320190494e-09
    },
    "spectral_energy": {
        "max": 0.173977613449,
        "mean": 0.0178502630442,
        "min": 3.94072412746e-05,
        "stdev": 0.0222529750317
    },
    "spectral_energyband_high": {
        "max": 0.00398268923163,
        "mean": 0.000116122697364,
        "min": 2.63207624585e-07,
        "stdev": 0.000235611660173
    },
    "spectral_energyband_low": {
        "max": 0.110406495631,
        "mean": 0.00568218575791,
        "min": 3.28739861288e-06,
        "stdev": 0.011801443994
    },
    "spectral_energyband_middle_high": {
        "max": 0.0632711425424,
        "mean": 0.00255664810538,
        "min": 3.05718390337e-06,
        "stdev": 0.00498804356903
    },
    "spectral_energyband_middle_low": {
        "max": 0.119040824473,
        "mean": 0.0107110254467,
        "min": 2.57267038251e-05,
        "stdev": 0.0146344061941
    },
    "spectral_entropy": {
        "max": 8.06034851074,
        "mean": 7.03764629364,
        "min": 4.96888685226,
        "stdev": 0.400331497192
    },
    "spectral_flux": {
        "max": 0.263348728418,
        "mean": 0.0556450933218,
        "min": 0.00470875483006,
        "stdev": 0.0412799045444
    },
    "spectral_kurtosis": {
        "max": 48.457988739,
        "mean": 5.19168281555,
        "min": -0.886429309845,
        "stdev": 4.90821409225
    },
    "spectral_rms": {
        "max": 0.013028210029,
        "mean": 0.00355301634409,
        "min": 0.000196076740394,
        "stdev": 0.00218882830814
    },
    "spectral_rolloff": {
        "max": 5081.8359375,
        "mean": 802.211181641,
        "min": 107.666015625,
        "stdev": 635.204650879
    },
    "spectral_skewness": {
        "max": 5.5535531044,
        "mean": 1.33506131172,
        "min": -0.0718764737248,
        "stdev": 0.66664904356
    },
    "spectral_spread": {
        "max": 7428145,
        "mean": 2880028.25,
        "min": 1369810.625,
        "stdev": 526912.4375
    },
    "spectral_strongpeak": {
        "max": 10.9886064529,
        "mean": 0.991806030273,
        "min": 0,
        "stdev": 1.13944804668
    },
    "zerocrossingrate": {
        "max": 0.12158203125,
        "mean": 0.035011228174,
        "min": 0.00390625,
        "stdev": 0.0167473573238
    },
    "barkbands": {
        "max": [0.000184082367923, 0.0333350971341, 0.0704458355904, 0.0822290182114, 0.0637221634388, 0.0279197935015, 0.11566798389, 0.0970708727837, 0.0574380047619, 0.0307287834585, 0.0309319756925, 0.00684587610886, 0.0269712843001, 0.0271053314209, 0.00423991912976, 0.0118841500953, 0.00525218620896, 0.010623681359, 0.00568832317367, 0.0028535281308, 0.00116158358287, 0.000670052191708, 9.09959180717e-06, 1.97040390049e-06, 1.95139614334e-06, 1.86372051303e-06, 1.98559655473e-06],
        "mean": [9.78727621259e-06, 0.00200187461451, 0.00255406624638, 0.00194093235768, 0.00203957641497, 0.00121016777121, 0.00153337919619, 0.00291777099483, 0.000907543348148, 0.000380052399123, 0.000464825658128, 0.000219714595005, 0.000500899972394, 0.000294816767564, 0.000116847033496, 0.000132007844513, 0.000125273974845, 0.000212828119402, 0.000103271493572, 0.000111930523417, 4.81104834762e-05, 2.40625286096e-05, 3.58512579623e-07, 1.05680712181e-07, 7.25224111875e-08, 1.74811365383e-09, 1.86362036914e-09],
        "min": [2.99015145977e-09, 4.8785460649e-07, 3.05157527691e-07, 3.94552358784e-07, 1.30500018258e-06, 4.15393316189e-07, 7.63653190461e-07, 4.24052331027e-07, 5.37210496532e-07, 3.43195523556e-07, 1.04832039938e-07, 1.67208142443e-07, 1.52603391257e-07, 1.07788316939e-07, 8.72108358863e-08, 1.40103253443e-07, 1.4779209323e-07, 6.2745634466e-08, 6.83353675868e-08, 5.91683857465e-08, 2.92853474804e-08, 2.95262143624e-08, 3.04016580799e-08, 3.35569687593e-08, 2.63273225443e-08, 2.41527318978e-11, 3.83928444592e-11],
        "stdev": [1.41473765325e-05, 0.00466487044469, 0.0063136452809, 0.00549568189308, 0.00429565738887, 0.00267161126249, 0.00620040670037, 0.00808377284557, 0.00313181662932, 0.00124670926016, 0.00159453798551, 0.000500928319525, 0.00149618124124, 0.00116874207743, 0.000311848678393, 0.000443570665084, 0.000306312460452, 0.000497362867463, 0.000238529930357, 0.000215447609662, 0.000101521502074, 4.31206644862e-05, 6.3017461116e-07, 8.69756959787e-08, 4.91510299128e-08, 4.20920613919e-08, 4.48647980988e-08]
    },
    "erbbands": {
        "max": [0.349596709013, 10.2295780182, 65.6603546143, 182.055130005, 372.102508545, 151.573654175, 223.244369507, 238.145385742, 721.23223877, 1843.76123047, 2623.21557617, 1292.2076416, 1118.37902832, 495.813140869, 1133.66503906, 257.356964111, 1384.5098877, 857.33013916, 593.483154297, 710.389221191, 334.821350098, 234.260360718, 753.164428711, 252.626586914, 153.652709961, 171.42767334, 54.1880226135, 44.0867424011, 21.2813529968, 5.14306116104, 0.288005173206, 0.0582717321813, 0.0327413715422, 0.0231851879507, 0.0134410522878, 0.00743009801954, 0.00344865093939, 0.00123062892817, 0.000282069493551, 0.000196353925276],
        "mean": [0.0175453070551, 0.594275534153, 2.69267964363, 5.40019989014, 6.83612537384, 5.84992551804, 8.92802906036, 9.57665157318, 15.9192495346, 50.8936653137, 44.6933860779, 23.6377487183, 15.1038293839, 11.2831726074, 20.2599239349, 9.48428249359, 23.2556285858, 16.2731170654, 7.99691438675, 7.86151790619, 6.69016933441, 6.68852996826, 12.4329662323, 7.07936143875, 5.39214324951, 5.12357711792, 2.50083374977, 1.6024338007, 1.02087700367, 0.181192785501, 0.0102452952415, 0.0026923881378, 0.00178770127241, 0.0012048559729, 0.000307304551825, 2.52701120189e-05, 1.02137137219e-05, 2.92343884212e-06, 9.18247678783e-06, 2.03972231247e-05],
        "min": [2.01324928639e-05, 0.000146824284457, 0.000597267586272, 0.00252045271918, 0.00260022422299, 0.0038502109237, 0.00450104800984, 0.00452505936846, 0.0197574216872, 0.0330720618367, 0.0128748817369, 0.0197183135897, 0.0147026740015, 0.0132298981771, 0.0106856981292, 0.0064882338047, 0.00911668688059, 0.00734640983865, 0.00440318696201, 0.00775358360261, 0.00740128336474, 0.00974840205163, 0.00417546927929, 0.00470454338938, 0.00257523008622, 0.00266146101058, 0.00195638928562, 0.000994988717139, 0.00128393783234, 0.000870708492585, 0.000821540714242, 0.000727885577362, 0.000600049039349, 0.000462810858153, 9.25767089939e-05, 3.20424078382e-06, 3.4480936506e-07, 6.88488555056e-08, 5.37950448631e-08, 4.74368349046e-08],
        "stdev": [0.0362063460052, 1.36046099663, 6.21057891846, 14.8348264694, 19.8111248016, 10.1905260086, 20.113910675, 19.7737693787, 43.7983932495, 125.331390381, 167.995773315, 74.9492340088, 49.7057342529, 27.8956794739, 69.0978088379, 19.8025875092, 71.4499969482, 46.5485115051, 27.9170093536, 25.4696006775, 16.9899406433, 14.5891389847, 29.4716053009, 15.5128355026, 9.97235393524, 10.7523880005, 5.28961420059, 3.44082474709, 1.66013741493, 0.301772773266, 0.0158571451902, 0.00305479066446, 0.00126934831496, 0.000674302049447, 0.000320003775414, 0.000168209415278, 7.82719798735e-05, 2.78907555185e-05, 1.27372095449e-05, 2.53438156506e-05]
    },
    "gfcc": {
        "mean": [-121.044830322, 173.494430542, -159.132843018, 45.3243789673, -57.7032432556, -24.0068683624, -12.1036224365, -14.7370052338, -11.783118248, -10.1882667542, -3.84247255325, -16.6937141418, 0.915827035904],
        "cov": [[4429.90820312, 478.642089844, -1088.25854492, -151.09312439, 481.402252197, -298.883087158, 770.798339844, -221.661178589, 108.353927612, 53.7371292114, -210.574356079, -73.4467391968, -341.412902832], [478.642089844, 396.609344482, 218.743133545, -43.3664321899, 189.675415039, 94.4529953003, 102.156234741, -3.7325232029, 26.1976470947, -18.8621673584, 1.8677393198, -50.759803772, -41.5809555054], [-1088.25854492, 218.743133545, 933.998474121, 254.214645386, 73.521522522, 178.438415527, -158.604309082, 36.8187866211, 28.1784076691, -36.7646522522, 41.5970458984, 28.0932407379, 104.604293823], [-151.09312439, -43.3664321899, 254.214645386, 453.132659912, 91.2935333252, 30.9317741394, -25.574508667, -54.811542511, 40.8569374084, -26.1630859375, -90.2867050171, 69.777381897, 88.4673461914], [481.402252197, 189.675415039, 73.521522522, 91.2935333252, 300.518249512, 84.7534484863, 73.6340332031, -0.849596500397, 17.6368923187, -27.5308055878, -37.7585678101, -39.5512771606, -14.6229667664], [-298.883087158, 94.4529953003, 178.438415527, 30.9317741394, 84.7534484863, 265.79208374, 58.2812995911, 24.1134243011, -12.5609226227, -24.0628032684, -19.0582828522, -22.7069587708, 13.9005498886], [770.798339844, 102.156234741, -158.604309082, -25.574508667, 73.6340332031, 58.2812995911, 301.990570068, 7.52717685699, 18.0001945496, 15.5670843124, -31.2824211121, -9.10075473785, -82.3140029907], [-221.661178589, -3.7325232029, 36.8187866211, -54.811542511, -0.849596500397, 24.1134243011, 7.52717685699, 123.440193176, 28.9006309509, 10.6596517563, 51.1572380066, -12.0588188171, -8.44745540619], [108.353927612, 26.1976470947, 28.1784076691, 40.8569374084, 17.6368923187, -12.5609226227, 18.0001945496, 28.9006309509, 114.545043945, 57.0324821472, 0.267280369997, 5.17574453354, -23.3505325317], [53.7371292114, -18.8621673584, -36.7646522522, -26.1630859375, -27.5308055878, -24.0628032684, 15.5670843124, 10.6596517563, 57.0324821472, 88.9406051636, 45.2374954224, -9.64710998535, -42.5553245544], [-210.574356079, 1.8677393198, 41.5970458984, -90.2867050171, -37.7585678101, -19.0582828522, -31.2824211121, 51.1572380066, 0.267280369997, 45.2374954224, 113.423530579, 3.17359113693, -19.6782341003], [-73.4467391968, -50.759803772, 28.0932407379, 69.777381897, -39.5512771606, -22.7069587708, -9.10075473785, -12.0588188171, 5.17574453354, -9.64710998535, 3.17359113693, 87.9726791382, 65.2810974121], [-341.412902832, -41.5809555054, 104.604293823, 88.4673461914, -14.6229667664, 13.9005498886, -82.3140029907, -8.44745540619, -23.3505325317, -42.5553245544, -19.6782341003, 65.2810974121, 140.894271851]],
        "icov": [[0.0047327587381, -0.00490250671282, 0.00360196549445, 0.000984131474979, -0.00588880060241, 0.00697767361999, -0.00685115950182, 0.00480241887271, -0.00102588895243, -0.0020264822524, 0.00512369163334, -0.00499145966023, 0.00396131398156], [-0.00490250671282, 0.0136659648269, -0.0067714843899, 0.00247551058419, 0.00216721673496, -0.00651911785826, 0.00281319837086, 0.0008529665065, -0.0053108073771, 0.00859230104834, -0.00956759601831, 0.00968212913722, -0.00591808790341], [0.00360196549445, -0.0067714843899, 0.0060926717706, -0.00206449627876, -0.00273254723288, 0.00346754211932, -0.00306382402778, 0.00256821326911, -0.00101599970367, -0.000480582035379, 0.00137165084016, -0.00362595636398, 0.00279909721576], [0.000984131474979, 0.00247551058419, -0.00206449627876, 0.00663126586005, -0.00460588699207, 0.00237655732781, -0.00251428829506, 0.00285847182386, -0.00155608868226, -0.00175637332723, 0.00561378942803, -0.00433454290032, 0.000478281610413], [-0.00588880060241, 0.00216721673496, -0.00273254723288, -0.00460588699207, 0.0145653067157, -0.00990770570934, 0.00855622626841, -0.00666436832398, 0.000254961429164, 0.00504764495417, -0.0083953011781, 0.01001890935, -0.00586874457076], [0.00697767361999, -0.00651911785826, 0.00346754211932, 0.00237655732781, -0.00990770570934, 0.0162619072944, -0.0123030962422, 0.00595815852284, 0.000133654975798, -0.00432707881555, 0.00961669441313, -0.00547583447769, 0.00404986273497], [-0.00685115950182, 0.00281319837086, -0.00306382402778, -0.00251428829506, 0.00855622626841, -0.0123030962422, 0.018636893481, -0.012454665266, 0.00730771571398, -0.00386675051413, -0.000305945606669, -0.00200671725906, 0.00125551957171], [0.00480241887271, 0.0008529665065, 0.00256821326911, 0.00285847182386, -0.00666436832398, 0.00595815852284, -0.012454665266, 0.0250889267772, -0.0171596202999, 0.0148478886113, -0.0121507486328, 0.00667753070593, -0.00201452011243], [-0.00102588895243, -0.0053108073771, -0.00101599970367, -0.00155608868226, 0.000254961429164, 0.000133654975798, 0.00730771571398, -0.0171596202999, 0.0315618105233, -0.0293873660266, 0.0204578954726, -0.0148335816339, 0.00701680360362], [-0.0020264822524, 0.00859230104834, -0.000480582035379, -0.00175637332723, 0.00504764495417, -0.00432707881555, -0.00386675051413, 0.0148478886113, -0.0293873660266, 0.0477063469589, -0.0324015617371, 0.0198095981032, -0.0054983664304], [0.00512369163334, -0.00956759601831, 0.00137165084016, 0.00561378942803, -0.0083953011781, 0.00961669441313, -0.000305945606669, -0.0121507486328, 0.0204578954726, -0.0324015617371, 0.0426471009851, -0.025625102222, 0.0137548325583], [-0.00499145966023, 0.00968212913722, -0.00362595636398, -0.00433454290032, 0.01001890935, -0.00547583447769, -0.00200671725906, 0.00667753070593, -0.0148335816339, 0.0198095981032, -0.025625102222, 0.0418008826673, -0.0224379748106], [0.00396131398156, -0.00591808790341, 0.00279909721576, 0.000478281610413, -0.00586874457076, 0.00404986273497, 0.00125551957171, -0.00201452011243, 0.00701680360362, -0.0054983664304, 0.0137548325583, -0.0224379748106, 0.0239951368421]]
    },
    "melbands": {
        "max": [0.00592393847182, 0.0250480081886, 0.0281345676631, 0.0165873803198, 0.00606038188562, 0.00618510600179, 0.0160808879882, 0.0160746909678, 0.0187330227345, 0.00693456269801, 0.00570230465382, 0.00182200595737, 0.00395920453593, 0.0015983839985, 0.00240258872509, 0.00197320547886, 0.002134332899, 0.00153247080743, 0.000474073924124, 0.00103232869878, 0.000488863675855, 0.000197402696358, 0.000445005629444, 0.000518096610904, 0.000233905055211, 0.000217314998736, 0.000116534749395, 0.000132748362375, 4.0092778363e-05, 3.95020906581e-05, 2.52445915976e-05, 1.5095118215e-05, 7.67724941397e-06, 6.80463699609e-07, 9.74224079187e-08, 7.13021748311e-08, 2.40390249928e-08, 2.24837659601e-08, 2.21815561474e-08, 1.88142141866e-08],
        "mean": [0.000353255833033, 0.0012467938941, 0.000969393586274, 0.00044067739509, 0.000304052839056, 0.000220793313929, 0.000268172094366, 0.000618904130533, 0.000323689630022, 0.000136571892654, 7.28672821424e-05, 4.34270732512e-05, 6.38174969936e-05, 3.47950372088e-05, 3.49326073774e-05, 4.85961536469e-05, 2.92538552458e-05, 1.45735102706e-05, 1.03277543531e-05, 1.02989870356e-05, 7.33701790523e-06, 5.9849921854e-06, 1.0208639651e-05, 1.11487024697e-05, 5.15906276632e-06, 3.42442035617e-06, 4.61002582597e-06, 3.05730372929e-06, 1.54670522079e-06, 1.26055431338e-06, 8.3135114437e-07, 6.82950712871e-07, 2.6505540518e-07, 3.1042077353e-08, 2.80908718508e-09, 1.50832835111e-09, 1.35817590508e-09, 1.21915055828e-09, 1.10565090417e-09, 9.82759429391e-10],
        "min": [2.61738421159e-07, 2.34083074702e-07, 4.59757245608e-07, 3.4331731058e-07, 3.29114044462e-07, 1.10640549167e-07, 2.03401896215e-07, 2.28055355933e-07, 7.12971797157e-08, 9.16109001992e-08, 5.91750968226e-08, 4.2176324655e-08, 3.35048504496e-08, 2.05340633386e-08, 1.36629676462e-08, 1.39621123552e-08, 1.29544028837e-08, 6.35382102487e-09, 7.47004413881e-09, 9.83196013493e-09, 8.46497894003e-09, 8.85504558568e-09, 6.06383565582e-09, 2.22337148692e-09, 3.58832208391e-09, 2.03867900339e-09, 1.39032307889e-09, 1.8749257702e-09, 1.37363698194e-09, 6.55008880468e-10, 4.77121508968e-10, 6.33963936902e-10, 5.56470980406e-10, 4.050017266e-10, 3.66150387787e-10, 1.91213211931e-10, 3.53680612575e-10, 3.95937976849e-10, 2.5544660831e-10, 2.91920154716e-10],
        "stdev": [0.000791902362835, 0.00267199752852, 0.00243692658842, 0.00102655298542, 0.000592195894569, 0.000476941262605, 0.00090566847939, 0.00143359950744, 0.00128052791115, 0.000460961542558, 0.000255153747275, 0.000115327296953, 0.000217751439777, 9.63881466305e-05, 0.000116214367154, 0.000138645118568, 9.69211323536e-05, 6.7432585638e-05, 3.17232661473e-05, 3.62981991202e-05, 1.95438788069e-05, 1.3020589904e-05, 2.41287962126e-05, 2.90545740427e-05, 1.20594731925e-05, 8.1830585259e-06, 8.01813257567e-06, 7.24305664335e-06, 3.35862137035e-06, 2.81643156086e-06, 1.8981742187e-06, 1.13827479709e-06, 4.58826320937e-07, 5.17444505022e-08, 4.88212448246e-09, 2.6352893201e-09, 1.26835064673e-09, 8.97539598199e-10, 7.05746350249e-10, 5.35446964545e-10]
    },
    "melbands128": {
        "max": [0.0001072409068, 0.00063544686418, 0.00908994674683, 0.0221285261214, 0.0384893678129, 0.0409095287323, 0.0463866777718, 0.035452015698, 0.0477828793228, 0.0150702251121, 0.00652612512931, 0.00780889764428, 0.0113168936223, 0.0115766180679, 0.00785880442709, 0.012957339175, 0.0166073292494, 0.0147223575041, 0.0502925552428, 0.0208264179528, 0.0226795915514, 0.0315926298499, 0.0321480743587, 0.0202112626284, 0.0116940010339, 0.0106396498159, 0.0130674280226, 0.010936695151, 0.00419882265851, 0.0024165417999, 0.00119340280071, 0.00924545899034, 0.00512366881594, 0.00884810555726, 0.00183586694766, 0.000577800790779, 0.000536778068636, 0.00274973991327, 0.00701368274167, 0.00497446767986, 0.00403463980183, 0.00175937614404, 0.00154860212933, 0.00579328741878, 0.00444217491895, 0.000525841489434, 0.000249872799031, 0.000757773697842, 0.000719292555004, 0.0025467723608, 0.00090791285038, 0.00109825469553, 0.000671391666401, 0.0011489726603, 0.00040349320625, 0.000110094362753, 0.000402858306188, 0.00090982473921, 0.000285096350126, 0.00186105596367, 0.000934530922677, 0.000472514104331, 0.000152548716869, 0.000177607435035, 0.000665492087137, 0.000181516908924, 0.000165602235938, 0.000263697409537, 0.000105945793621, 0.000163692995557, 0.000315351528116, 0.000117283932923, 0.000106489853351, 4.84308911837e-05, 4.39034956798e-05, 7.36734364182e-05, 3.22198429785e-05, 3.64480620192e-05, 2.14727933781e-05, 4.15139766119e-05, 2.03957370104e-05, 1.46647689689e-05, 1.01657806226e-05, 1.5908948626e-05, 3.32549097948e-06, 6.32342903373e-07, 3.47709288917e-07, 1.68047805005e-07, 8.79119284036e-08, 6.31108889593e-08, 8.8609496629e-08, 9.39173219194e-08, 3.06630028035e-08, 2.3714363806e-08, 2.34212116368e-08, 2.40580959598e-08, 2.01461194393e-08, 2.35712622754e-08, 2.49672300612e-08, 1.91078655121e-08, 2.00852472432e-08, 1.9991221123e-08, 1.58790403049e-08, 1.53023691496e-08, 1.54384487416e-08, 1.4468347409e-08, 1.39054732173e-08, 1.33117623591e-08, 1.27820989348e-08, 1.23402479346e-08, 1.18485008471e-08, 1.12971259014e-08, 1.09205480214e-08, 1.05861062139e-08, 1.01780948114e-08, 9.87845982792e-09, 9.56373646943e-09, 9.3062517692e-09, 9.00997410014e-09, 8.75153194357e-09, 8.57749427041e-09, 8.38295566297e-09, 8.24557400136e-09, 8.10735656387e-09, 7.97234545047e-09, 7.87271936531e-09, 7.80419995294e-09, 7.76466801966e-09],
        "mean": [6.87240208208e-06, 3.29354224959e-05, 0.000352490111254, 0.00122010952327, 0.00138068420347, 0.00125908572227, 0.0011494125938, 0.000884385197423, 0.000725534395315, 0.000386319763493, 0.000282084598439, 0.000326031935401, 0.000328307331074, 0.000260261032963, 0.000200336289709, 0.000214974381379, 0.000206277967663, 0.000220570291276, 0.000444661476649, 0.000522548158187, 0.000891936302651, 0.000423600286013, 0.000273873447441, 0.00014515100338, 0.000155929170433, 0.000139287716593, 7.38488015486e-05, 7.70907572587e-05, 5.73738725507e-05, 3.94155722461e-05, 3.73430411855e-05, 5.24357019458e-05, 5.04758390889e-05, 0.000104802122223, 3.88921471313e-05, 1.63532222359e-05, 1.61297539307e-05, 2.11220685742e-05, 5.77125101699e-05, 6.72648020554e-05, 4.30296095146e-05, 3.05260291498e-05, 2.14566498471e-05, 3.94935741497e-05, 2.363949352e-05, 7.23644325262e-06, 5.58609417567e-06, 1.17281397252e-05, 1.0992350326e-05, 1.05028884718e-05, 1.09592892841e-05, 1.03207003121e-05, 5.84530243941e-06, 7.42687598176e-06, 7.09892628947e-06, 3.77010405828e-06, 6.22537936579e-06, 1.16101246022e-05, 8.80357038113e-06, 1.38130053529e-05, 1.34560332299e-05, 7.81051312515e-06, 5.33690854354e-06, 4.66176788905e-06, 4.14013811678e-06, 2.84002294393e-06, 3.27485554408e-06, 4.59546072307e-06, 5.15051306138e-06, 4.37746939497e-06, 3.14970475301e-06, 2.56923158304e-06, 1.6116206325e-06, 1.25035728615e-06, 1.49359777879e-06, 1.62522053415e-06, 9.06836021386e-07, 8.73261456036e-07, 8.20542766178e-07, 8.64731021011e-07, 7.06582397925e-07, 6.59076931697e-07, 3.81394983151e-07, 2.92874517527e-07, 1.05242982329e-07, 3.3940619204e-08, 1.09513633717e-08, 4.65656757598e-09, 2.05077199666e-09, 1.60815216699e-09, 1.52854362501e-09, 1.51445544994e-09, 1.40997136189e-09, 1.36835076603e-09, 1.31420485605e-09, 1.27297039576e-09, 1.19949972177e-09, 1.14366782711e-09, 1.10790665531e-09, 1.09961606487e-09, 1.02724706519e-09, 9.55545309544e-10, 9.45457490076e-10, 7.81848807918e-10, 1.50783593944e-10, 1.36072472734e-11, 1.29342465557e-11, 1.24368406199e-11, 1.19558252187e-11, 1.15211416796e-11, 1.10887037399e-11, 1.06469676825e-11, 1.02654490811e-11, 9.93085474965e-12, 9.57962095066e-12, 9.31220205114e-12, 9.04314817474e-12, 8.7414858338e-12, 8.47409902666e-12, 8.24484317624e-12, 8.06595155251e-12, 7.88934802903e-12, 7.75530681341e-12, 7.61491130569e-12, 7.44192901747e-12, 7.24519402806e-12, 7.12777753487e-12, 7.08277143532e-12],
        "min": [4.43632602876e-10, 2.3104296254e-09, 6.19226341314e-08, 4.60853399886e-08, 1.49336116806e-08, 1.45718814792e-07, 1.32783995355e-07, 1.42512817547e-07, 3.99081336866e-08, 9.82888295198e-08, 1.45986547295e-07, 6.19542248614e-08, 4.13922194298e-08, 1.96389855489e-08, 2.93555366682e-08, 1.02640449029e-07, 9.57986259209e-08, 5.36435891263e-08, 1.71966334506e-08, 6.7754477584e-08, 3.25796776224e-08, 6.00573528686e-08, 2.25314877866e-08, 1.60253961212e-08, 3.17692965268e-08, 1.41700597922e-08, 1.97115266332e-08, 3.55317482104e-08, 2.26897647337e-08, 1.15549667612e-08, 2.90221136012e-09, 6.33138874662e-09, 5.12865261371e-09, 5.56119816864e-09, 7.93610510641e-09, 3.56913854027e-09, 8.05582978103e-09, 6.86295997809e-09, 5.77641978694e-09, 6.5637530966e-09, 4.3587098375e-09, 7.50880602141e-09, 8.41151859277e-09, 5.59947732626e-09, 3.01736569064e-09, 3.3476492689e-09, 1.92975346813e-09, 4.84969797654e-09, 5.19996934401e-09, 4.0428020931e-09, 2.18725237922e-09, 8.25221757594e-09, 6.6402101595e-09, 3.51090201356e-09, 5.96181015666e-09, 3.13589110235e-09, 4.37132996467e-09, 3.80135656286e-09, 5.85045700774e-09, 2.29974372878e-09, 1.17019460788e-09, 2.13242223879e-09, 3.23705018346e-09, 2.28440089067e-09, 1.88759674558e-09, 2.29489693915e-09, 1.30246158303e-09, 1.91193638699e-09, 1.20195842168e-09, 9.77202319064e-10, 1.82383863567e-09, 4.95301744063e-10, 1.21927923313e-09, 1.06133946076e-09, 6.26440621598e-10, 3.01224101218e-10, 5.61642954366e-10, 4.29086211007e-10, 2.89743673498e-10, 3.9502595639e-10, 4.72720917966e-10, 3.11566883404e-10, 5.38497524349e-10, 4.02195471372e-10, 3.13977427391e-10, 2.80224815574e-10, 8.36333363674e-11, 1.04100124354e-10, 1.59434326852e-10, 7.73882971594e-11, 1.1535429556e-10, 1.66677158187e-10, 1.76700251653e-10, 1.33637073629e-10, 1.95398988656e-10, 1.73459774322e-10, 2.1697510455e-10, 1.49345549816e-10, 1.25740959311e-10, 1.56184329358e-10, 9.66372953881e-11, 1.58977886411e-10, 1.68701067005e-10, 1.18428489237e-10, 1.1643431011e-11, 1.23552183024e-13, 6.52271409086e-14, 1.25071638159e-13, 1.05175688037e-13, 1.08079513492e-13, 1.11742368559e-13, 9.38111282991e-14, 1.08141346897e-13, 9.87973402091e-14, 1.26743477909e-13, 1.20482427203e-13, 1.20166504243e-13, 1.09970165569e-13, 1.05143500785e-13, 1.12819503089e-13, 9.41475630095e-14, 1.2446844228e-13, 1.12379106942e-13, 1.09277726299e-13, 8.71832648935e-14, 2.66884360748e-14, 4.0010435591e-15, 1.32703156304e-16],
        "stdev": [1.00932866189e-05, 6.37655466562e-05, 0.000831155455671, 0.00295260921121, 0.00337888090871, 0.00330179277807, 0.00352399470285, 0.00254430598579, 0.00240429188125, 0.00102768128272, 0.000529326265678, 0.000622518942691, 0.000895987846889, 0.000865668000188, 0.000452757114545, 0.000770036072936, 0.000739089446142, 0.000732598709874, 0.00263208756223, 0.00140444992576, 0.00241026165895, 0.00171707011759, 0.00207564909942, 0.000715195550583, 0.000701362849213, 0.000622590712737, 0.000490471022204, 0.000360313191777, 0.000252972822636, 0.000155353671289, 0.000100309807749, 0.000305012072204, 0.000224074494326, 0.000462726486148, 0.000116538612929, 4.84490592498e-05, 4.88256882818e-05, 9.1943264124e-05, 0.000268909323495, 0.000260697881458, 0.000189334634342, 0.000137566123158, 8.54041572893e-05, 0.000204553245567, 0.000173126012669, 2.86789563688e-05, 1.56055011757e-05, 4.46929770987e-05, 3.93186965084e-05, 7.13417612133e-05, 4.0435243136e-05, 3.77591422875e-05, 2.21487716772e-05, 3.2142514101e-05, 2.16062981053e-05, 8.35316859593e-06, 1.9481540221e-05, 4.15420254285e-05, 2.21186201088e-05, 5.30149154656e-05, 4.67403697257e-05, 2.61774384853e-05, 1.23322524814e-05, 1.17779854918e-05, 1.82816693268e-05, 7.10572430762e-06, 8.75373461895e-06, 1.0739928257e-05, 1.0184517123e-05, 1.19756778076e-05, 1.18269235827e-05, 6.52454718875e-06, 4.71756493425e-06, 3.09715187541e-06, 4.15354270444e-06, 4.10397160522e-06, 2.21302002501e-06, 2.52277527579e-06, 1.93973028217e-06, 2.47475668402e-06, 1.21062294056e-06, 1.1258956647e-06, 6.22546110662e-07, 6.65820834911e-07, 2.02420892492e-07, 5.77399745794e-08, 2.01301997294e-08, 8.49423731353e-09, 4.00474231554e-09, 3.14808801249e-09, 2.93628721337e-09, 3.38742545125e-09, 1.6619930987e-09, 1.31634336764e-09, 1.15574483317e-09, 1.17762710694e-09, 9.52883660865e-10, 8.70392979913e-10, 8.59618098925e-10, 7.28906823788e-10, 6.5780231262e-10, 6.04162553319e-10, 5.57413504243e-10, 4.99405405918e-10, 3.57847779187e-10, 3.26623339486e-10, 3.13930603735e-10, 3.00565988764e-10, 2.88638196677e-10, 2.78584516566e-10, 2.67523642128e-10, 2.55300086627e-10, 2.46690001759e-10, 2.39103126187e-10, 2.29937291429e-10, 2.23141144451e-10, 2.16046167067e-10, 2.1024326724e-10, 2.0358074948e-10, 1.97789382095e-10, 1.93803209592e-10, 1.89420756858e-10, 1.86287762993e-10, 1.83181206315e-10, 1.80168657771e-10, 1.77911491095e-10, 1.76373485261e-10, 1.7547716058e-10]
    },
    "mfcc": {
        "mean": [-747.027282715, 182.863937378, -37.0400924683, 58.4671401978, -22.8372650146, 2.23582601547, -0.701409697533, -8.27826690674, 3.68762993813, -13.1550321579, 8.48045635223, -4.24580907822, -1.42104387283],
        "cov": [[4802.42041016, 510.333282471, -1576.8918457, 342.156524658, -613.631347656, 326.498321533, 154.108154297, 61.3199577332, 173.143417358, 23.2791347504, 324.017791748, -47.0107040405, -56.864315033], [510.333282471, 534.285949707, 36.9513702393, -96.2566299438, 74.4900741577, 68.5173568726, 114.298202515, 55.9574050903, 8.09677028656, 90.7626342773, 50.2418212891, 32.5081634521, 5.00095510483], [-1576.8918457, 36.9513702393, 889.757080078, 49.1186332703, 284.782012939, 28.8330345154, -34.8658866882, 28.8587532043, 9.10359764099, -10.6841459274, -101.97328949, 4.84859228134, 66.24559021], [342.156524658, -96.2566299438, 49.1186332703, 391.258117676, 59.9675712585, 94.4956893921, -50.18309021, 10.1280851364, 86.937461853, -60.4244422913, -11.5199575424, -43.3921165466, 25.2980709076], [-613.631347656, 74.4900741577, 284.782012939, 59.9675712585, 362.849945068, 33.0509681702, -9.99228477478, 18.4127006531, 6.41208267212, 46.287147522, -79.7612686157, -15.3132457733, -11.4546060562], [326.498321533, 68.5173568726, 28.8330345154, 94.4956893921, 33.0509681702, 252.168655396, 67.3590087891, 47.0864028931, 94.3439025879, 5.81286668777, 24.462430954, -55.415435791, -6.91657447815], [154.108154297, 114.298202515, -34.8658866882, -50.18309021, -9.99228477478, 67.3590087891, 179.102539062, 77.6919174194, 6.50124692917, 39.6049079895, 16.498998642, 9.20684051514, -13.7244033813], [61.3199577332, 55.9574050903, 28.8587532043, 10.1280851364, 18.4127006531, 47.0864028931, 77.6919174194, 114.464530945, 59.7049102783, 18.7638549805, -1.24533891678, -17.5079154968, 22.1016407013], [173.143417358, 8.09677028656, 9.10359764099, 86.937461853, 6.41208267212, 94.3439025879, 6.50124692917, 59.7049102783, 132.645797729, 1.19831478596, -15.4396629333, -43.6301422119, 16.7425575256], [23.2791347504, 90.7626342773, -10.6841459274, -60.4244422913, 46.287147522, 5.81286668777, 39.6049079895, 18.7638549805, 1.19831478596, 117.961616516, 66.9724502563, 22.50664711, -2.85173177719], [324.017791748, 50.2418212891, -101.97328949, -11.5199575424, -79.7612686157, 24.462430954, 16.498998642, -1.24533891678, -15.4396629333, 66.9724502563, 168.17388916, 58.7175712585, 9.3488407135], [-47.0107040405, 32.5081634521, 4.84859228134, -43.3921165466, -15.3132457733, -55.415435791, 9.20684051514, -17.5079154968, -43.6301422119, 22.50664711, 58.7175712585, 105.077072144, 28.9362392426], [-56.864315033, 5.00095510483, 66.24559021, 25.2980709076, -11.4546060562, -6.91657447815, -13.7244033813, 22.1016407013, 16.7425575256, -2.85173177719, 9.3488407135, 28.9362392426, 97.6318511963]],
        "icov": [[0.00499649066478, -0.00704084988683, 0.00812303088605, -0.00725302705541, 0.00609449902549, -0.00541861681268, 0.0041032852605, -0.00366487540305, 0.00264645623975, -0.00215313141234, 0.00176407920662, -0.00164624187164, 0.00117838254664], [-0.00704084988683, 0.0124889696017, -0.0114268409088, 0.0108530754223, -0.00926543399692, 0.00715393060818, -0.00692373141646, 0.00519699882716, -0.0040108631365, 0.00237920437939, -0.00294212624431, 0.00192723597866, -0.00206158100627], [0.00812303088605, -0.0114268409088, 0.0149516789243, -0.0115905413404, 0.00858618691564, -0.00931904651225, 0.00715919909999, -0.00646820198745, 0.00473601790145, -0.0030529727228, 0.00342926755548, -0.00316413468681, 0.000700586242601], [-0.00725302705541, 0.0108530754223, -0.0115905413404, 0.0149897448719, -0.0111610637978, 0.00796357169747, -0.00663802353665, 0.00689458334818, -0.0071350526996, 0.00736605003476, -0.00583762954921, 0.00403959257528, -0.00323873292655], [0.00609449902549, -0.00926543399692, 0.00858618691564, -0.0111610637978, 0.0147643024102, -0.00956259761006, 0.00901144836098, -0.0083232820034, 0.00748447794467, -0.0102725084871, 0.00942526571453, -0.00567592447624, 0.0044922484085], [-0.00541861681268, 0.00715393060818, -0.00931904651225, 0.00796357169747, -0.00956259761006, 0.0163059011102, -0.011565762572, 0.0099018542096, -0.0109096355736, 0.00784590467811, -0.00955856498331, 0.0088237253949, -0.00269675534219], [0.0041032852605, -0.00692373141646, 0.00715919909999, -0.00663802353665, 0.00901144836098, -0.011565762572, 0.0196942631155, -0.0167004223913, 0.0107323927805, -0.00860550813377, 0.00911493599415, -0.00884874351323, 0.00605184072629], [-0.00366487540305, 0.00519699882716, -0.00646820198745, 0.00689458334818, -0.0083232820034, 0.0099018542096, -0.0167004223913, 0.0271641537547, -0.0146968746558, 0.00662912335247, -0.00822826009244, 0.00911170057952, -0.0077691343613], [0.00264645623975, -0.0040108631365, 0.00473601790145, -0.0071350526996, 0.00748447794467, -0.0109096355736, 0.0107323927805, -0.0146968746558, 0.0221200976521, -0.0091091170907, 0.00913230981678, -0.00312138325535, 0.00131438486278], [-0.00215313141234, 0.00237920437939, -0.0030529727228, 0.00736605003476, -0.0102725084871, 0.00784590467811, -0.00860550813377, 0.00662912335247, -0.0091091170907, 0.0235529001802, -0.0153614822775, 0.00650508981198, -0.00277983630076], [0.00176407920662, -0.00294212624431, 0.00342926755548, -0.00583762954921, 0.00942526571453, -0.00955856498331, 0.00911493599415, -0.00822826009244, 0.00913230981678, -0.0153614822775, 0.0210971720517, -0.0123983323574, 0.00357629964128], [-0.00164624187164, 0.00192723597866, -0.00316413468681, 0.00403959257528, -0.00567592447624, 0.0088237253949, -0.00884874351323, 0.00911170057952, -0.00312138325535, 0.00650508981198, -0.0123983323574, 0.0225834921002, -0.00808555539697], [0.00117838254664, -0.00206158100627, 0.000700586242601, -0.00323873292655, 0.0044922484085, -0.00269675534219, 0.00605184072629, -0.0077691343613, 0.00131438486278, -0.00277983630076, 0.00357629964128, -0.00808555539697, 0.0160911791027]]
    },
    "spectral_contrast_coeffs": {
        "max": [-0.413936644793, -0.362273752689, -0.471268057823, -0.551218271255, -0.611836194992, -0.515790343285],
        "mean": [-0.681982636452, -0.708779811859, -0.762964844704, -0.794364273548, -0.79669213295, -0.679683506489],
        "min": [-0.882107019424, -0.896206378937, -0.928756535053, -0.92284065485, -0.931078732014, -0.886020123959],
        "stdev": [0.0684739649296, 0.100729435682, 0.0673761367798, 0.0597835704684, 0.0439108610153, 0.0703037232161]
    },
    "spectral_contrast_valleys": {
        "max": [-4.62569999695, -5.00140047073, -5.73765993118, -6.24128913879, -6.06805467606, -10.7370653152],
        "mean": [-7.29523038864, -7.23314237595, -8.13790893555, -8.47149181366, -8.24662780762, -12.7231788635],
        "min": [-10.1976985931, -9.42559814453, -10.5231637955, -10.6607408524, -10.8654575348, -13.1711196899],
        "stdev": [0.867725193501, 0.771646261215, 0.854825556278, 0.832295715809, 0.829112350941, 0.178448945284]
    }
},
"rhythm": {
    "beats_count": 128,
    "beats_loudness": {
        "max": 0.134742647409,
        "mean": 0.0247229598463,
        "min": 0.000118166353786,
        "stdev": 0.0243402998894
    },
    "bpm": 178.205856323,
    "bpm_histogram_first_peak_bpm": 178,
    "bpm_histogram_first_peak_weight": 0,
    "bpm_histogram_second_peak_bpm": 185,
    "bpm_histogram_second_peak_spread": 0,
    "bpm_histogram_second_peak_weight": 0.181102365255,
    "danceability": 0.960320591927,
    "onset_rate": 2.7890625,
    "beats_loudness_band_ratio": {
        "max": [0.966921329498, 0.871187567711, 0.889689385891, 0.611058831215, 0.444773316383, 0.106244027615],
        "mean": [0.388914167881, 0.220315515995, 0.287322700024, 0.0962341502309, 0.0492361411452, 0.0184702854604],
        "min": [0.00262429472059, 0.0180951505899, 0.00775048742071, 0.00202458607964, 0.000553389487322, 0.000175993482117],
        "stdev": [0.310388028622, 0.217688798904, 0.250097692013, 0.107263453305, 0.071382753551, 0.0206364877522]
    },
