{
"metadata": {
    "version": {
        "essentia": "2.1-beta5",
        "essentia_git_sha": "Undefined",
        "extractor": "music 2.0"
    },
    "audio_properties": {
        "analysis": {
            "equal_loudness": 0,
            "length": 20.3058509827,
            "sample_rate": 44100,
            "start_time": 175.240997314,
            "downmix": "mix"
        },
        "bit_rate": 192000,
        "length": 195.570083618,
        "lossless": 0,
        "number_channels": 1,
        "replay_gain": -4.54846382141,
        "sample_rate": 48000,
        "codec": "mp3",
        "md5_encoded": "a65c54a2ba4759046df100f5fca15328"
    },
    "tags": {
        "file_name": "Germany_Die Zeiger Der Uhr_Margot Eskens.mp3",
        "encoding": ["Lavf58.29.100"]
    }
},
"lowlevel": {
    "average_loudness": 0.853943347931,
    "barkbands_crest": {
        "max": 25.861530304,
        "mean": 9.89611625671,
        "min": 2.58169794083,
        "stdev": 4.98465919495
    },
    "barkbands_flatness_db": {
        "max": 0.470255881548,
        "mean": 0.207230299711,
        "min": 0.0366841815412,
        "stdev": 0.0676024779677
    },
    "barkbands_kurtosis": {
        "max": 119.990341187,
        "mean": 3.03498315811,
        "min": -1.83177125454,
        "stdev": 10.6658000946
    },
    "barkbands_skewness": {
        "max": 7.52542686462,
        "mean": 1.00987327099,
        "min": -1.96225368977,
        "stdev": 1.28019857407
    },
    "barkbands_spread": {
        "max": 109.504264832,
        "mean": 18.1753501892,
        "min": 0.330191999674,
        "stdev": 10.3909816742
    },
    "dissonance": {
        "max": 0.499769508839,
        "mean": 0.453102976084,
        "min": 0.202092543244,
        "stdev": 0.0424268692732
    },
    "dynamic_complexity": 7.36889696121,
    "erbbands_crest": {
        "max": 29.9427680969,
        "mean": 10.0564203262,
        "min": 3.20872998238,
        "stdev": 4.90156078339
    },
    "erbbands_flatness_db": {
        "max": 0.455880254507,
        "mean": 0.270775169134,
        "min": 0.0843981355429,
        "stdev": 0.0507452748716
    },
    "erbbands_kurtosis": {
        "max": 70.8073883057,
        "mean": 0.7169303298,
        "min": -1.8396037817,
        "stdev": 4.55600833893
    },
    "erbbands_skewness": {
        "max": 7.15119409561,
        "mean": 0.199834138155,
        "min": -2.73869800568,
        "stdev": 0.967790305614
    },
    "erbbands_spread": {
        "max": 64.4829483032,
        "mean": 26.2101268768,
        "min": 1.43393170834,
        "stdev": 12.2096004486
    },
    "hfc": {
        "max": 97.9519042969,
        "mean": 12.6580305099,
        "min": 8.68386109687e-08,
        "stdev": 15.1146097183
    },
    "loudness_ebu128": {
        "integrated": -23.7046108246,
        "loudness_range": 5.28291511536,
        "momentary": {
            "max": -19.6100635529,
            "mean": -28.1451454163,
            "min": -63.7801513672,
            "stdev": 8.85547542572
        },
        "short_term": {
            "max": -22.0443592072,
            "mean": -24.9713230133,
            "min": -32.2309494019,
            "stdev": 2.18259239197
        }
    },
    "melbands_crest": {
        "max": 38.9486846924,
        "mean": 13.6688404083,
        "min": 2.94149065018,
        "stdev": 6.85472345352
    },
    "melbands_flatness_db": {
        "max": 0.555739939213,
        "mean": 0.248952507973,
        "min": 0.0683148056269,
        "stdev": 0.0792598351836
    },
    "melbands_kurtosis": {
        "max": 179.797973633,
        "mean": 7.06311702728,
        "min": -1.52879858017,
        "stdev": 15.8606281281
    },
    "melbands_skewness": {
        "max": 8.88767719269,
        "mean": 1.76289832592,
        "min": -1.21661770344,
        "stdev": 1.46949374676
    },
    "melbands_spread": {
        "max": 136.03918457,
        "mean": 25.4895343781,
        "min": 0.403519362211,
        "stdev": 15.5058507919
    },
    "pitch_salience": {
        "max": 0.833658576012,
        "mean": 0.558288037777,
        "min": 0.0415651313961,
        "stdev": 0.147478580475
    },
    "silence_rate_20dB": {
        "max": 1,
        "mean": 1,
        "min": 1,
        "stdev": 0
    },
    "silence_rate_30dB": {
        "max": 1,
        "mean": 0.997716903687,
        "min": 0,
        "stdev": 0.0477273538709
    },
    "silence_rate_60dB": {
        "max": 1,
        "mean": 0.311643838882,
        "min": 0,
        "stdev": 0.46316447854
    },
    "spectral_centroid": {
        "max": 5187.68652344,
        "mean": 1382.92126465,
        "min": 214.052536011,
        "stdev": 640.578979492
    },
    "spectral_complexity": {
        "max": 34,
        "mean": 11.7340183258,
        "min": 0,
        "stdev": 8.29128932953
    },
    "spectral_decrease": {
        "max": -1.28505932688e-17,
        "mean": -3.96924759727e-09,
        "min": -6.47640447937e-08,
        "stdev": 4.93306329119e-09
    },
    "spectral_energy": {
        "max": 0.253318846226,
        "mean": 0.0161289684474,
        "min": 5.63776386686e-11,
        "stdev": 0.0197116993368
    },
    "spectral_energyband_high": {
        "max": 0.00373936048709,
        "mean": 0.000367948610801,
        "min": 5.8323133649e-12,
        "stdev": 0.0006431696238
    },
    "spectral_energyband_low": {
        "max": 0.0691404417157,
        "mean": 0.00271552265622,
        "min": 2.0247664656e-11,
        "stdev": 0.00729470653459
    },
    "spectral_energyband_middle_high": {
        "max": 0.0623402483761,
        "mean": 0.00460049510002,
        "min": 1.75424258453e-11,
        "stdev": 0.00773206911981
    },
    "spectral_energyband_middle_low": {
        "max": 0.245611771941,
        "mean": 0.0089044906199,
        "min": 2.28629246611e-12,
        "stdev": 0.0143086444587
    },
    "spectral_entropy": {
        "max": 8.97480392456,
        "mean": 7.00662946701,
        "min": 4.48131561279,
        "stdev": 0.551333904266
    },
    "spectral_flux": {
        "max": 0.393836528063,
        "mean": 0.0535300932825,
        "min": 9.5639270512e-06,
        "stdev": 0.0425797700882
    },
    "spectral_kurtosis": {
        "max": 88.696762085,
        "mean": 8.98224163055,
        "min": -0.865997076035,
        "stdev": 10.9167222977
    },
    "spectral_rms": {
        "max": 0.0157206971198,
        "mean": 0.00322727253661,
        "min": 2.34526282838e-07,
        "stdev": 0.00230657286011
    },
    "spectral_rolloff": {
        "max": 10400.5371094,
        "mean": 1532.05419922,
        "min": 21.533203125,
        "stdev": 863.295166016
    },
    "spectral_skewness": {
        "max": 7.46590471268,
        "mean": 1.58080327511,
        "min": -0.0441007688642,
        "stdev": 0.997280478477
    },
    "spectral_spread": {
        "max": 12024573,
        "mean": 2347917,
        "min": 715344.5,
        "stdev": 932631.8125
    },
    "spectral_strongpeak": {
        "max": 7.72491693497,
        "mean": 0.978245794773,
        "min": 0,
        "stdev": 1.24094593525
    },
    "zerocrossingrate": {
        "max": 0.35693359375,
        "mean": 0.0529957935214,
        "min": 0.0009765625,
        "stdev": 0.0266871321946
    },
    "barkbands": {
        "max": [0.000280945765553, 0.0414682924747, 0.0553166717291, 0.0257327519357, 0.0259680710733, 0.229697600007, 0.029483076185, 0.0571720302105, 0.0265715196729, 0.0485594123602, 0.0360960178077, 0.0135295120999, 0.0141878994182, 0.0161296352744, 0.00470616249368, 0.00498460838571, 0.0106291817501, 0.00593178160489, 0.00108926987741, 0.00292064854875, 0.00223298673518, 0.000313154188916, 1.06995858005e-05, 5.437937034e-07, 9.93797542037e-08, 8.33921554033e-09, 8.87627660262e-09],
        "mean": [1.73003882082e-05, 0.000993160763755, 0.00132028630469, 0.000790398742538, 0.000953484908678, 0.0023862994276, 0.00340692698956, 0.000608724483754, 0.000647173379548, 0.000894528289791, 0.000855526304804, 0.000308617134579, 0.000608378846664, 0.000495721353218, 0.000199057132704, 0.000238962296862, 0.000599209452048, 0.000266569230007, 6.92977846484e-05, 0.000362171587767, 9.58934469963e-05, 1.06289335235e-05, 5.65704226574e-07, 7.68652839156e-08, 1.17082832318e-08, 6.73234190618e-10, 6.94611090868e-10],
        "min": [1.53912351614e-11, 6.74604642981e-12, 1.10825943285e-14, 1.67813422121e-14, 9.13347156695e-14, 8.79483253802e-14, 1.12974442355e-13, 5.04244215827e-13, 1.75541222183e-13, 9.57972633511e-13, 7.59517882615e-13, 1.40007081449e-12, 7.27528118045e-13, 1.26654242649e-12, 1.68190006193e-12, 7.86877561807e-13, 1.44721788806e-12, 1.33392147154e-12, 1.04499937349e-12, 7.29619706666e-13, 1.21177308639e-12, 4.62466436674e-13, 9.43631240855e-13, 4.72388567065e-13, 7.45062973991e-13, 7.93895439839e-13, 7.53816822331e-13],
        "stdev": [2.5813407774e-05, 0.0033177009318, 0.00454629678279, 0.00192723958753, 0.00218774238601, 0.0111399255693, 0.00518802367151, 0.00234510819428, 0.00192913762294, 0.00390143529512, 0.00369594455697, 0.000697190116625, 0.00137014337815, 0.0013942810474, 0.000402969570132, 0.000396554125473, 0.00133225508034, 0.000703849014826, 0.000107708947326, 0.000598253391217, 0.000218584696995, 2.16582593566e-05, 1.18758839562e-06, 5.64036817252e-08, 9.96079574378e-09, 9.19209486305e-10, 9.63016111299e-10]
    },
    "erbbands": {
        "max": [0.436163067818, 11.3546237946, 61.5459899902, 48.3458824158, 41.9140853882, 112.802726746, 811.048950195, 2666.72045898, 497.121276855, 893.148742676, 568.684875488, 434.148986816, 793.561584473, 972.014953613, 1651.81945801, 553.09967041, 709.740661621, 742.248779297, 832.098022461, 119.57963562, 322.89251709, 553.994567871, 320.014282227, 177.024734497, 46.4914703369, 136.799530029, 162.052261353, 28.0489959717, 13.0686159134, 3.28974986076, 0.126470208168, 0.0213019959629, 0.006043815054, 0.00164219201542, 0.000197615096113, 0.000134454778163, 8.05562376627e-05, 2.20053498197e-05, 0.000119194104627, 0.000282264722046],
        "mean": [0.00998975615948, 0.304309278727, 1.57320654392, 1.93975496292, 2.2174782753, 3.05584597588, 14.940112114, 20.7484989166, 49.7265930176, 27.0742206573, 15.3027887344, 11.853313446, 19.7443199158, 31.2990779877, 29.2530136108, 16.2296257019, 25.5406627655, 19.9729614258, 21.9322967529, 10.4785556793, 13.1233234406, 35.5667724609, 18.5962867737, 8.23837947845, 4.9677696228, 14.8064842224, 10.5174608231, 1.57722830772, 0.437398374081, 0.16869109869, 0.0102589922026, 0.00231066229753, 0.00116759678349, 0.000304218236124, 3.22617524944e-05, 1.63991790032e-05, 8.98121743376e-06, 3.09368624585e-06, 8.89850980457e-06, 1.9115386749e-05],
        "min": [5.30790411624e-10, 5.10331499282e-10, 8.50646775241e-11, 9.47664932638e-11, 8.10106218219e-11, 3.86686155318e-10, 5.47979717158e-10, 8.99313290503e-10, 2.91376367478e-09, 4.44717107584e-09, 9.76089520321e-09, 4.02998523441e-09, 1.35829516523e-08, 3.36701511117e-08, 3.31815321886e-08, 4.201534054e-08, 3.50836728558e-08, 4.99930727926e-08, 6.65958310719e-08, 6.79995153519e-08, 3.78639875009e-08, 8.08680766795e-08, 7.55131068786e-08, 5.89076236679e-08, 4.57013840105e-08, 3.58591343286e-08, 5.13662037349e-08, 3.74800386282e-08, 1.74058101265e-08, 1.61880500116e-08, 2.33761507928e-08, 1.53550789861e-08, 8.74174510557e-09, 1.11216422738e-08, 3.66870511748e-09, 3.81164211305e-09, 1.40749856214e-09, 3.36710909155e-10, 1.02948170821e-10, 1.02842803718e-11],
        "stdev": [0.035694938153, 0.960051119328, 5.12467622757, 4.24128723145, 3.76766777039, 7.74604225159, 70.5878067017, 111.789428711, 79.8985290527, 57.733707428, 37.1024513245, 31.0639514923, 74.9015579224, 96.3626785278, 152.043136597, 33.0477142334, 64.5552597046, 56.0770874023, 59.9588851929, 14.5491437912, 21.8457832336, 77.7780075073, 42.1420822144, 18.5785884857, 7.9494600296, 25.5806522369, 20.0236282349, 2.97233009338, 0.853478252888, 0.306097537279, 0.015010336414, 0.00207667751238, 0.000830871111248, 0.00023068828159, 3.16381156154e-05, 1.74835113285e-05, 9.64118771662e-06, 3.56628038389e-06, 1.03090142147e-05, 2.28355311265e-05]
    },
    "gfcc": {
        "mean": [-158.487091064, 168.155105591, -186.538787842, 26.2751350403, -45.857219696, -24.1405220032, -13.9962654114, -21.3223018646, -4.87608528137, -9.01084423065, 0.59618216753, -11.8186311722, -0.468632131815],
        "cov": [[19230.4453125, 3948.05322266, -1939.77001953, 792.874694824, -95.8839645386, -2316.77856445, 1344.80102539, -702.599121094, 288.920562744, 103.500190735, -236.350692749, -472.799346924, -276.792022705], [3948.05322266, 1506.53796387, -23.8098258972, -31.5672664642, 48.1069374084, -415.239593506, 30.2119293213, -240.744476318, 16.5900325775, -122.742469788, 18.1989860535, -144.243667603, -29.5660762787], [-1939.77001953, -23.8098258972, 743.256652832, -140.814697266, 92.4287948608, 160.846496582, -229.218475342, 32.1018257141, -44.9097824097, -75.199836731, 53.2219009399, 45.513885498, 45.0791511536], [792.874694824, -31.5672664642, -140.814697266, 529.771240234, 112.212226868, 23.8609828949, 241.971160889, 40.2664527893, 49.5828895569, 59.7946281433, -114.56086731, -47.9397468567, -19.1890335083], [-95.8839645386, 48.1069374084, 92.4287948608, 112.212226868, 218.010299683, 85.2298278809, 4.00614404678, 34.5484962463, -0.686749100685, -0.0995546504855, -8.49363422394, -14.1401796341, -8.61592674255], [-2316.77856445, -415.239593506, 160.846496582, 23.8609828949, 85.2298278809, 611.469787598, -3.94167304039, 92.3218154907, -22.0269012451, -6.25328397751, -46.6239929199, 0.166405409575, 21.430141449], [1344.80102539, 30.2119293213, -229.218475342, 241.971160889, 4.00614404678, -3.94167304039, 462.092834473, 61.3122901917, 41.9701499939, 80.3700180054, -96.6234130859, -58.0342597961, -67.8297348022], [-702.599121094, -240.744476318, 32.1018257141, 40.2664527893, 34.5484962463, 92.3218154907, 61.3122901917, 169.91986084, 23.7195453644, 11.4782066345, 3.0823431015, 5.8662981987, -21.8360824585], [288.920562744, 16.5900325775, -44.9097824097, 49.5828895569, -0.686749100685, -22.0269012451, 41.9701499939, 23.7195453644, 85.8362350464, 48.4706993103, -26.6154975891, -18.9009571075, -11.7349901199], [103.500190735, -122.742469788, -75.199836731, 59.7946281433, -0.0995546504855, -6.25328397751, 80.3700180054, 11.4782066345, 48.4706993103, 106.132507324, 0.631413698196, -5.01894903183, -9.72421455383], [-236.350692749, 18.1989860535, 53.2219009399, -114.56086731, -8.49363422394, -46.6239929199, -96.6234130859, 3.0823431015, -26.6154975891, 0.631413698196, 124.218887329, 36.813621521, -2.58198213577], [-472.799346924, -144.243667603, 45.513885498, -47.9397468567, -14.1401796341, 0.166405409575, -58.0342597961, 5.8662981987, -18.9009571075, -5.01894903183, 36.813621521, 80.7453460693, 36.9207191467], [-276.792022705, -29.5660762787, 45.0791511536, -19.1890335083, -8.61592674255, 21.430141449, -67.8297348022, -21.8360824585, -11.7349901199, -9.72421455383, -2.58198213577, 36.9207191467, 87.4553604126]],
        "icov": [[0.00143309810665, -0.00260867574252, 0.00200854614377, -0.000332098803483, -0.000870302610565, 0.00299916719086, -0.0027976592537, 0.00167470704764, -0.00121392845176, -0.000162105498021, 0.000681841513142, -0.000506133190356, 2.61232980847e-05], [-0.00260867574252, 0.00788575503975, -0.00401110388339, 0.000944901606999, -0.00027722097002, -0.00411782646552, 0.00255486718379, 0.00174700107891, -0.00305349519476, 0.00744272908196, -0.00595958018675, 0.0069636348635, -0.00261399848387], [0.00200854614377, -0.00401110388339, 0.00475154910237, -0.000211559585296, -0.0018267397536, 0.00371928233653, -0.00304306577891, 0.00143636087887, -0.00114063883666, -0.000314243341563, 0.00130798702594, -0.00170194846578, -1.84657164937e-05], [-0.000332098803483, 0.000944901606999, -0.000211559585296, 0.00351301510818, -0.00184871908277, -0.000292121490929, -0.000679447606672, -0.000157635658979, -0.000359303550795, -8.74886900419e-05, 0.00147105858196, 0.000788716773968, -0.000876138685271], [-0.000870302610565, -0.00027722097002, -0.0018267397536, -0.00184871908277, 0.00789069477469, -0.0031760642305, 0.00381495268084, -0.00447191204876, 0.00440517347306, -0.0042341183871, 0.00152342044748, -0.00210983329453, 0.0021416884847], [0.00299916719086, -0.00411782646552, 0.00371928233653, -0.000292121490929, -0.0031760642305, 0.00905241910368, -0.0066702417098, 0.00411566067487, -0.00315472856164, 0.00162909959909, 0.00107214320451, 0.00184997101314, -0.00154951354489], [-0.0027976592537, 0.00255486718379, -0.00304306577891, -0.000679447606672, 0.00381495268084, -0.0066702417098, 0.0121046360582, -0.00880041345954, 0.00892793852836, -0.00855577737093, 0.00544918747619, -0.00346942129545, 0.00450222939253], [0.00167470704764, 0.00174700107891, 0.00143636087887, -0.000157635658979, -0.00447191204876, 0.00411566067487, -0.00880041345954, 0.0176123287529, -0.0135438609868, 0.0128358155489, -0.00870077311993, 0.006135544274, -0.00199832720682], [-0.00121392845176, -0.00305349519476, -0.00114063883666, -0.000359303550795, 0.00440517347306, -0.00315472856164, 0.00892793852836, -0.0135438609868, 0.0305363312364, -0.0222949590534, 0.0134487263858, -0.00671820808202, 0.00523630110547], [-0.000162105498021, 0.00744272908196, -0.000314243341563, -8.74886900419e-05, -0.0042341183871, 0.00162909959909, -0.00855577737093, 0.0128358155489, -0.0222949590534, 0.0334142036736, -0.0167646072805, 0.0123954741284, -0.00710551114753], [0.000681841513142, -0.00595958018675, 0.00130798702594, 0.00147105858196, 0.00152342044748, 0.00107214320451, 0.00544918747619, -0.00870077311993, 0.0134487263858, -0.0167646072805, 0.0232602190226, -0.0139813767746, 0.00826279539615], [-0.000506133190356, 0.0069636348635, -0.00170194846578, 0.000788716773968, -0.00210983329453, 0.00184997101314, -0.00346942129545, 0.006135544274, -0.00671820808202, 0.0123954741284, -0.0139813767746, 0.0316331274807, -0.0133078806102], [2.61232980847e-05, -0.00261399848387, -1.84657164937e-05, -0.000876138685271, 0.0021416884847, -0.00154951354489, 0.00450222939253, -0.00199832720682, 0.00523630110547, -0.00710551114753, 0.00826279539615, -0.0133078806102, 0.0198089275509]]
    },
    "melbands": {
        "max": [0.00812692474574, 0.0214613769203, 0.0083601474762, 0.00344158313237, 0.0208885613829, 0.052572093904, 0.00695470673963, 0.0120091689751, 0.00486000347883, 0.00253742164932, 0.00474586710334, 0.00515403365716, 0.00519554782659, 0.00184690707829, 0.00145654403605, 0.00211595324799, 0.00117023207713, 0.00182658538688, 0.000257843465079, 0.000301538762869, 0.000346074288245, 0.000561213353649, 0.000697701470926, 0.000372289679945, 0.000136213682708, 3.09979477606e-05, 7.39531533327e-05, 0.000129675448989, 9.8276323115e-05, 5.65331465623e-05, 1.48488752529e-05, 7.30725105313e-06, 5.6096660046e-06, 6.76116144405e-07, 6.72136124535e-08, 1.64269984282e-08, 1.10876490211e-08, 4.42945369272e-09, 2.91816459885e-09, 6.38443520273e-10],
        "mean": [0.000183860291145, 0.00066067231819, 0.000355972268153, 0.000167199978023, 0.000429858017014, 0.000482876959722, 0.000731138512492, 0.00024659675546, 0.000128983403556, 7.06808496034e-05, 0.000107309846499, 0.000132888468215, 0.000103290083644, 4.00639801228e-05, 6.84654587531e-05, 4.67799509352e-05, 3.61369202437e-05, 4.16390503233e-05, 1.40721349453e-05, 1.82588410098e-05, 1.16371402328e-05, 3.54232288373e-05, 2.39441851591e-05, 1.66485679074e-05, 5.32897229277e-06, 2.24766563406e-06, 5.83185192227e-06, 1.19757087305e-05, 8.46884086059e-06, 2.99373982671e-06, 2.99738928788e-07, 2.46484233912e-07, 1.69251862303e-07, 5.39428484103e-08, 1.9597992118e-09, 1.32887090221e-09, 1.09293973871e-09, 8.20011891722e-10, 5.46965694959e-10, 1.02618732956e-10],
        "min": [4.5255314253e-12, 3.79683407991e-15, 7.22416613021e-15, 1.58115233688e-14, 1.67737680435e-14, 1.85547412125e-14, 3.73687761507e-14, 5.53834118865e-14, 6.32622684164e-14, 1.93025933778e-14, 7.41526726632e-14, 1.3970473541e-13, 1.23916529165e-13, 1.22059101108e-13, 8.2488757578e-14, 7.71506136429e-14, 8.53256471012e-14, 7.11033066193e-14, 1.4016110321e-13, 6.37770137266e-14, 3.57574992565e-14, 7.10922409808e-14, 9.97295101319e-14, 6.00093366383e-14, 4.38197079262e-14, 4.94822553158e-14, 1.66630388144e-14, 2.50711232238e-14, 2.98892109522e-14, 3.64063468229e-14, 1.65364243295e-14, 1.15458366473e-14, 5.81943737312e-15, 9.30409618978e-15, 7.87283158452e-15, 2.3422194021e-14, 4.25342803716e-15, 4.58788026694e-15, 1.00531672356e-14, 9.13619562491e-15],
        "stdev": [0.000644244777504, 0.00194860284682, 0.000728402577806, 0.000305397144984, 0.00187575118616, 0.00224053440616, 0.00113070977386, 0.000613503914792, 0.000326769513777, 0.000205145464861, 0.000437886599684, 0.000453109329101, 0.000509225763381, 0.000146591701196, 0.000139304553159, 0.000141996191815, 0.000112511108455, 0.000128087194753, 2.78545685433e-05, 2.88318133244e-05, 2.23245151574e-05, 7.88996185292e-05, 6.22233201284e-05, 4.86941935378e-05, 1.27393004732e-05, 4.08621826864e-06, 1.09506681838e-05, 2.22492835746e-05, 1.61836524057e-05, 7.27399583411e-06, 7.70945462136e-07, 5.21718561686e-07, 3.48738950606e-07, 9.97833637939e-08, 3.53492701777e-09, 1.417872042e-09, 9.32457000502e-10, 5.8351523613e-10, 3.91899540597e-10, 8.91529280955e-11]
    },
    "melbands128": {
        "max": [0.000141096927109, 0.000693094683811, 0.011073756963, 0.023187674582, 0.0344551838934, 0.0211198925972, 0.0099641205743, 0.0127559285611, 0.00285613629967, 0.00514874979854, 0.00726406462491, 0.0109382234514, 0.0385808758438, 0.0432416796684, 0.0939424037933, 0.0330104716122, 0.0115737002343, 0.0118778031319, 0.00777716049924, 0.00930537562817, 0.0231974441558, 0.00667409878224, 0.00546232331544, 0.0110284164548, 0.00350606488064, 0.00378137547523, 0.00756627134979, 0.00434687314555, 0.0149023924023, 0.00941535737365, 0.00730198668316, 0.0113498624414, 0.00923065468669, 0.0104726674035, 0.0013797263382, 0.00161251274403, 0.00225778715685, 0.00211207498796, 0.00399206904694, 0.00355690298602, 0.00222248095088, 0.00171781983227, 0.00221245014109, 0.00154634017963, 0.00311939348467, 0.00266083097085, 0.000624335021712, 0.000354957679519, 0.000388229411328, 4.50604129583e-05, 0.000387665058952, 0.000969676184468, 0.000763411459047, 0.000234541701502, 0.000309732422465, 0.00118014123291, 0.0016972515732, 0.00195021484978, 6.94934351486e-05, 0.000436881528003, 0.000748089281842, 0.000818215135951, 0.000264322385192, 5.47095078218e-05, 5.81149797654e-05, 5.97643447691e-05, 4.75074411952e-05, 0.000111210290925, 0.000163668126334, 0.00025966722751, 0.000205007876502, 0.00032563728746, 0.000264442292973, 0.000174135217094, 0.000289654766675, 0.000127041188534, 1.73618536792e-05, 4.03276317229e-05, 8.70122858032e-06, 9.44211478782e-06, 7.16306021786e-06, 1.0535392903e-05, 7.54680559112e-06, 6.84436645315e-06, 2.86561703433e-06, 1.51367305534e-06, 2.51580985378e-07, 1.92530748677e-07, 5.71126399507e-08, 2.21000799883e-08, 2.3698772722e-08, 2.12072439609e-08, 1.15750387053e-08, 1.63960454103e-08, 6.84956935615e-09, 5.78150638475e-09, 6.27224094885e-09, 4.64029126235e-09, 3.40834627188e-09, 3.83283893512e-09, 1.56118673544e-09, 1.06855614634e-10, 7.46467193613e-11, 7.0982525413e-11, 6.79033079765e-11, 6.54553980461e-11, 6.24246002112e-11, 6.0234303656e-11, 5.73977670948e-11, 5.47986031552e-11, 5.26864107897e-11, 5.0448433625e-11, 4.92064305968e-11, 4.7407078263e-11, 4.5792043768e-11, 4.40430227011e-11, 4.31895352815e-11, 4.11788173005e-11, 4.0711094218e-11, 3.98355931575e-11, 3.82997730752e-11, 3.74915862245e-11, 3.66905499039e-11, 3.59363441782e-11, 3.53345998294e-11, 3.47188666705e-11, 3.42483159887e-11, 3.40377726005e-11],
        "mean": [9.8693972177e-06, 2.27087439271e-05, 0.000202546681976, 0.000585766625591, 0.00090088811703, 0.000527982658241, 0.000378227443434, 0.000396930467105, 0.00018906268815, 0.000137262060889, 0.000133504014229, 0.000256103667198, 0.000614128948655, 0.000510656507686, 0.000469443824841, 0.000339913414791, 0.000784241012298, 0.000938980607316, 0.000513485458214, 0.000235019877437, 0.00016046174278, 0.000113793306809, 0.000113488458737, 0.000181875235285, 4.4674390665e-05, 5.35296239832e-05, 5.43426031072e-05, 6.9276386057e-05, 0.000214555810089, 0.000142701988807, 0.000107565021608, 0.000111230874609, 9.74721260718e-05, 0.00012268483988, 3.59712539648e-05, 2.27449399972e-05, 1.78661121026e-05, 0.000105654609797, 6.53799870634e-05, 4.69850165246e-05, 5.62750574318e-05, 2.39734417846e-05, 3.4962722566e-05, 3.45397384081e-05, 5.82759566896e-05, 5.16641084687e-05, 1.01407940747e-05, 1.62530504895e-05, 1.63748009072e-05, 2.5687793368e-06, 2.33714617934e-05, 3.05316025333e-05, 9.76426144916e-06, 5.42588031749e-06, 9.1217143563e-06, 3.36016601068e-05, 6.98272779118e-05, 3.14438730129e-05, 4.55225199403e-06, 1.23370746223e-05, 2.42685291596e-05, 1.40759102578e-05, 6.45846375846e-06, 2.65844437308e-06, 3.03100500787e-06, 2.20525748773e-06, 1.4773310113e-06, 3.84887789551e-06, 8.78940682014e-06, 5.97235157329e-06, 5.69581288801e-06, 2.26714382734e-05, 1.39027733894e-05, 2.30510704569e-06, 6.5532303779e-06, 4.66783694719e-06, 4.65231408953e-07, 4.53453480986e-07, 2.38670310182e-07, 2.35710857055e-07, 3.0329317724e-07, 2.04886063671e-07, 2.26696684535e-07, 1.56950960672e-07, 1.45899846871e-07, 8.78651604808e-08, 1.25372840998e-08, 2.3342017208e-09, 1.48806189593e-09, 1.41897837924e-09, 1.33227162635e-09, 1.34790212325e-09, 1.23081334014e-09, 1.10941889009e-09, 1.0074594492e-09, 9.04542274416e-10, 7.99587562827e-10, 6.6159133727e-10, 6.0986349304e-10, 5.06295394498e-10, 2.00995817212e-10, 6.05135559717e-12, 5.37440187839e-12, 5.09378693739e-12, 4.90374017434e-12, 4.82642181429e-12, 4.86352408e-12, 4.9593957413e-12, 4.46481003211e-12, 4.25920626893e-12, 4.19650902569e-12, 4.09458057737e-12, 3.92342191721e-12, 3.8241818566e-12, 3.7517567178e-12, 3.71817290498e-12, 3.6184176315e-12, 3.34059255952e-12, 3.22252315978e-12, 3.16093744061e-12, 3.07389400392e-12, 3.02166603371e-12, 2.97391711951e-12, 2.90235413827e-12, 2.61432954278e-12, 2.07065809811e-12, 1.87684221463e-12, 1.84509352241e-12],
        "min": [7.26158846595e-12, 5.4966465407e-12, 1.53374968975e-12, 1.84080355295e-15, 1.06716092838e-15, 4.23625529119e-15, 3.95807103659e-15, 6.73059537317e-15, 1.37656702918e-15, 9.03676920349e-15, 1.93693937842e-14, 1.32185081836e-14, 1.29996365641e-14, 7.84264417731e-15, 2.02897797847e-14, 1.01868519045e-14, 3.92931672442e-14, 1.93953214627e-14, 4.78300828238e-15, 1.37014745117e-14, 2.67962464284e-14, 8.29916308744e-14, 3.76693847556e-14, 1.26484736449e-14, 7.41745227251e-15, 1.44854577145e-14, 2.09204618825e-14, 4.79882924847e-14, 4.81684834977e-14, 1.00552121425e-13, 1.26728407499e-13, 3.32243760769e-14, 9.50263088703e-14, 7.29884428179e-14, 1.05469256104e-13, 4.42926199732e-14, 4.6766183184e-14, 9.75680040233e-14, 6.0509465548e-14, 3.78961524162e-14, 8.61861715893e-14, 5.50745023588e-14, 8.5096216369e-14, 6.47002118765e-14, 5.30351993875e-14, 2.00637439605e-14, 9.79904972811e-14, 1.25116537682e-13, 6.5937666026e-14, 3.0723507912e-14, 1.0635583702e-14, 6.46997510905e-14, 2.71193640867e-14, 2.13515000087e-14, 4.88140039186e-14, 3.01329904225e-14, 9.11269147706e-14, 9.29696654405e-14, 6.06547283103e-14, 4.46013973638e-14, 6.52276830096e-14, 6.86375191709e-14, 5.18659822122e-14, 1.97125624065e-14, 5.59433955324e-14, 7.98134548361e-14, 1.8760964936e-14, 2.01600228075e-14, 1.17864499085e-14, 2.11427995608e-14, 1.6613333227e-14, 4.19047731085e-14, 2.24607608039e-14, 3.04662504534e-14, 3.10547520045e-14, 4.18169154631e-14, 3.93333775923e-14, 1.57997496108e-14, 1.51201310316e-14, 1.42232789945e-14, 1.63996183441e-14, 8.30945758707e-15, 4.46323132194e-15, 3.76754960983e-15, 6.95236850403e-15, 1.70728553772e-14, 6.42414308801e-15, 2.43940046623e-15, 2.1935597412e-15, 1.24650384957e-14, 3.89227123026e-14, 2.0534894179e-14, 9.15231127376e-15, 2.78913126454e-15, 2.41286017113e-15, 4.14485747157e-15, 5.00039717071e-15, 4.0634592994e-15, 1.22298496335e-14, 1.09981002509e-14, 1.16765101142e-14, 6.19342063055e-15, 1.07438997342e-14, 6.88227398655e-15, 1.57404651396e-15, 7.1727411718e-16, 3.9819289901e-15, 7.23656499849e-15, 8.37569132838e-15, 5.07431943008e-15, 9.34683154307e-15, 7.81682407198e-15, 3.69132977359e-15, 1.3527991788e-15, 1.2258081877e-15, 1.17006727878e-15, 2.27303408978e-15, 3.49763557316e-15, 6.9501285254e-15, 4.48206298193e-15, 1.1410459183e-15, 2.13735105833e-15, 2.33221395246e-15, 2.65064285997e-15, 5.90748178931e-15, 1.04743056642e-15, 9.3661640907e-17, 5.22990236243e-18],
        "stdev": [1.34520832944e-05, 6.386685709e-05, 0.000896196812391, 0.00189077074174, 0.00291043356992, 0.00176651740912, 0.000867980066687, 0.000945057079662, 0.000332348659867, 0.000354068353772, 0.00045190329547, 0.000886248599272, 0.00334859685972, 0.00251046591438, 0.00382801610976, 0.00169435504358, 0.00149483373389, 0.00176623265725, 0.00119552493561, 0.000741726486012, 0.000867329828907, 0.000410921056755, 0.000356485281372, 0.000598362355959, 0.000156238354975, 0.000223635084694, 0.000414163630921, 0.00027693764423, 0.00121074460912, 0.000709229614586, 0.000429774663644, 0.000566740811337, 0.000717665883712, 0.000854192301631, 0.000107990541437, 8.17405525595e-05, 9.08426081878e-05, 0.000211521561141, 0.000193814514205, 0.000245434232056, 0.000168123078765, 0.000114982620289, 0.000186737219337, 0.000120893775602, 0.000214037951082, 0.000181413561222, 4.15474205511e-05, 3.46366578015e-05, 3.66328895325e-05, 4.76175955555e-06, 4.28005187132e-05, 6.45289110253e-05, 3.15036522807e-05, 2.01166312763e-05, 3.45263870258e-05, 0.000121621094877, 0.000177672103746, 0.000142904769746, 1.00649567685e-05, 3.7145375245e-05, 9.15574855753e-05, 6.00060266152e-05, 2.09039371839e-05, 5.17631133334e-06, 6.15496674072e-06, 5.51410630578e-06, 4.68836879008e-06, 1.05432991404e-05, 1.93010691873e-05, 2.21423324547e-05, 2.02187075047e-05, 5.13200648129e-05, 3.67309730791e-05, 9.3044627647e-06, 2.07511875487e-05, 1.37368633659e-05, 1.71310409769e-06, 1.58972511599e-06, 7.06795788119e-07, 8.03441878361e-07, 7.07865865479e-07, 5.42636712453e-07, 6.12135409028e-07, 4.09891754316e-07, 3.39529435678e-07, 1.94347023807e-07, 2.77430469708e-08, 8.10956457542e-09, 2.75055289656e-09, 1.91159865714e-09, 1.82572457152e-09, 1.64617230958e-09, 1.32399247121e-09, 1.18078791189e-09, 9.98133575791e-10, 7.79563524844e-10, 7.22903403805e-10, 6.08962158477e-10, 5.56491352999e-10, 4.65519345294e-10, 1.98580735189e-10, 9.50320898363e-12, 8.50051799783e-12, 7.89906941939e-12, 7.54449801244e-12, 7.2972773657e-12, 7.0725096786e-12, 6.80021056826e-12, 6.36524860598e-12, 6.03893150763e-12, 5.80461590252e-12, 5.58989226435e-12, 5.35603419255e-12, 5.18562970342e-12, 4.99807617169e-12, 4.85940237702e-12, 4.71549058481e-12, 4.51525058662e-12, 4.38911884268e-12, 4.28399806948e-12, 4.16111676366e-12, 4.05939301271e-12, 4.0031762627e-12, 3.90269457376e-12, 3.86116442638e-12, 3.85158354863e-12, 3.82185949555e-12, 3.80090490332e-12]
    },
    "mfcc": {
        "mean": [-776.177062988, 186.15687561, -66.7303314209, 39.7787666321, -18.4072551727, 4.04155254364, -6.86647129059, -8.87714862823, -1.72105193138, -6.31958246231, -1.32825624943, 4.02982902527, -0.869130969048],
        "cov": [[14736.0996094, 2729.13256836, -1962.54553223, 2526.46826172, -1848.3470459, -82.9911880493, -193.775604248, -272.364349365, 386.993255615, 1.25769674778, 85.719543457, 463.605621338, 248.756225586], [2729.13256836, 1426.54785156, -22.3832092285, 225.425018311, -85.3571014404, -126.456756592, -139.230484009, -99.4697265625, -133.379104614, -83.5486602783, -30.1034736633, 5.3647108078, -19.8547039032], [-1962.54553223, -22.3832092285, 601.211486816, -297.642486572, 300.294311523, 5.23523044586, -4.06928873062, 27.779045105, -83.5169143677, -24.2837352753, -50.2747268677, -88.0715789795, -38.5550460815], [2526.46826172, 225.425018311, -297.642486572, 762.211914062, -280.070922852, 8.98587608337, 15.2463283539, -14.2093276978, 150.009262085, 18.4243793488, 2.27381587029, 116.358390808, 81.773223877], [-1848.3470459, -85.3571014404, 300.294311523, -280.070922852, 533.928161621, 16.7974567413, -12.2437906265, 25.7317352295, -102.124580383, -8.73954772949, -39.9398422241, -73.7068252563, -62.5334625244], [-82.9911880493, -126.456756592, 5.23523044586, 8.98587608337, 16.7974567413, 291.551422119, 109.220794678, 24.8639526367, 149.257034302, 46.9997329712, 17.7337303162, -21.683216095, -10.2927761078], [-193.775604248, -139.230484009, -4.06928873062, 15.2463283539, -12.2437906265, 109.220794678, 194.301513672, 102.719619751, 77.1860198975, 53.5244522095, 35.5712432861, 18.6791477203, 5.72578573227], [-272.364349365, -99.4697265625, 27.779045105, -14.2093276978, 25.7317352295, 24.8639526367, 102.719619751, 139.267562866, 56.3810119629, 27.0803356171, 28.5138683319, 5.38925218582, -4.62087631226], [386.993255615, -133.379104614, -83.5169143677, 150.009262085, -102.124580383, 149.257034302, 77.1860198975, 56.3810119629, 242.107315063, 72.5727157593, 8.33682346344, 43.1793289185, 14.9021215439], [1.25769674778, -83.5486602783, -24.2837352753, 18.4243793488, -8.73954772949, 46.9997329712, 53.5244522095, 27.0803356171, 72.5727157593, 106.163192749, 34.9202156067, 23.0876808167, 10.3054389954], [85.719543457, -30.1034736633, -50.2747268677, 2.27381587029, -39.9398422241, 17.7337303162, 35.5712432861, 28.5138683319, 8.33682346344, 34.9202156067, 104.699913025, 35.2932090759, -1.10528409481], [463.605621338, 5.3647108078, -88.0715789795, 116.358390808, -73.7068252563, -21.683216095, 18.6791477203, 5.38925218582, 43.1793289185, 23.0876808167, 35.2932090759, 135.575698853, 43.8645362854], [248.756225586, -19.8547039032, -38.5550460815, 81.773223877, -62.5334625244, -10.2927761078, 5.72578573227, -4.62087631226, 14.9021215439, 10.3054389954, -1.10528409481, 43.8645362854, 73.4525527954]],
        "icov": [[0.0042346091941, -0.00646893819794, 0.00701963203028, -0.00726157519966, 0.00680632330477, -0.00443252921104, 0.00439491309226, -0.00302698416635, 0.00283512566239, -0.00366552942432, 0.00273712631315, -0.00249651446939, 0.00179065205157], [-0.00646893819794, 0.0107833230868, -0.0108891101554, 0.0106427017599, -0.0101516051218, 0.00657140370458, -0.00622364273295, 0.00455434760079, -0.0035294231493, 0.00559466565028, -0.00396660109982, 0.00352051714435, -0.00192227715161], [0.00701963203028, -0.0108891101554, 0.0143030276522, -0.0113814752549, 0.0101775946096, -0.00738591980189, 0.00718535343185, -0.00553834950551, 0.00468367664143, -0.00588533328846, 0.00523269921541, -0.00350458617322, 0.00223036832176], [-0.00726157519966, 0.0106427017599, -0.0113814752549, 0.0147878015414, -0.0114763230085, 0.00810491573066, -0.00801638420671, 0.00568451918662, -0.00653911847621, 0.00690987193957, -0.00447846436873, 0.0038252028171, -0.0046146470122], [0.00680632330477, -0.0101516051218, 0.0101775946096, -0.0114763230085, 0.0145223839208, -0.00886802282184, 0.00860587041825, -0.00701066851616, 0.0073224841617, -0.00767471827567, 0.00645909039304, -0.00520880240947, 0.00513202417642], [-0.00443252921104, 0.00657140370458, -0.00738591980189, 0.00810491573066, -0.00886802282184, 0.0137451924384, -0.0107095837593, 0.00936929974705, -0.0105572072789, 0.00652175722644, -0.00639988901094, 0.00653973640874, -0.00308654806577], [0.00439491309226, -0.00622364273295, 0.00718535343185, -0.00801638420671, 0.00860587041825, -0.0107095837593, 0.0183231588453, -0.0134584568441, 0.00757129210979, -0.00807421375066, 0.00468886224553, -0.00533503852785, 0.00253397948109], [-0.00302698416635, 0.00455434760079, -0.00553834950551, 0.00568451918662, -0.00701066851616, 0.00936929974705, -0.0134584568441, 0.0195327643305, -0.00949784275144, 0.00639813998714, -0.00706579489633, 0.00493005523458, -0.00215206784196], [0.00283512566239, -0.0035294231493, 0.00468367664143, -0.00653911847621, 0.0073224841617, -0.0105572072789, 0.00757129210979, -0.00949784275144, 0.0160844940692, -0.00931723788381, 0.00765659334138, -0.00631738128141, 0.00468149269], [-0.00366552942432, 0.00559466565028, -0.00588533328846, 0.00690987193957, -0.00767471827567, 0.00652175722644, -0.00807421375066, 0.00639813998714, -0.00931723788381, 0.0189726855606, -0.00825624819845, 0.00363281369209, -0.00450908811763], [0.00273712631315, -0.00396660109982, 0.00523269921541, -0.00447846436873, 0.00645909039304, -0.00639988901094, 0.00468886224553, -0.00706579489633, 0.00765659334138, -0.00825624819845, 0.0172381848097, -0.00705987215042, 0.00526309106499], [-0.00249651446939, 0.00352051714435, -0.00350458617322, 0.0038252028171, -0.00520880240947, 0.00653973640874, -0.00533503852785, 0.00493005523458, -0.00631738128141, 0.00363281369209, -0.00705987215042, 0.0146456528455, -0.0075641144067], [0.00179065205157, -0.00192227715161, 0.00223036832176, -0.0046146470122, 0.00513202417642, -0.00308654806577, 0.00253397948109, -0.00215206784196, 0.00468149269, -0.00450908811763, 0.00526309106499, -0.0075641144067, 0.0212213527411]]
    },
    "spectral_contrast_coeffs": {
        "max": [-0.281287968159, -0.474244236946, -0.501103401184, -0.588879942894, -0.475427001715, -0.423743218184],
        "mean": [-0.710152685642, -0.731316208839, -0.769828259945, -0.763121247292, -0.741163671017, -0.684312701225],
        "min": [-0.927477300167, -0.981539130211, -0.959113419056, -0.951347947121, -0.941129565239, -0.928152441978],
        "stdev": [0.101629167795, 0.104892186821, 0.0904275253415, 0.0884805992246, 0.0885629653931, 0.0800920799375]
    },
    "spectral_contrast_valleys": {
        "max": [-5.6781539917, -5.11062288284, -5.42542934418, -6.4359664917, -7.01137924194, -12.3816204071],
        "mean": [-8.08417606354, -7.44023561478, -8.07608509064, -8.4174823761, -8.97293281555, -13.7729120255],
        "min": [-19.3645095825, -16.8545341492, -16.5211029053, -16.4310054779, -16.2313518524, -18.4884605408],
        "stdev": [1.63052213192, 1.49446070194, 1.18431150913, 1.08970367908, 1.19189572334, 0.548989534378]
    }
},
"rhythm": {
    "beats_count": 53,
    "beats_loudness": {
        "max": 0.156739547849,
        "mean": 0.0216550827026,
        "min": 1.60028994287e-05,
        "stdev": 0.0271589178592
    },
    "bpm": 163.621444702,
    "bpm_histogram_first_peak_bpm": 161,
    "bpm_histogram_first_peak_weight": 0.33333337307,
    "bpm_histogram_second_peak_bpm": 167,
    "bpm_histogram_second_peak_spread": 0,
    "bpm_histogram_second_peak_weight": 0.211538463831,
    "danceability": 1.01803135872,
    "onset_rate": 2.11640620232,
    "beats_loudness_band_ratio": {
        "max": [0.901163995266, 0.974084794521, 0.602179467678, 0.775641441345, 0.514228522778, 0.150244191289],
        "mean": [0.195679351687, 0.192534521222, 0.284459352493, 0.212587967515, 0.125944197178, 0.0277841761708],
        "min": [0.00164635432884, 0.00245029805228, 0.00424485979602, 0.0071572419256, 0.00130364741199, 0.000164393975865],
        "stdev": [0.209599211812, 0.234499469399, 0.191846802831, 0.172038555145, 0.115124806762, 0.03197292611]
    },
    "beats_position": [0.348299324512, 0.696598649025, 1.04489791393, 1.39319729805, 1.74149656296, 2.08979582787, 2.43809509277, 2.7863945961, 3.13469386101, 3.49460315704, 3.86612248421, 4.22603178024, 4.58594083786, 4.94585037231, 5.31736946106, 5.6888885498, 6.06040811539, 6.43192720413, 6.79183673859, 7.1517457962, 7.52326536179, 7.89478445053, 8.25469398499, 8.6146030426, 8.98612213135, 9.36925125122, 9.75238037109, 10.1239004135, 10.5418596268, 10.9714279175, 11.4009971619, 11.8305664062, 12.202085495, 12.5736055374, 12.9451246262, 13.328253746, 13.7113828659, 14.0945119858, 14.4776411057, 14.8607711792, 15.2555103302, 15.6270294189, 15.9869384766, 16.3468475342, 16.7299766541, 17.1247158051, 17.5194549561, 17.9141941071, 18.2741031647, 18.6456241608, 19.0171432495, 19.3886623383, 19.7950115204],
