{
"metadata": {
    "version": {
        "essentia": "2.1-beta5",
        "essentia_git_sha": "Undefined",
        "extractor": "music 2.0"
    },
    "audio_properties": {
        "analysis": {
            "equal_loudness": 0,
            "length": 48.7502937317,
            "sample_rate": 44100,
            "start_time": 12.7477550507,
            "downmix": "mix"
        },
        "bit_rate": 192000,
        "length": 165.76725769,
        "lossless": 0,
        "number_channels": 2,
        "replay_gain": -3.58428192139,
        "sample_rate": 44100,
        "codec": "mp3",
        "md5_encoded": "9085515397d0adc9d633de6c210e7887"
    },
    "tags": {
        "file_name": "Luxembourg_Ce Soir Je T_attendais_Michèle Torr.mp3",
        "encoding": ["Lavf58.29.100"]
    }
},
"lowlevel": {
    "average_loudness": 0.608115911484,
    "barkbands_crest": {
        "max": 24.8560161591,
        "mean": 10.8501186371,
        "min": 2.46170043945,
        "stdev": 4.75654029846
    },
    "barkbands_flatness_db": {
        "max": 0.358481556177,
        "mean": 0.209056288004,
        "min": 0.0880414918065,
        "stdev": 0.0417449884117
    },
    "barkbands_kurtosis": {
        "max": 53.2488174438,
        "mean": 3.42608046532,
        "min": -1.82049429417,
        "stdev": 5.23467254639
    },
    "barkbands_skewness": {
        "max": 5.66689109802,
        "mean": 1.42127478123,
        "min": -1.36345982552,
        "stdev": 0.902008533478
    },
    "barkbands_spread": {
        "max": 70.4868240356,
        "mean": 14.4763746262,
        "min": 1.21861922741,
        "stdev": 8.51860809326
    },
    "dissonance": {
        "max": 0.499171793461,
        "mean": 0.455187022686,
        "min": 0.264496058226,
        "stdev": 0.0312617570162
    },
    "dynamic_complexity": 3.89403343201,
    "erbbands_crest": {
        "max": 29.6370067596,
        "mean": 10.892291069,
        "min": 3.11640667915,
        "stdev": 5.08957195282
    },
    "erbbands_flatness_db": {
        "max": 0.390030711889,
        "mean": 0.259497702122,
        "min": 0.173426672816,
        "stdev": 0.036828070879
    },
    "erbbands_kurtosis": {
        "max": 43.6923561096,
        "mean": 0.43838557601,
        "min": -1.82358253002,
        "stdev": 2.69960975647
    },
    "erbbands_skewness": {
        "max": 4.65410757065,
        "mean": 0.63013023138,
        "min": -2.985496521,
        "stdev": 0.809967756271
    },
    "erbbands_spread": {
        "max": 85.1426086426,
        "mean": 28.1420192719,
        "min": 2.42207026482,
        "stdev": 10.2480278015
    },
    "hfc": {
        "max": 188.082580566,
        "mean": 11.3162956238,
        "min": 0.0225984193385,
        "stdev": 15.5217514038
    },
    "loudness_ebu128": {
        "integrated": -22.8644237518,
        "loudness_range": 6.42958259583,
        "momentary": {
            "max": -14.9736356735,
            "mean": -24.5043296814,
            "min": -35.7475357056,
            "stdev": 3.73120284081
        },
        "short_term": {
            "max": -19.4421977997,
            "mean": -23.5584831238,
            "min": -29.1539402008,
            "stdev": 2.15740990639
        }
    },
    "melbands_crest": {
        "max": 31.489490509,
        "mean": 13.8611936569,
        "min": 3.39704537392,
        "stdev": 5.57387542725
    },
    "melbands_flatness_db": {
        "max": 0.410981595516,
        "mean": 0.244755744934,
        "min": 0.106018662453,
        "stdev": 0.0499154143035
    },
    "melbands_kurtosis": {
        "max": 64.7311325073,
        "mean": 7.48877811432,
        "min": -1.52764952183,
        "stdev": 7.89491796494
    },
    "melbands_skewness": {
        "max": 6.40778636932,
        "mean": 1.97471344471,
        "min": -0.69654083252,
        "stdev": 0.963655173779
    },
    "melbands_spread": {
        "max": 126.537612915,
        "mean": 19.0592002869,
        "min": 1.8821542263,
        "stdev": 13.8256645203
    },
    "pitch_salience": {
        "max": 0.87453186512,
        "mean": 0.570535778999,
        "min": 0.214932337403,
        "stdev": 0.106486998498
    },
    "silence_rate_20dB": {
        "max": 1,
        "mean": 1,
        "min": 1,
        "stdev": 0
    },
    "silence_rate_30dB": {
        "max": 1,
        "mean": 0.994288444519,
        "min": 0,
        "stdev": 0.0753583312035
    },
    "silence_rate_60dB": {
        "max": 1,
        "mean": 0.156592100859,
        "min": 0,
        "stdev": 0.363415420055
    },
    "spectral_centroid": {
        "max": 4319.47851562,
        "mean": 1185.60717773,
        "min": 256.583709717,
        "stdev": 567.012329102
    },
    "spectral_complexity": {
        "max": 39,
        "mean": 13.3560209274,
        "min": 0,
        "stdev": 6.95569086075
    },
    "spectral_decrease": {
        "max": -2.94353885884e-12,
        "mean": -3.53484286286e-09,
        "min": -5.09876088017e-08,
        "stdev": 4.52974679988e-09
    },
    "spectral_energy": {
        "max": 0.209498479962,
        "mean": 0.0143677191809,
        "min": 1.31593433252e-05,
        "stdev": 0.0183738693595
    },
    "spectral_energyband_high": {
        "max": 0.00476026721299,
        "mean": 0.000138010145747,
        "min": 9.42642373047e-07,
        "stdev": 0.000303441338474
    },
    "spectral_energyband_low": {
        "max": 0.0854097157717,
        "mean": 0.00136881053913,
        "min": 8.7774600388e-07,
        "stdev": 0.00525460252538
    },
    "spectral_energyband_middle_high": {
        "max": 0.0572504475713,
        "mean": 0.00306575419381,
        "min": 6.36586401015e-06,
        "stdev": 0.00422562239692
    },
    "spectral_energyband_middle_low": {
        "max": 0.175806894898,
        "mean": 0.0103109190241,
        "min": 4.74643411508e-06,
        "stdev": 0.0147915231064
    },
    "spectral_entropy": {
        "max": 8.36471271515,
        "mean": 7.15116786957,
        "min": 5.64098834991,
        "stdev": 0.358578115702
    },
    "spectral_flux": {
        "max": 0.290816485882,
        "mean": 0.0502706356347,
        "min": 0.00566263962537,
        "stdev": 0.0304888617247
    },
    "spectral_kurtosis": {
        "max": 33.1300506592,
        "mean": 5.90805053711,
        "min": -1.34983086586,
        "stdev": 4.19243955612
    },
    "spectral_rms": {
        "max": 0.0142964599654,
        "mean": 0.00327544636093,
        "min": 0.000113306588901,
        "stdev": 0.00181349075865
    },
    "spectral_rolloff": {
        "max": 6050.83007812,
        "mean": 1282.04345703,
        "min": 172.265625,
        "stdev": 907.939453125
    },
    "spectral_skewness": {
        "max": 4.39728116989,
        "mean": 1.30069899559,
        "min": -0.519692599773,
        "stdev": 0.573994398117
    },
    "spectral_spread": {
        "max": 10098353,
        "mean": 2538536,
        "min": 1784846.375,
        "stdev": 442102.3125
    },
    "spectral_strongpeak": {
        "max": 10.896437645,
        "mean": 1.15629029274,
        "min": 0.00272190803662,
        "stdev": 1.33955287933
    },
    "zerocrossingrate": {
        "max": 0.18505859375,
        "mean": 0.0467443875968,
        "min": 0.00732421875,
        "stdev": 0.0213906615973
    },
    "barkbands": {
        "max": [0.000429876265116, 0.0248071923852, 0.0259239077568, 0.0703727826476, 0.0221437942237, 0.0779749900103, 0.0973122790456, 0.0757869705558, 0.168667957187, 0.0284507833421, 0.00693847378716, 0.010878847912, 0.00910494104028, 0.00461032800376, 0.0447287559509, 0.0171135216951, 0.00330093014054, 0.010263950564, 0.00650302227587, 0.00553700514138, 0.00154462829232, 0.0010898176115, 3.23709646182e-05, 6.390404792e-07, 3.89058186556e-07, 3.30981379193e-07, 3.55005539632e-07],
        "mean": [1.16213141155e-05, 0.000526373449247, 0.000395255163312, 0.000863957160618, 0.00102282420266, 0.00234723626636, 0.00109865760896, 0.00170400820207, 0.00315735302866, 0.000402228644816, 0.000292773474939, 0.000290621566819, 0.000304000917822, 0.000192145715118, 0.000536945299245, 0.000186349483556, 0.000197265690076, 0.000317085767165, 0.000241275993176, 0.000216901520616, 4.19970237999e-05, 2.01625625778e-05, 4.06603021474e-07, 1.63259329611e-07, 1.21306101164e-07, 6.79076461729e-10, 7.46870121304e-10],
        "min": [4.00786115407e-09, 2.25463836045e-07, 2.5738248155e-07, 3.16407863465e-07, 1.49638765379e-07, 3.11185942792e-07, 1.29007810301e-06, 1.13475198305e-06, 9.9977296486e-07, 7.88476484104e-07, 3.61913606639e-07, 3.4918309666e-07, 5.37020184765e-07, 3.6305718254e-07, 6.30882311725e-07, 3.08742642119e-07, 3.41174029472e-07, 4.02180461379e-07, 6.81079370679e-07, 6.08348159403e-07, 1.81575018132e-07, 5.97891869347e-08, 2.42591169375e-09, 2.96943669653e-09, 3.36399663681e-09, 5.45144519803e-11, 7.43919925661e-11],
        "stdev": [1.58905568242e-05, 0.00211587967351, 0.00118961860426, 0.0035762549378, 0.00169888325036, 0.0046811029315, 0.00423334073275, 0.00475617451593, 0.0107939941809, 0.00124243483879, 0.00053574796766, 0.0005997538683, 0.000657507800497, 0.0003740186512, 0.00177518080454, 0.00062527746195, 0.000347618799424, 0.000730161264073, 0.000512788014021, 0.000504167051986, 9.62750345934e-05, 7.63973366702e-05, 1.42947908444e-06, 5.80190722133e-08, 3.59374894288e-08, 7.27924254207e-09, 7.80581643767e-09]
    },
    "erbbands": {
        "max": [0.36291873455, 6.80056858063, 17.5469150543, 184.571228027, 159.161880493, 134.930343628, 235.782684326, 817.662536621, 1557.62792969, 754.485839844, 2151.17773438, 4874.49755859, 1090.87316895, 770.260986328, 198.72479248, 562.393615723, 358.932403564, 198.620040894, 1187.25292969, 2935.76635742, 309.045257568, 181.156600952, 691.857177734, 427.480682373, 263.32901001, 302.34576416, 58.7200889587, 91.4719696045, 46.3329925537, 12.7990026474, 0.554841339588, 0.0225106608123, 0.00885968562216, 0.00523474114016, 0.00268333917484, 0.00134166225325, 0.000626188761089, 0.00022109344718, 0.000112935544166, 0.000248476600973],
        "mean": [0.00770890200511, 0.144745513797, 0.424234896898, 1.86831474304, 2.74669647217, 3.87488937378, 9.91348934174, 21.3908824921, 15.8730888367, 24.3255252838, 51.1816139221, 69.455368042, 19.7791538239, 15.3590517044, 10.7626972198, 12.7127504349, 12.721777916, 12.3714065552, 21.0315856934, 20.4206581116, 11.3167724609, 10.5295705795, 16.7371234894, 16.0762004852, 10.9740581512, 10.3070201874, 2.62515068054, 1.46982800961, 0.842001736164, 0.179485604167, 0.011355903931, 0.00378700206056, 0.00281058438122, 0.00200570328161, 0.000496586086228, 2.58800337178e-05, 8.35319679027e-06, 2.70922782875e-06, 7.87227872934e-06, 1.69857212313e-05],
        "min": [3.08230369228e-06, 6.75457267789e-05, 0.000430391257396, 0.000932245107833, 0.000600292114541, 0.000385483843274, 0.00171654310543, 0.00297717680223, 0.0138052357361, 0.0226644687355, 0.0231756865978, 0.0232110284269, 0.0232462026179, 0.0219865441322, 0.023083711043, 0.0126258162782, 0.0255831647664, 0.0177669785917, 0.028539929539, 0.0273920185864, 0.0150445587933, 0.0240187570453, 0.0300139896572, 0.0342806987464, 0.0264577325433, 0.0219639185816, 0.0130517035723, 0.00630303937942, 0.00309938611463, 0.000216634842218, 8.63982277224e-05, 8.06184543762e-05, 4.15741524193e-05, 2.78562438325e-05, 2.91166270472e-05, 3.74906426259e-06, 5.51025095774e-07, 1.19063535919e-07, 9.27693122321e-08, 2.80496657012e-08],
        "stdev": [0.0308059342206, 0.567583322525, 1.13273084164, 8.51126384735, 7.29937124252, 7.82757663727, 18.5303153992, 46.5168075562, 59.8476791382, 58.5224494934, 156.136428833, 260.105865479, 57.0456161499, 34.1979904175, 17.4728031158, 29.5202636719, 24.6879787445, 20.2711772919, 69.0008239746, 85.9185333252, 23.5763778687, 17.2966537476, 37.888710022, 34.4555511475, 21.341714859, 24.9895153046, 5.13546514511, 4.41241598129, 3.08643293381, 0.796310424805, 0.0326306708157, 0.00200790655799, 0.000990440021269, 0.000629672780633, 0.000175052860868, 3.39734979207e-05, 1.63656168297e-05, 5.81759240958e-06, 9.95523078018e-06, 2.16076550714e-05]
    },
    "gfcc": {
        "mean": [-106.186088562, 167.761505127, -180.661376953, 29.7147579193, -58.5052719116, -28.5667381287, -20.8155860901, -7.92581272125, -14.5881261826, -8.94508838654, -1.21816945076, -20.6752166748, 6.92521095276],
        "cov": [[2418.84350586, 8.06705570221, -758.500793457, -41.9066543579, 288.56463623, -368.785858154, 411.866882324, -31.7627010345, 71.3466873169, 63.2032814026, -94.0944595337, 15.9374923706, -14.116558075], [8.06705570221, 280.497589111, 211.493041992, -28.1224689484, 75.9836883545, 47.8731498718, -19.8017921448, 9.38011932373, -15.4369602203, -22.8567390442, 29.5881595612, -41.8909759521, -19.2299232483], [-758.500793457, 211.493041992, 623.279907227, 131.070159912, -54.2907028198, 144.884872437, -127.644790649, -6.99498748779, -6.9174823761, -34.2069168091, 27.3455562592, -29.9849586487, -45.1903038025], [-41.9066543579, -28.1224689484, 131.070159912, 266.826843262, 28.0847225189, 69.1226654053, 31.1469078064, -38.8137130737, 6.18080615997, -6.25109291077, -34.9143638611, 48.3766593933, -19.0606784821], [288.56463623, 75.9836883545, -54.2907028198, 28.0847225189, 164.878295898, -5.87174701691, 29.9037818909, 34.9128189087, 9.54864692688, 5.60224819183, -4.56704425812, -31.2301940918, 2.08963751793], [-368.785858154, 47.8731498718, 144.884872437, 69.1226654053, -5.87174701691, 249.182296753, 21.8087005615, -22.9441738129, -12.4898014069, -25.6127719879, -12.699965477, 39.6007995605, -13.1516752243], [411.866882324, -19.8017921448, -127.644790649, 31.1469078064, 29.9037818909, 21.8087005615, 192.311035156, 17.5594463348, -1.09186732769, 8.70528697968, -27.9240036011, 16.1788864136, -15.1506052017], [-31.7627010345, 9.38011932373, -6.99498748779, -38.8137130737, 34.9128189087, -22.9441738129, 17.5594463348, 110.050941467, 19.4320259094, 6.3820848465, 13.6449956894, -51.9443511963, 0.645126581192], [71.3466873169, -15.4369602203, -6.9174823761, 6.18080615997, 9.54864692688, -12.4898014069, -1.09186732769, 19.4320259094, 89.3616104126, 27.3684425354, -26.0130901337, -2.21730518341, -7.81863451004], [63.2032814026, -22.8567390442, -34.2069168091, -6.25109291077, 5.60224819183, -25.6127719879, 8.70528697968, 6.3820848465, 27.3684425354, 55.9442443848, 23.2809791565, -4.52478408813, 1.94023382664], [-94.0944595337, 29.5881595612, 27.3455562592, -34.9143638611, -4.56704425812, -12.699965477, -27.9240036011, 13.6449956894, -26.0130901337, 23.2809791565, 83.4608078003, 11.4343194962, 5.85818147659], [15.9374923706, -41.8909759521, -29.9849586487, 48.3766593933, -31.2301940918, 39.6007995605, 16.1788864136, -51.9443511963, -2.21730518341, -4.52478408813, 11.4343194962, 106.086463928, 23.689950943], [-14.116558075, -19.2299232483, -45.1903038025, -19.0606784821, 2.08963751793, -13.1516752243, -15.1506052017, 0.645126581192, -7.81863451004, 1.94023382664, 5.85818147659, 23.689950943, 66.3999023438]],
        "icov": [[0.00670611439273, -0.00483548128977, 0.0040660649538, 0.000484706775751, -0.00774793233722, 0.0106097757816, -0.012216209434, 0.00838720239699, -0.00487588066608, 0.000579029496294, 0.00244359392673, -0.00321457535028, 0.00274837343022], [-0.00483548128977, 0.0154461152852, -0.00917245447636, 0.00512839388102, -0.00310430140235, -0.00728116044775, 0.00421430449933, 0.000211658756598, 0.000289399380563, 0.00669788941741, -0.00793075282127, 0.00496328249574, -0.00294278818183], [0.0040660649538, -0.00917245447636, 0.00966095179319, -0.0056156613864, 0.00189341173973, 0.0040613329038, -0.0035656997934, 0.00303019676358, -0.00449632015079, 0.00143330334686, -0.000823064590804, 0.00174774962943, 0.00195056363009], [0.000484706775751, 0.00512839388102, -0.0056156613864, 0.0103412754834, -0.00791158154607, 0.00183587090578, -0.00307492050342, 0.00169812992681, 0.00304848444648, -0.00360575946979, 0.00619682623073, -0.0075460053049, 0.00323927216232], [-0.00774793233722, -0.00310430140235, 0.00189341173973, -0.00791158154607, 0.0239021070302, -0.0136931333691, 0.0163156855851, -0.0137836318463, 0.00420032674447, -0.00150233798195, -0.00370404007845, 0.00860758125782, -0.00534208770841], [0.0106097757816, -0.00728116044775, 0.0040613329038, 0.00183587090578, -0.0136931333691, 0.0227762982249, -0.0204593259841, 0.0125330444425, -0.00566951418296, 0.000216995846131, 0.0068834675476, -0.00956329610199, 0.00572090176865], [-0.012216209434, 0.00421430449933, -0.0035656997934, -0.00307492050342, 0.0163156855851, -0.0204593259841, 0.0334669053555, -0.0235474538058, 0.0164768751711, -0.0111215794459, 0.0057920650579, -0.00123429589439, 0.000807622505818], [0.00838720239699, 0.000211658756598, 0.00303019676358, 0.00169812992681, -0.0137836318463, 0.0125330444425, -0.0235474538058, 0.0344055518508, -0.0216334313154, 0.0183144360781, -0.0166519228369, 0.0138354217634, -0.0049463598989], [-0.00487588066608, 0.000289399380563, -0.00449632015079, 0.00304848444648, 0.00420032674447, -0.00566951418296, 0.0164768751711, -0.0216334313154, 0.0355429314077, -0.0300658978522, 0.0267557669431, -0.0168410055339, 0.0082884952426], [0.000579029496294, 0.00669788941741, 0.00143330334686, -0.00360575946979, -0.00150233798195, 0.000216995846131, -0.0111215794459, 0.0183144360781, -0.0300658978522, 0.0525739230216, -0.0368689522147, 0.0226892437786, -0.0105407629162], [0.00244359392673, -0.00793075282127, -0.000823064590804, 0.00619682623073, -0.00370404007845, 0.0068834675476, 0.0057920650579, -0.0166519228369, 0.0267557669431, -0.0368689522147, 0.0475225932896, -0.0281793102622, 0.0124935740605], [-0.00321457535028, 0.00496328249574, 0.00174774962943, -0.0075460053049, 0.00860758125782, -0.00956329610199, -0.00123429589439, 0.0138354217634, -0.0168410055339, 0.0226892437786, -0.0281793102622, 0.0360581874847, -0.0158284138888], [0.00274837343022, -0.00294278818183, 0.00195056363009, 0.00323927216232, -0.00534208770841, 0.00572090176865, 0.000807622505818, -0.0049463598989, 0.0082884952426, -0.0105407629162, 0.0124935740605, -0.0158284138888, 0.0244121998549]]
    },
    "melbands": {
        "max": [0.00502044800669, 0.00992816872895, 0.0260153431445, 0.00574562139809, 0.00631817942485, 0.0174250900745, 0.0222380422056, 0.00979826506227, 0.0197302829474, 0.0331177338958, 0.00478876987472, 0.0037363935262, 0.000610932474956, 0.00107485160697, 0.000739156908821, 0.00123840942979, 0.000321357627399, 0.00194334553089, 0.0032251237426, 0.00207968871109, 0.000312417862006, 0.000206857192097, 0.000735737732612, 0.000636703451164, 0.00040977934259, 0.0001806813234, 0.000266256625764, 0.000272474338999, 5.23866183357e-05, 3.45891348843e-05, 5.31593468622e-05, 2.87553521048e-05, 1.98057168745e-05, 3.2252546589e-06, 1.1754055862e-07, 1.2787749526e-08, 9.45896427851e-09, 6.8674785858e-09, 5.62248825275e-09, 4.77537165366e-09],
        "mean": [0.000115038244985, 0.000232420105021, 0.000348731235135, 0.000219153429498, 0.000305372697767, 0.00046390175703, 0.000249782431638, 0.000281423388515, 0.000489493075293, 0.00042338448111, 8.75418772921e-05, 6.08169139014e-05, 3.48385292455e-05, 3.17798330798e-05, 2.85302303382e-05, 3.23015228787e-05, 2.11941223824e-05, 2.87066832243e-05, 4.0645019908e-05, 1.74297274498e-05, 1.26732793433e-05, 1.0901031601e-05, 1.31394417622e-05, 1.51528038259e-05, 1.33475723487e-05, 6.64688559482e-06, 9.42411224969e-06, 6.06273306403e-06, 1.69342740719e-06, 1.03666366158e-06, 7.69085829688e-07, 5.32469130121e-07, 2.57378957258e-07, 3.45589441508e-08, 3.5199612114e-09, 2.13432338469e-09, 2.04481143129e-09, 1.91935711769e-09, 1.82740755861e-09, 1.66261715506e-09],
        "min": [4.50265602581e-08, 1.84124232305e-07, 1.50392381215e-07, 2.71566769072e-08, 5.22181160534e-08, 6.95167585718e-08, 2.2918456466e-07, 2.53611801782e-07, 1.6533013536e-07, 1.65986023148e-07, 9.86552350923e-08, 7.67650050193e-08, 5.81559191914e-08, 5.67740805479e-08, 3.23839373095e-08, 5.34545741004e-08, 3.25251079403e-08, 3.99296986586e-08, 5.03677313191e-08, 2.88972294982e-08, 1.28690533785e-08, 1.8968908222e-08, 2.62174424392e-08, 1.84681727688e-08, 2.77054894582e-08, 1.87305442267e-08, 1.59645399123e-08, 1.53795838287e-08, 9.59866941486e-09, 3.54773832534e-09, 3.722216535e-09, 1.87951076924e-09, 1.48899600982e-10, 4.32396826677e-11, 3.90229515368e-11, 1.46116484797e-12, 4.61115728934e-11, 2.80110136475e-11, 2.94242442911e-11, 1.74120110691e-11],
        "stdev": [0.000467272620881, 0.000738536415156, 0.00128914986271, 0.00041821913328, 0.00050117255887, 0.00102326984052, 0.000926625158172, 0.000688109896146, 0.00161504477728, 0.00168190384284, 0.000249573815381, 0.000151030777488, 5.58982392249e-05, 6.23482628725e-05, 5.22871559951e-05, 7.9318859207e-05, 3.71374298993e-05, 9.86194500001e-05, 0.000128344239783, 7.76717497502e-05, 2.59586704487e-05, 1.95345637621e-05, 3.32667768816e-05, 3.6626799556e-05, 3.13104355882e-05, 1.36957278301e-05, 2.02778574021e-05, 1.63630338648e-05, 3.89966680814e-06, 2.3971065275e-06, 2.7007947665e-06, 1.95241523215e-06, 1.19552521483e-06, 1.64118631574e-07, 6.53038112475e-09, 1.06098141384e-09, 8.80849448937e-10, 7.26339766111e-10, 6.53920029237e-10, 5.51110046487e-10]
    },
    "melbands128": {
        "max": [0.000230975623708, 0.00109846307896, 0.008694418706, 0.0136663019657, 0.00760395871475, 0.0180736631155, 0.0460403226316, 0.0265079699457, 0.0178755186498, 0.00457702856511, 0.0107754087076, 0.00450912956148, 0.0120688583702, 0.00950377900153, 0.0136958938092, 0.0390377566218, 0.0344716124237, 0.0342421084642, 0.0260056480765, 0.0135224685073, 0.0207913927734, 0.0215384848416, 0.0365957133472, 0.0315219685435, 0.0350119136274, 0.0573942922056, 0.00421234546229, 0.00629708077759, 0.00668505439535, 0.00860777962953, 0.00211044726893, 0.00144800206181, 0.000361356826033, 0.0014086260926, 0.000801965186838, 0.00147851288784, 0.00301470747218, 0.00142245052848, 0.000593457138166, 0.00080976402387, 0.00244527915493, 0.00145894498564, 0.000423693651101, 0.000844700902235, 0.00132422323804, 0.00410820124671, 0.00398011319339, 0.00246144668199, 0.00806706212461, 0.00585274305195, 0.00150904618204, 0.00104530050885, 0.000704670441337, 0.000561121036299, 0.000637670280412, 0.000319087790558, 0.000197399378521, 0.000440698146122, 0.00192952121142, 0.00134006363805, 0.00108300964348, 0.000976052542683, 0.00087094999617, 0.00094904814614, 0.000455994944787, 0.000243435861194, 0.000468937767437, 0.000282346853055, 0.000555692065973, 0.000478046596982, 0.000458545953734, 0.000414869718952, 0.00011619412544, 6.39604550088e-05, 4.06310500694e-05, 4.77317626064e-05, 4.20688156737e-05, 0.000127787367092, 5.62120330869e-05, 4.79779300804e-05, 2.89019299089e-05, 3.57110693585e-05, 4.1333540139e-05, 2.08486253541e-05, 1.27253561004e-05, 4.22468656325e-06, 8.00213854291e-07, 3.75711920242e-07, 9.94331657012e-08, 1.920081516e-08, 2.0755766883e-08, 1.26319061877e-08, 1.55553330217e-08, 1.3889402517e-08, 1.00026831262e-08, 1.32916078144e-08, 7.975105909e-09, 7.48003525786e-09, 7.38829220026e-09, 7.19086612477e-09, 6.89050816405e-09, 7.17206694034e-09, 7.93123966503e-09, 4.59336435554e-09, 2.69842859169e-09, 2.5984494556e-09, 2.49599718671e-09, 2.36591790603e-09, 2.25041185686e-09, 2.16909912254e-09, 2.0925283728e-09, 2.01034633385e-09, 1.96021532339e-09, 1.86878534869e-09, 1.81398063237e-09, 1.76765457827e-09, 1.69716440901e-09, 1.64577795836e-09, 1.59489355056e-09, 1.56622970149e-09, 1.53901147382e-09, 1.50482115657e-09, 1.47527801087e-09, 1.46022516301e-09, 1.43472433933e-09, 1.41756861805e-09, 1.41255918074e-09, 1.40723366293e-09],
        "mean": [7.73989904701e-06, 2.40274112002e-05, 0.000172556872712, 0.000265281210886, 0.000198375229957, 0.000212594051845, 0.000385334307794, 0.000427665479947, 0.000257747655269, 0.000175700246473, 0.000227935001021, 0.000190934442799, 0.000342720712069, 0.000419369665906, 0.000527139171027, 0.000502635200974, 0.000239719636738, 0.000194750842638, 0.000281970977085, 0.000220262663788, 0.000367093802197, 0.000237276632106, 0.000540979730431, 0.000739986309782, 0.000382288970286, 0.000463242817204, 8.90000301297e-05, 5.80229607294e-05, 4.60865558125e-05, 5.82265674893e-05, 7.66493030824e-05, 4.58084614365e-05, 1.51155754793e-05, 5.00055139128e-05, 2.4757342544e-05, 2.39856744884e-05, 4.7104585974e-05, 2.87191869575e-05, 1.8489870854e-05, 2.11462138395e-05, 5.22885420651e-05, 2.10321832128e-05, 1.30584139697e-05, 3.17809353874e-05, 1.31153701659e-05, 2.2986680051e-05, 5.38998720003e-05, 4.43566350441e-05, 3.99358432333e-05, 1.61819243658e-05, 1.63487275131e-05, 1.53619839693e-05, 1.03762240542e-05, 1.10710561785e-05, 1.83124375326e-05, 8.97158315638e-06, 7.09655068931e-06, 1.07609748738e-05, 1.50712003233e-05, 1.82675412361e-05, 1.44871282828e-05, 1.34420415634e-05, 1.64743469213e-05, 1.45923604578e-05, 5.74492196392e-06, 5.26585154148e-06, 8.27562871564e-06, 7.71191298554e-06, 1.07020978248e-05, 1.01146733869e-05, 6.33984109299e-06, 4.46337253379e-06, 1.95419806914e-06, 1.32348384341e-06, 9.63266415965e-07, 1.2144359971e-06, 9.16084104574e-07, 8.78974333318e-07, 7.52976973217e-07, 6.85342115503e-07, 5.86605096942e-07, 4.71650565714e-07, 3.73905152173e-07, 2.77474896393e-07, 1.26069480189e-07, 3.4077395128e-08, 1.14970282183e-08, 5.53080070631e-09, 2.81918177691e-09, 2.18345097558e-09, 2.19920193167e-09, 2.09027195552e-09, 2.08765404963e-09, 2.06180605922e-09, 2.02199301746e-09, 1.94628557715e-09, 1.90074755935e-09, 1.87062410006e-09, 1.82321757691e-09, 1.83241088969e-09, 1.74091197014e-09, 1.61709290403e-09, 1.60191759857e-09, 1.31648791868e-09, 2.33108227166e-10, 5.2397795304e-12, 4.99123962647e-12, 4.79138473689e-12, 4.60937017721e-12, 4.43448186158e-12, 4.27002964237e-12, 4.11409621648e-12, 4.01001931313e-12, 3.88038602986e-12, 3.77055678347e-12, 3.67203750046e-12, 3.55036876634e-12, 3.43301667476e-12, 3.3545388689e-12, 3.29578313425e-12, 3.23351024775e-12, 3.17666010684e-12, 3.11722110798e-12, 3.05664261263e-12, 3.03060940059e-12, 3.01342566351e-12, 2.99531731883e-12, 2.97447873623e-12],
        "min": [1.59847812764e-09, 1.28820207834e-08, 3.83268066173e-08, 1.23282063669e-07, 1.20039487683e-07, 1.10852312218e-07, 2.0735375017e-07, 1.35937980872e-07, 5.29599013532e-08, 7.49226014563e-09, 1.54448578371e-08, 4.47727686037e-08, 6.36433910017e-08, 6.17141111547e-08, 5.13908027244e-08, 6.6370461127e-08, 1.34828283649e-07, 1.3918193531e-07, 3.03951793512e-07, 2.18678280817e-07, 2.11341301792e-07, 2.55118663972e-07, 1.6843812034e-07, 5.85622252913e-08, 9.55568140171e-08, 9.42275164562e-08, 3.73310626856e-08, 6.56039276237e-08, 6.67921113973e-08, 1.69273768336e-08, 4.84524278477e-08, 4.15864747083e-08, 1.90384454868e-08, 4.32761346758e-08, 4.45430821117e-08, 2.24478604594e-08, 2.1431892705e-08, 9.96109683626e-09, 3.3394947252e-08, 2.1162685826e-08, 1.81126420529e-08, 1.01501083094e-08, 1.84054567143e-08, 2.65884718686e-08, 1.25227828107e-08, 1.16757146174e-08, 1.54333665847e-08, 1.81395556353e-08, 3.53808502496e-08, 9.96827509425e-09, 2.50608067631e-08, 3.45107373789e-08, 1.38430253926e-08, 2.14949213984e-09, 1.1753260587e-08, 1.95967739813e-08, 1.58944821749e-08, 1.66588911554e-08, 1.16153229257e-08, 2.03455634562e-08, 8.11384381905e-09, 8.32175484078e-09, 2.03641885577e-08, 1.17008491785e-08, 1.43059883939e-08, 1.22373435829e-08, 1.24205836727e-08, 1.05091846336e-08, 1.00149275539e-08, 8.99980712177e-09, 8.98036400798e-09, 7.43235961664e-09, 6.34355412643e-09, 4.0650061095e-09, 1.7830562582e-09, 3.48962947427e-09, 1.41435019252e-09, 1.72955627598e-09, 3.00450686552e-09, 2.51216181191e-09, 1.62820257277e-09, 6.98826607692e-10, 2.08736153362e-10, 1.03063349521e-10, 1.20009169269e-10, 2.20657502686e-11, 3.08114922465e-11, 4.44918234199e-11, 1.33182614243e-11, 5.19122115086e-12, 6.70524941994e-13, 7.48904031237e-13, 5.73523758866e-13, 2.42412027951e-11, 4.56644479174e-11, 2.8749511452e-11, 2.89336159198e-11, 1.62397179038e-11, 3.66778239724e-11, 3.076021729e-11, 1.45107589139e-11, 1.69404369005e-11, 1.17759422005e-11, 8.5774561065e-11, 6.43124052277e-12, 1.84095902585e-13, 2.0659125452e-13, 1.90717504723e-13, 2.13492743449e-13, 1.60465160582e-13, 1.6463624897e-13, 1.94087665861e-13, 1.77508994916e-13, 1.84746993094e-13, 2.1609722746e-13, 2.24143593226e-13, 2.21924651507e-13, 2.11880250216e-13, 1.95385496519e-13, 2.27401783385e-13, 2.16526449548e-13, 2.42574054376e-13, 2.36117278073e-13, 2.30480158613e-13, 2.30171133889e-13, 1.8264004946e-13, 2.24734225912e-13, 2.35644240665e-13],
        "stdev": [9.86856775853e-06, 7.86699019955e-05, 0.000768298748881, 0.00105099822395, 0.000503206741996, 0.000760301772971, 0.00208120420575, 0.00153111538384, 0.000765473232605, 0.000385183200706, 0.000583724060562, 0.000355130585376, 0.000856679165736, 0.000785803422332, 0.00103167747147, 0.00204218900762, 0.00137857394293, 0.00104759680107, 0.00138838216662, 0.000628540990874, 0.00120321242139, 0.000816397659946, 0.00242100446485, 0.00313270231709, 0.00181047781371, 0.00271789357066, 0.000250565994065, 0.000221236186917, 0.000251054036198, 0.000269610463874, 0.000164792916621, 0.000106735766167, 2.65178205154e-05, 0.000113719550427, 4.47895108664e-05, 7.60852490203e-05, 0.000153109023813, 6.72268579365e-05, 4.30043946835e-05, 5.70820957364e-05, 0.000158717608429, 7.08268053131e-05, 2.94641922665e-05, 8.00237103249e-05, 5.13758968737e-05, 0.000148694569361, 0.000250793033047, 0.000166157682543, 0.000226261647185, 0.00017993459187, 8.50831129355e-05, 5.12339902343e-05, 3.47180066456e-05, 3.43117171724e-05, 4.93742045364e-05, 1.98279849428e-05, 1.50389078044e-05, 2.98502654914e-05, 6.59678262309e-05, 5.85851448704e-05, 5.15935425938e-05, 4.90113634442e-05, 4.99451780342e-05, 4.74805856356e-05, 1.53462351591e-05, 1.4331058992e-05, 2.5258083042e-05, 2.00542563107e-05, 3.16051482514e-05, 3.59050136467e-05, 2.29151901294e-05, 1.84030486707e-05, 6.53812230667e-06, 3.69277722712e-06, 2.23655843001e-06, 2.87064563054e-06, 2.74015656032e-06, 4.02603245675e-06, 2.81134998659e-06, 2.57087776845e-06, 2.22427411245e-06, 1.92059678739e-06, 1.93265327653e-06, 1.35979701099e-06, 6.48472848752e-07, 1.75340602482e-07, 4.57265230125e-08, 1.70234333297e-08, 4.41011449581e-09, 1.39927625042e-09, 1.43605261016e-09, 1.24468191309e-09, 1.25606003376e-09, 1.14491915948e-09, 1.0338215839e-09, 1.03153940945e-09, 9.25867382762e-10, 9.47032896548e-10, 8.66910432329e-10, 8.58649928936e-10, 8.27372559353e-10, 7.30696947393e-10, 6.93343549241e-10, 5.83622095096e-10, 1.72378125662e-10, 5.71471932276e-11, 5.48895581765e-11, 5.20376693125e-11, 4.9504424865e-11, 4.77116748887e-11, 4.60233656741e-11, 4.42155652369e-11, 4.31031148274e-11, 4.11013688362e-11, 3.98907157306e-11, 3.88673121465e-11, 3.73236407059e-11, 3.61935863225e-11, 3.50760843981e-11, 3.44414774478e-11, 3.38378179643e-11, 3.3085648804e-11, 3.24362654791e-11, 3.21011620064e-11, 3.15426781916e-11, 3.11645986795e-11, 3.10511269475e-11, 3.09339394378e-11]
    },
    "mfcc": {
        "mean": [-726.488464355, 181.663619995, -57.0340538025, 43.938331604, -20.8532428741, -12.2178401947, -1.81668555737, -14.4120569229, 1.57261407375, -7.95609331131, 2.69311618805, -4.85831975937, -3.80070471764],
        "cov": [[2640.65991211, 37.6817779541, -1074.51721191, 329.496673584, -317.18637085, 10.2918787003, 84.4152145386, 7.88789892197, 134.880584717, 61.2253189087, 104.967315674, -136.128128052, -42.9300308228], [37.6817779541, 315.454681396, 99.7794342041, -60.1027908325, 90.5606002808, -45.4215011597, 40.1010360718, -8.66592693329, -24.0066547394, 30.9511814117, -16.8435230255, 50.387966156, -11.7301559448], [-1074.51721191, 99.7794342041, 701.151977539, -30.862947464, 138.593231201, 81.4816665649, -33.258934021, 23.8322067261, -46.5558013916, -65.444984436, -13.8762016296, 67.9683074951, 47.4830780029], [329.496673584, -60.1027908325, -30.862947464, 236.979049683, -2.72948741913, 23.8239612579, 5.58687257767, 4.56059265137, 32.0541610718, 6.35519838333, 18.2649040222, -22.6695747375, 20.3721466064], [-317.18637085, 90.5606002808, 138.593231201, -2.72948741913, 206.717376709, -15.6772899628, -12.9420995712, -6.53613376617, -11.861076355, 34.6081390381, -36.4982795715, 38.5823516846, 3.31410002708], [10.2918787003, -45.4215011597, 81.4816665649, 23.8239612579, -15.6772899628, 222.155502319, 15.6363668442, 55.1836700439, 52.6064529419, -89.4569778442, 42.578742981, -6.98755264282, 15.8715810776], [84.4152145386, 40.1010360718, -33.258934021, 5.58687257767, -12.9420995712, 15.6363668442, 141.633621216, 35.6872329712, -3.64811110497, 24.6805934906, 2.00212883949, 12.0557985306, -16.9955425262], [7.88789892197, -8.66592693329, 23.8322067261, 4.56059265137, -6.53613376617, 55.1836700439, 35.6872329712, 92.4125366211, 42.1151542664, -23.066116333, 20.291601181, -0.261405408382, 6.53936195374], [134.880584717, -24.0066547394, -46.5558013916, 32.0541610718, -11.861076355, 52.6064529419, -3.64811110497, 42.1151542664, 97.6347045898, 15.9992055893, 9.90733337402, -11.6799688339, -0.102406859398], [61.2253189087, 30.9511814117, -65.444984436, 6.35519838333, 34.6081390381, -89.4569778442, 24.6805934906, -23.066116333, 15.9992055893, 161.327713013, 10.3830022812, -24.65051651, -24.6160030365], [104.967315674, -16.8435230255, -13.8762016296, 18.2649040222, -36.4982795715, 42.578742981, 2.00212883949, 20.291601181, 9.90733337402, 10.3830022812, 88.5347061157, -3.14638090134, -6.23574924469], [-136.128128052, 50.387966156, 67.9683074951, -22.6695747375, 38.5823516846, -6.98755264282, 12.0557985306, -0.261405408382, -11.6799688339, -24.65051651, -3.14638090134, 99.9919891357, 35.6427230835], [-42.9300308228, -11.7301559448, 47.4830780029, 20.3721466064, 3.31410002708, 15.8715810776, -16.9955425262, 6.53936195374, -0.102406859398, -24.6160030365, -6.23574924469, 35.6427230835, 78.5691604614]],
        "icov": [[0.00777447177097, -0.010596299544, 0.0122134294361, -0.0112747699022, 0.00802948419005, -0.0056963567622, 0.00388662959449, -0.00295586884022, 0.00209684669971, -0.00155156652909, -0.000430839048931, 0.00129825656768, -0.00099952693563], [-0.010596299544, 0.0189281571656, -0.0171780083328, 0.0164134278893, -0.012762023136, 0.0091855134815, -0.00739678088576, 0.00529153319076, -0.00405871123075, 0.00281425169669, -0.0004782549222, -0.00252760271542, 0.00178921967745], [0.0122134294361, -0.0171780083328, 0.0213849321008, -0.0178945995867, 0.0119674103335, -0.0107362056151, 0.00765628414229, -0.00644351867959, 0.00589099898934, -0.00330626848154, 0.000334217998898, 0.0008790094289, -0.00171925255563], [-0.0112747699022, 0.0164134278893, -0.0178945995867, 0.0219951849431, -0.0137335984036, 0.0102750649676, -0.00867793522775, 0.00758184678853, -0.00726570188999, 0.0048986049369, -0.00284441444091, 0.0016071110731, -0.00203266972676], [0.00802948419005, -0.012762023136, 0.0119674103335, -0.0137335984036, 0.0182100925595, -0.0105710821226, 0.00948913581669, -0.00802442338318, 0.00788793619722, -0.00913385581225, 0.00719103217125, -0.00493912352249, 0.00285824993625], [-0.0056963567622, 0.0091855134815, -0.0107362056151, 0.0102750649676, -0.0105710821226, 0.0187935624272, -0.010919848457, 0.0083061279729, -0.0141463764012, 0.013692474924, -0.0104144895449, 0.00677773915231, -0.00395070621744], [0.00388662959449, -0.00739678088576, 0.00765628414229, -0.00867793522775, 0.00948913581669, -0.010919848457, 0.0181290525943, -0.0135638071224, 0.0129029527307, -0.0115432301536, 0.0089016482234, -0.00809487141669, 0.00627747364342], [-0.00295586884022, 0.00529153319076, -0.00644351867959, 0.00758184678853, -0.00802442338318, 0.0083061279729, -0.0135638071224, 0.0263231284916, -0.0174888055772, 0.0120299924165, -0.0106924502179, 0.00745993526652, -0.0058477432467], [0.00209684669971, -0.00405871123075, 0.00589099898934, -0.00726570188999, 0.00788793619722, -0.0141463764012, 0.0129029527307, -0.0174888055772, 0.0284745432436, -0.01536265295, 0.0116461794823, -0.00848825089633, 0.0056340387091], [-0.00155156652909, 0.00281425169669, -0.00330626848154, 0.0048986049369, -0.00913385581225, 0.013692474924, -0.0115432301536, 0.0120299924165, -0.01536265295, 0.0209552533925, -0.0127045372501, 0.0104002142325, -0.00475957849994], [-0.000430839048931, -0.0004782549222, 0.000334217998898, -0.00284441444091, 0.00719103217125, -0.0104144895449, 0.0089016482234, -0.0106924502179, 0.0116461794823, -0.0127045372501, 0.0229196995497, -0.00934466253966, 0.00693773990497], [0.00129825656768, -0.00252760271542, 0.0008790094289, 0.0016071110731, -0.00493912352249, 0.00677773915231, -0.00809487141669, 0.00745993526652, -0.00848825089633, 0.0104002142325, -0.00934466253966, 0.0215290822089, -0.0114095862955], [-0.00099952693563, 0.00178921967745, -0.00171925255563, -0.00203266972676, 0.00285824993625, -0.00395070621744, 0.00627747364342, -0.0058477432467, 0.0056340387091, -0.00475957849994, 0.00693773990497, -0.0114095862955, 0.0207795295864]]
    },
    "spectral_contrast_coeffs": {
        "max": [-0.430976986885, -0.417126834393, -0.519884288311, -0.560044109821, -0.604293763638, -0.427181780338],
        "mean": [-0.681881844997, -0.724441766739, -0.764541149139, -0.786924898624, -0.780563652515, -0.706359446049],
        "min": [-0.966665029526, -0.922791838646, -0.924141526222, -0.926170110703, -0.92173063755, -0.847544372082],
        "stdev": [0.0705819055438, 0.0920107588172, 0.0610174313188, 0.0582330860198, 0.051622081548, 0.063664495945]
    },
    "spectral_contrast_valleys": {
        "max": [-5.34394216537, -5.18750095367, -5.92298650742, -6.23885965347, -6.33607053757, -11.7164993286],
        "mean": [-7.53202915192, -6.78844308853, -7.67750072479, -8.03590297699, -7.97935247421, -12.4880781174],
        "min": [-9.35923862457, -9.26435279846, -9.73239898682, -9.90991401672, -9.95432281494, -13.2752132416],
        "stdev": [0.611503005028, 0.549205958843, 0.628561794758, 0.590666949749, 0.637316048145, 0.152631431818]
    }
},
"rhythm": {
    "beats_count": 136,
    "beats_loudness": {
        "max": 0.148347601295,
        "mean": 0.0189474113286,
        "min": 0.000868993112817,
        "stdev": 0.0216498523951
    },
    "bpm": 166.235122681,
    "bpm_histogram_first_peak_bpm": 167,
    "bpm_histogram_first_peak_weight": 0,
    "bpm_histogram_second_peak_bpm": 172,
    "bpm_histogram_second_peak_spread": 0,
    "bpm_histogram_second_peak_weight": 0.325925916433,
    "danceability": 1.0271730423,
    "onset_rate": 2.830078125,
    "beats_loudness_band_ratio": {
        "max": [0.8603951931, 0.813237071037, 0.898290216923, 0.534349262714, 0.720040977001, 0.167661890388],
        "mean": [0.182133421302, 0.2795394063, 0.33088517189, 0.11563488096, 0.100878976285, 0.0328989140689],
        "min": [0.0017302694032, 0.015178443864, 0.0444977656007, 0.00325000449084, 0.0042296317406, 0.00149294338189],
        "stdev": [0.221112266183, 0.194544643164, 0.227599948645, 0.101095475256, 0.105905584991, 0.0307860337198]
    },
