{
"metadata": {
    "version": {
        "essentia": "2.1-beta5",
        "essentia_git_sha": "Undefined",
        "extractor": "music 2.0"
    },
    "audio_properties": {
        "analysis": {
            "equal_loudness": 0,
            "length": 35.9909286499,
            "sample_rate": 44100,
            "start_time": 61.4980506897,
            "downmix": "mix"
        },
        "bit_rate": 192000,
        "length": 118.607543945,
        "lossless": 0,
        "number_channels": 2,
        "replay_gain": -4.33143424988,
        "sample_rate": 48000,
        "codec": "mp3",
        "md5_encoded": "1fe335e92e62909eb56ef85ebc2c8a5e"
    },
    "tags": {
        "file_name": "Monaco_Bien Plus Fort_Tereza.mp3",
        "encoding": ["Lavf58.29.100"]
    }
},
"lowlevel": {
    "average_loudness": 0.781788647175,
    "barkbands_crest": {
        "max": 24.9057788849,
        "mean": 10.6308031082,
        "min": 2.42208242416,
        "stdev": 4.18251514435
    },
    "barkbands_flatness_db": {
        "max": 0.287758231163,
        "mean": 0.16381046176,
        "min": 0.0855751261115,
        "stdev": 0.0348829999566
    },
    "barkbands_kurtosis": {
        "max": 43.6826553345,
        "mean": 1.81804561615,
        "min": -1.76597058773,
        "stdev": 3.88054704666
    },
    "barkbands_skewness": {
        "max": 5.97375965118,
        "mean": 1.0736836195,
        "min": -1.60351622105,
        "stdev": 0.933225631714
    },
    "barkbands_spread": {
        "max": 71.3363876343,
        "mean": 19.5746688843,
        "min": 3.83059072495,
        "stdev": 7.90813207626
    },
    "dissonance": {
        "max": 0.499443799257,
        "mean": 0.456487804651,
        "min": 0.355896949768,
        "stdev": 0.0246117524803
    },
    "dynamic_complexity": 3.39404702187,
    "erbbands_crest": {
        "max": 28.9635429382,
        "mean": 10.7167797089,
        "min": 3.13935160637,
        "stdev": 4.82188844681
    },
    "erbbands_flatness_db": {
        "max": 0.329556614161,
        "mean": 0.21637417376,
        "min": 0.0965494960546,
        "stdev": 0.0416521951556
    },
    "erbbands_kurtosis": {
        "max": 12.6362943649,
        "mean": 0.0432777516544,
        "min": -1.78513801098,
        "stdev": 1.52207505703
    },
    "erbbands_skewness": {
        "max": 3.63566493988,
        "mean": 0.509103238583,
        "min": -2.27176475525,
        "stdev": 0.682435631752
    },
    "erbbands_spread": {
        "max": 86.5282897949,
        "mean": 33.802772522,
        "min": 7.87189912796,
        "stdev": 13.0489234924
    },
    "hfc": {
        "max": 106.857299805,
        "mean": 17.3519268036,
        "min": 0.306681215763,
        "stdev": 17.63804245
    },
    "loudness_ebu128": {
        "integrated": -21.5315322876,
        "loudness_range": 6.89659881592,
        "momentary": {
            "max": -16.3458404541,
            "mean": -22.6658401489,
            "min": -34.5671081543,
            "stdev": 3.24226307869
        },
        "short_term": {
            "max": -17.6856117249,
            "mean": -22.1779937744,
            "min": -26.682056427,
            "stdev": 1.99689686298
        }
    },
    "melbands_crest": {
        "max": 30.9644927979,
        "mean": 13.4108858109,
        "min": 3.46969819069,
        "stdev": 5.24178647995
    },
    "melbands_flatness_db": {
        "max": 0.294381022453,
        "mean": 0.156192690134,
        "min": 0.0482411012053,
        "stdev": 0.0360316410661
    },
    "melbands_kurtosis": {
        "max": 114.060844421,
        "mean": 7.15254259109,
        "min": -1.74505126476,
        "stdev": 9.85696697235
    },
    "melbands_skewness": {
        "max": 7.61210918427,
        "mean": 1.85362184048,
        "min": -0.845186769962,
        "stdev": 1.21064019203
    },
    "melbands_spread": {
        "max": 155.14604187,
        "mean": 26.4684410095,
        "min": 2.98040747643,
        "stdev": 13.9508962631
    },
    "pitch_salience": {
        "max": 0.836949169636,
        "mean": 0.570672750473,
        "min": 0.21460545063,
        "stdev": 0.10177461803
    },
    "silence_rate_20dB": {
        "max": 1,
        "mean": 1,
        "min": 1,
        "stdev": 0
    },
    "silence_rate_30dB": {
        "max": 1,
        "mean": 1,
        "min": 1,
        "stdev": 0
    },
    "silence_rate_60dB": {
        "max": 1,
        "mean": 0.140554487705,
        "min": 0,
        "stdev": 0.347563117743
    },
    "spectral_centroid": {
        "max": 4144.96972656,
        "mean": 1706.24206543,
        "min": 426.764801025,
        "stdev": 556.304504395
    },
    "spectral_complexity": {
        "max": 32,
        "mean": 13.6769828796,
        "min": 0,
        "stdev": 6.08117675781
    },
    "spectral_decrease": {
        "max": -5.98410557218e-11,
        "mean": -3.21096260691e-09,
        "min": -1.83440302948e-08,
        "stdev": 2.66572763863e-09
    },
    "spectral_energy": {
        "max": 0.0768956914544,
        "mean": 0.0136927766725,
        "min": 0.000253670819802,
        "stdev": 0.0115339932963
    },
    "spectral_energyband_high": {
        "max": 0.00515920855105,
        "mean": 0.000276222068351,
        "min": 1.67973357748e-05,
        "stdev": 0.000316063989885
    },
    "spectral_energyband_low": {
        "max": 0.0120995780453,
        "mean": 0.000532705103979,
        "min": 6.90531396685e-06,
        "stdev": 0.00100699497852
    },
    "spectral_energyband_middle_high": {
        "max": 0.0520594678819,
        "mean": 0.00689606880769,
        "min": 3.29199428961e-05,
        "stdev": 0.0090034911409
    },
    "spectral_energyband_middle_low": {
        "max": 0.0573648735881,
        "mean": 0.00641024112701,
        "min": 0.000145961268572,
        "stdev": 0.00610163621604
    },
    "spectral_entropy": {
        "max": 8.41722869873,
        "mean": 7.47767829895,
        "min": 6.65095615387,
        "stdev": 0.308826655149
    },
    "spectral_flux": {
        "max": 0.240096971393,
        "mean": 0.0668100044131,
        "min": 0.00754818879068,
        "stdev": 0.038546372205
    },
    "spectral_kurtosis": {
        "max": 10.6343135834,
        "mean": 2.96605992317,
        "min": -0.238048315048,
        "stdev": 1.5800318718
    },
    "spectral_rms": {
        "max": 0.00866141915321,
        "mean": 0.00334391789511,
        "min": 0.000497477361932,
        "stdev": 0.00147546897642
    },
    "spectral_rolloff": {
        "max": 9689.94140625,
        "mean": 1977.4744873,
        "min": 301.46484375,
        "stdev": 1069.81262207
    },
    "spectral_skewness": {
        "max": 2.01385641098,
        "mean": 1.20508027077,
        "min": 0.192978560925,
        "stdev": 0.24443115294
    },
    "spectral_spread": {
        "max": 8304725.5,
        "mean": 3930693.25,
        "min": 2110287.75,
        "stdev": 834941.8125
    },
    "spectral_strongpeak": {
        "max": 11.1378593445,
        "mean": 1.75522339344,
        "min": 0.0214503165334,
        "stdev": 1.92857992649
    },
    "zerocrossingrate": {
        "max": 0.2392578125,
        "mean": 0.0717386230826,
        "min": 0.021484375,
        "stdev": 0.0216896422207
    },
    "barkbands": {
        "max": [0.000124978250824, 0.00750937126577, 0.00449109077454, 0.00332651985809, 0.00438742991537, 0.0102075953037, 0.0166768990457, 0.0239621270448, 0.0549620576203, 0.0288854464889, 0.0184497795999, 0.0132518522441, 0.0200958978385, 0.0296459104866, 0.0102786738425, 0.0180954709649, 0.0076783914119, 0.00601105997339, 0.0141612980515, 0.00871854834259, 0.00117353349924, 0.00155777914915, 0.00153398199473, 0.000538939435501, 0.000245078728767, 8.69124562541e-07, 5.92523178966e-07],
        "mean": [1.36640719575e-05, 0.000219428126002, 0.000203031886485, 0.000197443150682, 0.000268111121841, 0.00109079328831, 0.00170289014932, 0.00115353439469, 0.00142261618748, 0.00135467806831, 0.00055976852309, 0.000703592901118, 0.000654028728604, 0.00148204586003, 0.000226175834541, 0.000439563038526, 0.000191224375158, 0.000470783037599, 0.000724913668819, 0.000388919957913, 3.95779388782e-05, 5.59378240723e-05, 8.12454236438e-05, 4.13111956732e-05, 7.49747141526e-06, 1.36798905537e-09, 1.22148247073e-09],
        "min": [8.04757078754e-08, 2.97466215216e-07, 3.83366057122e-07, 4.78371873669e-07, 3.19596915688e-06, 2.20252991312e-06, 6.02113641435e-06, 2.16957596422e-06, 6.45081399853e-07, 7.69047403537e-07, 7.6329354215e-07, 5.41769395568e-07, 3.04835566567e-07, 5.61305569136e-07, 4.12433024621e-07, 5.69112899029e-07, 1.96754695025e-06, 3.19343769206e-07, 1.82587382369e-06, 2.20331708078e-06, 1.5827849893e-06, 2.96459893434e-06, 4.09617359765e-06, 2.60895762949e-06, 4.29396862955e-07, 4.02384930931e-11, 5.74297276401e-11],
        "stdev": [1.22410392578e-05, 0.000575310608838, 0.000445357698482, 0.000329059286742, 0.000415758171584, 0.00153835129458, 0.00236201030202, 0.00222296314314, 0.00447288900614, 0.00359138776548, 0.00142893602606, 0.00158837530762, 0.00220191222616, 0.00436530355364, 0.000684472674038, 0.00161618378479, 0.000437437731307, 0.000733364373446, 0.00126061600167, 0.000731864129193, 7.06670907675e-05, 8.39923668536e-05, 0.000105498293124, 4.10717511841e-05, 1.5551733668e-05, 2.6260979169e-08, 2.07987866929e-08]
    },
    "erbbands": {
        "max": [0.0448667481542, 2.20182037354, 7.0873374939, 6.18039989471, 26.7256832123, 9.81297016144, 36.6616516113, 114.21887207, 242.929473877, 373.123260498, 649.375, 1537.00976562, 1416.76843262, 962.887573242, 503.754669189, 679.106750488, 1059.22192383, 1492.3112793, 723.823364258, 721.605834961, 1065.44335938, 530.101257324, 324.520294189, 389.591583252, 969.278442383, 229.718658447, 60.7070960999, 46.4385452271, 68.5325698853, 45.2321281433, 44.1041412354, 16.2731494904, 8.63302326202, 4.62955999374, 0.899239659309, 0.0216391049325, 0.00152370217256, 0.000429394771345, 9.32443654165e-05, 9.40956888371e-05],
        "mean": [0.00273634586483, 0.061418056488, 0.229907169938, 0.488903969526, 0.87130689621, 0.66686052084, 2.54210424423, 11.5991725922, 22.342710495, 26.2303771973, 22.9612445831, 31.6447353363, 48.0138320923, 31.6176376343, 25.4524154663, 26.8735408783, 31.1381626129, 58.7906188965, 38.1405792236, 19.9223155975, 18.5742912292, 12.0463409424, 24.1593494415, 33.8131752014, 37.6113319397, 15.5283222198, 2.51566720009, 1.48479187489, 1.90627908707, 2.41341662407, 2.24491810799, 1.23612785339, 0.470630913973, 0.147325903177, 0.022666906938, 0.000633587071206, 4.79423433717e-05, 9.90017360891e-06, 9.98608174996e-06, 1.77081765287e-05],
        "min": [3.04184486595e-05, 0.000159614079166, 0.000784882286098, 0.00282339868136, 0.00672335969284, 0.012186598964, 0.0443099290133, 0.075298063457, 0.108641631901, 0.147988021374, 0.0851743966341, 0.0529906786978, 0.0374364927411, 0.0302939098328, 0.0414407216012, 0.0267891250551, 0.0261889379472, 0.0550852008164, 0.0577450059354, 0.0291952639818, 0.0534081012011, 0.0999995023012, 0.0243361163884, 0.0628786981106, 0.0775745287538, 0.114473901689, 0.0689622014761, 0.0746565833688, 0.0958365127444, 0.0875891819596, 0.106566049159, 0.0754821896553, 0.035604275763, 0.00841522030532, 0.0013763156021, 3.96388168156e-05, 3.22844948641e-06, 6.29184569334e-07, 2.97917040371e-07, 3.62630032669e-07],
        "stdev": [0.00411239499226, 0.169021204114, 0.611514687538, 0.645092666149, 2.04755353928, 0.844158887863, 3.64517664909, 17.2104415894, 29.2847251892, 39.0685119629, 44.7035179138, 109.06829834, 125.692184448, 88.8843612671, 44.6063766479, 65.7270202637, 104.702072144, 169.804931641, 98.9046096802, 62.5824890137, 63.4481506348, 26.6635131836, 36.1832695007, 48.9024810791, 72.8321609497, 24.667301178, 3.94920492172, 2.40777468681, 3.12067079544, 3.04271745682, 3.07878279686, 1.1860332489, 0.585222482681, 0.277450293303, 0.0498849414289, 0.00123898219317, 7.65762015362e-05, 1.68057504197e-05, 8.65628771862e-06, 1.50026544361e-05]
    },
    "gfcc": {
        "mean": [-51.7813796997, 99.6948547363, -175.490081787, 40.1099700928, -93.5300598145, 10.6640911102, -39.4664993286, 6.80023956299, -8.64113330841, -15.8132038116, 14.9123926163, -18.7310714722, -3.7436876297],
        "cov": [[1947.16149902, -65.5034408569, -636.670349121, -132.802383423, 277.021697998, -51.4311637878, 220.322341919, 99.4978866577, 14.0150403976, -87.5544433594, 121.083480835, -162.643493652, -192.169815063], [-65.5034408569, 283.27633667, 152.474884033, 24.5081996918, 20.4162578583, 1.07124733925, 15.627658844, -19.1255321503, 14.7926034927, -16.4582290649, 5.04324245453, 4.37891864777, 7.08922576904], [-636.670349121, 152.474884033, 565.303649902, 185.431900024, -118.448921204, 84.4897613525, -77.2931442261, -22.0230617523, -26.4767894745, 49.9725112915, -72.9774551392, 85.9916000366, 73.7179412842], [-132.802383423, 24.5081996918, 185.431900024, 181.019638062, 25.4405517578, 26.1025924683, -22.9025230408, -12.266541481, 9.43248748779, 24.3614616394, -27.3679847717, 14.5320615768, -2.83249592781], [277.021697998, 20.4162578583, -118.448921204, 25.4405517578, 200.854293823, 50.3702888489, 5.49197006226, 4.05042076111, 32.6891365051, -11.6379156113, -4.80600166321, -61.5578575134, -38.0503311157], [-51.4311637878, 1.07124733925, 84.4897613525, 26.1025924683, 50.3702888489, 166.109634399, 42.574798584, -2.92206811905, -47.7772865295, 5.06888723373, -26.6109333038, -1.72325432301, -1.88968980312], [220.322341919, 15.627658844, -77.2931442261, -22.9025230408, 5.49197006226, 42.574798584, 212.636169434, 51.5382461548, -60.8726882935, -29.1963386536, 84.3270187378, -20.4543781281, -60.988609314], [99.4978866577, -19.1255321503, -22.0230617523, -12.266541481, 4.05042076111, -2.92206811905, 51.5382461548, 98.4567718506, 24.5822753906, -11.4529914856, -5.45879364014, -8.87678813934, -0.468157827854], [14.0150403976, 14.7926034927, -26.4767894745, 9.43248748779, 32.6891365051, -47.7772865295, -60.8726882935, 24.5822753906, 125.206489563, 22.2105293274, -33.1732826233, -14.6154270172, 7.37089586258], [-87.5544433594, -16.4582290649, 49.9725112915, 24.3614616394, -11.6379156113, 5.06888723373, -29.1963386536, -11.4529914856, 22.2105293274, 82.8230667114, 16.2800865173, -2.02740812302, -12.5115432739], [121.083480835, 5.04324245453, -72.9774551392, -27.3679847717, -4.80600166321, -26.6109333038, 84.3270187378, -5.45879364014, -33.1732826233, 16.2800865173, 141.048233032, 11.169172287, -50.2471084595], [-162.643493652, 4.37891864777, 85.9916000366, 14.5320615768, -61.5578575134, -1.72325432301, -20.4543781281, -8.87678813934, -14.6154270172, -2.02740812302, 11.169172287, 101.696327209, 68.9590454102], [-192.169815063, 7.08922576904, 73.7179412842, -2.83249592781, -38.0503311157, -1.88968980312, -60.988609314, -0.468157827854, 7.37089586258, -12.5115432739, -50.2471084595, 68.9590454102, 116.285293579]],
        "icov": [[0.00110543821938, -0.000323656189721, 0.00105170952156, -0.000189358848729, -0.000911646173336, 0.000353737908881, -0.0002416769712, -0.000929236761294, 0.000512795348186, 0.000132148066768, 0.000256917468505, -0.000469521328341, 0.00112332589924], [-0.000323656189721, 0.00830525904894, -0.00733555434272, 0.00576669117436, -0.00583712477237, 0.00470306584612, -0.00509682763368, 0.00531022110954, -0.00358865922317, 0.00279045221396, -0.000118184863823, 0.000362666149158, -0.00047419036855], [0.00105170952156, -0.00733555434272, 0.0126553559676, -0.0108992615715, 0.00923884473741, -0.00794113334268, 0.00644668005407, -0.00619783159345, 0.00347019848414, -0.00247925566509, -0.000585687637795, -2.80886179098e-05, -0.000575922313146], [-0.000189358848729, 0.00576669117436, -0.0108992615715, 0.0172623228282, -0.0114061860368, 0.00836805347353, -0.00687983818352, 0.00546496501192, -0.00191437092144, -0.00120497646276, 0.00518144946545, -0.00585583364591, 0.0051860967651], [-0.000911646173336, -0.00583712477237, 0.00923884473741, -0.0114061860368, 0.0191332679242, -0.013057552278, 0.00847511738539, -0.00377200264484, -0.00256729777902, 0.00316619314253, -0.00668837781996, 0.00874562095851, -0.0043800775893], [0.000353737908881, 0.00470306584612, -0.00794113334268, 0.00836805347353, -0.013057552278, 0.0181962940842, -0.00987835600972, 0.00445976527408, 0.00418687378988, -0.00478582503274, 0.00923021510243, -0.00593726569787, 0.00312494998798], [-0.0002416769712, -0.00509682763368, 0.00644668005407, -0.00687983818352, 0.00847511738539, -0.00987835600972, 0.0176323559135, -0.0107722785324, 0.00428977003321, 0.00439287582412, -0.00945059489459, 0.00374777964316, 0.00136856571771], [-0.000929236761294, 0.00531022110954, -0.00619783159345, 0.00546496501192, -0.00377200264484, 0.00445976527408, -0.0107722785324, 0.0196649506688, -0.00778685277328, 0.00134959432762, 0.00339662283659, 0.000443288270617, -0.00268598669209], [0.000512795348186, -0.00358865922317, 0.00347019848414, -0.00191437092144, -0.00256729777902, 0.00418687378988, 0.00428977003321, -0.00778685277328, 0.0172415468842, -0.00720674265176, 0.00469506904483, -0.00243659527041, 0.00187159585766], [0.000132148066768, 0.00279045221396, -0.00247925566509, -0.00120497646276, 0.00316619314253, -0.00478582503274, 0.00439287582412, 0.00134959432762, -0.00720674265176, 0.0210709571838, -0.00961375515908, 0.00553996209055, 0.000142751407111], [0.000256917468505, -0.000118184863823, -0.000585687637795, 0.00518144946545, -0.00668837781996, 0.00923021510243, -0.00945059489459, 0.00339662283659, 0.00469506904483, -0.00961375515908, 0.0221014749259, -0.0146159576252, 0.0108334282413], [-0.000469521328341, 0.000362666149158, -2.80886179098e-05, -0.00585583364591, 0.00874562095851, -0.00593726569787, 0.00374777964316, 0.000443288270617, -0.00243659527041, 0.00553996209055, -0.0146159576252, 0.0308901201934, -0.0200736541301], [0.00112332589924, -0.00047419036855, -0.000575922313146, 0.0051860967651, -0.0043800775893, 0.00312494998798, 0.00136856571771, -0.00268598669209, 0.00187159585766, 0.000142751407111, 0.0108334282413, -0.0200736541301, 0.026782637462]]
    },
    "melbands": {
        "max": [0.00117106060497, 0.00341297197156, 0.00170246465132, 0.001086859731, 0.0011521630222, 0.00232328567654, 0.00359171279706, 0.00404779100791, 0.00549411727116, 0.0101000396535, 0.00686525646597, 0.00401275558397, 0.00142562994733, 0.00142617535312, 0.00310810701922, 0.00229012430646, 0.00311743305065, 0.00176835781895, 0.00102528533898, 0.00166235293727, 0.00114704878069, 0.000529660435859, 0.00039731466677, 0.000372954586055, 0.000376044015866, 0.000566605711356, 0.000604819564614, 0.000131817811052, 5.18594461028e-05, 2.7318350476e-05, 2.58805830526e-05, 4.79461705254e-05, 3.0388140658e-05, 2.91640972137e-05, 2.73703226412e-05, 1.92310435523e-05, 9.11159258976e-06, 7.36245692678e-06, 5.45194006918e-06, 3.27318457494e-06],
        "mean": [4.34697940364e-05, 0.000111399669549, 9.68749955064e-05, 5.23212802364e-05, 7.57826273912e-05, 0.000252498837654, 0.000355913507519, 0.000293505174341, 0.000172568092239, 0.000212560378714, 0.000240685825702, 0.000130211701617, 7.65391450841e-05, 8.44251189847e-05, 6.70142253512e-05, 6.08390000707e-05, 0.000127479768707, 8.21142093628e-05, 1.98247307708e-05, 3.35848926625e-05, 1.74566648639e-05, 9.72428279056e-06, 2.04131538339e-05, 2.14290466829e-05, 2.82495584543e-05, 2.6630159482e-05, 2.64146601694e-05, 6.10168626736e-06, 1.51376423219e-06, 8.85561973973e-07, 8.12750954537e-07, 1.06828792923e-06, 1.12770067062e-06, 1.45128217355e-06, 1.4462349327e-06, 9.38585060339e-07, 6.74366788189e-07, 3.58053199534e-07, 1.93097903889e-07, 1.00831684335e-07],
        "min": [2.75890272405e-07, 4.60068008579e-07, 6.3571269493e-07, 1.03176728317e-06, 8.68720576364e-07, 4.38360558519e-07, 5.6770431911e-07, 7.40720281556e-07, 4.4236571739e-07, 9.55729007046e-08, 1.5172324197e-07, 8.95275746871e-08, 1.19598439596e-07, 6.0466319951e-08, 2.07406092301e-08, 2.42867042033e-08, 7.90965017927e-08, 8.28460002822e-08, 2.74832370195e-08, 3.1304832504e-08, 6.54752767559e-08, 9.61927852927e-08, 2.54363321517e-08, 1.78545160878e-08, 3.96795272195e-08, 6.77304328178e-08, 3.82729794524e-08, 7.68162280451e-08, 3.33701422051e-08, 3.23411128988e-08, 4.05671407577e-08, 4.59368827421e-08, 5.14251752293e-08, 4.26221227201e-08, 4.57690028099e-08, 4.47134702597e-08, 3.64222501048e-08, 2.5947766602e-08, 1.0011756757e-08, 5.17931608712e-09],
        "stdev": [9.36983342399e-05, 0.00027685900568, 0.000150901221787, 8.9951492555e-05, 0.000108660278784, 0.000359004363418, 0.000457398942672, 0.00043540619663, 0.000342310173437, 0.000759385235142, 0.000637759338133, 0.000380714598577, 0.000144410660141, 0.000173998152604, 0.000227783209994, 0.000205849995837, 0.000395656039473, 0.000242119524046, 6.21751969447e-05, 0.000137186900247, 5.92558426433e-05, 2.42893365794e-05, 3.68163600797e-05, 3.67816646758e-05, 4.43557328254e-05, 5.26374715264e-05, 5.27329357283e-05, 1.04170012492e-05, 2.95282438856e-06, 1.3782747601e-06, 1.44093644394e-06, 1.91804383576e-06, 1.61474804372e-06, 1.91479057321e-06, 2.16607372749e-06, 1.05559684016e-06, 6.36718993974e-07, 4.54907251424e-07, 3.38104825914e-07, 2.13512109326e-07]
    },
    "melbands128": {
        "max": [5.70113988942e-05, 0.00012314482592, 0.00100398273207, 0.0049788611941, 0.00495715625584, 0.00154846161604, 0.00155774562154, 0.0024687058758, 0.00358557444997, 0.000617041136138, 0.000569916097447, 0.00167356641032, 0.00173100479878, 0.0027535315603, 0.0034030713141, 0.00478459894657, 0.00669757882133, 0.00668811006472, 0.0069155539386, 0.00655317679048, 0.00716181937605, 0.00886829849333, 0.0100939450786, 0.0050033768639, 0.0153098674491, 0.0217034295201, 0.0195183604956, 0.01080947835, 0.00881609972566, 0.00907814782113, 0.00820331741124, 0.00386968650855, 0.001837006188, 0.00341045018286, 0.00314967869781, 0.00243354775012, 0.00344590656459, 0.00609174836427, 0.004949957598, 0.00538803590462, 0.00512668304145, 0.00187651347369, 0.00701475609094, 0.00782509893179, 0.00586167210713, 0.00200500828214, 0.00104234938044, 0.00195841561072, 0.00235908827744, 0.00243938248605, 0.00361122377217, 0.00323348189704, 0.00270808045752, 0.000776924716774, 0.000328283320414, 0.000547949573956, 0.00161716958974, 0.00092067749938, 0.000560690183192, 0.000669930130243, 0.000836958235595, 0.00105376122519, 0.000648627872579, 0.000906498753466, 0.00102767755743, 0.0010764466133, 0.00143871817272, 0.00171583751217, 0.00105179823004, 0.000548833224457, 0.00019661989063, 0.000100382501842, 9.97384340735e-05, 8.81758896867e-05, 3.41959603247e-05, 2.52632762567e-05, 2.79144060187e-05, 3.2187494071e-05, 3.18334423355e-05, 3.001289042e-05, 6.02598884143e-05, 5.72626449866e-05, 2.9391323551e-05, 3.0827421142e-05, 3.06881993311e-05, 3.56250893674e-05, 3.39411271852e-05, 2.59337666648e-05, 4.68236321467e-05, 3.4816297557e-05, 2.2511352654e-05, 1.58613020176e-05, 1.07194691736e-05, 1.4296383597e-05, 9.63330421655e-06, 7.99034205556e-06, 7.6794085544e-06, 6.80190896674e-06, 6.90306342221e-06, 7.18200226402e-06, 5.17524631505e-06, 3.85549765269e-06, 3.54029180016e-06, 2.8424269658e-06, 2.76627218909e-07, 1.24925216838e-08, 1.0054393762e-08, 8.42045189131e-09, 7.22537896181e-09, 6.35689412221e-09, 5.60834756413e-09, 4.9973745142e-09, 4.49501325051e-09, 4.0544492208e-09, 3.70923003423e-09, 3.39391359461e-09, 3.15760506631e-09, 2.92795787615e-09, 2.73522493544e-09, 2.62787991367e-09, 2.56274024224e-09, 2.5007083071e-09, 2.44882691902e-09, 2.41876230156e-09, 2.381832509e-09, 2.35837571694e-09, 2.33520314197e-09, 2.32135710654e-09],
        "mean": [9.15663895285e-06, 1.24315147332e-05, 4.52797430626e-05, 0.000124686426716, 0.000124521044199, 9.68678650679e-05, 9.82279671007e-05, 9.73532951321e-05, 0.000101169978734, 4.10236461903e-05, 2.63686542894e-05, 4.83679978061e-05, 7.07312356099e-05, 0.000124700789456, 0.00025316645042, 0.000334688113071, 0.000307661335682, 0.00038974074414, 0.000392621819628, 0.000244964117883, 0.00030171891558, 0.000261654582573, 0.000116365845315, 0.000135716196382, 0.000181840339792, 0.000264472619165, 0.000243741989834, 0.000278044462902, 0.000197090688744, 0.000137480776175, 0.00012150801922, 8.12706930446e-05, 4.93494480907e-05, 9.38513476285e-05, 0.000107689738797, 7.31541585992e-05, 6.07417205174e-05, 6.19685306447e-05, 7.97708780738e-05, 6.41467340756e-05, 6.68955472065e-05, 3.72709691874e-05, 7.92890277808e-05, 0.000229021912673, 0.000166055833688, 2.88569281111e-05, 1.62101623573e-05, 1.8887607439e-05, 1.89032016351e-05, 2.83960962406e-05, 3.92800357076e-05, 3.71474961867e-05, 2.07634784601e-05, 8.77343791217e-06, 8.00599445938e-06, 8.54196332511e-06, 1.13621572382e-05, 1.88743688341e-05, 2.35370262089e-05, 2.52275931416e-05, 1.68063597812e-05, 2.25451367442e-05, 2.82617620542e-05, 3.04456334561e-05, 2.83405188384e-05, 2.260936526e-05, 2.89959371003e-05, 3.08236667479e-05, 2.95897061733e-05, 1.46913562276e-05, 4.60206274511e-06, 2.58429099631e-06, 1.77971583071e-06, 1.48578055814e-06, 8.68725408054e-07, 1.00570855466e-06, 7.60625709972e-07, 8.12039672837e-07, 7.47459523609e-07, 9.58718032962e-07, 1.00944168935e-06, 1.16053831789e-06, 1.01029240795e-06, 1.14871295409e-06, 1.17254705856e-06, 1.3472166529e-06, 1.60731576671e-06, 1.56185808464e-06, 1.71739861798e-06, 1.04717628346e-06, 1.0006182265e-06, 9.39146673318e-07, 7.90875333223e-07, 7.46040996091e-07, 5.48479818008e-07, 4.23280368977e-07, 3.25833099168e-07, 2.40815268171e-07, 2.19133880819e-07, 1.56341613433e-07, 1.06627290108e-07, 1.00274675674e-07, 7.90008840568e-08, 5.05483583879e-08, 9.21568421575e-09, 3.49966861046e-11, 1.47450263804e-11, 1.13737829918e-11, 1.02159825738e-11, 9.41279172662e-12, 8.71516053769e-12, 8.13975102598e-12, 7.62433345625e-12, 7.14449810077e-12, 6.7834548742e-12, 6.45095478771e-12, 6.16495006087e-12, 5.91049735196e-12, 5.68919564237e-12, 5.48407760176e-12, 5.29737191612e-12, 5.14699567689e-12, 5.01079386317e-12, 4.90287758309e-12, 4.71506514388e-12, 4.4978252893e-12, 4.36295184009e-12, 4.31813525908e-12],
        "min": [1.00154160521e-08, 7.19948900496e-08, 1.01398811125e-07, 1.11287434379e-07, 1.37218066243e-07, 1.13996385664e-07, 2.18370814764e-07, 1.75536740699e-07, 1.56965768383e-07, 1.00423065419e-07, 6.60853771706e-08, 7.78705810944e-08, 1.11137708814e-07, 2.83923981215e-07, 2.8772336691e-07, 1.43774556705e-07, 4.6767461015e-08, 5.95730895725e-08, 4.31182201055e-07, 2.28123155921e-07, 6.59073577935e-08, 1.36417739327e-07, 4.14889953504e-08, 1.1305517944e-07, 1.05475315593e-07, 1.36719489063e-08, 1.09676463467e-07, 1.01137565878e-07, 7.01564317751e-08, 2.53257095295e-08, 3.42928068164e-08, 1.58778767911e-08, 6.33436485487e-08, 4.80636863642e-08, 4.76098591662e-08, 1.0120646543e-08, 1.08151816391e-08, 1.16884901757e-08, 6.2152074598e-09, 2.48294593774e-08, 9.56061896318e-09, 6.71291511267e-09, 1.63933933095e-08, 3.32779381829e-09, 1.15176543858e-08, 2.01445384818e-08, 3.73806336995e-08, 1.16167040431e-08, 2.29121948081e-08, 1.36759465974e-08, 1.76846146616e-08, 3.03170537563e-08, 7.99045896116e-09, 2.40767850102e-08, 1.32474738734e-07, 6.91977390943e-08, 9.99957183723e-09, 2.19371045773e-08, 1.44971243898e-08, 8.37991720459e-09, 1.02965138638e-08, 2.88408088522e-08, 3.27069180628e-08, 2.66548472183e-08, 2.76464398041e-08, 4.25493098533e-08, 2.16705533518e-08, 4.03716313713e-08, 3.38677779155e-08, 2.47855762581e-08, 4.37976019896e-08, 5.04549824143e-08, 2.18944347097e-08, 1.78495298542e-08, 2.30210055463e-08, 2.60409436237e-08, 1.81360668705e-08, 2.58402153008e-08, 1.44849314765e-08, 3.31781748741e-08, 2.6095957395e-08, 3.1926045807e-08, 4.27479349696e-08, 1.81763759599e-08, 2.89766752815e-08, 2.70649795908e-08, 2.67920245989e-08, 3.60141640954e-08, 3.60311460668e-08, 3.84514926566e-08, 3.91077996653e-08, 4.14742160615e-08, 2.3902384072e-08, 2.88790396041e-08, 3.16482946516e-08, 1.56416977148e-08, 1.5188060587e-08, 1.07485780276e-08, 6.63512400578e-09, 4.64331240124e-09, 4.11259737376e-09, 3.05225689168e-09, 1.13738063412e-09, 9.10638286999e-10, 3.89199852902e-11, 6.97715106177e-13, 1.81117653427e-13, 1.70499465241e-13, 1.49015795905e-13, 1.60517107418e-13, 1.78019152696e-13, 1.39265904581e-13, 1.59652659474e-13, 1.41611074538e-13, 1.72697088834e-13, 1.89464017934e-13, 1.58885708409e-13, 1.60370076051e-13, 1.87895611071e-13, 1.62046171295e-13, 1.7300665566e-13, 1.77271486878e-13, 1.62168225354e-13, 1.65023309145e-13, 1.22819086173e-13, 4.27507692875e-14, 6.88278728851e-15, 2.14038489212e-16],
        "stdev": [7.2249281402e-06, 1.37381884997e-05, 8.25277966214e-05, 0.000373915449018, 0.000407070823712, 0.000170038489159, 0.000137874652864, 0.000211890946957, 0.000272005883744, 6.54224932077e-05, 4.31823573308e-05, 9.99221665552e-05, 0.000142111864989, 0.000227866708883, 0.000466595462058, 0.000623244151939, 0.000555019127205, 0.00068061175989, 0.000720077659935, 0.00057861476671, 0.000612336501945, 0.000683539023157, 0.000401252851589, 0.000421224482125, 0.000849614501931, 0.00133132468909, 0.000996515969746, 0.000971778121311, 0.000716973969247, 0.000565773516428, 0.00054524699226, 0.000279258092633, 0.000147687620483, 0.000252295576502, 0.000282189052086, 0.000220091911615, 0.000296524405712, 0.000319569720887, 0.000407265790273, 0.000338694662787, 0.000332670286298, 0.000122249679407, 0.000385446415748, 0.000912083429284, 0.000642906292342, 0.000110140012112, 5.99556187808e-05, 8.47681076266e-05, 0.000104904123873, 0.000153808781761, 0.000233966609812, 0.000203695934033, 9.74056092673e-05, 2.75069869531e-05, 2.08178207686e-05, 2.6345887818e-05, 5.88791262999e-05, 5.46783194295e-05, 5.87630456721e-05, 5.80459527555e-05, 4.65671473648e-05, 7.27444639779e-05, 6.28380148555e-05, 7.40458781365e-05, 6.72559690429e-05, 7.11286993464e-05, 9.50470202952e-05, 0.0001014367881, 7.58996902732e-05, 3.86263891414e-05, 1.02519088614e-05, 5.34397713636e-06, 4.27612667409e-06, 4.37970265921e-06, 1.96650762518e-06, 1.75092043264e-06, 1.27902615077e-06, 1.73834905581e-06, 1.42746057463e-06, 2.10939833778e-06, 2.16573675971e-06, 2.20857396016e-06, 1.84392581559e-06, 1.90102434772e-06, 1.71272245097e-06, 2.14859528569e-06, 2.49947470365e-06, 2.38481584347e-06, 3.35544336849e-06, 1.91713070308e-06, 1.44358034504e-06, 1.03238573956e-06, 9.20885156575e-07, 7.94552761363e-07, 6.03719456649e-07, 5.57984037641e-07, 4.982512678e-07, 4.17177830059e-07, 3.72025255047e-07, 3.73573953993e-07, 2.60334275026e-07, 2.04155881534e-07, 1.88567256032e-07, 1.40967046036e-07, 1.82871513488e-08, 3.4705244234e-10, 2.78515627228e-10, 2.37634578681e-10, 2.08290357184e-10, 1.86797063928e-10, 1.68332472961e-10, 1.53638338163e-10, 1.41143569055e-10, 1.30112698393e-10, 1.21852930524e-10, 1.14137428675e-10, 1.07717251785e-10, 1.02232389221e-10, 9.74079636396e-11, 9.32859900438e-11, 8.97358090612e-11, 8.66068328165e-11, 8.35885527461e-11, 8.18687270754e-11, 7.98666827118e-11, 7.85884204935e-11, 7.75019701194e-11, 7.68409502694e-11]
    },
    "mfcc": {
        "mean": [-663.450256348, 99.2915039062, -17.1333332062, 9.6099729538, -14.5241518021, -14.0908660889, -8.63307857513, 7.48059225082, -20.1665248871, 11.0806179047, 1.47735130787, -2.20896053314, 2.65828537941],
        "cov": [[2112.08496094, -37.8327484131, -732.368286133, -31.6565380096, -51.5457649231, -130.728515625, 166.144210815, 170.991043091, -129.823898315, 197.065368652, 137.94744873, -26.4722118378, 18.6459102631], [-37.8327484131, 268.901855469, 63.7206268311, -0.445415824652, 9.48130512238, 7.32673501968, 1.85688126087, 8.55146789551, 5.75343608856, -8.27794551849, -3.27973127365, 10.7934093475, -0.759530246258], [-732.368286133, 63.7206268311, 551.466430664, 74.5519943237, 16.2294216156, 106.296180725, -28.9848937988, -65.2970809937, 73.0777053833, -116.407165527, -49.0574760437, 38.0154075623, 21.2775058746], [-31.6565380096, -0.445415824652, 74.5519943237, 151.413131714, 40.9066772461, 9.01887321472, -24.8157310486, -1.4815069437, -5.10489368439, 8.56078147888, 5.16794395447, 14.69617939, 30.060634613], [-51.5457649231, 9.48130512238, 16.2294216156, 40.9066772461, 201.367675781, 50.8911628723, -72.2107543945, -23.1346721649, 73.9682540894, -0.545625448227, -27.9163074493, 20.0546417236, -36.0987968445], [-130.728515625, 7.32673501968, 106.296180725, 9.01887321472, 50.8911628723, 143.516586304, 46.1769218445, -13.1662931442, 22.4765701294, -29.1792221069, -2.56344151497, 18.7794475555, -18.2780170441], [166.144210815, 1.85688126087, -28.9848937988, -24.8157310486, -72.2107543945, 46.1769218445, 230.874816895, 76.8859481812, -73.0222091675, 34.7636833191, 39.6505661011, -24.893699646, 19.3659057617], [170.991043091, 8.55146789551, -65.2970809937, -1.4815069437, -23.1346721649, -13.1662931442, 76.8859481812, 114.262184143, -8.50472545624, 33.3759384155, 9.04946804047, -29.1912231445, 15.5376825333], [-129.823898315, 5.75343608856, 73.0777053833, -5.10489368439, 73.9682540894, 22.4765701294, -73.0222091675, -8.50472545624, 169.084472656, -29.938457489, -40.7867507935, 23.2937927246, -32.6951828003], [197.065368652, -8.27794551849, -116.407165527, 8.56078147888, -0.545625448227, -29.1792221069, 34.7636833191, 33.3759384155, -29.938457489, 130.532180786, 56.7507629395, -13.6266813278, 0.0572673380375], [137.94744873, -3.27973127365, -49.0574760437, 5.16794395447, -27.9163074493, -2.56344151497, 39.6505661011, 9.04946804047, -40.7867507935, 56.7507629395, 95.0596847534, 21.0817127228, 3.94341063499], [-26.4722118378, 10.7934093475, 38.0154075623, 14.69617939, 20.0546417236, 18.7794475555, -24.893699646, -29.1912231445, 23.2937927246, -13.6266813278, 21.0817127228, 83.6209335327, 12.7679281235], [18.6459102631, -0.759530246258, 21.2775058746, 30.060634613, -36.0987968445, -18.2780170441, 19.3659057617, 15.5376825333, -32.6951828003, 0.0572673380375, 3.94341063499, 12.7679281235, 94.2714920044]],
        "icov": [[0.00104362505954, -0.000154254361405, 0.00138480821624, -0.000483182782773, -4.62739044451e-05, 0.000163411226822, -0.00049848575145, -0.000483623851324, -0.000165614983416, 0.000191810977412, -0.000652951595839, -0.000270163960522, -0.000163719363627], [-0.000154254361405, 0.00397794041783, -0.000959398574196, 0.000578964769375, -0.000425132951932, 0.000376450421754, 0.000167934937053, -0.000948281493038, 0.000559401174542, -0.000197753062821, 0.000260168453678, -0.000809177174233, 0.000419316755142], [0.00138480821624, -0.000959398574196, 0.00515447510406, -0.00251328269951, 0.00111135141924, -0.00182162225246, -0.000910196918994, 0.00103614467662, -0.00183031253982, 0.00207170378417, -0.000681654200889, 9.26712964429e-05, -0.00117510731798], [-0.000483182782773, 0.000578964769375, -0.00251328269951, 0.00949570164084, -0.00267073092982, 8.23890441097e-05, 0.00182499643415, -0.00146503804717, 0.00196666643023, -0.00155419041403, -0.00053329882212, -0.000347119173966, -0.00274823745713], [-4.62739044451e-05, -0.000425132951932, 0.00111135141924, -0.00267073092982, 0.00905943848193, -0.00432925252244, 0.00244920770638, 4.29921128671e-05, -0.00199923687615, -0.00229427427985, 0.00301334750839, -0.00134780432563, 0.00209049764089], [0.000163411226822, 0.000376450421754, -0.00182162225246, 8.23890441097e-05, -0.00432925252244, 0.0128800114617, -0.00543927587569, 0.00164844410028, -0.000451740022982, 0.00233619101346, -0.00130981777329, -0.00157289253548, 0.00215048971586], [-0.00049848575145, 0.000167934937053, -0.000910196918994, 0.00182499643415, 0.00244920770638, -0.00543927587569, 0.00994982384145, -0.00560928042978, 0.00305945705622, -0.00143273803405, -0.000862951856107, 0.000762529554777, -0.000517980719451], [-0.000483623851324, -0.000948281493038, 0.00103614467662, -0.00146503804717, 4.29921128671e-05, 0.00164844410028, -0.00560928042978, 0.0155770666897, -0.00398105941713, -0.000954358140007, 0.000181570416316, 0.0044708638452, -0.00275095039979], [-0.000165614983416, 0.000559401174542, -0.00183031253982, 0.00196666643023, -0.00199923687615, -0.000451740022982, 0.00305945705622, -0.00398105941713, 0.0104881981388, -0.000916798308026, 0.00351059227251, -0.00395411625504, 0.00302452757023], [0.000191810977412, -0.000197753062821, 0.00207170378417, -0.00155419041403, -0.00229427427985, 0.00233619101346, -0.00143273803405, -0.000954358140007, -0.000916798308026, 0.0144648561254, -0.00886239949614, 0.0035957400687, -0.000428523693699], [-0.000652951595839, 0.000260168453678, -0.000681654200889, -0.00053329882212, 0.00301334750839, -0.00130981777329, -0.000862951856107, 0.000181570416316, 0.00351059227251, -0.00886239949614, 0.0209289100021, -0.00861790496856, 0.00301707535982], [-0.000270163960522, -0.000809177174233, 9.26712964429e-05, -0.000347119173966, -0.00134780432563, -0.00157289253548, 0.000762529554777, 0.0044708638452, -0.00395411625504, 0.0035957400687, -0.00861790496856, 0.0191116631031, -0.00517940893769], [-0.000163719363627, 0.000419316755142, -0.00117510731798, -0.00274823745713, 0.00209049764089, 0.00215048971586, -0.000517980719451, -0.00275095039979, 0.00302452757023, -0.000428523693699, 0.00301707535982, -0.00517940893769, 0.0151867624372]]
    },
    "spectral_contrast_coeffs": {
        "max": [-0.470141202211, -0.443521529436, -0.455273389816, -0.510609328747, -0.591352939606, -0.695173144341],
        "mean": [-0.722120881081, -0.700222313404, -0.713707268238, -0.752898216248, -0.742120623589, -0.773444056511],
        "min": [-0.862707138062, -0.897370874882, -0.897645175457, -0.893170833588, -0.87558478117, -0.844134688377],
        "stdev": [0.0527605228126, 0.0714146122336, 0.0745867565274, 0.0702915266156, 0.0638508424163, 0.0255354121327]
    },
    "spectral_contrast_valleys": {
        "max": [-6.27794504166, -5.4778752327, -6.35198545456, -6.77837991714, -6.30429506302, -8.50628185272],
        "mean": [-7.92564535141, -6.958589077, -7.74768733978, -8.07034397125, -7.76950550079, -10.3176393509],
        "min": [-9.94050216675, -8.92608451843, -10.5232553482, -10.1767349243, -9.48963737488, -11.3907165527],
        "stdev": [0.52360200882, 0.528069138527, 0.557472884655, 0.513374388218, 0.470745116472, 0.369655519724]
    }
},
"rhythm": {
    "beats_count": 72,
    "beats_loudness": {
        "max": 0.0684452578425,
        "mean": 0.0185429789126,
        "min": 0.00101082213223,
        "stdev": 0.0129885617644
    },
    "bpm": 117.270118713,
    "bpm_histogram_first_peak_bpm": 117,
    "bpm_histogram_first_peak_weight": 0.447368443012,
    "bpm_histogram_second_peak_bpm": 161,
    "bpm_histogram_second_peak_spread": 0.300000011921,
    "bpm_histogram_second_peak_weight": 0.0985915511847,
    "danceability": 1.05440056324,
    "onset_rate": 3.11089158058,
    "beats_loudness_band_ratio": {
        "max": [0.594982922077, 0.670735001564, 0.80671453476, 0.802588045597, 0.624661505222, 0.338053762913],
        "mean": [0.0720908269286, 0.11917296797, 0.394988656044, 0.241438731551, 0.134027227759, 0.082633279264],
        "min": [0.00209868513048, 0.00184058188461, 0.0269201155752, 0.00395337771624, 0.012381198816, 0.0122703285888],
        "stdev": [0.109862223268, 0.138515889645, 0.212642908096, 0.210523694754, 0.156398832798, 0.0591342933476]
    },
