{
"metadata": {
    "version": {
        "essentia": "2.1-beta5",
        "essentia_git_sha": "Undefined",
        "extractor": "music 2.0"
    },
    "audio_properties": {
        "analysis": {
            "equal_loudness": 0,
            "length": 29.0017242432,
            "sample_rate": 44100,
            "start_time": 0,
            "downmix": "mix"
        },
        "bit_rate": 192000,
        "length": 195.570083618,
        "lossless": 0,
        "number_channels": 1,
        "replay_gain": -4.35111427307,
        "sample_rate": 48000,
        "codec": "mp3",
        "md5_encoded": "a65c54a2ba4759046df100f5fca15328"
    },
    "tags": {
        "file_name": "Germany_Die Zeiger Der Uhr_Margot Eskens.mp3",
        "encoding": ["Lavf58.29.100"]
    }
},
"lowlevel": {
    "average_loudness": 0.62131690979,
    "barkbands_crest": {
        "max": 26.4911212921,
        "mean": 12.035859108,
        "min": 2.56273055077,
        "stdev": 5.78923130035
    },
    "barkbands_flatness_db": {
        "max": 0.500069856644,
        "mean": 0.236313089728,
        "min": 0.0354479588568,
        "stdev": 0.0940598919988
    },
    "barkbands_kurtosis": {
        "max": 253.216217041,
        "mean": 12.5945835114,
        "min": -1.95947349072,
        "stdev": 24.1498470306
    },
    "barkbands_skewness": {
        "max": 12.3131847382,
        "mean": 1.93752193451,
        "min": -4.84932374954,
        "stdev": 2.248660326
    },
    "barkbands_spread": {
        "max": 98.766998291,
        "mean": 13.8239440918,
        "min": 0.230653092265,
        "stdev": 13.9902191162
    },
    "dissonance": {
        "max": 0.499883055687,
        "mean": 0.442368417978,
        "min": 0.195822685957,
        "stdev": 0.0579147525132
    },
    "dynamic_complexity": 10.3472452164,
    "erbbands_crest": {
        "max": 31.9089355469,
        "mean": 12.4344186783,
        "min": 2.86268353462,
        "stdev": 6.39514350891
    },
    "erbbands_flatness_db": {
        "max": 0.476628988981,
        "mean": 0.277275562286,
        "min": 0.0638647526503,
        "stdev": 0.0754408165812
    },
    "erbbands_kurtosis": {
        "max": 99.0022659302,
        "mean": 4.04467248917,
        "min": -1.87691926956,
        "stdev": 9.37962055206
    },
    "erbbands_skewness": {
        "max": 7.52376317978,
        "mean": 0.727983057499,
        "min": -8.86117553711,
        "stdev": 1.72693562508
    },
    "erbbands_spread": {
        "max": 106.510894775,
        "mean": 25.755859375,
        "min": 0.959689021111,
        "stdev": 18.6819171906
    },
    "hfc": {
        "max": 251.591720581,
        "mean": 5.84644269943,
        "min": 1.19762464868e-16,
        "stdev": 12.2960605621
    },
    "loudness_ebu128": {
        "integrated": -25.4908599854,
        "loudness_range": 5.77892684937,
        "momentary": {
            "max": -17.5002326965,
            "mean": -31.3961009979,
            "min": -62.8960418701,
            "stdev": 9.37117481232
        },
        "short_term": {
            "max": -22.9427776337,
            "mean": -26.7543792725,
            "min": -32.732208252,
            "stdev": 2.11403107643
        }
    },
    "melbands_crest": {
        "max": 32.3868026733,
        "mean": 14.7430715561,
        "min": 2.34459161758,
        "stdev": 6.97776031494
    },
    "melbands_flatness_db": {
        "max": 0.567118883133,
        "mean": 0.288948327303,
        "min": 0.0047978553921,
        "stdev": 0.106012761593
    },
    "melbands_kurtosis": {
        "max": 364.449584961,
        "mean": 22.5863132477,
        "min": -1.96069729328,
        "stdev": 38.9018859863
    },
    "melbands_skewness": {
        "max": 13.9851818085,
        "mean": 2.75094032288,
        "min": -2.96509194374,
        "stdev": 2.62169766426
    },
    "melbands_spread": {
        "max": 216.044937134,
        "mean": 21.1755027771,
        "min": 0.452732115984,
        "stdev": 28.8195743561
    },
    "pitch_salience": {
        "max": 0.89191621542,
        "mean": 0.604248404503,
        "min": 0.0507126264274,
        "stdev": 0.170966297388
    },
    "silence_rate_20dB": {
        "max": 1,
        "mean": 1,
        "min": 1,
        "stdev": 0
    },
    "silence_rate_30dB": {
        "max": 1,
        "mean": 0.989600002766,
        "min": 0,
        "stdev": 0.10144752264
    },
    "silence_rate_60dB": {
        "max": 1,
        "mean": 0.536000013351,
        "min": 0,
        "stdev": 0.498702943325
    },
    "spectral_centroid": {
        "max": 11232.4580078,
        "mean": 1122.48876953,
        "min": 215.740447998,
        "stdev": 963.789001465
    },
    "spectral_complexity": {
        "max": 38,
        "mean": 4.08960008621,
        "min": 0,
        "stdev": 4.96466732025
    },
    "spectral_decrease": {
        "max": 8.79897928503e-29,
        "mean": -3.02413849518e-09,
        "min": -8.59993676272e-08,
        "stdev": 6.14708328683e-09
    },
    "spectral_energy": {
        "max": 0.347401678562,
        "mean": 0.011944075115,
        "min": 1.06141925966e-20,
        "stdev": 0.0242263209075
    },
    "spectral_energyband_high": {
        "max": 0.0030882647261,
        "mean": 5.28609634785e-05,
        "min": 7.63746926342e-21,
        "stdev": 0.000198926660232
    },
    "spectral_energyband_low": {
        "max": 0.0733522847295,
        "mean": 0.000348211964592,
        "min": 8.95861114881e-23,
        "stdev": 0.003238693811
    },
    "spectral_energyband_middle_high": {
        "max": 0.0381476990879,
        "mean": 0.000954417977482,
        "min": 1.435278825e-21,
        "stdev": 0.00240991986357
    },
    "spectral_energyband_middle_low": {
        "max": 0.320722401142,
        "mean": 0.0106497313827,
        "min": 3.30435708329e-22,
        "stdev": 0.0227972697467
    },
    "spectral_entropy": {
        "max": 9.82505607605,
        "mean": 6.90362596512,
        "min": 4.28427314758,
        "stdev": 0.733044922352
    },
    "spectral_flux": {
        "max": 0.525550603867,
        "mean": 0.0498378053308,
        "min": 6.8328710745e-11,
        "stdev": 0.0542524605989
    },
    "spectral_kurtosis": {
        "max": 89.4287872314,
        "mean": 10.8665151596,
        "min": -1.41769170761,
        "stdev": 11.7124290466
    },
    "spectral_rms": {
        "max": 0.0184100102633,
        "mean": 0.00231378572062,
        "min": 3.21796669173e-12,
        "stdev": 0.00250981166027
    },
    "spectral_rolloff": {
        "max": 19164.5507812,
        "mean": 1251.27050781,
        "min": 86.1328125,
        "stdev": 1537.83886719
    },
    "spectral_skewness": {
        "max": 7.6493678093,
        "mean": 1.7916238308,
        "min": -1.52251160145,
        "stdev": 1.1831856966
    },
    "spectral_spread": {
        "max": 41373796,
        "mean": 2636750.25,
        "min": 701183.5,
        "stdev": 1896607.25
    },
    "spectral_strongpeak": {
        "max": 7.87799549103,
        "mean": 0.683919072151,
        "min": 0,
        "stdev": 0.992465138435
    },
    "zerocrossingrate": {
        "max": 0.8173828125,
        "mean": 0.0473394542933,
        "min": 0.00341796875,
        "stdev": 0.0491677001119
    },
    "barkbands": {
        "max": [0.00453968206421, 0.0673250705004, 0.00834396388382, 0.0371153652668, 0.0863569527864, 0.18040086329, 0.109269559383, 0.2895398736, 0.0617261268198, 0.0143674146384, 0.00734100304544, 0.0171374622732, 0.0230236295611, 0.00649592699483, 0.00878410041332, 0.00739264767617, 0.00380328507163, 0.00278434925713, 0.00224443105981, 0.00294013996609, 0.00105831271503, 0.00220205425285, 4.42718010163e-06, 1.46425918501e-06, 6.87856470449e-07, 6.73842464494e-07, 7.17555167284e-07],
        "mean": [3.5019715142e-05, 0.000239474466071, 4.42901327915e-05, 0.000115973081847, 0.00282220821828, 0.00375328026712, 0.00185807328671, 0.00144189747516, 0.000584440480452, 0.000163868768141, 0.000113927468192, 0.000121629942441, 0.000183086842299, 9.85335500445e-05, 8.49787538755e-05, 6.55573021504e-05, 6.42580635031e-05, 4.77493122162e-05, 4.24295176344e-05, 2.53070556937e-05, 2.28483968385e-05, 1.50817350004e-05, 1.14548186048e-07, 4.89904472545e-08, 7.94544607885e-09, 1.10651343643e-09, 1.19310772373e-09],
        "min": [1.18073134642e-23, 2.73649474025e-23, 1.32479091612e-23, 5.4539602622e-24, 9.36875571065e-23, 2.6112321482e-23, 3.47304943429e-23, 5.56126617124e-23, 6.17980001634e-23, 5.38646658533e-23, 3.66231988465e-23, 8.83190683457e-23, 5.60323483357e-23, 4.37543247248e-23, 9.98256901209e-23, 8.902889801e-23, 1.78061696148e-22, 1.32664240422e-22, 2.34719642736e-22, 4.01684615547e-22, 3.21514638124e-22, 3.48527961822e-22, 4.96780472385e-22, 7.62672237781e-22, 8.89230972475e-22, 1.69943610614e-21, 2.13563615046e-21],
        "stdev": [0.000216939923121, 0.00264456309378, 0.000335445685778, 0.00107839889824, 0.00708291865885, 0.0129171600565, 0.00668679457158, 0.00999766308814, 0.00395604269579, 0.000721598684322, 0.000491361599416, 0.000725531135686, 0.00107627559919, 0.000447106285719, 0.000420547032263, 0.000322466017678, 0.00023063167464, 0.000180947768968, 0.000157916045282, 0.000132878791192, 9.09528826014e-05, 9.25242129597e-05, 3.15608502888e-07, 5.23634149374e-08, 1.98383300898e-08, 1.9061713985e-08, 2.0297434844e-08]
    },
    "erbbands": {
        "max": [2.3520796299, 13.3314037323, 10.9495658875, 74.7574081421, 99.5468597412, 365.127838135, 1737.08740234, 1135.56481934, 1029.14440918, 1174.46630859, 7885.19824219, 1849.43164062, 676.991333008, 292.630004883, 289.103729248, 820.599121094, 864.085388184, 309.556854248, 244.671417236, 451.106658936, 305.323944092, 201.64074707, 171.024337769, 177.730895996, 160.005645752, 158.069869995, 77.5705108643, 59.8089408875, 88.0762634277, 11.5135736465, 0.338079303503, 0.0557244382799, 0.0123179079965, 0.00779542140663, 0.00485511031002, 0.00269234739244, 0.00124902499374, 0.000443265103968, 0.000179777300218, 0.000404135877034],
        "mean": [0.00678362650797, 0.0527637340128, 0.0657273605466, 0.247771412134, 2.01656293869, 10.0365943909, 35.2820663452, 23.1329650879, 23.5889434814, 30.0292491913, 28.6024436951, 15.0980949402, 6.791867733, 5.10829687119, 3.94976520538, 6.26097869873, 8.57625579834, 5.62240839005, 4.41627836227, 4.1061964035, 3.75111556053, 3.5962536335, 2.6314766407, 2.55228495598, 1.59190261364, 1.21736621857, 1.00821948051, 0.922215342522, 0.654827177525, 0.0868274644017, 0.00442423764616, 0.0013702197466, 0.000736719928682, 0.000190939957974, 2.18299810513e-05, 1.14413742267e-05, 6.16436136625e-06, 1.69027782704e-06, 6.00236398896e-06, 1.35362852234e-05],
        "min": [1.67470510219e-21, 3.32457358143e-21, 1.41547049485e-20, 1.7795370778e-20, 4.38257736872e-20, 3.5191080842e-19, 3.04723980184e-19, 2.76255163536e-19, 5.79777560482e-19, 3.40183713779e-19, 1.26437224286e-18, 1.43969348389e-18, 2.03145756353e-18, 2.00481573036e-18, 2.30772534157e-18, 3.47773612887e-18, 2.55621432669e-18, 2.86084178523e-18, 4.48105947619e-18, 5.52457015281e-18, 5.57537972193e-18, 8.62525957409e-18, 7.58689396089e-18, 9.00331089253e-18, 1.47771266939e-17, 1.61883117082e-17, 1.39909378438e-17, 1.36643421226e-17, 1.36851415791e-17, 1.63210659247e-17, 1.10924638902e-17, 1.4660166664e-17, 1.36247267887e-17, 9.20355063932e-18, 7.24428402298e-18, 5.94439533295e-18, 2.97785061878e-18, 1.21692661049e-18, 2.79843007744e-19, 3.4514931777e-20],
        "stdev": [0.0901875421405, 0.550552129745, 0.511949539185, 2.17256641388, 5.60705471039, 24.6783905029, 140.154602051, 66.4195098877, 82.4385223389, 101.400772095, 245.967315674, 106.265533447, 34.6951293945, 18.7837238312, 16.5551815033, 38.9641265869, 47.4853248596, 22.9493217468, 17.8275146484, 23.1992073059, 14.8391618729, 12.4662361145, 9.71145915985, 9.97698307037, 6.79191970825, 6.20309686661, 3.96198987961, 4.31428670883, 3.89313077927, 0.523032128811, 0.0163827948272, 0.00204213801771, 0.000586025882512, 0.000243747737841, 0.000138742587296, 7.7343393059e-05, 3.6230427213e-05, 1.26872428154e-05, 1.2049772522e-05, 2.7299118301e-05]
    },
    "gfcc": {
        "mean": [-234.828918457, 159.491485596, -156.718933105, 31.314037323, -56.2552757263, -27.6529560089, -28.420419693, -21.8115272522, -8.15588474274, -12.9124183655, 2.88748693466, -10.4356660843, 4.79848337173],
        "cov": [[11187.2070312, 2409.53491211, -1266.44714355, -1321.12255859, -197.380355835, -2454.6550293, -174.088745117, -714.438354492, -37.5678672791, -3.19818353653, 266.953094482, -56.4221115112, 159.735519409], [2409.53491211, 1123.13647461, -36.4549751282, -734.206054688, 18.9890174866, -528.34777832, -219.032669067, -180.091293335, -73.3727493286, -114.074386597, 186.700622559, -72.3723831177, 6.07125997543], [-1266.44714355, -36.4549751282, 1240.14648438, 474.111999512, -224.691253662, -117.406440735, -11.9987850189, 6.4386510849, 10.5965576172, 8.22014522552, -58.1259384155, 9.9751625061, 10.4963912964], [-1321.12255859, -734.206054688, 474.111999512, 1275.40686035, -53.3790206909, 135.602630615, 188.22088623, 103.666542053, 106.737968445, 107.148368835, -191.750076294, 59.452205658, 69.7597122192], [-197.380355835, 18.9890174866, -224.691253662, -53.3790206909, 410.693939209, 152.873138428, -209.093444824, 22.0603027344, -7.50435876846, -65.4654388428, 75.521736145, 24.7159461975, -22.9010391235], [-2454.6550293, -528.34777832, -117.406440735, 135.602630615, 152.873138428, 1078.15478516, 127.699432373, 169.73210144, 17.5508804321, -0.24723726511, -53.7509078979, 15.2500953674, -83.062461853], [-174.088745117, -219.032669067, -11.9987850189, 188.22088623, -209.093444824, 127.699432373, 418.501037598, 102.976867676, 9.43254089355, 96.2303390503, -79.4314956665, -20.7228870392, 24.7104740143], [-714.438354492, -180.091293335, 6.4386510849, 103.666542053, 22.0603027344, 169.73210144, 102.976867676, 233.01473999, 46.1545295715, 4.8984131813, -3.39303588867, -8.14440631866, -21.5841636658], [-37.5678672791, -73.3727493286, 10.5965576172, 106.737968445, -7.50435876846, 17.5508804321, 9.43254089355, 46.1545295715, 147.312957764, 72.9890136719, -50.1305198669, 7.98913908005, -0.629556655884], [-3.19818353653, -114.074386597, 8.22014522552, 107.148368835, -65.4654388428, -0.24723726511, 96.2303390503, 4.8984131813, 72.9890136719, 129.14793396, -27.427072525, -10.35455513, 8.00182056427], [266.953094482, 186.700622559, -58.1259384155, -191.750076294, 75.521736145, -53.7509078979, -79.4314956665, -3.39303588867, -50.1305198669, -27.427072525, 163.318008423, 45.4824829102, -20.2634849548], [-56.4221115112, -72.3723831177, 9.9751625061, 59.452205658, 24.7159461975, 15.2500953674, -20.7228870392, -8.14440631866, 7.98913908005, -10.35455513, 45.4824829102, 120.209320068, 28.9721679688], [159.735519409, 6.07125997543, 10.4963912964, 69.7597122192, -22.9010391235, -83.062461853, 24.7104740143, -21.5841636658, -0.629556655884, 8.00182056427, -20.2634849548, 28.9721679688, 103.900779724]],
        "icov": [[0.000827960728202, -0.00184870779049, 0.00114726030733, -0.0004676367098, -1.8708220523e-05, 0.00130987702869, -0.000675298157148, 0.000684388447553, 0.000166906844242, -0.00085914763622, 0.0012571917614, -0.00165964185726, 0.00115417561028], [-0.00184870779049, 0.0081640696153, -0.00329598318785, 0.00245462846942, -0.00039176500286, -0.0019343351014, -0.000309469673084, 0.00189517554827, -0.00556566054001, 0.0076182289049, -0.0087277693674, 0.00903086457402, -0.00495619047433], [0.00114726030733, -0.00329598318785, 0.00295577431098, -0.00152257923037, 0.00119108729996, 0.00161112926435, 0.000220291942242, 8.18219341454e-05, 0.00136994395871, -0.00200115772896, 0.0024480598513, -0.00305392360315, 0.00215904717334], [-0.0004676367098, 0.00245462846942, -0.00152257923037, 0.00231876573525, -0.00101005379111, -0.000269332580501, -0.000618655816652, 0.000151660555275, -0.00126296037342, 0.00106903281994, -0.000501230882946, 0.00113228976261, -0.00159028824419], [-1.8708220523e-05, -0.00039176500286, 0.00119108729996, -0.00101005379111, 0.00538528058678, -0.00106249761302, 0.00327259674668, -0.00125374621712, 0.000317857717164, 0.000300812884234, -0.00158623571042, 0.000396180170355, -0.000532773789018], [0.00130987702869, -0.0019343351014, 0.00161112926435, -0.000269332580501, -0.00106249761302, 0.00372965354472, -0.00207317061722, 0.00115174253006, -0.000283811241388, -0.000379817909561, 0.00193572696298, -0.0024797625374, 0.00269359932281], [-0.000675298157148, -0.000309469673084, 0.000220291942242, -0.000618655816652, 0.00327259674668, -0.00207317061722, 0.00792600307614, -0.00555903324857, 0.00645442074165, -0.00681314431131, 0.00360949104652, -0.00183734775055, -0.00074640836101], [0.000684388447553, 0.00189517554827, 8.18219341454e-05, 0.000151660555275, -0.00125374621712, 0.00115174253006, -0.00555903324857, 0.0112974820659, -0.00988646782935, 0.00909001380205, -0.0078607769683, 0.0059319883585, -0.000906715285964], [0.000166906844242, -0.00556566054001, 0.00136994395871, -0.00126296037342, 0.000317857717164, -0.000283811241388, 0.00645442074165, -0.00988646782935, 0.0233914237469, -0.0194223821163, 0.015971718356, -0.0129170017317, 0.00538680329919], [-0.00085914763622, 0.0076182289049, -0.00200115772896, 0.00106903281994, 0.000300812884234, -0.000379817909561, -0.00681314431131, 0.00909001380205, -0.0194223821163, 0.0276259351522, -0.0162191446871, 0.0144552430138, -0.0058077624999], [0.0012571917614, -0.0087277693674, 0.0024480598513, -0.000501230882946, -0.00158623571042, 0.00193572696298, 0.00360949104652, -0.0078607769683, 0.015971718356, -0.0162191446871, 0.0258403196931, -0.0188582297415, 0.00901683419943], [-0.00165964185726, 0.00903086457402, -0.00305392360315, 0.00113228976261, 0.000396180170355, -0.0024797625374, -0.00183734775055, 0.0059319883585, -0.0129170017317, 0.0144552430138, -0.0188582297415, 0.0247391723096, -0.0104215061292], [0.00115417561028, -0.00495619047433, 0.00215904717334, -0.00159028824419, -0.000532773789018, 0.00269359932281, -0.00074640836101, -0.000906715285964, 0.00538680329919, -0.0058077624999, 0.00901683419943, -0.0104215061292, 0.0161589048803]]
    },
    "melbands": {
        "max": [0.0202613733709, 0.00805615633726, 0.0137881888077, 0.0135340997949, 0.0446077659726, 0.0224575661123, 0.0190022066236, 0.0169901326299, 0.0595527589321, 0.0102130463347, 0.00331198680215, 0.00123816658743, 0.000886743655428, 0.00128955196124, 0.00346721289679, 0.00169696367811, 0.000670786539558, 0.000419291842263, 0.000910121772904, 0.000606031215284, 0.000352558883606, 0.000209606077988, 0.000143629367813, 0.000164201221196, 0.000165047793416, 0.000111177207145, 0.000138370523928, 0.000116281938972, 4.98534645885e-05, 2.58117033809e-05, 4.80514063383e-05, 6.50390720693e-05, 2.10470680031e-05, 5.69983740206e-07, 3.79862790112e-08, 2.58261447783e-08, 3.41044668062e-08, 8.82114647993e-09, 7.42217221017e-09, 6.27498542016e-09],
        "mean": [6.69610235491e-05, 4.81255628983e-05, 7.94284060248e-05, 0.000400298391469, 0.00107117753942, 0.000558051280677, 0.000369703077013, 0.000334600743372, 0.000212568280404, 8.38880077936e-05, 3.07042500935e-05, 1.97925455723e-05, 1.40863076012e-05, 1.26174882098e-05, 2.03110357688e-05, 1.64380198839e-05, 9.68521726463e-06, 6.85763507136e-06, 6.39149266135e-06, 4.66631763629e-06, 4.40582243755e-06, 4.01704119213e-06, 2.58761224359e-06, 2.19090861719e-06, 2.07431344279e-06, 1.5233429167e-06, 7.64583603541e-07, 8.14803797766e-07, 6.80323296365e-07, 4.87407987748e-07, 5.62381785585e-07, 4.45521664005e-07, 1.45522733419e-07, 1.01580308609e-08, 9.81280168233e-10, 7.92102827774e-10, 6.93747392866e-10, 5.29330135279e-10, 3.48531731253e-10, 7.11105965778e-11],
        "min": [1.08153784627e-23, 8.03862199739e-24, 3.23237550573e-24, 1.69042384362e-23, 1.34855803302e-23, 6.27732673228e-24, 8.1325208998e-24, 4.18457578062e-24, 8.59082857535e-24, 8.03288145658e-24, 9.81402209549e-24, 8.03510919978e-24, 6.25027945285e-24, 1.01879603084e-23, 7.25303170948e-24, 5.00662288083e-24, 5.03836546036e-24, 6.36698590175e-24, 7.10067269197e-24, 7.91116495207e-24, 6.32837510475e-24, 8.61217357372e-24, 9.79115696215e-24, 5.29401476936e-24, 6.62606793898e-24, 1.21281857929e-23, 7.64500486037e-24, 1.19318201698e-23, 1.10780391675e-23, 4.82835254359e-24, 8.97871463789e-24, 6.6834078716e-24, 8.0186393618e-24, 9.52617700637e-24, 5.95223242007e-24, 7.08045892013e-24, 9.33144826963e-24, 1.08548712062e-23, 6.44926764404e-24, 7.15160234087e-24],
        "stdev": [0.000778378045652, 0.000422574259574, 0.000418864772655, 0.000944928440731, 0.00383227225393, 0.00160052930005, 0.00129160680808, 0.00121430936269, 0.00186056073289, 0.000602619838901, 0.000166817422723, 7.55500805099e-05, 5.92920041527e-05, 6.7259905336e-05, 0.00013631155889, 8.79536892171e-05, 4.39792929683e-05, 2.98290688079e-05, 3.68548571714e-05, 2.63836827799e-05, 1.72981563082e-05, 1.45832291309e-05, 9.5773175417e-06, 8.71622250997e-06, 8.68904044182e-06, 6.12391204413e-06, 5.03785304318e-06, 4.25844518759e-06, 2.82216592495e-06, 2.03055969905e-06, 2.85837654701e-06, 2.75708680419e-06, 9.5580355719e-07, 4.83436970455e-08, 1.52653978347e-09, 9.93370274927e-10, 1.07521902493e-09, 4.00462746297e-10, 2.73876754608e-10, 1.81236678443e-10]
    },
    "melbands128": {
        "max": [0.00417014537379, 0.017751570791, 0.0317586064339, 0.0184617321938, 0.00745935738087, 0.00488418247551, 0.0155585566536, 0.0182958245277, 0.00971061456949, 0.015917988494, 0.0284350551665, 0.0404714010656, 0.0802531018853, 0.0637859553099, 0.0416182875633, 0.020397150889, 0.023798674345, 0.0252340883017, 0.041405018419, 0.0129943285137, 0.0342707820237, 0.0795059502125, 0.0912253037095, 0.0193454604596, 0.0234774909914, 0.0146293481812, 0.00500343088061, 0.00540405511856, 0.000867364229634, 0.00189527752809, 0.0015416899696, 0.00253254082054, 0.0011955088703, 0.00187317200471, 0.000410057517001, 0.0026560544502, 0.00468252133578, 0.00405346695334, 0.00528466887772, 0.00392598565668, 0.00160959979985, 0.000642184808385, 0.0011777515756, 0.000633838120848, 0.000889798335265, 0.000656367687043, 0.000578187755309, 0.000936869590078, 0.00180458405521, 0.00113641552161, 0.000778755289502, 0.000407931482187, 0.000447505008196, 0.000592490192503, 0.000347526278347, 0.000231860365602, 0.000282144872472, 0.000163445467479, 0.000219285633648, 0.000192275721929, 0.000241880654357, 0.000149883970153, 0.000322607520502, 0.000131280467031, 0.000195361790247, 0.00017743553326, 7.68180907471e-05, 0.000111379224109, 0.000227863303735, 9.52117625275e-05, 0.000169004575582, 9.96088783722e-05, 6.26356413704e-05, 5.48566822545e-05, 7.56011722842e-05, 2.71040280495e-05, 3.95686911361e-05, 5.44283502677e-05, 4.48507053079e-05, 8.97856807569e-05, 9.44001658354e-05, 3.33814386977e-05, 3.85804196412e-05, 2.57433330262e-05, 3.05136063616e-06, 6.12082203588e-07, 1.46692272551e-07, 1.04601369344e-07, 1.29147332828e-08, 1.11327924657e-08, 2.63184158911e-08, 2.4606800153e-08, 3.15836956588e-08, 5.68466660411e-08, 2.00424459251e-08, 9.11604391973e-09, 8.61473559155e-09, 8.51498871413e-09, 7.30371052526e-09, 7.20961423895e-09, 6.43901687525e-09, 6.15184125863e-09, 5.96754290427e-09, 5.73662095604e-09, 5.50433343349e-09, 5.25801535645e-09, 5.00783503554e-09, 4.86305751224e-09, 4.62722971051e-09, 4.44727854543e-09, 4.25261426074e-09, 4.12916678627e-09, 3.95671451159e-09, 3.79735975997e-09, 3.67881547447e-09, 3.54326479268e-09, 3.44798412044e-09, 3.33489036386e-09, 3.24421955966e-09, 3.20873150272e-09, 3.14074966035e-09, 3.00662295061e-09, 2.97845725861e-09, 2.94019497638e-09, 2.86787682491e-09, 2.83816925517e-09, 2.82024048559e-09, 2.80569145694e-09],
        "mean": [2.22843627853e-05, 4.9387504987e-05, 9.3018366897e-05, 8.78213759279e-05, 3.93550071749e-05, 2.2491427444e-05, 3.71128771803e-05, 6.71339439577e-05, 0.000166089681443, 0.000376747979317, 0.00051034236094, 0.000885033514351, 0.00152366969269, 0.000943785475101, 0.000497287837788, 0.000351519614924, 0.00034545690869, 0.00036928668851, 0.000431639200542, 0.000299009872833, 0.000331661431119, 0.000302013446344, 0.000200145412236, 0.000115332302812, 0.000108856263978, 6.30857175565e-05, 4.04895981774e-05, 3.28640235239e-05, 1.48331482706e-05, 1.9318817067e-05, 2.27940436162e-05, 1.84092423297e-05, 1.45971016536e-05, 1.09776528916e-05, 6.5752028604e-06, 1.56929854711e-05, 1.7832575395e-05, 2.03390663955e-05, 2.19262747123e-05, 2.08997207665e-05, 1.53698292706e-05, 8.85436384124e-06, 1.15819593702e-05, 8.72349392012e-06, 7.17111151971e-06, 6.35415153738e-06, 7.09518553776e-06, 6.21479466645e-06, 6.75985666021e-06, 4.72172814625e-06, 4.61355466541e-06, 4.21365848524e-06, 4.08264804719e-06, 4.56345060229e-06, 4.97119617648e-06, 3.96714585804e-06, 3.50526897819e-06, 2.33201330957e-06, 2.58995669355e-06, 2.29957549891e-06, 2.18916693484e-06, 1.97298004423e-06, 2.28742101172e-06, 1.95884490495e-06, 2.03843114832e-06, 1.84371822343e-06, 9.54308916334e-07, 7.0677867825e-07, 7.54281813897e-07, 7.83082271028e-07, 8.28806776099e-07, 8.44630051233e-07, 7.62862498505e-07, 6.54027587643e-07, 5.87608894875e-07, 4.47740916343e-07, 4.42622649643e-07, 5.61699778245e-07, 5.75283991111e-07, 5.84322208397e-07, 5.22243396972e-07, 3.76765825649e-07, 2.69442097078e-07, 1.29763549239e-07, 3.86524412477e-08, 9.85321335634e-09, 3.02092639792e-09, 1.16171827713e-09, 8.66001825806e-10, 8.18718648432e-10, 8.17042378198e-10, 7.82186704296e-10, 7.50147222117e-10, 7.33245020257e-10, 6.30004048929e-10, 5.81564907343e-10, 5.16230724834e-10, 4.44073250394e-10, 3.82008230604e-10, 3.12636222466e-10, 1.35735478413e-10, 1.16693538513e-11, 9.79194156314e-12, 8.8627490763e-12, 8.44293471941e-12, 8.22085195057e-12, 7.9735254857e-12, 7.89837553e-12, 7.41706175644e-12, 7.14952923253e-12, 6.93514993697e-12, 6.78982000832e-12, 6.52241975707e-12, 6.30810898308e-12, 6.15164516549e-12, 6.02734485586e-12, 5.86505410211e-12, 5.66573263999e-12, 5.55012893283e-12, 5.4310197832e-12, 5.30916239791e-12, 5.15745866153e-12, 5.12255212207e-12, 4.99496841458e-12, 4.55195039648e-12, 3.88571379933e-12, 3.66196135915e-12, 3.62058516848e-12],
        "min": [1.07906247964e-23, 1.87879609695e-23, 6.07587177304e-24, 4.39725465282e-24, 7.02499253217e-24, 6.09624686693e-24, 3.53174644432e-24, 2.6358919401e-24, 1.76782151138e-24, 1.06092767183e-23, 1.977130922e-23, 2.36464180229e-23, 7.57315067596e-24, 7.85823632964e-24, 4.45196491761e-24, 5.95095328211e-24, 9.93117188422e-24, 1.08166327516e-23, 3.37825896129e-24, 1.68659053182e-24, 4.69720717911e-24, 1.03871610976e-23, 3.97436643748e-24, 2.69821550148e-24, 7.1251037142e-24, 5.33233526556e-24, 6.17638409085e-24, 1.63372131061e-23, 6.54058263255e-24, 1.67204078128e-24, 7.9506995052e-24, 3.54364010019e-24, 5.66218522573e-24, 6.67650928298e-24, 1.1078410721e-23, 4.29899453289e-24, 1.05084602947e-23, 6.15825251737e-24, 6.82074934406e-24, 4.68905193508e-24, 4.59589732293e-24, 3.69400014417e-24, 8.72670276653e-24, 2.95126078063e-24, 1.18107130603e-24, 4.67523858619e-24, 1.08460517413e-23, 3.70493415075e-24, 5.75779082871e-24, 5.79970537518e-24, 1.04021044897e-23, 5.6230533861e-24, 6.18167300878e-24, 4.68168594637e-24, 1.13299540089e-23, 6.30496644624e-24, 7.90292135561e-24, 8.28246600294e-24, 8.64922479272e-24, 5.58505158971e-24, 3.22516748642e-24, 4.13654913985e-24, 6.31345498401e-24, 4.59341162222e-24, 7.0817873619e-24, 1.41431211382e-23, 9.48171049486e-24, 5.55888941222e-24, 5.22019237699e-24, 6.63789848597e-24, 6.58121646335e-24, 1.36983298054e-23, 1.62613341533e-23, 6.61744135055e-24, 5.72223883986e-24, 3.98745087889e-24, 2.74778870406e-24, 9.42028268503e-24, 1.06890873539e-23, 6.85436822925e-24, 3.85150253478e-24, 8.41771936059e-24, 5.50141064008e-24, 7.56384448386e-24, 7.79213215236e-24, 8.14879746686e-24, 8.67844104521e-24, 7.64939960448e-24, 6.11539804312e-24, 4.63164613257e-24, 5.20779503344e-24, 7.83746088884e-24, 7.94599947193e-24, 8.84356146558e-24, 9.49489393831e-24, 6.11171721814e-24, 1.01332228279e-23, 5.20425423126e-24, 6.10386529112e-24, 5.72109025838e-24, 9.15954364547e-24, 6.54313065328e-24, 5.05786728523e-24, 5.76327577858e-24, 8.88195295926e-24, 9.99452845896e-24, 6.69951877786e-24, 8.73361476578e-24, 7.92190292671e-24, 7.8433031927e-24, 6.90857322864e-24, 8.59239919741e-24, 9.03901122118e-24, 6.95593643738e-24, 8.9412334897e-24, 1.00875454149e-23, 7.03801504799e-24, 7.77586505164e-24, 1.01489274708e-23, 7.54281345213e-24, 7.53112568896e-24, 9.43740727756e-24, 8.30513944308e-24, 9.96952630143e-24, 1.06699929756e-23, 9.69296981186e-24, 6.58514775167e-24, 1.05538789613e-23],
        "stdev": [0.000198879759409, 0.000725420599338, 0.00115705444477, 0.000868244678713, 0.000339181191521, 0.000179489245056, 0.000451343861641, 0.000539426459, 0.000522113230545, 0.00119299336802, 0.00153727608267, 0.0029804406222, 0.00674199033529, 0.00409172801301, 0.0018858127296, 0.00124273984693, 0.00159880321007, 0.00164163636509, 0.00213712337427, 0.00113350898027, 0.00183244957589, 0.00265790242702, 0.00272822193801, 0.00102693983354, 0.00110533239786, 0.000628184294328, 0.000289829360554, 0.000229126337217, 6.59393554088e-05, 9.94903675746e-05, 0.000105680650449, 0.000112384928798, 7.2413480666e-05, 8.12180514913e-05, 2.72917077382e-05, 0.000104459817521, 0.000155962799909, 0.00015155460278, 0.000188012374565, 0.000152048276505, 9.29903253564e-05, 4.39485884272e-05, 6.20293139946e-05, 4.39406576334e-05, 4.20060059696e-05, 3.66594686056e-05, 3.6996210838e-05, 4.1969724407e-05, 6.14711461822e-05, 3.92453366658e-05, 3.35584663844e-05, 2.04245661735e-05, 1.91920553334e-05, 2.2291105779e-05, 1.99459191208e-05, 1.60433301062e-05, 1.6391997633e-05, 9.01177099877e-06, 1.39886897159e-05, 1.18259385999e-05, 1.12281122711e-05, 8.55385769682e-06, 1.35611817313e-05, 8.68284951139e-06, 9.79194101092e-06, 8.87151145434e-06, 3.78081904273e-06, 4.71358043796e-06, 7.08589095666e-06, 4.61180025013e-06, 5.49037440578e-06, 4.70848772238e-06, 3.66791005035e-06, 3.18170509672e-06, 3.17566559715e-06, 1.88672493096e-06, 2.24570953833e-06, 3.24281268149e-06, 3.05121625388e-06, 3.63586696039e-06, 3.63176627616e-06, 2.23375195674e-06, 1.86825161563e-06, 1.00668319192e-06, 2.23746127404e-07, 4.51206148e-08, 1.08177431457e-08, 3.46240836002e-09, 1.12096387728e-09, 9.75364233824e-10, 1.14157727715e-09, 1.02041164407e-09, 1.11221265531e-09, 1.70623493112e-09, 7.41287753403e-10, 5.23019461074e-10, 4.31546659518e-10, 3.7794051222e-10, 3.20690612954e-10, 2.89075235971e-10, 2.07227277005e-10, 1.74580933043e-10, 1.68873026674e-10, 1.62295329953e-10, 1.55724405593e-10, 1.48752107854e-10, 1.41673214826e-10, 1.37569761138e-10, 1.30900665307e-10, 1.25808224949e-10, 1.2030131058e-10, 1.16804607653e-10, 1.11927300761e-10, 1.07420017326e-10, 1.04063604955e-10, 1.0022932484e-10, 9.75319131014e-11, 9.43328193337e-11, 9.17659767619e-11, 9.07604616462e-11, 8.88377843511e-11, 8.50463588442e-11, 8.42471092888e-11, 8.31649193955e-11, 8.11309353033e-11, 8.03075869693e-11, 7.98054677897e-11, 7.9394331387e-11]
    },
    "mfcc": {
        "mean": [-859.530883789, 174.855377197, -34.6833724976, 41.4261398315, -9.89522075653, -3.21227145195, -11.6313066483, -12.7015380859, -7.81136322021, -9.99319553375, -4.40347480774, -0.157524883747, -7.19021272659],
        "cov": [[8200.73925781, 2645.56787109, -1785.56750488, 481.360595703, -860.637695312, -941.432617188, -678.476074219, -764.78314209, -558.229125977, -370.462341309, -88.3080062866, -79.0523147583, -183.829681396], [2645.56787109, 1844.82324219, -358.604431152, -440.131896973, -66.942199707, -515.676330566, -252.153305054, -258.964935303, -477.790130615, -141.523162842, -150.880386353, 21.85638237, -35.6828079224], [-1785.56750488, -358.604431152, 1283.26782227, 441.244537354, -80.0446472168, 83.5800552368, 38.3892860413, 19.1802349091, 138.400802612, 23.7012271881, -16.9680366516, 28.6932888031, 20.1553554535], [481.360595703, -440.131896973, 441.244537354, 1237.28430176, -204.344360352, -109.300041199, -141.263137817, -173.411254883, 173.55581665, -70.7428359985, 25.5469837189, -41.5419960022, -76.6595611572], [-860.637695312, -66.942199707, -80.0446472168, -204.344360352, 701.056396484, 90.939781189, -53.6574554443, 134.224899292, -133.253799438, -10.4383735657, -44.8904418945, -10.104227066, 45.4363479614], [-941.432617188, -515.676330566, 83.5800552368, -109.300041199, 90.939781189, 444.536773682, 133.55682373, 92.0940475464, 167.543716431, 33.0371170044, 63.4970932007, -17.1375827789, 45.6418647766], [-678.476074219, -252.153305054, 38.3892860413, -141.263137817, -53.6574554443, 133.55682373, 311.959594727, 143.453262329, 62.4210624695, 83.3050308228, 25.7481365204, 6.21998310089, -0.213613733649], [-764.78314209, -258.964935303, 19.1802349091, -173.411254883, 134.224899292, 92.0940475464, 143.453262329, 244.974197388, 51.3744010925, 33.2317390442, 43.9273681641, 8.6837387085, 49.6287384033], [-558.229125977, -477.790130615, 138.400802612, 173.55581665, -133.253799438, 167.543716431, 62.4210624695, 51.3744010925, 337.829467773, 102.228630066, 42.1861877441, 39.2131614685, -11.5908336639], [-370.462341309, -141.523162842, 23.7012271881, -70.7428359985, -10.4383735657, 33.0371170044, 83.3050308228, 33.2317390442, 102.228630066, 157.733291626, 37.3195762634, 20.6141014099, -2.69643712044], [-88.3080062866, -150.880386353, -16.9680366516, 25.5469837189, -44.8904418945, 63.4970932007, 25.7481365204, 43.9273681641, 42.1861877441, 37.3195762634, 132.117828369, 31.4163761139, 22.8670444489], [-79.0523147583, 21.85638237, 28.6932888031, -41.5419960022, -10.104227066, -17.1375827789, 6.21998310089, 8.6837387085, 39.2131614685, 20.6141014099, 31.4163761139, 126.496696472, 26.9734096527], [-183.829681396, -35.6828079224, 20.1553554535, -76.6595611572, 45.4363479614, 45.6418647766, -0.213613733649, 49.6287384033, -11.5908336639, -2.69643712044, 22.8670444489, 26.9734096527, 100.246681213]],
        "icov": [[0.00569359213114, -0.00843981187791, 0.00886975973845, -0.00855652429163, 0.0080931680277, -0.00648708455265, 0.00697623565793, -0.00529109407216, 0.0052458839491, -0.0038352268748, 0.00287405238487, -0.00203670165502, 0.0014254845446], [-0.00843981187791, 0.0141172660515, -0.0131592685357, 0.0134590156376, -0.0117342155427, 0.0107631385326, -0.00999495852739, 0.00894558150321, -0.00671767815948, 0.00611818069592, -0.00384711148217, 0.00254972791299, -0.0019661905244], [0.00886975973845, -0.0131592685357, 0.0149154393002, -0.014104523696, 0.0131844868883, -0.0111274244264, 0.0114956982434, -0.0094787478447, 0.00921909883618, -0.00721623236313, 0.0059911524877, -0.00421569915488, 0.0022434561979], [-0.00855652429163, 0.0134590156376, -0.014104523696, 0.0154846934602, -0.013479039073, 0.0130313662812, -0.012219902128, 0.0120189627632, -0.0113665340468, 0.00972998980433, -0.00754694174975, 0.00549250561744, -0.00283178198151], [0.0080931680277, -0.0117342155427, 0.0131844868883, -0.013479039073, 0.0159715972841, -0.0134551869705, 0.0147000038996, -0.0137376310304, 0.0135903926566, -0.0106542203575, 0.00934705510736, -0.00637233210728, 0.00429250299931], [-0.00648708455265, 0.0107631385326, -0.0111274244264, 0.0130313662812, -0.0134551869705, 0.0175528302789, -0.0145235862583, 0.0148091726005, -0.0149844093248, 0.0129989394918, -0.0109062409028, 0.00846761744469, -0.0062914211303], [0.00697623565793, -0.00999495852739, 0.0114956982434, -0.012219902128, 0.0147000038996, -0.0145235862583, 0.019787190482, -0.0167767237872, 0.0147905731574, -0.0136625170708, 0.010538270697, -0.00758657278493, 0.00685682473704], [-0.00529109407216, 0.00894558150321, -0.0094787478447, 0.0120189627632, -0.0137376310304, 0.0148091726005, -0.0167767237872, 0.0230383742601, -0.0155697623268, 0.0142222037539, -0.0127540044487, 0.0088360644877, -0.00826491322368], [0.0052458839491, -0.00671767815948, 0.00921909883618, -0.0113665340468, 0.0135903926566, -0.0149844093248, 0.0147905731574, -0.0155697623268, 0.0213834065944, -0.0159398131073, 0.0122829442844, -0.010600428097, 0.00717916386202], [-0.0038352268748, 0.00611818069592, -0.00721623236313, 0.00972998980433, -0.0106542203575, 0.0129989394918, -0.0136625170708, 0.0142222037539, -0.0159398131073, 0.0212220698595, -0.012202013284, 0.00748349446803, -0.00462549831718], [0.00287405238487, -0.00384711148217, 0.0059911524877, -0.00754694174975, 0.00934705510736, -0.0109062409028, 0.010538270697, -0.0127540044487, 0.0122829442844, -0.012202013284, 0.0190417971462, -0.00897085852921, 0.00315297581255], [-0.00203670165502, 0.00254972791299, -0.00421569915488, 0.00549250561744, -0.00637233210728, 0.00846761744469, -0.00758657278493, 0.0088360644877, -0.010600428097, 0.00748349446803, -0.00897085852921, 0.0149605460465, -0.00614062650129], [0.0014254845446, -0.0019661905244, 0.0022434561979, -0.00283178198151, 0.00429250299931, -0.0062914211303, 0.00685682473704, -0.00826491322368, 0.00717916386202, -0.00462549831718, 0.00315297581255, -0.00614062650129, 0.0159368794411]]
    },
    "spectral_contrast_coeffs": {
        "max": [-0.254584848881, -0.358378320932, -0.441183298826, -0.551442027092, -0.483292430639, -0.314920336008],
        "mean": [-0.661694407463, -0.755499780178, -0.823734879494, -0.832477271557, -0.798419892788, -0.718807399273],
        "min": [-0.968469619751, -0.958804130554, -0.959982931614, -0.968882322311, -0.967196106911, -0.962287127972],
        "stdev": [0.153248816729, 0.121909886599, 0.0789522454143, 0.0608466826379, 0.0720985084772, 0.0845674350858]
    },
    "spectral_contrast_valleys": {
        "max": [-4.97321224213, -5.03298377991, -6.22761392593, -6.16008377075, -5.67904520035, -10.018954277],
        "mean": [-8.72441387177, -8.13716888428, -8.95603942871, -9.11254310608, -9.48631095886, -13.8365001678],
        "min": [-27.4301013947, -27.1447200775, -27.5481109619, -27.5467262268, -27.3395767212, -27.1952133179],
        "stdev": [1.14071679115, 1.4227296114, 1.35525262356, 1.36747229099, 1.17384409904, 0.67556399107]
    }
},
"rhythm": {
    "beats_count": 47,
    "beats_loudness": {
        "max": 0.0913616195321,
        "mean": 0.0193130224943,
        "min": 4.48314085588e-06,
        "stdev": 0.0219842065126
    },
    "bpm": 99.645690918,
    "bpm_histogram_first_peak_bpm": 99,
    "bpm_histogram_first_peak_weight": 0.464285731316,
    "bpm_histogram_second_peak_bpm": 105,
    "bpm_histogram_second_peak_spread": 0.181818187237,
    "bpm_histogram_second_peak_weight": 0.195652171969,
    "danceability": 1.20527589321,
    "onset_rate": 3.86029410362,
    "beats_loudness_band_ratio": {
        "max": [0.789973676205, 0.985673546791, 0.807392537594, 0.688592731953, 0.462828695774, 0.865987896919],
        "mean": [0.106779441237, 0.389666825533, 0.304835319519, 0.133401200175, 0.0708482787013, 0.0307915583253],
        "min": [0.00156702741515, 0.0267212875187, 0.00335827842355, 0.000409118249081, 0.00134572945535, 0.000158427850693],
        "stdev": [0.177687823772, 0.303201764822, 0.261961579323, 0.176053240895, 0.111688815057, 0.124099619687]
    },
    "beats_position": [0.568888902664, 1.14938771725, 1.70666658878, 2.26394557953, 2.83283448219, 3.45977306366, 4.07510185242, 4.74848079681, 5.42185926437, 6.07201814651, 6.71056699753, 7.36072540283, 7.95283412933, 8.54494285583, 9.14866161346, 9.74077033997, 10.3444900513, 10.95981884, 11.5635375977, 12.202085495, 12.840634346, 13.4443531036, 14.0480718613, 14.6517915726, 15.2555103302, 15.8243989944, 16.4165077209, 16.9853973389, 17.5542850494, 18.1231746674, 18.6920623779, 19.2609519958, 19.8414516449, 20.4335594177, 21.0140590668, 21.5945568085, 22.1750564575, 22.7439460754, 23.312833786, 23.9165534973, 24.5202713013, 25.1356010437, 25.7509288788, 26.3778686523, 27.0048065186, 27.620136261, 28.2354640961],
