{
"metadata": {
    "version": {
        "essentia": "2.1-beta5",
        "essentia_git_sha": "Undefined",
        "extractor": "music 2.0"
    },
    "audio_properties": {
        "analysis": {
            "equal_loudness": 0,
            "length": 12.7477550507,
            "sample_rate": 44100,
            "start_time": 0,
            "downmix": "mix"
        },
        "bit_rate": 192000,
        "length": 118.607543945,
        "lossless": 0,
        "number_channels": 2,
        "replay_gain": -2.69257926941,
        "sample_rate": 48000,
        "codec": "mp3",
        "md5_encoded": "1fe335e92e62909eb56ef85ebc2c8a5e"
    },
    "tags": {
        "file_name": "Monaco_Bien Plus Fort_Tereza.mp3",
        "encoding": ["Lavf58.29.100"]
    }
},
"lowlevel": {
    "average_loudness": 0.470552623272,
    "barkbands_crest": {
        "max": 22.2922840118,
        "mean": 10.7947874069,
        "min": 3.81877994537,
        "stdev": 3.63402628899
    },
    "barkbands_flatness_db": {
        "max": 0.403421938419,
        "mean": 0.205367028713,
        "min": 0.0645771846175,
        "stdev": 0.0771621465683
    },
    "barkbands_kurtosis": {
        "max": 217.84954834,
        "mean": 15.1009941101,
        "min": -1.10073256493,
        "stdev": 23.116186142
    },
    "barkbands_skewness": {
        "max": 11.5232696533,
        "mean": 2.59448456764,
        "min": -1.39919769764,
        "stdev": 1.53108096123
    },
    "barkbands_spread": {
        "max": 42.8300476074,
        "mean": 11.47681427,
        "min": 0.678370773792,
        "stdev": 8.71544361115
    },
    "dissonance": {
        "max": 0.498477578163,
        "mean": 0.450804620981,
        "min": 0.336813211441,
        "stdev": 0.0323943868279
    },
    "dynamic_complexity": 11.7513179779,
    "erbbands_crest": {
        "max": 23.7587471008,
        "mean": 10.0508480072,
        "min": 2.2756023407,
        "stdev": 4.80148601532
    },
    "erbbands_flatness_db": {
        "max": 0.37253126502,
        "mean": 0.192073076963,
        "min": 0.0763202533126,
        "stdev": 0.0630930289626
    },
    "erbbands_kurtosis": {
        "max": 36.1873779297,
        "mean": 2.86167430878,
        "min": -1.44650387764,
        "stdev": 5.07652616501
    },
    "erbbands_skewness": {
        "max": 5.50972938538,
        "mean": 1.21358811855,
        "min": -3.293166399,
        "stdev": 1.03775000572
    },
    "erbbands_spread": {
        "max": 97.4552230835,
        "mean": 34.8373260498,
        "min": 3.52975344658,
        "stdev": 22.3846759796
    },
    "hfc": {
        "max": 115.210639954,
        "mean": 6.48881864548,
        "min": 4.26295991929e-05,
        "stdev": 14.0385093689
    },
    "loudness_ebu128": {
        "integrated": -22.926782608,
        "loudness_range": 11.8460521698,
        "momentary": {
            "max": -16.6449623108,
            "mean": -32.9430656433,
            "min": -60.7446136475,
            "stdev": 14.264998436
        },
        "short_term": {
            "max": -21.3865337372,
            "mean": -27.4602146149,
            "min": -55.4065551758,
            "stdev": 7.99595785141
        }
    },
    "melbands_crest": {
        "max": 27.6886138916,
        "mean": 15.713716507,
        "min": 4.28393793106,
        "stdev": 4.44495153427
    },
    "melbands_flatness_db": {
        "max": 0.502647995949,
        "mean": 0.260286182165,
        "min": 0.12024653703,
        "stdev": 0.0879277661443
    },
    "melbands_kurtosis": {
        "max": 418.772003174,
        "mean": 30.2981719971,
        "min": -1.8514868021,
        "stdev": 47.3846817017
    },
    "melbands_skewness": {
        "max": 14.6371355057,
        "mean": 3.40744256973,
        "min": -0.426895022392,
        "stdev": 2.06929636002
    },
    "melbands_spread": {
        "max": 60.0899620056,
        "mean": 10.4953536987,
        "min": 0.582990705967,
        "stdev": 7.91402006149
    },
    "pitch_salience": {
        "max": 0.863179266453,
        "mean": 0.564637720585,
        "min": 0.19575689733,
        "stdev": 0.109266653657
    },
    "silence_rate_20dB": {
        "max": 1,
        "mean": 1,
        "min": 1,
        "stdev": 0
    },
    "silence_rate_30dB": {
        "max": 1,
        "mean": 0.983636379242,
        "min": 0,
        "stdev": 0.126869976521
    },
    "silence_rate_60dB": {
        "max": 1,
        "mean": 0.405454546213,
        "min": 0,
        "stdev": 0.490978956223
    },
    "spectral_centroid": {
        "max": 2238.23803711,
        "mean": 756.98449707,
        "min": 163.483825684,
        "stdev": 471.679595947
    },
    "spectral_complexity": {
        "max": 27,
        "mean": 6.80181837082,
        "min": 0,
        "stdev": 5.62160778046
    },
    "spectral_decrease": {
        "max": -2.03457771328e-14,
        "mean": -3.77195741308e-09,
        "min": -4.73407624213e-08,
        "stdev": 5.95763616218e-09
    },
    "spectral_energy": {
        "max": 0.181441828609,
        "mean": 0.0148247871548,
        "min": 8.06561928357e-08,
        "stdev": 0.0233925748616
    },
    "spectral_energyband_high": {
        "max": 0.00326985516585,
        "mean": 8.54086902109e-05,
        "min": 1.90166615788e-09,
        "stdev": 0.000261495966697
    },
    "spectral_energyband_low": {
        "max": 0.144808501005,
        "mean": 0.00607538595796,
        "min": 1.49559582496e-08,
        "stdev": 0.0142518104985
    },
    "spectral_energyband_middle_high": {
        "max": 0.0293594356626,
        "mean": 0.00121275964193,
        "min": 2.2777757458e-09,
        "stdev": 0.00337423011661
    },
    "spectral_energyband_middle_low": {
        "max": 0.0965515598655,
        "mean": 0.0102595929056,
        "min": 6.66686261752e-08,
        "stdev": 0.0157481636852
    },
    "spectral_entropy": {
        "max": 8.2965593338,
        "mean": 7.16693115234,
        "min": 5.34601640701,
        "stdev": 0.680070519447
    },
    "spectral_flux": {
        "max": 0.285387665033,
        "mean": 0.0420504324138,
        "min": 0.000284000328975,
        "stdev": 0.046159312129
    },
    "spectral_kurtosis": {
        "max": 44.3793830872,
        "mean": 6.78584337234,
        "min": 0.454941272736,
        "stdev": 7.95055246353
    },
    "spectral_rms": {
        "max": 0.0133047522977,
        "mean": 0.00282552582212,
        "min": 8.87068017619e-06,
        "stdev": 0.00254551088437
    },
    "spectral_rolloff": {
        "max": 3445.3125,
        "mean": 613.774230957,
        "min": 150.732421875,
        "stdev": 491.337554932
    },
    "spectral_skewness": {
        "max": 5.10230207443,
        "mean": 1.89863300323,
        "min": 0.48149728775,
        "stdev": 0.909000813961
    },
    "spectral_spread": {
        "max": 10337609,
        "mean": 4257981,
        "min": 1034692.0625,
        "stdev": 1436441.875
    },
    "spectral_strongpeak": {
        "max": 9.48490047455,
        "mean": 0.641342639923,
        "min": 0,
        "stdev": 1.07674944401
    },
    "zerocrossingrate": {
        "max": 0.16845703125,
        "mean": 0.036757811904,
        "min": 0.005859375,
        "stdev": 0.0218585282564
    },
    "barkbands": {
        "max": [6.65743937134e-05, 0.0128135699779, 0.0878531336784, 0.0784611105919, 0.0262865517288, 0.00793261639774, 0.0253031309694, 0.00885901879519, 0.0799196511507, 0.0192322973162, 0.0133827561513, 0.0207169968635, 0.00217562052421, 0.000722363067325, 0.0012865687022, 0.00271983188577, 0.000996113405563, 0.00182523077819, 0.00571374408901, 0.00553742796183, 0.000838946085423, 0.000129799664137, 0.000335437973263, 6.92721150699e-05, 2.56041766988e-05, 1.31888606703e-08, 9.90840742787e-09],
        "mean": [7.13675035513e-06, 0.000608300091699, 0.00268976483494, 0.00365800596774, 0.00159815547522, 0.000903273292352, 0.0015733463224, 0.000639342761133, 0.00169477390591, 0.000346625660313, 0.000297382939607, 0.000267962372163, 5.60347543797e-05, 2.99615003314e-05, 4.8644720664e-05, 3.0762708775e-05, 2.16756197915e-05, 3.26568842866e-05, 0.000145336496644, 0.000125473015942, 1.53183646034e-05, 1.16674418678e-05, 1.42458893606e-05, 7.22536560716e-06, 1.72614488747e-06, 6.28562535354e-10, 6.52318976613e-10],
        "min": [1.81303572155e-09, 2.12299333668e-09, 5.93141624705e-09, 1.33629844967e-08, 1.8608364627e-08, 5.03518116091e-09, 1.11975904105e-08, 1.77032422055e-09, 1.30347788119e-09, 2.71994482492e-10, 1.19171963964e-10, 2.47021403332e-10, 4.26869962988e-11, 7.90357501668e-11, 2.25585036762e-10, 2.21174162318e-10, 5.25453014433e-10, 4.20496415465e-10, 1.10792937325e-10, 2.07017639142e-10, 1.63501837069e-10, 2.88409462978e-10, 3.03638419963e-10, 2.90014012805e-10, 5.94806037757e-10, 5.09577866015e-11, 6.09786179884e-11],
        "stdev": [1.02212179627e-05, 0.00155058910605, 0.00768462056294, 0.0083580929786, 0.00338588492014, 0.00145720073488, 0.00316947209649, 0.00124560866971, 0.00797580834478, 0.00149369530845, 0.00140799279325, 0.00150580971967, 0.000130661414005, 6.25889952062e-05, 0.000108698535769, 0.000165082587046, 8.26792020234e-05, 0.000111201989057, 0.000621539133135, 0.000589414441492, 5.54280923097e-05, 1.79384605872e-05, 3.54220283043e-05, 1.13345740829e-05, 2.82520704786e-06, 1.22853427431e-09, 1.21146881416e-09]
    },
    "erbbands": {
        "max": [0.113736927509, 3.56138324738, 52.6696281433, 243.255111694, 127.504074097, 91.2487792969, 105.424545288, 87.114440918, 353.66116333, 143.560516357, 452.284332275, 1589.14746094, 2365.21850586, 288.089599609, 767.392456055, 504.813781738, 81.7880020142, 71.5079345703, 78.9654006958, 94.9942398071, 147.378112793, 73.5446166992, 87.8439025879, 222.728408813, 248.069412231, 228.346603394, 80.649848938, 5.4010386467, 4.00177192688, 5.94772148132, 11.5540342331, 2.91035985947, 0.954453766346, 0.47961589694, 0.126158833504, 0.00306299561635, 0.000155208152137, 3.49140937033e-05, 8.13607985037e-05, 0.000197639470571],
        "mean": [0.00687332451344, 0.192380726337, 1.90624177456, 10.8291406631, 6.82338809967, 4.81647109985, 4.47273159027, 9.23800373077, 24.1109199524, 14.2538776398, 16.5733947754, 35.4363059998, 26.3414497375, 10.2228393555, 14.7196750641, 8.50785923004, 2.79642677307, 2.01280403137, 2.89398097992, 1.36952793598, 1.63861382008, 1.32024610043, 1.6756991148, 6.06352758408, 7.23379898071, 5.25000572205, 1.32053315639, 0.377653241158, 0.406634688377, 0.379968494177, 0.437401086092, 0.2083953619, 0.094680339098, 0.0333255082369, 0.00563753023744, 0.000158495764481, 1.45352278196e-05, 2.70479586106e-06, 7.5548505265e-06, 1.68159112945e-05],
        "min": [6.69571136314e-08, 5.42929228686e-07, 5.09509254698e-06, 2.83621902781e-05, 5.91395910305e-05, 5.03568880958e-05, 7.62764757383e-05, 6.56712145428e-05, 0.000172024650965, 0.000124668207718, 9.53850030783e-05, 2.93880239042e-05, 1.0442515304e-05, 6.13282008999e-06, 6.86177781972e-06, 7.97110260464e-06, 2.21771256292e-06, 2.5589777124e-06, 1.18262842079e-05, 1.24022108139e-05, 1.14315653263e-05, 2.86094309558e-05, 2.39494784182e-05, 1.21026314446e-05, 6.64732760924e-06, 7.03458908902e-06, 8.15315797809e-06, 9.18162822927e-06, 1.14201375254e-05, 1.13977739602e-05, 6.26121936875e-06, 4.36755317423e-06, 6.56532711218e-06, 4.50035895483e-06, 5.50009781364e-06, 3.09003894472e-07, 1.01791549412e-07, 5.90169335624e-08, 9.83963399648e-09, 5.83215420402e-10],
        "stdev": [0.0146101024002, 0.438606798649, 4.80380535126, 26.6590652466, 14.6380662918, 9.77132320404, 9.80312252045, 14.6588792801, 45.345413208, 23.7874317169, 43.4259223938, 163.666473389, 164.261901855, 25.0211963654, 65.0370559692, 42.376865387, 5.59842300415, 4.80621004105, 6.61993026733, 4.70824813843, 7.67027711868, 5.27050590515, 5.68539237976, 24.3331928253, 31.2485790253, 24.3363609314, 5.67601537704, 0.634013593197, 0.542789101601, 0.812283039093, 1.12617278099, 0.385035276413, 0.147545859218, 0.0550918914378, 0.00981954857707, 0.000260500644799, 1.94012936845e-05, 4.43859880761e-06, 1.17355093607e-05, 2.64943046204e-05]
    },
    "gfcc": {
        "mean": [-187.720840454, 135.260406494, -116.607215881, 44.2428016663, -78.1223297119, 14.4233560562, -37.5051651001, -3.21077418327, -14.2349033356, -17.5063533783, -0.171756774187, -21.0407104492, -1.34068381786],
        "cov": [[24822.6113281, 3454.62280273, -2472.89794922, -902.683959961, -1688.18334961, -1328.70483398, 809.171691895, -597.863647461, 662.629699707, -580.237548828, 835.863891602, -1004.57250977, 89.7657699585], [3454.62280273, 1340.74682617, 93.5202560425, -358.37512207, -3.83550834656, -454.128753662, 71.263885498, -363.302429199, 39.9695091248, -265.431976318, -11.1820650101, -254.406936646, -47.9658966064], [-2472.89794922, 93.5202560425, 815.46697998, 153.662612915, 319.686828613, 76.1920776367, -89.0547714233, -106.835258484, -102.533309937, -61.4090461731, -229.454498291, -42.1775131226, -62.7753868103], [-902.683959961, -358.37512207, 153.662612915, 336.615142822, 119.348480225, 200.417282104, -28.8963489532, 70.9337310791, 5.82398366928, 63.0090713501, -57.15574646, 7.85169696808, -0.119252622128], [-1688.18334961, -3.83550834656, 319.686828613, 119.348480225, 363.500732422, 85.9820251465, -62.1431312561, -33.5884628296, -56.7162437439, -13.6634149551, -120.683830261, 13.1646280289, -40.6732635498], [-1328.70483398, -454.128753662, 76.1920776367, 200.417282104, 85.9820251465, 310.8230896, -29.9706420898, 107.456352234, -6.47029066086, 119.7371521, -43.9292068481, 62.1381835938, 7.39809274673], [809.171691895, 71.263885498, -89.0547714233, -28.8963489532, -62.1431312561, -29.9706420898, 218.830612183, 45.7359275818, -2.63225507736, -31.8666572571, 51.0567588806, -41.006729126, -16.7280330658], [-597.863647461, -363.302429199, -106.835258484, 70.9337310791, -33.5884628296, 107.456352234, 45.7359275818, 181.780776978, 22.38763237, 86.9492950439, 46.6761016846, 76.6329345703, 10.9793367386], [662.629699707, 39.9695091248, -102.533309937, 5.82398366928, -56.7162437439, -6.47029066086, -2.63225507736, 22.38763237, 88.5499801636, 41.5886383057, 35.6192817688, -19.777179718, -0.0500798225403], [-580.237548828, -265.431976318, -61.4090461731, 63.0090713501, -13.6634149551, 119.7371521, -31.8666572571, 86.9492950439, 41.5886383057, 125.300971985, 27.1021518707, 58.5085601807, 8.51656341553], [835.863891602, -11.1820650101, -229.454498291, -57.15574646, -120.683830261, -43.9292068481, 51.0567588806, 46.6761016846, 35.6192817688, 27.1021518707, 132.623901367, 35.9444885254, 23.6918678284], [-1004.57250977, -254.406936646, -42.1775131226, 7.85169696808, 13.1646280289, 62.1381835938, -41.006729126, 76.6329345703, -19.777179718, 58.5085601807, 35.9444885254, 130.97253418, 41.4863166809], [89.7657699585, -47.9658966064, -62.7753868103, -0.119252622128, -40.6732635498, 7.39809274673, -16.7280330658, 10.9793367386, -0.0500798225403, 8.51656341553, 23.6918678284, 41.4863166809, 54.0078926086]],
        "icov": [[0.000679476361256, -0.00206774915569, 0.00156992406119, -0.00150778610259, 0.00159074121621, -0.000908769725356, 8.48924100865e-05, -0.000762570125517, -0.00026192428777, 0.0010829535313, -0.00171331060119, 0.00288662291132, -0.00127733126283], [-0.00206774915569, 0.0149338981137, -0.0069977203384, 0.0109222950414, -0.00918105896562, 0.00511521054432, -0.00289419456385, 0.0110276434571, -0.00983469001949, 0.00251175300218, 0.000138874165714, -0.000574722012971, -0.00218744226731], [0.00156992406119, -0.0069977203384, 0.00727299973369, -0.00619003083557, 0.0041130464524, -0.00219949102029, 0.000565509486478, -0.0026618600823, 0.00322588719428, 0.000853268429637, 0.001158355386, 0.00308654457331, 0.000720262993127], [-0.00150778610259, 0.0109222950414, -0.00619003083557, 0.014418406412, -0.00835082214326, 0.000206704411539, -0.00102907663677, 0.00496114324778, -0.0080596851185, 0.00249126483686, -0.00142459291965, 0.0041278344579, -0.00554740801454], [0.00159074121621, -0.00918105896562, 0.0041130464524, -0.00835082214326, 0.0118294572458, -0.00383430253714, 0.00121064775158, -0.00407156581059, 0.00406264141202, 0.00140221382026, 0.0014919762034, -0.00266901147552, 0.00577944330871], [-0.000908769725356, 0.00511521054432, -0.00219949102029, 0.000206704411539, -0.00383430253714, 0.0120254475623, -0.00198322511278, 0.00220209616236, 0.00190603488591, -0.00951033830643, 0.0050232228823, -0.00124121783301, -0.00184814271051], [8.48924100865e-05, -0.00289419456385, 0.000565509486478, -0.00102907663677, 0.00121064775158, -0.00198322511278, 0.00943100452423, -0.00842494517565, 0.00628109509125, 0.00181815691758, -0.00409627147019, 0.00470953248441, 0.00165914825629], [-0.000762570125517, 0.0110276434571, -0.0026618600823, 0.00496114324778, -0.00407156581059, 0.00220209616236, -0.00842494517565, 0.0256313290447, -0.0140025662258, 0.00153576163575, -0.000485694821691, -0.00725610274822, 0.00232203537598], [-0.00026192428777, -0.00983469001949, 0.00322588719428, -0.0080596851185, 0.00406264141202, 0.00190603488591, 0.00628109509125, -0.0140025662258, 0.0378645285964, -0.0210670288652, 0.00261277030222, 0.00265681021847, 0.0031933975406], [0.0010829535313, 0.00251175300218, 0.000853268429637, 0.00249126483686, 0.00140221382026, -0.00951033830643, 0.00181815691758, 0.00153576163575, -0.0210670288652, 0.0347159132361, -0.00913416035473, 0.000478076253785, 0.00218352489173], [-0.00171331060119, 0.000138874165714, 0.001158355386, -0.00142459291965, 0.0014919762034, 0.0050232228823, -0.00409627147019, -0.000485694821691, 0.00261277030222, -0.00913416035473, 0.0301741715521, -0.0226631611586, 0.00919470470399], [0.00288662291132, -0.000574722012971, 0.00308654457331, 0.0041278344579, -0.00266901147552, -0.00124121783301, 0.00470953248441, -0.00725610274822, 0.00265681021847, 0.000478076253785, -0.0226631611586, 0.0521490722895, -0.030807364732], [-0.00127733126283, -0.00218744226731, 0.000720262993127, -0.00554740801454, 0.00577944330871, -0.00184814271051, 0.00165914825629, 0.00232203537598, 0.0031933975406, 0.00218352489173, 0.00919470470399, -0.030807364732, 0.0434584766626]]
    },
    "melbands": {
        "max": [0.00234508886933, 0.0231255069375, 0.0346569977701, 0.00627487944439, 0.00327651319094, 0.00170371099375, 0.0056232442148, 0.00138471729588, 0.00623231288046, 0.0109044220299, 0.0114777619019, 0.0010564745171, 0.00200139102526, 0.00292468932457, 0.000313933123834, 0.000231880985666, 0.000118602314615, 0.000117210518511, 5.7805718825e-05, 0.000239812405198, 0.000216266606003, 7.58691312512e-05, 5.05659954797e-05, 0.000131683715153, 0.000206833923585, 0.00022509766859, 0.000277398910839, 0.000146001329995, 6.43502717139e-05, 7.92902028479e-06, 1.53347787091e-06, 2.01188936444e-06, 2.95313520837e-06, 3.35619165526e-06, 7.82133793109e-06, 5.31060777575e-06, 1.21168443457e-06, 8.00187649475e-07, 5.86188150464e-07, 4.01029353725e-07],
        "mean": [0.000116224357043, 0.00091851875186, 0.00161960721016, 0.000400202028686, 0.000157911985298, 0.000192041698028, 0.000375009520212, 0.000147064012708, 0.000144941746839, 0.000243045709794, 0.000124163954752, 3.62394857802e-05, 4.51024316135e-05, 3.97186377086e-05, 7.0879618761e-06, 5.5788359532e-06, 3.43753458765e-06, 4.31333319284e-06, 2.71645922112e-06, 1.89775448689e-06, 1.86485112863e-06, 1.40167708196e-06, 1.14029489851e-06, 1.69431018548e-06, 5.28849204784e-06, 5.60421040063e-06, 5.92762307861e-06, 2.78540323961e-06, 9.70377413978e-07, 3.13429126209e-07, 1.70666581312e-07, 2.27882750892e-07, 2.30230725151e-07, 1.99590303396e-07, 2.7258136015e-07, 1.87845941468e-07, 1.09103808654e-07, 7.36864791406e-08, 4.07322993112e-08, 2.46818618876e-08],
        "min": [6.7224725786e-10, 2.22517204662e-09, 5.91292881325e-09, 3.91342735995e-09, 2.40375852556e-09, 1.26957644397e-09, 2.62897703607e-09, 1.22151799786e-09, 6.83935297285e-10, 1.42410125359e-10, 4.87684545525e-11, 2.57802130338e-11, 1.98007998886e-11, 2.98398285248e-11, 9.27654394273e-12, 3.69438160619e-12, 4.62692167566e-12, 1.82836887991e-11, 1.60934633675e-11, 1.91344023959e-11, 1.14918456695e-11, 2.92770807597e-11, 2.51892708081e-11, 2.24528780984e-11, 8.19570366434e-12, 3.30474926938e-12, 4.88828335449e-12, 5.1094215664e-12, 7.80877619511e-12, 1.55325990785e-12, 6.89232872164e-12, 7.25051225656e-12, 4.30667307372e-12, 6.88853314668e-12, 2.92067975707e-12, 3.56629721414e-12, 2.44545768184e-12, 5.49524228205e-12, 3.792721779e-12, 3.06102625885e-12],
        "stdev": [0.000281257816823, 0.00214886292815, 0.00378300412558, 0.00082798639778, 0.000327475660015, 0.000306616129819, 0.000715454050805, 0.000247074698564, 0.000488028832478, 0.00115030282177, 0.000808242300991, 8.87032656465e-05, 0.000205248768907, 0.000217076652916, 1.91239323613e-05, 1.43762190419e-05, 8.27188978292e-06, 9.61623572948e-06, 5.22035315953e-06, 1.10295495688e-05, 1.01137693491e-05, 5.90629633734e-06, 3.23246990774e-06, 7.0816099651e-06, 2.2100568458e-05, 2.50779794442e-05, 2.81256816379e-05, 1.30571324917e-05, 4.56108227809e-06, 7.08562822638e-07, 2.25397315035e-07, 2.84791525473e-07, 4.20849858074e-07, 4.56241735947e-07, 7.13519625606e-07, 4.79772324979e-07, 1.7377951167e-07, 1.18053179676e-07, 7.80130235967e-08, 3.986234276e-08]
    },
    "melbands128": {
        "max": [4.27431004937e-05, 0.000318972743116, 0.00274687143974, 0.00758803077042, 0.00878372229636, 0.0583596266806, 0.0630135312676, 0.0222262516618, 0.0145247448236, 0.00717567931861, 0.00602802680805, 0.00368096353486, 0.00489097554237, 0.00177426100709, 0.00266768597066, 0.00281624728814, 0.00206849630922, 0.0105179343373, 0.00516967894509, 0.0010473622242, 0.00202383287251, 0.00346559751779, 0.0056631481275, 0.0191635433584, 0.018925640732, 0.0217350721359, 0.0336188040674, 0.00855732057244, 0.000414471840486, 0.000439539930085, 0.00214926362969, 0.00419871555641, 0.00400377670303, 0.00506815733388, 0.005979497917, 0.00386663526297, 0.000817132240627, 9.42528567975e-05, 0.000166138866916, 0.000135909227538, 0.000374005321646, 0.000170632702066, 0.000140937350807, 7.64116484788e-05, 2.12586146517e-05, 0.000175192864845, 0.000277181825368, 5.04544404976e-05, 1.76115936483e-05, 0.000126402374008, 0.000498223002069, 0.000184142190847, 0.000252142810496, 0.000343241059454, 9.37052755035e-05, 0.00011869239097, 0.000135061010951, 4.70456579933e-05, 4.20111100539e-05, 7.10765598342e-05, 0.000264769856585, 7.55010769353e-05, 0.000246409414103, 0.000353004928911, 0.000704445759766, 0.00048514874652, 0.000318606995279, 0.000361538841389, 0.000567422132008, 0.000322346022585, 0.000126711660414, 0.000233564729569, 9.64255668805e-05, 9.24410123844e-05, 2.33529153775e-05, 8.39725180413e-06, 5.64619631405e-06, 2.03179047276e-06, 1.95904726752e-06, 2.67204586635e-06, 1.53637108724e-06, 2.8253423352e-06, 2.66975484919e-06, 3.32311174134e-06, 6.30047588857e-06, 3.12810107062e-06, 4.20111018684e-06, 4.21723962063e-06, 1.03704605863e-05, 8.12947928353e-06, 8.48619583849e-06, 5.1993206398e-06, 2.26603765441e-06, 1.09177915419e-06, 2.31480612456e-06, 1.14384499739e-06, 7.6805270055e-07, 7.17815908047e-07, 1.10070868686e-06, 5.93997810938e-07, 6.54267296341e-07, 4.33366949437e-07, 6.70194765462e-07, 2.93271909868e-07, 1.0606177625e-07, 3.78168746318e-10, 2.75629685742e-10, 1.82906870205e-10, 1.32065358649e-10, 9.90159343406e-11, 7.84307549462e-11, 6.24142335037e-11, 5.54310347622e-11, 5.26571113102e-11, 5.09188559372e-11, 4.9219822662e-11, 4.74445725762e-11, 4.6285503208e-11, 4.50296050447e-11, 4.37807706755e-11, 4.28274915532e-11, 4.21560009123e-11, 4.10808713436e-11, 4.04894867634e-11, 3.98253270639e-11, 3.91432893043e-11, 3.87089353626e-11, 3.84938608766e-11],
        "mean": [4.62650541522e-06, 1.48495419126e-05, 0.000140308999107, 0.00034873012919, 0.000410598266171, 0.00173038453795, 0.00264327530749, 0.00128347228747, 0.000574626028538, 0.000441174546722, 0.000221141483053, 0.000167468082509, 0.000162600423209, 9.96589806164e-05, 0.000207386678085, 0.000249200180406, 0.000213953011553, 0.000603035907261, 0.000307222100673, 7.97419779701e-05, 0.000127780600451, 0.000106574640085, 0.000149925224832, 0.000170481827809, 0.000219412191655, 0.000280011474388, 0.000284304202069, 8.58129424159e-05, 1.6691543351e-05, 3.61892598448e-05, 4.22981393058e-05, 3.75986455765e-05, 4.075007746e-05, 5.53602549189e-05, 5.55425176572e-05, 3.61400452675e-05, 1.17837607831e-05, 3.83704036722e-06, 5.58432839171e-06, 5.92915557718e-06, 6.83193275108e-06, 3.17062472277e-06, 3.26576241605e-06, 4.11969631386e-06, 1.58814157203e-06, 4.00544513468e-06, 8.89811781235e-06, 1.71687099737e-06, 7.67715789607e-07, 1.57953604685e-06, 2.24182167585e-06, 1.9534452349e-06, 2.2816600449e-06, 1.51184678998e-06, 1.51597305376e-06, 1.6691789142e-06, 1.04376977106e-06, 9.6100995961e-07, 1.19172250379e-06, 1.40546001148e-06, 1.51668098169e-06, 1.74427020738e-06, 3.84449549529e-06, 6.10132974543e-06, 8.2484621089e-06, 6.13896827417e-06, 3.34081619258e-06, 4.6926829782e-06, 8.81238702277e-06, 4.34697358287e-06, 2.4531186682e-06, 2.26288034355e-06, 1.11784981982e-06, 9.52530456289e-07, 3.86993121992e-07, 3.58332528094e-07, 2.57154908923e-07, 1.60787010373e-07, 1.377808303e-07, 2.126366212e-07, 2.06498370403e-07, 2.52916549925e-07, 2.28089291454e-07, 2.40838232912e-07, 2.24888580647e-07, 1.7764332938e-07, 1.9057935674e-07, 2.36490166117e-07, 3.10826095529e-07, 2.72754817843e-07, 2.23788006792e-07, 1.7507139205e-07, 1.04282293023e-07, 1.07130851745e-07, 1.13483373809e-07, 8.90424516342e-08, 6.52255778277e-08, 4.89667009163e-08, 4.96853012066e-08, 3.12226404731e-08, 2.13371471602e-08, 2.84132433137e-08, 2.1338768974e-08, 1.19717284974e-08, 2.27647878326e-09, 1.07862200074e-11, 5.12272732914e-12, 4.56547907118e-12, 4.33393121738e-12, 4.09387237651e-12, 3.9554353716e-12, 3.82405652283e-12, 3.65503590935e-12, 3.54428964476e-12, 3.43883515413e-12, 3.38571423501e-12, 3.35894940334e-12, 3.14903962281e-12, 3.05192112901e-12, 2.97879711349e-12, 2.9192169515e-12, 2.86258690363e-12, 2.73359069755e-12, 2.56547799497e-12, 2.41546908343e-12, 2.16574089391e-12, 2.03260086713e-12, 2.00545873311e-12],
        "min": [8.09331213159e-10, 5.98514404704e-10, 5.83224912809e-10, 8.62738325225e-10, 1.70061575933e-09, 3.35710881316e-09, 5.51923218239e-09, 7.0221424231e-09, 3.61680152494e-09, 1.90828730595e-09, 2.12364081875e-09, 1.22117627122e-09, 7.9312922896e-10, 1.4033879614e-09, 7.93220933382e-10, 5.28738830496e-10, 1.18619669642e-09, 1.56183721511e-09, 7.22618243021e-10, 2.25275118004e-10, 2.08093972609e-10, 3.43627543087e-10, 6.28926688506e-10, 4.45072395605e-10, 1.48374992848e-10, 3.72639905044e-11, 4.48213688387e-11, 5.45592529488e-11, 5.24725020379e-11, 2.34094705426e-11, 1.70489698748e-11, 2.67428180295e-11, 1.07869086927e-11, 1.83141002363e-11, 4.62169226501e-11, 2.50626585457e-11, 2.20568736886e-11, 5.02628407645e-12, 6.76381346765e-12, 2.09683485852e-12, 4.51340874397e-12, 3.21435066064e-12, 1.30426756634e-12, 5.44615741394e-12, 1.4851167171e-11, 2.01569282099e-11, 2.48995962737e-11, 1.66285405584e-11, 7.9460552721e-12, 2.07054200174e-11, 2.24766073809e-11, 1.91806848182e-11, 4.24365750873e-12, 1.01390397814e-11, 2.22627246499e-11, 2.91700760768e-11, 3.81861278709e-11, 3.4927043896e-11, 1.33215998996e-11, 1.87965754073e-11, 2.74823549334e-11, 2.28627464183e-11, 1.30492899472e-11, 3.28153259774e-12, 9.27792564998e-13, 1.96156871128e-12, 4.62312133021e-12, 9.13730202612e-12, 2.883174385e-12, 3.05443018968e-12, 1.41621718693e-12, 6.79422663963e-12, 1.65252100198e-11, 6.0403695934e-12, 1.23642621749e-12, 8.20634738549e-13, 1.34503909746e-12, 4.20545065785e-12, 9.1032650168e-12, 8.20291837927e-12, 6.6583787095e-12, 8.62261911178e-12, 4.59264614186e-12, 2.13262350487e-12, 3.70816832101e-12, 1.33710039568e-11, 4.33394596253e-12, 1.99553784955e-12, 3.04556640324e-12, 2.58647357004e-12, 6.58916671226e-12, 2.37550343979e-12, 1.50022951961e-12, 1.55381816355e-12, 2.10004474747e-12, 9.493235191e-12, 5.25455590497e-12, 1.74467493404e-12, 5.19107153096e-12, 4.3742657066e-12, 9.93826874095e-13, 2.43252726989e-12, 5.823959804e-12, 1.63653864765e-11, 8.92739961816e-12, 2.15751583808e-13, 2.27387499021e-13, 2.40805612213e-13, 2.03565042969e-13, 2.35708859115e-13, 2.40109717048e-13, 2.52064482568e-13, 2.5496494022e-13, 2.073958274e-13, 2.28270039589e-13, 2.87113025412e-13, 2.32838433863e-13, 2.54455934405e-13, 2.62769894819e-13, 2.40195938226e-13, 2.37739352944e-13, 2.59405425742e-13, 1.50248059437e-13, 1.1058021225e-13, 9.61844265259e-14, 3.20708425637e-14, 7.683087734e-15, 2.10173689632e-16],
        "stdev": [6.43210614726e-06, 3.62523205695e-05, 0.000337197037879, 0.000936520460527, 0.00093555287458, 0.00507010146976, 0.00673179421574, 0.00279139354825, 0.00147332646884, 0.000984172686003, 0.000502977520227, 0.000398182572098, 0.00043777099927, 0.000199413800146, 0.000373287941329, 0.000483829528093, 0.000343205116224, 0.00134534446988, 0.000635286909528, 0.000150556472363, 0.000291850243229, 0.000284476467641, 0.000509697187226, 0.00123295863159, 0.00136665871833, 0.00174054910894, 0.00231856899336, 0.000609461741988, 3.88131047657e-05, 5.9018660977e-05, 0.000127844861709, 0.000280935171759, 0.000275201513432, 0.000342842802638, 0.000384344195481, 0.000271775759757, 4.32430788351e-05, 9.40417703532e-06, 1.26270988403e-05, 1.20411050375e-05, 2.51195124292e-05, 9.30171336222e-06, 1.03955344457e-05, 8.81562846189e-06, 3.19393393511e-06, 1.22157134683e-05, 2.19440207729e-05, 3.53576820089e-06, 1.61382456554e-06, 7.75489570515e-06, 2.14774845517e-05, 9.05446813704e-06, 1.28139408844e-05, 1.47580358316e-05, 5.6918743212e-06, 7.97122083895e-06, 7.03216619513e-06, 2.78191578218e-06, 2.91876540359e-06, 5.40348628419e-06, 1.18511279652e-05, 6.2587814682e-06, 1.82715466508e-05, 3.13124801323e-05, 5.32740159542e-05, 3.43119063473e-05, 1.8505304979e-05, 2.61613222392e-05, 5.04147574247e-05, 2.59098142124e-05, 1.2531874745e-05, 1.41984173752e-05, 6.11815630691e-06, 5.78948402108e-06, 1.4784892528e-06, 7.66201594615e-07, 4.88309751745e-07, 2.48932224167e-07, 2.17250942569e-07, 2.88393039227e-07, 2.77145403516e-07, 3.45598692775e-07, 3.26662274119e-07, 4.71389768109e-07, 6.02638635883e-07, 3.96729575414e-07, 4.82687823933e-07, 5.58880003609e-07, 8.39434960653e-07, 8.41860014589e-07, 6.90264073455e-07, 4.78586059671e-07, 2.19601972162e-07, 1.61854160297e-07, 2.05183454227e-07, 1.6587316054e-07, 1.06011029288e-07, 8.65680789275e-08, 1.18597100141e-07, 6.03273875299e-08, 4.38701022176e-08, 4.50399895158e-08, 4.17002681274e-08, 2.23045084624e-08, 6.78101574891e-09, 2.67997343067e-11, 1.43997253357e-11, 1.09987054187e-11, 9.34955845383e-12, 8.33658315991e-12, 7.69091040853e-12, 7.20147509334e-12, 6.8588884572e-12, 6.49712705511e-12, 6.23706902098e-12, 6.04552172212e-12, 5.8364754002e-12, 5.62229733256e-12, 5.47623578429e-12, 5.36072748691e-12, 5.21178846608e-12, 5.12053030186e-12, 5.03955818049e-12, 4.98256644277e-12, 4.9320864233e-12, 4.86073984882e-12, 4.81657248808e-12, 4.79236615669e-12]
    },
    "mfcc": {
        "mean": [-818.084472656, 140.529907227, 22.0770454407, 21.0607128143, -1.21393692493, 2.88167643547, -3.30258631706, 2.36014604568, -6.58462715149, 1.04432499409, -3.30651855469, -2.9501414299, -2.50676655769],
        "cov": [[26681.71875, 2473.57568359, -1269.7800293, -257.250427246, -2194.21289062, -912.094421387, -591.539978027, -299.992950439, -603.432861328, 570.227355957, -174.202438354, 95.3963241577, 288.179321289], [2473.57568359, 1499.37756348, 11.6227302551, 31.6253871918, -159.395950317, -110.880134583, -150.885772705, -136.174972534, -108.447921753, -200.288925171, -87.0730438232, -48.0890274048, -130.294494629], [-1269.7800293, 11.6227302551, 407.574493408, 96.7159347534, 152.448410034, 124.430374146, 21.0183830261, -14.2388248444, 75.0260620117, -42.1363983154, -15.6313114166, -18.3247814178, -66.0062332153], [-257.250427246, 31.6253871918, 96.7159347534, 188.085708618, 92.0022506714, 44.9246444702, 36.7570991516, 20.7979717255, 26.220085144, -0.752033889294, -12.8603229523, -15.6634273529, -32.3611373901], [-2194.21289062, -159.395950317, 152.448410034, 92.0022506714, 418.740570068, 183.533462524, 9.9081029892, -3.91401004791, 96.9223098755, -81.1275177002, 22.6528320312, 10.7753696442, -54.8481674194], [-912.094421387, -110.880134583, 124.430374146, 44.9246444702, 183.533462524, 201.411056519, 49.1176185608, -2.63585019112, 74.8863449097, -5.62485790253, 15.508641243, 1.49412703514, -44.7770614624], [-591.539978027, -150.885772705, 21.0183830261, 36.7570991516, 9.9081029892, 49.1176185608, 146.588638306, 76.3791656494, 19.2840938568, 40.8015899658, 9.15062332153, -9.02702999115, 5.96325874329], [-299.992950439, -136.174972534, -14.2388248444, 20.7979717255, -3.91401004791, -2.63585019112, 76.3791656494, 81.0463638306, 15.1127853394, 30.7324333191, 6.36719179153, -1.8691868782, 18.2047481537], [-603.432861328, -108.447921753, 75.0260620117, 26.220085144, 96.9223098755, 74.8863449097, 19.2840938568, 15.1127853394, 91.1666793823, 22.0838623047, 18.7095527649, 12.6345930099, -10.6430006027], [570.227355957, -200.288925171, -42.1363983154, -0.752033889294, -81.1275177002, -5.62485790253, 40.8015899658, 30.7324333191, 22.0838623047, 124.72228241, 36.6530342102, 19.2023143768, 38.3716049194], [-174.202438354, -87.0730438232, -15.6313114166, -12.8603229523, 22.6528320312, 15.508641243, 9.15062332153, 6.36719179153, 18.7095527649, 36.6530342102, 68.222442627, 38.389705658, 15.6030368805], [95.3963241577, -48.0890274048, -18.3247814178, -15.6634273529, 10.7753696442, 1.49412703514, -9.02702999115, -1.8691868782, 12.6345930099, 19.2023143768, 38.389705658, 59.8620147705, 33.6235809326], [288.179321289, -130.294494629, -66.0062332153, -32.3611373901, -54.8481674194, -44.7770614624, 5.96325874329, 18.2047481537, -10.6430006027, 38.3716049194, 15.6030368805, 33.6235809326, 79.4402084351]],
        "icov": [[0.00015694036847, -0.000306615926092, 0.000218091343413, -0.000171283463715, 0.000424031051807, -0.000480363174574, 0.000802955124527, -0.00026105158031, 0.000563891953789, -0.00127668841742, 0.000789561017882, -0.000545561488252, -0.000171177613083], [-0.000306615926092, 0.00209064013325, -0.000152609412908, -0.000678215816151, 0.00076218158938, 0.00121355464216, -0.00167127919849, 0.00200002733618, -0.0016123901587, 0.00529987318441, -0.0016751451185, -0.000185451965081, 0.00264709535986], [0.000218091343413, -0.000152609412908, 0.00421101646498, -0.00178888603114, 0.00126334978268, -0.00156760541722, 0.00029376448947, 0.0014167255722, -0.00215045805089, 0.000228766541113, 0.00150218978524, -0.000934106297791, 0.0010723778978], [-0.000171283463715, -0.000678215816151, -0.00178888603114, 0.00859813485295, -0.00414942158386, 0.00187987333629, -0.00189853319898, -0.00201578438282, 0.00128886592574, -0.00392857240513, 0.00260130199604, 5.63445682928e-05, 0.0018598389579], [0.000424031051807, 0.00076218158938, 0.00126334978268, -0.00414942158386, 0.0101604051888, -0.00597091158852, 0.00379871809855, -0.000887992384378, -0.00347870541736, 0.00654431479052, -0.00247640465386, -0.00182665197644, 0.000271537370281], [-0.000480363174574, 0.00121355464216, -0.00156760541722, 0.00187987333629, -0.00597091158852, 0.0156806576997, -0.0100595736876, 0.0086573055014, -0.00625627487898, 0.00125737348571, -0.00058700813679, -0.000687536026817, 0.00564425531775], [0.000802955124527, -0.00167127919849, 0.00029376448947, -0.00189853319898, 0.00379871809855, -0.0100595736876, 0.0232756379992, -0.0192393232137, 0.00745226815343, -0.00848407670856, 0.0020730108954, 0.000422939076088, -0.00205869134516], [-0.00026105158031, 0.00200002733618, 0.0014167255722, -0.00201578438282, -0.000887992384378, 0.0086573055014, -0.0192393232137, 0.0343495160341, -0.00912530720234, 0.00474848784506, -0.00145084038377, 0.00240265578032, -0.00182559422683], [0.000563891953789, -0.0016123901587, -0.00215045805089, 0.00128886592574, -0.00347870541736, -0.00625627487898, 0.00745226815343, -0.00912530720234, 0.0264437254518, -0.0143837993965, 0.00506109837443, -0.00607173517346, 0.00171800749376], [-0.00127668841742, 0.00529987318441, 0.000228766541113, -0.00392857240513, 0.00654431479052, 0.00125737348571, -0.00848407670856, 0.00474848784506, -0.0143837993965, 0.0355753675103, -0.0176107473671, 0.00699080107734, -0.001921269577], [0.000789561017882, -0.0016751451185, 0.00150218978524, 0.00260130199604, -0.00247640465386, -0.00058700813679, 0.0020730108954, -0.00145084038377, 0.00506109837443, -0.0176107473671, 0.0354736745358, -0.0226258579642, 0.00662586838007], [-0.000545561488252, -0.000185451965081, -0.000934106297791, 5.63445682928e-05, -0.00182665197644, -0.000687536026817, 0.000422939076088, 0.00240265578032, -0.00607173517346, 0.00699080107734, -0.0226258579642, 0.0416929610074, -0.018702339381], [-0.000171177613083, 0.00264709535986, 0.0010723778978, 0.0018598389579, 0.000271537370281, 0.00564425531775, -0.00205869134516, -0.00182559422683, 0.00171800749376, -0.001921269577, 0.00662586838007, -0.018702339381, 0.0309138447046]]
    },
    "spectral_contrast_coeffs": {
        "max": [-0.467670679092, -0.466625779867, -0.469401329756, -0.618606746197, -0.627461135387, -0.704253852367],
        "mean": [-0.71034258604, -0.772453308105, -0.80475538969, -0.838514089584, -0.842710316181, -0.811122834682],
        "min": [-0.895315229893, -0.948209762573, -0.950190007687, -0.932590305805, -0.916766703129, -0.887923836708],
        "stdev": [0.0960058346391, 0.102918788791, 0.0852094069123, 0.0546803176403, 0.0552000962198, 0.0437069833279]
    },
    "spectral_contrast_valleys": {
        "max": [-5.51288318634, -4.96581411362, -6.29585695267, -6.79385900497, -6.84142065048, -9.72469615936],
        "mean": [-7.96916913986, -7.83692026138, -8.7692117691, -9.34211921692, -9.31847953796, -11.7377300262],
        "min": [-12.2185783386, -11.7936468124, -13.5456008911, -14.2020902634, -13.9554605484, -15.6802597046],
        "stdev": [1.49766719341, 1.76552677155, 1.57491743565, 1.3689391613, 1.44527471066, 1.15975606441]
    }
},
"rhythm": {
    "beats_count": 24,
    "beats_loudness": {
        "max": 0.129429891706,
        "mean": 0.0212698746473,
        "min": 3.30268267135e-06,
        "stdev": 0.0307865217328
    },
    "bpm": 117.95526123,
    "bpm_histogram_first_peak_bpm": 117,
    "bpm_histogram_first_peak_weight": 0.608695626259,
    "bpm_histogram_second_peak_bpm": 0,
    "bpm_histogram_second_peak_spread": 0,
    "bpm_histogram_second_peak_weight": 0,
    "danceability": 0.818479418755,
    "onset_rate": 2.35121417046,
    "beats_loudness_band_ratio": {
        "max": [0.968600869179, 0.702946305275, 0.788745343685, 0.113411083817, 0.15179605782, 0.0640762150288],
        "mean": [0.449364632368, 0.211545646191, 0.275027632713, 0.0474995039403, 0.0326768793166, 0.0201926100999],
        "min": [0.0125600881875, 0.0169860050082, 0.00891453772783, 0.00220393179916, 0.000907808716875, 0.000506027135998],
        "stdev": [0.276150941849, 0.195939421654, 0.267623692751, 0.0332341939211, 0.0410025753081, 0.0199880581349]
    },
    "beats_position": [0.487619042397, 0.986848056316, 1.48607707024, 1.99691605568, 2.50775504112, 3.03020405769, 3.54104304314, 4.05188179016, 4.57433080673, 5.0967798233, 5.60761880875, 6.13006782532, 6.65251684189, 7.1517457962, 7.65097475052, 8.16181373596, 8.66104316711, 9.16027164459, 9.67111110687, 10.1703395844, 10.6811790466, 11.1920175552, 11.6912469864, 12.1904764175],
