{
"metadata": {
    "version": {
        "essentia": "2.1-beta5",
        "essentia_git_sha": "Undefined",
        "extractor": "music 2.0"
    },
    "audio_properties": {
        "analysis": {
            "equal_loudness": 0,
            "length": 12.7477550507,
            "sample_rate": 44100,
            "start_time": 0,
            "downmix": "mix"
        },
        "bit_rate": 192000,
        "length": 141.049621582,
        "lossless": 0,
        "number_channels": 2,
        "replay_gain": -2.32256698608,
        "sample_rate": 48000,
        "codec": "mp3",
        "md5_encoded": "d81fc7803c2b72d7885abc23e8e2fe40"
    },
    "tags": {
        "file_name": "Finland_Play-boy_Ann-Christine Nyström.mp3",
        "encoding": ["Lavf58.29.100"]
    }
},
"lowlevel": {
    "average_loudness": 0.842533171177,
    "barkbands_crest": {
        "max": 17.7738342285,
        "mean": 9.25832462311,
        "min": 3.11640667915,
        "stdev": 3.50904464722
    },
    "barkbands_flatness_db": {
        "max": 0.267631143332,
        "mean": 0.190889313817,
        "min": 0.108496882021,
        "stdev": 0.0245638955384
    },
    "barkbands_kurtosis": {
        "max": 61.3174514771,
        "mean": 8.71161270142,
        "min": -1.72484779358,
        "stdev": 15.2767829895
    },
    "barkbands_skewness": {
        "max": 7.15642309189,
        "mean": 1.77931952477,
        "min": -1.16315591335,
        "stdev": 2.16419219971
    },
    "barkbands_spread": {
        "max": 53.3445167542,
        "mean": 16.9616222382,
        "min": 3.1729528904,
        "stdev": 10.5413827896
    },
    "dissonance": {
        "max": 0.499820023775,
        "mean": 0.46598637104,
        "min": 0.343455135822,
        "stdev": 0.0285277049989
    },
    "dynamic_complexity": 10.3584871292,
    "erbbands_crest": {
        "max": 22.7670383453,
        "mean": 8.82699298859,
        "min": 3.51252651215,
        "stdev": 3.29262685776
    },
    "erbbands_flatness_db": {
        "max": 0.318118363619,
        "mean": 0.218581214547,
        "min": 0.0924918800592,
        "stdev": 0.0655468925834
    },
    "erbbands_kurtosis": {
        "max": 5.99978542328,
        "mean": -0.123056180775,
        "min": -1.48673498631,
        "stdev": 1.16521513462
    },
    "erbbands_skewness": {
        "max": 2.06402254105,
        "mean": 0.155847713351,
        "min": -1.94167232513,
        "stdev": 0.652434885502
    },
    "erbbands_spread": {
        "max": 99.8667068481,
        "mean": 39.3671112061,
        "min": 8.91867828369,
        "stdev": 26.5393009186
    },
    "hfc": {
        "max": 71.4985427856,
        "mean": 13.784784317,
        "min": 5.78049730393e-05,
        "stdev": 16.667848587
    },
    "loudness_ebu128": {
        "integrated": -22.7070102692,
        "loudness_range": 8.9651927948,
        "momentary": {
            "max": -18.3340625763,
            "mean": -30.8562526703,
            "min": -53.6913528442,
            "stdev": 12.048081398
        },
        "short_term": {
            "max": -20.6015510559,
            "mean": -24.7007331848,
            "min": -40.3763656616,
            "stdev": 4.20780038834
        }
    },
    "melbands_crest": {
        "max": 30.0521602631,
        "mean": 14.119635582,
        "min": 3.72469902039,
        "stdev": 7.19151210785
    },
    "melbands_flatness_db": {
        "max": 0.347175300121,
        "mean": 0.232593551278,
        "min": 0.135821759701,
        "stdev": 0.0505861826241
    },
    "melbands_kurtosis": {
        "max": 219.639648438,
        "mean": 31.2787036896,
        "min": -1.51206040382,
        "stdev": 54.3664474487
    },
    "melbands_skewness": {
        "max": 12.6323814392,
        "mean": 3.18681383133,
        "min": -0.636243700981,
        "stdev": 3.54960107803
    },
    "melbands_spread": {
        "max": 76.6760940552,
        "mean": 23.874212265,
        "min": 1.93096160889,
        "stdev": 18.3505840302
    },
    "pitch_salience": {
        "max": 0.877999842167,
        "mean": 0.545795023441,
        "min": 0.212587729096,
        "stdev": 0.150694161654
    },
    "silence_rate_20dB": {
        "max": 1,
        "mean": 1,
        "min": 1,
        "stdev": 0
    },
    "silence_rate_30dB": {
        "max": 1,
        "mean": 0.994545459747,
        "min": 0,
        "stdev": 0.0736533179879
    },
    "silence_rate_60dB": {
        "max": 1,
        "mean": 0.394545465708,
        "min": 0,
        "stdev": 0.488752007484
    },
    "spectral_centroid": {
        "max": 3196.27514648,
        "mean": 1441.0065918,
        "min": 277.639648438,
        "stdev": 764.273254395
    },
    "spectral_complexity": {
        "max": 42,
        "mean": 12.7145452499,
        "min": 0,
        "stdev": 10.535153389
    },
    "spectral_decrease": {
        "max": -3.36601304826e-14,
        "mean": -3.1207347817e-09,
        "min": -4.51371455767e-08,
        "stdev": 4.33875113615e-09
    },
    "spectral_energy": {
        "max": 0.175483375788,
        "mean": 0.0130286868662,
        "min": 1.32284085907e-07,
        "stdev": 0.0175399444997
    },
    "spectral_energyband_high": {
        "max": 0.0031489089597,
        "mean": 0.000330663810018,
        "min": 1.84457504826e-09,
        "stdev": 0.000485960190417
    },
    "spectral_energyband_low": {
        "max": 0.0809047371149,
        "mean": 0.00292451283894,
        "min": 7.46957056208e-08,
        "stdev": 0.00657882681116
    },
    "spectral_energyband_middle_high": {
        "max": 0.0337635427713,
        "mean": 0.00499687576666,
        "min": 1.32417925514e-08,
        "stdev": 0.00634749559686
    },
    "spectral_energyband_middle_low": {
        "max": 0.103137172759,
        "mean": 0.00508858682588,
        "min": 5.47585337074e-08,
        "stdev": 0.00922377128154
    },
    "spectral_entropy": {
        "max": 8.35014533997,
        "mean": 7.37801551819,
        "min": 6.5817990303,
        "stdev": 0.276714473963
    },
    "spectral_flux": {
        "max": 0.176450237632,
        "mean": 0.0425112210214,
        "min": 0.000363708793884,
        "stdev": 0.0328203141689
    },
    "spectral_kurtosis": {
        "max": 20.1354408264,
        "mean": 3.91311335564,
        "min": -0.344516277313,
        "stdev": 3.04161930084
    },
    "spectral_rms": {
        "max": 0.0130844675004,
        "mean": 0.00279052602127,
        "min": 1.13603537102e-05,
        "stdev": 0.00221898080781
    },
    "spectral_rolloff": {
        "max": 4198.97460938,
        "mean": 1480.93640137,
        "min": 107.666015625,
        "stdev": 1148.24169922
    },
    "spectral_skewness": {
        "max": 2.88608241081,
        "mean": 1.10807943344,
        "min": 7.18105366104e-05,
        "stdev": 0.479315489531
    },
    "spectral_spread": {
        "max": 22651372,
        "mean": 3341609.75,
        "min": 1669537.5,
        "stdev": 1708979.25
    },
    "spectral_strongpeak": {
        "max": 13.3613624573,
        "mean": 1.14214420319,
        "min": 0.000182201300049,
        "stdev": 1.80878555775
    },
    "zerocrossingrate": {
        "max": 0.12646484375,
        "mean": 0.0517507083714,
        "min": 0.0087890625,
        "stdev": 0.0279372669756
    },
    "barkbands": {
        "max": [0.0001576981158, 0.0457795001566, 0.0341398380697, 0.0297420360148, 0.0561885237694, 0.0151902046055, 0.00882035028189, 0.00614866008982, 0.019718118012, 0.00780586386099, 0.0100963143632, 0.00444827089086, 0.0173773709685, 0.010536189191, 0.0161407943815, 0.00679951999336, 0.00974281877279, 0.00734436931089, 0.00634488742799, 0.00745007395744, 0.00212828139775, 0.000445466255769, 2.39027249336e-05, 8.0096685906e-07, 7.56525878387e-07, 6.67368510676e-07, 7.02608019765e-07],
        "mean": [1.64079556271e-05, 0.00131537963171, 0.00135601079091, 0.000573692726903, 0.00106197211426, 0.00090170931071, 0.000784681527875, 0.000407848216128, 0.00121955550276, 0.000592230819166, 0.00027095573023, 0.00033961122972, 0.000717023271136, 0.000763436837588, 0.000329913047608, 0.000297833350487, 0.000634227413684, 0.000412849942222, 0.000417326606112, 0.000408534921007, 0.000160669660545, 4.58666800114e-05, 7.33083822979e-07, 1.31280430082e-07, 9.33248784918e-08, 1.71885849998e-09, 1.7917897166e-09],
        "min": [1.08957975975e-09, 2.97538260696e-08, 3.16586898919e-08, 2.03008880817e-08, 1.84175323881e-08, 1.07308189001e-08, 3.05259284517e-09, 9.85082238003e-10, 1.14041076582e-09, 3.02695007948e-10, 1.62374158563e-09, 2.20719154065e-09, 2.18692086662e-09, 1.8837125193e-09, 5.8707427808e-10, 2.29583640987e-09, 2.51905218907e-10, 1.94362012595e-10, 1.564813501e-09, 3.93959559419e-10, 2.99014091265e-10, 1.25358057268e-10, 4.52236664783e-10, 2.80547890474e-10, 4.09488193354e-10, 4.71535067936e-11, 4.84060881656e-11],
        "stdev": [2.22087819566e-05, 0.00375531427562, 0.00299298483878, 0.00218712282367, 0.00402846653014, 0.00170832581352, 0.00135282613337, 0.000735091045499, 0.00228878110647, 0.00112110748887, 0.000651349371765, 0.000618475663941, 0.00186331954319, 0.00164501264226, 0.00127138395328, 0.000629811314866, 0.00133624486625, 0.000958432909101, 0.00080006418284, 0.000847732764669, 0.000279316853266, 7.1006033977e-05, 2.24559175876e-06, 8.87379769665e-08, 6.00831526754e-08, 2.84233205861e-08, 2.99252924663e-08]
    },
    "erbbands": {
        "max": [0.255563825369, 13.6536121368, 50.8623504639, 43.1491241455, 281.689666748, 65.6382522583, 68.4973754883, 169.233932495, 129.429946899, 178.085449219, 165.976074219, 375.78314209, 495.583740234, 440.390197754, 119.345237732, 172.903991699, 834.143920898, 570.182861328, 369.035003662, 726.584838867, 285.532470703, 659.532531738, 463.505157471, 245.369247437, 265.1925354, 199.04637146, 113.471954346, 50.1198577881, 23.905796051, 3.34644627571, 0.20609280467, 0.0181899778545, 0.0126492232084, 0.00845882482827, 0.00536673981696, 0.00268543069251, 0.00123432476539, 0.000437715672888, 0.000100672637927, 0.000195613902179],
        "mean": [0.0128838354722, 0.382223010063, 1.51189768314, 1.7698186636, 3.33256864548, 2.77145075798, 4.73758029938, 9.04749679565, 11.3097963333, 10.5019865036, 12.2259426117, 23.7011566162, 24.2738628387, 15.7150249481, 10.4727478027, 16.2630634308, 34.9808082581, 30.5030403137, 25.2777194977, 21.379535675, 16.7695884705, 38.1720504761, 25.3389320374, 24.4519042969, 21.6638679504, 14.816734314, 8.35383605957, 4.91808795929, 1.99909651279, 0.380092233419, 0.0177815277129, 0.00362191535532, 0.00232266448438, 0.00153644010425, 0.000418781623011, 3.16959303746e-05, 1.20004860946e-05, 4.55479903394e-06, 8.17066302261e-06, 1.61565549206e-05],
        "min": [6.25713880709e-07, 7.69324469729e-06, 3.21245388477e-05, 6.02759355388e-05, 5.67750830669e-05, 6.14396703895e-05, 8.67941707838e-05, 8.42061126605e-05, 5.67242386751e-05, 2.56038492807e-05, 2.44024795393e-05, 2.61644709099e-05, 1.52262518895e-05, 1.62586693477e-05, 9.82469136943e-05, 8.01531423349e-05, 8.88937938726e-05, 0.000122659825138, 3.75573217752e-05, 8.15453531686e-05, 0.000101244440884, 1.93176529137e-05, 1.33172634378e-05, 4.81512797705e-05, 6.53438182781e-05, 1.59019000421e-05, 1.46110542119e-05, 1.11578210635e-05, 5.82887014389e-06, 7.92859646026e-06, 1.19068654385e-05, 6.82929339746e-06, 4.26500901085e-06, 3.79354696634e-06, 3.46245747096e-06, 2.84823869379e-07, 7.49325792526e-08, 2.85085821616e-08, 7.8512440993e-09, 7.9818307519e-10],
        "stdev": [0.030227240175, 1.09263694286, 3.8233191967, 3.85595154762, 19.9573173523, 6.2173204422, 8.78492355347, 18.3763103485, 19.2156066895, 20.5926208496, 19.7357311249, 46.7728233337, 50.1187667847, 30.8925495148, 16.6672840118, 26.8308162689, 87.9256057739, 71.6527252197, 54.5757865906, 62.7555885315, 33.3441238403, 81.994720459, 50.2414321899, 41.0300102234, 40.3075485229, 25.0857639313, 15.0447130203, 7.49214315414, 3.12985014915, 0.590886712074, 0.0247305743396, 0.0028891582042, 0.00157534726895, 0.000968308653682, 0.000327406247379, 0.000115846240078, 5.33329694008e-05, 1.90250812011e-05, 1.06813831735e-05, 2.0883486286e-05]
    },
    "gfcc": {
        "mean": [-160.655578613, 146.592926025, -168.576721191, 47.211315155, -50.4935188293, -8.14448070526, -13.6147871017, -5.27415657043, -10.4046506882, -5.68824863434, -5.41005182266, -14.2531194687, 3.45789027214],
        "cov": [[23256.2949219, 3650.10742188, -6750.01708984, -1095.73144531, 22.3156547546, -3745.84838867, 2339.77832031, -1692.14135742, 4.02371644974, 131.039245605, 69.1914978027, 5.85327911377, 28.1400203705], [3650.10742188, 1107.34790039, -773.833740234, -341.00189209, -70.9055023193, -622.495117188, 287.900817871, -258.194702148, -21.4066143036, -46.6730079651, 7.70672702789, -108.030426025, 22.4535274506], [-6750.01708984, -773.833740234, 2595.12792969, 596.616455078, 98.0776138306, 1155.25708008, -711.039733887, 468.300048828, 26.5760440826, -75.4760055542, -83.6539077759, -43.7080764771, -74.9377593994], [-1095.73144531, -341.00189209, 596.616455078, 509.524353027, 208.455368042, 279.04675293, -53.5708694458, 52.2435112, 41.7997779846, 20.1272182465, -45.3645896912, 52.9265213013, -60.7143669128], [22.3156547546, -70.9055023193, 98.0776138306, 208.455368042, 184.222702026, 89.905380249, 33.7318763733, -4.26130485535, 20.8007488251, 18.0746479034, -8.47715187073, 16.7469425201, -30.6503047943], [-3745.84838867, -622.495117188, 1155.25708008, 279.04675293, 89.905380249, 707.716247559, -335.141998291, 279.391448975, 23.0175762177, -12.1341867447, -19.4633235931, 7.86926078796, -26.7792510986], [2339.77832031, 287.900817871, -711.039733887, -53.5708694458, 33.7318763733, -335.141998291, 321.144439697, -142.635467529, 14.8353700638, 27.9240055084, 7.31020450592, 18.3165664673, -7.78865242004], [-1692.14135742, -258.194702148, 468.300048828, 52.2435112, -4.26130485535, 279.391448975, -142.635467529, 189.408828735, 18.9240570068, -7.42551088333, 4.27126502991, -6.77917289734, 1.61289060116], [4.02371644974, -21.4066143036, 26.5760440826, 41.7997779846, 20.8007488251, 23.0175762177, 14.8353700638, 18.9240570068, 62.9142913818, 20.4230155945, -8.64716053009, 16.8150024414, -6.59667682648], [131.039245605, -46.6730079651, -75.4760055542, 20.1272182465, 18.0746479034, -12.1341867447, 27.9240055084, -7.42551088333, 20.4230155945, 45.9993095398, 18.3428268433, 17.3380889893, -3.61211562157], [69.1914978027, 7.70672702789, -83.6539077759, -45.3645896912, -8.47715187073, -19.4633235931, 7.31020450592, 4.27126502991, -8.64716053009, 18.3428268433, 47.7364692688, 10.7452316284, 7.06887054443], [5.85327911377, -108.030426025, -43.7080764771, 52.9265213013, 16.7469425201, 7.86926078796, 18.3165664673, -6.77917289734, 16.8150024414, 17.3380889893, 10.7452316284, 73.8749771118, 17.8204936981], [28.1400203705, 22.4535274506, -74.9377593994, -60.7143669128, -30.6503047943, -26.7792510986, -7.78865242004, 1.61289060116, -6.59667682648, -3.61211562157, 7.06887054443, 17.8204936981, 59.9555664062]],
        "icov": [[0.00243703904562, -0.00314198550768, 0.0025584504474, -0.00119733717293, -0.0020217159763, 0.00420580292121, -0.00353106926195, 0.00256418902427, -0.00120782048907, -0.000288859737338, 0.00192226411309, -0.00183610594831, 0.00250426121056], [-0.00314198550768, 0.0120327677578, -0.00921385735273, 0.00789520889521, -0.0029574050568, 0.00254699587822, -0.00318470876664, 0.00445122458041, -0.00625366810709, 0.00921979360282, -0.011273198761, 0.0115745952353, -0.00970427133143], [0.0025584504474, -0.00921385735273, 0.0106568001211, -0.00948481727391, 0.00433228723705, -0.00409459881485, 0.00567095261067, -0.00394617207348, 0.00313645461574, -0.0036348325666, 0.00811413954943, -0.00588843226433, 0.00811314024031], [-0.00119733717293, 0.00789520889521, -0.00948481727391, 0.0155490720645, -0.0111416205764, 0.00583402160555, -0.00716458493844, 0.00540360575542, -0.00302169332281, 0.00171800085809, -0.00120660220273, 0.000205096192076, -0.00281767756678], [-0.0020217159763, -0.0029574050568, 0.00433228723705, -0.0111416205764, 0.0202591121197, -0.0138275707141, 0.00680965604261, -0.00418177945539, 0.00350010418333, -0.00311312731355, -0.00087932869792, 0.000914189440664, 0.00139600294642], [0.00420580292121, 0.00254699587822, -0.00409459881485, 0.00583402160555, -0.0138275707141, 0.0248494874686, -0.0115849738941, 0.00488442322239, -0.00714061968029, 0.00468041934073, -0.00251272437163, 0.00159203750081, -0.000424588506576], [-0.00353106926195, -0.00318470876664, 0.00567095261067, -0.00716458493844, 0.00680965604261, -0.0115849738941, 0.0249442886561, -0.0133130904287, 0.00708637060598, -0.00698333606124, 0.00706877419725, -0.00603220891207, 0.00590660981834], [0.00256418902427, 0.00445122458041, -0.00394617207348, 0.00540360575542, -0.00418177945539, 0.00488442322239, -0.0133130904287, 0.0280223339796, -0.0158107988536, 0.0118554448709, -0.0142509378493, 0.0110760275275, -0.0074074883014], [-0.00120782048907, -0.00625366810709, 0.00313645461574, -0.00302169332281, 0.00350010418333, -0.00714061968029, 0.00708637060598, -0.0158107988536, 0.03479308635, -0.0239077471197, 0.0212153699249, -0.015654867515, 0.00825456064194], [-0.000288859737338, 0.00921979360282, -0.0036348325666, 0.00171800085809, -0.00311312731355, 0.00468041934073, -0.00698333606124, 0.0118554448709, -0.0239077471197, 0.0512798726559, -0.0303334780037, 0.012547233142, -0.00654179509729], [0.00192226411309, -0.011273198761, 0.00811413954943, -0.00120660220273, -0.00087932869792, -0.00251272437163, 0.00706877419725, -0.0142509378493, 0.0212153699249, -0.0303334780037, 0.0505405180156, -0.0217590052634, 0.0129846744239], [-0.00183610594831, 0.0115745952353, -0.00588843226433, 0.000205096192076, 0.000914189440664, 0.00159203750081, -0.00603220891207, 0.0110760275275, -0.015654867515, 0.012547233142, -0.0217590052634, 0.037756729871, -0.0201517492533], [0.00250426121056, -0.00970427133143, 0.00811314024031, -0.00281767756678, 0.00139600294642, -0.000424588506576, 0.00590660981834, -0.0074074883014, 0.00825456064194, -0.00654179509729, 0.0129846744239, -0.0201517492533, 0.0328885577619]]
    },
    "melbands": {
        "max": [0.00706910341978, 0.0231558140367, 0.0171438418329, 0.0125542301685, 0.00225174683146, 0.00332956458442, 0.00170460401569, 0.00164839602076, 0.00135135801975, 0.00224519125186, 0.00246103317477, 0.0016743625747, 0.0007182728732, 0.000666045933031, 0.00143833842594, 0.00229611154646, 0.000987535924651, 0.000769730540924, 0.00175437750295, 0.000526501331478, 0.000368103530491, 0.00069697224535, 0.00064308749279, 0.000454879569588, 0.000226938922424, 0.000364369247109, 0.000488219346153, 7.74387735873e-05, 5.6475342717e-05, 7.66284501879e-05, 2.58472355199e-05, 1.96873788809e-05, 7.99050940259e-06, 1.19987112157e-06, 4.9568672722e-08, 1.2203403621e-08, 1.08614734984e-08, 9.23546750187e-09, 7.45207362485e-09, 6.97581237219e-09],
        "mean": [0.000240267458139, 0.00070337660145, 0.000369337503798, 0.000206574171898, 0.000162926196936, 0.000196751847398, 0.000168897240655, 0.000106743740616, 0.00011660293967, 0.000154735069373, 0.000122750658193, 6.77209100104e-05, 3.52402748831e-05, 3.23841413774e-05, 7.73309147917e-05, 6.62722450215e-05, 5.42733905604e-05, 4.68625585199e-05, 3.00268457067e-05, 2.20428009925e-05, 1.7858326828e-05, 3.85279199691e-05, 2.69948686764e-05, 2.36844934989e-05, 1.96485925699e-05, 1.65067958733e-05, 1.88411268027e-05, 7.41510893931e-06, 5.3712647059e-06, 3.83718406738e-06, 2.56900307249e-06, 1.16028627417e-06, 6.63885771246e-07, 4.7722167551e-08, 3.40307737545e-09, 1.68060265704e-09, 1.68693881086e-09, 1.55122203971e-09, 1.37802380618e-09, 1.24332710794e-09],
        "min": [7.01311275719e-09, 1.48168330938e-08, 1.01986161738e-08, 4.02704403157e-09, 3.04573544163e-09, 1.89736537592e-09, 8.06883282412e-10, 2.49555542897e-10, 1.99915903276e-10, 1.61775468022e-10, 7.14297510029e-11, 4.74757594349e-11, 2.75171191388e-10, 2.75860750909e-10, 1.59801935573e-10, 2.56363791307e-10, 2.180748776e-10, 6.34580096803e-11, 4.94065240109e-11, 1.63200092329e-10, 1.01150712806e-10, 1.79926924054e-11, 1.17519735263e-11, 7.07878070397e-12, 4.05043984464e-11, 7.11664199793e-11, 2.0392038752e-11, 7.96132170605e-12, 1.0934276054e-11, 7.12735122657e-12, 5.70909725744e-12, 3.44316220501e-12, 1.99435867126e-12, 6.47657838818e-12, 7.87525687024e-12, 5.91792587157e-12, 3.52317328957e-12, 3.2910078742e-12, 2.23707424113e-12, 3.36438342463e-12],
        "stdev": [0.000639226578642, 0.00175638496876, 0.00123585783876, 0.000894205993973, 0.000294003461022, 0.000376372277969, 0.000282332883216, 0.000207791890716, 0.000199004818569, 0.00030059897108, 0.000253898993833, 0.000136161906994, 6.85291888658e-05, 7.07359431544e-05, 0.000172103871591, 0.000179473703611, 0.000137047318276, 0.000116111368698, 0.000135860027513, 4.80776434415e-05, 4.22838929808e-05, 8.89793009264e-05, 5.86477399338e-05, 5.60539447179e-05, 3.49185320374e-05, 3.51262824552e-05, 5.24512033735e-05, 1.23867812363e-05, 9.26139091462e-06, 8.02560043667e-06, 4.16743432652e-06, 1.9736894501e-06, 1.17682850487e-06, 1.06410745104e-07, 4.38217728771e-09, 1.28794119814e-09, 1.23381960204e-09, 1.08536102328e-09, 8.98057406218e-10, 7.87006460001e-10]
    },
    "melbands128": {
        "max": [8.25487222755e-05, 0.00069747021189, 0.00555223831907, 0.030495967716, 0.034451931715, 0.0109345028177, 0.00514901801944, 0.0227126311511, 0.0381318703294, 0.00770391477272, 0.00225205230527, 0.00339241093025, 0.00305172242224, 0.00331905973144, 0.00439710728824, 0.00602479605004, 0.0028393859975, 0.00225250562653, 0.00368954543956, 0.00338128837757, 0.00178205408156, 0.00238588475622, 0.00146698672324, 0.00268094940111, 0.00467465911061, 0.00329899671488, 0.00768580893055, 0.00274755107239, 0.00207325536758, 0.00155663106125, 0.00318114110269, 0.00213483301923, 0.000847332587, 0.000529474928044, 0.00113324669655, 0.00077811157098, 0.00100392743479, 0.00218351767398, 0.00419117463753, 0.00216687144712, 0.00510447146371, 0.00241618813016, 0.00185596977826, 0.00268122251146, 0.00161848461721, 0.00145906198304, 0.000125796781504, 0.00238207262009, 0.00253318529576, 0.00124306278303, 0.00062303408049, 0.00123280833941, 0.000550983648282, 0.000265469949227, 0.00173925445415, 0.00136223714799, 0.00174952601083, 0.00174048473127, 0.000486443430418, 0.0011555373203, 0.000483394716866, 0.00119340931997, 0.000416638533352, 0.000302344909869, 0.000766163866501, 0.000724057317711, 0.000534964026883, 0.000478905509226, 0.00107776676305, 0.000176059562364, 0.000136449059937, 0.000227351134527, 0.000101783909486, 0.000121441102237, 0.000174266242539, 0.000135659720399, 4.50155166618e-05, 9.11576789804e-05, 4.8281497584e-05, 2.9105322028e-05, 2.58557447523e-05, 2.56969797192e-05, 2.68185303867e-05, 1.09295424409e-05, 1.74989077095e-06, 1.78158984454e-06, 9.79963033387e-07, 1.48946895706e-07, 3.28607185907e-08, 1.54519455009e-08, 1.7090972193e-08, 1.14310001464e-08, 1.04794368738e-08, 1.22446204287e-08, 1.03869890467e-08, 1.26447439186e-08, 7.51567075241e-09, 8.41395042528e-09, 7.99230459592e-09, 8.2388433853e-09, 6.81128176083e-09, 6.69313449109e-09, 6.6463838877e-09, 7.76493180865e-09, 5.92647309006e-09, 5.28274268774e-09, 5.04811437096e-09, 4.79170658707e-09, 4.60886306897e-09, 4.39852376743e-09, 4.22356594143e-09, 4.05842381923e-09, 3.91073973205e-09, 3.76721320805e-09, 3.63786445412e-09, 3.52881746046e-09, 3.3887443962e-09, 3.28288485285e-09, 3.20534598863e-09, 3.11553205457e-09, 3.0252507166e-09, 2.94815860613e-09, 2.91419977039e-09, 2.85195245198e-09, 2.8311981648e-09, 2.79454437369e-09, 2.76566303192e-09, 2.74892020258e-09],
        "mean": [1.11817453217e-05, 3.41213526553e-05, 0.000251149438554, 0.000782629882451, 0.00084137218073, 0.000632502546068, 0.000327669287799, 0.000312805554131, 0.000413678819314, 0.000131855602376, 0.000139224197483, 0.000189304744708, 0.000165165387443, 0.000132754255901, 0.000208290221053, 0.000226002506679, 0.000198823196115, 0.000160912080901, 0.000123561607325, 0.000128788495203, 8.56723563629e-05, 8.01047717687e-05, 9.45045030676e-05, 0.000190002829186, 0.000166184807313, 0.000113424925075, 0.000202820840059, 7.91249694885e-05, 0.000122929865029, 8.46991315484e-05, 4.36147965956e-05, 4.340702435e-05, 3.71462156181e-05, 2.44018647209e-05, 3.81963727705e-05, 3.08070630126e-05, 2.26926877076e-05, 8.65159163368e-05, 0.000112527683086, 7.11555985617e-05, 4.68939506391e-05, 7.03031982994e-05, 5.2896222769e-05, 4.25899124821e-05, 7.61378687457e-05, 4.96983375342e-05, 6.48007926429e-06, 3.2214946259e-05, 3.72672257072e-05, 3.03839078697e-05, 1.70275943674e-05, 2.02990886464e-05, 2.06652257475e-05, 1.29513209686e-05, 1.62645210366e-05, 4.27823833888e-05, 6.14902019151e-05, 3.11297444568e-05, 1.14872591439e-05, 2.27299442486e-05, 2.27250275202e-05, 3.2500767702e-05, 9.76583032752e-06, 1.39731901072e-05, 3.76966527256e-05, 1.42400185723e-05, 6.40034295429e-06, 1.7347123503e-05, 2.91632459266e-05, 6.34986599835e-06, 6.32496676189e-06, 1.00417864815e-05, 4.59767124994e-06, 4.02286741519e-06, 6.55221447232e-06, 4.09960148318e-06, 2.11635915548e-06, 3.71096984964e-06, 2.59417402049e-06, 1.90016749002e-06, 8.95038681392e-07, 9.83743348115e-07, 1.17854608561e-06, 7.5593851534e-07, 1.21268683984e-07, 7.05971245907e-08, 1.79207368944e-08, 6.0028790827e-09, 2.31912800075e-09, 1.63745073056e-09, 1.71064973298e-09, 1.66954561287e-09, 1.67140890017e-09, 1.72152292421e-09, 1.6871306574e-09, 1.58934565508e-09, 1.57786972377e-09, 1.40757960843e-09, 1.38836830921e-09, 1.37313138637e-09, 1.25389065797e-09, 1.23112220418e-09, 1.21498300309e-09, 1.07350173195e-09, 2.35148484018e-10, 1.36508842424e-11, 1.28215008055e-11, 1.22275150075e-11, 1.17533907953e-11, 1.1281579837e-11, 1.08830843643e-11, 1.05132630032e-11, 1.01177928882e-11, 9.70980934545e-12, 9.42060318643e-12, 9.19896103735e-12, 8.88201144578e-12, 8.4582228374e-12, 8.23767703356e-12, 8.02168314412e-12, 7.80317910981e-12, 7.59866995714e-12, 7.4686550347e-12, 7.21884357846e-12, 7.03166561436e-12, 6.70609661552e-12, 6.51343345578e-12, 6.45661822618e-12],
        "min": [1.00116881452e-09, 4.01122024485e-09, 9.04666030976e-09, 1.36349642688e-08, 1.58213726564e-08, 1.5668987885e-08, 1.31136062009e-08, 8.91822260485e-09, 5.27896926172e-09, 3.61082030942e-09, 3.30306315632e-09, 2.8154576448e-09, 3.09579029079e-09, 2.61922705747e-09, 2.05227368433e-09, 1.46858747385e-09, 1.01995312196e-09, 7.6531847526e-10, 4.44093345431e-10, 2.12561662716e-10, 1.90467544514e-10, 2.10285899804e-10, 2.02772548752e-10, 1.92160037882e-10, 1.70240169184e-10, 1.65222391324e-10, 1.03254474415e-10, 6.33411240125e-11, 4.22195368943e-11, 2.82207694713e-11, 3.97720432976e-11, 9.97742860553e-11, 2.5740545806e-10, 2.17050127871e-10, 3.29961835632e-10, 2.10279058055e-10, 1.8886310571e-10, 1.83594417447e-10, 1.08678760435e-10, 1.59644394926e-10, 3.28522764548e-10, 3.36588201755e-10, 2.43287029411e-10, 1.51666540438e-10, 9.80552791741e-11, 4.94618547509e-11, 2.20759712594e-11, 8.84571929594e-12, 6.42509587201e-11, 1.14329448686e-10, 1.74245798346e-10, 1.77173720139e-10, 1.52282048083e-10, 4.89804585779e-11, 2.27294710831e-11, 2.2292227092e-11, 6.44014962886e-12, 5.90045937457e-12, 1.70952418888e-11, 1.68047659121e-11, 2.64194048583e-12, 1.83807699963e-12, 1.69018601198e-11, 4.4832363516e-11, 9.06446098736e-11, 9.20816756178e-11, 4.81372372518e-11, 2.3610622138e-11, 1.72279673166e-11, 1.06949570727e-11, 2.74645497317e-12, 7.24862834686e-12, 1.98668061169e-11, 7.84352617578e-12, 6.72667260435e-12, 7.02024592972e-12, 6.70147661322e-12, 9.93478736777e-12, 4.88561621714e-12, 1.81057599469e-12, 5.57466356063e-12, 2.36787325858e-12, 2.93624412978e-12, 2.16928298241e-12, 9.24855136052e-13, 2.02518861056e-12, 7.94936252241e-12, 1.67762626707e-11, 5.8002344247e-12, 3.19564166795e-12, 8.17025960775e-12, 5.78484699379e-12, 4.39183932277e-12, 2.43155669211e-12, 3.79681269064e-12, 4.34588302844e-12, 2.89893694987e-12, 2.62239448906e-12, 1.68410803966e-12, 2.73010758965e-12, 2.00599411214e-12, 2.70363744413e-12, 5.67709334404e-12, 1.01631203453e-11, 4.65386800277e-12, 2.66680503635e-13, 2.67022108634e-13, 3.15019061184e-13, 2.64698283908e-13, 2.89011246575e-13, 2.41418511701e-13, 1.69606380806e-13, 1.99600955881e-13, 2.38955827781e-13, 3.40714056361e-13, 2.11106739728e-13, 2.45915944943e-13, 1.28687330432e-13, 1.86081618864e-13, 2.41194352902e-13, 2.29788979728e-13, 2.93928591319e-13, 2.72797707817e-13, 1.60877130302e-13, 1.70437882557e-13, 7.37650907153e-14, 1.00411596965e-14, 3.43073701687e-16],
        "stdev": [1.46102629515e-05, 7.83735376899e-05, 0.000661668018438, 0.00237567420118, 0.00246059871279, 0.00127833639272, 0.000632157665677, 0.00162452505901, 0.00271339970641, 0.000538226100616, 0.000299522071145, 0.000407191138947, 0.000358002551366, 0.000256650673691, 0.000460306502646, 0.000588062859606, 0.000382650148822, 0.000316953432048, 0.000349159294274, 0.00031508578104, 0.000191854531295, 0.000193104482605, 0.000182783274795, 0.000404427322792, 0.000500072783325, 0.000326335139107, 0.000693168840371, 0.000223042239668, 0.000285562855424, 0.00019946534303, 0.000160796902492, 0.000134009838803, 9.16123462957e-05, 5.5241282098e-05, 0.00011232723773, 8.41784130898e-05, 7.37529844628e-05, 0.000238086213358, 0.000359430123353, 0.000244792317972, 0.000302991567878, 0.000228890829021, 0.00018581149925, 0.00025699424441, 0.000204828989808, 0.000154121182277, 1.25808492157e-05, 0.000178657966899, 0.000201399147045, 9.99117401079e-05, 4.55216904811e-05, 8.80747538758e-05, 6.42635568511e-05, 3.29031645379e-05, 9.33501287363e-05, 0.000122913290397, 0.000176669913344, 0.00012524369231, 3.2359668694e-05, 9.49675159063e-05, 5.19064160471e-05, 0.000112578069093, 3.59510086128e-05, 3.30906041199e-05, 8.79664585227e-05, 5.13321065228e-05, 3.15488832712e-05, 5.06811702508e-05, 0.000101955978607, 1.6782016246e-05, 1.37816259667e-05, 2.71167191386e-05, 1.14500662676e-05, 1.16580695249e-05, 1.96473520191e-05, 1.20986342154e-05, 4.70970644528e-06, 8.82087715581e-06, 5.19359036844e-06, 4.05520086133e-06, 2.05125820685e-06, 2.74209810414e-06, 2.75755996881e-06, 1.54541396569e-06, 2.05716844448e-07, 2.22089653334e-07, 5.40478524158e-08, 1.0502082759e-08, 2.99102853596e-09, 1.60184543407e-09, 1.70585190418e-09, 1.42194767072e-09, 1.41581668611e-09, 1.43255296514e-09, 1.4038384899e-09, 1.4232049983e-09, 1.16620757495e-09, 1.05132491601e-09, 1.05326092292e-09, 1.01390684737e-09, 9.41066780058e-10, 8.50384762607e-10, 8.4237911091e-10, 7.77764574966e-10, 3.04607089552e-10, 2.24995286291e-10, 2.1500948244e-10, 2.04085956468e-10, 1.96297630928e-10, 1.87336257618e-10, 1.79882636564e-10, 1.72846584268e-10, 1.66556893277e-10, 1.60446059216e-10, 1.54935106411e-10, 1.50287421397e-10, 1.44320902451e-10, 1.39820391376e-10, 1.36518490956e-10, 1.3269287058e-10, 1.28847474357e-10, 1.2556475304e-10, 1.24119436951e-10, 1.21473192616e-10, 1.20594187414e-10, 1.19042983804e-10, 1.17818102496e-10, 1.17105672381e-10]
    },
    "mfcc": {
        "mean": [-784.244628906, 158.087646484, -45.5259895325, 48.9556427002, -14.7887411118, 5.33660125732, 3.53933405876, -4.22669887543, 9.89100646973, -6.51951551437, 7.83695745468, -1.58816432953, -2.22905182838],
        "cov": [[25854.5820312, 3997.20532227, -7279.02636719, 2058.80102539, -4092.61523438, -694.864318848, -171.995773315, -1244.81762695, -79.3268890381, -1087.11083984, 818.12298584, -617.415649414, -313.116760254], [3997.20532227, 1190.2064209, -884.531921387, 131.827178955, -638.955932617, -248.148544312, -71.1350860596, -227.777099609, -31.7529354095, -148.512420654, 43.4261741638, -85.5523757935, -48.311630249], [-7279.02636719, -884.531921387, 2465.53930664, -417.431396484, 1266.49963379, 263.236907959, 28.6872234344, 379.354370117, 37.2881088257, 321.940307617, -240.677856445, 162.285598755, 105.20778656], [2058.80102539, 131.827178955, -417.431396484, 506.292419434, -186.752731323, 115.976158142, 22.6713867188, -48.9073638916, 29.364402771, -92.9650802612, 115.735908508, -56.2094421387, -8.48207187653], [-4092.61523438, -638.955932617, 1266.49963379, -186.752731323, 810.842468262, 213.830474854, 49.8514823914, 234.378112793, 24.5870380402, 188.348083496, -118.928421021, 99.5186309814, 62.8098449707], [-694.864318848, -248.148544312, 263.236907959, 115.976158142, 213.830474854, 200.237014771, 40.8714408875, 79.0075454712, 32.1715431213, 28.753911972, 23.0106239319, 13.9589738846, 19.3556118011], [-171.995773315, -71.1350860596, 28.6872234344, 22.6713867188, 49.8514823914, 40.8714408875, 82.6642150879, 35.6643447876, 0.349487751722, 16.6138820648, 10.4360704422, 17.3388404846, -7.2605266571], [-1244.81762695, -227.777099609, 379.354370117, -48.9073638916, 234.378112793, 79.0075454712, 35.6643447876, 131.123397827, 35.3790245056, 60.4573287964, -19.3740234375, 33.6376152039, 20.4160480499], [-79.3268890381, -31.7529354095, 37.2881088257, 29.364402771, 24.5870380402, 32.1715431213, 0.349487751722, 35.3790245056, 64.5560073853, 15.8080301285, 6.93742370605, 10.0705623627, 8.34445667267], [-1087.11083984, -148.512420654, 321.940307617, -92.9650802612, 188.348083496, 28.753911972, 16.6138820648, 60.4573287964, 15.8080301285, 90.8266906738, -18.4999847412, 32.4931564331, 16.5693359375], [818.12298584, 43.4261741638, -240.677856445, 115.735908508, -118.928421021, 23.0106239319, 10.4360704422, -19.3740234375, 6.93742370605, -18.4999847412, 98.4521331787, -0.727679312229, -16.3311958313], [-617.415649414, -85.5523757935, 162.285598755, -56.2094421387, 99.5186309814, 13.9589738846, 17.3388404846, 33.6376152039, 10.0705623627, 32.4931564331, -0.727679312229, 66.6493911743, 15.7153902054], [-313.116760254, -48.311630249, 105.20778656, -8.48207187653, 62.8098449707, 19.3556118011, -7.2605266571, 20.4160480499, 8.34445667267, 16.5693359375, -16.3311958313, 15.7153902054, 53.0038490295]],
        "icov": [[0.0032767620869, -0.00500995852053, 0.00552547443658, -0.00600678380579, 0.00378982629627, -0.00255743390881, 0.00212022592314, -0.0017032304313, 0.00216201739386, -0.00187600334175, -0.000322032923577, 0.001160346088, 5.42462585145e-05], [-0.00500995852053, 0.00938970502466, -0.00881062075496, 0.00868694391102, -0.00455920491368, 0.00509504927322, -0.00338903162628, 0.00371189322323, -0.00377389905043, 0.00295758713037, 0.000930963491555, -0.00167747761589, -5.72068929614e-05], [0.00552547443658, -0.00881062075496, 0.0120847262442, -0.0103676039726, 0.0034879357554, -0.00484265061095, 0.00601621111855, -0.00531283672899, 0.00515457615256, -0.00580397667363, 0.00207338505425, 0.000474361149827, 0.000971305475105], [-0.00600678380579, 0.00868694391102, -0.0103676039726, 0.0165594425052, -0.00843762140721, 0.00249370443635, -0.00680493423715, 0.00634618476033, -0.00788504816592, 0.00959150865674, -0.005630123429, 0.00248699914664, -0.00285574421287], [0.00378982629627, -0.00455920491368, 0.0034879357554, -0.00843762140721, 0.0180180482566, -0.0100786229596, 0.00480306567624, -0.00749438302591, 0.00886599067599, -0.0116629945114, 0.00860140379518, -0.00467298179865, 0.00211852043867], [-0.00255743390881, 0.00509504927322, -0.00484265061095, 0.00249370443635, -0.0100786229596, 0.0191478002816, -0.00707642687485, 0.00367180514149, -0.00830904860049, 0.00956559833139, -0.0091738384217, 0.00518919248134, -0.00393260037526], [0.00212022592314, -0.00338903162628, 0.00601621111855, -0.00680493423715, 0.00480306567624, -0.00707642687485, 0.0228246226907, -0.0119177950546, 0.0109123243019, -0.0110487332568, 0.00763956503943, -0.0087007144466, 0.00768452463672], [-0.0017032304313, 0.00371189322323, -0.00531283672899, 0.00634618476033, -0.00749438302591, 0.00367180514149, -0.0119177950546, 0.0284262578934, -0.0159430187196, 0.00837695039809, -0.00903715100139, 0.00580178154632, -0.00477251270786], [0.00216201739386, -0.00377389905043, 0.00515457615256, -0.00788504816592, 0.00886599067599, -0.00830904860049, 0.0109123243019, -0.0159430187196, 0.0297696962953, -0.0146214794368, 0.00956918951124, -0.00835393555462, 0.00331208691932], [-0.00187600334175, 0.00295758713037, -0.00580397667363, 0.00959150865674, -0.0116629945114, 0.00956559833139, -0.0110487332568, 0.00837695039809, -0.0146214794368, 0.0390494354069, -0.0174583066255, 0.00737965898588, -0.00721622956917], [-0.000322032923577, 0.000930963491555, 0.00207338505425, -0.005630123429, 0.00860140379518, -0.0091738384217, 0.00763956503943, -0.00903715100139, 0.00956918951124, -0.0174583066255, 0.0315995365381, -0.0148082468659, 0.00969235599041], [0.001160346088, -0.00167747761589, 0.000474361149827, 0.00248699914664, -0.00467298179865, 0.00518919248134, -0.0087007144466, 0.00580178154632, -0.00835393555462, 0.00737965898588, -0.0148082468659, 0.0294618625194, -0.00929157901555], [5.42462585145e-05, -5.72068929614e-05, 0.000971305475105, -0.00285574421287, 0.00211852043867, -0.00393260037526, 0.00768452463672, -0.00477251270786, 0.00331208691932, -0.00721622956917, 0.00969235599041, -0.00929157901555, 0.0260421223938]]
    },
    "spectral_contrast_coeffs": {
        "max": [-0.536365926266, -0.581286370754, -0.555647909641, -0.613740801811, -0.627641677856, -0.502654135227],
        "mean": [-0.742132723331, -0.779569268227, -0.778077065945, -0.788728177547, -0.791621148586, -0.700649023056],
        "min": [-0.944293379784, -0.939882874489, -0.940092802048, -0.930491507053, -0.9122569561, -0.91519588232],
        "stdev": [0.0658842846751, 0.0805381312966, 0.0870112329721, 0.0779676511884, 0.0783705115318, 0.114372313023]
    },
    "spectral_contrast_valleys": {
        "max": [-5.09336519241, -5.00412559509, -6.13888406754, -6.59279823303, -6.35804080963, -9.7177066803],
        "mean": [-7.96907234192, -7.71164703369, -8.37098789215, -8.64511299133, -8.55665588379, -12.7001504898],
        "min": [-11.3775653839, -12.1405878067, -12.8147878647, -12.7530546188, -13.4633693695, -15.5790710449],
        "stdev": [1.31641948223, 1.70227074623, 1.68100464344, 1.56038856506, 1.62594330311, 0.397329032421]
    }
},
"rhythm": {
    "beats_count": 25,
    "beats_loudness": {
        "max": 0.123831957579,
        "mean": 0.0223052725196,
        "min": 1.5053748939e-05,
        "stdev": 0.0268198475242
    },
    "bpm": 123.308616638,
    "bpm_histogram_first_peak_bpm": 123,
    "bpm_histogram_first_peak_weight": 0.25,
    "bpm_histogram_second_peak_bpm": 0,
    "bpm_histogram_second_peak_spread": 0,
    "bpm_histogram_second_peak_weight": 0,
    "danceability": 0.836396455765,
    "onset_rate": 2.19446659088,
    "beats_loudness_band_ratio": {
        "max": [0.968680500984, 0.48669347167, 0.74102383852, 0.354789197445, 0.327581971884, 0.269859105349],
        "mean": [0.425459831953, 0.135545030236, 0.183522030711, 0.123633868992, 0.113477468491, 0.0490960516036],
        "min": [0.0240762010217, 0.0103102354333, 0.0026255545672, 0.00568177225068, 0.00692872935906, 0.00418608123437],
        "stdev": [0.315984725952, 0.131894618273, 0.18470081687, 0.0971126332879, 0.0933426395059, 0.0571606755257]
    },
    "beats_position": [0.476009070873, 0.96362811327, 1.45124709606, 1.93886613846, 2.42648530006, 2.91410422325, 3.40172338486, 3.87773227692, 4.35374164581, 4.82975053787, 5.31736946106, 5.80498838425, 6.29260778427, 6.78022670746, 7.26784563065, 7.75546455383, 8.24308395386, 8.74231243134, 9.24154186249, 9.72916126251, 10.2167797089, 10.6927890778, 11.1804075241, 11.6680269241, 12.1556463242],
