{
"metadata": {
    "version": {
        "essentia": "2.1-beta5",
        "essentia_git_sha": "Undefined",
        "extractor": "music 2.0"
    },
    "audio_properties": {
        "analysis": {
            "equal_loudness": 0,
            "length": 32.4963264465,
            "sample_rate": 44100,
            "start_time": 110.248344421,
            "downmix": "mix"
        },
        "bit_rate": 192000,
        "length": 205.728973389,
        "lossless": 0,
        "number_channels": 2,
        "replay_gain": -5.01300621033,
        "sample_rate": 48000,
        "codec": "mp3",
        "md5_encoded": "78f2ca88a78fc9c50783159977da6086"
    },
    "tags": {
        "file_name": "Italy_Dio Come Ti Amo_Domenico Modugno.mp3",
        "encoding": ["Lavf58.29.100"]
    }
},
"lowlevel": {
    "average_loudness": 0.127873688936,
    "barkbands_crest": {
        "max": 25.0012226105,
        "mean": 12.0355367661,
        "min": 3.94468593597,
        "stdev": 4.12608623505
    },
    "barkbands_flatness_db": {
        "max": 0.366002142429,
        "mean": 0.226892754436,
        "min": 0.0890442207456,
        "stdev": 0.052689936012
    },
    "barkbands_kurtosis": {
        "max": 141.225723267,
        "mean": 6.31589889526,
        "min": -1.74866497517,
        "stdev": 12.9976596832
    },
    "barkbands_skewness": {
        "max": 8.33117485046,
        "mean": 1.31833982468,
        "min": -2.94262671471,
        "stdev": 1.45464324951
    },
    "barkbands_spread": {
        "max": 57.7678108215,
        "mean": 10.5864543915,
        "min": 0.726697325706,
        "stdev": 7.3846373558
    },
    "dissonance": {
        "max": 0.497980475426,
        "mean": 0.405492216349,
        "min": 0.181300729513,
        "stdev": 0.0625787451863
    },
    "dynamic_complexity": 11.688287735,
    "erbbands_crest": {
        "max": 33.8349456787,
        "mean": 14.4829101562,
        "min": 4.20642709732,
        "stdev": 6.1951789856
    },
    "erbbands_flatness_db": {
        "max": 0.41838118434,
        "mean": 0.255938649178,
        "min": 0.0867074877024,
        "stdev": 0.0592787377536
    },
    "erbbands_kurtosis": {
        "max": 67.3910064697,
        "mean": 2.91668438911,
        "min": -1.63839912415,
        "stdev": 5.95873832703
    },
    "erbbands_skewness": {
        "max": 7.39170217514,
        "mean": 0.478887885809,
        "min": -5.90178775787,
        "stdev": 1.23691654205
    },
    "erbbands_spread": {
        "max": 106.542816162,
        "mean": 20.5729923248,
        "min": 1.61876583099,
        "stdev": 15.7601442337
    },
    "hfc": {
        "max": 100.894714355,
        "mean": 8.39978599548,
        "min": 0.00189231219701,
        "stdev": 15.9610433578
    },
    "loudness_ebu128": {
        "integrated": -20.7871189117,
        "loudness_range": 21.3027553558,
        "momentary": {
            "max": -14.5698232651,
            "mean": -31.4523887634,
            "min": -57.1762161255,
            "stdev": 10.6410827637
        },
        "short_term": {
            "max": -17.7799301147,
            "mean": -29.102394104,
            "min": -43.504234314,
            "stdev": 8.62364292145
        }
    },
    "melbands_crest": {
        "max": 32.9283256531,
        "mean": 14.7477693558,
        "min": 4.95778179169,
        "stdev": 5.04740762711
    },
    "melbands_flatness_db": {
        "max": 0.424628466368,
        "mean": 0.270102471113,
        "min": 0.117517381907,
        "stdev": 0.0685165822506
    },
    "melbands_kurtosis": {
        "max": 139.936767578,
        "mean": 9.43464374542,
        "min": -1.68765676022,
        "stdev": 15.8099536896
    },
    "melbands_skewness": {
        "max": 8.3183965683,
        "mean": 1.75374770164,
        "min": -2.01967144012,
        "stdev": 1.57231378555
    },
    "melbands_spread": {
        "max": 61.0594978333,
        "mean": 14.5080413818,
        "min": 1.03611779213,
        "stdev": 9.7625541687
    },
    "pitch_salience": {
        "max": 0.835375845432,
        "mean": 0.526273608208,
        "min": 0.210404768586,
        "stdev": 0.101966068149
    },
    "silence_rate_20dB": {
        "max": 1,
        "mean": 1,
        "min": 1,
        "stdev": 0
    },
    "silence_rate_30dB": {
        "max": 1,
        "mean": 1,
        "min": 1,
        "stdev": 0
    },
    "silence_rate_60dB": {
        "max": 1,
        "mean": 0.598857939243,
        "min": 0,
        "stdev": 0.490131080151
    },
    "spectral_centroid": {
        "max": 2878.51171875,
        "mean": 835.514831543,
        "min": 234.53692627,
        "stdev": 479.541503906
    },
    "spectral_complexity": {
        "max": 29,
        "mean": 7.02712345123,
        "min": 0,
        "stdev": 6.71884298325
    },
    "spectral_decrease": {
        "max": -7.56817406054e-13,
        "mean": -2.07956496467e-09,
        "min": -2.21903224684e-08,
        "stdev": 3.50173423591e-09
    },
    "spectral_energy": {
        "max": 0.0929029285908,
        "mean": 0.00861064530909,
        "min": 3.08712105834e-06,
        "stdev": 0.0146359587088
    },
    "spectral_energyband_high": {
        "max": 0.000936757423915,
        "mean": 6.67830754537e-05,
        "min": 2.98077402761e-08,
        "stdev": 0.000143283454236
    },
    "spectral_energyband_low": {
        "max": 0.004135992378,
        "mean": 0.000276985345408,
        "min": 9.39444419146e-07,
        "stdev": 0.000478478730656
    },
    "spectral_energyband_middle_high": {
        "max": 0.0519442744553,
        "mean": 0.00292131840251,
        "min": 2.07130582908e-07,
        "stdev": 0.00592284137383
    },
    "spectral_energyband_middle_low": {
        "max": 0.0516932159662,
        "mean": 0.00545507716015,
        "min": 1.3329417925e-07,
        "stdev": 0.009017592296
    },
    "spectral_entropy": {
        "max": 8.38545036316,
        "mean": 6.7192401886,
        "min": 5.41337871552,
        "stdev": 0.603992938995
    },
    "spectral_flux": {
        "max": 0.234944477677,
        "mean": 0.0293980017304,
        "min": 0.000677349162288,
        "stdev": 0.0340367369354
    },
    "spectral_kurtosis": {
        "max": 47.8525276184,
        "mean": 11.0640735626,
        "min": -0.276828050613,
        "stdev": 8.67667770386
    },
    "spectral_rms": {
        "max": 0.00952034723014,
        "mean": 0.00203483714722,
        "min": 5.4880099924e-05,
        "stdev": 0.00206399546005
    },
    "spectral_rolloff": {
        "max": 4457.37304688,
        "mean": 1013.01000977,
        "min": 129.19921875,
        "stdev": 621.892089844
    },
    "spectral_skewness": {
        "max": 5.34700202942,
        "mean": 2.46189236641,
        "min": 0.404443740845,
        "stdev": 1.01510095596
    },
    "spectral_spread": {
        "max": 23307878,
        "mean": 3330429.5,
        "min": 1403192.125,
        "stdev": 1393353.125
    },
    "spectral_strongpeak": {
        "max": 10.3202857971,
        "mean": 0.918999314308,
        "min": 0,
        "stdev": 1.28811371326
    },
    "zerocrossingrate": {
        "max": 0.09423828125,
        "mean": 0.0381897985935,
        "min": 0.00732421875,
        "stdev": 0.0164570957422
    },
    "barkbands": {
        "max": [8.62955203047e-05, 0.000729630934075, 0.00302362721413, 0.00351451011375, 0.00456623081118, 0.0148669276386, 0.00465608807281, 0.0344171412289, 0.0456836223602, 0.00723281037062, 0.0155691802502, 0.0282347984612, 0.0323958992958, 0.022520493716, 0.00853025261313, 0.00412220833823, 0.00556469522417, 0.00577314244583, 0.0027377535589, 0.000622403458692, 0.000487826910103, 0.000366509455489, 0.000222446295084, 0.00010918796761, 1.77969868673e-05, 2.95477525469e-06, 3.15655620398e-06],
        "mean": [5.87254316997e-06, 5.02835100633e-05, 0.000130977990921, 0.000159193688887, 0.000446192105301, 0.000960934965406, 0.000215484426008, 0.00187051435933, 0.00175538507756, 0.000175712499185, 0.0002259274479, 0.00047008425463, 0.000235096740653, 0.000681733828969, 0.000299842155073, 0.000142889854033, 0.000345477892552, 0.000276298611425, 7.96726380941e-05, 2.16048319999e-05, 2.67515497399e-05, 1.7889216906e-05, 1.23041118059e-05, 3.34006699632e-06, 1.17539252642e-06, 2.49451725942e-09, 2.64777710868e-09],
        "min": [5.57296964132e-09, 1.63582839718e-07, 6.46975877316e-08, 8.98837271279e-09, 7.36796401668e-09, 9.04300723192e-09, 3.79789932836e-09, 3.73339137383e-09, 1.10658930907e-08, 4.09885636543e-09, 3.27346039164e-09, 2.75211364809e-09, 1.54645221073e-08, 7.15154913067e-09, 5.35113331424e-09, 3.64034424827e-09, 5.96743721104e-09, 8.30705904065e-09, 7.44275130415e-09, 2.03569450186e-09, 4.33306457381e-09, 3.69007069345e-09, 5.99017146996e-09, 7.79349029756e-09, 2.38241182338e-09, 3.44108457007e-11, 4.81128817342e-11],
        "stdev": [1.02759968286e-05, 8.39049826027e-05, 0.000285613234155, 0.000366893422324, 0.000646647706162, 0.00161555106752, 0.000465075660031, 0.00520081073046, 0.00577079411596, 0.00046871433733, 0.000964297156315, 0.00232886476442, 0.00159603555221, 0.00242858123966, 0.00102882552892, 0.00039769965224, 0.000808832701296, 0.000648340967018, 0.0002194820554, 6.20758655714e-05, 6.44885440124e-05, 3.99068485422e-05, 3.00603132928e-05, 7.96005861048e-06, 2.47423076871e-06, 7.89083500763e-08, 8.42977883053e-08]
    },
    "erbbands": {
        "max": [0.0166708268225, 0.18416364491, 2.31464958191, 7.31225395203, 7.41930770874, 22.3469791412, 52.881187439, 137.214385986, 60.2305603027, 448.037200928, 870.928405762, 1361.94921875, 460.027099609, 135.768676758, 814.942199707, 1333.66711426, 1068.73571777, 445.275878906, 948.58581543, 228.653564453, 242.317718506, 247.742126465, 329.177947998, 240.527404785, 75.1714324951, 26.9993000031, 19.3562583923, 19.4846191406, 17.269613266, 8.36546611786, 6.70112752914, 2.51421523094, 1.50338256359, 0.350000441074, 0.0772980600595, 0.0117909349501, 0.00548142520711, 0.00195378018543, 0.000449924205896, 0.000113347661681],
        "mean": [0.000824351387564, 0.0154753187671, 0.121546067297, 0.399896502495, 0.612918198109, 1.80186200142, 5.13058805466, 8.43051624298, 3.01735687256, 11.1191301346, 50.9262809753, 50.7309494019, 7.56881523132, 6.18213605881, 12.65234375, 22.9954185486, 10.9446840286, 19.592124939, 36.4818344116, 8.63886547089, 9.40253162384, 14.4952173233, 17.1098518372, 8.96234798431, 2.27803349495, 1.00563597679, 0.853266954422, 1.09946548939, 0.588378608227, 0.560428202152, 0.332990139723, 0.0858682915568, 0.0588473603129, 0.02332306467, 0.00324061349966, 0.000102339610748, 1.38365257953e-05, 3.89282558899e-06, 5.36607376489e-06, 1.04665596155e-05],
        "min": [2.73188925348e-06, 2.7626474548e-05, 0.000163997188793, 0.000118298943562, 0.000124335871078, 0.000101948404335, 5.95195560891e-05, 8.42337030917e-05, 8.86198104126e-05, 0.000131915570819, 0.000216177242692, 0.000166970698046, 0.000200699621928, 0.000228535165661, 0.000153580185724, 0.000461491988972, 0.000891012139618, 0.000561653927434, 0.000444194010925, 0.000283432658762, 0.000311731157126, 0.000336684752256, 0.000508964527398, 0.000450865307357, 0.000282688619336, 0.000139906740515, 0.000210832076846, 0.000111546280095, 0.000141443379107, 9.71594636212e-05, 0.000168462880538, 0.000177965135663, 0.000118440373626, 3.84565064451e-05, 1.49713541759e-05, 2.09237873605e-06, 2.49426676646e-07, 5.98419731546e-08, 1.68606177908e-08, 5.86091575272e-09],
        "stdev": [0.00135127804242, 0.0244044717401, 0.237233653665, 0.838273346424, 0.972903907299, 2.71585583687, 7.73279333115, 15.0311479568, 5.83901166916, 38.4981765747, 134.041687012, 159.62940979, 25.023765564, 11.9810400009, 54.587310791, 110.89654541, 57.6163291931, 55.9042434692, 103.398422241, 22.5674285889, 23.4788837433, 33.1381340027, 41.0383415222, 22.4206123352, 6.2269282341, 2.73695278168, 2.1673438549, 2.52782845497, 1.37445473671, 1.30511033535, 0.839063882828, 0.205317169428, 0.137706428766, 0.0483144894242, 0.00736541394144, 0.000370246154489, 0.000147204787936, 5.23110793438e-05, 1.47567834574e-05, 1.79704366019e-05]
    },
    "gfcc": {
        "mean": [-217.539138794, 146.645858765, -133.67868042, 17.6802349091, -80.1537322998, 10.8677911758, -41.5992927551, -9.0644826889, -13.7823085785, -19.1291770935, 0.720604777336, -16.7853927612, 4.43998479843],
        "cov": [[19773.3535156, -128.472549438, -5186.23291016, -29.3834342957, 13.1367225647, -1858.83068848, -240.939239502, -50.8762321472, 1354.63220215, -402.293914795, -88.2487869263, -400.319458008, -359.837615967], [-128.472549438, 1055.53076172, 323.611572266, -542.957763672, -13.0486421585, -166.980773926, 46.8113632202, -209.17036438, -125.702018738, -136.224304199, 82.5232925415, 35.6639976501, 179.055206299], [-5186.23291016, 323.611572266, 1668.08984375, -32.1722068787, -68.833366394, 446.511871338, 37.5935592651, -61.1114845276, -394.540588379, 68.0180587769, 36.7844772339, 118.868759155, 151.791152954], [-29.3834342957, -542.957763672, -32.1722068787, 614.71673584, 135.082092285, 82.5232543945, -73.8031997681, 88.4761352539, 129.333374023, 141.293777466, -99.6868286133, -88.0254745483, -115.892364502], [13.1367225647, -13.0486421585, -68.833366394, 135.082092285, 280.412078857, 78.3770294189, -3.56318044662, 39.0577774048, 55.2008590698, 59.369140625, -42.8022537231, -81.1525497437, -48.2510643005], [-1858.83068848, -166.980773926, 446.511871338, 82.5232543945, 78.3770294189, 390.71862793, 85.518447876, 75.1133575439, -125.391906738, 53.7173728943, -8.94173908234, 12.3002662659, -25.1723213196], [-240.939239502, 46.8113632202, 37.5935592651, -73.8031997681, -3.56318044662, 85.518447876, 188.03578186, 57.7409591675, -72.0436706543, -44.5781097412, 36.1229972839, 39.594909668, -14.6077766418], [-50.8762321472, -209.17036438, -61.1114845276, 88.4761352539, 39.0577774048, 75.1133575439, 57.7409591675, 146.114547729, 17.958738327, -2.81500220299, -16.355550766, 3.3504948616, -45.3330230713], [1354.63220215, -125.702018738, -394.540588379, 129.333374023, 55.2008590698, -125.391906738, -72.0436706543, 17.958738327, 208.558731079, 47.946434021, -50.986907959, -76.8379821777, -47.3247718811], [-402.293914795, -136.224304199, 68.0180587769, 141.293777466, 59.369140625, 53.7173728943, -44.5781097412, -2.81500220299, 47.946434021, 139.914535522, -9.74115657806, -45.4058418274, -35.1770553589], [-88.2487869263, 82.5232925415, 36.7844772339, -99.6868286133, -42.8022537231, -8.94173908234, 36.1229972839, -16.355550766, -50.986907959, -9.74115657806, 101.677619934, 74.3484573364, 3.69102430344], [-400.319458008, 35.6639976501, 118.868759155, -88.0254745483, -81.1525497437, 12.3002662659, 39.594909668, 3.3504948616, -76.8379821777, -45.4058418274, 74.3484573364, 135.824493408, 56.5403404236], [-359.837615967, 179.055206299, 151.791152954, -115.892364502, -48.2510643005, -25.1723213196, -14.6077766418, -45.3330230713, -47.3247718811, -35.1770553589, 3.69102430344, 56.5403404236, 132.430511475]],
        "icov": [[0.000594369717874, -0.000846964772791, 0.00174207729287, -0.00087053241441, 0.000779927766416, -4.07195511798e-05, 0.000281729880953, 6.73183421895e-06, -0.000909829337616, 0.00114478298929, -0.000805747054983, 0.0005492514465, 7.83039286034e-05], [-0.000846964772791, 0.00850883498788, -0.00616974569857, 0.00549136567861, -0.00594994798303, 0.00434629432857, -0.00445587141439, 0.00579709978774, -0.00342188379727, 0.00437277276069, -0.0044405865483, 0.00499330833554, -0.00384675548412], [0.00174207729287, -0.00616974569857, 0.0088959550485, -0.00512630166486, 0.00517463684082, -0.00355161190964, 0.00344971218146, -0.00250439811498, 0.00298479804769, -0.00117977359332, 0.000695333059411, -0.00110908225179, 0.000333751871949], [-0.00087053241441, 0.00549136567861, -0.00512630166486, 0.00746904034168, -0.00469768280163, 0.0028844550252, -0.00208115996793, 0.00248204404488, -0.00251912279055, -0.000857300008647, 0.0026281606406, -0.000874223711435, 0.00125073757954], [0.000779927766416, -0.00594994798303, 0.00517463684082, -0.00469768280163, 0.00948453228921, -0.00448341621086, 0.00290008517914, -0.00446288008243, 0.00156507443171, -0.00278939749114, 0.000859328720253, 0.000683231686708, 0.00102013966534], [-4.07195511798e-05, 0.00434629432857, -0.00355161190964, 0.0028844550252, -0.00448341621086, 0.00914673414081, -0.00403437204659, 0.00111205410212, 4.05691935157e-05, 0.000563792826142, 9.87865132629e-05, 0.00143264606595, 0.00019852402329], [0.000281729880953, -0.00445587141439, 0.00344971218146, -0.00208115996793, 0.00290008517914, -0.00403437204659, 0.0113504519686, -0.00638765655458, 0.00459654163569, -0.000946966581978, 0.000293982622679, -0.00246572727337, 0.00280566141009], [6.73183421895e-06, 0.00579709978774, -0.00250439811498, 0.00248204404488, -0.00446288008243, 0.00111205410212, -0.00638765655458, 0.0167269613594, -0.00620331289247, 0.00621926691383, -0.000408455787692, -0.000415023125242, 0.000453246437246], [-0.000909829337616, -0.00342188379727, 0.00298479804769, -0.00251912279055, 0.00156507443171, 4.05691935157e-05, 0.00459654163569, -0.00620331289247, 0.0214158445597, -0.0116733340546, 0.00830711983144, -0.00308779021725, 0.00112934492063], [0.00114478298929, 0.00437277276069, -0.00117977359332, -0.000857300008647, -0.00278939749114, 0.000563792826142, -0.000946966581978, 0.00621926691383, -0.0116733340546, 0.0227865856141, -0.0150465527549, 0.0119807552546, -0.00389889837243], [-0.000805747054983, -0.0044405865483, 0.000695333059411, 0.0026281606406, 0.000859328720253, 9.87865132629e-05, 0.000293982622679, -0.000408455787692, 0.00830711983144, -0.0150465527549, 0.0365630090237, -0.0261283777654, 0.0146501734853], [0.0005492514465, 0.00499330833554, -0.00110908225179, -0.000874223711435, 0.000683231686708, 0.00143264606595, -0.00246572727337, -0.000415023125242, -0.00308779021725, 0.0119807552546, -0.0261283777654, 0.0321153402328, -0.0155497388914], [7.83039286034e-05, -0.00384675548412, 0.000333751871949, 0.00125073757954, 0.00102013966534, 0.00019852402329, 0.00280566141009, 0.000453246437246, 0.00112934492063, -0.00389889837243, 0.0146501734853, -0.0155497388914, 0.0201494954526]]
    },
    "melbands": {
        "max": [0.000191366882063, 0.000862077402417, 0.00112555699889, 0.00100692617707, 0.00171737512574, 0.00295279058628, 0.000799779023509, 0.00653686234728, 0.00720903789625, 0.0074652642943, 0.0022171237506, 0.000567601353396, 0.00220691831782, 0.00418506423011, 0.00666360650212, 0.000587257847656, 0.00103618053254, 0.00217992905527, 0.000367831875337, 0.000366090709576, 0.000241795671172, 0.000218806511839, 0.000337316974765, 0.000297941151075, 0.000204773372388, 5.13962950208e-05, 3.67263819498e-05, 1.60391045938e-05, 1.42535536725e-05, 1.18751167975e-05, 1.05087055999e-05, 1.02188596429e-05, 6.46044645691e-06, 4.78449055663e-06, 4.59395414509e-06, 2.29855413636e-06, 2.15234126699e-06, 1.45808826346e-06, 5.82656923598e-07, 2.85413506163e-07],
        "mean": [1.12347952381e-05, 5.13307786605e-05, 7.09317610017e-05, 8.6068015662e-05, 0.000165800593095, 0.000181368552148, 4.13707639382e-05, 0.000158885639394, 0.000444851175416, 0.000269239506451, 2.58182881225e-05, 2.31748981605e-05, 3.56871423719e-05, 5.31181685801e-05, 4.86920071125e-05, 1.66299396369e-05, 4.22528100898e-05, 7.17084112694e-05, 1.41932405313e-05, 1.1017237739e-05, 1.23537329273e-05, 1.41167492984e-05, 1.76395369635e-05, 1.68359620147e-05, 6.13231532043e-06, 1.88930164313e-06, 1.20320066799e-06, 4.73561243552e-07, 4.8308248779e-07, 6.21275376034e-07, 6.13473844169e-07, 2.9741076446e-07, 3.7859092572e-07, 2.80744444581e-07, 2.16599985947e-07, 9.19726872439e-08, 3.85325762409e-08, 4.14370191493e-08, 3.41182833097e-08, 1.55613140151e-08],
        "min": [4.51211512598e-08, 1.10410297793e-07, 2.79501470857e-08, 8.25128854132e-09, 1.51351797761e-09, 1.94127514064e-09, 1.0714276133e-09, 1.53107460044e-09, 2.51878806701e-09, 1.20704268802e-09, 8.73333294571e-10, 8.53024040293e-10, 4.44217357343e-10, 3.81532000437e-10, 2.3399453486e-09, 1.18079346301e-09, 6.79784617486e-10, 5.16691411878e-10, 4.48664855268e-10, 3.07103925623e-10, 2.86962398288e-10, 3.34798355706e-10, 3.57348678426e-10, 3.81154857676e-10, 2.80108464201e-10, 2.97213587075e-10, 6.57629020684e-11, 8.9142693227e-11, 1.55645524247e-10, 7.11626382821e-11, 6.63539570511e-11, 9.30971758017e-11, 5.23084839332e-11, 5.76860469115e-11, 7.96228569189e-11, 1.47116749338e-10, 9.16636835879e-11, 8.20667839241e-11, 7.11517095242e-11, 2.09167613785e-11],
        "stdev": [1.84542477655e-05, 9.1233610874e-05, 0.00013896478049, 0.000120238037198, 0.000244276307058, 0.000317392055877, 8.2992548414e-05, 0.000526733696461, 0.00110152375419, 0.000868801376782, 0.000115855567856, 4.87943143526e-05, 0.000148591672769, 0.000266272545559, 0.000322814565152, 4.79057380289e-05, 0.00013476490858, 0.000219828987611, 4.56630623376e-05, 3.35775184794e-05, 3.0965435144e-05, 3.29910581058e-05, 4.42125565314e-05, 4.17917290179e-05, 1.65624333022e-05, 5.0104958973e-06, 3.67673646906e-06, 1.37367590014e-06, 1.43109411965e-06, 1.44058310525e-06, 1.41470684412e-06, 7.2831937814e-07, 8.95810387647e-07, 6.7748675292e-07, 5.54187920443e-07, 2.43183535531e-07, 1.19193586556e-07, 1.09397142012e-07, 7.59087797064e-08, 3.33039089639e-08]
    },
    "melbands128": {
        "max": [4.79674781673e-05, 0.000121087570733, 0.000324017251842, 0.000386178260669, 0.000762390031014, 0.0016952783335, 0.00183848990127, 0.00187307863962, 0.000799571396783, 0.00141775351949, 0.00150498421863, 0.00189816718921, 0.0023667528294, 0.00570906046778, 0.00477915629745, 0.00174729013816, 0.001220731996, 0.00142687256448, 0.000701180368196, 0.00615399703383, 0.0148251047358, 0.00838282331824, 0.013984201476, 0.0132583621889, 0.0174468234181, 0.00318824220449, 0.00477406103164, 0.00269854138605, 0.000469520135084, 0.000819297158159, 0.000787131546531, 0.000287255010335, 0.00376855954528, 0.00639269966632, 0.00340393465012, 0.00859021022916, 0.00820258166641, 0.0143497837707, 0.00606631673872, 0.00111299497075, 0.000749030557927, 0.00202897540294, 0.00123522267677, 0.0029370195698, 0.00617079762742, 0.00172792666126, 0.00187084358186, 0.000438653776655, 0.000303106178762, 0.000584869470913, 0.000743210548535, 0.000692494329996, 0.000354880001396, 0.000531996425707, 0.000710450811312, 0.000348131143255, 0.000780037487857, 0.000893669843208, 0.000430999847595, 0.000604179687798, 0.00056315708207, 0.000312216259772, 0.000456346577266, 0.00026320834877, 7.92101418483e-05, 5.96201389271e-05, 0.000152896202053, 5.39384091098e-05, 8.45355316414e-05, 3.95205388486e-05, 2.10103844438e-05, 2.49480381171e-05, 1.60306972248e-05, 2.47678763117e-05, 1.64657176356e-05, 1.79229009518e-05, 2.41659508902e-05, 2.81892735075e-05, 1.25725628095e-05, 9.07917819859e-06, 1.17037407108e-05, 1.34647871164e-05, 1.36908183777e-05, 1.14705344458e-05, 1.03381953522e-05, 6.56227939544e-06, 7.32579110263e-06, 5.91739808442e-06, 5.47492709302e-06, 4.47540332971e-06, 4.64391587229e-06, 1.99200530915e-06, 1.01768159766e-06, 2.85425653601e-06, 2.80148401544e-06, 2.59897183241e-06, 1.67918801708e-06, 1.10715780011e-06, 8.14902364255e-07, 5.30709485247e-07, 3.57636452009e-07, 2.97176171671e-07, 2.98702531154e-07, 3.12370531219e-07, 4.66663436782e-08, 2.25318377289e-08, 2.18770459526e-08, 2.10449577764e-08, 2.02332834931e-08, 1.94729423697e-08, 1.87595343704e-08, 1.80223551638e-08, 1.73802519043e-08, 1.67604667922e-08, 1.61902899976e-08, 1.56531836382e-08, 1.51849324226e-08, 1.47339642709e-08, 1.43416851728e-08, 1.39768410179e-08, 1.36621061131e-08, 1.33530626556e-08, 1.30712125568e-08, 1.28755361928e-08, 1.26535812939e-08, 1.25264376649e-08, 1.24114389877e-08, 1.23472325697e-08],
        "mean": [3.80387564292e-06, 4.02349996875e-06, 1.3709895029e-05, 2.60242486547e-05, 5.06366886839e-05, 6.79001313983e-05, 8.65019246703e-05, 7.24730780348e-05, 4.0434391849e-05, 0.000100442790426, 9.72080088104e-05, 0.000106572420918, 0.000141117212479, 0.00029552943306, 0.000268433359452, 6.32915325696e-05, 2.85973546852e-05, 4.94524610986e-05, 3.33167845383e-05, 0.000105863116914, 0.000188072706806, 0.00039783862303, 0.000527745578438, 0.000380362820579, 0.000506982731167, 0.000104364233266, 3.27825691784e-05, 2.13486819121e-05, 1.32472368932e-05, 3.36760749633e-05, 2.04946118174e-05, 1.38613841045e-05, 4.21278491558e-05, 5.31936311745e-05, 2.21578156925e-05, 6.80612938595e-05, 8.09507473605e-05, 4.55888039141e-05, 3.57771095878e-05, 1.19822780107e-05, 8.81291907717e-06, 2.96122580039e-05, 1.6720738131e-05, 4.14155874751e-05, 0.000142255943501, 4.93227416882e-05, 4.9555379519e-05, 4.84355996377e-06, 4.56724001197e-06, 1.09945722215e-05, 1.61849166034e-05, 6.11767336522e-06, 3.08660901283e-06, 2.09152021853e-05, 2.19478570216e-05, 4.51535379398e-06, 1.18354464576e-05, 3.51187700289e-05, 8.22025049274e-06, 8.71725205798e-06, 2.71714889095e-05, 1.41048521982e-05, 4.71816019854e-06, 6.36700042378e-06, 3.41024542649e-06, 1.18851039588e-06, 1.43272995956e-06, 1.0811733091e-06, 1.45804699514e-06, 8.96180495147e-07, 4.29329475082e-07, 2.28365294674e-07, 3.40404767485e-07, 6.03236912866e-07, 5.31376372237e-07, 5.1293540082e-07, 6.65688048684e-07, 9.35730042784e-07, 5.29627016022e-07, 4.72161474363e-07, 2.34790078935e-07, 2.29285774367e-07, 3.68777193671e-07, 4.14463727338e-07, 4.0749944219e-07, 2.5916816071e-07, 2.73013597507e-07, 2.23828735102e-07, 2.31422561114e-07, 2.04600951292e-07, 1.24153984871e-07, 5.72816354349e-08, 3.74181645668e-08, 3.76547539815e-08, 3.87701675209e-08, 3.81952318662e-08, 4.18759498189e-08, 4.73880419349e-08, 3.87429182069e-08, 2.59624002297e-08, 1.69293823404e-08, 1.54091690518e-08, 1.12187814594e-08, 7.29345606132e-09, 9.42627420564e-10, 2.05661460084e-11, 1.83298497908e-11, 1.76962628579e-11, 1.70366342561e-11, 1.64121164575e-11, 1.58277193435e-11, 1.52362636396e-11, 1.46808711021e-11, 1.4159436644e-11, 1.36973279941e-11, 1.32896896612e-11, 1.29239076038e-11, 1.24281062872e-11, 1.20907129794e-11, 1.18056840345e-11, 1.15207531015e-11, 1.12629922749e-11, 1.0976984946e-11, 1.07190974846e-11, 1.04650264149e-11, 1.02303061855e-11, 1.00697427827e-11, 1.00075807016e-11],
        "min": [1.45923495509e-09, 4.26244550766e-09, 5.61782353969e-09, 3.02940392771e-08, 1.12219584736e-08, 3.26418856389e-08, 1.12347429138e-08, 4.64546801027e-09, 4.56180071495e-09, 5.42483391541e-10, 7.89370291354e-10, 6.02219052404e-10, 9.16418940733e-10, 9.47022793518e-10, 3.92549770467e-10, 5.07939135197e-10, 9.79933578726e-10, 3.18105791708e-10, 2.42469933021e-10, 4.68814376209e-10, 6.17340289999e-10, 4.78449446728e-10, 5.41936939769e-10, 1.12271181241e-09, 2.64078814372e-10, 2.21801244038e-10, 2.40441527799e-10, 2.57039917129e-10, 4.5665893289e-10, 2.32440483527e-10, 4.72018757414e-10, 4.38158120897e-10, 3.07668557298e-10, 2.1351674595e-10, 1.38126288185e-10, 1.8683174452e-10, 2.62107280324e-10, 2.39796543733e-10, 5.78804337792e-10, 5.4123977522e-10, 9.47287942532e-11, 1.96704791344e-10, 3.6365352396e-10, 3.63160168604e-10, 3.25366567022e-10, 2.86314111309e-10, 7.95456200908e-11, 2.19079254737e-10, 1.67803729245e-10, 2.32188032689e-10, 8.15306294699e-11, 2.11856060472e-10, 1.4684140015e-10, 1.07740365241e-10, 1.18847737207e-10, 1.88802307122e-10, 1.79467246619e-10, 1.64915497924e-10, 1.06794753596e-10, 1.4518411473e-10, 1.90313903525e-10, 1.64507588107e-10, 1.90841606407e-10, 1.38087041801e-10, 6.64889254764e-11, 2.33272318129e-10, 6.75441300113e-11, 2.25300680889e-11, 3.68632208092e-11, 7.91031407044e-11, 1.21904666917e-10, 6.76876540928e-11, 7.67009789016e-11, 1.44040515626e-10, 6.94054744232e-11, 9.71655117477e-11, 5.0743725194e-11, 2.5237444079e-11, 7.37264832518e-11, 1.02285326042e-10, 1.02184899431e-10, 9.93943191641e-11, 4.41831814191e-11, 5.75017707061e-11, 4.88031975943e-11, 2.95263986871e-11, 6.2409834245e-11, 1.09669877346e-10, 3.96477989328e-11, 1.11569947725e-10, 1.26681221069e-10, 1.7092241511e-10, 1.26646443332e-10, 7.74950867366e-11, 7.74125277769e-11, 1.04323688577e-10, 4.66654284659e-11, 1.0886717916e-10, 7.64924651397e-11, 2.98698843437e-11, 2.70745717512e-11, 2.48199325675e-11, 5.18508066344e-12, 1.29150457689e-11, 8.48086878502e-12, 1.50397232103e-13, 1.44266312763e-13, 1.32222127669e-13, 1.6438833259e-13, 1.5988919173e-13, 1.59027264556e-13, 1.02448099646e-13, 1.36391779489e-13, 1.44793465412e-13, 1.46537892497e-13, 1.4812115293e-13, 1.48775645124e-13, 1.76382508859e-13, 1.54674382568e-13, 1.66163022469e-13, 1.45479440126e-13, 1.504932111e-13, 1.2182433068e-13, 1.30069159653e-13, 8.47749469365e-14, 3.05710047121e-14, 4.69107302035e-15, 1.35493071074e-16],
        "stdev": [6.23833102509e-06, 7.40161613066e-06, 2.77416911558e-05, 4.42284435849e-05, 9.78604366537e-05, 0.000155746980454, 0.000191015060409, 0.000178425689228, 7.92541904957e-05, 0.000153300105012, 0.000165285164258, 0.000219384019147, 0.000250495650107, 0.000560677086469, 0.000506041164044, 0.000153865883476, 8.24907547212e-05, 0.00013115144975, 7.30690226192e-05, 0.000466926489025, 0.000966584077105, 0.00124553148635, 0.00174267473631, 0.00146375980694, 0.00193816970568, 0.000244485767325, 0.0002638300939, 0.00013955833856, 4.15958566009e-05, 8.26304894872e-05, 5.51406737941e-05, 3.43841857102e-05, 0.00017251376994, 0.0003556998563, 0.000180875707883, 0.000475268287119, 0.000450495368568, 0.000548136769794, 0.000313762051519, 4.59613511339e-05, 3.75926283596e-05, 0.000113557973236, 7.52519554226e-05, 0.000225618365221, 0.000636578071862, 0.000173425170942, 0.000207294520806, 2.55775776168e-05, 2.26171996474e-05, 3.45682274201e-05, 6.39811332803e-05, 3.13181080855e-05, 1.39536987263e-05, 6.23216983513e-05, 7.59034737712e-05, 1.98272919079e-05, 4.78402434965e-05, 0.000100005738204, 2.76731861959e-05, 4.11845321651e-05, 7.64567157603e-05, 3.94549497287e-05, 2.14004994632e-05, 2.18988334382e-05, 1.01684863694e-05, 4.12208464695e-06, 8.08479580883e-06, 3.938957434e-06, 5.91629304836e-06, 2.80726931123e-06, 1.54559745624e-06, 1.22645451484e-06, 1.17753347695e-06, 2.4858886718e-06, 1.48809704115e-06, 1.38497762237e-06, 1.75016441517e-06, 2.48704327532e-06, 1.358647296e-06, 1.17347053674e-06, 6.96801521372e-07, 7.206981536e-07, 1.03756769931e-06, 1.09001052806e-06, 1.10191217573e-06, 6.64744334244e-07, 7.02230863681e-07, 5.79570382797e-07, 6.38104722839e-07, 5.67710515043e-07, 3.83098694101e-07, 1.58846674481e-07, 9.73082450173e-08, 1.38146830864e-07, 1.5231563566e-07, 1.33161549343e-07, 1.17456529836e-07, 1.16126720684e-07, 9.20816987104e-08, 5.97995253315e-08, 3.83871991971e-08, 3.51202267268e-08, 2.77805547455e-08, 2.02649470538e-08, 2.84316414856e-09, 6.01728056271e-10, 5.84243764479e-10, 5.62017821171e-10, 5.4034049457e-10, 5.20034293405e-10, 5.00982477725e-10, 4.81293893628e-10, 4.64146360235e-10, 4.47595988051e-10, 4.32367003311e-10, 4.18022255699e-10, 4.05517980306e-10, 3.93477334049e-10, 3.83000797743e-10, 3.73257896813e-10, 3.64852120738e-10, 3.56599277884e-10, 3.49074213979e-10, 3.43848949313e-10, 3.37926436833e-10, 3.3453578796e-10, 3.31466909476e-10, 3.29751642658e-10]
    },
    "mfcc": {
        "mean": [-849.433288574, 159.698043823, 6.66002988815, 3.44538998604, -5.33522367477, -1.5711286068, -10.4052829742, -1.75509524345, -8.47456550598, -7.65467309952, -0.595893263817, -3.91118884087, -9.63074874878],
        "cov": [[23392.7558594, -945.228149414, -5159.99267578, 602.34576416, -592.749023438, -1050.61193848, -1953.46264648, 60.1965560913, -11.3699426651, 107.451164246, 868.117919922, 120.099098206, -395.840576172], [-945.228149414, 1485.64477539, 332.922546387, -328.016815186, -158.228408813, -93.0292892456, 120.800628662, -94.8421630859, -120.126029968, -180.532974243, -283.720794678, -119.049713135, 37.7656936646], [-5159.99267578, 332.922546387, 1453.90661621, -146.65737915, 53.5980415344, 218.84173584, 396.977416992, -39.675743103, -41.8711700439, -72.4450683594, -282.605712891, -57.7906417847, 114.534667969], [602.34576416, -328.016815186, -146.65737915, 309.245056152, 106.165611267, 32.5785560608, -98.8042831421, -40.9135322571, 55.316078186, 66.8386688232, 80.5464401245, 36.7204017639, -14.4450292587], [-592.749023438, -158.228408813, 53.5980415344, 106.165611267, 282.071777344, 118.634643555, 7.26420116425, -35.7897491455, 65.2176589966, 100.137611389, 59.1298828125, -24.8040294647, -29.7278270721], [-1050.61193848, -93.0292892456, 218.84173584, 32.5785560608, 118.634643555, 198.080230713, 107.71496582, -24.0178260803, 37.2913589478, 67.7228088379, 10.3379421234, 0.262159466743, 4.48399019241], [-1953.46264648, 120.800628662, 396.977416992, -98.8042831421, 7.26420116425, 107.71496582, 346.26651001, 100.937820435, -7.71240520477, -27.0131397247, -56.4171638489, 26.6209259033, 41.9338951111], [60.1965560913, -94.8421630859, -39.675743103, -40.9135322571, -35.7897491455, -24.0178260803, 100.937820435, 178.509292603, 17.6856117249, -33.7725715637, 9.25912284851, 32.2996559143, 22.6679840088], [-11.3699426651, -120.126029968, -41.8711700439, 55.316078186, 65.2176589966, 37.2913589478, -7.71240520477, 17.6856117249, 109.099075317, 68.4640731812, 22.0622444153, -24.5365829468, -18.5435714722], [107.451164246, -180.532974243, -72.4450683594, 66.8386688232, 100.137611389, 67.7228088379, -27.0131397247, -33.7725715637, 68.4640731812, 152.482131958, 81.5416183472, -25.3834228516, -45.3176193237], [868.117919922, -283.720794678, -282.605712891, 80.5464401245, 59.1298828125, 10.3379421234, -56.4171638489, 9.25912284851, 22.0622444153, 81.5416183472, 200.08833313, 68.8150863647, -52.888923645], [120.099098206, -119.049713135, -57.7906417847, 36.7204017639, -24.8040294647, 0.262159466743, 26.6209259033, 32.2996559143, -24.5365829468, -25.3834228516, 68.8150863647, 127.709434509, 34.3558998108], [-395.840576172, 37.7656936646, 114.534667969, -14.4450292587, -29.7278270721, 4.48399019241, 41.9338951111, 22.6679840088, -18.5435714722, -45.3176193237, -52.888923645, 34.3558998108, 109.336006165]],
        "icov": [[0.000372617418179, -0.00014662288595, 0.000971436384134, -0.000404161168262, 0.000643890118226, -0.000255316728726, 0.00115450646263, -0.000784840027336, 0.000592369236983, -0.000164046010468, -0.000193594692973, 0.000318010279443, 7.3014802183e-05], [-0.00014662288595, 0.00145276356488, -9.42733386182e-05, 0.00112166942563, -0.000453426968306, 0.00080745771993, -0.00147417036351, 0.001959834015, -0.000169431252289, 0.000844988331664, 0.0013081721263, 0.000254822749412, 9.12100076675e-05], [0.000971436384134, -9.42733386182e-05, 0.00431051524356, -0.000769361504354, 0.00127103494015, -0.00138109200634, 0.00120127678383, -0.000644245301373, 0.00189981376752, -0.000232611069805, 0.00166033930145, 0.000815873267129, -0.000219907175051], [-0.000404161168262, 0.00112166942563, -0.000769361504354, 0.00615583686158, -0.00228983839042, 0.000507159682456, -0.000516980246175, 0.00263806688599, -0.00259135570377, 0.000326973764459, 0.00127247488126, -0.00280828564428, -2.9498087315e-05], [0.000643890118226, -0.000453426968306, 0.00127103494015, -0.00228983839042, 0.00754814874381, -0.00328366854228, 0.00222380482592, -0.00140433269553, -6.7071247031e-05, -0.000831316574477, -0.00279198260978, 0.00293647986837, -0.000150228021084], [-0.000255316728726, 0.00080745771993, -0.00138109200634, 0.000507159682456, -0.00328366854228, 0.0117582799867, -0.00466874195263, 0.00387378386222, -0.0017810332356, -0.0027523569297, 0.000559938838705, -0.00142153876368, -0.000802360882517], [0.00115450646263, -0.00147417036351, 0.00120127678383, -0.000516980246175, 0.00222380482592, -0.00466874195263, 0.0120738158002, -0.00848592724651, 0.00277468841523, -0.00172286957968, -0.0005500659463, -0.00154982728418, 0.00126443011686], [-0.000784840027336, 0.001959834015, -0.000644245301373, 0.00263806688599, -0.00140433269553, 0.00387378386222, -0.00848592724651, 0.0141343073919, -0.00600254349411, 0.00443130219355, -0.000192386287381, -0.000225297146244, -0.00191505101975], [0.000592369236983, -0.000169431252289, 0.00189981376752, -0.00259135570377, -6.7071247031e-05, -0.0017810332356, 0.00277468841523, -0.00600254349411, 0.0175517275929, -0.00723903486505, 0.00247129262425, 0.00227010413073, 0.000564210000448], [-0.000164046010468, 0.000844988331664, -0.000232611069805, 0.000326973764459, -0.000831316574477, -0.0027523569297, -0.00172286957968, 0.00443130219355, -0.00723903486505, 0.0182008948177, -0.00775820575655, 0.00633976049721, -0.000398806005251], [-0.000193594692973, 0.0013081721263, 0.00166033930145, 0.00127247488126, -0.00279198260978, 0.000559938838705, -0.0005500659463, -0.000192386287381, 0.00247129262425, -0.00775820575655, 0.0188303608447, -0.0116107892245, 0.00670551974326], [0.000318010279443, 0.000254822749412, 0.000815873267129, -0.00280828564428, 0.00293647986837, -0.00142153876368, -0.00154982728418, -0.000225297146244, 0.00227010413073, 0.00633976049721, -0.0116107892245, 0.0198723431677, -0.00751264672726], [7.3014802183e-05, 9.12100076675e-05, -0.000219907175051, -2.9498087315e-05, -0.000150228021084, -0.000802360882517, 0.00126443011686, -0.00191505101975, 0.000564210000448, -0.000398806005251, 0.00670551974326, -0.00751264672726, 0.0150442589074]]
    },
    "spectral_contrast_coeffs": {
        "max": [-0.434160411358, -0.433087170124, -0.525780618191, -0.582370638847, -0.573714494705, -0.626518130302],
        "mean": [-0.695580363274, -0.723162472248, -0.747877597809, -0.784760832787, -0.81619566679, -0.81402182579],
        "min": [-0.945210814476, -0.944756448269, -0.948427796364, -0.918835401535, -0.920567452908, -0.94217646122],
        "stdev": [0.0759949311614, 0.0897497907281, 0.0853656604886, 0.0805286169052, 0.0903931483626, 0.0677095726132]
    },
    "spectral_contrast_valleys": {
        "max": [-6.27801513672, -5.45647478104, -6.33679485321, -6.37148809433, -7.07018756866, -9.89434337616],
        "mean": [-8.46272754669, -8.22132587433, -9.2728471756, -9.74897956848, -9.98305034637, -12.2998991013],
        "min": [-11.3367452621, -11.5980358124, -12.1264572144, -12.1280698776, -11.7491769791, -13.3879928589],
        "stdev": [1.05239093304, 1.42045164108, 1.3008389473, 1.44014656544, 1.38744664192, 0.965926766396]
    }
},
"rhythm": {
    "beats_count": 54,
    "beats_loudness": {
        "max": 0.0659857913852,
        "mean": 0.0103864977136,
        "min": 5.23487369719e-06,
        "stdev": 0.016255075112
    },
    "bpm": 97.8429336548,
    "bpm_histogram_first_peak_bpm": 98,
    "bpm_histogram_first_peak_weight": 0.423076868057,
    "bpm_histogram_second_peak_bpm": 92,
    "bpm_histogram_second_peak_spread": 0.333333313465,
    "bpm_histogram_second_peak_weight": 0.0754716992378,
    "danceability": 0.838728129864,
    "onset_rate": 2.46093726158,
    "beats_loudness_band_ratio": {
        "max": [0.901999413967, 0.940940737724, 0.861957669258, 0.795505285263, 0.452347010374, 0.127174764872],
        "mean": [0.166836678982, 0.298423647881, 0.295723289251, 0.175448000431, 0.0756070315838, 0.0114856185392],
        "min": [0.00470446655527, 0.0147811342031, 0.0132131604478, 0.00224091578275, 0.000327773741446, 0.000262642744929],
        "stdev": [0.221322089434, 0.240892514586, 0.2136092484, 0.201884761453, 0.109085932374, 0.0203988216817]
    },
    "beats_position": [0.568888902664, 1.14938771725, 1.72988653183, 2.29877543449, 2.87927436829, 3.50621318817, 4.13315200806, 4.81814050674, 5.4915189743, 6.18811798096, 6.88471651077, 7.5464849472, 8.19664382935, 8.84680271149, 9.49696159363, 10.1355104446, 10.6927890778, 11.2500677109, 11.8189563751, 12.3297958374, 12.840634346, 13.328253746, 13.7694330215, 14.2338323593, 14.7098407745, 15.1742401123, 15.6502494812, 16.114648819, 16.637096405, 17.1595458984, 17.6819953918, 18.3205432892, 18.9590930939, 19.5860309601, 20.2013607025, 20.8166885376, 21.4204082489, 22.035736084, 22.6510658264, 23.2663936615, 23.8817234039, 24.497051239, 25.1239910126, 25.7277088165, 26.3314285278, 26.9351463318, 27.5504760742, 28.1658039093, 28.7695236206, 29.3616313934, 29.9537410736, 30.5458488464, 31.1379585266, 31.7416782379],
