{
"metadata": {
    "version": {
        "essentia": "2.1-beta5",
        "essentia_git_sha": "Undefined",
        "extractor": "music 2.0"
    },
    "audio_properties": {
        "analysis": {
            "equal_loudness": 0,
            "length": 12.7477550507,
            "sample_rate": 44100,
            "start_time": 0,
            "downmix": "mix"
        },
        "bit_rate": 192000,
        "length": 165.76725769,
        "lossless": 0,
        "number_channels": 2,
        "replay_gain": -2.02962112427,
        "sample_rate": 44100,
        "codec": "mp3",
        "md5_encoded": "9085515397d0adc9d633de6c210e7887"
    },
    "tags": {
        "file_name": "Luxembourg_Ce Soir Je T_attendais_Michèle Torr.mp3",
        "encoding": ["Lavf58.29.100"]
    }
},
"lowlevel": {
    "average_loudness": 0.263277411461,
    "barkbands_crest": {
        "max": 20.6277198792,
        "mean": 8.88886928558,
        "min": 2.93265151978,
        "stdev": 3.60847949982
    },
    "barkbands_flatness_db": {
        "max": 0.277328312397,
        "mean": 0.181011199951,
        "min": 0.0509234927595,
        "stdev": 0.0262568909675
    },
    "barkbands_kurtosis": {
        "max": 49.8545684814,
        "mean": 8.7121963501,
        "min": -1.7270693779,
        "stdev": 10.6896648407
    },
    "barkbands_skewness": {
        "max": 6.48909330368,
        "mean": 2.19962525368,
        "min": -2.11613821983,
        "stdev": 1.76380348206
    },
    "barkbands_spread": {
        "max": 94.4026260376,
        "mean": 15.0591688156,
        "min": 3.93904256821,
        "stdev": 7.45270824432
    },
    "dissonance": {
        "max": 0.499804258347,
        "mean": 0.474447399378,
        "min": 0.381797790527,
        "stdev": 0.0183018855751
    },
    "dynamic_complexity": 12.8392286301,
    "erbbands_crest": {
        "max": 17.1219863892,
        "mean": 6.45854759216,
        "min": 2.87140464783,
        "stdev": 2.21568417549
    },
    "erbbands_flatness_db": {
        "max": 0.291891783476,
        "mean": 0.188154473901,
        "min": 0.050313398242,
        "stdev": 0.0647855773568
    },
    "erbbands_kurtosis": {
        "max": 2.78556537628,
        "mean": -0.63950330019,
        "min": -1.554651618,
        "stdev": 0.613108515739
    },
    "erbbands_skewness": {
        "max": 1.63973104954,
        "mean": 0.236520886421,
        "min": -1.44980227947,
        "stdev": 0.416630327702
    },
    "erbbands_spread": {
        "max": 101.155838013,
        "mean": 47.5854911804,
        "min": 12.4046440125,
        "stdev": 24.4939956665
    },
    "hfc": {
        "max": 70.9560241699,
        "mean": 9.78822612762,
        "min": 1.14636896451e-16,
        "stdev": 13.232252121
    },
    "loudness_ebu128": {
        "integrated": -22.6353282928,
        "loudness_range": 12.3242416382,
        "momentary": {
            "max": -17.2747135162,
            "mean": -34.134059906,
            "min": -53.092956543,
            "stdev": 13.2562475204
        },
        "short_term": {
            "max": -20.4981174469,
            "mean": -31.6966934204,
            "min": -50.7309417725,
            "stdev": 11.0117425919
        }
    },
    "melbands_crest": {
        "max": 28.3398551941,
        "mean": 14.170750618,
        "min": 2.12295842171,
        "stdev": 6.79643678665
    },
    "melbands_flatness_db": {
        "max": 0.35046595335,
        "mean": 0.235014736652,
        "min": 0.00643920898438,
        "stdev": 0.0461278297007
    },
    "melbands_kurtosis": {
        "max": 170.894729614,
        "mean": 31.1262989044,
        "min": -1.33985495567,
        "stdev": 37.7552947998
    },
    "melbands_skewness": {
        "max": 10.9163951874,
        "mean": 3.76607823372,
        "min": -0.122062817216,
        "stdev": 2.9048511982
    },
    "melbands_spread": {
        "max": 153.067596436,
        "mean": 18.1466712952,
        "min": 2.29719233513,
        "stdev": 17.873544693
    },
    "pitch_salience": {
        "max": 0.835832893848,
        "mean": 0.56829816103,
        "min": 0.171285316348,
        "stdev": 0.115486323833
    },
    "silence_rate_20dB": {
        "max": 1,
        "mean": 1,
        "min": 1,
        "stdev": 0
    },
    "silence_rate_30dB": {
        "max": 1,
        "mean": 0.983636379242,
        "min": 0,
        "stdev": 0.126869529486
    },
    "silence_rate_60dB": {
        "max": 1,
        "mean": 0.421818166971,
        "min": 0,
        "stdev": 0.493851035833
    },
    "spectral_centroid": {
        "max": 11312.4296875,
        "mean": 1164.08129883,
        "min": 398.759033203,
        "stdev": 881.160949707
    },
    "spectral_complexity": {
        "max": 43,
        "mean": 13.1036367416,
        "min": 0,
        "stdev": 12.5452709198
    },
    "spectral_decrease": {
        "max": 3.30980419759e-29,
        "mean": -3.516559266e-09,
        "min": -5.12466762359e-08,
        "stdev": 6.23702955949e-09
    },
    "spectral_energy": {
        "max": 0.198276177049,
        "mean": 0.0141601180658,
        "min": 1.0726403201e-20,
        "stdev": 0.0244680903852
    },
    "spectral_energyband_high": {
        "max": 0.0019455589354,
        "mean": 0.000115689646918,
        "min": 7.79611830438e-21,
        "stdev": 0.000208247336559
    },
    "spectral_energyband_low": {
        "max": 0.146155625582,
        "mean": 0.00488052563742,
        "min": 4.1461096607e-23,
        "stdev": 0.0157071817666
    },
    "spectral_energyband_middle_high": {
        "max": 0.0365291535854,
        "mean": 0.00376112898812,
        "min": 1.45987937028e-21,
        "stdev": 0.0053914161399
    },
    "spectral_energyband_middle_low": {
        "max": 0.126764863729,
        "mean": 0.00720342528075,
        "min": 2.5887602778e-22,
        "stdev": 0.0137482844293
    },
    "spectral_entropy": {
        "max": 9.80573749542,
        "mean": 7.55034351349,
        "min": 6.94645118713,
        "stdev": 0.309935599566
    },
    "spectral_flux": {
        "max": 0.265857458115,
        "mean": 0.0416959710419,
        "min": 7.16422685065e-11,
        "stdev": 0.0382141880691
    },
    "spectral_kurtosis": {
        "max": 16.8735790253,
        "mean": 3.61825871468,
        "min": -1.24278283119,
        "stdev": 2.6960041523
    },
    "spectral_rms": {
        "max": 0.0139082772657,
        "mean": 0.00267500523478,
        "min": 3.23493185364e-12,
        "stdev": 0.00258052372374
    },
    "spectral_rolloff": {
        "max": 19358.3496094,
        "mean": 1143.3347168,
        "min": 107.666015625,
        "stdev": 2108.31323242
    },
    "spectral_skewness": {
        "max": 2.46532392502,
        "mean": 1.20964443684,
        "min": -0.0173876658082,
        "stdev": 0.338889509439
    },
    "spectral_spread": {
        "max": 42669584,
        "mean": 4004987.75,
        "min": 1745825.875,
        "stdev": 3329816
    },
    "spectral_strongpeak": {
        "max": 7.47136306763,
        "mean": 0.597396731377,
        "min": 0,
        "stdev": 1.00710558891
    },
    "zerocrossingrate": {
        "max": 0.50390625,
        "mean": 0.0463787280023,
        "min": 0.00537109375,
        "stdev": 0.0423103384674
    },
    "barkbands": {
        "max": [0.000629215093795, 0.0439783483744, 0.0346637926996, 0.112167090178, 0.0123218838125, 0.00836512632668, 0.0168525334448, 0.0135447094217, 0.0104348175228, 0.00632745865732, 0.00978242605925, 0.0123734883964, 0.00981811061502, 0.0026964310091, 0.00343287060969, 0.00719483802095, 0.00942359305918, 0.00434910878539, 0.00505760405213, 0.00154547463171, 0.00075121037662, 0.000183099909918, 2.09813083529e-06, 5.56720465283e-07, 5.09261155912e-07, 4.76647841197e-07, 5.10839583967e-07],
        "mean": [1.15818402264e-05, 0.00137980352156, 0.0017273183912, 0.00229827756993, 0.000884716631845, 0.000867861439474, 0.00129591173027, 0.000837513711303, 0.000942671496887, 0.000471628736705, 0.000713857414667, 0.000486858858494, 0.000471314910101, 0.000198802139494, 0.000272014993243, 0.000297813472571, 0.00033597156289, 0.000269039708655, 0.000231058162171, 9.8228083516e-05, 5.30343968421e-05, 1.42806511576e-05, 2.51037050703e-07, 1.84660379432e-07, 1.36767809522e-07, 1.40498701562e-09, 1.51375667556e-09],
        "min": [2.92893088942e-24, 2.10796097877e-23, 6.33773691154e-24, 2.40268067514e-23, 2.45039855575e-23, 2.40746969193e-23, 2.69911219967e-23, 2.51389475888e-23, 3.01955412581e-23, 3.09718592749e-23, 2.54060353809e-23, 5.49056403929e-23, 6.03902116137e-23, 6.83282286021e-23, 4.50403667933e-23, 1.07222012103e-22, 1.65856743145e-22, 2.31460978244e-22, 1.47466603153e-22, 3.33791080858e-22, 4.42925885018e-22, 3.75400628465e-22, 5.92778306471e-22, 7.38010704079e-22, 1.08460816549e-21, 1.40363745e-21, 2.21224284948e-21],
        "stdev": [3.12323427352e-05, 0.00505044916645, 0.00408064993098, 0.0101607674733, 0.00136044702958, 0.00117316038813, 0.00212131487206, 0.00141286675353, 0.00150588981342, 0.00092108885292, 0.00129191309679, 0.00117328600027, 0.00101579038892, 0.000346882530721, 0.000474930508062, 0.000613381096628, 0.000786614487879, 0.000528920791112, 0.000466617580969, 0.000180989416549, 9.5677729405e-05, 2.58042491623e-05, 2.7067463293e-07, 8.75465815398e-08, 6.1536894691e-08, 2.03132675125e-08, 2.17702211813e-08]
    },
    "erbbands": {
        "max": [0.721220612526, 11.5537948608, 26.3984565735, 291.517700195, 119.726997375, 54.7869338989, 44.4001312256, 92.0949172974, 151.944244385, 262.095977783, 218.594589233, 289.811401367, 138.262176514, 302.384521484, 382.874237061, 607.490966797, 366.805297852, 164.50831604, 216.569519043, 146.030105591, 317.346893311, 345.272949219, 303.970550537, 323.703308105, 215.983947754, 61.3572502136, 49.655960083, 19.6878070831, 6.57570648193, 0.900604188442, 0.0451449640095, 0.0127002066001, 0.00967933796346, 0.0057051689364, 0.00374973355792, 0.00193780928385, 0.000903643027414, 0.000318778707879, 0.000106408195279, 0.000219279958401],
        "mean": [0.0222446452826, 0.383701652288, 1.50377881527, 6.63174629211, 3.38672041893, 3.36097311974, 4.74963760376, 7.97438907623, 16.8546447754, 17.3903560638, 19.4079551697, 23.1041641235, 10.6958503723, 27.7306003571, 26.6245326996, 21.3290901184, 19.5977077484, 14.7781114578, 12.6187524796, 12.9611053467, 17.7525024414, 15.5156288147, 17.4149608612, 12.5810546875, 10.9122095108, 4.44618272781, 2.82272100449, 1.55440151691, 0.626156032085, 0.0951903313398, 0.00792041700333, 0.00404352182522, 0.00315505615436, 0.0022360868752, 0.000565308728255, 2.93983212032e-05, 9.31473186938e-06, 2.9302564144e-06, 7.69370308262e-06, 1.65709370776e-05],
        "min": [9.30006170303e-22, 3.38243704632e-21, 5.81977702584e-21, 5.76158503131e-20, 4.6066557499e-20, 1.10834679908e-19, 6.38059853413e-20, 2.07882662999e-19, 3.11356676227e-19, 7.20256920129e-19, 5.17938520165e-19, 5.18720102446e-19, 1.92831724013e-18, 1.03858833158e-18, 1.38320252812e-18, 2.44848315089e-18, 2.86664300966e-18, 3.42674726835e-18, 2.41750585733e-18, 4.12824047516e-18, 6.66399531658e-18, 9.68475799759e-18, 1.35191653076e-17, 8.72669094235e-18, 1.07705508384e-17, 1.30046250522e-17, 1.44014129879e-17, 1.90124618294e-17, 1.17047785484e-17, 1.33199396843e-17, 1.76597022362e-17, 1.44086293116e-17, 1.46594023491e-17, 9.92008757313e-18, 7.4947055088e-18, 4.92581836154e-18, 2.73620634644e-18, 1.12108212349e-18, 3.04232712448e-19, 3.26677793081e-20],
        "stdev": [0.0800118595362, 1.34706556797, 3.39976167679, 26.6184806824, 10.4021978378, 5.52254056931, 6.40559005737, 12.0080709457, 26.1034088135, 30.5925960541, 28.6452922821, 37.8199157715, 17.9203681946, 47.4642486572, 48.1932296753, 58.0920181274, 39.3925323486, 24.0951633453, 23.0295600891, 20.6925640106, 35.2765426636, 30.871339798, 34.1568870544, 24.0544033051, 24.0793685913, 7.51664161682, 5.09729766846, 2.82016324997, 1.08325099945, 0.155651763082, 0.00764841772616, 0.00211919890717, 0.00156619085465, 0.00103367818519, 0.000296917220112, 8.42899098643e-05, 3.95329770981e-05, 1.38262548717e-05, 1.27596886159e-05, 2.76884893537e-05]
    },
    "gfcc": {
        "mean": [-189.25567627, 148.617401123, -147.981842041, 50.5874176025, -49.6260604858, -1.27747619152, -26.6993751526, -1.59340918064, -13.6772289276, -9.60584068298, -4.13596153259, -16.0193729401, 2.98304343224],
        "cov": [[35360.5859375, 7494.46728516, -8225.41308594, -2362.05224609, -28.2307720184, -4214.55517578, 2579.61181641, -1411.12695312, -221.644363403, -212.764648438, 110.667533875, -603.441467285, 58.3068275452], [7494.46728516, 1798.08508301, -1675.67163086, -616.284179688, 18.80768013, -956.709350586, 586.148742676, -303.597503662, -52.8733520508, -56.9271621704, 56.5056114197, -159.97038269, 21.5559082031], [-8225.41308594, -1675.67163086, 2363.42236328, 824.313781738, -1.46556425095, 1233.79125977, -741.281616211, 424.244262695, 56.2312240601, 36.2942733765, -27.4005126953, 113.357177734, -21.3078269958], [-2362.05224609, -616.284179688, 824.313781738, 516.392150879, -26.4885520935, 525.575561523, -314.684509277, 161.396286011, 26.0063343048, 14.4500522614, -33.5399703979, 44.4723434448, -11.1270227432], [-28.2307720184, 18.80768013, -1.46556425095, -26.4885520935, 135.08605957, 4.03835916519, 96.5147857666, 14.2799110413, 18.8219203949, 9.50145626068, -4.69921731949, -6.7850112915, -23.7191581726], [-4214.55517578, -956.709350586, 1233.79125977, 525.575561523, 4.03835916519, 808.941650391, -426.674530029, 260.21975708, 36.8378982544, 22.2466773987, -25.8720474243, 66.7917175293, -4.99325942993], [2579.61181641, 586.148742676, -741.281616211, -314.684509277, 96.5147857666, -426.674530029, 398.44744873, -129.364212036, 0.0735110342503, 0.871034741402, 2.23206710815, -44.3301544189, -15.835357666], [-1411.12695312, -303.597503662, 424.244262695, 161.396286011, 14.2799110413, 260.21975708, -129.364212036, 141.66255188, 34.3193359375, 11.5250473022, -4.82320404053, 13.4520893097, -6.73885917664], [-221.644363403, -52.8733520508, 56.2312240601, 26.0063343048, 18.8219203949, 36.8378982544, 0.0735110342503, 34.3193359375, 44.2373390198, 20.2758579254, -5.3984041214, 1.80085682869, -8.76515674591], [-212.764648438, -56.9271621704, 36.2942733765, 14.4500522614, 9.50145626068, 22.2466773987, 0.871034741402, 11.5250473022, 20.2758579254, 34.8770675659, 9.4933052063, 3.52759933472, -8.43967628479], [110.667533875, 56.5056114197, -27.4005126953, -33.5399703979, -4.69921731949, -25.8720474243, 2.23206710815, -4.82320404053, -5.3984041214, 9.4933052063, 37.1252632141, 2.6126127243, 4.19026088715], [-603.441467285, -159.97038269, 113.357177734, 44.4723434448, -6.7850112915, 66.7917175293, -44.3301544189, 13.4520893097, 1.80085682869, 3.52759933472, 2.6126127243, 46.1996536255, 14.4716720581], [58.3068275452, 21.5559082031, -21.3078269958, -11.1270227432, -23.7191581726, -4.99325942993, -15.835357666, -6.73885917664, -8.76515674591, -8.43967628479, 4.19026088715, 14.4716720581, 37.7745285034]],
        "icov": [[0.00240785186179, -0.00837952364236, 0.00598096195608, -0.00464651035145, 0.000786670716479, -0.00133090023883, 0.00126294640359, -0.0027110890951, 0.00370614021085, -0.00381547957659, 0.00588402198628, -0.00543789984658, 0.0048720696941], [-0.00837952364236, 0.0332495681942, -0.0196316577494, 0.0144193544984, -0.00280700623989, 0.00593972252682, -0.00676897075027, 0.0108620906249, -0.0161396451294, 0.0200928691775, -0.0285338517278, 0.0288787782192, -0.0218974538147], [0.00598096195608, -0.0196316577494, 0.0178332477808, -0.012122604996, 0.000813855323941, -0.00515425950289, 0.00456271227449, -0.00796639174223, 0.00917416159064, -0.00798376090825, 0.012287565507, -0.0119863934815, 0.0123546048999], [-0.00464651035145, 0.0144193544984, -0.012122604996, 0.016405057162, -0.000504399300553, -0.00144073134288, -2.25453259191e-05, 0.0052374470979, -0.0061532696709, 0.00329968659207, -0.00416977936402, 0.00542708020657, -0.00495145702735], [0.000786670716479, -0.00280700623989, 0.000813855323941, -0.000504399300553, 0.0147689133883, -0.00351198064163, -0.00759379705414, -0.00108954624739, -0.00151923066005, 0.00103521638084, 0.000734752742574, -0.00295064784586, 0.00705735012889], [-0.00133090023883, 0.00593972252682, -0.00515425950289, -0.00144073134288, -0.00351198064163, 0.0118265859783, 0.001396133448, -0.00466718059033, 0.00105095654726, 0.000509590259753, -0.00261583481915, 0.00443993182853, -0.00660930853337], [0.00126294640359, -0.00676897075027, 0.00456271227449, -2.25453259191e-05, -0.00759379705414, 0.001396133448, 0.0143822077662, -0.00294452556409, 0.00410948134959, -0.00943135004491, 0.0115588698536, -0.00865236762911, 0.0062794489786], [-0.0027110890951, 0.0108620906249, -0.00796639174223, 0.0052374470979, -0.00108954624739, -0.00466718059033, -0.00294452556409, 0.0291783902794, -0.0231751874089, 0.0154509562999, -0.0164847839624, 0.0151998968795, -0.00821474473923], [0.00370614021085, -0.0161396451294, 0.00917416159064, -0.0061532696709, -0.00151923066005, 0.00105095654726, 0.00410948134959, -0.0231751874089, 0.0567365847528, -0.0397729761899, 0.0304585024714, -0.0198065713048, 0.0121134025976], [-0.00381547957659, 0.0200928691775, -0.00798376090825, 0.00329968659207, 0.00103521638084, 0.000509590259753, -0.00943135004491, 0.0154509562999, -0.0397729761899, 0.0707097426057, -0.0437494851649, 0.0228040125221, -0.00690200272948], [0.00588402198628, -0.0285338517278, 0.012287565507, -0.00416977936402, 0.000734752742574, -0.00261583481915, 0.0115588698536, -0.0164847839624, 0.0304585024714, -0.0437494851649, 0.0696407854557, -0.0357874259353, 0.0182018894702], [-0.00543789984658, 0.0288787782192, -0.0119863934815, 0.00542708020657, -0.00295064784586, 0.00443993182853, -0.00865236762911, 0.0151998968795, -0.0198065713048, 0.0228040125221, -0.0357874259353, 0.0678489655256, -0.0369544625282], [0.0048720696941, -0.0218974538147, 0.0123546048999, -0.00495145702735, 0.00705735012889, -0.00660930853337, 0.0062794489786, -0.00821474473923, 0.0121134025976, -0.00690200272948, 0.0182018894702, -0.0369544625282, 0.0550905242562]]
    },
    "melbands": {
        "max": [0.0102216340601, 0.0167225301266, 0.0401544831693, 0.00390060059726, 0.00137170299422, 0.00181076349691, 0.00252823508345, 0.00237210839987, 0.00163621478714, 0.00192924984731, 0.00067018304253, 0.00123305188026, 0.00104812218342, 0.00139574357308, 0.00184640695807, 0.000983832054771, 0.000260573695414, 0.000325991713908, 0.000311137206154, 0.000535053899512, 0.000463647535071, 0.000532863428816, 0.000414168869611, 0.000238805208937, 0.000315898563713, 0.000170392959262, 0.000100883502455, 4.87788856844e-05, 3.2403098885e-05, 3.27758061758e-05, 9.93237154034e-06, 4.5786755436e-06, 1.61174841651e-06, 1.52723330871e-07, 1.22276464509e-08, 9.84246728564e-09, 6.88800927406e-09, 6.99573554641e-09, 6.49991616086e-09, 5.14858777834e-09],
        "mean": [0.000313943775836, 0.000786009884905, 0.000964086910244, 0.000220346017159, 0.000157237154781, 0.000174174114363, 0.00027043937007, 0.000186312827282, 0.000161776188179, 0.000142487537232, 4.76510322187e-05, 0.000108130181616, 8.43595189508e-05, 6.39897334622e-05, 4.48193713964e-05, 4.84747215523e-05, 2.43279318966e-05, 1.79033959284e-05, 2.08824258152e-05, 2.07119046536e-05, 2.01966176974e-05, 1.57031990966e-05, 1.81995019375e-05, 1.32742379719e-05, 9.84855523711e-06, 7.80576465331e-06, 5.52210394744e-06, 2.58441559708e-06, 1.85257397334e-06, 1.48859328419e-06, 7.31406487375e-07, 3.95421693611e-07, 1.46409647073e-07, 1.59659006016e-08, 2.85679058187e-09, 2.34741759364e-09, 2.30828356429e-09, 2.17753215459e-09, 2.06767758471e-09, 1.84935577963e-09],
        "min": [7.484347815e-24, 4.24806803943e-24, 9.97710883245e-24, 5.22726885374e-24, 2.77759127741e-24, 5.33635175085e-24, 5.74304149636e-24, 7.8396973095e-24, 4.47793303532e-24, 3.58074969489e-24, 9.53193095781e-24, 3.86639859526e-24, 3.87736888944e-24, 6.90415955187e-24, 4.76172022394e-24, 7.54408588477e-24, 5.99821038907e-24, 4.25414779043e-24, 3.38759434124e-24, 6.34826899348e-24, 6.24264091271e-24, 6.47579585299e-24, 1.47807826515e-23, 1.12079614031e-23, 6.27944561267e-24, 6.52581594527e-24, 1.06438296149e-23, 7.82745418825e-24, 7.54471381805e-24, 1.12154058835e-23, 9.26607299984e-24, 5.8134777033e-24, 8.26995309126e-24, 7.80038994832e-24, 1.02023814746e-23, 1.08564568167e-23, 8.06580772191e-24, 9.74643801516e-24, 9.61556520212e-24, 7.14980689345e-24],
        "stdev": [0.0011593849631, 0.00209292117506, 0.00371916894801, 0.000428065279266, 0.000200755923288, 0.000252230995102, 0.000423166144174, 0.000328500376781, 0.000239493369008, 0.000247893680353, 8.27806070447e-05, 0.000189602578757, 0.000145892234286, 0.000137405091664, 0.000131789362058, 0.000108482585347, 4.0208833525e-05, 3.38253958034e-05, 3.78135737265e-05, 4.43751305284e-05, 4.40548537881e-05, 3.82090838684e-05, 4.11737710238e-05, 2.8245141948e-05, 2.08023120649e-05, 1.79378730536e-05, 1.085202166e-05, 4.9366467465e-06, 3.27936959366e-06, 3.2946486499e-06, 1.32675359055e-06, 7.03314924522e-07, 2.55772732771e-07, 2.44671340965e-08, 1.94409932597e-09, 1.2492676893e-09, 1.14607212609e-09, 1.11110631806e-09, 1.06448116988e-09, 8.73921823796e-10]
    },
    "melbands128": {
        "max": [0.000387069245335, 0.0020669749938, 0.0175325088203, 0.0202887859195, 0.00819831620902, 0.0242343079299, 0.0737918168306, 0.0380946695805, 0.00721281254664, 0.005642502103, 0.00293717952445, 0.00109009759035, 0.0021540732123, 0.00137466948945, 0.00321229035035, 0.00219982722774, 0.00312914629467, 0.00433744350448, 0.00655833957717, 0.0028721599374, 0.00386520032771, 0.00308759603649, 0.0022844709456, 0.00196750951, 0.00219664745964, 0.00367277441546, 0.00121417094488, 0.000675798626617, 0.000429238454672, 0.00184780999552, 0.0017811935395, 0.00295808748342, 0.00038649403723, 0.00282858079299, 0.000764169963077, 0.00238832714967, 0.00241291569546, 0.00322717055678, 0.0017312199343, 0.00122551224194, 0.00212586694397, 0.000525331008248, 0.000195034590433, 0.000575149897486, 0.000158458642545, 0.000398762436816, 0.000664875900839, 0.000473041814985, 0.000432778295362, 7.98539986135e-05, 0.0005352323642, 0.00139431213029, 0.000353788229404, 0.000469215505291, 0.00193406431936, 0.000206270546187, 0.00019290309865, 0.000899767910596, 0.000282079243334, 0.000745525583625, 0.000416157447034, 0.000164489320014, 0.00058069039369, 0.000310584437102, 7.64393771533e-05, 0.000107363564894, 0.000459183560451, 0.000225632058573, 0.000141426702612, 2.21511654672e-05, 4.32436645497e-05, 0.000150226565893, 3.67264365195e-05, 2.03358868021e-05, 1.6655671061e-05, 8.80293591763e-05, 1.01102450571e-05, 2.55127833952e-05, 1.15046577776e-05, 1.37139513754e-05, 6.25787015451e-06, 6.02132331551e-06, 4.55347117168e-06, 1.9554292976e-06, 7.56015026582e-07, 2.45512353558e-07, 5.98113771844e-08, 2.78467204851e-08, 1.4459764941e-08, 1.45929455186e-08, 1.06018500645e-08, 8.47957526418e-09, 1.04621902253e-08, 7.75352582139e-09, 9.07192010402e-09, 8.5123064153e-09, 8.40088887344e-09, 8.12219358437e-09, 9.60123802685e-09, 6.90961288186e-09, 5.9533302732e-09, 6.38156505417e-09, 7.94941179549e-09, 5.07437469821e-09, 4.17347845172e-09, 3.70871777733e-09, 3.54002338554e-09, 3.41633632495e-09, 3.27026028479e-09, 3.1266491618e-09, 2.99677105353e-09, 2.90788881863e-09, 2.80622969306e-09, 2.67938204956e-09, 2.62353849756e-09, 2.52663001632e-09, 2.45520292985e-09, 2.37871433661e-09, 2.31912400395e-09, 2.26752572274e-09, 2.1896875424e-09, 2.15937778769e-09, 2.11024930863e-09, 2.09558148612e-09, 2.06353001353e-09, 2.03352867878e-09, 2.02060723709e-09, 2.0226358366e-09],
        "mean": [7.86742475611e-06, 6.84024344082e-05, 0.000511327176355, 0.000656880671158, 0.000540647073649, 0.00101852312218, 0.00162709190045, 0.000792811042629, 0.000225765048526, 0.000233269907767, 0.000185388562386, 0.000124780621263, 0.000177927737241, 0.000146729464177, 0.000195758548216, 0.000166203521076, 0.000185967874131, 0.000350161921233, 0.000317375845043, 0.00013884359214, 0.000181033276021, 0.00012914754916, 0.000188369420357, 0.000146079386468, 0.00014607461344, 0.000176219080458, 5.10535610374e-05, 3.45355292666e-05, 2.16532862396e-05, 0.000102734200482, 0.000149536732351, 0.000105000144686, 3.04450259137e-05, 0.000145662357681, 5.04254567204e-05, 4.63254073111e-05, 6.70611771056e-05, 4.74610496894e-05, 2.92894947052e-05, 3.27494162775e-05, 8.10974452179e-05, 2.43511221925e-05, 1.58187212946e-05, 3.58657380275e-05, 8.80773222889e-06, 1.43222168845e-05, 2.85346195597e-05, 2.22895432671e-05, 1.91321760212e-05, 7.26726511857e-06, 2.29247525567e-05, 3.43902065651e-05, 1.71763404069e-05, 1.34588644869e-05, 2.66294064204e-05, 1.07646283141e-05, 9.92675813904e-06, 2.734838381e-05, 1.16891860671e-05, 2.04289972316e-05, 1.30866319523e-05, 7.7611693996e-06, 1.56373353093e-05, 8.21979574539e-06, 5.07018194185e-06, 5.72396993448e-06, 1.30071612148e-05, 7.27499582354e-06, 4.058047125e-06, 1.94513927454e-06, 2.01646798814e-06, 3.88572107113e-06, 1.95622874344e-06, 1.48085189267e-06, 1.21119762753e-06, 2.49950221587e-06, 8.81700373156e-07, 7.42254883335e-07, 8.00401380729e-07, 6.85454551785e-07, 3.34156567305e-07, 3.75531669761e-07, 2.54159573387e-07, 1.23734736235e-07, 5.17532576794e-08, 1.79375074794e-08, 5.59524693244e-09, 3.68823993568e-09, 2.57698262729e-09, 2.39118058687e-09, 2.32222285845e-09, 2.3489172829e-09, 2.35855690534e-09, 2.31514962756e-09, 2.26243734858e-09, 2.26177676588e-09, 2.1450097254e-09, 2.09284123365e-09, 2.07553640941e-09, 2.09652184502e-09, 1.91506588365e-09, 1.78793735373e-09, 1.79329695538e-09, 1.5183018176e-09, 2.82291412468e-10, 1.06317298715e-11, 1.01314833259e-11, 9.79126588835e-12, 9.45436263999e-12, 9.08134331623e-12, 8.79615477678e-12, 8.55236367836e-12, 8.38028951788e-12, 8.08144003106e-12, 7.91180575915e-12, 7.62010593514e-12, 7.29830085255e-12, 6.97349252995e-12, 6.81747496997e-12, 6.68940857568e-12, 6.50790489207e-12, 6.41234114418e-12, 6.28243160619e-12, 6.2074854805e-12, 6.12369486716e-12, 6.07188344742e-12, 6.03863270152e-12, 6.02036346123e-12],
        "min": [2.35053136839e-24, 4.85991250183e-24, 6.23241924753e-24, 4.34076590112e-24, 1.68142585947e-24, 4.22774579923e-24, 8.3590328424e-24, 7.27110135738e-24, 2.69091498824e-24, 5.31757252258e-24, 6.5652443966e-24, 1.73154239e-24, 5.89095242305e-25, 4.77286051765e-24, 2.08174575039e-24, 1.98591906914e-24, 3.93372905681e-24, 1.62766065005e-24, 7.32203889489e-24, 7.20627119046e-24, 8.20938671754e-24, 2.67150112136e-24, 4.08559779727e-24, 4.32461831282e-24, 1.87036001843e-24, 9.21164021687e-25, 9.65869143895e-24, 6.59478132105e-24, 2.30397220612e-24, 3.37634755131e-24, 4.03103386618e-24, 2.10053937538e-24, 1.98413979337e-24, 4.9015860513e-24, 6.80885332161e-24, 6.41184644928e-24, 2.54232416205e-24, 4.11091944347e-24, 5.01872874028e-24, 5.54398901301e-24, 1.03393506047e-23, 4.72123272684e-24, 5.65085718313e-24, 2.17939036159e-24, 7.0548233073e-24, 3.70782414267e-24, 1.96797011696e-24, 1.11823271708e-24, 3.49311553136e-24, 5.43533446737e-24, 7.53035023869e-24, 3.53488492743e-24, 4.78251933057e-24, 3.082756991e-24, 2.22019221976e-24, 2.57171258343e-24, 9.88682843501e-24, 2.11922827908e-23, 1.33525484049e-23, 1.09580991777e-23, 3.07500288273e-24, 4.89169846871e-24, 5.45422137516e-24, 5.10366184407e-24, 6.13013751471e-24, 4.46975728089e-24, 5.60585464064e-24, 5.69985727826e-24, 1.07292648286e-23, 8.6747949301e-24, 5.65495531553e-24, 6.08827503305e-24, 9.93722008078e-24, 5.27112242032e-24, 3.70269773008e-24, 1.1341925762e-23, 1.42912155737e-23, 5.6153209715e-24, 6.44218564526e-24, 7.34257531083e-24, 7.41905064243e-24, 3.12303938427e-24, 4.83410649504e-24, 6.7584261771e-24, 6.22581253744e-24, 3.89163465005e-24, 7.71202963832e-24, 8.41602094306e-24, 7.81375877408e-24, 9.461281364e-24, 9.76626524515e-24, 8.32197610138e-24, 8.7213842663e-24, 7.20908663504e-24, 5.34861893236e-24, 1.23549691036e-23, 7.48476512242e-24, 1.10734243312e-23, 8.49421125826e-24, 8.62632652722e-24, 8.12246134554e-24, 5.28827146754e-24, 7.0004471251e-24, 7.06542559786e-24, 1.0191693987e-23, 5.49419532381e-24, 7.0611026401e-24, 5.8607884528e-24, 4.50003494573e-24, 1.04212043899e-23, 9.35728267542e-24, 6.1695848987e-24, 9.04628846303e-24, 8.69080407331e-24, 6.98905124046e-24, 1.10712549637e-23, 7.25033853835e-24, 9.20821715219e-24, 6.98474800423e-24, 7.81681245464e-24, 7.43600247442e-24, 9.11011046571e-24, 5.59360008091e-24, 6.81687998132e-24, 7.82818309573e-24, 8.81488242737e-24, 9.15736481165e-24, 9.43310088588e-24],
        "stdev": [1.95162392629e-05, 0.00021821745031, 0.00197956012562, 0.00237664743327, 0.00109350285493, 0.00264849537052, 0.00669472431764, 0.00347571214661, 0.000575253274292, 0.000518258661032, 0.000318170263199, 0.000167367819813, 0.000275910715573, 0.000212277082028, 0.000383364706067, 0.000291387288598, 0.000389757129597, 0.000659750890918, 0.000628095935099, 0.000294488650979, 0.000426802376751, 0.000241549656494, 0.000320093822666, 0.000291979289614, 0.000261604960542, 0.000413449888583, 0.000113716363558, 7.12846958777e-05, 4.08816995332e-05, 0.000242489943048, 0.000269015814411, 0.000283807952655, 5.7270484831e-05, 0.000338926329277, 9.12332398002e-05, 0.000178321060957, 0.000252444820944, 0.000192270468688, 0.000102008838439, 8.05083982414e-05, 0.000212415397982, 5.32681187906e-05, 2.84861325781e-05, 7.59389804443e-05, 1.77091023943e-05, 3.33276439051e-05, 7.47398007661e-05, 4.7942110541e-05, 4.34719586337e-05, 1.17045001389e-05, 5.20681714988e-05, 0.000105191516923, 3.89316010114e-05, 3.79197736038e-05, 0.000120181255625, 2.14236388274e-05, 1.97448334802e-05, 8.42404697323e-05, 2.83634471998e-05, 6.15103999735e-05, 3.76265816158e-05, 1.76717840077e-05, 3.96925206587e-05, 1.94174463104e-05, 9.35034677241e-06, 1.27540715766e-05, 4.43263197667e-05, 2.06787281058e-05, 1.01595896922e-05, 2.90158232019e-06, 4.12664576288e-06, 1.11710833153e-05, 4.12675035477e-06, 2.54411611422e-06, 2.3908789899e-06, 7.33349952498e-06, 1.65412700426e-06, 1.88383910427e-06, 1.57795307132e-06, 1.54776967065e-06, 6.73045747135e-07, 7.79290417086e-07, 5.07945628669e-07, 2.49745568226e-07, 9.537571799e-08, 3.27279643386e-08, 7.14955916692e-09, 3.50715412267e-09, 1.84765602818e-09, 1.6753630705e-09, 1.47423051544e-09, 1.46707845872e-09, 1.5323139424e-09, 1.37571876113e-09, 1.34714828182e-09, 1.38786260262e-09, 1.29814581307e-09, 1.33741639985e-09, 1.36967703845e-09, 1.22165344507e-09, 1.12911457961e-09, 1.03083075409e-09, 1.0405135642e-09, 8.45888581402e-10, 2.6496838057e-10, 1.58072013812e-10, 1.50883236461e-10, 1.45607553792e-10, 1.39378689146e-10, 1.33257765933e-10, 1.27718016718e-10, 1.23925508744e-10, 1.19586354708e-10, 1.1418168494e-10, 1.11795989133e-10, 1.07668152172e-10, 1.04630297482e-10, 1.01377038708e-10, 9.8836376583e-11, 9.66350333087e-11, 9.33186791729e-11, 9.20247211766e-11, 8.99314650527e-11, 8.93051327333e-11, 8.79387188069e-11, 8.6659970866e-11, 8.61088422788e-11, 8.61939339347e-11]
    },
    "mfcc": {
        "mean": [-807.87713623, 156.596252441, -26.3987827301, 43.9091148376, 1.22983145714, 2.98151659966, 2.46064734459, -2.82457828522, 6.31621932983, -7.30466222763, 3.1900908947, 0.626466393471, -1.09929072857],
        "cov": [[29181.9335938, 7347.91064453, -8087.47705078, 1259.50671387, -4234.13183594, -1309.15722656, 181.563751221, -1174.6114502, 170.758956909, -882.636535645, 478.575073242, -383.093780518, 29.328250885], [7347.91064453, 2098.20361328, -1888.63903809, 274.492095947, -996.867370605, -363.948699951, 71.1270599365, -285.222595215, 21.9900035858, -185.492721558, 101.039039612, -86.53150177, 1.70788419247], [-8087.47705078, -1888.63903809, 2518.3125, -271.416290283, 1286.22790527, 403.731842041, -31.0174064636, 359.36038208, -40.5603904724, 269.938751221, -137.952789307, 118.900642395, -4.03797960281], [1259.50671387, 274.492095947, -271.416290283, 173.077590942, -144.276107788, -16.8657894135, 12.2635354996, -36.1317405701, 25.6405448914, -35.7390174866, 34.9734268188, -11.8726873398, 11.7712936401], [-4234.13183594, -996.867370605, 1286.22790527, -144.276107788, 755.479370117, 238.549819946, -3.19222784042, 212.583908081, -7.73114395142, 163.716751099, -66.2749023438, 69.1514358521, -0.775501906872], [-1309.15722656, -363.948699951, 403.731842041, -16.8657894135, 238.549819946, 160.314102173, 26.4154987335, 81.1235580444, 23.09466362, 49.9431228638, -9.75955867767, 20.3002090454, 10.0596313477], [181.563751221, 71.1270599365, -31.0174064636, 12.2635354996, -3.19222784042, 26.4154987335, 67.6485824585, 24.4680099487, 14.9836549759, 17.9938526154, 4.29056453705, 4.69873857498, 10.5987300873], [-1174.6114502, -285.222595215, 359.36038208, -36.1317405701, 212.583908081, 81.1235580444, 24.4680099487, 105.78212738, 27.1329116821, 56.6187591553, -12.9802932739, 23.2140865326, 3.6376991272], [170.758956909, 21.9900035858, -40.5603904724, 25.6405448914, -7.73114395142, 23.09466362, 14.9836549759, 27.1329116821, 58.3605003357, 19.8183174133, 12.0090608597, 3.92685437202, 4.66360759735], [-882.636535645, -185.492721558, 269.938751221, -35.7390174866, 163.716751099, 49.9431228638, 17.9938526154, 56.6187591553, 19.8183174133, 91.3115844727, 7.46868133545, 20.3797092438, 6.70132780075], [478.575073242, 101.039039612, -137.952789307, 34.9734268188, -66.2749023438, -9.75955867767, 4.29056453705, -12.9802932739, 12.0090608597, 7.46868133545, 49.3075637817, 5.16761016846, 3.48072361946], [-383.093780518, -86.53150177, 118.900642395, -11.8726873398, 69.1514358521, 20.3002090454, 4.69873857498, 23.2140865326, 3.92685437202, 20.3797092438, 5.16761016846, 37.3403739929, 12.0575399399], [29.328250885, 1.70788419247, -4.03797960281, 11.7712936401, -0.775501906872, 10.0596313477, 10.5987300873, 3.6376991272, 4.66360759735, 6.70132780075, 3.48072361946, 12.0575399399, 30.8006076813]],
        "icov": [[0.00426301080734, -0.00784463062882, 0.00640344293788, -0.00664033181965, 0.00246375403367, -0.00372652802616, 0.00279833958484, -0.00161188701168, -0.000827082199976, 0.00199972162955, -0.000899077160284, 0.000312106276397, -7.08167790435e-05], [-0.00784463062882, 0.0165013354272, -0.0109151937068, 0.010881209746, -0.00468309875578, 0.00925951823592, -0.00814214069396, 0.00461942655966, 0.000962965306826, -0.00397845264524, 0.00191316986457, -0.000706658582203, 0.00085940642748], [0.00640344293788, -0.0109151937068, 0.0138441603631, -0.0111340852454, 8.69621726451e-05, -0.00701779173687, 0.00646775169298, -0.00514859240502, 0.00296586495824, -0.000492289080285, 0.00313095911406, -0.00210344791412, 0.00138243392576], [-0.00664033181965, 0.010881209746, -0.0111340852454, 0.0209829993546, -0.00544359860942, 0.00548841245472, -0.00609910208732, 0.00620016269386, -0.00571298925206, 0.00446954742074, -0.00729392003268, 0.00407505268231, -0.0052009052597], [0.00246375403367, -0.00468309875578, 8.69621726451e-05, -0.00544359860942, 0.0193227957934, -0.0115080457181, 0.0095549505204, -0.0134560866281, 0.0101176109165, -0.0115803545341, 0.00881333742291, -0.00770701654255, 0.00556061789393], [-0.00372652802616, 0.00925951823592, -0.00701779173687, 0.00548841245472, -0.0115080457181, 0.0270703006536, -0.0174925550818, 0.0103897359222, -0.0139842992648, 0.0109662441537, -0.010885765776, 0.00884948298335, -0.00682410085574], [0.00279833958484, -0.00814214069396, 0.00646775169298, -0.00609910208732, 0.0095549505204, -0.0174925550818, 0.0355774238706, -0.0218268185854, 0.0142256664112, -0.0145426513627, 0.0119708525017, -0.00687272427604, -0.000397334253648], [-0.00161188701168, 0.00461942655966, -0.00514859240502, 0.00620016269386, -0.0134560866281, 0.0103897359222, -0.0218268185854, 0.0466236099601, -0.0271630138159, 0.0111660789698, -0.00985304266214, 0.0044835912995, -0.00245199655183], [-0.000827082199976, 0.000962965306826, 0.00296586495824, -0.00571298925206, 0.0101176109165, -0.0139842992648, 0.0142256664112, -0.0271630138159, 0.0445172786713, -0.0225559845567, 0.0139881465584, -0.0101150739938, 0.00698738079518], [0.00199972162955, -0.00397845264524, -0.000492289080285, 0.00446954742074, -0.0115803545341, 0.0109662441537, -0.0145426513627, 0.0111660789698, -0.0225559845567, 0.0413609780371, -0.0262158811092, 0.0115690622479, -0.0107939876616], [-0.000899077160284, 0.00191316986457, 0.00313095911406, -0.00729392003268, 0.00881333742291, -0.010885765776, 0.0119708525017, -0.00985304266214, 0.0139881465584, -0.0262158811092, 0.0469719693065, -0.0200451500714, 0.0108944401145], [0.000312106276397, -0.000706658582203, -0.00210344791412, 0.00407505268231, -0.00770701654255, 0.00884948298335, -0.00687272427604, 0.0044835912995, -0.0101150739938, 0.0115690622479, -0.0200451500714, 0.0481539368629, -0.02091120556], [-7.08167790435e-05, 0.00085940642748, 0.00138243392576, -0.0052009052597, 0.00556061789393, -0.00682410085574, -0.000397334253648, -0.00245199655183, 0.00698738079518, -0.0107939876616, 0.0108944401145, -0.02091120556, 0.0456961318851]]
    },
    "spectral_contrast_coeffs": {
        "max": [-0.525436222553, -0.614928901196, -0.621052920818, -0.678306221962, -0.676760435104, -0.542572021484],
        "mean": [-0.758498549461, -0.819213271141, -0.814196407795, -0.826710999012, -0.821617484093, -0.751227200031],
        "min": [-0.972563683987, -0.969509840012, -0.963857769966, -0.964537918568, -0.966539740562, -0.961363911629],
        "stdev": [0.0744242072105, 0.0630651637912, 0.0792962908745, 0.0532204397023, 0.0589882731438, 0.103330440819]
    },
    "spectral_contrast_valleys": {
        "max": [-5.156457901, -5.0351524353, -5.765812397, -6.15290737152, -6.26498937607, -8.45025730133],
        "mean": [-7.82868719101, -7.78874111176, -8.67245197296, -8.84391117096, -8.87439250946, -12.5799827576],
        "min": [-27.7463951111, -27.3480224609, -27.7532196045, -27.4769248962, -27.2465343475, -27.3254833221],
        "stdev": [2.10398101807, 2.5627245903, 2.48238945007, 2.33030629158, 2.26244020462, 1.22421705723]
    }
},
"rhythm": {
    "beats_count": 33,
    "beats_loudness": {
        "max": 0.17408002913,
        "mean": 0.0214428603649,
        "min": 3.98323354602e-05,
        "stdev": 0.0338945835829
    },
    "bpm": 172.265563965,
    "bpm_histogram_first_peak_bpm": 172,
    "bpm_histogram_first_peak_weight": 0,
    "bpm_histogram_second_peak_bpm": 161,
    "bpm_histogram_second_peak_spread": 0.100000023842,
    "bpm_histogram_second_peak_weight": 0.28125,
    "danceability": 0.804850101471,
    "onset_rate": 2.42958807945,
    "beats_loudness_band_ratio": {
        "max": [0.921049952507, 0.71135109663, 0.508485496044, 0.40749412775, 0.333786278963, 0.0745607763529],
        "mean": [0.483404099941, 0.153913885355, 0.151728138328, 0.13734036684, 0.0764746144414, 0.0239243544638],
        "min": [0.0223758406937, 0.0179349184036, 0.0138795282692, 0.00448189629242, 0.0100095290691, 0.00405380688608],
        "stdev": [0.351529747248, 0.130985751748, 0.135238617659, 0.138260439038, 0.0751952603459, 0.0179477799684]
    },
    "beats_position": [0.429569154978, 0.870748281479, 1.31192743778, 1.75310659409, 2.19428563118, 2.63546490669, 3.00698399544, 3.3785033226, 3.75002264977, 4.12154197693, 4.49306106567, 4.86458063126, 5.24770975113, 5.61922883987, 5.99074840546, 6.35065746307, 6.71056699753, 7.05886602402, 7.40716552734, 7.76707458496, 8.12698364258, 8.47528362274, 8.82358264923, 9.17188167572, 9.52018165588, 9.8800907135, 10.2399997711, 10.5882987976, 10.9365987778, 11.3081178665, 11.656416893, 12.0047159195, 12.3530158997],
