{
"metadata": {
    "version": {
        "essentia": "2.1-beta5",
        "essentia_git_sha": "Undefined",
        "extractor": "music 2.0"
    },
    "audio_properties": {
        "analysis": {
            "equal_loudness": 0,
            "length": 12.7477550507,
            "sample_rate": 44100,
            "start_time": 0,
            "downmix": "mix"
        },
        "bit_rate": 192000,
        "length": 149.687454224,
        "lossless": 0,
        "number_channels": 2,
        "replay_gain": 5.26358985901,
        "sample_rate": 48000,
        "codec": "mp3",
        "md5_encoded": "8ad6ec2f3f653213a4e795459092394a"
    },
    "tags": {
        "file_name": "Norway_Intet Er Nytt Under Solen_Åse Kleveland.mp3",
        "encoding": ["Lavf58.29.100"]
    }
},
"lowlevel": {
    "average_loudness": 0.153778210282,
    "barkbands_crest": {
        "max": 25.6933269501,
        "mean": 11.7687664032,
        "min": 3.22002315521,
        "stdev": 3.79580497742
    },
    "barkbands_flatness_db": {
        "max": 0.368645757437,
        "mean": 0.228327363729,
        "min": 0.0767222866416,
        "stdev": 0.0643701776862
    },
    "barkbands_kurtosis": {
        "max": 132.746307373,
        "mean": 17.5245475769,
        "min": -1.4445592165,
        "stdev": 13.8182535172
    },
    "barkbands_skewness": {
        "max": 9.61075592041,
        "mean": 2.7344520092,
        "min": -3.88826775551,
        "stdev": 1.39768087864
    },
    "barkbands_spread": {
        "max": 37.818031311,
        "mean": 7.30879545212,
        "min": 0.849198400974,
        "stdev": 7.47070598602
    },
    "dissonance": {
        "max": 0.499922841787,
        "mean": 0.43196412921,
        "min": 0.270604252815,
        "stdev": 0.0458740219474
    },
    "dynamic_complexity": 8.63673496246,
    "erbbands_crest": {
        "max": 27.6805534363,
        "mean": 11.8650426865,
        "min": 2.73877096176,
        "stdev": 4.89227867126
    },
    "erbbands_flatness_db": {
        "max": 0.429439544678,
        "mean": 0.225539088249,
        "min": 0.0842479541898,
        "stdev": 0.066432595253
    },
    "erbbands_kurtosis": {
        "max": 65.8894882202,
        "mean": 5.1963186264,
        "min": -1.65833759308,
        "stdev": 6.35743522644
    },
    "erbbands_skewness": {
        "max": 6.02476119995,
        "mean": 1.68643927574,
        "min": -2.48349714279,
        "stdev": 1.16515016556
    },
    "erbbands_spread": {
        "max": 92.0882797241,
        "mean": 25.2581691742,
        "min": 1.26738464832,
        "stdev": 20.3263530731
    },
    "hfc": {
        "max": 216.521911621,
        "mean": 5.74184894562,
        "min": 0.0142556512728,
        "stdev": 17.295375824
    },
    "loudness_ebu128": {
        "integrated": -32.2427635193,
        "loudness_range": 14.5552482605,
        "momentary": {
            "max": -23.4514408112,
            "mean": -38.7874069214,
            "min": -58.9159240723,
            "stdev": 8.9093952179
        },
        "short_term": {
            "max": -28.2682762146,
            "mean": -36.841796875,
            "min": -44.3202285767,
            "stdev": 4.69071531296
        }
    },
    "melbands_crest": {
        "max": 30.0579319,
        "mean": 13.956738472,
        "min": 5.4410700798,
        "stdev": 3.8863863945
    },
    "melbands_flatness_db": {
        "max": 0.443247050047,
        "mean": 0.298886269331,
        "min": 0.113327868283,
        "stdev": 0.0650921985507
    },
    "melbands_kurtosis": {
        "max": 133.010772705,
        "mean": 23.4714412689,
        "min": -1.55676090717,
        "stdev": 17.2240276337
    },
    "melbands_skewness": {
        "max": 8.52109909058,
        "mean": 2.93698954582,
        "min": -2.87662005424,
        "stdev": 1.57352674007
    },
    "melbands_spread": {
        "max": 74.1335830688,
        "mean": 7.70522212982,
        "min": 1.00847387314,
        "stdev": 8.55593776703
    },
    "pitch_salience": {
        "max": 0.889370262623,
        "mean": 0.65121781826,
        "min": 0.159043416381,
        "stdev": 0.105310618877
    },
    "silence_rate_20dB": {
        "max": 1,
        "mean": 1,
        "min": 1,
        "stdev": 0
    },
    "silence_rate_30dB": {
        "max": 1,
        "mean": 0.981818199158,
        "min": 0,
        "stdev": 0.133608713746
    },
    "silence_rate_60dB": {
        "max": 1,
        "mean": 0.376363635063,
        "min": 0,
        "stdev": 0.484472066164
    },
    "spectral_centroid": {
        "max": 2887.84887695,
        "mean": 566.219665527,
        "min": 257.465454102,
        "stdev": 357.96585083
    },
    "spectral_complexity": {
        "max": 38,
        "mean": 5.32909107208,
        "min": 0,
        "stdev": 4.84138965607
    },
    "spectral_decrease": {
        "max": -5.1737039132e-12,
        "mean": -3.0150397734e-09,
        "min": -7.41141903404e-08,
        "stdev": 6.96726898397e-09
    },
    "spectral_energy": {
        "max": 0.299362689257,
        "mean": 0.0119002545252,
        "min": 2.08772398764e-05,
        "stdev": 0.0277484040707
    },
    "spectral_energyband_high": {
        "max": 0.0021750559099,
        "mean": 1.96745877474e-05,
        "min": 2.78981353574e-08,
        "stdev": 0.000126058032038
    },
    "spectral_energyband_low": {
        "max": 0.0066623208113,
        "mean": 0.000719984236639,
        "min": 1.57608690188e-06,
        "stdev": 0.000966091000009
    },
    "spectral_energyband_middle_high": {
        "max": 0.104615308344,
        "mean": 0.00156271341257,
        "min": 1.57887984642e-06,
        "stdev": 0.00779064698145
    },
    "spectral_energyband_middle_low": {
        "max": 0.233837649226,
        "mean": 0.0101010231301,
        "min": 5.99984423388e-06,
        "stdev": 0.0233068261296
    },
    "spectral_entropy": {
        "max": 8.24391841888,
        "mean": 6.70567893982,
        "min": 5.50860452652,
        "stdev": 0.649439930916
    },
    "spectral_flux": {
        "max": 0.43972286582,
        "mean": 0.0395772904158,
        "min": 0.00200143782422,
        "stdev": 0.0479105599225
    },
    "spectral_kurtosis": {
        "max": 60.261428833,
        "mean": 10.5835819244,
        "min": 0.145838975906,
        "stdev": 7.88010168076
    },
    "spectral_rms": {
        "max": 0.0170897971839,
        "mean": 0.0024787785951,
        "min": 0.000142716642586,
        "stdev": 0.00233787461184
    },
    "spectral_rolloff": {
        "max": 3229.98046875,
        "mean": 523.452636719,
        "min": 172.265625,
        "stdev": 406.98425293
    },
    "spectral_skewness": {
        "max": 5.67797231674,
        "mean": 2.44284629822,
        "min": 0.243669122458,
        "stdev": 0.848052561283
    },
    "spectral_spread": {
        "max": 7942506,
        "mean": 3493007,
        "min": 847795.75,
        "stdev": 1334139.625
    },
    "spectral_strongpeak": {
        "max": 8.8205280304,
        "mean": 0.638587832451,
        "min": 0,
        "stdev": 1.07182466984
    },
    "zerocrossingrate": {
        "max": 0.14599609375,
        "mean": 0.0290891341865,
        "min": 0.00732421875,
        "stdev": 0.0182927288115
    },
    "barkbands": {
        "max": [0.00103052693885, 0.00284900469705, 0.00140033068601, 0.0181543733925, 0.161042734981, 0.0232731923461, 0.159221678972, 0.19227604568, 0.00698006572202, 0.0188313219696, 0.0760196745396, 0.0343482717872, 0.020056001842, 0.00450309924781, 0.00203352910466, 0.00521387625486, 0.00421522185206, 0.00878599565476, 0.0049023386091, 0.00122181291226, 0.00178828916978, 0.00023801100906, 8.1999151007e-06, 1.69066549915e-06, 1.34432082177e-06, 6.66678374728e-07, 7.2730648526e-07],
        "mean": [2.46020226768e-05, 0.000145698155393, 0.000115820279461, 0.00115185580216, 0.0030569199007, 0.0021856368985, 0.00244193268009, 0.000946340675, 0.000170907049323, 0.000273276993539, 0.000519774912391, 0.000333652511472, 0.000159953473485, 4.11088876717e-05, 2.11615624721e-05, 6.43719904474e-05, 6.95770359016e-05, 9.21899772948e-05, 4.82938048663e-05, 2.21817117563e-05, 1.13042124212e-05, 2.13150588024e-06, 4.90975935463e-07, 6.23645860287e-07, 4.47344405075e-07, 2.83740098084e-09, 2.75620881673e-09],
        "min": [1.66068645058e-07, 5.46355295228e-07, 5.42271322956e-07, 6.43257521915e-07, 6.21010485702e-07, 2.93202560897e-07, 1.0611047685e-07, 3.78864299933e-08, 6.49732783131e-08, 1.41382798802e-07, 4.84431943448e-08, 3.20399493603e-08, 4.63512392912e-08, 5.98146741027e-08, 5.7765390693e-08, 1.38988525578e-07, 6.68619577482e-08, 5.48968834835e-08, 4.51350032904e-08, 5.04147790181e-09, 4.27386170898e-09, 4.31619806562e-09, 5.69095570668e-09, 5.37316324767e-09, 3.77649733707e-09, 4.52450299449e-10, 5.43114109242e-10],
        "stdev": [7.03998302924e-05, 0.000256145343883, 0.000165496894624, 0.00188757234719, 0.0112783880904, 0.00329856807366, 0.0118012791499, 0.0092570502311, 0.000708204344846, 0.00168963405304, 0.00459756981581, 0.00220570410602, 0.00126124348026, 0.000253795704339, 0.000104761289549, 0.000358041521395, 0.00033623733907, 0.000561548455153, 0.00033314328175, 0.000102578604128, 0.000102962694655, 1.2698219507e-05, 4.46212652605e-07, 2.78913120155e-07, 2.09382093885e-07, 2.83451928595e-08, 3.09396206433e-08]
    },
    "erbbands": {
        "max": [0.0594459176064, 0.701564729214, 1.1704647541, 24.4812641144, 111.186676025, 952.075805664, 276.069488525, 386.585845947, 2885.65014648, 2443.62939453, 2241.63696289, 194.441375732, 752.907836914, 966.399658203, 4122.54003906, 1689.45214844, 861.014343262, 131.425308228, 138.723815918, 79.3779754639, 304.932617188, 258.944152832, 528.702331543, 323.5262146, 170.193664551, 62.9108123779, 53.6399269104, 63.4990539551, 11.6517601013, 2.30495142937, 0.13612420857, 0.039651401341, 0.0244694855064, 0.0209344346076, 0.00632462278008, 0.00265154754743, 0.00123616878409, 0.000449446903076, 0.000155497546075, 0.00034848364885],
        "mean": [0.00293132383376, 0.0372929647565, 0.143145576119, 2.01248693466, 6.30524730682, 12.983083725, 14.5530481339, 17.8425197601, 34.3121337891, 28.2885608673, 12.8940610886, 4.61894035339, 8.78801345825, 8.26492214203, 23.9866027832, 15.8796663284, 8.03805732727, 2.26894116402, 1.61831986904, 1.35730063915, 4.14840126038, 4.29938173294, 4.96189880371, 3.32543158531, 2.18562960625, 1.09012854099, 0.422642201185, 0.403102248907, 0.100027702749, 0.0305036399513, 0.0139892548323, 0.0128448233008, 0.0104127638042, 0.00717674987391, 0.00186016084626, 6.31148723187e-05, 1.12060060928e-05, 3.03934211843e-06, 6.22474181e-06, 1.34930332933e-05],
        "min": [1.79795497388e-05, 0.000120174401673, 0.000526032934431, 0.00162093061954, 0.00164009362925, 0.00154650281183, 0.00120942073409, 0.0031978469342, 0.00216929451562, 0.00151077017654, 0.00181875890121, 0.00197754893452, 0.00363126723096, 0.00289892056026, 0.00304972357117, 0.00146387156565, 0.00329568004236, 0.00368786649778, 0.00317816552706, 0.00532332016155, 0.009312460199, 0.00572386663407, 0.00459694536403, 0.00331322685815, 0.0019268959295, 0.000274299469311, 0.000237851243583, 0.000167703386978, 0.000114044785732, 0.00011148370686, 0.000172194631887, 0.000118804848171, 9.09729278646e-05, 4.11972032452e-05, 3.13964665111e-05, 5.37214828e-06, 2.13009684558e-06, 7.34121101686e-07, 1.33967446914e-07, 4.14935605875e-08],
        "stdev": [0.00496344314888, 0.0656374618411, 0.170483335853, 3.16474199295, 14.4280014038, 63.1799430847, 25.8364849091, 32.5205688477, 200.834671021, 141.046234131, 104.937088013, 18.7644042969, 57.7719078064, 56.6072921753, 226.589828491, 105.623970032, 54.2080535889, 9.04072666168, 9.64017772675, 5.28274679184, 22.3297176361, 21.421749115, 30.5511035919, 22.9882946014, 12.7232255936, 5.05575799942, 2.81060743332, 3.90644645691, 0.682714343071, 0.126623153687, 0.00990835111588, 0.0060608368367, 0.00477768480778, 0.00341774127446, 0.000910409318749, 0.000115506678412, 5.3462365031e-05, 1.93013256649e-05, 1.45135281855e-05, 3.17416270263e-05]
    },
    "gfcc": {
        "mean": [-185.612457275, 149.78062439, -108.266098022, 34.7896385193, -67.2158126831, -3.60902953148, -56.9302139282, -8.12055301666, -16.9010066986, -12.3452644348, 3.88830566406, -16.1258354187, 4.70202684402],
        "cov": [[6741.40136719, 2082.16870117, -968.888671875, -690.865661621, -48.3815727234, -1568.96032715, 60.6248931885, -391.275390625, -37.6279602051, -221.620544434, 444.06539917, -251.39956665, 115.693473816], [2082.16870117, 892.037414551, -87.4000167847, -309.1171875, -87.6641769409, -471.941497803, -81.8360824585, -165.906478882, 45.0998802185, -74.4400863647, 153.790863037, -109.028137207, 59.7584037781], [-968.888671875, -87.4000167847, 628.852478027, 234.058837891, -113.607223511, 179.898468018, -113.287979126, -22.5092411041, 39.6126556396, 21.0776863098, -98.7669906616, -19.9307765961, 19.4143886566], [-690.865661621, -309.1171875, 234.058837891, 414.188140869, 47.8423728943, 93.3890533447, -18.5648612976, 25.8727741241, -34.4563179016, 25.2992515564, -94.338760376, -14.4591331482, 6.41466903687], [-48.3815727234, -87.6641769409, -113.607223511, 47.8423728943, 150.609451294, 30.1473693848, -41.9657554626, 18.3840084076, 12.6448917389, 13.6443624496, 10.2145214081, 1.65719676018, -20.5486755371], [-1568.96032715, -471.941497803, 179.898468018, 93.3890533447, 30.1473693848, 540.148620605, 58.6642189026, 86.6494750977, -12.6540555954, 59.8829269409, -116.546638489, 44.4364013672, -29.9633464813], [60.6248931885, -81.8360824585, -113.287979126, -18.5648612976, -41.9657554626, 58.6642189026, 225.055862427, 55.4938049316, -89.7027435303, -37.5400314331, -22.4872379303, 36.2805976868, 9.21652603149], [-391.275390625, -165.906478882, -22.5092411041, 25.8727741241, 18.3840084076, 86.6494750977, 55.4938049316, 102.600448608, 1.57372236252, -11.48898983, -23.7596817017, 47.5087013245, -5.91953229904], [-37.6279602051, 45.0998802185, 39.6126556396, -34.4563179016, 12.6448917389, -12.6540555954, -89.7027435303, 1.57372236252, 111.224388123, 45.2647285461, 11.9329910278, -1.88228714466, -14.8222980499], [-221.620544434, -74.4400863647, 21.0776863098, 25.2992515564, 13.6443624496, 59.8829269409, -37.5400314331, -11.48898983, 45.2647285461, 88.4629745483, 13.2554187775, -9.55034065247, -26.1340141296], [444.06539917, 153.790863037, -98.7669906616, -94.338760376, 10.2145214081, -116.546638489, -22.4872379303, -23.7596817017, 11.9329910278, 13.2554187775, 97.1440505981, 6.60316801071, -4.94783449173], [-251.39956665, -109.028137207, -19.9307765961, -14.4591331482, 1.65719676018, 44.4364013672, 36.2805976868, 47.5087013245, -1.88228714466, -9.55034065247, 6.60316801071, 77.4561004639, 6.66989564896], [115.693473816, 59.7584037781, 19.4143886566, 6.41466903687, -20.5486755371, -29.9633464813, 9.21652603149, -5.91953229904, -14.8222980499, -26.1340141296, -4.94783449173, 6.66989564896, 57.8091392517]],
        "icov": [[0.00362511584535, -0.00639205612242, 0.0029463020619, -0.00148528814316, -0.00240825512446, 0.00438033835962, -0.00487471511588, 0.00375813851133, -0.00079412793275, -0.000108807347715, 0.000512896629516, 0.000618743477389, 0.000824051501695], [-0.00639205612242, 0.0229208115488, -0.00892527773976, 0.00801668874919, 0.00250066048466, -0.00395621592179, 0.00253720046021, 0.00105638406239, -0.00888751167804, 0.0119342440739, -0.014551140368, 0.0144578786567, -0.0100485403091], [0.0029463020619, -0.00892527773976, 0.00986903253943, -0.00778892310336, 0.00633806968108, -0.00139207555912, 0.00148890819401, 0.00305270380341, -0.00161972350907, 0.00183323619422, 0.00229848711751, -0.00413886504248, 0.00357400928624], [-0.00148528814316, 0.00801668874919, -0.00778892310336, 0.0116205969825, -0.00728204846382, 0.00439188117161, -0.00136614311486, -0.00230289483443, 0.0038102704566, -0.0045073130168, 0.00204425747506, 0.00618942594156, -0.00591807579622], [-0.00240825512446, 0.00250066048466, 0.00633806968108, -0.00728204846382, 0.0200087819248, -0.00909323431551, 0.0105625018477, -0.00310359033756, -0.00291639869101, 0.00692786835134, -0.00522773386911, -0.00134426506702, 0.00340327504091], [0.00438033835962, -0.00395621592179, -0.00139207555912, 0.00439188117161, -0.00909323431551, 0.013283723034, -0.00906924437732, 0.0031863860786, 0.00195690547116, -0.00616760877892, 0.00498696183786, 0.00296628917567, -0.00147337606177], [-0.00487471511588, 0.00253720046021, 0.00148890819401, -0.00136614311486, 0.0105625018477, -0.00906924437732, 0.021991385147, -0.0140507919714, 0.0141605418175, -0.00658777914941, 0.00814988277853, -0.0102862864733, 0.00343046756461], [0.00375813851133, 0.00105638406239, 0.00305270380341, -0.00230289483443, -0.00310359033756, 0.0031863860786, -0.0140507919714, 0.0313078910112, -0.0181294232607, 0.017254833132, -0.00978183094412, 0.00229319930077, -0.00133823580109], [-0.00079412793275, -0.00888751167804, -0.00161972350907, 0.0038102704566, -0.00291639869101, 0.00195690547116, 0.0141605418175, -0.0181294232607, 0.0364104323089, -0.0291513558477, 0.0222246907651, -0.0165500994772, 0.00673003774136], [-0.000108807347715, 0.0119342440739, 0.00183323619422, -0.0045073130168, 0.00692786835134, -0.00616760877892, -0.00658777914941, 0.017254833132, -0.0291513558477, 0.0455006025732, -0.0304017197341, 0.0196274761111, -0.00192288879771], [0.000512896629516, -0.014551140368, 0.00229848711751, 0.00204425747506, -0.00522773386911, 0.00498696183786, 0.00814988277853, -0.00978183094412, 0.0222246907651, -0.0304017197341, 0.0450681708753, -0.0263483412564, 0.0102941393852], [0.000618743477389, 0.0144578786567, -0.00413886504248, 0.00618942594156, -0.00134426506702, 0.00296628917567, -0.0102862864733, 0.00229319930077, -0.0165500994772, 0.0196274761111, -0.0263483412564, 0.0426627099514, -0.015093930997], [0.000824051501695, -0.0100485403091, 0.00357400928624, -0.00591807579622, 0.00340327504091, -0.00147337606177, 0.00343046756461, -0.00133823580109, 0.00673003774136, -0.00192288879771, 0.0102941393852, -0.015093930997, 0.0287338644266]]
    },
    "melbands": {
        "max": [0.000711905478965, 0.000549667049199, 0.00787840038538, 0.032674588263, 0.0203369278461, 0.0126811331138, 0.0371215566993, 0.0356156975031, 0.014161195606, 0.00127016834449, 0.00370892975479, 0.00399132817984, 0.0105529492721, 0.00581300770864, 0.00283979531378, 0.000914553529583, 0.000315761892125, 0.000307334790705, 0.000106040206447, 0.000217967390199, 0.000370697147446, 0.000308206857881, 0.000368497159798, 0.000468581420137, 0.000263293273747, 0.000181427487405, 0.000103588434285, 3.50948430423e-05, 1.67553171195e-05, 6.50269648759e-05, 3.86166429962e-05, 7.11489019523e-06, 2.24834388973e-06, 6.41010501568e-07, 2.53748630996e-08, 2.99093159128e-08, 2.43085196416e-08, 1.93049931596e-08, 1.71794845016e-08, 1.89839042264e-08],
        "mean": [3.49939182342e-05, 8.2667771494e-05, 0.000474660017062, 0.000691504159477, 0.000527422933374, 0.000433806475485, 0.000505845819134, 0.000296565849567, 8.19716078695e-05, 2.79417090496e-05, 4.30368781963e-05, 2.91133528663e-05, 7.09636151441e-05, 5.18216547789e-05, 3.15697179758e-05, 1.03171578303e-05, 3.65579626305e-06, 2.88612272925e-06, 1.5759658254e-06, 2.22840117203e-06, 5.62614104638e-06, 4.4439393605e-06, 4.22269249611e-06, 4.44114493803e-06, 2.50256948675e-06, 1.70371311015e-06, 1.3181944496e-06, 5.52782182695e-07, 2.05575588552e-07, 3.19696425777e-07, 2.03829529255e-07, 5.55040671202e-08, 2.776084429e-08, 1.14445963817e-08, 7.54860707275e-09, 7.65275842696e-09, 7.94362531309e-09, 7.41854977448e-09, 6.63463817219e-09, 6.01152949642e-09],
        "min": [1.70050398651e-07, 2.44467685206e-07, 3.19923145753e-07, 1.13301396709e-07, 6.83267060708e-08, 8.10665810036e-08, 2.57773233869e-08, 1.78204189183e-08, 1.93078211197e-08, 1.01137329622e-08, 1.66652611711e-08, 1.16443672482e-08, 8.21482970537e-09, 5.25162180409e-09, 3.50849904684e-09, 5.63532376319e-09, 5.98028071508e-09, 5.00910690704e-09, 4.83739892587e-09, 7.24293958143e-09, 1.02010746517e-08, 3.79312181664e-09, 3.86527831964e-09, 2.67866662185e-09, 2.4832040868e-09, 1.13003240099e-09, 2.59912202871e-10, 1.13636190735e-10, 1.39862788018e-10, 1.1521132659e-10, 1.09451676888e-10, 7.42728864522e-11, 5.71775543579e-11, 5.70576780268e-11, 8.62657098533e-11, 1.1032064845e-10, 6.32678076595e-11, 6.2655873545e-11, 5.66265749569e-11, 2.70088378745e-11],
        "stdev": [6.16993638687e-05, 9.98913528747e-05, 0.000805360032246, 0.0025847486686, 0.00128467928153, 0.000964671373367, 0.00264503830113, 0.00186326203402, 0.00066325411899, 0.000119928037748, 0.000285265792627, 0.000215653926716, 0.000636153214145, 0.000372809387045, 0.000223737282795, 5.60848457098e-05, 1.85210537893e-05, 1.93841897271e-05, 6.27419967714e-06, 1.11728331831e-05, 3.1541534554e-05, 2.31488520512e-05, 2.24231516768e-05, 2.91813448712e-05, 1.78956943273e-05, 1.1618391909e-05, 7.00035616319e-06, 2.57115584645e-06, 9.96847575152e-07, 3.28435226038e-06, 2.03057629733e-06, 3.8218288978e-07, 1.41138954746e-07, 3.49013795642e-08, 4.01110389348e-09, 3.89629217779e-09, 3.81878351163e-09, 3.53157325605e-09, 3.33718674916e-09, 3.00479174875e-09]
    },
    "melbands128": {
        "max": [0.000504274852574, 0.000271166034508, 0.00122415460646, 0.00117001216859, 0.000455332890851, 0.000815115054138, 0.00449026748538, 0.01243712008, 0.0141638834029, 0.0309397876263, 0.0742979869246, 0.0399422459304, 0.00651230756193, 0.00942344404757, 0.00372598785907, 0.0101278051734, 0.0748155638576, 0.0377951189876, 0.0171784684062, 0.0199107192457, 0.0740066692233, 0.0314584821463, 0.00375463999808, 0.000940661178902, 0.00229271338321, 0.0026707383804, 0.00347491633147, 0.00724387867376, 0.00240566767752, 0.00485156476498, 0.00597635563463, 0.0074262553826, 0.0107931420207, 0.0321906208992, 0.00504687940702, 0.00893458165228, 0.00545818125829, 0.00523626618087, 0.00550455320626, 0.00153994967695, 0.0002434127382, 0.00016154795594, 0.000118686853966, 0.000568697752897, 0.000788528006524, 0.000265635258984, 0.000321534724208, 7.55568107706e-05, 4.69538135803e-05, 0.00012602613424, 0.000136177215609, 0.000553448160645, 0.000469702004921, 0.000874552119058, 0.000418889394496, 0.000634409196209, 0.000183495591045, 0.000287988252239, 0.000387114239857, 0.000673750648275, 0.000571883574594, 0.000378312135581, 0.00024137312721, 0.000255081657087, 0.000284662703052, 0.000227161232033, 0.000166499448824, 0.000247481861152, 3.15042016155e-05, 0.000110403256258, 2.24929062824e-05, 1.62387441378e-05, 5.99637905907e-06, 1.3092347217e-05, 1.74028446054e-05, 0.000118752192066, 5.29495046067e-05, 3.79243538191e-05, 6.3917847001e-05, 1.39683806992e-05, 9.87297062238e-06, 3.75937452191e-06, 2.94161804959e-06, 2.53499206337e-06, 1.32747550197e-06, 1.29746786115e-06, 3.20539328413e-07, 3.78243640853e-08, 3.08317531506e-08, 3.31704512746e-08, 3.21780326829e-08, 4.16712460094e-08, 3.4990534914e-08, 3.55404985442e-08, 2.98059923409e-08, 2.5945372073e-08, 2.43093101204e-08, 2.59964210159e-08, 2.36569501766e-08, 2.77606666543e-08, 2.11820676554e-08, 1.8887671871e-08, 2.02370671332e-08, 2.16983746526e-08, 6.30809093849e-09, 5.03979036282e-09, 4.85061146804e-09, 4.70546757114e-09, 4.59887639082e-09, 4.35568114909e-09, 4.11130995914e-09, 4.04480182681e-09, 3.921920122e-09, 3.8050673723e-09, 3.72858277586e-09, 3.60260377086e-09, 3.50530848792e-09, 3.40990258252e-09, 3.29655569509e-09, 3.20446202906e-09, 3.0940674467e-09, 3.06088976387e-09, 3.03420488734e-09, 2.99803470938e-09, 2.9438793625e-09, 2.88218893196e-09, 2.87065349269e-09, 2.85439072378e-09],
        "mean": [1.30350153995e-05, 1.85063017852e-05, 4.25251637353e-05, 6.93075417075e-05, 4.71460880362e-05, 6.76344498061e-05, 0.000349599868059, 0.000651366251986, 0.000593246368226, 0.000688604835887, 0.000825261406135, 0.000485029915581, 0.000462395342765, 0.000579770887271, 0.000365825282643, 0.000302079890389, 0.000649999186862, 0.000508860510308, 0.00044013565639, 0.000259832188021, 0.000312967895297, 0.000139274008689, 4.90036181873e-05, 1.58480834216e-05, 2.36778832914e-05, 3.26998597302e-05, 3.65114065062e-05, 6.30575814284e-05, 2.59764365182e-05, 2.39430883084e-05, 3.09330425807e-05, 3.6096185795e-05, 6.04995548201e-05, 0.000136472895974, 2.85021851596e-05, 4.94098494528e-05, 4.07222760259e-05, 3.04127388517e-05, 2.84161596937e-05, 1.3494122868e-05, 7.32391163183e-06, 2.54744986705e-06, 3.07230720864e-06, 4.61508352601e-06, 4.33057311966e-06, 2.13457519749e-06, 1.88927208455e-06, 1.68288818259e-06, 1.21698076327e-06, 1.6242423726e-06, 2.33390846915e-06, 2.92529330181e-06, 4.60098499389e-06, 9.0932862804e-06, 2.96971438729e-06, 5.08294533574e-06, 3.87768113796e-06, 3.82803864341e-06, 4.34222147305e-06, 4.73531281386e-06, 5.20740422871e-06, 3.55547467734e-06, 2.9677951261e-06, 2.00112913262e-06, 2.15354998545e-06, 1.5558149471e-06, 1.39436883728e-06, 1.95906318368e-06, 8.26457778658e-07, 1.42664532632e-06, 4.04641639307e-07, 3.21182454854e-07, 1.62066115195e-07, 1.72888107386e-07, 2.13597587617e-07, 4.51822842251e-07, 2.6872569947e-07, 2.61789637079e-07, 2.37538472447e-07, 1.00740940923e-07, 5.74620671046e-08, 3.82303966262e-08, 3.26112008509e-08, 3.05953378188e-08, 2.01187528859e-08, 1.25721282274e-08, 8.64283222768e-09, 7.64183294422e-09, 7.44411909892e-09, 7.53145457111e-09, 7.64467955605e-09, 7.69189245631e-09, 7.61872254174e-09, 8.17860712488e-09, 7.96115973145e-09, 7.72114017167e-09, 7.32264382464e-09, 7.00261892916e-09, 6.51512399585e-09, 6.70212463305e-09, 6.09051520328e-09, 5.88178661332e-09, 5.94054050396e-09, 5.10678521692e-09, 1.05106934267e-09, 1.97986627093e-11, 1.78240981002e-11, 1.91595628252e-11, 1.91260913357e-11, 1.81600966903e-11, 1.74667641462e-11, 1.73026558359e-11, 1.68605910483e-11, 1.64952270593e-11, 1.62216455546e-11, 1.62445300267e-11, 1.65144477954e-11, 1.38693067447e-11, 1.30869230383e-11, 1.28495339369e-11, 1.27914649359e-11, 1.26307306628e-11, 1.14441988872e-11, 9.82740798461e-12, 8.97796073596e-12, 7.44847412915e-12, 6.67799582993e-12, 6.53744810022e-12],
        "min": [4.3036791908e-08, 2.60901984461e-08, 8.2796866252e-08, 8.0722386997e-08, 1.03265982432e-07, 2.81637738908e-07, 3.27133818701e-07, 1.55150530645e-07, 4.57904256734e-08, 2.25516512131e-08, 2.54692267276e-08, 3.10159542494e-08, 6.48106857071e-09, 3.66056411849e-08, 2.31476953161e-08, 1.22756329546e-08, 1.78350454405e-08, 7.90661314198e-09, 3.90689924856e-09, 2.12620321349e-09, 2.60920685058e-09, 5.82757708756e-09, 8.25941182114e-09, 9.03016417197e-09, 6.4176952641e-09, 3.24644844341e-09, 1.53223989052e-09, 6.20310469657e-09, 5.93419624551e-09, 7.86213760762e-09, 6.31192298428e-09, 3.21344773013e-09, 5.97938054625e-09, 4.24459711823e-09, 3.11255710095e-09, 2.94952573476e-09, 1.05112119009e-09, 2.55788656922e-09, 1.62043856111e-09, 1.46269396595e-09, 1.935168914e-09, 4.01593602817e-09, 3.97309118938e-09, 2.90427459859e-09, 1.37693179081e-09, 1.71924763315e-09, 2.24816565364e-09, 1.79702219771e-09, 1.60329771681e-09, 1.15865828043e-09, 3.00250402319e-09, 8.42319458627e-09, 4.44351710982e-09, 1.43697709287e-09, 1.27723331911e-09, 3.50586182307e-09, 1.82791781711e-09, 2.2749173656e-09, 1.58407564843e-09, 1.54549550935e-09, 1.6925790769e-09, 1.46381373689e-09, 1.17483467399e-09, 1.41561418143e-09, 1.6112804424e-09, 4.95177121529e-10, 4.39417946474e-10, 3.24378635064e-10, 2.24252422187e-10, 1.70611219596e-10, 9.44209849196e-11, 8.09190561779e-11, 1.46275394575e-10, 9.92362580998e-11, 2.24490384615e-10, 1.33659819324e-10, 7.25719345729e-11, 4.09052444694e-11, 9.47882952684e-11, 2.30469560103e-10, 5.75464571828e-11, 3.9424078585e-11, 2.53216336787e-11, 5.96086791038e-11, 8.46704026336e-11, 6.1415789121e-11, 4.10879975876e-11, 5.893777133e-11, 6.22841361819e-11, 1.30089175543e-10, 1.62945046345e-10, 8.94641999372e-11, 4.43745248879e-11, 6.79420200655e-11, 8.54153137109e-11, 3.30020559491e-11, 7.76584768714e-11, 5.30533741938e-11, 9.66537822e-11, 2.56159173734e-11, 1.54874498642e-11, 1.91355421092e-11, 5.1217429603e-11, 8.83337430979e-11, 3.74009087589e-11, 1.73766339859e-12, 1.73088680975e-12, 2.19570260411e-12, 2.1115362063e-12, 2.04339388292e-12, 2.01218989387e-12, 1.82735966116e-12, 2.41257361311e-12, 1.68389954758e-12, 1.73702827296e-12, 1.66945493887e-12, 1.98497772039e-12, 1.8981075392e-12, 1.61435686867e-12, 1.48094795975e-12, 1.27832727043e-12, 1.60541610388e-12, 1.87279141847e-12, 1.54890824559e-12, 1.0743176097e-12, 4.12878092175e-13, 5.16777308337e-14, 1.71133551987e-15],
        "stdev": [3.23106760334e-05, 2.8114844099e-05, 9.89289546851e-05, 0.000118124269648, 6.3706014771e-05, 0.000104099271994, 0.000589634117205, 0.00113187776878, 0.00159000523854, 0.00291883293539, 0.00478044897318, 0.00228312052786, 0.000836017366964, 0.00106593384407, 0.000547306321096, 0.000867219641805, 0.00513204699382, 0.0028063962236, 0.00164109026082, 0.00145602831617, 0.00356302107684, 0.00140773912426, 0.000296599493595, 6.21351355221e-05, 0.000148448700202, 0.000192263163626, 0.000253164616879, 0.000530330929905, 0.000163667267771, 0.000227436423302, 0.000319415848935, 0.000363507482689, 0.000562819594052, 0.00164572393987, 0.000250575336395, 0.000481620198116, 0.000345634121913, 0.000298872037092, 0.000304625922581, 9.62553167483e-05, 2.01533039217e-05, 1.09590037027e-05, 1.07178238977e-05, 3.09018396365e-05, 3.97365038225e-05, 1.45846806845e-05, 1.48360959429e-05, 5.72530643694e-06, 4.09954236602e-06, 8.02420800028e-06, 1.05728222479e-05, 2.44502170972e-05, 2.87682996714e-05, 6.04483902862e-05, 1.96744204004e-05, 3.57451062882e-05, 1.84095024451e-05, 2.08001856663e-05, 2.42483292823e-05, 3.49890688085e-05, 3.55681186193e-05, 2.5245888537e-05, 1.93909745576e-05, 1.66712034115e-05, 1.77160018211e-05, 1.26165905385e-05, 9.78517800831e-06, 1.5027308109e-05, 3.49083552464e-06, 7.74150794314e-06, 1.79178448434e-06, 1.46043646509e-06, 5.82024142659e-07, 8.05709134966e-07, 1.23407005503e-06, 5.49373680769e-06, 2.98304007629e-06, 2.48907781497e-06, 2.90972138828e-06, 8.19009756015e-07, 4.68364419248e-07, 2.4093296247e-07, 1.79427885882e-07, 1.66226584497e-07, 8.65593960953e-08, 6.16116508922e-08, 1.52785126772e-08, 4.83235362836e-09, 4.77712491787e-09, 4.51047332817e-09, 4.64952432111e-09, 4.80862194507e-09, 4.45536230131e-09, 4.68129535136e-09, 4.55436666158e-09, 4.50348203174e-09, 4.0060283979e-09, 4.2120804622e-09, 3.98513755329e-09, 4.02633393293e-09, 3.44472406155e-09, 3.44889961035e-09, 3.41654349256e-09, 2.85647794307e-09, 7.15399961493e-10, 2.14439521695e-10, 2.06418340754e-10, 2.00120905958e-10, 1.95572030792e-10, 1.85226542437e-10, 1.74826000898e-10, 1.71990685582e-10, 1.66765157239e-10, 1.6179034501e-10, 1.58533242089e-10, 1.53155738092e-10, 1.49048398623e-10, 1.45067777235e-10, 1.40251130154e-10, 1.36330474687e-10, 1.31643237977e-10, 1.30225372152e-10, 1.29091307088e-10, 1.27595836674e-10, 1.25320434585e-10, 1.22750115628e-10, 1.22289345317e-10, 1.21600896019e-10]
    },
    "mfcc": {
        "mean": [-823.663085938, 165.103469849, 19.3437137604, 25.7090682983, 14.3625078201, -8.11964035034, -11.9305028915, -12.6571149826, -11.6052322388, -9.39526748657, -7.00460290909, 1.05973613262, 0.400120794773],
        "cov": [[6971.3203125, 2160.63769531, -1202.03564453, 470.0496521, -582.440917969, -894.104980469, -207.450927734, -480.33770752, -427.033752441, -388.431976318, -109.736122131, 178.132614136, 93.0923614502], [2160.63769531, 1020.08514404, -191.435348511, -43.1153678894, -156.244598389, -320.291168213, -187.749771118, -195.563903809, -167.821105957, -119.11592865, -39.6536827087, 75.250793457, 50.2996368408], [-1202.03564453, -191.435348511, 737.551330566, 43.4917449951, 79.9331207275, 168.958724976, -57.7593727112, -26.2120056152, 90.9882202148, 58.9835319519, -57.8295898438, -15.3353900909, -16.2793045044], [470.0496521, -43.1153678894, 43.4917449951, 390.862335205, 15.0797147751, -85.9611358643, -22.6795692444, -72.2592010498, -18.8368396759, -46.3569221497, -42.4641571045, -7.86773967743, -14.3468408585], [-582.440917969, -156.244598389, 79.9331207275, 15.0797147751, 296.963684082, 78.4656906128, -101.096038818, -27.0322437286, -4.60653448105, 60.9562911987, 38.9623451233, -18.4607162476, -13.8759660721], [-894.104980469, -320.291168213, 168.958724976, -85.9611358643, 78.4656906128, 237.770523071, 78.7607574463, 34.0917816162, 79.8449859619, 71.9282531738, 12.5039873123, -13.8528623581, -24.8599872589], [-207.450927734, -187.749771118, -57.7593727112, -22.6795692444, -101.096038818, 78.7607574463, 213.307678223, 110.217010498, 40.5239143372, 2.11618518829, -32.2638320923, -19.5985832214, -17.3871154785], [-480.33770752, -195.563903809, -26.2120056152, -72.2592010498, -27.0322437286, 34.0917816162, 110.217010498, 181.842590332, 64.3806915283, -1.96040987968, -2.02308940887, -29.7670097351, -11.1594810486], [-427.033752441, -167.821105957, 90.9882202148, -18.8368396759, -4.60653448105, 79.8449859619, 40.5239143372, 64.3806915283, 103.523544312, 36.6152267456, -20.9988174438, -16.8067150116, -17.6084976196], [-388.431976318, -119.11592865, 58.9835319519, -46.3569221497, 60.9562911987, 71.9282531738, 2.11618518829, -1.96040987968, 36.6152267456, 82.9244689941, 20.0215988159, -14.5785303116, -2.1453063488], [-109.736122131, -39.6536827087, -57.8295898438, -42.4641571045, 38.9623451233, 12.5039873123, -32.2638320923, -2.02308940887, -20.9988174438, 20.0215988159, 102.329460144, 28.7915363312, -3.40207982063], [178.132614136, 75.250793457, -15.3353900909, -7.86773967743, -18.4607162476, -13.8528623581, -19.5985832214, -29.7670097351, -16.8067150116, -14.5785303116, 28.7915363312, 63.080116272, 13.6901473999], [93.0923614502, 50.2996368408, -16.2793045044, -14.3468408585, -13.8759660721, -24.8599872589, -17.3871154785, -11.1594810486, -17.6084976196, -2.1453063488, -3.40207982063, 13.6901473999, 62.8593406677]],
        "icov": [[0.00327443610877, -0.00666026957333, 0.00431242445484, -0.00561964977533, 0.00252640456893, -0.00239134253934, -0.000505530682858, 0.00113821495324, -0.000691131106578, -6.73327376717e-05, 0.000291049742373, -0.000682932848576, -4.28209241363e-05], [-0.00666026957333, 0.0173506680876, -0.00891749933362, 0.0140307471156, -0.00472345389426, 0.00942269247025, 0.00132207002025, 0.00141170981806, 0.001920815208, 0.00188106077258, 0.00167789123952, -0.000578956736717, 0.000991945154965], [0.00431242445484, -0.00891749933362, 0.00836521200836, -0.00890748854727, 0.00515878759325, -0.00763492798433, 0.0039593684487, -0.00164699705783, 0.00154862459749, -0.0029555009678, 0.00405944744125, -0.00265763676725, 0.000936098396778], [-0.00561964977533, 0.0140307471156, -0.00890748854727, 0.0166609287262, -0.00800247397274, 0.0133668305352, -0.00565593317151, 0.00787323899567, -0.00569987203926, 0.00773962121457, -0.00246616266668, 0.00303084333427, -0.000181962997885], [0.00252640456893, -0.00472345389426, 0.00515878759325, -0.00800247397274, 0.0128692267463, -0.011614899151, 0.0126904658973, -0.00903466902673, 0.0120039684698, -0.0103192683309, 0.00633513415232, -0.00324291107245, 0.00376090151258], [-0.00239134253934, 0.00942269247025, -0.00763492798433, 0.0133668305352, -0.011614899151, 0.0287618730217, -0.0184623319656, 0.0189327858388, -0.0179286748171, 0.0104150269181, -0.00899907294661, 0.00356464949436, -0.00178981095087], [-0.000505530682858, 0.00132207002025, 0.0039593684487, -0.00565593317151, 0.0126904658973, -0.0184623319656, 0.0282483827323, -0.0219064224511, 0.0214724075049, -0.0156001374125, 0.015820203349, -0.00842319056392, 0.00702284183353], [0.00113821495324, 0.00141170981806, -0.00164699705783, 0.00787323899567, -0.00903466902673, 0.0189327858388, -0.0219064224511, 0.0319896936417, -0.0259256251156, 0.0210267398506, -0.0137841273099, 0.0110379802063, -0.00602661957964], [-0.000691131106578, 0.001920815208, 0.00154862459749, -0.00569987203926, 0.0120039684698, -0.0179286748171, 0.0214724075049, -0.0259256251156, 0.0418900325894, -0.0242931526154, 0.0195124857128, -0.0122135672718, 0.0101041095331], [-6.73327376717e-05, 0.00188106077258, -0.0029555009678, 0.00773962121457, -0.0103192683309, 0.0104150269181, -0.0156001374125, 0.0210267398506, -0.0242931526154, 0.0371436960995, -0.0160818956792, 0.0138474823907, -0.00856923498213], [0.000291049742373, 0.00167789123952, 0.00405944744125, -0.00246616266668, 0.00633513415232, -0.00899907294661, 0.015820203349, -0.0137841273099, 0.0195124857128, -0.0160818956792, 0.0275749806315, -0.0168164465576, 0.00855499971658], [-0.000682932848576, -0.000578956736717, -0.00265763676725, 0.00303084333427, -0.00324291107245, 0.00356464949436, -0.00842319056392, 0.0110379802063, -0.0122135672718, 0.0138474823907, -0.0168164465576, 0.0301213376224, -0.0086172465235], [-4.28209241363e-05, 0.000991945154965, 0.000936098396778, -0.000181962997885, 0.00376090151258, -0.00178981095087, 0.00702284183353, -0.00602661957964, 0.0101041095331, -0.00856923498213, 0.00855499971658, -0.0086172465235, 0.0212518218905]]
    },
    "spectral_contrast_coeffs": {
        "max": [-0.360917329788, -0.400785207748, -0.431906342506, -0.618666708469, -0.459977030754, -0.5388879776],
        "mean": [-0.664660334587, -0.728825867176, -0.806953668594, -0.820362091064, -0.821653008461, -0.844659805298],
        "min": [-0.874508738518, -0.942057847977, -0.93583625555, -0.91469502449, -0.904171586037, -0.903293669224],
        "stdev": [0.0970842242241, 0.0927246436477, 0.0647526979446, 0.0487075150013, 0.0611017718911, 0.0384908132255]
    },
    "spectral_contrast_valleys": {
        "max": [-5.92220211029, -4.9356303215, -5.65128326416, -6.15313720703, -6.47221899033, -11.3460845947],
        "mean": [-7.75653934479, -7.81041526794, -9.12491607666, -9.30941677094, -9.57473373413, -11.897854805],
        "min": [-9.90274429321, -10.6827802658, -11.0771274567, -10.9773187637, -11.8261394501, -13.9254026413],
        "stdev": [0.852337956429, 1.08527731895, 0.927909314632, 0.810309827328, 0.779501199722, 0.283271163702]
    }
},
"rhythm": {
    "beats_count": 36,
    "beats_loudness": {
        "max": 0.126898407936,
        "mean": 0.0149895353243,
        "min": 3.0112465538e-05,
        "stdev": 0.0271708574146
    },
    "bpm": 184.570373535,
    "bpm_histogram_first_peak_bpm": 185,
    "bpm_histogram_first_peak_weight": 0,
    "bpm_histogram_second_peak_bpm": 178,
    "bpm_histogram_second_peak_spread": 0,
    "bpm_histogram_second_peak_weight": 0.20000000298,
    "danceability": 0.980604887009,
    "onset_rate": 3.05657839775,
    "beats_loudness_band_ratio": {
        "max": [0.823947191238, 0.837343096733, 0.808151185513, 0.554870188236, 0.148365661502, 0.0401624850929],
        "mean": [0.292771041393, 0.478884965181, 0.21257892251, 0.0526439286768, 0.0230313688517, 0.00756969070062],
        "min": [0.0143956020474, 0.0599144697189, 0.0316070355475, 0.00241991248913, 0.00158056337386, 0.000365612970199],
        "stdev": [0.21045024693, 0.215869739652, 0.207499220967, 0.115114249289, 0.0336786434054, 0.0105614513159]
    },
    "beats_position": [0.383129239082, 0.777868449688, 1.17260766029, 1.57895684242, 1.9620860815, 2.34521532059, 2.72834467888, 3.06503391266, 3.40172338486, 3.73841261864, 4.06349182129, 4.40018129349, 4.72526073456, 5.05034017563, 5.3754196167, 5.70049858093, 6.03718805313, 6.3622674942, 6.68734693527, 7.01242637634, 7.33750534058, 7.66258478165, 7.98766422272, 8.32435321808, 8.66104316711, 8.98612213135, 9.31120204926, 9.63628101349, 9.96135997772, 10.2864398956, 10.6115188599, 10.95981884, 11.2848978043, 11.6099767685, 11.9350566864, 12.2601356506],
