{
"metadata": {
    "version": {
        "essentia": "2.1-beta5",
        "essentia_git_sha": "Undefined",
        "extractor": "music 2.0"
    },
    "audio_properties": {
        "analysis": {
            "equal_loudness": 0,
            "length": 12.7477550507,
            "sample_rate": 44100,
            "start_time": 0,
            "downmix": "mix"
        },
        "bit_rate": 192000,
        "length": 195.047622681,
        "lossless": 0,
        "number_channels": 2,
        "replay_gain": -13.2997245789,
        "sample_rate": 48000,
        "codec": "mp3",
        "md5_encoded": "7bfa7d1aed06b39101e2eef93ec60c71"
    },
    "tags": {
        "file_name": "Austria_Merci Chérie_Udo Jürgens.mp3",
        "encoding": ["Lavf58.29.100"]
    }
},
"lowlevel": {
    "average_loudness": 0.951498329639,
    "barkbands_crest": {
        "max": 21.2213039398,
        "mean": 13.8828496933,
        "min": 3.15573978424,
        "stdev": 3.97125935555
    },
    "barkbands_flatness_db": {
        "max": 0.369830876589,
        "mean": 0.229855984449,
        "min": 0.0541605725884,
        "stdev": 0.0731637775898
    },
    "barkbands_kurtosis": {
        "max": 75.6922225952,
        "mean": 12.2352485657,
        "min": -1.90108394623,
        "stdev": 10.9415683746
    },
    "barkbands_skewness": {
        "max": 7.35611629486,
        "mean": 2.48370409012,
        "min": -2.24934363365,
        "stdev": 1.4971575737
    },
    "barkbands_spread": {
        "max": 109.034858704,
        "mean": 13.5882167816,
        "min": 1.59935891628,
        "stdev": 19.7959098816
    },
    "dissonance": {
        "max": 0.499968528748,
        "mean": 0.432488292456,
        "min": 0.291589617729,
        "stdev": 0.0473228543997
    },
    "dynamic_complexity": 4.33582115173,
    "erbbands_crest": {
        "max": 24.0588474274,
        "mean": 10.886841774,
        "min": 2.6996243,
        "stdev": 5.35733795166
    },
    "erbbands_flatness_db": {
        "max": 0.390013903379,
        "mean": 0.200463175774,
        "min": 0.0528139285743,
        "stdev": 0.0912341699004
    },
    "erbbands_kurtosis": {
        "max": 30.5146446228,
        "mean": 1.77346682549,
        "min": -1.78765261173,
        "stdev": 4.74415111542
    },
    "erbbands_skewness": {
        "max": 4.13256931305,
        "mean": 0.839251458645,
        "min": -2.72856473923,
        "stdev": 1.15814912319
    },
    "erbbands_spread": {
        "max": 137.408370972,
        "mean": 39.1450920105,
        "min": 2.98436498642,
        "stdev": 23.3034324646
    },
    "hfc": {
        "max": 178.498413086,
        "mean": 12.7469530106,
        "min": 1.18566877863e-16,
        "stdev": 21.4411144257
    },
    "loudness_ebu128": {
        "integrated": -11.319683075,
        "loudness_range": 5.29213523865,
        "momentary": {
            "max": -6.57528734207,
            "mean": -12.3600473404,
            "min": -22.6101474762,
            "stdev": 3.13886713982
        },
        "short_term": {
            "max": -9.33331298828,
            "mean": -11.6717195511,
            "min": -15.58959198,
            "stdev": 1.91163802147
        }
    },
    "melbands_crest": {
        "max": 26.2034931183,
        "mean": 16.7311878204,
        "min": 2.01969003677,
        "stdev": 4.59450626373
    },
    "melbands_flatness_db": {
        "max": 0.452526599169,
        "mean": 0.314128637314,
        "min": 0.00677836500108,
        "stdev": 0.0836993381381
    },
    "melbands_kurtosis": {
        "max": 137.549743652,
        "mean": 29.3189582825,
        "min": -1.62939333916,
        "stdev": 25.0991535187
    },
    "melbands_skewness": {
        "max": 10.0030431747,
        "mean": 3.67645478249,
        "min": -0.933861672878,
        "stdev": 2.08915662766
    },
    "melbands_spread": {
        "max": 193.409545898,
        "mean": 12.1067237854,
        "min": 1.14150154591,
        "stdev": 22.3794326782
    },
    "pitch_salience": {
        "max": 0.799382030964,
        "mean": 0.483513176441,
        "min": 0.154856622219,
        "stdev": 0.120868243277
    },
    "silence_rate_20dB": {
        "max": 1,
        "mean": 1,
        "min": 1,
        "stdev": 0
    },
    "silence_rate_30dB": {
        "max": 1,
        "mean": 0.996363639832,
        "min": 0,
        "stdev": 0.0601925738156
    },
    "silence_rate_60dB": {
        "max": 1,
        "mean": 0.0618181824684,
        "min": 0,
        "stdev": 0.240826234221
    },
    "spectral_centroid": {
        "max": 11057.4453125,
        "mean": 870.926635742,
        "min": 248.96232605,
        "stdev": 935.540222168
    },
    "spectral_complexity": {
        "max": 34,
        "mean": 9.46000003815,
        "min": 0,
        "stdev": 5.00120544434
    },
    "spectral_decrease": {
        "max": 9.81442238756e-30,
        "mean": -6.20610451918e-09,
        "min": -3.49931106314e-08,
        "stdev": 5.63072033444e-09
    },
    "spectral_energy": {
        "max": 0.134121641517,
        "mean": 0.0245794598013,
        "min": 1.07173260247e-20,
        "stdev": 0.0220095179975
    },
    "spectral_energyband_high": {
        "max": 0.0243036579341,
        "mean": 0.000865788897499,
        "min": 8.19809173137e-21,
        "stdev": 0.00263284915127
    },
    "spectral_energyband_low": {
        "max": 0.0968903750181,
        "mean": 0.0113929929212,
        "min": 3.03688445326e-23,
        "stdev": 0.0122230267152
    },
    "spectral_energyband_middle_high": {
        "max": 0.0143871493638,
        "mean": 0.00102002103813,
        "min": 1.48733768726e-21,
        "stdev": 0.00174404471181
    },
    "spectral_energyband_middle_low": {
        "max": 0.0716672763228,
        "mean": 0.0118094207719,
        "min": 2.11180689657e-22,
        "stdev": 0.0144723206758
    },
    "spectral_entropy": {
        "max": 9.80969429016,
        "mean": 6.95412063599,
        "min": 5.2818107605,
        "stdev": 0.810411393642
    },
    "spectral_flux": {
        "max": 0.289509862661,
        "mean": 0.0482004508376,
        "min": 1.03524522288e-10,
        "stdev": 0.0473156161606
    },
    "spectral_kurtosis": {
        "max": 66.4113769531,
        "mean": 11.0776472092,
        "min": -1.1812902689,
        "stdev": 13.3362169266
    },
    "spectral_rms": {
        "max": 0.0114389853552,
        "mean": 0.00442217569798,
        "min": 3.23356272314e-12,
        "stdev": 0.00210340786725
    },
    "spectral_rolloff": {
        "max": 18432.421875,
        "mean": 1064.1328125,
        "min": 107.666015625,
        "stdev": 2472.29711914
    },
    "spectral_skewness": {
        "max": 6.39781570435,
        "mean": 2.1034924984,
        "min": 0.00605579325929,
        "stdev": 1.08751046658
    },
    "spectral_spread": {
        "max": 40623868,
        "mean": 3969507.25,
        "min": 980072.375,
        "stdev": 2742262.25
    },
    "spectral_strongpeak": {
        "max": 6.48818683624,
        "mean": 0.774650454521,
        "min": 0,
        "stdev": 0.733328044415
    },
    "zerocrossingrate": {
        "max": 0.88720703125,
        "mean": 0.0469105131924,
        "min": 0.00390625,
        "stdev": 0.0988708361983
    },
    "barkbands": {
        "max": [0.00315716816112, 0.0524310134351, 0.0561861842871, 0.0297391079366, 0.0657138824463, 0.0413200445473, 0.0213698633015, 0.0337935648859, 0.00418159132823, 0.00341360107996, 0.000848323456012, 0.000652476213872, 0.00104198686313, 0.00513143511489, 0.00839596986771, 0.00387580273673, 0.0017702881014, 0.00385079509579, 0.00273871119134, 0.00228230585344, 0.00535891158506, 0.00827139057219, 0.00547135993838, 0.00368419429287, 0.00237246975303, 0.00213751289994, 0.000113267880806],
        "mean": [0.000217837252421, 0.00812414009124, 0.00260428525507, 0.00140133197419, 0.00579199241474, 0.00168267381378, 0.000910971255507, 0.00168862787541, 0.000200611058972, 0.00016459611652, 6.60534933559e-05, 4.45542536909e-05, 9.07664725673e-05, 0.000109907508886, 0.000171215113369, 0.000127230552607, 0.000106503015559, 0.000109092885396, 6.69033834129e-05, 7.98258552095e-05, 0.000199339323444, 0.000197717366973, 0.000149275409058, 0.000127782535856, 8.28379197628e-05, 6.0748647229e-05, 2.64894651991e-06],
        "min": [2.13810051406e-23, 1.45732885676e-23, 1.69756792575e-24, 5.82746302386e-24, 4.30128049402e-23, 1.74491062411e-23, 3.7859899243e-23, 3.66174464727e-23, 4.60625790652e-23, 6.27645504098e-23, 4.98238299959e-23, 1.69221114999e-22, 1.34625222415e-22, 1.55807955256e-22, 1.08777241911e-22, 1.24927584913e-22, 8.68529103999e-23, 2.0258480685e-22, 2.75862134201e-22, 2.95074822615e-22, 5.05391198399e-22, 4.35038184734e-22, 6.82616714609e-22, 1.05929524725e-21, 1.35535360902e-21, 1.7286679339e-21, 2.43282421153e-21],
        "stdev": [0.000270119140623, 0.00835753045976, 0.00446665938944, 0.00355429179035, 0.00982795935124, 0.00348957674578, 0.00188170955516, 0.00484199961647, 0.000397003954276, 0.000297101389151, 0.000109990643978, 6.91494278726e-05, 0.000124006750411, 0.000418073002947, 0.000716202368494, 0.000368550681742, 0.000223702940275, 0.000279464991763, 0.000222428076086, 0.000216762084165, 0.000615756434854, 0.000739062321372, 0.000508716504555, 0.000422458106186, 0.000275899772532, 0.000218266010052, 1.16101309686e-05]
    },
    "erbbands": {
        "max": [0.774122178555, 14.6457777023, 60.4481506348, 81.6714172363, 164.307159424, 232.627960205, 312.305877686, 372.224121094, 361.374847412, 361.846191406, 873.579528809, 98.1659011841, 146.781234741, 31.3231563568, 39.4623222351, 22.9466056824, 55.781414032, 263.40057373, 474.625762939, 242.708129883, 171.629089355, 100.810432434, 238.30128479, 105.940444946, 209.501754761, 94.9408798218, 88.9453048706, 399.349609375, 276.539794922, 236.217895508, 117.363975525, 78.3260192871, 49.2837409973, 27.3308181763, 17.6216278076, 8.14668750763, 5.18740558624, 0.751696407795, 0.0184884388, 0.000631276983768],
        "mean": [0.112342596054, 2.1136777401, 4.44775676727, 3.19833374023, 14.8722248077, 19.0311431885, 9.11376285553, 18.1904945374, 16.5864582062, 23.0726947784, 26.1822547913, 6.20037937164, 7.30518627167, 2.15026688576, 2.99019837379, 2.10601615906, 4.20741271973, 6.05136060715, 7.88337469101, 7.05454063416, 7.27276134491, 6.15206623077, 6.75095701218, 3.25443935394, 3.5545835495, 4.19561624527, 3.62471818924, 12.0963230133, 7.30296039581, 4.35620927811, 4.1457901001, 3.35310983658, 1.64428925514, 0.857630848885, 0.639133691788, 0.278316497803, 0.106596924365, 0.0188644267619, 0.000547757139429, 4.64663717139e-05],
        "min": [5.85739445764e-22, 2.87359313627e-21, 3.20741544339e-21, 9.92499928114e-21, 7.7545830132e-20, 1.35469734137e-19, 2.37440385376e-19, 1.04004061517e-19, 5.5600811199e-19, 2.9989182369e-19, 1.25877347089e-18, 1.03347749277e-18, 1.51814794607e-18, 1.56055501453e-18, 4.08964795009e-18, 6.87855314617e-18, 5.58952699195e-18, 6.87996927938e-18, 5.98135996657e-18, 9.30180563402e-18, 5.54320777278e-18, 5.15448499726e-18, 9.74635731062e-18, 1.39411084837e-17, 1.32383689225e-17, 1.41169571558e-17, 1.18412112371e-17, 2.73799661344e-17, 1.39924896346e-17, 2.04199030242e-17, 1.9188876293e-17, 1.83234352684e-17, 2.10994236256e-17, 1.31666407829e-17, 1.05193815813e-17, 5.67740252432e-18, 3.50026191131e-18, 1.39384513728e-18, 3.22659013623e-19, 3.59779073191e-20],
        "stdev": [0.116850309074, 2.20672750473, 5.66976213455, 7.66733169556, 26.4303417206, 35.1130180359, 25.2870140076, 33.835105896, 29.1087799072, 48.010055542, 101.651924133, 11.8764600754, 15.104183197, 3.58320045471, 4.20994281769, 2.91406273842, 5.78826904297, 21.6722202301, 33.732837677, 20.1404380798, 18.6882858276, 12.7793684006, 16.625541687, 9.60264396667, 12.4173307419, 11.4468269348, 10.4189996719, 38.9360198975, 26.2562713623, 16.4405708313, 13.6811790466, 10.7999391556, 5.74503993988, 2.92816638947, 2.11450004578, 0.959163069725, 0.407287240028, 0.0734122917056, 0.00211471947841, 7.66190933064e-05]
    },
    "gfcc": {
        "mean": [-99.8092422485, 140.415222168, -102.757095337, 34.5252838135, -42.6656990051, -8.48111438751, -30.636838913, 1.08267247677, -12.5154314041, 3.45425105095, -11.7471532822, -1.49260151386, -7.62759160995],
        "cov": [[28600.4492188, -2447.30981445, 1373.96972656, 2051.78100586, -1573.52514648, 1499.10925293, -1622.11987305, 806.259094238, -438.385375977, 370.840759277, -1043.80834961, 352.230834961, -517.424804688], [-2447.30981445, 5506.79296875, -2265.35473633, -1409.51220703, 692.286743164, -1653.21691895, 760.774108887, -765.937683105, 401.098236084, -363.487121582, 740.506164551, -286.551940918, 446.346954346], [1373.96972656, -2265.35473633, 1400.58911133, 836.24017334, -88.7490997314, 838.026367188, -336.304992676, 427.669281006, -263.926452637, 177.318969727, -352.470825195, 152.415542603, -142.909500122], [2051.78100586, -1409.51220703, 836.24017334, 776.817993164, -24.5646781921, 598.738769531, -248.400619507, 303.318878174, -152.610748291, 92.4148330688, -251.576812744, 104.294395447, -94.7839508057], [-1573.52514648, 692.286743164, -88.7490997314, -24.5646781921, 446.401123047, -101.797393799, 152.561767578, -25.6170425415, -9.53303909302, -51.4307060242, 90.1302337646, -33.3403625488, 96.6978607178], [1499.10925293, -1653.21691895, 838.026367188, 598.738769531, -101.797393799, 830.64654541, -231.358596802, 316.302581787, -154.649169922, 114.480293274, -212.341186523, 118.917633057, -112.155036926], [-1622.11987305, 760.774108887, -336.304992676, -248.400619507, 152.561767578, -231.358596802, 336.398406982, -110.028030396, 55.8896331787, -44.6965560913, 155.425857544, -65.3305511475, 92.3436279297], [806.259094238, -765.937683105, 427.669281006, 303.318878174, -25.6170425415, 316.302581787, -110.028030396, 262.189025879, -63.6384620667, 62.1925315857, -119.170150757, 56.6672935486, -76.2155990601], [-438.385375977, 401.098236084, -263.926452637, -152.610748291, -9.53303909302, -154.649169922, 55.8896331787, -63.6384620667, 183.789093018, -36.6934661865, 86.3170928955, -9.42549419403, -7.55788946152], [370.840759277, -363.487121582, 177.318969727, 92.4148330688, -51.4307060242, 114.480293274, -44.6965560913, 62.1925315857, -36.6934661865, 88.4029998779, -34.9222679138, 17.8168582916, -14.4500236511], [-1043.80834961, 740.506164551, -352.470825195, -251.576812744, 90.1302337646, -212.341186523, 155.425857544, -119.170150757, 86.3170928955, -34.9222679138, 216.009246826, -16.5199661255, 78.2973556519], [352.230834961, -286.551940918, 152.415542603, 104.294395447, -33.3403625488, 118.917633057, -65.3305511475, 56.6672935486, -9.42549419403, 17.8168582916, -16.5199661255, 77.6816711426, -16.3492393494], [-517.424804688, 446.346954346, -142.909500122, -94.7839508057, 96.6978607178, -112.155036926, 92.3436279297, -76.2155990601, -7.55788946152, -14.4500236511, 78.2973556519, -16.3492393494, 102.577758789]],
        "icov": [[0.000171891617356, -0.000515412713867, 0.000237100481172, -0.000659607059788, 0.000837038038298, -0.000327632762492, 0.000350710295606, -0.000164407145348, 0.000486641802127, -0.000776039494667, 0.000619368744083, -0.000484952615807, 0.000621933839284], [-0.000515412713867, 0.00283117685467, 0.000253095960943, 0.00195244245697, -0.00344373122789, 0.00184192322195, -0.00080962467473, 0.000217904991587, -0.00181885634083, 0.00341377523728, -0.00272301677614, 0.00213297200389, -0.00384616176598], [0.000237100481172, 0.000253095960943, 0.00484898826107, -0.00226324074902, -0.000124431113363, -0.000832206686027, 0.000535197847057, -0.00128120009322, 0.00210597505793, -0.00286791962571, 0.00209426716901, -0.00259573990479, 0.000271485710982], [-0.000659607059788, 0.00195244245697, -0.00226324074902, 0.00732892611995, -0.00394054455683, -7.02304605511e-05, -0.000630571506917, -0.0004999327939, -0.00248080515303, 0.00353193841875, -0.000320861377986, 0.00110021419823, -0.00363478902727], [0.000837038038298, -0.00344373122789, -0.000124431113363, -0.00394054455683, 0.00850435066968, -0.00175243045669, 0.000791386293713, -0.00180217460729, 0.00275628268719, -0.00194678513799, 0.00218019750901, -0.00109099596739, 0.0014988691546], [-0.000327632762492, 0.00184192322195, -0.000832206686027, -7.02304605511e-05, -0.00175243045669, 0.00505457259715, -0.000634721829556, -0.00101869029459, -0.000473219697597, 0.00195811595768, -0.00263374624774, 0.000324185646605, -0.00159577303566], [0.000350710295606, -0.00080962467473, 0.000535197847057, -0.000630571506917, 0.000791386293713, -0.000634721829556, 0.00684805307537, -0.00135649705771, 0.000440088828327, -0.000770179089159, -0.00151490652934, 0.00284593808465, -0.00162391224876], [-0.000164407145348, 0.000217904991587, -0.00128120009322, -0.0004999327939, -0.00180217460729, -0.00101869029459, -0.00135649705771, 0.0102889528498, -0.000513836217579, -0.0019841985777, 0.000261840526946, -0.0017015930498, 0.00463814474642], [0.000486641802127, -0.00181885634083, 0.00210597505793, -0.00248080515303, 0.00275628268719, -0.000473219697597, 0.000440088828327, -0.000513836217579, 0.0111415944993, -0.00207388703711, -0.000983713078313, -0.00380711373873, 0.00778999738395], [-0.000776039494667, 0.00341377523728, -0.00286791962571, 0.00353193841875, -0.00194678513799, 0.00195811595768, -0.000770179089159, -0.0019841985777, -0.00207388703711, 0.0223065186292, -0.00615863595158, 0.00566243194044, -0.00771276885644], [0.000619368744083, -0.00272301677614, 0.00209426716901, -0.000320861377986, 0.00218019750901, -0.00263374624774, -0.00151490652934, 0.000261840526946, -0.000983713078313, -0.00615863595158, 0.0168183427304, -0.00834638159722, -0.0008901625406], [-0.000484952615807, 0.00213297200389, -0.00259573990479, 0.00110021419823, -0.00109099596739, 0.000324185646605, 0.00284593808465, -0.0017015930498, -0.00380711373873, 0.00566243194044, -0.00834638159722, 0.0244300607592, -0.00598882744089], [0.000621933839284, -0.00384616176598, 0.000271485710982, -0.00363478902727, 0.0014988691546, -0.00159577303566, -0.00162391224876, 0.00463814474642, 0.00778999738395, -0.00771276885644, -0.0008901625406, -0.00598882744089, 0.0276040453464]]
    },
    "melbands": {
        "max": [0.00951620936394, 0.0255231931806, 0.0116083864123, 0.0179538726807, 0.0100403381512, 0.00728916935623, 0.00510175852105, 0.00527354562655, 0.00599705334753, 0.000466032128315, 0.000701374548953, 0.000102231620986, 0.000104583450593, 7.8253011452e-05, 6.91624954925e-05, 0.000140974399983, 0.000568787858356, 0.000678819837049, 0.000669742294122, 0.000297058257274, 0.000160441253684, 0.000122404409922, 0.000295430421829, 8.81822634256e-05, 9.4326256658e-05, 0.000118836534966, 0.000133948225994, 7.07135841367e-05, 7.81444250606e-05, 0.00010425606888, 0.000298073748127, 0.000186284421943, 8.59731953824e-05, 0.000161995922099, 7.61038827477e-05, 6.17998593953e-05, 4.460384298e-05, 3.73662696802e-05, 2.83477747871e-05, 2.24277191592e-05],
        "mean": [0.00160331395455, 0.00257985270582, 0.000888241978828, 0.00141099444591, 0.000394679926103, 0.000371580623323, 0.000236752879573, 0.000297545135254, 0.00017554788792, 3.2898500649e-05, 3.49645488313e-05, 7.34797868063e-06, 8.85175813892e-06, 6.65570223646e-06, 6.96708366377e-06, 8.97380414244e-06, 1.15816583275e-05, 1.12901070679e-05, 1.19534824989e-05, 8.72324289958e-06, 8.23584650789e-06, 6.14629925622e-06, 7.3579817581e-06, 4.21893219027e-06, 2.42110922954e-06, 2.64539266936e-06, 2.557200105e-06, 2.84476914203e-06, 1.51684957928e-06, 3.98134625357e-06, 8.52155426401e-06, 4.86796488985e-06, 2.07544348996e-06, 2.57156784755e-06, 2.51189862865e-06, 2.1404994186e-06, 2.01259149435e-06, 1.20671700188e-06, 8.21555829589e-07, 6.76898707752e-07],
        "min": [6.39434478124e-24, 2.41588849439e-24, 3.54893532902e-24, 8.5443047146e-24, 7.64994944053e-24, 3.00125681265e-24, 8.10868704527e-24, 3.22645214641e-24, 1.14156834678e-23, 5.75770484287e-24, 7.82460482267e-24, 6.08505332511e-24, 1.00646574046e-23, 1.66833700045e-23, 1.89745928379e-23, 1.16553843759e-23, 1.30969464275e-23, 1.09490154444e-23, 8.73081115412e-24, 1.05767559275e-23, 6.09014068909e-24, 4.7560297758e-24, 6.35540542366e-24, 1.09549374232e-23, 1.13699271687e-23, 9.79801216342e-24, 8.31867077419e-24, 9.66717406026e-24, 6.68232161013e-24, 1.22497642467e-23, 1.55822432431e-23, 7.00901099909e-24, 8.87099015926e-24, 1.25909331776e-23, 1.21119313139e-23, 8.51112128063e-24, 1.21433768873e-23, 1.49636626974e-23, 1.19292350726e-23, 1.11328910328e-23],
        "stdev": [0.0016523594968, 0.00288357120007, 0.00158960826229, 0.00259178178385, 0.000829541240819, 0.000693674723152, 0.000427391991252, 0.000680545985233, 0.000702389341313, 5.42299385415e-05, 7.31284162612e-05, 1.23413001347e-05, 1.37661991175e-05, 8.65427682584e-06, 9.04279477254e-06, 1.46944521475e-05, 4.63712131022e-05, 4.78259244119e-05, 5.14878738613e-05, 2.60810393229e-05, 2.03540421353e-05, 1.26982695292e-05, 2.21971495193e-05, 9.13666917768e-06, 8.0943282228e-06, 9.38915127335e-06, 7.77938566898e-06, 8.61963690113e-06, 5.18159413332e-06, 1.30496309794e-05, 2.81052489299e-05, 1.85027583939e-05, 7.15817304808e-06, 1.05113404061e-05, 8.44646274345e-06, 7.06364471625e-06, 6.55530629956e-06, 4.29652709499e-06, 3.00882379634e-06, 2.29036913879e-06]
    },
    "melbands128": {
        "max": [0.00233156327158, 0.00472932308912, 0.0117212766781, 0.0314050465822, 0.0331939682364, 0.0255323834717, 0.0201642252505, 0.0166372582316, 0.0227955076844, 0.0339640565217, 0.012785166502, 0.0177751593292, 0.0122884660959, 0.0168998427689, 0.0104318968952, 0.00998935010284, 0.00487697776407, 0.00877057947218, 0.00286399899051, 0.00612815190107, 0.0117237940431, 0.013797102496, 0.00974638480693, 0.000767002813518, 0.000841175438836, 0.0006325574941, 0.0016639753012, 0.00129263277631, 0.00019085277745, 0.000160061186762, 0.000220939458814, 0.000266057701083, 0.000158093869686, 0.00029611386708, 0.000105490871647, 0.000151464599185, 8.15989405965e-05, 9.66594379861e-05, 0.000165087447385, 0.000189705329831, 0.000266344286501, 0.00018968731456, 0.00115901522804, 0.00105050299317, 0.000302750675473, 0.000601501495112, 0.00204109586775, 0.00148337730207, 0.000526899995748, 0.000527764321305, 0.000570093747228, 0.000618619611487, 0.000403258454753, 0.000224707036978, 0.000248100754106, 0.000212837025174, 0.000196577762836, 0.000325818895362, 0.000677737232763, 0.000190569655388, 7.22859040252e-05, 0.000152548789629, 0.000107856241812, 0.000105113067548, 0.000179965267307, 0.000121031371236, 0.0002526131575, 0.000239927991061, 8.82716776687e-05, 9.76918818196e-05, 0.000136727307108, 0.000123738704133, 0.000194119667867, 5.36433944944e-05, 4.75905399071e-05, 0.000231260433793, 0.000178776099347, 0.000250071898336, 0.000291226198897, 0.0005303825601, 0.000268701318419, 0.00031916925218, 6.53322349535e-05, 8.9767127065e-05, 9.61576661211e-05, 0.000174978282303, 0.000165697172633, 0.000184095057193, 9.13604162633e-05, 5.8417517721e-05, 0.000117838193546, 6.42085869913e-05, 6.78360374877e-05, 6.34887910564e-05, 4.32924280176e-05, 5.25340583408e-05, 5.03856026626e-05, 3.54027761205e-05, 3.60468948202e-05, 2.82785349555e-05, 3.77516516892e-05, 1.75524037331e-05, 2.10460711969e-05, 1.96688470169e-05, 2.63034726231e-05, 1.96944256459e-05, 2.91504038614e-05, 1.96252331079e-05, 1.3444682736e-05, 2.20424935833e-05, 1.77018955583e-05, 1.43231227412e-05, 2.30603745877e-05, 2.98629438475e-05, 1.15649645522e-05, 1.16820074254e-05, 3.81462973564e-06, 3.70639270386e-07, 3.84390119734e-07, 5.555525604e-07, 3.85724717944e-07, 3.52164448714e-07, 1.18692817352e-07, 1.28562396284e-08, 2.68988298302e-09, 2.6438415901e-09, 2.60800359086e-09, 2.58552890209e-09],
        "mean": [0.000201428047149, 0.000655832060147, 0.00155638344586, 0.00453833537176, 0.0032072190661, 0.000941022823099, 0.000453097192803, 0.000837972154841, 0.00151303887833, 0.00201022694819, 0.000895573582966, 0.000494041945785, 0.000234989463934, 0.000247795804171, 0.000525411916897, 0.000359623401891, 0.00021315732738, 0.000314105331199, 0.000112590198114, 0.000225145224249, 0.000448722013971, 0.00032457546331, 0.000139072435559, 2.34970793827e-05, 3.0913768569e-05, 3.34082251356e-05, 3.88154949178e-05, 5.43606074643e-05, 9.44727980823e-06, 6.08926438872e-06, 8.36245089886e-06, 5.7500665207e-06, 6.47579281576e-06, 1.54478930199e-05, 6.96216648066e-06, 4.39837549493e-06, 4.75629758512e-06, 3.79521475224e-06, 1.31369743031e-05, 8.56773385749e-06, 9.08976380742e-06, 5.73514853386e-06, 1.56012774823e-05, 1.2603459254e-05, 5.15920100952e-06, 1.10904957182e-05, 1.82029689313e-05, 1.42858043546e-05, 7.45689931136e-06, 9.25410495256e-06, 7.26756707081e-06, 1.07151672637e-05, 9.33683440962e-06, 6.26888231636e-06, 7.49863238525e-06, 6.03087482887e-06, 4.94275354868e-06, 6.85722625349e-06, 9.0094999905e-06, 7.44024646337e-06, 3.2585057852e-06, 2.62398884843e-06, 2.1360538085e-06, 2.25590974878e-06, 3.08765015689e-06, 2.51969390774e-06, 2.58198679148e-06, 2.48501078204e-06, 2.29042643696e-06, 2.9301450013e-06, 3.70316251974e-06, 2.31319654631e-06, 1.50565347212e-06, 1.13610781227e-06, 1.59510182129e-06, 3.48835328623e-06, 4.95456970384e-06, 6.58997714709e-06, 1.02994763438e-05, 9.47532862483e-06, 5.06421974933e-06, 3.7463382796e-06, 1.80550534878e-06, 2.00293447961e-06, 2.00115118787e-06, 2.35340917243e-06, 2.78531433651e-06, 3.04861418954e-06, 2.58139766629e-06, 1.96527344087e-06, 2.25996905101e-06, 2.05301580536e-06, 2.21993491323e-06, 2.26560541705e-06, 1.7757954538e-06, 1.29179716168e-06, 1.1452302715e-06, 9.5119571597e-07, 8.70158942234e-07, 7.12511280199e-07, 6.76630975249e-07, 6.56419501865e-07, 6.72302064686e-07, 8.07727417396e-07, 8.3258697714e-07, 6.96680842793e-07, 5.79112224841e-07, 4.46361838158e-07, 4.35886846617e-07, 5.16941383921e-07, 4.15158666556e-07, 3.59847803111e-07, 3.06161837216e-07, 3.21599884501e-07, 2.95234485748e-07, 2.7809633707e-07, 7.44581072354e-08, 7.03676894531e-09, 6.97385571513e-09, 7.36946192958e-09, 6.57825438566e-09, 4.98868679699e-09, 2.40815833941e-09, 1.13097788079e-10, 6.74335110321e-12, 6.56408521288e-12, 6.44712104883e-12, 6.39048406206e-12],
        "min": [1.27345595049e-23, 5.67326990474e-24, 5.31793539859e-24, 4.76387065877e-24, 2.19413476355e-24, 6.96699173133e-25, 1.13061724165e-24, 3.80993548154e-24, 7.49826174365e-24, 1.18727613092e-23, 5.89270734275e-24, 7.6699162989e-24, 1.02660149395e-23, 4.9864856285e-24, 7.28198043951e-25, 1.2880177706e-24, 9.20086891285e-24, 1.08863104688e-23, 5.63001626688e-24, 1.7125621994e-24, 1.68437422711e-24, 7.23510563427e-24, 1.5902807916e-23, 1.22926617139e-23, 4.09559305937e-24, 6.47108359237e-24, 1.73969033707e-24, 1.18499435075e-23, 6.68964460591e-24, 9.30176343377e-24, 4.98833511289e-24, 1.49919751125e-24, 7.7950391048e-24, 1.78682580168e-23, 1.88025470076e-23, 1.42015694204e-23, 1.7545617062e-23, 2.82503049291e-23, 1.14483091771e-23, 5.98323544251e-24, 1.59977915021e-23, 1.39821666923e-23, 1.17172373818e-23, 1.0322249678e-23, 1.95599165855e-23, 1.06401495787e-23, 2.8307407809e-24, 2.60778206503e-24, 1.28551660821e-23, 2.288289533e-23, 5.74697988443e-24, 5.17247418083e-24, 7.08716344897e-24, 5.70290346464e-24, 4.63770971192e-24, 4.45169709933e-24, 4.47504462111e-24, 7.93011733532e-24, 4.37968317058e-24, 8.6189175456e-24, 1.29624314437e-23, 1.10013058784e-23, 1.26555819065e-23, 1.29661454008e-23, 6.51881322701e-24, 9.04663950613e-24, 1.34903103402e-23, 6.59928177251e-24, 6.46283644604e-24, 1.11663063919e-23, 1.11694862902e-23, 6.10834799321e-24, 1.20820374299e-23, 5.57025255913e-24, 2.88877885542e-24, 4.87487522105e-24, 2.21154803973e-23, 2.28176486445e-23, 1.51304689136e-23, 6.83990604228e-24, 7.60830862878e-24, 6.36713972963e-24, 6.40601085073e-24, 1.06085036347e-23, 8.50756194022e-24, 1.20115282533e-23, 1.34690316061e-23, 1.57847312157e-23, 1.2322640006e-23, 7.62757813412e-24, 1.17675138538e-23, 5.92214408185e-24, 9.16100303815e-24, 1.41717993876e-23, 1.40030888612e-23, 8.5041966596e-24, 1.99913304151e-23, 1.73111928445e-23, 9.63650867029e-24, 1.1508784043e-23, 7.18135501877e-24, 1.34376286312e-23, 1.13826451843e-23, 1.56747876713e-23, 1.16261397244e-23, 9.85507915016e-24, 1.04418425689e-23, 1.33198564312e-23, 7.73093626764e-24, 8.01117831536e-24, 9.98613734551e-24, 1.24118759516e-23, 1.07775872922e-23, 1.17697384416e-23, 1.21851723158e-23, 9.25645520768e-24, 1.14379348674e-23, 1.19627727051e-23, 1.08674535377e-23, 9.16861002386e-24, 8.54384007553e-24, 9.99820139534e-24, 1.55034092174e-23, 7.98289449646e-24, 1.07038800735e-23, 9.6301543957e-24, 1.19049279015e-23, 5.12694704584e-24],
        "stdev": [0.000231284298934, 0.000690565502737, 0.00181788066402, 0.00472010392696, 0.00372472777963, 0.00198468007147, 0.00168226670939, 0.0020309900865, 0.00293602840975, 0.00462550809607, 0.00179018743802, 0.00109763815999, 0.00105846091174, 0.000963526079431, 0.00107944000047, 0.000749347149394, 0.000405898637837, 0.000749188300688, 0.000270669843303, 0.000549024727661, 0.00119954394177, 0.00157609058078, 0.000822305621114, 6.31885559415e-05, 5.34724531462e-05, 7.37458976801e-05, 0.000147168364492, 0.000112440640805, 1.69406521309e-05, 1.20043314382e-05, 1.92944098671e-05, 2.3951755793e-05, 1.42168155435e-05, 2.65508078883e-05, 1.03962920548e-05, 1.11116050903e-05, 1.00496845334e-05, 8.27797521197e-06, 1.83616848517e-05, 1.64123612194e-05, 2.15180261876e-05, 1.72183645191e-05, 6.90112792654e-05, 6.80291632307e-05, 2.37534532062e-05, 4.80508606415e-05, 0.000116926465125, 9.59991593845e-05, 3.07566369884e-05, 2.75520160358e-05, 3.09966198984e-05, 4.69728038297e-05, 2.93296325253e-05, 1.60735471582e-05, 2.15706768358e-05, 1.44372615978e-05, 1.76173016371e-05, 2.2451273253e-05, 4.02506775572e-05, 1.70708972291e-05, 6.80953871779e-06, 1.04561722765e-05, 7.48074990042e-06, 8.53266828926e-06, 1.29467443912e-05, 8.75335081219e-06, 1.28204119392e-05, 1.20288905237e-05, 6.34473553873e-06, 8.21445883048e-06, 1.30638145492e-05, 9.98479117698e-06, 9.50221874518e-06, 3.84998429581e-06, 4.55691315437e-06, 1.51984431795e-05, 1.77581023308e-05, 2.2772106604e-05, 3.46899323631e-05, 3.89623710362e-05, 2.1504563847e-05, 1.76894736796e-05, 5.94504172113e-06, 7.11685333954e-06, 7.33814295018e-06, 1.0738797755e-05, 1.17924291771e-05, 1.24573825815e-05, 8.86474026629e-06, 6.53859979138e-06, 8.76388276083e-06, 6.855893389e-06, 7.81298695074e-06, 7.84413805377e-06, 5.96491554461e-06, 4.91655055157e-06, 4.52687208963e-06, 3.56450004801e-06, 3.45507442034e-06, 2.70421901405e-06, 2.61100262833e-06, 2.2684034775e-06, 2.31192757383e-06, 2.67338123194e-06, 2.99241446555e-06, 2.44006673711e-06, 2.190727173e-06, 1.62945343618e-06, 1.56152884756e-06, 2.01258535526e-06, 1.48976141645e-06, 1.34879394409e-06, 1.3366808389e-06, 1.6248555994e-06, 1.11524309432e-06, 1.08002950583e-06, 3.31341425408e-07, 3.35271934659e-08, 3.49816637879e-08, 4.27974526929e-08, 3.27358051777e-08, 2.52975329573e-08, 1.18161107565e-08, 8.38806468728e-10, 1.14592453582e-10, 1.12625811455e-10, 1.11099407452e-10, 1.10142381327e-10]
    },
    "mfcc": {
        "mean": [-738.749938965, 167.06262207, 4.86012887955, 40.8579139709, 8.55952453613, 2.18042445183, -6.31690406799, -1.71572303772, -0.385849535465, 1.32417166233, 1.54309630394, 3.0224416256, 0.516184985638],
        "cov": [[13863.1865234, -3264.70092773, 2313.83496094, 678.341918945, 672.962524414, 888.979675293, -428.344146729, 448.419281006, 379.016693115, 25.1892166138, 36.8247947693, 144.924362183, -362.334838867], [-3264.70092773, 4844.10205078, -1862.16845703, -73.7065505981, -401.093078613, -637.072143555, 101.731933594, -358.426330566, -336.521484375, -72.0101852417, -23.0858535767, -111.567199707, 260.222167969], [2313.83496094, -1862.16845703, 1058.95837402, 172.928771973, 288.800079346, 340.124267578, 5.87359571457, 178.249710083, 185.366729736, 21.8592128754, -8.40627574921, 64.2971878052, -93.1381835938], [678.341918945, -73.7065505981, 172.928771973, 348.932220459, 173.620727539, 56.4820289612, 53.0222702026, 60.2982063293, 75.1007385254, 2.97550177574, -21.2727642059, 1.60864472389, 19.0342769623], [672.962524414, -401.093078613, 288.800079346, 173.620727539, 383.811187744, 149.04296875, 77.6198730469, 106.833587646, 94.01612854, 1.86075925827, -16.6939640045, 18.7356624603, -39.3847389221], [888.979675293, -637.072143555, 340.124267578, 56.4820289612, 149.04296875, 255.235565186, 53.551486969, 101.319206238, 78.7447967529, -1.67447590828, 5.92371273041, 28.0617084503, -17.4210186005], [-428.344146729, 101.731933594, 5.87359571457, 53.0222702026, 77.6198730469, 53.551486969, 278.784393311, 26.9034976959, 39.3525924683, 26.8743896484, -28.2412109375, 3.924929142, -11.4233818054], [448.419281006, -358.426330566, 178.249710083, 60.2982063293, 106.833587646, 101.319206238, 26.9034976959, 159.543197632, 62.1845169067, 18.0575885773, 13.7210674286, 32.2852630615, 16.163936615], [379.016693115, -336.521484375, 185.366729736, 75.1007385254, 94.01612854, 78.7447967529, 39.3525924683, 62.1845169067, 109.449836731, 24.0301418304, 2.9777173996, 14.4488687515, -19.6518554688], [25.1892166138, -72.0101852417, 21.8592128754, 2.97550177574, 1.86075925827, -1.67447590828, 26.8743896484, 18.0575885773, 24.0301418304, 73.8008804321, 18.5899734497, 9.61975669861, -1.71017634869], [36.8247947693, -23.0858535767, -8.40627574921, -21.2727642059, -16.6939640045, 5.92371273041, -28.2412109375, 13.7210674286, 2.9777173996, 18.5899734497, 62.503452301, 12.5973415375, 1.92660903931], [144.924362183, -111.567199707, 64.2971878052, 1.60864472389, 18.7356624603, 28.0617084503, 3.924929142, 32.2852630615, 14.4488687515, 9.61975669861, 12.5973415375, 75.6615829468, 15.7561759949], [-362.334838867, 260.222167969, -93.1381835938, 19.0342769623, -39.3847389221, -17.4210186005, -11.4233818054, 16.163936615, -19.6518554688, -1.71017634869, 1.92660903931, 15.7561759949, 117.193778992]],
        "icov": [[0.000190057180589, -0.000177681460627, -0.000462041149149, -0.000288108189125, 0.000183720418136, -0.000525229901541, 0.000552795710973, -0.000288648850983, 0.000186012664926, -0.000298330938676, 0.000164525801665, -0.000172221945832, 0.000786384451203], [-0.000177681460627, 0.00100634084083, 0.00169575389009, -0.000170226485352, -0.000444319681264, 0.000878938182723, -0.000963894708548, 0.000886220019311, 8.7086315034e-05, 0.000724843586795, -0.000382649857784, 0.000137132359669, -0.00163036293816], [-0.000462041149149, 0.00169575389009, 0.0054240222089, -0.00049035315169, -0.000914466567338, -0.000567537965253, -0.000935224816203, 0.00113465054892, -0.00149920524564, 0.00068316643592, 0.000676373485476, -0.000794482417405, -0.00158860953525], [-0.000288108189125, -0.000170226485352, -0.00049035315169, 0.00508720101789, -0.00189026736189, 0.00173869775608, -0.000997192924842, 0.000247600837611, -0.00244172476232, 0.000743804906961, 0.000321026396705, 0.00128279067576, -0.00281321071088], [0.000183720418136, -0.000444319681264, -0.000914466567338, -0.00189026736189, 0.00515397265553, -0.00193319609389, 0.00026785620139, -0.00211921264417, -0.00055897817947, 0.000137036535307, 0.00111608055886, -0.000551138597075, 0.00286197359674], [-0.000525229901541, 0.000878938182723, -0.000567537965253, 0.00173869775608, -0.00193319609389, 0.0107631301507, -0.00351530616172, -0.000863538007252, -0.00164833921008, 0.00399458874017, -0.00295529956929, 0.000890226219781, -0.00387144414708], [0.000552795710973, -0.000963894708548, -0.000935224816203, -0.000997192924842, 0.00026785620139, -0.00351530616172, 0.00667856680229, -0.001222181716, -0.000549826014321, -0.00357162998989, 0.00373565242626, -0.00106263032649, 0.0035922434181], [-0.000288648850983, 0.000886220019311, 0.00113465054892, 0.000247600837611, -0.00211921264417, -0.000863538007252, -0.001222181716, 0.0119993174449, -0.00288404757157, -0.000259918364463, -0.002301460132, -0.00133768725209, -0.0048831240274], [0.000186012664926, 8.7086315034e-05, -0.00149920524564, -0.00244172476232, -0.00055897817947, -0.00164833921008, -0.000549826014321, -0.00288404757157, 0.0178832467645, -0.00420065224171, -0.000350829184754, -0.000230504010688, 0.00247239181772], [-0.000298330938676, 0.000724843586795, 0.00068316643592, 0.000743804906961, 0.000137036535307, 0.00399458874017, -0.00357162998989, -0.000259918364463, -0.00420065224171, 0.018517555669, -0.00630416115746, -0.000244845694397, -0.00207976601087], [0.000164525801665, -0.000382649857784, 0.000676373485476, 0.000321026396705, 0.00111608055886, -0.00295529956929, 0.00373565242626, -0.002301460132, -0.000350829184754, -0.00630416115746, 0.0211557112634, -0.00299948221073, 0.00236570299603], [-0.000172221945832, 0.000137132359669, -0.000794482417405, 0.00128279067576, -0.000551138597075, 0.000890226219781, -0.00106263032649, -0.00133768725209, -0.000230504010688, -0.000244845694397, -0.00299948221073, 0.0161988753825, -0.00381945981644], [0.000786384451203, -0.00163036293816, -0.00158860953525, -0.00281321071088, 0.00286197359674, -0.00387144414708, 0.0035922434181, -0.0048831240274, 0.00247239181772, -0.00207976601087, 0.00236570299603, -0.00381945981644, 0.0160475298762]]
    },
    "spectral_contrast_coeffs": {
        "max": [-0.460364669561, -0.462402999401, -0.54613161087, -0.643324494362, -0.662921845913, -0.627745211124],
        "mean": [-0.672945201397, -0.703680813313, -0.768147826195, -0.78975713253, -0.783331215382, -0.757525324821],
        "min": [-0.978805363178, -0.973807513714, -0.966731786728, -0.965207219124, -0.960495769978, -0.960605084896],
        "stdev": [0.0756781697273, 0.0964223220944, 0.0645883753896, 0.0544295944273, 0.0452728532255, 0.0462892726064]
    },
    "spectral_contrast_valleys": {
        "max": [-5.00445270538, -4.99107074738, -6.66798639297, -6.30477285385, -6.00219249725, -7.64616250992],
        "mean": [-7.14519643784, -7.41672992706, -8.60001754761, -8.69108390808, -8.92754077911, -12.0796442032],
        "min": [-26.9633045197, -27.0009002686, -27.2191848755, -26.9460067749, -27.2857284546, -27.1889762878],
        "stdev": [1.86163473129, 1.72337865829, 1.58666932583, 1.65412700176, 1.77056610584, 2.44215154648]
    }
},
"rhythm": {
    "beats_count": 30,
    "beats_loudness": {
        "max": 0.130642130971,
        "mean": 0.0311610028148,
        "min": 0.00273683783598,
        "stdev": 0.0283862501383
    },
    "bpm": 147.341552734,
    "bpm_histogram_first_peak_bpm": 148,
    "bpm_histogram_first_peak_weight": 0.434782624245,
    "bpm_histogram_second_peak_bpm": 140,
    "bpm_histogram_second_peak_spread": 0.333333313465,
    "bpm_histogram_second_peak_weight": 0.0689655169845,
    "danceability": 0.875616550446,
    "onset_rate": 3.13495230675,
    "beats_loudness_band_ratio": {
        "max": [0.863422453403, 0.733534038067, 0.855151832104, 0.127280846238, 0.0516646839678, 0.234280019999],
        "mean": [0.484513968229, 0.323535114527, 0.187722176313, 0.0307677164674, 0.018927372992, 0.018047215417],
        "min": [0.0155432932079, 0.0568739622831, 0.00653425650671, 0.0011219130829, 0.00332262134179, 0.000516644620802],
        "stdev": [0.292754888535, 0.191222727299, 0.227310091257, 0.027270661667, 0.0136024970561, 0.0435087680817]
    },
    "beats_position": [0.359909296036, 0.731428563595, 1.11455774307, 1.50929701328, 1.91564619541, 2.32199549675, 2.73995471001, 3.14630389214, 3.55265307426, 3.97061228752, 4.38857126236, 4.841360569, 5.28253936768, 5.71210861206, 6.14167785645, 6.54802703857, 6.96598625183, 7.38394546509, 7.80190467834, 8.20825386047, 8.6146030426, 9.0093421936, 9.41569137573, 9.82204055786, 10.2167797089, 10.623128891, 11.0294780731, 11.4242172241, 11.8305664062, 12.2369155884],
