{
"metadata": {
    "version": {
        "essentia": "2.1-beta5",
        "essentia_git_sha": "Undefined",
        "extractor": "music 2.0"
    },
    "audio_properties": {
        "analysis": {
            "equal_loudness": 0,
            "length": 12.7477550507,
            "sample_rate": 44100,
            "start_time": 0,
            "downmix": "mix"
        },
        "bit_rate": 192000,
        "length": 180.407455444,
        "lossless": 0,
        "number_channels": 2,
        "replay_gain": -2.66404914856,
        "sample_rate": 48000,
        "codec": "mp3",
        "md5_encoded": "11fddacab1b9e72fad31b15aed7b8a59"
    },
    "tags": {
        "file_name": "Ireland_Come Back To Stay_Dickie Rock.mp3",
        "encoding": ["Lavf58.29.100"]
    }
},
"lowlevel": {
    "average_loudness": 0.470125287771,
    "barkbands_crest": {
        "max": 21.4342803955,
        "mean": 9.63187408447,
        "min": 3.34063482285,
        "stdev": 3.72329068184
    },
    "barkbands_flatness_db": {
        "max": 0.359841227531,
        "mean": 0.172104492784,
        "min": 0.0703843683004,
        "stdev": 0.0532717183232
    },
    "barkbands_kurtosis": {
        "max": 221.022323608,
        "mean": 8.96014785767,
        "min": -1.53985738754,
        "stdev": 22.773273468
    },
    "barkbands_skewness": {
        "max": 11.046216011,
        "mean": 1.87868452072,
        "min": -0.508592367172,
        "stdev": 1.65655958652
    },
    "barkbands_spread": {
        "max": 55.8306655884,
        "mean": 17.1585865021,
        "min": 0.636789321899,
        "stdev": 8.76313114166
    },
    "dissonance": {
        "max": 0.499141722918,
        "mean": 0.454466849566,
        "min": 0.314579457045,
        "stdev": 0.0301212258637
    },
    "dynamic_complexity": 11.1585817337,
    "erbbands_crest": {
        "max": 24.035861969,
        "mean": 8.61263084412,
        "min": 2.0840420723,
        "stdev": 4.12906646729
    },
    "erbbands_flatness_db": {
        "max": 0.339712411165,
        "mean": 0.193257495761,
        "min": 0.0698873251677,
        "stdev": 0.0601040162146
    },
    "erbbands_kurtosis": {
        "max": 34.99842453,
        "mean": 0.992686986923,
        "min": -1.61541235447,
        "stdev": 4.7551279068
    },
    "erbbands_skewness": {
        "max": 5.19917869568,
        "mean": 0.683277666569,
        "min": -0.825953006744,
        "stdev": 0.906576812267
    },
    "erbbands_spread": {
        "max": 97.6251296997,
        "mean": 39.7199363708,
        "min": 3.01427054405,
        "stdev": 21.5812950134
    },
    "hfc": {
        "max": 128.257751465,
        "mean": 10.9182977676,
        "min": 2.7457912438e-05,
        "stdev": 21.1774539948
    },
    "loudness_ebu128": {
        "integrated": -23.4856262207,
        "loudness_range": 11.2300796509,
        "momentary": {
            "max": -15.7049427032,
            "mean": -32.6004333496,
            "min": -61.891708374,
            "stdev": 13.3911314011
        },
        "short_term": {
            "max": -20.637462616,
            "mean": -26.8678855896,
            "min": -49.2601242065,
            "stdev": 6.39380979538
        }
    },
    "melbands_crest": {
        "max": 28.5360221863,
        "mean": 13.6362905502,
        "min": 5.416929245,
        "stdev": 5.35388326645
    },
    "melbands_flatness_db": {
        "max": 0.457412362099,
        "mean": 0.20108743012,
        "min": 0.0683889836073,
        "stdev": 0.0752797275782
    },
    "melbands_kurtosis": {
        "max": 415.115936279,
        "mean": 22.6981201172,
        "min": -0.846038579941,
        "stdev": 45.4022636414
    },
    "melbands_skewness": {
        "max": 13.1992645264,
        "mean": 2.88675451279,
        "min": -0.34674140811,
        "stdev": 2.22751760483
    },
    "melbands_spread": {
        "max": 72.751625061,
        "mean": 19.3449954987,
        "min": 0.537145376205,
        "stdev": 12.1649122238
    },
    "pitch_salience": {
        "max": 0.822114169598,
        "mean": 0.589546144009,
        "min": 0.159782603383,
        "stdev": 0.101731821895
    },
    "silence_rate_20dB": {
        "max": 1,
        "mean": 1,
        "min": 1,
        "stdev": 0
    },
    "silence_rate_30dB": {
        "max": 1,
        "mean": 1,
        "min": 1,
        "stdev": 0
    },
    "silence_rate_60dB": {
        "max": 1,
        "mean": 0.436363637447,
        "min": 0,
        "stdev": 0.495934575796
    },
    "spectral_centroid": {
        "max": 3066.54223633,
        "mean": 1327.44763184,
        "min": 170.119873047,
        "stdev": 591.706787109
    },
    "spectral_complexity": {
        "max": 40,
        "mean": 10.4054546356,
        "min": 0,
        "stdev": 8.56319713593
    },
    "spectral_decrease": {
        "max": -1.36296977868e-14,
        "mean": -2.61503685373e-09,
        "min": -2.43026843094e-08,
        "stdev": 4.01204713896e-09
    },
    "spectral_energy": {
        "max": 0.103189907968,
        "mean": 0.0108600817621,
        "min": 5.39321547421e-08,
        "stdev": 0.0169512927532
    },
    "spectral_energyband_high": {
        "max": 0.00249367160723,
        "mean": 0.000229414887144,
        "min": 1.65734503899e-09,
        "stdev": 0.000435828929767
    },
    "spectral_energyband_low": {
        "max": 0.0316330678761,
        "mean": 0.00143619894516,
        "min": 2.8675721353e-08,
        "stdev": 0.00394950713962
    },
    "spectral_energyband_middle_high": {
        "max": 0.0575727559626,
        "mean": 0.00400549778715,
        "min": 2.6848316903e-09,
        "stdev": 0.00893929135054
    },
    "spectral_energyband_middle_low": {
        "max": 0.0515231154859,
        "mean": 0.00572767900303,
        "min": 2.22632987601e-08,
        "stdev": 0.00803654175252
    },
    "spectral_entropy": {
        "max": 8.53684616089,
        "mean": 7.42482757568,
        "min": 5.36925363541,
        "stdev": 0.550819933414
    },
    "spectral_flux": {
        "max": 0.199820280075,
        "mean": 0.0377349704504,
        "min": 0.000232232981944,
        "stdev": 0.032939452678
    },
    "spectral_kurtosis": {
        "max": 40.4353103638,
        "mean": 3.80344200134,
        "min": 0.294632673264,
        "stdev": 4.82026720047
    },
    "spectral_rms": {
        "max": 0.0100335972384,
        "mean": 0.00247883028351,
        "min": 7.25373956811e-06,
        "stdev": 0.00210964400321
    },
    "spectral_rolloff": {
        "max": 4866.50390625,
        "mean": 1314.85681152,
        "min": 107.666015625,
        "stdev": 994.510864258
    },
    "spectral_skewness": {
        "max": 5.30341053009,
        "mean": 1.33365249634,
        "min": 0.492193669081,
        "stdev": 0.683141291142
    },
    "spectral_spread": {
        "max": 21179676,
        "mean": 4116733.75,
        "min": 1667022.5,
        "stdev": 1556297.75
    },
    "spectral_strongpeak": {
        "max": 9.19714546204,
        "mean": 0.900354146957,
        "min": 0,
        "stdev": 1.42885816097
    },
    "zerocrossingrate": {
        "max": 0.1357421875,
        "mean": 0.0528196021914,
        "min": 0.00830078125,
        "stdev": 0.0222887862474
    },
    "barkbands": {
        "max": [0.000113771711767, 0.0243133138865, 0.00601977761835, 0.0168253518641, 0.00790640339255, 0.00832405779511, 0.0154981566593, 0.00984047539532, 0.0337205193937, 0.0337192229927, 0.00600270461291, 0.0356691479683, 0.026652796194, 0.00473470473662, 0.00116003875155, 0.0014393782476, 0.00132721266709, 0.0122613795102, 0.0114393401891, 0.00400921748951, 0.000592989090364, 0.000960343750194, 0.00130964338314, 0.000250399461947, 4.82947434648e-05, 1.13370629151e-06, 1.19793082831e-06],
        "mean": [1.03022175608e-05, 0.00088094745297, 0.000291492673568, 0.00047253727098, 0.000752502761316, 0.000486895500217, 0.000742850417737, 0.000881805783138, 0.00174603564665, 0.00103834585752, 0.000396144285332, 0.0010051674908, 0.000566062051803, 0.000141316733789, 8.63807290443e-05, 9.8347045423e-05, 7.52768683014e-05, 0.000491643906571, 0.000309881346766, 0.000205029253266, 4.30684958701e-05, 6.44110696157e-05, 5.11408943566e-05, 1.87379409908e-05, 3.75464765057e-06, 2.50772580479e-09, 2.64775401604e-09],
        "min": [3.17285309137e-09, 1.15497265085e-08, 8.7415710226e-09, 8.84580941829e-09, 6.95260116146e-09, 2.97712632324e-09, 1.62185542774e-09, 1.12072828795e-09, 7.21505410972e-10, 5.91317758647e-11, 3.27426585844e-10, 1.27107879777e-10, 1.66975513277e-11, 2.87768503471e-10, 2.13603454369e-10, 1.80671602679e-10, 2.70670069691e-10, 7.98790256162e-10, 2.94307633819e-10, 2.02646455172e-10, 1.68982439153e-10, 2.22349680334e-10, 5.4924170767e-10, 1.42778414092e-10, 3.73654912567e-10, 6.27821128418e-11, 6.01636310216e-11],
        "stdev": [1.49065072037e-05, 0.00272639049217, 0.000669021683279, 0.0016103828093, 0.00127596373204, 0.000900872109924, 0.00141899974551, 0.00154739618301, 0.00420261314139, 0.00382927828468, 0.000844903872348, 0.00410574721172, 0.00237213424407, 0.000435757887317, 0.000166958314367, 0.000182318268344, 0.000128787054564, 0.00129872944672, 0.000976898125373, 0.000442003365606, 8.37914776639e-05, 0.000148114762851, 0.00014660715533, 3.82509933843e-05, 7.32477428755e-06, 4.82863597995e-08, 5.10216082716e-08]
    },
    "erbbands": {
        "max": [0.201218396425, 6.78782367706, 12.4557514191, 35.5249252319, 31.5507926941, 25.4103393555, 55.8504295349, 87.4554367065, 177.877410889, 138.513763428, 534.202575684, 563.772827148, 1402.19799805, 197.659561157, 266.474243164, 1851.83349609, 869.967834473, 195.62979126, 99.1113586426, 54.6418037415, 62.6484107971, 86.2249832153, 545.339477539, 448.566314697, 570.528625488, 131.068435669, 27.3005599976, 24.7249698639, 18.5107440948, 68.1885910034, 20.4810066223, 7.39843702316, 3.27868652344, 0.902659773827, 0.186596289277, 0.00499624758959, 0.00209751422517, 0.000745256082155, 0.000170607047039, 0.000131654349389],
        "mean": [0.0092759616673, 0.243347689509, 0.467228740454, 1.04052495956, 1.77968513966, 2.33170771599, 3.72929191589, 4.7463555336, 11.1203680038, 11.6396942139, 28.0765247345, 33.498260498, 42.6920547485, 14.5552854538, 19.86369133, 45.6965332031, 27.4715557098, 8.70433044434, 5.97245788574, 4.47246742249, 4.94732093811, 5.70273685455, 26.1864414215, 15.6954631805, 19.1138858795, 8.93885135651, 2.21132540703, 1.76767992973, 1.82173669338, 2.85105419159, 1.11578285694, 0.541502416134, 0.222658798099, 0.0776928216219, 0.00907613709569, 0.000270389049547, 2.76192331512e-05, 6.69499422656e-06, 7.37878053769e-06, 1.35224063342e-05],
        "min": [4.25210373578e-07, 2.34190633819e-06, 8.64134199219e-06, 2.24963296205e-05, 2.79371015495e-05, 1.83775118785e-05, 3.02562184515e-05, 1.95145203179e-05, 1.59215742315e-05, 3.40792103088e-05, 2.09222416743e-05, 1.57121885422e-05, 4.73371937915e-06, 3.60377066499e-06, 1.52572838488e-05, 4.07819152315e-06, 1.12230918603e-06, 1.04296559584e-05, 1.27445418912e-05, 1.09948514364e-05, 1.30845601234e-05, 1.37428423841e-05, 3.14389362757e-05, 2.92685890599e-05, 1.69333634403e-05, 7.45912757338e-06, 7.37000982554e-06, 7.27411998014e-06, 6.82124755258e-06, 8.77215188666e-06, 1.97811259568e-05, 4.66612527816e-06, 2.37786116486e-06, 3.48661933458e-06, 2.98466170534e-06, 2.28209017905e-07, 1.30651940822e-07, 5.34558672882e-08, 9.58542845098e-09, 7.13556269627e-10],
        "stdev": [0.0261630620807, 0.754693329334, 1.27324950695, 3.2626516819, 3.85445690155, 3.84372758865, 6.14711999893, 9.46596336365, 20.2253913879, 21.480884552, 62.3566932678, 72.6878433228, 172.78276062, 28.5434818268, 41.6090202332, 187.696212769, 92.6202850342, 20.1908740997, 11.5801486969, 7.25978517532, 8.79345798492, 8.80791187286, 65.4600372314, 42.7199134827, 57.0930137634, 17.9259357452, 3.79450774193, 3.42198491096, 3.31840515137, 9.12900352478, 2.65815281868, 1.11467325687, 0.478312879801, 0.14991594851, 0.0177850201726, 0.000531721394509, 9.77604649961e-05, 3.29883405357e-05, 1.35425216286e-05, 2.15773343371e-05]
    },
    "gfcc": {
        "mean": [-161.461685181, 118.398262024, -147.261459351, 46.5881080627, -82.9149932861, 10.0542068481, -32.3838844299, 1.09269428253, -15.2219800949, -18.9536590576, 4.93218994141, -16.6879367828, -1.58137476444],
        "cov": [[28473.3535156, 1380.78344727, -6558.48193359, -1123.00939941, -1828.20129395, -1223.96643066, 1158.77697754, -114.776237488, 451.45892334, -909.586181641, 1175.52490234, -534.10949707, -200.686828613], [1380.78344727, 837.735656738, -59.4522094727, -128.368789673, 84.9829177856, -233.885757446, -56.3348770142, -232.59715271, 76.7651290894, -53.5311775208, 30.7282905579, -101.239509583, 93.4960479736], [-6558.48193359, -59.4522094727, 2089.52368164, 380.569152832, 522.687866211, 363.048980713, -306.356414795, -4.60902500153, -118.714805603, 196.006225586, -325.16229248, 72.2169342041, 31.9431247711], [-1123.00939941, -128.368789673, 380.569152832, 283.824645996, 192.377334595, 219.381317139, -22.0998344421, 39.6209831238, 29.7344150543, 61.1711616516, -101.374443054, 30.4838809967, 35.5200538635], [-1828.20129395, 84.9829177856, 522.687866211, 192.377334595, 380.014587402, 217.295639038, -54.5803985596, -27.1867427826, 18.6857681274, 76.7743377686, -129.060913086, 12.1681509018, 72.0875701904], [-1223.96643066, -233.885757446, 363.048980713, 219.381317139, 217.295639038, 343.208831787, 37.7836341858, 101.692214966, 5.46838951111, 61.2101554871, -102.849487305, 39.313873291, 28.0951137543], [1158.77697754, -56.3348770142, -306.356414795, -22.0998344421, -54.5803985596, 37.7836341858, 231.141784668, 129.632751465, 1.24734926224, -64.3403930664, 91.3643951416, -4.99505281448, -76.7905960083], [-114.776237488, -232.59715271, -4.60902500153, 39.6209831238, -27.1867427826, 101.692214966, 129.632751465, 192.201705933, -7.44125795364, 4.49391078949, 33.3811264038, 27.5225543976, -72.8817672729], [451.45892334, 76.7651290894, -118.714805603, 29.7344150543, 18.6857681274, 5.46838951111, 1.24734926224, -7.44125795364, 112.567207336, 34.3254241943, -8.53492832184, -9.4083814621, 33.2423820496], [-909.586181641, -53.5311775208, 196.006225586, 61.1711616516, 76.7743377686, 61.2101554871, -64.3403930664, 4.49391078949, 34.3254241943, 95.452293396, -44.7019691467, 23.9408226013, 35.7545013428], [1175.52490234, 30.7282905579, -325.16229248, -101.374443054, -129.060913086, -102.849487305, 91.3643951416, 33.3811264038, -8.53492832184, -44.7019691467, 130.777450562, 1.78422510624, -64.1516952515], [-534.10949707, -101.239509583, 72.2169342041, 30.4838809967, 12.1681509018, 39.313873291, -4.99505281448, 27.5225543976, -9.4083814621, 23.9408226013, 1.78422510624, 64.4661560059, 23.1023025513], [-200.686828613, 93.4960479736, 31.9431247711, 35.5200538635, 72.0875701904, 28.0951137543, -76.7905960083, -72.8817672729, 33.2423820496, 35.7545013428, -64.1516952515, 23.1023025513, 152.112838745]],
        "icov": [[0.000375991599867, -0.000727772247046, 0.000848750933073, -0.000716956157703, 0.00119414017536, -0.00107109709643, 0.00015654283925, -7.42477550375e-06, -0.000229547935305, 0.00091832265025, -0.00130246637855, 0.00157782027964, -0.000314670236548], [-0.000727772247046, 0.00911758467555, -0.00491145066917, 0.00333806732669, -0.00622981926426, 0.00615325197577, -0.00353323481977, 0.0049572205171, -0.00718688126653, 0.00431695813313, -0.00838030967861, 0.00771197583526, -0.00805469695479], [0.000848750933073, -0.00491145066917, 0.00504585728049, -0.00307241245173, 0.00283149839379, -0.0036011422053, 0.00316611630842, -0.00286226044409, 0.00477565219626, -0.00170333206188, 0.00432121101767, -0.00228826864623, 0.00487329810858], [-0.000716956157703, 0.00333806732669, -0.00307241245173, 0.0107852201909, -0.00420013302937, -0.000938270706683, -0.000713606888894, 0.0013767540222, -0.00496328342706, 0.00123994192109, 0.00149701326154, -0.00265241018496, -0.000580346619245], [0.00119414017536, -0.00622981926426, 0.00283149839379, -0.00420013302937, 0.0134179648012, -0.0085551282391, -0.00138498819433, 0.00180111883674, 0.00242226244882, -0.00268569495529, 0.00161144789308, 0.00141440797597, 0.00174253631849], [-0.00107109709643, 0.00615325197577, -0.0036011422053, -0.000938270706683, -0.0085551282391, 0.0161618590355, -0.0055368039757, -0.00118035043124, -0.000885887711775, -0.00183241057675, 0.00436369422823, -0.00107755523641, -0.00388299697079], [0.00015654283925, -0.00353323481977, 0.00316611630842, -0.000713606888894, -0.00138498819433, -0.0055368039757, 0.0197735317051, -0.0123343365267, 0.000653513008729, 0.00845359824598, -0.00492477230728, -0.00122684007511, 0.00361096276902], [-7.42477550375e-06, 0.0049572205171, -0.00286226044409, 0.0013767540222, 0.00180111883674, -0.00118035043124, -0.0123343365267, 0.0203610602766, -0.00473750662059, -0.00288777588867, -0.00430858694017, 0.00159244379029, -0.000228685254115], [-0.000229547935305, -0.00718688126653, 0.00477565219626, -0.00496328342706, 0.00242226244882, -0.000885887711775, 0.000653513008729, -0.00473750662059, 0.0237989518791, -0.0164933539927, 0.0136078977957, -0.00727358693257, 0.0068658804521], [0.00091832265025, 0.00431695813313, -0.00170333206188, 0.00123994192109, -0.00268569495529, -0.00183241057675, 0.00845359824598, -0.00288777588867, -0.0164933539927, 0.0332861430943, -0.0160889457911, 0.00816838443279, -0.0091239605099], [-0.00130246637855, -0.00838030967861, 0.00432121101767, 0.00149701326154, 0.00161144789308, 0.00436369422823, -0.00492477230728, -0.00430858694017, 0.0136078977957, -0.0160889457911, 0.0498212426901, -0.0326061099768, 0.0228268709034], [0.00157782027964, 0.00771197583526, -0.00228826864623, -0.00265241018496, 0.00141440797597, -0.00107755523641, -0.00122684007511, 0.00159244379029, -0.00727358693257, 0.00816838443279, -0.0326061099768, 0.0493437498808, -0.0234620347619], [-0.000314670236548, -0.00805469695479, 0.00487329810858, -0.000580346619245, 0.00174253631849, -0.00388299697079, 0.00361096276902, -0.000228685254115, 0.0068658804521, -0.0091239605099, 0.0228268709034, -0.0234620347619, 0.0256610196084]]
    },
    "melbands": {
        "max": [0.00432685390115, 0.00769405532628, 0.00561407161877, 0.00190647260752, 0.00181475537829, 0.00178307516035, 0.00298480479978, 0.00164841813967, 0.00559170823544, 0.00416976539418, 0.00675502605736, 0.000718130148016, 0.000733822002076, 0.0035592999775, 0.0044557065703, 0.000753619358875, 0.000449070561444, 0.000230442135944, 9.13027688512e-05, 0.000122667159303, 6.40041762381e-05, 0.000116483752208, 0.00020882091485, 0.000918995239772, 0.000275314203463, 0.00040716145304, 0.000288578885375, 4.25394064223e-05, 2.46161234827e-05, 1.6416035578e-05, 1.44510013342e-05, 1.19121104944e-05, 2.96744201478e-05, 4.31561420555e-05, 1.387795146e-05, 4.73736372442e-06, 4.24548625233e-06, 3.28900409841e-06, 1.07793027837e-06, 7.06891853497e-07],
        "mean": [0.00017082701379, 0.00029142643325, 0.000196851877263, 0.000150069477968, 0.000130970962346, 0.000109918997623, 0.00015918778081, 0.000132121698698, 0.000273119629128, 0.000211530830711, 0.000211720747757, 5.71649943595e-05, 5.44534850633e-05, 9.31718532229e-05, 0.000132242639665, 3.08255548589e-05, 1.47026757986e-05, 1.03460251921e-05, 6.31822285868e-06, 7.37316304367e-06, 4.78194579046e-06, 4.67272775495e-06, 1.23381896628e-05, 2.85110891127e-05, 1.02418807728e-05, 1.29859135996e-05, 1.31470533233e-05, 4.21135928264e-06, 1.32964589739e-06, 1.08462722892e-06, 9.70703922576e-07, 8.70721237334e-07, 1.53215614773e-06, 1.57081763064e-06, 6.80915150042e-07, 3.91776865172e-07, 3.03146151737e-07, 1.78906404358e-07, 8.67739160526e-08, 5.67684637076e-08],
        "min": [3.82928533327e-09, 4.13588807646e-09, 4.07750411213e-09, 1.58685187213e-09, 1.0061278477e-09, 4.55327081594e-10, 2.675772659e-10, 3.5720154612e-10, 1.66281335923e-10, 8.96283255947e-11, 2.11404643791e-11, 1.08509104479e-11, 5.05121847127e-11, 2.17604250591e-11, 3.31163286897e-12, 2.11389781547e-12, 2.32652543064e-11, 2.30113237493e-11, 1.56490428255e-11, 1.27898958785e-11, 1.76978449257e-11, 1.47129947115e-11, 1.57800352646e-11, 4.39419577114e-11, 2.11920411775e-11, 1.15099006714e-11, 1.10453295815e-11, 3.44964421611e-12, 5.41995311479e-12, 2.8247020608e-12, 4.71278138042e-12, 3.38973684191e-12, 5.25554166159e-12, 4.64726521154e-12, 1.22595319313e-11, 6.63171817808e-12, 1.79198203585e-12, 1.57084859443e-12, 1.59854735785e-12, 3.5249533327e-12],
        "stdev": [0.000510343175847, 0.000829564640298, 0.000546973024029, 0.000268582254648, 0.000207687611692, 0.000199255067855, 0.000297057471471, 0.000251513818512, 0.000667127897032, 0.000501949747559, 0.000850829412229, 0.000111084584205, 0.000109955057269, 0.000420182041125, 0.000495088926982, 8.28356060083e-05, 4.3420925067e-05, 2.25041276281e-05, 1.18017942441e-05, 1.38714631248e-05, 8.31466422824e-06, 8.85565623321e-06, 2.63042911683e-05, 8.40979264467e-05, 2.66737297352e-05, 4.1542287363e-05, 3.51975140802e-05, 7.29061639504e-06, 2.58930458585e-06, 2.12889267459e-06, 1.92374182006e-06, 1.47943217144e-06, 4.20858350481e-06, 5.29457929588e-06, 1.62623734923e-06, 7.92734056176e-07, 6.46195928766e-07, 4.3276045858e-07, 1.62517466151e-07, 1.12776213257e-07]
    },
    "melbands128": {
        "max": [6.3255916757e-05, 0.000370553985704, 0.00495724612847, 0.0147214746103, 0.00963505171239, 0.00178283790592, 0.00817366503179, 0.00718526495621, 0.00369105301797, 0.00233437959105, 0.00149488635361, 0.00193560274784, 0.00212586624548, 0.00169376877602, 0.00289545627311, 0.0015267097624, 0.00295195425861, 0.00481145316735, 0.00517483474687, 0.00187501090113, 0.0032553281635, 0.00367862405255, 0.00910482183099, 0.0120985107496, 0.00331757147796, 0.00967041309923, 0.0157621540129, 0.0128256827593, 0.00327329779975, 0.00115414464381, 0.00149059772957, 0.00168269185815, 0.00130860530771, 0.00151192373596, 0.00294980895706, 0.00818249024451, 0.0113780256361, 0.00995095539838, 0.00596594065428, 0.00158279784955, 0.000755746965297, 0.000193954518181, 0.000314106815495, 0.00122700899374, 0.000374442286557, 0.00013519571803, 0.000178532296559, 0.000138589617563, 0.000166758603882, 5.44587674085e-05, 0.00019818895089, 0.00019203183183, 0.000130532367621, 6.59397701384e-05, 4.09978529206e-05, 0.000255585095147, 8.28392730909e-05, 0.000141051175888, 0.000320115155773, 0.00104918365832, 0.00178384478204, 0.000771923630964, 0.000309420574922, 0.000271821481874, 0.000314836041071, 0.000662875652779, 0.000443453696789, 0.00066458171932, 0.000488697492983, 0.000181271432666, 7.83172072261e-05, 3.59498590115e-05, 3.51017988578e-05, 2.80556923826e-05, 1.60355084518e-05, 2.18560762733e-05, 1.40443835335e-05, 2.51154888247e-05, 1.94400636246e-05, 2.11443948501e-05, 1.25007363749e-05, 1.29340687636e-05, 1.20607364806e-05, 4.01364304707e-05, 6.55343174003e-05, 6.94059417583e-05, 5.77898608753e-05, 2.29089546337e-05, 1.01701743915e-05, 8.26173618407e-06, 7.15121450412e-06, 5.71738337385e-06, 5.93219692746e-06, 4.98046892972e-06, 4.74709804621e-06, 5.1409401749e-06, 3.03509818878e-06, 1.6554541844e-06, 1.53091400534e-06, 1.14308284083e-06, 1.29200043375e-06, 9.25565984744e-07, 5.06081619278e-07, 5.01373676798e-07, 1.28256388621e-07, 8.91269991143e-09, 8.44622771723e-09, 8.13603584504e-09, 7.82332776339e-09, 7.49084438922e-09, 7.19416970441e-09, 6.88145096461e-09, 6.64373844828e-09, 6.39738484409e-09, 6.18542150832e-09, 5.98578786537e-09, 5.78399772522e-09, 5.60158808227e-09, 5.43096945194e-09, 5.28400700972e-09, 5.17661336019e-09, 5.07134512162e-09, 4.96790875104e-09, 4.8731920721e-09, 4.81075934644e-09, 4.75590633542e-09, 4.70812322462e-09, 4.68218308569e-09],
        "mean": [6.80059019942e-06, 1.73904682015e-05, 0.000218366854824, 0.000499206711538, 0.000311732117552, 0.000125836362713, 0.000214935324038, 0.000224308343604, 0.000166413723491, 0.000165051096701, 0.00010470750567, 0.000162582160556, 0.000131769513246, 0.000100058059616, 0.000104814920633, 8.68630377227e-05, 0.000199422924197, 0.000185061217053, 9.96423841571e-05, 0.000108348147478, 0.000179851791472, 0.000114114598546, 0.000319259270327, 0.000422690383857, 0.000143607598147, 0.000176097208168, 0.000219120949623, 0.00028182376991, 0.000139471012517, 5.42615816812e-05, 3.5030523577e-05, 4.26239821536e-05, 4.60264782305e-05, 8.26182658784e-05, 5.17195148859e-05, 0.000101726865978, 0.000139349140227, 0.000184085190995, 9.73111018538e-05, 2.3202786906e-05, 3.12104712066e-05, 1.22019064293e-05, 9.35844946071e-06, 2.32268976106e-05, 9.7642387118e-06, 9.57942756941e-06, 6.92908497513e-06, 7.04961485098e-06, 6.30147042102e-06, 2.94687629321e-06, 8.42789995659e-06, 1.18094276331e-05, 4.30788622907e-06, 2.66611118604e-06, 2.76121932075e-06, 6.06970752415e-06, 4.7377948249e-06, 5.69314170207e-06, 1.03984184534e-05, 3.36961202265e-05, 3.80438323191e-05, 1.83655374713e-05, 1.15758157335e-05, 7.00686268829e-06, 9.00359191291e-06, 1.30916014314e-05, 1.45767626236e-05, 1.78103382495e-05, 1.27602725115e-05, 7.8946532085e-06, 3.80437768399e-06, 2.62865728473e-06, 1.76781816208e-06, 9.18317482501e-07, 1.01129614904e-06, 1.18446848774e-06, 9.87438852462e-07, 1.14197780476e-06, 9.31871113607e-07, 9.41625444284e-07, 7.43019143101e-07, 8.70513815698e-07, 1.01979935607e-06, 1.60630850132e-06, 1.9819588033e-06, 1.77533456736e-06, 1.56905707627e-06, 9.41385394526e-07, 6.20766854809e-07, 4.64188843807e-07, 4.02158150337e-07, 3.91571177261e-07, 3.33869820679e-07, 3.12484047527e-07, 2.79525806945e-07, 2.40616174096e-07, 1.49953748974e-07, 9.65347339843e-08, 9.2740961577e-08, 7.53798374831e-08, 7.52193471953e-08, 5.73883092159e-08, 3.10506038659e-08, 1.62303290807e-08, 2.29628871473e-09, 2.54084756707e-11, 1.97933804763e-11, 1.80447184972e-11, 1.72340596655e-11, 1.65067161328e-11, 1.58871475003e-11, 1.52179865931e-11, 1.47040209869e-11, 1.41801171499e-11, 1.37108293469e-11, 1.33144563083e-11, 1.29005426133e-11, 1.24960970391e-11, 1.21201113382e-11, 1.18045816178e-11, 1.15367073533e-11, 1.13013322658e-11, 1.10204735962e-11, 1.06944453293e-11, 1.04394860811e-11, 1.01018117482e-11, 9.88395042895e-12, 9.81274176498e-12],
        "min": [1.07024844542e-09, 3.89036181048e-09, 3.87096799059e-09, 3.79044129417e-09, 3.99907928994e-09, 4.48256898267e-09, 4.72071404189e-09, 4.23454249443e-09, 2.85827139734e-09, 1.22872079178e-09, 8.0995232743e-10, 1.02447739181e-09, 1.15616627383e-09, 8.90010509735e-10, 4.71196859309e-10, 1.99111865884e-10, 1.67595021194e-10, 2.66287492057e-10, 3.98759497644e-10, 2.37454333973e-10, 3.07483760675e-10, 1.66036337457e-10, 1.36457845024e-10, 1.89619250857e-10, 1.07066931709e-10, 5.15683051816e-11, 4.3185122145e-11, 1.17599194271e-11, 1.03616342936e-11, 6.74036043993e-12, 5.80653971086e-12, 2.90220798782e-11, 6.25163809609e-11, 6.31199398304e-11, 3.0154302666e-11, 9.15708654736e-12, 6.63838515408e-12, 3.55988025516e-12, 1.06946081765e-12, 7.09368165337e-13, 2.56873342042e-12, 2.67575805263e-12, 2.06820324755e-11, 3.51202157634e-11, 3.42823339161e-11, 2.14041458169e-11, 9.47832697745e-12, 1.41548318205e-11, 2.40966517573e-11, 6.99576681307e-12, 1.65322876916e-11, 1.11412719328e-11, 8.19990256251e-12, 2.52070586626e-11, 2.78652777935e-11, 1.04944412535e-11, 6.33445552956e-12, 1.54225208993e-11, 2.01778246889e-11, 1.32961081381e-11, 5.27126710337e-11, 6.62705515464e-11, 2.22976220821e-11, 1.09033797616e-11, 1.05315279067e-11, 1.09678377491e-11, 1.09839203705e-11, 1.70057370963e-11, 1.12672501537e-11, 2.59330057428e-12, 3.94265479639e-12, 1.36438256526e-12, 7.86373830636e-12, 5.17504789022e-12, 5.14451892544e-12, 8.36422727954e-13, 2.50724961626e-12, 5.66094263479e-12, 4.44986018519e-12, 4.95062844885e-12, 3.79960949856e-12, 2.63249947015e-12, 2.54966273788e-12, 8.69176518953e-12, 3.89049209515e-12, 1.87253858253e-12, 5.6702299106e-12, 8.92278438636e-12, 8.25822916994e-12, 2.3272000646e-11, 7.25372236235e-12, 2.55673282025e-12, 2.17384205255e-12, 1.7367319605e-12, 1.70689710196e-12, 1.37794138079e-12, 1.84143824321e-12, 1.40577989787e-12, 1.35907658825e-12, 2.06161671935e-12, 1.49462083335e-12, 2.89159538328e-12, 6.55704570501e-12, 9.97173697781e-12, 2.84469106257e-12, 2.01435642797e-13, 1.51520709499e-13, 1.64478307818e-13, 2.72114470713e-13, 2.76622935712e-13, 2.37226308476e-13, 2.42166069099e-13, 2.27391808725e-13, 2.43709349576e-13, 2.35884526972e-13, 3.08972248828e-13, 2.83394076435e-13, 2.94945708482e-13, 2.80424528e-13, 2.33842621915e-13, 2.25392607681e-13, 2.29598810667e-13, 1.25136880025e-13, 2.39939524412e-13, 1.66589371421e-13, 5.04530838223e-14, 8.58209292883e-15, 3.0987178363e-16],
        "stdev": [9.02104147826e-06, 4.10896645917e-05, 0.000652414630167, 0.0015971736284, 0.000958628661465, 0.000262061046669, 0.000728306069504, 0.000751543033402, 0.000378968281439, 0.000363416795153, 0.000185844008229, 0.000287121976726, 0.000238648834056, 0.000222849077545, 0.000299556442769, 0.000189276775927, 0.000372794282157, 0.000437992828665, 0.000364890322089, 0.000252478988841, 0.000410677515902, 0.000317828176776, 0.000982360681519, 0.00125551701058, 0.00041680879076, 0.00078599533299, 0.00133879750501, 0.00144165125675, 0.000368730688933, 0.000116776958748, 0.000138824005262, 0.000166630808963, 0.000143979821587, 0.000184320233529, 0.00024195779406, 0.000746263423935, 0.000903532491066, 0.000777484150603, 0.000556972750928, 0.000104291480966, 7.64996439102e-05, 2.96171037917e-05, 2.98797531286e-05, 0.000110540691821, 2.70101154456e-05, 2.05444430321e-05, 1.89744387171e-05, 1.5974183043e-05, 1.43888437378e-05, 5.64772562939e-06, 1.89896491065e-05, 2.55559916695e-05, 1.18345224109e-05, 5.18980596098e-06, 4.7633734539e-06, 1.57220765686e-05, 1.0294979802e-05, 1.53970304382e-05, 2.93994289677e-05, 9.64204882621e-05, 0.000147729399032, 6.82715981384e-05, 2.85846363113e-05, 1.97743538592e-05, 2.86067497655e-05, 4.95960121043e-05, 4.93203588121e-05, 5.89127230342e-05, 4.26354345109e-05, 1.88603808056e-05, 8.72795772011e-06, 4.47705178885e-06, 3.75752415493e-06, 2.38716688727e-06, 2.18934746954e-06, 2.46552417593e-06, 2.15066097553e-06, 2.51354890679e-06, 2.03628815143e-06, 2.02124715543e-06, 1.3774766785e-06, 1.50034884427e-06, 1.86130944257e-06, 4.78609035781e-06, 6.91873401593e-06, 6.72808710078e-06, 5.41297640666e-06, 2.56068688032e-06, 1.32206798753e-06, 1.09256905034e-06, 9.28351539642e-07, 7.95147514054e-07, 7.8304856288e-07, 7.10507094936e-07, 6.71546047215e-07, 6.61628007492e-07, 3.84346776627e-07, 1.89312487464e-07, 1.8484024622e-07, 1.62337371989e-07, 1.75164757366e-07, 1.20302559026e-07, 6.2333732842e-08, 3.75575162082e-08, 6.85895429342e-09, 3.80561443469e-10, 3.59875768075e-10, 3.46535466988e-10, 3.3321143067e-10, 3.19049869857e-10, 3.06411951367e-10, 2.93091884096e-10, 2.82966150511e-10, 2.72472489016e-10, 2.63444377424e-10, 2.549395417e-10, 2.46344084021e-10, 2.38575159628e-10, 2.31308375231e-10, 2.25048604752e-10, 2.20475498969e-10, 2.15992057573e-10, 2.11588760402e-10, 2.07559913701e-10, 2.04905689638e-10, 2.02578689934e-10, 2.005483557e-10, 1.9944412788e-10]
    },
    "mfcc": {
        "mean": [-781.47644043, 120.559265137, -1.1707546711, 21.8336448669, -11.3232679367, -3.3059630394, -1.03206169605, 8.16313171387, -11.2255840302, 0.506361365318, 0.174096986651, -2.77434134483, -3.64978480339],
        "cov": [[33055.0898438, 294.018280029, -4987.12744141, -1002.37353516, -3085.05761719, -1392.93359375, -302.063598633, 625.448974609, -1090.13476562, 244.299697876, 366.832580566, 119.157875061, -16.6620559692], [294.018280029, 883.081726074, 42.4539222717, 77.7367019653, 72.278755188, -10.2213983536, -130.738113403, -214.442214966, -18.5795249939, -89.5707855225, -108.042625427, 17.8351154327, -47.3655586243], [-4987.12744141, 42.4539222717, 1148.1060791, 218.018432617, 540.365661621, 243.907104492, 72.661781311, -85.6562957764, 168.305252075, -40.9622497559, -51.1461410522, -36.4990272522, 7.28844881058], [-1002.37353516, 77.7367019653, 218.018432617, 150.412902832, 167.12701416, 99.2705612183, -6.12614202499, -34.2211799622, 60.5402870178, -0.240582957864, -31.5744438171, 13.7444696426, 2.98361134529], [-3085.05761719, 72.278755188, 540.365661621, 167.12701416, 527.770263672, 318.398681641, 2.89534950256, -103.375518799, 225.056396484, 13.6696777344, -105.661979675, 6.15442848206, -24.3340072632], [-1392.93359375, -10.2213983536, 243.907104492, 99.2705612183, 318.398681641, 289.840515137, 5.38270998001, -36.2520523071, 176.929382324, 40.3249893188, -84.0774536133, 17.4301872253, -13.3398370743], [-302.063598633, -130.738113403, 72.661781311, -6.12614202499, 2.89534950256, 5.38270998001, 223.195465088, 158.954284668, 4.14827060699, 3.38125300407, 86.7262039185, -18.1007823944, 29.2727088928], [625.448974609, -214.442214966, -85.6562957764, -34.2211799622, -103.375518799, -36.2520523071, 158.954284668, 231.398040771, -23.636220932, 43.3073883057, 123.263717651, -8.49284744263, 34.3395500183], [-1090.13476562, -18.5795249939, 168.305252075, 60.5402870178, 225.056396484, 176.929382324, 4.14827060699, -23.636220932, 211.541931152, 49.2126274109, -78.0824813843, 11.8707027435, -1.75420284271], [244.299697876, -89.5707855225, -40.9622497559, -0.240582957864, 13.6696777344, 40.3249893188, 3.38125300407, 43.3073883057, 49.2126274109, 80.745223999, 34.5723876953, 15.0963563919, -0.0550696961582], [366.832580566, -108.042625427, -51.1461410522, -31.5744438171, -105.661979675, -84.0774536133, 86.7262039185, 123.263717651, -78.0824813843, 34.5723876953, 173.047897339, 13.2801866531, 12.1882581711], [119.157875061, 17.8351154327, -36.4990272522, 13.7444696426, 6.15442848206, 17.4301872253, -18.1007823944, -8.49284744263, 11.8707027435, 15.0963563919, 13.2801866531, 51.4518280029, 15.2729949951], [-16.6620559692, -47.3655586243, 7.28844881058, 2.98361134529, -24.3340072632, -13.3398370743, 29.2727088928, 34.3395500183, -1.75420284271, -0.0550696961582, 12.1882581711, 15.2729949951, 61.2407417297]],
        "icov": [[0.000140229007229, -0.000180032642675, 0.000321947794873, -3.38391073456e-05, 0.000601130363066, -0.000267864350462, 3.76835851057e-05, -0.0003091833496, 0.000277512328466, -0.000569593335968, 0.000351618276909, -7.7505603258e-05, 0.00015489612997], [-0.000180032642675, 0.00193139223848, -0.000200434413273, -0.000965575571172, -0.000877611106262, 0.000854265934322, -0.000252699537668, 0.00161235313863, -0.000522056419868, 0.002105132211, -0.000446313206339, -0.00077499228064, 0.00083881377941], [0.000321947794873, -0.000200434413273, 0.00322957965545, -0.0014637503773, -0.00144613301381, 0.00022147798154, -0.000164150245837, 0.000265823124209, 0.000301498948829, 0.000187011930393, -0.00100663257763, 0.00264957943, -0.00142908655107], [-3.38391073456e-05, -0.000965575571172, -0.0014637503773, 0.012181843631, -0.00287547474727, -0.000528318108991, 0.000950434769038, -0.00193146115635, 0.00156413379591, -0.000817808439024, 0.00136342318729, -0.00346747180447, -0.00116674567107], [0.000601130363066, -0.000877611106262, -0.00144613301381, -0.00287547474727, 0.0162598658353, -0.0104820868, -0.000905618187971, 0.00283507932909, -0.00390477105975, 0.000389338150853, -0.00160285423044, 0.000769034377299, 0.00283344113268], [-0.000267864350462, 0.000854265934322, 0.00022147798154, -0.000528318108991, -0.0104820868, 0.0167225115001, -0.00131362408865, -0.00276118074544, -0.000870377349202, -0.00422639865428, 0.00613037357107, -0.00555373681709, 0.00237719458528], [3.76835851057e-05, -0.000252699537668, -0.000164150245837, 0.000950434769038, -0.000905618187971, -0.00131362408865, 0.0127196814865, -0.00835298653692, -0.00259394966997, 0.0070759775117, -0.00442687422037, 0.00364160723984, -0.0023491922766], [-0.0003091833496, 0.00161235313863, 0.000265823124209, -0.00193146115635, 0.00283507932909, -0.00276118074544, -0.00835298653692, 0.0182440914214, -0.00245707575232, -0.00193493650295, -0.00790049135685, 0.00603816192597, -0.00449251383543], [0.000277512328466, -0.000522056419868, 0.000301498948829, 0.00156413379591, -0.00390477105975, -0.000870377349202, -0.00259394966997, -0.00245707575232, 0.0170827396214, -0.0128030646592, 0.0102872019634, -0.00402322364971, -0.000130064916448], [-0.000569593335968, 0.002105132211, 0.000187011930393, -0.000817808439024, 0.000389338150853, -0.00422639865428, 0.0070759775117, -0.00193493650295, -0.0128030646592, 0.0329046733677, -0.0140430023894, 0.00124937843066, 0.000573711760808], [0.000351618276909, -0.000446313206339, -0.00100663257763, 0.00136342318729, -0.00160285423044, 0.00613037357107, -0.00442687422037, -0.00790049135685, 0.0102872019634, -0.0140430023894, 0.0225272141397, -0.0123082725331, 0.00591660197824], [-7.7505603258e-05, -0.00077499228064, 0.00264957943, -0.00346747180447, 0.000769034377299, -0.00555373681709, 0.00364160723984, 0.00603816192597, -0.00402322364971, 0.00124937843066, -0.0123082725331, 0.0343638509512, -0.0130321094766], [0.00015489612997, 0.00083881377941, -0.00142908655107, -0.00116674567107, 0.00283344113268, 0.00237719458528, -0.0023491922766, -0.00449251383543, -0.000130064916448, 0.000573711760808, 0.00591660197824, -0.0130321094766, 0.0246018730104]]
    },
    "spectral_contrast_coeffs": {
        "max": [-0.429957389832, -0.481110423803, -0.498564243317, -0.592938840389, -0.571639239788, -0.66930437088],
        "mean": [-0.72307407856, -0.751961708069, -0.75730073452, -0.810021996498, -0.792850315571, -0.7804479599],
        "min": [-0.939638793468, -0.956448674202, -0.937982439995, -0.934320032597, -0.923795044422, -0.893497884274],
        "stdev": [0.0866896510124, 0.109415151179, 0.102575607598, 0.0712682083249, 0.0881015434861, 0.0615230239928]
    },
    "spectral_contrast_valleys": {
        "max": [-5.12758827209, -5.5274014473, -6.43787622452, -6.68697547913, -6.43548107147, -9.2140712738],
        "mean": [-8.21257781982, -7.96312427521, -8.71032524109, -9.10218143463, -8.85050773621, -11.5353031158],
        "min": [-12.0228023529, -12.3205270767, -14.107881546, -14.2300615311, -13.638967514, -15.6834154129],
        "stdev": [1.24902701378, 1.65106284618, 1.64392721653, 1.6155064106, 1.67030954361, 1.2517516613]
    }
},
"rhythm": {
    "beats_count": 30,
    "beats_loudness": {
        "max": 0.0999330580235,
        "mean": 0.0137130711228,
        "min": 3.56345367436e-06,
        "stdev": 0.0203442052007
    },
    "bpm": 138.538955688,
    "bpm_histogram_first_peak_bpm": 140,
    "bpm_histogram_first_peak_weight": 0.4375,
    "bpm_histogram_second_peak_bpm": 157,
    "bpm_histogram_second_peak_spread": 0.111111104488,
    "bpm_histogram_second_peak_weight": 0.275862067938,
    "danceability": 0.866654038429,
    "onset_rate": 2.19446659088,
    "beats_loudness_band_ratio": {
        "max": [0.948144435883, 0.558511555195, 0.743114650249, 0.431525081396, 0.179484367371, 0.351701617241],
        "mean": [0.283282607794, 0.203909963369, 0.29956060648, 0.156464338303, 0.066983088851, 0.0495112389326],
        "min": [0.0086067346856, 0.023407811299, 0.00525186257437, 0.00256668101065, 0.000554607308004, 0.000386200845242],
        "stdev": [0.307337254286, 0.159710660577, 0.231681227684, 0.129882767797, 0.0490553602576, 0.0615732595325]
    },
    "beats_position": [0.429569154978, 0.859138309956, 1.30031740665, 1.72988653183, 2.15945577621, 2.58902478218, 3.01859402657, 3.43655323982, 3.86612248421, 4.29569149017, 4.72526073456, 5.16644001007, 5.60761880875, 6.03718805313, 6.47836732864, 6.91954612732, 7.36072540283, 7.75546455383, 8.13859367371, 8.53333282471, 8.92807197571, 9.31120204926, 9.69433116913, 10.077460289, 10.47219944, 10.8553285599, 11.2384576797, 11.6099767685, 11.9931058884, 12.3762359619],
