{
"metadata": {
    "version": {
        "essentia": "2.1-beta5",
        "essentia_git_sha": "Undefined",
        "extractor": "music 2.0"
    },
    "audio_properties": {
        "analysis": {
            "equal_loudness": 0,
            "length": 39.4158744812,
            "sample_rate": 44100,
            "start_time": 110.248344421,
            "downmix": "mix"
        },
        "bit_rate": 192000,
        "length": 149.687454224,
        "lossless": 0,
        "number_channels": 2,
        "replay_gain": -4.63158226013,
        "sample_rate": 48000,
        "codec": "mp3",
        "md5_encoded": "8ad6ec2f3f653213a4e795459092394a"
    },
    "tags": {
        "file_name": "Norway_Intet Er Nytt Under Solen_Åse Kleveland.mp3",
        "encoding": ["Lavf58.29.100"]
    }
},
"lowlevel": {
    "average_loudness": 0.105954788625,
    "barkbands_crest": {
        "max": 26.669254303,
        "mean": 12.8173837662,
        "min": 2.98885464668,
        "stdev": 5.02817964554
    },
    "barkbands_flatness_db": {
        "max": 0.435081511736,
        "mean": 0.236760020256,
        "min": 0.0985132902861,
        "stdev": 0.0576494000852
    },
    "barkbands_kurtosis": {
        "max": 214.637680054,
        "mean": 12.2263851166,
        "min": -1.82987761497,
        "stdev": 20.2653541565
    },
    "barkbands_skewness": {
        "max": 12.853348732,
        "mean": 2.04176402092,
        "min": -2.71054434776,
        "stdev": 1.64636623859
    },
    "barkbands_spread": {
        "max": 61.0799942017,
        "mean": 10.0638875961,
        "min": 0.474902182817,
        "stdev": 8.36274433136
    },
    "dissonance": {
        "max": 0.499983549118,
        "mean": 0.425705462694,
        "min": 0.211011841893,
        "stdev": 0.0553378202021
    },
    "dynamic_complexity": 7.42133712769,
    "erbbands_crest": {
        "max": 30.4151973724,
        "mean": 13.1814575195,
        "min": 3.0994720459,
        "stdev": 6.08082103729
    },
    "erbbands_flatness_db": {
        "max": 0.414229124784,
        "mean": 0.259936600924,
        "min": 0.0248144175857,
        "stdev": 0.049703374505
    },
    "erbbands_kurtosis": {
        "max": 72.3491744995,
        "mean": 4.06681680679,
        "min": -1.88711369038,
        "stdev": 7.61398839951
    },
    "erbbands_skewness": {
        "max": 6.06991481781,
        "mean": 1.28476715088,
        "min": -3.12273073196,
        "stdev": 1.32795023918
    },
    "erbbands_spread": {
        "max": 107.143264771,
        "mean": 23.742099762,
        "min": 1.29205012321,
        "stdev": 14.2841930389
    },
    "hfc": {
        "max": 265.307342529,
        "mean": 8.17197227478,
        "min": 6.56600747106e-08,
        "stdev": 19.5570163727
    },
    "loudness_ebu128": {
        "integrated": -22.1545391083,
        "loudness_range": 14.1618041992,
        "momentary": {
            "max": -13.6766796112,
            "mean": -27.4601535797,
            "min": -52.6266784668,
            "stdev": 7.09683561325
        },
        "short_term": {
            "max": -16.0928173065,
            "mean": -25.9162445068,
            "min": -39.9945373535,
            "stdev": 5.15704345703
        }
    },
    "melbands_crest": {
        "max": 39.627243042,
        "mean": 15.3857049942,
        "min": 3.34104824066,
        "stdev": 5.68555593491
    },
    "melbands_flatness_db": {
        "max": 0.523817777634,
        "mean": 0.286160260439,
        "min": 0.112749889493,
        "stdev": 0.0719529986382
    },
    "melbands_kurtosis": {
        "max": 292.9581604,
        "mean": 17.4492721558,
        "min": -1.83152627945,
        "stdev": 24.3983879089
    },
    "melbands_skewness": {
        "max": 16.3820266724,
        "mean": 2.35576081276,
        "min": -1.41445696354,
        "stdev": 1.69793903828
    },
    "melbands_spread": {
        "max": 109.635040283,
        "mean": 12.8457069397,
        "min": 0.711603224277,
        "stdev": 11.776684761
    },
    "pitch_salience": {
        "max": 0.879154026508,
        "mean": 0.552610993385,
        "min": 0.0175884850323,
        "stdev": 0.136391580105
    },
    "silence_rate_20dB": {
        "max": 1,
        "mean": 1,
        "min": 1,
        "stdev": 0
    },
    "silence_rate_30dB": {
        "max": 1,
        "mean": 0.994114160538,
        "min": 0,
        "stdev": 0.0764913111925
    },
    "silence_rate_60dB": {
        "max": 1,
        "mean": 0.467333734035,
        "min": 0,
        "stdev": 0.498929947615
    },
    "spectral_centroid": {
        "max": 4531.17089844,
        "mean": 870.439697266,
        "min": 235.102890015,
        "stdev": 551.093688965
    },
    "spectral_complexity": {
        "max": 46,
        "mean": 8.39788150787,
        "min": 0,
        "stdev": 8.65101051331
    },
    "spectral_decrease": {
        "max": -1.08169920667e-17,
        "mean": -2.84675460982e-09,
        "min": -4.75792845123e-08,
        "stdev": 4.81988449152e-09
    },
    "spectral_energy": {
        "max": 0.203639402986,
        "mean": 0.0114855384454,
        "min": 4.67813600358e-11,
        "stdev": 0.0198214668781
    },
    "spectral_energyband_high": {
        "max": 0.00450221868232,
        "mean": 8.10110650491e-05,
        "min": 4.409323167e-12,
        "stdev": 0.000230397985433
    },
    "spectral_energyband_low": {
        "max": 0.0445269010961,
        "mean": 0.00202810904011,
        "min": 2.66239582464e-11,
        "stdev": 0.00532018719241
    },
    "spectral_energyband_middle_high": {
        "max": 0.138480380177,
        "mean": 0.00258117984049,
        "min": 9.13727210214e-13,
        "stdev": 0.00789214204997
    },
    "spectral_energyband_middle_low": {
        "max": 0.128875151277,
        "mean": 0.00711485045031,
        "min": 4.05009706328e-12,
        "stdev": 0.012211936526
    },
    "spectral_entropy": {
        "max": 8.96971035004,
        "mean": 6.84437704086,
        "min": 4.94269371033,
        "stdev": 0.592032551765
    },
    "spectral_flux": {
        "max": 0.360126972198,
        "mean": 0.0426437593997,
        "min": 5.33910024387e-05,
        "stdev": 0.0440413951874
    },
    "spectral_kurtosis": {
        "max": 91.0048446655,
        "mean": 8.69831943512,
        "min": -1.13919067383,
        "stdev": 9.37322616577
    },
    "spectral_rms": {
        "max": 0.0140951266512,
        "mean": 0.00255278404802,
        "min": 2.13636027979e-07,
        "stdev": 0.00216533313505
    },
    "spectral_rolloff": {
        "max": 5404.83398438,
        "mean": 881.341064453,
        "min": 21.533203125,
        "stdev": 727.528808594
    },
    "spectral_skewness": {
        "max": 7.08452558517,
        "mean": 1.82977592945,
        "min": -0.238803982735,
        "stdev": 0.992399930954
    },
    "spectral_spread": {
        "max": 11731889,
        "mean": 2799578.75,
        "min": 763445.25,
        "stdev": 790358.6875
    },
    "spectral_strongpeak": {
        "max": 16.9007015228,
        "mean": 0.847911536694,
        "min": 0,
        "stdev": 1.2136746645
    },
    "zerocrossingrate": {
        "max": 0.14013671875,
        "mean": 0.0347346439958,
        "min": 0,
        "stdev": 0.0187877267599
    },
    "barkbands": {
        "max": [0.000113245216198, 0.0327584333718, 0.0305169019848, 0.0287856142968, 0.0191951692104, 0.0552156306803, 0.0705599635839, 0.0740645080805, 0.115928910673, 0.0152886249125, 0.0211739093065, 0.0453254953027, 0.115561537445, 0.0339329317212, 0.00768409250304, 0.0078778071329, 0.0110863614827, 0.0140723511577, 0.00870470143855, 0.00814509112388, 0.0010000547627, 0.000404148682719, 1.67154012161e-05, 4.70114218842e-06, 3.26455824506e-06, 3.09317078973e-06, 3.31688511324e-06],
        "mean": [7.45642682887e-06, 0.00078608142212, 0.000968553998973, 0.00054779968923, 0.00104682473466, 0.00121499341913, 0.00106968393084, 0.00173738598824, 0.00141418760177, 0.000216952787014, 0.000291466683848, 0.000335617136443, 0.000619457103312, 0.000333935633535, 0.000130342494231, 0.000128833649796, 0.000131874461658, 0.000246558774961, 0.000110894841782, 9.91366468952e-05, 3.46387678292e-05, 1.23562285808e-05, 3.10402612058e-07, 1.14249004923e-07, 7.63858949426e-08, 2.24449747677e-09, 2.38175923428e-09],
        "min": [2.15147864802e-11, 1.34421102721e-11, 4.50744991462e-14, 7.80419057557e-15, 2.92430738912e-13, 5.1266499726e-13, 3.51103044208e-13, 1.88553423634e-13, 2.1999482585e-13, 1.40823848893e-13, 1.75363196186e-13, 9.87234179497e-14, 1.35706441744e-13, 3.00154425782e-14, 4.87810136794e-14, 3.32129580728e-14, 3.04526335518e-14, 6.93578766468e-14, 1.44608988412e-13, 1.41613934121e-13, 1.54681213042e-13, 1.52628357544e-13, 4.37102041844e-13, 5.49782116534e-13, 3.74633321327e-13, 5.26057279335e-13, 2.16729563983e-12],
        "stdev": [1.26464283312e-05, 0.00290945125744, 0.00279968953691, 0.00179694918916, 0.00158738100436, 0.00387415895239, 0.00380722410046, 0.0061703408137, 0.00721595762298, 0.00069098448148, 0.00114449427929, 0.00179197883699, 0.00417698314413, 0.00168583670165, 0.000515811203513, 0.000471038772957, 0.000575558980927, 0.00089511560509, 0.000420280790422, 0.000396055722376, 0.000100912016933, 3.15887555189e-05, 8.18312400952e-07, 1.85630383953e-07, 8.65664233629e-08, 7.50167572505e-08, 8.04430371204e-08]
    },
    "erbbands": {
        "max": [0.274797379971, 9.28258323669, 26.0902900696, 62.2334823608, 99.8454437256, 82.6585998535, 180.003356934, 711.81237793, 556.737304688, 1143.87133789, 1424.70288086, 2988.02124023, 1093.60559082, 251.062545776, 2047.0715332, 627.190063477, 5811.45996094, 1630.33874512, 1298.03930664, 578.959411621, 406.094055176, 376.405059814, 912.104431152, 554.692993164, 607.323059082, 323.992462158, 52.2178764343, 34.8021011353, 21.2360725403, 3.09905409813, 0.337993532419, 0.158627033234, 0.0540740303695, 0.0381934382021, 0.0221729781479, 0.0122749451548, 0.00573720224202, 0.00205151969567, 0.000474297179608, 0.000255113700405],
        "mean": [0.00812959019095, 0.231181144714, 1.02312457561, 1.57872605324, 2.28798055649, 3.71164011955, 7.02890872955, 11.2223262787, 10.5394172668, 30.3713874817, 31.1433372498, 34.5726661682, 15.9807252884, 7.74036502838, 16.382774353, 11.2690734863, 26.2946281433, 19.3166942596, 12.4341077805, 6.60333204269, 7.07641172409, 7.2078332901, 14.026099205, 7.87917852402, 5.8078455925, 4.53334522247, 1.90286207199, 1.05329275131, 0.530220329762, 0.101217277348, 0.00758275296539, 0.00275621260516, 0.00187321915291, 0.00124813744333, 0.000327406043652, 2.46351519309e-05, 9.31679278438e-06, 3.02911780636e-06, 6.37532775727e-06, 1.34489337142e-05],
        "min": [7.18945680767e-10, 1.92794913367e-09, 4.09606182306e-10, 1.9606519186e-10, 7.59314333632e-10, 8.61557158949e-10, 9.39669786426e-10, 5.17111553577e-09, 5.15466958007e-09, 4.61193305767e-09, 4.3320773635e-09, 4.78363215706e-09, 4.61317739564e-09, 5.35757349596e-09, 7.31200167081e-09, 3.8858622986e-09, 6.10369754739e-09, 2.32275487733e-09, 2.45561615486e-09, 2.41148478963e-09, 1.68922531518e-09, 1.61418534095e-09, 3.17500403746e-09, 3.82893139417e-09, 8.71921201906e-09, 7.4852932741e-09, 6.29343377412e-09, 6.35852881459e-09, 4.99190555558e-09, 6.61302346217e-09, 1.29073152166e-08, 1.46126462042e-08, 7.94372390089e-09, 3.98543287261e-09, 2.7351256815e-09, 1.69289737784e-09, 1.04029818093e-09, 5.99711613702e-10, 2.14261788867e-10, 4.32376461024e-11],
        "stdev": [0.0255538038909, 0.82343685627, 2.84728884697, 4.40068769455, 5.46550750732, 6.27412223816, 16.3030033112, 43.0408706665, 30.7888774872, 79.3908233643, 113.537307739, 177.561584473, 73.5902328491, 20.872209549, 78.4594726562, 37.960647583, 185.585250854, 74.3561477661, 62.793132782, 27.0189552307, 25.1217403412, 24.7585430145, 51.9028205872, 28.1880264282, 25.7840118408, 17.0468654633, 5.31037950516, 2.96302008629, 1.40168118477, 0.252735197544, 0.0172374341637, 0.00577610451728, 0.00230973819271, 0.00114745879546, 0.000557715480682, 0.00029808213003, 0.000139425610541, 4.9881196901e-05, 1.58925104188e-05, 2.37982967519e-05]
    },
    "gfcc": {
        "mean": [-178.720428467, 164.986801147, -150.35269165, 33.7355270386, -61.6151885986, -19.3803462982, -29.7342853546, -11.2517499924, -14.2388677597, -10.9277772903, 0.971496403217, -18.3726787567, 1.37670755386],
        "cov": [[10959.7099609, 1258.2076416, -3132.87109375, -213.088272095, 667.670593262, -795.889953613, 1681.9642334, -443.442321777, 135.817321777, 168.972946167, -220.168197632, -86.5840911865, -197.972854614], [1258.2076416, 521.170776367, -0.86857354641, -124.665100098, 98.9317092896, -97.3908157349, 85.4143371582, -25.3649921417, 40.5870895386, -34.776424408, 29.2582950592, -37.9490318298, -8.89072322845], [-3132.87109375, -0.86857354641, 1723.3972168, 259.978240967, -197.243713379, 174.483139038, -585.325012207, 105.047714233, -20.7641868591, -103.613426208, 89.2920379639, -3.95710921288, 65.736907959], [-213.088272095, -124.665100098, 259.978240967, 556.589599609, 97.7181777954, 104.910842896, 37.8290710449, -43.8120689392, -17.3787879944, 19.0542812347, -88.7767410278, 8.90424728394, 42.680606842], [667.670593262, 98.9317092896, -197.243713379, 97.7181777954, 330.207458496, 47.1121635437, 95.7014312744, -27.385263443, 19.6457595825, -3.41978955269, -44.5460548401, 8.35515403748, 15.5478515625], [-795.889953613, -97.3908157349, 174.483139038, 104.910842896, 47.1121635437, 306.332763672, 17.8655719757, 42.5284423828, -12.0643033981, -9.80223751068, -53.7003135681, 3.62791705132, 24.8797626495], [1681.9642334, 85.4143371582, -585.325012207, 37.8290710449, 95.7014312744, 17.8655719757, 534.887634277, -12.8561067581, 7.7550163269, 47.1979446411, -87.2719039917, -13.7804021835, -45.2263641357], [-443.442321777, -25.3649921417, 105.047714233, -43.8120689392, -27.385263443, 42.5284423828, -12.8561067581, 140.105529785, 19.7420291901, -15.8575487137, 26.9091148376, -13.8625202179, -16.7969512939], [135.817321777, 40.5870895386, -20.7641868591, -17.3787879944, 19.6457595825, -12.0643033981, 7.7550163269, 19.7420291901, 92.8774642944, 49.4459114075, -0.320658951998, -11.0002737045, -28.1336193085], [168.972946167, -34.776424408, -103.613426208, 19.0542812347, -3.41978955269, -9.80223751068, 47.1979446411, -15.8575487137, 49.4459114075, 95.6219940186, 15.2247419357, -17.8977146149, -40.3826789856], [-220.168197632, 29.2582950592, 89.2920379639, -88.7767410278, -44.5460548401, -53.7003135681, -87.2719039917, 26.9091148376, -0.320658951998, 15.2247419357, 101.87928772, 10.2903051376, -17.1597442627], [-86.5840911865, -37.9490318298, -3.95710921288, 8.90424728394, 8.35515403748, 3.62791705132, -13.7804021835, -13.8625202179, -11.0002737045, -17.8977146149, 10.2903051376, 89.5766601562, 65.8741073608], [-197.972854614, -8.89072322845, 65.736907959, 42.680606842, 15.5478515625, 24.8797626495, -45.2263641357, -16.7969512939, -28.1336193085, -40.3826789856, -17.1597442627, 65.8741073608, 122.465324402]],
        "icov": [[0.00166839780286, -0.00329299923033, 0.00190964876674, -0.00107261457015, -0.000356555276085, 0.0025544569362, -0.00231985165738, 0.0018633879954, -0.000442854856374, 0.000320872000884, 0.000894460070413, -0.000755403074436, 0.0012676626211], [-0.00329299923033, 0.0114321094006, -0.00470299785957, 0.00310509302653, -0.000843152578454, -0.00430040899664, 0.00145713926759, 0.000380325131118, -0.00536814890802, 0.00608898838982, -0.00769159058109, 0.00733243301511, -0.00572732463479], [0.00190964876674, -0.00470299785957, 0.00411607464775, -0.00284344819374, 0.00096960720839, 0.00160122255329, -0.000860371743329, 0.00148975674529, -0.00130651379004, 0.00213693082333, -0.000452815816971, -0.000631001777947, 0.00164585933089], [-0.00107261457015, 0.00310509302653, -0.00284344819374, 0.00453297607601, -0.00157855229918, -0.000784821691923, 0.000388629676308, -0.000808433745988, 0.00234455033205, -0.00372203439474, 0.00297040888108, 0.000131793611217, -0.00151293212548], [-0.000356555276085, -0.000843152578454, 0.00096960720839, -0.00157855229918, 0.00497263669968, -0.00214573740959, 0.00134485692251, -0.000231771555264, -0.00158937927336, 0.00181288144086, -0.000709973042831, -0.00051029730821, 6.92284447723e-05], [0.0025544569362, -0.00430040899664, 0.00160122255329, -0.000784821691923, -0.00214573740959, 0.00930384360254, -0.00419647525996, 0.000482554547489, 0.0020464498084, -0.00285946857184, 0.00583462743089, -0.00213582930155, 0.00162358244415], [-0.00231985165738, 0.00145713926759, -0.000860371743329, 0.000388629676308, 0.00134485692251, -0.00419647525996, 0.00905987992883, -0.00658846180886, 0.00582508603111, -0.00606657005847, 0.00516168633476, -0.0037636787165, 0.00189142697491], [0.0018633879954, 0.000380325131118, 0.00148975674529, -0.000808433745988, -0.000231771555264, 0.000482554547489, -0.00658846180886, 0.0169522743672, -0.012598904781, 0.0137453852221, -0.0111476648599, 0.00731167476624, -0.00151138566434], [-0.000442854856374, -0.00536814890802, -0.00130651379004, 0.00234455033205, -0.00158937927336, 0.0020464498084, 0.00582508603111, -0.012598904781, 0.0315565466881, -0.0266526099294, 0.0190159473568, -0.0127375582233, 0.0069645838812], [0.000320872000884, 0.00608898838982, 0.00213693082333, -0.00372203439474, 0.00181288144086, -0.00285946857184, -0.00606657005847, 0.0137453852221, -0.0266526099294, 0.0391189642251, -0.0235227588564, 0.0138423098251, -0.00285867927596], [0.000894460070413, -0.00769159058109, -0.000452815816971, 0.00297040888108, -0.000709973042831, 0.00583462743089, 0.00516168633476, -0.0111476648599, 0.0190159473568, -0.0235227588564, 0.0341619513929, -0.0176533702761, 0.0102718099952], [-0.000755403074436, 0.00733243301511, -0.000631001777947, 0.000131793611217, -0.00051029730821, -0.00213582930155, -0.0037636787165, 0.00731167476624, -0.0127375582233, 0.0138423098251, -0.0176533702761, 0.0301744677126, -0.0173505581915], [0.0012676626211, -0.00572732463479, 0.00164585933089, -0.00151293212548, 6.92284447723e-05, 0.00162358244415, 0.00189142697491, -0.00151138566434, 0.0069645838812, -0.00285867927596, 0.0102718099952, -0.0173505581915, 0.0210248809308]]
    },
    "melbands": {
        "max": [0.00586479064077, 0.011517431587, 0.00979046244174, 0.00467395689338, 0.0047594923526, 0.013661053963, 0.0111259985715, 0.0108178444207, 0.0108847925439, 0.0160078778863, 0.00552352936938, 0.00102482188959, 0.0046039223671, 0.00546785537153, 0.00323711754754, 0.0140868779272, 0.00176989892498, 0.00300851929933, 0.000696203205734, 0.000701541546732, 0.000542884285096, 0.000333699019393, 0.000763896794524, 0.000877766404301, 0.00048085974413, 0.000420443568146, 0.000515446765348, 0.000261708133621, 4.25916186941e-05, 3.45494263456e-05, 1.86552988453e-05, 1.35957761813e-05, 4.47648517365e-06, 8.49278933401e-07, 1.55526564072e-07, 8.78680594951e-08, 9.76529648256e-08, 3.81939280203e-08, 3.46583988176e-08, 3.13641024263e-08],
        "mean": [0.000146650359966, 0.000465704884846, 0.000298546015983, 0.000203912291909, 0.000238440596149, 0.000240705398028, 0.000180787828867, 0.000374575756723, 0.000228168224567, 0.000222548260354, 7.50382241677e-05, 2.8330458008e-05, 4.75207853015e-05, 4.30414147559e-05, 2.74311842077e-05, 7.11357424734e-05, 3.14959979733e-05, 2.34483777604e-05, 9.36538708629e-06, 9.6674039014e-06, 7.56196504881e-06, 6.54857285554e-06, 1.12277630251e-05, 1.26150034703e-05, 5.65798109164e-06, 3.9890564949e-06, 4.45531850346e-06, 2.57450506069e-06, 1.21230380046e-06, 8.75149680724e-07, 5.22613163412e-07, 3.38668797895e-07, 1.40499963663e-07, 2.13433448693e-08, 2.62440247312e-09, 1.6567447414e-09, 1.48849144121e-09, 1.30201527337e-09, 1.14926168582e-09, 1.02551556136e-09],
        "min": [6.10710223711e-12, 2.39535665879e-14, 2.81044837332e-14, 5.87863159302e-14, 3.17277535624e-14, 1.10332519488e-13, 7.80064286277e-14, 4.79676757028e-14, 3.44338307054e-14, 3.0903031463e-14, 2.2854287229e-14, 2.09181698113e-14, 2.54348866052e-14, 1.34375610682e-14, 9.30780026486e-15, 1.38614400719e-14, 2.91673148409e-15, 3.82897601565e-15, 3.74493679475e-15, 3.00138141574e-15, 1.66229612388e-15, 1.57711224383e-15, 2.25532178382e-15, 3.4735603557e-15, 2.50792903155e-15, 7.23386296339e-15, 3.48417071392e-15, 5.87973214292e-15, 4.11858123899e-15, 4.16297084763e-15, 3.03606063867e-15, 2.29806137227e-15, 3.92796197993e-15, 3.52613780832e-15, 5.58532297222e-15, 1.23857570589e-14, 7.04127435273e-15, 7.01954245191e-15, 2.69000215169e-15, 3.43341035873e-15],
        "stdev": [0.000518883403856, 0.0012794113718, 0.00075267808279, 0.000339880876709, 0.000475521577755, 0.000860655214638, 0.000571312382817, 0.0010258742841, 0.000855545280501, 0.00113128742669, 0.000367590517271, 7.7799311839e-05, 0.000213499282836, 0.000218457993469, 0.000118531250337, 0.000522289250512, 0.00012017066183, 0.000140344462125, 3.72420108761e-05, 3.71214737243e-05, 2.77073959296e-05, 2.2658803573e-05, 4.3531304982e-05, 5.01990471093e-05, 2.12684335565e-05, 1.77777401404e-05, 2.10638936551e-05, 1.00493225546e-05, 3.45511011801e-06, 2.72659985967e-06, 1.44730097418e-06, 9.04677847302e-07, 3.65483089126e-07, 5.53237100576e-08, 6.80012401943e-09, 3.75811071152e-09, 3.16119241894e-09, 1.6859966756e-09, 1.10693409994e-09, 9.2118235262e-10]
    },
    "melbands128": {
        "max": [9.73304049694e-05, 0.000795046042185, 0.00669922539964, 0.0205929614604, 0.0151463225484, 0.017398994416, 0.0143354749307, 0.0123117631301, 0.013458294794, 0.00483012385666, 0.00636977981776, 0.00455190893263, 0.00683189183474, 0.012806286104, 0.0215831696987, 0.0178211312741, 0.0168108604848, 0.0115440068766, 0.0290610324591, 0.0194898322225, 0.025452805683, 0.0279294252396, 0.0132885398343, 0.0359021574259, 0.0323224067688, 0.0217327401042, 0.0179675538093, 0.00512125669047, 0.00377004640177, 0.00130921520758, 0.00107692636084, 0.00357158435509, 0.00667340122163, 0.0124553153291, 0.012629837729, 0.00281086238101, 0.00209488137625, 0.00162069010548, 0.00241346051916, 0.0271793045104, 0.0277835465968, 0.00375698134303, 0.00173103972338, 0.00282660545781, 0.00941392965615, 0.00323483929969, 0.00126366410404, 0.00139649689663, 0.000879883358721, 0.00168711901642, 0.000635146105196, 0.0014611055376, 0.000555895268917, 0.00116102898028, 0.00070723274257, 0.000433715176769, 0.000347878551111, 0.00212648417801, 0.000719193893019, 0.00162255379837, 0.00136956362985, 0.00146607740317, 0.00124798330944, 0.000248035881668, 0.000242800539127, 0.000470416853204, 0.00114752852824, 0.000535160244908, 0.000865610549226, 0.000552925281227, 0.000364785664715, 0.000334354816005, 6.44289975753e-05, 9.62505728239e-05, 3.72223657905e-05, 5.3187875892e-05, 7.344585174e-05, 2.13839030039e-05, 2.94375986414e-05, 2.10376547329e-05, 1.55091311171e-05, 2.56410639849e-05, 7.82831557444e-06, 6.20032278675e-06, 3.15114721161e-06, 1.54779479544e-06, 4.91896571475e-07, 2.80723497781e-07, 1.20247037216e-07, 7.88595713175e-08, 1.57223723818e-07, 8.98943284255e-08, 1.09824711103e-07, 1.8428325177e-07, 3.62573970847e-08, 5.69362903491e-08, 5.13733233731e-08, 3.56832998705e-08, 3.52796334369e-08, 3.30882841126e-08, 3.41924000224e-08, 3.07680600997e-08, 2.95420257146e-08, 2.52365222053e-08, 2.46316869124e-08, 2.38706601152e-08, 2.29526868623e-08, 2.20412506025e-08, 2.11355484225e-08, 2.02937133764e-08, 1.95486880017e-08, 1.88983371174e-08, 1.81889454609e-08, 1.75735213048e-08, 1.69835328023e-08, 1.6448243656e-08, 1.59677515654e-08, 1.54775072758e-08, 1.5047550761e-08, 1.46655541045e-08, 1.43331906344e-08, 1.40268214821e-08, 1.37547289114e-08, 1.35368987131e-08, 1.33329010055e-08, 1.31807516013e-08, 1.30664057352e-08, 1.29967547835e-08],
        "mean": [4.75543492939e-06, 2.04536809179e-05, 0.000165111385286, 0.000458915979834, 0.000535115250386, 0.000467153411591, 0.000314530509058, 0.00027689547278, 0.000228979813983, 0.000170781859197, 0.000209230769542, 0.000231474012253, 0.000236808220507, 0.000254050479271, 0.000307605077978, 0.000193922780454, 0.000124695448903, 0.000138379546115, 0.000314555072691, 0.0002980082063, 0.000495492597111, 0.000384718732676, 0.000132997010951, 0.000137032577186, 0.000231199723203, 0.000301096762996, 0.000123665231513, 4.44380020781e-05, 3.09724346153e-05, 2.3759492251e-05, 2.9312519473e-05, 3.27693996951e-05, 3.40976803272e-05, 7.3993265687e-05, 6.67212079861e-05, 2.35926090681e-05, 2.34191993513e-05, 1.79313046829e-05, 2.9653776437e-05, 7.41749463486e-05, 9.76904266281e-05, 4.23487654189e-05, 1.93997675524e-05, 2.97314654745e-05, 4.32903652836e-05, 1.66631289176e-05, 1.03809752545e-05, 1.01124060166e-05, 8.55828147905e-06, 6.56296651869e-06, 9.07892535906e-06, 1.58504335559e-05, 5.11300731887e-06, 6.05760669714e-06, 7.62614763516e-06, 5.16284126206e-06, 6.09668768448e-06, 1.17572153613e-05, 1.05999724838e-05, 1.59729697771e-05, 1.43123834278e-05, 9.42244878388e-06, 6.4756923166e-06, 4.74555645269e-06, 3.87131012758e-06, 3.75283366338e-06, 4.55260396848e-06, 3.60454396287e-06, 5.34258924745e-06, 4.1024127313e-06, 2.52873996942e-06, 1.95449752027e-06, 1.25737847156e-06, 1.14999340894e-06, 9.68557060332e-07, 1.11974247829e-06, 6.66552864459e-07, 5.87608894875e-07, 5.15204874318e-07, 4.79059281133e-07, 3.22242584616e-07, 3.39066474453e-07, 2.11572455555e-07, 1.33592862994e-07, 6.65398331989e-08, 2.47744438298e-08, 8.38679969917e-09, 3.8736223118e-09, 2.11060746658e-09, 1.79025994029e-09, 1.71231984147e-09, 1.58882063062e-09, 1.61468249882e-09, 1.5143353238e-09, 1.39637945651e-09, 1.35236022381e-09, 1.29996025056e-09, 1.20786702862e-09, 1.14819254105e-09, 1.12959186449e-09, 1.07180020414e-09, 9.93722215625e-10, 9.98095051052e-10, 8.48512649032e-10, 1.76954700892e-10, 1.72956458183e-11, 1.6439308248e-11, 1.59210422623e-11, 1.53239903405e-11, 1.47005168455e-11, 1.41821389701e-11, 1.37105595974e-11, 1.32108594897e-11, 1.277139592e-11, 1.2354734423e-11, 1.19906012203e-11, 1.16758642685e-11, 1.11639282888e-11, 1.08468156332e-11, 1.05743894543e-11, 1.03377254673e-11, 1.01182187628e-11, 9.88748145858e-12, 9.66963054766e-12, 9.45006572994e-12, 9.20303156599e-12, 9.04912776656e-12, 8.99003527871e-12],
        "min": [1.01133702107e-11, 7.50938547456e-12, 4.7836361608e-12, 3.14843095171e-14, 1.00782021414e-14, 2.59740908388e-14, 9.58464705444e-15, 5.0189997083e-15, 5.11081045648e-14, 6.46278888153e-14, 3.56938735296e-14, 4.77790888993e-14, 2.14931306937e-14, 2.98902646612e-14, 7.76985626446e-14, 1.07104551465e-13, 8.62459585628e-14, 7.20992208536e-14, 6.72993019819e-14, 5.01083176959e-14, 3.11156773904e-14, 3.9087670275e-14, 3.40843042538e-14, 3.02717886294e-14, 2.78749954027e-14, 3.46573254307e-14, 3.01601937327e-14, 1.87217778037e-14, 1.92105666363e-14, 2.19329322228e-14, 1.94650492149e-14, 2.27598464435e-14, 3.00836355068e-14, 2.49513968108e-14, 1.55836850585e-14, 1.1071785341e-14, 7.77957156296e-15, 6.59394100669e-15, 1.09653692037e-14, 1.79185889759e-14, 1.60150433632e-14, 6.54783700337e-15, 1.43762444627e-15, 1.16976414686e-15, 4.16199167754e-15, 3.97438065599e-15, 4.00497082736e-15, 4.22082023331e-15, 3.60208934688e-15, 2.61951842257e-15, 3.0879032902e-15, 3.40105094729e-15, 1.41953415185e-15, 7.79936714645e-16, 2.29874937478e-15, 1.60090074064e-15, 7.20530482406e-16, 2.77938678576e-15, 2.01340366837e-15, 2.85453385477e-15, 3.34481007717e-15, 4.7957730689e-15, 2.49265787454e-15, 1.69772793558e-15, 2.05335905953e-15, 9.0975217946e-15, 9.6031615006e-15, 5.2092471199e-15, 1.04973333137e-15, 2.43199104552e-15, 5.43551672517e-15, 9.52126188493e-15, 4.08188819524e-15, 4.12460914896e-15, 2.32364134376e-15, 3.04597282997e-15, 5.42862314752e-15, 6.00482789781e-15, 1.45865214506e-15, 1.8577583997e-15, 2.1566483747e-15, 2.37819894765e-15, 2.90837423352e-15, 5.53018536252e-15, 3.13584980194e-15, 2.83444985656e-15, 4.50309353947e-15, 3.08944510193e-15, 4.85443010049e-15, 6.37983055938e-15, 1.45726190988e-14, 1.25991797155e-14, 1.17313334746e-14, 7.5891297573e-15, 2.38576634001e-15, 8.68399776865e-15, 9.99815498676e-15, 1.46113532802e-15, 2.14917203839e-15, 3.58914456586e-15, 3.75629254196e-15, 2.45456913224e-15, 4.18509238359e-15, 3.76075217043e-15, 2.38471750146e-15, 2.69006567916e-15, 4.16405420277e-15, 2.15646541558e-15, 1.61863623413e-15, 4.87226099107e-15, 2.34679308355e-15, 4.14578200803e-15, 3.79741345045e-15, 2.20109431102e-15, 2.94069701078e-15, 3.96553424389e-15, 2.29428868753e-15, 8.94070634991e-15, 9.96987340368e-15, 4.47860454641e-15, 4.28545477642e-15, 5.4576424963e-15, 1.73480851808e-14, 2.03954132635e-14, 1.44246780183e-14, 3.56763797581e-15, 6.53315188728e-16, 5.32348171871e-18],
        "stdev": [7.97791926743e-06, 5.90936651861e-05, 0.00059153046459, 0.00177223805804, 0.00161662802566, 0.00138902431354, 0.000976321520284, 0.000911517185159, 0.000630478723906, 0.000367642816855, 0.000433899374912, 0.000445712095825, 0.000662084552459, 0.000873868644703, 0.00135323323775, 0.000983036588877, 0.000571215990931, 0.000502474606037, 0.00145773903932, 0.000894620548934, 0.00185187568422, 0.00194489047863, 0.00061580032343, 0.0013099637581, 0.00164933106862, 0.00172428914811, 0.00101749633905, 0.000191824918147, 0.000136408780236, 8.57933482621e-05, 9.38722223509e-05, 0.000150044099428, 0.000253645557677, 0.000425664213253, 0.000506817945279, 0.000103498132376, 0.000102824080386, 8.91634408617e-05, 0.000143595563713, 0.00075645535253, 0.000872296222951, 0.000197241926799, 9.47026783251e-05, 0.000150742198457, 0.000409608066548, 0.000111438406748, 5.50206459593e-05, 5.2352923376e-05, 4.25792932219e-05, 6.08693189861e-05, 3.41929589922e-05, 7.61506744311e-05, 2.10605248867e-05, 3.94781272917e-05, 3.79099692509e-05, 2.02006085601e-05, 2.11527531064e-05, 8.81016312633e-05, 4.53126558568e-05, 8.13406004454e-05, 7.05626298441e-05, 4.89508638566e-05, 3.85175626434e-05, 1.70230159711e-05, 1.45650828927e-05, 2.08433157241e-05, 3.39360558428e-05, 1.66232421179e-05, 3.28210553562e-05, 2.16325606743e-05, 1.22285264297e-05, 1.02262802102e-05, 4.14765281675e-06, 4.40613939645e-06, 3.01308568851e-06, 3.88710077459e-06, 2.93234825222e-06, 1.74166632405e-06, 1.58962996011e-06, 1.38927532589e-06, 8.51810966651e-07, 1.15649788768e-06, 5.79777406529e-07, 3.7468686287e-07, 1.86268593438e-07, 7.19685147033e-08, 2.45636293528e-08, 1.13442597538e-08, 5.51883738709e-09, 4.36335012566e-09, 4.83723905376e-09, 3.34863115015e-09, 4.18067491736e-09, 4.83175988109e-09, 1.74085157401e-09, 2.15544382343e-09, 1.9678103591e-09, 1.36561950637e-09, 1.17586795856e-09, 1.07544551042e-09, 1.08705966451e-09, 9.45888811721e-10, 9.16335118895e-10, 7.60189133864e-10, 6.0548716041e-10, 5.78923409211e-10, 5.56671320151e-10, 5.34555955056e-10, 5.12593800739e-10, 4.92174967448e-10, 4.74104422388e-10, 4.58331761433e-10, 4.41127162576e-10, 4.26202712012e-10, 4.11889800045e-10, 3.98909627553e-10, 3.87257087509e-10, 3.75364406224e-10, 3.64941271647e-10, 3.55678098085e-10, 3.47617462593e-10, 3.40185768444e-10, 3.33588545676e-10, 3.2830663188e-10, 3.23356591503e-10, 3.19670900861e-10, 3.16900727881e-10, 3.1521252275e-10]
    },
    "mfcc": {
        "mean": [-806.460266113, 178.088638306, -25.8573608398, 40.7940368652, -10.529168129, -5.66203117371, -5.17088794708, -11.3725757599, -4.82059001923, -12.2403182983, 4.70164108276, -1.04111456871, -4.06447410583],
        "cov": [[11472.3007812, 1056.81848145, -3760.80273438, 783.536132812, -1597.53051758, 546.302062988, 518.405029297, 20.9467563629, 515.802307129, -26.4589366913, 542.287353516, -141.130737305, 0.275604426861], [1056.81848145, 690.723266602, -133.94493103, -106.080505371, -9.18316650391, -108.833786011, -15.59466362, 10.9449911118, -32.1869163513, 12.8145389557, 0.610305845737, 11.2928438187, 39.7027931213], [-3760.80273438, -133.94493103, 1829.25622559, -32.777256012, 537.293579102, -168.071456909, -177.957962036, -24.0996170044, -168.809005737, -14.0692567825, -194.319290161, 75.7657012939, 0.288841664791], [783.536132812, -106.080505371, -32.777256012, 456.579071045, -13.2236146927, 138.079330444, 55.6859550476, -20.0941867828, 81.6236190796, -27.5983219147, 32.8847618103, -28.8910522461, -26.6670894623], [-1597.53051758, -9.18316650391, 537.293579102, -13.2236146927, 528.303710938, -40.10729599, -118.631599426, -3.93144083023, -89.3640899658, 25.584985733, -110.826820374, -13.5348320007, -5.02040243149], [546.302062988, -108.833786011, -168.071456909, 138.079330444, -40.10729599, 308.40145874, 104.982826233, 22.6382026672, 138.223632812, 5.25620889664, 37.0472297668, -51.0253829956, -11.9008102417], [518.405029297, -15.59466362, -177.957962036, 55.6859550476, -118.631599426, 104.982826233, 194.395614624, 85.7880325317, 75.3890762329, 22.191034317, 24.6893901825, -18.743106842, -5.78897857666], [20.9467563629, 10.9449911118, -24.0996170044, -20.0941867828, -3.93144083023, 22.6382026672, 85.7880325317, 133.120834351, 69.6623382568, 21.0004463196, -19.5794658661, -31.1951751709, 21.0733718872], [515.802307129, -32.1869163513, -168.809005737, 81.6236190796, -89.3640899658, 138.223632812, 75.3890762329, 69.6623382568, 178.843582153, 23.9659843445, 7.23084020615, -31.866519928, 8.70423984528], [-26.4589366913, 12.8145389557, -14.0692567825, -27.5983219147, 25.584985733, 5.25620889664, 22.191034317, 21.0004463196, 23.9659843445, 103.02922821, 51.2902069092, 6.91189908981, -6.5825843811], [542.287353516, 0.610305845737, -194.319290161, 32.8847618103, -110.826820374, 37.0472297668, 24.6893901825, -19.5794658661, 7.23084020615, 51.2902069092, 159.722885132, 53.0581626892, -10.5920324326], [-141.130737305, 11.2928438187, 75.7657012939, -28.8910522461, -13.5348320007, -51.0253829956, -18.743106842, -31.1951751709, -31.866519928, 6.91189908981, 53.0581626892, 105.244628906, 15.5760755539], [0.275604426861, 39.7027931213, 0.288841664791, -26.6670894623, -5.02040243149, -11.9008102417, -5.78897857666, 21.0733718872, 8.70423984528, -6.5825843811, -10.5920324326, 15.5760755539, 85.2891845703]],
        "icov": [[0.00294275162742, -0.00478917360306, 0.00433476176113, -0.00569472648203, 0.0051701143384, -0.00316711049527, 0.00227007851936, -0.00204226840287, 0.00212187785655, -0.00168103678152, 0.00111659616232, -0.00124853011221, 0.000966146006249], [-0.00478917360306, 0.00945378746837, -0.00687527935952, 0.00952967908233, -0.00871029123664, 0.00600315677002, -0.00410267291591, 0.00367757235654, -0.00377675448544, 0.0028317773249, -0.00213510822505, 0.00237172399648, -0.00233893818222], [0.00433476176113, -0.00687527935952, 0.00744119938463, -0.00876861251891, 0.00724369985983, -0.00509989354759, 0.00416539749131, -0.00403271708637, 0.00421036919579, -0.00332076917402, 0.00347913382575, -0.00374179077335, 0.00184298143722], [-0.00569472648203, 0.00952967908233, -0.00876861251891, 0.0145693039522, -0.0114256562665, 0.00725641706958, -0.00703375088051, 0.00733092101291, -0.00766932358965, 0.00663522677496, -0.00557138817385, 0.00498188799247, -0.0020884166006], [0.0051701143384, -0.00871029123664, 0.00724369985983, -0.0114256562665, 0.0143877808005, -0.00930477958173, 0.0089072259143, -0.00824408233166, 0.00922531168908, -0.00834932364523, 0.00746112223715, -0.00484439730644, 0.00285657308996], [-0.00316711049527, 0.00600315677002, -0.00509989354759, 0.00725641706958, -0.00930477958173, 0.0140364468098, -0.00988157093525, 0.010206181556, -0.012282634154, 0.00782687962055, -0.00882089044899, 0.00830935128033, -0.00303515954874], [0.00227007851936, -0.00410267291591, 0.00416539749131, -0.00703375088051, 0.0089072259143, -0.00988157093525, 0.0175052508712, -0.0146922562271, 0.00950381346047, -0.00795997027308, 0.00768035138026, -0.00744813028723, 0.00438277982175], [-0.00204226840287, 0.00367757235654, -0.00403271708637, 0.00733092101291, -0.00824408233166, 0.010206181556, -0.0146922562271, 0.0241551809013, -0.0142178740352, 0.00614830572158, -0.00749242212623, 0.0102139143273, -0.00629650894552], [0.00212187785655, -0.00377675448544, 0.00421036919579, -0.00766932358965, 0.00922531168908, -0.012282634154, 0.00950381346047, -0.0142178740352, 0.0214673746377, -0.0110037708655, 0.0108047295362, -0.0077015417628, 0.00203447882086], [-0.00168103678152, 0.0028317773249, -0.00332076917402, 0.00663522677496, -0.00834932364523, 0.00782687962055, -0.00795997027308, 0.00614830572158, -0.0110037708655, 0.0214743297547, -0.0142485201359, 0.00737202027813, -0.00102115026675], [0.00111659616232, -0.00213510822505, 0.00347913382575, -0.00557138817385, 0.00746112223715, -0.00882089044899, 0.00768035138026, -0.00749242212623, 0.0108047295362, -0.0142485201359, 0.0219374522567, -0.0139040388167, 0.00387870986015], [-0.00124853011221, 0.00237172399648, -0.00374179077335, 0.00498188799247, -0.00484439730644, 0.00830935128033, -0.00744813028723, 0.0102139143273, -0.0077015417628, 0.00737202027813, -0.0139040388167, 0.021828731522, -0.00604289071634], [0.000966146006249, -0.00233893818222, 0.00184298143722, -0.0020884166006, 0.00285657308996, -0.00303515954874, 0.00438277982175, -0.00629650894552, 0.00203447882086, -0.00102115026675, 0.00387870986015, -0.00604289071634, 0.0150479823351]]
    },
    "spectral_contrast_coeffs": {
        "max": [-0.452181428671, -0.40999352932, -0.514414012432, -0.568334519863, -0.551630318165, -0.513221979141],
        "mean": [-0.677782654762, -0.707614064217, -0.779529511929, -0.804254114628, -0.803644359112, -0.74910402298],
        "min": [-0.969585180283, -0.953161537647, -0.95926129818, -0.941709280014, -0.936266064644, -0.936637878418],
        "stdev": [0.0756594091654, 0.103632695973, 0.0720210745931, 0.0591090992093, 0.0530874244869, 0.0893864110112]
    },
    "spectral_contrast_valleys": {
        "max": [-5.44604921341, -5.14538478851, -5.99639701843, -5.87056589127, -6.05313062668, -10.4816246033],
        "mean": [-8.0131778717, -7.82535028458, -8.73489665985, -8.9908952713, -9.02957725525, -12.7679662704],
        "min": [-19.439874649, -19.0082969666, -18.659822464, -19.0485630035, -17.8418979645, -18.7113189697],
        "stdev": [1.0602492094, 1.18022358418, 1.36955583096, 1.32311344147, 1.33530974388, 0.369703799486]
    }
},
"rhythm": {
    "beats_count": 91,
    "beats_loudness": {
        "max": 0.174963504076,
        "mean": 0.0160212162882,
        "min": 9.97544066195e-06,
        "stdev": 0.0279855076224
    },
    "bpm": 120.347900391,
    "bpm_histogram_first_peak_bpm": 120,
    "bpm_histogram_first_peak_weight": 0.349999964237,
    "bpm_histogram_second_peak_bpm": 148,
    "bpm_histogram_second_peak_spread": 0.478260874748,
    "bpm_histogram_second_peak_weight": 0.133333340287,
    "danceability": 1.00853645802,
    "onset_rate": 2.96747326851,
    "beats_loudness_band_ratio": {
        "max": [0.949214458466, 0.935987234116, 0.868222594261, 0.554050147533, 0.51330691576, 0.0779163315892],
        "mean": [0.247074320912, 0.315616875887, 0.35153773427, 0.0956636443734, 0.0491226576269, 0.0120301116258],
        "min": [0.00118702161126, 0.0137493992224, 0.00864750705659, 0.00115709041711, 0.000452025677077, 0.000104671002191],
        "stdev": [0.276782274246, 0.257575035095, 0.267343223095, 0.121215835214, 0.0836878418922, 0.0161076411605]
    },
