{
"metadata": {
    "version": {
        "essentia": "2.1-beta5",
        "essentia_git_sha": "Undefined",
        "extractor": "music 2.0"
    },
    "audio_properties": {
        "analysis": {
            "equal_loudness": 0,
            "length": 32.4963264465,
            "sample_rate": 44100,
            "start_time": 12.7477550507,
            "downmix": "mix"
        },
        "bit_rate": 192000,
        "length": 162.052078247,
        "lossless": 0,
        "number_channels": 1,
        "replay_gain": -5.88460731506,
        "sample_rate": 48000,
        "codec": "mp3",
        "md5_encoded": "b5acbd60062a8012bde28f1c03cfdd26"
    },
    "tags": {
        "file_name": "Denmark_Stop, Ja Stop - Ja Stop, Mens Legen Er Go_Ulla Pia.mp3",
        "encoding": ["Lavf58.29.100"]
    }
},
"lowlevel": {
    "average_loudness": 0.443645149469,
    "barkbands_crest": {
        "max": 24.9495601654,
        "mean": 10.1496973038,
        "min": 3.00388598442,
        "stdev": 4.66614103317
    },
    "barkbands_flatness_db": {
        "max": 0.445803970098,
        "mean": 0.212146878242,
        "min": 0.0829567834735,
        "stdev": 0.0583383664489
    },
    "barkbands_kurtosis": {
        "max": 83.1259307861,
        "mean": 4.29087781906,
        "min": -1.57923471928,
        "stdev": 8.48783779144
    },
    "barkbands_skewness": {
        "max": 6.69634580612,
        "mean": 1.30210971832,
        "min": -1.58708512783,
        "stdev": 1.29035866261
    },
    "barkbands_spread": {
        "max": 49.2477836609,
        "mean": 16.891954422,
        "min": 1.07050800323,
        "stdev": 9.61353778839
    },
    "dissonance": {
        "max": 0.499926328659,
        "mean": 0.446796774864,
        "min": 0.172357574105,
        "stdev": 0.045360725373
    },
    "dynamic_complexity": 8.91733455658,
    "erbbands_crest": {
        "max": 31.4139480591,
        "mean": 10.8515977859,
        "min": 2.56498456001,
        "stdev": 5.92977237701
    },
    "erbbands_flatness_db": {
        "max": 0.467095553875,
        "mean": 0.25731870532,
        "min": 0.10305968672,
        "stdev": 0.0619971081614
    },
    "erbbands_kurtosis": {
        "max": 38.6079483032,
        "mean": 0.786094844341,
        "min": -1.88071846962,
        "stdev": 3.60541653633
    },
    "erbbands_skewness": {
        "max": 5.3353509903,
        "mean": 0.468052864075,
        "min": -1.60107457638,
        "stdev": 0.847759604454
    },
    "erbbands_spread": {
        "max": 90.8378143311,
        "mean": 30.9040966034,
        "min": 2.32778310776,
        "stdev": 15.5118303299
    },
    "hfc": {
        "max": 109.643562317,
        "mean": 10.8062458038,
        "min": 0.00213228352368,
        "stdev": 16.9105834961
    },
    "loudness_ebu128": {
        "integrated": -23.1996803284,
        "loudness_range": 16.5865421295,
        "momentary": {
            "max": -16.1653842926,
            "mean": -30.2020664215,
            "min": -57.6635742188,
            "stdev": 9.94084739685
        },
        "short_term": {
            "max": -20.6447372437,
            "mean": -26.5437889099,
            "min": -40.7432937622,
            "stdev": 5.67982530594
        }
    },
    "melbands_crest": {
        "max": 31.443731308,
        "mean": 13.2986745834,
        "min": 3.46302294731,
        "stdev": 5.7814874649
    },
    "melbands_flatness_db": {
        "max": 0.470179468393,
        "mean": 0.253964483738,
        "min": 0.112199388444,
        "stdev": 0.0665012598038
    },
    "melbands_kurtosis": {
        "max": 127.870254517,
        "mean": 10.7824516296,
        "min": -1.54495859146,
        "stdev": 16.8511638641
    },
    "melbands_skewness": {
        "max": 8.71353244781,
        "mean": 2.09413075447,
        "min": -1.01413321495,
        "stdev": 1.66991710663
    },
    "melbands_spread": {
        "max": 72.8496627808,
        "mean": 21.8758831024,
        "min": 0.93223708868,
        "stdev": 14.7848567963
    },
    "pitch_salience": {
        "max": 0.852891981602,
        "mean": 0.544492602348,
        "min": 0.122861415148,
        "stdev": 0.11825684458
    },
    "silence_rate_20dB": {
        "max": 1,
        "mean": 1,
        "min": 1,
        "stdev": 0
    },
    "silence_rate_30dB": {
        "max": 1,
        "mean": 0.997858643532,
        "min": 0,
        "stdev": 0.0462243892252
    },
    "silence_rate_60dB": {
        "max": 1,
        "mean": 0.481084942818,
        "min": 0,
        "stdev": 0.499645113945
    },
    "spectral_centroid": {
        "max": 3336.08007812,
        "mean": 1370.65136719,
        "min": 204.562088013,
        "stdev": 664.988464355
    },
    "spectral_complexity": {
        "max": 50,
        "mean": 11.0920772552,
        "min": 0,
        "stdev": 11.8949251175
    },
    "spectral_decrease": {
        "max": -9.5014165806e-13,
        "mean": -2.69428102051e-09,
        "min": -2.92977269112e-08,
        "stdev": 3.79479425661e-09
    },
    "spectral_energy": {
        "max": 0.117871411145,
        "mean": 0.0111489919946,
        "min": 3.77946207664e-06,
        "stdev": 0.015618073754
    },
    "spectral_energyband_high": {
        "max": 0.0095389187336,
        "mean": 0.00031832177774,
        "min": 1.01809568775e-07,
        "stdev": 0.000679746211972
    },
    "spectral_energyband_low": {
        "max": 0.0656416341662,
        "mean": 0.00246970262378,
        "min": 1.00379565993e-06,
        "stdev": 0.00643147341907
    },
    "spectral_energyband_middle_high": {
        "max": 0.0572102926672,
        "mean": 0.0042571076192,
        "min": 2.57170881923e-07,
        "stdev": 0.00703996466473
    },
    "spectral_energyband_middle_low": {
        "max": 0.0817596837878,
        "mean": 0.00503091700375,
        "min": 7.5343092476e-07,
        "stdev": 0.0071436194703
    },
    "spectral_entropy": {
        "max": 8.65474796295,
        "mean": 7.01889228821,
        "min": 5.0088891983,
        "stdev": 0.535074055195
    },
    "spectral_flux": {
        "max": 0.219833672047,
        "mean": 0.0412777401507,
        "min": 0.000882050720975,
        "stdev": 0.0360584817827
    },
    "spectral_kurtosis": {
        "max": 101.249542236,
        "mean": 5.91917657852,
        "min": -1.13137090206,
        "stdev": 8.07658672333
    },
    "spectral_rms": {
        "max": 0.0107236420736,
        "mean": 0.00253771571442,
        "min": 6.07229776506e-05,
        "stdev": 0.00210643652827
    },
    "spectral_rolloff": {
        "max": 4780.37109375,
        "mean": 1389.33203125,
        "min": 129.19921875,
        "stdev": 949.821289062
    },
    "spectral_skewness": {
        "max": 7.8036980629,
        "mean": 1.25322163105,
        "min": -0.161363884807,
        "stdev": 0.851668775082
    },
    "spectral_spread": {
        "max": 28737282,
        "mean": 2778920.25,
        "min": 754609.8125,
        "stdev": 1050700.375
    },
    "spectral_strongpeak": {
        "max": 13.1157636642,
        "mean": 0.932819128036,
        "min": 0,
        "stdev": 1.35245811939
    },
    "zerocrossingrate": {
        "max": 0.11865234375,
        "mean": 0.050967361778,
        "min": 0.00634765625,
        "stdev": 0.0223647430539
    },
    "barkbands": {
        "max": [0.000336459488608, 0.0375680178404, 0.0240428186953, 0.0648354738951, 0.0139237940311, 0.00983077380806, 0.0239574424922, 0.00739128934219, 0.0304189696908, 0.0329568982124, 0.015583156608, 0.018908360973, 0.0116960043088, 0.0062472843565, 0.0252517256886, 0.0062342309393, 0.00739271007478, 0.00760923279449, 0.00392550928518, 0.00627560075372, 0.00596952205524, 0.00180449767504, 2.2697429813e-05, 9.5694929314e-07, 1.16969424369e-07, 5.63803475018e-08, 6.02162728569e-08],
        "mean": [1.33162347993e-05, 0.00130485103, 0.000542962225154, 0.00115061015822, 0.000614286633208, 0.000615669880062, 0.000863221939653, 0.000392994144931, 0.000834772712551, 0.000929010740947, 0.000819864333607, 0.000479687936604, 0.000375506933779, 0.000224482108024, 0.000405815400882, 0.000184589036508, 0.000358463323209, 0.000254440674325, 0.000216104483115, 0.000370303023374, 0.000148923005327, 4.84847951157e-05, 5.31192313247e-07, 9.71942242245e-08, 1.44955256687e-08, 5.35967548121e-10, 5.82764891899e-10],
        "min": [1.35419027103e-08, 1.3089749018e-07, 1.23994567502e-07, 1.67012643715e-08, 1.90056432814e-08, 1.16500400438e-08, 7.86221843185e-09, 1.11889937315e-08, 8.52879633584e-09, 4.82004791635e-09, 4.76164485619e-09, 6.87967105506e-09, 1.07171418406e-08, 6.98903424023e-09, 7.56261986368e-09, 1.30503874374e-08, 1.58706434661e-08, 1.48907632891e-08, 1.13046629835e-08, 1.19714584912e-08, 1.45370560034e-08, 1.59556368118e-08, 1.81050747727e-08, 1.77575802951e-08, 1.17593224047e-09, 5.83017870093e-11, 7.53013207344e-11],
        "stdev": [2.33638984355e-05, 0.00388806103729, 0.00151988631114, 0.00361260422505, 0.00124424207024, 0.00110858387779, 0.00168704462703, 0.000835250946693, 0.00223475904204, 0.00302225002088, 0.00200367649086, 0.00137261673808, 0.00105852994602, 0.000590748502873, 0.00147551344708, 0.000516328960657, 0.000848290510476, 0.000641382473987, 0.000436990056187, 0.000764259835705, 0.000380891375244, 0.00014446026762, 1.68980329818e-06, 8.7782630942e-08, 1.16502150149e-08, 2.40825626108e-09, 2.56702747947e-09]
    },
    "erbbands": {
        "max": [0.438651770353, 10.3155345917, 23.2202167511, 139.965744019, 96.5338058472, 68.4745407104, 52.5287322998, 116.921714783, 263.788513184, 230.731887817, 183.717285156, 792.540649414, 1095.5168457, 1262.39648438, 708.598510742, 631.843688965, 438.934051514, 306.232055664, 265.910064697, 1683.66943359, 342.07824707, 424.718017578, 548.801269531, 179.041915894, 224.789627075, 320.364959717, 433.934844971, 91.55519104, 91.0443496704, 13.3793239594, 0.495731472969, 0.0429061837494, 0.0116516342387, 0.00279437866993, 0.000414234877098, 0.000225310883252, 0.000105164515844, 3.75335694116e-05, 6.58385324641e-05, 0.000139684430906],
        "mean": [0.0156154250726, 0.359890848398, 0.740965604782, 2.4646627903, 2.69496750832, 2.31878781319, 2.41385221481, 5.91847085953, 10.7459850311, 11.7967309952, 10.6359834671, 19.2167167664, 32.8722991943, 29.6872463226, 22.5839443207, 21.5880317688, 16.1240444183, 12.1287651062, 12.3996200562, 21.3996963501, 13.4997081757, 19.1719036102, 17.2506809235, 11.1009178162, 14.4862346649, 15.0868759155, 7.82047557831, 4.41775465012, 2.50196743011, 0.289829701185, 0.0143495826051, 0.00308220298029, 0.00148757488932, 0.00038180698175, 3.52369315806e-05, 1.51578351506e-05, 7.91789352661e-06, 3.0265875921e-06, 6.67665972287e-06, 1.36396465678e-05],
        "min": [4.22106404585e-06, 4.36270092905e-05, 0.000107526306238, 0.000194429158, 9.39689562074e-05, 7.92060236563e-05, 0.000162625743542, 0.000242164940573, 0.000315319164656, 0.000145813944982, 0.000303106062347, 0.000266017304966, 0.000365491287084, 0.000303339533275, 0.000224756920943, 0.000301373802358, 0.00061652623117, 0.000663194863591, 0.000558998435736, 0.000451402273029, 0.000998767092824, 0.00108020717744, 0.000871212221682, 0.00068146904232, 0.000531712372322, 0.000581946806051, 0.000531638623215, 0.000663025246467, 0.000608808826655, 0.000580883293878, 0.000454864522908, 0.000305504305288, 0.000320573395584, 4.90403290314e-05, 2.24137806981e-06, 3.46933973105e-07, 1.41287728184e-07, 4.35080380612e-08, 1.67689311326e-08, 5.85688031407e-09],
        "stdev": [0.0454658530653, 1.06025028229, 1.87994897366, 7.61422157288, 6.62244033813, 5.60712385178, 4.25076007843, 12.106420517, 20.2298946381, 22.2529659271, 21.6600761414, 53.7729606628, 101.474723816, 85.0120162964, 57.7892951965, 58.6603927612, 41.6952629089, 28.7546081543, 28.6286811829, 86.4191894531, 32.8389205933, 44.3934860229, 43.7252197266, 21.8308391571, 28.4376735687, 31.6048412323, 20.4007015228, 10.4416542053, 7.354824543, 0.797713398933, 0.0345717929304, 0.00411064783111, 0.00126634177286, 0.0003039840376, 4.93351690238e-05, 2.43878384936e-05, 1.24510770547e-05, 5.0892363106e-06, 9.47063745116e-06, 1.91296931007e-05]
    },
    "gfcc": {
        "mean": [-179.060211182, 163.607696533, -175.055801392, 42.0563545227, -53.4572792053, -20.6830844879, -8.02597904205, -10.6446752548, -7.05758237839, -16.3263549805, 0.823580443859, -17.1111030579, 3.34459471703],
        "cov": [[15328.5673828, 1673.22827148, -3068.84741211, -158.130752563, 794.266845703, -1687.32446289, 2090.42700195, -836.760437012, -96.6160125732, 432.958496094, -690.655822754, 118.429206848, -148.680862427], [1673.22827148, 762.214355469, 94.9611129761, -128.444732666, 74.9407119751, -244.772216797, 90.2756195068, -142.622436523, -60.4305305481, -103.616241455, -68.4393081665, -71.1154556274, 30.9769973755], [-3068.84741211, 94.9611129761, 1336.51708984, 196.629486084, -136.373550415, 359.464263916, -530.06628418, 40.7348556519, -6.50398159027, -181.953689575, 57.4996109009, -24.8492412567, 28.187664032], [-158.130752563, -128.444732666, 196.629486084, 602.009399414, 139.468673706, 76.8517227173, -55.9617805481, -59.6343078613, 86.8541717529, 25.7082538605, -172.080413818, 35.8827056885, -62.5653076172], [794.266845703, 74.9407119751, -136.373550415, 139.468673706, 292.882629395, -3.94618153572, 119.27897644, 19.9918937683, 23.0036811829, 37.0206108093, -67.2595291138, -40.1426277161, -22.5360050201], [-1687.32446289, -244.772216797, 359.464263916, 76.8517227173, -3.94618153572, 471.223266602, -81.997718811, 58.2340621948, 42.8913345337, 10.1286773682, 42.1093063354, 3.58492612839, -52.355178833], [2090.42700195, 90.2756195068, -530.06628418, -55.9617805481, 119.27897644, -81.997718811, 556.986755371, -27.9088230133, -21.3920249939, 132.568252563, -52.8368453979, 15.724527359, -41.4731826782], [-836.760437012, -142.622436523, 40.7348556519, -59.6343078613, 19.9918937683, 58.2340621948, -27.9088230133, 240.202484131, 29.5544834137, -13.9071302414, 91.1533737183, -47.0652618408, 37.2829437256], [-96.6160125732, -60.4305305481, -6.50398159027, 86.8541717529, 23.0036811829, 42.8913345337, -21.3920249939, 29.5544834137, 143.409606934, 63.4294967651, -16.4136753082, 19.8739051819, -54.1380462646], [432.958496094, -103.616241455, -181.953689575, 25.7082538605, 37.0206108093, 10.1286773682, 132.568252563, -13.9071302414, 63.4294967651, 146.976211548, 17.0124225616, 30.2924633026, -48.7029647827], [-690.655822754, -68.4393081665, 57.4996109009, -172.080413818, -67.2595291138, 42.1093063354, -52.8368453979, 91.1533737183, -16.4136753082, 17.0124225616, 171.929870605, 16.747718811, 30.9649925232], [118.429206848, -71.1154556274, -24.8492412567, 35.8827056885, -40.1426277161, 3.58492612839, 15.724527359, -47.0652618408, 19.8739051819, 30.2924633026, 16.747718811, 122.783149719, 7.99647521973], [-148.680862427, 30.9769973755, 28.187664032, -62.5653076172, -22.5360050201, -52.355178833, -41.4731826782, 37.2829437256, -54.1380462646, -48.7029647827, 30.9649925232, 7.99647521973, 130.648498535]],
        "icov": [[0.00218556262553, -0.00271303788759, 0.00165251072031, 0.001045742305, -0.00273232697509, 0.00382066285238, -0.00375298806466, 0.00221978942864, 0.000328928465024, -0.00200296379626, 0.00423206808046, -0.00353273609653, 0.00111250975169], [-0.00271303788759, 0.00917257834226, -0.00473790010437, 0.000565299938899, 0.000372915354092, -0.00108433479909, 0.000430139683885, 0.00388608826324, -0.00644563790411, 0.00949699804187, -0.00845865160227, 0.00844001397491, -0.00295449141413], [0.00165251072031, -0.00473790010437, 0.00437892321497, -0.00105168833397, -0.000175840206794, 5.72351600567e-05, -4.15181930293e-05, -0.000720332667697, 0.00277907308191, -0.00299037736841, 0.00322028808296, -0.0037066009827, 0.00124101527035], [0.001045742305, 0.000565299938899, -0.00105168833397, 0.00521285319701, -0.00380573072471, 0.00308365910314, -0.00204740208574, 0.00154299929272, -0.000966837455053, -0.00148378044832, 0.00650643603876, -0.00332660647109, 0.000976060691755], [-0.00273232697509, 0.000372915354092, -0.000175840206794, -0.00380573072471, 0.0101132821292, -0.00693458225578, 0.00600703898817, -0.00669873273, 0.0024899628479, -0.00136833719444, -0.00339000788517, 0.00457193236798, -0.00115304556675], [0.00382066285238, -0.00108433479909, 5.72351600567e-05, 0.00308365910314, -0.00693458225578, 0.0122278975323, -0.0094785625115, 0.0070659336634, -0.00303200609051, 5.58611573069e-05, 0.00528735574335, -0.00431317416951, 0.00252339383587], [-0.00375298806466, 0.000430139683885, -4.15181930293e-05, -0.00204740208574, 0.00600703898817, -0.0094785625115, 0.0139191681519, -0.0104456357658, 0.0074228500016, -0.00592556595802, -0.00136000849307, 0.00133292889223, 0.000400395161705], [0.00221978942864, 0.00388608826324, -0.000720332667697, 0.00154299929272, -0.00669873273, 0.0070659336634, -0.0104456357658, 0.0195396132767, -0.012881109491, 0.0111334789544, -0.00784842390567, 0.00664284266531, -0.00445046508685], [0.000328928465024, -0.00644563790411, 0.00277907308191, -0.000966837455053, 0.0024899628479, -0.00303200609051, 0.0074228500016, -0.012881109491, 0.022109804675, -0.0167907364666, 0.0111436890438, -0.00959909055382, 0.00693564023823], [-0.00200296379626, 0.00949699804187, -0.00299037736841, -0.00148378044832, -0.00136833719444, 5.58611573069e-05, -0.00592556595802, 0.0111334789544, -0.0167907364666, 0.0292376261204, -0.0180839337409, 0.00995617453009, -0.00225023203529], [0.00423206808046, -0.00845865160227, 0.00322028808296, 0.00650643603876, -0.00339000788517, 0.00528735574335, -0.00136000849307, -0.00784842390567, 0.0111436890438, -0.0180839337409, 0.0296225622296, -0.0159984715283, 0.00441959127784], [-0.00353273609653, 0.00844001397491, -0.0037066009827, -0.00332660647109, 0.00457193236798, -0.00431317416951, 0.00133292889223, 0.00664284266531, -0.00959909055382, 0.00995617453009, -0.0159984715283, 0.0223988611251, -0.00707252137363], [0.00111250975169, -0.00295449141413, 0.00124101527035, 0.000976060691755, -0.00115304556675, 0.00252339383587, 0.000400395161705, -0.00445046508685, 0.00693564023823, -0.00225023203529, 0.00441959127784, -0.00707252137363, 0.0134503487498]]
    },
    "melbands": {
        "max": [0.00751592358574, 0.0100170047954, 0.022272080183, 0.00469332234934, 0.00164555513766, 0.00226555624977, 0.00451776338741, 0.00199113017879, 0.00210434594192, 0.00553594296798, 0.00570680154487, 0.00541938468814, 0.00204747635871, 0.00282942666672, 0.00269103655592, 0.00109341018833, 0.000695048947819, 0.000418658164563, 0.00217196182348, 0.00127775862347, 0.000419540971052, 0.000451236468507, 0.00037479333696, 0.00033470231574, 0.000166552083101, 0.000262304121861, 0.00040871166857, 0.000181643757969, 0.000310975970933, 0.000184284712304, 4.55961453554e-05, 7.154384366e-05, 1.54677363753e-05, 3.59829732588e-06, 1.08528340093e-07, 2.74766875918e-08, 1.79624599639e-08, 6.97111124381e-09, 4.67869387677e-09, 1.24864674156e-09],
        "mean": [0.000266944785835, 0.000455548346508, 0.000432666798588, 0.000167362304637, 8.68104907568e-05, 0.000134785528644, 0.000172932675923, 0.000119867865578, 9.4252427516e-05, 0.000124726371723, 0.000161544376169, 0.000113111600513, 8.39811837068e-05, 5.42796115042e-05, 6.06487956247e-05, 2.65489507001e-05, 2.25312123803e-05, 1.65390883922e-05, 3.59847545042e-05, 1.86231955013e-05, 1.61022981047e-05, 2.15062027564e-05, 1.575497663e-05, 1.16584105854e-05, 8.85970712261e-06, 7.48722186472e-06, 1.55609595822e-05, 8.41691235109e-06, 5.08511902808e-06, 4.13630004914e-06, 1.87164425824e-06, 1.74134140707e-06, 3.74735776631e-07, 5.54650974038e-08, 1.94419125243e-09, 1.48400258748e-09, 1.39330957882e-09, 1.02988528816e-09, 6.63096466624e-10, 1.35042158012e-10],
        "min": [6.09668262541e-08, 9.90671225054e-08, 3.84496701145e-08, 7.18752790618e-09, 5.0848947275e-09, 3.90887944235e-09, 3.91733623317e-09, 1.17055742876e-09, 2.0057777661e-09, 1.3555904177e-09, 8.26709922741e-10, 1.19328913417e-09, 6.73546496355e-10, 5.92618398798e-10, 7.78289765968e-10, 5.83822268307e-10, 1.21871324144e-09, 7.42986672186e-10, 5.78629588688e-10, 7.25786264422e-10, 1.05563924269e-09, 7.53391404817e-10, 7.93537846544e-10, 7.34858840445e-10, 3.88952509089e-10, 2.94017005187e-10, 2.38243730299e-10, 3.33426619648e-10, 3.26050297872e-10, 3.06376701786e-10, 9.49519629589e-11, 3.35074412661e-10, 2.87440293789e-10, 2.55788057402e-10, 4.49475838493e-11, 1.72022521228e-10, 1.80489970192e-10, 1.97966504301e-10, 8.2421271197e-11, 9.24386348716e-12],
        "stdev": [0.000793531478848, 0.00116320792586, 0.00124728819355, 0.000351750059053, 0.000154468769324, 0.000253626145422, 0.000326753652189, 0.000224987845286, 0.000209392193938, 0.000369546440197, 0.000511808437295, 0.000343160441844, 0.000197273198864, 0.000166976053151, 0.000205973439733, 7.6380383689e-05, 5.9692079958e-05, 4.15022659581e-05, 0.000131173816044, 6.7832050263e-05, 4.25450598414e-05, 5.13826453243e-05, 3.5423625377e-05, 2.98031191051e-05, 1.8436987375e-05, 1.86676788871e-05, 3.60317098966e-05, 1.82362673513e-05, 1.37571187224e-05, 1.20911754493e-05, 4.74592206956e-06, 5.61578326597e-06, 1.00324757568e-06, 1.79797652322e-07, 4.51621451347e-09, 1.72670999721e-09, 1.4631601486e-09, 8.06750666271e-10, 4.5080825184e-10, 1.12562535681e-10]
    },
    "melbands128": {
        "max": [0.000151189960889, 0.000940715137403, 0.0115144979209, 0.0206510405988, 0.0127320252359, 0.0118856430054, 0.0318791382015, 0.0286825038493, 0.00620999746025, 0.00298261339776, 0.00501803820953, 0.00223372480832, 0.00245112553239, 0.00248161051422, 0.00454439688474, 0.00371512933634, 0.00439895689487, 0.0059639532119, 0.0067372857593, 0.00200944952667, 0.00270014884882, 0.00147741183173, 0.00258341967128, 0.00501731736585, 0.00618245266378, 0.0122377919033, 0.00624599866569, 0.0104738445953, 0.00704165315256, 0.00912165734917, 0.00570392748341, 0.00383389275521, 0.00204468332231, 0.00462188525125, 0.00469960458577, 0.00331387203187, 0.00393544696271, 0.00533488066867, 0.00230926438235, 0.000642662576865, 0.00216597411782, 0.000254611659329, 0.000686152430717, 0.00158928858582, 0.000806682161056, 0.000581743835937, 0.000551167060621, 0.00239998614416, 0.00575343286619, 0.00405704183504, 0.00114764284808, 0.000735042034648, 0.000859410618432, 0.000540544453543, 0.00126946473029, 0.000687005755026, 0.000944888917729, 0.000354576506652, 0.000513221661095, 0.00134648941457, 0.00049930694513, 0.000358824967407, 0.000302055181237, 0.000187135767192, 0.000465537159471, 0.000522903806996, 0.000214933374082, 0.000324229855323, 0.000867120339535, 0.00074687943561, 0.000231392652495, 0.0004373860138, 0.000283474597381, 0.000392172456486, 0.000440218631411, 0.000418651528889, 8.89984585228e-05, 0.000156720299856, 6.38421915937e-05, 3.49885704054e-05, 0.000107920808659, 0.000105222963612, 1.69681170519e-05, 1.23917716337e-05, 1.91390299733e-05, 3.74045271201e-06, 1.2072696336e-06, 1.40440207019e-07, 6.7312114993e-08, 3.89659575717e-08, 3.37482362056e-08, 3.48727411392e-08, 3.87953562608e-08, 2.67387392228e-08, 2.15519548874e-08, 1.12134754815e-08, 9.32727939329e-09, 8.19377987682e-09, 7.60270335576e-09, 4.88550977451e-09, 3.39883388101e-09, 1.45192058376e-09, 5.51057421916e-10, 4.82175466221e-10, 4.64936311673e-10, 4.39517700013e-10, 4.18041767869e-10, 4.00534772016e-10, 3.86352672077e-10, 3.72990194286e-10, 3.55598855917e-10, 3.44423239929e-10, 3.32846944451e-10, 3.2014485507e-10, 3.08777836633e-10, 3.00000579934e-10, 2.92688095982e-10, 2.81467321672e-10, 2.72977002114e-10, 2.6642216211e-10, 2.5961630068e-10, 2.54696874702e-10, 2.47605047576e-10, 2.45993114767e-10, 2.41663522527e-10, 2.38851438628e-10, 2.36642927476e-10, 2.35366448553e-10],
        "mean": [8.32849036669e-06, 3.06114561681e-05, 0.000382209487725, 0.000702411984093, 0.000435787893366, 0.000265991548076, 0.000519965717103, 0.000553189136554, 0.000222378250328, 0.000139882657095, 0.000138584597153, 7.40034520277e-05, 7.10804670234e-05, 9.8974458524e-05, 0.000129251973704, 0.000151906453539, 0.000177520560101, 0.00015074890689, 0.000224797113333, 0.000110273169412, 9.51140464167e-05, 6.29088171991e-05, 9.08494621399e-05, 0.000137267634273, 9.9955497717e-05, 0.000147725397255, 0.000111355504487, 0.000247800169745, 0.000102159297967, 6.43966850475e-05, 0.000150245192344, 0.000151169340825, 3.91715293517e-05, 8.90158771654e-05, 4.71842868137e-05, 4.733701644e-05, 5.12415026606e-05, 9.17159632081e-05, 4.0711103793e-05, 1.76008870767e-05, 4.10758621001e-05, 8.5282508735e-06, 1.73576554516e-05, 3.95136667066e-05, 1.31189290187e-05, 1.41819127748e-05, 1.2470602087e-05, 4.17767805629e-05, 4.80267335661e-05, 1.95146294573e-05, 1.66365880432e-05, 1.51677995746e-05, 1.00563056549e-05, 1.55861725943e-05, 3.19847058563e-05, 1.63764962053e-05, 2.41430352617e-05, 7.99384270067e-06, 1.41600839925e-05, 2.8025249776e-05, 6.66191544951e-06, 4.58650129076e-06, 1.16532110042e-05, 8.90070987225e-06, 6.76099443808e-06, 6.88711315888e-06, 7.80895788921e-06, 1.27784478536e-05, 2.13145631278e-05, 1.28358624352e-05, 5.93802951698e-06, 9.34010677156e-06, 5.5337750382e-06, 4.19022535425e-06, 3.3695005186e-06, 6.69402606945e-06, 2.1928381102e-06, 3.19957439388e-06, 1.71836609297e-06, 8.3723921307e-07, 2.02664045901e-06, 2.2434658149e-06, 6.0072073893e-07, 2.06859184004e-07, 1.54021591925e-07, 8.74807213336e-08, 1.37827811386e-08, 1.87845583532e-09, 1.65067814972e-09, 1.32265565167e-09, 1.39845279801e-09, 1.56634627491e-09, 1.59672486344e-09, 1.4192619302e-09, 1.28296129276e-09, 1.11031406291e-09, 1.01817798637e-09, 8.38998814867e-10, 7.10434155948e-10, 6.06480921039e-10, 2.78870038173e-10, 1.21335389652e-11, 6.42779839771e-12, 4.50992021506e-12, 4.23863721899e-12, 4.0451977705e-12, 3.89364061826e-12, 3.75055542179e-12, 3.61267374523e-12, 3.48633621972e-12, 3.39007424563e-12, 3.29171499086e-12, 3.17891676524e-12, 3.06869698923e-12, 2.96924138922e-12, 2.90071048778e-12, 2.82787725528e-12, 2.75194689085e-12, 2.6937182953e-12, 2.62628287173e-12, 2.54504035034e-12, 2.50828090936e-12, 2.4722760731e-12, 2.42310576985e-12, 2.27552980799e-12, 2.03971193234e-12, 1.90964214927e-12, 1.88366835151e-12],
        "min": [2.97338820232e-09, 1.38108413594e-08, 2.82623648928e-08, 2.31314842836e-08, 2.56651624397e-08, 5.24790628731e-08, 2.49694203092e-08, 7.01117164326e-09, 4.05795708147e-09, 8.20666534729e-10, 9.69663016548e-10, 1.11393372304e-09, 2.45375664232e-10, 2.24248486447e-09, 5.107716472e-10, 6.97782498449e-10, 2.47029119382e-10, 9.20342968502e-10, 8.76877126466e-10, 1.00004804438e-09, 3.33240185446e-10, 6.99360513945e-10, 5.52553891531e-10, 7.34177663109e-10, 3.68222646818e-10, 1.54591783819e-10, 4.39540515096e-10, 3.70130398553e-10, 4.03303668239e-10, 3.80116965681e-10, 3.38795880239e-10, 5.85522741403e-10, 3.4349703637e-10, 1.16388461369e-10, 2.03572741997e-10, 3.1959707103e-10, 4.79260936492e-11, 1.39499356511e-10, 2.64962024543e-10, 2.92266266744e-10, 1.28770938357e-10, 5.35221644782e-10, 7.72244990177e-10, 2.52872722761e-10, 1.52788171004e-10, 1.66932301315e-10, 1.92511326325e-10, 2.33875974143e-10, 3.26327936895e-10, 2.34601921223e-10, 1.22058974039e-10, 6.5653316117e-10, 4.46296360979e-10, 2.76902667462e-10, 2.99643559964e-10, 4.87727414011e-10, 1.57693441638e-10, 1.87762333459e-10, 3.81369269498e-10, 2.13629572365e-10, 1.25819049623e-10, 5.09356723466e-11, 1.41191641712e-10, 1.754282275e-10, 1.75748485209e-10, 1.36175737353e-10, 1.47385451066e-10, 1.79164197367e-10, 1.43693251742e-10, 1.40721365116e-10, 1.06846059778e-10, 1.34613931113e-10, 2.37676878179e-10, 2.58399884823e-10, 1.00987690432e-10, 1.92136292987e-10, 8.03729652277e-11, 2.26789975688e-11, 5.14146971525e-12, 1.57861692468e-11, 6.0243261768e-11, 1.19926860109e-10, 1.53316262463e-10, 3.21069559828e-11, 4.32865583655e-11, 1.04035356718e-10, 4.53480135387e-11, 2.13484386419e-11, 3.67411396446e-12, 1.8169003628e-12, 1.30558524061e-11, 8.59281673593e-11, 9.27499119174e-11, 8.61276883146e-11, 6.00577504395e-11, 4.04780792218e-11, 7.46830028375e-11, 7.53741236093e-11, 6.29922849993e-11, 3.98454429174e-11, 3.58449749917e-12, 2.73771321368e-13, 2.13716983563e-13, 1.58892471121e-13, 1.4187171674e-13, 1.73273925048e-13, 1.71054915566e-13, 1.86869034244e-13, 1.99028727527e-13, 2.24872339716e-13, 1.75298116951e-13, 1.8102811188e-13, 1.99844291506e-13, 1.80975067289e-13, 1.52185921742e-13, 2.13767087256e-13, 2.01190626659e-13, 2.33319548577e-13, 1.94850171696e-13, 2.03398292675e-13, 2.27445585152e-13, 1.97032873957e-13, 2.16656702886e-13, 2.23865102345e-13, 1.60043270411e-13, 6.22053407048e-14, 8.15425404608e-15, 2.12870099906e-16],
        "stdev": [1.44720861499e-05, 8.10856872704e-05, 0.00117320823483, 0.00209707929753, 0.00116766686551, 0.000774417072535, 0.00171196600422, 0.00169964763336, 0.00056294206297, 0.000310740317218, 0.000401435943786, 0.000182219169801, 0.000154789173394, 0.000210471727769, 0.000393907685066, 0.000310490169795, 0.000384596874937, 0.000371490779798, 0.000527141091879, 0.000222023794777, 0.000255346443737, 0.00014766275126, 0.000233429018408, 0.000403833168093, 0.000348859961377, 0.000673427246511, 0.000415661692386, 0.000936443568207, 0.000403073354391, 0.000453900895081, 0.00050776702119, 0.00044201061246, 0.000144841513247, 0.00036101002479, 0.000229093508096, 0.000208886878681, 0.000210011261515, 0.000380251905881, 0.000159082235768, 5.09766650794e-05, 0.000147768281749, 2.27506025112e-05, 5.37923297088e-05, 0.000128790721647, 5.23577691638e-05, 5.14313578606e-05, 3.93851914851e-05, 0.000166741752764, 0.000242350099143, 0.000163781063748, 6.0935424699e-05, 5.17563421454e-05, 5.02238508489e-05, 4.72941974294e-05, 0.000113267393317, 4.61366907984e-05, 7.95982414274e-05, 2.57171650446e-05, 4.02441401093e-05, 9.17146680877e-05, 2.43594640779e-05, 1.43463248605e-05, 2.93966913887e-05, 2.05662472581e-05, 2.59003300016e-05, 2.56813018495e-05, 2.00985668926e-05, 3.31694827764e-05, 5.78624203627e-05, 4.48838545708e-05, 1.68772439793e-05, 2.71866720141e-05, 1.65620513144e-05, 1.55188281497e-05, 1.59976480063e-05, 2.45849405474e-05, 6.38689016341e-06, 1.0892091268e-05, 5.08349239681e-06, 2.6770273962e-06, 7.44176259104e-06, 7.67167875892e-06, 1.69277359419e-06, 6.35067578969e-07, 6.72862540796e-07, 2.6678821996e-07, 5.93009872318e-08, 5.62804824966e-09, 4.02582589487e-09, 1.97601068841e-09, 1.99909266918e-09, 2.34477126604e-09, 2.30956542779e-09, 1.70559599777e-09, 1.49734458166e-09, 1.10827713673e-09, 9.55155399218e-10, 7.24738935531e-10, 6.04284844385e-10, 5.30350319217e-10, 2.6854887758e-10, 5.83640358265e-11, 2.71166682858e-11, 2.05423750926e-11, 1.97867503632e-11, 1.87849510253e-11, 1.79112783633e-11, 1.71672693422e-11, 1.65098403698e-11, 1.58931236227e-11, 1.51876965865e-11, 1.47032993419e-11, 1.42024144181e-11, 1.36809279183e-11, 1.31805235129e-11, 1.27934347144e-11, 1.24529796197e-11, 1.19959302908e-11, 1.16193955499e-11, 1.13545249592e-11, 1.1068123848e-11, 1.08596690668e-11, 1.05726321795e-11, 1.0479535642e-11, 1.03119899772e-11, 1.01891195134e-11, 1.01005098382e-11, 1.00477039883e-11]
    },
    "mfcc": {
        "mean": [-802.625915527, 171.694625854, -48.4695587158, 51.0689353943, -18.2172470093, -3.62381529808, 1.4735866785, -0.760725617409, 1.85123538971, 0.298582404852, -6.72216415405, -0.35986623168, 2.07147979736],
        "cov": [[15980.4716797, 2276.09472656, -4223.59912109, 1918.90319824, -2306.55908203, 606.859375, 236.460372925, -390.838043213, 664.279663086, -388.89855957, 494.142547607, -276.272705078, -159.665206909], [2276.09472656, 1042.12719727, -230.270629883, 109.401046753, -228.306808472, -99.1879272461, 17.9547901154, -72.5961761475, -35.4963912964, -30.110326767, -97.7789611816, -178.988754272, -69.4402694702], [-4223.59912109, -230.270629883, 1678.93981934, -397.463378906, 647.858642578, -45.6221961975, -156.532836914, 91.5916213989, -175.279464722, -9.69930458069, -163.597763062, -5.65410232544, -27.2774219513], [1918.90319824, 109.401046753, -397.463378906, 622.143005371, -145.426940918, 146.881652832, -15.6727247238, -39.3503990173, 174.887908936, -83.9556350708, 83.4797592163, 4.12507486343, -39.6458053589], [-2306.55908203, -228.306808472, 647.858642578, -145.426940918, 613.448181152, -103.750900269, -70.847038269, 78.2507705688, -85.9573287964, 105.05393219, -111.865020752, 3.88647985458, -12.4071273804], [606.859375, -99.1879272461, -45.6221961975, 146.881652832, -103.750900269, 494.769866943, 5.14788532257, -14.2868833542, 142.391601562, -127.13760376, 240.196624756, 40.3873672485, -67.9222793579], [236.460372925, 17.9547901154, -156.532836914, -15.6727247238, -70.847038269, 5.14788532257, 258.187042236, 55.3740463257, -2.54061555862, 109.129051208, -36.1292686462, -8.39384078979, 44.7166862488], [-390.838043213, -72.5961761475, 91.5916213989, -39.3503990173, 78.2507705688, -14.2868833542, 55.3740463257, 113.61592865, 24.5849552155, 34.7167663574, -13.3038549423, 8.63031005859, 20.393743515], [664.279663086, -35.4963912964, -175.279464722, 174.887908936, -85.9573287964, 142.391601562, -2.54061555862, 24.5849552155, 177.338195801, -15.8416156769, 91.4697494507, 27.4946060181, -25.0259685516], [-388.89855957, -30.110326767, -9.69930458069, -83.9556350708, 105.05393219, -127.13760376, 109.129051208, 34.7167663574, -15.8416156769, 221.844467163, -56.7630729675, -37.7557067871, 36.6466331482], [494.142547607, -97.7789611816, -163.597763062, 83.4797592163, -111.865020752, 240.196624756, -36.1292686462, -13.3038549423, 91.4697494507, -56.7630729675, 289.28604126, 103.524528503, -28.7643909454], [-276.272705078, -178.988754272, -5.65410232544, 4.12507486343, 3.88647985458, 40.3873672485, -8.39384078979, 8.63031005859, 27.4946060181, -37.7557067871, 103.524528503, 200.400985718, 53.4095306396], [-159.665206909, -69.4402694702, -27.2774219513, -39.6458053589, -12.4071273804, -67.9222793579, 44.7166862488, 20.393743515, -25.0259685516, 36.6466331482, -28.7643909454, 53.4095306396, 138.215118408]],
        "icov": [[0.00386072159745, -0.00580923585221, 0.00622032908723, -0.00558056216687, 0.00514642056078, -0.0042347824201, 0.00321374647319, -0.00270552234724, 0.00134639872704, -0.00129496469162, 0.00154404598288, 0.000280298379948, -0.00029132491909], [-0.00580923585221, 0.0101197930053, -0.00942926015705, 0.0081484420225, -0.00726979644969, 0.00688943779096, -0.00516592292115, 0.00450180098414, -0.0018444955349, 0.00229846476577, -0.00241176714189, 0.00063025689451, 0.00090114120394], [0.00622032908723, -0.00942926015705, 0.0114165386185, -0.00847236160189, 0.00721890013665, -0.00768373953179, 0.00597926601768, -0.00523551739752, 0.00295110186562, -0.00187553639989, 0.0033939788118, 0.000109031854663, -0.000322858220898], [-0.00558056216687, 0.0081484420225, -0.00847236160189, 0.0110401045531, -0.00859016086906, 0.00666824029759, -0.00572954164818, 0.00588874239475, -0.0055088554509, 0.00392023054883, -0.00259544979781, 0.000298393308185, -5.98181795795e-05], [0.00514642056078, -0.00726979644969, 0.00721890013665, -0.00859016086906, 0.0119434352964, -0.00737369479612, 0.00775176100433, -0.00746196648106, 0.00532093737274, -0.00646835612133, 0.00455429079011, -0.00185518455692, 0.00163815496489], [-0.0042347824201, 0.00688943779096, -0.00768373953179, 0.00666824029759, -0.00737369479612, 0.0122940763831, -0.00894403737038, 0.00742092402652, -0.00728704268113, 0.00753983994946, -0.0080639757216, 0.00358145567589, -0.000236729145399], [0.00321374647319, -0.00516592292115, 0.00597926601768, -0.00572954164818, 0.00775176100433, -0.00894403737038, 0.0138063151389, -0.0099936099723, 0.00737937400118, -0.00948705803603, 0.00665289536119, -0.00363306887448, 0.000602039624937], [-0.00270552234724, 0.00450180098414, -0.00523551739752, 0.00588874239475, -0.00746196648106, 0.00742092402652, -0.0099936099723, 0.0194356404245, -0.0101580284536, 0.00656889146194, -0.00486569432542, 0.00328781991266, -0.00272937398404], [0.00134639872704, -0.0018444955349, 0.00295110186562, -0.0055088554509, 0.00532093737274, -0.00728704268113, 0.00737937400118, -0.0101580284536, 0.0169395711273, -0.00758983986452, 0.00379148009233, -0.00401007803157, 0.00305710034445], [-0.00129496469162, 0.00229846476577, -0.00187553639989, 0.00392023054883, -0.00646835612133, 0.00753983994946, -0.00948705803603, 0.00656889146194, -0.00758983986452, 0.0143666509539, -0.00595740834251, 0.00567943649366, -0.00298005552031], [0.00154404598288, -0.00241176714189, 0.0033939788118, -0.00259544979781, 0.00455429079011, -0.0080639757216, 0.00665289536119, -0.00486569432542, 0.00379148009233, -0.00595740834251, 0.0119210928679, -0.00637702038512, 0.00272006704472], [0.000280298379948, 0.00063025689451, 0.000109031854663, 0.000298393308185, -0.00185518455692, 0.00358145567589, -0.00363306887448, 0.00328781991266, -0.00401007803157, 0.00567943649366, -0.00637702038512, 0.0111612938344, -0.00484074885026], [-0.00029132491909, 0.00090114120394, -0.000322858220898, -5.98181795795e-05, 0.00163815496489, -0.000236729145399, 0.000602039624937, -0.00272937398404, 0.00305710034445, -0.00298005552031, 0.00272006704472, -0.00484074885026, 0.011289418675]]
    },
    "spectral_contrast_coeffs": {
        "max": [-0.500691711903, -0.423456430435, -0.391646742821, -0.512657225132, -0.588707447052, -0.41329151392],
        "mean": [-0.735322892666, -0.749459207058, -0.721528112888, -0.768487870693, -0.760050535202, -0.687654137611],
        "min": [-0.929034233093, -0.929060339928, -0.928063213825, -0.918832063675, -0.907723605633, -0.958449840546],
        "stdev": [0.0784158930182, 0.0874250233173, 0.105829544365, 0.070962741971, 0.0701046362519, 0.121612675488]
    },
    "spectral_contrast_valleys": {
        "max": [-5.32881498337, -4.98558568954, -5.78056812286, -6.219186306, -6.03916358948, -11.3577289581],
        "mean": [-8.08996200562, -7.80494737625, -8.78336715698, -9.16126060486, -8.96670913696, -13.6870918274],
        "min": [-11.0477638245, -11.6009702682, -12.1130514145, -11.9046993256, -11.7822341919, -14.617354393],
        "stdev": [1.21843898296, 1.44205749035, 1.48443865776, 1.4105989933, 1.48834359646, 0.365233808756]
    }
},
"rhythm": {
    "beats_count": 73,
    "beats_loudness": {
        "max": 0.106599986553,
        "mean": 0.0162443891168,
        "min": 1.06759425762e-05,
        "stdev": 0.0194759182632
    },
    "bpm": 153.624755859,
    "bpm_histogram_first_peak_bpm": 152,
    "bpm_histogram_first_peak_weight": 0,
    "bpm_histogram_second_peak_bpm": 161,
    "bpm_histogram_second_peak_spread": 0.375,
    "bpm_histogram_second_peak_weight": 0.138888895512,
    "danceability": 0.88980525732,
    "onset_rate": 1.96874988079,
    "beats_loudness_band_ratio": {
        "max": [0.955977976322, 0.805323421955, 0.919007360935, 0.902034044266, 0.579596817493, 0.225000739098],
        "mean": [0.278252005577, 0.205593079329, 0.235138639808, 0.188799828291, 0.104627795517, 0.0534879006445],
        "min": [0.00189798616339, 0.000225685202167, 0.0120403422043, 0.00600729417056, 0.000767163699493, 0.000189914528164],
        "stdev": [0.27436080575, 0.210608795285, 0.193651795387, 0.199363604188, 0.102266192436, 0.0559198074043]
    },
