{
"metadata": {
    "version": {
        "essentia": "2.1-beta5",
        "essentia_git_sha": "Undefined",
        "extractor": "music 2.0"
    },
    "audio_properties": {
        "analysis": {
            "equal_loudness": 0,
            "length": 48.7502937317,
            "sample_rate": 44100,
            "start_time": 94.0059890747,
            "downmix": "mix"
        },
        "bit_rate": 192000,
        "length": 193.027481079,
        "lossless": 0,
        "number_channels": 2,
        "replay_gain": 0.592664718628,
        "sample_rate": 44100,
        "codec": "mp3",
        "md5_encoded": "8e952d1108c216abd03052f8730e0045"
    },
    "tags": {
        "file_name": "Portugal_Ele E Ela_Madalena Iglesias.mp3",
        "encoding": ["Lavf58.29.100"]
    }
},
"lowlevel": {
    "average_loudness": 0.944755554199,
    "barkbands_crest": {
        "max": 25.8843955994,
        "mean": 10.0117139816,
        "min": 2.19689393044,
        "stdev": 5.06175327301
    },
    "barkbands_flatness_db": {
        "max": 0.292943835258,
        "mean": 0.138314172626,
        "min": 0.0429914779961,
        "stdev": 0.0468055158854
    },
    "barkbands_kurtosis": {
        "max": 58.0062408447,
        "mean": 1.55471456051,
        "min": -1.77719295025,
        "stdev": 4.28500890732
    },
    "barkbands_skewness": {
        "max": 7.30110025406,
        "mean": 0.852750897408,
        "min": -1.79857444763,
        "stdev": 0.905302107334
    },
    "barkbands_spread": {
        "max": 91.6768493652,
        "mean": 23.5927200317,
        "min": 2.21301245689,
        "stdev": 12.9587535858
    },
    "dissonance": {
        "max": 0.499917298555,
        "mean": 0.45974072814,
        "min": 0.249675810337,
        "stdev": 0.0312589965761
    },
    "dynamic_complexity": 2.60422468185,
    "erbbands_crest": {
        "max": 29.6343593597,
        "mean": 10.9466123581,
        "min": 2.35894846916,
        "stdev": 5.63462781906
    },
    "erbbands_flatness_db": {
        "max": 0.325546443462,
        "mean": 0.193523332477,
        "min": 0.0893219038844,
        "stdev": 0.0475277863443
    },
    "erbbands_kurtosis": {
        "max": 17.4306163788,
        "mean": 0.46007040143,
        "min": -1.76356720924,
        "stdev": 2.19487690926
    },
    "erbbands_skewness": {
        "max": 3.60253429413,
        "mean": 0.385072946548,
        "min": -3.81446385384,
        "stdev": 0.844012141228
    },
    "erbbands_spread": {
        "max": 85.3906478882,
        "mean": 32.8690109253,
        "min": 4.49422550201,
        "stdev": 15.5461091995
    },
    "hfc": {
        "max": 115.200622559,
        "mean": 23.0438976288,
        "min": 0.108736090362,
        "stdev": 15.6678342819
    },
    "loudness_ebu128": {
        "integrated": -25.122543335,
        "loudness_range": 2.52575111389,
        "momentary": {
            "max": -20.8186740875,
            "mean": -25.5095176697,
            "min": -31.4186534882,
            "stdev": 1.8558357954
        },
        "short_term": {
            "max": -23.4314174652,
            "mean": -25.2262992859,
            "min": -27.2859840393,
            "stdev": 0.886681616306
        }
    },
    "melbands_crest": {
        "max": 31.2536735535,
        "mean": 12.9316062927,
        "min": 3.44784331322,
        "stdev": 5.88772344589
    },
    "melbands_flatness_db": {
        "max": 0.346109002829,
        "mean": 0.154972374439,
        "min": 0.0283402130008,
        "stdev": 0.0549281984568
    },
    "melbands_kurtosis": {
        "max": 113.163398743,
        "mean": 5.78541898727,
        "min": -1.72284185886,
        "stdev": 9.99822330475
    },
    "melbands_skewness": {
        "max": 9.15188503265,
        "mean": 1.58498167992,
        "min": -0.974931538105,
        "stdev": 1.23472118378
    },
    "melbands_spread": {
        "max": 228.772155762,
        "mean": 32.3847579956,
        "min": 1.91666960716,
        "stdev": 22.1311168671
    },
    "pitch_salience": {
        "max": 0.841255426407,
        "mean": 0.579388022423,
        "min": 0.127126887441,
        "stdev": 0.11121968925
    },
    "silence_rate_20dB": {
        "max": 1,
        "mean": 1,
        "min": 1,
        "stdev": 0
    },
    "silence_rate_30dB": {
        "max": 1,
        "mean": 1,
        "min": 1,
        "stdev": 0
    },
    "silence_rate_60dB": {
        "max": 1,
        "mean": 0.019514515996,
        "min": 0,
        "stdev": 0.138325631618
    },
    "spectral_centroid": {
        "max": 4927.83203125,
        "mean": 1714.6517334,
        "min": 331.769805908,
        "stdev": 616.350463867
    },
    "spectral_complexity": {
        "max": 48,
        "mean": 18.8857688904,
        "min": 0,
        "stdev": 7.14359903336
    },
    "spectral_decrease": {
        "max": -2.41292767017e-11,
        "mean": -4.96520469184e-09,
        "min": -2.5392930425e-08,
        "stdev": 3.69695474234e-09
    },
    "spectral_energy": {
        "max": 0.0986865237355,
        "mean": 0.0208299718797,
        "min": 0.000100932185887,
        "stdev": 0.0150821730494
    },
    "spectral_energyband_high": {
        "max": 0.0169911496341,
        "mean": 0.000753180880565,
        "min": 1.98111729333e-06,
        "stdev": 0.00116246799007
    },
    "spectral_energyband_low": {
        "max": 0.0671163573861,
        "mean": 0.00134854123462,
        "min": 2.27694654313e-05,
        "stdev": 0.00233883876354
    },
    "spectral_energyband_middle_high": {
        "max": 0.0689615085721,
        "mean": 0.00864131376147,
        "min": 4.7505407565e-05,
        "stdev": 0.00982356350869
    },
    "spectral_energyband_middle_low": {
        "max": 0.0816803872585,
        "mean": 0.0110114961863,
        "min": 2.77717699646e-05,
        "stdev": 0.0115527706221
    },
    "spectral_entropy": {
        "max": 8.54122066498,
        "mean": 7.5400223732,
        "min": 6.25376176834,
        "stdev": 0.428772479296
    },
    "spectral_flux": {
        "max": 0.280572205782,
        "mean": 0.0724930912256,
        "min": 0.0173015724868,
        "stdev": 0.0363723412156
    },
    "spectral_kurtosis": {
        "max": 17.5123958588,
        "mean": 3.64897990227,
        "min": -0.868600845337,
        "stdev": 2.29595828056
    },
    "spectral_rms": {
        "max": 0.00981221348047,
        "mean": 0.00424115499482,
        "min": 0.00031379997381,
        "stdev": 0.00152792863082
    },
    "spectral_rolloff": {
        "max": 8096.484375,
        "mean": 2134.81152344,
        "min": 86.1328125,
        "stdev": 1318.27307129
    },
    "spectral_skewness": {
        "max": 3.04333281517,
        "mean": 1.31234669685,
        "min": -0.228493541479,
        "stdev": 0.347276180983
    },
    "spectral_spread": {
        "max": 8652868,
        "mean": 4140407.75,
        "min": 2313569.75,
        "stdev": 1112660.25
    },
    "spectral_strongpeak": {
        "max": 9.73648834229,
        "mean": 1.92451417446,
        "min": 0,
        "stdev": 1.73091077805
    },
    "zerocrossingrate": {
        "max": 0.28125,
        "mean": 0.0745566636324,
        "min": 0.01171875,
        "stdev": 0.0333673432469
    },
    "barkbands": {
        "max": [0.00441276142374, 0.0409694202244, 0.025497848168, 0.00516417762265, 0.0463388748467, 0.0566660054028, 0.0333791002631, 0.0440646186471, 0.0784517973661, 0.0684792399406, 0.0501043684781, 0.0281239878386, 0.01114182733, 0.0248873289675, 0.0165517032146, 0.0109826568514, 0.0160657633096, 0.00401627970859, 0.00493150344118, 0.00488510448486, 0.00317011750303, 0.00633333530277, 0.0071384026669, 0.00248359981924, 0.000888431270141, 0.000171664592926, 1.46944444168e-06],
        "mean": [2.35343668464e-05, 0.000747037294786, 0.000445767567726, 0.000244692579145, 0.00168676662724, 0.00261829514056, 0.00120611861348, 0.00102020322811, 0.00281280139461, 0.00324720959179, 0.00116007798351, 0.00084713799879, 0.000493027444463, 0.000780568690971, 0.000777950277552, 0.000404101941967, 0.000373753166059, 0.000505913631059, 0.000521485577337, 0.000269384210696, 0.0001842003403, 0.000155417932547, 0.000155589150381, 9.25687709241e-05, 4.92718390888e-05, 7.11896109351e-06, 8.16906098322e-09],
        "min": [2.55242085245e-08, 3.0274763958e-06, 5.48140747014e-07, 8.68061192705e-07, 5.6662879615e-06, 1.12007073767e-05, 3.97548410547e-06, 8.69221764788e-07, 6.98405585808e-07, 3.62268252729e-07, 8.34532329463e-07, 2.27332816394e-06, 2.04575826501e-06, 2.96245661957e-06, 2.71915212124e-07, 1.27635883018e-06, 1.87656064554e-06, 2.37125135527e-07, 2.47998650593e-06, 8.18336729935e-07, 7.45590739371e-07, 6.81275366787e-07, 1.88307609506e-07, 5.4954327311e-08, 1.91008435735e-08, 8.01398147843e-09, 1.2392013804e-10],
        "stdev": [0.000159552058904, 0.0017358197365, 0.00077127723489, 0.000322362757288, 0.00374271534383, 0.00546514056623, 0.0026743132621, 0.00268087512814, 0.00689674168825, 0.00804874952883, 0.00361218885519, 0.00197979528457, 0.00107537268195, 0.00184109958354, 0.00147467688657, 0.000729142571799, 0.000737595546525, 0.000489222991746, 0.0004957409692, 0.000364897277905, 0.000284599576844, 0.000360706442734, 0.000360051635653, 0.000175512381247, 8.85870904312e-05, 1.5000519852e-05, 4.62501361653e-08]
    },
    "erbbands": {
        "max": [1.37279212475, 11.6979522705, 35.6555328369, 10.8821773529, 22.9045715332, 234.716888428, 690.253356934, 619.697143555, 315.425842285, 723.620361328, 967.209106445, 1169.0513916, 2505.70166016, 1701.14746094, 2383.19848633, 837.995361328, 576.435852051, 1246.20654297, 982.643066406, 925.300415039, 417.763549805, 625.796813965, 205.025421143, 348.825805664, 145.213302612, 322.013519287, 158.251113892, 139.360443115, 206.852706909, 183.161361694, 228.269134521, 110.429626465, 21.1177978516, 9.33885669708, 6.52684307098, 1.6741733551, 0.141318753362, 0.00517357047647, 0.000219835070311, 0.000119165000797],
        "mean": [0.0144173940644, 0.190816611052, 0.544500768185, 0.705302476883, 1.60892939568, 6.53976297379, 15.2862081528, 22.5228004456, 19.240814209, 16.5174789429, 30.0311031342, 62.0715560913, 107.502189636, 77.6984329224, 39.0684127808, 32.2558059692, 22.5046730042, 36.0660095215, 39.7080192566, 37.954372406, 22.2467308044, 17.9457645416, 27.8146743774, 31.7339763641, 19.1869697571, 12.5585012436, 8.98202419281, 5.91776990891, 5.41600990295, 5.44127130508, 4.22756671906, 2.49896168709, 1.27199375629, 0.658598899841, 0.289074391127, 0.0712160095572, 0.00456310994923, 0.000173639084096, 2.28995631915e-05, 2.75844668067e-05],
        "min": [0.000121348915854, 0.00106387666892, 0.00336234085262, 0.00678585609421, 0.014834035188, 0.0207573026419, 0.0469616688788, 0.108002670109, 0.0820750370622, 0.0317414775491, 0.0173942111433, 0.017647465691, 0.00758764939383, 0.0215439796448, 0.0391491986811, 0.151179939508, 0.148975789547, 0.184102341533, 0.0497291460633, 0.0229785889387, 0.0973424464464, 0.0889665037394, 0.0419071987271, 0.10425812006, 0.196947410703, 0.0412066243589, 0.0345037057996, 0.0269597750157, 0.0308899451047, 0.00764413690194, 0.00397226260975, 0.00119210162666, 0.000943750375882, 0.000292454846203, 0.000117192226753, 4.30918153143e-05, 1.57205213327e-05, 2.50728226092e-06, 8.54783820614e-07, 2.33877941014e-07],
        "stdev": [0.0632703006268, 0.385785341263, 0.981777489185, 0.813893556595, 2.13692212105, 16.0139312744, 40.9602432251, 58.0147781372, 30.6369915009, 50.7317695618, 66.6805419922, 140.125183105, 279.948028564, 161.232376099, 106.06893158, 67.5603103638, 49.6359024048, 76.1878433228, 76.8772735596, 72.8397598267, 35.1148452759, 25.8785858154, 25.5400886536, 32.2383766174, 17.0715446472, 18.5209617615, 12.7621517181, 10.0042915344, 11.9628505707, 11.9395017624, 10.4266004562, 6.02418422699, 2.04854369164, 1.11292397976, 0.569565474987, 0.148508355021, 0.00957440864295, 0.000372471986338, 2.17045708268e-05, 1.84324453585e-05]
    },
    "gfcc": {
        "mean": [-5.12119293213, 93.9136810303, -155.951644897, 38.7628250122, -77.7074508667, 12.0205698013, -40.4735717773, 12.4784402847, -20.0776576996, -5.88461017609, -6.00273609161, -5.36699676514, -2.32728385925],
        "cov": [[1611.95703125, -740.401611328, 53.7568130493, -113.504432678, -161.989593506, 221.425521851, -177.873031616, 134.953201294, -115.185752869, 140.974456787, -149.337371826, 75.1164550781, -23.3256034851], [-740.401611328, 851.800354004, -175.789306641, -89.0633087158, 179.024078369, -175.113021851, 226.921661377, -103.837501526, 84.8218917847, -184.463165283, 145.966720581, -99.6349563599, 44.2030830383], [53.7568130493, -175.789306641, 478.099700928, 193.761688232, -121.617591858, 35.1474609375, -127.343688965, 47.6849403381, -17.0198898315, 75.6647338867, -54.9495048523, 64.581993103, -21.9098720551], [-113.504432678, -89.0633087158, 193.761688232, 359.13973999, -3.14093255997, -50.0441665649, -93.2244110107, -12.7824077606, 64.2308959961, 56.507019043, -58.0237617493, 11.6866407394, -3.47087454796], [-161.989593506, 179.024078369, -121.617591858, -3.14093255997, 176.887527466, -6.76164007187, 57.0671691895, -6.26769924164, 32.726234436, -28.5914382935, 12.805721283, -36.9331550598, 6.18779754639], [221.425521851, -175.113021851, 35.1474609375, -50.0441665649, -6.76164007187, 192.770095825, 32.7502784729, 51.5744819641, -57.5726966858, 33.331111908, -20.447561264, 2.34218144417, -18.6938266754], [-177.873031616, 226.921661377, -127.343688965, -93.2244110107, 57.0671691895, 32.7502784729, 219.193908691, -0.962729632854, -15.2449798584, -63.4912338257, 61.3708267212, -34.0141792297, -4.64653968811], [134.953201294, -103.837501526, 47.6849403381, -12.7824077606, -6.26769924164, 51.5744819641, -0.962729632854, 105.395568848, 4.91902542114, 25.9019050598, -28.6857051849, 3.6255133152, -9.23446846008], [-115.185752869, 84.8218917847, -17.0198898315, 64.2308959961, 32.726234436, -57.5726966858, -15.2449798584, 4.91902542114, 138.391372681, 1.58035540581, 1.20138156414, -17.4918174744, 15.2994613647], [140.974456787, -184.463165283, 75.6647338867, 56.507019043, -28.5914382935, 33.331111908, -63.4912338257, 25.9019050598, 1.58035540581, 115.871437073, -26.0421924591, 17.9113121033, -14.6476869583], [-149.337371826, 145.966720581, -54.9495048523, -58.0237617493, 12.805721283, -20.447561264, 61.3708267212, -28.6857051849, 1.20138156414, -26.0421924591, 119.428901672, 21.1580982208, 2.98353695869], [75.1164550781, -99.6349563599, 64.581993103, 11.6866407394, -36.9331550598, 2.34218144417, -34.0141792297, 3.6255133152, -17.4918174744, 17.9113121033, 21.1580982208, 89.2228240967, 9.73039340973], [-23.3256034851, 44.2030830383, -21.9098720551, -3.47087454796, 6.18779754639, -18.6938266754, -4.64653968811, -9.23446846008, 15.2994613647, -14.6476869583, 2.98353695869, 9.73039340973, 61.4509544373]],
        "icov": [[0.00125855894294, 0.000473086663987, 0.000461029732833, 0.000459925126052, 0.000508062890731, -0.000696503499057, 0.000579216342885, -0.000622684019618, 0.000207645003684, -0.00025278708199, 0.000852681288961, -0.000555775710382, -5.03881565237e-05], [0.000473086663987, 0.00855096522719, -0.00430347723886, 0.00251560984179, -0.00576097005978, 0.00588308554143, -0.00535007892177, 0.00356739130802, -0.00204021972604, 0.00486103631556, -0.00554952491075, 0.00760292448103, -0.00413008406758], [0.000461029732833, -0.00430347723886, 0.00681371381506, -0.00340979150496, 0.00543550774455, -0.00433642137796, 0.00424211658537, -0.00398403359577, 0.00188817328308, -0.00240361946635, 0.00325860735029, -0.0057920506224, 0.00307883345522], [0.000459925126052, 0.00251560984179, -0.00340979150496, 0.00603377399966, -0.00294154160656, 0.00257191457786, -0.00155319273472, 0.00303404033184, -0.00260696397163, -0.000388148822822, 0.000831797660794, 0.00155858532526, -0.000823447131552], [0.000508062890731, -0.00576097005978, 0.00543550774455, -0.00294154160656, 0.0124081615359, -0.00538708269596, 0.00334353162907, -0.00361329456791, 0.000470238446724, -0.00276229646988, 0.00399814825505, -0.00430041318759, 0.00264162081294], [-0.000696503499057, 0.00588308554143, -0.00433642137796, 0.00257191457786, -0.00538708269596, 0.013013520278, -0.00642869574949, 0.000560509681236, 0.00111117295455, 0.00104580435436, -0.0033436701633, 0.00599855510518, -0.00261254049838], [0.000579216342885, -0.00535007892177, 0.00424211658537, -0.00155319273472, 0.00334353162907, -0.00642869574949, 0.0121915116906, -0.00434459000826, 0.00230452977121, -5.6189532188e-05, 8.29620839795e-05, -0.00287223886698, 0.00333331781439], [-0.000622684019618, 0.00356739130802, -0.00398403359577, 0.00303404033184, -0.00361329456791, 0.000560509681236, -0.00434459000826, 0.0155906500295, -0.00420072861016, 0.000429296400398, 0.000728941056877, 0.00219189329073, -0.00073714600876], [0.000207645003684, -0.00204021972604, 0.00188817328308, -0.00260696397163, 0.000470238446724, 0.00111117295455, 0.00230452977121, -0.00420072861016, 0.0110887074843, -0.00193524674978, -0.000288749055471, 0.000518167507835, -0.00138404779136], [-0.00025278708199, 0.00486103631556, -0.00240361946635, -0.000388148822822, -0.00276229646988, 0.00104580435436, -5.6189532188e-05, 0.000429296400398, -0.00193524674978, 0.0158800985664, -0.00410556234419, 0.003619779367, 7.82510032877e-05], [0.000852681288961, -0.00554952491075, 0.00325860735029, 0.000831797660794, 0.00399814825505, -0.0033436701633, 8.29620839795e-05, 0.000728941056877, -0.000288749055471, -0.00410556234419, 0.0183273255825, -0.0116824554279, 0.0042737275362], [-0.000555775710382, 0.00760292448103, -0.0057920506224, 0.00155858532526, -0.00430041318759, 0.00599855510518, -0.00287223886698, 0.00219189329073, 0.000518167507835, 0.003619779367, -0.0116824554279, 0.0240275282413, -0.00779056176543], [-5.03881565237e-05, -0.00413008406758, 0.00307883345522, -0.000823447131552, 0.00264162081294, -0.00261254049838, 0.00333331781439, -0.00073714600876, -0.00138404779136, 7.82510032877e-05, 0.0042737275362, -0.00779056176543, 0.0207459554076]]
    },
    "melbands": {
        "max": [0.00970561988652, 0.0173102859408, 0.0020735708531, 0.00745279248804, 0.0203304551542, 0.0126944249496, 0.00467110425234, 0.00897824764252, 0.00755760073662, 0.0103635098785, 0.0127658853307, 0.00679071620107, 0.0072017852217, 0.00364859984256, 0.00213830498978, 0.000840342137963, 0.00284630153328, 0.00173023482785, 0.0016169808805, 0.000933748902753, 0.000756150344387, 0.000992797664367, 0.000277511717286, 0.00026470280136, 0.000348554342054, 0.000160276264069, 0.000245966075454, 0.000203394447453, 9.82737547019e-05, 0.000116155686555, 8.655313286e-05, 0.000111644287244, 0.000150689927978, 9.92883215076e-05, 0.000139242416481, 0.000105203398562, 5.44689355593e-05, 1.82375752047e-05, 8.38844516693e-06, 8.80860170582e-06],
        "mean": [0.000170999206603, 0.000275872240309, 0.000138415460242, 0.00027777638752, 0.000495173910167, 0.000501381524373, 0.00029174410156, 0.000177310430445, 0.000264585425612, 0.000415183167206, 0.000542253896128, 0.000322051579133, 0.000142685457831, 0.000107627107354, 4.99536799907e-05, 5.15795036335e-05, 7.07353756297e-05, 6.50454967399e-05, 5.89189658058e-05, 3.67483917216e-05, 2.58962081716e-05, 1.88674985111e-05, 1.97319059225e-05, 2.80277727143e-05, 2.63560359599e-05, 1.57166778081e-05, 1.14805407065e-05, 7.27564065528e-06, 5.63921639696e-06, 4.88525483888e-06, 3.01202612718e-06, 3.09119877784e-06, 2.91070341518e-06, 3.07026766677e-06, 2.56671023635e-06, 1.91642288883e-06, 1.37085999086e-06, 9.33967498895e-07, 6.68193990805e-07, 5.16671491368e-07],
        "min": [1.08287679268e-06, 2.53410689766e-06, 1.75260709057e-06, 1.58431123509e-06, 1.62773017109e-06, 2.35831635109e-06, 1.15486307095e-06, 2.96569339753e-07, 1.39859764658e-07, 9.89045716437e-08, 3.43625039534e-08, 8.11772835618e-08, 1.15705120152e-07, 1.41113559948e-07, 2.48921367074e-07, 1.91203781696e-07, 2.63677094381e-07, 7.24301330024e-08, 1.41063587478e-08, 5.35905044785e-08, 8.38378113599e-08, 9.21316072322e-08, 8.88846400926e-08, 1.25889592084e-08, 4.50623396375e-08, 9.36595441203e-08, 4.60818156967e-08, 1.69283023155e-08, 2.19313669447e-08, 1.60958961715e-08, 1.32636506223e-08, 1.77539991597e-08, 2.5162263384e-09, 4.8492552196e-09, 3.11089531913e-09, 4.60756932608e-10, 6.64271526674e-10, 7.9930173591e-10, 2.65170219116e-10, 2.43769560093e-10],
        "stdev": [0.000493992934935, 0.000476158282254, 0.00014302378986, 0.000567467825022, 0.00123918137979, 0.0011760777561, 0.000488270889036, 0.000518304063007, 0.000579247542191, 0.00101200991776, 0.00142980646342, 0.000701456388924, 0.000407839310355, 0.00027374815545, 0.000116383365821, 0.00010303518502, 0.000170086961589, 0.000146149803186, 0.000117284158478, 7.43503114791e-05, 5.13109043823e-05, 3.748956442e-05, 2.22687031055e-05, 3.00648862321e-05, 2.99531748169e-05, 1.55717225425e-05, 1.4418599676e-05, 1.17904382932e-05, 8.22352012619e-06, 9.04670378077e-06, 5.84141480431e-06, 6.99114161762e-06, 7.25955987946e-06, 6.39830113869e-06, 6.03064381721e-06, 5.51565790374e-06, 3.15538181894e-06, 1.52861184688e-06, 1.075762043e-06, 9.21929597553e-07]
    },
    "melbands128": {
        "max": [0.00418091705069, 0.0136492848396, 0.0128980800509, 0.0237747337669, 0.0234334766865, 0.00927603244781, 0.00209422735497, 0.00257715815678, 0.002910917392, 0.00512000871822, 0.0171133261174, 0.0215186476707, 0.0345054119825, 0.0145681239665, 0.0169556923211, 0.0270434096456, 0.00715754460543, 0.00712411850691, 0.0139845777303, 0.0140049392357, 0.0183422267437, 0.01777058281, 0.0133360810578, 0.0147927999496, 0.0120722046122, 0.0211176909506, 0.0208924002945, 0.0258811507374, 0.0205421932042, 0.0155584448949, 0.0135698616505, 0.00932131800801, 0.008719666861, 0.013993148692, 0.00964733306319, 0.00633025495335, 0.00387035543099, 0.00372756598517, 0.00302424188703, 0.00230569345877, 0.00170945562422, 0.00186263385694, 0.00341321039014, 0.00600377516821, 0.0038010457065, 0.004000374116, 0.00206004548818, 0.00373868760653, 0.00245555117726, 0.00266148289666, 0.00115143484436, 0.000973153393716, 0.000786401913501, 0.001507793786, 0.00361692835577, 0.00034553653677, 0.000248911499511, 0.000508339435328, 0.000267656258075, 0.000478773523355, 0.000418988784077, 0.000533362617716, 0.000547232106328, 0.000469307415187, 0.000355444819434, 0.000211135164136, 0.000185647804756, 0.000151051601279, 0.000466428347863, 0.000543010653928, 0.000284794165054, 0.000158413211466, 8.80064981175e-05, 0.00014376033505, 0.000182412157301, 0.000295431877021, 9.09469235921e-05, 0.000111737412226, 7.58476307965e-05, 0.000172190892044, 0.00011682297918, 0.00015940288722, 9.33145856834e-05, 0.000234762919717, 0.000192656574654, 0.000109790409624, 0.000107716376078, 0.00012611800048, 0.000131837456138, 0.000219160385313, 0.000159578296007, 0.000110458182462, 7.13466433808e-05, 8.51129225339e-05, 3.63232429663e-05, 2.6597723263e-05, 1.71897299879e-05, 1.52857792273e-05, 9.76215051196e-06, 1.26181530504e-05, 1.21336015582e-05, 1.08447684397e-05, 1.55440211529e-05, 1.03596321424e-05, 8.58804924064e-06, 1.18450370792e-05, 7.42913198337e-06, 4.24244717578e-06, 3.60900776286e-06, 3.24384427586e-06, 1.54384656526e-06, 3.44487517623e-07, 1.43512906448e-07, 9.54375991569e-08, 7.50444613118e-08, 6.08182020301e-08, 2.56542698196e-08, 7.14850179051e-09, 6.82896494908e-09, 6.60626264803e-09, 6.39499297961e-09, 6.23012841316e-09, 6.08489836296e-09, 5.99294436299e-09, 5.89338711166e-09, 5.85502801798e-09, 5.78708236887e-09, 5.72285774325e-09],
        "mean": [2.13957482629e-05, 8.73878598213e-05, 0.000220077039558, 0.00035513821058, 0.000318442529533, 0.000196842927835, 0.000141000316944, 0.000115412811283, 0.000127868072013, 0.000264211150352, 0.0003768283932, 0.00046180060599, 0.000575884128921, 0.000472891959362, 0.000495608721394, 0.000574861071073, 0.000346018117853, 0.000227712764172, 0.000242049951339, 0.000166859768797, 0.000137586859637, 0.00021997395379, 0.000279985426459, 0.00029852319858, 0.00037632349995, 0.000461661402369, 0.000533831655048, 0.000656807038467, 0.000425304431701, 0.00036637741141, 0.000289454765152, 0.000223633367568, 0.000123064557556, 8.68791830726e-05, 0.000126991319121, 0.000115037364594, 8.22048823466e-05, 3.0415263609e-05, 4.70263403258e-05, 4.69510523544e-05, 5.19285422342e-05, 6.08566770097e-05, 5.57831372134e-05, 9.2761736596e-05, 7.68390746089e-05, 5.49774158571e-05, 5.88371513004e-05, 5.64318579563e-05, 6.13486190559e-05, 5.58552565053e-05, 3.13293276122e-05, 2.18722234422e-05, 2.01156472031e-05, 3.00522879115e-05, 3.383422154e-05, 1.10685705295e-05, 1.25571123135e-05, 2.20238707698e-05, 1.66020327015e-05, 2.71496464848e-05, 3.41907107213e-05, 2.36541982304e-05, 2.41940160777e-05, 3.09506467602e-05, 2.33915889112e-05, 1.23477120724e-05, 1.50627083713e-05, 1.03742040665e-05, 1.17736763059e-05, 1.03739903352e-05, 7.14001907909e-06, 5.99579152549e-06, 5.87519343753e-06, 5.80846153753e-06, 4.41080783276e-06, 7.16515569366e-06, 3.50550317307e-06, 2.51643496085e-06, 3.37600840794e-06, 2.99587281916e-06, 3.13017949338e-06, 3.23218228004e-06, 2.69237898465e-06, 2.84696716335e-06, 3.10185350827e-06, 3.09873530568e-06, 3.14759108733e-06, 2.91166088573e-06, 2.52498443842e-06, 2.35632501244e-06, 2.09724339584e-06, 1.77065464868e-06, 1.60441697972e-06, 1.47329456013e-06, 1.16311070997e-06, 1.01146270026e-06, 9.06243144527e-07, 7.84773192208e-07, 6.60753983084e-07, 6.2793668576e-07, 5.55247197553e-07, 4.86408850975e-07, 4.95069400586e-07, 4.06353279914e-07, 3.21680744264e-07, 2.57325325492e-07, 2.14736957105e-07, 1.68032912029e-07, 1.17262189292e-07, 6.61564598659e-08, 3.32409690884e-08, 8.59397442099e-09, 2.84681633822e-09, 1.10390174779e-09, 7.6735040544e-10, 6.66150412609e-10, 2.69497479888e-10, 8.25777120295e-12, 7.55934290858e-12, 7.37945902302e-12, 7.21768608422e-12, 7.09148278294e-12, 6.93309342228e-12, 6.79602294579e-12, 6.75495163277e-12, 6.72880327846e-12, 6.675493925e-12, 6.60659938215e-12],
        "min": [1.1541664291e-09, 9.22221730093e-08, 2.63516596988e-07, 8.12935525119e-07, 6.00010650942e-07, 3.26524258298e-07, 2.33288517393e-07, 3.64598065516e-07, 5.66738435737e-07, 5.30240811258e-07, 3.82568231316e-07, 1.0369536767e-06, 9.68094695963e-07, 4.1728492306e-07, 3.86061572044e-07, 1.29033637108e-07, 4.62941443402e-07, 2.78815150523e-07, 1.35840053872e-07, 3.1331958894e-07, 2.24961567596e-07, 1.52033223344e-07, 9.65999262803e-08, 1.67192069966e-07, 1.53323213681e-07, 5.32115400631e-08, 1.79013959212e-08, 2.99633597933e-08, 4.73938328582e-08, 6.86686121298e-08, 8.42862633021e-08, 1.2494605528e-07, 7.39689269835e-08, 9.83098118468e-08, 7.82614648642e-08, 6.37571844209e-08, 6.58985470636e-08, 9.66293214333e-08, 4.68742733517e-08, 4.1185980848e-08, 1.07937850657e-07, 1.12058422985e-07, 9.56157961696e-08, 6.7773797241e-08, 9.81429622016e-08, 7.61867582355e-08, 1.37480391516e-08, 7.13556813636e-09, 1.4902356682e-08, 2.51063259071e-08, 3.7731716418e-08, 4.92782170625e-08, 1.39654723341e-08, 4.83283706387e-08, 4.7698009098e-08, 7.91863925542e-08, 1.21920038509e-08, 7.36325205253e-08, 9.11494701938e-09, 1.83596036152e-08, 1.16843885678e-08, 6.82652068207e-09, 1.46361855968e-08, 3.61545779981e-08, 4.58975577544e-08, 2.66159467799e-08, 7.57017346587e-08, 4.21890042901e-08, 1.98430356591e-08, 1.71026286466e-08, 1.30891812944e-08, 1.83317343527e-08, 1.60477497957e-08, 2.6164679312e-08, 2.3460195564e-08, 1.95511358214e-08, 1.08553068756e-08, 5.42145306426e-09, 6.60598065139e-09, 1.32889921289e-08, 1.65363172044e-08, 1.06417417101e-08, 1.19350507255e-09, 1.28968236091e-09, 2.85795809241e-09, 4.16074552589e-09, 4.77639572338e-09, 7.49137551992e-09, 2.95221669333e-09, 4.35048719272e-10, 3.5286329414e-10, 2.41260789124e-10, 9.87657067242e-10, 8.43310421494e-10, 3.79190651101e-10, 5.31429289463e-10, 1.3303702584e-09, 4.92191620793e-10, 1.53552823234e-10, 1.73017544736e-10, 2.45855391601e-10, 3.54869855723e-10, 8.54922729832e-11, 1.28432833812e-10, 1.10941852927e-10, 1.62987151553e-10, 9.28183988003e-11, 6.75488415203e-11, 6.03284366907e-11, 3.99377336757e-11, 9.55793712405e-13, 5.40896374999e-13, 4.69693132044e-13, 4.51616717113e-13, 4.17345140651e-13, 3.83354291237e-13, 3.22853397662e-13, 3.72302069816e-13, 3.37291338522e-13, 3.59281072775e-13, 4.31260143699e-13, 4.08723185505e-13, 4.13547126231e-13, 3.43921099282e-13, 3.14672495959e-13, 3.87122408782e-13, 4.34752711262e-13, 3.46783393017e-13],
        "stdev": [0.000151628701133, 0.000584710214753, 0.000648764311336, 0.000718381779734, 0.0006315735518, 0.00031741920975, 0.000187817408005, 0.000162345255376, 0.000195313128643, 0.000522620102856, 0.00113881740253, 0.00148198148236, 0.00199638516642, 0.00105426460505, 0.00146911852062, 0.00199084356427, 0.000657836790197, 0.000489236437716, 0.000896719517186, 0.000785089505371, 0.000602238986176, 0.000719997624401, 0.000840801745653, 0.000903831387404, 0.0011421906529, 0.00182431330904, 0.00185618316755, 0.00251928600483, 0.00154369254597, 0.00108316156548, 0.000955224502832, 0.00079616747098, 0.00054592435481, 0.000510632642545, 0.000459893461084, 0.00038269686047, 0.000227651878959, 0.000135223308462, 0.000194744570763, 0.000170180370333, 0.000143259763718, 0.00016305151803, 0.000194303167518, 0.000332377676386, 0.000283330271486, 0.000212399871089, 0.000161795323947, 0.000182715579285, 0.000178577422048, 0.000175255874638, 9.87029998214e-05, 5.29862300027e-05, 5.23584094481e-05, 9.30159949348e-05, 0.000123861653265, 1.94952372112e-05, 2.01444199774e-05, 4.07362858823e-05, 2.48079522862e-05, 4.23668388976e-05, 5.34418250027e-05, 4.33348504885e-05, 4.4107393478e-05, 4.92776016472e-05, 3.86826795875e-05, 1.91182589333e-05, 2.14793035411e-05, 1.36482394737e-05, 2.20080510189e-05, 2.52518530033e-05, 1.61305160873e-05, 1.13939522635e-05, 9.50808771449e-06, 1.03171587398e-05, 7.94063089415e-06, 1.80265415111e-05, 6.50911488265e-06, 5.56870236323e-06, 6.92563435223e-06, 8.09310404293e-06, 7.81146263762e-06, 7.55177461542e-06, 6.2450144469e-06, 8.40526354295e-06, 8.92510252015e-06, 7.08262041371e-06, 6.51000482321e-06, 6.18731792201e-06, 5.67148208575e-06, 7.48387810745e-06, 7.03179921402e-06, 5.15423334946e-06, 3.98616657549e-06, 3.82779444408e-06, 2.54729548033e-06, 1.81661448551e-06, 1.50864025272e-06, 1.31753336063e-06, 1.12400607577e-06, 1.10254256924e-06, 1.00633076272e-06, 9.25260849272e-07, 1.01530963548e-06, 8.30358089843e-07, 6.81486142184e-07, 6.09544258623e-07, 4.9303855576e-07, 3.66432374221e-07, 2.69475918913e-07, 1.60591838494e-07, 7.82181857062e-08, 2.47859208713e-08, 1.21171730427e-08, 5.09122255465e-09, 3.65723162865e-09, 3.26562932251e-09, 1.31275335047e-09, 1.55951404568e-10, 1.48950185519e-10, 1.44092460186e-10, 1.39484229722e-10, 1.358872459e-10, 1.327195992e-10, 1.30714342128e-10, 1.28541927102e-10, 1.2770413893e-10, 1.26221921803e-10, 1.24821805669e-10]
    },
    "mfcc": {
        "mean": [-629.784912109, 106.776390076, -17.052438736, 19.0598049164, -7.9244184494, -5.75216388702, -6.74172306061, 6.6461186409, -8.05448436737, 5.50111103058, -2.70516681671, -5.12244939804, -3.17433738708],
        "cov": [[1630.19104004, -657.534912109, 18.3212013245, -255.87399292, 9.89696025848, -5.15249013901, -16.3323688507, -72.8426971436, 78.9496231079, -25.7896842957, 11.2238368988, -31.7336978912, -24.8039741516], [-657.534912109, 793.635253906, -259.548370361, 39.6437644958, -65.7753448486, -35.5061607361, 86.6586151123, 93.5637588501, -86.6385803223, 52.6050300598, -2.91026258469, -57.2707672119, -34.783164978], [18.3212013245, -259.548370361, 531.879821777, 74.189956665, 36.5920715332, 3.11546039581, -52.8726272583, -32.0016098022, 29.3699398041, -55.5134735107, -25.5620517731, 73.3891601562, 75.0091018677], [-255.87399292, 39.6437644958, 74.189956665, 290.76739502, 56.9599266052, 9.10073947906, -97.5874862671, -12.6412496567, 24.0276794434, -2.35697174072, -38.9636917114, 44.2701683044, 70.3026809692], [9.89696025848, -65.7753448486, 36.5920715332, 56.9599266052, 153.761581421, 3.92558598518, -60.6865768433, -18.8145008087, 35.1948051453, 19.5828971863, 1.62896108627, -8.01849555969, 1.31475841999], [-5.15249013901, -35.5061607361, 3.11546039581, 9.10073947906, 3.92558598518, 103.138092041, 33.2026252747, -0.554979205132, 10.062458992, 4.76509380341, 12.216219902, 10.9074277878, -12.542640686], [-16.3323688507, 86.6586151123, -52.8726272583, -97.5874862671, -60.6865768433, 33.2026252747, 200.120849609, 41.916633606, -13.0321865082, -8.93503665924, 25.3259563446, 7.55607318878, -34.3915748596], [-72.8426971436, 93.5637588501, -32.0016098022, -12.6412496567, -18.8145008087, -0.554979205132, 41.916633606, 106.308776855, -4.01957082748, 11.3184766769, 9.59953975677, -12.9433383942, -6.76570224762], [78.9496231079, -86.6385803223, 29.3699398041, 24.0276794434, 35.1948051453, 10.062458992, -13.0321865082, -4.01957082748, 120.880439758, 27.0737056732, -7.21059799194, 6.64314031601, 0.175483986735], [-25.7896842957, 52.6050300598, -55.5134735107, -2.35697174072, 19.5828971863, 4.76509380341, -8.93503665924, 11.3184766769, 27.0737056732, 103.970207214, 30.6146259308, -28.9139022827, -28.9796104431], [11.2238368988, -2.91026258469, -25.5620517731, -38.9636917114, 1.62896108627, 12.216219902, 25.3259563446, 9.59953975677, -7.21059799194, 30.6146259308, 81.1126403809, 8.51133537292, -27.7314949036], [-31.7336978912, -57.2707672119, 73.3891601562, 44.2701683044, -8.01849555969, 10.9074277878, 7.55607318878, -12.9433383942, 6.64314031601, -28.9139022827, 8.51133537292, 97.073387146, 44.4836463928], [-24.8039741516, -34.783164978, 75.0091018677, 70.3026809692, 1.31475841999, -12.542640686, -34.3915748596, -6.76570224762, 0.175483986735, -28.9796104431, -27.7314949036, 44.4836463928, 98.0179138184]],
        "icov": [[0.00119401921984, 0.00105054618325, 0.000359334051609, 0.000841605709866, 8.6515545263e-05, 0.000255733903032, -1.85083863471e-05, 0.000141812954098, -0.000358482997399, 4.23128221883e-05, 0.000103386330011, 0.000554780883249, -0.000378180469852], [0.00105054618325, 0.003138480708, 0.00105111685116, -0.000511161342729, 0.000491541519295, 0.00124689517543, -0.00119858956896, -0.000999841606244, 0.00127222528681, -0.00122342142276, 0.000840409542434, 0.000946072628722, 4.96572793054e-05], [0.000359334051609, 0.00105111685116, 0.00271870288998, -6.40301732346e-05, -0.000297393096844, 0.000227873519179, 1.060507293e-05, -0.000173444990651, -0.000112126755994, 0.000509817153215, 0.000371232337784, -0.000813966442365, -0.000920387974475], [0.000841605709866, -0.000511161342729, -6.40301732346e-05, 0.00689153559506, -0.00150632590521, -0.00177244551014, 0.00280242110603, -0.000177340334631, -0.00101788004395, -0.000506651878823, 0.00206185597926, -0.00236311322078, -0.0025900551118], [8.6515545263e-05, 0.000491541519295, -0.000297393096844, -0.00150632590521, 0.00859975535423, -0.00027469030465, 0.00160338310525, 0.000614488380961, -0.00171684951056, -0.000405298895203, -0.00149201613385, 0.00177434412763, 0.000614666729234], [0.000255733903032, 0.00124689517543, 0.000227873519179, -0.00177244551014, -0.00027469030465, 0.0116858398542, -0.00299576902762, 0.000302783824736, -2.55056711467e-05, -0.00070653524017, -0.000605272362009, -0.000679590040818, 0.00200122524984], [-1.85083863471e-05, -0.00119858956896, 1.060507293e-05, 0.00280242110603, 0.00160338310525, -0.00299576902762, 0.00878602080047, -0.00219039316289, -0.00102614145726, 0.00168054737151, -0.000675227260217, -0.00259223417379, 0.00156265567057], [0.000141812954098, -0.000999841606244, -0.000173444990651, -0.000177340334631, 0.000614488380961, 0.000302783824736, -0.00219039316289, 0.0116022853181, -0.000976352021098, -0.000169941398781, -0.00174670340493, 0.00229661678895, -0.00158114393707], [-0.000358482997399, 0.00127222528681, -0.000112126755994, -0.00101788004395, -0.00171684951056, -2.55056711467e-05, -0.00102614145726, -0.000976352021098, 0.0113744717091, -0.00467693805695, 0.00348154176027, -0.00207615410909, 0.00129305769224], [4.23128221883e-05, -0.00122342142276, 0.000509817153215, -0.000506651878823, -0.000405298895203, -0.00070653524017, 0.00168054737151, -0.000169941398781, -0.00467693805695, 0.0154215563089, -0.00695245759562, 0.00421919627115, 0.000728797458578], [0.000103386330011, 0.000840409542434, 0.000371232337784, 0.00206185597926, -0.00149201613385, -0.000605272362009, -0.000675227260217, -0.00174670340493, 0.00348154176027, -0.00695245759562, 0.0193038769066, -0.00711729889736, 0.00477632228285], [0.000554780883249, 0.000946072628722, -0.000813966442365, -0.00236311322078, 0.00177434412763, -0.000679590040818, -0.00259223417379, 0.00229661678895, -0.00207615410909, 0.00421919627115, -0.00711729889736, 0.0188777931035, -0.00739767448977], [-0.000378180469852, 4.96572793054e-05, -0.000920387974475, -0.0025900551118, 0.000614666729234, 0.00200122524984, 0.00156265567057, -0.00158114393707, 0.00129305769224, 0.000728797458578, 0.00477632228285, -0.00739767448977, 0.0182949490845]]
    },
    "spectral_contrast_coeffs": {
        "max": [-0.355724602938, -0.460122853518, -0.416321545839, -0.572441995144, -0.629288733006, -0.58772790432],
        "mean": [-0.708141982555, -0.743017792702, -0.708076059818, -0.754638791084, -0.757972300053, -0.762802243233],
        "min": [-0.901956796646, -0.916814863682, -0.895708739758, -0.911341905594, -0.871054649353, -0.859266996384],
        "stdev": [0.0755670145154, 0.0779138058424, 0.100666776299, 0.06189122051, 0.0431790612638, 0.0377599820495]
    },
    "spectral_contrast_valleys": {
        "max": [-5.62067699432, -5.32110834122, -6.03951835632, -6.21723937988, -6.06329011917, -8.17248439789],
        "mean": [-7.15938186646, -6.59893608093, -7.44646310806, -7.67427349091, -7.38713788986, -10.0853710175],
        "min": [-8.87908267975, -8.99722671509, -9.53700256348, -9.46276283264, -9.32479953766, -12.2873010635],
        "stdev": [0.437363833189, 0.435680031776, 0.468408077955, 0.492151945829, 0.509245693684, 0.868443727493]
    }
},
"rhythm": {
    "beats_count": 114,
    "beats_loudness": {
        "max": 0.0708625167608,
        "mean": 0.0272914711386,
        "min": 0.00620940653607,
        "stdev": 0.0160214137286
    },
    "bpm": 142.138458252,
    "bpm_histogram_first_peak_bpm": 144,
    "bpm_histogram_first_peak_weight": 0.448979616165,
    "bpm_histogram_second_peak_bpm": 136,
    "bpm_histogram_second_peak_spread": 0.0909090638161,
    "bpm_histogram_second_peak_weight": 0.0884955748916,
    "danceability": 1.20674586296,
    "onset_rate": 3.0556640625,
    "beats_loudness_band_ratio": {
        "max": [0.347061812878, 0.901488900185, 0.776860237122, 0.912979662418, 0.532648801804, 0.46775084734],
        "mean": [0.0769026055932, 0.203524887562, 0.284909188747, 0.23191408813, 0.156310841441, 0.101023487747],
        "min": [0.00216001830995, 0.0107359038666, 0.0158110875636, 0.004721283447, 0.0109168421477, 0.0106370542198],
        "stdev": [0.0722880139947, 0.193452194333, 0.189152821898, 0.211673572659, 0.110043779016, 0.0825753882527]
    },
