{
"metadata": {
    "version": {
        "essentia": "2.1-beta5",
        "essentia_git_sha": "Undefined",
        "extractor": "music 2.0"
    },
    "audio_properties": {
        "analysis": {
            "equal_loudness": 0,
            "length": 48.7502937317,
            "sample_rate": 44100,
            "start_time": 45.2440834045,
            "downmix": "mix"
        },
        "bit_rate": 192000,
        "length": 162.052078247,
        "lossless": 0,
        "number_channels": 1,
        "replay_gain": -5.91042518616,
        "sample_rate": 48000,
        "codec": "mp3",
        "md5_encoded": "b5acbd60062a8012bde28f1c03cfdd26"
    },
    "tags": {
        "file_name": "Denmark_Stop, Ja Stop - Ja Stop, Mens Legen Er Go_Ulla Pia.mp3",
        "encoding": ["Lavf58.29.100"]
    }
},
"lowlevel": {
    "average_loudness": 0.631989479065,
    "barkbands_crest": {
        "max": 25.3647212982,
        "mean": 10.0490455627,
        "min": 2.45743870735,
        "stdev": 4.50778532028
    },
    "barkbands_flatness_db": {
        "max": 0.447149544954,
        "mean": 0.218029052019,
        "min": 0.0640085637569,
        "stdev": 0.0514202304184
    },
    "barkbands_kurtosis": {
        "max": 177.507171631,
        "mean": 3.70772624016,
        "min": -1.85225474834,
        "stdev": 12.3555555344
    },
    "barkbands_skewness": {
        "max": 9.17476844788,
        "mean": 1.1024723053,
        "min": -1.99207699299,
        "stdev": 1.15776467323
    },
    "barkbands_spread": {
        "max": 70.9215621948,
        "mean": 16.8223819733,
        "min": 0.486708343029,
        "stdev": 9.2943649292
    },
    "dissonance": {
        "max": 0.499975085258,
        "mean": 0.448175758123,
        "min": 0.220245137811,
        "stdev": 0.0457931235433
    },
    "dynamic_complexity": 5.32994508743,
    "erbbands_crest": {
        "max": 31.31848526,
        "mean": 11.0049505234,
        "min": 2.94149804115,
        "stdev": 5.90648555756
    },
    "erbbands_flatness_db": {
        "max": 0.455808907747,
        "mean": 0.275479823351,
        "min": 0.151472002268,
        "stdev": 0.0479328706861
    },
    "erbbands_kurtosis": {
        "max": 68.2413330078,
        "mean": 0.71982395649,
        "min": -1.85919070244,
        "stdev": 4.78854942322
    },
    "erbbands_skewness": {
        "max": 7.58345270157,
        "mean": 0.494510859251,
        "min": -3.17722702026,
        "stdev": 0.930439531803
    },
    "erbbands_spread": {
        "max": 114.450149536,
        "mean": 28.8787517548,
        "min": 1.5274130106,
        "stdev": 14.3001432419
    },
    "hfc": {
        "max": 166.162078857,
        "mean": 13.3566503525,
        "min": 0.00291959452443,
        "stdev": 19.3112850189
    },
    "loudness_ebu128": {
        "integrated": -23.5096645355,
        "loudness_range": 7.42385101318,
        "momentary": {
            "max": -14.7629880905,
            "mean": -26.2734050751,
            "min": -52.4599533081,
            "stdev": 5.42780733109
        },
        "short_term": {
            "max": -20.5310840607,
            "mean": -24.7196731567,
            "min": -36.0317611694,
            "stdev": 3.22266745567
        }
    },
    "melbands_crest": {
        "max": 29.08477211,
        "mean": 12.8159074783,
        "min": 3.32867121696,
        "stdev": 5.23502635956
    },
    "melbands_flatness_db": {
        "max": 0.551378190517,
        "mean": 0.250049620867,
        "min": 0.115324743092,
        "stdev": 0.066278859973
    },
    "melbands_kurtosis": {
        "max": 354.849060059,
        "mean": 9.01459693909,
        "min": -1.66079413891,
        "stdev": 22.1749725342
    },
    "melbands_skewness": {
        "max": 13.5578708649,
        "mean": 1.77081596851,
        "min": -2.21395373344,
        "stdev": 1.44328153133
    },
    "melbands_spread": {
        "max": 92.9269332886,
        "mean": 23.3791751862,
        "min": 0.406745284796,
        "stdev": 14.5201711655
    },
    "pitch_salience": {
        "max": 0.842706501484,
        "mean": 0.567959666252,
        "min": 0.138337761164,
        "stdev": 0.116131708026
    },
    "silence_rate_20dB": {
        "max": 1,
        "mean": 1,
        "min": 1,
        "stdev": 0
    },
    "silence_rate_30dB": {
        "max": 1,
        "mean": 0.99714422226,
        "min": 0,
        "stdev": 0.0533631332219
    },
    "silence_rate_60dB": {
        "max": 1,
        "mean": 0.288910031319,
        "min": 0,
        "stdev": 0.453252792358
    },
    "spectral_centroid": {
        "max": 3598.28808594,
        "mean": 1543.76855469,
        "min": 148.225097656,
        "stdev": 693.688049316
    },
    "spectral_complexity": {
        "max": 56,
        "mean": 14.6520700455,
        "min": 0,
        "stdev": 12.648815155
    },
    "spectral_decrease": {
        "max": -1.95514915022e-12,
        "mean": -2.89090618111e-09,
        "min": -3.71614774508e-08,
        "stdev": 3.54877016662e-09
    },
    "spectral_energy": {
        "max": 0.154348090291,
        "mean": 0.0121224271134,
        "min": 7.64397100284e-06,
        "stdev": 0.0149887036532
    },
    "spectral_energyband_high": {
        "max": 0.00797687005252,
        "mean": 0.000407851999626,
        "min": 2.4623371786e-08,
        "stdev": 0.000738732458558
    },
    "spectral_energyband_low": {
        "max": 0.0301976427436,
        "mean": 0.00157093768939,
        "min": 6.24013011929e-07,
        "stdev": 0.00355291110463
    },
    "spectral_energyband_middle_high": {
        "max": 0.133723005652,
        "mean": 0.00568652618676,
        "min": 2.78725622138e-07,
        "stdev": 0.010400975123
    },
    "spectral_energyband_middle_low": {
        "max": 0.0748574659228,
        "mean": 0.00504290591925,
        "min": 3.19973491969e-06,
        "stdev": 0.00612562755123
    },
    "spectral_entropy": {
        "max": 8.08355331421,
        "mean": 7.03706121445,
        "min": 5.04180765152,
        "stdev": 0.553114295006
    },
    "spectral_flux": {
        "max": 0.38160276413,
        "mean": 0.0524658635259,
        "min": 0.00174032396171,
        "stdev": 0.0409155152738
    },
    "spectral_kurtosis": {
        "max": 84.0916595459,
        "mean": 6.47032165527,
        "min": -1.36476814747,
        "stdev": 9.39208316803
    },
    "spectral_rms": {
        "max": 0.0122712468728,
        "mean": 0.00292173004709,
        "min": 8.63570021465e-05,
        "stdev": 0.00181391299702
    },
    "spectral_rolloff": {
        "max": 5189.50195312,
        "mean": 1618.08911133,
        "min": 129.19921875,
        "stdev": 1020.6192627
    },
    "spectral_skewness": {
        "max": 7.30764007568,
        "mean": 1.1607760191,
        "min": -0.505057692528,
        "stdev": 1.05225360394
    },
    "spectral_spread": {
        "max": 4967862,
        "mean": 2503716,
        "min": 911328.1875,
        "stdev": 489421.1875
    },
    "spectral_strongpeak": {
        "max": 12.1481313705,
        "mean": 1.13032317162,
        "min": 0,
        "stdev": 1.31192779541
    },
    "zerocrossingrate": {
        "max": 0.13623046875,
        "mean": 0.0562473982573,
        "min": 0.005859375,
        "stdev": 0.0239787399769
    },
    "barkbands": {
        "max": [0.000213849023567, 0.0194859597832, 0.016196411103, 0.0209304988384, 0.0413641706109, 0.01353504695, 0.0184561070055, 0.0173531677574, 0.0286988746375, 0.10941144824, 0.100032784045, 0.027274729684, 0.0322911068797, 0.0137212239206, 0.0125049641356, 0.0134542398155, 0.0088091660291, 0.00795036088675, 0.0178271848708, 0.0106452489272, 0.00191005819943, 0.000695781549439, 8.99367387319e-06, 1.96437122213e-06, 3.8558681581e-07, 3.62708419743e-07, 3.8781325884e-07],
        "mean": [1.59968240041e-05, 0.000727576087229, 0.000495453772601, 0.000806138501503, 0.000861822045408, 0.000572738528717, 0.000618971185759, 0.000500708643813, 0.00121573288925, 0.00107108720113, 0.00149717880413, 0.000599177030381, 0.000459005561424, 0.000264508416876, 0.00047022124636, 0.000256436265772, 0.000339526275638, 0.000366763910279, 0.00029716611607, 0.000525508425198, 0.000131240143673, 2.90381176455e-05, 3.20429563772e-07, 1.07851249709e-07, 1.58148107943e-08, 6.61589616424e-10, 7.17619907942e-10],
        "min": [3.29010667599e-08, 1.46701609083e-07, 8.20110699351e-08, 1.39225058149e-08, 1.10081472826e-07, 1.07746814137e-07, 2.80138419129e-08, 2.08130312984e-08, 3.80550062573e-08, 2.25860699032e-08, 8.76776606873e-09, 4.81010031805e-09, 3.84078235882e-09, 8.97422580692e-09, 9.4596233069e-09, 1.75289596172e-08, 7.71906627506e-09, 5.34975397315e-09, 1.01803632191e-08, 5.85514969842e-09, 4.51706672067e-09, 2.04488626032e-09, 3.13500003735e-09, 3.67452379635e-09, 4.39664804563e-10, 5.57825174941e-11, 7.49470208117e-11],
        "stdev": [2.15848376683e-05, 0.00209883856587, 0.00113231607247, 0.00214711437002, 0.00201698439196, 0.000884126755409, 0.00110228126869, 0.00104641437065, 0.00235910830088, 0.00389805343002, 0.0051862350665, 0.0015320412349, 0.00166990712751, 0.000698568008374, 0.00102300348226, 0.000769799517002, 0.000718246272299, 0.000683849619236, 0.00063892477192, 0.000988361192867, 0.00025318772532, 6.61076846882e-05, 6.56910799535e-07, 1.05463414002e-07, 1.68636073994e-08, 8.24719048609e-09, 8.82416273384e-09]
    },
    "erbbands": {
        "max": [0.286174833775, 5.1340007782, 18.72149086, 30.9351673126, 75.9253921509, 250.919250488, 100.617591858, 161.32131958, 221.69317627, 154.260040283, 467.021240234, 546.143554688, 1694.49353027, 4538.63037109, 2572.84667969, 539.681640625, 1099.8560791, 944.548583984, 421.622131348, 653.397399902, 716.806335449, 465.455596924, 519.511413574, 302.022674561, 1205.16137695, 391.219207764, 206.188720703, 68.6684112549, 32.4384803772, 5.06074523926, 0.201343804598, 0.0571389682591, 0.0238541699946, 0.00875632558018, 0.00261874077842, 0.00144333671778, 0.000671225250699, 0.00024050999491, 9.10665476113e-05, 0.000188623555005],
        "mean": [0.008680107072, 0.205195918679, 0.615224480629, 1.62890720367, 3.14838457108, 2.87341117859, 3.37364912033, 4.8294301033, 7.41816949844, 9.70176410675, 15.4803152084, 26.743938446, 34.7265663147, 51.5957336426, 40.8307609558, 24.2897129059, 21.2079753876, 16.4154014587, 18.4822044373, 21.1963043213, 15.9569292068, 19.2707252502, 20.7349052429, 15.5788602829, 20.4278888702, 22.6882953644, 9.83826637268, 3.58566570282, 1.38243734837, 0.201174840331, 0.011011544615, 0.00315159629099, 0.001633218606, 0.000416710710851, 3.85403436667e-05, 1.71314677573e-05, 9.0482253654e-06, 3.60583385373e-06, 7.48726097299e-06, 1.50619107444e-05],
        "min": [6.79903359924e-06, 3.11260810122e-05, 0.000128901039716, 0.000125582970213, 0.000278531137155, 0.000440232048277, 0.00145986722782, 0.00126264512073, 0.00094805972185, 0.000931136310101, 0.000360704289051, 0.000949916196987, 0.000710714783054, 0.00103196746204, 0.00049323955318, 0.000259584456217, 0.000315321696689, 0.000798138324171, 0.000456130219391, 0.00055957591394, 0.00103614770342, 0.000588243361562, 0.000417368661147, 0.000472364772577, 0.000563090201467, 0.000257629697444, 0.000228224525927, 0.000155232221005, 8.10674682725e-05, 0.000124112571939, 0.000102242032881, 8.98721336853e-05, 5.00187670696e-05, 1.18431980809e-05, 9.51713900577e-07, 2.8083172765e-07, 1.53584991835e-07, 5.8433482053e-08, 2.05745802617e-08, 9.94175231028e-09],
        "stdev": [0.0241856127977, 0.575125515461, 1.33970701694, 3.86282372475, 7.0712480545, 9.65257263184, 6.03548145294, 8.53313732147, 13.7414703369, 15.8098068237, 32.0678138733, 51.7071838379, 92.2150115967, 188.301040649, 125.108810425, 49.8649101257, 62.934841156, 51.2550125122, 40.77394104, 47.5809669495, 40.4597854614, 39.8132743835, 41.7612571716, 25.4074058533, 44.4639320374, 39.8248023987, 18.8742961884, 7.37019109726, 3.05739998817, 0.409883528948, 0.0189541336149, 0.00368394865654, 0.00148357392754, 0.000385210907552, 7.29639214114e-05, 3.89390188502e-05, 1.89228121599e-05, 7.3306800914e-06, 9.55550331128e-06, 1.8848968466e-05]
    },
    "gfcc": {
        "mean": [-138.084243774, 167.441802979, -189.795288086, 35.3816413879, -53.1848487854, -29.0561180115, -1.50128209591, -13.7481927872, -9.28821086884, -15.4724140167, -1.39620435238, -16.3988304138, 6.43784141541],
        "cov": [[9178.08691406, 27.1631660461, -2399.92871094, 677.942871094, 766.188903809, -659.758666992, 1368.79101562, -465.665863037, -422.253204346, 215.0756073, -599.415405273, -184.754821777, -497.521881104], [27.1631660461, 401.07119751, 325.116638184, 9.26443195343, 58.6405830383, 29.5206108093, -80.0599365234, -57.3270454407, 32.3489456177, -68.4875488281, -46.9729995728, -45.5732688904, -26.8708515167], [-2399.92871094, 325.116638184, 1297.10717773, 190.964767456, -69.9294509888, 293.832458496, -363.680603027, 17.6535263062, 125.202827454, -125.368408203, 55.0972518921, -29.1654090881, 13.8199892044], [677.942871094, 9.26443195343, 190.964767456, 791.411071777, 213.720352173, 22.4447307587, 185.999893188, -118.114593506, -37.6247749329, 22.5587234497, -165.973587036, -114.7605896, -216.74559021], [766.188903809, 58.6405830383, -69.9294509888, 213.720352173, 285.287261963, 18.0318470001, 143.358932495, -7.36400842667, -42.7220115662, -0.53213340044, -92.0333786011, -75.3727645874, -64.2299194336], [-659.758666992, 29.5206108093, 293.832458496, 22.4447307587, 18.0318470001, 270.559875488, -1.5051959753, -18.4014930725, 37.1718063354, -7.70875501633, 28.3542881012, 25.2633666992, -7.71874666214], [1368.79101562, -80.0599365234, -363.680603027, 185.999893188, 143.358932495, -1.5051959753, 420.593933105, -26.0725135803, -126.676383972, 71.5200881958, -62.674911499, -51.7964897156, -114.201713562], [-465.665863037, -57.3270454407, 17.6535263062, -118.114593506, -7.36400842667, -18.4014930725, -26.0725135803, 190.123718262, 30.3522090912, -22.4169807434, 60.9516372681, -8.3542766571, 77.1139755249], [-422.253204346, 32.3489456177, 125.202827454, -37.6247749329, -42.7220115662, 37.1718063354, -126.676383972, 30.3522090912, 165.567611694, 16.5291461945, -6.76614141464, 55.2293663025, 37.6968345642], [215.0756073, -68.4875488281, -125.368408203, 22.5587234497, -0.53213340044, -7.70875501633, 71.5200881958, -22.4169807434, 16.5291461945, 106.477203369, 26.3601093292, 15.2935018539, -24.0282897949], [-599.415405273, -46.9729995728, 55.0972518921, -165.973587036, -92.0333786011, 28.3542881012, -62.674911499, 60.9516372681, -6.76614141464, 26.3601093292, 163.529205322, 47.6645431519, 52.3339881897], [-184.754821777, -45.5732688904, -29.1654090881, -114.7605896, -75.3727645874, 25.2633666992, -51.7964897156, -8.3542766571, 55.2293663025, 15.2935018539, 47.6645431519, 139.437255859, 57.4841194153], [-497.521881104, -26.8708515167, 13.8199892044, -216.74559021, -64.2299194336, -7.71874666214, -114.201713562, 77.1139755249, 37.6968345642, -24.0282897949, 52.3339881897, 57.4841194153, 156.076843262]],
        "icov": [[0.00130858435296, -0.00101950985845, 0.00139388348907, 7.82315328252e-05, -0.00167027069256, 0.0023031309247, -0.00306729995646, 0.00261602154933, -0.00135137850884, 0.0013994013425, 0.000327221408952, -0.00047294003889, 0.000477008376038], [-0.00101950985845, 0.00716858915985, -0.00391683215275, 0.00255288509652, -0.00179376779124, 0.00177244876977, -0.000779442256317, 0.00345307169482, -0.0039970530197, 0.00374377006665, -0.00232509803027, 0.00276361871511, 0.000252944417298], [0.00139388348907, -0.00391683215275, 0.00513645075262, -0.00240072677843, 0.000211507911445, -0.00151753169484, 5.76671982344e-06, 0.000205977092264, 0.000156472058734, 0.00118831417058, -5.2463135944e-05, -0.000152124572196, 0.000113391739433], [7.82315328252e-05, 0.00255288509652, -0.00240072677843, 0.00432569999248, -0.00259915413335, 0.00267180823721, -0.00228588236496, 0.00244218134321, -0.00179086928256, 0.000576882041059, 0.00125576159917, 0.000359582540113, 0.00305976415984], [-0.00167027069256, -0.00179376779124, 0.000211507911445, -0.00259915413335, 0.00965020991862, -0.00628683669493, 0.00511478679255, -0.00748586608097, 0.00510698975995, -0.00439705746248, 0.00303232017905, 0.000923925894313, -0.00142725941259], [0.0023031309247, 0.00177244876977, -0.00151753169484, 0.00267180823721, -0.00628683669493, 0.0133973080665, -0.0108994124457, 0.0104837883264, -0.00853768270463, 0.00699757179245, -0.00342899630778, -0.000278879364487, 0.000803814386018], [-0.00306729995646, -0.000779442256317, 5.76671982344e-06, -0.00228588236496, 0.00511478679255, -0.0108994124457, 0.017932984978, -0.014107552357, 0.013639409095, -0.0121511723846, 0.00560783594847, -0.00266315531917, 0.00250649731606], [0.00261602154933, 0.00345307169482, 0.000205977092264, 0.00244218134321, -0.00748586608097, 0.0104837883264, -0.014107552357, 0.0230070259422, -0.0160993691534, 0.0146736642346, -0.0105956410989, 0.00725647760555, -0.00491748889908], [-0.00135137850884, -0.0039970530197, 0.000156472058734, -0.00179086928256, 0.00510698975995, -0.00853768270463, 0.013639409095, -0.0160993691534, 0.0243610087782, -0.0175950489938, 0.013409874402, -0.0094689084217, 0.00251535908319], [0.0013994013425, 0.00374377006665, 0.00118831417058, 0.000576882041059, -0.00439705746248, 0.00699757179245, -0.0121511723846, 0.0146736642346, -0.0175950489938, 0.0271919574589, -0.0139200175181, 0.00557786505669, -0.000754045147914], [0.000327221408952, -0.00232509803027, -5.2463135944e-05, 0.00125576159917, 0.00303232017905, -0.00342899630778, 0.00560783594847, -0.0105956410989, 0.013409874402, -0.0139200175181, 0.0202820580453, -0.0077470545657, 0.0034786099568], [-0.00047294003889, 0.00276361871511, -0.000152124572196, 0.000359582540113, 0.000923925894313, -0.000278879364487, -0.00266315531917, 0.00725647760555, -0.0094689084217, 0.00557786505669, -0.0077470545657, 0.0158829558641, -0.005792836193], [0.000477008376038, 0.000252944417298, 0.000113391739433, 0.00305976415984, -0.00142725941259, 0.000803814386018, 0.00250649731606, -0.00491748889908, 0.00251535908319, -0.000754045147914, 0.0034786099568, -0.005792836193, 0.0161698199809]]
    },
    "melbands": {
        "max": [0.00430105393752, 0.00725608179346, 0.00744173815474, 0.00946119613945, 0.00521395355463, 0.00315321353264, 0.00354998745024, 0.00148269475903, 0.00430403882638, 0.0043512834236, 0.00992390792817, 0.0196234527975, 0.0121356090531, 0.00313275610097, 0.00199459283613, 0.00344921578653, 0.00157941074576, 0.000643791514449, 0.00136920122895, 0.00126418017317, 0.000667943386361, 0.000643406412564, 0.000526926363818, 0.000540786015335, 0.000194042848307, 0.000880878826138, 0.000614890130237, 0.000310608680593, 0.000226739604841, 6.82428508298e-05, 3.06125548377e-05, 2.60044034803e-05, 1.26006070786e-05, 5.52816914023e-07, 9.64665716197e-08, 5.55624737331e-08, 2.85402528277e-08, 1.6682559334e-08, 1.33685427173e-08, 4.08352285319e-09],
        "mean": [0.000146431921166, 0.000317349447869, 0.000340591184795, 0.000207832301385, 0.000118583899166, 0.000110873574158, 0.000119523116155, 0.000102691847133, 0.000139614829095, 0.000175595021574, 0.000167673948454, 0.000196862296434, 0.000162042328157, 6.69562068651e-05, 6.61698795739e-05, 4.16672410211e-05, 2.84854177153e-05, 2.55408849625e-05, 3.82406069548e-05, 2.09964218811e-05, 1.78110440174e-05, 2.0912502805e-05, 1.7513797502e-05, 1.71319443325e-05, 1.19805854411e-05, 1.10832916107e-05, 1.93068408407e-05, 1.45287285704e-05, 7.51233847041e-06, 3.27930547428e-06, 1.56161388531e-06, 8.70735618719e-07, 2.90949344617e-07, 3.66193724233e-08, 2.14646145302e-09, 1.76521131046e-09, 1.53064105834e-09, 1.15449183546e-09, 7.44070138836e-10, 1.46291534442e-10],
        "min": [7.14701471338e-08, 7.1883100361e-08, 2.0997973138e-08, 2.64214996548e-08, 1.7619131043e-08, 2.32666188538e-08, 1.01947872366e-08, 1.40527447456e-08, 1.4374914592e-09, 5.44097344957e-09, 3.23699489435e-09, 4.12370759761e-09, 1.65530156249e-09, 5.91279636364e-10, 4.77943351562e-10, 7.67412300373e-10, 1.31615873755e-09, 4.02925331988e-10, 8.01250898963e-10, 8.32598656686e-10, 1.10543818543e-09, 5.7510390894e-10, 2.11399106553e-10, 2.60863081136e-10, 2.69287842025e-10, 2.88462892462e-10, 2.25462079562e-10, 1.51336249088e-10, 1.46449213867e-10, 8.44800757127e-11, 7.10388622926e-11, 3.75393535701e-11, 3.38470293459e-11, 7.12638420497e-11, 1.47172413145e-11, 5.1806080259e-11, 4.71666872226e-11, 3.40004517596e-11, 1.88678326435e-11, 4.09717138689e-12],
        "stdev": [0.000423344172304, 0.00069799029734, 0.000768388621509, 0.000470779923489, 0.00024807814043, 0.000183215626748, 0.000212563027162, 0.000169474777067, 0.00030669150874, 0.000352640636265, 0.000480222457554, 0.000750205887016, 0.000560650718398, 0.000184345393791, 0.000156017267727, 0.000192347666598, 8.58274288476e-05, 6.29202768323e-05, 8.78779246705e-05, 5.92549513385e-05, 4.58372742287e-05, 4.64851509605e-05, 3.402546281e-05, 3.51894304913e-05, 2.0432547899e-05, 2.84795987682e-05, 3.93352238461e-05, 2.67566447292e-05, 1.61275438586e-05, 7.03633168087e-06, 3.46942374563e-06, 1.99913006327e-06, 6.98470671523e-07, 7.040557648e-08, 5.56032864196e-09, 2.88714785412e-09, 1.6062521313e-09, 1.03920994032e-09, 6.62392418693e-10, 1.65873620395e-10]
    },
    "melbands128": {
        "max": [0.000102868594695, 0.000794081308413, 0.0068453354761, 0.00960228033364, 0.0108027290553, 0.00728892162442, 0.00660285260528, 0.0137926759198, 0.00808573234826, 0.0082222186029, 0.0197486877441, 0.00897308066487, 0.00332471099682, 0.00251788133755, 0.00516637042165, 0.00381201948039, 0.00457607582211, 0.00416352786124, 0.00449037412181, 0.00249394588172, 0.00250626238994, 0.00626742606983, 0.00567615265027, 0.00857550185174, 0.00450223963708, 0.00961888767779, 0.00662673730403, 0.0123282326385, 0.0286973305047, 0.0321920774877, 0.0311073847115, 0.0285186935216, 0.0233646314591, 0.00811624340713, 0.00763249443844, 0.00346038280986, 0.00142960716039, 0.00400224747136, 0.00246915407479, 0.00462351785973, 0.0064018368721, 0.00570535147563, 0.00162171269767, 0.0015957779251, 0.00122330861632, 0.0015255502658, 0.0021525551565, 0.00276710023172, 0.00275070336647, 0.00126475759316, 0.00212990352884, 0.00280544045381, 0.00124350306578, 0.000837522151414, 0.00164968823083, 0.000975458824541, 0.000917606928851, 0.000665858737193, 0.00137547089253, 0.00118771439884, 0.00121341669001, 0.000496209191624, 0.000369781599147, 0.00020756298909, 0.000520416069776, 0.000868530361913, 0.00141900184099, 0.000887671485543, 0.000865776615683, 0.000502266513649, 0.000488616467919, 0.000693316629622, 0.00076149799861, 0.000222315677092, 0.000131667227834, 0.000116516319395, 0.000127619161503, 9.64499195106e-05, 5.23232192791e-05, 5.29481731064e-05, 3.64414991054e-05, 3.61656530004e-05, 4.51789273939e-05, 4.72886085845e-06, 2.45559886025e-06, 8.3707095655e-07, 5.13099564614e-07, 1.73037918216e-07, 1.11903403877e-07, 2.88902384682e-07, 1.06234324448e-07, 5.67748017488e-08, 3.87637513199e-08, 2.21452154392e-08, 3.54702152094e-08, 2.35575026153e-08, 1.21359295946e-08, 1.40742786314e-08, 1.81271264665e-08, 1.58603050693e-08, 9.99084814879e-09, 3.37852212873e-09, 3.21156345962e-09, 3.08044478814e-09, 2.9711748617e-09, 2.82831225107e-09, 2.69953326359e-09, 2.58688870325e-09, 2.48635756428e-09, 2.38524333618e-09, 2.29831798038e-09, 2.20805485007e-09, 2.11679784812e-09, 2.0604076223e-09, 1.99210581364e-09, 1.92716353986e-09, 1.86948567737e-09, 1.82022019679e-09, 1.76916647998e-09, 1.70953418088e-09, 1.66956359848e-09, 1.64029401173e-09, 1.60474955546e-09, 1.57920920785e-09, 1.55575985428e-09, 1.53985935114e-09, 1.52387480412e-09, 1.51740764398e-09],
        "mean": [9.59961835179e-06, 2.20531273953e-05, 0.000193917134311, 0.000399660522817, 0.000348624307662, 0.000225918745855, 0.000300504645566, 0.000440507079475, 0.000328322144924, 0.000166040408658, 0.000167556354427, 0.00010627618758, 0.000111496003228, 0.000126743718283, 0.000106767023681, 0.000101367615571, 0.000112366047688, 0.000112105910375, 0.000153271583258, 9.88744723145e-05, 8.497111412e-05, 8.78882783582e-05, 0.00016023653734, 0.00018371148326, 0.000138542309287, 0.000215418782318, 0.000151337648276, 0.000212719693081, 0.000120723991131, 0.00010315405234, 0.000283219589619, 0.000274435704341, 0.000111568115244, 0.000145064448589, 6.38150740997e-05, 4.48054161097e-05, 5.50828081032e-05, 0.000103039528767, 3.88378466596e-05, 3.51642593159e-05, 5.45224938833e-05, 3.20193576044e-05, 2.60523920588e-05, 2.97699134535e-05, 1.94196363736e-05, 2.36922496697e-05, 3.28132664436e-05, 4.6593904699e-05, 3.96828072553e-05, 1.77033434738e-05, 2.01704533538e-05, 2.23623555939e-05, 1.52785851242e-05, 1.60487761605e-05, 2.33781647694e-05, 2.23225342779e-05, 1.92786192201e-05, 1.26611830638e-05, 1.70617258846e-05, 2.67242430709e-05, 1.46943812069e-05, 1.1880250895e-05, 1.78068403329e-05, 9.01290241018e-06, 8.82578751771e-06, 9.09399932425e-06, 1.31046272145e-05, 1.97466106329e-05, 2.33238806686e-05, 1.48756816998e-05, 1.26002660181e-05, 1.77031251951e-05, 1.04876762634e-05, 5.34172204425e-06, 3.40731708093e-06, 4.41785323346e-06, 2.41690804614e-06, 2.08491542253e-06, 1.56663679718e-06, 1.01564478427e-06, 8.05506545021e-07, 9.51997094489e-07, 5.65090772398e-07, 1.79860151661e-07, 1.28344098016e-07, 4.5215660549e-08, 8.29302582162e-09, 2.27777441353e-09, 1.89936688599e-09, 1.9521484429e-09, 1.67297897757e-09, 1.83440340695e-09, 1.68264402411e-09, 1.52692336552e-09, 1.45502987436e-09, 1.28365262864e-09, 1.09558517813e-09, 9.65933666386e-10, 8.0263223845e-10, 6.68351596289e-10, 3.03640473875e-10, 8.73769633036e-12, 7.00892816008e-12, 5.59100031897e-12, 5.27642556383e-12, 5.03649379147e-12, 4.84303135789e-12, 4.65516904538e-12, 4.48358451061e-12, 4.31547289223e-12, 4.18558070148e-12, 4.05194757955e-12, 3.90794775013e-12, 3.774776932e-12, 3.65337708003e-12, 3.56587394161e-12, 3.47181961999e-12, 3.38177706324e-12, 3.31747259871e-12, 3.2205390698e-12, 3.12660574514e-12, 3.08076632781e-12, 3.03557179393e-12, 2.96695914365e-12, 2.81367008685e-12, 2.57790013294e-12, 2.44308653169e-12, 2.41479796229e-12],
        "min": [7.44208161763e-09, 3.52276359195e-08, 3.23458770879e-08, 3.95141626086e-08, 4.49364918609e-08, 3.51071172133e-08, 8.20705636784e-09, 4.50588011347e-09, 7.26310211974e-09, 1.33460051899e-08, 2.17725251161e-08, 9.61307922154e-09, 4.47307746398e-09, 9.96642057771e-09, 1.45697871545e-08, 1.26288943747e-08, 9.97808591308e-09, 1.02917905309e-08, 4.01584321352e-09, 2.156268053e-09, 2.51008436258e-09, 8.12744649359e-10, 5.03678265762e-10, 1.23590382373e-09, 1.83453119362e-09, 2.07652961492e-09, 1.50885071104e-09, 1.10137732268e-09, 3.51688733691e-10, 1.29972810292e-09, 2.84593726363e-09, 7.01864621977e-10, 1.04704286907e-10, 4.20940671209e-10, 1.96870256208e-10, 3.95881466497e-10, 2.13327078225e-10, 4.19069293156e-11, 4.86737629368e-11, 9.14137238128e-11, 2.09131101325e-10, 9.41296152135e-10, 7.30022542417e-10, 2.25249582875e-10, 1.87407159236e-10, 1.02916904166e-10, 2.47019488198e-10, 3.88262838547e-10, 4.76781225611e-10, 1.48563272795e-10, 1.991229924e-11, 5.84466697262e-10, 7.41962991047e-10, 1.33684605053e-10, 2.70760303067e-10, 3.00418745436e-10, 1.8056689477e-10, 7.19042742015e-11, 7.85706014139e-11, 1.23779791972e-10, 1.18721574238e-10, 6.89251503094e-11, 1.18256043846e-10, 1.58766749747e-10, 2.13762313406e-10, 7.98102209321e-11, 9.34374660977e-11, 1.10352400828e-10, 1.93916549485e-10, 1.15657969313e-10, 5.32983691903e-11, 6.65840854674e-11, 7.53771420281e-11, 5.98383009809e-11, 5.82030361407e-11, 7.63367702383e-11, 4.9874469138e-11, 1.04860529981e-11, 1.48701224945e-11, 1.43446695494e-11, 3.16059227401e-11, 3.36563589498e-11, 2.0476032328e-11, 1.80886156748e-11, 4.34833245799e-11, 3.24968212062e-11, 2.50891200176e-11, 6.74382988688e-12, 3.51361149377e-12, 1.34369403625e-12, 4.9170251204e-12, 2.32765161312e-11, 3.71893245366e-11, 2.92806785762e-11, 1.737944684e-11, 1.77502977594e-11, 8.4352342819e-12, 1.36370107914e-11, 1.96389259022e-11, 1.10866498274e-11, 1.84383129424e-12, 2.60511908269e-13, 2.12328215448e-13, 1.74235720795e-13, 1.73862728142e-13, 1.82123223837e-13, 1.7643539082e-13, 1.91731396385e-13, 1.75089692636e-13, 2.07635192134e-13, 2.00964340113e-13, 2.17958436672e-13, 1.7842315353e-13, 2.34706866572e-13, 2.1950327569e-13, 2.23650606498e-13, 2.06611651074e-13, 2.32223067815e-13, 2.16054252397e-13, 2.38804988154e-13, 2.23877692643e-13, 2.1015571824e-13, 2.29956976855e-13, 2.13761191907e-13, 1.51711867895e-13, 6.0778842354e-14, 8.28284296483e-15, 2.91329438321e-16],
        "stdev": [1.21707444123e-05, 4.73456311738e-05, 0.000614972261246, 0.00114741525613, 0.000802689581178, 0.000506362004671, 0.00077041820623, 0.00119440781418, 0.000808615819551, 0.000413170928368, 0.000723347417079, 0.000361074518878, 0.000222769507673, 0.000222058442887, 0.00024203574867, 0.000226109332289, 0.000272428296739, 0.000246312149102, 0.000305024645058, 0.000199515663553, 0.000195027561858, 0.000277804036159, 0.000403038196964, 0.000553053454496, 0.000337599747581, 0.000631954579148, 0.000455976056401, 0.000725852500182, 0.000758732436225, 0.000790225574747, 0.00119895592798, 0.00133945222478, 0.000678741489537, 0.000554669997655, 0.000309991301037, 0.000155761066708, 0.000137651251862, 0.000296593119856, 0.000122753102914, 0.000184183139936, 0.000321890227497, 0.00026395029272, 8.6490988906e-05, 8.32211662782e-05, 6.97267969372e-05, 9.23566622077e-05, 0.000120928423712, 0.000135111797135, 0.000138743736898, 6.44717219984e-05, 7.82932766015e-05, 0.00011117777467, 6.59364523017e-05, 5.46635092178e-05, 8.55555044836e-05, 6.15010212641e-05, 5.34634928044e-05, 3.53965697286e-05, 5.03470655531e-05, 7.38532398827e-05, 4.88346486236e-05, 2.66683582595e-05, 3.63776816812e-05, 1.8875407477e-05, 2.88014452963e-05, 3.06517940771e-05, 4.27346603828e-05, 5.0671169447e-05, 5.61584820389e-05, 3.35851727868e-05, 2.72502711596e-05, 4.72780484415e-05, 3.35588520102e-05, 1.34718693516e-05, 8.80931293068e-06, 1.1054740753e-05, 6.01805959377e-06, 5.80758523938e-06, 4.10246320826e-06, 2.92766412713e-06, 2.03941704058e-06, 2.31418448493e-06, 1.92449192582e-06, 3.97759919224e-07, 2.67225203743e-07, 9.63905648632e-08, 2.33450254683e-08, 7.74423458694e-09, 4.74278483154e-09, 8.06109667906e-09, 3.43548745008e-09, 2.81014744807e-09, 2.38747999148e-09, 1.67277469654e-09, 1.79004844281e-09, 1.42939771131e-09, 1.08792908016e-09, 1.03636277338e-09, 8.88275564215e-10, 6.76622202711e-10, 3.76958991799e-10, 7.94997817577e-11, 7.50367754043e-11, 7.00113370056e-11, 6.75029962482e-11, 6.43002248668e-11, 6.13648923342e-11, 5.88191093054e-11, 5.65365532168e-11, 5.42209645238e-11, 5.22433624139e-11, 5.0231922788e-11, 4.81781836648e-11, 4.68541212773e-11, 4.527523495e-11, 4.38126548929e-11, 4.25408354376e-11, 4.13702024027e-11, 4.02397386245e-11, 3.88918203198e-11, 3.8014764947e-11, 3.73442630985e-11, 3.65185000295e-11, 3.59208982004e-11, 3.54099284616e-11, 3.50499976265e-11, 3.46883737012e-11, 3.45387086986e-11]
    },
    "mfcc": {
        "mean": [-758.013000488, 178.974212646, -65.8207015991, 52.378818512, -28.9292411804, -4.49591970444, 2.29314780235, -4.70606422424, 3.15263724327, -1.05252075195, -7.27732563019, -3.35327172279, -0.179431334138],
        "cov": [[10404.2949219, 117.84728241, -3364.99780273, 1632.26989746, -1385.2409668, 745.026733398, 650.445007324, -40.9764060974, 337.852752686, -249.878723145, 526.944152832, -82.8730545044, -502.924865723], [117.84728241, 477.281433105, 112.92061615, -145.546478271, 77.1378555298, -39.3350563049, -66.2079849243, -16.1358604431, -4.82186746597, -1.22215509415, -56.1416625977, -42.7897834778, 2.95229816437], [-3364.99780273, 112.92061615, 1593.04858398, -297.683135986, 536.060852051, 7.21270418167, -246.727828979, 38.6582794189, -73.5798187256, -4.93256425858, -69.5037765503, 19.3165664673, 118.599586487], [1632.26989746, -145.546478271, -297.683135986, 761.896362305, -101.356483459, 270.392028809, 184.289291382, 34.2372550964, 111.606422424, -43.2995071411, 200.752716064, -10.8441801071, -162.303222656], [-1385.2409668, 77.1378555298, 536.060852051, -101.356483459, 423.582214355, -64.1300964355, -98.4403610229, 47.012752533, -12.502448082, 63.9942245483, -97.3421859741, 0.705123305321, 36.7432861328], [745.026733398, -39.3350563049, 7.21270418167, 270.392028809, -64.1300964355, 466.374725342, 85.5165100098, -0.544257283211, 97.2668685913, -124.126739502, 185.78678894, 30.4374084473, -64.1973342896], [650.445007324, -66.2079849243, -246.727828979, 184.289291382, -98.4403610229, 85.5165100098, 343.512023926, 68.4807891846, -31.6362762451, 83.3411483765, 42.5874671936, -11.4873952866, -43.7805557251], [-40.9764060974, -16.1358604431, 38.6582794189, 34.2372550964, 47.012752533, -0.544257283211, 68.4807891846, 115.383911133, 30.2505168915, 21.4006481171, -9.28990745544, 3.26927781105, -3.47582554817], [337.852752686, -4.82186746597, -73.5798187256, 111.606422424, -12.502448082, 97.2668685913, -31.6362762451, 30.2505168915, 165.205566406, -18.7403659821, 32.0031852722, 9.44914054871, -25.9407730103], [-249.878723145, -1.22215509415, -4.93256425858, -43.2995071411, 63.9942245483, -124.126739502, 83.3411483765, 21.4006481171, -18.7403659821, 177.183227539, -54.7180213928, -40.0865936279, 2.52090954781], [526.944152832, -56.1416625977, -69.5037765503, 200.752716064, -97.3421859741, 185.78678894, 42.5874671936, -9.28990745544, 32.0031852722, -54.7180213928, 198.750457764, 37.1203765869, -53.6135025024], [-82.8730545044, -42.7897834778, 19.3165664673, -10.8441801071, 0.705123305321, 30.4374084473, -11.4873952866, 3.26927781105, 9.44914054871, -40.0865936279, 37.1203765869, 129.030029297, 56.1334762573], [-502.924865723, 2.95229816437, 118.599586487, -162.303222656, 36.7432861328, -64.1973342896, -43.7805557251, -3.47582554817, -25.9407730103, 2.52090954781, -53.6135025024, 56.1334762573, 152.910995483]],
        "icov": [[0.00206635822542, -0.00266471598297, 0.00352567643858, -0.00316355051473, 0.00280643044971, -0.00279889651574, 0.00206987722777, -0.00245090038516, 0.00183924695011, -0.000948244938627, 0.0012422617292, -0.000398918520659, 0.000352431408828], [-0.00266471598297, 0.00586179597303, -0.00451324507594, 0.00466277170926, -0.00421296851709, 0.00370497722179, -0.00292777153663, 0.00369649752975, -0.00286802672781, 0.00186415819917, -0.00166292930953, 0.00147338653915, -0.000255370454397], [0.00352567643858, -0.00451324507594, 0.00746294111013, -0.0050986148417, 0.00314310262911, -0.00543508585542, 0.00435733422637, -0.0049112290144, 0.00411910610273, -0.00164449017029, 0.00148921750952, -0.000199540023459, -9.68996537267e-05], [-0.00316355051473, 0.00466277170926, -0.0050986148417, 0.00774981966242, -0.00540803000331, 0.00454765092582, -0.00494834780693, 0.00444308295846, -0.00459008011967, 0.0028078390751, -0.00404902733862, 0.00133975665085, 0.00084193906514], [0.00280643044971, -0.00421296851709, 0.00314310262911, -0.00540803000331, 0.0101751368493, -0.00529914302751, 0.00555939413607, -0.00606726994738, 0.0040537440218, -0.00517194904387, 0.00524935452268, -0.00276273093186, 0.0015454038512], [-0.00279889651574, 0.00370497722179, -0.00543508585542, 0.00454765092582, -0.00529914302751, 0.0105062788352, -0.00735661480576, 0.00660642934963, -0.00714272819459, 0.00680948002264, -0.00612007826567, 0.00207559065893, -0.00073826755397], [0.00206987722777, -0.00292777153663, 0.00435733422637, -0.00494834780693, 0.00555939413607, -0.00735661480576, 0.0117425760254, -0.00915685202926, 0.00819646753371, -0.00823024939746, 0.00389861501753, -0.00231224461459, 0.000703887664713], [-0.00245090038516, 0.00369649752975, -0.0049112290144, 0.00444308295846, -0.00606726994738, 0.00660642934963, -0.00915685202926, 0.0175975747406, -0.00844546593726, 0.00508213648573, -0.00258658220991, 0.00110027799383, -0.000424734578701], [0.00183924695011, -0.00286802672781, 0.00411910610273, -0.00459008011967, 0.0040537440218, -0.00714272819459, 0.00819646753371, -0.00844546593726, 0.0136593431234, -0.00566606735811, 0.00381775619462, -0.00239344569854, 0.000847639807034], [-0.000948244938627, 0.00186415819917, -0.00164449017029, 0.0028078390751, -0.00517194904387, 0.00680948002264, -0.00823024939746, 0.00508213648573, -0.00566606735811, 0.0141578251496, -0.00356502225623, 0.004362589214, -0.00108436367009], [0.0012422617292, -0.00166292930953, 0.00148921750952, -0.00404902733862, 0.00524935452268, -0.00612007826567, 0.00389861501753, -0.00258658220991, 0.00381775619462, -0.00356502225623, 0.0134380152449, -0.00513168796897, 0.00319366157055], [-0.000398918520659, 0.00147338653915, -0.000199540023459, 0.00133975665085, -0.00276273093186, 0.00207559065893, -0.00231224461459, 0.00110027799383, -0.00239344569854, 0.004362589214, -0.00513168796897, 0.0129963709041, -0.00591361196712], [0.000352431408828, -0.000255370454397, -9.68996537267e-05, 0.00084193906514, 0.0015454038512, -0.00073826755397, 0.000703887664713, -0.000424734578701, 0.000847639807034, -0.00108436367009, 0.00319366157055, -0.00591361196712, 0.011635536328]]
    },
    "spectral_contrast_coeffs": {
        "max": [-0.433224827051, -0.482619464397, -0.420279443264, -0.501670539379, -0.547013878822, -0.408777832985],
        "mean": [-0.707336187363, -0.755033969879, -0.714640259743, -0.769579648972, -0.757160484791, -0.650048553944],
        "min": [-0.969264566898, -0.939210772514, -0.910717427731, -0.901483297348, -0.898219227791, -0.86530995369],
        "stdev": [0.0739326551557, 0.0690628439188, 0.100435003638, 0.0664244517684, 0.0641607269645, 0.107412107289]
    },
    "spectral_contrast_valleys": {
        "max": [-5.2635216713, -4.94260501862, -5.20426177979, -5.94426012039, -5.76158094406, -11.5888624191],
        "mean": [-7.85916566849, -7.27219057083, -8.14580345154, -8.55171489716, -8.31952762604, -13.6392621994],
        "min": [-10.4431724548, -11.3767108917, -12.0183649063, -12.2331733704, -12.181728363, -15.2062911987],
        "stdev": [1.01011931896, 1.01075458527, 1.2774014473, 1.28965187073, 1.41106939316, 0.434680193663]
    }
},
"rhythm": {
    "beats_count": 114,
    "beats_loudness": {
        "max": 0.119973130524,
        "mean": 0.0173414219171,
        "min": 1.95273642021e-05,
        "stdev": 0.018715146929
    },
    "bpm": 163.077682495,
    "bpm_histogram_first_peak_bpm": 161,
    "bpm_histogram_first_peak_weight": 0.361111164093,
    "bpm_histogram_second_peak_bpm": 152,
    "bpm_histogram_second_peak_spread": 0.476190447807,
    "bpm_histogram_second_peak_weight": 0.097345136106,
    "danceability": 1.00586104393,
    "onset_rate": 2.4404296875,
    "beats_loudness_band_ratio": {
        "max": [0.979016661644, 0.885760962963, 0.786756515503, 0.830648839474, 0.443647414446, 0.482847392559],
        "mean": [0.207589700818, 0.163419038057, 0.249276325107, 0.246390715241, 0.115805611014, 0.0644969046116],
        "min": [0.00206057610922, 0.000304401532048, 0.00290997256525, 0.00064893317176, 0.000534055579919, 7.28018567315e-05],
        "stdev": [0.255525529385, 0.182839021087, 0.182848438621, 0.205745100975, 0.101350530982, 0.0709180161357]
    },
