{
"metadata": {
    "version": {
        "essentia": "2.1-beta6-dev",
        "essentia_git_sha": "v2.1_beta5-90-gc43a241a",
        "extractor": "music 2.0"
    },
    "audio_properties": {
        "analysis": {
            "equal_loudness": 0,
            "length": 15.7779588699,
            "sample_rate": 44100,
            "start_time": 53.8354644775,
            "downmix": "mix"
        },
        "bit_rate": 192000,
        "length": 204.324005127,
        "lossless": 0,
        "number_channels": 2,
        "replay_gain": -5.7682723999,
        "sample_rate": 48000,
        "codec": "mp3",
        "md5_encoded": "80967d3550f3ba1f5bacff0a93d86c97"
    },
    "tags": {
        "file_name": "Netherlands_Arcade_Duncan Laurence.mp3",
        "encoding": ["Lavf58.29.100"]
    }
},
"lowlevel": {
    "average_loudness": 0.867631494999,
    "barkbands_crest": {
        "max": 25.3491687775,
        "mean": 12.3507843018,
        "min": 4.26132631302,
        "stdev": 5.10063552856
    },
    "barkbands_flatness_db": {
        "max": 0.501115083694,
        "mean": 0.241445109248,
        "min": 0.0615706592798,
        "stdev": 0.0700795054436
    },
    "barkbands_kurtosis": {
        "max": 91.0702133179,
        "mean": 7.27186870575,
        "min": -1.82946360111,
        "stdev": 10.1067209244
    },
    "barkbands_skewness": {
        "max": 7.8025598526,
        "mean": 1.79868674278,
        "min": -3.10236549377,
        "stdev": 1.23214399815
    },
    "barkbands_spread": {
        "max": 79.7350311279,
        "mean": 12.6903409958,
        "min": 0.590656816959,
        "stdev": 12.4008369446
    },
    "dissonance": {
        "max": 0.499876469374,
        "mean": 0.429449647665,
        "min": 0.229179501534,
        "stdev": 0.0476522296667
    },
    "dynamic_complexity": 3.88432621956,
    "erbbands_crest": {
        "max": 30.6701774597,
        "mean": 13.1149320602,
        "min": 3.75193881989,
        "stdev": 6.09202861786
    },
    "erbbands_flatness_db": {
        "max": 0.556748330593,
        "mean": 0.269138157368,
        "min": 0.0934781730175,
        "stdev": 0.0674892738461
    },
    "erbbands_kurtosis": {
        "max": 38.5774765015,
        "mean": 3.76743006706,
        "min": -1.82316577435,
        "stdev": 6.16487121582
    },
    "erbbands_skewness": {
        "max": 5.36787652969,
        "mean": 1.2150002718,
        "min": -4.20602321625,
        "stdev": 1.05771887302
    },
    "erbbands_spread": {
        "max": 126.101066589,
        "mean": 26.8591518402,
        "min": 0.742438673973,
        "stdev": 19.5515632629
    },
    "hfc": {
        "max": 95.1704406738,
        "mean": 12.4212093353,
        "min": 0.146220296621,
        "stdev": 14.1585006714
    },
    "loudness_ebu128": {
        "integrated": -19.9866905212,
        "loudness_range": 5.85580825806,
        "momentary": {
            "max": -15.1810779572,
            "mean": -21.6392993927,
            "min": -32.3116073608,
            "stdev": 4.02101278305
        },
        "short_term": {
            "max": -17.6508178711,
            "mean": -20.5317554474,
            "min": -25.5275764465,
            "stdev": 2.00302934647
        }
    },
    "melbands_crest": {
        "max": 30.6164913177,
        "mean": 14.6766958237,
        "min": 4.11524248123,
        "stdev": 5.34630489349
    },
    "melbands_flatness_db": {
        "max": 0.547124147415,
        "mean": 0.263241499662,
        "min": 0.0635602250695,
        "stdev": 0.0799497663975
    },
    "melbands_kurtosis": {
        "max": 98.1922225952,
        "mean": 12.5661468506,
        "min": -1.91689455509,
        "stdev": 14.7505779266
    },
    "melbands_skewness": {
        "max": 8.47113037109,
        "mean": 2.25335121155,
        "min": -2.13090825081,
        "stdev": 1.48125457764
    },
    "melbands_spread": {
        "max": 229.672332764,
        "mean": 16.5332641602,
        "min": 0.95503538847,
        "stdev": 22.8068790436
    },
    "pitch_salience": {
        "max": 0.826070249081,
        "mean": 0.539016246796,
        "min": 0.11132260412,
        "stdev": 0.136660650373
    },
    "silence_rate_20dB": {
        "max": 1,
        "mean": 1,
        "min": 1,
        "stdev": 0
    },
    "silence_rate_30dB": {
        "max": 1,
        "mean": 1,
        "min": 1,
        "stdev": 0
    },
    "silence_rate_60dB": {
        "max": 1,
        "mean": 0.171806171536,
        "min": 0,
        "stdev": 0.377212703228
    },
    "spectral_centroid": {
        "max": 5166.06982422,
        "mean": 1072.16210938,
        "min": 337.294311523,
        "stdev": 664.763183594
    },
    "spectral_complexity": {
        "max": 31,
        "mean": 10.4464025497,
        "min": 1,
        "stdev": 5.15120649338
    },
    "spectral_decrease": {
        "max": -7.44321826396e-11,
        "mean": -3.53426243827e-09,
        "min": -1.61668491927e-08,
        "stdev": 3.36444050397e-09
    },
    "spectral_energy": {
        "max": 0.0653138905764,
        "mean": 0.0144657716155,
        "min": 0.0002969969064,
        "stdev": 0.0136922840029
    },
    "spectral_energyband_high": {
        "max": 0.010585446842,
        "mean": 0.000457926944364,
        "min": 1.28096733221e-08,
        "stdev": 0.00114491104614
    },
    "spectral_energyband_low": {
        "max": 0.0227977316827,
        "mean": 0.000546797469724,
        "min": 1.37616922302e-08,
        "stdev": 0.00252270163037
    },
    "spectral_energyband_middle_high": {
        "max": 0.0256698280573,
        "mean": 0.00231959973462,
        "min": 7.83727500675e-06,
        "stdev": 0.00325452769175
    },
    "spectral_energyband_middle_low": {
        "max": 0.0618802569807,
        "mean": 0.0112572805956,
        "min": 0.000219116453081,
        "stdev": 0.011705653742
    },
    "spectral_entropy": {
        "max": 8.61212253571,
        "mean": 6.9506726265,
        "min": 4.9643368721,
        "stdev": 0.558414280415
    },
    "spectral_flux": {
        "max": 0.186363384128,
        "mean": 0.0525295846164,
        "min": 0.00496853142977,
        "stdev": 0.0341562181711
    },
    "spectral_kurtosis": {
        "max": 76.3487014771,
        "mean": 6.14681625366,
        "min": -1.05955183506,
        "stdev": 8.02235031128
    },
    "spectral_rms": {
        "max": 0.00798253528774,
        "mean": 0.00335551355965,
        "min": 0.000538287160452,
        "stdev": 0.00168921484146
    },
    "spectral_rolloff": {
        "max": 9603.80859375,
        "mean": 1348.93835449,
        "min": 172.265625,
        "stdev": 1528.27807617
    },
    "spectral_skewness": {
        "max": 6.40870189667,
        "mean": 1.61514139175,
        "min": -0.178282231092,
        "stdev": 0.865787267685
    },
    "spectral_spread": {
        "max": 13548931,
        "mean": 3612806.25,
        "min": 991819.625,
        "stdev": 1522463
    },
    "spectral_strongpeak": {
        "max": 7.33237981796,
        "mean": 1.30262672901,
        "min": 0.0261425096542,
        "stdev": 1.36176097393
    },
    "zerocrossingrate": {
        "max": 0.31640625,
        "mean": 0.049742307514,
        "min": 0.0107421875,
        "stdev": 0.0394247621298
    },
    "barkbands": {
        "max": [8.45353206387e-05, 0.0196594521403, 0.00485796481371, 0.00879621412605, 0.0188773348927, 0.0251610577106, 0.0208800565451, 0.022085737437, 0.0605163127184, 0.00576119311154, 0.0171646885574, 0.00463577033952, 0.0123983006924, 0.0131003791466, 0.00396793661639, 0.00159252143931, 0.00548663502559, 0.000674654031172, 0.00317478738725, 0.00234839110635, 0.00226332107559, 0.00200174981728, 0.00327601074241, 0.00787344761193, 0.00156261981465, 0.000981575227343, 3.9199127059e-05],
        "mean": [1.58060618105e-06, 0.000378635711968, 0.000104871505755, 0.000238967782934, 0.00178091961425, 0.00203929375857, 0.000986386439763, 0.0013057977194, 0.00473344605416, 0.000377819960704, 0.000581198080909, 0.000101276913483, 0.000371573172743, 0.000210370344575, 0.000148967985297, 0.000121094410133, 0.000175753695657, 2.73378536804e-05, 0.000226318719797, 0.000162682656082, 0.000137987430207, 8.29576820252e-05, 7.72368439357e-05, 6.52048911434e-05, 2.00872818823e-05, 7.86741838965e-06, 1.34801453555e-07],
        "min": [4.7397429731e-11, 1.53497159427e-09, 4.29693702841e-09, 1.26700578917e-08, 2.19393712086e-07, 8.11478685137e-07, 1.1217557585e-05, 8.04528326626e-07, 2.86261911242e-06, 2.12501072383e-06, 3.81867891974e-07, 1.83065253623e-07, 3.32418579774e-07, 2.79405526271e-07, 2.00827940944e-07, 2.28120207169e-08, 1.05025094399e-07, 6.07519581308e-08, 9.23325700342e-08, 4.91316356488e-08, 5.33808330871e-10, 3.3958964113e-11, 3.01871409814e-11, 2.21015098584e-11, 2.91057455915e-11, 2.87667563381e-11, 4.27098911793e-11],
        "stdev": [6.04005936111e-06, 0.00213836249895, 0.000425884267315, 0.000666216830723, 0.00236337282695, 0.00376170221716, 0.00166900514159, 0.00289071397856, 0.0107629094273, 0.000701969431248, 0.00152658089064, 0.000292359734885, 0.00124893488828, 0.000888748501893, 0.000377488759113, 0.00023942210828, 0.000454079621704, 6.34398384136e-05, 0.000470922677778, 0.000338244106388, 0.000250787503319, 0.000209371530218, 0.000333443691488, 0.000420070602559, 0.000113218680781, 5.9225691075e-05, 1.65826418197e-06]
    },
    "erbbands": {
        "max": [0.362673223019, 5.15677213669, 8.88779735565, 13.4716405869, 54.1763305664, 98.7658996582, 145.772140503, 220.988342285, 430.723175049, 259.937683105, 613.198303223, 1662.17297363, 324.353515625, 370.374542236, 403.509521484, 215.109558105, 560.863586426, 347.807403564, 492.572418213, 256.832000732, 229.418029785, 218.238174438, 41.7999000549, 108.975471497, 218.405685425, 130.443603516, 91.4689559937, 82.0529403687, 84.1577072144, 67.793762207, 105.85811615, 203.832168579, 67.1676864624, 26.187379837, 6.8246307373, 5.99852848053, 1.57371771336, 0.26474276185, 0.00667395675555, 0.000226172065595],
        "mean": [0.00689267972484, 0.0972255393863, 0.157349765301, 0.428238034248, 2.56128978729, 6.4616560936, 12.1438903809, 16.0144672394, 18.1259765625, 15.8776502609, 50.784450531, 123.311378479, 21.361114502, 18.0455875397, 15.9620943069, 6.18915462494, 17.369178772, 9.25664615631, 8.78701782227, 9.82695579529, 8.66824150085, 6.68644189835, 2.25117397308, 5.03416585922, 13.6078481674, 8.46934604645, 4.43119668961, 6.1531124115, 3.40867781639, 1.95845448971, 2.458963871, 1.7544593811, 0.826471149921, 0.313914418221, 0.0975290238857, 0.0483031310141, 0.0112273748964, 0.00114468624815, 3.76054049411e-05, 1.89443362615e-05],
        "min": [1.74098730099e-07, 3.9328033381e-06, 1.40961137731e-05, 7.70594342612e-05, 0.000383202743251, 0.000812971149571, 0.00912010483444, 0.0382161065936, 0.20027410984, 0.284931868315, 0.176842287183, 0.115733794868, 0.0596183612943, 0.068050891161, 0.0234187208116, 0.0178442783654, 0.0185097884387, 0.014242191799, 0.0113411555067, 0.00823611672968, 0.00308544910513, 0.00648243306205, 0.00647914689034, 0.00327682681382, 0.00511405989528, 0.00231487047859, 0.000220568676013, 1.71634601429e-05, 3.43152350979e-06, 1.57282624969e-06, 1.45520016304e-06, 9.79265450951e-07, 8.23549953566e-07, 7.14944462743e-07, 4.79847926727e-07, 3.56378990318e-07, 1.81111659003e-07, 4.82101292221e-08, 1.535062637e-07, 3.39636301305e-07],
        "stdev": [0.0387678556144, 0.552954673767, 0.748844385147, 1.10513210297, 4.64180517197, 9.98851013184, 20.2471485138, 33.6477165222, 45.4474334717, 19.3175792694, 94.4429168701, 282.271453857, 36.6075286865, 35.9389076233, 37.9631690979, 15.7807426453, 59.2160148621, 25.9887771606, 30.9431724548, 24.6605873108, 17.0803546906, 15.4773654938, 4.14763402939, 12.2066679001, 27.0248565674, 17.8834896088, 8.42152881622, 11.3434371948, 8.07932758331, 6.24471569061, 11.1119737625, 10.9819993973, 4.94822406769, 1.86083424091, 0.4940289855, 0.348537385464, 0.0894040763378, 0.0118788126856, 0.00029575030203, 2.03333493118e-05]
    },
    "gfcc": {
        "mean": [-111.856048584, 122.73789978, -167.715820312, 11.8717956543, -102.777626038, -25.3682823181, -31.087896347, -20.8812828064, -12.7500591278, -11.4616174698, -15.9378271103, -13.0845308304, 0.376976639032],
        "cov": [[8316.70019531, -2875.57714844, 423.25869751, 1163.43493652, -511.751190186, 1307.64172363, -762.084777832, 642.21685791, -612.86920166, 371.99508667, -312.302734375, -277.643737793, 35.0084762573], [-2875.57714844, 2814.98754883, -54.3995513916, -243.869094849, 536.312683105, -387.20993042, 859.280761719, -530.400756836, 463.314147949, -361.188690186, 210.296951294, -129.182006836, -32.5610656738], [423.25869751, -54.3995513916, 1387.96582031, 379.341156006, 5.03466701508, 567.390686035, -157.991851807, 154.48085022, -101.491760254, 97.8556900024, -150.323394775, 70.9343643188, -80.1221466064], [1163.43493652, -243.869094849, 379.341156006, 597.620178223, -55.5760002136, 280.129760742, -143.658004761, 45.671333313, -13.283493042, 13.3433389664, -4.32286739349, -30.7544345856, 29.9815826416], [-511.751190186, 536.312683105, 5.03466701508, -55.5760002136, 314.744293213, -107.74420929, 185.653869629, -26.2928504944, 36.4357261658, -2.57805943489, 15.1299571991, 10.8236780167, -47.344745636], [1307.64172363, -387.20993042, 567.390686035, 280.129760742, -107.74420929, 791.73614502, 4.95186328888, 140.885482788, -124.323371887, 2.93973374367, -17.448802948, -58.4033126831, -73.9918899536], [-762.084777832, 859.280761719, -157.991851807, -143.658004761, 185.653869629, 4.95186328888, 587.123596191, -168.407775879, 113.423103333, -115.597724915, 104.545669556, -44.2797470093, -93.2380447388], [642.21685791, -530.400756836, 154.48085022, 45.671333313, -26.2928504944, 140.885482788, -168.407775879, 264.776702881, -129.980514526, 134.055053711, -42.4140548706, 22.7575340271, 28.8857307434], [-612.86920166, 463.314147949, -101.491760254, -13.283493042, 36.4357261658, -124.323371887, 113.423103333, -129.980514526, 295.375732422, -96.0252151489, 79.9442062378, 3.55571937561, 48.8109550476], [371.99508667, -361.188690186, 97.8556900024, 13.3433389664, -2.57805943489, 2.93973374367, -115.597724915, 134.055053711, -96.0252151489, 253.848007202, -35.513507843, 65.1831130981, 35.97265625], [-312.302734375, 210.296951294, -150.323394775, -4.32286739349, 15.1299571991, -17.448802948, 104.545669556, -42.4140548706, 79.9442062378, -35.513507843, 192.243713379, 14.211853981, 41.289855957], [-277.643737793, -129.182006836, 70.9343643188, -30.7544345856, 10.8236780167, -58.4033126831, -44.2797470093, 22.7575340271, 3.55571937561, 65.1831130981, 14.211853981, 208.068405151, 16.8391170502], [35.0084762573, -32.5610656738, -80.1221466064, 29.9815826416, -47.344745636, -73.9918899536, -93.2380447388, 28.8857307434, 48.8109550476, 35.97265625, 41.289855957, 16.8391170502, 161.387252808]],
        "icov": [[0.000407443934819, 0.000212492537685, 0.000344760366715, -0.000636245124042, -7.95568921603e-05, -0.000536087318324, -2.04544357985e-05, -0.000106579165731, 0.000131171822431, -0.00029544683639, 0.000527826137841, 0.000392853457015, -0.00016786607739], [0.000212492537685, 0.00289657851681, -0.00147788121831, 0.000497639470268, -0.00301520107314, 0.000802763097454, -0.00216403091326, 0.00297380937263, -0.00069929350866, 0.00118076987565, -0.000911101640668, 0.0021729983855, -0.00263214972802], [0.000344760366715, -0.00147788121831, 0.00274667050689, -0.00151069520507, 0.00112635083497, -0.00213590776548, 0.00158849230502, -0.00182497990318, 0.000174666754901, -0.00132341159042, 0.00217402726412, -0.00161384930834, 0.00172116130125], [-0.000636245124042, 0.000497639470268, -0.00151069520507, 0.00375049747527, -0.00107752846088, 0.000394920294639, 0.000214170984691, 0.00172811455559, -0.000583623186685, 0.00076159578748, -0.00169999653008, 0.000532810925506, -0.00114284490701], [-7.95568921603e-05, -0.00301520107314, 0.00112635083497, -0.00107752846088, 0.00808965787292, 0.000462927564513, 0.000336436351063, -0.00455874251202, 0.000557272927836, -0.001557208132, 0.00104421807919, -0.00215074489824, 0.00389982806519], [-0.000536087318324, 0.000802763097454, -0.00213590776548, 0.000394920294639, 0.000462927564513, 0.00414465041831, -0.00191928539425, -0.000419885793235, 0.000155145302415, 0.00153518072329, -0.00200957572088, 0.000986368744634, 0.000168952465174], [-2.04544357985e-05, -0.00216403091326, 0.00158849230502, 0.000214170984691, 0.000336436351063, -0.00191928539425, 0.00537008792162, -0.000524744973518, -5.61380556974e-06, -0.00117012858391, -0.000482720410218, -0.00109872326721, 0.00323244789615], [-0.000106579165731, 0.00297380937263, -0.00182497990318, 0.00172811455559, -0.00455874251202, -0.000419885793235, -0.000524744973518, 0.0111555121839, 0.000827118405141, -0.00100605294574, -0.00151145132259, 0.00212099403143, -0.00429416447878], [0.000131171822431, -0.00069929350866, 0.000174666754901, -0.000583623186685, 0.000557272927836, 0.000155145302415, -5.61380556974e-06, 0.000827118405141, 0.00588807603344, 0.000888970855158, -0.000624383683316, -0.00068589032162, -0.00163874099962], [-0.00029544683639, 0.00118076987565, -0.00132341159042, 0.00076159578748, -0.001557208132, 0.00153518072329, -0.00117012858391, -0.00100605294574, 0.000888970855158, 0.00729026226327, -0.000559219683055, -0.000790005433373, -0.0024134577252], [0.000527826137841, -0.000911101640668, 0.00217402726412, -0.00169999653008, 0.00104421807919, -0.00200957572088, -0.000482720410218, -0.00151145132259, -0.000624383683316, -0.000559219683055, 0.00895021483302, -0.00172802666202, -0.00132260972168], [0.000392853457015, 0.0021729983855, -0.00161384930834, 0.000532810925506, -0.00215074489824, 0.000986368744634, -0.00109872326721, 0.00212099403143, -0.00068589032162, -0.000790005433373, -0.00172802666202, 0.00774802826345, -0.00172289030161], [-0.00016786607739, -0.00263214972802, 0.00172116130125, -0.00114284490701, 0.00389982806519, 0.000168952465174, 0.00323244789615, -0.00429416447878, -0.00163874099962, -0.0024134577252, -0.00132260972168, -0.00172289030161, 0.0121777430177]]
    },
    "melbands": {
        "max": [0.0045956550166, 0.00536514958367, 0.00393613241613, 0.0048039178364, 0.00382141210139, 0.00543610099703, 0.00554397795349, 0.00305281579494, 0.00704126199707, 0.00911743100733, 0.00158275698777, 0.00138546118978, 0.00207238597795, 0.000144534686115, 0.00179922452662, 0.00131406681612, 0.000889669463504, 0.00113532668911, 0.000303354696371, 0.000167711157701, 0.000397475261707, 0.000342777901096, 5.92771539232e-05, 1.95293523575e-05, 0.000100413832115, 0.000136509697768, 0.000126468294184, 7.59848917369e-05, 6.634221063e-05, 7.20200550859e-05, 4.69268852612e-05, 5.81624371989e-05, 4.12593326473e-05, 3.58134966518e-05, 6.85637351125e-05, 0.000119620708574, 0.000124718033476, 5.11414218636e-05, 4.39602663391e-05, 1.56819078256e-05],
        "mean": [8.80814695847e-05, 0.00010069549171, 0.000133794688736, 0.000325228553265, 0.000408421095926, 0.000379230186809, 0.000261353154201, 0.0001777389989, 0.000569777796045, 0.000688355881721, 7.62181298342e-05, 6.75537230563e-05, 7.38217640901e-05, 1.17979507195e-05, 3.31944029313e-05, 2.99832154269e-05, 1.67393027368e-05, 1.61703592312e-05, 1.04729497252e-05, 1.12503785203e-05, 1.17281497296e-05, 8.64710182213e-06, 3.4692520785e-06, 9.89179625321e-07, 3.90850163967e-06, 9.73842543317e-06, 8.17411000753e-06, 5.07696768182e-06, 2.53522148341e-06, 3.20149388244e-06, 3.66143149222e-06, 2.01083093998e-06, 1.30783973873e-06, 9.6564440355e-07, 1.3911892438e-06, 1.41613236337e-06, 9.46466059304e-07, 6.09122707829e-07, 4.27608000564e-07, 2.0113861865e-07],
        "min": [9.04286368009e-10, 2.1360886393e-09, 3.0768738668e-08, 3.52630458167e-08, 2.19532125811e-07, 6.72755561482e-07, 1.62012656801e-06, 2.37620224652e-06, 1.85440740097e-07, 5.62698176054e-07, 2.32967977354e-07, 2.4534728027e-07, 7.44888950521e-08, 2.72749627328e-08, 5.53072645459e-08, 2.6052250135e-08, 2.04416839011e-08, 1.57514730148e-08, 1.28486741247e-08, 4.18607859487e-09, 3.51480555771e-09, 5.51134560212e-09, 6.47450315583e-09, 2.99601166098e-09, 1.48018930446e-09, 3.85131304625e-09, 3.37090932945e-09, 6.3561954311e-11, 4.12580559994e-11, 7.42166571255e-12, 5.73727209404e-13, 6.50400143899e-13, 6.10673621046e-13, 4.04356994936e-13, 4.497782897e-13, 3.73270452091e-13, 2.71781539331e-13, 2.11239025946e-13, 2.40001296831e-13, 2.25177894993e-13],
        "stdev": [0.000494921696372, 0.000503495975863, 0.000301835563732, 0.000481444934849, 0.000613503623754, 0.000808289332781, 0.000615314405877, 0.000241054585786, 0.00110825861339, 0.00155493838247, 0.000165110177477, 0.000139157142257, 0.000193164785742, 2.08303954423e-05, 0.0001189281611, 0.000109920918476, 5.83339715376e-05, 7.03445039107e-05, 2.74802878266e-05, 2.44961884164e-05, 2.82170749415e-05, 2.29454180953e-05, 6.92055937179e-06, 1.87828470644e-06, 1.09372322186e-05, 1.99232745217e-05, 1.66216759681e-05, 1.11231938718e-05, 5.52309711566e-06, 6.3145034801e-06, 7.1639728958e-06, 5.00237547385e-06, 3.65711798622e-06, 3.32696481564e-06, 6.2867034103e-06, 7.83094037615e-06, 6.41163660475e-06, 3.67237726095e-06, 2.71009321295e-06, 1.1349078477e-06]
    },
    "melbands128": {
        "max": [7.67441670178e-05, 0.00195201346651, 0.00818978622556, 0.0100755169988, 0.00665235240012, 0.00166125653777, 0.001860227203, 0.00571997603402, 0.00649487180635, 0.00664289714769, 0.00688150059432, 0.00582727976143, 0.00708149094135, 0.00792636815459, 0.00725440820679, 0.0130314035341, 0.0134276002645, 0.00295433960855, 0.00109121040441, 0.00381053448655, 0.00428002234548, 0.00614994298667, 0.00911291688681, 0.0233411397785, 0.0206688474864, 0.00664237793535, 0.00385861867107, 0.0013975444017, 0.00109566084575, 0.00204556668177, 0.00282844761387, 0.00571901304647, 0.0036616246216, 0.000511614198331, 0.000313135475153, 0.000277486280538, 0.000487475772388, 0.00240236334503, 0.00290840561502, 0.00287410942838, 0.00163863424677, 0.00127170956694, 0.00057044957066, 0.00192112475634, 0.00316449417733, 0.000635302742012, 0.000654630595818, 0.000381844205549, 0.000820416025817, 0.000464533484774, 0.000271824595984, 0.000133742476464, 0.000169954830199, 0.000962977763265, 0.00113016308751, 0.000310658680974, 8.94158438314e-05, 0.000114208472951, 0.000121585988381, 3.38130666933e-05, 2.31586527661e-05, 1.46700449477e-05, 5.09105739184e-05, 0.000257430772763, 0.000307803216856, 0.000171610197867, 0.000424874102464, 0.00015461014118, 0.00021403664141, 0.000343617954059, 0.000156176058226, 0.000136003596708, 9.00021695998e-05, 6.39505742583e-05, 9.35996285989e-05, 6.72638270771e-05, 0.00012183956278, 7.61174887884e-05, 9.82613128144e-05, 7.51786210458e-05, 7.32387052267e-05, 6.36044424027e-05, 4.25835132773e-05, 5.76855709369e-05, 4.01805446018e-05, 3.73734364985e-05, 4.22218945459e-05, 6.00380226388e-05, 0.000115489965538, 0.000114360911539, 0.000104607832327, 0.000221494978177, 0.000147164479131, 0.000103548758489, 0.000135702706757, 5.37027553946e-05, 5.19375753356e-05, 5.21570909768e-05, 4.13810521422e-05, 5.3043342632e-05, 2.69899101113e-05, 1.16363789857e-05, 6.67271706334e-06, 1.10178034447e-05, 7.37732716516e-06, 5.3597727856e-06, 6.56055999571e-06, 1.16798037197e-05, 1.75753248186e-05, 8.06087973615e-06, 7.91017191659e-06, 6.38835899736e-06, 5.17691842106e-06, 3.33309458256e-06, 2.81589109363e-06, 4.3078980525e-06, 1.24440441596e-06, 6.95258108863e-07, 9.8661182335e-08, 2.78539524778e-09, 1.284888973e-09, 3.45043948968e-09, 1.22714338691e-09, 1.20246002044e-09, 1.18843246355e-09, 1.17149356882e-09, 1.16004128525e-09, 1.15346399099e-09],
        "mean": [1.18898162782e-06, 3.05811554426e-05, 0.000138121264172, 0.000173334643478, 9.95217778836e-05, 4.64659788122e-05, 5.57372477488e-05, 0.000152655804413, 0.000253540521953, 0.000339133461239, 0.000350920803612, 0.000422420474933, 0.000444358680397, 0.000372710113879, 0.000301030522678, 0.000471101811854, 0.000395314098569, 0.00019699317636, 0.00012215449533, 0.000184167016414, 0.00016946492542, 0.000244114635279, 0.000392281450331, 0.00116176903248, 0.00125135621056, 0.000230509875109, 0.000127971812617, 7.2483686381e-05, 2.11005317396e-05, 5.6349861552e-05, 6.25858156127e-05, 0.000132986271637, 9.26332140807e-05, 2.11936458072e-05, 1.34695692395e-05, 8.94933964446e-06, 9.20367619983e-06, 2.18139975914e-05, 6.49170979159e-05, 4.3408908823e-05, 1.67667240021e-05, 1.77978072315e-05, 1.10386672532e-05, 1.84822329174e-05, 2.88189767161e-05, 1.09326592792e-05, 1.08643216663e-05, 2.98345639749e-06, 1.52028578668e-05, 1.92143907043e-05, 9.86494251265e-06, 4.22697212343e-06, 5.40367545909e-06, 1.88498142961e-05, 1.94053700397e-05, 4.06011395171e-06, 2.72959391623e-06, 6.03332728133e-06, 2.72340457741e-06, 9.44807084124e-07, 9.74429440248e-07, 7.71144414102e-07, 1.25749397739e-06, 6.24742551736e-06, 6.34786920273e-06, 5.80714413445e-06, 1.87296154763e-05, 6.61515196043e-06, 6.05193326919e-06, 9.08592937776e-06, 4.13305588154e-06, 4.2248839236e-06, 2.97859833154e-06, 1.99721625904e-06, 2.22358744395e-06, 2.78505672213e-06, 4.0096210796e-06, 3.90975083064e-06, 4.24721974923e-06, 2.59508919953e-06, 2.07229413718e-06, 1.72248883246e-06, 1.74278955001e-06, 1.20546292237e-06, 1.0643313999e-06, 9.74628505901e-07, 9.08568836167e-07, 9.47835872012e-07, 1.51505651047e-06, 1.64839411809e-06, 1.43592365021e-06, 1.51055269271e-06, 1.12482905479e-06, 9.17322552141e-07, 8.72323596468e-07, 6.35891183265e-07, 5.88844045524e-07, 4.88648083774e-07, 4.46163255674e-07, 4.25262101089e-07, 2.43601931516e-07, 1.64427234495e-07, 1.32316756662e-07, 1.24188133555e-07, 1.03119425887e-07, 8.52640553717e-08, 8.16549885485e-08, 9.86780221979e-08, 1.19617922678e-07, 5.25766630233e-08, 3.95856325497e-08, 4.61991902512e-08, 3.75958144616e-08, 2.14392574804e-08, 1.42647982315e-08, 1.31796547009e-08, 4.21539825268e-09, 1.77935965961e-09, 2.95898722191e-10, 1.14983682298e-11, 8.99114289965e-12, 1.55604626406e-11, 6.79879243182e-12, 6.66998834636e-12, 6.52631030815e-12, 6.32741819009e-12, 6.21112970084e-12, 6.16993088565e-12],
        "min": [1.14430097342e-11, 2.49525566876e-10, 1.84819909377e-10, 3.11850434365e-10, 2.89808821385e-09, 2.17994244878e-09, 3.67950092617e-09, 4.52928317074e-09, 2.37970549932e-08, 4.62742342222e-08, 1.55810351288e-08, 6.63315233851e-08, 2.11048018173e-07, 7.96471084641e-08, 1.46127963063e-08, 8.35916864617e-08, 5.7374353446e-07, 1.97193742224e-07, 4.53919966503e-07, 1.85920640661e-07, 4.82544173508e-08, 3.52190241415e-08, 4.79448019064e-08, 1.12994015922e-07, 3.81209957823e-07, 2.55240735214e-07, 1.57710729809e-07, 7.7692703826e-08, 5.12836528799e-08, 4.6475509663e-08, 8.73580319194e-08, 2.25937526466e-08, 1.37846134507e-08, 1.17418963441e-08, 1.51819055105e-08, 1.50435006674e-08, 9.54173628998e-09, 1.11222977495e-08, 3.3945781297e-08, 1.2709037378e-08, 1.27003811912e-08, 1.47955017127e-08, 5.77645220545e-09, 5.02575447925e-09, 1.21522383267e-08, 5.98043525812e-09, 7.8382180746e-09, 3.20535442633e-09, 2.18139328823e-09, 8.41159364384e-10, 1.93669413839e-09, 1.18945442384e-09, 8.91822449223e-10, 3.02784086692e-09, 3.37631966829e-09, 3.11300474287e-09, 3.13664849649e-09, 3.11942649489e-09, 5.18348652889e-09, 2.3710311492e-09, 2.34706365454e-09, 1.59251634102e-09, 2.6981389345e-10, 2.00256478067e-10, 2.17421317061e-10, 2.53263920946e-09, 3.32493277355e-09, 2.08568962101e-09, 1.22098664512e-09, 1.39318195869e-10, 4.73114533661e-11, 2.57977701701e-11, 2.31623747959e-11, 3.01073159459e-11, 3.18810221278e-11, 2.80359524658e-12, 4.90852259012e-13, 4.40058119068e-13, 4.93344189285e-13, 6.92166484718e-13, 4.71964047705e-13, 7.03987974686e-13, 6.31996733592e-13, 5.68653143237e-13, 5.93716373808e-13, 2.98039642011e-13, 2.60560616052e-13, 3.04828536545e-13, 3.01641768204e-13, 3.04347503146e-13, 2.82676524332e-13, 3.19213134658e-13, 2.36242151059e-13, 2.29997417596e-13, 1.80229258167e-13, 1.82393678069e-13, 1.69720560847e-13, 1.41574414952e-13, 1.48955961498e-13, 1.47452295057e-13, 1.98090391204e-13, 1.93841823018e-13, 1.35462482702e-13, 1.91564984904e-13, 1.64056959749e-13, 1.45452985593e-13, 1.41464097381e-13, 1.56560338695e-13, 1.22863118334e-13, 1.22114341208e-13, 1.07443886416e-13, 1.47017367356e-13, 1.55628751531e-13, 1.17632384953e-13, 1.54628236214e-13, 1.42010819879e-13, 1.36605584158e-13, 1.34832127559e-13, 1.29021373121e-13, 1.13518054548e-13, 1.339702817e-13, 1.10473038866e-13, 1.33687725061e-13, 1.24548646136e-13, 1.07423862557e-13, 3.30143830568e-14, 5.66964637267e-15, 1.85322669402e-16],
        "stdev": [5.63759340366e-06, 0.000181070674444, 0.00080830801744, 0.00101909250952, 0.000550903612748, 0.000158303882927, 0.00016491972201, 0.000424107478466, 0.000529088894837, 0.000642673461698, 0.000659146287944, 0.000794550753199, 0.000964648614172, 0.000666175386868, 0.0006416568649, 0.001714913873, 0.00144234288018, 0.000304678658722, 0.000140892254421, 0.000306692469167, 0.000344218977261, 0.000666972191539, 0.00112368224654, 0.00318270432763, 0.00318759982474, 0.000702451681718, 0.00036380320671, 0.00018594400899, 5.61254419154e-05, 0.00015084152983, 0.000178213755134, 0.000413966161432, 0.000285011599772, 4.70684390166e-05, 3.55102129106e-05, 2.20767196879e-05, 3.24690518028e-05, 0.0001471566502, 0.000243116373895, 0.000232295758906, 0.000103075137304, 7.08136358298e-05, 3.24942884617e-05, 0.000116103015898, 0.00018812919734, 4.40956537204e-05, 4.64529839519e-05, 1.62119449669e-05, 6.17611585767e-05, 6.05495733907e-05, 2.88519131573e-05, 9.87582916423e-06, 1.34521314976e-05, 6.08272021054e-05, 6.64186081849e-05, 1.53786513692e-05, 7.14433235771e-06, 1.25985570776e-05, 9.52601931203e-06, 2.99427165373e-06, 2.0316242626e-06, 1.56228372816e-06, 3.78059530703e-06, 2.1508163627e-05, 2.44751681748e-05, 1.7253214537e-05, 4.7129655286e-05, 1.72503569047e-05, 1.87006462511e-05, 3.11570875056e-05, 1.31476672323e-05, 1.19251608339e-05, 8.07337346487e-06, 5.43480746273e-06, 5.47517265659e-06, 6.10378583588e-06, 1.01410605566e-05, 8.3413979155e-06, 1.07029691208e-05, 6.54609812045e-06, 5.83028213441e-06, 5.11379175805e-06, 4.47871934739e-06, 3.84799386666e-06, 3.33264119945e-06, 3.48990874954e-06, 3.3803153201e-06, 3.96921905121e-06, 7.33082333682e-06, 8.47156206873e-06, 7.35957337383e-06, 1.06802108348e-05, 7.60331340643e-06, 6.12306712355e-06, 6.53815595797e-06, 3.85862813346e-06, 3.48218077306e-06, 3.20244976137e-06, 2.71940484708e-06, 3.20682647725e-06, 1.55877091856e-06, 8.59406156906e-07, 6.74474790685e-07, 6.7107544055e-07, 5.17474859407e-07, 4.07255271284e-07, 4.68824197242e-07, 6.60264333874e-07, 9.73562691797e-07, 4.48592516022e-07, 3.8015048176e-07, 3.69154179225e-07, 3.09114625452e-07, 1.9479996638e-07, 1.46072679286e-07, 1.76938485197e-07, 5.18689979856e-08, 2.81197465313e-08, 4.20322443517e-09, 1.31919419832e-10, 8.28728821678e-11, 1.7166053301e-10, 7.27623655772e-11, 7.14348996622e-11, 7.05902281073e-11, 6.95996801858e-11, 6.8942379583e-11, 6.85782611254e-11]
    },
    "mfcc": {
        "mean": [-735.464294434, 139.532058716, -23.0259742737, 15.6325054169, -49.1028175354, -8.37517642975, -30.4570083618, -16.088394165, -7.37401771545, -5.97357177734, -10.7234630585, -9.31227684021, -5.70925235748],
        "cov": [[7609.38330078, -2454.06274414, 185.682769775, 333.534393311, 159.911880493, 592.253234863, 201.024032593, -20.5249404907, -18.1187400818, 417.127655029, -120.285560608, -108.498687744, 39.652130127], [-2454.06274414, 2307.62084961, -187.47833252, 129.729797363, -203.954391479, 191.314376831, 98.349899292, 210.250442505, 39.4804725647, 4.47551202774, 140.146499634, -4.3275809288, -33.7145347595], [185.682769775, -187.47833252, 1449.00158691, -53.5843467712, 393.137786865, 361.627838135, 158.010162354, 225.261978149, 68.8382263184, 123.447135925, -60.7213134766, 99.3475952148, -34.9863967896], [333.534393311, 129.729797363, -53.5843467712, 454.744628906, 13.5526714325, 62.3480529785, -72.1311950684, -36.426322937, 2.00718355179, 18.7175140381, -42.4098701477, 34.7783851624, 92.6837921143], [159.911880493, -203.954391479, 393.137786865, 13.5526714325, 383.404052734, -21.7243442535, -0.477420866489, -4.60356092453, 42.8075180054, 38.1607780457, -41.7131500244, 25.2346744537, 16.1777229309], [592.253234863, 191.314376831, 361.627838135, 62.3480529785, -21.7243442535, 480.26272583, 161.245849609, 231.622772217, -2.86729168892, 130.683395386, 42.0333404541, 14.6289863586, 13.9671707153], [201.024032593, 98.349899292, 158.010162354, -72.1311950684, -0.477420866489, 161.245849609, 419.049346924, 128.262771606, 10.5023603439, 62.2429161072, 125.254997253, -28.2309055328, -14.7154150009], [-20.5249404907, 210.250442505, 225.261978149, -36.426322937, -4.60356092453, 231.622772217, 128.262771606, 310.751708984, -25.5617961884, 61.7266311646, 30.8473396301, 21.3326244354, -20.3539409637], [-18.1187400818, 39.4804725647, 68.8382263184, 2.00718355179, 42.8075180054, -2.86729168892, 10.5023603439, -25.5617961884, 143.124282837, -3.2038795948, 15.8738851547, -6.32918357849, 4.88957214355], [417.127655029, 4.47551202774, 123.447135925, 18.7175140381, 38.1607780457, 130.683395386, 62.2429161072, 61.7266311646, -3.2038795948, 209.296844482, 22.4656486511, -13.6264448166, 8.53863239288], [-120.285560608, 140.146499634, -60.7213134766, -42.4098701477, -41.7131500244, 42.0333404541, 125.254997253, 30.8473396301, 15.8738851547, 22.4656486511, 159.140014648, -31.2597045898, 15.6722412109], [-108.498687744, -4.3275809288, 99.3475952148, 34.7783851624, 25.2346744537, 14.6289863586, -28.2309055328, 21.3326244354, -6.32918357849, -13.6264448166, -31.2597045898, 135.833908081, 9.02458000183], [39.652130127, -33.7145347595, -34.9863967896, 92.6837921143, 16.1777229309, 13.9671707153, -14.7154150009, -20.3539409637, 4.88957214355, 8.53863239288, 15.6722412109, 9.02458000183, 161.155166626]],
        "icov": [[0.000418816780439, 0.000533253711183, 0.000310961622745, -0.00036960223224, -0.000179844020749, -0.000859005609527, -0.000210596321267, 0.000174580462044, -0.000197122892132, -0.000447155645816, 0.000275585975032, 0.000258099258645, 0.000372326729121], [0.000533253711183, 0.00122542597819, 0.000474578904686, -0.000735315494239, -5.64818838029e-05, -0.00114591326565, -0.000180918825208, -0.000204689567909, -0.000528069795109, -0.000470416853204, -0.000119805212307, 0.000285381509457, 0.000750313862227], [0.000310961622745, 0.000474578904686, 0.00183776568156, 9.77463350864e-05, -0.00166801770683, -0.0018726795679, -0.000412327848608, -8.73598546605e-05, -0.000649970141239, -0.0002667538065, 0.000873230048455, -0.000563813198823, 0.000627102330327], [-0.00036960223224, -0.000735315494239, 9.77463350864e-05, 0.00336256669834, -0.00028207275318, -0.000281901651761, 0.000384501909139, 0.000662139675114, 0.000169433609699, 0.000245362665737, 0.000836617138702, -0.000844022026286, -0.00185630575288], [-0.000179844020749, -5.64818838029e-05, -0.00166801770683, -0.00028207275318, 0.00466970447451, 0.00205484312028, 1.51372005348e-05, -0.000258420972386, -0.000606575107668, -0.000682754849549, 0.000178319969564, 0.000100010467577, -0.000813946127892], [-0.000859005609527, -0.00114591326565, -0.0018726795679, -0.000281901651761, 0.00205484312028, 0.00686940224841, -0.000127997234813, -0.0028016322758, 0.000261165609118, -0.000792472856119, -0.00088065181626, -0.000171895604581, -0.00131064362358], [-0.000210596321267, -0.000180918825208, -0.000412327848608, 0.000384501909139, 1.51372005348e-05, -0.000127997234813, 0.00393853290007, -0.000801863672677, 0.000111958172056, 0.000103573140223, -0.00294998171739, 0.000305913010379, 0.00023211952066], [0.000174580462044, -0.000204689567909, -8.73598546605e-05, 0.000662139675114, -0.000258420972386, -0.0028016322758, -0.000801863672677, 0.00610792543739, 0.00119839143008, -0.000194835592993, 0.00030486297328, -0.000673210714012, 0.000463430245873], [-0.000197122892132, -0.000528069795109, -0.000649970141239, 0.000169433609699, -0.000606575107668, 0.000261165609118, 0.000111958172056, 0.00119839143008, 0.00798481144011, 0.000620696635451, -0.00122362049296, 0.000348430592567, -0.000276355800452], [-0.000447155645816, -0.000470416853204, -0.0002667538065, 0.000245362665737, -0.000682754849549, -0.000792472856119, 0.000103573140223, -0.000194835592993, 0.000620696635451, 0.00660994602367, -0.000821976922452, 0.000552888785023, -0.000385422608815], [0.000275585975032, -0.000119805212307, 0.000873230048455, 0.000836617138702, 0.000178319969564, -0.00088065181626, -0.00294998171739, 0.00030486297328, -0.00122362049296, -0.000821976922452, 0.0103011270985, 0.00109758868348, -0.00153945758939], [0.000258099258645, 0.000285381509457, -0.000563813198823, -0.000844022026286, 0.000100010467577, -0.000171895604581, 0.000305913010379, -0.000673210714012, 0.000348430592567, 0.000552888785023, 0.00109758868348, 0.00872097164392, -0.000327998073772], [0.000372326729121, 0.000750313862227, 0.000627102330327, -0.00185630575288, -0.000813946127892, -0.00131064362358, 0.00023211952066, 0.000463430245873, -0.000276355800452, -0.000385422608815, -0.00153945758939, -0.000327998073772, 0.00794621556997]]
    },
    "spectral_contrast_coeffs": {
        "max": [-0.204750806093, -0.368956685066, -0.420977026224, -0.605082511902, -0.55285435915, -0.436769068241],
        "mean": [-0.594514250755, -0.700278997421, -0.736452460289, -0.768446862698, -0.774193227291, -0.655101418495],
        "min": [-0.924690544605, -0.883751988411, -0.875694155693, -0.912884712219, -0.899595022202, -0.922339975834],
        "stdev": [0.112065337598, 0.0956937596202, 0.068552441895, 0.0611049346626, 0.0687192454934, 0.0745816528797]
    },
    "spectral_contrast_valleys": {
        "max": [-5.44243955612, -5.3547706604, -6.22035074234, -6.85864114761, -6.58584928513, -7.87677192688],
        "mean": [-8.59961414337, -6.83495378494, -8.13083267212, -8.69697093964, -8.68529129028, -12.4875888824],
        "min": [-12.3640785217, -8.96290588379, -10.0477676392, -10.7464027405, -11.7481384277, -16.7785549164],
        "stdev": [1.3197054863, 0.645890235901, 0.729149281979, 0.7293176651, 0.847907543182, 1.87423765659]
    }
},
"rhythm": {
    "beats_count": 33,
    "beats_loudness": {
        "max": 0.0599178820848,
        "mean": 0.0177867282182,
        "min": 0.000508815399371,
        "stdev": 0.0142318746075
    },
    "bpm": 143.615142822,
    "bpm_histogram_first_peak_bpm": 144,
    "bpm_histogram_first_peak_weight": 0.545454502106,
    "bpm_histogram_second_peak_bpm": 98,
    "bpm_histogram_second_peak_spread": 0,
    "bpm_histogram_second_peak_weight": 0.09375,
    "danceability": 0.883070588112,
    "onset_rate": 3.16664767265,
    "beats_loudness_band_ratio": {
        "max": [0.863438904285, 0.879777550697, 0.925754845142, 0.654574275017, 0.261192858219, 0.92760771513],
        "mean": [0.167459741235, 0.278248071671, 0.393032550812, 0.0866485983133, 0.0460363849998, 0.0831511169672],
        "min": [2.14789433812e-05, 0.00404955772683, 0.0186729561538, 0.00198229099624, 0.00219781906344, 0.00103241822217],
        "stdev": [0.249365717173, 0.222937136889, 0.253605902195, 0.124522559345, 0.063411436975, 0.164588332176]
    },
    "beats_position": [0.603718817234, 1.21904754639, 1.83437633514, 2.4497051239, 3.01859402657, 3.56426286697, 4.1099319458, 4.63238096237, 5.14321994781, 5.66566896439, 6.09523820877, 6.52480697632, 6.9543762207, 7.38394546509, 7.79029464722, 8.19664382935, 8.6146030426, 9.0093421936, 9.42730140686, 9.85687065125, 10.2864398956, 10.6927890778, 11.0991382599, 11.5170974731, 11.9350566864, 12.3530158997, 12.7709751129, 13.1889343262, 13.6068935394, 14.0248527527, 14.4312019348, 14.8375511169, 15.2555103302],
