{
"metadata": {
    "version": {
        "essentia": "2.1-beta6-dev",
        "essentia_git_sha": "v2.1_beta5-90-gc43a241a",
        "extractor": "music 2.0"
    },
    "audio_properties": {
        "analysis": {
            "equal_loudness": 0,
            "length": 45.9639015198,
            "sample_rate": 44100,
            "start_time": 69.6134262085,
            "downmix": "mix"
        },
        "bit_rate": 192000,
        "length": 204.324005127,
        "lossless": 0,
        "number_channels": 2,
        "replay_gain": -5.73318099976,
        "sample_rate": 48000,
        "codec": "mp3",
        "md5_encoded": "80967d3550f3ba1f5bacff0a93d86c97"
    },
    "tags": {
        "file_name": "Netherlands_Arcade_Duncan Laurence.mp3",
        "encoding": ["Lavf58.29.100"]
    }
},
"lowlevel": {
    "average_loudness": 0.834428727627,
    "barkbands_crest": {
        "max": 24.6042919159,
        "mean": 11.3417673111,
        "min": 3.45958685875,
        "stdev": 4.21029853821
    },
    "barkbands_flatness_db": {
        "max": 0.504458248615,
        "mean": 0.22550535202,
        "min": 0.0596274025738,
        "stdev": 0.0699307471514
    },
    "barkbands_kurtosis": {
        "max": 72.6477050781,
        "mean": 5.16620969772,
        "min": -1.88994395733,
        "stdev": 7.4936208725
    },
    "barkbands_skewness": {
        "max": 7.10708618164,
        "mean": 1.48716819286,
        "min": -2.26582241058,
        "stdev": 1.10951507092
    },
    "barkbands_spread": {
        "max": 83.2216339111,
        "mean": 13.6706171036,
        "min": 0.742864429951,
        "stdev": 11.1517324448
    },
    "dissonance": {
        "max": 0.500000119209,
        "mean": 0.433494955301,
        "min": 0.228149101138,
        "stdev": 0.0458079129457
    },
    "dynamic_complexity": 3.87821006775,
    "erbbands_crest": {
        "max": 29.8400783539,
        "mean": 13.2832069397,
        "min": 2.94874787331,
        "stdev": 5.74615049362
    },
    "erbbands_flatness_db": {
        "max": 0.435691446066,
        "mean": 0.237584859133,
        "min": 0.065797559917,
        "stdev": 0.0633093938231
    },
    "erbbands_kurtosis": {
        "max": 41.4176292419,
        "mean": 2.91407489777,
        "min": -1.87776887417,
        "stdev": 4.46711492538
    },
    "erbbands_skewness": {
        "max": 5.34950399399,
        "mean": 1.05549502373,
        "min": -3.86987304688,
        "stdev": 0.986278414726
    },
    "erbbands_spread": {
        "max": 120.195426941,
        "mean": 25.8523960114,
        "min": 2.58430433273,
        "stdev": 17.0119857788
    },
    "hfc": {
        "max": 120.65096283,
        "mean": 16.0304889679,
        "min": 0.0863836333156,
        "stdev": 14.7795267105
    },
    "loudness_ebu128": {
        "integrated": -17.6798648834,
        "loudness_range": 5.56863880157,
        "momentary": {
            "max": -13.665140152,
            "mean": -19.4449157715,
            "min": -34.1147918701,
            "stdev": 4.47090291977
        },
        "short_term": {
            "max": -15.1631603241,
            "mean": -18.5095443726,
            "min": -24.1179542542,
            "stdev": 2.05930781364
        }
    },
    "melbands_crest": {
        "max": 30.4070186615,
        "mean": 14.9233322144,
        "min": 4.66800832748,
        "stdev": 5.10947132111
    },
    "melbands_flatness_db": {
        "max": 0.677275657654,
        "mean": 0.281660169363,
        "min": 0.0491972789168,
        "stdev": 0.0952964350581
    },
    "melbands_kurtosis": {
        "max": 97.0678253174,
        "mean": 10.0754680634,
        "min": -1.80883872509,
        "stdev": 12.2588329315
    },
    "melbands_skewness": {
        "max": 8.63170433044,
        "mean": 2.03287863731,
        "min": -0.650668680668,
        "stdev": 1.34232115746
    },
    "melbands_spread": {
        "max": 260.000640869,
        "mean": 15.9805698395,
        "min": 1.03397011757,
        "stdev": 16.8571128845
    },
    "pitch_salience": {
        "max": 0.838963568211,
        "mean": 0.511200785637,
        "min": 0.168722853065,
        "stdev": 0.115083277225
    },
    "silence_rate_20dB": {
        "max": 1,
        "mean": 1,
        "min": 1,
        "stdev": 0
    },
    "silence_rate_30dB": {
        "max": 1,
        "mean": 0.999495208263,
        "min": 0,
        "stdev": 0.0224619433284
    },
    "silence_rate_60dB": {
        "max": 1,
        "mean": 0.112064614892,
        "min": 0,
        "stdev": 0.315444856882
    },
    "spectral_centroid": {
        "max": 5216.84912109,
        "mean": 985.78137207,
        "min": 220.552108765,
        "stdev": 630.80859375
    },
    "spectral_complexity": {
        "max": 40,
        "mean": 13.5234727859,
        "min": 0,
        "stdev": 6.8650097847
    },
    "spectral_decrease": {
        "max": -3.97940777552e-11,
        "mean": -7.1739987284e-09,
        "min": -3.40191128601e-08,
        "stdev": 5.35268585011e-09
    },
    "spectral_energy": {
        "max": 0.134293571115,
        "mean": 0.0285303480923,
        "min": 0.000158027149155,
        "stdev": 0.0211761463434
    },
    "spectral_energyband_high": {
        "max": 0.0139335440472,
        "mean": 0.000419288116973,
        "min": 4.38765801469e-10,
        "stdev": 0.000869512674399
    },
    "spectral_energyband_low": {
        "max": 0.103450991213,
        "mean": 0.0107808317989,
        "min": 7.84947218335e-08,
        "stdev": 0.0123466132209
    },
    "spectral_energyband_middle_high": {
        "max": 0.0343173071742,
        "mean": 0.00381527957506,
        "min": 5.35892513653e-06,
        "stdev": 0.00491210073233
    },
    "spectral_energyband_middle_low": {
        "max": 0.0874751880765,
        "mean": 0.0140983005986,
        "min": 0.000100665471109,
        "stdev": 0.013460396789
    },
    "spectral_entropy": {
        "max": 8.58915710449,
        "mean": 7.03464698792,
        "min": 4.91900157928,
        "stdev": 0.524613320827
    },
    "spectral_flux": {
        "max": 0.247786581516,
        "mean": 0.0719540789723,
        "min": 0.00381853803992,
        "stdev": 0.0397344604135
    },
    "spectral_kurtosis": {
        "max": 253.206817627,
        "mean": 9.41817378998,
        "min": -1.18587327003,
        "stdev": 20.5079975128
    },
    "spectral_rms": {
        "max": 0.0114463148639,
        "mean": 0.00480487337336,
        "min": 0.000392648478737,
        "stdev": 0.00217891670763
    },
    "spectral_rolloff": {
        "max": 9948.33984375,
        "mean": 989.135070801,
        "min": 86.1328125,
        "stdev": 1151.45458984
    },
    "spectral_skewness": {
        "max": 13.2149801254,
        "mean": 1.82519960403,
        "min": -0.561677396297,
        "stdev": 1.29431045055
    },
    "spectral_spread": {
        "max": 13660522,
        "mean": 3482229.25,
        "min": 349105.59375,
        "stdev": 1490031.375
    },
    "spectral_strongpeak": {
        "max": 7.42568874359,
        "mean": 1.22971272469,
        "min": 0,
        "stdev": 1.4473938942
    },
    "zerocrossingrate": {
        "max": 0.34375,
        "mean": 0.0391004569829,
        "min": 0.00439453125,
        "stdev": 0.0300405882299
    },
    "barkbands": {
        "max": [0.00222449866123, 0.0803215801716, 0.0477286204696, 0.028434317559, 0.0213023461401, 0.0310076586902, 0.0381322912872, 0.050245963037, 0.0767122656107, 0.0208408683538, 0.0303091742098, 0.0165724698454, 0.0152691071853, 0.00808366108686, 0.0073379939422, 0.00306538119912, 0.0032933964394, 0.00144532194827, 0.00614324957132, 0.0033701127395, 0.00314203742892, 0.0029054521583, 0.00288204988465, 0.00799514446408, 0.00317760114558, 0.00130619166885, 2.35297866311e-05],
        "mean": [0.000130582193378, 0.00610155658796, 0.00411888351664, 0.00081249588402, 0.00200941390358, 0.00182626885362, 0.00202467269264, 0.00225928984582, 0.00478085363284, 0.000760041177273, 0.00115231110249, 0.000324184948113, 0.000579998712055, 0.000348043104168, 0.000177688227268, 0.00010326935444, 9.20620004763e-05, 6.78851138218e-05, 0.000346336950315, 0.000164618715644, 0.000138854069519, 9.75190196186e-05, 4.06668550568e-05, 4.40013573098e-05, 2.19917692448e-05, 6.78002334098e-06, 8.06617137528e-08],
        "min": [1.74949596476e-10, 1.24954517844e-08, 7.97606813929e-10, 1.53787205193e-08, 4.17297883359e-07, 2.38143243791e-07, 6.44228293822e-07, 2.63659626398e-06, 1.60238369062e-06, 8.87184967269e-07, 2.97645669889e-07, 3.50130619609e-07, 3.87865583207e-07, 1.93327878151e-07, 8.85785453875e-08, 2.08485340103e-09, 1.7801854213e-08, 1.50781378494e-08, 4.60259524937e-10, 2.24883139888e-10, 4.00425491376e-11, 2.13498160123e-11, 2.17727936375e-11, 1.60255506781e-11, 2.07544120778e-11, 2.77737520482e-11, 4.03751823641e-11],
        "stdev": [0.000216080996324, 0.00792602542788, 0.00579858152196, 0.00133568141609, 0.00251087057404, 0.00329423346557, 0.00318608549424, 0.00524018052965, 0.0108623933047, 0.00191363191698, 0.0027445750311, 0.000866556889378, 0.00133364880458, 0.000805900956038, 0.000503365939949, 0.000247226969805, 0.000194201697013, 0.000135013615363, 0.000653248280287, 0.000338280195137, 0.000216127285967, 0.000193471860257, 0.000162670927239, 0.000332699273713, 0.000133390392875, 5.48131974938e-05, 1.02570515992e-06]
    },
    "erbbands": {
        "max": [2.42205762863, 19.7734031677, 48.8102684021, 82.8433074951, 84.1354446411, 83.2505569458, 165.552047729, 335.038970947, 398.853485107, 1503.50317383, 1442.44091797, 2187.35717773, 950.320678711, 828.295898438, 1445.24658203, 461.053985596, 698.376403809, 443.627624512, 462.842224121, 317.309387207, 185.805541992, 110.235588074, 40.8629722595, 231.093093872, 268.467193604, 164.502105713, 68.4733200073, 142.486602783, 122.737861633, 57.7402801514, 90.0680770874, 212.581008911, 89.2988128662, 59.5336990356, 11.4546670914, 9.58798122406, 0.528202354908, 0.0721801221371, 0.00405535893515, 0.00015233772865],
        "mean": [0.129047945142, 1.52525520325, 5.08742809296, 3.28805685043, 4.19817352295, 7.55757427216, 9.49049854279, 16.0737552643, 22.3424396515, 48.9037704468, 62.871383667, 122.332084656, 31.4231700897, 25.4137573242, 46.4810905457, 16.2560329437, 26.3553695679, 19.7720031738, 10.7797164917, 9.18649196625, 5.3273100853, 4.46235132217, 3.68254733086, 11.1260871887, 17.2400684357, 8.72010993958, 5.46814870834, 5.48100376129, 3.78726172447, 2.06387782097, 1.15381145477, 1.01006960869, 0.6473929286, 0.308789402246, 0.129897147417, 0.0518299750984, 0.0057207592763, 0.00046388086048, 3.24013926729e-05, 3.39773323503e-05],
        "min": [4.36095461964e-07, 1.88859746686e-06, 1.14517961265e-05, 0.000131987748318, 0.000236043924815, 0.00182644720189, 0.00229234225117, 0.00231668935157, 0.0084669534117, 0.043804526329, 0.148220226169, 0.040422540158, 0.0246710218489, 0.0295872241259, 0.0221134275198, 0.0197225138545, 0.0171878635883, 0.0170011557639, 0.0143914297223, 0.00386498612352, 0.000331284187268, 0.00207495666109, 0.00195370009169, 0.00221558334306, 0.000176445551915, 2.75642050838e-05, 6.96697270541e-06, 2.66270649263e-06, 2.03385320674e-06, 2.05233823181e-06, 1.87339878721e-06, 9.12928214802e-07, 8.47194087328e-07, 7.23573464256e-07, 4.53380067711e-07, 2.79241476164e-07, 1.67748794411e-07, 4.8068503844e-08, 8.55254853604e-08, 1.80036579422e-07],
        "stdev": [0.213492974639, 1.94739747047, 6.80300712585, 4.67599964142, 6.27351236343, 10.1771640778, 15.533495903, 30.9326953888, 38.5406341553, 96.6944961548, 131.253128052, 281.214050293, 84.0997848511, 47.0868034363, 120.676483154, 30.6307983398, 59.1697845459, 42.6389198303, 27.5062103271, 24.8805122375, 12.1433944702, 7.40798997879, 5.58767461777, 22.5944805145, 32.5774497986, 17.6712188721, 8.54787445068, 9.24093437195, 7.46655750275, 4.64614343643, 5.14700126648, 7.95090675354, 4.48321914673, 2.17948079109, 0.669756472111, 0.400129526854, 0.0336765572429, 0.00329506467097, 0.000153150525875, 2.53228281508e-05]
    },
    "gfcc": {
        "mean": [-70.774055481, 154.908828735, -134.132537842, 34.1548919678, -72.6999511719, 1.02627754211, -9.47561645508, -5.13957881927, -9.88029575348, -3.14254713058, -5.02803850174, -13.7479162216, -2.72859621048],
        "cov": [[9851.08300781, -2752.7043457, 185.223342896, 1800.67443848, -622.395812988, 1752.04760742, -256.159576416, 703.48046875, -281.951660156, 430.272735596, -9.5120382309, -60.0006217957, -266.386138916], [-2752.7043457, 2829.63037109, 300.164581299, -497.319152832, 964.398071289, -691.598999023, 621.147644043, -310.895751953, 274.508209229, -318.989349365, 296.623199463, 8.98718547821, 143.16027832], [185.223342896, 300.164581299, 1487.75976562, 66.9958724976, 51.2983970642, 361.871124268, -156.491394043, 175.849182129, -109.444396973, 158.073913574, 102.815742493, 195.115524292, 86.0377883911], [1800.67443848, -497.319152832, 66.9958724976, 718.014648438, -231.821884155, 336.199737549, -23.5454311371, -15.8414726257, 112.943702698, 35.3041610718, 37.0796661377, -39.5792961121, 5.79353427887], [-622.395812988, 964.398071289, 51.2983970642, -231.821884155, 833.735595703, -179.726486206, 239.41859436, 29.9653453827, -54.7648048401, -41.9674339294, 32.4025497437, 63.3421401978, -57.3031005859], [1752.04760742, -691.598999023, 361.871124268, 336.199737549, -179.726486206, 645.190795898, -99.5960617065, 193.55519104, -104.078659058, 111.720497131, 37.6133346558, 40.2883224487, -38.6393928528], [-256.159576416, 621.147644043, -156.491394043, -23.5454311371, 239.41859436, -99.5960617065, 427.207092285, -84.4314041138, 99.4616088867, -100.120956421, 71.3548660278, -11.5185241699, -42.174697876], [703.48046875, -310.895751953, 175.849182129, -15.8414726257, 29.9653453827, 193.55519104, -84.4314041138, 279.528808594, -118.386871338, 106.825737, -16.3993778229, 24.3891201019, -17.9590682983], [-281.951660156, 274.508209229, -109.444396973, 112.943702698, -54.7648048401, -104.078659058, 99.4616088867, -118.386871338, 328.429168701, -70.3470230103, 51.7764472961, -39.5867004395, 45.5129737854], [430.272735596, -318.989349365, 158.073913574, 35.3041610718, -41.9674339294, 111.720497131, -100.120956421, 106.825737, -70.3470230103, 191.81741333, -34.519744873, 56.472038269, -8.98241901398], [-9.5120382309, 296.623199463, 102.815742493, 37.0796661377, 32.4025497437, 37.6133346558, 71.3548660278, -16.3993778229, 51.7764472961, -34.519744873, 178.501525879, -12.632144928, 27.1163959503], [-60.0006217957, 8.98718547821, 195.115524292, -39.5792961121, 63.3421401978, 40.2883224487, -11.5185241699, 24.3891201019, -39.5867004395, 56.472038269, -12.632144928, 150.025543213, -10.4485940933], [-266.386138916, 143.16027832, 86.0377883911, 5.79353427887, -57.3031005859, -38.6393928528, -42.174697876, -17.9590682983, 45.5129737854, -8.98241901398, 27.1163959503, -10.4485940933, 151.499053955]],
        "icov": [[0.000449330516858, -0.000276620849036, 0.000335578544764, -0.00102605228312, 0.000235028463067, -0.000677159172483, 0.000128678861074, -0.000889233371709, 0.000358584395144, -0.000354495743522, 0.000210380807403, 1.24497610159e-05, 0.000581188069191], [-0.000276620849036, 0.00420312257484, -0.00212346250191, 0.00179991743062, -0.00326392333955, 0.00274669984356, -0.00286237499677, 0.00243044248782, -0.0014218762517, 0.00224759918638, -0.00336441560648, 0.00117788417265, -0.00311995786615], [0.000335578544764, -0.00212346250191, 0.00228671170771, -0.00125316192862, 0.00145815336145, -0.00213935691863, 0.00174636160955, -0.00165346683934, 0.000872583652381, -0.00147944246419, 0.00101295637432, -0.00174000079278, 0.000990799861029], [-0.00102605228312, 0.00179991743062, -0.00125316192862, 0.00517003796995, -0.00133053481113, 0.000487217825139, -0.00112861080561, 0.00359783158638, -0.0022052610293, 0.000737663300242, -0.00127499760129, 0.00111156783532, -0.00224659987725], [0.000235028463067, -0.00326392333955, 0.00145815336145, -0.00133053481113, 0.00440499326214, -0.0014139348641, 0.00117592304014, -0.00268367957324, 0.00156193668954, -0.00141969707329, 0.00236834585667, -0.00156004342716, 0.00295016192831], [-0.000677159172483, 0.00274669984356, -0.00213935691863, 0.000487217825139, -0.0014139348641, 0.00622327718884, -0.00196762825362, 0.000272403267445, -0.000241199566517, 0.00192566064652, -0.0030658566393, 6.78476353642e-05, -0.00131283863448], [0.000128678861074, -0.00286237499677, 0.00174636160955, -0.00112861080561, 0.00117592304014, -0.00196762825362, 0.00576939294115, -0.00109816226177, 4.16325055994e-05, -0.000550101220142, 0.00111768499482, -0.00116628245451, 0.00307572260499], [-0.000889233371709, 0.00243044248782, -0.00165346683934, 0.00359783158638, -0.00268367957324, 0.000272403267445, -0.00109816226177, 0.00917063653469, -0.000644154613838, -0.000910941278562, -0.00161812873557, 0.00193451053929, -0.00266045471653], [0.000358584395144, -0.0014218762517, 0.000872583652381, -0.0022052610293, 0.00156193668954, -0.000241199566517, 4.16325055994e-05, -0.000644154613838, 0.00528298504651, -0.000508326105773, 0.000324215943692, -0.000339273887221, 0.000328739726683], [-0.000354495743522, 0.00224759918638, -0.00147944246419, 0.000737663300242, -0.00141969707329, 0.00192566064652, -0.000550101220142, -0.000910941278562, -0.000508326105773, 0.00977020803839, -0.000944538449403, -0.00196374440566, -0.00147659296636], [0.000210380807403, -0.00336441560648, 0.00101295637432, -0.00127499760129, 0.00236834585667, -0.0030658566393, 0.00111768499482, -0.00161812873557, 0.000324215943692, -0.000944538449403, 0.0100423116237, 0.00018257542979, 0.00131758046336], [1.24497610159e-05, 0.00117788417265, -0.00174000079278, 0.00111156783532, -0.00156004342716, 6.78476353642e-05, -0.00116628245451, 0.00193451053929, -0.000339273887221, -0.00196374440566, 0.00018257542979, 0.0100459074602, -0.000167962760315], [0.000581188069191, -0.00311995786615, 0.000990799861029, -0.00224659987725, 0.00295016192831, -0.00131283863448, 0.00307572260499, -0.00266045471653, 0.000328739726683, -0.00147659296636, 0.00131758046336, -0.000167962760315, 0.0109822480008]]
    },
    "melbands": {
        "max": [0.0201547723264, 0.0199832059443, 0.0131637882441, 0.00510735716671, 0.00428037624806, 0.00653957016766, 0.00575949624181, 0.0151521768421, 0.0118105076253, 0.0119139729068, 0.00458725448698, 0.00312054110691, 0.00421908637509, 0.00217982009053, 0.00155937671661, 0.00143209774978, 0.000983532401733, 0.000721624062862, 0.000347208493622, 0.000322540319758, 0.000294298864901, 0.000175247099833, 8.26971590868e-05, 7.39648385206e-05, 0.000213950843317, 0.000317312573316, 0.000193863597815, 9.39185702009e-05, 6.68250213494e-05, 8.6182859377e-05, 7.63240241213e-05, 7.24393612472e-05, 5.11197722517e-05, 3.21411280311e-05, 5.48018979316e-05, 0.000108358261059, 0.000138919262099, 7.02018951415e-05, 5.24879906152e-05, 4.76357708976e-05],
        "mean": [0.00139858410694, 0.0023851194419, 0.00061120238388, 0.000427130522439, 0.000346295128111, 0.000364030885976, 0.000358522549504, 0.000523075694218, 0.000653139781207, 0.000676644966006, 0.000128525818582, 9.10793387447e-05, 0.000162791533512, 5.54742800887e-05, 5.62065943086e-05, 4.77752437291e-05, 3.63662657037e-05, 1.80245569936e-05, 1.17582430903e-05, 9.99821531877e-06, 6.03411808697e-06, 4.60025648863e-06, 4.18676472691e-06, 3.03602178064e-06, 9.24491541809e-06, 1.38330915433e-05, 8.79469916981e-06, 5.14111934535e-06, 3.14728322337e-06, 3.62043601854e-06, 2.99029238704e-06, 2.23187566917e-06, 1.64506411693e-06, 9.10472579108e-07, 6.4648395437e-07, 5.99814939051e-07, 6.33873128209e-07, 4.8547502729e-07, 3.43121371316e-07, 2.29871531587e-07],
        "min": [4.21712531562e-09, 8.16432255135e-09, 3.22663957775e-08, 7.5653574072e-08, 7.55274243147e-08, 4.85942130979e-08, 1.29113516323e-07, 4.79769710182e-07, 9.09836387564e-07, 1.96951376097e-07, 1.11965668737e-07, 1.14949649799e-07, 5.32669801601e-08, 4.63345166679e-08, 4.55731559157e-08, 3.65387506918e-08, 1.73908230039e-08, 2.27156480292e-08, 5.81505910091e-09, 3.13396891771e-10, 1.24170201898e-10, 7.56599893847e-10, 3.11205672343e-10, 8.01149813157e-10, 2.61342961161e-11, 1.78402570494e-11, 9.76449303358e-12, 4.56898885046e-12, 2.25731022416e-12, 7.2147214418e-13, 3.28828137679e-13, 3.68161610139e-13, 3.86022756729e-13, 3.44658356759e-13, 3.9982489433e-13, 2.17329490992e-13, 1.75729995334e-13, 1.9410825215e-13, 1.49749096044e-13, 1.70355035959e-13],
        "stdev": [0.00198919861577, 0.00288622453809, 0.000783585768659, 0.000576594553422, 0.000486327306135, 0.000685172562953, 0.000579543353524, 0.00104796828236, 0.00133183191065, 0.00153735862114, 0.000411742570577, 0.000180591247045, 0.000393475929741, 0.000147037717397, 0.000131437540404, 0.000112257359433, 8.51360600791e-05, 4.94934392918e-05, 2.9779617762e-05, 2.57070423686e-05, 1.66641457326e-05, 9.29628731683e-06, 7.09018786438e-06, 6.03481885264e-06, 2.02621940844e-05, 2.76791415672e-05, 1.77302808879e-05, 1.05132421595e-05, 5.42247789781e-06, 5.90739773543e-06, 5.3736503105e-06, 4.49019898952e-06, 3.60798435395e-06, 2.34425010603e-06, 2.80321728496e-06, 3.80341725759e-06, 5.50875893168e-06, 3.39931762028e-06, 2.41568773163e-06, 1.63208983395e-06]
    },
    "melbands128": {
        "max": [0.00222131982446, 0.0192322209477, 0.0352217666805, 0.0334909819067, 0.0253757238388, 0.0211762338877, 0.0191071219742, 0.014269917272, 0.00849585980177, 0.00812551379204, 0.00629043672234, 0.00675342930481, 0.00837298668921, 0.0132582075894, 0.0120936660096, 0.011739384383, 0.0117469159886, 0.00606277305633, 0.00727669149637, 0.0279834717512, 0.0175938718021, 0.0198198892176, 0.0212643574923, 0.0230337418616, 0.0266457498074, 0.00863269343972, 0.0109340921044, 0.0076567013748, 0.00421519810334, 0.00276064453647, 0.00649121822789, 0.004008453805, 0.0071920780465, 0.00913901347667, 0.00522081879899, 0.00248829415068, 0.00202639377676, 0.00173330341931, 0.00442872522399, 0.00160329090431, 0.00327056879178, 0.00200241571292, 0.0014833107125, 0.00125588383526, 0.00154932716396, 0.00139312504325, 0.00103269389365, 0.000435526046203, 0.000882810098119, 0.000626491906587, 0.000708549749106, 0.000249628326856, 0.000414118840126, 0.000462969823275, 0.000650275556836, 6.09755516052e-05, 8.36600956973e-05, 0.000138164221426, 0.000100172088423, 7.92220016592e-05, 8.07154283393e-05, 0.000207630830118, 0.000260120112216, 0.000538254156709, 0.000576041871682, 0.000648772402201, 0.000483602954773, 0.0002260311594, 0.000478624628158, 0.000369604531443, 0.000177442605491, 0.000119278825878, 0.000214756233618, 4.98855915794e-05, 9.75722141447e-05, 0.000100113058579, 0.000110367756861, 0.000126930099213, 7.73470455897e-05, 7.67114906921e-05, 7.67213932704e-05, 6.85087507009e-05, 0.000107730927994, 6.10525385127e-05, 4.75167216791e-05, 4.12968802266e-05, 4.08016276197e-05, 4.23242126999e-05, 6.23364612693e-05, 7.1533380833e-05, 7.49355531298e-05, 0.000122499914141, 0.000190893333638, 0.000159481802257, 0.000220736925257, 7.34730638214e-05, 7.5778014434e-05, 4.83762232761e-05, 5.35972685611e-05, 4.91767095809e-05, 8.96735509741e-05, 4.41630800196e-05, 2.06867516681e-05, 2.10699818126e-05, 1.33951507451e-05, 1.38346549647e-05, 1.38308860187e-05, 5.44043869013e-05, 1.35994077937e-05, 2.73737623502e-06, 2.03285344469e-06, 2.52705490311e-06, 1.4400618511e-06, 8.35963760437e-07, 4.87582667574e-07, 1.15886200547e-06, 7.33672095521e-07, 5.18161016316e-07, 5.17142268563e-07, 5.61466926285e-08, 8.34618596457e-09, 8.13377543096e-09, 7.97131427532e-09, 7.81984788034e-09, 7.70082930757e-09, 7.60517337994e-09, 7.54053797181e-09, 7.49985407111e-09],
        "mean": [0.000123863050248, 0.000898016092833, 0.00166259205434, 0.00284680444747, 0.00305899349041, 0.00167866097763, 0.000620345817879, 0.000388741580537, 0.00040175038157, 0.000457844405901, 0.000429897481808, 0.000362450868124, 0.00027280676295, 0.000395572627895, 0.000369841902284, 0.000360086472938, 0.000344511936419, 0.000320089369779, 0.000379852892365, 0.000703969912138, 0.000476933812024, 0.0003258564102, 0.000454641412944, 0.00124749913812, 0.00121000560466, 0.000191068567801, 0.000158200331498, 0.000163144562976, 5.74547048018e-05, 8.72196978889e-05, 9.14294287213e-05, 0.000118710901006, 0.000203400297323, 0.000188344187336, 5.07381992065e-05, 2.87998809654e-05, 2.81385691778e-05, 4.11224973504e-05, 0.000104238722997, 4.78110487165e-05, 3.74615920009e-05, 3.64735315088e-05, 4.14122914663e-05, 3.34194410243e-05, 2.39335604419e-05, 1.41476321005e-05, 1.48186381921e-05, 6.36275217403e-06, 1.45575986608e-05, 1.54295867105e-05, 9.36524520512e-06, 4.50980041933e-06, 4.5902625061e-06, 7.93365597929e-06, 6.4022638071e-06, 2.90773573397e-06, 3.91299181501e-06, 6.59906891087e-06, 3.10368204737e-06, 2.23623828788e-06, 2.49457480095e-06, 3.22374216921e-06, 7.11862639946e-06, 1.20481563499e-05, 1.2351812984e-05, 1.06602892629e-05, 2.00314825634e-05, 9.52373375185e-06, 5.56404847885e-06, 8.63914374349e-06, 3.98636848331e-06, 4.90938919029e-06, 3.33016078002e-06, 2.17028104998e-06, 3.77398191631e-06, 3.47959735336e-06, 3.98948395741e-06, 3.29647423314e-06, 3.04131935991e-06, 2.31187550526e-06, 2.34523190557e-06, 2.14479496208e-06, 2.03417084776e-06, 1.50089829276e-06, 1.56722182965e-06, 9.84901589618e-07, 7.02029922195e-07, 6.1958940023e-07, 6.61538877011e-07, 6.67805807097e-07, 5.91681271089e-07, 5.75224930799e-07, 6.09550284025e-07, 6.64854269417e-07, 6.65598918204e-07, 4.98178678754e-07, 4.80841777062e-07, 3.90213187984e-07, 3.58712497928e-07, 3.07747058059e-07, 2.74123493682e-07, 2.15343519017e-07, 1.85540059761e-07, 1.51663357428e-07, 1.37229193342e-07, 1.31717129648e-07, 1.04934727574e-07, 1.9029620546e-07, 8.99822722999e-08, 2.64352788548e-08, 2.20979163856e-08, 2.42833770869e-08, 1.48929197863e-08, 6.16855100333e-09, 4.39625846838e-09, 4.47205295018e-09, 1.89014093266e-09, 1.0525026406e-09, 6.74771960529e-10, 7.77386974238e-11, 8.69803968434e-12, 9.90365775499e-12, 1.13344915051e-11, 7.65129366115e-12, 7.47149390967e-12, 7.2717613181e-12, 7.15136630469e-12, 7.10433404813e-12],
        "min": [1.82030623214e-11, 2.2036250602e-10, 2.47941178699e-09, 3.30651284131e-09, 1.86420323622e-09, 4.28471702563e-10, 6.54463772065e-09, 9.85053372204e-09, 1.0778154369e-08, 2.11043964526e-08, 4.20742516383e-08, 3.11850527623e-08, 2.72213966923e-08, 6.144401965e-08, 1.61554840616e-08, 4.75996797533e-09, 1.61249129604e-08, 4.64453435711e-08, 1.05922978832e-07, 1.67165808307e-07, 1.55628526954e-07, 1.26027529745e-07, 1.27277317574e-07, 1.47404449535e-07, 7.28711881948e-08, 1.15278368185e-07, 1.18532128113e-07, 2.86818071515e-08, 2.86620966961e-08, 7.3782786103e-08, 4.25900843481e-08, 1.24065202556e-08, 1.23199406232e-08, 3.65763952459e-08, 1.45149252617e-08, 7.69289165703e-09, 9.88885506814e-09, 1.20355183597e-08, 1.56445771893e-08, 2.45653364317e-08, 1.26430226288e-08, 1.12452198664e-08, 5.84907322576e-09, 7.92740451061e-09, 1.02538653124e-08, 6.17893469723e-09, 8.00331356743e-09, 1.38008804385e-09, 7.23162418836e-10, 1.76885811554e-10, 1.12782824746e-10, 3.96016483495e-11, 7.28994434263e-11, 9.32258992226e-11, 2.19079449026e-10, 3.1823174651e-10, 5.53689483151e-10, 1.43791964446e-10, 1.24741675323e-10, 1.60594496035e-10, 4.85430098895e-11, 3.25170654292e-11, 4.05027435202e-11, 1.99343180851e-11, 1.20571989892e-11, 1.95568387873e-11, 7.82185080594e-12, 7.49268962846e-12, 7.99567530241e-12, 6.54823894761e-12, 2.92818395399e-12, 2.23210035524e-12, 5.85236557566e-13, 1.25137736545e-12, 5.19640970878e-13, 4.19330233514e-13, 4.37613378694e-13, 2.30266570785e-13, 2.2274811661e-13, 1.7078218451e-13, 3.48937838259e-13, 2.53444807459e-13, 3.28902324213e-13, 2.4774109088e-13, 1.75295026975e-13, 2.41701108997e-13, 2.07257510308e-13, 2.25129092343e-13, 2.52882838368e-13, 2.62883356576e-13, 1.6517767243e-13, 2.39354624445e-13, 1.51622136613e-13, 1.52909857085e-13, 1.48939522282e-13, 1.42497369156e-13, 1.03668599584e-13, 1.35447181899e-13, 1.56458288166e-13, 1.03331040014e-13, 1.36661393465e-13, 1.6961321128e-13, 1.32646850318e-13, 1.35952962213e-13, 1.19046076165e-13, 1.1314039305e-13, 1.2972946556e-13, 1.06276329425e-13, 1.21023376325e-13, 1.10959581367e-13, 1.32080747706e-13, 1.07387602771e-13, 1.09620903392e-13, 1.1557993603e-13, 1.27525851749e-13, 1.08897808306e-13, 1.21549051748e-13, 9.9284133432e-14, 1.10964548368e-13, 9.94238057769e-14, 1.06624649702e-13, 1.26073075048e-13, 1.28263041464e-13, 1.1521199847e-13, 8.50834837697e-14, 4.03499153848e-14, 4.48627781788e-15, 1.42873626485e-16],
        "stdev": [0.00020837970078, 0.00166079367045, 0.00298086134717, 0.0036783949472, 0.00411499803886, 0.00237479014322, 0.00102989771403, 0.000644004554488, 0.000708400155418, 0.000825374620035, 0.000668172899168, 0.000606792338658, 0.000621616432909, 0.00096301647136, 0.000919512065593, 0.00101728364825, 0.000882268126588, 0.000671392481308, 0.000754941138439, 0.00165432039648, 0.00126672233455, 0.0011636990821, 0.00159022479784, 0.00323876459152, 0.00313633913174, 0.000551165023353, 0.000648419489153, 0.000657746742945, 0.000193021434825, 0.000195147382328, 0.000301551335724, 0.000294082565233, 0.0005566686159, 0.000687880383339, 0.000209340985748, 9.30746391532e-05, 9.46056388784e-05, 0.000116302508104, 0.000310264236759, 0.000131721404614, 0.000173628650373, 0.000119812815683, 0.000122825047583, 0.00010561709496, 0.000102857178717, 6.75112896715e-05, 6.14738091826e-05, 1.99757123482e-05, 5.96378849878e-05, 5.69007679587e-05, 3.39817852364e-05, 1.28844521896e-05, 1.71736901393e-05, 2.79057203443e-05, 2.64560658252e-05, 5.60434364161e-06, 7.85353222454e-06, 1.45605727084e-05, 7.08137940819e-06, 5.79487368668e-06, 5.69043777432e-06, 1.01747646113e-05, 2.41134839598e-05, 3.37725541613e-05, 3.80733108614e-05, 3.6032670323e-05, 4.62769312435e-05, 2.31521098613e-05, 2.08637611649e-05, 2.70225664281e-05, 1.03284046418e-05, 1.18563466458e-05, 9.84508642432e-06, 4.57751912109e-06, 7.9594365161e-06, 7.15135001883e-06, 8.49317166285e-06, 7.67980873206e-06, 6.31027569398e-06, 5.1489391808e-06, 5.3049948292e-06, 5.02441343997e-06, 5.35748586117e-06, 4.12532335758e-06, 3.67980123883e-06, 2.8752349408e-06, 2.11030055652e-06, 2.38315192291e-06, 3.01272143588e-06, 3.36694756697e-06, 3.26903614223e-06, 4.06161598221e-06, 5.52937717657e-06, 6.13629254076e-06, 6.61890680931e-06, 3.50756181433e-06, 3.37668529937e-06, 2.69935276265e-06, 2.52791187449e-06, 2.25196026804e-06, 2.50130756285e-06, 1.55312682182e-06, 1.02718729522e-06, 7.99705048848e-07, 6.72548083003e-07, 7.45878082853e-07, 6.76770639529e-07, 2.05902779271e-06, 6.38311007606e-07, 1.37927941068e-07, 1.28418179202e-07, 1.53378721279e-07, 8.74953371977e-08, 3.9962525733e-08, 2.8745747116e-08, 4.35311378055e-08, 2.3092244561e-08, 1.76406320662e-08, 1.33303936778e-08, 1.73527892056e-09, 1.8863864637e-10, 1.88487725428e-10, 1.94086177685e-10, 1.7569246058e-10, 1.7302065336e-10, 1.70874397964e-10, 1.69423683416e-10, 1.68509345366e-10]
    },
    "mfcc": {
        "mean": [-701.834106445, 165.451370239, -1.94870746136, 31.554983139, -28.2634429932, 10.7604017258, -1.36220371723, 0.782796978951, 0.572975337505, 4.91842985153, 4.71622562408, -0.172852799296, -0.501314580441],
        "cov": [[9302.26464844, -2740.84082031, 20.9512882233, 572.238342285, 18.0452346802, 751.014465332, 460.536102295, 235.240036011, 95.6918563843, 311.098754883, 297.055664062, 150.129577637, 270.018920898], [-2740.84082031, 2627.21118164, -184.544845581, 192.386413574, 205.761886597, -51.6514778137, 166.18586731, 215.211837769, -14.2222185135, -121.011474609, 31.0053768158, 16.1506652832, 66.7510528564], [20.9512882233, -184.544845581, 1561.68383789, -172.78717041, 218.333938599, 71.8419342041, 30.6779747009, -14.2044782639, -5.38074588776, -37.8785972595, -75.7980880737, 176.466033936, 32.1486587524], [572.238342285, 192.386413574, -172.78717041, 459.445739746, -43.6106033325, 174.013473511, -33.9162521362, 48.9744644165, 28.1727771759, 45.6009750366, 28.9297904968, 7.038813591, 58.6308479309], [18.0452346802, 205.761886597, 218.333938599, -43.6106033325, 432.881256104, -7.53497648239, 126.779792786, 36.4646530151, 15.1748895645, -18.4113521576, -12.6651535034, 27.1236515045, 47.0272521973], [751.014465332, -51.6514778137, 71.8419342041, 174.013473511, -7.53497648239, 328.184906006, 51.9914741516, 114.640945435, -3.14917588234, 56.543384552, 35.1169776917, 26.550825119, 32.0396385193], [460.536102295, 166.18586731, 30.6779747009, -33.9162521362, 126.779792786, 51.9914741516, 399.328399658, 105.881912231, -10.7767181396, -47.575252533, 111.644691467, -13.9209241867, 18.5329627991], [235.240036011, 215.211837769, -14.2044782639, 48.9744644165, 36.4646530151, 114.640945435, 105.881912231, 233.309539795, -16.3549098969, 30.69008255, 51.7121620178, 24.2046260834, 8.48575115204], [95.6918563843, -14.2222185135, -5.38074588776, 28.1727771759, 15.1748895645, -3.14917588234, -10.7767181396, -16.3549098969, 147.811294556, -2.77205657959, 7.1999745369, 2.60933375359, 25.0727424622], [311.098754883, -121.011474609, -37.8785972595, 45.6009750366, -18.4113521576, 56.543384552, -47.575252533, 30.69008255, -2.77205657959, 183.021316528, -8.41157150269, 3.74137091637, 1.89790689945], [297.055664062, 31.0053768158, -75.7980880737, 28.9297904968, -12.6651535034, 35.1169776917, 111.644691467, 51.7121620178, 7.1999745369, -8.41157150269, 163.627471924, 0.471459776163, 23.2133960724], [150.129577637, 16.1506652832, 176.466033936, 7.038813591, 27.1236515045, 26.550825119, -13.9209241867, 24.2046260834, 2.60933375359, 3.74137091637, 0.471459776163, 145.798583984, 25.5661506653], [270.018920898, 66.7510528564, 32.1486587524, 58.6308479309, 47.0272521973, 32.0396385193, 18.5329627991, 8.48575115204, 25.0727424622, 1.89790689945, 23.2133960724, 25.5661506653, 131.093231201]],
        "icov": [[0.000350977556081, 0.000463374395622, 7.13569243089e-05, -0.000437495938968, -8.12642538222e-05, -0.000235883460846, -0.000511326943524, -0.000232914579101, -6.31810617051e-05, -0.000188139194506, -8.10081401141e-05, -0.000334015669068, -0.000512240803801], [0.000463374395622, 0.00111611536704, 0.000144080186146, -0.000913784781005, -0.00029397563776, 8.54973695823e-05, -0.000742156349588, -0.000904169282876, 1.25206370285e-05, 0.000131236127345, 5.08679295308e-05, -0.000472194456961, -0.000822596950457], [7.13569243089e-05, 0.000144080186146, 0.000923220010009, 0.000329275033437, -0.000375781033654, -0.000532453006599, -0.000161619303981, 0.000185569704627, 8.7151702246e-06, 0.000178368834895, 0.000387000531191, -0.00107633916195, -0.000181106486707], [-0.000437495938968, -0.000913784781005, 0.000329275033437, 0.00400540139526, 0.000268871255685, -0.00174520933069, 0.00120909279212, 0.000733067339752, -0.000390567380236, -4.96681059303e-05, -0.000187204816029, 0.000290198455332, -0.00034205726115], [-8.12642538222e-05, -0.00029397563776, -0.000375781033654, 0.000268871255685, 0.00310838222504, 0.000360373203875, -0.00100412324537, -0.000121668774227, -0.000342864805134, -0.000190545091755, 0.000997526920401, -6.86445673637e-07, -0.000872512930073], [-0.000235883460846, 8.54973695823e-05, -0.000532453006599, -0.00174520933069, 0.000360373203875, 0.00550287822261, -0.000219145178562, -0.00211745686829, 0.000295251142234, -0.00057858787477, 0.000105642306153, 0.000244585215114, -6.72141904943e-05], [-0.000511326943524, -0.000742156349588, -0.000161619303981, 0.00120909279212, -0.00100412324537, -0.000219145178562, 0.00493789091706, -0.000820283137728, 0.000379140197765, 0.00128914171364, -0.00242275139317, 0.00141491636168, 0.000760652648751], [-0.000232914579101, -0.000904169282876, 0.000185569704627, 0.000733067339752, -0.000121668774227, -0.00211745686829, -0.000820283137728, 0.00708681158721, 0.000483713927679, -0.00113226345275, -0.000910394010134, -0.000927575631067, 0.00105114385951], [-6.31810617051e-05, 1.25206370285e-05, 8.7151702246e-06, -0.000390567380236, -0.000342864805134, 0.000295251142234, 0.000379140197765, 0.000483713927679, 0.00720883440226, 0.000203024974326, -0.000473671127111, 8.98659709492e-05, -0.00105311442167], [-0.000188139194506, 0.000131236127345, 0.000178368834895, -4.96681059303e-05, -0.000190545091755, -0.00057858787477, 0.00128914171364, -0.00113226345275, 0.000203024974326, 0.00661509064957, 0.000302119966364, 0.000213354927837, 0.000170265790075], [-8.10081401141e-05, 5.08679295308e-05, 0.000387000531191, -0.000187204816029, 0.000997526920401, 0.000105642306153, -0.00242275139317, -0.000910394010134, -0.000473671127111, 0.000302119966364, 0.00866550672799, -0.000482298870338, -0.00120661733672], [-0.000334015669068, -0.000472194456961, -0.00107633916195, 0.000290198455332, -6.86445673637e-07, 0.000244585215114, 0.00141491636168, -0.000927575631067, 8.98659709492e-05, 0.000213354927837, -0.000482298870338, 0.00892536528409, -0.000812450889498], [-0.000512240803801, -0.000822596950457, -0.000181106486707, -0.00034205726115, -0.000872512930073, -6.72141904943e-05, 0.000760652648751, 0.00105114385951, -0.00105311442167, 0.000170265790075, -0.00120661733672, -0.000812450889498, 0.0100244088098]]
    },
    "spectral_contrast_coeffs": {
        "max": [-0.410676062107, -0.462252736092, -0.442983418703, -0.585069298744, -0.574939131737, -0.408367693424],
        "mean": [-0.72273170948, -0.70061147213, -0.750633239746, -0.788187384605, -0.780346751213, -0.677543818951],
        "min": [-0.927007615566, -0.966790497303, -0.909946739674, -0.909612476826, -0.892981827259, -0.964912295341],
        "stdev": [0.0678082183003, 0.0867062360048, 0.0709120705724, 0.058603066951, 0.0612480305135, 0.0906733348966]
    },
    "spectral_contrast_valleys": {
        "max": [-5.02377510071, -4.9057674408, -5.54708147049, -6.28900671005, -6.32831573486, -7.714179039],
        "mean": [-6.81150531769, -6.65280246735, -7.5981669426, -8.28378772736, -8.43912792206, -12.1990804672],
        "min": [-11.8504667282, -9.35101127625, -10.1212902069, -11.9397964478, -13.9612846375, -16.7419586182],
        "stdev": [1.17669022083, 0.673021614552, 0.856752753258, 0.897405862808, 1.0745882988, 1.88195359707]
    }
},
"rhythm": {
    "beats_count": 103,
    "beats_loudness": {
        "max": 0.0896917358041,
        "mean": 0.0322912409902,
        "min": 0.000200522903469,
        "stdev": 0.0217584613711
    },
    "bpm": 143.868286133,
    "bpm_histogram_first_peak_bpm": 144,
    "bpm_histogram_first_peak_weight": 0.46052634716,
    "bpm_histogram_second_peak_bpm": 136,
    "bpm_histogram_second_peak_spread": 0.33333337307,
    "bpm_histogram_second_peak_weight": 0.0588235296309,
    "danceability": 0.828056573868,
    "onset_rate": 2.6318359375,
    "beats_loudness_band_ratio": {
        "max": [0.958532989025, 0.732773900032, 0.932209789753, 0.535494208336, 0.186022341251, 0.743329644203],
        "mean": [0.369491517544, 0.165478914976, 0.32245144248, 0.109250843525, 0.0268720723689, 0.0451450683177],
        "min": [0.000378060503863, 0.00764925964177, 0.00808327272534, 0.00134291185532, 0.000175271881744, 8.35322407511e-06],
        "stdev": [0.27201294899, 0.160152554512, 0.231906041503, 0.123334303498, 0.0343658067286, 0.100757069886]
    },
