{
"metadata": {
    "version": {
        "essentia": "2.1-beta6-dev",
        "essentia_git_sha": "v2.1_beta5-90-gc43a241a",
        "extractor": "music 2.0"
    },
    "audio_properties": {
        "analysis": {
            "equal_loudness": 0,
            "length": 30.870929718,
            "sample_rate": 44100,
            "start_time": 146.796554565,
            "downmix": "mix"
        },
        "bit_rate": 192000,
        "length": 204.324005127,
        "lossless": 0,
        "number_channels": 2,
        "replay_gain": -7.3823184967,
        "sample_rate": 48000,
        "codec": "mp3",
        "md5_encoded": "80967d3550f3ba1f5bacff0a93d86c97"
    },
    "tags": {
        "file_name": "Netherlands_Arcade_Duncan Laurence.mp3",
        "encoding": ["Lavf58.29.100"]
    }
},
"lowlevel": {
    "average_loudness": 0.94121325016,
    "barkbands_crest": {
        "max": 24.5076637268,
        "mean": 12.4347162247,
        "min": 3.15876412392,
        "stdev": 5.0195608139
    },
    "barkbands_flatness_db": {
        "max": 0.322876572609,
        "mean": 0.172901630402,
        "min": 0.0508847907186,
        "stdev": 0.0507045462728
    },
    "barkbands_kurtosis": {
        "max": 32.7860412598,
        "mean": 2.88290762901,
        "min": -1.81252384186,
        "stdev": 4.40979337692
    },
    "barkbands_skewness": {
        "max": 4.86044645309,
        "mean": 1.26336598396,
        "min": -2.0763771534,
        "stdev": 0.93462651968
    },
    "barkbands_spread": {
        "max": 70.5121917725,
        "mean": 18.432182312,
        "min": 2.62767767906,
        "stdev": 9.20654773712
    },
    "dissonance": {
        "max": 0.500000119209,
        "mean": 0.457164913416,
        "min": 0.268013954163,
        "stdev": 0.0318613871932
    },
    "dynamic_complexity": 2.46703743935,
    "erbbands_crest": {
        "max": 31.5250549316,
        "mean": 13.350944519,
        "min": 2.89880108833,
        "stdev": 6.38802433014
    },
    "erbbands_flatness_db": {
        "max": 0.37536662817,
        "mean": 0.212593495846,
        "min": 0.0621344856918,
        "stdev": 0.0581686682999
    },
    "erbbands_kurtosis": {
        "max": 21.4801502228,
        "mean": 1.24870073795,
        "min": -1.65863895416,
        "stdev": 2.86180615425
    },
    "erbbands_skewness": {
        "max": 4.29049301147,
        "mean": 0.867991268635,
        "min": -2.62641882896,
        "stdev": 0.849597215652
    },
    "erbbands_spread": {
        "max": 124.492912292,
        "mean": 29.3909473419,
        "min": 5.70741319656,
        "stdev": 14.0911722183
    },
    "hfc": {
        "max": 100.064178467,
        "mean": 21.0923233032,
        "min": 0.0107575319707,
        "stdev": 14.7730293274
    },
    "loudness_ebu128": {
        "integrated": -16.3912582397,
        "loudness_range": 2.55687713623,
        "momentary": {
            "max": -12.1765708923,
            "mean": -16.9707069397,
            "min": -31.7884273529,
            "stdev": 2.53895521164
        },
        "short_term": {
            "max": -14.6654491425,
            "mean": -16.4332809448,
            "min": -18.678894043,
            "stdev": 0.939185023308
        }
    },
    "melbands_crest": {
        "max": 31.8334503174,
        "mean": 15.5879907608,
        "min": 3.44108939171,
        "stdev": 5.02349376678
    },
    "melbands_flatness_db": {
        "max": 0.349364250898,
        "mean": 0.200312152505,
        "min": 0.0598848573864,
        "stdev": 0.051549192518
    },
    "melbands_kurtosis": {
        "max": 66.6627426147,
        "mean": 8.38838672638,
        "min": -1.81459116936,
        "stdev": 9.833111763
    },
    "melbands_skewness": {
        "max": 6.85573768616,
        "mean": 1.9773273468,
        "min": -0.856875300407,
        "stdev": 1.29727387428
    },
    "melbands_spread": {
        "max": 212.39175415,
        "mean": 22.757478714,
        "min": 2.90688920021,
        "stdev": 13.9837026596
    },
    "pitch_salience": {
        "max": 0.855592489243,
        "mean": 0.495559990406,
        "min": 0.17402304709,
        "stdev": 0.124778077006
    },
    "silence_rate_20dB": {
        "max": 1,
        "mean": 1,
        "min": 1,
        "stdev": 0
    },
    "silence_rate_30dB": {
        "max": 1,
        "mean": 1,
        "min": 1,
        "stdev": 0
    },
    "silence_rate_60dB": {
        "max": 1,
        "mean": 0.0473328307271,
        "min": 0,
        "stdev": 0.212348565459
    },
    "spectral_centroid": {
        "max": 4595.31738281,
        "mean": 1556.51135254,
        "min": 472.884857178,
        "stdev": 568.284179688
    },
    "spectral_complexity": {
        "max": 43,
        "mean": 17.4733276367,
        "min": 0,
        "stdev": 6.77334117889
    },
    "spectral_decrease": {
        "max": -2.08333654148e-12,
        "mean": -6.11911366022e-09,
        "min": -2.75034057751e-08,
        "stdev": 3.69016928126e-09
    },
    "spectral_energy": {
        "max": 0.111892156303,
        "mean": 0.0250081326813,
        "min": 8.83872962731e-06,
        "stdev": 0.0148258944973
    },
    "spectral_energyband_high": {
        "max": 0.0129777304828,
        "mean": 0.000654460454825,
        "min": 1.28802213339e-07,
        "stdev": 0.000732991611585
    },
    "spectral_energyband_low": {
        "max": 0.0732947140932,
        "mean": 0.00667114835232,
        "min": 3.95634849326e-08,
        "stdev": 0.00841660238802
    },
    "spectral_energyband_middle_high": {
        "max": 0.0332869924605,
        "mean": 0.00600743712857,
        "min": 7.4061936175e-06,
        "stdev": 0.00543878786266
    },
    "spectral_energyband_middle_low": {
        "max": 0.0997120663524,
        "mean": 0.0120509034023,
        "min": 1.29835063944e-06,
        "stdev": 0.0120412092656
    },
    "spectral_entropy": {
        "max": 8.59730052948,
        "mean": 7.42992162704,
        "min": 6.10421466827,
        "stdev": 0.367315739393
    },
    "spectral_flux": {
        "max": 0.210889771581,
        "mean": 0.0755971297622,
        "min": 0.00956746842712,
        "stdev": 0.0321786813438
    },
    "spectral_kurtosis": {
        "max": 20.2818164825,
        "mean": 3.26292896271,
        "min": -0.83810043335,
        "stdev": 1.81982147694
    },
    "spectral_rms": {
        "max": 0.0104481130838,
        "mean": 0.00469678314403,
        "min": 9.28609224502e-05,
        "stdev": 0.00152917089872
    },
    "spectral_rolloff": {
        "max": 8936.27929688,
        "mean": 1446.37792969,
        "min": 86.1328125,
        "stdev": 1056.1060791
    },
    "spectral_skewness": {
        "max": 3.19813394547,
        "mean": 1.19969117641,
        "min": 0.00581369455904,
        "stdev": 0.387333989143
    },
    "spectral_spread": {
        "max": 10396706,
        "mean": 3831696.75,
        "min": 1933910.25,
        "stdev": 824610.375
    },
    "spectral_strongpeak": {
        "max": 10.5865097046,
        "mean": 1.63707625866,
        "min": 0.013542949222,
        "stdev": 1.57079565525
    },
    "zerocrossingrate": {
        "max": 0.22509765625,
        "mean": 0.0537468902767,
        "min": 0.0078125,
        "stdev": 0.0224839039147
    },
    "barkbands": {
        "max": [0.0014616450062, 0.0602614991367, 0.0312300026417, 0.0175635013729, 0.0135072646663, 0.0153135908768, 0.0225877184421, 0.0586846396327, 0.0991303175688, 0.0176193788648, 0.0195864830166, 0.0125869065523, 0.0190863329917, 0.0127278426662, 0.00734560377896, 0.00452630687505, 0.00261423946358, 0.00301559525542, 0.00668744230643, 0.00574448984116, 0.00258383853361, 0.00213879416697, 0.00633065775037, 0.00310893799178, 0.00100979127456, 0.00087466154946, 0.000111205969006],
        "mean": [7.04035992385e-05, 0.00449909828603, 0.00185889611021, 0.000498869805597, 0.000837624014821, 0.000631256436463, 0.0008112071082, 0.00234436849132, 0.00661469530314, 0.000705202692188, 0.00164539914113, 0.000577641301788, 0.000873490178492, 0.000713520450518, 0.000196316512302, 0.000160405979841, 0.000173638007254, 0.000192253457499, 0.000728288490791, 0.000361182843335, 0.000222766131628, 0.000166432655533, 6.47074411972e-05, 3.24130123772e-05, 1.96757810045e-05, 7.90314788901e-06, 4.59208507664e-07],
        "min": [7.8829143213e-10, 8.09346634156e-09, 1.41624205696e-08, 4.52929320716e-08, 4.35441734226e-07, 1.58552367679e-07, 1.71303724983e-07, 6.55015952589e-08, 3.25820877833e-07, 2.69662223218e-07, 6.26105020274e-07, 1.03172862964e-06, 1.95214443011e-06, 1.69300577113e-07, 1.71601513443e-07, 1.11613466913e-07, 6.97455817544e-08, 2.85620860296e-08, 4.20580015259e-08, 4.58413893512e-08, 6.4234797037e-08, 2.07700505683e-08, 6.42730757505e-09, 2.29606902935e-10, 1.90798366689e-11, 2.04654574537e-11, 2.95751860502e-11],
        "stdev": [0.00014562009892, 0.00642574299127, 0.0030260537751, 0.00101747526787, 0.00149085558951, 0.00139106914867, 0.00168209604453, 0.00655620358884, 0.0113467136398, 0.00145440804772, 0.0026175417006, 0.00112574954983, 0.00158505572472, 0.0012475940166, 0.000412384630181, 0.000329855916789, 0.000218091096031, 0.000277097686194, 0.000955843541306, 0.000543803034816, 0.000242918584263, 0.000220845264266, 0.000202063529287, 0.000123934034491, 4.60385999759e-05, 4.13439411204e-05, 4.06478102377e-06]
    },
    "erbbands": {
        "max": [1.52876865864, 14.1272192001, 34.817325592, 50.9639778137, 43.2756347656, 61.1020774841, 99.6716003418, 117.849769592, 176.416229248, 708.022155762, 1598.06005859, 2581.56225586, 807.351013184, 650.319396973, 929.809204102, 614.368469238, 982.066345215, 567.807128906, 385.23638916, 486.54208374, 295.878631592, 128.944152832, 105.623344421, 202.496734619, 374.05581665, 222.35043335, 106.023551941, 89.350692749, 103.627220154, 48.1141929626, 199.721176147, 95.7485809326, 56.8526191711, 22.6856327057, 5.45842123032, 6.25244474411, 0.702834427357, 0.118397027254, 0.019574271515, 0.000631315051578],
        "mean": [0.0814996436238, 1.14842939377, 2.61612963676, 1.66358947754, 2.32927370071, 2.75939083099, 4.46648454666, 4.84169960022, 6.93902301788, 27.3227787018, 81.2587432861, 175.47744751, 33.3123283386, 31.0973072052, 66.7815322876, 27.5178356171, 41.3665313721, 32.9712104797, 20.9591655731, 10.390458107, 9.10708141327, 9.19430732727, 9.9568939209, 22.9909629822, 37.7825546265, 19.4591522217, 9.6917591095, 8.17610740662, 6.35361242294, 3.66881132126, 1.77520298958, 0.922020196915, 0.437919944525, 0.244303271174, 0.128982752562, 0.051541686058, 0.00985879264772, 0.0014077485539, 8.47438132041e-05, 3.23384556395e-05],
        "min": [9.49067242573e-08, 2.3046889055e-06, 1.3005404071e-05, 0.000104987331724, 0.000599647813942, 0.00170857144985, 0.0020570163615, 0.00101479853038, 0.00139593996573, 0.00284916628152, 0.0016744218301, 0.00619296077639, 0.00936550740153, 0.0162856951356, 0.0419954992831, 0.174949988723, 0.103690385818, 0.0205777715892, 0.00553986150771, 0.00964776985347, 0.00568148167804, 0.00361648341641, 0.00160380336456, 0.00192087725736, 0.00205405056477, 0.00256238481961, 0.00351290800609, 0.00136588967871, 0.000651863403618, 0.000346549757523, 0.00017256695719, 6.88026193529e-05, 1.56505630002e-05, 2.46982426688e-06, 1.05909293779e-06, 6.32560272606e-07, 3.37909966674e-07, 1.29129148263e-07, 2.71456315204e-07, 5.01668289132e-08],
        "stdev": [0.135279327631, 1.6485414505, 3.66992759705, 2.93978714943, 3.8604414463, 6.0785779953, 8.99148464203, 10.2581033707, 12.9776182175, 61.9773788452, 171.739974976, 305.808685303, 62.6550064087, 45.7096099854, 110.2784729, 45.8445243835, 74.5319519043, 58.2400436401, 35.0253372192, 22.8118839264, 18.8168697357, 10.4067401886, 12.0625486374, 28.7254505157, 51.1149368286, 26.920791626, 10.8337373734, 9.59643745422, 8.53641796112, 4.69813632965, 6.43083763123, 3.81333327293, 1.80246758461, 0.73432469368, 0.349822312593, 0.279546767473, 0.0408257767558, 0.0072748218663, 0.000648376822937, 2.55560498772e-05]
    },
    "gfcc": {
        "mean": [-21.5297832489, 102.025817871, -158.443710327, 36.7249221802, -75.453163147, 16.0779476166, -8.97461414337, 10.0495700836, -15.6410036087, 0.463428467512, -7.4640955925, -12.8350687027, -9.9880361557],
        "cov": [[3089.22753906, -607.723388672, 869.899719238, 188.013900757, 275.135253906, 515.691711426, -271.155456543, 530.097229004, -328.239929199, 214.402389526, 7.91173934937, 288.268707275, -160.011001587], [-607.723388672, 1314.91259766, 374.339324951, 291.84753418, 320.844909668, -90.3871536255, 254.113372803, -144.627197266, 232.198074341, -146.325042725, 68.1523895264, -116.534690857, 15.5778493881], [869.899719238, 374.339324951, 1380.78161621, 243.742553711, 423.807373047, 283.167541504, -221.478881836, 260.438323975, -191.857391357, 109.725471497, -60.2142486572, 301.068878174, -123.495414734], [188.013900757, 291.84753418, 243.742553711, 316.284759521, 135.914978027, 30.3754177094, 1.50760447979, -31.0224304199, 39.4510536194, -18.1629657745, 18.8561496735, -30.6295146942, 32.7833137512], [275.135253906, 320.844909668, 423.807373047, 135.914978027, 470.393707275, 179.667175293, 31.6307506561, 106.209266663, -18.4329223633, 60.266746521, -18.0786323547, 123.10824585, -74.6044311523], [515.691711426, -90.3871536255, 283.167541504, 30.3754177094, 179.667175293, 358.515594482, -4.79240655899, 226.632781982, -108.539588928, 51.7550239563, 55.9612083435, 126.679885864, -69.6073226929], [-271.155456543, 254.113372803, -221.478881836, 1.50760447979, 31.6307506561, -4.79240655899, 323.484008789, -2.79129958153, 124.153396606, -64.0498809814, 39.3524017334, -123.220855713, -45.645690918], [530.097229004, -144.627197266, 260.438323975, -31.0224304199, 106.209266663, 226.632781982, -2.79129958153, 319.490966797, -81.9586257935, 56.9769439697, 29.1243591309, 117.869865417, -75.3168716431], [-328.239929199, 232.198074341, -191.857391357, 39.4510536194, -18.4329223633, -108.539588928, 124.153396606, -81.9586257935, 198.725814819, -40.8305778503, 18.9853286743, -130.664474487, 23.5865020752], [214.402389526, -146.325042725, 109.725471497, -18.1629657745, 60.266746521, 51.7550239563, -64.0498809814, 56.9769439697, -40.8305778503, 135.53288269, -13.611872673, 76.9936676025, -18.2154121399], [7.91173934937, 68.1523895264, -60.2142486572, 18.8561496735, -18.0786323547, 55.9612083435, 39.3524017334, 29.1243591309, 18.9853286743, -13.611872673, 134.327529907, 6.62771224976, 14.3024053574], [288.268707275, -116.534690857, 301.068878174, -30.6295146942, 123.10824585, 126.679885864, -123.220855713, 117.869865417, -130.664474487, 76.9936676025, 6.62771224976, 248.811935425, -20.8259754181], [-160.011001587, 15.5778493881, -123.495414734, 32.7833137512, -74.6044311523, -69.6073226929, -45.645690918, -75.3168716431, 23.5865020752, -18.2154121399, 14.3024053574, -20.8259754181, 122.921592712]],
        "icov": [[0.000693188223522, 0.000435620109783, -0.000234640261624, -0.000656394171529, -0.000164277982549, -3.97717412852e-05, 0.00014470233873, -0.000650281202979, 0.000325226050336, -0.000179601105629, -0.000297580409097, 0.000346688611899, 0.000323872372974], [0.000435620109783, 0.00387259898707, -0.0025282134302, 5.42718844372e-05, -0.00247777439654, 0.00146460544784, -0.00235774694011, 0.00128736288752, -0.00182038685307, 0.00262605585158, -0.00299343443476, 0.00122608256061, -0.00194491737057], [-0.000234640261624, -0.0025282134302, 0.00367264728993, -0.0018463783199, 0.0010234095389, -0.000852382683661, 0.00265763187781, -0.0017632645322, 0.0013855608413, -0.00137301464565, 0.00274189328775, -0.00216665561311, 0.00308668590151], [-0.000656394171529, 5.42718844372e-05, -0.0018463783199, 0.00684815552086, -0.00174877280369, -0.000436782604083, -0.000459407514427, 0.00200807256624, -0.00101800938137, 0.000882375054061, -0.00162449677009, 0.00268772197887, -0.00382117694244], [-0.000164277982549, -0.00247777439654, 0.0010234095389, -0.00174877280369, 0.00631580594927, -0.00281971064396, 0.000197757894057, -0.000133863897645, -0.000541581655852, -0.00263449223712, 0.00366806914099, -0.00330528989434, 0.00254939589649], [-3.97717412852e-05, 0.00146460544784, -0.000852382683661, -0.000436782604083, -0.00281971064396, 0.0081066545099, -0.00137037597597, -0.00293181487359, 0.00238705496304, 0.000877814542037, -0.00405358476564, 0.000766704324633, -0.000129691616166], [0.00014470233873, -0.00235774694011, 0.00265763187781, -0.000459407514427, 0.000197757894057, -0.00137037597597, 0.00815589074045, -0.00213239924051, -0.00107725418638, 6.63857354084e-05, 0.000736657297239, 0.000886231777258, 0.00462675793096], [-0.000650281202979, 0.00128736288752, -0.0017632645322, 0.00200807256624, -0.000133863897645, -0.00293181487359, -0.00213239924051, 0.00830962043256, -0.00178354466334, 0.00053328339709, -0.00128126656637, -0.000790969585069, -0.000322170148138], [0.000325226050336, -0.00182038685307, 0.0013855608413, -0.00101800938137, -0.000541581655852, 0.00238705496304, -0.00107725418638, -0.00178354466334, 0.0124058583751, -0.00262903631665, -0.000876221107319, 0.00366797344759, -0.000198890164029], [-0.000179601105629, 0.00262605585158, -0.00137301464565, 0.000882375054061, -0.00263449223712, 0.000877814542037, 6.63857354084e-05, 0.00053328339709, -0.00262903631665, 0.0121092703193, -0.00117660721298, -0.00131171906833, -0.000718230730854], [-0.000297580409097, -0.00299343443476, 0.00274189328775, -0.00162449677009, 0.00366806914099, -0.00405358476564, 0.000736657297239, -0.00128126656637, -0.000876221107319, -0.00117660721298, 0.0128225395456, -0.00375293474644, 0.000465214834549], [0.000346688611899, 0.00122608256061, -0.00216665561311, 0.00268772197887, -0.00330528989434, 0.000766704324633, 0.000886231777258, -0.000790969585069, 0.00366797344759, -0.00131171906833, -0.00375293474644, 0.0113959899172, -0.00285589764826], [0.000323872372974, -0.00194491737057, 0.00308668590151, -0.00382117694244, 0.00254939589649, -0.000129691616166, 0.00462675793096, -0.000322170148138, -0.000198890164029, -0.000718230730854, 0.000465214834549, -0.00285589764826, 0.0153118446469]]
    },
    "melbands": {
        "max": [0.0162719897926, 0.0133987125009, 0.00787727348506, 0.00359541270882, 0.00265232543461, 0.00259747519158, 0.00261636404321, 0.00837998371571, 0.0117546785623, 0.0138938846067, 0.00396494520828, 0.00253760255873, 0.00283677852713, 0.00141619099304, 0.00165016273968, 0.00130832567811, 0.00128364388365, 0.000959481636528, 0.000516807544045, 0.0003531826369, 0.000451621337561, 0.000188330013771, 9.17538563954e-05, 0.000171323830727, 0.000189095575479, 0.000327261339407, 0.000265170703642, 0.000136708797072, 7.76027227403e-05, 6.37310295133e-05, 5.68517752981e-05, 7.59403919801e-05, 4.74900007248e-05, 2.26019692491e-05, 9.59089084063e-05, 0.000141123338835, 3.99600066885e-05, 3.69850895368e-05, 3.94311100536e-05, 1.26139439089e-05],
        "mean": [0.00100270379335, 0.00142383133061, 0.000317613448715, 0.000185503013199, 0.000151245068992, 0.00011026867287, 0.000117165502161, 0.000322983862134, 0.000868523842655, 0.000968471518718, 0.000124128127936, 0.00010881441267, 0.000239467597567, 8.74707257026e-05, 8.6880485469e-05, 7.31661857571e-05, 6.32236115052e-05, 4.12274384871e-05, 1.25652168208e-05, 1.20329232232e-05, 1.08676804302e-05, 8.77557704371e-06, 1.02089052234e-05, 9.14120573725e-06, 1.87398345588e-05, 2.94343135465e-05, 2.05548276426e-05, 1.11222225314e-05, 5.67375900573e-06, 5.58405281481e-06, 4.45300429419e-06, 3.67899315279e-06, 3.0412054457e-06, 1.57932379352e-06, 1.01545549569e-06, 7.87372187006e-07, 4.79751236071e-07, 3.0932591244e-07, 2.54897088325e-07, 1.88041198612e-07],
        "min": [1.57865298611e-09, 6.05934324938e-09, 3.05837666303e-08, 8.37097218209e-08, 7.68389725181e-08, 2.30573604654e-08, 2.62234678416e-08, 2.70492321874e-08, 1.24749863772e-08, 4.75232049268e-08, 4.49345733955e-08, 5.8133689862e-08, 1.02339100749e-07, 2.05784743912e-07, 5.24620418219e-07, 1.13822302694e-07, 2.63629580388e-08, 5.46397549428e-09, 1.45775072014e-08, 9.85282877508e-09, 6.38731911806e-09, 4.74471217871e-09, 8.80300776718e-10, 1.65425340093e-09, 1.52318568869e-09, 1.4888841271e-09, 1.468921762e-09, 1.66487434949e-09, 2.0241048837e-09, 1.73545766646e-09, 6.14513440134e-10, 4.44588033055e-10, 2.6518920393e-10, 1.44837530858e-10, 1.03737587964e-10, 7.04288016795e-11, 2.66999118127e-12, 3.36857549233e-13, 1.55014822051e-13, 1.2505330159e-13],
        "stdev": [0.00150213087909, 0.00183581491001, 0.0005042112316, 0.000351764931111, 0.000276443111943, 0.000236642590608, 0.000219172798097, 0.000737173948437, 0.00151083257515, 0.00167410913855, 0.00030638978933, 0.000179914422915, 0.000382744765375, 0.000152510983753, 0.000165932768141, 0.000123680714751, 0.000121369077533, 7.71279665059e-05, 2.60712149611e-05, 2.43198937824e-05, 2.55868853856e-05, 1.17649788081e-05, 1.25416327137e-05, 1.40131014632e-05, 2.53694361163e-05, 3.97385738324e-05, 3.07411064568e-05, 1.56703645189e-05, 7.08139987182e-06, 6.26647124591e-06, 5.88495959164e-06, 5.32583771928e-06, 4.42095279141e-06, 2.05081619242e-06, 3.26485610458e-06, 4.3993500185e-06, 1.78892457825e-06, 1.22562551041e-06, 1.15951706903e-06, 4.75167951208e-07]
    },
    "melbands128": {
        "max": [0.00137060845736, 0.0083718765527, 0.0285678338259, 0.0221801679581, 0.0194893367589, 0.012838749215, 0.0116524994373, 0.0071711903438, 0.00491079082713, 0.00622184202075, 0.00413570320234, 0.00331103405915, 0.00463681202382, 0.00724762771279, 0.00391403771937, 0.000729107880034, 0.00282633141614, 0.00466144876555, 0.00451253773645, 0.0139430286363, 0.0161451566964, 0.0169561505318, 0.0193469393998, 0.0290259514004, 0.0285056885332, 0.010442705825, 0.00464693829417, 0.0064774826169, 0.00411921879277, 0.00397117296234, 0.00545702129602, 0.00410165311769, 0.00484183663502, 0.00531890615821, 0.0018879622221, 0.00250671571121, 0.0036444044672, 0.00254860217683, 0.00473982514814, 0.0026875550393, 0.00180425262079, 0.00264828768559, 0.00170278456062, 0.00227079493925, 0.00310575822368, 0.00130595674273, 0.000655580952298, 0.000227298092796, 0.00124866340775, 0.000949621782638, 0.000615261786152, 0.000742846634239, 0.000724572397303, 0.000664667808451, 0.000403534941142, 0.000227755153901, 0.000113578273158, 0.000183738287888, 0.000182823539944, 0.000199599235202, 0.000287194299744, 0.000531702477019, 0.000277450773865, 0.000389240740333, 0.000631714821793, 0.00056478154147, 0.000653261551633, 0.000394847244024, 0.00063095864607, 0.000450625375379, 0.000249763514148, 0.000214378625969, 0.000176543937414, 0.000168986283825, 0.000125684324303, 8.81606829353e-05, 7.19525851309e-05, 0.000142393400893, 0.000113932219392, 6.06519788562e-05, 0.000180257979082, 4.05633436458e-05, 7.93836879893e-05, 6.80801967974e-05, 4.56189955003e-05, 2.1995680072e-05, 1.74474880623e-05, 3.37402743753e-05, 7.29530584067e-05, 0.000130370171973, 0.000270268094027, 0.000102754929685, 7.76011074777e-05, 4.43627068307e-05, 3.04286986648e-05, 3.25088185491e-05, 3.72299582523e-05, 4.30327381764e-05, 5.67470415263e-05, 2.21864229388e-05, 2.10300368053e-05, 1.07060077426e-05, 7.01749058862e-06, 6.33255831417e-06, 6.10252209299e-06, 9.80112235993e-06, 8.9314280558e-06, 3.46900305885e-05, 9.60606212175e-06, 1.6285523543e-06, 2.45504020313e-06, 5.30005445398e-06, 2.02520573112e-06, 1.15387251753e-06, 1.02212322872e-06, 9.71374106484e-07, 1.25309634313e-06, 9.71280655904e-07, 1.32860031954e-06, 5.88780494581e-07, 2.62171198528e-07, 5.94578636992e-07, 2.95126142191e-07, 3.9706087307e-09, 6.12712214298e-10, 5.97258797974e-10, 5.86598214447e-10, 5.80746062351e-10],
        "mean": [6.55536205159e-05, 0.000464436219772, 0.00130947586149, 0.00218445272185, 0.00170552975032, 0.000738973962143, 0.000305321445921, 0.000250496523222, 0.000236030202359, 0.00019747109036, 0.000140736156027, 0.000126990504214, 0.000135061680339, 0.00021448431653, 0.000126206767163, 4.07133666158e-05, 6.05273307883e-05, 0.000131441935082, 0.000160635798238, 0.000362235092325, 0.000308280606987, 0.00046524615027, 0.000632746727206, 0.00160201522522, 0.00182576733641, 0.000289312942186, 0.000171998268343, 0.000135224152473, 5.59688851354e-05, 9.36454598559e-05, 9.8032396636e-05, 0.000191697094124, 0.000315784302074, 0.000243840055191, 7.87964381743e-05, 6.06085413892e-05, 5.77451573918e-05, 5.49474425497e-05, 0.000151157961227, 9.26312641241e-05, 4.55549197795e-05, 5.58979336347e-05, 5.73434408579e-05, 7.09187224857e-05, 7.37105656299e-05, 2.96440375678e-05, 1.47812706928e-05, 7.24013716535e-06, 1.54833069246e-05, 1.61518873938e-05, 1.06526467789e-05, 9.22553681448e-06, 9.23617335502e-06, 1.43857669173e-05, 8.33190733829e-06, 6.49554112897e-06, 9.33544288273e-06, 1.48328063005e-05, 8.39217773319e-06, 6.04264778303e-06, 8.81388405105e-06, 1.12497746159e-05, 1.31384267661e-05, 2.21158879867e-05, 2.71924691333e-05, 2.33286773437e-05, 4.08577579947e-05, 2.45518858719e-05, 1.26681870825e-05, 1.96540077013e-05, 1.07684763861e-05, 8.08840377431e-06, 5.94397579334e-06, 4.31245371146e-06, 6.67599169901e-06, 5.61790011488e-06, 5.68013592783e-06, 4.33522700405e-06, 4.95643598697e-06, 3.48462663169e-06, 3.87031650462e-06, 3.335272595e-06, 3.83100677936e-06, 2.94382948596e-06, 2.82552832687e-06, 1.70926796272e-06, 1.20382173918e-06, 1.0176303249e-06, 9.861964827e-07, 1.04780167476e-06, 9.67935420704e-07, 6.50821107229e-07, 6.14418809164e-07, 4.79358561734e-07, 4.10725050415e-07, 3.33926010398e-07, 2.97734402466e-07, 2.52520038657e-07, 2.80929100427e-07, 2.36460351744e-07, 2.02578291919e-07, 1.82115627467e-07, 1.70009698763e-07, 1.50885739458e-07, 1.44516235423e-07, 1.39052815484e-07, 1.12680694997e-07, 1.65949543884e-07, 8.71549659109e-08, 3.5274357657e-08, 3.43044987972e-08, 4.00703115133e-08, 2.87039334523e-08, 2.29407604024e-08, 1.61151199052e-08, 1.21750165505e-08, 9.18555986829e-09, 5.15957676583e-09, 3.62162833056e-09, 1.12747033931e-09, 4.16374962287e-10, 6.34292118828e-10, 3.09121978015e-10, 9.51444392022e-12, 3.90100061629e-12, 3.773575636e-12, 3.69560415256e-12, 3.66741229399e-12],
        "min": [1.77486081387e-10, 2.23556589907e-10, 8.23658974358e-10, 3.3731790694e-09, 1.50749224215e-09, 5.12493825156e-09, 7.09658376508e-09, 3.08696144202e-08, 5.77159511295e-08, 3.74000457271e-08, 1.87175164257e-08, 3.87508372057e-08, 6.36870609583e-08, 4.96180767584e-08, 2.50593163997e-08, 6.34424157653e-09, 5.87198245583e-09, 2.2355107987e-08, 5.13560927118e-08, 3.72923629754e-08, 9.53637080414e-09, 1.01481543169e-08, 1.6109737544e-08, 8.90265994258e-09, 2.56714933755e-08, 7.11916214868e-08, 8.2280315894e-08, 3.79668669837e-08, 1.41112099783e-08, 4.32649969184e-08, 8.18509349187e-08, 7.43246104662e-08, 8.20558128112e-08, 1.26957004909e-07, 4.75529375876e-08, 5.16661664562e-08, 7.63495151546e-08, 1.95977776229e-07, 2.12893578322e-08, 4.70666172703e-08, 8.61148521381e-08, 5.68971678661e-08, 3.00619191762e-08, 8.12181966126e-09, 9.60394319627e-10, 3.83032361384e-09, 1.15904184028e-08, 1.61468030058e-08, 1.50504018137e-08, 1.44639971111e-08, 8.53102832821e-09, 6.76804612354e-09, 4.29734070551e-09, 8.02266963973e-09, 7.01363811473e-09, 4.55155024781e-09, 1.57942992018e-09, 3.62468388637e-10, 7.28634930169e-10, 1.42392497793e-09, 2.3957495987e-09, 1.125223692e-09, 1.08289355261e-09, 2.14395745601e-09, 1.42887668364e-09, 1.40175493435e-09, 1.38469424815e-09, 1.75405145963e-09, 9.00831020889e-10, 1.97355221054e-09, 2.36358910222e-09, 9.24996912399e-10, 1.18229981361e-09, 1.93570182105e-09, 3.6195979547e-09, 2.08970951654e-09, 9.82589787313e-10, 2.69719441226e-10, 5.05603336975e-10, 9.86425052751e-10, 7.1315814365e-10, 6.36838151657e-11, 1.64842459127e-10, 3.58311574855e-10, 2.99934466153e-10, 1.41724770808e-10, 9.00232249856e-11, 1.30854382885e-10, 1.0127922806e-10, 2.50792910744e-11, 8.50007911279e-11, 3.31677497967e-11, 9.39106865189e-13, 1.48719762633e-12, 2.84482696731e-13, 1.7559826477e-13, 1.51748879846e-13, 1.3616386664e-13, 1.59960437365e-13, 1.05850271853e-13, 1.13575679894e-13, 9.08642938994e-14, 1.39936822438e-13, 1.2469678881e-13, 8.56523443209e-14, 8.71595479709e-14, 9.68010258539e-14, 8.814283125e-14, 1.04116293766e-13, 1.15532881656e-13, 1.0227106976e-13, 1.01188066986e-13, 1.14436400894e-13, 1.02788003803e-13, 8.35084497212e-14, 8.53158892817e-14, 9.99392083846e-14, 1.00090806953e-13, 9.08528623427e-14, 7.32523376267e-14, 8.72762487823e-14, 9.65508665314e-14, 9.20309157658e-14, 8.22501992188e-14, 5.89513518296e-14, 1.57214939309e-14, 3.51782587401e-15, 1.25296845797e-16],
        "stdev": [0.00014083510905, 0.000927880348172, 0.00235002324916, 0.00315874395892, 0.00231046229601, 0.00125696545001, 0.000624480308034, 0.000497446220834, 0.000434671412222, 0.000515538034961, 0.00038107423461, 0.000307954556774, 0.000341913866578, 0.000601531181019, 0.000312893214868, 7.23462362657e-05, 0.000146147256601, 0.000332031748258, 0.000366949068848, 0.00100750406273, 0.000993779394776, 0.00174528942443, 0.00197408697568, 0.00311740650795, 0.00357701117173, 0.00067292858148, 0.000483734358568, 0.000448484555818, 0.000159777482622, 0.00022039686155, 0.000243832575507, 0.000383677106583, 0.000574255071115, 0.00058531074319, 0.000203676754609, 0.00016998402134, 0.000177703652298, 0.000150636187755, 0.000378629891202, 0.000200838127057, 0.000125155551359, 0.000179430004209, 0.000152117048856, 0.000182295101695, 0.000187339173863, 8.99536462384e-05, 4.16736365878e-05, 1.28819192469e-05, 5.62335080758e-05, 4.61589334009e-05, 2.87654929707e-05, 3.30072107317e-05, 3.35821168846e-05, 4.11794862885e-05, 2.19842931983e-05, 1.34650581458e-05, 1.37499564516e-05, 2.17302840611e-05, 1.61857878993e-05, 1.40052552524e-05, 1.83983211173e-05, 2.73629884759e-05, 2.7397481972e-05, 3.93302580051e-05, 5.63144567423e-05, 5.01012946188e-05, 7.01797107467e-05, 4.7284825996e-05, 3.94856433559e-05, 3.72870272258e-05, 2.05118212762e-05, 1.57230788318e-05, 1.00641627796e-05, 8.65291349328e-06, 9.48092474573e-06, 8.64441608428e-06, 8.85268309503e-06, 8.00299130788e-06, 9.02294596017e-06, 5.16963427799e-06, 8.22800029709e-06, 4.93234938403e-06, 6.72478790875e-06, 5.23799826624e-06, 4.36763048128e-06, 2.44604393629e-06, 1.89581169252e-06, 2.01419015866e-06, 2.89808122034e-06, 4.42208101958e-06, 7.74817817728e-06, 3.40055089509e-06, 2.66470669885e-06, 1.91776962311e-06, 1.39552241762e-06, 1.23559902931e-06, 1.24718110328e-06, 1.28746523842e-06, 1.63029483247e-06, 7.46510522731e-07, 6.82931386109e-07, 4.60282137738e-07, 3.86944719821e-07, 3.49013106415e-07, 3.54968591409e-07, 4.81734502955e-07, 4.69932842861e-07, 1.42822329963e-06, 4.42420173385e-07, 1.14570404719e-07, 1.44105669619e-07, 2.29517326034e-07, 1.22929790791e-07, 9.93721656073e-08, 7.278381986e-08, 6.85604888417e-08, 6.73115536642e-08, 4.36102887136e-08, 4.91773661793e-08, 1.99709369042e-08, 8.16040923723e-09, 1.70330647364e-08, 8.20804491042e-09, 1.37791028587e-10, 1.75602032915e-11, 1.71414115541e-11, 1.68513380333e-11, 1.66906124338e-11]
    },
    "mfcc": {
        "mean": [-647.32421875, 115.834381104, -23.4495353699, 22.5658550262, -29.6239337921, 9.28857135773, 7.72448301315, 8.84600734711, 0.712312757969, 11.5084314346, 10.0455255508, 0.332587182522, -0.637590646744],
        "cov": [[2617.52246094, -601.265441895, 365.479522705, -126.746910095, 408.848968506, -68.6798553467, 300.620819092, 172.08656311, -25.211101532, -62.5495834351, 115.658233643, 97.8491516113, 99.6859970093], [-601.265441895, 1081.07385254, 278.116729736, 341.706970215, 223.684448242, 168.116622925, 45.7987060547, 114.380760193, 107.671737671, -5.66981315613, 32.5540809631, 104.508590698, 38.8216094971], [365.479522705, 278.116729736, 843.165710449, 105.144454956, 433.995361328, -8.3795375824, 131.401428223, 97.929473877, 40.0407829285, -181.824127197, 15.3019638062, 152.498474121, 69.9035568237], [-126.746910095, 341.706970215, 105.144454956, 397.043701172, 74.2199401855, 129.524002075, -66.0496520996, -57.1459465027, 52.1473388672, 60.6682929993, -34.287612915, 1.42571043968, 4.77668476105], [408.848968506, 223.684448242, 433.995361328, 74.2199401855, 558.298522949, 59.5075721741, 152.851226807, 103.807060242, 66.3983535767, -122.842658997, 6.41173505783, 122.642539978, 97.7183532715], [-68.6798553467, 168.116622925, -8.3795375824, 129.524002075, 59.5075721741, 189.605361938, 17.2864360809, 1.41439437866, 26.3099498749, 50.1151733398, -1.7711981535, -1.4505623579, -6.7278752327], [300.620819092, 45.7987060547, 131.401428223, -66.0496520996, 152.851226807, 17.2864360809, 278.320343018, 177.235015869, 21.6922512054, -35.5258674622, 114.887840271, 64.7785797119, 34.2735328674], [172.08656311, 114.380760193, 97.929473877, -57.1459465027, 103.807060242, 1.41439437866, 177.235015869, 257.569976807, 31.3451957703, -21.6213150024, 99.6054992676, 71.8740997314, 26.6143894196], [-25.211101532, 107.671737671, 40.0407829285, 52.1473388672, 66.3983535767, 26.3099498749, 21.6922512054, 31.3451957703, 106.279373169, 22.0421352386, 24.7118778229, 19.1676864624, 17.6151657104], [-62.5495834351, -5.66981315613, -181.824127197, 60.6682929993, -122.842658997, 50.1151733398, -35.5258674622, -21.6213150024, 22.0421352386, 186.724319458, 19.8825283051, -15.002913475, -39.7668495178], [115.658233643, 32.5540809631, 15.3019638062, -34.287612915, 6.41173505783, -1.7711981535, 114.887840271, 99.6054992676, 24.7118778229, 19.8825283051, 154.333206177, 48.7573204041, 16.4010620117], [97.8491516113, 104.508590698, 152.498474121, 1.42571043968, 122.642539978, -1.4505623579, 64.7785797119, 71.8740997314, 19.1676864624, -15.002913475, 48.7573204041, 126.930862427, 37.2647132874], [99.6859970093, 38.8216094971, 69.9035568237, 4.77668476105, 97.7183532715, -6.7278752327, 34.2735328674, 26.6143894196, 17.6151657104, -39.7668495178, 16.4010620117, 37.2647132874, 94.6041641235]],
        "icov": [[0.000704413861968, 0.000652039190754, -0.000209846824873, -0.000328729802277, -0.000547012430616, 0.000138161078212, -0.000335334887495, -0.000278773746686, 0.000382133817766, -0.000405068858527, -0.000280397856841, 0.000127073028125, -0.000306277448544], [0.000652039190754, 0.00228955550119, -0.000274686375633, -0.00158387213014, -0.000386281317333, -0.000642241735477, 5.23312119185e-05, -0.00115118082613, -0.000388797692722, 0.00031918429886, -0.000295935082249, -0.000806537573226, -0.000109881118988], [-0.000209846824873, -0.000274686375633, 0.00281619559973, -0.000942054961342, -0.00116291653831, 0.000834036734886, -0.000305744993966, 0.000224847593927, -0.00016370746016, 0.00206664996222, 0.000114848015073, -0.00196912162937, 0.00126345118042], [-0.000328729802277, -0.00158387213014, -0.000942054961342, 0.00545844156295, 7.03035329934e-05, -0.00204303138889, 0.00118418363854, 0.00122720119543, -0.000697027950082, -0.0018931243103, 0.000226603035117, 0.00126002542675, -0.000776931468863], [-0.000547012430616, -0.000386281317333, -0.00116291653831, 7.03035329934e-05, 0.00516946380958, -0.001639176975, -0.00156636990141, 0.000247083109571, -0.00212374748662, 0.00165398034733, 0.00237329420634, -0.00206268648617, -0.0018758608494], [0.000138161078212, -0.000642241735477, 0.000834036734886, -0.00204303138889, -0.001639176975, 0.00846071448177, -0.00156157044694, 0.000391912966734, 0.000474750355352, -0.00188981322572, 0.000318802078255, 0.000978273455985, 0.00103175942786], [-0.000335334887495, 5.23312119185e-05, -0.000305744993966, 0.00118418363854, -0.00156636990141, -0.00156157044694, 0.00934483855963, -0.00387863442302, 0.000729824299924, 0.000410915643442, -0.00439690798521, 0.00109674537089, 7.76456436142e-05], [-0.000278773746686, -0.00115118082613, 0.000224847593927, 0.00122720119543, 0.000247083109571, 0.000391912966734, -0.00387863442302, 0.00834073312581, -0.00106316863094, 0.000207338118344, -0.00120402441826, -0.00159576046281, 0.000491838844027], [0.000382133817766, -0.000388797692722, -0.00016370746016, -0.000697027950082, -0.00212374748662, 0.000474750355352, 0.000729824299924, -0.00106316863094, 0.0127372797579, -0.00282925926149, -0.00209558964707, 0.00154272688087, -0.00163016852457], [-0.000405068858527, 0.00031918429886, 0.00206664996222, -0.0018931243103, 0.00165398034733, -0.00188981322572, 0.000410915643442, 0.000207338118344, -0.00282925926149, 0.0104306256399, -0.00113866920583, -0.00319564691745, 0.00318184727803], [-0.000280397856841, -0.000295935082249, 0.000114848015073, 0.000226603035117, 0.00237329420634, 0.000318802078255, -0.00439690798521, -0.00120402441826, -0.00209558964707, -0.00113866920583, 0.0123875066638, -0.00329356011935, -0.00111516960897], [0.000127073028125, -0.000806537573226, -0.00196912162937, 0.00126002542675, -0.00206268648617, 0.000978273455985, 0.00109674537089, -0.00159576046281, 0.00154272688087, -0.00319564691745, -0.00329356011935, 0.0146797876805, -0.00300174904987], [-0.000306277448544, -0.000109881118988, 0.00126345118042, -0.000776931468863, -0.0018758608494, 0.00103175942786, 7.76456436142e-05, 0.000491838844027, -0.00163016852457, 0.00318184727803, -0.00111516960897, -0.00300174904987, 0.0149050755426]]
    },
    "spectral_contrast_coeffs": {
        "max": [-0.313834190369, -0.308727353811, -0.564793407917, -0.558296859264, -0.563744962215, -0.443607032299],
        "mean": [-0.742278695107, -0.681735336781, -0.754015445709, -0.76930642128, -0.750472724438, -0.689720213413],
        "min": [-0.907336592674, -0.930124163628, -0.9175568223, -0.901376247406, -0.942921578884, -0.884596884251],
        "stdev": [0.0891191363335, 0.110563270748, 0.0610162727535, 0.0697006955743, 0.0613857656717, 0.0654324144125]
    },
    "spectral_contrast_valleys": {
        "max": [-5.41386842728, -5.20254516602, -5.07095956802, -6.07078504562, -6.08422517776, -7.71671295166],
        "mean": [-7.26221752167, -6.84784793854, -7.17595386505, -7.7546172142, -7.63390779495, -10.9584312439],
        "min": [-11.5040988922, -10.4399652481, -9.40587615967, -10.4965429306, -10.7384824753, -16.3276729584],
        "stdev": [1.11453223228, 0.573729753494, 0.665012478828, 0.640966296196, 0.579434871674, 1.21538376808]
    }
},
"rhythm": {
    "beats_count": 73,
    "beats_loudness": {
        "max": 0.0597015172243,
        "mean": 0.0275310911238,
        "min": 0.000559224921744,
        "stdev": 0.0119695765898
    },
    "bpm": 143.70690918,
    "bpm_histogram_first_peak_bpm": 144,
    "bpm_histogram_first_peak_weight": 0.298507452011,
    "bpm_histogram_second_peak_bpm": 136,
    "bpm_histogram_second_peak_spread": 0.400000035763,
    "bpm_histogram_second_peak_weight": 0.0416666679084,
    "danceability": 0.970287084579,
    "onset_rate": 2.52569890022,
    "beats_loudness_band_ratio": {
        "max": [0.892576396465, 0.59434068203, 0.884370088577, 0.635309696198, 0.255893975496, 0.527482688427],
        "mean": [0.266569912434, 0.0770524665713, 0.385474443436, 0.167857542634, 0.0584137476981, 0.0712516903877],
        "min": [0.000298579252558, 0.000228129865718, 0.0508918240666, 0.0113069284707, 0.00366225210018, 0.007932363078],
        "stdev": [0.251989662647, 0.121278189123, 0.255561381578, 0.169428527355, 0.0535154528916, 0.0748687162995]
    },
