{
"metadata": {
    "version": {
        "essentia": "2.1-beta6-dev",
        "essentia_git_sha": "v2.1_beta5-90-gc43a241a",
        "extractor": "music 2.0"
    },
    "audio_properties": {
        "analysis": {
            "equal_loudness": 0,
            "length": 26.6332874298,
            "sample_rate": 44100,
            "start_time": 177.667480469,
            "downmix": "mix"
        },
        "bit_rate": 192000,
        "length": 204.324005127,
        "lossless": 0,
        "number_channels": 2,
        "replay_gain": -6.79961013794,
        "sample_rate": 48000,
        "codec": "mp3",
        "md5_encoded": "80967d3550f3ba1f5bacff0a93d86c97"
    },
    "tags": {
        "file_name": "Netherlands_Arcade_Duncan Laurence.mp3",
        "encoding": ["Lavf58.29.100"]
    }
},
"lowlevel": {
    "average_loudness": 0.84061229229,
    "barkbands_crest": {
        "max": 25.4977321625,
        "mean": 12.1293067932,
        "min": 3.26639437675,
        "stdev": 5.16368818283
    },
    "barkbands_flatness_db": {
        "max": 0.47664514184,
        "mean": 0.260624885559,
        "min": 0.111531220376,
        "stdev": 0.0624247863889
    },
    "barkbands_kurtosis": {
        "max": 83.0305023193,
        "mean": 6.09704017639,
        "min": -1.29084539413,
        "stdev": 9.1200428009
    },
    "barkbands_skewness": {
        "max": 8.36783123016,
        "mean": 1.8597111702,
        "min": -0.824862003326,
        "stdev": 1.23702120781
    },
    "barkbands_spread": {
        "max": 23.4756603241,
        "mean": 8.18603897095,
        "min": 0.6032102108,
        "stdev": 3.78863191605
    },
    "dissonance": {
        "max": 0.499999940395,
        "mean": 0.462841510773,
        "min": 0.288707405329,
        "stdev": 0.0426479168236
    },
    "dynamic_complexity": 3.76186823845,
    "erbbands_crest": {
        "max": 28.6158103943,
        "mean": 12.2789258957,
        "min": 3.95139145851,
        "stdev": 5.39259338379
    },
    "erbbands_flatness_db": {
        "max": 0.476316303015,
        "mean": 0.323553353548,
        "min": 0.187696561217,
        "stdev": 0.046603731811
    },
    "erbbands_kurtosis": {
        "max": 28.8869247437,
        "mean": 2.61130619049,
        "min": -1.43344521523,
        "stdev": 3.61777448654
    },
    "erbbands_skewness": {
        "max": 5.04289960861,
        "mean": 1.32483363152,
        "min": -1.26899170876,
        "stdev": 0.820135474205
    },
    "erbbands_spread": {
        "max": 43.6702346802,
        "mean": 15.5360031128,
        "min": 2.51458215714,
        "stdev": 5.46091270447
    },
    "hfc": {
        "max": 93.3722763062,
        "mean": 21.342010498,
        "min": 0.244881078601,
        "stdev": 15.8046474457
    },
    "loudness_ebu128": {
        "integrated": -16.7314834595,
        "loudness_range": 6.10223960876,
        "momentary": {
            "max": -12.9068145752,
            "mean": -18.9206237793,
            "min": -34.2750473022,
            "stdev": 4.92073249817
        },
        "short_term": {
            "max": -14.4755306244,
            "mean": -17.7790470123,
            "min": -28.816286087,
            "stdev": 2.7092218399
        }
    },
    "melbands_crest": {
        "max": 32.4230155945,
        "mean": 15.3352775574,
        "min": 3.61016750336,
        "stdev": 6.56744003296
    },
    "melbands_flatness_db": {
        "max": 0.565904855728,
        "mean": 0.23349493742,
        "min": 0.0957625359297,
        "stdev": 0.0748249441385
    },
    "melbands_kurtosis": {
        "max": 130.113327026,
        "mean": 10.9955186844,
        "min": -1.54877614975,
        "stdev": 13.3694438934
    },
    "melbands_skewness": {
        "max": 8.93812084198,
        "mean": 2.32433485985,
        "min": -0.659614741802,
        "stdev": 1.30395317078
    },
    "melbands_spread": {
        "max": 38.052734375,
        "mean": 12.4896612167,
        "min": 0.946735084057,
        "stdev": 7.37821578979
    },
    "pitch_salience": {
        "max": 0.848915338516,
        "mean": 0.602186560631,
        "min": 0.188362345099,
        "stdev": 0.149326205254
    },
    "silence_rate_20dB": {
        "max": 1,
        "mean": 1,
        "min": 1,
        "stdev": 0
    },
    "silence_rate_30dB": {
        "max": 1,
        "mean": 1,
        "min": 1,
        "stdev": 0
    },
    "silence_rate_60dB": {
        "max": 1,
        "mean": 0.165505230427,
        "min": 0,
        "stdev": 0.371633470058
    },
    "spectral_centroid": {
        "max": 2505.83325195,
        "mean": 1388.79528809,
        "min": 374.804443359,
        "stdev": 494.442779541
    },
    "spectral_complexity": {
        "max": 50,
        "mean": 17.952091217,
        "min": 0,
        "stdev": 10.501127243
    },
    "spectral_decrease": {
        "max": -4.89532407666e-11,
        "mean": -5.29743804378e-09,
        "min": -2.54249297171e-08,
        "stdev": 4.14221545952e-09
    },
    "spectral_energy": {
        "max": 0.101570948958,
        "mean": 0.0219295378774,
        "min": 0.000206972283195,
        "stdev": 0.0169011466205
    },
    "spectral_energyband_high": {
        "max": 0.00377524504438,
        "mean": 0.000263634836301,
        "min": 4.08226554782e-07,
        "stdev": 0.000274419551715
    },
    "spectral_energyband_low": {
        "max": 0.00025262060808,
        "mean": 7.74685940996e-06,
        "min": 9.95410420757e-10,
        "stdev": 2.23905917665e-05
    },
    "spectral_energyband_middle_high": {
        "max": 0.0725141987205,
        "mean": 0.0115394871682,
        "min": 0.000101060271845,
        "stdev": 0.0118544166908
    },
    "spectral_energyband_middle_low": {
        "max": 0.0895223841071,
        "mean": 0.0107469921932,
        "min": 6.03109765507e-05,
        "stdev": 0.0116399005055
    },
    "spectral_entropy": {
        "max": 8.31273174286,
        "mean": 7.3138756752,
        "min": 5.02772474289,
        "stdev": 0.520113766193
    },
    "spectral_flux": {
        "max": 0.261253356934,
        "mean": 0.0767518058419,
        "min": 0.00946329627186,
        "stdev": 0.0377723686397
    },
    "spectral_kurtosis": {
        "max": 68.5860824585,
        "mean": 5.66156244278,
        "min": -0.465264797211,
        "stdev": 4.88226985931
    },
    "spectral_rms": {
        "max": 0.00995457731187,
        "mean": 0.00420304015279,
        "min": 0.000449359737104,
        "stdev": 0.00193110026885
    },
    "spectral_rolloff": {
        "max": 3488.37890625,
        "mean": 1481.45751953,
        "min": 387.59765625,
        "stdev": 624.40838623
    },
    "spectral_skewness": {
        "max": 5.9427728653,
        "mean": 1.59149312973,
        "min": 0.645810842514,
        "stdev": 0.48227250576
    },
    "spectral_spread": {
        "max": 14241188,
        "mean": 2854383.5,
        "min": 703911.125,
        "stdev": 539052.75
    },
    "spectral_strongpeak": {
        "max": 7.70637845993,
        "mean": 1.80943977833,
        "min": 0.0544305816293,
        "stdev": 1.32634747028
    },
    "zerocrossingrate": {
        "max": 0.0966796875,
        "mean": 0.0560209155083,
        "min": 0.0146484375,
        "stdev": 0.0186535082757
    },
    "barkbands": {
        "max": [3.09200004267e-06, 6.47176493658e-05, 0.00012051477097, 0.000582786335144, 0.00213030888699, 0.0276781339198, 0.0571230426431, 0.0704284980893, 0.0473193787038, 0.060662843287, 0.0121473744512, 0.010486215353, 0.00885446742177, 0.0069567929022, 0.00527005130425, 0.00227138516493, 0.00236183940433, 0.0018785414286, 0.00484648765996, 0.00196118769236, 0.00201369542629, 0.000645252759568, 0.000253245583735, 0.000148770894157, 8.11402496765e-05, 1.81497907761e-05, 2.78304946733e-06],
        "mean": [7.67182086747e-08, 1.25014798869e-06, 2.06894333132e-06, 1.27067023641e-05, 6.23511441518e-05, 0.000865520851221, 0.0038611094933, 0.00171987514477, 0.00314571079798, 0.00619016354904, 0.00133601936977, 0.000895757577382, 0.000976383278612, 0.000904397806153, 0.000527511932887, 0.000177014444489, 0.000278307736153, 0.000273482059129, 0.000373309972929, 0.00012030263315, 0.000102879464976, 6.02889158472e-05, 2.8486840165e-05, 1.06070683614e-05, 3.66216590919e-06, 3.07716902626e-07, 5.12761522131e-09],
        "min": [1.83324119774e-11, 2.14583295577e-10, 8.52310583221e-11, 2.62198956991e-10, 5.18886587031e-08, 1.67766586401e-07, 7.5232725294e-07, 2.22563176067e-06, 3.37395272254e-06, 3.74960472982e-06, 7.24976530364e-07, 1.83124541309e-06, 2.55410827776e-06, 7.18248713838e-07, 7.38767710118e-07, 3.79284472274e-07, 7.32765897737e-07, 6.36732579551e-07, 2.36785155039e-07, 9.33737709374e-09, 3.55417967057e-07, 7.04984626232e-10, 3.96354088439e-10, 3.71579815528e-11, 1.63794845742e-11, 2.25530479708e-11, 3.22089646621e-11],
        "stdev": [2.22831047836e-07, 4.67275776828e-06, 8.07654669188e-06, 3.6621815525e-05, 0.000182394956937, 0.00311585888267, 0.00888913683593, 0.00615980988368, 0.00414136005566, 0.00928226672113, 0.00162460422143, 0.00104556232691, 0.00106482754927, 0.000971409142949, 0.000605281384196, 0.000230980149354, 0.00030239141779, 0.000290717580356, 0.000398260017391, 0.000175807566848, 0.000120784701721, 6.42960440018e-05, 3.09928364004e-05, 1.16667815746e-05, 5.59085901841e-06, 1.0285400549e-06, 8.70066401149e-08]
    },
    "erbbands": {
        "max": [0.00113419629633, 0.0194658823311, 0.101631104946, 0.899713039398, 6.67653369904, 11.8594284058, 98.8677978516, 286.451599121, 915.641540527, 1713.62243652, 1724.02526855, 1279.98144531, 996.481445312, 2325.43286133, 572.549316406, 267.553710938, 447.459655762, 308.366699219, 380.032562256, 265.264648438, 68.7693023682, 113.367225647, 99.8987960815, 203.099563599, 195.359069824, 95.6579208374, 55.0832939148, 100.98399353, 30.3762283325, 10.1837854385, 8.73109149933, 2.2743897438, 3.05067110062, 1.34677231312, 0.385525435209, 0.147475764155, 0.0138965230435, 0.00735747348517, 0.000174701592186, 0.000116219154734],
        "mean": [2.01387920242e-05, 0.000364133418771, 0.00227542361245, 0.0215749572963, 0.0610863938928, 0.256261020899, 1.90944397449, 9.24481964111, 48.1946334839, 51.6960945129, 38.7911567688, 71.8545608521, 129.853149414, 169.480728149, 54.7700157166, 37.1290206909, 43.6059303284, 46.0994682312, 39.7704086304, 17.3261947632, 10.2375602722, 15.5476131439, 14.9622573853, 16.4333763123, 17.0463867188, 6.12866592407, 3.92493391037, 4.16697263718, 2.3804461956, 1.16686022282, 0.820979595184, 0.304526329041, 0.139134526253, 0.0579251348972, 0.0173525940627, 0.00317801791243, 0.00027052682708, 3.09321112582e-05, 1.34396404974e-05, 2.65585476882e-05],
        "min": [8.85394086936e-08, 2.08149060654e-07, 1.6659511175e-06, 5.00379837831e-06, 4.17897499574e-05, 0.000258818356087, 0.000787677941844, 0.00217189756222, 0.0101263644174, 0.0309456437826, 0.133036181331, 0.300119698048, 0.221841305494, 0.0859159529209, 0.166949406266, 0.220713227987, 0.274966269732, 0.121020317078, 0.0706874057651, 0.0312427487224, 0.032545119524, 0.0484086759388, 0.0367960296571, 0.014240543358, 0.0122360121459, 0.00208981963806, 0.0163644179702, 0.00781755242497, 0.000533048645593, 4.76108434668e-05, 2.14742995013e-05, 1.70754810824e-05, 1.35703967317e-05, 3.2420559819e-06, 1.85589544799e-06, 8.22013703328e-07, 3.7753082438e-07, 1.03593144729e-07, 1.86951538694e-07, 2.97696459484e-07],
        "stdev": [7.65945806052e-05, 0.00133000675123, 0.00779164442793, 0.0619781799614, 0.236901432276, 0.745801270008, 8.01950645447, 29.0547885895, 119.321083069, 151.203536987, 104.592391968, 97.182144165, 159.328033447, 295.908905029, 64.6814117432, 39.7636299133, 46.6331939697, 46.7345962524, 43.9021720886, 20.2393665314, 10.7409381866, 16.4593372345, 15.5445775986, 18.3854846954, 19.3865756989, 8.29487133026, 4.22364234924, 5.54138565063, 2.66212391853, 1.14053034782, 0.972263991833, 0.311287522316, 0.175557941198, 0.0837642252445, 0.0337895005941, 0.00874247867614, 0.00092283077538, 0.000277982966509, 1.096093456e-05, 1.99728037842e-05]
    },
    "gfcc": {
        "mean": [-105.439064026, 58.32787323, -245.79927063, -21.8044910431, -108.077682495, -7.74911975861, -22.4904613495, -7.90109920502, -14.178150177, -19.7162055969, -5.83242464066, -18.3001060486, -4.11775255203],
        "cov": [[3489.90527344, -1283.06970215, -703.21472168, -317.889678955, -255.618927002, 351.981262207, -34.9424972534, 352.944366455, -257.601135254, -124.648719788, -227.721481323, -300.007202148, 4.4786233902], [-1283.06970215, 2343.1640625, 1428.25390625, 452.312927246, -57.2468338013, -826.071899414, 157.42388916, -603.014282227, 312.683563232, 146.671432495, 507.205535889, 303.582214355, 43.6126976013], [-703.21472168, 1428.25390625, 1433.92590332, 405.815551758, -50.3517875671, -438.180175781, -120.154724121, -272.275787354, -4.20020771027, 261.702301025, 280.43460083, 255.582092285, -2.25674986839], [-317.889678955, 452.312927246, 405.815551758, 304.329742432, 61.6678161621, -57.3137588501, -64.921043396, -73.6131057739, -7.85688447952, 43.8177566528, 90.8508529663, 49.4985351562, 7.16318368912], [-255.618927002, -57.2468338013, -50.3517875671, 61.6678161621, 251.410064697, 201.08303833, -9.89831542969, 88.5764770508, -4.29828643799, -22.9232635498, -120.654441833, -16.6251220703, -30.0540027618], [351.981262207, -826.071899414, -438.180175781, -57.3137588501, 201.08303833, 582.148681641, -31.3236198425, 338.791503906, -112.692481995, -69.0555801392, -247.326263428, -176.406600952, -23.2713375092], [-34.9424972534, 157.42388916, -120.154724121, -64.921043396, -9.89831542969, -31.3236198425, 373.666442871, -12.7269144058, 153.014648438, -31.714887619, 66.9476318359, -12.7889986038, 3.94069242477], [352.944366455, -603.014282227, -272.275787354, -73.6131057739, 88.5764770508, 338.791503906, -12.7269144058, 285.195709229, -79.163520813, -5.7477016449, -161.886001587, -104.847190857, -21.9958877563], [-257.601135254, 312.683563232, -4.20020771027, -7.85688447952, -4.29828643799, -112.692481995, 153.014648438, -79.163520813, 185.025299072, -20.694316864, 90.8865661621, 9.26566696167, 4.71079587936], [-124.648719788, 146.671432495, 261.702301025, 43.8177566528, -22.9232635498, -69.0555801392, -31.714887619, -5.7477016449, -20.694316864, 145.362838745, 36.7114028931, 70.9268951416, -10.3524713516], [-227.721481323, 507.205535889, 280.43460083, 90.8508529663, -120.654441833, -247.326263428, 66.9476318359, -161.886001587, 90.8865661621, 36.7114028931, 227.140060425, 73.4407501221, 39.4503059387], [-300.007202148, 303.582214355, 255.582092285, 49.4985351562, -16.6251220703, -176.406600952, -12.7889986038, -104.847190857, 9.26566696167, 70.9268951416, 73.4407501221, 141.127990723, 13.7232398987], [4.4786233902, 43.6126976013, -2.25674986839, 7.16318368912, -30.0540027618, -23.2713375092, 3.94069242477, -21.9958877563, 4.71079587936, -10.3524713516, 39.4503059387, 13.7232398987, 65.1388702393]],
        "icov": [[0.000508805329446, -3.50961454387e-05, -5.39020356882e-06, 8.30120479804e-05, 0.000699775933754, 0.000244613795076, -0.000201039016247, -0.000545548915397, 0.00070157769369, 0.000243657705141, 0.000325266708387, 0.000779806810897, -0.000155894973432], [-3.50961454387e-05, 0.0118047399446, -0.00959378760308, -0.00112454057671, -0.00901527237147, 0.00708040827885, -0.00296532176435, 0.00779563328251, -0.00875956937671, 0.00312912254594, -0.00297404639423, 0.00668767932802, -0.00540511263534], [-5.39020356882e-06, -0.00959378760308, 0.0101543376222, -0.00105556356721, 0.00683109927922, -0.00508446386084, 0.00256879627705, -0.00598497735336, 0.00780658656731, -0.00505911931396, 0.00116837746464, -0.00625017983839, 0.00529106846079], [8.30120479804e-05, -0.00112454057671, -0.00105556356721, 0.00829755701125, -0.0034298656974, -0.00126733002253, 0.00117908185348, 5.30833094672e-05, 0.00281877000816, 0.000441178854089, -0.0047243507579, 0.00180105341133, 5.75752783334e-05], [0.000699775933754, -0.00901527237147, 0.00683109927922, -0.0034298656974, 0.0204993113875, -0.0108959106728, 0.00191923126113, -0.00472169322893, 0.00159072282258, 0.000139117546496, 0.0107467574999, -0.0111974384636, 0.00621415534988], [0.000244613795076, 0.00708040827885, -0.00508446386084, -0.00126733002253, -0.0108959106728, 0.0159520152956, -0.00245233229361, -0.00382502167486, -0.0013728197664, 0.00219094520435, -0.00144164869562, 0.0108795622364, -0.00623713480309], [-0.000201039016247, -0.00296532176435, 0.00256879627705, 0.00117908185348, 0.00191923126113, -0.00245233229361, 0.00540703441948, -0.00263506779447, -0.00163340661675, -0.000427153485361, -0.00109527050517, -0.00272759911604, 0.00203923438676], [-0.000545548915397, 0.00779563328251, -0.00598497735336, 5.30833094672e-05, -0.00472169322893, -0.00382502167486, -0.00263506779447, 0.0209647100419, -0.00611294480041, -0.00361869926564, 0.000342464045389, 0.00523774139583, -0.00314535084181], [0.00070157769369, -0.00875956937671, 0.00780658656731, 0.00281877000816, 0.00159072282258, -0.0013728197664, -0.00163340661675, -0.00611294480041, 0.0209519620985, -0.00237550865859, -0.00393846910447, 0.000424088153522, 0.00445833615959], [0.000243657705141, 0.00312912254594, -0.00505911931396, 0.000441178854089, 0.000139117546496, 0.00219094520435, -0.000427153485361, -0.00361869926564, -0.00237550865859, 0.0160853806883, -0.00108974066097, -0.00470370333642, 0.00169438822195], [0.000325266708387, -0.00297404639423, 0.00116837746464, -0.0047243507579, 0.0107467574999, -0.00144164869562, -0.00109527050517, 0.000342464045389, -0.00393846910447, -0.00108974066097, 0.0199470613152, -0.00291627179831, -0.00420048180968], [0.000779806810897, 0.00668767932802, -0.00625017983839, 0.00180105341133, -0.0111974384636, 0.0108795622364, -0.00272759911604, 0.00523774139583, 0.000424088153522, -0.00470370333642, -0.00291627179831, 0.0256698541343, -0.00871174968779], [-0.000155894973432, -0.00540511263534, 0.00529106846079, 5.75752783334e-05, 0.00621415534988, -0.00623713480309, 0.00203923438676, -0.00314535084181, 0.00445833615959, 0.00169438822195, -0.00420048180968, -0.00871174968779, 0.0229379702359]]
    },
    "melbands": {
        "max": [1.1902395272e-05, 4.14564419771e-05, 0.000294062949251, 0.000540185894351, 0.00292490399443, 0.00614749686792, 0.0129838660359, 0.0196870360523, 0.0141847608611, 0.0069842687808, 0.00599982123822, 0.0102065335959, 0.00180073396768, 0.00146892783232, 0.000880564388353, 0.000828984717373, 0.000496601802297, 0.000683887454215, 0.000521165609825, 0.000206012991839, 0.000109115957457, 0.000118913558254, 0.000156046022312, 0.000100033532362, 0.000177206413355, 0.000200600508833, 0.000103016689536, 6.04866290814e-05, 2.81945922325e-05, 5.26852709299e-05, 5.64385190955e-05, 2.23418919632e-05, 6.61426565784e-06, 5.55868109586e-06, 6.23189225735e-06, 2.05708738577e-06, 1.37779613851e-06, 2.16308148993e-06, 1.96103655981e-06, 8.67107473823e-07],
        "mean": [2.62079794311e-07, 1.07870414467e-06, 5.02597004015e-06, 8.8949846031e-06, 5.54300931981e-05, 0.000214742147364, 0.000763240794186, 0.000521216541529, 0.000324896944221, 0.000463930948172, 0.000678561220411, 0.000752542517148, 0.000182838892215, 0.000106026360299, 9.91333508864e-05, 9.32276598178e-05, 8.5109808424e-05, 6.98946532793e-05, 3.34073629347e-05, 1.44175728565e-05, 1.16618530228e-05, 1.60808558576e-05, 1.51849253598e-05, 1.26021677715e-05, 1.28184474306e-05, 1.63178883668e-05, 6.17700789007e-06, 3.56846476279e-06, 2.26749330068e-06, 2.667427907e-06, 2.2930457817e-06, 1.48079323026e-06, 8.31637521514e-07, 5.60975138342e-07, 5.65331220059e-07, 2.37900948719e-07, 1.60744988875e-07, 1.03817185959e-07, 6.72595490414e-08, 4.23664623384e-08],
        "min": [6.71199623659e-11, 2.04821506977e-10, 3.06683262119e-10, 7.6699313567e-09, 2.95873991973e-08, 4.14433820595e-08, 1.64498416666e-07, 3.49611582351e-07, 7.46737157442e-07, 5.09034066454e-07, 9.89246018435e-07, 2.45278982902e-07, 1.54646727424e-07, 1.95916868506e-07, 3.05898367969e-07, 2.82068498336e-07, 4.00063058237e-08, 9.24141474457e-08, 4.0181046046e-08, 2.70357904952e-08, 3.51194238135e-08, 3.41563080042e-08, 3.20299164969e-08, 1.60443480723e-08, 9.16071574153e-09, 9.92014292933e-09, 3.86719456458e-09, 1.26657989652e-10, 5.87455639689e-09, 1.0745647927e-08, 1.5164594025e-09, 1.61005653254e-11, 9.10362236983e-12, 7.4477906481e-12, 6.44316718035e-12, 3.33367946963e-12, 5.0561860471e-13, 4.00247841597e-13, 1.51285003947e-13, 1.30241940822e-13],
        "stdev": [9.6742110145e-07, 3.47293553205e-06, 1.49054330905e-05, 2.8572150768e-05, 0.000232772494201, 0.000691427150741, 0.00181900721509, 0.00160850805696, 0.000800699810497, 0.000617070880253, 0.000860297004692, 0.0013213029597, 0.000223433991778, 0.000126628336147, 0.000121758719615, 0.000100896140793, 8.92698371899e-05, 8.03417278803e-05, 3.80810233764e-05, 2.1164676582e-05, 1.28808915179e-05, 1.73990192707e-05, 1.76423218363e-05, 1.3933921764e-05, 1.61390707945e-05, 1.86926536117e-05, 9.02998181118e-06, 5.33083675691e-06, 2.53932398664e-06, 3.34469768859e-06, 3.17464809996e-06, 1.74872582193e-06, 8.5009577333e-07, 5.91472826272e-07, 7.18558908375e-07, 2.64200025413e-07, 1.70519143694e-07, 1.30893354822e-07, 1.01619313853e-07, 6.49691074273e-08]
    },
    "melbands128": {
        "max": [1.10608709747e-06, 6.05385093877e-06, 2.18450604734e-05, 4.27294362453e-05, 5.07997610839e-05, 7.40740433685e-05, 0.000145128287841, 0.000353281036951, 0.000882990134414, 0.000708464649506, 0.000863559718709, 0.000668422551826, 0.00240022083744, 0.0105069987476, 0.00901113450527, 0.0141617143527, 0.0167681593448, 0.0224153138697, 0.0187546089292, 0.0275528244674, 0.0273922625929, 0.0202587246895, 0.0251695737243, 0.0123126925901, 0.0143267456442, 0.00637874379754, 0.00480870623142, 0.00728191202506, 0.0180244799703, 0.0198481027037, 0.00939838867635, 0.0022237424273, 0.00254269968718, 0.00296166888438, 0.00263749551959, 0.0015203836374, 0.00105194561183, 0.00162685150281, 0.00189715228043, 0.00129005860072, 0.00144316419028, 0.00148810981773, 0.000774542044383, 0.00093146180734, 0.00164350203704, 0.00127878901549, 0.000616355100647, 0.00048623920884, 0.00101511820685, 0.000366370106349, 0.000322611071169, 7.66044759075e-05, 0.000106329454866, 0.000187876852578, 0.000216943444684, 0.000154774475959, 0.000223452690989, 0.000366493099136, 0.000159803545102, 0.000228070173762, 0.000186658377061, 0.000202095397981, 0.000284586712951, 0.000190312799532, 0.000395605136873, 0.000318331847666, 0.000201807386475, 0.000186548524653, 0.000116694172902, 0.000113821493869, 0.000125816979562, 6.05889181315e-05, 4.08384512411e-05, 1.68451188074e-05, 2.46957661147e-05, 6.01594292675e-05, 5.626436905e-05, 0.00010268711776, 4.71787789138e-05, 3.24746579281e-05, 2.88413539238e-05, 2.95223217108e-05, 1.01356090454e-05, 6.31990087641e-06, 8.90035425982e-06, 7.43142891224e-06, 4.90551474286e-06, 5.20843832419e-06, 9.97797724267e-06, 6.75442970532e-06, 3.38643371833e-06, 2.2138933673e-06, 1.52550649091e-06, 1.695819833e-06, 1.87328896573e-06, 2.06252457247e-06, 2.01278521672e-06, 2.70820851256e-06, 2.11714836951e-06, 1.62973253737e-06, 1.14053648304e-06, 7.86056546076e-07, 7.89364150933e-07, 7.68495397097e-07, 7.02664920027e-07, 3.69823112578e-07, 3.10748788479e-07, 4.16065091713e-07, 2.44153966378e-07, 2.157422756e-07, 1.05185847588e-07, 3.82288263268e-08, 2.87726908965e-08, 8.80029134009e-08, 1.69804323491e-07, 9.81156631497e-08, 9.52977856628e-08, 4.52564474784e-09, 1.70455749515e-09, 1.67607749901e-09, 1.63655855534e-09, 1.62263358305e-09, 1.58682988971e-09, 1.57220148012e-09, 1.54953205822e-09, 1.53342183395e-09, 1.5194965286e-09, 1.51287715688e-09],
        "mean": [3.97590582679e-08, 9.7115041342e-08, 3.0567409226e-07, 6.6402367338e-07, 8.50974288369e-07, 1.09750794763e-06, 3.54519784196e-06, 7.48948696128e-06, 5.74398563913e-06, 4.38623146692e-06, 1.29821482915e-05, 2.22834878514e-05, 4.01658908231e-05, 0.000134046858875, 0.000138689603773, 0.000266332179308, 0.000561520224437, 0.00105480942875, 0.000729468418285, 0.000600704166573, 0.000408532156143, 0.000266597460723, 0.000301412539557, 0.0003813780786, 0.000471221399494, 0.000497675442602, 0.000461153045762, 0.000600755505729, 0.000902008381672, 0.00119475240353, 0.000542220135685, 0.000203104122193, 0.000177601832547, 0.000166950150742, 0.000107562438643, 9.46720974753e-05, 8.4055987827e-05, 0.000106592444354, 0.000103289661638, 9.04502521735e-05, 9.4786810223e-05, 9.17604193091e-05, 8.06084572105e-05, 8.54549216456e-05, 8.42701047077e-05, 7.02046090737e-05, 5.09272176714e-05, 3.57553144568e-05, 2.57112242252e-05, 1.79538346856e-05, 1.40257816383e-05, 8.8340802904e-06, 9.97559527605e-06, 1.26418053696e-05, 1.60360159498e-05, 1.60236977536e-05, 1.64881676028e-05, 1.73147182068e-05, 1.3663034224e-05, 1.32548029796e-05, 1.18465322885e-05, 1.251626054e-05, 1.45014537338e-05, 1.11142926471e-05, 1.25698688862e-05, 2.17411161429e-05, 1.53917626449e-05, 7.04143121766e-06, 4.42218515673e-06, 3.9483038563e-06, 4.15889417127e-06, 3.00398392028e-06, 2.42033047471e-06, 2.09150107366e-06, 2.07823268283e-06, 2.63187394012e-06, 3.10218410959e-06, 2.57659530689e-06, 2.20938591156e-06, 2.00444947041e-06, 1.57115960064e-06, 1.33129310598e-06, 1.01802868357e-06, 7.72095518187e-07, 7.03428156612e-07, 5.65712412026e-07, 4.84580993998e-07, 5.71653856696e-07, 7.67043104588e-07, 3.7559800603e-07, 2.52464275263e-07, 2.10461863048e-07, 1.87490570625e-07, 1.63900352845e-07, 1.45901680071e-07, 1.19000681309e-07, 9.35187927098e-08, 8.31590369899e-08, 6.9898852928e-08, 5.93663500581e-08, 4.82946482805e-08, 4.16726457786e-08, 3.21294635341e-08, 2.5446633245e-08, 1.85077979609e-08, 1.28571793212e-08, 9.7733829918e-09, 6.38059871605e-09, 5.09030551044e-09, 2.57042187535e-09, 1.60207447308e-09, 5.66378444145e-10, 3.03534475332e-10, 2.81234396882e-10, 3.7188060964e-10, 2.53035453701e-10, 1.53118559498e-10, 1.51970033779e-11, 4.78532708251e-12, 4.67550130556e-12, 4.55748806749e-12, 4.48012070151e-12, 4.39719398046e-12, 4.32564704542e-12, 4.21615216697e-12, 4.0838938134e-12, 4.00163973138e-12, 3.97475802272e-12],
        "min": [5.68587408059e-12, 2.5791140057e-11, 2.38268224595e-11, 3.3375576608e-11, 8.27023310945e-11, 5.11933204161e-11, 7.36480737507e-11, 1.08388825693e-10, 3.55220602932e-10, 2.82865109114e-09, 3.43602457598e-09, 1.13017453174e-08, 8.31554203273e-09, 7.17375270298e-09, 6.39627861787e-09, 9.71628377755e-09, 1.86933988289e-08, 2.61347548047e-08, 8.65680007678e-08, 1.34175735411e-07, 1.87375150063e-07, 1.72493429318e-07, 1.90550935031e-07, 5.27409014239e-08, 1.49445497755e-07, 2.77521110092e-07, 6.09883130664e-08, 2.51056889056e-07, 1.35649301569e-07, 1.06021786905e-07, 2.35475070554e-07, 5.47629674941e-08, 5.68159279624e-08, 5.05663706463e-08, 1.46311208482e-07, 1.05287782048e-07, 2.16705998923e-07, 1.11060089125e-07, 9.73393241566e-08, 2.51171911714e-07, 4.88686566769e-08, 4.1884323565e-08, 3.40897550188e-08, 2.17357492005e-08, 2.14324096248e-08, 3.79377205206e-08, 6.39643573663e-08, 1.04978452597e-08, 1.4277793392e-09, 3.25542537372e-10, 2.99526781156e-09, 5.59585211501e-10, 4.23381285586e-09, 1.45792866668e-09, 4.68310668023e-10, 1.47855716559e-09, 1.03737658463e-08, 3.78773368226e-09, 1.70091709606e-08, 1.44460150509e-08, 5.20777554414e-09, 1.12610116787e-08, 9.95535298642e-09, 4.1707051146e-09, 4.95422547431e-09, 8.33556512703e-09, 1.77943668689e-08, 5.56456747347e-09, 5.40575029184e-10, 3.68999053535e-10, 5.60646737369e-11, 2.1348237414e-11, 8.90116799712e-11, 1.7983843581e-10, 2.00301886188e-09, 1.17597105387e-08, 5.57184254291e-09, 4.03954514283e-09, 8.96955842933e-11, 4.34496640056e-11, 1.08040061272e-11, 1.03069167784e-11, 8.86437364483e-12, 8.92761212179e-12, 9.2364839735e-12, 8.51970924365e-12, 6.32475235379e-12, 6.52512158889e-12, 6.75020499566e-12, 2.75164179636e-12, 4.02734616489e-12, 3.27619940725e-12, 7.7844490836e-13, 4.1782349065e-13, 2.5966652873e-13, 3.42774365749e-13, 1.68105479081e-13, 1.94320078149e-13, 1.12438629642e-13, 1.46361153991e-13, 8.02094393508e-14, 1.19861030281e-13, 7.70359660394e-14, 1.29678060824e-13, 6.42413639645e-14, 8.43668803438e-14, 7.64692671164e-14, 1.02588503827e-13, 9.99646058205e-14, 9.56469739565e-14, 1.08832031115e-13, 1.04958698525e-13, 1.03896993548e-13, 9.63477277019e-14, 1.07791346107e-13, 1.06141610529e-13, 9.71303251588e-14, 9.26915675833e-14, 1.08850733602e-13, 1.22552169151e-13, 1.0186996239e-13, 7.76430514934e-14, 9.19514911804e-14, 8.94046257383e-14, 7.54808609821e-14, 2.80493757696e-14, 3.91854763224e-15, 8.80496042627e-17],
        "stdev": [1.03589918865e-07, 4.36175184859e-07, 1.352919071e-06, 2.61870513896e-06, 3.42353860106e-06, 4.37155631516e-06, 1.13108799269e-05, 2.16515509237e-05, 2.88787705358e-05, 2.62181947619e-05, 4.69637197966e-05, 6.93374022376e-05, 0.000181941388291, 0.000734618923161, 0.000662560050841, 0.00116340420209, 0.00164379412308, 0.00312986783683, 0.00203182850964, 0.00238014035858, 0.00203806417994, 0.00117377575953, 0.00112106953748, 0.00077681906987, 0.000859777326696, 0.000750366132706, 0.00072704727063, 0.000896676036064, 0.00170715898275, 0.00250102509744, 0.00114280066919, 0.000308075890644, 0.000297659309581, 0.000299613748211, 0.000174562868779, 0.000151346219354, 0.000119006770547, 0.000180082162842, 0.000154715729877, 0.000123454577988, 0.00012786174193, 0.000127209365019, 0.000100311583083, 0.000115473652841, 0.000128515268443, 0.000102452708234, 6.61930826027e-05, 4.79395566799e-05, 4.3708805606e-05, 2.81065331365e-05, 3.03244851239e-05, 1.17048957691e-05, 1.35704058266e-05, 1.64893772308e-05, 2.16173666558e-05, 2.03020917979e-05, 2.21762820729e-05, 2.62383146037e-05, 1.83929023478e-05, 1.87541554624e-05, 1.65674955497e-05, 1.8019687559e-05, 2.49442218774e-05, 1.77730598807e-05, 2.42469595833e-05, 3.09778479277e-05, 2.44762795774e-05, 1.50581945491e-05, 8.112489013e-06, 6.43055182081e-06, 8.1172438513e-06, 4.77005733046e-06, 3.26747840518e-06, 2.45132173404e-06, 2.67417431132e-06, 3.97831126975e-06, 4.99111820318e-06, 5.01956264998e-06, 3.60662716048e-06, 2.85275768874e-06, 2.19973981075e-06, 2.11388737625e-06, 1.28035571834e-06, 8.58775877077e-07, 8.28083784654e-07, 6.80809364439e-07, 6.01064698458e-07, 7.21879473531e-07, 1.22397921132e-06, 5.71451380438e-07, 3.20463470871e-07, 2.54360742247e-07, 2.14094015405e-07, 1.98870708346e-07, 1.77564771775e-07, 1.54627571192e-07, 1.32023970423e-07, 1.35475744401e-07, 1.16187024446e-07, 9.28369843223e-08, 7.90150167518e-08, 7.06358918023e-08, 5.81988182091e-08, 5.85742334636e-08, 4.46592878234e-08, 3.51046196556e-08, 2.6399293418e-08, 2.23609468719e-08, 1.72132974541e-08, 1.16723288812e-08, 7.49277884182e-09, 2.69489963678e-09, 1.83985937596e-09, 2.93133228801e-09, 5.57292700876e-09, 3.63269081483e-09, 3.00105429396e-09, 1.84357362709e-10, 5.05359920577e-11, 4.96867824662e-11, 4.85124961036e-11, 4.80926340418e-11, 4.70303795908e-11, 4.65925180382e-11, 4.5923237435e-11, 4.54465180766e-11, 4.50353816739e-11, 4.4838844443e-11]
    },
    "mfcc": {
        "mean": [-705.543945312, 86.3373336792, -92.4708175659, -32.003074646, -64.5205993652, -18.2433319092, -18.4098434448, -0.228903204203, -11.9339437485, -1.34404075146, -2.21019625664, -9.40384674072, -15.3430051804],
        "cov": [[4119.7109375, -1601.24438477, -953.976379395, -919.63470459, -145.441116333, -207.88243103, 272.646087646, 231.645523071, 225.067596436, 274.207244873, -76.0809402466, -259.916656494, -338.002441406], [-1601.24438477, 1910.79272461, 1137.73449707, 986.363098145, -145.536087036, 95.2360839844, -289.250183105, -268.191314697, -295.909759521, -270.22052002, 70.3997879028, 253.452865601, 256.741668701], [-953.976379395, 1137.73449707, 1260.01586914, 721.973327637, 104.477272034, 15.5216732025, -83.0490722656, -323.4090271, -212.581192017, -284.778594971, 66.9388046265, 224.211227417, 218.490539551], [-919.63470459, 986.363098145, 721.973327637, 700.372558594, -39.008140564, 59.877872467, -146.483551025, -195.69859314, -196.14100647, -209.868392944, 37.3686408997, 150.105484009, 171.062072754], [-145.441116333, -145.536087036, 104.477272034, -39.008140564, 453.989318848, 57.8798294067, 77.2057189941, 18.9053821564, 55.8256568909, 12.8471183777, -23.4017543793, -1.2496253252, -49.1167259216], [-207.88243103, 95.2360839844, 15.5216732025, 59.877872467, 57.8798294067, 119.649414062, 38.7670898438, 58.5548973083, 30.1865253448, 40.6597518921, 9.2203950882, 8.18385219574, 4.63867855072], [272.646087646, -289.250183105, -83.0490722656, -146.483551025, 77.2057189941, 38.7670898438, 203.611038208, 88.07787323, 128.783966064, 73.2163314819, 43.9116134644, -37.0339355469, -23.1430625916], [231.645523071, -268.191314697, -323.4090271, -195.69859314, 18.9053821564, 58.5548973083, 88.07787323, 220.846603394, 110.963088989, 159.968719482, -6.98032999039, -54.8054161072, -81.1973724365], [225.067596436, -295.909759521, -212.581192017, -196.14100647, 55.8256568909, 30.1865253448, 128.783966064, 110.963088989, 180.969833374, 105.579696655, 48.3557014465, -43.0913696289, -36.7024230957], [274.207244873, -270.22052002, -284.778594971, -209.868392944, 12.8471183777, 40.6597518921, 73.2163314819, 159.968719482, 105.579696655, 195.277694702, 0.216589450836, -38.2860298157, -82.1325912476], [-76.0809402466, 70.3997879028, 66.9388046265, 37.3686408997, -23.4017543793, 9.2203950882, 43.9116134644, -6.98032999039, 48.3557014465, 0.216589450836, 103.983879089, 33.3369483948, 40.4365348816], [-259.916656494, 253.452865601, 224.211227417, 150.105484009, -1.2496253252, 8.18385219574, -37.0339355469, -54.8054161072, -43.0913696289, -38.2860298157, 33.3369483948, 123.926437378, 53.6243171692], [-338.002441406, 256.741668701, 218.490539551, 171.062072754, -49.1167259216, 4.63867855072, -23.1430625916, -81.1973724365, -36.7024230957, -82.1325912476, 40.4365348816, 53.6243171692, 120.601661682]],
        "icov": [[0.000475019041914, 0.00026477308711, -0.000154664696311, 1.96125001821e-05, 0.000393342255848, 0.000519277760759, -0.000443646102212, 9.26586581045e-05, 5.48365460418e-06, -0.000115424962132, 7.61825576774e-05, 0.000107479361759, 0.000987228588201], [0.00026477308711, 0.00334775564261, -0.0021103087347, -0.00204625772312, 0.00123266759329, -0.00158876157366, 0.00328786391765, -0.00143628101796, -0.000495744578075, -0.000312132004183, -0.00107962975744, 0.000304978515487, 0.000430835556472], [-0.000154664696311, -0.0021103087347, 0.0048978230916, -0.00155832478777, -0.0018640604103, 0.00218630069867, -0.00457192538306, 0.00330811273307, 0.00136905489489, -0.000203192801564, 0.000792430364527, -0.00241020438261, -0.00101296813227], [1.96125001821e-05, -0.00204625772312, -0.00155832478777, 0.00814707949758, 0.000168431026395, -0.0035780700855, 0.000727471953724, -0.000728647806682, 0.00252290279604, 0.00269249174744, -0.00111905275844, -4.30716681876e-05, -0.00147052912507], [0.000393342255848, 0.00123266759329, -0.0018640604103, 0.000168431026395, 0.00402305228636, -0.00226875743829, 0.000422218174208, -1.27512821564e-05, -0.00204038317315, 0.00106933526695, 0.0013212718768, -0.00035094897612, 0.00323488237336], [0.000519277760759, -0.00158876157366, 0.00218630069867, -0.0035780700855, -0.00226875743829, 0.0172425340861, -0.00509258359671, -0.0026700028684, -0.00043936970178, -0.00333854509518, 0.00211458443664, -0.000296969228657, -0.00139449327253], [-0.000443646102212, 0.00328786391765, -0.00457192538306, 0.000727471953724, 0.000422218174208, -0.00509258359671, 0.0161119066179, -0.00452799955383, -0.00571515364572, 0.00100194045808, -0.00411918759346, 0.0030089369975, -0.00159435695969], [9.26586581045e-05, -0.00143628101796, 0.00330811273307, -0.000728647806682, -1.27512821564e-05, -0.0026700028684, -0.00452799955383, 0.0166094694287, -0.00174593995325, -0.0075262808241, 0.00243905279785, -0.000474739819765, 0.00250522908755], [5.48365460418e-06, -0.000495744578075, 0.00136905489489, 0.00252290279604, -0.00204038317315, -0.00043936970178, -0.00571515364572, -0.00174593995325, 0.0186083056033, -0.00300190225244, -0.00776521582156, 0.00180080498103, -0.00265278364532], [-0.000115424962132, -0.000312132004183, -0.000203192801564, 0.00269249174744, 0.00106933526695, -0.00333854509518, 0.00100194045808, -0.0075262808241, -0.00300190225244, 0.0168721936643, -0.000604810193181, -0.00299286050722, 0.00468936050311], [7.61825576774e-05, -0.00107962975744, 0.000792430364527, -0.00111905275844, 0.0013212718768, 0.00211458443664, -0.00411918759346, 0.00243905279785, -0.00776521582156, -0.000604810193181, 0.0185493938625, -0.00457231933251, -0.00298947864212], [0.000107479361759, 0.000304978515487, -0.00241020438261, -4.30716681876e-05, -0.00035094897612, -0.000296969228657, 0.0030089369975, -0.000474739819765, 0.00180080498103, -0.00299286050722, -0.00457231933251, 0.0147129148245, -0.00229323469102], [0.000987228588201, 0.000430835556472, -0.00101296813227, -0.00147052912507, 0.00323488237336, -0.00139449327253, -0.00159435695969, 0.00250522908755, -0.00265278364532, 0.00468936050311, -0.00298947864212, -0.00229323469102, 0.0212224777788]]
    },
    "spectral_contrast_coeffs": {
        "max": [-0.326060563326, -0.393137425184, -0.508892118931, -0.672692477703, -0.648350894451, -0.435082286596],
        "mean": [-0.680850923061, -0.653832137585, -0.733279705048, -0.803225159645, -0.787635982037, -0.684976637363],
        "min": [-0.93588322401, -0.914422869682, -0.892824590206, -0.903506875038, -0.885987639427, -0.859055817127],
        "stdev": [0.0863700658083, 0.099820651114, 0.068152539432, 0.0366315431893, 0.0343418829143, 0.0681542307138]
    },
    "spectral_contrast_valleys": {
        "max": [-7.5167016983, -5.45696783066, -5.08462905884, -5.90786504745, -6.07757806778, -9.03102493286],
        "mean": [-10.2887573242, -7.40340089798, -6.71052312851, -7.33840513229, -7.65640926361, -11.5630283356],
        "min": [-13.1828136444, -9.17594337463, -9.00752735138, -10.1075572968, -11.4746932983, -16.510181427],
        "stdev": [0.885788142681, 0.610918343067, 0.90039819479, 0.989968180656, 0.892595648766, 1.33843386173]
    }
},
"rhythm": {
    "beats_count": 62,
    "beats_loudness": {
        "max": 0.0635211393237,
        "mean": 0.0213634781539,
        "min": 0.000343796942616,
        "stdev": 0.0140513582155
    },
    "bpm": 138.902435303,
    "bpm_histogram_first_peak_bpm": 140,
    "bpm_histogram_first_peak_weight": 0.478260874748,
    "bpm_histogram_second_peak_bpm": 152,
    "bpm_histogram_second_peak_spread": 0.153846144676,
    "bpm_histogram_second_peak_weight": 0.180327862501,
    "danceability": 0.777053415775,
    "onset_rate": 0.863204658031,
    "beats_loudness_band_ratio": {
        "max": [0.0126199284568, 0.887539029121, 0.94485449791, 0.837279319763, 0.44442230463, 0.122007705271],
        "mean": [0.00121128291357, 0.0687323734164, 0.438038051128, 0.400727450848, 0.112811535597, 0.0342517979443],
        "min": [2.94590699923e-06, 5.72696299059e-05, 0.0337704904377, 0.0100172804669, 0.00043856468983, 0.000322273583151],
        "stdev": [0.00215147458948, 0.196227565408, 0.239399582148, 0.20848838985, 0.100667230785, 0.0262253284454]
    },
