{
"metadata": {
    "version": {
        "essentia": "2.1-beta5",
        "essentia_git_sha": "Undefined",
        "extractor": "music 2.0"
    },
    "audio_properties": {
        "analysis": {
            "equal_loudness": 0,
            "length": 32.4963264465,
            "sample_rate": 44100,
            "start_time": 12.7477550507,
            "downmix": "mix"
        },
        "bit_rate": 192000,
        "length": 218.406890869,
        "lossless": 0,
        "number_channels": 2,
        "replay_gain": -7.50475692749,
        "sample_rate": 48000,
        "codec": "mp3",
        "md5_encoded": "bb240bc267a83ce5e95e53645dfa1443"
    },
    "tags": {
        "file_name": "France_Diwanit Bugale_Dan Ar Braz et l_Héritage des Celtes.mp3",
        "encoding": ["Lavf58.29.100"]
    }
},
"lowlevel": {
    "average_loudness": 0.825950205326,
    "barkbands_crest": {
        "max": 25.0857429504,
        "mean": 10.3917474747,
        "min": 3.03375267982,
        "stdev": 4.40942335129
    },
    "barkbands_flatness_db": {
        "max": 0.428982526064,
        "mean": 0.205008223653,
        "min": 0.08204844594,
        "stdev": 0.0698616802692
    },
    "barkbands_kurtosis": {
        "max": 90.6130828857,
        "mean": 5.69437503815,
        "min": -1.91677236557,
        "stdev": 9.52512168884
    },
    "barkbands_skewness": {
        "max": 7.1278090477,
        "mean": 1.47935557365,
        "min": -2.63346481323,
        "stdev": 1.25404667854
    },
    "barkbands_spread": {
        "max": 108.349632263,
        "mean": 14.0213451385,
        "min": 0.599768519402,
        "stdev": 12.1558246613
    },
    "dissonance": {
        "max": 0.500000119209,
        "mean": 0.445953607559,
        "min": 0.24001352489,
        "stdev": 0.043190125376
    },
    "dynamic_complexity": 3.96148014069,
    "erbbands_crest": {
        "max": 28.9861888885,
        "mean": 10.417052269,
        "min": 3.51269841194,
        "stdev": 4.25489044189
    },
    "erbbands_flatness_db": {
        "max": 0.318848341703,
        "mean": 0.21234858036,
        "min": 0.0913891494274,
        "stdev": 0.0348113887012
    },
    "erbbands_kurtosis": {
        "max": 21.7337799072,
        "mean": 1.46595013142,
        "min": -1.83430206776,
        "stdev": 3.10524821281
    },
    "erbbands_skewness": {
        "max": 4.47035360336,
        "mean": 0.578485608101,
        "min": -4.36751890182,
        "stdev": 0.928078472614
    },
    "erbbands_spread": {
        "max": 134.17364502,
        "mean": 28.5711326599,
        "min": 4.95167684555,
        "stdev": 17.7988262177
    },
    "hfc": {
        "max": 136.03503418,
        "mean": 13.6737070084,
        "min": 0.281527280807,
        "stdev": 14.5850982666
    },
    "loudness_ebu128": {
        "integrated": -17.1807155609,
        "loudness_range": 8.44824981689,
        "momentary": {
            "max": -12.6116790771,
            "mean": -18.3767166138,
            "min": -27.027463913,
            "stdev": 3.57208561897
        },
        "short_term": {
            "max": -14.1184148788,
            "mean": -17.8324203491,
            "min": -23.8610744476,
            "stdev": 2.67695188522
        }
    },
    "melbands_crest": {
        "max": 33.1798324585,
        "mean": 14.7506752014,
        "min": 3.49634242058,
        "stdev": 6.52245903015
    },
    "melbands_flatness_db": {
        "max": 0.531833529472,
        "mean": 0.249731987715,
        "min": 0.0763520151377,
        "stdev": 0.107996016741
    },
    "melbands_kurtosis": {
        "max": 115.068740845,
        "mean": 12.0574836731,
        "min": -1.74583804607,
        "stdev": 14.7763662338
    },
    "melbands_skewness": {
        "max": 8.41990947723,
        "mean": 2.19623732567,
        "min": -0.705978751183,
        "stdev": 1.54997813702
    },
    "melbands_spread": {
        "max": 212.908355713,
        "mean": 17.3014774323,
        "min": 0.667787671089,
        "stdev": 16.0653400421
    },
    "pitch_salience": {
        "max": 0.884074985981,
        "mean": 0.561012387276,
        "min": 0.162396356463,
        "stdev": 0.147939771414
    },
    "silence_rate_20dB": {
        "max": 1,
        "mean": 1,
        "min": 1,
        "stdev": 0
    },
    "silence_rate_30dB": {
        "max": 1,
        "mean": 1,
        "min": 1,
        "stdev": 0
    },
    "silence_rate_60dB": {
        "max": 1,
        "mean": 0.0685224831104,
        "min": 0,
        "stdev": 0.25263568759
    },
    "spectral_centroid": {
        "max": 5072.10888672,
        "mean": 1106.29089355,
        "min": 171.531112671,
        "stdev": 727.244628906
    },
    "spectral_complexity": {
        "max": 40,
        "mean": 13.0057106018,
        "min": 1,
        "stdev": 7.39887714386
    },
    "spectral_decrease": {
        "max": -1.87771562188e-10,
        "mean": -5.26257837308e-09,
        "min": -2.65232973362e-08,
        "stdev": 4.28708979427e-09
    },
    "spectral_energy": {
        "max": 0.102561235428,
        "mean": 0.0211024302989,
        "min": 0.000836396182422,
        "stdev": 0.017021374777
    },
    "spectral_energyband_high": {
        "max": 0.0222657565027,
        "mean": 0.000359326921171,
        "min": 5.13348027198e-07,
        "stdev": 0.00114715134259
    },
    "spectral_energyband_low": {
        "max": 0.028220705688,
        "mean": 0.00504788151011,
        "min": 6.92421224358e-07,
        "stdev": 0.00470628915355
    },
    "spectral_energyband_middle_high": {
        "max": 0.051839273423,
        "mean": 0.00416125915945,
        "min": 6.3222960307e-06,
        "stdev": 0.00502581661567
    },
    "spectral_energyband_middle_low": {
        "max": 0.0865975916386,
        "mean": 0.0118469884619,
        "min": 0.000109486085421,
        "stdev": 0.0136743858457
    },
    "spectral_entropy": {
        "max": 8.63297176361,
        "mean": 7.11876058578,
        "min": 5.3928809166,
        "stdev": 0.631841957569
    },
    "spectral_flux": {
        "max": 0.201126500964,
        "mean": 0.0614675059915,
        "min": 0.00831799488515,
        "stdev": 0.0362903028727
    },
    "spectral_kurtosis": {
        "max": 41.4274139404,
        "mean": 6.90378332138,
        "min": -0.997604846954,
        "stdev": 5.36586093903
    },
    "spectral_rms": {
        "max": 0.010002986528,
        "mean": 0.00417118659243,
        "min": 0.00090332509717,
        "stdev": 0.00178575259633
    },
    "spectral_rolloff": {
        "max": 9151.61132812,
        "mean": 1167.52624512,
        "min": 86.1328125,
        "stdev": 1132.37805176
    },
    "spectral_skewness": {
        "max": 5.1967048645,
        "mean": 1.90663480759,
        "min": -0.23913282156,
        "stdev": 0.747603297234
    },
    "spectral_spread": {
        "max": 27773944,
        "mean": 3498644.75,
        "min": 1660923.125,
        "stdev": 1255843
    },
    "spectral_strongpeak": {
        "max": 12.3844594955,
        "mean": 0.903845608234,
        "min": 0,
        "stdev": 1.01054942608
    },
    "zerocrossingrate": {
        "max": 0.27392578125,
        "mean": 0.045858707279,
        "min": 0.00244140625,
        "stdev": 0.0339147634804
    },
    "barkbands": {
        "max": [0.00966137833893, 0.0191458221525, 0.00285379285924, 0.0210038963705, 0.0831232443452, 0.0484799146652, 0.030783880502, 0.0237152464688, 0.0287222024053, 0.0317678414285, 0.00770430359989, 0.0180191844702, 0.0105491047725, 0.0198194328696, 0.00533415097743, 0.0143123110756, 0.0248376708478, 0.0112714963034, 0.00469494145364, 0.00306026637554, 0.00393176451325, 0.0146003263071, 0.0043942690827, 0.00406546937302, 0.00152015604544, 0.000138589224662, 9.20599575238e-07],
        "mean": [0.00098103901837, 0.00357356970198, 0.000260947883362, 0.000733249529731, 0.00487583596259, 0.00316603505053, 0.000743294192944, 0.00114094559103, 0.00101144961081, 0.00084423966473, 0.00026301946491, 0.00055386783788, 0.000334214972099, 0.000408408173826, 0.000355176598532, 0.000472351530334, 0.000540810811799, 0.000325702683767, 0.000126349405036, 0.000103476013464, 7.26975122234e-05, 7.17348666512e-05, 8.13926017145e-05, 4.59651782876e-05, 1.46961456267e-05, 1.9714229893e-06, 2.41135422741e-09],
        "min": [4.39133840402e-09, 8.75831105418e-08, 8.10476805668e-08, 1.98432928755e-07, 1.77954166247e-06, 1.17514457543e-06, 4.03027343054e-06, 1.0049679986e-06, 1.27161843011e-06, 4.49237177236e-07, 2.45096742901e-07, 1.63507266393e-07, 1.58777467618e-07, 1.70186936543e-07, 2.65057394699e-07, 1.23398706364e-07, 1.41298414746e-07, 9.8132844073e-08, 9.77010188308e-08, 7.72316610664e-08, 8.84204851559e-08, 7.42701686818e-08, 6.37172021811e-08, 6.60431922483e-08, 5.02621979592e-08, 2.9106984184e-11, 2.56654471981e-11],
        "stdev": [0.00140746869147, 0.00369308982044, 0.000318269158015, 0.0016185278073, 0.00774040771648, 0.00616103922948, 0.00196458096616, 0.00266678491607, 0.00266466382891, 0.00215988932177, 0.000632312090602, 0.00133787409868, 0.000850213284139, 0.00105482910294, 0.000599144026637, 0.000996371731162, 0.00166012486443, 0.000874367309734, 0.000276310776826, 0.000253389385762, 0.000186927543837, 0.000503717688844, 0.000261046952801, 0.00025430941605, 8.15842286102e-05, 6.17967543803e-06, 3.48785107462e-08]
    },
    "erbbands": {
        "max": [1.24341320992, 4.80626678467, 3.20061635971, 31.0428829193, 260.3515625, 459.025939941, 586.254943848, 454.642089844, 804.403991699, 532.809326172, 677.532043457, 887.607543945, 1226.67626953, 927.825805664, 449.416656494, 914.079223633, 401.928253174, 1124.9017334, 312.064727783, 476.277313232, 762.39276123, 1149.22412109, 430.143798828, 301.271179199, 93.9858322144, 100.102973938, 108.624099731, 209.596298218, 521.84564209, 329.784576416, 139.501907349, 75.8401947021, 93.2488632202, 29.4496746063, 6.6413230896, 1.13640058041, 0.180979073048, 0.00646957103163, 0.000342396087945, 0.000112968074973],
        "mean": [0.153245836496, 0.585696518421, 0.490447700024, 1.60810828209, 9.05467796326, 14.8152103424, 35.2310791016, 15.8083162308, 13.2154321671, 9.45451927185, 31.9568443298, 22.9828662872, 21.595407486, 28.412322998, 13.4393815994, 21.9309463501, 14.4388017654, 23.6523323059, 17.9766864777, 22.7699565887, 29.7259101868, 23.0858802795, 17.346031189, 12.4945926666, 4.40929746628, 4.54118871689, 4.84419059753, 2.00843644142, 2.58283257484, 2.70455002785, 2.25103330612, 0.874388337135, 0.853233993053, 0.251103520393, 0.0703762546182, 0.0170846562833, 0.00205183262005, 6.31872317172e-05, 1.49132038132e-05, 2.52839017776e-05],
        "min": [2.55215900324e-06, 1.29262971313e-05, 9.75720395218e-05, 0.000422023207648, 0.00146778638009, 0.00669508241117, 0.0104910722002, 0.0128980120644, 0.0531557500362, 0.0843416899443, 0.0490501634777, 0.0351622253656, 0.0330344289541, 0.0211167857051, 0.02105663158, 0.0115058925003, 0.0107934279367, 0.0103008560836, 0.00943577196449, 0.012425926514, 0.0101217031479, 0.00858636945486, 0.00556182349101, 0.0043689487502, 0.00530196446925, 0.00380168808624, 0.00336765055545, 0.00312182982452, 0.0029982838314, 0.00216690008529, 0.0015864346642, 0.00143262720667, 0.00100188108627, 0.000683874241076, 0.000256314611761, 1.67502766999e-05, 2.64140521722e-06, 2.49354712878e-07, 7.33415959076e-07, 1.15994669159e-06],
        "stdev": [0.177894070745, 0.826892137527, 0.591482102871, 2.72797870636, 19.3439865112, 31.2974491119, 75.3996505737, 35.9095458984, 38.9028892517, 30.1345996857, 73.4490966797, 56.9265518188, 69.7835083008, 68.0525588989, 29.2890510559, 49.6580429077, 31.2977428436, 64.0339202881, 28.0518741608, 43.2372322083, 61.3519477844, 63.3007774353, 45.476348877, 27.0334529877, 7.31528377533, 8.99787807465, 11.8935804367, 8.58688354492, 18.4230976105, 12.765504837, 7.47307825089, 3.68071556091, 5.64610862732, 1.50486958027, 0.348507851362, 0.055329054594, 0.00809736736119, 0.000277501560049, 1.89997263078e-05, 2.00976646738e-05]
    },
    "gfcc": {
        "mean": [-67.3814849854, 121.99811554, -135.498062134, 38.6946983337, -64.0855560303, 12.0815849304, -41.4472122192, 4.72311306, -11.1813335419, -9.17534923553, -1.9586032629, -7.3008441925, 6.45935297012],
        "cov": [[5234.6796875, -1493.65185547, -1714.09997559, -11.8416614532, -722.205383301, -8.8145942688, -277.368560791, 143.019714355, -137.131515503, -215.254043579, -88.9766311646, 94.7955932617, -127.480895996], [-1493.65185547, 2973.66162109, 1997.11694336, 743.378845215, 527.276489258, -301.196838379, 436.98916626, -278.836090088, 282.777832031, -329.233001709, 589.909912109, -211.110015869, 284.671783447], [-1714.09997559, 1997.11694336, 2358.71630859, 832.473144531, 341.634002686, -163.671798706, 249.817276001, -185.169021606, 214.834838867, -119.969017029, 285.612701416, -65.5599441528, 147.30166626], [-11.8416614532, 743.378845215, 832.473144531, 903.303222656, 192.941986084, -217.517700195, 13.9415569305, -54.4441795349, 256.021575928, -131.630203247, 142.570831299, -16.3828868866, 130.09967041], [-722.205383301, 527.276489258, 341.634002686, 192.941986084, 318.398956299, -58.6203727722, 69.9798660278, -43.5984840393, 80.097328186, -7.24912691116, 60.1924209595, -17.6266651154, 66.3133544922], [-8.8145942688, -301.196838379, -163.671798706, -217.517700195, -58.6203727722, 249.458816528, 28.1105518341, -12.476691246, -113.725990295, 70.6212463379, -60.2843513489, -14.2525568008, -82.065612793], [-277.368560791, 436.98916626, 249.817276001, 13.9415569305, 69.9798660278, 28.1105518341, 191.728744507, -29.5523986816, -9.90291213989, -35.9560127258, 116.596908569, -31.785697937, 29.1809215546], [143.019714355, -278.836090088, -185.169021606, -54.4441795349, -43.5984840393, -12.476691246, -29.5523986816, 130.070632935, 30.113155365, 19.126707077, -71.9138870239, 33.2936134338, 0.947156608105], [-137.131515503, 282.777832031, 214.834838867, 256.021575928, 80.097328186, -113.725990295, -9.90291213989, 30.113155365, 211.496536255, -39.7249488831, 40.8363876343, -15.8317108154, 75.8768310547], [-215.254043579, -329.233001709, -119.969017029, -131.630203247, -7.24912691116, 70.6212463379, -35.9560127258, 19.126707077, -39.7249488831, 162.542526245, -78.3186798096, 19.8277645111, -51.6294403076], [-88.9766311646, 589.909912109, 285.612701416, 142.570831299, 60.1924209595, -60.2843513489, 116.596908569, -71.9138870239, 40.8363876343, -78.3186798096, 237.957748413, -37.0292282104, 75.2240447998], [94.7955932617, -211.110015869, -65.5599441528, -16.3828868866, -17.6266651154, -14.2525568008, -31.785697937, 33.2936134338, -15.8317108154, 19.8277645111, -37.0292282104, 107.711128235, -1.45733392239], [-127.480895996, 284.671783447, 147.30166626, 130.09967041, 66.3133544922, -82.065612793, 29.1809215546, 0.947156608105, 75.8768310547, -51.6294403076, 75.2240447998, -1.45733392239, 117.61782074]],
        "icov": [[0.000566749542486, -0.000497456640005, 0.000764386553783, -0.000882718712091, 0.00134261127096, -0.000281066284515, 0.000353579758666, -0.00042796874186, 0.000548718613572, 0.000327025249135, 8.66713016876e-05, -0.000666280044243, 0.000525894633029], [-0.000497456640005, 0.00554199283943, -0.00340865855105, 0.00271015730686, -0.00460720062256, 0.00277189188637, -0.00321496115066, 0.00319783901796, -0.00255485950038, 0.00418049003929, -0.00411613006145, 0.00473662046716, -0.00120344304014], [0.000764386553783, -0.00340865855105, 0.00334884063341, -0.00289618573152, 0.00352948810905, -0.00160261732526, 0.000958153512329, -0.00123346538749, 0.00165121187456, -0.00223054224625, 0.00244299112819, -0.00321810226887, 0.00110545486677], [-0.000882718712091, 0.00271015730686, -0.00289618573152, 0.00480897957459, -0.00385549315251, 0.00179246335756, -0.000550630502403, 0.00226655346341, -0.0036735557951, 0.00228955526836, -0.00205553439446, 0.00211955513805, -0.000949827430304], [0.00134261127096, -0.00460720062256, 0.00352948810905, -0.00385549315251, 0.0102805607021, -0.00172484479845, 0.000580742023885, -0.000886553549208, 0.00166016211733, -0.00368165434338, 0.00428570387885, -0.0043573314324, -0.000168234313605], [-0.000281066284515, 0.00277189188637, -0.00160261732526, 0.00179246335756, -0.00172484479845, 0.00864114519209, -0.00430833268911, 0.00278956745751, 0.000178802205482, 0.00025535855093, -0.000357254815754, 0.00357927847654, 0.00132859835867], [0.000353579758666, -0.00321496115066, 0.000958153512329, -0.000550630502403, 0.000580742023885, -0.00430833268911, 0.0130710396916, -0.00543761719018, 0.00318334274925, -0.000723548757378, -0.00326513662003, -0.00156135985162, 0.000738612143323], [-0.00042796874186, 0.00319783901796, -0.00123346538749, 0.00226655346341, -0.000886553549208, 0.00278956745751, -0.00543761719018, 0.0156889893115, -0.00598021410406, 0.00156026065815, 0.00272487988696, -0.000257784035057, -0.00270012812689], [0.000548718613572, -0.00255485950038, 0.00165121187456, -0.0036735557951, 0.00166016211733, 0.000178802205482, 0.00318334274925, -0.00598021410406, 0.0119100082666, -0.0021127150394, 0.000991341425106, 0.00049215805484, -0.00201775459573], [0.000327025249135, 0.00418049003929, -0.00223054224625, 0.00228955526836, -0.00368165434338, 0.00025535855093, -0.000723548757378, 0.00156026065815, -0.0021127150394, 0.013162500225, -0.00267465272918, 0.00200314330868, 0.00179433054291], [8.66713016876e-05, -0.00411613006145, 0.00244299112819, -0.00205553439446, 0.00428570387885, -0.000357254815754, -0.00326513662003, 0.00272487988696, 0.000991341425106, -0.00267465272918, 0.0134529024363, -0.00289963604882, -0.00306054297835], [-0.000666280044243, 0.00473662046716, -0.00321810226887, 0.00211955513805, -0.0043573314324, 0.00357927847654, -0.00156135985162, -0.000257784035057, 0.00049215805484, 0.00200314330868, -0.00289963604882, 0.0155694792047, -0.00254774861969], [0.000525894633029, -0.00120344304014, 0.00110545486677, -0.000949827430304, -0.000168234313605, 0.00132859835867, 0.000738612143323, -0.00270012812689, -0.00201775459573, 0.00179433054291, -0.00306054297835, -0.00254774861969, 0.0165265072137]]
    },
    "melbands": {
        "max": [0.0082670012489, 0.00345101347193, 0.0123410401866, 0.0153564466164, 0.0155047625303, 0.0115951905027, 0.0107047082856, 0.00483306357637, 0.00553432106972, 0.00566247478127, 0.00598498107865, 0.00391605729237, 0.00105986883864, 0.00245676422492, 0.00142124528065, 0.00131485518068, 0.00191593228374, 0.000539068540093, 0.000423720106483, 0.00143905251753, 0.00130694778636, 0.0016707215691, 0.000637346529402, 0.000577620463446, 0.000268680247245, 0.000125074308016, 3.53590985469e-05, 9.07307330635e-05, 0.000108567852294, 0.000101245088445, 0.000142785080243, 0.000350870017428, 0.000233789498452, 0.000144432284287, 0.00010138151265, 8.31048673717e-05, 3.23307176586e-05, 8.42252775328e-05, 4.94696396345e-05, 1.88142385014e-05],
        "mean": [0.00122061604634, 0.000443573779194, 0.00047027648543, 0.000890114926733, 0.0010824915953, 0.000411139219068, 0.000188531441381, 0.000110803790449, 0.000260248634731, 0.000139856856549, 0.000107049636426, 0.000119517120766, 3.99375676352e-05, 6.26906330581e-05, 3.75526469725e-05, 3.84942213714e-05, 4.25593170803e-05, 2.75325674011e-05, 2.69127358479e-05, 3.22188461723e-05, 3.89991182601e-05, 2.67335472017e-05, 1.66320478456e-05, 1.74789838638e-05, 9.39134315558e-06, 3.77511378247e-06, 2.30704677051e-06, 3.23908398059e-06, 3.75433273803e-06, 1.5529326447e-06, 1.03038792076e-06, 1.4550795413e-06, 1.42911449075e-06, 1.56946282459e-06, 1.5246142766e-06, 6.86747966938e-07, 4.60566297988e-07, 6.63421246827e-07, 3.9915863681e-07, 1.5365755246e-07],
        "min": [3.77841331556e-08, 6.15426429817e-08, 1.26839623249e-07, 3.8445588757e-07, 3.38531265243e-07, 2.94760525321e-07, 9.72709926828e-07, 6.94315474448e-07, 2.55242412095e-07, 2.04115906399e-07, 1.01728211632e-07, 6.81470311292e-08, 4.69262317893e-08, 2.40101716287e-08, 2.59657397805e-08, 1.6346373144e-08, 1.59020068224e-08, 1.18645839819e-08, 1.82772748047e-08, 1.28710109237e-08, 1.04034167947e-08, 7.16642478693e-09, 5.21478948912e-09, 4.88543827615e-09, 2.87388157716e-09, 3.0102882409e-09, 2.54382359621e-09, 2.09461092915e-09, 1.77214531938e-09, 1.98763538961e-09, 1.13237796917e-09, 1.56088153513e-09, 1.10614817306e-09, 1.10261755282e-09, 8.73953243108e-10, 6.82411460673e-10, 6.05116456942e-10, 6.56992071857e-10, 4.39910247119e-10, 4.5622569611e-10],
        "stdev": [0.00124807516113, 0.000597020843998, 0.000934105541091, 0.00162939704023, 0.00216292426921, 0.00086871458916, 0.000537822605111, 0.000304558052449, 0.000589757459238, 0.000379678531317, 0.000347951689037, 0.000294347060844, 8.86893540155e-05, 0.000160844094353, 9.64039136306e-05, 9.7676020232e-05, 0.000113528170914, 4.51740233984e-05, 4.68818907393e-05, 8.06749885669e-05, 9.3980517704e-05, 7.84353760537e-05, 5.41829467693e-05, 4.87347533635e-05, 2.08617511817e-05, 8.53935853229e-06, 3.42449902746e-06, 7.36407537261e-06, 1.05111084849e-05, 3.99524924433e-06, 5.6806311477e-06, 1.14912509162e-05, 9.15485634323e-06, 6.25908569418e-06, 5.02788270751e-06, 3.03207707475e-06, 1.8088711613e-06, 4.4668386181e-06, 2.77090566669e-06, 8.49567300065e-07]
    },
    "melbands128": {
        "max": [0.00856537744403, 0.0135742826387, 0.00749311549589, 0.00849409028888, 0.00286901998334, 0.00190962920897, 0.00477532856166, 0.0155080175027, 0.0356227979064, 0.0231859665364, 0.0344446673989, 0.0278332885355, 0.0291784182191, 0.0155176687986, 0.0112316422164, 0.0241764523089, 0.0250668823719, 0.0035447650589, 0.00726346345618, 0.0099377669394, 0.00316265365109, 0.00695640686899, 0.0101881073788, 0.00693517969921, 0.00879853311926, 0.00607782136649, 0.012521898374, 0.0117572173476, 0.00297001074068, 0.00545841921121, 0.00550265796483, 0.00193924375344, 0.001664764015, 0.00214908784255, 0.00552024133503, 0.00238872086629, 0.00562373921275, 0.00193566316739, 0.00245027034543, 0.00102513993625, 0.00189874856733, 0.00564714334905, 0.00257242145017, 0.000922133156564, 0.000633708375972, 0.00123582547531, 0.000763469259255, 0.000642938481178, 0.000740110408515, 0.00173153879587, 0.00310823670588, 0.00126639835071, 0.0010847345693, 0.0034407551866, 0.00388508313335, 0.0017081372207, 0.0008633210673, 0.00126755249221, 0.00122892251238, 0.000427471968578, 0.00104074028786, 0.000803017464932, 0.000575569574721, 0.000633685151115, 0.00040091961273, 0.00015740870731, 5.83877481404e-05, 6.07416477578e-05, 5.16663349117e-05, 6.03057087574e-05, 6.65377447149e-05, 0.000208237062907, 0.000343946943758, 0.000115669325169, 9.35773859965e-05, 0.000158591996296, 7.57432135288e-05, 5.58210122108e-05, 0.000186440069228, 0.000212124316022, 0.000366867228877, 0.000507644203026, 0.000197454515728, 0.000260647095274, 0.000359492900316, 0.000109497312224, 0.000107402156573, 0.000114128029963, 0.00014487952285, 7.03324622009e-05, 6.32841547485e-05, 0.000140401170938, 7.08901134203e-05, 3.40571496054e-05, 1.90836781258e-05, 0.000113885325845, 0.000107005740574, 9.8100019386e-05, 5.21041692991e-05, 3.67329957953e-05, 1.64383418451e-05, 2.3082460757e-05, 1.25709975691e-05, 8.20232344267e-06, 8.13270889921e-06, 7.36377523936e-06, 2.89265312858e-06, 2.20940432882e-06, 1.32918012241e-06, 1.60473700817e-06, 1.017290856e-06, 5.67945676266e-07, 6.50932349799e-07, 1.41136240472e-07, 1.6000011982e-08, 1.79007617618e-08, 4.44287540091e-09, 4.29112789746e-09, 4.17240952899e-09, 4.0714760452e-09, 3.97084898296e-09, 3.89348642216e-09, 3.8212459863e-09, 3.75199649127e-09, 3.69935282407e-09, 3.65909502698e-09, 3.62948227028e-09, 3.61043750452e-09],
        "mean": [0.000897882506251, 0.00146632117685, 0.00126354931854, 0.000934539129958, 0.000329347763909, 0.000138940624311, 0.000272177538136, 0.000396188086597, 0.00103716971353, 0.00100855284836, 0.000694412214216, 0.00093629246112, 0.00159624300431, 0.000745690253098, 0.000242509879172, 0.000324767956045, 0.000285084970528, 0.000142283810419, 9.45678402786e-05, 0.000100256533187, 7.14844136382e-05, 0.000262830988504, 0.000367950589862, 0.000146393300383, 0.000133511508466, 0.00013105769176, 0.000156714275363, 8.27017793199e-05, 7.15868081897e-05, 0.000180017086677, 0.00011595167598, 4.70830163977e-05, 3.33394127665e-05, 2.69546271738e-05, 6.7205481173e-05, 6.99010415701e-05, 6.85984196025e-05, 3.08663111355e-05, 2.51115034189e-05, 2.29019169637e-05, 3.65683481505e-05, 7.115520566e-05, 4.70905251859e-05, 2.70472773991e-05, 2.41387915594e-05, 2.97867009067e-05, 2.91754240607e-05, 2.34063263633e-05, 2.60573851847e-05, 3.53318391717e-05, 3.83723636332e-05, 2.22460821533e-05, 2.49338409049e-05, 5.73780234845e-05, 4.94892519782e-05, 1.42645885717e-05, 1.50416071847e-05, 2.60454617091e-05, 1.21459397633e-05, 8.90321734914e-06, 2.32082584262e-05, 1.99012392841e-05, 8.73387489264e-06, 8.65646961756e-06, 5.9263197727e-06, 3.00368878925e-06, 3.11279040943e-06, 2.09780387195e-06, 1.93714595298e-06, 2.78954848909e-06, 2.63837728198e-06, 3.29656381837e-06, 5.83474184168e-06, 3.23248082168e-06, 2.5512611046e-06, 1.81159441581e-06, 9.71379790826e-07, 8.83442567101e-07, 1.10132987174e-06, 1.08482504402e-06, 1.34697552312e-06, 1.72440059032e-06, 1.43811132602e-06, 1.36812911933e-06, 1.45875708313e-06, 1.41960629207e-06, 1.6238243461e-06, 1.83494114481e-06, 1.7029931314e-06, 1.21101754758e-06, 7.45167767491e-07, 5.96653762841e-07, 4.48380092166e-07, 4.19562553589e-07, 4.44252862053e-07, 6.65760239826e-07, 7.3555236213e-07, 6.5626761625e-07, 4.24594958304e-07, 2.73624209512e-07, 1.5946349663e-07, 1.45376233718e-07, 1.24176878558e-07, 9.65710498235e-08, 7.40070902339e-08, 6.1637052795e-08, 3.88251315542e-08, 3.04468308343e-08, 2.72022351311e-08, 2.42273756612e-08, 1.91919973247e-08, 6.63557653269e-09, 2.89863621994e-09, 5.52806855847e-10, 1.18667964344e-10, 9.55440726536e-11, 2.83453833322e-11, 9.53027847611e-12, 9.27322454936e-12, 9.03913055517e-12, 8.8124464323e-12, 8.64035839404e-12, 8.47907768303e-12, 8.32448606575e-12, 8.16714577911e-12, 8.00289435415e-12, 7.89716035621e-12, 7.84979026225e-12],
        "min": [5.0676129959e-10, 1.01864072732e-08, 3.45265638302e-09, 3.95116295238e-09, 9.65231805594e-09, 3.55542724151e-08, 1.41443186052e-08, 5.20317051667e-08, 7.07467862071e-08, 1.72365261619e-07, 1.09101108592e-07, 2.29701129228e-08, 8.97298448876e-08, 4.33293187996e-08, 2.19908997678e-07, 4.61079743275e-08, 3.36338132456e-07, 3.24205842617e-07, 1.48405248979e-07, 1.33249173473e-07, 1.72354006622e-08, 1.12071177227e-07, 1.5765138528e-07, 4.90926872487e-08, 2.54961189938e-08, 2.90384871704e-08, 3.17534585292e-08, 2.57873580267e-08, 3.70809871697e-08, 2.27172805012e-08, 1.30831550038e-08, 4.79727191305e-09, 2.02963317264e-08, 1.04328314876e-08, 7.5264914301e-09, 5.33602939612e-09, 9.3097174414e-09, 6.93031321219e-09, 6.79637102152e-09, 7.45960626602e-09, 7.09818159805e-09, 9.63295843093e-09, 8.73382077771e-09, 6.50299236682e-09, 5.76462477753e-09, 6.26573681828e-09, 9.26330390172e-09, 8.37179570112e-09, 4.86974149894e-09, 4.7426382821e-09, 4.44056524884e-09, 9.80944570017e-09, 3.69150487955e-09, 5.92670890143e-09, 5.01737318359e-09, 2.44337994282e-09, 3.54958329396e-09, 3.26573301734e-09, 2.49677301056e-09, 7.80417175328e-10, 2.3784514358e-09, 2.7204858366e-09, 2.27635421624e-09, 1.37121891619e-09, 1.08720876746e-09, 9.78996883561e-10, 1.85707105249e-09, 1.40940947801e-09, 1.69197134081e-09, 1.32193633817e-09, 1.49003276384e-09, 1.59872992622e-09, 1.53119550372e-09, 1.02174424477e-09, 1.35337430152e-09, 8.29732782481e-10, 7.7503603535e-10, 1.53978843564e-10, 1.6521269075e-10, 2.41684700031e-10, 1.67145269847e-10, 5.55494483745e-10, 8.85295226016e-10, 5.31504007473e-10, 6.45969000512e-10, 4.37785613316e-10, 6.93805346508e-10, 6.50844822481e-10, 5.33789124013e-10, 4.1380507354e-10, 2.7717525497e-10, 3.79213271895e-10, 4.74981609599e-10, 2.38229769245e-10, 2.96138696898e-10, 2.56618171157e-10, 1.24159751924e-10, 6.39296671157e-11, 2.96651259113e-10, 5.32053290314e-11, 6.39592892537e-11, 2.76899995988e-11, 3.1637453074e-12, 4.44402804486e-12, 8.71817700497e-13, 3.39832654205e-12, 1.27224012575e-12, 4.84520355695e-13, 1.23666701879e-13, 4.72400032503e-14, 1.08248289889e-13, 9.21158087959e-14, 9.71077669773e-14, 9.64271522873e-14, 9.36785371497e-14, 1.04855428268e-13, 1.08053729809e-13, 8.48883883651e-14, 9.09230576571e-14, 9.71485668603e-14, 9.4267712939e-14, 8.89576362876e-14, 8.25253968352e-14, 9.5778846822e-14, 6.70391747757e-14, 2.6803563099e-14, 3.3120578542e-15, 9.3124198502e-17],
        "stdev": [0.00128902879078, 0.00199762103148, 0.00142151210457, 0.00145158008672, 0.000496577122249, 0.000194955908228, 0.000500825524796, 0.00110128847882, 0.00251393695362, 0.00211681285873, 0.00218588695861, 0.00214115390554, 0.00376020767726, 0.0016470978735, 0.000772014784161, 0.00143195677083, 0.00115583767183, 0.000378456345061, 0.000354969175532, 0.000530380872078, 0.000193720930838, 0.000728035403881, 0.000992196961306, 0.000457455986179, 0.000537319341674, 0.000487526471261, 0.000727561826352, 0.000486894452479, 0.000214042433072, 0.000502769718878, 0.00035112639307, 0.000152322594658, 0.00011054573406, 9.20993188629e-05, 0.000300923304167, 0.000178696936928, 0.000230628167628, 0.000107788255264, 9.7907592135e-05, 6.51870068396e-05, 0.000108864122012, 0.000304235465592, 0.000168692029547, 6.82616155245e-05, 5.2297647926e-05, 6.68302891427e-05, 6.21877406957e-05, 5.53394456801e-05, 6.43119274173e-05, 9.87822495517e-05, 0.000140324540553, 6.62430247758e-05, 6.89471853548e-05, 0.000209056102904, 0.000161438263603, 7.28538434487e-05, 5.65254922549e-05, 0.000113946814963, 5.55808474019e-05, 2.31239700952e-05, 7.74516229285e-05, 7.26265934645e-05, 2.81635147985e-05, 2.89189483738e-05, 2.36779196712e-05, 7.7453760241e-06, 4.83755457026e-06, 4.69761425848e-06, 3.70887937606e-06, 5.51289213035e-06, 5.33600450581e-06, 9.46431828197e-06, 2.5176710551e-05, 9.3895032478e-06, 6.9737980084e-06, 5.91153184359e-06, 2.89029526357e-06, 2.82053611045e-06, 7.7136201071e-06, 7.28190980226e-06, 1.14428412417e-05, 1.56827190949e-05, 9.13887197385e-06, 9.89743239188e-06, 1.10095852506e-05, 6.34729713056e-06, 5.5070986491e-06, 6.37800030745e-06, 6.30653403277e-06, 4.30302452514e-06, 2.56214320871e-06, 4.21717777499e-06, 2.62587150246e-06, 1.69175621068e-06, 1.18971536267e-06, 4.2783049139e-06, 5.66399194213e-06, 5.09145729666e-06, 3.01608906739e-06, 1.99744408746e-06, 8.82384540546e-07, 8.74673048656e-07, 5.98239125793e-07, 4.55921139064e-07, 4.22094359465e-07, 3.58149719659e-07, 1.42607348153e-07, 9.50203826733e-08, 7.28377074211e-08, 8.57781756736e-08, 6.02877392453e-08, 3.1023304814e-08, 2.88670189974e-08, 6.03630345708e-09, 9.10506448015e-10, 6.88014423211e-10, 2.42554892838e-10, 1.61890223449e-10, 1.57437396453e-10, 1.5362386363e-10, 1.49799339599e-10, 1.46918019417e-10, 1.44195225205e-10, 1.41554004629e-10, 1.39563235968e-10, 1.38073857903e-10, 1.36943303919e-10, 1.36226488423e-10]
    },
    "mfcc": {
        "mean": [-698.803955078, 136.790328979, -4.90404605865, 21.2967681885, 6.49016189575, 1.36283016205, -8.03006744385, 4.54187726974, -4.41910648346, 4.97254514694, -7.82075452805, 1.27586746216, -0.40535825491],
        "cov": [[6691.58300781, -2305.75708008, -1576.28967285, -690.792663574, -535.846496582, -473.374969482, -341.455841064, 155.158309937, -335.823669434, 139.014190674, -300.143737793, -67.9267654419, -279.291107178], [-2305.75708008, 2409.56738281, 1381.59191895, 781.10333252, 342.684448242, 193.859939575, 360.181274414, 78.3466796875, -130.36869812, 79.6235733032, -21.018497467, 84.5203475952, 165.189422607], [-1576.28967285, 1381.59191895, 1868.20178223, 969.075195312, 356.030151367, 212.922409058, 121.461921692, 106.617095947, -48.5965805054, 11.6992750168, 41.9086112976, 76.9276733398, 81.8625411987], [-690.792663574, 781.10333252, 969.075195312, 1122.20385742, 422.130279541, 54.8861999512, -66.9201583862, 106.012390137, 25.9706306458, 10.7251396179, -22.6220321655, 114.893203735, 76.5390319824], [-535.846496582, 342.684448242, 356.030151367, 422.130279541, 290.907470703, 54.5065803528, -53.0536117554, 17.0375118256, 62.4766349792, 1.22659766674, -1.34294593334, 50.7831916809, 29.7960605621], [-473.374969482, 193.859939575, 212.922409058, 54.8861999512, 54.5065803528, 223.29838562, 95.8092498779, -26.6946849823, -7.28404283524, -19.4633255005, 74.5644989014, -22.0453186035, 17.3463897705], [-341.455841064, 360.181274414, 121.461921692, -66.9201583862, -53.0536117554, 95.8092498779, 259.798339844, 3.88260698318, -86.5347595215, 11.1308794022, 14.5379171371, -17.5409965515, 35.4574623108], [155.158309937, 78.3466796875, 106.617095947, 106.012390137, 17.0375118256, -26.6946849823, 3.88260698318, 128.160217285, -6.67284822464, 8.5827960968, -36.2804870605, 13.6239748001, 23.6745281219], [-335.823669434, -130.36869812, -48.5965805054, 25.9706306458, 62.4766349792, -7.28404283524, -86.5347595215, -6.67284822464, 192.624435425, -15.0949373245, 26.2867774963, 11.3723754883, 0.085161074996], [139.014190674, 79.6235733032, 11.6992750168, 10.7251396179, 1.22659766674, -19.4633255005, 11.1308794022, 8.5827960968, -15.0949373245, 106.768814087, 2.30106925964, -14.4113464355, -20.5263652802], [-300.143737793, -21.018497467, 41.9086112976, -22.6220321655, -1.34294593334, 74.5644989014, 14.5379171371, -36.2804870605, 26.2867774963, 2.30106925964, 120.503135681, -12.1930456161, -9.37634658813], [-67.9267654419, 84.5203475952, 76.9276733398, 114.893203735, 50.7831916809, -22.0453186035, -17.5409965515, 13.6239748001, 11.3723754883, -14.4113464355, -12.1930456161, 90.7775268555, 34.3810462952], [-279.291107178, 165.189422607, 81.8625411987, 76.5390319824, 29.7960605621, 17.3463897705, 35.4574623108, 23.6745281219, 0.085161074996, -20.5263652802, -9.37634658813, 34.3810462952, 103.589775085]],
        "icov": [[0.000513493432663, 0.000464351760456, 0.000161599426065, -0.000219399968046, 0.00041431246791, -0.000148657010868, 0.000261473935097, -0.000668105785735, 0.00107075471897, -0.000805639021564, 0.000920008751564, -0.000433277135016, 0.000713838322554], [0.000464351760456, 0.00160954310559, -0.000474030326586, -0.000207161036087, -0.000544686918147, 0.000199770060135, -0.00125488766935, -0.000229669982218, 0.00116291746963, -0.00150781252887, 0.00122575345449, -0.000482772709802, -0.000210347730899], [0.000161599426065, -0.000474030326586, 0.00156865885947, -0.00107677071355, 0.000601701904088, -0.000832851044834, 0.000332990981406, -0.000775026099291, 0.000449586892501, 0.000158112001373, -0.000229738594498, -0.00014031806495, 0.000833827303723], [-0.000219399968046, -0.000207161036087, -0.00107677071355, 0.0033399858512, -0.00350047904067, 0.000596948317252, 0.000610633520409, -0.000827735057101, 0.000286235823296, 0.000181636583875, -0.00051112001529, -0.000728584185708, -0.000759693037253], [0.00041431246791, -0.000544686918147, 0.000601701904088, -0.00350047904067, 0.0108272125944, -0.00325745646842, 0.0025738759432, 0.00069994473597, -0.00180145469494, -0.0012334077619, 0.00242709740996, -0.00175887427758, 0.00104725465644], [-0.000148657010868, 0.000199770060135, -0.000832851044834, 0.000596948317252, -0.00325745646842, 0.00924859195948, -0.00344162085094, 0.00109884387348, 0.000146966558532, 0.0023819191847, -0.00480653019622, 0.00304524414241, -0.00116101757158], [0.000261473935097, -0.00125488766935, 0.000332990981406, 0.000610633520409, 0.0025738759432, -0.00344162085094, 0.00865115225315, -0.00110582076013, 0.00234525511041, -0.00085353088798, 0.000631817616522, -0.000110719418444, -0.000957854092121], [-0.000668105785735, -0.000229669982218, -0.000775026099291, -0.000827735057101, 0.00069994473597, 0.00109884387348, -0.00110582076013, 0.0110183525831, -0.00197310606018, -0.000115076640213, 0.00149033952039, 0.000970530556515, -0.00294436956756], [0.00107075471897, 0.00116291746963, 0.000449586892501, 0.000286235823296, -0.00180145469494, 0.000146966558532, 0.00234525511041, -0.00197310606018, 0.00950966309756, -0.00101797759999, -0.000313180644298, -0.000877288694028, 0.000660691759549], [-0.000805639021564, -0.00150781252887, 0.000158112001373, 0.000181636583875, -0.0012334077619, 0.0023819191847, -0.00085353088798, -0.000115076640213, -0.00101797759999, 0.0126380845904, -0.00333886570297, 0.00264818221331, 0.00157148274593], [0.000920008751564, 0.00122575345449, -0.000229738594498, -0.00051112001529, 0.00242709740996, -0.00480653019622, 0.000631817616522, 0.00149033952039, -0.000313180644298, -0.00333886570297, 0.0142808947712, -0.00147556012962, 0.00175591127481], [-0.000433277135016, -0.000482772709802, -0.00014031806495, -0.000728584185708, -0.00175887427758, 0.00304524414241, -0.000110719418444, 0.000970530556515, -0.000877288694028, 0.00264818221331, -0.00147556012962, 0.0158968269825, -0.00482122600079], [0.000713838322554, -0.000210347730899, 0.000833827303723, -0.000759693037253, 0.00104725465644, -0.00116101757158, -0.000957854092121, -0.00294436956756, 0.000660691759549, 0.00157148274593, 0.00175591127481, -0.00482122600079, 0.0147797530517]]
    },
    "spectral_contrast_coeffs": {
        "max": [-0.414365977049, -0.426693439484, -0.480019897223, -0.530570685863, -0.562934219837, -0.618542015553],
        "mean": [-0.688946843147, -0.7344596982, -0.753681600094, -0.790447473526, -0.785344004631, -0.777705013752],
        "min": [-0.912889361382, -0.932948172092, -0.949087560177, -0.922474741936, -0.902471601963, -0.955620229244],
        "stdev": [0.0862999111414, 0.0915061086416, 0.0845655724406, 0.0717872232199, 0.05693327263, 0.0383035540581]
    },
    "spectral_contrast_valleys": {
        "max": [-5.49690437317, -5.14633274078, -5.5173740387, -5.66685247421, -6.21352481842, -7.85417699814],
        "mean": [-7.18865633011, -7.24091959, -7.9487490654, -8.0505027771, -8.20906639099, -11.065908432],
        "min": [-10.3038635254, -9.00859260559, -10.1198673248, -10.4397068024, -10.6546430588, -13.2430181503],
        "stdev": [1.13209486008, 0.589827597141, 0.963269174099, 1.04269194603, 0.988637149334, 1.04363632202]
    }
},
"rhythm": {
    "beats_count": 67,
    "beats_loudness": {
        "max": 0.0676990821958,
        "mean": 0.0228841230273,
        "min": 0.00149426981807,
        "stdev": 0.0164611339569
    },
    "bpm": 117.796180725,
    "bpm_histogram_first_peak_bpm": 117,
    "bpm_histogram_first_peak_weight": 0.360000014305,
    "bpm_histogram_second_peak_bpm": 133,
    "bpm_histogram_second_peak_spread": 0.181818187237,
    "bpm_histogram_second_peak_weight": 0.136363640428,
    "danceability": 0.918484687805,
    "onset_rate": 1.81494128704,
    "beats_loudness_band_ratio": {
        "max": [0.97674882412, 0.720979034901, 0.625720977783, 0.584507524967, 0.633495151997, 0.772569715977],
        "mean": [0.364157348871, 0.275077581406, 0.148274794221, 0.122544884682, 0.125754088163, 0.0326038263738],
        "min": [0.000244403374381, 0.0033148934599, 0.0058312676847, 0.000437160284491, 0.000185456956387, 6.39782228973e-05],
        "stdev": [0.309111595154, 0.206794440746, 0.147009164095, 0.148782730103, 0.16872985661, 0.0936961844563]
    },
    "beats_position": [0.476009070873, 0.96362811327, 1.45124709606, 1.95047616959, 2.4497051239, 2.94893407822, 3.45977306366, 3.97061228752, 4.53950119019, 5.11999988556, 5.6888885498, 6.25777769089, 6.82666635513, 7.40716552734, 7.97605419159, 8.54494285583, 9.05578231812, 9.56662082672, 10.077460289, 10.5882987976, 11.0991382599, 11.6099767685, 12.1208162308, 12.6316547394, 13.1424942017, 13.6417226791, 14.1293420792, 14.6169614792, 15.0697498322, 15.5225391388, 15.9753284454, 16.3816776276, 16.7880268097, 17.1827659607, 17.5775051117, 17.9722442627, 18.3669834137, 18.7617225647, 19.1680717468, 19.574420929, 19.96916008, 20.3522891998, 20.7354183197, 21.1185474396, 21.5132884979, 21.9080276489, 22.3724250793, 22.825214386, 23.2780036926, 23.7307929993, 24.195192337, 24.6479816437, 25.1007709503, 25.553560257, 26.0295696259, 26.5055770874, 27.0396366119, 27.5620861053, 28.0729255676, 28.5721530914, 29.0713825226, 29.5822219849, 30.0930614471, 30.6038990021, 31.1263484955, 31.6487979889, 32.1596374512],
